Run,Gen,F,1,2,3,4,5,6,7,8,9,10
51.0,0.0,1527.83984375,4.017475671941455,1.8761400334357583,0.6120267521715661,4.8566854805024615,2.3405707228152988,1.6399142353313865,0.8212894340417289,1.7038004696470566,-2.300289449927994,-2.0216523985259007
51.0,0.0,1035.718505859375,-4.289822915829662,-2.16866059871501,3.264410892167728,-4.2615276233217045,4.647224266988557,-2.611490688678169,3.0312624949671445,2.3142931682993044,0.7183907545401516,2.004531946129564
51.0,0.0,2275.826904296875,1.037563336391413,0.7637149743932756,3.844994706229576,2.7296672574644827,-2.398356578172635,-2.26200524272794,4.668170655144998,-2.1552215598058644,1.24731332561422,-0.5563350627035932
51.0,0.0,1848.1124267578125,-3.4735869383463536,-4.139782901212936,3.1596329040588937,0.2240669132899029,1.461159100380005,-3.634091680295541,1.3568915120625429,3.283990476712834,1.2589031442421552,-0.1991856132620917
51.0,0.0,2589.00439453125,-3.3154985761566538,0.6285757370995437,2.9133143644024893,2.0556540378325963,4.314168938183927,1.95906514504657,-0.670099976801489,0.0371628924038489,-1.501228974963713,-4.555437290790557
51.0,0.0,6842.01220703125,4.5288226582226105,0.685528885998461,2.535613086388161,2.9445307361088693,-1.1277834819475538,-3.824861611249044,-3.99917730887518,-2.657311162726359,3.693464259530387,0.6714132369744608
51.0,0.0,4265.73583984375,-0.9685764886532696,-0.5154150560404194,3.977507794640488,0.6318701421887498,2.7975193347723586,-4.577748964532291,-4.5003282594732665,2.8727567336396174,0.9972716621788376,-4.808889227198736
51.0,0.0,1797.10986328125,-0.0309723497728722,0.6057354568525817,-4.402869017677347,4.055366939458683,2.9359987567624266,1.72043123571172,-2.9505379552976043,4.082499300044947,3.1633766411076643,4.188790176012754
51.0,0.0,649.6705322265625,-4.56409854508975,2.544405789793686,-0.2047690532412964,-4.156104261080315,-2.6755378206764946,-4.8811391727644295,0.9396264232746478,-0.2761608592031139,-4.090939741689478,4.129391581780501
51.0,0.0,1141.0445556640625,4.063112460678083,-4.6194831944841,-4.445077292587873,-4.363763185040962,-3.218367177193798,4.872111692661944,2.529683889993088,-4.529860115383144,-1.5429207841171255,4.804274806245873
51.0,0.0,1129.2803955078125,-0.6152326025927408,4.618689819338419,-1.725277996450416,0.2404352426407623,2.4470075042067947,1.0082435727769932,2.500520300287869,-2.96906831297188,-0.923631139550488,-4.935551504290759
51.0,0.0,812.5078125,-2.2776550108873064,0.2075467513521269,-3.592489837639308,-1.7534662444261384,1.216084885274559,-3.0567966300173497,-4.417848042873698,1.7074435490508844,-3.620047969604488,4.85039868291706
51.0,0.0,971.558837890625,-0.4636644452709308,-0.0566982653950196,-2.580121713658613,-4.287733858206751,0.0804002708695268,-2.2358708552042685,0.2834017766180983,-2.493590758397014,0.966969721319998,4.2557711436478805
51.0,0.0,775.544677734375,0.0074819957637064,1.741776951068835,-0.4174720649335439,-4.489122299373279,4.230947485495387,4.529927288701778,-0.7684797758473216,-0.839394557556485,-2.2673122815229085,3.0909469190060825
51.0,0.0,420.85198974609375,-1.42460402716291,1.4516879871319253,-1.1047142587949352,-2.811140959700552,0.0147189959266222,2.6160414652776733,0.9909095796022171,2.7502080424242195,-3.5615861880916952,-1.421283420459174
51.0,0.0,1939.915771484375,4.266075131862262,-0.1019536306397679,2.333293473011987,3.970479000491237,-3.5312517602614224,3.835258562410053,0.5402657289754487,2.545068408053238,-0.547543242439728,1.6842261533660574
51.0,0.0,1703.7196044921875,4.597660173532489,-0.0868261044542473,3.732522280160236,1.1771892406606996,-2.368466115677289,1.8277710462435013,0.2821191832937941,2.919692650925461,-2.159052212121097,-4.610537204731316
51.0,0.0,3053.64404296875,1.2959016264663212,4.303134348677446,-0.6262173149072741,3.862846180685221,4.567586913451542,-2.029065607974528,-4.634896493805053,0.6221477421174351,-0.2663907024774312,1.1219555064271525
51.0,0.0,3701.035400390625,3.754801032201305,-0.2327487138451189,-0.8978998907028046,0.6060579520315006,-3.899054098853921,-4.848875511104872,-0.2689059980456356,-0.0396862199116228,4.194721457235291,-4.968220672619791
51.0,0.0,652.9228515625,0.1447320188977787,2.494977900356252,-4.63981429308072,2.265036659863341,3.451642750298344,-0.2733384663788021,3.488112659155844,3.6637526743947344,4.701432663873359,-2.518533935430145
51.0,0.0,1852.093505859375,2.557565838584228,0.8443930761154412,3.5593304936719754,-0.5134258897154691,3.606550899635426,-0.2259512781262049,-0.1303474893432366,3.135341103621359,1.87712510401542,-4.10484178252279
51.0,0.0,2377.502197265625,-3.963228069396784,-0.4097729579316436,2.7920481225886977,-1.986257939157836,1.356235453536673,3.969877741962725,-3.610000095291495,1.5340731944410706,-1.2540665152492556,-3.3171389248632552
51.0,0.0,635.04736328125,-1.83180530405712,-3.221051674237404,-1.8447610683853,-4.026685641747017,-4.326096288614011,4.764921216312189,1.85218660270111,1.2329651412694078,-2.1361860727112747,-4.31902231253598
51.0,0.0,2276.171875,2.9035422751746403,3.5372261163841614,4.330188659377098,-3.624040253258463,2.3182281165403493,2.039248015133293,-3.750800310072396,-2.8039876777666284,-2.3408883723618388,-2.754564163966977
51.0,0.0,1707.823486328125,3.3808952072761738,-0.8228592188207893,-1.511976051297157,-3.002279886012805,2.515857604133039,4.8190271897409325,-2.421184562702461,-0.7186447220026384,2.7971293331760814,1.3946338858053489
51.0,0.0,3038.99072265625,-3.269771175189753,-2.7666851318214025,3.42524005150972,-0.8911216481605164,-0.5647060942221103,2.550262984619059,-2.398332696369496,-4.986597676289719,-3.6737234215233694,3.880461788432079
51.0,0.0,1335.0819091796875,-3.312776886231448,4.87179229807016,0.4161363481293438,-1.9882329664808784,3.99516158921282,-1.0865751002183224,4.900115930626992,0.0118606150860536,1.5714150512286906,-2.401088150926433
51.0,0.0,2682.61279296875,-3.798217344747605,-2.986365479816382,4.346496288214613,4.066843695576853,-3.959062848459447,-2.951472107150741,2.194613184845302,2.915228157493264,1.4573487873456523,4.224740475942012
51.0,0.0,975.3885498046876,-1.672130325928686,3.4977364906928976,3.436114629763697,-3.051852329287933,4.387333020143439,4.964840164988399,1.4739921912782696,3.9979087558211326,-0.0387133509277202,-3.2696065803675065
51.0,0.0,1290.0340576171875,-4.775755155605731,2.641975394387824,-0.3000915142437552,-3.58599393325157,-1.341845567847193,2.1801960386403154,-2.370201559771108,-3.117071207695641,-2.6058940103587536,0.3639771403102081
51.0,0.0,1004.4696044921876,-0.6728410179358679,-3.778395123461501,-3.1980181779019965,1.1576657577650789,-1.3392183494010954,-1.3799453718084207,2.1748384781145624,4.466649695274075,3.972459594924736,3.160486831558936
51.0,0.0,3573.812744140625,0.119305041419321,0.2960481091768363,4.651152148796017,1.4561975741552944,-3.1695383810312663,0.5645365682207331,0.1383932985733604,-3.727245185055875,-0.4540895943111565,-3.39020908155492
51.0,0.0,2151.499755859375,-2.363589309204753,0.5942174634386816,-4.810023275538622,-0.3404025188065294,-0.3883652448315331,-4.919622501378641,1.602636306220912,-3.376956043313541,4.095450566630737,4.666870577458399
51.0,0.0,1510.676025390625,-3.800822890522366,4.869368779395991,-3.8314604624725135,-1.2670131580403332,4.995457177586953,2.302564440581457,-4.61340025770731,2.6044481728756423,-3.486864606681496,-2.386831805614265
51.0,0.0,2426.03955078125,3.348940121234701,4.587578781794349,-3.344978674352592,3.770165057523138,2.870917962627205,-3.003638211005202,1.3907326597688885,-3.447109558514078,3.483190057855353,0.1174347885795343
51.0,0.0,491.1471557617188,1.6804408639210615,1.178040037011411,2.3592811472899147,-4.123111584920466,-1.109978006764254,1.8485574146350645,2.562502256991439,1.066655968682662,-2.542772891272054,-3.0136429567745573
51.0,0.0,1606.5560302734375,3.953711443852858,-4.5447955510793525,2.963208391708215,-2.6561005908039115,3.4928637803578013,-3.241328117234814,4.078824662229179,2.8026021772631635,4.6037022473040565,4.6515916417018754
51.0,0.0,733.7574462890625,3.564537685413377,-3.559200097717418,0.7425813340586904,-4.095096487850909,-3.853781353279256,-2.231974797880799,4.587453541678542,-2.905800240013887,-4.217657942401178,3.1890216639313405
51.0,0.0,3223.826416015625,-0.1095212640713523,-3.81965177443686,2.2100773146256394,-1.894538582570683,-2.926326142483674,-1.0033035019721437,-0.5996865796152093,-1.642545502852216,3.642664558771182,2.12574149675906
51.0,0.0,5178.04736328125,-2.7410718540310173,-2.5801200348349185,3.693150683499313,0.3637512595984429,3.7034020374959216,0.9321628035093168,-2.64269898491362,-3.8066277017465344,4.333124717830181,3.6620449833078528
51.0,0.0,1695.683349609375,3.368761774342809,-2.7441711015864323,-3.024599487062156,-0.6965570879879674,-2.257232728742036,4.4462878070617045,-0.2671979357931544,-2.895095499793792,-0.585684174974114,-4.572500310020279
51.0,0.0,905.3897705078124,-3.7270330910496297,0.812259481699459,-2.6462655325985374,-4.951936973171277,-3.350774124463705,0.6471855508790147,0.2698975389499001,-4.64479176047556,-1.984640036553158,-3.3598247386583378
51.0,0.0,1602.4114990234375,4.44695185670823,-3.228441829609454,-2.259250850215332,3.919519530686152,2.82187047751872,1.4969570196136504,1.5804014258569552,4.067247333801053,-0.0570789120645143,-4.8807936363569056
51.0,0.0,4087.358154296875,0.2560825553878985,1.5844273775884703,2.415683586955818,3.1459179912590045,0.9932440524171966,3.0492787192225403,-1.6905638174712054,-3.4669051200439416,1.7595785498827023,-3.476773391128946
51.0,0.0,809.9808349609375,4.621521141023527,0.5253426325184973,0.6193771064579288,1.596966990703752,4.717274641379197,-1.823507773723592,2.243762737407458,2.7861234780805333,0.9197538497575816,4.271018312783525
51.0,0.0,993.7601318359376,-2.339889372920674,-4.733442608207689,-0.2002670366892847,-0.6596346519314515,0.175042529171586,-1.886506517945119,3.180250207890717,0.77918182229865,0.9646364694045796,0.7324036460907193
51.0,0.0,2579.610107421875,-2.2139712263930287,0.3401208325909843,-0.5237331185321334,0.409453559846372,3.467401965254469,-1.6206142062000053,-4.696658688790633,1.1405799864097617,-0.4729843218844465,-0.3127849297818539
51.0,0.0,2204.432373046875,-0.4493263182900753,4.888247293669158,-1.2573866053011162,2.48391829023869,-1.438877607642385,-0.2667369695573809,1.1930408147243217,-3.763895228865526,2.5806345519877496,4.876166322059547
51.0,0.0,1080.8782958984375,1.4618801496600398,-3.4110328042487392,4.030216572275311,-2.07439398684112,1.6379063076040188,-3.3199709077036035,0.4852925141507906,4.125458004655876,-0.4126305205212679,3.347872916434337
51.0,0.0,1499.704833984375,-3.702936460247809,3.60035851005194,3.4115568754123355,-4.0455568014587575,0.2719843447538892,-4.733655467218707,1.143698396048042,-0.1327324767011619,-0.5054917424242609,3.231497545410278
51.0,1.0,218.0502319335937,3.689246309759966,2.6408705604372806,-2.6462655325985374,-4.951936973171277,-3.350774124463705,0.6471855508790147,0.8254276657709629,1.75604662316778,-1.9412757273846828,-3.3598247386583378
51.0,1.0,283.2197265625,-1.650629798857157,2.6778083689331247,-4.949801121512706,-3.051852329287933,-0.5086453811142753,4.964840164988399,1.4739921912782696,3.9979087558211326,4.100001660549548,-3.2696065803675065
51.0,1.0,346.39776611328125,-1.42460402716291,1.6696889437571103,-1.1047142587949352,-2.8299822691190144,-0.0005661669161686,2.6160414652776733,0.4992303693433976,2.688972766407063,-3.4507834699085222,3.3571496168663795
51.0,1.0,370.6834106445313,4.033221266022535,1.4516879871319253,-1.1047142587949352,-2.346910201426105,0.0147189959266222,1.6407718266884148,0.9909095796022171,1.7095280042314145,-3.6406334850712088,-1.421283420459174
51.0,1.0,420.85198974609375,-1.42460402716291,1.4516879871319253,-1.1047142587949352,-2.811140959700552,0.0147189959266222,2.6160414652776733,0.9909095796022171,2.7502080424242195,-3.5615861880916952,-1.421283420459174
51.0,1.0,491.1471557617188,1.6804408639210615,1.178040037011411,2.3592811472899147,-4.123111584920466,-1.109978006764254,1.8485574146350645,2.562502256991439,1.066655968682662,-2.542772891272054,-3.0136429567745573
51.0,1.0,507.2854919433594,1.675362447599777,-2.2904986811313184,2.3592811472899147,-4.1236169288079765,-1.109978006764254,-1.981432749641956,2.562502256991439,1.066655968682662,-2.542772891272054,1.8578902564233035
51.0,1.0,510.3718872070313,0.2600760102871688,0.2075467513521269,-3.614509342236632,-1.7534662444261384,1.216084885274559,-0.2676590919682549,3.841169764784801,3.6267176577147966,-3.620047969604488,4.85039868291706
51.0,1.0,514.0813598632812,3.564537685413377,0.2823816092940912,-2.6914056637237094,-4.090101498572963,0.0932031451375088,-2.235893708256224,4.579066771954675,-2.905800240013887,-4.202894565014888,3.1890216639313405
51.0,1.0,538.6406860351562,1.6804408639210615,1.178040037011411,2.3592811472899147,-4.123111584920466,-1.109978006764254,1.8485574146350645,1.3934086438379762,1.066655968682662,-2.542772891272054,-3.0136429567745573
51.0,1.0,577.8006591796875,-0.6728410179358679,-3.800375286939844,-3.1980181779019965,1.1576657577650789,-1.0234586619618238,-1.824735700907152,2.1748384781145624,4.466649695274075,1.2539734773423248,3.156255317517012
51.0,1.0,635.04736328125,-1.83180530405712,-3.221051674237404,-1.8447610683853,-4.026685641747017,-4.326096288614011,4.764921216312189,1.85218660270111,1.2329651412694078,-2.1361860727112747,-4.31902231253598
51.0,1.0,649.6705322265625,-4.56409854508975,2.544405789793686,-0.2047690532412964,-4.156104261080315,-2.6755378206764946,-4.8811391727644295,0.9396264232746478,-0.2761608592031139,-4.090939741689478,4.129391581780501
51.0,1.0,650.6099853515625,-4.56409854508975,2.544405789793686,-0.0611238196966283,-4.156104261080315,-2.6755378206764946,-4.8811391727644295,0.9396264232746478,-0.2761608592031139,-4.090939741689478,4.129391581780501
51.0,1.0,652.9228515625,0.1447320188977787,2.494977900356252,-4.63981429308072,2.265036659863341,3.451642750298344,-0.2733384663788021,3.488112659155844,3.6637526743947344,4.701432663873359,-2.518533935430145
51.0,1.0,733.7574462890625,3.564537685413377,-3.559200097717418,0.7425813340586904,-4.095096487850909,-3.853781353279256,-2.231974797880799,4.587453541678542,-2.905800240013887,-4.217657942401178,3.1890216639313405
51.0,1.0,750.12939453125,3.564537685413377,-3.559200097717418,0.9031023970422716,-4.224934527068308,-3.853781353279256,-1.955144307279037,4.643033911031265,1.476515547421688,-2.1779042551008323,3.1890216639313405
51.0,1.0,775.544677734375,0.0074819957637064,1.741776951068835,-0.4174720649335439,-4.489122299373279,4.230947485495387,4.529927288701778,-0.7684797758473216,-0.839394557556485,-2.2673122815229085,3.0909469190060825
51.0,1.0,809.9808349609375,4.621521141023527,0.5253426325184973,0.6193771064579288,1.596966990703752,4.717274641379197,-1.823507773723592,2.243762737407458,2.7861234780805333,0.9197538497575816,4.271018312783525
51.0,1.0,812.5078125,-2.2776550108873064,0.2075467513521269,-3.592489837639308,-1.7534662444261384,1.216084885274559,-3.0567966300173497,-4.417848042873698,1.7074435490508844,-3.620047969604488,4.85039868291706
51.0,1.0,814.9892578125,-0.5413924993237771,1.741776951068835,-0.4174720649335439,-4.936047088148983,4.230947485495387,4.529927288701778,-0.7684797758473216,-0.839394557556485,-2.2673122815229085,3.0909469190060825
51.0,1.0,881.9049072265625,-1.83180530405712,-2.348541562647327,-1.8071224065460127,-4.093441377823562,-4.326096288614011,4.764921216312189,1.7947495326585727,-3.149339807987035,-4.17593578808692,-4.31902231253598
51.0,1.0,905.3897705078124,-3.7270330910496297,0.812259481699459,-2.6462655325985374,-4.951936973171277,-3.350774124463705,0.6471855508790147,0.2698975389499001,-4.64479176047556,-1.984640036553158,-3.3598247386583378
51.0,1.0,913.4097900390624,3.950411577794069,-4.166248976588195,-4.445077292587873,-4.363763185040962,-3.218367177193798,4.872111692661944,2.840454724131982,3.3331994165092445,-0.1098869850485229,4.804274806245873
51.0,1.0,953.6502685546876,1.4618801496600398,-3.4102127819289456,4.030216572275311,-1.076717117500123,1.6455508531206469,-3.3199709077036035,2.153827526205622,4.125458004655876,-0.0443985540163751,3.347872916434337
51.0,1.0,971.558837890625,-0.4636644452709308,-0.0566982653950196,-2.580121713658613,-4.287733858206751,0.0804002708695268,-2.2358708552042685,0.2834017766180983,-2.493590758397014,0.966969721319998,4.2557711436478805
51.0,1.0,975.3885498046876,-1.672130325928686,3.4977364906928976,3.436114629763697,-3.051852329287933,4.387333020143439,4.964840164988399,1.4739921912782696,3.9979087558211326,-0.0387133509277202,-3.2696065803675065
51.0,1.0,985.325439453125,0.0074819957637064,1.741776951068835,-0.4174720649335439,-4.512658324237906,4.230947485495387,2.047422392140392,-3.8053555604581257,-0.839394557556485,-2.2673122815229085,3.0909469190060825
51.0,1.0,991.678466796875,-3.963228069396784,2.6931237126193976,1.8295599917616487,-1.986257939157836,3.530912204780808,3.9028681011568014,3.4943660293384493,1.5340731944410706,-1.2540665152492556,-2.503388608496508
51.0,1.0,993.7601318359376,-2.339889372920674,-4.733442608207689,-0.2002670366892847,-0.6596346519314515,0.175042529171586,-1.886506517945119,3.180250207890717,0.77918182229865,0.9646364694045796,0.7324036460907193
51.0,1.0,1001.0540771484376,-1.672130325928686,3.4977364906928976,3.436114629763697,-3.051852329287933,4.840189758709961,4.964840164988399,2.5560715543731,3.938865337188688,-0.0387133509277202,-3.2696065803675065
51.0,1.0,1004.4696044921876,-0.6728410179358679,-3.778395123461501,-3.1980181779019965,1.1576657577650789,-1.3392183494010954,-1.3799453718084207,2.1748384781145624,4.466649695274075,3.972459594924736,3.160486831558936
51.0,1.0,1004.6990966796876,4.520167104271453,0.3502929439289213,-0.5237331185321334,0.409453559846372,3.467401965254469,-0.4493654801539672,-1.050342434395215,2.8718304595787725,-0.4729843218844465,-0.2750032543828644
51.0,1.0,1030.5487060546875,-4.289822915829662,-2.16866059871501,3.264410892167728,-1.425296569173048,4.987113043700462,-2.611490688678169,3.0312624949671445,2.6005896688746057,0.827690795960579,2.004531946129564
51.0,1.0,1035.718505859375,-4.289822915829662,-2.16866059871501,3.264410892167728,-4.2615276233217045,4.647224266988557,-2.611490688678169,3.0312624949671445,2.3142931682993044,0.7183907545401516,2.004531946129564
51.0,1.0,1038.0352783203125,-1.8713386000058727,-3.369021726878478,-4.402869017677347,-3.476819200139248,2.9359987567624266,1.793057004184243,-2.9505379552976043,4.082499300044947,3.1633766411076643,4.188790176012754
51.0,1.0,1080.8782958984375,1.4618801496600398,-3.4110328042487392,4.030216572275311,-2.07439398684112,1.6379063076040188,-3.3199709077036035,0.4852925141507906,4.125458004655876,-0.4126305205212679,3.347872916434337
51.0,1.0,1120.68505859375,1.4618801496600398,-3.6288512377637225,4.030216572275311,-2.055552677422656,1.6531914704466273,-3.3199709077036035,0.97697172440961,4.125458004655876,-0.5234318237376037,-1.4305786439676504
51.0,1.0,1126.5155029296875,0.0085609461787699,0.7537152392078905,-1.8447610683853,3.282395693692093,-4.326096288614011,4.778309267392185,1.85218660270111,1.2329651412694078,-2.1361860727112747,-4.31902231253598
51.0,1.0,1129.2803955078125,-0.6152326025927408,4.618689819338419,-1.725277996450416,0.2404352426407623,2.4470075042067947,1.0082435727769932,2.500520300287869,-2.96906831297188,-0.923631139550488,-4.935551504290759
51.0,1.0,1141.0445556640625,4.063112460678083,-4.6194831944841,-4.445077292587873,-4.363763185040962,-3.218367177193798,4.872111692661944,2.529683889993088,-4.529860115383144,-1.5429207841171255,4.804274806245873
51.0,1.0,1192.7301025390625,3.397390050025044,-0.8228592188207893,-1.511976051297157,-3.002279886012805,-3.938660162602911,3.896567113732985,-2.438981716744249,-0.7186447220026384,-0.6135990067813926,1.3956832953243357
51.0,1.0,1233.3739013671875,-4.281658718903344,1.299878155878581,3.264410892167728,-4.261022279434194,4.647224266988557,1.7396090713426189,3.0312624949671445,2.3142931682993044,0.7183907545401516,-2.866994975420566
51.0,1.0,1245.18798828125,-2.363589309204753,0.5942174634386816,-2.8672638764440546,-0.4099152817059988,-3.543534029248046,-4.919622501378641,1.602636306220912,-3.2192847923407903,-1.0450425661619671,4.666870577458399
51.0,1.0,1261.7288818359375,-4.775755155605731,2.8377267496523366,-0.1471327757265061,-3.5938367589748306,-1.264234746857685,2.1801960386403154,-2.370201559771108,-3.117071207695641,-2.6058940103587536,0.1248420712084676
51.0,1.0,1265.92041015625,-3.800822890522366,4.869368779395991,-3.8314604624725135,-4.103175691291561,4.651348855852965,2.302564440581457,-4.61340025770731,2.318151672300341,-3.5775933049025967,-2.386831805614265
51.0,1.0,1290.0340576171875,-4.775755155605731,2.641975394387824,-0.3000915142437552,-3.58599393325157,-1.341845567847193,2.1801960386403154,-2.370201559771108,-3.117071207695641,-2.6058940103587536,0.3639771403102081
51.0,1.0,1335.0819091796875,-3.312776886231448,4.87179229807016,0.4161363481293438,-1.9882329664808784,3.99516158921282,-1.0865751002183224,4.900115930626992,0.0118606150860536,1.5714150512286906,-2.401088150926433
51.0,1.0,1335.0819091796875,-3.312776886231448,4.87179229807016,0.4161363481293438,-1.9882329664808784,3.99516158921282,-1.0865751002183224,4.900115930626992,0.0118606150860536,1.5714150512286906,-2.401088150926433
51.0,1.0,1385.41845703125,-0.6728410179358679,-3.779215145781295,-3.1980181779019965,2.1994679525812018,-1.6238243546680282,-1.3799453718084207,0.5063034660581324,4.466649695274075,3.972459594924736,3.160486831558936
51.0,2.0,218.0502319335937,3.689246309759966,2.6408705604372806,-2.6462655325985374,-4.951936973171277,-3.350774124463705,0.6471855508790147,0.8254276657709629,1.75604662316778,-1.9412757273846828,-3.3598247386583378
51.0,2.0,244.8112030029297,1.7041665437923963,1.2334694570621596,-2.6462655325985374,-4.996049719291709,-3.411367255502423,0.6471855508790147,0.6810973469525043,1.75604662316778,-2.5445653714103296,-4.592595994042865
51.0,2.0,256.00909423828125,0.2179018076125709,0.6982479907243708,-3.1977116503360032,-1.7141945362003492,3.467401965254469,-0.4493654801539672,-0.8350778784320809,3.610382551499691,-0.595905954959107,4.8781605669431904
51.0,2.0,283.2197265625,-1.650629798857157,2.6778083689331247,-4.949801121512706,-3.051852329287933,-0.5086453811142753,4.964840164988399,1.4739921912782696,3.9979087558211326,4.100001660549548,-3.2696065803675065
51.0,2.0,283.2197265625,-1.650629798857157,2.6778083689331247,-4.949801121512706,-3.051852329287933,-0.5086453811142753,4.964840164988399,1.4739921912782696,3.9979087558211326,4.100001660549548,-3.2696065803675065
51.0,2.0,290.6381225585937,1.675362447599777,2.505337699737685,-0.1568529536166492,-4.609309766568853,-2.23319386160026,-2.108585089791171,0.9221825217157008,1.1191777196604171,-4.086544958662618,1.8578902564233035
51.0,2.0,307.6243896484375,3.566742926103757,2.6408705604372806,-2.6462655325985374,-4.951936973171277,-3.536902463075314,-2.0167611085549844,0.9286525209531284,2.9262011943875192,-2.1868278412267355,-3.3598247386583378
51.0,2.0,308.3594055175781,0.2600760102871688,0.2075467513521269,-3.6746780798898375,-1.7534662444261384,1.134999118546938,-0.2676590919682549,3.895914491639079,3.6137489673433,-0.0184833831456565,4.850381240497958
51.0,2.0,328.3487854003906,-0.6728410179358679,0.2720592226309468,-2.6878785041460613,1.1576657577650789,-1.0234586619618238,-2.257617310627517,4.630753185946491,4.466649695274075,-3.917954157162577,3.156514514300665
51.0,2.0,333.1727905273437,3.684473403634709,0.2525829440639769,-3.59507626785677,-2.346910201426105,0.0147189959266222,1.7299185889190922,1.1088286040987605,1.7094129095842558,-3.640839052332684,-1.421283420459174
51.0,2.0,346.39776611328125,-1.42460402716291,1.6696889437571103,-1.1047142587949352,-2.8299822691190144,-0.0005661669161686,2.6160414652776733,0.4992303693433976,2.688972766407063,-3.4507834699085222,3.3571496168663795
51.0,2.0,362.1280822753906,-1.4980310607400975,1.178040037011411,-4.949238352913632,-4.096863516254707,-1.109978006764254,2.0058470240133377,1.3883382456896796,1.2196776634537485,-2.542772891272054,-3.0136429567745573
51.0,2.0,370.6834106445313,4.033221266022535,1.4516879871319253,-1.1047142587949352,-2.346910201426105,0.0147189959266222,1.6407718266884148,0.9909095796022171,1.7095280042314145,-3.6406334850712088,-1.421283420459174
51.0,2.0,405.8444213867188,4.557851956389317,0.2075467513521269,-0.3867197902251702,0.3701818516280062,1.216084885274559,-0.2676590919682549,3.625764495733227,2.8881655657936323,-3.621579058059448,-0.3728857984325486
51.0,2.0,407.8876647949219,-4.493487792215338,0.1656675861182128,-2.558871895698166,-4.289729281844642,-2.593005571566649,-4.952573179061037,0.3271926726795717,-0.2761608592031139,-4.090939741689478,4.129391581780501
51.0,2.0,412.7344055175781,-1.42460402716291,1.6696889437571103,-1.1047142587949352,-2.8299822691190144,-0.0005661669161686,2.55886615390318,0.3001115774204022,2.308784352102468,0.9366668120805044,3.926463167891282
51.0,2.0,420.85198974609375,-1.42460402716291,1.4516879871319253,-1.1047142587949352,-2.811140959700552,0.0147189959266222,2.6160414652776733,0.9909095796022171,2.7502080424242195,-3.5615861880916952,-1.421283420459174
51.0,2.0,428.3172302246094,4.033221266022535,1.4516879871319253,-3.26638977334232,-2.346910201426105,0.0041575645360294,1.6815877915981297,0.9909095796022171,4.36282519830572,-3.6406334850712088,3.1106382049050474
51.0,2.0,428.7640075683594,-0.4636644452709308,-0.0566982653950196,-2.580121713658613,-4.287733858206751,0.0804002708695268,-2.178696457587835,0.4825205685410938,-2.445525830316321,-3.4204667512281826,4.2557711436478805
51.0,2.0,429.4008483886719,-1.83180530405712,-3.221051674237404,-1.728842065293375,-4.026685641747017,-3.909105830771795,-2.362183045147586,1.85218660270111,1.2329651412694078,-2.1361860727112747,-4.213419725081489
51.0,2.0,458.3684387207031,-1.83180530405712,-2.348541562647327,-2.674267946151497,-4.093488977456401,-4.326096288614011,-2.616890582020211,2.678837004136023,-3.149339807987035,-4.17593578808692,-4.31902231253598
51.0,2.0,489.89251708984375,3.665520581625345,2.5854411403844866,2.3592811472899147,-4.019133415495023,-1.04938480653264,1.8485574146350645,2.7068325754448206,1.066655968682662,-1.939483247246408,-3.0191299858240224
51.0,2.0,491.1471557617188,1.6804408639210615,1.178040037011411,2.3592811472899147,-4.123111584920466,-1.109978006764254,1.8485574146350645,2.562502256991439,1.066655968682662,-2.542772891272054,-3.0136429567745573
51.0,2.0,507.2854919433594,1.675362447599777,-2.2904986811313184,2.3592811472899147,-4.1236169288079765,-1.109978006764254,-1.981432749641956,2.562502256991439,1.066655968682662,-2.542772891272054,1.8578902564233035
51.0,2.0,510.3718872070313,0.2600760102871688,0.2075467513521269,-3.614509342236632,-1.7534662444261384,1.216084885274559,-0.2676590919682549,3.841169764784801,3.6267176577147966,-3.620047969604488,4.85039868291706
51.0,2.0,514.0813598632812,3.564537685413377,0.2823816092940912,-2.6914056637237094,-4.090101498572963,0.0932031451375088,-2.235893708256224,4.579066771954675,-2.905800240013887,-4.202894565014888,3.1890216639313405
51.0,2.0,517.8182373046875,1.6804408639210615,1.178040037011411,2.3592811472899147,-3.340054294004607,-1.109978006764254,1.8485574146350645,2.562502256991439,1.066655968682662,-2.542772891272054,-3.0136429567745573
51.0,2.0,538.6406860351562,1.6804408639210615,1.178040037011411,2.3592811472899147,-4.123111584920466,-1.109978006764254,1.8485574146350645,1.3934086438379762,1.066655968682662,-2.542772891272054,-3.0136429567745573
51.0,2.0,574.0532836914062,0.1447320188977787,-2.168374327545928,-4.63981429308072,2.265036659863341,3.451642750298344,-2.534424842077251,3.488112659155844,2.338207519193544,1.0640099502170175,-2.3596499268343685
51.0,2.0,577.8006591796875,-0.6728410179358679,-3.800375286939844,-3.1980181779019965,1.1576657577650789,-1.0234586619618238,-1.824735700907152,2.1748384781145624,4.466649695274075,1.2539734773423248,3.156255317517012
51.0,2.0,582.046630859375,0.0074819957637064,2.704628654713188,-0.4174720649335439,-4.489122299373279,3.586159559139237,4.541008958770648,-0.7684797758473216,1.449681171288318,-2.2673122815229085,3.1349419838589547
51.0,2.0,626.56689453125,-1.5080813711986876,1.741776951068835,0.6703560344052206,-4.703030337502401,-0.4167838791566223,2.591850562893805,-0.6728873401763699,-0.839394557556485,-2.2673122815229085,3.0909469190060825
51.0,2.0,635.04736328125,-1.83180530405712,-3.221051674237404,-1.8447610683853,-4.026685641747017,-4.326096288614011,4.764921216312189,1.85218660270111,1.2329651412694078,-2.1361860727112747,-4.31902231253598
51.0,2.0,643.676025390625,3.564537685413377,0.5692034204153846,0.6290707931544521,-4.1800096855260165,4.743288801334191,-1.6701946228924822,4.643033911031265,1.476515547421688,-2.1779042551008323,3.1890216639313405
51.0,2.0,649.6705322265625,-4.56409854508975,2.544405789793686,-0.2047690532412964,-4.156104261080315,-2.6755378206764946,-4.8811391727644295,0.9396264232746478,-0.2761608592031139,-4.090939741689478,4.129391581780501
51.0,2.0,650.6099853515625,-4.56409854508975,2.544405789793686,-0.0611238196966283,-4.156104261080315,-2.6755378206764946,-4.8811391727644295,0.9396264232746478,-0.2761608592031139,-4.090939741689478,4.129391581780501
51.0,2.0,652.9228515625,0.1447320188977787,2.494977900356252,-4.63981429308072,2.265036659863341,3.451642750298344,-0.2733384663788021,3.488112659155844,3.6637526743947344,4.701432663873359,-2.518533935430145
51.0,2.0,659.0941162109375,-4.56409854508975,2.544405789793686,-0.0611238196966283,-4.156104261080315,-2.2951324138968943,-4.8811391727644295,0.9396264232746478,-0.2761608592031139,-4.090939741689478,4.129391581780501
51.0,2.0,674.1505126953125,-1.672130325928686,3.4977364906928976,-0.284216903565716,-4.147518902358395,-2.6729496719781407,-4.30931000815647,2.5560715543731,-0.1503574500763351,-4.17904891720157,-3.4344430889468502
51.0,2.0,704.9405517578125,0.0074819957637064,2.108589480462061,-0.4174720649335439,-4.512051425062467,4.230947485495387,2.0675233023313915,-0.7684797758473216,-1.2376610330449973,-2.2673122815229085,3.0909469190060825
51.0,2.0,719.9581298828125,-2.279989835866949,-4.733442608207689,-0.2002670366892847,1.164349132997872,0.2558974700800451,-1.3726881430638822,3.180250207890717,4.196957842022048,0.9646364694045796,0.7324036460907193
51.0,2.0,725.0172119140625,-1.83180530405712,-3.221051674237404,-1.298106984111558,-4.026685641747017,-4.326096288614011,4.764921216312189,1.85218660270111,1.2329651412694078,-2.720804408503608,-4.215317932747341
51.0,2.0,733.7574462890625,3.564537685413377,-3.559200097717418,0.7425813340586904,-4.095096487850909,-3.853781353279256,-2.231974797880799,4.587453541678542,-2.905800240013887,-4.217657942401178,3.1890216639313405
51.0,2.0,733.7574462890625,3.564537685413377,-3.559200097717418,0.7425813340586904,-4.095096487850909,-3.853781353279256,-2.231974797880799,4.587453541678542,-2.905800240013887,-4.217657942401178,3.1890216639313405
51.0,2.0,748.4281005859375,3.6870410690695854,-3.559200097717418,0.9031023970422716,-4.224934527068308,-3.853781353279256,0.708802352713222,4.53612068129326,1.476515547421688,-1.93235214125878,3.1890216639313405
51.0,2.0,750.12939453125,3.564537685413377,-3.559200097717418,0.9031023970422716,-4.224934527068308,-3.853781353279256,-1.955144307279037,4.643033911031265,1.476515547421688,-2.1779042551008323,3.1890216639313405
51.0,2.0,775.544677734375,0.0074819957637064,1.741776951068835,-0.4174720649335439,-4.489122299373279,4.230947485495387,4.529927288701778,-0.7684797758473216,-0.839394557556485,-2.2673122815229085,3.0909469190060825
51.0,2.0,779.8856201171875,1.6804408639210615,-3.682299431643109,2.3592811472899147,-4.123111584920466,-1.2252609304011832,1.8485574146350645,1.3934086438379762,1.1143994917996691,-2.609934281112672,-1.2148077365620904
51.0,2.0,782.3487548828125,1.893938910185465,2.6778083689331247,2.6198972039037574,-3.0781003950441623,-0.5086453811142753,4.770353645558039,1.4790625894265663,3.84487722878988,4.100001660549548,-3.2696065803675065
51.0,2.0,809.9808349609375,4.621521141023527,0.5253426325184973,0.6193771064579288,1.596966990703752,4.717274641379197,-1.823507773723592,2.243762737407458,2.7861234780805333,0.9197538497575816,4.271018312783525
51.0,3.0,210.21240234375,3.689246309759966,2.6408705604372806,-3.4118777051803906,-4.951936973171277,-3.350774124463705,1.852517047573216,0.8254276657709629,1.75604662316778,-1.9056247762141445,-3.3598247386583378
51.0,3.0,218.0502319335937,3.689246309759966,2.6408705604372806,-2.6462655325985374,-4.951936973171277,-3.350774124463705,0.6471855508790147,0.8254276657709629,1.75604662316778,-1.9412757273846828,-3.3598247386583378
51.0,3.0,243.0629730224609,-1.650629798857157,1.6272909335104375,-4.954089117572587,-3.049593707525661,2.1951487685331914,-0.540227216685429,1.4739921912782696,3.9979087558211326,-0.5437423807430644,4.491857161264933
51.0,3.0,244.8112030029297,1.7041665437923963,1.2334694570621596,-2.6462655325985374,-4.996049719291709,-3.411367255502423,0.6471855508790147,0.6810973469525043,1.75604662316778,-2.5445653714103296,-4.592595994042865
51.0,3.0,250.17916870117188,2.304460788928197,1.2334694570621596,-2.6462655325985374,-4.996049719291709,-3.411367255502423,0.6471855508790147,0.6810973469525043,1.75604662316778,-2.5445653714103296,-4.592595994042865
51.0,3.0,256.00909423828125,0.2179018076125709,0.6982479907243708,-3.1977116503360032,-1.7141945362003492,3.467401965254469,-0.4493654801539672,-0.8350778784320809,3.610382551499691,-0.595905954959107,4.8781605669431904
51.0,3.0,283.2197265625,-1.650629798857157,2.6778083689331247,-4.949801121512706,-3.051852329287933,-0.5086453811142753,4.964840164988399,1.4739921912782696,3.9979087558211326,4.100001660549548,-3.2696065803675065
51.0,3.0,283.2197265625,-1.650629798857157,2.6778083689331247,-4.949801121512706,-3.051852329287933,-0.5086453811142753,4.964840164988399,1.4739921912782696,3.9979087558211326,4.100001660549548,-3.2696065803675065
51.0,3.0,290.6381225585937,1.675362447599777,2.505337699737685,-0.1568529536166492,-4.609309766568853,-2.23319386160026,-2.108585089791171,0.9221825217157008,1.1191777196604171,-4.086544958662618,1.8578902564233035
51.0,3.0,298.0577697753906,3.665520581625345,2.7287859880266536,-2.726197411837399,-4.019133415495023,-1.1287649466725216,2.4329888294713475,2.7068325754448206,1.066655968682662,-1.939483247246408,-3.0191299858240224
51.0,3.0,300.36968994140625,-1.650629798857157,2.6778083689331247,-4.949801121512706,-3.051458481850485,0.2183334946909676,4.965900176479609,1.4739921912782696,3.9979087558211326,4.100001660549548,-3.2289429858309706
51.0,3.0,301.0931396484375,1.7041665437923963,0.2603123579234169,-2.6462655325985374,-4.945589157651659,-3.265663828500549,0.6471855508790147,0.6810973469525043,1.8846595397619408,-3.883069937760899,-4.69319860973142
51.0,3.0,303.488037109375,3.330913158998025,2.688572373770392,-2.6462655325985374,-2.759191050286049,-0.0835207379663556,2.118958339939822,0.5101526575641788,2.9262011943875192,-3.388611363882906,3.2034049165742413
51.0,3.0,307.6243896484375,3.566742926103757,2.6408705604372806,-2.6462655325985374,-4.951936973171277,-3.536902463075314,-2.0167611085549844,0.9286525209531284,2.9262011943875192,-2.1868278412267355,-3.3598247386583378
51.0,3.0,308.3594055175781,0.2600760102871688,0.2075467513521269,-3.6746780798898375,-1.7534662444261384,1.134999118546938,-0.2676590919682549,3.895914491639079,3.6137489673433,-0.0184833831456565,4.850381240497958
51.0,3.0,312.92877197265625,3.566742926103757,2.6408705604372806,-2.6462655325985374,-4.7327553039881,-3.55610223773806,-1.958774895108484,0.9288817556859622,2.937516751431631,-2.2058374569486543,-3.365711821177226
51.0,3.0,314.27752685546875,-0.6728410179358679,1.2452163217696897,-2.6878785041460613,1.2957020613890924,-1.169162045718447,-2.257617310627517,4.7884722817532825,4.337847006487926,-2.471021944362624,3.3206301194505885
51.0,3.0,317.98004150390625,-2.0082925471303588,2.416206705646321,-0.1568529536166492,-4.607343869670514,-2.23319386160026,-2.108585089791171,0.9840786267279648,1.1191777196604171,-4.086544958662618,1.8578902564233035
51.0,3.0,321.59130859375,-2.3897203000610783,1.6731475866680567,-1.1047142587949352,-4.34301318570969,-2.672386585678198,-4.73662718691912,0.3001115774204022,2.306766675039184,-4.32499426672654,4.133468991587035
51.0,3.0,327.43560791015625,-1.42460402716291,2.535928919265297,-1.1047142587949352,-2.848821050221782,-0.0238131544544604,2.20088324230632,0.9909335387969784,2.7502080424242195,-3.5615861880916952,4.168507493400821
51.0,3.0,327.63201904296875,-1.1888238293636866,1.6229860096052926,-1.1047142587949352,-4.970255094336622,-3.453944488549076,-1.5196785704796238,0.9177302327323472,2.688972766407063,-2.248999947208429,-3.2060785650694257
51.0,3.0,328.3487854003906,-0.6728410179358679,0.2720592226309468,-2.6878785041460613,1.1576657577650789,-1.0234586619618238,-2.257617310627517,4.630753185946491,4.466649695274075,-3.917954157162577,3.156514514300665
51.0,3.0,333.1727905273437,3.684473403634709,0.2525829440639769,-3.59507626785677,-2.346910201426105,0.0147189959266222,1.7299185889190922,1.1088286040987605,1.7094129095842558,-3.640839052332684,-1.421283420459174
51.0,3.0,333.84912109375,4.033221266022535,1.4516879871319253,-3.26638977334232,-2.346910201426105,0.0041575645360294,1.6815877915981297,0.9909095796022171,1.7541051337803564,-3.6406334850712088,3.1106382049050474
51.0,3.0,337.00909423828125,0.2600760102871688,0.2075467513521269,-3.614509342236632,-1.7534662444261384,1.216084885274559,-0.2676590919682549,3.895249721569269,3.612463199428695,0.0200760560212849,4.85039868291706
51.0,3.0,342.0754699707031,-4.493487792215338,0.1656675861182128,-2.495684981257238,-4.082284758804261,-3.851572160441702,-2.3485710384997254,-0.00474756942004,-0.2761608592031139,-4.090939741689478,4.129391581780501
51.0,3.0,346.39776611328125,-1.42460402716291,1.6696889437571103,-1.1047142587949352,-2.8299822691190144,-0.0005661669161686,2.6160414652776733,0.4992303693433976,2.688972766407063,-3.4507834699085222,3.3571496168663795
51.0,3.0,352.40997314453125,-1.4980310607400975,1.178040037011411,-4.949238352913632,-2.794118146961156,0.1775470252921566,2.583716367711377,1.1796310421151497,1.2196776634537485,-2.542772891272054,3.794787518652696
51.0,3.0,352.49676513671875,3.689246309759966,2.6375052791249463,0.6466621501715833,-4.7034101659830645,-0.410022714463838,0.6471855508790147,0.8254276657709629,1.75604662316778,-1.9412757273846828,3.0649409700108308
51.0,3.0,354.466796875,4.033221266022535,1.4516879871319253,-1.1047142587949352,-2.382615976334678,0.0339239153820138,1.5827856205766166,0.9906803448693834,1.6982124471857007,-3.62162386830574,-1.4153963331240471
51.0,3.0,362.1280822753906,-1.4980310607400975,1.178040037011411,-4.949238352913632,-4.096863516254707,-1.109978006764254,2.0058470240133377,1.3883382456896796,1.2196776634537485,-2.542772891272054,-3.0136429567745573
51.0,3.0,365.107666015625,-0.6895526818229593,0.2075467513521269,-3.6746780798898375,-1.6971201321856042,-0.9941855173677,-2.402505250672521,3.7845467952894136,3.574883561791555,-0.0184833831456565,4.850381240497958
51.0,3.0,367.5685424804688,3.684473403634709,0.2907950550570173,-3.551078866526187,-2.346910201426105,-1.1442524010538488,1.73120750761053,1.121265159047732,1.7094129095842558,-3.5563897270991016,-2.3482180840293942
51.0,3.0,368.6344604492188,-2.8081151364163643,2.6778083689331247,-4.949801121512706,-3.051852329287933,-0.5086453811142753,4.964840164988399,1.4739921912782696,3.9979087558211326,4.100001660549548,-3.2696065803675065
51.0,3.0,370.6834106445313,4.033221266022535,1.4516879871319253,-1.1047142587949352,-2.346910201426105,0.0147189959266222,1.6407718266884148,0.9909095796022171,1.7095280042314145,-3.6406334850712088,-1.421283420459174
51.0,3.0,386.8130493164063,4.033221266022535,1.4516879871319253,-1.1047142587949352,-2.346910201426105,0.0147189959266222,1.6407718266884148,0.9909095796022171,4.318172662154636,-3.6406334850712088,-1.421283420459174
51.0,3.0,402.831787109375,-1.5080813711986876,1.741776951068835,0.6703560344052206,-4.703030337502401,-1.460771470267351,1.8179163354021983,-0.6728873401763699,1.072898188183738,-2.2673122815229085,3.0909469190060825
51.0,3.0,405.8444213867188,4.557851956389317,0.2075467513521269,-0.3867197902251702,0.3701818516280062,1.216084885274559,-0.2676590919682549,3.625764495733227,2.8881655657936323,-3.621579058059448,-0.3728857984325486
51.0,3.0,407.8876647949219,-4.493487792215338,0.1656675861182128,-2.558871895698166,-4.289729281844642,-2.593005571566649,-4.952573179061037,0.3271926726795717,-0.2761608592031139,-4.090939741689478,4.129391581780501
51.0,3.0,412.7344055175781,-1.42460402716291,1.6696889437571103,-1.1047142587949352,-2.8299822691190144,-0.0005661669161686,2.55886615390318,0.3001115774204022,2.308784352102468,0.9366668120805044,3.926463167891282
51.0,3.0,420.85198974609375,-1.42460402716291,1.4516879871319253,-1.1047142587949352,-2.811140959700552,0.0147189959266222,2.6160414652776733,0.9909095796022171,2.7502080424242195,-3.5615861880916952,-1.421283420459174
51.0,3.0,422.7091674804688,-1.6136888856865437,0.2075467513521269,-0.3867197902251702,-2.5764645511631805,1.216084885274559,-0.2676590919682549,3.625764495733227,2.8881655657936323,-3.621579058059448,-0.328349393051691
51.0,3.0,425.1768798828125,0.2179018076125709,0.6982479907243708,-3.183732786810137,-4.245356434540399,-3.66826116021517,-1.549074721599846,0.0371684599870771,1.1297407809342683,-0.595905954959107,4.8781605669431904
51.0,3.0,428.3172302246094,4.033221266022535,1.4516879871319253,-3.26638977334232,-2.346910201426105,0.0041575645360294,1.6815877915981297,0.9909095796022171,4.36282519830572,-3.6406334850712088,3.1106382049050474
51.0,3.0,428.7640075683594,-0.4636644452709308,-0.0566982653950196,-2.580121713658613,-4.287733858206751,0.0804002708695268,-2.178696457587835,0.4825205685410938,-2.445525830316321,-3.4204667512281826,4.2557711436478805
51.0,3.0,429.4008483886719,-1.83180530405712,-3.221051674237404,-1.728842065293375,-4.026685641747017,-3.909105830771795,-2.362183045147586,1.85218660270111,1.2329651412694078,-2.1361860727112747,-4.213419725081489
51.0,3.0,431.841552734375,-1.5080813711986876,1.7451422323811672,-2.622571611352208,-4.9515362566841015,-3.357534980273648,1.90275875754636,-0.6728873401763699,-0.839394557556485,-2.2673122815229085,-3.688597109494454
51.0,3.0,437.6429138183594,1.6603943298910742,2.505337699737685,-4.481693177372232,-4.609309766568853,3.3401803048444068,-2.108585089791171,0.9221825217157008,3.6133053409973774,-4.086544958662618,1.6648779131220537
51.0,3.0,457.4783325195313,1.2487920307076226,0.2720592226309468,-2.6878785041460613,1.1013196457893255,1.105725973952553,-0.1227711515466756,4.765463130559223,4.47599948240042,-3.917954157162577,3.156514514300665
51.0,3.0,458.3684387207031,-1.83180530405712,-2.348541562647327,-2.674267946151497,-4.093488977456401,-4.326096288614011,-2.616890582020211,2.678837004136023,-3.149339807987035,-4.17593578808692,-4.31902231253598
51.0,4.0,210.21240234375,3.689246309759966,2.6408705604372806,-3.4118777051803906,-4.951936973171277,-3.350774124463705,1.852517047573216,0.8254276657709629,1.75604662316778,-1.9056247762141445,-3.3598247386583378
51.0,4.0,212.18551635742188,1.7041665437923963,1.2334694570621596,-2.6462655325985374,-4.924854479167053,-3.411367255502423,0.6471855508790147,0.6810973469525043,1.7542793865404192,-3.592658390077835,-3.021678235993748
51.0,4.0,215.9912109375,3.689246309759966,2.587335775330085,-3.4118777051803906,-4.951936973171277,-3.350774124463705,1.852517047573216,1.117241514066925,1.4270896656730807,-1.9056247762141445,-3.248883242174335
51.0,4.0,218.0502319335937,3.689246309759966,2.6408705604372806,-2.6462655325985374,-4.951936973171277,-3.350774124463705,0.6471855508790147,0.8254276657709629,1.75604662316778,-1.9412757273846828,-3.3598247386583378
51.0,4.0,218.3676147460937,3.689246309759966,2.6408705604372806,-2.6462655325985374,-4.951936973171277,-2.693604199858811,0.6471855508790147,1.4892292905460562,1.75604662316778,-1.947740625092844,-3.088537847839979
51.0,4.0,221.43426513671875,3.0685914732946835,2.6778083689331247,-4.949801121512706,-3.435859560217862,0.2183334946909676,4.9831813954575335,1.4739921912782696,3.9979087558211326,4.100001660549548,-3.2289429858309706
51.0,4.0,230.1910400390625,3.689246309759966,2.64119900794365,-2.6462655325985374,-4.951936973171277,-3.377766699777813,0.5498506859801333,1.6509961242205144,1.804569869139088,-1.9412757273846828,-3.3599924109031853
51.0,4.0,243.0629730224609,-1.650629798857157,1.6272909335104375,-4.954089117572587,-3.049593707525661,2.1951487685331914,-0.540227216685429,1.4739921912782696,3.9979087558211326,-0.5437423807430644,4.491857161264933
51.0,4.0,244.8112030029297,1.7041665437923963,1.2334694570621596,-2.6462655325985374,-4.996049719291709,-3.411367255502423,0.6471855508790147,0.6810973469525043,1.75604662316778,-2.5445653714103296,-4.592595994042865
51.0,4.0,250.17916870117188,2.304460788928197,1.2334694570621596,-2.6462655325985374,-4.996049719291709,-3.411367255502423,0.6471855508790147,0.6810973469525043,1.75604662316778,-2.5445653714103296,-4.592595994042865
51.0,4.0,250.2842712402344,1.7041665437923963,1.2334694570621596,-2.4293524098127683,-4.944875684938276,-3.414160650791902,0.6471855508790147,0.6810973469525043,1.2678667777743875,-2.5445653714103296,-4.592595994042865
51.0,4.0,251.29171752929688,0.2179018076125709,0.0888191052124059,-3.1977116503360032,-4.080379709771376,3.467401965254469,-0.4493654801539672,-0.8458292216903948,3.610382551499691,-0.595905954959107,4.8781605669431904
51.0,4.0,254.17648315429688,1.7415488318312735,0.2053606980947169,-3.4913399098613542,-2.346910201426105,-1.150415716833901,-1.5521697276981308,1.168791510667363,1.7094129095842558,-3.569068152945508,-2.4676042844727526
51.0,4.0,256.00909423828125,0.2179018076125709,0.6982479907243708,-3.1977116503360032,-1.7141945362003492,3.467401965254469,-0.4493654801539672,-0.8350778784320809,3.610382551499691,-0.595905954959107,4.8781605669431904
51.0,4.0,256.6910400390625,2.304460788928197,1.2334694570621596,-2.6462655325985374,-4.996049719291709,-3.411367255502423,0.6471855508790147,0.6810973469525043,2.783286189652066,-2.5445653714103296,-4.768041202840758
51.0,4.0,269.5517578125,-1.6125299980453345,0.1899266567777484,-4.949801121512706,-3.075547189016926,-0.5222087222487997,-0.4153261432000916,1.4920510846845008,3.9979087558211326,-0.1765304293208633,-3.2690606222216267
51.0,4.0,281.388427734375,-1.42460402716291,2.535928919265297,-4.780362853608946,-3.0511671776086904,-0.1188257387899949,-0.4945181851266402,0.9909335387969784,2.7502080424242195,-3.470355543203736,4.16714209041645
51.0,4.0,283.2197265625,-1.650629798857157,2.6778083689331247,-4.949801121512706,-3.051852329287933,-0.5086453811142753,4.964840164988399,1.4739921912782696,3.9979087558211326,4.100001660549548,-3.2696065803675065
51.0,4.0,283.2197265625,-1.650629798857157,2.6778083689331247,-4.949801121512706,-3.051852329287933,-0.5086453811142753,4.964840164988399,1.4739921912782696,3.9979087558211326,4.100001660549548,-3.2696065803675065
51.0,4.0,283.2197265625,-1.650629798857157,2.6778083689331247,-4.949801121512706,-3.051852329287933,-0.5086453811142753,4.964840164988399,1.4739921912782696,3.9979087558211326,4.100001660549548,-3.2696065803675065
51.0,4.0,283.2201232910156,3.665520581625345,2.7287859880266536,-1.7386128840611288,-4.019580783471847,-1.1287649466725216,2.1867293198785025,2.7068325754448206,1.066655968682662,-2.1333398813665245,-3.0191299858240224
51.0,4.0,290.20782470703125,0.2179018076125709,0.6982479907243708,-3.197119368041136,-1.7143475489294713,3.467401965254469,-2.380048786539598,2.819517359919893,3.6225511632674863,-0.5877502083934119,4.8781605669431904
51.0,4.0,290.6381225585937,1.675362447599777,2.505337699737685,-0.1568529536166492,-4.609309766568853,-2.23319386160026,-2.108585089791171,0.9221825217157008,1.1191777196604171,-4.086544958662618,1.8578902564233035
51.0,4.0,291.3934936523437,-1.4856278269994465,1.1776664912959247,-4.949238352913632,-2.794118146961156,0.1775470252921566,2.583716367711377,1.4266644004567204,1.2196776634537485,-0.567251309185058,4.505522236127961
51.0,4.0,293.7706604003906,4.033221266022535,1.4516879871319253,-3.26638977334232,-2.366328875350937,0.3513675601102697,1.6815877915981297,0.9909095796022171,1.7558723704077177,-2.592540466369996,3.1106382049050474
51.0,4.0,294.779052734375,0.2600760102871688,0.2075467513521269,-2.691165682203325,1.239930935009109,1.0279075672486764,-0.2676590919682549,3.895914491639079,4.219597787571702,-0.0766296931922778,4.886180169738343
51.0,4.0,297.80084228515625,-0.8206561334172315,1.369470655995183,-3.3807506851084046,-2.742444361640509,0.0165666148318063,2.1077571490403675,0.4992303693433976,2.6965630794469333,-3.4507834699085222,3.199877260181945
51.0,4.0,298.0577697753906,3.665520581625345,2.7287859880266536,-2.726197411837399,-4.019133415495023,-1.1287649466725216,2.4329888294713475,2.7068325754448206,1.066655968682662,-1.939483247246408,-3.0191299858240224
51.0,4.0,300.36968994140625,-1.650629798857157,2.6778083689331247,-4.949801121512706,-3.051458481850485,0.2183334946909676,4.965900176479609,1.4739921912782696,3.9979087558211326,4.100001660549548,-3.2289429858309706
51.0,4.0,300.80499267578125,2.304864953438977,2.6037592542173176,-2.6462655325985374,-4.996049719291709,-0.1861901706922453,2.090942809264936,0.685228687031896,1.771331760978461,-2.5445653714103296,3.3185513746943083
51.0,4.0,301.0931396484375,1.7041665437923963,0.2603123579234169,-2.6462655325985374,-4.945589157651659,-3.265663828500549,0.6471855508790147,0.6810973469525043,1.8846595397619408,-3.883069937760899,-4.69319860973142
51.0,4.0,301.0931396484375,1.7041665437923963,0.2603123579234169,-2.6462655325985374,-4.996603788088148,-3.262870433211071,0.6471855508790147,0.6810973469525043,1.7103680461831572,-3.883069937760899,-4.69319860973142
51.0,4.0,302.0303649902344,-1.42460402716291,2.535928919265297,-1.1047142587949352,-2.848821050221782,-0.0238131544544604,2.20088324230632,0.9909335387969784,1.7229684759398327,-3.5615861880916952,4.387210629139425
51.0,4.0,303.488037109375,3.330913158998025,2.688572373770392,-2.6462655325985374,-2.759191050286049,-0.0835207379663556,2.118958339939822,0.5101526575641788,2.9262011943875192,-3.388611363882906,3.2034049165742413
51.0,4.0,307.6243896484375,3.566742926103757,2.6408705604372806,-2.6462655325985374,-4.951936973171277,-3.536902463075314,-2.0167611085549844,0.9286525209531284,2.9262011943875192,-2.1868278412267355,-3.3598247386583378
51.0,4.0,307.6243896484375,3.566742926103757,2.637417959018597,-2.6462655325985374,-4.951936973171277,-3.536902463075314,-2.0167611085549844,0.8223580965189594,2.9262011943875192,-2.17813251385867,-3.15107347114268
51.0,4.0,308.3594055175781,0.2600760102871688,0.2075467513521269,-3.6746780798898375,-1.7534662444261384,1.134999118546938,-0.2676590919682549,3.895914491639079,3.6137489673433,-0.0184833831456565,4.850381240497958
51.0,4.0,310.8083801269531,3.6182869746573263,2.5907720553798823,-0.6895044480389074,-4.609309766568853,-2.227030545820204,1.1747921578657974,1.134864007216666,1.1191777196604171,-4.073866532815873,1.995335890590646
51.0,4.0,311.92193603515625,-1.650629798857157,1.6272909335104375,-1.231878827096362,-2.847247580138752,2.290161352447964,2.155174209982479,1.4739921912782696,3.9979087558211326,-0.6349720388327698,4.493222564248433
51.0,4.0,312.6090087890625,-0.6895526818229593,0.2075467513521269,-3.675270362184704,-1.6969671194564824,-0.9941855173677,-0.4718219442581127,-0.6106022773325885,3.574883561791555,-0.0266391297113517,4.850381240497958
51.0,4.0,312.92877197265625,3.566742926103757,2.6408705604372806,-2.6462655325985374,-4.7327553039881,-3.55610223773806,-1.958774895108484,0.9288817556859622,2.937516751431631,-2.2058374569486543,-3.365711821177226
51.0,4.0,314.27752685546875,-0.6728410179358679,1.2452163217696897,-2.6878785041460613,1.2957020613890924,-1.169162045718447,-2.257617310627517,4.7884722817532825,4.337847006487926,-2.471021944362624,3.3206301194505885
51.0,4.0,314.65643310546875,3.76119108752739,1.6696889437571103,-1.2238667596877555,-3.360584828042973,-0.0005661669161686,2.6160414652776733,0.4992303693433976,2.688972766407063,-1.8479891521402791,3.5284686071026066
51.0,4.0,317.8500061035156,3.2908219181866283,2.688572373770392,-0.7425094094168359,-2.759191050286049,-0.0835207379663556,2.627242656177128,0.5101526575641788,2.918610881347649,-3.388611363882906,3.360677273258676
51.0,4.0,317.98004150390625,-2.0082925471303588,2.416206705646321,-0.1568529536166492,-4.607343869670514,-2.23319386160026,-2.108585089791171,0.9840786267279648,1.1191777196604171,-4.086544958662618,1.8578902564233035
51.0,4.0,320.1197509765625,3.566742926103757,2.6408705604372806,-2.6462655325985374,-4.301028850997956,-3.55610223773806,-1.958774895108484,0.9288817556859622,3.294172698595066,-2.2058374569486543,-3.365711821177226
51.0,4.0,321.52099609375,-1.49678061205961,2.6408705604372806,-3.3166211223706266,-4.715680083507613,-3.350774124463705,1.852517047573216,0.8254276657709629,1.7456156183338138,-3.5084190908622004,-3.5311381573582583
51.0,4.0,321.59130859375,-2.3897203000610783,1.6731475866680567,-1.1047142587949352,-4.34301318570969,-2.672386585678198,-4.73662718691912,0.3001115774204022,2.306766675039184,-4.32499426672654,4.133468991587035
51.0,4.0,322.5718994140625,-2.3897203000610783,1.6731475866680567,-1.1047142587949352,-4.34301318570969,-3.329556510283087,-4.73662718691912,0.3001115774204022,2.306766675039184,-4.318501147299859,4.133468991587035
51.0,4.0,327.43560791015625,-1.42460402716291,2.535928919265297,-1.1047142587949352,-2.848821050221782,-0.0238131544544604,2.20088324230632,0.9909335387969784,2.7502080424242195,-3.5615861880916952,4.168507493400821
51.0,5.0,177.34840393066406,-0.8469723230012638,2.58929278370879,-2.690222146931795,-2.759191050286049,-0.1562328706451167,-0.4852721056686266,0.6771014280671521,2.9262011943875192,-3.499968362797608,3.2034049165742413
51.0,5.0,210.21240234375,3.689246309759966,2.6408705604372806,-3.4118777051803906,-4.951936973171277,-3.350774124463705,1.852517047573216,0.8254276657709629,1.75604662316778,-1.9056247762141445,-3.3598247386583378
51.0,5.0,212.18551635742188,1.7041665437923963,1.2334694570621596,-2.6462655325985374,-4.924854479167053,-3.411367255502423,0.6471855508790147,0.6810973469525043,1.7542793865404192,-3.592658390077835,-3.021678235993748
51.0,5.0,215.9912109375,3.689246309759966,2.587335775330085,-3.4118777051803906,-4.951936973171277,-3.350774124463705,1.852517047573216,1.117241514066925,1.4270896656730807,-1.9056247762141445,-3.248883242174335
51.0,5.0,216.09451293945312,3.8209111310329513,1.2334694570621596,-2.6462655325985374,-4.924854479167053,-3.411367255502423,0.6471855508790147,0.6810973469525043,1.7542793865404192,-1.994328633483184,-3.016985520111615
51.0,5.0,218.0502319335937,3.689246309759966,2.6408705604372806,-2.6462655325985374,-4.951936973171277,-3.350774124463705,0.6471855508790147,0.8254276657709629,1.75604662316778,-1.9412757273846828,-3.3598247386583378
51.0,5.0,218.3676147460937,3.689246309759966,2.6408705604372806,-2.6462655325985374,-4.951936973171277,-2.693604199858811,0.6471855508790147,1.4892292905460562,1.75604662316778,-1.947740625092844,-3.088537847839979
51.0,5.0,219.56333923339844,3.9751987610332513,2.587335775330085,-3.4118777051803906,-4.035086159062445,-1.1310210305295334,2.1582932692118684,1.248237416156363,1.0510181181906988,-1.9013892955396297,-3.248883242174335
51.0,5.0,219.67950439453125,2.321787216033127,2.6778083689331247,-4.963424505466835,-3.0636354803308983,-0.5086453811142753,4.958449061453656,1.4739921912782696,3.998764528259499,4.100001660549548,-3.2696065803675065
51.0,5.0,221.43426513671875,3.0685914732946835,2.6778083689331247,-4.949801121512706,-3.435859560217862,0.2183334946909676,4.9831813954575335,1.4739921912782696,3.9979087558211326,4.100001660549548,-3.2289429858309706
51.0,5.0,222.1044006347656,3.689246309759966,2.6408705604372806,-2.6462655325985374,-4.951936973171277,-3.323713285940486,0.6234885084973685,1.4892292905460562,1.75604662316778,-1.7386701451673368,-3.3558888891791727
51.0,5.0,225.59703063964844,3.693412917462734,2.638265042578733,-2.658496724062064,-4.951936973171277,-3.536902463075314,1.8389376447747456,0.8223580965189594,2.7687127503648385,-1.9245133756626007,-3.15107347114268
51.0,5.0,226.51687622070312,3.552631439434266,1.0802926648961513,-2.658533878727677,-4.950327003422277,-3.260787465219732,1.852517047573216,0.8201476712972029,1.75604662316778,-1.9056247762141445,-3.315926225958958
51.0,5.0,230.1910400390625,3.689246309759966,2.64119900794365,-2.6462655325985374,-4.951936973171277,-3.377766699777813,0.5498506859801333,1.6509961242205144,1.804569869139088,-1.9412757273846828,-3.3599924109031853
51.0,5.0,239.13790893554688,1.5725010432913735,2.6408705604372806,-2.6462655325985374,-4.951936973171277,-4.067328738412071,0.6471855508790147,0.8254276657709629,1.75604662316778,-3.5396054810309248,-3.3645174545404704
51.0,5.0,243.0629730224609,-1.650629798857157,1.6272909335104375,-4.954089117572587,-3.049593707525661,2.1951487685331914,-0.540227216685429,1.4739921912782696,3.9979087558211326,-0.5437423807430644,4.491857161264933
51.0,5.0,243.0629730224609,-1.650629798857157,1.6272909335104375,-4.954089117572587,-3.032093662565165,2.1951487685331914,-0.540227216685429,1.4739921912782696,3.9979087558211326,-0.5437423807430644,4.491857161264933
51.0,5.0,244.6767578125,-0.0173029954738874,0.0888191052124059,-2.9204587247518896,-4.080379709771376,3.467401965254469,-0.4493654801539672,-0.8458292216903948,3.610382551499691,-0.595905954959107,4.8781605669431904
51.0,5.0,244.8112030029297,1.7041665437923963,1.2334694570621596,-2.6462655325985374,-4.996049719291709,-3.411367255502423,0.6471855508790147,0.6810973469525043,1.75604662316778,-2.5445653714103296,-4.592595994042865
51.0,5.0,247.43585205078125,3.9220107009813407,0.1899266567777484,-3.418570360697092,-3.217710940193052,-0.5222087222487997,1.835603246894217,1.516618626076494,4.019593622083245,-0.1765304293208633,-3.2690606222216267
51.0,5.0,250.17916870117188,2.304460788928197,1.2334694570621596,-2.6462655325985374,-4.996049719291709,-3.411367255502423,0.6471855508790147,0.6810973469525043,1.75604662316778,-2.5445653714103296,-4.592595994042865
51.0,5.0,250.2842712402344,1.7041665437923963,1.2334694570621596,-2.4293524098127683,-4.944875684938276,-3.414160650791902,0.6471855508790147,0.6810973469525043,1.2678667777743875,-2.5445653714103296,-4.592595994042865
51.0,5.0,250.2842712402344,1.7041665437923963,1.2334694570621596,-2.4293524098127683,-4.944875684938276,-3.414160650791902,0.6471855508790147,0.8339075807753831,1.2678667777743875,-2.5445653714103296,-4.592595994042865
51.0,5.0,251.29171752929688,0.2179018076125709,0.0888191052124059,-3.1977116503360032,-4.080379709771376,3.467401965254469,-0.4493654801539672,-0.8458292216903948,3.610382551499691,-0.595905954959107,4.8781605669431904
51.0,5.0,253.71875,-1.5277200954058296,2.6408705604372806,-4.6148581304379945,-4.951936973171277,-3.350774124463705,0.9234689809628568,0.8258695280935532,1.75604662316778,-1.896392583375848,-3.434793815518752
51.0,5.0,253.9224548339844,1.7440624121437998,2.6408705604372806,-3.528063715113155,-4.951936973171277,-2.6645137752225336,-1.6510763487237654,1.1576768058912703,1.75604662316778,-1.947740625092844,-3.0820658115214066
51.0,5.0,254.17648315429688,1.7415488318312735,0.2053606980947169,-3.4913399098613542,-2.346910201426105,-1.150415716833901,-1.5521697276981308,1.168791510667363,1.7094129095842558,-3.569068152945508,-2.4676042844727526
51.0,5.0,254.3153686523437,0.2179018076125709,0.0888191052124059,-3.1977116503360032,-3.54765318432418,3.467401965254469,-0.4493654801539672,-0.8458292216903948,3.610382551499691,-0.595905954959107,4.8781605669431904
51.0,5.0,256.00909423828125,0.2179018076125709,0.6982479907243708,-3.1977116503360032,-1.7141945362003492,3.467401965254469,-0.4493654801539672,-0.8350778784320809,3.610382551499691,-0.595905954959107,4.8781605669431904
51.0,5.0,256.00909423828125,0.2179018076125709,0.6982479907243708,-3.1977116503360032,-1.7141945362003492,3.467401965254469,-0.4493654801539672,-0.8350778784320809,3.5691405684677244,-0.595905954959107,4.810854836810528
51.0,5.0,256.59619140625,3.5625763184009887,2.58648869176995,-4.9000517861151565,-4.951936973171277,-3.350774124463705,-2.0031816976827828,1.117241514066925,1.424611504980692,-2.1592439144102133,-3.248883242174335
51.0,5.0,256.6910400390625,2.304460788928197,1.2334694570621596,-2.6462655325985374,-4.996049719291709,-3.411367255502423,0.6471855508790147,0.6810973469525043,2.783286189652066,-2.5445653714103296,-4.768041202840758
51.0,5.0,258.9098205566406,2.304460788928197,1.2334694570621596,-2.6462655325985374,-4.996049719291709,-3.411367255502423,0.6471855508790147,0.6810973469525043,1.7941759618483548,-2.5445653714103296,-4.592342545550654
51.0,5.0,266.51416015625,3.792056881427535,2.535928919265297,-2.810341165169766,-3.0511671776086904,-0.1188257387899949,-0.4937912773372053,0.9904916764743882,2.7502080424242195,-3.515238684881705,4.2343451013746
51.0,5.0,269.0952453613281,1.9953110422791125,0.2645828321315618,-3.356122006512635,-2.742444361640509,0.0165666148318063,0.8032025797517759,0.6768618040014426,1.8892155036630225,-3.4507834699085222,3.3920070410800247
51.0,5.0,269.4223022460937,2.304460788928197,1.2334694570621596,-2.6462655325985374,-4.996049719291709,-3.411367255502423,0.6471855508790147,1.9332663459751869,2.745156850971455,-2.5445653714103296,-4.768294651329859
51.0,5.0,269.5517578125,-1.6125299980453345,0.1899266567777484,-4.949801121512706,-3.075547189016926,-0.5222087222487997,-0.4153261432000916,1.4920510846845008,3.9979087558211326,-0.1765304293208633,-3.2690606222216267
51.0,5.0,269.5517578125,-1.6125299980453345,0.1899266567777484,-4.949801121512706,-3.075547189016926,-0.5222087222487997,-0.4153261432000916,1.4920510846845008,3.902697145578288,-0.1765304293208633,-3.2690606222216267
51.0,5.0,271.649169921875,3.665520581625345,2.7287859880266536,-2.902603434633117,-3.994065487468188,-1.0272055546292662,2.451597095989424,2.7068325754448206,0.9025321251765536,-1.9724475474953849,-3.0191299858240224
51.0,5.0,273.6939697265625,1.6602938170859465,1.2324859015980956,-2.6462655325985374,-2.6915003374106785,2.254840750657106,0.6471855508790147,0.6810973469525043,1.7542793865404192,-0.5805736210374493,4.373698222685297
51.0,5.0,280.05035400390625,0.2179018076125709,0.7156356398121037,-3.219727254850809,-4.876973504094984,4.057055246193721,-0.4365241842246959,-1.4575120600718845,2.787057811773249,-0.595905954959107,4.8781605669431904
51.0,5.0,281.388427734375,-1.42460402716291,2.535928919265297,-4.780362853608946,-3.0511671776086904,-0.1188257387899949,-0.4945181851266402,0.9909335387969784,2.7502080424242195,-3.470355543203736,4.16714209041645
51.0,5.0,282.49249267578125,3.6034599674183134,1.3451264054688354,-1.0424196100097394,-4.9521488449315125,-3.411367255502423,0.6471855508790147,0.6838059547186364,1.75604662316778,-2.546112206680408,-3.4620041937292223
51.0,5.0,282.7513427734375,1.5945563787773536,0.2932684349265364,-3.399609359051204,-4.997865329881448,-3.3528570924550447,0.6471855508790147,0.6227565721502328,1.7103680461831572,-3.883069937760899,-4.736861332953417
51.0,5.0,283.2197265625,-1.650629798857157,2.6778083689331247,-4.949801121512706,-3.051852329287933,-0.5086453811142753,4.964840164988399,1.4739921912782696,3.9979087558211326,4.100001660549548,-3.2696065803675065
51.0,5.0,283.2197265625,-1.650629798857157,2.6778083689331247,-4.949801121512706,-3.051852329287933,-0.5086453811142753,4.964840164988399,1.4739921912782696,3.9979087558211326,4.100001660549548,-3.2696065803675065
51.0,5.0,283.2197265625,-1.650629798857157,2.6778083689331247,-4.949801121512706,-3.051852329287933,-0.5086453811142753,4.964840164988399,1.4739921912782696,3.9979087558211326,4.100001660549548,-3.2696065803675065
51.0,5.0,283.2201232910156,3.665520581625345,2.7287859880266536,-1.7386128840611288,-4.019580783471847,-1.1287649466725216,2.1867293198785025,2.7068325754448206,1.066655968682662,-2.1333398813665245,-3.0191299858240224
51.0,5.0,283.2490539550781,3.6894269995828535,2.7287859880266536,-1.7386128840611288,-4.933348297886711,-3.3485180241625536,1.8412446385271948,2.575836673347688,1.442727516165044,-2.13757536204104,-2.328146295959609
51.0,5.0,284.29071044921875,3.689246309759966,3.63175938021313,-2.6462655325985374,-4.951936973171277,-2.7476576136961315,0.5498506859801333,1.6509961242205144,1.804569869139088,-1.9411162549456944,-3.092641369563992
51.0,6.0,169.33639526367188,-0.8469723230012638,2.5935198559345074,-2.687029768634449,-2.759191050286049,-2.7938456606226065,-0.4852721056686266,0.6771014280671521,2.9262011943875192,-3.499968362797608,3.2034049165742413
51.0,6.0,177.34840393066406,-0.8469723230012638,2.58929278370879,-2.690222146931795,-2.759191050286049,-0.1562328706451167,-0.4852721056686266,0.6771014280671521,2.9262011943875192,-3.499968362797608,3.2034049165742413
51.0,6.0,185.0093994140625,-0.8469723230012638,2.5873398797649214,-3.419638535377848,-2.759191050286049,-0.1562328706451167,-0.4867063202493745,0.6771014280671521,2.9262011943875192,-3.507742067391666,3.2034049165742413
51.0,6.0,202.53152465820312,3.689246309759966,1.6505348538186964,-4.923921671219357,-4.933509775734089,-3.4028099890690413,-0.7135680583040892,0.8254276657709629,1.75604662316778,-1.9412757273846828,-3.3598247386583378
51.0,6.0,207.4806060791016,2.7074223081658184,1.2334694570621596,-3.561132250063438,-4.996049719291709,-3.411367255502423,0.6471855508790147,0.6842029284940363,2.711723716496473,-2.5000022071702706,-3.0192180485622515
51.0,6.0,208.2645568847656,3.636119659615755,2.6408705604372806,-3.4118777051803906,-4.951936973171277,-3.4956926867289098,1.687028352088093,0.1968687220970117,1.75604662316778,-1.903609379343853,-3.3598247386583378
51.0,6.0,210.21240234375,3.689246309759966,2.6408705604372806,-3.4118777051803906,-4.951936973171277,-3.350774124463705,1.852517047573216,0.8254276657709629,1.75604662316778,-1.9056247762141445,-3.3598247386583378
51.0,6.0,210.21240234375,3.689246309759966,2.6411223217553315,-3.4118777051803906,-4.951936973171277,-3.350774124463705,1.852517047573216,0.8254276657709629,1.75604662316778,-1.9056247762141445,-3.3598247386583378
51.0,6.0,211.617431640625,1.7041665437923963,1.2334694570621596,-2.6462655325985374,-4.95165910169296,-3.411367255502423,0.6471855508790147,0.6810973469525043,1.7542793865404192,-3.592658390077835,-3.021678235993748
51.0,6.0,212.18551635742188,1.7041665437923963,1.2334694570621596,-2.6462655325985374,-4.924854479167053,-3.411367255502423,0.6471855508790147,0.6810973469525043,1.7542793865404192,-3.592658390077835,-3.021678235993748
51.0,6.0,214.4510498046875,0.9700854460601908,1.2168387555273197,-2.4293524098127683,-4.944875684938276,-3.414160650791902,0.6471855508790147,1.5345535813123312,3.9022725257995297,-0.252043391064519,-3.3028033255386053
51.0,6.0,215.87472534179688,1.7041706091727544,2.6408705604372806,-2.6462655325985374,-4.95470305652875,-3.415123436068561,0.6471855508790147,0.8254276657709629,1.75604662316778,-2.542875728868524,-3.3645174545404704
51.0,6.0,215.9912109375,3.689246309759966,2.587335775330085,-3.4118777051803906,-4.951936973171277,-3.350774124463705,1.852517047573216,1.117241514066925,1.4270896656730807,-1.9056247762141445,-3.248883242174335
51.0,6.0,215.9912109375,3.689246309759966,2.5870840140120346,-3.4118777051803906,-4.951936973171277,-3.350774124463705,1.852517047573216,1.117241514066925,1.4270896656730807,-1.9056247762141445,-3.248883242174335
51.0,6.0,216.09451293945312,3.8209111310329513,1.2334694570621596,-2.6462655325985374,-4.924854479167053,-3.411367255502423,0.6471855508790147,0.6810973469525043,1.7542793865404192,-1.994328633483184,-3.016985520111615
51.0,6.0,218.0502319335937,3.689246309759966,2.6408705604372806,-2.6462655325985374,-4.951936973171277,-3.350774124463705,0.6471855508790147,0.8254276657709629,1.75604662316778,-1.9412757273846828,-3.3598247386583378
51.0,6.0,218.3676147460937,3.689246309759966,2.6408705604372806,-2.6462655325985374,-4.951936973171277,-2.693604199858811,0.6471855508790147,1.4892292905460562,1.75604662316778,-1.947740625092844,-3.088537847839979
51.0,6.0,219.56333923339844,3.9751987610332513,2.587335775330085,-3.4118777051803906,-4.035086159062445,-1.1310210305295334,2.1582932692118684,1.248237416156363,1.0510181181906988,-1.9013892955396297,-3.248883242174335
51.0,6.0,219.67950439453125,2.321787216033127,2.6778083689331247,-4.963424505466835,-3.0636354803308983,-0.5086453811142753,4.958449061453656,1.4739921912782696,3.998764528259499,4.100001660549548,-3.2696065803675065
51.0,6.0,221.43426513671875,3.0685914732946835,2.6778083689331247,-4.949801121512706,-3.435859560217862,0.2183334946909676,4.9831813954575335,1.4739921912782696,3.9979087558211326,4.100001660549548,-3.2289429858309706
51.0,6.0,222.1044006347656,3.689246309759966,2.6408705604372806,-2.6462655325985374,-4.951936973171277,-3.323713285940486,0.6234885084973685,1.4892292905460562,1.75604662316778,-1.7386701451673368,-3.3558888891791727
51.0,6.0,222.90826416015625,2.331960384759965,2.6428171858660425,-2.6462655325985374,-4.9286472180684,-3.377766699777813,0.4931699461560423,1.4770057088108957,1.782651052597303,-1.9412757273846828,-3.3599924109031853
51.0,6.0,225.171875,3.0675706231282147,1.2334694570621596,-2.6462655325985374,-4.984587681243889,-3.411367255502423,0.6567474365514201,0.5959835671785707,1.7542793865404192,-1.994328633483184,-3.016985520111615
51.0,6.0,225.55242919921875,1.7041665437923963,1.2334694570621596,-2.4148674425504373,-4.975734409920053,-3.4113110440296275,0.6471855508790147,0.6810973469525043,1.798012107055277,-2.5445653714103296,-2.947418588587764
51.0,6.0,225.59703063964844,3.693412917462734,2.638265042578733,-2.658496724062064,-4.951936973171277,-3.536902463075314,1.8389376447747456,0.8223580965189594,2.7687127503648385,-1.9245133756626007,-3.15107347114268
51.0,6.0,225.8915100097656,1.7440624121437998,2.857260572550117,-2.85034568176994,-4.951936973171277,-2.901688946377972,-0.4407573169127642,1.251112317888565,2.7173301213449954,-1.947740625092844,-3.0820658115214066
51.0,6.0,226.51687622070312,3.552631439434266,1.0802926648961513,-2.658533878727677,-4.950327003422277,-3.260787465219732,1.852517047573216,0.8201476712972029,1.75604662316778,-1.9056247762141445,-3.315926225958958
51.0,6.0,226.59689331054688,3.9751987610332513,2.5892886792739533,-2.6824613167342988,-4.035086159062445,-1.1310210305295334,2.15972748333898,1.248237416156363,1.121609676778638,-1.8936155894148112,-3.248883242174335
51.0,6.0,227.07794189453125,3.074235926171892,2.6421257596267744,-2.7219102829563058,-4.974550478806939,-0.2045099828994701,0.4297713842595589,0.5108591321972349,1.6642093034315086,-1.9412757273846828,-3.3533971559193927
51.0,6.0,229.40707397460932,2.321787216033127,2.6765531697436304,-4.863518479903421,-2.990037807004322,-3.6548991141053104,4.976899302229249,1.4739921912782696,4.090593407902491,4.100001660549548,-3.276034163106452
51.0,6.0,230.1910400390625,3.689246309759966,2.64119900794365,-2.6462655325985374,-4.951936973171277,-3.377766699777813,0.5498506859801333,1.6509961242205144,1.804569869139088,-1.9412757273846828,-3.3599924109031853
51.0,6.0,237.07778930664065,0.2179018076125709,0.0888191052124059,-3.1977116503360032,-3.54765318432418,3.467401965254469,-0.4493654801539672,-0.8458292216903948,3.686083648797552,-0.595905954959107,4.8781605669431904
51.0,6.0,238.0325164794922,3.6790731402673775,2.676190191010732,-4.963424505466835,-3.0720685612762706,-0.5086453811142753,4.934424891777047,1.6479826066878884,3.967885756815004,4.100001660549548,-3.2696065803675065
51.0,6.0,239.13790893554688,1.5725010432913735,2.6408705604372806,-2.6462655325985374,-4.951936973171277,-4.067328738412071,0.6471855508790147,0.8254276657709629,1.75604662316778,-3.5396054810309248,-3.3645174545404704
51.0,6.0,240.92832946777344,1.5725010432913735,2.6408705604372806,-2.7147750535964743,-4.951936973171277,-4.067328738412071,0.6471855508790147,0.8254276657709629,1.6803454441872818,-3.5396054810309248,-3.3645174545404704
51.0,6.0,242.73150634765625,3.5625763184009887,1.2157649426702046,-4.964684467749597,-4.994727660600269,-3.413340734961169,-2.009916652576288,1.117241514066925,1.4249891373737875,-2.545644907005459,-3.248883242174335
51.0,6.0,243.0629730224609,-1.650629798857157,1.6272909335104375,-4.954089117572587,-3.049593707525661,2.1951487685331914,-0.540227216685429,1.4739921912782696,3.9979087558211326,-0.5437423807430644,4.491857161264933
51.0,6.0,243.0629730224609,-1.650629798857157,1.6272909335104375,-4.954089117572587,-3.032093662565165,2.1951487685331914,-0.540227216685429,1.4739921912782696,3.9979087558211326,-0.5437423807430644,4.491857161264933
51.0,6.0,244.428955078125,0.2710219764316022,0.0888191052124059,-3.1977116503360032,-4.080379709771376,3.612057061253208,-0.2838767846901084,-0.8127916876506196,3.610382551499691,-0.5979213518293829,4.8781605669431904
51.0,6.0,244.6767578125,-0.0173029954738874,0.0888191052124059,-2.9204587247518896,-4.080379709771376,3.467401965254469,-0.4493654801539672,-0.8458292216903948,3.610382551499691,-0.595905954959107,4.8781605669431904
51.0,6.0,244.7135009765625,3.821931981197661,2.6778083689331247,-4.949801121512706,-3.312074218787368,0.2183334946909676,4.8963711526564175,1.4879973798182906,3.9979087558211326,4.100001660549548,-3.2289429858309706
51.0,6.0,244.8112030029297,1.7041665437923963,1.2334694570621596,-2.6462655325985374,-4.996049719291709,-3.411367255502423,0.6471855508790147,0.6810973469525043,1.75604662316778,-2.5445653714103296,-4.592595994042865
51.0,6.0,245.08740234375,3.552631439434266,1.0802926648961513,-2.658533878727677,-4.944907246595177,-3.260787465219732,1.852517047573216,0.8201476712972029,1.742265276371174,-2.535206987319864,-3.315926225958958
51.0,6.0,247.43585205078125,3.9220107009813407,0.1899266567777484,-3.418570360697092,-3.217710940193052,-0.5222087222487997,1.835603246894217,1.516618626076494,4.019593622083245,-0.1765304293208633,-3.2690606222216267
51.0,6.0,248.3916931152344,3.891708361381341,0.2119310011996327,-4.92260841042551,-3.2152387479333804,-0.5222087222487997,1.835603246894217,1.516618626076494,4.021197180142061,-0.1765304293208633,-3.2690606222216267
51.0,6.0,249.60916137695312,3.649142350790544,2.587335775330085,-3.4023847292666582,-4.951936973171277,-1.136627915371775,1.852517047573216,1.914458660273081,1.4270896656730807,-1.875982128888088,-3.248883242174335
51.0,6.0,250.17916870117188,2.304460788928197,1.2334694570621596,-2.6462655325985374,-4.996049719291709,-3.411367255502423,0.6471855508790147,0.6810973469525043,1.75604662316778,-2.5445653714103296,-4.592595994042865
51.0,6.0,250.2842712402344,1.7041665437923963,1.2334694570621596,-2.4293524098127683,-4.944875684938276,-3.414160650791902,0.6471855508790147,0.6810973469525043,1.2678667777743875,-2.5445653714103296,-4.592595994042865
51.0,6.0,250.2842712402344,1.7041665437923963,1.2334694570621596,-2.4293524098127683,-4.944875684938276,-3.414160650791902,0.6471855508790147,0.8339075807753831,1.2678667777743875,-2.5445653714103296,-4.592595994042865
51.0,6.0,250.2842712402344,1.7041665437923963,1.2334694570621596,-2.4293524098127683,-4.950295441765375,-3.414160650791902,0.6471855508790147,0.6810973469525043,1.2816481245709936,-2.5445653714103296,-4.592595994042865
51.0,7.0,169.33639526367188,-0.8469723230012638,2.5935198559345074,-2.687029768634449,-2.759191050286049,-2.7938456606226065,-0.4852721056686266,0.6771014280671521,2.9262011943875192,-3.499968362797608,3.2034049165742413
51.0,7.0,169.33639526367188,-0.8469723230012638,2.5935198559345074,-2.687029768634449,-2.759191050286049,-2.7938456606226065,-0.4852721056686266,0.6771014280671521,2.9262011943875192,-3.499968362797608,3.2034049165742413
51.0,7.0,169.7266845703125,-1.0757043245732412,2.6738190192360185,-2.687029768634449,-2.759191050286049,-2.7938456606226065,-0.4852721056686266,0.6771014280671521,2.9262011943875192,-3.499968362797608,3.2034049165742413
51.0,7.0,177.34840393066406,-0.8469723230012638,2.58929278370879,-2.690222146931795,-2.759191050286049,-0.1562328706451167,-0.4852721056686266,0.6771014280671521,2.9262011943875192,-3.499968362797608,3.2034049165742413
51.0,7.0,177.34840393066406,-0.8469723230012638,2.5893568380251084,-2.690222146931795,-2.759191050286049,-0.1562328706451167,-0.4852721056686266,0.6771014280671521,2.9262011943875192,-3.499968362797608,3.2034049165742413
51.0,7.0,185.0093994140625,-0.8469723230012638,2.5873398797649214,-3.419638535377848,-2.759191050286049,-0.1562328706451167,-0.4867063202493745,0.6771014280671521,2.9262011943875192,-3.507742067391666,3.2034049165742413
51.0,7.0,187.37417602539065,-0.8469723230012638,2.649721246651932,-3.419638535377848,-2.759191050286049,-0.1562328706451167,-0.9676692197049294,0.6771014280671521,2.9262011943875192,-3.507742067391666,3.2034049165742413
51.0,7.0,192.1189117431641,3.0675706231282147,1.2334694570621596,-3.564023757596723,-4.97428531275803,-3.411367255502423,0.6567474365514201,0.5959835671785707,1.7535285308746786,-1.994328633483184,-3.016985520111615
51.0,7.0,196.87811279296875,1.6387954109456242,2.58929278370879,-2.690222146931795,-2.9456530261167595,-0.0514815663692211,-0.7772910447787178,1.262807788037681,2.9262011943875192,-1.9992556909082364,3.2034049165742413
51.0,7.0,202.21368408203125,1.7041665437923963,1.2155856691912237,-3.461406952958652,-4.9519403826945,-3.411367255502423,0.6471855508790147,0.4996013709522539,1.7542793865404192,-3.232611727657012,-3.021678235993748
51.0,7.0,202.53152465820312,3.689246309759966,1.6505348538186964,-4.923921671219357,-4.933509775734089,-3.4028099890690413,-0.7135680583040892,0.8254276657709629,1.75604662316778,-1.9412757273846828,-3.3598247386583378
51.0,7.0,207.4806060791016,2.7074223081658184,1.2334694570621596,-3.561132250063438,-4.996049719291709,-3.411367255502423,0.6471855508790147,0.6842029284940363,2.711723716496473,-2.5000022071702706,-3.0192180485622515
51.0,7.0,207.4806060791016,2.7074223081658184,1.2334694570621596,-3.561132250063438,-4.996049719291709,-3.411367255502423,0.6471855508790147,0.6306556056217969,2.711723716496473,-2.5000022071702706,-3.0192180485622515
51.0,7.0,208.2645568847656,3.636119659615755,2.6408705604372806,-3.4118777051803906,-4.951936973171277,-3.4956926867289098,1.687028352088093,0.1968687220970117,1.75604662316778,-1.903609379343853,-3.3598247386583378
51.0,7.0,208.2645568847656,3.636119659615755,2.6408705604372806,-3.4118777051803906,-4.951936973171277,-3.4956926867289098,1.687028352088093,0.1968687220970117,1.75604662316778,-1.903609379343853,-3.3598247386583378
51.0,7.0,208.81570434570312,0.9700854460601908,1.2168387555273197,-2.653195879549012,-4.944875684938276,-3.260905606166612,1.2315230321443893,1.5345535813123312,3.9022725257995297,-0.252043391064519,-3.3028033255386053
51.0,7.0,210.21240234375,3.689246309759966,2.6408705604372806,-3.4118777051803906,-4.951936973171277,-3.350774124463705,1.852517047573216,0.8254276657709629,1.75604662316778,-1.9056247762141445,-3.3598247386583378
51.0,7.0,210.21240234375,3.689246309759966,2.6411223217553315,-3.4118777051803906,-4.951936973171277,-3.350774124463705,1.852517047573216,0.8254276657709629,1.75604662316778,-1.9056247762141445,-3.3598247386583378
51.0,7.0,211.617431640625,1.7041665437923963,1.2334694570621596,-2.6462655325985374,-4.95165910169296,-3.411367255502423,0.6471855508790147,0.6810973469525043,1.7542793865404192,-3.592658390077835,-3.021678235993748
51.0,7.0,211.917236328125,3.608456524237599,1.2358288552405727,-2.6462655325985374,-4.951936973171277,-3.467791341661809,0.6471855508790147,1.4892292905460562,1.75604662316778,-1.947740625092844,-3.09504925682814
51.0,7.0,212.18551635742188,1.7041665437923963,1.2334694570621596,-2.6462655325985374,-4.924854479167053,-3.411367255502423,0.6471855508790147,0.6810973469525043,1.7542793865404192,-3.592658390077835,-3.021678235993748
51.0,7.0,212.58059692382807,3.601778357303261,2.6408705604372806,-2.8217829282910123,-4.8440353054786245,-3.4999285996482805,1.687028352088093,0.6916937258875968,1.75604662316778,-1.903609379343853,-3.3479035985865844
51.0,7.0,214.4129638671875,3.689246309759966,1.6505348538186964,-4.923921671219357,-4.933509775734089,-3.4042341837471963,0.6453156022130953,0.8254276657709629,2.931596345074619,-1.9412757273846828,-3.3598247386583378
51.0,7.0,214.4510498046875,0.9700854460601908,1.2168387555273197,-2.4293524098127683,-4.944875684938276,-3.414160650791902,0.6471855508790147,1.5345535813123312,3.9022725257995297,-0.252043391064519,-3.3028033255386053
51.0,7.0,214.9275360107422,1.7041706091727544,2.6408705604372806,-2.6462655325985374,-4.969713656133487,-3.415123436068561,0.8028805840528275,0.8254276657709629,1.75604662316778,-2.542875728868524,-3.3645174545404704
51.0,7.0,215.87472534179688,1.7041706091727544,2.6408705604372806,-2.6462655325985374,-4.95470305652875,-3.415123436068561,0.6471855508790147,0.8254276657709629,1.75604662316778,-2.542875728868524,-3.3645174545404704
51.0,7.0,215.87472534179688,1.7041706091727544,2.6408705604372806,-2.6462655325985374,-4.95470305652875,-3.415123436068561,0.6471855508790147,0.8254276657709629,1.75604662316778,-2.542875728868524,-3.3645174545404704
51.0,7.0,215.9912109375,3.689246309759966,2.587335775330085,-3.4118777051803906,-4.951936973171277,-3.350774124463705,1.852517047573216,1.117241514066925,1.4270896656730807,-1.9056247762141445,-3.248883242174335
51.0,7.0,215.9912109375,3.689246309759966,2.5870840140120346,-3.4118777051803906,-4.951936973171277,-3.350774124463705,1.852517047573216,1.117241514066925,1.4270896656730807,-1.9056247762141445,-3.248883242174335
51.0,7.0,215.9912109375,3.689246309759966,2.600120202532151,-3.4118777051803906,-4.951905185531229,-3.3457310927223216,1.852517047573216,1.101995615688104,1.466214330989053,-1.9056247762141445,-3.248883242174335
51.0,7.0,216.09451293945312,3.8209111310329513,1.2334694570621596,-2.6462655325985374,-4.924854479167053,-3.411367255502423,0.6471855508790147,0.6810973469525043,1.7542793865404192,-1.994328633483184,-3.016985520111615
51.0,7.0,216.4314117431641,3.552631439434266,1.067256476371909,-2.658533878727677,-4.9503587910623255,-3.352176757149919,1.852517047573216,0.8353935696760239,1.4183954435384492,-1.9056247762141445,-3.315926225958958
51.0,7.0,217.8745880126953,3.0675706231282147,2.6269024570209742,-2.646061776238001,-4.951174662181153,-3.411998355206442,0.6567474365514201,0.5959835671785707,2.77268410627226,-1.994328633483184,-3.016985520111615
51.0,7.0,218.0502319335937,3.689246309759966,2.6408705604372806,-2.6462655325985374,-4.951936973171277,-3.350774124463705,0.6471855508790147,0.8254276657709629,1.75604662316778,-1.9412757273846828,-3.3598247386583378
51.0,7.0,218.3676147460937,3.689246309759966,2.6408705604372806,-2.6462655325985374,-4.951936973171277,-2.693604199858811,0.6471855508790147,1.4892292905460562,1.75604662316778,-1.947740625092844,-3.088537847839979
51.0,7.0,218.3676147460937,3.689246309759966,2.6408705604372806,-2.6462655325985374,-4.951936973171277,-2.693604199858811,0.6471855508790147,1.4892292905460562,1.75604662316778,-1.947740625092844,-3.088537847839979
51.0,7.0,219.41873168945312,3.689117691852312,2.6739678437044048,-3.617528499957276,-2.8581368708980546,-3.350774124463705,1.9088516195412943,1.5363538343751708,1.4270896656730807,-1.7529916231059548,-3.2693990535053428
51.0,7.0,219.56333923339844,3.9751987610332513,2.587335775330085,-3.4118777051803906,-4.035086159062445,-1.1310210305295334,2.1582932692118684,1.248237416156363,1.0510181181906988,-1.9013892955396297,-3.248883242174335
51.0,7.0,219.67950439453125,2.321787216033127,2.6778083689331247,-4.963424505466835,-3.0636354803308983,-0.5086453811142753,4.958449061453656,1.4739921912782696,3.998764528259499,4.100001660549548,-3.2696065803675065
51.0,7.0,221.43426513671875,3.0685914732946835,2.6778083689331247,-4.949801121512706,-3.435859560217862,0.2183334946909676,4.9831813954575335,1.4739921912782696,3.9979087558211326,4.100001660549548,-3.2289429858309706
51.0,7.0,221.67987060546875,3.689246309759966,2.6587543483055134,-2.596736284819556,-4.951655692169736,-3.350774124463705,1.852517047573216,0.8248270227199838,1.75604662316778,-1.9056247762141445,-3.3598247386583378
51.0,7.0,222.1044006347656,3.689246309759966,2.6408705604372806,-2.6462655325985374,-4.951936973171277,-3.323713285940486,0.6234885084973685,1.4892292905460562,1.75604662316778,-1.7386701451673368,-3.3558888891791727
51.0,7.0,222.72238159179688,0.957449751653712,1.2157649426702046,-4.964684467749597,-4.994727660600269,-2.936765159074892,-1.808820491561128,1.117241514066925,1.8416648262737776,-2.481161073835928,-3.248883242174335
51.0,7.0,222.90826416015625,2.331960384759965,2.6428171858660425,-2.6462655325985374,-4.9286472180684,-3.377766699777813,0.4931699461560423,1.4770057088108957,1.782651052597303,-1.9412757273846828,-3.3599924109031853
51.0,7.0,225.171875,3.0675706231282147,1.2334694570621596,-2.6462655325985374,-4.984587681243889,-3.411367255502423,0.6567474365514201,0.5959835671785707,1.7542793865404192,-1.994328633483184,-3.016985520111615
51.0,7.0,225.55242919921875,1.7041665437923963,1.2334694570621596,-2.4148674425504373,-4.975734409920053,-3.4113110440296275,0.6471855508790147,0.6810973469525043,1.798012107055277,-2.5445653714103296,-2.947418588587764
51.0,7.0,225.59703063964844,3.693412917462734,2.638265042578733,-2.658496724062064,-4.951936973171277,-3.536902463075314,1.8389376447747456,0.8223580965189594,2.7687127503648385,-1.9245133756626007,-3.15107347114268
51.0,7.0,225.8915100097656,1.7440624121437998,2.857260572550117,-2.85034568176994,-4.951936973171277,-2.901688946377972,-0.4407573169127642,1.251112317888565,2.7173301213449954,-1.947740625092844,-3.0820658115214066
51.0,7.0,226.51687622070312,3.552631439434266,1.0802926648961513,-2.658533878727677,-4.950327003422277,-3.260787465219732,1.852517047573216,0.8201476712972029,1.75604662316778,-1.9056247762141445,-3.315926225958958
51.0,7.0,226.59689331054688,3.9751987610332513,2.5892886792739533,-2.6824613167342988,-4.035086159062445,-1.1310210305295334,2.15972748333898,1.248237416156363,1.121609676778638,-1.8936155894148112,-3.248883242174335
51.0,8.0,168.86843872070312,-0.0248846208776951,2.5873398797649214,-2.2974266773041787,-2.759191050286049,0.2732169947684262,-0.3194668497545462,0.6760269917146726,2.9262011943875192,-2.4936218141400426,3.2034049165742413
51.0,8.0,169.33639526367188,-0.8469723230012638,2.5935198559345074,-2.687029768634449,-2.759191050286049,-2.7938456606226065,-0.4852721056686266,0.6771014280671521,2.9262011943875192,-3.499968362797608,3.2034049165742413
51.0,8.0,169.33639526367188,-0.8469723230012638,2.5935198559345074,-2.687029768634449,-2.759191050286049,-2.7938456606226065,-0.4852721056686266,0.6771014280671521,2.9262011943875192,-3.499968362797608,3.2034049165742413
51.0,8.0,169.7266845703125,-1.0757043245732412,2.6738190192360185,-2.687029768634449,-2.759191050286049,-2.7938456606226065,-0.4852721056686266,0.6771014280671521,2.9262011943875192,-3.499968362797608,3.2034049165742413
51.0,8.0,169.7266845703125,-1.0757043245732412,2.6738190192360185,-2.687029768634449,-2.759191050286049,-2.7938456606226065,-0.4852721056686266,0.6771014280671521,2.9262011943875192,-3.499968362797608,3.2034049165742413
51.0,8.0,174.93582153320312,-0.8469723230012638,2.5935198559345074,-2.687029768634449,-2.759191050286049,-2.7938456606226065,-0.4852721056686266,0.6995602795586591,2.9262011943875192,-3.813387118968773,3.2034049165742413
51.0,8.0,175.09176635742188,-0.8469723230012638,2.5935198559345074,-2.687029768634449,-1.919383360446332,-3.045118417616253,-0.4852721056686266,0.6771014280671521,2.9262011943875192,-3.499968362797608,3.2034049165742413
51.0,8.0,177.34840393066406,-0.8469723230012638,2.58929278370879,-2.690222146931795,-2.759191050286049,-0.1562328706451167,-0.4852721056686266,0.6771014280671521,2.9262011943875192,-3.499968362797608,3.2034049165742413
51.0,8.0,177.34840393066406,-0.8469723230012638,2.5893568380251084,-2.690222146931795,-2.759191050286049,-0.1562328706451167,-0.4852721056686266,0.6771014280671521,2.9262011943875192,-3.499968362797608,3.2034049165742413
51.0,8.0,183.39132690429688,-1.0757043245732412,2.7768847269222245,-2.687029768634449,-4.986410058556758,-3.475431147809659,-0.3089949954515999,-0.3181207169966872,2.9262011943875192,-3.563948496534473,3.2034049165742413
51.0,8.0,184.91781616210932,3.608706970284909,1.1854004867578969,-4.745035847592439,-4.883564763786829,-3.4757700243272365,0.6471855508790147,0.8151042659079641,1.75248520589777,-1.9478691706676805,-2.376141196502477
51.0,8.0,185.0093994140625,-0.8469723230012638,2.5873398797649214,-3.419638535377848,-2.759191050286049,-0.1562328706451167,-0.4867063202493745,0.6771014280671521,2.9262011943875192,-3.507742067391666,3.2034049165742413
51.0,8.0,187.37417602539065,-0.8469723230012638,2.649721246651932,-3.419638535377848,-2.759191050286049,-0.1562328706451167,-0.9676692197049294,0.6771014280671521,2.9262011943875192,-3.507742067391666,3.2034049165742413
51.0,8.0,192.1189117431641,3.0675706231282147,1.2334694570621596,-3.564023757596723,-4.97428531275803,-3.411367255502423,0.6567474365514201,0.5959835671785707,1.7535285308746786,-1.994328633483184,-3.016985520111615
51.0,8.0,193.1552734375,3.0711299987175025,1.2334694570621596,-3.564023757596723,-4.952375433168594,-3.411367255502423,0.9485026426867568,0.5977553228843341,1.245680398273939,-1.993846365009696,-3.016985520111615
51.0,8.0,196.87811279296875,1.6387954109456242,2.58929278370879,-2.690222146931795,-2.9456530261167595,-0.0514815663692211,-0.7772910447787178,1.262807788037681,2.9262011943875192,-1.9992556909082364,3.2034049165742413
51.0,8.0,197.44552612304688,2.7074223081658184,1.2334694570621596,-3.2590329560782143,-4.996049719291709,-3.411367255502423,0.6471855508790147,0.6306556056217969,2.711723716496473,-2.096754117345587,-3.0192180485622515
51.0,8.0,198.0241851806641,-0.8469723230012638,2.589553304684386,-2.690222146931795,-3.1094421539073047,0.7788538819583478,-0.590810565394926,0.2088675302899074,2.9262011943875192,-3.499968362797608,3.2034049165742413
51.0,8.0,198.0868377685547,3.078449914961009,1.6220793625789949,-4.923921671219357,-4.933509775734089,-3.4028099890690413,-0.7135680583040892,0.8254276657709629,1.75604662316778,-1.9412757273846828,-3.3598247386583378
51.0,8.0,201.7066345214844,1.7041706091727544,2.6408705604372806,-2.6462655325985374,-4.969713656133487,-3.415123436068561,0.8028805840528275,0.8254276657709629,1.75604662316778,-2.542875728868524,-2.8324101692641617
51.0,8.0,201.8414306640625,1.7041665437923963,1.3002883562366536,-3.461406952958652,-4.951940380121993,-3.411367255502423,0.6101821541618715,0.4996013709522539,1.7542793865404192,-3.232611727657012,-3.021678235993748
51.0,8.0,202.21368408203125,1.7041665437923963,1.2155856691912237,-3.461406952958652,-4.9519403826945,-3.411367255502423,0.6471855508790147,0.4996013709522539,1.7542793865404192,-3.232611727657012,-3.021678235993748
51.0,8.0,202.21368408203125,1.7041665437923963,1.2155856691912237,-3.461406952958652,-4.9519403826945,-3.411367255502423,0.6471855508790147,0.4996013709522539,1.7542793865404192,-3.232611727657012,-3.021678235993748
51.0,8.0,202.53152465820312,3.689246309759966,1.6505348538186964,-4.923921671219357,-4.933509775734089,-3.4028099890690413,-0.7135680583040892,0.8254276657709629,1.75604662316778,-1.9412757273846828,-3.3598247386583378
51.0,8.0,206.5018615722656,3.689246309759966,2.556419634708514,-3.4118777051803906,-4.951936975743784,-3.350774124463705,1.889520444290342,0.8254276657709629,1.75604662316778,-1.9056247762141445,-3.3598247386583378
51.0,8.0,207.4806060791016,2.7074223081658184,1.2334694570621596,-3.561132250063438,-4.996049719291709,-3.411367255502423,0.6471855508790147,0.6842029284940363,2.711723716496473,-2.5000022071702706,-3.0192180485622515
51.0,8.0,207.4806060791016,2.7074223081658184,1.2334694570621596,-3.561132250063438,-4.996049719291709,-3.411367255502423,0.6471855508790147,0.6306556056217969,2.711723716496473,-2.5000022071702706,-3.0192180485622515
51.0,8.0,207.4806060791016,2.7074223081658184,1.2334694570621596,-3.561132250063438,-4.996049719291709,-3.411367255502423,0.6471855508790147,0.6306556056217969,2.711723716496473,-2.5000022071702706,-3.019223362418527
51.0,8.0,207.4806060791016,2.7074223081658184,1.2334694570621596,-3.561132250063438,-4.996049719291709,-3.411367255502423,0.6471855508790147,0.6842029284940363,2.711723716496473,-2.5000022071702706,-3.0192180485622515
51.0,8.0,208.2645568847656,3.636119659615755,2.6408705604372806,-3.4118777051803906,-4.951936973171277,-3.4956926867289098,1.687028352088093,0.1968687220970117,1.75604662316778,-1.903609379343853,-3.3598247386583378
51.0,8.0,208.2645568847656,3.636119659615755,2.6408705604372806,-3.4118777051803906,-4.951936973171277,-3.4956926867289098,1.687028352088093,0.1968687220970117,1.75604662316778,-1.903609379343853,-3.3598247386583378
51.0,8.0,208.81570434570312,0.9700854460601908,1.2168387555273197,-2.653195879549012,-4.944875684938276,-3.260905606166612,1.2315230321443893,1.5345535813123312,3.9022725257995297,-0.252043391064519,-3.3028033255386053
51.0,8.0,208.81570434570312,0.9700854460601908,1.2168387555273197,-2.653195879549012,-4.944875684938276,-3.260905606166612,1.2315230321443893,1.5345535813123312,3.9022725257995297,-0.252043391064519,-3.3028033255386053
51.0,8.0,210.21240234375,3.689246309759966,2.6408705604372806,-3.4118777051803906,-4.951936973171277,-3.350774124463705,1.852517047573216,0.8254276657709629,1.75604662316778,-1.9056247762141445,-3.3598247386583378
51.0,8.0,210.21240234375,3.689246309759966,2.6411223217553315,-3.4118777051803906,-4.951936973171277,-3.350774124463705,1.852517047573216,0.8254276657709629,1.75604662316778,-1.9056247762141445,-3.3598247386583378
51.0,8.0,210.49542236328125,3.685686934170646,2.931991655140427,-3.4118777051803906,-4.973846852759026,-3.350774124463705,1.7985706475089502,0.8236559100651996,1.753384128679294,-1.906107044687633,-3.3598247386583378
51.0,8.0,211.25119018554688,3.636119659615755,2.6406100394616847,-3.4118777051803906,-4.951936973171277,-3.4956926867289098,0.9241513316892604,0.6651026198742565,2.239729064769536,-2.04849511327978,-3.3598247386583378
51.0,8.0,211.617431640625,1.7041665437923963,1.2334694570621596,-2.6462655325985374,-4.95165910169296,-3.411367255502423,0.6471855508790147,0.6810973469525043,1.7542793865404192,-3.592658390077835,-3.021678235993748
51.0,8.0,211.617431640625,1.7041665437923963,1.2334694570621596,-2.6462655325985374,-4.95165910169296,-3.411367255502423,0.6471855508790147,0.6810973469525043,1.7542793865404192,-3.592658390077835,-3.0216729221374723
51.0,8.0,211.917236328125,3.608456524237599,1.2358288552405727,-2.6462655325985374,-4.951936973171277,-3.467791341661809,0.6471855508790147,1.4892292905460562,1.75604662316778,-1.947740625092844,-3.09504925682814
51.0,8.0,212.18551635742188,1.7041665437923963,1.2334694570621596,-2.6462655325985374,-4.924854479167053,-3.411367255502423,0.6471855508790147,0.6810973469525043,1.7542793865404192,-3.592658390077835,-3.021678235993748
51.0,8.0,212.58059692382807,3.601778357303261,2.6408705604372806,-2.8217829282910123,-4.8440353054786245,-3.4999285996482805,1.687028352088093,0.6916937258875968,1.75604662316778,-1.903609379343853,-3.3479035985865844
51.0,8.0,212.58059692382807,3.601778357303261,2.6408705604372806,-2.8217829282910123,-4.8440353054786245,-3.4999285996482805,1.687028352088093,0.6916937258875968,1.75604662316778,-1.903609379343853,-3.3479035985865844
51.0,8.0,214.4129638671875,3.689246309759966,1.6505348538186964,-4.923921671219357,-4.933509775734089,-3.4042341837471963,0.6453156022130953,0.8254276657709629,2.931596345074619,-1.9412757273846828,-3.3598247386583378
51.0,8.0,214.4510498046875,0.9700854460601908,1.2168387555273197,-2.4293524098127683,-4.944875684938276,-3.414160650791902,0.6471855508790147,1.5345535813123312,3.9022725257995297,-0.252043391064519,-3.3028033255386053
51.0,8.0,214.9275360107422,1.7041706091727544,2.6408705604372806,-2.6462655325985374,-4.969713656133487,-3.415123436068561,0.8028805840528275,0.8254276657709629,1.75604662316778,-2.542875728868524,-3.3645174545404704
51.0,8.0,215.66436767578125,3.689246309759966,2.587335775330085,-3.400207470644657,-4.951936973171277,-2.995915675213901,1.852517047573216,1.1130738651124257,1.4270896656730807,-1.892520857732511,-3.248883242174335
51.0,8.0,215.87472534179688,1.7041706091727544,2.6408705604372806,-2.6462655325985374,-4.95470305652875,-3.415123436068561,0.6471855508790147,0.8254276657709629,1.75604662316778,-2.542875728868524,-3.3645174545404704
51.0,8.0,215.87472534179688,1.7041706091727544,2.6408705604372806,-2.6462655325985374,-4.95470305652875,-3.415123436068561,0.6471855508790147,0.8254276657709629,1.75604662316778,-2.542875728868524,-3.3645174545404704
51.0,8.0,215.87472534179688,1.7041706091727544,2.6408705604372806,-2.6462655325985374,-4.95470305652875,-3.415123436068561,0.6471855508790147,0.8254276657709629,1.75604662316778,-2.542875728868524,-3.3645174545404704
51.0,9.0,160.61692810058594,-0.8469723230012638,1.7016723140824237,-4.962647684388273,-2.759191050286049,-0.1562328706451167,-0.4852721056686266,0.6810546864534266,2.9262011943875192,-1.963618573843733,3.2034049165742413
51.0,9.0,166.91123962402344,0.4160159629086613,2.589397464799932,-3.278658884483851,-2.7271746986966163,-0.1562328706451167,-0.4852721056686266,-0.1948606116811941,2.9262011943875192,-3.499968362797608,3.2034049165742413
51.0,9.0,168.20216369628906,-1.092429895001292,2.5935198559345074,-2.687029768634449,-2.75376904708133,-3.0348707442988347,-0.4852721056686266,0.6771014280671521,2.838414898203621,-3.499968362797608,3.2034049165742413
51.0,9.0,168.69183349609375,-0.8469723230012638,2.5935198559345074,-2.687029768634449,-2.759191050286049,-2.519506939773484,-0.4852721056686266,0.0401451546779367,2.9262011943875192,-3.813387118968773,3.2034049165742413
51.0,9.0,168.86843872070312,-0.0248846208776951,2.5873398797649214,-2.2974266773041787,-2.759191050286049,0.2732169947684262,-0.3194668497545462,0.6760269917146726,2.9262011943875192,-2.4936218141400426,3.2034049165742413
51.0,9.0,169.33639526367188,-0.8469723230012638,2.5935198559345074,-2.687029768634449,-2.759191050286049,-2.7938456606226065,-0.4852721056686266,0.6771014280671521,2.9262011943875192,-3.499968362797608,3.2034049165742413
51.0,9.0,169.33639526367188,-0.8469723230012638,2.5935198559345074,-2.687029768634449,-2.759191050286049,-2.7938456606226065,-0.4852721056686266,0.6771014280671521,2.9262011943875192,-3.499968362797608,3.2034049165742413
51.0,9.0,169.34963989257812,-1.0757043245732412,2.6738190192360185,-2.687029768634449,-2.759191050286049,-2.7938456606226065,0.2596989672851961,0.6999111971337029,2.9262011943875192,-3.499968362797608,2.255663808729336
51.0,9.0,169.7218017578125,-0.8782678802209511,2.5933862622034907,-2.687029768634449,-2.759191050286049,-2.7938456606226065,-0.4852721056686266,0.6771014280671521,2.9262011943875192,-3.499968362797608,3.2034049165742413
51.0,9.0,169.7266845703125,-1.0757043245732412,2.6738190192360185,-2.687029768634449,-2.759191050286049,-2.7938456606226065,-0.4852721056686266,0.6771014280671521,2.9262011943875192,-3.499968362797608,3.2034049165742413
51.0,9.0,169.7266845703125,-1.0757043245732412,2.6738190192360185,-2.687029768634449,-2.759191050286049,-2.7938456606226065,-0.4852721056686266,0.6771014280671521,2.9262011943875192,-3.499968362797608,3.2034049165742413
51.0,9.0,172.2203369140625,0.0064109363419921,2.5149894317903927,-2.2974266773041787,-2.759191050286049,0.7330511226224925,-0.3194668497545462,0.6760269917146726,2.9262011943875192,-2.4936218141400426,3.389148253152287
51.0,9.0,174.93582153320312,-0.8469723230012638,2.5935198559345074,-2.687029768634449,-2.759191050286049,-2.7938456606226065,-0.4852721056686266,0.6995602795586591,2.9262011943875192,-3.813387118968773,3.2034049165742413
51.0,9.0,175.09176635742188,-0.8469723230012638,2.5935198559345074,-2.687029768634449,-1.919383360446332,-3.045118417616253,-0.4852721056686266,0.6771014280671521,2.9262011943875192,-3.499968362797608,3.2034049165742413
51.0,9.0,176.77578735351562,-0.8469723230012638,1.7244393549009052,-2.68028600859737,-2.764556660394687,-2.7938456606226065,0.6243116747284635,0.6871796419807061,2.457533770347643,-3.224636972750365,3.2034049165742413
51.0,9.0,176.817626953125,-0.8469723230012638,2.593415174843365,-2.687029768634449,-1.805443083191016,-3.045118417616253,-0.4852721056686266,0.6771014280671521,2.9262011943875192,-3.499968362797608,3.2034049165742413
51.0,9.0,177.34840393066406,-0.8469723230012638,2.58929278370879,-2.690222146931795,-2.759191050286049,-0.1562328706451167,-0.4852721056686266,0.6771014280671521,2.9262011943875192,-3.499968362797608,3.2034049165742413
51.0,9.0,177.34840393066406,-0.8469723230012638,2.5893568380251084,-2.690222146931795,-2.759191050286049,-0.1562328706451167,-0.4852721056686266,0.6771014280671521,2.9262011943875192,-3.499968362797608,3.2034049165742413
51.0,9.0,178.19512939453125,-0.8469723230012638,2.649721246651932,-3.419638535377848,-2.759191050286049,-0.1562328706451167,-0.4849302015805198,-0.3810488574974597,2.9262011943875192,-3.507742067391666,3.2034049165742413
51.0,9.0,179.56301879882812,-0.8469723230012638,2.5893568380251084,-2.690222146931795,-2.759191050286049,-0.1562328706451167,-0.9680111237930364,0.6771014280671521,2.9262011943875192,-3.499968362797608,3.2034049165742413
51.0,9.0,179.6812286376953,-1.0757043245732412,2.7768847269222245,-3.553733483532909,-4.986410058556758,-3.47620579439804,-0.3089949954515999,-0.3181207169966872,2.9262011943875192,-3.627924151765858,3.2034049165742413
51.0,9.0,180.9416046142578,-0.8302467525732129,2.6738190192360185,-2.687029768634449,-1.9248053636510487,-2.700192803666173,-1.2994918882884827,0.6771014280671521,2.9262011943875192,-3.1473438366502684,3.2034049165742413
51.0,9.0,183.39132690429688,-1.0757043245732412,2.7768847269222245,-2.687029768634449,-4.986410058556758,-3.475431147809659,-0.3089949954515999,-0.3181207169966872,2.9262011943875192,-3.563948496534473,3.2034049165742413
51.0,9.0,184.91781616210932,3.608706970284909,1.1854004867578969,-4.745035847592439,-4.883564763786829,-3.4757700243272365,0.6471855508790147,0.8151042659079641,1.75248520589777,-1.9478691706676805,-2.376141196502477
51.0,9.0,185.0093994140625,-0.8469723230012638,2.5873398797649214,-3.419638535377848,-2.759191050286049,-0.1562328706451167,-0.4867063202493745,0.6771014280671521,2.9262011943875192,-3.507742067391666,3.2034049165742413
51.0,9.0,185.0093994140625,-0.8469723230012638,2.5893538457475374,-3.419638535377848,-2.759191050286049,-0.1562328706451167,-0.4884529435079084,0.6771014280671521,2.9262011943875192,-3.499910109628597,3.2034049165742413
51.0,9.0,187.37417602539065,-0.8469723230012638,2.649721246651932,-3.419638535377848,-2.759191050286049,-0.1562328706451167,-0.9676692197049294,0.6771014280671521,2.9262011943875192,-3.507742067391666,3.2034049165742413
51.0,9.0,188.0014038085937,1.6519407947414813,1.2455379731539402,-3.6045522197680007,-2.957593132474587,-3.411367255502423,0.6471855508790147,0.6881874627151352,2.925311937626456,-1.6679719782495013,-2.0886655005259387
51.0,9.0,192.1189117431641,3.0675706231282147,1.2334694570621596,-3.564023757596723,-4.97428531275803,-3.411367255502423,0.6567474365514201,0.5959835671785707,1.7535285308746786,-1.994328633483184,-3.016985520111615
51.0,9.0,193.1552734375,3.0711299987175025,1.2334694570621596,-3.564023757596723,-4.952375433168594,-3.411367255502423,0.9485026426867568,0.5977553228843341,1.245680398273939,-1.993846365009696,-3.016985520111615
51.0,9.0,194.6405334472656,3.6085312008940185,2.103699028950331,-3.4118777051803906,-4.951936973171277,-2.858752367088109,1.5072294286098915,1.5658781804236068,1.75604662316778,-1.903609379343853,-2.624959440508099
51.0,9.0,196.87811279296875,1.6387954109456242,2.58929278370879,-2.690222146931795,-2.9456530261167595,-0.0514815663692211,-0.7772910447787178,1.262807788037681,2.9262011943875192,-1.9992556909082364,3.2034049165742413
51.0,9.0,197.44552612304688,2.7074223081658184,1.2334694570621596,-3.2590329560782143,-4.996049719291709,-3.411367255502423,0.6471855508790147,0.6306556056217969,2.711723716496473,-2.096754117345587,-3.0192180485622515
51.0,9.0,197.44552612304688,2.7074223081658184,1.2334694570621596,-3.2590329560782143,-4.996049719291709,-3.411367255502423,0.6471855508790147,0.6306556056217969,2.702939803284689,-2.096754117345587,-2.9444741356194344
51.0,9.0,198.0241851806641,-0.8469723230012638,2.589553304684386,-2.690222146931795,-3.1094421539073047,0.7788538819583478,-0.590810565394926,0.2088675302899074,2.9262011943875192,-3.499968362797608,3.2034049165742413
51.0,9.0,198.0241851806641,-0.8469723230012638,2.5875393387017698,-2.690222146931795,-3.1094421539073047,0.7788538819583478,-0.5890639421363922,0.2088675302899074,2.9262011943875192,-3.5078003205606767,3.2034049165742413
51.0,9.0,198.0868377685547,3.078449914961009,1.6220793625789949,-4.923921671219357,-4.933509775734089,-3.4028099890690413,-0.7135680583040892,0.8254276657709629,1.75604662316778,-1.9412757273846828,-3.3598247386583378
51.0,9.0,200.2870178222656,1.7041665437923963,1.2155856691912237,-3.461406952958652,-4.9519403826945,-4.199077815316779,0.6471855508790147,0.4996013709522539,1.7542793865404192,-3.232611727657012,-3.021678235993748
51.0,9.0,200.60528564453125,-0.7174185694794155,2.588811809508546,-4.896954764955028,-2.835727414045788,-3.4741178371058923,0.6471855508790147,0.8151042659079641,1.75248520589777,-1.9478691706676805,-2.376141196502477
51.0,9.0,201.7066345214844,1.7041706091727544,2.6408705604372806,-2.6462655325985374,-4.969713656133487,-3.415123436068561,0.8028805840528275,0.8254276657709629,1.75604662316778,-2.542875728868524,-2.8324101692641617
51.0,9.0,201.8414306640625,1.7041665437923963,1.3002883562366536,-3.461406952958652,-4.951940380121993,-3.411367255502423,0.6101821541618715,0.4996013709522539,1.7542793865404192,-3.232611727657012,-3.021678235993748
51.0,9.0,202.21368408203125,1.7041665437923963,1.2155856691912237,-3.461406952958652,-4.9519403826945,-3.411367255502423,0.6471855508790147,0.4996013709522539,1.7542793865404192,-3.232611727657012,-3.021678235993748
51.0,9.0,202.21368408203125,1.7041665437923963,1.2155856691912237,-3.461406952958652,-4.9519403826945,-3.411367255502423,0.6471855508790147,0.4996013709522539,1.7542793865404192,-3.232611727657012,-3.021678235993748
51.0,9.0,202.21731567382807,3.683132720845496,1.6220793625789949,-4.923921671219357,-4.933509775734089,-3.404202918185099,-0.7206646008892188,0.8254276657709629,1.72348124486561,-1.9412757273846828,-3.3598247386583378
51.0,9.0,202.53152465820312,3.689246309759966,1.6505348538186964,-4.923921671219357,-4.933509775734089,-3.4028099890690413,-0.7135680583040892,0.8254276657709629,1.75604662316778,-1.9412757273846828,-3.3598247386583378
51.0,9.0,205.49517822265625,2.8801715922575304,2.787575691326002,-3.419638535377848,-2.8113992229722937,-0.1562328706451167,0.5420978011479705,0.6840221254615745,2.923093935848936,-1.3557171968647928,3.4049588676279345
51.0,9.0,206.5018615722656,3.689246309759966,2.556419634708514,-3.4118777051803906,-4.951936975743784,-3.350774124463705,1.889520444290342,0.8254276657709629,1.75604662316778,-1.9056247762141445,-3.3598247386583378
51.0,9.0,207.37322998046875,2.7074223081658184,0.1158725314659236,-3.561132250063438,-4.996049719291709,-3.411367255502423,0.6471855508790147,0.6306556056217969,2.711723716496473,-2.5000022071702706,-3.019223362418527
51.0,9.0,207.4806060791016,2.7074223081658184,1.2334694570621596,-3.561132250063438,-4.996049719291709,-3.411367255502423,0.6471855508790147,0.6842029284940363,2.711723716496473,-2.5000022071702706,-3.0192180485622515
51.0,9.0,207.4806060791016,2.7074223081658184,1.2334694570621596,-3.561132250063438,-4.996049719291709,-3.411367255502423,0.6471855508790147,0.6306556056217969,2.711723716496473,-2.5000022071702706,-3.0192180485622515
51.0,10.0,150.06251525878906,-0.8469723230012638,1.7016723140824237,-4.998545076702889,-2.759191050286049,-0.8828512617985774,-0.4851577269795418,0.6810546864534266,2.9262011943875192,-1.963618573843733,3.2034049165742413
51.0,10.0,159.32553100585938,-0.8469723230012638,2.649721246651932,-3.419638535377848,-2.759191050286049,-0.7697002668024279,-0.4849302015805198,-0.3810488574974597,2.9262011943875192,-3.507742067391666,3.2034049165742413
51.0,10.0,159.79898071289062,-0.8469723230012638,1.7016723140824237,-4.962647684388273,-2.759191050286049,-0.1562328706451167,-0.4852721056686266,0.6810546864534266,2.9262011943875192,-1.7260644063731223,3.2034049165742413
51.0,10.0,160.61692810058594,-0.8469723230012638,1.7016723140824237,-4.962647684388273,-2.759191050286049,-0.1562328706451167,-0.4852721056686266,0.6810546864534266,2.9262011943875192,-1.963618573843733,3.2034049165742413
51.0,10.0,163.29116821289062,-0.8533720821013377,2.5149894317903927,-2.6676904955192584,-2.759191050286049,-0.1745343190356617,-0.9952387743181984,0.6759267743249017,2.9262011943875192,-2.4936218141400426,3.2014418537716165
51.0,10.0,164.09500122070312,0.3871835990016987,2.6727664321805213,-2.7252799150096387,-2.7247207194708007,-0.1562328706451167,-0.4852721056686266,0.6783459307324944,2.9262011943875192,-3.499968362797608,3.3281246640392133
51.0,10.0,166.5155029296875,-1.046871960666275,2.590450051855429,-3.240408738108661,-2.7616450295118646,-2.7938456606226065,-0.4852721056686266,0.3975545452339279,2.9262011943875192,-3.499968362797608,3.2034049165742413
51.0,10.0,166.91123962402344,0.4160159629086613,2.589397464799932,-3.278658884483851,-2.7271746986966163,-0.1562328706451167,-0.4852721056686266,-0.1948606116811941,2.9262011943875192,-3.499968362797608,3.2034049165742413
51.0,10.0,167.6766815185547,-1.0757043245732412,2.6738190192360185,-2.687029768634449,-2.759191050286049,-3.448936543800063,-0.316866898122602,0.6544786808233254,2.9262011943875192,-3.498029827241389,3.2034049165742413
51.0,10.0,168.20216369628906,-1.092429895001292,2.5935198559345074,-2.687029768634449,-2.75376904708133,-3.0348707442988347,-0.4852721056686266,0.6771014280671521,2.838414898203621,-3.499968362797608,3.2034049165742413
51.0,10.0,168.20216369628906,-1.092429895001292,2.5935198559345074,-2.687029768634449,-2.75376904708133,-3.0348707442988347,-0.4852721056686266,0.6771014280671521,2.838414898203621,-3.499968362797608,3.2034049165742413
51.0,10.0,168.20216369628906,-1.092429895001292,2.5935198559345074,-2.687029768634449,-2.75376904708133,-3.0348707442988347,-0.4852721056686266,0.6771014280671521,2.838414898203621,-3.499968362797608,3.2034049165742413
51.0,10.0,168.2696075439453,-0.8299134069496733,2.5935198559345074,-2.687029768634449,-2.759191050286049,-2.7938456606226065,-0.5007990654540906,0.6771014280671521,2.9262011943875192,-3.158291978706889,3.2034049165742413
51.0,10.0,168.69183349609375,-0.8469723230012638,2.5935198559345074,-2.687029768634449,-2.759191050286049,-2.519506939773484,-0.4852721056686266,0.0401451546779367,2.9262011943875192,-3.813387118968773,3.2034049165742413
51.0,10.0,168.86843872070312,-0.0248846208776951,2.5873398797649214,-2.2974266773041787,-2.759191050286049,0.2732169947684262,-0.3194668497545462,0.6760269917146726,2.9262011943875192,-2.4936218141400426,3.2034049165742413
51.0,10.0,168.86843872070312,-0.0248846208776951,2.5873398797649214,-2.2974266773041787,-2.759191050286049,0.2732169947684262,-0.3194668497545462,0.6760269917146726,2.9262011943875192,-2.4936218141400426,3.2034049165742413
51.0,10.0,169.33639526367188,-0.8469723230012638,2.5935198559345074,-2.687029768634449,-2.759191050286049,-2.7938456606226065,-0.4852721056686266,0.6771014280671521,2.9262011943875192,-3.499968362797608,3.2034049165742413
51.0,10.0,169.33639526367188,-0.8469723230012638,2.5935198559345074,-2.687029768634449,-2.759191050286049,-2.7938456606226065,-0.4852721056686266,0.6771014280671521,2.9262011943875192,-3.499968362797608,3.2034049165742413
51.0,10.0,169.34963989257812,-1.0757043245732412,2.6738190192360185,-2.687029768634449,-2.759191050286049,-2.7938456606226065,0.2596989672851961,0.6999111971337029,2.9262011943875192,-3.499968362797608,2.255663808729336
51.0,10.0,169.7218017578125,-0.8782678802209511,2.5933862622034907,-2.687029768634449,-2.759191050286049,-2.7938456606226065,-0.4852721056686266,0.6771014280671521,2.9262011943875192,-3.499968362797608,3.2034049165742413
51.0,10.0,169.7266845703125,-1.0757043245732412,2.6738190192360185,-2.687029768634449,-2.759191050286049,-2.7938456606226065,-0.4852721056686266,0.6771014280671521,2.9262011943875192,-3.499968362797608,3.2034049165742413
51.0,10.0,169.7266845703125,-1.0757043245732412,2.6738190192360185,-2.687029768634449,-2.759191050286049,-2.7938456606226065,-0.4852721056686266,0.6771014280671521,2.9262011943875192,-3.499968362797608,3.2034049165742413
51.0,10.0,169.7266845703125,-1.0757043245732412,2.6738190192360185,-2.687029768634449,-2.759191050286049,-2.7938456606226065,-0.4852721056686266,0.6771014280671521,2.9262011943875192,-3.5037792785619084,3.2034049165742413
51.0,10.0,170.99966430664062,-0.8769296252314517,2.6488272935714985,-3.419638535377848,-2.759191050286049,-2.80237074913218,-0.9729966115267592,0.6771014280671521,2.9262011943875192,-3.4998471674361418,3.2034049165742413
51.0,10.0,171.2744903564453,-0.8469723230012638,2.9549616123912035,-2.687029768634449,-3.1204276810053515,-2.7938456606226065,-0.5891409953710229,0.2069700426110868,2.9262011943875192,-3.499968362797608,3.2034049165742413
51.0,10.0,172.2203369140625,0.0064109363419921,2.5149894317903927,-2.2974266773041787,-2.759191050286049,0.7330511226224925,-0.3194668497545462,0.6760269917146726,2.9262011943875192,-2.4936218141400426,3.389148253152287
51.0,10.0,172.41122436523438,2.594761775233331,1.1875680569987317,-4.806145592754522,-4.883564763786829,-3.4757700243272365,0.6471855508790147,0.8056300467196129,1.75248520589777,-1.9478691706676805,-2.95144178421286
51.0,10.0,172.4397735595703,-0.8469723230012638,2.5935198559345074,-2.687029768634449,-2.759191050286049,-2.767188928446122,-0.4852721056686266,0.05773926072879,2.9262011943875192,-3.813387118968773,3.2034049165742413
51.0,10.0,172.50531005859375,0.0890825579915699,2.092776530251794,-2.68028600859737,-2.764556660394687,-2.7938456606226065,0.6243116747284635,0.6871796419807061,2.457533770347643,-3.2208260569860645,2.623787821811063
51.0,10.0,173.5738983154297,-0.8341894358243553,2.587941223372801,-2.687029768634449,-2.759191050286049,-0.1837523451435223,-0.5332075954332764,0.699994880942248,2.9262011943875192,-3.4999108159622008,2.255663808729336
51.0,10.0,174.67306518554688,-0.8337604477533573,2.7768847269222245,-2.6861912698931247,-2.800884086441761,-3.6217098778452033,-0.3089949954515999,-0.3181207169966872,2.9262011943875192,-3.638056582326025,3.2034049165742413
51.0,10.0,174.93582153320312,-0.8469723230012638,2.5935198559345074,-2.687029768634449,-2.759191050286049,-2.7938456606226065,-0.4852721056686266,0.6995602795586591,2.9262011943875192,-3.813387118968773,3.2034049165742413
51.0,10.0,175.09176635742188,-0.8469723230012638,2.5935198559345074,-2.687029768634449,-1.919383360446332,-3.045118417616253,-0.4852721056686266,0.6771014280671521,2.9262011943875192,-3.499968362797608,3.2034049165742413
51.0,10.0,175.09176635742188,-0.8469723230012638,2.5935198559345074,-2.687029768634449,-1.919383360446332,-3.045118417616253,-0.4852721056686266,0.6771014280671521,2.9262011943875192,-3.499968362797608,3.2034049165742413
51.0,10.0,175.13902282714844,-0.8469723230012638,2.5935198559345074,-2.687029768634449,-2.759191050286049,-2.7938456606226065,-0.4852721056686266,0.6995602795586591,2.9262011943875192,-3.813387118968773,3.543918100285339
51.0,10.0,176.2026824951172,-0.8473056686248034,2.6738190192360185,-2.687029768634449,-1.9248053636510487,-2.700192803666173,-1.2839649285030188,0.6771014280671521,2.9262011943875192,-3.489020220740988,3.2034049165742413
51.0,10.0,176.77578735351562,-0.8469723230012638,1.7244393549009052,-2.68028600859737,-2.764556660394687,-2.7938456606226065,0.6243116747284635,0.6871796419807061,2.457533770347643,-3.224636972750365,3.2034049165742413
51.0,10.0,176.817626953125,-0.8469723230012638,2.593415174843365,-2.687029768634449,-1.805443083191016,-3.045118417616253,-0.4852721056686266,0.6771014280671521,2.9262011943875192,-3.499968362797608,3.2034049165742413
51.0,10.0,177.34840393066406,-0.8469723230012638,2.58929278370879,-2.690222146931795,-2.759191050286049,-0.1562328706451167,-0.4852721056686266,0.6771014280671521,2.9262011943875192,-3.499968362797608,3.2034049165742413
51.0,10.0,177.34840393066406,-0.8469723230012638,2.5893568380251084,-2.690222146931795,-2.759191050286049,-0.1562328706451167,-0.4852721056686266,0.6771014280671521,2.9262011943875192,-3.499968362797608,3.2034049165742413
51.0,10.0,177.34840393066406,-0.8469723230012638,2.5893568380251084,-2.690222146931795,-2.759191050286049,-0.1562328706451167,-0.504089038378896,0.6771014280671521,2.9262011943875192,-3.499968362797608,3.2034049165742413
51.0,10.0,177.34840393066406,-0.8469723230012638,2.589553304684386,-2.6994530548223192,-2.748205523188003,-0.2209326785645972,-0.4869416756925298,0.6789989157459727,2.9262011943875192,-3.499968362797608,3.2034049165742413
51.0,10.0,177.846923828125,-0.8469723230012638,2.777955517877801,-2.687029768634449,-2.759191050286049,-2.533992532517699,-0.4852721056686266,0.6819661735078058,2.9262011943875192,-3.813387118968773,3.2034049165742413
51.0,10.0,178.19512939453125,-0.8469723230012638,2.649721246651932,-3.419638535377848,-2.759191050286049,-0.1562328706451167,-0.4849302015805198,-0.3810488574974597,2.9262011943875192,-3.507742067391666,3.2034049165742413
51.0,10.0,178.52029418945312,-0.8782678802209511,2.5933862622034907,-2.687029768634449,-3.3713323713732346,-2.7938456606226065,-0.4852721056686266,0.6771014280671521,2.9262011943875192,-3.499968362797608,3.2034049165742413
51.0,10.0,179.308349609375,-0.0248846208776951,2.5873398797649214,-1.9059733955782945,-3.074844455865727,0.2732169947684262,-0.3195812284436311,0.6760269917146726,2.9262011943875192,-2.4936218141400426,2.1985822169275586
51.0,10.0,179.56301879882812,-0.8469723230012638,2.5893568380251084,-2.690222146931795,-2.759191050286049,-0.1562328706451167,-0.9680111237930364,0.6771014280671521,2.9262011943875192,-3.499968362797608,3.2034049165742413
51.0,10.0,179.56301879882812,-0.8469723230012638,2.5893568380251084,-2.690222146931795,-2.759191050286049,-0.1562328706451167,-0.9491941910827668,0.6771014280671521,2.9262011943875192,-3.499968362797608,3.2034049165742413
51.0,10.0,179.6812286376953,-1.0757043245732412,2.7768847269222245,-3.553733483532909,-4.986410058556758,-3.47620579439804,-0.3089949954515999,-0.3181207169966872,2.9262011943875192,-3.627924151765858,3.2034049165742413
51.0,10.0,180.92019653320312,-1.0884872117501496,2.675231641610755,-3.419638535377848,-1.2136664310755718,-2.766326180177513,0.3044536192105641,0.677017744258607,2.9262011943875192,-3.4999676564640048,3.2034049165742413
51.0,11.0,150.06251525878906,-0.8469723230012638,1.7016723140824237,-4.998545076702889,-2.759191050286049,-0.8828512617985774,-0.4851577269795418,0.6810546864534266,2.9262011943875192,-1.963618573843733,3.2034049165742413
51.0,11.0,157.2834930419922,-0.8469723230012638,1.7016723140824237,-4.998545076702889,-2.759191050286049,-0.8828512617985774,-0.4851577269795418,0.6810546864534266,2.7090428118656456,-1.963618573843733,3.2034049165742413
51.0,11.0,157.47000122070312,-1.0850617705803385,2.676744316499467,-2.687029768634449,-2.759191050286049,-2.5151564287168786,-0.4852721056686266,0.0522067899244896,2.9262011943875192,-3.505178103140444,3.2034049165742413
51.0,11.0,157.60922241210938,-0.0247995641879254,2.587912939432963,-2.322658888371976,-2.759191050286049,-0.1837523451435223,-0.3233421486965436,0.699994880942248,2.9262011943875192,-2.528155207763403,2.255663808729336
51.0,11.0,159.24972534179688,-1.046871960666275,2.590450051855429,-3.240408738108661,-2.761642797848497,-2.7938456606226065,-0.4852721056686266,0.3975545452339279,2.9262011943875192,-3.411097696320357,3.2034049165742413
51.0,11.0,159.32553100585938,-0.8469723230012638,2.649721246651932,-3.419638535377848,-2.759191050286049,-0.7697002668024279,-0.4849302015805198,-0.3810488574974597,2.9262011943875192,-3.507742067391666,3.2034049165742413
51.0,11.0,159.7974395751953,-0.8294773454332238,2.593509893757337,-2.687029768634449,-2.759191050286049,-2.7938456606226065,-0.549238423679525,0.6771014280671521,2.9262011943875192,-2.535162143805416,3.2034049165742413
51.0,11.0,159.79898071289062,-0.8469723230012638,1.7016723140824237,-4.962647684388273,-2.759191050286049,-0.1562328706451167,-0.4852721056686266,0.6810546864534266,2.9262011943875192,-1.7260644063731223,3.2034049165742413
51.0,11.0,160.61692810058594,-0.8469723230012638,1.7016723140824237,-4.962647684388273,-2.759191050286049,-0.1562328706451167,-0.4852721056686266,0.6810546864534266,2.9262011943875192,-1.963618573843733,3.2034049165742413
51.0,11.0,161.39068603515625,-0.8642661024480272,2.602253350437155,-2.754503179697145,-2.759191050286049,-0.2138549145946784,0.2803726857857784,0.6999402582027355,2.9262011943875192,-1.7260644063731223,3.1715285007101137
51.0,11.0,163.07911682128906,-0.0060478588671177,2.5149894317903927,-2.2974266773041787,-2.759191050286049,-0.8880926952719823,-0.3194668497545462,0.6818202440835146,2.9262011943875192,-2.4936218141400426,3.391287682592558
51.0,11.0,163.29116821289062,-0.8533720821013377,2.5149894317903927,-2.6676904955192584,-2.759191050286049,-0.1745343190356617,-0.9952387743181984,0.6759267743249017,2.9262011943875192,-2.4936218141400426,3.2014418537716165
51.0,11.0,164.09500122070312,0.3871835990016987,2.6727664321805213,-2.7252799150096387,-2.7247207194708007,-0.1562328706451167,-0.4852721056686266,0.6783459307324944,2.9262011943875192,-3.499968362797608,3.3281246640392133
51.0,11.0,164.09500122070312,0.3871835990016987,2.67268305830275,-2.7252799150096387,-2.7262875759085654,-0.1562328706451167,-0.4852721056686266,0.6783459307324944,2.9262011943875192,-3.499968362797608,3.3281246640392133
51.0,11.0,164.3148193359375,-0.8961432839187857,2.58940500479334,-2.6676904955192584,-2.76032683917505,-0.1564854524131588,-0.9952387743181984,0.6673405762353051,2.9262011943875192,-2.4936218141400426,3.2014418537716165
51.0,11.0,164.54483032226562,-0.8469723230012638,1.7016723140824237,-4.962647684388273,-2.759191050286049,-0.1562328706451167,-0.836910787380299,0.6810546864534266,2.9262011943875192,-2.094245903693839,3.2034049165742413
51.0,11.0,165.60618591308594,-1.0455503670338722,2.5149894317903927,-2.6676904955192584,-2.761657961348688,-0.1745343190356617,-0.9952387743181984,0.6759267743249017,2.9262011943875192,-2.4936218141400426,3.201389292572728
51.0,11.0,165.8153076171875,-0.0248846208776951,2.5873398797649214,-2.2974266773041787,-2.397766037199538,0.2732169947684262,-0.3194668497545462,0.6760269917146726,2.9262011943875192,-2.582492480614042,3.2034049165742413
51.0,11.0,166.1199493408203,0.4160159629086613,2.589397464799932,-3.278658884483851,-2.7271746986966163,-0.8144176008160564,-0.4852721056686266,-0.387285415140799,2.9262011943875192,-3.499968362797608,3.2034049165742413
51.0,11.0,166.5155029296875,-1.046871960666275,2.590450051855429,-3.240408738108661,-2.7616450295118646,-2.7938456606226065,-0.4852721056686266,0.3975545452339279,2.9262011943875192,-3.499968362797608,3.2034049165742413
51.0,11.0,166.91123962402344,0.4160159629086613,2.589397464799932,-3.278658884483851,-2.7271746986966163,-0.1562328706451167,-0.4852721056686266,-0.1948606116811941,2.9262011943875192,-3.499968362797608,3.2034049165742413
51.0,11.0,167.14401245117188,-1.0757043245732412,2.67390239311379,-2.7284377120978105,-2.757624193848285,-2.7938456606226065,0.2596989672851961,-0.2324595541608849,2.9262011943875192,-3.499968362797608,2.255663808729336
51.0,11.0,167.6766815185547,-1.0757043245732412,2.6738190192360185,-2.687029768634449,-2.759191050286049,-3.448936543800063,-0.316866898122602,0.6544786808233254,2.9262011943875192,-3.498029827241389,3.2034049165742413
51.0,11.0,167.6766815185547,-1.0757043245732412,2.6738190192360185,-2.687029768634449,-2.759191050286049,-3.11699150143184,-0.4852721056686266,0.6347097540448781,2.9262011943875192,-3.5007818133803004,3.2034049165742413
51.0,11.0,167.6766815185547,-1.0766590175558557,2.6738190192360185,-2.687029768634449,-2.759191050286049,-3.4503594276415623,-0.30959845787476,0.6766575710765489,2.841506207628742,-3.498029827241389,3.2034049165742413
51.0,11.0,167.8400115966797,-0.8549807910221074,2.4665796630001147,-2.690310853417386,-2.75376904708133,-3.0348707442988347,-0.4852721056686266,0.6771014280671521,2.838414898203621,-3.499968362797608,3.2034049165742413
51.0,11.0,167.892578125,-1.0757043245732412,2.6738190192360185,-2.69013853189354,-2.759191050286049,-3.440483069873652,-0.316866898122602,0.6562310414767422,2.9262011943875192,-3.498029827241389,3.2034049165742413
51.0,11.0,168.20216369628906,-1.092429895001292,2.5935198559345074,-2.687029768634449,-2.75376904708133,-3.0348707442988347,-0.4852721056686266,0.6771014280671521,2.838414898203621,-3.499968362797608,3.2034049165742413
51.0,11.0,168.20216369628906,-1.092429895001292,2.5935198559345074,-2.687029768634449,-2.75376904708133,-3.0348707442988347,-0.4852721056686266,0.6771014280671521,2.838414898203621,-3.499968362797608,3.2034049165742413
51.0,11.0,168.20216369628906,-1.092429895001292,2.5935198559345074,-2.687029768634449,-2.75376904708133,-3.0348707442988347,-0.4852721056686266,0.6771014280671521,2.838414898203621,-3.499968362797608,3.2034049165742413
51.0,11.0,168.20216369628906,-1.0914752020186775,2.5935198559345074,-2.687029768634449,-2.75376904708133,-3.033447860457336,-0.4925405459164687,0.6549225378139286,2.923109884962398,-3.499968362797608,3.2034049165742413
51.0,11.0,168.25563049316406,-1.3731843918893636,2.590450051855429,-3.240408738108661,-2.759178118449226,-2.7938456606226065,-0.1624786994515488,0.3975545452339279,2.9262011943875192,-3.499968362797608,3.2034574777731293
51.0,11.0,168.2696075439453,-0.8299134069496733,2.5935198559345074,-2.687029768634449,-2.759191050286049,-2.7938456606226065,-0.5007990654540906,0.6771014280671521,2.9262011943875192,-3.158291978706889,3.2034049165742413
51.0,11.0,168.38485717773438,-1.092429895001292,2.5935198559345074,-2.687029768634449,-2.75376904708133,-2.9609238189972693,-0.4852721056686266,0.6771014280671521,2.838414898203621,-3.499968362797608,3.2034049165742413
51.0,11.0,168.44618225097656,-1.0757043245732412,2.596853721308696,-2.687029768634449,-2.759191050286049,-2.7938456606226065,-0.4852721056686266,0.6771014280671521,2.3296594690292496,-3.499968362797608,3.2034049165742413
51.0,11.0,168.46998596191406,-0.8469723230012638,2.649721246651932,-3.957083507694163,-2.759191050286049,-0.7697002668024279,-0.4849302015805198,-0.3810488574974597,2.9262011943875192,-3.507742067391666,3.2034049165742413
51.0,11.0,168.69183349609375,-0.8469723230012638,2.5935198559345074,-2.687029768634449,-2.759191050286049,-2.519506939773484,-0.4852721056686266,0.0401451546779367,2.9262011943875192,-3.813387118968773,3.2034049165742413
51.0,11.0,168.86843872070312,-0.0248846208776951,2.5873398797649214,-2.2974266773041787,-2.759191050286049,0.2732169947684262,-0.3194668497545462,0.6760269917146726,2.9262011943875192,-2.4936218141400426,3.2034049165742413
51.0,11.0,168.86843872070312,-0.0248846208776951,2.5873398797649214,-2.2974266773041787,-2.759191050286049,0.2732169947684262,-0.3194668497545462,0.6760269917146726,2.9262011943875192,-2.4936218141400426,3.2034049165742413
51.0,11.0,168.90753173828125,-0.8469723230012638,2.593566171544108,-2.6870613094284086,-2.759191050286049,-2.9560128524335934,-0.9487476678569544,0.6771014280671521,2.9262011943875192,-3.499968362797608,3.2034049165742413
51.0,11.0,169.329833984375,-0.8372178781543336,2.5874106659725227,-2.687029768634449,-2.759191050286049,-3.292098367173087,-0.5007990654540906,0.6771014280671521,3.04915823834712,-3.158291978706889,3.2034049165742413
51.0,11.0,169.33639526367188,-0.8469723230012638,2.5935198559345074,-2.687029768634449,-2.759191050286049,-2.7938456606226065,-0.4852721056686266,0.6771014280671521,2.9262011943875192,-3.499968362797608,3.2034049165742413
51.0,11.0,169.33639526367188,-0.8469723230012638,2.5935198559345074,-2.687029768634449,-2.759191050286049,-2.7938456606226065,-0.4852721056686266,0.6771014280671521,2.9262011943875192,-3.499968362797608,3.2034049165742413
51.0,11.0,169.33639526367188,-0.8469723230012638,2.5935198559345074,-2.687029768634449,-2.759191050286049,-2.7938456606226065,-0.4852721056686266,0.6771014280671521,2.9262011943875192,-3.499968362797608,3.2034049165742413
51.0,11.0,169.34963989257812,-1.0757043245732412,2.6738190192360185,-2.687029768634449,-2.759191050286049,-2.7938456606226065,0.2596989672851961,0.6999111971337029,2.9262011943875192,-3.499968362797608,2.255663808729336
51.0,11.0,169.7218017578125,-0.8782678802209511,2.5933862622034907,-2.687029768634449,-2.759191050286049,-2.7938456606226065,-0.4852721056686266,0.6771014280671521,2.9262011943875192,-3.499968362797608,3.2034049165742413
51.0,11.0,169.7266845703125,-1.0757043245732412,2.6738190192360185,-2.687029768634449,-2.759191050286049,-2.7938456606226065,-0.4852721056686266,0.6771014280671521,2.9262011943875192,-3.499968362797608,3.2034049165742413
51.0,11.0,169.7266845703125,-1.0757043245732412,2.6738190192360185,-2.687029768634449,-2.759191050286049,-2.7938456606226065,-0.4852721056686266,0.6771014280671521,2.9262011943875192,-3.499968362797608,3.2034049165742413
51.0,11.0,169.7266845703125,-1.0757043245732412,2.6738190192360185,-2.687029768634449,-2.759191050286049,-2.7938456606226065,-0.4852721056686266,0.6771014280671521,2.9262011943875192,-3.5037792785619084,3.2034049165742413
51.0,11.0,170.08132934570312,-0.8518638154707127,2.5935198559345074,-2.687029768634449,-2.75376904708133,-2.515780435870469,-0.4852721056686266,0.6956530119883338,2.9314219122161376,-3.499968362797608,3.2034049165742413
51.0,12.0,150.06251525878906,-0.8469723230012638,1.7016723140824237,-4.998545076702889,-2.759191050286049,-0.8828512617985774,-0.4851577269795418,0.6810546864534266,2.9262011943875192,-1.963618573843733,3.2034049165742413
51.0,12.0,150.06251525878906,-0.8484033527267746,1.6926286357842746,-4.998545076702889,-2.759191050286049,-0.8828512617985774,-0.485154535053162,0.6810546864534266,2.9262011943875192,-1.963618573843733,3.2034049165742413
51.0,12.0,150.28875732421875,-0.8469723230012638,2.649721246651932,-3.419638535377848,-2.759191050286049,-0.1617761163957888,-0.5066113215751453,-0.3810488574974597,2.9262011943875192,-2.437873660146699,3.2034049165742413
51.0,12.0,154.37237548828125,-0.0428335717530478,2.1342720373461104,-4.998545076702889,-2.759191050286049,-0.8828512617985774,-0.3236433399255048,0.6810546864534266,2.7090428118656456,-1.963618573843733,2.188018415178148
51.0,12.0,154.93978881835938,-0.8469723230012638,2.649721246651932,-3.957083507694163,-2.759191050286049,-0.1552643470127143,-0.4718111839617493,-0.3810488574974597,2.9262011943875192,-2.3806947597971795,3.2034049165742413
51.0,12.0,157.2834930419922,-0.8469723230012638,1.7016723140824237,-4.998545076702889,-2.759191050286049,-0.8828512617985774,-0.4851577269795418,0.6810546864534266,2.7090428118656456,-1.963618573843733,3.2034049165742413
51.0,12.0,157.47000122070312,-1.0850617705803385,2.676744316499467,-2.687029768634449,-2.759191050286049,-2.5151564287168786,-0.4852721056686266,0.0522067899244896,2.9262011943875192,-3.505178103140444,3.2034049165742413
51.0,12.0,157.60922241210938,-0.0247995641879254,2.587912939432963,-2.322658888371976,-2.759191050286049,-0.1837523451435223,-0.3233421486965436,0.699994880942248,2.9262011943875192,-2.528155207763403,2.255663808729336
51.0,12.0,158.53961181640625,-0.8469723230012638,1.6400981121115588,-3.505489050466965,-2.759191050286049,-0.7697002668024279,-0.8460828599077712,0.6864773652285764,2.9262011943875192,-3.3972566449862063,3.2034049165742413
51.0,12.0,158.6191864013672,-0.8411234015363505,1.7016723140824237,-3.210035558564321,-2.759191050286049,-0.7028643384828612,-0.4851577269795418,0.6810546864534266,2.7090428118656456,-1.9254289355349024,3.2034553994337003
51.0,12.0,159.24972534179688,-1.046871960666275,2.590450051855429,-3.240408738108661,-2.761642797848497,-2.7938456606226065,-0.4852721056686266,0.3975545452339279,2.9262011943875192,-3.411097696320357,3.2034049165742413
51.0,12.0,159.32553100585938,-0.8469723230012638,2.649721246651932,-3.419638535377848,-2.759191050286049,-0.7697002668024279,-0.4849302015805198,-0.3810488574974597,2.9262011943875192,-3.507742067391666,3.2034049165742413
51.0,12.0,159.7974395751953,-0.8294773454332238,2.593509893757337,-2.687029768634449,-2.759191050286049,-2.7938456606226065,-0.549238423679525,0.6771014280671521,2.9262011943875192,-2.535162143805416,3.2034049165742413
51.0,12.0,159.7974395751953,-0.8294773454332238,2.5952450333722195,-2.687029768634449,-2.759191050286049,-2.7938456606226065,-0.5496376820751069,0.6771014280671521,2.9262011943875192,-2.535162143805416,3.2034049165742413
51.0,12.0,159.7974395751953,-0.8294773454332238,2.593509893757337,-2.687029768634449,-2.759191050286049,-2.7938456606226065,-0.549238423679525,0.6771014280671521,2.9262011943875192,-2.535162143805416,3.2034049165742413
51.0,12.0,159.79898071289062,-0.8469723230012638,1.7016723140824237,-4.962647684388273,-2.759191050286049,-0.1562328706451167,-0.4852721056686266,0.6810546864534266,2.9262011943875192,-1.7260644063731223,3.2034049165742413
51.0,12.0,160.61692810058594,-0.8469723230012638,1.7016723140824237,-4.962647684388273,-2.759191050286049,-0.1562328706451167,-0.4852721056686266,0.6810546864534266,2.9262011943875192,-1.963618573843733,3.2034049165742413
51.0,12.0,160.61692810058594,-0.8468961462881212,1.7016723140824237,-4.962647684388273,-2.759191050286049,-0.1558705319304286,-0.4895118199128211,0.6810546864534266,2.9262011943875192,-1.963618573843733,3.2034049165742413
51.0,12.0,161.39068603515625,-0.8642661024480272,2.602253350437155,-2.754503179697145,-2.759191050286049,-0.2138549145946784,0.2803726857857784,0.6999402582027355,2.9262011943875192,-1.7260644063731223,3.1715285007101137
51.0,12.0,161.95664978027344,-0.8469723230012638,2.711295448622709,-4.8654319197343,-2.759191050286049,-0.0895369601147312,-0.4757581290530477,-0.3864715362726095,2.9262011943875192,-2.204731325857808,3.2034049165742413
51.0,12.0,163.07911682128906,-0.0060478588671177,2.5149894317903927,-2.2974266773041787,-2.759191050286049,-0.8880926952719823,-0.3194668497545462,0.6818202440835146,2.9262011943875192,-2.4936218141400426,3.391287682592558
51.0,12.0,163.29116821289062,-0.8533720821013377,2.5149894317903927,-2.6676904955192584,-2.759191050286049,-0.1745343190356617,-0.9952387743181984,0.6759267743249017,2.9262011943875192,-2.4936218141400426,3.2014418537716165
51.0,12.0,163.29116821289062,-0.8534482588144804,2.5149894317903927,-2.6676904955192584,-2.759191050286049,-0.1748966577503497,-1.00174331599018,0.6759267743249017,2.9262011943875192,-2.4936218141400426,3.2014418537716165
51.0,12.0,163.87908935546875,-0.0248846208776951,2.5933647752813744,-2.6970144953373367,-2.7593471427109515,-3.1371224080565865,-0.3194668497545462,0.6771025767138733,3.107232507513121,-2.4936218141400426,3.2034049165742413
51.0,12.0,164.09500122070312,0.3871835990016987,2.6727664321805213,-2.7252799150096387,-2.7247207194708007,-0.1562328706451167,-0.4852721056686266,0.6783459307324944,2.9262011943875192,-3.499968362797608,3.3281246640392133
51.0,12.0,164.09500122070312,0.3871835990016987,2.67268305830275,-2.7252799150096387,-2.7262875759085654,-0.1562328706451167,-0.4852721056686266,0.6783459307324944,2.9262011943875192,-3.499968362797608,3.3281246640392133
51.0,12.0,164.3148193359375,-0.8961432839187857,2.58940500479334,-2.6676904955192584,-2.76032683917505,-0.1564854524131588,-0.9952387743181984,0.6673405762353051,2.9262011943875192,-2.4936218141400426,3.2014418537716165
51.0,12.0,164.54483032226562,-0.8469723230012638,1.7016723140824237,-4.962647684388273,-2.759191050286049,-0.1562328706451167,-0.836910787380299,0.6810546864534266,2.9262011943875192,-2.094245903693839,3.2034049165742413
51.0,12.0,164.78466796875,-1.0850617705803385,2.676744316499467,-2.687029768634449,-2.759191050286049,-2.5151564287168786,-1.120127087949124,0.0522067899244896,2.9262011943875192,-3.505178103140444,3.2034049165742413
51.0,12.0,165.0112762451172,-1.046871960666275,2.590450051855429,-2.737380542333457,-2.761642797848497,-2.7938456606226065,-0.4642966805001032,0.3975545452339279,2.9262011943875192,-3.411097696320357,3.2034049165742413
51.0,12.0,165.60618591308594,-1.0455503670338722,2.5149894317903927,-2.6676904955192584,-2.761657961348688,-0.1745343190356617,-0.9952387743181984,0.6759267743249017,2.9262011943875192,-2.4936218141400426,3.201389292572728
51.0,12.0,165.8153076171875,-0.0248846208776951,2.5873398797649214,-2.2974266773041787,-2.397766037199538,0.2732169947684262,-0.3194668497545462,0.6760269917146726,2.9262011943875192,-2.582492480614042,3.2034049165742413
51.0,12.0,165.95484924316406,-1.0850396611682906,2.596291377725752,-2.687029768634449,-2.759191050286049,-2.5151564287168786,-0.4852721056686266,0.0685041346043309,2.3003812934409025,-3.505178103140444,3.2034049165742413
51.0,12.0,166.1199493408203,0.4160159629086613,2.589397464799932,-3.278658884483851,-2.7271746986966163,-0.8144176008160564,-0.4852721056686266,-0.387285415140799,2.9262011943875192,-3.499968362797608,3.2034049165742413
51.0,12.0,166.1837158203125,-1.0640405146881158,2.5873398797649214,-2.668394085916187,-2.397766037199538,-0.2270477834410686,-0.9958534731044146,0.6759241856608947,2.9262011943875192,-2.582587981354427,3.2034049165742413
51.0,12.0,166.30455017089844,-1.046871960666275,2.4727150251395607,-3.240408738108661,-2.761818806766964,-2.8039579740637666,-0.4852721056686266,0.3975545452339279,2.837545636720459,-3.499968362797608,3.2034049165742413
51.0,12.0,166.5155029296875,-1.046871960666275,2.590450051855429,-3.240408738108661,-2.7616450295118646,-2.7938456606226065,-0.4852721056686266,0.3975545452339279,2.9262011943875192,-3.499968362797608,3.2034049165742413
51.0,12.0,166.5155029296875,-1.046871960666275,2.590450051855429,-3.240408738108661,-2.7616450295118646,-2.7938456606226065,-0.4852721056686266,0.3975545452339279,2.9262011943875192,-3.487988102879849,3.2034049165742413
51.0,12.0,166.91123962402344,0.4160159629086613,2.589397464799932,-3.278658884483851,-2.7271746986966163,-0.1562328706451167,-0.4852721056686266,-0.1948606116811941,2.9262011943875192,-3.499968362797608,3.2034049165742413
51.0,12.0,167.14401245117188,-1.0757043245732412,2.67390239311379,-2.7284377120978105,-2.757624193848285,-2.7938456606226065,0.2596989672851961,-0.2324595541608849,2.9262011943875192,-3.499968362797608,2.255663808729336
51.0,12.0,167.2744140625,-0.8549807910221074,2.584314689715983,-2.690310853417386,-2.753595269826232,-3.0247584308576747,-0.4852721056686266,0.6771014280671521,2.9270704558706813,-3.499968362797608,3.130308045517451
51.0,12.0,167.57568359375,-0.8961432839187857,2.58940500479334,-4.826034660379588,-2.7603120781489854,-0.1564854524131588,-1.0264085564933458,0.6673405762353051,2.9262011943875192,-2.7283320690594586,3.470127671530057
51.0,12.0,167.6766815185547,-1.0757043245732412,2.6738190192360185,-2.687029768634449,-2.759191050286049,-3.448936543800063,-0.316866898122602,0.6544786808233254,2.9262011943875192,-3.498029827241389,3.2034049165742413
51.0,12.0,167.6766815185547,-1.0757043245732412,2.6738190192360185,-2.687029768634449,-2.759191050286049,-3.11699150143184,-0.4852721056686266,0.6347097540448781,2.9262011943875192,-3.5007818133803004,3.2034049165742413
51.0,12.0,167.6766815185547,-1.0766590175558557,2.6738190192360185,-2.687029768634449,-2.759191050286049,-3.4503594276415623,-0.30959845787476,0.6766575710765489,2.841506207628742,-3.498029827241389,3.2034049165742413
51.0,12.0,167.6766815185547,-1.0099346464494652,2.6738190192360185,-2.69013853189354,-2.759191050286049,-3.440483069873652,-0.316866898122602,0.6561677695598755,2.9262011943875192,-3.497921231979921,3.2034049165742413
51.0,12.0,167.8400115966797,-0.8549807910221074,2.4665796630001147,-2.690310853417386,-2.75376904708133,-3.0348707442988347,-0.4852721056686266,0.6771014280671521,2.838414898203621,-3.499968362797608,3.2034049165742413
51.0,12.0,167.892578125,-1.0757043245732412,2.6738190192360185,-2.69013853189354,-2.759191050286049,-3.440483069873652,-0.316866898122602,0.6562310414767422,2.9262011943875192,-3.498029827241389,3.2034049165742413
51.0,12.0,167.892578125,-1.0757043245732412,2.672083879621136,-2.687029768634449,-2.759191050286049,-3.472011319415841,-0.4848728472730447,0.6771014280671521,2.9262011943875192,-3.250612187648444,3.2034049165742413
51.0,12.0,168.20216369628906,-1.092429895001292,2.5935198559345074,-2.687029768634449,-2.75376904708133,-3.0348707442988347,-0.4852721056686266,0.6771014280671521,2.838414898203621,-3.499968362797608,3.2034049165742413
51.0,13.0,148.60548400878906,-0.920629593307356,1.795478440296857,-4.998545076702889,-2.759191050286049,-0.8828512617985774,-0.828897365669073,1.012719323591004,2.719658335199924,-2.1325371284143126,2.190266496680964
51.0,13.0,150.06251525878906,-0.8469723230012638,1.7016723140824237,-4.998545076702889,-2.759191050286049,-0.8828512617985774,-0.4851577269795418,0.6810546864534266,2.9262011943875192,-1.963618573843733,3.2034049165742413
51.0,13.0,150.06251525878906,-0.8484033527267746,1.6926286357842746,-4.998545076702889,-2.759191050286049,-0.8828512617985774,-0.485154535053162,0.6810546864534266,2.9262011943875192,-1.963618573843733,3.2034049165742413
51.0,13.0,150.07244873046875,-0.8411234015363505,1.7016723140824237,-4.9631243199315325,-2.759191050286049,-0.7028643384828612,-0.4851577269795418,0.6810546864534266,2.7090428118656456,-1.7244111562506086,3.2034553994337003
51.0,13.0,150.11399841308594,-1.061386704389237,1.706918672474357,-4.963437796043127,-2.759191050286049,-0.7755641377396824,-0.4851475970697309,0.6810546864534266,2.8732530767715283,-1.963618573843733,3.2034049165742413
51.0,13.0,150.28875732421875,-0.8469723230012638,2.649721246651932,-3.419638535377848,-2.759191050286049,-0.1617761163957888,-0.5066113215751453,-0.3810488574974597,2.9262011943875192,-2.437873660146699,3.2034049165742413
51.0,13.0,152.0327606201172,-0.6641955336172021,1.7237285502104145,-4.824713130917575,-2.698738870876209,-0.1558705319304286,-0.4900045216406863,0.6810546864534266,2.9262011943875192,-1.949212726707371,3.2034049165742413
51.0,13.0,152.8001708984375,-0.8617907218535161,2.5897209227077616,-3.957083507694163,-2.759191050286049,-0.1820559880478293,-0.8380451586545095,-0.3470009686046615,2.9262011943875192,-2.3806947597971795,3.1952044468079803
51.0,13.0,153.2093505859375,-0.014293983496686,2.58791072367361,-2.668394085916187,-2.397766037199538,-0.2270477834410686,-1.0182602448421585,0.6994434617524079,2.9262011943875192,-2.184860629358333,2.2623436340395933
51.0,13.0,154.37237548828125,-0.0428335717530478,2.1342720373461104,-4.998545076702889,-2.759191050286049,-0.8828512617985774,-0.3236433399255048,0.6810546864534266,2.7090428118656456,-1.963618573843733,2.188018415178148
51.0,13.0,154.93978881835938,-0.8469723230012638,2.649721246651932,-3.957083507694163,-2.759191050286049,-0.1552643470127143,-0.4718111839617493,-0.3810488574974597,2.9262011943875192,-2.3806947597971795,3.2034049165742413
51.0,13.0,154.93978881835938,-0.8469723230012638,2.649721246651932,-3.957083507694163,-2.759191050286049,-0.1552643470127143,-0.4718111839617493,-0.3810488574974597,2.9262011943875192,-2.3806947597971795,3.2034049165742413
51.0,13.0,155.0406036376953,-1.0849442055709713,2.676744316499467,-3.40391878275314,-2.759191050286049,-2.5151564287168786,-1.1190911279070737,-0.402421754259212,2.9262011943875192,-3.505178103140444,3.2034049165742413
51.0,13.0,157.2834930419922,-0.8469723230012638,1.7016723140824237,-4.998545076702889,-2.759191050286049,-0.8828512617985774,-0.4851577269795418,0.6810546864534266,2.7090428118656456,-1.963618573843733,3.2034049165742413
51.0,13.0,157.4285888671875,-0.0428335717530478,2.081496725185418,-4.998545076702889,-2.750527970053097,-0.8788281267342002,-0.3236433399255048,0.6810546864534266,2.936194990339688,-1.963618573843733,2.188018415178148
51.0,13.0,157.47000122070312,-1.0850617705803385,2.676744316499467,-2.687029768634449,-2.759191050286049,-2.5151564287168786,-0.4852721056686266,0.0522067899244896,2.9262011943875192,-3.505178103140444,3.2034049165742413
51.0,13.0,157.56300354003906,-0.7602926367217779,2.5719242705918828,-2.687029768634449,-3.008316868601556,-2.7938456606226065,-0.4855525638576116,-0.1814389146051785,2.9262011943875192,-2.535162143805416,3.2034049165742413
51.0,13.0,157.60922241210938,-0.0247995641879254,2.587912939432963,-2.322658888371976,-2.759191050286049,-0.1837523451435223,-0.3233421486965436,0.699994880942248,2.9262011943875192,-2.528155207763403,2.255663808729336
51.0,13.0,158.53961181640625,-0.8469723230012638,1.6400981121115588,-3.505489050466965,-2.759191050286049,-0.7697002668024279,-0.8460828599077712,0.6864773652285764,2.9262011943875192,-3.3972566449862063,3.2034049165742413
51.0,13.0,158.53961181640625,-0.8469723230012638,1.6400981121115588,-3.505489050466965,-2.759191050286049,-0.7697002668024279,-0.8460828599077712,0.6864773652285764,2.9262011943875192,-3.3972566449862063,3.2034049165742413
51.0,13.0,158.6191864013672,-0.8411234015363505,1.7016723140824237,-3.210035558564321,-2.759191050286049,-0.7028643384828612,-0.4851577269795418,0.6810546864534266,2.7090428118656456,-1.9254289355349024,3.2034553994337003
51.0,13.0,159.24972534179688,-1.046871960666275,2.590450051855429,-3.240408738108661,-2.761642797848497,-2.7938456606226065,-0.4852721056686266,0.3975545452339279,2.9262011943875192,-3.411097696320357,3.2034049165742413
51.0,13.0,159.24972534179688,-1.0848581453331827,2.5904486939648126,-3.240408738108661,-2.761642797848497,-2.812238017281553,-0.4852721056686266,0.3824628338165564,2.9262011943875192,-3.411097696320357,3.2034049165742413
51.0,13.0,159.32553100585938,-0.8469723230012638,2.649721246651932,-3.419638535377848,-2.759191050286049,-0.7697002668024279,-0.4849302015805198,-0.3810488574974597,2.9262011943875192,-3.507742067391666,3.2034049165742413
51.0,13.0,159.7974395751953,-0.8294773454332238,2.593509893757337,-2.687029768634449,-2.759191050286049,-2.7938456606226065,-0.549238423679525,0.6771014280671521,2.9262011943875192,-2.535162143805416,3.2034049165742413
51.0,13.0,159.7974395751953,-0.8294773454332238,2.5952450333722195,-2.687029768634449,-2.759191050286049,-2.7938456606226065,-0.5496376820751069,0.6771014280671521,2.9262011943875192,-2.535162143805416,3.2034049165742413
51.0,13.0,159.7974395751953,-0.8294773454332238,2.593509893757337,-2.687029768634449,-2.759191050286049,-2.7938456606226065,-0.549238423679525,0.6771014280671521,2.9262011943875192,-2.535162143805416,3.2034049165742413
51.0,13.0,159.7974395751953,-0.8295144289712088,2.593509893757337,-2.687029768634449,-2.759191050286049,-2.9172164814897803,-0.5489484009269403,0.5244696306455581,2.9262011943875192,-2.535162143805416,3.2034049165742413
51.0,13.0,159.79898071289062,-0.8469723230012638,1.7016723140824237,-4.962647684388273,-2.759191050286049,-0.1562328706451167,-0.4852721056686266,0.6810546864534266,2.9262011943875192,-1.7260644063731223,3.2034049165742413
51.0,13.0,160.01539611816406,-0.8471925526892794,1.7016723140824237,-2.686064792326701,-2.883376888316774,-0.1566449925511943,-0.5096046891324701,0.6811687408733419,2.9262011943875192,-1.7260644063731223,3.2034544317237525
51.0,13.0,160.61692810058594,-0.8469723230012638,1.7016723140824237,-4.962647684388273,-2.759191050286049,-0.1562328706451167,-0.4852721056686266,0.6810546864534266,2.9262011943875192,-1.963618573843733,3.2034049165742413
51.0,13.0,160.61692810058594,-0.8468961462881212,1.7016723140824237,-4.962647684388273,-2.759191050286049,-0.1558705319304286,-0.4895118199128211,0.6810546864534266,2.9262011943875192,-1.963618573843733,3.2034049165742413
51.0,13.0,160.61692810058594,-0.8469723230012638,1.7016723140824237,-4.962647684388273,-2.759191050286049,-0.1668426134153143,-0.4851493872406499,0.6810546864534266,2.9262011943875192,-1.963618573843733,3.2034049165742413
51.0,13.0,160.61692810058594,-0.8469723230012638,1.6847813857911556,-4.9250260927954574,-2.761453176884363,-0.1562328706451167,-0.5024636598230107,0.6810546864534266,2.9262011943875192,-1.963618573843733,3.2034049165742413
51.0,13.0,161.39068603515625,-0.8642661024480272,2.602253350437155,-2.754503179697145,-2.759191050286049,-0.2138549145946784,0.2803726857857784,0.6999402582027355,2.9262011943875192,-1.7260644063731223,3.1715285007101137
51.0,13.0,161.47152709960938,-0.8469723230012638,1.693774057903159,-3.681899249382359,-2.759191050286049,-0.8757208699807889,-0.5066113215751453,-0.3810488574974597,3.4769346656225366,-1.963144845077952,3.2034049165742413
51.0,13.0,161.95664978027344,-0.8469723230012638,2.711295448622709,-4.8654319197343,-2.759191050286049,-0.0895369601147312,-0.4757581290530477,-0.3864715362726095,2.9262011943875192,-2.204731325857808,3.2034049165742413
51.0,13.0,162.51663208007812,-0.8469723230012638,2.657619502831186,-4.994356840601469,-2.759191050286049,-0.1689065082135773,-0.4851577269795418,0.0875082150525101,2.7090428118656456,-2.4383473889124803,3.2034049165742413
51.0,13.0,162.64488220214844,0.0030041383747937,2.5149894317903927,-2.303313354456025,-2.759191050286049,-0.8880926952719823,-0.3194668497545462,0.6816890761640011,2.9262011943875192,-2.559704545824961,3.391287682592558
51.0,13.0,162.95018005371094,-0.8625002560563919,2.5149894317903927,-2.6618038183674115,-2.759191050286049,-0.1748966577503497,-1.00174331599018,0.6760579422444153,2.6319662399781514,-2.4936218141400426,3.2014418537716165
51.0,13.0,163.07911682128906,-0.0060478588671177,2.5149894317903927,-2.2974266773041787,-2.759191050286049,-0.8880926952719823,-0.3194668497545462,0.6818202440835146,2.9262011943875192,-2.4936218141400426,3.391287682592558
51.0,13.0,163.29116821289062,-0.8533720821013377,2.5149894317903927,-2.6676904955192584,-2.759191050286049,-0.1745343190356617,-0.9952387743181984,0.6759267743249017,2.9262011943875192,-2.4936218141400426,3.2014418537716165
51.0,13.0,163.29116821289062,-0.8534482588144804,2.5149894317903927,-2.6676904955192584,-2.759191050286049,-0.1748966577503497,-1.00174331599018,0.6759267743249017,2.9262011943875192,-2.4936218141400426,3.2014418537716165
51.0,13.0,163.3287353515625,0.4016659699546452,2.672725276555179,-2.7252799150096387,-2.759348322556628,-0.1562328706451167,-0.4852721056686266,0.6626072102516738,2.9262011943875192,-3.499968362797608,3.3281246640392133
51.0,13.0,163.8450927734375,-0.7985015879447068,2.5889810971832783,-4.998545076702889,-2.759191050286049,-0.2214389880382491,-0.485154535053162,0.6996102820725018,2.9262011943875192,-1.963618573843733,3.202439670421384
51.0,13.0,163.87908935546875,-0.0248846208776951,2.5933647752813744,-2.6970144953373367,-2.7593471427109515,-3.1371224080565865,-0.3194668497545462,0.6771025767138733,3.107232507513121,-2.4936218141400426,3.2034049165742413
51.0,13.0,164.09500122070312,0.3871835990016987,2.6727664321805213,-2.7252799150096387,-2.7247207194708007,-0.1562328706451167,-0.4852721056686266,0.6783459307324944,2.9262011943875192,-3.499968362797608,3.3281246640392133
51.0,13.0,164.09500122070312,0.3871835990016987,2.67268305830275,-2.7252799150096387,-2.7262875759085654,-0.1562328706451167,-0.4852721056686266,0.6783459307324944,2.9262011943875192,-3.499968362797608,3.3281246640392133
51.0,13.0,164.3148193359375,-0.8961432839187857,2.58940500479334,-2.6676904955192584,-2.76032683917505,-0.1564854524131588,-0.9952387743181984,0.6673405762353051,2.9262011943875192,-2.4936218141400426,3.2014418537716165
51.0,13.0,164.54483032226562,-0.8469723230012638,1.7016723140824237,-4.962647684388273,-2.759191050286049,-0.1562328706451167,-0.836910787380299,0.6810546864534266,2.9262011943875192,-2.094245903693839,3.2034049165742413
51.0,14.0,143.4918212890625,-0.8469723230012638,2.649721246651932,-3.419638535377848,-2.759191050286049,-0.8185768817050766,-0.5490956287351388,-0.3810488574974597,4.066364255215508,-2.5421199048964644,3.2034049165742413
51.0,14.0,144.52281188964844,0.9826998363233462,2.1342720373461104,-4.998545076702889,-2.759191050286049,-0.8828512617985774,-0.7578837512813015,0.686593637860774,2.7033088662239786,-1.963618573843733,2.257035854403179
51.0,14.0,145.8644561767578,-0.014293983496686,2.09544475063763,-4.63846270863679,-2.764368160842376,-0.2270477834410686,-1.0288066628294854,0.6994434617524079,2.9262011943875192,-1.8610946984060512,2.2623436340395933
51.0,14.0,147.5825653076172,-0.4666832256227864,2.097373065861419,-4.998545076702889,-2.75072823127819,-0.8788281267342002,-0.8397074373692992,0.6526268303858112,2.925252694658844,-1.963618573843733,2.188018415178148
51.0,14.0,148.60548400878906,-0.920629593307356,1.795478440296857,-4.998545076702889,-2.759191050286049,-0.8828512617985774,-0.828897365669073,1.012719323591004,2.719658335199924,-2.1325371284143126,2.190266496680964
51.0,14.0,150.06251525878906,-0.8469723230012638,1.7016723140824237,-4.998545076702889,-2.759191050286049,-0.8828512617985774,-0.4851577269795418,0.6810546864534266,2.9262011943875192,-1.963618573843733,3.2034049165742413
51.0,14.0,150.06251525878906,-0.8484033527267746,1.6926286357842746,-4.998545076702889,-2.759191050286049,-0.8828512617985774,-0.485154535053162,0.6810546864534266,2.9262011943875192,-1.963618573843733,3.2034049165742413
51.0,14.0,150.07244873046875,-0.8411234015363505,1.7016723140824237,-4.9631243199315325,-2.759191050286049,-0.7028643384828612,-0.4851577269795418,0.6810546864534266,2.7090428118656456,-1.7244111562506086,3.2034553994337003
51.0,14.0,150.11399841308594,-1.061386704389237,1.706918672474357,-4.963437796043127,-2.759191050286049,-0.7755641377396824,-0.4851475970697309,0.6810546864534266,2.8732530767715283,-1.963618573843733,3.2034049165742413
51.0,14.0,150.11399841308594,-1.0591054622923604,1.7071160219204466,-4.964170502455873,-2.759191050286049,-0.7755641377396824,-0.4900535351863975,0.6810546864534266,2.8732530767715283,-1.963216972147664,3.2034049165742413
51.0,14.0,150.28875732421875,-0.8469723230012638,2.649721246651932,-3.419638535377848,-2.759191050286049,-0.1617761163957888,-0.5066113215751453,-0.3810488574974597,2.9262011943875192,-2.437873660146699,3.2034049165742413
51.0,14.0,152.0327606201172,-0.6641955336172021,1.7237285502104145,-4.824713130917575,-2.698738870876209,-0.1558705319304286,-0.4900045216406863,0.6810546864534266,2.9262011943875192,-1.949212726707371,3.2034049165742413
51.0,14.0,152.0327606201172,-0.6664767757140788,1.7235312007643249,-4.823977000714806,-2.698738870876209,-0.1558705319304286,-0.4850985835240197,0.6810546864534266,2.9262011943875192,-1.9496143284034404,3.2034049165742413
51.0,14.0,152.8001708984375,-0.8617907218535161,2.5897209227077616,-3.957083507694163,-2.759191050286049,-0.1820559880478293,-0.8380451586545095,-0.3470009686046615,2.9262011943875192,-2.3806947597971795,3.1952044468079803
51.0,14.0,153.2093505859375,-0.014293983496686,2.58791072367361,-2.668394085916187,-2.397766037199538,-0.2270477834410686,-1.0182602448421585,0.6994434617524079,2.9262011943875192,-2.184860629358333,2.2623436340395933
51.0,14.0,154.20590209960938,-0.0428335717530478,2.6267380103820903,-2.993864306446837,-2.392588926643211,-0.8828512617985774,-0.3130969219381775,0.6810546864534266,2.7090428118656456,-1.963618573843733,2.188018415178148
51.0,14.0,154.37237548828125,-0.0428335717530478,2.1342720373461104,-4.998545076702889,-2.759191050286049,-0.8828512617985774,-0.3236433399255048,0.6810546864534266,2.7090428118656456,-1.963618573843733,2.188018415178148
51.0,14.0,154.93978881835938,-0.8469723230012638,2.649721246651932,-3.957083507694163,-2.759191050286049,-0.1552643470127143,-0.4718111839617493,-0.3810488574974597,2.9262011943875192,-2.3806947597971795,3.2034049165742413
51.0,14.0,154.93978881835938,-0.8469723230012638,2.649721246651932,-3.957083507694163,-2.759191050286049,-0.1552643470127143,-0.4718111839617493,-0.3810488574974597,2.9262011943875192,-2.3806947597971795,3.2034049165742413
51.0,14.0,155.0406036376953,-1.0849442055709713,2.676744316499467,-3.40391878275314,-2.759191050286049,-2.5151564287168786,-1.1190911279070737,-0.402421754259212,2.9262011943875192,-3.505178103140444,3.2034049165742413
51.0,14.0,156.0206756591797,-0.0087181694240969,2.591776478919481,-4.998545076702889,-2.759191050286049,-0.8828512617985774,-0.4851577269795418,0.6810819403763333,2.9262011943875192,-1.963618573843733,3.2034049165742413
51.0,14.0,156.0705108642578,-0.9211041412673988,1.7016723140824237,-4.746547876691389,-2.759191050286049,-0.1699936578890901,-0.4852721056686266,1.056126850964798,2.9143583228463754,-1.7260644063731223,2.197528149946971
51.0,14.0,156.72088623046875,-0.8483605664497661,1.6425335703262256,-2.754503179697145,-2.759191050286049,-0.8896095354017197,0.2803726857857784,0.6999402582027355,2.9262011943875192,-1.742576986721865,3.1715285007101137
51.0,14.0,156.752685546875,-0.8443020124442846,1.6248852669533247,-2.2974266773041787,-2.759191050286049,-1.1544051854701896,-0.3194668497545462,0.6817929901606079,3.3783299538228566,-2.4936218141400426,3.391287682592558
51.0,14.0,156.90267944335938,-0.8617907218535161,1.7562671543442263,-3.957083507694163,-2.759191050286049,-0.9074845028714392,-0.4343775393627556,-0.2786643833541393,2.9262011943875192,-2.399408832536388,3.1952044468079803
51.0,14.0,157.2834930419922,-0.8469723230012638,1.7016723140824237,-4.998545076702889,-2.759191050286049,-0.8828512617985774,-0.4851577269795418,0.6810546864534266,2.7090428118656456,-1.963618573843733,3.2034049165742413
51.0,14.0,157.2834930419922,-0.8469723230012638,1.7016723140824237,-4.998545076702889,-2.759191050286049,-0.8828512617985774,-0.4851577269795418,0.6810546864534266,2.7090428118656456,-1.963618573843733,3.2034049165742413
51.0,14.0,157.4285888671875,-0.0428335717530478,2.081496725185418,-4.998545076702889,-2.750527970053097,-0.8788281267342002,-0.3236433399255048,0.6810546864534266,2.936194990339688,-1.963618573843733,2.188018415178148
51.0,14.0,157.47000122070312,-1.0850617705803385,2.676744316499467,-2.687029768634449,-2.759191050286049,-2.5151564287168786,-0.4852721056686266,0.0522067899244896,2.9262011943875192,-3.505178103140444,3.2034049165742413
51.0,14.0,157.56300354003906,-0.7602926367217779,2.5719242705918828,-2.687029768634449,-3.008316868601556,-2.7938456606226065,-0.4855525638576116,-0.1814389146051785,2.9262011943875192,-2.535162143805416,3.2034049165742413
51.0,14.0,157.60922241210938,-0.0247995641879254,2.587912939432963,-2.322658888371976,-2.759191050286049,-0.1837523451435223,-0.3233421486965436,0.699994880942248,2.9262011943875192,-2.528155207763403,2.255663808729336
51.0,14.0,158.31015014648438,-0.846497775041221,1.795478440296857,-4.998545076702889,-2.759191050286049,-0.869090474554604,-0.828897365669073,0.6376471590796328,2.7315012067410667,-2.1325371284143126,3.196143263307765
51.0,14.0,158.53961181640625,-0.8469723230012638,1.6400981121115588,-3.505489050466965,-2.759191050286049,-0.7697002668024279,-0.8460828599077712,0.6864773652285764,2.9262011943875192,-3.3972566449862063,3.2034049165742413
51.0,14.0,158.53961181640625,-0.8469723230012638,1.6400981121115588,-3.505489050466965,-2.759191050286049,-0.7697002668024279,-0.8460828599077712,0.6864773652285764,2.9262011943875192,-3.3972566449862063,3.2034049165742413
51.0,14.0,158.53961181640625,-0.8468731755222144,1.7029443413618484,-3.505489050466965,-2.759191050286049,-0.7697002668024279,-0.8688470273812924,0.6864773652285764,2.9262011943875192,-3.362071467938448,3.2034554068665613
51.0,14.0,158.54339599609375,-0.8468949142472078,1.7016723140824237,-4.962647684388273,-2.4719592231182084,-0.1558705319304286,-0.4706557624266307,0.7022720099370715,2.9262011943875192,-1.9581572268116696,3.2034049165742413
51.0,14.0,158.58843994140625,-0.8411234015363505,1.7016723140824237,-4.882474200917597,-2.759191050286049,-0.7028643384828612,-0.4851577269795418,0.0826652597659097,2.7090428118656456,-2.442842200806324,3.2034041509596083
51.0,14.0,158.6191864013672,-0.8411234015363505,1.7016723140824237,-3.210035558564321,-2.759191050286049,-0.7028643384828612,-0.4851577269795418,0.6810546864534266,2.7090428118656456,-1.9254289355349024,3.2034553994337003
51.0,14.0,158.8765106201172,-1.0546414176259746,2.5904486939648126,-3.239017558203604,-2.76165497622759,-2.812238017281553,-0.4852721056686266,0.3779337872385795,2.9262011943875192,-3.408292654224608,3.2034049165742413
51.0,14.0,159.24972534179688,-1.046871960666275,2.590450051855429,-3.240408738108661,-2.761642797848497,-2.7938456606226065,-0.4852721056686266,0.3975545452339279,2.9262011943875192,-3.411097696320357,3.2034049165742413
51.0,14.0,159.24972534179688,-1.0848581453331827,2.5904486939648126,-3.240408738108661,-2.761642797848497,-2.812238017281553,-0.4852721056686266,0.3824628338165564,2.9262011943875192,-3.411097696320357,3.2034049165742413
51.0,14.0,159.25608825683594,-0.8469723230012638,2.649721246651932,-3.419638535377848,-2.759191050286049,-0.1617809277864486,-0.5066113215751453,0.6565832164939148,2.9262011943875192,-1.9461018494812232,3.2034049165742413
51.0,14.0,159.32553100585938,-0.8469723230012638,2.649721246651932,-3.419638535377848,-2.759191050286049,-0.7697002668024279,-0.4849302015805198,-0.3810488574974597,2.9262011943875192,-3.507742067391666,3.2034049165742413
51.0,14.0,159.7974395751953,-0.8294773454332238,2.593509893757337,-2.687029768634449,-2.759191050286049,-2.7938456606226065,-0.549238423679525,0.6771014280671521,2.9262011943875192,-2.535162143805416,3.2034049165742413
51.0,14.0,159.7974395751953,-0.8294773454332238,2.5952450333722195,-2.687029768634449,-2.759191050286049,-2.7938456606226065,-0.5496376820751069,0.6771014280671521,2.9262011943875192,-2.535162143805416,3.2034049165742413
51.0,14.0,159.7974395751953,-0.8294773454332238,2.593509893757337,-2.687029768634449,-2.759191050286049,-2.7938456606226065,-0.549238423679525,0.6771014280671521,2.9262011943875192,-2.535162143805416,3.2034049165742413
51.0,14.0,159.7974395751953,-0.8295144289712088,2.593509893757337,-2.687029768634449,-2.759191050286049,-2.9172164814897803,-0.5489484009269403,0.5244696306455581,2.9262011943875192,-2.535162143805416,3.2034049165742413
51.0,14.0,159.79898071289062,-0.8469723230012638,1.7016723140824237,-4.962647684388273,-2.759191050286049,-0.1562328706451167,-0.4852721056686266,0.6810546864534266,2.9262011943875192,-1.7260644063731223,3.2034049165742413
51.0,14.0,160.01539611816406,-0.8471925526892794,1.7016723140824237,-2.686064792326701,-2.883376888316774,-0.1566449925511943,-0.5096046891324701,0.6811687408733419,2.9262011943875192,-1.7260644063731223,3.2034544317237525
51.0,14.0,160.2424774169922,-0.8617907218535161,2.5897209227077616,-3.8407845491617447,-2.759191050286049,-0.1820559880478293,-0.8380451586545095,-0.3470009686046615,2.9262011943875192,-2.3806947597971795,3.1952044468079803
51.0,15.0,143.4918212890625,-0.8469723230012638,2.649721246651932,-3.419638535377848,-2.759191050286049,-0.8185768817050766,-0.5490956287351388,-0.3810488574974597,4.066364255215508,-2.5421199048964644,3.2034049165742413
51.0,15.0,143.94729614257812,0.9933767502561112,2.1342720373461104,-4.92415566113417,-2.759191050286049,-0.8828512617985774,-0.7578837512813015,0.686593637860774,2.7033088662239786,-1.945296489365072,2.257035854403179
51.0,15.0,144.52281188964844,0.9826998363233462,2.1342720373461104,-4.998545076702889,-2.759191050286049,-0.8828512617985774,-0.7578837512813015,0.686593637860774,2.7033088662239786,-1.963618573843733,2.257035854403179
51.0,15.0,144.82456970214844,-0.8617907218535161,2.575420899934846,-3.97050837495733,-2.959130165273003,-0.1820559880478293,-0.8380451586545095,-0.3470009686046615,3.5120927430095223,-1.957469642485396,3.1952044468079803
51.0,15.0,145.8644561767578,-0.014293983496686,2.09544475063763,-4.63846270863679,-2.764368160842376,-0.2270477834410686,-1.0288066628294854,0.6994434617524079,2.9262011943875192,-1.8610946984060512,2.2623436340395933
51.0,15.0,146.65396118164062,-0.4666832256227864,2.097373065861419,-4.998545076702889,-2.7587584384897514,-0.9402545836194496,-0.9448558353240866,0.6463920857947195,2.926315139341274,-1.985920359883903,2.174848811407308
51.0,15.0,147.24180603027344,-0.0294738747567362,1.7301976680966384,-4.998545076702889,-2.750527970053097,-0.8828414976935601,-0.3236433399255048,0.6810546864534266,2.715937049628903,-1.963618573843733,1.9388306337723893
51.0,15.0,147.5825653076172,-0.4666832256227864,2.097373065861419,-4.998545076702889,-2.75072823127819,-0.8788281267342002,-0.8397074373692992,0.6526268303858112,2.925252694658844,-1.963618573843733,2.188018415178148
51.0,15.0,148.1588134765625,-0.8457206118514208,1.7209148360713036,-4.998545076702889,-2.7591204445299544,-0.8828760431069524,-0.8500035717207793,0.6810546864534266,2.9262011943875192,-1.963618573843733,2.340324522333661
51.0,15.0,148.60362243652344,-0.8469723230012638,2.649721246651932,-3.957083507694163,-2.5480771619706464,-0.833041668761143,-0.4718111839617493,-0.3748141129063681,2.925138749705089,-2.358392973757009,3.2165745203440705
51.0,15.0,148.60548400878906,-0.920629593307356,1.795478440296857,-4.998545076702889,-2.759191050286049,-0.8828512617985774,-0.828897365669073,1.012719323591004,2.719658335199924,-2.1325371284143126,2.190266496680964
51.0,15.0,148.60548400878906,-0.920629593307356,1.795478440296857,-4.998545076702889,-2.759191050286049,-0.8828512617985774,-0.828897365669073,1.012719323591004,2.719658335199924,-2.1325371284143126,2.190266496680964
51.0,15.0,149.40248107910156,-0.0428335717530478,1.717365805954828,-4.998545076702889,-2.7577602133629395,-0.8794821728952527,-0.3236433399255048,0.6810546864534266,2.7090428118656456,-1.963618573843733,2.188018415178148
51.0,15.0,150.06251525878906,-0.8469723230012638,1.7016723140824237,-4.998545076702889,-2.759191050286049,-0.8828512617985774,-0.4851577269795418,0.6810546864534266,2.9262011943875192,-1.963618573843733,3.2034049165742413
51.0,15.0,150.06251525878906,-0.8484033527267746,1.6926286357842746,-4.998545076702889,-2.759191050286049,-0.8828512617985774,-0.485154535053162,0.6810546864534266,2.9262011943875192,-1.963618573843733,3.2034049165742413
51.0,15.0,150.07244873046875,-0.8411234015363505,1.7016723140824237,-4.9631243199315325,-2.759191050286049,-0.7028643384828612,-0.4851577269795418,0.6810546864534266,2.7090428118656456,-1.7244111562506086,3.2034553994337003
51.0,15.0,150.11399841308594,-1.061386704389237,1.706918672474357,-4.963437796043127,-2.759191050286049,-0.7755641377396824,-0.4851475970697309,0.6810546864534266,2.8732530767715283,-1.963618573843733,3.2034049165742413
51.0,15.0,150.11399841308594,-1.0591054622923604,1.7071160219204466,-4.964170502455873,-2.759191050286049,-0.7755641377396824,-0.4900535351863975,0.6810546864534266,2.8732530767715283,-1.963216972147664,3.2034049165742413
51.0,15.0,150.28875732421875,-0.8469723230012638,2.649721246651932,-3.419638535377848,-2.759191050286049,-0.1617761163957888,-0.5066113215751453,-0.3810488574974597,2.9262011943875192,-2.437873660146699,3.2034049165742413
51.0,15.0,150.3282928466797,-1.061386704389237,1.7016338285117003,-4.962314495634281,-2.759191050286049,-0.8242184052722663,-0.4852712306988766,0.6810546864534266,2.915021563701868,-1.963618573843733,3.2034049165742413
51.0,15.0,151.148193359375,0.0099077883089031,1.7013798147131658,-4.8250988776057975,-2.696201733744404,-0.1558519347026808,-0.4859647813512842,1.056126850964798,2.9143583228463754,-1.3245140156622406,2.197528149946971
51.0,15.0,151.56796264648438,-0.8617907218535161,2.5686510052144778,-3.957083507694163,-2.759191050286049,-2.810349890442398,-0.4356409687831173,0.334288493058732,2.9262011943875192,-2.413185122212406,3.19521911993118
51.0,15.0,151.60379028320312,-0.847001290272239,1.7016723140824237,-4.998545076702889,-2.759191050286049,-0.8690145992253653,-0.4840977151842484,0.6810546864534266,2.926459561720899,-2.0256367537343114,3.196427720053923
51.0,15.0,151.74917602539062,-1.02621053149884,1.7341544527415174,-4.9993155674037215,-2.759191050286049,-0.8754127929079913,-0.4899968857126249,0.6810546864534266,2.8683893415782107,-1.963216972147664,3.2034049165742413
51.0,15.0,152.0327606201172,-0.6641955336172021,1.7237285502104145,-4.824713130917575,-2.698738870876209,-0.1558705319304286,-0.4900045216406863,0.6810546864534266,2.9262011943875192,-1.949212726707371,3.2034049165742413
51.0,15.0,152.0327606201172,-0.6664767757140788,1.7235312007643249,-4.823977000714806,-2.698738870876209,-0.1558705319304286,-0.4850985835240197,0.6810546864534266,2.9262011943875192,-1.9496143284034404,3.2034049165742413
51.0,15.0,152.67100524902344,-0.0428335717530478,1.6969380549304467,-4.998545076702889,-2.750527970053097,-0.8828760296652589,-0.3236433399255048,0.6810546864534266,2.936194990339688,-1.963618573843733,2.1724099233113625
51.0,15.0,152.8001708984375,-0.8617907218535161,2.5897209227077616,-3.957083507694163,-2.759191050286049,-0.1820559880478293,-0.8380451586545095,-0.3470009686046615,2.9262011943875192,-2.3806947597971795,3.1952044468079803
51.0,15.0,153.2093505859375,-0.014293983496686,2.58791072367361,-2.668394085916187,-2.397766037199538,-0.2270477834410686,-1.0182602448421585,0.6994434617524079,2.9262011943875192,-2.184860629358333,2.2623436340395933
51.0,15.0,153.33058166503906,-0.9270202828325268,1.7240210495796722,-4.746162130003164,-2.698738870876209,-0.1700122551168379,-0.4893118459580287,0.6810546864534266,2.9262011943875192,-1.950843050491483,3.2034049165742413
51.0,15.0,153.52577209472656,-0.8469723230012638,2.6502543012121182,-3.419638535377848,-2.759191050286049,-2.7825651401207354,-0.547656572482258,-0.3810488574974597,4.066364255215508,-2.55923055721326,3.2034049165742413
51.0,15.0,154.20590209960938,-0.0428335717530478,2.6267380103820903,-2.993864306446837,-2.392588926643211,-0.8828512617985774,-0.3130969219381775,0.6810546864534266,2.7090428118656456,-1.963618573843733,2.188018415178148
51.0,15.0,154.20590209960938,-0.0428335717530478,2.6267380103820903,-2.993864306446837,-2.392588926643211,-0.8828512617985774,-0.3130969219381775,0.6810546864534266,2.7090428118656456,-1.963618573843733,2.188018415178148
51.0,15.0,154.20712280273438,-0.014293983496686,2.09544475063763,-4.63846270863679,-2.759693876977672,-0.2202223546029976,-1.0288066628294854,-0.4000105932227511,2.9262011943875192,-1.8610946984060512,2.2623436340395933
51.0,15.0,154.24203491210938,-0.8351633146462811,2.1419474167725725,-3.974239859464592,-2.764368160842376,-0.8879665048404859,-1.0288066628294854,0.6994434617524079,2.9262011943875192,-2.411287311966364,2.3239343641937222
51.0,15.0,154.37237548828125,-0.0428335717530478,2.1342720373461104,-4.998545076702889,-2.759191050286049,-0.8828512617985774,-0.3236433399255048,0.6810546864534266,2.7090428118656456,-1.963618573843733,2.188018415178148
51.0,15.0,154.6237335205078,-0.4693659664981403,2.06908686557439,-4.998545076702889,-2.750798837034285,-0.878803345425825,-0.4748584007016819,0.6526268303858112,2.925252694658844,-1.963618573843733,3.152801711896473
51.0,15.0,154.69859313964844,-0.8484033527267746,1.6926286357842746,-2.3277490810111736,-2.759191050286049,-0.6174146382921398,-0.3253871084616493,0.6810546864534266,2.9262011943875192,-1.963618573843733,2.5322076849788564
51.0,15.0,154.93978881835938,-0.8469723230012638,2.649721246651932,-3.957083507694163,-2.759191050286049,-0.1552643470127143,-0.4718111839617493,-0.3810488574974597,2.9262011943875192,-2.3806947597971795,3.2034049165742413
51.0,15.0,154.93978881835938,-0.8469723230012638,2.649721246651932,-3.957083507694163,-2.759191050286049,-0.1552643470127143,-0.4718111839617493,-0.3810488574974597,2.9262011943875192,-2.3806947597971795,3.2034049165742413
51.0,15.0,155.0406036376953,-1.0849442055709713,2.676744316499467,-3.40391878275314,-2.759191050286049,-2.5151564287168786,-1.1190911279070737,-0.402421754259212,2.9262011943875192,-3.505178103140444,3.2034049165742413
51.0,15.0,155.5171661376953,0.9826998363233462,2.148572060119026,-4.964911333281372,-2.759191050286049,-1.4342647198416505,-0.7578837512813015,0.686593637860774,1.5559472795244509,-2.386843691155517,2.257035854403179
51.0,15.0,155.85107421875,-0.6664767757140788,2.1404374321556072,-4.85923937769808,-2.70016970779932,-0.1592396208337534,-0.4850985835240197,0.6810546864534266,2.9262011943875192,-1.9496143284034404,3.2034049165742413
51.0,15.0,156.0206756591797,-0.0087181694240969,2.591776478919481,-4.998545076702889,-2.759191050286049,-0.8828512617985774,-0.4851577269795418,0.6810819403763333,2.9262011943875192,-1.963618573843733,3.2034049165742413
51.0,15.0,156.0705108642578,-0.9211041412673988,1.7016723140824237,-4.746547876691389,-2.759191050286049,-0.1699936578890901,-0.4852721056686266,1.056126850964798,2.9143583228463754,-1.7260644063731223,2.197528149946971
51.0,15.0,156.1626739501953,-0.4630923165906523,1.709764488209284,-4.621306261614685,-2.759191050286049,-0.2465657814720219,-0.4343775393627556,-0.2786643833541393,2.9262011943875192,-1.8492162189760744,3.4569366717183634
51.0,15.0,156.72088623046875,-0.8483605664497661,1.6425335703262256,-2.754503179697145,-2.759191050286049,-0.8896095354017197,0.2803726857857784,0.6999402582027355,2.9262011943875192,-1.742576986721865,3.1715285007101137
51.0,15.0,156.752685546875,-0.8443020124442846,1.6248852669533247,-2.2974266773041787,-2.759191050286049,-1.1544051854701896,-0.3194668497545462,0.6817929901606079,3.3783299538228566,-2.4936218141400426,3.391287682592558
51.0,15.0,156.90267944335938,-0.8617907218535161,1.7562671543442263,-3.957083507694163,-2.759191050286049,-0.9074845028714392,-0.4343775393627556,-0.2786643833541393,2.9262011943875192,-2.399408832536388,3.1952044468079803
51.0,15.0,157.2834930419922,-0.8469723230012638,1.7016723140824237,-4.998545076702889,-2.759191050286049,-0.8828512617985774,-0.4851577269795418,0.6810546864534266,2.7090428118656456,-1.963618573843733,3.2034049165742413
51.0,16.0,143.4918212890625,-0.8469723230012638,2.649721246651932,-3.419638535377848,-2.759191050286049,-0.8185768817050766,-0.5490956287351388,-0.3810488574974597,4.066364255215508,-2.5421199048964644,3.2034049165742413
51.0,16.0,143.94729614257812,0.9933767502561112,2.1342720373461104,-4.92415566113417,-2.759191050286049,-0.8828512617985774,-0.7578837512813015,0.686593637860774,2.7033088662239786,-1.945296489365072,2.257035854403179
51.0,16.0,144.00567626953125,-0.014293983496686,2.09544475063763,-4.63846270863679,-2.271966621914771,-0.2270477834410686,-1.0288066628294854,0.6994434617524079,2.9262011943875192,-1.8610946984060512,2.2623436340395933
51.0,16.0,144.52281188964844,0.9826998363233462,2.1342720373461104,-4.998545076702889,-2.759191050286049,-0.8828512617985774,-0.7578837512813015,0.686593637860774,2.7033088662239786,-1.963618573843733,2.257035854403179
51.0,16.0,144.82102966308594,-0.8469723230012638,2.649721246651932,-3.957083507694163,-2.544436903346817,-1.0658342941491927,-0.4718111839617493,-0.3748141129063681,4.079523365859175,-2.3611805777043013,3.2165878105707164
51.0,16.0,144.82456970214844,-0.8617907218535161,2.575420899934846,-3.97050837495733,-2.959130165273003,-0.1820559880478293,-0.8380451586545095,-0.3470009686046615,3.5120927430095223,-1.957469642485396,3.1952044468079803
51.0,16.0,144.83592224121094,-0.0294738747567362,1.7029942018460575,-4.824039219001432,-2.696554335171129,-0.8591573528620521,-0.4953759955921625,0.720711649683732,2.715937049628903,-1.2664950522195226,1.9146725123513229
51.0,16.0,144.99642944335938,0.0256422954848986,1.7209148360713036,-4.998545076702889,-2.7591204445299544,-0.8828760431069524,-0.8500035717207793,0.6810546864534266,2.9262011943875192,-1.963618573843733,1.9963003915603188
51.0,16.0,145.50563049316406,1.019422494412452,2.1342720373461104,-4.924543374312353,-2.759191050286049,-0.7711743628170791,-0.7578837512813015,0.686593637860774,2.7033088662239786,-1.9453701526840927,2.257035854403179
51.0,16.0,145.8644561767578,-0.014293983496686,2.09544475063763,-4.63846270863679,-2.764368160842376,-0.2270477834410686,-1.0288066628294854,0.6994434617524079,2.9262011943875192,-1.8610946984060512,2.2623436340395933
51.0,16.0,145.8644561767578,-0.014293983496686,2.09544475063763,-4.63846270863679,-2.764368160842376,-0.3346905312879731,-0.7374783919907277,0.8097778778225737,2.9262011943875192,-1.8610946984060512,2.2623436340395933
51.0,16.0,145.86795043945312,0.9826998363233462,2.15038159844255,-4.998545076702889,-3.277268600598925,-0.8828512617985774,-0.7535290163685637,0.6808682135111868,2.7033088662239786,-1.963618573843733,2.257035854403179
51.0,16.0,146.2987060546875,-0.8617907218535161,2.5897209227077616,-4.033192635728049,-2.759191050286049,-0.8282002460861229,-0.8380451586545095,-0.3463750239729193,3.0048907966481706,-2.3806947597971795,3.2031200764074885
51.0,16.0,146.31201171875,-0.4666832256227864,2.128177508671661,-4.962607912388727,-2.759194475359991,-0.9402545836194496,-0.9660286926637174,0.6463920857947195,2.926315139341274,-1.9854582842476929,2.174848811407308
51.0,16.0,146.65396118164062,-0.4666832256227864,2.097373065861419,-4.998545076702889,-2.7587584384897514,-0.9402545836194496,-0.9448558353240866,0.6463920857947195,2.926315139341274,-1.985920359883903,2.174848811407308
51.0,16.0,146.9775390625,-0.0889858761264233,2.145397708940196,-4.92415566113417,-2.759191050286049,-0.8828512617985774,-0.7578837512813015,0.6811228585615325,2.7032837419563065,-1.96407479401864,2.185235646854108
51.0,16.0,147.24180603027344,-0.0294738747567362,1.7301976680966384,-4.998545076702889,-2.750527970053097,-0.8828414976935601,-0.3236433399255048,0.6810546864534266,2.715937049628903,-1.963618573843733,1.9388306337723893
51.0,16.0,147.5825653076172,-0.4666832256227864,2.097373065861419,-4.998545076702889,-2.75072823127819,-0.8788281267342002,-0.8397074373692992,0.6526268303858112,2.925252694658844,-1.963618573843733,2.188018415178148
51.0,16.0,147.5825653076172,-0.4666832256227864,2.097373065861419,-4.998545076702889,-2.75072823127819,-0.8788281267342002,-0.8397074373692992,0.6526268303858112,2.925252694658844,-1.963618573843733,2.188018415178148
51.0,16.0,147.76487731933594,-1.012781991047117,1.6986167399792511,-3.974239859464592,-2.763987221758578,-0.8879665048404859,-1.0135251791441444,0.6814359363564412,2.9262011943875192,-2.403539014369277,2.3239343641937222
51.0,16.0,147.84487915039062,-0.0102354859522556,2.06908686557439,-4.991129913119631,-2.789764724038679,-0.878803345425825,-1.0234427397649606,0.6526268303858112,2.925209855194056,-1.963618573843733,2.2405887107506803
51.0,16.0,148.03594970703125,-0.8457206118514208,1.7209148360713036,-4.998545076702889,-2.7591204445299544,-0.8828506074153829,-0.8500035717207793,1.001780662322649,2.9262011943875192,-1.963618573843733,2.3396209930223946
51.0,16.0,148.06483459472656,-0.920629593307356,1.795478440296857,-4.998545076702889,-2.759191050286049,-1.8754493411322104,-0.828897365669073,0.6919933477217817,2.719658335199924,-2.1325371284143126,2.1909700259922302
51.0,16.0,148.1588134765625,-0.8457206118514208,1.7209148360713036,-4.998545076702889,-2.7591204445299544,-0.8828760431069524,-0.8500035717207793,0.6810546864534266,2.9262011943875192,-1.963618573843733,2.340324522333661
51.0,16.0,148.60362243652344,-0.8469723230012638,2.649721246651932,-3.957083507694163,-2.5480771619706464,-0.833041668761143,-0.4718111839617493,-0.3748141129063681,2.925138749705089,-2.358392973757009,3.2165745203440705
51.0,16.0,148.60362243652344,-0.8469723230012638,2.649721246651932,-3.957083507694163,-2.5480771619706464,-0.833041668761143,-0.4718111839617493,-0.3748141129063681,2.925138749705089,-2.358392973757009,3.2165745203440705
51.0,16.0,148.60548400878906,-0.920629593307356,1.795478440296857,-4.998545076702889,-2.759191050286049,-0.8828512617985774,-0.828897365669073,1.012719323591004,2.719658335199924,-2.1325371284143126,2.190266496680964
51.0,16.0,148.60548400878906,-0.920629593307356,1.795478440296857,-4.998545076702889,-2.759191050286049,-0.8828512617985774,-0.828897365669073,1.012719323591004,2.719658335199924,-2.1325371284143126,2.190266496680964
51.0,16.0,149.1456298828125,0.2974363238874292,1.6969380549304467,-4.998545076702889,-2.7931012223741845,-0.8828760296652589,-0.3133052470442141,0.6810546864534266,2.936194990339688,-1.963618573843733,2.1877102479708688
51.0,16.0,149.1602783203125,-0.8469723230012638,2.649721246651932,-3.343529407332841,-2.759191050286049,-0.172432623666783,-0.5490956287351388,-0.381674802129202,3.987674650158384,-2.5421199048964644,3.195489286974733
51.0,16.0,149.39736938476562,0.3112640244259576,2.6267380103820903,-2.993864306446837,-2.392588926643211,-0.137342348468401,-0.3158548265123457,0.6810546864534266,2.7090428118656456,-2.0008973724555403,2.188018415178148
51.0,16.0,149.40248107910156,-0.0428335717530478,1.717365805954828,-4.998545076702889,-2.7577602133629395,-0.8794821728952527,-0.3236433399255048,0.6810546864534266,2.7090428118656456,-1.963618573843733,2.188018415178148
51.0,16.0,149.40248107910156,-0.043928854703517,1.7301600850370558,-4.998545076702889,-2.7505682468226698,-0.8827934689468152,-0.3236433399255048,0.6810546864534266,2.7090428118656456,-1.963618573843733,2.184647620686631
51.0,16.0,149.77154541015625,-0.0283785918062671,1.7174033890144105,-4.998545076702889,-2.7577199365933667,-0.8795302016419976,-0.3236433399255048,0.6810546864534266,2.715937049628903,-1.963618573843733,1.942201428263906
51.0,16.0,149.87762451171875,-0.8620507626852528,2.35665723116563,-4.993732907334036,-2.959130165273003,-0.8969720814871021,-0.8380451586545095,-0.3585381880833889,2.9240538600941326,-1.963525501028704,3.19546585270872
51.0,16.0,150.0430145263672,0.9826998363233462,2.134261029653263,-4.998545076702889,-2.759191050286049,-0.8828512617985774,-0.8286086850813154,0.686593637860774,2.7033088662239786,-1.963618573843733,2.257035854403179
51.0,16.0,150.06251525878906,-0.8469723230012638,1.7016723140824237,-4.998545076702889,-2.759191050286049,-0.8828512617985774,-0.4851577269795418,0.6810546864534266,2.9262011943875192,-1.963618573843733,3.2034049165742413
51.0,16.0,150.06251525878906,-0.8484033527267746,1.6926286357842746,-4.998545076702889,-2.759191050286049,-0.8828512617985774,-0.485154535053162,0.6810546864534266,2.9262011943875192,-1.963618573843733,3.2034049165742413
51.0,16.0,150.07244873046875,-0.8411234015363505,1.7016723140824237,-4.9631243199315325,-2.759191050286049,-0.7028643384828612,-0.4851577269795418,0.6810546864534266,2.7090428118656456,-1.7244111562506086,3.2034553994337003
51.0,16.0,150.11399841308594,-1.061386704389237,1.706918672474357,-4.963437796043127,-2.759191050286049,-0.7755641377396824,-0.4851475970697309,0.6810546864534266,2.8732530767715283,-1.963618573843733,3.2034049165742413
51.0,16.0,150.11399841308594,-1.0591054622923604,1.7071160219204466,-4.964170502455873,-2.759191050286049,-0.7755641377396824,-0.4900535351863975,0.6810546864534266,2.8732530767715283,-1.963216972147664,3.2034049165742413
51.0,16.0,150.11399841308594,-1.061386704389237,1.676114229664115,-4.94169810657964,-2.75875501341581,-0.7755641377396824,-0.4639747397301001,0.6810546864534266,2.8732530767715283,-1.9640806494799432,3.2034049165742413
51.0,16.0,150.28875732421875,-0.8469723230012638,2.649721246651932,-3.419638535377848,-2.759191050286049,-0.1617761163957888,-0.5066113215751453,-0.3810488574974597,2.9262011943875192,-2.437873660146699,3.2034049165742413
51.0,16.0,150.3282928466797,-1.061386704389237,1.7016338285117003,-4.962314495634281,-2.759191050286049,-0.8242184052722663,-0.4852712306988766,0.6810546864534266,2.915021563701868,-1.963618573843733,3.2034049165742413
51.0,16.0,150.3282928466797,-1.0585588543984232,1.7071160219204466,-4.964170502455873,-2.759191050286049,-0.8802500904920225,-0.490148155885631,0.6810546864534266,2.9261214501240453,-1.963216972147664,3.2034049165742413
51.0,16.0,151.148193359375,0.0099077883089031,1.7013798147131658,-4.8250988776057975,-2.696201733744404,-0.1558519347026808,-0.4859647813512842,1.056126850964798,2.9143583228463754,-1.3245140156622406,2.197528149946971
51.0,16.0,151.56796264648438,-0.8617907218535161,2.5686510052144778,-3.957083507694163,-2.759191050286049,-2.810349890442398,-0.4356409687831173,0.334288493058732,2.9262011943875192,-2.413185122212406,3.19521911993118
51.0,16.0,151.60379028320312,-0.847001290272239,1.7016723140824237,-4.998545076702889,-2.759191050286049,-0.8690145992253653,-0.4840977151842484,0.6810546864534266,2.926459561720899,-2.0256367537343114,3.196427720053923
51.0,16.0,151.74917602539062,-1.02621053149884,1.7341544527415174,-4.9993155674037215,-2.759191050286049,-0.8754127929079913,-0.4899968857126249,0.6810546864534266,2.8683893415782107,-1.963216972147664,3.2034049165742413
51.0,16.0,152.0327606201172,-0.6641955336172021,1.7237285502104145,-4.824713130917575,-2.698738870876209,-0.1558705319304286,-0.4900045216406863,0.6810546864534266,2.9262011943875192,-1.949212726707371,3.2034049165742413
51.0,17.0,141.58023071289062,-0.0101166004070722,2.0954227432800883,-4.303856551850247,-2.758737462846008,-0.9402545836194496,-0.9668356967908454,0.6463920857947195,2.926315139341274,-1.9854802053691425,2.174848811407308
51.0,17.0,141.7517547607422,-0.0520836188950477,2.09544475063763,-3.98790212495353,-2.764368160842376,-0.3767669200290754,-0.481106838263813,0.8097778778225737,2.9262011943875192,-1.8471930172037287,2.2623436340395933
51.0,17.0,142.2361602783203,-0.0294738747567362,1.7029942018460575,-4.824039219001432,-2.696554335171129,-0.8591573528620521,-0.764166423373399,0.6856655131103772,2.715937049628903,-1.9313488837870445,1.913230774841053
51.0,17.0,143.4918212890625,-0.8469723230012638,2.649721246651932,-3.419638535377848,-2.759191050286049,-0.8185768817050766,-0.5490956287351388,-0.3810488574974597,4.066364255215508,-2.5421199048964644,3.2034049165742413
51.0,17.0,143.94729614257812,0.9933767502561112,2.1342720373461104,-4.92415566113417,-2.759191050286049,-0.8828512617985774,-0.7578837512813015,0.686593637860774,2.7033088662239786,-1.945296489365072,2.257035854403179
51.0,17.0,144.00567626953125,-0.014293983496686,2.09544475063763,-4.63846270863679,-2.271966621914771,-0.2270477834410686,-1.0288066628294854,0.6994434617524079,2.9262011943875192,-1.8610946984060512,2.2623436340395933
51.0,17.0,144.52281188964844,0.9826998363233462,2.1342720373461104,-4.998545076702889,-2.759191050286049,-0.8828512617985774,-0.7578837512813015,0.686593637860774,2.7033088662239786,-1.963618573843733,2.257035854403179
51.0,17.0,144.82102966308594,-0.8469723230012638,2.649721246651932,-3.957083507694163,-2.544436903346817,-1.0658342941491927,-0.4718111839617493,-0.3748141129063681,4.079523365859175,-2.3611805777043013,3.2165878105707164
51.0,17.0,144.82456970214844,-0.8617907218535161,2.575420899934846,-3.97050837495733,-2.959130165273003,-0.1820559880478293,-0.8380451586545095,-0.3470009686046615,3.5120927430095223,-1.957469642485396,3.1952044468079803
51.0,17.0,144.83592224121094,-0.0294738747567362,1.7029942018460575,-4.824039219001432,-2.696554335171129,-0.8591573528620521,-0.4953759955921625,0.720711649683732,2.715937049628903,-1.2664950522195226,1.9146725123513229
51.0,17.0,144.99642944335938,0.0256422954848986,1.7209148360713036,-4.998545076702889,-2.7591204445299544,-0.8828760431069524,-0.8500035717207793,0.6810546864534266,2.9262011943875192,-1.963618573843733,1.9963003915603188
51.0,17.0,145.23947143554688,0.0289202295993805,1.7209148360713036,-4.998652896395688,-2.759123003451203,-0.8835104934378883,-0.8616650343057441,0.6810546864534266,2.926204477441346,-1.9867818000061563,2.17746613188172
51.0,17.0,145.50563049316406,1.019422494412452,2.1342720373461104,-4.924543374312353,-2.759191050286049,-0.7711743628170791,-0.7578837512813015,0.686593637860774,2.7033088662239786,-1.9453701526840927,2.257035854403179
51.0,17.0,145.85305786132812,-0.8095148073792224,1.795478440296857,-4.998545076702889,-2.759191050286049,-1.8754493411322104,-0.2030846013824611,0.6919933477217817,2.926917669639062,-2.1325371284143126,1.9960488984754707
51.0,17.0,145.8644561767578,-0.014293983496686,2.09544475063763,-4.63846270863679,-2.764368160842376,-0.2270477834410686,-1.0288066628294854,0.6994434617524079,2.9262011943875192,-1.8610946984060512,2.2623436340395933
51.0,17.0,145.8644561767578,-0.014293983496686,2.09544475063763,-4.63846270863679,-2.764368160842376,-0.3346905312879731,-0.7374783919907277,0.8097778778225737,2.9262011943875192,-1.8610946984060512,2.2623436340395933
51.0,17.0,145.8644561767578,-0.014293983496686,2.09544475063763,-4.63846270863679,-2.6450033966497646,-0.2270477834410686,-0.8360439233979796,0.6994434617524079,2.9270013287955075,-1.8610946984060512,2.2623436340395933
51.0,17.0,145.86795043945312,0.9826998363233462,2.15038159844255,-4.998545076702889,-3.277268600598925,-0.8828512617985774,-0.7535290163685637,0.6808682135111868,2.7033088662239786,-1.963618573843733,2.257035854403179
51.0,17.0,146.2987060546875,-0.8617907218535161,2.5897209227077616,-4.033192635728049,-2.759191050286049,-0.8282002460861229,-0.8380451586545095,-0.3463750239729193,3.0048907966481706,-2.3806947597971795,3.2031200764074885
51.0,17.0,146.31201171875,-0.4666832256227864,2.128177508671661,-4.962607912388727,-2.759194475359991,-0.9402545836194496,-0.9660286926637174,0.6463920857947195,2.926315139341274,-1.9854582842476929,2.174848811407308
51.0,17.0,146.65396118164062,-0.4666832256227864,2.097373065861419,-4.998545076702889,-2.7587584384897514,-0.9402545836194496,-0.9448558353240866,0.6463920857947195,2.926315139341274,-1.985920359883903,2.174848811407308
51.0,17.0,146.65396118164062,-0.4666832256227864,2.1301278312529925,-4.962221759640436,-2.759215451003734,-0.9402545836194496,-0.9440488311969586,0.6463920857947195,2.926315139341274,-1.9858984387624528,2.174848811407308
51.0,17.0,146.93751525878906,0.2154721665490193,2.144691779917616,-4.92415566113417,-2.2669803983170844,-0.7427651440087458,-0.7578837512813015,0.6994271622845251,2.936333757093037,-2.0897641477659703,2.185235646854108
51.0,17.0,146.9775390625,-0.0889858761264233,2.145397708940196,-4.92415566113417,-2.759191050286049,-0.8828512617985774,-0.7578837512813015,0.6811228585615325,2.7032837419563065,-1.96407479401864,2.185235646854108
51.0,17.0,147.1263885498047,-0.4289229104302768,2.0895780070302994,-4.96833230942667,-2.392588926643211,-0.8316825195431663,-0.821418546230333,0.6810546864534266,2.7017592328619813,-1.9976026592627023,2.188018415178148
51.0,17.0,147.24180603027344,-0.0294738747567362,1.7301976680966384,-4.998545076702889,-2.750527970053097,-0.8828414976935601,-0.3236433399255048,0.6810546864534266,2.715937049628903,-1.963618573843733,1.9388306337723893
51.0,17.0,147.5825653076172,-0.4666832256227864,2.097373065861419,-4.998545076702889,-2.75072823127819,-0.8788281267342002,-0.8397074373692992,0.6526268303858112,2.925252694658844,-1.963618573843733,2.188018415178148
51.0,17.0,147.5825653076172,-0.4666832256227864,2.097373065861419,-4.998545076702889,-2.75072823127819,-0.8788281267342002,-0.8397074373692992,0.6526268303858112,2.925252694658844,-1.963618573843733,2.188018415178148
51.0,17.0,147.5941619873047,0.273503709233448,2.6345330692132105,-2.9799345663275734,-2.75072823127819,-0.1844879556594349,-0.334143717651312,0.6526268303858112,2.9325362736625085,-1.9669132870365709,2.188018415178148
51.0,17.0,147.76487731933594,-1.012781991047117,1.6986167399792511,-3.974239859464592,-2.763987221758578,-0.8879665048404859,-1.0135251791441444,0.6814359363564412,2.9262011943875192,-2.403539014369277,2.3239343641937222
51.0,17.0,147.84487915039062,-0.0102354859522556,2.06908686557439,-4.991129913119631,-2.789764724038679,-0.878803345425825,-1.0234427397649606,0.6526268303858112,2.925209855194056,-1.963618573843733,2.2405887107506803
51.0,17.0,147.88499450683594,-0.4666832256227864,2.128605238394122,-4.988210031670641,-2.98515827292022,-0.9402545836194496,-0.9660286926637174,-0.3194842331539307,2.8960013841994043,-1.9854582842476929,3.1818669808148146
51.0,17.0,148.03594970703125,-0.8457206118514208,1.7209148360713036,-4.998545076702889,-2.7591204445299544,-0.8828506074153829,-0.8500035717207793,1.001780662322649,2.9262011943875192,-1.963618573843733,2.3396209930223946
51.0,17.0,148.06483459472656,-0.920629593307356,1.795478440296857,-4.998545076702889,-2.759191050286049,-1.8754493411322104,-0.828897365669073,0.6919933477217817,2.719658335199924,-2.1325371284143126,2.1909700259922302
51.0,17.0,148.12168884277344,0.9933767502561112,2.1342720373461104,-4.92415566113417,-2.584636387606412,-0.8828512617985774,-0.7578837512813015,0.686593637860774,2.7033088662239786,-1.410572659245782,2.257035854403179
51.0,17.0,148.14883422851562,-0.8617907218535161,2.531970195103076,-4.767547418351631,-2.6914845996470533,-0.8646972081198705,-0.4748238670638659,-0.3470009686046615,3.5120927430095223,-2.0338763052989712,3.1952044468079803
51.0,17.0,148.1588134765625,-0.8457206118514208,1.7209148360713036,-4.998545076702889,-2.7591204445299544,-0.8828760431069524,-0.8500035717207793,0.6810546864534266,2.9262011943875192,-1.963618573843733,2.340324522333661
51.0,17.0,148.34866333007812,-0.920629593307356,2.105682902729507,-4.998545076702889,-2.759191050286049,-0.8828512617985774,-0.828897365669073,1.0185970091883982,2.928043262160797,-1.96227905133103,2.190266496680964
51.0,17.0,148.36679077148438,0.0133019557326777,1.7447513955261862,-4.991129913119631,-2.789546365979567,-0.878803345425825,-0.5628452781740565,-0.3849421512680188,4.181512547816896,-1.963618573843733,2.201089931980581
51.0,17.0,148.60362243652344,-0.8469723230012638,2.649721246651932,-3.957083507694163,-2.5480771619706464,-0.833041668761143,-0.4718111839617493,-0.3748141129063681,2.925138749705089,-2.358392973757009,3.2165745203440705
51.0,17.0,148.60362243652344,-0.8469723230012638,2.649721246651932,-3.957083507694163,-2.5480771619706464,-0.833041668761143,-0.4718111839617493,-0.3748141129063681,2.925138749705089,-2.358392973757009,3.2165745203440705
51.0,17.0,148.60548400878906,-0.920629593307356,1.795478440296857,-4.998545076702889,-2.759191050286049,-0.8828512617985774,-0.828897365669073,1.012719323591004,2.719658335199924,-2.1325371284143126,2.190266496680964
51.0,17.0,148.60548400878906,-0.920629593307356,1.795478440296857,-4.998545076702889,-2.759191050286049,-0.8828512617985774,-0.828897365669073,1.012719323591004,2.719658335199924,-2.1325371284143126,2.190266496680964
51.0,17.0,148.96890258789062,-0.0843210837694529,2.096150679660209,-4.63846270863679,-2.764177273883736,-0.2270477834410686,-1.0288066628294854,0.6811391580294154,2.6931511792507887,-1.965466670765072,2.9831271803500714
51.0,17.0,149.1456298828125,0.2974363238874292,1.6969380549304467,-4.998545076702889,-2.7931012223741845,-0.8828760296652589,-0.3133052470442141,0.6810546864534266,2.936194990339688,-1.963618573843733,2.1877102479708688
51.0,17.0,149.1602783203125,-0.8469723230012638,2.649721246651932,-3.343529407332841,-2.759191050286049,-0.172432623666783,-0.5490956287351388,-0.381674802129202,3.987674650158384,-2.5421199048964644,3.195489286974733
51.0,17.0,149.23509216308594,-0.8620507626852528,2.35665723116563,-4.993732907334036,-2.93539823707443,-0.8969720814871021,-1.0308078980860151,-0.3585381880833889,2.9232537256861444,-1.963525501028704,3.19546585270872
51.0,17.0,149.39736938476562,0.3112640244259576,2.6267380103820903,-2.993864306446837,-2.392588926643211,-0.137342348468401,-0.3158548265123457,0.6810546864534266,2.7090428118656456,-2.0008973724555403,2.188018415178148
51.0,17.0,149.40248107910156,-0.0428335717530478,1.717365805954828,-4.998545076702889,-2.7577602133629395,-0.8794821728952527,-0.3236433399255048,0.6810546864534266,2.7090428118656456,-1.963618573843733,2.188018415178148
51.0,17.0,149.40248107910156,-0.043928854703517,1.7301600850370558,-4.998545076702889,-2.7505682468226698,-0.8827934689468152,-0.3236433399255048,0.6810546864534266,2.7090428118656456,-1.963618573843733,2.184647620686631
51.0,18.0,140.70045471191406,0.0069537825407465,2.545394001810368,-3.97507754151616,-2.959130165273003,-0.2163854376595452,-0.8380451586545095,-0.3470009686046615,3.50046946364151,-1.9574581100894093,3.073749019277604
51.0,18.0,140.79205322265625,-0.4994704904105852,2.661937231127945,-3.990207660457832,-2.544436903346817,-1.0658342941491927,-0.4718111839617493,-0.3748141129063681,4.106844924911862,-1.962257070459108,3.1720720777920466
51.0,18.0,140.86529541015625,-0.0101166004070722,2.0954227432800883,-4.303856551850247,-2.758737462846008,-0.9402545836194496,-0.9668356967908454,0.6463920857947195,2.953120769273771,-1.9854802053691425,2.1781918442204664
51.0,18.0,141.58023071289062,-0.0101166004070722,2.0954227432800883,-4.303856551850247,-2.758737462846008,-0.9402545836194496,-0.9668356967908454,0.6463920857947195,2.926315139341274,-1.9854802053691425,2.174848811407308
51.0,18.0,141.7517547607422,-0.0520836188950477,2.09544475063763,-3.98790212495353,-2.764368160842376,-0.3767669200290754,-0.481106838263813,0.8097778778225737,2.9262011943875192,-1.8471930172037287,2.2623436340395933
51.0,18.0,141.7517547607422,-0.0520836188950477,2.09544475063763,-3.98790212495353,-2.764368160842376,-0.3767669200290754,-0.481106838263813,0.8097778778225737,2.9262011943875192,-1.8471930172037287,2.2623436340395933
51.0,18.0,141.9609832763672,-0.014293983496686,1.875193314161521,-4.63846270863679,-2.6450033966497646,-0.2270477834410686,-0.8360439233979796,0.6994434617524079,2.9270013287955075,-1.8610946984060512,2.865957060729904
51.0,18.0,142.2361602783203,-0.0294738747567362,1.7029942018460575,-4.824039219001432,-2.696554335171129,-0.8591573528620521,-0.764166423373399,0.6856655131103772,2.715937049628903,-1.9313488837870445,1.913230774841053
51.0,18.0,142.2361602783203,-0.0334134187413379,1.7029942018460575,-4.823811940310794,-2.6994084534662925,-0.8567648459689768,-0.764166423373399,0.6856655131103772,2.715937049628903,-1.9313488837870445,1.913230774841053
51.0,18.0,142.74691772460938,-0.013754280609463,1.7216757938646394,-4.998652784527176,-2.759191050286049,-1.8754493411322104,-0.2928675722030996,0.6920988278008382,2.719658335199924,-1.983098327945888,2.1909700259922302
51.0,18.0,143.27125549316406,0.7075584541332554,2.0954227432800883,-4.299231744343699,-2.6592235994637887,-0.5879020398420773,-0.76225201847511,0.6465161501309892,2.926315139341274,-1.9658233477853653,2.174848811407308
51.0,18.0,143.4918212890625,-0.8469723230012638,2.649721246651932,-3.419638535377848,-2.759191050286049,-0.8185768817050766,-0.5490956287351388,-0.3810488574974597,4.066364255215508,-2.5421199048964644,3.2034049165742413
51.0,18.0,143.94729614257812,0.9933767502561112,2.1342720373461104,-4.92415566113417,-2.759191050286049,-0.8828512617985774,-0.7578837512813015,0.686593637860774,2.7033088662239786,-1.945296489365072,2.257035854403179
51.0,18.0,144.00567626953125,-0.014293983496686,2.09544475063763,-4.63846270863679,-2.271966621914771,-0.2270477834410686,-1.0288066628294854,0.6994434617524079,2.9262011943875192,-1.8610946984060512,2.2623436340395933
51.0,18.0,144.00567626953125,-0.014293983496686,2.09544475063763,-4.63846270863679,-2.271966621914771,-0.2270477834410686,-1.0288066628294854,0.6994434617524079,2.9262011943875192,-1.8610946984060512,2.2623436340395933
51.0,18.0,144.20225524902344,0.9657808121876283,2.035965395655351,-4.644483485041084,-2.7679274366516835,-0.3173161057175994,-0.7375318329597345,0.8097778778225737,2.922724439146575,-1.8610946984060512,2.2623436340395933
51.0,18.0,144.22286987304688,-0.014293983496686,2.09544475063763,-4.63846270863679,-2.271966621914771,-0.2270477834410686,-1.0288066628294854,0.5785125603228223,2.9262011943875192,-1.8610946984060512,2.2623436340395933
51.0,18.0,144.4027557373047,0.973155049025373,1.7029942018460575,-4.917346350184308,-2.696554335171129,-0.8590650746106782,-0.4953759955921625,0.7896059150233905,2.715937049628903,-1.9484776767015544,1.9146725123513229
51.0,18.0,144.52281188964844,0.9826998363233462,2.1342720373461104,-4.998545076702889,-2.759191050286049,-0.8828512617985774,-0.7578837512813015,0.686593637860774,2.7033088662239786,-1.963618573843733,2.257035854403179
51.0,18.0,144.52281188964844,0.9826998363233462,2.1342720373461104,-4.998545076702889,-2.759191029324431,-0.8828512617985774,-0.7578837512813015,0.686593637860774,2.7033088662239786,-1.963618573843733,2.256219210492449
51.0,18.0,144.82102966308594,-0.8469723230012638,2.649721246651932,-3.957083507694163,-2.544436903346817,-1.0658342941491927,-0.4718111839617493,-0.3748141129063681,4.079523365859175,-2.3611805777043013,3.2165878105707164
51.0,18.0,144.82456970214844,-0.8617907218535161,2.575420899934846,-3.97050837495733,-2.959130165273003,-0.1820559880478293,-0.8380451586545095,-0.3470009686046615,3.5120927430095223,-1.957469642485396,3.1952044468079803
51.0,18.0,144.83592224121094,-0.0294738747567362,1.7029942018460575,-4.824039219001432,-2.696554335171129,-0.8591573528620521,-0.4953759955921625,0.720711649683732,2.715937049628903,-1.2664950522195226,1.9146725123513229
51.0,18.0,144.89418029785156,-0.0303751719706732,1.7024872663017936,-4.8349174939402335,-2.6985049307396847,-0.8828760431069524,-0.7612385360118293,0.6855672689014466,2.9262011943875192,-1.9312828796629289,1.9963003915603188
51.0,18.0,144.99642944335938,0.0256422954848986,1.7209148360713036,-4.998545076702889,-2.7591204445299544,-0.8828760431069524,-0.8500035717207793,0.6810546864534266,2.9262011943875192,-1.963618573843733,1.9963003915603188
51.0,18.0,144.99642944335938,0.0256422954848986,1.7209148360713036,-4.998545076702889,-2.7591204445299544,-0.8828760431069524,-0.8500035717207793,0.6810546864534266,2.9262006555005486,-1.963618573843733,1.99295735874716
51.0,18.0,145.22738647460938,0.4883368333547377,1.7214217716155673,-4.985390529083233,-2.7571698489613987,-0.8591573528620521,-0.852931459082349,1.2103974801859558,2.715937049628903,-1.963684577967848,1.913230774841053
51.0,18.0,145.23947143554688,0.0289202295993805,1.7209148360713036,-4.998652896395688,-2.759123003451203,-0.8835104934378883,-0.8616650343057441,0.6810546864534266,2.926204477441346,-1.9867818000061563,2.17746613188172
51.0,18.0,145.3946990966797,-0.4808215643712856,2.06908686557439,-4.991853899182803,-2.789918409945172,-0.878803345425825,-1.0234427397649606,0.3085478486397623,2.9251701409353097,-1.984086007034588,2.306517555329935
51.0,18.0,145.50563049316406,1.019422494412452,2.1342720373461104,-4.924543374312353,-2.759191050286049,-0.7711743628170791,-0.7578837512813015,0.686593637860774,2.7033088662239786,-1.9453701526840927,2.257035854403179
51.0,18.0,145.73707580566406,-0.0294738747567362,1.7029942018460575,-4.990997573519336,-2.758569459577576,-0.8591573528620521,-0.4953759955921625,0.7461886930868915,2.715937049628903,-1.2664950522195226,1.924988398503156
51.0,18.0,145.85305786132812,-0.8095148073792224,1.795478440296857,-4.998545076702889,-2.759191050286049,-1.8754493411322104,-0.2030846013824611,0.6919933477217817,2.926917669639062,-2.1325371284143126,1.9960488984754707
51.0,18.0,145.8644561767578,-0.014293983496686,2.09544475063763,-4.63846270863679,-2.764368160842376,-0.2270477834410686,-1.0288066628294854,0.6994434617524079,2.9262011943875192,-1.8610946984060512,2.2623436340395933
51.0,18.0,145.8644561767578,-0.014293983496686,2.09544475063763,-4.63846270863679,-2.764368160842376,-0.3346905312879731,-0.7374783919907277,0.8097778778225737,2.9262011943875192,-1.8610946984060512,2.2623436340395933
51.0,18.0,145.8644561767578,-0.014293983496686,2.09544475063763,-4.63846270863679,-2.6450033966497646,-0.2270477834410686,-0.8360439233979796,0.6994434617524079,2.9270013287955075,-1.8610946984060512,2.2623436340395933
51.0,18.0,145.86795043945312,0.9826998363233462,2.15038159844255,-4.998545076702889,-3.277268600598925,-0.8828512617985774,-0.7535290163685637,0.6808682135111868,2.7033088662239786,-1.963618573843733,2.257035854403179
51.0,18.0,146.2987060546875,-0.8617907218535161,2.5897209227077616,-4.033192635728049,-2.759191050286049,-0.8282002460861229,-0.8380451586545095,-0.3463750239729193,3.0048907966481706,-2.3806947597971795,3.2031200764074885
51.0,18.0,146.31201171875,-0.4666832256227864,2.128177508671661,-4.962607912388727,-2.759194475359991,-0.9402545836194496,-0.9660286926637174,0.6463920857947195,2.926315139341274,-1.9854582842476929,2.174848811407308
51.0,18.0,146.31201171875,-0.4666832256227864,2.128177508671661,-4.962607912388727,-2.75919449632161,-0.9402545836194496,-0.9660286926637174,0.6463920857947195,2.926315139341274,-1.9854582842476929,2.175665455318037
51.0,18.0,146.31201171875,-0.4627436816381848,2.1301278312529925,-4.962446803772104,-2.7563613327085705,-0.9426470905125248,-0.9440488311969586,0.6463920857947195,2.926315139341274,-1.9858984387624528,2.174848811407308
51.0,18.0,146.65396118164062,-0.4666832256227864,2.097373065861419,-4.998545076702889,-2.7587584384897514,-0.9402545836194496,-0.9448558353240866,0.6463920857947195,2.926315139341274,-1.985920359883903,2.174848811407308
51.0,18.0,146.65396118164062,-0.4666832256227864,2.1301278312529925,-4.962221759640436,-2.759215451003734,-0.9402545836194496,-0.9440488311969586,0.6463920857947195,2.926315139341274,-1.9858984387624528,2.174848811407308
51.0,18.0,146.66351318359375,0.0171975454631748,2.144691779917616,-4.929979710542419,-2.2669803983170844,-0.7602069364563075,-0.8605906078997473,0.7007980024992583,2.9262103396566346,-2.096132300636233,2.177615712513252
51.0,18.0,146.68563842773438,0.227194850685225,1.7209148360713036,-4.998652896395688,-2.759123003451203,-0.8660687009903267,-0.7589581776872983,0.6796838462386933,2.936327894877748,-1.9804136471358933,2.185086066222576
51.0,18.0,146.93751525878906,0.2154721665490193,2.144691779917616,-4.92415566113417,-2.2669803983170844,-0.7427651440087458,-0.7578837512813015,0.6994271622845251,2.936333757093037,-2.0897641477659703,2.185235646854108
51.0,18.0,146.9775390625,-0.0889858761264233,2.145397708940196,-4.92415566113417,-2.759191050286049,-0.8828512617985774,-0.7578837512813015,0.6811228585615325,2.7032837419563065,-1.96407479401864,2.185235646854108
51.0,18.0,147.1263885498047,-0.4289229104302768,2.0895780070302994,-4.96833230942667,-2.392588926643211,-0.8316825195431663,-0.821418546230333,0.6810546864534266,2.7017592328619813,-1.9976026592627023,2.188018415178148
51.0,18.0,147.24180603027344,-0.0294738747567362,1.7301976680966384,-4.998545076702889,-2.750527970053097,-0.8828414976935601,-0.3236433399255048,0.6810546864534266,2.715937049628903,-1.963618573843733,1.9388306337723893
51.0,18.0,147.4209442138672,0.0039028527962436,2.128177508671661,-4.961883228596733,-2.7590407894534983,-0.9402545836194496,-0.9660286926637174,0.6463920857947195,2.9263548536000195,-1.964990851056838,2.245499702698506
51.0,18.0,147.5825653076172,-0.4666832256227864,2.097373065861419,-4.998545076702889,-2.75072823127819,-0.8788281267342002,-0.8397074373692992,0.6526268303858112,2.925252694658844,-1.963618573843733,2.188018415178148
51.0,19.0,137.34164428710938,-0.0354751954287735,1.677139432410055,-4.307260032701513,-2.758737462846008,-0.9402545836194496,-0.7808626174492999,0.7928562455614893,3.2854751039619607,-1.9854802053691425,1.9538521900654136
51.0,19.0,139.8139190673828,-0.0101166004070722,2.081901737639003,-4.303856551850247,-2.758737462846008,-0.8836660205300384,-0.8548293895025523,0.6780769862170328,2.9263114265592085,-1.985408127697564,2.174848811407308
51.0,19.0,140.40170288085938,-0.0101166004070722,2.102556551422958,-4.24441019845616,-2.758737462846008,-0.9402545836194496,-0.4800699283621134,0.6463920857947195,2.926315139341274,-1.9854802053691425,2.2035368896713305
51.0,19.0,140.5902557373047,0.0069537825407465,2.545394001810368,-3.97507754151616,-2.959130165273003,-0.2163854376595452,-0.8380451586545095,-0.3470009686046615,3.83739181165583,-1.9574581100894093,3.073749019277604
51.0,19.0,140.70045471191406,0.0069537825407465,2.545394001810368,-3.97507754151616,-2.959130165273003,-0.2163854376595452,-0.8380451586545095,-0.3470009686046615,3.50046946364151,-1.9574581100894093,3.073749019277604
51.0,19.0,140.79205322265625,-0.4994704904105852,2.661937231127945,-3.990207660457832,-2.544436903346817,-1.0658342941491927,-0.4718111839617493,-0.3748141129063681,4.106844924911862,-1.962257070459108,3.1720720777920466
51.0,19.0,140.79205322265625,-0.4994704904105852,2.661937231127945,-3.990207660457832,-2.544436903346817,-1.0658342941491927,-0.4718111839617493,-0.3748141129063681,4.106844924911862,-1.962257070459108,3.1720720777920466
51.0,19.0,140.86529541015625,-0.0101166004070722,2.0954227432800883,-4.303856551850247,-2.758737462846008,-0.9402545836194496,-0.9668356967908454,0.6463920857947195,2.953120769273771,-1.9854802053691425,2.1781918442204664
51.0,19.0,141.58023071289062,-0.0101166004070722,2.0954227432800883,-4.303856551850247,-2.758737462846008,-0.9402545836194496,-0.9668356967908454,0.6463920857947195,2.926315139341274,-1.9854802053691425,2.174848811407308
51.0,19.0,141.7517547607422,-0.0520836188950477,2.09544475063763,-3.98790212495353,-2.764368160842376,-0.3767669200290754,-0.481106838263813,0.8097778778225737,2.9262011943875192,-1.8471930172037287,2.2623436340395933
51.0,19.0,141.7517547607422,-0.0520836188950477,2.09544475063763,-3.98790212495353,-2.764368160842376,-0.3767669200290754,-0.481106838263813,0.8097778778225737,2.9262011943875192,-1.8471930172037287,2.2623436340395933
51.0,19.0,141.9609832763672,-0.014293983496686,1.875193314161521,-4.63846270863679,-2.6450033966497646,-0.2270477834410686,-0.8360439233979796,0.6994434617524079,2.9270013287955075,-1.8610946984060512,2.865957060729904
51.0,19.0,141.9609832763672,-0.014293983496686,1.8769061162551537,-4.63846270863679,-2.7688757799687944,-0.317197864566391,-0.8370248015131504,0.6962845376938069,2.9270013287955075,-1.8610946984060512,2.865957060729904
51.0,19.0,142.02792358398438,-0.0140164631767902,2.09544475063763,-3.98790212495353,-2.216063088357803,-0.2389373182534941,-0.4592403378300225,0.8104989799557915,2.9262011943875192,-1.8471930172037287,2.8749342066974464
51.0,19.0,142.2361602783203,-0.0294738747567362,1.7029942018460575,-4.824039219001432,-2.696554335171129,-0.8591573528620521,-0.764166423373399,0.6856655131103772,2.715937049628903,-1.9313488837870445,1.913230774841053
51.0,19.0,142.2361602783203,-0.0334134187413379,1.7029942018460575,-4.823811940310794,-2.6994084534662925,-0.8567648459689768,-0.764166423373399,0.6856655131103772,2.715937049628903,-1.9313488837870445,1.913230774841053
51.0,19.0,142.2361602783203,-0.0146487704614762,1.72189939185797,-4.817972948343995,-2.696554335171129,-0.8591573528620521,-0.764166423373399,0.6856655131103772,2.715937049628903,-1.9313488837870445,1.913230774841053
51.0,19.0,142.5038604736328,-0.3583090591373493,1.706112537413727,-4.63846270863679,-2.763067309841492,-0.3648773852166499,-0.8579104238317701,0.5232740615773376,2.9270013287955075,-1.8610946984060512,2.25336648807205
51.0,19.0,142.65377807617188,-0.0294738747567362,1.7091690535931965,-4.838936562852096,-2.696554335171129,-0.8591573528620521,-0.764166423373399,0.8610048735107066,2.706594764858325,-1.9313488837870445,1.9847926891101912
51.0,19.0,142.74691772460938,-0.013754280609463,1.7216757938646394,-4.998652784527176,-2.759191050286049,-1.8754493411322104,-0.2928675722030996,0.6920988278008382,2.719658335199924,-1.983098327945888,2.1909700259922302
51.0,19.0,142.93572998046875,0.9985136440470744,2.1212775127160906,-3.8342517368042266,-2.696554335171129,-0.3605573057014472,-0.9557855958453784,0.6431417552566209,2.715937049628903,-1.9484776767015544,1.914536960596124
51.0,19.0,143.27125549316406,0.7075584541332554,2.0954227432800883,-4.299231744343699,-2.6592235994637887,-0.5879020398420773,-0.76225201847511,0.6465161501309892,2.926315139341274,-1.9658233477853653,2.174848811407308
51.0,19.0,143.4918212890625,-0.8469723230012638,2.649721246651932,-3.419638535377848,-2.759191050286049,-0.8185768817050766,-0.5490956287351388,-0.3810488574974597,4.066364255215508,-2.5421199048964644,3.2034049165742413
51.0,19.0,143.63211059570312,-0.014293983496686,2.09544475063763,-4.63846270863679,-2.2976688432174224,-0.2270477834410686,-0.8360439233979796,0.7027722266076151,2.9270142653779123,-1.8610946984060512,2.2623436340395933
51.0,19.0,143.94729614257812,0.9933767502561112,2.1342720373461104,-4.92415566113417,-2.759191050286049,-0.8828512617985774,-0.7578837512813015,0.686593637860774,2.7033088662239786,-1.945296489365072,2.257035854403179
51.0,19.0,144.00567626953125,-0.014293983496686,2.09544475063763,-4.63846270863679,-2.271966621914771,-0.2270477834410686,-1.0288066628294854,0.6994434617524079,2.9262011943875192,-1.8610946984060512,2.2623436340395933
51.0,19.0,144.00567626953125,-0.014293983496686,2.09544475063763,-4.63846270863679,-2.271966621914771,-0.2270477834410686,-1.0288066628294854,0.6994434617524079,2.9262011943875192,-1.8610946984060512,2.2623436340395933
51.0,19.0,144.20225524902344,0.9657808121876283,2.035965395655351,-4.644483485041084,-2.7679274366516835,-0.3173161057175994,-0.7375318329597345,0.8097778778225737,2.922724439146575,-1.8610946984060512,2.2623436340395933
51.0,19.0,144.22286987304688,-0.014293983496686,2.09544475063763,-4.63846270863679,-2.271966621914771,-0.2270477834410686,-1.0288066628294854,0.5785125603228223,2.9262011943875192,-1.8610946984060512,2.2623436340395933
51.0,19.0,144.3123321533203,-0.0520836188950477,2.09544475063763,-3.98790212495353,-2.764368160842376,-0.3767669200290754,-0.481106838263813,0.8097778778225737,2.701263047536882,-1.9633591822102376,2.257041826529876
51.0,19.0,144.4027557373047,0.973155049025373,1.7029942018460575,-4.917346350184308,-2.696554335171129,-0.8590650746106782,-0.4953759955921625,0.7896059150233905,2.715937049628903,-1.9484776767015544,1.9146725123513229
51.0,19.0,144.52281188964844,0.9826998363233462,2.1342720373461104,-4.998545076702889,-2.759191050286049,-0.8828512617985774,-0.7578837512813015,0.686593637860774,2.7033088662239786,-1.963618573843733,2.257035854403179
51.0,19.0,144.52281188964844,0.9826998363233462,2.1342720373461104,-4.998545076702889,-2.759191029324431,-0.8828512617985774,-0.7578837512813015,0.686593637860774,2.7033088662239786,-1.963618573843733,2.256219210492449
51.0,19.0,144.82102966308594,-0.8469723230012638,2.649721246651932,-3.957083507694163,-2.544436903346817,-1.0658342941491927,-0.4718111839617493,-0.3748141129063681,4.079523365859175,-2.3611805777043013,3.2165878105707164
51.0,19.0,144.82456970214844,-0.8617907218535161,2.575420899934846,-3.97050837495733,-2.959130165273003,-0.1820559880478293,-0.8380451586545095,-0.3470009686046615,3.5120927430095223,-1.957469642485396,3.1952044468079803
51.0,19.0,144.83592224121094,-0.0294738747567362,1.7029942018460575,-4.824039219001432,-2.696554335171129,-0.8591573528620521,-0.4953759955921625,0.720711649683732,2.715937049628903,-1.2664950522195226,1.9146725123513229
51.0,19.0,144.89418029785156,-0.0303751719706732,1.7024872663017936,-4.8349174939402335,-2.6985049307396847,-0.8828760431069524,-0.7612385360118293,0.6855672689014466,2.9262011943875192,-1.9312828796629289,1.9963003915603188
51.0,19.0,144.9840850830078,1.0007804983035793,2.0931035425641484,-4.930825730036994,-2.756724087499557,-0.5879020398420773,-0.7621970869964809,0.6441169411286708,2.7943442653979726,-1.9438871232720365,2.174848811407308
51.0,19.0,144.99642944335938,0.0256422954848986,1.7209148360713036,-4.998545076702889,-2.7591204445299544,-0.8828760431069524,-0.8500035717207793,0.6810546864534266,2.9262011943875192,-1.963618573843733,1.9963003915603188
51.0,19.0,144.99642944335938,0.0256422954848986,1.7209148360713036,-4.998545076702889,-2.7591204445299544,-0.8828760431069524,-0.8500035717207793,0.6810546864534266,2.9262006555005486,-1.963618573843733,1.99295735874716
51.0,19.0,144.99642944335938,0.0256422954848986,1.7209148360713036,-4.998545076702889,-2.7591204445299544,-0.8828760431069524,-0.8500035717207793,0.6810546864534266,2.9262006555005486,-1.963618573843733,1.99295735874716
51.0,19.0,145.07850646972656,0.0289202295993805,1.7209148360713036,-4.998652896395688,-2.844211871852361,-0.8835104934378883,-0.8616650343057441,0.6810546864534266,2.926204477441346,-1.8131972975750563,2.17746613188172
51.0,19.0,145.2136688232422,0.9826998363233462,2.15038159844255,-4.998545076702889,-3.277268600598925,-0.8828512617985774,-0.7535290163685637,0.0927140705603848,2.7033088662239786,-1.963618573843733,2.257035854403179
51.0,19.0,145.22738647460938,0.4883368333547377,1.7214217716155673,-4.985390529083233,-2.7571698489613987,-0.8591573528620521,-0.852931459082349,1.2103974801859558,2.715937049628903,-1.963684577967848,1.913230774841053
51.0,19.0,145.23947143554688,0.0289202295993805,1.7209148360713036,-4.998652896395688,-2.759123003451203,-0.8835104934378883,-0.8616650343057441,0.6810546864534266,2.926204477441346,-1.9867818000061563,2.17746613188172
51.0,19.0,145.3946990966797,-0.4808215643712856,2.06908686557439,-4.991853899182803,-2.789918409945172,-0.878803345425825,-1.0234427397649606,0.3085478486397623,2.9251701409353097,-1.984086007034588,2.306517555329935
51.0,19.0,145.439697265625,0.0289202295993805,1.7344358417123888,-4.998652896395688,-2.759123003451203,-0.9400990565272996,-0.9736713415940372,0.6493697860311132,2.926208190223411,-1.986853877677735,2.17746613188172
51.0,19.0,145.50563049316406,1.019422494412452,2.1342720373461104,-4.924543374312353,-2.759191050286049,-0.7711743628170791,-0.7578837512813015,0.686593637860774,2.7033088662239786,-1.9453701526840927,2.257035854403179
51.0,19.0,145.73707580566406,-0.0294738747567362,1.7029942018460575,-4.990997573519336,-2.758569459577576,-0.8591573528620521,-0.4953759955921625,0.7461886930868915,2.715937049628903,-1.2664950522195226,1.924988398503156
51.0,19.0,145.80874633789062,-0.014293983496686,2.09544475063763,-4.63846270863679,-2.271966621914771,-0.923190194828529,-1.0312090357261732,0.6808880932686582,2.9262011943875192,-1.9654548742478823,2.2623436340395933
51.0,20.0,137.34164428710938,-0.0354751954287735,1.677139432410055,-4.307260032701513,-2.758737462846008,-0.9402545836194496,-0.7808626174492999,0.7928562455614893,3.2854751039619607,-1.9854802053691425,1.9538521900654136
51.0,20.0,138.44869995117188,-0.0354751954287735,1.8235828485221528,-4.306407173268832,-2.758737462846008,-0.8592084209879778,-0.76433975080205,0.7928562455614893,3.2854751039619607,-1.9878047374465315,1.953616585780601
51.0,20.0,139.8139190673828,-0.0101166004070722,2.081901737639003,-4.303856551850247,-2.758737462846008,-0.8836660205300384,-0.8548293895025523,0.6780769862170328,2.9263114265592085,-1.985408127697564,2.174848811407308
51.0,20.0,139.8139190673828,-0.0101166004070722,2.0801768471979742,-4.303856551850247,-2.759192961206229,-0.8836660205300384,-0.8549146976444711,0.6780769862170328,2.9263114265592085,-1.9834958799745808,2.174848811407308
51.0,20.0,140.2178955078125,-0.4994704904105852,2.661937231127945,-3.990207660457832,-2.544436903346817,-0.9933396905206082,-0.4718111839617493,-0.3748141129063681,4.106844924911862,-1.962257070459108,3.1720720777920466
51.0,20.0,140.38235473632812,-0.5809143401719942,2.661937231127945,-3.424458327879837,-2.544436903346817,-1.181283309326948,-0.4725249809647386,-0.3748141129063681,4.107447207520124,-1.962257070459108,3.20233365052806
51.0,20.0,140.40170288085938,-0.0101166004070722,2.102556551422958,-4.24441019845616,-2.758737462846008,-0.9402545836194496,-0.4800699283621134,0.6463920857947195,2.926315139341274,-1.9854802053691425,2.2035368896713305
51.0,20.0,140.5902557373047,0.0069537825407465,2.545394001810368,-3.97507754151616,-2.959130165273003,-0.2163854376595452,-0.8380451586545095,-0.3470009686046615,3.83739181165583,-1.9574581100894093,3.073749019277604
51.0,20.0,140.70045471191406,0.0069537825407465,2.545394001810368,-3.97507754151616,-2.959130165273003,-0.2163854376595452,-0.8380451586545095,-0.3470009686046615,3.50046946364151,-1.9574581100894093,3.073749019277604
51.0,20.0,140.77268981933594,-0.0101166004070722,2.134074350332097,-4.290804144882747,-2.7588097964655804,-0.8834095406703155,-0.4716074580152192,0.6864199264395475,2.9355319839154115,-1.9650050650102804,2.2035368896713305
51.0,20.0,140.78231811523438,-0.0294738747567362,1.7029942018460575,-4.646376786977376,-2.696554335171129,-0.8591573528620521,-0.764166423373399,0.6856655131103772,2.715937049628903,-1.9313488837870445,1.913230774841053
51.0,20.0,140.79205322265625,-0.4994704904105852,2.661937231127945,-3.990207660457832,-2.544436903346817,-1.0658342941491927,-0.4718111839617493,-0.3748141129063681,4.106844924911862,-1.962257070459108,3.1720720777920466
51.0,20.0,140.79205322265625,-0.4994704904105852,2.661937231127945,-3.990207660457832,-2.544436903346817,-1.0658342941491927,-0.4718111839617493,-0.3748141129063681,4.106844924911862,-1.962257070459108,3.1720720777920466
51.0,20.0,140.79205322265625,-0.4994704904105852,2.661937231127945,-3.990207660457832,-2.544436903346817,-1.0658342941491927,-0.4718111839617493,-0.3748141129063681,4.106844924911862,-1.962257070459108,3.1720720777920466
51.0,20.0,140.86529541015625,-0.0101166004070722,2.0954227432800883,-4.303856551850247,-2.758737462846008,-0.9402545836194496,-0.9668356967908454,0.6463920857947195,2.953120769273771,-1.9854802053691425,2.1781918442204664
51.0,20.0,141.00619506835938,0.9273765289516958,1.7116647224595116,-4.64265998625516,-2.7688757799687944,-0.317197864566391,-0.8370248015131504,0.6962904224707867,2.9270013287955075,-1.8610946984060512,2.1717739804454297
51.0,20.0,141.46755981445312,0.9985136440470744,2.1209697228554933,-3.8342517368042266,-2.696554335171129,-0.3605573057014472,-0.964002755413212,0.6431417552566209,2.9247468930780665,-1.9484776767015544,1.914536960596124
51.0,20.0,141.58023071289062,-0.0101166004070722,2.0954227432800883,-4.303856551850247,-2.758737462846008,-0.9402545836194496,-0.9668356967908454,0.6463920857947195,2.926315139341274,-1.9854802053691425,2.174848811407308
51.0,20.0,141.7517547607422,-0.0520836188950477,2.09544475063763,-3.98790212495353,-2.764368160842376,-0.3767669200290754,-0.481106838263813,0.8097778778225737,2.9262011943875192,-1.8471930172037287,2.2623436340395933
51.0,20.0,141.7517547607422,-0.0520836188950477,2.09544475063763,-3.98790212495353,-2.764368160842376,-0.3767669200290754,-0.481106838263813,0.8097778778225737,2.9262011943875192,-1.8471930172037287,2.2623436340395933
51.0,20.0,141.9609832763672,-0.014293983496686,1.875193314161521,-4.63846270863679,-2.6450033966497646,-0.2270477834410686,-0.8360439233979796,0.6994434617524079,2.9270013287955075,-1.8610946984060512,2.865957060729904
51.0,20.0,141.9609832763672,-0.014293983496686,1.8769061162551537,-4.63846270863679,-2.7688757799687944,-0.317197864566391,-0.8370248015131504,0.6962845376938069,2.9270013287955075,-1.8610946984060512,2.865957060729904
51.0,20.0,141.9609832763672,-0.0143003319857444,1.884160171599101,-4.619214502903691,-2.6450033966497646,-0.2270477834410686,-0.8360439233979796,0.6994434617524079,2.9262572538397653,-1.8613499717852544,2.8649031326054217
51.0,20.0,141.99658203125,-0.2009394220738536,2.575420899934846,-3.97050837495733,-2.959130165273003,-0.1834427312798575,-0.8382480318966401,-0.3470009686046615,3.552873933945523,-1.9655046063491008,3.1952044468079803
51.0,20.0,142.02792358398438,-0.0140164631767902,2.09544475063763,-3.98790212495353,-2.216063088357803,-0.2389373182534941,-0.4592403378300225,0.8104989799557915,2.9262011943875192,-1.8471930172037287,2.8749342066974464
51.0,20.0,142.2361602783203,-0.0294738747567362,1.7029942018460575,-4.824039219001432,-2.696554335171129,-0.8591573528620521,-0.764166423373399,0.6856655131103772,2.715937049628903,-1.9313488837870445,1.913230774841053
51.0,20.0,142.2361602783203,-0.0334134187413379,1.7029942018460575,-4.823811940310794,-2.6994084534662925,-0.8567648459689768,-0.764166423373399,0.6856655131103772,2.715937049628903,-1.9313488837870445,1.913230774841053
51.0,20.0,142.2361602783203,-0.0146487704614762,1.72189939185797,-4.817972948343995,-2.696554335171129,-0.8591573528620521,-0.764166423373399,0.6856655131103772,2.715937049628903,-1.9313488837870445,1.913230774841053
51.0,20.0,142.2361602783203,-0.0095637497508647,1.7029942018460575,-4.823811940310794,-2.756817684188689,-0.8862491748308213,-0.764166423373399,0.6855626989525879,2.715937049628903,-1.9827213355181552,1.913230774841053
51.0,20.0,142.4980926513672,-0.014293983496686,2.09544475063763,-3.995552402736668,-2.271966621914771,-0.493927639465844,-1.0288066628294854,0.5839239174339417,2.9262011943875192,-1.8610946984060512,2.2623436340395933
51.0,20.0,142.5038604736328,-0.3583090591373493,1.706112537413727,-4.63846270863679,-2.763067309841492,-0.3648773852166499,-0.8579104238317701,0.5232740615773376,2.9270013287955075,-1.8610946984060512,2.25336648807205
51.0,20.0,142.50552368164062,-0.0140164631767902,2.09544475063763,-4.439158536020475,-2.216063088357803,-0.951092673706078,-0.4592403378300225,0.811563946806052,2.925996446015651,-1.8471930172037287,2.1924513178432976
51.0,20.0,142.65377807617188,-0.0294738747567362,1.7091690535931965,-4.838936562852096,-2.696554335171129,-0.8591573528620521,-0.764166423373399,0.8610048735107066,2.706594764858325,-1.9313488837870445,1.9847926891101912
51.0,20.0,142.65377807617188,-0.0294738747567362,1.7091690535931965,-4.838936562852096,-2.696554335171129,-0.8591573528620521,-0.764166423373399,0.8610048735107066,2.706594764858325,-1.9313488837870445,1.9847926891101912
51.0,20.0,142.74691772460938,-0.013754280609463,1.7216757938646394,-4.998652784527176,-2.759191050286049,-1.8754493411322104,-0.2928675722030996,0.6920988278008382,2.719658335199924,-1.983098327945888,2.1909700259922302
51.0,20.0,142.93572998046875,0.9985136440470744,2.1212775127160906,-3.8342517368042266,-2.696554335171129,-0.3605573057014472,-0.9557855958453784,0.6431417552566209,2.715937049628903,-1.9484776767015544,1.914536960596124
51.0,20.0,143.27125549316406,0.7075584541332554,2.0954227432800883,-4.299231744343699,-2.6592235994637887,-0.5879020398420773,-0.76225201847511,0.6465161501309892,2.926315139341274,-1.9658233477853653,2.174848811407308
51.0,20.0,143.48611450195312,0.9423506292598834,2.081901737639003,-4.303856551850247,-2.701328232123612,-0.8541816916681938,-0.8548293895025523,0.678179800374822,2.9263114265592085,-1.9340356759664528,2.174848811407308
51.0,20.0,143.4918212890625,-0.8469723230012638,2.649721246651932,-3.419638535377848,-2.759191050286049,-0.8185768817050766,-0.5490956287351388,-0.3810488574974597,4.066364255215508,-2.5421199048964644,3.2034049165742413
51.0,20.0,143.63211059570312,-0.014293983496686,2.09544475063763,-4.63846270863679,-2.2976688432174224,-0.2270477834410686,-0.8360439233979796,0.7027722266076151,2.9270142653779123,-1.8610946984060512,2.2623436340395933
51.0,20.0,143.9050750732422,-0.0105044127340703,2.545394001810368,-4.276436191111563,-2.959130165273003,-0.5813760478644189,-0.8380451586545095,-0.3497626361008976,2.960628644896209,-1.9574581100894093,3.073749019277604
51.0,20.0,143.94729614257812,0.9933767502561112,2.1342720373461104,-4.92415566113417,-2.759191050286049,-0.8828512617985774,-0.7578837512813015,0.686593637860774,2.7033088662239786,-1.945296489365072,2.257035854403179
51.0,20.0,144.00567626953125,-0.014293983496686,2.09544475063763,-4.63846270863679,-2.271966621914771,-0.2270477834410686,-1.0288066628294854,0.6994434617524079,2.9262011943875192,-1.8610946984060512,2.2623436340395933
51.0,20.0,144.00567626953125,-0.014293983496686,2.09544475063763,-4.63846270863679,-2.271966621914771,-0.2270477834410686,-1.0288066628294854,0.6994434617524079,2.9262011943875192,-1.8610946984060512,2.2623436340395933
51.0,20.0,144.20225524902344,0.9657808121876283,2.035965395655351,-4.644483485041084,-2.7679274366516835,-0.3173161057175994,-0.7375318329597345,0.8097778778225737,2.922724439146575,-1.8610946984060512,2.2623436340395933
51.0,20.0,144.22286987304688,-0.014293983496686,2.09544475063763,-4.63846270863679,-2.271966621914771,-0.2270477834410686,-1.0288066628294854,0.5785125603228223,2.9262011943875192,-1.8610946984060512,2.2623436340395933
51.0,20.0,144.26168823242188,0.7250166494080723,2.1990400168326114,-3.997873094748285,-2.6592235994637887,-0.2229114296372037,-0.76225201847511,0.6492778176272253,3.803078306080408,-1.9658233477853653,2.174848811407308
51.0,20.0,144.3123321533203,-0.0520836188950477,2.09544475063763,-3.98790212495353,-2.764368160842376,-0.3767669200290754,-0.481106838263813,0.8097778778225737,2.701263047536882,-1.9633591822102376,2.257041826529876
51.0,20.0,144.4027557373047,0.973155049025373,1.7029942018460575,-4.917346350184308,-2.696554335171129,-0.8590650746106782,-0.4953759955921625,0.7896059150233905,2.715937049628903,-1.9484776767015544,1.9146725123513229
51.0,20.0,144.52281188964844,0.9826998363233462,2.1342720373461104,-4.998545076702889,-2.759191050286049,-0.8828512617985774,-0.7578837512813015,0.686593637860774,2.7033088662239786,-1.963618573843733,2.257035854403179
51.0,21.0,137.34164428710938,-0.0354751954287735,1.677139432410055,-4.307260032701513,-2.758737462846008,-0.9402545836194496,-0.7808626174492999,0.7928562455614893,3.2854751039619607,-1.9854802053691425,1.9538521900654136
51.0,21.0,137.34164428710938,-0.0354751954287735,1.677139432410055,-4.307260032701513,-2.758737462846008,-0.9402545836194496,-0.7808626174492999,0.7928562455614893,3.2854751039619607,-1.9854802053691425,1.9538521900654136
51.0,21.0,138.44869995117188,-0.0354751954287735,1.8235828485221528,-4.306407173268832,-2.758737462846008,-0.8592084209879778,-0.76433975080205,0.7928562455614893,3.2854751039619607,-1.9878047374465315,1.953616585780601
51.0,21.0,138.74513244628906,-0.0101166004070722,1.7283399353021205,-4.646169462662423,-2.758737462846008,-0.9402896303791646,-0.4800699283621134,0.6462677475056734,2.926315139341274,-1.9854802053691425,1.896551499889067
51.0,21.0,139.06143188476562,-0.0101166004070722,1.730680775357014,-3.913359397475496,-2.7625536896476497,-0.9402545836194496,-0.9668356967908454,0.6463920857947195,2.953120769273771,-1.9854802053691425,2.1781918442204664
51.0,21.0,139.22317504882812,-0.5831528332289642,2.545394001810368,-3.974600136376565,-2.9424912057583112,-0.2163854376595452,-0.8380451586545095,-0.3470009686046615,3.83739181165583,-1.9622673366431929,3.073749019277604
51.0,21.0,139.8139190673828,-0.0101166004070722,2.081901737639003,-4.303856551850247,-2.758737462846008,-0.8836660205300384,-0.8548293895025523,0.6780769862170328,2.9263114265592085,-1.985408127697564,2.174848811407308
51.0,21.0,139.8139190673828,-0.0101166004070722,2.0801768471979742,-4.303856551850247,-2.759192961206229,-0.8836660205300384,-0.8549146976444711,0.6780769862170328,2.9263114265592085,-1.9834958799745808,2.174848811407308
51.0,21.0,139.8139190673828,-0.0101166004070722,2.0801768471979742,-4.303856551850247,-2.756626542355002,-0.8914446632581754,-0.8549146976444711,0.6779792663167494,2.9263114265592085,-1.9821346313170576,2.16246081265374
51.0,21.0,140.2178955078125,-0.4994704904105852,2.661937231127945,-3.990207660457832,-2.544436903346817,-0.9933396905206082,-0.4718111839617493,-0.3748141129063681,4.106844924911862,-1.962257070459108,3.1720720777920466
51.0,21.0,140.2178955078125,-0.4994704904105852,2.661937231127945,-3.990207660457832,-2.544436903346817,-0.9933396905206082,-0.4718111839617493,-0.3748141129063681,4.106844924911862,-1.962257070459108,3.1720720777920466
51.0,21.0,140.38235473632812,-0.5809143401719942,2.661937231127945,-3.424458327879837,-2.544436903346817,-1.181283309326948,-0.4725249809647386,-0.3748141129063681,4.107447207520124,-1.962257070459108,3.20233365052806
51.0,21.0,140.40090942382812,0.9273765289516958,1.7116647224595116,-3.608895678049465,-2.764373346856696,-0.317197864566391,-0.4951855937751171,0.8179115159643965,2.9270013287955075,-1.8575977201063087,2.256962223868551
51.0,21.0,140.40170288085938,-0.0101166004070722,2.102556551422958,-4.24441019845616,-2.758737462846008,-0.9402545836194496,-0.4800699283621134,0.6463920857947195,2.926315139341274,-1.9854802053691425,2.2035368896713305
51.0,21.0,140.5902557373047,0.0069537825407465,2.545394001810368,-3.97507754151616,-2.959130165273003,-0.2163854376595452,-0.8380451586545095,-0.3470009686046615,3.83739181165583,-1.9574581100894093,3.073749019277604
51.0,21.0,140.70045471191406,0.0069537825407465,2.545394001810368,-3.97507754151616,-2.959130165273003,-0.2163854376595452,-0.8380451586545095,-0.3470009686046615,3.50046946364151,-1.9574581100894093,3.073749019277604
51.0,21.0,140.77268981933594,-0.0101166004070722,2.134074350332097,-4.290804144882747,-2.7588097964655804,-0.8834095406703155,-0.4716074580152192,0.6864199264395475,2.9355319839154115,-1.9650050650102804,2.2035368896713305
51.0,21.0,140.77268981933594,-0.0101166004070722,2.134074350332097,-4.290804144882747,-2.7588097964655804,-0.8834095406703155,-0.4716074580152192,0.6864199264395475,2.9355319839154115,-1.9650050650102804,2.2035368896713305
51.0,21.0,140.78231811523438,-0.0294738747567362,1.7029942018460575,-4.646376786977376,-2.696554335171129,-0.8591573528620521,-0.764166423373399,0.6856655131103772,2.715937049628903,-1.9313488837870445,1.913230774841053
51.0,21.0,140.79205322265625,-0.4994704904105852,2.661937231127945,-3.990207660457832,-2.544436903346817,-1.0658342941491927,-0.4718111839617493,-0.3748141129063681,4.106844924911862,-1.962257070459108,3.1720720777920466
51.0,21.0,140.79205322265625,-0.4994704904105852,2.661937231127945,-3.990207660457832,-2.544436903346817,-1.0658342941491927,-0.4718111839617493,-0.3748141129063681,4.106844924911862,-1.962257070459108,3.1720720777920466
51.0,21.0,140.79205322265625,-0.4994704904105852,2.661937231127945,-3.990207660457832,-2.544436903346817,-1.0658342941491927,-0.4718111839617493,-0.3748141129063681,4.106844924911862,-1.962257070459108,3.1720720777920466
51.0,21.0,140.79205322265625,-0.4994704904105852,2.661937231127945,-3.990207660457832,-2.544436903346817,-1.0658342941491927,-0.4718111839617493,-0.3748141129063681,4.106844924911862,-1.962257070459108,3.1720720777920466
51.0,21.0,140.86529541015625,-0.0101166004070722,2.0954227432800883,-4.303856551850247,-2.758737462846008,-0.9402545836194496,-0.9668356967908454,0.6463920857947195,2.953120769273771,-1.9854802053691425,2.1781918442204664
51.0,21.0,141.00619506835938,0.9273765289516958,1.7116647224595116,-4.64265998625516,-2.7688757799687944,-0.317197864566391,-0.8370248015131504,0.6962904224707867,2.9270013287955075,-1.8610946984060512,2.1717739804454297
51.0,21.0,141.0223846435547,0.179702288453151,1.704314717926983,-4.588448842329661,-3.161805892512144,-0.8567648459689768,-0.3583350434418973,0.6881880500794912,2.256890010459408,-1.9313488837870445,1.9042877313416728
51.0,21.0,141.06674194335938,-0.0397925340055087,1.706112537413727,-4.631938736128663,-2.758942569466553,-0.3648773852166499,-0.7627989227425104,0.5232740615773376,2.9270013287955075,-1.8610946984060512,2.2606238776896905
51.0,21.0,141.17025756835938,-0.0334134187413379,2.067736169769132,-4.174569882241245,-2.695592226664651,-0.8567648459689768,-0.764166423373399,0.6856655131103772,2.715937049628903,-1.9313488837870445,1.913230774841053
51.0,21.0,141.4169921875,0.0069537825407465,2.545394001810368,-3.97507754151616,-2.959130165273003,-0.985547902562184,0.2275234005674205,-0.3470009686046615,3.50046946364151,-1.9575141439595536,3.0725950122226457
51.0,21.0,141.46755981445312,0.9985136440470744,2.1209697228554933,-3.8342517368042266,-2.696554335171129,-0.3605573057014472,-0.964002755413212,0.6431417552566209,2.9247468930780665,-1.9484776767015544,1.914536960596124
51.0,21.0,141.51918029785156,-0.0148487477434921,1.7027434188174673,-4.823590917513009,-2.759857490868615,-0.8856046650730164,-0.764166423373399,0.6855614225680091,2.715937049628903,-1.9313488837870445,1.913230774841053
51.0,21.0,141.58023071289062,-0.0101166004070722,2.0954227432800883,-4.303856551850247,-2.758737462846008,-0.9402545836194496,-0.9668356967908454,0.6463920857947195,2.926315139341274,-1.9854802053691425,2.174848811407308
51.0,21.0,141.7517547607422,-0.0520836188950477,2.09544475063763,-3.98790212495353,-2.764368160842376,-0.3767669200290754,-0.481106838263813,0.8097778778225737,2.9262011943875192,-1.8471930172037287,2.2623436340395933
51.0,21.0,141.7517547607422,-0.0520836188950477,2.09544475063763,-3.98790212495353,-2.764368160842376,-0.3767669200290754,-0.481106838263813,0.8097778778225737,2.9262011943875192,-1.8471930172037287,2.2623436340395933
51.0,21.0,141.88607788085938,-0.0520836188950477,2.094124234556704,-3.931433030443156,-2.6986721852224265,-0.3542775257549799,-0.5431627749673043,0.8072553408534595,2.9292406951771275,-1.8471930172037287,2.3597665518020388
51.0,21.0,141.9609832763672,-0.014293983496686,1.875193314161521,-4.63846270863679,-2.6450033966497646,-0.2270477834410686,-0.8360439233979796,0.6994434617524079,2.9270013287955075,-1.8610946984060512,2.865957060729904
51.0,21.0,141.9609832763672,-0.014293983496686,1.8769061162551537,-4.63846270863679,-2.7688757799687944,-0.317197864566391,-0.8370248015131504,0.6962845376938069,2.9270013287955075,-1.8610946984060512,2.865957060729904
51.0,21.0,141.9609832763672,-0.0143003319857444,1.884160171599101,-4.619214502903691,-2.6450033966497646,-0.2270477834410686,-0.8360439233979796,0.6994434617524079,2.9262572538397653,-1.8613499717852544,2.8649031326054217
51.0,21.0,141.99658203125,-0.2009394220738536,2.575420899934846,-3.97050837495733,-2.959130165273003,-0.1834427312798575,-0.8382480318966401,-0.3470009686046615,3.552873933945523,-1.9655046063491008,3.1952044468079803
51.0,21.0,142.02792358398438,-0.0140164631767902,2.09544475063763,-3.98790212495353,-2.216063088357803,-0.2389373182534941,-0.4592403378300225,0.8104989799557915,2.9262011943875192,-1.8471930172037287,2.8749342066974464
51.0,21.0,142.15855407714844,-0.0101166004070722,2.081901737639003,-3.4831438855398327,-2.758737462846008,-1.1730705767553846,-0.8651786577357976,0.6780769862170328,2.9263114265592085,-1.9621600297066968,2.174848811407308
51.0,21.0,142.2361602783203,-0.0294738747567362,1.7029942018460575,-4.824039219001432,-2.696554335171129,-0.8591573528620521,-0.764166423373399,0.6856655131103772,2.715937049628903,-1.9313488837870445,1.913230774841053
51.0,21.0,142.2361602783203,-0.0334134187413379,1.7029942018460575,-4.823811940310794,-2.6994084534662925,-0.8567648459689768,-0.764166423373399,0.6856655131103772,2.715937049628903,-1.9313488837870445,1.913230774841053
51.0,21.0,142.2361602783203,-0.0146487704614762,1.72189939185797,-4.817972948343995,-2.696554335171129,-0.8591573528620521,-0.764166423373399,0.6856655131103772,2.715937049628903,-1.9313488837870445,1.913230774841053
51.0,21.0,142.2361602783203,-0.0095637497508647,1.7029942018460575,-4.823811940310794,-2.756817684188689,-0.8862491748308213,-0.764166423373399,0.6855626989525879,2.715937049628903,-1.9827213355181552,1.913230774841053
51.0,21.0,142.2361602783203,-0.0427212248550753,1.7029942018460575,-4.8425547353940335,-2.696554335171129,-0.8830982997812773,-0.764166423373399,0.6856655131103772,2.7364410908924603,-1.9648053842254365,1.913230774841053
51.0,21.0,142.2361602783203,-0.0146487704614762,1.72189939185797,-4.855973776759118,-2.696554335171129,-0.8591573528620521,-0.764166423373399,0.6856655131103772,2.715937049628903,-1.9313488837870445,1.913230774841053
51.0,21.0,142.30625915527344,-0.1876920719755146,2.575420899934846,-3.951828405767908,-2.959130165273003,-0.1595017843606324,-0.8382480318966401,-0.3470009686046615,3.532369892681454,-1.9320481059107089,3.1952044468079803
51.0,21.0,142.4297637939453,-0.4598314235036498,2.661937231127945,-3.424935733019292,-3.2906395243068784,-1.181283309326948,-0.4725249809647386,-0.3748141129063681,4.107447207520124,-1.957447843905325,3.20233365052806
51.0,21.0,142.4980926513672,-0.014293983496686,2.09544475063763,-3.995552402736668,-2.271966621914771,-0.493927639465844,-1.0288066628294854,0.5839239174339417,2.9262011943875192,-1.8610946984060512,2.2623436340395933
51.0,22.0,137.06236267089844,-0.4994704904105852,2.6632295042743617,-3.990250908379335,-2.937849164828964,-1.0658342941491927,-0.427250252793304,-0.3748141129063681,4.113914751205021,-1.962266593768148,3.080827227073999
51.0,22.0,137.34164428710938,-0.0354751954287735,1.677139432410055,-4.307260032701513,-2.758737462846008,-0.9402545836194496,-0.7808626174492999,0.7928562455614893,3.2854751039619607,-1.9854802053691425,1.9538521900654136
51.0,22.0,137.34164428710938,-0.0354751954287735,1.677139432410055,-4.307260032701513,-2.758737462846008,-0.9402545836194496,-0.7808626174492999,0.7928562455614893,3.2854751039619607,-1.9854802053691425,1.9538521900654136
51.0,22.0,138.44869995117188,-0.0354751954287735,1.8235828485221528,-4.306407173268832,-2.758737462846008,-0.8592084209879778,-0.76433975080205,0.7928562455614893,3.2854751039619607,-1.9878047374465315,1.953616585780601
51.0,22.0,138.74513244628906,-0.0101166004070722,1.7283399353021205,-4.646169462662423,-2.758737462846008,-0.9402896303791646,-0.4800699283621134,0.6462677475056734,2.926315139341274,-1.9854802053691425,1.896551499889067
51.0,22.0,138.8282012939453,-0.0074301298147605,1.731081893854448,-3.9394915350055775,-2.753049425396412,-0.8567648459689768,-0.903126245618322,0.6881880500794912,2.9587868807359503,-1.9840026519885368,1.9042877313416728
51.0,22.0,139.06143188476562,-0.0101166004070722,1.730680775357014,-3.913359397475496,-2.7625536896476497,-0.9402545836194496,-0.9668356967908454,0.6463920857947195,2.953120769273771,-1.9854802053691425,2.1781918442204664
51.0,22.0,139.22317504882812,-0.5831528332289642,2.545394001810368,-3.974600136376565,-2.9424912057583112,-0.2163854376595452,-0.8380451586545095,-0.3470009686046615,3.83739181165583,-1.9622673366431929,3.073749019277604
51.0,22.0,139.41073608398438,0.0057669522099825,1.6702265942409191,-4.307260032701513,-2.958961040176713,-0.9402545836194496,-0.8378242075045824,0.7501675892038335,3.2854751039619607,-1.9854802053691425,1.9538521900654136
51.0,22.0,139.8139190673828,-0.0101166004070722,2.081901737639003,-4.303856551850247,-2.758737462846008,-0.8836660205300384,-0.8548293895025523,0.6780769862170328,2.9263114265592085,-1.985408127697564,2.174848811407308
51.0,22.0,139.8139190673828,-0.0101166004070722,2.0801768471979742,-4.303856551850247,-2.759192961206229,-0.8836660205300384,-0.8549146976444711,0.6780769862170328,2.9263114265592085,-1.9834958799745808,2.174848811407308
51.0,22.0,139.8139190673828,-0.0101166004070722,2.0801768471979742,-4.303856551850247,-2.756626542355002,-0.8914446632581754,-0.8549146976444711,0.6779792663167494,2.9263114265592085,-1.9821346313170576,2.16246081265374
51.0,22.0,139.8139190673828,-0.0101166004070722,2.0802314239575006,-4.303856551850247,-2.758735652004673,-0.8836660205300384,-0.8548293895025523,0.6780769862170328,2.9263114265592085,-1.985408127697564,2.174848811407308
51.0,22.0,139.97146606445312,0.3410118913759163,1.669361632689515,-4.307260032701513,-2.758737462846008,-0.9402545836194496,-0.7808626174492999,0.7928562455614893,3.281634527971986,-1.9489012297695183,1.3604794279409491
51.0,22.0,139.9874267578125,-0.0146487704614762,1.72189939185797,-4.305502531048861,-2.696554335171129,-0.8591573528620521,-0.764166423373399,0.6856655131103772,2.715937049628903,-1.9313488837870445,1.913230774841053
51.0,22.0,140.2178955078125,-0.4994704904105852,2.661937231127945,-3.990207660457832,-2.544436903346817,-0.9933396905206082,-0.4718111839617493,-0.3748141129063681,4.106844924911862,-1.962257070459108,3.1720720777920466
51.0,22.0,140.2178955078125,-0.4994704904105852,2.661937231127945,-3.990207660457832,-2.544436903346817,-0.9933396905206082,-0.4718111839617493,-0.3748141129063681,4.106844924911862,-1.962257070459108,3.1720720777920466
51.0,22.0,140.38235473632812,-0.5809143401719942,2.661937231127945,-3.424458327879837,-2.544436903346817,-1.181283309326948,-0.4725249809647386,-0.3748141129063681,4.107447207520124,-1.962257070459108,3.20233365052806
51.0,22.0,140.40090942382812,0.9273765289516958,1.7116647224595116,-3.608895678049465,-2.764373346856696,-0.317197864566391,-0.4951855937751171,0.8179115159643965,2.9270013287955075,-1.8575977201063087,2.256962223868551
51.0,22.0,140.40090942382812,0.9273765289516958,1.7116647224595116,-3.608895678049465,-2.764373346856696,-0.317197864566391,-0.4951855937751171,0.8179115159643965,2.9270013287955075,-1.8575977201063087,2.256962223868551
51.0,22.0,140.40170288085938,-0.0101166004070722,2.102556551422958,-4.24441019845616,-2.758737462846008,-0.9402545836194496,-0.4800699283621134,0.6463920857947195,2.926315139341274,-1.9854802053691425,2.2035368896713305
51.0,22.0,140.40170288085938,-0.0101166004070722,2.1032182669049195,-4.24441019845616,-2.756939092094591,-0.9402545836194496,-0.4800699283621134,0.6463920857947195,2.9263151738791824,-1.9854802053691425,2.2035368896713305
51.0,22.0,140.49432373046875,-0.0101166004070722,2.1335542162752508,-4.290804144882747,-2.7588097964655804,-0.8834095406703155,-0.4799048275047795,0.6864199264395475,2.9355319839154115,-1.8113352065515245,2.2035368896713305
51.0,22.0,140.5902557373047,0.0069537825407465,2.545394001810368,-3.97507754151616,-2.959130165273003,-0.2163854376595452,-0.8380451586545095,-0.3470009686046615,3.83739181165583,-1.9574581100894093,3.073749019277604
51.0,22.0,140.5902557373047,0.0069537825407465,2.545394001810368,-3.97507754151616,-2.959130165273003,-0.2163854376595452,-0.8380451586545095,-0.3470009686046615,3.83739181165583,-1.9574581100894093,3.073749019277604
51.0,22.0,140.6399383544922,-0.0101166004070722,2.103076685479804,-4.24441019845616,-2.629851301177688,-0.9402545836194496,-0.4717725588725531,0.6463920857947195,2.926315139341274,-1.9854802053691425,2.2035368896713305
51.0,22.0,140.70045471191406,0.0069537825407465,2.545394001810368,-3.97507754151616,-2.959130165273003,-0.2163854376595452,-0.8380451586545095,-0.3470009686046615,3.50046946364151,-1.9574581100894093,3.073749019277604
51.0,22.0,140.74041748046875,-0.0101166004070722,2.0954227432800883,-4.303856551850247,-2.6217592781690096,-0.9402545836194496,-0.9668356967908454,0.6463920857947195,2.953120769273771,-2.1196362782296307,2.1781918442204664
51.0,22.0,140.77268981933594,-0.0101166004070722,2.134074350332097,-4.290804144882747,-2.7588097964655804,-0.8834095406703155,-0.4716074580152192,0.6864199264395475,2.9355319839154115,-1.9650050650102804,2.2035368896713305
51.0,22.0,140.77268981933594,-0.0101166004070722,2.134074350332097,-4.290804144882747,-2.7588097964655804,-0.8834095406703155,-0.4716074580152192,0.6864199264395475,2.9355319839154115,-1.9650050650102804,2.2035368896713305
51.0,22.0,140.77268981933594,-0.0101166004070722,2.134074350332097,-4.290804144882747,-2.7588097964655804,-0.8834095406703155,-0.4716074580152192,0.6864199264395475,2.9355319839154115,-1.9650050650102804,2.2035368896713305
51.0,22.0,140.78231811523438,-0.0294738747567362,1.7029942018460575,-4.646376786977376,-2.696554335171129,-0.8591573528620521,-0.764166423373399,0.6856655131103772,2.715937049628903,-1.9313488837870445,1.913230774841053
51.0,22.0,140.79205322265625,-0.4994704904105852,2.661937231127945,-3.990207660457832,-2.544436903346817,-1.0658342941491927,-0.4718111839617493,-0.3748141129063681,4.106844924911862,-1.962257070459108,3.1720720777920466
51.0,22.0,140.79205322265625,-0.4994704904105852,2.661937231127945,-3.990207660457832,-2.544436903346817,-1.0658342941491927,-0.4718111839617493,-0.3748141129063681,4.106844924911862,-1.962257070459108,3.1720720777920466
51.0,22.0,140.79205322265625,-0.4994704904105852,2.661937231127945,-3.990207660457832,-2.544436903346817,-1.0658342941491927,-0.4718111839617493,-0.3748141129063681,4.106844924911862,-1.962257070459108,3.1720720777920466
51.0,22.0,140.79205322265625,-0.4994704904105852,2.661937231127945,-3.990207660457832,-2.544436903346817,-1.0658342941491927,-0.4718111839617493,-0.3748141129063681,4.106844924911862,-1.962257070459108,3.1720720777920466
51.0,22.0,140.86529541015625,-0.0101166004070722,2.0954227432800883,-4.303856551850247,-2.758737462846008,-0.9402545836194496,-0.9668356967908454,0.6463920857947195,2.953120769273771,-1.9854802053691425,2.1781918442204664
51.0,22.0,141.00619506835938,0.9273765289516958,1.7116647224595116,-4.64265998625516,-2.7688757799687944,-0.317197864566391,-0.8370248015131504,0.6962904224707867,2.9270013287955075,-1.8610946984060512,2.1717739804454297
51.0,22.0,141.00619506835938,0.9273765289516958,1.7116647224595116,-4.64265998625516,-2.7688757799687944,-0.317197864566391,-0.8370248015131504,0.6962904224707867,2.9270013287955075,-1.8610946984060512,2.1717739804454297
51.0,22.0,141.0223846435547,0.179702288453151,1.704314717926983,-4.588448842329661,-3.161805892512144,-0.8567648459689768,-0.3583350434418973,0.6881880500794912,2.256890010459408,-1.9313488837870445,1.9042877313416728
51.0,22.0,141.05833435058594,-0.4720513199581063,2.661937231127945,-4.310507865357929,-2.544436903346817,-1.0658342941491927,-0.4718111839617493,-0.3899763747271755,4.106844924911862,-1.9895375576818493,3.1720720777920466
51.0,22.0,141.06674194335938,-0.0397925340055087,1.706112537413727,-4.631938736128663,-2.758942569466553,-0.3648773852166499,-0.7627989227425104,0.5232740615773376,2.9270013287955075,-1.8610946984060512,2.2606238776896905
51.0,22.0,141.17025756835938,-0.0334134187413379,2.067736169769132,-4.174569882241245,-2.695592226664651,-0.8567648459689768,-0.764166423373399,0.6856655131103772,2.715937049628903,-1.9313488837870445,1.913230774841053
51.0,22.0,141.17025756835938,-0.0334134187413379,2.067736169769132,-4.174569882241245,-2.695592226664651,-0.8567648459689768,-0.764166423373399,0.6856655131103772,2.715937049628903,-1.9313488837870445,1.913230774841053
51.0,22.0,141.3354034423828,-0.0101166004070722,1.730680775357014,-3.913359397475496,-2.7625536896476497,-0.8569584985611468,-0.9668356967908454,0.6878464354226572,2.804094082829118,-1.93543320295859,2.1781918442204664
51.0,22.0,141.4169921875,0.0069537825407465,2.545394001810368,-3.97507754151616,-2.959130165273003,-0.985547902562184,0.2275234005674205,-0.3470009686046615,3.50046946364151,-1.9575141439595536,3.0725950122226457
51.0,22.0,141.46755981445312,0.9985136440470744,2.1209697228554933,-3.8342517368042266,-2.696554335171129,-0.3605573057014472,-0.964002755413212,0.6431417552566209,2.9247468930780665,-1.9484776767015544,1.914536960596124
51.0,22.0,141.51918029785156,-0.0148487477434921,1.7027434188174673,-4.823590917513009,-2.759857490868615,-0.8856046650730164,-0.764166423373399,0.6855614225680091,2.715937049628903,-1.9313488837870445,1.913230774841053
51.0,22.0,141.58023071289062,-0.0101166004070722,2.0954227432800883,-4.303856551850247,-2.758737462846008,-0.9402545836194496,-0.9668356967908454,0.6463920857947195,2.926315139341274,-1.9854802053691425,2.174848811407308
51.0,22.0,141.69818115234375,0.9985136440470744,2.128747522576033,-3.866164971027612,-2.696554335171129,-0.3257084450851838,-0.964002755413212,0.6431417552566209,2.928587469068041,-1.9850566523011783,1.914536960596124
51.0,23.0,137.06236267089844,-0.4994704904105852,2.6632295042743617,-3.990250908379335,-2.937849164828964,-1.0658342941491927,-0.427250252793304,-0.3748141129063681,4.113914751205021,-1.962266593768148,3.080827227073999
51.0,23.0,137.06236267089844,-0.4994704904105852,2.6632295042743617,-3.990250908379335,-2.937849164828964,-1.0658342941491927,-0.427250252793304,-0.3748141129063681,4.113914751205021,-1.962266593768148,3.080827227073999
51.0,23.0,137.34164428710938,-0.0354751954287735,1.677139432410055,-4.307260032701513,-2.758737462846008,-0.9402545836194496,-0.7808626174492999,0.7928562455614893,3.2854751039619607,-1.9854802053691425,1.9538521900654136
51.0,23.0,137.34164428710938,-0.0354751954287735,1.677139432410055,-4.307260032701513,-2.758737462846008,-0.9402545836194496,-0.7808626174492999,0.7928562455614893,3.2854751039619607,-1.9854802053691425,1.9538521900654136
51.0,23.0,137.34164428710938,-0.0354751954287735,1.677139432410055,-4.307260032701513,-2.758737462846008,-0.9402545836194496,-0.7808626174492999,0.7928562455614893,3.2854751039619607,-1.9854802053691425,1.9538521900654136
51.0,23.0,138.00296020507812,-0.4994704904105852,2.6632295042743617,-3.990250908379335,-3.2048097956846817,-1.0641434826548613,-0.4718132608488328,-0.3748141129063681,4.113914751205021,-1.9622663658127573,3.080827227073999
51.0,23.0,138.3535919189453,0.0057669522099825,1.6702265942409191,-4.307260032701513,-2.958961040176713,-0.9402545836194496,-0.4905367526779473,0.7501675892038335,2.896214571723241,-1.9854802053691425,1.9538521900654136
51.0,23.0,138.44869995117188,-0.0354751954287735,1.8235828485221528,-4.306407173268832,-2.758737462846008,-0.8592084209879778,-0.76433975080205,0.7928562455614893,3.2854751039619607,-1.9878047374465315,1.953616585780601
51.0,23.0,138.585205078125,-0.0354751954287735,1.710929676225567,-4.307260032701513,-2.758737462846008,-0.976578817376198,-0.8378989826201341,0.7928562455614893,3.3529282071454563,-1.987391951503348,1.938934317600568
51.0,23.0,138.69564819335938,-0.014489873787967,1.72189939185797,-4.556238041395245,-2.6965832434187265,-0.9439904679763562,-0.549976207176826,0.6856655131103772,2.7170685705944724,-1.930946055120101,1.913230774841053
51.0,23.0,138.74513244628906,-0.0101166004070722,1.7283399353021205,-4.646169462662423,-2.758737462846008,-0.9402896303791646,-0.4800699283621134,0.6462677475056734,2.926315139341274,-1.9854802053691425,1.896551499889067
51.0,23.0,138.76016235351562,-0.0146487704614762,1.72189939185797,-4.542978623681363,-2.696554335171129,-0.8587128863658714,-0.764166423373399,0.7381732586138089,2.7180721148606333,-1.984891871450041,1.9161078230677373
51.0,23.0,138.8282012939453,-0.0074301298147605,1.731081893854448,-3.9394915350055775,-2.753049425396412,-0.8567648459689768,-0.903126245618322,0.6881880500794912,2.9587868807359503,-1.9840026519885368,1.9042877313416728
51.0,23.0,138.8282012939453,-0.010120728823963,1.731081893854448,-3.9394915350055775,-2.758711590191381,-0.8811405346728196,-0.9046931672701594,0.6780978973772219,2.9249982167999584,-1.9840026519885368,1.9042877313416728
51.0,23.0,139.06143188476562,-0.0101166004070722,1.730680775357014,-3.913359397475496,-2.7625536896476497,-0.9402545836194496,-0.9668356967908454,0.6463920857947195,2.953120769273771,-1.9854802053691425,2.1781918442204664
51.0,23.0,139.07064819335938,0.5087052848220079,1.7283399353021205,-4.646169462662423,-2.7587085545984102,-0.8554565152648603,-0.7688770076273325,0.6462677475056734,2.925183618375705,-1.985883034036085,1.896551499889067
51.0,23.0,139.1074676513672,-0.5831528332289642,2.5116037579948545,-3.974600136376565,-2.9424912057583112,-0.1800612039027968,-0.7810087934836752,-0.3470009686046615,3.7699387084723126,-1.960355590508987,3.0886668917408384
51.0,23.0,139.22317504882812,-0.5831528332289642,2.545394001810368,-3.974600136376565,-2.9424912057583112,-0.2163854376595452,-0.8380451586545095,-0.3470009686046615,3.83739181165583,-1.9622673366431929,3.073749019277604
51.0,23.0,139.3504638671875,-0.0101166004070722,2.0801768471979742,-4.239261406714529,-2.7591497076442897,-0.9427484497456368,-0.8549146976444711,0.6463822153788404,3.0138305890349333,-1.9834958799745808,2.174848811407308
51.0,23.0,139.36972045898438,-0.0101166004070722,2.08023038941131,-4.1803501387494375,-2.756626542355002,-0.8914446632581754,-0.8549146976444711,0.7379846403791224,2.9263114265592085,-1.982154058802713,2.1743950146244897
51.0,23.0,139.41073608398438,0.0057669522099825,1.6702265942409191,-4.307260032701513,-2.958961040176713,-0.9402545836194496,-0.8378242075045824,0.7501675892038335,3.2854751039619607,-1.9854802053691425,1.9538521900654136
51.0,23.0,139.50827026367188,-0.0074260013978697,2.081901737639003,-4.303856551850247,-2.7530752980510385,-0.8592903318261955,-0.8532624678507149,0.6881671389193021,2.960100090495201,-1.985408127697564,2.174848811407308
51.0,23.0,139.60121154785156,-0.0074301298147605,1.7014094144138276,-4.291599583258327,-2.753049425396412,-0.8567648459689768,-0.8984948423664647,0.3780309824249578,2.9587868807359503,-1.9840026519885368,2.189819996125584
51.0,23.0,139.8139190673828,-0.0101166004070722,2.081901737639003,-4.303856551850247,-2.758737462846008,-0.8836660205300384,-0.8548293895025523,0.6780769862170328,2.9263114265592085,-1.985408127697564,2.174848811407308
51.0,23.0,139.8139190673828,-0.0101166004070722,2.0801768471979742,-4.303856551850247,-2.759192961206229,-0.8836660205300384,-0.8549146976444711,0.6780769862170328,2.9263114265592085,-1.9834958799745808,2.174848811407308
51.0,23.0,139.8139190673828,-0.0101166004070722,2.0801768471979742,-4.303856551850247,-2.756626542355002,-0.8914446632581754,-0.8549146976444711,0.6779792663167494,2.9263114265592085,-1.9821346313170576,2.16246081265374
51.0,23.0,139.8139190673828,-0.0101166004070722,2.0802314239575006,-4.303856551850247,-2.758735652004673,-0.8836660205300384,-0.8548293895025523,0.6780769862170328,2.9263114265592085,-1.985408127697564,2.174848811407308
51.0,23.0,139.9116973876953,-0.0101166004070722,2.1632266957158715,-3.5915651667507764,-2.7588097964655804,-0.8834095406703155,-0.4845362307566367,0.7931260457138537,2.9355319839154115,-1.8113352065515245,1.91800462488742
51.0,23.0,139.97146606445312,0.3410118913759163,1.669361632689515,-4.307260032701513,-2.758737462846008,-0.9402545836194496,-0.7808626174492999,0.7928562455614893,3.281634527971986,-1.9489012297695183,1.3604794279409491
51.0,23.0,139.9874267578125,-0.0146487704614762,1.72189939185797,-4.305502531048861,-2.696554335171129,-0.8591573528620521,-0.764166423373399,0.6856655131103772,2.715937049628903,-1.9313488837870445,1.913230774841053
51.0,23.0,140.2178955078125,-0.4994704904105852,2.661937231127945,-3.990207660457832,-2.544436903346817,-0.9933396905206082,-0.4718111839617493,-0.3748141129063681,4.106844924911862,-1.962257070459108,3.1720720777920466
51.0,23.0,140.2178955078125,-0.4994704904105852,2.661937231127945,-3.990207660457832,-2.544436903346817,-0.9933396905206082,-0.4718111839617493,-0.3748141129063681,4.106844924911862,-1.962257070459108,3.1720720777920466
51.0,23.0,140.38235473632812,-0.5809143401719942,2.661937231127945,-3.424458327879837,-2.544436903346817,-1.181283309326948,-0.4725249809647386,-0.3748141129063681,4.107447207520124,-1.962257070459108,3.20233365052806
51.0,23.0,140.38235473632812,-0.5809143401719942,2.6598785182153555,-3.424458327879837,-2.544436903346817,-1.2287124396832092,-0.4725249809647386,-0.3748141129063681,4.107447207520124,-1.962257070459108,3.2136434672363774
51.0,23.0,140.40090942382812,0.9273765289516958,1.7116647224595116,-3.608895678049465,-2.764373346856696,-0.317197864566391,-0.4951855937751171,0.8179115159643965,2.9270013287955075,-1.8575977201063087,2.256962223868551
51.0,23.0,140.40090942382812,0.9273765289516958,1.7116647224595116,-3.608895678049465,-2.764373346856696,-0.317197864566391,-0.4951855937751171,0.8179115159643965,2.9270013287955075,-1.8575977201063087,2.256962223868551
51.0,23.0,140.40170288085938,-0.0101166004070722,2.102556551422958,-4.24441019845616,-2.758737462846008,-0.9402545836194496,-0.4800699283621134,0.6463920857947195,2.926315139341274,-1.9854802053691425,2.2035368896713305
51.0,23.0,140.40170288085938,-0.0101166004070722,2.1032182669049195,-4.24441019845616,-2.756939092094591,-0.9402545836194496,-0.4800699283621134,0.6463920857947195,2.9263151738791824,-1.9854802053691425,2.2035368896713305
51.0,23.0,140.40374755859375,-0.0354751954287735,1.677139432410055,-4.307260032701513,-2.8468055450595293,-0.9402545836194496,-0.3984446247743138,0.7928562455614893,3.2854751039619607,-1.9854802053691425,1.9538521900654136
51.0,23.0,140.49432373046875,-0.0101166004070722,2.1335542162752508,-4.290804144882747,-2.7588097964655804,-0.8834095406703155,-0.4799048275047795,0.6864199264395475,2.9355319839154115,-1.8113352065515245,2.2035368896713305
51.0,23.0,140.5902557373047,0.0069537825407465,2.545394001810368,-3.97507754151616,-2.959130165273003,-0.2163854376595452,-0.8380451586545095,-0.3470009686046615,3.83739181165583,-1.9574581100894093,3.073749019277604
51.0,23.0,140.5902557373047,0.0069537825407465,2.545394001810368,-3.97507754151616,-2.959130165273003,-0.2163854376595452,-0.8380451586545095,-0.3470009686046615,3.83739181165583,-1.9574581100894093,3.073749019277604
51.0,23.0,140.5902557373047,0.0069537825407465,2.5474527147229566,-3.97507754151616,-2.959130165273003,-0.1689563073032842,-0.8380451586545095,-0.3470009686046615,3.83739181165583,-1.9574581100894093,3.0624392025692866
51.0,23.0,140.62118530273438,-0.0101166004070722,2.1032182669049195,-4.309005343591879,-2.7410466306156698,-0.8811721544038512,-0.4800699283621134,0.6780868566329118,2.9263152524229663,-1.9854802053691425,2.2035368896713305
51.0,23.0,140.6399383544922,-0.0101166004070722,2.103076685479804,-4.24441019845616,-2.629851301177688,-0.9402545836194496,-0.4717725588725531,0.6463920857947195,2.926315139341274,-1.9854802053691425,2.2035368896713305
51.0,23.0,140.70045471191406,0.0069537825407465,2.545394001810368,-3.97507754151616,-2.959130165273003,-0.2163854376595452,-0.8380451586545095,-0.3470009686046615,3.50046946364151,-1.9574581100894093,3.073749019277604
51.0,23.0,140.74041748046875,-0.0101166004070722,2.0954227432800883,-4.303856551850247,-2.6217592781690096,-0.9402545836194496,-0.9668356967908454,0.6463920857947195,2.953120769273771,-2.1196362782296307,2.1781918442204664
51.0,23.0,140.77268981933594,-0.0101166004070722,2.134074350332097,-4.290804144882747,-2.7588097964655804,-0.8834095406703155,-0.4716074580152192,0.6864199264395475,2.9355319839154115,-1.9650050650102804,2.2035368896713305
51.0,23.0,140.77268981933594,-0.0101166004070722,2.134074350332097,-4.290804144882747,-2.7588097964655804,-0.8834095406703155,-0.4716074580152192,0.6864199264395475,2.9355319839154115,-1.9650050650102804,2.2035368896713305
51.0,23.0,140.77268981933594,-0.0101166004070722,2.134074350332097,-4.290804144882747,-2.7588097964655804,-0.8834095406703155,-0.4716074580152192,0.6864199264395475,2.9355319839154115,-1.9650050650102804,2.2035368896713305
51.0,24.0,137.06236267089844,-0.4994704904105852,2.6632295042743617,-3.990250908379335,-2.937849164828964,-1.0658342941491927,-0.427250252793304,-0.3748141129063681,4.113914751205021,-1.962266593768148,3.080827227073999
51.0,24.0,137.06236267089844,-0.4994704904105852,2.6632295042743617,-3.990250908379335,-2.937849164828964,-1.0658342941491927,-0.427250252793304,-0.3748141129063681,4.113914751205021,-1.962266593768148,3.080827227073999
51.0,24.0,137.34164428710938,-0.0354751954287735,1.677139432410055,-4.307260032701513,-2.758737462846008,-0.9402545836194496,-0.7808626174492999,0.7928562455614893,3.2854751039619607,-1.9854802053691425,1.9538521900654136
51.0,24.0,137.34164428710938,-0.0354751954287735,1.677139432410055,-4.307260032701513,-2.758737462846008,-0.9402545836194496,-0.7808626174492999,0.7928562455614893,3.2854751039619607,-1.9854802053691425,1.9538521900654136
51.0,24.0,137.34164428710938,-0.0354751954287735,1.677139432410055,-4.307260032701513,-2.758737462846008,-0.9402545836194496,-0.7808626174492999,0.7928562455614893,3.2854751039619607,-1.9854802053691425,1.9538521900654136
51.0,24.0,137.44044494628906,-0.0345829574061581,1.6491742391482538,-4.342247218468848,-2.9736091972651724,-0.9597971938064258,-0.7808626174492999,0.7928562455614893,3.2854751039619607,-1.9854802053691425,2.037084361079084
51.0,24.0,137.60328674316406,-0.0354751954287735,1.6818611659862135,-4.307260032701513,-2.758737462846008,-0.9402545836194496,-0.7808626174492999,0.7928562455614893,2.926548385339553,-1.9854802053691425,1.9538121388918328
51.0,24.0,137.90658569335938,0.037366285489034,1.677139432410055,-4.307260032701513,-2.758737462846008,-0.1983796713532307,-0.7797642980113535,0.7928562455614893,3.837500343473544,-1.3515124969248886,2.262956164711858
51.0,24.0,138.00296020507812,-0.4994704904105852,2.6632295042743617,-3.990250908379335,-3.2048097956846817,-1.0641434826548613,-0.4718132608488328,-0.3748141129063681,4.113914751205021,-1.9622663658127573,3.080827227073999
51.0,24.0,138.00296020507812,-0.4994704904105852,2.6632295042743617,-3.990250908379335,-3.2048097956846817,-1.0641434826548613,-0.4718132608488328,-0.3748141129063681,4.113914751205021,-1.9622663658127573,3.080827227073999
51.0,24.0,138.00296020507812,-0.4994704904105852,2.6632295042743617,-3.990250908379335,-3.2048097956846817,-1.0641434826548613,-0.4718132608488328,-0.3748141129063681,4.113914751205021,-1.9622659844800268,3.041911356957891
51.0,24.0,138.3535919189453,0.0057669522099825,1.6702265942409191,-4.307260032701513,-2.958961040176713,-0.9402545836194496,-0.4905367526779473,0.7501675892038335,2.896214571723241,-1.9854802053691425,1.9538521900654136
51.0,24.0,138.3535919189453,0.0057669522099825,1.6702265942409191,-4.319998780125025,-2.958961040176713,-0.9402545836194496,-0.4905367526779473,0.7501675892038335,2.896214571723241,-1.9854802053691425,1.9538521900654136
51.0,24.0,138.4351806640625,-0.0101166004070722,1.7283399353021205,-4.299360425522255,-2.6978667217450853,-0.9402541615039898,-0.4800699283621134,0.7469613245123038,2.582519730658808,-1.9854802053691425,1.9538640910223333
51.0,24.0,138.44869995117188,-0.0354751954287735,1.8235828485221528,-4.306407173268832,-2.758737462846008,-0.8592084209879778,-0.76433975080205,0.7928562455614893,3.2854751039619607,-1.9878047374465315,1.953616585780601
51.0,24.0,138.585205078125,-0.0354751954287735,1.710929676225567,-4.307260032701513,-2.758737462846008,-0.976578817376198,-0.8378989826201341,0.7928562455614893,3.3529282071454563,-1.987391951503348,1.938934317600568
51.0,24.0,138.683349609375,-0.007408198459802,1.731081893854448,-3.9394915350055775,-2.758729269435783,-0.8811405346728196,-0.9031099745858352,0.6781855807729886,2.958953003092372,-2.016882660140631,1.9042877313416728
51.0,24.0,138.69564819335938,-0.014489873787967,1.72189939185797,-4.556238041395245,-2.6965832434187265,-0.9439904679763562,-0.549976207176826,0.6856655131103772,2.7170685705944724,-1.930946055120101,1.913230774841053
51.0,24.0,138.74513244628906,-0.0101166004070722,1.7283399353021205,-4.646169462662423,-2.758737462846008,-0.9402896303791646,-0.4800699283621134,0.6462677475056734,2.926315139341274,-1.9854802053691425,1.896551499889067
51.0,24.0,138.76016235351562,-0.0146487704614762,1.72189939185797,-4.542978623681363,-2.696554335171129,-0.8587128863658714,-0.764166423373399,0.7381732586138089,2.7180721148606333,-1.984891871450041,1.9161078230677373
51.0,24.0,138.8282012939453,-0.0074301298147605,1.731081893854448,-3.9394915350055775,-2.753049425396412,-0.8567648459689768,-0.903126245618322,0.6881880500794912,2.9587868807359503,-1.9840026519885368,1.9042877313416728
51.0,24.0,138.8282012939453,-0.010120728823963,1.731081893854448,-3.9394915350055775,-2.758711590191381,-0.8811405346728196,-0.9046931672701594,0.6780978973772219,2.9249982167999584,-1.9840026519885368,1.9042877313416728
51.0,24.0,139.02333068847656,-0.0101426601789215,1.731081893854448,-3.9394915350055775,-2.753031746152012,-0.8567648459689768,-0.9047094383026462,0.6881003666837244,2.8322982613001746,-1.9840026519885368,1.9042877313416728
51.0,24.0,139.06143188476562,-0.0101166004070722,1.730680775357014,-3.913359397475496,-2.7625536896476497,-0.9402545836194496,-0.9668356967908454,0.6463920857947195,2.953120769273771,-1.9854802053691425,2.1781918442204664
51.0,24.0,139.07064819335938,0.5087052848220079,1.7283399353021205,-4.646169462662423,-2.7587085545984102,-0.8554565152648603,-0.7688770076273325,0.6462677475056734,2.925183618375705,-1.985883034036085,1.896551499889067
51.0,24.0,139.1074676513672,-0.5831528332289642,2.5116037579948545,-3.974600136376565,-2.9424912057583112,-0.1800612039027968,-0.7810087934836752,-0.3470009686046615,3.7699387084723126,-1.960355590508987,3.0886668917408384
51.0,24.0,139.22317504882812,-0.5831528332289642,2.545394001810368,-3.974600136376565,-2.9424912057583112,-0.2163854376595452,-0.8380451586545095,-0.3470009686046615,3.83739181165583,-1.9622673366431929,3.073749019277604
51.0,24.0,139.2767333984375,0.0057669522099825,1.6702265942409191,-4.6540690695867,-2.958961040176713,-0.9402900524946244,-0.8378242075045824,0.0878303567223336,3.2854751039619607,-1.9854802053691425,1.8965395989321463
51.0,24.0,139.30618286132812,-0.0101166004070722,1.730680775357014,-3.913359397475496,-2.7625536896476497,-0.8927920578418715,-0.9668356967908454,0.6463920857947195,2.9255255455545086,-1.985652526051632,2.17782011460744
51.0,24.0,139.3504638671875,-0.0101166004070722,2.0801768471979742,-4.239261406714529,-2.7591497076442897,-0.9427484497456368,-0.8549146976444711,0.6463822153788404,3.0138305890349333,-1.9834958799745808,2.174848811407308
51.0,24.0,139.36972045898438,-0.0101166004070722,2.08023038941131,-4.1803501387494375,-2.756626542355002,-0.8914446632581754,-0.8549146976444711,0.7379846403791224,2.9263114265592085,-1.982154058802713,2.1743950146244897
51.0,24.0,139.41073608398438,0.0057669522099825,1.6702265942409191,-4.307260032701513,-2.958961040176713,-0.9402545836194496,-0.8378242075045824,0.7501675892038335,3.2854751039619607,-1.9854802053691425,1.9538521900654136
51.0,24.0,139.50827026367188,-0.0074260013978697,2.081901737639003,-4.303856551850247,-2.7530752980510385,-0.8592903318261955,-0.8532624678507149,0.6881671389193021,2.960100090495201,-1.985408127697564,2.174848811407308
51.0,24.0,139.52249145507812,0.9469776614404548,1.7116647224595116,-3.608895678049465,-2.764373346856696,-0.8320497550730105,-0.4969247800006555,0.8179115159643965,2.9582879407391856,-1.8575977201063087,2.1884797698093466
51.0,24.0,139.60121154785156,-0.0074301298147605,1.7014094144138276,-4.291599583258327,-2.753049425396412,-0.8567648459689768,-0.8984948423664647,0.3780309824249578,2.9587868807359503,-1.9840026519885368,2.189819996125584
51.0,24.0,139.65667724609375,0.005131011533729,1.7110576885495088,-4.307260032701513,-2.746240614507785,-0.9401400698540512,-0.4905367526779473,0.7927238616716094,2.896214571723241,-2.187765314887002,1.95434143105502
51.0,24.0,139.8139190673828,-0.0101166004070722,2.081901737639003,-4.303856551850247,-2.758737462846008,-0.8836660205300384,-0.8548293895025523,0.6780769862170328,2.9263114265592085,-1.985408127697564,2.174848811407308
51.0,24.0,139.8139190673828,-0.0101166004070722,2.0801768471979742,-4.303856551850247,-2.759192961206229,-0.8836660205300384,-0.8549146976444711,0.6780769862170328,2.9263114265592085,-1.9834958799745808,2.174848811407308
51.0,24.0,139.8139190673828,-0.0101166004070722,2.0801768471979742,-4.303856551850247,-2.756626542355002,-0.8914446632581754,-0.8549146976444711,0.6779792663167494,2.9263114265592085,-1.9821346313170576,2.16246081265374
51.0,24.0,139.8139190673828,-0.0101166004070722,2.0802314239575006,-4.303856551850247,-2.758735652004673,-0.8836660205300384,-0.8548293895025523,0.6780769862170328,2.9263114265592085,-1.985408127697564,2.174848811407308
51.0,24.0,139.8139190673828,-0.0101166004070722,2.081901737639003,-4.307280955064017,-2.758737462846008,-0.8836660205300384,-0.8548293895025523,0.6780769862170328,2.938364540148789,-1.985408127697564,2.174848811407308
51.0,24.0,139.9116973876953,-0.0101166004070722,2.1632266957158715,-3.5915651667507764,-2.7588097964655804,-0.8834095406703155,-0.4845362307566367,0.7931260457138537,2.9355319839154115,-1.8113352065515245,1.91800462488742
51.0,24.0,139.9116973876953,-0.0101166004070722,2.1632266957158715,-3.5915651667507764,-2.7588097964655804,-0.8834095406703155,-0.4845362307566367,0.7931260457138537,2.9355319839154115,-1.8113352065515245,1.91800462488742
51.0,24.0,139.97146606445312,0.3410118913759163,1.669361632689515,-4.307260032701513,-2.758737462846008,-0.9402545836194496,-0.7808626174492999,0.7928562455614893,3.281634527971986,-1.9489012297695183,1.3604794279409491
51.0,24.0,139.9874267578125,-0.0146487704614762,1.72189939185797,-4.305502531048861,-2.696554335171129,-0.8591573528620521,-0.764166423373399,0.6856655131103772,2.715937049628903,-1.9313488837870445,1.913230774841053
51.0,24.0,140.2178955078125,-0.4994704904105852,2.661937231127945,-3.990207660457832,-2.544436903346817,-0.9933396905206082,-0.4718111839617493,-0.3748141129063681,4.106844924911862,-1.962257070459108,3.1720720777920466
51.0,24.0,140.2178955078125,-0.4994704904105852,2.661937231127945,-3.990207660457832,-2.544436903346817,-0.9933396905206082,-0.4718111839617493,-0.3748141129063681,4.106844924911862,-1.962257070459108,3.1720720777920466
51.0,24.0,140.38235473632812,-0.5809143401719942,2.661937231127945,-3.424458327879837,-2.544436903346817,-1.181283309326948,-0.4725249809647386,-0.3748141129063681,4.107447207520124,-1.962257070459108,3.20233365052806
51.0,24.0,140.38235473632812,-0.5809143401719942,2.6598785182153555,-3.424458327879837,-2.544436903346817,-1.2287124396832092,-0.4725249809647386,-0.3748141129063681,4.107447207520124,-1.962257070459108,3.2136434672363774
51.0,24.0,140.40090942382812,0.9273765289516958,1.7116647224595116,-3.608895678049465,-2.764373346856696,-0.317197864566391,-0.4951855937751171,0.8179115159643965,2.9270013287955075,-1.8575977201063087,2.256962223868551
51.0,25.0,136.7534942626953,-0.4994704904105852,2.680289950855105,-4.002696823232514,-2.937849164828964,-0.9351957023870818,-0.4308403283639587,-0.3748141129063681,4.113283653790631,-1.962266593768148,3.176565151408492
51.0,25.0,137.06236267089844,-0.4994704904105852,2.6632295042743617,-3.990250908379335,-2.937849164828964,-1.0658342941491927,-0.427250252793304,-0.3748141129063681,4.113914751205021,-1.962266593768148,3.080827227073999
51.0,25.0,137.06236267089844,-0.4994704904105852,2.6632295042743617,-3.990250908379335,-2.937849164828964,-1.0658342941491927,-0.427250252793304,-0.3748141129063681,4.113914751205021,-1.962266593768148,3.080827227073999
51.0,25.0,137.11666870117188,-0.0354751954287735,1.677139432410055,-4.292209414380604,-2.758724875241769,-0.9402545836194496,-0.7808626174492999,0.7928562455614893,2.9664627019454306,-1.985511846305456,2.186351929334046
51.0,25.0,137.1492919921875,-0.4994704904105852,2.6632295042743617,-3.990250908379335,-2.953674722714936,-1.0658651721716006,-0.4254387034551613,-0.3748141129063681,4.113914751205021,-1.962266593768148,3.080827227073999
51.0,25.0,137.23948669433594,0.037366285489034,1.677139432410055,-4.307260032701513,-2.758737462846008,-0.1983796713532307,-0.7808622528549571,0.7928562455614893,3.837500343473544,-1.3515124969248886,1.956369279266006
51.0,25.0,137.34164428710938,-0.0354751954287735,1.677139432410055,-4.307260032701513,-2.758737462846008,-0.9402545836194496,-0.7808626174492999,0.7928562455614893,3.2854751039619607,-1.9854802053691425,1.9538521900654136
51.0,25.0,137.34164428710938,-0.0354751954287735,1.677139432410055,-4.307260032701513,-2.758737462846008,-0.9402545836194496,-0.7808626174492999,0.7928562455614893,3.2854751039619607,-1.9854802053691425,1.9538521900654136
51.0,25.0,137.34164428710938,-0.0354751954287735,1.677139432410055,-4.307260032701513,-2.758737462846008,-0.9402545836194496,-0.7808626174492999,0.7928562455614893,3.2854751039619607,-1.9854802053691425,1.9538521900654136
51.0,25.0,137.34164428710938,-0.0354751954287735,1.677139432410055,-4.307260032701513,-2.758737462846008,-0.9402545836194496,-0.7808626174492999,0.7928562455614893,3.2854751039619607,-1.9854802053691425,1.9538521900654136
51.0,25.0,137.44044494628906,-0.0345829574061581,1.6491742391482538,-4.342247218468848,-2.9736091972651724,-0.9597971938064258,-0.7808626174492999,0.7928562455614893,3.2854751039619607,-1.9854802053691425,2.037084361079084
51.0,25.0,137.4710235595703,-0.0099655452748271,1.730680775357014,-3.913359397475496,-2.7625536896476497,-0.9591112487185816,-0.7778571099988302,0.6415734940634916,2.9255255455545086,-1.985652526051632,2.17782011460744
51.0,25.0,137.60328674316406,-0.0354751954287735,1.6818611659862135,-4.307260032701513,-2.758737462846008,-0.9402545836194496,-0.7808626174492999,0.7928562455614893,2.926548385339553,-1.9854802053691425,1.9538121388918328
51.0,25.0,137.68746948242188,-0.0354751954287735,1.6818611659862135,-4.307260032701513,-2.758737462846008,-0.9402545836194496,-0.7805661217334761,0.7502892910540362,2.926548385339553,-1.9854802053691425,1.9538121388918328
51.0,25.0,137.90658569335938,0.037366285489034,1.677139432410055,-4.307260032701513,-2.758737462846008,-0.1983796713532307,-0.7797642980113535,0.7928562455614893,3.837500343473544,-1.3515124969248886,2.262956164711858
51.0,25.0,138.00296020507812,-0.4994704904105852,2.6632295042743617,-3.990250908379335,-3.2048097956846817,-1.0641434826548613,-0.4718132608488328,-0.3748141129063681,4.113914751205021,-1.9622663658127573,3.080827227073999
51.0,25.0,138.00296020507812,-0.4994704904105852,2.6632295042743617,-3.990250908379335,-3.2048097956846817,-1.0641434826548613,-0.4718132608488328,-0.3748141129063681,4.113914751205021,-1.9622663658127573,3.080827227073999
51.0,25.0,138.00296020507812,-0.4994704904105852,2.6632295042743617,-3.990250908379335,-3.2048097956846817,-1.0641434826548613,-0.4718132608488328,-0.3748141129063681,4.113914751205021,-1.9622659844800268,3.041911356957891
51.0,25.0,138.3535919189453,0.0057669522099825,1.6702265942409191,-4.307260032701513,-2.958961040176713,-0.9402545836194496,-0.4905367526779473,0.7501675892038335,2.896214571723241,-1.9854802053691425,1.9538521900654136
51.0,25.0,138.3535919189453,0.0057669522099825,1.6702265942409191,-4.319998780125025,-2.958961040176713,-0.9402545836194496,-0.4905367526779473,0.7501675892038335,2.896214571723241,-1.9854802053691425,1.9538521900654136
51.0,25.0,138.3535919189453,0.0057669522099825,1.6702265942409191,-4.307260032701513,-2.958961040176713,-0.9402545836194496,-0.4908332483937712,0.7927345437112867,2.896214571723241,-1.9854802053691425,1.9538521900654136
51.0,25.0,138.4351806640625,-0.0101166004070722,1.7283399353021205,-4.299360425522255,-2.6978667217450853,-0.9402541615039898,-0.4800699283621134,0.7469613245123038,2.582519730658808,-1.9854802053691425,1.9538640910223333
51.0,25.0,138.44869995117188,-0.0354751954287735,1.8235828485221528,-4.306407173268832,-2.758737462846008,-0.8592084209879778,-0.76433975080205,0.7928562455614893,3.2854751039619607,-1.9878047374465315,1.953616585780601
51.0,25.0,138.44869995117188,-0.0354751954287735,1.8235828485221528,-4.306407173268832,-2.758737462846008,-0.8592084209879778,-0.76433975080205,0.7928562455614893,3.2854751039619607,-1.9878047374465315,1.953616585780601
51.0,25.0,138.56759643554688,-0.0101166004070722,1.7112794887213636,-4.633723466791676,-2.758737462846008,-1.0709282221412757,-0.4764798527914586,0.6462677475056734,2.9269462283876693,-1.9854802053691425,1.832578688757696
51.0,25.0,138.585205078125,-0.0354751954287735,1.710929676225567,-4.307260032701513,-2.758737462846008,-0.976578817376198,-0.8378989826201341,0.7928562455614893,3.3529282071454563,-1.987391951503348,1.938934317600568
51.0,25.0,138.683349609375,-0.007408198459802,1.731081893854448,-3.9394915350055775,-2.758729269435783,-0.8811405346728196,-0.9031099745858352,0.6781855807729886,2.958953003092372,-2.016882660140631,1.9042877313416728
51.0,25.0,138.68948364257812,-0.0354751954287735,1.677139432410055,-4.307260032701513,-2.758737462846008,-0.9402545836194496,-0.7797646626056962,0.7928562455614893,3.2854751039619607,-1.9854802053691425,2.260439075511266
51.0,25.0,138.69564819335938,-0.014489873787967,1.72189939185797,-4.556238041395245,-2.6965832434187265,-0.9439904679763562,-0.549976207176826,0.6856655131103772,2.7170685705944724,-1.930946055120101,1.913230774841053
51.0,25.0,138.69564819335938,-0.014489873787967,1.72189939185797,-4.556238041395245,-2.697824685539496,-0.9439904679763562,-0.549976207176826,0.6856655131103772,2.692755009700414,-1.9312364533902688,1.90342220612964
51.0,25.0,138.74513244628906,-0.0101166004070722,1.7283399353021205,-4.646169462662423,-2.758737462846008,-0.9402896303791646,-0.4800699283621134,0.6462677475056734,2.926315139341274,-1.9854802053691425,1.896551499889067
51.0,25.0,138.76016235351562,-0.0146487704614762,1.72189939185797,-4.542978623681363,-2.696554335171129,-0.8587128863658714,-0.764166423373399,0.7381732586138089,2.7180721148606333,-1.984891871450041,1.9161078230677373
51.0,25.0,138.76016235351562,-0.0146487704614762,1.72189939185797,-4.542978623681363,-2.696554335171129,-0.8587128863658714,-0.764166423373399,0.7421689657376184,2.7180721148606333,-1.984891871450041,1.9161078230677373
51.0,25.0,138.8282012939453,-0.0074301298147605,1.731081893854448,-3.9394915350055775,-2.753049425396412,-0.8567648459689768,-0.903126245618322,0.6881880500794912,2.9587868807359503,-1.9840026519885368,1.9042877313416728
51.0,25.0,138.8282012939453,-0.010120728823963,1.731081893854448,-3.9394915350055775,-2.758711590191381,-0.8811405346728196,-0.9046931672701594,0.6780978973772219,2.9249982167999584,-1.9840026519885368,1.9042877313416728
51.0,25.0,138.8282012939453,-0.010120728823963,1.731081893854448,-3.9394915350055775,-2.758708478538136,-0.8998245804515111,-0.9053794120715012,0.6474532507185413,2.925194364316345,-1.985770867041205,1.904439665469647
51.0,25.0,138.93295288085938,-0.0104304550056216,1.677139432410055,-4.307260032701513,-2.6763905960117658,-0.9402545836194496,-0.4755382109259123,0.7928562455614893,3.2854751039619607,-1.9854802053691425,1.953864505598417
51.0,25.0,138.99288940429688,0.0063420274371519,1.7314676626606862,-3.904005305001302,-2.958961040176713,-0.9402545836194496,-0.4879099783866878,0.7462096275211886,2.896214571723241,-1.984042724342565,1.954968295419511
51.0,25.0,139.02333068847656,-0.0101426601789215,1.731081893854448,-3.9394915350055775,-2.753031746152012,-0.8567648459689768,-0.9047094383026462,0.6881003666837244,2.8322982613001746,-1.9840026519885368,1.9042877313416728
51.0,25.0,139.06143188476562,-0.0101166004070722,1.730680775357014,-3.913359397475496,-2.7625536896476497,-0.9402545836194496,-0.9668356967908454,0.6463920857947195,2.953120769273771,-1.9854802053691425,2.1781918442204664
51.0,25.0,139.07064819335938,0.5087052848220079,1.7283399353021205,-4.646169462662423,-2.7587085545984102,-0.8554565152648603,-0.7688770076273325,0.6462677475056734,2.925183618375705,-1.985883034036085,1.896551499889067
51.0,25.0,139.07064819335938,0.5087052848220079,1.7283399353021205,-4.646169462662423,-2.7587116662516564,-0.8854852263392209,-0.7681907628259905,0.676912394164354,2.924987470859318,-1.984114818983417,1.8963995657610924
51.0,25.0,139.1074676513672,-0.5831528332289642,2.5116037579948545,-3.974600136376565,-2.9424912057583112,-0.1800612039027968,-0.7810087934836752,-0.3470009686046615,3.7699387084723126,-1.960355590508987,3.0886668917408384
51.0,25.0,139.22056579589844,-0.475408456986732,1.765576190982514,-3.990250908379335,-3.2048097956846817,-1.0641434826548613,-0.4718132608488328,-0.3772211433557318,4.113914751205021,-1.793200140536804,3.080827227073999
51.0,25.0,139.22317504882812,-0.5831528332289642,2.545394001810368,-3.974600136376565,-2.9424912057583112,-0.2163854376595452,-0.8380451586545095,-0.3470009686046615,3.83739181165583,-1.9622673366431929,3.073749019277604
51.0,25.0,139.2767333984375,0.0057669522099825,1.6702265942409191,-4.6540690695867,-2.958961040176713,-0.9402900524946244,-0.8378242075045824,0.0878303567223336,3.2854751039619607,-1.9854802053691425,1.8965395989321463
51.0,25.0,139.30618286132812,-0.0101166004070722,1.730680775357014,-3.913359397475496,-2.7625536896476497,-0.8927920578418715,-0.9668356967908454,0.6463920857947195,2.9255255455545086,-1.985652526051632,2.17782011460744
51.0,25.0,139.3504638671875,-0.0101166004070722,2.0801768471979742,-4.239261406714529,-2.7591497076442897,-0.9427484497456368,-0.8549146976444711,0.6463822153788404,3.0138305890349333,-1.9834958799745808,2.174848811407308
51.0,25.0,139.36972045898438,-0.0101166004070722,2.08023038941131,-4.1803501387494375,-2.756626542355002,-0.8914446632581754,-0.8549146976444711,0.7379846403791224,2.9263114265592085,-1.982154058802713,2.1743950146244897
51.0,25.0,139.41073608398438,0.0057669522099825,1.6702265942409191,-4.307260032701513,-2.958961040176713,-0.9402545836194496,-0.8378242075045824,0.7501675892038335,3.2854751039619607,-1.9854802053691425,1.9538521900654136
51.0,26.0,136.7534942626953,-0.4994704904105852,2.680289950855105,-4.002696823232514,-2.937849164828964,-0.9351957023870818,-0.4308403283639587,-0.3748141129063681,4.113283653790631,-1.962266593768148,3.176565151408492
51.0,26.0,136.8181915283203,0.0373421399332568,1.730680775357014,-4.057212600853904,-2.7625536896476497,-0.1721054608133521,-1.0039471322044538,0.6415734940634916,3.918884389236777,-1.3672197884202606,2.262488218243387
51.0,26.0,137.05337524414062,-0.4994704904105852,2.567617073469676,-4.002696823232514,-2.937849164828964,-0.9351957023870818,-0.4308403283639587,-0.3748141129063681,4.113283653790631,-1.962266593768148,3.176565151408492
51.0,26.0,137.06236267089844,-0.4994704904105852,2.6632295042743617,-3.990250908379335,-2.937849164828964,-1.0658342941491927,-0.427250252793304,-0.3748141129063681,4.113914751205021,-1.962266593768148,3.080827227073999
51.0,26.0,137.06236267089844,-0.4994704904105852,2.6632295042743617,-3.990250908379335,-2.937849164828964,-1.0658342941491927,-0.427250252793304,-0.3748141129063681,4.113914751205021,-1.962266593768148,3.080827227073999
51.0,26.0,137.07009887695312,-0.0099655452748271,1.730680775357014,-3.913359397475496,-3.191520240579647,-0.9591112487185816,-0.7778571099988302,0.6415734940634916,2.9017895756767382,-1.985652526051632,2.17782011460744
51.0,26.0,137.11666870117188,-0.0354751954287735,1.677139432410055,-4.292209414380604,-2.758724875241769,-0.9402545836194496,-0.7808626174492999,0.7928562455614893,2.9664627019454306,-1.985511846305456,2.186351929334046
51.0,26.0,137.1492919921875,-0.4994704904105852,2.6632295042743617,-3.990250908379335,-2.953674722714936,-1.0658651721716006,-0.4254387034551613,-0.3748141129063681,4.113914751205021,-1.962266593768148,3.080827227073999
51.0,26.0,137.1492919921875,-0.4994704904105852,2.6632295042743617,-3.990250908379335,-2.953674722714936,-1.0658651721716006,-0.4254387034551613,-0.3748141129063681,4.113914751205021,-1.962266593768148,3.080827227073999
51.0,26.0,137.23948669433594,0.037366285489034,1.677139432410055,-4.307260032701513,-2.758737462846008,-0.1983796713532307,-0.7808622528549571,0.7928562455614893,3.837500343473544,-1.3515124969248886,1.956369279266006
51.0,26.0,137.31784057617188,0.0399875547663399,1.822312990770624,-4.306406649107925,-2.758737462846008,-0.1983796713532307,-0.7648361225590098,0.7928562455614893,3.837500343473544,-1.3515124969248886,1.956313529957452
51.0,26.0,137.34164428710938,-0.0354751954287735,1.677139432410055,-4.307260032701513,-2.758737462846008,-0.9402545836194496,-0.7808626174492999,0.7928562455614893,3.2854751039619607,-1.9854802053691425,1.9538521900654136
51.0,26.0,137.34164428710938,-0.0354751954287735,1.677139432410055,-4.307260032701513,-2.758737462846008,-0.9402545836194496,-0.7808626174492999,0.7928562455614893,3.2854751039619607,-1.9854802053691425,1.9538521900654136
51.0,26.0,137.34164428710938,-0.0354751954287735,1.677139432410055,-4.307260032701513,-2.758737462846008,-0.9402545836194496,-0.7808626174492999,0.7928562455614893,3.2854751039619607,-1.9854802053691425,1.9538521900654136
51.0,26.0,137.34164428710938,-0.0354751954287735,1.677139432410055,-4.307260032701513,-2.758737462846008,-0.9402545836194496,-0.7808626174492999,0.7928562455614893,3.2854751039619607,-1.9854802053691425,1.9538521900654136
51.0,26.0,137.34164428710938,-0.0354751954287735,1.677139432410055,-4.307260032701513,-2.758737462846008,-0.9402545836194496,-0.7808626174492999,0.7928562455614893,3.2854751039619607,-1.9854802053691425,1.9538521900654136
51.0,26.0,137.35238647460938,0.0046784146214331,1.677139432410055,-4.307260032701513,-2.758737462846008,-0.9402545836194496,-0.7808626174492999,0.7506532092949576,3.2854751039619607,-1.9854802053691425,1.9538521900654136
51.0,26.0,137.44044494628906,-0.0345829574061581,1.6491742391482538,-4.342247218468848,-2.9736091972651724,-0.9597971938064258,-0.7808626174492999,0.7928562455614893,3.2854751039619607,-1.9854802053691425,2.037084361079084
51.0,26.0,137.4710235595703,-0.0099655452748271,1.730680775357014,-3.913359397475496,-2.7625536896476497,-0.9591112487185816,-0.7778571099988302,0.6415734940634916,2.9255255455545086,-1.985652526051632,2.17782011460744
51.0,26.0,137.5654296875,-0.0099413997190498,1.677139432410055,-4.307260032701513,-2.758737462846008,-0.9853854592584604,-0.779676373290141,0.7928562455614893,2.844141499085249,-1.96994523455626,2.1782880610759108
51.0,26.0,137.60328674316406,-0.0354751954287735,1.6818611659862135,-4.307260032701513,-2.758737462846008,-0.9402545836194496,-0.7808626174492999,0.7928562455614893,2.926548385339553,-1.9854802053691425,1.9538121388918328
51.0,26.0,137.60328674316406,-0.0354751954287735,1.6818611659862135,-4.307260032701513,-2.758737462846008,-0.9402545836194496,-0.7808626174492999,0.7928562455614893,2.926548385339553,-1.9854802053691425,1.9538121388918328
51.0,26.0,137.61111450195312,-0.0354751954287735,1.711056593458532,-4.307260032701513,-2.758737462846008,-0.9338697219495876,-0.8378989826201341,0.7933997597025995,3.0983940951673032,-1.987391951503348,1.9384234947996728
51.0,26.0,137.68746948242188,-0.0354751954287735,1.6818611659862135,-4.307260032701513,-2.758737462846008,-0.9402545836194496,-0.7805661217334761,0.7502892910540362,2.926548385339553,-1.9854802053691425,1.9538121388918328
51.0,26.0,137.7462921142578,0.487803664497343,1.6795424045015843,-4.307260032701513,-2.758737462846008,-0.5619706808488998,-0.7677477090267217,0.7928562455614893,2.8879370817603327,-1.9854802053691425,1.892804278665264
51.0,26.0,137.90658569335938,0.037366285489034,1.677139432410055,-4.307260032701513,-2.758737462846008,-0.1983796713532307,-0.7797642980113535,0.7928562455614893,3.837500343473544,-1.3515124969248886,2.262956164711858
51.0,26.0,138.00296020507812,-0.4994704904105852,2.6632295042743617,-3.990250908379335,-3.2048097956846817,-1.0641434826548613,-0.4718132608488328,-0.3748141129063681,4.113914751205021,-1.9622663658127573,3.080827227073999
51.0,26.0,138.00296020507812,-0.4994704904105852,2.6632295042743617,-3.990250908379335,-3.2048097956846817,-1.0641434826548613,-0.4718132608488328,-0.3748141129063681,4.113914751205021,-1.9622663658127573,3.080827227073999
51.0,26.0,138.00296020507812,-0.4994704904105852,2.6632295042743617,-3.990250908379335,-3.2048097956846817,-1.0641434826548613,-0.4718132608488328,-0.3748141129063681,4.113914751205021,-1.9622659844800268,3.041911356957891
51.0,26.0,138.00296020507812,-0.4994704904105852,2.6632295042743617,-3.990250908379335,-3.2048097956846817,-1.0641434826548613,-0.4718132608488328,-0.3748141129063681,4.113914751205021,-1.9622659844800268,3.041911356957891
51.0,26.0,138.01498413085938,-0.0101166004070722,1.730680775357014,-3.913359397475496,-2.762465845418362,-0.8923804226429858,-0.3883185240163073,0.6463920857947195,2.9255255455545086,-2.0168538199824746,2.17782011460744
51.0,26.0,138.19180297851562,0.3991821849399135,1.6775938732383642,-4.224088168374748,-2.958961040176713,-0.6060502007531241,-0.7730033484779284,0.793044972151447,2.896214571723241,-1.9854802053691425,1.9538521900654136
51.0,26.0,138.3535919189453,0.0057669522099825,1.6702265942409191,-4.307260032701513,-2.958961040176713,-0.9402545836194496,-0.4905367526779473,0.7501675892038335,2.896214571723241,-1.9854802053691425,1.9538521900654136
51.0,26.0,138.3535919189453,0.0057669522099825,1.6702265942409191,-4.319998780125025,-2.958961040176713,-0.9402545836194496,-0.4905367526779473,0.7501675892038335,2.896214571723241,-1.9854802053691425,1.9538521900654136
51.0,26.0,138.3535919189453,0.0057669522099825,1.6702265942409191,-4.307260032701513,-2.958961040176713,-0.9402545836194496,-0.4908332483937712,0.7927345437112867,2.896214571723241,-1.9854802053691425,1.9538521900654136
51.0,26.0,138.3535919189453,0.0057669522099825,1.6702265942409191,-4.307260032701513,-2.958961040176713,-0.9402545836194496,-0.4905023994594822,0.7948397774969068,2.896214571723241,-1.9854802053691425,1.9538521900654136
51.0,26.0,138.3535919189453,0.0057669522099825,1.6702265942409191,-4.307260032701513,-2.958961040176713,-0.9402545836194496,-0.4908676016122362,0.7480623554182134,2.896214571723241,-1.9854802053691425,1.9538521900654136
51.0,26.0,138.43394470214844,-0.0343866578402242,1.6702265942409191,-4.307260032701513,-2.958961040176713,-0.9402545836194496,-0.4905367526779473,0.7923706254703653,2.896214571723241,-1.9854802053691425,1.9538521900654136
51.0,26.0,138.4351806640625,-0.0101166004070722,1.7283399353021205,-4.299360425522255,-2.6978667217450853,-0.9402541615039898,-0.4800699283621134,0.7469613245123038,2.582519730658808,-1.9854802053691425,1.9538640910223333
51.0,26.0,138.44869995117188,-0.0354751954287735,1.8235828485221528,-4.306407173268832,-2.758737462846008,-0.8592084209879778,-0.76433975080205,0.7928562455614893,3.2854751039619607,-1.9878047374465315,1.953616585780601
51.0,26.0,138.44869995117188,-0.0354751954287735,1.8235828485221528,-4.306407173268832,-2.758737462846008,-0.8592084209879778,-0.76433975080205,0.7928562455614893,3.2854751039619607,-1.9878047374465315,1.953616585780601
51.0,26.0,138.56759643554688,-0.0101166004070722,1.7112794887213636,-4.633723466791676,-2.758737462846008,-1.0709282221412757,-0.4764798527914586,0.6462677475056734,2.9269462283876693,-1.9854802053691425,1.832578688757696
51.0,26.0,138.585205078125,-0.0354751954287735,1.710929676225567,-4.307260032701513,-2.758737462846008,-0.976578817376198,-0.8378989826201341,0.7928562455614893,3.3529282071454563,-1.987391951503348,1.938934317600568
51.0,26.0,138.585205078125,-0.0354751954287735,1.710929676225567,-4.307260032701513,-2.758737462846008,-0.976578817376198,-0.8378989826201341,0.7928562455614893,3.3529282071454563,-1.987391951503348,1.938934317600568
51.0,26.0,138.64907836914062,-0.0354751954287735,1.677139432410055,-4.307509909221099,-2.758724519232026,-0.9402545836194496,-0.7808626174492999,0.7928562455614893,2.9664627019454306,-1.985479646875211,2.186351929334046
51.0,26.0,138.683349609375,-0.007408198459802,1.731081893854448,-3.9394915350055775,-2.758729269435783,-0.8811405346728196,-0.9031099745858352,0.6781855807729886,2.958953003092372,-2.016882660140631,1.9042877313416728
51.0,26.0,138.683349609375,-0.007408198459802,1.731081893854448,-3.9394915350055775,-2.7588171136650703,-0.8815521698717054,-0.9037812266329422,0.6781855807729886,2.958953003092372,-1.9856813662097887,1.9042877313416728
51.0,26.0,138.68948364257812,-0.0354751954287735,1.677139432410055,-4.307260032701513,-2.758737462846008,-0.9402545836194496,-0.7797646626056962,0.7928562455614893,3.2854751039619607,-1.9854802053691425,2.260439075511266
51.0,26.0,138.69564819335938,-0.014489873787967,1.72189939185797,-4.556238041395245,-2.6965832434187265,-0.9439904679763562,-0.549976207176826,0.6856655131103772,2.7170685705944724,-1.930946055120101,1.913230774841053
51.0,26.0,138.69564819335938,-0.014489873787967,1.72189939185797,-4.556238041395245,-2.697824685539496,-0.9439904679763562,-0.549976207176826,0.6856655131103772,2.692755009700414,-1.9312364533902688,1.90342220612964
51.0,27.0,136.54608154296875,0.0373421399332568,1.730680775357014,-3.913398960651632,-3.3037879287451166,-0.1610388403209376,-1.0039471322044538,0.3944380227873374,3.857187530230344,-1.3334206070963217,2.262488218243387
51.0,27.0,136.7534942626953,-0.4994704904105852,2.680289950855105,-4.002696823232514,-2.937849164828964,-0.9351957023870818,-0.4308403283639587,-0.3748141129063681,4.113283653790631,-1.962266593768148,3.176565151408492
51.0,27.0,136.8181915283203,0.0373421399332568,1.730680775357014,-4.057212600853904,-2.7625536896476497,-0.1721054608133521,-1.0039471322044538,0.6415734940634916,3.918884389236777,-1.3672197884202606,2.262488218243387
51.0,27.0,137.05337524414062,-0.4994704904105852,2.567617073469676,-4.002696823232514,-2.937849164828964,-0.9351957023870818,-0.4308403283639587,-0.3748141129063681,4.113283653790631,-1.962266593768148,3.176565151408492
51.0,27.0,137.06236267089844,-0.4994704904105852,2.6632295042743617,-3.990250908379335,-2.937849164828964,-1.0658342941491927,-0.427250252793304,-0.3748141129063681,4.113914751205021,-1.962266593768148,3.080827227073999
51.0,27.0,137.06236267089844,-0.4994704904105852,2.6632295042743617,-3.990250908379335,-2.937849164828964,-1.0658342941491927,-0.427250252793304,-0.3748141129063681,4.113914751205021,-1.962266593768148,3.080827227073999
51.0,27.0,137.07009887695312,-0.0099655452748271,1.730680775357014,-3.913359397475496,-3.191520240579647,-0.9591112487185816,-0.7778571099988302,0.6415734940634916,2.9017895756767382,-1.985652526051632,2.17782011460744
51.0,27.0,137.11666870117188,-0.0354751954287735,1.677139432410055,-4.292209414380604,-2.758724875241769,-0.9402545836194496,-0.7808626174492999,0.7928562455614893,2.9664627019454306,-1.985511846305456,2.186351929334046
51.0,27.0,137.1492919921875,-0.4994704904105852,2.6632295042743617,-3.990250908379335,-2.953674722714936,-1.0658651721716006,-0.4254387034551613,-0.3748141129063681,4.113914751205021,-1.962266593768148,3.080827227073999
51.0,27.0,137.1492919921875,-0.4994704904105852,2.6632295042743617,-3.990250908379335,-2.953674722714936,-1.0658651721716006,-0.4254387034551613,-0.3748141129063681,4.113914751205021,-1.962266593768148,3.080827227073999
51.0,27.0,137.2167205810547,-0.0354751954287735,1.676603310251596,-4.307260032701513,-2.9371742959833047,-1.0710216657963605,-0.7804696635962945,0.7928562455614893,3.2854751039619607,-1.984258671657372,1.9239899638582465
51.0,27.0,137.23948669433594,0.037366285489034,1.677139432410055,-4.307260032701513,-2.758737462846008,-0.1983796713532307,-0.7808622528549571,0.7928562455614893,3.837500343473544,-1.3515124969248886,1.956369279266006
51.0,27.0,137.31784057617188,0.0399875547663399,1.822312990770624,-4.306406649107925,-2.758737462846008,-0.1983796713532307,-0.7648361225590098,0.7928562455614893,3.837500343473544,-1.3515124969248886,1.956313529957452
51.0,27.0,137.34164428710938,-0.0354751954287735,1.677139432410055,-4.307260032701513,-2.758737462846008,-0.9402545836194496,-0.7808626174492999,0.7928562455614893,3.2854751039619607,-1.9854802053691425,1.9538521900654136
51.0,27.0,137.34164428710938,-0.0354751954287735,1.677139432410055,-4.307260032701513,-2.758737462846008,-0.9402545836194496,-0.7808626174492999,0.7928562455614893,3.2854751039619607,-1.9854802053691425,1.9538521900654136
51.0,27.0,137.34164428710938,-0.0354751954287735,1.677139432410055,-4.307260032701513,-2.758737462846008,-0.9402545836194496,-0.7808626174492999,0.7928562455614893,3.2854751039619607,-1.9854802053691425,1.9538521900654136
51.0,27.0,137.34164428710938,-0.0354751954287735,1.677139432410055,-4.307260032701513,-2.758737462846008,-0.9402545836194496,-0.7808626174492999,0.7928562455614893,3.2854751039619607,-1.9854802053691425,1.9538521900654136
51.0,27.0,137.34164428710938,-0.0354751954287735,1.677139432410055,-4.307260032701513,-2.758737462846008,-0.9402545836194496,-0.7808626174492999,0.7928562455614893,3.2854751039619607,-1.9854802053691425,1.9538521900654136
51.0,27.0,137.34164428710938,-0.0354979575834287,1.6485460635830838,-4.307260032701513,-2.758737462846008,-0.9594355274565012,-0.7808626174492999,0.7928562455614893,3.2854751039619607,-1.9854802053691425,1.9550983238337645
51.0,27.0,137.35238647460938,0.0046784146214331,1.677139432410055,-4.307260032701513,-2.758737462846008,-0.9402545836194496,-0.7808626174492999,0.7506532092949576,3.2854751039619607,-1.9854802053691425,1.9538521900654136
51.0,27.0,137.35238647460938,0.00404220950922,1.677139432410055,-4.307260032701513,-2.758737462846008,-0.9402545836194496,-0.7808626174492999,0.7915546941450614,3.2854751039619607,-1.9854802053691425,1.9538521900654136
51.0,27.0,137.44044494628906,-0.0345829574061581,1.6491742391482538,-4.342247218468848,-2.9736091972651724,-0.9597971938064258,-0.7808626174492999,0.7928562455614893,3.2854751039619607,-1.9854802053691425,2.037084361079084
51.0,27.0,137.4710235595703,-0.0099655452748271,1.730680775357014,-3.913359397475496,-2.7625536896476497,-0.9591112487185816,-0.7778571099988302,0.6415734940634916,2.9255255455545086,-1.985652526051632,2.17782011460744
51.0,27.0,137.5654296875,-0.0099413997190498,1.677139432410055,-4.307260032701513,-2.758737462846008,-0.9853854592584604,-0.779676373290141,0.7928562455614893,2.844141499085249,-1.96994523455626,2.1782880610759108
51.0,27.0,137.60328674316406,-0.0354751954287735,1.6818611659862135,-4.307260032701513,-2.758737462846008,-0.9402545836194496,-0.7808626174492999,0.7928562455614893,2.926548385339553,-1.9854802053691425,1.9538121388918328
51.0,27.0,137.60328674316406,-0.0354751954287735,1.6818611659862135,-4.307260032701513,-2.758737462846008,-0.9402545836194496,-0.7808626174492999,0.7928562455614893,2.926548385339553,-1.9854802053691425,1.9538121388918328
51.0,27.0,137.61111450195312,-0.0354751954287735,1.711056593458532,-4.307260032701513,-2.758737462846008,-0.9338697219495876,-0.8378989826201341,0.7933997597025995,3.0983940951673032,-1.987391951503348,1.9384234947996728
51.0,27.0,137.61465454101562,-0.4994704904105852,2.6632295042743617,-3.990250908379335,-3.2048097956846817,-1.0641434826548613,-0.4718132608488328,-0.3748141129063681,3.914907108551057,-1.9622659844800268,3.041911356957891
51.0,27.0,137.62094116210938,-0.0354751954287735,1.6986900701940175,-4.307260032701513,-2.7587376366238865,-0.9402545836194496,-0.7808626174492999,0.7928562455614893,2.9571051010065514,-1.9855126481979808,1.9538521900654136
51.0,27.0,137.62733459472656,-0.0099655452748271,1.730680775357014,-4.057173037677767,-3.198247891500199,-0.9701778692109962,-0.7778571099988302,0.6415734940634916,2.963486434515123,-2.019451707375571,2.17782011460744
51.0,27.0,137.68746948242188,-0.0354751954287735,1.6818611659862135,-4.307260032701513,-2.758737462846008,-0.9402545836194496,-0.7805661217334761,0.7502892910540362,2.926548385339553,-1.9854802053691425,1.9538121388918328
51.0,27.0,137.7462921142578,0.487803664497343,1.6795424045015843,-4.307260032701513,-2.758737462846008,-0.5619706808488998,-0.7677477090267217,0.7928562455614893,2.8879370817603327,-1.9854802053691425,1.892804278665264
51.0,27.0,137.7569580078125,-0.4994704904105852,2.6411005352249286,-3.990250908379335,-2.957750844608217,-1.0658552548933289,-0.1147956033097814,-0.3748141129063681,4.053617623630342,-1.9622665939652388,3.041911356957891
51.0,27.0,137.7589569091797,-0.3330461860666934,2.6632295042743617,-3.990250908379335,-3.2048097956846817,-1.0641434826548613,-0.4718132608488328,-0.3748141129063681,4.113914751205021,-1.9622663658127573,3.080827227073999
51.0,27.0,137.8309783935547,0.4239654497084632,1.6820093371500244,-4.307260032701513,-2.758737462846008,-1.0855283146773034,-0.7805661217334761,0.7502892910540362,2.926935920692765,-1.9854802053691425,2.1089103292609126
51.0,27.0,137.90658569335938,0.037366285489034,1.677139432410055,-4.307260032701513,-2.758737462846008,-0.1983796713532307,-0.7797642980113535,0.7928562455614893,3.837500343473544,-1.3515124969248886,2.262956164711858
51.0,27.0,137.90658569335938,0.037366285489034,1.677139432410055,-4.307260032701513,-2.758737462846008,-0.1983796713532307,-0.7797642980113535,0.7928562455614893,3.837500343473544,-1.3515124969248886,2.262956164711858
51.0,27.0,137.92459106445312,-0.0354751954287735,1.6818611659862135,-4.468500432519015,-2.758737462846008,-0.9402545836194496,-0.7808626174492999,0.7928562455614893,2.926548385339553,-1.9854802053691425,1.9538121388918328
51.0,27.0,137.9385528564453,0.0401109625961675,1.7271477480186346,-4.300856896456639,-2.758737462846008,-0.1917001697902961,-0.5486575890111419,0.791747535621351,3.837500343473544,-1.3515124969248886,1.956313529957452
51.0,27.0,138.00296020507812,-0.4994704904105852,2.6632295042743617,-3.990250908379335,-3.2048097956846817,-1.0641434826548613,-0.4718132608488328,-0.3748141129063681,4.113914751205021,-1.9622663658127573,3.080827227073999
51.0,27.0,138.00296020507812,-0.4994704904105852,2.6632295042743617,-3.990250908379335,-3.2048097956846817,-1.0641434826548613,-0.4718132608488328,-0.3748141129063681,4.113914751205021,-1.9622663658127573,3.080827227073999
51.0,27.0,138.00296020507812,-0.4994704904105852,2.6632295042743617,-3.990250908379335,-3.2048097956846817,-1.0641434826548613,-0.4718132608488328,-0.3748141129063681,4.113914751205021,-1.9622659844800268,3.041911356957891
51.0,27.0,138.00296020507812,-0.4994704904105852,2.6632295042743617,-3.990250908379335,-3.2048097956846817,-1.0641434826548613,-0.4718132608488328,-0.3748141129063681,4.113914751205021,-1.9622659844800268,3.041911356957891
51.0,27.0,138.01498413085938,-0.0101166004070722,1.730680775357014,-3.913359397475496,-2.762465845418362,-0.8923804226429858,-0.3883185240163073,0.6463920857947195,2.9255255455545086,-2.0168538199824746,2.17782011460744
51.0,27.0,138.08042907714844,0.0056764175607202,1.5935674784365228,-4.319998780125025,-2.958961040176713,-0.8916164430854612,-0.4905367526779473,0.7504768401900886,2.9247861250336578,-1.9854802053691425,1.9538521900654136
51.0,27.0,138.0813446044922,0.2555198706125771,1.711056593458532,-4.307260032701513,-2.758737462846008,-0.9338697219495876,-0.8378989826201341,0.7933997597025995,3.0983940951673032,-1.987391951503348,1.9384234947996728
51.0,27.0,138.19180297851562,0.3991821849399135,1.6775938732383642,-4.224088168374748,-2.958961040176713,-0.6060502007531241,-0.7730033484779284,0.793044972151447,2.896214571723241,-1.9854802053691425,1.9538521900654136
51.0,27.0,138.29354858398438,-0.4994704904105852,2.6632295042743617,-3.990250908379335,-3.200733673791401,-1.064153399933133,-0.4729806410611894,-0.3748141129063681,4.113914751205021,-1.962265984282935,3.179021975140409
51.0,27.0,138.3348388671875,-0.4994704904105852,2.567617073469676,-4.273568847639837,-2.937849164828964,-0.9351957023870818,-0.4308403283639587,-0.3748141129063681,4.113283653790631,-1.962266593768148,3.176565151408492
51.0,27.0,138.3535919189453,0.0057669522099825,1.6702265942409191,-4.307260032701513,-2.958961040176713,-0.9402545836194496,-0.4905367526779473,0.7501675892038335,2.896214571723241,-1.9854802053691425,1.9538521900654136
51.0,28.0,136.54608154296875,0.0373421399332568,1.730680775357014,-3.913398960651632,-3.3037879287451166,-0.1610388403209376,-1.0039471322044538,0.3944380227873374,3.857187530230344,-1.3334206070963217,2.262488218243387
51.0,28.0,136.7534942626953,-0.4994704904105852,2.680289950855105,-4.002696823232514,-2.937849164828964,-0.9351957023870818,-0.4308403283639587,-0.3748141129063681,4.113283653790631,-1.962266593768148,3.176565151408492
51.0,28.0,136.8181915283203,0.0373421399332568,1.730680775357014,-4.057212600853904,-2.7625536896476497,-0.1721054608133521,-1.0039471322044538,0.6415734940634916,3.918884389236777,-1.3672197884202606,2.262488218243387
51.0,28.0,136.85716247558594,-0.0099655452748271,1.730680775357014,-4.057173037677767,-3.198247891500199,-1.1285455010269927,-0.7778571099988302,0.6415734940634916,2.963486434515123,-2.019451707375571,2.17782011460744
51.0,28.0,137.05337524414062,-0.4994704904105852,2.567617073469676,-4.002696823232514,-2.937849164828964,-0.9351957023870818,-0.4308403283639587,-0.3748141129063681,4.113283653790631,-1.962266593768148,3.176565151408492
51.0,28.0,137.06236267089844,-0.4994704904105852,2.6632295042743617,-3.990250908379335,-2.937849164828964,-1.0658342941491927,-0.427250252793304,-0.3748141129063681,4.113914751205021,-1.962266593768148,3.080827227073999
51.0,28.0,137.06236267089844,-0.4994704904105852,2.6632295042743617,-3.990250908379335,-2.937849164828964,-1.0658342941491927,-0.427250252793304,-0.3748141129063681,4.113914751205021,-1.962266593768148,3.080827227073999
51.0,28.0,137.06236267089844,-0.4994704904105852,2.6632295042743617,-3.990250908379335,-2.9392790400820745,-1.0658342941491927,-0.4280852315857106,-0.3748141129063681,4.113914751205021,-1.962266593768148,3.080827227073999
51.0,28.0,137.07009887695312,-0.0099655452748271,1.730680775357014,-3.913359397475496,-3.191520240579647,-0.9591112487185816,-0.7778571099988302,0.6415734940634916,2.9017895756767382,-1.985652526051632,2.17782011460744
51.0,28.0,137.11666870117188,-0.0354751954287735,1.677139432410055,-4.292209414380604,-2.758724875241769,-0.9402545836194496,-0.7808626174492999,0.7928562455614893,2.9664627019454306,-1.985511846305456,2.186351929334046
51.0,28.0,137.11666870117188,-0.0354751954287735,1.6771626431825708,-4.307260032701513,-2.758737462846008,-0.9402545836194496,-0.7808626174492999,0.7928562455614893,2.926548385339553,-1.9855112106491728,2.126937141636624
51.0,28.0,137.1492919921875,-0.4994704904105852,2.6632295042743617,-3.990250908379335,-2.953674722714936,-1.0658651721716006,-0.4254387034551613,-0.3748141129063681,4.113914751205021,-1.962266593768148,3.080827227073999
51.0,28.0,137.1492919921875,-0.4994704904105852,2.6632295042743617,-3.990250908379335,-2.953674722714936,-1.0658651721716006,-0.4254387034551613,-0.3748141129063681,4.113914751205021,-1.962266593768148,3.080827227073999
51.0,28.0,137.1492919921875,-0.4994704904105852,2.680289950855105,-4.002696823232514,-2.952541116582436,-1.07091425427931,-0.4308403283639587,-0.3748141129063681,4.113283653790631,-1.962266593768148,3.0746370329265726
51.0,28.0,137.1492919921875,-0.4994704904105852,2.6632295042743617,-3.990250908379335,-2.9535245609702225,-1.074947907693311,-0.4254387034551613,-0.3748141129063681,4.090878074387732,-1.962266593768148,3.080827227073999
51.0,28.0,137.2167205810547,-0.0354751954287735,1.676603310251596,-4.307260032701513,-2.9371742959833047,-1.0710216657963605,-0.7804696635962945,0.7928562455614893,3.2854751039619607,-1.984258671657372,1.9239899638582465
51.0,28.0,137.23948669433594,0.037366285489034,1.677139432410055,-4.307260032701513,-2.758737462846008,-0.1983796713532307,-0.7808622528549571,0.7928562455614893,3.837500343473544,-1.3515124969248886,1.956369279266006
51.0,28.0,137.31784057617188,0.0399875547663399,1.822312990770624,-4.306406649107925,-2.758737462846008,-0.1983796713532307,-0.7648361225590098,0.7928562455614893,3.837500343473544,-1.3515124969248886,1.956313529957452
51.0,28.0,137.34164428710938,-0.0354751954287735,1.677139432410055,-4.307260032701513,-2.758737462846008,-0.9402545836194496,-0.7808626174492999,0.7928562455614893,3.2854751039619607,-1.9854802053691425,1.9538521900654136
51.0,28.0,137.34164428710938,-0.0354751954287735,1.677139432410055,-4.307260032701513,-2.758737462846008,-0.9402545836194496,-0.7808626174492999,0.7928562455614893,3.2854751039619607,-1.9854802053691425,1.9538521900654136
51.0,28.0,137.34164428710938,-0.0354751954287735,1.677139432410055,-4.307260032701513,-2.758737462846008,-0.9402545836194496,-0.7808626174492999,0.7928562455614893,3.2854751039619607,-1.9854802053691425,1.9538521900654136
51.0,28.0,137.34164428710938,-0.0354751954287735,1.677139432410055,-4.307260032701513,-2.758737462846008,-0.9402545836194496,-0.7808626174492999,0.7928562455614893,3.2854751039619607,-1.9854802053691425,1.9538521900654136
51.0,28.0,137.34164428710938,-0.0354751954287735,1.677139432410055,-4.307260032701513,-2.758737462846008,-0.9402545836194496,-0.7808626174492999,0.7928562455614893,3.2854751039619607,-1.9854802053691425,1.9538521900654136
51.0,28.0,137.34164428710938,-0.0354979575834287,1.6485460635830838,-4.307260032701513,-2.758737462846008,-0.9594355274565012,-0.7808626174492999,0.7928562455614893,3.2854751039619607,-1.9854802053691425,1.9550983238337645
51.0,28.0,137.34164428710938,-0.0354751954287735,1.677139432410055,-4.307260032701513,-2.758737462846008,-0.9402545836194496,-0.7808626174492999,0.7928562455614893,3.2854751039619607,-1.9854802053691425,1.9538521900654136
51.0,28.0,137.34164428710938,-0.0355203123464599,1.65023063738199,-4.307260032701513,-2.758737462846008,-0.9402545836194496,-0.7808626174492999,0.7928562455614893,3.2854751039619607,-1.9854802053691425,1.9538521900654136
51.0,28.0,137.35238647460938,0.0046784146214331,1.677139432410055,-4.307260032701513,-2.758737462846008,-0.9402545836194496,-0.7808626174492999,0.7506532092949576,3.2854751039619607,-1.9854802053691425,1.9538521900654136
51.0,28.0,137.35238647460938,0.00404220950922,1.677139432410055,-4.307260032701513,-2.758737462846008,-0.9402545836194496,-0.7808626174492999,0.7915546941450614,3.2854751039619607,-1.9854802053691425,1.9538521900654136
51.0,28.0,137.35238647460938,0.0046784146214331,1.677139432410055,-4.307260032701513,-2.758737462846008,-0.9402545836194496,-0.7808626174492999,0.7506532092949576,3.2854751039619607,-1.9854802053691425,1.9538521900654136
51.0,28.0,137.44044494628906,-0.0345829574061581,1.6491742391482538,-4.342247218468848,-2.9736091972651724,-0.9597971938064258,-0.7808626174492999,0.7928562455614893,3.2854751039619607,-1.9854802053691425,2.037084361079084
51.0,28.0,137.4710235595703,-0.0099655452748271,1.730680775357014,-3.913359397475496,-2.7625536896476497,-0.9591112487185816,-0.7778571099988302,0.6415734940634916,2.9255255455545086,-1.985652526051632,2.17782011460744
51.0,28.0,137.5654296875,-0.0099413997190498,1.677139432410055,-4.307260032701513,-2.758737462846008,-0.9853854592584604,-0.779676373290141,0.7928562455614893,2.844141499085249,-1.96994523455626,2.1782880610759108
51.0,28.0,137.60328674316406,-0.0354751954287735,1.6818611659862135,-4.307260032701513,-2.758737462846008,-0.9402545836194496,-0.7808626174492999,0.7928562455614893,2.926548385339553,-1.9854802053691425,1.9538121388918328
51.0,28.0,137.60328674316406,-0.0354751954287735,1.6818611659862135,-4.307260032701513,-2.758737462846008,-0.9402545836194496,-0.7808626174492999,0.7928562455614893,2.926548385339553,-1.9854802053691425,1.9538121388918328
51.0,28.0,137.60328674316406,-0.0354751954287735,1.6820008593971432,-4.307260032701513,-2.758737462846008,-0.9407684657361756,-0.7805735354919715,0.7928562455614893,2.926548385339553,-1.9854802053691425,1.9538121388918328
51.0,28.0,137.61111450195312,-0.0354751954287735,1.711056593458532,-4.307260032701513,-2.758737462846008,-0.9338697219495876,-0.8378989826201341,0.7933997597025995,3.0983940951673032,-1.987391951503348,1.9384234947996728
51.0,28.0,137.61465454101562,-0.4994704904105852,2.6632295042743617,-3.990250908379335,-3.2048097956846817,-1.0641434826548613,-0.4718132608488328,-0.3748141129063681,3.914907108551057,-1.9622659844800268,3.041911356957891
51.0,28.0,137.62094116210938,-0.0354751954287735,1.6986900701940175,-4.307260032701513,-2.7587376366238865,-0.9402545836194496,-0.7808626174492999,0.7928562455614893,2.9571051010065514,-1.9855126481979808,1.9538521900654136
51.0,28.0,137.62094116210938,-0.0354751954287735,1.678016723184958,-4.306834011516871,-2.758724875241769,-0.9402545836194496,-0.7808626174492999,0.7928562455614893,2.9319679407071906,-1.9855128636098915,1.9491437174058053
51.0,28.0,137.62733459472656,-0.0099655452748271,1.730680775357014,-4.057173037677767,-3.198247891500199,-0.9701778692109962,-0.7778571099988302,0.6415734940634916,2.963486434515123,-2.019451707375571,2.17782011460744
51.0,28.0,137.6438446044922,0.0373421399332568,1.7271956345252384,-4.297188605193626,-2.762629513747842,-0.191150585606493,-1.0039471322044538,0.6455933128644133,3.918884389236777,-1.3672197884202606,1.979623746867621
51.0,28.0,137.67132568359375,-0.4817777767720946,1.5670536435120708,-4.286017191319892,-2.929506240522634,-0.9446354947869056,-0.7740518730808952,0.7883710067718583,3.3284043598663287,-1.9854802053691425,1.983980443461073
51.0,28.0,137.68746948242188,-0.0354751954287735,1.6818611659862135,-4.307260032701513,-2.758737462846008,-0.9402545836194496,-0.7805661217334761,0.7502892910540362,2.926548385339553,-1.9854802053691425,1.9538121388918328
51.0,28.0,137.7462921142578,0.487803664497343,1.6795424045015843,-4.307260032701513,-2.758737462846008,-0.5619706808488998,-0.7677477090267217,0.7928562455614893,2.8879370817603327,-1.9854802053691425,1.892804278665264
51.0,28.0,137.7569580078125,-0.4994704904105852,2.6411005352249286,-3.990250908379335,-2.957750844608217,-1.0658552548933289,-0.1147956033097814,-0.3748141129063681,4.053617623630342,-1.9622665939652388,3.041911356957891
51.0,28.0,137.7589569091797,-0.3330461860666934,2.6632295042743617,-3.990250908379335,-3.2048097956846817,-1.0641434826548613,-0.4718132608488328,-0.3748141129063681,4.113914751205021,-1.9622663658127573,3.080827227073999
51.0,28.0,137.80833435058594,-0.0354751954287735,1.6818379552136975,-4.292209414380604,-3.0824413611458343,-0.9402545836194496,-0.7808626174492999,0.7928562455614893,2.9664627019454306,-1.9854808410254257,2.186351929334046
51.0,28.0,137.80960083007812,-0.0354751954287735,1.6452094343844923,-4.467797150865362,-2.758737462846008,-0.9594051363879028,-0.5689308866380753,0.7928562455614893,2.93469168079856,-1.9854802053691425,1.9538121388918328
51.0,28.0,137.8273468017578,-0.035047674397077,1.6764853452742323,-4.21231481208758,-3.191520240579647,-0.9595697743683526,-0.7807783439090905,0.6529277687957195,2.896721578697524,-1.985652526051632,2.17782011460744
51.0,28.0,137.8309783935547,0.4239654497084632,1.6820093371500244,-4.307260032701513,-2.758737462846008,-1.0855283146773034,-0.7805661217334761,0.7502892910540362,2.926935920692765,-1.9854802053691425,2.1089103292609126
51.0,29.0,136.54608154296875,0.0373421399332568,1.730680775357014,-3.913398960651632,-3.3037879287451166,-0.1610388403209376,-1.0039471322044538,0.3944380227873374,3.857187530230344,-1.3334206070963217,2.262488218243387
51.0,29.0,136.7534942626953,-0.4994704904105852,2.680289950855105,-4.002696823232514,-2.937849164828964,-0.9351957023870818,-0.4308403283639587,-0.3748141129063681,4.113283653790631,-1.962266593768148,3.176565151408492
51.0,29.0,136.7534942626953,-0.4994704904105852,2.5651755986692133,-4.002696823232514,-2.937849164828964,-0.9351957023870818,-0.4308403283639587,-0.3748141129063681,4.032972193257139,-1.962266593768148,3.176565151408492
51.0,29.0,136.8181915283203,0.0373421399332568,1.730680775357014,-4.057212600853904,-2.7625536896476497,-0.1721054608133521,-1.0039471322044538,0.6415734940634916,3.918884389236777,-1.3672197884202606,2.262488218243387
51.0,29.0,136.85716247558594,-0.0099655452748271,1.730680775357014,-4.057173037677767,-3.198247891500199,-1.1285455010269927,-0.7778571099988302,0.6415734940634916,2.963486434515123,-2.019451707375571,2.17782011460744
51.0,29.0,137.04818725585938,-0.5177362782623461,2.6632295042743617,-3.990250908379335,-2.937849164828964,-1.0658342941491927,-0.427250252793304,-0.3305326146993282,4.113914751205021,-1.962459531508205,3.080827227073999
51.0,29.0,137.05337524414062,-0.4994704904105852,2.567617073469676,-4.002696823232514,-2.937849164828964,-0.9351957023870818,-0.4308403283639587,-0.3748141129063681,4.113283653790631,-1.962266593768148,3.176565151408492
51.0,29.0,137.05337524414062,-0.4994704904105852,2.537298291764253,-4.002696823232514,-2.937849164828964,-0.9351957023870818,-0.4308403283639587,-0.3748141129063681,4.113283653790631,-1.962266593768148,3.176565151408492
51.0,29.0,137.06236267089844,-0.4994704904105852,2.6632295042743617,-3.990250908379335,-2.937849164828964,-1.0658342941491927,-0.427250252793304,-0.3748141129063681,4.113914751205021,-1.962266593768148,3.080827227073999
51.0,29.0,137.06236267089844,-0.4994704904105852,2.6632295042743617,-3.990250908379335,-2.937849164828964,-1.0658342941491927,-0.427250252793304,-0.3748141129063681,4.113914751205021,-1.962266593768148,3.080827227073999
51.0,29.0,137.06236267089844,-0.4994704904105852,2.6632295042743617,-3.990250908379335,-2.9392790400820745,-1.0658342941491927,-0.4280852315857106,-0.3748141129063681,4.113914751205021,-1.962266593768148,3.080827227073999
51.0,29.0,137.07009887695312,-0.0099655452748271,1.730680775357014,-3.913359397475496,-3.191520240579647,-0.9591112487185816,-0.7778571099988302,0.6415734940634916,2.9017895756767382,-1.985652526051632,2.17782011460744
51.0,29.0,137.11666870117188,-0.0354751954287735,1.677139432410055,-4.292209414380604,-2.758724875241769,-0.9402545836194496,-0.7808626174492999,0.7928562455614893,2.9664627019454306,-1.985511846305456,2.186351929334046
51.0,29.0,137.11666870117188,-0.0354751954287735,1.6771626431825708,-4.307260032701513,-2.758737462846008,-0.9402545836194496,-0.7808626174492999,0.7928562455614893,2.926548385339553,-1.9855112106491728,2.126937141636624
51.0,29.0,137.11666870117188,-0.0354751954287735,1.681724816520565,-4.280719877512595,-2.758737462846008,-0.9402545836194496,-0.7808626174492999,0.7928562455614893,2.926548385339553,-1.985480463236643,2.126937141636624
51.0,29.0,137.11666870117188,-0.0354751954287735,1.677139432410055,-4.292209414380604,-2.758724695586044,-0.9402545836194496,-0.7808626174492999,0.7928562455614893,2.9664627019454306,-1.985511846305456,2.186351929334046
51.0,29.0,137.1492919921875,-0.4994704904105852,2.6632295042743617,-3.990250908379335,-2.953674722714936,-1.0658651721716006,-0.4254387034551613,-0.3748141129063681,4.113914751205021,-1.962266593768148,3.080827227073999
51.0,29.0,137.1492919921875,-0.4994704904105852,2.6632295042743617,-3.990250908379335,-2.953674722714936,-1.0658651721716006,-0.4254387034551613,-0.3748141129063681,4.113914751205021,-1.962266593768148,3.080827227073999
51.0,29.0,137.1492919921875,-0.4994704904105852,2.680289950855105,-4.002696823232514,-2.952541116582436,-1.07091425427931,-0.4308403283639587,-0.3748141129063681,4.113283653790631,-1.962266593768148,3.0746370329265726
51.0,29.0,137.1492919921875,-0.4994704904105852,2.6632295042743617,-3.990250908379335,-2.9535245609702225,-1.074947907693311,-0.4254387034551613,-0.3748141129063681,4.090878074387732,-1.962266593768148,3.080827227073999
51.0,29.0,137.1492919921875,-0.4994704904105852,2.6632295042743617,-3.990250908379335,-2.9535245609702225,-1.074947907693311,-0.4273208881057965,-0.3748141129063681,4.090878074387732,-1.962266593768148,3.080827227073999
51.0,29.0,137.1492919921875,-0.4994704904105852,2.680289950855105,-4.002696823232514,-2.952541116582436,-1.07091425427931,-0.4308403283639587,-0.4208853275454188,4.113283653790631,-1.962266593768148,3.0746370329265726
51.0,29.0,137.2167205810547,-0.0354751954287735,1.676603310251596,-4.307260032701513,-2.9371742959833047,-1.0710216657963605,-0.7804696635962945,0.7928562455614893,3.2854751039619607,-1.984258671657372,1.9239899638582465
51.0,29.0,137.23948669433594,0.037366285489034,1.677139432410055,-4.307260032701513,-2.758737462846008,-0.1983796713532307,-0.7808622528549571,0.7928562455614893,3.837500343473544,-1.3515124969248886,1.956369279266006
51.0,29.0,137.31784057617188,0.0399875547663399,1.822312990770624,-4.306406649107925,-2.758737462846008,-0.1983796713532307,-0.7648361225590098,0.7928562455614893,3.837500343473544,-1.3515124969248886,1.956313529957452
51.0,29.0,137.33607482910156,0.0381659093740323,1.730680775357014,-4.057212600853904,-2.758670528573561,-0.1954375506698182,-0.7768092615475574,0.6415734940634916,3.918884389236777,-1.3672197884202606,2.262488218243387
51.0,29.0,137.34164428710938,-0.0354751954287735,1.677139432410055,-4.307260032701513,-2.758737462846008,-0.9402545836194496,-0.7808626174492999,0.7928562455614893,3.2854751039619607,-1.9854802053691425,1.9538521900654136
51.0,29.0,137.34164428710938,-0.0354751954287735,1.677139432410055,-4.307260032701513,-2.758737462846008,-0.9402545836194496,-0.7808626174492999,0.7928562455614893,3.2854751039619607,-1.9854802053691425,1.9538521900654136
51.0,29.0,137.34164428710938,-0.0354751954287735,1.677139432410055,-4.307260032701513,-2.758737462846008,-0.9402545836194496,-0.7808626174492999,0.7928562455614893,3.2854751039619607,-1.9854802053691425,1.9538521900654136
51.0,29.0,137.34164428710938,-0.0354751954287735,1.677139432410055,-4.307260032701513,-2.758737462846008,-0.9402545836194496,-0.7808626174492999,0.7928562455614893,3.2854751039619607,-1.9854802053691425,1.9538521900654136
51.0,29.0,137.34164428710938,-0.0354751954287735,1.677139432410055,-4.307260032701513,-2.758737462846008,-0.9402545836194496,-0.7808626174492999,0.7928562455614893,3.2854751039619607,-1.9854802053691425,1.9538521900654136
51.0,29.0,137.34164428710938,-0.0354979575834287,1.6485460635830838,-4.307260032701513,-2.758737462846008,-0.9594355274565012,-0.7808626174492999,0.7928562455614893,3.2854751039619607,-1.9854802053691425,1.9550983238337645
51.0,29.0,137.34164428710938,-0.0354751954287735,1.677139432410055,-4.307260032701513,-2.758737462846008,-0.9402545836194496,-0.7808626174492999,0.7928562455614893,3.2854751039619607,-1.9854802053691425,1.9538521900654136
51.0,29.0,137.34164428710938,-0.0355203123464599,1.65023063738199,-4.307260032701513,-2.758737462846008,-0.9402545836194496,-0.7808626174492999,0.7928562455614893,3.2854751039619607,-1.9854802053691425,1.9538521900654136
51.0,29.0,137.34164428710938,-0.0354751954287735,1.677139432410055,-4.307260032701513,-2.7587376425017327,-0.9402545836194496,-0.7808626174492999,0.7928562455614893,3.2854751039619607,-1.9854802053691425,1.9538521900654136
51.0,29.0,137.34164428710938,-0.0172094075770127,1.677139432410055,-4.307260032701513,-2.758737462846008,-0.9402545836194496,-0.7808626174492999,0.7485747473544493,3.2854751039619607,-1.9852872676290847,1.9538521900654136
51.0,29.0,137.34164428710938,-0.0354751954287735,1.677139432410055,-4.307260032701513,-2.758737462846008,-0.9402545836194496,-0.7808626174492999,0.7928562455614893,3.2854751039619607,-1.9854802053691425,1.9538048770034904
51.0,29.0,137.34164428710938,-0.0354751954287735,1.677139432410055,-4.307260032701513,-2.758737462846008,-0.9402545836194496,-0.7808626174492999,0.7928562455614893,3.2854751039619607,-1.9854802053691425,1.9538521900654136
51.0,29.0,137.35238647460938,0.0046784146214331,1.677139432410055,-4.307260032701513,-2.758737462846008,-0.9402545836194496,-0.7808626174492999,0.7506532092949576,3.2854751039619607,-1.9854802053691425,1.9538521900654136
51.0,29.0,137.35238647460938,0.00404220950922,1.677139432410055,-4.307260032701513,-2.758737462846008,-0.9402545836194496,-0.7808626174492999,0.7915546941450614,3.2854751039619607,-1.9854802053691425,1.9538521900654136
51.0,29.0,137.35238647460938,0.0046784146214331,1.677139432410055,-4.307260032701513,-2.758737462846008,-0.9402545836194496,-0.7808626174492999,0.7506532092949576,3.2854751039619607,-1.9854802053691425,1.9538521900654136
51.0,29.0,137.4285888671875,0.00404220950922,1.4757960589326231,-4.307260032701513,-2.9825714423822136,-0.92785406828806,-0.7370232980331619,0.7915546941450614,3.2854751039619607,-1.9854802053691425,1.958820074416198
51.0,29.0,137.44044494628906,-0.0345829574061581,1.6491742391482538,-4.342247218468848,-2.9736091972651724,-0.9597971938064258,-0.7808626174492999,0.7928562455614893,3.2854751039619607,-1.9854802053691425,2.037084361079084
51.0,29.0,137.4710235595703,-0.0099655452748271,1.730680775357014,-3.913359397475496,-2.7625536896476497,-0.9591112487185816,-0.7778571099988302,0.6415734940634916,2.9255255455545086,-1.985652526051632,2.17782011460744
51.0,29.0,137.50506591796875,-0.0345829574061581,1.676534267748126,-4.342247218468848,-2.9832275465421354,-0.940804602189811,-0.7808626174492999,0.7928562455614893,3.2854751039619607,-1.9854802053691425,2.0321164767283
51.0,29.0,137.5654296875,-0.0099413997190498,1.677139432410055,-4.307260032701513,-2.758737462846008,-0.9853854592584604,-0.779676373290141,0.7928562455614893,2.844141499085249,-1.96994523455626,2.1782880610759108
51.0,29.0,137.60328674316406,-0.0354751954287735,1.6818611659862135,-4.307260032701513,-2.758737462846008,-0.9402545836194496,-0.7808626174492999,0.7928562455614893,2.926548385339553,-1.9854802053691425,1.9538121388918328
51.0,29.0,137.60328674316406,-0.0354751954287735,1.6818611659862135,-4.307260032701513,-2.758737462846008,-0.9402545836194496,-0.7808626174492999,0.7928562455614893,2.926548385339553,-1.9854802053691425,1.9538121388918328
51.0,29.0,137.60328674316406,-0.0354751954287735,1.6820008593971432,-4.307260032701513,-2.758737462846008,-0.9407684657361756,-0.7805735354919715,0.7928562455614893,2.926548385339553,-1.9854802053691425,1.9538121388918328
51.0,29.0,137.60328674316406,-0.0354751954287735,1.6818611659862135,-4.307260032701513,-2.758737462846008,-0.9402545836194496,-0.7808626174492999,0.7928562455614893,2.926548385339553,-1.9854802053691425,1.953859451953756
51.0,30.0,136.54608154296875,0.0373421399332568,1.730680775357014,-3.913398960651632,-3.3037879287451166,-0.1610388403209376,-1.0039471322044538,0.3944380227873374,3.857187530230344,-1.3334206070963217,2.262488218243387
51.0,30.0,136.74412536621094,0.0373421399332568,1.730680775357014,-4.057211740963159,-2.7625536896476497,-0.1721054608133521,-1.0039471322044538,0.6415734940634916,3.918884389236777,-1.3672197884202606,2.199945962919254
51.0,30.0,136.7534942626953,-0.4994704904105852,2.680289950855105,-4.002696823232514,-2.937849164828964,-0.9351957023870818,-0.4308403283639587,-0.3748141129063681,4.113283653790631,-1.962266593768148,3.176565151408492
51.0,30.0,136.7534942626953,-0.4994704904105852,2.5651755986692133,-4.002696823232514,-2.937849164828964,-0.9351957023870818,-0.4308403283639587,-0.3748141129063681,4.032972193257139,-1.962266593768148,3.176565151408492
51.0,30.0,136.81448364257812,-0.4994704904105852,2.6632295042743617,-3.990250908379335,-2.953674722714936,-1.0451029145668411,-0.311138406616647,-0.3748141129063681,4.113914751205021,-1.962266593768148,3.080827227073999
51.0,30.0,136.8181915283203,0.0373421399332568,1.730680775357014,-4.057212600853904,-2.7625536896476497,-0.1721054608133521,-1.0039471322044538,0.6415734940634916,3.918884389236777,-1.3672197884202606,2.262488218243387
51.0,30.0,136.85716247558594,-0.0099655452748271,1.730680775357014,-4.057173037677767,-3.198247891500199,-1.1285455010269927,-0.7778571099988302,0.6415734940634916,2.963486434515123,-2.019451707375571,2.17782011460744
51.0,30.0,137.04818725585938,-0.5177362782623461,2.6632295042743617,-3.990250908379335,-2.937849164828964,-1.0658342941491927,-0.427250252793304,-0.3305326146993282,4.113914751205021,-1.962459531508205,3.080827227073999
51.0,30.0,137.04818725585938,-0.518211172660811,2.6632295042743617,-3.990250908379335,-2.937849164828964,-1.0658513177614508,-0.4255949202648529,-0.3305326146993282,4.091903005273461,-1.9622506621869071,3.080827227073999
51.0,30.0,137.05337524414062,-0.4994704904105852,2.567617073469676,-4.002696823232514,-2.937849164828964,-0.9351957023870818,-0.4308403283639587,-0.3748141129063681,4.113283653790631,-1.962266593768148,3.176565151408492
51.0,30.0,137.05337524414062,-0.4994704904105852,2.537298291764253,-4.002696823232514,-2.937849164828964,-0.9351957023870818,-0.4308403283639587,-0.3748141129063681,4.113283653790631,-1.962266593768148,3.176565151408492
51.0,30.0,137.06236267089844,-0.4994704904105852,2.6632295042743617,-3.990250908379335,-2.937849164828964,-1.0658342941491927,-0.427250252793304,-0.3748141129063681,4.113914751205021,-1.962266593768148,3.080827227073999
51.0,30.0,137.06236267089844,-0.4994704904105852,2.6632295042743617,-3.990250908379335,-2.937849164828964,-1.0658342941491927,-0.427250252793304,-0.3748141129063681,4.113914751205021,-1.962266593768148,3.080827227073999
51.0,30.0,137.06236267089844,-0.4994704904105852,2.6632295042743617,-3.990250908379335,-2.9392790400820745,-1.0658342941491927,-0.4280852315857106,-0.3748141129063681,4.113914751205021,-1.962266593768148,3.080827227073999
51.0,30.0,137.06236267089844,-0.4994704904105852,2.6632295042743617,-3.990250908379335,-2.939317059001763,-1.059258712249575,-0.4307367241167719,-0.3748141129063681,4.113914751205021,-1.962266593768148,3.080827227073999
51.0,30.0,137.06236267089844,-0.5006242808627309,2.6632295042743617,-3.990250908379335,-2.937849164828964,-1.0658342941491927,-0.427250252793304,-0.3748141129063681,4.113914751205021,-1.962263603672568,3.080827227073999
51.0,30.0,137.07009887695312,-0.0099655452748271,1.730680775357014,-3.913359397475496,-3.191520240579647,-0.9591112487185816,-0.7778571099988302,0.6415734940634916,2.9017895756767382,-1.985652526051632,2.17782011460744
51.0,30.0,137.11666870117188,-0.0354751954287735,1.677139432410055,-4.292209414380604,-2.758724875241769,-0.9402545836194496,-0.7808626174492999,0.7928562455614893,2.9664627019454306,-1.985511846305456,2.186351929334046
51.0,30.0,137.11666870117188,-0.0354751954287735,1.6771626431825708,-4.307260032701513,-2.758737462846008,-0.9402545836194496,-0.7808626174492999,0.7928562455614893,2.926548385339553,-1.9855112106491728,2.126937141636624
51.0,30.0,137.11666870117188,-0.0354751954287735,1.681724816520565,-4.280719877512595,-2.758737462846008,-0.9402545836194496,-0.7808626174492999,0.7928562455614893,2.926548385339553,-1.985480463236643,2.126937141636624
51.0,30.0,137.11666870117188,-0.0354751954287735,1.677139432410055,-4.292209414380604,-2.758724695586044,-0.9402545836194496,-0.7808626174492999,0.7928562455614893,2.9664627019454306,-1.985511846305456,2.186351929334046
51.0,30.0,137.1492919921875,-0.4994704904105852,2.6632295042743617,-3.990250908379335,-2.953674722714936,-1.0658651721716006,-0.4254387034551613,-0.3748141129063681,4.113914751205021,-1.962266593768148,3.080827227073999
51.0,30.0,137.1492919921875,-0.4994704904105852,2.6632295042743617,-3.990250908379335,-2.953674722714936,-1.0658651721716006,-0.4254387034551613,-0.3748141129063681,4.113914751205021,-1.962266593768148,3.080827227073999
51.0,30.0,137.1492919921875,-0.4994704904105852,2.680289950855105,-4.002696823232514,-2.952541116582436,-1.07091425427931,-0.4308403283639587,-0.3748141129063681,4.113283653790631,-1.962266593768148,3.0746370329265726
51.0,30.0,137.1492919921875,-0.4994704904105852,2.6632295042743617,-3.990250908379335,-2.9535245609702225,-1.074947907693311,-0.4254387034551613,-0.3748141129063681,4.090878074387732,-1.962266593768148,3.080827227073999
51.0,30.0,137.1492919921875,-0.4994704904105852,2.6632295042743617,-3.990250908379335,-2.9535245609702225,-1.074947907693311,-0.4273208881057965,-0.3748141129063681,4.090878074387732,-1.962266593768148,3.080827227073999
51.0,30.0,137.1492919921875,-0.4994704904105852,2.680289950855105,-4.002696823232514,-2.952541116582436,-1.07091425427931,-0.4308403283639587,-0.4208853275454188,4.113283653790631,-1.962266593768148,3.0746370329265726
51.0,30.0,137.1492919921875,-0.4994704904105852,2.680289950855105,-4.002696823232514,-2.952541116582436,-1.07091425427931,-0.4308403283639587,-0.3748141129063681,4.113283653790631,-1.962266593768148,3.0746370329265726
51.0,30.0,137.2167205810547,-0.0354751954287735,1.676603310251596,-4.307260032701513,-2.9371742959833047,-1.0710216657963605,-0.7804696635962945,0.7928562455614893,3.2854751039619607,-1.984258671657372,1.9239899638582465
51.0,30.0,137.23948669433594,0.037366285489034,1.677139432410055,-4.307260032701513,-2.758737462846008,-0.1983796713532307,-0.7808622528549571,0.7928562455614893,3.837500343473544,-1.3515124969248886,1.956369279266006
51.0,30.0,137.23948669433594,0.0319800972136863,1.677139432410055,-4.307260032701513,-2.758737462846008,-0.1983796713532307,-0.7808622330888041,0.7928562455614893,3.837500343473544,-1.3515124969248886,1.9538551564081703
51.0,30.0,137.31784057617188,0.0399875547663399,1.822312990770624,-4.306406649107925,-2.758737462846008,-0.1983796713532307,-0.7648361225590098,0.7928562455614893,3.837500343473544,-1.3515124969248886,1.956313529957452
51.0,30.0,137.33607482910156,0.0381659093740323,1.730680775357014,-4.057212600853904,-2.758670528573561,-0.1954375506698182,-0.7768092615475574,0.6415734940634916,3.918884389236777,-1.3672197884202606,2.262488218243387
51.0,30.0,137.34164428710938,-0.0354751954287735,1.677139432410055,-4.307260032701513,-2.758737462846008,-0.9402545836194496,-0.7808626174492999,0.7928562455614893,3.2854751039619607,-1.9854802053691425,1.9538521900654136
51.0,30.0,137.34164428710938,-0.0354751954287735,1.677139432410055,-4.307260032701513,-2.758737462846008,-0.9402545836194496,-0.7808626174492999,0.7928562455614893,3.2854751039619607,-1.9854802053691425,1.9538521900654136
51.0,30.0,137.34164428710938,-0.0354751954287735,1.677139432410055,-4.307260032701513,-2.758737462846008,-0.9402545836194496,-0.7808626174492999,0.7928562455614893,3.2854751039619607,-1.9854802053691425,1.9538521900654136
51.0,30.0,137.34164428710938,-0.0354751954287735,1.677139432410055,-4.307260032701513,-2.758737462846008,-0.9402545836194496,-0.7808626174492999,0.7928562455614893,3.2854751039619607,-1.9854802053691425,1.9538521900654136
51.0,30.0,137.34164428710938,-0.0354751954287735,1.677139432410055,-4.307260032701513,-2.758737462846008,-0.9402545836194496,-0.7808626174492999,0.7928562455614893,3.2854751039619607,-1.9854802053691425,1.9538521900654136
51.0,30.0,137.34164428710938,-0.0354979575834287,1.6485460635830838,-4.307260032701513,-2.758737462846008,-0.9594355274565012,-0.7808626174492999,0.7928562455614893,3.2854751039619607,-1.9854802053691425,1.9550983238337645
51.0,30.0,137.34164428710938,-0.0354751954287735,1.677139432410055,-4.307260032701513,-2.758737462846008,-0.9402545836194496,-0.7808626174492999,0.7928562455614893,3.2854751039619607,-1.9854802053691425,1.9538521900654136
51.0,30.0,137.34164428710938,-0.0355203123464599,1.65023063738199,-4.307260032701513,-2.758737462846008,-0.9402545836194496,-0.7808626174492999,0.7928562455614893,3.2854751039619607,-1.9854802053691425,1.9538521900654136
51.0,30.0,137.34164428710938,-0.0354751954287735,1.677139432410055,-4.307260032701513,-2.7587376425017327,-0.9402545836194496,-0.7808626174492999,0.7928562455614893,3.2854751039619607,-1.9854802053691425,1.9538521900654136
51.0,30.0,137.34164428710938,-0.0172094075770127,1.677139432410055,-4.307260032701513,-2.758737462846008,-0.9402545836194496,-0.7808626174492999,0.7485747473544493,3.2854751039619607,-1.9852872676290847,1.9538521900654136
51.0,30.0,137.34164428710938,-0.0354751954287735,1.677139432410055,-4.307260032701513,-2.758737462846008,-0.9402545836194496,-0.7808626174492999,0.7928562455614893,3.2854751039619607,-1.9854802053691425,1.9538048770034904
51.0,30.0,137.34164428710938,-0.0354751954287735,1.677139432410055,-4.307260032701513,-2.758737462846008,-0.9402545836194496,-0.7808626174492999,0.7928562455614893,3.2854751039619607,-1.9854802053691425,1.9538521900654136
51.0,30.0,137.34164428710938,-0.0354751954287735,1.677139432410055,-4.307260032701513,-2.758737462846008,-0.9402545836194496,-0.7808626174492999,0.7928562455614893,3.2854751039619607,-1.9854802053691425,1.9538521900654136
51.0,30.0,137.34164428710938,-0.0354751954287735,1.677139432410055,-4.292100050163094,-2.758737462846008,-0.9402545836194496,-0.7808626174492999,0.7928562455614893,3.2854751039619607,-1.9854802053691425,1.9538521900654136
51.0,30.0,137.35238647460938,0.0046784146214331,1.677139432410055,-4.307260032701513,-2.758737462846008,-0.9402545836194496,-0.7808626174492999,0.7506532092949576,3.2854751039619607,-1.9854802053691425,1.9538521900654136
51.0,30.0,137.35238647460938,0.00404220950922,1.677139432410055,-4.307260032701513,-2.758737462846008,-0.9402545836194496,-0.7808626174492999,0.7915546941450614,3.2854751039619607,-1.9854802053691425,1.9538521900654136
51.0,30.0,137.35238647460938,0.0046784146214331,1.677139432410055,-4.307260032701513,-2.758737462846008,-0.9402545836194496,-0.7808626174492999,0.7506532092949576,3.2854751039619607,-1.9854802053691425,1.9538521900654136
51.0,31.0,136.54608154296875,0.0373421399332568,1.730680775357014,-3.913398960651632,-3.3037879287451166,-0.1610388403209376,-1.0039471322044538,0.3944380227873374,3.857187530230344,-1.3334206070963217,2.262488218243387
51.0,31.0,136.74412536621094,0.0373421399332568,1.730680775357014,-4.057211740963159,-2.7625536896476497,-0.1721054608133521,-1.0039471322044538,0.6415734940634916,3.918884389236777,-1.3672197884202606,2.199945962919254
51.0,31.0,136.7534942626953,-0.4994704904105852,2.680289950855105,-4.002696823232514,-2.937849164828964,-0.9351957023870818,-0.4308403283639587,-0.3748141129063681,4.113283653790631,-1.962266593768148,3.176565151408492
51.0,31.0,136.7534942626953,-0.4994704904105852,2.5651755986692133,-4.002696823232514,-2.937849164828964,-0.9351957023870818,-0.4308403283639587,-0.3748141129063681,4.032972193257139,-1.962266593768148,3.176565151408492
51.0,31.0,136.81448364257812,-0.4994704904105852,2.6632295042743617,-3.990250908379335,-2.953674722714936,-1.0451029145668411,-0.311138406616647,-0.3748141129063681,4.113914751205021,-1.962266593768148,3.080827227073999
51.0,31.0,136.81448364257812,-0.4994704904105852,2.6632295042743617,-3.990250908379335,-2.953674722714936,-1.0451029145668411,-0.311138406616647,-0.3748141129063681,4.113914751205021,-1.962266593768148,3.080827227073999
51.0,31.0,136.8181915283203,0.0373421399332568,1.730680775357014,-4.057212600853904,-2.7625536896476497,-0.1721054608133521,-1.0039471322044538,0.6415734940634916,3.918884389236777,-1.3672197884202606,2.262488218243387
51.0,31.0,136.85716247558594,-0.0099655452748271,1.730680775357014,-4.057173037677767,-3.198247891500199,-1.1285455010269927,-0.7778571099988302,0.6415734940634916,2.963486434515123,-2.019451707375571,2.17782011460744
51.0,31.0,137.01046752929688,0.0419809834585367,1.730680775357014,-4.055598208069938,-3.198247891500199,-1.1285455010269927,-0.7834662302948481,0.3879658594255839,2.971436864407261,-2.019451707375571,2.17782011460744
51.0,31.0,137.04818725585938,-0.5177362782623461,2.6632295042743617,-3.990250908379335,-2.937849164828964,-1.0658342941491927,-0.427250252793304,-0.3305326146993282,4.113914751205021,-1.962459531508205,3.080827227073999
51.0,31.0,137.04818725585938,-0.518211172660811,2.6632295042743617,-3.990250908379335,-2.937849164828964,-1.0658513177614508,-0.4255949202648529,-0.3305326146993282,4.091903005273461,-1.9622506621869071,3.080827227073999
51.0,31.0,137.04818725585938,-0.4994704904105852,2.711926203513852,-3.990250908379335,-2.953674722714936,-1.0445264006971902,-0.4254387034551613,-0.3748141129063681,4.113914751205021,-1.962266593768148,3.080827227073999
51.0,31.0,137.05337524414062,-0.4994704904105852,2.567617073469676,-4.002696823232514,-2.937849164828964,-0.9351957023870818,-0.4308403283639587,-0.3748141129063681,4.113283653790631,-1.962266593768148,3.176565151408492
51.0,31.0,137.05337524414062,-0.4994704904105852,2.537298291764253,-4.002696823232514,-2.937849164828964,-0.9351957023870818,-0.4308403283639587,-0.3748141129063681,4.113283653790631,-1.962266593768148,3.176565151408492
51.0,31.0,137.05337524414062,-0.4994704904105852,2.567617073469676,-4.002696823232514,-2.937849164828964,-0.9351957023870818,-0.4308403283639587,-0.3748141129063681,4.113283653790631,-1.962266593768148,3.176565151408492
51.0,31.0,137.06236267089844,-0.4994704904105852,2.6632295042743617,-3.990250908379335,-2.937849164828964,-1.0658342941491927,-0.427250252793304,-0.3748141129063681,4.113914751205021,-1.962266593768148,3.080827227073999
51.0,31.0,137.06236267089844,-0.4994704904105852,2.6632295042743617,-3.990250908379335,-2.937849164828964,-1.0658342941491927,-0.427250252793304,-0.3748141129063681,4.113914751205021,-1.962266593768148,3.080827227073999
51.0,31.0,137.06236267089844,-0.4994704904105852,2.6632295042743617,-3.990250908379335,-2.9392790400820745,-1.0658342941491927,-0.4280852315857106,-0.3748141129063681,4.113914751205021,-1.962266593768148,3.080827227073999
51.0,31.0,137.06236267089844,-0.4994704904105852,2.6632295042743617,-3.990250908379335,-2.939317059001763,-1.059258712249575,-0.4307367241167719,-0.3748141129063681,4.113914751205021,-1.962266593768148,3.080827227073999
51.0,31.0,137.06236267089844,-0.5006242808627309,2.6632295042743617,-3.990250908379335,-2.937849164828964,-1.0658342941491927,-0.427250252793304,-0.3748141129063681,4.113914751205021,-1.962263603672568,3.080827227073999
51.0,31.0,137.06236267089844,-0.4994704904105852,2.6632295042743617,-3.990250908379335,-2.937849164828964,-1.0655591606279446,-0.427250252793304,-0.3748141129063681,4.113914751205021,-1.962266593768148,3.080827227073999
51.0,31.0,137.07009887695312,-0.0099655452748271,1.730680775357014,-3.913359397475496,-3.191520240579647,-0.9591112487185816,-0.7778571099988302,0.6415734940634916,2.9017895756767382,-1.985652526051632,2.17782011460744
51.0,31.0,137.11666870117188,-0.0354751954287735,1.677139432410055,-4.292209414380604,-2.758724875241769,-0.9402545836194496,-0.7808626174492999,0.7928562455614893,2.9664627019454306,-1.985511846305456,2.186351929334046
51.0,31.0,137.11666870117188,-0.0354751954287735,1.6771626431825708,-4.307260032701513,-2.758737462846008,-0.9402545836194496,-0.7808626174492999,0.7928562455614893,2.926548385339553,-1.9855112106491728,2.126937141636624
51.0,31.0,137.11666870117188,-0.0354751954287735,1.681724816520565,-4.280719877512595,-2.758737462846008,-0.9402545836194496,-0.7808626174492999,0.7928562455614893,2.926548385339553,-1.985480463236643,2.126937141636624
51.0,31.0,137.11666870117188,-0.0354751954287735,1.677139432410055,-4.292209414380604,-2.758724695586044,-0.9402545836194496,-0.7808626174492999,0.7928562455614893,2.9664627019454306,-1.985511846305456,2.186351929334046
51.0,31.0,137.11666870117188,-0.0354751954287735,1.6771626431825708,-4.307260032701513,-2.758737462846008,-0.9402545836194496,-0.7808626174492999,0.7928562455614893,2.9257809337398,-1.9855112106491728,2.126937141636624
51.0,31.0,137.11666870117188,-0.0354751954287735,1.677139432410055,-4.292209414380604,-2.758724875241769,-0.9402545836194496,-0.7808626174492999,0.7928562455614893,2.9664627019454306,-1.985511846305456,2.186351929334046
51.0,31.0,137.1492919921875,-0.4994704904105852,2.6632295042743617,-3.990250908379335,-2.953674722714936,-1.0658651721716006,-0.4254387034551613,-0.3748141129063681,4.113914751205021,-1.962266593768148,3.080827227073999
51.0,31.0,137.1492919921875,-0.4994704904105852,2.6632295042743617,-3.990250908379335,-2.953674722714936,-1.0658651721716006,-0.4254387034551613,-0.3748141129063681,4.113914751205021,-1.962266593768148,3.080827227073999
51.0,31.0,137.1492919921875,-0.4994704904105852,2.680289950855105,-4.002696823232514,-2.952541116582436,-1.07091425427931,-0.4308403283639587,-0.3748141129063681,4.113283653790631,-1.962266593768148,3.0746370329265726
51.0,31.0,137.1492919921875,-0.4994704904105852,2.6632295042743617,-3.990250908379335,-2.9535245609702225,-1.074947907693311,-0.4254387034551613,-0.3748141129063681,4.090878074387732,-1.962266593768148,3.080827227073999
51.0,31.0,137.1492919921875,-0.4994704904105852,2.6632295042743617,-3.990250908379335,-2.9535245609702225,-1.074947907693311,-0.4273208881057965,-0.3748141129063681,4.090878074387732,-1.962266593768148,3.080827227073999
51.0,31.0,137.1492919921875,-0.4994704904105852,2.680289950855105,-4.002696823232514,-2.952541116582436,-1.07091425427931,-0.4308403283639587,-0.4208853275454188,4.113283653790631,-1.962266593768148,3.0746370329265726
51.0,31.0,137.1492919921875,-0.4994704904105852,2.680289950855105,-4.002696823232514,-2.952541116582436,-1.07091425427931,-0.4308403283639587,-0.3748141129063681,4.113283653790631,-1.962266593768148,3.0746370329265726
51.0,31.0,137.1492919921875,-0.4994704904105852,2.66362036205934,-3.990250908379335,-2.953674722714936,-1.0658651721716006,-0.4255173038367461,-0.3748141129063681,4.113914751205021,-1.962266593768148,3.080827227073999
51.0,31.0,137.2167205810547,-0.0354751954287735,1.676603310251596,-4.307260032701513,-2.9371742959833047,-1.0710216657963605,-0.7804696635962945,0.7928562455614893,3.2854751039619607,-1.984258671657372,1.9239899638582465
51.0,31.0,137.2167205810547,-0.0354751954287735,1.676603310251596,-4.307260032701513,-2.9463537074893287,-1.0795003622340755,-0.7804696635962945,0.7928562455614893,3.2854751039619607,-1.98428641353988,1.9239899638582465
51.0,31.0,137.23948669433594,0.037366285489034,1.677139432410055,-4.307260032701513,-2.758737462846008,-0.1983796713532307,-0.7808622528549571,0.7928562455614893,3.837500343473544,-1.3515124969248886,1.956369279266006
51.0,31.0,137.23948669433594,0.0319800972136863,1.677139432410055,-4.307260032701513,-2.758737462846008,-0.1983796713532307,-0.7808622330888041,0.7928562455614893,3.837500343473544,-1.3515124969248886,1.9538551564081703
51.0,31.0,137.31784057617188,0.0399875547663399,1.822312990770624,-4.306406649107925,-2.758737462846008,-0.1983796713532307,-0.7648361225590098,0.7928562455614893,3.837500343473544,-1.3515124969248886,1.956313529957452
51.0,31.0,137.33607482910156,0.0381659093740323,1.730680775357014,-4.057212600853904,-2.758670528573561,-0.1954375506698182,-0.7768092615475574,0.6415734940634916,3.918884389236777,-1.3672197884202606,2.262488218243387
51.0,31.0,137.34164428710938,-0.0354751954287735,1.677139432410055,-4.307260032701513,-2.758737462846008,-0.9402545836194496,-0.7808626174492999,0.7928562455614893,3.2854751039619607,-1.9854802053691425,1.9538521900654136
51.0,31.0,137.34164428710938,-0.0354751954287735,1.677139432410055,-4.307260032701513,-2.758737462846008,-0.9402545836194496,-0.7808626174492999,0.7928562455614893,3.2854751039619607,-1.9854802053691425,1.9538521900654136
51.0,31.0,137.34164428710938,-0.0354751954287735,1.677139432410055,-4.307260032701513,-2.758737462846008,-0.9402545836194496,-0.7808626174492999,0.7928562455614893,3.2854751039619607,-1.9854802053691425,1.9538521900654136
51.0,31.0,137.34164428710938,-0.0354751954287735,1.677139432410055,-4.307260032701513,-2.758737462846008,-0.9402545836194496,-0.7808626174492999,0.7928562455614893,3.2854751039619607,-1.9854802053691425,1.9538521900654136
51.0,31.0,137.34164428710938,-0.0354751954287735,1.677139432410055,-4.307260032701513,-2.758737462846008,-0.9402545836194496,-0.7808626174492999,0.7928562455614893,3.2854751039619607,-1.9854802053691425,1.9538521900654136
51.0,31.0,137.34164428710938,-0.0354979575834287,1.6485460635830838,-4.307260032701513,-2.758737462846008,-0.9594355274565012,-0.7808626174492999,0.7928562455614893,3.2854751039619607,-1.9854802053691425,1.9550983238337645
51.0,31.0,137.34164428710938,-0.0354751954287735,1.677139432410055,-4.307260032701513,-2.758737462846008,-0.9402545836194496,-0.7808626174492999,0.7928562455614893,3.2854751039619607,-1.9854802053691425,1.9538521900654136
51.0,31.0,137.34164428710938,-0.0355203123464599,1.65023063738199,-4.307260032701513,-2.758737462846008,-0.9402545836194496,-0.7808626174492999,0.7928562455614893,3.2854751039619607,-1.9854802053691425,1.9538521900654136
51.0,32.0,135.83453369140625,0.0319800972136863,1.677139432410055,-4.302540075956653,-3.1800015950458094,-1.036083670768541,-0.7810209607675238,0.7507064745801633,3.820997111211396,-1.3434979221022505,2.024544339585613
51.0,32.0,136.54608154296875,0.0373421399332568,1.730680775357014,-3.913398960651632,-3.3037879287451166,-0.1610388403209376,-1.0039471322044538,0.3944380227873374,3.857187530230344,-1.3334206070963217,2.262488218243387
51.0,32.0,136.5885009765625,0.0370299633154311,1.730680775357014,-3.924235472533997,-3.198247891500199,-1.1285455010269927,-0.7778571099988302,0.6390247543757935,2.963486434515123,-2.024864042676115,2.17782011460744
51.0,32.0,136.74412536621094,0.0373421399332568,1.730680775357014,-4.057211740963159,-2.7625536896476497,-0.1721054608133521,-1.0039471322044538,0.6415734940634916,3.918884389236777,-1.3672197884202606,2.199945962919254
51.0,32.0,136.7534942626953,-0.4994704904105852,2.680289950855105,-4.002696823232514,-2.937849164828964,-0.9351957023870818,-0.4308403283639587,-0.3748141129063681,4.113283653790631,-1.962266593768148,3.176565151408492
51.0,32.0,136.7534942626953,-0.4994704904105852,2.5651755986692133,-4.002696823232514,-2.937849164828964,-0.9351957023870818,-0.4308403283639587,-0.3748141129063681,4.032972193257139,-1.962266593768148,3.176565151408492
51.0,32.0,136.81448364257812,-0.4994704904105852,2.6632295042743617,-3.990250908379335,-2.953674722714936,-1.0451029145668411,-0.311138406616647,-0.3748141129063681,4.113914751205021,-1.962266593768148,3.080827227073999
51.0,32.0,136.81448364257812,-0.4994704904105852,2.6632295042743617,-3.990250908379335,-2.953674722714936,-1.0451029145668411,-0.311138406616647,-0.3748141129063681,4.113914751205021,-1.962266593768148,3.080827227073999
51.0,32.0,136.8181915283203,0.0373421399332568,1.730680775357014,-4.057212600853904,-2.7625536896476497,-0.1721054608133521,-1.0039471322044538,0.6415734940634916,3.918884389236777,-1.3672197884202606,2.262488218243387
51.0,32.0,136.85716247558594,-0.0099655452748271,1.730680775357014,-4.057173037677767,-3.198247891500199,-1.1285455010269927,-0.7778571099988302,0.6415734940634916,2.963486434515123,-2.019451707375571,2.17782011460744
51.0,32.0,136.914306640625,0.0373421399332568,1.730680775357014,-3.913354631460464,-3.3037879287451166,-0.1676451742513643,-0.7760654055232228,0.3944380227873374,3.858542493330501,-1.3334206070963217,2.266570371159897
51.0,32.0,137.01046752929688,0.0419809834585367,1.730680775357014,-4.055598208069938,-3.198247891500199,-1.1285455010269927,-0.7834662302948481,0.3879658594255839,2.971436864407261,-2.019451707375571,2.17782011460744
51.0,32.0,137.01046752929688,0.0428094451008418,1.730680775357014,-4.055598208069938,-3.198247891500199,-1.1285455010269927,-0.7781226669745162,0.3879658594255839,2.9634655029123573,-2.019451707375571,2.17782011460744
51.0,32.0,137.04818725585938,-0.5177362782623461,2.6632295042743617,-3.990250908379335,-2.937849164828964,-1.0658342941491927,-0.427250252793304,-0.3305326146993282,4.113914751205021,-1.962459531508205,3.080827227073999
51.0,32.0,137.04818725585938,-0.518211172660811,2.6632295042743617,-3.990250908379335,-2.937849164828964,-1.0658513177614508,-0.4255949202648529,-0.3305326146993282,4.091903005273461,-1.9622506621869071,3.080827227073999
51.0,32.0,137.04818725585938,-0.4994704904105852,2.711926203513852,-3.990250908379335,-2.953674722714936,-1.0445264006971902,-0.4254387034551613,-0.3748141129063681,4.113914751205021,-1.962266593768148,3.080827227073999
51.0,32.0,137.04818725585938,-0.5177362782623461,2.6632295042743617,-3.990250908379335,-2.937849164828964,-1.0658342941491927,-0.427250252793304,-0.3305326146993282,4.113914751205021,-1.962459531508205,3.080827227073999
51.0,32.0,137.05337524414062,-0.4994704904105852,2.567617073469676,-4.002696823232514,-2.937849164828964,-0.9351957023870818,-0.4308403283639587,-0.3748141129063681,4.113283653790631,-1.962266593768148,3.176565151408492
51.0,32.0,137.05337524414062,-0.4994704904105852,2.537298291764253,-4.002696823232514,-2.937849164828964,-0.9351957023870818,-0.4308403283639587,-0.3748141129063681,4.113283653790631,-1.962266593768148,3.176565151408492
51.0,32.0,137.05337524414062,-0.4994704904105852,2.567617073469676,-4.002696823232514,-2.937849164828964,-0.9351957023870818,-0.4308403283639587,-0.3748141129063681,4.113283653790631,-1.962266593768148,3.176565151408492
51.0,32.0,137.06236267089844,-0.4994704904105852,2.6632295042743617,-3.990250908379335,-2.937849164828964,-1.0658342941491927,-0.427250252793304,-0.3748141129063681,4.113914751205021,-1.962266593768148,3.080827227073999
51.0,32.0,137.06236267089844,-0.4994704904105852,2.6632295042743617,-3.990250908379335,-2.937849164828964,-1.0658342941491927,-0.427250252793304,-0.3748141129063681,4.113914751205021,-1.962266593768148,3.080827227073999
51.0,32.0,137.06236267089844,-0.4994704904105852,2.6632295042743617,-3.990250908379335,-2.9392790400820745,-1.0658342941491927,-0.4280852315857106,-0.3748141129063681,4.113914751205021,-1.962266593768148,3.080827227073999
51.0,32.0,137.06236267089844,-0.4994704904105852,2.6632295042743617,-3.990250908379335,-2.939317059001763,-1.059258712249575,-0.4307367241167719,-0.3748141129063681,4.113914751205021,-1.962266593768148,3.080827227073999
51.0,32.0,137.06236267089844,-0.5006242808627309,2.6632295042743617,-3.990250908379335,-2.937849164828964,-1.0658342941491927,-0.427250252793304,-0.3748141129063681,4.113914751205021,-1.962263603672568,3.080827227073999
51.0,32.0,137.06236267089844,-0.4994704904105852,2.6632295042743617,-3.990250908379335,-2.937849164828964,-1.0655591606279446,-0.427250252793304,-0.3748141129063681,4.113914751205021,-1.962266593768148,3.080827227073999
51.0,32.0,137.06236267089844,-0.4994704904105852,2.6632295042743617,-3.990250908379335,-2.937849164828964,-1.045045166881243,-0.427250252793304,-0.3748141129063681,4.113914751205021,-1.962266593768148,3.080827227073999
51.0,32.0,137.07009887695312,-0.0099655452748271,1.730680775357014,-3.913359397475496,-3.191520240579647,-0.9591112487185816,-0.7778571099988302,0.6415734940634916,2.9017895756767382,-1.985652526051632,2.17782011460744
51.0,32.0,137.11666870117188,-0.0354751954287735,1.677139432410055,-4.292209414380604,-2.758724875241769,-0.9402545836194496,-0.7808626174492999,0.7928562455614893,2.9664627019454306,-1.985511846305456,2.186351929334046
51.0,32.0,137.11666870117188,-0.0354751954287735,1.6771626431825708,-4.307260032701513,-2.758737462846008,-0.9402545836194496,-0.7808626174492999,0.7928562455614893,2.926548385339553,-1.9855112106491728,2.126937141636624
51.0,32.0,137.11666870117188,-0.0354751954287735,1.681724816520565,-4.280719877512595,-2.758737462846008,-0.9402545836194496,-0.7808626174492999,0.7928562455614893,2.926548385339553,-1.985480463236643,2.126937141636624
51.0,32.0,137.11666870117188,-0.0354751954287735,1.677139432410055,-4.292209414380604,-2.758724695586044,-0.9402545836194496,-0.7808626174492999,0.7928562455614893,2.9664627019454306,-1.985511846305456,2.186351929334046
51.0,32.0,137.11666870117188,-0.0354751954287735,1.6771626431825708,-4.307260032701513,-2.758737462846008,-0.9402545836194496,-0.7808626174492999,0.7928562455614893,2.9257809337398,-1.9855112106491728,2.126937141636624
51.0,32.0,137.11666870117188,-0.0354751954287735,1.677139432410055,-4.292209414380604,-2.758724875241769,-0.9402545836194496,-0.7808626174492999,0.7928562455614893,2.9664627019454306,-1.985511846305456,2.186351929334046
51.0,32.0,137.13674926757812,-0.4994704904105852,2.6632295042743617,-3.990342308625793,-2.937849164828964,-1.0658342941491927,-0.4272357505596191,-0.3748141129063681,4.113914751205021,-1.962266593768148,3.1785186738564213
51.0,32.0,137.1492919921875,-0.4994704904105852,2.6632295042743617,-3.990250908379335,-2.953674722714936,-1.0658651721716006,-0.4254387034551613,-0.3748141129063681,4.113914751205021,-1.962266593768148,3.080827227073999
51.0,32.0,137.1492919921875,-0.4994704904105852,2.6632295042743617,-3.990250908379335,-2.953674722714936,-1.0658651721716006,-0.4254387034551613,-0.3748141129063681,4.113914751205021,-1.962266593768148,3.080827227073999
51.0,32.0,137.1492919921875,-0.4994704904105852,2.680289950855105,-4.002696823232514,-2.952541116582436,-1.07091425427931,-0.4308403283639587,-0.3748141129063681,4.113283653790631,-1.962266593768148,3.0746370329265726
51.0,32.0,137.1492919921875,-0.4994704904105852,2.6632295042743617,-3.990250908379335,-2.9535245609702225,-1.074947907693311,-0.4254387034551613,-0.3748141129063681,4.090878074387732,-1.962266593768148,3.080827227073999
51.0,32.0,137.1492919921875,-0.4994704904105852,2.6632295042743617,-3.990250908379335,-2.9535245609702225,-1.074947907693311,-0.4273208881057965,-0.3748141129063681,4.090878074387732,-1.962266593768148,3.080827227073999
51.0,32.0,137.1492919921875,-0.4994704904105852,2.680289950855105,-4.002696823232514,-2.952541116582436,-1.07091425427931,-0.4308403283639587,-0.4208853275454188,4.113283653790631,-1.962266593768148,3.0746370329265726
51.0,32.0,137.1492919921875,-0.4994704904105852,2.680289950855105,-4.002696823232514,-2.952541116582436,-1.07091425427931,-0.4308403283639587,-0.3748141129063681,4.113283653790631,-1.962266593768148,3.0746370329265726
51.0,32.0,137.1492919921875,-0.4994704904105852,2.66362036205934,-3.990250908379335,-2.953674722714936,-1.0658651721716006,-0.4255173038367461,-0.3748141129063681,4.113914751205021,-1.962266593768148,3.080827227073999
51.0,32.0,137.1492919921875,-0.4994704904105852,2.680289950855105,-4.002696823232514,-2.952541116582436,-1.07091425427931,-0.4308403283639587,-0.3748141129063681,4.113283653790631,-1.962266593768148,3.0746370329265726
51.0,32.0,137.16944885253906,-0.0425765575232572,2.6632295042743617,-3.9843442404275455,-2.939317059001763,-1.059258712249575,-0.431172892979742,-0.3748141129063681,3.973187503609038,-1.962266593768148,3.024361315821431
51.0,32.0,137.20614624023438,-0.4994704904105852,2.6632295042743617,-3.539011371098621,-2.9535245609702225,-1.074947907693311,-0.4273208881057965,-0.3748141129063681,4.090878074387732,-1.962266593768148,3.080827227073999
51.0,32.0,137.2167205810547,-0.0354751954287735,1.676603310251596,-4.307260032701513,-2.9371742959833047,-1.0710216657963605,-0.7804696635962945,0.7928562455614893,3.2854751039619607,-1.984258671657372,1.9239899638582465
51.0,32.0,137.2167205810547,-0.0354751954287735,1.676603310251596,-4.307260032701513,-2.9463537074893287,-1.0795003622340755,-0.7804696635962945,0.7928562455614893,3.2854751039619607,-1.98428641353988,1.9239899638582465
51.0,32.0,137.23948669433594,0.037366285489034,1.677139432410055,-4.307260032701513,-2.758737462846008,-0.1983796713532307,-0.7808622528549571,0.7928562455614893,3.837500343473544,-1.3515124969248886,1.956369279266006
51.0,32.0,137.23948669433594,0.0319800972136863,1.677139432410055,-4.307260032701513,-2.758737462846008,-0.1983796713532307,-0.7808622330888041,0.7928562455614893,3.837500343473544,-1.3515124969248886,1.9538551564081703
51.0,33.0,135.83453369140625,0.0319800972136863,1.677139432410055,-4.302540075956653,-3.1800015950458094,-1.036083670768541,-0.7810209607675238,0.7507064745801633,3.820997111211396,-1.3434979221022505,2.024544339585613
51.0,33.0,135.9367218017578,0.0373421399332568,1.730680775357014,-3.913398960651632,-3.1806614800991326,-0.1610388403209376,-1.0039471322044538,0.3944380227873374,3.857187530230344,-1.3334206070963217,2.262488218243387
51.0,33.0,136.54608154296875,0.0373421399332568,1.730680775357014,-3.913398960651632,-3.3037879287451166,-0.1610388403209376,-1.0039471322044538,0.3944380227873374,3.857187530230344,-1.3334206070963217,2.262488218243387
51.0,33.0,136.5885009765625,0.0370299633154311,1.730680775357014,-3.924235472533997,-3.198247891500199,-1.1285455010269927,-0.7778571099988302,0.6390247543757935,2.963486434515123,-2.024864042676115,2.17782011460744
51.0,33.0,136.74412536621094,0.0373421399332568,1.730680775357014,-4.057211740963159,-2.7625536896476497,-0.1721054608133521,-1.0039471322044538,0.6415734940634916,3.918884389236777,-1.3672197884202606,2.199945962919254
51.0,33.0,136.7534942626953,-0.4994704904105852,2.680289950855105,-4.002696823232514,-2.937849164828964,-0.9351957023870818,-0.4308403283639587,-0.3748141129063681,4.113283653790631,-1.962266593768148,3.176565151408492
51.0,33.0,136.7534942626953,-0.4994704904105852,2.5651755986692133,-4.002696823232514,-2.937849164828964,-0.9351957023870818,-0.4308403283639587,-0.3748141129063681,4.032972193257139,-1.962266593768148,3.176565151408492
51.0,33.0,136.7534942626953,-0.4994704904105852,2.684556598068343,-4.002696823232514,-2.937849164828964,-0.9351957023870818,-0.4308403283639587,-0.3748141129063681,4.113283653790631,-1.962266593768148,3.176565151408492
51.0,33.0,136.81448364257812,-0.4994704904105852,2.6632295042743617,-3.990250908379335,-2.953674722714936,-1.0451029145668411,-0.311138406616647,-0.3748141129063681,4.113914751205021,-1.962266593768148,3.080827227073999
51.0,33.0,136.81448364257812,-0.4994704904105852,2.6632295042743617,-3.990250908379335,-2.953674722714936,-1.0451029145668411,-0.311138406616647,-0.3748141129063681,4.113914751205021,-1.962266593768148,3.080827227073999
51.0,33.0,136.8181915283203,0.0373421399332568,1.730680775357014,-4.057212600853904,-2.7625536896476497,-0.1721054608133521,-1.0039471322044538,0.6415734940634916,3.918884389236777,-1.3672197884202606,2.262488218243387
51.0,33.0,136.85716247558594,-0.0099655452748271,1.730680775357014,-4.057173037677767,-3.198247891500199,-1.1285455010269927,-0.7778571099988302,0.6415734940634916,2.963486434515123,-2.019451707375571,2.17782011460744
51.0,33.0,136.914306640625,0.0373421399332568,1.730680775357014,-3.913354631460464,-3.3037879287451166,-0.1676451742513643,-0.7760654055232228,0.3944380227873374,3.858542493330501,-1.3334206070963217,2.266570371159897
51.0,33.0,136.914306640625,0.0347265125017622,1.730680775357014,-3.913360048647888,-3.3037879287451166,-0.1664085071595263,-0.7761050764174346,0.3944380227873374,3.858542493330501,-1.3334206070963217,2.2670241888856664
51.0,33.0,136.9737548828125,-0.4994704904105852,2.567617073469676,-4.002696823232514,-2.937849164828964,-0.9351957023870818,-0.4308403283639587,-0.3748141129063681,4.113283653790631,-1.962266593768148,3.067167483883644
51.0,33.0,137.01046752929688,0.0419809834585367,1.730680775357014,-4.055598208069938,-3.198247891500199,-1.1285455010269927,-0.7834662302948481,0.3879658594255839,2.971436864407261,-2.019451707375571,2.17782011460744
51.0,33.0,137.01046752929688,0.0428094451008418,1.730680775357014,-4.055598208069938,-3.198247891500199,-1.1285455010269927,-0.7781226669745162,0.3879658594255839,2.9634655029123573,-2.019451707375571,2.17782011460744
51.0,33.0,137.04818725585938,-0.5177362782623461,2.6632295042743617,-3.990250908379335,-2.937849164828964,-1.0658342941491927,-0.427250252793304,-0.3305326146993282,4.113914751205021,-1.962459531508205,3.080827227073999
51.0,33.0,137.04818725585938,-0.518211172660811,2.6632295042743617,-3.990250908379335,-2.937849164828964,-1.0658513177614508,-0.4255949202648529,-0.3305326146993282,4.091903005273461,-1.9622506621869071,3.080827227073999
51.0,33.0,137.04818725585938,-0.4994704904105852,2.711926203513852,-3.990250908379335,-2.953674722714936,-1.0445264006971902,-0.4254387034551613,-0.3748141129063681,4.113914751205021,-1.962266593768148,3.080827227073999
51.0,33.0,137.04818725585938,-0.5177362782623461,2.6632295042743617,-3.990250908379335,-2.937849164828964,-1.0658342941491927,-0.427250252793304,-0.3305326146993282,4.113914751205021,-1.962459531508205,3.080827227073999
51.0,33.0,137.05337524414062,-0.4994704904105852,2.567617073469676,-4.002696823232514,-2.937849164828964,-0.9351957023870818,-0.4308403283639587,-0.3748141129063681,4.113283653790631,-1.962266593768148,3.176565151408492
51.0,33.0,137.05337524414062,-0.4994704904105852,2.537298291764253,-4.002696823232514,-2.937849164828964,-0.9351957023870818,-0.4308403283639587,-0.3748141129063681,4.113283653790631,-1.962266593768148,3.176565151408492
51.0,33.0,137.05337524414062,-0.4994704904105852,2.567617073469676,-4.002696823232514,-2.937849164828964,-0.9351957023870818,-0.4308403283639587,-0.3748141129063681,4.113283653790631,-1.962266593768148,3.176565151408492
51.0,33.0,137.05337524414062,-0.4994704904105852,2.537298291764253,-4.002696823232514,-2.937849164828964,-0.9302480916219136,-0.4254428199287949,-0.3748141129063681,4.113283653790631,-1.962266593768148,3.176565151408492
51.0,33.0,137.06236267089844,-0.4994704904105852,2.6632295042743617,-3.990250908379335,-2.937849164828964,-1.0658342941491927,-0.427250252793304,-0.3748141129063681,4.113914751205021,-1.962266593768148,3.080827227073999
51.0,33.0,137.06236267089844,-0.4994704904105852,2.6632295042743617,-3.990250908379335,-2.937849164828964,-1.0658342941491927,-0.427250252793304,-0.3748141129063681,4.113914751205021,-1.962266593768148,3.080827227073999
51.0,33.0,137.06236267089844,-0.4994704904105852,2.6632295042743617,-3.990250908379335,-2.9392790400820745,-1.0658342941491927,-0.4280852315857106,-0.3748141129063681,4.113914751205021,-1.962266593768148,3.080827227073999
51.0,33.0,137.06236267089844,-0.4994704904105852,2.6632295042743617,-3.990250908379335,-2.939317059001763,-1.059258712249575,-0.4307367241167719,-0.3748141129063681,4.113914751205021,-1.962266593768148,3.080827227073999
51.0,33.0,137.06236267089844,-0.5006242808627309,2.6632295042743617,-3.990250908379335,-2.937849164828964,-1.0658342941491927,-0.427250252793304,-0.3748141129063681,4.113914751205021,-1.962263603672568,3.080827227073999
51.0,33.0,137.06236267089844,-0.4994704904105852,2.6632295042743617,-3.990250908379335,-2.937849164828964,-1.0655591606279446,-0.427250252793304,-0.3748141129063681,4.113914751205021,-1.962266593768148,3.080827227073999
51.0,33.0,137.06236267089844,-0.4994704904105852,2.6632295042743617,-3.990250908379335,-2.937849164828964,-1.045045166881243,-0.427250252793304,-0.3748141129063681,4.113914751205021,-1.962266593768148,3.080827227073999
51.0,33.0,137.06236267089844,-0.4994704904105852,2.6632295042743617,-3.990250908379335,-2.954744410776489,-1.0451029145668411,-0.4249304879643359,-0.3748141129063681,4.113914751205021,-1.962266593768148,3.080827227073999
51.0,33.0,137.06236267089844,-0.4994704904105852,2.6421175145550326,-3.990250908379335,-2.953674722714936,-1.0494740114623586,-0.4308362118903251,-0.3748141129063681,4.113914751205021,-1.962266593768148,3.080827227073999
51.0,33.0,137.06236267089844,-0.4999615515089565,2.6632295042743617,-3.990250908379335,-2.9377371654102244,-1.0595680125680085,-0.4272888174127278,-0.3308257273037148,4.113914751205021,-1.962254200103676,3.080827227073999
51.0,33.0,137.07009887695312,-0.0099655452748271,1.730680775357014,-3.913359397475496,-3.191520240579647,-0.9591112487185816,-0.7778571099988302,0.6415734940634916,2.9017895756767382,-1.985652526051632,2.17782011460744
51.0,33.0,137.07009887695312,-0.0073499178433325,1.730680775357014,-3.913353980288072,-3.191520240579647,-0.9603479158104196,-0.7778174391046184,0.6415734940634916,2.9017895756767382,-1.985652526051632,2.1773662968816705
51.0,33.0,137.11666870117188,-0.0354751954287735,1.677139432410055,-4.292209414380604,-2.758724875241769,-0.9402545836194496,-0.7808626174492999,0.7928562455614893,2.9664627019454306,-1.985511846305456,2.186351929334046
51.0,33.0,137.11666870117188,-0.0354751954287735,1.6771626431825708,-4.307260032701513,-2.758737462846008,-0.9402545836194496,-0.7808626174492999,0.7928562455614893,2.926548385339553,-1.9855112106491728,2.126937141636624
51.0,33.0,137.11666870117188,-0.0354751954287735,1.681724816520565,-4.280719877512595,-2.758737462846008,-0.9402545836194496,-0.7808626174492999,0.7928562455614893,2.926548385339553,-1.985480463236643,2.126937141636624
51.0,33.0,137.11666870117188,-0.0354751954287735,1.677139432410055,-4.292209414380604,-2.758724695586044,-0.9402545836194496,-0.7808626174492999,0.7928562455614893,2.9664627019454306,-1.985511846305456,2.186351929334046
51.0,33.0,137.11666870117188,-0.0354751954287735,1.6771626431825708,-4.307260032701513,-2.758737462846008,-0.9402545836194496,-0.7808626174492999,0.7928562455614893,2.9257809337398,-1.9855112106491728,2.126937141636624
51.0,33.0,137.11666870117188,-0.0354751954287735,1.677139432410055,-4.292209414380604,-2.758724875241769,-0.9402545836194496,-0.7808626174492999,0.7928562455614893,2.9664627019454306,-1.985511846305456,2.186351929334046
51.0,33.0,137.13674926757812,-0.4994704904105852,2.6632295042743617,-3.990342308625793,-2.937849164828964,-1.0658342941491927,-0.4272357505596191,-0.3748141129063681,4.113914751205021,-1.962266593768148,3.1785186738564213
51.0,33.0,137.13674926757812,-0.4994704904105852,2.6632295042743617,-3.990342308625793,-2.937849164828964,-1.0658342941491927,-0.4272357505596191,-0.3748141129063681,4.103241277953212,-1.962266593768148,3.1785186738564213
51.0,33.0,137.1492919921875,-0.4994704904105852,2.6632295042743617,-3.990250908379335,-2.953674722714936,-1.0658651721716006,-0.4254387034551613,-0.3748141129063681,4.113914751205021,-1.962266593768148,3.080827227073999
51.0,33.0,137.1492919921875,-0.4994704904105852,2.6632295042743617,-3.990250908379335,-2.953674722714936,-1.0658651721716006,-0.4254387034551613,-0.3748141129063681,4.113914751205021,-1.962266593768148,3.080827227073999
51.0,33.0,137.1492919921875,-0.4994704904105852,2.680289950855105,-4.002696823232514,-2.952541116582436,-1.07091425427931,-0.4308403283639587,-0.3748141129063681,4.113283653790631,-1.962266593768148,3.0746370329265726
51.0,33.0,137.1492919921875,-0.4994704904105852,2.6632295042743617,-3.990250908379335,-2.9535245609702225,-1.074947907693311,-0.4254387034551613,-0.3748141129063681,4.090878074387732,-1.962266593768148,3.080827227073999
51.0,33.0,137.1492919921875,-0.4994704904105852,2.6632295042743617,-3.990250908379335,-2.9535245609702225,-1.074947907693311,-0.4273208881057965,-0.3748141129063681,4.090878074387732,-1.962266593768148,3.080827227073999
51.0,34.0,135.83453369140625,0.0319800972136863,1.677139432410055,-4.302540075956653,-3.1800015950458094,-1.036083670768541,-0.7810209607675238,0.7507064745801633,3.820997111211396,-1.3434979221022505,2.024544339585613
51.0,34.0,135.9367218017578,0.0373421399332568,1.730680775357014,-3.913398960651632,-3.1806614800991326,-0.1610388403209376,-1.0039471322044538,0.3944380227873374,3.857187530230344,-1.3334206070963217,2.262488218243387
51.0,34.0,136.47789001464844,0.0373421399332568,1.730680775357014,-3.913354631460464,-3.2943479361743906,-0.1723748339507372,-1.0015207869362166,0.3944380227873374,3.858542493330501,-1.3334206070963217,2.200327137598193
51.0,34.0,136.54608154296875,0.0373421399332568,1.730680775357014,-3.913398960651632,-3.3037879287451166,-0.1610388403209376,-1.0039471322044538,0.3944380227873374,3.857187530230344,-1.3334206070963217,2.262488218243387
51.0,34.0,136.54608154296875,0.0373421399332568,1.730680775357014,-3.913398960651632,-3.297221626831457,-0.1615534184088003,-1.0039471322044538,0.3944380227873374,3.857187530230344,-1.3321205119014874,2.262488218243387
51.0,34.0,136.5885009765625,0.0370299633154311,1.730680775357014,-3.924235472533997,-3.198247891500199,-1.1285455010269927,-0.7778571099988302,0.6390247543757935,2.963486434515123,-2.024864042676115,2.17782011460744
51.0,34.0,136.74412536621094,0.0373421399332568,1.730680775357014,-4.057211740963159,-2.7625536896476497,-0.1721054608133521,-1.0039471322044538,0.6415734940634916,3.918884389236777,-1.3672197884202606,2.199945962919254
51.0,34.0,136.7534942626953,-0.4994704904105852,2.680289950855105,-4.002696823232514,-2.937849164828964,-0.9351957023870818,-0.4308403283639587,-0.3748141129063681,4.113283653790631,-1.962266593768148,3.176565151408492
51.0,34.0,136.7534942626953,-0.4994704904105852,2.5651755986692133,-4.002696823232514,-2.937849164828964,-0.9351957023870818,-0.4308403283639587,-0.3748141129063681,4.032972193257139,-1.962266593768148,3.176565151408492
51.0,34.0,136.7534942626953,-0.4994704904105852,2.684556598068343,-4.002696823232514,-2.937849164828964,-0.9351957023870818,-0.4308403283639587,-0.3748141129063681,4.113283653790631,-1.962266593768148,3.176565151408492
51.0,34.0,136.7534942626953,-0.4994704904105852,2.680289950855105,-4.002696823232514,-2.937849164828964,-0.9351957023870818,-0.4308403283639587,-0.3748141129063681,4.113283653790631,-1.962266593768148,3.176565151408492
51.0,34.0,136.7534942626953,-0.4994704904105852,2.683056539466306,-4.002696823232514,-2.937849164828964,-0.9351957023870818,-0.4308403283639587,-0.3748141129063681,4.090138513195326,-1.962266593768148,3.176565151408492
51.0,34.0,136.81448364257812,-0.4994704904105852,2.6632295042743617,-3.990250908379335,-2.953674722714936,-1.0451029145668411,-0.311138406616647,-0.3748141129063681,4.113914751205021,-1.962266593768148,3.080827227073999
51.0,34.0,136.81448364257812,-0.4994704904105852,2.6632295042743617,-3.990250908379335,-2.953674722714936,-1.0451029145668411,-0.311138406616647,-0.3748141129063681,4.113914751205021,-1.962266593768148,3.080827227073999
51.0,34.0,136.81448364257812,-0.4995021261278664,2.6632295042743617,-3.990250908379335,-2.9388165416043464,-1.0451029145668411,-0.300501544109205,-0.3748141129063681,4.113914751205021,-1.962266593768148,3.080827227073999
51.0,34.0,136.8181915283203,0.0373421399332568,1.730680775357014,-4.057212600853904,-2.7625536896476497,-0.1721054608133521,-1.0039471322044538,0.6415734940634916,3.918884389236777,-1.3672197884202606,2.262488218243387
51.0,34.0,136.85716247558594,-0.0099655452748271,1.730680775357014,-4.057173037677767,-3.198247891500199,-1.1285455010269927,-0.7778571099988302,0.6415734940634916,2.963486434515123,-2.019451707375571,2.17782011460744
51.0,34.0,136.90231323242188,0.0319304282904354,1.6771388591933294,-4.302186693396156,-2.758737462846008,-0.9320890754014576,-0.7810276216235454,0.7918701273153776,2.926548385339553,-1.9855112106491728,2.023945784496727
51.0,34.0,136.914306640625,0.0373421399332568,1.730680775357014,-3.913354631460464,-3.3037879287451166,-0.1676451742513643,-0.7760654055232228,0.3944380227873374,3.858542493330501,-1.3334206070963217,2.266570371159897
51.0,34.0,136.914306640625,0.0347265125017622,1.730680775357014,-3.913360048647888,-3.3037879287451166,-0.1664085071595263,-0.7761050764174346,0.3944380227873374,3.858542493330501,-1.3334206070963217,2.2670241888856664
51.0,34.0,136.9737548828125,-0.4994704904105852,2.567617073469676,-4.002696823232514,-2.937849164828964,-0.9351957023870818,-0.4308403283639587,-0.3748141129063681,4.113283653790631,-1.962266593768148,3.067167483883644
51.0,34.0,137.01046752929688,0.0419809834585367,1.730680775357014,-4.055598208069938,-3.198247891500199,-1.1285455010269927,-0.7834662302948481,0.3879658594255839,2.971436864407261,-2.019451707375571,2.17782011460744
51.0,34.0,137.01046752929688,0.0428094451008418,1.730680775357014,-4.055598208069938,-3.198247891500199,-1.1285455010269927,-0.7781226669745162,0.3879658594255839,2.9634655029123573,-2.019451707375571,2.17782011460744
51.0,34.0,137.01046752929688,0.0419809834585367,1.730680775357014,-4.055598208069938,-3.198247891500199,-1.1285455010269927,-0.7834662302948481,0.3879658594255839,2.971436864407261,-2.019451707375571,2.17782011460744
51.0,34.0,137.03292846679688,-0.4994704904105852,2.537298291764253,-4.002791927661445,-2.937849164828964,-0.9351957023870818,-0.3115369663337106,-0.3748141129063681,4.113279242474008,-1.962266593768148,3.079714475948291
51.0,34.0,137.04818725585938,-0.5177362782623461,2.6632295042743617,-3.990250908379335,-2.937849164828964,-1.0658342941491927,-0.427250252793304,-0.3305326146993282,4.113914751205021,-1.962459531508205,3.080827227073999
51.0,34.0,137.04818725585938,-0.518211172660811,2.6632295042743617,-3.990250908379335,-2.937849164828964,-1.0658513177614508,-0.4255949202648529,-0.3305326146993282,4.091903005273461,-1.9622506621869071,3.080827227073999
51.0,34.0,137.04818725585938,-0.4994704904105852,2.711926203513852,-3.990250908379335,-2.953674722714936,-1.0445264006971902,-0.4254387034551613,-0.3748141129063681,4.113914751205021,-1.962266593768148,3.080827227073999
51.0,34.0,137.04818725585938,-0.5177362782623461,2.6632295042743617,-3.990250908379335,-2.937849164828964,-1.0658342941491927,-0.427250252793304,-0.3305326146993282,4.113914751205021,-1.962459531508205,3.080827227073999
51.0,34.0,137.04818725585938,-0.4994704904105852,2.6632295042743617,-3.990250908379335,-2.953674722714936,-1.0451029145668411,-0.311138406616647,-0.3748141129063681,4.113914751205021,-1.962266593768148,2.992867443284336
51.0,34.0,137.04818725585938,-0.4994704904105852,2.711926203513852,-3.990250908379335,-2.953674722714936,-1.0445264006971902,-0.4254387034551613,-0.3748141129063681,4.113914751205021,-1.962266593768148,3.080827227073999
51.0,34.0,137.05337524414062,-0.4994704904105852,2.567617073469676,-4.002696823232514,-2.937849164828964,-0.9351957023870818,-0.4308403283639587,-0.3748141129063681,4.113283653790631,-1.962266593768148,3.176565151408492
51.0,34.0,137.05337524414062,-0.4994704904105852,2.537298291764253,-4.002696823232514,-2.937849164828964,-0.9351957023870818,-0.4308403283639587,-0.3748141129063681,4.113283653790631,-1.962266593768148,3.176565151408492
51.0,34.0,137.05337524414062,-0.4994704904105852,2.567617073469676,-4.002696823232514,-2.937849164828964,-0.9351957023870818,-0.4308403283639587,-0.3748141129063681,4.113283653790631,-1.962266593768148,3.176565151408492
51.0,34.0,137.05337524414062,-0.4994704904105852,2.537298291764253,-4.002696823232514,-2.937849164828964,-0.9302480916219136,-0.4254428199287949,-0.3748141129063681,4.113283653790631,-1.962266593768148,3.176565151408492
51.0,34.0,137.05337524414062,-0.4994704904105852,2.567617073469676,-4.002696823232514,-2.937849164828964,-0.9351957023870818,-0.4308403283639587,-0.3748141129063681,4.113283653790631,-1.962266593768148,3.176565151408492
51.0,34.0,137.05337524414062,-0.4994704904105852,2.6632295042743617,-3.990250908379335,-2.9375738613024005,-1.04510499988174,-0.3128618902033014,-0.3748141129063681,4.113914751205021,-1.962266593768148,3.080827227073999
51.0,34.0,137.06236267089844,-0.4994704904105852,2.6632295042743617,-3.990250908379335,-2.937849164828964,-1.0658342941491927,-0.427250252793304,-0.3748141129063681,4.113914751205021,-1.962266593768148,3.080827227073999
51.0,34.0,137.06236267089844,-0.4994704904105852,2.6632295042743617,-3.990250908379335,-2.937849164828964,-1.0658342941491927,-0.427250252793304,-0.3748141129063681,4.113914751205021,-1.962266593768148,3.080827227073999
51.0,34.0,137.06236267089844,-0.4994704904105852,2.6632295042743617,-3.990250908379335,-2.9392790400820745,-1.0658342941491927,-0.4280852315857106,-0.3748141129063681,4.113914751205021,-1.962266593768148,3.080827227073999
51.0,34.0,137.06236267089844,-0.4994704904105852,2.6632295042743617,-3.990250908379335,-2.939317059001763,-1.059258712249575,-0.4307367241167719,-0.3748141129063681,4.113914751205021,-1.962266593768148,3.080827227073999
51.0,34.0,137.06236267089844,-0.5006242808627309,2.6632295042743617,-3.990250908379335,-2.937849164828964,-1.0658342941491927,-0.427250252793304,-0.3748141129063681,4.113914751205021,-1.962263603672568,3.080827227073999
51.0,34.0,137.06236267089844,-0.4994704904105852,2.6632295042743617,-3.990250908379335,-2.937849164828964,-1.0655591606279446,-0.427250252793304,-0.3748141129063681,4.113914751205021,-1.962266593768148,3.080827227073999
51.0,34.0,137.06236267089844,-0.4994704904105852,2.6632295042743617,-3.990250908379335,-2.937849164828964,-1.045045166881243,-0.427250252793304,-0.3748141129063681,4.113914751205021,-1.962266593768148,3.080827227073999
51.0,34.0,137.06236267089844,-0.4994704904105852,2.6632295042743617,-3.990250908379335,-2.954744410776489,-1.0451029145668411,-0.4249304879643359,-0.3748141129063681,4.113914751205021,-1.962266593768148,3.080827227073999
51.0,34.0,137.06236267089844,-0.4994704904105852,2.6421175145550326,-3.990250908379335,-2.953674722714936,-1.0494740114623586,-0.4308362118903251,-0.3748141129063681,4.113914751205021,-1.962266593768148,3.080827227073999
51.0,34.0,137.06236267089844,-0.4999615515089565,2.6632295042743617,-3.990250908379335,-2.9377371654102244,-1.0595680125680085,-0.4272888174127278,-0.3308257273037148,4.113914751205021,-1.962254200103676,3.080827227073999
51.0,34.0,137.06236267089844,-0.5177362782623461,2.6632295042743617,-3.990250908379335,-2.937849164828964,-1.0705744937519983,-0.427250252793304,-0.3305326146993282,4.113914751205021,-1.962459531508205,3.080827227073999
51.0,34.0,137.06236267089844,-0.4994704904105852,2.6632295042743617,-3.990250908379335,-2.9539500262414986,-1.0450430815663438,-0.4255267692066495,-0.3748141129063681,4.113914751205021,-1.962266593768148,3.080827227073999
51.0,34.0,137.0672607421875,0.0379654627080894,1.730680775357014,-4.06634760949942,-2.7625536896476497,-0.1721054608133521,-0.7878199045630108,0.6415734940634916,3.922117521716959,-1.3672197884202606,2.1998394368052336
51.0,35.0,135.83453369140625,0.0319800972136863,1.677139432410055,-4.302540075956653,-3.1800015950458094,-1.036083670768541,-0.7810209607675238,0.7507064745801633,3.820997111211396,-1.3434979221022505,2.024544339585613
51.0,35.0,135.9367218017578,0.0373421399332568,1.730680775357014,-3.913398960651632,-3.1806614800991326,-0.1610388403209376,-1.0039471322044538,0.3944380227873374,3.857187530230344,-1.3334206070963217,2.262488218243387
51.0,35.0,136.47789001464844,0.0373421399332568,1.730680775357014,-3.913354631460464,-3.2943479361743906,-0.1723748339507372,-1.0015207869362166,0.3944380227873374,3.858542493330501,-1.3334206070963217,2.200327137598193
51.0,35.0,136.49075317382812,0.0373421399332568,1.3828830756994068,-3.913354631460464,-3.2943479361743906,-0.1723748339507372,-1.003978912763256,0.3944380227873374,3.858542493330501,-1.3334206070963217,2.200708880811417
51.0,35.0,136.54608154296875,0.0373421399332568,1.730680775357014,-3.913398960651632,-3.3037879287451166,-0.1610388403209376,-1.0039471322044538,0.3944380227873374,3.857187530230344,-1.3334206070963217,2.262488218243387
51.0,35.0,136.54608154296875,0.0373421399332568,1.730680775357014,-3.913398960651632,-3.297221626831457,-0.1615534184088003,-1.0039471322044538,0.3944380227873374,3.857187530230344,-1.3321205119014874,2.262488218243387
51.0,35.0,136.54608154296875,0.0373421399332568,1.730680775357014,-3.913398960651632,-3.297221626831457,-0.1615534184088003,-1.0039471322044538,0.3944380227873374,3.857187530230344,-1.3321205119014874,2.262488218243387
51.0,35.0,136.5885009765625,0.0370299633154311,1.730680775357014,-3.924235472533997,-3.198247891500199,-1.1285455010269927,-0.7778571099988302,0.6390247543757935,2.963486434515123,-2.024864042676115,2.17782011460744
51.0,35.0,136.74412536621094,0.0373421399332568,1.730680775357014,-4.057211740963159,-2.7625536896476497,-0.1721054608133521,-1.0039471322044538,0.6415734940634916,3.918884389236777,-1.3672197884202606,2.199945962919254
51.0,35.0,136.7534942626953,-0.4994704904105852,2.680289950855105,-4.002696823232514,-2.937849164828964,-0.9351957023870818,-0.4308403283639587,-0.3748141129063681,4.113283653790631,-1.962266593768148,3.176565151408492
51.0,35.0,136.7534942626953,-0.4994704904105852,2.5651755986692133,-4.002696823232514,-2.937849164828964,-0.9351957023870818,-0.4308403283639587,-0.3748141129063681,4.032972193257139,-1.962266593768148,3.176565151408492
51.0,35.0,136.7534942626953,-0.4994704904105852,2.684556598068343,-4.002696823232514,-2.937849164828964,-0.9351957023870818,-0.4308403283639587,-0.3748141129063681,4.113283653790631,-1.962266593768148,3.176565151408492
51.0,35.0,136.7534942626953,-0.4994704904105852,2.680289950855105,-4.002696823232514,-2.937849164828964,-0.9351957023870818,-0.4308403283639587,-0.3748141129063681,4.113283653790631,-1.962266593768148,3.176565151408492
51.0,35.0,136.7534942626953,-0.4994704904105852,2.683056539466306,-4.002696823232514,-2.937849164828964,-0.9351957023870818,-0.4308403283639587,-0.3748141129063681,4.090138513195326,-1.962266593768148,3.176565151408492
51.0,35.0,136.7534942626953,-0.4994704904105852,2.683056539466306,-4.002696823232514,-2.937849164828964,-0.9131032771276254,-0.4308403283639587,-0.3748141129063681,4.090138513195326,-1.981715427489413,3.176565151408492
51.0,35.0,136.7534942626953,-0.4994704904105852,2.561475056593669,-4.002696823232514,-2.937849164828964,-0.9351957023870818,-0.4308403283639587,-0.3748141129063681,4.032972193257139,-1.962266593768148,3.176565151408492
51.0,35.0,136.7534942626953,-0.4994704904105852,2.688257140143887,-4.002696823232514,-2.937849164828964,-0.9351957023870818,-0.4308403283639587,-0.3748141129063681,4.113283653790631,-1.962266593768148,3.176565151408492
51.0,35.0,136.81448364257812,-0.4994704904105852,2.6632295042743617,-3.990250908379335,-2.953674722714936,-1.0451029145668411,-0.311138406616647,-0.3748141129063681,4.113914751205021,-1.962266593768148,3.080827227073999
51.0,35.0,136.81448364257812,-0.4994704904105852,2.6632295042743617,-3.990250908379335,-2.953674722714936,-1.0451029145668411,-0.311138406616647,-0.3748141129063681,4.113914751205021,-1.962266593768148,3.080827227073999
51.0,35.0,136.81448364257812,-0.4995021261278664,2.6632295042743617,-3.990250908379335,-2.9388165416043464,-1.0451029145668411,-0.300501544109205,-0.3748141129063681,4.113914751205021,-1.962266593768148,3.080827227073999
51.0,35.0,136.81448364257812,-0.4994704904105852,2.6639940989198507,-4.002696823232514,-2.937849164828964,-1.0452242639301383,-0.4336166419737313,-0.3748141129063681,3.931224642695134,-1.962266593768148,3.176565151408492
51.0,35.0,136.81448364257812,-0.4994704904105852,2.6632295042743617,-3.990250908379335,-2.953674722714936,-1.0451039440140766,-0.311138406616647,-0.3748141129063681,3.988333843689228,-1.962266593768148,3.080827227073999
51.0,35.0,136.81448364257812,-0.4995021261278664,2.6632295042743617,-3.990250908379335,-2.9388165416043464,-1.0451029145668411,-0.300501544109205,-0.3748141129063681,4.113914751205021,-1.962266593768148,3.080827227073999
51.0,35.0,136.8181915283203,0.0373421399332568,1.730680775357014,-4.057212600853904,-2.7625536896476497,-0.1721054608133521,-1.0039471322044538,0.6415734940634916,3.918884389236777,-1.3672197884202606,2.262488218243387
51.0,35.0,136.85716247558594,-0.0099655452748271,1.730680775357014,-4.057173037677767,-3.198247891500199,-1.1285455010269927,-0.7778571099988302,0.6415734940634916,2.963486434515123,-2.019451707375571,2.17782011460744
51.0,35.0,136.90231323242188,0.0319304282904354,1.6771388591933294,-4.302186693396156,-2.758737462846008,-0.9320890754014576,-0.7810276216235454,0.7918701273153776,2.926548385339553,-1.9855112106491728,2.023945784496727
51.0,35.0,136.914306640625,0.0373421399332568,1.730680775357014,-3.913354631460464,-3.3037879287451166,-0.1676451742513643,-0.7760654055232228,0.3944380227873374,3.858542493330501,-1.3334206070963217,2.266570371159897
51.0,35.0,136.914306640625,0.0347265125017622,1.730680775357014,-3.913360048647888,-3.3037879287451166,-0.1664085071595263,-0.7761050764174346,0.3944380227873374,3.858542493330501,-1.3334206070963217,2.2670241888856664
51.0,35.0,136.9737548828125,-0.4994704904105852,2.567617073469676,-4.002696823232514,-2.937849164828964,-0.9351957023870818,-0.4308403283639587,-0.3748141129063681,4.113283653790631,-1.962266593768148,3.067167483883644
51.0,35.0,137.01046752929688,0.0419809834585367,1.730680775357014,-4.055598208069938,-3.198247891500199,-1.1285455010269927,-0.7834662302948481,0.3879658594255839,2.971436864407261,-2.019451707375571,2.17782011460744
51.0,35.0,137.01046752929688,0.0428094451008418,1.730680775357014,-4.055598208069938,-3.198247891500199,-1.1285455010269927,-0.7781226669745162,0.3879658594255839,2.9634655029123573,-2.019451707375571,2.17782011460744
51.0,35.0,137.01046752929688,0.0419809834585367,1.730680775357014,-4.055598208069938,-3.198247891500199,-1.1285455010269927,-0.7834662302948481,0.3879658594255839,2.971436864407261,-2.019451707375571,2.17782011460744
51.0,35.0,137.0238800048828,0.0419809834585367,1.730680775357014,-4.055598999291684,-3.198247891500199,-1.1322197580713331,-0.307983507839585,0.3879658594255839,2.971436864407261,-1.962636296193376,2.17782011460744
51.0,35.0,137.03292846679688,-0.4994704904105852,2.537298291764253,-4.002791927661445,-2.937849164828964,-0.9351957023870818,-0.3115369663337106,-0.3748141129063681,4.113279242474008,-1.962266593768148,3.079714475948291
51.0,35.0,137.03292846679688,-0.4994704904105852,2.537298291764253,-4.002791927661445,-2.937849164828964,-0.9351957023870818,-0.3115369663337106,-0.3748141129063681,4.113279242474008,-1.962266593768148,3.079714475948291
51.0,35.0,137.03683471679688,0.0321022421778464,1.67571165326518,-4.055598208069938,-3.1988236015149707,-1.1285455010269927,-0.7833677324809203,0.3879658594255839,2.9313092982379234,-2.019451707375571,2.005986921070839
51.0,35.0,137.04818725585938,-0.5177362782623461,2.6632295042743617,-3.990250908379335,-2.937849164828964,-1.0658342941491927,-0.427250252793304,-0.3305326146993282,4.113914751205021,-1.962459531508205,3.080827227073999
51.0,35.0,137.04818725585938,-0.518211172660811,2.6632295042743617,-3.990250908379335,-2.937849164828964,-1.0658513177614508,-0.4255949202648529,-0.3305326146993282,4.091903005273461,-1.9622506621869071,3.080827227073999
51.0,35.0,137.04818725585938,-0.4994704904105852,2.711926203513852,-3.990250908379335,-2.953674722714936,-1.0445264006971902,-0.4254387034551613,-0.3748141129063681,4.113914751205021,-1.962266593768148,3.080827227073999
51.0,35.0,137.04818725585938,-0.5177362782623461,2.6632295042743617,-3.990250908379335,-2.937849164828964,-1.0658342941491927,-0.427250252793304,-0.3305326146993282,4.113914751205021,-1.962459531508205,3.080827227073999
51.0,35.0,137.04818725585938,-0.4994704904105852,2.6632295042743617,-3.990250908379335,-2.953674722714936,-1.0451029145668411,-0.311138406616647,-0.3748141129063681,4.113914751205021,-1.962266593768148,2.992867443284336
51.0,35.0,137.04818725585938,-0.4994704904105852,2.711926203513852,-3.990250908379335,-2.953674722714936,-1.0445264006971902,-0.4254387034551613,-0.3748141129063681,4.113914751205021,-1.962266593768148,3.080827227073999
51.0,35.0,137.04818725585938,-0.4994704904105852,2.711926203513852,-3.990250908379335,-2.953674722714936,-1.0445253712499547,-0.4254387034551613,-0.3748141129063681,4.113914751205021,-1.962266593768148,3.080827227073999
51.0,35.0,137.05337524414062,-0.4994704904105852,2.567617073469676,-4.002696823232514,-2.937849164828964,-0.9351957023870818,-0.4308403283639587,-0.3748141129063681,4.113283653790631,-1.962266593768148,3.176565151408492
51.0,35.0,137.05337524414062,-0.4994704904105852,2.537298291764253,-4.002696823232514,-2.937849164828964,-0.9351957023870818,-0.4308403283639587,-0.3748141129063681,4.113283653790631,-1.962266593768148,3.176565151408492
51.0,35.0,137.05337524414062,-0.4994704904105852,2.567617073469676,-4.002696823232514,-2.937849164828964,-0.9351957023870818,-0.4308403283639587,-0.3748141129063681,4.113283653790631,-1.962266593768148,3.176565151408492
51.0,35.0,137.05337524414062,-0.4994704904105852,2.537298291764253,-4.002696823232514,-2.937849164828964,-0.9302480916219136,-0.4254428199287949,-0.3748141129063681,4.113283653790631,-1.962266593768148,3.176565151408492
51.0,35.0,137.05337524414062,-0.4994704904105852,2.567617073469676,-4.002696823232514,-2.937849164828964,-0.9351957023870818,-0.4308403283639587,-0.3748141129063681,4.113283653790631,-1.962266593768148,3.176565151408492
51.0,35.0,137.05337524414062,-0.4994704904105852,2.6632295042743617,-3.990250908379335,-2.9375738613024005,-1.04510499988174,-0.3128618902033014,-0.3748141129063681,4.113914751205021,-1.962266593768148,3.080827227073999
51.0,35.0,137.06150817871094,-0.4994704904105852,2.6632295042743617,-3.990250908379335,-2.953674722714936,-1.0451029145668411,-0.311138406616647,-0.3748141129063681,3.812351673299199,-1.962266593768148,2.742898785324704
51.0,36.0,135.26864624023438,0.0373421399332568,1.7343804505894458,-3.91307074458864,-3.2013453688086626,-0.2104841614880571,-0.7770998756609033,0.3944380227873374,3.858542493330501,-1.3334206070963217,2.200708880811417
51.0,36.0,135.83453369140625,0.0319800972136863,1.677139432410055,-4.302540075956653,-3.1800015950458094,-1.036083670768541,-0.7810209607675238,0.7507064745801633,3.820997111211396,-1.3434979221022505,2.024544339585613
51.0,36.0,135.9367218017578,0.0373421399332568,1.730680775357014,-3.913398960651632,-3.1806614800991326,-0.1610388403209376,-1.0039471322044538,0.3944380227873374,3.857187530230344,-1.3334206070963217,2.262488218243387
51.0,36.0,135.9367218017578,0.0265229921078545,1.730680775357014,-3.913398960651632,-3.1806614800991326,-0.1610388403209376,-1.0039471322044538,0.3944380227873374,3.857187530230344,-1.3334206070963217,2.262488218243387
51.0,36.0,135.997802734375,0.0325171196065291,1.680013456045222,-4.302540075956653,-3.1800015950458094,-1.0144715101661572,-0.7810209607675238,0.3710620211625005,3.8215881879263214,-1.343810087591206,2.024544339585613
51.0,36.0,136.41229248046875,0.2831704830769082,1.7890423586735549,-3.913398960651632,-3.297221626831457,-0.1615534184088003,-1.0039471322044538,0.3944380227873374,3.860354018176217,-1.3321205119014874,2.2551454795157846
51.0,36.0,136.47789001464844,0.0373421399332568,1.730680775357014,-3.913354631460464,-3.2943479361743906,-0.1723748339507372,-1.0015207869362166,0.3944380227873374,3.858542493330501,-1.3334206070963217,2.200327137598193
51.0,36.0,136.49075317382812,0.0373421399332568,1.3828830756994068,-3.913354631460464,-3.2943479361743906,-0.1723748339507372,-1.003978912763256,0.3944380227873374,3.858542493330501,-1.3334206070963217,2.200708880811417
51.0,36.0,136.54608154296875,0.0373421399332568,1.730680775357014,-3.913398960651632,-3.3037879287451166,-0.1610388403209376,-1.0039471322044538,0.3944380227873374,3.857187530230344,-1.3334206070963217,2.262488218243387
51.0,36.0,136.54608154296875,0.0373421399332568,1.730680775357014,-3.913398960651632,-3.297221626831457,-0.1615534184088003,-1.0039471322044538,0.3944380227873374,3.857187530230344,-1.3321205119014874,2.262488218243387
51.0,36.0,136.54608154296875,0.0373421399332568,1.730680775357014,-3.913398960651632,-3.297221626831457,-0.1615534184088003,-1.0039471322044538,0.3944380227873374,3.857187530230344,-1.3321205119014874,2.262488218243387
51.0,36.0,136.5885009765625,0.0370299633154311,1.730680775357014,-3.924235472533997,-3.198247891500199,-1.1285455010269927,-0.7778571099988302,0.6390247543757935,2.963486434515123,-2.024864042676115,2.17782011460744
51.0,36.0,136.70291137695312,0.0347265125017622,1.693398141945413,-3.875826665573431,-3.918407617185041,-0.1664085071595263,-0.7761050764174346,-0.3640034084695984,3.8583916076872566,-1.3334206070963217,2.2670241888856664
51.0,36.0,136.74412536621094,0.0373421399332568,1.730680775357014,-4.057211740963159,-2.7625536896476497,-0.1721054608133521,-1.0039471322044538,0.6415734940634916,3.918884389236777,-1.3672197884202606,2.199945962919254
51.0,36.0,136.7534942626953,-0.4994704904105852,2.680289950855105,-4.002696823232514,-2.937849164828964,-0.9351957023870818,-0.4308403283639587,-0.3748141129063681,4.113283653790631,-1.962266593768148,3.176565151408492
51.0,36.0,136.7534942626953,-0.4994704904105852,2.5651755986692133,-4.002696823232514,-2.937849164828964,-0.9351957023870818,-0.4308403283639587,-0.3748141129063681,4.032972193257139,-1.962266593768148,3.176565151408492
51.0,36.0,136.7534942626953,-0.4994704904105852,2.684556598068343,-4.002696823232514,-2.937849164828964,-0.9351957023870818,-0.4308403283639587,-0.3748141129063681,4.113283653790631,-1.962266593768148,3.176565151408492
51.0,36.0,136.7534942626953,-0.4994704904105852,2.680289950855105,-4.002696823232514,-2.937849164828964,-0.9351957023870818,-0.4308403283639587,-0.3748141129063681,4.113283653790631,-1.962266593768148,3.176565151408492
51.0,36.0,136.7534942626953,-0.4994704904105852,2.683056539466306,-4.002696823232514,-2.937849164828964,-0.9351957023870818,-0.4308403283639587,-0.3748141129063681,4.090138513195326,-1.962266593768148,3.176565151408492
51.0,36.0,136.7534942626953,-0.4994704904105852,2.683056539466306,-4.002696823232514,-2.937849164828964,-0.9131032771276254,-0.4308403283639587,-0.3748141129063681,4.090138513195326,-1.981715427489413,3.176565151408492
51.0,36.0,136.7534942626953,-0.4994704904105852,2.561475056593669,-4.002696823232514,-2.937849164828964,-0.9351957023870818,-0.4308403283639587,-0.3748141129063681,4.032972193257139,-1.962266593768148,3.176565151408492
51.0,36.0,136.7534942626953,-0.4994704904105852,2.688257140143887,-4.002696823232514,-2.937849164828964,-0.9351957023870818,-0.4308403283639587,-0.3748141129063681,4.113283653790631,-1.962266593768148,3.176565151408492
51.0,36.0,136.7534942626953,-0.4886513425851829,2.688257140143887,-4.002696823232514,-2.937849164828964,-0.9351957023870818,-0.4308403283639587,-0.3748141129063681,4.113283653790631,-1.962266593768148,3.176565151408492
51.0,36.0,136.7534942626953,-0.4994704904105852,2.681842037206679,-4.002696823232514,-2.937562979477122,-0.9351957023870818,-0.4250427619777899,-0.3748141129063681,4.113283653790631,-1.962266593768148,3.176565151408492
51.0,36.0,136.7937774658203,-0.3243692108169195,2.711926203513852,-3.990250908379335,-2.953674722714936,-1.0445264006971902,-0.4254387034551613,-0.3748141129063681,4.113914751205021,-1.962266593768148,3.080827227073999
51.0,36.0,136.81448364257812,-0.4994704904105852,2.6632295042743617,-3.990250908379335,-2.953674722714936,-1.0451029145668411,-0.311138406616647,-0.3748141129063681,4.113914751205021,-1.962266593768148,3.080827227073999
51.0,36.0,136.81448364257812,-0.4994704904105852,2.6632295042743617,-3.990250908379335,-2.953674722714936,-1.0451029145668411,-0.311138406616647,-0.3748141129063681,4.113914751205021,-1.962266593768148,3.080827227073999
51.0,36.0,136.81448364257812,-0.4995021261278664,2.6632295042743617,-3.990250908379335,-2.9388165416043464,-1.0451029145668411,-0.300501544109205,-0.3748141129063681,4.113914751205021,-1.962266593768148,3.080827227073999
51.0,36.0,136.81448364257812,-0.4994704904105852,2.6639940989198507,-4.002696823232514,-2.937849164828964,-1.0452242639301383,-0.4336166419737313,-0.3748141129063681,3.931224642695134,-1.962266593768148,3.176565151408492
51.0,36.0,136.81448364257812,-0.4994704904105852,2.6632295042743617,-3.990250908379335,-2.953674722714936,-1.0451039440140766,-0.311138406616647,-0.3748141129063681,3.988333843689228,-1.962266593768148,3.080827227073999
51.0,36.0,136.81448364257812,-0.4995021261278664,2.6632295042743617,-3.990250908379335,-2.9388165416043464,-1.0451029145668411,-0.300501544109205,-0.3748141129063681,4.113914751205021,-1.962266593768148,3.080827227073999
51.0,36.0,136.8181915283203,0.0373421399332568,1.730680775357014,-4.057212600853904,-2.7625536896476497,-0.1721054608133521,-1.0039471322044538,0.6415734940634916,3.918884389236777,-1.3672197884202606,2.262488218243387
51.0,36.0,136.85716247558594,-0.0099655452748271,1.730680775357014,-4.057173037677767,-3.198247891500199,-1.1285455010269927,-0.7778571099988302,0.6415734940634916,2.963486434515123,-2.019451707375571,2.17782011460744
51.0,36.0,136.90231323242188,0.0319304282904354,1.6771388591933294,-4.302186693396156,-2.758737462846008,-0.9320890754014576,-0.7810276216235454,0.7918701273153776,2.926548385339553,-1.9855112106491728,2.023945784496727
51.0,36.0,136.914306640625,0.0373421399332568,1.730680775357014,-3.913354631460464,-3.3037879287451166,-0.1676451742513643,-0.7760654055232228,0.3944380227873374,3.858542493330501,-1.3334206070963217,2.266570371159897
51.0,36.0,136.914306640625,0.0347265125017622,1.730680775357014,-3.913360048647888,-3.3037879287451166,-0.1664085071595263,-0.7761050764174346,0.3944380227873374,3.858542493330501,-1.3334206070963217,2.2670241888856664
51.0,36.0,136.95614624023438,-0.4995028069656912,2.683056539466306,-4.002696823232514,-2.938775876481708,-1.0382360378972049,-0.4326067668043514,-0.3748141129063681,4.09064919682451,-1.981715427489413,3.349442796897014
51.0,36.0,136.9737548828125,-0.4994704904105852,2.567617073469676,-4.002696823232514,-2.937849164828964,-0.9351957023870818,-0.4308403283639587,-0.3748141129063681,4.113283653790631,-1.962266593768148,3.067167483883644
51.0,36.0,137.00999450683594,-0.4994704904105852,2.6639329040739312,-4.002696823232514,-2.937849164828964,-0.9351957023870818,-0.4308403283639587,-0.3748141129063681,4.090138513195326,-1.962266593768148,3.077611960813199
51.0,36.0,137.01046752929688,0.0419809834585367,1.730680775357014,-4.055598208069938,-3.198247891500199,-1.1285455010269927,-0.7834662302948481,0.3879658594255839,2.971436864407261,-2.019451707375571,2.17782011460744
51.0,36.0,137.01046752929688,0.0428094451008418,1.730680775357014,-4.055598208069938,-3.198247891500199,-1.1285455010269927,-0.7781226669745162,0.3879658594255839,2.9634655029123573,-2.019451707375571,2.17782011460744
51.0,36.0,137.01046752929688,0.0419809834585367,1.730680775357014,-4.055598208069938,-3.198247891500199,-1.1285455010269927,-0.7834662302948481,0.3879658594255839,2.971436864407261,-2.019451707375571,2.17782011460744
51.0,36.0,137.0238800048828,0.0419809834585367,1.730680775357014,-4.055598999291684,-3.198247891500199,-1.1322197580713331,-0.307983507839585,0.3879658594255839,2.971436864407261,-1.962636296193376,2.17782011460744
51.0,36.0,137.03292846679688,-0.4994704904105852,2.537298291764253,-4.002791927661445,-2.937849164828964,-0.9351957023870818,-0.3115369663337106,-0.3748141129063681,4.113279242474008,-1.962266593768148,3.079714475948291
51.0,36.0,137.03292846679688,-0.4994704904105852,2.537298291764253,-4.002791927661445,-2.937849164828964,-0.9351957023870818,-0.3115369663337106,-0.3748141129063681,4.113279242474008,-1.962266593768148,3.079714475948291
51.0,36.0,137.03683471679688,0.0321022421778464,1.67571165326518,-4.055598208069938,-3.1988236015149707,-1.1285455010269927,-0.7833677324809203,0.3879658594255839,2.9313092982379234,-2.019451707375571,2.005986921070839
51.0,36.0,137.04818725585938,-0.5177362782623461,2.6632295042743617,-3.990250908379335,-2.937849164828964,-1.0658342941491927,-0.427250252793304,-0.3305326146993282,4.113914751205021,-1.962459531508205,3.080827227073999
51.0,36.0,137.04818725585938,-0.518211172660811,2.6632295042743617,-3.990250908379335,-2.937849164828964,-1.0658513177614508,-0.4255949202648529,-0.3305326146993282,4.091903005273461,-1.9622506621869071,3.080827227073999
51.0,36.0,137.04818725585938,-0.4994704904105852,2.711926203513852,-3.990250908379335,-2.953674722714936,-1.0445264006971902,-0.4254387034551613,-0.3748141129063681,4.113914751205021,-1.962266593768148,3.080827227073999
51.0,36.0,137.04818725585938,-0.5177362782623461,2.6632295042743617,-3.990250908379335,-2.937849164828964,-1.0658342941491927,-0.427250252793304,-0.3305326146993282,4.113914751205021,-1.962459531508205,3.080827227073999
51.0,37.0,135.21543884277344,-0.4923643212915347,2.038809176886525,-4.054156212131039,-3.367298154962662,-0.9177683293187192,-0.4336166419737313,-0.4318798101427913,3.931224642695134,-2.018375989703632,2.5479852033541155
51.0,37.0,135.26864624023438,0.0373421399332568,1.7343804505894458,-3.91307074458864,-3.2013453688086626,-0.2104841614880571,-0.7770998756609033,0.3944380227873374,3.858542493330501,-1.3334206070963217,2.200708880811417
51.0,37.0,135.7825469970703,0.0208293994583202,1.680013456045222,-4.29207162297103,-3.1831018106477704,-1.0144715101661572,-0.7823984831270177,0.331694601906254,4.062801639567564,-1.343810087591206,2.009023697583975
51.0,37.0,135.83453369140625,0.0319800972136863,1.677139432410055,-4.302540075956653,-3.1800015950458094,-1.036083670768541,-0.7810209607675238,0.7507064745801633,3.820997111211396,-1.3434979221022505,2.024544339585613
51.0,37.0,135.9367218017578,0.0373421399332568,1.730680775357014,-3.913398960651632,-3.1806614800991326,-0.1610388403209376,-1.0039471322044538,0.3944380227873374,3.857187530230344,-1.3334206070963217,2.262488218243387
51.0,37.0,135.9367218017578,0.0265229921078545,1.730680775357014,-3.913398960651632,-3.1806614800991326,-0.1610388403209376,-1.0039471322044538,0.3944380227873374,3.857187530230344,-1.3334206070963217,2.262488218243387
51.0,37.0,135.9367218017578,0.0368227608662127,1.730680775357014,-3.913398960651632,-3.188555285133252,-0.1610388403209376,-1.0039471322044538,0.3944380227873374,3.857187530230344,-1.3334206070963217,2.262488218243387
51.0,37.0,135.997802734375,0.0325171196065291,1.680013456045222,-4.302540075956653,-3.1800015950458094,-1.0144715101661572,-0.7810209607675238,0.3710620211625005,3.8215881879263214,-1.343810087591206,2.024544339585613
51.0,37.0,136.41229248046875,0.2831704830769082,1.7890423586735549,-3.913398960651632,-3.297221626831457,-0.1615534184088003,-1.0039471322044538,0.3944380227873374,3.860354018176217,-1.3321205119014874,2.2551454795157846
51.0,37.0,136.47789001464844,0.0373421399332568,1.730680775357014,-3.913354631460464,-3.2943479361743906,-0.1723748339507372,-1.0015207869362166,0.3944380227873374,3.858542493330501,-1.3334206070963217,2.200327137598193
51.0,37.0,136.49075317382812,0.0373421399332568,1.3828830756994068,-3.913354631460464,-3.2943479361743906,-0.1723748339507372,-1.003978912763256,0.3944380227873374,3.858542493330501,-1.3334206070963217,2.200708880811417
51.0,37.0,136.49075317382812,0.0373421399332568,1.3828830756994068,-3.913354631460464,-3.259256971106896,-0.1723748339507372,-1.003978912763256,0.3944380227873374,3.858542493330501,-1.3334206070963217,2.200701463440797
51.0,37.0,136.54608154296875,0.0373421399332568,1.730680775357014,-3.913398960651632,-3.3037879287451166,-0.1610388403209376,-1.0039471322044538,0.3944380227873374,3.857187530230344,-1.3334206070963217,2.262488218243387
51.0,37.0,136.54608154296875,0.0373421399332568,1.730680775357014,-3.913398960651632,-3.297221626831457,-0.1615534184088003,-1.0039471322044538,0.3944380227873374,3.857187530230344,-1.3321205119014874,2.262488218243387
51.0,37.0,136.54608154296875,0.0373421399332568,1.730680775357014,-3.913398960651632,-3.297221626831457,-0.1615534184088003,-1.0039471322044538,0.3944380227873374,3.857187530230344,-1.3321205119014874,2.262488218243387
51.0,37.0,136.5885009765625,0.0370299633154311,1.730680775357014,-3.924235472533997,-3.198247891500199,-1.1285455010269927,-0.7778571099988302,0.6390247543757935,2.963486434515123,-2.024864042676115,2.17782011460744
51.0,37.0,136.62974548339844,0.0347265125017622,1.6945281211278322,-3.87975267624915,-3.918407617185041,-0.1664085071595263,-0.7761050764174346,-0.3640034084695984,3.8583916076872566,-1.3334206070963217,2.198216823402688
51.0,37.0,136.70291137695312,0.0347265125017622,1.693398141945413,-3.875826665573431,-3.918407617185041,-0.1664085071595263,-0.7761050764174346,-0.3640034084695984,3.8583916076872566,-1.3334206070963217,2.2670241888856664
51.0,37.0,136.74412536621094,0.0373421399332568,1.730680775357014,-4.057211740963159,-2.7625536896476497,-0.1721054608133521,-1.0039471322044538,0.6415734940634916,3.918884389236777,-1.3672197884202606,2.199945962919254
51.0,37.0,136.7534942626953,-0.4994704904105852,2.680289950855105,-4.002696823232514,-2.937849164828964,-0.9351957023870818,-0.4308403283639587,-0.3748141129063681,4.113283653790631,-1.962266593768148,3.176565151408492
51.0,37.0,136.7534942626953,-0.4994704904105852,2.5651755986692133,-4.002696823232514,-2.937849164828964,-0.9351957023870818,-0.4308403283639587,-0.3748141129063681,4.032972193257139,-1.962266593768148,3.176565151408492
51.0,37.0,136.7534942626953,-0.4994704904105852,2.684556598068343,-4.002696823232514,-2.937849164828964,-0.9351957023870818,-0.4308403283639587,-0.3748141129063681,4.113283653790631,-1.962266593768148,3.176565151408492
51.0,37.0,136.7534942626953,-0.4994704904105852,2.680289950855105,-4.002696823232514,-2.937849164828964,-0.9351957023870818,-0.4308403283639587,-0.3748141129063681,4.113283653790631,-1.962266593768148,3.176565151408492
51.0,37.0,136.7534942626953,-0.4994704904105852,2.683056539466306,-4.002696823232514,-2.937849164828964,-0.9351957023870818,-0.4308403283639587,-0.3748141129063681,4.090138513195326,-1.962266593768148,3.176565151408492
51.0,37.0,136.7534942626953,-0.4994704904105852,2.683056539466306,-4.002696823232514,-2.937849164828964,-0.9131032771276254,-0.4308403283639587,-0.3748141129063681,4.090138513195326,-1.981715427489413,3.176565151408492
51.0,37.0,136.7534942626953,-0.4994704904105852,2.561475056593669,-4.002696823232514,-2.937849164828964,-0.9351957023870818,-0.4308403283639587,-0.3748141129063681,4.032972193257139,-1.962266593768148,3.176565151408492
51.0,37.0,136.7534942626953,-0.4994704904105852,2.688257140143887,-4.002696823232514,-2.937849164828964,-0.9351957023870818,-0.4308403283639587,-0.3748141129063681,4.113283653790631,-1.962266593768148,3.176565151408492
51.0,37.0,136.7534942626953,-0.4886513425851829,2.688257140143887,-4.002696823232514,-2.937849164828964,-0.9351957023870818,-0.4308403283639587,-0.3748141129063681,4.113283653790631,-1.962266593768148,3.176565151408492
51.0,37.0,136.7534942626953,-0.4994704904105852,2.681842037206679,-4.002696823232514,-2.937562979477122,-0.9351957023870818,-0.4250427619777899,-0.3748141129063681,4.113283653790631,-1.962266593768148,3.176565151408492
51.0,37.0,136.7534942626953,-0.4886513425851829,2.688257140143887,-4.002696823232514,-2.937849164828964,-0.9351957023870818,-0.4308403283639587,-0.3748141129063681,4.113283653790631,-1.962266593768148,3.176565151408492
51.0,37.0,136.7534942626953,-0.4994704904105852,2.681842037206679,-4.002696823232514,-2.937562979477122,-0.9351957023870818,-0.4250427619777899,-0.3748141129063681,4.113283653790631,-1.962266593768148,3.176565151408492
51.0,37.0,136.7937774658203,-0.3243692108169195,2.711926203513852,-3.990250908379335,-2.953674722714936,-1.0445264006971902,-0.4254387034551613,-0.3748141129063681,4.113914751205021,-1.962266593768148,3.080827227073999
51.0,37.0,136.81448364257812,-0.4994704904105852,2.6632295042743617,-3.990250908379335,-2.953674722714936,-1.0451029145668411,-0.311138406616647,-0.3748141129063681,4.113914751205021,-1.962266593768148,3.080827227073999
51.0,37.0,136.81448364257812,-0.4994704904105852,2.6632295042743617,-3.990250908379335,-2.953674722714936,-1.0451029145668411,-0.311138406616647,-0.3748141129063681,4.113914751205021,-1.962266593768148,3.080827227073999
51.0,37.0,136.81448364257812,-0.4995021261278664,2.6632295042743617,-3.990250908379335,-2.9388165416043464,-1.0451029145668411,-0.300501544109205,-0.3748141129063681,4.113914751205021,-1.962266593768148,3.080827227073999
51.0,37.0,136.81448364257812,-0.4994704904105852,2.6639940989198507,-4.002696823232514,-2.937849164828964,-1.0452242639301383,-0.4336166419737313,-0.3748141129063681,3.931224642695134,-1.962266593768148,3.176565151408492
51.0,37.0,136.81448364257812,-0.4994704904105852,2.6632295042743617,-3.990250908379335,-2.953674722714936,-1.0451039440140766,-0.311138406616647,-0.3748141129063681,3.988333843689228,-1.962266593768148,3.080827227073999
51.0,37.0,136.81448364257812,-0.4995021261278664,2.6632295042743617,-3.990250908379335,-2.9388165416043464,-1.0451029145668411,-0.300501544109205,-0.3748141129063681,4.113914751205021,-1.962266593768148,3.080827227073999
51.0,37.0,136.8181915283203,0.0373421399332568,1.730680775357014,-4.057212600853904,-2.7625536896476497,-0.1721054608133521,-1.0039471322044538,0.6415734940634916,3.918884389236777,-1.3672197884202606,2.262488218243387
51.0,37.0,136.85716247558594,-0.0099655452748271,1.730680775357014,-4.057173037677767,-3.198247891500199,-1.1285455010269927,-0.7778571099988302,0.6415734940634916,2.963486434515123,-2.019451707375571,2.17782011460744
51.0,37.0,136.90231323242188,0.0319304282904354,1.6771388591933294,-4.302186693396156,-2.758737462846008,-0.9320890754014576,-0.7810276216235454,0.7918701273153776,2.926548385339553,-1.9855112106491728,2.023945784496727
51.0,37.0,136.914306640625,0.0373421399332568,1.730680775357014,-3.913354631460464,-3.3037879287451166,-0.1676451742513643,-0.7760654055232228,0.3944380227873374,3.858542493330501,-1.3334206070963217,2.266570371159897
51.0,37.0,136.914306640625,0.0347265125017622,1.730680775357014,-3.913360048647888,-3.3037879287451166,-0.1664085071595263,-0.7761050764174346,0.3944380227873374,3.858542493330501,-1.3334206070963217,2.2670241888856664
51.0,37.0,136.95614624023438,-0.4995028069656912,2.683056539466306,-4.002696823232514,-2.938775876481708,-1.0382360378972049,-0.4326067668043514,-0.3748141129063681,4.09064919682451,-1.981715427489413,3.349442796897014
51.0,37.0,136.9737548828125,-0.4994704904105852,2.567617073469676,-4.002696823232514,-2.937849164828964,-0.9351957023870818,-0.4308403283639587,-0.3748141129063681,4.113283653790631,-1.962266593768148,3.067167483883644
51.0,37.0,137.00999450683594,-0.4994704904105852,2.6639329040739312,-4.002696823232514,-2.937849164828964,-0.9351957023870818,-0.4308403283639587,-0.3748141129063681,4.090138513195326,-1.962266593768148,3.077611960813199
51.0,37.0,137.01046752929688,0.0419809834585367,1.730680775357014,-4.055598208069938,-3.198247891500199,-1.1285455010269927,-0.7834662302948481,0.3879658594255839,2.971436864407261,-2.019451707375571,2.17782011460744
51.0,37.0,137.01046752929688,0.0428094451008418,1.730680775357014,-4.055598208069938,-3.198247891500199,-1.1285455010269927,-0.7781226669745162,0.3879658594255839,2.9634655029123573,-2.019451707375571,2.17782011460744
51.0,37.0,137.01046752929688,0.0419809834585367,1.730680775357014,-4.055598208069938,-3.198247891500199,-1.1285455010269927,-0.7834662302948481,0.3879658594255839,2.971436864407261,-2.019451707375571,2.17782011460744
51.0,37.0,137.0238800048828,0.0419809834585367,1.730680775357014,-4.055598999291684,-3.198247891500199,-1.1322197580713331,-0.307983507839585,0.3879658594255839,2.971436864407261,-1.962636296193376,2.17782011460744
51.0,38.0,135.115966796875,0.0373539129338277,1.3293736854540243,-3.875826665573431,-3.270482755655405,-0.1610178551196412,-0.7705521820341836,0.4140990559272938,3.8583916076872566,-1.3334206070963217,2.2670241888856664
51.0,38.0,135.21543884277344,-0.4923643212915347,2.038809176886525,-4.054156212131039,-3.367298154962662,-0.9177683293187192,-0.4336166419737313,-0.4318798101427913,3.931224642695134,-2.018375989703632,2.5479852033541155
51.0,38.0,135.21543884277344,-0.4923643212915347,2.038809176886525,-4.035061003466526,-3.366714750237568,-0.9358543235211184,-0.4336260795680643,-0.4318798101427913,3.946699353983772,-2.018375989703632,2.5479852033541155
51.0,38.0,135.26864624023438,0.0373421399332568,1.7343804505894458,-3.91307074458864,-3.2013453688086626,-0.2104841614880571,-0.7770998756609033,0.3944380227873374,3.858542493330501,-1.3334206070963217,2.200708880811417
51.0,38.0,135.7825469970703,0.0208293994583202,1.680013456045222,-4.29207162297103,-3.1831018106477704,-1.0144715101661572,-0.7823984831270177,0.331694601906254,4.062801639567564,-1.343810087591206,2.009023697583975
51.0,38.0,135.83453369140625,0.0319800972136863,1.677139432410055,-4.302540075956653,-3.1800015950458094,-1.036083670768541,-0.7810209607675238,0.7507064745801633,3.820997111211396,-1.3434979221022505,2.024544339585613
51.0,38.0,135.93064880371094,0.0373421399332568,1.7263971115516572,-3.9133535032423072,-3.2606033326246124,-0.1615534184088003,-1.0039791822600372,0.3944380227873374,3.858540405843613,-1.3334058873830008,2.262488218243387
51.0,38.0,135.9367218017578,0.0373421399332568,1.730680775357014,-3.913398960651632,-3.1806614800991326,-0.1610388403209376,-1.0039471322044538,0.3944380227873374,3.857187530230344,-1.3334206070963217,2.262488218243387
51.0,38.0,135.9367218017578,0.0265229921078545,1.730680775357014,-3.913398960651632,-3.1806614800991326,-0.1610388403209376,-1.0039471322044538,0.3944380227873374,3.857187530230344,-1.3334206070963217,2.262488218243387
51.0,38.0,135.9367218017578,0.0368227608662127,1.730680775357014,-3.913398960651632,-3.188555285133252,-0.1610388403209376,-1.0039471322044538,0.3944380227873374,3.857187530230344,-1.3334206070963217,2.262488218243387
51.0,38.0,135.9367218017578,0.0265229921078545,1.730680775357014,-3.913398960651632,-3.1806614800991326,-0.1610388403209376,-1.0039471322044538,0.3944380227873374,3.857187530230344,-1.3334206070963217,2.262488218243387
51.0,38.0,135.9367218017578,0.0265229921078545,1.730680775357014,-3.913398960651632,-3.1806614800991326,-0.1610388403209376,-1.0039471322044538,0.3944380227873374,3.857187530230344,-1.3334206070963217,2.262488218243387
51.0,38.0,135.997802734375,0.0325171196065291,1.680013456045222,-4.302540075956653,-3.1800015950458094,-1.0144715101661572,-0.7810209607675238,0.3710620211625005,3.8215881879263214,-1.343810087591206,2.024544339585613
51.0,38.0,136.22714233398438,0.0368227608662127,1.1532114449549222,-3.913398960651632,-3.188555285133252,-0.097432443262139,-1.0039471322044538,0.3275354345602517,3.857187530230344,-1.3334206070963217,2.262488218243387
51.0,38.0,136.41229248046875,0.2831704830769082,1.7890423586735549,-3.913398960651632,-3.297221626831457,-0.1615534184088003,-1.0039471322044538,0.3944380227873374,3.860354018176217,-1.3321205119014874,2.2551454795157846
51.0,38.0,136.47789001464844,0.0373421399332568,1.730680775357014,-3.913354631460464,-3.2943479361743906,-0.1723748339507372,-1.0015207869362166,0.3944380227873374,3.858542493330501,-1.3334206070963217,2.200327137598193
51.0,38.0,136.49075317382812,0.0373421399332568,1.3828830756994068,-3.913354631460464,-3.2943479361743906,-0.1723748339507372,-1.003978912763256,0.3944380227873374,3.858542493330501,-1.3334206070963217,2.200708880811417
51.0,38.0,136.49075317382812,0.0373421399332568,1.3828830756994068,-3.913354631460464,-3.259256971106896,-0.1723748339507372,-1.003978912763256,0.3944380227873374,3.858542493330501,-1.3334206070963217,2.200701463440797
51.0,38.0,136.51226806640625,0.0373421399332568,1.730680775357014,-4.057212600853904,-2.7625536896476497,-0.5037315510594875,-1.0039471322044538,0.621874422525967,3.928257871195707,-1.331564347161177,2.262488218243387
51.0,38.0,136.54608154296875,0.0373421399332568,1.730680775357014,-3.913398960651632,-3.3037879287451166,-0.1610388403209376,-1.0039471322044538,0.3944380227873374,3.857187530230344,-1.3334206070963217,2.262488218243387
51.0,38.0,136.54608154296875,0.0373421399332568,1.730680775357014,-3.913398960651632,-3.297221626831457,-0.1615534184088003,-1.0039471322044538,0.3944380227873374,3.857187530230344,-1.3321205119014874,2.262488218243387
51.0,38.0,136.54608154296875,0.0373421399332568,1.730680775357014,-3.913398960651632,-3.297221626831457,-0.1615534184088003,-1.0039471322044538,0.3944380227873374,3.857187530230344,-1.3321205119014874,2.262488218243387
51.0,38.0,136.54608154296875,0.0373421399332568,1.730680775357014,-3.913398960651632,-3.3037661877018527,-0.1615534184088003,-1.0039471322044538,0.3944380227873374,3.857187530230344,-1.3321205119014874,2.262488218243387
51.0,38.0,136.5885009765625,0.0370299633154311,1.730680775357014,-3.924235472533997,-3.198247891500199,-1.1285455010269927,-0.7778571099988302,0.6390247543757935,2.963486434515123,-2.024864042676115,2.17782011460744
51.0,38.0,136.6139678955078,0.2811321864040893,1.7318108345565468,-3.9133594144195065,-3.3037879287451166,-0.1676451742513643,-1.0083065600029644,0.3944380227873374,3.858542493330501,-1.3334206070963217,2.266570371159897
51.0,38.0,136.6139678955078,0.2831704830769082,1.7890423586735549,-3.913398960651632,-3.297221626831457,-0.1615534184088003,-1.0039471322044538,0.414137094324862,3.8509805362172864,-1.367775953160571,2.2551454795157846
51.0,38.0,136.62974548339844,0.0347265125017622,1.6945281211278322,-3.87975267624915,-3.918407617185041,-0.1664085071595263,-0.7761050764174346,-0.3640034084695984,3.8583916076872566,-1.3334206070963217,2.198216823402688
51.0,38.0,136.686767578125,-0.4994704904105852,2.8375081758978573,-4.002696823232514,-2.938432569554058,-0.9171097081846828,-0.4308308907696258,-0.3748141129063681,4.097808942501993,-1.962266593768148,3.176565151408492
51.0,38.0,136.70291137695312,0.0347265125017622,1.693398141945413,-3.875826665573431,-3.918407617185041,-0.1664085071595263,-0.7761050764174346,-0.3640034084695984,3.8583916076872566,-1.3334206070963217,2.2670241888856664
51.0,38.0,136.74412536621094,0.0373421399332568,1.730680775357014,-4.057211740963159,-2.7625536896476497,-0.1721054608133521,-1.0039471322044538,0.6415734940634916,3.918884389236777,-1.3672197884202606,2.199945962919254
51.0,38.0,136.74412536621094,0.0373421399332568,1.730680775357014,-4.057211740963159,-2.7625536896476497,-0.1721054608133521,-1.0039803993150866,0.6415734940634916,3.918884389236777,-1.3657060017565363,2.199945962919254
51.0,38.0,136.7534942626953,-0.4994704904105852,2.680289950855105,-4.002696823232514,-2.937849164828964,-0.9351957023870818,-0.4308403283639587,-0.3748141129063681,4.113283653790631,-1.962266593768148,3.176565151408492
51.0,38.0,136.7534942626953,-0.4994704904105852,2.5651755986692133,-4.002696823232514,-2.937849164828964,-0.9351957023870818,-0.4308403283639587,-0.3748141129063681,4.032972193257139,-1.962266593768148,3.176565151408492
51.0,38.0,136.7534942626953,-0.4994704904105852,2.684556598068343,-4.002696823232514,-2.937849164828964,-0.9351957023870818,-0.4308403283639587,-0.3748141129063681,4.113283653790631,-1.962266593768148,3.176565151408492
51.0,38.0,136.7534942626953,-0.4994704904105852,2.680289950855105,-4.002696823232514,-2.937849164828964,-0.9351957023870818,-0.4308403283639587,-0.3748141129063681,4.113283653790631,-1.962266593768148,3.176565151408492
51.0,38.0,136.7534942626953,-0.4994704904105852,2.683056539466306,-4.002696823232514,-2.937849164828964,-0.9351957023870818,-0.4308403283639587,-0.3748141129063681,4.090138513195326,-1.962266593768148,3.176565151408492
51.0,38.0,136.7534942626953,-0.4994704904105852,2.683056539466306,-4.002696823232514,-2.937849164828964,-0.9131032771276254,-0.4308403283639587,-0.3748141129063681,4.090138513195326,-1.981715427489413,3.176565151408492
51.0,38.0,136.7534942626953,-0.4994704904105852,2.561475056593669,-4.002696823232514,-2.937849164828964,-0.9351957023870818,-0.4308403283639587,-0.3748141129063681,4.032972193257139,-1.962266593768148,3.176565151408492
51.0,38.0,136.7534942626953,-0.4994704904105852,2.688257140143887,-4.002696823232514,-2.937849164828964,-0.9351957023870818,-0.4308403283639587,-0.3748141129063681,4.113283653790631,-1.962266593768148,3.176565151408492
51.0,38.0,136.7534942626953,-0.4886513425851829,2.688257140143887,-4.002696823232514,-2.937849164828964,-0.9351957023870818,-0.4308403283639587,-0.3748141129063681,4.113283653790631,-1.962266593768148,3.176565151408492
51.0,38.0,136.7534942626953,-0.4994704904105852,2.681842037206679,-4.002696823232514,-2.937562979477122,-0.9351957023870818,-0.4250427619777899,-0.3748141129063681,4.113283653790631,-1.962266593768148,3.176565151408492
51.0,38.0,136.7534942626953,-0.4886513425851829,2.688257140143887,-4.002696823232514,-2.937849164828964,-0.9351957023870818,-0.4308403283639587,-0.3748141129063681,4.113283653790631,-1.962266593768148,3.176565151408492
51.0,38.0,136.7534942626953,-0.4994704904105852,2.681842037206679,-4.002696823232514,-2.937562979477122,-0.9351957023870818,-0.4250427619777899,-0.3748141129063681,4.113283653790631,-1.962266593768148,3.176565151408492
51.0,38.0,136.7534942626953,-0.4889693432565685,2.5567397342732576,-4.002696823232514,-2.937849164828964,-0.9351957023870818,-0.4308403283639587,-0.3748141129063681,3.9399811700461496,-1.962266593768148,3.176565151408492
51.0,38.0,136.7534942626953,-0.4994704904105852,2.569883060081536,-4.002696823232514,-2.937849164828964,-0.9353602508298936,-0.4308403283639587,-0.3748141129063681,4.042108700234443,-1.962266593768148,3.176565151408492
51.0,38.0,136.7534942626953,-0.4994704904105852,2.6818851730664903,-4.002696823232514,-2.937533591968157,-0.9351957023870818,-0.4250427619777899,-0.3748141129063681,4.113283653790631,-1.962266593768148,3.176565151408492
51.0,38.0,136.7534942626953,-0.4991524897391997,2.696693004539842,-4.002696823232514,-2.937849164828964,-0.9351957023870818,-0.4308403283639587,-0.3748141129063681,4.111917155368471,-1.962266593768148,3.176565151408492
51.0,38.0,136.7937774658203,-0.3243692108169195,2.711926203513852,-3.990250908379335,-2.953674722714936,-1.0445264006971902,-0.4254387034551613,-0.3748141129063681,4.113914751205021,-1.962266593768148,3.080827227073999
51.0,38.0,136.80746459960938,0.0373421399332568,1.4053942657924388,-4.300834194919411,-3.1806614800991326,-0.1610388403209376,-1.0039471322044538,0.3944380227873374,3.858260746041801,-1.3334206070963217,2.262488218243387
51.0,38.0,136.80960083007812,-0.5066035133454917,1.7312536320684917,-3.99665745905532,-3.1800015950458094,-1.036083670768541,-0.4309858200447387,0.7507064745801633,4.1050649221993325,-1.3434979221022505,2.024544339585613
51.0,39.0,134.31703186035156,0.2833403839635361,1.1683141243925164,-3.913398960651632,-3.2715835741739925,-0.0986901511279722,-0.7656930304474613,0.3275354345602517,3.8572188810708616,-1.3334206070963217,2.262488218243387
51.0,39.0,135.115966796875,0.0373539129338277,1.3293736854540243,-3.875826665573431,-3.270482755655405,-0.1610178551196412,-0.7705521820341836,0.4140990559272938,3.8583916076872566,-1.3334206070963217,2.2670241888856664
51.0,39.0,135.21543884277344,-0.4923643212915347,2.038809176886525,-4.054156212131039,-3.367298154962662,-0.9177683293187192,-0.4336166419737313,-0.4318798101427913,3.931224642695134,-2.018375989703632,2.5479852033541155
51.0,39.0,135.21543884277344,-0.4923643212915347,2.038809176886525,-4.035061003466526,-3.366714750237568,-0.9358543235211184,-0.4336260795680643,-0.4318798101427913,3.946699353983772,-2.018375989703632,2.5479852033541155
51.0,39.0,135.21543884277344,-0.4923643212915347,2.038809176886525,-4.035061003466526,-3.366714750237568,-0.9358543235211184,-0.4336260795680643,-0.4318798101427913,3.946699353983772,-2.018375989703632,2.524328340459388
51.0,39.0,135.21543884277344,-0.4923643212915347,2.038809176886525,-4.035061003466526,-3.366714750237568,-0.9358543235211184,-0.4336260795680643,-0.4318798101427913,3.946699353983772,-2.018375989703632,2.5479852033541155
51.0,39.0,135.26864624023438,0.0373421399332568,1.7343804505894458,-3.91307074458864,-3.2013453688086626,-0.2104841614880571,-0.7770998756609033,0.3944380227873374,3.858542493330501,-1.3334206070963217,2.200708880811417
51.0,39.0,135.72276306152344,0.0373421399332568,1.7337224791065495,-3.91307074458864,-3.0317247149048923,-0.171653027804159,-0.7770998756609033,0.3944380227873374,3.858542493330501,-1.3334206070963217,2.200708880811417
51.0,39.0,135.7825469970703,0.0208293994583202,1.680013456045222,-4.29207162297103,-3.1831018106477704,-1.0144715101661572,-0.7823984831270177,0.331694601906254,4.062801639567564,-1.343810087591206,2.009023697583975
51.0,39.0,135.7825469970703,0.0208293994583202,1.680013456045222,-4.29207162297103,-3.1831018106477704,-1.0144715101661572,-0.7823984831270177,0.2797321904161633,4.062801639567564,-1.343810087591206,2.009023697583975
51.0,39.0,135.83453369140625,0.0319800972136863,1.677139432410055,-4.302540075956653,-3.1800015950458094,-1.036083670768541,-0.7810209607675238,0.7507064745801633,3.820997111211396,-1.3434979221022505,2.024544339585613
51.0,39.0,135.93064880371094,0.0373421399332568,1.7263971115516572,-3.9133535032423072,-3.2606033326246124,-0.1615534184088003,-1.0039791822600372,0.3944380227873374,3.858540405843613,-1.3334058873830008,2.262488218243387
51.0,39.0,135.9367218017578,0.0373421399332568,1.730680775357014,-3.913398960651632,-3.1806614800991326,-0.1610388403209376,-1.0039471322044538,0.3944380227873374,3.857187530230344,-1.3334206070963217,2.262488218243387
51.0,39.0,135.9367218017578,0.0265229921078545,1.730680775357014,-3.913398960651632,-3.1806614800991326,-0.1610388403209376,-1.0039471322044538,0.3944380227873374,3.857187530230344,-1.3334206070963217,2.262488218243387
51.0,39.0,135.9367218017578,0.0368227608662127,1.730680775357014,-3.913398960651632,-3.188555285133252,-0.1610388403209376,-1.0039471322044538,0.3944380227873374,3.857187530230344,-1.3334206070963217,2.262488218243387
51.0,39.0,135.9367218017578,0.0265229921078545,1.730680775357014,-3.913398960651632,-3.1806614800991326,-0.1610388403209376,-1.0039471322044538,0.3944380227873374,3.857187530230344,-1.3334206070963217,2.262488218243387
51.0,39.0,135.9367218017578,0.0265229921078545,1.730680775357014,-3.913398960651632,-3.1806614800991326,-0.1610388403209376,-1.0039471322044538,0.3944380227873374,3.857187530230344,-1.3334206070963217,2.262488218243387
51.0,39.0,135.9367218017578,0.0258252956051518,1.730680775357014,-3.913398960651632,-3.1806614800991326,-0.1610388403209376,-1.0039471322044538,0.3944380227873374,3.857187530230344,-1.3334206070963217,2.262488218243387
51.0,39.0,135.997802734375,0.0325171196065291,1.680013456045222,-4.302540075956653,-3.1800015950458094,-1.0144715101661572,-0.7810209607675238,0.3710620211625005,3.8215881879263214,-1.343810087591206,2.024544339585613
51.0,39.0,136.0106201171875,0.0380398364359595,1.730680775357014,-3.913398960651632,-3.1806614800991326,-0.1610388403209376,-1.0039471322044538,0.3944380227873374,3.857187530230344,-1.3334206070963217,2.262488218243387
51.0,39.0,136.16001892089844,0.1081031443784873,1.7318108345565468,-3.9133594144195065,-3.3037879287451166,-0.1676451742513643,-1.00821096380042,0.3944380227873374,3.857244364505502,-1.3334206070963217,2.262423499363064
51.0,39.0,136.22714233398438,0.0368227608662127,1.1532114449549222,-3.913398960651632,-3.188555285133252,-0.097432443262139,-1.0039471322044538,0.3275354345602517,3.857187530230344,-1.3334206070963217,2.262488218243387
51.0,39.0,136.22714233398438,0.0373768803198083,1.3142710060164302,-3.875826665573431,-3.187454466614665,-0.1597601472538081,-1.008806283791176,0.4140990559272938,3.8583602568467392,-1.3334206070963217,2.2670241888856664
51.0,39.0,136.40835571289062,0.0373233500645665,1.4624402858304597,-3.913354631460464,-3.172770964688993,-0.1723748339507372,-0.997032004716806,0.3944380227873374,3.858542493330501,-1.3334206070963217,2.200327137598193
51.0,39.0,136.41229248046875,0.2831704830769082,1.7890423586735549,-3.913398960651632,-3.297221626831457,-0.1615534184088003,-1.0039471322044538,0.3944380227873374,3.860354018176217,-1.3321205119014874,2.2551454795157846
51.0,39.0,136.45858764648438,0.0347265125017622,1.6947705092313905,-3.87975267624915,-3.623942120852393,-0.1664085071595263,-0.7359791952379752,-0.3744004944640565,3.8583916076872566,-1.979706792314213,2.1983510683485634
51.0,39.0,136.47789001464844,0.0373421399332568,1.730680775357014,-3.913354631460464,-3.2943479361743906,-0.1723748339507372,-1.0015207869362166,0.3944380227873374,3.858542493330501,-1.3334206070963217,2.200327137598193
51.0,39.0,136.49075317382812,0.0373421399332568,1.3828830756994068,-3.913354631460464,-3.2943479361743906,-0.1723748339507372,-1.003978912763256,0.3944380227873374,3.858542493330501,-1.3334206070963217,2.200708880811417
51.0,39.0,136.49075317382812,0.0373421399332568,1.3828830756994068,-3.913354631460464,-3.259256971106896,-0.1723748339507372,-1.003978912763256,0.3944380227873374,3.858542493330501,-1.3334206070963217,2.200701463440797
51.0,39.0,136.49075317382812,0.0723253688076756,1.3828830756994068,-3.913354631460464,-3.260726839224895,-0.1723748339507372,-1.003978912763256,0.3942648667655868,3.858542493330501,-1.3330549725749152,2.200115278098935
51.0,39.0,136.51226806640625,0.0373421399332568,1.730680775357014,-4.057212600853904,-2.7625536896476497,-0.5037315510594875,-1.0039471322044538,0.621874422525967,3.928257871195707,-1.331564347161177,2.262488218243387
51.0,39.0,136.54608154296875,0.0373421399332568,1.730680775357014,-3.913398960651632,-3.3037879287451166,-0.1610388403209376,-1.0039471322044538,0.3944380227873374,3.857187530230344,-1.3334206070963217,2.262488218243387
51.0,39.0,136.54608154296875,0.0373421399332568,1.730680775357014,-3.913398960651632,-3.297221626831457,-0.1615534184088003,-1.0039471322044538,0.3944380227873374,3.857187530230344,-1.3321205119014874,2.262488218243387
51.0,39.0,136.54608154296875,0.0373421399332568,1.730680775357014,-3.913398960651632,-3.297221626831457,-0.1615534184088003,-1.0039471322044538,0.3944380227873374,3.857187530230344,-1.3321205119014874,2.262488218243387
51.0,39.0,136.54608154296875,0.0373421399332568,1.730680775357014,-3.913398960651632,-3.3037661877018527,-0.1615534184088003,-1.0039471322044538,0.3944380227873374,3.857187530230344,-1.3321205119014874,2.262488218243387
51.0,39.0,136.5885009765625,0.0370299633154311,1.730680775357014,-3.924235472533997,-3.198247891500199,-1.1285455010269927,-0.7778571099988302,0.6390247543757935,2.963486434515123,-2.024864042676115,2.17782011460744
51.0,39.0,136.6139678955078,0.2811321864040893,1.7318108345565468,-3.9133594144195065,-3.3037879287451166,-0.1676451742513643,-1.0083065600029644,0.3944380227873374,3.858542493330501,-1.3334206070963217,2.266570371159897
51.0,39.0,136.6139678955078,0.2831704830769082,1.7890423586735549,-3.913398960651632,-3.297221626831457,-0.1615534184088003,-1.0039471322044538,0.414137094324862,3.8509805362172864,-1.367775953160571,2.2551454795157846
51.0,39.0,136.62974548339844,0.0347265125017622,1.6945281211278322,-3.87975267624915,-3.918407617185041,-0.1664085071595263,-0.7761050764174346,-0.3640034084695984,3.8583916076872566,-1.3334206070963217,2.198216823402688
51.0,39.0,136.686767578125,-0.4994704904105852,2.8375081758978573,-4.002696823232514,-2.938432569554058,-0.9171097081846828,-0.4308308907696258,-0.3748141129063681,4.097808942501993,-1.962266593768148,3.176565151408492
51.0,39.0,136.69496154785156,0.0373421399332568,1.730680775357014,-3.915163165399188,-2.7728657929241805,-0.1721054608133521,-1.0039493182286343,0.6415734940634916,4.046703950526412,-1.331421170567386,2.257954852189304
51.0,39.0,136.69821166992188,0.481063372169102,1.730680775357014,-3.913398960651632,-3.0441154098055137,-0.1610388403209376,-1.0039471322044538,0.3944380227873374,3.857187530230344,-1.3334206070963217,2.262488218243387
51.0,39.0,136.70291137695312,0.0347265125017622,1.693398141945413,-3.875826665573431,-3.918407617185041,-0.1664085071595263,-0.7761050764174346,-0.3640034084695984,3.8583916076872566,-1.3334206070963217,2.2670241888856664
51.0,39.0,136.72434997558594,0.3796381435664697,1.7313483502363145,-3.875826665573431,-3.993132802922109,-0.1664085071595263,-0.7761050764174346,-0.3745408150660693,3.8583916076872566,-1.3334206070963217,2.2580237178824736
51.0,39.0,136.7285919189453,0.0291866954118442,1.7890423586735549,-3.913398960651632,-3.2957517587134584,-0.1615534184088003,-1.0039471322044538,-0.0519699664334945,3.8509805362172864,-1.3681415876819776,2.255731664857646
51.0,39.0,136.73521423339844,0.0368227608662127,1.730680775357014,-3.913398960651632,-3.188555285133252,-0.1610388403209376,-0.3006440670676207,0.3944380227873374,3.858485659055343,-1.3334206070963217,2.266635090040221
51.0,39.0,136.74412536621094,0.0373421399332568,1.730680775357014,-4.057211740963159,-2.7625536896476497,-0.1721054608133521,-1.0039471322044538,0.6415734940634916,3.918884389236777,-1.3672197884202606,2.199945962919254
51.0,39.0,136.74412536621094,0.0373421399332568,1.730680775357014,-4.057211740963159,-2.7625536896476497,-0.1721054608133521,-1.0039803993150866,0.6415734940634916,3.918884389236777,-1.3657060017565363,2.199945962919254
51.0,39.0,136.7534942626953,-0.4994704904105852,2.680289950855105,-4.002696823232514,-2.937849164828964,-0.9351957023870818,-0.4308403283639587,-0.3748141129063681,4.113283653790631,-1.962266593768148,3.176565151408492
51.0,39.0,136.7534942626953,-0.4994704904105852,2.5651755986692133,-4.002696823232514,-2.937849164828964,-0.9351957023870818,-0.4308403283639587,-0.3748141129063681,4.032972193257139,-1.962266593768148,3.176565151408492
51.0,40.0,134.31703186035156,0.2833403839635361,1.1683141243925164,-3.913398960651632,-3.2715835741739925,-0.0986901511279722,-0.7656930304474613,0.3275354345602517,3.8572188810708616,-1.3334206070963217,2.262488218243387
51.0,40.0,134.85971069335938,0.0368206213533405,1.1532114449549222,-3.913398960651632,-3.201282318292773,-0.2113718231951524,-1.0004819646966188,0.3275354345602517,3.8571139940067054,-1.3334206070963217,2.194917103290948
51.0,40.0,134.90582275390625,0.0373539129338277,1.3293736854540243,-3.875826665573431,-3.3687414648830742,-0.1610178551196412,-0.7705521820341836,0.4140990559272938,3.8583916076872566,-1.3334206070963217,2.273770014738026
51.0,40.0,135.115966796875,0.0373539129338277,1.3293736854540243,-3.875826665573431,-3.270482755655405,-0.1610178551196412,-0.7705521820341836,0.4140990559272938,3.8583916076872566,-1.3334206070963217,2.2670241888856664
51.0,40.0,135.21543884277344,-0.4923643212915347,2.038809176886525,-4.054156212131039,-3.367298154962662,-0.9177683293187192,-0.4336166419737313,-0.4318798101427913,3.931224642695134,-2.018375989703632,2.5479852033541155
51.0,40.0,135.21543884277344,-0.4923643212915347,2.038809176886525,-4.035061003466526,-3.366714750237568,-0.9358543235211184,-0.4336260795680643,-0.4318798101427913,3.946699353983772,-2.018375989703632,2.5479852033541155
51.0,40.0,135.21543884277344,-0.4923643212915347,2.038809176886525,-4.035061003466526,-3.366714750237568,-0.9358543235211184,-0.4336260795680643,-0.4318798101427913,3.946699353983772,-2.018375989703632,2.524328340459388
51.0,40.0,135.21543884277344,-0.4923643212915347,2.038809176886525,-4.035061003466526,-3.366714750237568,-0.9358543235211184,-0.4336260795680643,-0.4318798101427913,3.946699353983772,-2.018375989703632,2.5479852033541155
51.0,40.0,135.21543884277344,-0.4923643212915347,2.038809176886525,-4.035061003466526,-3.366714750237568,-0.9358543235211184,-0.4336260795680643,-0.4318798101427913,3.946699353983772,-2.018375989703632,2.5479852033541155
51.0,40.0,135.26864624023438,0.0373421399332568,1.7343804505894458,-3.91307074458864,-3.2013453688086626,-0.2104841614880571,-0.7770998756609033,0.3944380227873374,3.858542493330501,-1.3334206070963217,2.200708880811417
51.0,40.0,135.26864624023438,0.0373421399332568,1.7307420717828483,-3.91307074458864,-3.2013453688086626,-0.2105226045335,-0.7770998756609033,0.3944380227873374,3.858542493330501,-1.3334206070963217,2.200329378797328
51.0,40.0,135.45985412597656,0.037344279446129,1.7343804505894458,-3.91307074458864,-3.1886183356491413,-0.0965447815550438,-0.7805650431687384,0.3944380227873374,3.858616029554138,-1.3334206070963217,2.268279995763857
51.0,40.0,135.72276306152344,0.0373421399332568,1.7337224791065495,-3.91307074458864,-3.0317247149048923,-0.171653027804159,-0.7770998756609033,0.3944380227873374,3.858542493330501,-1.3334206070963217,2.200708880811417
51.0,40.0,135.7825469970703,0.0208293994583202,1.680013456045222,-4.29207162297103,-3.1831018106477704,-1.0144715101661572,-0.7823984831270177,0.331694601906254,4.062801639567564,-1.343810087591206,2.009023697583975
51.0,40.0,135.7825469970703,0.0208293994583202,1.680013456045222,-4.29207162297103,-3.1831018106477704,-1.0144715101661572,-0.7823984831270177,0.2797321904161633,4.062801639567564,-1.343810087591206,2.009023697583975
51.0,40.0,135.7825469970703,0.0204220188429779,1.684985353027204,-4.2962594617937695,-3.290171088483984,-1.0144715101661572,-0.7823984831270177,0.2797321904161633,4.062801639567564,-1.343810087591206,2.009023697583975
51.0,40.0,135.83453369140625,0.0319800972136863,1.677139432410055,-4.302540075956653,-3.1800015950458094,-1.036083670768541,-0.7810209607675238,0.7507064745801633,3.820997111211396,-1.3434979221022505,2.024544339585613
51.0,40.0,135.93064880371094,0.0373421399332568,1.7263971115516572,-3.9133535032423072,-3.2606033326246124,-0.1615534184088003,-1.0039791822600372,0.3944380227873374,3.858540405843613,-1.3334058873830008,2.262488218243387
51.0,40.0,135.9367218017578,0.0373421399332568,1.730680775357014,-3.913398960651632,-3.1806614800991326,-0.1610388403209376,-1.0039471322044538,0.3944380227873374,3.857187530230344,-1.3334206070963217,2.262488218243387
51.0,40.0,135.9367218017578,0.0265229921078545,1.730680775357014,-3.913398960651632,-3.1806614800991326,-0.1610388403209376,-1.0039471322044538,0.3944380227873374,3.857187530230344,-1.3334206070963217,2.262488218243387
51.0,40.0,135.9367218017578,0.0368227608662127,1.730680775357014,-3.913398960651632,-3.188555285133252,-0.1610388403209376,-1.0039471322044538,0.3944380227873374,3.857187530230344,-1.3334206070963217,2.262488218243387
51.0,40.0,135.9367218017578,0.0265229921078545,1.730680775357014,-3.913398960651632,-3.1806614800991326,-0.1610388403209376,-1.0039471322044538,0.3944380227873374,3.857187530230344,-1.3334206070963217,2.262488218243387
51.0,40.0,135.9367218017578,0.0265229921078545,1.730680775357014,-3.913398960651632,-3.1806614800991326,-0.1610388403209376,-1.0039471322044538,0.3944380227873374,3.857187530230344,-1.3334206070963217,2.262488218243387
51.0,40.0,135.9367218017578,0.0258252956051518,1.730680775357014,-3.913398960651632,-3.1806614800991326,-0.1610388403209376,-1.0039471322044538,0.3944380227873374,3.857187530230344,-1.3334206070963217,2.262488218243387
51.0,40.0,135.9367218017578,0.0258252956051518,1.730680775357014,-3.913398960651632,-3.1806614800991326,-0.1610388403209376,-1.0039471322044538,0.3944380227873374,3.857187530230344,-1.3334206070963217,2.262488218243387
51.0,40.0,135.9367218017578,0.0258252956051518,1.730680775357014,-3.913398960651632,-3.1806614800991326,-0.1610388403209376,-1.0039471322044538,0.3944380227873374,3.857187530230344,-1.3334206070963217,2.262488218243387
51.0,40.0,135.997802734375,0.0325171196065291,1.680013456045222,-4.302540075956653,-3.1800015950458094,-1.0144715101661572,-0.7810209607675238,0.3710620211625005,3.8215881879263214,-1.343810087591206,2.024544339585613
51.0,40.0,136.00277709960938,0.2833403839635361,1.1253218684164057,-3.913398960651632,-3.276416959732497,-0.0986901511279722,-0.7656930304474613,0.3275354345602517,3.857191449053699,-1.3334206070963217,2.262488218243387
51.0,40.0,136.0106201171875,0.0380398364359595,1.730680775357014,-3.913398960651632,-3.1806614800991326,-0.1610388403209376,-1.0039471322044538,0.3944380227873374,3.857187530230344,-1.3334206070963217,2.262488218243387
51.0,40.0,136.16001892089844,0.1081031443784873,1.7318108345565468,-3.9133594144195065,-3.3037879287451166,-0.1676451742513643,-1.00821096380042,0.3944380227873374,3.857244364505502,-1.3334206070963217,2.262423499363064
51.0,40.0,136.22714233398438,0.0368227608662127,1.1532114449549222,-3.913398960651632,-3.188555285133252,-0.097432443262139,-1.0039471322044538,0.3275354345602517,3.857187530230344,-1.3334206070963217,2.262488218243387
51.0,40.0,136.22714233398438,0.0373768803198083,1.3142710060164302,-3.875826665573431,-3.187454466614665,-0.1597601472538081,-1.008806283791176,0.4140990559272938,3.8583602568467392,-1.3334206070963217,2.2670241888856664
51.0,40.0,136.22714233398438,0.0368227608662127,1.23122580816862,-3.913398960651632,-3.188555285133252,-0.0993299239866102,-1.0039471322044538,0.3275354345602517,3.857187530230344,-1.3334206070963217,2.263787027046623
51.0,40.0,136.40835571289062,0.0373233500645665,1.4624402858304597,-3.913354631460464,-3.172770964688993,-0.1723748339507372,-0.997032004716806,0.3944380227873374,3.858542493330501,-1.3334206070963217,2.200327137598193
51.0,40.0,136.41229248046875,0.2831704830769082,1.7890423586735549,-3.913398960651632,-3.297221626831457,-0.1615534184088003,-1.0039471322044538,0.3944380227873374,3.860354018176217,-1.3321205119014874,2.2551454795157846
51.0,40.0,136.41229248046875,0.3392376375971261,1.7890423586735549,-3.918665628490834,-3.298628191861644,-0.148672888681312,-1.0039471322044538,0.3944380227873374,3.860354018176217,-1.3645848920314396,2.2551454795157846
51.0,40.0,136.45858764648438,0.0347265125017622,1.6947705092313905,-3.87975267624915,-3.623942120852393,-0.1664085071595263,-0.7359791952379752,-0.3744004944640565,3.8583916076872566,-1.979706792314213,2.1983510683485634
51.0,40.0,136.47789001464844,0.0373421399332568,1.730680775357014,-3.913354631460464,-3.2943479361743906,-0.1723748339507372,-1.0015207869362166,0.3944380227873374,3.858542493330501,-1.3334206070963217,2.200327137598193
51.0,40.0,136.49075317382812,0.0373421399332568,1.3828830756994068,-3.913354631460464,-3.2943479361743906,-0.1723748339507372,-1.003978912763256,0.3944380227873374,3.858542493330501,-1.3334206070963217,2.200708880811417
51.0,40.0,136.49075317382812,0.0373421399332568,1.3828830756994068,-3.913354631460464,-3.259256971106896,-0.1723748339507372,-1.003978912763256,0.3944380227873374,3.858542493330501,-1.3334206070963217,2.200701463440797
51.0,40.0,136.49075317382812,0.0723253688076756,1.3828830756994068,-3.913354631460464,-3.260726839224895,-0.1723748339507372,-1.003978912763256,0.3942648667655868,3.858542493330501,-1.3330549725749152,2.200115278098935
51.0,40.0,136.51226806640625,0.0373421399332568,1.730680775357014,-4.057212600853904,-2.7625536896476497,-0.5037315510594875,-1.0039471322044538,0.621874422525967,3.928257871195707,-1.331564347161177,2.262488218243387
51.0,40.0,136.51226806640625,0.0373421399332568,1.730680775357014,-4.057212600853904,-2.757345111189692,-0.5050903775780061,-1.0039471322044538,0.3918059593535731,3.928257871195707,-1.331505968945818,2.262488218243387
51.0,40.0,136.54608154296875,0.0373421399332568,1.730680775357014,-3.913398960651632,-3.3037879287451166,-0.1610388403209376,-1.0039471322044538,0.3944380227873374,3.857187530230344,-1.3334206070963217,2.262488218243387
51.0,40.0,136.54608154296875,0.0373421399332568,1.730680775357014,-3.913398960651632,-3.297221626831457,-0.1615534184088003,-1.0039471322044538,0.3944380227873374,3.857187530230344,-1.3321205119014874,2.262488218243387
51.0,40.0,136.54608154296875,0.0373421399332568,1.730680775357014,-3.913398960651632,-3.297221626831457,-0.1615534184088003,-1.0039471322044538,0.3944380227873374,3.857187530230344,-1.3321205119014874,2.262488218243387
51.0,40.0,136.54608154296875,0.0373421399332568,1.730680775357014,-3.913398960651632,-3.3037661877018527,-0.1615534184088003,-1.0039471322044538,0.3944380227873374,3.857187530230344,-1.3321205119014874,2.262488218243387
51.0,40.0,136.55410766601562,0.2790014955467459,1.7271038684616646,-3.913398960651632,-3.1806614800991326,-0.0986158805464734,-1.0039471322044538,0.3944380227873374,3.857187530230344,-1.3334206070963217,2.262488218243387
51.0,40.0,136.5885009765625,0.0370299633154311,1.730680775357014,-3.924235472533997,-3.198247891500199,-1.1285455010269927,-0.7778571099988302,0.6390247543757935,2.963486434515123,-2.024864042676115,2.17782011460744
51.0,40.0,136.6139678955078,0.2811321864040893,1.7318108345565468,-3.9133594144195065,-3.3037879287451166,-0.1676451742513643,-1.0083065600029644,0.3944380227873374,3.858542493330501,-1.3334206070963217,2.266570371159897
51.0,41.0,134.31703186035156,0.2833403839635361,1.1683141243925164,-3.913398960651632,-3.2715835741739925,-0.0986901511279722,-0.7656930304474613,0.3275354345602517,3.8572188810708616,-1.3334206070963217,2.262488218243387
51.0,41.0,134.32681274414062,0.0210232999944421,1.3828830756994068,-4.296612307573895,-3.2942074213180272,-1.0224702967715729,-0.9941197104410594,0.3944380227873374,3.860234288364985,-1.3334206070963217,2.0096202416371507
51.0,41.0,134.85971069335938,0.0368206213533405,1.1532114449549222,-3.913398960651632,-3.201282318292773,-0.2113718231951524,-1.0004819646966188,0.3275354345602517,3.8571139940067054,-1.3334206070963217,2.194917103290948
51.0,41.0,134.85971069335938,0.0368206213533405,1.1532114449549222,-3.913398960651632,-3.201282318292773,-0.2113718231951524,-1.0004819646966188,0.3275354345602517,3.851180187660313,-1.3334206070963217,2.194917103290948
51.0,41.0,134.90582275390625,0.0373539129338277,1.3293736854540243,-3.875826665573431,-3.3687414648830742,-0.1610178551196412,-0.7705521820341836,0.4140990559272938,3.8583916076872566,-1.3334206070963217,2.273770014738026
51.0,41.0,135.0217742919922,0.0373421399332568,1.5294806481469272,-3.876078633922528,-3.2013453688086626,-0.156245085778545,-0.770858315778517,0.3944380227873374,3.858542493330501,-1.3334206070963217,2.200329378797328
51.0,41.0,135.115966796875,0.0373539129338277,1.3293736854540243,-3.875826665573431,-3.270482755655405,-0.1610178551196412,-0.7705521820341836,0.4140990559272938,3.8583916076872566,-1.3334206070963217,2.2670241888856664
51.0,41.0,135.115966796875,0.037344279446129,1.7343804505894458,-3.9133453851998974,-3.1886183356491413,-0.1620757379905751,-0.7805650431687384,0.3944380227873374,3.858616029554138,-1.3746084907134857,2.262417456462168
51.0,41.0,135.137939453125,0.0264312652163377,1.3293736854540243,-3.875769923933455,-3.170615344115181,-0.1610178551196412,-0.7756439383317603,0.4140990559272938,3.8583916076872566,-1.3334206070963217,2.2627548938411906
51.0,41.0,135.137939453125,0.0381499012763669,1.326486565186117,-3.9141536602283145,-3.1771412743569947,-0.1610181104339382,-0.7705521820341836,0.3946375435324915,3.858259632140246,-1.3334206070963217,2.267101009863083
51.0,41.0,135.21543884277344,-0.4923643212915347,2.038809176886525,-4.054156212131039,-3.367298154962662,-0.9177683293187192,-0.4336166419737313,-0.4318798101427913,3.931224642695134,-2.018375989703632,2.5479852033541155
51.0,41.0,135.21543884277344,-0.4923643212915347,2.038809176886525,-4.035061003466526,-3.366714750237568,-0.9358543235211184,-0.4336260795680643,-0.4318798101427913,3.946699353983772,-2.018375989703632,2.5479852033541155
51.0,41.0,135.21543884277344,-0.4923643212915347,2.038809176886525,-4.035061003466526,-3.366714750237568,-0.9358543235211184,-0.4336260795680643,-0.4318798101427913,3.946699353983772,-2.018375989703632,2.524328340459388
51.0,41.0,135.21543884277344,-0.4923643212915347,2.038809176886525,-4.035061003466526,-3.366714750237568,-0.9358543235211184,-0.4336260795680643,-0.4318798101427913,3.946699353983772,-2.018375989703632,2.5479852033541155
51.0,41.0,135.21543884277344,-0.4923643212915347,2.038809176886525,-4.035061003466526,-3.366714750237568,-0.9358543235211184,-0.4336260795680643,-0.4318798101427913,3.946699353983772,-2.018375989703632,2.5479852033541155
51.0,41.0,135.21543884277344,-0.4923643212915347,2.038809176886525,-4.055013329645688,-3.367298154962662,-0.9177683293187192,-0.4336166419737313,-0.4318798101427913,3.931600832402845,-2.018375989703632,2.5479852033541155
51.0,41.0,135.21543884277344,-0.4923643212915347,2.038809176886525,-4.034203885951876,-3.366714750237568,-0.9358543235211184,-0.4336260795680643,-0.4318798101427913,3.946323164276061,-2.018375989703632,2.5479852033541155
51.0,41.0,135.2635955810547,0.0373421399332568,1.7343804505894458,-3.850148359859266,-3.2013453688086626,-0.1671544910410686,-0.7754476413610796,0.3944380227873374,3.858542493330501,-1.3334206070963217,2.200708880811417
51.0,41.0,135.26864624023438,0.0373421399332568,1.7343804505894458,-3.91307074458864,-3.2013453688086626,-0.2104841614880571,-0.7770998756609033,0.3944380227873374,3.858542493330501,-1.3334206070963217,2.200708880811417
51.0,41.0,135.26864624023438,0.0373421399332568,1.7307420717828483,-3.91307074458864,-3.2013453688086626,-0.2105226045335,-0.7770998756609033,0.3944380227873374,3.858542493330501,-1.3334206070963217,2.200329378797328
51.0,41.0,135.45985412597656,0.037344279446129,1.7343804505894458,-3.91307074458864,-3.1886183356491413,-0.0965447815550438,-0.7805650431687384,0.3944380227873374,3.858616029554138,-1.3334206070963217,2.268279995763857
51.0,41.0,135.61093139648438,0.2602970797047846,2.134745035969204,-3.91277587510718,-3.122324625885572,-0.0912789978542732,-0.4335514834720987,0.3251225952346385,3.9504975363174393,-1.3290711747143438,2.262488218243387
51.0,41.0,135.61648559570312,0.0373421399332568,1.7263971115516572,-3.913078862631048,-3.2606033326246124,-0.096022461973269,-0.905108521531922,0.3944380227873374,3.858540405843613,-1.3334058873830008,2.2683507575450763
51.0,41.0,135.72276306152344,0.0373421399332568,1.7337224791065495,-3.91307074458864,-3.0317247149048923,-0.171653027804159,-0.7770998756609033,0.3944380227873374,3.858542493330501,-1.3334206070963217,2.200708880811417
51.0,41.0,135.7825469970703,0.0208293994583202,1.680013456045222,-4.29207162297103,-3.1831018106477704,-1.0144715101661572,-0.7823984831270177,0.331694601906254,4.062801639567564,-1.343810087591206,2.009023697583975
51.0,41.0,135.7825469970703,0.0208293994583202,1.680013456045222,-4.29207162297103,-3.1831018106477704,-1.0144715101661572,-0.7823984831270177,0.2797321904161633,4.062801639567564,-1.343810087591206,2.009023697583975
51.0,41.0,135.7825469970703,0.0204220188429779,1.684985353027204,-4.2962594617937695,-3.290171088483984,-1.0144715101661572,-0.7823984831270177,0.2797321904161633,4.062801639567564,-1.343810087591206,2.009023697583975
51.0,41.0,135.7916259765625,0.0367408587817926,1.684985353027204,-3.9130017856802177,-3.290311603340347,-0.1643760473453217,-0.7922576854492144,0.2797321904161633,4.061109844533079,-1.343810087591206,2.200112336758242
51.0,41.0,135.83453369140625,0.0319800972136863,1.677139432410055,-4.302540075956653,-3.1800015950458094,-1.036083670768541,-0.7810209607675238,0.7507064745801633,3.820997111211396,-1.3434979221022505,2.024544339585613
51.0,41.0,135.93064880371094,0.0373421399332568,1.7263971115516572,-3.9133535032423072,-3.2606033326246124,-0.1615534184088003,-1.0039791822600372,0.3944380227873374,3.858540405843613,-1.3334058873830008,2.262488218243387
51.0,41.0,135.93064880371094,0.0372438480934203,1.7335678956249212,-3.875071965996748,-3.274002961397543,-0.1610385850066406,-1.0039471322044538,0.4138995351821398,3.857319505777355,-1.3334206070963217,2.2624113972659705
51.0,41.0,135.93064880371094,0.0249156114239854,1.7263971115516572,-3.913352414949899,-3.2606033326246124,-0.1615534184088003,-1.0039791822600372,0.3944380227873374,3.85853807630458,-1.3334056507072738,2.262488218243387
51.0,41.0,135.9367218017578,0.0373421399332568,1.730680775357014,-3.913398960651632,-3.1806614800991326,-0.1610388403209376,-1.0039471322044538,0.3944380227873374,3.857187530230344,-1.3334206070963217,2.262488218243387
51.0,41.0,135.9367218017578,0.0265229921078545,1.730680775357014,-3.913398960651632,-3.1806614800991326,-0.1610388403209376,-1.0039471322044538,0.3944380227873374,3.857187530230344,-1.3334206070963217,2.262488218243387
51.0,41.0,135.9367218017578,0.0368227608662127,1.730680775357014,-3.913398960651632,-3.188555285133252,-0.1610388403209376,-1.0039471322044538,0.3944380227873374,3.857187530230344,-1.3334206070963217,2.262488218243387
51.0,41.0,135.9367218017578,0.0265229921078545,1.730680775357014,-3.913398960651632,-3.1806614800991326,-0.1610388403209376,-1.0039471322044538,0.3944380227873374,3.857187530230344,-1.3334206070963217,2.262488218243387
51.0,41.0,135.9367218017578,0.0265229921078545,1.730680775357014,-3.913398960651632,-3.1806614800991326,-0.1610388403209376,-1.0039471322044538,0.3944380227873374,3.857187530230344,-1.3334206070963217,2.262488218243387
51.0,41.0,135.9367218017578,0.0258252956051518,1.730680775357014,-3.913398960651632,-3.1806614800991326,-0.1610388403209376,-1.0039471322044538,0.3944380227873374,3.857187530230344,-1.3334206070963217,2.262488218243387
51.0,41.0,135.9367218017578,0.0258252956051518,1.730680775357014,-3.913398960651632,-3.1806614800991326,-0.1610388403209376,-1.0039471322044538,0.3944380227873374,3.857187530230344,-1.3334206070963217,2.262488218243387
51.0,41.0,135.9367218017578,0.0258252956051518,1.730680775357014,-3.913398960651632,-3.1806614800991326,-0.1610388403209376,-1.0039471322044538,0.3944380227873374,3.857187530230344,-1.3334206070963217,2.262488218243387
51.0,41.0,135.9367218017578,0.0366735926904659,1.730680775357014,-3.913398960651632,-3.1806614800991326,-0.1610388403209376,-1.0039471322044538,0.3944380227873374,3.857187530230344,-1.3334206070963217,2.262488218243387
51.0,41.0,135.9367218017578,0.0265229921078545,1.730680775357014,-3.913398960651632,-3.1806614800991326,-0.1610388403209376,-1.0039471322044538,0.3944380227873374,3.857187530230344,-1.3334206070963217,2.262488218243387
51.0,41.0,135.9367218017578,0.0265364789827452,1.730680775357014,-3.913398960651632,-3.188592772919144,-0.1610388403209376,-1.0039471322044538,0.3944380227873374,3.857187530230344,-1.3334206070963217,2.262488218243387
51.0,41.0,135.9367218017578,0.0258252956051518,1.730680775357014,-3.913398960651632,-3.1806614800991326,-0.1610388403209376,-1.0039471322044538,0.3944380227873374,3.857187530230344,-1.3334206070963217,2.262488218243387
51.0,41.0,135.9367218017578,0.037515365793079,1.730680775357014,-3.913398960651632,-3.180528769411316,-0.1610388403209376,-1.0039471322044538,0.3944380227873374,3.857187530230344,-1.3334206070963217,2.262488218243387
51.0,41.0,135.997802734375,0.0325171196065291,1.680013456045222,-4.302540075956653,-3.1800015950458094,-1.0144715101661572,-0.7810209607675238,0.3710620211625005,3.8215881879263214,-1.343810087591206,2.024544339585613
51.0,41.0,136.00277709960938,0.2833403839635361,1.1253218684164057,-3.913398960651632,-3.276416959732497,-0.0986901511279722,-0.7656930304474613,0.3275354345602517,3.857191449053699,-1.3334206070963217,2.262488218243387
51.0,41.0,136.0106201171875,0.0380398364359595,1.730680775357014,-3.913398960651632,-3.1806614800991326,-0.1610388403209376,-1.0039471322044538,0.3944380227873374,3.857187530230344,-1.3334206070963217,2.262488218243387
51.0,41.0,136.0106201171875,0.0265229921078545,1.730680775357014,-3.913398960651632,-3.1806614800991326,-0.1610388403209376,-1.0039471322044538,0.3944380227873374,3.857187530230344,-1.31605020069084,2.262488218243387
51.0,41.0,136.03982543945312,0.2833403839635361,1.1683141243925164,-3.913398960651632,-3.2715835741739925,-0.0986901511279722,-0.7656930304474613,0.3275354345602517,4.13111399157162,-1.3334206070963217,2.262488218243387
51.0,42.0,133.57562255859375,0.0594615866135593,2.038809176886525,-4.03528262790523,-3.356320979288739,-0.9358543235211184,-0.4565040888215326,-0.4318798101427913,3.852496403119131,-2.018375989703632,2.5479852033541155
51.0,42.0,134.23806762695312,0.0368206213533405,1.1532114449549222,-3.913398960651632,-3.201282318292773,-0.2113718231951524,-0.7454749927798052,0.3275354345602517,3.851180187660313,-1.3334206070963217,2.194917103290948
51.0,42.0,134.31703186035156,0.2833403839635361,1.1683141243925164,-3.913398960651632,-3.2715835741739925,-0.0986901511279722,-0.7656930304474613,0.3275354345602517,3.8572188810708616,-1.3334206070963217,2.262488218243387
51.0,42.0,134.32681274414062,0.0210232999944421,1.3828830756994068,-4.296612307573895,-3.2942074213180272,-1.0224702967715729,-0.9941197104410594,0.3944380227873374,3.860234288364985,-1.3334206070963217,2.0096202416371507
51.0,42.0,134.85971069335938,0.0368206213533405,1.1532114449549222,-3.913398960651632,-3.201282318292773,-0.2113718231951524,-1.0004819646966188,0.3275354345602517,3.8571139940067054,-1.3334206070963217,2.194917103290948
51.0,42.0,134.85971069335938,0.0368206213533405,1.1532114449549222,-3.913398960651632,-3.201282318292773,-0.2113718231951524,-1.0004819646966188,0.3275354345602517,3.851180187660313,-1.3334206070963217,2.194917103290948
51.0,42.0,134.90582275390625,0.0373539129338277,1.3293736854540243,-3.875826665573431,-3.3687414648830742,-0.1610178551196412,-0.7705521820341836,0.4140990559272938,3.8583916076872566,-1.3334206070963217,2.273770014738026
51.0,42.0,134.90582275390625,0.0373539129338277,1.3293736854540243,-3.875826665573431,-3.3687414648830742,-0.1610178551196412,-0.7705521820341836,0.4140990559272938,3.8583916076872566,-1.3334206070963217,2.273770014738026
51.0,42.0,134.9739227294922,0.0373421399332568,1.5294806481469272,-3.876078633922528,-3.1957239502740142,-0.1955358398415485,-0.770858315778517,0.3944380227873374,3.858542493330501,-1.3334206070963217,2.200329378797328
51.0,42.0,135.0217742919922,0.0373421399332568,1.5294806481469272,-3.876078633922528,-3.2013453688086626,-0.156245085778545,-0.770858315778517,0.3944380227873374,3.858542493330501,-1.3334206070963217,2.200329378797328
51.0,42.0,135.0217742919922,0.0373421399332568,1.529315595866255,-3.876078633922528,-3.2013453688086626,-0.156245085778545,-0.7871557345058613,0.3944380227873374,3.858542493330501,-1.3334206070963217,2.200329378797328
51.0,42.0,135.07984924316406,0.0382183028699424,1.3389015798661903,-3.868591372448167,-3.3673618421604106,-0.1610178551196412,-0.7700091551224052,0.4881004760960741,3.865371940986467,-1.39625505620832,2.272420578582972
51.0,42.0,135.1033935546875,0.0373539129338277,1.3293736854540243,-3.875826665573431,-3.270482755655405,-0.1610178551196412,-0.7705521820341836,0.4140990559272938,3.8583916076872566,-1.377857413209198,2.2670241888856664
51.0,42.0,135.115966796875,0.0373539129338277,1.3293736854540243,-3.875826665573431,-3.270482755655405,-0.1610178551196412,-0.7705521820341836,0.4140990559272938,3.8583916076872566,-1.3334206070963217,2.2670241888856664
51.0,42.0,135.115966796875,0.037344279446129,1.7343804505894458,-3.9133453851998974,-3.1886183356491413,-0.1620757379905751,-0.7805650431687384,0.3944380227873374,3.858616029554138,-1.3746084907134857,2.262417456462168
51.0,42.0,135.115966796875,0.037344279446129,1.7343804505894458,-3.9133453851998974,-3.1882670513016684,-0.1620757379905751,-0.7805650431687384,0.3944380227873374,3.858389022159844,-1.3723879074028675,2.262417344921733
51.0,42.0,135.137939453125,0.0264312652163377,1.3293736854540243,-3.875769923933455,-3.170615344115181,-0.1610178551196412,-0.7756439383317603,0.4140990559272938,3.8583916076872566,-1.3334206070963217,2.2627548938411906
51.0,42.0,135.137939453125,0.0381499012763669,1.326486565186117,-3.9141536602283145,-3.1771412743569947,-0.1610181104339382,-0.7705521820341836,0.3946375435324915,3.858259632140246,-1.3334206070963217,2.267101009863083
51.0,42.0,135.137939453125,0.0380685848641724,1.326486565186117,-3.9141536602283145,-3.1771412743569947,-0.1610845707079256,-0.7705521820341836,0.3954057344718087,3.858259632140246,-1.3337501599999606,2.267101009863083
51.0,42.0,135.137939453125,0.0264713213394589,1.3209168482336178,-3.875769923933455,-3.1808385844682374,-0.1610178551196412,-0.7756439383317603,0.4140990559272938,3.8583916076872566,-1.3334206070963217,2.2627548938411906
51.0,42.0,135.21543884277344,-0.4923643212915347,2.038809176886525,-4.054156212131039,-3.367298154962662,-0.9177683293187192,-0.4336166419737313,-0.4318798101427913,3.931224642695134,-2.018375989703632,2.5479852033541155
51.0,42.0,135.21543884277344,-0.4923643212915347,2.038809176886525,-4.035061003466526,-3.366714750237568,-0.9358543235211184,-0.4336260795680643,-0.4318798101427913,3.946699353983772,-2.018375989703632,2.5479852033541155
51.0,42.0,135.21543884277344,-0.4923643212915347,2.038809176886525,-4.035061003466526,-3.366714750237568,-0.9358543235211184,-0.4336260795680643,-0.4318798101427913,3.946699353983772,-2.018375989703632,2.524328340459388
51.0,42.0,135.21543884277344,-0.4923643212915347,2.038809176886525,-4.035061003466526,-3.366714750237568,-0.9358543235211184,-0.4336260795680643,-0.4318798101427913,3.946699353983772,-2.018375989703632,2.5479852033541155
51.0,42.0,135.21543884277344,-0.4923643212915347,2.038809176886525,-4.035061003466526,-3.366714750237568,-0.9358543235211184,-0.4336260795680643,-0.4318798101427913,3.946699353983772,-2.018375989703632,2.5479852033541155
51.0,42.0,135.21543884277344,-0.4923643212915347,2.038809176886525,-4.055013329645688,-3.367298154962662,-0.9177683293187192,-0.4336166419737313,-0.4318798101427913,3.931600832402845,-2.018375989703632,2.5479852033541155
51.0,42.0,135.21543884277344,-0.4923643212915347,2.038809176886525,-4.034203885951876,-3.366714750237568,-0.9358543235211184,-0.4336260795680643,-0.4318798101427913,3.946323164276061,-2.018375989703632,2.5479852033541155
51.0,42.0,135.21543884277344,-0.4923643212915347,2.038809176886525,-4.034203885951876,-3.366714750237568,-0.9358543235211184,-0.4336260795680643,-0.4318798101427913,3.946323164276061,-2.018375989703632,2.5479852033541155
51.0,42.0,135.2635955810547,0.0373421399332568,1.7343804505894458,-3.850148359859266,-3.2013453688086626,-0.1671544910410686,-0.7754476413610796,0.3944380227873374,3.858542493330501,-1.3334206070963217,2.200708880811417
51.0,42.0,135.26864624023438,0.0373421399332568,1.7343804505894458,-3.91307074458864,-3.2013453688086626,-0.2104841614880571,-0.7770998756609033,0.3944380227873374,3.858542493330501,-1.3334206070963217,2.200708880811417
51.0,42.0,135.26864624023438,0.0373421399332568,1.7307420717828483,-3.91307074458864,-3.2013453688086626,-0.2105226045335,-0.7770998756609033,0.3944380227873374,3.858542493330501,-1.3334206070963217,2.200329378797328
51.0,42.0,135.26864624023438,0.0371280597357187,1.7354911912087208,-3.91307074458864,-3.177209749499708,-0.171653027804159,-0.7770998756609033,0.398899854972047,3.858685096506715,-1.3322907124084609,2.200708880811417
51.0,42.0,135.4228057861328,-0.4923643212915347,2.038809176886525,-4.055013329645688,-3.3729195734973105,-0.8784775752557159,-0.4336166419737313,-0.4318798101427913,3.931600832402845,-2.018375989703632,2.5479852033541155
51.0,42.0,135.45985412597656,0.037344279446129,1.7343804505894458,-3.91307074458864,-3.1886183356491413,-0.0965447815550438,-0.7805650431687384,0.3944380227873374,3.858616029554138,-1.3334206070963217,2.268279995763857
51.0,42.0,135.45985412597656,0.037344279446129,1.7343804505894458,-3.91307074458864,-3.1886183356491413,-0.0965447815550438,-0.7805650431687384,0.3944380227873374,3.858616029554138,-1.3334206070963217,2.268279995763857
51.0,42.0,135.45985412597656,0.0373421399332568,1.7263971115516572,-3.9011352203057896,-3.202591801740363,-0.096022461973269,-0.7744059328790001,0.3944380227873374,3.858540405843613,-1.3334058873830008,2.2729098920529007
51.0,42.0,135.57232666015625,0.0193238535548365,1.1309857583699978,-3.913398960651632,-3.2715835741739925,-0.5250391645559224,-0.7656930304474613,0.3195018120479896,3.8572188810708616,-1.1337101999926875,2.262488218243387
51.0,42.0,135.57960510253906,0.0373421399332568,1.730680775357014,-3.913392612219472,-3.1806614800991326,-0.1610388403209376,-0.9853369565089306,0.3944380227873374,3.857225697460427,-1.3334206070963217,2.262488218243387
51.0,42.0,135.61093139648438,0.2602970797047846,2.134745035969204,-3.91277587510718,-3.122324625885572,-0.0912789978542732,-0.4335514834720987,0.3251225952346385,3.9504975363174393,-1.3290711747143438,2.262488218243387
51.0,42.0,135.61093139648438,0.2602970797047846,2.134745035969204,-3.91277587510718,-3.122324625885572,-0.0912789978542732,-0.4335514834720987,0.3251225952346385,3.939462498245093,-1.3290711747143438,2.262488218243387
51.0,42.0,135.61648559570312,0.0373421399332568,1.7263971115516572,-3.913078862631048,-3.2606033326246124,-0.096022461973269,-0.905108521531922,0.3944380227873374,3.858540405843613,-1.3334058873830008,2.2683507575450763
51.0,42.0,135.72276306152344,0.0373421399332568,1.7337224791065495,-3.91307074458864,-3.0317247149048923,-0.171653027804159,-0.7770998756609033,0.3944380227873374,3.858542493330501,-1.3334206070963217,2.200708880811417
51.0,42.0,135.7825469970703,0.0208293994583202,1.680013456045222,-4.29207162297103,-3.1831018106477704,-1.0144715101661572,-0.7823984831270177,0.331694601906254,4.062801639567564,-1.343810087591206,2.009023697583975
51.0,42.0,135.7825469970703,0.0208293994583202,1.680013456045222,-4.29207162297103,-3.1831018106477704,-1.0144715101661572,-0.7823984831270177,0.2797321904161633,4.062801639567564,-1.343810087591206,2.009023697583975
51.0,42.0,135.7825469970703,0.0204220188429779,1.684985353027204,-4.2962594617937695,-3.290171088483984,-1.0144715101661572,-0.7823984831270177,0.2797321904161633,4.062801639567564,-1.343810087591206,2.009023697583975
51.0,42.0,135.7916259765625,0.0367408587817926,1.684985353027204,-3.9130017856802177,-3.290311603340347,-0.1643760473453217,-0.7922576854492144,0.2797321904161633,4.061109844533079,-1.343810087591206,2.200112336758242
51.0,42.0,135.7916259765625,0.036822175193987,1.684985353027204,-3.9130017856802177,-3.290311603340347,-0.1643095870713343,-0.7922576854492144,0.2789639994768459,4.061109844533079,-1.3434805346875671,2.200112336758242
51.0,42.0,135.83453369140625,0.0319800972136863,1.677139432410055,-4.302540075956653,-3.1800015950458094,-1.036083670768541,-0.7810209607675238,0.7507064745801633,3.820997111211396,-1.3434979221022505,2.024544339585613
51.0,42.0,135.8757781982422,0.0380189046292583,1.680013456045222,-4.289992036157612,-3.18377440261299,-1.0144715101661572,-0.7772030840733571,0.331694601906254,3.873550304223373,-1.343810087591206,2.009023697583975
51.0,42.0,135.93064880371094,0.0373421399332568,1.7263971115516572,-3.9133535032423072,-3.2606033326246124,-0.1615534184088003,-1.0039791822600372,0.3944380227873374,3.858540405843613,-1.3334058873830008,2.262488218243387
51.0,43.0,133.57562255859375,0.0594615866135593,2.038809176886525,-4.03528262790523,-3.356320979288739,-0.9358543235211184,-0.4565040888215326,-0.4318798101427913,3.852496403119131,-2.018375989703632,2.5479852033541155
51.0,43.0,134.23806762695312,0.0368206213533405,1.1532114449549222,-3.913398960651632,-3.201282318292773,-0.2113718231951524,-0.7454749927798052,0.3275354345602517,3.851180187660313,-1.3334206070963217,2.194917103290948
51.0,43.0,134.31703186035156,0.2833403839635361,1.1683141243925164,-3.913398960651632,-3.2715835741739925,-0.0986901511279722,-0.7656930304474613,0.3275354345602517,3.8572188810708616,-1.3334206070963217,2.262488218243387
51.0,43.0,134.32681274414062,0.0210232999944421,1.3828830756994068,-4.296612307573895,-3.2942074213180272,-1.0224702967715729,-0.9941197104410594,0.3944380227873374,3.860234288364985,-1.3334206070963217,2.0096202416371507
51.0,43.0,134.85971069335938,0.0368206213533405,1.1532114449549222,-3.913398960651632,-3.201282318292773,-0.2113718231951524,-1.0004819646966188,0.3275354345602517,3.8571139940067054,-1.3334206070963217,2.194917103290948
51.0,43.0,134.85971069335938,0.0368206213533405,1.1532114449549222,-3.913398960651632,-3.201282318292773,-0.2113718231951524,-1.0004819646966188,0.3275354345602517,3.851180187660313,-1.3334206070963217,2.194917103290948
51.0,43.0,134.90582275390625,0.0373539129338277,1.3293736854540243,-3.875826665573431,-3.3687414648830742,-0.1610178551196412,-0.7705521820341836,0.4140990559272938,3.8583916076872566,-1.3334206070963217,2.273770014738026
51.0,43.0,134.90582275390625,0.0373539129338277,1.3293736854540243,-3.875826665573431,-3.3687414648830742,-0.1610178551196412,-0.7705521820341836,0.4140990559272938,3.8583916076872566,-1.3334206070963217,2.273770014738026
51.0,43.0,134.90582275390625,0.0373536496181475,1.3293736854540243,-3.875826665573431,-3.3687414648830742,-0.1635559697390564,-0.7705521820341836,0.4140990559272938,3.8583916076872566,-1.3334206070963217,2.273770014738026
51.0,43.0,134.90582275390625,0.0373539129338277,1.329339303570466,-3.875826665573431,-3.3687414648830742,-0.1610178551196412,-0.7710226974873889,0.4140990559272938,3.8583916076872566,-1.3334206070963217,2.273770014738026
51.0,43.0,134.9739227294922,0.0373421399332568,1.5294806481469272,-3.876078633922528,-3.1957239502740142,-0.1955358398415485,-0.770858315778517,0.3944380227873374,3.858542493330501,-1.3334206070963217,2.200329378797328
51.0,43.0,134.9739227294922,0.0373421399332568,1.529315595866255,-3.876078633922528,-3.124781456531468,-0.156245085778545,-0.774291111567107,0.3930167654856701,3.856573844948296,-1.3334206070963217,2.200329378797328
51.0,43.0,135.0217742919922,0.0373421399332568,1.5294806481469272,-3.876078633922528,-3.2013453688086626,-0.156245085778545,-0.770858315778517,0.3944380227873374,3.858542493330501,-1.3334206070963217,2.200329378797328
51.0,43.0,135.0217742919922,0.0373421399332568,1.529315595866255,-3.876078633922528,-3.2013453688086626,-0.156245085778545,-0.7871557345058613,0.3944380227873374,3.858542493330501,-1.3334206070963217,2.200329378797328
51.0,43.0,135.0289764404297,-0.4923643212915347,2.038809176886525,-4.035061003466526,-3.366714750237568,-0.8935090369152958,-0.4336260795680643,-0.4318798101427913,3.93389086620222,-2.018375989703632,2.550854289660616
51.0,43.0,135.0289764404297,-0.4923643212915347,2.038809176886525,-4.053622812932249,-3.367300766661548,-0.9363823823659196,-0.433625970258174,-0.4318798101427913,3.713846308090602,-2.018375989703632,2.5479852033541155
51.0,43.0,135.07984924316406,0.0382183028699424,1.3389015798661903,-3.868591372448167,-3.3673618421604106,-0.1610178551196412,-0.7700091551224052,0.4881004760960741,3.865371940986467,-1.39625505620832,2.272420578582972
51.0,43.0,135.1033935546875,0.0373539129338277,1.3293736854540243,-3.875826665573431,-3.270482755655405,-0.1610178551196412,-0.7705521820341836,0.4140990559272938,3.8583916076872566,-1.377857413209198,2.2670241888856664
51.0,43.0,135.115966796875,0.0373539129338277,1.3293736854540243,-3.875826665573431,-3.270482755655405,-0.1610178551196412,-0.7705521820341836,0.4140990559272938,3.8583916076872566,-1.3334206070963217,2.2670241888856664
51.0,43.0,135.115966796875,0.037344279446129,1.7343804505894458,-3.9133453851998974,-3.1886183356491413,-0.1620757379905751,-0.7805650431687384,0.3944380227873374,3.858616029554138,-1.3746084907134857,2.262417456462168
51.0,43.0,135.115966796875,0.037344279446129,1.7343804505894458,-3.9133453851998974,-3.1882670513016684,-0.1620757379905751,-0.7805650431687384,0.3944380227873374,3.858389022159844,-1.3723879074028675,2.262417344921733
51.0,43.0,135.115966796875,0.0373540007223047,1.7343804505894458,-3.9133453851998974,-3.1886183356491413,-0.1610126113776606,-0.7704476114320135,0.3944380227873374,3.858376289073899,-1.3730869112896675,2.262277968245655
51.0,43.0,135.115966796875,0.0264713213394589,1.3814300195552558,-3.875769923933455,-3.2911956838097147,-0.195671469886083,-0.7769349669984706,0.4140990559272938,3.8583916076872566,-1.3334206070963217,2.2627548938411906
51.0,43.0,135.115966796875,0.0373888523521801,1.7343804505894458,-3.9133453851998974,-3.1886183356491413,-0.1620757379905751,-0.7805650431687384,0.3944808973519234,3.858266477371578,-1.3746084907134857,2.197513676436322
51.0,43.0,135.137939453125,0.0264312652163377,1.3293736854540243,-3.875769923933455,-3.170615344115181,-0.1610178551196412,-0.7756439383317603,0.4140990559272938,3.8583916076872566,-1.3334206070963217,2.2627548938411906
51.0,43.0,135.137939453125,0.0381499012763669,1.326486565186117,-3.9141536602283145,-3.1771412743569947,-0.1610181104339382,-0.7705521820341836,0.3946375435324915,3.858259632140246,-1.3334206070963217,2.267101009863083
51.0,43.0,135.137939453125,0.0380685848641724,1.326486565186117,-3.9141536602283145,-3.1771412743569947,-0.1610845707079256,-0.7705521820341836,0.3954057344718087,3.858259632140246,-1.3337501599999606,2.267101009863083
51.0,43.0,135.137939453125,0.0264713213394589,1.3209168482336178,-3.875769923933455,-3.1808385844682374,-0.1610178551196412,-0.7756439383317603,0.4140990559272938,3.8583916076872566,-1.3334206070963217,2.2627548938411906
51.0,43.0,135.137939453125,0.0264713213394589,1.3209512301171762,-3.875769923933455,-3.1808385844682374,-0.1610178551196412,-0.7751734228785551,0.4140990559272938,3.8583916076872566,-1.3334206070963217,2.2627548938411906
51.0,43.0,135.15025329589844,0.0368206213533405,1.1532114449549222,-4.031616871895183,-3.20177454877442,-0.2113718231951524,-0.7929495505884515,0.3275354345602517,3.858675910928654,-1.3334206070963217,2.2675783180253912
51.0,43.0,135.21543884277344,-0.4923643212915347,2.038809176886525,-4.054156212131039,-3.367298154962662,-0.9177683293187192,-0.4336166419737313,-0.4318798101427913,3.931224642695134,-2.018375989703632,2.5479852033541155
51.0,43.0,135.21543884277344,-0.4923643212915347,2.038809176886525,-4.035061003466526,-3.366714750237568,-0.9358543235211184,-0.4336260795680643,-0.4318798101427913,3.946699353983772,-2.018375989703632,2.5479852033541155
51.0,43.0,135.21543884277344,-0.4923643212915347,2.038809176886525,-4.035061003466526,-3.366714750237568,-0.9358543235211184,-0.4336260795680643,-0.4318798101427913,3.946699353983772,-2.018375989703632,2.524328340459388
51.0,43.0,135.21543884277344,-0.4923643212915347,2.038809176886525,-4.035061003466526,-3.366714750237568,-0.9358543235211184,-0.4336260795680643,-0.4318798101427913,3.946699353983772,-2.018375989703632,2.5479852033541155
51.0,43.0,135.21543884277344,-0.4923643212915347,2.038809176886525,-4.035061003466526,-3.366714750237568,-0.9358543235211184,-0.4336260795680643,-0.4318798101427913,3.946699353983772,-2.018375989703632,2.5479852033541155
51.0,43.0,135.21543884277344,-0.4923643212915347,2.038809176886525,-4.055013329645688,-3.367298154962662,-0.9177683293187192,-0.4336166419737313,-0.4318798101427913,3.931600832402845,-2.018375989703632,2.5479852033541155
51.0,43.0,135.21543884277344,-0.4923643212915347,2.038809176886525,-4.034203885951876,-3.366714750237568,-0.9358543235211184,-0.4336260795680643,-0.4318798101427913,3.946323164276061,-2.018375989703632,2.5479852033541155
51.0,43.0,135.21543884277344,-0.4923643212915347,2.038809176886525,-4.034203885951876,-3.366714750237568,-0.9358543235211184,-0.4336260795680643,-0.4318798101427913,3.946323164276061,-2.018375989703632,2.5479852033541155
51.0,43.0,135.2425537109375,0.0371280597357187,1.7354911912087208,-3.91307074458864,-3.177209749499708,-0.2139983144099814,-0.7770998756609033,0.398899854972047,3.871493584288267,-1.3322907124084609,2.197839794504917
51.0,43.0,135.25648498535156,0.0372765197708838,1.32906989424518,-3.875840458742502,-3.3673618421604106,-0.1610178551196412,-0.8559722520660472,0.4113301439623162,3.858178032928943,-1.39625505620832,2.272420578582972
51.0,43.0,135.2567596435547,0.0266437009299285,1.3197790903591,-3.9133453851998974,-3.1882670513016684,-0.1622684709657721,-0.6690194502574498,0.3914443909805601,3.858389089442687,-1.3723879074028675,2.262405651117561
51.0,43.0,135.2635955810547,0.0373421399332568,1.7343804505894458,-3.850148359859266,-3.2013453688086626,-0.1671544910410686,-0.7754476413610796,0.3944380227873374,3.858542493330501,-1.3334206070963217,2.200708880811417
51.0,43.0,135.26864624023438,0.0373421399332568,1.7343804505894458,-3.91307074458864,-3.2013453688086626,-0.2104841614880571,-0.7770998756609033,0.3944380227873374,3.858542493330501,-1.3334206070963217,2.200708880811417
51.0,43.0,135.26864624023438,0.0373421399332568,1.7307420717828483,-3.91307074458864,-3.2013453688086626,-0.2105226045335,-0.7770998756609033,0.3944380227873374,3.858542493330501,-1.3334206070963217,2.200329378797328
51.0,43.0,135.26864624023438,0.0371280597357187,1.7354911912087208,-3.91307074458864,-3.177209749499708,-0.171653027804159,-0.7770998756609033,0.398899854972047,3.858685096506715,-1.3322907124084609,2.200708880811417
51.0,43.0,135.2754364013672,0.2833403839635361,1.1683141243925164,-4.191538590490515,-3.2715835741739925,-0.1571896601238609,-0.775242666601746,0.3275354345602517,3.8572188810708616,-1.3334206070963217,2.2624909353910176
51.0,43.0,135.31484985351562,0.0373538413199962,1.3237484441335583,-3.875826665573431,-3.1951641539929425,-0.1560435422322491,-0.7705521820341836,0.4140990559272938,3.8583916076872566,-1.377857413209198,1.7672487835868662
51.0,43.0,135.34107971191406,0.0371318437325382,1.74397504568437,-3.875769923933455,-3.170615344115181,-0.1608251221444442,-0.7755260000955022,0.4170926877340712,3.858391540404414,-1.3334206070963217,2.262766587645362
51.0,43.0,135.4228057861328,-0.4923643212915347,2.038809176886525,-4.055013329645688,-3.3729195734973105,-0.8784775752557159,-0.4336166419737313,-0.4318798101427913,3.931600832402845,-2.018375989703632,2.5479852033541155
51.0,43.0,135.4382781982422,-0.4923643212915347,2.018772283752109,-4.29294806455993,-3.366714750237568,-1.0344482354095057,-0.4336260795680643,-0.4318798101427913,3.946323164276061,-2.018375989703632,2.2278990665644294
51.0,44.0,133.57562255859375,0.0594615866135593,2.038809176886525,-4.03528262790523,-3.356320979288739,-0.9358543235211184,-0.4565040888215326,-0.4318798101427913,3.852496403119131,-2.018375989703632,2.5479852033541155
51.0,44.0,134.23806762695312,0.0368206213533405,1.1532114449549222,-3.913398960651632,-3.201282318292773,-0.2113718231951524,-0.7454749927798052,0.3275354345602517,3.851180187660313,-1.3334206070963217,2.194917103290948
51.0,44.0,134.31703186035156,0.2833403839635361,1.1683141243925164,-3.913398960651632,-3.2715835741739925,-0.0986901511279722,-0.7656930304474613,0.3275354345602517,3.8572188810708616,-1.3334206070963217,2.262488218243387
51.0,44.0,134.32681274414062,0.0210232999944421,1.3828830756994068,-4.296612307573895,-3.2942074213180272,-1.0224702967715729,-0.9941197104410594,0.3944380227873374,3.860234288364985,-1.3334206070963217,2.0096202416371507
51.0,44.0,134.5054931640625,0.0373256372756336,1.1532114449549222,-3.877392660523337,-3.188047992651584,-0.4282357106971625,-0.7648134283889984,0.3275354345602517,3.8571139940067054,-1.3334206070963217,2.2072797722594646
51.0,44.0,134.60357666015625,0.0594615866135593,2.038809176886525,-3.912710182874164,-3.356320979288739,-0.9358543235211184,-0.4565040888215326,-0.4318798101427913,3.852917848235466,-1.9928357145153264,2.5479852033541155
51.0,44.0,134.63626098632812,0.2833403839635361,1.1676179938217757,-3.875494763864951,-3.107755338203265,-0.0986901511279722,-0.7656930304474613,0.3275354345602517,3.857229989342092,-1.3334206070963217,2.1938484102815274
51.0,44.0,134.74871826171875,0.0373627869349162,1.1507904805072229,-3.875826665573431,-3.3687414648830742,-0.1610178551196412,-0.7705521820341836,0.4140990559272938,3.858667886114501,-1.3334206070963217,2.273770014738026
51.0,44.0,134.85971069335938,0.0368206213533405,1.1532114449549222,-3.913398960651632,-3.201282318292773,-0.2113718231951524,-1.0004819646966188,0.3275354345602517,3.8571139940067054,-1.3334206070963217,2.194917103290948
51.0,44.0,134.85971069335938,0.0368206213533405,1.1532114449549222,-3.913398960651632,-3.201282318292773,-0.2113718231951524,-1.0004819646966188,0.3275354345602517,3.851180187660313,-1.3334206070963217,2.194917103290948
51.0,44.0,134.90582275390625,0.0373539129338277,1.3293736854540243,-3.875826665573431,-3.3687414648830742,-0.1610178551196412,-0.7705521820341836,0.4140990559272938,3.8583916076872566,-1.3334206070963217,2.273770014738026
51.0,44.0,134.90582275390625,0.0373539129338277,1.3293736854540243,-3.875826665573431,-3.3687414648830742,-0.1610178551196412,-0.7705521820341836,0.4140990559272938,3.8583916076872566,-1.3334206070963217,2.273770014738026
51.0,44.0,134.90582275390625,0.0373536496181475,1.3293736854540243,-3.875826665573431,-3.3687414648830742,-0.1635559697390564,-0.7705521820341836,0.4140990559272938,3.8583916076872566,-1.3334206070963217,2.273770014738026
51.0,44.0,134.90582275390625,0.0373539129338277,1.329339303570466,-3.875826665573431,-3.3687414648830742,-0.1610178551196412,-0.7710226974873889,0.4140990559272938,3.8583916076872566,-1.3334206070963217,2.273770014738026
51.0,44.0,134.97210693359375,0.0373012174698172,1.1532114449549222,-3.875502218008753,-3.3721788225661,-0.2113718231951524,-1.0004819646966188,0.3284976650198621,3.851180187660313,-1.2882314933784198,2.194917103290948
51.0,44.0,134.9739227294922,0.0373421399332568,1.5294806481469272,-3.876078633922528,-3.1957239502740142,-0.1955358398415485,-0.770858315778517,0.3944380227873374,3.858542493330501,-1.3334206070963217,2.200329378797328
51.0,44.0,134.9739227294922,0.0373421399332568,1.529315595866255,-3.876078633922528,-3.124781456531468,-0.156245085778545,-0.774291111567107,0.3930167654856701,3.856573844948296,-1.3334206070963217,2.200329378797328
51.0,44.0,134.9751739501953,0.0381499012763669,1.326194134984638,-3.913386868859936,-3.187821212133509,-0.1610181104339382,-0.7705521820341836,0.3946375435324915,3.8583957406745495,-1.3727094819390255,2.266973851579549
51.0,44.0,134.9751739501953,0.0369796982069306,1.3209168482336178,-3.875769923933455,-3.1808385844682374,-0.1610178551196412,-0.7705293500613473,0.4140990559272938,3.8583920989134857,-1.3334206070963217,2.2627484192533327
51.0,44.0,134.9751739501953,0.0370671111946991,1.3209512301171762,-3.875769923933455,-3.183556907605473,-0.1610178551196412,-0.7706092754413443,0.4140990559272938,3.8583916076872566,-1.3334206070963217,2.262946696980656
51.0,44.0,135.0217742919922,0.0373421399332568,1.5294806481469272,-3.876078633922528,-3.2013453688086626,-0.156245085778545,-0.770858315778517,0.3944380227873374,3.858542493330501,-1.3334206070963217,2.200329378797328
51.0,44.0,135.0217742919922,0.0373421399332568,1.529315595866255,-3.876078633922528,-3.2013453688086626,-0.156245085778545,-0.7871557345058613,0.3944380227873374,3.858542493330501,-1.3334206070963217,2.200329378797328
51.0,44.0,135.0217742919922,0.0373421399332568,1.529315595866255,-3.876078633922528,-3.2013453688086626,-0.156245085778545,-0.7878643337123651,0.3944380227873374,3.858542493330501,-1.3334206070963217,2.200329378797328
51.0,44.0,135.0217742919922,0.0373421399332568,1.3260498824195388,-3.876078633922528,-3.2013453688086626,-0.156245085778545,-0.7708636171318802,0.3944380227873374,3.858542493330501,-1.3335531490450658,2.2101185321479986
51.0,44.0,135.0289764404297,-0.4923643212915347,2.038809176886525,-4.035061003466526,-3.366714750237568,-0.8935090369152958,-0.4336260795680643,-0.4318798101427913,3.93389086620222,-2.018375989703632,2.550854289660616
51.0,44.0,135.0289764404297,-0.4923643212915347,2.038809176886525,-4.053622812932249,-3.367300766661548,-0.9363823823659196,-0.433625970258174,-0.4318798101427913,3.713846308090602,-2.018375989703632,2.5479852033541155
51.0,44.0,135.07984924316406,0.0382183028699424,1.3389015798661903,-3.868591372448167,-3.3673618421604106,-0.1610178551196412,-0.7700091551224052,0.4881004760960741,3.865371940986467,-1.39625505620832,2.272420578582972
51.0,44.0,135.1033935546875,0.0373539129338277,1.3293736854540243,-3.875826665573431,-3.270482755655405,-0.1610178551196412,-0.7705521820341836,0.4140990559272938,3.8583916076872566,-1.377857413209198,2.2670241888856664
51.0,44.0,135.1033935546875,0.0373539129338277,1.329339303570466,-3.875826665573431,-3.3687414648830742,-0.1610178551196412,-0.7710226974873889,0.4140990559272938,3.960965945473116,-1.3334206070963217,2.273770014738026
51.0,44.0,135.115966796875,0.0373539129338277,1.3293736854540243,-3.875826665573431,-3.270482755655405,-0.1610178551196412,-0.7705521820341836,0.4140990559272938,3.8583916076872566,-1.3334206070963217,2.2670241888856664
51.0,44.0,135.115966796875,0.037344279446129,1.7343804505894458,-3.9133453851998974,-3.1886183356491413,-0.1620757379905751,-0.7805650431687384,0.3944380227873374,3.858616029554138,-1.3746084907134857,2.262417456462168
51.0,44.0,135.115966796875,0.037344279446129,1.7343804505894458,-3.9133453851998974,-3.1882670513016684,-0.1620757379905751,-0.7805650431687384,0.3944380227873374,3.858389022159844,-1.3723879074028675,2.262417344921733
51.0,44.0,135.115966796875,0.0373540007223047,1.7343804505894458,-3.9133453851998974,-3.1886183356491413,-0.1610126113776606,-0.7704476114320135,0.3944380227873374,3.858376289073899,-1.3730869112896675,2.262277968245655
51.0,44.0,135.115966796875,0.0264713213394589,1.3814300195552558,-3.875769923933455,-3.2911956838097147,-0.195671469886083,-0.7769349669984706,0.4140990559272938,3.8583916076872566,-1.3334206070963217,2.2627548938411906
51.0,44.0,135.115966796875,0.0373888523521801,1.7343804505894458,-3.9133453851998974,-3.1886183356491413,-0.1620757379905751,-0.7805650431687384,0.3944808973519234,3.858266477371578,-1.3746084907134857,2.197513676436322
51.0,44.0,135.12728881835938,0.0266437009299285,1.3200715205605789,-3.9141121765682776,-3.177587113525154,-0.1622684709657721,-0.6690194502574498,0.3914443909805601,3.858252980908384,-1.3330990325601637,2.262532809401095
51.0,44.0,135.137939453125,0.0264312652163377,1.3293736854540243,-3.875769923933455,-3.170615344115181,-0.1610178551196412,-0.7756439383317603,0.4140990559272938,3.8583916076872566,-1.3334206070963217,2.2627548938411906
51.0,44.0,135.137939453125,0.0381499012763669,1.326486565186117,-3.9141536602283145,-3.1771412743569947,-0.1610181104339382,-0.7705521820341836,0.3946375435324915,3.858259632140246,-1.3334206070963217,2.267101009863083
51.0,44.0,135.137939453125,0.0380685848641724,1.326486565186117,-3.9141536602283145,-3.1771412743569947,-0.1610845707079256,-0.7705521820341836,0.3954057344718087,3.858259632140246,-1.3337501599999606,2.267101009863083
51.0,44.0,135.137939453125,0.0264713213394589,1.3209168482336178,-3.875769923933455,-3.1808385844682374,-0.1610178551196412,-0.7756439383317603,0.4140990559272938,3.8583916076872566,-1.3334206070963217,2.2627548938411906
51.0,44.0,135.137939453125,0.0264713213394589,1.3209512301171762,-3.875769923933455,-3.1808385844682374,-0.1610178551196412,-0.7751734228785551,0.4140990559272938,3.8583916076872566,-1.3334206070963217,2.2627548938411906
51.0,44.0,135.137939453125,0.036873316817351,1.3293736854540243,-3.913723408216309,-3.197844960609748,-0.1610178551196412,-0.7705521820341836,0.4131368254676835,3.8583916076872566,-1.3334206070963217,2.273770014738026
51.0,44.0,135.15025329589844,0.0368206213533405,1.1532114449549222,-4.031616871895183,-3.20177454877442,-0.2113718231951524,-0.7929495505884515,0.3275354345602517,3.858675910928654,-1.3334206070963217,2.2675783180253912
51.0,44.0,135.21543884277344,-0.4923643212915347,2.038809176886525,-4.054156212131039,-3.367298154962662,-0.9177683293187192,-0.4336166419737313,-0.4318798101427913,3.931224642695134,-2.018375989703632,2.5479852033541155
51.0,44.0,135.21543884277344,-0.4923643212915347,2.038809176886525,-4.035061003466526,-3.366714750237568,-0.9358543235211184,-0.4336260795680643,-0.4318798101427913,3.946699353983772,-2.018375989703632,2.5479852033541155
51.0,44.0,135.21543884277344,-0.4923643212915347,2.038809176886525,-4.035061003466526,-3.366714750237568,-0.9358543235211184,-0.4336260795680643,-0.4318798101427913,3.946699353983772,-2.018375989703632,2.524328340459388
51.0,44.0,135.21543884277344,-0.4923643212915347,2.038809176886525,-4.035061003466526,-3.366714750237568,-0.9358543235211184,-0.4336260795680643,-0.4318798101427913,3.946699353983772,-2.018375989703632,2.5479852033541155
51.0,44.0,135.21543884277344,-0.4923643212915347,2.038809176886525,-4.035061003466526,-3.366714750237568,-0.9358543235211184,-0.4336260795680643,-0.4318798101427913,3.946699353983772,-2.018375989703632,2.5479852033541155
51.0,44.0,135.21543884277344,-0.4923643212915347,2.038809176886525,-4.055013329645688,-3.367298154962662,-0.9177683293187192,-0.4336166419737313,-0.4318798101427913,3.931600832402845,-2.018375989703632,2.5479852033541155
51.0,44.0,135.21543884277344,-0.4923643212915347,2.038809176886525,-4.034203885951876,-3.366714750237568,-0.9358543235211184,-0.4336260795680643,-0.4318798101427913,3.946323164276061,-2.018375989703632,2.5479852033541155
51.0,45.0,133.57562255859375,0.0594615866135593,2.038809176886525,-4.03528262790523,-3.356320979288739,-0.9358543235211184,-0.4565040888215326,-0.4318798101427913,3.852496403119131,-2.018375989703632,2.5479852033541155
51.0,45.0,134.22450256347656,0.2816212391616349,1.1683141243925164,-3.8759499263895294,-3.2715835741739925,-0.0986901511279722,-0.7656930304474613,0.4195236819675131,3.8572188810708616,-1.3334206070963217,2.262488218243387
51.0,45.0,134.23806762695312,0.0368206213533405,1.1532114449549222,-3.913398960651632,-3.201282318292773,-0.2113718231951524,-0.7454749927798052,0.3275354345602517,3.851180187660313,-1.3334206070963217,2.194917103290948
51.0,45.0,134.23806762695312,0.0368206213533405,1.1506741309984398,-3.913398960651632,-3.200595175240026,-0.2113718231951524,-0.7694475393013172,0.3273094063357979,3.858268790810557,-1.3334206070963217,2.261414490670476
51.0,45.0,134.30880737304688,0.0369796982069306,1.1583315932658758,-3.875769923933455,-3.1808385844682374,-0.1610178551196412,-0.7705293500613473,0.3311462893674549,3.8571688582759247,-1.3334206070963217,2.2627484192533327
51.0,45.0,134.31703186035156,0.2833403839635361,1.1683141243925164,-3.913398960651632,-3.2715835741739925,-0.0986901511279722,-0.7656930304474613,0.3275354345602517,3.8572188810708616,-1.3334206070963217,2.262488218243387
51.0,45.0,134.32681274414062,0.0210232999944421,1.3828830756994068,-4.296612307573895,-3.2942074213180272,-1.0224702967715729,-0.9941197104410594,0.3944380227873374,3.860234288364985,-1.3334206070963217,2.0096202416371507
51.0,45.0,134.32681274414062,0.0210232999944421,1.3828830756994068,-4.296612307573895,-3.2942074213180272,-1.0224702967715729,-0.9941197104410594,0.3944380227873374,3.860234288364985,-1.3334206070963217,2.0096202416371507
51.0,45.0,134.3539276123047,0.0373518172198497,1.16654097099655,-3.875494763864951,-3.1951117308225974,-0.0986901511279722,-0.7660358176237236,0.3298491640984089,3.858263406842106,-1.3329709845817146,2.3381378762882137
51.0,45.0,134.38026428222656,0.0370671111946991,1.3234885440736586,-3.875769923933455,-3.1842440506582204,-0.1610178551196412,-0.7466367289198323,0.4143250841517476,3.851303004537013,-1.3334206070963217,2.196449309601128
51.0,45.0,134.5054931640625,0.0373256372756336,1.1532114449549222,-3.877392660523337,-3.188047992651584,-0.4282357106971625,-0.7648134283889984,0.3275354345602517,3.8571139940067054,-1.3334206070963217,2.2072797722594646
51.0,45.0,134.60011291503906,0.2833403839635361,1.1676179938217757,-3.875459750889607,-3.107755338203265,-0.0986901511279722,-0.7656930304474613,0.3939364397897313,3.857229989342092,-1.335057371806526,2.1976017151000686
51.0,45.0,134.60357666015625,0.0594615866135593,2.038809176886525,-3.912710182874164,-3.356320979288739,-0.9358543235211184,-0.4565040888215326,-0.4318798101427913,3.852917848235466,-1.9928357145153264,2.5479852033541155
51.0,45.0,134.63626098632812,0.2833403839635361,1.1676179938217757,-3.875494763864951,-3.107755338203265,-0.0986901511279722,-0.7656930304474613,0.3275354345602517,3.857229989342092,-1.3334206070963217,2.1938484102815274
51.0,45.0,134.71127319335938,0.0373256372756336,1.3157966999226642,-3.877392660523337,-3.188047992651584,-0.4282357106971625,-0.7648134283889984,0.4104882011200906,3.8583372346442673,-1.3334206070963217,2.2072797722594646
51.0,45.0,134.74871826171875,0.0373627869349162,1.1507904805072229,-3.875826665573431,-3.3687414648830742,-0.1610178551196412,-0.7705521820341836,0.4140990559272938,3.858667886114501,-1.3334206070963217,2.273770014738026
51.0,45.0,134.74871826171875,0.0373627869349162,1.1507904805072229,-3.875826665573431,-3.3687414648830742,-0.1610178551196412,-0.7705521820341836,0.4140990559272938,3.858667886114501,-1.3334206070963217,2.273770014738026
51.0,45.0,134.82379150390625,0.0373256372756336,1.1578395736951808,-3.877392660523337,-2.8238592037272827,-0.4282357106971625,-0.7756847953806978,0.3275354345602517,3.857093578855411,-1.3334206070963217,2.2072797722594646
51.0,45.0,134.85971069335938,0.0368206213533405,1.1532114449549222,-3.913398960651632,-3.201282318292773,-0.2113718231951524,-1.0004819646966188,0.3275354345602517,3.8571139940067054,-1.3334206070963217,2.194917103290948
51.0,45.0,134.85971069335938,0.0368206213533405,1.1532114449549222,-3.913398960651632,-3.201282318292773,-0.2113718231951524,-1.0004819646966188,0.3275354345602517,3.851180187660313,-1.3334206070963217,2.194917103290948
51.0,45.0,134.90582275390625,0.0373539129338277,1.3293736854540243,-3.875826665573431,-3.3687414648830742,-0.1610178551196412,-0.7705521820341836,0.4140990559272938,3.8583916076872566,-1.3334206070963217,2.273770014738026
51.0,45.0,134.90582275390625,0.0373539129338277,1.3293736854540243,-3.875826665573431,-3.3687414648830742,-0.1610178551196412,-0.7705521820341836,0.4140990559272938,3.8583916076872566,-1.3334206070963217,2.273770014738026
51.0,45.0,134.90582275390625,0.0373536496181475,1.3293736854540243,-3.875826665573431,-3.3687414648830742,-0.1635559697390564,-0.7705521820341836,0.4140990559272938,3.8583916076872566,-1.3334206070963217,2.273770014738026
51.0,45.0,134.90582275390625,0.0373539129338277,1.329339303570466,-3.875826665573431,-3.3687414648830742,-0.1610178551196412,-0.7710226974873889,0.4140990559272938,3.8583916076872566,-1.3334206070963217,2.273770014738026
51.0,45.0,134.97210693359375,0.0373012174698172,1.1532114449549222,-3.875502218008753,-3.3721788225661,-0.2113718231951524,-1.0004819646966188,0.3284976650198621,3.851180187660313,-1.2882314933784198,2.194917103290948
51.0,45.0,134.9739227294922,0.0373421399332568,1.5294806481469272,-3.876078633922528,-3.1957239502740142,-0.1955358398415485,-0.770858315778517,0.3944380227873374,3.858542493330501,-1.3334206070963217,2.200329378797328
51.0,45.0,134.9739227294922,0.0373421399332568,1.529315595866255,-3.876078633922528,-3.124781456531468,-0.156245085778545,-0.774291111567107,0.3930167654856701,3.856573844948296,-1.3334206070963217,2.200329378797328
51.0,45.0,134.9739227294922,0.0373421399332568,1.4663438782592555,-3.876078633922528,-3.1957239502740142,-0.1955358398415485,-0.770858315778517,0.3944380227873374,3.858542493330501,-1.3334206070963217,2.200329378797328
51.0,45.0,134.9751739501953,0.0381499012763669,1.326194134984638,-3.913386868859936,-3.187821212133509,-0.1610181104339382,-0.7705521820341836,0.3946375435324915,3.8583957406745495,-1.3727094819390255,2.266973851579549
51.0,45.0,134.9751739501953,0.0369796982069306,1.3209168482336178,-3.875769923933455,-3.1808385844682374,-0.1610178551196412,-0.7705293500613473,0.4140990559272938,3.8583920989134857,-1.3334206070963217,2.2627484192533327
51.0,45.0,134.9751739501953,0.0370671111946991,1.3209512301171762,-3.875769923933455,-3.183556907605473,-0.1610178551196412,-0.7706092754413443,0.4140990559272938,3.8583916076872566,-1.3334206070963217,2.262946696980656
51.0,45.0,134.99609375,0.036873316817351,1.3293736854540243,-3.913723408216309,-3.197844960609748,-0.1610178551196412,-0.7705521820341836,0.4131368254676835,3.8583916076872566,-1.50872784903177,2.273770014738026
51.0,45.0,135.0217742919922,0.0373421399332568,1.5294806481469272,-3.876078633922528,-3.2013453688086626,-0.156245085778545,-0.770858315778517,0.3944380227873374,3.858542493330501,-1.3334206070963217,2.200329378797328
51.0,45.0,135.0217742919922,0.0373421399332568,1.529315595866255,-3.876078633922528,-3.2013453688086626,-0.156245085778545,-0.7871557345058613,0.3944380227873374,3.858542493330501,-1.3334206070963217,2.200329378797328
51.0,45.0,135.0217742919922,0.0373421399332568,1.529315595866255,-3.876078633922528,-3.2013453688086626,-0.156245085778545,-0.7878643337123651,0.3944380227873374,3.858542493330501,-1.3334206070963217,2.200329378797328
51.0,45.0,135.0217742919922,0.0373421399332568,1.3260498824195388,-3.876078633922528,-3.2013453688086626,-0.156245085778545,-0.7708636171318802,0.3944380227873374,3.858542493330501,-1.3335531490450658,2.2101185321479986
51.0,45.0,135.0217742919922,0.0373404853915631,1.529315595866255,-3.876075654660444,-3.2013453688086626,-0.1610162409193473,-0.7692567597177482,0.3944380227873374,3.858542493330501,-1.3334206070963217,2.200329378797328
51.0,45.0,135.0217742919922,0.0373442818173605,1.5352267667433324,-3.876078633922528,-3.18838051744293,-0.156245085778545,-0.7871557345058613,0.3944380227873374,3.858542493330501,-1.3334206070963217,2.200329378797328
51.0,45.0,135.0289764404297,-0.4923643212915347,2.038809176886525,-4.035061003466526,-3.366714750237568,-0.8935090369152958,-0.4336260795680643,-0.4318798101427913,3.93389086620222,-2.018375989703632,2.550854289660616
51.0,45.0,135.0289764404297,-0.4923643212915347,2.038809176886525,-4.053622812932249,-3.367300766661548,-0.9363823823659196,-0.433625970258174,-0.4318798101427913,3.713846308090602,-2.018375989703632,2.5479852033541155
51.0,45.0,135.0289764404297,-0.4923643212915347,2.038809176886525,-4.053622812932249,-3.367300766661548,-0.9363823823659196,-0.433625970258174,-0.4318798101427913,3.713846308090602,-2.018375989703632,2.5479852033541155
51.0,45.0,135.04090881347656,0.0373520896933419,1.3277840950060702,-3.8772378597898047,-3.201283051740188,-0.0322798151877263,-0.7461560387398325,0.3275354345602517,3.8581734714217664,-1.333419942147584,2.194917103290948
51.0,45.0,135.0539093017578,0.0368106715932553,1.3739797785832064,-3.9122397347843534,-3.201344635361248,-0.2114602312997514,-0.7701825711718528,0.3944380227873374,3.851549209569047,-1.3335538139938037,2.2101185321479986
51.0,45.0,135.07984924316406,0.0382183028699424,1.3389015798661903,-3.868591372448167,-3.3673618421604106,-0.1610178551196412,-0.7700091551224052,0.4881004760960741,3.865371940986467,-1.39625505620832,2.272420578582972
51.0,45.0,135.1033935546875,0.0373539129338277,1.3293736854540243,-3.875826665573431,-3.270482755655405,-0.1610178551196412,-0.7705521820341836,0.4140990559272938,3.8583916076872566,-1.377857413209198,2.2670241888856664
51.0,45.0,135.1033935546875,0.0373539129338277,1.329339303570466,-3.875826665573431,-3.3687414648830742,-0.1610178551196412,-0.7710226974873889,0.4140990559272938,3.960965945473116,-1.3334206070963217,2.273770014738026
51.0,45.0,135.11553955078125,-0.4923643212915347,2.096195184407806,-4.035061003466526,-3.366714750237568,-0.8935090369152958,-0.4336260795680643,-0.4318798101427913,3.93389086620222,-2.018375989703632,2.550854289660616
51.0,45.0,135.115966796875,0.0373539129338277,1.3293736854540243,-3.875826665573431,-3.270482755655405,-0.1610178551196412,-0.7705521820341836,0.4140990559272938,3.8583916076872566,-1.3334206070963217,2.2670241888856664
51.0,45.0,135.115966796875,0.037344279446129,1.7343804505894458,-3.9133453851998974,-3.1886183356491413,-0.1620757379905751,-0.7805650431687384,0.3944380227873374,3.858616029554138,-1.3746084907134857,2.262417456462168
51.0,45.0,135.115966796875,0.037344279446129,1.7343804505894458,-3.9133453851998974,-3.1882670513016684,-0.1620757379905751,-0.7805650431687384,0.3944380227873374,3.858389022159844,-1.3723879074028675,2.262417344921733
51.0,46.0,133.57562255859375,0.0594615866135593,2.038809176886525,-4.03528262790523,-3.356320979288739,-0.9358543235211184,-0.4565040888215326,-0.4318798101427913,3.852496403119131,-2.018375989703632,2.5479852033541155
51.0,46.0,134.0911102294922,0.037762099704351,1.426070564158025,-3.898108845011481,-3.186091217828212,-1.0224702967715729,-0.7780437587817134,0.3944355030388385,3.860267013039024,-1.3334206070963217,2.0096202416371507
51.0,46.0,134.22450256347656,0.2816212391616349,1.1683141243925164,-3.8759499263895294,-3.2715835741739925,-0.0986901511279722,-0.7656930304474613,0.4195236819675131,3.8572188810708616,-1.3334206070963217,2.262488218243387
51.0,46.0,134.22450256347656,0.2816212391616349,1.1683141243925164,-3.8759499263895294,-3.2715835741739925,-0.0986901511279722,-0.7656930304474613,0.4195236819675131,3.8572188810708616,-1.3334206070963217,2.262488218243387
51.0,46.0,134.23806762695312,0.0368206213533405,1.1532114449549222,-3.913398960651632,-3.201282318292773,-0.2113718231951524,-0.7454749927798052,0.3275354345602517,3.851180187660313,-1.3334206070963217,2.194917103290948
51.0,46.0,134.23806762695312,0.0368206213533405,1.1506741309984398,-3.913398960651632,-3.200595175240026,-0.2113718231951524,-0.7694475393013172,0.3273094063357979,3.858268790810557,-1.3334206070963217,2.261414490670476
51.0,46.0,134.23806762695312,0.0368206213533405,1.1506741309984398,-3.913398960651632,-3.200595175240026,-0.2113718231951524,-0.7694475393013172,0.3273094063357979,3.858268790810557,-1.3334206070963217,2.261414490670476
51.0,46.0,134.23806762695312,0.0368206213533405,1.1532114449549222,-3.913398960651632,-3.201282318292773,-0.2113718231951524,-0.7454749927798052,0.3275354345602517,3.851180187660313,-1.3334206070963217,2.194917103290948
51.0,46.0,134.30880737304688,0.0369796982069306,1.1583315932658758,-3.875769923933455,-3.1808385844682374,-0.1610178551196412,-0.7705293500613473,0.3311462893674549,3.8571688582759247,-1.3334206070963217,2.2627484192533327
51.0,46.0,134.30880737304688,0.0369796982069306,1.1583315932658758,-3.875769923933455,-3.1808385844682374,-0.1610178551196412,-0.7705293500613473,0.3311462893674549,3.8571688582759247,-1.3334206070963217,2.2627484192533327
51.0,46.0,134.31703186035156,0.2833403839635361,1.1683141243925164,-3.913398960651632,-3.2715835741739925,-0.0986901511279722,-0.7656930304474613,0.3275354345602517,3.8572188810708616,-1.3334206070963217,2.262488218243387
51.0,46.0,134.32681274414062,0.0210232999944421,1.3828830756994068,-4.296612307573895,-3.2942074213180272,-1.0224702967715729,-0.9941197104410594,0.3944380227873374,3.860234288364985,-1.3334206070963217,2.0096202416371507
51.0,46.0,134.32681274414062,0.0210232999944421,1.3828830756994068,-4.296612307573895,-3.2942074213180272,-1.0224702967715729,-0.9941197104410594,0.3944380227873374,3.860234288364985,-1.3334206070963217,2.0096202416371507
51.0,46.0,134.32681274414062,0.0210232999944421,1.3828830756994068,-4.296612307573895,-3.2942074213180272,-1.0224702967715729,-0.9941197104410594,0.3944380227873374,3.860234288364985,-1.3334206070963217,2.0096202416371507
51.0,46.0,134.3539276123047,0.0373518172198497,1.16654097099655,-3.875494763864951,-3.1951117308225974,-0.0986901511279722,-0.7660358176237236,0.3298491640984089,3.858263406842106,-1.3329709845817146,2.3381378762882137
51.0,46.0,134.38026428222656,0.0370671111946991,1.3234885440736586,-3.875769923933455,-3.1842440506582204,-0.1610178551196412,-0.7466367289198323,0.4143250841517476,3.851303004537013,-1.3334206070963217,2.196449309601128
51.0,46.0,134.5054931640625,0.0373256372756336,1.1532114449549222,-3.877392660523337,-3.188047992651584,-0.4282357106971625,-0.7648134283889984,0.3275354345602517,3.8571139940067054,-1.3334206070963217,2.2072797722594646
51.0,46.0,134.5054931640625,0.0373256372756336,1.1532365523645578,-3.877392660523337,-3.1907990162256006,-0.4282357106971625,-0.7756847953806978,0.3275354345602517,3.857093578855411,-1.3334206070963217,2.2072797722594646
51.0,46.0,134.60011291503906,0.2833403839635361,1.1676179938217757,-3.875459750889607,-3.107755338203265,-0.0986901511279722,-0.7656930304474613,0.3939364397897313,3.857229989342092,-1.335057371806526,2.1976017151000686
51.0,46.0,134.60357666015625,0.0594615866135593,2.038809176886525,-3.912710182874164,-3.356320979288739,-0.9358543235211184,-0.4565040888215326,-0.4318798101427913,3.852917848235466,-1.9928357145153264,2.5479852033541155
51.0,46.0,134.63626098632812,0.2833403839635361,1.1676179938217757,-3.875494763864951,-3.107755338203265,-0.0986901511279722,-0.7656930304474613,0.3275354345602517,3.857229989342092,-1.3334206070963217,2.1938484102815274
51.0,46.0,134.71127319335938,0.0373256372756336,1.3157966999226642,-3.877392660523337,-3.188047992651584,-0.4282357106971625,-0.7648134283889984,0.4104882011200906,3.8583372346442673,-1.3334206070963217,2.2072797722594646
51.0,46.0,134.71127319335938,0.0368206213533405,1.1664624256373013,-3.913252272347842,-3.200818782502095,-0.3220519456762729,-0.766933500971097,0.3275354345602517,3.8571139940067054,-1.3334216665689214,2.195257628989325
51.0,46.0,134.74871826171875,0.0373627869349162,1.1507904805072229,-3.875826665573431,-3.3687414648830742,-0.1610178551196412,-0.7705521820341836,0.4140990559272938,3.858667886114501,-1.3334206070963217,2.273770014738026
51.0,46.0,134.74871826171875,0.0373627869349162,1.1507904805072229,-3.875826665573431,-3.3687414648830742,-0.1610178551196412,-0.7705521820341836,0.4140990559272938,3.858667886114501,-1.3334206070963217,2.273770014738026
51.0,46.0,134.82034301757812,0.0594615866135593,2.038809176886525,-3.8772841722943134,-3.35613763585802,-0.9476156580197134,-0.4565040888215326,-0.4318798101427913,3.852933710983693,-1.984594598018649,2.54466022269194
51.0,46.0,134.82379150390625,0.0373256372756336,1.1578395736951808,-3.877392660523337,-2.8238592037272827,-0.4282357106971625,-0.7756847953806978,0.3275354345602517,3.857093578855411,-1.3334206070963217,2.2072797722594646
51.0,46.0,134.82379150390625,0.0373256372756336,1.157814466285545,-3.877392660523337,-2.8211081801532654,-0.4282357106971625,-0.7648134283889984,0.3275354345602517,3.8571139940067054,-1.3334206070963217,2.2072797722594646
51.0,46.0,134.8541717529297,0.0369796982069306,1.1583315932658758,-3.875769923933455,-3.1808385844682374,-0.3038656461239404,-0.7705293500613473,0.4116973601141417,3.8571688582759247,-1.3334206070963217,2.2627484192533327
51.0,46.0,134.85971069335938,0.0368206213533405,1.1532114449549222,-3.913398960651632,-3.201282318292773,-0.2113718231951524,-1.0004819646966188,0.3275354345602517,3.8571139940067054,-1.3334206070963217,2.194917103290948
51.0,46.0,134.85971069335938,0.0368206213533405,1.1532114449549222,-3.913398960651632,-3.201282318292773,-0.2113718231951524,-1.0004819646966188,0.3275354345602517,3.851180187660313,-1.3334206070963217,2.194917103290948
51.0,46.0,134.85971069335938,0.0373475320050072,1.1532114449549222,-3.9134046393963455,-3.2013442116662114,-0.2113718231951524,-1.0004819646966188,0.3275354345602517,3.858488007450592,-1.316063594193467,2.194917103290948
51.0,46.0,134.90582275390625,0.0373539129338277,1.3293736854540243,-3.875826665573431,-3.3687414648830742,-0.1610178551196412,-0.7705521820341836,0.4140990559272938,3.8583916076872566,-1.3334206070963217,2.273770014738026
51.0,46.0,134.90582275390625,0.0373539129338277,1.3293736854540243,-3.875826665573431,-3.3687414648830742,-0.1610178551196412,-0.7705521820341836,0.4140990559272938,3.8583916076872566,-1.3334206070963217,2.273770014738026
51.0,46.0,134.90582275390625,0.0373536496181475,1.3293736854540243,-3.875826665573431,-3.3687414648830742,-0.1635559697390564,-0.7705521820341836,0.4140990559272938,3.8583916076872566,-1.3334206070963217,2.273770014738026
51.0,46.0,134.90582275390625,0.0373539129338277,1.329339303570466,-3.875826665573431,-3.3687414648830742,-0.1610178551196412,-0.7710226974873889,0.4140990559272938,3.8583916076872566,-1.3334206070963217,2.273770014738026
51.0,46.0,134.90582275390625,0.0373539129338277,1.3293736854540243,-3.875826665573431,-3.3687414648830742,-0.1610178551196412,-0.7705521820341836,0.4140990559272938,3.8583916076872566,-1.3334206070963217,2.273770014738026
51.0,46.0,134.9308319091797,0.0373539129338277,1.176599115481116,-3.875826665573431,-3.41097094187834,-0.1604589989727654,-0.7703567513661315,0.4140990559272938,3.857195436616584,-1.3334206070963217,2.261987900108139
51.0,46.0,134.97210693359375,0.0373012174698172,1.1532114449549222,-3.875502218008753,-3.3721788225661,-0.2113718231951524,-1.0004819646966188,0.3284976650198621,3.851180187660313,-1.2882314933784198,2.194917103290948
51.0,46.0,134.9739227294922,0.0373421399332568,1.5294806481469272,-3.876078633922528,-3.1957239502740142,-0.1955358398415485,-0.770858315778517,0.3944380227873374,3.858542493330501,-1.3334206070963217,2.200329378797328
51.0,46.0,134.9739227294922,0.0373421399332568,1.529315595866255,-3.876078633922528,-3.124781456531468,-0.156245085778545,-0.774291111567107,0.3930167654856701,3.856573844948296,-1.3334206070963217,2.200329378797328
51.0,46.0,134.9739227294922,0.0373421399332568,1.4663438782592555,-3.876078633922528,-3.1957239502740142,-0.1955358398415485,-0.770858315778517,0.3944380227873374,3.858542493330501,-1.3334206070963217,2.200329378797328
51.0,46.0,134.9739227294922,0.0370693365189772,1.3739797785832064,-3.8751387127004175,-3.201344635361248,-0.1618039441329434,-0.7701825711718528,0.3944380227873374,3.851549209569047,-1.3010603709423612,2.2101322968552326
51.0,46.0,134.9739227294922,0.0373421399332568,1.5294806481469272,-3.876078633922528,-3.2013453688086626,-0.1949417639691286,-0.770858315778517,0.3944380227873374,3.858542493330501,-1.3334206070963217,2.200329378797328
51.0,46.0,134.9751739501953,0.0381499012763669,1.326194134984638,-3.913386868859936,-3.187821212133509,-0.1610181104339382,-0.7705521820341836,0.3946375435324915,3.8583957406745495,-1.3727094819390255,2.266973851579549
51.0,46.0,134.9751739501953,0.0369796982069306,1.3209168482336178,-3.875769923933455,-3.1808385844682374,-0.1610178551196412,-0.7705293500613473,0.4140990559272938,3.8583920989134857,-1.3334206070963217,2.2627484192533327
51.0,46.0,134.9751739501953,0.0370671111946991,1.3209512301171762,-3.875769923933455,-3.183556907605473,-0.1610178551196412,-0.7706092754413443,0.4140990559272938,3.8583916076872566,-1.3334206070963217,2.262946696980656
51.0,46.0,134.97903442382812,0.0373539129338277,1.144131860292071,-3.875826665573431,-3.3687414648830742,-0.4957911591016189,-0.7710226974873889,0.4140990559272938,3.857226495381934,-1.3334206070963217,2.273770014738026
51.0,46.0,134.99609375,0.036873316817351,1.3293736854540243,-3.913723408216309,-3.197844960609748,-0.1610178551196412,-0.7705521820341836,0.4131368254676835,3.8583916076872566,-1.50872784903177,2.273770014738026
51.0,46.0,135.0217742919922,0.0373421399332568,1.5294806481469272,-3.876078633922528,-3.2013453688086626,-0.156245085778545,-0.770858315778517,0.3944380227873374,3.858542493330501,-1.3334206070963217,2.200329378797328
51.0,47.0,133.57562255859375,0.0594615866135593,2.038809176886525,-4.03528262790523,-3.356320979288739,-0.9358543235211184,-0.4565040888215326,-0.4318798101427913,3.852496403119131,-2.018375989703632,2.5479852033541155
51.0,47.0,134.02615356445312,0.0371440830119839,1.3828830756994068,-3.890362388787736,-3.297796459453457,-1.0224702967715729,-0.7693576622973972,0.3944380227873374,3.860234288364985,-1.3334206070963217,2.0096202416371507
51.0,47.0,134.03646850585938,-0.0032353123690047,1.4237314376555683,-3.898108845011481,-3.185992159032323,-1.0224702967715729,-0.8814291431448172,0.3944355030388385,3.860267013039024,-1.3334206070963217,2.0096202416371507
51.0,47.0,134.09024047851562,0.2833403839635361,1.1679165203802095,-3.9043302551361263,-3.107755338203265,-0.2130461878283671,-0.7656270793264006,0.3939364397897313,3.857229989342092,-1.335057371806526,2.1976017151000686
51.0,47.0,134.0911102294922,0.037762099704351,1.426070564158025,-3.898108845011481,-3.186091217828212,-1.0224702967715729,-0.7780437587817134,0.3944355030388385,3.860267013039024,-1.3334206070963217,2.0096202416371507
51.0,47.0,134.22450256347656,0.2816212391616349,1.1683141243925164,-3.8759499263895294,-3.2715835741739925,-0.0986901511279722,-0.7656930304474613,0.4195236819675131,3.8572188810708616,-1.3334206070963217,2.262488218243387
51.0,47.0,134.22450256347656,0.2816212391616349,1.1683141243925164,-3.8759499263895294,-3.2715835741739925,-0.0986901511279722,-0.7656930304474613,0.4195236819675131,3.8572188810708616,-1.3334206070963217,2.262488218243387
51.0,47.0,134.23806762695312,0.0368206213533405,1.1532114449549222,-3.913398960651632,-3.201282318292773,-0.2113718231951524,-0.7454749927798052,0.3275354345602517,3.851180187660313,-1.3334206070963217,2.194917103290948
51.0,47.0,134.23806762695312,0.0368206213533405,1.1506741309984398,-3.913398960651632,-3.200595175240026,-0.2113718231951524,-0.7694475393013172,0.3273094063357979,3.858268790810557,-1.3334206070963217,2.261414490670476
51.0,47.0,134.23806762695312,0.0368206213533405,1.1506741309984398,-3.913398960651632,-3.200595175240026,-0.2113718231951524,-0.7694475393013172,0.3273094063357979,3.858268790810557,-1.3334206070963217,2.261414490670476
51.0,47.0,134.23806762695312,0.0368206213533405,1.1532114449549222,-3.913398960651632,-3.201282318292773,-0.2113718231951524,-0.7454749927798052,0.3275354345602517,3.851180187660313,-1.3334206070963217,2.194917103290948
51.0,47.0,134.2784423828125,0.0476282982140528,1.2389910474849328,-3.876078633922528,-3.124781456531468,-0.098892002145435,-0.774291111567107,0.3944338819160441,3.856573844948296,-1.3334206070963217,2.200329378797328
51.0,47.0,134.30880737304688,0.0369796982069306,1.1583315932658758,-3.875769923933455,-3.1808385844682374,-0.1610178551196412,-0.7705293500613473,0.3311462893674549,3.8571688582759247,-1.3334206070963217,2.2627484192533327
51.0,47.0,134.30880737304688,0.0369796982069306,1.1583315932658758,-3.875769923933455,-3.1808385844682374,-0.1610178551196412,-0.7705293500613473,0.3311462893674549,3.8571688582759247,-1.3334206070963217,2.2627484192533327
51.0,47.0,134.31703186035156,0.2833403839635361,1.1683141243925164,-3.913398960651632,-3.2715835741739925,-0.0986901511279722,-0.7656930304474613,0.3275354345602517,3.8572188810708616,-1.3334206070963217,2.262488218243387
51.0,47.0,134.31858825683594,0.2816212391616349,1.1579396309292036,-3.8759499263895294,-3.2690228858534334,-0.159314113932164,-0.7656930304474613,0.4195236819675131,3.8572188810708616,-1.3334206070963217,2.2624904591692885
51.0,47.0,134.32681274414062,0.0210232999944421,1.3828830756994068,-4.296612307573895,-3.2942074213180272,-1.0224702967715729,-0.9941197104410594,0.3944380227873374,3.860234288364985,-1.3334206070963217,2.0096202416371507
51.0,47.0,134.32681274414062,0.0210232999944421,1.3828830756994068,-4.296612307573895,-3.2942074213180272,-1.0224702967715729,-0.9941197104410594,0.3944380227873374,3.860234288364985,-1.3334206070963217,2.0096202416371507
51.0,47.0,134.32681274414062,0.0210232999944421,1.3828830756994068,-4.296612307573895,-3.2942074213180272,-1.0224702967715729,-0.9941197104410594,0.3944380227873374,3.860234288364985,-1.3334206070963217,2.0096202416371507
51.0,47.0,134.32681274414062,0.0210232999944421,1.3828830756994068,-4.296612307573895,-3.2942074213180272,-1.0224702967715729,-0.9941197104410594,0.3961561147452114,3.860234288364985,-1.3334206070963217,2.0180322035549367
51.0,47.0,134.3507080078125,0.2815758285144562,1.1684193605339854,-3.9133988958005927,-3.2715835741739925,-0.0967383198945771,-0.766157430921133,0.3275354345602517,3.8572188810708616,-1.3164980880937955,2.264224010191279
51.0,47.0,134.3539276123047,0.0373518172198497,1.16654097099655,-3.875494763864951,-3.1951117308225974,-0.0986901511279722,-0.7660358176237236,0.3298491640984089,3.858263406842106,-1.3329709845817146,2.3381378762882137
51.0,47.0,134.38026428222656,0.0370671111946991,1.3234885440736586,-3.875769923933455,-3.1842440506582204,-0.1610178551196412,-0.7466367289198323,0.4143250841517476,3.851303004537013,-1.3334206070963217,2.196449309601128
51.0,47.0,134.39218139648438,0.0369796982069306,1.1583315932658758,-3.875772970232907,-3.271743029813125,-0.1610178551196412,-0.7659046380773362,0.3336383592849797,3.8571688582759247,-1.3334206070963217,2.2627484192533327
51.0,47.0,134.48866271972656,-0.0821853410911235,1.1582615560277238,-3.875128139652957,-3.18166729308041,-0.1593635779915895,-0.77079339715231,0.3311135269815989,3.851180187660313,-1.3334206070963217,2.265953392817914
51.0,47.0,134.5054931640625,0.0373256372756336,1.1532114449549222,-3.877392660523337,-3.188047992651584,-0.4282357106971625,-0.7648134283889984,0.3275354345602517,3.8571139940067054,-1.3334206070963217,2.2072797722594646
51.0,47.0,134.5054931640625,0.0373256372756336,1.1532365523645578,-3.877392660523337,-3.1907990162256006,-0.4282357106971625,-0.7756847953806978,0.3275354345602517,3.857093578855411,-1.3334206070963217,2.2072797722594646
51.0,47.0,134.5054931640625,0.0373241270629051,1.1532365523645578,-3.877432686819208,-3.1907990162256006,-0.4198725796235416,-0.7751814005911274,0.3280911587887321,3.857151198830562,-1.3334206070963217,2.20047475721453
51.0,47.0,134.60011291503906,0.2833403839635361,1.1676179938217757,-3.875459750889607,-3.107755338203265,-0.0986901511279722,-0.7656930304474613,0.3939364397897313,3.857229989342092,-1.335057371806526,2.1976017151000686
51.0,47.0,134.60357666015625,0.0594615866135593,2.038809176886525,-3.912710182874164,-3.356320979288739,-0.9358543235211184,-0.4565040888215326,-0.4318798101427913,3.852917848235466,-1.9928357145153264,2.5479852033541155
51.0,47.0,134.63626098632812,0.2833403839635361,1.1676179938217757,-3.875494763864951,-3.107755338203265,-0.0986901511279722,-0.7656930304474613,0.3275354345602517,3.857229989342092,-1.3334206070963217,2.1938484102815274
51.0,47.0,134.71127319335938,0.0373256372756336,1.3157966999226642,-3.877392660523337,-3.188047992651584,-0.4282357106971625,-0.7648134283889984,0.4104882011200906,3.8583372346442673,-1.3334206070963217,2.2072797722594646
51.0,47.0,134.71127319335938,0.0368206213533405,1.1664624256373013,-3.913252272347842,-3.200818782502095,-0.3220519456762729,-0.766933500971097,0.3275354345602517,3.8571139940067054,-1.3334216665689214,2.195257628989325
51.0,47.0,134.71127319335938,0.0373544874074297,1.3157966999226642,-3.877402975865369,-3.198003059220609,-0.4282357106971625,-0.7703976434235242,0.4140975714167786,3.8583903322369393,-1.3334206070963217,2.208368469823897
51.0,47.0,134.7202606201172,0.2816212391616349,1.1683141243925164,-3.875946880090078,-3.180679128829105,-0.0986901511279722,-0.7703177424314722,0.4170316120499883,3.8572188810708616,-1.3334206070963217,2.262488218243387
51.0,47.0,134.72410583496094,0.2886043302954152,1.329088466251411,-3.875826665573431,-3.3690177798489818,-0.1637160965962879,-0.770487395238325,0.4194191985821675,3.858407174907555,-1.3334206070963217,2.273762968274249
51.0,47.0,134.74871826171875,0.0373627869349162,1.1507904805072229,-3.875826665573431,-3.3687414648830742,-0.1610178551196412,-0.7705521820341836,0.4140990559272938,3.858667886114501,-1.3334206070963217,2.273770014738026
51.0,47.0,134.74871826171875,0.0373627869349162,1.1507904805072229,-3.875826665573431,-3.3687414648830742,-0.1610178551196412,-0.7705521820341836,0.4140990559272938,3.858667886114501,-1.3334206070963217,2.273770014738026
51.0,47.0,134.74871826171875,0.0373627869349162,1.1507904805072229,-3.875826665573431,-3.3687414648830742,-0.1610178551196412,-0.7705521820341836,0.4140990559272938,3.858667886114501,-1.3334206070963217,2.273770014738026
51.0,47.0,134.78231811523438,0.2833403839635361,1.1676179938217757,-3.874000416822207,-3.107398343946405,-0.4524778661183431,-0.746164420004333,0.3939364397897313,3.857229989342092,-1.333328217302119,2.1974756269049345
51.0,47.0,134.78884887695312,0.0373627869349162,1.1507904805072229,-3.914570851588788,-3.364456527477714,-0.1616710596938042,-0.7705521820341836,0.4140990559272938,3.8572267085985046,-1.3334206070963217,2.273770014738026
51.0,47.0,134.82034301757812,0.0594615866135593,2.038809176886525,-3.8772841722943134,-3.35613763585802,-0.9476156580197134,-0.4565040888215326,-0.4318798101427913,3.852933710983693,-1.984594598018649,2.54466022269194
51.0,47.0,134.82034301757812,0.0594615866135593,2.038809176886525,-3.912710182874164,-3.356320979288739,-0.9358543235211184,-0.4565040888215326,-0.4335979021006653,3.852917848235466,-1.9928357145153264,2.5131266538530905
51.0,47.0,134.82379150390625,0.0373256372756336,1.1578395736951808,-3.877392660523337,-2.8238592037272827,-0.4282357106971625,-0.7756847953806978,0.3275354345602517,3.857093578855411,-1.3334206070963217,2.2072797722594646
51.0,47.0,134.82379150390625,0.0373256372756336,1.157814466285545,-3.877392660523337,-2.8211081801532654,-0.4282357106971625,-0.7648134283889984,0.3275354345602517,3.8571139940067054,-1.3334206070963217,2.2072797722594646
51.0,47.0,134.82379150390625,0.0373256372756336,1.1578395736951808,-3.877392660523337,-2.8238592037272827,-0.4282357106971625,-0.7756847953806978,0.3275354345602517,3.857093578855411,-1.3334206070963217,2.2072797722594646
51.0,47.0,134.8541717529297,0.0369796982069306,1.1583315932658758,-3.875769923933455,-3.1808385844682374,-0.3038656461239404,-0.7705293500613473,0.4116973601141417,3.8571688582759247,-1.3334206070963217,2.2627484192533327
51.0,47.0,134.85971069335938,0.0368206213533405,1.1532114449549222,-3.913398960651632,-3.201282318292773,-0.2113718231951524,-1.0004819646966188,0.3275354345602517,3.8571139940067054,-1.3334206070963217,2.194917103290948
51.0,47.0,134.85971069335938,0.0368206213533405,1.1532114449549222,-3.913398960651632,-3.201282318292773,-0.2113718231951524,-1.0004819646966188,0.3275354345602517,3.851180187660313,-1.3334206070963217,2.194917103290948
51.0,47.0,134.85971069335938,0.0373475320050072,1.1532114449549222,-3.9134046393963455,-3.2013442116662114,-0.2113718231951524,-1.0004819646966188,0.3275354345602517,3.858488007450592,-1.316063594193467,2.194917103290948
51.0,48.0,133.57562255859375,0.0594615866135593,2.038809176886525,-4.03528262790523,-3.356320979288739,-0.9358543235211184,-0.4565040888215326,-0.4318798101427913,3.852496403119131,-2.018375989703632,2.5479852033541155
51.0,48.0,134.02615356445312,0.0371440830119839,1.3828830756994068,-3.890362388787736,-3.297796459453457,-1.0224702967715729,-0.7693576622973972,0.3944380227873374,3.860234288364985,-1.3334206070963217,2.0096202416371507
51.0,48.0,134.03646850585938,-0.0032353123690047,1.4237314376555683,-3.898108845011481,-3.185992159032323,-1.0224702967715729,-0.8814291431448172,0.3944355030388385,3.860267013039024,-1.3334206070963217,2.0096202416371507
51.0,48.0,134.09024047851562,0.2833403839635361,1.1679165203802095,-3.9043302551361263,-3.107755338203265,-0.2130461878283671,-0.7656270793264006,0.3939364397897313,3.857229989342092,-1.335057371806526,2.1976017151000686
51.0,48.0,134.0911102294922,0.037762099704351,1.426070564158025,-3.898108845011481,-3.186091217828212,-1.0224702967715729,-0.7780437587817134,0.3944355030388385,3.860267013039024,-1.3334206070963217,2.0096202416371507
51.0,48.0,134.0911102294922,0.037762099704351,1.426070564158025,-3.898108845011481,-3.2920168537104715,-1.0224702967715729,-0.7780437587817134,0.3218288554731823,3.860267013039024,-1.3334206070963217,2.0096202416371507
51.0,48.0,134.0911102294922,0.037762099704351,1.426070564158025,-3.89774522961278,-3.186091217828212,-1.023294129788644,-0.7775020149969056,0.3946203136980237,3.857106833168288,-1.3334206070963217,2.0096202416371507
51.0,48.0,134.09425354003906,0.2816212391616349,1.1582464308534364,-3.8759499263895294,-3.1849450253072944,-0.1593668342338978,-0.7705429941566653,0.4195236819675131,3.8576573690396514,-1.3334206070963217,2.262585564573848
51.0,48.0,134.22450256347656,0.2816212391616349,1.1683141243925164,-3.8759499263895294,-3.2715835741739925,-0.0986901511279722,-0.7656930304474613,0.4195236819675131,3.8572188810708616,-1.3334206070963217,2.262488218243387
51.0,48.0,134.22450256347656,0.2816212391616349,1.1683141243925164,-3.8759499263895294,-3.2715835741739925,-0.0986901511279722,-0.7656930304474613,0.4195236819675131,3.8572188810708616,-1.3334206070963217,2.262488218243387
51.0,48.0,134.23806762695312,0.0368206213533405,1.1532114449549222,-3.913398960651632,-3.201282318292773,-0.2113718231951524,-0.7454749927798052,0.3275354345602517,3.851180187660313,-1.3334206070963217,2.194917103290948
51.0,48.0,134.23806762695312,0.0368206213533405,1.1506741309984398,-3.913398960651632,-3.200595175240026,-0.2113718231951524,-0.7694475393013172,0.3273094063357979,3.858268790810557,-1.3334206070963217,2.261414490670476
51.0,48.0,134.23806762695312,0.0368206213533405,1.1506741309984398,-3.913398960651632,-3.200595175240026,-0.2113718231951524,-0.7694475393013172,0.3273094063357979,3.858268790810557,-1.3334206070963217,2.261414490670476
51.0,48.0,134.23806762695312,0.0368206213533405,1.1532114449549222,-3.913398960651632,-3.201282318292773,-0.2113718231951524,-0.7454749927798052,0.3275354345602517,3.851180187660313,-1.3334206070963217,2.194917103290948
51.0,48.0,134.23806762695312,0.0368206213533405,1.1506741309984398,-3.913365066166519,-3.200595175240026,-0.2113718231951524,-0.7708859348457927,0.3273094063357979,3.858268790810557,-1.3334206070963217,2.261414490670476
51.0,48.0,134.23806762695312,0.0368171275589772,1.1520983353735452,-3.913849116899145,-3.201282318292773,-0.2105278675345672,-0.7454749927798052,0.327495372063464,3.851178763023693,-1.3334206070963217,2.194954144947388
51.0,48.0,134.23806762695312,0.0368206213533405,1.1679070226478503,-3.913398960651632,-3.199106163644013,-0.2113718231951524,-0.7483774635377063,0.3275354345602517,3.851180187660313,-1.3155099248605404,2.260179485407983
51.0,48.0,134.23806762695312,0.0368206213533405,1.150866618457595,-3.913398960651632,-3.201305780332122,-0.2113718231951524,-0.7645051940903802,0.3273094063357979,3.858289007768484,-1.3334206070963217,2.194994398395052
51.0,48.0,134.2784423828125,0.0476282982140528,1.2389910474849328,-3.876078633922528,-3.124781456531468,-0.098892002145435,-0.774291111567107,0.3944338819160441,3.856573844948296,-1.3334206070963217,2.200329378797328
51.0,48.0,134.29275512695312,0.0368206213533405,1.1506741309984398,-3.913398960651632,-3.200604690545287,-0.2113718231951524,-0.7452761940607178,0.3273113271616592,3.858268790810557,-1.3334206070963217,2.2679088905148244
51.0,48.0,134.30880737304688,0.0369796982069306,1.1583315932658758,-3.875769923933455,-3.1808385844682374,-0.1610178551196412,-0.7705293500613473,0.3311462893674549,3.8571688582759247,-1.3334206070963217,2.2627484192533327
51.0,48.0,134.30880737304688,0.0369796982069306,1.1583315932658758,-3.875769923933455,-3.1808385844682374,-0.1610178551196412,-0.7705293500613473,0.3311462893674549,3.8571688582759247,-1.3334206070963217,2.2627484192533327
51.0,48.0,134.30880737304688,0.0369796982069306,1.1583315932658758,-3.875769923933455,-3.1808385844682374,-0.1610178551196412,-0.7705293500613473,0.3311462893674549,3.8571688582759247,-1.3334206070963217,2.2627484192533327
51.0,48.0,134.31703186035156,0.2833403839635361,1.1683141243925164,-3.913398960651632,-3.2715835741739925,-0.0986901511279722,-0.7656930304474613,0.3275354345602517,3.8572188810708616,-1.3334206070963217,2.262488218243387
51.0,48.0,134.31858825683594,0.2816212391616349,1.1579396309292036,-3.8759499263895294,-3.2690228858534334,-0.159314113932164,-0.7656930304474613,0.4195236819675131,3.8572188810708616,-1.3334206070963217,2.2624904591692885
51.0,48.0,134.32681274414062,0.0210232999944421,1.3828830756994068,-4.296612307573895,-3.2942074213180272,-1.0224702967715729,-0.9941197104410594,0.3944380227873374,3.860234288364985,-1.3334206070963217,2.0096202416371507
51.0,48.0,134.32681274414062,0.0210232999944421,1.3828830756994068,-4.296612307573895,-3.2942074213180272,-1.0224702967715729,-0.9941197104410594,0.3944380227873374,3.860234288364985,-1.3334206070963217,2.0096202416371507
51.0,48.0,134.32681274414062,0.0210232999944421,1.3828830756994068,-4.296612307573895,-3.2942074213180272,-1.0224702967715729,-0.9941197104410594,0.3944380227873374,3.860234288364985,-1.3334206070963217,2.0096202416371507
51.0,48.0,134.32681274414062,0.0210232999944421,1.3828830756994068,-4.296612307573895,-3.2942074213180272,-1.0224702967715729,-0.9941197104410594,0.3961561147452114,3.860234288364985,-1.3334206070963217,2.0180322035549367
51.0,48.0,134.32681274414062,0.0571251406543795,1.3828830756994068,-4.296612307573895,-3.2942074213180272,-1.025108326773647,-0.9941197104410594,0.3944380227873374,3.853303368602203,-1.284008852208198,2.0096202416371507
51.0,48.0,134.32681274414062,0.0210232999944421,1.3828830756994068,-4.296612307573895,-3.2942074213180272,-1.0224702967715729,-0.9941197104410594,0.3961561147452114,3.860234288364985,-1.3334206070963217,2.0180322035549367
51.0,48.0,134.3507080078125,0.2815758285144562,1.1684193605339854,-3.9133988958005927,-3.2715835741739925,-0.0967383198945771,-0.766157430921133,0.3275354345602517,3.8572188810708616,-1.3164980880937955,2.264224010191279
51.0,48.0,134.3539276123047,0.0373518172198497,1.16654097099655,-3.875494763864951,-3.1951117308225974,-0.0986901511279722,-0.7660358176237236,0.3298491640984089,3.858263406842106,-1.3329709845817146,2.3381378762882137
51.0,48.0,134.38026428222656,0.0370671111946991,1.3234885440736586,-3.875769923933455,-3.1842440506582204,-0.1610178551196412,-0.7466367289198323,0.4143250841517476,3.851303004537013,-1.3334206070963217,2.196449309601128
51.0,48.0,134.38026428222656,0.0370706049890623,1.3246016536550356,-3.8753197676859417,-3.1842440506582204,-0.1618618107802264,-0.7466367289198323,0.4143651466485353,3.851304429173634,-1.3334206070963217,2.196412267944688
51.0,48.0,134.39218139648438,0.0369796982069306,1.1583315932658758,-3.875772970232907,-3.271743029813125,-0.1610178551196412,-0.7659046380773362,0.3336383592849797,3.8571688582759247,-1.3334206070963217,2.2627484192533327
51.0,48.0,134.48866271972656,-0.0821853410911235,1.1582615560277238,-3.875128139652957,-3.18166729308041,-0.1593635779915895,-0.77079339715231,0.3311135269815989,3.851180187660313,-1.3334206070963217,2.265953392817914
51.0,48.0,134.48866271972656,-0.0821853410911235,1.1582615560277238,-3.875162034138069,-3.18166729308041,-0.1593635779915895,-0.7693550016078344,0.3311135269815989,3.851180187660313,-1.3334206070963217,2.265953392817914
51.0,48.0,134.5054931640625,0.0373256372756336,1.1532114449549222,-3.877392660523337,-3.188047992651584,-0.4282357106971625,-0.7648134283889984,0.3275354345602517,3.8571139940067054,-1.3334206070963217,2.2072797722594646
51.0,48.0,134.5054931640625,0.0373256372756336,1.1532365523645578,-3.877392660523337,-3.1907990162256006,-0.4282357106971625,-0.7756847953806978,0.3275354345602517,3.857093578855411,-1.3334206070963217,2.2072797722594646
51.0,48.0,134.5054931640625,0.0373241270629051,1.1532365523645578,-3.877432686819208,-3.1907990162256006,-0.4198725796235416,-0.7751814005911274,0.3280911587887321,3.857151198830562,-1.3334206070963217,2.20047475721453
51.0,48.0,134.60011291503906,0.2833403839635361,1.1676179938217757,-3.875459750889607,-3.107755338203265,-0.0986901511279722,-0.7656930304474613,0.3939364397897313,3.857229989342092,-1.335057371806526,2.1976017151000686
51.0,48.0,134.60357666015625,0.0594615866135593,2.038809176886525,-3.912710182874164,-3.356320979288739,-0.9358543235211184,-0.4565040888215326,-0.4318798101427913,3.852917848235466,-1.9928357145153264,2.5479852033541155
51.0,48.0,134.6129608154297,0.0347406107411306,1.1665135548168497,-3.875984257429976,-3.269218008664718,-0.0986901511279722,-0.7660143932336186,0.3283868229144049,3.8572188810708616,-1.333414139116745,2.262488218243387
51.0,48.0,134.63626098632812,0.2833403839635361,1.1676179938217757,-3.875494763864951,-3.107755338203265,-0.0986901511279722,-0.7656930304474613,0.3275354345602517,3.857229989342092,-1.3334206070963217,2.1938484102815274
51.0,48.0,134.63626098632812,0.2793097597361159,1.158282547555962,-3.875459750889607,-3.1067757295387524,-0.1610255147930159,-0.7656930304474613,0.3307632397247239,3.857168577935463,-1.335057371806526,2.1976017151000686
51.0,48.0,134.71127319335938,0.0373256372756336,1.3157966999226642,-3.877392660523337,-3.188047992651584,-0.4282357106971625,-0.7648134283889984,0.4104882011200906,3.8583372346442673,-1.3334206070963217,2.2072797722594646
51.0,48.0,134.71127319335938,0.0368206213533405,1.1664624256373013,-3.913252272347842,-3.200818782502095,-0.3220519456762729,-0.766933500971097,0.3275354345602517,3.8571139940067054,-1.3334216665689214,2.195257628989325
51.0,48.0,134.71127319335938,0.0373544874074297,1.3157966999226642,-3.877402975865369,-3.198003059220609,-0.4282357106971625,-0.7703976434235242,0.4140975714167786,3.8583903322369393,-1.3334206070963217,2.208368469823897
51.0,48.0,134.7202606201172,0.2816212391616349,1.1683141243925164,-3.875946880090078,-3.180679128829105,-0.0986901511279722,-0.7703177424314722,0.4170316120499883,3.8572188810708616,-1.3334206070963217,2.262488218243387
51.0,49.0,133.57562255859375,0.0594615866135593,2.038809176886525,-4.03528262790523,-3.356320979288739,-0.9358543235211184,-0.4565040888215326,-0.4318798101427913,3.852496403119131,-2.018375989703632,2.5479852033541155
51.0,49.0,134.02615356445312,0.0371440830119839,1.3828830756994068,-3.890362388787736,-3.297796459453457,-1.0224702967715729,-0.7693576622973972,0.3944380227873374,3.860234288364985,-1.3334206070963217,2.0096202416371507
51.0,49.0,134.02615356445312,0.0374960579467293,1.3828830756994068,-3.890362388787736,-3.2941972114187514,-1.0224702967715729,-0.7684338431077755,0.3944380227873374,3.860234288364985,-1.3334206070963217,2.0096202416371507
51.0,49.0,134.03646850585938,-0.0032353123690047,1.4237314376555683,-3.898108845011481,-3.185992159032323,-1.0224702967715729,-0.8814291431448172,0.3944355030388385,3.860267013039024,-1.3334206070963217,2.0096202416371507
51.0,49.0,134.09024047851562,0.2833403839635361,1.1679165203802095,-3.9043302551361263,-3.107755338203265,-0.2130461878283671,-0.7656270793264006,0.3939364397897313,3.857229989342092,-1.335057371806526,2.1976017151000686
51.0,49.0,134.0911102294922,0.037762099704351,1.426070564158025,-3.898108845011481,-3.186091217828212,-1.0224702967715729,-0.7780437587817134,0.3944355030388385,3.860267013039024,-1.3334206070963217,2.0096202416371507
51.0,49.0,134.0911102294922,0.037762099704351,1.426070564158025,-3.898108845011481,-3.2920168537104715,-1.0224702967715729,-0.7780437587817134,0.3218288554731823,3.860267013039024,-1.3334206070963217,2.0096202416371507
51.0,49.0,134.0911102294922,0.037762099704351,1.426070564158025,-3.89774522961278,-3.186091217828212,-1.023294129788644,-0.7775020149969056,0.3946203136980237,3.857106833168288,-1.3334206070963217,2.0096202416371507
51.0,49.0,134.0911102294922,0.037762099704351,1.426070564158025,-3.89774522961278,-3.186091217828212,-1.023294129788644,-0.7775020149969056,0.3946203136980237,3.857106833168288,-1.3334206070963217,2.0096202416371507
51.0,49.0,134.09425354003906,0.2816212391616349,1.1582464308534364,-3.8759499263895294,-3.1849450253072944,-0.1593668342338978,-0.7705429941566653,0.4195236819675131,3.8576573690396514,-1.3334206070963217,2.262585564573848
51.0,49.0,134.17364501953125,0.2833403839635361,1.1679165203802095,-3.9043302551361263,-3.101776276515232,-0.2130461878283671,-0.7354435981451353,0.3939364397897313,3.8602268871588112,-1.3334185809161516,2.1976017151000686
51.0,49.0,134.18423461914062,0.1595498824933182,1.1666278951143452,-3.8770278970448206,-3.194366797393899,-0.0986901511279722,-0.7656930304474613,0.3299274301409001,3.858186375182992,-1.333381493029357,2.262552597685618
51.0,49.0,134.22450256347656,0.2816212391616349,1.1683141243925164,-3.8759499263895294,-3.2715835741739925,-0.0986901511279722,-0.7656930304474613,0.4195236819675131,3.8572188810708616,-1.3334206070963217,2.262488218243387
51.0,49.0,134.22450256347656,0.2816212391616349,1.1683141243925164,-3.8759499263895294,-3.2715835741739925,-0.0986901511279722,-0.7656930304474613,0.4195236819675131,3.8572188810708616,-1.3334206070963217,2.262488218243387
51.0,49.0,134.22450256347656,0.2816212391616349,1.1683141243925164,-3.8759499263895294,-3.2715835741739925,-0.0986901511279722,-0.7656930304474613,0.4195236819675131,3.8572188810708616,-1.3334206070963217,2.262488218243387
51.0,49.0,134.22450256347656,0.2816212391616349,1.1683141243925164,-3.8759499263895294,-3.2715835741739925,-0.0986901511279722,-0.7656930304474613,0.4195236819675131,3.8572188810708616,-1.3334206070963217,2.262488218243387
51.0,49.0,134.23806762695312,0.0368206213533405,1.1532114449549222,-3.913398960651632,-3.201282318292773,-0.2113718231951524,-0.7454749927798052,0.3275354345602517,3.851180187660313,-1.3334206070963217,2.194917103290948
51.0,49.0,134.23806762695312,0.0368206213533405,1.1506741309984398,-3.913398960651632,-3.200595175240026,-0.2113718231951524,-0.7694475393013172,0.3273094063357979,3.858268790810557,-1.3334206070963217,2.261414490670476
51.0,49.0,134.23806762695312,0.0368206213533405,1.1506741309984398,-3.913398960651632,-3.200595175240026,-0.2113718231951524,-0.7694475393013172,0.3273094063357979,3.858268790810557,-1.3334206070963217,2.261414490670476
51.0,49.0,134.23806762695312,0.0368206213533405,1.1532114449549222,-3.913398960651632,-3.201282318292773,-0.2113718231951524,-0.7454749927798052,0.3275354345602517,3.851180187660313,-1.3334206070963217,2.194917103290948
51.0,49.0,134.23806762695312,0.0368206213533405,1.1506741309984398,-3.913365066166519,-3.200595175240026,-0.2113718231951524,-0.7708859348457927,0.3273094063357979,3.858268790810557,-1.3334206070963217,2.261414490670476
51.0,49.0,134.23806762695312,0.0368171275589772,1.1520983353735452,-3.913849116899145,-3.201282318292773,-0.2105278675345672,-0.7454749927798052,0.327495372063464,3.851178763023693,-1.3334206070963217,2.194954144947388
51.0,49.0,134.23806762695312,0.0368206213533405,1.1679070226478503,-3.913398960651632,-3.199106163644013,-0.2113718231951524,-0.7483774635377063,0.3275354345602517,3.851180187660313,-1.3155099248605404,2.260179485407983
51.0,49.0,134.23806762695312,0.0368206213533405,1.150866618457595,-3.913398960651632,-3.201305780332122,-0.2113718231951524,-0.7645051940903802,0.3273094063357979,3.858289007768484,-1.3334206070963217,2.194994398395052
51.0,49.0,134.23806762695312,0.0369796982069306,1.1586068752091347,-3.875769923933455,-3.1815444987723547,-0.2127491762168228,-0.7705293500613473,0.3311462893674549,3.8571974575879673,-1.3334206070963217,2.261390505712932
51.0,49.0,134.23806762695312,0.0368206213533405,1.1506741309984398,-3.913398960651632,-3.200595175240026,-0.2113718231951524,-0.7694475393013172,0.3273094063357979,3.858268790810557,-1.3334206070963217,2.261414490670476
51.0,49.0,134.23806762695312,0.0368206213533405,1.1532114449549222,-3.913398960651632,-3.201282318292773,-0.2113718231951524,-0.7454749927798052,0.3275354345602517,3.851180187660313,-1.3334206070963217,2.194917103290948
51.0,49.0,134.2784423828125,0.0476282982140528,1.2389910474849328,-3.876078633922528,-3.124781456531468,-0.098892002145435,-0.774291111567107,0.3944338819160441,3.856573844948296,-1.3334206070963217,2.200329378797328
51.0,49.0,134.29275512695312,0.0368206213533405,1.1506741309984398,-3.913398960651632,-3.200604690545287,-0.2113718231951524,-0.7452761940607178,0.3273113271616592,3.858268790810557,-1.3334206070963217,2.2679088905148244
51.0,49.0,134.29429626464844,0.0364178155876923,1.426070564158025,-3.881469937583341,-3.186091217828212,-1.0224191915497605,-0.7929908864342204,0.3960731754124449,3.860171863048936,-1.3334206070963217,2.1536486017097163
51.0,49.0,134.30880737304688,0.0369796982069306,1.1583315932658758,-3.875769923933455,-3.1808385844682374,-0.1610178551196412,-0.7705293500613473,0.3311462893674549,3.8571688582759247,-1.3334206070963217,2.2627484192533327
51.0,49.0,134.30880737304688,0.0369796982069306,1.1583315932658758,-3.875769923933455,-3.1808385844682374,-0.1610178551196412,-0.7705293500613473,0.3311462893674549,3.8571688582759247,-1.3334206070963217,2.2627484192533327
51.0,49.0,134.30880737304688,0.0369796982069306,1.1583315932658758,-3.875769923933455,-3.1808385844682374,-0.1610178551196412,-0.7705293500613473,0.3311462893674549,3.8571688582759247,-1.3334206070963217,2.2627484192533327
51.0,49.0,134.30880737304688,0.0476232841639255,1.1583315932658758,-3.875769923933455,-3.1808385844682374,-0.1651243353116683,-0.7705293500613473,0.3310709229717262,3.8571688582759247,-1.3334206070963217,2.2627484192533327
51.0,49.0,134.30880737304688,0.0368171275589772,1.15162519228684,-3.8754842695029112,-3.2013196495790965,-0.2105278675345672,-0.7454749927798052,0.327495372063464,3.851178763023693,-1.3334206070963217,2.194954144947388
51.0,49.0,134.30880737304688,0.0368206213533405,1.1506651489741864,-3.828754786871978,-3.2006911778516,-0.2113718231951524,-0.7694475393013172,0.3273094063357979,3.858289119569281,-1.3334206070963217,2.261414490670476
51.0,49.0,134.31703186035156,0.2833403839635361,1.1683141243925164,-3.913398960651632,-3.2715835741739925,-0.0986901511279722,-0.7656930304474613,0.3275354345602517,3.8572188810708616,-1.3334206070963217,2.262488218243387
51.0,49.0,134.31858825683594,0.2816212391616349,1.1579396309292036,-3.8759499263895294,-3.2690228858534334,-0.159314113932164,-0.7656930304474613,0.4195236819675131,3.8572188810708616,-1.3334206070963217,2.2624904591692885
51.0,49.0,134.32681274414062,0.0210232999944421,1.3828830756994068,-4.296612307573895,-3.2942074213180272,-1.0224702967715729,-0.9941197104410594,0.3944380227873374,3.860234288364985,-1.3334206070963217,2.0096202416371507
51.0,49.0,134.32681274414062,0.0210232999944421,1.3828830756994068,-4.296612307573895,-3.2942074213180272,-1.0224702967715729,-0.9941197104410594,0.3944380227873374,3.860234288364985,-1.3334206070963217,2.0096202416371507
51.0,49.0,134.32681274414062,0.0210232999944421,1.3828830756994068,-4.296612307573895,-3.2942074213180272,-1.0224702967715729,-0.9941197104410594,0.3944380227873374,3.860234288364985,-1.3334206070963217,2.0096202416371507
51.0,49.0,134.32681274414062,0.0210232999944421,1.3828830756994068,-4.296612307573895,-3.2942074213180272,-1.0224702967715729,-0.9941197104410594,0.3961561147452114,3.860234288364985,-1.3334206070963217,2.0180322035549367
51.0,49.0,134.32681274414062,0.0571251406543795,1.3828830756994068,-4.296612307573895,-3.2942074213180272,-1.025108326773647,-0.9941197104410594,0.3944380227873374,3.853303368602203,-1.284008852208198,2.0096202416371507
51.0,49.0,134.32681274414062,0.0210232999944421,1.3828830756994068,-4.296612307573895,-3.2942074213180272,-1.0224702967715729,-0.9941197104410594,0.3961561147452114,3.860234288364985,-1.3334206070963217,2.0180322035549367
51.0,49.0,134.32681274414062,0.0223675841111009,1.3828830756994068,-4.312887599602029,-3.2942074213180272,-1.0233452350104562,-0.9786308390037444,0.3947032530307901,3.857169258484338,-1.3334206070963217,2.0180322035549367
51.0,49.0,134.32681274414062,0.0210232999944421,1.3828830756994068,-4.296612307573895,-3.300186483006061,-1.0224702967715729,-1.0243031916223249,0.3961561147452114,3.857237390548265,-1.3350593979866958,2.0180322035549367
51.0,49.0,134.32681274414062,0.0571251406543795,1.3828830756994068,-4.296612307573895,-3.2942074213180272,-1.025108326773647,-0.9941197104410594,0.3944380227873374,3.853303368602203,-1.284008852208198,2.0096202416371507
51.0,49.0,134.3507080078125,0.2815758285144562,1.1684193605339854,-3.9133988958005927,-3.2715835741739925,-0.0967383198945771,-0.766157430921133,0.3275354345602517,3.8572188810708616,-1.3164980880937955,2.264224010191279
51.0,49.0,134.3539276123047,0.0373518172198497,1.16654097099655,-3.875494763864951,-3.1951117308225974,-0.0986901511279722,-0.7660358176237236,0.3298491640984089,3.858263406842106,-1.3329709845817146,2.3381378762882137
51.0,49.0,134.3539276123047,0.0373518172198497,1.1666228738039726,-3.875494763864951,-3.194457755026779,-0.0986901511279722,-0.7839569801343704,0.330024143960027,3.858263406842106,-1.3329709845817146,2.3381378762882137
51.0,50.0,133.57562255859375,0.0594615866135593,2.038809176886525,-4.03528262790523,-3.356320979288739,-0.9358543235211184,-0.4565040888215326,-0.4318798101427913,3.852496403119131,-2.018375989703632,2.5479852033541155
51.0,50.0,134.02615356445312,0.0371440830119839,1.3828830756994068,-3.890362388787736,-3.297796459453457,-1.0224702967715729,-0.7693576622973972,0.3944380227873374,3.860234288364985,-1.3334206070963217,2.0096202416371507
51.0,50.0,134.02615356445312,0.0374960579467293,1.3828830756994068,-3.890362388787736,-3.2941972114187514,-1.0224702967715729,-0.7684338431077755,0.3944380227873374,3.860234288364985,-1.3334206070963217,2.0096202416371507
51.0,50.0,134.03646850585938,-0.0032353123690047,1.4237314376555683,-3.898108845011481,-3.185992159032323,-1.0224702967715729,-0.8814291431448172,0.3944355030388385,3.860267013039024,-1.3334206070963217,2.0096202416371507
51.0,50.0,134.09024047851562,0.2833403839635361,1.1679165203802095,-3.9043302551361263,-3.107755338203265,-0.2130461878283671,-0.7656270793264006,0.3939364397897313,3.857229989342092,-1.335057371806526,2.1976017151000686
51.0,50.0,134.0911102294922,0.037762099704351,1.426070564158025,-3.898108845011481,-3.186091217828212,-1.0224702967715729,-0.7780437587817134,0.3944355030388385,3.860267013039024,-1.3334206070963217,2.0096202416371507
51.0,50.0,134.0911102294922,0.037762099704351,1.426070564158025,-3.898108845011481,-3.2920168537104715,-1.0224702967715729,-0.7780437587817134,0.3218288554731823,3.860267013039024,-1.3334206070963217,2.0096202416371507
51.0,50.0,134.0911102294922,0.037762099704351,1.426070564158025,-3.89774522961278,-3.186091217828212,-1.023294129788644,-0.7775020149969056,0.3946203136980237,3.857106833168288,-1.3334206070963217,2.0096202416371507
51.0,50.0,134.0911102294922,0.037762099704351,1.426070564158025,-3.89774522961278,-3.186091217828212,-1.023294129788644,-0.7775020149969056,0.3946203136980237,3.857106833168288,-1.3334206070963217,2.0096202416371507
51.0,50.0,134.0911102294922,0.037762099704351,1.426070564158025,-3.898108845011481,-3.186091217828212,-1.0224645717825205,-0.7775067172348731,0.3944355030388385,3.860267013039024,-1.3334206070963217,2.0096202416371507
51.0,50.0,134.0911102294922,0.037762099704351,1.426070564158025,-3.898108845011481,-3.201238007727376,-1.0224702967715729,-0.7693720225009388,0.3218288554731823,3.860267013039024,-1.3334206070963217,2.0096202416371507
51.0,50.0,134.09425354003906,0.2816212391616349,1.1582464308534364,-3.8759499263895294,-3.1849450253072944,-0.1593668342338978,-0.7705429941566653,0.4195236819675131,3.8576573690396514,-1.3334206070963217,2.262585564573848
51.0,50.0,134.09425354003906,0.2816212391616349,1.158357340966205,-3.8783592481644784,-3.1849450253072944,-0.1609545292712336,-0.7645631795391935,0.4195236819675131,3.8576573690396514,-1.3334206070963217,2.262585564573848
51.0,50.0,134.14730834960938,0.0368206213533405,1.150755708344827,-3.910989638876684,-3.201305780332122,-0.2097841281578166,-0.770485008707852,0.3273094063357979,3.858289007768484,-1.3994362761637322,2.194994398395052
51.0,50.0,134.15646362304688,-0.0032353123690047,1.4237314376555683,-3.943308360912821,-3.185992159032323,-1.0224702967715729,-0.8814291431448172,0.3944355030388385,3.860267013039024,-1.3334206070963217,2.0096202416371507
51.0,50.0,134.17364501953125,0.2833403839635361,1.1679165203802095,-3.9043302551361263,-3.101776276515232,-0.2130461878283671,-0.7354435981451353,0.3939364397897313,3.8602268871588112,-1.3334185809161516,2.1976017151000686
51.0,50.0,134.18423461914062,0.1595498824933182,1.1666278951143452,-3.8770278970448206,-3.194366797393899,-0.0986901511279722,-0.7656930304474613,0.3299274301409001,3.858186375182992,-1.333381493029357,2.262552597685618
51.0,50.0,134.22450256347656,0.2816212391616349,1.1683141243925164,-3.8759499263895294,-3.2715835741739925,-0.0986901511279722,-0.7656930304474613,0.4195236819675131,3.8572188810708616,-1.3334206070963217,2.262488218243387
51.0,50.0,134.22450256347656,0.2816212391616349,1.1683141243925164,-3.8759499263895294,-3.2715835741739925,-0.0986901511279722,-0.7656930304474613,0.4195236819675131,3.8572188810708616,-1.3334206070963217,2.262488218243387
51.0,50.0,134.22450256347656,0.2816212391616349,1.1683141243925164,-3.8759499263895294,-3.2715835741739925,-0.0986901511279722,-0.7656930304474613,0.4195236819675131,3.8572188810708616,-1.3334206070963217,2.262488218243387
51.0,50.0,134.22450256347656,0.2816212391616349,1.1683141243925164,-3.8759499263895294,-3.2715835741739925,-0.0986901511279722,-0.7656930304474613,0.4195236819675131,3.8572188810708616,-1.3334206070963217,2.262488218243387
51.0,50.0,134.23806762695312,0.0368206213533405,1.1532114449549222,-3.913398960651632,-3.201282318292773,-0.2113718231951524,-0.7454749927798052,0.3275354345602517,3.851180187660313,-1.3334206070963217,2.194917103290948
51.0,50.0,134.23806762695312,0.0368206213533405,1.1506741309984398,-3.913398960651632,-3.200595175240026,-0.2113718231951524,-0.7694475393013172,0.3273094063357979,3.858268790810557,-1.3334206070963217,2.261414490670476
51.0,50.0,134.23806762695312,0.0368206213533405,1.1506741309984398,-3.913398960651632,-3.200595175240026,-0.2113718231951524,-0.7694475393013172,0.3273094063357979,3.858268790810557,-1.3334206070963217,2.261414490670476
51.0,50.0,134.23806762695312,0.0368206213533405,1.1532114449549222,-3.913398960651632,-3.201282318292773,-0.2113718231951524,-0.7454749927798052,0.3275354345602517,3.851180187660313,-1.3334206070963217,2.194917103290948
51.0,50.0,134.23806762695312,0.0368206213533405,1.1506741309984398,-3.913365066166519,-3.200595175240026,-0.2113718231951524,-0.7708859348457927,0.3273094063357979,3.858268790810557,-1.3334206070963217,2.261414490670476
51.0,50.0,134.23806762695312,0.0368171275589772,1.1520983353735452,-3.913849116899145,-3.201282318292773,-0.2105278675345672,-0.7454749927798052,0.327495372063464,3.851178763023693,-1.3334206070963217,2.194954144947388
51.0,50.0,134.23806762695312,0.0368206213533405,1.1679070226478503,-3.913398960651632,-3.199106163644013,-0.2113718231951524,-0.7483774635377063,0.3275354345602517,3.851180187660313,-1.3155099248605404,2.260179485407983
51.0,50.0,134.23806762695312,0.0368206213533405,1.150866618457595,-3.913398960651632,-3.201305780332122,-0.2113718231951524,-0.7645051940903802,0.3273094063357979,3.858289007768484,-1.3334206070963217,2.194994398395052
51.0,50.0,134.23806762695312,0.0369796982069306,1.1586068752091347,-3.875769923933455,-3.1815444987723547,-0.2127491762168228,-0.7705293500613473,0.3311462893674549,3.8571974575879673,-1.3334206070963217,2.261390505712932
51.0,50.0,134.23806762695312,0.0368206213533405,1.1506741309984398,-3.913398960651632,-3.200595175240026,-0.2113718231951524,-0.7694475393013172,0.3273094063357979,3.858268790810557,-1.3334206070963217,2.261414490670476
51.0,50.0,134.23806762695312,0.0368206213533405,1.1532114449549222,-3.913398960651632,-3.201282318292773,-0.2113718231951524,-0.7454749927798052,0.3275354345602517,3.851180187660313,-1.3334206070963217,2.194917103290948
51.0,50.0,134.23806762695312,0.0368206213533405,1.1532114449549222,-3.913398960651632,-3.201282318292773,-0.2113718231951524,-0.7454749927798052,0.3275354345602517,3.851180187660313,-1.3334206070963217,2.194917103290948
51.0,50.0,134.23806762695312,0.0368206213533405,1.149864031795781,-3.9111959862898447,-3.200595175240026,-0.2122461917386083,-0.7694881459136185,0.3266100791310848,3.857244547330018,-1.3334206070963217,2.261414490670476
51.0,50.0,134.23806762695312,0.0368206213533405,1.1532114449549222,-3.913398960651632,-3.201282318292773,-0.2113718231951524,-0.7454749927798052,0.3275354345602517,3.851180187660313,-1.3334206070963217,2.194917103290948
51.0,50.0,134.2784423828125,0.0476282982140528,1.2389910474849328,-3.876078633922528,-3.124781456531468,-0.098892002145435,-0.774291111567107,0.3944338819160441,3.856573844948296,-1.3334206070963217,2.200329378797328
51.0,50.0,134.2882843017578,0.0369796982069306,1.1586068752091347,-3.8752653483984014,-3.1815444987723547,-0.2127491762168228,-0.7705293500613473,0.3311462893674549,3.860737024369625,-1.3334206070963217,2.4014968420052814
51.0,50.0,134.29275512695312,0.0368206213533405,1.1506741309984398,-3.913398960651632,-3.200604690545287,-0.2113718231951524,-0.7452761940607178,0.3273113271616592,3.858268790810557,-1.3334206070963217,2.2679088905148244
51.0,50.0,134.29429626464844,0.0364178155876923,1.426070564158025,-3.881469937583341,-3.186091217828212,-1.0224191915497605,-0.7929908864342204,0.3960731754124449,3.860171863048936,-1.3334206070963217,2.1536486017097163
51.0,50.0,134.29429626464844,0.0377091277532989,1.426070564158025,-3.881469937583341,-3.190077791784526,-1.0224191915497605,-0.7778009557703938,0.3960731754124449,3.860171863048936,-1.3334206070963217,2.15472683614272
51.0,50.0,134.30880737304688,0.0369796982069306,1.1583315932658758,-3.875769923933455,-3.1808385844682374,-0.1610178551196412,-0.7705293500613473,0.3311462893674549,3.8571688582759247,-1.3334206070963217,2.2627484192533327
51.0,50.0,134.30880737304688,0.0369796982069306,1.1583315932658758,-3.875769923933455,-3.1808385844682374,-0.1610178551196412,-0.7705293500613473,0.3311462893674549,3.8571688582759247,-1.3334206070963217,2.2627484192533327
51.0,50.0,134.30880737304688,0.0369796982069306,1.1583315932658758,-3.875769923933455,-3.1808385844682374,-0.1610178551196412,-0.7705293500613473,0.3311462893674549,3.8571688582759247,-1.3334206070963217,2.2627484192533327
51.0,50.0,134.30880737304688,0.0476232841639255,1.1583315932658758,-3.875769923933455,-3.1808385844682374,-0.1651243353116683,-0.7705293500613473,0.3310709229717262,3.8571688582759247,-1.3334206070963217,2.2627484192533327
51.0,50.0,134.30880737304688,0.0368171275589772,1.15162519228684,-3.8754842695029112,-3.2013196495790965,-0.2105278675345672,-0.7454749927798052,0.327495372063464,3.851178763023693,-1.3334206070963217,2.194954144947388
51.0,50.0,134.30880737304688,0.0368206213533405,1.1506651489741864,-3.828754786871978,-3.2006911778516,-0.2113718231951524,-0.7694475393013172,0.3273094063357979,3.858289119569281,-1.3334206070963217,2.261414490670476
51.0,50.0,134.30880737304688,0.0476232841639255,1.1583315932658758,-3.875782106073604,-3.1808385844682374,-0.1676300028685458,-0.7705248096871616,0.3310709229717262,3.8571688582759247,-1.3334206070963217,2.2627484192533327
51.0,50.0,134.31703186035156,0.2833403839635361,1.1683141243925164,-3.913398960651632,-3.2715835741739925,-0.0986901511279722,-0.7656930304474613,0.3275354345602517,3.8572188810708616,-1.3334206070963217,2.262488218243387
51.0,50.0,134.31858825683594,0.2816212391616349,1.1579396309292036,-3.8759499263895294,-3.2690228858534334,-0.159314113932164,-0.7656930304474613,0.4195236819675131,3.8572188810708616,-1.3334206070963217,2.2624904591692885
51.0,50.0,134.32681274414062,0.0210232999944421,1.3828830756994068,-4.296612307573895,-3.2942074213180272,-1.0224702967715729,-0.9941197104410594,0.3944380227873374,3.860234288364985,-1.3334206070963217,2.0096202416371507
51.0,51.0,133.57562255859375,0.0594615866135593,2.038809176886525,-4.03528262790523,-3.356320979288739,-0.9358543235211184,-0.4565040888215326,-0.4318798101427913,3.852496403119131,-2.018375989703632,2.5479852033541155
51.0,51.0,134.02615356445312,0.0371440830119839,1.3828830756994068,-3.890362388787736,-3.297796459453457,-1.0224702967715729,-0.7693576622973972,0.3944380227873374,3.860234288364985,-1.3334206070963217,2.0096202416371507
51.0,51.0,134.02615356445312,0.0374960579467293,1.3828830756994068,-3.890362388787736,-3.2941972114187514,-1.0224702967715729,-0.7684338431077755,0.3944380227873374,3.860234288364985,-1.3334206070963217,2.0096202416371507
51.0,51.0,134.02615356445312,0.0371440830119839,1.3828830756994068,-3.890362388787736,-3.297796459453457,-1.0261456221390344,-0.7693576622973972,0.3944380227873374,3.860234288364985,-1.3334206070963217,2.0096202416371507
51.0,51.0,134.03646850585938,-0.0032353123690047,1.4237314376555683,-3.898108845011481,-3.185992159032323,-1.0224702967715729,-0.8814291431448172,0.3944355030388385,3.860267013039024,-1.3334206070963217,2.0096202416371507
51.0,51.0,134.09024047851562,0.2833403839635361,1.1679165203802095,-3.9043302551361263,-3.107755338203265,-0.2130461878283671,-0.7656270793264006,0.3939364397897313,3.857229989342092,-1.335057371806526,2.1976017151000686
51.0,51.0,134.0911102294922,0.037762099704351,1.426070564158025,-3.898108845011481,-3.186091217828212,-1.0224702967715729,-0.7780437587817134,0.3944355030388385,3.860267013039024,-1.3334206070963217,2.0096202416371507
51.0,51.0,134.0911102294922,0.037762099704351,1.426070564158025,-3.898108845011481,-3.2920168537104715,-1.0224702967715729,-0.7780437587817134,0.3218288554731823,3.860267013039024,-1.3334206070963217,2.0096202416371507
51.0,51.0,134.0911102294922,0.037762099704351,1.426070564158025,-3.89774522961278,-3.186091217828212,-1.023294129788644,-0.7775020149969056,0.3946203136980237,3.857106833168288,-1.3334206070963217,2.0096202416371507
51.0,51.0,134.0911102294922,0.037762099704351,1.426070564158025,-3.89774522961278,-3.186091217828212,-1.023294129788644,-0.7775020149969056,0.3946203136980237,3.857106833168288,-1.3334206070963217,2.0096202416371507
51.0,51.0,134.0911102294922,0.037762099704351,1.426070564158025,-3.898108845011481,-3.186091217828212,-1.0224645717825205,-0.7775067172348731,0.3944355030388385,3.860267013039024,-1.3334206070963217,2.0096202416371507
51.0,51.0,134.0911102294922,0.037762099704351,1.426070564158025,-3.898108845011481,-3.201238007727376,-1.0224702967715729,-0.7693720225009388,0.3218288554731823,3.860267013039024,-1.3334206070963217,2.0096202416371507
51.0,51.0,134.0911102294922,0.0370370949931954,1.426070564158025,-3.898108845011481,-3.1860002505355545,-1.016147203934012,-0.7781391494284123,0.3319468251961948,3.857196829538178,-1.3334206070963217,2.013859182235961
51.0,51.0,134.0911102294922,0.037762099704351,1.426070564158025,-3.898108845011481,-3.186091217828212,-1.0224645632741192,-0.7775067172348731,0.3886698593112921,3.860267013039024,-1.3334206070963217,2.0096202416371507
51.0,51.0,134.09425354003906,0.2816212391616349,1.1582464308534364,-3.8759499263895294,-3.1849450253072944,-0.1593668342338978,-0.7705429941566653,0.4195236819675131,3.8576573690396514,-1.3334206070963217,2.262585564573848
51.0,51.0,134.09425354003906,0.2816212391616349,1.158357340966205,-3.8783592481644784,-3.1849450253072944,-0.1609545292712336,-0.7645631795391935,0.4195236819675131,3.8576573690396514,-1.3334206070963217,2.262585564573848
51.0,51.0,134.13204956054688,0.2833403839635361,1.1679165203802095,-3.9043302551361263,-3.187710072029658,-0.2099321141649588,-0.7656270793264006,0.3939361142545571,3.857229989342092,-1.3333967169101624,2.2101985487465776
51.0,51.0,134.14730834960938,0.0368206213533405,1.150755708344827,-3.910989638876684,-3.201305780332122,-0.2097841281578166,-0.770485008707852,0.3273094063357979,3.858289007768484,-1.3994362761637322,2.194994398395052
51.0,51.0,134.15646362304688,-0.0032353123690047,1.4237314376555683,-3.943308360912821,-3.185992159032323,-1.0224702967715729,-0.8814291431448172,0.3944355030388385,3.860267013039024,-1.3334206070963217,2.0096202416371507
51.0,51.0,134.16297912597656,0.0377394499842161,1.426070564158025,-4.401428206451923,-3.186091217828212,-1.023294129788644,-0.7777093495390675,0.3946203136980237,3.857102223761548,-1.3334206070963217,2.0096202416371507
51.0,51.0,134.17364501953125,0.2833403839635361,1.1679165203802095,-3.9043302551361263,-3.101776276515232,-0.2130461878283671,-0.7354435981451353,0.3939364397897313,3.8602268871588112,-1.3334185809161516,2.1976017151000686
51.0,51.0,134.18423461914062,0.1595498824933182,1.1666278951143452,-3.8770278970448206,-3.194366797393899,-0.0986901511279722,-0.7656930304474613,0.3299274301409001,3.858186375182992,-1.333381493029357,2.262552597685618
51.0,51.0,134.18423461914062,0.1595498824933182,1.1666278951143452,-3.8770278970448206,-3.194366797393899,-0.0986901511279722,-0.7656930304474613,0.3299274301409001,3.858186375182992,-1.333381493029357,2.262552597685618
51.0,51.0,134.196044921875,0.0376888630880239,1.426070564158025,-3.880307007218208,-3.186091217828212,-1.0224191915497605,-0.7689772655866672,0.3960731754124449,3.860171863048936,-1.3334206070963217,2.008086048059994
51.0,51.0,134.2237548828125,0.0368206213533405,1.150755708344827,-3.910986378862922,-3.201305780332122,-0.2097841281578166,-0.747800043436707,0.3273094063357979,3.858289007768484,-1.3994362761637322,2.260056723423349
51.0,51.0,134.22450256347656,0.2816212391616349,1.1683141243925164,-3.8759499263895294,-3.2715835741739925,-0.0986901511279722,-0.7656930304474613,0.4195236819675131,3.8572188810708616,-1.3334206070963217,2.262488218243387
51.0,51.0,134.22450256347656,0.2816212391616349,1.1683141243925164,-3.8759499263895294,-3.2715835741739925,-0.0986901511279722,-0.7656930304474613,0.4195236819675131,3.8572188810708616,-1.3334206070963217,2.262488218243387
51.0,51.0,134.22450256347656,0.2816212391616349,1.1683141243925164,-3.8759499263895294,-3.2715835741739925,-0.0986901511279722,-0.7656930304474613,0.4195236819675131,3.8572188810708616,-1.3334206070963217,2.262488218243387
51.0,51.0,134.22450256347656,0.2816212391616349,1.1683141243925164,-3.8759499263895294,-3.2715835741739925,-0.0986901511279722,-0.7656930304474613,0.4195236819675131,3.8572188810708616,-1.3334206070963217,2.262488218243387
51.0,51.0,134.22450256347656,0.2832015330015839,1.1683141243925164,-3.8759499263895294,-3.2732183367628127,-0.0986901511279722,-0.7698084493383829,0.4190124949077722,3.86027462977343,-1.3334206070963217,2.262488218243387
51.0,51.0,134.23806762695312,0.0368206213533405,1.1532114449549222,-3.913398960651632,-3.201282318292773,-0.2113718231951524,-0.7454749927798052,0.3275354345602517,3.851180187660313,-1.3334206070963217,2.194917103290948
51.0,51.0,134.23806762695312,0.0368206213533405,1.1506741309984398,-3.913398960651632,-3.200595175240026,-0.2113718231951524,-0.7694475393013172,0.3273094063357979,3.858268790810557,-1.3334206070963217,2.261414490670476
51.0,51.0,134.23806762695312,0.0368206213533405,1.1506741309984398,-3.913398960651632,-3.200595175240026,-0.2113718231951524,-0.7694475393013172,0.3273094063357979,3.858268790810557,-1.3334206070963217,2.261414490670476
51.0,51.0,134.23806762695312,0.0368206213533405,1.1532114449549222,-3.913398960651632,-3.201282318292773,-0.2113718231951524,-0.7454749927798052,0.3275354345602517,3.851180187660313,-1.3334206070963217,2.194917103290948
51.0,51.0,134.23806762695312,0.0368206213533405,1.1506741309984398,-3.913365066166519,-3.200595175240026,-0.2113718231951524,-0.7708859348457927,0.3273094063357979,3.858268790810557,-1.3334206070963217,2.261414490670476
51.0,51.0,134.23806762695312,0.0368171275589772,1.1520983353735452,-3.913849116899145,-3.201282318292773,-0.2105278675345672,-0.7454749927798052,0.327495372063464,3.851178763023693,-1.3334206070963217,2.194954144947388
51.0,51.0,134.23806762695312,0.0368206213533405,1.1679070226478503,-3.913398960651632,-3.199106163644013,-0.2113718231951524,-0.7483774635377063,0.3275354345602517,3.851180187660313,-1.3155099248605404,2.260179485407983
51.0,51.0,134.23806762695312,0.0368206213533405,1.150866618457595,-3.913398960651632,-3.201305780332122,-0.2113718231951524,-0.7645051940903802,0.3273094063357979,3.858289007768484,-1.3334206070963217,2.194994398395052
51.0,51.0,134.23806762695312,0.0369796982069306,1.1586068752091347,-3.875769923933455,-3.1815444987723547,-0.2127491762168228,-0.7705293500613473,0.3311462893674549,3.8571974575879673,-1.3334206070963217,2.261390505712932
51.0,51.0,134.23806762695312,0.0368206213533405,1.1506741309984398,-3.913398960651632,-3.200595175240026,-0.2113718231951524,-0.7694475393013172,0.3273094063357979,3.858268790810557,-1.3334206070963217,2.261414490670476
51.0,51.0,134.23806762695312,0.0368206213533405,1.1532114449549222,-3.913398960651632,-3.201282318292773,-0.2113718231951524,-0.7454749927798052,0.3275354345602517,3.851180187660313,-1.3334206070963217,2.194917103290948
51.0,51.0,134.23806762695312,0.0368206213533405,1.1532114449549222,-3.913398960651632,-3.201282318292773,-0.2113718231951524,-0.7454749927798052,0.3275354345602517,3.851180187660313,-1.3334206070963217,2.194917103290948
51.0,51.0,134.23806762695312,0.0368206213533405,1.149864031795781,-3.9111959862898447,-3.200595175240026,-0.2122461917386083,-0.7694881459136185,0.3266100791310848,3.857244547330018,-1.3334206070963217,2.261414490670476
51.0,51.0,134.23806762695312,0.0368206213533405,1.1532114449549222,-3.913398960651632,-3.201282318292773,-0.2113718231951524,-0.7454749927798052,0.3275354345602517,3.851180187660313,-1.3334206070963217,2.194917103290948
51.0,51.0,134.23806762695312,0.0368170131008616,1.1521150783880243,-3.913849116899145,-3.201282318292773,-0.2105278675345672,-0.7454749927798052,0.3274957337870933,3.8511786119328586,-1.3334206070963217,2.194954144947388
51.0,51.0,134.23806762695312,0.036820735811456,1.1531947019404432,-3.91804719575708,-3.201282318292773,-0.2113718231951524,-0.7454749927798052,0.3275350728366224,3.851180338751148,-1.3334206070963217,2.194917103290948
51.0,51.0,134.2784423828125,0.0476282982140528,1.2389910474849328,-3.876078633922528,-3.124781456531468,-0.098892002145435,-0.774291111567107,0.3944338819160441,3.856573844948296,-1.3334206070963217,2.200329378797328
51.0,51.0,134.2882843017578,0.0369796982069306,1.1586068752091347,-3.8752653483984014,-3.1815444987723547,-0.2127491762168228,-0.7705293500613473,0.3311462893674549,3.860737024369625,-1.3334206070963217,2.4014968420052814
51.0,51.0,134.2882843017578,0.0369796982069306,1.1586068752091347,-3.8752653483984014,-3.1815444987723547,-0.2127491762168228,-0.7705293500613473,0.3311462893674549,3.860737024369625,-1.3334206070963217,2.4014968420052814
51.0,51.0,134.2882843017578,0.0369796982069306,1.1586068752091347,-3.8752653483984014,-3.1815444987723547,-0.2127491762168228,-0.7705293500613473,0.3311462893674549,3.860737024369625,-1.3334206070963217,2.4014968420052814
51.0,52.0,133.57562255859375,0.0594615866135593,2.038809176886525,-4.03528262790523,-3.356320979288739,-0.9358543235211184,-0.4565040888215326,-0.4318798101427913,3.852496403119131,-2.018375989703632,2.5479852033541155
51.0,52.0,134.02615356445312,0.0371440830119839,1.3828830756994068,-3.890362388787736,-3.297796459453457,-1.0224702967715729,-0.7693576622973972,0.3944380227873374,3.860234288364985,-1.3334206070963217,2.0096202416371507
51.0,52.0,134.02615356445312,0.0374960579467293,1.3828830756994068,-3.890362388787736,-3.2941972114187514,-1.0224702967715729,-0.7684338431077755,0.3944380227873374,3.860234288364985,-1.3334206070963217,2.0096202416371507
51.0,52.0,134.02615356445312,0.0371440830119839,1.3828830756994068,-3.890362388787736,-3.297796459453457,-1.0261456221390344,-0.7693576622973972,0.3944380227873374,3.860234288364985,-1.3334206070963217,2.0096202416371507
51.0,52.0,134.03646850585938,-0.0032353123690047,1.4237314376555683,-3.898108845011481,-3.185992159032323,-1.0224702967715729,-0.8814291431448172,0.3944355030388385,3.860267013039024,-1.3334206070963217,2.0096202416371507
51.0,52.0,134.09024047851562,0.2833403839635361,1.1679165203802095,-3.9043302551361263,-3.107755338203265,-0.2130461878283671,-0.7656270793264006,0.3939364397897313,3.857229989342092,-1.335057371806526,2.1976017151000686
51.0,52.0,134.0911102294922,0.037762099704351,1.426070564158025,-3.898108845011481,-3.186091217828212,-1.0224702967715729,-0.7780437587817134,0.3944355030388385,3.860267013039024,-1.3334206070963217,2.0096202416371507
51.0,52.0,134.0911102294922,0.037762099704351,1.426070564158025,-3.898108845011481,-3.2920168537104715,-1.0224702967715729,-0.7780437587817134,0.3218288554731823,3.860267013039024,-1.3334206070963217,2.0096202416371507
51.0,52.0,134.0911102294922,0.037762099704351,1.426070564158025,-3.89774522961278,-3.186091217828212,-1.023294129788644,-0.7775020149969056,0.3946203136980237,3.857106833168288,-1.3334206070963217,2.0096202416371507
51.0,52.0,134.0911102294922,0.037762099704351,1.426070564158025,-3.89774522961278,-3.186091217828212,-1.023294129788644,-0.7775020149969056,0.3946203136980237,3.857106833168288,-1.3334206070963217,2.0096202416371507
51.0,52.0,134.0911102294922,0.037762099704351,1.426070564158025,-3.898108845011481,-3.186091217828212,-1.0224645717825205,-0.7775067172348731,0.3944355030388385,3.860267013039024,-1.3334206070963217,2.0096202416371507
51.0,52.0,134.0911102294922,0.037762099704351,1.426070564158025,-3.898108845011481,-3.201238007727376,-1.0224702967715729,-0.7693720225009388,0.3218288554731823,3.860267013039024,-1.3334206070963217,2.0096202416371507
51.0,52.0,134.0911102294922,0.0370370949931954,1.426070564158025,-3.898108845011481,-3.1860002505355545,-1.016147203934012,-0.7781391494284123,0.3319468251961948,3.857196829538178,-1.3334206070963217,2.013859182235961
51.0,52.0,134.0911102294922,0.037762099704351,1.426070564158025,-3.898108845011481,-3.186091217828212,-1.0224645632741192,-0.7775067172348731,0.3886698593112921,3.860267013039024,-1.3334206070963217,2.0096202416371507
51.0,52.0,134.0911102294922,0.037762099704351,1.426070564158025,-3.898108845011481,-3.186091217828212,-1.0224703589871598,-0.7780619509736857,0.3886698593112921,3.860267013039024,-1.3334206070963217,2.0096202416371507
51.0,52.0,134.0911102294922,0.0256511795378248,1.426070564158025,-3.8965347272489743,-3.274907498550211,-1.016147203934012,-0.7784695356203775,0.3317723435098131,3.857196775116424,-1.3334206070963217,2.0161469435572963
51.0,52.0,134.0911102294922,0.0507535068383607,1.426070564158025,-3.897791542214106,-3.186091217828212,-1.023294129788644,-0.7775020149969056,0.3946203136980237,3.857226315871137,-1.3351883605455397,2.024213753198573
51.0,52.0,134.0911102294922,0.0371440830119839,1.3828830756994068,-3.890362388787736,-3.297796459453457,-1.0224702967715729,-0.7693576622973972,0.3297925236585644,3.860234288364985,-1.3333840103709396,2.0096202416371507
51.0,52.0,134.0911102294922,0.037762099704351,1.426070564158025,-3.898108845011481,-3.186091217828212,-1.0224645010585325,-0.7774885250429007,0.3944355030388385,3.860267013039024,-1.3334206070963217,2.0096202416371507
51.0,52.0,134.09425354003906,0.2816212391616349,1.1582464308534364,-3.8759499263895294,-3.1849450253072944,-0.1593668342338978,-0.7705429941566653,0.4195236819675131,3.8576573690396514,-1.3334206070963217,2.262585564573848
51.0,52.0,134.09425354003906,0.2816212391616349,1.158357340966205,-3.8783592481644784,-3.1849450253072944,-0.1609545292712336,-0.7645631795391935,0.4195236819675131,3.8576573690396514,-1.3334206070963217,2.262585564573848
51.0,52.0,134.13204956054688,0.2833403839635361,1.1679165203802095,-3.9043302551361263,-3.187710072029658,-0.2099321141649588,-0.7656270793264006,0.3939361142545571,3.857229989342092,-1.3333967169101624,2.2101985487465776
51.0,52.0,134.14730834960938,0.0368206213533405,1.150755708344827,-3.910989638876684,-3.201305780332122,-0.2097841281578166,-0.770485008707852,0.3273094063357979,3.858289007768484,-1.3994362761637322,2.194994398395052
51.0,52.0,134.15646362304688,-0.0032353123690047,1.4237314376555683,-3.943308360912821,-3.185992159032323,-1.0224702967715729,-0.8814291431448172,0.3944355030388385,3.860267013039024,-1.3334206070963217,2.0096202416371507
51.0,52.0,134.15646362304688,-0.0032353123690047,1.423715488900844,-3.9436141106914704,-3.1859904242926205,-1.0224702967715729,-0.8814291431448172,0.3944355030388385,3.860267013039024,-1.3334206070963217,2.0096202416371507
51.0,52.0,134.16297912597656,0.0377394499842161,1.426070564158025,-4.401428206451923,-3.186091217828212,-1.023294129788644,-0.7777093495390675,0.3946203136980237,3.857102223761548,-1.3334206070963217,2.0096202416371507
51.0,52.0,134.17364501953125,0.2833403839635361,1.1679165203802095,-3.9043302551361263,-3.101776276515232,-0.2130461878283671,-0.7354435981451353,0.3939364397897313,3.8602268871588112,-1.3334185809161516,2.1976017151000686
51.0,52.0,134.18423461914062,0.1595498824933182,1.1666278951143452,-3.8770278970448206,-3.194366797393899,-0.0986901511279722,-0.7656930304474613,0.3299274301409001,3.858186375182992,-1.333381493029357,2.262552597685618
51.0,52.0,134.18423461914062,0.1595498824933182,1.1666278951143452,-3.8770278970448206,-3.194366797393899,-0.0986901511279722,-0.7656930304474613,0.3299274301409001,3.858186375182992,-1.333381493029357,2.262552597685618
51.0,52.0,134.18423461914062,0.1595498824933182,1.1582042477027408,-3.8770278970448206,-3.194366797393899,-0.0986901511279722,-0.7656930304474613,0.3299274301409001,3.8576895593690175,-1.333381493029357,2.262553111090954
51.0,52.0,134.196044921875,0.0376888630880239,1.426070564158025,-3.880307007218208,-3.186091217828212,-1.0224191915497605,-0.7689772655866672,0.3960731754124449,3.860171863048936,-1.3334206070963217,2.008086048059994
51.0,52.0,134.2237548828125,0.0368206213533405,1.150755708344827,-3.910986378862922,-3.201305780332122,-0.2097841281578166,-0.747800043436707,0.3273094063357979,3.858289007768484,-1.3994362761637322,2.260056723423349
51.0,52.0,134.22450256347656,0.2816212391616349,1.1683141243925164,-3.8759499263895294,-3.2715835741739925,-0.0986901511279722,-0.7656930304474613,0.4195236819675131,3.8572188810708616,-1.3334206070963217,2.262488218243387
51.0,52.0,134.22450256347656,0.2816212391616349,1.1683141243925164,-3.8759499263895294,-3.2715835741739925,-0.0986901511279722,-0.7656930304474613,0.4195236819675131,3.8572188810708616,-1.3334206070963217,2.262488218243387
51.0,52.0,134.22450256347656,0.2816212391616349,1.1683141243925164,-3.8759499263895294,-3.2715835741739925,-0.0986901511279722,-0.7656930304474613,0.4195236819675131,3.8572188810708616,-1.3334206070963217,2.262488218243387
51.0,52.0,134.22450256347656,0.2816212391616349,1.1683141243925164,-3.8759499263895294,-3.2715835741739925,-0.0986901511279722,-0.7656930304474613,0.4195236819675131,3.8572188810708616,-1.3334206070963217,2.262488218243387
51.0,52.0,134.22450256347656,0.2832015330015839,1.1683141243925164,-3.8759499263895294,-3.2732183367628127,-0.0986901511279722,-0.7698084493383829,0.4190124949077722,3.86027462977343,-1.3334206070963217,2.262488218243387
51.0,52.0,134.22450256347656,0.1595498824933182,1.1666278951143452,-3.8770278970448206,-3.194366797393899,-0.0986901511279722,-0.7656930304474613,0.3945729292696731,3.858186375182992,-1.333418089754739,2.262552597685618
51.0,52.0,134.23806762695312,0.0368206213533405,1.1532114449549222,-3.913398960651632,-3.201282318292773,-0.2113718231951524,-0.7454749927798052,0.3275354345602517,3.851180187660313,-1.3334206070963217,2.194917103290948
51.0,52.0,134.23806762695312,0.0368206213533405,1.1506741309984398,-3.913398960651632,-3.200595175240026,-0.2113718231951524,-0.7694475393013172,0.3273094063357979,3.858268790810557,-1.3334206070963217,2.261414490670476
51.0,52.0,134.23806762695312,0.0368206213533405,1.1506741309984398,-3.913398960651632,-3.200595175240026,-0.2113718231951524,-0.7694475393013172,0.3273094063357979,3.858268790810557,-1.3334206070963217,2.261414490670476
51.0,52.0,134.23806762695312,0.0368206213533405,1.1532114449549222,-3.913398960651632,-3.201282318292773,-0.2113718231951524,-0.7454749927798052,0.3275354345602517,3.851180187660313,-1.3334206070963217,2.194917103290948
51.0,52.0,134.23806762695312,0.0368206213533405,1.1506741309984398,-3.913365066166519,-3.200595175240026,-0.2113718231951524,-0.7708859348457927,0.3273094063357979,3.858268790810557,-1.3334206070963217,2.261414490670476
51.0,52.0,134.23806762695312,0.0368171275589772,1.1520983353735452,-3.913849116899145,-3.201282318292773,-0.2105278675345672,-0.7454749927798052,0.327495372063464,3.851178763023693,-1.3334206070963217,2.194954144947388
51.0,52.0,134.23806762695312,0.0368206213533405,1.1679070226478503,-3.913398960651632,-3.199106163644013,-0.2113718231951524,-0.7483774635377063,0.3275354345602517,3.851180187660313,-1.3155099248605404,2.260179485407983
51.0,52.0,134.23806762695312,0.0368206213533405,1.150866618457595,-3.913398960651632,-3.201305780332122,-0.2113718231951524,-0.7645051940903802,0.3273094063357979,3.858289007768484,-1.3334206070963217,2.194994398395052
51.0,52.0,134.23806762695312,0.0369796982069306,1.1586068752091347,-3.875769923933455,-3.1815444987723547,-0.2127491762168228,-0.7705293500613473,0.3311462893674549,3.8571974575879673,-1.3334206070963217,2.261390505712932
51.0,52.0,134.23806762695312,0.0368206213533405,1.1506741309984398,-3.913398960651632,-3.200595175240026,-0.2113718231951524,-0.7694475393013172,0.3273094063357979,3.858268790810557,-1.3334206070963217,2.261414490670476
51.0,52.0,134.23806762695312,0.0368206213533405,1.1532114449549222,-3.913398960651632,-3.201282318292773,-0.2113718231951524,-0.7454749927798052,0.3275354345602517,3.851180187660313,-1.3334206070963217,2.194917103290948
51.0,52.0,134.23806762695312,0.0368206213533405,1.1532114449549222,-3.913398960651632,-3.201282318292773,-0.2113718231951524,-0.7454749927798052,0.3275354345602517,3.851180187660313,-1.3334206070963217,2.194917103290948
51.0,53.0,133.57562255859375,0.0594615866135593,2.038809176886525,-4.03528262790523,-3.356320979288739,-0.9358543235211184,-0.4565040888215326,-0.4318798101427913,3.852496403119131,-2.018375989703632,2.5479852033541155
51.0,53.0,134.02615356445312,0.0371440830119839,1.3828830756994068,-3.890362388787736,-3.297796459453457,-1.0224702967715729,-0.7693576622973972,0.3944380227873374,3.860234288364985,-1.3334206070963217,2.0096202416371507
51.0,53.0,134.02615356445312,0.0374960579467293,1.3828830756994068,-3.890362388787736,-3.2941972114187514,-1.0224702967715729,-0.7684338431077755,0.3944380227873374,3.860234288364985,-1.3334206070963217,2.0096202416371507
51.0,53.0,134.02615356445312,0.0371440830119839,1.3828830756994068,-3.890362388787736,-3.297796459453457,-1.0261456221390344,-0.7693576622973972,0.3944380227873374,3.860234288364985,-1.3334206070963217,2.0096202416371507
51.0,53.0,134.02615356445312,0.0371440830119839,1.3828830756994068,-3.890362388787736,-3.297796459453457,-1.0224702967715729,-0.7693576622973972,0.3944380227873374,3.860234288364985,-1.3334206070963217,2.0096202416371507
51.0,53.0,134.03646850585938,-0.0032353123690047,1.4237314376555683,-3.898108845011481,-3.185992159032323,-1.0224702967715729,-0.8814291431448172,0.3944355030388385,3.860267013039024,-1.3334206070963217,2.0096202416371507
51.0,53.0,134.0494384765625,0.2833357701612186,1.1679343072973156,-3.9043302551361263,-3.101776276515232,-0.2130461878283671,-0.7354435981451353,0.3939364397897313,3.85724544292866,-1.3334204573875144,2.258199433999791
51.0,53.0,134.09024047851562,0.2833403839635361,1.1679165203802095,-3.9043302551361263,-3.107755338203265,-0.2130461878283671,-0.7656270793264006,0.3939364397897313,3.857229989342092,-1.335057371806526,2.1976017151000686
51.0,53.0,134.0911102294922,0.037762099704351,1.426070564158025,-3.898108845011481,-3.186091217828212,-1.0224702967715729,-0.7780437587817134,0.3944355030388385,3.860267013039024,-1.3334206070963217,2.0096202416371507
51.0,53.0,134.0911102294922,0.037762099704351,1.426070564158025,-3.898108845011481,-3.2920168537104715,-1.0224702967715729,-0.7780437587817134,0.3218288554731823,3.860267013039024,-1.3334206070963217,2.0096202416371507
51.0,53.0,134.0911102294922,0.037762099704351,1.426070564158025,-3.89774522961278,-3.186091217828212,-1.023294129788644,-0.7775020149969056,0.3946203136980237,3.857106833168288,-1.3334206070963217,2.0096202416371507
51.0,53.0,134.0911102294922,0.037762099704351,1.426070564158025,-3.89774522961278,-3.186091217828212,-1.023294129788644,-0.7775020149969056,0.3946203136980237,3.857106833168288,-1.3334206070963217,2.0096202416371507
51.0,53.0,134.0911102294922,0.037762099704351,1.426070564158025,-3.898108845011481,-3.186091217828212,-1.0224645717825205,-0.7775067172348731,0.3944355030388385,3.860267013039024,-1.3334206070963217,2.0096202416371507
51.0,53.0,134.0911102294922,0.037762099704351,1.426070564158025,-3.898108845011481,-3.201238007727376,-1.0224702967715729,-0.7693720225009388,0.3218288554731823,3.860267013039024,-1.3334206070963217,2.0096202416371507
51.0,53.0,134.0911102294922,0.0370370949931954,1.426070564158025,-3.898108845011481,-3.1860002505355545,-1.016147203934012,-0.7781391494284123,0.3319468251961948,3.857196829538178,-1.3334206070963217,2.013859182235961
51.0,53.0,134.0911102294922,0.037762099704351,1.426070564158025,-3.898108845011481,-3.186091217828212,-1.0224645632741192,-0.7775067172348731,0.3886698593112921,3.860267013039024,-1.3334206070963217,2.0096202416371507
51.0,53.0,134.0911102294922,0.037762099704351,1.426070564158025,-3.898108845011481,-3.186091217828212,-1.0224703589871598,-0.7780619509736857,0.3886698593112921,3.860267013039024,-1.3334206070963217,2.0096202416371507
51.0,53.0,134.0911102294922,0.0256511795378248,1.426070564158025,-3.8965347272489743,-3.274907498550211,-1.016147203934012,-0.7784695356203775,0.3317723435098131,3.857196775116424,-1.3334206070963217,2.0161469435572963
51.0,53.0,134.0911102294922,0.0507535068383607,1.426070564158025,-3.897791542214106,-3.186091217828212,-1.023294129788644,-0.7775020149969056,0.3946203136980237,3.857226315871137,-1.3351883605455397,2.024213753198573
51.0,53.0,134.0911102294922,0.0371440830119839,1.3828830756994068,-3.890362388787736,-3.297796459453457,-1.0224702967715729,-0.7693576622973972,0.3297925236585644,3.860234288364985,-1.3333840103709396,2.0096202416371507
51.0,53.0,134.0911102294922,0.037762099704351,1.426070564158025,-3.898108845011481,-3.186091217828212,-1.0224645010585325,-0.7774885250429007,0.3944355030388385,3.860267013039024,-1.3334206070963217,2.0096202416371507
51.0,53.0,134.0911102294922,0.037762099704351,1.426070564158025,-3.898108845011481,-3.186091217828212,-1.0224702967715729,-0.7781389781386469,0.3316724502794613,3.857155190700909,-1.3334206070963217,2.0270863420424985
51.0,53.0,134.0911102294922,0.0507535068383607,1.426070564158025,-3.897791542214106,-3.186091217828212,-1.023294129788644,-0.7775020149969056,0.3946203136980237,3.857226315871137,-1.3351883605455397,2.024213753198573
51.0,53.0,134.0911102294922,0.037762099704351,1.426070564158025,-3.898108845011481,-3.201238007727376,-1.022470238920829,-0.7693720225009388,0.3919701348998183,3.860267013039024,-1.3334206070963217,2.0096202416371507
51.0,53.0,134.0911102294922,0.0370370949931954,1.426070564158025,-3.898108845011481,-3.1860002505355545,-1.016147203934012,-0.7781391494284123,0.3319468251961948,3.857196829538178,-1.3334206070963217,2.013859182235961
51.0,53.0,134.0911102294922,0.037762099704351,1.426070564158025,-3.898108845011481,-3.2920168537104715,-1.0224702967715729,-0.7780437587817134,0.3235307750790616,3.860267013039024,-1.3334206070963217,2.0096202416371507
51.0,53.0,134.0911102294922,0.037762099704351,1.426070564158025,-3.898108845011481,-3.1859586390871057,-1.0224702967715729,-0.7693720225009388,0.3205703766638105,3.860267013039024,-1.3334206070963217,2.0096202416371507
51.0,53.0,134.0911102294922,0.0371440830119839,1.4260089944953425,-3.890362388787736,-3.297796459453457,-1.0224702967715729,-0.76919653498536,0.3944378555616465,3.8602708212378,-1.3334206070963217,2.0096202416371507
51.0,53.0,134.0911102294922,0.037762099704351,1.426070564158025,-3.898108845011481,-3.186091217828212,-1.0224702967715729,-0.7780437587817134,0.3944355030388385,3.860267013039024,-1.3334206070963217,2.0096202416371507
51.0,53.0,134.0911102294922,0.037762099704351,1.426070564158025,-3.898108845011481,-3.186091217828212,-1.0224645010585325,-0.7774885250429007,0.3927335834329593,3.860267013039024,-1.3334206070963217,2.0096202416371507
51.0,53.0,134.09425354003906,0.2816212391616349,1.1582464308534364,-3.8759499263895294,-3.1849450253072944,-0.1593668342338978,-0.7705429941566653,0.4195236819675131,3.8576573690396514,-1.3334206070963217,2.262585564573848
51.0,53.0,134.09425354003906,0.2816212391616349,1.158357340966205,-3.8783592481644784,-3.1849450253072944,-0.1609545292712336,-0.7645631795391935,0.4195236819675131,3.8576573690396514,-1.3334206070963217,2.262585564573848
51.0,53.0,134.13204956054688,0.2833403839635361,1.1679165203802095,-3.9043302551361263,-3.187710072029658,-0.2099321141649588,-0.7656270793264006,0.3939361142545571,3.857229989342092,-1.3333967169101624,2.2101985487465776
51.0,53.0,134.14730834960938,0.0368206213533405,1.150755708344827,-3.910989638876684,-3.201305780332122,-0.2097841281578166,-0.770485008707852,0.3273094063357979,3.858289007768484,-1.3994362761637322,2.194994398395052
51.0,53.0,134.15646362304688,-0.0032353123690047,1.4237314376555683,-3.943308360912821,-3.185992159032323,-1.0224702967715729,-0.8814291431448172,0.3944355030388385,3.860267013039024,-1.3334206070963217,2.0096202416371507
51.0,53.0,134.15646362304688,-0.0032353123690047,1.423715488900844,-3.9436141106914704,-3.1859904242926205,-1.0224702967715729,-0.8814291431448172,0.3944355030388385,3.860267013039024,-1.3334206070963217,2.0096202416371507
51.0,53.0,134.16297912597656,0.0377394499842161,1.426070564158025,-4.401428206451923,-3.186091217828212,-1.023294129788644,-0.7777093495390675,0.3946203136980237,3.857102223761548,-1.3334206070963217,2.0096202416371507
51.0,53.0,134.17364501953125,0.2833403839635361,1.1679165203802095,-3.9043302551361263,-3.101776276515232,-0.2130461878283671,-0.7354435981451353,0.3939364397897313,3.8602268871588112,-1.3334185809161516,2.1976017151000686
51.0,53.0,134.18423461914062,0.1595498824933182,1.1666278951143452,-3.8770278970448206,-3.194366797393899,-0.0986901511279722,-0.7656930304474613,0.3299274301409001,3.858186375182992,-1.333381493029357,2.262552597685618
51.0,53.0,134.18423461914062,0.1595498824933182,1.1666278951143452,-3.8770278970448206,-3.194366797393899,-0.0986901511279722,-0.7656930304474613,0.3299274301409001,3.858186375182992,-1.333381493029357,2.262552597685618
51.0,53.0,134.18423461914062,0.1595498824933182,1.1582042477027408,-3.8770278970448206,-3.194366797393899,-0.0986901511279722,-0.7656930304474613,0.3299274301409001,3.8576895593690175,-1.333381493029357,2.262553111090954
51.0,53.0,134.18423461914062,0.1595498824933182,1.1582042477027408,-3.8770278970448206,-3.194366797393899,-0.0986901511279722,-0.7656930304474613,0.3299274301409001,3.8576895593690175,-1.333381493029357,2.262553111090954
51.0,53.0,134.196044921875,0.0376888630880239,1.426070564158025,-3.880307007218208,-3.186091217828212,-1.0224191915497605,-0.7689772655866672,0.3960731754124449,3.860171863048936,-1.3334206070963217,2.008086048059994
51.0,53.0,134.196044921875,0.037762099704351,1.3829446453620893,-3.898108845011481,-3.186091217828212,-1.0224645717825205,-0.7776678445469103,0.3944356702645293,3.86023048016621,-1.3334206070963217,2.0096202416371507
51.0,53.0,134.2002410888672,0.037762099704351,1.426070564158025,-3.898108845011481,-3.18281501611548,-0.8628490131509554,-0.7780624025821411,0.3218288554731823,3.860267013039024,-1.3334206070963217,2.0096202416371507
51.0,53.0,134.2237548828125,0.0368206213533405,1.150755708344827,-3.910986378862922,-3.201305780332122,-0.2097841281578166,-0.747800043436707,0.3273094063357979,3.858289007768484,-1.3994362761637322,2.260056723423349
51.0,53.0,134.22450256347656,0.2816212391616349,1.1683141243925164,-3.8759499263895294,-3.2715835741739925,-0.0986901511279722,-0.7656930304474613,0.4195236819675131,3.8572188810708616,-1.3334206070963217,2.262488218243387
51.0,53.0,134.22450256347656,0.2816212391616349,1.1683141243925164,-3.8759499263895294,-3.2715835741739925,-0.0986901511279722,-0.7656930304474613,0.4195236819675131,3.8572188810708616,-1.3334206070963217,2.262488218243387
51.0,53.0,134.22450256347656,0.2816212391616349,1.1683141243925164,-3.8759499263895294,-3.2715835741739925,-0.0986901511279722,-0.7656930304474613,0.4195236819675131,3.8572188810708616,-1.3334206070963217,2.262488218243387
51.0,53.0,134.22450256347656,0.2816212391616349,1.1683141243925164,-3.8759499263895294,-3.2715835741739925,-0.0986901511279722,-0.7656930304474613,0.4195236819675131,3.8572188810708616,-1.3334206070963217,2.262488218243387
51.0,54.0,133.57562255859375,0.0594615866135593,2.038809176886525,-4.03528262790523,-3.356320979288739,-0.9358543235211184,-0.4565040888215326,-0.4318798101427913,3.852496403119131,-2.018375989703632,2.5479852033541155
51.0,54.0,134.02615356445312,0.0371440830119839,1.3828830756994068,-3.890362388787736,-3.297796459453457,-1.0224702967715729,-0.7693576622973972,0.3944380227873374,3.860234288364985,-1.3334206070963217,2.0096202416371507
51.0,54.0,134.02615356445312,0.0374960579467293,1.3828830756994068,-3.890362388787736,-3.2941972114187514,-1.0224702967715729,-0.7684338431077755,0.3944380227873374,3.860234288364985,-1.3334206070963217,2.0096202416371507
51.0,54.0,134.02615356445312,0.0371440830119839,1.3828830756994068,-3.890362388787736,-3.297796459453457,-1.0261456221390344,-0.7693576622973972,0.3944380227873374,3.860234288364985,-1.3334206070963217,2.0096202416371507
51.0,54.0,134.02615356445312,0.0371440830119839,1.3828830756994068,-3.890362388787736,-3.297796459453457,-1.0224702967715729,-0.7693576622973972,0.3944380227873374,3.860234288364985,-1.3334206070963217,2.0096202416371507
51.0,54.0,134.02615356445312,0.0374446183894916,1.3301214804554615,-3.890362388787736,-3.297782986286194,-1.0224702967715729,-0.7683316725492361,0.3944380227873374,3.860234288364985,-1.3334206070963217,1.970543559684508
51.0,54.0,134.02615356445312,0.0371258778856422,1.3816298178917796,-3.898108845011481,-3.301473244682573,-1.0224702967715729,-0.7694842363967037,0.3944355030388385,3.860268967210544,-1.3334206070963217,2.0096202416371507
51.0,54.0,134.02615356445312,0.0371955225692216,1.3828830756994068,-3.890362388787736,-3.294210684586014,-1.0224702967715729,-0.7694598328559367,0.3944380227873374,3.860234288364985,-1.3334206070963217,2.0096202416371507
51.0,54.0,134.03646850585938,-0.0032353123690047,1.4237314376555683,-3.898108845011481,-3.185992159032323,-1.0224702967715729,-0.8814291431448172,0.3944355030388385,3.860267013039024,-1.3334206070963217,2.0096202416371507
51.0,54.0,134.03646850585938,-0.0046269593970413,1.4260408335838886,-3.898108845011481,-3.185994501469004,-1.0224702967715729,-0.8814291431448172,0.3888861863282329,3.860267013039024,-1.3334206070963217,1.972792076404764
51.0,54.0,134.0494384765625,0.2833357701612186,1.1679343072973156,-3.9043302551361263,-3.101776276515232,-0.2130461878283671,-0.7354435981451353,0.3939364397897313,3.85724544292866,-1.3334204573875144,2.258199433999791
51.0,54.0,134.09024047851562,0.2833403839635361,1.1679165203802095,-3.9043302551361263,-3.107755338203265,-0.2130461878283671,-0.7656270793264006,0.3939364397897313,3.857229989342092,-1.335057371806526,2.1976017151000686
51.0,54.0,134.09024047851562,0.3054436461171238,1.1679343072973156,-3.89805590736218,-3.1034410401241184,-0.2130461878283671,-0.7354435981451353,0.3939364397897313,3.85724544292866,-1.3334204481925302,2.232071073164669
51.0,54.0,134.0911102294922,0.037762099704351,1.426070564158025,-3.898108845011481,-3.186091217828212,-1.0224702967715729,-0.7780437587817134,0.3944355030388385,3.860267013039024,-1.3334206070963217,2.0096202416371507
51.0,54.0,134.0911102294922,0.037762099704351,1.426070564158025,-3.898108845011481,-3.2920168537104715,-1.0224702967715729,-0.7780437587817134,0.3218288554731823,3.860267013039024,-1.3334206070963217,2.0096202416371507
51.0,54.0,134.0911102294922,0.037762099704351,1.426070564158025,-3.89774522961278,-3.186091217828212,-1.023294129788644,-0.7775020149969056,0.3946203136980237,3.857106833168288,-1.3334206070963217,2.0096202416371507
51.0,54.0,134.0911102294922,0.037762099704351,1.426070564158025,-3.89774522961278,-3.186091217828212,-1.023294129788644,-0.7775020149969056,0.3946203136980237,3.857106833168288,-1.3334206070963217,2.0096202416371507
51.0,54.0,134.0911102294922,0.037762099704351,1.426070564158025,-3.898108845011481,-3.186091217828212,-1.0224645717825205,-0.7775067172348731,0.3944355030388385,3.860267013039024,-1.3334206070963217,2.0096202416371507
51.0,54.0,134.0911102294922,0.037762099704351,1.426070564158025,-3.898108845011481,-3.201238007727376,-1.0224702967715729,-0.7693720225009388,0.3218288554731823,3.860267013039024,-1.3334206070963217,2.0096202416371507
51.0,54.0,134.0911102294922,0.0370370949931954,1.426070564158025,-3.898108845011481,-3.1860002505355545,-1.016147203934012,-0.7781391494284123,0.3319468251961948,3.857196829538178,-1.3334206070963217,2.013859182235961
51.0,54.0,134.0911102294922,0.037762099704351,1.426070564158025,-3.898108845011481,-3.186091217828212,-1.0224645632741192,-0.7775067172348731,0.3886698593112921,3.860267013039024,-1.3334206070963217,2.0096202416371507
51.0,54.0,134.0911102294922,0.037762099704351,1.426070564158025,-3.898108845011481,-3.186091217828212,-1.0224703589871598,-0.7780619509736857,0.3886698593112921,3.860267013039024,-1.3334206070963217,2.0096202416371507
51.0,54.0,134.0911102294922,0.0256511795378248,1.426070564158025,-3.8965347272489743,-3.274907498550211,-1.016147203934012,-0.7784695356203775,0.3317723435098131,3.857196775116424,-1.3334206070963217,2.0161469435572963
51.0,54.0,134.0911102294922,0.0507535068383607,1.426070564158025,-3.897791542214106,-3.186091217828212,-1.023294129788644,-0.7775020149969056,0.3946203136980237,3.857226315871137,-1.3351883605455397,2.024213753198573
51.0,54.0,134.0911102294922,0.0371440830119839,1.3828830756994068,-3.890362388787736,-3.297796459453457,-1.0224702967715729,-0.7693576622973972,0.3297925236585644,3.860234288364985,-1.3333840103709396,2.0096202416371507
51.0,54.0,134.0911102294922,0.037762099704351,1.426070564158025,-3.898108845011481,-3.186091217828212,-1.0224645010585325,-0.7774885250429007,0.3944355030388385,3.860267013039024,-1.3334206070963217,2.0096202416371507
51.0,54.0,134.0911102294922,0.037762099704351,1.426070564158025,-3.898108845011481,-3.186091217828212,-1.0224702967715729,-0.7781389781386469,0.3316724502794613,3.857155190700909,-1.3334206070963217,2.0270863420424985
51.0,54.0,134.0911102294922,0.0507535068383607,1.426070564158025,-3.897791542214106,-3.186091217828212,-1.023294129788644,-0.7775020149969056,0.3946203136980237,3.857226315871137,-1.3351883605455397,2.024213753198573
51.0,54.0,134.0911102294922,0.037762099704351,1.426070564158025,-3.898108845011481,-3.201238007727376,-1.022470238920829,-0.7693720225009388,0.3919701348998183,3.860267013039024,-1.3334206070963217,2.0096202416371507
51.0,54.0,134.0911102294922,0.0370370949931954,1.426070564158025,-3.898108845011481,-3.1860002505355545,-1.016147203934012,-0.7781391494284123,0.3319468251961948,3.857196829538178,-1.3334206070963217,2.013859182235961
51.0,54.0,134.0911102294922,0.037762099704351,1.426070564158025,-3.898108845011481,-3.2920168537104715,-1.0224702967715729,-0.7780437587817134,0.3235307750790616,3.860267013039024,-1.3334206070963217,2.0096202416371507
51.0,54.0,134.0911102294922,0.037762099704351,1.426070564158025,-3.898108845011481,-3.1859586390871057,-1.0224702967715729,-0.7693720225009388,0.3205703766638105,3.860267013039024,-1.3334206070963217,2.0096202416371507
51.0,54.0,134.0911102294922,0.0371440830119839,1.4260089944953425,-3.890362388787736,-3.297796459453457,-1.0224702967715729,-0.76919653498536,0.3944378555616465,3.8602708212378,-1.3334206070963217,2.0096202416371507
51.0,54.0,134.0911102294922,0.037762099704351,1.426070564158025,-3.898108845011481,-3.186091217828212,-1.0224702967715729,-0.7780437587817134,0.3944355030388385,3.860267013039024,-1.3334206070963217,2.0096202416371507
51.0,54.0,134.0911102294922,0.037762099704351,1.426070564158025,-3.898108845011481,-3.186091217828212,-1.0224645010585325,-0.7774885250429007,0.3927335834329593,3.860267013039024,-1.3334206070963217,2.0096202416371507
51.0,54.0,134.0911102294922,0.0507535068383607,1.426070564158025,-3.897791542214106,-3.3949631810253926,-1.023294129788644,-0.7775020149969056,0.3946203136980237,3.857226315871137,-1.3351883605455397,2.024213753198573
51.0,54.0,134.0911102294922,0.0371456405971654,1.426070564158025,-3.897910949640272,-3.178897652403489,-1.023294129788644,-0.7775020149969056,0.3946244425558759,3.857106833168288,-1.3334206070963217,2.0096202416371507
51.0,54.0,134.0911102294922,0.037762099704351,1.4251098666594362,-3.898108845011481,-3.186091217828212,-1.0224702967715729,-0.7780437587817134,0.3944196801800337,3.860267013039024,-1.3334378611409743,2.0096202416371507
51.0,54.0,134.0911102294922,0.0371440830119839,1.4250205950403396,-3.890654191481517,-3.297796459453457,-1.0224702967715729,-0.7693576622973972,0.394438114642758,3.860234288364985,-1.3334206070963217,2.0096202416371507
51.0,54.0,134.0911102294922,0.037762099704351,1.426007784554735,-3.898108845011481,-3.201238007727376,-1.0224702386085769,-0.7693720225009388,0.3919109375435333,3.860266986020716,-1.3334206070963217,2.0096202416371507
51.0,54.0,134.0911102294922,0.0377234555721434,1.426070564158025,-3.898108845011481,-3.185898687205853,-1.016147203934012,-0.769282786138048,0.3319502621752548,3.86034452663501,-1.3334206070963217,2.013859182235961
51.0,54.0,134.0911102294922,0.037762099704351,1.426070564158025,-3.898108845011481,-3.186091217828212,-1.0224645051790353,-0.7774885250429007,0.3927335834329593,3.860267013039024,-1.3334206070963217,2.0096202416371507
51.0,54.0,134.09425354003906,0.2816212391616349,1.1582464308534364,-3.8759499263895294,-3.1849450253072944,-0.1593668342338978,-0.7705429941566653,0.4195236819675131,3.8576573690396514,-1.3334206070963217,2.262585564573848
51.0,54.0,134.09425354003906,0.2816212391616349,1.158357340966205,-3.8783592481644784,-3.1849450253072944,-0.1609545292712336,-0.7645631795391935,0.4195236819675131,3.8576573690396514,-1.3334206070963217,2.262585564573848
51.0,54.0,134.13204956054688,0.2833403839635361,1.1679165203802095,-3.9043302551361263,-3.187710072029658,-0.2099321141649588,-0.7656270793264006,0.3939361142545571,3.857229989342092,-1.3333967169101624,2.2101985487465776
51.0,54.0,134.14730834960938,0.0368206213533405,1.150755708344827,-3.910989638876684,-3.201305780332122,-0.2097841281578166,-0.770485008707852,0.3273094063357979,3.858289007768484,-1.3994362761637322,2.194994398395052
51.0,54.0,134.15646362304688,-0.0032353123690047,1.4237314376555683,-3.943308360912821,-3.185992159032323,-1.0224702967715729,-0.8814291431448172,0.3944355030388385,3.860267013039024,-1.3334206070963217,2.0096202416371507
51.0,54.0,134.15646362304688,-0.0032353123690047,1.423715488900844,-3.9436141106914704,-3.1859904242926205,-1.0224702967715729,-0.8814291431448172,0.3944355030388385,3.860267013039024,-1.3334206070963217,2.0096202416371507
51.0,54.0,134.16297912597656,0.0377394499842161,1.426070564158025,-4.401428206451923,-3.186091217828212,-1.023294129788644,-0.7777093495390675,0.3946203136980237,3.857102223761548,-1.3334206070963217,2.0096202416371507
51.0,54.0,134.17364501953125,0.2833403839635361,1.1679165203802095,-3.9043302551361263,-3.101776276515232,-0.2130461878283671,-0.7354435981451353,0.3939364397897313,3.8602268871588112,-1.3334185809161516,2.1976017151000686
51.0,55.0,133.57562255859375,0.0594615866135593,2.038809176886525,-4.03528262790523,-3.356320979288739,-0.9358543235211184,-0.4565040888215326,-0.4318798101427913,3.852496403119131,-2.018375989703632,2.5479852033541155
51.0,55.0,134.02615356445312,0.0371440830119839,1.3828830756994068,-3.890362388787736,-3.297796459453457,-1.0224702967715729,-0.7693576622973972,0.3944380227873374,3.860234288364985,-1.3334206070963217,2.0096202416371507
51.0,55.0,134.02615356445312,0.0374960579467293,1.3828830756994068,-3.890362388787736,-3.2941972114187514,-1.0224702967715729,-0.7684338431077755,0.3944380227873374,3.860234288364985,-1.3334206070963217,2.0096202416371507
51.0,55.0,134.02615356445312,0.0371440830119839,1.3828830756994068,-3.890362388787736,-3.297796459453457,-1.0261456221390344,-0.7693576622973972,0.3944380227873374,3.860234288364985,-1.3334206070963217,2.0096202416371507
51.0,55.0,134.02615356445312,0.0371440830119839,1.3828830756994068,-3.890362388787736,-3.297796459453457,-1.0224702967715729,-0.7693576622973972,0.3944380227873374,3.860234288364985,-1.3334206070963217,2.0096202416371507
51.0,55.0,134.02615356445312,0.0374446183894916,1.3301214804554615,-3.890362388787736,-3.297782986286194,-1.0224702967715729,-0.7683316725492361,0.3944380227873374,3.860234288364985,-1.3334206070963217,1.970543559684508
51.0,55.0,134.02615356445312,0.0371258778856422,1.3816298178917796,-3.898108845011481,-3.301473244682573,-1.0224702967715729,-0.7694842363967037,0.3944355030388385,3.860268967210544,-1.3334206070963217,2.0096202416371507
51.0,55.0,134.02615356445312,0.0371955225692216,1.3828830756994068,-3.890362388787736,-3.294210684586014,-1.0224702967715729,-0.7694598328559367,0.3944380227873374,3.860234288364985,-1.3334206070963217,2.0096202416371507
51.0,55.0,134.02615356445312,0.0371440830119839,1.3788414949079606,-3.8964832777444713,-3.296939297568992,-1.0224702967715729,-0.7783391261221635,0.3944380227873374,3.857273386370075,-1.3334206070963217,2.009622589319653
51.0,55.0,134.02615356445312,0.0374960579467293,1.3838516870553352,-3.890362388787736,-3.297219507324693,-1.0224702967715729,-0.7684338431077755,0.3944378755281334,3.860234288364985,-1.3334206070963217,2.0096202416371507
51.0,55.0,134.03208923339844,0.0507535068383607,1.426070564158025,-3.897791542214106,-3.186091217828212,-1.023294129788644,-0.7775020149969056,0.3946203136980237,3.675234468025782,-1.3351883605455397,2.024213753198573
51.0,55.0,134.03646850585938,-0.0032353123690047,1.4237314376555683,-3.898108845011481,-3.185992159032323,-1.0224702967715729,-0.8814291431448172,0.3944355030388385,3.860267013039024,-1.3334206070963217,2.0096202416371507
51.0,55.0,134.03646850585938,-0.0046269593970413,1.4260408335838886,-3.898108845011481,-3.185994501469004,-1.0224702967715729,-0.8814291431448172,0.3888861863282329,3.860267013039024,-1.3334206070963217,1.972792076404764
51.0,55.0,134.03646850585938,-0.0032353123690047,1.42276282629964,-3.898108845011481,-3.182969863126381,-1.0224702967715729,-0.8814291431448172,0.3944356502980424,3.860267013039024,-1.3334206070963217,2.0096202416371507
51.0,55.0,134.03646850585938,0.037762099704351,1.4260273202976903,-3.898108845011481,-3.186091217828212,-1.0224645010585325,-0.7774885250429007,0.3944381327460356,3.762377440559217,-1.3334206070963217,2.0096202416371507
51.0,55.0,134.0494384765625,0.2833357701612186,1.1679343072973156,-3.9043302551361263,-3.101776276515232,-0.2130461878283671,-0.7354435981451353,0.3939364397897313,3.85724544292866,-1.3334204573875144,2.258199433999791
51.0,55.0,134.09024047851562,0.2833403839635361,1.1679165203802095,-3.9043302551361263,-3.107755338203265,-0.2130461878283671,-0.7656270793264006,0.3939364397897313,3.857229989342092,-1.335057371806526,2.1976017151000686
51.0,55.0,134.09024047851562,0.3054436461171238,1.1679343072973156,-3.89805590736218,-3.1034410401241184,-0.2130461878283671,-0.7354435981451353,0.3939364397897313,3.85724544292866,-1.3334204481925302,2.232071073164669
51.0,55.0,134.0911102294922,0.037762099704351,1.426070564158025,-3.898108845011481,-3.186091217828212,-1.0224702967715729,-0.7780437587817134,0.3944355030388385,3.860267013039024,-1.3334206070963217,2.0096202416371507
51.0,55.0,134.0911102294922,0.037762099704351,1.426070564158025,-3.898108845011481,-3.2920168537104715,-1.0224702967715729,-0.7780437587817134,0.3218288554731823,3.860267013039024,-1.3334206070963217,2.0096202416371507
51.0,55.0,134.0911102294922,0.037762099704351,1.426070564158025,-3.89774522961278,-3.186091217828212,-1.023294129788644,-0.7775020149969056,0.3946203136980237,3.857106833168288,-1.3334206070963217,2.0096202416371507
51.0,55.0,134.0911102294922,0.037762099704351,1.426070564158025,-3.89774522961278,-3.186091217828212,-1.023294129788644,-0.7775020149969056,0.3946203136980237,3.857106833168288,-1.3334206070963217,2.0096202416371507
51.0,55.0,134.0911102294922,0.037762099704351,1.426070564158025,-3.898108845011481,-3.186091217828212,-1.0224645717825205,-0.7775067172348731,0.3944355030388385,3.860267013039024,-1.3334206070963217,2.0096202416371507
51.0,55.0,134.0911102294922,0.037762099704351,1.426070564158025,-3.898108845011481,-3.201238007727376,-1.0224702967715729,-0.7693720225009388,0.3218288554731823,3.860267013039024,-1.3334206070963217,2.0096202416371507
51.0,55.0,134.0911102294922,0.0370370949931954,1.426070564158025,-3.898108845011481,-3.1860002505355545,-1.016147203934012,-0.7781391494284123,0.3319468251961948,3.857196829538178,-1.3334206070963217,2.013859182235961
51.0,55.0,134.0911102294922,0.037762099704351,1.426070564158025,-3.898108845011481,-3.186091217828212,-1.0224645632741192,-0.7775067172348731,0.3886698593112921,3.860267013039024,-1.3334206070963217,2.0096202416371507
51.0,55.0,134.0911102294922,0.037762099704351,1.426070564158025,-3.898108845011481,-3.186091217828212,-1.0224703589871598,-0.7780619509736857,0.3886698593112921,3.860267013039024,-1.3334206070963217,2.0096202416371507
51.0,55.0,134.0911102294922,0.0256511795378248,1.426070564158025,-3.8965347272489743,-3.274907498550211,-1.016147203934012,-0.7784695356203775,0.3317723435098131,3.857196775116424,-1.3334206070963217,2.0161469435572963
51.0,55.0,134.0911102294922,0.0507535068383607,1.426070564158025,-3.897791542214106,-3.186091217828212,-1.023294129788644,-0.7775020149969056,0.3946203136980237,3.857226315871137,-1.3351883605455397,2.024213753198573
51.0,55.0,134.0911102294922,0.0371440830119839,1.3828830756994068,-3.890362388787736,-3.297796459453457,-1.0224702967715729,-0.7693576622973972,0.3297925236585644,3.860234288364985,-1.3333840103709396,2.0096202416371507
51.0,55.0,134.0911102294922,0.037762099704351,1.426070564158025,-3.898108845011481,-3.186091217828212,-1.0224645010585325,-0.7774885250429007,0.3944355030388385,3.860267013039024,-1.3334206070963217,2.0096202416371507
51.0,55.0,134.0911102294922,0.037762099704351,1.426070564158025,-3.898108845011481,-3.186091217828212,-1.0224702967715729,-0.7781389781386469,0.3316724502794613,3.857155190700909,-1.3334206070963217,2.0270863420424985
51.0,55.0,134.0911102294922,0.0507535068383607,1.426070564158025,-3.897791542214106,-3.186091217828212,-1.023294129788644,-0.7775020149969056,0.3946203136980237,3.857226315871137,-1.3351883605455397,2.024213753198573
51.0,55.0,134.0911102294922,0.037762099704351,1.426070564158025,-3.898108845011481,-3.201238007727376,-1.022470238920829,-0.7693720225009388,0.3919701348998183,3.860267013039024,-1.3334206070963217,2.0096202416371507
51.0,55.0,134.0911102294922,0.0370370949931954,1.426070564158025,-3.898108845011481,-3.1860002505355545,-1.016147203934012,-0.7781391494284123,0.3319468251961948,3.857196829538178,-1.3334206070963217,2.013859182235961
51.0,55.0,134.0911102294922,0.037762099704351,1.426070564158025,-3.898108845011481,-3.2920168537104715,-1.0224702967715729,-0.7780437587817134,0.3235307750790616,3.860267013039024,-1.3334206070963217,2.0096202416371507
51.0,55.0,134.0911102294922,0.037762099704351,1.426070564158025,-3.898108845011481,-3.1859586390871057,-1.0224702967715729,-0.7693720225009388,0.3205703766638105,3.860267013039024,-1.3334206070963217,2.0096202416371507
51.0,55.0,134.0911102294922,0.0371440830119839,1.4260089944953425,-3.890362388787736,-3.297796459453457,-1.0224702967715729,-0.76919653498536,0.3944378555616465,3.8602708212378,-1.3334206070963217,2.0096202416371507
51.0,55.0,134.0911102294922,0.037762099704351,1.426070564158025,-3.898108845011481,-3.186091217828212,-1.0224702967715729,-0.7780437587817134,0.3944355030388385,3.860267013039024,-1.3334206070963217,2.0096202416371507
51.0,55.0,134.0911102294922,0.037762099704351,1.426070564158025,-3.898108845011481,-3.186091217828212,-1.0224645010585325,-0.7774885250429007,0.3927335834329593,3.860267013039024,-1.3334206070963217,2.0096202416371507
51.0,55.0,134.0911102294922,0.0507535068383607,1.426070564158025,-3.897791542214106,-3.3949631810253926,-1.023294129788644,-0.7775020149969056,0.3946203136980237,3.857226315871137,-1.3351883605455397,2.024213753198573
51.0,55.0,134.0911102294922,0.0371456405971654,1.426070564158025,-3.897910949640272,-3.178897652403489,-1.023294129788644,-0.7775020149969056,0.3946244425558759,3.857106833168288,-1.3334206070963217,2.0096202416371507
51.0,55.0,134.0911102294922,0.037762099704351,1.4251098666594362,-3.898108845011481,-3.186091217828212,-1.0224702967715729,-0.7780437587817134,0.3944196801800337,3.860267013039024,-1.3334378611409743,2.0096202416371507
51.0,55.0,134.0911102294922,0.0371440830119839,1.4250205950403396,-3.890654191481517,-3.297796459453457,-1.0224702967715729,-0.7693576622973972,0.394438114642758,3.860234288364985,-1.3334206070963217,2.0096202416371507
51.0,55.0,134.0911102294922,0.037762099704351,1.426007784554735,-3.898108845011481,-3.201238007727376,-1.0224702386085769,-0.7693720225009388,0.3919109375435333,3.860266986020716,-1.3334206070963217,2.0096202416371507
51.0,55.0,134.0911102294922,0.0377234555721434,1.426070564158025,-3.898108845011481,-3.185898687205853,-1.016147203934012,-0.769282786138048,0.3319502621752548,3.86034452663501,-1.3334206070963217,2.013859182235961
51.0,55.0,134.0911102294922,0.037762099704351,1.426070564158025,-3.898108845011481,-3.186091217828212,-1.0224645051790353,-0.7774885250429007,0.3927335834329593,3.860267013039024,-1.3334206070963217,2.0096202416371507
51.0,55.0,134.0911102294922,-0.0060299260248959,1.4260088603388674,-3.8984497890913934,-3.297796459453457,-1.0224702967715729,-0.7665829282899206,0.3944378555616465,3.8602708212378,-1.3334206070963217,2.0096202416371507
51.0,55.0,134.0911102294922,0.037762099704351,1.426070564158025,-3.898108845011481,-3.186091217828212,-1.0224645010585325,-0.7774885250429007,0.3927335834329593,3.860267013039024,-1.3334206070963217,2.0096202416371507
51.0,55.0,134.0911102294922,0.0507535068383607,1.426070564158025,-3.8981106032782455,-3.3949631810253926,-1.023294129788644,-0.7775065634425491,0.3946203136980237,3.857265502673312,-1.3352474222577797,2.024213753198573
51.0,56.0,133.57562255859375,0.0594615866135593,2.038809176886525,-4.03528262790523,-3.356320979288739,-0.9358543235211184,-0.4565040888215326,-0.4318798101427913,3.852496403119131,-2.018375989703632,2.5479852033541155
51.0,56.0,133.9453887939453,0.0379731613723353,1.426070564158025,-3.897790167357517,-3.269526302508691,-1.023294129788644,-0.7775020149969056,0.3946203136980237,3.68093246715346,-1.3351883605455397,2.0088686999204537
51.0,56.0,134.02615356445312,0.0371440830119839,1.3828830756994068,-3.890362388787736,-3.297796459453457,-1.0224702967715729,-0.7693576622973972,0.3944380227873374,3.860234288364985,-1.3334206070963217,2.0096202416371507
51.0,56.0,134.02615356445312,0.0374960579467293,1.3828830756994068,-3.890362388787736,-3.2941972114187514,-1.0224702967715729,-0.7684338431077755,0.3944380227873374,3.860234288364985,-1.3334206070963217,2.0096202416371507
51.0,56.0,134.02615356445312,0.0371440830119839,1.3828830756994068,-3.890362388787736,-3.297796459453457,-1.0261456221390344,-0.7693576622973972,0.3944380227873374,3.860234288364985,-1.3334206070963217,2.0096202416371507
51.0,56.0,134.02615356445312,0.0371440830119839,1.3828830756994068,-3.890362388787736,-3.297796459453457,-1.0224702967715729,-0.7693576622973972,0.3944380227873374,3.860234288364985,-1.3334206070963217,2.0096202416371507
51.0,56.0,134.02615356445312,0.0374446183894916,1.3301214804554615,-3.890362388787736,-3.297782986286194,-1.0224702967715729,-0.7683316725492361,0.3944380227873374,3.860234288364985,-1.3334206070963217,1.970543559684508
51.0,56.0,134.02615356445312,0.0371258778856422,1.3816298178917796,-3.898108845011481,-3.301473244682573,-1.0224702967715729,-0.7694842363967037,0.3944355030388385,3.860268967210544,-1.3334206070963217,2.0096202416371507
51.0,56.0,134.02615356445312,0.0371955225692216,1.3828830756994068,-3.890362388787736,-3.294210684586014,-1.0224702967715729,-0.7694598328559367,0.3944380227873374,3.860234288364985,-1.3334206070963217,2.0096202416371507
51.0,56.0,134.02615356445312,0.0371440830119839,1.3788414949079606,-3.8964832777444713,-3.296939297568992,-1.0224702967715729,-0.7783391261221635,0.3944380227873374,3.857273386370075,-1.3334206070963217,2.009622589319653
51.0,56.0,134.02615356445312,0.0374960579467293,1.3838516870553352,-3.890362388787736,-3.297219507324693,-1.0224702967715729,-0.7684338431077755,0.3944378755281334,3.860234288364985,-1.3334206070963217,2.0096202416371507
51.0,56.0,134.02615356445312,0.0371258778856422,1.3816298178917796,-3.898108845011481,-3.301473244682573,-1.0224702967715729,-0.769476475960574,0.3944355133129507,3.860268967210544,-1.3334206070963217,2.0096202416371507
51.0,56.0,134.02615356445312,0.0374960579467293,1.3838516870553352,-3.890362388787736,-3.297219507324693,-1.0224702967715729,-0.7684338431077755,0.3945065579352589,3.860234288364985,-1.3334206070963217,2.0096202416371507
51.0,56.0,134.02615356445312,0.0371440830119839,1.3828830756994068,-3.890362388787736,-3.297796459453457,-1.0224702967715729,-0.7693576622973972,0.3944380227873374,3.860234288364985,-1.3334206070963217,2.0096202416371507
51.0,56.0,134.02615356445312,0.0371440830119839,1.3788414949079606,-3.8964832777444713,-3.296939297568992,-1.0224702967715729,-0.7783391261221635,0.3944380227873374,3.857273386370075,-1.3334206070963217,2.009622589319653
51.0,56.0,134.02615356445312,0.0374960579467293,1.3828830756994068,-3.890362388787736,-3.2980211532425647,-1.0224702967715729,-0.7684013056510248,0.3944378556072362,3.860234288364985,-1.3334206070963217,2.0096202416371507
51.0,56.0,134.02615356445312,0.0371955225692216,1.3828830756994068,-3.890362388787736,-3.294210684586014,-1.0224702967715729,-0.7694598328559367,0.3944380227873374,3.860234288364985,-1.3334206070963217,2.0096202416371507
51.0,56.0,134.03208923339844,0.0507535068383607,1.426070564158025,-3.897791542214106,-3.186091217828212,-1.023294129788644,-0.7775020149969056,0.3946203136980237,3.675234468025782,-1.3351883605455397,2.024213753198573
51.0,56.0,134.03208923339844,0.0507535068383607,1.426070564158025,-3.897792537087028,-3.186091217828212,-1.023294129788644,-0.7775020149969056,0.3946203136980237,3.675234468025782,-1.3351883605455397,2.008966516471612
51.0,56.0,134.03208923339844,0.037762099704351,1.426070564158025,-3.898108845011481,-3.186091217828212,-1.0224702967715729,-0.7781389781386469,0.3215065812343923,3.6899740093737554,-1.3334206070963217,2.0270863420424985
51.0,56.0,134.03646850585938,-0.0032353123690047,1.4237314376555683,-3.898108845011481,-3.185992159032323,-1.0224702967715729,-0.8814291431448172,0.3944355030388385,3.860267013039024,-1.3334206070963217,2.0096202416371507
51.0,56.0,134.03646850585938,-0.0046269593970413,1.4260408335838886,-3.898108845011481,-3.185994501469004,-1.0224702967715729,-0.8814291431448172,0.3888861863282329,3.860267013039024,-1.3334206070963217,1.972792076404764
51.0,56.0,134.03646850585938,-0.0032353123690047,1.42276282629964,-3.898108845011481,-3.182969863126381,-1.0224702967715729,-0.8814291431448172,0.3944356502980424,3.860267013039024,-1.3334206070963217,2.0096202416371507
51.0,56.0,134.03646850585938,0.037762099704351,1.4260273202976903,-3.898108845011481,-3.186091217828212,-1.0224645010585325,-0.7774885250429007,0.3944381327460356,3.762377440559217,-1.3334206070963217,2.0096202416371507
51.0,56.0,134.03646850585938,-0.0032353123690047,1.4237314376555683,-3.898108845011481,-3.185992159032323,-1.0224702967715729,-0.8814291431448172,0.3944355030388385,3.860267013039024,-1.3334206070963217,2.0096202416371507
51.0,56.0,134.0494384765625,0.2833357701612186,1.1679343072973156,-3.9043302551361263,-3.101776276515232,-0.2130461878283671,-0.7354435981451353,0.3939364397897313,3.85724544292866,-1.3334204573875144,2.258199433999791
51.0,56.0,134.09024047851562,0.2833403839635361,1.1679165203802095,-3.9043302551361263,-3.107755338203265,-0.2130461878283671,-0.7656270793264006,0.3939364397897313,3.857229989342092,-1.335057371806526,2.1976017151000686
51.0,56.0,134.09024047851562,0.3054436461171238,1.1679343072973156,-3.89805590736218,-3.1034410401241184,-0.2130461878283671,-0.7354435981451353,0.3939364397897313,3.85724544292866,-1.3334204481925302,2.232071073164669
51.0,56.0,134.09024047851562,0.3054070247821303,1.1679343072973156,-3.898115896675424,-3.104502665936644,-0.2130461878283671,-0.7354435981451353,0.3939364397897313,3.85724544292866,-1.3334204464450166,2.232071073164669
51.0,56.0,134.0911102294922,0.037762099704351,1.426070564158025,-3.898108845011481,-3.186091217828212,-1.0224702967715729,-0.7780437587817134,0.3944355030388385,3.860267013039024,-1.3334206070963217,2.0096202416371507
51.0,56.0,134.0911102294922,0.037762099704351,1.426070564158025,-3.898108845011481,-3.2920168537104715,-1.0224702967715729,-0.7780437587817134,0.3218288554731823,3.860267013039024,-1.3334206070963217,2.0096202416371507
51.0,56.0,134.0911102294922,0.037762099704351,1.426070564158025,-3.89774522961278,-3.186091217828212,-1.023294129788644,-0.7775020149969056,0.3946203136980237,3.857106833168288,-1.3334206070963217,2.0096202416371507
51.0,56.0,134.0911102294922,0.037762099704351,1.426070564158025,-3.89774522961278,-3.186091217828212,-1.023294129788644,-0.7775020149969056,0.3946203136980237,3.857106833168288,-1.3334206070963217,2.0096202416371507
51.0,56.0,134.0911102294922,0.037762099704351,1.426070564158025,-3.898108845011481,-3.186091217828212,-1.0224645717825205,-0.7775067172348731,0.3944355030388385,3.860267013039024,-1.3334206070963217,2.0096202416371507
51.0,56.0,134.0911102294922,0.037762099704351,1.426070564158025,-3.898108845011481,-3.201238007727376,-1.0224702967715729,-0.7693720225009388,0.3218288554731823,3.860267013039024,-1.3334206070963217,2.0096202416371507
51.0,56.0,134.0911102294922,0.0370370949931954,1.426070564158025,-3.898108845011481,-3.1860002505355545,-1.016147203934012,-0.7781391494284123,0.3319468251961948,3.857196829538178,-1.3334206070963217,2.013859182235961
51.0,56.0,134.0911102294922,0.037762099704351,1.426070564158025,-3.898108845011481,-3.186091217828212,-1.0224645632741192,-0.7775067172348731,0.3886698593112921,3.860267013039024,-1.3334206070963217,2.0096202416371507
51.0,56.0,134.0911102294922,0.037762099704351,1.426070564158025,-3.898108845011481,-3.186091217828212,-1.0224703589871598,-0.7780619509736857,0.3886698593112921,3.860267013039024,-1.3334206070963217,2.0096202416371507
51.0,56.0,134.0911102294922,0.0256511795378248,1.426070564158025,-3.8965347272489743,-3.274907498550211,-1.016147203934012,-0.7784695356203775,0.3317723435098131,3.857196775116424,-1.3334206070963217,2.0161469435572963
51.0,56.0,134.0911102294922,0.0507535068383607,1.426070564158025,-3.897791542214106,-3.186091217828212,-1.023294129788644,-0.7775020149969056,0.3946203136980237,3.857226315871137,-1.3351883605455397,2.024213753198573
51.0,56.0,134.0911102294922,0.0371440830119839,1.3828830756994068,-3.890362388787736,-3.297796459453457,-1.0224702967715729,-0.7693576622973972,0.3297925236585644,3.860234288364985,-1.3333840103709396,2.0096202416371507
51.0,56.0,134.0911102294922,0.037762099704351,1.426070564158025,-3.898108845011481,-3.186091217828212,-1.0224645010585325,-0.7774885250429007,0.3944355030388385,3.860267013039024,-1.3334206070963217,2.0096202416371507
51.0,56.0,134.0911102294922,0.037762099704351,1.426070564158025,-3.898108845011481,-3.186091217828212,-1.0224702967715729,-0.7781389781386469,0.3316724502794613,3.857155190700909,-1.3334206070963217,2.0270863420424985
51.0,56.0,134.0911102294922,0.0507535068383607,1.426070564158025,-3.897791542214106,-3.186091217828212,-1.023294129788644,-0.7775020149969056,0.3946203136980237,3.857226315871137,-1.3351883605455397,2.024213753198573
51.0,56.0,134.0911102294922,0.037762099704351,1.426070564158025,-3.898108845011481,-3.201238007727376,-1.022470238920829,-0.7693720225009388,0.3919701348998183,3.860267013039024,-1.3334206070963217,2.0096202416371507
51.0,56.0,134.0911102294922,0.0370370949931954,1.426070564158025,-3.898108845011481,-3.1860002505355545,-1.016147203934012,-0.7781391494284123,0.3319468251961948,3.857196829538178,-1.3334206070963217,2.013859182235961
51.0,56.0,134.0911102294922,0.037762099704351,1.426070564158025,-3.898108845011481,-3.2920168537104715,-1.0224702967715729,-0.7780437587817134,0.3235307750790616,3.860267013039024,-1.3334206070963217,2.0096202416371507
51.0,56.0,134.0911102294922,0.037762099704351,1.426070564158025,-3.898108845011481,-3.1859586390871057,-1.0224702967715729,-0.7693720225009388,0.3205703766638105,3.860267013039024,-1.3334206070963217,2.0096202416371507
51.0,56.0,134.0911102294922,0.0371440830119839,1.4260089944953425,-3.890362388787736,-3.297796459453457,-1.0224702967715729,-0.76919653498536,0.3944378555616465,3.8602708212378,-1.3334206070963217,2.0096202416371507
51.0,56.0,134.0911102294922,0.037762099704351,1.426070564158025,-3.898108845011481,-3.186091217828212,-1.0224702967715729,-0.7780437587817134,0.3944355030388385,3.860267013039024,-1.3334206070963217,2.0096202416371507
51.0,57.0,133.57562255859375,0.0594615866135593,2.038809176886525,-4.03528262790523,-3.356320979288739,-0.9358543235211184,-0.4565040888215326,-0.4318798101427913,3.852496403119131,-2.018375989703632,2.5479852033541155
51.0,57.0,133.9453887939453,0.0379731613723353,1.426070564158025,-3.897790167357517,-3.269526302508691,-1.023294129788644,-0.7775020149969056,0.3946203136980237,3.68093246715346,-1.3351883605455397,2.0088686999204537
51.0,57.0,133.9453887939453,0.0507535068383607,1.426070564158025,-3.897792537087028,-3.1856623745221926,-1.023294129788644,-0.7700047764510582,0.3946203136980237,3.670971036360215,-1.3351883605455397,2.009623130567061
51.0,57.0,133.9453887939453,0.0371440830119839,1.38223103502508,-3.890362388787736,-3.297009975854156,-1.0224702967715729,-0.7693576622973972,0.3223107361450379,3.6998683311431178,-1.3334206070963217,2.0093227051023312
51.0,57.0,134.02615356445312,0.0371440830119839,1.3828830756994068,-3.890362388787736,-3.297796459453457,-1.0224702967715729,-0.7693576622973972,0.3944380227873374,3.860234288364985,-1.3334206070963217,2.0096202416371507
51.0,57.0,134.02615356445312,0.0374960579467293,1.3828830756994068,-3.890362388787736,-3.2941972114187514,-1.0224702967715729,-0.7684338431077755,0.3944380227873374,3.860234288364985,-1.3334206070963217,2.0096202416371507
51.0,57.0,134.02615356445312,0.0371440830119839,1.3828830756994068,-3.890362388787736,-3.297796459453457,-1.0261456221390344,-0.7693576622973972,0.3944380227873374,3.860234288364985,-1.3334206070963217,2.0096202416371507
51.0,57.0,134.02615356445312,0.0371440830119839,1.3828830756994068,-3.890362388787736,-3.297796459453457,-1.0224702967715729,-0.7693576622973972,0.3944380227873374,3.860234288364985,-1.3334206070963217,2.0096202416371507
51.0,57.0,134.02615356445312,0.0374446183894916,1.3301214804554615,-3.890362388787736,-3.297782986286194,-1.0224702967715729,-0.7683316725492361,0.3944380227873374,3.860234288364985,-1.3334206070963217,1.970543559684508
51.0,57.0,134.02615356445312,0.0371258778856422,1.3816298178917796,-3.898108845011481,-3.301473244682573,-1.0224702967715729,-0.7694842363967037,0.3944355030388385,3.860268967210544,-1.3334206070963217,2.0096202416371507
51.0,57.0,134.02615356445312,0.0371955225692216,1.3828830756994068,-3.890362388787736,-3.294210684586014,-1.0224702967715729,-0.7694598328559367,0.3944380227873374,3.860234288364985,-1.3334206070963217,2.0096202416371507
51.0,57.0,134.02615356445312,0.0371440830119839,1.3788414949079606,-3.8964832777444713,-3.296939297568992,-1.0224702967715729,-0.7783391261221635,0.3944380227873374,3.857273386370075,-1.3334206070963217,2.009622589319653
51.0,57.0,134.02615356445312,0.0374960579467293,1.3838516870553352,-3.890362388787736,-3.297219507324693,-1.0224702967715729,-0.7684338431077755,0.3944378755281334,3.860234288364985,-1.3334206070963217,2.0096202416371507
51.0,57.0,134.02615356445312,0.0371258778856422,1.3816298178917796,-3.898108845011481,-3.301473244682573,-1.0224702967715729,-0.769476475960574,0.3944355133129507,3.860268967210544,-1.3334206070963217,2.0096202416371507
51.0,57.0,134.02615356445312,0.0374960579467293,1.3838516870553352,-3.890362388787736,-3.297219507324693,-1.0224702967715729,-0.7684338431077755,0.3945065579352589,3.860234288364985,-1.3334206070963217,2.0096202416371507
51.0,57.0,134.02615356445312,0.0371440830119839,1.3828830756994068,-3.890362388787736,-3.297796459453457,-1.0224702967715729,-0.7693576622973972,0.3944380227873374,3.860234288364985,-1.3334206070963217,2.0096202416371507
51.0,57.0,134.02615356445312,0.0371440830119839,1.3788414949079606,-3.8964832777444713,-3.296939297568992,-1.0224702967715729,-0.7783391261221635,0.3944380227873374,3.857273386370075,-1.3334206070963217,2.009622589319653
51.0,57.0,134.02615356445312,0.0374960579467293,1.3828830756994068,-3.890362388787736,-3.2980211532425647,-1.0224702967715729,-0.7684013056510248,0.3944378556072362,3.860234288364985,-1.3334206070963217,2.0096202416371507
51.0,57.0,134.02615356445312,0.0371955225692216,1.3828830756994068,-3.890362388787736,-3.294210684586014,-1.0224702967715729,-0.7694598328559367,0.3944380227873374,3.860234288364985,-1.3334206070963217,2.0096202416371507
51.0,57.0,134.02615356445312,0.0371194863935126,1.381633600422708,-3.89801469653062,-3.301473244682573,-1.0224702967715729,-0.7694593150094551,0.3944379989924976,3.8602334107354905,-1.3334206070963217,2.0096202416371507
51.0,57.0,134.02615356445312,0.0374960579467293,1.3828830756994068,-3.890362388787736,-3.2941972114187514,-1.0224702967715729,-0.7684338431077755,0.3944380227873374,3.860234288364985,-1.3334206070963217,2.0096202416371507
51.0,57.0,134.02615356445312,0.0374446183894916,1.3301214804554615,-3.890362388787736,-3.3014075256597173,-1.0224702967715729,-0.7683316725492361,0.3944380227873374,3.860234288364985,-1.3334206070963217,1.970543559684508
51.0,57.0,134.02615356445312,0.0371955225692216,1.37870382661113,-3.890362388787736,-3.294210684586014,-1.0224702967715729,-0.7783961540395931,0.3944380227873374,3.860234288364985,-1.3334206070963217,2.009620125950753
51.0,57.0,134.02615356445312,0.0315427888953636,1.3828792931684788,-3.890456537268596,-3.294210684586014,-1.0224702967715729,-0.7694769938070556,0.3944355371077905,3.860269844840038,-1.3334206070963217,2.0096202416371507
51.0,57.0,134.02615356445312,0.0371440830119839,1.3788414949079606,-3.8964832777444713,-3.296939297568992,-1.0224702967715729,-0.7783391261221635,0.3944380227873374,3.857273386370075,-1.3334206070963217,2.009622589319653
51.0,57.0,134.02615356445312,0.0374960579467293,1.3838516870553352,-3.890362388787736,-3.297219507324693,-1.0224702967715729,-0.7684338431077755,0.3945065579352589,3.860234288364985,-1.3334206070963217,2.0096202416371507
51.0,57.0,134.03208923339844,0.0507535068383607,1.426070564158025,-3.897791542214106,-3.186091217828212,-1.023294129788644,-0.7775020149969056,0.3946203136980237,3.675234468025782,-1.3351883605455397,2.024213753198573
51.0,57.0,134.03208923339844,0.0507535068383607,1.426070564158025,-3.897792537087028,-3.186091217828212,-1.023294129788644,-0.7775020149969056,0.3946203136980237,3.675234468025782,-1.3351883605455397,2.008966516471612
51.0,57.0,134.03208923339844,0.037762099704351,1.426070564158025,-3.898108845011481,-3.186091217828212,-1.0224702967715729,-0.7781389781386469,0.3215065812343923,3.6899740093737554,-1.3334206070963217,2.0270863420424985
51.0,57.0,134.03208923339844,0.0377622262982861,1.3838516870553352,-4.323096091028859,-3.297219507324693,-1.0224778076259398,-0.7679122961386123,0.3946203044871968,3.860201596652749,-1.3334206070963217,2.0096202416371507
51.0,57.0,134.03646850585938,-0.0032353123690047,1.4237314376555683,-3.898108845011481,-3.185992159032323,-1.0224702967715729,-0.8814291431448172,0.3944355030388385,3.860267013039024,-1.3334206070963217,2.0096202416371507
51.0,57.0,134.03646850585938,-0.0046269593970413,1.4260408335838886,-3.898108845011481,-3.185994501469004,-1.0224702967715729,-0.8814291431448172,0.3888861863282329,3.860267013039024,-1.3334206070963217,1.972792076404764
51.0,57.0,134.03646850585938,-0.0032353123690047,1.42276282629964,-3.898108845011481,-3.182969863126381,-1.0224702967715729,-0.8814291431448172,0.3944356502980424,3.860267013039024,-1.3334206070963217,2.0096202416371507
51.0,57.0,134.03646850585938,0.037762099704351,1.4260273202976903,-3.898108845011481,-3.186091217828212,-1.0224645010585325,-0.7774885250429007,0.3944381327460356,3.762377440559217,-1.3334206070963217,2.0096202416371507
51.0,57.0,134.03646850585938,-0.0032353123690047,1.4237314376555683,-3.898108845011481,-3.185992159032323,-1.0224702967715729,-0.8814291431448172,0.3944355030388385,3.860267013039024,-1.3334206070963217,2.0096202416371507
51.0,57.0,134.0494384765625,0.2833357701612186,1.1679343072973156,-3.9043302551361263,-3.101776276515232,-0.2130461878283671,-0.7354435981451353,0.3939364397897313,3.85724544292866,-1.3334204573875144,2.258199433999791
51.0,57.0,134.0494384765625,0.2833357701612186,1.1679343072973156,-3.9043302551361263,-3.101776276515232,-0.2130461878283671,-0.7354435981451353,0.3939364397897313,3.85724544292866,-1.3334204573875144,2.258199433999791
51.0,57.0,134.09024047851562,0.2833403839635361,1.1679165203802095,-3.9043302551361263,-3.107755338203265,-0.2130461878283671,-0.7656270793264006,0.3939364397897313,3.857229989342092,-1.335057371806526,2.1976017151000686
51.0,57.0,134.09024047851562,0.3054436461171238,1.1679343072973156,-3.89805590736218,-3.1034410401241184,-0.2130461878283671,-0.7354435981451353,0.3939364397897313,3.85724544292866,-1.3334204481925302,2.232071073164669
51.0,57.0,134.09024047851562,0.3054070247821303,1.1679343072973156,-3.898115896675424,-3.104502665936644,-0.2130461878283671,-0.7354435981451353,0.3939364397897313,3.85724544292866,-1.3334204464450166,2.232071073164669
51.0,57.0,134.0911102294922,0.037762099704351,1.426070564158025,-3.898108845011481,-3.186091217828212,-1.0224702967715729,-0.7780437587817134,0.3944355030388385,3.860267013039024,-1.3334206070963217,2.0096202416371507
51.0,57.0,134.0911102294922,0.037762099704351,1.426070564158025,-3.898108845011481,-3.2920168537104715,-1.0224702967715729,-0.7780437587817134,0.3218288554731823,3.860267013039024,-1.3334206070963217,2.0096202416371507
51.0,57.0,134.0911102294922,0.037762099704351,1.426070564158025,-3.89774522961278,-3.186091217828212,-1.023294129788644,-0.7775020149969056,0.3946203136980237,3.857106833168288,-1.3334206070963217,2.0096202416371507
51.0,57.0,134.0911102294922,0.037762099704351,1.426070564158025,-3.89774522961278,-3.186091217828212,-1.023294129788644,-0.7775020149969056,0.3946203136980237,3.857106833168288,-1.3334206070963217,2.0096202416371507
51.0,57.0,134.0911102294922,0.037762099704351,1.426070564158025,-3.898108845011481,-3.186091217828212,-1.0224645717825205,-0.7775067172348731,0.3944355030388385,3.860267013039024,-1.3334206070963217,2.0096202416371507
51.0,57.0,134.0911102294922,0.037762099704351,1.426070564158025,-3.898108845011481,-3.201238007727376,-1.0224702967715729,-0.7693720225009388,0.3218288554731823,3.860267013039024,-1.3334206070963217,2.0096202416371507
51.0,57.0,134.0911102294922,0.0370370949931954,1.426070564158025,-3.898108845011481,-3.1860002505355545,-1.016147203934012,-0.7781391494284123,0.3319468251961948,3.857196829538178,-1.3334206070963217,2.013859182235961
51.0,57.0,134.0911102294922,0.037762099704351,1.426070564158025,-3.898108845011481,-3.186091217828212,-1.0224645632741192,-0.7775067172348731,0.3886698593112921,3.860267013039024,-1.3334206070963217,2.0096202416371507
51.0,57.0,134.0911102294922,0.037762099704351,1.426070564158025,-3.898108845011481,-3.186091217828212,-1.0224703589871598,-0.7780619509736857,0.3886698593112921,3.860267013039024,-1.3334206070963217,2.0096202416371507
51.0,57.0,134.0911102294922,0.0256511795378248,1.426070564158025,-3.8965347272489743,-3.274907498550211,-1.016147203934012,-0.7784695356203775,0.3317723435098131,3.857196775116424,-1.3334206070963217,2.0161469435572963
51.0,58.0,133.57562255859375,0.0594615866135593,2.038809176886525,-4.03528262790523,-3.356320979288739,-0.9358543235211184,-0.4565040888215326,-0.4318798101427913,3.852496403119131,-2.018375989703632,2.5479852033541155
51.0,58.0,133.9453887939453,0.0379731613723353,1.426070564158025,-3.897790167357517,-3.269526302508691,-1.023294129788644,-0.7775020149969056,0.3946203136980237,3.68093246715346,-1.3351883605455397,2.0088686999204537
51.0,58.0,133.9453887939453,0.0507535068383607,1.426070564158025,-3.897792537087028,-3.1856623745221926,-1.023294129788644,-0.7700047764510582,0.3946203136980237,3.670971036360215,-1.3351883605455397,2.009623130567061
51.0,58.0,133.9453887939453,0.0371440830119839,1.38223103502508,-3.890362388787736,-3.297009975854156,-1.0224702967715729,-0.7693576622973972,0.3223107361450379,3.6998683311431178,-1.3334206070963217,2.0093227051023312
51.0,58.0,133.9453887939453,0.0374312432475752,1.426070564158025,-3.897637750253816,-3.299127472074757,-1.023294129788644,-0.7769875251802016,0.3944463886637991,3.68093246715346,-1.3351883605455397,1.9698159816604173
51.0,58.0,134.02615356445312,0.0371440830119839,1.3828830756994068,-3.890362388787736,-3.297796459453457,-1.0224702967715729,-0.7693576622973972,0.3944380227873374,3.860234288364985,-1.3334206070963217,2.0096202416371507
51.0,58.0,134.02615356445312,0.0374960579467293,1.3828830756994068,-3.890362388787736,-3.2941972114187514,-1.0224702967715729,-0.7684338431077755,0.3944380227873374,3.860234288364985,-1.3334206070963217,2.0096202416371507
51.0,58.0,134.02615356445312,0.0371440830119839,1.3828830756994068,-3.890362388787736,-3.297796459453457,-1.0261456221390344,-0.7693576622973972,0.3944380227873374,3.860234288364985,-1.3334206070963217,2.0096202416371507
51.0,58.0,134.02615356445312,0.0371440830119839,1.3828830756994068,-3.890362388787736,-3.297796459453457,-1.0224702967715729,-0.7693576622973972,0.3944380227873374,3.860234288364985,-1.3334206070963217,2.0096202416371507
51.0,58.0,134.02615356445312,0.0374446183894916,1.3301214804554615,-3.890362388787736,-3.297782986286194,-1.0224702967715729,-0.7683316725492361,0.3944380227873374,3.860234288364985,-1.3334206070963217,1.970543559684508
51.0,58.0,134.02615356445312,0.0371258778856422,1.3816298178917796,-3.898108845011481,-3.301473244682573,-1.0224702967715729,-0.7694842363967037,0.3944355030388385,3.860268967210544,-1.3334206070963217,2.0096202416371507
51.0,58.0,134.02615356445312,0.0371955225692216,1.3828830756994068,-3.890362388787736,-3.294210684586014,-1.0224702967715729,-0.7694598328559367,0.3944380227873374,3.860234288364985,-1.3334206070963217,2.0096202416371507
51.0,58.0,134.02615356445312,0.0371440830119839,1.3788414949079606,-3.8964832777444713,-3.296939297568992,-1.0224702967715729,-0.7783391261221635,0.3944380227873374,3.857273386370075,-1.3334206070963217,2.009622589319653
51.0,58.0,134.02615356445312,0.0374960579467293,1.3838516870553352,-3.890362388787736,-3.297219507324693,-1.0224702967715729,-0.7684338431077755,0.3944378755281334,3.860234288364985,-1.3334206070963217,2.0096202416371507
51.0,58.0,134.02615356445312,0.0371258778856422,1.3816298178917796,-3.898108845011481,-3.301473244682573,-1.0224702967715729,-0.769476475960574,0.3944355133129507,3.860268967210544,-1.3334206070963217,2.0096202416371507
51.0,58.0,134.02615356445312,0.0374960579467293,1.3838516870553352,-3.890362388787736,-3.297219507324693,-1.0224702967715729,-0.7684338431077755,0.3945065579352589,3.860234288364985,-1.3334206070963217,2.0096202416371507
51.0,58.0,134.02615356445312,0.0371440830119839,1.3828830756994068,-3.890362388787736,-3.297796459453457,-1.0224702967715729,-0.7693576622973972,0.3944380227873374,3.860234288364985,-1.3334206070963217,2.0096202416371507
51.0,58.0,134.02615356445312,0.0371440830119839,1.3788414949079606,-3.8964832777444713,-3.296939297568992,-1.0224702967715729,-0.7783391261221635,0.3944380227873374,3.857273386370075,-1.3334206070963217,2.009622589319653
51.0,58.0,134.02615356445312,0.0374960579467293,1.3828830756994068,-3.890362388787736,-3.2980211532425647,-1.0224702967715729,-0.7684013056510248,0.3944378556072362,3.860234288364985,-1.3334206070963217,2.0096202416371507
51.0,58.0,134.02615356445312,0.0371955225692216,1.3828830756994068,-3.890362388787736,-3.294210684586014,-1.0224702967715729,-0.7694598328559367,0.3944380227873374,3.860234288364985,-1.3334206070963217,2.0096202416371507
51.0,58.0,134.02615356445312,0.0371194863935126,1.381633600422708,-3.89801469653062,-3.301473244682573,-1.0224702967715729,-0.7694593150094551,0.3944379989924976,3.8602334107354905,-1.3334206070963217,2.0096202416371507
51.0,58.0,134.02615356445312,0.0374960579467293,1.3828830756994068,-3.890362388787736,-3.2941972114187514,-1.0224702967715729,-0.7684338431077755,0.3944380227873374,3.860234288364985,-1.3334206070963217,2.0096202416371507
51.0,58.0,134.02615356445312,0.0374446183894916,1.3301214804554615,-3.890362388787736,-3.3014075256597173,-1.0224702967715729,-0.7683316725492361,0.3944380227873374,3.860234288364985,-1.3334206070963217,1.970543559684508
51.0,58.0,134.02615356445312,0.0371955225692216,1.37870382661113,-3.890362388787736,-3.294210684586014,-1.0224702967715729,-0.7783961540395931,0.3944380227873374,3.860234288364985,-1.3334206070963217,2.009620125950753
51.0,58.0,134.02615356445312,0.0315427888953636,1.3828792931684788,-3.890456537268596,-3.294210684586014,-1.0224702967715729,-0.7694769938070556,0.3944355371077905,3.860269844840038,-1.3334206070963217,2.0096202416371507
51.0,58.0,134.02615356445312,0.0371440830119839,1.3788414949079606,-3.8964832777444713,-3.296939297568992,-1.0224702967715729,-0.7783391261221635,0.3944380227873374,3.857273386370075,-1.3334206070963217,2.009622589319653
51.0,58.0,134.02615356445312,0.0374960579467293,1.3838516870553352,-3.890362388787736,-3.297219507324693,-1.0224702967715729,-0.7684338431077755,0.3945065579352589,3.860234288364985,-1.3334206070963217,2.0096202416371507
51.0,58.0,134.02615356445312,0.0315427888953636,1.3828832696912143,-3.890456537268596,-3.294196713188174,-1.0224702967715729,-0.768454425304803,0.3944355371077905,3.860266729595387,-1.3334206070963217,2.0096202416371507
51.0,58.0,134.02615356445312,0.0371194863935126,1.381633600422708,-3.89801469653062,-3.301473244682573,-1.0224702967715729,-0.7694593150094551,0.3944379989924976,3.8602334107354905,-1.3334206070963217,2.0096202416371507
51.0,58.0,134.02615356445312,0.0371227993639989,1.381627024161885,-3.9268292667071183,-3.301473244682573,-1.0224702967715729,-0.7694842363967037,0.3944355030388385,3.860268967210544,-1.3334206070963217,2.0096202416371507
51.0,58.0,134.02615356445312,0.0371440830119839,1.3828830756994068,-3.890362388787736,-3.297796459453457,-1.0224702967715729,-0.7684695295602063,0.3944380227873374,3.860234288364985,-1.3334206070963217,2.0096202416371507
51.0,58.0,134.02615356445312,0.0374960579467293,1.3828790991766713,-3.890362388787736,-3.2942111828165914,-1.0224702967715729,-0.7694564116100281,0.3944380227873374,3.860237403609636,-1.3334206070963217,2.0096202416371507
51.0,58.0,134.02615356445312,0.037198601090865,1.3828858694293016,-3.878479008144828,-3.294210684586014,-1.0224702967715729,-0.7694598328559367,0.3944380227873374,3.860234288364985,-1.3334206070963217,2.0096202416371507
51.0,58.0,134.02615356445312,0.0377268455083489,1.3828830756994068,-3.890362388787736,-3.304699566471946,-1.0224702967715729,-0.7778027887560914,0.3944378960537729,3.860234288364985,-1.3334206070963217,2.0096202416371507
51.0,58.0,134.02615356445312,0.0377626532769607,1.3837997611917794,-3.890362388787736,-3.297231867706545,-1.0224702967715729,-0.7684013056510248,0.3944378556072362,3.860236165852722,-1.3334206070963217,2.0096202416371507
51.0,58.0,134.02615356445312,0.0377420039544814,1.3788414949079606,-3.8964832777444713,-3.300572337722247,-1.0224702967715729,-0.778282243473247,0.3944381208812956,3.857273386370075,-1.3334206070963217,2.009622571038528
51.0,58.0,134.03208923339844,0.0507535068383607,1.426070564158025,-3.897791542214106,-3.186091217828212,-1.023294129788644,-0.7775020149969056,0.3946203136980237,3.675234468025782,-1.3351883605455397,2.024213753198573
51.0,58.0,134.03208923339844,0.0507535068383607,1.426070564158025,-3.897792537087028,-3.186091217828212,-1.023294129788644,-0.7775020149969056,0.3946203136980237,3.675234468025782,-1.3351883605455397,2.008966516471612
51.0,58.0,134.03208923339844,0.037762099704351,1.426070564158025,-3.898108845011481,-3.186091217828212,-1.0224702967715729,-0.7781389781386469,0.3215065812343923,3.6899740093737554,-1.3334206070963217,2.0270863420424985
51.0,58.0,134.03208923339844,0.0377622262982861,1.3838516870553352,-4.323096091028859,-3.297219507324693,-1.0224778076259398,-0.7679122961386123,0.3946203044871968,3.860201596652749,-1.3334206070963217,2.0096202416371507
51.0,58.0,134.03208923339844,0.0374956309680548,1.382935001562963,-4.323096091028859,-3.2980087928607134,-1.0224778076259398,-0.7679122961386123,0.3946203044871968,3.8601997191650113,-1.3334206070963217,2.0096202416371507
51.0,58.0,134.03646850585938,-0.0032353123690047,1.4237314376555683,-3.898108845011481,-3.185992159032323,-1.0224702967715729,-0.8814291431448172,0.3944355030388385,3.860267013039024,-1.3334206070963217,2.0096202416371507
51.0,58.0,134.03646850585938,-0.0046269593970413,1.4260408335838886,-3.898108845011481,-3.185994501469004,-1.0224702967715729,-0.8814291431448172,0.3888861863282329,3.860267013039024,-1.3334206070963217,1.972792076404764
51.0,58.0,134.03646850585938,-0.0032353123690047,1.42276282629964,-3.898108845011481,-3.182969863126381,-1.0224702967715729,-0.8814291431448172,0.3944356502980424,3.860267013039024,-1.3334206070963217,2.0096202416371507
51.0,58.0,134.03646850585938,0.037762099704351,1.4260273202976903,-3.898108845011481,-3.186091217828212,-1.0224645010585325,-0.7774885250429007,0.3944381327460356,3.762377440559217,-1.3334206070963217,2.0096202416371507
51.0,58.0,134.03646850585938,-0.0032353123690047,1.4237314376555683,-3.898108845011481,-3.185992159032323,-1.0224702967715729,-0.8814291431448172,0.3944355030388385,3.860267013039024,-1.3334206070963217,2.0096202416371507
51.0,58.0,134.03646850585938,0.0017399329877827,1.4237314376555683,-3.898108845011481,-3.1798255819937333,-1.0224702967715729,-0.8780127653801395,0.3944355030388385,3.860264900846342,-1.3334206070963217,2.0096202416371507
51.0,58.0,134.03646850585938,-0.0032353123690047,1.4237314376555683,-3.898108845011481,-3.185992159032323,-1.0224702967715729,-0.8814291431448172,0.3944355030388385,3.860267013039024,-1.3334206070963217,2.0096202416371507
51.0,58.0,134.0494384765625,0.2833357701612186,1.1679343072973156,-3.9043302551361263,-3.101776276515232,-0.2130461878283671,-0.7354435981451353,0.3939364397897313,3.85724544292866,-1.3334204573875144,2.258199433999791
51.0,58.0,134.0494384765625,0.2833357701612186,1.1679343072973156,-3.9043302551361263,-3.101776276515232,-0.2130461878283671,-0.7354435981451353,0.3939364397897313,3.85724544292866,-1.3334204573875144,2.258199433999791
51.0,59.0,133.57562255859375,0.0594615866135593,2.038809176886525,-4.03528262790523,-3.356320979288739,-0.9358543235211184,-0.4565040888215326,-0.4318798101427913,3.852496403119131,-2.018375989703632,2.5479852033541155
51.0,59.0,133.90283203125,0.0374960579467293,1.3828830756994068,-3.897473709034747,-3.2980211532425647,-1.0224702967715729,-0.529198648219739,0.3944378556072362,3.6845641091498686,-1.261884779460147,2.0096202416371507
51.0,59.0,133.9453887939453,0.0379731613723353,1.426070564158025,-3.897790167357517,-3.269526302508691,-1.023294129788644,-0.7775020149969056,0.3946203136980237,3.68093246715346,-1.3351883605455397,2.0088686999204537
51.0,59.0,133.9453887939453,0.0507535068383607,1.426070564158025,-3.897792537087028,-3.1856623745221926,-1.023294129788644,-0.7700047764510582,0.3946203136980237,3.670971036360215,-1.3351883605455397,2.009623130567061
51.0,59.0,133.9453887939453,0.0371440830119839,1.38223103502508,-3.890362388787736,-3.297009975854156,-1.0224702967715729,-0.7693576622973972,0.3223107361450379,3.6998683311431178,-1.3334206070963217,2.0093227051023312
51.0,59.0,133.9453887939453,0.0374312432475752,1.426070564158025,-3.897637750253816,-3.299127472074757,-1.023294129788644,-0.7769875251802016,0.3944463886637991,3.68093246715346,-1.3351883605455397,1.9698159816604173
51.0,59.0,133.9453887939453,0.0371274648229484,1.381297904411934,-3.897035117681286,-3.297009975854156,-1.0224702967715729,-0.7693576622973972,0.3223107361450379,3.681073618202164,-1.3334206070963217,2.0093227051023312
51.0,59.0,133.9453887939453,0.0371440830119839,1.3326631541633427,-3.890362388787736,-3.297009975854156,-1.0224702967715729,-0.7693682764917759,0.3223107361450379,3.6998683311431178,-1.3334206070963217,2.0093227051023312
51.0,59.0,133.9453887939453,0.0374478614366107,1.427003694771171,-3.890965021360265,-3.299127472074757,-1.023294129788644,-0.7769875251802016,0.3944463886637991,3.699727180094414,-1.3351883605455397,1.9698159816604173
51.0,59.0,133.98040771484375,0.0374960579467293,1.385366294972946,-3.890362388787736,-3.297219507324693,-1.0224702967715729,-0.8283437995548972,0.3944464380224087,3.671831149482788,-1.3351431441265813,1.97100833865068
51.0,59.0,134.02615356445312,0.0371440830119839,1.3828830756994068,-3.890362388787736,-3.297796459453457,-1.0224702967715729,-0.7693576622973972,0.3944380227873374,3.860234288364985,-1.3334206070963217,2.0096202416371507
51.0,59.0,134.02615356445312,0.0374960579467293,1.3828830756994068,-3.890362388787736,-3.2941972114187514,-1.0224702967715729,-0.7684338431077755,0.3944380227873374,3.860234288364985,-1.3334206070963217,2.0096202416371507
51.0,59.0,134.02615356445312,0.0371440830119839,1.3828830756994068,-3.890362388787736,-3.297796459453457,-1.0261456221390344,-0.7693576622973972,0.3944380227873374,3.860234288364985,-1.3334206070963217,2.0096202416371507
51.0,59.0,134.02615356445312,0.0371440830119839,1.3828830756994068,-3.890362388787736,-3.297796459453457,-1.0224702967715729,-0.7693576622973972,0.3944380227873374,3.860234288364985,-1.3334206070963217,2.0096202416371507
51.0,59.0,134.02615356445312,0.0374446183894916,1.3301214804554615,-3.890362388787736,-3.297782986286194,-1.0224702967715729,-0.7683316725492361,0.3944380227873374,3.860234288364985,-1.3334206070963217,1.970543559684508
51.0,59.0,134.02615356445312,0.0371258778856422,1.3816298178917796,-3.898108845011481,-3.301473244682573,-1.0224702967715729,-0.7694842363967037,0.3944355030388385,3.860268967210544,-1.3334206070963217,2.0096202416371507
51.0,59.0,134.02615356445312,0.0371955225692216,1.3828830756994068,-3.890362388787736,-3.294210684586014,-1.0224702967715729,-0.7694598328559367,0.3944380227873374,3.860234288364985,-1.3334206070963217,2.0096202416371507
51.0,59.0,134.02615356445312,0.0371440830119839,1.3788414949079606,-3.8964832777444713,-3.296939297568992,-1.0224702967715729,-0.7783391261221635,0.3944380227873374,3.857273386370075,-1.3334206070963217,2.009622589319653
51.0,59.0,134.02615356445312,0.0374960579467293,1.3838516870553352,-3.890362388787736,-3.297219507324693,-1.0224702967715729,-0.7684338431077755,0.3944378755281334,3.860234288364985,-1.3334206070963217,2.0096202416371507
51.0,59.0,134.02615356445312,0.0371258778856422,1.3816298178917796,-3.898108845011481,-3.301473244682573,-1.0224702967715729,-0.769476475960574,0.3944355133129507,3.860268967210544,-1.3334206070963217,2.0096202416371507
51.0,59.0,134.02615356445312,0.0374960579467293,1.3838516870553352,-3.890362388787736,-3.297219507324693,-1.0224702967715729,-0.7684338431077755,0.3945065579352589,3.860234288364985,-1.3334206070963217,2.0096202416371507
51.0,59.0,134.02615356445312,0.0371440830119839,1.3828830756994068,-3.890362388787736,-3.297796459453457,-1.0224702967715729,-0.7693576622973972,0.3944380227873374,3.860234288364985,-1.3334206070963217,2.0096202416371507
51.0,59.0,134.02615356445312,0.0371440830119839,1.3788414949079606,-3.8964832777444713,-3.296939297568992,-1.0224702967715729,-0.7783391261221635,0.3944380227873374,3.857273386370075,-1.3334206070963217,2.009622589319653
51.0,59.0,134.02615356445312,0.0374960579467293,1.3828830756994068,-3.890362388787736,-3.2980211532425647,-1.0224702967715729,-0.7684013056510248,0.3944378556072362,3.860234288364985,-1.3334206070963217,2.0096202416371507
51.0,59.0,134.02615356445312,0.0371955225692216,1.3828830756994068,-3.890362388787736,-3.294210684586014,-1.0224702967715729,-0.7694598328559367,0.3944380227873374,3.860234288364985,-1.3334206070963217,2.0096202416371507
51.0,59.0,134.02615356445312,0.0371194863935126,1.381633600422708,-3.89801469653062,-3.301473244682573,-1.0224702967715729,-0.7694593150094551,0.3944379989924976,3.8602334107354905,-1.3334206070963217,2.0096202416371507
51.0,59.0,134.02615356445312,0.0374960579467293,1.3828830756994068,-3.890362388787736,-3.2941972114187514,-1.0224702967715729,-0.7684338431077755,0.3944380227873374,3.860234288364985,-1.3334206070963217,2.0096202416371507
51.0,59.0,134.02615356445312,0.0374446183894916,1.3301214804554615,-3.890362388787736,-3.3014075256597173,-1.0224702967715729,-0.7683316725492361,0.3944380227873374,3.860234288364985,-1.3334206070963217,1.970543559684508
51.0,59.0,134.02615356445312,0.0371955225692216,1.37870382661113,-3.890362388787736,-3.294210684586014,-1.0224702967715729,-0.7783961540395931,0.3944380227873374,3.860234288364985,-1.3334206070963217,2.009620125950753
51.0,59.0,134.02615356445312,0.0315427888953636,1.3828792931684788,-3.890456537268596,-3.294210684586014,-1.0224702967715729,-0.7694769938070556,0.3944355371077905,3.860269844840038,-1.3334206070963217,2.0096202416371507
51.0,59.0,134.02615356445312,0.0371440830119839,1.3788414949079606,-3.8964832777444713,-3.296939297568992,-1.0224702967715729,-0.7783391261221635,0.3944380227873374,3.857273386370075,-1.3334206070963217,2.009622589319653
51.0,59.0,134.02615356445312,0.0374960579467293,1.3838516870553352,-3.890362388787736,-3.297219507324693,-1.0224702967715729,-0.7684338431077755,0.3945065579352589,3.860234288364985,-1.3334206070963217,2.0096202416371507
51.0,59.0,134.02615356445312,0.0315427888953636,1.3828832696912143,-3.890456537268596,-3.294196713188174,-1.0224702967715729,-0.768454425304803,0.3944355371077905,3.860266729595387,-1.3334206070963217,2.0096202416371507
51.0,59.0,134.02615356445312,0.0371194863935126,1.381633600422708,-3.89801469653062,-3.301473244682573,-1.0224702967715729,-0.7694593150094551,0.3944379989924976,3.8602334107354905,-1.3334206070963217,2.0096202416371507
51.0,59.0,134.02615356445312,0.0371227993639989,1.381627024161885,-3.9268292667071183,-3.301473244682573,-1.0224702967715729,-0.7694842363967037,0.3944355030388385,3.860268967210544,-1.3334206070963217,2.0096202416371507
51.0,59.0,134.02615356445312,0.0371440830119839,1.3828830756994068,-3.890362388787736,-3.297796459453457,-1.0224702967715729,-0.7684695295602063,0.3944380227873374,3.860234288364985,-1.3334206070963217,2.0096202416371507
51.0,59.0,134.02615356445312,0.0374960579467293,1.3828790991766713,-3.890362388787736,-3.2942111828165914,-1.0224702967715729,-0.7694564116100281,0.3944380227873374,3.860237403609636,-1.3334206070963217,2.0096202416371507
51.0,59.0,134.02615356445312,0.037198601090865,1.3828858694293016,-3.878479008144828,-3.294210684586014,-1.0224702967715729,-0.7694598328559367,0.3944380227873374,3.860234288364985,-1.3334206070963217,2.0096202416371507
51.0,59.0,134.02615356445312,0.0377268455083489,1.3828830756994068,-3.890362388787736,-3.304699566471946,-1.0224702967715729,-0.7778027887560914,0.3944378960537729,3.860234288364985,-1.3334206070963217,2.0096202416371507
51.0,59.0,134.02615356445312,0.0377626532769607,1.3837997611917794,-3.890362388787736,-3.297231867706545,-1.0224702967715729,-0.7684013056510248,0.3944378556072362,3.860236165852722,-1.3334206070963217,2.0096202416371507
51.0,59.0,134.02615356445312,0.0377420039544814,1.3788414949079606,-3.8964832777444713,-3.300572337722247,-1.0224702967715729,-0.778282243473247,0.3944381208812956,3.857273386370075,-1.3334206070963217,2.009622571038528
51.0,59.0,134.02615356445312,0.0315427888953636,1.3828792931684788,-3.890456537268596,-3.294210684586014,-1.0224702967715729,-0.7694728076890905,0.3944353214617422,3.860269844840038,-1.3334206070963217,2.0096202416371507
51.0,59.0,134.02615356445312,0.0371227993639989,1.3828578930679427,-3.9268292667071183,-3.301473244682573,-1.0224601633768375,-0.7694842363967037,0.3944355030388385,3.860235383167307,-1.3334206070963217,2.0096202416371507
51.0,59.0,134.02615356445312,0.0371188912313509,1.3816157367305044,-3.898212162901362,-3.294210684586014,-1.0224702967715729,-0.769459774773394,0.3944380227873374,3.860234288364985,-1.3334206070963217,2.0096202416371507
51.0,59.0,134.02615356445312,0.0371440830119839,1.3828830756994068,-3.890362388787736,-3.297815333531552,-1.0224702967715729,-0.7783112790933236,0.3944380227873374,3.859989985958249,-1.3334206070963217,2.0096225177510685
51.0,59.0,134.02615356445312,0.0371440830119839,1.3828830756994068,-3.890362388787736,-3.297796459453457,-1.0224702967715729,-0.7694606455631774,0.3944380227873374,3.860234288364985,-1.3334206070963217,2.0096202416371507
51.0,59.0,134.02615356445312,0.0377626532769607,1.3837997611917794,-3.890362388787736,-3.297213672657865,-1.0224702967715729,-0.7684336879513366,0.3944378556072362,3.860236165852722,-1.3334206070963217,2.0096202416371507
51.0,59.0,134.02615356445312,0.0375095220153752,1.3816298178917796,-3.898108845011481,-3.301473244682573,-1.0224702967715729,-0.7694842363967037,0.3945069177049969,3.860269279185231,-1.3334206070963217,2.0096202416371507
51.0,59.0,134.02615356445312,0.0371440830119839,1.3828830756994068,-3.890362388787736,-3.2980680849815065,-1.0224702967715729,-0.7684695295602063,0.3944380239881447,3.860234288364985,-1.3334206070963217,2.0096202416371507
51.0,59.0,134.02615356445312,0.037198601090865,1.3828858694293016,-3.878479008144828,-3.294210684586014,-1.0224702967715729,-0.7694640189739018,0.3944382384333857,3.860234288364985,-1.3334206070963217,2.0096202416371507
51.0,60.0,133.11622619628906,0.0374960579467293,1.3828830756994068,-3.897473709034747,-3.2980211532425647,-0.7629815834598055,-0.529198648219739,0.3944378556072362,3.6845641091498686,-1.261884779460147,2.0096202416371507
51.0,60.0,133.57562255859375,0.0594615866135593,2.038809176886525,-4.03528262790523,-3.356320979288739,-0.9358543235211184,-0.4565040888215326,-0.4318798101427913,3.852496403119131,-2.018375989703632,2.5479852033541155
51.0,60.0,133.90283203125,0.0374960579467293,1.3828830756994068,-3.897473709034747,-3.2980211532425647,-1.0224702967715729,-0.529198648219739,0.3944378556072362,3.6845641091498686,-1.261884779460147,2.0096202416371507
51.0,60.0,133.9453887939453,0.0379731613723353,1.426070564158025,-3.897790167357517,-3.269526302508691,-1.023294129788644,-0.7775020149969056,0.3946203136980237,3.68093246715346,-1.3351883605455397,2.0088686999204537
51.0,60.0,133.9453887939453,0.0507535068383607,1.426070564158025,-3.897792537087028,-3.1856623745221926,-1.023294129788644,-0.7700047764510582,0.3946203136980237,3.670971036360215,-1.3351883605455397,2.009623130567061
51.0,60.0,133.9453887939453,0.0371440830119839,1.38223103502508,-3.890362388787736,-3.297009975854156,-1.0224702967715729,-0.7693576622973972,0.3223107361450379,3.6998683311431178,-1.3334206070963217,2.0093227051023312
51.0,60.0,133.9453887939453,0.0374312432475752,1.426070564158025,-3.897637750253816,-3.299127472074757,-1.023294129788644,-0.7769875251802016,0.3944463886637991,3.68093246715346,-1.3351883605455397,1.9698159816604173
51.0,60.0,133.9453887939453,0.0371274648229484,1.381297904411934,-3.897035117681286,-3.297009975854156,-1.0224702967715729,-0.7693576622973972,0.3223107361450379,3.681073618202164,-1.3334206070963217,2.0093227051023312
51.0,60.0,133.9453887939453,0.0371440830119839,1.3326631541633427,-3.890362388787736,-3.297009975854156,-1.0224702967715729,-0.7693682764917759,0.3223107361450379,3.6998683311431178,-1.3334206070963217,2.0093227051023312
51.0,60.0,133.9453887939453,0.0374478614366107,1.427003694771171,-3.890965021360265,-3.299127472074757,-1.023294129788644,-0.7769875251802016,0.3944463886637991,3.699727180094414,-1.3351883605455397,1.9698159816604173
51.0,60.0,133.9453887939453,0.0371946419425742,1.3828858694293016,-3.897026207917465,-3.2979709143207567,-1.0224702967715729,-0.765368364012152,0.3944379074120532,3.683380073316424,-1.3334206070963217,2.0096202416371507
51.0,60.0,133.9453887939453,0.0371274648229484,1.3789851416870222,-3.897035117681286,-3.2970092594990845,-1.0224702967715729,-0.77904965080231,0.3208923415475356,3.682057371429435,-1.3334206070963217,2.009312862033384
51.0,60.0,133.9453887939453,0.0361527643333367,1.3326631541633427,-3.898081062408002,-3.297009975854156,-1.0233295497416803,-0.7700221158954881,0.3252000819891746,3.670187717432321,-1.3334206070963217,2.0093227051023312
51.0,60.0,133.9453887939453,0.0371432610137783,1.3822242970697811,-3.890362388787736,-3.297067858512506,-1.0224702967715729,-0.7694532044799622,0.3147328781460962,3.6935501011998633,-1.3334206070963217,2.0093007757983115
51.0,60.0,133.9453887939453,0.0371274648229484,1.381297904411934,-3.897035117681286,-3.297009975854156,-1.0224702967715729,-0.7693576622973972,0.3965236032142133,3.681073618202164,-1.3334206070963217,2.0093227051023312
51.0,60.0,133.9453887939453,0.0371440830119839,1.3326631541633427,-3.890362388787736,-3.297009975854156,-1.0224702967715729,-0.7693575417100676,0.3223107361450379,3.6998683311431178,-1.3334206070963217,2.0093227051023312
51.0,60.0,133.9453887939453,0.0374478614366107,1.4259899429818936,-3.890965021360265,-3.299127472074757,-1.022477692913654,-0.7768398497341851,0.3944384183887223,3.699727180094414,-1.3351883605455397,1.9700969717477963
51.0,60.0,133.96063232421875,0.0374960579467293,1.385366294972946,-3.928261305673971,-3.297219507324693,-1.0224702967715729,-0.7700880599318554,0.3944464380224087,3.671831149482788,-1.416533438292739,1.972194878312916
51.0,60.0,133.98040771484375,0.0374960579467293,1.385366294972946,-3.890362388787736,-3.297219507324693,-1.0224702967715729,-0.8283437995548972,0.3944464380224087,3.671831149482788,-1.3351431441265813,1.97100833865068
51.0,60.0,134.02615356445312,0.0371440830119839,1.3828830756994068,-3.890362388787736,-3.297796459453457,-1.0224702967715729,-0.7693576622973972,0.3944380227873374,3.860234288364985,-1.3334206070963217,2.0096202416371507
51.0,60.0,134.02615356445312,0.0374960579467293,1.3828830756994068,-3.890362388787736,-3.2941972114187514,-1.0224702967715729,-0.7684338431077755,0.3944380227873374,3.860234288364985,-1.3334206070963217,2.0096202416371507
51.0,60.0,134.02615356445312,0.0371440830119839,1.3828830756994068,-3.890362388787736,-3.297796459453457,-1.0261456221390344,-0.7693576622973972,0.3944380227873374,3.860234288364985,-1.3334206070963217,2.0096202416371507
51.0,60.0,134.02615356445312,0.0371440830119839,1.3828830756994068,-3.890362388787736,-3.297796459453457,-1.0224702967715729,-0.7693576622973972,0.3944380227873374,3.860234288364985,-1.3334206070963217,2.0096202416371507
51.0,60.0,134.02615356445312,0.0374446183894916,1.3301214804554615,-3.890362388787736,-3.297782986286194,-1.0224702967715729,-0.7683316725492361,0.3944380227873374,3.860234288364985,-1.3334206070963217,1.970543559684508
51.0,60.0,134.02615356445312,0.0371258778856422,1.3816298178917796,-3.898108845011481,-3.301473244682573,-1.0224702967715729,-0.7694842363967037,0.3944355030388385,3.860268967210544,-1.3334206070963217,2.0096202416371507
51.0,60.0,134.02615356445312,0.0371955225692216,1.3828830756994068,-3.890362388787736,-3.294210684586014,-1.0224702967715729,-0.7694598328559367,0.3944380227873374,3.860234288364985,-1.3334206070963217,2.0096202416371507
51.0,60.0,134.02615356445312,0.0371440830119839,1.3788414949079606,-3.8964832777444713,-3.296939297568992,-1.0224702967715729,-0.7783391261221635,0.3944380227873374,3.857273386370075,-1.3334206070963217,2.009622589319653
51.0,60.0,134.02615356445312,0.0374960579467293,1.3838516870553352,-3.890362388787736,-3.297219507324693,-1.0224702967715729,-0.7684338431077755,0.3944378755281334,3.860234288364985,-1.3334206070963217,2.0096202416371507
51.0,60.0,134.02615356445312,0.0371258778856422,1.3816298178917796,-3.898108845011481,-3.301473244682573,-1.0224702967715729,-0.769476475960574,0.3944355133129507,3.860268967210544,-1.3334206070963217,2.0096202416371507
51.0,60.0,134.02615356445312,0.0374960579467293,1.3838516870553352,-3.890362388787736,-3.297219507324693,-1.0224702967715729,-0.7684338431077755,0.3945065579352589,3.860234288364985,-1.3334206070963217,2.0096202416371507
51.0,60.0,134.02615356445312,0.0371440830119839,1.3828830756994068,-3.890362388787736,-3.297796459453457,-1.0224702967715729,-0.7693576622973972,0.3944380227873374,3.860234288364985,-1.3334206070963217,2.0096202416371507
51.0,60.0,134.02615356445312,0.0371440830119839,1.3788414949079606,-3.8964832777444713,-3.296939297568992,-1.0224702967715729,-0.7783391261221635,0.3944380227873374,3.857273386370075,-1.3334206070963217,2.009622589319653
51.0,60.0,134.02615356445312,0.0374960579467293,1.3828830756994068,-3.890362388787736,-3.2980211532425647,-1.0224702967715729,-0.7684013056510248,0.3944378556072362,3.860234288364985,-1.3334206070963217,2.0096202416371507
51.0,60.0,134.02615356445312,0.0371955225692216,1.3828830756994068,-3.890362388787736,-3.294210684586014,-1.0224702967715729,-0.7694598328559367,0.3944380227873374,3.860234288364985,-1.3334206070963217,2.0096202416371507
51.0,60.0,134.02615356445312,0.0371194863935126,1.381633600422708,-3.89801469653062,-3.301473244682573,-1.0224702967715729,-0.7694593150094551,0.3944379989924976,3.8602334107354905,-1.3334206070963217,2.0096202416371507
51.0,60.0,134.02615356445312,0.0374960579467293,1.3828830756994068,-3.890362388787736,-3.2941972114187514,-1.0224702967715729,-0.7684338431077755,0.3944380227873374,3.860234288364985,-1.3334206070963217,2.0096202416371507
51.0,60.0,134.02615356445312,0.0374446183894916,1.3301214804554615,-3.890362388787736,-3.3014075256597173,-1.0224702967715729,-0.7683316725492361,0.3944380227873374,3.860234288364985,-1.3334206070963217,1.970543559684508
51.0,60.0,134.02615356445312,0.0371955225692216,1.37870382661113,-3.890362388787736,-3.294210684586014,-1.0224702967715729,-0.7783961540395931,0.3944380227873374,3.860234288364985,-1.3334206070963217,2.009620125950753
51.0,60.0,134.02615356445312,0.0315427888953636,1.3828792931684788,-3.890456537268596,-3.294210684586014,-1.0224702967715729,-0.7694769938070556,0.3944355371077905,3.860269844840038,-1.3334206070963217,2.0096202416371507
51.0,60.0,134.02615356445312,0.0371440830119839,1.3788414949079606,-3.8964832777444713,-3.296939297568992,-1.0224702967715729,-0.7783391261221635,0.3944380227873374,3.857273386370075,-1.3334206070963217,2.009622589319653
51.0,60.0,134.02615356445312,0.0374960579467293,1.3838516870553352,-3.890362388787736,-3.297219507324693,-1.0224702967715729,-0.7684338431077755,0.3945065579352589,3.860234288364985,-1.3334206070963217,2.0096202416371507
51.0,60.0,134.02615356445312,0.0315427888953636,1.3828832696912143,-3.890456537268596,-3.294196713188174,-1.0224702967715729,-0.768454425304803,0.3944355371077905,3.860266729595387,-1.3334206070963217,2.0096202416371507
51.0,60.0,134.02615356445312,0.0371194863935126,1.381633600422708,-3.89801469653062,-3.301473244682573,-1.0224702967715729,-0.7694593150094551,0.3944379989924976,3.8602334107354905,-1.3334206070963217,2.0096202416371507
51.0,60.0,134.02615356445312,0.0371227993639989,1.381627024161885,-3.9268292667071183,-3.301473244682573,-1.0224702967715729,-0.7694842363967037,0.3944355030388385,3.860268967210544,-1.3334206070963217,2.0096202416371507
51.0,60.0,134.02615356445312,0.0371440830119839,1.3828830756994068,-3.890362388787736,-3.297796459453457,-1.0224702967715729,-0.7684695295602063,0.3944380227873374,3.860234288364985,-1.3334206070963217,2.0096202416371507
51.0,60.0,134.02615356445312,0.0374960579467293,1.3828790991766713,-3.890362388787736,-3.2942111828165914,-1.0224702967715729,-0.7694564116100281,0.3944380227873374,3.860237403609636,-1.3334206070963217,2.0096202416371507
51.0,60.0,134.02615356445312,0.037198601090865,1.3828858694293016,-3.878479008144828,-3.294210684586014,-1.0224702967715729,-0.7694598328559367,0.3944380227873374,3.860234288364985,-1.3334206070963217,2.0096202416371507
51.0,60.0,134.02615356445312,0.0377268455083489,1.3828830756994068,-3.890362388787736,-3.304699566471946,-1.0224702967715729,-0.7778027887560914,0.3944378960537729,3.860234288364985,-1.3334206070963217,2.0096202416371507
51.0,60.0,134.02615356445312,0.0377626532769607,1.3837997611917794,-3.890362388787736,-3.297231867706545,-1.0224702967715729,-0.7684013056510248,0.3944378556072362,3.860236165852722,-1.3334206070963217,2.0096202416371507
51.0,60.0,134.02615356445312,0.0377420039544814,1.3788414949079606,-3.8964832777444713,-3.300572337722247,-1.0224702967715729,-0.778282243473247,0.3944381208812956,3.857273386370075,-1.3334206070963217,2.009622571038528
51.0,61.0,133.11622619628906,0.0374960579467293,1.3828830756994068,-3.897473709034747,-3.2980211532425647,-0.7629815834598055,-0.529198648219739,0.3944378556072362,3.6845641091498686,-1.261884779460147,2.0096202416371507
51.0,61.0,133.57562255859375,0.0594615866135593,2.038809176886525,-4.03528262790523,-3.356320979288739,-0.9358543235211184,-0.4565040888215326,-0.4318798101427913,3.852496403119131,-2.018375989703632,2.5479852033541155
51.0,61.0,133.57562255859375,0.0594615866135593,2.055109238183103,-4.039144445251457,-3.3599636150501047,-0.9358543235211184,-0.4523599464682303,-0.4318798101427913,3.8599036985307698,-2.018375989703632,2.5479852033541155
51.0,61.0,133.90283203125,0.0374960579467293,1.3828830756994068,-3.897473709034747,-3.2980211532425647,-1.0224702967715729,-0.529198648219739,0.3944378556072362,3.6845641091498686,-1.261884779460147,2.0096202416371507
51.0,61.0,133.90283203125,0.0374960579467293,1.3828830756994068,-3.897473709034747,-3.294233859647169,-1.0425639727082134,-0.5473446872105165,0.3944355855756153,3.6845641091498686,-1.261884779460147,2.0096202416371507
51.0,61.0,133.928955078125,0.0371198406073054,1.3828830756994068,-3.897049009372284,-3.296961516247632,-1.0224702967715729,-0.5368641099066612,0.3224217195935519,3.6845641091498686,-1.335971730229608,2.0096202416371507
51.0,61.0,133.9453887939453,0.0379731613723353,1.426070564158025,-3.897790167357517,-3.269526302508691,-1.023294129788644,-0.7775020149969056,0.3946203136980237,3.68093246715346,-1.3351883605455397,2.0088686999204537
51.0,61.0,133.9453887939453,0.0507535068383607,1.426070564158025,-3.897792537087028,-3.1856623745221926,-1.023294129788644,-0.7700047764510582,0.3946203136980237,3.670971036360215,-1.3351883605455397,2.009623130567061
51.0,61.0,133.9453887939453,0.0371440830119839,1.38223103502508,-3.890362388787736,-3.297009975854156,-1.0224702967715729,-0.7693576622973972,0.3223107361450379,3.6998683311431178,-1.3334206070963217,2.0093227051023312
51.0,61.0,133.9453887939453,0.0374312432475752,1.426070564158025,-3.897637750253816,-3.299127472074757,-1.023294129788644,-0.7769875251802016,0.3944463886637991,3.68093246715346,-1.3351883605455397,1.9698159816604173
51.0,61.0,133.9453887939453,0.0371274648229484,1.381297904411934,-3.897035117681286,-3.297009975854156,-1.0224702967715729,-0.7693576622973972,0.3223107361450379,3.681073618202164,-1.3334206070963217,2.0093227051023312
51.0,61.0,133.9453887939453,0.0371440830119839,1.3326631541633427,-3.890362388787736,-3.297009975854156,-1.0224702967715729,-0.7693682764917759,0.3223107361450379,3.6998683311431178,-1.3334206070963217,2.0093227051023312
51.0,61.0,133.9453887939453,0.0374478614366107,1.427003694771171,-3.890965021360265,-3.299127472074757,-1.023294129788644,-0.7769875251802016,0.3944463886637991,3.699727180094414,-1.3351883605455397,1.9698159816604173
51.0,61.0,133.9453887939453,0.0371946419425742,1.3828858694293016,-3.897026207917465,-3.2979709143207567,-1.0224702967715729,-0.765368364012152,0.3944379074120532,3.683380073316424,-1.3334206070963217,2.0096202416371507
51.0,61.0,133.9453887939453,0.0371274648229484,1.3789851416870222,-3.897035117681286,-3.2970092594990845,-1.0224702967715729,-0.77904965080231,0.3208923415475356,3.682057371429435,-1.3334206070963217,2.009312862033384
51.0,61.0,133.9453887939453,0.0361527643333367,1.3326631541633427,-3.898081062408002,-3.297009975854156,-1.0233295497416803,-0.7700221158954881,0.3252000819891746,3.670187717432321,-1.3334206070963217,2.0093227051023312
51.0,61.0,133.9453887939453,0.0371432610137783,1.3822242970697811,-3.890362388787736,-3.297067858512506,-1.0224702967715729,-0.7694532044799622,0.3147328781460962,3.6935501011998633,-1.3334206070963217,2.0093007757983115
51.0,61.0,133.9453887939453,0.0371274648229484,1.381297904411934,-3.897035117681286,-3.297009975854156,-1.0224702967715729,-0.7693576622973972,0.3965236032142133,3.681073618202164,-1.3334206070963217,2.0093227051023312
51.0,61.0,133.9453887939453,0.0371440830119839,1.3326631541633427,-3.890362388787736,-3.297009975854156,-1.0224702967715729,-0.7693575417100676,0.3223107361450379,3.6998683311431178,-1.3334206070963217,2.0093227051023312
51.0,61.0,133.9453887939453,0.0374478614366107,1.4259899429818936,-3.890965021360265,-3.299127472074757,-1.022477692913654,-0.7768398497341851,0.3944384183887223,3.699727180094414,-1.3351883605455397,1.9700969717477963
51.0,61.0,133.9453887939453,0.0374312432475752,1.4097705028614476,-3.8937759329075874,-3.295484836313392,-1.023294129788644,-0.7811316675335039,0.3944463886637991,3.735738561487216,-1.3351883605455397,1.9698159816604173
51.0,61.0,133.9453887939453,0.0371440830119839,1.3896253968734362,-3.898544739812787,-3.297009975854156,-1.0224702967715729,-0.7693576622973972,0.3176839429441745,3.6998683311431178,-1.3334206070963217,2.009329048346069
51.0,61.0,133.9453887939453,0.0374466633246996,1.3864385109572632,-3.8909500563041775,-3.2113953619534827,-1.022477643425706,-0.7772049186501274,0.3944380050648249,3.699727180094414,-1.3351619856459638,1.9700969717477963
51.0,61.0,133.9453887939453,0.0361527643333367,1.3326631541633427,-3.898081062408002,-3.297009975854156,-1.0233295497416803,-0.7700221158954881,0.3252000819891746,3.670187717432321,-1.3334206070963217,2.0093227051023312
51.0,61.0,133.9453887939453,0.0374048883878236,1.426070564158025,-3.897637750253816,-3.300652711820129,-1.023294129788644,-0.7769875251802016,0.3944499893411398,3.68093246715346,-1.3351883605455397,1.9699853822981848
51.0,61.0,133.9453887939453,0.0371432610137783,1.3822242970697811,-3.890362388787736,-3.297067858512506,-1.0224702967715729,-0.7700084706203918,0.3947690463710661,3.6935501011998633,-1.3334206070963217,2.0093007757983115
51.0,61.0,133.9453887939453,0.0374503788859897,1.427003694771171,-3.890965021360265,-3.2970570070983807,-1.023294129788644,-0.7769875251802016,0.3970586541558021,3.699727180094414,-1.333386471224524,1.9698159816604173
51.0,61.0,133.9453887939453,0.0375060831095597,1.3828858694293016,-3.897026207917465,-3.2979709143207567,-1.0224702967715729,-0.765368364012152,0.4011329106137294,3.683380073316424,-1.3334206070963217,2.0096202416371507
51.0,61.0,133.9453887939453,0.0361527643333367,1.3326631541633427,-3.8905577910094,-3.297009975854156,-1.0233295497416803,-0.7700221158954881,0.3252000819891746,3.665543289372146,-1.3334206070963217,2.0096608012600607
51.0,61.0,133.9453887939453,0.0371278018559383,1.38123338897486,-3.897035176178653,-3.232622733584212,-1.0224702967715729,-0.765368364012152,0.3944326912292281,3.683380073316424,-1.3334206070963217,2.009331851776893
51.0,61.0,133.9453887939453,0.0371274648229484,1.382786695046267,-3.897455122710191,-3.297009975854156,-1.0224702967715729,-0.7698503828831931,0.3212143583100678,3.684642104287737,-1.333251508937511,2.0096266836042704
51.0,61.0,133.96063232421875,0.0374960579467293,1.385366294972946,-3.928261305673971,-3.297219507324693,-1.0224702967715729,-0.7700880599318554,0.3944464380224087,3.671831149482788,-1.416533438292739,1.972194878312916
51.0,61.0,133.96063232421875,0.0379731613723353,1.426070564158025,-3.897790167357517,-3.269526302508691,-1.023294129788644,-0.5913161509863172,0.3946203136980237,3.68093246715346,-1.3351883605455397,2.0088686999204537
51.0,61.0,133.96063232421875,0.0374446183894916,1.3331492990980258,-4.073021726591126,-3.297782986286194,-1.0224702967715729,-0.7684043324765404,0.3944380227873374,3.860234288364985,-1.3334206070963217,1.9731629561699
51.0,61.0,133.96063232421875,0.0374946983027834,1.3838516870553352,-3.788944553901929,-3.297219507324693,-1.0224702967715729,-0.7684626197180787,0.3926492253357095,3.6969222886978814,-1.3334206070963217,2.0096202416371507
51.0,61.0,133.98040771484375,0.0374960579467293,1.385366294972946,-3.890362388787736,-3.297219507324693,-1.0224702967715729,-0.8283437995548972,0.3944464380224087,3.671831149482788,-1.3351431441265813,1.97100833865068
51.0,61.0,133.98040771484375,0.0371943049095843,1.3829503848663756,-3.970327943325195,-3.297009975854156,-1.0224702967715729,-0.7693576622973972,0.3965288193970384,3.681073618202164,-1.3334206070963217,2.009611094962589
51.0,61.0,133.98040771484375,0.0379995162320868,1.4935829982490576,-3.897790167357517,-3.26800106276332,-1.023294129788644,-0.7775020149969056,0.3946167130206831,3.68093246715346,-1.3351883605455397,1.9185203077647783
51.0,61.0,133.98040771484375,0.0374960579467293,1.385366294972946,-3.963324429634637,-3.2970563007579083,-1.0224702967715729,-0.8284359142662503,0.3944464380224087,3.666505442608028,-1.3333456143072555,1.971059336075187
51.0,61.0,134.02615356445312,0.0371440830119839,1.3828830756994068,-3.890362388787736,-3.297796459453457,-1.0224702967715729,-0.7693576622973972,0.3944380227873374,3.860234288364985,-1.3334206070963217,2.0096202416371507
51.0,61.0,134.02615356445312,0.0374960579467293,1.3828830756994068,-3.890362388787736,-3.2941972114187514,-1.0224702967715729,-0.7684338431077755,0.3944380227873374,3.860234288364985,-1.3334206070963217,2.0096202416371507
51.0,61.0,134.02615356445312,0.0371440830119839,1.3828830756994068,-3.890362388787736,-3.297796459453457,-1.0261456221390344,-0.7693576622973972,0.3944380227873374,3.860234288364985,-1.3334206070963217,2.0096202416371507
51.0,61.0,134.02615356445312,0.0371440830119839,1.3828830756994068,-3.890362388787736,-3.297796459453457,-1.0224702967715729,-0.7693576622973972,0.3944380227873374,3.860234288364985,-1.3334206070963217,2.0096202416371507
51.0,61.0,134.02615356445312,0.0374446183894916,1.3301214804554615,-3.890362388787736,-3.297782986286194,-1.0224702967715729,-0.7683316725492361,0.3944380227873374,3.860234288364985,-1.3334206070963217,1.970543559684508
51.0,61.0,134.02615356445312,0.0371258778856422,1.3816298178917796,-3.898108845011481,-3.301473244682573,-1.0224702967715729,-0.7694842363967037,0.3944355030388385,3.860268967210544,-1.3334206070963217,2.0096202416371507
51.0,61.0,134.02615356445312,0.0371955225692216,1.3828830756994068,-3.890362388787736,-3.294210684586014,-1.0224702967715729,-0.7694598328559367,0.3944380227873374,3.860234288364985,-1.3334206070963217,2.0096202416371507
51.0,61.0,134.02615356445312,0.0371440830119839,1.3788414949079606,-3.8964832777444713,-3.296939297568992,-1.0224702967715729,-0.7783391261221635,0.3944380227873374,3.857273386370075,-1.3334206070963217,2.009622589319653
51.0,61.0,134.02615356445312,0.0374960579467293,1.3838516870553352,-3.890362388787736,-3.297219507324693,-1.0224702967715729,-0.7684338431077755,0.3944378755281334,3.860234288364985,-1.3334206070963217,2.0096202416371507
51.0,61.0,134.02615356445312,0.0371258778856422,1.3816298178917796,-3.898108845011481,-3.301473244682573,-1.0224702967715729,-0.769476475960574,0.3944355133129507,3.860268967210544,-1.3334206070963217,2.0096202416371507
51.0,61.0,134.02615356445312,0.0374960579467293,1.3838516870553352,-3.890362388787736,-3.297219507324693,-1.0224702967715729,-0.7684338431077755,0.3945065579352589,3.860234288364985,-1.3334206070963217,2.0096202416371507
51.0,62.0,133.11622619628906,0.0374960579467293,1.3828830756994068,-3.897473709034747,-3.2980211532425647,-0.7629815834598055,-0.529198648219739,0.3944378556072362,3.6845641091498686,-1.261884779460147,2.0096202416371507
51.0,62.0,133.57562255859375,0.0594615866135593,2.038809176886525,-4.03528262790523,-3.356320979288739,-0.9358543235211184,-0.4565040888215326,-0.4318798101427913,3.852496403119131,-2.018375989703632,2.5479852033541155
51.0,62.0,133.57562255859375,0.0594615866135593,2.055109238183103,-4.039144445251457,-3.3599636150501047,-0.9358543235211184,-0.4523599464682303,-0.4318798101427913,3.8599036985307698,-2.018375989703632,2.5479852033541155
51.0,62.0,133.57562255859375,0.0594615866135593,2.038809176886525,-4.03528262790523,-3.356320979288739,-0.9358543235211184,-0.4565040888215326,-0.4318798101427913,3.852496403119131,-2.018375989703632,2.5479852033541155
51.0,62.0,133.62911987304688,0.0371943049095843,2.043062536110938,-3.970327943325195,-3.297009975854156,-0.9392614083197997,-0.4490586846138126,-0.0513425825869907,3.681073618202164,-1.3353235370010164,2.544442799002992
51.0,62.0,133.90283203125,0.0374960579467293,1.3828830756994068,-3.897473709034747,-3.2980211532425647,-1.0224702967715729,-0.529198648219739,0.3944378556072362,3.6845641091498686,-1.261884779460147,2.0096202416371507
51.0,62.0,133.90283203125,0.0374960579467293,1.3828830756994068,-3.897473709034747,-3.294233859647169,-1.0425639727082134,-0.5473446872105165,0.3944355855756153,3.6845641091498686,-1.261884779460147,2.0096202416371507
51.0,62.0,133.90283203125,0.0374960579467293,1.3828830756994068,-3.897473709034747,-3.2979009891439954,-1.1308665119343797,-0.5608337496477627,0.394437777825605,3.6845641091498686,-1.261884779460147,2.0096202416371507
51.0,62.0,133.90283203125,0.0374738474342092,1.3326631541633427,-3.898081062408002,-3.297009975854156,-1.0233295497416803,-0.5292296645377397,0.3252000819891746,3.6823956456628752,-1.262498801987937,2.009602474035691
51.0,62.0,133.928955078125,0.0371198406073054,1.3828830756994068,-3.897049009372284,-3.296961516247632,-1.0224702967715729,-0.5368641099066612,0.3224217195935519,3.6845641091498686,-1.335971730229608,2.0096202416371507
51.0,62.0,133.928955078125,0.0374965834475386,1.3828830756994068,-3.8909840914103286,-3.2980211532425647,-1.0225065262294983,-0.5169702890080805,0.3944378556072362,3.6992787667161,-1.2616687055215554,2.0096202416371507
51.0,62.0,133.928955078125,0.0371946419425742,1.3828563659719872,-3.897026207917465,-3.2969158138184165,-1.0224702967715729,-0.5687349580555618,0.3944379074120532,3.6835199444535207,-1.3334206070963217,2.009615359250684
51.0,62.0,133.9453887939453,0.0379731613723353,1.426070564158025,-3.897790167357517,-3.269526302508691,-1.023294129788644,-0.7775020149969056,0.3946203136980237,3.68093246715346,-1.3351883605455397,2.0088686999204537
51.0,62.0,133.9453887939453,0.0507535068383607,1.426070564158025,-3.897792537087028,-3.1856623745221926,-1.023294129788644,-0.7700047764510582,0.3946203136980237,3.670971036360215,-1.3351883605455397,2.009623130567061
51.0,62.0,133.9453887939453,0.0371440830119839,1.38223103502508,-3.890362388787736,-3.297009975854156,-1.0224702967715729,-0.7693576622973972,0.3223107361450379,3.6998683311431178,-1.3334206070963217,2.0093227051023312
51.0,62.0,133.9453887939453,0.0374312432475752,1.426070564158025,-3.897637750253816,-3.299127472074757,-1.023294129788644,-0.7769875251802016,0.3944463886637991,3.68093246715346,-1.3351883605455397,1.9698159816604173
51.0,62.0,133.9453887939453,0.0371274648229484,1.381297904411934,-3.897035117681286,-3.297009975854156,-1.0224702967715729,-0.7693576622973972,0.3223107361450379,3.681073618202164,-1.3334206070963217,2.0093227051023312
51.0,62.0,133.9453887939453,0.0371440830119839,1.3326631541633427,-3.890362388787736,-3.297009975854156,-1.0224702967715729,-0.7693682764917759,0.3223107361450379,3.6998683311431178,-1.3334206070963217,2.0093227051023312
51.0,62.0,133.9453887939453,0.0374478614366107,1.427003694771171,-3.890965021360265,-3.299127472074757,-1.023294129788644,-0.7769875251802016,0.3944463886637991,3.699727180094414,-1.3351883605455397,1.9698159816604173
51.0,62.0,133.9453887939453,0.0371946419425742,1.3828858694293016,-3.897026207917465,-3.2979709143207567,-1.0224702967715729,-0.765368364012152,0.3944379074120532,3.683380073316424,-1.3334206070963217,2.0096202416371507
51.0,62.0,133.9453887939453,0.0371274648229484,1.3789851416870222,-3.897035117681286,-3.2970092594990845,-1.0224702967715729,-0.77904965080231,0.3208923415475356,3.682057371429435,-1.3334206070963217,2.009312862033384
51.0,62.0,133.9453887939453,0.0361527643333367,1.3326631541633427,-3.898081062408002,-3.297009975854156,-1.0233295497416803,-0.7700221158954881,0.3252000819891746,3.670187717432321,-1.3334206070963217,2.0093227051023312
51.0,62.0,133.9453887939453,0.0371432610137783,1.3822242970697811,-3.890362388787736,-3.297067858512506,-1.0224702967715729,-0.7694532044799622,0.3147328781460962,3.6935501011998633,-1.3334206070963217,2.0093007757983115
51.0,62.0,133.9453887939453,0.0371274648229484,1.381297904411934,-3.897035117681286,-3.297009975854156,-1.0224702967715729,-0.7693576622973972,0.3965236032142133,3.681073618202164,-1.3334206070963217,2.0093227051023312
51.0,62.0,133.9453887939453,0.0371440830119839,1.3326631541633427,-3.890362388787736,-3.297009975854156,-1.0224702967715729,-0.7693575417100676,0.3223107361450379,3.6998683311431178,-1.3334206070963217,2.0093227051023312
51.0,62.0,133.9453887939453,0.0374478614366107,1.4259899429818936,-3.890965021360265,-3.299127472074757,-1.022477692913654,-0.7768398497341851,0.3944384183887223,3.699727180094414,-1.3351883605455397,1.9700969717477963
51.0,62.0,133.9453887939453,0.0374312432475752,1.4097705028614476,-3.8937759329075874,-3.295484836313392,-1.023294129788644,-0.7811316675335039,0.3944463886637991,3.735738561487216,-1.3351883605455397,1.9698159816604173
51.0,62.0,133.9453887939453,0.0371440830119839,1.3896253968734362,-3.898544739812787,-3.297009975854156,-1.0224702967715729,-0.7693576622973972,0.3176839429441745,3.6998683311431178,-1.3334206070963217,2.009329048346069
51.0,62.0,133.9453887939453,0.0374466633246996,1.3864385109572632,-3.8909500563041775,-3.2113953619534827,-1.022477643425706,-0.7772049186501274,0.3944380050648249,3.699727180094414,-1.3351619856459638,1.9700969717477963
51.0,62.0,133.9453887939453,0.0361527643333367,1.3326631541633427,-3.898081062408002,-3.297009975854156,-1.0233295497416803,-0.7700221158954881,0.3252000819891746,3.670187717432321,-1.3334206070963217,2.0093227051023312
51.0,62.0,133.9453887939453,0.0374048883878236,1.426070564158025,-3.897637750253816,-3.300652711820129,-1.023294129788644,-0.7769875251802016,0.3944499893411398,3.68093246715346,-1.3351883605455397,1.9699853822981848
51.0,62.0,133.9453887939453,0.0371432610137783,1.3822242970697811,-3.890362388787736,-3.297067858512506,-1.0224702967715729,-0.7700084706203918,0.3947690463710661,3.6935501011998633,-1.3334206070963217,2.0093007757983115
51.0,62.0,133.9453887939453,0.0374503788859897,1.427003694771171,-3.890965021360265,-3.2970570070983807,-1.023294129788644,-0.7769875251802016,0.3970586541558021,3.699727180094414,-1.333386471224524,1.9698159816604173
51.0,62.0,133.9453887939453,0.0375060831095597,1.3828858694293016,-3.897026207917465,-3.2979709143207567,-1.0224702967715729,-0.765368364012152,0.4011329106137294,3.683380073316424,-1.3334206070963217,2.0096202416371507
51.0,62.0,133.9453887939453,0.0361527643333367,1.3326631541633427,-3.8905577910094,-3.297009975854156,-1.0233295497416803,-0.7700221158954881,0.3252000819891746,3.665543289372146,-1.3334206070963217,2.0096608012600607
51.0,62.0,133.9453887939453,0.0371278018559383,1.38123338897486,-3.897035176178653,-3.232622733584212,-1.0224702967715729,-0.765368364012152,0.3944326912292281,3.683380073316424,-1.3334206070963217,2.009331851776893
51.0,62.0,133.9453887939453,0.0371274648229484,1.382786695046267,-3.897455122710191,-3.297009975854156,-1.0224702967715729,-0.7698503828831931,0.3212143583100678,3.684642104287737,-1.333251508937511,2.0096266836042704
51.0,62.0,133.9453887939453,0.0371274648229484,1.3789851416870222,-3.897060399602057,-3.269117657812396,-1.0224702967715729,-0.7821563267656271,0.4000019863729105,3.682057371429435,-1.333391462970808,2.0088616532097405
51.0,62.0,133.9453887939453,0.0379731613723353,1.426070564158025,-3.897790167357517,-3.297655306496797,-1.0233036363135783,-0.7669475818117563,0.3944346360636365,3.68093246715346,-1.3300399539089334,2.0088686999204537
51.0,62.0,133.9453887939453,0.0371274648229484,1.381297904411934,-3.897035117681286,-3.297009975854156,-1.0224702967715729,-0.7693576622973972,0.3223107361450379,3.681073618202164,-1.3334206070963217,2.0093227051023312
51.0,62.0,133.9453887939453,0.0371271042900578,1.382480549393842,-3.890362388787736,-3.297009975854156,-1.0224702967715729,-0.7693682764917759,0.3223107361450379,3.6998683311431178,-1.3334206070963217,2.0093227051023312
51.0,62.0,133.9453887939453,0.0371274648229484,1.3813274078692483,-3.897035117681286,-3.2980650763564965,-1.0224702967715729,-0.7691855886681143,0.3223107361450379,3.680933747065066,-1.3334206070963217,2.0093275874887984
51.0,62.0,133.9453887939453,0.0374312432475752,1.426070564158025,-3.8977726904953527,-3.2914965758323254,-1.023294129788644,-0.7769875251802016,0.3944463886637991,3.68093246715346,-1.3351883605455397,1.9698159816604173
51.0,62.0,133.9453887939453,0.0371432616026185,1.3869314940105886,-3.890362388787736,-3.2970675473164777,-1.0224702967715729,-0.7694531485635517,0.3223107361450379,3.6998683311431178,-1.3334206070963217,2.0093277613455065
51.0,62.0,133.9453887939453,0.0375121011835428,1.3838502628672182,-3.897026207917465,-3.29717541467515,-1.0224702967715729,-0.7652846795916454,0.2478447897870395,3.697264972315567,-1.3334206070963217,2.0096202416371507
51.0,62.0,133.9453887939453,0.0371432610137783,1.3822242970697811,-3.8903381391867065,-3.2991149046756467,-1.0224702967715729,-0.7694532044799622,0.3959193797459576,3.679823985415364,-1.3351734913076587,2.0093007757983115
51.0,62.0,133.9453887939453,0.0374422953804892,1.3861977622284147,-3.883257228721176,-3.2113953619534827,-1.022477643425706,-0.7772049186501274,0.3966634931647919,3.6993930402446553,-1.3334180969454614,2.0105826220440943
51.0,62.0,133.9453887939453,0.0374312432475752,1.4097705028614476,-3.89364099266605,-3.29548099271905,-1.023294129788644,-0.7811316675335039,0.3944463886637991,3.735738561487216,-1.3351883605455397,1.9698159816604173
51.0,62.0,133.9453887939453,0.0371440824231437,1.3279559572225352,-3.890362388787736,-3.297010287050184,-1.0224702967715729,-0.7693683324081863,0.3147328781460962,3.6935501011998633,-1.3334206070963217,2.009295719555136
51.0,62.0,133.9453887939453,0.0371278018559383,1.38123338897486,-3.897035176178653,-3.230027633130337,-1.0224702967715729,-0.765368364012152,0.3984219029556752,3.683380073316424,-1.3334206070963217,2.0093313049999
51.0,63.0,133.11622619628906,0.0374960579467293,1.3828830756994068,-3.897473709034747,-3.2980211532425647,-0.7629815834598055,-0.529198648219739,0.3944378556072362,3.6845641091498686,-1.261884779460147,2.0096202416371507
51.0,63.0,133.57562255859375,0.0594615866135593,2.038809176886525,-4.03528262790523,-3.356320979288739,-0.9358543235211184,-0.4565040888215326,-0.4318798101427913,3.852496403119131,-2.018375989703632,2.5479852033541155
51.0,63.0,133.57562255859375,0.0594615866135593,2.055109238183103,-4.039144445251457,-3.3599636150501047,-0.9358543235211184,-0.4523599464682303,-0.4318798101427913,3.8599036985307698,-2.018375989703632,2.5479852033541155
51.0,63.0,133.57562255859375,0.0594615866135593,2.038809176886525,-4.03528262790523,-3.356320979288739,-0.9358543235211184,-0.4565040888215326,-0.4318798101427913,3.852496403119131,-2.018375989703632,2.5479852033541155
51.0,63.0,133.62911987304688,0.0371943049095843,2.043062536110938,-3.970327943325195,-3.297009975854156,-0.9392614083197997,-0.4490586846138126,-0.0513425825869907,3.681073618202164,-1.3353235370010164,2.544442799002992
51.0,63.0,133.62911987304688,0.0583556666080982,2.043062536110938,-3.970327943325195,-3.297009975854156,-0.935864301546958,-0.4493729000515064,-0.0259126472292532,3.681073618202164,-1.31953445838831,2.5482762462146504
51.0,63.0,133.90283203125,0.0374960579467293,1.3828830756994068,-3.897473709034747,-3.2980211532425647,-1.0224702967715729,-0.529198648219739,0.3944378556072362,3.6845641091498686,-1.261884779460147,2.0096202416371507
51.0,63.0,133.90283203125,0.0374960579467293,1.3828830756994068,-3.897473709034747,-3.294233859647169,-1.0425639727082134,-0.5473446872105165,0.3944355855756153,3.6845641091498686,-1.261884779460147,2.0096202416371507
51.0,63.0,133.90283203125,0.0374960579467293,1.3828830756994068,-3.897473709034747,-3.2979009891439954,-1.1308665119343797,-0.5608337496477627,0.394437777825605,3.6845641091498686,-1.261884779460147,2.0096202416371507
51.0,63.0,133.90283203125,0.0374738474342092,1.3326631541633427,-3.898081062408002,-3.297009975854156,-1.0233295497416803,-0.5292296645377397,0.3252000819891746,3.6823956456628752,-1.262498801987937,2.009602474035691
51.0,63.0,133.90283203125,0.0374960579467293,1.3828830756994068,-3.897044662875443,-3.294275785167791,-1.0425639727082134,-0.5473082219329871,0.3954660343982833,3.6845641091498686,-1.261884779460147,2.0096202416371507
51.0,63.0,133.90283203125,0.0371372306364526,1.3827758543548092,-3.897461409718797,-3.297009975854156,-1.042295424493485,-0.5434422229914017,0.3160200044054723,3.681073618202164,-1.2623390534641894,2.0093227051023312
51.0,63.0,133.911865234375,0.0392306750940903,2.038809176886525,-4.03528262790523,-3.356320979288739,-1.0254122053893453,-0.4926884223529265,-0.4318798101427913,3.852496403119131,-1.9926396220260485,2.5479852033541155
51.0,63.0,133.928955078125,0.0371198406073054,1.3828830756994068,-3.897049009372284,-3.296961516247632,-1.0224702967715729,-0.5368641099066612,0.3224217195935519,3.6845641091498686,-1.335971730229608,2.0096202416371507
51.0,63.0,133.928955078125,0.0374965834475386,1.3828830756994068,-3.8909840914103286,-3.2980211532425647,-1.0225065262294983,-0.5169702890080805,0.3944378556072362,3.6992787667161,-1.2616687055215554,2.0096202416371507
51.0,63.0,133.928955078125,0.0371946419425742,1.3828563659719872,-3.897026207917465,-3.2969158138184165,-1.0224702967715729,-0.5687349580555618,0.3944379074120532,3.6835199444535207,-1.3334206070963217,2.009615359250684
51.0,63.0,133.928955078125,0.0371938103579909,1.3828503919063997,-3.890433700930788,-3.296915579954267,-1.0224702967715729,-0.5761815528642349,0.3944379074120532,3.699932123893399,-1.3334206070963217,2.0096081275549857
51.0,63.0,133.928955078125,0.0374965764402446,1.3828830756994068,-3.8910593876996415,-3.2980210096395544,-1.0225065262294983,-0.5169702890080805,0.3944378556072362,3.699403822368083,-1.2616687055215554,2.0096202416371507
51.0,63.0,133.928955078125,0.0371198406073054,1.3828830756994068,-3.897478055531588,-3.296919590727009,-1.0224702967715729,-0.5369005751841908,0.321391270770884,3.6845641091498686,-1.3125423259255151,2.0096202416371507
51.0,63.0,133.928955078125,0.0374955318088698,1.4094846631083275,-3.893785878416968,-3.295492282593756,-1.0224702967715729,-0.529198648219739,0.3944463235347418,3.736882254281488,-1.261884779460147,2.019929711671005
51.0,63.0,133.9453887939453,0.0379731613723353,1.426070564158025,-3.897790167357517,-3.269526302508691,-1.023294129788644,-0.7775020149969056,0.3946203136980237,3.68093246715346,-1.3351883605455397,2.0088686999204537
51.0,63.0,133.9453887939453,0.0507535068383607,1.426070564158025,-3.897792537087028,-3.1856623745221926,-1.023294129788644,-0.7700047764510582,0.3946203136980237,3.670971036360215,-1.3351883605455397,2.009623130567061
51.0,63.0,133.9453887939453,0.0371440830119839,1.38223103502508,-3.890362388787736,-3.297009975854156,-1.0224702967715729,-0.7693576622973972,0.3223107361450379,3.6998683311431178,-1.3334206070963217,2.0093227051023312
51.0,63.0,133.9453887939453,0.0374312432475752,1.426070564158025,-3.897637750253816,-3.299127472074757,-1.023294129788644,-0.7769875251802016,0.3944463886637991,3.68093246715346,-1.3351883605455397,1.9698159816604173
51.0,63.0,133.9453887939453,0.0371274648229484,1.381297904411934,-3.897035117681286,-3.297009975854156,-1.0224702967715729,-0.7693576622973972,0.3223107361450379,3.681073618202164,-1.3334206070963217,2.0093227051023312
51.0,63.0,133.9453887939453,0.0371440830119839,1.3326631541633427,-3.890362388787736,-3.297009975854156,-1.0224702967715729,-0.7693682764917759,0.3223107361450379,3.6998683311431178,-1.3334206070963217,2.0093227051023312
51.0,63.0,133.9453887939453,0.0374478614366107,1.427003694771171,-3.890965021360265,-3.299127472074757,-1.023294129788644,-0.7769875251802016,0.3944463886637991,3.699727180094414,-1.3351883605455397,1.9698159816604173
51.0,63.0,133.9453887939453,0.0371946419425742,1.3828858694293016,-3.897026207917465,-3.2979709143207567,-1.0224702967715729,-0.765368364012152,0.3944379074120532,3.683380073316424,-1.3334206070963217,2.0096202416371507
51.0,63.0,133.9453887939453,0.0371274648229484,1.3789851416870222,-3.897035117681286,-3.2970092594990845,-1.0224702967715729,-0.77904965080231,0.3208923415475356,3.682057371429435,-1.3334206070963217,2.009312862033384
51.0,63.0,133.9453887939453,0.0361527643333367,1.3326631541633427,-3.898081062408002,-3.297009975854156,-1.0233295497416803,-0.7700221158954881,0.3252000819891746,3.670187717432321,-1.3334206070963217,2.0093227051023312
51.0,63.0,133.9453887939453,0.0371432610137783,1.3822242970697811,-3.890362388787736,-3.297067858512506,-1.0224702967715729,-0.7694532044799622,0.3147328781460962,3.6935501011998633,-1.3334206070963217,2.0093007757983115
51.0,63.0,133.9453887939453,0.0371274648229484,1.381297904411934,-3.897035117681286,-3.297009975854156,-1.0224702967715729,-0.7693576622973972,0.3965236032142133,3.681073618202164,-1.3334206070963217,2.0093227051023312
51.0,63.0,133.9453887939453,0.0371440830119839,1.3326631541633427,-3.890362388787736,-3.297009975854156,-1.0224702967715729,-0.7693575417100676,0.3223107361450379,3.6998683311431178,-1.3334206070963217,2.0093227051023312
51.0,63.0,133.9453887939453,0.0374478614366107,1.4259899429818936,-3.890965021360265,-3.299127472074757,-1.022477692913654,-0.7768398497341851,0.3944384183887223,3.699727180094414,-1.3351883605455397,1.9700969717477963
51.0,63.0,133.9453887939453,0.0374312432475752,1.4097705028614476,-3.8937759329075874,-3.295484836313392,-1.023294129788644,-0.7811316675335039,0.3944463886637991,3.735738561487216,-1.3351883605455397,1.9698159816604173
51.0,63.0,133.9453887939453,0.0371440830119839,1.3896253968734362,-3.898544739812787,-3.297009975854156,-1.0224702967715729,-0.7693576622973972,0.3176839429441745,3.6998683311431178,-1.3334206070963217,2.009329048346069
51.0,63.0,133.9453887939453,0.0374466633246996,1.3864385109572632,-3.8909500563041775,-3.2113953619534827,-1.022477643425706,-0.7772049186501274,0.3944380050648249,3.699727180094414,-1.3351619856459638,1.9700969717477963
51.0,63.0,133.9453887939453,0.0361527643333367,1.3326631541633427,-3.898081062408002,-3.297009975854156,-1.0233295497416803,-0.7700221158954881,0.3252000819891746,3.670187717432321,-1.3334206070963217,2.0093227051023312
51.0,63.0,133.9453887939453,0.0374048883878236,1.426070564158025,-3.897637750253816,-3.300652711820129,-1.023294129788644,-0.7769875251802016,0.3944499893411398,3.68093246715346,-1.3351883605455397,1.9699853822981848
51.0,63.0,133.9453887939453,0.0371432610137783,1.3822242970697811,-3.890362388787736,-3.297067858512506,-1.0224702967715729,-0.7700084706203918,0.3947690463710661,3.6935501011998633,-1.3334206070963217,2.0093007757983115
51.0,63.0,133.9453887939453,0.0374503788859897,1.427003694771171,-3.890965021360265,-3.2970570070983807,-1.023294129788644,-0.7769875251802016,0.3970586541558021,3.699727180094414,-1.333386471224524,1.9698159816604173
51.0,63.0,133.9453887939453,0.0375060831095597,1.3828858694293016,-3.897026207917465,-3.2979709143207567,-1.0224702967715729,-0.765368364012152,0.4011329106137294,3.683380073316424,-1.3334206070963217,2.0096202416371507
51.0,63.0,133.9453887939453,0.0361527643333367,1.3326631541633427,-3.8905577910094,-3.297009975854156,-1.0233295497416803,-0.7700221158954881,0.3252000819891746,3.665543289372146,-1.3334206070963217,2.0096608012600607
51.0,63.0,133.9453887939453,0.0371278018559383,1.38123338897486,-3.897035176178653,-3.232622733584212,-1.0224702967715729,-0.765368364012152,0.3944326912292281,3.683380073316424,-1.3334206070963217,2.009331851776893
51.0,63.0,133.9453887939453,0.0371274648229484,1.382786695046267,-3.897455122710191,-3.297009975854156,-1.0224702967715729,-0.7698503828831931,0.3212143583100678,3.684642104287737,-1.333251508937511,2.0096266836042704
51.0,63.0,133.9453887939453,0.0371274648229484,1.3789851416870222,-3.897060399602057,-3.269117657812396,-1.0224702967715729,-0.7821563267656271,0.4000019863729105,3.682057371429435,-1.333391462970808,2.0088616532097405
51.0,63.0,133.9453887939453,0.0379731613723353,1.426070564158025,-3.897790167357517,-3.297655306496797,-1.0233036363135783,-0.7669475818117563,0.3944346360636365,3.68093246715346,-1.3300399539089334,2.0088686999204537
51.0,63.0,133.9453887939453,0.0371274648229484,1.381297904411934,-3.897035117681286,-3.297009975854156,-1.0224702967715729,-0.7693576622973972,0.3223107361450379,3.681073618202164,-1.3334206070963217,2.0093227051023312
51.0,63.0,133.9453887939453,0.0371271042900578,1.382480549393842,-3.890362388787736,-3.297009975854156,-1.0224702967715729,-0.7693682764917759,0.3223107361450379,3.6998683311431178,-1.3334206070963217,2.0093227051023312
51.0,63.0,133.9453887939453,0.0371274648229484,1.3813274078692483,-3.897035117681286,-3.2980650763564965,-1.0224702967715729,-0.7691855886681143,0.3223107361450379,3.680933747065066,-1.3334206070963217,2.0093275874887984
51.0,64.0,133.11622619628906,0.0374960579467293,1.3828830756994068,-3.897473709034747,-3.2980211532425647,-0.7629815834598055,-0.529198648219739,0.3944378556072362,3.6845641091498686,-1.261884779460147,2.0096202416371507
51.0,64.0,133.2908477783203,0.0371384193669161,1.4742737388548892,-3.897461409718797,-3.2970225196185634,-0.5265275240966532,-0.5434422229914017,0.3160200044054723,3.681073618202164,-1.2858115078387748,2.009642346054397
51.0,64.0,133.45127868652344,0.0594615866135593,2.229117468236713,-3.969767915245322,-3.296623058771043,-0.9358541491080254,-0.4493848472199235,-0.4318798101427913,3.852496403119131,-2.018375989703632,2.5479852033541155
51.0,64.0,133.47161865234375,0.058339959603047,2.043062536110938,-4.049442439986411,-3.297009975854156,-0.9358540453881652,-0.4492256478444329,-0.0259126472292532,3.861478568464407,-1.31953445838831,2.5482762462146504
51.0,64.0,133.57562255859375,0.0594615866135593,2.038809176886525,-4.03528262790523,-3.356320979288739,-0.9358543235211184,-0.4565040888215326,-0.4318798101427913,3.852496403119131,-2.018375989703632,2.5479852033541155
51.0,64.0,133.57562255859375,0.0594615866135593,2.055109238183103,-4.039144445251457,-3.3599636150501047,-0.9358543235211184,-0.4523599464682303,-0.4318798101427913,3.8599036985307698,-2.018375989703632,2.5479852033541155
51.0,64.0,133.57562255859375,0.0594615866135593,2.038809176886525,-4.03528262790523,-3.356320979288739,-0.9358543235211184,-0.4565040888215326,-0.4318798101427913,3.852496403119131,-2.018375989703632,2.5479852033541155
51.0,64.0,133.62911987304688,0.0371943049095843,2.043062536110938,-3.970327943325195,-3.297009975854156,-0.9392614083197997,-0.4490586846138126,-0.0513425825869907,3.681073618202164,-1.3353235370010164,2.544442799002992
51.0,64.0,133.62911987304688,0.0583556666080982,2.043062536110938,-3.970327943325195,-3.297009975854156,-0.935864301546958,-0.4493729000515064,-0.0259126472292532,3.681073618202164,-1.31953445838831,2.5482762462146504
51.0,64.0,133.73951721191406,0.0583556666080982,2.0389007069129947,-4.0358426559851015,-3.356707896371852,-1.0531602416325925,-0.4564921416531156,-0.0259126472292532,3.681073618202164,-1.31953445838831,2.5482762462146504
51.0,64.0,133.90283203125,0.0374960579467293,1.3828830756994068,-3.897473709034747,-3.2980211532425647,-1.0224702967715729,-0.529198648219739,0.3944378556072362,3.6845641091498686,-1.261884779460147,2.0096202416371507
51.0,64.0,133.90283203125,0.0374960579467293,1.3828830756994068,-3.897473709034747,-3.294233859647169,-1.0425639727082134,-0.5473446872105165,0.3944355855756153,3.6845641091498686,-1.261884779460147,2.0096202416371507
51.0,64.0,133.90283203125,0.0374960579467293,1.3828830756994068,-3.897473709034747,-3.2979009891439954,-1.1308665119343797,-0.5608337496477627,0.394437777825605,3.6845641091498686,-1.261884779460147,2.0096202416371507
51.0,64.0,133.90283203125,0.0374738474342092,1.3326631541633427,-3.898081062408002,-3.297009975854156,-1.0233295497416803,-0.5292296645377397,0.3252000819891746,3.6823956456628752,-1.262498801987937,2.009602474035691
51.0,64.0,133.90283203125,0.0374960579467293,1.3828830756994068,-3.897044662875443,-3.294275785167791,-1.0425639727082134,-0.5473082219329871,0.3954660343982833,3.6845641091498686,-1.261884779460147,2.0096202416371507
51.0,64.0,133.90283203125,0.0371372306364526,1.3827758543548092,-3.897461409718797,-3.297009975854156,-1.042295424493485,-0.5434422229914017,0.3160200044054723,3.681073618202164,-1.2623390534641894,2.0093227051023312
51.0,64.0,133.90283203125,0.0361365636657065,1.3272410684988918,-3.8980760907148633,-3.297861975237568,-1.127277250853368,-0.7700221158954881,0.3252000819891746,3.670187717432321,-1.3334206070963217,2.00927789284514
51.0,64.0,133.90283203125,0.0374729608947187,1.3326631541633427,-3.898280067475641,-3.297009975854156,-1.023361477267576,-0.5292296645377397,0.3259062648362663,3.682530142872765,-1.262499567731869,2.009602474035691
51.0,64.0,133.90283203125,0.0374948692162658,1.3828827906552266,-3.897473709034747,-3.297888445379588,-1.1308665119343797,-0.5608337496477627,0.394437777825605,3.6845641091498686,-1.261887969780258,2.0093006006850853
51.0,64.0,133.90283203125,0.0361300378121521,1.3299914911103896,-3.897473709034747,-3.294233859647169,-1.041992879878837,-0.5473446872105165,0.3944355855756153,3.6659222284674287,-1.261884779460147,2.0096170792923203
51.0,64.0,133.90283203125,0.0371198406073054,1.3828852245713528,-3.8974614429448327,-3.296919590727009,-1.0227385125121875,-0.5369005751841908,0.321391270770884,3.6845641091498686,-1.2595115552741487,2.0096202416371507
51.0,64.0,133.90283203125,0.0375122586143595,1.3883051613638575,-3.897478680727888,-3.2970489897605835,-1.0269188108226917,-0.5608337496477627,0.394437777825605,3.6845641091498686,-1.261884779460147,2.009665053894343
51.0,64.0,133.911865234375,0.0392306750940903,2.038809176886525,-4.03528262790523,-3.356320979288739,-1.0254122053893453,-0.4926884223529265,-0.4318798101427913,3.852496403119131,-1.9926396220260485,2.5479852033541155
51.0,64.0,133.911865234375,0.0593652506787192,2.038809176886525,-4.03528262790523,-3.356320979288739,-1.0254122053893453,-0.4926884223529265,-0.4318798101427913,3.852496403119131,-1.9926396220260485,2.5479852033541155
51.0,64.0,133.928955078125,0.0371198406073054,1.3828830756994068,-3.897049009372284,-3.296961516247632,-1.0224702967715729,-0.5368641099066612,0.3224217195935519,3.6845641091498686,-1.335971730229608,2.0096202416371507
51.0,64.0,133.928955078125,0.0374965834475386,1.3828830756994068,-3.8909840914103286,-3.2980211532425647,-1.0225065262294983,-0.5169702890080805,0.3944378556072362,3.6992787667161,-1.2616687055215554,2.0096202416371507
51.0,64.0,133.928955078125,0.0371946419425742,1.3828563659719872,-3.897026207917465,-3.2969158138184165,-1.0224702967715729,-0.5687349580555618,0.3944379074120532,3.6835199444535207,-1.3334206070963217,2.009615359250684
51.0,64.0,133.928955078125,0.0371938103579909,1.3828503919063997,-3.890433700930788,-3.296915579954267,-1.0224702967715729,-0.5761815528642349,0.3944379074120532,3.699932123893399,-1.3334206070963217,2.0096081275549857
51.0,64.0,133.928955078125,0.0374965764402446,1.3828830756994068,-3.8910593876996415,-3.2980210096395544,-1.0225065262294983,-0.5169702890080805,0.3944378556072362,3.699403822368083,-1.2616687055215554,2.0096202416371507
51.0,64.0,133.928955078125,0.0371198406073054,1.3828830756994068,-3.897478055531588,-3.296919590727009,-1.0224702967715729,-0.5369005751841908,0.321391270770884,3.6845641091498686,-1.3125423259255151,2.0096202416371507
51.0,64.0,133.928955078125,0.0374955318088698,1.4094846631083275,-3.893785878416968,-3.295492282593756,-1.0224702967715729,-0.529198648219739,0.3944463235347418,3.736882254281488,-1.261884779460147,2.019929711671005
51.0,64.0,133.928955078125,0.0374985026324057,1.3828854862669524,-3.897026207917465,-3.2969158138184165,-1.0224702967715729,-0.5702325116437287,0.3944782172986062,3.6835199444535207,-1.3334206070963217,2.009615359250684
51.0,64.0,133.9453887939453,0.0379731613723353,1.426070564158025,-3.897790167357517,-3.269526302508691,-1.023294129788644,-0.7775020149969056,0.3946203136980237,3.68093246715346,-1.3351883605455397,2.0088686999204537
51.0,64.0,133.9453887939453,0.0507535068383607,1.426070564158025,-3.897792537087028,-3.1856623745221926,-1.023294129788644,-0.7700047764510582,0.3946203136980237,3.670971036360215,-1.3351883605455397,2.009623130567061
51.0,64.0,133.9453887939453,0.0371440830119839,1.38223103502508,-3.890362388787736,-3.297009975854156,-1.0224702967715729,-0.7693576622973972,0.3223107361450379,3.6998683311431178,-1.3334206070963217,2.0093227051023312
51.0,64.0,133.9453887939453,0.0374312432475752,1.426070564158025,-3.897637750253816,-3.299127472074757,-1.023294129788644,-0.7769875251802016,0.3944463886637991,3.68093246715346,-1.3351883605455397,1.9698159816604173
51.0,64.0,133.9453887939453,0.0371274648229484,1.381297904411934,-3.897035117681286,-3.297009975854156,-1.0224702967715729,-0.7693576622973972,0.3223107361450379,3.681073618202164,-1.3334206070963217,2.0093227051023312
51.0,64.0,133.9453887939453,0.0371440830119839,1.3326631541633427,-3.890362388787736,-3.297009975854156,-1.0224702967715729,-0.7693682764917759,0.3223107361450379,3.6998683311431178,-1.3334206070963217,2.0093227051023312
51.0,64.0,133.9453887939453,0.0374478614366107,1.427003694771171,-3.890965021360265,-3.299127472074757,-1.023294129788644,-0.7769875251802016,0.3944463886637991,3.699727180094414,-1.3351883605455397,1.9698159816604173
51.0,64.0,133.9453887939453,0.0371946419425742,1.3828858694293016,-3.897026207917465,-3.2979709143207567,-1.0224702967715729,-0.765368364012152,0.3944379074120532,3.683380073316424,-1.3334206070963217,2.0096202416371507
51.0,64.0,133.9453887939453,0.0371274648229484,1.3789851416870222,-3.897035117681286,-3.2970092594990845,-1.0224702967715729,-0.77904965080231,0.3208923415475356,3.682057371429435,-1.3334206070963217,2.009312862033384
51.0,64.0,133.9453887939453,0.0361527643333367,1.3326631541633427,-3.898081062408002,-3.297009975854156,-1.0233295497416803,-0.7700221158954881,0.3252000819891746,3.670187717432321,-1.3334206070963217,2.0093227051023312
51.0,64.0,133.9453887939453,0.0371432610137783,1.3822242970697811,-3.890362388787736,-3.297067858512506,-1.0224702967715729,-0.7694532044799622,0.3147328781460962,3.6935501011998633,-1.3334206070963217,2.0093007757983115
51.0,64.0,133.9453887939453,0.0371274648229484,1.381297904411934,-3.897035117681286,-3.297009975854156,-1.0224702967715729,-0.7693576622973972,0.3965236032142133,3.681073618202164,-1.3334206070963217,2.0093227051023312
51.0,64.0,133.9453887939453,0.0371440830119839,1.3326631541633427,-3.890362388787736,-3.297009975854156,-1.0224702967715729,-0.7693575417100676,0.3223107361450379,3.6998683311431178,-1.3334206070963217,2.0093227051023312
51.0,64.0,133.9453887939453,0.0374478614366107,1.4259899429818936,-3.890965021360265,-3.299127472074757,-1.022477692913654,-0.7768398497341851,0.3944384183887223,3.699727180094414,-1.3351883605455397,1.9700969717477963
51.0,64.0,133.9453887939453,0.0374312432475752,1.4097705028614476,-3.8937759329075874,-3.295484836313392,-1.023294129788644,-0.7811316675335039,0.3944463886637991,3.735738561487216,-1.3351883605455397,1.9698159816604173
51.0,64.0,133.9453887939453,0.0371440830119839,1.3896253968734362,-3.898544739812787,-3.297009975854156,-1.0224702967715729,-0.7693576622973972,0.3176839429441745,3.6998683311431178,-1.3334206070963217,2.009329048346069
51.0,64.0,133.9453887939453,0.0374466633246996,1.3864385109572632,-3.8909500563041775,-3.2113953619534827,-1.022477643425706,-0.7772049186501274,0.3944380050648249,3.699727180094414,-1.3351619856459638,1.9700969717477963
51.0,64.0,133.9453887939453,0.0361527643333367,1.3326631541633427,-3.898081062408002,-3.297009975854156,-1.0233295497416803,-0.7700221158954881,0.3252000819891746,3.670187717432321,-1.3334206070963217,2.0093227051023312
51.0,65.0,133.11622619628906,0.0374960579467293,1.3828830756994068,-3.897473709034747,-3.2980211532425647,-0.7629815834598055,-0.529198648219739,0.3944378556072362,3.6845641091498686,-1.261884779460147,2.0096202416371507
51.0,65.0,133.2908477783203,0.0371384193669161,1.4742737388548892,-3.897461409718797,-3.2970225196185634,-0.5265275240966532,-0.5434422229914017,0.3160200044054723,3.681073618202164,-1.2858115078387748,2.009642346054397
51.0,65.0,133.42892456054688,0.0371384298615641,1.4830324122597172,-3.897461409718797,-3.2970103143184946,-0.5290887853479127,-0.5434422229914017,0.3160200044054723,3.681073618202164,-1.2623390534641894,2.0093227051023312
51.0,65.0,133.45127868652344,0.0594615866135593,2.229117468236713,-3.969767915245322,-3.296623058771043,-0.9358541491080254,-0.4493848472199235,-0.4318798101427913,3.852496403119131,-2.018375989703632,2.5479852033541155
51.0,65.0,133.47161865234375,0.058339959603047,2.043062536110938,-4.049442439986411,-3.297009975854156,-0.9358540453881652,-0.4492256478444329,-0.0259126472292532,3.861478568464407,-1.31953445838831,2.5482762462146504
51.0,65.0,133.47161865234375,0.0594388609753389,2.226270885104748,-4.04258571222675,-3.296627659983385,-0.9358540453881652,-0.4493973069225285,-0.0259126472292532,3.861478568464407,-1.362253327031219,2.5482762462146504
51.0,65.0,133.57562255859375,0.0594615866135593,2.038809176886525,-4.03528262790523,-3.356320979288739,-0.9358543235211184,-0.4565040888215326,-0.4318798101427913,3.852496403119131,-2.018375989703632,2.5479852033541155
51.0,65.0,133.57562255859375,0.0594615866135593,2.055109238183103,-4.039144445251457,-3.3599636150501047,-0.9358543235211184,-0.4523599464682303,-0.4318798101427913,3.8599036985307698,-2.018375989703632,2.5479852033541155
51.0,65.0,133.57562255859375,0.0594615866135593,2.038809176886525,-4.03528262790523,-3.356320979288739,-0.9358543235211184,-0.4565040888215326,-0.4318798101427913,3.852496403119131,-2.018375989703632,2.5479852033541155
51.0,65.0,133.57562255859375,0.059798212653042,2.038809176886525,-4.03528262790523,-3.356320979288739,-0.9307021488169545,-0.4565040888215326,-0.4318798101427913,3.852496403119131,-2.018375989703632,2.5479852033541155
51.0,65.0,133.57562255859375,0.0594615866135593,2.038809176886525,-4.03528262790523,-3.356320979288739,-0.9358543235211184,-0.4565040888215326,-0.4318798101427913,3.852496403119131,-2.018375989703632,2.5479852033541155
51.0,65.0,133.62911987304688,0.0371943049095843,2.043062536110938,-3.970327943325195,-3.297009975854156,-0.9392614083197997,-0.4490586846138126,-0.0513425825869907,3.681073618202164,-1.3353235370010164,2.544442799002992
51.0,65.0,133.62911987304688,0.0583556666080982,2.043062536110938,-3.970327943325195,-3.297009975854156,-0.935864301546958,-0.4493729000515064,-0.0259126472292532,3.681073618202164,-1.31953445838831,2.5482762462146504
51.0,65.0,133.73951721191406,0.0583556666080982,2.0389007069129947,-4.0358426559851015,-3.356707896371852,-1.0531602416325925,-0.4564921416531156,-0.0259126472292532,3.681073618202164,-1.31953445838831,2.5482762462146504
51.0,65.0,133.80120849609375,0.0594615866135593,2.0369063477108336,-3.970304122278967,-3.296623058771043,-0.9358541491080254,-0.4493848472199235,-0.0492243511374499,3.6785861514929454,-1.324355132496957,2.5444894826690034
51.0,65.0,133.8062286376953,0.0388940490546076,2.038809176886525,-4.03528262790523,-3.6542841195039006,-1.0305643800935091,-0.5904957284330807,-0.4318798101427913,3.852496403119131,-1.9926396220260485,2.5479852033541155
51.0,65.0,133.90283203125,0.0374960579467293,1.3828830756994068,-3.897473709034747,-3.2980211532425647,-1.0224702967715729,-0.529198648219739,0.3944378556072362,3.6845641091498686,-1.261884779460147,2.0096202416371507
51.0,65.0,133.90283203125,0.0374960579467293,1.3828830756994068,-3.897473709034747,-3.294233859647169,-1.0425639727082134,-0.5473446872105165,0.3944355855756153,3.6845641091498686,-1.261884779460147,2.0096202416371507
51.0,65.0,133.90283203125,0.0374960579467293,1.3828830756994068,-3.897473709034747,-3.2979009891439954,-1.1308665119343797,-0.5608337496477627,0.394437777825605,3.6845641091498686,-1.261884779460147,2.0096202416371507
51.0,65.0,133.90283203125,0.0374738474342092,1.3326631541633427,-3.898081062408002,-3.297009975854156,-1.0233295497416803,-0.5292296645377397,0.3252000819891746,3.6823956456628752,-1.262498801987937,2.009602474035691
51.0,65.0,133.90283203125,0.0374960579467293,1.3828830756994068,-3.897044662875443,-3.294275785167791,-1.0425639727082134,-0.5473082219329871,0.3954660343982833,3.6845641091498686,-1.261884779460147,2.0096202416371507
51.0,65.0,133.90283203125,0.0371372306364526,1.3827758543548092,-3.897461409718797,-3.297009975854156,-1.042295424493485,-0.5434422229914017,0.3160200044054723,3.681073618202164,-1.2623390534641894,2.0093227051023312
51.0,65.0,133.90283203125,0.0361365636657065,1.3272410684988918,-3.8980760907148633,-3.297861975237568,-1.127277250853368,-0.7700221158954881,0.3252000819891746,3.670187717432321,-1.3334206070963217,2.00927789284514
51.0,65.0,133.90283203125,0.0374729608947187,1.3326631541633427,-3.898280067475641,-3.297009975854156,-1.023361477267576,-0.5292296645377397,0.3259062648362663,3.682530142872765,-1.262499567731869,2.009602474035691
51.0,65.0,133.90283203125,0.0374948692162658,1.3828827906552266,-3.897473709034747,-3.297888445379588,-1.1308665119343797,-0.5608337496477627,0.394437777825605,3.6845641091498686,-1.261887969780258,2.0093006006850853
51.0,65.0,133.90283203125,0.0361300378121521,1.3299914911103896,-3.897473709034747,-3.294233859647169,-1.041992879878837,-0.5473446872105165,0.3944355855756153,3.6659222284674287,-1.261884779460147,2.0096170792923203
51.0,65.0,133.90283203125,0.0371198406073054,1.3828852245713528,-3.8974614429448327,-3.296919590727009,-1.0227385125121875,-0.5369005751841908,0.321391270770884,3.6845641091498686,-1.2595115552741487,2.0096202416371507
51.0,65.0,133.90283203125,0.0375122586143595,1.3883051613638575,-3.897478680727888,-3.2970489897605835,-1.0269188108226917,-0.5608337496477627,0.394437777825605,3.6845641091498686,-1.261884779460147,2.009665053894343
51.0,65.0,133.90283203125,0.0361300378121521,1.3308649181005154,-3.897473709034747,-3.294233859647169,-1.0427911150579583,-0.5473446872105165,0.3944355855756153,3.6659222284674287,-1.261884779460147,2.009607803554559
51.0,65.0,133.90283203125,0.0374729608947187,1.3326631541633427,-3.898280067475641,-3.297009975854156,-1.023361477267576,-0.5292296645377397,0.3259062648362663,3.682530142872765,-1.262499567731869,2.009602474035691
51.0,65.0,133.90283203125,0.0374948704920156,1.3828830756994068,-3.8973354637133695,-3.298025817930928,-1.0225065262294983,-0.5169702890080805,0.3944377710516242,3.685881832193856,-1.2618820268360813,2.0092987002489093
51.0,65.0,133.90283203125,0.0371372306364526,1.3827758543548092,-3.8974418797631496,-3.297009975854156,-1.0425569183257748,-0.5434422229914017,0.3160200044054723,3.6811012542027983,-1.262344393316802,2.0093227051023312
51.0,65.0,133.90283203125,0.0375122586143595,1.382788167386861,-3.89747346750246,-3.297057847595777,-1.0269188108226917,-0.5608337496477627,0.394437777825605,3.6845641091498686,-1.261884779460147,2.009664886444259
51.0,65.0,133.90283203125,0.0374960579467293,1.3828830756994068,-3.8970641928310905,-3.294275785167791,-1.0423024788759236,-0.5473082219329871,0.3954660343982833,3.684536473149234,-1.2618794396075346,2.0096202416371507
51.0,65.0,133.911865234375,0.0392306750940903,2.038809176886525,-4.03528262790523,-3.356320979288739,-1.0254122053893453,-0.4926884223529265,-0.4318798101427913,3.852496403119131,-1.9926396220260485,2.5479852033541155
51.0,65.0,133.911865234375,0.0593652506787192,2.038809176886525,-4.03528262790523,-3.356320979288739,-1.0254122053893453,-0.4926884223529265,-0.4318798101427913,3.852496403119131,-1.9926396220260485,2.5479852033541155
51.0,65.0,133.927001953125,0.0374960579467293,1.3840590649050164,-4.113664964891767,-3.2944422024016005,-1.0364777879131506,-0.5473446872105165,0.3941455346102499,3.6845641091498686,-1.261884779460147,2.0096202416371507
51.0,65.0,133.928955078125,0.0371198406073054,1.3828830756994068,-3.897049009372284,-3.296961516247632,-1.0224702967715729,-0.5368641099066612,0.3224217195935519,3.6845641091498686,-1.335971730229608,2.0096202416371507
51.0,65.0,133.928955078125,0.0374965834475386,1.3828830756994068,-3.8909840914103286,-3.2980211532425647,-1.0225065262294983,-0.5169702890080805,0.3944378556072362,3.6992787667161,-1.2616687055215554,2.0096202416371507
51.0,65.0,133.928955078125,0.0371946419425742,1.3828563659719872,-3.897026207917465,-3.2969158138184165,-1.0224702967715729,-0.5687349580555618,0.3944379074120532,3.6835199444535207,-1.3334206070963217,2.009615359250684
51.0,65.0,133.928955078125,0.0371938103579909,1.3828503919063997,-3.890433700930788,-3.296915579954267,-1.0224702967715729,-0.5761815528642349,0.3944379074120532,3.699932123893399,-1.3334206070963217,2.0096081275549857
51.0,65.0,133.928955078125,0.0374965764402446,1.3828830756994068,-3.8910593876996415,-3.2980210096395544,-1.0225065262294983,-0.5169702890080805,0.3944378556072362,3.699403822368083,-1.2616687055215554,2.0096202416371507
51.0,65.0,133.928955078125,0.0371198406073054,1.3828830756994068,-3.897478055531588,-3.296919590727009,-1.0224702967715729,-0.5369005751841908,0.321391270770884,3.6845641091498686,-1.3125423259255151,2.0096202416371507
51.0,65.0,133.928955078125,0.0374955318088698,1.4094846631083275,-3.893785878416968,-3.295492282593756,-1.0224702967715729,-0.529198648219739,0.3944463235347418,3.736882254281488,-1.261884779460147,2.019929711671005
51.0,65.0,133.928955078125,0.0374985026324057,1.3828854862669524,-3.897026207917465,-3.2969158138184165,-1.0224702967715729,-0.5702325116437287,0.3944782172986062,3.6835199444535207,-1.3334206070963217,2.009615359250684
51.0,65.0,133.928955078125,0.0371254218182043,1.3828852245713528,-3.897473455717993,-3.296919590727009,-1.1321274651374371,-0.5369005751841908,0.321391270770884,3.6845641091498686,-1.261861812149597,2.009646737072834
51.0,65.0,133.928955078125,0.0361300378121521,1.3299097256714385,-3.897473709034747,-3.294233859647169,-1.041992879878837,-0.5473446872105165,0.3944268261950545,3.666086497351444,-1.3343171194414465,2.0096170792923203
51.0,65.0,133.928955078125,0.0371909051613749,1.3326631541633427,-3.8981361088547577,-3.297009975854156,-1.02337374338997,-0.5758058557548402,0.3267314769308985,3.6826876722416064,-1.330314136575235,2.009602517543466
51.0,65.0,133.928955078125,0.0371938103579909,1.3819769649162736,-3.890433700930788,-3.296915579954267,-1.0216720615924515,-0.5761815528642349,0.3944379074120532,3.699932123893399,-1.3334206070963217,2.009617403292747
51.0,65.0,133.9414520263672,0.0554501569318009,1.3822242970697811,-3.891518122998375,-3.293141680256738,-0.9318932170341632,-0.4711363113499958,0.3147328781460962,3.6935501011998633,-1.340958060056349,1.59398571117766
51.0,66.0,133.0550994873047,0.0371384193669161,1.4857020579894658,-3.897461409718797,-3.2969707760777065,-0.5265275240966532,-0.5475697037017168,0.3952533332691959,3.68462908969447,-1.28599728382786,2.009642346054397
51.0,66.0,133.08372497558594,0.0371384298615641,1.4910943386986983,-3.970063971012951,-3.2970103143184946,-0.5290887853479127,-0.5434422229914017,0.3160200044054723,3.681073618202164,-1.321188020653386,2.0134008759147743
51.0,66.0,133.11622619628906,0.0374960579467293,1.3828830756994068,-3.897473709034747,-3.2980211532425647,-0.7629815834598055,-0.529198648219739,0.3944378556072362,3.6845641091498686,-1.261884779460147,2.0096202416371507
51.0,66.0,133.2908477783203,0.0371384193669161,1.4742737388548892,-3.897461409718797,-3.2970225196185634,-0.5265275240966532,-0.5434422229914017,0.3160200044054723,3.681073618202164,-1.2858115078387748,2.009642346054397
51.0,66.0,133.3159637451172,0.0397040748042352,1.3828830756994068,-4.021014243399592,-3.2980211532425647,-0.7629815834598055,-0.529198648219739,0.3944378556072362,3.6845641091498686,-1.261884779460147,2.0312433096619724
51.0,66.0,133.3522186279297,0.0594615866135593,2.038809176886525,-3.9686967499110266,-3.356320979288739,-0.9358541516015804,-0.4565040888215326,-0.0566826784309666,3.862053509547411,-1.329576978828957,2.547909494686647
51.0,66.0,133.42892456054688,0.0371384298615641,1.4830324122597172,-3.897461409718797,-3.2970103143184946,-0.5290887853479127,-0.5434422229914017,0.3160200044054723,3.681073618202164,-1.2623390534641894,2.0093227051023312
51.0,66.0,133.4446258544922,0.0580108727177336,2.043062536110938,-3.970327943325195,-3.297009975854156,-0.9392614083197997,-0.4490597460631641,-0.0513425825869907,3.851008825567449,-1.318269344003613,2.5480958093617088
51.0,66.0,133.45127868652344,0.0594615866135593,2.229117468236713,-3.969767915245322,-3.296623058771043,-0.9358541491080254,-0.4493848472199235,-0.4318798101427913,3.852496403119131,-2.018375989703632,2.5479852033541155
51.0,66.0,133.45127868652344,0.0594615866135593,2.232656737185033,-4.03528262790523,-3.292175587098394,-0.9358541475944956,-0.4494285019988104,-0.4318798101427913,3.852496403119131,-2.018375989703632,2.5479852033541155
51.0,66.0,133.47161865234375,0.058339959603047,2.043062536110938,-4.049442439986411,-3.297009975854156,-0.9358540453881652,-0.4492256478444329,-0.0259126472292532,3.861478568464407,-1.31953445838831,2.5482762462146504
51.0,66.0,133.47161865234375,0.0594388609753389,2.226270885104748,-4.04258571222675,-3.296627659983385,-0.9358540453881652,-0.4493973069225285,-0.0259126472292532,3.861478568464407,-1.362253327031219,2.5482762462146504
51.0,66.0,133.57562255859375,0.0594615866135593,2.038809176886525,-4.03528262790523,-3.356320979288739,-0.9358543235211184,-0.4565040888215326,-0.4318798101427913,3.852496403119131,-2.018375989703632,2.5479852033541155
51.0,66.0,133.57562255859375,0.0594615866135593,2.055109238183103,-4.039144445251457,-3.3599636150501047,-0.9358543235211184,-0.4523599464682303,-0.4318798101427913,3.8599036985307698,-2.018375989703632,2.5479852033541155
51.0,66.0,133.57562255859375,0.0594615866135593,2.038809176886525,-4.03528262790523,-3.356320979288739,-0.9358543235211184,-0.4565040888215326,-0.4318798101427913,3.852496403119131,-2.018375989703632,2.5479852033541155
51.0,66.0,133.57562255859375,0.059798212653042,2.038809176886525,-4.03528262790523,-3.356320979288739,-0.9307021488169545,-0.4565040888215326,-0.4318798101427913,3.852496403119131,-2.018375989703632,2.5479852033541155
51.0,66.0,133.57562255859375,0.0594615866135593,2.038809176886525,-4.03528262790523,-3.356320979288739,-0.9358543235211184,-0.4565040888215326,-0.4318798101427913,3.852496403119131,-2.018375989703632,2.5479852033541155
51.0,66.0,133.57562255859375,0.0600776966007019,2.038809176886525,-4.03528262790523,-3.358202704028592,-0.9315113071320592,-0.4565040888215326,-0.4124171759728348,3.852496403119131,-1.9314604451774864,2.57076092301922
51.0,66.0,133.5776824951172,0.4554966132552352,1.3827753247701966,-3.897461540658843,-3.297009975854156,-1.0417938690350237,-0.5433941415205152,0.3160200044054723,3.68460837655735,-1.2623390534641894,2.009667811650896
51.0,66.0,133.62911987304688,0.0371943049095843,2.043062536110938,-3.970327943325195,-3.297009975854156,-0.9392614083197997,-0.4490586846138126,-0.0513425825869907,3.681073618202164,-1.3353235370010164,2.544442799002992
51.0,66.0,133.62911987304688,0.0583556666080982,2.043062536110938,-3.970327943325195,-3.297009975854156,-0.935864301546958,-0.4493729000515064,-0.0259126472292532,3.681073618202164,-1.31953445838831,2.5482762462146504
51.0,66.0,133.62911987304688,0.0372989500930568,2.0603466798847427,-3.970304122278967,-3.2966256655997648,-0.9407433193486732,-0.4493848472199235,-0.0492243511374499,3.67864113642806,-1.324355132496957,2.540609647626973
51.0,66.0,133.62911987304688,0.0581133763385232,2.0430870904276777,-3.970327943325195,-3.300545216808501,-0.9392614083197997,-0.4490586846138126,-0.0513425825869907,3.681073618202164,-1.3193143592606953,2.5482337018802363
51.0,66.0,133.63197326660156,0.0594615866135593,2.229117468236713,-4.035637074245193,-3.356359900635535,-1.0586286560636926,-0.4493848472199235,-0.4318798101427913,3.6903568511144416,-2.0307846139408685,2.5479852033541155
51.0,66.0,133.73951721191406,0.0583556666080982,2.0389007069129947,-4.0358426559851015,-3.356707896371852,-1.0531602416325925,-0.4564921416531156,-0.0259126472292532,3.681073618202164,-1.31953445838831,2.5482762462146504
51.0,66.0,133.80120849609375,0.0594615866135593,2.0369063477108336,-3.970304122278967,-3.296623058771043,-0.9358541491080254,-0.4493848472199235,-0.0492243511374499,3.6785861514929454,-1.324355132496957,2.5444894826690034
51.0,66.0,133.8062286376953,0.0388940490546076,2.038809176886525,-4.03528262790523,-3.6542841195039006,-1.0305643800935091,-0.5904957284330807,-0.4318798101427913,3.852496403119131,-1.9926396220260485,2.5479852033541155
51.0,66.0,133.90283203125,0.0374960579467293,1.3828830756994068,-3.897473709034747,-3.2980211532425647,-1.0224702967715729,-0.529198648219739,0.3944378556072362,3.6845641091498686,-1.261884779460147,2.0096202416371507
51.0,66.0,133.90283203125,0.0374960579467293,1.3828830756994068,-3.897473709034747,-3.294233859647169,-1.0425639727082134,-0.5473446872105165,0.3944355855756153,3.6845641091498686,-1.261884779460147,2.0096202416371507
51.0,66.0,133.90283203125,0.0374960579467293,1.3828830756994068,-3.897473709034747,-3.2979009891439954,-1.1308665119343797,-0.5608337496477627,0.394437777825605,3.6845641091498686,-1.261884779460147,2.0096202416371507
51.0,66.0,133.90283203125,0.0374738474342092,1.3326631541633427,-3.898081062408002,-3.297009975854156,-1.0233295497416803,-0.5292296645377397,0.3252000819891746,3.6823956456628752,-1.262498801987937,2.009602474035691
51.0,66.0,133.90283203125,0.0374960579467293,1.3828830756994068,-3.897044662875443,-3.294275785167791,-1.0425639727082134,-0.5473082219329871,0.3954660343982833,3.6845641091498686,-1.261884779460147,2.0096202416371507
51.0,66.0,133.90283203125,0.0371372306364526,1.3827758543548092,-3.897461409718797,-3.297009975854156,-1.042295424493485,-0.5434422229914017,0.3160200044054723,3.681073618202164,-1.2623390534641894,2.0093227051023312
51.0,66.0,133.90283203125,0.0361365636657065,1.3272410684988918,-3.8980760907148633,-3.297861975237568,-1.127277250853368,-0.7700221158954881,0.3252000819891746,3.670187717432321,-1.3334206070963217,2.00927789284514
51.0,66.0,133.90283203125,0.0374729608947187,1.3326631541633427,-3.898280067475641,-3.297009975854156,-1.023361477267576,-0.5292296645377397,0.3259062648362663,3.682530142872765,-1.262499567731869,2.009602474035691
51.0,66.0,133.90283203125,0.0374948692162658,1.3828827906552266,-3.897473709034747,-3.297888445379588,-1.1308665119343797,-0.5608337496477627,0.394437777825605,3.6845641091498686,-1.261887969780258,2.0093006006850853
51.0,66.0,133.90283203125,0.0361300378121521,1.3299914911103896,-3.897473709034747,-3.294233859647169,-1.041992879878837,-0.5473446872105165,0.3944355855756153,3.6659222284674287,-1.261884779460147,2.0096170792923203
51.0,66.0,133.90283203125,0.0371198406073054,1.3828852245713528,-3.8974614429448327,-3.296919590727009,-1.0227385125121875,-0.5369005751841908,0.321391270770884,3.6845641091498686,-1.2595115552741487,2.0096202416371507
51.0,66.0,133.90283203125,0.0375122586143595,1.3883051613638575,-3.897478680727888,-3.2970489897605835,-1.0269188108226917,-0.5608337496477627,0.394437777825605,3.6845641091498686,-1.261884779460147,2.009665053894343
51.0,66.0,133.90283203125,0.0361300378121521,1.3308649181005154,-3.897473709034747,-3.294233859647169,-1.0427911150579583,-0.5473446872105165,0.3944355855756153,3.6659222284674287,-1.261884779460147,2.009607803554559
51.0,66.0,133.90283203125,0.0374729608947187,1.3326631541633427,-3.898280067475641,-3.297009975854156,-1.023361477267576,-0.5292296645377397,0.3259062648362663,3.682530142872765,-1.262499567731869,2.009602474035691
51.0,66.0,133.90283203125,0.0374948704920156,1.3828830756994068,-3.8973354637133695,-3.298025817930928,-1.0225065262294983,-0.5169702890080805,0.3944377710516242,3.685881832193856,-1.2618820268360813,2.0092987002489093
51.0,66.0,133.90283203125,0.0371372306364526,1.3827758543548092,-3.8974418797631496,-3.297009975854156,-1.0425569183257748,-0.5434422229914017,0.3160200044054723,3.6811012542027983,-1.262344393316802,2.0093227051023312
51.0,66.0,133.90283203125,0.0375122586143595,1.382788167386861,-3.89747346750246,-3.297057847595777,-1.0269188108226917,-0.5608337496477627,0.394437777825605,3.6845641091498686,-1.261884779460147,2.009664886444259
51.0,66.0,133.90283203125,0.0374960579467293,1.3828830756994068,-3.8970641928310905,-3.294275785167791,-1.0423024788759236,-0.5473082219329871,0.3954660343982833,3.684536473149234,-1.2618794396075346,2.0096202416371507
51.0,66.0,133.90283203125,0.0374948692162658,1.3828827906552266,-3.897473709034747,-3.297888445379588,-1.1308665119343797,-0.5608337496477627,0.394437777825605,3.6845641091498686,-1.261887969780258,2.0093006006850853
51.0,66.0,133.90283203125,0.0374960579467293,1.37145475656483,-3.897473709034747,-3.2942856031880265,-1.0425639727082134,-0.5432172065002016,0.3152022567118916,3.6810086376575626,-1.2616990034710618,2.0096202416371507
51.0,66.0,133.911865234375,0.0392306750940903,2.038809176886525,-4.03528262790523,-3.356320979288739,-1.0254122053893453,-0.4926884223529265,-0.4318798101427913,3.852496403119131,-1.9926396220260485,2.5479852033541155
51.0,66.0,133.911865234375,0.0593652506787192,2.038809176886525,-4.03528262790523,-3.356320979288739,-1.0254122053893453,-0.4926884223529265,-0.4318798101427913,3.852496403119131,-1.9926396220260485,2.5479852033541155
51.0,66.0,133.927001953125,0.0374960579467293,1.3840590649050164,-4.113664964891767,-3.2944422024016005,-1.0364777879131506,-0.5473446872105165,0.3941455346102499,3.6845641091498686,-1.261884779460147,2.0096202416371507
51.0,67.0,133.0550994873047,0.0371384193669161,1.4857020579894658,-3.897461409718797,-3.2969707760777065,-0.5265275240966532,-0.5475697037017168,0.3952533332691959,3.68462908969447,-1.28599728382786,2.009642346054397
51.0,67.0,133.0550994873047,0.0371384193669161,1.4857020579894658,-3.897461409718797,-3.2969707760777065,-0.5265275240966532,-0.5475629861425312,0.3952533332691959,3.68462908969447,-1.28599728382786,2.009642346054397
51.0,67.0,133.08372497558594,0.0371384298615641,1.4910943386986983,-3.970063971012951,-3.2970103143184946,-0.5290887853479127,-0.5434422229914017,0.3160200044054723,3.681073618202164,-1.321188020653386,2.0134008759147743
51.0,67.0,133.1137237548828,0.0374960579467293,1.3828830756994068,-3.8980810233558514,-3.2980206072637954,-0.7629815834598055,-0.529198648219739,0.3944378556072362,3.6708000602938458,-1.333673892865829,2.0096202416371507
51.0,67.0,133.11622619628906,0.0374960579467293,1.3828830756994068,-3.897473709034747,-3.2980211532425647,-0.7629815834598055,-0.529198648219739,0.3944378556072362,3.6845641091498686,-1.261884779460147,2.0096202416371507
51.0,67.0,133.2908477783203,0.0371384193669161,1.4742737388548892,-3.897461409718797,-3.2970225196185634,-0.5265275240966532,-0.5434422229914017,0.3160200044054723,3.681073618202164,-1.2858115078387748,2.009642346054397
51.0,67.0,133.3159637451172,0.0397040748042352,1.3828830756994068,-4.021014243399592,-3.2980211532425647,-0.7629815834598055,-0.529198648219739,0.3944378556072362,3.6845641091498686,-1.261884779460147,2.0312433096619724
51.0,67.0,133.3522186279297,0.0594615866135593,2.038809176886525,-3.9686967499110266,-3.356320979288739,-0.9358541516015804,-0.4565040888215326,-0.0566826784309666,3.862053509547411,-1.329576978828957,2.547909494686647
51.0,67.0,133.42892456054688,0.0371384298615641,1.4830324122597172,-3.897461409718797,-3.2970103143184946,-0.5290887853479127,-0.5434422229914017,0.3160200044054723,3.681073618202164,-1.2623390534641894,2.0093227051023312
51.0,67.0,133.4446258544922,0.0580108727177336,2.043062536110938,-3.970327943325195,-3.297009975854156,-0.9392614083197997,-0.4490597460631641,-0.0513425825869907,3.851008825567449,-1.318269344003613,2.5480958093617088
51.0,67.0,133.4446258544922,0.0581295360262613,2.0430870904276777,-3.970327943325195,-3.297026023373448,-0.9392614083197997,-0.4490586846138126,-0.0513425825869907,3.847076594758244,-1.3182763186184772,2.548237245782389
51.0,67.0,133.45127868652344,0.0594615866135593,2.229117468236713,-3.969767915245322,-3.296623058771043,-0.9358541491080254,-0.4493848472199235,-0.4318798101427913,3.852496403119131,-2.018375989703632,2.5479852033541155
51.0,67.0,133.45127868652344,0.0594615866135593,2.232656737185033,-4.03528262790523,-3.292175587098394,-0.9358541475944956,-0.4494285019988104,-0.4318798101427913,3.852496403119131,-2.018375989703632,2.5479852033541155
51.0,67.0,133.45127868652344,0.0594615866135593,2.232656737185033,-4.03528262790523,-3.292175587098394,-0.9358541475944956,-0.4494285019988104,-0.4318798101427913,3.852496403119131,-2.018375989703632,2.5479852033541155
51.0,67.0,133.47161865234375,0.058339959603047,2.043062536110938,-4.049442439986411,-3.297009975854156,-0.9358540453881652,-0.4492256478444329,-0.0259126472292532,3.861478568464407,-1.31953445838831,2.5482762462146504
51.0,67.0,133.47161865234375,0.0594388609753389,2.226270885104748,-4.04258571222675,-3.296627659983385,-0.9358540453881652,-0.4493973069225285,-0.0259126472292532,3.861478568464407,-1.362253327031219,2.5482762462146504
51.0,67.0,133.47161865234375,0.058339959603047,2.043062536110938,-4.049125089173853,-3.297009975854156,-0.9358540453881652,-0.4492256478444329,-0.0258628767047858,3.861478568464407,-1.31953445838831,2.5482762462146504
51.0,67.0,133.57562255859375,0.0594615866135593,2.038809176886525,-4.03528262790523,-3.356320979288739,-0.9358543235211184,-0.4565040888215326,-0.4318798101427913,3.852496403119131,-2.018375989703632,2.5479852033541155
51.0,67.0,133.57562255859375,0.0594615866135593,2.055109238183103,-4.039144445251457,-3.3599636150501047,-0.9358543235211184,-0.4523599464682303,-0.4318798101427913,3.8599036985307698,-2.018375989703632,2.5479852033541155
51.0,67.0,133.57562255859375,0.0594615866135593,2.038809176886525,-4.03528262790523,-3.356320979288739,-0.9358543235211184,-0.4565040888215326,-0.4318798101427913,3.852496403119131,-2.018375989703632,2.5479852033541155
51.0,67.0,133.57562255859375,0.059798212653042,2.038809176886525,-4.03528262790523,-3.356320979288739,-0.9307021488169545,-0.4565040888215326,-0.4318798101427913,3.852496403119131,-2.018375989703632,2.5479852033541155
51.0,67.0,133.57562255859375,0.0594615866135593,2.038809176886525,-4.03528262790523,-3.356320979288739,-0.9358543235211184,-0.4565040888215326,-0.4318798101427913,3.852496403119131,-2.018375989703632,2.5479852033541155
51.0,67.0,133.57562255859375,0.0600776966007019,2.038809176886525,-4.03528262790523,-3.358202704028592,-0.9315113071320592,-0.4565040888215326,-0.4124171759728348,3.852496403119131,-1.9314604451774864,2.57076092301922
51.0,67.0,133.57562255859375,0.0594615866135593,2.0388332124809634,-4.039144445251457,-3.35994920673785,-0.9358543235211184,-0.4523599464682303,-0.4318798101427913,3.852615129365751,-2.018375989703632,2.5479852033541155
51.0,67.0,133.57562255859375,0.0594615866135593,2.038809176886525,-4.03528262790523,-3.356320979288739,-0.9358543235211184,-0.4523482579295383,-0.4318798101427913,3.854732411045882,-2.018375989703632,2.5479852033541155
51.0,67.0,133.57562255859375,0.0594615866135593,2.038809176886525,-4.03528262790523,-3.356320979288739,-0.9358543235211184,-0.4565040888215326,-0.4318798101427913,3.852496403119131,-2.018375989703632,2.5479852033541155
51.0,67.0,133.57562255859375,0.0594615866135593,2.038809176886525,-4.03528262790523,-3.356320979288739,-0.9358543235211184,-0.4490123822280275,-0.4318798101427913,3.852496403119131,-2.018375989703632,2.5482172561324874
51.0,67.0,133.5776824951172,0.4554966132552352,1.3827753247701966,-3.897461540658843,-3.297009975854156,-1.0417938690350237,-0.5433941415205152,0.3160200044054723,3.68460837655735,-1.2623390534641894,2.009667811650896
51.0,67.0,133.6035919189453,0.0371943049095843,2.043062536110938,-4.038186080939085,-3.297009975854156,-0.9392614083197997,-0.4490586846138126,-0.051392353111458,3.681073618202164,-1.3353235370010164,2.544442799002992
51.0,67.0,133.62911987304688,0.0371943049095843,2.043062536110938,-3.970327943325195,-3.297009975854156,-0.9392614083197997,-0.4490586846138126,-0.0513425825869907,3.681073618202164,-1.3353235370010164,2.544442799002992
51.0,67.0,133.62911987304688,0.0583556666080982,2.043062536110938,-3.970327943325195,-3.297009975854156,-0.935864301546958,-0.4493729000515064,-0.0259126472292532,3.681073618202164,-1.31953445838831,2.5482762462146504
51.0,67.0,133.62911987304688,0.0372989500930568,2.0603466798847427,-3.970304122278967,-3.2966256655997648,-0.9407433193486732,-0.4493848472199235,-0.0492243511374499,3.67864113642806,-1.324355132496957,2.540609647626973
51.0,67.0,133.62911987304688,0.0581133763385232,2.0430870904276777,-3.970327943325195,-3.300545216808501,-0.9392614083197997,-0.4490586846138126,-0.0513425825869907,3.681073618202164,-1.3193143592606953,2.5482337018802363
51.0,67.0,133.62911987304688,0.0583556666080982,2.043062536110938,-3.970327943325195,-3.297009975854156,-0.935864301546958,-0.4493729000515064,-0.0259126472292532,3.681073618202164,-1.31953445838831,2.5482762462146504
51.0,67.0,133.63197326660156,0.0594615866135593,2.229117468236713,-4.035637074245193,-3.356359900635535,-1.0586286560636926,-0.4493848472199235,-0.4318798101427913,3.6903568511144416,-2.0307846139408685,2.5479852033541155
51.0,67.0,133.73951721191406,0.0583556666080982,2.0389007069129947,-4.0358426559851015,-3.356707896371852,-1.0531602416325925,-0.4564921416531156,-0.0259126472292532,3.681073618202164,-1.31953445838831,2.5482762462146504
51.0,67.0,133.80120849609375,0.0594615866135593,2.0369063477108336,-3.970304122278967,-3.296623058771043,-0.9358541491080254,-0.4493848472199235,-0.0492243511374499,3.6785861514929454,-1.324355132496957,2.5444894826690034
51.0,67.0,133.80470275878906,0.0591545342835461,2.050762417159467,-4.049442439986411,-3.29696935538728,-0.9358540453881652,-0.4492256478444329,-0.0259126472292532,3.6902461665237887,-1.3212442448464057,2.511610091887394
51.0,67.0,133.8062286376953,0.0388940490546076,2.038809176886525,-4.03528262790523,-3.6542841195039006,-1.0305643800935091,-0.5904957284330807,-0.4318798101427913,3.852496403119131,-1.9926396220260485,2.5479852033541155
51.0,67.0,133.8062286376953,0.0388940490546076,2.038809176886525,-4.0356073496462965,-3.6542841195039006,-1.042862371642058,-0.5904957284330807,-0.4318798101427913,3.671361230807634,-1.8254337338408395,2.5479852033541155
51.0,67.0,133.90283203125,0.0374960579467293,1.3828830756994068,-3.897473709034747,-3.2980211532425647,-1.0224702967715729,-0.529198648219739,0.3944378556072362,3.6845641091498686,-1.261884779460147,2.0096202416371507
51.0,67.0,133.90283203125,0.0374960579467293,1.3828830756994068,-3.897473709034747,-3.294233859647169,-1.0425639727082134,-0.5473446872105165,0.3944355855756153,3.6845641091498686,-1.261884779460147,2.0096202416371507
51.0,67.0,133.90283203125,0.0374960579467293,1.3828830756994068,-3.897473709034747,-3.2979009891439954,-1.1308665119343797,-0.5608337496477627,0.394437777825605,3.6845641091498686,-1.261884779460147,2.0096202416371507
51.0,67.0,133.90283203125,0.0374738474342092,1.3326631541633427,-3.898081062408002,-3.297009975854156,-1.0233295497416803,-0.5292296645377397,0.3252000819891746,3.6823956456628752,-1.262498801987937,2.009602474035691
51.0,67.0,133.90283203125,0.0374960579467293,1.3828830756994068,-3.897044662875443,-3.294275785167791,-1.0425639727082134,-0.5473082219329871,0.3954660343982833,3.6845641091498686,-1.261884779460147,2.0096202416371507
51.0,67.0,133.90283203125,0.0371372306364526,1.3827758543548092,-3.897461409718797,-3.297009975854156,-1.042295424493485,-0.5434422229914017,0.3160200044054723,3.681073618202164,-1.2623390534641894,2.0093227051023312
51.0,67.0,133.90283203125,0.0361365636657065,1.3272410684988918,-3.8980760907148633,-3.297861975237568,-1.127277250853368,-0.7700221158954881,0.3252000819891746,3.670187717432321,-1.3334206070963217,2.00927789284514
51.0,67.0,133.90283203125,0.0374729608947187,1.3326631541633427,-3.898280067475641,-3.297009975854156,-1.023361477267576,-0.5292296645377397,0.3259062648362663,3.682530142872765,-1.262499567731869,2.009602474035691
51.0,67.0,133.90283203125,0.0374948692162658,1.3828827906552266,-3.897473709034747,-3.297888445379588,-1.1308665119343797,-0.5608337496477627,0.394437777825605,3.6845641091498686,-1.261887969780258,2.0093006006850853
51.0,67.0,133.90283203125,0.0361300378121521,1.3299914911103896,-3.897473709034747,-3.294233859647169,-1.041992879878837,-0.5473446872105165,0.3944355855756153,3.6659222284674287,-1.261884779460147,2.0096170792923203
51.0,68.0,133.0550994873047,0.0371384193669161,1.4857020579894658,-3.897461409718797,-3.2969707760777065,-0.5265275240966532,-0.5475697037017168,0.3952533332691959,3.68462908969447,-1.28599728382786,2.009642346054397
51.0,68.0,133.0550994873047,0.0371384193669161,1.4857020579894658,-3.897461409718797,-3.2969707760777065,-0.5265275240966532,-0.5475629861425312,0.3952533332691959,3.68462908969447,-1.28599728382786,2.009642346054397
51.0,68.0,133.08372497558594,0.0371384298615641,1.4910943386986983,-3.970063971012951,-3.2970103143184946,-0.5290887853479127,-0.5434422229914017,0.3160200044054723,3.681073618202164,-1.321188020653386,2.0134008759147743
51.0,68.0,133.1137237548828,0.0374960579467293,1.3828830756994068,-3.8980810233558514,-3.2980206072637954,-0.7629815834598055,-0.529198648219739,0.3944378556072362,3.6708000602938458,-1.333673892865829,2.0096202416371507
51.0,68.0,133.11622619628906,0.0374960579467293,1.3828830756994068,-3.897473709034747,-3.2980211532425647,-0.7629815834598055,-0.529198648219739,0.3944378556072362,3.6845641091498686,-1.261884779460147,2.0096202416371507
51.0,68.0,133.2908477783203,0.0371384193669161,1.4742737388548892,-3.897461409718797,-3.2970225196185634,-0.5265275240966532,-0.5434422229914017,0.3160200044054723,3.681073618202164,-1.2858115078387748,2.009642346054397
51.0,68.0,133.3159637451172,0.0397040748042352,1.3828830756994068,-4.021014243399592,-3.2980211532425647,-0.7629815834598055,-0.529198648219739,0.3944378556072362,3.6845641091498686,-1.261884779460147,2.0312433096619724
51.0,68.0,133.3522186279297,0.0594615866135593,2.038809176886525,-3.9686967499110266,-3.356320979288739,-0.9358541516015804,-0.4565040888215326,-0.0566826784309666,3.862053509547411,-1.329576978828957,2.547909494686647
51.0,68.0,133.37258911132812,0.0594684570326073,2.043132065505799,-3.969703480209912,-3.297026023373448,-0.9392614083197997,-0.4479781229874806,-0.0582650598573266,3.847076594758244,-1.359126018567749,2.548237245782389
51.0,68.0,133.42892456054688,0.0371384298615641,1.4830324122597172,-3.897461409718797,-3.2970103143184946,-0.5290887853479127,-0.5434422229914017,0.3160200044054723,3.681073618202164,-1.2623390534641894,2.0093227051023312
51.0,68.0,133.4446258544922,0.0580108727177336,2.043062536110938,-3.970327943325195,-3.297009975854156,-0.9392614083197997,-0.4490597460631641,-0.0513425825869907,3.851008825567449,-1.318269344003613,2.5480958093617088
51.0,68.0,133.4446258544922,0.0581295360262613,2.0430870904276777,-3.970327943325195,-3.297026023373448,-0.9392614083197997,-0.4490586846138126,-0.0513425825869907,3.847076594758244,-1.3182763186184772,2.548237245782389
51.0,68.0,133.4446258544922,0.058339959603047,2.0387336250315853,-3.9696286990173295,-3.2969334186928974,-0.9358541561303176,-0.4489793492803812,-0.0268419059513868,3.8615400174206727,-1.3297325735332912,2.5482762462146504
51.0,68.0,133.45127868652344,0.0594615866135593,2.229117468236713,-3.969767915245322,-3.296623058771043,-0.9358541491080254,-0.4493848472199235,-0.4318798101427913,3.852496403119131,-2.018375989703632,2.5479852033541155
51.0,68.0,133.45127868652344,0.0594615866135593,2.232656737185033,-4.03528262790523,-3.292175587098394,-0.9358541475944956,-0.4494285019988104,-0.4318798101427913,3.852496403119131,-2.018375989703632,2.5479852033541155
51.0,68.0,133.45127868652344,0.0594615866135593,2.232656737185033,-4.03528262790523,-3.292175587098394,-0.9358541475944956,-0.4494285019988104,-0.4318798101427913,3.852496403119131,-2.018375989703632,2.5479852033541155
51.0,68.0,133.47161865234375,0.058339959603047,2.043062536110938,-4.049442439986411,-3.297009975854156,-0.9358540453881652,-0.4492256478444329,-0.0259126472292532,3.861478568464407,-1.31953445838831,2.5482762462146504
51.0,68.0,133.47161865234375,0.0594388609753389,2.226270885104748,-4.04258571222675,-3.296627659983385,-0.9358540453881652,-0.4493973069225285,-0.0259126472292532,3.861478568464407,-1.362253327031219,2.5482762462146504
51.0,68.0,133.47161865234375,0.058339959603047,2.043062536110938,-4.049125089173853,-3.297009975854156,-0.9358540453881652,-0.4492256478444329,-0.0258628767047858,3.861478568464407,-1.31953445838831,2.5482762462146504
51.0,68.0,133.47161865234375,0.0594615866135593,2.038809176886525,-4.046636355965275,-3.356389086033824,-0.9358541516015804,-0.4495989802195476,-0.0566826784309666,3.861491817504848,-1.329576978828957,2.547906455410057
51.0,68.0,133.47161865234375,0.0594615866135593,2.043138087965878,-4.048510490880108,-3.3563975364499976,-0.935854040859428,-0.4567503873855843,-0.055753419708833,3.861992060591145,-1.319378863683976,2.547909494686647
51.0,68.0,133.56890869140625,0.0594615866135593,2.229117468236713,-4.035637074245193,-3.356359900635535,-1.0586286560636926,-0.1937066594795355,-0.4318798101427913,3.6903568511144416,-2.0307846139408685,2.5479852033541155
51.0,68.0,133.57562255859375,0.0594615866135593,2.038809176886525,-4.03528262790523,-3.356320979288739,-0.9358543235211184,-0.4565040888215326,-0.4318798101427913,3.852496403119131,-2.018375989703632,2.5479852033541155
51.0,68.0,133.57562255859375,0.0594615866135593,2.055109238183103,-4.039144445251457,-3.3599636150501047,-0.9358543235211184,-0.4523599464682303,-0.4318798101427913,3.8599036985307698,-2.018375989703632,2.5479852033541155
51.0,68.0,133.57562255859375,0.0594615866135593,2.038809176886525,-4.03528262790523,-3.356320979288739,-0.9358543235211184,-0.4565040888215326,-0.4318798101427913,3.852496403119131,-2.018375989703632,2.5479852033541155
51.0,68.0,133.57562255859375,0.059798212653042,2.038809176886525,-4.03528262790523,-3.356320979288739,-0.9307021488169545,-0.4565040888215326,-0.4318798101427913,3.852496403119131,-2.018375989703632,2.5479852033541155
51.0,68.0,133.57562255859375,0.0594615866135593,2.038809176886525,-4.03528262790523,-3.356320979288739,-0.9358543235211184,-0.4565040888215326,-0.4318798101427913,3.852496403119131,-2.018375989703632,2.5479852033541155
51.0,68.0,133.57562255859375,0.0600776966007019,2.038809176886525,-4.03528262790523,-3.358202704028592,-0.9315113071320592,-0.4565040888215326,-0.4124171759728348,3.852496403119131,-1.9314604451774864,2.57076092301922
51.0,68.0,133.57562255859375,0.0594615866135593,2.0388332124809634,-4.039144445251457,-3.35994920673785,-0.9358543235211184,-0.4523599464682303,-0.4318798101427913,3.852615129365751,-2.018375989703632,2.5479852033541155
51.0,68.0,133.57562255859375,0.0594615866135593,2.038809176886525,-4.03528262790523,-3.356320979288739,-0.9358543235211184,-0.4523482579295383,-0.4318798101427913,3.854732411045882,-2.018375989703632,2.5479852033541155
51.0,68.0,133.57562255859375,0.0594615866135593,2.038809176886525,-4.03528262790523,-3.356320979288739,-0.9358543235211184,-0.4565040888215326,-0.4318798101427913,3.852496403119131,-2.018375989703632,2.5479852033541155
51.0,68.0,133.57562255859375,0.0594615866135593,2.038809176886525,-4.03528262790523,-3.356320979288739,-0.9358543235211184,-0.4490123822280275,-0.4318798101427913,3.852496403119131,-2.018375989703632,2.5482172561324874
51.0,68.0,133.57562255859375,0.0581226656072134,2.038764201808404,-4.035907091020513,-3.356320979288739,-0.9358543235211184,-0.4575846504478646,-0.4249573328724554,3.852496403119131,-1.97752628975436,2.5479852033541155
51.0,68.0,133.5776824951172,0.4554966132552352,1.3827753247701966,-3.897461540658843,-3.297009975854156,-1.0417938690350237,-0.5433941415205152,0.3160200044054723,3.68460837655735,-1.2623390534641894,2.009667811650896
51.0,68.0,133.59268188476562,0.0388940490546076,2.038809176886525,-4.0356073496462965,-3.645943314169038,-0.9388624995927464,-0.5904957284330807,-0.4318798101427913,3.671361230807634,-1.818898747713669,2.5479852033541155
51.0,68.0,133.6035919189453,0.0371943049095843,2.043062536110938,-4.038186080939085,-3.297009975854156,-0.9392614083197997,-0.4490586846138126,-0.051392353111458,3.681073618202164,-1.3353235370010164,2.544442799002992
51.0,68.0,133.62911987304688,0.0371943049095843,2.043062536110938,-3.970327943325195,-3.297009975854156,-0.9392614083197997,-0.4490586846138126,-0.0513425825869907,3.681073618202164,-1.3353235370010164,2.544442799002992
51.0,68.0,133.62911987304688,0.0583556666080982,2.043062536110938,-3.970327943325195,-3.297009975854156,-0.935864301546958,-0.4493729000515064,-0.0259126472292532,3.681073618202164,-1.31953445838831,2.5482762462146504
51.0,68.0,133.62911987304688,0.0372989500930568,2.0603466798847427,-3.970304122278967,-3.2966256655997648,-0.9407433193486732,-0.4493848472199235,-0.0492243511374499,3.67864113642806,-1.324355132496957,2.540609647626973
51.0,68.0,133.62911987304688,0.0581133763385232,2.0430870904276777,-3.970327943325195,-3.300545216808501,-0.9392614083197997,-0.4490586846138126,-0.0513425825869907,3.681073618202164,-1.3193143592606953,2.5482337018802363
51.0,68.0,133.62911987304688,0.0583556666080982,2.043062536110938,-3.970327943325195,-3.297009975854156,-0.935864301546958,-0.4493729000515064,-0.0259126472292532,3.681073618202164,-1.31953445838831,2.5482762462146504
51.0,68.0,133.63197326660156,0.0594615866135593,2.229117468236713,-4.035637074245193,-3.356359900635535,-1.0586286560636926,-0.4493848472199235,-0.4318798101427913,3.6903568511144416,-2.0307846139408685,2.5479852033541155
51.0,68.0,133.73951721191406,0.0583556666080982,2.0389007069129947,-4.0358426559851015,-3.356707896371852,-1.0531602416325925,-0.4564921416531156,-0.0259126472292532,3.681073618202164,-1.31953445838831,2.5482762462146504
51.0,68.0,133.80120849609375,0.0594615866135593,2.0369063477108336,-3.970304122278967,-3.296623058771043,-0.9358541491080254,-0.4493848472199235,-0.0492243511374499,3.6785861514929454,-1.324355132496957,2.5444894826690034
51.0,68.0,133.80470275878906,0.0591545342835461,2.050762417159467,-4.049442439986411,-3.29696935538728,-0.9358540453881652,-0.4492256478444329,-0.0259126472292532,3.6902461665237887,-1.3212442448464057,2.511610091887394
51.0,68.0,133.8062286376953,0.0388940490546076,2.038809176886525,-4.03528262790523,-3.6542841195039006,-1.0305643800935091,-0.5904957284330807,-0.4318798101427913,3.852496403119131,-1.9926396220260485,2.5479852033541155
51.0,68.0,133.8062286376953,0.0388940490546076,2.038809176886525,-4.0356073496462965,-3.6542841195039006,-1.042862371642058,-0.5904957284330807,-0.4318798101427913,3.671361230807634,-1.8254337338408395,2.5479852033541155
51.0,68.0,133.90283203125,0.0374960579467293,1.3828830756994068,-3.897473709034747,-3.2980211532425647,-1.0224702967715729,-0.529198648219739,0.3944378556072362,3.6845641091498686,-1.261884779460147,2.0096202416371507
51.0,68.0,133.90283203125,0.0374960579467293,1.3828830756994068,-3.897473709034747,-3.294233859647169,-1.0425639727082134,-0.5473446872105165,0.3944355855756153,3.6845641091498686,-1.261884779460147,2.0096202416371507
51.0,68.0,133.90283203125,0.0374960579467293,1.3828830756994068,-3.897473709034747,-3.2979009891439954,-1.1308665119343797,-0.5608337496477627,0.394437777825605,3.6845641091498686,-1.261884779460147,2.0096202416371507
51.0,69.0,133.03460693359375,0.0371384305203681,1.4857020579894658,-3.971550500604189,-3.29697102940683,-0.5265458322595227,-0.5475629861425312,0.3974935535372473,3.6811638349538938,-1.28599728382786,2.009642346054397
51.0,69.0,133.04368591308594,0.0371384298615641,1.4910943386986983,-3.9632873572960254,-3.2970103143184946,-0.5290887853479127,-0.5434422229914017,0.3160200044054723,3.8077279959115664,-1.321188020653386,2.0134008759147743
51.0,69.0,133.0550994873047,0.0371384193669161,1.4857020579894658,-3.897461409718797,-3.2969707760777065,-0.5265275240966532,-0.5475697037017168,0.3952533332691959,3.68462908969447,-1.28599728382786,2.009642346054397
51.0,69.0,133.0550994873047,0.0371384193669161,1.4857020579894658,-3.897461409718797,-3.2969707760777065,-0.5265275240966532,-0.5475629861425312,0.3952533332691959,3.68462908969447,-1.28599728382786,2.009642346054397
51.0,69.0,133.0550994873047,0.0374778285687731,1.4698105153710186,-3.897461409718797,-3.2969868182455087,-0.5259528866407926,-0.5434422229914017,0.3942881418444663,3.681073618202164,-1.2866669265417243,2.009642346054397
51.0,69.0,133.08372497558594,0.0371384298615641,1.4910943386986983,-3.970063971012951,-3.2970103143184946,-0.5290887853479127,-0.5434422229914017,0.3160200044054723,3.681073618202164,-1.321188020653386,2.0134008759147743
51.0,69.0,133.1137237548828,0.0374960579467293,1.3828830756994068,-3.8980810233558514,-3.2980206072637954,-0.7629815834598055,-0.529198648219739,0.3944378556072362,3.6708000602938458,-1.333673892865829,2.0096202416371507
51.0,69.0,133.11622619628906,0.0374960579467293,1.3828830756994068,-3.897473709034747,-3.2980211532425647,-0.7629815834598055,-0.529198648219739,0.3944378556072362,3.6845641091498686,-1.261884779460147,2.0096202416371507
51.0,69.0,133.16619873046875,0.0607415397274181,1.3828830756994068,-3.889209224284103,-3.534646420902547,-0.7629815834598055,-0.529198648219739,0.4007721584550456,3.6845641091498686,-1.2572668383978844,2.0096202416371507
51.0,69.0,133.2908477783203,0.0371384193669161,1.4742737388548892,-3.897461409718797,-3.2970225196185634,-0.5265275240966532,-0.5434422229914017,0.3160200044054723,3.681073618202164,-1.2858115078387748,2.009642346054397
51.0,69.0,133.2908477783203,0.0371384187081121,1.4910943386986983,-3.89597488012756,-3.297010060989371,-0.5290704771850432,-0.5434422229914017,0.3137797841374209,3.6845388729427406,-1.321188020653386,2.0134008759147743
51.0,69.0,133.3159637451172,0.0397040748042352,1.3828830756994068,-4.021014243399592,-3.2980211532425647,-0.7629815834598055,-0.529198648219739,0.3944378556072362,3.6845641091498686,-1.261884779460147,2.0312433096619724
51.0,69.0,133.3159637451172,0.0397040748042352,1.3828830756994068,-4.021014243399592,-3.2980211532425647,-0.7629815834598055,-0.529198648219739,0.3944378556072362,3.6845641091498686,-1.261884779460147,2.0312433096619724
51.0,69.0,133.3522186279297,0.0594615866135593,2.038809176886525,-3.9686967499110266,-3.356320979288739,-0.9358541516015804,-0.4565040888215326,-0.0566826784309666,3.862053509547411,-1.329576978828957,2.547909494686647
51.0,69.0,133.37258911132812,0.0594684570326073,2.043132065505799,-3.969703480209912,-3.297026023373448,-0.9392614083197997,-0.4479781229874806,-0.0582650598573266,3.847076594758244,-1.359126018567749,2.548237245782389
51.0,69.0,133.37258911132812,0.0594684570326073,2.043132065505799,-3.969703480209912,-3.297026023373448,-0.9362271752284524,-0.4479855209735692,-0.0692998795569399,3.8526101968835937,-1.370799457722666,2.548237245782389
51.0,69.0,133.42892456054688,0.0371384298615641,1.4830324122597172,-3.897461409718797,-3.2970103143184946,-0.5290887853479127,-0.5434422229914017,0.3160200044054723,3.681073618202164,-1.2623390534641894,2.0093227051023312
51.0,69.0,133.4446258544922,0.0580108727177336,2.043062536110938,-3.970327943325195,-3.297009975854156,-0.9392614083197997,-0.4490597460631641,-0.0513425825869907,3.851008825567449,-1.318269344003613,2.5480958093617088
51.0,69.0,133.4446258544922,0.0581295360262613,2.0430870904276777,-3.970327943325195,-3.297026023373448,-0.9392614083197997,-0.4490586846138126,-0.0513425825869907,3.847076594758244,-1.3182763186184772,2.548237245782389
51.0,69.0,133.4446258544922,0.058339959603047,2.0387336250315853,-3.9696286990173295,-3.2969334186928974,-0.9358541561303176,-0.4489793492803812,-0.0268419059513868,3.8615400174206727,-1.3297325735332912,2.5482762462146504
51.0,69.0,133.4446258544922,0.058339959603047,2.0387336250315853,-3.9696286990173295,-3.2969334186928974,-0.9358541561303176,-0.4578576796915416,-0.0268419059513868,3.8615400174206727,-1.3297325735332912,2.5482762462146504
51.0,69.0,133.44894409179688,0.0594615866135593,2.229117468236713,-4.035637074245193,-3.356359900635535,-0.9363644949030469,-0.4487428329113441,-0.4318798101427913,3.8606661122554624,-2.0307846139408685,2.5479852033541155
51.0,69.0,133.45127868652344,0.0594615866135593,2.229117468236713,-3.969767915245322,-3.296623058771043,-0.9358541491080254,-0.4493848472199235,-0.4318798101427913,3.852496403119131,-2.018375989703632,2.5479852033541155
51.0,69.0,133.45127868652344,0.0594615866135593,2.232656737185033,-4.03528262790523,-3.292175587098394,-0.9358541475944956,-0.4494285019988104,-0.4318798101427913,3.852496403119131,-2.018375989703632,2.5479852033541155
51.0,69.0,133.45127868652344,0.0594615866135593,2.232656737185033,-4.03528262790523,-3.292175587098394,-0.9358541475944956,-0.4494285019988104,-0.4318798101427913,3.852496403119131,-2.018375989703632,2.5479852033541155
51.0,69.0,133.45127868652344,0.0594615866135593,2.232656737185033,-4.03528262790523,-3.292175587098394,-0.9388883806858428,-0.4494211040127218,-0.420844990443178,3.8469628009937806,-2.006702550548716,2.5479852033541155
51.0,69.0,133.47161865234375,0.058339959603047,2.043062536110938,-4.049442439986411,-3.297009975854156,-0.9358540453881652,-0.4492256478444329,-0.0259126472292532,3.861478568464407,-1.31953445838831,2.5482762462146504
51.0,69.0,133.47161865234375,0.0594388609753389,2.226270885104748,-4.04258571222675,-3.296627659983385,-0.9358540453881652,-0.4493973069225285,-0.0259126472292532,3.861478568464407,-1.362253327031219,2.5482762462146504
51.0,69.0,133.47161865234375,0.058339959603047,2.043062536110938,-4.049125089173853,-3.297009975854156,-0.9358540453881652,-0.4492256478444329,-0.0258628767047858,3.861478568464407,-1.31953445838831,2.5482762462146504
51.0,69.0,133.47161865234375,0.0594615866135593,2.038809176886525,-4.046636355965275,-3.356389086033824,-0.9358541516015804,-0.4495989802195476,-0.0566826784309666,3.861491817504848,-1.329576978828957,2.547906455410057
51.0,69.0,133.47161865234375,0.0594615866135593,2.043138087965878,-4.048510490880108,-3.3563975364499976,-0.935854040859428,-0.4567503873855843,-0.055753419708833,3.861992060591145,-1.319378863683976,2.547909494686647
51.0,69.0,133.47161865234375,0.0583243916019075,2.043138087965878,-4.048510490880108,-3.3563975364499976,-0.935854040859428,-0.4566415470811659,-0.0549795216204512,3.861429379505765,-1.3195317689743666,2.5478963602832083
51.0,69.0,133.47161865234375,0.0594771546146988,2.043062536110938,-4.049125089173853,-3.297009975854156,-0.9358540453881652,-0.4493344881488513,-0.0266367747931677,3.862041249549788,-1.3193815530979192,2.548289380618089
51.0,69.0,133.538330078125,0.0362161048328705,2.043138087965878,-4.056774975630753,-3.3563975364499976,-0.935854040859428,-0.4567503873855843,-0.0620877225566424,3.861992060591145,-1.3239968047462387,2.547909494686647
51.0,69.0,133.56692504882812,0.0598069459562105,2.038809176886525,-3.9675931623313128,-3.356320979288739,-0.9358541516015804,-0.4565040888215326,-0.0632237214983795,3.862053509547411,-1.2885559618376066,2.527594503889878
51.0,69.0,133.56890869140625,0.0594615866135593,2.229117468236713,-4.035637074245193,-3.356359900635535,-1.0586286560636926,-0.1937066594795355,-0.4318798101427913,3.6903568511144416,-2.0307846139408685,2.5479852033541155
51.0,69.0,133.57562255859375,0.0594615866135593,2.038809176886525,-4.03528262790523,-3.356320979288739,-0.9358543235211184,-0.4565040888215326,-0.4318798101427913,3.852496403119131,-2.018375989703632,2.5479852033541155
51.0,69.0,133.57562255859375,0.0594615866135593,2.055109238183103,-4.039144445251457,-3.3599636150501047,-0.9358543235211184,-0.4523599464682303,-0.4318798101427913,3.8599036985307698,-2.018375989703632,2.5479852033541155
51.0,69.0,133.57562255859375,0.0594615866135593,2.038809176886525,-4.03528262790523,-3.356320979288739,-0.9358543235211184,-0.4565040888215326,-0.4318798101427913,3.852496403119131,-2.018375989703632,2.5479852033541155
51.0,69.0,133.57562255859375,0.059798212653042,2.038809176886525,-4.03528262790523,-3.356320979288739,-0.9307021488169545,-0.4565040888215326,-0.4318798101427913,3.852496403119131,-2.018375989703632,2.5479852033541155
51.0,69.0,133.57562255859375,0.0594615866135593,2.038809176886525,-4.03528262790523,-3.356320979288739,-0.9358543235211184,-0.4565040888215326,-0.4318798101427913,3.852496403119131,-2.018375989703632,2.5479852033541155
51.0,69.0,133.57562255859375,0.0600776966007019,2.038809176886525,-4.03528262790523,-3.358202704028592,-0.9315113071320592,-0.4565040888215326,-0.4124171759728348,3.852496403119131,-1.9314604451774864,2.57076092301922
51.0,69.0,133.57562255859375,0.0594615866135593,2.0388332124809634,-4.039144445251457,-3.35994920673785,-0.9358543235211184,-0.4523599464682303,-0.4318798101427913,3.852615129365751,-2.018375989703632,2.5479852033541155
51.0,69.0,133.57562255859375,0.0594615866135593,2.038809176886525,-4.03528262790523,-3.356320979288739,-0.9358543235211184,-0.4523482579295383,-0.4318798101427913,3.854732411045882,-2.018375989703632,2.5479852033541155
51.0,69.0,133.57562255859375,0.0594615866135593,2.038809176886525,-4.03528262790523,-3.356320979288739,-0.9358543235211184,-0.4565040888215326,-0.4318798101427913,3.852496403119131,-2.018375989703632,2.5479852033541155
51.0,69.0,133.57562255859375,0.0594615866135593,2.038809176886525,-4.03528262790523,-3.356320979288739,-0.9358543235211184,-0.4490123822280275,-0.4318798101427913,3.852496403119131,-2.018375989703632,2.5482172561324874
51.0,69.0,133.57562255859375,0.0581226656072134,2.038764201808404,-4.035907091020513,-3.356320979288739,-0.9358543235211184,-0.4575846504478646,-0.4249573328724554,3.852496403119131,-1.97752628975436,2.5479852033541155
51.0,69.0,133.57562255859375,0.0594615866135593,2.038809176886525,-4.03528262790523,-3.356320979288739,-0.9358543235211184,-0.4565040888215326,-0.4318798101427913,3.852496403119131,-2.018375989703632,2.5479852033541155
51.0,69.0,133.57562255859375,0.0581226656072134,2.038764201808404,-4.035907091020513,-3.356320979288739,-0.9358543235211184,-0.4487063200367043,-0.4249573328724554,3.852496403119131,-1.97752628975436,2.5479852033541155
51.0,69.0,133.57562255859375,0.0594615866135593,2.038809176886525,-4.03528262790523,-3.356320979288739,-0.9358543235211184,-0.4561266844839329,-0.4318798101427913,3.852496403119131,-2.018375989703632,2.547959725876724
51.0,70.0,133.03460693359375,0.0371384305203681,1.4857020579894658,-3.971550500604189,-3.29697102940683,-0.5265458322595227,-0.5475629861425312,0.3974935535372473,3.6811638349538938,-1.28599728382786,2.009642346054397
51.0,70.0,133.03460693359375,0.0371384194119984,1.4858104425573486,-3.962775702865044,-3.2969707760777065,-0.5291390664406859,-0.5475629861425312,0.3952533332691959,3.68462908969447,-1.28599728382786,2.009642346054397
51.0,70.0,133.04368591308594,0.0371384298615641,1.4910943386986983,-3.9632873572960254,-3.2970103143184946,-0.5290887853479127,-0.5434422229914017,0.3160200044054723,3.8077279959115664,-1.321188020653386,2.0134008759147743
51.0,70.0,133.0550994873047,0.0371384193669161,1.4857020579894658,-3.897461409718797,-3.2969707760777065,-0.5265275240966532,-0.5475697037017168,0.3952533332691959,3.68462908969447,-1.28599728382786,2.009642346054397
51.0,70.0,133.0550994873047,0.0371384193669161,1.4857020579894658,-3.897461409718797,-3.2969707760777065,-0.5265275240966532,-0.5475629861425312,0.3952533332691959,3.68462908969447,-1.28599728382786,2.009642346054397
51.0,70.0,133.0550994873047,0.0374778285687731,1.4698105153710186,-3.897461409718797,-3.2969868182455087,-0.5259528866407926,-0.5434422229914017,0.3942881418444663,3.681073618202164,-1.2866669265417243,2.009642346054397
51.0,70.0,133.0550994873047,0.0371384193669161,1.4857020579894658,-3.897461409718797,-3.2969707760777065,-0.5265275240966532,-0.5475629861425312,0.3952533332691959,3.68462908969447,-1.28599728382786,2.009642346054397
51.0,70.0,133.0550994873047,0.0374768578230817,1.4857020579894658,-3.897461409718797,-3.2969707760777065,-0.5264790538008068,-0.5475697037017168,0.3952533332691959,3.68462908969447,-1.28598593916623,2.009642346054397
51.0,70.0,133.05665588378906,0.0371384298164818,1.4909859541308157,-3.8979730641497774,-3.2970103143184946,-0.52647724300388,-0.5434422229914017,0.3160200044054723,3.8077279959115664,-1.321188020653386,2.0134008759147743
51.0,70.0,133.08372497558594,0.0371384298615641,1.4910943386986983,-3.970063971012951,-3.2970103143184946,-0.5290887853479127,-0.5434422229914017,0.3160200044054723,3.681073618202164,-1.321188020653386,2.0134008759147743
51.0,70.0,133.0878448486328,0.0363139394374937,1.4857020579894658,-3.897461409718797,-3.29697169102159,-0.5265275240966532,-0.4501581646932993,0.4097191224230709,3.68462908969447,-1.28599728382786,2.0037826500826976
51.0,70.0,133.1137237548828,0.0374960579467293,1.3828830756994068,-3.8980810233558514,-3.2980206072637954,-0.7629815834598055,-0.529198648219739,0.3944378556072362,3.6708000602938458,-1.333673892865829,2.0096202416371507
51.0,70.0,133.11622619628906,0.0374960579467293,1.3828830756994068,-3.897473709034747,-3.2980211532425647,-0.7629815834598055,-0.529198648219739,0.3944378556072362,3.6845641091498686,-1.261884779460147,2.0096202416371507
51.0,70.0,133.11622619628906,0.0374960579467293,1.3828830756994068,-3.897473709034747,-3.2980211532425647,-0.7629815834598055,-0.529198648219739,0.3944378556072362,3.6845641091498686,-1.261884779460147,2.0096202416371507
51.0,70.0,133.1257781982422,0.1626497326970855,1.4910943386986983,-3.9632873572960254,-3.2970103143184946,-0.5290887853479127,-0.5434422229914017,0.3160200044054723,3.8077279959115664,-1.321188020653386,2.0134008759147743
51.0,70.0,133.16619873046875,0.0607415397274181,1.3828830756994068,-3.889209224284103,-3.534646420902547,-0.7629815834598055,-0.529198648219739,0.4007721584550456,3.6845641091498686,-1.2572668383978844,2.0096202416371507
51.0,70.0,133.2908477783203,0.0371384193669161,1.4742737388548892,-3.897461409718797,-3.2970225196185634,-0.5265275240966532,-0.5434422229914017,0.3160200044054723,3.681073618202164,-1.2858115078387748,2.009642346054397
51.0,70.0,133.2908477783203,0.0371384187081121,1.4910943386986983,-3.89597488012756,-3.297010060989371,-0.5290704771850432,-0.5434422229914017,0.3137797841374209,3.6845388729427406,-1.321188020653386,2.0134008759147743
51.0,70.0,133.3159637451172,0.0397040748042352,1.3828830756994068,-4.021014243399592,-3.2980211532425647,-0.7629815834598055,-0.529198648219739,0.3944378556072362,3.6845641091498686,-1.261884779460147,2.0312433096619724
51.0,70.0,133.3159637451172,0.0397040748042352,1.3828830756994068,-4.021014243399592,-3.2980211532425647,-0.7629815834598055,-0.529198648219739,0.3944378556072362,3.6845641091498686,-1.261884779460147,2.0312433096619724
51.0,70.0,133.3522186279297,0.0594615866135593,2.038809176886525,-3.9686967499110266,-3.356320979288739,-0.9358541516015804,-0.4565040888215326,-0.0566826784309666,3.862053509547411,-1.329576978828957,2.547909494686647
51.0,70.0,133.3522186279297,0.0594615866135593,2.038809176886525,-3.9686967499110266,-3.356320979288739,-0.9358541516015804,-0.4565040888215326,-0.0566826784309666,3.862053509547411,-1.329576978828957,2.547909494686647
51.0,70.0,133.37258911132812,0.0594684570326073,2.043132065505799,-3.969703480209912,-3.297026023373448,-0.9392614083197997,-0.4479781229874806,-0.0582650598573266,3.847076594758244,-1.359126018567749,2.548237245782389
51.0,70.0,133.37258911132812,0.0594684570326073,2.043132065505799,-3.969703480209912,-3.297026023373448,-0.9362271752284524,-0.4479855209735692,-0.0692998795569399,3.8526101968835937,-1.370799457722666,2.548237245782389
51.0,70.0,133.37258911132812,0.0594684570326073,2.043132065505799,-3.969703480209912,-3.2970050414153693,-0.9362271752284524,-0.4494041359222144,-0.088527319819803,3.8524953228297902,-1.370799457722666,2.548237245782389
51.0,70.0,133.37258911132812,0.0594684570326073,2.0430630828245624,-3.970312746381168,-3.297026023373448,-0.939370023773237,-0.4479855209735692,-0.0692998795569399,3.851056216249652,-1.370799457722666,2.548237245782389
51.0,70.0,133.42892456054688,0.0371384298615641,1.4830324122597172,-3.897461409718797,-3.2970103143184946,-0.5290887853479127,-0.5434422229914017,0.3160200044054723,3.681073618202164,-1.2623390534641894,2.0093227051023312
51.0,70.0,133.42892456054688,0.0371384298615641,1.482951363628878,-3.895997950921688,-3.2970103143184946,-0.5290889673672429,-0.5434422229914017,0.3160200044054723,3.681073618202164,-1.2623390534641894,2.0093227051023312
51.0,70.0,133.4446258544922,0.0580108727177336,2.043062536110938,-3.970327943325195,-3.297009975854156,-0.9392614083197997,-0.4490597460631641,-0.0513425825869907,3.851008825567449,-1.318269344003613,2.5480958093617088
51.0,70.0,133.4446258544922,0.0581295360262613,2.0430870904276777,-3.970327943325195,-3.297026023373448,-0.9392614083197997,-0.4490586846138126,-0.0513425825869907,3.847076594758244,-1.3182763186184772,2.548237245782389
51.0,70.0,133.4446258544922,0.058339959603047,2.0387336250315853,-3.9696286990173295,-3.2969334186928974,-0.9358541561303176,-0.4489793492803812,-0.0268419059513868,3.8615400174206727,-1.3297325735332912,2.5482762462146504
51.0,70.0,133.4446258544922,0.058339959603047,2.0387336250315853,-3.9696286990173295,-3.2969334186928974,-0.9358541561303176,-0.4578576796915416,-0.0268419059513868,3.8615400174206727,-1.3297325735332912,2.5482762462146504
51.0,70.0,133.4446258544922,0.058339959603047,2.0387336250315853,-3.9696286990173295,-3.2969334186928974,-0.9358541561303176,-0.4489793492803812,-0.0268419059513868,3.8615400174206727,-1.3297325735332912,2.5482762462146504
51.0,70.0,133.44894409179688,0.0594615866135593,2.229117468236713,-4.035637074245193,-3.356359900635535,-0.9363644949030469,-0.4487428329113441,-0.4318798101427913,3.8606661122554624,-2.0307846139408685,2.5479852033541155
51.0,70.0,133.45127868652344,0.0594615866135593,2.229117468236713,-3.969767915245322,-3.296623058771043,-0.9358541491080254,-0.4493848472199235,-0.4318798101427913,3.852496403119131,-2.018375989703632,2.5479852033541155
51.0,70.0,133.45127868652344,0.0594615866135593,2.232656737185033,-4.03528262790523,-3.292175587098394,-0.9358541475944956,-0.4494285019988104,-0.4318798101427913,3.852496403119131,-2.018375989703632,2.5479852033541155
51.0,70.0,133.45127868652344,0.0594615866135593,2.232656737185033,-4.03528262790523,-3.292175587098394,-0.9358541475944956,-0.4494285019988104,-0.4318798101427913,3.852496403119131,-2.018375989703632,2.5479852033541155
51.0,70.0,133.45127868652344,0.0594615866135593,2.232656737185033,-4.03528262790523,-3.292175587098394,-0.9388883806858428,-0.4494211040127218,-0.420844990443178,3.8469628009937806,-2.006702550548716,2.5479852033541155
51.0,70.0,133.45127868652344,0.0594615866135593,2.232656737185033,-4.034147347790535,-3.292175587098394,-0.9358541475944956,-0.4573699139853005,-0.4318798101427913,3.852496403119131,-2.018375989703632,2.548003420598428
51.0,70.0,133.45127868652344,0.0594615866135593,2.229117468236713,-3.969767915245322,-3.296644040729122,-0.9358541491080254,-0.4479662322712783,-0.4126523698799283,3.8526112771729344,-2.018375989703632,2.5479852033541155
51.0,70.0,133.45127868652344,0.0594615866135593,2.229117468236713,-3.969767915245322,-3.296623058771043,-0.9358541491080254,-0.4493848472199235,-0.4318798101427913,3.852496403119131,-2.018375989703632,2.5479852033541155
51.0,70.0,133.47161865234375,0.058339959603047,2.043062536110938,-4.049442439986411,-3.297009975854156,-0.9358540453881652,-0.4492256478444329,-0.0259126472292532,3.861478568464407,-1.31953445838831,2.5482762462146504
51.0,70.0,133.47161865234375,0.0594388609753389,2.226270885104748,-4.04258571222675,-3.296627659983385,-0.9358540453881652,-0.4493973069225285,-0.0259126472292532,3.861478568464407,-1.362253327031219,2.5482762462146504
51.0,70.0,133.47161865234375,0.058339959603047,2.043062536110938,-4.049125089173853,-3.297009975854156,-0.9358540453881652,-0.4492256478444329,-0.0258628767047858,3.861478568464407,-1.31953445838831,2.5482762462146504
51.0,70.0,133.47161865234375,0.0594615866135593,2.038809176886525,-4.046636355965275,-3.356389086033824,-0.9358541516015804,-0.4495989802195476,-0.0566826784309666,3.861491817504848,-1.329576978828957,2.547906455410057
51.0,70.0,133.47161865234375,0.0594615866135593,2.043138087965878,-4.048510490880108,-3.3563975364499976,-0.935854040859428,-0.4567503873855843,-0.055753419708833,3.861992060591145,-1.319378863683976,2.547909494686647
51.0,70.0,133.47161865234375,0.0583243916019075,2.043138087965878,-4.048510490880108,-3.3563975364499976,-0.935854040859428,-0.4566415470811659,-0.0549795216204512,3.861429379505765,-1.3195317689743666,2.5478963602832083
51.0,70.0,133.47161865234375,0.0594771546146988,2.043062536110938,-4.049125089173853,-3.297009975854156,-0.9358540453881652,-0.4493344881488513,-0.0266367747931677,3.862041249549788,-1.3193815530979192,2.548289380618089
51.0,70.0,133.538330078125,0.0362161048328705,2.043138087965878,-4.056774975630753,-3.3563975364499976,-0.935854040859428,-0.4567503873855843,-0.0620877225566424,3.861992060591145,-1.3239968047462387,2.547909494686647
51.0,70.0,133.538330078125,0.0362161048328705,2.235424110298023,-4.056774975630753,-3.2919266227020065,-0.935854040859428,-0.4567503873855843,-0.0620877225566424,3.861992060591145,-1.3239968047462387,2.5479834901086327
51.0,71.0,133.03460693359375,0.0371384305203681,1.4857020579894658,-3.971550500604189,-3.29697102940683,-0.5265458322595227,-0.5475629861425312,0.3974935535372473,3.6811638349538938,-1.28599728382786,2.009642346054397
51.0,71.0,133.03460693359375,0.0371384194119984,1.4858104425573486,-3.962775702865044,-3.2969707760777065,-0.5291390664406859,-0.5475629861425312,0.3952533332691959,3.68462908969447,-1.28599728382786,2.009642346054397
51.0,71.0,133.03460693359375,0.0371384194119984,1.4858104425573486,-3.962775702865044,-3.2969707760777065,-0.5291390664406859,-0.5475629861425312,0.3952533332691959,3.68462908969447,-1.28599728382786,2.009642346054397
51.0,71.0,133.04368591308594,0.0371384298615641,1.4910943386986983,-3.9632873572960254,-3.2970103143184946,-0.5290887853479127,-0.5434422229914017,0.3160200044054723,3.8077279959115664,-1.321188020653386,2.0134008759147743
51.0,71.0,133.0550994873047,0.0371384193669161,1.4857020579894658,-3.897461409718797,-3.2969707760777065,-0.5265275240966532,-0.5475697037017168,0.3952533332691959,3.68462908969447,-1.28599728382786,2.009642346054397
51.0,71.0,133.0550994873047,0.0371384193669161,1.4857020579894658,-3.897461409718797,-3.2969707760777065,-0.5265275240966532,-0.5475629861425312,0.3952533332691959,3.68462908969447,-1.28599728382786,2.009642346054397
51.0,71.0,133.0550994873047,0.0374778285687731,1.4698105153710186,-3.897461409718797,-3.2969868182455087,-0.5259528866407926,-0.5434422229914017,0.3942881418444663,3.681073618202164,-1.2866669265417243,2.009642346054397
51.0,71.0,133.0550994873047,0.0371384193669161,1.4857020579894658,-3.897461409718797,-3.2969707760777065,-0.5265275240966532,-0.5475629861425312,0.3952533332691959,3.68462908969447,-1.28599728382786,2.009642346054397
51.0,71.0,133.0550994873047,0.0374768578230817,1.4857020579894658,-3.897461409718797,-3.2969707760777065,-0.5264790538008068,-0.5475697037017168,0.3952533332691959,3.68462908969447,-1.28598593916623,2.009642346054397
51.0,71.0,133.0550994873047,0.0371384298615641,1.485969907057726,-3.970063971012951,-3.2969696115970475,-0.5289759975208491,-0.5433247611998876,0.3160200044054723,3.681073618202164,-1.321188020653386,2.00960695125472
51.0,71.0,133.0550994873047,0.0371384199418525,1.485703435653234,-3.897461409718797,-3.2969707760777065,-0.5265275240966532,-0.5475629861425312,0.3952533332691959,3.68462908969447,-1.2870273833367745,2.009642346054397
51.0,71.0,133.0550994873047,0.0371384193669161,1.4911253394910997,-3.896034701491268,-3.2969707760777065,-0.5265275240966532,-0.5476400831366982,0.3952533332691959,3.685028146546248,-1.322581626111108,2.013352480984973
51.0,71.0,133.0550994873047,0.0374768578230817,1.491338282699021,-3.897461409718797,-3.2969707760777065,-0.5264790538008068,-0.543490317487152,0.4064712561656489,3.684631781456783,-1.28598593916623,2.009642346054397
51.0,71.0,133.05665588378906,0.0371384298164818,1.4909859541308157,-3.8979730641497774,-3.2970103143184946,-0.52647724300388,-0.5434422229914017,0.3160200044054723,3.8077279959115664,-1.321188020653386,2.0134008759147743
51.0,71.0,133.08372497558594,0.0371384298615641,1.4910943386986983,-3.970063971012951,-3.2970103143184946,-0.5290887853479127,-0.5434422229914017,0.3160200044054723,3.681073618202164,-1.321188020653386,2.0134008759147743
51.0,71.0,133.0878448486328,0.0363139394374937,1.4857020579894658,-3.897461409718797,-3.29697169102159,-0.5265275240966532,-0.4501581646932993,0.4097191224230709,3.68462908969447,-1.28599728382786,2.0037826500826976
51.0,71.0,133.09329223632812,0.1626497326970855,1.4910943386986983,-3.9632873572960254,-3.2970103143184946,-0.5258674061086448,-0.5434422229914017,0.3937812770039605,3.812889473830104,-1.321188020653386,2.0134008759147743
51.0,71.0,133.11181640625,0.1562905145988103,1.4910943386986983,-3.9627608212038927,-3.2970110012758247,-0.5290886326685217,-0.5435405919883973,0.3128464124038444,3.8077279959115664,-1.3231203230751465,2.00962828420278
51.0,71.0,133.1137237548828,0.0374960579467293,1.3828830756994068,-3.8980810233558514,-3.2980206072637954,-0.7629815834598055,-0.529198648219739,0.3944378556072362,3.6708000602938458,-1.333673892865829,2.0096202416371507
51.0,71.0,133.1137237548828,0.0397311961315673,1.3828830756994068,-3.8977944731194354,-3.298021153927836,-0.7629815834598055,-0.529198648219739,0.3944378556072362,3.6708000602938458,-1.3328830728827603,2.030128067506746
51.0,71.0,133.1137237548828,0.0374960579467293,1.3828830756994068,-3.8980810233558514,-3.2980206072637954,-0.7629815834598055,-0.529198648219739,0.3944378556072362,3.6708000602938458,-1.333673892865829,2.0096202416371507
51.0,71.0,133.11622619628906,0.0374960579467293,1.3828830756994068,-3.897473709034747,-3.2980211532425647,-0.7629815834598055,-0.529198648219739,0.3944378556072362,3.6845641091498686,-1.261884779460147,2.0096202416371507
51.0,71.0,133.11622619628906,0.0374960579467293,1.3828830756994068,-3.897473709034747,-3.2980211532425647,-0.7629815834598055,-0.529198648219739,0.3944378556072362,3.6845641091498686,-1.261884779460147,2.0096202416371507
51.0,71.0,133.11622619628906,0.0374307278380466,1.3828830756994068,-3.897473709034747,-3.2980211532425647,-0.7629815834598055,-0.529198648219739,0.3944378556072362,3.6845641091498686,-1.261884779460147,2.009601828578646
51.0,71.0,133.1257781982422,0.1626497326970855,1.4910943386986983,-3.9632873572960254,-3.2970103143184946,-0.5290887853479127,-0.5434422229914017,0.3160200044054723,3.8077279959115664,-1.321188020653386,2.0134008759147743
51.0,71.0,133.16619873046875,0.0607415397274181,1.3828830756994068,-3.889209224284103,-3.534646420902547,-0.7629815834598055,-0.529198648219739,0.4007721584550456,3.6845641091498686,-1.2572668383978844,2.0096202416371507
51.0,71.0,133.16775512695312,0.0371384193669161,1.4857020579894658,-3.897461409718797,-3.2969707760777065,-0.5265275240966532,-0.5475629861425312,0.3952533332691959,3.68462908969447,-1.466631452032069,2.009642346054397
51.0,71.0,133.21249389648438,0.0371384193669161,1.4750123371594133,-3.9841138907942986,-3.327039668022939,-0.5960916176209612,-0.547270392795006,0.3169000927604178,3.681073618202164,-1.2858127535949435,2.009642346054397
51.0,71.0,133.22483825683594,0.0607415397274181,1.479673710228582,-3.889373145489731,-3.302679636678618,-0.6585639107332248,-0.5291781527442683,0.401261670324275,3.684376138288215,-1.2572668383978844,2.009642254296596
51.0,71.0,133.2908477783203,0.0371384193669161,1.4742737388548892,-3.897461409718797,-3.2970225196185634,-0.5265275240966532,-0.5434422229914017,0.3160200044054723,3.681073618202164,-1.2858115078387748,2.009642346054397
51.0,71.0,133.2908477783203,0.0371384187081121,1.4910943386986983,-3.89597488012756,-3.297010060989371,-0.5290704771850432,-0.5434422229914017,0.3137797841374209,3.6845388729427406,-1.321188020653386,2.0134008759147743
51.0,71.0,133.31008911132812,0.0594684570326073,2.1955166551139795,-3.969703480209912,-3.297026023373448,-0.939375781376078,-0.4479855209735692,-0.0692998795569399,3.8526101968835937,-1.370799457722666,2.548237245782389
51.0,71.0,133.3159637451172,0.0397040748042352,1.3828830756994068,-4.021014243399592,-3.2980211532425647,-0.7629815834598055,-0.529198648219739,0.3944378556072362,3.6845641091498686,-1.261884779460147,2.0312433096619724
51.0,71.0,133.3159637451172,0.0397040748042352,1.3828830756994068,-4.021014243399592,-3.2980211532425647,-0.7629815834598055,-0.529198648219739,0.3944378556072362,3.6845641091498686,-1.261884779460147,2.0312433096619724
51.0,71.0,133.3159637451172,0.0374689366193972,1.3828830756994068,-4.021300793636008,-3.298020606578524,-0.7629815834598055,-0.529198648219739,0.3944378556072362,3.6845641091498686,-1.2626755994432153,2.0107354837923777
51.0,71.0,133.3159637451172,0.0397694049129179,1.3828830756994068,-4.021014243399592,-3.2980211532425647,-0.7629815834598055,-0.529198648219739,0.3944378556072362,3.6845641091498686,-1.261884779460147,2.031261722720477
51.0,71.0,133.3169403076172,0.1750512151553556,1.4698105153710186,-3.897461409718797,-3.2969868182455087,-0.5291742658800604,-0.5434422229914017,0.316526869245978,3.675912140283627,-1.2866669265417243,2.009642346054397
51.0,71.0,133.3522186279297,0.0594615866135593,2.038809176886525,-3.9686967499110266,-3.356320979288739,-0.9358541516015804,-0.4565040888215326,-0.0566826784309666,3.862053509547411,-1.329576978828957,2.547909494686647
51.0,71.0,133.3522186279297,0.0594615866135593,2.038809176886525,-3.9686967499110266,-3.356320979288739,-0.9358541516015804,-0.4565040888215326,-0.0566826784309666,3.862053509547411,-1.329576978828957,2.547909494686647
51.0,71.0,133.3522186279297,0.0594615866135593,2.038809176886525,-3.9686967499110266,-3.356320979288739,-0.9358541516015804,-0.4565040888215326,-0.0566826784309666,3.862053509547411,-1.329576978828957,2.547909494686647
51.0,71.0,133.37258911132812,0.0594684570326073,2.043132065505799,-3.969703480209912,-3.297026023373448,-0.9392614083197997,-0.4479781229874806,-0.0582650598573266,3.847076594758244,-1.359126018567749,2.548237245782389
51.0,71.0,133.37258911132812,0.0594684570326073,2.043132065505799,-3.969703480209912,-3.297026023373448,-0.9362271752284524,-0.4479855209735692,-0.0692998795569399,3.8526101968835937,-1.370799457722666,2.548237245782389
51.0,71.0,133.37258911132812,0.0594684570326073,2.043132065505799,-3.969703480209912,-3.2970050414153693,-0.9362271752284524,-0.4494041359222144,-0.088527319819803,3.8524953228297902,-1.370799457722666,2.548237245782389
51.0,71.0,133.37258911132812,0.0594684570326073,2.0430630828245624,-3.970312746381168,-3.297026023373448,-0.939370023773237,-0.4479855209735692,-0.0692998795569399,3.851056216249652,-1.370799457722666,2.548237245782389
51.0,71.0,133.37258911132812,0.0594684570326073,2.043128794209978,-3.970312746381168,-3.297026023373448,-0.9362214176256112,-0.4479855209735692,-0.0692998795569399,3.851056216249652,-1.370799457722666,2.548237245782389
51.0,71.0,133.42892456054688,0.0371384298615641,1.4830324122597172,-3.897461409718797,-3.2970103143184946,-0.5290887853479127,-0.5434422229914017,0.3160200044054723,3.681073618202164,-1.2623390534641894,2.0093227051023312
51.0,71.0,133.42892456054688,0.0371384298615641,1.482951363628878,-3.895997950921688,-3.2970103143184946,-0.5290889673672429,-0.5434422229914017,0.3160200044054723,3.681073618202164,-1.2623390534641894,2.0093227051023312
51.0,71.0,133.42892456054688,0.0371384298615641,1.482951363628878,-3.895997950921688,-3.2970103143184946,-0.5290889673672429,-0.5434422229914017,0.3160200044054723,3.681073618202164,-1.2623390534641894,2.0093227051023312
51.0,71.0,133.4446258544922,0.0580108727177336,2.043062536110938,-3.970327943325195,-3.297009975854156,-0.9392614083197997,-0.4490597460631641,-0.0513425825869907,3.851008825567449,-1.318269344003613,2.5480958093617088
51.0,71.0,133.4446258544922,0.0581295360262613,2.0430870904276777,-3.970327943325195,-3.297026023373448,-0.9392614083197997,-0.4490586846138126,-0.0513425825869907,3.847076594758244,-1.3182763186184772,2.548237245782389
51.0,72.0,132.98593139648438,0.0374761427733077,1.4858104425573486,-3.962775702865044,-3.2969721046328755,-0.5291390664406859,-0.5431062430587881,0.3952533332691959,3.68468213392166,-1.28599728382786,2.009642346054397
51.0,72.0,133.01531982421875,0.0371384193669161,1.4911253394910997,-3.964181834418606,-3.297009401784764,-0.5289947383864347,-0.5476400831366982,0.3937202404303934,3.685028146546248,-1.322581626111108,2.013352480984973
51.0,72.0,133.03460693359375,0.0371384305203681,1.4857020579894658,-3.971550500604189,-3.29697102940683,-0.5265458322595227,-0.5475629861425312,0.3974935535372473,3.6811638349538938,-1.28599728382786,2.009642346054397
51.0,72.0,133.03460693359375,0.0371384194119984,1.4858104425573486,-3.962775702865044,-3.2969707760777065,-0.5291390664406859,-0.5475629861425312,0.3952533332691959,3.68462908969447,-1.28599728382786,2.009642346054397
51.0,72.0,133.03460693359375,0.0371384194119984,1.4858104425573486,-3.962775702865044,-3.2969707760777065,-0.5291390664406859,-0.5475629861425312,0.3952533332691959,3.68462908969447,-1.28599728382786,2.009642346054397
51.0,72.0,133.03460693359375,0.0371384305203681,1.4857020579894658,-3.971550500604189,-3.29697102940683,-0.5290899469990628,-0.5475629861425312,0.3974935535372473,3.6810931853519415,-1.28599728382786,2.0095702129420583
51.0,72.0,133.04368591308594,0.0371384298615641,1.4910943386986983,-3.9632873572960254,-3.2970103143184946,-0.5290887853479127,-0.5434422229914017,0.3160200044054723,3.8077279959115664,-1.321188020653386,2.0134008759147743
51.0,72.0,133.04930114746094,0.0374959623252229,1.3828830756994068,-3.898072095579271,-3.2980206072637954,-0.5483598971683614,-0.5470265400458031,0.3944463778171484,3.672696532466421,-1.3370224977267289,2.0096202416371507
51.0,72.0,133.0550994873047,0.0371384193669161,1.4857020579894658,-3.897461409718797,-3.2969707760777065,-0.5265275240966532,-0.5475697037017168,0.3952533332691959,3.68462908969447,-1.28599728382786,2.009642346054397
51.0,72.0,133.0550994873047,0.0371384193669161,1.4857020579894658,-3.897461409718797,-3.2969707760777065,-0.5265275240966532,-0.5475629861425312,0.3952533332691959,3.68462908969447,-1.28599728382786,2.009642346054397
51.0,72.0,133.0550994873047,0.0374778285687731,1.4698105153710186,-3.897461409718797,-3.2969868182455087,-0.5259528866407926,-0.5434422229914017,0.3942881418444663,3.681073618202164,-1.2866669265417243,2.009642346054397
51.0,72.0,133.0550994873047,0.0371384193669161,1.4857020579894658,-3.897461409718797,-3.2969707760777065,-0.5265275240966532,-0.5475629861425312,0.3952533332691959,3.68462908969447,-1.28599728382786,2.009642346054397
51.0,72.0,133.0550994873047,0.0374768578230817,1.4857020579894658,-3.897461409718797,-3.2969707760777065,-0.5264790538008068,-0.5475697037017168,0.3952533332691959,3.68462908969447,-1.28598593916623,2.009642346054397
51.0,72.0,133.0550994873047,0.0371384298615641,1.485969907057726,-3.970063971012951,-3.2969696115970475,-0.5289759975208491,-0.5433247611998876,0.3160200044054723,3.681073618202164,-1.321188020653386,2.00960695125472
51.0,72.0,133.0550994873047,0.0371384199418525,1.485703435653234,-3.897461409718797,-3.2969707760777065,-0.5265275240966532,-0.5475629861425312,0.3952533332691959,3.68462908969447,-1.2870273833367745,2.009642346054397
51.0,72.0,133.0550994873047,0.0371384193669161,1.4911253394910997,-3.896034701491268,-3.2969707760777065,-0.5265275240966532,-0.5476400831366982,0.3952533332691959,3.685028146546248,-1.322581626111108,2.013352480984973
51.0,72.0,133.0550994873047,0.0374768578230817,1.491338282699021,-3.897461409718797,-3.2969707760777065,-0.5264790538008068,-0.543490317487152,0.4064712561656489,3.684631781456783,-1.28598593916623,2.009642346054397
51.0,72.0,133.0550994873047,0.0371384199418525,1.485703435653234,-3.897461409718797,-3.2969707760777065,-0.5265275240966532,-0.5475629356055662,0.3952533332691959,3.68462908969447,-1.2859951647709822,2.009642346054397
51.0,72.0,133.0550994873047,0.0374768578230817,1.4857020579894658,-3.897461409718797,-3.2969707760777065,-0.5264791762706357,-0.5475697037017168,0.3952533332691959,3.68462908969447,-1.28598593916623,2.009642346054397
51.0,72.0,133.0550994873047,0.0371401052074637,1.4698105153710186,-3.897461409718797,-3.29698548969034,-0.5259528866407926,-0.5478989660751448,0.3942881418444663,3.6810205739749744,-1.2866669265417243,2.009642346054397
51.0,72.0,133.05665588378906,0.0371384298164818,1.4909859541308157,-3.8979730641497774,-3.2970103143184946,-0.52647724300388,-0.5434422229914017,0.3160200044054723,3.8077279959115664,-1.321188020653386,2.0134008759147743
51.0,72.0,133.07102966308594,0.0371384298615641,1.496760562981438,-3.902550882011922,-3.297011597216857,-0.5290887853479127,-0.528688424847438,0.3943556000311342,3.8077279959115664,-1.321188020653386,2.01360952435533
51.0,72.0,133.08372497558594,0.0371384298615641,1.4910943386986983,-3.970063971012951,-3.2970103143184946,-0.5290887853479127,-0.5434422229914017,0.3160200044054723,3.681073618202164,-1.321188020653386,2.0134008759147743
51.0,72.0,133.0878448486328,0.0363139394374937,1.4857020579894658,-3.897461409718797,-3.29697169102159,-0.5265275240966532,-0.4501581646932993,0.4097191224230709,3.68462908969447,-1.28599728382786,2.0037826500826976
51.0,72.0,133.09103393554688,0.0363139394374937,1.4857004541726493,-3.964245323730528,-3.2969717100408213,-0.5290973369795958,-0.4501581646932993,0.3961414549269464,3.68462908969447,-1.28599728382786,2.0037826500826976
51.0,72.0,133.09130859375,0.3619254312501425,1.4857020579894658,-4.037187814041073,-3.2969707760777065,-0.5265274016268243,-0.5475697037017168,0.3952533332691959,3.68462908969447,-1.3819058592143507,2.009642346054397
51.0,72.0,133.09329223632812,0.1626497326970855,1.4910943386986983,-3.9632873572960254,-3.2970103143184946,-0.5258674061086448,-0.5434422229914017,0.3937812770039605,3.812889473830104,-1.321188020653386,2.0134008759147743
51.0,72.0,133.1082305908203,0.0371281329515891,1.381976126572165,-3.970063971012951,-3.298049306132411,-0.5289759975208491,-0.5433247611998876,0.3162439589579847,3.681073618202164,-1.3172781862406868,2.009606875629656
51.0,72.0,133.11181640625,0.1562905145988103,1.4910943386986983,-3.9627608212038927,-3.2970110012758247,-0.5290886326685217,-0.5435405919883973,0.3128464124038444,3.8077279959115664,-1.3231203230751465,2.00962828420278
51.0,72.0,133.1137237548828,0.0374960579467293,1.3828830756994068,-3.8980810233558514,-3.2980206072637954,-0.7629815834598055,-0.529198648219739,0.3944378556072362,3.6708000602938458,-1.333673892865829,2.0096202416371507
51.0,72.0,133.1137237548828,0.0397311961315673,1.3828830756994068,-3.8977944731194354,-3.298021153927836,-0.7629815834598055,-0.529198648219739,0.3944378556072362,3.6708000602938458,-1.3328830728827603,2.030128067506746
51.0,72.0,133.1137237548828,0.0374960579467293,1.3828830756994068,-3.8980810233558514,-3.2980206072637954,-0.7629815834598055,-0.529198648219739,0.3944378556072362,3.6708000602938458,-1.333673892865829,2.0096202416371507
51.0,72.0,133.11622619628906,0.0374960579467293,1.3828830756994068,-3.897473709034747,-3.2980211532425647,-0.7629815834598055,-0.529198648219739,0.3944378556072362,3.6845641091498686,-1.261884779460147,2.0096202416371507
51.0,72.0,133.11622619628906,0.0374960579467293,1.3828830756994068,-3.897473709034747,-3.2980211532425647,-0.7629815834598055,-0.529198648219739,0.3944378556072362,3.6845641091498686,-1.261884779460147,2.0096202416371507
51.0,72.0,133.11622619628906,0.0374307278380466,1.3828830756994068,-3.897473709034747,-3.2980211532425647,-0.7629815834598055,-0.529198648219739,0.3944378556072362,3.6845641091498686,-1.261884779460147,2.009601828578646
51.0,72.0,133.11622619628906,0.0374960579467293,1.3828830756994068,-3.897473709034747,-3.2980211532425647,-0.7629815834598055,-0.529198648219739,0.3944378556072362,3.6845641091498686,-1.261884779460147,2.0096202416371507
51.0,72.0,133.1257781982422,0.1626497326970855,1.4910943386986983,-3.9632873572960254,-3.2970103143184946,-0.5290887853479127,-0.5434422229914017,0.3160200044054723,3.8077279959115664,-1.321188020653386,2.0134008759147743
51.0,72.0,133.13760375976562,0.0371384193669161,1.469717055044443,-3.9841138907942986,-3.381401549961832,-0.5960916176209612,-0.5473524392553178,0.312566401745077,3.681073618202164,-1.2858127535949435,2.009642346054397
51.0,72.0,133.16619873046875,0.0607415397274181,1.3828830756994068,-3.889209224284103,-3.534646420902547,-0.7629815834598055,-0.529198648219739,0.4007721584550456,3.6845641091498686,-1.2572668383978844,2.0096202416371507
51.0,72.0,133.16775512695312,0.0371384193669161,1.4857020579894658,-3.897461409718797,-3.2969707760777065,-0.5265275240966532,-0.5475629861425312,0.3952533332691959,3.68462908969447,-1.466631452032069,2.009642346054397
51.0,72.0,133.16900634765625,0.0374769534445882,1.4857020579894658,-3.897470337495378,-3.2969707760777065,-0.7411007400922509,-0.5297418118756528,0.3952448110592838,3.682732617521895,-1.28263733430533,2.009642346054397
51.0,72.0,133.16900634765625,0.0375063548567043,1.486876856184968,-3.897473709034747,-3.296941458707201,-0.7629815834598055,-0.529198648219739,0.3942139010547237,3.6845641091498686,-1.2657946138728464,2.0096203172622147
51.0,72.0,133.21249389648438,0.0371384193669161,1.4750123371594133,-3.9841138907942986,-3.327039668022939,-0.5960916176209612,-0.547270392795006,0.3169000927604178,3.681073618202164,-1.2858127535949435,2.009642346054397
51.0,72.0,133.22483825683594,0.0607415397274181,1.479673710228582,-3.889373145489731,-3.302679636678618,-0.6585639107332248,-0.5291781527442683,0.401261670324275,3.684376138288215,-1.2572668383978844,2.009642254296596
51.0,72.0,133.28482055664062,0.0439423645420294,1.3828830756994068,-3.8977944731194354,-3.298017935062014,-0.743261598902615,-0.529198648219739,0.3102422640291638,3.6708000602938458,-1.3328830728827603,2.030128067506746
51.0,72.0,133.2875213623047,0.0371355438230067,1.38557560818026,-4.181498646635371,-3.2979517914805867,-0.7673835857258077,-0.5434422229914017,0.3157957414320969,3.681073618202164,-1.3262854109952564,2.009605475172837
51.0,72.0,133.2908477783203,0.0371384193669161,1.4742737388548892,-3.897461409718797,-3.2970225196185634,-0.5265275240966532,-0.5434422229914017,0.3160200044054723,3.681073618202164,-1.2858115078387748,2.009642346054397
51.0,72.0,133.2908477783203,0.0371384187081121,1.4910943386986983,-3.89597488012756,-3.297010060989371,-0.5290704771850432,-0.5434422229914017,0.3137797841374209,3.6845388729427406,-1.321188020653386,2.0134008759147743
51.0,72.0,133.2908477783203,0.0371384193669161,1.47429245463166,-3.897461409718797,-3.2970225196185634,-0.5265275240966532,-0.5433461268570388,0.3160200044054723,3.681073618202164,-1.2858115078387748,2.009642346054397
51.0,72.0,133.31008911132812,0.0594684570326073,2.1955166551139795,-3.969703480209912,-3.297026023373448,-0.939375781376078,-0.4479855209735692,-0.0692998795569399,3.8526101968835937,-1.370799457722666,2.548237245782389
51.0,73.0,132.98593139648438,0.0374761427733077,1.4858104425573486,-3.962775702865044,-3.2969721046328755,-0.5291390664406859,-0.5431062430587881,0.3952533332691959,3.68468213392166,-1.28599728382786,2.009642346054397
51.0,73.0,132.98593139648438,0.0371384193669161,1.4911253394910997,-3.964181834418606,-3.297008984941549,-0.5290967240558495,-0.5866357326459138,0.3936998387315754,3.685028146546248,-1.3228663893568011,2.013352480984973
51.0,73.0,133.01531982421875,0.0371384193669161,1.4911253394910997,-3.964181834418606,-3.297009401784764,-0.5289947383864347,-0.5476400831366982,0.3937202404303934,3.685028146546248,-1.322581626111108,2.013352480984973
51.0,73.0,133.03460693359375,0.0371384305203681,1.4857020579894658,-3.971550500604189,-3.29697102940683,-0.5265458322595227,-0.5475629861425312,0.3974935535372473,3.6811638349538938,-1.28599728382786,2.009642346054397
51.0,73.0,133.03460693359375,0.0371384194119984,1.4858104425573486,-3.962775702865044,-3.2969707760777065,-0.5291390664406859,-0.5475629861425312,0.3952533332691959,3.68462908969447,-1.28599728382786,2.009642346054397
51.0,73.0,133.03460693359375,0.0371384194119984,1.4858104425573486,-3.962775702865044,-3.2969707760777065,-0.5291390664406859,-0.5475629861425312,0.3952533332691959,3.68462908969447,-1.28599728382786,2.009642346054397
51.0,73.0,133.03460693359375,0.0371384305203681,1.4857020579894658,-3.971550500604189,-3.29697102940683,-0.5290899469990628,-0.5475629861425312,0.3974935535372473,3.6810931853519415,-1.28599728382786,2.0095702129420583
51.0,73.0,133.03460693359375,0.0371404058601746,1.4858104425573486,-3.962775702865044,-3.2969721046328755,-0.5290897358574811,-0.5431062430587881,0.3952533332691959,3.68468213392166,-1.2300399561736264,2.0095755019429893
51.0,73.0,133.03460693359375,0.0363139394374937,1.485717486468599,-3.964241178552121,-3.2970111836238587,-0.5290973369795958,-0.5537345960188678,0.3937460540597526,3.68462908969447,-1.28599728382786,2.0037826500826976
51.0,73.0,133.03460693359375,0.0371384193669161,1.4857020579894658,-3.963603835157501,-3.2969707760777065,-0.5265275240966532,-0.5434694265648184,0.3952533332691959,3.68462908969447,-1.28599728382786,2.0096390515018068
51.0,73.0,133.03460693359375,0.0371401052074637,1.470008829317771,-3.9604657207988354,-3.296985928779808,-0.5290829962397354,-0.5478989660751448,0.3943130764624696,3.6810205739749744,-1.2866669265417243,2.009642346054397
51.0,73.0,133.04368591308594,0.0371384298615641,1.4910943386986983,-3.9632873572960254,-3.2970103143184946,-0.5290887853479127,-0.5434422229914017,0.3160200044054723,3.8077279959115664,-1.321188020653386,2.0134008759147743
51.0,73.0,133.04930114746094,0.0374959623252229,1.3828830756994068,-3.898072095579271,-3.2980206072637954,-0.5483598971683614,-0.5470265400458031,0.3944463778171484,3.672696532466421,-1.3370224977267289,2.0096202416371507
51.0,73.0,133.04930114746094,0.0371556641227971,1.3828830756994068,-3.898715258868911,-3.298004836565396,-0.5539038590635523,-0.5295563054050164,0.3944378556072362,3.6708000602938458,-1.333673892865829,2.0096202416371507
51.0,73.0,133.04930114746094,0.0374959623252229,1.3828830756994068,-3.898072095579271,-3.2980206072637954,-0.5485770600646165,-0.5470718178536552,0.3952602524627978,3.672626153113903,-1.3370224977267289,2.0096202416371507
51.0,73.0,133.0550994873047,0.0371384193669161,1.4857020579894658,-3.897461409718797,-3.2969707760777065,-0.5265275240966532,-0.5475697037017168,0.3952533332691959,3.68462908969447,-1.28599728382786,2.009642346054397
51.0,73.0,133.0550994873047,0.0371384193669161,1.4857020579894658,-3.897461409718797,-3.2969707760777065,-0.5265275240966532,-0.5475629861425312,0.3952533332691959,3.68462908969447,-1.28599728382786,2.009642346054397
51.0,73.0,133.0550994873047,0.0374778285687731,1.4698105153710186,-3.897461409718797,-3.2969868182455087,-0.5259528866407926,-0.5434422229914017,0.3942881418444663,3.681073618202164,-1.2866669265417243,2.009642346054397
51.0,73.0,133.0550994873047,0.0371384193669161,1.4857020579894658,-3.897461409718797,-3.2969707760777065,-0.5265275240966532,-0.5475629861425312,0.3952533332691959,3.68462908969447,-1.28599728382786,2.009642346054397
51.0,73.0,133.0550994873047,0.0374768578230817,1.4857020579894658,-3.897461409718797,-3.2969707760777065,-0.5264790538008068,-0.5475697037017168,0.3952533332691959,3.68462908969447,-1.28598593916623,2.009642346054397
51.0,73.0,133.0550994873047,0.0371384298615641,1.485969907057726,-3.970063971012951,-3.2969696115970475,-0.5289759975208491,-0.5433247611998876,0.3160200044054723,3.681073618202164,-1.321188020653386,2.00960695125472
51.0,73.0,133.0550994873047,0.0371384199418525,1.485703435653234,-3.897461409718797,-3.2969707760777065,-0.5265275240966532,-0.5475629861425312,0.3952533332691959,3.68462908969447,-1.2870273833367745,2.009642346054397
51.0,73.0,133.0550994873047,0.0371384193669161,1.4911253394910997,-3.896034701491268,-3.2969707760777065,-0.5265275240966532,-0.5476400831366982,0.3952533332691959,3.685028146546248,-1.322581626111108,2.013352480984973
51.0,73.0,133.0550994873047,0.0374768578230817,1.491338282699021,-3.897461409718797,-3.2969707760777065,-0.5264790538008068,-0.543490317487152,0.4064712561656489,3.684631781456783,-1.28598593916623,2.009642346054397
51.0,73.0,133.0550994873047,0.0371384199418525,1.485703435653234,-3.897461409718797,-3.2969707760777065,-0.5265275240966532,-0.5475629356055662,0.3952533332691959,3.68462908969447,-1.2859951647709822,2.009642346054397
51.0,73.0,133.0550994873047,0.0374768578230817,1.4857020579894658,-3.897461409718797,-3.2969707760777065,-0.5264791762706357,-0.5475697037017168,0.3952533332691959,3.68462908969447,-1.28598593916623,2.009642346054397
51.0,73.0,133.0550994873047,0.0371401052074637,1.4698105153710186,-3.897461409718797,-3.29698548969034,-0.5259528866407926,-0.5478989660751448,0.3942881418444663,3.6810205739749744,-1.2866669265417243,2.009642346054397
51.0,73.0,133.0550994873047,0.0371384193669161,1.4911253394910997,-3.896034701491268,-3.2969707760777065,-0.5265275240966532,-0.547571516270359,0.3952533332691959,3.685028146546248,-1.322581626111108,2.0133089007519267
51.0,73.0,133.0550994873047,0.0371384199418525,1.485703435653234,-3.897461409718797,-3.2969707760777065,-0.5265275240966532,-0.5475629861425312,0.3989425266970075,3.68462908969447,-1.2870273833367745,2.009642346054397
51.0,73.0,133.0550994873047,0.0374797789070615,1.485703435653234,-3.897461409718797,-3.2969707760777065,-0.5265275240966532,-0.5435299404141825,0.3952533332691959,3.6846318119399184,-1.285985933930628,2.009642346054397
51.0,73.0,133.0550994873047,0.0371384298615641,1.485969907057726,-3.970063971012951,-3.2969696115970475,-0.5289759975208491,-0.5433247611998876,0.3160200044054723,3.681073618202164,-1.321188020653386,2.00960695125472
51.0,73.0,133.0550994873047,0.0371384305203681,1.4910127454414848,-3.895182055487019,-3.2969707698331754,-0.5265277162410429,-0.547564896588514,0.3976808730988275,3.685056768273693,-1.28599728382786,2.009642346054397
51.0,73.0,133.0550994873047,0.0371384199418525,1.485703435653234,-3.897461409718797,-3.2969707760777065,-0.5263103612003981,-0.5475176577977142,0.3944394586235466,3.684699469046989,-1.2859951647709822,2.009642346054397
51.0,73.0,133.05665588378906,0.0371384298164818,1.4909859541308157,-3.8979730641497774,-3.2970103143184946,-0.52647724300388,-0.5434422229914017,0.3160200044054723,3.8077279959115664,-1.321188020653386,2.0134008759147743
51.0,73.0,133.05665588378906,0.0371384298164818,1.4909859541308157,-3.8979730641497774,-3.2970103143184946,-0.52647724300388,-0.5435849082214558,0.3185791596208416,3.8077279959115664,-1.321188020653386,2.010104850778489
51.0,73.0,133.07102966308594,0.0371384298615641,1.496760562981438,-3.902550882011922,-3.297011597216857,-0.5290887853479127,-0.528688424847438,0.3943556000311342,3.8077279959115664,-1.321188020653386,2.01360952435533
51.0,73.0,133.08372497558594,0.0371384298615641,1.4910943386986983,-3.970063971012951,-3.2970103143184946,-0.5290887853479127,-0.5434422229914017,0.3160200044054723,3.681073618202164,-1.321188020653386,2.0134008759147743
51.0,73.0,133.0878448486328,0.0363139394374937,1.4857020579894658,-3.897461409718797,-3.29697169102159,-0.5265275240966532,-0.4501581646932993,0.4097191224230709,3.68462908969447,-1.28599728382786,2.0037826500826976
51.0,73.0,133.0878448486328,0.0363139394374937,1.4857020579894658,-3.897461409718797,-3.296971644928152,-0.5265275240966532,-0.4501581646932993,0.4097191224230709,3.68462908969447,-1.28599728382786,2.0037826500826976
51.0,73.0,133.09103393554688,0.0363139394374937,1.4857004541726493,-3.964245323730528,-3.2969717100408213,-0.5290973369795958,-0.4501581646932993,0.3961414549269464,3.68462908969447,-1.28599728382786,2.0037826500826976
51.0,73.0,133.09130859375,0.3619254312501425,1.4857020579894658,-4.037187814041073,-3.2969707760777065,-0.5265274016268243,-0.5475697037017168,0.3952533332691959,3.68462908969447,-1.3819058592143507,2.009642346054397
51.0,73.0,133.09329223632812,0.1626497326970855,1.4910943386986983,-3.9632873572960254,-3.2970103143184946,-0.5258674061086448,-0.5434422229914017,0.3937812770039605,3.812889473830104,-1.321188020653386,2.0134008759147743
51.0,73.0,133.09913635253906,0.0371384193669161,1.49110830719515,-3.964185979597013,-3.296969928201727,-0.5289947383864347,-0.4440636518111298,0.3961156412975872,3.685028146546248,-1.322581626111108,2.013352480984973
51.0,73.0,133.1082305908203,0.0371281329515891,1.381976126572165,-3.970063971012951,-3.298049306132411,-0.5289759975208491,-0.5433247611998876,0.3162439589579847,3.681073618202164,-1.3172781862406868,2.009606875629656
51.0,73.0,133.11181640625,0.1562905145988103,1.4910943386986983,-3.9627608212038927,-3.2970110012758247,-0.5290886326685217,-0.5435405919883973,0.3128464124038444,3.8077279959115664,-1.3231203230751465,2.00962828420278
51.0,73.0,133.11181640625,0.1562905145988103,1.4910943386986983,-3.96438852656556,-3.2970115959117896,-0.5290886326685217,-0.5435405919883973,0.3123996050605507,3.8077279959115664,-1.3231203230751465,2.0098561974467595
51.0,73.0,133.1137237548828,0.0374960579467293,1.3828830756994068,-3.8980810233558514,-3.2980206072637954,-0.7629815834598055,-0.529198648219739,0.3944378556072362,3.6708000602938458,-1.333673892865829,2.0096202416371507
51.0,73.0,133.1137237548828,0.0397311961315673,1.3828830756994068,-3.8977944731194354,-3.298021153927836,-0.7629815834598055,-0.529198648219739,0.3944378556072362,3.6708000602938458,-1.3328830728827603,2.030128067506746
51.0,73.0,133.1137237548828,0.0374960579467293,1.3828830756994068,-3.8980810233558514,-3.2980206072637954,-0.7629815834598055,-0.529198648219739,0.3944378556072362,3.6708000602938458,-1.333673892865829,2.0096202416371507
51.0,73.0,133.1137237548828,0.0376584453003568,1.3828830756994068,-3.8980810233558514,-3.2980206072637954,-0.7629815834598055,-0.529198648219739,0.3948387156922478,3.6708000602938458,-1.333673892865829,2.0096202416371507
51.0,74.0,132.98593139648438,0.0374761427733077,1.4858104425573486,-3.962775702865044,-3.2969721046328755,-0.5291390664406859,-0.5431062430587881,0.3952533332691959,3.68468213392166,-1.28599728382786,2.009642346054397
51.0,74.0,132.98593139648438,0.0371384193669161,1.4911253394910997,-3.964181834418606,-3.297008984941549,-0.5290967240558495,-0.5866357326459138,0.3936998387315754,3.685028146546248,-1.3228663893568011,2.013352480984973
51.0,74.0,133.01531982421875,0.0371384193669161,1.4911253394910997,-3.964181834418606,-3.297009401784764,-0.5289947383864347,-0.5476400831366982,0.3937202404303934,3.685028146546248,-1.322581626111108,2.013352480984973
51.0,74.0,133.01531982421875,0.0371384193669161,1.4911253394910997,-3.964181834418606,-3.296985785039266,-0.5290818875328728,-0.5478956912245697,0.3937202404303934,3.681105975728876,-1.322581626111108,2.009547207911622
51.0,74.0,133.01531982421875,0.0371384193669161,1.4856329542809594,-3.9636867868328,-3.297009401784764,-0.5289947383864347,-0.5476354601218774,0.3937288644410857,3.684635002812932,-1.3226905178507034,2.013352480984973
51.0,74.0,133.01531982421875,0.0371384194123031,1.4858104425573486,-3.962775702865044,-3.2969707760777065,-0.5290952540716323,-0.5470700359950075,0.3952533332691959,3.68462908969447,-1.3231019328500295,2.009642346054397
51.0,74.0,133.03460693359375,0.0371384305203681,1.4857020579894658,-3.971550500604189,-3.29697102940683,-0.5265458322595227,-0.5475629861425312,0.3974935535372473,3.6811638349538938,-1.28599728382786,2.009642346054397
51.0,74.0,133.03460693359375,0.0371384194119984,1.4858104425573486,-3.962775702865044,-3.2969707760777065,-0.5291390664406859,-0.5475629861425312,0.3952533332691959,3.68462908969447,-1.28599728382786,2.009642346054397
51.0,74.0,133.03460693359375,0.0371384194119984,1.4858104425573486,-3.962775702865044,-3.2969707760777065,-0.5291390664406859,-0.5475629861425312,0.3952533332691959,3.68462908969447,-1.28599728382786,2.009642346054397
51.0,74.0,133.03460693359375,0.0371384305203681,1.4857020579894658,-3.971550500604189,-3.29697102940683,-0.5290899469990628,-0.5475629861425312,0.3974935535372473,3.6810931853519415,-1.28599728382786,2.0095702129420583
51.0,74.0,133.03460693359375,0.0371404058601746,1.4858104425573486,-3.962775702865044,-3.2969721046328755,-0.5290897358574811,-0.5431062430587881,0.3952533332691959,3.68468213392166,-1.2300399561736264,2.0095755019429893
51.0,74.0,133.03460693359375,0.0363139394374937,1.485717486468599,-3.964241178552121,-3.2970111836238587,-0.5290973369795958,-0.5537345960188678,0.3937460540597526,3.68462908969447,-1.28599728382786,2.0037826500826976
51.0,74.0,133.03460693359375,0.0371384193669161,1.4857020579894658,-3.963603835157501,-3.2969707760777065,-0.5265275240966532,-0.5434694265648184,0.3952533332691959,3.68462908969447,-1.28599728382786,2.0096390515018068
51.0,74.0,133.03460693359375,0.0371401052074637,1.470008829317771,-3.9604657207988354,-3.296985928779808,-0.5290829962397354,-0.5478989660751448,0.3943130764624696,3.6810205739749744,-1.2866669265417243,2.009642346054397
51.0,74.0,133.03460693359375,0.0363139394374937,1.4859717606120868,-3.964241178552121,-3.296986313073864,-0.5290973369795958,-0.5478914778120673,0.3937238369749196,3.68462908969447,-1.2860522369763725,2.0094892844543164
51.0,74.0,133.03460693359375,0.0371384301522873,1.4857020579894658,-3.971550500604189,-3.29697102940683,-0.529139253591113,-0.5475629861425312,0.3974935535372473,3.684623169357754,-1.28599728382786,2.009578425879216
51.0,74.0,133.03460693359375,0.0374761427733077,1.4858104425573486,-3.962775702865044,-3.2969721046328755,-0.5529298074630018,-0.543119932685444,0.3944617998065939,3.670615198640868,-1.28599728382786,2.009642346054397
51.0,74.0,133.03460693359375,0.0371401052074637,1.470008829317771,-3.9604657207988354,-3.296985928779808,-0.5290829962397354,-0.5478989660751448,0.3943130764624696,3.6810205739749744,-1.2866669265417243,2.009642346054397
51.0,74.0,133.03460693359375,0.0371404058601746,1.4858104425573486,-3.962775702865044,-3.2969721046328755,-0.5284198355230507,-0.5287878459888883,0.3952533332691959,3.68468213392166,-1.2300399561736264,2.0096168082517
51.0,74.0,133.03460693359375,0.0374761427733077,1.4909970038284237,-3.962775702865044,-3.2969721046328755,-0.5264944210057834,-0.5431797803725695,0.3975972390641658,3.685041915484672,-1.28599728382786,2.009642346054397
51.0,74.0,133.04368591308594,0.0371384298615641,1.4910943386986983,-3.9632873572960254,-3.2970103143184946,-0.5290887853479127,-0.5434422229914017,0.3160200044054723,3.8077279959115664,-1.321188020653386,2.0134008759147743
51.0,74.0,133.04830932617188,0.0371384199418525,1.485703435653234,-3.897461409718797,-3.2969707760777065,-0.5265275240966532,-0.5475629861425312,0.4552742900914391,3.68462908969447,-1.2870273833367745,2.009642346054397
51.0,74.0,133.04930114746094,0.0374959623252229,1.3828830756994068,-3.898072095579271,-3.2980206072637954,-0.5483598971683614,-0.5470265400458031,0.3944463778171484,3.672696532466421,-1.3370224977267289,2.0096202416371507
51.0,74.0,133.04930114746094,0.0371556641227971,1.3828830756994068,-3.898715258868911,-3.298004836565396,-0.5539038590635523,-0.5295563054050164,0.3944378556072362,3.6708000602938458,-1.333673892865829,2.0096202416371507
51.0,74.0,133.04930114746094,0.0374959623252229,1.3828830756994068,-3.898072095579271,-3.2980206072637954,-0.5485770600646165,-0.5470718178536552,0.3952602524627978,3.672626153113903,-1.3370224977267289,2.0096202416371507
51.0,74.0,133.04930114746094,0.0371556641227971,1.3828830756994068,-3.898715258868911,-3.298004836565396,-0.5545737593979827,-0.5438747024749161,0.3944378556072362,3.6708000602938458,-1.333673892865829,2.0095789353284395
51.0,74.0,133.04930114746094,0.0374959623252229,1.3828830756994068,-3.898072095579271,-3.2980206072637954,-0.5480637133761908,-0.5432562184165886,0.393393849718672,3.681694525996375,-1.3370224977267289,2.0096202416371507
51.0,74.0,133.04930114746094,0.0374959623252229,1.3828830756994068,-3.898072095579271,-3.2980206072637954,-0.5485770600646165,-0.5470718178536552,0.3952602524627978,3.672626153113903,-1.3370224977267289,2.0096202416371507
51.0,74.0,133.0550994873047,0.0371384193669161,1.4857020579894658,-3.897461409718797,-3.2969707760777065,-0.5265275240966532,-0.5475697037017168,0.3952533332691959,3.68462908969447,-1.28599728382786,2.009642346054397
51.0,74.0,133.0550994873047,0.0371384193669161,1.4857020579894658,-3.897461409718797,-3.2969707760777065,-0.5265275240966532,-0.5475629861425312,0.3952533332691959,3.68462908969447,-1.28599728382786,2.009642346054397
51.0,74.0,133.0550994873047,0.0374778285687731,1.4698105153710186,-3.897461409718797,-3.2969868182455087,-0.5259528866407926,-0.5434422229914017,0.3942881418444663,3.681073618202164,-1.2866669265417243,2.009642346054397
51.0,74.0,133.0550994873047,0.0371384193669161,1.4857020579894658,-3.897461409718797,-3.2969707760777065,-0.5265275240966532,-0.5475629861425312,0.3952533332691959,3.68462908969447,-1.28599728382786,2.009642346054397
51.0,74.0,133.0550994873047,0.0374768578230817,1.4857020579894658,-3.897461409718797,-3.2969707760777065,-0.5264790538008068,-0.5475697037017168,0.3952533332691959,3.68462908969447,-1.28598593916623,2.009642346054397
51.0,74.0,133.0550994873047,0.0371384298615641,1.485969907057726,-3.970063971012951,-3.2969696115970475,-0.5289759975208491,-0.5433247611998876,0.3160200044054723,3.681073618202164,-1.321188020653386,2.00960695125472
51.0,74.0,133.0550994873047,0.0371384199418525,1.485703435653234,-3.897461409718797,-3.2969707760777065,-0.5265275240966532,-0.5475629861425312,0.3952533332691959,3.68462908969447,-1.2870273833367745,2.009642346054397
51.0,74.0,133.0550994873047,0.0371384193669161,1.4911253394910997,-3.896034701491268,-3.2969707760777065,-0.5265275240966532,-0.5476400831366982,0.3952533332691959,3.685028146546248,-1.322581626111108,2.013352480984973
51.0,74.0,133.0550994873047,0.0374768578230817,1.491338282699021,-3.897461409718797,-3.2969707760777065,-0.5264790538008068,-0.543490317487152,0.4064712561656489,3.684631781456783,-1.28598593916623,2.009642346054397
51.0,74.0,133.0550994873047,0.0371384199418525,1.485703435653234,-3.897461409718797,-3.2969707760777065,-0.5265275240966532,-0.5475629356055662,0.3952533332691959,3.68462908969447,-1.2859951647709822,2.009642346054397
51.0,74.0,133.0550994873047,0.0374768578230817,1.4857020579894658,-3.897461409718797,-3.2969707760777065,-0.5264791762706357,-0.5475697037017168,0.3952533332691959,3.68462908969447,-1.28598593916623,2.009642346054397
51.0,74.0,133.0550994873047,0.0371401052074637,1.4698105153710186,-3.897461409718797,-3.29698548969034,-0.5259528866407926,-0.5478989660751448,0.3942881418444663,3.6810205739749744,-1.2866669265417243,2.009642346054397
51.0,74.0,133.0550994873047,0.0371384193669161,1.4911253394910997,-3.896034701491268,-3.2969707760777065,-0.5265275240966532,-0.547571516270359,0.3952533332691959,3.685028146546248,-1.322581626111108,2.0133089007519267
51.0,74.0,133.0550994873047,0.0371384199418525,1.485703435653234,-3.897461409718797,-3.2969707760777065,-0.5265275240966532,-0.5475629861425312,0.3989425266970075,3.68462908969447,-1.2870273833367745,2.009642346054397
51.0,74.0,133.0550994873047,0.0374797789070615,1.485703435653234,-3.897461409718797,-3.2969707760777065,-0.5265275240966532,-0.5435299404141825,0.3952533332691959,3.6846318119399184,-1.285985933930628,2.009642346054397
51.0,74.0,133.0550994873047,0.0371384298615641,1.485969907057726,-3.970063971012951,-3.2969696115970475,-0.5289759975208491,-0.5433247611998876,0.3160200044054723,3.681073618202164,-1.321188020653386,2.00960695125472
51.0,74.0,133.0550994873047,0.0371384305203681,1.4910127454414848,-3.895182055487019,-3.2969707698331754,-0.5265277162410429,-0.547564896588514,0.3976808730988275,3.685056768273693,-1.28599728382786,2.009642346054397
51.0,74.0,133.0550994873047,0.0371384199418525,1.485703435653234,-3.897461409718797,-3.2969707760777065,-0.5263103612003981,-0.5475176577977142,0.3944394586235466,3.684699469046989,-1.2859951647709822,2.009642346054397
51.0,74.0,133.0550994873047,0.037167535007995,1.485703435653234,-3.897461409718797,-3.2969707760777065,-0.52652704936467,-0.5435299404141825,0.3944141965129891,3.684631178266542,-1.2859956956400485,2.009642346054397
51.0,74.0,133.0550994873047,0.0371384305203681,1.48582618417041,-3.895182055487019,-3.2969707698331754,-0.5291723616759454,-0.5474913592747326,0.3953369673038576,3.684696986710681,-1.28599728382786,2.009642346054397
51.0,74.0,133.0550994873047,0.0371399163106798,1.4857020579894658,-3.897461409718797,-3.2969707760777065,-0.5265306944255972,-0.5475696840072157,0.3952533332691959,3.68462908969447,-1.2859860581328837,2.009642346054397
51.0,74.0,133.0550994873047,0.0371384298615641,1.485969907057726,-3.970063971012951,-3.2969696115970475,-0.5292721813130197,-0.5470950828291021,0.3170725325039487,3.6720756246722095,-1.321188020653386,2.00960695125472
51.0,75.0,132.98593139648438,0.0374761427733077,1.4858104425573486,-3.962775702865044,-3.2969721046328755,-0.5291390664406859,-0.5431062430587881,0.3952533332691959,3.68468213392166,-1.28599728382786,2.009642346054397
51.0,75.0,132.98593139648438,0.0371384193669161,1.4911253394910997,-3.964181834418606,-3.297008984941549,-0.5290967240558495,-0.5866357326459138,0.3936998387315754,3.685028146546248,-1.3228663893568011,2.013352480984973
51.0,75.0,132.98593139648438,0.0371384193669161,1.4859058378691905,-3.9642021653731088,-3.296985785039266,-0.5290949169745851,-0.5478956912245697,0.3937112219882769,3.681105975728876,-1.322581626111108,2.0095459604233854
51.0,75.0,132.98593139648438,0.0867431250198835,1.4857020579894658,-3.971550500604189,-3.29697102940683,-0.5290899469990628,-0.5475629861425312,0.3974935535372473,3.6810931853519415,-1.28599728382786,2.0095658447633835
51.0,75.0,132.98593139648438,0.0371384194119984,1.4825652483704788,-3.962775702865044,-3.2969725066865263,-0.5478542789834203,-0.5431582722298159,0.3952533332691959,3.68462908969447,-1.28599728382786,2.009640965757445
51.0,75.0,132.987548828125,0.0371384193669161,1.4911253394910997,-3.965104317069836,-3.296970551461452,-0.65417278294108,-0.4990407628162711,0.3937283107939439,3.685028146546248,-1.322581626111108,2.0133089007519267
51.0,75.0,133.01531982421875,0.0371384193669161,1.4911253394910997,-3.964181834418606,-3.297009401784764,-0.5289947383864347,-0.5476400831366982,0.3937202404303934,3.685028146546248,-1.322581626111108,2.013352480984973
51.0,75.0,133.01531982421875,0.0371384193669161,1.4911253394910997,-3.964181834418606,-3.296985785039266,-0.5290818875328728,-0.5478956912245697,0.3937202404303934,3.681105975728876,-1.322581626111108,2.009547207911622
51.0,75.0,133.01531982421875,0.0371384193669161,1.4856329542809594,-3.9636867868328,-3.297009401784764,-0.5289947383864347,-0.5476354601218774,0.3937288644410857,3.684635002812932,-1.3226905178507034,2.013352480984973
51.0,75.0,133.01531982421875,0.0371384194123031,1.4858104425573486,-3.962775702865044,-3.2969707760777065,-0.5290952540716323,-0.5470700359950075,0.3952533332691959,3.68462908969447,-1.3231019328500295,2.009642346054397
51.0,75.0,133.01531982421875,0.0374827918283021,1.4911334357343344,-3.964181834418606,-3.296973737934728,-0.5265847664358687,-0.5432422166414025,0.3973694138690218,3.6850283600057177,-1.323964143474945,2.013352480984973
51.0,75.0,133.01531982421875,0.0371384193669161,1.4911253394910997,-3.964256219358802,-3.296985828040546,-0.5290818875328728,-0.5469728817478197,0.3936860199549615,3.680921814163392,-1.322581626111108,2.009547207911622
51.0,75.0,133.02288818359375,0.0371384193669161,1.4437483662928188,-3.8951122188400378,-3.297009626401019,-0.5290198609740281,-0.5476400831366982,0.3952452629056454,3.685028146546248,-1.322581626111108,2.013352480984973
51.0,75.0,133.03460693359375,0.0371384305203681,1.4857020579894658,-3.971550500604189,-3.29697102940683,-0.5265458322595227,-0.5475629861425312,0.3974935535372473,3.6811638349538938,-1.28599728382786,2.009642346054397
51.0,75.0,133.03460693359375,0.0371384194119984,1.4858104425573486,-3.962775702865044,-3.2969707760777065,-0.5291390664406859,-0.5475629861425312,0.3952533332691959,3.68462908969447,-1.28599728382786,2.009642346054397
51.0,75.0,133.03460693359375,0.0371384194119984,1.4858104425573486,-3.962775702865044,-3.2969707760777065,-0.5291390664406859,-0.5475629861425312,0.3952533332691959,3.68462908969447,-1.28599728382786,2.009642346054397
51.0,75.0,133.03460693359375,0.0371384305203681,1.4857020579894658,-3.971550500604189,-3.29697102940683,-0.5290899469990628,-0.5475629861425312,0.3974935535372473,3.6810931853519415,-1.28599728382786,2.0095702129420583
51.0,75.0,133.03460693359375,0.0371404058601746,1.4858104425573486,-3.962775702865044,-3.2969721046328755,-0.5290897358574811,-0.5431062430587881,0.3952533332691959,3.68468213392166,-1.2300399561736264,2.0095755019429893
51.0,75.0,133.03460693359375,0.0363139394374937,1.485717486468599,-3.964241178552121,-3.2970111836238587,-0.5290973369795958,-0.5537345960188678,0.3937460540597526,3.68462908969447,-1.28599728382786,2.0037826500826976
51.0,75.0,133.03460693359375,0.0371384193669161,1.4857020579894658,-3.963603835157501,-3.2969707760777065,-0.5265275240966532,-0.5434694265648184,0.3952533332691959,3.68462908969447,-1.28599728382786,2.0096390515018068
51.0,75.0,133.03460693359375,0.0371401052074637,1.470008829317771,-3.9604657207988354,-3.296985928779808,-0.5290829962397354,-0.5478989660751448,0.3943130764624696,3.6810205739749744,-1.2866669265417243,2.009642346054397
51.0,75.0,133.03460693359375,0.0363139394374937,1.4859717606120868,-3.964241178552121,-3.296986313073864,-0.5290973369795958,-0.5478914778120673,0.3937238369749196,3.68462908969447,-1.2860522369763725,2.0094892844543164
51.0,75.0,133.03460693359375,0.0371384301522873,1.4857020579894658,-3.971550500604189,-3.29697102940683,-0.529139253591113,-0.5475629861425312,0.3974935535372473,3.684623169357754,-1.28599728382786,2.009578425879216
51.0,75.0,133.03460693359375,0.0374761427733077,1.4858104425573486,-3.962775702865044,-3.2969721046328755,-0.5529298074630018,-0.543119932685444,0.3944617998065939,3.670615198640868,-1.28599728382786,2.009642346054397
51.0,75.0,133.03460693359375,0.0371401052074637,1.470008829317771,-3.9604657207988354,-3.296985928779808,-0.5290829962397354,-0.5478989660751448,0.3943130764624696,3.6810205739749744,-1.2866669265417243,2.009642346054397
51.0,75.0,133.03460693359375,0.0371404058601746,1.4858104425573486,-3.962775702865044,-3.2969721046328755,-0.5284198355230507,-0.5287878459888883,0.3952533332691959,3.68468213392166,-1.2300399561736264,2.0096168082517
51.0,75.0,133.03460693359375,0.0374761427733077,1.4909970038284237,-3.962775702865044,-3.2969721046328755,-0.5264944210057834,-0.5431797803725695,0.3975972390641658,3.685041915484672,-1.28599728382786,2.009642346054397
51.0,75.0,133.03460693359375,0.0374761427733077,1.4856906292580323,-3.969942594124568,-3.296972109121992,-0.5555468370186328,-0.543119932685444,0.3944617998065939,3.670845456459536,-1.28599728382786,2.009642346054397
51.0,75.0,133.03460693359375,0.0362936837220531,1.485717486468599,-3.964241178552121,-3.2970111836238587,-0.529097341362233,-0.5537345960188678,0.3937460540597526,3.68462908969447,-1.28599728382786,2.0037638802880946
51.0,75.0,133.03460693359375,0.0363139394374937,1.485717486468599,-3.964241178552121,-3.2970111836238587,-0.5290973369795958,-0.5537345960188678,0.3937460540597526,3.68462908969447,-1.28599728382786,2.0037826500826976
51.0,75.0,133.03460693359375,0.0371399769161153,1.4856329542809594,-3.9636867868328,-3.296985112125682,-0.5289938812528794,-0.5476354601218774,0.3943876510356491,3.6847375596391263,-1.2865854200767597,2.013352480984973
51.0,75.0,133.03460693359375,0.0371404058601746,1.4858104425573486,-3.962775702865044,-3.2969721046328755,-0.5290897358574811,-0.5431062430587881,0.3952533332691959,3.68468213392166,-1.2300399561736264,2.041758312013574
51.0,75.0,133.03460693359375,0.0371404058601746,1.4858104425573486,-3.962775702865044,-3.2969721046328755,-0.5284198355230507,-0.5287878459888883,0.3952533332691959,3.68468213392166,-1.2300399561736264,2.0096168082517
51.0,75.0,133.03460693359375,0.037138430472072,1.4857020579894658,-3.963603835157501,-3.2969707760777065,-0.5265276417033502,-0.5472380669021671,0.3953434519147244,3.68462908969447,-1.28599728382786,2.0096424495097884
51.0,75.0,133.042236328125,0.0371223592051205,1.4859726861985212,-3.964241178552121,-3.296986313073864,-0.4862903841527614,-0.5280553489210303,0.3937238369749196,3.684681991722917,-1.2860522369763725,2.0096152074436944
51.0,75.0,133.04368591308594,0.0371384298615641,1.4910943386986983,-3.9632873572960254,-3.2970103143184946,-0.5290887853479127,-0.5434422229914017,0.3160200044054723,3.8077279959115664,-1.321188020653386,2.0134008759147743
51.0,75.0,133.04368591308594,0.0371384298615641,1.4910943386986983,-3.9632873572960254,-3.297008990015919,-0.5290887853479127,-0.5434422229914017,0.3160200044054723,3.8077279959115664,-1.321188020653386,2.013398851452384
51.0,75.0,133.04830932617188,0.0371384199418525,1.485703435653234,-3.897461409718797,-3.2969707760777065,-0.5265275240966532,-0.5475629861425312,0.4552742900914391,3.68462908969447,-1.2870273833367745,2.009642346054397
51.0,75.0,133.04930114746094,0.0374959623252229,1.3828830756994068,-3.898072095579271,-3.2980206072637954,-0.5483598971683614,-0.5470265400458031,0.3944463778171484,3.672696532466421,-1.3370224977267289,2.0096202416371507
51.0,75.0,133.04930114746094,0.0371556641227971,1.3828830756994068,-3.898715258868911,-3.298004836565396,-0.5539038590635523,-0.5295563054050164,0.3944378556072362,3.6708000602938458,-1.333673892865829,2.0096202416371507
51.0,75.0,133.04930114746094,0.0374959623252229,1.3828830756994068,-3.898072095579271,-3.2980206072637954,-0.5485770600646165,-0.5470718178536552,0.3952602524627978,3.672626153113903,-1.3370224977267289,2.0096202416371507
51.0,75.0,133.04930114746094,0.0371556641227971,1.3828830756994068,-3.898715258868911,-3.298004836565396,-0.5545737593979827,-0.5438747024749161,0.3944378556072362,3.6708000602938458,-1.333673892865829,2.0095789353284395
51.0,75.0,133.04930114746094,0.0374959623252229,1.3828830756994068,-3.898072095579271,-3.2980206072637954,-0.5480637133761908,-0.5432562184165886,0.393393849718672,3.681694525996375,-1.3370224977267289,2.0096202416371507
51.0,75.0,133.04930114746094,0.0374959623252229,1.3828830756994068,-3.898072095579271,-3.2980206072637954,-0.5485770600646165,-0.5470718178536552,0.3952602524627978,3.672626153113903,-1.3370224977267289,2.0096202416371507
51.0,75.0,133.04930114746094,0.0371604623141865,1.3843894424358345,-3.898072095579271,-3.2980206072637954,-0.5485770600646165,-0.5476110028241519,0.3952602524627978,3.672330592399946,-1.337760634321011,2.0096202416371507
51.0,75.0,133.04930114746094,0.0374959623252229,1.3828830756994068,-3.898072095579271,-3.2980206072637954,-0.5485770600646165,-0.5470718178536552,0.3952602524627978,3.672626153113903,-1.3370224977267289,2.0096202416371507
51.0,75.0,133.04930114746094,0.0371546529799168,1.3828830756994068,-3.898715258868911,-3.296985405213961,-0.5539038590635523,-0.5280574222551687,0.3944384463274648,3.6708000602938458,-1.333673892865829,2.0096202416371507
51.0,75.0,133.0550994873047,0.0371384193669161,1.4857020579894658,-3.897461409718797,-3.2969707760777065,-0.5265275240966532,-0.5475697037017168,0.3952533332691959,3.68462908969447,-1.28599728382786,2.009642346054397
51.0,75.0,133.0550994873047,0.0371384193669161,1.4857020579894658,-3.897461409718797,-3.2969707760777065,-0.5265275240966532,-0.5475629861425312,0.3952533332691959,3.68462908969447,-1.28599728382786,2.009642346054397
51.0,75.0,133.0550994873047,0.0374778285687731,1.4698105153710186,-3.897461409718797,-3.2969868182455087,-0.5259528866407926,-0.5434422229914017,0.3942881418444663,3.681073618202164,-1.2866669265417243,2.009642346054397
51.0,76.0,132.98593139648438,0.0374761427733077,1.4858104425573486,-3.962775702865044,-3.2969721046328755,-0.5291390664406859,-0.5431062430587881,0.3952533332691959,3.68468213392166,-1.28599728382786,2.009642346054397
51.0,76.0,132.98593139648438,0.0371384193669161,1.4911253394910997,-3.964181834418606,-3.297008984941549,-0.5290967240558495,-0.5866357326459138,0.3936998387315754,3.685028146546248,-1.3228663893568011,2.013352480984973
51.0,76.0,132.98593139648438,0.0371384193669161,1.4859058378691905,-3.9642021653731088,-3.296985785039266,-0.5290949169745851,-0.5478956912245697,0.3937112219882769,3.681105975728876,-1.322581626111108,2.0095459604233854
51.0,76.0,132.98593139648438,0.0867431250198835,1.4857020579894658,-3.971550500604189,-3.29697102940683,-0.5290899469990628,-0.5475629861425312,0.3974935535372473,3.6810931853519415,-1.28599728382786,2.0095658447633835
51.0,76.0,132.98593139648438,0.0371384194119984,1.4825652483704788,-3.962775702865044,-3.2969725066865263,-0.5478542789834203,-0.5431582722298159,0.3952533332691959,3.68462908969447,-1.28599728382786,2.009640965757445
51.0,76.0,132.98593139648438,0.0371384451883757,1.4858052213035715,-3.9642021653731088,-3.296985686781307,-0.5290949169745851,-0.5476311908480183,0.393502617059244,3.681105975728876,-1.322581626111108,2.0095459604233854
51.0,76.0,132.98593139648438,0.0371401052074637,1.470008829317771,-3.96424987105934,-3.2969858725839214,-0.5288649243052802,-0.5478989660751448,0.3943130764624696,3.681177643785732,-1.3242964857366664,2.009642346054397
51.0,76.0,132.98593139648438,0.037164339627696,1.4855047801973913,-3.962775702865044,-3.2969725066865263,-0.5293646996296689,-0.5428305973843832,0.3952533332691959,3.68462908969447,-1.28599728382786,2.009558438016854
51.0,76.0,132.98593139648438,0.0834002227551446,1.491051376351794,-3.96417149036242,-3.296971016534773,-0.5290899469990628,-0.5475629861425312,0.3974935535372473,3.6810931853519415,-1.2864857439284385,2.0095658447633835
51.0,76.0,132.98593139648438,0.0371401238193619,1.492734749620772,-3.964181834418606,-3.296985917550605,-0.5290967240558495,-0.5866357326459138,0.3936998387315754,3.685028146546248,-1.3228663893568011,2.013352480984973
51.0,76.0,132.98593139648438,0.0374638677523558,1.485717486468599,-3.964241178552121,-3.2970111836238587,-0.5290999723402122,-0.5426811251964015,0.4068041019089384,3.684626062711392,-1.28599728382786,2.0037638802880946
51.0,76.0,132.98593139648438,0.0374827918283021,1.4911334357343344,-3.960397684158103,-3.2969737941306145,-0.5268028383703239,-0.5432422166414025,0.3973694138690218,3.68487129019496,-1.2863345842800031,2.013352480984973
51.0,76.0,132.987548828125,0.0371384193669161,1.4911253394910997,-3.965104317069836,-3.296970551461452,-0.65417278294108,-0.4990407628162711,0.3937283107939439,3.685028146546248,-1.322581626111108,2.0133089007519267
51.0,76.0,133.01531982421875,0.0371384193669161,1.4911253394910997,-3.964181834418606,-3.297009401784764,-0.5289947383864347,-0.5476400831366982,0.3937202404303934,3.685028146546248,-1.322581626111108,2.013352480984973
51.0,76.0,133.01531982421875,0.0371384193669161,1.4911253394910997,-3.964181834418606,-3.296985785039266,-0.5290818875328728,-0.5478956912245697,0.3937202404303934,3.681105975728876,-1.322581626111108,2.009547207911622
51.0,76.0,133.01531982421875,0.0371384193669161,1.4856329542809594,-3.9636867868328,-3.297009401784764,-0.5289947383864347,-0.5476354601218774,0.3937288644410857,3.684635002812932,-1.3226905178507034,2.013352480984973
51.0,76.0,133.01531982421875,0.0371384194123031,1.4858104425573486,-3.962775702865044,-3.2969707760777065,-0.5290952540716323,-0.5470700359950075,0.3952533332691959,3.68462908969447,-1.3231019328500295,2.009642346054397
51.0,76.0,133.01531982421875,0.0374827918283021,1.4911334357343344,-3.964181834418606,-3.296973737934728,-0.5265847664358687,-0.5432422166414025,0.3973694138690218,3.6850283600057177,-1.323964143474945,2.013352480984973
51.0,76.0,133.01531982421875,0.0371384193669161,1.4911253394910997,-3.964256219358802,-3.296985828040546,-0.5290818875328728,-0.5469728817478197,0.3936860199549615,3.680921814163392,-1.322581626111108,2.009547207911622
51.0,76.0,133.01531982421875,0.0404813216316551,1.4857760211287714,-3.971560844660375,-3.2970094146568214,-0.5289947383864347,-0.5476400831366982,0.3937202404303934,3.685028146546248,-1.3220931660105295,2.013352480984973
51.0,76.0,133.01531982421875,0.0371384194123031,1.4858104425573486,-3.962775702865044,-3.2969707760777065,-0.5290952540716323,-0.5470700359950075,0.3952533332691959,3.68462908969447,-1.3231019328500295,2.009642346054397
51.0,76.0,133.01531982421875,0.0374761427733077,1.4857351302661177,-3.962775702865044,-3.2969721046328755,-0.5264944210057834,-0.5431797803725695,0.3975972390641658,3.684460508971117,-1.3282302633423992,2.009642346054397
51.0,76.0,133.01531982421875,0.0371384193669161,1.4856329542809594,-3.963684228141752,-3.297009401784764,-0.5289947383864347,-0.5476354601218774,0.3937288644410857,3.6811851375033022,-1.3226905178507034,2.013352480984973
51.0,76.0,133.01531982421875,0.0371384193669161,1.4911253394910997,-3.964181834418606,-3.296971417108334,-0.5265522141186582,-0.5475652775592554,0.3937202404303934,3.6814585065244434,-1.322581626111108,2.013556085930726
51.0,76.0,133.02288818359375,0.0371384193669161,1.4437483662928188,-3.8951122188400378,-3.297009626401019,-0.5290198609740281,-0.5476400831366982,0.3952452629056454,3.685028146546248,-1.322581626111108,2.013352480984973
51.0,76.0,133.02288818359375,0.0371384193669161,1.4437483662928188,-3.8951122188400378,-3.297008515880369,-0.5290198609740281,-0.5477485002967679,0.395244741326384,3.685028146546248,-1.3213006081922238,2.013224343566433
51.0,76.0,133.02288818359375,0.0371549183462112,1.4437483662928188,-3.8952419746821954,-3.297009290989033,-0.5552778532335944,-0.5237067205733889,0.394438248868231,3.685028146546248,-1.322581626111108,2.0131751182428066
51.0,76.0,133.03460693359375,0.0371384305203681,1.4857020579894658,-3.971550500604189,-3.29697102940683,-0.5265458322595227,-0.5475629861425312,0.3974935535372473,3.6811638349538938,-1.28599728382786,2.009642346054397
51.0,76.0,133.03460693359375,0.0371384194119984,1.4858104425573486,-3.962775702865044,-3.2969707760777065,-0.5291390664406859,-0.5475629861425312,0.3952533332691959,3.68462908969447,-1.28599728382786,2.009642346054397
51.0,76.0,133.03460693359375,0.0371384194119984,1.4858104425573486,-3.962775702865044,-3.2969707760777065,-0.5291390664406859,-0.5475629861425312,0.3952533332691959,3.68462908969447,-1.28599728382786,2.009642346054397
51.0,76.0,133.03460693359375,0.0371384305203681,1.4857020579894658,-3.971550500604189,-3.29697102940683,-0.5290899469990628,-0.5475629861425312,0.3974935535372473,3.6810931853519415,-1.28599728382786,2.0095702129420583
51.0,76.0,133.03460693359375,0.0371404058601746,1.4858104425573486,-3.962775702865044,-3.2969721046328755,-0.5290897358574811,-0.5431062430587881,0.3952533332691959,3.68468213392166,-1.2300399561736264,2.0095755019429893
51.0,76.0,133.03460693359375,0.0363139394374937,1.485717486468599,-3.964241178552121,-3.2970111836238587,-0.5290973369795958,-0.5537345960188678,0.3937460540597526,3.68462908969447,-1.28599728382786,2.0037826500826976
51.0,76.0,133.03460693359375,0.0371384193669161,1.4857020579894658,-3.963603835157501,-3.2969707760777065,-0.5265275240966532,-0.5434694265648184,0.3952533332691959,3.68462908969447,-1.28599728382786,2.0096390515018068
51.0,76.0,133.03460693359375,0.0371401052074637,1.470008829317771,-3.9604657207988354,-3.296985928779808,-0.5290829962397354,-0.5478989660751448,0.3943130764624696,3.6810205739749744,-1.2866669265417243,2.009642346054397
51.0,76.0,133.03460693359375,0.0363139394374937,1.4859717606120868,-3.964241178552121,-3.296986313073864,-0.5290973369795958,-0.5478914778120673,0.3937238369749196,3.68462908969447,-1.2860522369763725,2.0094892844543164
51.0,76.0,133.03460693359375,0.0371384301522873,1.4857020579894658,-3.971550500604189,-3.29697102940683,-0.529139253591113,-0.5475629861425312,0.3974935535372473,3.684623169357754,-1.28599728382786,2.009578425879216
51.0,76.0,133.03460693359375,0.0374761427733077,1.4858104425573486,-3.962775702865044,-3.2969721046328755,-0.5529298074630018,-0.543119932685444,0.3944617998065939,3.670615198640868,-1.28599728382786,2.009642346054397
51.0,76.0,133.03460693359375,0.0371401052074637,1.470008829317771,-3.9604657207988354,-3.296985928779808,-0.5290829962397354,-0.5478989660751448,0.3943130764624696,3.6810205739749744,-1.2866669265417243,2.009642346054397
51.0,76.0,133.03460693359375,0.0371404058601746,1.4858104425573486,-3.962775702865044,-3.2969721046328755,-0.5284198355230507,-0.5287878459888883,0.3952533332691959,3.68468213392166,-1.2300399561736264,2.0096168082517
51.0,76.0,133.03460693359375,0.0374761427733077,1.4909970038284237,-3.962775702865044,-3.2969721046328755,-0.5264944210057834,-0.5431797803725695,0.3975972390641658,3.685041915484672,-1.28599728382786,2.009642346054397
51.0,76.0,133.03460693359375,0.0374761427733077,1.4856906292580323,-3.969942594124568,-3.296972109121992,-0.5555468370186328,-0.543119932685444,0.3944617998065939,3.670845456459536,-1.28599728382786,2.009642346054397
51.0,76.0,133.03460693359375,0.0362936837220531,1.485717486468599,-3.964241178552121,-3.2970111836238587,-0.529097341362233,-0.5537345960188678,0.3937460540597526,3.68462908969447,-1.28599728382786,2.0037638802880946
51.0,76.0,133.03460693359375,0.0363139394374937,1.485717486468599,-3.964241178552121,-3.2970111836238587,-0.5290973369795958,-0.5537345960188678,0.3937460540597526,3.68462908969447,-1.28599728382786,2.0037826500826976
51.0,76.0,133.03460693359375,0.0371399769161153,1.4856329542809594,-3.9636867868328,-3.296985112125682,-0.5289938812528794,-0.5476354601218774,0.3943876510356491,3.6847375596391263,-1.2865854200767597,2.013352480984973
51.0,76.0,133.03460693359375,0.0371404058601746,1.4858104425573486,-3.962775702865044,-3.2969721046328755,-0.5290897358574811,-0.5431062430587881,0.3952533332691959,3.68468213392166,-1.2300399561736264,2.041758312013574
51.0,76.0,133.03460693359375,0.0371404058601746,1.4858104425573486,-3.962775702865044,-3.2969721046328755,-0.5284198355230507,-0.5287878459888883,0.3952533332691959,3.68468213392166,-1.2300399561736264,2.0096168082517
51.0,76.0,133.03460693359375,0.037138430472072,1.4857020579894658,-3.963603835157501,-3.2969707760777065,-0.5265276417033502,-0.5472380669021671,0.3953434519147244,3.68462908969447,-1.28599728382786,2.0096424495097884
51.0,76.0,133.03460693359375,0.0371404058601746,1.4858104425573486,-3.962775702865044,-3.2969721046328755,-0.5283543216262788,-0.5427243858598089,0.3980153728250635,3.684687259094021,-1.2846051905050664,2.0096168082517
51.0,76.0,133.03460693359375,0.036288019221796,1.4827779546416866,-3.964241178552121,-3.2970111836238587,-0.5475869163333472,-0.5540622708643004,0.3937460540597526,3.68462908969447,-1.28599728382786,2.0038651778232888
51.0,77.0,132.98593139648438,0.0374761427733077,1.4858104425573486,-3.962775702865044,-3.2969721046328755,-0.5291390664406859,-0.5431062430587881,0.3952533332691959,3.68468213392166,-1.28599728382786,2.009642346054397
51.0,77.0,132.98593139648438,0.0371384193669161,1.4911253394910997,-3.964181834418606,-3.297008984941549,-0.5290967240558495,-0.5866357326459138,0.3936998387315754,3.685028146546248,-1.3228663893568011,2.013352480984973
51.0,77.0,132.98593139648438,0.0371384193669161,1.4859058378691905,-3.9642021653731088,-3.296985785039266,-0.5290949169745851,-0.5478956912245697,0.3937112219882769,3.681105975728876,-1.322581626111108,2.0095459604233854
51.0,77.0,132.98593139648438,0.0867431250198835,1.4857020579894658,-3.971550500604189,-3.29697102940683,-0.5290899469990628,-0.5475629861425312,0.3974935535372473,3.6810931853519415,-1.28599728382786,2.0095658447633835
51.0,77.0,132.98593139648438,0.0371384194119984,1.4825652483704788,-3.962775702865044,-3.2969725066865263,-0.5478542789834203,-0.5431582722298159,0.3952533332691959,3.68462908969447,-1.28599728382786,2.009640965757445
51.0,77.0,132.98593139648438,0.0371384451883757,1.4858052213035715,-3.9642021653731088,-3.296985686781307,-0.5290949169745851,-0.5476311908480183,0.393502617059244,3.681105975728876,-1.322581626111108,2.0095459604233854
51.0,77.0,132.98593139648438,0.0371401052074637,1.470008829317771,-3.96424987105934,-3.2969858725839214,-0.5288649243052802,-0.5478989660751448,0.3943130764624696,3.681177643785732,-1.3242964857366664,2.009642346054397
51.0,77.0,132.98593139648438,0.037164339627696,1.4855047801973913,-3.962775702865044,-3.2969725066865263,-0.5293646996296689,-0.5428305973843832,0.3952533332691959,3.68462908969447,-1.28599728382786,2.009558438016854
51.0,77.0,132.98593139648438,0.0834002227551446,1.491051376351794,-3.96417149036242,-3.296971016534773,-0.5290899469990628,-0.5475629861425312,0.3974935535372473,3.6810931853519415,-1.2864857439284385,2.0095658447633835
51.0,77.0,132.98593139648438,0.0371401238193619,1.492734749620772,-3.964181834418606,-3.296985917550605,-0.5290967240558495,-0.5866357326459138,0.3936998387315754,3.685028146546248,-1.3228663893568011,2.013352480984973
51.0,77.0,132.98593139648438,0.0374638677523558,1.485717486468599,-3.964241178552121,-3.2970111836238587,-0.5290999723402122,-0.5426811251964015,0.4068041019089384,3.684626062711392,-1.28599728382786,2.0037638802880946
51.0,77.0,132.98593139648438,0.0374827918283021,1.4911334357343344,-3.960397684158103,-3.2969737941306145,-0.5268028383703239,-0.5432422166414025,0.3973694138690218,3.68487129019496,-1.2863345842800031,2.013352480984973
51.0,77.0,132.98593139648438,0.0371384193664782,1.4542045636563976,-3.962775702865044,-3.2969707760777065,-0.5290781472825857,-0.5475629861425312,0.3952533332691959,3.68462908969447,-1.322399675622832,2.009642346054397
51.0,77.0,132.98593139648438,0.0867522273618159,1.4857020579894658,-3.971550500604189,-3.29697102940683,-0.5290899469990628,-0.5475629861425312,0.3973705361319274,3.6810931853519415,-1.2865753983328276,2.0095658447633835
51.0,77.0,132.98593139648438,0.0371401238193619,1.492734749620772,-3.964181834418606,-3.296985917550605,-0.5290967240558495,-0.5866357326459138,0.3936998387315754,3.685028146546248,-1.3228663893568011,2.013352480984973
51.0,77.0,132.98593139648438,0.0371345048348178,1.4206815916531197,-3.964200098117008,-3.296985686781307,-0.5293168668194204,-0.5476311908480183,0.3933045220621017,3.680922517597464,-1.3239533413689506,2.0095670952658624
51.0,77.0,132.98593139648438,0.0371384193669161,1.4826315977170668,-3.964256219358802,-3.296987522774117,-0.547763948274005,-0.5469728817478197,0.3936860199549615,3.6809266176215214,-1.322581626111108,2.009547207911622
51.0,77.0,132.98593139648438,0.0374761427733077,1.4858104425573486,-3.962775702865044,-3.2969721046328755,-0.5291390664406859,-0.5431062430587881,0.3952533332691959,3.68468213392166,-1.28599728382786,2.009642346054397
51.0,77.0,132.98593139648438,0.0371384193669161,1.4822423021205344,-3.964183390662338,-3.297009401784764,-0.5289947383864347,-0.5537992012862728,0.3937473982423572,3.68506886783768,-1.322581626111108,2.004032381855162
51.0,77.0,132.98593139648438,0.037164339627696,1.4855047801973913,-3.962775702865044,-3.2969725066865263,-0.5293646996296689,-0.5355120866097034,0.3952533332691959,3.68462908969447,-1.28599728382786,2.009558438016854
51.0,77.0,132.987548828125,0.0371384193669161,1.4911253394910997,-3.965104317069836,-3.296970551461452,-0.65417278294108,-0.4990407628162711,0.3937283107939439,3.685028146546248,-1.322581626111108,2.0133089007519267
51.0,77.0,132.987548828125,0.0371384193669161,1.4911253394910997,-3.960547141228521,-3.2969736309188966,-0.65417278294108,-0.4963032280696309,0.3975596020790672,3.685033171030628,-1.3221569477686737,2.0742851809688667
51.0,77.0,132.987548828125,0.0371384193669161,1.4911253394910997,-3.9654247765164574,-3.296970551461452,-0.65417278294108,-0.4960553844435033,0.3937283107939439,3.685028146546248,-1.322581626111108,2.0135383667867583
51.0,77.0,133.01531982421875,0.0371384193669161,1.4911253394910997,-3.964181834418606,-3.297009401784764,-0.5289947383864347,-0.5476400831366982,0.3937202404303934,3.685028146546248,-1.322581626111108,2.013352480984973
51.0,77.0,133.01531982421875,0.0371384193669161,1.4911253394910997,-3.964181834418606,-3.296985785039266,-0.5290818875328728,-0.5478956912245697,0.3937202404303934,3.681105975728876,-1.322581626111108,2.009547207911622
51.0,77.0,133.01531982421875,0.0371384193669161,1.4856329542809594,-3.9636867868328,-3.297009401784764,-0.5289947383864347,-0.5476354601218774,0.3937288644410857,3.684635002812932,-1.3226905178507034,2.013352480984973
51.0,77.0,133.01531982421875,0.0371384194123031,1.4858104425573486,-3.962775702865044,-3.2969707760777065,-0.5290952540716323,-0.5470700359950075,0.3952533332691959,3.68462908969447,-1.3231019328500295,2.009642346054397
51.0,77.0,133.01531982421875,0.0374827918283021,1.4911334357343344,-3.964181834418606,-3.296973737934728,-0.5265847664358687,-0.5432422166414025,0.3973694138690218,3.6850283600057177,-1.323964143474945,2.013352480984973
51.0,77.0,133.01531982421875,0.0371384193669161,1.4911253394910997,-3.964256219358802,-3.296985828040546,-0.5290818875328728,-0.5469728817478197,0.3936860199549615,3.680921814163392,-1.322581626111108,2.009547207911622
51.0,77.0,133.01531982421875,0.0404813216316551,1.4857760211287714,-3.971560844660375,-3.2970094146568214,-0.5289947383864347,-0.5476400831366982,0.3937202404303934,3.685028146546248,-1.3220931660105295,2.013352480984973
51.0,77.0,133.01531982421875,0.0371384194123031,1.4858104425573486,-3.962775702865044,-3.2969707760777065,-0.5290952540716323,-0.5470700359950075,0.3952533332691959,3.68462908969447,-1.3231019328500295,2.009642346054397
51.0,77.0,133.01531982421875,0.0374761427733077,1.4857351302661177,-3.962775702865044,-3.2969721046328755,-0.5264944210057834,-0.5431797803725695,0.3975972390641658,3.684460508971117,-1.3282302633423992,2.009642346054397
51.0,77.0,133.01531982421875,0.0371384193669161,1.4856329542809594,-3.963684228141752,-3.297009401784764,-0.5289947383864347,-0.5476354601218774,0.3937288644410857,3.6811851375033022,-1.3226905178507034,2.013352480984973
51.0,77.0,133.01531982421875,0.0371384193669161,1.4911253394910997,-3.964181834418606,-3.296971417108334,-0.5265522141186582,-0.5475652775592554,0.3937202404303934,3.6814585065244434,-1.322581626111108,2.013556085930726
51.0,77.0,133.01531982421875,0.0371383296347206,1.4857020579894658,-3.971550500604189,-3.2969859314060312,-0.5289476151274537,-0.5478967947797907,0.3974935535372473,3.6811638681665073,-1.3259085072449626,2.009642346054397
51.0,77.0,133.01531982421875,0.0371253360267074,1.4860262999205387,-3.964181834418606,-3.296985917550605,-0.5290967240558495,-0.5440008146181722,0.3936998387315754,3.6850174399316256,-1.3241759101920512,2.013352480984973
51.0,77.0,133.01531982421875,0.0371384194123031,1.4858104425573486,-3.962775702865044,-3.297010549254746,-0.5290952540716323,-0.5470700359950075,0.3953059715553471,3.685030188876224,-1.3231019328500295,2.013229069051082
51.0,77.0,133.01531982421875,0.0374638677523558,1.485709961512869,-3.964241178552121,-3.2970111836238587,-0.5290953839848281,-0.542728100637324,0.4070217506793508,3.684588687033264,-1.3202645633732302,2.013791939701911
51.0,77.0,133.01531982421875,0.0371384193669161,1.4911253394910997,-3.964181834418606,-3.296985785039266,-0.5290818875328728,-0.5478956912245697,0.3937202404303934,3.681105975728876,-1.322581626111108,2.009547207911622
51.0,77.0,133.01531982421875,0.0371384194124261,1.4911253394910997,-3.962780698981141,-3.297009401784764,-0.5289947383864347,-0.5476400831366982,0.3952306169897376,3.685028146546248,-1.3231006160322047,2.013352480984973
51.0,77.0,133.02288818359375,0.0371384193669161,1.4437483662928188,-3.8951122188400378,-3.297009626401019,-0.5290198609740281,-0.5476400831366982,0.3952452629056454,3.685028146546248,-1.322581626111108,2.013352480984973
51.0,77.0,133.02288818359375,0.0371384193669161,1.4437483662928188,-3.8951122188400378,-3.297008515880369,-0.5290198609740281,-0.5477485002967679,0.395244741326384,3.685028146546248,-1.3213006081922238,2.013224343566433
51.0,77.0,133.02288818359375,0.0371549183462112,1.4437483662928188,-3.8952419746821954,-3.297009290989033,-0.5552778532335944,-0.5237067205733889,0.394438248868231,3.685028146546248,-1.322581626111108,2.0131751182428066
51.0,77.0,133.02288818359375,0.0371549183462112,1.4437483662928188,-3.88557892863361,-3.296969517811994,-0.5552778532335944,-0.5237067205733889,0.3943856105820798,3.6846270473644953,-1.322581626111108,2.009588395246121
51.0,77.0,133.02288818359375,0.0371293170249837,1.4437483662928188,-3.8951122188400378,-3.297008515880369,-0.5290198609740281,-0.5477485002967679,0.3953677587317039,3.685028146546248,-1.320722493687256,2.013224343566433
51.0,77.0,133.03460693359375,0.0371384305203681,1.4857020579894658,-3.971550500604189,-3.29697102940683,-0.5265458322595227,-0.5475629861425312,0.3974935535372473,3.6811638349538938,-1.28599728382786,2.009642346054397
51.0,77.0,133.03460693359375,0.0371384194119984,1.4858104425573486,-3.962775702865044,-3.2969707760777065,-0.5291390664406859,-0.5475629861425312,0.3952533332691959,3.68462908969447,-1.28599728382786,2.009642346054397
51.0,77.0,133.03460693359375,0.0371384194119984,1.4858104425573486,-3.962775702865044,-3.2969707760777065,-0.5291390664406859,-0.5475629861425312,0.3952533332691959,3.68462908969447,-1.28599728382786,2.009642346054397
51.0,77.0,133.03460693359375,0.0371384305203681,1.4857020579894658,-3.971550500604189,-3.29697102940683,-0.5290899469990628,-0.5475629861425312,0.3974935535372473,3.6810931853519415,-1.28599728382786,2.0095702129420583
51.0,77.0,133.03460693359375,0.0371404058601746,1.4858104425573486,-3.962775702865044,-3.2969721046328755,-0.5290897358574811,-0.5431062430587881,0.3952533332691959,3.68468213392166,-1.2300399561736264,2.0095755019429893
51.0,78.0,132.98593139648438,0.0374761427733077,1.4858104425573486,-3.962775702865044,-3.2969721046328755,-0.5291390664406859,-0.5431062430587881,0.3952533332691959,3.68468213392166,-1.28599728382786,2.009642346054397
51.0,78.0,132.98593139648438,0.0371384193669161,1.4911253394910997,-3.964181834418606,-3.297008984941549,-0.5290967240558495,-0.5866357326459138,0.3936998387315754,3.685028146546248,-1.3228663893568011,2.013352480984973
51.0,78.0,132.98593139648438,0.0371384193669161,1.4859058378691905,-3.9642021653731088,-3.296985785039266,-0.5290949169745851,-0.5478956912245697,0.3937112219882769,3.681105975728876,-1.322581626111108,2.0095459604233854
51.0,78.0,132.98593139648438,0.0867431250198835,1.4857020579894658,-3.971550500604189,-3.29697102940683,-0.5290899469990628,-0.5475629861425312,0.3974935535372473,3.6810931853519415,-1.28599728382786,2.0095658447633835
51.0,78.0,132.98593139648438,0.0371384194119984,1.4825652483704788,-3.962775702865044,-3.2969725066865263,-0.5478542789834203,-0.5431582722298159,0.3952533332691959,3.68462908969447,-1.28599728382786,2.009640965757445
51.0,78.0,132.98593139648438,0.0371384451883757,1.4858052213035715,-3.9642021653731088,-3.296985686781307,-0.5290949169745851,-0.5476311908480183,0.393502617059244,3.681105975728876,-1.322581626111108,2.0095459604233854
51.0,78.0,132.98593139648438,0.0371401052074637,1.470008829317771,-3.96424987105934,-3.2969858725839214,-0.5288649243052802,-0.5478989660751448,0.3943130764624696,3.681177643785732,-1.3242964857366664,2.009642346054397
51.0,78.0,132.98593139648438,0.037164339627696,1.4855047801973913,-3.962775702865044,-3.2969725066865263,-0.5293646996296689,-0.5428305973843832,0.3952533332691959,3.68462908969447,-1.28599728382786,2.009558438016854
51.0,78.0,132.98593139648438,0.0834002227551446,1.491051376351794,-3.96417149036242,-3.296971016534773,-0.5290899469990628,-0.5475629861425312,0.3974935535372473,3.6810931853519415,-1.2864857439284385,2.0095658447633835
51.0,78.0,132.98593139648438,0.0371401238193619,1.492734749620772,-3.964181834418606,-3.296985917550605,-0.5290967240558495,-0.5866357326459138,0.3936998387315754,3.685028146546248,-1.3228663893568011,2.013352480984973
51.0,78.0,132.98593139648438,0.0374638677523558,1.485717486468599,-3.964241178552121,-3.2970111836238587,-0.5290999723402122,-0.5426811251964015,0.4068041019089384,3.684626062711392,-1.28599728382786,2.0037638802880946
51.0,78.0,132.98593139648438,0.0374827918283021,1.4911334357343344,-3.960397684158103,-3.2969737941306145,-0.5268028383703239,-0.5432422166414025,0.3973694138690218,3.68487129019496,-1.2863345842800031,2.013352480984973
51.0,78.0,132.98593139648438,0.0371384193664782,1.4542045636563976,-3.962775702865044,-3.2969707760777065,-0.5290781472825857,-0.5475629861425312,0.3952533332691959,3.68462908969447,-1.322399675622832,2.009642346054397
51.0,78.0,132.98593139648438,0.0867522273618159,1.4857020579894658,-3.971550500604189,-3.29697102940683,-0.5290899469990628,-0.5475629861425312,0.3973705361319274,3.6810931853519415,-1.2865753983328276,2.0095658447633835
51.0,78.0,132.98593139648438,0.0371401238193619,1.492734749620772,-3.964181834418606,-3.296985917550605,-0.5290967240558495,-0.5866357326459138,0.3936998387315754,3.685028146546248,-1.3228663893568011,2.013352480984973
51.0,78.0,132.98593139648438,0.0371345048348178,1.4206815916531197,-3.964200098117008,-3.296985686781307,-0.5293168668194204,-0.5476311908480183,0.3933045220621017,3.680922517597464,-1.3239533413689506,2.0095670952658624
51.0,78.0,132.98593139648438,0.0371384193669161,1.4826315977170668,-3.964256219358802,-3.296987522774117,-0.547763948274005,-0.5469728817478197,0.3936860199549615,3.6809266176215214,-1.322581626111108,2.009547207911622
51.0,78.0,132.98593139648438,0.0374761427733077,1.4858104425573486,-3.962775702865044,-3.2969721046328755,-0.5291390664406859,-0.5431062430587881,0.3952533332691959,3.68468213392166,-1.28599728382786,2.009642346054397
51.0,78.0,132.98593139648438,0.0371384193669161,1.4822423021205344,-3.964183390662338,-3.297009401784764,-0.5289947383864347,-0.5537992012862728,0.3937473982423572,3.68506886783768,-1.322581626111108,2.004032381855162
51.0,78.0,132.98593139648438,0.037164339627696,1.4855047801973913,-3.962775702865044,-3.2969725066865263,-0.5293646996296689,-0.5355120866097034,0.3952533332691959,3.68462908969447,-1.28599728382786,2.009558438016854
51.0,78.0,132.98593139648438,0.0371401238193619,1.4930822830592074,-3.964244555544224,-3.296985917550605,-0.5290967240558495,-0.5866357326459138,0.3936998387315754,3.685028146546248,-1.3228663893568011,2.013352480984973
51.0,78.0,132.98593139648438,0.0371401238193619,1.492734749620772,-3.962717783743069,-3.296985917550605,-0.5290967240558495,-0.5865416232645112,0.3936974415720402,3.684630558330921,-1.3228663893568011,2.013352480984973
51.0,78.0,132.98593139648438,0.0834002227551446,1.491051376351794,-3.96417149036242,-3.296971016534773,-0.5290899469990628,-0.5475629861425312,0.3974935535372473,3.6810931853519415,-1.2864857439284385,2.0095658447633835
51.0,78.0,132.98593139648438,0.0374638677523558,1.4858033904772503,-3.9642390536960432,-3.2970111836238587,-0.5290953839848281,-0.5844569306812417,0.3936949209383207,3.684552896065511,-1.3228495360708843,2.013791939701911
51.0,78.0,132.98593139648438,0.0374761427733077,1.4858104425573486,-3.962775702865044,-3.2969721046328755,-0.5291390664406859,-0.5431062430587881,0.3952533332691959,3.68468213392166,-1.28599728382786,2.009642346054397
51.0,78.0,132.98593139648438,0.0374638677523558,1.4853699530301636,-3.9641784574265047,-3.2970111836238587,-0.5290999723402122,-0.5426811251964015,0.4068041019089384,3.684626062711392,-1.28599728382786,2.0037638802880946
51.0,78.0,132.98593139648438,0.0863424755631033,1.4857074077999304,-3.971550500604189,-3.2969703063517377,-0.5290899469990628,-0.5478961551064492,0.3936299900459511,3.6810931853519415,-1.323302792981548,2.0095658447633835
51.0,78.0,132.98593139648438,0.0371402787067459,1.470008829317771,-3.964181852920337,-3.2969858725839214,-0.5288612260323543,-0.5478989660751448,0.3943130764624696,3.681177643785732,-1.3242964857366664,2.009642346054397
51.0,78.0,132.98593139648438,0.0371384193669161,1.4583921355270504,-3.964181834418606,-3.2969857045587028,-0.5289947816155961,-0.5475415708525867,0.3937202404303934,3.6851117217211815,-1.322581626111108,2.009547207911622
51.0,78.0,132.98593139648438,0.0371384194119984,1.4825652483704788,-3.964239753540581,-3.2969725066865263,-0.5478542789834203,-0.5432523816112186,0.3952557304287312,3.685026677909797,-1.28599728382786,2.009640965757445
51.0,78.0,132.98593139648438,0.037164339627696,1.490970114398286,-3.960573733242467,-3.2969725066865263,-0.5293646996296689,-0.5355120866097034,0.3952533332691959,3.6850354536490086,-1.28599728382786,2.009558438016854
51.0,78.0,132.987548828125,0.0371384193669161,1.4911253394910997,-3.965104317069836,-3.296970551461452,-0.65417278294108,-0.4990407628162711,0.3937283107939439,3.685028146546248,-1.322581626111108,2.0133089007519267
51.0,78.0,132.987548828125,0.0371384193669161,1.4911253394910997,-3.960547141228521,-3.2969736309188966,-0.65417278294108,-0.4963032280696309,0.3975596020790672,3.685033171030628,-1.3221569477686737,2.0742851809688667
51.0,78.0,132.987548828125,0.0371384193669161,1.4911253394910997,-3.9654247765164574,-3.296970551461452,-0.65417278294108,-0.4960553844435033,0.3937283107939439,3.685028146546248,-1.322581626111108,2.0135383667867583
51.0,78.0,132.987548828125,0.0371384193669161,1.4856600052902054,-3.9627491108510977,-3.2969736309188966,-0.65417278294108,-0.4963032280696309,0.3975596020790672,3.684626807076089,-1.3221569477686737,2.0742851809688667
51.0,78.0,133.01531982421875,0.0371384193669161,1.4911253394910997,-3.964181834418606,-3.297009401784764,-0.5289947383864347,-0.5476400831366982,0.3937202404303934,3.685028146546248,-1.322581626111108,2.013352480984973
51.0,78.0,133.01531982421875,0.0371384193669161,1.4911253394910997,-3.964181834418606,-3.296985785039266,-0.5290818875328728,-0.5478956912245697,0.3937202404303934,3.681105975728876,-1.322581626111108,2.009547207911622
51.0,78.0,133.01531982421875,0.0371384193669161,1.4856329542809594,-3.9636867868328,-3.297009401784764,-0.5289947383864347,-0.5476354601218774,0.3937288644410857,3.684635002812932,-1.3226905178507034,2.013352480984973
51.0,78.0,133.01531982421875,0.0371384194123031,1.4858104425573486,-3.962775702865044,-3.2969707760777065,-0.5290952540716323,-0.5470700359950075,0.3952533332691959,3.68462908969447,-1.3231019328500295,2.009642346054397
51.0,78.0,133.01531982421875,0.0374827918283021,1.4911334357343344,-3.964181834418606,-3.296973737934728,-0.5265847664358687,-0.5432422166414025,0.3973694138690218,3.6850283600057177,-1.323964143474945,2.013352480984973
51.0,78.0,133.01531982421875,0.0371384193669161,1.4911253394910997,-3.964256219358802,-3.296985828040546,-0.5290818875328728,-0.5469728817478197,0.3936860199549615,3.680921814163392,-1.322581626111108,2.009547207911622
51.0,78.0,133.01531982421875,0.0404813216316551,1.4857760211287714,-3.971560844660375,-3.2970094146568214,-0.5289947383864347,-0.5476400831366982,0.3937202404303934,3.685028146546248,-1.3220931660105295,2.013352480984973
51.0,78.0,133.01531982421875,0.0371384194123031,1.4858104425573486,-3.962775702865044,-3.2969707760777065,-0.5290952540716323,-0.5470700359950075,0.3952533332691959,3.68462908969447,-1.3231019328500295,2.009642346054397
51.0,78.0,133.01531982421875,0.0374761427733077,1.4857351302661177,-3.962775702865044,-3.2969721046328755,-0.5264944210057834,-0.5431797803725695,0.3975972390641658,3.684460508971117,-1.3282302633423992,2.009642346054397
51.0,78.0,133.01531982421875,0.0371384193669161,1.4856329542809594,-3.963684228141752,-3.297009401784764,-0.5289947383864347,-0.5476354601218774,0.3937288644410857,3.6811851375033022,-1.3226905178507034,2.013352480984973
51.0,78.0,133.01531982421875,0.0371384193669161,1.4911253394910997,-3.964181834418606,-3.296971417108334,-0.5265522141186582,-0.5475652775592554,0.3937202404303934,3.6814585065244434,-1.322581626111108,2.013556085930726
51.0,78.0,133.01531982421875,0.0371383296347206,1.4857020579894658,-3.971550500604189,-3.2969859314060312,-0.5289476151274537,-0.5478967947797907,0.3974935535372473,3.6811638681665073,-1.3259085072449626,2.009642346054397
51.0,78.0,133.01531982421875,0.0371253360267074,1.4860262999205387,-3.964181834418606,-3.296985917550605,-0.5290967240558495,-0.5440008146181722,0.3936998387315754,3.6850174399316256,-1.3241759101920512,2.013352480984973
51.0,78.0,133.01531982421875,0.0371384194123031,1.4858104425573486,-3.962775702865044,-3.297010549254746,-0.5290952540716323,-0.5470700359950075,0.3953059715553471,3.685030188876224,-1.3231019328500295,2.013229069051082
51.0,78.0,133.01531982421875,0.0374638677523558,1.485709961512869,-3.964241178552121,-3.2970111836238587,-0.5290953839848281,-0.542728100637324,0.4070217506793508,3.684588687033264,-1.3202645633732302,2.013791939701911
51.0,79.0,132.98593139648438,0.0374761427733077,1.4858104425573486,-3.962775702865044,-3.2969721046328755,-0.5291390664406859,-0.5431062430587881,0.3952533332691959,3.68468213392166,-1.28599728382786,2.009642346054397
51.0,79.0,132.98593139648438,0.0371384193669161,1.4911253394910997,-3.964181834418606,-3.297008984941549,-0.5290967240558495,-0.5866357326459138,0.3936998387315754,3.685028146546248,-1.3228663893568011,2.013352480984973
51.0,79.0,132.98593139648438,0.0371384193669161,1.4859058378691905,-3.9642021653731088,-3.296985785039266,-0.5290949169745851,-0.5478956912245697,0.3937112219882769,3.681105975728876,-1.322581626111108,2.0095459604233854
51.0,79.0,132.98593139648438,0.0867431250198835,1.4857020579894658,-3.971550500604189,-3.29697102940683,-0.5290899469990628,-0.5475629861425312,0.3974935535372473,3.6810931853519415,-1.28599728382786,2.0095658447633835
51.0,79.0,132.98593139648438,0.0371384194119984,1.4825652483704788,-3.962775702865044,-3.2969725066865263,-0.5478542789834203,-0.5431582722298159,0.3952533332691959,3.68462908969447,-1.28599728382786,2.009640965757445
51.0,79.0,132.98593139648438,0.0371384451883757,1.4858052213035715,-3.9642021653731088,-3.296985686781307,-0.5290949169745851,-0.5476311908480183,0.393502617059244,3.681105975728876,-1.322581626111108,2.0095459604233854
51.0,79.0,132.98593139648438,0.0371401052074637,1.470008829317771,-3.96424987105934,-3.2969858725839214,-0.5288649243052802,-0.5478989660751448,0.3943130764624696,3.681177643785732,-1.3242964857366664,2.009642346054397
51.0,79.0,132.98593139648438,0.037164339627696,1.4855047801973913,-3.962775702865044,-3.2969725066865263,-0.5293646996296689,-0.5428305973843832,0.3952533332691959,3.68462908969447,-1.28599728382786,2.009558438016854
51.0,79.0,132.98593139648438,0.0834002227551446,1.491051376351794,-3.96417149036242,-3.296971016534773,-0.5290899469990628,-0.5475629861425312,0.3974935535372473,3.6810931853519415,-1.2864857439284385,2.0095658447633835
51.0,79.0,132.98593139648438,0.0371401238193619,1.492734749620772,-3.964181834418606,-3.296985917550605,-0.5290967240558495,-0.5866357326459138,0.3936998387315754,3.685028146546248,-1.3228663893568011,2.013352480984973
51.0,79.0,132.98593139648438,0.0374638677523558,1.485717486468599,-3.964241178552121,-3.2970111836238587,-0.5290999723402122,-0.5426811251964015,0.4068041019089384,3.684626062711392,-1.28599728382786,2.0037638802880946
51.0,79.0,132.98593139648438,0.0374827918283021,1.4911334357343344,-3.960397684158103,-3.2969737941306145,-0.5268028383703239,-0.5432422166414025,0.3973694138690218,3.68487129019496,-1.2863345842800031,2.013352480984973
51.0,79.0,132.98593139648438,0.0371384193664782,1.4542045636563976,-3.962775702865044,-3.2969707760777065,-0.5290781472825857,-0.5475629861425312,0.3952533332691959,3.68462908969447,-1.322399675622832,2.009642346054397
51.0,79.0,132.98593139648438,0.0867522273618159,1.4857020579894658,-3.971550500604189,-3.29697102940683,-0.5290899469990628,-0.5475629861425312,0.3973705361319274,3.6810931853519415,-1.2865753983328276,2.0095658447633835
51.0,79.0,132.98593139648438,0.0371401238193619,1.492734749620772,-3.964181834418606,-3.296985917550605,-0.5290967240558495,-0.5866357326459138,0.3936998387315754,3.685028146546248,-1.3228663893568011,2.013352480984973
51.0,79.0,132.98593139648438,0.0371345048348178,1.4206815916531197,-3.964200098117008,-3.296985686781307,-0.5293168668194204,-0.5476311908480183,0.3933045220621017,3.680922517597464,-1.3239533413689506,2.0095670952658624
51.0,79.0,132.98593139648438,0.0371384193669161,1.4826315977170668,-3.964256219358802,-3.296987522774117,-0.547763948274005,-0.5469728817478197,0.3936860199549615,3.6809266176215214,-1.322581626111108,2.009547207911622
51.0,79.0,132.98593139648438,0.0374761427733077,1.4858104425573486,-3.962775702865044,-3.2969721046328755,-0.5291390664406859,-0.5431062430587881,0.3952533332691959,3.68468213392166,-1.28599728382786,2.009642346054397
51.0,79.0,132.98593139648438,0.0371384193669161,1.4822423021205344,-3.964183390662338,-3.297009401784764,-0.5289947383864347,-0.5537992012862728,0.3937473982423572,3.68506886783768,-1.322581626111108,2.004032381855162
51.0,79.0,132.98593139648438,0.037164339627696,1.4855047801973913,-3.962775702865044,-3.2969725066865263,-0.5293646996296689,-0.5355120866097034,0.3952533332691959,3.68462908969447,-1.28599728382786,2.009558438016854
51.0,79.0,132.98593139648438,0.0371401238193619,1.4930822830592074,-3.964244555544224,-3.296985917550605,-0.5290967240558495,-0.5866357326459138,0.3936998387315754,3.685028146546248,-1.3228663893568011,2.013352480984973
51.0,79.0,132.98593139648438,0.0371401238193619,1.492734749620772,-3.962717783743069,-3.296985917550605,-0.5290967240558495,-0.5865416232645112,0.3936974415720402,3.684630558330921,-1.3228663893568011,2.013352480984973
51.0,79.0,132.98593139648438,0.0834002227551446,1.491051376351794,-3.96417149036242,-3.296971016534773,-0.5290899469990628,-0.5475629861425312,0.3974935535372473,3.6810931853519415,-1.2864857439284385,2.0095658447633835
51.0,79.0,132.98593139648438,0.0374638677523558,1.4858033904772503,-3.9642390536960432,-3.2970111836238587,-0.5290953839848281,-0.5844569306812417,0.3936949209383207,3.684552896065511,-1.3228495360708843,2.013791939701911
51.0,79.0,132.98593139648438,0.0374761427733077,1.4858104425573486,-3.962775702865044,-3.2969721046328755,-0.5291390664406859,-0.5431062430587881,0.3952533332691959,3.68468213392166,-1.28599728382786,2.009642346054397
51.0,79.0,132.98593139648438,0.0374638677523558,1.4853699530301636,-3.9641784574265047,-3.2970111836238587,-0.5290999723402122,-0.5426811251964015,0.4068041019089384,3.684626062711392,-1.28599728382786,2.0037638802880946
51.0,79.0,132.98593139648438,0.0863424755631033,1.4857074077999304,-3.971550500604189,-3.2969703063517377,-0.5290899469990628,-0.5478961551064492,0.3936299900459511,3.6810931853519415,-1.323302792981548,2.0095658447633835
51.0,79.0,132.98593139648438,0.0371402787067459,1.470008829317771,-3.964181852920337,-3.2969858725839214,-0.5288612260323543,-0.5478989660751448,0.3943130764624696,3.681177643785732,-1.3242964857366664,2.009642346054397
51.0,79.0,132.98593139648438,0.0371384193669161,1.4583921355270504,-3.964181834418606,-3.2969857045587028,-0.5289947816155961,-0.5475415708525867,0.3937202404303934,3.6851117217211815,-1.322581626111108,2.009547207911622
51.0,79.0,132.98593139648438,0.0371384194119984,1.4825652483704788,-3.964239753540581,-3.2969725066865263,-0.5478542789834203,-0.5432523816112186,0.3952557304287312,3.685026677909797,-1.28599728382786,2.009640965757445
51.0,79.0,132.98593139648438,0.037164339627696,1.490970114398286,-3.960573733242467,-3.2969725066865263,-0.5293646996296689,-0.5355120866097034,0.3952533332691959,3.6850354536490086,-1.28599728382786,2.009558438016854
51.0,79.0,132.98593139648438,0.0371384193669161,1.4826315977170668,-3.964256219358802,-3.296987522774117,-0.547763948274005,-0.5469728817478197,0.3936860199549615,3.6809266176215214,-1.322581626111108,2.009547207911622
51.0,79.0,132.98593139648438,0.0371379305541366,1.419888912611703,-3.9642000831609296,-3.296973737934728,-0.5292976282388793,-0.5476855195318692,0.3933665386653409,3.680868438027701,-1.3239638632947648,2.009457221291472
51.0,79.0,132.98593139648438,0.0371384193669161,1.4820600169533815,-3.964183390662338,-3.297009401784764,-0.5289947383864347,-0.5537992012862728,0.3937643899985787,3.681169364284279,-1.32263739385342,2.003837418540156
51.0,79.0,132.98593139648438,0.0374563168737851,1.4858033904772503,-3.9642390536960432,-3.2970126320611035,-0.5293148737474279,-0.5850861059005867,0.3936949209383207,3.6809525144197153,-1.3228495360708843,2.009436499976523
51.0,79.0,132.98593139648438,0.0867522273618159,1.4858042028380287,-3.971550500604189,-3.29697102940683,-0.5290899469990628,-0.5475629861425312,0.3973705361319274,3.6810931853519415,-1.285808304556468,2.009564802159864
51.0,79.0,132.98593139648438,0.0884798203667606,1.4542045636563976,-3.9717939216275577,-3.2969707760777065,-0.5290781472825857,-0.5475650779830782,0.3952533332691959,3.6845815576525975,-1.3232405434512615,2.009642346054397
51.0,79.0,132.98593139648438,0.0832935352742412,1.491123170089798,-3.9641710584367016,-3.296972562933141,-0.5290899469990628,-0.5485633682315724,0.3974935535372473,3.6810931853519415,-1.2864857439284385,2.0095658447633835
51.0,79.0,132.98593139648438,0.0371384193644633,1.4826317178071462,-3.9642392883439967,-3.296972423330729,-0.5477641222959406,-0.5436014827883647,0.3936615585743703,3.681062968509021,-1.28599728382786,2.009639759920713
51.0,79.0,132.98593139648438,0.037140119390657,1.4930822830592074,-3.964183415286926,-3.296985917550605,-0.5289973126807015,-0.5866357326459138,0.3937487723107808,3.685028146546248,-1.3225814490500278,2.0135335594899457
51.0,79.0,132.98593139648438,0.0371653861585639,1.490970114398286,-3.960585755371359,-3.2969725066865263,-0.5293646996296689,-0.5355120866097034,0.3952533332691959,3.685046919478272,-1.286249500869212,2.0134310749203843
51.0,79.0,132.98593139648438,0.0834207683984601,1.491051376351794,-3.96417149036242,-3.296971016534773,-0.5290895957976147,-0.5475629861425312,0.3974935535372473,3.684745379622566,-1.2860639100365472,2.0095658447633835
51.0,79.0,132.987548828125,0.0371384193669161,1.4911253394910997,-3.965104317069836,-3.296970551461452,-0.65417278294108,-0.4990407628162711,0.3937283107939439,3.685028146546248,-1.322581626111108,2.0133089007519267
51.0,79.0,132.987548828125,0.0371384193669161,1.4911253394910997,-3.960547141228521,-3.2969736309188966,-0.65417278294108,-0.4963032280696309,0.3975596020790672,3.685033171030628,-1.3221569477686737,2.0742851809688667
51.0,79.0,132.987548828125,0.0371384193669161,1.4911253394910997,-3.9654247765164574,-3.296970551461452,-0.65417278294108,-0.4960553844435033,0.3937283107939439,3.685028146546248,-1.322581626111108,2.0135383667867583
51.0,79.0,132.987548828125,0.0371384193669161,1.4856600052902054,-3.9627491108510977,-3.2969736309188966,-0.65417278294108,-0.4963032280696309,0.3975596020790672,3.684626807076089,-1.3221569477686737,2.0742851809688667
51.0,79.0,132.9945068359375,0.0371253360267074,1.4860262999205387,-3.964181834418606,-3.296985917550605,-0.5290967240558495,-0.5440008146181722,0.3936998387315754,3.6850174399316256,-1.3241759101920512,1.843185894778282
51.0,79.0,133.01531982421875,0.0371384193669161,1.4911253394910997,-3.964181834418606,-3.297009401784764,-0.5289947383864347,-0.5476400831366982,0.3937202404303934,3.685028146546248,-1.322581626111108,2.013352480984973
51.0,79.0,133.01531982421875,0.0371384193669161,1.4911253394910997,-3.964181834418606,-3.296985785039266,-0.5290818875328728,-0.5478956912245697,0.3937202404303934,3.681105975728876,-1.322581626111108,2.009547207911622
51.0,79.0,133.01531982421875,0.0371384193669161,1.4856329542809594,-3.9636867868328,-3.297009401784764,-0.5289947383864347,-0.5476354601218774,0.3937288644410857,3.684635002812932,-1.3226905178507034,2.013352480984973
51.0,80.0,132.98593139648438,0.0374761427733077,1.4858104425573486,-3.962775702865044,-3.2969721046328755,-0.5291390664406859,-0.5431062430587881,0.3952533332691959,3.68468213392166,-1.28599728382786,2.009642346054397
51.0,80.0,132.98593139648438,0.0371384193669161,1.4911253394910997,-3.964181834418606,-3.297008984941549,-0.5290967240558495,-0.5866357326459138,0.3936998387315754,3.685028146546248,-1.3228663893568011,2.013352480984973
51.0,80.0,132.98593139648438,0.0371384193669161,1.4859058378691905,-3.9642021653731088,-3.296985785039266,-0.5290949169745851,-0.5478956912245697,0.3937112219882769,3.681105975728876,-1.322581626111108,2.0095459604233854
51.0,80.0,132.98593139648438,0.0867431250198835,1.4857020579894658,-3.971550500604189,-3.29697102940683,-0.5290899469990628,-0.5475629861425312,0.3974935535372473,3.6810931853519415,-1.28599728382786,2.0095658447633835
51.0,80.0,132.98593139648438,0.0371384194119984,1.4825652483704788,-3.962775702865044,-3.2969725066865263,-0.5478542789834203,-0.5431582722298159,0.3952533332691959,3.68462908969447,-1.28599728382786,2.009640965757445
51.0,80.0,132.98593139648438,0.0371384451883757,1.4858052213035715,-3.9642021653731088,-3.296985686781307,-0.5290949169745851,-0.5476311908480183,0.393502617059244,3.681105975728876,-1.322581626111108,2.0095459604233854
51.0,80.0,132.98593139648438,0.0371401052074637,1.470008829317771,-3.96424987105934,-3.2969858725839214,-0.5288649243052802,-0.5478989660751448,0.3943130764624696,3.681177643785732,-1.3242964857366664,2.009642346054397
51.0,80.0,132.98593139648438,0.037164339627696,1.4855047801973913,-3.962775702865044,-3.2969725066865263,-0.5293646996296689,-0.5428305973843832,0.3952533332691959,3.68462908969447,-1.28599728382786,2.009558438016854
51.0,80.0,132.98593139648438,0.0834002227551446,1.491051376351794,-3.96417149036242,-3.296971016534773,-0.5290899469990628,-0.5475629861425312,0.3974935535372473,3.6810931853519415,-1.2864857439284385,2.0095658447633835
51.0,80.0,132.98593139648438,0.0371401238193619,1.492734749620772,-3.964181834418606,-3.296985917550605,-0.5290967240558495,-0.5866357326459138,0.3936998387315754,3.685028146546248,-1.3228663893568011,2.013352480984973
51.0,80.0,132.98593139648438,0.0374638677523558,1.485717486468599,-3.964241178552121,-3.2970111836238587,-0.5290999723402122,-0.5426811251964015,0.4068041019089384,3.684626062711392,-1.28599728382786,2.0037638802880946
51.0,80.0,132.98593139648438,0.0374827918283021,1.4911334357343344,-3.960397684158103,-3.2969737941306145,-0.5268028383703239,-0.5432422166414025,0.3973694138690218,3.68487129019496,-1.2863345842800031,2.013352480984973
51.0,80.0,132.98593139648438,0.0371384193664782,1.4542045636563976,-3.962775702865044,-3.2969707760777065,-0.5290781472825857,-0.5475629861425312,0.3952533332691959,3.68462908969447,-1.322399675622832,2.009642346054397
51.0,80.0,132.98593139648438,0.0867522273618159,1.4857020579894658,-3.971550500604189,-3.29697102940683,-0.5290899469990628,-0.5475629861425312,0.3973705361319274,3.6810931853519415,-1.2865753983328276,2.0095658447633835
51.0,80.0,132.98593139648438,0.0371401238193619,1.492734749620772,-3.964181834418606,-3.296985917550605,-0.5290967240558495,-0.5866357326459138,0.3936998387315754,3.685028146546248,-1.3228663893568011,2.013352480984973
51.0,80.0,132.98593139648438,0.0371345048348178,1.4206815916531197,-3.964200098117008,-3.296985686781307,-0.5293168668194204,-0.5476311908480183,0.3933045220621017,3.680922517597464,-1.3239533413689506,2.0095670952658624
51.0,80.0,132.98593139648438,0.0371384193669161,1.4826315977170668,-3.964256219358802,-3.296987522774117,-0.547763948274005,-0.5469728817478197,0.3936860199549615,3.6809266176215214,-1.322581626111108,2.009547207911622
51.0,80.0,132.98593139648438,0.0374761427733077,1.4858104425573486,-3.962775702865044,-3.2969721046328755,-0.5291390664406859,-0.5431062430587881,0.3952533332691959,3.68468213392166,-1.28599728382786,2.009642346054397
51.0,80.0,132.98593139648438,0.0371384193669161,1.4822423021205344,-3.964183390662338,-3.297009401784764,-0.5289947383864347,-0.5537992012862728,0.3937473982423572,3.68506886783768,-1.322581626111108,2.004032381855162
51.0,80.0,132.98593139648438,0.037164339627696,1.4855047801973913,-3.962775702865044,-3.2969725066865263,-0.5293646996296689,-0.5355120866097034,0.3952533332691959,3.68462908969447,-1.28599728382786,2.009558438016854
51.0,80.0,132.98593139648438,0.0371401238193619,1.4930822830592074,-3.964244555544224,-3.296985917550605,-0.5290967240558495,-0.5866357326459138,0.3936998387315754,3.685028146546248,-1.3228663893568011,2.013352480984973
51.0,80.0,132.98593139648438,0.0371401238193619,1.492734749620772,-3.962717783743069,-3.296985917550605,-0.5290967240558495,-0.5865416232645112,0.3936974415720402,3.684630558330921,-1.3228663893568011,2.013352480984973
51.0,80.0,132.98593139648438,0.0834002227551446,1.491051376351794,-3.96417149036242,-3.296971016534773,-0.5290899469990628,-0.5475629861425312,0.3974935535372473,3.6810931853519415,-1.2864857439284385,2.0095658447633835
51.0,80.0,132.98593139648438,0.0374638677523558,1.4858033904772503,-3.9642390536960432,-3.2970111836238587,-0.5290953839848281,-0.5844569306812417,0.3936949209383207,3.684552896065511,-1.3228495360708843,2.013791939701911
51.0,80.0,132.98593139648438,0.0374761427733077,1.4858104425573486,-3.962775702865044,-3.2969721046328755,-0.5291390664406859,-0.5431062430587881,0.3952533332691959,3.68468213392166,-1.28599728382786,2.009642346054397
51.0,80.0,132.98593139648438,0.0374638677523558,1.4853699530301636,-3.9641784574265047,-3.2970111836238587,-0.5290999723402122,-0.5426811251964015,0.4068041019089384,3.684626062711392,-1.28599728382786,2.0037638802880946
51.0,80.0,132.98593139648438,0.0863424755631033,1.4857074077999304,-3.971550500604189,-3.2969703063517377,-0.5290899469990628,-0.5478961551064492,0.3936299900459511,3.6810931853519415,-1.323302792981548,2.0095658447633835
51.0,80.0,132.98593139648438,0.0371402787067459,1.470008829317771,-3.964181852920337,-3.2969858725839214,-0.5288612260323543,-0.5478989660751448,0.3943130764624696,3.681177643785732,-1.3242964857366664,2.009642346054397
51.0,80.0,132.98593139648438,0.0371384193669161,1.4583921355270504,-3.964181834418606,-3.2969857045587028,-0.5289947816155961,-0.5475415708525867,0.3937202404303934,3.6851117217211815,-1.322581626111108,2.009547207911622
51.0,80.0,132.98593139648438,0.0371384194119984,1.4825652483704788,-3.964239753540581,-3.2969725066865263,-0.5478542789834203,-0.5432523816112186,0.3952557304287312,3.685026677909797,-1.28599728382786,2.009640965757445
51.0,80.0,132.98593139648438,0.037164339627696,1.490970114398286,-3.960573733242467,-3.2969725066865263,-0.5293646996296689,-0.5355120866097034,0.3952533332691959,3.6850354536490086,-1.28599728382786,2.009558438016854
51.0,80.0,132.98593139648438,0.0371384193669161,1.4826315977170668,-3.964256219358802,-3.296987522774117,-0.547763948274005,-0.5469728817478197,0.3936860199549615,3.6809266176215214,-1.322581626111108,2.009547207911622
51.0,80.0,132.98593139648438,0.0371379305541366,1.419888912611703,-3.9642000831609296,-3.296973737934728,-0.5292976282388793,-0.5476855195318692,0.3933665386653409,3.680868438027701,-1.3239638632947648,2.009457221291472
51.0,80.0,132.98593139648438,0.0371384193669161,1.4820600169533815,-3.964183390662338,-3.297009401784764,-0.5289947383864347,-0.5537992012862728,0.3937643899985787,3.681169364284279,-1.32263739385342,2.003837418540156
51.0,80.0,132.98593139648438,0.0374563168737851,1.4858033904772503,-3.9642390536960432,-3.2970126320611035,-0.5293148737474279,-0.5850861059005867,0.3936949209383207,3.6809525144197153,-1.3228495360708843,2.009436499976523
51.0,80.0,132.98593139648438,0.0867522273618159,1.4858042028380287,-3.971550500604189,-3.29697102940683,-0.5290899469990628,-0.5475629861425312,0.3973705361319274,3.6810931853519415,-1.285808304556468,2.009564802159864
51.0,80.0,132.98593139648438,0.0884798203667606,1.4542045636563976,-3.9717939216275577,-3.2969707760777065,-0.5290781472825857,-0.5475650779830782,0.3952533332691959,3.6845815576525975,-1.3232405434512615,2.009642346054397
51.0,80.0,132.98593139648438,0.0832935352742412,1.491123170089798,-3.9641710584367016,-3.296972562933141,-0.5290899469990628,-0.5485633682315724,0.3974935535372473,3.6810931853519415,-1.2864857439284385,2.0095658447633835
51.0,80.0,132.98593139648438,0.0371384193644633,1.4826317178071462,-3.9642392883439967,-3.296972423330729,-0.5477641222959406,-0.5436014827883647,0.3936615585743703,3.681062968509021,-1.28599728382786,2.009639759920713
51.0,80.0,132.98593139648438,0.037140119390657,1.4930822830592074,-3.964183415286926,-3.296985917550605,-0.5289973126807015,-0.5866357326459138,0.3937487723107808,3.685028146546248,-1.3225814490500278,2.0135335594899457
51.0,80.0,132.98593139648438,0.0371653861585639,1.490970114398286,-3.960585755371359,-3.2969725066865263,-0.5293646996296689,-0.5355120866097034,0.3952533332691959,3.685046919478272,-1.286249500869212,2.0134310749203843
51.0,80.0,132.98593139648438,0.0834207683984601,1.491051376351794,-3.96417149036242,-3.296971016534773,-0.5290895957976147,-0.5475629861425312,0.3974935535372473,3.684745379622566,-1.2860639100365472,2.0095658447633835
51.0,80.0,132.98593139648438,0.0371384193645859,1.4822352690821767,-3.964238722311089,-3.297010496196483,-0.5477641222959406,-0.5436014827883647,0.3936639988047596,3.681104576358138,-1.28599728382786,2.004724221104114
51.0,80.0,132.98593139648438,0.0867269764328086,1.4857020579894658,-3.971550500604189,-3.29697102940683,-0.5290899469990628,-0.5475650847973398,0.3973705361319274,3.6810931853519415,-1.2865753983328276,2.009570873517688
51.0,80.0,132.98593139648438,0.0371384193664848,1.4911253394910997,-3.9642158724793592,-3.297008984941549,-0.5290967240558495,-0.5867907507389449,0.3936998387315754,3.685028146546248,-1.3228646517009666,2.013352480984973
51.0,80.0,132.98593139648438,0.0374761427733077,1.4858104425573486,-3.9641198865657032,-3.29698629836524,-0.5291390664406859,-0.5481083495748724,0.3952533332691959,3.68468213392166,-1.3226972510806358,2.009642346054397
51.0,80.0,132.98593139648438,0.0371384193664782,1.4542045636563976,-3.962775702865044,-3.29697076836584,-0.5290898860224286,-0.5475629861425312,0.3952533332691959,3.681308199010216,-1.3233008889011868,2.009564387572857
51.0,80.0,132.98593139648438,0.0393375749765284,1.4542045636563976,-3.972056449636237,-3.2969707760777065,-0.5290781472825857,-0.5475650779830782,0.3952533332691959,3.684589182825408,-1.3232405434512615,2.009642346054397
51.0,80.0,132.98593139648438,0.037164339627696,1.4589149126575207,-3.962825554810923,-3.2969725066865263,-0.5293646996296689,-0.5467958650599799,0.3952533332691959,3.68462908969447,-1.286471312418569,2.009558438016854
51.0,80.0,132.98593139648438,0.0371402732257126,1.4823428332129955,-3.964199342025741,-3.2893941803241287,-0.5477803565491983,-0.5432523816112186,0.3952533359195604,3.685026677909797,-1.28599728382786,2.0096409477104946
51.0,81.0,132.98593139648438,0.0374761427733077,1.4858104425573486,-3.962775702865044,-3.2969721046328755,-0.5291390664406859,-0.5431062430587881,0.3952533332691959,3.68468213392166,-1.28599728382786,2.009642346054397
51.0,81.0,132.98593139648438,0.0371384193669161,1.4911253394910997,-3.964181834418606,-3.297008984941549,-0.5290967240558495,-0.5866357326459138,0.3936998387315754,3.685028146546248,-1.3228663893568011,2.013352480984973
51.0,81.0,132.98593139648438,0.0371384193669161,1.4859058378691905,-3.9642021653731088,-3.296985785039266,-0.5290949169745851,-0.5478956912245697,0.3937112219882769,3.681105975728876,-1.322581626111108,2.0095459604233854
51.0,81.0,132.98593139648438,0.0867431250198835,1.4857020579894658,-3.971550500604189,-3.29697102940683,-0.5290899469990628,-0.5475629861425312,0.3974935535372473,3.6810931853519415,-1.28599728382786,2.0095658447633835
51.0,81.0,132.98593139648438,0.0371384194119984,1.4825652483704788,-3.962775702865044,-3.2969725066865263,-0.5478542789834203,-0.5431582722298159,0.3952533332691959,3.68462908969447,-1.28599728382786,2.009640965757445
51.0,81.0,132.98593139648438,0.0371384451883757,1.4858052213035715,-3.9642021653731088,-3.296985686781307,-0.5290949169745851,-0.5476311908480183,0.393502617059244,3.681105975728876,-1.322581626111108,2.0095459604233854
51.0,81.0,132.98593139648438,0.0371401052074637,1.470008829317771,-3.96424987105934,-3.2969858725839214,-0.5288649243052802,-0.5478989660751448,0.3943130764624696,3.681177643785732,-1.3242964857366664,2.009642346054397
51.0,81.0,132.98593139648438,0.037164339627696,1.4855047801973913,-3.962775702865044,-3.2969725066865263,-0.5293646996296689,-0.5428305973843832,0.3952533332691959,3.68462908969447,-1.28599728382786,2.009558438016854
51.0,81.0,132.98593139648438,0.0834002227551446,1.491051376351794,-3.96417149036242,-3.296971016534773,-0.5290899469990628,-0.5475629861425312,0.3974935535372473,3.6810931853519415,-1.2864857439284385,2.0095658447633835
51.0,81.0,132.98593139648438,0.0371401238193619,1.492734749620772,-3.964181834418606,-3.296985917550605,-0.5290967240558495,-0.5866357326459138,0.3936998387315754,3.685028146546248,-1.3228663893568011,2.013352480984973
51.0,81.0,132.98593139648438,0.0374638677523558,1.485717486468599,-3.964241178552121,-3.2970111836238587,-0.5290999723402122,-0.5426811251964015,0.4068041019089384,3.684626062711392,-1.28599728382786,2.0037638802880946
51.0,81.0,132.98593139648438,0.0374827918283021,1.4911334357343344,-3.960397684158103,-3.2969737941306145,-0.5268028383703239,-0.5432422166414025,0.3973694138690218,3.68487129019496,-1.2863345842800031,2.013352480984973
51.0,81.0,132.98593139648438,0.0371384193664782,1.4542045636563976,-3.962775702865044,-3.2969707760777065,-0.5290781472825857,-0.5475629861425312,0.3952533332691959,3.68462908969447,-1.322399675622832,2.009642346054397
51.0,81.0,132.98593139648438,0.0867522273618159,1.4857020579894658,-3.971550500604189,-3.29697102940683,-0.5290899469990628,-0.5475629861425312,0.3973705361319274,3.6810931853519415,-1.2865753983328276,2.0095658447633835
51.0,81.0,132.98593139648438,0.0371401238193619,1.492734749620772,-3.964181834418606,-3.296985917550605,-0.5290967240558495,-0.5866357326459138,0.3936998387315754,3.685028146546248,-1.3228663893568011,2.013352480984973
51.0,81.0,132.98593139648438,0.0371345048348178,1.4206815916531197,-3.964200098117008,-3.296985686781307,-0.5293168668194204,-0.5476311908480183,0.3933045220621017,3.680922517597464,-1.3239533413689506,2.0095670952658624
51.0,81.0,132.98593139648438,0.0371384193669161,1.4826315977170668,-3.964256219358802,-3.296987522774117,-0.547763948274005,-0.5469728817478197,0.3936860199549615,3.6809266176215214,-1.322581626111108,2.009547207911622
51.0,81.0,132.98593139648438,0.0374761427733077,1.4858104425573486,-3.962775702865044,-3.2969721046328755,-0.5291390664406859,-0.5431062430587881,0.3952533332691959,3.68468213392166,-1.28599728382786,2.009642346054397
51.0,81.0,132.98593139648438,0.0371384193669161,1.4822423021205344,-3.964183390662338,-3.297009401784764,-0.5289947383864347,-0.5537992012862728,0.3937473982423572,3.68506886783768,-1.322581626111108,2.004032381855162
51.0,81.0,132.98593139648438,0.037164339627696,1.4855047801973913,-3.962775702865044,-3.2969725066865263,-0.5293646996296689,-0.5355120866097034,0.3952533332691959,3.68462908969447,-1.28599728382786,2.009558438016854
51.0,81.0,132.98593139648438,0.0371401238193619,1.4930822830592074,-3.964244555544224,-3.296985917550605,-0.5290967240558495,-0.5866357326459138,0.3936998387315754,3.685028146546248,-1.3228663893568011,2.013352480984973
51.0,81.0,132.98593139648438,0.0371401238193619,1.492734749620772,-3.962717783743069,-3.296985917550605,-0.5290967240558495,-0.5865416232645112,0.3936974415720402,3.684630558330921,-1.3228663893568011,2.013352480984973
51.0,81.0,132.98593139648438,0.0834002227551446,1.491051376351794,-3.96417149036242,-3.296971016534773,-0.5290899469990628,-0.5475629861425312,0.3974935535372473,3.6810931853519415,-1.2864857439284385,2.0095658447633835
51.0,81.0,132.98593139648438,0.0374638677523558,1.4858033904772503,-3.9642390536960432,-3.2970111836238587,-0.5290953839848281,-0.5844569306812417,0.3936949209383207,3.684552896065511,-1.3228495360708843,2.013791939701911
51.0,81.0,132.98593139648438,0.0374761427733077,1.4858104425573486,-3.962775702865044,-3.2969721046328755,-0.5291390664406859,-0.5431062430587881,0.3952533332691959,3.68468213392166,-1.28599728382786,2.009642346054397
51.0,81.0,132.98593139648438,0.0374638677523558,1.4853699530301636,-3.9641784574265047,-3.2970111836238587,-0.5290999723402122,-0.5426811251964015,0.4068041019089384,3.684626062711392,-1.28599728382786,2.0037638802880946
51.0,81.0,132.98593139648438,0.0863424755631033,1.4857074077999304,-3.971550500604189,-3.2969703063517377,-0.5290899469990628,-0.5478961551064492,0.3936299900459511,3.6810931853519415,-1.323302792981548,2.0095658447633835
51.0,81.0,132.98593139648438,0.0371402787067459,1.470008829317771,-3.964181852920337,-3.2969858725839214,-0.5288612260323543,-0.5478989660751448,0.3943130764624696,3.681177643785732,-1.3242964857366664,2.009642346054397
51.0,81.0,132.98593139648438,0.0371384193669161,1.4583921355270504,-3.964181834418606,-3.2969857045587028,-0.5289947816155961,-0.5475415708525867,0.3937202404303934,3.6851117217211815,-1.322581626111108,2.009547207911622
51.0,81.0,132.98593139648438,0.0371384194119984,1.4825652483704788,-3.964239753540581,-3.2969725066865263,-0.5478542789834203,-0.5432523816112186,0.3952557304287312,3.685026677909797,-1.28599728382786,2.009640965757445
51.0,81.0,132.98593139648438,0.037164339627696,1.490970114398286,-3.960573733242467,-3.2969725066865263,-0.5293646996296689,-0.5355120866097034,0.3952533332691959,3.6850354536490086,-1.28599728382786,2.009558438016854
51.0,81.0,132.98593139648438,0.0371384193669161,1.4826315977170668,-3.964256219358802,-3.296987522774117,-0.547763948274005,-0.5469728817478197,0.3936860199549615,3.6809266176215214,-1.322581626111108,2.009547207911622
51.0,81.0,132.98593139648438,0.0371379305541366,1.419888912611703,-3.9642000831609296,-3.296973737934728,-0.5292976282388793,-0.5476855195318692,0.3933665386653409,3.680868438027701,-1.3239638632947648,2.009457221291472
51.0,81.0,132.98593139648438,0.0371384193669161,1.4820600169533815,-3.964183390662338,-3.297009401784764,-0.5289947383864347,-0.5537992012862728,0.3937643899985787,3.681169364284279,-1.32263739385342,2.003837418540156
51.0,81.0,132.98593139648438,0.0374563168737851,1.4858033904772503,-3.9642390536960432,-3.2970126320611035,-0.5293148737474279,-0.5850861059005867,0.3936949209383207,3.6809525144197153,-1.3228495360708843,2.009436499976523
51.0,81.0,132.98593139648438,0.0867522273618159,1.4858042028380287,-3.971550500604189,-3.29697102940683,-0.5290899469990628,-0.5475629861425312,0.3973705361319274,3.6810931853519415,-1.285808304556468,2.009564802159864
51.0,81.0,132.98593139648438,0.0884798203667606,1.4542045636563976,-3.9717939216275577,-3.2969707760777065,-0.5290781472825857,-0.5475650779830782,0.3952533332691959,3.6845815576525975,-1.3232405434512615,2.009642346054397
51.0,81.0,132.98593139648438,0.0832935352742412,1.491123170089798,-3.9641710584367016,-3.296972562933141,-0.5290899469990628,-0.5485633682315724,0.3974935535372473,3.6810931853519415,-1.2864857439284385,2.0095658447633835
51.0,81.0,132.98593139648438,0.0371384193644633,1.4826317178071462,-3.9642392883439967,-3.296972423330729,-0.5477641222959406,-0.5436014827883647,0.3936615585743703,3.681062968509021,-1.28599728382786,2.009639759920713
51.0,81.0,132.98593139648438,0.037140119390657,1.4930822830592074,-3.964183415286926,-3.296985917550605,-0.5289973126807015,-0.5866357326459138,0.3937487723107808,3.685028146546248,-1.3225814490500278,2.0135335594899457
51.0,81.0,132.98593139648438,0.0371653861585639,1.490970114398286,-3.960585755371359,-3.2969725066865263,-0.5293646996296689,-0.5355120866097034,0.3952533332691959,3.685046919478272,-1.286249500869212,2.0134310749203843
51.0,81.0,132.98593139648438,0.0834207683984601,1.491051376351794,-3.96417149036242,-3.296971016534773,-0.5290895957976147,-0.5475629861425312,0.3974935535372473,3.684745379622566,-1.2860639100365472,2.0095658447633835
51.0,81.0,132.98593139648438,0.0371384193645859,1.4822352690821767,-3.964238722311089,-3.297010496196483,-0.5477641222959406,-0.5436014827883647,0.3936639988047596,3.681104576358138,-1.28599728382786,2.004724221104114
51.0,81.0,132.98593139648438,0.0867269764328086,1.4857020579894658,-3.971550500604189,-3.29697102940683,-0.5290899469990628,-0.5475650847973398,0.3973705361319274,3.6810931853519415,-1.2865753983328276,2.009570873517688
51.0,81.0,132.98593139648438,0.0371384193664848,1.4911253394910997,-3.9642158724793592,-3.297008984941549,-0.5290967240558495,-0.5867907507389449,0.3936998387315754,3.685028146546248,-1.3228646517009666,2.013352480984973
51.0,81.0,132.98593139648438,0.0374761427733077,1.4858104425573486,-3.9641198865657032,-3.29698629836524,-0.5291390664406859,-0.5481083495748724,0.3952533332691959,3.68468213392166,-1.3226972510806358,2.009642346054397
51.0,81.0,132.98593139648438,0.0371384193664782,1.4542045636563976,-3.962775702865044,-3.29697076836584,-0.5290898860224286,-0.5475629861425312,0.3952533332691959,3.681308199010216,-1.3233008889011868,2.009564387572857
51.0,81.0,132.98593139648438,0.0393375749765284,1.4542045636563976,-3.972056449636237,-3.2969707760777065,-0.5290781472825857,-0.5475650779830782,0.3952533332691959,3.684589182825408,-1.3232405434512615,2.009642346054397
51.0,81.0,132.98593139648438,0.037164339627696,1.4589149126575207,-3.962825554810923,-3.2969725066865263,-0.5293646996296689,-0.5467958650599799,0.3952533332691959,3.68462908969447,-1.286471312418569,2.009558438016854
51.0,81.0,132.98593139648438,0.0371402732257126,1.4823428332129955,-3.964199342025741,-3.2893941803241287,-0.5477803565491983,-0.5432523816112186,0.3952533359195604,3.685026677909797,-1.28599728382786,2.0096409477104946
51.0,82.0,132.98593139648438,0.0374761427733077,1.4858104425573486,-3.962775702865044,-3.2969721046328755,-0.5291390664406859,-0.5431062430587881,0.3952533332691959,3.68468213392166,-1.28599728382786,2.009642346054397
51.0,82.0,132.98593139648438,0.0371384193669161,1.4911253394910997,-3.964181834418606,-3.297008984941549,-0.5290967240558495,-0.5866357326459138,0.3936998387315754,3.685028146546248,-1.3228663893568011,2.013352480984973
51.0,82.0,132.98593139648438,0.0371384193669161,1.4859058378691905,-3.9642021653731088,-3.296985785039266,-0.5290949169745851,-0.5478956912245697,0.3937112219882769,3.681105975728876,-1.322581626111108,2.0095459604233854
51.0,82.0,132.98593139648438,0.0867431250198835,1.4857020579894658,-3.971550500604189,-3.29697102940683,-0.5290899469990628,-0.5475629861425312,0.3974935535372473,3.6810931853519415,-1.28599728382786,2.0095658447633835
51.0,82.0,132.98593139648438,0.0371384194119984,1.4825652483704788,-3.962775702865044,-3.2969725066865263,-0.5478542789834203,-0.5431582722298159,0.3952533332691959,3.68462908969447,-1.28599728382786,2.009640965757445
51.0,82.0,132.98593139648438,0.0371384451883757,1.4858052213035715,-3.9642021653731088,-3.296985686781307,-0.5290949169745851,-0.5476311908480183,0.393502617059244,3.681105975728876,-1.322581626111108,2.0095459604233854
51.0,82.0,132.98593139648438,0.0371401052074637,1.470008829317771,-3.96424987105934,-3.2969858725839214,-0.5288649243052802,-0.5478989660751448,0.3943130764624696,3.681177643785732,-1.3242964857366664,2.009642346054397
51.0,82.0,132.98593139648438,0.037164339627696,1.4855047801973913,-3.962775702865044,-3.2969725066865263,-0.5293646996296689,-0.5428305973843832,0.3952533332691959,3.68462908969447,-1.28599728382786,2.009558438016854
51.0,82.0,132.98593139648438,0.0834002227551446,1.491051376351794,-3.96417149036242,-3.296971016534773,-0.5290899469990628,-0.5475629861425312,0.3974935535372473,3.6810931853519415,-1.2864857439284385,2.0095658447633835
51.0,82.0,132.98593139648438,0.0371401238193619,1.492734749620772,-3.964181834418606,-3.296985917550605,-0.5290967240558495,-0.5866357326459138,0.3936998387315754,3.685028146546248,-1.3228663893568011,2.013352480984973
51.0,82.0,132.98593139648438,0.0374638677523558,1.485717486468599,-3.964241178552121,-3.2970111836238587,-0.5290999723402122,-0.5426811251964015,0.4068041019089384,3.684626062711392,-1.28599728382786,2.0037638802880946
51.0,82.0,132.98593139648438,0.0374827918283021,1.4911334357343344,-3.960397684158103,-3.2969737941306145,-0.5268028383703239,-0.5432422166414025,0.3973694138690218,3.68487129019496,-1.2863345842800031,2.013352480984973
51.0,82.0,132.98593139648438,0.0371384193664782,1.4542045636563976,-3.962775702865044,-3.2969707760777065,-0.5290781472825857,-0.5475629861425312,0.3952533332691959,3.68462908969447,-1.322399675622832,2.009642346054397
51.0,82.0,132.98593139648438,0.0867522273618159,1.4857020579894658,-3.971550500604189,-3.29697102940683,-0.5290899469990628,-0.5475629861425312,0.3973705361319274,3.6810931853519415,-1.2865753983328276,2.0095658447633835
51.0,82.0,132.98593139648438,0.0371401238193619,1.492734749620772,-3.964181834418606,-3.296985917550605,-0.5290967240558495,-0.5866357326459138,0.3936998387315754,3.685028146546248,-1.3228663893568011,2.013352480984973
51.0,82.0,132.98593139648438,0.0371345048348178,1.4206815916531197,-3.964200098117008,-3.296985686781307,-0.5293168668194204,-0.5476311908480183,0.3933045220621017,3.680922517597464,-1.3239533413689506,2.0095670952658624
51.0,82.0,132.98593139648438,0.0371384193669161,1.4826315977170668,-3.964256219358802,-3.296987522774117,-0.547763948274005,-0.5469728817478197,0.3936860199549615,3.6809266176215214,-1.322581626111108,2.009547207911622
51.0,82.0,132.98593139648438,0.0374761427733077,1.4858104425573486,-3.962775702865044,-3.2969721046328755,-0.5291390664406859,-0.5431062430587881,0.3952533332691959,3.68468213392166,-1.28599728382786,2.009642346054397
51.0,82.0,132.98593139648438,0.0371384193669161,1.4822423021205344,-3.964183390662338,-3.297009401784764,-0.5289947383864347,-0.5537992012862728,0.3937473982423572,3.68506886783768,-1.322581626111108,2.004032381855162
51.0,82.0,132.98593139648438,0.037164339627696,1.4855047801973913,-3.962775702865044,-3.2969725066865263,-0.5293646996296689,-0.5355120866097034,0.3952533332691959,3.68462908969447,-1.28599728382786,2.009558438016854
51.0,82.0,132.98593139648438,0.0371401238193619,1.4930822830592074,-3.964244555544224,-3.296985917550605,-0.5290967240558495,-0.5866357326459138,0.3936998387315754,3.685028146546248,-1.3228663893568011,2.013352480984973
51.0,82.0,132.98593139648438,0.0371401238193619,1.492734749620772,-3.962717783743069,-3.296985917550605,-0.5290967240558495,-0.5865416232645112,0.3936974415720402,3.684630558330921,-1.3228663893568011,2.013352480984973
51.0,82.0,132.98593139648438,0.0834002227551446,1.491051376351794,-3.96417149036242,-3.296971016534773,-0.5290899469990628,-0.5475629861425312,0.3974935535372473,3.6810931853519415,-1.2864857439284385,2.0095658447633835
51.0,82.0,132.98593139648438,0.0374638677523558,1.4858033904772503,-3.9642390536960432,-3.2970111836238587,-0.5290953839848281,-0.5844569306812417,0.3936949209383207,3.684552896065511,-1.3228495360708843,2.013791939701911
51.0,82.0,132.98593139648438,0.0374761427733077,1.4858104425573486,-3.962775702865044,-3.2969721046328755,-0.5291390664406859,-0.5431062430587881,0.3952533332691959,3.68468213392166,-1.28599728382786,2.009642346054397
51.0,82.0,132.98593139648438,0.0374638677523558,1.4853699530301636,-3.9641784574265047,-3.2970111836238587,-0.5290999723402122,-0.5426811251964015,0.4068041019089384,3.684626062711392,-1.28599728382786,2.0037638802880946
51.0,82.0,132.98593139648438,0.0863424755631033,1.4857074077999304,-3.971550500604189,-3.2969703063517377,-0.5290899469990628,-0.5478961551064492,0.3936299900459511,3.6810931853519415,-1.323302792981548,2.0095658447633835
51.0,82.0,132.98593139648438,0.0371402787067459,1.470008829317771,-3.964181852920337,-3.2969858725839214,-0.5288612260323543,-0.5478989660751448,0.3943130764624696,3.681177643785732,-1.3242964857366664,2.009642346054397
51.0,82.0,132.98593139648438,0.0371384193669161,1.4583921355270504,-3.964181834418606,-3.2969857045587028,-0.5289947816155961,-0.5475415708525867,0.3937202404303934,3.6851117217211815,-1.322581626111108,2.009547207911622
51.0,82.0,132.98593139648438,0.0371384194119984,1.4825652483704788,-3.964239753540581,-3.2969725066865263,-0.5478542789834203,-0.5432523816112186,0.3952557304287312,3.685026677909797,-1.28599728382786,2.009640965757445
51.0,82.0,132.98593139648438,0.037164339627696,1.490970114398286,-3.960573733242467,-3.2969725066865263,-0.5293646996296689,-0.5355120866097034,0.3952533332691959,3.6850354536490086,-1.28599728382786,2.009558438016854
51.0,82.0,132.98593139648438,0.0371384193669161,1.4826315977170668,-3.964256219358802,-3.296987522774117,-0.547763948274005,-0.5469728817478197,0.3936860199549615,3.6809266176215214,-1.322581626111108,2.009547207911622
51.0,82.0,132.98593139648438,0.0371379305541366,1.419888912611703,-3.9642000831609296,-3.296973737934728,-0.5292976282388793,-0.5476855195318692,0.3933665386653409,3.680868438027701,-1.3239638632947648,2.009457221291472
51.0,82.0,132.98593139648438,0.0371384193669161,1.4820600169533815,-3.964183390662338,-3.297009401784764,-0.5289947383864347,-0.5537992012862728,0.3937643899985787,3.681169364284279,-1.32263739385342,2.003837418540156
51.0,82.0,132.98593139648438,0.0374563168737851,1.4858033904772503,-3.9642390536960432,-3.2970126320611035,-0.5293148737474279,-0.5850861059005867,0.3936949209383207,3.6809525144197153,-1.3228495360708843,2.009436499976523
51.0,82.0,132.98593139648438,0.0867522273618159,1.4858042028380287,-3.971550500604189,-3.29697102940683,-0.5290899469990628,-0.5475629861425312,0.3973705361319274,3.6810931853519415,-1.285808304556468,2.009564802159864
51.0,82.0,132.98593139648438,0.0884798203667606,1.4542045636563976,-3.9717939216275577,-3.2969707760777065,-0.5290781472825857,-0.5475650779830782,0.3952533332691959,3.6845815576525975,-1.3232405434512615,2.009642346054397
51.0,82.0,132.98593139648438,0.0832935352742412,1.491123170089798,-3.9641710584367016,-3.296972562933141,-0.5290899469990628,-0.5485633682315724,0.3974935535372473,3.6810931853519415,-1.2864857439284385,2.0095658447633835
51.0,82.0,132.98593139648438,0.0371384193644633,1.4826317178071462,-3.9642392883439967,-3.296972423330729,-0.5477641222959406,-0.5436014827883647,0.3936615585743703,3.681062968509021,-1.28599728382786,2.009639759920713
51.0,82.0,132.98593139648438,0.037140119390657,1.4930822830592074,-3.964183415286926,-3.296985917550605,-0.5289973126807015,-0.5866357326459138,0.3937487723107808,3.685028146546248,-1.3225814490500278,2.0135335594899457
51.0,82.0,132.98593139648438,0.0371653861585639,1.490970114398286,-3.960585755371359,-3.2969725066865263,-0.5293646996296689,-0.5355120866097034,0.3952533332691959,3.685046919478272,-1.286249500869212,2.0134310749203843
51.0,82.0,132.98593139648438,0.0834207683984601,1.491051376351794,-3.96417149036242,-3.296971016534773,-0.5290895957976147,-0.5475629861425312,0.3974935535372473,3.684745379622566,-1.2860639100365472,2.0095658447633835
51.0,82.0,132.98593139648438,0.0371384193645859,1.4822352690821767,-3.964238722311089,-3.297010496196483,-0.5477641222959406,-0.5436014827883647,0.3936639988047596,3.681104576358138,-1.28599728382786,2.004724221104114
51.0,82.0,132.98593139648438,0.0867269764328086,1.4857020579894658,-3.971550500604189,-3.29697102940683,-0.5290899469990628,-0.5475650847973398,0.3973705361319274,3.6810931853519415,-1.2865753983328276,2.009570873517688
51.0,82.0,132.98593139648438,0.0371384193664848,1.4911253394910997,-3.9642158724793592,-3.297008984941549,-0.5290967240558495,-0.5867907507389449,0.3936998387315754,3.685028146546248,-1.3228646517009666,2.013352480984973
51.0,82.0,132.98593139648438,0.0374761427733077,1.4858104425573486,-3.9641198865657032,-3.29698629836524,-0.5291390664406859,-0.5481083495748724,0.3952533332691959,3.68468213392166,-1.3226972510806358,2.009642346054397
51.0,82.0,132.98593139648438,0.0371384193664782,1.4542045636563976,-3.962775702865044,-3.29697076836584,-0.5290898860224286,-0.5475629861425312,0.3952533332691959,3.681308199010216,-1.3233008889011868,2.009564387572857
51.0,82.0,132.98593139648438,0.0393375749765284,1.4542045636563976,-3.972056449636237,-3.2969707760777065,-0.5290781472825857,-0.5475650779830782,0.3952533332691959,3.684589182825408,-1.3232405434512615,2.009642346054397
51.0,82.0,132.98593139648438,0.037164339627696,1.4589149126575207,-3.962825554810923,-3.2969725066865263,-0.5293646996296689,-0.5467958650599799,0.3952533332691959,3.68462908969447,-1.286471312418569,2.009558438016854
51.0,82.0,132.98593139648438,0.0371402732257126,1.4823428332129955,-3.964199342025741,-3.2893941803241287,-0.5477803565491983,-0.5432523816112186,0.3952533359195604,3.685026677909797,-1.28599728382786,2.0096409477104946
51.0,83.0,132.98593139648438,0.0374761427733077,1.4858104425573486,-3.962775702865044,-3.2969721046328755,-0.5291390664406859,-0.5431062430587881,0.3952533332691959,3.68468213392166,-1.28599728382786,2.009642346054397
51.0,83.0,132.98593139648438,0.0371384193669161,1.4911253394910997,-3.964181834418606,-3.297008984941549,-0.5290967240558495,-0.5866357326459138,0.3936998387315754,3.685028146546248,-1.3228663893568011,2.013352480984973
51.0,83.0,132.98593139648438,0.0371384193669161,1.4859058378691905,-3.9642021653731088,-3.296985785039266,-0.5290949169745851,-0.5478956912245697,0.3937112219882769,3.681105975728876,-1.322581626111108,2.0095459604233854
51.0,83.0,132.98593139648438,0.0867431250198835,1.4857020579894658,-3.971550500604189,-3.29697102940683,-0.5290899469990628,-0.5475629861425312,0.3974935535372473,3.6810931853519415,-1.28599728382786,2.0095658447633835
51.0,83.0,132.98593139648438,0.0371384194119984,1.4825652483704788,-3.962775702865044,-3.2969725066865263,-0.5478542789834203,-0.5431582722298159,0.3952533332691959,3.68462908969447,-1.28599728382786,2.009640965757445
51.0,83.0,132.98593139648438,0.0371384451883757,1.4858052213035715,-3.9642021653731088,-3.296985686781307,-0.5290949169745851,-0.5476311908480183,0.393502617059244,3.681105975728876,-1.322581626111108,2.0095459604233854
51.0,83.0,132.98593139648438,0.0371401052074637,1.470008829317771,-3.96424987105934,-3.2969858725839214,-0.5288649243052802,-0.5478989660751448,0.3943130764624696,3.681177643785732,-1.3242964857366664,2.009642346054397
51.0,83.0,132.98593139648438,0.037164339627696,1.4855047801973913,-3.962775702865044,-3.2969725066865263,-0.5293646996296689,-0.5428305973843832,0.3952533332691959,3.68462908969447,-1.28599728382786,2.009558438016854
51.0,83.0,132.98593139648438,0.0834002227551446,1.491051376351794,-3.96417149036242,-3.296971016534773,-0.5290899469990628,-0.5475629861425312,0.3974935535372473,3.6810931853519415,-1.2864857439284385,2.0095658447633835
51.0,83.0,132.98593139648438,0.0371401238193619,1.492734749620772,-3.964181834418606,-3.296985917550605,-0.5290967240558495,-0.5866357326459138,0.3936998387315754,3.685028146546248,-1.3228663893568011,2.013352480984973
51.0,83.0,132.98593139648438,0.0374638677523558,1.485717486468599,-3.964241178552121,-3.2970111836238587,-0.5290999723402122,-0.5426811251964015,0.4068041019089384,3.684626062711392,-1.28599728382786,2.0037638802880946
51.0,83.0,132.98593139648438,0.0374827918283021,1.4911334357343344,-3.960397684158103,-3.2969737941306145,-0.5268028383703239,-0.5432422166414025,0.3973694138690218,3.68487129019496,-1.2863345842800031,2.013352480984973
51.0,83.0,132.98593139648438,0.0371384193664782,1.4542045636563976,-3.962775702865044,-3.2969707760777065,-0.5290781472825857,-0.5475629861425312,0.3952533332691959,3.68462908969447,-1.322399675622832,2.009642346054397
51.0,83.0,132.98593139648438,0.0867522273618159,1.4857020579894658,-3.971550500604189,-3.29697102940683,-0.5290899469990628,-0.5475629861425312,0.3973705361319274,3.6810931853519415,-1.2865753983328276,2.0095658447633835
51.0,83.0,132.98593139648438,0.0371401238193619,1.492734749620772,-3.964181834418606,-3.296985917550605,-0.5290967240558495,-0.5866357326459138,0.3936998387315754,3.685028146546248,-1.3228663893568011,2.013352480984973
51.0,83.0,132.98593139648438,0.0371345048348178,1.4206815916531197,-3.964200098117008,-3.296985686781307,-0.5293168668194204,-0.5476311908480183,0.3933045220621017,3.680922517597464,-1.3239533413689506,2.0095670952658624
51.0,83.0,132.98593139648438,0.0371384193669161,1.4826315977170668,-3.964256219358802,-3.296987522774117,-0.547763948274005,-0.5469728817478197,0.3936860199549615,3.6809266176215214,-1.322581626111108,2.009547207911622
51.0,83.0,132.98593139648438,0.0374761427733077,1.4858104425573486,-3.962775702865044,-3.2969721046328755,-0.5291390664406859,-0.5431062430587881,0.3952533332691959,3.68468213392166,-1.28599728382786,2.009642346054397
51.0,83.0,132.98593139648438,0.0371384193669161,1.4822423021205344,-3.964183390662338,-3.297009401784764,-0.5289947383864347,-0.5537992012862728,0.3937473982423572,3.68506886783768,-1.322581626111108,2.004032381855162
51.0,83.0,132.98593139648438,0.037164339627696,1.4855047801973913,-3.962775702865044,-3.2969725066865263,-0.5293646996296689,-0.5355120866097034,0.3952533332691959,3.68462908969447,-1.28599728382786,2.009558438016854
51.0,83.0,132.98593139648438,0.0371401238193619,1.4930822830592074,-3.964244555544224,-3.296985917550605,-0.5290967240558495,-0.5866357326459138,0.3936998387315754,3.685028146546248,-1.3228663893568011,2.013352480984973
51.0,83.0,132.98593139648438,0.0371401238193619,1.492734749620772,-3.962717783743069,-3.296985917550605,-0.5290967240558495,-0.5865416232645112,0.3936974415720402,3.684630558330921,-1.3228663893568011,2.013352480984973
51.0,83.0,132.98593139648438,0.0834002227551446,1.491051376351794,-3.96417149036242,-3.296971016534773,-0.5290899469990628,-0.5475629861425312,0.3974935535372473,3.6810931853519415,-1.2864857439284385,2.0095658447633835
51.0,83.0,132.98593139648438,0.0374638677523558,1.4858033904772503,-3.9642390536960432,-3.2970111836238587,-0.5290953839848281,-0.5844569306812417,0.3936949209383207,3.684552896065511,-1.3228495360708843,2.013791939701911
51.0,83.0,132.98593139648438,0.0374761427733077,1.4858104425573486,-3.962775702865044,-3.2969721046328755,-0.5291390664406859,-0.5431062430587881,0.3952533332691959,3.68468213392166,-1.28599728382786,2.009642346054397
51.0,83.0,132.98593139648438,0.0374638677523558,1.4853699530301636,-3.9641784574265047,-3.2970111836238587,-0.5290999723402122,-0.5426811251964015,0.4068041019089384,3.684626062711392,-1.28599728382786,2.0037638802880946
51.0,83.0,132.98593139648438,0.0863424755631033,1.4857074077999304,-3.971550500604189,-3.2969703063517377,-0.5290899469990628,-0.5478961551064492,0.3936299900459511,3.6810931853519415,-1.323302792981548,2.0095658447633835
51.0,83.0,132.98593139648438,0.0371402787067459,1.470008829317771,-3.964181852920337,-3.2969858725839214,-0.5288612260323543,-0.5478989660751448,0.3943130764624696,3.681177643785732,-1.3242964857366664,2.009642346054397
51.0,83.0,132.98593139648438,0.0371384193669161,1.4583921355270504,-3.964181834418606,-3.2969857045587028,-0.5289947816155961,-0.5475415708525867,0.3937202404303934,3.6851117217211815,-1.322581626111108,2.009547207911622
51.0,83.0,132.98593139648438,0.0371384194119984,1.4825652483704788,-3.964239753540581,-3.2969725066865263,-0.5478542789834203,-0.5432523816112186,0.3952557304287312,3.685026677909797,-1.28599728382786,2.009640965757445
51.0,83.0,132.98593139648438,0.037164339627696,1.490970114398286,-3.960573733242467,-3.2969725066865263,-0.5293646996296689,-0.5355120866097034,0.3952533332691959,3.6850354536490086,-1.28599728382786,2.009558438016854
51.0,83.0,132.98593139648438,0.0371384193669161,1.4826315977170668,-3.964256219358802,-3.296987522774117,-0.547763948274005,-0.5469728817478197,0.3936860199549615,3.6809266176215214,-1.322581626111108,2.009547207911622
51.0,83.0,132.98593139648438,0.0371379305541366,1.419888912611703,-3.9642000831609296,-3.296973737934728,-0.5292976282388793,-0.5476855195318692,0.3933665386653409,3.680868438027701,-1.3239638632947648,2.009457221291472
51.0,83.0,132.98593139648438,0.0371384193669161,1.4820600169533815,-3.964183390662338,-3.297009401784764,-0.5289947383864347,-0.5537992012862728,0.3937643899985787,3.681169364284279,-1.32263739385342,2.003837418540156
51.0,83.0,132.98593139648438,0.0374563168737851,1.4858033904772503,-3.9642390536960432,-3.2970126320611035,-0.5293148737474279,-0.5850861059005867,0.3936949209383207,3.6809525144197153,-1.3228495360708843,2.009436499976523
51.0,83.0,132.98593139648438,0.0867522273618159,1.4858042028380287,-3.971550500604189,-3.29697102940683,-0.5290899469990628,-0.5475629861425312,0.3973705361319274,3.6810931853519415,-1.285808304556468,2.009564802159864
51.0,83.0,132.98593139648438,0.0884798203667606,1.4542045636563976,-3.9717939216275577,-3.2969707760777065,-0.5290781472825857,-0.5475650779830782,0.3952533332691959,3.6845815576525975,-1.3232405434512615,2.009642346054397
51.0,83.0,132.98593139648438,0.0832935352742412,1.491123170089798,-3.9641710584367016,-3.296972562933141,-0.5290899469990628,-0.5485633682315724,0.3974935535372473,3.6810931853519415,-1.2864857439284385,2.0095658447633835
51.0,83.0,132.98593139648438,0.0371384193644633,1.4826317178071462,-3.9642392883439967,-3.296972423330729,-0.5477641222959406,-0.5436014827883647,0.3936615585743703,3.681062968509021,-1.28599728382786,2.009639759920713
51.0,83.0,132.98593139648438,0.037140119390657,1.4930822830592074,-3.964183415286926,-3.296985917550605,-0.5289973126807015,-0.5866357326459138,0.3937487723107808,3.685028146546248,-1.3225814490500278,2.0135335594899457
51.0,83.0,132.98593139648438,0.0371653861585639,1.490970114398286,-3.960585755371359,-3.2969725066865263,-0.5293646996296689,-0.5355120866097034,0.3952533332691959,3.685046919478272,-1.286249500869212,2.0134310749203843
51.0,83.0,132.98593139648438,0.0834207683984601,1.491051376351794,-3.96417149036242,-3.296971016534773,-0.5290895957976147,-0.5475629861425312,0.3974935535372473,3.684745379622566,-1.2860639100365472,2.0095658447633835
51.0,83.0,132.98593139648438,0.0371384193645859,1.4822352690821767,-3.964238722311089,-3.297010496196483,-0.5477641222959406,-0.5436014827883647,0.3936639988047596,3.681104576358138,-1.28599728382786,2.004724221104114
51.0,83.0,132.98593139648438,0.0867269764328086,1.4857020579894658,-3.971550500604189,-3.29697102940683,-0.5290899469990628,-0.5475650847973398,0.3973705361319274,3.6810931853519415,-1.2865753983328276,2.009570873517688
51.0,83.0,132.98593139648438,0.0371384193664848,1.4911253394910997,-3.9642158724793592,-3.297008984941549,-0.5290967240558495,-0.5867907507389449,0.3936998387315754,3.685028146546248,-1.3228646517009666,2.013352480984973
51.0,83.0,132.98593139648438,0.0374761427733077,1.4858104425573486,-3.9641198865657032,-3.29698629836524,-0.5291390664406859,-0.5481083495748724,0.3952533332691959,3.68468213392166,-1.3226972510806358,2.009642346054397
51.0,83.0,132.98593139648438,0.0371384193664782,1.4542045636563976,-3.962775702865044,-3.29697076836584,-0.5290898860224286,-0.5475629861425312,0.3952533332691959,3.681308199010216,-1.3233008889011868,2.009564387572857
51.0,83.0,132.98593139648438,0.0393375749765284,1.4542045636563976,-3.972056449636237,-3.2969707760777065,-0.5290781472825857,-0.5475650779830782,0.3952533332691959,3.684589182825408,-1.3232405434512615,2.009642346054397
51.0,83.0,132.98593139648438,0.037164339627696,1.4589149126575207,-3.962825554810923,-3.2969725066865263,-0.5293646996296689,-0.5467958650599799,0.3952533332691959,3.68462908969447,-1.286471312418569,2.009558438016854
51.0,83.0,132.98593139648438,0.0371402732257126,1.4823428332129955,-3.964199342025741,-3.2893941803241287,-0.5477803565491983,-0.5432523816112186,0.3952533359195604,3.685026677909797,-1.28599728382786,2.0096409477104946
51.0,84.0,132.98593139648438,0.0374761427733077,1.4858104425573486,-3.962775702865044,-3.2969721046328755,-0.5291390664406859,-0.5431062430587881,0.3952533332691959,3.68468213392166,-1.28599728382786,2.009642346054397
51.0,84.0,132.98593139648438,0.0371384193669161,1.4911253394910997,-3.964181834418606,-3.297008984941549,-0.5290967240558495,-0.5866357326459138,0.3936998387315754,3.685028146546248,-1.3228663893568011,2.013352480984973
51.0,84.0,132.98593139648438,0.0371384193669161,1.4859058378691905,-3.9642021653731088,-3.296985785039266,-0.5290949169745851,-0.5478956912245697,0.3937112219882769,3.681105975728876,-1.322581626111108,2.0095459604233854
51.0,84.0,132.98593139648438,0.0867431250198835,1.4857020579894658,-3.971550500604189,-3.29697102940683,-0.5290899469990628,-0.5475629861425312,0.3974935535372473,3.6810931853519415,-1.28599728382786,2.0095658447633835
51.0,84.0,132.98593139648438,0.0371384194119984,1.4825652483704788,-3.962775702865044,-3.2969725066865263,-0.5478542789834203,-0.5431582722298159,0.3952533332691959,3.68462908969447,-1.28599728382786,2.009640965757445
51.0,84.0,132.98593139648438,0.0371384451883757,1.4858052213035715,-3.9642021653731088,-3.296985686781307,-0.5290949169745851,-0.5476311908480183,0.393502617059244,3.681105975728876,-1.322581626111108,2.0095459604233854
51.0,84.0,132.98593139648438,0.0371401052074637,1.470008829317771,-3.96424987105934,-3.2969858725839214,-0.5288649243052802,-0.5478989660751448,0.3943130764624696,3.681177643785732,-1.3242964857366664,2.009642346054397
51.0,84.0,132.98593139648438,0.037164339627696,1.4855047801973913,-3.962775702865044,-3.2969725066865263,-0.5293646996296689,-0.5428305973843832,0.3952533332691959,3.68462908969447,-1.28599728382786,2.009558438016854
51.0,84.0,132.98593139648438,0.0834002227551446,1.491051376351794,-3.96417149036242,-3.296971016534773,-0.5290899469990628,-0.5475629861425312,0.3974935535372473,3.6810931853519415,-1.2864857439284385,2.0095658447633835
51.0,84.0,132.98593139648438,0.0371401238193619,1.492734749620772,-3.964181834418606,-3.296985917550605,-0.5290967240558495,-0.5866357326459138,0.3936998387315754,3.685028146546248,-1.3228663893568011,2.013352480984973
51.0,84.0,132.98593139648438,0.0374638677523558,1.485717486468599,-3.964241178552121,-3.2970111836238587,-0.5290999723402122,-0.5426811251964015,0.4068041019089384,3.684626062711392,-1.28599728382786,2.0037638802880946
51.0,84.0,132.98593139648438,0.0374827918283021,1.4911334357343344,-3.960397684158103,-3.2969737941306145,-0.5268028383703239,-0.5432422166414025,0.3973694138690218,3.68487129019496,-1.2863345842800031,2.013352480984973
51.0,84.0,132.98593139648438,0.0371384193664782,1.4542045636563976,-3.962775702865044,-3.2969707760777065,-0.5290781472825857,-0.5475629861425312,0.3952533332691959,3.68462908969447,-1.322399675622832,2.009642346054397
51.0,84.0,132.98593139648438,0.0867522273618159,1.4857020579894658,-3.971550500604189,-3.29697102940683,-0.5290899469990628,-0.5475629861425312,0.3973705361319274,3.6810931853519415,-1.2865753983328276,2.0095658447633835
51.0,84.0,132.98593139648438,0.0371401238193619,1.492734749620772,-3.964181834418606,-3.296985917550605,-0.5290967240558495,-0.5866357326459138,0.3936998387315754,3.685028146546248,-1.3228663893568011,2.013352480984973
51.0,84.0,132.98593139648438,0.0371345048348178,1.4206815916531197,-3.964200098117008,-3.296985686781307,-0.5293168668194204,-0.5476311908480183,0.3933045220621017,3.680922517597464,-1.3239533413689506,2.0095670952658624
51.0,84.0,132.98593139648438,0.0371384193669161,1.4826315977170668,-3.964256219358802,-3.296987522774117,-0.547763948274005,-0.5469728817478197,0.3936860199549615,3.6809266176215214,-1.322581626111108,2.009547207911622
51.0,84.0,132.98593139648438,0.0374761427733077,1.4858104425573486,-3.962775702865044,-3.2969721046328755,-0.5291390664406859,-0.5431062430587881,0.3952533332691959,3.68468213392166,-1.28599728382786,2.009642346054397
51.0,84.0,132.98593139648438,0.0371384193669161,1.4822423021205344,-3.964183390662338,-3.297009401784764,-0.5289947383864347,-0.5537992012862728,0.3937473982423572,3.68506886783768,-1.322581626111108,2.004032381855162
51.0,84.0,132.98593139648438,0.037164339627696,1.4855047801973913,-3.962775702865044,-3.2969725066865263,-0.5293646996296689,-0.5355120866097034,0.3952533332691959,3.68462908969447,-1.28599728382786,2.009558438016854
51.0,84.0,132.98593139648438,0.0371401238193619,1.4930822830592074,-3.964244555544224,-3.296985917550605,-0.5290967240558495,-0.5866357326459138,0.3936998387315754,3.685028146546248,-1.3228663893568011,2.013352480984973
51.0,84.0,132.98593139648438,0.0371401238193619,1.492734749620772,-3.962717783743069,-3.296985917550605,-0.5290967240558495,-0.5865416232645112,0.3936974415720402,3.684630558330921,-1.3228663893568011,2.013352480984973
51.0,84.0,132.98593139648438,0.0834002227551446,1.491051376351794,-3.96417149036242,-3.296971016534773,-0.5290899469990628,-0.5475629861425312,0.3974935535372473,3.6810931853519415,-1.2864857439284385,2.0095658447633835
51.0,84.0,132.98593139648438,0.0374638677523558,1.4858033904772503,-3.9642390536960432,-3.2970111836238587,-0.5290953839848281,-0.5844569306812417,0.3936949209383207,3.684552896065511,-1.3228495360708843,2.013791939701911
51.0,84.0,132.98593139648438,0.0374761427733077,1.4858104425573486,-3.962775702865044,-3.2969721046328755,-0.5291390664406859,-0.5431062430587881,0.3952533332691959,3.68468213392166,-1.28599728382786,2.009642346054397
51.0,84.0,132.98593139648438,0.0374638677523558,1.4853699530301636,-3.9641784574265047,-3.2970111836238587,-0.5290999723402122,-0.5426811251964015,0.4068041019089384,3.684626062711392,-1.28599728382786,2.0037638802880946
51.0,84.0,132.98593139648438,0.0863424755631033,1.4857074077999304,-3.971550500604189,-3.2969703063517377,-0.5290899469990628,-0.5478961551064492,0.3936299900459511,3.6810931853519415,-1.323302792981548,2.0095658447633835
51.0,84.0,132.98593139648438,0.0371402787067459,1.470008829317771,-3.964181852920337,-3.2969858725839214,-0.5288612260323543,-0.5478989660751448,0.3943130764624696,3.681177643785732,-1.3242964857366664,2.009642346054397
51.0,84.0,132.98593139648438,0.0371384193669161,1.4583921355270504,-3.964181834418606,-3.2969857045587028,-0.5289947816155961,-0.5475415708525867,0.3937202404303934,3.6851117217211815,-1.322581626111108,2.009547207911622
51.0,84.0,132.98593139648438,0.0371384194119984,1.4825652483704788,-3.964239753540581,-3.2969725066865263,-0.5478542789834203,-0.5432523816112186,0.3952557304287312,3.685026677909797,-1.28599728382786,2.009640965757445
51.0,84.0,132.98593139648438,0.037164339627696,1.490970114398286,-3.960573733242467,-3.2969725066865263,-0.5293646996296689,-0.5355120866097034,0.3952533332691959,3.6850354536490086,-1.28599728382786,2.009558438016854
51.0,84.0,132.98593139648438,0.0371384193669161,1.4826315977170668,-3.964256219358802,-3.296987522774117,-0.547763948274005,-0.5469728817478197,0.3936860199549615,3.6809266176215214,-1.322581626111108,2.009547207911622
51.0,84.0,132.98593139648438,0.0371379305541366,1.419888912611703,-3.9642000831609296,-3.296973737934728,-0.5292976282388793,-0.5476855195318692,0.3933665386653409,3.680868438027701,-1.3239638632947648,2.009457221291472
51.0,84.0,132.98593139648438,0.0371384193669161,1.4820600169533815,-3.964183390662338,-3.297009401784764,-0.5289947383864347,-0.5537992012862728,0.3937643899985787,3.681169364284279,-1.32263739385342,2.003837418540156
51.0,84.0,132.98593139648438,0.0374563168737851,1.4858033904772503,-3.9642390536960432,-3.2970126320611035,-0.5293148737474279,-0.5850861059005867,0.3936949209383207,3.6809525144197153,-1.3228495360708843,2.009436499976523
51.0,84.0,132.98593139648438,0.0867522273618159,1.4858042028380287,-3.971550500604189,-3.29697102940683,-0.5290899469990628,-0.5475629861425312,0.3973705361319274,3.6810931853519415,-1.285808304556468,2.009564802159864
51.0,84.0,132.98593139648438,0.0884798203667606,1.4542045636563976,-3.9717939216275577,-3.2969707760777065,-0.5290781472825857,-0.5475650779830782,0.3952533332691959,3.6845815576525975,-1.3232405434512615,2.009642346054397
51.0,84.0,132.98593139648438,0.0832935352742412,1.491123170089798,-3.9641710584367016,-3.296972562933141,-0.5290899469990628,-0.5485633682315724,0.3974935535372473,3.6810931853519415,-1.2864857439284385,2.0095658447633835
51.0,84.0,132.98593139648438,0.0371384193644633,1.4826317178071462,-3.9642392883439967,-3.296972423330729,-0.5477641222959406,-0.5436014827883647,0.3936615585743703,3.681062968509021,-1.28599728382786,2.009639759920713
51.0,84.0,132.98593139648438,0.037140119390657,1.4930822830592074,-3.964183415286926,-3.296985917550605,-0.5289973126807015,-0.5866357326459138,0.3937487723107808,3.685028146546248,-1.3225814490500278,2.0135335594899457
51.0,84.0,132.98593139648438,0.0371653861585639,1.490970114398286,-3.960585755371359,-3.2969725066865263,-0.5293646996296689,-0.5355120866097034,0.3952533332691959,3.685046919478272,-1.286249500869212,2.0134310749203843
51.0,84.0,132.98593139648438,0.0834207683984601,1.491051376351794,-3.96417149036242,-3.296971016534773,-0.5290895957976147,-0.5475629861425312,0.3974935535372473,3.684745379622566,-1.2860639100365472,2.0095658447633835
51.0,84.0,132.98593139648438,0.0371384193645859,1.4822352690821767,-3.964238722311089,-3.297010496196483,-0.5477641222959406,-0.5436014827883647,0.3936639988047596,3.681104576358138,-1.28599728382786,2.004724221104114
51.0,84.0,132.98593139648438,0.0867269764328086,1.4857020579894658,-3.971550500604189,-3.29697102940683,-0.5290899469990628,-0.5475650847973398,0.3973705361319274,3.6810931853519415,-1.2865753983328276,2.009570873517688
51.0,84.0,132.98593139648438,0.0371384193664848,1.4911253394910997,-3.9642158724793592,-3.297008984941549,-0.5290967240558495,-0.5867907507389449,0.3936998387315754,3.685028146546248,-1.3228646517009666,2.013352480984973
51.0,84.0,132.98593139648438,0.0374761427733077,1.4858104425573486,-3.9641198865657032,-3.29698629836524,-0.5291390664406859,-0.5481083495748724,0.3952533332691959,3.68468213392166,-1.3226972510806358,2.009642346054397
51.0,84.0,132.98593139648438,0.0371384193664782,1.4542045636563976,-3.962775702865044,-3.29697076836584,-0.5290898860224286,-0.5475629861425312,0.3952533332691959,3.681308199010216,-1.3233008889011868,2.009564387572857
51.0,84.0,132.98593139648438,0.0393375749765284,1.4542045636563976,-3.972056449636237,-3.2969707760777065,-0.5290781472825857,-0.5475650779830782,0.3952533332691959,3.684589182825408,-1.3232405434512615,2.009642346054397
51.0,84.0,132.98593139648438,0.037164339627696,1.4589149126575207,-3.962825554810923,-3.2969725066865263,-0.5293646996296689,-0.5467958650599799,0.3952533332691959,3.68462908969447,-1.286471312418569,2.009558438016854
51.0,84.0,132.98593139648438,0.0371402732257126,1.4823428332129955,-3.964199342025741,-3.2893941803241287,-0.5477803565491983,-0.5432523816112186,0.3952533359195604,3.685026677909797,-1.28599728382786,2.0096409477104946
51.0,85.0,132.98593139648438,0.0374761427733077,1.4858104425573486,-3.962775702865044,-3.2969721046328755,-0.5291390664406859,-0.5431062430587881,0.3952533332691959,3.68468213392166,-1.28599728382786,2.009642346054397
51.0,85.0,132.98593139648438,0.0371384193669161,1.4911253394910997,-3.964181834418606,-3.297008984941549,-0.5290967240558495,-0.5866357326459138,0.3936998387315754,3.685028146546248,-1.3228663893568011,2.013352480984973
51.0,85.0,132.98593139648438,0.0371384193669161,1.4859058378691905,-3.9642021653731088,-3.296985785039266,-0.5290949169745851,-0.5478956912245697,0.3937112219882769,3.681105975728876,-1.322581626111108,2.0095459604233854
51.0,85.0,132.98593139648438,0.0867431250198835,1.4857020579894658,-3.971550500604189,-3.29697102940683,-0.5290899469990628,-0.5475629861425312,0.3974935535372473,3.6810931853519415,-1.28599728382786,2.0095658447633835
51.0,85.0,132.98593139648438,0.0371384194119984,1.4825652483704788,-3.962775702865044,-3.2969725066865263,-0.5478542789834203,-0.5431582722298159,0.3952533332691959,3.68462908969447,-1.28599728382786,2.009640965757445
51.0,85.0,132.98593139648438,0.0371384451883757,1.4858052213035715,-3.9642021653731088,-3.296985686781307,-0.5290949169745851,-0.5476311908480183,0.393502617059244,3.681105975728876,-1.322581626111108,2.0095459604233854
51.0,85.0,132.98593139648438,0.0371401052074637,1.470008829317771,-3.96424987105934,-3.2969858725839214,-0.5288649243052802,-0.5478989660751448,0.3943130764624696,3.681177643785732,-1.3242964857366664,2.009642346054397
51.0,85.0,132.98593139648438,0.037164339627696,1.4855047801973913,-3.962775702865044,-3.2969725066865263,-0.5293646996296689,-0.5428305973843832,0.3952533332691959,3.68462908969447,-1.28599728382786,2.009558438016854
51.0,85.0,132.98593139648438,0.0834002227551446,1.491051376351794,-3.96417149036242,-3.296971016534773,-0.5290899469990628,-0.5475629861425312,0.3974935535372473,3.6810931853519415,-1.2864857439284385,2.0095658447633835
51.0,85.0,132.98593139648438,0.0371401238193619,1.492734749620772,-3.964181834418606,-3.296985917550605,-0.5290967240558495,-0.5866357326459138,0.3936998387315754,3.685028146546248,-1.3228663893568011,2.013352480984973
51.0,85.0,132.98593139648438,0.0374638677523558,1.485717486468599,-3.964241178552121,-3.2970111836238587,-0.5290999723402122,-0.5426811251964015,0.4068041019089384,3.684626062711392,-1.28599728382786,2.0037638802880946
51.0,85.0,132.98593139648438,0.0374827918283021,1.4911334357343344,-3.960397684158103,-3.2969737941306145,-0.5268028383703239,-0.5432422166414025,0.3973694138690218,3.68487129019496,-1.2863345842800031,2.013352480984973
51.0,85.0,132.98593139648438,0.0371384193664782,1.4542045636563976,-3.962775702865044,-3.2969707760777065,-0.5290781472825857,-0.5475629861425312,0.3952533332691959,3.68462908969447,-1.322399675622832,2.009642346054397
51.0,85.0,132.98593139648438,0.0867522273618159,1.4857020579894658,-3.971550500604189,-3.29697102940683,-0.5290899469990628,-0.5475629861425312,0.3973705361319274,3.6810931853519415,-1.2865753983328276,2.0095658447633835
51.0,85.0,132.98593139648438,0.0371401238193619,1.492734749620772,-3.964181834418606,-3.296985917550605,-0.5290967240558495,-0.5866357326459138,0.3936998387315754,3.685028146546248,-1.3228663893568011,2.013352480984973
51.0,85.0,132.98593139648438,0.0371345048348178,1.4206815916531197,-3.964200098117008,-3.296985686781307,-0.5293168668194204,-0.5476311908480183,0.3933045220621017,3.680922517597464,-1.3239533413689506,2.0095670952658624
51.0,85.0,132.98593139648438,0.0371384193669161,1.4826315977170668,-3.964256219358802,-3.296987522774117,-0.547763948274005,-0.5469728817478197,0.3936860199549615,3.6809266176215214,-1.322581626111108,2.009547207911622
51.0,85.0,132.98593139648438,0.0374761427733077,1.4858104425573486,-3.962775702865044,-3.2969721046328755,-0.5291390664406859,-0.5431062430587881,0.3952533332691959,3.68468213392166,-1.28599728382786,2.009642346054397
51.0,85.0,132.98593139648438,0.0371384193669161,1.4822423021205344,-3.964183390662338,-3.297009401784764,-0.5289947383864347,-0.5537992012862728,0.3937473982423572,3.68506886783768,-1.322581626111108,2.004032381855162
51.0,85.0,132.98593139648438,0.037164339627696,1.4855047801973913,-3.962775702865044,-3.2969725066865263,-0.5293646996296689,-0.5355120866097034,0.3952533332691959,3.68462908969447,-1.28599728382786,2.009558438016854
51.0,85.0,132.98593139648438,0.0371401238193619,1.4930822830592074,-3.964244555544224,-3.296985917550605,-0.5290967240558495,-0.5866357326459138,0.3936998387315754,3.685028146546248,-1.3228663893568011,2.013352480984973
51.0,85.0,132.98593139648438,0.0371401238193619,1.492734749620772,-3.962717783743069,-3.296985917550605,-0.5290967240558495,-0.5865416232645112,0.3936974415720402,3.684630558330921,-1.3228663893568011,2.013352480984973
51.0,85.0,132.98593139648438,0.0834002227551446,1.491051376351794,-3.96417149036242,-3.296971016534773,-0.5290899469990628,-0.5475629861425312,0.3974935535372473,3.6810931853519415,-1.2864857439284385,2.0095658447633835
51.0,85.0,132.98593139648438,0.0374638677523558,1.4858033904772503,-3.9642390536960432,-3.2970111836238587,-0.5290953839848281,-0.5844569306812417,0.3936949209383207,3.684552896065511,-1.3228495360708843,2.013791939701911
51.0,85.0,132.98593139648438,0.0374761427733077,1.4858104425573486,-3.962775702865044,-3.2969721046328755,-0.5291390664406859,-0.5431062430587881,0.3952533332691959,3.68468213392166,-1.28599728382786,2.009642346054397
51.0,85.0,132.98593139648438,0.0374638677523558,1.4853699530301636,-3.9641784574265047,-3.2970111836238587,-0.5290999723402122,-0.5426811251964015,0.4068041019089384,3.684626062711392,-1.28599728382786,2.0037638802880946
51.0,85.0,132.98593139648438,0.0863424755631033,1.4857074077999304,-3.971550500604189,-3.2969703063517377,-0.5290899469990628,-0.5478961551064492,0.3936299900459511,3.6810931853519415,-1.323302792981548,2.0095658447633835
51.0,85.0,132.98593139648438,0.0371402787067459,1.470008829317771,-3.964181852920337,-3.2969858725839214,-0.5288612260323543,-0.5478989660751448,0.3943130764624696,3.681177643785732,-1.3242964857366664,2.009642346054397
51.0,85.0,132.98593139648438,0.0371384193669161,1.4583921355270504,-3.964181834418606,-3.2969857045587028,-0.5289947816155961,-0.5475415708525867,0.3937202404303934,3.6851117217211815,-1.322581626111108,2.009547207911622
51.0,85.0,132.98593139648438,0.0371384194119984,1.4825652483704788,-3.964239753540581,-3.2969725066865263,-0.5478542789834203,-0.5432523816112186,0.3952557304287312,3.685026677909797,-1.28599728382786,2.009640965757445
51.0,85.0,132.98593139648438,0.037164339627696,1.490970114398286,-3.960573733242467,-3.2969725066865263,-0.5293646996296689,-0.5355120866097034,0.3952533332691959,3.6850354536490086,-1.28599728382786,2.009558438016854
51.0,85.0,132.98593139648438,0.0371384193669161,1.4826315977170668,-3.964256219358802,-3.296987522774117,-0.547763948274005,-0.5469728817478197,0.3936860199549615,3.6809266176215214,-1.322581626111108,2.009547207911622
51.0,85.0,132.98593139648438,0.0371379305541366,1.419888912611703,-3.9642000831609296,-3.296973737934728,-0.5292976282388793,-0.5476855195318692,0.3933665386653409,3.680868438027701,-1.3239638632947648,2.009457221291472
51.0,85.0,132.98593139648438,0.0371384193669161,1.4820600169533815,-3.964183390662338,-3.297009401784764,-0.5289947383864347,-0.5537992012862728,0.3937643899985787,3.681169364284279,-1.32263739385342,2.003837418540156
51.0,85.0,132.98593139648438,0.0374563168737851,1.4858033904772503,-3.9642390536960432,-3.2970126320611035,-0.5293148737474279,-0.5850861059005867,0.3936949209383207,3.6809525144197153,-1.3228495360708843,2.009436499976523
51.0,85.0,132.98593139648438,0.0867522273618159,1.4858042028380287,-3.971550500604189,-3.29697102940683,-0.5290899469990628,-0.5475629861425312,0.3973705361319274,3.6810931853519415,-1.285808304556468,2.009564802159864
51.0,85.0,132.98593139648438,0.0884798203667606,1.4542045636563976,-3.9717939216275577,-3.2969707760777065,-0.5290781472825857,-0.5475650779830782,0.3952533332691959,3.6845815576525975,-1.3232405434512615,2.009642346054397
51.0,85.0,132.98593139648438,0.0832935352742412,1.491123170089798,-3.9641710584367016,-3.296972562933141,-0.5290899469990628,-0.5485633682315724,0.3974935535372473,3.6810931853519415,-1.2864857439284385,2.0095658447633835
51.0,85.0,132.98593139648438,0.0371384193644633,1.4826317178071462,-3.9642392883439967,-3.296972423330729,-0.5477641222959406,-0.5436014827883647,0.3936615585743703,3.681062968509021,-1.28599728382786,2.009639759920713
51.0,85.0,132.98593139648438,0.037140119390657,1.4930822830592074,-3.964183415286926,-3.296985917550605,-0.5289973126807015,-0.5866357326459138,0.3937487723107808,3.685028146546248,-1.3225814490500278,2.0135335594899457
51.0,85.0,132.98593139648438,0.0371653861585639,1.490970114398286,-3.960585755371359,-3.2969725066865263,-0.5293646996296689,-0.5355120866097034,0.3952533332691959,3.685046919478272,-1.286249500869212,2.0134310749203843
51.0,85.0,132.98593139648438,0.0834207683984601,1.491051376351794,-3.96417149036242,-3.296971016534773,-0.5290895957976147,-0.5475629861425312,0.3974935535372473,3.684745379622566,-1.2860639100365472,2.0095658447633835
51.0,85.0,132.98593139648438,0.0371384193645859,1.4822352690821767,-3.964238722311089,-3.297010496196483,-0.5477641222959406,-0.5436014827883647,0.3936639988047596,3.681104576358138,-1.28599728382786,2.004724221104114
51.0,85.0,132.98593139648438,0.0867269764328086,1.4857020579894658,-3.971550500604189,-3.29697102940683,-0.5290899469990628,-0.5475650847973398,0.3973705361319274,3.6810931853519415,-1.2865753983328276,2.009570873517688
51.0,85.0,132.98593139648438,0.0371384193664848,1.4911253394910997,-3.9642158724793592,-3.297008984941549,-0.5290967240558495,-0.5867907507389449,0.3936998387315754,3.685028146546248,-1.3228646517009666,2.013352480984973
51.0,85.0,132.98593139648438,0.0374761427733077,1.4858104425573486,-3.9641198865657032,-3.29698629836524,-0.5291390664406859,-0.5481083495748724,0.3952533332691959,3.68468213392166,-1.3226972510806358,2.009642346054397
51.0,85.0,132.98593139648438,0.0371384193664782,1.4542045636563976,-3.962775702865044,-3.29697076836584,-0.5290898860224286,-0.5475629861425312,0.3952533332691959,3.681308199010216,-1.3233008889011868,2.009564387572857
51.0,85.0,132.98593139648438,0.0393375749765284,1.4542045636563976,-3.972056449636237,-3.2969707760777065,-0.5290781472825857,-0.5475650779830782,0.3952533332691959,3.684589182825408,-1.3232405434512615,2.009642346054397
51.0,85.0,132.98593139648438,0.037164339627696,1.4589149126575207,-3.962825554810923,-3.2969725066865263,-0.5293646996296689,-0.5467958650599799,0.3952533332691959,3.68462908969447,-1.286471312418569,2.009558438016854
51.0,85.0,132.98593139648438,0.0371402732257126,1.4823428332129955,-3.964199342025741,-3.2893941803241287,-0.5477803565491983,-0.5432523816112186,0.3952533359195604,3.685026677909797,-1.28599728382786,2.0096409477104946
51.0,86.0,132.98593139648438,0.0374761427733077,1.4858104425573486,-3.962775702865044,-3.2969721046328755,-0.5291390664406859,-0.5431062430587881,0.3952533332691959,3.68468213392166,-1.28599728382786,2.009642346054397
51.0,86.0,132.98593139648438,0.0371384193669161,1.4911253394910997,-3.964181834418606,-3.297008984941549,-0.5290967240558495,-0.5866357326459138,0.3936998387315754,3.685028146546248,-1.3228663893568011,2.013352480984973
51.0,86.0,132.98593139648438,0.0371384193669161,1.4859058378691905,-3.9642021653731088,-3.296985785039266,-0.5290949169745851,-0.5478956912245697,0.3937112219882769,3.681105975728876,-1.322581626111108,2.0095459604233854
51.0,86.0,132.98593139648438,0.0867431250198835,1.4857020579894658,-3.971550500604189,-3.29697102940683,-0.5290899469990628,-0.5475629861425312,0.3974935535372473,3.6810931853519415,-1.28599728382786,2.0095658447633835
51.0,86.0,132.98593139648438,0.0371384194119984,1.4825652483704788,-3.962775702865044,-3.2969725066865263,-0.5478542789834203,-0.5431582722298159,0.3952533332691959,3.68462908969447,-1.28599728382786,2.009640965757445
51.0,86.0,132.98593139648438,0.0371384451883757,1.4858052213035715,-3.9642021653731088,-3.296985686781307,-0.5290949169745851,-0.5476311908480183,0.393502617059244,3.681105975728876,-1.322581626111108,2.0095459604233854
51.0,86.0,132.98593139648438,0.0371401052074637,1.470008829317771,-3.96424987105934,-3.2969858725839214,-0.5288649243052802,-0.5478989660751448,0.3943130764624696,3.681177643785732,-1.3242964857366664,2.009642346054397
51.0,86.0,132.98593139648438,0.037164339627696,1.4855047801973913,-3.962775702865044,-3.2969725066865263,-0.5293646996296689,-0.5428305973843832,0.3952533332691959,3.68462908969447,-1.28599728382786,2.009558438016854
51.0,86.0,132.98593139648438,0.0834002227551446,1.491051376351794,-3.96417149036242,-3.296971016534773,-0.5290899469990628,-0.5475629861425312,0.3974935535372473,3.6810931853519415,-1.2864857439284385,2.0095658447633835
51.0,86.0,132.98593139648438,0.0371401238193619,1.492734749620772,-3.964181834418606,-3.296985917550605,-0.5290967240558495,-0.5866357326459138,0.3936998387315754,3.685028146546248,-1.3228663893568011,2.013352480984973
51.0,86.0,132.98593139648438,0.0374638677523558,1.485717486468599,-3.964241178552121,-3.2970111836238587,-0.5290999723402122,-0.5426811251964015,0.4068041019089384,3.684626062711392,-1.28599728382786,2.0037638802880946
51.0,86.0,132.98593139648438,0.0374827918283021,1.4911334357343344,-3.960397684158103,-3.2969737941306145,-0.5268028383703239,-0.5432422166414025,0.3973694138690218,3.68487129019496,-1.2863345842800031,2.013352480984973
51.0,86.0,132.98593139648438,0.0371384193664782,1.4542045636563976,-3.962775702865044,-3.2969707760777065,-0.5290781472825857,-0.5475629861425312,0.3952533332691959,3.68462908969447,-1.322399675622832,2.009642346054397
51.0,86.0,132.98593139648438,0.0867522273618159,1.4857020579894658,-3.971550500604189,-3.29697102940683,-0.5290899469990628,-0.5475629861425312,0.3973705361319274,3.6810931853519415,-1.2865753983328276,2.0095658447633835
51.0,86.0,132.98593139648438,0.0371401238193619,1.492734749620772,-3.964181834418606,-3.296985917550605,-0.5290967240558495,-0.5866357326459138,0.3936998387315754,3.685028146546248,-1.3228663893568011,2.013352480984973
51.0,86.0,132.98593139648438,0.0371345048348178,1.4206815916531197,-3.964200098117008,-3.296985686781307,-0.5293168668194204,-0.5476311908480183,0.3933045220621017,3.680922517597464,-1.3239533413689506,2.0095670952658624
51.0,86.0,132.98593139648438,0.0371384193669161,1.4826315977170668,-3.964256219358802,-3.296987522774117,-0.547763948274005,-0.5469728817478197,0.3936860199549615,3.6809266176215214,-1.322581626111108,2.009547207911622
51.0,86.0,132.98593139648438,0.0374761427733077,1.4858104425573486,-3.962775702865044,-3.2969721046328755,-0.5291390664406859,-0.5431062430587881,0.3952533332691959,3.68468213392166,-1.28599728382786,2.009642346054397
51.0,86.0,132.98593139648438,0.0371384193669161,1.4822423021205344,-3.964183390662338,-3.297009401784764,-0.5289947383864347,-0.5537992012862728,0.3937473982423572,3.68506886783768,-1.322581626111108,2.004032381855162
51.0,86.0,132.98593139648438,0.037164339627696,1.4855047801973913,-3.962775702865044,-3.2969725066865263,-0.5293646996296689,-0.5355120866097034,0.3952533332691959,3.68462908969447,-1.28599728382786,2.009558438016854
51.0,86.0,132.98593139648438,0.0371401238193619,1.4930822830592074,-3.964244555544224,-3.296985917550605,-0.5290967240558495,-0.5866357326459138,0.3936998387315754,3.685028146546248,-1.3228663893568011,2.013352480984973
51.0,86.0,132.98593139648438,0.0371401238193619,1.492734749620772,-3.962717783743069,-3.296985917550605,-0.5290967240558495,-0.5865416232645112,0.3936974415720402,3.684630558330921,-1.3228663893568011,2.013352480984973
51.0,86.0,132.98593139648438,0.0834002227551446,1.491051376351794,-3.96417149036242,-3.296971016534773,-0.5290899469990628,-0.5475629861425312,0.3974935535372473,3.6810931853519415,-1.2864857439284385,2.0095658447633835
51.0,86.0,132.98593139648438,0.0374638677523558,1.4858033904772503,-3.9642390536960432,-3.2970111836238587,-0.5290953839848281,-0.5844569306812417,0.3936949209383207,3.684552896065511,-1.3228495360708843,2.013791939701911
51.0,86.0,132.98593139648438,0.0374761427733077,1.4858104425573486,-3.962775702865044,-3.2969721046328755,-0.5291390664406859,-0.5431062430587881,0.3952533332691959,3.68468213392166,-1.28599728382786,2.009642346054397
51.0,86.0,132.98593139648438,0.0374638677523558,1.4853699530301636,-3.9641784574265047,-3.2970111836238587,-0.5290999723402122,-0.5426811251964015,0.4068041019089384,3.684626062711392,-1.28599728382786,2.0037638802880946
51.0,86.0,132.98593139648438,0.0863424755631033,1.4857074077999304,-3.971550500604189,-3.2969703063517377,-0.5290899469990628,-0.5478961551064492,0.3936299900459511,3.6810931853519415,-1.323302792981548,2.0095658447633835
51.0,86.0,132.98593139648438,0.0371402787067459,1.470008829317771,-3.964181852920337,-3.2969858725839214,-0.5288612260323543,-0.5478989660751448,0.3943130764624696,3.681177643785732,-1.3242964857366664,2.009642346054397
51.0,86.0,132.98593139648438,0.0371384193669161,1.4583921355270504,-3.964181834418606,-3.2969857045587028,-0.5289947816155961,-0.5475415708525867,0.3937202404303934,3.6851117217211815,-1.322581626111108,2.009547207911622
51.0,86.0,132.98593139648438,0.0371384194119984,1.4825652483704788,-3.964239753540581,-3.2969725066865263,-0.5478542789834203,-0.5432523816112186,0.3952557304287312,3.685026677909797,-1.28599728382786,2.009640965757445
51.0,86.0,132.98593139648438,0.037164339627696,1.490970114398286,-3.960573733242467,-3.2969725066865263,-0.5293646996296689,-0.5355120866097034,0.3952533332691959,3.6850354536490086,-1.28599728382786,2.009558438016854
51.0,86.0,132.98593139648438,0.0371384193669161,1.4826315977170668,-3.964256219358802,-3.296987522774117,-0.547763948274005,-0.5469728817478197,0.3936860199549615,3.6809266176215214,-1.322581626111108,2.009547207911622
51.0,86.0,132.98593139648438,0.0371379305541366,1.419888912611703,-3.9642000831609296,-3.296973737934728,-0.5292976282388793,-0.5476855195318692,0.3933665386653409,3.680868438027701,-1.3239638632947648,2.009457221291472
51.0,86.0,132.98593139648438,0.0371384193669161,1.4820600169533815,-3.964183390662338,-3.297009401784764,-0.5289947383864347,-0.5537992012862728,0.3937643899985787,3.681169364284279,-1.32263739385342,2.003837418540156
51.0,86.0,132.98593139648438,0.0374563168737851,1.4858033904772503,-3.9642390536960432,-3.2970126320611035,-0.5293148737474279,-0.5850861059005867,0.3936949209383207,3.6809525144197153,-1.3228495360708843,2.009436499976523
51.0,86.0,132.98593139648438,0.0867522273618159,1.4858042028380287,-3.971550500604189,-3.29697102940683,-0.5290899469990628,-0.5475629861425312,0.3973705361319274,3.6810931853519415,-1.285808304556468,2.009564802159864
51.0,86.0,132.98593139648438,0.0884798203667606,1.4542045636563976,-3.9717939216275577,-3.2969707760777065,-0.5290781472825857,-0.5475650779830782,0.3952533332691959,3.6845815576525975,-1.3232405434512615,2.009642346054397
51.0,86.0,132.98593139648438,0.0832935352742412,1.491123170089798,-3.9641710584367016,-3.296972562933141,-0.5290899469990628,-0.5485633682315724,0.3974935535372473,3.6810931853519415,-1.2864857439284385,2.0095658447633835
51.0,86.0,132.98593139648438,0.0371384193644633,1.4826317178071462,-3.9642392883439967,-3.296972423330729,-0.5477641222959406,-0.5436014827883647,0.3936615585743703,3.681062968509021,-1.28599728382786,2.009639759920713
51.0,86.0,132.98593139648438,0.037140119390657,1.4930822830592074,-3.964183415286926,-3.296985917550605,-0.5289973126807015,-0.5866357326459138,0.3937487723107808,3.685028146546248,-1.3225814490500278,2.0135335594899457
51.0,86.0,132.98593139648438,0.0371653861585639,1.490970114398286,-3.960585755371359,-3.2969725066865263,-0.5293646996296689,-0.5355120866097034,0.3952533332691959,3.685046919478272,-1.286249500869212,2.0134310749203843
51.0,86.0,132.98593139648438,0.0834207683984601,1.491051376351794,-3.96417149036242,-3.296971016534773,-0.5290895957976147,-0.5475629861425312,0.3974935535372473,3.684745379622566,-1.2860639100365472,2.0095658447633835
51.0,86.0,132.98593139648438,0.0371384193645859,1.4822352690821767,-3.964238722311089,-3.297010496196483,-0.5477641222959406,-0.5436014827883647,0.3936639988047596,3.681104576358138,-1.28599728382786,2.004724221104114
51.0,86.0,132.98593139648438,0.0867269764328086,1.4857020579894658,-3.971550500604189,-3.29697102940683,-0.5290899469990628,-0.5475650847973398,0.3973705361319274,3.6810931853519415,-1.2865753983328276,2.009570873517688
51.0,86.0,132.98593139648438,0.0371384193664848,1.4911253394910997,-3.9642158724793592,-3.297008984941549,-0.5290967240558495,-0.5867907507389449,0.3936998387315754,3.685028146546248,-1.3228646517009666,2.013352480984973
51.0,86.0,132.98593139648438,0.0374761427733077,1.4858104425573486,-3.9641198865657032,-3.29698629836524,-0.5291390664406859,-0.5481083495748724,0.3952533332691959,3.68468213392166,-1.3226972510806358,2.009642346054397
51.0,86.0,132.98593139648438,0.0371384193664782,1.4542045636563976,-3.962775702865044,-3.29697076836584,-0.5290898860224286,-0.5475629861425312,0.3952533332691959,3.681308199010216,-1.3233008889011868,2.009564387572857
51.0,86.0,132.98593139648438,0.0393375749765284,1.4542045636563976,-3.972056449636237,-3.2969707760777065,-0.5290781472825857,-0.5475650779830782,0.3952533332691959,3.684589182825408,-1.3232405434512615,2.009642346054397
51.0,86.0,132.98593139648438,0.037164339627696,1.4589149126575207,-3.962825554810923,-3.2969725066865263,-0.5293646996296689,-0.5467958650599799,0.3952533332691959,3.68462908969447,-1.286471312418569,2.009558438016854
51.0,86.0,132.98593139648438,0.0371402732257126,1.4823428332129955,-3.964199342025741,-3.2893941803241287,-0.5477803565491983,-0.5432523816112186,0.3952533359195604,3.685026677909797,-1.28599728382786,2.0096409477104946
51.0,87.0,132.98593139648438,0.0374761427733077,1.4858104425573486,-3.962775702865044,-3.2969721046328755,-0.5291390664406859,-0.5431062430587881,0.3952533332691959,3.68468213392166,-1.28599728382786,2.009642346054397
51.0,87.0,132.98593139648438,0.0371384193669161,1.4911253394910997,-3.964181834418606,-3.297008984941549,-0.5290967240558495,-0.5866357326459138,0.3936998387315754,3.685028146546248,-1.3228663893568011,2.013352480984973
51.0,87.0,132.98593139648438,0.0371384193669161,1.4859058378691905,-3.9642021653731088,-3.296985785039266,-0.5290949169745851,-0.5478956912245697,0.3937112219882769,3.681105975728876,-1.322581626111108,2.0095459604233854
51.0,87.0,132.98593139648438,0.0867431250198835,1.4857020579894658,-3.971550500604189,-3.29697102940683,-0.5290899469990628,-0.5475629861425312,0.3974935535372473,3.6810931853519415,-1.28599728382786,2.0095658447633835
51.0,87.0,132.98593139648438,0.0371384194119984,1.4825652483704788,-3.962775702865044,-3.2969725066865263,-0.5478542789834203,-0.5431582722298159,0.3952533332691959,3.68462908969447,-1.28599728382786,2.009640965757445
51.0,87.0,132.98593139648438,0.0371384451883757,1.4858052213035715,-3.9642021653731088,-3.296985686781307,-0.5290949169745851,-0.5476311908480183,0.393502617059244,3.681105975728876,-1.322581626111108,2.0095459604233854
51.0,87.0,132.98593139648438,0.0371401052074637,1.470008829317771,-3.96424987105934,-3.2969858725839214,-0.5288649243052802,-0.5478989660751448,0.3943130764624696,3.681177643785732,-1.3242964857366664,2.009642346054397
51.0,87.0,132.98593139648438,0.037164339627696,1.4855047801973913,-3.962775702865044,-3.2969725066865263,-0.5293646996296689,-0.5428305973843832,0.3952533332691959,3.68462908969447,-1.28599728382786,2.009558438016854
51.0,87.0,132.98593139648438,0.0834002227551446,1.491051376351794,-3.96417149036242,-3.296971016534773,-0.5290899469990628,-0.5475629861425312,0.3974935535372473,3.6810931853519415,-1.2864857439284385,2.0095658447633835
51.0,87.0,132.98593139648438,0.0371401238193619,1.492734749620772,-3.964181834418606,-3.296985917550605,-0.5290967240558495,-0.5866357326459138,0.3936998387315754,3.685028146546248,-1.3228663893568011,2.013352480984973
51.0,87.0,132.98593139648438,0.0374638677523558,1.485717486468599,-3.964241178552121,-3.2970111836238587,-0.5290999723402122,-0.5426811251964015,0.4068041019089384,3.684626062711392,-1.28599728382786,2.0037638802880946
51.0,87.0,132.98593139648438,0.0374827918283021,1.4911334357343344,-3.960397684158103,-3.2969737941306145,-0.5268028383703239,-0.5432422166414025,0.3973694138690218,3.68487129019496,-1.2863345842800031,2.013352480984973
51.0,87.0,132.98593139648438,0.0371384193664782,1.4542045636563976,-3.962775702865044,-3.2969707760777065,-0.5290781472825857,-0.5475629861425312,0.3952533332691959,3.68462908969447,-1.322399675622832,2.009642346054397
51.0,87.0,132.98593139648438,0.0867522273618159,1.4857020579894658,-3.971550500604189,-3.29697102940683,-0.5290899469990628,-0.5475629861425312,0.3973705361319274,3.6810931853519415,-1.2865753983328276,2.0095658447633835
51.0,87.0,132.98593139648438,0.0371401238193619,1.492734749620772,-3.964181834418606,-3.296985917550605,-0.5290967240558495,-0.5866357326459138,0.3936998387315754,3.685028146546248,-1.3228663893568011,2.013352480984973
51.0,87.0,132.98593139648438,0.0371345048348178,1.4206815916531197,-3.964200098117008,-3.296985686781307,-0.5293168668194204,-0.5476311908480183,0.3933045220621017,3.680922517597464,-1.3239533413689506,2.0095670952658624
51.0,87.0,132.98593139648438,0.0371384193669161,1.4826315977170668,-3.964256219358802,-3.296987522774117,-0.547763948274005,-0.5469728817478197,0.3936860199549615,3.6809266176215214,-1.322581626111108,2.009547207911622
51.0,87.0,132.98593139648438,0.0374761427733077,1.4858104425573486,-3.962775702865044,-3.2969721046328755,-0.5291390664406859,-0.5431062430587881,0.3952533332691959,3.68468213392166,-1.28599728382786,2.009642346054397
51.0,87.0,132.98593139648438,0.0371384193669161,1.4822423021205344,-3.964183390662338,-3.297009401784764,-0.5289947383864347,-0.5537992012862728,0.3937473982423572,3.68506886783768,-1.322581626111108,2.004032381855162
51.0,87.0,132.98593139648438,0.037164339627696,1.4855047801973913,-3.962775702865044,-3.2969725066865263,-0.5293646996296689,-0.5355120866097034,0.3952533332691959,3.68462908969447,-1.28599728382786,2.009558438016854
51.0,87.0,132.98593139648438,0.0371401238193619,1.4930822830592074,-3.964244555544224,-3.296985917550605,-0.5290967240558495,-0.5866357326459138,0.3936998387315754,3.685028146546248,-1.3228663893568011,2.013352480984973
51.0,87.0,132.98593139648438,0.0371401238193619,1.492734749620772,-3.962717783743069,-3.296985917550605,-0.5290967240558495,-0.5865416232645112,0.3936974415720402,3.684630558330921,-1.3228663893568011,2.013352480984973
51.0,87.0,132.98593139648438,0.0834002227551446,1.491051376351794,-3.96417149036242,-3.296971016534773,-0.5290899469990628,-0.5475629861425312,0.3974935535372473,3.6810931853519415,-1.2864857439284385,2.0095658447633835
51.0,87.0,132.98593139648438,0.0374638677523558,1.4858033904772503,-3.9642390536960432,-3.2970111836238587,-0.5290953839848281,-0.5844569306812417,0.3936949209383207,3.684552896065511,-1.3228495360708843,2.013791939701911
51.0,87.0,132.98593139648438,0.0374761427733077,1.4858104425573486,-3.962775702865044,-3.2969721046328755,-0.5291390664406859,-0.5431062430587881,0.3952533332691959,3.68468213392166,-1.28599728382786,2.009642346054397
51.0,87.0,132.98593139648438,0.0374638677523558,1.4853699530301636,-3.9641784574265047,-3.2970111836238587,-0.5290999723402122,-0.5426811251964015,0.4068041019089384,3.684626062711392,-1.28599728382786,2.0037638802880946
51.0,87.0,132.98593139648438,0.0863424755631033,1.4857074077999304,-3.971550500604189,-3.2969703063517377,-0.5290899469990628,-0.5478961551064492,0.3936299900459511,3.6810931853519415,-1.323302792981548,2.0095658447633835
51.0,87.0,132.98593139648438,0.0371402787067459,1.470008829317771,-3.964181852920337,-3.2969858725839214,-0.5288612260323543,-0.5478989660751448,0.3943130764624696,3.681177643785732,-1.3242964857366664,2.009642346054397
51.0,87.0,132.98593139648438,0.0371384193669161,1.4583921355270504,-3.964181834418606,-3.2969857045587028,-0.5289947816155961,-0.5475415708525867,0.3937202404303934,3.6851117217211815,-1.322581626111108,2.009547207911622
51.0,87.0,132.98593139648438,0.0371384194119984,1.4825652483704788,-3.964239753540581,-3.2969725066865263,-0.5478542789834203,-0.5432523816112186,0.3952557304287312,3.685026677909797,-1.28599728382786,2.009640965757445
51.0,87.0,132.98593139648438,0.037164339627696,1.490970114398286,-3.960573733242467,-3.2969725066865263,-0.5293646996296689,-0.5355120866097034,0.3952533332691959,3.6850354536490086,-1.28599728382786,2.009558438016854
51.0,87.0,132.98593139648438,0.0371384193669161,1.4826315977170668,-3.964256219358802,-3.296987522774117,-0.547763948274005,-0.5469728817478197,0.3936860199549615,3.6809266176215214,-1.322581626111108,2.009547207911622
51.0,87.0,132.98593139648438,0.0371379305541366,1.419888912611703,-3.9642000831609296,-3.296973737934728,-0.5292976282388793,-0.5476855195318692,0.3933665386653409,3.680868438027701,-1.3239638632947648,2.009457221291472
51.0,87.0,132.98593139648438,0.0371384193669161,1.4820600169533815,-3.964183390662338,-3.297009401784764,-0.5289947383864347,-0.5537992012862728,0.3937643899985787,3.681169364284279,-1.32263739385342,2.003837418540156
51.0,87.0,132.98593139648438,0.0374563168737851,1.4858033904772503,-3.9642390536960432,-3.2970126320611035,-0.5293148737474279,-0.5850861059005867,0.3936949209383207,3.6809525144197153,-1.3228495360708843,2.009436499976523
51.0,87.0,132.98593139648438,0.0867522273618159,1.4858042028380287,-3.971550500604189,-3.29697102940683,-0.5290899469990628,-0.5475629861425312,0.3973705361319274,3.6810931853519415,-1.285808304556468,2.009564802159864
51.0,87.0,132.98593139648438,0.0884798203667606,1.4542045636563976,-3.9717939216275577,-3.2969707760777065,-0.5290781472825857,-0.5475650779830782,0.3952533332691959,3.6845815576525975,-1.3232405434512615,2.009642346054397
51.0,87.0,132.98593139648438,0.0832935352742412,1.491123170089798,-3.9641710584367016,-3.296972562933141,-0.5290899469990628,-0.5485633682315724,0.3974935535372473,3.6810931853519415,-1.2864857439284385,2.0095658447633835
51.0,87.0,132.98593139648438,0.0371384193644633,1.4826317178071462,-3.9642392883439967,-3.296972423330729,-0.5477641222959406,-0.5436014827883647,0.3936615585743703,3.681062968509021,-1.28599728382786,2.009639759920713
51.0,87.0,132.98593139648438,0.037140119390657,1.4930822830592074,-3.964183415286926,-3.296985917550605,-0.5289973126807015,-0.5866357326459138,0.3937487723107808,3.685028146546248,-1.3225814490500278,2.0135335594899457
51.0,87.0,132.98593139648438,0.0371653861585639,1.490970114398286,-3.960585755371359,-3.2969725066865263,-0.5293646996296689,-0.5355120866097034,0.3952533332691959,3.685046919478272,-1.286249500869212,2.0134310749203843
51.0,87.0,132.98593139648438,0.0834207683984601,1.491051376351794,-3.96417149036242,-3.296971016534773,-0.5290895957976147,-0.5475629861425312,0.3974935535372473,3.684745379622566,-1.2860639100365472,2.0095658447633835
51.0,87.0,132.98593139648438,0.0371384193645859,1.4822352690821767,-3.964238722311089,-3.297010496196483,-0.5477641222959406,-0.5436014827883647,0.3936639988047596,3.681104576358138,-1.28599728382786,2.004724221104114
51.0,87.0,132.98593139648438,0.0867269764328086,1.4857020579894658,-3.971550500604189,-3.29697102940683,-0.5290899469990628,-0.5475650847973398,0.3973705361319274,3.6810931853519415,-1.2865753983328276,2.009570873517688
51.0,87.0,132.98593139648438,0.0371384193664848,1.4911253394910997,-3.9642158724793592,-3.297008984941549,-0.5290967240558495,-0.5867907507389449,0.3936998387315754,3.685028146546248,-1.3228646517009666,2.013352480984973
51.0,87.0,132.98593139648438,0.0374761427733077,1.4858104425573486,-3.9641198865657032,-3.29698629836524,-0.5291390664406859,-0.5481083495748724,0.3952533332691959,3.68468213392166,-1.3226972510806358,2.009642346054397
51.0,87.0,132.98593139648438,0.0371384193664782,1.4542045636563976,-3.962775702865044,-3.29697076836584,-0.5290898860224286,-0.5475629861425312,0.3952533332691959,3.681308199010216,-1.3233008889011868,2.009564387572857
51.0,87.0,132.98593139648438,0.0393375749765284,1.4542045636563976,-3.972056449636237,-3.2969707760777065,-0.5290781472825857,-0.5475650779830782,0.3952533332691959,3.684589182825408,-1.3232405434512615,2.009642346054397
51.0,87.0,132.98593139648438,0.037164339627696,1.4589149126575207,-3.962825554810923,-3.2969725066865263,-0.5293646996296689,-0.5467958650599799,0.3952533332691959,3.68462908969447,-1.286471312418569,2.009558438016854
51.0,87.0,132.98593139648438,0.0371402732257126,1.4823428332129955,-3.964199342025741,-3.2893941803241287,-0.5477803565491983,-0.5432523816112186,0.3952533359195604,3.685026677909797,-1.28599728382786,2.0096409477104946
51.0,88.0,132.8105926513672,0.5479144776321601,1.491718341097236,-3.96419901846225,-3.296974963022825,-0.5292976282388793,-0.542783248480857,0.3933665386653409,3.684702511219368,-1.3239638632947648,2.127348776168392
51.0,88.0,132.98593139648438,0.0374761427733077,1.4858104425573486,-3.962775702865044,-3.2969721046328755,-0.5291390664406859,-0.5431062430587881,0.3952533332691959,3.68468213392166,-1.28599728382786,2.009642346054397
51.0,88.0,132.98593139648438,0.0371384193669161,1.4911253394910997,-3.964181834418606,-3.297008984941549,-0.5290967240558495,-0.5866357326459138,0.3936998387315754,3.685028146546248,-1.3228663893568011,2.013352480984973
51.0,88.0,132.98593139648438,0.0371384193669161,1.4859058378691905,-3.9642021653731088,-3.296985785039266,-0.5290949169745851,-0.5478956912245697,0.3937112219882769,3.681105975728876,-1.322581626111108,2.0095459604233854
51.0,88.0,132.98593139648438,0.0867431250198835,1.4857020579894658,-3.971550500604189,-3.29697102940683,-0.5290899469990628,-0.5475629861425312,0.3974935535372473,3.6810931853519415,-1.28599728382786,2.0095658447633835
51.0,88.0,132.98593139648438,0.0371384194119984,1.4825652483704788,-3.962775702865044,-3.2969725066865263,-0.5478542789834203,-0.5431582722298159,0.3952533332691959,3.68462908969447,-1.28599728382786,2.009640965757445
51.0,88.0,132.98593139648438,0.0371384451883757,1.4858052213035715,-3.9642021653731088,-3.296985686781307,-0.5290949169745851,-0.5476311908480183,0.393502617059244,3.681105975728876,-1.322581626111108,2.0095459604233854
51.0,88.0,132.98593139648438,0.0371401052074637,1.470008829317771,-3.96424987105934,-3.2969858725839214,-0.5288649243052802,-0.5478989660751448,0.3943130764624696,3.681177643785732,-1.3242964857366664,2.009642346054397
51.0,88.0,132.98593139648438,0.037164339627696,1.4855047801973913,-3.962775702865044,-3.2969725066865263,-0.5293646996296689,-0.5428305973843832,0.3952533332691959,3.68462908969447,-1.28599728382786,2.009558438016854
51.0,88.0,132.98593139648438,0.0834002227551446,1.491051376351794,-3.96417149036242,-3.296971016534773,-0.5290899469990628,-0.5475629861425312,0.3974935535372473,3.6810931853519415,-1.2864857439284385,2.0095658447633835
51.0,88.0,132.98593139648438,0.0371401238193619,1.492734749620772,-3.964181834418606,-3.296985917550605,-0.5290967240558495,-0.5866357326459138,0.3936998387315754,3.685028146546248,-1.3228663893568011,2.013352480984973
51.0,88.0,132.98593139648438,0.0374638677523558,1.485717486468599,-3.964241178552121,-3.2970111836238587,-0.5290999723402122,-0.5426811251964015,0.4068041019089384,3.684626062711392,-1.28599728382786,2.0037638802880946
51.0,88.0,132.98593139648438,0.0374827918283021,1.4911334357343344,-3.960397684158103,-3.2969737941306145,-0.5268028383703239,-0.5432422166414025,0.3973694138690218,3.68487129019496,-1.2863345842800031,2.013352480984973
51.0,88.0,132.98593139648438,0.0371384193664782,1.4542045636563976,-3.962775702865044,-3.2969707760777065,-0.5290781472825857,-0.5475629861425312,0.3952533332691959,3.68462908969447,-1.322399675622832,2.009642346054397
51.0,88.0,132.98593139648438,0.0867522273618159,1.4857020579894658,-3.971550500604189,-3.29697102940683,-0.5290899469990628,-0.5475629861425312,0.3973705361319274,3.6810931853519415,-1.2865753983328276,2.0095658447633835
51.0,88.0,132.98593139648438,0.0371401238193619,1.492734749620772,-3.964181834418606,-3.296985917550605,-0.5290967240558495,-0.5866357326459138,0.3936998387315754,3.685028146546248,-1.3228663893568011,2.013352480984973
51.0,88.0,132.98593139648438,0.0371345048348178,1.4206815916531197,-3.964200098117008,-3.296985686781307,-0.5293168668194204,-0.5476311908480183,0.3933045220621017,3.680922517597464,-1.3239533413689506,2.0095670952658624
51.0,88.0,132.98593139648438,0.0371384193669161,1.4826315977170668,-3.964256219358802,-3.296987522774117,-0.547763948274005,-0.5469728817478197,0.3936860199549615,3.6809266176215214,-1.322581626111108,2.009547207911622
51.0,88.0,132.98593139648438,0.0374761427733077,1.4858104425573486,-3.962775702865044,-3.2969721046328755,-0.5291390664406859,-0.5431062430587881,0.3952533332691959,3.68468213392166,-1.28599728382786,2.009642346054397
51.0,88.0,132.98593139648438,0.0371384193669161,1.4822423021205344,-3.964183390662338,-3.297009401784764,-0.5289947383864347,-0.5537992012862728,0.3937473982423572,3.68506886783768,-1.322581626111108,2.004032381855162
51.0,88.0,132.98593139648438,0.037164339627696,1.4855047801973913,-3.962775702865044,-3.2969725066865263,-0.5293646996296689,-0.5355120866097034,0.3952533332691959,3.68462908969447,-1.28599728382786,2.009558438016854
51.0,88.0,132.98593139648438,0.0371401238193619,1.4930822830592074,-3.964244555544224,-3.296985917550605,-0.5290967240558495,-0.5866357326459138,0.3936998387315754,3.685028146546248,-1.3228663893568011,2.013352480984973
51.0,88.0,132.98593139648438,0.0371401238193619,1.492734749620772,-3.962717783743069,-3.296985917550605,-0.5290967240558495,-0.5865416232645112,0.3936974415720402,3.684630558330921,-1.3228663893568011,2.013352480984973
51.0,88.0,132.98593139648438,0.0834002227551446,1.491051376351794,-3.96417149036242,-3.296971016534773,-0.5290899469990628,-0.5475629861425312,0.3974935535372473,3.6810931853519415,-1.2864857439284385,2.0095658447633835
51.0,88.0,132.98593139648438,0.0374638677523558,1.4858033904772503,-3.9642390536960432,-3.2970111836238587,-0.5290953839848281,-0.5844569306812417,0.3936949209383207,3.684552896065511,-1.3228495360708843,2.013791939701911
51.0,88.0,132.98593139648438,0.0374761427733077,1.4858104425573486,-3.962775702865044,-3.2969721046328755,-0.5291390664406859,-0.5431062430587881,0.3952533332691959,3.68468213392166,-1.28599728382786,2.009642346054397
51.0,88.0,132.98593139648438,0.0374638677523558,1.4853699530301636,-3.9641784574265047,-3.2970111836238587,-0.5290999723402122,-0.5426811251964015,0.4068041019089384,3.684626062711392,-1.28599728382786,2.0037638802880946
51.0,88.0,132.98593139648438,0.0863424755631033,1.4857074077999304,-3.971550500604189,-3.2969703063517377,-0.5290899469990628,-0.5478961551064492,0.3936299900459511,3.6810931853519415,-1.323302792981548,2.0095658447633835
51.0,88.0,132.98593139648438,0.0371402787067459,1.470008829317771,-3.964181852920337,-3.2969858725839214,-0.5288612260323543,-0.5478989660751448,0.3943130764624696,3.681177643785732,-1.3242964857366664,2.009642346054397
51.0,88.0,132.98593139648438,0.0371384193669161,1.4583921355270504,-3.964181834418606,-3.2969857045587028,-0.5289947816155961,-0.5475415708525867,0.3937202404303934,3.6851117217211815,-1.322581626111108,2.009547207911622
51.0,88.0,132.98593139648438,0.0371384194119984,1.4825652483704788,-3.964239753540581,-3.2969725066865263,-0.5478542789834203,-0.5432523816112186,0.3952557304287312,3.685026677909797,-1.28599728382786,2.009640965757445
51.0,88.0,132.98593139648438,0.037164339627696,1.490970114398286,-3.960573733242467,-3.2969725066865263,-0.5293646996296689,-0.5355120866097034,0.3952533332691959,3.6850354536490086,-1.28599728382786,2.009558438016854
51.0,88.0,132.98593139648438,0.0371384193669161,1.4826315977170668,-3.964256219358802,-3.296987522774117,-0.547763948274005,-0.5469728817478197,0.3936860199549615,3.6809266176215214,-1.322581626111108,2.009547207911622
51.0,88.0,132.98593139648438,0.0371379305541366,1.419888912611703,-3.9642000831609296,-3.296973737934728,-0.5292976282388793,-0.5476855195318692,0.3933665386653409,3.680868438027701,-1.3239638632947648,2.009457221291472
51.0,88.0,132.98593139648438,0.0371384193669161,1.4820600169533815,-3.964183390662338,-3.297009401784764,-0.5289947383864347,-0.5537992012862728,0.3937643899985787,3.681169364284279,-1.32263739385342,2.003837418540156
51.0,88.0,132.98593139648438,0.0374563168737851,1.4858033904772503,-3.9642390536960432,-3.2970126320611035,-0.5293148737474279,-0.5850861059005867,0.3936949209383207,3.6809525144197153,-1.3228495360708843,2.009436499976523
51.0,88.0,132.98593139648438,0.0867522273618159,1.4858042028380287,-3.971550500604189,-3.29697102940683,-0.5290899469990628,-0.5475629861425312,0.3973705361319274,3.6810931853519415,-1.285808304556468,2.009564802159864
51.0,88.0,132.98593139648438,0.0884798203667606,1.4542045636563976,-3.9717939216275577,-3.2969707760777065,-0.5290781472825857,-0.5475650779830782,0.3952533332691959,3.6845815576525975,-1.3232405434512615,2.009642346054397
51.0,88.0,132.98593139648438,0.0832935352742412,1.491123170089798,-3.9641710584367016,-3.296972562933141,-0.5290899469990628,-0.5485633682315724,0.3974935535372473,3.6810931853519415,-1.2864857439284385,2.0095658447633835
51.0,88.0,132.98593139648438,0.0371384193644633,1.4826317178071462,-3.9642392883439967,-3.296972423330729,-0.5477641222959406,-0.5436014827883647,0.3936615585743703,3.681062968509021,-1.28599728382786,2.009639759920713
51.0,88.0,132.98593139648438,0.037140119390657,1.4930822830592074,-3.964183415286926,-3.296985917550605,-0.5289973126807015,-0.5866357326459138,0.3937487723107808,3.685028146546248,-1.3225814490500278,2.0135335594899457
51.0,88.0,132.98593139648438,0.0371653861585639,1.490970114398286,-3.960585755371359,-3.2969725066865263,-0.5293646996296689,-0.5355120866097034,0.3952533332691959,3.685046919478272,-1.286249500869212,2.0134310749203843
51.0,88.0,132.98593139648438,0.0834207683984601,1.491051376351794,-3.96417149036242,-3.296971016534773,-0.5290895957976147,-0.5475629861425312,0.3974935535372473,3.684745379622566,-1.2860639100365472,2.0095658447633835
51.0,88.0,132.98593139648438,0.0371384193645859,1.4822352690821767,-3.964238722311089,-3.297010496196483,-0.5477641222959406,-0.5436014827883647,0.3936639988047596,3.681104576358138,-1.28599728382786,2.004724221104114
51.0,88.0,132.98593139648438,0.0867269764328086,1.4857020579894658,-3.971550500604189,-3.29697102940683,-0.5290899469990628,-0.5475650847973398,0.3973705361319274,3.6810931853519415,-1.2865753983328276,2.009570873517688
51.0,88.0,132.98593139648438,0.0371384193664848,1.4911253394910997,-3.9642158724793592,-3.297008984941549,-0.5290967240558495,-0.5867907507389449,0.3936998387315754,3.685028146546248,-1.3228646517009666,2.013352480984973
51.0,88.0,132.98593139648438,0.0374761427733077,1.4858104425573486,-3.9641198865657032,-3.29698629836524,-0.5291390664406859,-0.5481083495748724,0.3952533332691959,3.68468213392166,-1.3226972510806358,2.009642346054397
51.0,88.0,132.98593139648438,0.0371384193664782,1.4542045636563976,-3.962775702865044,-3.29697076836584,-0.5290898860224286,-0.5475629861425312,0.3952533332691959,3.681308199010216,-1.3233008889011868,2.009564387572857
51.0,88.0,132.98593139648438,0.0393375749765284,1.4542045636563976,-3.972056449636237,-3.2969707760777065,-0.5290781472825857,-0.5475650779830782,0.3952533332691959,3.684589182825408,-1.3232405434512615,2.009642346054397
51.0,88.0,132.98593139648438,0.037164339627696,1.4589149126575207,-3.962825554810923,-3.2969725066865263,-0.5293646996296689,-0.5467958650599799,0.3952533332691959,3.68462908969447,-1.286471312418569,2.009558438016854
51.0,89.0,132.8105926513672,0.5479144776321601,1.491718341097236,-3.96419901846225,-3.296974963022825,-0.5292976282388793,-0.542783248480857,0.3933665386653409,3.684702511219368,-1.3239638632947648,2.127348776168392
51.0,89.0,132.8105926513672,0.5479144776321601,1.4915579630986455,-3.96419901846225,-3.296974963022825,-0.5292976282388793,-0.5428297257456073,0.3933957327240017,3.685114494687925,-1.323936492377202,2.127348776168392
51.0,89.0,132.98593139648438,0.0374761427733077,1.4858104425573486,-3.962775702865044,-3.2969721046328755,-0.5291390664406859,-0.5431062430587881,0.3952533332691959,3.68468213392166,-1.28599728382786,2.009642346054397
51.0,89.0,132.98593139648438,0.0371384193669161,1.4911253394910997,-3.964181834418606,-3.297008984941549,-0.5290967240558495,-0.5866357326459138,0.3936998387315754,3.685028146546248,-1.3228663893568011,2.013352480984973
51.0,89.0,132.98593139648438,0.0371384193669161,1.4859058378691905,-3.9642021653731088,-3.296985785039266,-0.5290949169745851,-0.5478956912245697,0.3937112219882769,3.681105975728876,-1.322581626111108,2.0095459604233854
51.0,89.0,132.98593139648438,0.0867431250198835,1.4857020579894658,-3.971550500604189,-3.29697102940683,-0.5290899469990628,-0.5475629861425312,0.3974935535372473,3.6810931853519415,-1.28599728382786,2.0095658447633835
51.0,89.0,132.98593139648438,0.0371384194119984,1.4825652483704788,-3.962775702865044,-3.2969725066865263,-0.5478542789834203,-0.5431582722298159,0.3952533332691959,3.68462908969447,-1.28599728382786,2.009640965757445
51.0,89.0,132.98593139648438,0.0371384451883757,1.4858052213035715,-3.9642021653731088,-3.296985686781307,-0.5290949169745851,-0.5476311908480183,0.393502617059244,3.681105975728876,-1.322581626111108,2.0095459604233854
51.0,89.0,132.98593139648438,0.0371401052074637,1.470008829317771,-3.96424987105934,-3.2969858725839214,-0.5288649243052802,-0.5478989660751448,0.3943130764624696,3.681177643785732,-1.3242964857366664,2.009642346054397
51.0,89.0,132.98593139648438,0.037164339627696,1.4855047801973913,-3.962775702865044,-3.2969725066865263,-0.5293646996296689,-0.5428305973843832,0.3952533332691959,3.68462908969447,-1.28599728382786,2.009558438016854
51.0,89.0,132.98593139648438,0.0834002227551446,1.491051376351794,-3.96417149036242,-3.296971016534773,-0.5290899469990628,-0.5475629861425312,0.3974935535372473,3.6810931853519415,-1.2864857439284385,2.0095658447633835
51.0,89.0,132.98593139648438,0.0371401238193619,1.492734749620772,-3.964181834418606,-3.296985917550605,-0.5290967240558495,-0.5866357326459138,0.3936998387315754,3.685028146546248,-1.3228663893568011,2.013352480984973
51.0,89.0,132.98593139648438,0.0374638677523558,1.485717486468599,-3.964241178552121,-3.2970111836238587,-0.5290999723402122,-0.5426811251964015,0.4068041019089384,3.684626062711392,-1.28599728382786,2.0037638802880946
51.0,89.0,132.98593139648438,0.0374827918283021,1.4911334357343344,-3.960397684158103,-3.2969737941306145,-0.5268028383703239,-0.5432422166414025,0.3973694138690218,3.68487129019496,-1.2863345842800031,2.013352480984973
51.0,89.0,132.98593139648438,0.0371384193664782,1.4542045636563976,-3.962775702865044,-3.2969707760777065,-0.5290781472825857,-0.5475629861425312,0.3952533332691959,3.68462908969447,-1.322399675622832,2.009642346054397
51.0,89.0,132.98593139648438,0.0867522273618159,1.4857020579894658,-3.971550500604189,-3.29697102940683,-0.5290899469990628,-0.5475629861425312,0.3973705361319274,3.6810931853519415,-1.2865753983328276,2.0095658447633835
51.0,89.0,132.98593139648438,0.0371401238193619,1.492734749620772,-3.964181834418606,-3.296985917550605,-0.5290967240558495,-0.5866357326459138,0.3936998387315754,3.685028146546248,-1.3228663893568011,2.013352480984973
51.0,89.0,132.98593139648438,0.0371345048348178,1.4206815916531197,-3.964200098117008,-3.296985686781307,-0.5293168668194204,-0.5476311908480183,0.3933045220621017,3.680922517597464,-1.3239533413689506,2.0095670952658624
51.0,89.0,132.98593139648438,0.0371384193669161,1.4826315977170668,-3.964256219358802,-3.296987522774117,-0.547763948274005,-0.5469728817478197,0.3936860199549615,3.6809266176215214,-1.322581626111108,2.009547207911622
51.0,89.0,132.98593139648438,0.0374761427733077,1.4858104425573486,-3.962775702865044,-3.2969721046328755,-0.5291390664406859,-0.5431062430587881,0.3952533332691959,3.68468213392166,-1.28599728382786,2.009642346054397
51.0,89.0,132.98593139648438,0.0371384193669161,1.4822423021205344,-3.964183390662338,-3.297009401784764,-0.5289947383864347,-0.5537992012862728,0.3937473982423572,3.68506886783768,-1.322581626111108,2.004032381855162
51.0,89.0,132.98593139648438,0.037164339627696,1.4855047801973913,-3.962775702865044,-3.2969725066865263,-0.5293646996296689,-0.5355120866097034,0.3952533332691959,3.68462908969447,-1.28599728382786,2.009558438016854
51.0,89.0,132.98593139648438,0.0371401238193619,1.4930822830592074,-3.964244555544224,-3.296985917550605,-0.5290967240558495,-0.5866357326459138,0.3936998387315754,3.685028146546248,-1.3228663893568011,2.013352480984973
51.0,89.0,132.98593139648438,0.0371401238193619,1.492734749620772,-3.962717783743069,-3.296985917550605,-0.5290967240558495,-0.5865416232645112,0.3936974415720402,3.684630558330921,-1.3228663893568011,2.013352480984973
51.0,89.0,132.98593139648438,0.0834002227551446,1.491051376351794,-3.96417149036242,-3.296971016534773,-0.5290899469990628,-0.5475629861425312,0.3974935535372473,3.6810931853519415,-1.2864857439284385,2.0095658447633835
51.0,89.0,132.98593139648438,0.0374638677523558,1.4858033904772503,-3.9642390536960432,-3.2970111836238587,-0.5290953839848281,-0.5844569306812417,0.3936949209383207,3.684552896065511,-1.3228495360708843,2.013791939701911
51.0,89.0,132.98593139648438,0.0374761427733077,1.4858104425573486,-3.962775702865044,-3.2969721046328755,-0.5291390664406859,-0.5431062430587881,0.3952533332691959,3.68468213392166,-1.28599728382786,2.009642346054397
51.0,89.0,132.98593139648438,0.0374638677523558,1.4853699530301636,-3.9641784574265047,-3.2970111836238587,-0.5290999723402122,-0.5426811251964015,0.4068041019089384,3.684626062711392,-1.28599728382786,2.0037638802880946
51.0,89.0,132.98593139648438,0.0863424755631033,1.4857074077999304,-3.971550500604189,-3.2969703063517377,-0.5290899469990628,-0.5478961551064492,0.3936299900459511,3.6810931853519415,-1.323302792981548,2.0095658447633835
51.0,89.0,132.98593139648438,0.0371402787067459,1.470008829317771,-3.964181852920337,-3.2969858725839214,-0.5288612260323543,-0.5478989660751448,0.3943130764624696,3.681177643785732,-1.3242964857366664,2.009642346054397
51.0,89.0,132.98593139648438,0.0371384193669161,1.4583921355270504,-3.964181834418606,-3.2969857045587028,-0.5289947816155961,-0.5475415708525867,0.3937202404303934,3.6851117217211815,-1.322581626111108,2.009547207911622
51.0,89.0,132.98593139648438,0.0371384194119984,1.4825652483704788,-3.964239753540581,-3.2969725066865263,-0.5478542789834203,-0.5432523816112186,0.3952557304287312,3.685026677909797,-1.28599728382786,2.009640965757445
51.0,89.0,132.98593139648438,0.037164339627696,1.490970114398286,-3.960573733242467,-3.2969725066865263,-0.5293646996296689,-0.5355120866097034,0.3952533332691959,3.6850354536490086,-1.28599728382786,2.009558438016854
51.0,89.0,132.98593139648438,0.0371384193669161,1.4826315977170668,-3.964256219358802,-3.296987522774117,-0.547763948274005,-0.5469728817478197,0.3936860199549615,3.6809266176215214,-1.322581626111108,2.009547207911622
51.0,89.0,132.98593139648438,0.0371379305541366,1.419888912611703,-3.9642000831609296,-3.296973737934728,-0.5292976282388793,-0.5476855195318692,0.3933665386653409,3.680868438027701,-1.3239638632947648,2.009457221291472
51.0,89.0,132.98593139648438,0.0371384193669161,1.4820600169533815,-3.964183390662338,-3.297009401784764,-0.5289947383864347,-0.5537992012862728,0.3937643899985787,3.681169364284279,-1.32263739385342,2.003837418540156
51.0,89.0,132.98593139648438,0.0374563168737851,1.4858033904772503,-3.9642390536960432,-3.2970126320611035,-0.5293148737474279,-0.5850861059005867,0.3936949209383207,3.6809525144197153,-1.3228495360708843,2.009436499976523
51.0,89.0,132.98593139648438,0.0867522273618159,1.4858042028380287,-3.971550500604189,-3.29697102940683,-0.5290899469990628,-0.5475629861425312,0.3973705361319274,3.6810931853519415,-1.285808304556468,2.009564802159864
51.0,89.0,132.98593139648438,0.0884798203667606,1.4542045636563976,-3.9717939216275577,-3.2969707760777065,-0.5290781472825857,-0.5475650779830782,0.3952533332691959,3.6845815576525975,-1.3232405434512615,2.009642346054397
51.0,89.0,132.98593139648438,0.0832935352742412,1.491123170089798,-3.9641710584367016,-3.296972562933141,-0.5290899469990628,-0.5485633682315724,0.3974935535372473,3.6810931853519415,-1.2864857439284385,2.0095658447633835
51.0,89.0,132.98593139648438,0.0371384193644633,1.4826317178071462,-3.9642392883439967,-3.296972423330729,-0.5477641222959406,-0.5436014827883647,0.3936615585743703,3.681062968509021,-1.28599728382786,2.009639759920713
51.0,89.0,132.98593139648438,0.037140119390657,1.4930822830592074,-3.964183415286926,-3.296985917550605,-0.5289973126807015,-0.5866357326459138,0.3937487723107808,3.685028146546248,-1.3225814490500278,2.0135335594899457
51.0,89.0,132.98593139648438,0.0371653861585639,1.490970114398286,-3.960585755371359,-3.2969725066865263,-0.5293646996296689,-0.5355120866097034,0.3952533332691959,3.685046919478272,-1.286249500869212,2.0134310749203843
51.0,89.0,132.98593139648438,0.0834207683984601,1.491051376351794,-3.96417149036242,-3.296971016534773,-0.5290895957976147,-0.5475629861425312,0.3974935535372473,3.684745379622566,-1.2860639100365472,2.0095658447633835
51.0,89.0,132.98593139648438,0.0371384193645859,1.4822352690821767,-3.964238722311089,-3.297010496196483,-0.5477641222959406,-0.5436014827883647,0.3936639988047596,3.681104576358138,-1.28599728382786,2.004724221104114
51.0,89.0,132.98593139648438,0.0867269764328086,1.4857020579894658,-3.971550500604189,-3.29697102940683,-0.5290899469990628,-0.5475650847973398,0.3973705361319274,3.6810931853519415,-1.2865753983328276,2.009570873517688
51.0,89.0,132.98593139648438,0.0371384193664848,1.4911253394910997,-3.9642158724793592,-3.297008984941549,-0.5290967240558495,-0.5867907507389449,0.3936998387315754,3.685028146546248,-1.3228646517009666,2.013352480984973
51.0,89.0,132.98593139648438,0.0374761427733077,1.4858104425573486,-3.9641198865657032,-3.29698629836524,-0.5291390664406859,-0.5481083495748724,0.3952533332691959,3.68468213392166,-1.3226972510806358,2.009642346054397
51.0,89.0,132.98593139648438,0.0371384193664782,1.4542045636563976,-3.962775702865044,-3.29697076836584,-0.5290898860224286,-0.5475629861425312,0.3952533332691959,3.681308199010216,-1.3233008889011868,2.009564387572857
51.0,89.0,132.98593139648438,0.0393375749765284,1.4542045636563976,-3.972056449636237,-3.2969707760777065,-0.5290781472825857,-0.5475650779830782,0.3952533332691959,3.684589182825408,-1.3232405434512615,2.009642346054397
51.0,90.0,132.8105926513672,0.5479144776321601,1.491718341097236,-3.96419901846225,-3.296974963022825,-0.5292976282388793,-0.542783248480857,0.3933665386653409,3.684702511219368,-1.3239638632947648,2.127348776168392
51.0,90.0,132.8105926513672,0.5479144776321601,1.4915579630986455,-3.96419901846225,-3.296974963022825,-0.5292976282388793,-0.5428297257456073,0.3933957327240017,3.685114494687925,-1.323936492377202,2.127348776168392
51.0,90.0,132.98593139648438,0.0374761427733077,1.4858104425573486,-3.962775702865044,-3.2969721046328755,-0.5291390664406859,-0.5431062430587881,0.3952533332691959,3.68468213392166,-1.28599728382786,2.009642346054397
51.0,90.0,132.98593139648438,0.0371384193669161,1.4911253394910997,-3.964181834418606,-3.297008984941549,-0.5290967240558495,-0.5866357326459138,0.3936998387315754,3.685028146546248,-1.3228663893568011,2.013352480984973
51.0,90.0,132.98593139648438,0.0371384193669161,1.4859058378691905,-3.9642021653731088,-3.296985785039266,-0.5290949169745851,-0.5478956912245697,0.3937112219882769,3.681105975728876,-1.322581626111108,2.0095459604233854
51.0,90.0,132.98593139648438,0.0867431250198835,1.4857020579894658,-3.971550500604189,-3.29697102940683,-0.5290899469990628,-0.5475629861425312,0.3974935535372473,3.6810931853519415,-1.28599728382786,2.0095658447633835
51.0,90.0,132.98593139648438,0.0371384194119984,1.4825652483704788,-3.962775702865044,-3.2969725066865263,-0.5478542789834203,-0.5431582722298159,0.3952533332691959,3.68462908969447,-1.28599728382786,2.009640965757445
51.0,90.0,132.98593139648438,0.0371384451883757,1.4858052213035715,-3.9642021653731088,-3.296985686781307,-0.5290949169745851,-0.5476311908480183,0.393502617059244,3.681105975728876,-1.322581626111108,2.0095459604233854
51.0,90.0,132.98593139648438,0.0371401052074637,1.470008829317771,-3.96424987105934,-3.2969858725839214,-0.5288649243052802,-0.5478989660751448,0.3943130764624696,3.681177643785732,-1.3242964857366664,2.009642346054397
51.0,90.0,132.98593139648438,0.037164339627696,1.4855047801973913,-3.962775702865044,-3.2969725066865263,-0.5293646996296689,-0.5428305973843832,0.3952533332691959,3.68462908969447,-1.28599728382786,2.009558438016854
51.0,90.0,132.98593139648438,0.0834002227551446,1.491051376351794,-3.96417149036242,-3.296971016534773,-0.5290899469990628,-0.5475629861425312,0.3974935535372473,3.6810931853519415,-1.2864857439284385,2.0095658447633835
51.0,90.0,132.98593139648438,0.0371401238193619,1.492734749620772,-3.964181834418606,-3.296985917550605,-0.5290967240558495,-0.5866357326459138,0.3936998387315754,3.685028146546248,-1.3228663893568011,2.013352480984973
51.0,90.0,132.98593139648438,0.0374638677523558,1.485717486468599,-3.964241178552121,-3.2970111836238587,-0.5290999723402122,-0.5426811251964015,0.4068041019089384,3.684626062711392,-1.28599728382786,2.0037638802880946
51.0,90.0,132.98593139648438,0.0374827918283021,1.4911334357343344,-3.960397684158103,-3.2969737941306145,-0.5268028383703239,-0.5432422166414025,0.3973694138690218,3.68487129019496,-1.2863345842800031,2.013352480984973
51.0,90.0,132.98593139648438,0.0371384193664782,1.4542045636563976,-3.962775702865044,-3.2969707760777065,-0.5290781472825857,-0.5475629861425312,0.3952533332691959,3.68462908969447,-1.322399675622832,2.009642346054397
51.0,90.0,132.98593139648438,0.0867522273618159,1.4857020579894658,-3.971550500604189,-3.29697102940683,-0.5290899469990628,-0.5475629861425312,0.3973705361319274,3.6810931853519415,-1.2865753983328276,2.0095658447633835
51.0,90.0,132.98593139648438,0.0371401238193619,1.492734749620772,-3.964181834418606,-3.296985917550605,-0.5290967240558495,-0.5866357326459138,0.3936998387315754,3.685028146546248,-1.3228663893568011,2.013352480984973
51.0,90.0,132.98593139648438,0.0371345048348178,1.4206815916531197,-3.964200098117008,-3.296985686781307,-0.5293168668194204,-0.5476311908480183,0.3933045220621017,3.680922517597464,-1.3239533413689506,2.0095670952658624
51.0,90.0,132.98593139648438,0.0371384193669161,1.4826315977170668,-3.964256219358802,-3.296987522774117,-0.547763948274005,-0.5469728817478197,0.3936860199549615,3.6809266176215214,-1.322581626111108,2.009547207911622
51.0,90.0,132.98593139648438,0.0374761427733077,1.4858104425573486,-3.962775702865044,-3.2969721046328755,-0.5291390664406859,-0.5431062430587881,0.3952533332691959,3.68468213392166,-1.28599728382786,2.009642346054397
51.0,90.0,132.98593139648438,0.0371384193669161,1.4822423021205344,-3.964183390662338,-3.297009401784764,-0.5289947383864347,-0.5537992012862728,0.3937473982423572,3.68506886783768,-1.322581626111108,2.004032381855162
51.0,90.0,132.98593139648438,0.037164339627696,1.4855047801973913,-3.962775702865044,-3.2969725066865263,-0.5293646996296689,-0.5355120866097034,0.3952533332691959,3.68462908969447,-1.28599728382786,2.009558438016854
51.0,90.0,132.98593139648438,0.0371401238193619,1.4930822830592074,-3.964244555544224,-3.296985917550605,-0.5290967240558495,-0.5866357326459138,0.3936998387315754,3.685028146546248,-1.3228663893568011,2.013352480984973
51.0,90.0,132.98593139648438,0.0371401238193619,1.492734749620772,-3.962717783743069,-3.296985917550605,-0.5290967240558495,-0.5865416232645112,0.3936974415720402,3.684630558330921,-1.3228663893568011,2.013352480984973
51.0,90.0,132.98593139648438,0.0834002227551446,1.491051376351794,-3.96417149036242,-3.296971016534773,-0.5290899469990628,-0.5475629861425312,0.3974935535372473,3.6810931853519415,-1.2864857439284385,2.0095658447633835
51.0,90.0,132.98593139648438,0.0374638677523558,1.4858033904772503,-3.9642390536960432,-3.2970111836238587,-0.5290953839848281,-0.5844569306812417,0.3936949209383207,3.684552896065511,-1.3228495360708843,2.013791939701911
51.0,90.0,132.98593139648438,0.0374761427733077,1.4858104425573486,-3.962775702865044,-3.2969721046328755,-0.5291390664406859,-0.5431062430587881,0.3952533332691959,3.68468213392166,-1.28599728382786,2.009642346054397
51.0,90.0,132.98593139648438,0.0374638677523558,1.4853699530301636,-3.9641784574265047,-3.2970111836238587,-0.5290999723402122,-0.5426811251964015,0.4068041019089384,3.684626062711392,-1.28599728382786,2.0037638802880946
51.0,90.0,132.98593139648438,0.0863424755631033,1.4857074077999304,-3.971550500604189,-3.2969703063517377,-0.5290899469990628,-0.5478961551064492,0.3936299900459511,3.6810931853519415,-1.323302792981548,2.0095658447633835
51.0,90.0,132.98593139648438,0.0371402787067459,1.470008829317771,-3.964181852920337,-3.2969858725839214,-0.5288612260323543,-0.5478989660751448,0.3943130764624696,3.681177643785732,-1.3242964857366664,2.009642346054397
51.0,90.0,132.98593139648438,0.0371384193669161,1.4583921355270504,-3.964181834418606,-3.2969857045587028,-0.5289947816155961,-0.5475415708525867,0.3937202404303934,3.6851117217211815,-1.322581626111108,2.009547207911622
51.0,90.0,132.98593139648438,0.0371384194119984,1.4825652483704788,-3.964239753540581,-3.2969725066865263,-0.5478542789834203,-0.5432523816112186,0.3952557304287312,3.685026677909797,-1.28599728382786,2.009640965757445
51.0,90.0,132.98593139648438,0.037164339627696,1.490970114398286,-3.960573733242467,-3.2969725066865263,-0.5293646996296689,-0.5355120866097034,0.3952533332691959,3.6850354536490086,-1.28599728382786,2.009558438016854
51.0,90.0,132.98593139648438,0.0371384193669161,1.4826315977170668,-3.964256219358802,-3.296987522774117,-0.547763948274005,-0.5469728817478197,0.3936860199549615,3.6809266176215214,-1.322581626111108,2.009547207911622
51.0,90.0,132.98593139648438,0.0371379305541366,1.419888912611703,-3.9642000831609296,-3.296973737934728,-0.5292976282388793,-0.5476855195318692,0.3933665386653409,3.680868438027701,-1.3239638632947648,2.009457221291472
51.0,90.0,132.98593139648438,0.0371384193669161,1.4820600169533815,-3.964183390662338,-3.297009401784764,-0.5289947383864347,-0.5537992012862728,0.3937643899985787,3.681169364284279,-1.32263739385342,2.003837418540156
51.0,90.0,132.98593139648438,0.0374563168737851,1.4858033904772503,-3.9642390536960432,-3.2970126320611035,-0.5293148737474279,-0.5850861059005867,0.3936949209383207,3.6809525144197153,-1.3228495360708843,2.009436499976523
51.0,90.0,132.98593139648438,0.0867522273618159,1.4858042028380287,-3.971550500604189,-3.29697102940683,-0.5290899469990628,-0.5475629861425312,0.3973705361319274,3.6810931853519415,-1.285808304556468,2.009564802159864
51.0,90.0,132.98593139648438,0.0884798203667606,1.4542045636563976,-3.9717939216275577,-3.2969707760777065,-0.5290781472825857,-0.5475650779830782,0.3952533332691959,3.6845815576525975,-1.3232405434512615,2.009642346054397
51.0,90.0,132.98593139648438,0.0832935352742412,1.491123170089798,-3.9641710584367016,-3.296972562933141,-0.5290899469990628,-0.5485633682315724,0.3974935535372473,3.6810931853519415,-1.2864857439284385,2.0095658447633835
51.0,90.0,132.98593139648438,0.0371384193644633,1.4826317178071462,-3.9642392883439967,-3.296972423330729,-0.5477641222959406,-0.5436014827883647,0.3936615585743703,3.681062968509021,-1.28599728382786,2.009639759920713
51.0,90.0,132.98593139648438,0.037140119390657,1.4930822830592074,-3.964183415286926,-3.296985917550605,-0.5289973126807015,-0.5866357326459138,0.3937487723107808,3.685028146546248,-1.3225814490500278,2.0135335594899457
51.0,90.0,132.98593139648438,0.0371653861585639,1.490970114398286,-3.960585755371359,-3.2969725066865263,-0.5293646996296689,-0.5355120866097034,0.3952533332691959,3.685046919478272,-1.286249500869212,2.0134310749203843
51.0,90.0,132.98593139648438,0.0834207683984601,1.491051376351794,-3.96417149036242,-3.296971016534773,-0.5290895957976147,-0.5475629861425312,0.3974935535372473,3.684745379622566,-1.2860639100365472,2.0095658447633835
51.0,90.0,132.98593139648438,0.0371384193645859,1.4822352690821767,-3.964238722311089,-3.297010496196483,-0.5477641222959406,-0.5436014827883647,0.3936639988047596,3.681104576358138,-1.28599728382786,2.004724221104114
51.0,90.0,132.98593139648438,0.0867269764328086,1.4857020579894658,-3.971550500604189,-3.29697102940683,-0.5290899469990628,-0.5475650847973398,0.3973705361319274,3.6810931853519415,-1.2865753983328276,2.009570873517688
51.0,90.0,132.98593139648438,0.0371384193664848,1.4911253394910997,-3.9642158724793592,-3.297008984941549,-0.5290967240558495,-0.5867907507389449,0.3936998387315754,3.685028146546248,-1.3228646517009666,2.013352480984973
51.0,90.0,132.98593139648438,0.0374761427733077,1.4858104425573486,-3.9641198865657032,-3.29698629836524,-0.5291390664406859,-0.5481083495748724,0.3952533332691959,3.68468213392166,-1.3226972510806358,2.009642346054397
51.0,90.0,132.98593139648438,0.0371384193664782,1.4542045636563976,-3.962775702865044,-3.29697076836584,-0.5290898860224286,-0.5475629861425312,0.3952533332691959,3.681308199010216,-1.3233008889011868,2.009564387572857
51.0,90.0,132.98593139648438,0.0393375749765284,1.4542045636563976,-3.972056449636237,-3.2969707760777065,-0.5290781472825857,-0.5475650779830782,0.3952533332691959,3.684589182825408,-1.3232405434512615,2.009642346054397
51.0,91.0,132.71798706054688,0.5464869515593413,1.4916429100247612,-3.96417728862352,-3.296974421841693,-0.5290983438047037,-0.542783248480857,0.4068444388110542,3.684702511219368,-1.28593090683649,2.1764849174072483
51.0,91.0,132.8105926513672,0.5479144776321601,1.491718341097236,-3.96419901846225,-3.296974963022825,-0.5292976282388793,-0.542783248480857,0.3933665386653409,3.684702511219368,-1.3239638632947648,2.127348776168392
51.0,91.0,132.8105926513672,0.5479144776321601,1.4915579630986455,-3.96419901846225,-3.296974963022825,-0.5292976282388793,-0.5428297257456073,0.3933957327240017,3.685114494687925,-1.323936492377202,2.127348776168392
51.0,91.0,132.8105926513672,0.5479144776321601,1.491718341097236,-3.96419901846225,-3.297010768728029,-0.5290783856248166,-0.542783248480857,0.4072477608189371,3.684702511219368,-1.3240029432104496,2.119795806528287
51.0,91.0,132.95889282226562,0.5479144776321601,1.4855709177908496,-3.971457032188985,-3.29697490533239,-0.5292976282388793,-0.5475932631615869,0.3934913106283562,3.685114494687925,-1.4036848227861705,2.0116580365546595
51.0,91.0,132.98593139648438,0.0374761427733077,1.4858104425573486,-3.962775702865044,-3.2969721046328755,-0.5291390664406859,-0.5431062430587881,0.3952533332691959,3.68468213392166,-1.28599728382786,2.009642346054397
51.0,91.0,132.98593139648438,0.0371384193669161,1.4911253394910997,-3.964181834418606,-3.297008984941549,-0.5290967240558495,-0.5866357326459138,0.3936998387315754,3.685028146546248,-1.3228663893568011,2.013352480984973
51.0,91.0,132.98593139648438,0.0371384193669161,1.4859058378691905,-3.9642021653731088,-3.296985785039266,-0.5290949169745851,-0.5478956912245697,0.3937112219882769,3.681105975728876,-1.322581626111108,2.0095459604233854
51.0,91.0,132.98593139648438,0.0867431250198835,1.4857020579894658,-3.971550500604189,-3.29697102940683,-0.5290899469990628,-0.5475629861425312,0.3974935535372473,3.6810931853519415,-1.28599728382786,2.0095658447633835
51.0,91.0,132.98593139648438,0.0371384194119984,1.4825652483704788,-3.962775702865044,-3.2969725066865263,-0.5478542789834203,-0.5431582722298159,0.3952533332691959,3.68462908969447,-1.28599728382786,2.009640965757445
51.0,91.0,132.98593139648438,0.0371384451883757,1.4858052213035715,-3.9642021653731088,-3.296985686781307,-0.5290949169745851,-0.5476311908480183,0.393502617059244,3.681105975728876,-1.322581626111108,2.0095459604233854
51.0,91.0,132.98593139648438,0.0371401052074637,1.470008829317771,-3.96424987105934,-3.2969858725839214,-0.5288649243052802,-0.5478989660751448,0.3943130764624696,3.681177643785732,-1.3242964857366664,2.009642346054397
51.0,91.0,132.98593139648438,0.037164339627696,1.4855047801973913,-3.962775702865044,-3.2969725066865263,-0.5293646996296689,-0.5428305973843832,0.3952533332691959,3.68462908969447,-1.28599728382786,2.009558438016854
51.0,91.0,132.98593139648438,0.0834002227551446,1.491051376351794,-3.96417149036242,-3.296971016534773,-0.5290899469990628,-0.5475629861425312,0.3974935535372473,3.6810931853519415,-1.2864857439284385,2.0095658447633835
51.0,91.0,132.98593139648438,0.0371401238193619,1.492734749620772,-3.964181834418606,-3.296985917550605,-0.5290967240558495,-0.5866357326459138,0.3936998387315754,3.685028146546248,-1.3228663893568011,2.013352480984973
51.0,91.0,132.98593139648438,0.0374638677523558,1.485717486468599,-3.964241178552121,-3.2970111836238587,-0.5290999723402122,-0.5426811251964015,0.4068041019089384,3.684626062711392,-1.28599728382786,2.0037638802880946
51.0,91.0,132.98593139648438,0.0374827918283021,1.4911334357343344,-3.960397684158103,-3.2969737941306145,-0.5268028383703239,-0.5432422166414025,0.3973694138690218,3.68487129019496,-1.2863345842800031,2.013352480984973
51.0,91.0,132.98593139648438,0.0371384193664782,1.4542045636563976,-3.962775702865044,-3.2969707760777065,-0.5290781472825857,-0.5475629861425312,0.3952533332691959,3.68462908969447,-1.322399675622832,2.009642346054397
51.0,91.0,132.98593139648438,0.0867522273618159,1.4857020579894658,-3.971550500604189,-3.29697102940683,-0.5290899469990628,-0.5475629861425312,0.3973705361319274,3.6810931853519415,-1.2865753983328276,2.0095658447633835
51.0,91.0,132.98593139648438,0.0371401238193619,1.492734749620772,-3.964181834418606,-3.296985917550605,-0.5290967240558495,-0.5866357326459138,0.3936998387315754,3.685028146546248,-1.3228663893568011,2.013352480984973
51.0,91.0,132.98593139648438,0.0371345048348178,1.4206815916531197,-3.964200098117008,-3.296985686781307,-0.5293168668194204,-0.5476311908480183,0.3933045220621017,3.680922517597464,-1.3239533413689506,2.0095670952658624
51.0,91.0,132.98593139648438,0.0371384193669161,1.4826315977170668,-3.964256219358802,-3.296987522774117,-0.547763948274005,-0.5469728817478197,0.3936860199549615,3.6809266176215214,-1.322581626111108,2.009547207911622
51.0,91.0,132.98593139648438,0.0374761427733077,1.4858104425573486,-3.962775702865044,-3.2969721046328755,-0.5291390664406859,-0.5431062430587881,0.3952533332691959,3.68468213392166,-1.28599728382786,2.009642346054397
51.0,91.0,132.98593139648438,0.0371384193669161,1.4822423021205344,-3.964183390662338,-3.297009401784764,-0.5289947383864347,-0.5537992012862728,0.3937473982423572,3.68506886783768,-1.322581626111108,2.004032381855162
51.0,91.0,132.98593139648438,0.037164339627696,1.4855047801973913,-3.962775702865044,-3.2969725066865263,-0.5293646996296689,-0.5355120866097034,0.3952533332691959,3.68462908969447,-1.28599728382786,2.009558438016854
51.0,91.0,132.98593139648438,0.0371401238193619,1.4930822830592074,-3.964244555544224,-3.296985917550605,-0.5290967240558495,-0.5866357326459138,0.3936998387315754,3.685028146546248,-1.3228663893568011,2.013352480984973
51.0,91.0,132.98593139648438,0.0371401238193619,1.492734749620772,-3.962717783743069,-3.296985917550605,-0.5290967240558495,-0.5865416232645112,0.3936974415720402,3.684630558330921,-1.3228663893568011,2.013352480984973
51.0,91.0,132.98593139648438,0.0834002227551446,1.491051376351794,-3.96417149036242,-3.296971016534773,-0.5290899469990628,-0.5475629861425312,0.3974935535372473,3.6810931853519415,-1.2864857439284385,2.0095658447633835
51.0,91.0,132.98593139648438,0.0374638677523558,1.4858033904772503,-3.9642390536960432,-3.2970111836238587,-0.5290953839848281,-0.5844569306812417,0.3936949209383207,3.684552896065511,-1.3228495360708843,2.013791939701911
51.0,91.0,132.98593139648438,0.0374761427733077,1.4858104425573486,-3.962775702865044,-3.2969721046328755,-0.5291390664406859,-0.5431062430587881,0.3952533332691959,3.68468213392166,-1.28599728382786,2.009642346054397
51.0,91.0,132.98593139648438,0.0374638677523558,1.4853699530301636,-3.9641784574265047,-3.2970111836238587,-0.5290999723402122,-0.5426811251964015,0.4068041019089384,3.684626062711392,-1.28599728382786,2.0037638802880946
51.0,91.0,132.98593139648438,0.0863424755631033,1.4857074077999304,-3.971550500604189,-3.2969703063517377,-0.5290899469990628,-0.5478961551064492,0.3936299900459511,3.6810931853519415,-1.323302792981548,2.0095658447633835
51.0,91.0,132.98593139648438,0.0371402787067459,1.470008829317771,-3.964181852920337,-3.2969858725839214,-0.5288612260323543,-0.5478989660751448,0.3943130764624696,3.681177643785732,-1.3242964857366664,2.009642346054397
51.0,91.0,132.98593139648438,0.0371384193669161,1.4583921355270504,-3.964181834418606,-3.2969857045587028,-0.5289947816155961,-0.5475415708525867,0.3937202404303934,3.6851117217211815,-1.322581626111108,2.009547207911622
51.0,91.0,132.98593139648438,0.0371384194119984,1.4825652483704788,-3.964239753540581,-3.2969725066865263,-0.5478542789834203,-0.5432523816112186,0.3952557304287312,3.685026677909797,-1.28599728382786,2.009640965757445
51.0,91.0,132.98593139648438,0.037164339627696,1.490970114398286,-3.960573733242467,-3.2969725066865263,-0.5293646996296689,-0.5355120866097034,0.3952533332691959,3.6850354536490086,-1.28599728382786,2.009558438016854
51.0,91.0,132.98593139648438,0.0371384193669161,1.4826315977170668,-3.964256219358802,-3.296987522774117,-0.547763948274005,-0.5469728817478197,0.3936860199549615,3.6809266176215214,-1.322581626111108,2.009547207911622
51.0,91.0,132.98593139648438,0.0371379305541366,1.419888912611703,-3.9642000831609296,-3.296973737934728,-0.5292976282388793,-0.5476855195318692,0.3933665386653409,3.680868438027701,-1.3239638632947648,2.009457221291472
51.0,91.0,132.98593139648438,0.0371384193669161,1.4820600169533815,-3.964183390662338,-3.297009401784764,-0.5289947383864347,-0.5537992012862728,0.3937643899985787,3.681169364284279,-1.32263739385342,2.003837418540156
51.0,91.0,132.98593139648438,0.0374563168737851,1.4858033904772503,-3.9642390536960432,-3.2970126320611035,-0.5293148737474279,-0.5850861059005867,0.3936949209383207,3.6809525144197153,-1.3228495360708843,2.009436499976523
51.0,91.0,132.98593139648438,0.0867522273618159,1.4858042028380287,-3.971550500604189,-3.29697102940683,-0.5290899469990628,-0.5475629861425312,0.3973705361319274,3.6810931853519415,-1.285808304556468,2.009564802159864
51.0,91.0,132.98593139648438,0.0884798203667606,1.4542045636563976,-3.9717939216275577,-3.2969707760777065,-0.5290781472825857,-0.5475650779830782,0.3952533332691959,3.6845815576525975,-1.3232405434512615,2.009642346054397
51.0,91.0,132.98593139648438,0.0832935352742412,1.491123170089798,-3.9641710584367016,-3.296972562933141,-0.5290899469990628,-0.5485633682315724,0.3974935535372473,3.6810931853519415,-1.2864857439284385,2.0095658447633835
51.0,91.0,132.98593139648438,0.0371384193644633,1.4826317178071462,-3.9642392883439967,-3.296972423330729,-0.5477641222959406,-0.5436014827883647,0.3936615585743703,3.681062968509021,-1.28599728382786,2.009639759920713
51.0,91.0,132.98593139648438,0.037140119390657,1.4930822830592074,-3.964183415286926,-3.296985917550605,-0.5289973126807015,-0.5866357326459138,0.3937487723107808,3.685028146546248,-1.3225814490500278,2.0135335594899457
51.0,91.0,132.98593139648438,0.0371653861585639,1.490970114398286,-3.960585755371359,-3.2969725066865263,-0.5293646996296689,-0.5355120866097034,0.3952533332691959,3.685046919478272,-1.286249500869212,2.0134310749203843
51.0,91.0,132.98593139648438,0.0834207683984601,1.491051376351794,-3.96417149036242,-3.296971016534773,-0.5290895957976147,-0.5475629861425312,0.3974935535372473,3.684745379622566,-1.2860639100365472,2.0095658447633835
51.0,91.0,132.98593139648438,0.0371384193645859,1.4822352690821767,-3.964238722311089,-3.297010496196483,-0.5477641222959406,-0.5436014827883647,0.3936639988047596,3.681104576358138,-1.28599728382786,2.004724221104114
51.0,91.0,132.98593139648438,0.0867269764328086,1.4857020579894658,-3.971550500604189,-3.29697102940683,-0.5290899469990628,-0.5475650847973398,0.3973705361319274,3.6810931853519415,-1.2865753983328276,2.009570873517688
51.0,91.0,132.98593139648438,0.0371384193664848,1.4911253394910997,-3.9642158724793592,-3.297008984941549,-0.5290967240558495,-0.5867907507389449,0.3936998387315754,3.685028146546248,-1.3228646517009666,2.013352480984973
51.0,92.0,132.71798706054688,0.5464869515593413,1.4916429100247612,-3.96417728862352,-3.296974421841693,-0.5290983438047037,-0.542783248480857,0.4068444388110542,3.684702511219368,-1.28593090683649,2.1764849174072483
51.0,92.0,132.71798706054688,0.5464869515593413,1.4824202039732457,-3.9627833656592713,-3.296974394653729,-0.5478459716740526,-0.542783248480857,0.3951300686400932,3.684702511219368,-1.285998893089245,2.1764849174072483
51.0,92.0,132.7490997314453,0.5464869515593413,1.4916429100247612,-3.96417728862352,-3.296974421841693,-0.5701688111073522,-0.542783248480857,0.406824269401802,3.684702511219368,-1.28593090683649,2.1204508032109786
51.0,92.0,132.8105926513672,0.5479144776321601,1.491718341097236,-3.96419901846225,-3.296974963022825,-0.5292976282388793,-0.542783248480857,0.3933665386653409,3.684702511219368,-1.3239638632947648,2.127348776168392
51.0,92.0,132.8105926513672,0.5479144776321601,1.4915579630986455,-3.96419901846225,-3.296974963022825,-0.5292976282388793,-0.5428297257456073,0.3933957327240017,3.685114494687925,-1.323936492377202,2.127348776168392
51.0,92.0,132.8105926513672,0.5479144776321601,1.491718341097236,-3.96419901846225,-3.297010768728029,-0.5290783856248166,-0.542783248480857,0.4072477608189371,3.684702511219368,-1.3240029432104496,2.119795806528287
51.0,92.0,132.8105926513672,0.5571883152300763,1.491718341097236,-3.96419901846225,-3.296985852904412,-0.5290783856248166,-0.542783248480857,0.4072477608189371,3.684702511219368,-1.3228179805671434,2.119795806528287
51.0,92.0,132.8105926513672,0.5479144776321601,1.4915579630986455,-3.9641992355283473,-3.2969747817178465,-0.5292923321051562,-0.5428397188102428,0.3933957327240017,3.685085133213431,-1.3238274231989988,2.127348776168392
51.0,92.0,132.95889282226562,0.5479144776321601,1.4855709177908496,-3.971457032188985,-3.29697490533239,-0.5292976282388793,-0.5475932631615869,0.3934913106283562,3.685114494687925,-1.4036848227861705,2.0116580365546595
51.0,92.0,132.98593139648438,0.0374761427733077,1.4858104425573486,-3.962775702865044,-3.2969721046328755,-0.5291390664406859,-0.5431062430587881,0.3952533332691959,3.68468213392166,-1.28599728382786,2.009642346054397
51.0,92.0,132.98593139648438,0.0371384193669161,1.4911253394910997,-3.964181834418606,-3.297008984941549,-0.5290967240558495,-0.5866357326459138,0.3936998387315754,3.685028146546248,-1.3228663893568011,2.013352480984973
51.0,92.0,132.98593139648438,0.0371384193669161,1.4859058378691905,-3.9642021653731088,-3.296985785039266,-0.5290949169745851,-0.5478956912245697,0.3937112219882769,3.681105975728876,-1.322581626111108,2.0095459604233854
51.0,92.0,132.98593139648438,0.0867431250198835,1.4857020579894658,-3.971550500604189,-3.29697102940683,-0.5290899469990628,-0.5475629861425312,0.3974935535372473,3.6810931853519415,-1.28599728382786,2.0095658447633835
51.0,92.0,132.98593139648438,0.0371384194119984,1.4825652483704788,-3.962775702865044,-3.2969725066865263,-0.5478542789834203,-0.5431582722298159,0.3952533332691959,3.68462908969447,-1.28599728382786,2.009640965757445
51.0,92.0,132.98593139648438,0.0371384451883757,1.4858052213035715,-3.9642021653731088,-3.296985686781307,-0.5290949169745851,-0.5476311908480183,0.393502617059244,3.681105975728876,-1.322581626111108,2.0095459604233854
51.0,92.0,132.98593139648438,0.0371401052074637,1.470008829317771,-3.96424987105934,-3.2969858725839214,-0.5288649243052802,-0.5478989660751448,0.3943130764624696,3.681177643785732,-1.3242964857366664,2.009642346054397
51.0,92.0,132.98593139648438,0.037164339627696,1.4855047801973913,-3.962775702865044,-3.2969725066865263,-0.5293646996296689,-0.5428305973843832,0.3952533332691959,3.68462908969447,-1.28599728382786,2.009558438016854
51.0,92.0,132.98593139648438,0.0834002227551446,1.491051376351794,-3.96417149036242,-3.296971016534773,-0.5290899469990628,-0.5475629861425312,0.3974935535372473,3.6810931853519415,-1.2864857439284385,2.0095658447633835
51.0,92.0,132.98593139648438,0.0371401238193619,1.492734749620772,-3.964181834418606,-3.296985917550605,-0.5290967240558495,-0.5866357326459138,0.3936998387315754,3.685028146546248,-1.3228663893568011,2.013352480984973
51.0,92.0,132.98593139648438,0.0374638677523558,1.485717486468599,-3.964241178552121,-3.2970111836238587,-0.5290999723402122,-0.5426811251964015,0.4068041019089384,3.684626062711392,-1.28599728382786,2.0037638802880946
51.0,92.0,132.98593139648438,0.0374827918283021,1.4911334357343344,-3.960397684158103,-3.2969737941306145,-0.5268028383703239,-0.5432422166414025,0.3973694138690218,3.68487129019496,-1.2863345842800031,2.013352480984973
51.0,92.0,132.98593139648438,0.0371384193664782,1.4542045636563976,-3.962775702865044,-3.2969707760777065,-0.5290781472825857,-0.5475629861425312,0.3952533332691959,3.68462908969447,-1.322399675622832,2.009642346054397
51.0,92.0,132.98593139648438,0.0867522273618159,1.4857020579894658,-3.971550500604189,-3.29697102940683,-0.5290899469990628,-0.5475629861425312,0.3973705361319274,3.6810931853519415,-1.2865753983328276,2.0095658447633835
51.0,92.0,132.98593139648438,0.0371401238193619,1.492734749620772,-3.964181834418606,-3.296985917550605,-0.5290967240558495,-0.5866357326459138,0.3936998387315754,3.685028146546248,-1.3228663893568011,2.013352480984973
51.0,92.0,132.98593139648438,0.0371345048348178,1.4206815916531197,-3.964200098117008,-3.296985686781307,-0.5293168668194204,-0.5476311908480183,0.3933045220621017,3.680922517597464,-1.3239533413689506,2.0095670952658624
51.0,92.0,132.98593139648438,0.0371384193669161,1.4826315977170668,-3.964256219358802,-3.296987522774117,-0.547763948274005,-0.5469728817478197,0.3936860199549615,3.6809266176215214,-1.322581626111108,2.009547207911622
51.0,92.0,132.98593139648438,0.0374761427733077,1.4858104425573486,-3.962775702865044,-3.2969721046328755,-0.5291390664406859,-0.5431062430587881,0.3952533332691959,3.68468213392166,-1.28599728382786,2.009642346054397
51.0,92.0,132.98593139648438,0.0371384193669161,1.4822423021205344,-3.964183390662338,-3.297009401784764,-0.5289947383864347,-0.5537992012862728,0.3937473982423572,3.68506886783768,-1.322581626111108,2.004032381855162
51.0,92.0,132.98593139648438,0.037164339627696,1.4855047801973913,-3.962775702865044,-3.2969725066865263,-0.5293646996296689,-0.5355120866097034,0.3952533332691959,3.68462908969447,-1.28599728382786,2.009558438016854
51.0,92.0,132.98593139648438,0.0371401238193619,1.4930822830592074,-3.964244555544224,-3.296985917550605,-0.5290967240558495,-0.5866357326459138,0.3936998387315754,3.685028146546248,-1.3228663893568011,2.013352480984973
51.0,92.0,132.98593139648438,0.0371401238193619,1.492734749620772,-3.962717783743069,-3.296985917550605,-0.5290967240558495,-0.5865416232645112,0.3936974415720402,3.684630558330921,-1.3228663893568011,2.013352480984973
51.0,92.0,132.98593139648438,0.0834002227551446,1.491051376351794,-3.96417149036242,-3.296971016534773,-0.5290899469990628,-0.5475629861425312,0.3974935535372473,3.6810931853519415,-1.2864857439284385,2.0095658447633835
51.0,92.0,132.98593139648438,0.0374638677523558,1.4858033904772503,-3.9642390536960432,-3.2970111836238587,-0.5290953839848281,-0.5844569306812417,0.3936949209383207,3.684552896065511,-1.3228495360708843,2.013791939701911
51.0,92.0,132.98593139648438,0.0374761427733077,1.4858104425573486,-3.962775702865044,-3.2969721046328755,-0.5291390664406859,-0.5431062430587881,0.3952533332691959,3.68468213392166,-1.28599728382786,2.009642346054397
51.0,92.0,132.98593139648438,0.0374638677523558,1.4853699530301636,-3.9641784574265047,-3.2970111836238587,-0.5290999723402122,-0.5426811251964015,0.4068041019089384,3.684626062711392,-1.28599728382786,2.0037638802880946
51.0,92.0,132.98593139648438,0.0863424755631033,1.4857074077999304,-3.971550500604189,-3.2969703063517377,-0.5290899469990628,-0.5478961551064492,0.3936299900459511,3.6810931853519415,-1.323302792981548,2.0095658447633835
51.0,92.0,132.98593139648438,0.0371402787067459,1.470008829317771,-3.964181852920337,-3.2969858725839214,-0.5288612260323543,-0.5478989660751448,0.3943130764624696,3.681177643785732,-1.3242964857366664,2.009642346054397
51.0,92.0,132.98593139648438,0.0371384193669161,1.4583921355270504,-3.964181834418606,-3.2969857045587028,-0.5289947816155961,-0.5475415708525867,0.3937202404303934,3.6851117217211815,-1.322581626111108,2.009547207911622
51.0,92.0,132.98593139648438,0.0371384194119984,1.4825652483704788,-3.964239753540581,-3.2969725066865263,-0.5478542789834203,-0.5432523816112186,0.3952557304287312,3.685026677909797,-1.28599728382786,2.009640965757445
51.0,92.0,132.98593139648438,0.037164339627696,1.490970114398286,-3.960573733242467,-3.2969725066865263,-0.5293646996296689,-0.5355120866097034,0.3952533332691959,3.6850354536490086,-1.28599728382786,2.009558438016854
51.0,92.0,132.98593139648438,0.0371384193669161,1.4826315977170668,-3.964256219358802,-3.296987522774117,-0.547763948274005,-0.5469728817478197,0.3936860199549615,3.6809266176215214,-1.322581626111108,2.009547207911622
51.0,92.0,132.98593139648438,0.0371379305541366,1.419888912611703,-3.9642000831609296,-3.296973737934728,-0.5292976282388793,-0.5476855195318692,0.3933665386653409,3.680868438027701,-1.3239638632947648,2.009457221291472
51.0,92.0,132.98593139648438,0.0371384193669161,1.4820600169533815,-3.964183390662338,-3.297009401784764,-0.5289947383864347,-0.5537992012862728,0.3937643899985787,3.681169364284279,-1.32263739385342,2.003837418540156
51.0,92.0,132.98593139648438,0.0374563168737851,1.4858033904772503,-3.9642390536960432,-3.2970126320611035,-0.5293148737474279,-0.5850861059005867,0.3936949209383207,3.6809525144197153,-1.3228495360708843,2.009436499976523
51.0,92.0,132.98593139648438,0.0867522273618159,1.4858042028380287,-3.971550500604189,-3.29697102940683,-0.5290899469990628,-0.5475629861425312,0.3973705361319274,3.6810931853519415,-1.285808304556468,2.009564802159864
51.0,92.0,132.98593139648438,0.0884798203667606,1.4542045636563976,-3.9717939216275577,-3.2969707760777065,-0.5290781472825857,-0.5475650779830782,0.3952533332691959,3.6845815576525975,-1.3232405434512615,2.009642346054397
51.0,92.0,132.98593139648438,0.0832935352742412,1.491123170089798,-3.9641710584367016,-3.296972562933141,-0.5290899469990628,-0.5485633682315724,0.3974935535372473,3.6810931853519415,-1.2864857439284385,2.0095658447633835
51.0,92.0,132.98593139648438,0.0371384193644633,1.4826317178071462,-3.9642392883439967,-3.296972423330729,-0.5477641222959406,-0.5436014827883647,0.3936615585743703,3.681062968509021,-1.28599728382786,2.009639759920713
51.0,92.0,132.98593139648438,0.037140119390657,1.4930822830592074,-3.964183415286926,-3.296985917550605,-0.5289973126807015,-0.5866357326459138,0.3937487723107808,3.685028146546248,-1.3225814490500278,2.0135335594899457
51.0,92.0,132.98593139648438,0.0371653861585639,1.490970114398286,-3.960585755371359,-3.2969725066865263,-0.5293646996296689,-0.5355120866097034,0.3952533332691959,3.685046919478272,-1.286249500869212,2.0134310749203843
51.0,93.0,132.71798706054688,0.5464869515593413,1.4916429100247612,-3.96417728862352,-3.296974421841693,-0.5290983438047037,-0.542783248480857,0.4068444388110542,3.684702511219368,-1.28593090683649,2.1764849174072483
51.0,93.0,132.71798706054688,0.5464869515593413,1.4824202039732457,-3.9627833656592713,-3.296974394653729,-0.5478459716740526,-0.542783248480857,0.3951300686400932,3.684702511219368,-1.285998893089245,2.1764849174072483
51.0,93.0,132.71798706054688,0.5464869515593413,1.4916429100247612,-3.96417728862352,-3.296974421841693,-0.5284731434418938,-0.542783248480857,0.4068444388110542,3.684702511219368,-1.28593090683649,2.198259197556541
51.0,93.0,132.7490997314453,0.5464869515593413,1.4916429100247612,-3.96417728862352,-3.296974421841693,-0.5701688111073522,-0.542783248480857,0.406824269401802,3.684702511219368,-1.28593090683649,2.1204508032109786
51.0,93.0,132.7490997314453,0.5464869515593413,1.4916429100247612,-3.96417728862352,-3.296974421841693,-0.5707940114701621,-0.542783248480857,0.406824269401802,3.684702511219368,-1.28593090683649,2.1204508032109786
51.0,93.0,132.8105926513672,0.5479144776321601,1.491718341097236,-3.96419901846225,-3.296974963022825,-0.5292976282388793,-0.542783248480857,0.3933665386653409,3.684702511219368,-1.3239638632947648,2.127348776168392
51.0,93.0,132.8105926513672,0.5479144776321601,1.4915579630986455,-3.96419901846225,-3.296974963022825,-0.5292976282388793,-0.5428297257456073,0.3933957327240017,3.685114494687925,-1.323936492377202,2.127348776168392
51.0,93.0,132.8105926513672,0.5479144776321601,1.491718341097236,-3.96419901846225,-3.297010768728029,-0.5290783856248166,-0.542783248480857,0.4072477608189371,3.684702511219368,-1.3240029432104496,2.119795806528287
51.0,93.0,132.8105926513672,0.5571883152300763,1.491718341097236,-3.96419901846225,-3.296985852904412,-0.5290783856248166,-0.542783248480857,0.4072477608189371,3.684702511219368,-1.3228179805671434,2.119795806528287
51.0,93.0,132.8105926513672,0.5479144776321601,1.4915579630986455,-3.9641992355283473,-3.2969747817178465,-0.5292923321051562,-0.5428397188102428,0.3933957327240017,3.685085133213431,-1.3238274231989988,2.127348776168392
51.0,93.0,132.8105926513672,0.5479144776321601,1.4854215330860383,-3.96419901846225,-3.297011602781187,-0.5290783856248166,-0.542783248480857,0.3937917207108105,3.684702511219368,-1.3240029432104496,2.119795806528287
51.0,93.0,132.8105926513672,0.5479144776321601,1.4915582226038395,-3.9641992355283473,-3.297008144978792,-0.5292923321051562,-0.5427778665783213,0.3927763859891001,3.6850576966735273,-1.3238274231989988,2.127348776168392
51.0,93.0,132.8105926513672,0.5552749203693194,1.4922197194672266,-3.9641992355283473,-3.2969747817178465,-0.5292923321051562,-0.5428365051730168,0.3933957327240017,3.685085133213431,-1.3238274231989988,2.127348776168392
51.0,93.0,132.8105926513672,0.5479144776321601,1.4915579630986455,-3.96419901846225,-3.2969854414152446,-0.5292976282388793,-0.5428297257456073,0.3933957327240017,3.684696699304813,-1.3239397152001575,2.127348776168392
51.0,93.0,132.8105926513672,0.5479144776321601,1.4917180815920423,-3.96419901846225,-3.296977405467084,-0.5290783856248166,-0.5428451007127787,0.4078671075538388,3.684729947759272,-1.3149373551806212,2.119795806528287
51.0,93.0,132.8105926513672,0.554926473485726,1.4917328436505235,-3.96417149036242,-3.296986628418256,-0.5290898578298671,-0.5473848209203639,0.3974935535372473,3.6846872961513513,-1.3230901035384477,2.125260112942743
51.0,93.0,132.95889282226562,0.5479144776321601,1.4855709177908496,-3.971457032188985,-3.29697490533239,-0.5292976282388793,-0.5475932631615869,0.3934913106283562,3.685114494687925,-1.4036848227861705,2.0116580365546595
51.0,93.0,132.98593139648438,0.0374761427733077,1.4858104425573486,-3.962775702865044,-3.2969721046328755,-0.5291390664406859,-0.5431062430587881,0.3952533332691959,3.68468213392166,-1.28599728382786,2.009642346054397
51.0,93.0,132.98593139648438,0.0371384193669161,1.4911253394910997,-3.964181834418606,-3.297008984941549,-0.5290967240558495,-0.5866357326459138,0.3936998387315754,3.685028146546248,-1.3228663893568011,2.013352480984973
51.0,93.0,132.98593139648438,0.0371384193669161,1.4859058378691905,-3.9642021653731088,-3.296985785039266,-0.5290949169745851,-0.5478956912245697,0.3937112219882769,3.681105975728876,-1.322581626111108,2.0095459604233854
51.0,93.0,132.98593139648438,0.0867431250198835,1.4857020579894658,-3.971550500604189,-3.29697102940683,-0.5290899469990628,-0.5475629861425312,0.3974935535372473,3.6810931853519415,-1.28599728382786,2.0095658447633835
51.0,93.0,132.98593139648438,0.0371384194119984,1.4825652483704788,-3.962775702865044,-3.2969725066865263,-0.5478542789834203,-0.5431582722298159,0.3952533332691959,3.68462908969447,-1.28599728382786,2.009640965757445
51.0,93.0,132.98593139648438,0.0371384451883757,1.4858052213035715,-3.9642021653731088,-3.296985686781307,-0.5290949169745851,-0.5476311908480183,0.393502617059244,3.681105975728876,-1.322581626111108,2.0095459604233854
51.0,93.0,132.98593139648438,0.0371401052074637,1.470008829317771,-3.96424987105934,-3.2969858725839214,-0.5288649243052802,-0.5478989660751448,0.3943130764624696,3.681177643785732,-1.3242964857366664,2.009642346054397
51.0,93.0,132.98593139648438,0.037164339627696,1.4855047801973913,-3.962775702865044,-3.2969725066865263,-0.5293646996296689,-0.5428305973843832,0.3952533332691959,3.68462908969447,-1.28599728382786,2.009558438016854
51.0,93.0,132.98593139648438,0.0834002227551446,1.491051376351794,-3.96417149036242,-3.296971016534773,-0.5290899469990628,-0.5475629861425312,0.3974935535372473,3.6810931853519415,-1.2864857439284385,2.0095658447633835
51.0,93.0,132.98593139648438,0.0371401238193619,1.492734749620772,-3.964181834418606,-3.296985917550605,-0.5290967240558495,-0.5866357326459138,0.3936998387315754,3.685028146546248,-1.3228663893568011,2.013352480984973
51.0,93.0,132.98593139648438,0.0374638677523558,1.485717486468599,-3.964241178552121,-3.2970111836238587,-0.5290999723402122,-0.5426811251964015,0.4068041019089384,3.684626062711392,-1.28599728382786,2.0037638802880946
51.0,93.0,132.98593139648438,0.0374827918283021,1.4911334357343344,-3.960397684158103,-3.2969737941306145,-0.5268028383703239,-0.5432422166414025,0.3973694138690218,3.68487129019496,-1.2863345842800031,2.013352480984973
51.0,93.0,132.98593139648438,0.0371384193664782,1.4542045636563976,-3.962775702865044,-3.2969707760777065,-0.5290781472825857,-0.5475629861425312,0.3952533332691959,3.68462908969447,-1.322399675622832,2.009642346054397
51.0,93.0,132.98593139648438,0.0867522273618159,1.4857020579894658,-3.971550500604189,-3.29697102940683,-0.5290899469990628,-0.5475629861425312,0.3973705361319274,3.6810931853519415,-1.2865753983328276,2.0095658447633835
51.0,93.0,132.98593139648438,0.0371401238193619,1.492734749620772,-3.964181834418606,-3.296985917550605,-0.5290967240558495,-0.5866357326459138,0.3936998387315754,3.685028146546248,-1.3228663893568011,2.013352480984973
51.0,93.0,132.98593139648438,0.0371345048348178,1.4206815916531197,-3.964200098117008,-3.296985686781307,-0.5293168668194204,-0.5476311908480183,0.3933045220621017,3.680922517597464,-1.3239533413689506,2.0095670952658624
51.0,93.0,132.98593139648438,0.0371384193669161,1.4826315977170668,-3.964256219358802,-3.296987522774117,-0.547763948274005,-0.5469728817478197,0.3936860199549615,3.6809266176215214,-1.322581626111108,2.009547207911622
51.0,93.0,132.98593139648438,0.0374761427733077,1.4858104425573486,-3.962775702865044,-3.2969721046328755,-0.5291390664406859,-0.5431062430587881,0.3952533332691959,3.68468213392166,-1.28599728382786,2.009642346054397
51.0,93.0,132.98593139648438,0.0371384193669161,1.4822423021205344,-3.964183390662338,-3.297009401784764,-0.5289947383864347,-0.5537992012862728,0.3937473982423572,3.68506886783768,-1.322581626111108,2.004032381855162
51.0,93.0,132.98593139648438,0.037164339627696,1.4855047801973913,-3.962775702865044,-3.2969725066865263,-0.5293646996296689,-0.5355120866097034,0.3952533332691959,3.68462908969447,-1.28599728382786,2.009558438016854
51.0,93.0,132.98593139648438,0.0371401238193619,1.4930822830592074,-3.964244555544224,-3.296985917550605,-0.5290967240558495,-0.5866357326459138,0.3936998387315754,3.685028146546248,-1.3228663893568011,2.013352480984973
51.0,93.0,132.98593139648438,0.0371401238193619,1.492734749620772,-3.962717783743069,-3.296985917550605,-0.5290967240558495,-0.5865416232645112,0.3936974415720402,3.684630558330921,-1.3228663893568011,2.013352480984973
51.0,93.0,132.98593139648438,0.0834002227551446,1.491051376351794,-3.96417149036242,-3.296971016534773,-0.5290899469990628,-0.5475629861425312,0.3974935535372473,3.6810931853519415,-1.2864857439284385,2.0095658447633835
51.0,93.0,132.98593139648438,0.0374638677523558,1.4858033904772503,-3.9642390536960432,-3.2970111836238587,-0.5290953839848281,-0.5844569306812417,0.3936949209383207,3.684552896065511,-1.3228495360708843,2.013791939701911
51.0,93.0,132.98593139648438,0.0374761427733077,1.4858104425573486,-3.962775702865044,-3.2969721046328755,-0.5291390664406859,-0.5431062430587881,0.3952533332691959,3.68468213392166,-1.28599728382786,2.009642346054397
51.0,93.0,132.98593139648438,0.0374638677523558,1.4853699530301636,-3.9641784574265047,-3.2970111836238587,-0.5290999723402122,-0.5426811251964015,0.4068041019089384,3.684626062711392,-1.28599728382786,2.0037638802880946
51.0,93.0,132.98593139648438,0.0863424755631033,1.4857074077999304,-3.971550500604189,-3.2969703063517377,-0.5290899469990628,-0.5478961551064492,0.3936299900459511,3.6810931853519415,-1.323302792981548,2.0095658447633835
51.0,93.0,132.98593139648438,0.0371402787067459,1.470008829317771,-3.964181852920337,-3.2969858725839214,-0.5288612260323543,-0.5478989660751448,0.3943130764624696,3.681177643785732,-1.3242964857366664,2.009642346054397
51.0,93.0,132.98593139648438,0.0371384193669161,1.4583921355270504,-3.964181834418606,-3.2969857045587028,-0.5289947816155961,-0.5475415708525867,0.3937202404303934,3.6851117217211815,-1.322581626111108,2.009547207911622
51.0,93.0,132.98593139648438,0.0371384194119984,1.4825652483704788,-3.964239753540581,-3.2969725066865263,-0.5478542789834203,-0.5432523816112186,0.3952557304287312,3.685026677909797,-1.28599728382786,2.009640965757445
51.0,93.0,132.98593139648438,0.037164339627696,1.490970114398286,-3.960573733242467,-3.2969725066865263,-0.5293646996296689,-0.5355120866097034,0.3952533332691959,3.6850354536490086,-1.28599728382786,2.009558438016854
51.0,93.0,132.98593139648438,0.0371384193669161,1.4826315977170668,-3.964256219358802,-3.296987522774117,-0.547763948274005,-0.5469728817478197,0.3936860199549615,3.6809266176215214,-1.322581626111108,2.009547207911622
51.0,93.0,132.98593139648438,0.0371379305541366,1.419888912611703,-3.9642000831609296,-3.296973737934728,-0.5292976282388793,-0.5476855195318692,0.3933665386653409,3.680868438027701,-1.3239638632947648,2.009457221291472
51.0,94.0,132.71798706054688,0.5464869515593413,1.4916429100247612,-3.96417728862352,-3.296974421841693,-0.5290983438047037,-0.542783248480857,0.4068444388110542,3.684702511219368,-1.28593090683649,2.1764849174072483
51.0,94.0,132.71798706054688,0.5464869515593413,1.4824202039732457,-3.9627833656592713,-3.296974394653729,-0.5478459716740526,-0.542783248480857,0.3951300686400932,3.684702511219368,-1.285998893089245,2.1764849174072483
51.0,94.0,132.71798706054688,0.5464869515593413,1.4916429100247612,-3.96417728862352,-3.296974421841693,-0.5284731434418938,-0.542783248480857,0.4068444388110542,3.684702511219368,-1.28593090683649,2.198259197556541
51.0,94.0,132.71798706054688,0.5464869515593413,1.4916429100247612,-3.96417728862352,-3.296974421841693,-0.5284731434418938,-0.542783248480857,0.4068444388110542,3.684702511219368,-1.28593090683649,2.198259197556541
51.0,94.0,132.71798706054688,0.5464869515593413,1.4916429100247612,-3.9641773354510335,-3.296974421841693,-0.5290983438047037,-0.54278417134723,0.4068444388110542,3.684702511219368,-1.285180194085847,2.1764849174072483
51.0,94.0,132.71798706054688,0.5464869515593413,1.4824202039732457,-3.9627833656592713,-3.296974394653729,-0.5478459716740526,-0.542783248480857,0.3951300686400932,3.684702511219368,-1.285998893089245,2.1764849174072483
51.0,94.0,132.7490997314453,0.5464869515593413,1.4916429100247612,-3.96417728862352,-3.296974421841693,-0.5701688111073522,-0.542783248480857,0.406824269401802,3.684702511219368,-1.28593090683649,2.1204508032109786
51.0,94.0,132.7490997314453,0.5464869515593413,1.4916429100247612,-3.96417728862352,-3.296974421841693,-0.5707940114701621,-0.542783248480857,0.406824269401802,3.684702511219368,-1.28593090683649,2.1204508032109786
51.0,94.0,132.8105926513672,0.5479144776321601,1.491718341097236,-3.96419901846225,-3.296974963022825,-0.5292976282388793,-0.542783248480857,0.3933665386653409,3.684702511219368,-1.3239638632947648,2.127348776168392
51.0,94.0,132.8105926513672,0.5479144776321601,1.4915579630986455,-3.96419901846225,-3.296974963022825,-0.5292976282388793,-0.5428297257456073,0.3933957327240017,3.685114494687925,-1.323936492377202,2.127348776168392
51.0,94.0,132.8105926513672,0.5479144776321601,1.491718341097236,-3.96419901846225,-3.297010768728029,-0.5290783856248166,-0.542783248480857,0.4072477608189371,3.684702511219368,-1.3240029432104496,2.119795806528287
51.0,94.0,132.8105926513672,0.5571883152300763,1.491718341097236,-3.96419901846225,-3.296985852904412,-0.5290783856248166,-0.542783248480857,0.4072477608189371,3.684702511219368,-1.3228179805671434,2.119795806528287
51.0,94.0,132.8105926513672,0.5479144776321601,1.4915579630986455,-3.9641992355283473,-3.2969747817178465,-0.5292923321051562,-0.5428397188102428,0.3933957327240017,3.685085133213431,-1.3238274231989988,2.127348776168392
51.0,94.0,132.8105926513672,0.5479144776321601,1.4854215330860383,-3.96419901846225,-3.297011602781187,-0.5290783856248166,-0.542783248480857,0.3937917207108105,3.684702511219368,-1.3240029432104496,2.119795806528287
51.0,94.0,132.8105926513672,0.5479144776321601,1.4915582226038395,-3.9641992355283473,-3.297008144978792,-0.5292923321051562,-0.5427778665783213,0.3927763859891001,3.6850576966735273,-1.3238274231989988,2.127348776168392
51.0,94.0,132.8105926513672,0.5552749203693194,1.4922197194672266,-3.9641992355283473,-3.2969747817178465,-0.5292923321051562,-0.5428365051730168,0.3933957327240017,3.685085133213431,-1.3238274231989988,2.127348776168392
51.0,94.0,132.8105926513672,0.5479144776321601,1.4915579630986455,-3.96419901846225,-3.2969854414152446,-0.5292976282388793,-0.5428297257456073,0.3933957327240017,3.684696699304813,-1.3239397152001575,2.127348776168392
51.0,94.0,132.8105926513672,0.5479144776321601,1.4917180815920423,-3.96419901846225,-3.296977405467084,-0.5290783856248166,-0.5428451007127787,0.4078671075538388,3.684729947759272,-1.3149373551806212,2.119795806528287
51.0,94.0,132.8105926513672,0.554926473485726,1.4917328436505235,-3.96417149036242,-3.296986628418256,-0.5290898578298671,-0.5473848209203639,0.3974935535372473,3.6846872961513513,-1.3230901035384477,2.125260112942743
51.0,94.0,132.8105926513672,0.5552749203693194,1.4922197194672266,-3.9641992355283473,-3.2969747817178465,-0.5292923321051562,-0.5428365051730168,0.3933957327240017,3.685085133213431,-1.3238274231989988,2.127348776168392
51.0,94.0,132.8105926513672,0.5479144776321601,1.4854215330860383,-3.96419901846225,-3.297013173022524,-0.5290783856248166,-0.5427830826548077,0.3937920907351685,3.684702511219368,-1.3240029432104496,2.119795806528287
51.0,94.0,132.8105926513672,0.5462773758694641,1.4922197194672266,-3.964178508599818,-3.2969747817178465,-0.5292923321051562,-0.5427889050128187,0.3933957327240017,3.6847188991624713,-1.3238274231989988,2.127348776168392
51.0,94.0,132.8105926513672,0.5479144776321601,1.4916979916522612,-3.96419901846225,-3.297010768728029,-0.5290783856248166,-0.5427529553326964,0.4072477608189371,3.684870316983824,-1.3240029432104496,2.119795806528287
51.0,94.0,132.8199462890625,0.5684101350310591,1.491718084239937,-3.96419901846225,-3.296974963022825,-0.5292976282388793,-0.542783248480857,0.3937729747229312,3.684702511219368,-1.3239638632947648,2.120032363077025
51.0,94.0,132.85293579101562,0.5571883152300763,1.4917183124413975,-3.96419901846225,-3.296985852904412,-0.5290783856248166,-0.4251421234456588,0.4078661020879818,3.684730196946679,-1.3149836060521167,2.119795806528287
51.0,94.0,132.9354705810547,0.5464869515593413,1.4824202039732457,-3.9627833656592713,-3.296974394653729,-0.5478459716740526,-0.4159117963658865,0.3951300686400932,3.684702511219368,-1.285998893089245,2.1764849174072483
51.0,94.0,132.95889282226562,0.5479144776321601,1.4855709177908496,-3.971457032188985,-3.29697490533239,-0.5292976282388793,-0.5475932631615869,0.3934913106283562,3.685114494687925,-1.4036848227861705,2.0116580365546595
51.0,94.0,132.95889282226562,0.5479144776321601,1.4855709177908496,-3.971457032188985,-3.29697490533239,-0.5292976282388793,-0.5475932631615869,0.3934913106283562,3.685114494687925,-1.4036848227861705,2.0116580365546595
51.0,94.0,132.98593139648438,0.0374761427733077,1.4858104425573486,-3.962775702865044,-3.2969721046328755,-0.5291390664406859,-0.5431062430587881,0.3952533332691959,3.68468213392166,-1.28599728382786,2.009642346054397
51.0,94.0,132.98593139648438,0.0371384193669161,1.4911253394910997,-3.964181834418606,-3.297008984941549,-0.5290967240558495,-0.5866357326459138,0.3936998387315754,3.685028146546248,-1.3228663893568011,2.013352480984973
51.0,94.0,132.98593139648438,0.0371384193669161,1.4859058378691905,-3.9642021653731088,-3.296985785039266,-0.5290949169745851,-0.5478956912245697,0.3937112219882769,3.681105975728876,-1.322581626111108,2.0095459604233854
51.0,94.0,132.98593139648438,0.0867431250198835,1.4857020579894658,-3.971550500604189,-3.29697102940683,-0.5290899469990628,-0.5475629861425312,0.3974935535372473,3.6810931853519415,-1.28599728382786,2.0095658447633835
51.0,94.0,132.98593139648438,0.0371384194119984,1.4825652483704788,-3.962775702865044,-3.2969725066865263,-0.5478542789834203,-0.5431582722298159,0.3952533332691959,3.68462908969447,-1.28599728382786,2.009640965757445
51.0,94.0,132.98593139648438,0.0371384451883757,1.4858052213035715,-3.9642021653731088,-3.296985686781307,-0.5290949169745851,-0.5476311908480183,0.393502617059244,3.681105975728876,-1.322581626111108,2.0095459604233854
51.0,94.0,132.98593139648438,0.0371401052074637,1.470008829317771,-3.96424987105934,-3.2969858725839214,-0.5288649243052802,-0.5478989660751448,0.3943130764624696,3.681177643785732,-1.3242964857366664,2.009642346054397
51.0,94.0,132.98593139648438,0.037164339627696,1.4855047801973913,-3.962775702865044,-3.2969725066865263,-0.5293646996296689,-0.5428305973843832,0.3952533332691959,3.68462908969447,-1.28599728382786,2.009558438016854
51.0,94.0,132.98593139648438,0.0834002227551446,1.491051376351794,-3.96417149036242,-3.296971016534773,-0.5290899469990628,-0.5475629861425312,0.3974935535372473,3.6810931853519415,-1.2864857439284385,2.0095658447633835
51.0,94.0,132.98593139648438,0.0371401238193619,1.492734749620772,-3.964181834418606,-3.296985917550605,-0.5290967240558495,-0.5866357326459138,0.3936998387315754,3.685028146546248,-1.3228663893568011,2.013352480984973
51.0,94.0,132.98593139648438,0.0374638677523558,1.485717486468599,-3.964241178552121,-3.2970111836238587,-0.5290999723402122,-0.5426811251964015,0.4068041019089384,3.684626062711392,-1.28599728382786,2.0037638802880946
51.0,94.0,132.98593139648438,0.0374827918283021,1.4911334357343344,-3.960397684158103,-3.2969737941306145,-0.5268028383703239,-0.5432422166414025,0.3973694138690218,3.68487129019496,-1.2863345842800031,2.013352480984973
51.0,94.0,132.98593139648438,0.0371384193664782,1.4542045636563976,-3.962775702865044,-3.2969707760777065,-0.5290781472825857,-0.5475629861425312,0.3952533332691959,3.68462908969447,-1.322399675622832,2.009642346054397
51.0,94.0,132.98593139648438,0.0867522273618159,1.4857020579894658,-3.971550500604189,-3.29697102940683,-0.5290899469990628,-0.5475629861425312,0.3973705361319274,3.6810931853519415,-1.2865753983328276,2.0095658447633835
51.0,94.0,132.98593139648438,0.0371401238193619,1.492734749620772,-3.964181834418606,-3.296985917550605,-0.5290967240558495,-0.5866357326459138,0.3936998387315754,3.685028146546248,-1.3228663893568011,2.013352480984973
51.0,94.0,132.98593139648438,0.0371345048348178,1.4206815916531197,-3.964200098117008,-3.296985686781307,-0.5293168668194204,-0.5476311908480183,0.3933045220621017,3.680922517597464,-1.3239533413689506,2.0095670952658624
51.0,94.0,132.98593139648438,0.0371384193669161,1.4826315977170668,-3.964256219358802,-3.296987522774117,-0.547763948274005,-0.5469728817478197,0.3936860199549615,3.6809266176215214,-1.322581626111108,2.009547207911622
51.0,94.0,132.98593139648438,0.0374761427733077,1.4858104425573486,-3.962775702865044,-3.2969721046328755,-0.5291390664406859,-0.5431062430587881,0.3952533332691959,3.68468213392166,-1.28599728382786,2.009642346054397
51.0,94.0,132.98593139648438,0.0371384193669161,1.4822423021205344,-3.964183390662338,-3.297009401784764,-0.5289947383864347,-0.5537992012862728,0.3937473982423572,3.68506886783768,-1.322581626111108,2.004032381855162
51.0,94.0,132.98593139648438,0.037164339627696,1.4855047801973913,-3.962775702865044,-3.2969725066865263,-0.5293646996296689,-0.5355120866097034,0.3952533332691959,3.68462908969447,-1.28599728382786,2.009558438016854
51.0,94.0,132.98593139648438,0.0371401238193619,1.4930822830592074,-3.964244555544224,-3.296985917550605,-0.5290967240558495,-0.5866357326459138,0.3936998387315754,3.685028146546248,-1.3228663893568011,2.013352480984973
51.0,94.0,132.98593139648438,0.0371401238193619,1.492734749620772,-3.962717783743069,-3.296985917550605,-0.5290967240558495,-0.5865416232645112,0.3936974415720402,3.684630558330921,-1.3228663893568011,2.013352480984973
51.0,95.0,132.71798706054688,0.5464869515593413,1.4916429100247612,-3.96417728862352,-3.296974421841693,-0.5290983438047037,-0.542783248480857,0.4068444388110542,3.684702511219368,-1.28593090683649,2.1764849174072483
51.0,95.0,132.71798706054688,0.5464869515593413,1.4824202039732457,-3.9627833656592713,-3.296974394653729,-0.5478459716740526,-0.542783248480857,0.3951300686400932,3.684702511219368,-1.285998893089245,2.1764849174072483
51.0,95.0,132.71798706054688,0.5464869515593413,1.4916429100247612,-3.96417728862352,-3.296974421841693,-0.5284731434418938,-0.542783248480857,0.4068444388110542,3.684702511219368,-1.28593090683649,2.198259197556541
51.0,95.0,132.71798706054688,0.5464869515593413,1.4916429100247612,-3.96417728862352,-3.296974421841693,-0.5284731434418938,-0.542783248480857,0.4068444388110542,3.684702511219368,-1.28593090683649,2.198259197556541
51.0,95.0,132.71798706054688,0.5464869515593413,1.4916429100247612,-3.9641773354510335,-3.296974421841693,-0.5290983438047037,-0.54278417134723,0.4068444388110542,3.684702511219368,-1.285180194085847,2.1764849174072483
51.0,95.0,132.71798706054688,0.5464869515593413,1.4824202039732457,-3.9627833656592713,-3.296974394653729,-0.5478459716740526,-0.542783248480857,0.3951300686400932,3.684702511219368,-1.285998893089245,2.1764849174072483
51.0,95.0,132.71798706054688,0.5464869515593413,1.4824202039732457,-3.964169549685253,-3.296974394653729,-0.5478459716740526,-0.542783248480857,0.3951300686400932,3.684702511219368,-1.285998893089245,2.1764849174072483
51.0,95.0,132.71798706054688,0.5464804213346636,1.4821670627650685,-3.9628466015140353,-3.296974394653729,-0.5292615770913938,-0.5427829781200953,0.3933436265023748,3.684718757319974,-1.285368935192376,2.1764849174072483
51.0,95.0,132.71798706054688,0.5464869515593413,1.4916429100247612,-3.9627911045975375,-3.296974421841693,-0.5290983438047037,-0.542783248480857,0.4068444388110542,3.684702511219368,-1.28593090683649,2.1764849174072483
51.0,95.0,132.71798706054688,0.5464869515593413,1.4916429100247612,-3.964199330271016,-3.2969769474339143,-0.5290983438047037,-0.5427832480899801,0.4068444388110542,3.684702511219368,-1.285180194085847,2.1764849174072483
51.0,95.0,132.71798706054688,0.547931734535194,1.4916444308759993,-3.96417728862352,-3.296974446136193,-0.5284731434418938,-0.542783248480857,0.4068444388110542,3.684702511219368,-1.28593090683649,2.2013287184102244
51.0,95.0,132.71798706054688,0.5464869515593413,1.4821482334196323,-3.9627833656592713,-3.296974420163529,-0.5293050586164001,-0.542783248480857,0.4069286292184919,3.684702511219368,-1.285998893089245,2.177621474870984
51.0,95.0,132.71798706054688,0.5464869515593413,1.4916429100247612,-3.96417728862352,-3.296974421841693,-0.5284731434418938,-0.542783248480857,0.4068444388110542,3.684702511219368,-1.28593090683649,2.198397031042577
51.0,95.0,132.7490997314453,0.5464869515593413,1.4916429100247612,-3.96417728862352,-3.296974421841693,-0.5701688111073522,-0.542783248480857,0.406824269401802,3.684702511219368,-1.28593090683649,2.1204508032109786
51.0,95.0,132.7490997314453,0.5464869515593413,1.4916429100247612,-3.96417728862352,-3.296974421841693,-0.5707940114701621,-0.542783248480857,0.406824269401802,3.684702511219368,-1.28593090683649,2.1204508032109786
51.0,95.0,132.7490997314453,0.5479144776321601,1.4930485605365122,-3.964244584318658,-3.296977405467084,-0.5290962705908219,-0.5875501763147023,0.4078671075538388,3.684729947759272,-1.3149373551806212,2.119795806528287
51.0,95.0,132.8105926513672,0.5479144776321601,1.491718341097236,-3.96419901846225,-3.296974963022825,-0.5292976282388793,-0.542783248480857,0.3933665386653409,3.684702511219368,-1.3239638632947648,2.127348776168392
51.0,95.0,132.8105926513672,0.5479144776321601,1.4915579630986455,-3.96419901846225,-3.296974963022825,-0.5292976282388793,-0.5428297257456073,0.3933957327240017,3.685114494687925,-1.323936492377202,2.127348776168392
51.0,95.0,132.8105926513672,0.5479144776321601,1.491718341097236,-3.96419901846225,-3.297010768728029,-0.5290783856248166,-0.542783248480857,0.4072477608189371,3.684702511219368,-1.3240029432104496,2.119795806528287
51.0,95.0,132.8105926513672,0.5571883152300763,1.491718341097236,-3.96419901846225,-3.296985852904412,-0.5290783856248166,-0.542783248480857,0.4072477608189371,3.684702511219368,-1.3228179805671434,2.119795806528287
51.0,95.0,132.8105926513672,0.5479144776321601,1.4915579630986455,-3.9641992355283473,-3.2969747817178465,-0.5292923321051562,-0.5428397188102428,0.3933957327240017,3.685085133213431,-1.3238274231989988,2.127348776168392
51.0,95.0,132.8105926513672,0.5479144776321601,1.4854215330860383,-3.96419901846225,-3.297011602781187,-0.5290783856248166,-0.542783248480857,0.3937917207108105,3.684702511219368,-1.3240029432104496,2.119795806528287
51.0,95.0,132.8105926513672,0.5479144776321601,1.4915582226038395,-3.9641992355283473,-3.297008144978792,-0.5292923321051562,-0.5427778665783213,0.3927763859891001,3.6850576966735273,-1.3238274231989988,2.127348776168392
51.0,95.0,132.8105926513672,0.5552749203693194,1.4922197194672266,-3.9641992355283473,-3.2969747817178465,-0.5292923321051562,-0.5428365051730168,0.3933957327240017,3.685085133213431,-1.3238274231989988,2.127348776168392
51.0,95.0,132.8105926513672,0.5479144776321601,1.4915579630986455,-3.96419901846225,-3.2969854414152446,-0.5292976282388793,-0.5428297257456073,0.3933957327240017,3.684696699304813,-1.3239397152001575,2.127348776168392
51.0,95.0,132.8105926513672,0.5479144776321601,1.4917180815920423,-3.96419901846225,-3.296977405467084,-0.5290783856248166,-0.5428451007127787,0.4078671075538388,3.684729947759272,-1.3149373551806212,2.119795806528287
51.0,95.0,132.8105926513672,0.554926473485726,1.4917328436505235,-3.96417149036242,-3.296986628418256,-0.5290898578298671,-0.5473848209203639,0.3974935535372473,3.6846872961513513,-1.3230901035384477,2.125260112942743
51.0,95.0,132.8105926513672,0.5552749203693194,1.4922197194672266,-3.9641992355283473,-3.2969747817178465,-0.5292923321051562,-0.5428365051730168,0.3933957327240017,3.685085133213431,-1.3238274231989988,2.127348776168392
51.0,95.0,132.8105926513672,0.5479144776321601,1.4854215330860383,-3.96419901846225,-3.297013173022524,-0.5290783856248166,-0.5427830826548077,0.3937920907351685,3.684702511219368,-1.3240029432104496,2.119795806528287
51.0,95.0,132.8105926513672,0.5462773758694641,1.4922197194672266,-3.964178508599818,-3.2969747817178465,-0.5292923321051562,-0.5427889050128187,0.3933957327240017,3.6847188991624713,-1.3238274231989988,2.127348776168392
51.0,95.0,132.8105926513672,0.5479144776321601,1.4916979916522612,-3.96419901846225,-3.297010768728029,-0.5290783856248166,-0.5427529553326964,0.4072477608189371,3.684870316983824,-1.3240029432104496,2.119795806528287
51.0,95.0,132.8105926513672,0.5479144776321601,1.4854215330860383,-3.964177023642269,-3.2970090771889664,-0.5290783856248166,-0.542784171738107,0.3937917207108105,3.684702511219368,-1.3240029432104496,2.119795806528287
51.0,95.0,132.8105926513672,0.5552749203693194,1.4917243572732792,-3.964199236576709,-3.2969747817178465,-0.529280609183773,-0.5428386201181264,0.3936912748092929,3.684711547929417,-1.3238274231989988,2.119857190595193
51.0,95.0,132.8105926513672,0.5479144776321601,1.4910725768034003,-3.96419901846225,-3.297011490990404,-0.5292955623623333,-0.5427830826548077,0.3937920907351685,3.684702511219368,-1.3240029432104496,2.119795806528287
51.0,95.0,132.8105926513672,0.5479306423761549,1.4915317966939237,-3.9641992355283473,-3.297010250246189,-0.5292923321051562,-0.5428365051730168,0.3927828281068236,3.685056649776996,-1.3238274231989988,2.127348776168392
51.0,95.0,132.8105926513672,0.5479144776321601,1.4915579630986455,-3.9642108061887393,-3.296974905977644,-0.5292976282388793,-0.5475435070991196,0.3934935516360596,3.685114494687925,-1.323936492377202,2.127348776168392
51.0,95.0,132.8105926513672,0.5479144776321601,1.4915579630986455,-3.96419901846225,-3.2970094860458468,-0.5292976282388793,-0.5427832164143852,0.39354633998381,3.684702551641242,-1.3239397152001575,2.120021402974228
51.0,95.0,132.8105926513672,0.5479144776321601,1.491718341097236,-3.96419901846225,-3.296974963022825,-0.5292976282388793,-0.542783248480857,0.3933665386653409,3.684702511219368,-1.3239638632947648,2.127348776168392
51.0,95.0,132.8105926513672,0.5551521458031198,1.4921931557664538,-3.9641992355283473,-3.2969748332798536,-0.5292849143059051,-0.5428365051730168,0.3933957327240017,3.684730035890975,-1.3238274231989988,2.127348776168392
51.0,95.0,132.8105926513672,0.5552587556253245,1.4922461453771427,-3.9641992355283473,-3.296972676450449,-0.5292923321051562,-0.5427778665783213,0.3933892906062782,3.6850861801099626,-1.3238274231989988,2.127348776168392
51.0,95.0,132.8105926513672,0.5535013874465511,1.4854215330860383,-3.964199107541032,-3.297011602781187,-0.529095591544212,-0.542783248480857,0.3937118310384739,3.68112353436374,-1.3240029432104496,2.119795806528287
51.0,95.0,132.8105926513672,0.5462839060941419,1.492472860675404,-3.964115272745054,-3.2969747817178465,-0.5478767266878151,-0.5427891753735804,0.3951821748617202,3.6847026530618656,-1.3244573810958675,2.127348776168392
51.0,95.0,132.81674194335938,0.5464869515593413,1.4824202039732457,-3.96280072052515,-3.29697447498077,-0.5478459716740526,-0.4159117963658865,0.3951300686400932,3.684702511219368,-1.285998893089245,1.9973791345680585
51.0,95.0,132.8199462890625,0.5684101350310591,1.491718084239937,-3.96419901846225,-3.296974963022825,-0.5292976282388793,-0.542783248480857,0.3937729747229312,3.684702511219368,-1.3239638632947648,2.120032363077025
51.0,95.0,132.85293579101562,0.5571883152300763,1.4917183124413975,-3.96419901846225,-3.296985852904412,-0.5290783856248166,-0.4251421234456588,0.4078661020879818,3.684730196946679,-1.3149836060521167,2.119795806528287
51.0,95.0,132.9354705810547,0.5464869515593413,1.4824202039732457,-3.9627833656592713,-3.296974394653729,-0.5478459716740526,-0.4159117963658865,0.3951300686400932,3.684702511219368,-1.285998893089245,2.1764849174072483
51.0,95.0,132.95889282226562,0.5479144776321601,1.4855709177908496,-3.971457032188985,-3.29697490533239,-0.5292976282388793,-0.5475932631615869,0.3934913106283562,3.685114494687925,-1.4036848227861705,2.0116580365546595
51.0,95.0,132.95889282226562,0.5479144776321601,1.4855709177908496,-3.971457032188985,-3.29697490533239,-0.5292976282388793,-0.5475932631615869,0.3934913106283562,3.685114494687925,-1.4036848227861705,2.0116580365546595
51.0,95.0,132.98593139648438,0.0374761427733077,1.4858104425573486,-3.962775702865044,-3.2969721046328755,-0.5291390664406859,-0.5431062430587881,0.3952533332691959,3.68468213392166,-1.28599728382786,2.009642346054397
51.0,95.0,132.98593139648438,0.0371384193669161,1.4911253394910997,-3.964181834418606,-3.297008984941549,-0.5290967240558495,-0.5866357326459138,0.3936998387315754,3.685028146546248,-1.3228663893568011,2.013352480984973
51.0,96.0,132.71798706054688,0.5464869515593413,1.4916429100247612,-3.96417728862352,-3.296974421841693,-0.5290983438047037,-0.542783248480857,0.4068444388110542,3.684702511219368,-1.28593090683649,2.1764849174072483
51.0,96.0,132.71798706054688,0.5464869515593413,1.4824202039732457,-3.9627833656592713,-3.296974394653729,-0.5478459716740526,-0.542783248480857,0.3951300686400932,3.684702511219368,-1.285998893089245,2.1764849174072483
51.0,96.0,132.71798706054688,0.5464869515593413,1.4916429100247612,-3.96417728862352,-3.296974421841693,-0.5284731434418938,-0.542783248480857,0.4068444388110542,3.684702511219368,-1.28593090683649,2.198259197556541
51.0,96.0,132.71798706054688,0.5464869515593413,1.4916429100247612,-3.96417728862352,-3.296974421841693,-0.5284731434418938,-0.542783248480857,0.4068444388110542,3.684702511219368,-1.28593090683649,2.198259197556541
51.0,96.0,132.71798706054688,0.5464869515593413,1.4916429100247612,-3.9641773354510335,-3.296974421841693,-0.5290983438047037,-0.54278417134723,0.4068444388110542,3.684702511219368,-1.285180194085847,2.1764849174072483
51.0,96.0,132.71798706054688,0.5464869515593413,1.4824202039732457,-3.9627833656592713,-3.296974394653729,-0.5478459716740526,-0.542783248480857,0.3951300686400932,3.684702511219368,-1.285998893089245,2.1764849174072483
51.0,96.0,132.71798706054688,0.5464869515593413,1.4824202039732457,-3.964169549685253,-3.296974394653729,-0.5478459716740526,-0.542783248480857,0.3951300686400932,3.684702511219368,-1.285998893089245,2.1764849174072483
51.0,96.0,132.71798706054688,0.5464804213346636,1.4821670627650685,-3.9628466015140353,-3.296974394653729,-0.5292615770913938,-0.5427829781200953,0.3933436265023748,3.684718757319974,-1.285368935192376,2.1764849174072483
51.0,96.0,132.71798706054688,0.5464869515593413,1.4916429100247612,-3.9627911045975375,-3.296974421841693,-0.5290983438047037,-0.542783248480857,0.4068444388110542,3.684702511219368,-1.28593090683649,2.1764849174072483
51.0,96.0,132.71798706054688,0.5464869515593413,1.4916429100247612,-3.964199330271016,-3.2969769474339143,-0.5290983438047037,-0.5427832480899801,0.4068444388110542,3.684702511219368,-1.285180194085847,2.1764849174072483
51.0,96.0,132.71798706054688,0.547931734535194,1.4916444308759993,-3.96417728862352,-3.296974446136193,-0.5284731434418938,-0.542783248480857,0.4068444388110542,3.684702511219368,-1.28593090683649,2.2013287184102244
51.0,96.0,132.71798706054688,0.5464869515593413,1.4821482334196323,-3.9627833656592713,-3.296974420163529,-0.5293050586164001,-0.542783248480857,0.4069286292184919,3.684702511219368,-1.285998893089245,2.177621474870984
51.0,96.0,132.71798706054688,0.5464869515593413,1.4916429100247612,-3.96417728862352,-3.296974421841693,-0.5284731434418938,-0.542783248480857,0.4068444388110542,3.684702511219368,-1.28593090683649,2.198397031042577
51.0,96.0,132.71798706054688,0.5464869515593413,1.482517788547935,-3.9627833656592713,-3.296974394653729,-0.5478459716740526,-0.542783248480857,0.3951300686400932,3.684702511219368,-1.2859984911198656,2.1764849174072483
51.0,96.0,132.71798706054688,0.5249919541185539,1.4852648654330431,-3.96417728862352,-3.296974421841693,-0.5284731434418938,-0.542783248480857,0.4068444388110542,3.684702511219368,-1.28593090683649,2.119662785743861
51.0,96.0,132.71798706054688,0.5464869515593413,1.4926515550780606,-3.96417733296261,-3.296974422047335,-0.5478459716740526,-0.542783248480857,0.4062829533335189,3.684702511219368,-1.2860005643369217,2.1764849174072483
51.0,96.0,132.71798706054688,0.5479174483400886,1.4824202039732457,-3.962773388871248,-3.296974394653729,-0.5478459716740526,-0.5427807309650935,0.3951300686400932,3.6850822975933206,-1.2879656341795476,2.1764849174072483
51.0,96.0,132.71798706054688,0.5555038926905743,1.4916429100247612,-3.9627911045975375,-3.296974430799972,-0.5290983438047037,-0.5427812922670958,0.4068511671469733,3.684702511219368,-1.285841691063858,2.173419172880881
51.0,96.0,132.71798706054688,0.5464869515593413,1.493389353693331,-3.96275441502908,-3.296974396559823,-0.5478459716740526,-0.5427728854968716,0.4080809198555752,3.684702511219368,-1.287280901606028,2.175536169990851
51.0,96.0,132.71798706054688,0.5464869515593413,1.4916429100247612,-3.96417728862352,-3.296974421841693,-0.5290983438047037,-0.542783248480857,0.4068444388110542,3.684702511219368,-1.28593090683649,2.176808998608992
51.0,96.0,132.71798706054688,0.5464804213346636,1.4821670627650685,-3.9628466015140353,-3.296974394653729,-0.5292615770913938,-0.5427829781200953,0.3933436265023748,3.684718757319974,-1.285368935192376,2.1764849174072483
51.0,96.0,132.728515625,0.554260907269098,1.4928502138812247,-3.964244584318658,-3.296977405467084,-0.5290955773180717,-0.5875501763147023,0.3941304758557007,3.586397604442488,-1.315041743982914,2.119795806528287
51.0,96.0,132.7490997314453,0.5464869515593413,1.4916429100247612,-3.96417728862352,-3.296974421841693,-0.5701688111073522,-0.542783248480857,0.406824269401802,3.684702511219368,-1.28593090683649,2.1204508032109786
51.0,96.0,132.7490997314453,0.5464869515593413,1.4916429100247612,-3.96417728862352,-3.296974421841693,-0.5707940114701621,-0.542783248480857,0.406824269401802,3.684702511219368,-1.28593090683649,2.1204508032109786
51.0,96.0,132.7490997314453,0.5479144776321601,1.4930485605365122,-3.964244584318658,-3.296977405467084,-0.5290962705908219,-0.5875501763147023,0.4078671075538388,3.684729947759272,-1.3149373551806212,2.119795806528287
51.0,96.0,132.7490997314453,0.5464515475334977,1.491556583995118,-3.9642108061887393,-3.296974905977644,-0.5290995884062778,-0.5473420264234472,0.3934935516360596,3.685114494687925,-1.286053206053479,2.127348776168392
51.0,96.0,132.7490997314453,0.5464869515593413,1.4915453254500717,-3.96417728862352,-3.296974421841693,-0.5707940114701621,-0.542783248480857,0.406824269401802,3.684702511219368,-1.2859313088058693,2.1204508032109786
51.0,96.0,132.8105926513672,0.5479144776321601,1.491718341097236,-3.96419901846225,-3.296974963022825,-0.5292976282388793,-0.542783248480857,0.3933665386653409,3.684702511219368,-1.3239638632947648,2.127348776168392
51.0,96.0,132.8105926513672,0.5479144776321601,1.4915579630986455,-3.96419901846225,-3.296974963022825,-0.5292976282388793,-0.5428297257456073,0.3933957327240017,3.685114494687925,-1.323936492377202,2.127348776168392
51.0,96.0,132.8105926513672,0.5479144776321601,1.491718341097236,-3.96419901846225,-3.297010768728029,-0.5290783856248166,-0.542783248480857,0.4072477608189371,3.684702511219368,-1.3240029432104496,2.119795806528287
51.0,96.0,132.8105926513672,0.5571883152300763,1.491718341097236,-3.96419901846225,-3.296985852904412,-0.5290783856248166,-0.542783248480857,0.4072477608189371,3.684702511219368,-1.3228179805671434,2.119795806528287
51.0,96.0,132.8105926513672,0.5479144776321601,1.4915579630986455,-3.9641992355283473,-3.2969747817178465,-0.5292923321051562,-0.5428397188102428,0.3933957327240017,3.685085133213431,-1.3238274231989988,2.127348776168392
51.0,96.0,132.8105926513672,0.5479144776321601,1.4854215330860383,-3.96419901846225,-3.297011602781187,-0.5290783856248166,-0.542783248480857,0.3937917207108105,3.684702511219368,-1.3240029432104496,2.119795806528287
51.0,96.0,132.8105926513672,0.5479144776321601,1.4915582226038395,-3.9641992355283473,-3.297008144978792,-0.5292923321051562,-0.5427778665783213,0.3927763859891001,3.6850576966735273,-1.3238274231989988,2.127348776168392
51.0,96.0,132.8105926513672,0.5552749203693194,1.4922197194672266,-3.9641992355283473,-3.2969747817178465,-0.5292923321051562,-0.5428365051730168,0.3933957327240017,3.685085133213431,-1.3238274231989988,2.127348776168392
51.0,96.0,132.8105926513672,0.5479144776321601,1.4915579630986455,-3.96419901846225,-3.2969854414152446,-0.5292976282388793,-0.5428297257456073,0.3933957327240017,3.684696699304813,-1.3239397152001575,2.127348776168392
51.0,96.0,132.8105926513672,0.5479144776321601,1.4917180815920423,-3.96419901846225,-3.296977405467084,-0.5290783856248166,-0.5428451007127787,0.4078671075538388,3.684729947759272,-1.3149373551806212,2.119795806528287
51.0,96.0,132.8105926513672,0.554926473485726,1.4917328436505235,-3.96417149036242,-3.296986628418256,-0.5290898578298671,-0.5473848209203639,0.3974935535372473,3.6846872961513513,-1.3230901035384477,2.125260112942743
51.0,96.0,132.8105926513672,0.5552749203693194,1.4922197194672266,-3.9641992355283473,-3.2969747817178465,-0.5292923321051562,-0.5428365051730168,0.3933957327240017,3.685085133213431,-1.3238274231989988,2.127348776168392
51.0,96.0,132.8105926513672,0.5479144776321601,1.4854215330860383,-3.96419901846225,-3.297013173022524,-0.5290783856248166,-0.5427830826548077,0.3937920907351685,3.684702511219368,-1.3240029432104496,2.119795806528287
51.0,96.0,132.8105926513672,0.5462773758694641,1.4922197194672266,-3.964178508599818,-3.2969747817178465,-0.5292923321051562,-0.5427889050128187,0.3933957327240017,3.6847188991624713,-1.3238274231989988,2.127348776168392
51.0,96.0,132.8105926513672,0.5479144776321601,1.4916979916522612,-3.96419901846225,-3.297010768728029,-0.5290783856248166,-0.5427529553326964,0.4072477608189371,3.684870316983824,-1.3240029432104496,2.119795806528287
51.0,96.0,132.8105926513672,0.5479144776321601,1.4854215330860383,-3.964177023642269,-3.2970090771889664,-0.5290783856248166,-0.542784171738107,0.3937917207108105,3.684702511219368,-1.3240029432104496,2.119795806528287
51.0,96.0,132.8105926513672,0.5552749203693194,1.4917243572732792,-3.964199236576709,-3.2969747817178465,-0.529280609183773,-0.5428386201181264,0.3936912748092929,3.684711547929417,-1.3238274231989988,2.119857190595193
51.0,96.0,132.8105926513672,0.5479144776321601,1.4910725768034003,-3.96419901846225,-3.297011490990404,-0.5292955623623333,-0.5427830826548077,0.3937920907351685,3.684702511219368,-1.3240029432104496,2.119795806528287
51.0,96.0,132.8105926513672,0.5479306423761549,1.4915317966939237,-3.9641992355283473,-3.297010250246189,-0.5292923321051562,-0.5428365051730168,0.3927828281068236,3.685056649776996,-1.3238274231989988,2.127348776168392
51.0,96.0,132.8105926513672,0.5479144776321601,1.4915579630986455,-3.9642108061887393,-3.296974905977644,-0.5292976282388793,-0.5475435070991196,0.3934935516360596,3.685114494687925,-1.323936492377202,2.127348776168392
51.0,96.0,132.8105926513672,0.5479144776321601,1.4915579630986455,-3.96419901846225,-3.2970094860458468,-0.5292976282388793,-0.5427832164143852,0.39354633998381,3.684702551641242,-1.3239397152001575,2.120021402974228
51.0,96.0,132.8105926513672,0.5479144776321601,1.491718341097236,-3.96419901846225,-3.296974963022825,-0.5292976282388793,-0.542783248480857,0.3933665386653409,3.684702511219368,-1.3239638632947648,2.127348776168392
51.0,96.0,132.8105926513672,0.5551521458031198,1.4921931557664538,-3.9641992355283473,-3.2969748332798536,-0.5292849143059051,-0.5428365051730168,0.3933957327240017,3.684730035890975,-1.3238274231989988,2.127348776168392
51.0,97.0,132.71798706054688,0.5464869515593413,1.4916429100247612,-3.96417728862352,-3.296974421841693,-0.5290983438047037,-0.542783248480857,0.4068444388110542,3.684702511219368,-1.28593090683649,2.1764849174072483
51.0,97.0,132.71798706054688,0.5464869515593413,1.4824202039732457,-3.9627833656592713,-3.296974394653729,-0.5478459716740526,-0.542783248480857,0.3951300686400932,3.684702511219368,-1.285998893089245,2.1764849174072483
51.0,97.0,132.71798706054688,0.5464869515593413,1.4916429100247612,-3.96417728862352,-3.296974421841693,-0.5284731434418938,-0.542783248480857,0.4068444388110542,3.684702511219368,-1.28593090683649,2.198259197556541
51.0,97.0,132.71798706054688,0.5464869515593413,1.4916429100247612,-3.96417728862352,-3.296974421841693,-0.5284731434418938,-0.542783248480857,0.4068444388110542,3.684702511219368,-1.28593090683649,2.198259197556541
51.0,97.0,132.71798706054688,0.5464869515593413,1.4916429100247612,-3.9641773354510335,-3.296974421841693,-0.5290983438047037,-0.54278417134723,0.4068444388110542,3.684702511219368,-1.285180194085847,2.1764849174072483
51.0,97.0,132.71798706054688,0.5464869515593413,1.4824202039732457,-3.9627833656592713,-3.296974394653729,-0.5478459716740526,-0.542783248480857,0.3951300686400932,3.684702511219368,-1.285998893089245,2.1764849174072483
51.0,97.0,132.71798706054688,0.5464869515593413,1.4824202039732457,-3.964169549685253,-3.296974394653729,-0.5478459716740526,-0.542783248480857,0.3951300686400932,3.684702511219368,-1.285998893089245,2.1764849174072483
51.0,97.0,132.71798706054688,0.5464804213346636,1.4821670627650685,-3.9628466015140353,-3.296974394653729,-0.5292615770913938,-0.5427829781200953,0.3933436265023748,3.684718757319974,-1.285368935192376,2.1764849174072483
51.0,97.0,132.71798706054688,0.5464869515593413,1.4916429100247612,-3.9627911045975375,-3.296974421841693,-0.5290983438047037,-0.542783248480857,0.4068444388110542,3.684702511219368,-1.28593090683649,2.1764849174072483
51.0,97.0,132.71798706054688,0.5464869515593413,1.4916429100247612,-3.964199330271016,-3.2969769474339143,-0.5290983438047037,-0.5427832480899801,0.4068444388110542,3.684702511219368,-1.285180194085847,2.1764849174072483
51.0,97.0,132.71798706054688,0.547931734535194,1.4916444308759993,-3.96417728862352,-3.296974446136193,-0.5284731434418938,-0.542783248480857,0.4068444388110542,3.684702511219368,-1.28593090683649,2.2013287184102244
51.0,97.0,132.71798706054688,0.5464869515593413,1.4821482334196323,-3.9627833656592713,-3.296974420163529,-0.5293050586164001,-0.542783248480857,0.4069286292184919,3.684702511219368,-1.285998893089245,2.177621474870984
51.0,97.0,132.71798706054688,0.5464869515593413,1.4916429100247612,-3.96417728862352,-3.296974421841693,-0.5284731434418938,-0.542783248480857,0.4068444388110542,3.684702511219368,-1.28593090683649,2.198397031042577
51.0,97.0,132.71798706054688,0.5464869515593413,1.482517788547935,-3.9627833656592713,-3.296974394653729,-0.5478459716740526,-0.542783248480857,0.3951300686400932,3.684702511219368,-1.2859984911198656,2.1764849174072483
51.0,97.0,132.71798706054688,0.5249919541185539,1.4852648654330431,-3.96417728862352,-3.296974421841693,-0.5284731434418938,-0.542783248480857,0.4068444388110542,3.684702511219368,-1.28593090683649,2.119662785743861
51.0,97.0,132.71798706054688,0.5464869515593413,1.4926515550780606,-3.96417733296261,-3.296974422047335,-0.5478459716740526,-0.542783248480857,0.4062829533335189,3.684702511219368,-1.2860005643369217,2.1764849174072483
51.0,97.0,132.71798706054688,0.5479174483400886,1.4824202039732457,-3.962773388871248,-3.296974394653729,-0.5478459716740526,-0.5427807309650935,0.3951300686400932,3.6850822975933206,-1.2879656341795476,2.1764849174072483
51.0,97.0,132.71798706054688,0.5555038926905743,1.4916429100247612,-3.9627911045975375,-3.296974430799972,-0.5290983438047037,-0.5427812922670958,0.4068511671469733,3.684702511219368,-1.285841691063858,2.173419172880881
51.0,97.0,132.71798706054688,0.5464869515593413,1.493389353693331,-3.96275441502908,-3.296974396559823,-0.5478459716740526,-0.5427728854968716,0.4080809198555752,3.684702511219368,-1.287280901606028,2.175536169990851
51.0,97.0,132.71798706054688,0.5464869515593413,1.4916429100247612,-3.96417728862352,-3.296974421841693,-0.5290983438047037,-0.542783248480857,0.4068444388110542,3.684702511219368,-1.28593090683649,2.176808998608992
51.0,97.0,132.71798706054688,0.5464804213346636,1.4821670627650685,-3.9628466015140353,-3.296974394653729,-0.5292615770913938,-0.5427829781200953,0.3933436265023748,3.684718757319974,-1.285368935192376,2.1764849174072483
51.0,97.0,132.71798706054688,0.5464804213346636,1.4908755293146785,-3.9628466015140353,-3.2969743948758885,-0.5292615770913938,-0.5427829781200953,0.4067891014101087,3.684718757319974,-1.2854231914860446,2.1764849174072483
51.0,97.0,132.71798706054688,0.5464869515593413,1.4937399316679838,-3.96417728862352,-3.296974421841693,-0.5284731434418938,-0.542783430553486,0.406916770480708,3.684702511219368,-1.28593090683649,2.198397031042577
51.0,97.0,132.71798706054688,0.555588600226788,1.4916429100247612,-3.962812620575576,-3.296974430799972,-0.5290983438047037,-0.5427832557228865,0.4068511671469733,3.684702511219368,-1.2858435195914035,2.173419172880881
51.0,97.0,132.71798706054688,0.5464804520427826,1.4918562493307657,-3.9628466015140353,-3.296974394653729,-0.5297995249270828,-0.5427832253379675,0.4066153596996837,3.6847188134652495,-1.285368935192376,2.1764849174072483
51.0,97.0,132.71798706054688,0.5464739265169358,1.4930584408114576,-3.964176282333258,-3.296974422047335,-0.5478459716740526,-0.542783248480857,0.4062829533335189,3.684702511219368,-1.2860005643369217,2.1764849174072483
51.0,97.0,132.71798706054688,0.5246306337557037,1.4824202039732457,-3.964190347889461,-3.296974421436887,-0.5478772116175262,-0.5427832209792938,0.3951300686400932,3.6850822975933206,-1.2879656341795476,2.1764849174072483
51.0,97.0,132.71798706054688,0.5464869515593413,1.4933767745916673,-3.96275441502908,-3.296974396559823,-0.5478459716740526,-0.5427727034242427,0.4080085881859213,3.684702511219368,-1.287280901606028,2.175536169990851
51.0,97.0,132.71798706054688,0.547995603061732,1.4917164894192332,-3.9641752382129662,-3.2969744089054585,-0.5296317975413513,-0.542783248480857,0.406824269401802,3.684702511219368,-1.288076596590648,2.1204508032109786
51.0,97.0,132.71798706054688,0.5479034268816786,1.491723582000695,-3.964199330271016,-3.296975784310652,-0.5290983438047037,-0.5427832480899801,0.4072537916913318,3.684702511219368,-1.283928513443087,2.1764849174072483
51.0,97.0,132.71798706054688,0.5464804213346636,1.482206488134251,-3.9628466015140353,-3.296973943037464,-0.5292615770913938,-0.5427832519342233,0.3933436265023748,3.6847020479311694,-1.285368935192376,2.1764849174072483
51.0,97.0,132.71798706054688,0.5464869515593413,1.485049435424452,-3.96284822819681,-3.296974394653729,-0.529628498782558,-0.5427829630008233,0.3951300686400932,3.684719548658677,-1.2859970402012424,2.1764849174072483
51.0,97.0,132.71798706054688,0.5464869515593413,1.4933272398349635,-3.96281587487419,-3.296974396559823,-0.5478459716740526,-0.5427725702548942,0.4080809198555752,3.684702511219368,-1.287280901606028,2.176461940832401
51.0,97.0,132.71798706054688,0.547931734535194,1.4916444308759993,-3.96417728862352,-3.296974422904934,-0.5284731434418938,-0.542783248480857,0.4068444388110542,3.684702511219368,-1.28593090683649,2.19910929935755
51.0,97.0,132.71798706054688,0.5482787687029388,1.4852648654330431,-3.9627603296053056,-3.296974395058535,-0.5284419034984201,-0.5427807584666569,0.4068444388110542,3.684702511219368,-1.28593090683649,2.119662785743861
51.0,97.0,132.71798706054688,0.5464869515593413,1.4824202039732457,-3.9627833656592713,-3.296974394653729,-0.5478459716740526,-0.542783248480857,0.3951300686400932,3.684702511219368,-1.285998893089245,2.1764849174072483
51.0,97.0,132.728515625,0.554260907269098,1.4928502138812247,-3.964244584318658,-3.296977405467084,-0.5290955773180717,-0.5875501763147023,0.3941304758557007,3.586397604442488,-1.315041743982914,2.119795806528287
51.0,97.0,132.7490997314453,0.5464869515593413,1.4916429100247612,-3.96417728862352,-3.296974421841693,-0.5701688111073522,-0.542783248480857,0.406824269401802,3.684702511219368,-1.28593090683649,2.1204508032109786
51.0,97.0,132.7490997314453,0.5464869515593413,1.4916429100247612,-3.96417728862352,-3.296974421841693,-0.5707940114701621,-0.542783248480857,0.406824269401802,3.684702511219368,-1.28593090683649,2.1204508032109786
51.0,97.0,132.7490997314453,0.5479144776321601,1.4930485605365122,-3.964244584318658,-3.296977405467084,-0.5290962705908219,-0.5875501763147023,0.4078671075538388,3.684729947759272,-1.3149373551806212,2.119795806528287
51.0,97.0,132.7490997314453,0.5464515475334977,1.491556583995118,-3.9642108061887393,-3.296974905977644,-0.5290995884062778,-0.5473420264234472,0.3934935516360596,3.685114494687925,-1.286053206053479,2.127348776168392
51.0,97.0,132.7490997314453,0.5464869515593413,1.4915453254500717,-3.96417728862352,-3.296974421841693,-0.5707940114701621,-0.542783248480857,0.406824269401802,3.684702511219368,-1.2859313088058693,2.1204508032109786
51.0,97.0,132.7490997314453,0.5465803434727524,1.4919128035734743,-3.964177280165024,-3.297010356181617,-0.5283679952016379,-0.542784171738107,0.3937917207108105,3.684702511219368,-1.2869482186884544,2.117214714613096
51.0,97.0,132.7490997314453,0.5464867272970969,1.491647616465839,-3.9642108061887393,-3.296974905977644,-0.5290983918934623,-0.5473420264234472,0.3934935516360596,3.685114494687925,-1.286053206053479,2.127413906401752
51.0,97.0,132.7490997314453,0.5479275026745656,1.492641674803115,-3.964245634948012,-3.296977405467084,-0.5290962705908219,-0.5875501763147023,0.4078671075538388,3.684729947759272,-1.3149373551806212,2.119795806528287
51.0,97.0,132.76687622070312,0.5464058261297694,1.6952581793954682,-3.964201068872804,-3.29697497595906,-0.57045984216769,-0.542783248480857,0.3933665386653409,3.684702511219368,-1.3218181735406065,2.127348776168392
51.0,97.0,132.79141235351562,0.5464869515593413,1.4915532669835616,-3.869278908193107,-3.296974421841693,-0.5288504883092335,-0.542783248480857,0.4070577125818819,3.684702511219368,-1.2859313088058693,2.120454663947649
51.0,97.0,132.8105926513672,0.5479144776321601,1.491718341097236,-3.96419901846225,-3.296974963022825,-0.5292976282388793,-0.542783248480857,0.3933665386653409,3.684702511219368,-1.3239638632947648,2.127348776168392
51.0,97.0,132.8105926513672,0.5479144776321601,1.4915579630986455,-3.96419901846225,-3.296974963022825,-0.5292976282388793,-0.5428297257456073,0.3933957327240017,3.685114494687925,-1.323936492377202,2.127348776168392
51.0,97.0,132.8105926513672,0.5479144776321601,1.491718341097236,-3.96419901846225,-3.297010768728029,-0.5290783856248166,-0.542783248480857,0.4072477608189371,3.684702511219368,-1.3240029432104496,2.119795806528287
51.0,98.0,132.71798706054688,0.5464869515593413,1.4916429100247612,-3.96417728862352,-3.296974421841693,-0.5290983438047037,-0.542783248480857,0.4068444388110542,3.684702511219368,-1.28593090683649,2.1764849174072483
51.0,98.0,132.71798706054688,0.5464869515593413,1.4824202039732457,-3.9627833656592713,-3.296974394653729,-0.5478459716740526,-0.542783248480857,0.3951300686400932,3.684702511219368,-1.285998893089245,2.1764849174072483
51.0,98.0,132.71798706054688,0.5464869515593413,1.4916429100247612,-3.96417728862352,-3.296974421841693,-0.5284731434418938,-0.542783248480857,0.4068444388110542,3.684702511219368,-1.28593090683649,2.198259197556541
51.0,98.0,132.71798706054688,0.5464869515593413,1.4916429100247612,-3.96417728862352,-3.296974421841693,-0.5284731434418938,-0.542783248480857,0.4068444388110542,3.684702511219368,-1.28593090683649,2.198259197556541
51.0,98.0,132.71798706054688,0.5464869515593413,1.4916429100247612,-3.9641773354510335,-3.296974421841693,-0.5290983438047037,-0.54278417134723,0.4068444388110542,3.684702511219368,-1.285180194085847,2.1764849174072483
51.0,98.0,132.71798706054688,0.5464869515593413,1.4824202039732457,-3.9627833656592713,-3.296974394653729,-0.5478459716740526,-0.542783248480857,0.3951300686400932,3.684702511219368,-1.285998893089245,2.1764849174072483
51.0,98.0,132.71798706054688,0.5464869515593413,1.4824202039732457,-3.964169549685253,-3.296974394653729,-0.5478459716740526,-0.542783248480857,0.3951300686400932,3.684702511219368,-1.285998893089245,2.1764849174072483
51.0,98.0,132.71798706054688,0.5464804213346636,1.4821670627650685,-3.9628466015140353,-3.296974394653729,-0.5292615770913938,-0.5427829781200953,0.3933436265023748,3.684718757319974,-1.285368935192376,2.1764849174072483
51.0,98.0,132.71798706054688,0.5464869515593413,1.4916429100247612,-3.9627911045975375,-3.296974421841693,-0.5290983438047037,-0.542783248480857,0.4068444388110542,3.684702511219368,-1.28593090683649,2.1764849174072483
51.0,98.0,132.71798706054688,0.5464869515593413,1.4916429100247612,-3.964199330271016,-3.2969769474339143,-0.5290983438047037,-0.5427832480899801,0.4068444388110542,3.684702511219368,-1.285180194085847,2.1764849174072483
51.0,98.0,132.71798706054688,0.547931734535194,1.4916444308759993,-3.96417728862352,-3.296974446136193,-0.5284731434418938,-0.542783248480857,0.4068444388110542,3.684702511219368,-1.28593090683649,2.2013287184102244
51.0,98.0,132.71798706054688,0.5464869515593413,1.4821482334196323,-3.9627833656592713,-3.296974420163529,-0.5293050586164001,-0.542783248480857,0.4069286292184919,3.684702511219368,-1.285998893089245,2.177621474870984
51.0,98.0,132.71798706054688,0.5464869515593413,1.4916429100247612,-3.96417728862352,-3.296974421841693,-0.5284731434418938,-0.542783248480857,0.4068444388110542,3.684702511219368,-1.28593090683649,2.198397031042577
51.0,98.0,132.71798706054688,0.5464869515593413,1.482517788547935,-3.9627833656592713,-3.296974394653729,-0.5478459716740526,-0.542783248480857,0.3951300686400932,3.684702511219368,-1.2859984911198656,2.1764849174072483
51.0,98.0,132.71798706054688,0.5249919541185539,1.4852648654330431,-3.96417728862352,-3.296974421841693,-0.5284731434418938,-0.542783248480857,0.4068444388110542,3.684702511219368,-1.28593090683649,2.119662785743861
51.0,98.0,132.71798706054688,0.5464869515593413,1.4926515550780606,-3.96417733296261,-3.296974422047335,-0.5478459716740526,-0.542783248480857,0.4062829533335189,3.684702511219368,-1.2860005643369217,2.1764849174072483
51.0,98.0,132.71798706054688,0.5479174483400886,1.4824202039732457,-3.962773388871248,-3.296974394653729,-0.5478459716740526,-0.5427807309650935,0.3951300686400932,3.6850822975933206,-1.2879656341795476,2.1764849174072483
51.0,98.0,132.71798706054688,0.5555038926905743,1.4916429100247612,-3.9627911045975375,-3.296974430799972,-0.5290983438047037,-0.5427812922670958,0.4068511671469733,3.684702511219368,-1.285841691063858,2.173419172880881
51.0,98.0,132.71798706054688,0.5464869515593413,1.493389353693331,-3.96275441502908,-3.296974396559823,-0.5478459716740526,-0.5427728854968716,0.4080809198555752,3.684702511219368,-1.287280901606028,2.175536169990851
51.0,98.0,132.71798706054688,0.5464869515593413,1.4916429100247612,-3.96417728862352,-3.296974421841693,-0.5290983438047037,-0.542783248480857,0.4068444388110542,3.684702511219368,-1.28593090683649,2.176808998608992
51.0,98.0,132.71798706054688,0.5464804213346636,1.4821670627650685,-3.9628466015140353,-3.296974394653729,-0.5292615770913938,-0.5427829781200953,0.3933436265023748,3.684718757319974,-1.285368935192376,2.1764849174072483
51.0,98.0,132.71798706054688,0.5464804213346636,1.4908755293146785,-3.9628466015140353,-3.2969743948758885,-0.5292615770913938,-0.5427829781200953,0.4067891014101087,3.684718757319974,-1.2854231914860446,2.1764849174072483
51.0,98.0,132.71798706054688,0.5464869515593413,1.4937399316679838,-3.96417728862352,-3.296974421841693,-0.5284731434418938,-0.542783430553486,0.406916770480708,3.684702511219368,-1.28593090683649,2.198397031042577
51.0,98.0,132.71798706054688,0.555588600226788,1.4916429100247612,-3.962812620575576,-3.296974430799972,-0.5290983438047037,-0.5427832557228865,0.4068511671469733,3.684702511219368,-1.2858435195914035,2.173419172880881
51.0,98.0,132.71798706054688,0.5464804520427826,1.4918562493307657,-3.9628466015140353,-3.296974394653729,-0.5297995249270828,-0.5427832253379675,0.4066153596996837,3.6847188134652495,-1.285368935192376,2.1764849174072483
51.0,98.0,132.71798706054688,0.5464739265169358,1.4930584408114576,-3.964176282333258,-3.296974422047335,-0.5478459716740526,-0.542783248480857,0.4062829533335189,3.684702511219368,-1.2860005643369217,2.1764849174072483
51.0,98.0,132.71798706054688,0.5246306337557037,1.4824202039732457,-3.964190347889461,-3.296974421436887,-0.5478772116175262,-0.5427832209792938,0.3951300686400932,3.6850822975933206,-1.2879656341795476,2.1764849174072483
51.0,98.0,132.71798706054688,0.5464869515593413,1.4933767745916673,-3.96275441502908,-3.296974396559823,-0.5478459716740526,-0.5427727034242427,0.4080085881859213,3.684702511219368,-1.287280901606028,2.175536169990851
51.0,98.0,132.71798706054688,0.547995603061732,1.4917164894192332,-3.9641752382129662,-3.2969744089054585,-0.5296317975413513,-0.542783248480857,0.406824269401802,3.684702511219368,-1.288076596590648,2.1204508032109786
51.0,98.0,132.71798706054688,0.5479034268816786,1.491723582000695,-3.964199330271016,-3.296975784310652,-0.5290983438047037,-0.5427832480899801,0.4072537916913318,3.684702511219368,-1.283928513443087,2.1764849174072483
51.0,98.0,132.71798706054688,0.5464804213346636,1.482206488134251,-3.9628466015140353,-3.296973943037464,-0.5292615770913938,-0.5427832519342233,0.3933436265023748,3.6847020479311694,-1.285368935192376,2.1764849174072483
51.0,98.0,132.71798706054688,0.5464869515593413,1.485049435424452,-3.96284822819681,-3.296974394653729,-0.529628498782558,-0.5427829630008233,0.3951300686400932,3.684719548658677,-1.2859970402012424,2.1764849174072483
51.0,98.0,132.71798706054688,0.5464869515593413,1.4933272398349635,-3.96281587487419,-3.296974396559823,-0.5478459716740526,-0.5427725702548942,0.4080809198555752,3.684702511219368,-1.287280901606028,2.176461940832401
51.0,98.0,132.71798706054688,0.547931734535194,1.4916444308759993,-3.96417728862352,-3.296974422904934,-0.5284731434418938,-0.542783248480857,0.4068444388110542,3.684702511219368,-1.28593090683649,2.19910929935755
51.0,98.0,132.71798706054688,0.5482787687029388,1.4852648654330431,-3.9627603296053056,-3.296974395058535,-0.5284419034984201,-0.5427807584666569,0.4068444388110542,3.684702511219368,-1.28593090683649,2.119662785743861
51.0,98.0,132.71798706054688,0.5464869515593413,1.4824202039732457,-3.9627833656592713,-3.296974394653729,-0.5478459716740526,-0.542783248480857,0.3951300686400932,3.684702511219368,-1.285998893089245,2.1764849174072483
51.0,98.0,132.71798706054688,0.5464872573787461,1.4916429100247612,-3.962886994078815,-3.2969743986038007,-0.5284731434418938,-0.542783248480857,0.3939622937138499,3.684702511219368,-1.28593090683649,2.1777016208702262
51.0,98.0,132.71798706054688,0.555588600226788,1.4916429100247612,-3.962812620575576,-3.296974431613276,-0.5290983438047037,-0.5427832557228865,0.4003102449925799,3.684702511219368,-1.2858435195914035,2.173543032949119
51.0,98.0,132.71798706054688,0.5464918181284503,1.485049435424452,-3.96284822819681,-3.2969744469903945,-0.5296465067537744,-0.5427832435606037,0.3951300686400932,3.684719548658677,-1.2859970402012424,2.1754933749669902
51.0,98.0,132.71798706054688,0.5464869515593413,1.4825539934880496,-3.964199330271016,-3.2969769474339143,-0.5290983438047037,-0.5427832480899801,0.4068444388110542,3.684702511219368,-1.285180194085847,2.1764849174072483
51.0,98.0,132.71798706054688,0.5464869515593413,1.4918338080362274,-3.964237708336574,-3.296974422047335,-0.5478459716740526,-0.542783248480857,0.4062829533335189,3.684702511219368,-1.2859537004285744,2.1764849174072483
51.0,98.0,132.71798706054688,0.5464869515593413,1.4916429100247612,-3.9627911045975375,-3.296974421841693,-0.5290983438047037,-0.542783248480857,0.4068444388110542,3.684702511219368,-1.28593090683649,2.1764849174072483
51.0,98.0,132.71798706054688,0.5464869515593413,1.4821482334196323,-3.9627833656592713,-3.2969743949659303,-0.5291244054943868,-0.542783248480857,0.3953311542738066,3.684702511219368,-1.285998893089245,2.177621474870984
51.0,98.0,132.71798706054688,0.5479034268816786,1.491723582000695,-3.9641989933614448,-3.296975784310652,-0.5290983916013936,-0.5472469748240073,0.4072537916913318,3.684702511219368,-1.283928513443087,2.126364259633264
51.0,98.0,132.71798706054688,0.5464869515593413,1.4916389046979672,-3.964177333169982,-3.296974421841693,-0.5284731434418938,-0.542783248480857,0.4068535765733848,3.684702511219368,-1.2859307882593602,2.1999954759153986
51.0,98.0,132.71798706054688,0.547931734535194,1.4923368739872216,-3.962862464271104,-3.296974422904934,-0.5284733807101963,-0.5427832484008539,0.4068444388110542,3.6847025072552833,-1.2853213083895756,2.2001459653535544
51.0,98.0,132.71798706054688,0.5464801155152587,1.4821670627650685,-3.96413689605874,-3.296974417891621,-0.5292615770913938,-0.5427829781200953,0.4062257715995791,3.684718757319974,-1.285368935192376,2.1971803275796
51.0,98.0,132.71798706054688,0.5464869592929924,1.4924786266910888,-3.962778208898827,-3.296974422047335,-0.5478459716740526,-0.542783248480857,0.4058070469838288,3.684702511219368,-1.285998933967253,2.1764849174072483
51.0,98.0,132.71798706054688,0.5464869261855447,1.4916429100247612,-3.96287898071674,-3.296974421841693,-0.5279289536118298,-0.5427829851002453,0.406824269401802,3.684702511219368,-1.2854030649165036,2.17824412551446
51.0,98.0,132.71798706054688,0.5464869515593413,1.491509120509957,-3.964169549685253,-3.296974394653729,-0.5478459716740526,-0.542783248480857,0.3951300686400932,3.684702511219368,-1.285998893089245,2.1764849174072483
51.0,99.0,132.71798706054688,0.5464869515593413,1.4916429100247612,-3.96417728862352,-3.296974421841693,-0.5290983438047037,-0.542783248480857,0.4068444388110542,3.684702511219368,-1.28593090683649,2.1764849174072483
51.0,99.0,132.71798706054688,0.5464869515593413,1.4824202039732457,-3.9627833656592713,-3.296974394653729,-0.5478459716740526,-0.542783248480857,0.3951300686400932,3.684702511219368,-1.285998893089245,2.1764849174072483
51.0,99.0,132.71798706054688,0.5464869515593413,1.4916429100247612,-3.96417728862352,-3.296974421841693,-0.5284731434418938,-0.542783248480857,0.4068444388110542,3.684702511219368,-1.28593090683649,2.198259197556541
51.0,99.0,132.71798706054688,0.5464869515593413,1.4916429100247612,-3.96417728862352,-3.296974421841693,-0.5284731434418938,-0.542783248480857,0.4068444388110542,3.684702511219368,-1.28593090683649,2.198259197556541
51.0,99.0,132.71798706054688,0.5464869515593413,1.4916429100247612,-3.9641773354510335,-3.296974421841693,-0.5290983438047037,-0.54278417134723,0.4068444388110542,3.684702511219368,-1.285180194085847,2.1764849174072483
51.0,99.0,132.71798706054688,0.5464869515593413,1.4824202039732457,-3.9627833656592713,-3.296974394653729,-0.5478459716740526,-0.542783248480857,0.3951300686400932,3.684702511219368,-1.285998893089245,2.1764849174072483
51.0,99.0,132.71798706054688,0.5464869515593413,1.4824202039732457,-3.964169549685253,-3.296974394653729,-0.5478459716740526,-0.542783248480857,0.3951300686400932,3.684702511219368,-1.285998893089245,2.1764849174072483
51.0,99.0,132.71798706054688,0.5464804213346636,1.4821670627650685,-3.9628466015140353,-3.296974394653729,-0.5292615770913938,-0.5427829781200953,0.3933436265023748,3.684718757319974,-1.285368935192376,2.1764849174072483
51.0,99.0,132.71798706054688,0.5464869515593413,1.4916429100247612,-3.9627911045975375,-3.296974421841693,-0.5290983438047037,-0.542783248480857,0.4068444388110542,3.684702511219368,-1.28593090683649,2.1764849174072483
51.0,99.0,132.71798706054688,0.5464869515593413,1.4916429100247612,-3.964199330271016,-3.2969769474339143,-0.5290983438047037,-0.5427832480899801,0.4068444388110542,3.684702511219368,-1.285180194085847,2.1764849174072483
51.0,99.0,132.71798706054688,0.547931734535194,1.4916444308759993,-3.96417728862352,-3.296974446136193,-0.5284731434418938,-0.542783248480857,0.4068444388110542,3.684702511219368,-1.28593090683649,2.2013287184102244
51.0,99.0,132.71798706054688,0.5464869515593413,1.4821482334196323,-3.9627833656592713,-3.296974420163529,-0.5293050586164001,-0.542783248480857,0.4069286292184919,3.684702511219368,-1.285998893089245,2.177621474870984
51.0,99.0,132.71798706054688,0.5464869515593413,1.4916429100247612,-3.96417728862352,-3.296974421841693,-0.5284731434418938,-0.542783248480857,0.4068444388110542,3.684702511219368,-1.28593090683649,2.198397031042577
51.0,99.0,132.71798706054688,0.5464869515593413,1.482517788547935,-3.9627833656592713,-3.296974394653729,-0.5478459716740526,-0.542783248480857,0.3951300686400932,3.684702511219368,-1.2859984911198656,2.1764849174072483
51.0,99.0,132.71798706054688,0.5249919541185539,1.4852648654330431,-3.96417728862352,-3.296974421841693,-0.5284731434418938,-0.542783248480857,0.4068444388110542,3.684702511219368,-1.28593090683649,2.119662785743861
51.0,99.0,132.71798706054688,0.5464869515593413,1.4926515550780606,-3.96417733296261,-3.296974422047335,-0.5478459716740526,-0.542783248480857,0.4062829533335189,3.684702511219368,-1.2860005643369217,2.1764849174072483
51.0,99.0,132.71798706054688,0.5479174483400886,1.4824202039732457,-3.962773388871248,-3.296974394653729,-0.5478459716740526,-0.5427807309650935,0.3951300686400932,3.6850822975933206,-1.2879656341795476,2.1764849174072483
51.0,99.0,132.71798706054688,0.5555038926905743,1.4916429100247612,-3.9627911045975375,-3.296974430799972,-0.5290983438047037,-0.5427812922670958,0.4068511671469733,3.684702511219368,-1.285841691063858,2.173419172880881
51.0,99.0,132.71798706054688,0.5464869515593413,1.493389353693331,-3.96275441502908,-3.296974396559823,-0.5478459716740526,-0.5427728854968716,0.4080809198555752,3.684702511219368,-1.287280901606028,2.175536169990851
51.0,99.0,132.71798706054688,0.5464869515593413,1.4916429100247612,-3.96417728862352,-3.296974421841693,-0.5290983438047037,-0.542783248480857,0.4068444388110542,3.684702511219368,-1.28593090683649,2.176808998608992
51.0,99.0,132.71798706054688,0.5464804213346636,1.4821670627650685,-3.9628466015140353,-3.296974394653729,-0.5292615770913938,-0.5427829781200953,0.3933436265023748,3.684718757319974,-1.285368935192376,2.1764849174072483
51.0,99.0,132.71798706054688,0.5464804213346636,1.4908755293146785,-3.9628466015140353,-3.2969743948758885,-0.5292615770913938,-0.5427829781200953,0.4067891014101087,3.684718757319974,-1.2854231914860446,2.1764849174072483
51.0,99.0,132.71798706054688,0.5464869515593413,1.4937399316679838,-3.96417728862352,-3.296974421841693,-0.5284731434418938,-0.542783430553486,0.406916770480708,3.684702511219368,-1.28593090683649,2.198397031042577
51.0,99.0,132.71798706054688,0.555588600226788,1.4916429100247612,-3.962812620575576,-3.296974430799972,-0.5290983438047037,-0.5427832557228865,0.4068511671469733,3.684702511219368,-1.2858435195914035,2.173419172880881
51.0,99.0,132.71798706054688,0.5464804520427826,1.4918562493307657,-3.9628466015140353,-3.296974394653729,-0.5297995249270828,-0.5427832253379675,0.4066153596996837,3.6847188134652495,-1.285368935192376,2.1764849174072483
51.0,99.0,132.71798706054688,0.5464739265169358,1.4930584408114576,-3.964176282333258,-3.296974422047335,-0.5478459716740526,-0.542783248480857,0.4062829533335189,3.684702511219368,-1.2860005643369217,2.1764849174072483
51.0,99.0,132.71798706054688,0.5246306337557037,1.4824202039732457,-3.964190347889461,-3.296974421436887,-0.5478772116175262,-0.5427832209792938,0.3951300686400932,3.6850822975933206,-1.2879656341795476,2.1764849174072483
51.0,99.0,132.71798706054688,0.5464869515593413,1.4933767745916673,-3.96275441502908,-3.296974396559823,-0.5478459716740526,-0.5427727034242427,0.4080085881859213,3.684702511219368,-1.287280901606028,2.175536169990851
51.0,99.0,132.71798706054688,0.547995603061732,1.4917164894192332,-3.9641752382129662,-3.2969744089054585,-0.5296317975413513,-0.542783248480857,0.406824269401802,3.684702511219368,-1.288076596590648,2.1204508032109786
51.0,99.0,132.71798706054688,0.5479034268816786,1.491723582000695,-3.964199330271016,-3.296975784310652,-0.5290983438047037,-0.5427832480899801,0.4072537916913318,3.684702511219368,-1.283928513443087,2.1764849174072483
51.0,99.0,132.71798706054688,0.5464804213346636,1.482206488134251,-3.9628466015140353,-3.296973943037464,-0.5292615770913938,-0.5427832519342233,0.3933436265023748,3.6847020479311694,-1.285368935192376,2.1764849174072483
51.0,99.0,132.71798706054688,0.5464869515593413,1.485049435424452,-3.96284822819681,-3.296974394653729,-0.529628498782558,-0.5427829630008233,0.3951300686400932,3.684719548658677,-1.2859970402012424,2.1764849174072483
51.0,99.0,132.71798706054688,0.5464869515593413,1.4933272398349635,-3.96281587487419,-3.296974396559823,-0.5478459716740526,-0.5427725702548942,0.4080809198555752,3.684702511219368,-1.287280901606028,2.176461940832401
51.0,99.0,132.71798706054688,0.547931734535194,1.4916444308759993,-3.96417728862352,-3.296974422904934,-0.5284731434418938,-0.542783248480857,0.4068444388110542,3.684702511219368,-1.28593090683649,2.19910929935755
51.0,99.0,132.71798706054688,0.5482787687029388,1.4852648654330431,-3.9627603296053056,-3.296974395058535,-0.5284419034984201,-0.5427807584666569,0.4068444388110542,3.684702511219368,-1.28593090683649,2.119662785743861
51.0,99.0,132.71798706054688,0.5464869515593413,1.4824202039732457,-3.9627833656592713,-3.296974394653729,-0.5478459716740526,-0.542783248480857,0.3951300686400932,3.684702511219368,-1.285998893089245,2.1764849174072483
51.0,99.0,132.71798706054688,0.5464872573787461,1.4916429100247612,-3.962886994078815,-3.2969743986038007,-0.5284731434418938,-0.542783248480857,0.3939622937138499,3.684702511219368,-1.28593090683649,2.1777016208702262
51.0,99.0,132.71798706054688,0.555588600226788,1.4916429100247612,-3.962812620575576,-3.296974431613276,-0.5290983438047037,-0.5427832557228865,0.4003102449925799,3.684702511219368,-1.2858435195914035,2.173543032949119
51.0,99.0,132.71798706054688,0.5464918181284503,1.485049435424452,-3.96284822819681,-3.2969744469903945,-0.5296465067537744,-0.5427832435606037,0.3951300686400932,3.684719548658677,-1.2859970402012424,2.1754933749669902
51.0,99.0,132.71798706054688,0.5464869515593413,1.4825539934880496,-3.964199330271016,-3.2969769474339143,-0.5290983438047037,-0.5427832480899801,0.4068444388110542,3.684702511219368,-1.285180194085847,2.1764849174072483
51.0,99.0,132.71798706054688,0.5464869515593413,1.4918338080362274,-3.964237708336574,-3.296974422047335,-0.5478459716740526,-0.542783248480857,0.4062829533335189,3.684702511219368,-1.2859537004285744,2.1764849174072483
51.0,99.0,132.71798706054688,0.5464869515593413,1.4916429100247612,-3.9627911045975375,-3.296974421841693,-0.5290983438047037,-0.542783248480857,0.4068444388110542,3.684702511219368,-1.28593090683649,2.1764849174072483
51.0,99.0,132.71798706054688,0.5464869515593413,1.4821482334196323,-3.9627833656592713,-3.2969743949659303,-0.5291244054943868,-0.542783248480857,0.3953311542738066,3.684702511219368,-1.285998893089245,2.177621474870984
51.0,99.0,132.71798706054688,0.5479034268816786,1.491723582000695,-3.9641989933614448,-3.296975784310652,-0.5290983916013936,-0.5472469748240073,0.4072537916913318,3.684702511219368,-1.283928513443087,2.126364259633264
51.0,99.0,132.71798706054688,0.5464869515593413,1.4916389046979672,-3.964177333169982,-3.296974421841693,-0.5284731434418938,-0.542783248480857,0.4068535765733848,3.684702511219368,-1.2859307882593602,2.1999954759153986
51.0,99.0,132.71798706054688,0.547931734535194,1.4923368739872216,-3.962862464271104,-3.296974422904934,-0.5284733807101963,-0.5427832484008539,0.4068444388110542,3.6847025072552833,-1.2853213083895756,2.2001459653535544
51.0,99.0,132.71798706054688,0.5464801155152587,1.4821670627650685,-3.96413689605874,-3.296974417891621,-0.5292615770913938,-0.5427829781200953,0.4062257715995791,3.684718757319974,-1.285368935192376,2.1971803275796
51.0,99.0,132.71798706054688,0.5464869592929924,1.4924786266910888,-3.962778208898827,-3.296974422047335,-0.5478459716740526,-0.542783248480857,0.4058070469838288,3.684702511219368,-1.285998933967253,2.1764849174072483
51.0,99.0,132.71798706054688,0.5464869261855447,1.4916429100247612,-3.96287898071674,-3.296974421841693,-0.5279289536118298,-0.5427829851002453,0.406824269401802,3.684702511219368,-1.2854030649165036,2.17824412551446
51.0,99.0,132.71798706054688,0.5464869515593413,1.491509120509957,-3.964169549685253,-3.296974394653729,-0.5478459716740526,-0.542783248480857,0.3951300686400932,3.684702511219368,-1.285998893089245,2.1764849174072483
51.0,100.0,132.71798706054688,0.5464869515593413,1.4916429100247612,-3.96417728862352,-3.296974421841693,-0.5290983438047037,-0.542783248480857,0.4068444388110542,3.684702511219368,-1.28593090683649,2.1764849174072483
51.0,100.0,132.71798706054688,0.5464869515593413,1.4824202039732457,-3.9627833656592713,-3.296974394653729,-0.5478459716740526,-0.542783248480857,0.3951300686400932,3.684702511219368,-1.285998893089245,2.1764849174072483
51.0,100.0,132.71798706054688,0.5464869515593413,1.4916429100247612,-3.96417728862352,-3.296974421841693,-0.5284731434418938,-0.542783248480857,0.4068444388110542,3.684702511219368,-1.28593090683649,2.198259197556541
51.0,100.0,132.71798706054688,0.5464869515593413,1.4916429100247612,-3.96417728862352,-3.296974421841693,-0.5284731434418938,-0.542783248480857,0.4068444388110542,3.684702511219368,-1.28593090683649,2.198259197556541
51.0,100.0,132.71798706054688,0.5464869515593413,1.4916429100247612,-3.9641773354510335,-3.296974421841693,-0.5290983438047037,-0.54278417134723,0.4068444388110542,3.684702511219368,-1.285180194085847,2.1764849174072483
51.0,100.0,132.71798706054688,0.5464869515593413,1.4824202039732457,-3.9627833656592713,-3.296974394653729,-0.5478459716740526,-0.542783248480857,0.3951300686400932,3.684702511219368,-1.285998893089245,2.1764849174072483
51.0,100.0,132.71798706054688,0.5464869515593413,1.4824202039732457,-3.964169549685253,-3.296974394653729,-0.5478459716740526,-0.542783248480857,0.3951300686400932,3.684702511219368,-1.285998893089245,2.1764849174072483
51.0,100.0,132.71798706054688,0.5464804213346636,1.4821670627650685,-3.9628466015140353,-3.296974394653729,-0.5292615770913938,-0.5427829781200953,0.3933436265023748,3.684718757319974,-1.285368935192376,2.1764849174072483
51.0,100.0,132.71798706054688,0.5464869515593413,1.4916429100247612,-3.9627911045975375,-3.296974421841693,-0.5290983438047037,-0.542783248480857,0.4068444388110542,3.684702511219368,-1.28593090683649,2.1764849174072483
51.0,100.0,132.71798706054688,0.5464869515593413,1.4916429100247612,-3.964199330271016,-3.2969769474339143,-0.5290983438047037,-0.5427832480899801,0.4068444388110542,3.684702511219368,-1.285180194085847,2.1764849174072483
51.0,100.0,132.71798706054688,0.547931734535194,1.4916444308759993,-3.96417728862352,-3.296974446136193,-0.5284731434418938,-0.542783248480857,0.4068444388110542,3.684702511219368,-1.28593090683649,2.2013287184102244
51.0,100.0,132.71798706054688,0.5464869515593413,1.4821482334196323,-3.9627833656592713,-3.296974420163529,-0.5293050586164001,-0.542783248480857,0.4069286292184919,3.684702511219368,-1.285998893089245,2.177621474870984
51.0,100.0,132.71798706054688,0.5464869515593413,1.4916429100247612,-3.96417728862352,-3.296974421841693,-0.5284731434418938,-0.542783248480857,0.4068444388110542,3.684702511219368,-1.28593090683649,2.198397031042577
51.0,100.0,132.71798706054688,0.5464869515593413,1.482517788547935,-3.9627833656592713,-3.296974394653729,-0.5478459716740526,-0.542783248480857,0.3951300686400932,3.684702511219368,-1.2859984911198656,2.1764849174072483
51.0,100.0,132.71798706054688,0.5249919541185539,1.4852648654330431,-3.96417728862352,-3.296974421841693,-0.5284731434418938,-0.542783248480857,0.4068444388110542,3.684702511219368,-1.28593090683649,2.119662785743861
51.0,100.0,132.71798706054688,0.5464869515593413,1.4926515550780606,-3.96417733296261,-3.296974422047335,-0.5478459716740526,-0.542783248480857,0.4062829533335189,3.684702511219368,-1.2860005643369217,2.1764849174072483
51.0,100.0,132.71798706054688,0.5479174483400886,1.4824202039732457,-3.962773388871248,-3.296974394653729,-0.5478459716740526,-0.5427807309650935,0.3951300686400932,3.6850822975933206,-1.2879656341795476,2.1764849174072483
51.0,100.0,132.71798706054688,0.5555038926905743,1.4916429100247612,-3.9627911045975375,-3.296974430799972,-0.5290983438047037,-0.5427812922670958,0.4068511671469733,3.684702511219368,-1.285841691063858,2.173419172880881
51.0,100.0,132.71798706054688,0.5464869515593413,1.493389353693331,-3.96275441502908,-3.296974396559823,-0.5478459716740526,-0.5427728854968716,0.4080809198555752,3.684702511219368,-1.287280901606028,2.175536169990851
51.0,100.0,132.71798706054688,0.5464869515593413,1.4916429100247612,-3.96417728862352,-3.296974421841693,-0.5290983438047037,-0.542783248480857,0.4068444388110542,3.684702511219368,-1.28593090683649,2.176808998608992
51.0,100.0,132.71798706054688,0.5464804213346636,1.4821670627650685,-3.9628466015140353,-3.296974394653729,-0.5292615770913938,-0.5427829781200953,0.3933436265023748,3.684718757319974,-1.285368935192376,2.1764849174072483
51.0,100.0,132.71798706054688,0.5464804213346636,1.4908755293146785,-3.9628466015140353,-3.2969743948758885,-0.5292615770913938,-0.5427829781200953,0.4067891014101087,3.684718757319974,-1.2854231914860446,2.1764849174072483
51.0,100.0,132.71798706054688,0.5464869515593413,1.4937399316679838,-3.96417728862352,-3.296974421841693,-0.5284731434418938,-0.542783430553486,0.406916770480708,3.684702511219368,-1.28593090683649,2.198397031042577
51.0,100.0,132.71798706054688,0.555588600226788,1.4916429100247612,-3.962812620575576,-3.296974430799972,-0.5290983438047037,-0.5427832557228865,0.4068511671469733,3.684702511219368,-1.2858435195914035,2.173419172880881
51.0,100.0,132.71798706054688,0.5464804520427826,1.4918562493307657,-3.9628466015140353,-3.296974394653729,-0.5297995249270828,-0.5427832253379675,0.4066153596996837,3.6847188134652495,-1.285368935192376,2.1764849174072483
51.0,100.0,132.71798706054688,0.5464739265169358,1.4930584408114576,-3.964176282333258,-3.296974422047335,-0.5478459716740526,-0.542783248480857,0.4062829533335189,3.684702511219368,-1.2860005643369217,2.1764849174072483
51.0,100.0,132.71798706054688,0.5246306337557037,1.4824202039732457,-3.964190347889461,-3.296974421436887,-0.5478772116175262,-0.5427832209792938,0.3951300686400932,3.6850822975933206,-1.2879656341795476,2.1764849174072483
51.0,100.0,132.71798706054688,0.5464869515593413,1.4933767745916673,-3.96275441502908,-3.296974396559823,-0.5478459716740526,-0.5427727034242427,0.4080085881859213,3.684702511219368,-1.287280901606028,2.175536169990851
51.0,100.0,132.71798706054688,0.547995603061732,1.4917164894192332,-3.9641752382129662,-3.2969744089054585,-0.5296317975413513,-0.542783248480857,0.406824269401802,3.684702511219368,-1.288076596590648,2.1204508032109786
51.0,100.0,132.71798706054688,0.5479034268816786,1.491723582000695,-3.964199330271016,-3.296975784310652,-0.5290983438047037,-0.5427832480899801,0.4072537916913318,3.684702511219368,-1.283928513443087,2.1764849174072483
51.0,100.0,132.71798706054688,0.5464804213346636,1.482206488134251,-3.9628466015140353,-3.296973943037464,-0.5292615770913938,-0.5427832519342233,0.3933436265023748,3.6847020479311694,-1.285368935192376,2.1764849174072483
51.0,100.0,132.71798706054688,0.5464869515593413,1.485049435424452,-3.96284822819681,-3.296974394653729,-0.529628498782558,-0.5427829630008233,0.3951300686400932,3.684719548658677,-1.2859970402012424,2.1764849174072483
51.0,100.0,132.71798706054688,0.5464869515593413,1.4933272398349635,-3.96281587487419,-3.296974396559823,-0.5478459716740526,-0.5427725702548942,0.4080809198555752,3.684702511219368,-1.287280901606028,2.176461940832401
51.0,100.0,132.71798706054688,0.547931734535194,1.4916444308759993,-3.96417728862352,-3.296974422904934,-0.5284731434418938,-0.542783248480857,0.4068444388110542,3.684702511219368,-1.28593090683649,2.19910929935755
51.0,100.0,132.71798706054688,0.5482787687029388,1.4852648654330431,-3.9627603296053056,-3.296974395058535,-0.5284419034984201,-0.5427807584666569,0.4068444388110542,3.684702511219368,-1.28593090683649,2.119662785743861
51.0,100.0,132.71798706054688,0.5464869515593413,1.4824202039732457,-3.9627833656592713,-3.296974394653729,-0.5478459716740526,-0.542783248480857,0.3951300686400932,3.684702511219368,-1.285998893089245,2.1764849174072483
51.0,100.0,132.71798706054688,0.5464872573787461,1.4916429100247612,-3.962886994078815,-3.2969743986038007,-0.5284731434418938,-0.542783248480857,0.3939622937138499,3.684702511219368,-1.28593090683649,2.1777016208702262
51.0,100.0,132.71798706054688,0.555588600226788,1.4916429100247612,-3.962812620575576,-3.296974431613276,-0.5290983438047037,-0.5427832557228865,0.4003102449925799,3.684702511219368,-1.2858435195914035,2.173543032949119
51.0,100.0,132.71798706054688,0.5464918181284503,1.485049435424452,-3.96284822819681,-3.2969744469903945,-0.5296465067537744,-0.5427832435606037,0.3951300686400932,3.684719548658677,-1.2859970402012424,2.1754933749669902
51.0,100.0,132.71798706054688,0.5464869515593413,1.4825539934880496,-3.964199330271016,-3.2969769474339143,-0.5290983438047037,-0.5427832480899801,0.4068444388110542,3.684702511219368,-1.285180194085847,2.1764849174072483
51.0,100.0,132.71798706054688,0.5464869515593413,1.4918338080362274,-3.964237708336574,-3.296974422047335,-0.5478459716740526,-0.542783248480857,0.4062829533335189,3.684702511219368,-1.2859537004285744,2.1764849174072483
51.0,100.0,132.71798706054688,0.5464869515593413,1.4916429100247612,-3.9627911045975375,-3.296974421841693,-0.5290983438047037,-0.542783248480857,0.4068444388110542,3.684702511219368,-1.28593090683649,2.1764849174072483
51.0,100.0,132.71798706054688,0.5464869515593413,1.4821482334196323,-3.9627833656592713,-3.2969743949659303,-0.5291244054943868,-0.542783248480857,0.3953311542738066,3.684702511219368,-1.285998893089245,2.177621474870984
51.0,100.0,132.71798706054688,0.5479034268816786,1.491723582000695,-3.9641989933614448,-3.296975784310652,-0.5290983916013936,-0.5472469748240073,0.4072537916913318,3.684702511219368,-1.283928513443087,2.126364259633264
51.0,100.0,132.71798706054688,0.5464869515593413,1.4916389046979672,-3.964177333169982,-3.296974421841693,-0.5284731434418938,-0.542783248480857,0.4068535765733848,3.684702511219368,-1.2859307882593602,2.1999954759153986
51.0,100.0,132.71798706054688,0.547931734535194,1.4923368739872216,-3.962862464271104,-3.296974422904934,-0.5284733807101963,-0.5427832484008539,0.4068444388110542,3.6847025072552833,-1.2853213083895756,2.2001459653535544
51.0,100.0,132.71798706054688,0.5464801155152587,1.4821670627650685,-3.96413689605874,-3.296974417891621,-0.5292615770913938,-0.5427829781200953,0.4062257715995791,3.684718757319974,-1.285368935192376,2.1971803275796
51.0,100.0,132.71798706054688,0.5464869592929924,1.4924786266910888,-3.962778208898827,-3.296974422047335,-0.5478459716740526,-0.542783248480857,0.4058070469838288,3.684702511219368,-1.285998933967253,2.1764849174072483
51.0,100.0,132.71798706054688,0.5464869261855447,1.4916429100247612,-3.96287898071674,-3.296974421841693,-0.5279289536118298,-0.5427829851002453,0.406824269401802,3.684702511219368,-1.2854030649165036,2.17824412551446
51.0,100.0,132.71798706054688,0.5464869515593413,1.491509120509957,-3.964169549685253,-3.296974394653729,-0.5478459716740526,-0.542783248480857,0.3951300686400932,3.684702511219368,-1.285998893089245,2.1764849174072483
51.0,101.0,132.71798706054688,0.5464869515593413,1.4916429100247612,-3.96417728862352,-3.296974421841693,-0.5290983438047037,-0.542783248480857,0.4068444388110542,3.684702511219368,-1.28593090683649,2.1764849174072483
51.0,101.0,132.71798706054688,0.5464869515593413,1.4824202039732457,-3.9627833656592713,-3.296974394653729,-0.5478459716740526,-0.542783248480857,0.3951300686400932,3.684702511219368,-1.285998893089245,2.1764849174072483
51.0,101.0,132.71798706054688,0.5464869515593413,1.4916429100247612,-3.96417728862352,-3.296974421841693,-0.5284731434418938,-0.542783248480857,0.4068444388110542,3.684702511219368,-1.28593090683649,2.198259197556541
51.0,101.0,132.71798706054688,0.5464869515593413,1.4916429100247612,-3.96417728862352,-3.296974421841693,-0.5284731434418938,-0.542783248480857,0.4068444388110542,3.684702511219368,-1.28593090683649,2.198259197556541
51.0,101.0,132.71798706054688,0.5464869515593413,1.4916429100247612,-3.9641773354510335,-3.296974421841693,-0.5290983438047037,-0.54278417134723,0.4068444388110542,3.684702511219368,-1.285180194085847,2.1764849174072483
51.0,101.0,132.71798706054688,0.5464869515593413,1.4824202039732457,-3.9627833656592713,-3.296974394653729,-0.5478459716740526,-0.542783248480857,0.3951300686400932,3.684702511219368,-1.285998893089245,2.1764849174072483
51.0,101.0,132.71798706054688,0.5464869515593413,1.4824202039732457,-3.964169549685253,-3.296974394653729,-0.5478459716740526,-0.542783248480857,0.3951300686400932,3.684702511219368,-1.285998893089245,2.1764849174072483
51.0,101.0,132.71798706054688,0.5464804213346636,1.4821670627650685,-3.9628466015140353,-3.296974394653729,-0.5292615770913938,-0.5427829781200953,0.3933436265023748,3.684718757319974,-1.285368935192376,2.1764849174072483
51.0,101.0,132.71798706054688,0.5464869515593413,1.4916429100247612,-3.9627911045975375,-3.296974421841693,-0.5290983438047037,-0.542783248480857,0.4068444388110542,3.684702511219368,-1.28593090683649,2.1764849174072483
51.0,101.0,132.71798706054688,0.5464869515593413,1.4916429100247612,-3.964199330271016,-3.2969769474339143,-0.5290983438047037,-0.5427832480899801,0.4068444388110542,3.684702511219368,-1.285180194085847,2.1764849174072483
51.0,101.0,132.71798706054688,0.547931734535194,1.4916444308759993,-3.96417728862352,-3.296974446136193,-0.5284731434418938,-0.542783248480857,0.4068444388110542,3.684702511219368,-1.28593090683649,2.2013287184102244
51.0,101.0,132.71798706054688,0.5464869515593413,1.4821482334196323,-3.9627833656592713,-3.296974420163529,-0.5293050586164001,-0.542783248480857,0.4069286292184919,3.684702511219368,-1.285998893089245,2.177621474870984
51.0,101.0,132.71798706054688,0.5464869515593413,1.4916429100247612,-3.96417728862352,-3.296974421841693,-0.5284731434418938,-0.542783248480857,0.4068444388110542,3.684702511219368,-1.28593090683649,2.198397031042577
51.0,101.0,132.71798706054688,0.5464869515593413,1.482517788547935,-3.9627833656592713,-3.296974394653729,-0.5478459716740526,-0.542783248480857,0.3951300686400932,3.684702511219368,-1.2859984911198656,2.1764849174072483
51.0,101.0,132.71798706054688,0.5249919541185539,1.4852648654330431,-3.96417728862352,-3.296974421841693,-0.5284731434418938,-0.542783248480857,0.4068444388110542,3.684702511219368,-1.28593090683649,2.119662785743861
51.0,101.0,132.71798706054688,0.5464869515593413,1.4926515550780606,-3.96417733296261,-3.296974422047335,-0.5478459716740526,-0.542783248480857,0.4062829533335189,3.684702511219368,-1.2860005643369217,2.1764849174072483
51.0,101.0,132.71798706054688,0.5479174483400886,1.4824202039732457,-3.962773388871248,-3.296974394653729,-0.5478459716740526,-0.5427807309650935,0.3951300686400932,3.6850822975933206,-1.2879656341795476,2.1764849174072483
51.0,101.0,132.71798706054688,0.5555038926905743,1.4916429100247612,-3.9627911045975375,-3.296974430799972,-0.5290983438047037,-0.5427812922670958,0.4068511671469733,3.684702511219368,-1.285841691063858,2.173419172880881
51.0,101.0,132.71798706054688,0.5464869515593413,1.493389353693331,-3.96275441502908,-3.296974396559823,-0.5478459716740526,-0.5427728854968716,0.4080809198555752,3.684702511219368,-1.287280901606028,2.175536169990851
51.0,101.0,132.71798706054688,0.5464869515593413,1.4916429100247612,-3.96417728862352,-3.296974421841693,-0.5290983438047037,-0.542783248480857,0.4068444388110542,3.684702511219368,-1.28593090683649,2.176808998608992
51.0,101.0,132.71798706054688,0.5464804213346636,1.4821670627650685,-3.9628466015140353,-3.296974394653729,-0.5292615770913938,-0.5427829781200953,0.3933436265023748,3.684718757319974,-1.285368935192376,2.1764849174072483
51.0,101.0,132.71798706054688,0.5464804213346636,1.4908755293146785,-3.9628466015140353,-3.2969743948758885,-0.5292615770913938,-0.5427829781200953,0.4067891014101087,3.684718757319974,-1.2854231914860446,2.1764849174072483
51.0,101.0,132.71798706054688,0.5464869515593413,1.4937399316679838,-3.96417728862352,-3.296974421841693,-0.5284731434418938,-0.542783430553486,0.406916770480708,3.684702511219368,-1.28593090683649,2.198397031042577
51.0,101.0,132.71798706054688,0.555588600226788,1.4916429100247612,-3.962812620575576,-3.296974430799972,-0.5290983438047037,-0.5427832557228865,0.4068511671469733,3.684702511219368,-1.2858435195914035,2.173419172880881
51.0,101.0,132.71798706054688,0.5464804520427826,1.4918562493307657,-3.9628466015140353,-3.296974394653729,-0.5297995249270828,-0.5427832253379675,0.4066153596996837,3.6847188134652495,-1.285368935192376,2.1764849174072483
51.0,101.0,132.71798706054688,0.5464739265169358,1.4930584408114576,-3.964176282333258,-3.296974422047335,-0.5478459716740526,-0.542783248480857,0.4062829533335189,3.684702511219368,-1.2860005643369217,2.1764849174072483
51.0,101.0,132.71798706054688,0.5246306337557037,1.4824202039732457,-3.964190347889461,-3.296974421436887,-0.5478772116175262,-0.5427832209792938,0.3951300686400932,3.6850822975933206,-1.2879656341795476,2.1764849174072483
51.0,101.0,132.71798706054688,0.5464869515593413,1.4933767745916673,-3.96275441502908,-3.296974396559823,-0.5478459716740526,-0.5427727034242427,0.4080085881859213,3.684702511219368,-1.287280901606028,2.175536169990851
51.0,101.0,132.71798706054688,0.547995603061732,1.4917164894192332,-3.9641752382129662,-3.2969744089054585,-0.5296317975413513,-0.542783248480857,0.406824269401802,3.684702511219368,-1.288076596590648,2.1204508032109786
51.0,101.0,132.71798706054688,0.5479034268816786,1.491723582000695,-3.964199330271016,-3.296975784310652,-0.5290983438047037,-0.5427832480899801,0.4072537916913318,3.684702511219368,-1.283928513443087,2.1764849174072483
51.0,101.0,132.71798706054688,0.5464804213346636,1.482206488134251,-3.9628466015140353,-3.296973943037464,-0.5292615770913938,-0.5427832519342233,0.3933436265023748,3.6847020479311694,-1.285368935192376,2.1764849174072483
51.0,101.0,132.71798706054688,0.5464869515593413,1.485049435424452,-3.96284822819681,-3.296974394653729,-0.529628498782558,-0.5427829630008233,0.3951300686400932,3.684719548658677,-1.2859970402012424,2.1764849174072483
51.0,101.0,132.71798706054688,0.5464869515593413,1.4933272398349635,-3.96281587487419,-3.296974396559823,-0.5478459716740526,-0.5427725702548942,0.4080809198555752,3.684702511219368,-1.287280901606028,2.176461940832401
51.0,101.0,132.71798706054688,0.547931734535194,1.4916444308759993,-3.96417728862352,-3.296974422904934,-0.5284731434418938,-0.542783248480857,0.4068444388110542,3.684702511219368,-1.28593090683649,2.19910929935755
51.0,101.0,132.71798706054688,0.5482787687029388,1.4852648654330431,-3.9627603296053056,-3.296974395058535,-0.5284419034984201,-0.5427807584666569,0.4068444388110542,3.684702511219368,-1.28593090683649,2.119662785743861
51.0,101.0,132.71798706054688,0.5464869515593413,1.4824202039732457,-3.9627833656592713,-3.296974394653729,-0.5478459716740526,-0.542783248480857,0.3951300686400932,3.684702511219368,-1.285998893089245,2.1764849174072483
51.0,101.0,132.71798706054688,0.5464872573787461,1.4916429100247612,-3.962886994078815,-3.2969743986038007,-0.5284731434418938,-0.542783248480857,0.3939622937138499,3.684702511219368,-1.28593090683649,2.1777016208702262
51.0,101.0,132.71798706054688,0.555588600226788,1.4916429100247612,-3.962812620575576,-3.296974431613276,-0.5290983438047037,-0.5427832557228865,0.4003102449925799,3.684702511219368,-1.2858435195914035,2.173543032949119
51.0,101.0,132.71798706054688,0.5464918181284503,1.485049435424452,-3.96284822819681,-3.2969744469903945,-0.5296465067537744,-0.5427832435606037,0.3951300686400932,3.684719548658677,-1.2859970402012424,2.1754933749669902
51.0,101.0,132.71798706054688,0.5464869515593413,1.4825539934880496,-3.964199330271016,-3.2969769474339143,-0.5290983438047037,-0.5427832480899801,0.4068444388110542,3.684702511219368,-1.285180194085847,2.1764849174072483
51.0,101.0,132.71798706054688,0.5464869515593413,1.4918338080362274,-3.964237708336574,-3.296974422047335,-0.5478459716740526,-0.542783248480857,0.4062829533335189,3.684702511219368,-1.2859537004285744,2.1764849174072483
51.0,101.0,132.71798706054688,0.5464869515593413,1.4916429100247612,-3.9627911045975375,-3.296974421841693,-0.5290983438047037,-0.542783248480857,0.4068444388110542,3.684702511219368,-1.28593090683649,2.1764849174072483
51.0,101.0,132.71798706054688,0.5464869515593413,1.4821482334196323,-3.9627833656592713,-3.2969743949659303,-0.5291244054943868,-0.542783248480857,0.3953311542738066,3.684702511219368,-1.285998893089245,2.177621474870984
51.0,101.0,132.71798706054688,0.5479034268816786,1.491723582000695,-3.9641989933614448,-3.296975784310652,-0.5290983916013936,-0.5472469748240073,0.4072537916913318,3.684702511219368,-1.283928513443087,2.126364259633264
51.0,101.0,132.71798706054688,0.5464869515593413,1.4916389046979672,-3.964177333169982,-3.296974421841693,-0.5284731434418938,-0.542783248480857,0.4068535765733848,3.684702511219368,-1.2859307882593602,2.1999954759153986
51.0,101.0,132.71798706054688,0.547931734535194,1.4923368739872216,-3.962862464271104,-3.296974422904934,-0.5284733807101963,-0.5427832484008539,0.4068444388110542,3.6847025072552833,-1.2853213083895756,2.2001459653535544
51.0,101.0,132.71798706054688,0.5464801155152587,1.4821670627650685,-3.96413689605874,-3.296974417891621,-0.5292615770913938,-0.5427829781200953,0.4062257715995791,3.684718757319974,-1.285368935192376,2.1971803275796
51.0,101.0,132.71798706054688,0.5464869592929924,1.4924786266910888,-3.962778208898827,-3.296974422047335,-0.5478459716740526,-0.542783248480857,0.4058070469838288,3.684702511219368,-1.285998933967253,2.1764849174072483
51.0,101.0,132.71798706054688,0.5464869261855447,1.4916429100247612,-3.96287898071674,-3.296974421841693,-0.5279289536118298,-0.5427829851002453,0.406824269401802,3.684702511219368,-1.2854030649165036,2.17824412551446
51.0,101.0,132.71798706054688,0.5464869515593413,1.491509120509957,-3.964169549685253,-3.296974394653729,-0.5478459716740526,-0.542783248480857,0.3951300686400932,3.684702511219368,-1.285998893089245,2.1764849174072483
51.0,102.0,132.71798706054688,0.5464869515593413,1.4916429100247612,-3.96417728862352,-3.296974421841693,-0.5290983438047037,-0.542783248480857,0.4068444388110542,3.684702511219368,-1.28593090683649,2.1764849174072483
51.0,102.0,132.71798706054688,0.5464869515593413,1.4824202039732457,-3.9627833656592713,-3.296974394653729,-0.5478459716740526,-0.542783248480857,0.3951300686400932,3.684702511219368,-1.285998893089245,2.1764849174072483
51.0,102.0,132.71798706054688,0.5464869515593413,1.4916429100247612,-3.96417728862352,-3.296974421841693,-0.5284731434418938,-0.542783248480857,0.4068444388110542,3.684702511219368,-1.28593090683649,2.198259197556541
51.0,102.0,132.71798706054688,0.5464869515593413,1.4916429100247612,-3.96417728862352,-3.296974421841693,-0.5284731434418938,-0.542783248480857,0.4068444388110542,3.684702511219368,-1.28593090683649,2.198259197556541
51.0,102.0,132.71798706054688,0.5464869515593413,1.4916429100247612,-3.9641773354510335,-3.296974421841693,-0.5290983438047037,-0.54278417134723,0.4068444388110542,3.684702511219368,-1.285180194085847,2.1764849174072483
51.0,102.0,132.71798706054688,0.5464869515593413,1.4824202039732457,-3.9627833656592713,-3.296974394653729,-0.5478459716740526,-0.542783248480857,0.3951300686400932,3.684702511219368,-1.285998893089245,2.1764849174072483
51.0,102.0,132.71798706054688,0.5464869515593413,1.4824202039732457,-3.964169549685253,-3.296974394653729,-0.5478459716740526,-0.542783248480857,0.3951300686400932,3.684702511219368,-1.285998893089245,2.1764849174072483
51.0,102.0,132.71798706054688,0.5464804213346636,1.4821670627650685,-3.9628466015140353,-3.296974394653729,-0.5292615770913938,-0.5427829781200953,0.3933436265023748,3.684718757319974,-1.285368935192376,2.1764849174072483
51.0,102.0,132.71798706054688,0.5464869515593413,1.4916429100247612,-3.9627911045975375,-3.296974421841693,-0.5290983438047037,-0.542783248480857,0.4068444388110542,3.684702511219368,-1.28593090683649,2.1764849174072483
51.0,102.0,132.71798706054688,0.5464869515593413,1.4916429100247612,-3.964199330271016,-3.2969769474339143,-0.5290983438047037,-0.5427832480899801,0.4068444388110542,3.684702511219368,-1.285180194085847,2.1764849174072483
51.0,102.0,132.71798706054688,0.547931734535194,1.4916444308759993,-3.96417728862352,-3.296974446136193,-0.5284731434418938,-0.542783248480857,0.4068444388110542,3.684702511219368,-1.28593090683649,2.2013287184102244
51.0,102.0,132.71798706054688,0.5464869515593413,1.4821482334196323,-3.9627833656592713,-3.296974420163529,-0.5293050586164001,-0.542783248480857,0.4069286292184919,3.684702511219368,-1.285998893089245,2.177621474870984
51.0,102.0,132.71798706054688,0.5464869515593413,1.4916429100247612,-3.96417728862352,-3.296974421841693,-0.5284731434418938,-0.542783248480857,0.4068444388110542,3.684702511219368,-1.28593090683649,2.198397031042577
51.0,102.0,132.71798706054688,0.5464869515593413,1.482517788547935,-3.9627833656592713,-3.296974394653729,-0.5478459716740526,-0.542783248480857,0.3951300686400932,3.684702511219368,-1.2859984911198656,2.1764849174072483
51.0,102.0,132.71798706054688,0.5249919541185539,1.4852648654330431,-3.96417728862352,-3.296974421841693,-0.5284731434418938,-0.542783248480857,0.4068444388110542,3.684702511219368,-1.28593090683649,2.119662785743861
51.0,102.0,132.71798706054688,0.5464869515593413,1.4926515550780606,-3.96417733296261,-3.296974422047335,-0.5478459716740526,-0.542783248480857,0.4062829533335189,3.684702511219368,-1.2860005643369217,2.1764849174072483
51.0,102.0,132.71798706054688,0.5479174483400886,1.4824202039732457,-3.962773388871248,-3.296974394653729,-0.5478459716740526,-0.5427807309650935,0.3951300686400932,3.6850822975933206,-1.2879656341795476,2.1764849174072483
51.0,102.0,132.71798706054688,0.5555038926905743,1.4916429100247612,-3.9627911045975375,-3.296974430799972,-0.5290983438047037,-0.5427812922670958,0.4068511671469733,3.684702511219368,-1.285841691063858,2.173419172880881
51.0,102.0,132.71798706054688,0.5464869515593413,1.493389353693331,-3.96275441502908,-3.296974396559823,-0.5478459716740526,-0.5427728854968716,0.4080809198555752,3.684702511219368,-1.287280901606028,2.175536169990851
51.0,102.0,132.71798706054688,0.5464869515593413,1.4916429100247612,-3.96417728862352,-3.296974421841693,-0.5290983438047037,-0.542783248480857,0.4068444388110542,3.684702511219368,-1.28593090683649,2.176808998608992
51.0,102.0,132.71798706054688,0.5464804213346636,1.4821670627650685,-3.9628466015140353,-3.296974394653729,-0.5292615770913938,-0.5427829781200953,0.3933436265023748,3.684718757319974,-1.285368935192376,2.1764849174072483
51.0,102.0,132.71798706054688,0.5464804213346636,1.4908755293146785,-3.9628466015140353,-3.2969743948758885,-0.5292615770913938,-0.5427829781200953,0.4067891014101087,3.684718757319974,-1.2854231914860446,2.1764849174072483
51.0,102.0,132.71798706054688,0.5464869515593413,1.4937399316679838,-3.96417728862352,-3.296974421841693,-0.5284731434418938,-0.542783430553486,0.406916770480708,3.684702511219368,-1.28593090683649,2.198397031042577
51.0,102.0,132.71798706054688,0.555588600226788,1.4916429100247612,-3.962812620575576,-3.296974430799972,-0.5290983438047037,-0.5427832557228865,0.4068511671469733,3.684702511219368,-1.2858435195914035,2.173419172880881
51.0,102.0,132.71798706054688,0.5464804520427826,1.4918562493307657,-3.9628466015140353,-3.296974394653729,-0.5297995249270828,-0.5427832253379675,0.4066153596996837,3.6847188134652495,-1.285368935192376,2.1764849174072483
51.0,102.0,132.71798706054688,0.5464739265169358,1.4930584408114576,-3.964176282333258,-3.296974422047335,-0.5478459716740526,-0.542783248480857,0.4062829533335189,3.684702511219368,-1.2860005643369217,2.1764849174072483
51.0,102.0,132.71798706054688,0.5246306337557037,1.4824202039732457,-3.964190347889461,-3.296974421436887,-0.5478772116175262,-0.5427832209792938,0.3951300686400932,3.6850822975933206,-1.2879656341795476,2.1764849174072483
51.0,102.0,132.71798706054688,0.5464869515593413,1.4933767745916673,-3.96275441502908,-3.296974396559823,-0.5478459716740526,-0.5427727034242427,0.4080085881859213,3.684702511219368,-1.287280901606028,2.175536169990851
51.0,102.0,132.71798706054688,0.547995603061732,1.4917164894192332,-3.9641752382129662,-3.2969744089054585,-0.5296317975413513,-0.542783248480857,0.406824269401802,3.684702511219368,-1.288076596590648,2.1204508032109786
51.0,102.0,132.71798706054688,0.5479034268816786,1.491723582000695,-3.964199330271016,-3.296975784310652,-0.5290983438047037,-0.5427832480899801,0.4072537916913318,3.684702511219368,-1.283928513443087,2.1764849174072483
51.0,102.0,132.71798706054688,0.5464804213346636,1.482206488134251,-3.9628466015140353,-3.296973943037464,-0.5292615770913938,-0.5427832519342233,0.3933436265023748,3.6847020479311694,-1.285368935192376,2.1764849174072483
51.0,102.0,132.71798706054688,0.5464869515593413,1.485049435424452,-3.96284822819681,-3.296974394653729,-0.529628498782558,-0.5427829630008233,0.3951300686400932,3.684719548658677,-1.2859970402012424,2.1764849174072483
51.0,102.0,132.71798706054688,0.5464869515593413,1.4933272398349635,-3.96281587487419,-3.296974396559823,-0.5478459716740526,-0.5427725702548942,0.4080809198555752,3.684702511219368,-1.287280901606028,2.176461940832401
51.0,102.0,132.71798706054688,0.547931734535194,1.4916444308759993,-3.96417728862352,-3.296974422904934,-0.5284731434418938,-0.542783248480857,0.4068444388110542,3.684702511219368,-1.28593090683649,2.19910929935755
51.0,102.0,132.71798706054688,0.5482787687029388,1.4852648654330431,-3.9627603296053056,-3.296974395058535,-0.5284419034984201,-0.5427807584666569,0.4068444388110542,3.684702511219368,-1.28593090683649,2.119662785743861
51.0,102.0,132.71798706054688,0.5464869515593413,1.4824202039732457,-3.9627833656592713,-3.296974394653729,-0.5478459716740526,-0.542783248480857,0.3951300686400932,3.684702511219368,-1.285998893089245,2.1764849174072483
51.0,102.0,132.71798706054688,0.5464872573787461,1.4916429100247612,-3.962886994078815,-3.2969743986038007,-0.5284731434418938,-0.542783248480857,0.3939622937138499,3.684702511219368,-1.28593090683649,2.1777016208702262
51.0,102.0,132.71798706054688,0.555588600226788,1.4916429100247612,-3.962812620575576,-3.296974431613276,-0.5290983438047037,-0.5427832557228865,0.4003102449925799,3.684702511219368,-1.2858435195914035,2.173543032949119
51.0,102.0,132.71798706054688,0.5464918181284503,1.485049435424452,-3.96284822819681,-3.2969744469903945,-0.5296465067537744,-0.5427832435606037,0.3951300686400932,3.684719548658677,-1.2859970402012424,2.1754933749669902
51.0,102.0,132.71798706054688,0.5464869515593413,1.4825539934880496,-3.964199330271016,-3.2969769474339143,-0.5290983438047037,-0.5427832480899801,0.4068444388110542,3.684702511219368,-1.285180194085847,2.1764849174072483
51.0,102.0,132.71798706054688,0.5464869515593413,1.4918338080362274,-3.964237708336574,-3.296974422047335,-0.5478459716740526,-0.542783248480857,0.4062829533335189,3.684702511219368,-1.2859537004285744,2.1764849174072483
51.0,102.0,132.71798706054688,0.5464869515593413,1.4916429100247612,-3.9627911045975375,-3.296974421841693,-0.5290983438047037,-0.542783248480857,0.4068444388110542,3.684702511219368,-1.28593090683649,2.1764849174072483
51.0,102.0,132.71798706054688,0.5464869515593413,1.4821482334196323,-3.9627833656592713,-3.2969743949659303,-0.5291244054943868,-0.542783248480857,0.3953311542738066,3.684702511219368,-1.285998893089245,2.177621474870984
51.0,102.0,132.71798706054688,0.5479034268816786,1.491723582000695,-3.9641989933614448,-3.296975784310652,-0.5290983916013936,-0.5472469748240073,0.4072537916913318,3.684702511219368,-1.283928513443087,2.126364259633264
51.0,102.0,132.71798706054688,0.5464869515593413,1.4916389046979672,-3.964177333169982,-3.296974421841693,-0.5284731434418938,-0.542783248480857,0.4068535765733848,3.684702511219368,-1.2859307882593602,2.1999954759153986
51.0,102.0,132.71798706054688,0.547931734535194,1.4923368739872216,-3.962862464271104,-3.296974422904934,-0.5284733807101963,-0.5427832484008539,0.4068444388110542,3.6847025072552833,-1.2853213083895756,2.2001459653535544
51.0,102.0,132.71798706054688,0.5464801155152587,1.4821670627650685,-3.96413689605874,-3.296974417891621,-0.5292615770913938,-0.5427829781200953,0.4062257715995791,3.684718757319974,-1.285368935192376,2.1971803275796
51.0,102.0,132.71798706054688,0.5464869592929924,1.4924786266910888,-3.962778208898827,-3.296974422047335,-0.5478459716740526,-0.542783248480857,0.4058070469838288,3.684702511219368,-1.285998933967253,2.1764849174072483
51.0,102.0,132.71798706054688,0.5464869261855447,1.4916429100247612,-3.96287898071674,-3.296974421841693,-0.5279289536118298,-0.5427829851002453,0.406824269401802,3.684702511219368,-1.2854030649165036,2.17824412551446
51.0,102.0,132.71798706054688,0.5464869515593413,1.491509120509957,-3.964169549685253,-3.296974394653729,-0.5478459716740526,-0.542783248480857,0.3951300686400932,3.684702511219368,-1.285998893089245,2.1764849174072483
51.0,103.0,132.6691436767578,0.5478767451312376,1.4915358662970066,-3.962790493726648,-3.296974422904934,-0.5284934810086279,-0.5427832486342066,0.4070937757961815,3.584020426865266,-1.2853862917824352,2.19910929935755
51.0,103.0,132.71798706054688,0.5464869515593413,1.4916429100247612,-3.96417728862352,-3.296974421841693,-0.5290983438047037,-0.542783248480857,0.4068444388110542,3.684702511219368,-1.28593090683649,2.1764849174072483
51.0,103.0,132.71798706054688,0.5464869515593413,1.4824202039732457,-3.9627833656592713,-3.296974394653729,-0.5478459716740526,-0.542783248480857,0.3951300686400932,3.684702511219368,-1.285998893089245,2.1764849174072483
51.0,103.0,132.71798706054688,0.5464869515593413,1.4916429100247612,-3.96417728862352,-3.296974421841693,-0.5284731434418938,-0.542783248480857,0.4068444388110542,3.684702511219368,-1.28593090683649,2.198259197556541
51.0,103.0,132.71798706054688,0.5464869515593413,1.4916429100247612,-3.96417728862352,-3.296974421841693,-0.5284731434418938,-0.542783248480857,0.4068444388110542,3.684702511219368,-1.28593090683649,2.198259197556541
51.0,103.0,132.71798706054688,0.5464869515593413,1.4916429100247612,-3.9641773354510335,-3.296974421841693,-0.5290983438047037,-0.54278417134723,0.4068444388110542,3.684702511219368,-1.285180194085847,2.1764849174072483
51.0,103.0,132.71798706054688,0.5464869515593413,1.4824202039732457,-3.9627833656592713,-3.296974394653729,-0.5478459716740526,-0.542783248480857,0.3951300686400932,3.684702511219368,-1.285998893089245,2.1764849174072483
51.0,103.0,132.71798706054688,0.5464869515593413,1.4824202039732457,-3.964169549685253,-3.296974394653729,-0.5478459716740526,-0.542783248480857,0.3951300686400932,3.684702511219368,-1.285998893089245,2.1764849174072483
51.0,103.0,132.71798706054688,0.5464804213346636,1.4821670627650685,-3.9628466015140353,-3.296974394653729,-0.5292615770913938,-0.5427829781200953,0.3933436265023748,3.684718757319974,-1.285368935192376,2.1764849174072483
51.0,103.0,132.71798706054688,0.5464869515593413,1.4916429100247612,-3.9627911045975375,-3.296974421841693,-0.5290983438047037,-0.542783248480857,0.4068444388110542,3.684702511219368,-1.28593090683649,2.1764849174072483
51.0,103.0,132.71798706054688,0.5464869515593413,1.4916429100247612,-3.964199330271016,-3.2969769474339143,-0.5290983438047037,-0.5427832480899801,0.4068444388110542,3.684702511219368,-1.285180194085847,2.1764849174072483
51.0,103.0,132.71798706054688,0.547931734535194,1.4916444308759993,-3.96417728862352,-3.296974446136193,-0.5284731434418938,-0.542783248480857,0.4068444388110542,3.684702511219368,-1.28593090683649,2.2013287184102244
51.0,103.0,132.71798706054688,0.5464869515593413,1.4821482334196323,-3.9627833656592713,-3.296974420163529,-0.5293050586164001,-0.542783248480857,0.4069286292184919,3.684702511219368,-1.285998893089245,2.177621474870984
51.0,103.0,132.71798706054688,0.5464869515593413,1.4916429100247612,-3.96417728862352,-3.296974421841693,-0.5284731434418938,-0.542783248480857,0.4068444388110542,3.684702511219368,-1.28593090683649,2.198397031042577
51.0,103.0,132.71798706054688,0.5464869515593413,1.482517788547935,-3.9627833656592713,-3.296974394653729,-0.5478459716740526,-0.542783248480857,0.3951300686400932,3.684702511219368,-1.2859984911198656,2.1764849174072483
51.0,103.0,132.71798706054688,0.5249919541185539,1.4852648654330431,-3.96417728862352,-3.296974421841693,-0.5284731434418938,-0.542783248480857,0.4068444388110542,3.684702511219368,-1.28593090683649,2.119662785743861
51.0,103.0,132.71798706054688,0.5464869515593413,1.4926515550780606,-3.96417733296261,-3.296974422047335,-0.5478459716740526,-0.542783248480857,0.4062829533335189,3.684702511219368,-1.2860005643369217,2.1764849174072483
51.0,103.0,132.71798706054688,0.5479174483400886,1.4824202039732457,-3.962773388871248,-3.296974394653729,-0.5478459716740526,-0.5427807309650935,0.3951300686400932,3.6850822975933206,-1.2879656341795476,2.1764849174072483
51.0,103.0,132.71798706054688,0.5555038926905743,1.4916429100247612,-3.9627911045975375,-3.296974430799972,-0.5290983438047037,-0.5427812922670958,0.4068511671469733,3.684702511219368,-1.285841691063858,2.173419172880881
51.0,103.0,132.71798706054688,0.5464869515593413,1.493389353693331,-3.96275441502908,-3.296974396559823,-0.5478459716740526,-0.5427728854968716,0.4080809198555752,3.684702511219368,-1.287280901606028,2.175536169990851
51.0,103.0,132.71798706054688,0.5464869515593413,1.4916429100247612,-3.96417728862352,-3.296974421841693,-0.5290983438047037,-0.542783248480857,0.4068444388110542,3.684702511219368,-1.28593090683649,2.176808998608992
51.0,103.0,132.71798706054688,0.5464804213346636,1.4821670627650685,-3.9628466015140353,-3.296974394653729,-0.5292615770913938,-0.5427829781200953,0.3933436265023748,3.684718757319974,-1.285368935192376,2.1764849174072483
51.0,103.0,132.71798706054688,0.5464804213346636,1.4908755293146785,-3.9628466015140353,-3.2969743948758885,-0.5292615770913938,-0.5427829781200953,0.4067891014101087,3.684718757319974,-1.2854231914860446,2.1764849174072483
51.0,103.0,132.71798706054688,0.5464869515593413,1.4937399316679838,-3.96417728862352,-3.296974421841693,-0.5284731434418938,-0.542783430553486,0.406916770480708,3.684702511219368,-1.28593090683649,2.198397031042577
51.0,103.0,132.71798706054688,0.555588600226788,1.4916429100247612,-3.962812620575576,-3.296974430799972,-0.5290983438047037,-0.5427832557228865,0.4068511671469733,3.684702511219368,-1.2858435195914035,2.173419172880881
51.0,103.0,132.71798706054688,0.5464804520427826,1.4918562493307657,-3.9628466015140353,-3.296974394653729,-0.5297995249270828,-0.5427832253379675,0.4066153596996837,3.6847188134652495,-1.285368935192376,2.1764849174072483
51.0,103.0,132.71798706054688,0.5464739265169358,1.4930584408114576,-3.964176282333258,-3.296974422047335,-0.5478459716740526,-0.542783248480857,0.4062829533335189,3.684702511219368,-1.2860005643369217,2.1764849174072483
51.0,103.0,132.71798706054688,0.5246306337557037,1.4824202039732457,-3.964190347889461,-3.296974421436887,-0.5478772116175262,-0.5427832209792938,0.3951300686400932,3.6850822975933206,-1.2879656341795476,2.1764849174072483
51.0,103.0,132.71798706054688,0.5464869515593413,1.4933767745916673,-3.96275441502908,-3.296974396559823,-0.5478459716740526,-0.5427727034242427,0.4080085881859213,3.684702511219368,-1.287280901606028,2.175536169990851
51.0,103.0,132.71798706054688,0.547995603061732,1.4917164894192332,-3.9641752382129662,-3.2969744089054585,-0.5296317975413513,-0.542783248480857,0.406824269401802,3.684702511219368,-1.288076596590648,2.1204508032109786
51.0,103.0,132.71798706054688,0.5479034268816786,1.491723582000695,-3.964199330271016,-3.296975784310652,-0.5290983438047037,-0.5427832480899801,0.4072537916913318,3.684702511219368,-1.283928513443087,2.1764849174072483
51.0,103.0,132.71798706054688,0.5464804213346636,1.482206488134251,-3.9628466015140353,-3.296973943037464,-0.5292615770913938,-0.5427832519342233,0.3933436265023748,3.6847020479311694,-1.285368935192376,2.1764849174072483
51.0,103.0,132.71798706054688,0.5464869515593413,1.485049435424452,-3.96284822819681,-3.296974394653729,-0.529628498782558,-0.5427829630008233,0.3951300686400932,3.684719548658677,-1.2859970402012424,2.1764849174072483
51.0,103.0,132.71798706054688,0.5464869515593413,1.4933272398349635,-3.96281587487419,-3.296974396559823,-0.5478459716740526,-0.5427725702548942,0.4080809198555752,3.684702511219368,-1.287280901606028,2.176461940832401
51.0,103.0,132.71798706054688,0.547931734535194,1.4916444308759993,-3.96417728862352,-3.296974422904934,-0.5284731434418938,-0.542783248480857,0.4068444388110542,3.684702511219368,-1.28593090683649,2.19910929935755
51.0,103.0,132.71798706054688,0.5482787687029388,1.4852648654330431,-3.9627603296053056,-3.296974395058535,-0.5284419034984201,-0.5427807584666569,0.4068444388110542,3.684702511219368,-1.28593090683649,2.119662785743861
51.0,103.0,132.71798706054688,0.5464869515593413,1.4824202039732457,-3.9627833656592713,-3.296974394653729,-0.5478459716740526,-0.542783248480857,0.3951300686400932,3.684702511219368,-1.285998893089245,2.1764849174072483
51.0,103.0,132.71798706054688,0.5464872573787461,1.4916429100247612,-3.962886994078815,-3.2969743986038007,-0.5284731434418938,-0.542783248480857,0.3939622937138499,3.684702511219368,-1.28593090683649,2.1777016208702262
51.0,103.0,132.71798706054688,0.555588600226788,1.4916429100247612,-3.962812620575576,-3.296974431613276,-0.5290983438047037,-0.5427832557228865,0.4003102449925799,3.684702511219368,-1.2858435195914035,2.173543032949119
51.0,103.0,132.71798706054688,0.5464918181284503,1.485049435424452,-3.96284822819681,-3.2969744469903945,-0.5296465067537744,-0.5427832435606037,0.3951300686400932,3.684719548658677,-1.2859970402012424,2.1754933749669902
51.0,103.0,132.71798706054688,0.5464869515593413,1.4825539934880496,-3.964199330271016,-3.2969769474339143,-0.5290983438047037,-0.5427832480899801,0.4068444388110542,3.684702511219368,-1.285180194085847,2.1764849174072483
51.0,103.0,132.71798706054688,0.5464869515593413,1.4918338080362274,-3.964237708336574,-3.296974422047335,-0.5478459716740526,-0.542783248480857,0.4062829533335189,3.684702511219368,-1.2859537004285744,2.1764849174072483
51.0,103.0,132.71798706054688,0.5464869515593413,1.4916429100247612,-3.9627911045975375,-3.296974421841693,-0.5290983438047037,-0.542783248480857,0.4068444388110542,3.684702511219368,-1.28593090683649,2.1764849174072483
51.0,103.0,132.71798706054688,0.5464869515593413,1.4821482334196323,-3.9627833656592713,-3.2969743949659303,-0.5291244054943868,-0.542783248480857,0.3953311542738066,3.684702511219368,-1.285998893089245,2.177621474870984
51.0,103.0,132.71798706054688,0.5479034268816786,1.491723582000695,-3.9641989933614448,-3.296975784310652,-0.5290983916013936,-0.5472469748240073,0.4072537916913318,3.684702511219368,-1.283928513443087,2.126364259633264
51.0,103.0,132.71798706054688,0.5464869515593413,1.4916389046979672,-3.964177333169982,-3.296974421841693,-0.5284731434418938,-0.542783248480857,0.4068535765733848,3.684702511219368,-1.2859307882593602,2.1999954759153986
51.0,103.0,132.71798706054688,0.547931734535194,1.4923368739872216,-3.962862464271104,-3.296974422904934,-0.5284733807101963,-0.5427832484008539,0.4068444388110542,3.6847025072552833,-1.2853213083895756,2.2001459653535544
51.0,103.0,132.71798706054688,0.5464801155152587,1.4821670627650685,-3.96413689605874,-3.296974417891621,-0.5292615770913938,-0.5427829781200953,0.4062257715995791,3.684718757319974,-1.285368935192376,2.1971803275796
51.0,103.0,132.71798706054688,0.5464869592929924,1.4924786266910888,-3.962778208898827,-3.296974422047335,-0.5478459716740526,-0.542783248480857,0.4058070469838288,3.684702511219368,-1.285998933967253,2.1764849174072483
51.0,103.0,132.71798706054688,0.5464869261855447,1.4916429100247612,-3.96287898071674,-3.296974421841693,-0.5279289536118298,-0.5427829851002453,0.406824269401802,3.684702511219368,-1.2854030649165036,2.17824412551446
51.0,104.0,132.6691436767578,0.5478767451312376,1.4915358662970066,-3.962790493726648,-3.296974422904934,-0.5284934810086279,-0.5427832486342066,0.4070937757961815,3.584020426865266,-1.2853862917824352,2.19910929935755
51.0,104.0,132.71798706054688,0.5464869515593413,1.4916429100247612,-3.96417728862352,-3.296974421841693,-0.5290983438047037,-0.542783248480857,0.4068444388110542,3.684702511219368,-1.28593090683649,2.1764849174072483
51.0,104.0,132.71798706054688,0.5464869515593413,1.4824202039732457,-3.9627833656592713,-3.296974394653729,-0.5478459716740526,-0.542783248480857,0.3951300686400932,3.684702511219368,-1.285998893089245,2.1764849174072483
51.0,104.0,132.71798706054688,0.5464869515593413,1.4916429100247612,-3.96417728862352,-3.296974421841693,-0.5284731434418938,-0.542783248480857,0.4068444388110542,3.684702511219368,-1.28593090683649,2.198259197556541
51.0,104.0,132.71798706054688,0.5464869515593413,1.4916429100247612,-3.96417728862352,-3.296974421841693,-0.5284731434418938,-0.542783248480857,0.4068444388110542,3.684702511219368,-1.28593090683649,2.198259197556541
51.0,104.0,132.71798706054688,0.5464869515593413,1.4916429100247612,-3.9641773354510335,-3.296974421841693,-0.5290983438047037,-0.54278417134723,0.4068444388110542,3.684702511219368,-1.285180194085847,2.1764849174072483
51.0,104.0,132.71798706054688,0.5464869515593413,1.4824202039732457,-3.9627833656592713,-3.296974394653729,-0.5478459716740526,-0.542783248480857,0.3951300686400932,3.684702511219368,-1.285998893089245,2.1764849174072483
51.0,104.0,132.71798706054688,0.5464869515593413,1.4824202039732457,-3.964169549685253,-3.296974394653729,-0.5478459716740526,-0.542783248480857,0.3951300686400932,3.684702511219368,-1.285998893089245,2.1764849174072483
51.0,104.0,132.71798706054688,0.5464804213346636,1.4821670627650685,-3.9628466015140353,-3.296974394653729,-0.5292615770913938,-0.5427829781200953,0.3933436265023748,3.684718757319974,-1.285368935192376,2.1764849174072483
51.0,104.0,132.71798706054688,0.5464869515593413,1.4916429100247612,-3.9627911045975375,-3.296974421841693,-0.5290983438047037,-0.542783248480857,0.4068444388110542,3.684702511219368,-1.28593090683649,2.1764849174072483
51.0,104.0,132.71798706054688,0.5464869515593413,1.4916429100247612,-3.964199330271016,-3.2969769474339143,-0.5290983438047037,-0.5427832480899801,0.4068444388110542,3.684702511219368,-1.285180194085847,2.1764849174072483
51.0,104.0,132.71798706054688,0.547931734535194,1.4916444308759993,-3.96417728862352,-3.296974446136193,-0.5284731434418938,-0.542783248480857,0.4068444388110542,3.684702511219368,-1.28593090683649,2.2013287184102244
51.0,104.0,132.71798706054688,0.5464869515593413,1.4821482334196323,-3.9627833656592713,-3.296974420163529,-0.5293050586164001,-0.542783248480857,0.4069286292184919,3.684702511219368,-1.285998893089245,2.177621474870984
51.0,104.0,132.71798706054688,0.5464869515593413,1.4916429100247612,-3.96417728862352,-3.296974421841693,-0.5284731434418938,-0.542783248480857,0.4068444388110542,3.684702511219368,-1.28593090683649,2.198397031042577
51.0,104.0,132.71798706054688,0.5464869515593413,1.482517788547935,-3.9627833656592713,-3.296974394653729,-0.5478459716740526,-0.542783248480857,0.3951300686400932,3.684702511219368,-1.2859984911198656,2.1764849174072483
51.0,104.0,132.71798706054688,0.5249919541185539,1.4852648654330431,-3.96417728862352,-3.296974421841693,-0.5284731434418938,-0.542783248480857,0.4068444388110542,3.684702511219368,-1.28593090683649,2.119662785743861
51.0,104.0,132.71798706054688,0.5464869515593413,1.4926515550780606,-3.96417733296261,-3.296974422047335,-0.5478459716740526,-0.542783248480857,0.4062829533335189,3.684702511219368,-1.2860005643369217,2.1764849174072483
51.0,104.0,132.71798706054688,0.5479174483400886,1.4824202039732457,-3.962773388871248,-3.296974394653729,-0.5478459716740526,-0.5427807309650935,0.3951300686400932,3.6850822975933206,-1.2879656341795476,2.1764849174072483
51.0,104.0,132.71798706054688,0.5555038926905743,1.4916429100247612,-3.9627911045975375,-3.296974430799972,-0.5290983438047037,-0.5427812922670958,0.4068511671469733,3.684702511219368,-1.285841691063858,2.173419172880881
51.0,104.0,132.71798706054688,0.5464869515593413,1.493389353693331,-3.96275441502908,-3.296974396559823,-0.5478459716740526,-0.5427728854968716,0.4080809198555752,3.684702511219368,-1.287280901606028,2.175536169990851
51.0,104.0,132.71798706054688,0.5464869515593413,1.4916429100247612,-3.96417728862352,-3.296974421841693,-0.5290983438047037,-0.542783248480857,0.4068444388110542,3.684702511219368,-1.28593090683649,2.176808998608992
51.0,104.0,132.71798706054688,0.5464804213346636,1.4821670627650685,-3.9628466015140353,-3.296974394653729,-0.5292615770913938,-0.5427829781200953,0.3933436265023748,3.684718757319974,-1.285368935192376,2.1764849174072483
51.0,104.0,132.71798706054688,0.5464804213346636,1.4908755293146785,-3.9628466015140353,-3.2969743948758885,-0.5292615770913938,-0.5427829781200953,0.4067891014101087,3.684718757319974,-1.2854231914860446,2.1764849174072483
51.0,104.0,132.71798706054688,0.5464869515593413,1.4937399316679838,-3.96417728862352,-3.296974421841693,-0.5284731434418938,-0.542783430553486,0.406916770480708,3.684702511219368,-1.28593090683649,2.198397031042577
51.0,104.0,132.71798706054688,0.555588600226788,1.4916429100247612,-3.962812620575576,-3.296974430799972,-0.5290983438047037,-0.5427832557228865,0.4068511671469733,3.684702511219368,-1.2858435195914035,2.173419172880881
51.0,104.0,132.71798706054688,0.5464804520427826,1.4918562493307657,-3.9628466015140353,-3.296974394653729,-0.5297995249270828,-0.5427832253379675,0.4066153596996837,3.6847188134652495,-1.285368935192376,2.1764849174072483
51.0,104.0,132.71798706054688,0.5464739265169358,1.4930584408114576,-3.964176282333258,-3.296974422047335,-0.5478459716740526,-0.542783248480857,0.4062829533335189,3.684702511219368,-1.2860005643369217,2.1764849174072483
51.0,104.0,132.71798706054688,0.5246306337557037,1.4824202039732457,-3.964190347889461,-3.296974421436887,-0.5478772116175262,-0.5427832209792938,0.3951300686400932,3.6850822975933206,-1.2879656341795476,2.1764849174072483
51.0,104.0,132.71798706054688,0.5464869515593413,1.4933767745916673,-3.96275441502908,-3.296974396559823,-0.5478459716740526,-0.5427727034242427,0.4080085881859213,3.684702511219368,-1.287280901606028,2.175536169990851
51.0,104.0,132.71798706054688,0.547995603061732,1.4917164894192332,-3.9641752382129662,-3.2969744089054585,-0.5296317975413513,-0.542783248480857,0.406824269401802,3.684702511219368,-1.288076596590648,2.1204508032109786
51.0,104.0,132.71798706054688,0.5479034268816786,1.491723582000695,-3.964199330271016,-3.296975784310652,-0.5290983438047037,-0.5427832480899801,0.4072537916913318,3.684702511219368,-1.283928513443087,2.1764849174072483
51.0,104.0,132.71798706054688,0.5464804213346636,1.482206488134251,-3.9628466015140353,-3.296973943037464,-0.5292615770913938,-0.5427832519342233,0.3933436265023748,3.6847020479311694,-1.285368935192376,2.1764849174072483
51.0,104.0,132.71798706054688,0.5464869515593413,1.485049435424452,-3.96284822819681,-3.296974394653729,-0.529628498782558,-0.5427829630008233,0.3951300686400932,3.684719548658677,-1.2859970402012424,2.1764849174072483
51.0,104.0,132.71798706054688,0.5464869515593413,1.4933272398349635,-3.96281587487419,-3.296974396559823,-0.5478459716740526,-0.5427725702548942,0.4080809198555752,3.684702511219368,-1.287280901606028,2.176461940832401
51.0,104.0,132.71798706054688,0.547931734535194,1.4916444308759993,-3.96417728862352,-3.296974422904934,-0.5284731434418938,-0.542783248480857,0.4068444388110542,3.684702511219368,-1.28593090683649,2.19910929935755
51.0,104.0,132.71798706054688,0.5482787687029388,1.4852648654330431,-3.9627603296053056,-3.296974395058535,-0.5284419034984201,-0.5427807584666569,0.4068444388110542,3.684702511219368,-1.28593090683649,2.119662785743861
51.0,104.0,132.71798706054688,0.5464869515593413,1.4824202039732457,-3.9627833656592713,-3.296974394653729,-0.5478459716740526,-0.542783248480857,0.3951300686400932,3.684702511219368,-1.285998893089245,2.1764849174072483
51.0,104.0,132.71798706054688,0.5464872573787461,1.4916429100247612,-3.962886994078815,-3.2969743986038007,-0.5284731434418938,-0.542783248480857,0.3939622937138499,3.684702511219368,-1.28593090683649,2.1777016208702262
51.0,104.0,132.71798706054688,0.555588600226788,1.4916429100247612,-3.962812620575576,-3.296974431613276,-0.5290983438047037,-0.5427832557228865,0.4003102449925799,3.684702511219368,-1.2858435195914035,2.173543032949119
51.0,104.0,132.71798706054688,0.5464918181284503,1.485049435424452,-3.96284822819681,-3.2969744469903945,-0.5296465067537744,-0.5427832435606037,0.3951300686400932,3.684719548658677,-1.2859970402012424,2.1754933749669902
51.0,104.0,132.71798706054688,0.5464869515593413,1.4825539934880496,-3.964199330271016,-3.2969769474339143,-0.5290983438047037,-0.5427832480899801,0.4068444388110542,3.684702511219368,-1.285180194085847,2.1764849174072483
51.0,104.0,132.71798706054688,0.5464869515593413,1.4918338080362274,-3.964237708336574,-3.296974422047335,-0.5478459716740526,-0.542783248480857,0.4062829533335189,3.684702511219368,-1.2859537004285744,2.1764849174072483
51.0,104.0,132.71798706054688,0.5464869515593413,1.4916429100247612,-3.9627911045975375,-3.296974421841693,-0.5290983438047037,-0.542783248480857,0.4068444388110542,3.684702511219368,-1.28593090683649,2.1764849174072483
51.0,104.0,132.71798706054688,0.5464869515593413,1.4821482334196323,-3.9627833656592713,-3.2969743949659303,-0.5291244054943868,-0.542783248480857,0.3953311542738066,3.684702511219368,-1.285998893089245,2.177621474870984
51.0,104.0,132.71798706054688,0.5479034268816786,1.491723582000695,-3.9641989933614448,-3.296975784310652,-0.5290983916013936,-0.5472469748240073,0.4072537916913318,3.684702511219368,-1.283928513443087,2.126364259633264
51.0,104.0,132.71798706054688,0.5464869515593413,1.4916389046979672,-3.964177333169982,-3.296974421841693,-0.5284731434418938,-0.542783248480857,0.4068535765733848,3.684702511219368,-1.2859307882593602,2.1999954759153986
51.0,104.0,132.71798706054688,0.547931734535194,1.4923368739872216,-3.962862464271104,-3.296974422904934,-0.5284733807101963,-0.5427832484008539,0.4068444388110542,3.6847025072552833,-1.2853213083895756,2.2001459653535544
51.0,104.0,132.71798706054688,0.5464801155152587,1.4821670627650685,-3.96413689605874,-3.296974417891621,-0.5292615770913938,-0.5427829781200953,0.4062257715995791,3.684718757319974,-1.285368935192376,2.1971803275796
51.0,104.0,132.71798706054688,0.5464869592929924,1.4924786266910888,-3.962778208898827,-3.296974422047335,-0.5478459716740526,-0.542783248480857,0.4058070469838288,3.684702511219368,-1.285998933967253,2.1764849174072483
51.0,104.0,132.71798706054688,0.5464869261855447,1.4916429100247612,-3.96287898071674,-3.296974421841693,-0.5279289536118298,-0.5427829851002453,0.406824269401802,3.684702511219368,-1.2854030649165036,2.17824412551446
51.0,105.0,132.6691436767578,0.5478767451312376,1.4915358662970066,-3.962790493726648,-3.296974422904934,-0.5284934810086279,-0.5427832486342066,0.4070937757961815,3.584020426865266,-1.2853862917824352,2.19910929935755
51.0,105.0,132.6691436767578,0.5480487115818202,1.4915358662970066,-3.962790493726648,-3.2969744308242444,-0.5290926306420186,-0.5427832486342066,0.4070937757961815,3.584020426865266,-1.285392212663486,2.19910929935755
51.0,105.0,132.6691436767578,0.5478767451312376,1.4915358662970066,-3.9626979109957854,-3.2969744240568213,-0.5284934810086279,-0.5427832486342066,0.4070937757961815,3.584020426865266,-1.2852249588266889,2.19910929935755
51.0,105.0,132.71798706054688,0.5464869515593413,1.4916429100247612,-3.96417728862352,-3.296974421841693,-0.5290983438047037,-0.542783248480857,0.4068444388110542,3.684702511219368,-1.28593090683649,2.1764849174072483
51.0,105.0,132.71798706054688,0.5464869515593413,1.4824202039732457,-3.9627833656592713,-3.296974394653729,-0.5478459716740526,-0.542783248480857,0.3951300686400932,3.684702511219368,-1.285998893089245,2.1764849174072483
51.0,105.0,132.71798706054688,0.5464869515593413,1.4916429100247612,-3.96417728862352,-3.296974421841693,-0.5284731434418938,-0.542783248480857,0.4068444388110542,3.684702511219368,-1.28593090683649,2.198259197556541
51.0,105.0,132.71798706054688,0.5464869515593413,1.4916429100247612,-3.96417728862352,-3.296974421841693,-0.5284731434418938,-0.542783248480857,0.4068444388110542,3.684702511219368,-1.28593090683649,2.198259197556541
51.0,105.0,132.71798706054688,0.5464869515593413,1.4916429100247612,-3.9641773354510335,-3.296974421841693,-0.5290983438047037,-0.54278417134723,0.4068444388110542,3.684702511219368,-1.285180194085847,2.1764849174072483
51.0,105.0,132.71798706054688,0.5464869515593413,1.4824202039732457,-3.9627833656592713,-3.296974394653729,-0.5478459716740526,-0.542783248480857,0.3951300686400932,3.684702511219368,-1.285998893089245,2.1764849174072483
51.0,105.0,132.71798706054688,0.5464869515593413,1.4824202039732457,-3.964169549685253,-3.296974394653729,-0.5478459716740526,-0.542783248480857,0.3951300686400932,3.684702511219368,-1.285998893089245,2.1764849174072483
51.0,105.0,132.71798706054688,0.5464804213346636,1.4821670627650685,-3.9628466015140353,-3.296974394653729,-0.5292615770913938,-0.5427829781200953,0.3933436265023748,3.684718757319974,-1.285368935192376,2.1764849174072483
51.0,105.0,132.71798706054688,0.5464869515593413,1.4916429100247612,-3.9627911045975375,-3.296974421841693,-0.5290983438047037,-0.542783248480857,0.4068444388110542,3.684702511219368,-1.28593090683649,2.1764849174072483
51.0,105.0,132.71798706054688,0.5464869515593413,1.4916429100247612,-3.964199330271016,-3.2969769474339143,-0.5290983438047037,-0.5427832480899801,0.4068444388110542,3.684702511219368,-1.285180194085847,2.1764849174072483
51.0,105.0,132.71798706054688,0.547931734535194,1.4916444308759993,-3.96417728862352,-3.296974446136193,-0.5284731434418938,-0.542783248480857,0.4068444388110542,3.684702511219368,-1.28593090683649,2.2013287184102244
51.0,105.0,132.71798706054688,0.5464869515593413,1.4821482334196323,-3.9627833656592713,-3.296974420163529,-0.5293050586164001,-0.542783248480857,0.4069286292184919,3.684702511219368,-1.285998893089245,2.177621474870984
51.0,105.0,132.71798706054688,0.5464869515593413,1.4916429100247612,-3.96417728862352,-3.296974421841693,-0.5284731434418938,-0.542783248480857,0.4068444388110542,3.684702511219368,-1.28593090683649,2.198397031042577
51.0,105.0,132.71798706054688,0.5464869515593413,1.482517788547935,-3.9627833656592713,-3.296974394653729,-0.5478459716740526,-0.542783248480857,0.3951300686400932,3.684702511219368,-1.2859984911198656,2.1764849174072483
51.0,105.0,132.71798706054688,0.5249919541185539,1.4852648654330431,-3.96417728862352,-3.296974421841693,-0.5284731434418938,-0.542783248480857,0.4068444388110542,3.684702511219368,-1.28593090683649,2.119662785743861
51.0,105.0,132.71798706054688,0.5464869515593413,1.4926515550780606,-3.96417733296261,-3.296974422047335,-0.5478459716740526,-0.542783248480857,0.4062829533335189,3.684702511219368,-1.2860005643369217,2.1764849174072483
51.0,105.0,132.71798706054688,0.5479174483400886,1.4824202039732457,-3.962773388871248,-3.296974394653729,-0.5478459716740526,-0.5427807309650935,0.3951300686400932,3.6850822975933206,-1.2879656341795476,2.1764849174072483
51.0,105.0,132.71798706054688,0.5555038926905743,1.4916429100247612,-3.9627911045975375,-3.296974430799972,-0.5290983438047037,-0.5427812922670958,0.4068511671469733,3.684702511219368,-1.285841691063858,2.173419172880881
51.0,105.0,132.71798706054688,0.5464869515593413,1.493389353693331,-3.96275441502908,-3.296974396559823,-0.5478459716740526,-0.5427728854968716,0.4080809198555752,3.684702511219368,-1.287280901606028,2.175536169990851
51.0,105.0,132.71798706054688,0.5464869515593413,1.4916429100247612,-3.96417728862352,-3.296974421841693,-0.5290983438047037,-0.542783248480857,0.4068444388110542,3.684702511219368,-1.28593090683649,2.176808998608992
51.0,105.0,132.71798706054688,0.5464804213346636,1.4821670627650685,-3.9628466015140353,-3.296974394653729,-0.5292615770913938,-0.5427829781200953,0.3933436265023748,3.684718757319974,-1.285368935192376,2.1764849174072483
51.0,105.0,132.71798706054688,0.5464804213346636,1.4908755293146785,-3.9628466015140353,-3.2969743948758885,-0.5292615770913938,-0.5427829781200953,0.4067891014101087,3.684718757319974,-1.2854231914860446,2.1764849174072483
51.0,105.0,132.71798706054688,0.5464869515593413,1.4937399316679838,-3.96417728862352,-3.296974421841693,-0.5284731434418938,-0.542783430553486,0.406916770480708,3.684702511219368,-1.28593090683649,2.198397031042577
51.0,105.0,132.71798706054688,0.555588600226788,1.4916429100247612,-3.962812620575576,-3.296974430799972,-0.5290983438047037,-0.5427832557228865,0.4068511671469733,3.684702511219368,-1.2858435195914035,2.173419172880881
51.0,105.0,132.71798706054688,0.5464804520427826,1.4918562493307657,-3.9628466015140353,-3.296974394653729,-0.5297995249270828,-0.5427832253379675,0.4066153596996837,3.6847188134652495,-1.285368935192376,2.1764849174072483
51.0,105.0,132.71798706054688,0.5464739265169358,1.4930584408114576,-3.964176282333258,-3.296974422047335,-0.5478459716740526,-0.542783248480857,0.4062829533335189,3.684702511219368,-1.2860005643369217,2.1764849174072483
51.0,105.0,132.71798706054688,0.5246306337557037,1.4824202039732457,-3.964190347889461,-3.296974421436887,-0.5478772116175262,-0.5427832209792938,0.3951300686400932,3.6850822975933206,-1.2879656341795476,2.1764849174072483
51.0,105.0,132.71798706054688,0.5464869515593413,1.4933767745916673,-3.96275441502908,-3.296974396559823,-0.5478459716740526,-0.5427727034242427,0.4080085881859213,3.684702511219368,-1.287280901606028,2.175536169990851
51.0,105.0,132.71798706054688,0.547995603061732,1.4917164894192332,-3.9641752382129662,-3.2969744089054585,-0.5296317975413513,-0.542783248480857,0.406824269401802,3.684702511219368,-1.288076596590648,2.1204508032109786
51.0,105.0,132.71798706054688,0.5479034268816786,1.491723582000695,-3.964199330271016,-3.296975784310652,-0.5290983438047037,-0.5427832480899801,0.4072537916913318,3.684702511219368,-1.283928513443087,2.1764849174072483
51.0,105.0,132.71798706054688,0.5464804213346636,1.482206488134251,-3.9628466015140353,-3.296973943037464,-0.5292615770913938,-0.5427832519342233,0.3933436265023748,3.6847020479311694,-1.285368935192376,2.1764849174072483
51.0,105.0,132.71798706054688,0.5464869515593413,1.485049435424452,-3.96284822819681,-3.296974394653729,-0.529628498782558,-0.5427829630008233,0.3951300686400932,3.684719548658677,-1.2859970402012424,2.1764849174072483
51.0,105.0,132.71798706054688,0.5464869515593413,1.4933272398349635,-3.96281587487419,-3.296974396559823,-0.5478459716740526,-0.5427725702548942,0.4080809198555752,3.684702511219368,-1.287280901606028,2.176461940832401
51.0,105.0,132.71798706054688,0.547931734535194,1.4916444308759993,-3.96417728862352,-3.296974422904934,-0.5284731434418938,-0.542783248480857,0.4068444388110542,3.684702511219368,-1.28593090683649,2.19910929935755
51.0,105.0,132.71798706054688,0.5482787687029388,1.4852648654330431,-3.9627603296053056,-3.296974395058535,-0.5284419034984201,-0.5427807584666569,0.4068444388110542,3.684702511219368,-1.28593090683649,2.119662785743861
51.0,105.0,132.71798706054688,0.5464869515593413,1.4824202039732457,-3.9627833656592713,-3.296974394653729,-0.5478459716740526,-0.542783248480857,0.3951300686400932,3.684702511219368,-1.285998893089245,2.1764849174072483
51.0,105.0,132.71798706054688,0.5464872573787461,1.4916429100247612,-3.962886994078815,-3.2969743986038007,-0.5284731434418938,-0.542783248480857,0.3939622937138499,3.684702511219368,-1.28593090683649,2.1777016208702262
51.0,105.0,132.71798706054688,0.555588600226788,1.4916429100247612,-3.962812620575576,-3.296974431613276,-0.5290983438047037,-0.5427832557228865,0.4003102449925799,3.684702511219368,-1.2858435195914035,2.173543032949119
51.0,105.0,132.71798706054688,0.5464918181284503,1.485049435424452,-3.96284822819681,-3.2969744469903945,-0.5296465067537744,-0.5427832435606037,0.3951300686400932,3.684719548658677,-1.2859970402012424,2.1754933749669902
51.0,105.0,132.71798706054688,0.5464869515593413,1.4825539934880496,-3.964199330271016,-3.2969769474339143,-0.5290983438047037,-0.5427832480899801,0.4068444388110542,3.684702511219368,-1.285180194085847,2.1764849174072483
51.0,105.0,132.71798706054688,0.5464869515593413,1.4918338080362274,-3.964237708336574,-3.296974422047335,-0.5478459716740526,-0.542783248480857,0.4062829533335189,3.684702511219368,-1.2859537004285744,2.1764849174072483
51.0,105.0,132.71798706054688,0.5464869515593413,1.4916429100247612,-3.9627911045975375,-3.296974421841693,-0.5290983438047037,-0.542783248480857,0.4068444388110542,3.684702511219368,-1.28593090683649,2.1764849174072483
51.0,105.0,132.71798706054688,0.5464869515593413,1.4821482334196323,-3.9627833656592713,-3.2969743949659303,-0.5291244054943868,-0.542783248480857,0.3953311542738066,3.684702511219368,-1.285998893089245,2.177621474870984
51.0,105.0,132.71798706054688,0.5479034268816786,1.491723582000695,-3.9641989933614448,-3.296975784310652,-0.5290983916013936,-0.5472469748240073,0.4072537916913318,3.684702511219368,-1.283928513443087,2.126364259633264
51.0,105.0,132.71798706054688,0.5464869515593413,1.4916389046979672,-3.964177333169982,-3.296974421841693,-0.5284731434418938,-0.542783248480857,0.4068535765733848,3.684702511219368,-1.2859307882593602,2.1999954759153986
51.0,105.0,132.71798706054688,0.547931734535194,1.4923368739872216,-3.962862464271104,-3.296974422904934,-0.5284733807101963,-0.5427832484008539,0.4068444388110542,3.6847025072552833,-1.2853213083895756,2.2001459653535544
51.0,105.0,132.71798706054688,0.5464801155152587,1.4821670627650685,-3.96413689605874,-3.296974417891621,-0.5292615770913938,-0.5427829781200953,0.4062257715995791,3.684718757319974,-1.285368935192376,2.1971803275796
51.0,106.0,132.6691436767578,0.5478767451312376,1.4915358662970066,-3.962790493726648,-3.296974422904934,-0.5284934810086279,-0.5427832486342066,0.4070937757961815,3.584020426865266,-1.2853862917824352,2.19910929935755
51.0,106.0,132.6691436767578,0.5480487115818202,1.4915358662970066,-3.962790493726648,-3.2969744308242444,-0.5290926306420186,-0.5427832486342066,0.4070937757961815,3.584020426865266,-1.285392212663486,2.19910929935755
51.0,106.0,132.6691436767578,0.5478767451312376,1.4915358662970066,-3.9626979109957854,-3.2969744240568213,-0.5284934810086279,-0.5427832486342066,0.4070937757961815,3.584020426865266,-1.2852249588266889,2.19910929935755
51.0,106.0,132.6691436767578,0.5480520010139115,1.4915358662970066,-3.962790493726648,-3.2969744233462746,-0.5290926306420186,-0.5427832486342066,0.4070937757961815,3.584020426865266,-1.2853863292754786,2.19910929935755
51.0,106.0,132.6691436767578,0.5480499664137474,1.4915358662970066,-3.9626979109957854,-3.296974393913464,-0.5284934810086279,-0.5427832486342066,0.4067644319204032,3.584020426865266,-1.285215357502278,2.1990371341234494
51.0,106.0,132.6691436767578,0.5478734556991464,1.4915358662970066,-3.962790493726648,-3.296974430382904,-0.5284934810086279,-0.5427832486342066,0.4070937757961815,3.584020426865266,-1.285392175170443,2.19910929935755
51.0,106.0,132.6756591796875,0.5463079570607877,1.4932477729453992,-3.9626979109957854,-3.2969744240568213,-0.5284934810086279,-0.5427832486342066,0.4070937757961815,3.584020426865266,-1.2852249588266889,2.176138620883802
51.0,106.0,132.71798706054688,0.5464869515593413,1.4916429100247612,-3.96417728862352,-3.296974421841693,-0.5290983438047037,-0.542783248480857,0.4068444388110542,3.684702511219368,-1.28593090683649,2.1764849174072483
51.0,106.0,132.71798706054688,0.5464869515593413,1.4824202039732457,-3.9627833656592713,-3.296974394653729,-0.5478459716740526,-0.542783248480857,0.3951300686400932,3.684702511219368,-1.285998893089245,2.1764849174072483
51.0,106.0,132.71798706054688,0.5464869515593413,1.4916429100247612,-3.96417728862352,-3.296974421841693,-0.5284731434418938,-0.542783248480857,0.4068444388110542,3.684702511219368,-1.28593090683649,2.198259197556541
51.0,106.0,132.71798706054688,0.5464869515593413,1.4916429100247612,-3.96417728862352,-3.296974421841693,-0.5284731434418938,-0.542783248480857,0.4068444388110542,3.684702511219368,-1.28593090683649,2.198259197556541
51.0,106.0,132.71798706054688,0.5464869515593413,1.4916429100247612,-3.9641773354510335,-3.296974421841693,-0.5290983438047037,-0.54278417134723,0.4068444388110542,3.684702511219368,-1.285180194085847,2.1764849174072483
51.0,106.0,132.71798706054688,0.5464869515593413,1.4824202039732457,-3.9627833656592713,-3.296974394653729,-0.5478459716740526,-0.542783248480857,0.3951300686400932,3.684702511219368,-1.285998893089245,2.1764849174072483
51.0,106.0,132.71798706054688,0.5464869515593413,1.4824202039732457,-3.964169549685253,-3.296974394653729,-0.5478459716740526,-0.542783248480857,0.3951300686400932,3.684702511219368,-1.285998893089245,2.1764849174072483
51.0,106.0,132.71798706054688,0.5464804213346636,1.4821670627650685,-3.9628466015140353,-3.296974394653729,-0.5292615770913938,-0.5427829781200953,0.3933436265023748,3.684718757319974,-1.285368935192376,2.1764849174072483
51.0,106.0,132.71798706054688,0.5464869515593413,1.4916429100247612,-3.9627911045975375,-3.296974421841693,-0.5290983438047037,-0.542783248480857,0.4068444388110542,3.684702511219368,-1.28593090683649,2.1764849174072483
51.0,106.0,132.71798706054688,0.5464869515593413,1.4916429100247612,-3.964199330271016,-3.2969769474339143,-0.5290983438047037,-0.5427832480899801,0.4068444388110542,3.684702511219368,-1.285180194085847,2.1764849174072483
51.0,106.0,132.71798706054688,0.547931734535194,1.4916444308759993,-3.96417728862352,-3.296974446136193,-0.5284731434418938,-0.542783248480857,0.4068444388110542,3.684702511219368,-1.28593090683649,2.2013287184102244
51.0,106.0,132.71798706054688,0.5464869515593413,1.4821482334196323,-3.9627833656592713,-3.296974420163529,-0.5293050586164001,-0.542783248480857,0.4069286292184919,3.684702511219368,-1.285998893089245,2.177621474870984
51.0,106.0,132.71798706054688,0.5464869515593413,1.4916429100247612,-3.96417728862352,-3.296974421841693,-0.5284731434418938,-0.542783248480857,0.4068444388110542,3.684702511219368,-1.28593090683649,2.198397031042577
51.0,106.0,132.71798706054688,0.5464869515593413,1.482517788547935,-3.9627833656592713,-3.296974394653729,-0.5478459716740526,-0.542783248480857,0.3951300686400932,3.684702511219368,-1.2859984911198656,2.1764849174072483
51.0,106.0,132.71798706054688,0.5249919541185539,1.4852648654330431,-3.96417728862352,-3.296974421841693,-0.5284731434418938,-0.542783248480857,0.4068444388110542,3.684702511219368,-1.28593090683649,2.119662785743861
51.0,106.0,132.71798706054688,0.5464869515593413,1.4926515550780606,-3.96417733296261,-3.296974422047335,-0.5478459716740526,-0.542783248480857,0.4062829533335189,3.684702511219368,-1.2860005643369217,2.1764849174072483
51.0,106.0,132.71798706054688,0.5479174483400886,1.4824202039732457,-3.962773388871248,-3.296974394653729,-0.5478459716740526,-0.5427807309650935,0.3951300686400932,3.6850822975933206,-1.2879656341795476,2.1764849174072483
51.0,106.0,132.71798706054688,0.5555038926905743,1.4916429100247612,-3.9627911045975375,-3.296974430799972,-0.5290983438047037,-0.5427812922670958,0.4068511671469733,3.684702511219368,-1.285841691063858,2.173419172880881
51.0,106.0,132.71798706054688,0.5464869515593413,1.493389353693331,-3.96275441502908,-3.296974396559823,-0.5478459716740526,-0.5427728854968716,0.4080809198555752,3.684702511219368,-1.287280901606028,2.175536169990851
51.0,106.0,132.71798706054688,0.5464869515593413,1.4916429100247612,-3.96417728862352,-3.296974421841693,-0.5290983438047037,-0.542783248480857,0.4068444388110542,3.684702511219368,-1.28593090683649,2.176808998608992
51.0,106.0,132.71798706054688,0.5464804213346636,1.4821670627650685,-3.9628466015140353,-3.296974394653729,-0.5292615770913938,-0.5427829781200953,0.3933436265023748,3.684718757319974,-1.285368935192376,2.1764849174072483
51.0,106.0,132.71798706054688,0.5464804213346636,1.4908755293146785,-3.9628466015140353,-3.2969743948758885,-0.5292615770913938,-0.5427829781200953,0.4067891014101087,3.684718757319974,-1.2854231914860446,2.1764849174072483
51.0,106.0,132.71798706054688,0.5464869515593413,1.4937399316679838,-3.96417728862352,-3.296974421841693,-0.5284731434418938,-0.542783430553486,0.406916770480708,3.684702511219368,-1.28593090683649,2.198397031042577
51.0,106.0,132.71798706054688,0.555588600226788,1.4916429100247612,-3.962812620575576,-3.296974430799972,-0.5290983438047037,-0.5427832557228865,0.4068511671469733,3.684702511219368,-1.2858435195914035,2.173419172880881
51.0,106.0,132.71798706054688,0.5464804520427826,1.4918562493307657,-3.9628466015140353,-3.296974394653729,-0.5297995249270828,-0.5427832253379675,0.4066153596996837,3.6847188134652495,-1.285368935192376,2.1764849174072483
51.0,106.0,132.71798706054688,0.5464739265169358,1.4930584408114576,-3.964176282333258,-3.296974422047335,-0.5478459716740526,-0.542783248480857,0.4062829533335189,3.684702511219368,-1.2860005643369217,2.1764849174072483
51.0,106.0,132.71798706054688,0.5246306337557037,1.4824202039732457,-3.964190347889461,-3.296974421436887,-0.5478772116175262,-0.5427832209792938,0.3951300686400932,3.6850822975933206,-1.2879656341795476,2.1764849174072483
51.0,106.0,132.71798706054688,0.5464869515593413,1.4933767745916673,-3.96275441502908,-3.296974396559823,-0.5478459716740526,-0.5427727034242427,0.4080085881859213,3.684702511219368,-1.287280901606028,2.175536169990851
51.0,106.0,132.71798706054688,0.547995603061732,1.4917164894192332,-3.9641752382129662,-3.2969744089054585,-0.5296317975413513,-0.542783248480857,0.406824269401802,3.684702511219368,-1.288076596590648,2.1204508032109786
51.0,106.0,132.71798706054688,0.5479034268816786,1.491723582000695,-3.964199330271016,-3.296975784310652,-0.5290983438047037,-0.5427832480899801,0.4072537916913318,3.684702511219368,-1.283928513443087,2.1764849174072483
51.0,106.0,132.71798706054688,0.5464804213346636,1.482206488134251,-3.9628466015140353,-3.296973943037464,-0.5292615770913938,-0.5427832519342233,0.3933436265023748,3.6847020479311694,-1.285368935192376,2.1764849174072483
51.0,106.0,132.71798706054688,0.5464869515593413,1.485049435424452,-3.96284822819681,-3.296974394653729,-0.529628498782558,-0.5427829630008233,0.3951300686400932,3.684719548658677,-1.2859970402012424,2.1764849174072483
51.0,106.0,132.71798706054688,0.5464869515593413,1.4933272398349635,-3.96281587487419,-3.296974396559823,-0.5478459716740526,-0.5427725702548942,0.4080809198555752,3.684702511219368,-1.287280901606028,2.176461940832401
51.0,106.0,132.71798706054688,0.547931734535194,1.4916444308759993,-3.96417728862352,-3.296974422904934,-0.5284731434418938,-0.542783248480857,0.4068444388110542,3.684702511219368,-1.28593090683649,2.19910929935755
51.0,106.0,132.71798706054688,0.5482787687029388,1.4852648654330431,-3.9627603296053056,-3.296974395058535,-0.5284419034984201,-0.5427807584666569,0.4068444388110542,3.684702511219368,-1.28593090683649,2.119662785743861
51.0,106.0,132.71798706054688,0.5464869515593413,1.4824202039732457,-3.9627833656592713,-3.296974394653729,-0.5478459716740526,-0.542783248480857,0.3951300686400932,3.684702511219368,-1.285998893089245,2.1764849174072483
51.0,106.0,132.71798706054688,0.5464872573787461,1.4916429100247612,-3.962886994078815,-3.2969743986038007,-0.5284731434418938,-0.542783248480857,0.3939622937138499,3.684702511219368,-1.28593090683649,2.1777016208702262
51.0,106.0,132.71798706054688,0.555588600226788,1.4916429100247612,-3.962812620575576,-3.296974431613276,-0.5290983438047037,-0.5427832557228865,0.4003102449925799,3.684702511219368,-1.2858435195914035,2.173543032949119
51.0,106.0,132.71798706054688,0.5464918181284503,1.485049435424452,-3.96284822819681,-3.2969744469903945,-0.5296465067537744,-0.5427832435606037,0.3951300686400932,3.684719548658677,-1.2859970402012424,2.1754933749669902
51.0,106.0,132.71798706054688,0.5464869515593413,1.4825539934880496,-3.964199330271016,-3.2969769474339143,-0.5290983438047037,-0.5427832480899801,0.4068444388110542,3.684702511219368,-1.285180194085847,2.1764849174072483
51.0,106.0,132.71798706054688,0.5464869515593413,1.4918338080362274,-3.964237708336574,-3.296974422047335,-0.5478459716740526,-0.542783248480857,0.4062829533335189,3.684702511219368,-1.2859537004285744,2.1764849174072483
51.0,106.0,132.71798706054688,0.5464869515593413,1.4916429100247612,-3.9627911045975375,-3.296974421841693,-0.5290983438047037,-0.542783248480857,0.4068444388110542,3.684702511219368,-1.28593090683649,2.1764849174072483
51.0,106.0,132.71798706054688,0.5464869515593413,1.4821482334196323,-3.9627833656592713,-3.2969743949659303,-0.5291244054943868,-0.542783248480857,0.3953311542738066,3.684702511219368,-1.285998893089245,2.177621474870984
51.0,107.0,132.66603088378906,0.5478767451312376,1.4915359795965373,-3.962790493726648,-3.436627481727908,-0.5284934810086279,-0.5427832486342066,0.3945210196464752,3.584020426865266,-1.2853862917824352,2.2177114688184685
51.0,107.0,132.6691436767578,0.5478767451312376,1.4915358662970066,-3.962790493726648,-3.296974422904934,-0.5284934810086279,-0.5427832486342066,0.4070937757961815,3.584020426865266,-1.2853862917824352,2.19910929935755
51.0,107.0,132.6691436767578,0.5480487115818202,1.4915358662970066,-3.962790493726648,-3.2969744308242444,-0.5290926306420186,-0.5427832486342066,0.4070937757961815,3.584020426865266,-1.285392212663486,2.19910929935755
51.0,107.0,132.6691436767578,0.5478767451312376,1.4915358662970066,-3.9626979109957854,-3.2969744240568213,-0.5284934810086279,-0.5427832486342066,0.4070937757961815,3.584020426865266,-1.2852249588266889,2.19910929935755
51.0,107.0,132.6691436767578,0.5480520010139115,1.4915358662970066,-3.962790493726648,-3.2969744233462746,-0.5290926306420186,-0.5427832486342066,0.4070937757961815,3.584020426865266,-1.2853863292754786,2.19910929935755
51.0,107.0,132.6691436767578,0.5480499664137474,1.4915358662970066,-3.9626979109957854,-3.296974393913464,-0.5284934810086279,-0.5427832486342066,0.4067644319204032,3.584020426865266,-1.285215357502278,2.1990371341234494
51.0,107.0,132.6691436767578,0.5478734556991464,1.4915358662970066,-3.962790493726648,-3.296974430382904,-0.5284934810086279,-0.5427832486342066,0.4070937757961815,3.584020426865266,-1.285392175170443,2.19910929935755
51.0,107.0,132.6691436767578,0.5464869515593413,1.493389353693331,-3.96275441502908,-3.296974396573169,-0.5092478051571382,-0.5427728854968716,0.4080636368915708,3.5890338504836987,-1.2873242028928742,2.176109697968371
51.0,107.0,132.6691436767578,0.5480520010139115,1.4916461538172474,-3.962783978705452,-3.2969744233462746,-0.5284656185675538,-0.5427832486342066,0.4070937757961815,3.584020426865266,-1.2853668636081192,2.19910929935755
51.0,107.0,132.6691436767578,0.5480348047973594,1.4915358662970066,-3.96270189928064,-3.296974391913894,-0.5284934810086279,-0.5427832486342066,0.4070937757961815,3.584020426865266,-1.285392175170443,2.19910929935755
51.0,107.0,132.6756591796875,0.5463079570607877,1.4932477729453992,-3.9626979109957854,-3.2969744240568213,-0.5284934810086279,-0.5427832486342066,0.4070937757961815,3.584020426865266,-1.2852249588266889,2.176138620883802
51.0,107.0,132.6756591796875,0.5478734556991464,1.4915358662970066,-3.962790493726648,-3.296974430382904,-0.529146859200326,-0.5427832486342066,0.4070937757961815,3.584020426865266,-1.2860374740112444,2.1771106892462138
51.0,107.0,132.6756591796875,0.5463079570607877,1.4852943912916592,-3.9626979109957854,-3.296974424231002,-0.5284931602256168,-0.5427832486355815,0.4070937757961815,3.5822571030220387,-1.2852249588266889,2.176138620883802
51.0,107.0,132.6756591796875,0.5464869515593413,1.4850066279968337,-3.96284822819681,-3.296974394653729,-0.529628498782558,-0.5427829630008233,0.395833888461675,3.5863012796991107,-1.286007645012819,2.1764849174072483
51.0,107.0,132.6756591796875,0.5463079570607877,1.4932477729453992,-3.9626979109957854,-3.2969744306622624,-0.5284934810086279,-0.5427832486342066,0.4070937757961815,3.584020426865266,-1.2852249588266889,2.176138620883802
51.0,107.0,132.71798706054688,0.5464869515593413,1.4916429100247612,-3.96417728862352,-3.296974421841693,-0.5290983438047037,-0.542783248480857,0.4068444388110542,3.684702511219368,-1.28593090683649,2.1764849174072483
51.0,107.0,132.71798706054688,0.5464869515593413,1.4824202039732457,-3.9627833656592713,-3.296974394653729,-0.5478459716740526,-0.542783248480857,0.3951300686400932,3.684702511219368,-1.285998893089245,2.1764849174072483
51.0,107.0,132.71798706054688,0.5464869515593413,1.4916429100247612,-3.96417728862352,-3.296974421841693,-0.5284731434418938,-0.542783248480857,0.4068444388110542,3.684702511219368,-1.28593090683649,2.198259197556541
51.0,107.0,132.71798706054688,0.5464869515593413,1.4916429100247612,-3.96417728862352,-3.296974421841693,-0.5284731434418938,-0.542783248480857,0.4068444388110542,3.684702511219368,-1.28593090683649,2.198259197556541
51.0,107.0,132.71798706054688,0.5464869515593413,1.4916429100247612,-3.9641773354510335,-3.296974421841693,-0.5290983438047037,-0.54278417134723,0.4068444388110542,3.684702511219368,-1.285180194085847,2.1764849174072483
51.0,107.0,132.71798706054688,0.5464869515593413,1.4824202039732457,-3.9627833656592713,-3.296974394653729,-0.5478459716740526,-0.542783248480857,0.3951300686400932,3.684702511219368,-1.285998893089245,2.1764849174072483
51.0,107.0,132.71798706054688,0.5464869515593413,1.4824202039732457,-3.964169549685253,-3.296974394653729,-0.5478459716740526,-0.542783248480857,0.3951300686400932,3.684702511219368,-1.285998893089245,2.1764849174072483
51.0,107.0,132.71798706054688,0.5464804213346636,1.4821670627650685,-3.9628466015140353,-3.296974394653729,-0.5292615770913938,-0.5427829781200953,0.3933436265023748,3.684718757319974,-1.285368935192376,2.1764849174072483
51.0,107.0,132.71798706054688,0.5464869515593413,1.4916429100247612,-3.9627911045975375,-3.296974421841693,-0.5290983438047037,-0.542783248480857,0.4068444388110542,3.684702511219368,-1.28593090683649,2.1764849174072483
51.0,107.0,132.71798706054688,0.5464869515593413,1.4916429100247612,-3.964199330271016,-3.2969769474339143,-0.5290983438047037,-0.5427832480899801,0.4068444388110542,3.684702511219368,-1.285180194085847,2.1764849174072483
51.0,107.0,132.71798706054688,0.547931734535194,1.4916444308759993,-3.96417728862352,-3.296974446136193,-0.5284731434418938,-0.542783248480857,0.4068444388110542,3.684702511219368,-1.28593090683649,2.2013287184102244
51.0,107.0,132.71798706054688,0.5464869515593413,1.4821482334196323,-3.9627833656592713,-3.296974420163529,-0.5293050586164001,-0.542783248480857,0.4069286292184919,3.684702511219368,-1.285998893089245,2.177621474870984
51.0,107.0,132.71798706054688,0.5464869515593413,1.4916429100247612,-3.96417728862352,-3.296974421841693,-0.5284731434418938,-0.542783248480857,0.4068444388110542,3.684702511219368,-1.28593090683649,2.198397031042577
51.0,107.0,132.71798706054688,0.5464869515593413,1.482517788547935,-3.9627833656592713,-3.296974394653729,-0.5478459716740526,-0.542783248480857,0.3951300686400932,3.684702511219368,-1.2859984911198656,2.1764849174072483
51.0,107.0,132.71798706054688,0.5249919541185539,1.4852648654330431,-3.96417728862352,-3.296974421841693,-0.5284731434418938,-0.542783248480857,0.4068444388110542,3.684702511219368,-1.28593090683649,2.119662785743861
51.0,107.0,132.71798706054688,0.5464869515593413,1.4926515550780606,-3.96417733296261,-3.296974422047335,-0.5478459716740526,-0.542783248480857,0.4062829533335189,3.684702511219368,-1.2860005643369217,2.1764849174072483
51.0,107.0,132.71798706054688,0.5479174483400886,1.4824202039732457,-3.962773388871248,-3.296974394653729,-0.5478459716740526,-0.5427807309650935,0.3951300686400932,3.6850822975933206,-1.2879656341795476,2.1764849174072483
51.0,107.0,132.71798706054688,0.5555038926905743,1.4916429100247612,-3.9627911045975375,-3.296974430799972,-0.5290983438047037,-0.5427812922670958,0.4068511671469733,3.684702511219368,-1.285841691063858,2.173419172880881
51.0,107.0,132.71798706054688,0.5464869515593413,1.493389353693331,-3.96275441502908,-3.296974396559823,-0.5478459716740526,-0.5427728854968716,0.4080809198555752,3.684702511219368,-1.287280901606028,2.175536169990851
51.0,107.0,132.71798706054688,0.5464869515593413,1.4916429100247612,-3.96417728862352,-3.296974421841693,-0.5290983438047037,-0.542783248480857,0.4068444388110542,3.684702511219368,-1.28593090683649,2.176808998608992
51.0,107.0,132.71798706054688,0.5464804213346636,1.4821670627650685,-3.9628466015140353,-3.296974394653729,-0.5292615770913938,-0.5427829781200953,0.3933436265023748,3.684718757319974,-1.285368935192376,2.1764849174072483
51.0,107.0,132.71798706054688,0.5464804213346636,1.4908755293146785,-3.9628466015140353,-3.2969743948758885,-0.5292615770913938,-0.5427829781200953,0.4067891014101087,3.684718757319974,-1.2854231914860446,2.1764849174072483
51.0,107.0,132.71798706054688,0.5464869515593413,1.4937399316679838,-3.96417728862352,-3.296974421841693,-0.5284731434418938,-0.542783430553486,0.406916770480708,3.684702511219368,-1.28593090683649,2.198397031042577
51.0,107.0,132.71798706054688,0.555588600226788,1.4916429100247612,-3.962812620575576,-3.296974430799972,-0.5290983438047037,-0.5427832557228865,0.4068511671469733,3.684702511219368,-1.2858435195914035,2.173419172880881
51.0,107.0,132.71798706054688,0.5464804520427826,1.4918562493307657,-3.9628466015140353,-3.296974394653729,-0.5297995249270828,-0.5427832253379675,0.4066153596996837,3.6847188134652495,-1.285368935192376,2.1764849174072483
51.0,107.0,132.71798706054688,0.5464739265169358,1.4930584408114576,-3.964176282333258,-3.296974422047335,-0.5478459716740526,-0.542783248480857,0.4062829533335189,3.684702511219368,-1.2860005643369217,2.1764849174072483
51.0,107.0,132.71798706054688,0.5246306337557037,1.4824202039732457,-3.964190347889461,-3.296974421436887,-0.5478772116175262,-0.5427832209792938,0.3951300686400932,3.6850822975933206,-1.2879656341795476,2.1764849174072483
51.0,107.0,132.71798706054688,0.5464869515593413,1.4933767745916673,-3.96275441502908,-3.296974396559823,-0.5478459716740526,-0.5427727034242427,0.4080085881859213,3.684702511219368,-1.287280901606028,2.175536169990851
51.0,107.0,132.71798706054688,0.547995603061732,1.4917164894192332,-3.9641752382129662,-3.2969744089054585,-0.5296317975413513,-0.542783248480857,0.406824269401802,3.684702511219368,-1.288076596590648,2.1204508032109786
51.0,107.0,132.71798706054688,0.5479034268816786,1.491723582000695,-3.964199330271016,-3.296975784310652,-0.5290983438047037,-0.5427832480899801,0.4072537916913318,3.684702511219368,-1.283928513443087,2.1764849174072483
51.0,107.0,132.71798706054688,0.5464804213346636,1.482206488134251,-3.9628466015140353,-3.296973943037464,-0.5292615770913938,-0.5427832519342233,0.3933436265023748,3.6847020479311694,-1.285368935192376,2.1764849174072483
51.0,107.0,132.71798706054688,0.5464869515593413,1.485049435424452,-3.96284822819681,-3.296974394653729,-0.529628498782558,-0.5427829630008233,0.3951300686400932,3.684719548658677,-1.2859970402012424,2.1764849174072483
51.0,107.0,132.71798706054688,0.5464869515593413,1.4933272398349635,-3.96281587487419,-3.296974396559823,-0.5478459716740526,-0.5427725702548942,0.4080809198555752,3.684702511219368,-1.287280901606028,2.176461940832401
51.0,107.0,132.71798706054688,0.547931734535194,1.4916444308759993,-3.96417728862352,-3.296974422904934,-0.5284731434418938,-0.542783248480857,0.4068444388110542,3.684702511219368,-1.28593090683649,2.19910929935755
51.0,107.0,132.71798706054688,0.5482787687029388,1.4852648654330431,-3.9627603296053056,-3.296974395058535,-0.5284419034984201,-0.5427807584666569,0.4068444388110542,3.684702511219368,-1.28593090683649,2.119662785743861
51.0,108.0,132.66603088378906,0.5478767451312376,1.4915359795965373,-3.962790493726648,-3.436627481727908,-0.5284934810086279,-0.5427832486342066,0.3945210196464752,3.584020426865266,-1.2853862917824352,2.2177114688184685
51.0,108.0,132.66603088378906,0.5465542244987737,1.4842373151568264,-3.962790493726648,-3.436627481727908,-0.5285011718843096,-0.5427832486342066,0.394468155905251,3.586659163423473,-1.2860151458979066,2.2177114688184685
51.0,108.0,132.6691436767578,0.5478767451312376,1.4915358662970066,-3.962790493726648,-3.296974422904934,-0.5284934810086279,-0.5427832486342066,0.4070937757961815,3.584020426865266,-1.2853862917824352,2.19910929935755
51.0,108.0,132.6691436767578,0.5480487115818202,1.4915358662970066,-3.962790493726648,-3.2969744308242444,-0.5290926306420186,-0.5427832486342066,0.4070937757961815,3.584020426865266,-1.285392212663486,2.19910929935755
51.0,108.0,132.6691436767578,0.5478767451312376,1.4915358662970066,-3.9626979109957854,-3.2969744240568213,-0.5284934810086279,-0.5427832486342066,0.4070937757961815,3.584020426865266,-1.2852249588266889,2.19910929935755
51.0,108.0,132.6691436767578,0.5480520010139115,1.4915358662970066,-3.962790493726648,-3.2969744233462746,-0.5290926306420186,-0.5427832486342066,0.4070937757961815,3.584020426865266,-1.2853863292754786,2.19910929935755
51.0,108.0,132.6691436767578,0.5480499664137474,1.4915358662970066,-3.9626979109957854,-3.296974393913464,-0.5284934810086279,-0.5427832486342066,0.4067644319204032,3.584020426865266,-1.285215357502278,2.1990371341234494
51.0,108.0,132.6691436767578,0.5478734556991464,1.4915358662970066,-3.962790493726648,-3.296974430382904,-0.5284934810086279,-0.5427832486342066,0.4070937757961815,3.584020426865266,-1.285392175170443,2.19910929935755
51.0,108.0,132.6691436767578,0.5464869515593413,1.493389353693331,-3.96275441502908,-3.296974396573169,-0.5092478051571382,-0.5427728854968716,0.4080636368915708,3.5890338504836987,-1.2873242028928742,2.176109697968371
51.0,108.0,132.6691436767578,0.5480520010139115,1.4916461538172474,-3.962783978705452,-3.2969744233462746,-0.5284656185675538,-0.5427832486342066,0.4070937757961815,3.584020426865266,-1.2853668636081192,2.19910929935755
51.0,108.0,132.6691436767578,0.5480348047973594,1.4915358662970066,-3.96270189928064,-3.296974391913894,-0.5284934810086279,-0.5427832486342066,0.4070937757961815,3.584020426865266,-1.285392175170443,2.19910929935755
51.0,108.0,132.6691436767578,0.5480348047973594,1.4915358662970066,-3.96270189928064,-3.296974391913894,-0.5284934810086279,-0.5427832486342066,0.4070937757961815,3.584020426865266,-1.285392175170443,2.19910929935755
51.0,108.0,132.6691436767578,0.5480488082044779,1.4915358662970066,-3.962790493726648,-3.2969744308242444,-0.5290926306420186,-0.5427832486342066,0.4070937757961815,3.584020426865266,-1.285392212663486,2.19910929935755
51.0,108.0,132.6691436767578,0.5479039140620992,1.4915358662970066,-3.960757492357626,-3.296974565068423,-0.5284934810086279,-0.5427832480423629,0.4070937757961815,3.584020426865266,-1.2853862917824352,2.1991120415620604
51.0,108.0,132.6691436767578,0.5480498697910898,1.4915358662970066,-3.9626979109957854,-3.296974393913464,-0.5284934810086279,-0.5427832486342066,0.4067644319204032,3.584020426865266,-1.285215357502278,2.1990371341234494
51.0,108.0,132.6691436767578,0.5478934251194933,1.4933398728479614,-3.962754592428929,-3.296974430382904,-0.5087219557353937,-0.5427832486342066,0.4070937757961815,3.58906392111838,-1.2860357098191977,2.1771106892462138
51.0,108.0,132.6691436767578,0.5480354606004706,1.4915358662970066,-3.96270189928064,-3.296974390441759,-0.5284645127827263,-0.5427832486342066,0.4070937757961815,3.584020426865266,-1.285392212461539,2.19910929935755
51.0,108.0,132.6756591796875,0.5463079570607877,1.4932477729453992,-3.9626979109957854,-3.2969744240568213,-0.5284934810086279,-0.5427832486342066,0.4070937757961815,3.584020426865266,-1.2852249588266889,2.176138620883802
51.0,108.0,132.6756591796875,0.5478734556991464,1.4915358662970066,-3.962790493726648,-3.296974430382904,-0.529146859200326,-0.5427832486342066,0.4070937757961815,3.584020426865266,-1.2860374740112444,2.1771106892462138
51.0,108.0,132.6756591796875,0.5463079570607877,1.4852943912916592,-3.9626979109957854,-3.296974424231002,-0.5284931602256168,-0.5427832486355815,0.4070937757961815,3.5822571030220387,-1.2852249588266889,2.176138620883802
51.0,108.0,132.6756591796875,0.5464869515593413,1.4850066279968337,-3.96284822819681,-3.296974394653729,-0.529628498782558,-0.5427829630008233,0.395833888461675,3.5863012796991107,-1.286007645012819,2.1764849174072483
51.0,108.0,132.6756591796875,0.5463079570607877,1.4932477729453992,-3.9626979109957854,-3.2969744306622624,-0.5284934810086279,-0.5427832486342066,0.4070937757961815,3.584020426865266,-1.2852249588266889,2.176138620883802
51.0,108.0,132.6756591796875,0.5464669821389945,1.491585347142376,-3.9627903163268,-3.296974396573169,-0.5296727086220705,-0.5427728854968716,0.4080636368915708,3.583990356230585,-1.2873259670849213,2.176109697968371
51.0,108.0,132.6756591796875,0.5246306337557037,1.4824202039732457,-3.964098001571041,-3.2969744249264905,-0.5478772116175262,-0.5427832485555073,0.3951300686400932,3.5795982828360065,-1.285210392411662,2.1764849174072483
51.0,108.0,132.67860412597656,0.5464868315064195,1.4916461538172474,-3.962783978705452,-3.2969744233462746,-0.5284656185675538,-0.5427832486342066,0.3934657327124428,3.581661283944593,-1.2853668636081192,2.2013680763746777
51.0,108.0,132.6917724609375,0.5480521210668332,1.485049435424452,-3.96284822819681,-3.296974394653729,-0.529628498782558,-0.323229111468252,0.408758111723832,3.687078691579349,-1.1171105522274474,2.17422614039012
51.0,108.0,132.71798706054688,0.5464869515593413,1.4916429100247612,-3.96417728862352,-3.296974421841693,-0.5290983438047037,-0.542783248480857,0.4068444388110542,3.684702511219368,-1.28593090683649,2.1764849174072483
51.0,108.0,132.71798706054688,0.5464869515593413,1.4824202039732457,-3.9627833656592713,-3.296974394653729,-0.5478459716740526,-0.542783248480857,0.3951300686400932,3.684702511219368,-1.285998893089245,2.1764849174072483
51.0,108.0,132.71798706054688,0.5464869515593413,1.4916429100247612,-3.96417728862352,-3.296974421841693,-0.5284731434418938,-0.542783248480857,0.4068444388110542,3.684702511219368,-1.28593090683649,2.198259197556541
51.0,108.0,132.71798706054688,0.5464869515593413,1.4916429100247612,-3.96417728862352,-3.296974421841693,-0.5284731434418938,-0.542783248480857,0.4068444388110542,3.684702511219368,-1.28593090683649,2.198259197556541
51.0,108.0,132.71798706054688,0.5464869515593413,1.4916429100247612,-3.9641773354510335,-3.296974421841693,-0.5290983438047037,-0.54278417134723,0.4068444388110542,3.684702511219368,-1.285180194085847,2.1764849174072483
51.0,108.0,132.71798706054688,0.5464869515593413,1.4824202039732457,-3.9627833656592713,-3.296974394653729,-0.5478459716740526,-0.542783248480857,0.3951300686400932,3.684702511219368,-1.285998893089245,2.1764849174072483
51.0,108.0,132.71798706054688,0.5464869515593413,1.4824202039732457,-3.964169549685253,-3.296974394653729,-0.5478459716740526,-0.542783248480857,0.3951300686400932,3.684702511219368,-1.285998893089245,2.1764849174072483
51.0,108.0,132.71798706054688,0.5464804213346636,1.4821670627650685,-3.9628466015140353,-3.296974394653729,-0.5292615770913938,-0.5427829781200953,0.3933436265023748,3.684718757319974,-1.285368935192376,2.1764849174072483
51.0,108.0,132.71798706054688,0.5464869515593413,1.4916429100247612,-3.9627911045975375,-3.296974421841693,-0.5290983438047037,-0.542783248480857,0.4068444388110542,3.684702511219368,-1.28593090683649,2.1764849174072483
51.0,108.0,132.71798706054688,0.5464869515593413,1.4916429100247612,-3.964199330271016,-3.2969769474339143,-0.5290983438047037,-0.5427832480899801,0.4068444388110542,3.684702511219368,-1.285180194085847,2.1764849174072483
51.0,108.0,132.71798706054688,0.547931734535194,1.4916444308759993,-3.96417728862352,-3.296974446136193,-0.5284731434418938,-0.542783248480857,0.4068444388110542,3.684702511219368,-1.28593090683649,2.2013287184102244
51.0,108.0,132.71798706054688,0.5464869515593413,1.4821482334196323,-3.9627833656592713,-3.296974420163529,-0.5293050586164001,-0.542783248480857,0.4069286292184919,3.684702511219368,-1.285998893089245,2.177621474870984
51.0,108.0,132.71798706054688,0.5464869515593413,1.4916429100247612,-3.96417728862352,-3.296974421841693,-0.5284731434418938,-0.542783248480857,0.4068444388110542,3.684702511219368,-1.28593090683649,2.198397031042577
51.0,108.0,132.71798706054688,0.5464869515593413,1.482517788547935,-3.9627833656592713,-3.296974394653729,-0.5478459716740526,-0.542783248480857,0.3951300686400932,3.684702511219368,-1.2859984911198656,2.1764849174072483
51.0,108.0,132.71798706054688,0.5249919541185539,1.4852648654330431,-3.96417728862352,-3.296974421841693,-0.5284731434418938,-0.542783248480857,0.4068444388110542,3.684702511219368,-1.28593090683649,2.119662785743861
51.0,108.0,132.71798706054688,0.5464869515593413,1.4926515550780606,-3.96417733296261,-3.296974422047335,-0.5478459716740526,-0.542783248480857,0.4062829533335189,3.684702511219368,-1.2860005643369217,2.1764849174072483
51.0,108.0,132.71798706054688,0.5479174483400886,1.4824202039732457,-3.962773388871248,-3.296974394653729,-0.5478459716740526,-0.5427807309650935,0.3951300686400932,3.6850822975933206,-1.2879656341795476,2.1764849174072483
51.0,108.0,132.71798706054688,0.5555038926905743,1.4916429100247612,-3.9627911045975375,-3.296974430799972,-0.5290983438047037,-0.5427812922670958,0.4068511671469733,3.684702511219368,-1.285841691063858,2.173419172880881
51.0,108.0,132.71798706054688,0.5464869515593413,1.493389353693331,-3.96275441502908,-3.296974396559823,-0.5478459716740526,-0.5427728854968716,0.4080809198555752,3.684702511219368,-1.287280901606028,2.175536169990851
51.0,108.0,132.71798706054688,0.5464869515593413,1.4916429100247612,-3.96417728862352,-3.296974421841693,-0.5290983438047037,-0.542783248480857,0.4068444388110542,3.684702511219368,-1.28593090683649,2.176808998608992
51.0,108.0,132.71798706054688,0.5464804213346636,1.4821670627650685,-3.9628466015140353,-3.296974394653729,-0.5292615770913938,-0.5427829781200953,0.3933436265023748,3.684718757319974,-1.285368935192376,2.1764849174072483
51.0,108.0,132.71798706054688,0.5464804213346636,1.4908755293146785,-3.9628466015140353,-3.2969743948758885,-0.5292615770913938,-0.5427829781200953,0.4067891014101087,3.684718757319974,-1.2854231914860446,2.1764849174072483
51.0,108.0,132.71798706054688,0.5464869515593413,1.4937399316679838,-3.96417728862352,-3.296974421841693,-0.5284731434418938,-0.542783430553486,0.406916770480708,3.684702511219368,-1.28593090683649,2.198397031042577
51.0,108.0,132.71798706054688,0.555588600226788,1.4916429100247612,-3.962812620575576,-3.296974430799972,-0.5290983438047037,-0.5427832557228865,0.4068511671469733,3.684702511219368,-1.2858435195914035,2.173419172880881
51.0,109.0,132.6359100341797,0.5478767451312376,1.491535867135705,-3.962790493726648,-3.2992535065021813,-0.5284934810086279,-0.5427832486342066,0.394074483252153,3.584020426865266,-1.285212696538517,2.2177114688184685
51.0,109.0,132.6619110107422,0.5478767451312376,1.4915359787578388,-3.9626979109957854,-3.434348399282548,-0.5284934810086279,-0.5427832486342066,0.4075403121905037,3.584020426865266,-1.2853985540706068,2.19910929935755
51.0,109.0,132.66603088378906,0.5478767451312376,1.4915359795965373,-3.962790493726648,-3.436627481727908,-0.5284934810086279,-0.5427832486342066,0.3945210196464752,3.584020426865266,-1.2853862917824352,2.2177114688184685
51.0,109.0,132.66603088378906,0.5465542244987737,1.4842373151568264,-3.962790493726648,-3.436627481727908,-0.5285011718843096,-0.5427832486342066,0.394468155905251,3.586659163423473,-1.2860151458979066,2.2177114688184685
51.0,109.0,132.6691436767578,0.5478767451312376,1.4915358662970066,-3.962790493726648,-3.296974422904934,-0.5284934810086279,-0.5427832486342066,0.4070937757961815,3.584020426865266,-1.2853862917824352,2.19910929935755
51.0,109.0,132.6691436767578,0.5480487115818202,1.4915358662970066,-3.962790493726648,-3.2969744308242444,-0.5290926306420186,-0.5427832486342066,0.4070937757961815,3.584020426865266,-1.285392212663486,2.19910929935755
51.0,109.0,132.6691436767578,0.5478767451312376,1.4915358662970066,-3.9626979109957854,-3.2969744240568213,-0.5284934810086279,-0.5427832486342066,0.4070937757961815,3.584020426865266,-1.2852249588266889,2.19910929935755
51.0,109.0,132.6691436767578,0.5480520010139115,1.4915358662970066,-3.962790493726648,-3.2969744233462746,-0.5290926306420186,-0.5427832486342066,0.4070937757961815,3.584020426865266,-1.2853863292754786,2.19910929935755
51.0,109.0,132.6691436767578,0.5480499664137474,1.4915358662970066,-3.9626979109957854,-3.296974393913464,-0.5284934810086279,-0.5427832486342066,0.4067644319204032,3.584020426865266,-1.285215357502278,2.1990371341234494
51.0,109.0,132.6691436767578,0.5478734556991464,1.4915358662970066,-3.962790493726648,-3.296974430382904,-0.5284934810086279,-0.5427832486342066,0.4070937757961815,3.584020426865266,-1.285392175170443,2.19910929935755
51.0,109.0,132.6691436767578,0.5464869515593413,1.493389353693331,-3.96275441502908,-3.296974396573169,-0.5092478051571382,-0.5427728854968716,0.4080636368915708,3.5890338504836987,-1.2873242028928742,2.176109697968371
51.0,109.0,132.6691436767578,0.5480520010139115,1.4916461538172474,-3.962783978705452,-3.2969744233462746,-0.5284656185675538,-0.5427832486342066,0.4070937757961815,3.584020426865266,-1.2853668636081192,2.19910929935755
51.0,109.0,132.6691436767578,0.5480348047973594,1.4915358662970066,-3.96270189928064,-3.296974391913894,-0.5284934810086279,-0.5427832486342066,0.4070937757961815,3.584020426865266,-1.285392175170443,2.19910929935755
51.0,109.0,132.6691436767578,0.5480348047973594,1.4915358662970066,-3.96270189928064,-3.296974391913894,-0.5284934810086279,-0.5427832486342066,0.4070937757961815,3.584020426865266,-1.285392175170443,2.19910929935755
51.0,109.0,132.6691436767578,0.5480488082044779,1.4915358662970066,-3.962790493726648,-3.2969744308242444,-0.5290926306420186,-0.5427832486342066,0.4070937757961815,3.584020426865266,-1.285392212663486,2.19910929935755
51.0,109.0,132.6691436767578,0.5479039140620992,1.4915358662970066,-3.960757492357626,-3.296974565068423,-0.5284934810086279,-0.5427832480423629,0.4070937757961815,3.584020426865266,-1.2853862917824352,2.1991120415620604
51.0,109.0,132.6691436767578,0.5480498697910898,1.4915358662970066,-3.9626979109957854,-3.296974393913464,-0.5284934810086279,-0.5427832486342066,0.4067644319204032,3.584020426865266,-1.285215357502278,2.1990371341234494
51.0,109.0,132.6691436767578,0.5478934251194933,1.4933398728479614,-3.962754592428929,-3.296974430382904,-0.5087219557353937,-0.5427832486342066,0.4070937757961815,3.58906392111838,-1.2860357098191977,2.1771106892462138
51.0,109.0,132.6691436767578,0.5480354606004706,1.4915358662970066,-3.96270189928064,-3.296974390441759,-0.5284645127827263,-0.5427832486342066,0.4070937757961815,3.584020426865266,-1.285392212461539,2.19910929935755
51.0,109.0,132.6691436767578,0.5480364008200816,1.4915358662970066,-3.962753633758024,-3.2969744308141866,-0.5281433703629754,-0.5427832486342066,0.4070937757961815,3.584020426865266,-1.2860429851095754,2.198562820425165
51.0,109.0,132.6691436767578,0.5479443307532503,1.4915049366339104,-3.960618189601551,-3.296974396573169,-0.509116620161159,-0.5427828262097137,0.4080528850696927,3.5890338504836987,-1.2873242028928742,2.175988946227801
51.0,109.0,132.6691436767578,0.5464869515593413,1.4916429100247612,-3.96417728862352,-3.296974396114041,-0.5085894195021093,-0.542783248480857,0.4068282878039519,3.599841347684789,-1.2873567046489112,2.198397031042577
51.0,109.0,132.6691436767578,0.5480499664137474,1.4915358662970066,-3.9626979109957854,-3.296974393913464,-0.5284934810086279,-0.5427832486342066,0.4067644319204032,3.584020426865266,-1.285215357502278,2.1990371341234494
51.0,109.0,132.6691436767578,0.5464869515593413,1.4859764470709262,-3.962862027825932,-3.2969743937369724,-0.5284731434418938,-0.542783430553486,0.406916770480708,3.586648455221268,-1.2859303890867877,2.198397031042577
51.0,109.0,132.6756591796875,0.5463079570607877,1.4932477729453992,-3.9626979109957854,-3.2969744240568213,-0.5284934810086279,-0.5427832486342066,0.4070937757961815,3.584020426865266,-1.2852249588266889,2.176138620883802
51.0,109.0,132.6756591796875,0.5478734556991464,1.4915358662970066,-3.962790493726648,-3.296974430382904,-0.529146859200326,-0.5427832486342066,0.4070937757961815,3.584020426865266,-1.2860374740112444,2.1771106892462138
51.0,109.0,132.6756591796875,0.5463079570607877,1.4852943912916592,-3.9626979109957854,-3.296974424231002,-0.5284931602256168,-0.5427832486355815,0.4070937757961815,3.5822571030220387,-1.2852249588266889,2.176138620883802
51.0,109.0,132.6756591796875,0.5464869515593413,1.4850066279968337,-3.96284822819681,-3.296974394653729,-0.529628498782558,-0.5427829630008233,0.395833888461675,3.5863012796991107,-1.286007645012819,2.1764849174072483
51.0,109.0,132.6756591796875,0.5463079570607877,1.4932477729453992,-3.9626979109957854,-3.2969744306622624,-0.5284934810086279,-0.5427832486342066,0.4070937757961815,3.584020426865266,-1.2852249588266889,2.176138620883802
51.0,109.0,132.6756591796875,0.5464669821389945,1.491585347142376,-3.9627903163268,-3.296974396573169,-0.5296727086220705,-0.5427728854968716,0.4080636368915708,3.583990356230585,-1.2873259670849213,2.176109697968371
51.0,109.0,132.6756591796875,0.5246306337557037,1.4824202039732457,-3.964098001571041,-3.2969744249264905,-0.5478772116175262,-0.5427832485555073,0.3951300686400932,3.5795982828360065,-1.285210392411662,2.1764849174072483
51.0,109.0,132.6756591796875,0.5464863819016952,1.4842581600816929,-3.964169549685253,-3.296974394653729,-0.5478459716740526,-0.542783248480857,0.3951462091383985,3.587257709609451,-1.285998893089245,2.1764849174072483
51.0,109.0,132.6756591796875,0.5464869515593413,1.482316211749118,-3.96417794310234,-3.296974422047335,-0.5478774252908141,-0.542783248550392,0.3949606482928553,3.576333307829999,-1.2860005643369217,2.1764849174072483
51.0,109.0,132.6756591796875,0.5462996210831389,1.4916307737856558,-3.964030303214903,-3.2969744240100933,-0.5290983438047037,-0.5427832486333645,0.4068444388110542,3.588682305307583,-1.28593090683649,2.176808998608992
51.0,109.0,132.6756591796875,0.5464869515593413,1.4850066279968337,-3.96284822819681,-3.296974394653729,-0.529628498782558,-0.5427829630008233,0.395833888461675,3.5863012796991107,-1.286007645012819,2.1764849174072483
51.0,109.0,132.67860412597656,0.5464868315064195,1.4916461538172474,-3.962783978705452,-3.2969744233462746,-0.5284656185675538,-0.5427832486342066,0.3934657327124428,3.581661283944593,-1.2853668636081192,2.2013680763746777
51.0,109.0,132.6917724609375,0.5480521210668332,1.485049435424452,-3.96284822819681,-3.296974394653729,-0.529628498782558,-0.323229111468252,0.408758111723832,3.687078691579349,-1.1171105522274474,2.17422614039012
51.0,109.0,132.70997619628906,0.5555038926905743,1.4916429100247612,-3.962790031392125,-3.296974430799972,-0.5290794751851396,-0.4471993633968794,0.4068511671469733,3.5838519405474494,-1.2858299703104843,2.1731829092477875
51.0,109.0,132.71282958984375,0.5464669821389945,1.491585347142376,-3.9627903163268,-3.296974396573169,-0.5296727086220705,-0.5427728854968716,0.4080636368915708,3.456929559765764,-1.2873259670849213,2.176109697968371
51.0,109.0,132.71798706054688,0.5464869515593413,1.4916429100247612,-3.96417728862352,-3.296974421841693,-0.5290983438047037,-0.542783248480857,0.4068444388110542,3.684702511219368,-1.28593090683649,2.1764849174072483
51.0,109.0,132.71798706054688,0.5464869515593413,1.4824202039732457,-3.9627833656592713,-3.296974394653729,-0.5478459716740526,-0.542783248480857,0.3951300686400932,3.684702511219368,-1.285998893089245,2.1764849174072483
51.0,109.0,132.71798706054688,0.5464869515593413,1.4916429100247612,-3.96417728862352,-3.296974421841693,-0.5284731434418938,-0.542783248480857,0.4068444388110542,3.684702511219368,-1.28593090683649,2.198259197556541
51.0,109.0,132.71798706054688,0.5464869515593413,1.4916429100247612,-3.96417728862352,-3.296974421841693,-0.5284731434418938,-0.542783248480857,0.4068444388110542,3.684702511219368,-1.28593090683649,2.198259197556541
51.0,109.0,132.71798706054688,0.5464869515593413,1.4916429100247612,-3.9641773354510335,-3.296974421841693,-0.5290983438047037,-0.54278417134723,0.4068444388110542,3.684702511219368,-1.285180194085847,2.1764849174072483
51.0,109.0,132.71798706054688,0.5464869515593413,1.4824202039732457,-3.9627833656592713,-3.296974394653729,-0.5478459716740526,-0.542783248480857,0.3951300686400932,3.684702511219368,-1.285998893089245,2.1764849174072483
51.0,109.0,132.71798706054688,0.5464869515593413,1.4824202039732457,-3.964169549685253,-3.296974394653729,-0.5478459716740526,-0.542783248480857,0.3951300686400932,3.684702511219368,-1.285998893089245,2.1764849174072483
51.0,109.0,132.71798706054688,0.5464804213346636,1.4821670627650685,-3.9628466015140353,-3.296974394653729,-0.5292615770913938,-0.5427829781200953,0.3933436265023748,3.684718757319974,-1.285368935192376,2.1764849174072483
51.0,109.0,132.71798706054688,0.5464869515593413,1.4916429100247612,-3.9627911045975375,-3.296974421841693,-0.5290983438047037,-0.542783248480857,0.4068444388110542,3.684702511219368,-1.28593090683649,2.1764849174072483
51.0,109.0,132.71798706054688,0.5464869515593413,1.4916429100247612,-3.964199330271016,-3.2969769474339143,-0.5290983438047037,-0.5427832480899801,0.4068444388110542,3.684702511219368,-1.285180194085847,2.1764849174072483
51.0,109.0,132.71798706054688,0.547931734535194,1.4916444308759993,-3.96417728862352,-3.296974446136193,-0.5284731434418938,-0.542783248480857,0.4068444388110542,3.684702511219368,-1.28593090683649,2.2013287184102244
51.0,110.0,132.6359100341797,0.5478767451312376,1.491535867135705,-3.962790493726648,-3.2992535065021813,-0.5284934810086279,-0.5427832486342066,0.394074483252153,3.584020426865266,-1.285212696538517,2.2177114688184685
51.0,110.0,132.6359100341797,0.5479683697421052,1.4916429100247612,-3.9625710528664224,-3.296974396114041,-0.4771962246479494,-0.5427832486292536,0.4067648462691234,3.583692264060891,-1.2874801248846623,2.198397031042577
51.0,110.0,132.6359100341797,0.5478767451312376,1.4915359795965373,-3.962790493726648,-3.2945972691570966,-0.5284934810086279,-0.5427832486342066,0.3945210196464752,3.584020426865266,-1.2852275189559372,2.2176376290162048
51.0,110.0,132.63954162597656,0.5464869360903614,1.4915416249899636,-3.964168985257429,-3.296974396114041,-0.5055620984530865,-0.542783248480857,0.4068282878039519,3.600526413875693,-1.2873567046489112,2.311741052467734
51.0,110.0,132.6619110107422,0.5478767451312376,1.4915359787578388,-3.9626979109957854,-3.434348399282548,-0.5284934810086279,-0.5427832486342066,0.4075403121905037,3.584020426865266,-1.2853985540706068,2.19910929935755
51.0,110.0,132.6619110107422,0.5480499664137474,1.4915358662970066,-3.9626979109957854,-3.4390046064842754,-0.5284934810086279,-0.5427832486342066,0.4067644319204032,3.584020426865266,-1.2853741303287758,2.199110973925713
51.0,110.0,132.6619110107422,0.5480483972955301,1.4915359843536922,-3.9626979109957854,-3.434348399282548,-0.5285101470582307,-0.5427832486342066,0.4075379390037532,3.584020426865266,-1.2853985540706068,2.19910929935755
51.0,110.0,132.66603088378906,0.5478767451312376,1.4915359795965373,-3.962790493726648,-3.436627481727908,-0.5284934810086279,-0.5427832486342066,0.3945210196464752,3.584020426865266,-1.2853862917824352,2.2177114688184685
51.0,110.0,132.66603088378906,0.5465542244987737,1.4842373151568264,-3.962790493726648,-3.436627481727908,-0.5285011718843096,-0.5427832486342066,0.394468155905251,3.586659163423473,-1.2860151458979066,2.2177114688184685
51.0,110.0,132.6691436767578,0.5478767451312376,1.4915358662970066,-3.962790493726648,-3.296974422904934,-0.5284934810086279,-0.5427832486342066,0.4070937757961815,3.584020426865266,-1.2853862917824352,2.19910929935755
51.0,110.0,132.6691436767578,0.5480487115818202,1.4915358662970066,-3.962790493726648,-3.2969744308242444,-0.5290926306420186,-0.5427832486342066,0.4070937757961815,3.584020426865266,-1.285392212663486,2.19910929935755
51.0,110.0,132.6691436767578,0.5478767451312376,1.4915358662970066,-3.9626979109957854,-3.2969744240568213,-0.5284934810086279,-0.5427832486342066,0.4070937757961815,3.584020426865266,-1.2852249588266889,2.19910929935755
51.0,110.0,132.6691436767578,0.5480520010139115,1.4915358662970066,-3.962790493726648,-3.2969744233462746,-0.5290926306420186,-0.5427832486342066,0.4070937757961815,3.584020426865266,-1.2853863292754786,2.19910929935755
51.0,110.0,132.6691436767578,0.5480499664137474,1.4915358662970066,-3.9626979109957854,-3.296974393913464,-0.5284934810086279,-0.5427832486342066,0.4067644319204032,3.584020426865266,-1.285215357502278,2.1990371341234494
51.0,110.0,132.6691436767578,0.5478734556991464,1.4915358662970066,-3.962790493726648,-3.296974430382904,-0.5284934810086279,-0.5427832486342066,0.4070937757961815,3.584020426865266,-1.285392175170443,2.19910929935755
51.0,110.0,132.6691436767578,0.5464869515593413,1.493389353693331,-3.96275441502908,-3.296974396573169,-0.5092478051571382,-0.5427728854968716,0.4080636368915708,3.5890338504836987,-1.2873242028928742,2.176109697968371
51.0,110.0,132.6691436767578,0.5480520010139115,1.4916461538172474,-3.962783978705452,-3.2969744233462746,-0.5284656185675538,-0.5427832486342066,0.4070937757961815,3.584020426865266,-1.2853668636081192,2.19910929935755
51.0,110.0,132.6691436767578,0.5480348047973594,1.4915358662970066,-3.96270189928064,-3.296974391913894,-0.5284934810086279,-0.5427832486342066,0.4070937757961815,3.584020426865266,-1.285392175170443,2.19910929935755
51.0,110.0,132.6691436767578,0.5480348047973594,1.4915358662970066,-3.96270189928064,-3.296974391913894,-0.5284934810086279,-0.5427832486342066,0.4070937757961815,3.584020426865266,-1.285392175170443,2.19910929935755
51.0,110.0,132.6691436767578,0.5480488082044779,1.4915358662970066,-3.962790493726648,-3.2969744308242444,-0.5290926306420186,-0.5427832486342066,0.4070937757961815,3.584020426865266,-1.285392212663486,2.19910929935755
51.0,110.0,132.6691436767578,0.5479039140620992,1.4915358662970066,-3.960757492357626,-3.296974565068423,-0.5284934810086279,-0.5427832480423629,0.4070937757961815,3.584020426865266,-1.2853862917824352,2.1991120415620604
51.0,110.0,132.6691436767578,0.5480498697910898,1.4915358662970066,-3.9626979109957854,-3.296974393913464,-0.5284934810086279,-0.5427832486342066,0.4067644319204032,3.584020426865266,-1.285215357502278,2.1990371341234494
51.0,110.0,132.6691436767578,0.5478934251194933,1.4933398728479614,-3.962754592428929,-3.296974430382904,-0.5087219557353937,-0.5427832486342066,0.4070937757961815,3.58906392111838,-1.2860357098191977,2.1771106892462138
51.0,110.0,132.6691436767578,0.5480354606004706,1.4915358662970066,-3.96270189928064,-3.296974390441759,-0.5284645127827263,-0.5427832486342066,0.4070937757961815,3.584020426865266,-1.285392212461539,2.19910929935755
51.0,110.0,132.6691436767578,0.5480364008200816,1.4915358662970066,-3.962753633758024,-3.2969744308141866,-0.5281433703629754,-0.5427832486342066,0.4070937757961815,3.584020426865266,-1.2860429851095754,2.198562820425165
51.0,110.0,132.6691436767578,0.5479443307532503,1.4915049366339104,-3.960618189601551,-3.296974396573169,-0.509116620161159,-0.5427828262097137,0.4080528850696927,3.5890338504836987,-1.2873242028928742,2.175988946227801
51.0,110.0,132.6691436767578,0.5464869515593413,1.4916429100247612,-3.96417728862352,-3.296974396114041,-0.5085894195021093,-0.542783248480857,0.4068282878039519,3.599841347684789,-1.2873567046489112,2.198397031042577
51.0,110.0,132.6691436767578,0.5480499664137474,1.4915358662970066,-3.9626979109957854,-3.296974393913464,-0.5284934810086279,-0.5427832486342066,0.4067644319204032,3.584020426865266,-1.285215357502278,2.1990371341234494
51.0,110.0,132.6691436767578,0.5464869515593413,1.4859764470709262,-3.962862027825932,-3.2969743937369724,-0.5284731434418938,-0.542783430553486,0.406916770480708,3.586648455221268,-1.2859303890867877,2.198397031042577
51.0,110.0,132.6691436767578,0.5480348047973594,1.4915358662970066,-3.96270189928064,-3.296974391913894,-0.5284934810086279,-0.5427832486342066,0.4070937757961815,3.584020426865266,-1.285392128687388,2.19910929935755
51.0,110.0,132.6691436767578,0.5480487652196423,1.4915358662970066,-3.962792266371928,-3.2969744308242444,-0.5290926306420186,-0.5427832486342066,0.407098988483535,3.584020426865266,-1.285392212663486,2.19910929935755
51.0,110.0,132.6691436767578,0.5478767451312376,1.4915358662970066,-3.9626991998271577,-3.2969744240568213,-0.5284934810086279,-0.5427832486342066,0.4070937757961815,3.584020426865266,-1.2854076203493603,2.19910929935755
51.0,110.0,132.6691436767578,0.5464869515593413,1.493401127984218,-3.9626978126457937,-3.2969743920762045,-0.5092478051571382,-0.5427728854968716,0.4080636368915708,3.589104195060425,-1.2873242028928742,2.198656827856244
51.0,110.0,132.6691436767578,0.5478934251194933,1.541286435043628,-3.96278824224818,-3.296974430382904,-0.5284607439300092,-0.5427832486342066,0.4070937757961815,3.58906392111838,-1.286024741857533,2.177227936730452
51.0,110.0,132.6691436767578,0.5478971941113511,1.4915358662970066,-3.9626979109957854,-3.296974393913464,-0.5284934810086279,-0.5427832480380154,0.4070830974302616,3.584020426865266,-1.285215357502278,2.1990371341234494
51.0,110.0,132.6691436767578,0.5478770594175277,1.4915358607011533,-3.962790493726648,-3.2969744308242444,-0.5290759645924159,-0.5427832486342066,0.407096148982932,3.584020426865266,-1.285392212663486,2.19910929935755
51.0,110.0,132.6691436767578,0.5464700433375042,1.4850253725242926,-3.9627545743937698,-3.2969744308141866,-0.5281397858807244,-0.5427832486342066,0.4070937757961815,3.5841410324129828,-1.2860429851095754,2.2171965226214643
51.0,110.0,132.6691436767578,0.5478767451312376,1.491535872535681,-3.962791399270191,-3.2987235728724467,-0.5284934810086279,-0.5427832486342066,0.4070955628043774,3.584020426865266,-1.2853981419049705,2.19910929935755
51.0,110.0,132.6691436767578,0.5478734556991464,1.493302107900759,-3.962756843907397,-3.296974430382904,-0.5087546928140124,-0.5427832486342066,0.4070937757961815,3.584020426865266,-1.2854031431321071,2.1989920518733115
51.0,110.0,132.6691436767578,0.5479443307532503,1.4915049366339104,-3.960618189601551,-3.296974396573169,-0.509116620161159,-0.5427828193111557,0.4080120894290063,3.58885147552962,-1.2852521335783929,2.1761395519034084
51.0,110.0,132.6756591796875,0.5463079570607877,1.4932477729453992,-3.9626979109957854,-3.2969744240568213,-0.5284934810086279,-0.5427832486342066,0.4070937757961815,3.584020426865266,-1.2852249588266889,2.176138620883802
51.0,110.0,132.6756591796875,0.5478734556991464,1.4915358662970066,-3.962790493726648,-3.296974430382904,-0.529146859200326,-0.5427832486342066,0.4070937757961815,3.584020426865266,-1.2860374740112444,2.1771106892462138
51.0,110.0,132.6756591796875,0.5463079570607877,1.4852943912916592,-3.9626979109957854,-3.296974424231002,-0.5284931602256168,-0.5427832486355815,0.4070937757961815,3.5822571030220387,-1.2852249588266889,2.176138620883802
51.0,110.0,132.6756591796875,0.5464869515593413,1.4850066279968337,-3.96284822819681,-3.296974394653729,-0.529628498782558,-0.5427829630008233,0.395833888461675,3.5863012796991107,-1.286007645012819,2.1764849174072483
51.0,110.0,132.6756591796875,0.5463079570607877,1.4932477729453992,-3.9626979109957854,-3.2969744306622624,-0.5284934810086279,-0.5427832486342066,0.4070937757961815,3.584020426865266,-1.2852249588266889,2.176138620883802
51.0,110.0,132.6756591796875,0.5464669821389945,1.491585347142376,-3.9627903163268,-3.296974396573169,-0.5296727086220705,-0.5427728854968716,0.4080636368915708,3.583990356230585,-1.2873259670849213,2.176109697968371
51.0,110.0,132.6756591796875,0.5246306337557037,1.4824202039732457,-3.964098001571041,-3.2969744249264905,-0.5478772116175262,-0.5427832485555073,0.3951300686400932,3.5795982828360065,-1.285210392411662,2.1764849174072483
51.0,110.0,132.6756591796875,0.5464863819016952,1.4842581600816929,-3.964169549685253,-3.296974394653729,-0.5478459716740526,-0.542783248480857,0.3951462091383985,3.587257709609451,-1.285998893089245,2.1764849174072483
51.0,110.0,132.6756591796875,0.5464869515593413,1.482316211749118,-3.96417794310234,-3.296974422047335,-0.5478774252908141,-0.542783248550392,0.3949606482928553,3.576333307829999,-1.2860005643369217,2.1764849174072483
51.0,110.0,132.6756591796875,0.5462996210831389,1.4916307737856558,-3.964030303214903,-3.2969744240100933,-0.5290983438047037,-0.5427832486333645,0.4068444388110542,3.588682305307583,-1.28593090683649,2.176808998608992
51.0,111.0,132.6359100341797,0.5478767451312376,1.491535867135705,-3.962790493726648,-3.2992535065021813,-0.5284934810086279,-0.5427832486342066,0.394074483252153,3.584020426865266,-1.285212696538517,2.2177114688184685
51.0,111.0,132.6359100341797,0.5479683697421052,1.4916429100247612,-3.9625710528664224,-3.296974396114041,-0.4771962246479494,-0.5427832486292536,0.4067648462691234,3.583692264060891,-1.2874801248846623,2.198397031042577
51.0,111.0,132.6359100341797,0.5478767451312376,1.4915359795965373,-3.962790493726648,-3.2945972691570966,-0.5284934810086279,-0.5427832486342066,0.3945210196464752,3.584020426865266,-1.2852275189559372,2.2176376290162048
51.0,111.0,132.6359100341797,0.5479683697421052,1.4916429100247612,-3.9625710528664224,-3.296974396114041,-0.4771962246479494,-0.5427832486292536,0.4067648462691234,3.583692264060891,-1.2874801248846623,2.198397031042577
51.0,111.0,132.6359100341797,0.5479683697421052,1.4916383500439452,-3.962569981311784,-3.296974392145176,-0.4771962246479494,-0.5427832486292536,0.4070816517882636,3.583692264060891,-1.2874801248846623,2.19911941613006
51.0,111.0,132.63954162597656,0.5464869360903614,1.4915416249899636,-3.964168985257429,-3.296974396114041,-0.5055620984530865,-0.542783248480857,0.4068282878039519,3.600526413875693,-1.2873567046489112,2.311741052467734
51.0,111.0,132.6619110107422,0.5478767451312376,1.4915359787578388,-3.9626979109957854,-3.434348399282548,-0.5284934810086279,-0.5427832486342066,0.4075403121905037,3.584020426865266,-1.2853985540706068,2.19910929935755
51.0,111.0,132.6619110107422,0.5480499664137474,1.4915358662970066,-3.9626979109957854,-3.4390046064842754,-0.5284934810086279,-0.5427832486342066,0.4067644319204032,3.584020426865266,-1.2853741303287758,2.199110973925713
51.0,111.0,132.6619110107422,0.5480483972955301,1.4915359843536922,-3.9626979109957854,-3.434348399282548,-0.5285101470582307,-0.5427832486342066,0.4075379390037532,3.584020426865266,-1.2853985540706068,2.19910929935755
51.0,111.0,132.6619110107422,0.5480346334435425,1.4915358671871106,-3.96270189928064,-3.43458928647094,-0.5284934810086279,-0.5427832486342066,0.4070937757961815,3.584020426865266,-1.285392175170443,2.19910929935755
51.0,111.0,132.66603088378906,0.5478767451312376,1.4915359795965373,-3.962790493726648,-3.436627481727908,-0.5284934810086279,-0.5427832486342066,0.3945210196464752,3.584020426865266,-1.2853862917824352,2.2177114688184685
51.0,111.0,132.66603088378906,0.5465542244987737,1.4842373151568264,-3.962790493726648,-3.436627481727908,-0.5285011718843096,-0.5427832486342066,0.394468155905251,3.586659163423473,-1.2860151458979066,2.2177114688184685
51.0,111.0,132.6691436767578,0.5478767451312376,1.4915358662970066,-3.962790493726648,-3.296974422904934,-0.5284934810086279,-0.5427832486342066,0.4070937757961815,3.584020426865266,-1.2853862917824352,2.19910929935755
51.0,111.0,132.6691436767578,0.5480487115818202,1.4915358662970066,-3.962790493726648,-3.2969744308242444,-0.5290926306420186,-0.5427832486342066,0.4070937757961815,3.584020426865266,-1.285392212663486,2.19910929935755
51.0,111.0,132.6691436767578,0.5478767451312376,1.4915358662970066,-3.9626979109957854,-3.2969744240568213,-0.5284934810086279,-0.5427832486342066,0.4070937757961815,3.584020426865266,-1.2852249588266889,2.19910929935755
51.0,111.0,132.6691436767578,0.5480520010139115,1.4915358662970066,-3.962790493726648,-3.2969744233462746,-0.5290926306420186,-0.5427832486342066,0.4070937757961815,3.584020426865266,-1.2853863292754786,2.19910929935755
51.0,111.0,132.6691436767578,0.5480499664137474,1.4915358662970066,-3.9626979109957854,-3.296974393913464,-0.5284934810086279,-0.5427832486342066,0.4067644319204032,3.584020426865266,-1.285215357502278,2.1990371341234494
51.0,111.0,132.6691436767578,0.5478734556991464,1.4915358662970066,-3.962790493726648,-3.296974430382904,-0.5284934810086279,-0.5427832486342066,0.4070937757961815,3.584020426865266,-1.285392175170443,2.19910929935755
51.0,111.0,132.6691436767578,0.5464869515593413,1.493389353693331,-3.96275441502908,-3.296974396573169,-0.5092478051571382,-0.5427728854968716,0.4080636368915708,3.5890338504836987,-1.2873242028928742,2.176109697968371
51.0,111.0,132.6691436767578,0.5480520010139115,1.4916461538172474,-3.962783978705452,-3.2969744233462746,-0.5284656185675538,-0.5427832486342066,0.4070937757961815,3.584020426865266,-1.2853668636081192,2.19910929935755
51.0,111.0,132.6691436767578,0.5480348047973594,1.4915358662970066,-3.96270189928064,-3.296974391913894,-0.5284934810086279,-0.5427832486342066,0.4070937757961815,3.584020426865266,-1.285392175170443,2.19910929935755
51.0,111.0,132.6691436767578,0.5480348047973594,1.4915358662970066,-3.96270189928064,-3.296974391913894,-0.5284934810086279,-0.5427832486342066,0.4070937757961815,3.584020426865266,-1.285392175170443,2.19910929935755
51.0,111.0,132.6691436767578,0.5480488082044779,1.4915358662970066,-3.962790493726648,-3.2969744308242444,-0.5290926306420186,-0.5427832486342066,0.4070937757961815,3.584020426865266,-1.285392212663486,2.19910929935755
51.0,111.0,132.6691436767578,0.5479039140620992,1.4915358662970066,-3.960757492357626,-3.296974565068423,-0.5284934810086279,-0.5427832480423629,0.4070937757961815,3.584020426865266,-1.2853862917824352,2.1991120415620604
51.0,111.0,132.6691436767578,0.5480498697910898,1.4915358662970066,-3.9626979109957854,-3.296974393913464,-0.5284934810086279,-0.5427832486342066,0.4067644319204032,3.584020426865266,-1.285215357502278,2.1990371341234494
51.0,111.0,132.6691436767578,0.5478934251194933,1.4933398728479614,-3.962754592428929,-3.296974430382904,-0.5087219557353937,-0.5427832486342066,0.4070937757961815,3.58906392111838,-1.2860357098191977,2.1771106892462138
51.0,111.0,132.6691436767578,0.5480354606004706,1.4915358662970066,-3.96270189928064,-3.296974390441759,-0.5284645127827263,-0.5427832486342066,0.4070937757961815,3.584020426865266,-1.285392212461539,2.19910929935755
51.0,111.0,132.6691436767578,0.5480364008200816,1.4915358662970066,-3.962753633758024,-3.2969744308141866,-0.5281433703629754,-0.5427832486342066,0.4070937757961815,3.584020426865266,-1.2860429851095754,2.198562820425165
51.0,111.0,132.6691436767578,0.5479443307532503,1.4915049366339104,-3.960618189601551,-3.296974396573169,-0.509116620161159,-0.5427828262097137,0.4080528850696927,3.5890338504836987,-1.2873242028928742,2.175988946227801
51.0,111.0,132.6691436767578,0.5464869515593413,1.4916429100247612,-3.96417728862352,-3.296974396114041,-0.5085894195021093,-0.542783248480857,0.4068282878039519,3.599841347684789,-1.2873567046489112,2.198397031042577
51.0,111.0,132.6691436767578,0.5480499664137474,1.4915358662970066,-3.9626979109957854,-3.296974393913464,-0.5284934810086279,-0.5427832486342066,0.4067644319204032,3.584020426865266,-1.285215357502278,2.1990371341234494
51.0,111.0,132.6691436767578,0.5464869515593413,1.4859764470709262,-3.962862027825932,-3.2969743937369724,-0.5284731434418938,-0.542783430553486,0.406916770480708,3.586648455221268,-1.2859303890867877,2.198397031042577
51.0,111.0,132.6691436767578,0.5480348047973594,1.4915358662970066,-3.96270189928064,-3.296974391913894,-0.5284934810086279,-0.5427832486342066,0.4070937757961815,3.584020426865266,-1.285392128687388,2.19910929935755
51.0,111.0,132.6691436767578,0.5480487652196423,1.4915358662970066,-3.962792266371928,-3.2969744308242444,-0.5290926306420186,-0.5427832486342066,0.407098988483535,3.584020426865266,-1.285392212663486,2.19910929935755
51.0,111.0,132.6691436767578,0.5478767451312376,1.4915358662970066,-3.9626991998271577,-3.2969744240568213,-0.5284934810086279,-0.5427832486342066,0.4070937757961815,3.584020426865266,-1.2854076203493603,2.19910929935755
51.0,111.0,132.6691436767578,0.5464869515593413,1.493401127984218,-3.9626978126457937,-3.2969743920762045,-0.5092478051571382,-0.5427728854968716,0.4080636368915708,3.589104195060425,-1.2873242028928742,2.198656827856244
51.0,111.0,132.6691436767578,0.5478934251194933,1.541286435043628,-3.96278824224818,-3.296974430382904,-0.5284607439300092,-0.5427832486342066,0.4070937757961815,3.58906392111838,-1.286024741857533,2.177227936730452
51.0,111.0,132.6691436767578,0.5478971941113511,1.4915358662970066,-3.9626979109957854,-3.296974393913464,-0.5284934810086279,-0.5427832480380154,0.4070830974302616,3.584020426865266,-1.285215357502278,2.1990371341234494
51.0,111.0,132.6691436767578,0.5478770594175277,1.4915358607011533,-3.962790493726648,-3.2969744308242444,-0.5290759645924159,-0.5427832486342066,0.407096148982932,3.584020426865266,-1.285392212663486,2.19910929935755
51.0,111.0,132.6691436767578,0.5464700433375042,1.4850253725242926,-3.9627545743937698,-3.2969744308141866,-0.5281397858807244,-0.5427832486342066,0.4070937757961815,3.5841410324129828,-1.2860429851095754,2.2171965226214643
51.0,111.0,132.6691436767578,0.5478767451312376,1.491535872535681,-3.962791399270191,-3.2987235728724467,-0.5284934810086279,-0.5427832486342066,0.4070955628043774,3.584020426865266,-1.2853981419049705,2.19910929935755
51.0,111.0,132.6691436767578,0.5478734556991464,1.493302107900759,-3.962756843907397,-3.296974430382904,-0.5087546928140124,-0.5427832486342066,0.4070937757961815,3.584020426865266,-1.2854031431321071,2.1989920518733115
51.0,111.0,132.6691436767578,0.5479443307532503,1.4915049366339104,-3.960618189601551,-3.296974396573169,-0.509116620161159,-0.5427828193111557,0.4080120894290063,3.58885147552962,-1.2852521335783929,2.1761395519034084
51.0,111.0,132.6691436767578,0.5464869360903614,1.4915398910033972,-3.964168985257429,-3.296974396114041,-0.5055620984530865,-0.542783248480857,0.406814728119188,3.600526413875693,-1.2873765800364334,2.195037525492033
51.0,111.0,132.6691436767578,0.5480348047973594,1.491540426277823,-3.962702970835278,-3.2969743958827595,-0.5284934810086279,-0.5427832486342066,0.4067769702770414,3.584020426865266,-1.285392128687388,2.1983869142700674
51.0,111.0,132.6691436767578,0.5480467219337781,1.4915358662970066,-3.962665656245665,-3.296974396719445,-0.5092016067774163,-0.5427828435425145,0.4067644319204032,3.584020426865266,-1.285215357502278,2.1990371341234494
51.0,111.0,132.6691436767578,0.5481796741215382,1.4916429100247612,-3.96417728862352,-3.296974396114041,-0.5297599775076982,-0.5427832484825038,0.4068282878039519,3.599190248427805,-1.2873567046489112,2.198397031042577
51.0,111.0,132.6691436767578,0.5480488082044779,1.491535854692038,-3.962790493726648,-3.2969744308242444,-0.5290926306420186,-0.5427832486342066,0.4070937757961815,3.584020426865266,-1.2853921763274947,2.194661526040452
51.0,111.0,132.6691436767578,0.5478767451312376,1.491535869233241,-3.962790493726648,-3.2945972691570966,-0.5284934810086279,-0.5427832486342066,0.4077774927658392,3.584020426865266,-1.2853863923810611,2.2176376290162048
51.0,111.0,132.6691436767578,0.5478770594175277,1.4915358607011533,-3.962790493726648,-3.2969744308242444,-0.5290759645924159,-0.5427832486342066,0.407096148982932,3.584020426865266,-1.285392212663486,2.19910929935755
51.0,112.0,132.6359100341797,0.5478767451312376,1.491535867135705,-3.962790493726648,-3.2992535065021813,-0.5284934810086279,-0.5427832486342066,0.394074483252153,3.584020426865266,-1.285212696538517,2.2177114688184685
51.0,112.0,132.6359100341797,0.5479683697421052,1.4916429100247612,-3.9625710528664224,-3.296974396114041,-0.4771962246479494,-0.5427832486292536,0.4067648462691234,3.583692264060891,-1.2874801248846623,2.198397031042577
51.0,112.0,132.6359100341797,0.5478767451312376,1.4915359795965373,-3.962790493726648,-3.2945972691570966,-0.5284934810086279,-0.5427832486342066,0.3945210196464752,3.584020426865266,-1.2852275189559372,2.2176376290162048
51.0,112.0,132.6359100341797,0.5479683697421052,1.4916429100247612,-3.9625710528664224,-3.296974396114041,-0.4771962246479494,-0.5427832486292536,0.4067648462691234,3.583692264060891,-1.2874801248846623,2.198397031042577
51.0,112.0,132.6359100341797,0.5479683697421052,1.4916383500439452,-3.962569981311784,-3.296974392145176,-0.4771962246479494,-0.5427832486292536,0.4070816517882636,3.583692264060891,-1.2874801248846623,2.19911941613006
51.0,112.0,132.6359100341797,0.5479683697421052,1.4915334732920886,-3.962556894480595,-3.2969743992020533,-0.4771962246479494,-0.5427832486341628,0.4067648462691234,3.5837216621127657,-1.2853737249395798,2.199094899740157
51.0,112.0,132.6359100341797,0.5479559421031782,1.4915363792463403,-3.9626037019530185,-3.296974396114041,-0.4771962246479494,-0.5427832486292536,0.4067648462691234,3.583430279738536,-1.2874801248846623,2.200427052256013
51.0,112.0,132.6359100341797,0.5478767451312376,1.4915359809938056,-3.962790493726648,-3.2992535065021813,-0.5284934810086279,-0.5427832486342066,0.394074483252153,3.584020426865266,-1.2852273524628086,2.2177114688184685
51.0,112.0,132.6359100341797,0.5478767451312376,1.4916376666428033,-3.9625662872825536,-3.293657104367554,-0.4762850448475397,-0.5427832486342066,0.407574732504438,3.584018231377996,-1.285406547420569,2.19910929935755
51.0,112.0,132.63954162597656,0.5464869360903614,1.4915416249899636,-3.964168985257429,-3.296974396114041,-0.5055620984530865,-0.542783248480857,0.4068282878039519,3.600526413875693,-1.2873567046489112,2.311741052467734
51.0,112.0,132.64425659179688,0.6942691537110378,1.4915358671695371,-3.96270189928064,-3.43458928647094,-0.5284934810086279,-0.5427832486342066,0.4070937757961815,3.584020426865266,-1.285392126786142,2.19910929935755
51.0,112.0,132.6619110107422,0.5478767451312376,1.4915359787578388,-3.9626979109957854,-3.434348399282548,-0.5284934810086279,-0.5427832486342066,0.4075403121905037,3.584020426865266,-1.2853985540706068,2.19910929935755
51.0,112.0,132.6619110107422,0.5480499664137474,1.4915358662970066,-3.9626979109957854,-3.4390046064842754,-0.5284934810086279,-0.5427832486342066,0.4067644319204032,3.584020426865266,-1.2853741303287758,2.199110973925713
51.0,112.0,132.6619110107422,0.5480483972955301,1.4915359843536922,-3.9626979109957854,-3.434348399282548,-0.5285101470582307,-0.5427832486342066,0.4075379390037532,3.584020426865266,-1.2853985540706068,2.19910929935755
51.0,112.0,132.6619110107422,0.5480346334435425,1.4915358671871106,-3.96270189928064,-3.43458928647094,-0.5284934810086279,-0.5427832486342066,0.4070937757961815,3.584020426865266,-1.285392175170443,2.19910929935755
51.0,112.0,132.6619110107422,0.5478767451312376,1.4915358663458116,-3.9626979109957854,-3.4389178714112747,-0.5284934810086279,-0.5427832486342066,0.4075403121905037,3.584020426865266,-1.2853985540706068,2.1991093908540966
51.0,112.0,132.6619110107422,0.5466998233886798,1.4842373151568264,-3.962790501990332,-3.440628098914317,-0.5290939801218927,-0.5427832486342066,0.4069068175959892,3.586659163423473,-1.2860151458979066,2.199732480861048
51.0,112.0,132.6619110107422,0.5480499664137474,1.491535978709034,-3.9626979109957854,-3.4344351343555486,-0.5284934810086279,-0.5427832486342066,0.4067644319204032,3.584020426865266,-1.2853741303287758,2.1991108824291663
51.0,112.0,132.6619110107422,0.5480499664137474,1.4915358662970066,-3.962699697888594,-3.434991892544497,-0.5284934810086279,-0.5427832486342066,0.4059210815931466,3.584020426865266,-1.2853741303287758,2.198796101547252
51.0,112.0,132.66603088378906,0.5478767451312376,1.4915359795965373,-3.962790493726648,-3.436627481727908,-0.5284934810086279,-0.5427832486342066,0.3945210196464752,3.584020426865266,-1.2853862917824352,2.2177114688184685
51.0,112.0,132.66603088378906,0.5465542244987737,1.4842373151568264,-3.962790493726648,-3.436627481727908,-0.5285011718843096,-0.5427832486342066,0.394468155905251,3.586659163423473,-1.2860151458979066,2.2177114688184685
51.0,112.0,132.6691436767578,0.5478767451312376,1.4915358662970066,-3.962790493726648,-3.296974422904934,-0.5284934810086279,-0.5427832486342066,0.4070937757961815,3.584020426865266,-1.2853862917824352,2.19910929935755
51.0,112.0,132.6691436767578,0.5480487115818202,1.4915358662970066,-3.962790493726648,-3.2969744308242444,-0.5290926306420186,-0.5427832486342066,0.4070937757961815,3.584020426865266,-1.285392212663486,2.19910929935755
51.0,112.0,132.6691436767578,0.5478767451312376,1.4915358662970066,-3.9626979109957854,-3.2969744240568213,-0.5284934810086279,-0.5427832486342066,0.4070937757961815,3.584020426865266,-1.2852249588266889,2.19910929935755
51.0,112.0,132.6691436767578,0.5480520010139115,1.4915358662970066,-3.962790493726648,-3.2969744233462746,-0.5290926306420186,-0.5427832486342066,0.4070937757961815,3.584020426865266,-1.2853863292754786,2.19910929935755
51.0,112.0,132.6691436767578,0.5480499664137474,1.4915358662970066,-3.9626979109957854,-3.296974393913464,-0.5284934810086279,-0.5427832486342066,0.4067644319204032,3.584020426865266,-1.285215357502278,2.1990371341234494
51.0,112.0,132.6691436767578,0.5478734556991464,1.4915358662970066,-3.962790493726648,-3.296974430382904,-0.5284934810086279,-0.5427832486342066,0.4070937757961815,3.584020426865266,-1.285392175170443,2.19910929935755
51.0,112.0,132.6691436767578,0.5464869515593413,1.493389353693331,-3.96275441502908,-3.296974396573169,-0.5092478051571382,-0.5427728854968716,0.4080636368915708,3.5890338504836987,-1.2873242028928742,2.176109697968371
51.0,112.0,132.6691436767578,0.5480520010139115,1.4916461538172474,-3.962783978705452,-3.2969744233462746,-0.5284656185675538,-0.5427832486342066,0.4070937757961815,3.584020426865266,-1.2853668636081192,2.19910929935755
51.0,112.0,132.6691436767578,0.5480348047973594,1.4915358662970066,-3.96270189928064,-3.296974391913894,-0.5284934810086279,-0.5427832486342066,0.4070937757961815,3.584020426865266,-1.285392175170443,2.19910929935755
51.0,112.0,132.6691436767578,0.5480348047973594,1.4915358662970066,-3.96270189928064,-3.296974391913894,-0.5284934810086279,-0.5427832486342066,0.4070937757961815,3.584020426865266,-1.285392175170443,2.19910929935755
51.0,112.0,132.6691436767578,0.5480488082044779,1.4915358662970066,-3.962790493726648,-3.2969744308242444,-0.5290926306420186,-0.5427832486342066,0.4070937757961815,3.584020426865266,-1.285392212663486,2.19910929935755
51.0,112.0,132.6691436767578,0.5479039140620992,1.4915358662970066,-3.960757492357626,-3.296974565068423,-0.5284934810086279,-0.5427832480423629,0.4070937757961815,3.584020426865266,-1.2853862917824352,2.1991120415620604
51.0,112.0,132.6691436767578,0.5480498697910898,1.4915358662970066,-3.9626979109957854,-3.296974393913464,-0.5284934810086279,-0.5427832486342066,0.4067644319204032,3.584020426865266,-1.285215357502278,2.1990371341234494
51.0,112.0,132.6691436767578,0.5478934251194933,1.4933398728479614,-3.962754592428929,-3.296974430382904,-0.5087219557353937,-0.5427832486342066,0.4070937757961815,3.58906392111838,-1.2860357098191977,2.1771106892462138
51.0,112.0,132.6691436767578,0.5480354606004706,1.4915358662970066,-3.96270189928064,-3.296974390441759,-0.5284645127827263,-0.5427832486342066,0.4070937757961815,3.584020426865266,-1.285392212461539,2.19910929935755
51.0,112.0,132.6691436767578,0.5480364008200816,1.4915358662970066,-3.962753633758024,-3.2969744308141866,-0.5281433703629754,-0.5427832486342066,0.4070937757961815,3.584020426865266,-1.2860429851095754,2.198562820425165
51.0,112.0,132.6691436767578,0.5479443307532503,1.4915049366339104,-3.960618189601551,-3.296974396573169,-0.509116620161159,-0.5427828262097137,0.4080528850696927,3.5890338504836987,-1.2873242028928742,2.175988946227801
51.0,112.0,132.6691436767578,0.5464869515593413,1.4916429100247612,-3.96417728862352,-3.296974396114041,-0.5085894195021093,-0.542783248480857,0.4068282878039519,3.599841347684789,-1.2873567046489112,2.198397031042577
51.0,112.0,132.6691436767578,0.5480499664137474,1.4915358662970066,-3.9626979109957854,-3.296974393913464,-0.5284934810086279,-0.5427832486342066,0.4067644319204032,3.584020426865266,-1.285215357502278,2.1990371341234494
51.0,112.0,132.6691436767578,0.5464869515593413,1.4859764470709262,-3.962862027825932,-3.2969743937369724,-0.5284731434418938,-0.542783430553486,0.406916770480708,3.586648455221268,-1.2859303890867877,2.198397031042577
51.0,112.0,132.6691436767578,0.5480348047973594,1.4915358662970066,-3.96270189928064,-3.296974391913894,-0.5284934810086279,-0.5427832486342066,0.4070937757961815,3.584020426865266,-1.285392128687388,2.19910929935755
51.0,112.0,132.6691436767578,0.5480487652196423,1.4915358662970066,-3.962792266371928,-3.2969744308242444,-0.5290926306420186,-0.5427832486342066,0.407098988483535,3.584020426865266,-1.285392212663486,2.19910929935755
51.0,112.0,132.6691436767578,0.5478767451312376,1.4915358662970066,-3.9626991998271577,-3.2969744240568213,-0.5284934810086279,-0.5427832486342066,0.4070937757961815,3.584020426865266,-1.2854076203493603,2.19910929935755
51.0,112.0,132.6691436767578,0.5464869515593413,1.493401127984218,-3.9626978126457937,-3.2969743920762045,-0.5092478051571382,-0.5427728854968716,0.4080636368915708,3.589104195060425,-1.2873242028928742,2.198656827856244
51.0,112.0,132.6691436767578,0.5478934251194933,1.541286435043628,-3.96278824224818,-3.296974430382904,-0.5284607439300092,-0.5427832486342066,0.4070937757961815,3.58906392111838,-1.286024741857533,2.177227936730452
51.0,112.0,132.6691436767578,0.5478971941113511,1.4915358662970066,-3.9626979109957854,-3.296974393913464,-0.5284934810086279,-0.5427832480380154,0.4070830974302616,3.584020426865266,-1.285215357502278,2.1990371341234494
51.0,112.0,132.6691436767578,0.5478770594175277,1.4915358607011533,-3.962790493726648,-3.2969744308242444,-0.5290759645924159,-0.5427832486342066,0.407096148982932,3.584020426865266,-1.285392212663486,2.19910929935755
51.0,112.0,132.6691436767578,0.5464700433375042,1.4850253725242926,-3.9627545743937698,-3.2969744308141866,-0.5281397858807244,-0.5427832486342066,0.4070937757961815,3.5841410324129828,-1.2860429851095754,2.2171965226214643
51.0,112.0,132.6691436767578,0.5478767451312376,1.491535872535681,-3.962791399270191,-3.2987235728724467,-0.5284934810086279,-0.5427832486342066,0.4070955628043774,3.584020426865266,-1.2853981419049705,2.19910929935755
51.0,113.0,132.63449096679688,0.5479443307532503,1.4915049366339104,-3.962633557834935,-3.434557513050347,-0.5294494055119336,-0.542783257773751,0.4061124439826367,3.583633584550882,-1.287362823881986,2.17590508380994
51.0,113.0,132.6359100341797,0.5478767451312376,1.491535867135705,-3.962790493726648,-3.2992535065021813,-0.5284934810086279,-0.5427832486342066,0.394074483252153,3.584020426865266,-1.285212696538517,2.2177114688184685
51.0,113.0,132.6359100341797,0.5479683697421052,1.4916429100247612,-3.9625710528664224,-3.296974396114041,-0.4771962246479494,-0.5427832486292536,0.4067648462691234,3.583692264060891,-1.2874801248846623,2.198397031042577
51.0,113.0,132.6359100341797,0.5478767451312376,1.4915359795965373,-3.962790493726648,-3.2945972691570966,-0.5284934810086279,-0.5427832486342066,0.3945210196464752,3.584020426865266,-1.2852275189559372,2.2176376290162048
51.0,113.0,132.6359100341797,0.5479683697421052,1.4916429100247612,-3.9625710528664224,-3.296974396114041,-0.4771962246479494,-0.5427832486292536,0.4067648462691234,3.583692264060891,-1.2874801248846623,2.198397031042577
51.0,113.0,132.6359100341797,0.5479683697421052,1.4916383500439452,-3.962569981311784,-3.296974392145176,-0.4771962246479494,-0.5427832486292536,0.4070816517882636,3.583692264060891,-1.2874801248846623,2.19911941613006
51.0,113.0,132.6359100341797,0.5479683697421052,1.4915334732920886,-3.962556894480595,-3.2969743992020533,-0.4771962246479494,-0.5427832486341628,0.4067648462691234,3.5837216621127657,-1.2853737249395798,2.199094899740157
51.0,113.0,132.6359100341797,0.5479559421031782,1.4915363792463403,-3.9626037019530185,-3.296974396114041,-0.4771962246479494,-0.5427832486292536,0.4067648462691234,3.583430279738536,-1.2874801248846623,2.200427052256013
51.0,113.0,132.6359100341797,0.5478767451312376,1.4915359809938056,-3.962790493726648,-3.2992535065021813,-0.5284934810086279,-0.5427832486342066,0.394074483252153,3.584020426865266,-1.2852273524628086,2.2177114688184685
51.0,113.0,132.6359100341797,0.5478767451312376,1.4916376666428033,-3.9625662872825536,-3.293657104367554,-0.4762850448475397,-0.5427832486342066,0.407574732504438,3.584018231377996,-1.285406547420569,2.19910929935755
51.0,113.0,132.6359100341797,0.5478767451312376,1.4915359809938056,-3.962790493726648,-3.299251047314604,-0.5284934810086279,-0.5427832486342066,0.394074483252153,3.584020426865266,-1.2852273524628086,2.2177114688184685
51.0,113.0,132.6359100341797,0.5479558878041907,1.4915363792463403,-3.962794087574257,-3.2969744285910587,-0.4771962246479494,-0.5427832486340988,0.406796842222269,3.583430279738536,-1.287535418557002,2.1990894945617323
51.0,113.0,132.6359100341797,0.5479636279820764,1.4916429100247612,-3.962570501521966,-3.296870785649997,-0.4765368973545927,-0.542783248629216,0.4067648462691234,3.583692264060891,-1.2851282028066773,2.198397031042577
51.0,113.0,132.6359100341797,0.5479559421031782,1.4915363792463403,-3.960719142996141,-3.296974396114041,-0.4771962246479494,-0.5427827937173936,0.4067648462691234,3.583430279738536,-1.2874801248846623,2.2004824627390915
51.0,113.0,132.6359100341797,0.5479683697421052,1.4915334732920886,-3.962556894480595,-3.2969743988425058,-0.4770678484882762,-0.5427832486341628,0.407090706002621,3.584010833162006,-1.2853841138305009,2.199094899740157
51.0,113.0,132.6359100341797,0.5479039140620992,1.4915358662970066,-3.960757492357626,-3.296974400375845,-0.4773383040768848,-0.5427832480133495,0.4070937757961815,3.584010730573106,-1.287519044520471,2.1991120415620604
51.0,113.0,132.6359100341797,0.5480518781619089,1.491535984337842,-3.962692589407891,-3.302780773106208,-0.5284934810086279,-0.5427832486342066,0.3945210196464752,3.584020426865266,-1.2852230755012055,2.2176376290162048
51.0,113.0,132.6359100341797,0.5479683697421052,1.4916465715285303,-3.9625570256083713,-3.296974395948525,-0.4771962246479494,-0.5427832486291274,0.4067648462691234,3.583721847847589,-1.2874801248846623,2.1991646836377816
51.0,113.0,132.6359100341797,0.5480596162370389,1.4916383500439452,-3.96256888739841,-3.296974391825668,-0.4771962246479494,-0.5427832486289279,0.4070816517882636,3.583692264060891,-1.2853711635900804,2.199122828971168
51.0,113.0,132.63954162597656,0.5464869360903614,1.4915416249899636,-3.964168985257429,-3.296974396114041,-0.5055620984530865,-0.542783248480857,0.4068282878039519,3.600526413875693,-1.2873567046489112,2.311741052467734
51.0,113.0,132.63954162597656,0.5478642563728686,1.4915415997245018,-3.9627879916807647,-3.296974399562438,-0.5055620984530865,-0.542783248480857,0.4068282878039519,3.6001718657378734,-1.2873567046489112,2.308134901888838
51.0,113.0,132.64425659179688,0.6942691537110378,1.4915358671695371,-3.96270189928064,-3.43458928647094,-0.5284934810086279,-0.5427832486342066,0.4070937757961815,3.584020426865266,-1.285392126786142,2.19910929935755
51.0,113.0,132.6619110107422,0.5478767451312376,1.4915359787578388,-3.9626979109957854,-3.434348399282548,-0.5284934810086279,-0.5427832486342066,0.4075403121905037,3.584020426865266,-1.2853985540706068,2.19910929935755
51.0,113.0,132.6619110107422,0.5480499664137474,1.4915358662970066,-3.9626979109957854,-3.4390046064842754,-0.5284934810086279,-0.5427832486342066,0.4067644319204032,3.584020426865266,-1.2853741303287758,2.199110973925713
51.0,113.0,132.6619110107422,0.5480483972955301,1.4915359843536922,-3.9626979109957854,-3.434348399282548,-0.5285101470582307,-0.5427832486342066,0.4075379390037532,3.584020426865266,-1.2853985540706068,2.19910929935755
51.0,113.0,132.6619110107422,0.5480346334435425,1.4915358671871106,-3.96270189928064,-3.43458928647094,-0.5284934810086279,-0.5427832486342066,0.4070937757961815,3.584020426865266,-1.285392175170443,2.19910929935755
51.0,113.0,132.6619110107422,0.5478767451312376,1.4915358663458116,-3.9626979109957854,-3.4389178714112747,-0.5284934810086279,-0.5427832486342066,0.4075403121905037,3.584020426865266,-1.2853985540706068,2.1991093908540966
51.0,113.0,132.6619110107422,0.5466998233886798,1.4842373151568264,-3.962790501990332,-3.440628098914317,-0.5290939801218927,-0.5427832486342066,0.4069068175959892,3.586659163423473,-1.2860151458979066,2.199732480861048
51.0,113.0,132.6619110107422,0.5480499664137474,1.491535978709034,-3.9626979109957854,-3.4344351343555486,-0.5284934810086279,-0.5427832486342066,0.4067644319204032,3.584020426865266,-1.2853741303287758,2.1991108824291663
51.0,113.0,132.6619110107422,0.5480499664137474,1.4915358662970066,-3.962699697888594,-3.434991892544497,-0.5284934810086279,-0.5427832486342066,0.4059210815931466,3.584020426865266,-1.2853741303287758,2.198796101547252
51.0,113.0,132.6619110107422,0.5480346334435425,1.4915358671871106,-3.962792172778841,-3.4347044703902707,-0.5284934810086279,-0.5427832486342066,0.4070937757961815,3.584020426865266,-1.285392175170443,2.19910929935755
51.0,113.0,132.6619110107422,0.5478767451312376,1.4915353164751473,-3.962700108895391,-3.432899169861684,-0.5305604485025749,-0.5427832486342066,0.4071262681574961,3.584018231377996,-1.285406547420569,2.19910929935755
51.0,113.0,132.6619110107422,0.5465542244987737,1.4842373151568264,-3.962790635761573,-3.436627481727908,-0.5285011718843096,-0.5427832486342066,0.394468155905251,3.583956019487277,-1.2860215043816667,2.1992967792207354
51.0,113.0,132.66603088378906,0.5478767451312376,1.4915359795965373,-3.962790493726648,-3.436627481727908,-0.5284934810086279,-0.5427832486342066,0.3945210196464752,3.584020426865266,-1.2853862917824352,2.2177114688184685
51.0,113.0,132.66603088378906,0.5465542244987737,1.4842373151568264,-3.962790493726648,-3.436627481727908,-0.5285011718843096,-0.5427832486342066,0.394468155905251,3.586659163423473,-1.2860151458979066,2.2177114688184685
51.0,113.0,132.66603088378906,0.5465542244987737,1.4842373151568264,-3.962790493726648,-3.436698084248119,-0.5285013430737784,-0.5427832486342066,0.394468155905251,3.586659163423473,-1.2853315098254932,2.2177114688184685
51.0,113.0,132.66603088378906,0.5478767451312376,1.491535978823135,-3.962799045645833,-3.4324440944088863,-0.5284934810086279,-0.5427832486342066,0.3940498307359779,3.584020426865266,-1.2852273524628086,2.251517122961745
51.0,113.0,132.6691436767578,0.5478767451312376,1.4915358662970066,-3.962790493726648,-3.296974422904934,-0.5284934810086279,-0.5427832486342066,0.4070937757961815,3.584020426865266,-1.2853862917824352,2.19910929935755
51.0,113.0,132.6691436767578,0.5480487115818202,1.4915358662970066,-3.962790493726648,-3.2969744308242444,-0.5290926306420186,-0.5427832486342066,0.4070937757961815,3.584020426865266,-1.285392212663486,2.19910929935755
51.0,113.0,132.6691436767578,0.5478767451312376,1.4915358662970066,-3.9626979109957854,-3.2969744240568213,-0.5284934810086279,-0.5427832486342066,0.4070937757961815,3.584020426865266,-1.2852249588266889,2.19910929935755
51.0,113.0,132.6691436767578,0.5480520010139115,1.4915358662970066,-3.962790493726648,-3.2969744233462746,-0.5290926306420186,-0.5427832486342066,0.4070937757961815,3.584020426865266,-1.2853863292754786,2.19910929935755
51.0,113.0,132.6691436767578,0.5480499664137474,1.4915358662970066,-3.9626979109957854,-3.296974393913464,-0.5284934810086279,-0.5427832486342066,0.4067644319204032,3.584020426865266,-1.285215357502278,2.1990371341234494
51.0,113.0,132.6691436767578,0.5478734556991464,1.4915358662970066,-3.962790493726648,-3.296974430382904,-0.5284934810086279,-0.5427832486342066,0.4070937757961815,3.584020426865266,-1.285392175170443,2.19910929935755
51.0,113.0,132.6691436767578,0.5464869515593413,1.493389353693331,-3.96275441502908,-3.296974396573169,-0.5092478051571382,-0.5427728854968716,0.4080636368915708,3.5890338504836987,-1.2873242028928742,2.176109697968371
51.0,113.0,132.6691436767578,0.5480520010139115,1.4916461538172474,-3.962783978705452,-3.2969744233462746,-0.5284656185675538,-0.5427832486342066,0.4070937757961815,3.584020426865266,-1.2853668636081192,2.19910929935755
51.0,113.0,132.6691436767578,0.5480348047973594,1.4915358662970066,-3.96270189928064,-3.296974391913894,-0.5284934810086279,-0.5427832486342066,0.4070937757961815,3.584020426865266,-1.285392175170443,2.19910929935755
51.0,113.0,132.6691436767578,0.5480348047973594,1.4915358662970066,-3.96270189928064,-3.296974391913894,-0.5284934810086279,-0.5427832486342066,0.4070937757961815,3.584020426865266,-1.285392175170443,2.19910929935755
51.0,113.0,132.6691436767578,0.5480488082044779,1.4915358662970066,-3.962790493726648,-3.2969744308242444,-0.5290926306420186,-0.5427832486342066,0.4070937757961815,3.584020426865266,-1.285392212663486,2.19910929935755
51.0,113.0,132.6691436767578,0.5479039140620992,1.4915358662970066,-3.960757492357626,-3.296974565068423,-0.5284934810086279,-0.5427832480423629,0.4070937757961815,3.584020426865266,-1.2853862917824352,2.1991120415620604
51.0,113.0,132.6691436767578,0.5480498697910898,1.4915358662970066,-3.9626979109957854,-3.296974393913464,-0.5284934810086279,-0.5427832486342066,0.4067644319204032,3.584020426865266,-1.285215357502278,2.1990371341234494
51.0,114.0,132.63449096679688,0.5479443307532503,1.4915049366339104,-3.962633557834935,-3.434557513050347,-0.5294494055119336,-0.542783257773751,0.4061124439826367,3.583633584550882,-1.287362823881986,2.17590508380994
51.0,114.0,132.63449096679688,0.5480346334435425,1.4915358671871106,-3.96270189928064,-3.43458928647094,-0.5284934810086279,-0.5427832486342066,0.3955962468310909,3.584020426865266,-1.2853940105912247,2.19910929935755
51.0,114.0,132.6359100341797,0.5478767451312376,1.491535867135705,-3.962790493726648,-3.2992535065021813,-0.5284934810086279,-0.5427832486342066,0.394074483252153,3.584020426865266,-1.285212696538517,2.2177114688184685
51.0,114.0,132.6359100341797,0.5479683697421052,1.4916429100247612,-3.9625710528664224,-3.296974396114041,-0.4771962246479494,-0.5427832486292536,0.4067648462691234,3.583692264060891,-1.2874801248846623,2.198397031042577
51.0,114.0,132.6359100341797,0.5478767451312376,1.4915359795965373,-3.962790493726648,-3.2945972691570966,-0.5284934810086279,-0.5427832486342066,0.3945210196464752,3.584020426865266,-1.2852275189559372,2.2176376290162048
51.0,114.0,132.6359100341797,0.5479683697421052,1.4916429100247612,-3.9625710528664224,-3.296974396114041,-0.4771962246479494,-0.5427832486292536,0.4067648462691234,3.583692264060891,-1.2874801248846623,2.198397031042577
51.0,114.0,132.6359100341797,0.5479683697421052,1.4916383500439452,-3.962569981311784,-3.296974392145176,-0.4771962246479494,-0.5427832486292536,0.4070816517882636,3.583692264060891,-1.2874801248846623,2.19911941613006
51.0,114.0,132.6359100341797,0.5479683697421052,1.4915334732920886,-3.962556894480595,-3.2969743992020533,-0.4771962246479494,-0.5427832486341628,0.4067648462691234,3.5837216621127657,-1.2853737249395798,2.199094899740157
51.0,114.0,132.6359100341797,0.5479559421031782,1.4915363792463403,-3.9626037019530185,-3.296974396114041,-0.4771962246479494,-0.5427832486292536,0.4067648462691234,3.583430279738536,-1.2874801248846623,2.200427052256013
51.0,114.0,132.6359100341797,0.5478767451312376,1.4915359809938056,-3.962790493726648,-3.2992535065021813,-0.5284934810086279,-0.5427832486342066,0.394074483252153,3.584020426865266,-1.2852273524628086,2.2177114688184685
51.0,114.0,132.6359100341797,0.5478767451312376,1.4916376666428033,-3.9625662872825536,-3.293657104367554,-0.4762850448475397,-0.5427832486342066,0.407574732504438,3.584018231377996,-1.285406547420569,2.19910929935755
51.0,114.0,132.6359100341797,0.5478767451312376,1.4915359809938056,-3.962790493726648,-3.299251047314604,-0.5284934810086279,-0.5427832486342066,0.394074483252153,3.584020426865266,-1.2852273524628086,2.2177114688184685
51.0,114.0,132.6359100341797,0.5479558878041907,1.4915363792463403,-3.962794087574257,-3.2969744285910587,-0.4771962246479494,-0.5427832486340988,0.406796842222269,3.583430279738536,-1.287535418557002,2.1990894945617323
51.0,114.0,132.6359100341797,0.5479636279820764,1.4916429100247612,-3.962570501521966,-3.296870785649997,-0.4765368973545927,-0.542783248629216,0.4067648462691234,3.583692264060891,-1.2851282028066773,2.198397031042577
51.0,114.0,132.6359100341797,0.5479559421031782,1.4915363792463403,-3.960719142996141,-3.296974396114041,-0.4771962246479494,-0.5427827937173936,0.4067648462691234,3.583430279738536,-1.2874801248846623,2.2004824627390915
51.0,114.0,132.6359100341797,0.5479683697421052,1.4915334732920886,-3.962556894480595,-3.2969743988425058,-0.4770678484882762,-0.5427832486341628,0.407090706002621,3.584010833162006,-1.2853841138305009,2.199094899740157
51.0,114.0,132.6359100341797,0.5479039140620992,1.4915358662970066,-3.960757492357626,-3.296974400375845,-0.4773383040768848,-0.5427832480133495,0.4070937757961815,3.584010730573106,-1.287519044520471,2.1991120415620604
51.0,114.0,132.6359100341797,0.5480518781619089,1.491535984337842,-3.962692589407891,-3.302780773106208,-0.5284934810086279,-0.5427832486342066,0.3945210196464752,3.584020426865266,-1.2852230755012055,2.2176376290162048
51.0,114.0,132.6359100341797,0.5479683697421052,1.4916465715285303,-3.9625570256083713,-3.296974395948525,-0.4771962246479494,-0.5427832486291274,0.4067648462691234,3.583721847847589,-1.2874801248846623,2.1991646836377816
51.0,114.0,132.6359100341797,0.5480596162370389,1.4916383500439452,-3.96256888739841,-3.296974391825668,-0.4771962246479494,-0.5427832486289279,0.4070816517882636,3.583692264060891,-1.2853711635900804,2.199122828971168
51.0,114.0,132.6359100341797,0.5479528539306772,1.491535863795605,-3.962794087574257,-3.2969744285910587,-0.4771962246479494,-0.5427832486340988,0.4067660306831187,3.583433131647961,-1.287535418557002,2.1990904098344912
51.0,114.0,132.6359100341797,0.5480596162370389,1.4916383500439452,-3.96263714518964,-3.296974391825668,-0.4771962246479494,-0.5427832486294587,0.4070816517882636,3.5836893261120832,-1.287283174107943,2.199122828971168
51.0,114.0,132.6359100341797,0.5480536733125652,1.4915359795965373,-3.962790493726648,-3.2946325494270563,-0.5284934810086279,-0.5427832486342066,0.394594632262334,3.584020426865266,-1.2852275189559372,2.2176376290162048
51.0,114.0,132.6359100341797,0.5479559421031782,1.491535250923191,-3.9626037019530185,-3.2971339964531583,-0.4771843678806771,-0.5427832486292536,0.4067648462691234,3.583438220254468,-1.2874266223592323,2.1991795952528403
51.0,114.0,132.6359100341797,0.5478767451312376,1.4915414837107523,-3.964165891257826,-3.296986519821753,-0.5284934810086279,-0.5427832486437074,0.394074483252153,3.584020426865266,-1.285212696538517,2.2177114688184685
51.0,114.0,132.6378173828125,0.5465201223857115,1.483680123916759,-3.962790843531715,-3.436627481727908,-0.5285011718843096,-0.5427832486342066,0.3236486099591885,3.5839569853028146,-1.2860101104288293,2.1992440584791533
51.0,114.0,132.63954162597656,0.5464869360903614,1.4915416249899636,-3.964168985257429,-3.296974396114041,-0.5055620984530865,-0.542783248480857,0.4068282878039519,3.600526413875693,-1.2873567046489112,2.311741052467734
51.0,114.0,132.63954162597656,0.5478642563728686,1.4915415997245018,-3.9627879916807647,-3.296974399562438,-0.5055620984530865,-0.542783248480857,0.4068282878039519,3.6001718657378734,-1.2873567046489112,2.308134901888838
51.0,114.0,132.64425659179688,0.6942691537110378,1.4915358671695371,-3.96270189928064,-3.43458928647094,-0.5284934810086279,-0.5427832486342066,0.4070937757961815,3.584020426865266,-1.285392126786142,2.19910929935755
51.0,114.0,132.64425659179688,0.6874326497318376,1.4915358662681644,-3.96270189928064,-3.43458928647094,-0.5284934810086279,-0.5427832486371573,0.4070937757961815,3.584020426865266,-1.2853919731130448,2.199111946428391
51.0,114.0,132.6619110107422,0.5478767451312376,1.4915359787578388,-3.9626979109957854,-3.434348399282548,-0.5284934810086279,-0.5427832486342066,0.4075403121905037,3.584020426865266,-1.2853985540706068,2.19910929935755
51.0,114.0,132.6619110107422,0.5480499664137474,1.4915358662970066,-3.9626979109957854,-3.4390046064842754,-0.5284934810086279,-0.5427832486342066,0.4067644319204032,3.584020426865266,-1.2853741303287758,2.199110973925713
51.0,114.0,132.6619110107422,0.5480483972955301,1.4915359843536922,-3.9626979109957854,-3.434348399282548,-0.5285101470582307,-0.5427832486342066,0.4075379390037532,3.584020426865266,-1.2853985540706068,2.19910929935755
51.0,114.0,132.6619110107422,0.5480346334435425,1.4915358671871106,-3.96270189928064,-3.43458928647094,-0.5284934810086279,-0.5427832486342066,0.4070937757961815,3.584020426865266,-1.285392175170443,2.19910929935755
51.0,114.0,132.6619110107422,0.5478767451312376,1.4915358663458116,-3.9626979109957854,-3.4389178714112747,-0.5284934810086279,-0.5427832486342066,0.4075403121905037,3.584020426865266,-1.2853985540706068,2.1991093908540966
51.0,114.0,132.6619110107422,0.5466998233886798,1.4842373151568264,-3.962790501990332,-3.440628098914317,-0.5290939801218927,-0.5427832486342066,0.4069068175959892,3.586659163423473,-1.2860151458979066,2.199732480861048
51.0,114.0,132.6619110107422,0.5480499664137474,1.491535978709034,-3.9626979109957854,-3.4344351343555486,-0.5284934810086279,-0.5427832486342066,0.4067644319204032,3.584020426865266,-1.2853741303287758,2.1991108824291663
51.0,114.0,132.6619110107422,0.5480499664137474,1.4915358662970066,-3.962699697888594,-3.434991892544497,-0.5284934810086279,-0.5427832486342066,0.4059210815931466,3.584020426865266,-1.2853741303287758,2.198796101547252
51.0,114.0,132.6619110107422,0.5480346334435425,1.4915358671871106,-3.962792172778841,-3.4347044703902707,-0.5284934810086279,-0.5427832486342066,0.4070937757961815,3.584020426865266,-1.285392175170443,2.19910929935755
51.0,114.0,132.6619110107422,0.5478767451312376,1.4915353164751473,-3.962700108895391,-3.432899169861684,-0.5305604485025749,-0.5427832486342066,0.4071262681574961,3.584018231377996,-1.285406547420569,2.19910929935755
51.0,114.0,132.6619110107422,0.5465542244987737,1.4842373151568264,-3.962790635761573,-3.436627481727908,-0.5285011718843096,-0.5427832486342066,0.394468155905251,3.583956019487277,-1.2860215043816667,2.1992967792207354
51.0,114.0,132.6619110107422,0.5465542244987737,1.4842373151568264,-3.962790493726648,-3.436698084248119,-0.5285013430737784,-0.5427832486342066,0.4059656848703417,3.586659163423473,-1.285329674404711,2.2177114688184685
51.0,114.0,132.6619110107422,0.5480499664137474,1.4915358662970066,-3.962699697888594,-3.434991892544497,-0.5284934810086279,-0.5427832486342066,0.4059210815931466,3.584020426865266,-1.2853741303287758,2.198796101547252
51.0,114.0,132.6619110107422,0.5478776754120137,1.4915358663458116,-3.9626979109957854,-3.4389178714112747,-0.5284934810086279,-0.5427832486342066,0.4075403121905037,3.584020426865266,-1.2853985540706068,2.1991093908540966
51.0,114.0,132.66603088378906,0.5478767451312376,1.4915359795965373,-3.962790493726648,-3.436627481727908,-0.5284934810086279,-0.5427832486342066,0.3945210196464752,3.584020426865266,-1.2853862917824352,2.2177114688184685
51.0,114.0,132.66603088378906,0.5465542244987737,1.4842373151568264,-3.962790493726648,-3.436627481727908,-0.5285011718843096,-0.5427832486342066,0.394468155905251,3.586659163423473,-1.2860151458979066,2.2177114688184685
51.0,114.0,132.66603088378906,0.5465542244987737,1.4842373151568264,-3.962790493726648,-3.436698084248119,-0.5285013430737784,-0.5427832486342066,0.394468155905251,3.586659163423473,-1.2853315098254932,2.2177114688184685
51.0,114.0,132.66603088378906,0.5478767451312376,1.491535978823135,-3.962799045645833,-3.4324440944088863,-0.5284934810086279,-0.5427832486342066,0.3940498307359779,3.584020426865266,-1.2852273524628086,2.251517122961745
51.0,114.0,132.66603088378906,0.5465302476955645,1.4842373151568264,-3.962790493726648,-3.436627481727908,-0.528697112256421,-0.5427832486342059,0.3945213589976352,3.586659163423473,-1.2860151458979066,2.2177114688184685
51.0,114.0,132.66603088378906,0.54787849451414,1.4915358656070703,-3.962708005298505,-3.438027512290002,-0.4773383040768848,-0.5427832480133495,0.4070799251584732,3.584010730573106,-1.2874858857404723,2.1991120415620604
51.0,115.0,132.63449096679688,0.5479443307532503,1.4915049366339104,-3.962633557834935,-3.434557513050347,-0.5294494055119336,-0.542783257773751,0.4061124439826367,3.583633584550882,-1.287362823881986,2.17590508380994
51.0,115.0,132.63449096679688,0.5480346334435425,1.4915358671871106,-3.96270189928064,-3.43458928647094,-0.5284934810086279,-0.5427832486342066,0.3955962468310909,3.584020426865266,-1.2853940105912247,2.19910929935755
51.0,115.0,132.6359100341797,0.5478767451312376,1.491535867135705,-3.962790493726648,-3.2992535065021813,-0.5284934810086279,-0.5427832486342066,0.394074483252153,3.584020426865266,-1.285212696538517,2.2177114688184685
51.0,115.0,132.6359100341797,0.5479683697421052,1.4916429100247612,-3.9625710528664224,-3.296974396114041,-0.4771962246479494,-0.5427832486292536,0.4067648462691234,3.583692264060891,-1.2874801248846623,2.198397031042577
51.0,115.0,132.6359100341797,0.5478767451312376,1.4915359795965373,-3.962790493726648,-3.2945972691570966,-0.5284934810086279,-0.5427832486342066,0.3945210196464752,3.584020426865266,-1.2852275189559372,2.2176376290162048
51.0,115.0,132.6359100341797,0.5479683697421052,1.4916429100247612,-3.9625710528664224,-3.296974396114041,-0.4771962246479494,-0.5427832486292536,0.4067648462691234,3.583692264060891,-1.2874801248846623,2.198397031042577
51.0,115.0,132.6359100341797,0.5479683697421052,1.4916383500439452,-3.962569981311784,-3.296974392145176,-0.4771962246479494,-0.5427832486292536,0.4070816517882636,3.583692264060891,-1.2874801248846623,2.19911941613006
51.0,115.0,132.6359100341797,0.5479683697421052,1.4915334732920886,-3.962556894480595,-3.2969743992020533,-0.4771962246479494,-0.5427832486341628,0.4067648462691234,3.5837216621127657,-1.2853737249395798,2.199094899740157
51.0,115.0,132.6359100341797,0.5479559421031782,1.4915363792463403,-3.9626037019530185,-3.296974396114041,-0.4771962246479494,-0.5427832486292536,0.4067648462691234,3.583430279738536,-1.2874801248846623,2.200427052256013
51.0,115.0,132.6359100341797,0.5478767451312376,1.4915359809938056,-3.962790493726648,-3.2992535065021813,-0.5284934810086279,-0.5427832486342066,0.394074483252153,3.584020426865266,-1.2852273524628086,2.2177114688184685
51.0,115.0,132.6359100341797,0.5478767451312376,1.4916376666428033,-3.9625662872825536,-3.293657104367554,-0.4762850448475397,-0.5427832486342066,0.407574732504438,3.584018231377996,-1.285406547420569,2.19910929935755
51.0,115.0,132.6359100341797,0.5478767451312376,1.4915359809938056,-3.962790493726648,-3.299251047314604,-0.5284934810086279,-0.5427832486342066,0.394074483252153,3.584020426865266,-1.2852273524628086,2.2177114688184685
51.0,115.0,132.6359100341797,0.5479558878041907,1.4915363792463403,-3.962794087574257,-3.2969744285910587,-0.4771962246479494,-0.5427832486340988,0.406796842222269,3.583430279738536,-1.287535418557002,2.1990894945617323
51.0,115.0,132.6359100341797,0.5479636279820764,1.4916429100247612,-3.962570501521966,-3.296870785649997,-0.4765368973545927,-0.542783248629216,0.4067648462691234,3.583692264060891,-1.2851282028066773,2.198397031042577
51.0,115.0,132.6359100341797,0.5479559421031782,1.4915363792463403,-3.960719142996141,-3.296974396114041,-0.4771962246479494,-0.5427827937173936,0.4067648462691234,3.583430279738536,-1.2874801248846623,2.2004824627390915
51.0,115.0,132.6359100341797,0.5479683697421052,1.4915334732920886,-3.962556894480595,-3.2969743988425058,-0.4770678484882762,-0.5427832486341628,0.407090706002621,3.584010833162006,-1.2853841138305009,2.199094899740157
51.0,115.0,132.6359100341797,0.5479039140620992,1.4915358662970066,-3.960757492357626,-3.296974400375845,-0.4773383040768848,-0.5427832480133495,0.4070937757961815,3.584010730573106,-1.287519044520471,2.1991120415620604
51.0,115.0,132.6359100341797,0.5480518781619089,1.491535984337842,-3.962692589407891,-3.302780773106208,-0.5284934810086279,-0.5427832486342066,0.3945210196464752,3.584020426865266,-1.2852230755012055,2.2176376290162048
51.0,115.0,132.6359100341797,0.5479683697421052,1.4916465715285303,-3.9625570256083713,-3.296974395948525,-0.4771962246479494,-0.5427832486291274,0.4067648462691234,3.583721847847589,-1.2874801248846623,2.1991646836377816
51.0,115.0,132.6359100341797,0.5480596162370389,1.4916383500439452,-3.96256888739841,-3.296974391825668,-0.4771962246479494,-0.5427832486289279,0.4070816517882636,3.583692264060891,-1.2853711635900804,2.199122828971168
51.0,115.0,132.6359100341797,0.5479528539306772,1.491535863795605,-3.962794087574257,-3.2969744285910587,-0.4771962246479494,-0.5427832486340988,0.4067660306831187,3.583433131647961,-1.287535418557002,2.1990904098344912
51.0,115.0,132.6359100341797,0.5480596162370389,1.4916383500439452,-3.96263714518964,-3.296974391825668,-0.4771962246479494,-0.5427832486294587,0.4070816517882636,3.5836893261120832,-1.287283174107943,2.199122828971168
51.0,115.0,132.6359100341797,0.5480536733125652,1.4915359795965373,-3.962790493726648,-3.2946325494270563,-0.5284934810086279,-0.5427832486342066,0.394594632262334,3.584020426865266,-1.2852275189559372,2.2176376290162048
51.0,115.0,132.6359100341797,0.5479559421031782,1.491535250923191,-3.9626037019530185,-3.2971339964531583,-0.4771843678806771,-0.5427832486292536,0.4067648462691234,3.583438220254468,-1.2874266223592323,2.1991795952528403
51.0,115.0,132.6359100341797,0.5478767451312376,1.4915414837107523,-3.964165891257826,-3.296986519821753,-0.5284934810086279,-0.5427832486437074,0.394074483252153,3.584020426865266,-1.285212696538517,2.2177114688184685
51.0,115.0,132.6359100341797,0.5479683697421052,1.4915334732920886,-3.962556894480595,-3.2969743988425058,-0.4770678484882762,-0.5427832486341628,0.4059120617150166,3.584010833162006,-1.2853841138305009,2.198795152929707
51.0,115.0,132.6359100341797,0.5479636279820764,1.4916383365007848,-3.962570501521966,-3.296983366634487,-0.4771496497451528,-0.5427832486292008,0.4067648462691234,3.583692264060891,-1.28536676146697,2.198397031042577
51.0,115.0,132.6359100341797,0.5479704738445392,1.491638300606695,-3.9625710528664224,-3.2969743915464336,-0.4771962246479494,-0.5427832486292729,0.4067661375493312,3.5836894327555617,-1.2874854107765297,2.19843049721178
51.0,115.0,132.6359100341797,0.5480518781619089,1.4915358585605174,-3.9627945248548913,-3.302780773106208,-0.5284934810086279,-0.5427832486342066,0.3949411303634754,3.584020426865266,-1.2852230755012055,2.2176376290162048
51.0,115.0,132.6359100341797,0.5479551683255766,1.4915334664024198,-3.962556894480595,-3.2969743992020533,-0.4771962246479494,-0.5427832486341609,0.4067634341076846,3.5837216621127657,-1.2876303266070137,2.199094899740157
51.0,115.0,132.6359100341797,0.5480596162370389,1.4916429235679216,-3.96256888739841,-3.296861810841177,-0.4765834722573894,-0.5427832486289432,0.3724211060483606,3.583692264060891,-1.2851326049297878,2.199122828971168
51.0,115.0,132.6359100341797,0.5478767451312376,1.4915359809938056,-3.962790470640072,-3.296975070363945,-0.4766494197005296,-0.5427832486340997,0.4080016714722115,3.584020426865266,-1.2852273524628086,2.2170501173349897
51.0,115.0,132.6359100341797,0.5480536733125652,1.4915324489980522,-3.962573498037424,-3.2936260374740383,-0.4755842877105568,-0.5427832486342066,0.394594632262334,3.584020430582028,-1.2852275189559372,2.2182758549961115
51.0,115.0,132.6359100341797,0.5479683697421052,1.4916465715285303,-3.9625570256083713,-3.296974395948525,-0.4771962246479494,-0.5427832486291274,0.4067648462691234,3.583721847847589,-1.2874801248846623,2.1991646836377816
51.0,115.0,132.6359100341797,0.5480502578440245,1.4915359693410457,-3.9626037019530185,-3.2971339964531583,-0.4765691687488029,-0.5427832486293059,0.406764848191561,3.583438220254468,-1.28527603181438,2.1991795952528403
51.0,115.0,132.6359100341797,0.5479528539306772,1.491535863795605,-3.962794087574257,-3.2969744285910587,-0.4771962246479494,-0.5427832486340988,0.4067660306831187,3.583433131647961,-1.287535418557002,2.1990904098344912
51.0,115.0,132.6378173828125,0.5465201223857115,1.483680123916759,-3.962790843531715,-3.436627481727908,-0.5285011718843096,-0.5427832486342066,0.3236486099591885,3.5839569853028146,-1.2860101104288293,2.1992440584791533
51.0,115.0,132.63954162597656,0.5464869360903614,1.4915416249899636,-3.964168985257429,-3.296974396114041,-0.5055620984530865,-0.542783248480857,0.4068282878039519,3.600526413875693,-1.2873567046489112,2.311741052467734
51.0,115.0,132.63954162597656,0.5478642563728686,1.4915415997245018,-3.9627879916807647,-3.296974399562438,-0.5055620984530865,-0.542783248480857,0.4068282878039519,3.6001718657378734,-1.2873567046489112,2.308134901888838
51.0,115.0,132.64425659179688,0.6942691537110378,1.4915358671695371,-3.96270189928064,-3.43458928647094,-0.5284934810086279,-0.5427832486342066,0.4070937757961815,3.584020426865266,-1.285392126786142,2.19910929935755
51.0,115.0,132.64425659179688,0.6874326497318376,1.4915358662681644,-3.96270189928064,-3.43458928647094,-0.5284934810086279,-0.5427832486371573,0.4070937757961815,3.584020426865266,-1.2853919731130448,2.199111946428391
51.0,115.0,132.64425659179688,0.6874326497318376,1.4915358662681644,-3.962804936857325,-3.4346033008588672,-0.5284934810086279,-0.5427832486370778,0.4070937757961815,3.584020426865266,-1.2853885459872405,2.19723671997836
51.0,115.0,132.64425659179688,0.6969562282256633,1.4915358671695371,-3.9626943640681183,-3.432448054805522,-0.5284934810086279,-0.5427832486342066,0.4056575827206679,3.584020426865266,-1.285235562423284,2.19910929935755
51.0,115.0,132.6619110107422,0.5478767451312376,1.4915359787578388,-3.9626979109957854,-3.434348399282548,-0.5284934810086279,-0.5427832486342066,0.4075403121905037,3.584020426865266,-1.2853985540706068,2.19910929935755
51.0,115.0,132.6619110107422,0.5480499664137474,1.4915358662970066,-3.9626979109957854,-3.4390046064842754,-0.5284934810086279,-0.5427832486342066,0.4067644319204032,3.584020426865266,-1.2853741303287758,2.199110973925713
51.0,115.0,132.6619110107422,0.5480483972955301,1.4915359843536922,-3.9626979109957854,-3.434348399282548,-0.5285101470582307,-0.5427832486342066,0.4075379390037532,3.584020426865266,-1.2853985540706068,2.19910929935755
51.0,115.0,132.6619110107422,0.5480346334435425,1.4915358671871106,-3.96270189928064,-3.43458928647094,-0.5284934810086279,-0.5427832486342066,0.4070937757961815,3.584020426865266,-1.285392175170443,2.19910929935755
51.0,115.0,132.6619110107422,0.5478767451312376,1.4915358663458116,-3.9626979109957854,-3.4389178714112747,-0.5284934810086279,-0.5427832486342066,0.4075403121905037,3.584020426865266,-1.2853985540706068,2.1991093908540966
51.0,115.0,132.6619110107422,0.5466998233886798,1.4842373151568264,-3.962790501990332,-3.440628098914317,-0.5290939801218927,-0.5427832486342066,0.4069068175959892,3.586659163423473,-1.2860151458979066,2.199732480861048
51.0,115.0,132.6619110107422,0.5480499664137474,1.491535978709034,-3.9626979109957854,-3.4344351343555486,-0.5284934810086279,-0.5427832486342066,0.4067644319204032,3.584020426865266,-1.2853741303287758,2.1991108824291663
51.0,116.0,132.63449096679688,0.5479443307532503,1.4915049366339104,-3.962633557834935,-3.434557513050347,-0.5294494055119336,-0.542783257773751,0.4061124439826367,3.583633584550882,-1.287362823881986,2.17590508380994
51.0,116.0,132.63449096679688,0.5480346334435425,1.4915358671871106,-3.96270189928064,-3.43458928647094,-0.5284934810086279,-0.5427832486342066,0.3955962468310909,3.584020426865266,-1.2853940105912247,2.19910929935755
51.0,116.0,132.63449096679688,0.5479443307532503,1.4915089129393202,-3.962633386298077,-3.434557513050347,-0.5299218603500725,-0.542783257773751,0.406168943274781,3.583633584550882,-1.287480815620589,2.17524651555813
51.0,116.0,132.6359100341797,0.5478767451312376,1.491535867135705,-3.962790493726648,-3.2992535065021813,-0.5284934810086279,-0.5427832486342066,0.394074483252153,3.584020426865266,-1.285212696538517,2.2177114688184685
51.0,116.0,132.6359100341797,0.5479683697421052,1.4916429100247612,-3.9625710528664224,-3.296974396114041,-0.4771962246479494,-0.5427832486292536,0.4067648462691234,3.583692264060891,-1.2874801248846623,2.198397031042577
51.0,116.0,132.6359100341797,0.5478767451312376,1.4915359795965373,-3.962790493726648,-3.2945972691570966,-0.5284934810086279,-0.5427832486342066,0.3945210196464752,3.584020426865266,-1.2852275189559372,2.2176376290162048
51.0,116.0,132.6359100341797,0.5479683697421052,1.4916429100247612,-3.9625710528664224,-3.296974396114041,-0.4771962246479494,-0.5427832486292536,0.4067648462691234,3.583692264060891,-1.2874801248846623,2.198397031042577
51.0,116.0,132.6359100341797,0.5479683697421052,1.4916383500439452,-3.962569981311784,-3.296974392145176,-0.4771962246479494,-0.5427832486292536,0.4070816517882636,3.583692264060891,-1.2874801248846623,2.19911941613006
51.0,116.0,132.6359100341797,0.5479683697421052,1.4915334732920886,-3.962556894480595,-3.2969743992020533,-0.4771962246479494,-0.5427832486341628,0.4067648462691234,3.5837216621127657,-1.2853737249395798,2.199094899740157
51.0,116.0,132.6359100341797,0.5479559421031782,1.4915363792463403,-3.9626037019530185,-3.296974396114041,-0.4771962246479494,-0.5427832486292536,0.4067648462691234,3.583430279738536,-1.2874801248846623,2.200427052256013
51.0,116.0,132.6359100341797,0.5478767451312376,1.4915359809938056,-3.962790493726648,-3.2992535065021813,-0.5284934810086279,-0.5427832486342066,0.394074483252153,3.584020426865266,-1.2852273524628086,2.2177114688184685
51.0,116.0,132.6359100341797,0.5478767451312376,1.4916376666428033,-3.9625662872825536,-3.293657104367554,-0.4762850448475397,-0.5427832486342066,0.407574732504438,3.584018231377996,-1.285406547420569,2.19910929935755
51.0,116.0,132.6359100341797,0.5478767451312376,1.4915359809938056,-3.962790493726648,-3.299251047314604,-0.5284934810086279,-0.5427832486342066,0.394074483252153,3.584020426865266,-1.2852273524628086,2.2177114688184685
51.0,116.0,132.6359100341797,0.5479558878041907,1.4915363792463403,-3.962794087574257,-3.2969744285910587,-0.4771962246479494,-0.5427832486340988,0.406796842222269,3.583430279738536,-1.287535418557002,2.1990894945617323
51.0,116.0,132.6359100341797,0.5479636279820764,1.4916429100247612,-3.962570501521966,-3.296870785649997,-0.4765368973545927,-0.542783248629216,0.4067648462691234,3.583692264060891,-1.2851282028066773,2.198397031042577
51.0,116.0,132.6359100341797,0.5479559421031782,1.4915363792463403,-3.960719142996141,-3.296974396114041,-0.4771962246479494,-0.5427827937173936,0.4067648462691234,3.583430279738536,-1.2874801248846623,2.2004824627390915
51.0,116.0,132.6359100341797,0.5479683697421052,1.4915334732920886,-3.962556894480595,-3.2969743988425058,-0.4770678484882762,-0.5427832486341628,0.407090706002621,3.584010833162006,-1.2853841138305009,2.199094899740157
51.0,116.0,132.6359100341797,0.5479039140620992,1.4915358662970066,-3.960757492357626,-3.296974400375845,-0.4773383040768848,-0.5427832480133495,0.4070937757961815,3.584010730573106,-1.287519044520471,2.1991120415620604
51.0,116.0,132.6359100341797,0.5480518781619089,1.491535984337842,-3.962692589407891,-3.302780773106208,-0.5284934810086279,-0.5427832486342066,0.3945210196464752,3.584020426865266,-1.2852230755012055,2.2176376290162048
51.0,116.0,132.6359100341797,0.5479683697421052,1.4916465715285303,-3.9625570256083713,-3.296974395948525,-0.4771962246479494,-0.5427832486291274,0.4067648462691234,3.583721847847589,-1.2874801248846623,2.1991646836377816
51.0,116.0,132.6359100341797,0.5480596162370389,1.4916383500439452,-3.96256888739841,-3.296974391825668,-0.4771962246479494,-0.5427832486289279,0.4070816517882636,3.583692264060891,-1.2853711635900804,2.199122828971168
51.0,116.0,132.6359100341797,0.5479528539306772,1.491535863795605,-3.962794087574257,-3.2969744285910587,-0.4771962246479494,-0.5427832486340988,0.4067660306831187,3.583433131647961,-1.287535418557002,2.1990904098344912
51.0,116.0,132.6359100341797,0.5480596162370389,1.4916383500439452,-3.96263714518964,-3.296974391825668,-0.4771962246479494,-0.5427832486294587,0.4070816517882636,3.5836893261120832,-1.287283174107943,2.199122828971168
51.0,116.0,132.6359100341797,0.5480536733125652,1.4915359795965373,-3.962790493726648,-3.2946325494270563,-0.5284934810086279,-0.5427832486342066,0.394594632262334,3.584020426865266,-1.2852275189559372,2.2176376290162048
51.0,116.0,132.6359100341797,0.5479559421031782,1.491535250923191,-3.9626037019530185,-3.2971339964531583,-0.4771843678806771,-0.5427832486292536,0.4067648462691234,3.583438220254468,-1.2874266223592323,2.1991795952528403
51.0,116.0,132.6359100341797,0.5478767451312376,1.4915414837107523,-3.964165891257826,-3.296986519821753,-0.5284934810086279,-0.5427832486437074,0.394074483252153,3.584020426865266,-1.285212696538517,2.2177114688184685
51.0,116.0,132.6359100341797,0.5479683697421052,1.4915334732920886,-3.962556894480595,-3.2969743988425058,-0.4770678484882762,-0.5427832486341628,0.4059120617150166,3.584010833162006,-1.2853841138305009,2.198795152929707
51.0,116.0,132.6359100341797,0.5479636279820764,1.4916383365007848,-3.962570501521966,-3.296983366634487,-0.4771496497451528,-0.5427832486292008,0.4067648462691234,3.583692264060891,-1.28536676146697,2.198397031042577
51.0,116.0,132.6359100341797,0.5479704738445392,1.491638300606695,-3.9625710528664224,-3.2969743915464336,-0.4771962246479494,-0.5427832486292729,0.4067661375493312,3.5836894327555617,-1.2874854107765297,2.19843049721178
51.0,116.0,132.6359100341797,0.5480518781619089,1.4915358585605174,-3.9627945248548913,-3.302780773106208,-0.5284934810086279,-0.5427832486342066,0.3949411303634754,3.584020426865266,-1.2852230755012055,2.2176376290162048
51.0,116.0,132.6359100341797,0.5479551683255766,1.4915334664024198,-3.962556894480595,-3.2969743992020533,-0.4771962246479494,-0.5427832486341609,0.4067634341076846,3.5837216621127657,-1.2876303266070137,2.199094899740157
51.0,116.0,132.6359100341797,0.5480596162370389,1.4916429235679216,-3.96256888739841,-3.296861810841177,-0.4765834722573894,-0.5427832486289432,0.3724211060483606,3.583692264060891,-1.2851326049297878,2.199122828971168
51.0,116.0,132.6359100341797,0.5478767451312376,1.4915359809938056,-3.962790470640072,-3.296975070363945,-0.4766494197005296,-0.5427832486340997,0.4080016714722115,3.584020426865266,-1.2852273524628086,2.2170501173349897
51.0,116.0,132.6359100341797,0.5480536733125652,1.4915324489980522,-3.962573498037424,-3.2936260374740383,-0.4755842877105568,-0.5427832486342066,0.394594632262334,3.584020430582028,-1.2852275189559372,2.2182758549961115
51.0,116.0,132.6359100341797,0.5479683697421052,1.4916465715285303,-3.9625570256083713,-3.296974395948525,-0.4771962246479494,-0.5427832486291274,0.4067648462691234,3.583721847847589,-1.2874801248846623,2.1991646836377816
51.0,116.0,132.6359100341797,0.5480502578440245,1.4915359693410457,-3.9626037019530185,-3.2971339964531583,-0.4765691687488029,-0.5427832486293059,0.406764848191561,3.583438220254468,-1.28527603181438,2.1991795952528403
51.0,116.0,132.6359100341797,0.5479528539306772,1.491535863795605,-3.962794087574257,-3.2969744285910587,-0.4771962246479494,-0.5427832486340988,0.4067660306831187,3.583433131647961,-1.287535418557002,2.1990904098344912
51.0,116.0,132.6359100341797,0.5480536733125652,1.4915324489980522,-3.962573498037424,-3.2936260374740383,-0.4772205953180076,-0.5427832486342066,0.394594632262334,3.583711238732251,-1.2852275189559372,2.1989582716718017
51.0,116.0,132.6359100341797,0.5480596162370389,1.4916383500439452,-3.96263714518964,-3.296974391825668,-0.4771962246479494,-0.5427832486294587,0.4070816517882636,3.5836893261120832,-1.287283174107943,2.199122828971168
51.0,116.0,132.6359100341797,0.548048768985618,1.4915363894358318,-3.962589250471986,-3.302780773106208,-0.4783124914576475,-0.5427832486294255,0.4076414782044494,3.584020426865266,-1.2875900507332256,2.201217780986362
51.0,116.0,132.6359100341797,0.5479552050121197,1.4915334732920886,-3.962557258890124,-3.2969743988425058,-0.4771926555708483,-0.5427832486341628,0.4067449093648159,3.584010833162006,-1.287724142585512,2.199137194041377
51.0,116.0,132.6359100341797,0.5479683697421052,1.491536169033321,-3.9625570555597553,-3.296974395948525,-0.4771962246479494,-0.542783248633732,0.4067648462691234,3.5837245144835665,-1.2874801248846623,2.199089326925413
51.0,116.0,132.6359100341797,0.5478691726872424,1.4915392046049685,-3.962790493726648,-3.2992991057281515,-0.5289798311088445,-0.5427832486342066,0.3945336460525067,3.5836765265352626,-1.285212696538517,2.2177114688184685
51.0,116.0,132.6359100341797,0.5479636279820764,1.4915454271285182,-3.96417739096613,-3.296983312491385,-0.4771496497451528,-0.5427832486292008,0.4067659694395122,3.583692264060891,-1.28536676146697,2.201473069644656
51.0,116.0,132.6359100341797,0.5479590512794691,1.4915359741483505,-3.962707040888924,-3.296974396114041,-0.5273772141989299,-0.5427832486340347,0.3936443877111491,3.583430279738536,-1.285113149652642,2.2168469002858564
51.0,116.0,132.6359100341797,0.5480502175371937,1.4916607848366004,-3.9625570256083713,-3.296974395948525,-0.4771962246479494,-0.5427832486291274,0.4067648462691234,3.583722419276315,-1.2852592949991997,2.1991646836377816
51.0,116.0,132.6359100341797,0.5479683697421052,1.4915334732920886,-3.962556894480595,-3.2969743992020533,-0.4771962246479494,-0.5427832486341628,0.4067648462691234,3.5837216621127657,-1.2853737249395798,2.199094899740157
51.0,116.0,132.6359100341797,0.5479551683255766,1.4915334148960344,-3.962566045118205,-3.2969743992020533,-0.4771962246479494,-0.5427832486342092,0.4067634341076846,3.5839920588971865,-1.28513583721899,2.199094899740157
51.0,116.0,132.6359100341797,0.5479683697421052,1.4916466311745566,-3.9625570243153896,-3.296872680231226,-0.4765037493589126,-0.5427832486291274,0.4067648462691234,3.583715740586785,-1.2874801248846623,2.1984215125411475
51.0,116.0,132.6359100341797,0.5480536733125652,1.4915334771630857,-3.962790493726648,-3.2946325494270563,-0.5273417527522452,-0.5427832486342066,0.394594632262334,3.584020426865266,-1.287614997019775,2.217147495065891
51.0,117.0,132.63449096679688,0.5479443307532503,1.4915049366339104,-3.962633557834935,-3.434557513050347,-0.5294494055119336,-0.542783257773751,0.4061124439826367,3.583633584550882,-1.287362823881986,2.17590508380994
51.0,117.0,132.63449096679688,0.5480346334435425,1.4915358671871106,-3.96270189928064,-3.43458928647094,-0.5284934810086279,-0.5427832486342066,0.3955962468310909,3.584020426865266,-1.2853940105912247,2.19910929935755
51.0,117.0,132.63449096679688,0.5479443307532503,1.4915089129393202,-3.962633386298077,-3.434557513050347,-0.5299218603500725,-0.542783257773751,0.406168943274781,3.583633584550882,-1.287480815620589,2.17524651555813
51.0,117.0,132.63449096679688,0.5479443307532503,1.4915089129393202,-3.962570259392286,-3.434557513050347,-0.5299218603500725,-0.542783257773751,0.406168943274781,3.583633584550882,-1.2855531915315936,2.174841645565911
51.0,117.0,132.63449096679688,0.5479443307532503,1.4915049366339104,-3.962633557834935,-3.434557513050347,-0.5294494055119336,-0.542783257773751,0.4061124439826367,3.583633584550882,-1.287362823881986,2.17590508380994
51.0,117.0,132.63449096679688,0.5480346334435425,1.4915358671871106,-3.96270189928064,-3.43458928647094,-0.5284934810086279,-0.5427832486342066,0.3955962468310909,3.584020426865266,-1.2853940105912247,2.19910929935755
51.0,117.0,132.6359100341797,0.5478767451312376,1.491535867135705,-3.962790493726648,-3.2992535065021813,-0.5284934810086279,-0.5427832486342066,0.394074483252153,3.584020426865266,-1.285212696538517,2.2177114688184685
51.0,117.0,132.6359100341797,0.5479683697421052,1.4916429100247612,-3.9625710528664224,-3.296974396114041,-0.4771962246479494,-0.5427832486292536,0.4067648462691234,3.583692264060891,-1.2874801248846623,2.198397031042577
51.0,117.0,132.6359100341797,0.5478767451312376,1.4915359795965373,-3.962790493726648,-3.2945972691570966,-0.5284934810086279,-0.5427832486342066,0.3945210196464752,3.584020426865266,-1.2852275189559372,2.2176376290162048
51.0,117.0,132.6359100341797,0.5479683697421052,1.4916429100247612,-3.9625710528664224,-3.296974396114041,-0.4771962246479494,-0.5427832486292536,0.4067648462691234,3.583692264060891,-1.2874801248846623,2.198397031042577
51.0,117.0,132.6359100341797,0.5479683697421052,1.4916383500439452,-3.962569981311784,-3.296974392145176,-0.4771962246479494,-0.5427832486292536,0.4070816517882636,3.583692264060891,-1.2874801248846623,2.19911941613006
51.0,117.0,132.6359100341797,0.5479683697421052,1.4915334732920886,-3.962556894480595,-3.2969743992020533,-0.4771962246479494,-0.5427832486341628,0.4067648462691234,3.5837216621127657,-1.2853737249395798,2.199094899740157
51.0,117.0,132.6359100341797,0.5479559421031782,1.4915363792463403,-3.9626037019530185,-3.296974396114041,-0.4771962246479494,-0.5427832486292536,0.4067648462691234,3.583430279738536,-1.2874801248846623,2.200427052256013
51.0,117.0,132.6359100341797,0.5478767451312376,1.4915359809938056,-3.962790493726648,-3.2992535065021813,-0.5284934810086279,-0.5427832486342066,0.394074483252153,3.584020426865266,-1.2852273524628086,2.2177114688184685
51.0,117.0,132.6359100341797,0.5478767451312376,1.4916376666428033,-3.9625662872825536,-3.293657104367554,-0.4762850448475397,-0.5427832486342066,0.407574732504438,3.584018231377996,-1.285406547420569,2.19910929935755
51.0,117.0,132.6359100341797,0.5478767451312376,1.4915359809938056,-3.962790493726648,-3.299251047314604,-0.5284934810086279,-0.5427832486342066,0.394074483252153,3.584020426865266,-1.2852273524628086,2.2177114688184685
51.0,117.0,132.6359100341797,0.5479558878041907,1.4915363792463403,-3.962794087574257,-3.2969744285910587,-0.4771962246479494,-0.5427832486340988,0.406796842222269,3.583430279738536,-1.287535418557002,2.1990894945617323
51.0,117.0,132.6359100341797,0.5479636279820764,1.4916429100247612,-3.962570501521966,-3.296870785649997,-0.4765368973545927,-0.542783248629216,0.4067648462691234,3.583692264060891,-1.2851282028066773,2.198397031042577
51.0,117.0,132.6359100341797,0.5479559421031782,1.4915363792463403,-3.960719142996141,-3.296974396114041,-0.4771962246479494,-0.5427827937173936,0.4067648462691234,3.583430279738536,-1.2874801248846623,2.2004824627390915
51.0,117.0,132.6359100341797,0.5479683697421052,1.4915334732920886,-3.962556894480595,-3.2969743988425058,-0.4770678484882762,-0.5427832486341628,0.407090706002621,3.584010833162006,-1.2853841138305009,2.199094899740157
51.0,117.0,132.6359100341797,0.5479039140620992,1.4915358662970066,-3.960757492357626,-3.296974400375845,-0.4773383040768848,-0.5427832480133495,0.4070937757961815,3.584010730573106,-1.287519044520471,2.1991120415620604
51.0,117.0,132.6359100341797,0.5480518781619089,1.491535984337842,-3.962692589407891,-3.302780773106208,-0.5284934810086279,-0.5427832486342066,0.3945210196464752,3.584020426865266,-1.2852230755012055,2.2176376290162048
51.0,117.0,132.6359100341797,0.5479683697421052,1.4916465715285303,-3.9625570256083713,-3.296974395948525,-0.4771962246479494,-0.5427832486291274,0.4067648462691234,3.583721847847589,-1.2874801248846623,2.1991646836377816
51.0,117.0,132.6359100341797,0.5480596162370389,1.4916383500439452,-3.96256888739841,-3.296974391825668,-0.4771962246479494,-0.5427832486289279,0.4070816517882636,3.583692264060891,-1.2853711635900804,2.199122828971168
51.0,117.0,132.6359100341797,0.5479528539306772,1.491535863795605,-3.962794087574257,-3.2969744285910587,-0.4771962246479494,-0.5427832486340988,0.4067660306831187,3.583433131647961,-1.287535418557002,2.1990904098344912
51.0,117.0,132.6359100341797,0.5480596162370389,1.4916383500439452,-3.96263714518964,-3.296974391825668,-0.4771962246479494,-0.5427832486294587,0.4070816517882636,3.5836893261120832,-1.287283174107943,2.199122828971168
51.0,117.0,132.6359100341797,0.5480536733125652,1.4915359795965373,-3.962790493726648,-3.2946325494270563,-0.5284934810086279,-0.5427832486342066,0.394594632262334,3.584020426865266,-1.2852275189559372,2.2176376290162048
51.0,117.0,132.6359100341797,0.5479559421031782,1.491535250923191,-3.9626037019530185,-3.2971339964531583,-0.4771843678806771,-0.5427832486292536,0.4067648462691234,3.583438220254468,-1.2874266223592323,2.1991795952528403
51.0,117.0,132.6359100341797,0.5478767451312376,1.4915414837107523,-3.964165891257826,-3.296986519821753,-0.5284934810086279,-0.5427832486437074,0.394074483252153,3.584020426865266,-1.285212696538517,2.2177114688184685
51.0,117.0,132.6359100341797,0.5479683697421052,1.4915334732920886,-3.962556894480595,-3.2969743988425058,-0.4770678484882762,-0.5427832486341628,0.4059120617150166,3.584010833162006,-1.2853841138305009,2.198795152929707
51.0,117.0,132.6359100341797,0.5479636279820764,1.4916383365007848,-3.962570501521966,-3.296983366634487,-0.4771496497451528,-0.5427832486292008,0.4067648462691234,3.583692264060891,-1.28536676146697,2.198397031042577
51.0,117.0,132.6359100341797,0.5479704738445392,1.491638300606695,-3.9625710528664224,-3.2969743915464336,-0.4771962246479494,-0.5427832486292729,0.4067661375493312,3.5836894327555617,-1.2874854107765297,2.19843049721178
51.0,117.0,132.6359100341797,0.5480518781619089,1.4915358585605174,-3.9627945248548913,-3.302780773106208,-0.5284934810086279,-0.5427832486342066,0.3949411303634754,3.584020426865266,-1.2852230755012055,2.2176376290162048
51.0,117.0,132.6359100341797,0.5479551683255766,1.4915334664024198,-3.962556894480595,-3.2969743992020533,-0.4771962246479494,-0.5427832486341609,0.4067634341076846,3.5837216621127657,-1.2876303266070137,2.199094899740157
51.0,117.0,132.6359100341797,0.5480596162370389,1.4916429235679216,-3.96256888739841,-3.296861810841177,-0.4765834722573894,-0.5427832486289432,0.3724211060483606,3.583692264060891,-1.2851326049297878,2.199122828971168
51.0,117.0,132.6359100341797,0.5478767451312376,1.4915359809938056,-3.962790470640072,-3.296975070363945,-0.4766494197005296,-0.5427832486340997,0.4080016714722115,3.584020426865266,-1.2852273524628086,2.2170501173349897
51.0,117.0,132.6359100341797,0.5480536733125652,1.4915324489980522,-3.962573498037424,-3.2936260374740383,-0.4755842877105568,-0.5427832486342066,0.394594632262334,3.584020430582028,-1.2852275189559372,2.2182758549961115
51.0,117.0,132.6359100341797,0.5479683697421052,1.4916465715285303,-3.9625570256083713,-3.296974395948525,-0.4771962246479494,-0.5427832486291274,0.4067648462691234,3.583721847847589,-1.2874801248846623,2.1991646836377816
51.0,117.0,132.6359100341797,0.5480502578440245,1.4915359693410457,-3.9626037019530185,-3.2971339964531583,-0.4765691687488029,-0.5427832486293059,0.406764848191561,3.583438220254468,-1.28527603181438,2.1991795952528403
51.0,117.0,132.6359100341797,0.5479528539306772,1.491535863795605,-3.962794087574257,-3.2969744285910587,-0.4771962246479494,-0.5427832486340988,0.4067660306831187,3.583433131647961,-1.287535418557002,2.1990904098344912
51.0,117.0,132.6359100341797,0.5480536733125652,1.4915324489980522,-3.962573498037424,-3.2936260374740383,-0.4772205953180076,-0.5427832486342066,0.394594632262334,3.583711238732251,-1.2852275189559372,2.1989582716718017
51.0,117.0,132.6359100341797,0.5480596162370389,1.4916383500439452,-3.96263714518964,-3.296974391825668,-0.4771962246479494,-0.5427832486294587,0.4070816517882636,3.5836893261120832,-1.287283174107943,2.199122828971168
51.0,117.0,132.6359100341797,0.548048768985618,1.4915363894358318,-3.962589250471986,-3.302780773106208,-0.4783124914576475,-0.5427832486294255,0.4076414782044494,3.584020426865266,-1.2875900507332256,2.201217780986362
51.0,117.0,132.6359100341797,0.5479552050121197,1.4915334732920886,-3.962557258890124,-3.2969743988425058,-0.4771926555708483,-0.5427832486341628,0.4067449093648159,3.584010833162006,-1.287724142585512,2.199137194041377
51.0,117.0,132.6359100341797,0.5479683697421052,1.491536169033321,-3.9625570555597553,-3.296974395948525,-0.4771962246479494,-0.542783248633732,0.4067648462691234,3.5837245144835665,-1.2874801248846623,2.199089326925413
51.0,117.0,132.6359100341797,0.5478691726872424,1.4915392046049685,-3.962790493726648,-3.2992991057281515,-0.5289798311088445,-0.5427832486342066,0.3945336460525067,3.5836765265352626,-1.285212696538517,2.2177114688184685
51.0,117.0,132.6359100341797,0.5479636279820764,1.4915454271285182,-3.96417739096613,-3.296983312491385,-0.4771496497451528,-0.5427832486292008,0.4067659694395122,3.583692264060891,-1.28536676146697,2.201473069644656
51.0,117.0,132.6359100341797,0.5479590512794691,1.4915359741483505,-3.962707040888924,-3.296974396114041,-0.5273772141989299,-0.5427832486340347,0.3936443877111491,3.583430279738536,-1.285113149652642,2.2168469002858564
51.0,117.0,132.6359100341797,0.5480502175371937,1.4916607848366004,-3.9625570256083713,-3.296974395948525,-0.4771962246479494,-0.5427832486291274,0.4067648462691234,3.583722419276315,-1.2852592949991997,2.1991646836377816
51.0,117.0,132.6359100341797,0.5479683697421052,1.4915334732920886,-3.962556894480595,-3.2969743992020533,-0.4771962246479494,-0.5427832486341628,0.4067648462691234,3.5837216621127657,-1.2853737249395798,2.199094899740157
51.0,118.0,132.63449096679688,0.5479443307532503,1.4915049366339104,-3.962633557834935,-3.434557513050347,-0.5294494055119336,-0.542783257773751,0.4061124439826367,3.583633584550882,-1.287362823881986,2.17590508380994
51.0,118.0,132.63449096679688,0.5480346334435425,1.4915358671871106,-3.96270189928064,-3.43458928647094,-0.5284934810086279,-0.5427832486342066,0.3955962468310909,3.584020426865266,-1.2853940105912247,2.19910929935755
51.0,118.0,132.63449096679688,0.5479443307532503,1.4915089129393202,-3.962633386298077,-3.434557513050347,-0.5299218603500725,-0.542783257773751,0.406168943274781,3.583633584550882,-1.287480815620589,2.17524651555813
51.0,118.0,132.63449096679688,0.5479443307532503,1.4915089129393202,-3.962570259392286,-3.434557513050347,-0.5299218603500725,-0.542783257773751,0.406168943274781,3.583633584550882,-1.2855531915315936,2.174841645565911
51.0,118.0,132.63449096679688,0.5479443307532503,1.4915049366339104,-3.962633557834935,-3.434557513050347,-0.5294494055119336,-0.542783257773751,0.4061124439826367,3.583633584550882,-1.287362823881986,2.17590508380994
51.0,118.0,132.63449096679688,0.5480346334435425,1.4915358671871106,-3.96270189928064,-3.43458928647094,-0.5284934810086279,-0.5427832486342066,0.3955962468310909,3.584020426865266,-1.2853940105912247,2.19910929935755
51.0,118.0,132.63449096679688,0.5479427964495454,1.4915100851427567,-3.962634388366512,-3.429984982496617,-0.5294494055119336,-0.5427832578974818,0.3701326336091446,3.5836336395795687,-1.2873924461820083,2.1748392698901005
51.0,118.0,132.63449096679688,0.5479443307532503,1.491649059294594,-3.9625711193724378,-3.4319721003301296,-0.5299218603500725,-0.542783257773751,0.4061391480894828,3.583631553332056,-1.287454885568915,2.174841645565911
51.0,118.0,132.6359100341797,0.5478767451312376,1.491535867135705,-3.962790493726648,-3.2992535065021813,-0.5284934810086279,-0.5427832486342066,0.394074483252153,3.584020426865266,-1.285212696538517,2.2177114688184685
51.0,118.0,132.6359100341797,0.5479683697421052,1.4916429100247612,-3.9625710528664224,-3.296974396114041,-0.4771962246479494,-0.5427832486292536,0.4067648462691234,3.583692264060891,-1.2874801248846623,2.198397031042577
51.0,118.0,132.6359100341797,0.5478767451312376,1.4915359795965373,-3.962790493726648,-3.2945972691570966,-0.5284934810086279,-0.5427832486342066,0.3945210196464752,3.584020426865266,-1.2852275189559372,2.2176376290162048
51.0,118.0,132.6359100341797,0.5479683697421052,1.4916429100247612,-3.9625710528664224,-3.296974396114041,-0.4771962246479494,-0.5427832486292536,0.4067648462691234,3.583692264060891,-1.2874801248846623,2.198397031042577
51.0,118.0,132.6359100341797,0.5479683697421052,1.4916383500439452,-3.962569981311784,-3.296974392145176,-0.4771962246479494,-0.5427832486292536,0.4070816517882636,3.583692264060891,-1.2874801248846623,2.19911941613006
51.0,118.0,132.6359100341797,0.5479683697421052,1.4915334732920886,-3.962556894480595,-3.2969743992020533,-0.4771962246479494,-0.5427832486341628,0.4067648462691234,3.5837216621127657,-1.2853737249395798,2.199094899740157
51.0,118.0,132.6359100341797,0.5479559421031782,1.4915363792463403,-3.9626037019530185,-3.296974396114041,-0.4771962246479494,-0.5427832486292536,0.4067648462691234,3.583430279738536,-1.2874801248846623,2.200427052256013
51.0,118.0,132.6359100341797,0.5478767451312376,1.4915359809938056,-3.962790493726648,-3.2992535065021813,-0.5284934810086279,-0.5427832486342066,0.394074483252153,3.584020426865266,-1.2852273524628086,2.2177114688184685
51.0,118.0,132.6359100341797,0.5478767451312376,1.4916376666428033,-3.9625662872825536,-3.293657104367554,-0.4762850448475397,-0.5427832486342066,0.407574732504438,3.584018231377996,-1.285406547420569,2.19910929935755
51.0,118.0,132.6359100341797,0.5478767451312376,1.4915359809938056,-3.962790493726648,-3.299251047314604,-0.5284934810086279,-0.5427832486342066,0.394074483252153,3.584020426865266,-1.2852273524628086,2.2177114688184685
51.0,118.0,132.6359100341797,0.5479558878041907,1.4915363792463403,-3.962794087574257,-3.2969744285910587,-0.4771962246479494,-0.5427832486340988,0.406796842222269,3.583430279738536,-1.287535418557002,2.1990894945617323
51.0,118.0,132.6359100341797,0.5479636279820764,1.4916429100247612,-3.962570501521966,-3.296870785649997,-0.4765368973545927,-0.542783248629216,0.4067648462691234,3.583692264060891,-1.2851282028066773,2.198397031042577
51.0,118.0,132.6359100341797,0.5479559421031782,1.4915363792463403,-3.960719142996141,-3.296974396114041,-0.4771962246479494,-0.5427827937173936,0.4067648462691234,3.583430279738536,-1.2874801248846623,2.2004824627390915
51.0,118.0,132.6359100341797,0.5479683697421052,1.4915334732920886,-3.962556894480595,-3.2969743988425058,-0.4770678484882762,-0.5427832486341628,0.407090706002621,3.584010833162006,-1.2853841138305009,2.199094899740157
51.0,118.0,132.6359100341797,0.5479039140620992,1.4915358662970066,-3.960757492357626,-3.296974400375845,-0.4773383040768848,-0.5427832480133495,0.4070937757961815,3.584010730573106,-1.287519044520471,2.1991120415620604
51.0,118.0,132.6359100341797,0.5480518781619089,1.491535984337842,-3.962692589407891,-3.302780773106208,-0.5284934810086279,-0.5427832486342066,0.3945210196464752,3.584020426865266,-1.2852230755012055,2.2176376290162048
51.0,118.0,132.6359100341797,0.5479683697421052,1.4916465715285303,-3.9625570256083713,-3.296974395948525,-0.4771962246479494,-0.5427832486291274,0.4067648462691234,3.583721847847589,-1.2874801248846623,2.1991646836377816
51.0,118.0,132.6359100341797,0.5480596162370389,1.4916383500439452,-3.96256888739841,-3.296974391825668,-0.4771962246479494,-0.5427832486289279,0.4070816517882636,3.583692264060891,-1.2853711635900804,2.199122828971168
51.0,118.0,132.6359100341797,0.5479528539306772,1.491535863795605,-3.962794087574257,-3.2969744285910587,-0.4771962246479494,-0.5427832486340988,0.4067660306831187,3.583433131647961,-1.287535418557002,2.1990904098344912
51.0,118.0,132.6359100341797,0.5480596162370389,1.4916383500439452,-3.96263714518964,-3.296974391825668,-0.4771962246479494,-0.5427832486294587,0.4070816517882636,3.5836893261120832,-1.287283174107943,2.199122828971168
51.0,118.0,132.6359100341797,0.5480536733125652,1.4915359795965373,-3.962790493726648,-3.2946325494270563,-0.5284934810086279,-0.5427832486342066,0.394594632262334,3.584020426865266,-1.2852275189559372,2.2176376290162048
51.0,118.0,132.6359100341797,0.5479559421031782,1.491535250923191,-3.9626037019530185,-3.2971339964531583,-0.4771843678806771,-0.5427832486292536,0.4067648462691234,3.583438220254468,-1.2874266223592323,2.1991795952528403
51.0,118.0,132.6359100341797,0.5478767451312376,1.4915414837107523,-3.964165891257826,-3.296986519821753,-0.5284934810086279,-0.5427832486437074,0.394074483252153,3.584020426865266,-1.285212696538517,2.2177114688184685
51.0,118.0,132.6359100341797,0.5479683697421052,1.4915334732920886,-3.962556894480595,-3.2969743988425058,-0.4770678484882762,-0.5427832486341628,0.4059120617150166,3.584010833162006,-1.2853841138305009,2.198795152929707
51.0,118.0,132.6359100341797,0.5479636279820764,1.4916383365007848,-3.962570501521966,-3.296983366634487,-0.4771496497451528,-0.5427832486292008,0.4067648462691234,3.583692264060891,-1.28536676146697,2.198397031042577
51.0,118.0,132.6359100341797,0.5479704738445392,1.491638300606695,-3.9625710528664224,-3.2969743915464336,-0.4771962246479494,-0.5427832486292729,0.4067661375493312,3.5836894327555617,-1.2874854107765297,2.19843049721178
51.0,118.0,132.6359100341797,0.5480518781619089,1.4915358585605174,-3.9627945248548913,-3.302780773106208,-0.5284934810086279,-0.5427832486342066,0.3949411303634754,3.584020426865266,-1.2852230755012055,2.2176376290162048
51.0,118.0,132.6359100341797,0.5479551683255766,1.4915334664024198,-3.962556894480595,-3.2969743992020533,-0.4771962246479494,-0.5427832486341609,0.4067634341076846,3.5837216621127657,-1.2876303266070137,2.199094899740157
51.0,118.0,132.6359100341797,0.5480596162370389,1.4916429235679216,-3.96256888739841,-3.296861810841177,-0.4765834722573894,-0.5427832486289432,0.3724211060483606,3.583692264060891,-1.2851326049297878,2.199122828971168
51.0,118.0,132.6359100341797,0.5478767451312376,1.4915359809938056,-3.962790470640072,-3.296975070363945,-0.4766494197005296,-0.5427832486340997,0.4080016714722115,3.584020426865266,-1.2852273524628086,2.2170501173349897
51.0,118.0,132.6359100341797,0.5480536733125652,1.4915324489980522,-3.962573498037424,-3.2936260374740383,-0.4755842877105568,-0.5427832486342066,0.394594632262334,3.584020430582028,-1.2852275189559372,2.2182758549961115
51.0,118.0,132.6359100341797,0.5479683697421052,1.4916465715285303,-3.9625570256083713,-3.296974395948525,-0.4771962246479494,-0.5427832486291274,0.4067648462691234,3.583721847847589,-1.2874801248846623,2.1991646836377816
51.0,118.0,132.6359100341797,0.5480502578440245,1.4915359693410457,-3.9626037019530185,-3.2971339964531583,-0.4765691687488029,-0.5427832486293059,0.406764848191561,3.583438220254468,-1.28527603181438,2.1991795952528403
51.0,118.0,132.6359100341797,0.5479528539306772,1.491535863795605,-3.962794087574257,-3.2969744285910587,-0.4771962246479494,-0.5427832486340988,0.4067660306831187,3.583433131647961,-1.287535418557002,2.1990904098344912
51.0,118.0,132.6359100341797,0.5480536733125652,1.4915324489980522,-3.962573498037424,-3.2936260374740383,-0.4772205953180076,-0.5427832486342066,0.394594632262334,3.583711238732251,-1.2852275189559372,2.1989582716718017
51.0,118.0,132.6359100341797,0.5480596162370389,1.4916383500439452,-3.96263714518964,-3.296974391825668,-0.4771962246479494,-0.5427832486294587,0.4070816517882636,3.5836893261120832,-1.287283174107943,2.199122828971168
51.0,118.0,132.6359100341797,0.548048768985618,1.4915363894358318,-3.962589250471986,-3.302780773106208,-0.4783124914576475,-0.5427832486294255,0.4076414782044494,3.584020426865266,-1.2875900507332256,2.201217780986362
51.0,118.0,132.6359100341797,0.5479552050121197,1.4915334732920886,-3.962557258890124,-3.2969743988425058,-0.4771926555708483,-0.5427832486341628,0.4067449093648159,3.584010833162006,-1.287724142585512,2.199137194041377
51.0,118.0,132.6359100341797,0.5479683697421052,1.491536169033321,-3.9625570555597553,-3.296974395948525,-0.4771962246479494,-0.542783248633732,0.4067648462691234,3.5837245144835665,-1.2874801248846623,2.199089326925413
51.0,118.0,132.6359100341797,0.5478691726872424,1.4915392046049685,-3.962790493726648,-3.2992991057281515,-0.5289798311088445,-0.5427832486342066,0.3945336460525067,3.5836765265352626,-1.285212696538517,2.2177114688184685
51.0,118.0,132.6359100341797,0.5479636279820764,1.4915454271285182,-3.96417739096613,-3.296983312491385,-0.4771496497451528,-0.5427832486292008,0.4067659694395122,3.583692264060891,-1.28536676146697,2.201473069644656
51.0,118.0,132.6359100341797,0.5479590512794691,1.4915359741483505,-3.962707040888924,-3.296974396114041,-0.5273772141989299,-0.5427832486340347,0.3936443877111491,3.583430279738536,-1.285113149652642,2.2168469002858564
51.0,119.0,132.63449096679688,0.5479443307532503,1.4915049366339104,-3.962633557834935,-3.434557513050347,-0.5294494055119336,-0.542783257773751,0.4061124439826367,3.583633584550882,-1.287362823881986,2.17590508380994
51.0,119.0,132.63449096679688,0.5480346334435425,1.4915358671871106,-3.96270189928064,-3.43458928647094,-0.5284934810086279,-0.5427832486342066,0.3955962468310909,3.584020426865266,-1.2853940105912247,2.19910929935755
51.0,119.0,132.63449096679688,0.5479443307532503,1.4915089129393202,-3.962633386298077,-3.434557513050347,-0.5299218603500725,-0.542783257773751,0.406168943274781,3.583633584550882,-1.287480815620589,2.17524651555813
51.0,119.0,132.63449096679688,0.5479443307532503,1.4915089129393202,-3.962570259392286,-3.434557513050347,-0.5299218603500725,-0.542783257773751,0.406168943274781,3.583633584550882,-1.2855531915315936,2.174841645565911
51.0,119.0,132.63449096679688,0.5479443307532503,1.4915049366339104,-3.962633557834935,-3.434557513050347,-0.5294494055119336,-0.542783257773751,0.4061124439826367,3.583633584550882,-1.287362823881986,2.17590508380994
51.0,119.0,132.63449096679688,0.5480346334435425,1.4915358671871106,-3.96270189928064,-3.43458928647094,-0.5284934810086279,-0.5427832486342066,0.3955962468310909,3.584020426865266,-1.2853940105912247,2.19910929935755
51.0,119.0,132.63449096679688,0.5479427964495454,1.4915100851427567,-3.962634388366512,-3.429984982496617,-0.5294494055119336,-0.5427832578974818,0.3701326336091446,3.5836336395795687,-1.2873924461820083,2.1748392698901005
51.0,119.0,132.63449096679688,0.5479443307532503,1.491649059294594,-3.9625711193724378,-3.4319721003301296,-0.5299218603500725,-0.542783257773751,0.4061391480894828,3.583631553332056,-1.287454885568915,2.174841645565911
51.0,119.0,132.63449096679688,0.5479450754820889,1.4915358671871106,-3.962701730588294,-3.43458928647094,-0.5284934810086279,-0.5427832575244437,0.3955962468310909,3.583606466606041,-1.2853940105912247,2.19910929935755
51.0,119.0,132.63449096679688,0.5479443307532503,1.4915049366339104,-3.962633557834935,-3.434557513050347,-0.5294494055119336,-0.542783257773751,0.4061124439826367,3.583633584550882,-1.287362823881986,2.17590508380994
51.0,119.0,132.63449096679688,0.5478794275128381,1.4915073233667324,-3.962634563205784,-3.425667844574314,-0.5316073164320063,-0.542783257874277,0.4079830073726454,3.5840114016237066,-1.2873924461820083,2.1748392698901005
51.0,119.0,132.6359100341797,0.5478767451312376,1.491535867135705,-3.962790493726648,-3.2992535065021813,-0.5284934810086279,-0.5427832486342066,0.394074483252153,3.584020426865266,-1.285212696538517,2.2177114688184685
51.0,119.0,132.6359100341797,0.5479683697421052,1.4916429100247612,-3.9625710528664224,-3.296974396114041,-0.4771962246479494,-0.5427832486292536,0.4067648462691234,3.583692264060891,-1.2874801248846623,2.198397031042577
51.0,119.0,132.6359100341797,0.5478767451312376,1.4915359795965373,-3.962790493726648,-3.2945972691570966,-0.5284934810086279,-0.5427832486342066,0.3945210196464752,3.584020426865266,-1.2852275189559372,2.2176376290162048
51.0,119.0,132.6359100341797,0.5479683697421052,1.4916429100247612,-3.9625710528664224,-3.296974396114041,-0.4771962246479494,-0.5427832486292536,0.4067648462691234,3.583692264060891,-1.2874801248846623,2.198397031042577
51.0,119.0,132.6359100341797,0.5479683697421052,1.4916383500439452,-3.962569981311784,-3.296974392145176,-0.4771962246479494,-0.5427832486292536,0.4070816517882636,3.583692264060891,-1.2874801248846623,2.19911941613006
51.0,119.0,132.6359100341797,0.5479683697421052,1.4915334732920886,-3.962556894480595,-3.2969743992020533,-0.4771962246479494,-0.5427832486341628,0.4067648462691234,3.5837216621127657,-1.2853737249395798,2.199094899740157
51.0,119.0,132.6359100341797,0.5479559421031782,1.4915363792463403,-3.9626037019530185,-3.296974396114041,-0.4771962246479494,-0.5427832486292536,0.4067648462691234,3.583430279738536,-1.2874801248846623,2.200427052256013
51.0,119.0,132.6359100341797,0.5478767451312376,1.4915359809938056,-3.962790493726648,-3.2992535065021813,-0.5284934810086279,-0.5427832486342066,0.394074483252153,3.584020426865266,-1.2852273524628086,2.2177114688184685
51.0,119.0,132.6359100341797,0.5478767451312376,1.4916376666428033,-3.9625662872825536,-3.293657104367554,-0.4762850448475397,-0.5427832486342066,0.407574732504438,3.584018231377996,-1.285406547420569,2.19910929935755
51.0,119.0,132.6359100341797,0.5478767451312376,1.4915359809938056,-3.962790493726648,-3.299251047314604,-0.5284934810086279,-0.5427832486342066,0.394074483252153,3.584020426865266,-1.2852273524628086,2.2177114688184685
51.0,119.0,132.6359100341797,0.5479558878041907,1.4915363792463403,-3.962794087574257,-3.2969744285910587,-0.4771962246479494,-0.5427832486340988,0.406796842222269,3.583430279738536,-1.287535418557002,2.1990894945617323
51.0,119.0,132.6359100341797,0.5479636279820764,1.4916429100247612,-3.962570501521966,-3.296870785649997,-0.4765368973545927,-0.542783248629216,0.4067648462691234,3.583692264060891,-1.2851282028066773,2.198397031042577
51.0,119.0,132.6359100341797,0.5479559421031782,1.4915363792463403,-3.960719142996141,-3.296974396114041,-0.4771962246479494,-0.5427827937173936,0.4067648462691234,3.583430279738536,-1.2874801248846623,2.2004824627390915
51.0,119.0,132.6359100341797,0.5479683697421052,1.4915334732920886,-3.962556894480595,-3.2969743988425058,-0.4770678484882762,-0.5427832486341628,0.407090706002621,3.584010833162006,-1.2853841138305009,2.199094899740157
51.0,119.0,132.6359100341797,0.5479039140620992,1.4915358662970066,-3.960757492357626,-3.296974400375845,-0.4773383040768848,-0.5427832480133495,0.4070937757961815,3.584010730573106,-1.287519044520471,2.1991120415620604
51.0,119.0,132.6359100341797,0.5480518781619089,1.491535984337842,-3.962692589407891,-3.302780773106208,-0.5284934810086279,-0.5427832486342066,0.3945210196464752,3.584020426865266,-1.2852230755012055,2.2176376290162048
51.0,119.0,132.6359100341797,0.5479683697421052,1.4916465715285303,-3.9625570256083713,-3.296974395948525,-0.4771962246479494,-0.5427832486291274,0.4067648462691234,3.583721847847589,-1.2874801248846623,2.1991646836377816
51.0,119.0,132.6359100341797,0.5480596162370389,1.4916383500439452,-3.96256888739841,-3.296974391825668,-0.4771962246479494,-0.5427832486289279,0.4070816517882636,3.583692264060891,-1.2853711635900804,2.199122828971168
51.0,119.0,132.6359100341797,0.5479528539306772,1.491535863795605,-3.962794087574257,-3.2969744285910587,-0.4771962246479494,-0.5427832486340988,0.4067660306831187,3.583433131647961,-1.287535418557002,2.1990904098344912
51.0,119.0,132.6359100341797,0.5480596162370389,1.4916383500439452,-3.96263714518964,-3.296974391825668,-0.4771962246479494,-0.5427832486294587,0.4070816517882636,3.5836893261120832,-1.287283174107943,2.199122828971168
51.0,119.0,132.6359100341797,0.5480536733125652,1.4915359795965373,-3.962790493726648,-3.2946325494270563,-0.5284934810086279,-0.5427832486342066,0.394594632262334,3.584020426865266,-1.2852275189559372,2.2176376290162048
51.0,119.0,132.6359100341797,0.5479559421031782,1.491535250923191,-3.9626037019530185,-3.2971339964531583,-0.4771843678806771,-0.5427832486292536,0.4067648462691234,3.583438220254468,-1.2874266223592323,2.1991795952528403
51.0,119.0,132.6359100341797,0.5478767451312376,1.4915414837107523,-3.964165891257826,-3.296986519821753,-0.5284934810086279,-0.5427832486437074,0.394074483252153,3.584020426865266,-1.285212696538517,2.2177114688184685
51.0,119.0,132.6359100341797,0.5479683697421052,1.4915334732920886,-3.962556894480595,-3.2969743988425058,-0.4770678484882762,-0.5427832486341628,0.4059120617150166,3.584010833162006,-1.2853841138305009,2.198795152929707
51.0,119.0,132.6359100341797,0.5479636279820764,1.4916383365007848,-3.962570501521966,-3.296983366634487,-0.4771496497451528,-0.5427832486292008,0.4067648462691234,3.583692264060891,-1.28536676146697,2.198397031042577
51.0,119.0,132.6359100341797,0.5479704738445392,1.491638300606695,-3.9625710528664224,-3.2969743915464336,-0.4771962246479494,-0.5427832486292729,0.4067661375493312,3.5836894327555617,-1.2874854107765297,2.19843049721178
51.0,119.0,132.6359100341797,0.5480518781619089,1.4915358585605174,-3.9627945248548913,-3.302780773106208,-0.5284934810086279,-0.5427832486342066,0.3949411303634754,3.584020426865266,-1.2852230755012055,2.2176376290162048
51.0,119.0,132.6359100341797,0.5479551683255766,1.4915334664024198,-3.962556894480595,-3.2969743992020533,-0.4771962246479494,-0.5427832486341609,0.4067634341076846,3.5837216621127657,-1.2876303266070137,2.199094899740157
51.0,119.0,132.6359100341797,0.5480596162370389,1.4916429235679216,-3.96256888739841,-3.296861810841177,-0.4765834722573894,-0.5427832486289432,0.3724211060483606,3.583692264060891,-1.2851326049297878,2.199122828971168
51.0,119.0,132.6359100341797,0.5478767451312376,1.4915359809938056,-3.962790470640072,-3.296975070363945,-0.4766494197005296,-0.5427832486340997,0.4080016714722115,3.584020426865266,-1.2852273524628086,2.2170501173349897
51.0,119.0,132.6359100341797,0.5480536733125652,1.4915324489980522,-3.962573498037424,-3.2936260374740383,-0.4755842877105568,-0.5427832486342066,0.394594632262334,3.584020430582028,-1.2852275189559372,2.2182758549961115
51.0,119.0,132.6359100341797,0.5479683697421052,1.4916465715285303,-3.9625570256083713,-3.296974395948525,-0.4771962246479494,-0.5427832486291274,0.4067648462691234,3.583721847847589,-1.2874801248846623,2.1991646836377816
51.0,119.0,132.6359100341797,0.5480502578440245,1.4915359693410457,-3.9626037019530185,-3.2971339964531583,-0.4765691687488029,-0.5427832486293059,0.406764848191561,3.583438220254468,-1.28527603181438,2.1991795952528403
51.0,119.0,132.6359100341797,0.5479528539306772,1.491535863795605,-3.962794087574257,-3.2969744285910587,-0.4771962246479494,-0.5427832486340988,0.4067660306831187,3.583433131647961,-1.287535418557002,2.1990904098344912
51.0,119.0,132.6359100341797,0.5480536733125652,1.4915324489980522,-3.962573498037424,-3.2936260374740383,-0.4772205953180076,-0.5427832486342066,0.394594632262334,3.583711238732251,-1.2852275189559372,2.1989582716718017
51.0,119.0,132.6359100341797,0.5480596162370389,1.4916383500439452,-3.96263714518964,-3.296974391825668,-0.4771962246479494,-0.5427832486294587,0.4070816517882636,3.5836893261120832,-1.287283174107943,2.199122828971168
51.0,119.0,132.6359100341797,0.548048768985618,1.4915363894358318,-3.962589250471986,-3.302780773106208,-0.4783124914576475,-0.5427832486294255,0.4076414782044494,3.584020426865266,-1.2875900507332256,2.201217780986362
51.0,119.0,132.6359100341797,0.5479552050121197,1.4915334732920886,-3.962557258890124,-3.2969743988425058,-0.4771926555708483,-0.5427832486341628,0.4067449093648159,3.584010833162006,-1.287724142585512,2.199137194041377
51.0,119.0,132.6359100341797,0.5479683697421052,1.491536169033321,-3.9625570555597553,-3.296974395948525,-0.4771962246479494,-0.542783248633732,0.4067648462691234,3.5837245144835665,-1.2874801248846623,2.199089326925413
51.0,120.0,132.63449096679688,0.5479443307532503,1.4915049366339104,-3.962633557834935,-3.434557513050347,-0.5294494055119336,-0.542783257773751,0.4061124439826367,3.583633584550882,-1.287362823881986,2.17590508380994
51.0,120.0,132.63449096679688,0.5480346334435425,1.4915358671871106,-3.96270189928064,-3.43458928647094,-0.5284934810086279,-0.5427832486342066,0.3955962468310909,3.584020426865266,-1.2853940105912247,2.19910929935755
51.0,120.0,132.63449096679688,0.5479443307532503,1.4915089129393202,-3.962633386298077,-3.434557513050347,-0.5299218603500725,-0.542783257773751,0.406168943274781,3.583633584550882,-1.287480815620589,2.17524651555813
51.0,120.0,132.63449096679688,0.5479443307532503,1.4915089129393202,-3.962570259392286,-3.434557513050347,-0.5299218603500725,-0.542783257773751,0.406168943274781,3.583633584550882,-1.2855531915315936,2.174841645565911
51.0,120.0,132.63449096679688,0.5479443307532503,1.4915049366339104,-3.962633557834935,-3.434557513050347,-0.5294494055119336,-0.542783257773751,0.4061124439826367,3.583633584550882,-1.287362823881986,2.17590508380994
51.0,120.0,132.63449096679688,0.5480346334435425,1.4915358671871106,-3.96270189928064,-3.43458928647094,-0.5284934810086279,-0.5427832486342066,0.3955962468310909,3.584020426865266,-1.2853940105912247,2.19910929935755
51.0,120.0,132.63449096679688,0.5479427964495454,1.4915100851427567,-3.962634388366512,-3.429984982496617,-0.5294494055119336,-0.5427832578974818,0.3701326336091446,3.5836336395795687,-1.2873924461820083,2.1748392698901005
51.0,120.0,132.63449096679688,0.5479443307532503,1.491649059294594,-3.9625711193724378,-3.4319721003301296,-0.5299218603500725,-0.542783257773751,0.4061391480894828,3.583631553332056,-1.287454885568915,2.174841645565911
51.0,120.0,132.63449096679688,0.5479450754820889,1.4915358671871106,-3.962701730588294,-3.43458928647094,-0.5284934810086279,-0.5427832575244437,0.3955962468310909,3.583606466606041,-1.2853940105912247,2.19910929935755
51.0,120.0,132.63449096679688,0.5479443307532503,1.4915049366339104,-3.962633557834935,-3.434557513050347,-0.5294494055119336,-0.542783257773751,0.4061124439826367,3.583633584550882,-1.287362823881986,2.17590508380994
51.0,120.0,132.63449096679688,0.5478794275128381,1.4915073233667324,-3.962634563205784,-3.425667844574314,-0.5316073164320063,-0.542783257874277,0.4079830073726454,3.5840114016237066,-1.2873924461820083,2.1748392698901005
51.0,120.0,132.63449096679688,0.5478794275128381,1.4915077276054696,-3.9626964198457695,-3.425667844574314,-0.5319093348805342,-0.5427832578724885,0.3954950648561162,3.583631056644436,-1.287425365421958,2.17703297347557
51.0,120.0,132.63449096679688,0.5479443307532503,1.4915089129393202,-3.962633386298077,-3.43061292192912,-0.5299218603500725,-0.5427832483572392,0.4062155360258249,3.5837297581783227,-1.287480815620589,2.17433400351874
51.0,120.0,132.63449096679688,0.5479043890797272,1.4915127049508188,-3.962483624971661,-3.429984982496617,-0.5294494055119336,-0.5427832578974818,0.3701326336091446,3.5836336395795687,-1.2873924461820083,2.1748392698901005
51.0,120.0,132.63449096679688,0.5480346334435425,1.4915358671871106,-3.96270189928064,-3.43458928647094,-0.5284934810086279,-0.5427832486342066,0.3955962468310909,3.584020426865266,-1.2853940105912247,2.19910929935755
51.0,120.0,132.6359100341797,0.5478767451312376,1.491535867135705,-3.962790493726648,-3.2992535065021813,-0.5284934810086279,-0.5427832486342066,0.394074483252153,3.584020426865266,-1.285212696538517,2.2177114688184685
51.0,120.0,132.6359100341797,0.5479683697421052,1.4916429100247612,-3.9625710528664224,-3.296974396114041,-0.4771962246479494,-0.5427832486292536,0.4067648462691234,3.583692264060891,-1.2874801248846623,2.198397031042577
51.0,120.0,132.6359100341797,0.5478767451312376,1.4915359795965373,-3.962790493726648,-3.2945972691570966,-0.5284934810086279,-0.5427832486342066,0.3945210196464752,3.584020426865266,-1.2852275189559372,2.2176376290162048
51.0,120.0,132.6359100341797,0.5479683697421052,1.4916429100247612,-3.9625710528664224,-3.296974396114041,-0.4771962246479494,-0.5427832486292536,0.4067648462691234,3.583692264060891,-1.2874801248846623,2.198397031042577
51.0,120.0,132.6359100341797,0.5479683697421052,1.4916383500439452,-3.962569981311784,-3.296974392145176,-0.4771962246479494,-0.5427832486292536,0.4070816517882636,3.583692264060891,-1.2874801248846623,2.19911941613006
51.0,120.0,132.6359100341797,0.5479683697421052,1.4915334732920886,-3.962556894480595,-3.2969743992020533,-0.4771962246479494,-0.5427832486341628,0.4067648462691234,3.5837216621127657,-1.2853737249395798,2.199094899740157
51.0,120.0,132.6359100341797,0.5479559421031782,1.4915363792463403,-3.9626037019530185,-3.296974396114041,-0.4771962246479494,-0.5427832486292536,0.4067648462691234,3.583430279738536,-1.2874801248846623,2.200427052256013
51.0,120.0,132.6359100341797,0.5478767451312376,1.4915359809938056,-3.962790493726648,-3.2992535065021813,-0.5284934810086279,-0.5427832486342066,0.394074483252153,3.584020426865266,-1.2852273524628086,2.2177114688184685
51.0,120.0,132.6359100341797,0.5478767451312376,1.4916376666428033,-3.9625662872825536,-3.293657104367554,-0.4762850448475397,-0.5427832486342066,0.407574732504438,3.584018231377996,-1.285406547420569,2.19910929935755
51.0,120.0,132.6359100341797,0.5478767451312376,1.4915359809938056,-3.962790493726648,-3.299251047314604,-0.5284934810086279,-0.5427832486342066,0.394074483252153,3.584020426865266,-1.2852273524628086,2.2177114688184685
51.0,120.0,132.6359100341797,0.5479558878041907,1.4915363792463403,-3.962794087574257,-3.2969744285910587,-0.4771962246479494,-0.5427832486340988,0.406796842222269,3.583430279738536,-1.287535418557002,2.1990894945617323
51.0,120.0,132.6359100341797,0.5479636279820764,1.4916429100247612,-3.962570501521966,-3.296870785649997,-0.4765368973545927,-0.542783248629216,0.4067648462691234,3.583692264060891,-1.2851282028066773,2.198397031042577
51.0,120.0,132.6359100341797,0.5479559421031782,1.4915363792463403,-3.960719142996141,-3.296974396114041,-0.4771962246479494,-0.5427827937173936,0.4067648462691234,3.583430279738536,-1.2874801248846623,2.2004824627390915
51.0,120.0,132.6359100341797,0.5479683697421052,1.4915334732920886,-3.962556894480595,-3.2969743988425058,-0.4770678484882762,-0.5427832486341628,0.407090706002621,3.584010833162006,-1.2853841138305009,2.199094899740157
51.0,120.0,132.6359100341797,0.5479039140620992,1.4915358662970066,-3.960757492357626,-3.296974400375845,-0.4773383040768848,-0.5427832480133495,0.4070937757961815,3.584010730573106,-1.287519044520471,2.1991120415620604
51.0,120.0,132.6359100341797,0.5480518781619089,1.491535984337842,-3.962692589407891,-3.302780773106208,-0.5284934810086279,-0.5427832486342066,0.3945210196464752,3.584020426865266,-1.2852230755012055,2.2176376290162048
51.0,120.0,132.6359100341797,0.5479683697421052,1.4916465715285303,-3.9625570256083713,-3.296974395948525,-0.4771962246479494,-0.5427832486291274,0.4067648462691234,3.583721847847589,-1.2874801248846623,2.1991646836377816
51.0,120.0,132.6359100341797,0.5480596162370389,1.4916383500439452,-3.96256888739841,-3.296974391825668,-0.4771962246479494,-0.5427832486289279,0.4070816517882636,3.583692264060891,-1.2853711635900804,2.199122828971168
51.0,120.0,132.6359100341797,0.5479528539306772,1.491535863795605,-3.962794087574257,-3.2969744285910587,-0.4771962246479494,-0.5427832486340988,0.4067660306831187,3.583433131647961,-1.287535418557002,2.1990904098344912
51.0,120.0,132.6359100341797,0.5480596162370389,1.4916383500439452,-3.96263714518964,-3.296974391825668,-0.4771962246479494,-0.5427832486294587,0.4070816517882636,3.5836893261120832,-1.287283174107943,2.199122828971168
51.0,120.0,132.6359100341797,0.5480536733125652,1.4915359795965373,-3.962790493726648,-3.2946325494270563,-0.5284934810086279,-0.5427832486342066,0.394594632262334,3.584020426865266,-1.2852275189559372,2.2176376290162048
51.0,120.0,132.6359100341797,0.5479559421031782,1.491535250923191,-3.9626037019530185,-3.2971339964531583,-0.4771843678806771,-0.5427832486292536,0.4067648462691234,3.583438220254468,-1.2874266223592323,2.1991795952528403
51.0,120.0,132.6359100341797,0.5478767451312376,1.4915414837107523,-3.964165891257826,-3.296986519821753,-0.5284934810086279,-0.5427832486437074,0.394074483252153,3.584020426865266,-1.285212696538517,2.2177114688184685
51.0,120.0,132.6359100341797,0.5479683697421052,1.4915334732920886,-3.962556894480595,-3.2969743988425058,-0.4770678484882762,-0.5427832486341628,0.4059120617150166,3.584010833162006,-1.2853841138305009,2.198795152929707
51.0,120.0,132.6359100341797,0.5479636279820764,1.4916383365007848,-3.962570501521966,-3.296983366634487,-0.4771496497451528,-0.5427832486292008,0.4067648462691234,3.583692264060891,-1.28536676146697,2.198397031042577
51.0,120.0,132.6359100341797,0.5479704738445392,1.491638300606695,-3.9625710528664224,-3.2969743915464336,-0.4771962246479494,-0.5427832486292729,0.4067661375493312,3.5836894327555617,-1.2874854107765297,2.19843049721178
51.0,120.0,132.6359100341797,0.5480518781619089,1.4915358585605174,-3.9627945248548913,-3.302780773106208,-0.5284934810086279,-0.5427832486342066,0.3949411303634754,3.584020426865266,-1.2852230755012055,2.2176376290162048
51.0,120.0,132.6359100341797,0.5479551683255766,1.4915334664024198,-3.962556894480595,-3.2969743992020533,-0.4771962246479494,-0.5427832486341609,0.4067634341076846,3.5837216621127657,-1.2876303266070137,2.199094899740157
51.0,120.0,132.6359100341797,0.5480596162370389,1.4916429235679216,-3.96256888739841,-3.296861810841177,-0.4765834722573894,-0.5427832486289432,0.3724211060483606,3.583692264060891,-1.2851326049297878,2.199122828971168
51.0,120.0,132.6359100341797,0.5478767451312376,1.4915359809938056,-3.962790470640072,-3.296975070363945,-0.4766494197005296,-0.5427832486340997,0.4080016714722115,3.584020426865266,-1.2852273524628086,2.2170501173349897
51.0,120.0,132.6359100341797,0.5480536733125652,1.4915324489980522,-3.962573498037424,-3.2936260374740383,-0.4755842877105568,-0.5427832486342066,0.394594632262334,3.584020430582028,-1.2852275189559372,2.2182758549961115
51.0,120.0,132.6359100341797,0.5479683697421052,1.4916465715285303,-3.9625570256083713,-3.296974395948525,-0.4771962246479494,-0.5427832486291274,0.4067648462691234,3.583721847847589,-1.2874801248846623,2.1991646836377816
51.0,120.0,132.6359100341797,0.5480502578440245,1.4915359693410457,-3.9626037019530185,-3.2971339964531583,-0.4765691687488029,-0.5427832486293059,0.406764848191561,3.583438220254468,-1.28527603181438,2.1991795952528403
51.0,120.0,132.6359100341797,0.5479528539306772,1.491535863795605,-3.962794087574257,-3.2969744285910587,-0.4771962246479494,-0.5427832486340988,0.4067660306831187,3.583433131647961,-1.287535418557002,2.1990904098344912
51.0,120.0,132.6359100341797,0.5480536733125652,1.4915324489980522,-3.962573498037424,-3.2936260374740383,-0.4772205953180076,-0.5427832486342066,0.394594632262334,3.583711238732251,-1.2852275189559372,2.1989582716718017
51.0,121.0,132.63449096679688,0.5479443307532503,1.4915049366339104,-3.962633557834935,-3.434557513050347,-0.5294494055119336,-0.542783257773751,0.4061124439826367,3.583633584550882,-1.287362823881986,2.17590508380994
51.0,121.0,132.63449096679688,0.5480346334435425,1.4915358671871106,-3.96270189928064,-3.43458928647094,-0.5284934810086279,-0.5427832486342066,0.3955962468310909,3.584020426865266,-1.2853940105912247,2.19910929935755
51.0,121.0,132.63449096679688,0.5479443307532503,1.4915089129393202,-3.962633386298077,-3.434557513050347,-0.5299218603500725,-0.542783257773751,0.406168943274781,3.583633584550882,-1.287480815620589,2.17524651555813
51.0,121.0,132.63449096679688,0.5479443307532503,1.4915089129393202,-3.962570259392286,-3.434557513050347,-0.5299218603500725,-0.542783257773751,0.406168943274781,3.583633584550882,-1.2855531915315936,2.174841645565911
51.0,121.0,132.63449096679688,0.5479443307532503,1.4915049366339104,-3.962633557834935,-3.434557513050347,-0.5294494055119336,-0.542783257773751,0.4061124439826367,3.583633584550882,-1.287362823881986,2.17590508380994
51.0,121.0,132.63449096679688,0.5480346334435425,1.4915358671871106,-3.96270189928064,-3.43458928647094,-0.5284934810086279,-0.5427832486342066,0.3955962468310909,3.584020426865266,-1.2853940105912247,2.19910929935755
51.0,121.0,132.63449096679688,0.5479427964495454,1.4915100851427567,-3.962634388366512,-3.429984982496617,-0.5294494055119336,-0.5427832578974818,0.3701326336091446,3.5836336395795687,-1.2873924461820083,2.1748392698901005
51.0,121.0,132.63449096679688,0.5479443307532503,1.491649059294594,-3.9625711193724378,-3.4319721003301296,-0.5299218603500725,-0.542783257773751,0.4061391480894828,3.583631553332056,-1.287454885568915,2.174841645565911
51.0,121.0,132.63449096679688,0.5479450754820889,1.4915358671871106,-3.962701730588294,-3.43458928647094,-0.5284934810086279,-0.5427832575244437,0.3955962468310909,3.583606466606041,-1.2853940105912247,2.19910929935755
51.0,121.0,132.63449096679688,0.5479443307532503,1.4915049366339104,-3.962633557834935,-3.434557513050347,-0.5294494055119336,-0.542783257773751,0.4061124439826367,3.583633584550882,-1.287362823881986,2.17590508380994
51.0,121.0,132.63449096679688,0.5478794275128381,1.4915073233667324,-3.962634563205784,-3.425667844574314,-0.5316073164320063,-0.542783257874277,0.4079830073726454,3.5840114016237066,-1.2873924461820083,2.1748392698901005
51.0,121.0,132.63449096679688,0.5478794275128381,1.4915077276054696,-3.9626964198457695,-3.425667844574314,-0.5319093348805342,-0.5427832578724885,0.3954950648561162,3.583631056644436,-1.287425365421958,2.17703297347557
51.0,121.0,132.63449096679688,0.5479443307532503,1.4915089129393202,-3.962633386298077,-3.43061292192912,-0.5299218603500725,-0.5427832483572392,0.4062155360258249,3.5837297581783227,-1.287480815620589,2.17433400351874
51.0,121.0,132.63449096679688,0.5479043890797272,1.4915127049508188,-3.962483624971661,-3.429984982496617,-0.5294494055119336,-0.5427832578974818,0.3701326336091446,3.5836336395795687,-1.2873924461820083,2.1748392698901005
51.0,121.0,132.63449096679688,0.5480346334435425,1.4915358671871106,-3.96270189928064,-3.43458928647094,-0.5284934810086279,-0.5427832486342066,0.3955962468310909,3.584020426865266,-1.2853940105912247,2.19910929935755
51.0,121.0,132.63449096679688,0.5479450754820889,1.4915358671871106,-3.962701730588294,-3.43458928647094,-0.5284934810086279,-0.5427832575244437,0.3955962468310909,3.583606466606041,-1.2853940105912247,2.19910929935755
51.0,121.0,132.63449096679688,0.5479443307532503,1.4915089129393202,-3.962634823555003,-3.434557513050347,-0.5299218603500725,-0.542783257773751,0.4061438604334335,3.583638363681787,-1.287480815620589,2.17524651555813
51.0,121.0,132.63449096679688,0.5479427179272824,1.491516505548138,-3.962633063453896,-3.4319057602288323,-0.5299152232478644,-0.5427832579015284,0.4061391480894828,3.583631553332056,-1.2874515118743466,2.174841645565911
51.0,121.0,132.63449096679688,0.5480346334435425,1.4915358671871106,-3.96270189928064,-3.43458928647094,-0.5284934810086279,-0.5427832486342066,0.3955962468310909,3.584020426865266,-1.2853940105912247,2.19910929935755
51.0,121.0,132.6359100341797,0.5478767451312376,1.491535867135705,-3.962790493726648,-3.2992535065021813,-0.5284934810086279,-0.5427832486342066,0.394074483252153,3.584020426865266,-1.285212696538517,2.2177114688184685
51.0,121.0,132.6359100341797,0.5479683697421052,1.4916429100247612,-3.9625710528664224,-3.296974396114041,-0.4771962246479494,-0.5427832486292536,0.4067648462691234,3.583692264060891,-1.2874801248846623,2.198397031042577
51.0,121.0,132.6359100341797,0.5478767451312376,1.4915359795965373,-3.962790493726648,-3.2945972691570966,-0.5284934810086279,-0.5427832486342066,0.3945210196464752,3.584020426865266,-1.2852275189559372,2.2176376290162048
51.0,121.0,132.6359100341797,0.5479683697421052,1.4916429100247612,-3.9625710528664224,-3.296974396114041,-0.4771962246479494,-0.5427832486292536,0.4067648462691234,3.583692264060891,-1.2874801248846623,2.198397031042577
51.0,121.0,132.6359100341797,0.5479683697421052,1.4916383500439452,-3.962569981311784,-3.296974392145176,-0.4771962246479494,-0.5427832486292536,0.4070816517882636,3.583692264060891,-1.2874801248846623,2.19911941613006
51.0,121.0,132.6359100341797,0.5479683697421052,1.4915334732920886,-3.962556894480595,-3.2969743992020533,-0.4771962246479494,-0.5427832486341628,0.4067648462691234,3.5837216621127657,-1.2853737249395798,2.199094899740157
51.0,121.0,132.6359100341797,0.5479559421031782,1.4915363792463403,-3.9626037019530185,-3.296974396114041,-0.4771962246479494,-0.5427832486292536,0.4067648462691234,3.583430279738536,-1.2874801248846623,2.200427052256013
51.0,121.0,132.6359100341797,0.5478767451312376,1.4915359809938056,-3.962790493726648,-3.2992535065021813,-0.5284934810086279,-0.5427832486342066,0.394074483252153,3.584020426865266,-1.2852273524628086,2.2177114688184685
51.0,121.0,132.6359100341797,0.5478767451312376,1.4916376666428033,-3.9625662872825536,-3.293657104367554,-0.4762850448475397,-0.5427832486342066,0.407574732504438,3.584018231377996,-1.285406547420569,2.19910929935755
51.0,121.0,132.6359100341797,0.5478767451312376,1.4915359809938056,-3.962790493726648,-3.299251047314604,-0.5284934810086279,-0.5427832486342066,0.394074483252153,3.584020426865266,-1.2852273524628086,2.2177114688184685
51.0,121.0,132.6359100341797,0.5479558878041907,1.4915363792463403,-3.962794087574257,-3.2969744285910587,-0.4771962246479494,-0.5427832486340988,0.406796842222269,3.583430279738536,-1.287535418557002,2.1990894945617323
51.0,121.0,132.6359100341797,0.5479636279820764,1.4916429100247612,-3.962570501521966,-3.296870785649997,-0.4765368973545927,-0.542783248629216,0.4067648462691234,3.583692264060891,-1.2851282028066773,2.198397031042577
51.0,121.0,132.6359100341797,0.5479559421031782,1.4915363792463403,-3.960719142996141,-3.296974396114041,-0.4771962246479494,-0.5427827937173936,0.4067648462691234,3.583430279738536,-1.2874801248846623,2.2004824627390915
51.0,121.0,132.6359100341797,0.5479683697421052,1.4915334732920886,-3.962556894480595,-3.2969743988425058,-0.4770678484882762,-0.5427832486341628,0.407090706002621,3.584010833162006,-1.2853841138305009,2.199094899740157
51.0,121.0,132.6359100341797,0.5479039140620992,1.4915358662970066,-3.960757492357626,-3.296974400375845,-0.4773383040768848,-0.5427832480133495,0.4070937757961815,3.584010730573106,-1.287519044520471,2.1991120415620604
51.0,121.0,132.6359100341797,0.5480518781619089,1.491535984337842,-3.962692589407891,-3.302780773106208,-0.5284934810086279,-0.5427832486342066,0.3945210196464752,3.584020426865266,-1.2852230755012055,2.2176376290162048
51.0,121.0,132.6359100341797,0.5479683697421052,1.4916465715285303,-3.9625570256083713,-3.296974395948525,-0.4771962246479494,-0.5427832486291274,0.4067648462691234,3.583721847847589,-1.2874801248846623,2.1991646836377816
51.0,121.0,132.6359100341797,0.5480596162370389,1.4916383500439452,-3.96256888739841,-3.296974391825668,-0.4771962246479494,-0.5427832486289279,0.4070816517882636,3.583692264060891,-1.2853711635900804,2.199122828971168
51.0,121.0,132.6359100341797,0.5479528539306772,1.491535863795605,-3.962794087574257,-3.2969744285910587,-0.4771962246479494,-0.5427832486340988,0.4067660306831187,3.583433131647961,-1.287535418557002,2.1990904098344912
51.0,121.0,132.6359100341797,0.5480596162370389,1.4916383500439452,-3.96263714518964,-3.296974391825668,-0.4771962246479494,-0.5427832486294587,0.4070816517882636,3.5836893261120832,-1.287283174107943,2.199122828971168
51.0,121.0,132.6359100341797,0.5480536733125652,1.4915359795965373,-3.962790493726648,-3.2946325494270563,-0.5284934810086279,-0.5427832486342066,0.394594632262334,3.584020426865266,-1.2852275189559372,2.2176376290162048
51.0,121.0,132.6359100341797,0.5479559421031782,1.491535250923191,-3.9626037019530185,-3.2971339964531583,-0.4771843678806771,-0.5427832486292536,0.4067648462691234,3.583438220254468,-1.2874266223592323,2.1991795952528403
51.0,121.0,132.6359100341797,0.5478767451312376,1.4915414837107523,-3.964165891257826,-3.296986519821753,-0.5284934810086279,-0.5427832486437074,0.394074483252153,3.584020426865266,-1.285212696538517,2.2177114688184685
51.0,121.0,132.6359100341797,0.5479683697421052,1.4915334732920886,-3.962556894480595,-3.2969743988425058,-0.4770678484882762,-0.5427832486341628,0.4059120617150166,3.584010833162006,-1.2853841138305009,2.198795152929707
51.0,121.0,132.6359100341797,0.5479636279820764,1.4916383365007848,-3.962570501521966,-3.296983366634487,-0.4771496497451528,-0.5427832486292008,0.4067648462691234,3.583692264060891,-1.28536676146697,2.198397031042577
51.0,121.0,132.6359100341797,0.5479704738445392,1.491638300606695,-3.9625710528664224,-3.2969743915464336,-0.4771962246479494,-0.5427832486292729,0.4067661375493312,3.5836894327555617,-1.2874854107765297,2.19843049721178
51.0,121.0,132.6359100341797,0.5480518781619089,1.4915358585605174,-3.9627945248548913,-3.302780773106208,-0.5284934810086279,-0.5427832486342066,0.3949411303634754,3.584020426865266,-1.2852230755012055,2.2176376290162048
51.0,121.0,132.6359100341797,0.5479551683255766,1.4915334664024198,-3.962556894480595,-3.2969743992020533,-0.4771962246479494,-0.5427832486341609,0.4067634341076846,3.5837216621127657,-1.2876303266070137,2.199094899740157
51.0,121.0,132.6359100341797,0.5480596162370389,1.4916429235679216,-3.96256888739841,-3.296861810841177,-0.4765834722573894,-0.5427832486289432,0.3724211060483606,3.583692264060891,-1.2851326049297878,2.199122828971168
51.0,121.0,132.6359100341797,0.5478767451312376,1.4915359809938056,-3.962790470640072,-3.296975070363945,-0.4766494197005296,-0.5427832486340997,0.4080016714722115,3.584020426865266,-1.2852273524628086,2.2170501173349897
51.0,121.0,132.6359100341797,0.5480536733125652,1.4915324489980522,-3.962573498037424,-3.2936260374740383,-0.4755842877105568,-0.5427832486342066,0.394594632262334,3.584020430582028,-1.2852275189559372,2.2182758549961115
51.0,122.0,132.63449096679688,0.5479443307532503,1.4915049366339104,-3.962633557834935,-3.434557513050347,-0.5294494055119336,-0.542783257773751,0.4061124439826367,3.583633584550882,-1.287362823881986,2.17590508380994
51.0,122.0,132.63449096679688,0.5480346334435425,1.4915358671871106,-3.96270189928064,-3.43458928647094,-0.5284934810086279,-0.5427832486342066,0.3955962468310909,3.584020426865266,-1.2853940105912247,2.19910929935755
51.0,122.0,132.63449096679688,0.5479443307532503,1.4915089129393202,-3.962633386298077,-3.434557513050347,-0.5299218603500725,-0.542783257773751,0.406168943274781,3.583633584550882,-1.287480815620589,2.17524651555813
51.0,122.0,132.63449096679688,0.5479443307532503,1.4915089129393202,-3.962570259392286,-3.434557513050347,-0.5299218603500725,-0.542783257773751,0.406168943274781,3.583633584550882,-1.2855531915315936,2.174841645565911
51.0,122.0,132.63449096679688,0.5479443307532503,1.4915049366339104,-3.962633557834935,-3.434557513050347,-0.5294494055119336,-0.542783257773751,0.4061124439826367,3.583633584550882,-1.287362823881986,2.17590508380994
51.0,122.0,132.63449096679688,0.5480346334435425,1.4915358671871106,-3.96270189928064,-3.43458928647094,-0.5284934810086279,-0.5427832486342066,0.3955962468310909,3.584020426865266,-1.2853940105912247,2.19910929935755
51.0,122.0,132.63449096679688,0.5479427964495454,1.4915100851427567,-3.962634388366512,-3.429984982496617,-0.5294494055119336,-0.5427832578974818,0.3701326336091446,3.5836336395795687,-1.2873924461820083,2.1748392698901005
51.0,122.0,132.63449096679688,0.5479443307532503,1.491649059294594,-3.9625711193724378,-3.4319721003301296,-0.5299218603500725,-0.542783257773751,0.4061391480894828,3.583631553332056,-1.287454885568915,2.174841645565911
51.0,122.0,132.63449096679688,0.5479450754820889,1.4915358671871106,-3.962701730588294,-3.43458928647094,-0.5284934810086279,-0.5427832575244437,0.3955962468310909,3.583606466606041,-1.2853940105912247,2.19910929935755
51.0,122.0,132.63449096679688,0.5479443307532503,1.4915049366339104,-3.962633557834935,-3.434557513050347,-0.5294494055119336,-0.542783257773751,0.4061124439826367,3.583633584550882,-1.287362823881986,2.17590508380994
51.0,122.0,132.63449096679688,0.5478794275128381,1.4915073233667324,-3.962634563205784,-3.425667844574314,-0.5316073164320063,-0.542783257874277,0.4079830073726454,3.5840114016237066,-1.2873924461820083,2.1748392698901005
51.0,122.0,132.63449096679688,0.5478794275128381,1.4915077276054696,-3.9626964198457695,-3.425667844574314,-0.5319093348805342,-0.5427832578724885,0.3954950648561162,3.583631056644436,-1.287425365421958,2.17703297347557
51.0,122.0,132.63449096679688,0.5479443307532503,1.4915089129393202,-3.962633386298077,-3.43061292192912,-0.5299218603500725,-0.5427832483572392,0.4062155360258249,3.5837297581783227,-1.287480815620589,2.17433400351874
51.0,122.0,132.63449096679688,0.5479043890797272,1.4915127049508188,-3.962483624971661,-3.429984982496617,-0.5294494055119336,-0.5427832578974818,0.3701326336091446,3.5836336395795687,-1.2873924461820083,2.1748392698901005
51.0,122.0,132.63449096679688,0.5480346334435425,1.4915358671871106,-3.96270189928064,-3.43458928647094,-0.5284934810086279,-0.5427832486342066,0.3955962468310909,3.584020426865266,-1.2853940105912247,2.19910929935755
51.0,122.0,132.63449096679688,0.5479450754820889,1.4915358671871106,-3.962701730588294,-3.43458928647094,-0.5284934810086279,-0.5427832575244437,0.3955962468310909,3.583606466606041,-1.2853940105912247,2.19910929935755
51.0,122.0,132.63449096679688,0.5479443307532503,1.4915089129393202,-3.962634823555003,-3.434557513050347,-0.5299218603500725,-0.542783257773751,0.4061438604334335,3.583638363681787,-1.287480815620589,2.17524651555813
51.0,122.0,132.63449096679688,0.5479427179272824,1.491516505548138,-3.962633063453896,-3.4319057602288323,-0.5299152232478644,-0.5427832579015284,0.4061391480894828,3.583631553332056,-1.2874515118743466,2.174841645565911
51.0,122.0,132.63449096679688,0.5480346334435425,1.4915358671871106,-3.96270189928064,-3.43458928647094,-0.5284934810086279,-0.5427832486342066,0.3955962468310909,3.584020426865266,-1.2853940105912247,2.19910929935755
51.0,122.0,132.63449096679688,0.5479443307532503,1.4915049366339104,-3.962633557834935,-3.434557513050347,-0.5294494055119336,-0.542783257773751,0.4061124439826367,3.583633584550882,-1.287362823881986,2.17590508380994
51.0,122.0,132.63449096679688,0.5480346334435425,1.4915358671871106,-3.96270189928064,-3.43458928647094,-0.5284934810086279,-0.5427832486341615,0.3955962468310909,3.584020426865266,-1.2853940105912247,2.19910929935755
51.0,122.0,132.63449096679688,0.5478794275128381,1.4915076700365577,-3.9626964198457695,-3.425667844574314,-0.5319093348805342,-0.5427832578724885,0.3954950648561162,3.583632877286047,-1.287425365421958,2.17703297347557
51.0,122.0,132.63449096679688,0.5479443307532503,1.4915049366339104,-3.962633557834935,-3.434557513050347,-0.5294494055119336,-0.542783257773751,0.4061124439826367,3.583633584550882,-1.287362823881986,2.176465109677832
51.0,122.0,132.63449096679688,0.5479450754820889,1.4915358671871106,-3.962703613678171,-3.43458928647094,-0.5284934810086279,-0.5427832576912359,0.3955962468310909,3.583606466606041,-1.2853940105912247,2.19910929935755
51.0,122.0,132.63449096679688,0.5480287078407784,1.49153693704238,-3.962633078016185,-3.434557513050347,-0.5299218603500725,-0.5427832487089763,0.4065301790917218,3.583638363681787,-1.287480815620589,2.17524651555813
51.0,122.0,132.63449096679688,0.5479443307532503,1.491508970508232,-3.962633386298077,-3.43061292192912,-0.5299218603500725,-0.5427832483572392,0.4062155360258249,3.583727937536712,-1.287480815620589,2.17433400351874
51.0,122.0,132.63449096679688,0.5479427179272824,1.491516505548138,-3.962633063453896,-3.4319057602288323,-0.5299152232478644,-0.5427832579015284,0.4061391480894828,3.583631553332056,-1.2874515118743466,2.174841645565911
51.0,122.0,132.6359100341797,0.5478767451312376,1.491535867135705,-3.962790493726648,-3.2992535065021813,-0.5284934810086279,-0.5427832486342066,0.394074483252153,3.584020426865266,-1.285212696538517,2.2177114688184685
51.0,122.0,132.6359100341797,0.5479683697421052,1.4916429100247612,-3.9625710528664224,-3.296974396114041,-0.4771962246479494,-0.5427832486292536,0.4067648462691234,3.583692264060891,-1.2874801248846623,2.198397031042577
51.0,122.0,132.6359100341797,0.5478767451312376,1.4915359795965373,-3.962790493726648,-3.2945972691570966,-0.5284934810086279,-0.5427832486342066,0.3945210196464752,3.584020426865266,-1.2852275189559372,2.2176376290162048
51.0,122.0,132.6359100341797,0.5479683697421052,1.4916429100247612,-3.9625710528664224,-3.296974396114041,-0.4771962246479494,-0.5427832486292536,0.4067648462691234,3.583692264060891,-1.2874801248846623,2.198397031042577
51.0,122.0,132.6359100341797,0.5479683697421052,1.4916383500439452,-3.962569981311784,-3.296974392145176,-0.4771962246479494,-0.5427832486292536,0.4070816517882636,3.583692264060891,-1.2874801248846623,2.19911941613006
51.0,122.0,132.6359100341797,0.5479683697421052,1.4915334732920886,-3.962556894480595,-3.2969743992020533,-0.4771962246479494,-0.5427832486341628,0.4067648462691234,3.5837216621127657,-1.2853737249395798,2.199094899740157
51.0,122.0,132.6359100341797,0.5479559421031782,1.4915363792463403,-3.9626037019530185,-3.296974396114041,-0.4771962246479494,-0.5427832486292536,0.4067648462691234,3.583430279738536,-1.2874801248846623,2.200427052256013
51.0,122.0,132.6359100341797,0.5478767451312376,1.4915359809938056,-3.962790493726648,-3.2992535065021813,-0.5284934810086279,-0.5427832486342066,0.394074483252153,3.584020426865266,-1.2852273524628086,2.2177114688184685
51.0,122.0,132.6359100341797,0.5478767451312376,1.4916376666428033,-3.9625662872825536,-3.293657104367554,-0.4762850448475397,-0.5427832486342066,0.407574732504438,3.584018231377996,-1.285406547420569,2.19910929935755
51.0,122.0,132.6359100341797,0.5478767451312376,1.4915359809938056,-3.962790493726648,-3.299251047314604,-0.5284934810086279,-0.5427832486342066,0.394074483252153,3.584020426865266,-1.2852273524628086,2.2177114688184685
51.0,122.0,132.6359100341797,0.5479558878041907,1.4915363792463403,-3.962794087574257,-3.2969744285910587,-0.4771962246479494,-0.5427832486340988,0.406796842222269,3.583430279738536,-1.287535418557002,2.1990894945617323
51.0,122.0,132.6359100341797,0.5479636279820764,1.4916429100247612,-3.962570501521966,-3.296870785649997,-0.4765368973545927,-0.542783248629216,0.4067648462691234,3.583692264060891,-1.2851282028066773,2.198397031042577
51.0,122.0,132.6359100341797,0.5479559421031782,1.4915363792463403,-3.960719142996141,-3.296974396114041,-0.4771962246479494,-0.5427827937173936,0.4067648462691234,3.583430279738536,-1.2874801248846623,2.2004824627390915
51.0,122.0,132.6359100341797,0.5479683697421052,1.4915334732920886,-3.962556894480595,-3.2969743988425058,-0.4770678484882762,-0.5427832486341628,0.407090706002621,3.584010833162006,-1.2853841138305009,2.199094899740157
51.0,122.0,132.6359100341797,0.5479039140620992,1.4915358662970066,-3.960757492357626,-3.296974400375845,-0.4773383040768848,-0.5427832480133495,0.4070937757961815,3.584010730573106,-1.287519044520471,2.1991120415620604
51.0,122.0,132.6359100341797,0.5480518781619089,1.491535984337842,-3.962692589407891,-3.302780773106208,-0.5284934810086279,-0.5427832486342066,0.3945210196464752,3.584020426865266,-1.2852230755012055,2.2176376290162048
51.0,122.0,132.6359100341797,0.5479683697421052,1.4916465715285303,-3.9625570256083713,-3.296974395948525,-0.4771962246479494,-0.5427832486291274,0.4067648462691234,3.583721847847589,-1.2874801248846623,2.1991646836377816
51.0,122.0,132.6359100341797,0.5480596162370389,1.4916383500439452,-3.96256888739841,-3.296974391825668,-0.4771962246479494,-0.5427832486289279,0.4070816517882636,3.583692264060891,-1.2853711635900804,2.199122828971168
51.0,122.0,132.6359100341797,0.5479528539306772,1.491535863795605,-3.962794087574257,-3.2969744285910587,-0.4771962246479494,-0.5427832486340988,0.4067660306831187,3.583433131647961,-1.287535418557002,2.1990904098344912
51.0,122.0,132.6359100341797,0.5480596162370389,1.4916383500439452,-3.96263714518964,-3.296974391825668,-0.4771962246479494,-0.5427832486294587,0.4070816517882636,3.5836893261120832,-1.287283174107943,2.199122828971168
51.0,122.0,132.6359100341797,0.5480536733125652,1.4915359795965373,-3.962790493726648,-3.2946325494270563,-0.5284934810086279,-0.5427832486342066,0.394594632262334,3.584020426865266,-1.2852275189559372,2.2176376290162048
51.0,122.0,132.6359100341797,0.5479559421031782,1.491535250923191,-3.9626037019530185,-3.2971339964531583,-0.4771843678806771,-0.5427832486292536,0.4067648462691234,3.583438220254468,-1.2874266223592323,2.1991795952528403
51.0,122.0,132.6359100341797,0.5478767451312376,1.4915414837107523,-3.964165891257826,-3.296986519821753,-0.5284934810086279,-0.5427832486437074,0.394074483252153,3.584020426865266,-1.285212696538517,2.2177114688184685
51.0,123.0,132.63449096679688,0.5479443307532503,1.4915049366339104,-3.962633557834935,-3.434557513050347,-0.5294494055119336,-0.542783257773751,0.4061124439826367,3.583633584550882,-1.287362823881986,2.17590508380994
51.0,123.0,132.63449096679688,0.5480346334435425,1.4915358671871106,-3.96270189928064,-3.43458928647094,-0.5284934810086279,-0.5427832486342066,0.3955962468310909,3.584020426865266,-1.2853940105912247,2.19910929935755
51.0,123.0,132.63449096679688,0.5479443307532503,1.4915089129393202,-3.962633386298077,-3.434557513050347,-0.5299218603500725,-0.542783257773751,0.406168943274781,3.583633584550882,-1.287480815620589,2.17524651555813
51.0,123.0,132.63449096679688,0.5479443307532503,1.4915089129393202,-3.962570259392286,-3.434557513050347,-0.5299218603500725,-0.542783257773751,0.406168943274781,3.583633584550882,-1.2855531915315936,2.174841645565911
51.0,123.0,132.63449096679688,0.5479443307532503,1.4915049366339104,-3.962633557834935,-3.434557513050347,-0.5294494055119336,-0.542783257773751,0.4061124439826367,3.583633584550882,-1.287362823881986,2.17590508380994
51.0,123.0,132.63449096679688,0.5480346334435425,1.4915358671871106,-3.96270189928064,-3.43458928647094,-0.5284934810086279,-0.5427832486342066,0.3955962468310909,3.584020426865266,-1.2853940105912247,2.19910929935755
51.0,123.0,132.63449096679688,0.5479427964495454,1.4915100851427567,-3.962634388366512,-3.429984982496617,-0.5294494055119336,-0.5427832578974818,0.3701326336091446,3.5836336395795687,-1.2873924461820083,2.1748392698901005
51.0,123.0,132.63449096679688,0.5479443307532503,1.491649059294594,-3.9625711193724378,-3.4319721003301296,-0.5299218603500725,-0.542783257773751,0.4061391480894828,3.583631553332056,-1.287454885568915,2.174841645565911
51.0,123.0,132.63449096679688,0.5479450754820889,1.4915358671871106,-3.962701730588294,-3.43458928647094,-0.5284934810086279,-0.5427832575244437,0.3955962468310909,3.583606466606041,-1.2853940105912247,2.19910929935755
51.0,123.0,132.63449096679688,0.5479443307532503,1.4915049366339104,-3.962633557834935,-3.434557513050347,-0.5294494055119336,-0.542783257773751,0.4061124439826367,3.583633584550882,-1.287362823881986,2.17590508380994
51.0,123.0,132.63449096679688,0.5478794275128381,1.4915073233667324,-3.962634563205784,-3.425667844574314,-0.5316073164320063,-0.542783257874277,0.4079830073726454,3.5840114016237066,-1.2873924461820083,2.1748392698901005
51.0,123.0,132.63449096679688,0.5478794275128381,1.4915077276054696,-3.9626964198457695,-3.425667844574314,-0.5319093348805342,-0.5427832578724885,0.3954950648561162,3.583631056644436,-1.287425365421958,2.17703297347557
51.0,123.0,132.63449096679688,0.5479443307532503,1.4915089129393202,-3.962633386298077,-3.43061292192912,-0.5299218603500725,-0.5427832483572392,0.4062155360258249,3.5837297581783227,-1.287480815620589,2.17433400351874
51.0,123.0,132.63449096679688,0.5479043890797272,1.4915127049508188,-3.962483624971661,-3.429984982496617,-0.5294494055119336,-0.5427832578974818,0.3701326336091446,3.5836336395795687,-1.2873924461820083,2.1748392698901005
51.0,123.0,132.63449096679688,0.5480346334435425,1.4915358671871106,-3.96270189928064,-3.43458928647094,-0.5284934810086279,-0.5427832486342066,0.3955962468310909,3.584020426865266,-1.2853940105912247,2.19910929935755
51.0,123.0,132.63449096679688,0.5479450754820889,1.4915358671871106,-3.962701730588294,-3.43458928647094,-0.5284934810086279,-0.5427832575244437,0.3955962468310909,3.583606466606041,-1.2853940105912247,2.19910929935755
51.0,123.0,132.63449096679688,0.5479443307532503,1.4915089129393202,-3.962634823555003,-3.434557513050347,-0.5299218603500725,-0.542783257773751,0.4061438604334335,3.583638363681787,-1.287480815620589,2.17524651555813
51.0,123.0,132.63449096679688,0.5479427179272824,1.491516505548138,-3.962633063453896,-3.4319057602288323,-0.5299152232478644,-0.5427832579015284,0.4061391480894828,3.583631553332056,-1.2874515118743466,2.174841645565911
51.0,123.0,132.63449096679688,0.5480346334435425,1.4915358671871106,-3.96270189928064,-3.43458928647094,-0.5284934810086279,-0.5427832486342066,0.3955962468310909,3.584020426865266,-1.2853940105912247,2.19910929935755
51.0,123.0,132.63449096679688,0.5479443307532503,1.4915049366339104,-3.962633557834935,-3.434557513050347,-0.5294494055119336,-0.542783257773751,0.4061124439826367,3.583633584550882,-1.287362823881986,2.17590508380994
51.0,123.0,132.63449096679688,0.5480346334435425,1.4915358671871106,-3.96270189928064,-3.43458928647094,-0.5284934810086279,-0.5427832486341615,0.3955962468310909,3.584020426865266,-1.2853940105912247,2.19910929935755
51.0,123.0,132.63449096679688,0.5478794275128381,1.4915076700365577,-3.9626964198457695,-3.425667844574314,-0.5319093348805342,-0.5427832578724885,0.3954950648561162,3.583632877286047,-1.287425365421958,2.17703297347557
51.0,123.0,132.63449096679688,0.5479443307532503,1.4915049366339104,-3.962633557834935,-3.434557513050347,-0.5294494055119336,-0.542783257773751,0.4061124439826367,3.583633584550882,-1.287362823881986,2.176465109677832
51.0,123.0,132.63449096679688,0.5479450754820889,1.4915358671871106,-3.962703613678171,-3.43458928647094,-0.5284934810086279,-0.5427832576912359,0.3955962468310909,3.583606466606041,-1.2853940105912247,2.19910929935755
51.0,123.0,132.63449096679688,0.5480287078407784,1.49153693704238,-3.962633078016185,-3.434557513050347,-0.5299218603500725,-0.5427832487089763,0.4065301790917218,3.583638363681787,-1.287480815620589,2.17524651555813
51.0,123.0,132.63449096679688,0.5479443307532503,1.491508970508232,-3.962633386298077,-3.43061292192912,-0.5299218603500725,-0.5427832483572392,0.4062155360258249,3.583727937536712,-1.287480815620589,2.17433400351874
51.0,123.0,132.63449096679688,0.5479427179272824,1.491516505548138,-3.962633063453896,-3.4319057602288323,-0.5299152232478644,-0.5427832579015284,0.4061391480894828,3.583631553332056,-1.2874515118743466,2.174841645565911
51.0,123.0,132.63449096679688,0.5479492757942637,1.4915049366339104,-3.962635938705654,-3.434590151118167,-0.5284470075192604,-0.5427832575884135,0.4061124439826367,3.5836522024142505,-1.287362823881986,2.176465109677832
51.0,123.0,132.63449096679688,0.5478767663702792,1.491504888380763,-3.962634649641227,-3.434267066648049,-0.5294494055119336,-0.5427832578722989,0.4057089633595337,3.58362152783983,-1.2873928215836266,2.17590508380994
51.0,123.0,132.63449096679688,0.5479443307532503,1.491508016227045,-3.96263341896752,-3.4306258776168965,-0.5299218603500725,-0.5427832483608991,0.4062155360258249,3.5837066775123203,-1.287480815620589,2.17433400351874
51.0,123.0,132.63449096679688,0.5480346334435425,1.4915358671871106,-3.962701904330587,-3.43458928647094,-0.5284934810086279,-0.5427832483834628,0.3955962468310909,3.584020426865266,-1.2853940105912247,2.19910929935755
51.0,123.0,132.63449096679688,0.547937334783623,1.4915100851427567,-3.9627014968146543,-3.429984982496617,-0.5294568977045776,-0.5427832578974818,0.3699162894566278,3.5836336395795687,-1.2875321439894798,2.1750684624434897
51.0,123.0,132.63449096679688,0.5479528646980325,1.491516505548138,-3.962631667565327,-3.426347203262988,-0.5299152232478644,-0.5427832575034213,0.4061526462829934,3.583627555924569,-1.2874515118743466,2.174247113838662
51.0,123.0,132.63449096679688,0.5479443307532503,1.491649059294594,-3.9625711193724378,-3.4319721003301296,-0.5299218603500725,-0.542783257773751,0.4061391480894828,3.583631553332056,-1.287454885568915,2.174841645565911
51.0,123.0,132.63449096679688,0.5479443307532503,1.4915049366339104,-3.962636557231239,-3.434557513050347,-0.5294494055119336,-0.542783257773751,0.4061166314542819,3.583633584550882,-1.287362823881986,2.17590508380994
51.0,123.0,132.63449096679688,0.5478794275128381,1.4915077276054696,-3.9626964198457695,-3.425667844574314,-0.5319093348805342,-0.5427832578724885,0.3954950648561162,3.583631045299375,-1.287425365421958,2.17703297347557
51.0,123.0,132.63449096679688,0.5479029409119693,1.491649059294594,-3.97078966228464,-3.4319721003301296,-0.5299218603500725,-0.542783257773751,0.4061391480894828,3.583631553332056,-1.287454885568915,2.174841645565911
51.0,123.0,132.63449096679688,0.5480346334435425,1.4915358671871106,-3.96270189928064,-3.43458928647094,-0.5284934810086279,-0.5427832486342066,0.3955962468310909,3.584020426865266,-1.2853940105912247,2.19910929935755
51.0,123.0,132.63449096679688,0.5478794275128381,1.4915076700365577,-3.9626964198457695,-3.425667844574314,-0.5319093348805342,-0.5427832578724885,0.3954950648561162,3.583632877286047,-1.287425365421958,2.187722407741337
51.0,123.0,132.63449096679688,0.5479443307532503,1.4915049366339104,-3.962633557834935,-3.434557513050347,-0.5294494055119336,-0.542783257773751,0.4061124439826367,3.583633584550882,-1.287362823881986,2.1764628145926244
51.0,123.0,132.63449096679688,0.5480346334435425,1.4916432903170778,-3.96270189928064,-3.43331655060021,-0.5284934810086279,-0.542783248628836,0.3955962468310909,3.584020426865266,-1.285442448522945,2.199109367311996
51.0,123.0,132.63449096679688,0.5479443307532503,1.4915087974649832,-3.962633557834935,-3.434557513050347,-0.5294251826963321,-0.542783257773751,0.4062124139839728,3.583633584550882,-1.2873631797148324,2.17590508380994
51.0,123.0,132.63449096679688,0.5479443307532503,1.4915089129393202,-3.962567259995982,-3.434557513050347,-0.5299218603500725,-0.542783257773751,0.4061647558031358,3.583633584550882,-1.2855531915315936,2.174841645565911
51.0,123.0,132.6359100341797,0.5478767451312376,1.491535867135705,-3.962790493726648,-3.2992535065021813,-0.5284934810086279,-0.5427832486342066,0.394074483252153,3.584020426865266,-1.285212696538517,2.2177114688184685
51.0,123.0,132.6359100341797,0.5479683697421052,1.4916429100247612,-3.9625710528664224,-3.296974396114041,-0.4771962246479494,-0.5427832486292536,0.4067648462691234,3.583692264060891,-1.2874801248846623,2.198397031042577
51.0,123.0,132.6359100341797,0.5478767451312376,1.4915359795965373,-3.962790493726648,-3.2945972691570966,-0.5284934810086279,-0.5427832486342066,0.3945210196464752,3.584020426865266,-1.2852275189559372,2.2176376290162048
51.0,123.0,132.6359100341797,0.5479683697421052,1.4916429100247612,-3.9625710528664224,-3.296974396114041,-0.4771962246479494,-0.5427832486292536,0.4067648462691234,3.583692264060891,-1.2874801248846623,2.198397031042577
51.0,123.0,132.6359100341797,0.5479683697421052,1.4916383500439452,-3.962569981311784,-3.296974392145176,-0.4771962246479494,-0.5427832486292536,0.4070816517882636,3.583692264060891,-1.2874801248846623,2.19911941613006
51.0,123.0,132.6359100341797,0.5479683697421052,1.4915334732920886,-3.962556894480595,-3.2969743992020533,-0.4771962246479494,-0.5427832486341628,0.4067648462691234,3.5837216621127657,-1.2853737249395798,2.199094899740157
51.0,123.0,132.6359100341797,0.5479559421031782,1.4915363792463403,-3.9626037019530185,-3.296974396114041,-0.4771962246479494,-0.5427832486292536,0.4067648462691234,3.583430279738536,-1.2874801248846623,2.200427052256013
51.0,124.0,132.63449096679688,0.5479443307532503,1.4915049366339104,-3.962633557834935,-3.434557513050347,-0.5294494055119336,-0.542783257773751,0.4061124439826367,3.583633584550882,-1.287362823881986,2.17590508380994
51.0,124.0,132.63449096679688,0.5480346334435425,1.4915358671871106,-3.96270189928064,-3.43458928647094,-0.5284934810086279,-0.5427832486342066,0.3955962468310909,3.584020426865266,-1.2853940105912247,2.19910929935755
51.0,124.0,132.63449096679688,0.5479443307532503,1.4915089129393202,-3.962633386298077,-3.434557513050347,-0.5299218603500725,-0.542783257773751,0.406168943274781,3.583633584550882,-1.287480815620589,2.17524651555813
51.0,124.0,132.63449096679688,0.5479443307532503,1.4915089129393202,-3.962570259392286,-3.434557513050347,-0.5299218603500725,-0.542783257773751,0.406168943274781,3.583633584550882,-1.2855531915315936,2.174841645565911
51.0,124.0,132.63449096679688,0.5479443307532503,1.4915049366339104,-3.962633557834935,-3.434557513050347,-0.5294494055119336,-0.542783257773751,0.4061124439826367,3.583633584550882,-1.287362823881986,2.17590508380994
51.0,124.0,132.63449096679688,0.5480346334435425,1.4915358671871106,-3.96270189928064,-3.43458928647094,-0.5284934810086279,-0.5427832486342066,0.3955962468310909,3.584020426865266,-1.2853940105912247,2.19910929935755
51.0,124.0,132.63449096679688,0.5479427964495454,1.4915100851427567,-3.962634388366512,-3.429984982496617,-0.5294494055119336,-0.5427832578974818,0.3701326336091446,3.5836336395795687,-1.2873924461820083,2.1748392698901005
51.0,124.0,132.63449096679688,0.5479443307532503,1.491649059294594,-3.9625711193724378,-3.4319721003301296,-0.5299218603500725,-0.542783257773751,0.4061391480894828,3.583631553332056,-1.287454885568915,2.174841645565911
51.0,124.0,132.63449096679688,0.5479450754820889,1.4915358671871106,-3.962701730588294,-3.43458928647094,-0.5284934810086279,-0.5427832575244437,0.3955962468310909,3.583606466606041,-1.2853940105912247,2.19910929935755
51.0,124.0,132.63449096679688,0.5479443307532503,1.4915049366339104,-3.962633557834935,-3.434557513050347,-0.5294494055119336,-0.542783257773751,0.4061124439826367,3.583633584550882,-1.287362823881986,2.17590508380994
51.0,124.0,132.63449096679688,0.5478794275128381,1.4915073233667324,-3.962634563205784,-3.425667844574314,-0.5316073164320063,-0.542783257874277,0.4079830073726454,3.5840114016237066,-1.2873924461820083,2.1748392698901005
51.0,124.0,132.63449096679688,0.5478794275128381,1.4915077276054696,-3.9626964198457695,-3.425667844574314,-0.5319093348805342,-0.5427832578724885,0.3954950648561162,3.583631056644436,-1.287425365421958,2.17703297347557
51.0,124.0,132.63449096679688,0.5479443307532503,1.4915089129393202,-3.962633386298077,-3.43061292192912,-0.5299218603500725,-0.5427832483572392,0.4062155360258249,3.5837297581783227,-1.287480815620589,2.17433400351874
51.0,124.0,132.63449096679688,0.5479043890797272,1.4915127049508188,-3.962483624971661,-3.429984982496617,-0.5294494055119336,-0.5427832578974818,0.3701326336091446,3.5836336395795687,-1.2873924461820083,2.1748392698901005
51.0,124.0,132.63449096679688,0.5480346334435425,1.4915358671871106,-3.96270189928064,-3.43458928647094,-0.5284934810086279,-0.5427832486342066,0.3955962468310909,3.584020426865266,-1.2853940105912247,2.19910929935755
51.0,124.0,132.63449096679688,0.5479450754820889,1.4915358671871106,-3.962701730588294,-3.43458928647094,-0.5284934810086279,-0.5427832575244437,0.3955962468310909,3.583606466606041,-1.2853940105912247,2.19910929935755
51.0,124.0,132.63449096679688,0.5479443307532503,1.4915089129393202,-3.962634823555003,-3.434557513050347,-0.5299218603500725,-0.542783257773751,0.4061438604334335,3.583638363681787,-1.287480815620589,2.17524651555813
51.0,124.0,132.63449096679688,0.5479427179272824,1.491516505548138,-3.962633063453896,-3.4319057602288323,-0.5299152232478644,-0.5427832579015284,0.4061391480894828,3.583631553332056,-1.2874515118743466,2.174841645565911
51.0,124.0,132.63449096679688,0.5480346334435425,1.4915358671871106,-3.96270189928064,-3.43458928647094,-0.5284934810086279,-0.5427832486342066,0.3955962468310909,3.584020426865266,-1.2853940105912247,2.19910929935755
51.0,124.0,132.63449096679688,0.5479443307532503,1.4915049366339104,-3.962633557834935,-3.434557513050347,-0.5294494055119336,-0.542783257773751,0.4061124439826367,3.583633584550882,-1.287362823881986,2.17590508380994
51.0,124.0,132.63449096679688,0.5480346334435425,1.4915358671871106,-3.96270189928064,-3.43458928647094,-0.5284934810086279,-0.5427832486341615,0.3955962468310909,3.584020426865266,-1.2853940105912247,2.19910929935755
51.0,124.0,132.63449096679688,0.5478794275128381,1.4915076700365577,-3.9626964198457695,-3.425667844574314,-0.5319093348805342,-0.5427832578724885,0.3954950648561162,3.583632877286047,-1.287425365421958,2.17703297347557
51.0,124.0,132.63449096679688,0.5479443307532503,1.4915049366339104,-3.962633557834935,-3.434557513050347,-0.5294494055119336,-0.542783257773751,0.4061124439826367,3.583633584550882,-1.287362823881986,2.176465109677832
51.0,124.0,132.63449096679688,0.5479450754820889,1.4915358671871106,-3.962703613678171,-3.43458928647094,-0.5284934810086279,-0.5427832576912359,0.3955962468310909,3.583606466606041,-1.2853940105912247,2.19910929935755
51.0,124.0,132.63449096679688,0.5480287078407784,1.49153693704238,-3.962633078016185,-3.434557513050347,-0.5299218603500725,-0.5427832487089763,0.4065301790917218,3.583638363681787,-1.287480815620589,2.17524651555813
51.0,124.0,132.63449096679688,0.5479443307532503,1.491508970508232,-3.962633386298077,-3.43061292192912,-0.5299218603500725,-0.5427832483572392,0.4062155360258249,3.583727937536712,-1.287480815620589,2.17433400351874
51.0,124.0,132.63449096679688,0.5479427179272824,1.491516505548138,-3.962633063453896,-3.4319057602288323,-0.5299152232478644,-0.5427832579015284,0.4061391480894828,3.583631553332056,-1.2874515118743466,2.174841645565911
51.0,124.0,132.63449096679688,0.5479492757942637,1.4915049366339104,-3.962635938705654,-3.434590151118167,-0.5284470075192604,-0.5427832575884135,0.4061124439826367,3.5836522024142505,-1.287362823881986,2.176465109677832
51.0,124.0,132.63449096679688,0.5478767663702792,1.491504888380763,-3.962634649641227,-3.434267066648049,-0.5294494055119336,-0.5427832578722989,0.4057089633595337,3.58362152783983,-1.2873928215836266,2.17590508380994
51.0,124.0,132.63449096679688,0.5479443307532503,1.491508016227045,-3.96263341896752,-3.4306258776168965,-0.5299218603500725,-0.5427832483608991,0.4062155360258249,3.5837066775123203,-1.287480815620589,2.17433400351874
51.0,124.0,132.63449096679688,0.5480346334435425,1.4915358671871106,-3.962701904330587,-3.43458928647094,-0.5284934810086279,-0.5427832483834628,0.3955962468310909,3.584020426865266,-1.2853940105912247,2.19910929935755
51.0,124.0,132.63449096679688,0.547937334783623,1.4915100851427567,-3.9627014968146543,-3.429984982496617,-0.5294568977045776,-0.5427832578974818,0.3699162894566278,3.5836336395795687,-1.2875321439894798,2.1750684624434897
51.0,124.0,132.63449096679688,0.5479528646980325,1.491516505548138,-3.962631667565327,-3.426347203262988,-0.5299152232478644,-0.5427832575034213,0.4061526462829934,3.583627555924569,-1.2874515118743466,2.174247113838662
51.0,124.0,132.63449096679688,0.5479443307532503,1.491649059294594,-3.9625711193724378,-3.4319721003301296,-0.5299218603500725,-0.542783257773751,0.4061391480894828,3.583631553332056,-1.287454885568915,2.174841645565911
51.0,124.0,132.63449096679688,0.5479443307532503,1.4915049366339104,-3.962636557231239,-3.434557513050347,-0.5294494055119336,-0.542783257773751,0.4061166314542819,3.583633584550882,-1.287362823881986,2.17590508380994
51.0,124.0,132.63449096679688,0.5478794275128381,1.4915077276054696,-3.9626964198457695,-3.425667844574314,-0.5319093348805342,-0.5427832578724885,0.3954950648561162,3.583631045299375,-1.287425365421958,2.17703297347557
51.0,124.0,132.63449096679688,0.5479029409119693,1.491649059294594,-3.97078966228464,-3.4319721003301296,-0.5299218603500725,-0.542783257773751,0.4061391480894828,3.583631553332056,-1.287454885568915,2.174841645565911
51.0,124.0,132.63449096679688,0.5480346334435425,1.4915358671871106,-3.96270189928064,-3.43458928647094,-0.5284934810086279,-0.5427832486342066,0.3955962468310909,3.584020426865266,-1.2853940105912247,2.19910929935755
51.0,124.0,132.63449096679688,0.5478794275128381,1.4915076700365577,-3.9626964198457695,-3.425667844574314,-0.5319093348805342,-0.5427832578724885,0.3954950648561162,3.583632877286047,-1.287425365421958,2.187722407741337
51.0,124.0,132.63449096679688,0.5479443307532503,1.4915049366339104,-3.962633557834935,-3.434557513050347,-0.5294494055119336,-0.542783257773751,0.4061124439826367,3.583633584550882,-1.287362823881986,2.1764628145926244
51.0,124.0,132.63449096679688,0.5480346334435425,1.4916432903170778,-3.96270189928064,-3.43331655060021,-0.5284934810086279,-0.542783248628836,0.3955962468310909,3.584020426865266,-1.285442448522945,2.199109367311996
51.0,124.0,132.63449096679688,0.5479443307532503,1.4915087974649832,-3.962633557834935,-3.434557513050347,-0.5294251826963321,-0.542783257773751,0.4062124139839728,3.583633584550882,-1.2873631797148324,2.17590508380994
51.0,124.0,132.63449096679688,0.5479443307532503,1.4915089129393202,-3.962567259995982,-3.434557513050347,-0.5299218603500725,-0.542783257773751,0.4061647558031358,3.583633584550882,-1.2855531915315936,2.174841645565911
51.0,124.0,132.63449096679688,0.5478794275128381,1.4915076700365577,-3.9626964198457695,-3.425667844574314,-0.5319093348805342,-0.5427832578724885,0.3954950648561162,3.583632877286047,-1.287425365421958,2.187722407741337
51.0,124.0,132.63449096679688,0.5478639887015218,1.4915073233667324,-3.962697913983248,-3.434433355144841,-0.5316156650281442,-0.542783257874277,0.3951834383186869,3.5840114240270604,-1.2873924461820083,2.1748392698901005
51.0,124.0,132.63449096679688,0.5478838193881604,1.4916432903170778,-3.9627017689909314,-3.433364401013456,-0.5318780090013744,-0.5427832580051262,0.3955962468310909,3.5836141227178184,-1.285442448522945,2.176734911193642
51.0,124.0,132.63449096679688,0.5479445165980213,1.4915358671871106,-3.9627018978629898,-3.43458928647094,-0.5284934810086279,-0.5427832575244437,0.3955962468310909,3.583606466606041,-1.2853940105912247,2.19910929935755
51.0,124.0,132.63449096679688,0.5479043890797272,1.4915127049508188,-3.96271316174888,-3.434498727021493,-0.5294638845808561,-0.5427832578705125,0.3701326336091446,3.5836336395795687,-1.2873903957378316,2.17518710798944
51.0,124.0,132.63449096679688,0.5479427964495454,1.4915100851427567,-3.9626347177334993,-3.425821383789524,-0.5294494055119336,-0.5427832578974818,0.3701326336091446,3.5836328967575364,-1.287425352698748,2.1748392698901005
51.0,124.0,132.63449096679688,0.5478794275128381,1.491504849395638,-3.9626964198457695,-3.425667844574314,-0.5319093348805342,-0.5427832578724885,0.3955521215916638,3.583632905336649,-1.287425365421958,2.187722407741337
51.0,125.0,132.63449096679688,0.5479443307532503,1.4915049366339104,-3.962633557834935,-3.434557513050347,-0.5294494055119336,-0.542783257773751,0.4061124439826367,3.583633584550882,-1.287362823881986,2.17590508380994
51.0,125.0,132.63449096679688,0.5480346334435425,1.4915358671871106,-3.96270189928064,-3.43458928647094,-0.5284934810086279,-0.5427832486342066,0.3955962468310909,3.584020426865266,-1.2853940105912247,2.19910929935755
51.0,125.0,132.63449096679688,0.5479443307532503,1.4915089129393202,-3.962633386298077,-3.434557513050347,-0.5299218603500725,-0.542783257773751,0.406168943274781,3.583633584550882,-1.287480815620589,2.17524651555813
51.0,125.0,132.63449096679688,0.5479443307532503,1.4915089129393202,-3.962570259392286,-3.434557513050347,-0.5299218603500725,-0.542783257773751,0.406168943274781,3.583633584550882,-1.2855531915315936,2.174841645565911
51.0,125.0,132.63449096679688,0.5479443307532503,1.4915049366339104,-3.962633557834935,-3.434557513050347,-0.5294494055119336,-0.542783257773751,0.4061124439826367,3.583633584550882,-1.287362823881986,2.17590508380994
51.0,125.0,132.63449096679688,0.5480346334435425,1.4915358671871106,-3.96270189928064,-3.43458928647094,-0.5284934810086279,-0.5427832486342066,0.3955962468310909,3.584020426865266,-1.2853940105912247,2.19910929935755
51.0,125.0,132.63449096679688,0.5479427964495454,1.4915100851427567,-3.962634388366512,-3.429984982496617,-0.5294494055119336,-0.5427832578974818,0.3701326336091446,3.5836336395795687,-1.2873924461820083,2.1748392698901005
51.0,125.0,132.63449096679688,0.5479443307532503,1.491649059294594,-3.9625711193724378,-3.4319721003301296,-0.5299218603500725,-0.542783257773751,0.4061391480894828,3.583631553332056,-1.287454885568915,2.174841645565911
51.0,125.0,132.63449096679688,0.5479450754820889,1.4915358671871106,-3.962701730588294,-3.43458928647094,-0.5284934810086279,-0.5427832575244437,0.3955962468310909,3.583606466606041,-1.2853940105912247,2.19910929935755
51.0,125.0,132.63449096679688,0.5479443307532503,1.4915049366339104,-3.962633557834935,-3.434557513050347,-0.5294494055119336,-0.542783257773751,0.4061124439826367,3.583633584550882,-1.287362823881986,2.17590508380994
51.0,125.0,132.63449096679688,0.5478794275128381,1.4915073233667324,-3.962634563205784,-3.425667844574314,-0.5316073164320063,-0.542783257874277,0.4079830073726454,3.5840114016237066,-1.2873924461820083,2.1748392698901005
51.0,125.0,132.63449096679688,0.5478794275128381,1.4915077276054696,-3.9626964198457695,-3.425667844574314,-0.5319093348805342,-0.5427832578724885,0.3954950648561162,3.583631056644436,-1.287425365421958,2.17703297347557
51.0,125.0,132.63449096679688,0.5479443307532503,1.4915089129393202,-3.962633386298077,-3.43061292192912,-0.5299218603500725,-0.5427832483572392,0.4062155360258249,3.5837297581783227,-1.287480815620589,2.17433400351874
51.0,125.0,132.63449096679688,0.5479043890797272,1.4915127049508188,-3.962483624971661,-3.429984982496617,-0.5294494055119336,-0.5427832578974818,0.3701326336091446,3.5836336395795687,-1.2873924461820083,2.1748392698901005
51.0,125.0,132.63449096679688,0.5480346334435425,1.4915358671871106,-3.96270189928064,-3.43458928647094,-0.5284934810086279,-0.5427832486342066,0.3955962468310909,3.584020426865266,-1.2853940105912247,2.19910929935755
51.0,125.0,132.63449096679688,0.5479450754820889,1.4915358671871106,-3.962701730588294,-3.43458928647094,-0.5284934810086279,-0.5427832575244437,0.3955962468310909,3.583606466606041,-1.2853940105912247,2.19910929935755
51.0,125.0,132.63449096679688,0.5479443307532503,1.4915089129393202,-3.962634823555003,-3.434557513050347,-0.5299218603500725,-0.542783257773751,0.4061438604334335,3.583638363681787,-1.287480815620589,2.17524651555813
51.0,125.0,132.63449096679688,0.5479427179272824,1.491516505548138,-3.962633063453896,-3.4319057602288323,-0.5299152232478644,-0.5427832579015284,0.4061391480894828,3.583631553332056,-1.2874515118743466,2.174841645565911
51.0,125.0,132.63449096679688,0.5480346334435425,1.4915358671871106,-3.96270189928064,-3.43458928647094,-0.5284934810086279,-0.5427832486342066,0.3955962468310909,3.584020426865266,-1.2853940105912247,2.19910929935755
51.0,125.0,132.63449096679688,0.5479443307532503,1.4915049366339104,-3.962633557834935,-3.434557513050347,-0.5294494055119336,-0.542783257773751,0.4061124439826367,3.583633584550882,-1.287362823881986,2.17590508380994
51.0,125.0,132.63449096679688,0.5480346334435425,1.4915358671871106,-3.96270189928064,-3.43458928647094,-0.5284934810086279,-0.5427832486341615,0.3955962468310909,3.584020426865266,-1.2853940105912247,2.19910929935755
51.0,125.0,132.63449096679688,0.5478794275128381,1.4915076700365577,-3.9626964198457695,-3.425667844574314,-0.5319093348805342,-0.5427832578724885,0.3954950648561162,3.583632877286047,-1.287425365421958,2.17703297347557
51.0,125.0,132.63449096679688,0.5479443307532503,1.4915049366339104,-3.962633557834935,-3.434557513050347,-0.5294494055119336,-0.542783257773751,0.4061124439826367,3.583633584550882,-1.287362823881986,2.176465109677832
51.0,125.0,132.63449096679688,0.5479450754820889,1.4915358671871106,-3.962703613678171,-3.43458928647094,-0.5284934810086279,-0.5427832576912359,0.3955962468310909,3.583606466606041,-1.2853940105912247,2.19910929935755
51.0,125.0,132.63449096679688,0.5480287078407784,1.49153693704238,-3.962633078016185,-3.434557513050347,-0.5299218603500725,-0.5427832487089763,0.4065301790917218,3.583638363681787,-1.287480815620589,2.17524651555813
51.0,125.0,132.63449096679688,0.5479443307532503,1.491508970508232,-3.962633386298077,-3.43061292192912,-0.5299218603500725,-0.5427832483572392,0.4062155360258249,3.583727937536712,-1.287480815620589,2.17433400351874
51.0,125.0,132.63449096679688,0.5479427179272824,1.491516505548138,-3.962633063453896,-3.4319057602288323,-0.5299152232478644,-0.5427832579015284,0.4061391480894828,3.583631553332056,-1.2874515118743466,2.174841645565911
51.0,125.0,132.63449096679688,0.5479492757942637,1.4915049366339104,-3.962635938705654,-3.434590151118167,-0.5284470075192604,-0.5427832575884135,0.4061124439826367,3.5836522024142505,-1.287362823881986,2.176465109677832
51.0,125.0,132.63449096679688,0.5478767663702792,1.491504888380763,-3.962634649641227,-3.434267066648049,-0.5294494055119336,-0.5427832578722989,0.4057089633595337,3.58362152783983,-1.2873928215836266,2.17590508380994
51.0,125.0,132.63449096679688,0.5479443307532503,1.491508016227045,-3.96263341896752,-3.4306258776168965,-0.5299218603500725,-0.5427832483608991,0.4062155360258249,3.5837066775123203,-1.287480815620589,2.17433400351874
51.0,125.0,132.63449096679688,0.5480346334435425,1.4915358671871106,-3.962701904330587,-3.43458928647094,-0.5284934810086279,-0.5427832483834628,0.3955962468310909,3.584020426865266,-1.2853940105912247,2.19910929935755
51.0,125.0,132.63449096679688,0.547937334783623,1.4915100851427567,-3.9627014968146543,-3.429984982496617,-0.5294568977045776,-0.5427832578974818,0.3699162894566278,3.5836336395795687,-1.2875321439894798,2.1750684624434897
51.0,125.0,132.63449096679688,0.5479528646980325,1.491516505548138,-3.962631667565327,-3.426347203262988,-0.5299152232478644,-0.5427832575034213,0.4061526462829934,3.583627555924569,-1.2874515118743466,2.174247113838662
51.0,125.0,132.63449096679688,0.5479443307532503,1.491649059294594,-3.9625711193724378,-3.4319721003301296,-0.5299218603500725,-0.542783257773751,0.4061391480894828,3.583631553332056,-1.287454885568915,2.174841645565911
51.0,125.0,132.63449096679688,0.5479443307532503,1.4915049366339104,-3.962636557231239,-3.434557513050347,-0.5294494055119336,-0.542783257773751,0.4061166314542819,3.583633584550882,-1.287362823881986,2.17590508380994
51.0,125.0,132.63449096679688,0.5478794275128381,1.4915077276054696,-3.9626964198457695,-3.425667844574314,-0.5319093348805342,-0.5427832578724885,0.3954950648561162,3.583631045299375,-1.287425365421958,2.17703297347557
51.0,125.0,132.63449096679688,0.5479029409119693,1.491649059294594,-3.97078966228464,-3.4319721003301296,-0.5299218603500725,-0.542783257773751,0.4061391480894828,3.583631553332056,-1.287454885568915,2.174841645565911
51.0,125.0,132.63449096679688,0.5480346334435425,1.4915358671871106,-3.96270189928064,-3.43458928647094,-0.5284934810086279,-0.5427832486342066,0.3955962468310909,3.584020426865266,-1.2853940105912247,2.19910929935755
51.0,125.0,132.63449096679688,0.5478794275128381,1.4915076700365577,-3.9626964198457695,-3.425667844574314,-0.5319093348805342,-0.5427832578724885,0.3954950648561162,3.583632877286047,-1.287425365421958,2.187722407741337
51.0,125.0,132.63449096679688,0.5479443307532503,1.4915049366339104,-3.962633557834935,-3.434557513050347,-0.5294494055119336,-0.542783257773751,0.4061124439826367,3.583633584550882,-1.287362823881986,2.1764628145926244
51.0,125.0,132.63449096679688,0.5480346334435425,1.4916432903170778,-3.96270189928064,-3.43331655060021,-0.5284934810086279,-0.542783248628836,0.3955962468310909,3.584020426865266,-1.285442448522945,2.199109367311996
51.0,125.0,132.63449096679688,0.5479443307532503,1.4915087974649832,-3.962633557834935,-3.434557513050347,-0.5294251826963321,-0.542783257773751,0.4062124139839728,3.583633584550882,-1.2873631797148324,2.17590508380994
51.0,125.0,132.63449096679688,0.5479443307532503,1.4915089129393202,-3.962567259995982,-3.434557513050347,-0.5299218603500725,-0.542783257773751,0.4061647558031358,3.583633584550882,-1.2855531915315936,2.174841645565911
51.0,125.0,132.63449096679688,0.5478794275128381,1.4915076700365577,-3.9626964198457695,-3.425667844574314,-0.5319093348805342,-0.5427832578724885,0.3954950648561162,3.583632877286047,-1.287425365421958,2.187722407741337
51.0,125.0,132.63449096679688,0.5478639887015218,1.4915073233667324,-3.962697913983248,-3.434433355144841,-0.5316156650281442,-0.542783257874277,0.3951834383186869,3.5840114240270604,-1.2873924461820083,2.1748392698901005
51.0,125.0,132.63449096679688,0.5478838193881604,1.4916432903170778,-3.9627017689909314,-3.433364401013456,-0.5318780090013744,-0.5427832580051262,0.3955962468310909,3.5836141227178184,-1.285442448522945,2.176734911193642
51.0,125.0,132.63449096679688,0.5479445165980213,1.4915358671871106,-3.9627018978629898,-3.43458928647094,-0.5284934810086279,-0.5427832575244437,0.3955962468310909,3.583606466606041,-1.2853940105912247,2.19910929935755
51.0,125.0,132.63449096679688,0.5479043890797272,1.4915127049508188,-3.96271316174888,-3.434498727021493,-0.5294638845808561,-0.5427832578705125,0.3701326336091446,3.5836336395795687,-1.2873903957378316,2.17518710798944
51.0,125.0,132.63449096679688,0.5479427964495454,1.4915100851427567,-3.9626347177334993,-3.425821383789524,-0.5294494055119336,-0.5427832578974818,0.3701326336091446,3.5836328967575364,-1.287425352698748,2.1748392698901005
51.0,125.0,132.63449096679688,0.5478794275128381,1.491504849395638,-3.9626964198457695,-3.425667844574314,-0.5319093348805342,-0.5427832578724885,0.3955521215916638,3.583632905336649,-1.287425365421958,2.187722407741337
51.0,126.0,132.63449096679688,0.5479443307532503,1.4915049366339104,-3.962633557834935,-3.434557513050347,-0.5294494055119336,-0.542783257773751,0.4061124439826367,3.583633584550882,-1.287362823881986,2.17590508380994
51.0,126.0,132.63449096679688,0.5480346334435425,1.4915358671871106,-3.96270189928064,-3.43458928647094,-0.5284934810086279,-0.5427832486342066,0.3955962468310909,3.584020426865266,-1.2853940105912247,2.19910929935755
51.0,126.0,132.63449096679688,0.5479443307532503,1.4915089129393202,-3.962633386298077,-3.434557513050347,-0.5299218603500725,-0.542783257773751,0.406168943274781,3.583633584550882,-1.287480815620589,2.17524651555813
51.0,126.0,132.63449096679688,0.5479443307532503,1.4915089129393202,-3.962570259392286,-3.434557513050347,-0.5299218603500725,-0.542783257773751,0.406168943274781,3.583633584550882,-1.2855531915315936,2.174841645565911
51.0,126.0,132.63449096679688,0.5479443307532503,1.4915049366339104,-3.962633557834935,-3.434557513050347,-0.5294494055119336,-0.542783257773751,0.4061124439826367,3.583633584550882,-1.287362823881986,2.17590508380994
51.0,126.0,132.63449096679688,0.5480346334435425,1.4915358671871106,-3.96270189928064,-3.43458928647094,-0.5284934810086279,-0.5427832486342066,0.3955962468310909,3.584020426865266,-1.2853940105912247,2.19910929935755
51.0,126.0,132.63449096679688,0.5479427964495454,1.4915100851427567,-3.962634388366512,-3.429984982496617,-0.5294494055119336,-0.5427832578974818,0.3701326336091446,3.5836336395795687,-1.2873924461820083,2.1748392698901005
51.0,126.0,132.63449096679688,0.5479443307532503,1.491649059294594,-3.9625711193724378,-3.4319721003301296,-0.5299218603500725,-0.542783257773751,0.4061391480894828,3.583631553332056,-1.287454885568915,2.174841645565911
51.0,126.0,132.63449096679688,0.5479450754820889,1.4915358671871106,-3.962701730588294,-3.43458928647094,-0.5284934810086279,-0.5427832575244437,0.3955962468310909,3.583606466606041,-1.2853940105912247,2.19910929935755
51.0,126.0,132.63449096679688,0.5479443307532503,1.4915049366339104,-3.962633557834935,-3.434557513050347,-0.5294494055119336,-0.542783257773751,0.4061124439826367,3.583633584550882,-1.287362823881986,2.17590508380994
51.0,126.0,132.63449096679688,0.5478794275128381,1.4915073233667324,-3.962634563205784,-3.425667844574314,-0.5316073164320063,-0.542783257874277,0.4079830073726454,3.5840114016237066,-1.2873924461820083,2.1748392698901005
51.0,126.0,132.63449096679688,0.5478794275128381,1.4915077276054696,-3.9626964198457695,-3.425667844574314,-0.5319093348805342,-0.5427832578724885,0.3954950648561162,3.583631056644436,-1.287425365421958,2.17703297347557
51.0,126.0,132.63449096679688,0.5479443307532503,1.4915089129393202,-3.962633386298077,-3.43061292192912,-0.5299218603500725,-0.5427832483572392,0.4062155360258249,3.5837297581783227,-1.287480815620589,2.17433400351874
51.0,126.0,132.63449096679688,0.5479043890797272,1.4915127049508188,-3.962483624971661,-3.429984982496617,-0.5294494055119336,-0.5427832578974818,0.3701326336091446,3.5836336395795687,-1.2873924461820083,2.1748392698901005
51.0,126.0,132.63449096679688,0.5480346334435425,1.4915358671871106,-3.96270189928064,-3.43458928647094,-0.5284934810086279,-0.5427832486342066,0.3955962468310909,3.584020426865266,-1.2853940105912247,2.19910929935755
51.0,126.0,132.63449096679688,0.5479450754820889,1.4915358671871106,-3.962701730588294,-3.43458928647094,-0.5284934810086279,-0.5427832575244437,0.3955962468310909,3.583606466606041,-1.2853940105912247,2.19910929935755
51.0,126.0,132.63449096679688,0.5479443307532503,1.4915089129393202,-3.962634823555003,-3.434557513050347,-0.5299218603500725,-0.542783257773751,0.4061438604334335,3.583638363681787,-1.287480815620589,2.17524651555813
51.0,126.0,132.63449096679688,0.5479427179272824,1.491516505548138,-3.962633063453896,-3.4319057602288323,-0.5299152232478644,-0.5427832579015284,0.4061391480894828,3.583631553332056,-1.2874515118743466,2.174841645565911
51.0,126.0,132.63449096679688,0.5480346334435425,1.4915358671871106,-3.96270189928064,-3.43458928647094,-0.5284934810086279,-0.5427832486342066,0.3955962468310909,3.584020426865266,-1.2853940105912247,2.19910929935755
51.0,126.0,132.63449096679688,0.5479443307532503,1.4915049366339104,-3.962633557834935,-3.434557513050347,-0.5294494055119336,-0.542783257773751,0.4061124439826367,3.583633584550882,-1.287362823881986,2.17590508380994
51.0,126.0,132.63449096679688,0.5480346334435425,1.4915358671871106,-3.96270189928064,-3.43458928647094,-0.5284934810086279,-0.5427832486341615,0.3955962468310909,3.584020426865266,-1.2853940105912247,2.19910929935755
51.0,126.0,132.63449096679688,0.5478794275128381,1.4915076700365577,-3.9626964198457695,-3.425667844574314,-0.5319093348805342,-0.5427832578724885,0.3954950648561162,3.583632877286047,-1.287425365421958,2.17703297347557
51.0,126.0,132.63449096679688,0.5479443307532503,1.4915049366339104,-3.962633557834935,-3.434557513050347,-0.5294494055119336,-0.542783257773751,0.4061124439826367,3.583633584550882,-1.287362823881986,2.176465109677832
51.0,126.0,132.63449096679688,0.5479450754820889,1.4915358671871106,-3.962703613678171,-3.43458928647094,-0.5284934810086279,-0.5427832576912359,0.3955962468310909,3.583606466606041,-1.2853940105912247,2.19910929935755
51.0,126.0,132.63449096679688,0.5480287078407784,1.49153693704238,-3.962633078016185,-3.434557513050347,-0.5299218603500725,-0.5427832487089763,0.4065301790917218,3.583638363681787,-1.287480815620589,2.17524651555813
51.0,126.0,132.63449096679688,0.5479443307532503,1.491508970508232,-3.962633386298077,-3.43061292192912,-0.5299218603500725,-0.5427832483572392,0.4062155360258249,3.583727937536712,-1.287480815620589,2.17433400351874
51.0,126.0,132.63449096679688,0.5479427179272824,1.491516505548138,-3.962633063453896,-3.4319057602288323,-0.5299152232478644,-0.5427832579015284,0.4061391480894828,3.583631553332056,-1.2874515118743466,2.174841645565911
51.0,126.0,132.63449096679688,0.5479492757942637,1.4915049366339104,-3.962635938705654,-3.434590151118167,-0.5284470075192604,-0.5427832575884135,0.4061124439826367,3.5836522024142505,-1.287362823881986,2.176465109677832
51.0,126.0,132.63449096679688,0.5478767663702792,1.491504888380763,-3.962634649641227,-3.434267066648049,-0.5294494055119336,-0.5427832578722989,0.4057089633595337,3.58362152783983,-1.2873928215836266,2.17590508380994
51.0,126.0,132.63449096679688,0.5479443307532503,1.491508016227045,-3.96263341896752,-3.4306258776168965,-0.5299218603500725,-0.5427832483608991,0.4062155360258249,3.5837066775123203,-1.287480815620589,2.17433400351874
51.0,126.0,132.63449096679688,0.5480346334435425,1.4915358671871106,-3.962701904330587,-3.43458928647094,-0.5284934810086279,-0.5427832483834628,0.3955962468310909,3.584020426865266,-1.2853940105912247,2.19910929935755
51.0,126.0,132.63449096679688,0.547937334783623,1.4915100851427567,-3.9627014968146543,-3.429984982496617,-0.5294568977045776,-0.5427832578974818,0.3699162894566278,3.5836336395795687,-1.2875321439894798,2.1750684624434897
51.0,126.0,132.63449096679688,0.5479528646980325,1.491516505548138,-3.962631667565327,-3.426347203262988,-0.5299152232478644,-0.5427832575034213,0.4061526462829934,3.583627555924569,-1.2874515118743466,2.174247113838662
51.0,126.0,132.63449096679688,0.5479443307532503,1.491649059294594,-3.9625711193724378,-3.4319721003301296,-0.5299218603500725,-0.542783257773751,0.4061391480894828,3.583631553332056,-1.287454885568915,2.174841645565911
51.0,126.0,132.63449096679688,0.5479443307532503,1.4915049366339104,-3.962636557231239,-3.434557513050347,-0.5294494055119336,-0.542783257773751,0.4061166314542819,3.583633584550882,-1.287362823881986,2.17590508380994
51.0,126.0,132.63449096679688,0.5478794275128381,1.4915077276054696,-3.9626964198457695,-3.425667844574314,-0.5319093348805342,-0.5427832578724885,0.3954950648561162,3.583631045299375,-1.287425365421958,2.17703297347557
51.0,126.0,132.63449096679688,0.5479029409119693,1.491649059294594,-3.97078966228464,-3.4319721003301296,-0.5299218603500725,-0.542783257773751,0.4061391480894828,3.583631553332056,-1.287454885568915,2.174841645565911
51.0,126.0,132.63449096679688,0.5480346334435425,1.4915358671871106,-3.96270189928064,-3.43458928647094,-0.5284934810086279,-0.5427832486342066,0.3955962468310909,3.584020426865266,-1.2853940105912247,2.19910929935755
51.0,126.0,132.63449096679688,0.5478794275128381,1.4915076700365577,-3.9626964198457695,-3.425667844574314,-0.5319093348805342,-0.5427832578724885,0.3954950648561162,3.583632877286047,-1.287425365421958,2.187722407741337
51.0,126.0,132.63449096679688,0.5479443307532503,1.4915049366339104,-3.962633557834935,-3.434557513050347,-0.5294494055119336,-0.542783257773751,0.4061124439826367,3.583633584550882,-1.287362823881986,2.1764628145926244
51.0,126.0,132.63449096679688,0.5480346334435425,1.4916432903170778,-3.96270189928064,-3.43331655060021,-0.5284934810086279,-0.542783248628836,0.3955962468310909,3.584020426865266,-1.285442448522945,2.199109367311996
51.0,126.0,132.63449096679688,0.5479443307532503,1.4915087974649832,-3.962633557834935,-3.434557513050347,-0.5294251826963321,-0.542783257773751,0.4062124139839728,3.583633584550882,-1.2873631797148324,2.17590508380994
51.0,126.0,132.63449096679688,0.5479443307532503,1.4915089129393202,-3.962567259995982,-3.434557513050347,-0.5299218603500725,-0.542783257773751,0.4061647558031358,3.583633584550882,-1.2855531915315936,2.174841645565911
51.0,126.0,132.63449096679688,0.5478794275128381,1.4915076700365577,-3.9626964198457695,-3.425667844574314,-0.5319093348805342,-0.5427832578724885,0.3954950648561162,3.583632877286047,-1.287425365421958,2.187722407741337
51.0,126.0,132.63449096679688,0.5478639887015218,1.4915073233667324,-3.962697913983248,-3.434433355144841,-0.5316156650281442,-0.542783257874277,0.3951834383186869,3.5840114240270604,-1.2873924461820083,2.1748392698901005
51.0,126.0,132.63449096679688,0.5478838193881604,1.4916432903170778,-3.9627017689909314,-3.433364401013456,-0.5318780090013744,-0.5427832580051262,0.3955962468310909,3.5836141227178184,-1.285442448522945,2.176734911193642
51.0,126.0,132.63449096679688,0.5479445165980213,1.4915358671871106,-3.9627018978629898,-3.43458928647094,-0.5284934810086279,-0.5427832575244437,0.3955962468310909,3.583606466606041,-1.2853940105912247,2.19910929935755
51.0,126.0,132.63449096679688,0.5479043890797272,1.4915127049508188,-3.96271316174888,-3.434498727021493,-0.5294638845808561,-0.5427832578705125,0.3701326336091446,3.5836336395795687,-1.2873903957378316,2.17518710798944
51.0,126.0,132.63449096679688,0.5479427964495454,1.4915100851427567,-3.9626347177334993,-3.425821383789524,-0.5294494055119336,-0.5427832578974818,0.3701326336091446,3.5836328967575364,-1.287425352698748,2.1748392698901005
51.0,126.0,132.63449096679688,0.5478794275128381,1.491504849395638,-3.9626964198457695,-3.425667844574314,-0.5319093348805342,-0.5427832578724885,0.3955521215916638,3.583632905336649,-1.287425365421958,2.187722407741337
51.0,127.0,132.63449096679688,0.5479443307532503,1.4915049366339104,-3.962633557834935,-3.434557513050347,-0.5294494055119336,-0.542783257773751,0.4061124439826367,3.583633584550882,-1.287362823881986,2.17590508380994
51.0,127.0,132.63449096679688,0.5480346334435425,1.4915358671871106,-3.96270189928064,-3.43458928647094,-0.5284934810086279,-0.5427832486342066,0.3955962468310909,3.584020426865266,-1.2853940105912247,2.19910929935755
51.0,127.0,132.63449096679688,0.5479443307532503,1.4915089129393202,-3.962633386298077,-3.434557513050347,-0.5299218603500725,-0.542783257773751,0.406168943274781,3.583633584550882,-1.287480815620589,2.17524651555813
51.0,127.0,132.63449096679688,0.5479443307532503,1.4915089129393202,-3.962570259392286,-3.434557513050347,-0.5299218603500725,-0.542783257773751,0.406168943274781,3.583633584550882,-1.2855531915315936,2.174841645565911
51.0,127.0,132.63449096679688,0.5479443307532503,1.4915049366339104,-3.962633557834935,-3.434557513050347,-0.5294494055119336,-0.542783257773751,0.4061124439826367,3.583633584550882,-1.287362823881986,2.17590508380994
51.0,127.0,132.63449096679688,0.5480346334435425,1.4915358671871106,-3.96270189928064,-3.43458928647094,-0.5284934810086279,-0.5427832486342066,0.3955962468310909,3.584020426865266,-1.2853940105912247,2.19910929935755
51.0,127.0,132.63449096679688,0.5479427964495454,1.4915100851427567,-3.962634388366512,-3.429984982496617,-0.5294494055119336,-0.5427832578974818,0.3701326336091446,3.5836336395795687,-1.2873924461820083,2.1748392698901005
51.0,127.0,132.63449096679688,0.5479443307532503,1.491649059294594,-3.9625711193724378,-3.4319721003301296,-0.5299218603500725,-0.542783257773751,0.4061391480894828,3.583631553332056,-1.287454885568915,2.174841645565911
51.0,127.0,132.63449096679688,0.5479450754820889,1.4915358671871106,-3.962701730588294,-3.43458928647094,-0.5284934810086279,-0.5427832575244437,0.3955962468310909,3.583606466606041,-1.2853940105912247,2.19910929935755
51.0,127.0,132.63449096679688,0.5479443307532503,1.4915049366339104,-3.962633557834935,-3.434557513050347,-0.5294494055119336,-0.542783257773751,0.4061124439826367,3.583633584550882,-1.287362823881986,2.17590508380994
51.0,127.0,132.63449096679688,0.5478794275128381,1.4915073233667324,-3.962634563205784,-3.425667844574314,-0.5316073164320063,-0.542783257874277,0.4079830073726454,3.5840114016237066,-1.2873924461820083,2.1748392698901005
51.0,127.0,132.63449096679688,0.5478794275128381,1.4915077276054696,-3.9626964198457695,-3.425667844574314,-0.5319093348805342,-0.5427832578724885,0.3954950648561162,3.583631056644436,-1.287425365421958,2.17703297347557
51.0,127.0,132.63449096679688,0.5479443307532503,1.4915089129393202,-3.962633386298077,-3.43061292192912,-0.5299218603500725,-0.5427832483572392,0.4062155360258249,3.5837297581783227,-1.287480815620589,2.17433400351874
51.0,127.0,132.63449096679688,0.5479043890797272,1.4915127049508188,-3.962483624971661,-3.429984982496617,-0.5294494055119336,-0.5427832578974818,0.3701326336091446,3.5836336395795687,-1.2873924461820083,2.1748392698901005
51.0,127.0,132.63449096679688,0.5480346334435425,1.4915358671871106,-3.96270189928064,-3.43458928647094,-0.5284934810086279,-0.5427832486342066,0.3955962468310909,3.584020426865266,-1.2853940105912247,2.19910929935755
51.0,127.0,132.63449096679688,0.5479450754820889,1.4915358671871106,-3.962701730588294,-3.43458928647094,-0.5284934810086279,-0.5427832575244437,0.3955962468310909,3.583606466606041,-1.2853940105912247,2.19910929935755
51.0,127.0,132.63449096679688,0.5479443307532503,1.4915089129393202,-3.962634823555003,-3.434557513050347,-0.5299218603500725,-0.542783257773751,0.4061438604334335,3.583638363681787,-1.287480815620589,2.17524651555813
51.0,127.0,132.63449096679688,0.5479427179272824,1.491516505548138,-3.962633063453896,-3.4319057602288323,-0.5299152232478644,-0.5427832579015284,0.4061391480894828,3.583631553332056,-1.2874515118743466,2.174841645565911
51.0,127.0,132.63449096679688,0.5480346334435425,1.4915358671871106,-3.96270189928064,-3.43458928647094,-0.5284934810086279,-0.5427832486342066,0.3955962468310909,3.584020426865266,-1.2853940105912247,2.19910929935755
51.0,127.0,132.63449096679688,0.5479443307532503,1.4915049366339104,-3.962633557834935,-3.434557513050347,-0.5294494055119336,-0.542783257773751,0.4061124439826367,3.583633584550882,-1.287362823881986,2.17590508380994
51.0,127.0,132.63449096679688,0.5480346334435425,1.4915358671871106,-3.96270189928064,-3.43458928647094,-0.5284934810086279,-0.5427832486341615,0.3955962468310909,3.584020426865266,-1.2853940105912247,2.19910929935755
51.0,127.0,132.63449096679688,0.5478794275128381,1.4915076700365577,-3.9626964198457695,-3.425667844574314,-0.5319093348805342,-0.5427832578724885,0.3954950648561162,3.583632877286047,-1.287425365421958,2.17703297347557
51.0,127.0,132.63449096679688,0.5479443307532503,1.4915049366339104,-3.962633557834935,-3.434557513050347,-0.5294494055119336,-0.542783257773751,0.4061124439826367,3.583633584550882,-1.287362823881986,2.176465109677832
51.0,127.0,132.63449096679688,0.5479450754820889,1.4915358671871106,-3.962703613678171,-3.43458928647094,-0.5284934810086279,-0.5427832576912359,0.3955962468310909,3.583606466606041,-1.2853940105912247,2.19910929935755
51.0,127.0,132.63449096679688,0.5480287078407784,1.49153693704238,-3.962633078016185,-3.434557513050347,-0.5299218603500725,-0.5427832487089763,0.4065301790917218,3.583638363681787,-1.287480815620589,2.17524651555813
51.0,127.0,132.63449096679688,0.5479443307532503,1.491508970508232,-3.962633386298077,-3.43061292192912,-0.5299218603500725,-0.5427832483572392,0.4062155360258249,3.583727937536712,-1.287480815620589,2.17433400351874
51.0,127.0,132.63449096679688,0.5479427179272824,1.491516505548138,-3.962633063453896,-3.4319057602288323,-0.5299152232478644,-0.5427832579015284,0.4061391480894828,3.583631553332056,-1.2874515118743466,2.174841645565911
51.0,127.0,132.63449096679688,0.5479492757942637,1.4915049366339104,-3.962635938705654,-3.434590151118167,-0.5284470075192604,-0.5427832575884135,0.4061124439826367,3.5836522024142505,-1.287362823881986,2.176465109677832
51.0,127.0,132.63449096679688,0.5478767663702792,1.491504888380763,-3.962634649641227,-3.434267066648049,-0.5294494055119336,-0.5427832578722989,0.4057089633595337,3.58362152783983,-1.2873928215836266,2.17590508380994
51.0,127.0,132.63449096679688,0.5479443307532503,1.491508016227045,-3.96263341896752,-3.4306258776168965,-0.5299218603500725,-0.5427832483608991,0.4062155360258249,3.5837066775123203,-1.287480815620589,2.17433400351874
51.0,127.0,132.63449096679688,0.5480346334435425,1.4915358671871106,-3.962701904330587,-3.43458928647094,-0.5284934810086279,-0.5427832483834628,0.3955962468310909,3.584020426865266,-1.2853940105912247,2.19910929935755
51.0,127.0,132.63449096679688,0.547937334783623,1.4915100851427567,-3.9627014968146543,-3.429984982496617,-0.5294568977045776,-0.5427832578974818,0.3699162894566278,3.5836336395795687,-1.2875321439894798,2.1750684624434897
51.0,127.0,132.63449096679688,0.5479528646980325,1.491516505548138,-3.962631667565327,-3.426347203262988,-0.5299152232478644,-0.5427832575034213,0.4061526462829934,3.583627555924569,-1.2874515118743466,2.174247113838662
51.0,127.0,132.63449096679688,0.5479443307532503,1.491649059294594,-3.9625711193724378,-3.4319721003301296,-0.5299218603500725,-0.542783257773751,0.4061391480894828,3.583631553332056,-1.287454885568915,2.174841645565911
51.0,127.0,132.63449096679688,0.5479443307532503,1.4915049366339104,-3.962636557231239,-3.434557513050347,-0.5294494055119336,-0.542783257773751,0.4061166314542819,3.583633584550882,-1.287362823881986,2.17590508380994
51.0,127.0,132.63449096679688,0.5478794275128381,1.4915077276054696,-3.9626964198457695,-3.425667844574314,-0.5319093348805342,-0.5427832578724885,0.3954950648561162,3.583631045299375,-1.287425365421958,2.17703297347557
51.0,127.0,132.63449096679688,0.5479029409119693,1.491649059294594,-3.97078966228464,-3.4319721003301296,-0.5299218603500725,-0.542783257773751,0.4061391480894828,3.583631553332056,-1.287454885568915,2.174841645565911
51.0,127.0,132.63449096679688,0.5480346334435425,1.4915358671871106,-3.96270189928064,-3.43458928647094,-0.5284934810086279,-0.5427832486342066,0.3955962468310909,3.584020426865266,-1.2853940105912247,2.19910929935755
51.0,127.0,132.63449096679688,0.5478794275128381,1.4915076700365577,-3.9626964198457695,-3.425667844574314,-0.5319093348805342,-0.5427832578724885,0.3954950648561162,3.583632877286047,-1.287425365421958,2.187722407741337
51.0,127.0,132.63449096679688,0.5479443307532503,1.4915049366339104,-3.962633557834935,-3.434557513050347,-0.5294494055119336,-0.542783257773751,0.4061124439826367,3.583633584550882,-1.287362823881986,2.1764628145926244
51.0,127.0,132.63449096679688,0.5480346334435425,1.4916432903170778,-3.96270189928064,-3.43331655060021,-0.5284934810086279,-0.542783248628836,0.3955962468310909,3.584020426865266,-1.285442448522945,2.199109367311996
51.0,127.0,132.63449096679688,0.5479443307532503,1.4915087974649832,-3.962633557834935,-3.434557513050347,-0.5294251826963321,-0.542783257773751,0.4062124139839728,3.583633584550882,-1.2873631797148324,2.17590508380994
51.0,127.0,132.63449096679688,0.5479443307532503,1.4915089129393202,-3.962567259995982,-3.434557513050347,-0.5299218603500725,-0.542783257773751,0.4061647558031358,3.583633584550882,-1.2855531915315936,2.174841645565911
51.0,127.0,132.63449096679688,0.5478794275128381,1.4915076700365577,-3.9626964198457695,-3.425667844574314,-0.5319093348805342,-0.5427832578724885,0.3954950648561162,3.583632877286047,-1.287425365421958,2.187722407741337
51.0,127.0,132.63449096679688,0.5478639887015218,1.4915073233667324,-3.962697913983248,-3.434433355144841,-0.5316156650281442,-0.542783257874277,0.3951834383186869,3.5840114240270604,-1.2873924461820083,2.1748392698901005
51.0,127.0,132.63449096679688,0.5478838193881604,1.4916432903170778,-3.9627017689909314,-3.433364401013456,-0.5318780090013744,-0.5427832580051262,0.3955962468310909,3.5836141227178184,-1.285442448522945,2.176734911193642
51.0,127.0,132.63449096679688,0.5479445165980213,1.4915358671871106,-3.9627018978629898,-3.43458928647094,-0.5284934810086279,-0.5427832575244437,0.3955962468310909,3.583606466606041,-1.2853940105912247,2.19910929935755
51.0,127.0,132.63449096679688,0.5479043890797272,1.4915127049508188,-3.96271316174888,-3.434498727021493,-0.5294638845808561,-0.5427832578705125,0.3701326336091446,3.5836336395795687,-1.2873903957378316,2.17518710798944
51.0,127.0,132.63449096679688,0.5479427964495454,1.4915100851427567,-3.9626347177334993,-3.425821383789524,-0.5294494055119336,-0.5427832578974818,0.3701326336091446,3.5836328967575364,-1.287425352698748,2.1748392698901005
51.0,127.0,132.63449096679688,0.5478794275128381,1.491504849395638,-3.9626964198457695,-3.425667844574314,-0.5319093348805342,-0.5427832578724885,0.3955521215916638,3.583632905336649,-1.287425365421958,2.187722407741337
51.0,128.0,132.63449096679688,0.5479443307532503,1.4915049366339104,-3.962633557834935,-3.434557513050347,-0.5294494055119336,-0.542783257773751,0.4061124439826367,3.583633584550882,-1.287362823881986,2.17590508380994
51.0,128.0,132.63449096679688,0.5480346334435425,1.4915358671871106,-3.96270189928064,-3.43458928647094,-0.5284934810086279,-0.5427832486342066,0.3955962468310909,3.584020426865266,-1.2853940105912247,2.19910929935755
51.0,128.0,132.63449096679688,0.5479443307532503,1.4915089129393202,-3.962633386298077,-3.434557513050347,-0.5299218603500725,-0.542783257773751,0.406168943274781,3.583633584550882,-1.287480815620589,2.17524651555813
51.0,128.0,132.63449096679688,0.5479443307532503,1.4915089129393202,-3.962570259392286,-3.434557513050347,-0.5299218603500725,-0.542783257773751,0.406168943274781,3.583633584550882,-1.2855531915315936,2.174841645565911
51.0,128.0,132.63449096679688,0.5479443307532503,1.4915049366339104,-3.962633557834935,-3.434557513050347,-0.5294494055119336,-0.542783257773751,0.4061124439826367,3.583633584550882,-1.287362823881986,2.17590508380994
51.0,128.0,132.63449096679688,0.5480346334435425,1.4915358671871106,-3.96270189928064,-3.43458928647094,-0.5284934810086279,-0.5427832486342066,0.3955962468310909,3.584020426865266,-1.2853940105912247,2.19910929935755
51.0,128.0,132.63449096679688,0.5479427964495454,1.4915100851427567,-3.962634388366512,-3.429984982496617,-0.5294494055119336,-0.5427832578974818,0.3701326336091446,3.5836336395795687,-1.2873924461820083,2.1748392698901005
51.0,128.0,132.63449096679688,0.5479443307532503,1.491649059294594,-3.9625711193724378,-3.4319721003301296,-0.5299218603500725,-0.542783257773751,0.4061391480894828,3.583631553332056,-1.287454885568915,2.174841645565911
51.0,128.0,132.63449096679688,0.5479450754820889,1.4915358671871106,-3.962701730588294,-3.43458928647094,-0.5284934810086279,-0.5427832575244437,0.3955962468310909,3.583606466606041,-1.2853940105912247,2.19910929935755
51.0,128.0,132.63449096679688,0.5479443307532503,1.4915049366339104,-3.962633557834935,-3.434557513050347,-0.5294494055119336,-0.542783257773751,0.4061124439826367,3.583633584550882,-1.287362823881986,2.17590508380994
51.0,128.0,132.63449096679688,0.5478794275128381,1.4915073233667324,-3.962634563205784,-3.425667844574314,-0.5316073164320063,-0.542783257874277,0.4079830073726454,3.5840114016237066,-1.2873924461820083,2.1748392698901005
51.0,128.0,132.63449096679688,0.5478794275128381,1.4915077276054696,-3.9626964198457695,-3.425667844574314,-0.5319093348805342,-0.5427832578724885,0.3954950648561162,3.583631056644436,-1.287425365421958,2.17703297347557
51.0,128.0,132.63449096679688,0.5479443307532503,1.4915089129393202,-3.962633386298077,-3.43061292192912,-0.5299218603500725,-0.5427832483572392,0.4062155360258249,3.5837297581783227,-1.287480815620589,2.17433400351874
51.0,128.0,132.63449096679688,0.5479043890797272,1.4915127049508188,-3.962483624971661,-3.429984982496617,-0.5294494055119336,-0.5427832578974818,0.3701326336091446,3.5836336395795687,-1.2873924461820083,2.1748392698901005
51.0,128.0,132.63449096679688,0.5480346334435425,1.4915358671871106,-3.96270189928064,-3.43458928647094,-0.5284934810086279,-0.5427832486342066,0.3955962468310909,3.584020426865266,-1.2853940105912247,2.19910929935755
51.0,128.0,132.63449096679688,0.5479450754820889,1.4915358671871106,-3.962701730588294,-3.43458928647094,-0.5284934810086279,-0.5427832575244437,0.3955962468310909,3.583606466606041,-1.2853940105912247,2.19910929935755
51.0,128.0,132.63449096679688,0.5479443307532503,1.4915089129393202,-3.962634823555003,-3.434557513050347,-0.5299218603500725,-0.542783257773751,0.4061438604334335,3.583638363681787,-1.287480815620589,2.17524651555813
51.0,128.0,132.63449096679688,0.5479427179272824,1.491516505548138,-3.962633063453896,-3.4319057602288323,-0.5299152232478644,-0.5427832579015284,0.4061391480894828,3.583631553332056,-1.2874515118743466,2.174841645565911
51.0,128.0,132.63449096679688,0.5480346334435425,1.4915358671871106,-3.96270189928064,-3.43458928647094,-0.5284934810086279,-0.5427832486342066,0.3955962468310909,3.584020426865266,-1.2853940105912247,2.19910929935755
51.0,128.0,132.63449096679688,0.5479443307532503,1.4915049366339104,-3.962633557834935,-3.434557513050347,-0.5294494055119336,-0.542783257773751,0.4061124439826367,3.583633584550882,-1.287362823881986,2.17590508380994
51.0,128.0,132.63449096679688,0.5480346334435425,1.4915358671871106,-3.96270189928064,-3.43458928647094,-0.5284934810086279,-0.5427832486341615,0.3955962468310909,3.584020426865266,-1.2853940105912247,2.19910929935755
51.0,128.0,132.63449096679688,0.5478794275128381,1.4915076700365577,-3.9626964198457695,-3.425667844574314,-0.5319093348805342,-0.5427832578724885,0.3954950648561162,3.583632877286047,-1.287425365421958,2.17703297347557
51.0,128.0,132.63449096679688,0.5479443307532503,1.4915049366339104,-3.962633557834935,-3.434557513050347,-0.5294494055119336,-0.542783257773751,0.4061124439826367,3.583633584550882,-1.287362823881986,2.176465109677832
51.0,128.0,132.63449096679688,0.5479450754820889,1.4915358671871106,-3.962703613678171,-3.43458928647094,-0.5284934810086279,-0.5427832576912359,0.3955962468310909,3.583606466606041,-1.2853940105912247,2.19910929935755
51.0,128.0,132.63449096679688,0.5480287078407784,1.49153693704238,-3.962633078016185,-3.434557513050347,-0.5299218603500725,-0.5427832487089763,0.4065301790917218,3.583638363681787,-1.287480815620589,2.17524651555813
51.0,128.0,132.63449096679688,0.5479443307532503,1.491508970508232,-3.962633386298077,-3.43061292192912,-0.5299218603500725,-0.5427832483572392,0.4062155360258249,3.583727937536712,-1.287480815620589,2.17433400351874
51.0,128.0,132.63449096679688,0.5479427179272824,1.491516505548138,-3.962633063453896,-3.4319057602288323,-0.5299152232478644,-0.5427832579015284,0.4061391480894828,3.583631553332056,-1.2874515118743466,2.174841645565911
51.0,128.0,132.63449096679688,0.5479492757942637,1.4915049366339104,-3.962635938705654,-3.434590151118167,-0.5284470075192604,-0.5427832575884135,0.4061124439826367,3.5836522024142505,-1.287362823881986,2.176465109677832
51.0,128.0,132.63449096679688,0.5478767663702792,1.491504888380763,-3.962634649641227,-3.434267066648049,-0.5294494055119336,-0.5427832578722989,0.4057089633595337,3.58362152783983,-1.2873928215836266,2.17590508380994
51.0,128.0,132.63449096679688,0.5479443307532503,1.491508016227045,-3.96263341896752,-3.4306258776168965,-0.5299218603500725,-0.5427832483608991,0.4062155360258249,3.5837066775123203,-1.287480815620589,2.17433400351874
51.0,128.0,132.63449096679688,0.5480346334435425,1.4915358671871106,-3.962701904330587,-3.43458928647094,-0.5284934810086279,-0.5427832483834628,0.3955962468310909,3.584020426865266,-1.2853940105912247,2.19910929935755
51.0,128.0,132.63449096679688,0.547937334783623,1.4915100851427567,-3.9627014968146543,-3.429984982496617,-0.5294568977045776,-0.5427832578974818,0.3699162894566278,3.5836336395795687,-1.2875321439894798,2.1750684624434897
51.0,128.0,132.63449096679688,0.5479528646980325,1.491516505548138,-3.962631667565327,-3.426347203262988,-0.5299152232478644,-0.5427832575034213,0.4061526462829934,3.583627555924569,-1.2874515118743466,2.174247113838662
51.0,128.0,132.63449096679688,0.5479443307532503,1.491649059294594,-3.9625711193724378,-3.4319721003301296,-0.5299218603500725,-0.542783257773751,0.4061391480894828,3.583631553332056,-1.287454885568915,2.174841645565911
51.0,128.0,132.63449096679688,0.5479443307532503,1.4915049366339104,-3.962636557231239,-3.434557513050347,-0.5294494055119336,-0.542783257773751,0.4061166314542819,3.583633584550882,-1.287362823881986,2.17590508380994
51.0,128.0,132.63449096679688,0.5478794275128381,1.4915077276054696,-3.9626964198457695,-3.425667844574314,-0.5319093348805342,-0.5427832578724885,0.3954950648561162,3.583631045299375,-1.287425365421958,2.17703297347557
51.0,128.0,132.63449096679688,0.5479029409119693,1.491649059294594,-3.97078966228464,-3.4319721003301296,-0.5299218603500725,-0.542783257773751,0.4061391480894828,3.583631553332056,-1.287454885568915,2.174841645565911
51.0,128.0,132.63449096679688,0.5480346334435425,1.4915358671871106,-3.96270189928064,-3.43458928647094,-0.5284934810086279,-0.5427832486342066,0.3955962468310909,3.584020426865266,-1.2853940105912247,2.19910929935755
51.0,128.0,132.63449096679688,0.5478794275128381,1.4915076700365577,-3.9626964198457695,-3.425667844574314,-0.5319093348805342,-0.5427832578724885,0.3954950648561162,3.583632877286047,-1.287425365421958,2.187722407741337
51.0,128.0,132.63449096679688,0.5479443307532503,1.4915049366339104,-3.962633557834935,-3.434557513050347,-0.5294494055119336,-0.542783257773751,0.4061124439826367,3.583633584550882,-1.287362823881986,2.1764628145926244
51.0,128.0,132.63449096679688,0.5480346334435425,1.4916432903170778,-3.96270189928064,-3.43331655060021,-0.5284934810086279,-0.542783248628836,0.3955962468310909,3.584020426865266,-1.285442448522945,2.199109367311996
51.0,128.0,132.63449096679688,0.5479443307532503,1.4915087974649832,-3.962633557834935,-3.434557513050347,-0.5294251826963321,-0.542783257773751,0.4062124139839728,3.583633584550882,-1.2873631797148324,2.17590508380994
51.0,128.0,132.63449096679688,0.5479443307532503,1.4915089129393202,-3.962567259995982,-3.434557513050347,-0.5299218603500725,-0.542783257773751,0.4061647558031358,3.583633584550882,-1.2855531915315936,2.174841645565911
51.0,128.0,132.63449096679688,0.5478794275128381,1.4915076700365577,-3.9626964198457695,-3.425667844574314,-0.5319093348805342,-0.5427832578724885,0.3954950648561162,3.583632877286047,-1.287425365421958,2.187722407741337
51.0,128.0,132.63449096679688,0.5478639887015218,1.4915073233667324,-3.962697913983248,-3.434433355144841,-0.5316156650281442,-0.542783257874277,0.3951834383186869,3.5840114240270604,-1.2873924461820083,2.1748392698901005
51.0,128.0,132.63449096679688,0.5478838193881604,1.4916432903170778,-3.9627017689909314,-3.433364401013456,-0.5318780090013744,-0.5427832580051262,0.3955962468310909,3.5836141227178184,-1.285442448522945,2.176734911193642
51.0,128.0,132.63449096679688,0.5479445165980213,1.4915358671871106,-3.9627018978629898,-3.43458928647094,-0.5284934810086279,-0.5427832575244437,0.3955962468310909,3.583606466606041,-1.2853940105912247,2.19910929935755
51.0,128.0,132.63449096679688,0.5479043890797272,1.4915127049508188,-3.96271316174888,-3.434498727021493,-0.5294638845808561,-0.5427832578705125,0.3701326336091446,3.5836336395795687,-1.2873903957378316,2.17518710798944
51.0,128.0,132.63449096679688,0.5479427964495454,1.4915100851427567,-3.9626347177334993,-3.425821383789524,-0.5294494055119336,-0.5427832578974818,0.3701326336091446,3.5836328967575364,-1.287425352698748,2.1748392698901005
51.0,128.0,132.63449096679688,0.5478794275128381,1.491504849395638,-3.9626964198457695,-3.425667844574314,-0.5319093348805342,-0.5427832578724885,0.3955521215916638,3.583632905336649,-1.287425365421958,2.187722407741337
51.0,129.0,132.63449096679688,0.5479443307532503,1.4915049366339104,-3.962633557834935,-3.434557513050347,-0.5294494055119336,-0.542783257773751,0.4061124439826367,3.583633584550882,-1.287362823881986,2.17590508380994
51.0,129.0,132.63449096679688,0.5480346334435425,1.4915358671871106,-3.96270189928064,-3.43458928647094,-0.5284934810086279,-0.5427832486342066,0.3955962468310909,3.584020426865266,-1.2853940105912247,2.19910929935755
51.0,129.0,132.63449096679688,0.5479443307532503,1.4915089129393202,-3.962633386298077,-3.434557513050347,-0.5299218603500725,-0.542783257773751,0.406168943274781,3.583633584550882,-1.287480815620589,2.17524651555813
51.0,129.0,132.63449096679688,0.5479443307532503,1.4915089129393202,-3.962570259392286,-3.434557513050347,-0.5299218603500725,-0.542783257773751,0.406168943274781,3.583633584550882,-1.2855531915315936,2.174841645565911
51.0,129.0,132.63449096679688,0.5479443307532503,1.4915049366339104,-3.962633557834935,-3.434557513050347,-0.5294494055119336,-0.542783257773751,0.4061124439826367,3.583633584550882,-1.287362823881986,2.17590508380994
51.0,129.0,132.63449096679688,0.5480346334435425,1.4915358671871106,-3.96270189928064,-3.43458928647094,-0.5284934810086279,-0.5427832486342066,0.3955962468310909,3.584020426865266,-1.2853940105912247,2.19910929935755
51.0,129.0,132.63449096679688,0.5479427964495454,1.4915100851427567,-3.962634388366512,-3.429984982496617,-0.5294494055119336,-0.5427832578974818,0.3701326336091446,3.5836336395795687,-1.2873924461820083,2.1748392698901005
51.0,129.0,132.63449096679688,0.5479443307532503,1.491649059294594,-3.9625711193724378,-3.4319721003301296,-0.5299218603500725,-0.542783257773751,0.4061391480894828,3.583631553332056,-1.287454885568915,2.174841645565911
51.0,129.0,132.63449096679688,0.5479450754820889,1.4915358671871106,-3.962701730588294,-3.43458928647094,-0.5284934810086279,-0.5427832575244437,0.3955962468310909,3.583606466606041,-1.2853940105912247,2.19910929935755
51.0,129.0,132.63449096679688,0.5479443307532503,1.4915049366339104,-3.962633557834935,-3.434557513050347,-0.5294494055119336,-0.542783257773751,0.4061124439826367,3.583633584550882,-1.287362823881986,2.17590508380994
51.0,129.0,132.63449096679688,0.5478794275128381,1.4915073233667324,-3.962634563205784,-3.425667844574314,-0.5316073164320063,-0.542783257874277,0.4079830073726454,3.5840114016237066,-1.2873924461820083,2.1748392698901005
51.0,129.0,132.63449096679688,0.5478794275128381,1.4915077276054696,-3.9626964198457695,-3.425667844574314,-0.5319093348805342,-0.5427832578724885,0.3954950648561162,3.583631056644436,-1.287425365421958,2.17703297347557
51.0,129.0,132.63449096679688,0.5479443307532503,1.4915089129393202,-3.962633386298077,-3.43061292192912,-0.5299218603500725,-0.5427832483572392,0.4062155360258249,3.5837297581783227,-1.287480815620589,2.17433400351874
51.0,129.0,132.63449096679688,0.5479043890797272,1.4915127049508188,-3.962483624971661,-3.429984982496617,-0.5294494055119336,-0.5427832578974818,0.3701326336091446,3.5836336395795687,-1.2873924461820083,2.1748392698901005
51.0,129.0,132.63449096679688,0.5480346334435425,1.4915358671871106,-3.96270189928064,-3.43458928647094,-0.5284934810086279,-0.5427832486342066,0.3955962468310909,3.584020426865266,-1.2853940105912247,2.19910929935755
51.0,129.0,132.63449096679688,0.5479450754820889,1.4915358671871106,-3.962701730588294,-3.43458928647094,-0.5284934810086279,-0.5427832575244437,0.3955962468310909,3.583606466606041,-1.2853940105912247,2.19910929935755
51.0,129.0,132.63449096679688,0.5479443307532503,1.4915089129393202,-3.962634823555003,-3.434557513050347,-0.5299218603500725,-0.542783257773751,0.4061438604334335,3.583638363681787,-1.287480815620589,2.17524651555813
51.0,129.0,132.63449096679688,0.5479427179272824,1.491516505548138,-3.962633063453896,-3.4319057602288323,-0.5299152232478644,-0.5427832579015284,0.4061391480894828,3.583631553332056,-1.2874515118743466,2.174841645565911
51.0,129.0,132.63449096679688,0.5480346334435425,1.4915358671871106,-3.96270189928064,-3.43458928647094,-0.5284934810086279,-0.5427832486342066,0.3955962468310909,3.584020426865266,-1.2853940105912247,2.19910929935755
51.0,129.0,132.63449096679688,0.5479443307532503,1.4915049366339104,-3.962633557834935,-3.434557513050347,-0.5294494055119336,-0.542783257773751,0.4061124439826367,3.583633584550882,-1.287362823881986,2.17590508380994
51.0,129.0,132.63449096679688,0.5480346334435425,1.4915358671871106,-3.96270189928064,-3.43458928647094,-0.5284934810086279,-0.5427832486341615,0.3955962468310909,3.584020426865266,-1.2853940105912247,2.19910929935755
51.0,129.0,132.63449096679688,0.5478794275128381,1.4915076700365577,-3.9626964198457695,-3.425667844574314,-0.5319093348805342,-0.5427832578724885,0.3954950648561162,3.583632877286047,-1.287425365421958,2.17703297347557
51.0,129.0,132.63449096679688,0.5479443307532503,1.4915049366339104,-3.962633557834935,-3.434557513050347,-0.5294494055119336,-0.542783257773751,0.4061124439826367,3.583633584550882,-1.287362823881986,2.176465109677832
51.0,129.0,132.63449096679688,0.5479450754820889,1.4915358671871106,-3.962703613678171,-3.43458928647094,-0.5284934810086279,-0.5427832576912359,0.3955962468310909,3.583606466606041,-1.2853940105912247,2.19910929935755
51.0,129.0,132.63449096679688,0.5480287078407784,1.49153693704238,-3.962633078016185,-3.434557513050347,-0.5299218603500725,-0.5427832487089763,0.4065301790917218,3.583638363681787,-1.287480815620589,2.17524651555813
51.0,129.0,132.63449096679688,0.5479443307532503,1.491508970508232,-3.962633386298077,-3.43061292192912,-0.5299218603500725,-0.5427832483572392,0.4062155360258249,3.583727937536712,-1.287480815620589,2.17433400351874
51.0,129.0,132.63449096679688,0.5479427179272824,1.491516505548138,-3.962633063453896,-3.4319057602288323,-0.5299152232478644,-0.5427832579015284,0.4061391480894828,3.583631553332056,-1.2874515118743466,2.174841645565911
51.0,129.0,132.63449096679688,0.5479492757942637,1.4915049366339104,-3.962635938705654,-3.434590151118167,-0.5284470075192604,-0.5427832575884135,0.4061124439826367,3.5836522024142505,-1.287362823881986,2.176465109677832
51.0,129.0,132.63449096679688,0.5478767663702792,1.491504888380763,-3.962634649641227,-3.434267066648049,-0.5294494055119336,-0.5427832578722989,0.4057089633595337,3.58362152783983,-1.2873928215836266,2.17590508380994
51.0,129.0,132.63449096679688,0.5479443307532503,1.491508016227045,-3.96263341896752,-3.4306258776168965,-0.5299218603500725,-0.5427832483608991,0.4062155360258249,3.5837066775123203,-1.287480815620589,2.17433400351874
51.0,129.0,132.63449096679688,0.5480346334435425,1.4915358671871106,-3.962701904330587,-3.43458928647094,-0.5284934810086279,-0.5427832483834628,0.3955962468310909,3.584020426865266,-1.2853940105912247,2.19910929935755
51.0,129.0,132.63449096679688,0.547937334783623,1.4915100851427567,-3.9627014968146543,-3.429984982496617,-0.5294568977045776,-0.5427832578974818,0.3699162894566278,3.5836336395795687,-1.2875321439894798,2.1750684624434897
51.0,129.0,132.63449096679688,0.5479528646980325,1.491516505548138,-3.962631667565327,-3.426347203262988,-0.5299152232478644,-0.5427832575034213,0.4061526462829934,3.583627555924569,-1.2874515118743466,2.174247113838662
51.0,129.0,132.63449096679688,0.5479443307532503,1.491649059294594,-3.9625711193724378,-3.4319721003301296,-0.5299218603500725,-0.542783257773751,0.4061391480894828,3.583631553332056,-1.287454885568915,2.174841645565911
51.0,129.0,132.63449096679688,0.5479443307532503,1.4915049366339104,-3.962636557231239,-3.434557513050347,-0.5294494055119336,-0.542783257773751,0.4061166314542819,3.583633584550882,-1.287362823881986,2.17590508380994
51.0,129.0,132.63449096679688,0.5478794275128381,1.4915077276054696,-3.9626964198457695,-3.425667844574314,-0.5319093348805342,-0.5427832578724885,0.3954950648561162,3.583631045299375,-1.287425365421958,2.17703297347557
51.0,129.0,132.63449096679688,0.5479029409119693,1.491649059294594,-3.97078966228464,-3.4319721003301296,-0.5299218603500725,-0.542783257773751,0.4061391480894828,3.583631553332056,-1.287454885568915,2.174841645565911
51.0,129.0,132.63449096679688,0.5480346334435425,1.4915358671871106,-3.96270189928064,-3.43458928647094,-0.5284934810086279,-0.5427832486342066,0.3955962468310909,3.584020426865266,-1.2853940105912247,2.19910929935755
51.0,129.0,132.63449096679688,0.5478794275128381,1.4915076700365577,-3.9626964198457695,-3.425667844574314,-0.5319093348805342,-0.5427832578724885,0.3954950648561162,3.583632877286047,-1.287425365421958,2.187722407741337
51.0,129.0,132.63449096679688,0.5479443307532503,1.4915049366339104,-3.962633557834935,-3.434557513050347,-0.5294494055119336,-0.542783257773751,0.4061124439826367,3.583633584550882,-1.287362823881986,2.1764628145926244
51.0,129.0,132.63449096679688,0.5480346334435425,1.4916432903170778,-3.96270189928064,-3.43331655060021,-0.5284934810086279,-0.542783248628836,0.3955962468310909,3.584020426865266,-1.285442448522945,2.199109367311996
51.0,129.0,132.63449096679688,0.5479443307532503,1.4915087974649832,-3.962633557834935,-3.434557513050347,-0.5294251826963321,-0.542783257773751,0.4062124139839728,3.583633584550882,-1.2873631797148324,2.17590508380994
51.0,129.0,132.63449096679688,0.5479443307532503,1.4915089129393202,-3.962567259995982,-3.434557513050347,-0.5299218603500725,-0.542783257773751,0.4061647558031358,3.583633584550882,-1.2855531915315936,2.174841645565911
51.0,129.0,132.63449096679688,0.5478794275128381,1.4915076700365577,-3.9626964198457695,-3.425667844574314,-0.5319093348805342,-0.5427832578724885,0.3954950648561162,3.583632877286047,-1.287425365421958,2.187722407741337
51.0,129.0,132.63449096679688,0.5478639887015218,1.4915073233667324,-3.962697913983248,-3.434433355144841,-0.5316156650281442,-0.542783257874277,0.3951834383186869,3.5840114240270604,-1.2873924461820083,2.1748392698901005
51.0,129.0,132.63449096679688,0.5478838193881604,1.4916432903170778,-3.9627017689909314,-3.433364401013456,-0.5318780090013744,-0.5427832580051262,0.3955962468310909,3.5836141227178184,-1.285442448522945,2.176734911193642
51.0,129.0,132.63449096679688,0.5479445165980213,1.4915358671871106,-3.9627018978629898,-3.43458928647094,-0.5284934810086279,-0.5427832575244437,0.3955962468310909,3.583606466606041,-1.2853940105912247,2.19910929935755
51.0,129.0,132.63449096679688,0.5479043890797272,1.4915127049508188,-3.96271316174888,-3.434498727021493,-0.5294638845808561,-0.5427832578705125,0.3701326336091446,3.5836336395795687,-1.2873903957378316,2.17518710798944
51.0,129.0,132.63449096679688,0.5479427964495454,1.4915100851427567,-3.9626347177334993,-3.425821383789524,-0.5294494055119336,-0.5427832578974818,0.3701326336091446,3.5836328967575364,-1.287425352698748,2.1748392698901005
51.0,129.0,132.63449096679688,0.5478794275128381,1.491504849395638,-3.9626964198457695,-3.425667844574314,-0.5319093348805342,-0.5427832578724885,0.3955521215916638,3.583632905336649,-1.287425365421958,2.187722407741337
51.0,130.0,132.63449096679688,0.5479443307532503,1.4915049366339104,-3.962633557834935,-3.434557513050347,-0.5294494055119336,-0.542783257773751,0.4061124439826367,3.583633584550882,-1.287362823881986,2.17590508380994
51.0,130.0,132.63449096679688,0.5480346334435425,1.4915358671871106,-3.96270189928064,-3.43458928647094,-0.5284934810086279,-0.5427832486342066,0.3955962468310909,3.584020426865266,-1.2853940105912247,2.19910929935755
51.0,130.0,132.63449096679688,0.5479443307532503,1.4915089129393202,-3.962633386298077,-3.434557513050347,-0.5299218603500725,-0.542783257773751,0.406168943274781,3.583633584550882,-1.287480815620589,2.17524651555813
51.0,130.0,132.63449096679688,0.5479443307532503,1.4915089129393202,-3.962570259392286,-3.434557513050347,-0.5299218603500725,-0.542783257773751,0.406168943274781,3.583633584550882,-1.2855531915315936,2.174841645565911
51.0,130.0,132.63449096679688,0.5479443307532503,1.4915049366339104,-3.962633557834935,-3.434557513050347,-0.5294494055119336,-0.542783257773751,0.4061124439826367,3.583633584550882,-1.287362823881986,2.17590508380994
51.0,130.0,132.63449096679688,0.5480346334435425,1.4915358671871106,-3.96270189928064,-3.43458928647094,-0.5284934810086279,-0.5427832486342066,0.3955962468310909,3.584020426865266,-1.2853940105912247,2.19910929935755
51.0,130.0,132.63449096679688,0.5479427964495454,1.4915100851427567,-3.962634388366512,-3.429984982496617,-0.5294494055119336,-0.5427832578974818,0.3701326336091446,3.5836336395795687,-1.2873924461820083,2.1748392698901005
51.0,130.0,132.63449096679688,0.5479443307532503,1.491649059294594,-3.9625711193724378,-3.4319721003301296,-0.5299218603500725,-0.542783257773751,0.4061391480894828,3.583631553332056,-1.287454885568915,2.174841645565911
51.0,130.0,132.63449096679688,0.5479450754820889,1.4915358671871106,-3.962701730588294,-3.43458928647094,-0.5284934810086279,-0.5427832575244437,0.3955962468310909,3.583606466606041,-1.2853940105912247,2.19910929935755
51.0,130.0,132.63449096679688,0.5479443307532503,1.4915049366339104,-3.962633557834935,-3.434557513050347,-0.5294494055119336,-0.542783257773751,0.4061124439826367,3.583633584550882,-1.287362823881986,2.17590508380994
51.0,130.0,132.63449096679688,0.5478794275128381,1.4915073233667324,-3.962634563205784,-3.425667844574314,-0.5316073164320063,-0.542783257874277,0.4079830073726454,3.5840114016237066,-1.2873924461820083,2.1748392698901005
51.0,130.0,132.63449096679688,0.5478794275128381,1.4915077276054696,-3.9626964198457695,-3.425667844574314,-0.5319093348805342,-0.5427832578724885,0.3954950648561162,3.583631056644436,-1.287425365421958,2.17703297347557
51.0,130.0,132.63449096679688,0.5479443307532503,1.4915089129393202,-3.962633386298077,-3.43061292192912,-0.5299218603500725,-0.5427832483572392,0.4062155360258249,3.5837297581783227,-1.287480815620589,2.17433400351874
51.0,130.0,132.63449096679688,0.5479043890797272,1.4915127049508188,-3.962483624971661,-3.429984982496617,-0.5294494055119336,-0.5427832578974818,0.3701326336091446,3.5836336395795687,-1.2873924461820083,2.1748392698901005
51.0,130.0,132.63449096679688,0.5480346334435425,1.4915358671871106,-3.96270189928064,-3.43458928647094,-0.5284934810086279,-0.5427832486342066,0.3955962468310909,3.584020426865266,-1.2853940105912247,2.19910929935755
51.0,130.0,132.63449096679688,0.5479450754820889,1.4915358671871106,-3.962701730588294,-3.43458928647094,-0.5284934810086279,-0.5427832575244437,0.3955962468310909,3.583606466606041,-1.2853940105912247,2.19910929935755
51.0,130.0,132.63449096679688,0.5479443307532503,1.4915089129393202,-3.962634823555003,-3.434557513050347,-0.5299218603500725,-0.542783257773751,0.4061438604334335,3.583638363681787,-1.287480815620589,2.17524651555813
51.0,130.0,132.63449096679688,0.5479427179272824,1.491516505548138,-3.962633063453896,-3.4319057602288323,-0.5299152232478644,-0.5427832579015284,0.4061391480894828,3.583631553332056,-1.2874515118743466,2.174841645565911
51.0,130.0,132.63449096679688,0.5480346334435425,1.4915358671871106,-3.96270189928064,-3.43458928647094,-0.5284934810086279,-0.5427832486342066,0.3955962468310909,3.584020426865266,-1.2853940105912247,2.19910929935755
51.0,130.0,132.63449096679688,0.5479443307532503,1.4915049366339104,-3.962633557834935,-3.434557513050347,-0.5294494055119336,-0.542783257773751,0.4061124439826367,3.583633584550882,-1.287362823881986,2.17590508380994
51.0,130.0,132.63449096679688,0.5480346334435425,1.4915358671871106,-3.96270189928064,-3.43458928647094,-0.5284934810086279,-0.5427832486341615,0.3955962468310909,3.584020426865266,-1.2853940105912247,2.19910929935755
51.0,130.0,132.63449096679688,0.5478794275128381,1.4915076700365577,-3.9626964198457695,-3.425667844574314,-0.5319093348805342,-0.5427832578724885,0.3954950648561162,3.583632877286047,-1.287425365421958,2.17703297347557
51.0,130.0,132.63449096679688,0.5479443307532503,1.4915049366339104,-3.962633557834935,-3.434557513050347,-0.5294494055119336,-0.542783257773751,0.4061124439826367,3.583633584550882,-1.287362823881986,2.176465109677832
51.0,130.0,132.63449096679688,0.5479450754820889,1.4915358671871106,-3.962703613678171,-3.43458928647094,-0.5284934810086279,-0.5427832576912359,0.3955962468310909,3.583606466606041,-1.2853940105912247,2.19910929935755
51.0,130.0,132.63449096679688,0.5480287078407784,1.49153693704238,-3.962633078016185,-3.434557513050347,-0.5299218603500725,-0.5427832487089763,0.4065301790917218,3.583638363681787,-1.287480815620589,2.17524651555813
51.0,130.0,132.63449096679688,0.5479443307532503,1.491508970508232,-3.962633386298077,-3.43061292192912,-0.5299218603500725,-0.5427832483572392,0.4062155360258249,3.583727937536712,-1.287480815620589,2.17433400351874
51.0,130.0,132.63449096679688,0.5479427179272824,1.491516505548138,-3.962633063453896,-3.4319057602288323,-0.5299152232478644,-0.5427832579015284,0.4061391480894828,3.583631553332056,-1.2874515118743466,2.174841645565911
51.0,130.0,132.63449096679688,0.5479492757942637,1.4915049366339104,-3.962635938705654,-3.434590151118167,-0.5284470075192604,-0.5427832575884135,0.4061124439826367,3.5836522024142505,-1.287362823881986,2.176465109677832
51.0,130.0,132.63449096679688,0.5478767663702792,1.491504888380763,-3.962634649641227,-3.434267066648049,-0.5294494055119336,-0.5427832578722989,0.4057089633595337,3.58362152783983,-1.2873928215836266,2.17590508380994
51.0,130.0,132.63449096679688,0.5479443307532503,1.491508016227045,-3.96263341896752,-3.4306258776168965,-0.5299218603500725,-0.5427832483608991,0.4062155360258249,3.5837066775123203,-1.287480815620589,2.17433400351874
51.0,130.0,132.63449096679688,0.5480346334435425,1.4915358671871106,-3.962701904330587,-3.43458928647094,-0.5284934810086279,-0.5427832483834628,0.3955962468310909,3.584020426865266,-1.2853940105912247,2.19910929935755
51.0,130.0,132.63449096679688,0.547937334783623,1.4915100851427567,-3.9627014968146543,-3.429984982496617,-0.5294568977045776,-0.5427832578974818,0.3699162894566278,3.5836336395795687,-1.2875321439894798,2.1750684624434897
51.0,130.0,132.63449096679688,0.5479528646980325,1.491516505548138,-3.962631667565327,-3.426347203262988,-0.5299152232478644,-0.5427832575034213,0.4061526462829934,3.583627555924569,-1.2874515118743466,2.174247113838662
51.0,130.0,132.63449096679688,0.5479443307532503,1.491649059294594,-3.9625711193724378,-3.4319721003301296,-0.5299218603500725,-0.542783257773751,0.4061391480894828,3.583631553332056,-1.287454885568915,2.174841645565911
51.0,130.0,132.63449096679688,0.5479443307532503,1.4915049366339104,-3.962636557231239,-3.434557513050347,-0.5294494055119336,-0.542783257773751,0.4061166314542819,3.583633584550882,-1.287362823881986,2.17590508380994
51.0,130.0,132.63449096679688,0.5478794275128381,1.4915077276054696,-3.9626964198457695,-3.425667844574314,-0.5319093348805342,-0.5427832578724885,0.3954950648561162,3.583631045299375,-1.287425365421958,2.17703297347557
51.0,130.0,132.63449096679688,0.5479029409119693,1.491649059294594,-3.97078966228464,-3.4319721003301296,-0.5299218603500725,-0.542783257773751,0.4061391480894828,3.583631553332056,-1.287454885568915,2.174841645565911
51.0,130.0,132.63449096679688,0.5480346334435425,1.4915358671871106,-3.96270189928064,-3.43458928647094,-0.5284934810086279,-0.5427832486342066,0.3955962468310909,3.584020426865266,-1.2853940105912247,2.19910929935755
51.0,130.0,132.63449096679688,0.5478794275128381,1.4915076700365577,-3.9626964198457695,-3.425667844574314,-0.5319093348805342,-0.5427832578724885,0.3954950648561162,3.583632877286047,-1.287425365421958,2.187722407741337
51.0,130.0,132.63449096679688,0.5479443307532503,1.4915049366339104,-3.962633557834935,-3.434557513050347,-0.5294494055119336,-0.542783257773751,0.4061124439826367,3.583633584550882,-1.287362823881986,2.1764628145926244
51.0,130.0,132.63449096679688,0.5480346334435425,1.4916432903170778,-3.96270189928064,-3.43331655060021,-0.5284934810086279,-0.542783248628836,0.3955962468310909,3.584020426865266,-1.285442448522945,2.199109367311996
51.0,130.0,132.63449096679688,0.5479443307532503,1.4915087974649832,-3.962633557834935,-3.434557513050347,-0.5294251826963321,-0.542783257773751,0.4062124139839728,3.583633584550882,-1.2873631797148324,2.17590508380994
51.0,130.0,132.63449096679688,0.5479443307532503,1.4915089129393202,-3.962567259995982,-3.434557513050347,-0.5299218603500725,-0.542783257773751,0.4061647558031358,3.583633584550882,-1.2855531915315936,2.174841645565911
51.0,130.0,132.63449096679688,0.5478794275128381,1.4915076700365577,-3.9626964198457695,-3.425667844574314,-0.5319093348805342,-0.5427832578724885,0.3954950648561162,3.583632877286047,-1.287425365421958,2.187722407741337
51.0,130.0,132.63449096679688,0.5478639887015218,1.4915073233667324,-3.962697913983248,-3.434433355144841,-0.5316156650281442,-0.542783257874277,0.3951834383186869,3.5840114240270604,-1.2873924461820083,2.1748392698901005
51.0,130.0,132.63449096679688,0.5478838193881604,1.4916432903170778,-3.9627017689909314,-3.433364401013456,-0.5318780090013744,-0.5427832580051262,0.3955962468310909,3.5836141227178184,-1.285442448522945,2.176734911193642
51.0,130.0,132.63449096679688,0.5479445165980213,1.4915358671871106,-3.9627018978629898,-3.43458928647094,-0.5284934810086279,-0.5427832575244437,0.3955962468310909,3.583606466606041,-1.2853940105912247,2.19910929935755
51.0,130.0,132.63449096679688,0.5479043890797272,1.4915127049508188,-3.96271316174888,-3.434498727021493,-0.5294638845808561,-0.5427832578705125,0.3701326336091446,3.5836336395795687,-1.2873903957378316,2.17518710798944
51.0,130.0,132.63449096679688,0.5479427964495454,1.4915100851427567,-3.9626347177334993,-3.425821383789524,-0.5294494055119336,-0.5427832578974818,0.3701326336091446,3.5836328967575364,-1.287425352698748,2.1748392698901005
51.0,130.0,132.63449096679688,0.5478794275128381,1.491504849395638,-3.9626964198457695,-3.425667844574314,-0.5319093348805342,-0.5427832578724885,0.3955521215916638,3.583632905336649,-1.287425365421958,2.187722407741337
51.0,131.0,132.63449096679688,0.5479443307532503,1.4915049366339104,-3.962633557834935,-3.434557513050347,-0.5294494055119336,-0.542783257773751,0.4061124439826367,3.583633584550882,-1.287362823881986,2.17590508380994
51.0,131.0,132.63449096679688,0.5480346334435425,1.4915358671871106,-3.96270189928064,-3.43458928647094,-0.5284934810086279,-0.5427832486342066,0.3955962468310909,3.584020426865266,-1.2853940105912247,2.19910929935755
51.0,131.0,132.63449096679688,0.5479443307532503,1.4915089129393202,-3.962633386298077,-3.434557513050347,-0.5299218603500725,-0.542783257773751,0.406168943274781,3.583633584550882,-1.287480815620589,2.17524651555813
51.0,131.0,132.63449096679688,0.5479443307532503,1.4915089129393202,-3.962570259392286,-3.434557513050347,-0.5299218603500725,-0.542783257773751,0.406168943274781,3.583633584550882,-1.2855531915315936,2.174841645565911
51.0,131.0,132.63449096679688,0.5479443307532503,1.4915049366339104,-3.962633557834935,-3.434557513050347,-0.5294494055119336,-0.542783257773751,0.4061124439826367,3.583633584550882,-1.287362823881986,2.17590508380994
51.0,131.0,132.63449096679688,0.5480346334435425,1.4915358671871106,-3.96270189928064,-3.43458928647094,-0.5284934810086279,-0.5427832486342066,0.3955962468310909,3.584020426865266,-1.2853940105912247,2.19910929935755
51.0,131.0,132.63449096679688,0.5479427964495454,1.4915100851427567,-3.962634388366512,-3.429984982496617,-0.5294494055119336,-0.5427832578974818,0.3701326336091446,3.5836336395795687,-1.2873924461820083,2.1748392698901005
51.0,131.0,132.63449096679688,0.5479443307532503,1.491649059294594,-3.9625711193724378,-3.4319721003301296,-0.5299218603500725,-0.542783257773751,0.4061391480894828,3.583631553332056,-1.287454885568915,2.174841645565911
51.0,131.0,132.63449096679688,0.5479450754820889,1.4915358671871106,-3.962701730588294,-3.43458928647094,-0.5284934810086279,-0.5427832575244437,0.3955962468310909,3.583606466606041,-1.2853940105912247,2.19910929935755
51.0,131.0,132.63449096679688,0.5479443307532503,1.4915049366339104,-3.962633557834935,-3.434557513050347,-0.5294494055119336,-0.542783257773751,0.4061124439826367,3.583633584550882,-1.287362823881986,2.17590508380994
51.0,131.0,132.63449096679688,0.5478794275128381,1.4915073233667324,-3.962634563205784,-3.425667844574314,-0.5316073164320063,-0.542783257874277,0.4079830073726454,3.5840114016237066,-1.2873924461820083,2.1748392698901005
51.0,131.0,132.63449096679688,0.5478794275128381,1.4915077276054696,-3.9626964198457695,-3.425667844574314,-0.5319093348805342,-0.5427832578724885,0.3954950648561162,3.583631056644436,-1.287425365421958,2.17703297347557
51.0,131.0,132.63449096679688,0.5479443307532503,1.4915089129393202,-3.962633386298077,-3.43061292192912,-0.5299218603500725,-0.5427832483572392,0.4062155360258249,3.5837297581783227,-1.287480815620589,2.17433400351874
51.0,131.0,132.63449096679688,0.5479043890797272,1.4915127049508188,-3.962483624971661,-3.429984982496617,-0.5294494055119336,-0.5427832578974818,0.3701326336091446,3.5836336395795687,-1.2873924461820083,2.1748392698901005
51.0,131.0,132.63449096679688,0.5480346334435425,1.4915358671871106,-3.96270189928064,-3.43458928647094,-0.5284934810086279,-0.5427832486342066,0.3955962468310909,3.584020426865266,-1.2853940105912247,2.19910929935755
51.0,131.0,132.63449096679688,0.5479450754820889,1.4915358671871106,-3.962701730588294,-3.43458928647094,-0.5284934810086279,-0.5427832575244437,0.3955962468310909,3.583606466606041,-1.2853940105912247,2.19910929935755
51.0,131.0,132.63449096679688,0.5479443307532503,1.4915089129393202,-3.962634823555003,-3.434557513050347,-0.5299218603500725,-0.542783257773751,0.4061438604334335,3.583638363681787,-1.287480815620589,2.17524651555813
51.0,131.0,132.63449096679688,0.5479427179272824,1.491516505548138,-3.962633063453896,-3.4319057602288323,-0.5299152232478644,-0.5427832579015284,0.4061391480894828,3.583631553332056,-1.2874515118743466,2.174841645565911
51.0,131.0,132.63449096679688,0.5480346334435425,1.4915358671871106,-3.96270189928064,-3.43458928647094,-0.5284934810086279,-0.5427832486342066,0.3955962468310909,3.584020426865266,-1.2853940105912247,2.19910929935755
51.0,131.0,132.63449096679688,0.5479443307532503,1.4915049366339104,-3.962633557834935,-3.434557513050347,-0.5294494055119336,-0.542783257773751,0.4061124439826367,3.583633584550882,-1.287362823881986,2.17590508380994
51.0,131.0,132.63449096679688,0.5480346334435425,1.4915358671871106,-3.96270189928064,-3.43458928647094,-0.5284934810086279,-0.5427832486341615,0.3955962468310909,3.584020426865266,-1.2853940105912247,2.19910929935755
51.0,131.0,132.63449096679688,0.5478794275128381,1.4915076700365577,-3.9626964198457695,-3.425667844574314,-0.5319093348805342,-0.5427832578724885,0.3954950648561162,3.583632877286047,-1.287425365421958,2.17703297347557
51.0,131.0,132.63449096679688,0.5479443307532503,1.4915049366339104,-3.962633557834935,-3.434557513050347,-0.5294494055119336,-0.542783257773751,0.4061124439826367,3.583633584550882,-1.287362823881986,2.176465109677832
51.0,131.0,132.63449096679688,0.5479450754820889,1.4915358671871106,-3.962703613678171,-3.43458928647094,-0.5284934810086279,-0.5427832576912359,0.3955962468310909,3.583606466606041,-1.2853940105912247,2.19910929935755
51.0,131.0,132.63449096679688,0.5480287078407784,1.49153693704238,-3.962633078016185,-3.434557513050347,-0.5299218603500725,-0.5427832487089763,0.4065301790917218,3.583638363681787,-1.287480815620589,2.17524651555813
51.0,131.0,132.63449096679688,0.5479443307532503,1.491508970508232,-3.962633386298077,-3.43061292192912,-0.5299218603500725,-0.5427832483572392,0.4062155360258249,3.583727937536712,-1.287480815620589,2.17433400351874
51.0,131.0,132.63449096679688,0.5479427179272824,1.491516505548138,-3.962633063453896,-3.4319057602288323,-0.5299152232478644,-0.5427832579015284,0.4061391480894828,3.583631553332056,-1.2874515118743466,2.174841645565911
51.0,131.0,132.63449096679688,0.5479492757942637,1.4915049366339104,-3.962635938705654,-3.434590151118167,-0.5284470075192604,-0.5427832575884135,0.4061124439826367,3.5836522024142505,-1.287362823881986,2.176465109677832
51.0,131.0,132.63449096679688,0.5478767663702792,1.491504888380763,-3.962634649641227,-3.434267066648049,-0.5294494055119336,-0.5427832578722989,0.4057089633595337,3.58362152783983,-1.2873928215836266,2.17590508380994
51.0,131.0,132.63449096679688,0.5479443307532503,1.491508016227045,-3.96263341896752,-3.4306258776168965,-0.5299218603500725,-0.5427832483608991,0.4062155360258249,3.5837066775123203,-1.287480815620589,2.17433400351874
51.0,131.0,132.63449096679688,0.5480346334435425,1.4915358671871106,-3.962701904330587,-3.43458928647094,-0.5284934810086279,-0.5427832483834628,0.3955962468310909,3.584020426865266,-1.2853940105912247,2.19910929935755
51.0,131.0,132.63449096679688,0.547937334783623,1.4915100851427567,-3.9627014968146543,-3.429984982496617,-0.5294568977045776,-0.5427832578974818,0.3699162894566278,3.5836336395795687,-1.2875321439894798,2.1750684624434897
51.0,131.0,132.63449096679688,0.5479528646980325,1.491516505548138,-3.962631667565327,-3.426347203262988,-0.5299152232478644,-0.5427832575034213,0.4061526462829934,3.583627555924569,-1.2874515118743466,2.174247113838662
51.0,131.0,132.63449096679688,0.5479443307532503,1.491649059294594,-3.9625711193724378,-3.4319721003301296,-0.5299218603500725,-0.542783257773751,0.4061391480894828,3.583631553332056,-1.287454885568915,2.174841645565911
51.0,131.0,132.63449096679688,0.5479443307532503,1.4915049366339104,-3.962636557231239,-3.434557513050347,-0.5294494055119336,-0.542783257773751,0.4061166314542819,3.583633584550882,-1.287362823881986,2.17590508380994
51.0,131.0,132.63449096679688,0.5478794275128381,1.4915077276054696,-3.9626964198457695,-3.425667844574314,-0.5319093348805342,-0.5427832578724885,0.3954950648561162,3.583631045299375,-1.287425365421958,2.17703297347557
51.0,131.0,132.63449096679688,0.5479029409119693,1.491649059294594,-3.97078966228464,-3.4319721003301296,-0.5299218603500725,-0.542783257773751,0.4061391480894828,3.583631553332056,-1.287454885568915,2.174841645565911
51.0,131.0,132.63449096679688,0.5480346334435425,1.4915358671871106,-3.96270189928064,-3.43458928647094,-0.5284934810086279,-0.5427832486342066,0.3955962468310909,3.584020426865266,-1.2853940105912247,2.19910929935755
51.0,131.0,132.63449096679688,0.5478794275128381,1.4915076700365577,-3.9626964198457695,-3.425667844574314,-0.5319093348805342,-0.5427832578724885,0.3954950648561162,3.583632877286047,-1.287425365421958,2.187722407741337
51.0,131.0,132.63449096679688,0.5479443307532503,1.4915049366339104,-3.962633557834935,-3.434557513050347,-0.5294494055119336,-0.542783257773751,0.4061124439826367,3.583633584550882,-1.287362823881986,2.1764628145926244
51.0,131.0,132.63449096679688,0.5480346334435425,1.4916432903170778,-3.96270189928064,-3.43331655060021,-0.5284934810086279,-0.542783248628836,0.3955962468310909,3.584020426865266,-1.285442448522945,2.199109367311996
51.0,131.0,132.63449096679688,0.5479443307532503,1.4915087974649832,-3.962633557834935,-3.434557513050347,-0.5294251826963321,-0.542783257773751,0.4062124139839728,3.583633584550882,-1.2873631797148324,2.17590508380994
51.0,131.0,132.63449096679688,0.5479443307532503,1.4915089129393202,-3.962567259995982,-3.434557513050347,-0.5299218603500725,-0.542783257773751,0.4061647558031358,3.583633584550882,-1.2855531915315936,2.174841645565911
51.0,131.0,132.63449096679688,0.5478794275128381,1.4915076700365577,-3.9626964198457695,-3.425667844574314,-0.5319093348805342,-0.5427832578724885,0.3954950648561162,3.583632877286047,-1.287425365421958,2.187722407741337
51.0,131.0,132.63449096679688,0.5478639887015218,1.4915073233667324,-3.962697913983248,-3.434433355144841,-0.5316156650281442,-0.542783257874277,0.3951834383186869,3.5840114240270604,-1.2873924461820083,2.1748392698901005
51.0,131.0,132.63449096679688,0.5478838193881604,1.4916432903170778,-3.9627017689909314,-3.433364401013456,-0.5318780090013744,-0.5427832580051262,0.3955962468310909,3.5836141227178184,-1.285442448522945,2.176734911193642
51.0,131.0,132.63449096679688,0.5479445165980213,1.4915358671871106,-3.9627018978629898,-3.43458928647094,-0.5284934810086279,-0.5427832575244437,0.3955962468310909,3.583606466606041,-1.2853940105912247,2.19910929935755
51.0,131.0,132.63449096679688,0.5479043890797272,1.4915127049508188,-3.96271316174888,-3.434498727021493,-0.5294638845808561,-0.5427832578705125,0.3701326336091446,3.5836336395795687,-1.2873903957378316,2.17518710798944
51.0,131.0,132.63449096679688,0.5479427964495454,1.4915100851427567,-3.9626347177334993,-3.425821383789524,-0.5294494055119336,-0.5427832578974818,0.3701326336091446,3.5836328967575364,-1.287425352698748,2.1748392698901005
51.0,131.0,132.63449096679688,0.5478794275128381,1.491504849395638,-3.9626964198457695,-3.425667844574314,-0.5319093348805342,-0.5427832578724885,0.3955521215916638,3.583632905336649,-1.287425365421958,2.187722407741337
51.0,132.0,132.63449096679688,0.5479443307532503,1.4915049366339104,-3.962633557834935,-3.434557513050347,-0.5294494055119336,-0.542783257773751,0.4061124439826367,3.583633584550882,-1.287362823881986,2.17590508380994
51.0,132.0,132.63449096679688,0.5480346334435425,1.4915358671871106,-3.96270189928064,-3.43458928647094,-0.5284934810086279,-0.5427832486342066,0.3955962468310909,3.584020426865266,-1.2853940105912247,2.19910929935755
51.0,132.0,132.63449096679688,0.5479443307532503,1.4915089129393202,-3.962633386298077,-3.434557513050347,-0.5299218603500725,-0.542783257773751,0.406168943274781,3.583633584550882,-1.287480815620589,2.17524651555813
51.0,132.0,132.63449096679688,0.5479443307532503,1.4915089129393202,-3.962570259392286,-3.434557513050347,-0.5299218603500725,-0.542783257773751,0.406168943274781,3.583633584550882,-1.2855531915315936,2.174841645565911
51.0,132.0,132.63449096679688,0.5479443307532503,1.4915049366339104,-3.962633557834935,-3.434557513050347,-0.5294494055119336,-0.542783257773751,0.4061124439826367,3.583633584550882,-1.287362823881986,2.17590508380994
51.0,132.0,132.63449096679688,0.5480346334435425,1.4915358671871106,-3.96270189928064,-3.43458928647094,-0.5284934810086279,-0.5427832486342066,0.3955962468310909,3.584020426865266,-1.2853940105912247,2.19910929935755
51.0,132.0,132.63449096679688,0.5479427964495454,1.4915100851427567,-3.962634388366512,-3.429984982496617,-0.5294494055119336,-0.5427832578974818,0.3701326336091446,3.5836336395795687,-1.2873924461820083,2.1748392698901005
51.0,132.0,132.63449096679688,0.5479443307532503,1.491649059294594,-3.9625711193724378,-3.4319721003301296,-0.5299218603500725,-0.542783257773751,0.4061391480894828,3.583631553332056,-1.287454885568915,2.174841645565911
51.0,132.0,132.63449096679688,0.5479450754820889,1.4915358671871106,-3.962701730588294,-3.43458928647094,-0.5284934810086279,-0.5427832575244437,0.3955962468310909,3.583606466606041,-1.2853940105912247,2.19910929935755
51.0,132.0,132.63449096679688,0.5479443307532503,1.4915049366339104,-3.962633557834935,-3.434557513050347,-0.5294494055119336,-0.542783257773751,0.4061124439826367,3.583633584550882,-1.287362823881986,2.17590508380994
51.0,132.0,132.63449096679688,0.5478794275128381,1.4915073233667324,-3.962634563205784,-3.425667844574314,-0.5316073164320063,-0.542783257874277,0.4079830073726454,3.5840114016237066,-1.2873924461820083,2.1748392698901005
51.0,132.0,132.63449096679688,0.5478794275128381,1.4915077276054696,-3.9626964198457695,-3.425667844574314,-0.5319093348805342,-0.5427832578724885,0.3954950648561162,3.583631056644436,-1.287425365421958,2.17703297347557
51.0,132.0,132.63449096679688,0.5479443307532503,1.4915089129393202,-3.962633386298077,-3.43061292192912,-0.5299218603500725,-0.5427832483572392,0.4062155360258249,3.5837297581783227,-1.287480815620589,2.17433400351874
51.0,132.0,132.63449096679688,0.5479043890797272,1.4915127049508188,-3.962483624971661,-3.429984982496617,-0.5294494055119336,-0.5427832578974818,0.3701326336091446,3.5836336395795687,-1.2873924461820083,2.1748392698901005
51.0,132.0,132.63449096679688,0.5480346334435425,1.4915358671871106,-3.96270189928064,-3.43458928647094,-0.5284934810086279,-0.5427832486342066,0.3955962468310909,3.584020426865266,-1.2853940105912247,2.19910929935755
51.0,132.0,132.63449096679688,0.5479450754820889,1.4915358671871106,-3.962701730588294,-3.43458928647094,-0.5284934810086279,-0.5427832575244437,0.3955962468310909,3.583606466606041,-1.2853940105912247,2.19910929935755
51.0,132.0,132.63449096679688,0.5479443307532503,1.4915089129393202,-3.962634823555003,-3.434557513050347,-0.5299218603500725,-0.542783257773751,0.4061438604334335,3.583638363681787,-1.287480815620589,2.17524651555813
51.0,132.0,132.63449096679688,0.5479427179272824,1.491516505548138,-3.962633063453896,-3.4319057602288323,-0.5299152232478644,-0.5427832579015284,0.4061391480894828,3.583631553332056,-1.2874515118743466,2.174841645565911
51.0,132.0,132.63449096679688,0.5480346334435425,1.4915358671871106,-3.96270189928064,-3.43458928647094,-0.5284934810086279,-0.5427832486342066,0.3955962468310909,3.584020426865266,-1.2853940105912247,2.19910929935755
51.0,132.0,132.63449096679688,0.5479443307532503,1.4915049366339104,-3.962633557834935,-3.434557513050347,-0.5294494055119336,-0.542783257773751,0.4061124439826367,3.583633584550882,-1.287362823881986,2.17590508380994
51.0,132.0,132.63449096679688,0.5480346334435425,1.4915358671871106,-3.96270189928064,-3.43458928647094,-0.5284934810086279,-0.5427832486341615,0.3955962468310909,3.584020426865266,-1.2853940105912247,2.19910929935755
51.0,132.0,132.63449096679688,0.5478794275128381,1.4915076700365577,-3.9626964198457695,-3.425667844574314,-0.5319093348805342,-0.5427832578724885,0.3954950648561162,3.583632877286047,-1.287425365421958,2.17703297347557
51.0,132.0,132.63449096679688,0.5479443307532503,1.4915049366339104,-3.962633557834935,-3.434557513050347,-0.5294494055119336,-0.542783257773751,0.4061124439826367,3.583633584550882,-1.287362823881986,2.176465109677832
51.0,132.0,132.63449096679688,0.5479450754820889,1.4915358671871106,-3.962703613678171,-3.43458928647094,-0.5284934810086279,-0.5427832576912359,0.3955962468310909,3.583606466606041,-1.2853940105912247,2.19910929935755
51.0,132.0,132.63449096679688,0.5480287078407784,1.49153693704238,-3.962633078016185,-3.434557513050347,-0.5299218603500725,-0.5427832487089763,0.4065301790917218,3.583638363681787,-1.287480815620589,2.17524651555813
51.0,132.0,132.63449096679688,0.5479443307532503,1.491508970508232,-3.962633386298077,-3.43061292192912,-0.5299218603500725,-0.5427832483572392,0.4062155360258249,3.583727937536712,-1.287480815620589,2.17433400351874
51.0,132.0,132.63449096679688,0.5479427179272824,1.491516505548138,-3.962633063453896,-3.4319057602288323,-0.5299152232478644,-0.5427832579015284,0.4061391480894828,3.583631553332056,-1.2874515118743466,2.174841645565911
51.0,132.0,132.63449096679688,0.5479492757942637,1.4915049366339104,-3.962635938705654,-3.434590151118167,-0.5284470075192604,-0.5427832575884135,0.4061124439826367,3.5836522024142505,-1.287362823881986,2.176465109677832
51.0,132.0,132.63449096679688,0.5478767663702792,1.491504888380763,-3.962634649641227,-3.434267066648049,-0.5294494055119336,-0.5427832578722989,0.4057089633595337,3.58362152783983,-1.2873928215836266,2.17590508380994
51.0,132.0,132.63449096679688,0.5479443307532503,1.491508016227045,-3.96263341896752,-3.4306258776168965,-0.5299218603500725,-0.5427832483608991,0.4062155360258249,3.5837066775123203,-1.287480815620589,2.17433400351874
51.0,132.0,132.63449096679688,0.5480346334435425,1.4915358671871106,-3.962701904330587,-3.43458928647094,-0.5284934810086279,-0.5427832483834628,0.3955962468310909,3.584020426865266,-1.2853940105912247,2.19910929935755
51.0,132.0,132.63449096679688,0.547937334783623,1.4915100851427567,-3.9627014968146543,-3.429984982496617,-0.5294568977045776,-0.5427832578974818,0.3699162894566278,3.5836336395795687,-1.2875321439894798,2.1750684624434897
51.0,132.0,132.63449096679688,0.5479528646980325,1.491516505548138,-3.962631667565327,-3.426347203262988,-0.5299152232478644,-0.5427832575034213,0.4061526462829934,3.583627555924569,-1.2874515118743466,2.174247113838662
51.0,132.0,132.63449096679688,0.5479443307532503,1.491649059294594,-3.9625711193724378,-3.4319721003301296,-0.5299218603500725,-0.542783257773751,0.4061391480894828,3.583631553332056,-1.287454885568915,2.174841645565911
51.0,132.0,132.63449096679688,0.5479443307532503,1.4915049366339104,-3.962636557231239,-3.434557513050347,-0.5294494055119336,-0.542783257773751,0.4061166314542819,3.583633584550882,-1.287362823881986,2.17590508380994
51.0,132.0,132.63449096679688,0.5478794275128381,1.4915077276054696,-3.9626964198457695,-3.425667844574314,-0.5319093348805342,-0.5427832578724885,0.3954950648561162,3.583631045299375,-1.287425365421958,2.17703297347557
51.0,132.0,132.63449096679688,0.5479029409119693,1.491649059294594,-3.97078966228464,-3.4319721003301296,-0.5299218603500725,-0.542783257773751,0.4061391480894828,3.583631553332056,-1.287454885568915,2.174841645565911
51.0,132.0,132.63449096679688,0.5480346334435425,1.4915358671871106,-3.96270189928064,-3.43458928647094,-0.5284934810086279,-0.5427832486342066,0.3955962468310909,3.584020426865266,-1.2853940105912247,2.19910929935755
51.0,132.0,132.63449096679688,0.5478794275128381,1.4915076700365577,-3.9626964198457695,-3.425667844574314,-0.5319093348805342,-0.5427832578724885,0.3954950648561162,3.583632877286047,-1.287425365421958,2.187722407741337
51.0,132.0,132.63449096679688,0.5479443307532503,1.4915049366339104,-3.962633557834935,-3.434557513050347,-0.5294494055119336,-0.542783257773751,0.4061124439826367,3.583633584550882,-1.287362823881986,2.1764628145926244
51.0,132.0,132.63449096679688,0.5480346334435425,1.4916432903170778,-3.96270189928064,-3.43331655060021,-0.5284934810086279,-0.542783248628836,0.3955962468310909,3.584020426865266,-1.285442448522945,2.199109367311996
51.0,132.0,132.63449096679688,0.5479443307532503,1.4915087974649832,-3.962633557834935,-3.434557513050347,-0.5294251826963321,-0.542783257773751,0.4062124139839728,3.583633584550882,-1.2873631797148324,2.17590508380994
51.0,132.0,132.63449096679688,0.5479443307532503,1.4915089129393202,-3.962567259995982,-3.434557513050347,-0.5299218603500725,-0.542783257773751,0.4061647558031358,3.583633584550882,-1.2855531915315936,2.174841645565911
51.0,132.0,132.63449096679688,0.5478794275128381,1.4915076700365577,-3.9626964198457695,-3.425667844574314,-0.5319093348805342,-0.5427832578724885,0.3954950648561162,3.583632877286047,-1.287425365421958,2.187722407741337
51.0,132.0,132.63449096679688,0.5478639887015218,1.4915073233667324,-3.962697913983248,-3.434433355144841,-0.5316156650281442,-0.542783257874277,0.3951834383186869,3.5840114240270604,-1.2873924461820083,2.1748392698901005
51.0,132.0,132.63449096679688,0.5478838193881604,1.4916432903170778,-3.9627017689909314,-3.433364401013456,-0.5318780090013744,-0.5427832580051262,0.3955962468310909,3.5836141227178184,-1.285442448522945,2.176734911193642
51.0,132.0,132.63449096679688,0.5479445165980213,1.4915358671871106,-3.9627018978629898,-3.43458928647094,-0.5284934810086279,-0.5427832575244437,0.3955962468310909,3.583606466606041,-1.2853940105912247,2.19910929935755
51.0,132.0,132.63449096679688,0.5479043890797272,1.4915127049508188,-3.96271316174888,-3.434498727021493,-0.5294638845808561,-0.5427832578705125,0.3701326336091446,3.5836336395795687,-1.2873903957378316,2.17518710798944
51.0,132.0,132.63449096679688,0.5479427964495454,1.4915100851427567,-3.9626347177334993,-3.425821383789524,-0.5294494055119336,-0.5427832578974818,0.3701326336091446,3.5836328967575364,-1.287425352698748,2.1748392698901005
51.0,132.0,132.63449096679688,0.5478794275128381,1.491504849395638,-3.9626964198457695,-3.425667844574314,-0.5319093348805342,-0.5427832578724885,0.3955521215916638,3.583632905336649,-1.287425365421958,2.187722407741337
51.0,133.0,132.63449096679688,0.5479443307532503,1.4915049366339104,-3.962633557834935,-3.434557513050347,-0.5294494055119336,-0.542783257773751,0.4061124439826367,3.583633584550882,-1.287362823881986,2.17590508380994
51.0,133.0,132.63449096679688,0.5480346334435425,1.4915358671871106,-3.96270189928064,-3.43458928647094,-0.5284934810086279,-0.5427832486342066,0.3955962468310909,3.584020426865266,-1.2853940105912247,2.19910929935755
51.0,133.0,132.63449096679688,0.5479443307532503,1.4915089129393202,-3.962633386298077,-3.434557513050347,-0.5299218603500725,-0.542783257773751,0.406168943274781,3.583633584550882,-1.287480815620589,2.17524651555813
51.0,133.0,132.63449096679688,0.5479443307532503,1.4915089129393202,-3.962570259392286,-3.434557513050347,-0.5299218603500725,-0.542783257773751,0.406168943274781,3.583633584550882,-1.2855531915315936,2.174841645565911
51.0,133.0,132.63449096679688,0.5479443307532503,1.4915049366339104,-3.962633557834935,-3.434557513050347,-0.5294494055119336,-0.542783257773751,0.4061124439826367,3.583633584550882,-1.287362823881986,2.17590508380994
51.0,133.0,132.63449096679688,0.5480346334435425,1.4915358671871106,-3.96270189928064,-3.43458928647094,-0.5284934810086279,-0.5427832486342066,0.3955962468310909,3.584020426865266,-1.2853940105912247,2.19910929935755
51.0,133.0,132.63449096679688,0.5479427964495454,1.4915100851427567,-3.962634388366512,-3.429984982496617,-0.5294494055119336,-0.5427832578974818,0.3701326336091446,3.5836336395795687,-1.2873924461820083,2.1748392698901005
51.0,133.0,132.63449096679688,0.5479443307532503,1.491649059294594,-3.9625711193724378,-3.4319721003301296,-0.5299218603500725,-0.542783257773751,0.4061391480894828,3.583631553332056,-1.287454885568915,2.174841645565911
51.0,133.0,132.63449096679688,0.5479450754820889,1.4915358671871106,-3.962701730588294,-3.43458928647094,-0.5284934810086279,-0.5427832575244437,0.3955962468310909,3.583606466606041,-1.2853940105912247,2.19910929935755
51.0,133.0,132.63449096679688,0.5479443307532503,1.4915049366339104,-3.962633557834935,-3.434557513050347,-0.5294494055119336,-0.542783257773751,0.4061124439826367,3.583633584550882,-1.287362823881986,2.17590508380994
51.0,133.0,132.63449096679688,0.5478794275128381,1.4915073233667324,-3.962634563205784,-3.425667844574314,-0.5316073164320063,-0.542783257874277,0.4079830073726454,3.5840114016237066,-1.2873924461820083,2.1748392698901005
51.0,133.0,132.63449096679688,0.5478794275128381,1.4915077276054696,-3.9626964198457695,-3.425667844574314,-0.5319093348805342,-0.5427832578724885,0.3954950648561162,3.583631056644436,-1.287425365421958,2.17703297347557
51.0,133.0,132.63449096679688,0.5479443307532503,1.4915089129393202,-3.962633386298077,-3.43061292192912,-0.5299218603500725,-0.5427832483572392,0.4062155360258249,3.5837297581783227,-1.287480815620589,2.17433400351874
51.0,133.0,132.63449096679688,0.5479043890797272,1.4915127049508188,-3.962483624971661,-3.429984982496617,-0.5294494055119336,-0.5427832578974818,0.3701326336091446,3.5836336395795687,-1.2873924461820083,2.1748392698901005
51.0,133.0,132.63449096679688,0.5480346334435425,1.4915358671871106,-3.96270189928064,-3.43458928647094,-0.5284934810086279,-0.5427832486342066,0.3955962468310909,3.584020426865266,-1.2853940105912247,2.19910929935755
51.0,133.0,132.63449096679688,0.5479450754820889,1.4915358671871106,-3.962701730588294,-3.43458928647094,-0.5284934810086279,-0.5427832575244437,0.3955962468310909,3.583606466606041,-1.2853940105912247,2.19910929935755
51.0,133.0,132.63449096679688,0.5479443307532503,1.4915089129393202,-3.962634823555003,-3.434557513050347,-0.5299218603500725,-0.542783257773751,0.4061438604334335,3.583638363681787,-1.287480815620589,2.17524651555813
51.0,133.0,132.63449096679688,0.5479427179272824,1.491516505548138,-3.962633063453896,-3.4319057602288323,-0.5299152232478644,-0.5427832579015284,0.4061391480894828,3.583631553332056,-1.2874515118743466,2.174841645565911
51.0,133.0,132.63449096679688,0.5480346334435425,1.4915358671871106,-3.96270189928064,-3.43458928647094,-0.5284934810086279,-0.5427832486342066,0.3955962468310909,3.584020426865266,-1.2853940105912247,2.19910929935755
51.0,133.0,132.63449096679688,0.5479443307532503,1.4915049366339104,-3.962633557834935,-3.434557513050347,-0.5294494055119336,-0.542783257773751,0.4061124439826367,3.583633584550882,-1.287362823881986,2.17590508380994
51.0,133.0,132.63449096679688,0.5480346334435425,1.4915358671871106,-3.96270189928064,-3.43458928647094,-0.5284934810086279,-0.5427832486341615,0.3955962468310909,3.584020426865266,-1.2853940105912247,2.19910929935755
51.0,133.0,132.63449096679688,0.5478794275128381,1.4915076700365577,-3.9626964198457695,-3.425667844574314,-0.5319093348805342,-0.5427832578724885,0.3954950648561162,3.583632877286047,-1.287425365421958,2.17703297347557
51.0,133.0,132.63449096679688,0.5479443307532503,1.4915049366339104,-3.962633557834935,-3.434557513050347,-0.5294494055119336,-0.542783257773751,0.4061124439826367,3.583633584550882,-1.287362823881986,2.176465109677832
51.0,133.0,132.63449096679688,0.5479450754820889,1.4915358671871106,-3.962703613678171,-3.43458928647094,-0.5284934810086279,-0.5427832576912359,0.3955962468310909,3.583606466606041,-1.2853940105912247,2.19910929935755
51.0,133.0,132.63449096679688,0.5480287078407784,1.49153693704238,-3.962633078016185,-3.434557513050347,-0.5299218603500725,-0.5427832487089763,0.4065301790917218,3.583638363681787,-1.287480815620589,2.17524651555813
51.0,133.0,132.63449096679688,0.5479443307532503,1.491508970508232,-3.962633386298077,-3.43061292192912,-0.5299218603500725,-0.5427832483572392,0.4062155360258249,3.583727937536712,-1.287480815620589,2.17433400351874
51.0,133.0,132.63449096679688,0.5479427179272824,1.491516505548138,-3.962633063453896,-3.4319057602288323,-0.5299152232478644,-0.5427832579015284,0.4061391480894828,3.583631553332056,-1.2874515118743466,2.174841645565911
51.0,133.0,132.63449096679688,0.5479492757942637,1.4915049366339104,-3.962635938705654,-3.434590151118167,-0.5284470075192604,-0.5427832575884135,0.4061124439826367,3.5836522024142505,-1.287362823881986,2.176465109677832
51.0,133.0,132.63449096679688,0.5478767663702792,1.491504888380763,-3.962634649641227,-3.434267066648049,-0.5294494055119336,-0.5427832578722989,0.4057089633595337,3.58362152783983,-1.2873928215836266,2.17590508380994
51.0,133.0,132.63449096679688,0.5479443307532503,1.491508016227045,-3.96263341896752,-3.4306258776168965,-0.5299218603500725,-0.5427832483608991,0.4062155360258249,3.5837066775123203,-1.287480815620589,2.17433400351874
51.0,133.0,132.63449096679688,0.5480346334435425,1.4915358671871106,-3.962701904330587,-3.43458928647094,-0.5284934810086279,-0.5427832483834628,0.3955962468310909,3.584020426865266,-1.2853940105912247,2.19910929935755
51.0,133.0,132.63449096679688,0.547937334783623,1.4915100851427567,-3.9627014968146543,-3.429984982496617,-0.5294568977045776,-0.5427832578974818,0.3699162894566278,3.5836336395795687,-1.2875321439894798,2.1750684624434897
51.0,133.0,132.63449096679688,0.5479528646980325,1.491516505548138,-3.962631667565327,-3.426347203262988,-0.5299152232478644,-0.5427832575034213,0.4061526462829934,3.583627555924569,-1.2874515118743466,2.174247113838662
51.0,133.0,132.63449096679688,0.5479443307532503,1.491649059294594,-3.9625711193724378,-3.4319721003301296,-0.5299218603500725,-0.542783257773751,0.4061391480894828,3.583631553332056,-1.287454885568915,2.174841645565911
51.0,133.0,132.63449096679688,0.5479443307532503,1.4915049366339104,-3.962636557231239,-3.434557513050347,-0.5294494055119336,-0.542783257773751,0.4061166314542819,3.583633584550882,-1.287362823881986,2.17590508380994
51.0,133.0,132.63449096679688,0.5478794275128381,1.4915077276054696,-3.9626964198457695,-3.425667844574314,-0.5319093348805342,-0.5427832578724885,0.3954950648561162,3.583631045299375,-1.287425365421958,2.17703297347557
51.0,133.0,132.63449096679688,0.5479029409119693,1.491649059294594,-3.97078966228464,-3.4319721003301296,-0.5299218603500725,-0.542783257773751,0.4061391480894828,3.583631553332056,-1.287454885568915,2.174841645565911
51.0,133.0,132.63449096679688,0.5480346334435425,1.4915358671871106,-3.96270189928064,-3.43458928647094,-0.5284934810086279,-0.5427832486342066,0.3955962468310909,3.584020426865266,-1.2853940105912247,2.19910929935755
51.0,133.0,132.63449096679688,0.5478794275128381,1.4915076700365577,-3.9626964198457695,-3.425667844574314,-0.5319093348805342,-0.5427832578724885,0.3954950648561162,3.583632877286047,-1.287425365421958,2.187722407741337
51.0,133.0,132.63449096679688,0.5479443307532503,1.4915049366339104,-3.962633557834935,-3.434557513050347,-0.5294494055119336,-0.542783257773751,0.4061124439826367,3.583633584550882,-1.287362823881986,2.1764628145926244
51.0,133.0,132.63449096679688,0.5480346334435425,1.4916432903170778,-3.96270189928064,-3.43331655060021,-0.5284934810086279,-0.542783248628836,0.3955962468310909,3.584020426865266,-1.285442448522945,2.199109367311996
51.0,133.0,132.63449096679688,0.5479443307532503,1.4915087974649832,-3.962633557834935,-3.434557513050347,-0.5294251826963321,-0.542783257773751,0.4062124139839728,3.583633584550882,-1.2873631797148324,2.17590508380994
51.0,133.0,132.63449096679688,0.5479443307532503,1.4915089129393202,-3.962567259995982,-3.434557513050347,-0.5299218603500725,-0.542783257773751,0.4061647558031358,3.583633584550882,-1.2855531915315936,2.174841645565911
51.0,133.0,132.63449096679688,0.5478794275128381,1.4915076700365577,-3.9626964198457695,-3.425667844574314,-0.5319093348805342,-0.5427832578724885,0.3954950648561162,3.583632877286047,-1.287425365421958,2.187722407741337
51.0,133.0,132.63449096679688,0.5478639887015218,1.4915073233667324,-3.962697913983248,-3.434433355144841,-0.5316156650281442,-0.542783257874277,0.3951834383186869,3.5840114240270604,-1.2873924461820083,2.1748392698901005
51.0,133.0,132.63449096679688,0.5478838193881604,1.4916432903170778,-3.9627017689909314,-3.433364401013456,-0.5318780090013744,-0.5427832580051262,0.3955962468310909,3.5836141227178184,-1.285442448522945,2.176734911193642
51.0,133.0,132.63449096679688,0.5479445165980213,1.4915358671871106,-3.9627018978629898,-3.43458928647094,-0.5284934810086279,-0.5427832575244437,0.3955962468310909,3.583606466606041,-1.2853940105912247,2.19910929935755
51.0,133.0,132.63449096679688,0.5479043890797272,1.4915127049508188,-3.96271316174888,-3.434498727021493,-0.5294638845808561,-0.5427832578705125,0.3701326336091446,3.5836336395795687,-1.2873903957378316,2.17518710798944
51.0,133.0,132.63449096679688,0.5479427964495454,1.4915100851427567,-3.9626347177334993,-3.425821383789524,-0.5294494055119336,-0.5427832578974818,0.3701326336091446,3.5836328967575364,-1.287425352698748,2.1748392698901005
51.0,133.0,132.63449096679688,0.5478794275128381,1.491504849395638,-3.9626964198457695,-3.425667844574314,-0.5319093348805342,-0.5427832578724885,0.3955521215916638,3.583632905336649,-1.287425365421958,2.187722407741337
51.0,134.0,132.63449096679688,0.5479443307532503,1.4915049366339104,-3.962633557834935,-3.434557513050347,-0.5294494055119336,-0.542783257773751,0.4061124439826367,3.583633584550882,-1.287362823881986,2.17590508380994
51.0,134.0,132.63449096679688,0.5480346334435425,1.4915358671871106,-3.96270189928064,-3.43458928647094,-0.5284934810086279,-0.5427832486342066,0.3955962468310909,3.584020426865266,-1.2853940105912247,2.19910929935755
51.0,134.0,132.63449096679688,0.5479443307532503,1.4915089129393202,-3.962633386298077,-3.434557513050347,-0.5299218603500725,-0.542783257773751,0.406168943274781,3.583633584550882,-1.287480815620589,2.17524651555813
51.0,134.0,132.63449096679688,0.5479443307532503,1.4915089129393202,-3.962570259392286,-3.434557513050347,-0.5299218603500725,-0.542783257773751,0.406168943274781,3.583633584550882,-1.2855531915315936,2.174841645565911
51.0,134.0,132.63449096679688,0.5479443307532503,1.4915049366339104,-3.962633557834935,-3.434557513050347,-0.5294494055119336,-0.542783257773751,0.4061124439826367,3.583633584550882,-1.287362823881986,2.17590508380994
51.0,134.0,132.63449096679688,0.5480346334435425,1.4915358671871106,-3.96270189928064,-3.43458928647094,-0.5284934810086279,-0.5427832486342066,0.3955962468310909,3.584020426865266,-1.2853940105912247,2.19910929935755
51.0,134.0,132.63449096679688,0.5479427964495454,1.4915100851427567,-3.962634388366512,-3.429984982496617,-0.5294494055119336,-0.5427832578974818,0.3701326336091446,3.5836336395795687,-1.2873924461820083,2.1748392698901005
51.0,134.0,132.63449096679688,0.5479443307532503,1.491649059294594,-3.9625711193724378,-3.4319721003301296,-0.5299218603500725,-0.542783257773751,0.4061391480894828,3.583631553332056,-1.287454885568915,2.174841645565911
51.0,134.0,132.63449096679688,0.5479450754820889,1.4915358671871106,-3.962701730588294,-3.43458928647094,-0.5284934810086279,-0.5427832575244437,0.3955962468310909,3.583606466606041,-1.2853940105912247,2.19910929935755
51.0,134.0,132.63449096679688,0.5479443307532503,1.4915049366339104,-3.962633557834935,-3.434557513050347,-0.5294494055119336,-0.542783257773751,0.4061124439826367,3.583633584550882,-1.287362823881986,2.17590508380994
51.0,134.0,132.63449096679688,0.5478794275128381,1.4915073233667324,-3.962634563205784,-3.425667844574314,-0.5316073164320063,-0.542783257874277,0.4079830073726454,3.5840114016237066,-1.2873924461820083,2.1748392698901005
51.0,134.0,132.63449096679688,0.5478794275128381,1.4915077276054696,-3.9626964198457695,-3.425667844574314,-0.5319093348805342,-0.5427832578724885,0.3954950648561162,3.583631056644436,-1.287425365421958,2.17703297347557
51.0,134.0,132.63449096679688,0.5479443307532503,1.4915089129393202,-3.962633386298077,-3.43061292192912,-0.5299218603500725,-0.5427832483572392,0.4062155360258249,3.5837297581783227,-1.287480815620589,2.17433400351874
51.0,134.0,132.63449096679688,0.5479043890797272,1.4915127049508188,-3.962483624971661,-3.429984982496617,-0.5294494055119336,-0.5427832578974818,0.3701326336091446,3.5836336395795687,-1.2873924461820083,2.1748392698901005
51.0,134.0,132.63449096679688,0.5480346334435425,1.4915358671871106,-3.96270189928064,-3.43458928647094,-0.5284934810086279,-0.5427832486342066,0.3955962468310909,3.584020426865266,-1.2853940105912247,2.19910929935755
51.0,134.0,132.63449096679688,0.5479450754820889,1.4915358671871106,-3.962701730588294,-3.43458928647094,-0.5284934810086279,-0.5427832575244437,0.3955962468310909,3.583606466606041,-1.2853940105912247,2.19910929935755
51.0,134.0,132.63449096679688,0.5479443307532503,1.4915089129393202,-3.962634823555003,-3.434557513050347,-0.5299218603500725,-0.542783257773751,0.4061438604334335,3.583638363681787,-1.287480815620589,2.17524651555813
51.0,134.0,132.63449096679688,0.5479427179272824,1.491516505548138,-3.962633063453896,-3.4319057602288323,-0.5299152232478644,-0.5427832579015284,0.4061391480894828,3.583631553332056,-1.2874515118743466,2.174841645565911
51.0,134.0,132.63449096679688,0.5480346334435425,1.4915358671871106,-3.96270189928064,-3.43458928647094,-0.5284934810086279,-0.5427832486342066,0.3955962468310909,3.584020426865266,-1.2853940105912247,2.19910929935755
51.0,134.0,132.63449096679688,0.5479443307532503,1.4915049366339104,-3.962633557834935,-3.434557513050347,-0.5294494055119336,-0.542783257773751,0.4061124439826367,3.583633584550882,-1.287362823881986,2.17590508380994
51.0,134.0,132.63449096679688,0.5480346334435425,1.4915358671871106,-3.96270189928064,-3.43458928647094,-0.5284934810086279,-0.5427832486341615,0.3955962468310909,3.584020426865266,-1.2853940105912247,2.19910929935755
51.0,134.0,132.63449096679688,0.5478794275128381,1.4915076700365577,-3.9626964198457695,-3.425667844574314,-0.5319093348805342,-0.5427832578724885,0.3954950648561162,3.583632877286047,-1.287425365421958,2.17703297347557
51.0,134.0,132.63449096679688,0.5479443307532503,1.4915049366339104,-3.962633557834935,-3.434557513050347,-0.5294494055119336,-0.542783257773751,0.4061124439826367,3.583633584550882,-1.287362823881986,2.176465109677832
51.0,134.0,132.63449096679688,0.5479450754820889,1.4915358671871106,-3.962703613678171,-3.43458928647094,-0.5284934810086279,-0.5427832576912359,0.3955962468310909,3.583606466606041,-1.2853940105912247,2.19910929935755
51.0,134.0,132.63449096679688,0.5480287078407784,1.49153693704238,-3.962633078016185,-3.434557513050347,-0.5299218603500725,-0.5427832487089763,0.4065301790917218,3.583638363681787,-1.287480815620589,2.17524651555813
51.0,134.0,132.63449096679688,0.5479443307532503,1.491508970508232,-3.962633386298077,-3.43061292192912,-0.5299218603500725,-0.5427832483572392,0.4062155360258249,3.583727937536712,-1.287480815620589,2.17433400351874
51.0,134.0,132.63449096679688,0.5479427179272824,1.491516505548138,-3.962633063453896,-3.4319057602288323,-0.5299152232478644,-0.5427832579015284,0.4061391480894828,3.583631553332056,-1.2874515118743466,2.174841645565911
51.0,134.0,132.63449096679688,0.5479492757942637,1.4915049366339104,-3.962635938705654,-3.434590151118167,-0.5284470075192604,-0.5427832575884135,0.4061124439826367,3.5836522024142505,-1.287362823881986,2.176465109677832
51.0,134.0,132.63449096679688,0.5478767663702792,1.491504888380763,-3.962634649641227,-3.434267066648049,-0.5294494055119336,-0.5427832578722989,0.4057089633595337,3.58362152783983,-1.2873928215836266,2.17590508380994
51.0,134.0,132.63449096679688,0.5479443307532503,1.491508016227045,-3.96263341896752,-3.4306258776168965,-0.5299218603500725,-0.5427832483608991,0.4062155360258249,3.5837066775123203,-1.287480815620589,2.17433400351874
51.0,134.0,132.63449096679688,0.5480346334435425,1.4915358671871106,-3.962701904330587,-3.43458928647094,-0.5284934810086279,-0.5427832483834628,0.3955962468310909,3.584020426865266,-1.2853940105912247,2.19910929935755
51.0,134.0,132.63449096679688,0.547937334783623,1.4915100851427567,-3.9627014968146543,-3.429984982496617,-0.5294568977045776,-0.5427832578974818,0.3699162894566278,3.5836336395795687,-1.2875321439894798,2.1750684624434897
51.0,134.0,132.63449096679688,0.5479528646980325,1.491516505548138,-3.962631667565327,-3.426347203262988,-0.5299152232478644,-0.5427832575034213,0.4061526462829934,3.583627555924569,-1.2874515118743466,2.174247113838662
51.0,134.0,132.63449096679688,0.5479443307532503,1.491649059294594,-3.9625711193724378,-3.4319721003301296,-0.5299218603500725,-0.542783257773751,0.4061391480894828,3.583631553332056,-1.287454885568915,2.174841645565911
51.0,134.0,132.63449096679688,0.5479443307532503,1.4915049366339104,-3.962636557231239,-3.434557513050347,-0.5294494055119336,-0.542783257773751,0.4061166314542819,3.583633584550882,-1.287362823881986,2.17590508380994
51.0,134.0,132.63449096679688,0.5478794275128381,1.4915077276054696,-3.9626964198457695,-3.425667844574314,-0.5319093348805342,-0.5427832578724885,0.3954950648561162,3.583631045299375,-1.287425365421958,2.17703297347557
51.0,134.0,132.63449096679688,0.5479029409119693,1.491649059294594,-3.97078966228464,-3.4319721003301296,-0.5299218603500725,-0.542783257773751,0.4061391480894828,3.583631553332056,-1.287454885568915,2.174841645565911
51.0,134.0,132.63449096679688,0.5480346334435425,1.4915358671871106,-3.96270189928064,-3.43458928647094,-0.5284934810086279,-0.5427832486342066,0.3955962468310909,3.584020426865266,-1.2853940105912247,2.19910929935755
51.0,134.0,132.63449096679688,0.5478794275128381,1.4915076700365577,-3.9626964198457695,-3.425667844574314,-0.5319093348805342,-0.5427832578724885,0.3954950648561162,3.583632877286047,-1.287425365421958,2.187722407741337
51.0,134.0,132.63449096679688,0.5479443307532503,1.4915049366339104,-3.962633557834935,-3.434557513050347,-0.5294494055119336,-0.542783257773751,0.4061124439826367,3.583633584550882,-1.287362823881986,2.1764628145926244
51.0,134.0,132.63449096679688,0.5480346334435425,1.4916432903170778,-3.96270189928064,-3.43331655060021,-0.5284934810086279,-0.542783248628836,0.3955962468310909,3.584020426865266,-1.285442448522945,2.199109367311996
51.0,134.0,132.63449096679688,0.5479443307532503,1.4915087974649832,-3.962633557834935,-3.434557513050347,-0.5294251826963321,-0.542783257773751,0.4062124139839728,3.583633584550882,-1.2873631797148324,2.17590508380994
51.0,134.0,132.63449096679688,0.5479443307532503,1.4915089129393202,-3.962567259995982,-3.434557513050347,-0.5299218603500725,-0.542783257773751,0.4061647558031358,3.583633584550882,-1.2855531915315936,2.174841645565911
51.0,134.0,132.63449096679688,0.5478794275128381,1.4915076700365577,-3.9626964198457695,-3.425667844574314,-0.5319093348805342,-0.5427832578724885,0.3954950648561162,3.583632877286047,-1.287425365421958,2.187722407741337
51.0,134.0,132.63449096679688,0.5478639887015218,1.4915073233667324,-3.962697913983248,-3.434433355144841,-0.5316156650281442,-0.542783257874277,0.3951834383186869,3.5840114240270604,-1.2873924461820083,2.1748392698901005
51.0,134.0,132.63449096679688,0.5478838193881604,1.4916432903170778,-3.9627017689909314,-3.433364401013456,-0.5318780090013744,-0.5427832580051262,0.3955962468310909,3.5836141227178184,-1.285442448522945,2.176734911193642
51.0,134.0,132.63449096679688,0.5479445165980213,1.4915358671871106,-3.9627018978629898,-3.43458928647094,-0.5284934810086279,-0.5427832575244437,0.3955962468310909,3.583606466606041,-1.2853940105912247,2.19910929935755
51.0,134.0,132.63449096679688,0.5479043890797272,1.4915127049508188,-3.96271316174888,-3.434498727021493,-0.5294638845808561,-0.5427832578705125,0.3701326336091446,3.5836336395795687,-1.2873903957378316,2.17518710798944
51.0,134.0,132.63449096679688,0.5479427964495454,1.4915100851427567,-3.9626347177334993,-3.425821383789524,-0.5294494055119336,-0.5427832578974818,0.3701326336091446,3.5836328967575364,-1.287425352698748,2.1748392698901005
51.0,134.0,132.63449096679688,0.5478794275128381,1.491504849395638,-3.9626964198457695,-3.425667844574314,-0.5319093348805342,-0.5427832578724885,0.3955521215916638,3.583632905336649,-1.287425365421958,2.187722407741337
51.0,135.0,132.63449096679688,0.5479443307532503,1.4915049366339104,-3.962633557834935,-3.434557513050347,-0.5294494055119336,-0.542783257773751,0.4061124439826367,3.583633584550882,-1.287362823881986,2.17590508380994
51.0,135.0,132.63449096679688,0.5480346334435425,1.4915358671871106,-3.96270189928064,-3.43458928647094,-0.5284934810086279,-0.5427832486342066,0.3955962468310909,3.584020426865266,-1.2853940105912247,2.19910929935755
51.0,135.0,132.63449096679688,0.5479443307532503,1.4915089129393202,-3.962633386298077,-3.434557513050347,-0.5299218603500725,-0.542783257773751,0.406168943274781,3.583633584550882,-1.287480815620589,2.17524651555813
51.0,135.0,132.63449096679688,0.5479443307532503,1.4915089129393202,-3.962570259392286,-3.434557513050347,-0.5299218603500725,-0.542783257773751,0.406168943274781,3.583633584550882,-1.2855531915315936,2.174841645565911
51.0,135.0,132.63449096679688,0.5479443307532503,1.4915049366339104,-3.962633557834935,-3.434557513050347,-0.5294494055119336,-0.542783257773751,0.4061124439826367,3.583633584550882,-1.287362823881986,2.17590508380994
51.0,135.0,132.63449096679688,0.5480346334435425,1.4915358671871106,-3.96270189928064,-3.43458928647094,-0.5284934810086279,-0.5427832486342066,0.3955962468310909,3.584020426865266,-1.2853940105912247,2.19910929935755
51.0,135.0,132.63449096679688,0.5479427964495454,1.4915100851427567,-3.962634388366512,-3.429984982496617,-0.5294494055119336,-0.5427832578974818,0.3701326336091446,3.5836336395795687,-1.2873924461820083,2.1748392698901005
51.0,135.0,132.63449096679688,0.5479443307532503,1.491649059294594,-3.9625711193724378,-3.4319721003301296,-0.5299218603500725,-0.542783257773751,0.4061391480894828,3.583631553332056,-1.287454885568915,2.174841645565911
51.0,135.0,132.63449096679688,0.5479450754820889,1.4915358671871106,-3.962701730588294,-3.43458928647094,-0.5284934810086279,-0.5427832575244437,0.3955962468310909,3.583606466606041,-1.2853940105912247,2.19910929935755
51.0,135.0,132.63449096679688,0.5479443307532503,1.4915049366339104,-3.962633557834935,-3.434557513050347,-0.5294494055119336,-0.542783257773751,0.4061124439826367,3.583633584550882,-1.287362823881986,2.17590508380994
51.0,135.0,132.63449096679688,0.5478794275128381,1.4915073233667324,-3.962634563205784,-3.425667844574314,-0.5316073164320063,-0.542783257874277,0.4079830073726454,3.5840114016237066,-1.2873924461820083,2.1748392698901005
51.0,135.0,132.63449096679688,0.5478794275128381,1.4915077276054696,-3.9626964198457695,-3.425667844574314,-0.5319093348805342,-0.5427832578724885,0.3954950648561162,3.583631056644436,-1.287425365421958,2.17703297347557
51.0,135.0,132.63449096679688,0.5479443307532503,1.4915089129393202,-3.962633386298077,-3.43061292192912,-0.5299218603500725,-0.5427832483572392,0.4062155360258249,3.5837297581783227,-1.287480815620589,2.17433400351874
51.0,135.0,132.63449096679688,0.5479043890797272,1.4915127049508188,-3.962483624971661,-3.429984982496617,-0.5294494055119336,-0.5427832578974818,0.3701326336091446,3.5836336395795687,-1.2873924461820083,2.1748392698901005
51.0,135.0,132.63449096679688,0.5480346334435425,1.4915358671871106,-3.96270189928064,-3.43458928647094,-0.5284934810086279,-0.5427832486342066,0.3955962468310909,3.584020426865266,-1.2853940105912247,2.19910929935755
51.0,135.0,132.63449096679688,0.5479450754820889,1.4915358671871106,-3.962701730588294,-3.43458928647094,-0.5284934810086279,-0.5427832575244437,0.3955962468310909,3.583606466606041,-1.2853940105912247,2.19910929935755
51.0,135.0,132.63449096679688,0.5479443307532503,1.4915089129393202,-3.962634823555003,-3.434557513050347,-0.5299218603500725,-0.542783257773751,0.4061438604334335,3.583638363681787,-1.287480815620589,2.17524651555813
51.0,135.0,132.63449096679688,0.5479427179272824,1.491516505548138,-3.962633063453896,-3.4319057602288323,-0.5299152232478644,-0.5427832579015284,0.4061391480894828,3.583631553332056,-1.2874515118743466,2.174841645565911
51.0,135.0,132.63449096679688,0.5480346334435425,1.4915358671871106,-3.96270189928064,-3.43458928647094,-0.5284934810086279,-0.5427832486342066,0.3955962468310909,3.584020426865266,-1.2853940105912247,2.19910929935755
51.0,135.0,132.63449096679688,0.5479443307532503,1.4915049366339104,-3.962633557834935,-3.434557513050347,-0.5294494055119336,-0.542783257773751,0.4061124439826367,3.583633584550882,-1.287362823881986,2.17590508380994
51.0,135.0,132.63449096679688,0.5480346334435425,1.4915358671871106,-3.96270189928064,-3.43458928647094,-0.5284934810086279,-0.5427832486341615,0.3955962468310909,3.584020426865266,-1.2853940105912247,2.19910929935755
51.0,135.0,132.63449096679688,0.5478794275128381,1.4915076700365577,-3.9626964198457695,-3.425667844574314,-0.5319093348805342,-0.5427832578724885,0.3954950648561162,3.583632877286047,-1.287425365421958,2.17703297347557
51.0,135.0,132.63449096679688,0.5479443307532503,1.4915049366339104,-3.962633557834935,-3.434557513050347,-0.5294494055119336,-0.542783257773751,0.4061124439826367,3.583633584550882,-1.287362823881986,2.176465109677832
51.0,135.0,132.63449096679688,0.5479450754820889,1.4915358671871106,-3.962703613678171,-3.43458928647094,-0.5284934810086279,-0.5427832576912359,0.3955962468310909,3.583606466606041,-1.2853940105912247,2.19910929935755
51.0,135.0,132.63449096679688,0.5480287078407784,1.49153693704238,-3.962633078016185,-3.434557513050347,-0.5299218603500725,-0.5427832487089763,0.4065301790917218,3.583638363681787,-1.287480815620589,2.17524651555813
51.0,135.0,132.63449096679688,0.5479443307532503,1.491508970508232,-3.962633386298077,-3.43061292192912,-0.5299218603500725,-0.5427832483572392,0.4062155360258249,3.583727937536712,-1.287480815620589,2.17433400351874
51.0,135.0,132.63449096679688,0.5479427179272824,1.491516505548138,-3.962633063453896,-3.4319057602288323,-0.5299152232478644,-0.5427832579015284,0.4061391480894828,3.583631553332056,-1.2874515118743466,2.174841645565911
51.0,135.0,132.63449096679688,0.5479492757942637,1.4915049366339104,-3.962635938705654,-3.434590151118167,-0.5284470075192604,-0.5427832575884135,0.4061124439826367,3.5836522024142505,-1.287362823881986,2.176465109677832
51.0,135.0,132.63449096679688,0.5478767663702792,1.491504888380763,-3.962634649641227,-3.434267066648049,-0.5294494055119336,-0.5427832578722989,0.4057089633595337,3.58362152783983,-1.2873928215836266,2.17590508380994
51.0,135.0,132.63449096679688,0.5479443307532503,1.491508016227045,-3.96263341896752,-3.4306258776168965,-0.5299218603500725,-0.5427832483608991,0.4062155360258249,3.5837066775123203,-1.287480815620589,2.17433400351874
51.0,135.0,132.63449096679688,0.5480346334435425,1.4915358671871106,-3.962701904330587,-3.43458928647094,-0.5284934810086279,-0.5427832483834628,0.3955962468310909,3.584020426865266,-1.2853940105912247,2.19910929935755
51.0,135.0,132.63449096679688,0.547937334783623,1.4915100851427567,-3.9627014968146543,-3.429984982496617,-0.5294568977045776,-0.5427832578974818,0.3699162894566278,3.5836336395795687,-1.2875321439894798,2.1750684624434897
51.0,135.0,132.63449096679688,0.5479528646980325,1.491516505548138,-3.962631667565327,-3.426347203262988,-0.5299152232478644,-0.5427832575034213,0.4061526462829934,3.583627555924569,-1.2874515118743466,2.174247113838662
51.0,135.0,132.63449096679688,0.5479443307532503,1.491649059294594,-3.9625711193724378,-3.4319721003301296,-0.5299218603500725,-0.542783257773751,0.4061391480894828,3.583631553332056,-1.287454885568915,2.174841645565911
51.0,135.0,132.63449096679688,0.5479443307532503,1.4915049366339104,-3.962636557231239,-3.434557513050347,-0.5294494055119336,-0.542783257773751,0.4061166314542819,3.583633584550882,-1.287362823881986,2.17590508380994
51.0,135.0,132.63449096679688,0.5478794275128381,1.4915077276054696,-3.9626964198457695,-3.425667844574314,-0.5319093348805342,-0.5427832578724885,0.3954950648561162,3.583631045299375,-1.287425365421958,2.17703297347557
51.0,135.0,132.63449096679688,0.5479029409119693,1.491649059294594,-3.97078966228464,-3.4319721003301296,-0.5299218603500725,-0.542783257773751,0.4061391480894828,3.583631553332056,-1.287454885568915,2.174841645565911
51.0,135.0,132.63449096679688,0.5480346334435425,1.4915358671871106,-3.96270189928064,-3.43458928647094,-0.5284934810086279,-0.5427832486342066,0.3955962468310909,3.584020426865266,-1.2853940105912247,2.19910929935755
51.0,135.0,132.63449096679688,0.5478794275128381,1.4915076700365577,-3.9626964198457695,-3.425667844574314,-0.5319093348805342,-0.5427832578724885,0.3954950648561162,3.583632877286047,-1.287425365421958,2.187722407741337
51.0,135.0,132.63449096679688,0.5479443307532503,1.4915049366339104,-3.962633557834935,-3.434557513050347,-0.5294494055119336,-0.542783257773751,0.4061124439826367,3.583633584550882,-1.287362823881986,2.1764628145926244
51.0,135.0,132.63449096679688,0.5480346334435425,1.4916432903170778,-3.96270189928064,-3.43331655060021,-0.5284934810086279,-0.542783248628836,0.3955962468310909,3.584020426865266,-1.285442448522945,2.199109367311996
51.0,135.0,132.63449096679688,0.5479443307532503,1.4915087974649832,-3.962633557834935,-3.434557513050347,-0.5294251826963321,-0.542783257773751,0.4062124139839728,3.583633584550882,-1.2873631797148324,2.17590508380994
51.0,135.0,132.63449096679688,0.5479443307532503,1.4915089129393202,-3.962567259995982,-3.434557513050347,-0.5299218603500725,-0.542783257773751,0.4061647558031358,3.583633584550882,-1.2855531915315936,2.174841645565911
51.0,135.0,132.63449096679688,0.5478794275128381,1.4915076700365577,-3.9626964198457695,-3.425667844574314,-0.5319093348805342,-0.5427832578724885,0.3954950648561162,3.583632877286047,-1.287425365421958,2.187722407741337
51.0,135.0,132.63449096679688,0.5478639887015218,1.4915073233667324,-3.962697913983248,-3.434433355144841,-0.5316156650281442,-0.542783257874277,0.3951834383186869,3.5840114240270604,-1.2873924461820083,2.1748392698901005
51.0,135.0,132.63449096679688,0.5478838193881604,1.4916432903170778,-3.9627017689909314,-3.433364401013456,-0.5318780090013744,-0.5427832580051262,0.3955962468310909,3.5836141227178184,-1.285442448522945,2.176734911193642
51.0,135.0,132.63449096679688,0.5479445165980213,1.4915358671871106,-3.9627018978629898,-3.43458928647094,-0.5284934810086279,-0.5427832575244437,0.3955962468310909,3.583606466606041,-1.2853940105912247,2.19910929935755
51.0,135.0,132.63449096679688,0.5479043890797272,1.4915127049508188,-3.96271316174888,-3.434498727021493,-0.5294638845808561,-0.5427832578705125,0.3701326336091446,3.5836336395795687,-1.2873903957378316,2.17518710798944
51.0,135.0,132.63449096679688,0.5479427964495454,1.4915100851427567,-3.9626347177334993,-3.425821383789524,-0.5294494055119336,-0.5427832578974818,0.3701326336091446,3.5836328967575364,-1.287425352698748,2.1748392698901005
51.0,135.0,132.63449096679688,0.5478794275128381,1.491504849395638,-3.9626964198457695,-3.425667844574314,-0.5319093348805342,-0.5427832578724885,0.3955521215916638,3.583632905336649,-1.287425365421958,2.187722407741337
51.0,136.0,132.63449096679688,0.5479443307532503,1.4915049366339104,-3.962633557834935,-3.434557513050347,-0.5294494055119336,-0.542783257773751,0.4061124439826367,3.583633584550882,-1.287362823881986,2.17590508380994
51.0,136.0,132.63449096679688,0.5480346334435425,1.4915358671871106,-3.96270189928064,-3.43458928647094,-0.5284934810086279,-0.5427832486342066,0.3955962468310909,3.584020426865266,-1.2853940105912247,2.19910929935755
51.0,136.0,132.63449096679688,0.5479443307532503,1.4915089129393202,-3.962633386298077,-3.434557513050347,-0.5299218603500725,-0.542783257773751,0.406168943274781,3.583633584550882,-1.287480815620589,2.17524651555813
51.0,136.0,132.63449096679688,0.5479443307532503,1.4915089129393202,-3.962570259392286,-3.434557513050347,-0.5299218603500725,-0.542783257773751,0.406168943274781,3.583633584550882,-1.2855531915315936,2.174841645565911
51.0,136.0,132.63449096679688,0.5479443307532503,1.4915049366339104,-3.962633557834935,-3.434557513050347,-0.5294494055119336,-0.542783257773751,0.4061124439826367,3.583633584550882,-1.287362823881986,2.17590508380994
51.0,136.0,132.63449096679688,0.5480346334435425,1.4915358671871106,-3.96270189928064,-3.43458928647094,-0.5284934810086279,-0.5427832486342066,0.3955962468310909,3.584020426865266,-1.2853940105912247,2.19910929935755
51.0,136.0,132.63449096679688,0.5479427964495454,1.4915100851427567,-3.962634388366512,-3.429984982496617,-0.5294494055119336,-0.5427832578974818,0.3701326336091446,3.5836336395795687,-1.2873924461820083,2.1748392698901005
51.0,136.0,132.63449096679688,0.5479443307532503,1.491649059294594,-3.9625711193724378,-3.4319721003301296,-0.5299218603500725,-0.542783257773751,0.4061391480894828,3.583631553332056,-1.287454885568915,2.174841645565911
51.0,136.0,132.63449096679688,0.5479450754820889,1.4915358671871106,-3.962701730588294,-3.43458928647094,-0.5284934810086279,-0.5427832575244437,0.3955962468310909,3.583606466606041,-1.2853940105912247,2.19910929935755
51.0,136.0,132.63449096679688,0.5479443307532503,1.4915049366339104,-3.962633557834935,-3.434557513050347,-0.5294494055119336,-0.542783257773751,0.4061124439826367,3.583633584550882,-1.287362823881986,2.17590508380994
51.0,136.0,132.63449096679688,0.5478794275128381,1.4915073233667324,-3.962634563205784,-3.425667844574314,-0.5316073164320063,-0.542783257874277,0.4079830073726454,3.5840114016237066,-1.2873924461820083,2.1748392698901005
51.0,136.0,132.63449096679688,0.5478794275128381,1.4915077276054696,-3.9626964198457695,-3.425667844574314,-0.5319093348805342,-0.5427832578724885,0.3954950648561162,3.583631056644436,-1.287425365421958,2.17703297347557
51.0,136.0,132.63449096679688,0.5479443307532503,1.4915089129393202,-3.962633386298077,-3.43061292192912,-0.5299218603500725,-0.5427832483572392,0.4062155360258249,3.5837297581783227,-1.287480815620589,2.17433400351874
51.0,136.0,132.63449096679688,0.5479043890797272,1.4915127049508188,-3.962483624971661,-3.429984982496617,-0.5294494055119336,-0.5427832578974818,0.3701326336091446,3.5836336395795687,-1.2873924461820083,2.1748392698901005
51.0,136.0,132.63449096679688,0.5480346334435425,1.4915358671871106,-3.96270189928064,-3.43458928647094,-0.5284934810086279,-0.5427832486342066,0.3955962468310909,3.584020426865266,-1.2853940105912247,2.19910929935755
51.0,136.0,132.63449096679688,0.5479450754820889,1.4915358671871106,-3.962701730588294,-3.43458928647094,-0.5284934810086279,-0.5427832575244437,0.3955962468310909,3.583606466606041,-1.2853940105912247,2.19910929935755
51.0,136.0,132.63449096679688,0.5479443307532503,1.4915089129393202,-3.962634823555003,-3.434557513050347,-0.5299218603500725,-0.542783257773751,0.4061438604334335,3.583638363681787,-1.287480815620589,2.17524651555813
51.0,136.0,132.63449096679688,0.5479427179272824,1.491516505548138,-3.962633063453896,-3.4319057602288323,-0.5299152232478644,-0.5427832579015284,0.4061391480894828,3.583631553332056,-1.2874515118743466,2.174841645565911
51.0,136.0,132.63449096679688,0.5480346334435425,1.4915358671871106,-3.96270189928064,-3.43458928647094,-0.5284934810086279,-0.5427832486342066,0.3955962468310909,3.584020426865266,-1.2853940105912247,2.19910929935755
51.0,136.0,132.63449096679688,0.5479443307532503,1.4915049366339104,-3.962633557834935,-3.434557513050347,-0.5294494055119336,-0.542783257773751,0.4061124439826367,3.583633584550882,-1.287362823881986,2.17590508380994
51.0,136.0,132.63449096679688,0.5480346334435425,1.4915358671871106,-3.96270189928064,-3.43458928647094,-0.5284934810086279,-0.5427832486341615,0.3955962468310909,3.584020426865266,-1.2853940105912247,2.19910929935755
51.0,136.0,132.63449096679688,0.5478794275128381,1.4915076700365577,-3.9626964198457695,-3.425667844574314,-0.5319093348805342,-0.5427832578724885,0.3954950648561162,3.583632877286047,-1.287425365421958,2.17703297347557
51.0,136.0,132.63449096679688,0.5479443307532503,1.4915049366339104,-3.962633557834935,-3.434557513050347,-0.5294494055119336,-0.542783257773751,0.4061124439826367,3.583633584550882,-1.287362823881986,2.176465109677832
51.0,136.0,132.63449096679688,0.5479450754820889,1.4915358671871106,-3.962703613678171,-3.43458928647094,-0.5284934810086279,-0.5427832576912359,0.3955962468310909,3.583606466606041,-1.2853940105912247,2.19910929935755
51.0,136.0,132.63449096679688,0.5480287078407784,1.49153693704238,-3.962633078016185,-3.434557513050347,-0.5299218603500725,-0.5427832487089763,0.4065301790917218,3.583638363681787,-1.287480815620589,2.17524651555813
51.0,136.0,132.63449096679688,0.5479443307532503,1.491508970508232,-3.962633386298077,-3.43061292192912,-0.5299218603500725,-0.5427832483572392,0.4062155360258249,3.583727937536712,-1.287480815620589,2.17433400351874
51.0,136.0,132.63449096679688,0.5479427179272824,1.491516505548138,-3.962633063453896,-3.4319057602288323,-0.5299152232478644,-0.5427832579015284,0.4061391480894828,3.583631553332056,-1.2874515118743466,2.174841645565911
51.0,136.0,132.63449096679688,0.5479492757942637,1.4915049366339104,-3.962635938705654,-3.434590151118167,-0.5284470075192604,-0.5427832575884135,0.4061124439826367,3.5836522024142505,-1.287362823881986,2.176465109677832
51.0,136.0,132.63449096679688,0.5478767663702792,1.491504888380763,-3.962634649641227,-3.434267066648049,-0.5294494055119336,-0.5427832578722989,0.4057089633595337,3.58362152783983,-1.2873928215836266,2.17590508380994
51.0,136.0,132.63449096679688,0.5479443307532503,1.491508016227045,-3.96263341896752,-3.4306258776168965,-0.5299218603500725,-0.5427832483608991,0.4062155360258249,3.5837066775123203,-1.287480815620589,2.17433400351874
51.0,136.0,132.63449096679688,0.5480346334435425,1.4915358671871106,-3.962701904330587,-3.43458928647094,-0.5284934810086279,-0.5427832483834628,0.3955962468310909,3.584020426865266,-1.2853940105912247,2.19910929935755
51.0,136.0,132.63449096679688,0.547937334783623,1.4915100851427567,-3.9627014968146543,-3.429984982496617,-0.5294568977045776,-0.5427832578974818,0.3699162894566278,3.5836336395795687,-1.2875321439894798,2.1750684624434897
51.0,136.0,132.63449096679688,0.5479528646980325,1.491516505548138,-3.962631667565327,-3.426347203262988,-0.5299152232478644,-0.5427832575034213,0.4061526462829934,3.583627555924569,-1.2874515118743466,2.174247113838662
51.0,136.0,132.63449096679688,0.5479443307532503,1.491649059294594,-3.9625711193724378,-3.4319721003301296,-0.5299218603500725,-0.542783257773751,0.4061391480894828,3.583631553332056,-1.287454885568915,2.174841645565911
51.0,136.0,132.63449096679688,0.5479443307532503,1.4915049366339104,-3.962636557231239,-3.434557513050347,-0.5294494055119336,-0.542783257773751,0.4061166314542819,3.583633584550882,-1.287362823881986,2.17590508380994
51.0,136.0,132.63449096679688,0.5478794275128381,1.4915077276054696,-3.9626964198457695,-3.425667844574314,-0.5319093348805342,-0.5427832578724885,0.3954950648561162,3.583631045299375,-1.287425365421958,2.17703297347557
51.0,136.0,132.63449096679688,0.5479029409119693,1.491649059294594,-3.97078966228464,-3.4319721003301296,-0.5299218603500725,-0.542783257773751,0.4061391480894828,3.583631553332056,-1.287454885568915,2.174841645565911
51.0,136.0,132.63449096679688,0.5480346334435425,1.4915358671871106,-3.96270189928064,-3.43458928647094,-0.5284934810086279,-0.5427832486342066,0.3955962468310909,3.584020426865266,-1.2853940105912247,2.19910929935755
51.0,136.0,132.63449096679688,0.5478794275128381,1.4915076700365577,-3.9626964198457695,-3.425667844574314,-0.5319093348805342,-0.5427832578724885,0.3954950648561162,3.583632877286047,-1.287425365421958,2.187722407741337
51.0,136.0,132.63449096679688,0.5479443307532503,1.4915049366339104,-3.962633557834935,-3.434557513050347,-0.5294494055119336,-0.542783257773751,0.4061124439826367,3.583633584550882,-1.287362823881986,2.1764628145926244
51.0,136.0,132.63449096679688,0.5480346334435425,1.4916432903170778,-3.96270189928064,-3.43331655060021,-0.5284934810086279,-0.542783248628836,0.3955962468310909,3.584020426865266,-1.285442448522945,2.199109367311996
51.0,136.0,132.63449096679688,0.5479443307532503,1.4915087974649832,-3.962633557834935,-3.434557513050347,-0.5294251826963321,-0.542783257773751,0.4062124139839728,3.583633584550882,-1.2873631797148324,2.17590508380994
51.0,136.0,132.63449096679688,0.5479443307532503,1.4915089129393202,-3.962567259995982,-3.434557513050347,-0.5299218603500725,-0.542783257773751,0.4061647558031358,3.583633584550882,-1.2855531915315936,2.174841645565911
51.0,136.0,132.63449096679688,0.5478794275128381,1.4915076700365577,-3.9626964198457695,-3.425667844574314,-0.5319093348805342,-0.5427832578724885,0.3954950648561162,3.583632877286047,-1.287425365421958,2.187722407741337
51.0,136.0,132.63449096679688,0.5478639887015218,1.4915073233667324,-3.962697913983248,-3.434433355144841,-0.5316156650281442,-0.542783257874277,0.3951834383186869,3.5840114240270604,-1.2873924461820083,2.1748392698901005
51.0,136.0,132.63449096679688,0.5478838193881604,1.4916432903170778,-3.9627017689909314,-3.433364401013456,-0.5318780090013744,-0.5427832580051262,0.3955962468310909,3.5836141227178184,-1.285442448522945,2.176734911193642
51.0,136.0,132.63449096679688,0.5479445165980213,1.4915358671871106,-3.9627018978629898,-3.43458928647094,-0.5284934810086279,-0.5427832575244437,0.3955962468310909,3.583606466606041,-1.2853940105912247,2.19910929935755
51.0,136.0,132.63449096679688,0.5479043890797272,1.4915127049508188,-3.96271316174888,-3.434498727021493,-0.5294638845808561,-0.5427832578705125,0.3701326336091446,3.5836336395795687,-1.2873903957378316,2.17518710798944
51.0,136.0,132.63449096679688,0.5479427964495454,1.4915100851427567,-3.9626347177334993,-3.425821383789524,-0.5294494055119336,-0.5427832578974818,0.3701326336091446,3.5836328967575364,-1.287425352698748,2.1748392698901005
51.0,136.0,132.63449096679688,0.5478794275128381,1.491504849395638,-3.9626964198457695,-3.425667844574314,-0.5319093348805342,-0.5427832578724885,0.3955521215916638,3.583632905336649,-1.287425365421958,2.187722407741337
51.0,137.0,132.63449096679688,0.5479443307532503,1.4915049366339104,-3.962633557834935,-3.434557513050347,-0.5294494055119336,-0.542783257773751,0.4061124439826367,3.583633584550882,-1.287362823881986,2.17590508380994
51.0,137.0,132.63449096679688,0.5480346334435425,1.4915358671871106,-3.96270189928064,-3.43458928647094,-0.5284934810086279,-0.5427832486342066,0.3955962468310909,3.584020426865266,-1.2853940105912247,2.19910929935755
51.0,137.0,132.63449096679688,0.5479443307532503,1.4915089129393202,-3.962633386298077,-3.434557513050347,-0.5299218603500725,-0.542783257773751,0.406168943274781,3.583633584550882,-1.287480815620589,2.17524651555813
51.0,137.0,132.63449096679688,0.5479443307532503,1.4915089129393202,-3.962570259392286,-3.434557513050347,-0.5299218603500725,-0.542783257773751,0.406168943274781,3.583633584550882,-1.2855531915315936,2.174841645565911
51.0,137.0,132.63449096679688,0.5479443307532503,1.4915049366339104,-3.962633557834935,-3.434557513050347,-0.5294494055119336,-0.542783257773751,0.4061124439826367,3.583633584550882,-1.287362823881986,2.17590508380994
51.0,137.0,132.63449096679688,0.5480346334435425,1.4915358671871106,-3.96270189928064,-3.43458928647094,-0.5284934810086279,-0.5427832486342066,0.3955962468310909,3.584020426865266,-1.2853940105912247,2.19910929935755
51.0,137.0,132.63449096679688,0.5479427964495454,1.4915100851427567,-3.962634388366512,-3.429984982496617,-0.5294494055119336,-0.5427832578974818,0.3701326336091446,3.5836336395795687,-1.2873924461820083,2.1748392698901005
51.0,137.0,132.63449096679688,0.5479443307532503,1.491649059294594,-3.9625711193724378,-3.4319721003301296,-0.5299218603500725,-0.542783257773751,0.4061391480894828,3.583631553332056,-1.287454885568915,2.174841645565911
51.0,137.0,132.63449096679688,0.5479450754820889,1.4915358671871106,-3.962701730588294,-3.43458928647094,-0.5284934810086279,-0.5427832575244437,0.3955962468310909,3.583606466606041,-1.2853940105912247,2.19910929935755
51.0,137.0,132.63449096679688,0.5479443307532503,1.4915049366339104,-3.962633557834935,-3.434557513050347,-0.5294494055119336,-0.542783257773751,0.4061124439826367,3.583633584550882,-1.287362823881986,2.17590508380994
51.0,137.0,132.63449096679688,0.5478794275128381,1.4915073233667324,-3.962634563205784,-3.425667844574314,-0.5316073164320063,-0.542783257874277,0.4079830073726454,3.5840114016237066,-1.2873924461820083,2.1748392698901005
51.0,137.0,132.63449096679688,0.5478794275128381,1.4915077276054696,-3.9626964198457695,-3.425667844574314,-0.5319093348805342,-0.5427832578724885,0.3954950648561162,3.583631056644436,-1.287425365421958,2.17703297347557
51.0,137.0,132.63449096679688,0.5479443307532503,1.4915089129393202,-3.962633386298077,-3.43061292192912,-0.5299218603500725,-0.5427832483572392,0.4062155360258249,3.5837297581783227,-1.287480815620589,2.17433400351874
51.0,137.0,132.63449096679688,0.5479043890797272,1.4915127049508188,-3.962483624971661,-3.429984982496617,-0.5294494055119336,-0.5427832578974818,0.3701326336091446,3.5836336395795687,-1.2873924461820083,2.1748392698901005
51.0,137.0,132.63449096679688,0.5480346334435425,1.4915358671871106,-3.96270189928064,-3.43458928647094,-0.5284934810086279,-0.5427832486342066,0.3955962468310909,3.584020426865266,-1.2853940105912247,2.19910929935755
51.0,137.0,132.63449096679688,0.5479450754820889,1.4915358671871106,-3.962701730588294,-3.43458928647094,-0.5284934810086279,-0.5427832575244437,0.3955962468310909,3.583606466606041,-1.2853940105912247,2.19910929935755
51.0,137.0,132.63449096679688,0.5479443307532503,1.4915089129393202,-3.962634823555003,-3.434557513050347,-0.5299218603500725,-0.542783257773751,0.4061438604334335,3.583638363681787,-1.287480815620589,2.17524651555813
51.0,137.0,132.63449096679688,0.5479427179272824,1.491516505548138,-3.962633063453896,-3.4319057602288323,-0.5299152232478644,-0.5427832579015284,0.4061391480894828,3.583631553332056,-1.2874515118743466,2.174841645565911
51.0,137.0,132.63449096679688,0.5480346334435425,1.4915358671871106,-3.96270189928064,-3.43458928647094,-0.5284934810086279,-0.5427832486342066,0.3955962468310909,3.584020426865266,-1.2853940105912247,2.19910929935755
51.0,137.0,132.63449096679688,0.5479443307532503,1.4915049366339104,-3.962633557834935,-3.434557513050347,-0.5294494055119336,-0.542783257773751,0.4061124439826367,3.583633584550882,-1.287362823881986,2.17590508380994
51.0,137.0,132.63449096679688,0.5480346334435425,1.4915358671871106,-3.96270189928064,-3.43458928647094,-0.5284934810086279,-0.5427832486341615,0.3955962468310909,3.584020426865266,-1.2853940105912247,2.19910929935755
51.0,137.0,132.63449096679688,0.5478794275128381,1.4915076700365577,-3.9626964198457695,-3.425667844574314,-0.5319093348805342,-0.5427832578724885,0.3954950648561162,3.583632877286047,-1.287425365421958,2.17703297347557
51.0,137.0,132.63449096679688,0.5479443307532503,1.4915049366339104,-3.962633557834935,-3.434557513050347,-0.5294494055119336,-0.542783257773751,0.4061124439826367,3.583633584550882,-1.287362823881986,2.176465109677832
51.0,137.0,132.63449096679688,0.5479450754820889,1.4915358671871106,-3.962703613678171,-3.43458928647094,-0.5284934810086279,-0.5427832576912359,0.3955962468310909,3.583606466606041,-1.2853940105912247,2.19910929935755
51.0,137.0,132.63449096679688,0.5480287078407784,1.49153693704238,-3.962633078016185,-3.434557513050347,-0.5299218603500725,-0.5427832487089763,0.4065301790917218,3.583638363681787,-1.287480815620589,2.17524651555813
51.0,137.0,132.63449096679688,0.5479443307532503,1.491508970508232,-3.962633386298077,-3.43061292192912,-0.5299218603500725,-0.5427832483572392,0.4062155360258249,3.583727937536712,-1.287480815620589,2.17433400351874
51.0,137.0,132.63449096679688,0.5479427179272824,1.491516505548138,-3.962633063453896,-3.4319057602288323,-0.5299152232478644,-0.5427832579015284,0.4061391480894828,3.583631553332056,-1.2874515118743466,2.174841645565911
51.0,137.0,132.63449096679688,0.5479492757942637,1.4915049366339104,-3.962635938705654,-3.434590151118167,-0.5284470075192604,-0.5427832575884135,0.4061124439826367,3.5836522024142505,-1.287362823881986,2.176465109677832
51.0,137.0,132.63449096679688,0.5478767663702792,1.491504888380763,-3.962634649641227,-3.434267066648049,-0.5294494055119336,-0.5427832578722989,0.4057089633595337,3.58362152783983,-1.2873928215836266,2.17590508380994
51.0,137.0,132.63449096679688,0.5479443307532503,1.491508016227045,-3.96263341896752,-3.4306258776168965,-0.5299218603500725,-0.5427832483608991,0.4062155360258249,3.5837066775123203,-1.287480815620589,2.17433400351874
51.0,137.0,132.63449096679688,0.5480346334435425,1.4915358671871106,-3.962701904330587,-3.43458928647094,-0.5284934810086279,-0.5427832483834628,0.3955962468310909,3.584020426865266,-1.2853940105912247,2.19910929935755
51.0,137.0,132.63449096679688,0.547937334783623,1.4915100851427567,-3.9627014968146543,-3.429984982496617,-0.5294568977045776,-0.5427832578974818,0.3699162894566278,3.5836336395795687,-1.2875321439894798,2.1750684624434897
51.0,137.0,132.63449096679688,0.5479528646980325,1.491516505548138,-3.962631667565327,-3.426347203262988,-0.5299152232478644,-0.5427832575034213,0.4061526462829934,3.583627555924569,-1.2874515118743466,2.174247113838662
51.0,137.0,132.63449096679688,0.5479443307532503,1.491649059294594,-3.9625711193724378,-3.4319721003301296,-0.5299218603500725,-0.542783257773751,0.4061391480894828,3.583631553332056,-1.287454885568915,2.174841645565911
51.0,137.0,132.63449096679688,0.5479443307532503,1.4915049366339104,-3.962636557231239,-3.434557513050347,-0.5294494055119336,-0.542783257773751,0.4061166314542819,3.583633584550882,-1.287362823881986,2.17590508380994
51.0,137.0,132.63449096679688,0.5478794275128381,1.4915077276054696,-3.9626964198457695,-3.425667844574314,-0.5319093348805342,-0.5427832578724885,0.3954950648561162,3.583631045299375,-1.287425365421958,2.17703297347557
51.0,137.0,132.63449096679688,0.5479029409119693,1.491649059294594,-3.97078966228464,-3.4319721003301296,-0.5299218603500725,-0.542783257773751,0.4061391480894828,3.583631553332056,-1.287454885568915,2.174841645565911
51.0,137.0,132.63449096679688,0.5480346334435425,1.4915358671871106,-3.96270189928064,-3.43458928647094,-0.5284934810086279,-0.5427832486342066,0.3955962468310909,3.584020426865266,-1.2853940105912247,2.19910929935755
51.0,137.0,132.63449096679688,0.5478794275128381,1.4915076700365577,-3.9626964198457695,-3.425667844574314,-0.5319093348805342,-0.5427832578724885,0.3954950648561162,3.583632877286047,-1.287425365421958,2.187722407741337
51.0,137.0,132.63449096679688,0.5479443307532503,1.4915049366339104,-3.962633557834935,-3.434557513050347,-0.5294494055119336,-0.542783257773751,0.4061124439826367,3.583633584550882,-1.287362823881986,2.1764628145926244
51.0,137.0,132.63449096679688,0.5480346334435425,1.4916432903170778,-3.96270189928064,-3.43331655060021,-0.5284934810086279,-0.542783248628836,0.3955962468310909,3.584020426865266,-1.285442448522945,2.199109367311996
51.0,137.0,132.63449096679688,0.5479443307532503,1.4915087974649832,-3.962633557834935,-3.434557513050347,-0.5294251826963321,-0.542783257773751,0.4062124139839728,3.583633584550882,-1.2873631797148324,2.17590508380994
51.0,137.0,132.63449096679688,0.5479443307532503,1.4915089129393202,-3.962567259995982,-3.434557513050347,-0.5299218603500725,-0.542783257773751,0.4061647558031358,3.583633584550882,-1.2855531915315936,2.174841645565911
51.0,137.0,132.63449096679688,0.5478794275128381,1.4915076700365577,-3.9626964198457695,-3.425667844574314,-0.5319093348805342,-0.5427832578724885,0.3954950648561162,3.583632877286047,-1.287425365421958,2.187722407741337
51.0,137.0,132.63449096679688,0.5478639887015218,1.4915073233667324,-3.962697913983248,-3.434433355144841,-0.5316156650281442,-0.542783257874277,0.3951834383186869,3.5840114240270604,-1.2873924461820083,2.1748392698901005
51.0,137.0,132.63449096679688,0.5478838193881604,1.4916432903170778,-3.9627017689909314,-3.433364401013456,-0.5318780090013744,-0.5427832580051262,0.3955962468310909,3.5836141227178184,-1.285442448522945,2.176734911193642
51.0,137.0,132.63449096679688,0.5479445165980213,1.4915358671871106,-3.9627018978629898,-3.43458928647094,-0.5284934810086279,-0.5427832575244437,0.3955962468310909,3.583606466606041,-1.2853940105912247,2.19910929935755
51.0,137.0,132.63449096679688,0.5479043890797272,1.4915127049508188,-3.96271316174888,-3.434498727021493,-0.5294638845808561,-0.5427832578705125,0.3701326336091446,3.5836336395795687,-1.2873903957378316,2.17518710798944
51.0,137.0,132.63449096679688,0.5479427964495454,1.4915100851427567,-3.9626347177334993,-3.425821383789524,-0.5294494055119336,-0.5427832578974818,0.3701326336091446,3.5836328967575364,-1.287425352698748,2.1748392698901005
51.0,137.0,132.63449096679688,0.5478794275128381,1.491504849395638,-3.9626964198457695,-3.425667844574314,-0.5319093348805342,-0.5427832578724885,0.3955521215916638,3.583632905336649,-1.287425365421958,2.187722407741337
51.0,138.0,132.63449096679688,0.5479443307532503,1.4915049366339104,-3.962633557834935,-3.434557513050347,-0.5294494055119336,-0.542783257773751,0.4061124439826367,3.583633584550882,-1.287362823881986,2.17590508380994
51.0,138.0,132.63449096679688,0.5480346334435425,1.4915358671871106,-3.96270189928064,-3.43458928647094,-0.5284934810086279,-0.5427832486342066,0.3955962468310909,3.584020426865266,-1.2853940105912247,2.19910929935755
51.0,138.0,132.63449096679688,0.5479443307532503,1.4915089129393202,-3.962633386298077,-3.434557513050347,-0.5299218603500725,-0.542783257773751,0.406168943274781,3.583633584550882,-1.287480815620589,2.17524651555813
51.0,138.0,132.63449096679688,0.5479443307532503,1.4915089129393202,-3.962570259392286,-3.434557513050347,-0.5299218603500725,-0.542783257773751,0.406168943274781,3.583633584550882,-1.2855531915315936,2.174841645565911
51.0,138.0,132.63449096679688,0.5479443307532503,1.4915049366339104,-3.962633557834935,-3.434557513050347,-0.5294494055119336,-0.542783257773751,0.4061124439826367,3.583633584550882,-1.287362823881986,2.17590508380994
51.0,138.0,132.63449096679688,0.5480346334435425,1.4915358671871106,-3.96270189928064,-3.43458928647094,-0.5284934810086279,-0.5427832486342066,0.3955962468310909,3.584020426865266,-1.2853940105912247,2.19910929935755
51.0,138.0,132.63449096679688,0.5479427964495454,1.4915100851427567,-3.962634388366512,-3.429984982496617,-0.5294494055119336,-0.5427832578974818,0.3701326336091446,3.5836336395795687,-1.2873924461820083,2.1748392698901005
51.0,138.0,132.63449096679688,0.5479443307532503,1.491649059294594,-3.9625711193724378,-3.4319721003301296,-0.5299218603500725,-0.542783257773751,0.4061391480894828,3.583631553332056,-1.287454885568915,2.174841645565911
51.0,138.0,132.63449096679688,0.5479450754820889,1.4915358671871106,-3.962701730588294,-3.43458928647094,-0.5284934810086279,-0.5427832575244437,0.3955962468310909,3.583606466606041,-1.2853940105912247,2.19910929935755
51.0,138.0,132.63449096679688,0.5479443307532503,1.4915049366339104,-3.962633557834935,-3.434557513050347,-0.5294494055119336,-0.542783257773751,0.4061124439826367,3.583633584550882,-1.287362823881986,2.17590508380994
51.0,138.0,132.63449096679688,0.5478794275128381,1.4915073233667324,-3.962634563205784,-3.425667844574314,-0.5316073164320063,-0.542783257874277,0.4079830073726454,3.5840114016237066,-1.2873924461820083,2.1748392698901005
51.0,138.0,132.63449096679688,0.5478794275128381,1.4915077276054696,-3.9626964198457695,-3.425667844574314,-0.5319093348805342,-0.5427832578724885,0.3954950648561162,3.583631056644436,-1.287425365421958,2.17703297347557
51.0,138.0,132.63449096679688,0.5479443307532503,1.4915089129393202,-3.962633386298077,-3.43061292192912,-0.5299218603500725,-0.5427832483572392,0.4062155360258249,3.5837297581783227,-1.287480815620589,2.17433400351874
51.0,138.0,132.63449096679688,0.5479043890797272,1.4915127049508188,-3.962483624971661,-3.429984982496617,-0.5294494055119336,-0.5427832578974818,0.3701326336091446,3.5836336395795687,-1.2873924461820083,2.1748392698901005
51.0,138.0,132.63449096679688,0.5480346334435425,1.4915358671871106,-3.96270189928064,-3.43458928647094,-0.5284934810086279,-0.5427832486342066,0.3955962468310909,3.584020426865266,-1.2853940105912247,2.19910929935755
51.0,138.0,132.63449096679688,0.5479450754820889,1.4915358671871106,-3.962701730588294,-3.43458928647094,-0.5284934810086279,-0.5427832575244437,0.3955962468310909,3.583606466606041,-1.2853940105912247,2.19910929935755
51.0,138.0,132.63449096679688,0.5479443307532503,1.4915089129393202,-3.962634823555003,-3.434557513050347,-0.5299218603500725,-0.542783257773751,0.4061438604334335,3.583638363681787,-1.287480815620589,2.17524651555813
51.0,138.0,132.63449096679688,0.5479427179272824,1.491516505548138,-3.962633063453896,-3.4319057602288323,-0.5299152232478644,-0.5427832579015284,0.4061391480894828,3.583631553332056,-1.2874515118743466,2.174841645565911
51.0,138.0,132.63449096679688,0.5480346334435425,1.4915358671871106,-3.96270189928064,-3.43458928647094,-0.5284934810086279,-0.5427832486342066,0.3955962468310909,3.584020426865266,-1.2853940105912247,2.19910929935755
51.0,138.0,132.63449096679688,0.5479443307532503,1.4915049366339104,-3.962633557834935,-3.434557513050347,-0.5294494055119336,-0.542783257773751,0.4061124439826367,3.583633584550882,-1.287362823881986,2.17590508380994
51.0,138.0,132.63449096679688,0.5480346334435425,1.4915358671871106,-3.96270189928064,-3.43458928647094,-0.5284934810086279,-0.5427832486341615,0.3955962468310909,3.584020426865266,-1.2853940105912247,2.19910929935755
51.0,138.0,132.63449096679688,0.5478794275128381,1.4915076700365577,-3.9626964198457695,-3.425667844574314,-0.5319093348805342,-0.5427832578724885,0.3954950648561162,3.583632877286047,-1.287425365421958,2.17703297347557
51.0,138.0,132.63449096679688,0.5479443307532503,1.4915049366339104,-3.962633557834935,-3.434557513050347,-0.5294494055119336,-0.542783257773751,0.4061124439826367,3.583633584550882,-1.287362823881986,2.176465109677832
51.0,138.0,132.63449096679688,0.5479450754820889,1.4915358671871106,-3.962703613678171,-3.43458928647094,-0.5284934810086279,-0.5427832576912359,0.3955962468310909,3.583606466606041,-1.2853940105912247,2.19910929935755
51.0,138.0,132.63449096679688,0.5480287078407784,1.49153693704238,-3.962633078016185,-3.434557513050347,-0.5299218603500725,-0.5427832487089763,0.4065301790917218,3.583638363681787,-1.287480815620589,2.17524651555813
51.0,138.0,132.63449096679688,0.5479443307532503,1.491508970508232,-3.962633386298077,-3.43061292192912,-0.5299218603500725,-0.5427832483572392,0.4062155360258249,3.583727937536712,-1.287480815620589,2.17433400351874
51.0,138.0,132.63449096679688,0.5479427179272824,1.491516505548138,-3.962633063453896,-3.4319057602288323,-0.5299152232478644,-0.5427832579015284,0.4061391480894828,3.583631553332056,-1.2874515118743466,2.174841645565911
51.0,138.0,132.63449096679688,0.5479492757942637,1.4915049366339104,-3.962635938705654,-3.434590151118167,-0.5284470075192604,-0.5427832575884135,0.4061124439826367,3.5836522024142505,-1.287362823881986,2.176465109677832
51.0,138.0,132.63449096679688,0.5478767663702792,1.491504888380763,-3.962634649641227,-3.434267066648049,-0.5294494055119336,-0.5427832578722989,0.4057089633595337,3.58362152783983,-1.2873928215836266,2.17590508380994
51.0,138.0,132.63449096679688,0.5479443307532503,1.491508016227045,-3.96263341896752,-3.4306258776168965,-0.5299218603500725,-0.5427832483608991,0.4062155360258249,3.5837066775123203,-1.287480815620589,2.17433400351874
51.0,138.0,132.63449096679688,0.5480346334435425,1.4915358671871106,-3.962701904330587,-3.43458928647094,-0.5284934810086279,-0.5427832483834628,0.3955962468310909,3.584020426865266,-1.2853940105912247,2.19910929935755
51.0,138.0,132.63449096679688,0.547937334783623,1.4915100851427567,-3.9627014968146543,-3.429984982496617,-0.5294568977045776,-0.5427832578974818,0.3699162894566278,3.5836336395795687,-1.2875321439894798,2.1750684624434897
51.0,138.0,132.63449096679688,0.5479528646980325,1.491516505548138,-3.962631667565327,-3.426347203262988,-0.5299152232478644,-0.5427832575034213,0.4061526462829934,3.583627555924569,-1.2874515118743466,2.174247113838662
51.0,138.0,132.63449096679688,0.5479443307532503,1.491649059294594,-3.9625711193724378,-3.4319721003301296,-0.5299218603500725,-0.542783257773751,0.4061391480894828,3.583631553332056,-1.287454885568915,2.174841645565911
51.0,138.0,132.63449096679688,0.5479443307532503,1.4915049366339104,-3.962636557231239,-3.434557513050347,-0.5294494055119336,-0.542783257773751,0.4061166314542819,3.583633584550882,-1.287362823881986,2.17590508380994
51.0,138.0,132.63449096679688,0.5478794275128381,1.4915077276054696,-3.9626964198457695,-3.425667844574314,-0.5319093348805342,-0.5427832578724885,0.3954950648561162,3.583631045299375,-1.287425365421958,2.17703297347557
51.0,138.0,132.63449096679688,0.5479029409119693,1.491649059294594,-3.97078966228464,-3.4319721003301296,-0.5299218603500725,-0.542783257773751,0.4061391480894828,3.583631553332056,-1.287454885568915,2.174841645565911
51.0,138.0,132.63449096679688,0.5480346334435425,1.4915358671871106,-3.96270189928064,-3.43458928647094,-0.5284934810086279,-0.5427832486342066,0.3955962468310909,3.584020426865266,-1.2853940105912247,2.19910929935755
51.0,138.0,132.63449096679688,0.5478794275128381,1.4915076700365577,-3.9626964198457695,-3.425667844574314,-0.5319093348805342,-0.5427832578724885,0.3954950648561162,3.583632877286047,-1.287425365421958,2.187722407741337
51.0,138.0,132.63449096679688,0.5479443307532503,1.4915049366339104,-3.962633557834935,-3.434557513050347,-0.5294494055119336,-0.542783257773751,0.4061124439826367,3.583633584550882,-1.287362823881986,2.1764628145926244
51.0,138.0,132.63449096679688,0.5480346334435425,1.4916432903170778,-3.96270189928064,-3.43331655060021,-0.5284934810086279,-0.542783248628836,0.3955962468310909,3.584020426865266,-1.285442448522945,2.199109367311996
51.0,138.0,132.63449096679688,0.5479443307532503,1.4915087974649832,-3.962633557834935,-3.434557513050347,-0.5294251826963321,-0.542783257773751,0.4062124139839728,3.583633584550882,-1.2873631797148324,2.17590508380994
51.0,138.0,132.63449096679688,0.5479443307532503,1.4915089129393202,-3.962567259995982,-3.434557513050347,-0.5299218603500725,-0.542783257773751,0.4061647558031358,3.583633584550882,-1.2855531915315936,2.174841645565911
51.0,138.0,132.63449096679688,0.5478794275128381,1.4915076700365577,-3.9626964198457695,-3.425667844574314,-0.5319093348805342,-0.5427832578724885,0.3954950648561162,3.583632877286047,-1.287425365421958,2.187722407741337
51.0,138.0,132.63449096679688,0.5478639887015218,1.4915073233667324,-3.962697913983248,-3.434433355144841,-0.5316156650281442,-0.542783257874277,0.3951834383186869,3.5840114240270604,-1.2873924461820083,2.1748392698901005
51.0,138.0,132.63449096679688,0.5478838193881604,1.4916432903170778,-3.9627017689909314,-3.433364401013456,-0.5318780090013744,-0.5427832580051262,0.3955962468310909,3.5836141227178184,-1.285442448522945,2.176734911193642
51.0,138.0,132.63449096679688,0.5479445165980213,1.4915358671871106,-3.9627018978629898,-3.43458928647094,-0.5284934810086279,-0.5427832575244437,0.3955962468310909,3.583606466606041,-1.2853940105912247,2.19910929935755
51.0,138.0,132.63449096679688,0.5479043890797272,1.4915127049508188,-3.96271316174888,-3.434498727021493,-0.5294638845808561,-0.5427832578705125,0.3701326336091446,3.5836336395795687,-1.2873903957378316,2.17518710798944
51.0,138.0,132.63449096679688,0.5479427964495454,1.4915100851427567,-3.9626347177334993,-3.425821383789524,-0.5294494055119336,-0.5427832578974818,0.3701326336091446,3.5836328967575364,-1.287425352698748,2.1748392698901005
51.0,138.0,132.63449096679688,0.5478794275128381,1.491504849395638,-3.9626964198457695,-3.425667844574314,-0.5319093348805342,-0.5427832578724885,0.3955521215916638,3.583632905336649,-1.287425365421958,2.187722407741337
51.0,139.0,132.63449096679688,0.5479443307532503,1.4915049366339104,-3.962633557834935,-3.434557513050347,-0.5294494055119336,-0.542783257773751,0.4061124439826367,3.583633584550882,-1.287362823881986,2.17590508380994
51.0,139.0,132.63449096679688,0.5480346334435425,1.4915358671871106,-3.96270189928064,-3.43458928647094,-0.5284934810086279,-0.5427832486342066,0.3955962468310909,3.584020426865266,-1.2853940105912247,2.19910929935755
51.0,139.0,132.63449096679688,0.5479443307532503,1.4915089129393202,-3.962633386298077,-3.434557513050347,-0.5299218603500725,-0.542783257773751,0.406168943274781,3.583633584550882,-1.287480815620589,2.17524651555813
51.0,139.0,132.63449096679688,0.5479443307532503,1.4915089129393202,-3.962570259392286,-3.434557513050347,-0.5299218603500725,-0.542783257773751,0.406168943274781,3.583633584550882,-1.2855531915315936,2.174841645565911
51.0,139.0,132.63449096679688,0.5479443307532503,1.4915049366339104,-3.962633557834935,-3.434557513050347,-0.5294494055119336,-0.542783257773751,0.4061124439826367,3.583633584550882,-1.287362823881986,2.17590508380994
51.0,139.0,132.63449096679688,0.5480346334435425,1.4915358671871106,-3.96270189928064,-3.43458928647094,-0.5284934810086279,-0.5427832486342066,0.3955962468310909,3.584020426865266,-1.2853940105912247,2.19910929935755
51.0,139.0,132.63449096679688,0.5479427964495454,1.4915100851427567,-3.962634388366512,-3.429984982496617,-0.5294494055119336,-0.5427832578974818,0.3701326336091446,3.5836336395795687,-1.2873924461820083,2.1748392698901005
51.0,139.0,132.63449096679688,0.5479443307532503,1.491649059294594,-3.9625711193724378,-3.4319721003301296,-0.5299218603500725,-0.542783257773751,0.4061391480894828,3.583631553332056,-1.287454885568915,2.174841645565911
51.0,139.0,132.63449096679688,0.5479450754820889,1.4915358671871106,-3.962701730588294,-3.43458928647094,-0.5284934810086279,-0.5427832575244437,0.3955962468310909,3.583606466606041,-1.2853940105912247,2.19910929935755
51.0,139.0,132.63449096679688,0.5479443307532503,1.4915049366339104,-3.962633557834935,-3.434557513050347,-0.5294494055119336,-0.542783257773751,0.4061124439826367,3.583633584550882,-1.287362823881986,2.17590508380994
51.0,139.0,132.63449096679688,0.5478794275128381,1.4915073233667324,-3.962634563205784,-3.425667844574314,-0.5316073164320063,-0.542783257874277,0.4079830073726454,3.5840114016237066,-1.2873924461820083,2.1748392698901005
51.0,139.0,132.63449096679688,0.5478794275128381,1.4915077276054696,-3.9626964198457695,-3.425667844574314,-0.5319093348805342,-0.5427832578724885,0.3954950648561162,3.583631056644436,-1.287425365421958,2.17703297347557
51.0,139.0,132.63449096679688,0.5479443307532503,1.4915089129393202,-3.962633386298077,-3.43061292192912,-0.5299218603500725,-0.5427832483572392,0.4062155360258249,3.5837297581783227,-1.287480815620589,2.17433400351874
51.0,139.0,132.63449096679688,0.5479043890797272,1.4915127049508188,-3.962483624971661,-3.429984982496617,-0.5294494055119336,-0.5427832578974818,0.3701326336091446,3.5836336395795687,-1.2873924461820083,2.1748392698901005
51.0,139.0,132.63449096679688,0.5480346334435425,1.4915358671871106,-3.96270189928064,-3.43458928647094,-0.5284934810086279,-0.5427832486342066,0.3955962468310909,3.584020426865266,-1.2853940105912247,2.19910929935755
51.0,139.0,132.63449096679688,0.5479450754820889,1.4915358671871106,-3.962701730588294,-3.43458928647094,-0.5284934810086279,-0.5427832575244437,0.3955962468310909,3.583606466606041,-1.2853940105912247,2.19910929935755
51.0,139.0,132.63449096679688,0.5479443307532503,1.4915089129393202,-3.962634823555003,-3.434557513050347,-0.5299218603500725,-0.542783257773751,0.4061438604334335,3.583638363681787,-1.287480815620589,2.17524651555813
51.0,139.0,132.63449096679688,0.5479427179272824,1.491516505548138,-3.962633063453896,-3.4319057602288323,-0.5299152232478644,-0.5427832579015284,0.4061391480894828,3.583631553332056,-1.2874515118743466,2.174841645565911
51.0,139.0,132.63449096679688,0.5480346334435425,1.4915358671871106,-3.96270189928064,-3.43458928647094,-0.5284934810086279,-0.5427832486342066,0.3955962468310909,3.584020426865266,-1.2853940105912247,2.19910929935755
51.0,139.0,132.63449096679688,0.5479443307532503,1.4915049366339104,-3.962633557834935,-3.434557513050347,-0.5294494055119336,-0.542783257773751,0.4061124439826367,3.583633584550882,-1.287362823881986,2.17590508380994
51.0,139.0,132.63449096679688,0.5480346334435425,1.4915358671871106,-3.96270189928064,-3.43458928647094,-0.5284934810086279,-0.5427832486341615,0.3955962468310909,3.584020426865266,-1.2853940105912247,2.19910929935755
51.0,139.0,132.63449096679688,0.5478794275128381,1.4915076700365577,-3.9626964198457695,-3.425667844574314,-0.5319093348805342,-0.5427832578724885,0.3954950648561162,3.583632877286047,-1.287425365421958,2.17703297347557
51.0,139.0,132.63449096679688,0.5479443307532503,1.4915049366339104,-3.962633557834935,-3.434557513050347,-0.5294494055119336,-0.542783257773751,0.4061124439826367,3.583633584550882,-1.287362823881986,2.176465109677832
51.0,139.0,132.63449096679688,0.5479450754820889,1.4915358671871106,-3.962703613678171,-3.43458928647094,-0.5284934810086279,-0.5427832576912359,0.3955962468310909,3.583606466606041,-1.2853940105912247,2.19910929935755
51.0,139.0,132.63449096679688,0.5480287078407784,1.49153693704238,-3.962633078016185,-3.434557513050347,-0.5299218603500725,-0.5427832487089763,0.4065301790917218,3.583638363681787,-1.287480815620589,2.17524651555813
51.0,139.0,132.63449096679688,0.5479443307532503,1.491508970508232,-3.962633386298077,-3.43061292192912,-0.5299218603500725,-0.5427832483572392,0.4062155360258249,3.583727937536712,-1.287480815620589,2.17433400351874
51.0,139.0,132.63449096679688,0.5479427179272824,1.491516505548138,-3.962633063453896,-3.4319057602288323,-0.5299152232478644,-0.5427832579015284,0.4061391480894828,3.583631553332056,-1.2874515118743466,2.174841645565911
51.0,139.0,132.63449096679688,0.5479492757942637,1.4915049366339104,-3.962635938705654,-3.434590151118167,-0.5284470075192604,-0.5427832575884135,0.4061124439826367,3.5836522024142505,-1.287362823881986,2.176465109677832
51.0,139.0,132.63449096679688,0.5478767663702792,1.491504888380763,-3.962634649641227,-3.434267066648049,-0.5294494055119336,-0.5427832578722989,0.4057089633595337,3.58362152783983,-1.2873928215836266,2.17590508380994
51.0,139.0,132.63449096679688,0.5479443307532503,1.491508016227045,-3.96263341896752,-3.4306258776168965,-0.5299218603500725,-0.5427832483608991,0.4062155360258249,3.5837066775123203,-1.287480815620589,2.17433400351874
51.0,139.0,132.63449096679688,0.5480346334435425,1.4915358671871106,-3.962701904330587,-3.43458928647094,-0.5284934810086279,-0.5427832483834628,0.3955962468310909,3.584020426865266,-1.2853940105912247,2.19910929935755
51.0,139.0,132.63449096679688,0.547937334783623,1.4915100851427567,-3.9627014968146543,-3.429984982496617,-0.5294568977045776,-0.5427832578974818,0.3699162894566278,3.5836336395795687,-1.2875321439894798,2.1750684624434897
51.0,139.0,132.63449096679688,0.5479528646980325,1.491516505548138,-3.962631667565327,-3.426347203262988,-0.5299152232478644,-0.5427832575034213,0.4061526462829934,3.583627555924569,-1.2874515118743466,2.174247113838662
51.0,139.0,132.63449096679688,0.5479443307532503,1.491649059294594,-3.9625711193724378,-3.4319721003301296,-0.5299218603500725,-0.542783257773751,0.4061391480894828,3.583631553332056,-1.287454885568915,2.174841645565911
51.0,139.0,132.63449096679688,0.5479443307532503,1.4915049366339104,-3.962636557231239,-3.434557513050347,-0.5294494055119336,-0.542783257773751,0.4061166314542819,3.583633584550882,-1.287362823881986,2.17590508380994
51.0,139.0,132.63449096679688,0.5478794275128381,1.4915077276054696,-3.9626964198457695,-3.425667844574314,-0.5319093348805342,-0.5427832578724885,0.3954950648561162,3.583631045299375,-1.287425365421958,2.17703297347557
51.0,139.0,132.63449096679688,0.5479029409119693,1.491649059294594,-3.97078966228464,-3.4319721003301296,-0.5299218603500725,-0.542783257773751,0.4061391480894828,3.583631553332056,-1.287454885568915,2.174841645565911
51.0,139.0,132.63449096679688,0.5480346334435425,1.4915358671871106,-3.96270189928064,-3.43458928647094,-0.5284934810086279,-0.5427832486342066,0.3955962468310909,3.584020426865266,-1.2853940105912247,2.19910929935755
51.0,139.0,132.63449096679688,0.5478794275128381,1.4915076700365577,-3.9626964198457695,-3.425667844574314,-0.5319093348805342,-0.5427832578724885,0.3954950648561162,3.583632877286047,-1.287425365421958,2.187722407741337
51.0,139.0,132.63449096679688,0.5479443307532503,1.4915049366339104,-3.962633557834935,-3.434557513050347,-0.5294494055119336,-0.542783257773751,0.4061124439826367,3.583633584550882,-1.287362823881986,2.1764628145926244
51.0,139.0,132.63449096679688,0.5480346334435425,1.4916432903170778,-3.96270189928064,-3.43331655060021,-0.5284934810086279,-0.542783248628836,0.3955962468310909,3.584020426865266,-1.285442448522945,2.199109367311996
51.0,139.0,132.63449096679688,0.5479443307532503,1.4915087974649832,-3.962633557834935,-3.434557513050347,-0.5294251826963321,-0.542783257773751,0.4062124139839728,3.583633584550882,-1.2873631797148324,2.17590508380994
51.0,139.0,132.63449096679688,0.5479443307532503,1.4915089129393202,-3.962567259995982,-3.434557513050347,-0.5299218603500725,-0.542783257773751,0.4061647558031358,3.583633584550882,-1.2855531915315936,2.174841645565911
51.0,139.0,132.63449096679688,0.5478794275128381,1.4915076700365577,-3.9626964198457695,-3.425667844574314,-0.5319093348805342,-0.5427832578724885,0.3954950648561162,3.583632877286047,-1.287425365421958,2.187722407741337
51.0,139.0,132.63449096679688,0.5478639887015218,1.4915073233667324,-3.962697913983248,-3.434433355144841,-0.5316156650281442,-0.542783257874277,0.3951834383186869,3.5840114240270604,-1.2873924461820083,2.1748392698901005
51.0,139.0,132.63449096679688,0.5478838193881604,1.4916432903170778,-3.9627017689909314,-3.433364401013456,-0.5318780090013744,-0.5427832580051262,0.3955962468310909,3.5836141227178184,-1.285442448522945,2.176734911193642
51.0,139.0,132.63449096679688,0.5479445165980213,1.4915358671871106,-3.9627018978629898,-3.43458928647094,-0.5284934810086279,-0.5427832575244437,0.3955962468310909,3.583606466606041,-1.2853940105912247,2.19910929935755
51.0,139.0,132.63449096679688,0.5479043890797272,1.4915127049508188,-3.96271316174888,-3.434498727021493,-0.5294638845808561,-0.5427832578705125,0.3701326336091446,3.5836336395795687,-1.2873903957378316,2.17518710798944
51.0,139.0,132.63449096679688,0.5479427964495454,1.4915100851427567,-3.9626347177334993,-3.425821383789524,-0.5294494055119336,-0.5427832578974818,0.3701326336091446,3.5836328967575364,-1.287425352698748,2.1748392698901005
51.0,139.0,132.63449096679688,0.5478794275128381,1.491504849395638,-3.9626964198457695,-3.425667844574314,-0.5319093348805342,-0.5427832578724885,0.3955521215916638,3.583632905336649,-1.287425365421958,2.187722407741337
51.0,140.0,132.63449096679688,0.5479443307532503,1.4915049366339104,-3.962633557834935,-3.434557513050347,-0.5294494055119336,-0.542783257773751,0.4061124439826367,3.583633584550882,-1.287362823881986,2.17590508380994
51.0,140.0,132.63449096679688,0.5480346334435425,1.4915358671871106,-3.96270189928064,-3.43458928647094,-0.5284934810086279,-0.5427832486342066,0.3955962468310909,3.584020426865266,-1.2853940105912247,2.19910929935755
51.0,140.0,132.63449096679688,0.5479443307532503,1.4915089129393202,-3.962633386298077,-3.434557513050347,-0.5299218603500725,-0.542783257773751,0.406168943274781,3.583633584550882,-1.287480815620589,2.17524651555813
51.0,140.0,132.63449096679688,0.5479443307532503,1.4915089129393202,-3.962570259392286,-3.434557513050347,-0.5299218603500725,-0.542783257773751,0.406168943274781,3.583633584550882,-1.2855531915315936,2.174841645565911
51.0,140.0,132.63449096679688,0.5479443307532503,1.4915049366339104,-3.962633557834935,-3.434557513050347,-0.5294494055119336,-0.542783257773751,0.4061124439826367,3.583633584550882,-1.287362823881986,2.17590508380994
51.0,140.0,132.63449096679688,0.5480346334435425,1.4915358671871106,-3.96270189928064,-3.43458928647094,-0.5284934810086279,-0.5427832486342066,0.3955962468310909,3.584020426865266,-1.2853940105912247,2.19910929935755
51.0,140.0,132.63449096679688,0.5479427964495454,1.4915100851427567,-3.962634388366512,-3.429984982496617,-0.5294494055119336,-0.5427832578974818,0.3701326336091446,3.5836336395795687,-1.2873924461820083,2.1748392698901005
51.0,140.0,132.63449096679688,0.5479443307532503,1.491649059294594,-3.9625711193724378,-3.4319721003301296,-0.5299218603500725,-0.542783257773751,0.4061391480894828,3.583631553332056,-1.287454885568915,2.174841645565911
51.0,140.0,132.63449096679688,0.5479450754820889,1.4915358671871106,-3.962701730588294,-3.43458928647094,-0.5284934810086279,-0.5427832575244437,0.3955962468310909,3.583606466606041,-1.2853940105912247,2.19910929935755
51.0,140.0,132.63449096679688,0.5479443307532503,1.4915049366339104,-3.962633557834935,-3.434557513050347,-0.5294494055119336,-0.542783257773751,0.4061124439826367,3.583633584550882,-1.287362823881986,2.17590508380994
51.0,140.0,132.63449096679688,0.5478794275128381,1.4915073233667324,-3.962634563205784,-3.425667844574314,-0.5316073164320063,-0.542783257874277,0.4079830073726454,3.5840114016237066,-1.2873924461820083,2.1748392698901005
51.0,140.0,132.63449096679688,0.5478794275128381,1.4915077276054696,-3.9626964198457695,-3.425667844574314,-0.5319093348805342,-0.5427832578724885,0.3954950648561162,3.583631056644436,-1.287425365421958,2.17703297347557
51.0,140.0,132.63449096679688,0.5479443307532503,1.4915089129393202,-3.962633386298077,-3.43061292192912,-0.5299218603500725,-0.5427832483572392,0.4062155360258249,3.5837297581783227,-1.287480815620589,2.17433400351874
51.0,140.0,132.63449096679688,0.5479043890797272,1.4915127049508188,-3.962483624971661,-3.429984982496617,-0.5294494055119336,-0.5427832578974818,0.3701326336091446,3.5836336395795687,-1.2873924461820083,2.1748392698901005
51.0,140.0,132.63449096679688,0.5480346334435425,1.4915358671871106,-3.96270189928064,-3.43458928647094,-0.5284934810086279,-0.5427832486342066,0.3955962468310909,3.584020426865266,-1.2853940105912247,2.19910929935755
51.0,140.0,132.63449096679688,0.5479450754820889,1.4915358671871106,-3.962701730588294,-3.43458928647094,-0.5284934810086279,-0.5427832575244437,0.3955962468310909,3.583606466606041,-1.2853940105912247,2.19910929935755
51.0,140.0,132.63449096679688,0.5479443307532503,1.4915089129393202,-3.962634823555003,-3.434557513050347,-0.5299218603500725,-0.542783257773751,0.4061438604334335,3.583638363681787,-1.287480815620589,2.17524651555813
51.0,140.0,132.63449096679688,0.5479427179272824,1.491516505548138,-3.962633063453896,-3.4319057602288323,-0.5299152232478644,-0.5427832579015284,0.4061391480894828,3.583631553332056,-1.2874515118743466,2.174841645565911
51.0,140.0,132.63449096679688,0.5480346334435425,1.4915358671871106,-3.96270189928064,-3.43458928647094,-0.5284934810086279,-0.5427832486342066,0.3955962468310909,3.584020426865266,-1.2853940105912247,2.19910929935755
51.0,140.0,132.63449096679688,0.5479443307532503,1.4915049366339104,-3.962633557834935,-3.434557513050347,-0.5294494055119336,-0.542783257773751,0.4061124439826367,3.583633584550882,-1.287362823881986,2.17590508380994
51.0,140.0,132.63449096679688,0.5480346334435425,1.4915358671871106,-3.96270189928064,-3.43458928647094,-0.5284934810086279,-0.5427832486341615,0.3955962468310909,3.584020426865266,-1.2853940105912247,2.19910929935755
51.0,140.0,132.63449096679688,0.5478794275128381,1.4915076700365577,-3.9626964198457695,-3.425667844574314,-0.5319093348805342,-0.5427832578724885,0.3954950648561162,3.583632877286047,-1.287425365421958,2.17703297347557
51.0,140.0,132.63449096679688,0.5479443307532503,1.4915049366339104,-3.962633557834935,-3.434557513050347,-0.5294494055119336,-0.542783257773751,0.4061124439826367,3.583633584550882,-1.287362823881986,2.176465109677832
51.0,140.0,132.63449096679688,0.5479450754820889,1.4915358671871106,-3.962703613678171,-3.43458928647094,-0.5284934810086279,-0.5427832576912359,0.3955962468310909,3.583606466606041,-1.2853940105912247,2.19910929935755
51.0,140.0,132.63449096679688,0.5480287078407784,1.49153693704238,-3.962633078016185,-3.434557513050347,-0.5299218603500725,-0.5427832487089763,0.4065301790917218,3.583638363681787,-1.287480815620589,2.17524651555813
51.0,140.0,132.63449096679688,0.5479443307532503,1.491508970508232,-3.962633386298077,-3.43061292192912,-0.5299218603500725,-0.5427832483572392,0.4062155360258249,3.583727937536712,-1.287480815620589,2.17433400351874
51.0,140.0,132.63449096679688,0.5479427179272824,1.491516505548138,-3.962633063453896,-3.4319057602288323,-0.5299152232478644,-0.5427832579015284,0.4061391480894828,3.583631553332056,-1.2874515118743466,2.174841645565911
51.0,140.0,132.63449096679688,0.5479492757942637,1.4915049366339104,-3.962635938705654,-3.434590151118167,-0.5284470075192604,-0.5427832575884135,0.4061124439826367,3.5836522024142505,-1.287362823881986,2.176465109677832
51.0,140.0,132.63449096679688,0.5478767663702792,1.491504888380763,-3.962634649641227,-3.434267066648049,-0.5294494055119336,-0.5427832578722989,0.4057089633595337,3.58362152783983,-1.2873928215836266,2.17590508380994
51.0,140.0,132.63449096679688,0.5479443307532503,1.491508016227045,-3.96263341896752,-3.4306258776168965,-0.5299218603500725,-0.5427832483608991,0.4062155360258249,3.5837066775123203,-1.287480815620589,2.17433400351874
51.0,140.0,132.63449096679688,0.5480346334435425,1.4915358671871106,-3.962701904330587,-3.43458928647094,-0.5284934810086279,-0.5427832483834628,0.3955962468310909,3.584020426865266,-1.2853940105912247,2.19910929935755
51.0,140.0,132.63449096679688,0.547937334783623,1.4915100851427567,-3.9627014968146543,-3.429984982496617,-0.5294568977045776,-0.5427832578974818,0.3699162894566278,3.5836336395795687,-1.2875321439894798,2.1750684624434897
51.0,140.0,132.63449096679688,0.5479528646980325,1.491516505548138,-3.962631667565327,-3.426347203262988,-0.5299152232478644,-0.5427832575034213,0.4061526462829934,3.583627555924569,-1.2874515118743466,2.174247113838662
51.0,140.0,132.63449096679688,0.5479443307532503,1.491649059294594,-3.9625711193724378,-3.4319721003301296,-0.5299218603500725,-0.542783257773751,0.4061391480894828,3.583631553332056,-1.287454885568915,2.174841645565911
51.0,140.0,132.63449096679688,0.5479443307532503,1.4915049366339104,-3.962636557231239,-3.434557513050347,-0.5294494055119336,-0.542783257773751,0.4061166314542819,3.583633584550882,-1.287362823881986,2.17590508380994
51.0,140.0,132.63449096679688,0.5478794275128381,1.4915077276054696,-3.9626964198457695,-3.425667844574314,-0.5319093348805342,-0.5427832578724885,0.3954950648561162,3.583631045299375,-1.287425365421958,2.17703297347557
51.0,140.0,132.63449096679688,0.5479029409119693,1.491649059294594,-3.97078966228464,-3.4319721003301296,-0.5299218603500725,-0.542783257773751,0.4061391480894828,3.583631553332056,-1.287454885568915,2.174841645565911
51.0,140.0,132.63449096679688,0.5480346334435425,1.4915358671871106,-3.96270189928064,-3.43458928647094,-0.5284934810086279,-0.5427832486342066,0.3955962468310909,3.584020426865266,-1.2853940105912247,2.19910929935755
51.0,140.0,132.63449096679688,0.5478794275128381,1.4915076700365577,-3.9626964198457695,-3.425667844574314,-0.5319093348805342,-0.5427832578724885,0.3954950648561162,3.583632877286047,-1.287425365421958,2.187722407741337
51.0,140.0,132.63449096679688,0.5479443307532503,1.4915049366339104,-3.962633557834935,-3.434557513050347,-0.5294494055119336,-0.542783257773751,0.4061124439826367,3.583633584550882,-1.287362823881986,2.1764628145926244
51.0,140.0,132.63449096679688,0.5480346334435425,1.4916432903170778,-3.96270189928064,-3.43331655060021,-0.5284934810086279,-0.542783248628836,0.3955962468310909,3.584020426865266,-1.285442448522945,2.199109367311996
51.0,140.0,132.63449096679688,0.5479443307532503,1.4915087974649832,-3.962633557834935,-3.434557513050347,-0.5294251826963321,-0.542783257773751,0.4062124139839728,3.583633584550882,-1.2873631797148324,2.17590508380994
51.0,140.0,132.63449096679688,0.5479443307532503,1.4915089129393202,-3.962567259995982,-3.434557513050347,-0.5299218603500725,-0.542783257773751,0.4061647558031358,3.583633584550882,-1.2855531915315936,2.174841645565911
51.0,140.0,132.63449096679688,0.5478794275128381,1.4915076700365577,-3.9626964198457695,-3.425667844574314,-0.5319093348805342,-0.5427832578724885,0.3954950648561162,3.583632877286047,-1.287425365421958,2.187722407741337
51.0,140.0,132.63449096679688,0.5478639887015218,1.4915073233667324,-3.962697913983248,-3.434433355144841,-0.5316156650281442,-0.542783257874277,0.3951834383186869,3.5840114240270604,-1.2873924461820083,2.1748392698901005
51.0,140.0,132.63449096679688,0.5478838193881604,1.4916432903170778,-3.9627017689909314,-3.433364401013456,-0.5318780090013744,-0.5427832580051262,0.3955962468310909,3.5836141227178184,-1.285442448522945,2.176734911193642
51.0,140.0,132.63449096679688,0.5479445165980213,1.4915358671871106,-3.9627018978629898,-3.43458928647094,-0.5284934810086279,-0.5427832575244437,0.3955962468310909,3.583606466606041,-1.2853940105912247,2.19910929935755
51.0,140.0,132.63449096679688,0.5479043890797272,1.4915127049508188,-3.96271316174888,-3.434498727021493,-0.5294638845808561,-0.5427832578705125,0.3701326336091446,3.5836336395795687,-1.2873903957378316,2.17518710798944
51.0,140.0,132.63449096679688,0.5479427964495454,1.4915100851427567,-3.9626347177334993,-3.425821383789524,-0.5294494055119336,-0.5427832578974818,0.3701326336091446,3.5836328967575364,-1.287425352698748,2.1748392698901005
51.0,140.0,132.63449096679688,0.5478794275128381,1.491504849395638,-3.9626964198457695,-3.425667844574314,-0.5319093348805342,-0.5427832578724885,0.3955521215916638,3.583632905336649,-1.287425365421958,2.187722407741337
51.0,141.0,132.63449096679688,0.5479443307532503,1.4915049366339104,-3.962633557834935,-3.434557513050347,-0.5294494055119336,-0.542783257773751,0.4061124439826367,3.583633584550882,-1.287362823881986,2.17590508380994
51.0,141.0,132.63449096679688,0.5480346334435425,1.4915358671871106,-3.96270189928064,-3.43458928647094,-0.5284934810086279,-0.5427832486342066,0.3955962468310909,3.584020426865266,-1.2853940105912247,2.19910929935755
51.0,141.0,132.63449096679688,0.5479443307532503,1.4915089129393202,-3.962633386298077,-3.434557513050347,-0.5299218603500725,-0.542783257773751,0.406168943274781,3.583633584550882,-1.287480815620589,2.17524651555813
51.0,141.0,132.63449096679688,0.5479443307532503,1.4915089129393202,-3.962570259392286,-3.434557513050347,-0.5299218603500725,-0.542783257773751,0.406168943274781,3.583633584550882,-1.2855531915315936,2.174841645565911
51.0,141.0,132.63449096679688,0.5479443307532503,1.4915049366339104,-3.962633557834935,-3.434557513050347,-0.5294494055119336,-0.542783257773751,0.4061124439826367,3.583633584550882,-1.287362823881986,2.17590508380994
51.0,141.0,132.63449096679688,0.5480346334435425,1.4915358671871106,-3.96270189928064,-3.43458928647094,-0.5284934810086279,-0.5427832486342066,0.3955962468310909,3.584020426865266,-1.2853940105912247,2.19910929935755
51.0,141.0,132.63449096679688,0.5479427964495454,1.4915100851427567,-3.962634388366512,-3.429984982496617,-0.5294494055119336,-0.5427832578974818,0.3701326336091446,3.5836336395795687,-1.2873924461820083,2.1748392698901005
51.0,141.0,132.63449096679688,0.5479443307532503,1.491649059294594,-3.9625711193724378,-3.4319721003301296,-0.5299218603500725,-0.542783257773751,0.4061391480894828,3.583631553332056,-1.287454885568915,2.174841645565911
51.0,141.0,132.63449096679688,0.5479450754820889,1.4915358671871106,-3.962701730588294,-3.43458928647094,-0.5284934810086279,-0.5427832575244437,0.3955962468310909,3.583606466606041,-1.2853940105912247,2.19910929935755
51.0,141.0,132.63449096679688,0.5479443307532503,1.4915049366339104,-3.962633557834935,-3.434557513050347,-0.5294494055119336,-0.542783257773751,0.4061124439826367,3.583633584550882,-1.287362823881986,2.17590508380994
51.0,141.0,132.63449096679688,0.5478794275128381,1.4915073233667324,-3.962634563205784,-3.425667844574314,-0.5316073164320063,-0.542783257874277,0.4079830073726454,3.5840114016237066,-1.2873924461820083,2.1748392698901005
51.0,141.0,132.63449096679688,0.5478794275128381,1.4915077276054696,-3.9626964198457695,-3.425667844574314,-0.5319093348805342,-0.5427832578724885,0.3954950648561162,3.583631056644436,-1.287425365421958,2.17703297347557
51.0,141.0,132.63449096679688,0.5479443307532503,1.4915089129393202,-3.962633386298077,-3.43061292192912,-0.5299218603500725,-0.5427832483572392,0.4062155360258249,3.5837297581783227,-1.287480815620589,2.17433400351874
51.0,141.0,132.63449096679688,0.5479043890797272,1.4915127049508188,-3.962483624971661,-3.429984982496617,-0.5294494055119336,-0.5427832578974818,0.3701326336091446,3.5836336395795687,-1.2873924461820083,2.1748392698901005
51.0,141.0,132.63449096679688,0.5480346334435425,1.4915358671871106,-3.96270189928064,-3.43458928647094,-0.5284934810086279,-0.5427832486342066,0.3955962468310909,3.584020426865266,-1.2853940105912247,2.19910929935755
51.0,141.0,132.63449096679688,0.5479450754820889,1.4915358671871106,-3.962701730588294,-3.43458928647094,-0.5284934810086279,-0.5427832575244437,0.3955962468310909,3.583606466606041,-1.2853940105912247,2.19910929935755
51.0,141.0,132.63449096679688,0.5479443307532503,1.4915089129393202,-3.962634823555003,-3.434557513050347,-0.5299218603500725,-0.542783257773751,0.4061438604334335,3.583638363681787,-1.287480815620589,2.17524651555813
51.0,141.0,132.63449096679688,0.5479427179272824,1.491516505548138,-3.962633063453896,-3.4319057602288323,-0.5299152232478644,-0.5427832579015284,0.4061391480894828,3.583631553332056,-1.2874515118743466,2.174841645565911
51.0,141.0,132.63449096679688,0.5480346334435425,1.4915358671871106,-3.96270189928064,-3.43458928647094,-0.5284934810086279,-0.5427832486342066,0.3955962468310909,3.584020426865266,-1.2853940105912247,2.19910929935755
51.0,141.0,132.63449096679688,0.5479443307532503,1.4915049366339104,-3.962633557834935,-3.434557513050347,-0.5294494055119336,-0.542783257773751,0.4061124439826367,3.583633584550882,-1.287362823881986,2.17590508380994
51.0,141.0,132.63449096679688,0.5480346334435425,1.4915358671871106,-3.96270189928064,-3.43458928647094,-0.5284934810086279,-0.5427832486341615,0.3955962468310909,3.584020426865266,-1.2853940105912247,2.19910929935755
51.0,141.0,132.63449096679688,0.5478794275128381,1.4915076700365577,-3.9626964198457695,-3.425667844574314,-0.5319093348805342,-0.5427832578724885,0.3954950648561162,3.583632877286047,-1.287425365421958,2.17703297347557
51.0,141.0,132.63449096679688,0.5479443307532503,1.4915049366339104,-3.962633557834935,-3.434557513050347,-0.5294494055119336,-0.542783257773751,0.4061124439826367,3.583633584550882,-1.287362823881986,2.176465109677832
51.0,141.0,132.63449096679688,0.5479450754820889,1.4915358671871106,-3.962703613678171,-3.43458928647094,-0.5284934810086279,-0.5427832576912359,0.3955962468310909,3.583606466606041,-1.2853940105912247,2.19910929935755
51.0,141.0,132.63449096679688,0.5480287078407784,1.49153693704238,-3.962633078016185,-3.434557513050347,-0.5299218603500725,-0.5427832487089763,0.4065301790917218,3.583638363681787,-1.287480815620589,2.17524651555813
51.0,141.0,132.63449096679688,0.5479443307532503,1.491508970508232,-3.962633386298077,-3.43061292192912,-0.5299218603500725,-0.5427832483572392,0.4062155360258249,3.583727937536712,-1.287480815620589,2.17433400351874
51.0,141.0,132.63449096679688,0.5479427179272824,1.491516505548138,-3.962633063453896,-3.4319057602288323,-0.5299152232478644,-0.5427832579015284,0.4061391480894828,3.583631553332056,-1.2874515118743466,2.174841645565911
51.0,141.0,132.63449096679688,0.5479492757942637,1.4915049366339104,-3.962635938705654,-3.434590151118167,-0.5284470075192604,-0.5427832575884135,0.4061124439826367,3.5836522024142505,-1.287362823881986,2.176465109677832
51.0,141.0,132.63449096679688,0.5478767663702792,1.491504888380763,-3.962634649641227,-3.434267066648049,-0.5294494055119336,-0.5427832578722989,0.4057089633595337,3.58362152783983,-1.2873928215836266,2.17590508380994
51.0,141.0,132.63449096679688,0.5479443307532503,1.491508016227045,-3.96263341896752,-3.4306258776168965,-0.5299218603500725,-0.5427832483608991,0.4062155360258249,3.5837066775123203,-1.287480815620589,2.17433400351874
51.0,141.0,132.63449096679688,0.5480346334435425,1.4915358671871106,-3.962701904330587,-3.43458928647094,-0.5284934810086279,-0.5427832483834628,0.3955962468310909,3.584020426865266,-1.2853940105912247,2.19910929935755
51.0,141.0,132.63449096679688,0.547937334783623,1.4915100851427567,-3.9627014968146543,-3.429984982496617,-0.5294568977045776,-0.5427832578974818,0.3699162894566278,3.5836336395795687,-1.2875321439894798,2.1750684624434897
51.0,141.0,132.63449096679688,0.5479528646980325,1.491516505548138,-3.962631667565327,-3.426347203262988,-0.5299152232478644,-0.5427832575034213,0.4061526462829934,3.583627555924569,-1.2874515118743466,2.174247113838662
51.0,141.0,132.63449096679688,0.5479443307532503,1.491649059294594,-3.9625711193724378,-3.4319721003301296,-0.5299218603500725,-0.542783257773751,0.4061391480894828,3.583631553332056,-1.287454885568915,2.174841645565911
51.0,141.0,132.63449096679688,0.5479443307532503,1.4915049366339104,-3.962636557231239,-3.434557513050347,-0.5294494055119336,-0.542783257773751,0.4061166314542819,3.583633584550882,-1.287362823881986,2.17590508380994
51.0,141.0,132.63449096679688,0.5478794275128381,1.4915077276054696,-3.9626964198457695,-3.425667844574314,-0.5319093348805342,-0.5427832578724885,0.3954950648561162,3.583631045299375,-1.287425365421958,2.17703297347557
51.0,141.0,132.63449096679688,0.5479029409119693,1.491649059294594,-3.97078966228464,-3.4319721003301296,-0.5299218603500725,-0.542783257773751,0.4061391480894828,3.583631553332056,-1.287454885568915,2.174841645565911
51.0,141.0,132.63449096679688,0.5480346334435425,1.4915358671871106,-3.96270189928064,-3.43458928647094,-0.5284934810086279,-0.5427832486342066,0.3955962468310909,3.584020426865266,-1.2853940105912247,2.19910929935755
51.0,141.0,132.63449096679688,0.5478794275128381,1.4915076700365577,-3.9626964198457695,-3.425667844574314,-0.5319093348805342,-0.5427832578724885,0.3954950648561162,3.583632877286047,-1.287425365421958,2.187722407741337
51.0,141.0,132.63449096679688,0.5479443307532503,1.4915049366339104,-3.962633557834935,-3.434557513050347,-0.5294494055119336,-0.542783257773751,0.4061124439826367,3.583633584550882,-1.287362823881986,2.1764628145926244
51.0,141.0,132.63449096679688,0.5480346334435425,1.4916432903170778,-3.96270189928064,-3.43331655060021,-0.5284934810086279,-0.542783248628836,0.3955962468310909,3.584020426865266,-1.285442448522945,2.199109367311996
51.0,141.0,132.63449096679688,0.5479443307532503,1.4915087974649832,-3.962633557834935,-3.434557513050347,-0.5294251826963321,-0.542783257773751,0.4062124139839728,3.583633584550882,-1.2873631797148324,2.17590508380994
51.0,141.0,132.63449096679688,0.5479443307532503,1.4915089129393202,-3.962567259995982,-3.434557513050347,-0.5299218603500725,-0.542783257773751,0.4061647558031358,3.583633584550882,-1.2855531915315936,2.174841645565911
51.0,141.0,132.63449096679688,0.5478794275128381,1.4915076700365577,-3.9626964198457695,-3.425667844574314,-0.5319093348805342,-0.5427832578724885,0.3954950648561162,3.583632877286047,-1.287425365421958,2.187722407741337
51.0,141.0,132.63449096679688,0.5478639887015218,1.4915073233667324,-3.962697913983248,-3.434433355144841,-0.5316156650281442,-0.542783257874277,0.3951834383186869,3.5840114240270604,-1.2873924461820083,2.1748392698901005
51.0,141.0,132.63449096679688,0.5478838193881604,1.4916432903170778,-3.9627017689909314,-3.433364401013456,-0.5318780090013744,-0.5427832580051262,0.3955962468310909,3.5836141227178184,-1.285442448522945,2.176734911193642
51.0,141.0,132.63449096679688,0.5479445165980213,1.4915358671871106,-3.9627018978629898,-3.43458928647094,-0.5284934810086279,-0.5427832575244437,0.3955962468310909,3.583606466606041,-1.2853940105912247,2.19910929935755
51.0,141.0,132.63449096679688,0.5479043890797272,1.4915127049508188,-3.96271316174888,-3.434498727021493,-0.5294638845808561,-0.5427832578705125,0.3701326336091446,3.5836336395795687,-1.2873903957378316,2.17518710798944
51.0,141.0,132.63449096679688,0.5479427964495454,1.4915100851427567,-3.9626347177334993,-3.425821383789524,-0.5294494055119336,-0.5427832578974818,0.3701326336091446,3.5836328967575364,-1.287425352698748,2.1748392698901005
51.0,141.0,132.63449096679688,0.5478794275128381,1.491504849395638,-3.9626964198457695,-3.425667844574314,-0.5319093348805342,-0.5427832578724885,0.3955521215916638,3.583632905336649,-1.287425365421958,2.187722407741337
51.0,142.0,132.63449096679688,0.5479443307532503,1.4915049366339104,-3.962633557834935,-3.434557513050347,-0.5294494055119336,-0.542783257773751,0.4061124439826367,3.583633584550882,-1.287362823881986,2.17590508380994
51.0,142.0,132.63449096679688,0.5480346334435425,1.4915358671871106,-3.96270189928064,-3.43458928647094,-0.5284934810086279,-0.5427832486342066,0.3955962468310909,3.584020426865266,-1.2853940105912247,2.19910929935755
51.0,142.0,132.63449096679688,0.5479443307532503,1.4915089129393202,-3.962633386298077,-3.434557513050347,-0.5299218603500725,-0.542783257773751,0.406168943274781,3.583633584550882,-1.287480815620589,2.17524651555813
51.0,142.0,132.63449096679688,0.5479443307532503,1.4915089129393202,-3.962570259392286,-3.434557513050347,-0.5299218603500725,-0.542783257773751,0.406168943274781,3.583633584550882,-1.2855531915315936,2.174841645565911
51.0,142.0,132.63449096679688,0.5479443307532503,1.4915049366339104,-3.962633557834935,-3.434557513050347,-0.5294494055119336,-0.542783257773751,0.4061124439826367,3.583633584550882,-1.287362823881986,2.17590508380994
51.0,142.0,132.63449096679688,0.5480346334435425,1.4915358671871106,-3.96270189928064,-3.43458928647094,-0.5284934810086279,-0.5427832486342066,0.3955962468310909,3.584020426865266,-1.2853940105912247,2.19910929935755
51.0,142.0,132.63449096679688,0.5479427964495454,1.4915100851427567,-3.962634388366512,-3.429984982496617,-0.5294494055119336,-0.5427832578974818,0.3701326336091446,3.5836336395795687,-1.2873924461820083,2.1748392698901005
51.0,142.0,132.63449096679688,0.5479443307532503,1.491649059294594,-3.9625711193724378,-3.4319721003301296,-0.5299218603500725,-0.542783257773751,0.4061391480894828,3.583631553332056,-1.287454885568915,2.174841645565911
51.0,142.0,132.63449096679688,0.5479450754820889,1.4915358671871106,-3.962701730588294,-3.43458928647094,-0.5284934810086279,-0.5427832575244437,0.3955962468310909,3.583606466606041,-1.2853940105912247,2.19910929935755
51.0,142.0,132.63449096679688,0.5479443307532503,1.4915049366339104,-3.962633557834935,-3.434557513050347,-0.5294494055119336,-0.542783257773751,0.4061124439826367,3.583633584550882,-1.287362823881986,2.17590508380994
51.0,142.0,132.63449096679688,0.5478794275128381,1.4915073233667324,-3.962634563205784,-3.425667844574314,-0.5316073164320063,-0.542783257874277,0.4079830073726454,3.5840114016237066,-1.2873924461820083,2.1748392698901005
51.0,142.0,132.63449096679688,0.5478794275128381,1.4915077276054696,-3.9626964198457695,-3.425667844574314,-0.5319093348805342,-0.5427832578724885,0.3954950648561162,3.583631056644436,-1.287425365421958,2.17703297347557
51.0,142.0,132.63449096679688,0.5479443307532503,1.4915089129393202,-3.962633386298077,-3.43061292192912,-0.5299218603500725,-0.5427832483572392,0.4062155360258249,3.5837297581783227,-1.287480815620589,2.17433400351874
51.0,142.0,132.63449096679688,0.5479043890797272,1.4915127049508188,-3.962483624971661,-3.429984982496617,-0.5294494055119336,-0.5427832578974818,0.3701326336091446,3.5836336395795687,-1.2873924461820083,2.1748392698901005
51.0,142.0,132.63449096679688,0.5480346334435425,1.4915358671871106,-3.96270189928064,-3.43458928647094,-0.5284934810086279,-0.5427832486342066,0.3955962468310909,3.584020426865266,-1.2853940105912247,2.19910929935755
51.0,142.0,132.63449096679688,0.5479450754820889,1.4915358671871106,-3.962701730588294,-3.43458928647094,-0.5284934810086279,-0.5427832575244437,0.3955962468310909,3.583606466606041,-1.2853940105912247,2.19910929935755
51.0,142.0,132.63449096679688,0.5479443307532503,1.4915089129393202,-3.962634823555003,-3.434557513050347,-0.5299218603500725,-0.542783257773751,0.4061438604334335,3.583638363681787,-1.287480815620589,2.17524651555813
51.0,142.0,132.63449096679688,0.5479427179272824,1.491516505548138,-3.962633063453896,-3.4319057602288323,-0.5299152232478644,-0.5427832579015284,0.4061391480894828,3.583631553332056,-1.2874515118743466,2.174841645565911
51.0,142.0,132.63449096679688,0.5480346334435425,1.4915358671871106,-3.96270189928064,-3.43458928647094,-0.5284934810086279,-0.5427832486342066,0.3955962468310909,3.584020426865266,-1.2853940105912247,2.19910929935755
51.0,142.0,132.63449096679688,0.5479443307532503,1.4915049366339104,-3.962633557834935,-3.434557513050347,-0.5294494055119336,-0.542783257773751,0.4061124439826367,3.583633584550882,-1.287362823881986,2.17590508380994
51.0,142.0,132.63449096679688,0.5480346334435425,1.4915358671871106,-3.96270189928064,-3.43458928647094,-0.5284934810086279,-0.5427832486341615,0.3955962468310909,3.584020426865266,-1.2853940105912247,2.19910929935755
51.0,142.0,132.63449096679688,0.5478794275128381,1.4915076700365577,-3.9626964198457695,-3.425667844574314,-0.5319093348805342,-0.5427832578724885,0.3954950648561162,3.583632877286047,-1.287425365421958,2.17703297347557
51.0,142.0,132.63449096679688,0.5479443307532503,1.4915049366339104,-3.962633557834935,-3.434557513050347,-0.5294494055119336,-0.542783257773751,0.4061124439826367,3.583633584550882,-1.287362823881986,2.176465109677832
51.0,142.0,132.63449096679688,0.5479450754820889,1.4915358671871106,-3.962703613678171,-3.43458928647094,-0.5284934810086279,-0.5427832576912359,0.3955962468310909,3.583606466606041,-1.2853940105912247,2.19910929935755
51.0,142.0,132.63449096679688,0.5480287078407784,1.49153693704238,-3.962633078016185,-3.434557513050347,-0.5299218603500725,-0.5427832487089763,0.4065301790917218,3.583638363681787,-1.287480815620589,2.17524651555813
51.0,142.0,132.63449096679688,0.5479443307532503,1.491508970508232,-3.962633386298077,-3.43061292192912,-0.5299218603500725,-0.5427832483572392,0.4062155360258249,3.583727937536712,-1.287480815620589,2.17433400351874
51.0,142.0,132.63449096679688,0.5479427179272824,1.491516505548138,-3.962633063453896,-3.4319057602288323,-0.5299152232478644,-0.5427832579015284,0.4061391480894828,3.583631553332056,-1.2874515118743466,2.174841645565911
51.0,142.0,132.63449096679688,0.5479492757942637,1.4915049366339104,-3.962635938705654,-3.434590151118167,-0.5284470075192604,-0.5427832575884135,0.4061124439826367,3.5836522024142505,-1.287362823881986,2.176465109677832
51.0,142.0,132.63449096679688,0.5478767663702792,1.491504888380763,-3.962634649641227,-3.434267066648049,-0.5294494055119336,-0.5427832578722989,0.4057089633595337,3.58362152783983,-1.2873928215836266,2.17590508380994
51.0,142.0,132.63449096679688,0.5479443307532503,1.491508016227045,-3.96263341896752,-3.4306258776168965,-0.5299218603500725,-0.5427832483608991,0.4062155360258249,3.5837066775123203,-1.287480815620589,2.17433400351874
51.0,142.0,132.63449096679688,0.5480346334435425,1.4915358671871106,-3.962701904330587,-3.43458928647094,-0.5284934810086279,-0.5427832483834628,0.3955962468310909,3.584020426865266,-1.2853940105912247,2.19910929935755
51.0,142.0,132.63449096679688,0.547937334783623,1.4915100851427567,-3.9627014968146543,-3.429984982496617,-0.5294568977045776,-0.5427832578974818,0.3699162894566278,3.5836336395795687,-1.2875321439894798,2.1750684624434897
51.0,142.0,132.63449096679688,0.5479528646980325,1.491516505548138,-3.962631667565327,-3.426347203262988,-0.5299152232478644,-0.5427832575034213,0.4061526462829934,3.583627555924569,-1.2874515118743466,2.174247113838662
51.0,142.0,132.63449096679688,0.5479443307532503,1.491649059294594,-3.9625711193724378,-3.4319721003301296,-0.5299218603500725,-0.542783257773751,0.4061391480894828,3.583631553332056,-1.287454885568915,2.174841645565911
51.0,142.0,132.63449096679688,0.5479443307532503,1.4915049366339104,-3.962636557231239,-3.434557513050347,-0.5294494055119336,-0.542783257773751,0.4061166314542819,3.583633584550882,-1.287362823881986,2.17590508380994
51.0,142.0,132.63449096679688,0.5478794275128381,1.4915077276054696,-3.9626964198457695,-3.425667844574314,-0.5319093348805342,-0.5427832578724885,0.3954950648561162,3.583631045299375,-1.287425365421958,2.17703297347557
51.0,142.0,132.63449096679688,0.5479029409119693,1.491649059294594,-3.97078966228464,-3.4319721003301296,-0.5299218603500725,-0.542783257773751,0.4061391480894828,3.583631553332056,-1.287454885568915,2.174841645565911
51.0,142.0,132.63449096679688,0.5480346334435425,1.4915358671871106,-3.96270189928064,-3.43458928647094,-0.5284934810086279,-0.5427832486342066,0.3955962468310909,3.584020426865266,-1.2853940105912247,2.19910929935755
51.0,142.0,132.63449096679688,0.5478794275128381,1.4915076700365577,-3.9626964198457695,-3.425667844574314,-0.5319093348805342,-0.5427832578724885,0.3954950648561162,3.583632877286047,-1.287425365421958,2.187722407741337
51.0,142.0,132.63449096679688,0.5479443307532503,1.4915049366339104,-3.962633557834935,-3.434557513050347,-0.5294494055119336,-0.542783257773751,0.4061124439826367,3.583633584550882,-1.287362823881986,2.1764628145926244
51.0,142.0,132.63449096679688,0.5480346334435425,1.4916432903170778,-3.96270189928064,-3.43331655060021,-0.5284934810086279,-0.542783248628836,0.3955962468310909,3.584020426865266,-1.285442448522945,2.199109367311996
51.0,142.0,132.63449096679688,0.5479443307532503,1.4915087974649832,-3.962633557834935,-3.434557513050347,-0.5294251826963321,-0.542783257773751,0.4062124139839728,3.583633584550882,-1.2873631797148324,2.17590508380994
51.0,142.0,132.63449096679688,0.5479443307532503,1.4915089129393202,-3.962567259995982,-3.434557513050347,-0.5299218603500725,-0.542783257773751,0.4061647558031358,3.583633584550882,-1.2855531915315936,2.174841645565911
51.0,142.0,132.63449096679688,0.5478794275128381,1.4915076700365577,-3.9626964198457695,-3.425667844574314,-0.5319093348805342,-0.5427832578724885,0.3954950648561162,3.583632877286047,-1.287425365421958,2.187722407741337
51.0,142.0,132.63449096679688,0.5478639887015218,1.4915073233667324,-3.962697913983248,-3.434433355144841,-0.5316156650281442,-0.542783257874277,0.3951834383186869,3.5840114240270604,-1.2873924461820083,2.1748392698901005
51.0,142.0,132.63449096679688,0.5478838193881604,1.4916432903170778,-3.9627017689909314,-3.433364401013456,-0.5318780090013744,-0.5427832580051262,0.3955962468310909,3.5836141227178184,-1.285442448522945,2.176734911193642
51.0,142.0,132.63449096679688,0.5479445165980213,1.4915358671871106,-3.9627018978629898,-3.43458928647094,-0.5284934810086279,-0.5427832575244437,0.3955962468310909,3.583606466606041,-1.2853940105912247,2.19910929935755
51.0,142.0,132.63449096679688,0.5479043890797272,1.4915127049508188,-3.96271316174888,-3.434498727021493,-0.5294638845808561,-0.5427832578705125,0.3701326336091446,3.5836336395795687,-1.2873903957378316,2.17518710798944
51.0,142.0,132.63449096679688,0.5479427964495454,1.4915100851427567,-3.9626347177334993,-3.425821383789524,-0.5294494055119336,-0.5427832578974818,0.3701326336091446,3.5836328967575364,-1.287425352698748,2.1748392698901005
51.0,142.0,132.63449096679688,0.5478794275128381,1.491504849395638,-3.9626964198457695,-3.425667844574314,-0.5319093348805342,-0.5427832578724885,0.3955521215916638,3.583632905336649,-1.287425365421958,2.187722407741337
51.0,143.0,132.63449096679688,0.5479443307532503,1.4915049366339104,-3.962633557834935,-3.434557513050347,-0.5294494055119336,-0.542783257773751,0.4061124439826367,3.583633584550882,-1.287362823881986,2.17590508380994
51.0,143.0,132.63449096679688,0.5480346334435425,1.4915358671871106,-3.96270189928064,-3.43458928647094,-0.5284934810086279,-0.5427832486342066,0.3955962468310909,3.584020426865266,-1.2853940105912247,2.19910929935755
51.0,143.0,132.63449096679688,0.5479443307532503,1.4915089129393202,-3.962633386298077,-3.434557513050347,-0.5299218603500725,-0.542783257773751,0.406168943274781,3.583633584550882,-1.287480815620589,2.17524651555813
51.0,143.0,132.63449096679688,0.5479443307532503,1.4915089129393202,-3.962570259392286,-3.434557513050347,-0.5299218603500725,-0.542783257773751,0.406168943274781,3.583633584550882,-1.2855531915315936,2.174841645565911
51.0,143.0,132.63449096679688,0.5479443307532503,1.4915049366339104,-3.962633557834935,-3.434557513050347,-0.5294494055119336,-0.542783257773751,0.4061124439826367,3.583633584550882,-1.287362823881986,2.17590508380994
51.0,143.0,132.63449096679688,0.5480346334435425,1.4915358671871106,-3.96270189928064,-3.43458928647094,-0.5284934810086279,-0.5427832486342066,0.3955962468310909,3.584020426865266,-1.2853940105912247,2.19910929935755
51.0,143.0,132.63449096679688,0.5479427964495454,1.4915100851427567,-3.962634388366512,-3.429984982496617,-0.5294494055119336,-0.5427832578974818,0.3701326336091446,3.5836336395795687,-1.2873924461820083,2.1748392698901005
51.0,143.0,132.63449096679688,0.5479443307532503,1.491649059294594,-3.9625711193724378,-3.4319721003301296,-0.5299218603500725,-0.542783257773751,0.4061391480894828,3.583631553332056,-1.287454885568915,2.174841645565911
51.0,143.0,132.63449096679688,0.5479450754820889,1.4915358671871106,-3.962701730588294,-3.43458928647094,-0.5284934810086279,-0.5427832575244437,0.3955962468310909,3.583606466606041,-1.2853940105912247,2.19910929935755
51.0,143.0,132.63449096679688,0.5479443307532503,1.4915049366339104,-3.962633557834935,-3.434557513050347,-0.5294494055119336,-0.542783257773751,0.4061124439826367,3.583633584550882,-1.287362823881986,2.17590508380994
51.0,143.0,132.63449096679688,0.5478794275128381,1.4915073233667324,-3.962634563205784,-3.425667844574314,-0.5316073164320063,-0.542783257874277,0.4079830073726454,3.5840114016237066,-1.2873924461820083,2.1748392698901005
51.0,143.0,132.63449096679688,0.5478794275128381,1.4915077276054696,-3.9626964198457695,-3.425667844574314,-0.5319093348805342,-0.5427832578724885,0.3954950648561162,3.583631056644436,-1.287425365421958,2.17703297347557
51.0,143.0,132.63449096679688,0.5479443307532503,1.4915089129393202,-3.962633386298077,-3.43061292192912,-0.5299218603500725,-0.5427832483572392,0.4062155360258249,3.5837297581783227,-1.287480815620589,2.17433400351874
51.0,143.0,132.63449096679688,0.5479043890797272,1.4915127049508188,-3.962483624971661,-3.429984982496617,-0.5294494055119336,-0.5427832578974818,0.3701326336091446,3.5836336395795687,-1.2873924461820083,2.1748392698901005
51.0,143.0,132.63449096679688,0.5480346334435425,1.4915358671871106,-3.96270189928064,-3.43458928647094,-0.5284934810086279,-0.5427832486342066,0.3955962468310909,3.584020426865266,-1.2853940105912247,2.19910929935755
51.0,143.0,132.63449096679688,0.5479450754820889,1.4915358671871106,-3.962701730588294,-3.43458928647094,-0.5284934810086279,-0.5427832575244437,0.3955962468310909,3.583606466606041,-1.2853940105912247,2.19910929935755
51.0,143.0,132.63449096679688,0.5479443307532503,1.4915089129393202,-3.962634823555003,-3.434557513050347,-0.5299218603500725,-0.542783257773751,0.4061438604334335,3.583638363681787,-1.287480815620589,2.17524651555813
51.0,143.0,132.63449096679688,0.5479427179272824,1.491516505548138,-3.962633063453896,-3.4319057602288323,-0.5299152232478644,-0.5427832579015284,0.4061391480894828,3.583631553332056,-1.2874515118743466,2.174841645565911
51.0,143.0,132.63449096679688,0.5480346334435425,1.4915358671871106,-3.96270189928064,-3.43458928647094,-0.5284934810086279,-0.5427832486342066,0.3955962468310909,3.584020426865266,-1.2853940105912247,2.19910929935755
51.0,143.0,132.63449096679688,0.5479443307532503,1.4915049366339104,-3.962633557834935,-3.434557513050347,-0.5294494055119336,-0.542783257773751,0.4061124439826367,3.583633584550882,-1.287362823881986,2.17590508380994
51.0,143.0,132.63449096679688,0.5480346334435425,1.4915358671871106,-3.96270189928064,-3.43458928647094,-0.5284934810086279,-0.5427832486341615,0.3955962468310909,3.584020426865266,-1.2853940105912247,2.19910929935755
51.0,143.0,132.63449096679688,0.5478794275128381,1.4915076700365577,-3.9626964198457695,-3.425667844574314,-0.5319093348805342,-0.5427832578724885,0.3954950648561162,3.583632877286047,-1.287425365421958,2.17703297347557
51.0,143.0,132.63449096679688,0.5479443307532503,1.4915049366339104,-3.962633557834935,-3.434557513050347,-0.5294494055119336,-0.542783257773751,0.4061124439826367,3.583633584550882,-1.287362823881986,2.176465109677832
51.0,143.0,132.63449096679688,0.5479450754820889,1.4915358671871106,-3.962703613678171,-3.43458928647094,-0.5284934810086279,-0.5427832576912359,0.3955962468310909,3.583606466606041,-1.2853940105912247,2.19910929935755
51.0,143.0,132.63449096679688,0.5480287078407784,1.49153693704238,-3.962633078016185,-3.434557513050347,-0.5299218603500725,-0.5427832487089763,0.4065301790917218,3.583638363681787,-1.287480815620589,2.17524651555813
51.0,143.0,132.63449096679688,0.5479443307532503,1.491508970508232,-3.962633386298077,-3.43061292192912,-0.5299218603500725,-0.5427832483572392,0.4062155360258249,3.583727937536712,-1.287480815620589,2.17433400351874
51.0,143.0,132.63449096679688,0.5479427179272824,1.491516505548138,-3.962633063453896,-3.4319057602288323,-0.5299152232478644,-0.5427832579015284,0.4061391480894828,3.583631553332056,-1.2874515118743466,2.174841645565911
51.0,143.0,132.63449096679688,0.5479492757942637,1.4915049366339104,-3.962635938705654,-3.434590151118167,-0.5284470075192604,-0.5427832575884135,0.4061124439826367,3.5836522024142505,-1.287362823881986,2.176465109677832
51.0,143.0,132.63449096679688,0.5478767663702792,1.491504888380763,-3.962634649641227,-3.434267066648049,-0.5294494055119336,-0.5427832578722989,0.4057089633595337,3.58362152783983,-1.2873928215836266,2.17590508380994
51.0,143.0,132.63449096679688,0.5479443307532503,1.491508016227045,-3.96263341896752,-3.4306258776168965,-0.5299218603500725,-0.5427832483608991,0.4062155360258249,3.5837066775123203,-1.287480815620589,2.17433400351874
51.0,143.0,132.63449096679688,0.5480346334435425,1.4915358671871106,-3.962701904330587,-3.43458928647094,-0.5284934810086279,-0.5427832483834628,0.3955962468310909,3.584020426865266,-1.2853940105912247,2.19910929935755
51.0,143.0,132.63449096679688,0.547937334783623,1.4915100851427567,-3.9627014968146543,-3.429984982496617,-0.5294568977045776,-0.5427832578974818,0.3699162894566278,3.5836336395795687,-1.2875321439894798,2.1750684624434897
51.0,143.0,132.63449096679688,0.5479528646980325,1.491516505548138,-3.962631667565327,-3.426347203262988,-0.5299152232478644,-0.5427832575034213,0.4061526462829934,3.583627555924569,-1.2874515118743466,2.174247113838662
51.0,143.0,132.63449096679688,0.5479443307532503,1.491649059294594,-3.9625711193724378,-3.4319721003301296,-0.5299218603500725,-0.542783257773751,0.4061391480894828,3.583631553332056,-1.287454885568915,2.174841645565911
51.0,143.0,132.63449096679688,0.5479443307532503,1.4915049366339104,-3.962636557231239,-3.434557513050347,-0.5294494055119336,-0.542783257773751,0.4061166314542819,3.583633584550882,-1.287362823881986,2.17590508380994
51.0,143.0,132.63449096679688,0.5478794275128381,1.4915077276054696,-3.9626964198457695,-3.425667844574314,-0.5319093348805342,-0.5427832578724885,0.3954950648561162,3.583631045299375,-1.287425365421958,2.17703297347557
51.0,143.0,132.63449096679688,0.5479029409119693,1.491649059294594,-3.97078966228464,-3.4319721003301296,-0.5299218603500725,-0.542783257773751,0.4061391480894828,3.583631553332056,-1.287454885568915,2.174841645565911
51.0,143.0,132.63449096679688,0.5480346334435425,1.4915358671871106,-3.96270189928064,-3.43458928647094,-0.5284934810086279,-0.5427832486342066,0.3955962468310909,3.584020426865266,-1.2853940105912247,2.19910929935755
51.0,143.0,132.63449096679688,0.5478794275128381,1.4915076700365577,-3.9626964198457695,-3.425667844574314,-0.5319093348805342,-0.5427832578724885,0.3954950648561162,3.583632877286047,-1.287425365421958,2.187722407741337
51.0,143.0,132.63449096679688,0.5479443307532503,1.4915049366339104,-3.962633557834935,-3.434557513050347,-0.5294494055119336,-0.542783257773751,0.4061124439826367,3.583633584550882,-1.287362823881986,2.1764628145926244
51.0,143.0,132.63449096679688,0.5480346334435425,1.4916432903170778,-3.96270189928064,-3.43331655060021,-0.5284934810086279,-0.542783248628836,0.3955962468310909,3.584020426865266,-1.285442448522945,2.199109367311996
51.0,143.0,132.63449096679688,0.5479443307532503,1.4915087974649832,-3.962633557834935,-3.434557513050347,-0.5294251826963321,-0.542783257773751,0.4062124139839728,3.583633584550882,-1.2873631797148324,2.17590508380994
51.0,143.0,132.63449096679688,0.5479443307532503,1.4915089129393202,-3.962567259995982,-3.434557513050347,-0.5299218603500725,-0.542783257773751,0.4061647558031358,3.583633584550882,-1.2855531915315936,2.174841645565911
51.0,143.0,132.63449096679688,0.5478794275128381,1.4915076700365577,-3.9626964198457695,-3.425667844574314,-0.5319093348805342,-0.5427832578724885,0.3954950648561162,3.583632877286047,-1.287425365421958,2.187722407741337
51.0,143.0,132.63449096679688,0.5478639887015218,1.4915073233667324,-3.962697913983248,-3.434433355144841,-0.5316156650281442,-0.542783257874277,0.3951834383186869,3.5840114240270604,-1.2873924461820083,2.1748392698901005
51.0,143.0,132.63449096679688,0.5478838193881604,1.4916432903170778,-3.9627017689909314,-3.433364401013456,-0.5318780090013744,-0.5427832580051262,0.3955962468310909,3.5836141227178184,-1.285442448522945,2.176734911193642
51.0,143.0,132.63449096679688,0.5479445165980213,1.4915358671871106,-3.9627018978629898,-3.43458928647094,-0.5284934810086279,-0.5427832575244437,0.3955962468310909,3.583606466606041,-1.2853940105912247,2.19910929935755
51.0,143.0,132.63449096679688,0.5479043890797272,1.4915127049508188,-3.96271316174888,-3.434498727021493,-0.5294638845808561,-0.5427832578705125,0.3701326336091446,3.5836336395795687,-1.2873903957378316,2.17518710798944
51.0,143.0,132.63449096679688,0.5479427964495454,1.4915100851427567,-3.9626347177334993,-3.425821383789524,-0.5294494055119336,-0.5427832578974818,0.3701326336091446,3.5836328967575364,-1.287425352698748,2.1748392698901005
51.0,143.0,132.63449096679688,0.5478794275128381,1.491504849395638,-3.9626964198457695,-3.425667844574314,-0.5319093348805342,-0.5427832578724885,0.3955521215916638,3.583632905336649,-1.287425365421958,2.187722407741337
51.0,144.0,132.63449096679688,0.5479443307532503,1.4915049366339104,-3.962633557834935,-3.434557513050347,-0.5294494055119336,-0.542783257773751,0.4061124439826367,3.583633584550882,-1.287362823881986,2.17590508380994
51.0,144.0,132.63449096679688,0.5480346334435425,1.4915358671871106,-3.96270189928064,-3.43458928647094,-0.5284934810086279,-0.5427832486342066,0.3955962468310909,3.584020426865266,-1.2853940105912247,2.19910929935755
51.0,144.0,132.63449096679688,0.5479443307532503,1.4915089129393202,-3.962633386298077,-3.434557513050347,-0.5299218603500725,-0.542783257773751,0.406168943274781,3.583633584550882,-1.287480815620589,2.17524651555813
51.0,144.0,132.63449096679688,0.5479443307532503,1.4915089129393202,-3.962570259392286,-3.434557513050347,-0.5299218603500725,-0.542783257773751,0.406168943274781,3.583633584550882,-1.2855531915315936,2.174841645565911
51.0,144.0,132.63449096679688,0.5479443307532503,1.4915049366339104,-3.962633557834935,-3.434557513050347,-0.5294494055119336,-0.542783257773751,0.4061124439826367,3.583633584550882,-1.287362823881986,2.17590508380994
51.0,144.0,132.63449096679688,0.5480346334435425,1.4915358671871106,-3.96270189928064,-3.43458928647094,-0.5284934810086279,-0.5427832486342066,0.3955962468310909,3.584020426865266,-1.2853940105912247,2.19910929935755
51.0,144.0,132.63449096679688,0.5479427964495454,1.4915100851427567,-3.962634388366512,-3.429984982496617,-0.5294494055119336,-0.5427832578974818,0.3701326336091446,3.5836336395795687,-1.2873924461820083,2.1748392698901005
51.0,144.0,132.63449096679688,0.5479443307532503,1.491649059294594,-3.9625711193724378,-3.4319721003301296,-0.5299218603500725,-0.542783257773751,0.4061391480894828,3.583631553332056,-1.287454885568915,2.174841645565911
51.0,144.0,132.63449096679688,0.5479450754820889,1.4915358671871106,-3.962701730588294,-3.43458928647094,-0.5284934810086279,-0.5427832575244437,0.3955962468310909,3.583606466606041,-1.2853940105912247,2.19910929935755
51.0,144.0,132.63449096679688,0.5479443307532503,1.4915049366339104,-3.962633557834935,-3.434557513050347,-0.5294494055119336,-0.542783257773751,0.4061124439826367,3.583633584550882,-1.287362823881986,2.17590508380994
51.0,144.0,132.63449096679688,0.5478794275128381,1.4915073233667324,-3.962634563205784,-3.425667844574314,-0.5316073164320063,-0.542783257874277,0.4079830073726454,3.5840114016237066,-1.2873924461820083,2.1748392698901005
51.0,144.0,132.63449096679688,0.5478794275128381,1.4915077276054696,-3.9626964198457695,-3.425667844574314,-0.5319093348805342,-0.5427832578724885,0.3954950648561162,3.583631056644436,-1.287425365421958,2.17703297347557
51.0,144.0,132.63449096679688,0.5479443307532503,1.4915089129393202,-3.962633386298077,-3.43061292192912,-0.5299218603500725,-0.5427832483572392,0.4062155360258249,3.5837297581783227,-1.287480815620589,2.17433400351874
51.0,144.0,132.63449096679688,0.5479043890797272,1.4915127049508188,-3.962483624971661,-3.429984982496617,-0.5294494055119336,-0.5427832578974818,0.3701326336091446,3.5836336395795687,-1.2873924461820083,2.1748392698901005
51.0,144.0,132.63449096679688,0.5480346334435425,1.4915358671871106,-3.96270189928064,-3.43458928647094,-0.5284934810086279,-0.5427832486342066,0.3955962468310909,3.584020426865266,-1.2853940105912247,2.19910929935755
51.0,144.0,132.63449096679688,0.5479450754820889,1.4915358671871106,-3.962701730588294,-3.43458928647094,-0.5284934810086279,-0.5427832575244437,0.3955962468310909,3.583606466606041,-1.2853940105912247,2.19910929935755
51.0,144.0,132.63449096679688,0.5479443307532503,1.4915089129393202,-3.962634823555003,-3.434557513050347,-0.5299218603500725,-0.542783257773751,0.4061438604334335,3.583638363681787,-1.287480815620589,2.17524651555813
51.0,144.0,132.63449096679688,0.5479427179272824,1.491516505548138,-3.962633063453896,-3.4319057602288323,-0.5299152232478644,-0.5427832579015284,0.4061391480894828,3.583631553332056,-1.2874515118743466,2.174841645565911
51.0,144.0,132.63449096679688,0.5480346334435425,1.4915358671871106,-3.96270189928064,-3.43458928647094,-0.5284934810086279,-0.5427832486342066,0.3955962468310909,3.584020426865266,-1.2853940105912247,2.19910929935755
51.0,144.0,132.63449096679688,0.5479443307532503,1.4915049366339104,-3.962633557834935,-3.434557513050347,-0.5294494055119336,-0.542783257773751,0.4061124439826367,3.583633584550882,-1.287362823881986,2.17590508380994
51.0,144.0,132.63449096679688,0.5480346334435425,1.4915358671871106,-3.96270189928064,-3.43458928647094,-0.5284934810086279,-0.5427832486341615,0.3955962468310909,3.584020426865266,-1.2853940105912247,2.19910929935755
51.0,144.0,132.63449096679688,0.5478794275128381,1.4915076700365577,-3.9626964198457695,-3.425667844574314,-0.5319093348805342,-0.5427832578724885,0.3954950648561162,3.583632877286047,-1.287425365421958,2.17703297347557
51.0,144.0,132.63449096679688,0.5479443307532503,1.4915049366339104,-3.962633557834935,-3.434557513050347,-0.5294494055119336,-0.542783257773751,0.4061124439826367,3.583633584550882,-1.287362823881986,2.176465109677832
51.0,144.0,132.63449096679688,0.5479450754820889,1.4915358671871106,-3.962703613678171,-3.43458928647094,-0.5284934810086279,-0.5427832576912359,0.3955962468310909,3.583606466606041,-1.2853940105912247,2.19910929935755
51.0,144.0,132.63449096679688,0.5480287078407784,1.49153693704238,-3.962633078016185,-3.434557513050347,-0.5299218603500725,-0.5427832487089763,0.4065301790917218,3.583638363681787,-1.287480815620589,2.17524651555813
51.0,144.0,132.63449096679688,0.5479443307532503,1.491508970508232,-3.962633386298077,-3.43061292192912,-0.5299218603500725,-0.5427832483572392,0.4062155360258249,3.583727937536712,-1.287480815620589,2.17433400351874
51.0,144.0,132.63449096679688,0.5479427179272824,1.491516505548138,-3.962633063453896,-3.4319057602288323,-0.5299152232478644,-0.5427832579015284,0.4061391480894828,3.583631553332056,-1.2874515118743466,2.174841645565911
51.0,144.0,132.63449096679688,0.5479492757942637,1.4915049366339104,-3.962635938705654,-3.434590151118167,-0.5284470075192604,-0.5427832575884135,0.4061124439826367,3.5836522024142505,-1.287362823881986,2.176465109677832
51.0,144.0,132.63449096679688,0.5478767663702792,1.491504888380763,-3.962634649641227,-3.434267066648049,-0.5294494055119336,-0.5427832578722989,0.4057089633595337,3.58362152783983,-1.2873928215836266,2.17590508380994
51.0,144.0,132.63449096679688,0.5479443307532503,1.491508016227045,-3.96263341896752,-3.4306258776168965,-0.5299218603500725,-0.5427832483608991,0.4062155360258249,3.5837066775123203,-1.287480815620589,2.17433400351874
51.0,144.0,132.63449096679688,0.5480346334435425,1.4915358671871106,-3.962701904330587,-3.43458928647094,-0.5284934810086279,-0.5427832483834628,0.3955962468310909,3.584020426865266,-1.2853940105912247,2.19910929935755
51.0,144.0,132.63449096679688,0.547937334783623,1.4915100851427567,-3.9627014968146543,-3.429984982496617,-0.5294568977045776,-0.5427832578974818,0.3699162894566278,3.5836336395795687,-1.2875321439894798,2.1750684624434897
51.0,144.0,132.63449096679688,0.5479528646980325,1.491516505548138,-3.962631667565327,-3.426347203262988,-0.5299152232478644,-0.5427832575034213,0.4061526462829934,3.583627555924569,-1.2874515118743466,2.174247113838662
51.0,144.0,132.63449096679688,0.5479443307532503,1.491649059294594,-3.9625711193724378,-3.4319721003301296,-0.5299218603500725,-0.542783257773751,0.4061391480894828,3.583631553332056,-1.287454885568915,2.174841645565911
51.0,144.0,132.63449096679688,0.5479443307532503,1.4915049366339104,-3.962636557231239,-3.434557513050347,-0.5294494055119336,-0.542783257773751,0.4061166314542819,3.583633584550882,-1.287362823881986,2.17590508380994
51.0,144.0,132.63449096679688,0.5478794275128381,1.4915077276054696,-3.9626964198457695,-3.425667844574314,-0.5319093348805342,-0.5427832578724885,0.3954950648561162,3.583631045299375,-1.287425365421958,2.17703297347557
51.0,144.0,132.63449096679688,0.5479029409119693,1.491649059294594,-3.97078966228464,-3.4319721003301296,-0.5299218603500725,-0.542783257773751,0.4061391480894828,3.583631553332056,-1.287454885568915,2.174841645565911
51.0,144.0,132.63449096679688,0.5480346334435425,1.4915358671871106,-3.96270189928064,-3.43458928647094,-0.5284934810086279,-0.5427832486342066,0.3955962468310909,3.584020426865266,-1.2853940105912247,2.19910929935755
51.0,144.0,132.63449096679688,0.5478794275128381,1.4915076700365577,-3.9626964198457695,-3.425667844574314,-0.5319093348805342,-0.5427832578724885,0.3954950648561162,3.583632877286047,-1.287425365421958,2.187722407741337
51.0,144.0,132.63449096679688,0.5479443307532503,1.4915049366339104,-3.962633557834935,-3.434557513050347,-0.5294494055119336,-0.542783257773751,0.4061124439826367,3.583633584550882,-1.287362823881986,2.1764628145926244
51.0,144.0,132.63449096679688,0.5480346334435425,1.4916432903170778,-3.96270189928064,-3.43331655060021,-0.5284934810086279,-0.542783248628836,0.3955962468310909,3.584020426865266,-1.285442448522945,2.199109367311996
51.0,144.0,132.63449096679688,0.5479443307532503,1.4915087974649832,-3.962633557834935,-3.434557513050347,-0.5294251826963321,-0.542783257773751,0.4062124139839728,3.583633584550882,-1.2873631797148324,2.17590508380994
51.0,144.0,132.63449096679688,0.5479443307532503,1.4915089129393202,-3.962567259995982,-3.434557513050347,-0.5299218603500725,-0.542783257773751,0.4061647558031358,3.583633584550882,-1.2855531915315936,2.174841645565911
51.0,144.0,132.63449096679688,0.5478794275128381,1.4915076700365577,-3.9626964198457695,-3.425667844574314,-0.5319093348805342,-0.5427832578724885,0.3954950648561162,3.583632877286047,-1.287425365421958,2.187722407741337
51.0,144.0,132.63449096679688,0.5478639887015218,1.4915073233667324,-3.962697913983248,-3.434433355144841,-0.5316156650281442,-0.542783257874277,0.3951834383186869,3.5840114240270604,-1.2873924461820083,2.1748392698901005
51.0,144.0,132.63449096679688,0.5478838193881604,1.4916432903170778,-3.9627017689909314,-3.433364401013456,-0.5318780090013744,-0.5427832580051262,0.3955962468310909,3.5836141227178184,-1.285442448522945,2.176734911193642
51.0,144.0,132.63449096679688,0.5479445165980213,1.4915358671871106,-3.9627018978629898,-3.43458928647094,-0.5284934810086279,-0.5427832575244437,0.3955962468310909,3.583606466606041,-1.2853940105912247,2.19910929935755
51.0,144.0,132.63449096679688,0.5479043890797272,1.4915127049508188,-3.96271316174888,-3.434498727021493,-0.5294638845808561,-0.5427832578705125,0.3701326336091446,3.5836336395795687,-1.2873903957378316,2.17518710798944
51.0,144.0,132.63449096679688,0.5479427964495454,1.4915100851427567,-3.9626347177334993,-3.425821383789524,-0.5294494055119336,-0.5427832578974818,0.3701326336091446,3.5836328967575364,-1.287425352698748,2.1748392698901005
51.0,144.0,132.63449096679688,0.5478794275128381,1.491504849395638,-3.9626964198457695,-3.425667844574314,-0.5319093348805342,-0.5427832578724885,0.3955521215916638,3.583632905336649,-1.287425365421958,2.187722407741337
51.0,145.0,132.63449096679688,0.5479443307532503,1.4915049366339104,-3.962633557834935,-3.434557513050347,-0.5294494055119336,-0.542783257773751,0.4061124439826367,3.583633584550882,-1.287362823881986,2.17590508380994
51.0,145.0,132.63449096679688,0.5480346334435425,1.4915358671871106,-3.96270189928064,-3.43458928647094,-0.5284934810086279,-0.5427832486342066,0.3955962468310909,3.584020426865266,-1.2853940105912247,2.19910929935755
51.0,145.0,132.63449096679688,0.5479443307532503,1.4915089129393202,-3.962633386298077,-3.434557513050347,-0.5299218603500725,-0.542783257773751,0.406168943274781,3.583633584550882,-1.287480815620589,2.17524651555813
51.0,145.0,132.63449096679688,0.5479443307532503,1.4915089129393202,-3.962570259392286,-3.434557513050347,-0.5299218603500725,-0.542783257773751,0.406168943274781,3.583633584550882,-1.2855531915315936,2.174841645565911
51.0,145.0,132.63449096679688,0.5479443307532503,1.4915049366339104,-3.962633557834935,-3.434557513050347,-0.5294494055119336,-0.542783257773751,0.4061124439826367,3.583633584550882,-1.287362823881986,2.17590508380994
51.0,145.0,132.63449096679688,0.5480346334435425,1.4915358671871106,-3.96270189928064,-3.43458928647094,-0.5284934810086279,-0.5427832486342066,0.3955962468310909,3.584020426865266,-1.2853940105912247,2.19910929935755
51.0,145.0,132.63449096679688,0.5479427964495454,1.4915100851427567,-3.962634388366512,-3.429984982496617,-0.5294494055119336,-0.5427832578974818,0.3701326336091446,3.5836336395795687,-1.2873924461820083,2.1748392698901005
51.0,145.0,132.63449096679688,0.5479443307532503,1.491649059294594,-3.9625711193724378,-3.4319721003301296,-0.5299218603500725,-0.542783257773751,0.4061391480894828,3.583631553332056,-1.287454885568915,2.174841645565911
51.0,145.0,132.63449096679688,0.5479450754820889,1.4915358671871106,-3.962701730588294,-3.43458928647094,-0.5284934810086279,-0.5427832575244437,0.3955962468310909,3.583606466606041,-1.2853940105912247,2.19910929935755
51.0,145.0,132.63449096679688,0.5479443307532503,1.4915049366339104,-3.962633557834935,-3.434557513050347,-0.5294494055119336,-0.542783257773751,0.4061124439826367,3.583633584550882,-1.287362823881986,2.17590508380994
51.0,145.0,132.63449096679688,0.5478794275128381,1.4915073233667324,-3.962634563205784,-3.425667844574314,-0.5316073164320063,-0.542783257874277,0.4079830073726454,3.5840114016237066,-1.2873924461820083,2.1748392698901005
51.0,145.0,132.63449096679688,0.5478794275128381,1.4915077276054696,-3.9626964198457695,-3.425667844574314,-0.5319093348805342,-0.5427832578724885,0.3954950648561162,3.583631056644436,-1.287425365421958,2.17703297347557
51.0,145.0,132.63449096679688,0.5479443307532503,1.4915089129393202,-3.962633386298077,-3.43061292192912,-0.5299218603500725,-0.5427832483572392,0.4062155360258249,3.5837297581783227,-1.287480815620589,2.17433400351874
51.0,145.0,132.63449096679688,0.5479043890797272,1.4915127049508188,-3.962483624971661,-3.429984982496617,-0.5294494055119336,-0.5427832578974818,0.3701326336091446,3.5836336395795687,-1.2873924461820083,2.1748392698901005
51.0,145.0,132.63449096679688,0.5480346334435425,1.4915358671871106,-3.96270189928064,-3.43458928647094,-0.5284934810086279,-0.5427832486342066,0.3955962468310909,3.584020426865266,-1.2853940105912247,2.19910929935755
51.0,145.0,132.63449096679688,0.5479450754820889,1.4915358671871106,-3.962701730588294,-3.43458928647094,-0.5284934810086279,-0.5427832575244437,0.3955962468310909,3.583606466606041,-1.2853940105912247,2.19910929935755
51.0,145.0,132.63449096679688,0.5479443307532503,1.4915089129393202,-3.962634823555003,-3.434557513050347,-0.5299218603500725,-0.542783257773751,0.4061438604334335,3.583638363681787,-1.287480815620589,2.17524651555813
51.0,145.0,132.63449096679688,0.5479427179272824,1.491516505548138,-3.962633063453896,-3.4319057602288323,-0.5299152232478644,-0.5427832579015284,0.4061391480894828,3.583631553332056,-1.2874515118743466,2.174841645565911
51.0,145.0,132.63449096679688,0.5480346334435425,1.4915358671871106,-3.96270189928064,-3.43458928647094,-0.5284934810086279,-0.5427832486342066,0.3955962468310909,3.584020426865266,-1.2853940105912247,2.19910929935755
51.0,145.0,132.63449096679688,0.5479443307532503,1.4915049366339104,-3.962633557834935,-3.434557513050347,-0.5294494055119336,-0.542783257773751,0.4061124439826367,3.583633584550882,-1.287362823881986,2.17590508380994
51.0,145.0,132.63449096679688,0.5480346334435425,1.4915358671871106,-3.96270189928064,-3.43458928647094,-0.5284934810086279,-0.5427832486341615,0.3955962468310909,3.584020426865266,-1.2853940105912247,2.19910929935755
51.0,145.0,132.63449096679688,0.5478794275128381,1.4915076700365577,-3.9626964198457695,-3.425667844574314,-0.5319093348805342,-0.5427832578724885,0.3954950648561162,3.583632877286047,-1.287425365421958,2.17703297347557
51.0,145.0,132.63449096679688,0.5479443307532503,1.4915049366339104,-3.962633557834935,-3.434557513050347,-0.5294494055119336,-0.542783257773751,0.4061124439826367,3.583633584550882,-1.287362823881986,2.176465109677832
51.0,145.0,132.63449096679688,0.5479450754820889,1.4915358671871106,-3.962703613678171,-3.43458928647094,-0.5284934810086279,-0.5427832576912359,0.3955962468310909,3.583606466606041,-1.2853940105912247,2.19910929935755
51.0,145.0,132.63449096679688,0.5480287078407784,1.49153693704238,-3.962633078016185,-3.434557513050347,-0.5299218603500725,-0.5427832487089763,0.4065301790917218,3.583638363681787,-1.287480815620589,2.17524651555813
51.0,145.0,132.63449096679688,0.5479443307532503,1.491508970508232,-3.962633386298077,-3.43061292192912,-0.5299218603500725,-0.5427832483572392,0.4062155360258249,3.583727937536712,-1.287480815620589,2.17433400351874
51.0,145.0,132.63449096679688,0.5479427179272824,1.491516505548138,-3.962633063453896,-3.4319057602288323,-0.5299152232478644,-0.5427832579015284,0.4061391480894828,3.583631553332056,-1.2874515118743466,2.174841645565911
51.0,145.0,132.63449096679688,0.5479492757942637,1.4915049366339104,-3.962635938705654,-3.434590151118167,-0.5284470075192604,-0.5427832575884135,0.4061124439826367,3.5836522024142505,-1.287362823881986,2.176465109677832
51.0,145.0,132.63449096679688,0.5478767663702792,1.491504888380763,-3.962634649641227,-3.434267066648049,-0.5294494055119336,-0.5427832578722989,0.4057089633595337,3.58362152783983,-1.2873928215836266,2.17590508380994
51.0,145.0,132.63449096679688,0.5479443307532503,1.491508016227045,-3.96263341896752,-3.4306258776168965,-0.5299218603500725,-0.5427832483608991,0.4062155360258249,3.5837066775123203,-1.287480815620589,2.17433400351874
51.0,145.0,132.63449096679688,0.5480346334435425,1.4915358671871106,-3.962701904330587,-3.43458928647094,-0.5284934810086279,-0.5427832483834628,0.3955962468310909,3.584020426865266,-1.2853940105912247,2.19910929935755
51.0,145.0,132.63449096679688,0.547937334783623,1.4915100851427567,-3.9627014968146543,-3.429984982496617,-0.5294568977045776,-0.5427832578974818,0.3699162894566278,3.5836336395795687,-1.2875321439894798,2.1750684624434897
51.0,145.0,132.63449096679688,0.5479528646980325,1.491516505548138,-3.962631667565327,-3.426347203262988,-0.5299152232478644,-0.5427832575034213,0.4061526462829934,3.583627555924569,-1.2874515118743466,2.174247113838662
51.0,145.0,132.63449096679688,0.5479443307532503,1.491649059294594,-3.9625711193724378,-3.4319721003301296,-0.5299218603500725,-0.542783257773751,0.4061391480894828,3.583631553332056,-1.287454885568915,2.174841645565911
51.0,145.0,132.63449096679688,0.5479443307532503,1.4915049366339104,-3.962636557231239,-3.434557513050347,-0.5294494055119336,-0.542783257773751,0.4061166314542819,3.583633584550882,-1.287362823881986,2.17590508380994
51.0,145.0,132.63449096679688,0.5478794275128381,1.4915077276054696,-3.9626964198457695,-3.425667844574314,-0.5319093348805342,-0.5427832578724885,0.3954950648561162,3.583631045299375,-1.287425365421958,2.17703297347557
51.0,145.0,132.63449096679688,0.5479029409119693,1.491649059294594,-3.97078966228464,-3.4319721003301296,-0.5299218603500725,-0.542783257773751,0.4061391480894828,3.583631553332056,-1.287454885568915,2.174841645565911
51.0,145.0,132.63449096679688,0.5480346334435425,1.4915358671871106,-3.96270189928064,-3.43458928647094,-0.5284934810086279,-0.5427832486342066,0.3955962468310909,3.584020426865266,-1.2853940105912247,2.19910929935755
51.0,145.0,132.63449096679688,0.5478794275128381,1.4915076700365577,-3.9626964198457695,-3.425667844574314,-0.5319093348805342,-0.5427832578724885,0.3954950648561162,3.583632877286047,-1.287425365421958,2.187722407741337
51.0,145.0,132.63449096679688,0.5479443307532503,1.4915049366339104,-3.962633557834935,-3.434557513050347,-0.5294494055119336,-0.542783257773751,0.4061124439826367,3.583633584550882,-1.287362823881986,2.1764628145926244
51.0,145.0,132.63449096679688,0.5480346334435425,1.4916432903170778,-3.96270189928064,-3.43331655060021,-0.5284934810086279,-0.542783248628836,0.3955962468310909,3.584020426865266,-1.285442448522945,2.199109367311996
51.0,145.0,132.63449096679688,0.5479443307532503,1.4915087974649832,-3.962633557834935,-3.434557513050347,-0.5294251826963321,-0.542783257773751,0.4062124139839728,3.583633584550882,-1.2873631797148324,2.17590508380994
51.0,145.0,132.63449096679688,0.5479443307532503,1.4915089129393202,-3.962567259995982,-3.434557513050347,-0.5299218603500725,-0.542783257773751,0.4061647558031358,3.583633584550882,-1.2855531915315936,2.174841645565911
51.0,145.0,132.63449096679688,0.5478794275128381,1.4915076700365577,-3.9626964198457695,-3.425667844574314,-0.5319093348805342,-0.5427832578724885,0.3954950648561162,3.583632877286047,-1.287425365421958,2.187722407741337
51.0,145.0,132.63449096679688,0.5478639887015218,1.4915073233667324,-3.962697913983248,-3.434433355144841,-0.5316156650281442,-0.542783257874277,0.3951834383186869,3.5840114240270604,-1.2873924461820083,2.1748392698901005
51.0,145.0,132.63449096679688,0.5478838193881604,1.4916432903170778,-3.9627017689909314,-3.433364401013456,-0.5318780090013744,-0.5427832580051262,0.3955962468310909,3.5836141227178184,-1.285442448522945,2.176734911193642
51.0,145.0,132.63449096679688,0.5479445165980213,1.4915358671871106,-3.9627018978629898,-3.43458928647094,-0.5284934810086279,-0.5427832575244437,0.3955962468310909,3.583606466606041,-1.2853940105912247,2.19910929935755
51.0,145.0,132.63449096679688,0.5479043890797272,1.4915127049508188,-3.96271316174888,-3.434498727021493,-0.5294638845808561,-0.5427832578705125,0.3701326336091446,3.5836336395795687,-1.2873903957378316,2.17518710798944
51.0,145.0,132.63449096679688,0.5479427964495454,1.4915100851427567,-3.9626347177334993,-3.425821383789524,-0.5294494055119336,-0.5427832578974818,0.3701326336091446,3.5836328967575364,-1.287425352698748,2.1748392698901005
51.0,145.0,132.63449096679688,0.5478794275128381,1.491504849395638,-3.9626964198457695,-3.425667844574314,-0.5319093348805342,-0.5427832578724885,0.3955521215916638,3.583632905336649,-1.287425365421958,2.187722407741337
51.0,146.0,132.63449096679688,0.5479443307532503,1.4915049366339104,-3.962633557834935,-3.434557513050347,-0.5294494055119336,-0.542783257773751,0.4061124439826367,3.583633584550882,-1.287362823881986,2.17590508380994
51.0,146.0,132.63449096679688,0.5480346334435425,1.4915358671871106,-3.96270189928064,-3.43458928647094,-0.5284934810086279,-0.5427832486342066,0.3955962468310909,3.584020426865266,-1.2853940105912247,2.19910929935755
51.0,146.0,132.63449096679688,0.5479443307532503,1.4915089129393202,-3.962633386298077,-3.434557513050347,-0.5299218603500725,-0.542783257773751,0.406168943274781,3.583633584550882,-1.287480815620589,2.17524651555813
51.0,146.0,132.63449096679688,0.5479443307532503,1.4915089129393202,-3.962570259392286,-3.434557513050347,-0.5299218603500725,-0.542783257773751,0.406168943274781,3.583633584550882,-1.2855531915315936,2.174841645565911
51.0,146.0,132.63449096679688,0.5479443307532503,1.4915049366339104,-3.962633557834935,-3.434557513050347,-0.5294494055119336,-0.542783257773751,0.4061124439826367,3.583633584550882,-1.287362823881986,2.17590508380994
51.0,146.0,132.63449096679688,0.5480346334435425,1.4915358671871106,-3.96270189928064,-3.43458928647094,-0.5284934810086279,-0.5427832486342066,0.3955962468310909,3.584020426865266,-1.2853940105912247,2.19910929935755
51.0,146.0,132.63449096679688,0.5479427964495454,1.4915100851427567,-3.962634388366512,-3.429984982496617,-0.5294494055119336,-0.5427832578974818,0.3701326336091446,3.5836336395795687,-1.2873924461820083,2.1748392698901005
51.0,146.0,132.63449096679688,0.5479443307532503,1.491649059294594,-3.9625711193724378,-3.4319721003301296,-0.5299218603500725,-0.542783257773751,0.4061391480894828,3.583631553332056,-1.287454885568915,2.174841645565911
51.0,146.0,132.63449096679688,0.5479450754820889,1.4915358671871106,-3.962701730588294,-3.43458928647094,-0.5284934810086279,-0.5427832575244437,0.3955962468310909,3.583606466606041,-1.2853940105912247,2.19910929935755
51.0,146.0,132.63449096679688,0.5479443307532503,1.4915049366339104,-3.962633557834935,-3.434557513050347,-0.5294494055119336,-0.542783257773751,0.4061124439826367,3.583633584550882,-1.287362823881986,2.17590508380994
51.0,146.0,132.63449096679688,0.5478794275128381,1.4915073233667324,-3.962634563205784,-3.425667844574314,-0.5316073164320063,-0.542783257874277,0.4079830073726454,3.5840114016237066,-1.2873924461820083,2.1748392698901005
51.0,146.0,132.63449096679688,0.5478794275128381,1.4915077276054696,-3.9626964198457695,-3.425667844574314,-0.5319093348805342,-0.5427832578724885,0.3954950648561162,3.583631056644436,-1.287425365421958,2.17703297347557
51.0,146.0,132.63449096679688,0.5479443307532503,1.4915089129393202,-3.962633386298077,-3.43061292192912,-0.5299218603500725,-0.5427832483572392,0.4062155360258249,3.5837297581783227,-1.287480815620589,2.17433400351874
51.0,146.0,132.63449096679688,0.5479043890797272,1.4915127049508188,-3.962483624971661,-3.429984982496617,-0.5294494055119336,-0.5427832578974818,0.3701326336091446,3.5836336395795687,-1.2873924461820083,2.1748392698901005
51.0,146.0,132.63449096679688,0.5480346334435425,1.4915358671871106,-3.96270189928064,-3.43458928647094,-0.5284934810086279,-0.5427832486342066,0.3955962468310909,3.584020426865266,-1.2853940105912247,2.19910929935755
51.0,146.0,132.63449096679688,0.5479450754820889,1.4915358671871106,-3.962701730588294,-3.43458928647094,-0.5284934810086279,-0.5427832575244437,0.3955962468310909,3.583606466606041,-1.2853940105912247,2.19910929935755
51.0,146.0,132.63449096679688,0.5479443307532503,1.4915089129393202,-3.962634823555003,-3.434557513050347,-0.5299218603500725,-0.542783257773751,0.4061438604334335,3.583638363681787,-1.287480815620589,2.17524651555813
51.0,146.0,132.63449096679688,0.5479427179272824,1.491516505548138,-3.962633063453896,-3.4319057602288323,-0.5299152232478644,-0.5427832579015284,0.4061391480894828,3.583631553332056,-1.2874515118743466,2.174841645565911
51.0,146.0,132.63449096679688,0.5480346334435425,1.4915358671871106,-3.96270189928064,-3.43458928647094,-0.5284934810086279,-0.5427832486342066,0.3955962468310909,3.584020426865266,-1.2853940105912247,2.19910929935755
51.0,146.0,132.63449096679688,0.5479443307532503,1.4915049366339104,-3.962633557834935,-3.434557513050347,-0.5294494055119336,-0.542783257773751,0.4061124439826367,3.583633584550882,-1.287362823881986,2.17590508380994
51.0,146.0,132.63449096679688,0.5480346334435425,1.4915358671871106,-3.96270189928064,-3.43458928647094,-0.5284934810086279,-0.5427832486341615,0.3955962468310909,3.584020426865266,-1.2853940105912247,2.19910929935755
51.0,146.0,132.63449096679688,0.5478794275128381,1.4915076700365577,-3.9626964198457695,-3.425667844574314,-0.5319093348805342,-0.5427832578724885,0.3954950648561162,3.583632877286047,-1.287425365421958,2.17703297347557
51.0,146.0,132.63449096679688,0.5479443307532503,1.4915049366339104,-3.962633557834935,-3.434557513050347,-0.5294494055119336,-0.542783257773751,0.4061124439826367,3.583633584550882,-1.287362823881986,2.176465109677832
51.0,146.0,132.63449096679688,0.5479450754820889,1.4915358671871106,-3.962703613678171,-3.43458928647094,-0.5284934810086279,-0.5427832576912359,0.3955962468310909,3.583606466606041,-1.2853940105912247,2.19910929935755
51.0,146.0,132.63449096679688,0.5480287078407784,1.49153693704238,-3.962633078016185,-3.434557513050347,-0.5299218603500725,-0.5427832487089763,0.4065301790917218,3.583638363681787,-1.287480815620589,2.17524651555813
51.0,146.0,132.63449096679688,0.5479443307532503,1.491508970508232,-3.962633386298077,-3.43061292192912,-0.5299218603500725,-0.5427832483572392,0.4062155360258249,3.583727937536712,-1.287480815620589,2.17433400351874
51.0,146.0,132.63449096679688,0.5479427179272824,1.491516505548138,-3.962633063453896,-3.4319057602288323,-0.5299152232478644,-0.5427832579015284,0.4061391480894828,3.583631553332056,-1.2874515118743466,2.174841645565911
51.0,146.0,132.63449096679688,0.5479492757942637,1.4915049366339104,-3.962635938705654,-3.434590151118167,-0.5284470075192604,-0.5427832575884135,0.4061124439826367,3.5836522024142505,-1.287362823881986,2.176465109677832
51.0,146.0,132.63449096679688,0.5478767663702792,1.491504888380763,-3.962634649641227,-3.434267066648049,-0.5294494055119336,-0.5427832578722989,0.4057089633595337,3.58362152783983,-1.2873928215836266,2.17590508380994
51.0,146.0,132.63449096679688,0.5479443307532503,1.491508016227045,-3.96263341896752,-3.4306258776168965,-0.5299218603500725,-0.5427832483608991,0.4062155360258249,3.5837066775123203,-1.287480815620589,2.17433400351874
51.0,146.0,132.63449096679688,0.5480346334435425,1.4915358671871106,-3.962701904330587,-3.43458928647094,-0.5284934810086279,-0.5427832483834628,0.3955962468310909,3.584020426865266,-1.2853940105912247,2.19910929935755
51.0,146.0,132.63449096679688,0.547937334783623,1.4915100851427567,-3.9627014968146543,-3.429984982496617,-0.5294568977045776,-0.5427832578974818,0.3699162894566278,3.5836336395795687,-1.2875321439894798,2.1750684624434897
51.0,146.0,132.63449096679688,0.5479528646980325,1.491516505548138,-3.962631667565327,-3.426347203262988,-0.5299152232478644,-0.5427832575034213,0.4061526462829934,3.583627555924569,-1.2874515118743466,2.174247113838662
51.0,146.0,132.63449096679688,0.5479443307532503,1.491649059294594,-3.9625711193724378,-3.4319721003301296,-0.5299218603500725,-0.542783257773751,0.4061391480894828,3.583631553332056,-1.287454885568915,2.174841645565911
51.0,146.0,132.63449096679688,0.5479443307532503,1.4915049366339104,-3.962636557231239,-3.434557513050347,-0.5294494055119336,-0.542783257773751,0.4061166314542819,3.583633584550882,-1.287362823881986,2.17590508380994
51.0,146.0,132.63449096679688,0.5478794275128381,1.4915077276054696,-3.9626964198457695,-3.425667844574314,-0.5319093348805342,-0.5427832578724885,0.3954950648561162,3.583631045299375,-1.287425365421958,2.17703297347557
51.0,146.0,132.63449096679688,0.5479029409119693,1.491649059294594,-3.97078966228464,-3.4319721003301296,-0.5299218603500725,-0.542783257773751,0.4061391480894828,3.583631553332056,-1.287454885568915,2.174841645565911
51.0,146.0,132.63449096679688,0.5480346334435425,1.4915358671871106,-3.96270189928064,-3.43458928647094,-0.5284934810086279,-0.5427832486342066,0.3955962468310909,3.584020426865266,-1.2853940105912247,2.19910929935755
51.0,146.0,132.63449096679688,0.5478794275128381,1.4915076700365577,-3.9626964198457695,-3.425667844574314,-0.5319093348805342,-0.5427832578724885,0.3954950648561162,3.583632877286047,-1.287425365421958,2.187722407741337
51.0,146.0,132.63449096679688,0.5479443307532503,1.4915049366339104,-3.962633557834935,-3.434557513050347,-0.5294494055119336,-0.542783257773751,0.4061124439826367,3.583633584550882,-1.287362823881986,2.1764628145926244
51.0,146.0,132.63449096679688,0.5480346334435425,1.4916432903170778,-3.96270189928064,-3.43331655060021,-0.5284934810086279,-0.542783248628836,0.3955962468310909,3.584020426865266,-1.285442448522945,2.199109367311996
51.0,146.0,132.63449096679688,0.5479443307532503,1.4915087974649832,-3.962633557834935,-3.434557513050347,-0.5294251826963321,-0.542783257773751,0.4062124139839728,3.583633584550882,-1.2873631797148324,2.17590508380994
51.0,146.0,132.63449096679688,0.5479443307532503,1.4915089129393202,-3.962567259995982,-3.434557513050347,-0.5299218603500725,-0.542783257773751,0.4061647558031358,3.583633584550882,-1.2855531915315936,2.174841645565911
51.0,146.0,132.63449096679688,0.5478794275128381,1.4915076700365577,-3.9626964198457695,-3.425667844574314,-0.5319093348805342,-0.5427832578724885,0.3954950648561162,3.583632877286047,-1.287425365421958,2.187722407741337
51.0,146.0,132.63449096679688,0.5478639887015218,1.4915073233667324,-3.962697913983248,-3.434433355144841,-0.5316156650281442,-0.542783257874277,0.3951834383186869,3.5840114240270604,-1.2873924461820083,2.1748392698901005
51.0,146.0,132.63449096679688,0.5478838193881604,1.4916432903170778,-3.9627017689909314,-3.433364401013456,-0.5318780090013744,-0.5427832580051262,0.3955962468310909,3.5836141227178184,-1.285442448522945,2.176734911193642
51.0,146.0,132.63449096679688,0.5479445165980213,1.4915358671871106,-3.9627018978629898,-3.43458928647094,-0.5284934810086279,-0.5427832575244437,0.3955962468310909,3.583606466606041,-1.2853940105912247,2.19910929935755
51.0,146.0,132.63449096679688,0.5479043890797272,1.4915127049508188,-3.96271316174888,-3.434498727021493,-0.5294638845808561,-0.5427832578705125,0.3701326336091446,3.5836336395795687,-1.2873903957378316,2.17518710798944
51.0,146.0,132.63449096679688,0.5479427964495454,1.4915100851427567,-3.9626347177334993,-3.425821383789524,-0.5294494055119336,-0.5427832578974818,0.3701326336091446,3.5836328967575364,-1.287425352698748,2.1748392698901005
51.0,146.0,132.63449096679688,0.5478794275128381,1.491504849395638,-3.9626964198457695,-3.425667844574314,-0.5319093348805342,-0.5427832578724885,0.3955521215916638,3.583632905336649,-1.287425365421958,2.187722407741337
51.0,147.0,132.63449096679688,0.5479443307532503,1.4915049366339104,-3.962633557834935,-3.434557513050347,-0.5294494055119336,-0.542783257773751,0.4061124439826367,3.583633584550882,-1.287362823881986,2.17590508380994
51.0,147.0,132.63449096679688,0.5480346334435425,1.4915358671871106,-3.96270189928064,-3.43458928647094,-0.5284934810086279,-0.5427832486342066,0.3955962468310909,3.584020426865266,-1.2853940105912247,2.19910929935755
51.0,147.0,132.63449096679688,0.5479443307532503,1.4915089129393202,-3.962633386298077,-3.434557513050347,-0.5299218603500725,-0.542783257773751,0.406168943274781,3.583633584550882,-1.287480815620589,2.17524651555813
51.0,147.0,132.63449096679688,0.5479443307532503,1.4915089129393202,-3.962570259392286,-3.434557513050347,-0.5299218603500725,-0.542783257773751,0.406168943274781,3.583633584550882,-1.2855531915315936,2.174841645565911
51.0,147.0,132.63449096679688,0.5479443307532503,1.4915049366339104,-3.962633557834935,-3.434557513050347,-0.5294494055119336,-0.542783257773751,0.4061124439826367,3.583633584550882,-1.287362823881986,2.17590508380994
51.0,147.0,132.63449096679688,0.5480346334435425,1.4915358671871106,-3.96270189928064,-3.43458928647094,-0.5284934810086279,-0.5427832486342066,0.3955962468310909,3.584020426865266,-1.2853940105912247,2.19910929935755
51.0,147.0,132.63449096679688,0.5479427964495454,1.4915100851427567,-3.962634388366512,-3.429984982496617,-0.5294494055119336,-0.5427832578974818,0.3701326336091446,3.5836336395795687,-1.2873924461820083,2.1748392698901005
51.0,147.0,132.63449096679688,0.5479443307532503,1.491649059294594,-3.9625711193724378,-3.4319721003301296,-0.5299218603500725,-0.542783257773751,0.4061391480894828,3.583631553332056,-1.287454885568915,2.174841645565911
51.0,147.0,132.63449096679688,0.5479450754820889,1.4915358671871106,-3.962701730588294,-3.43458928647094,-0.5284934810086279,-0.5427832575244437,0.3955962468310909,3.583606466606041,-1.2853940105912247,2.19910929935755
51.0,147.0,132.63449096679688,0.5479443307532503,1.4915049366339104,-3.962633557834935,-3.434557513050347,-0.5294494055119336,-0.542783257773751,0.4061124439826367,3.583633584550882,-1.287362823881986,2.17590508380994
51.0,147.0,132.63449096679688,0.5478794275128381,1.4915073233667324,-3.962634563205784,-3.425667844574314,-0.5316073164320063,-0.542783257874277,0.4079830073726454,3.5840114016237066,-1.2873924461820083,2.1748392698901005
51.0,147.0,132.63449096679688,0.5478794275128381,1.4915077276054696,-3.9626964198457695,-3.425667844574314,-0.5319093348805342,-0.5427832578724885,0.3954950648561162,3.583631056644436,-1.287425365421958,2.17703297347557
51.0,147.0,132.63449096679688,0.5479443307532503,1.4915089129393202,-3.962633386298077,-3.43061292192912,-0.5299218603500725,-0.5427832483572392,0.4062155360258249,3.5837297581783227,-1.287480815620589,2.17433400351874
51.0,147.0,132.63449096679688,0.5479043890797272,1.4915127049508188,-3.962483624971661,-3.429984982496617,-0.5294494055119336,-0.5427832578974818,0.3701326336091446,3.5836336395795687,-1.2873924461820083,2.1748392698901005
51.0,147.0,132.63449096679688,0.5480346334435425,1.4915358671871106,-3.96270189928064,-3.43458928647094,-0.5284934810086279,-0.5427832486342066,0.3955962468310909,3.584020426865266,-1.2853940105912247,2.19910929935755
51.0,147.0,132.63449096679688,0.5479450754820889,1.4915358671871106,-3.962701730588294,-3.43458928647094,-0.5284934810086279,-0.5427832575244437,0.3955962468310909,3.583606466606041,-1.2853940105912247,2.19910929935755
51.0,147.0,132.63449096679688,0.5479443307532503,1.4915089129393202,-3.962634823555003,-3.434557513050347,-0.5299218603500725,-0.542783257773751,0.4061438604334335,3.583638363681787,-1.287480815620589,2.17524651555813
51.0,147.0,132.63449096679688,0.5479427179272824,1.491516505548138,-3.962633063453896,-3.4319057602288323,-0.5299152232478644,-0.5427832579015284,0.4061391480894828,3.583631553332056,-1.2874515118743466,2.174841645565911
51.0,147.0,132.63449096679688,0.5480346334435425,1.4915358671871106,-3.96270189928064,-3.43458928647094,-0.5284934810086279,-0.5427832486342066,0.3955962468310909,3.584020426865266,-1.2853940105912247,2.19910929935755
51.0,147.0,132.63449096679688,0.5479443307532503,1.4915049366339104,-3.962633557834935,-3.434557513050347,-0.5294494055119336,-0.542783257773751,0.4061124439826367,3.583633584550882,-1.287362823881986,2.17590508380994
51.0,147.0,132.63449096679688,0.5480346334435425,1.4915358671871106,-3.96270189928064,-3.43458928647094,-0.5284934810086279,-0.5427832486341615,0.3955962468310909,3.584020426865266,-1.2853940105912247,2.19910929935755
51.0,147.0,132.63449096679688,0.5478794275128381,1.4915076700365577,-3.9626964198457695,-3.425667844574314,-0.5319093348805342,-0.5427832578724885,0.3954950648561162,3.583632877286047,-1.287425365421958,2.17703297347557
51.0,147.0,132.63449096679688,0.5479443307532503,1.4915049366339104,-3.962633557834935,-3.434557513050347,-0.5294494055119336,-0.542783257773751,0.4061124439826367,3.583633584550882,-1.287362823881986,2.176465109677832
51.0,147.0,132.63449096679688,0.5479450754820889,1.4915358671871106,-3.962703613678171,-3.43458928647094,-0.5284934810086279,-0.5427832576912359,0.3955962468310909,3.583606466606041,-1.2853940105912247,2.19910929935755
51.0,147.0,132.63449096679688,0.5480287078407784,1.49153693704238,-3.962633078016185,-3.434557513050347,-0.5299218603500725,-0.5427832487089763,0.4065301790917218,3.583638363681787,-1.287480815620589,2.17524651555813
51.0,147.0,132.63449096679688,0.5479443307532503,1.491508970508232,-3.962633386298077,-3.43061292192912,-0.5299218603500725,-0.5427832483572392,0.4062155360258249,3.583727937536712,-1.287480815620589,2.17433400351874
51.0,147.0,132.63449096679688,0.5479427179272824,1.491516505548138,-3.962633063453896,-3.4319057602288323,-0.5299152232478644,-0.5427832579015284,0.4061391480894828,3.583631553332056,-1.2874515118743466,2.174841645565911
51.0,147.0,132.63449096679688,0.5479492757942637,1.4915049366339104,-3.962635938705654,-3.434590151118167,-0.5284470075192604,-0.5427832575884135,0.4061124439826367,3.5836522024142505,-1.287362823881986,2.176465109677832
51.0,147.0,132.63449096679688,0.5478767663702792,1.491504888380763,-3.962634649641227,-3.434267066648049,-0.5294494055119336,-0.5427832578722989,0.4057089633595337,3.58362152783983,-1.2873928215836266,2.17590508380994
51.0,147.0,132.63449096679688,0.5479443307532503,1.491508016227045,-3.96263341896752,-3.4306258776168965,-0.5299218603500725,-0.5427832483608991,0.4062155360258249,3.5837066775123203,-1.287480815620589,2.17433400351874
51.0,147.0,132.63449096679688,0.5480346334435425,1.4915358671871106,-3.962701904330587,-3.43458928647094,-0.5284934810086279,-0.5427832483834628,0.3955962468310909,3.584020426865266,-1.2853940105912247,2.19910929935755
51.0,147.0,132.63449096679688,0.547937334783623,1.4915100851427567,-3.9627014968146543,-3.429984982496617,-0.5294568977045776,-0.5427832578974818,0.3699162894566278,3.5836336395795687,-1.2875321439894798,2.1750684624434897
51.0,147.0,132.63449096679688,0.5479528646980325,1.491516505548138,-3.962631667565327,-3.426347203262988,-0.5299152232478644,-0.5427832575034213,0.4061526462829934,3.583627555924569,-1.2874515118743466,2.174247113838662
51.0,147.0,132.63449096679688,0.5479443307532503,1.491649059294594,-3.9625711193724378,-3.4319721003301296,-0.5299218603500725,-0.542783257773751,0.4061391480894828,3.583631553332056,-1.287454885568915,2.174841645565911
51.0,147.0,132.63449096679688,0.5479443307532503,1.4915049366339104,-3.962636557231239,-3.434557513050347,-0.5294494055119336,-0.542783257773751,0.4061166314542819,3.583633584550882,-1.287362823881986,2.17590508380994
51.0,147.0,132.63449096679688,0.5478794275128381,1.4915077276054696,-3.9626964198457695,-3.425667844574314,-0.5319093348805342,-0.5427832578724885,0.3954950648561162,3.583631045299375,-1.287425365421958,2.17703297347557
51.0,147.0,132.63449096679688,0.5479029409119693,1.491649059294594,-3.97078966228464,-3.4319721003301296,-0.5299218603500725,-0.542783257773751,0.4061391480894828,3.583631553332056,-1.287454885568915,2.174841645565911
51.0,147.0,132.63449096679688,0.5480346334435425,1.4915358671871106,-3.96270189928064,-3.43458928647094,-0.5284934810086279,-0.5427832486342066,0.3955962468310909,3.584020426865266,-1.2853940105912247,2.19910929935755
51.0,147.0,132.63449096679688,0.5478794275128381,1.4915076700365577,-3.9626964198457695,-3.425667844574314,-0.5319093348805342,-0.5427832578724885,0.3954950648561162,3.583632877286047,-1.287425365421958,2.187722407741337
51.0,147.0,132.63449096679688,0.5479443307532503,1.4915049366339104,-3.962633557834935,-3.434557513050347,-0.5294494055119336,-0.542783257773751,0.4061124439826367,3.583633584550882,-1.287362823881986,2.1764628145926244
51.0,147.0,132.63449096679688,0.5480346334435425,1.4916432903170778,-3.96270189928064,-3.43331655060021,-0.5284934810086279,-0.542783248628836,0.3955962468310909,3.584020426865266,-1.285442448522945,2.199109367311996
51.0,147.0,132.63449096679688,0.5479443307532503,1.4915087974649832,-3.962633557834935,-3.434557513050347,-0.5294251826963321,-0.542783257773751,0.4062124139839728,3.583633584550882,-1.2873631797148324,2.17590508380994
51.0,147.0,132.63449096679688,0.5479443307532503,1.4915089129393202,-3.962567259995982,-3.434557513050347,-0.5299218603500725,-0.542783257773751,0.4061647558031358,3.583633584550882,-1.2855531915315936,2.174841645565911
51.0,147.0,132.63449096679688,0.5478794275128381,1.4915076700365577,-3.9626964198457695,-3.425667844574314,-0.5319093348805342,-0.5427832578724885,0.3954950648561162,3.583632877286047,-1.287425365421958,2.187722407741337
51.0,147.0,132.63449096679688,0.5478639887015218,1.4915073233667324,-3.962697913983248,-3.434433355144841,-0.5316156650281442,-0.542783257874277,0.3951834383186869,3.5840114240270604,-1.2873924461820083,2.1748392698901005
51.0,147.0,132.63449096679688,0.5478838193881604,1.4916432903170778,-3.9627017689909314,-3.433364401013456,-0.5318780090013744,-0.5427832580051262,0.3955962468310909,3.5836141227178184,-1.285442448522945,2.176734911193642
51.0,147.0,132.63449096679688,0.5479445165980213,1.4915358671871106,-3.9627018978629898,-3.43458928647094,-0.5284934810086279,-0.5427832575244437,0.3955962468310909,3.583606466606041,-1.2853940105912247,2.19910929935755
51.0,147.0,132.63449096679688,0.5479043890797272,1.4915127049508188,-3.96271316174888,-3.434498727021493,-0.5294638845808561,-0.5427832578705125,0.3701326336091446,3.5836336395795687,-1.2873903957378316,2.17518710798944
51.0,147.0,132.63449096679688,0.5479427964495454,1.4915100851427567,-3.9626347177334993,-3.425821383789524,-0.5294494055119336,-0.5427832578974818,0.3701326336091446,3.5836328967575364,-1.287425352698748,2.1748392698901005
51.0,147.0,132.63449096679688,0.5478794275128381,1.491504849395638,-3.9626964198457695,-3.425667844574314,-0.5319093348805342,-0.5427832578724885,0.3955521215916638,3.583632905336649,-1.287425365421958,2.187722407741337
51.0,148.0,132.63449096679688,0.5479443307532503,1.4915049366339104,-3.962633557834935,-3.434557513050347,-0.5294494055119336,-0.542783257773751,0.4061124439826367,3.583633584550882,-1.287362823881986,2.17590508380994
51.0,148.0,132.63449096679688,0.5480346334435425,1.4915358671871106,-3.96270189928064,-3.43458928647094,-0.5284934810086279,-0.5427832486342066,0.3955962468310909,3.584020426865266,-1.2853940105912247,2.19910929935755
51.0,148.0,132.63449096679688,0.5479443307532503,1.4915089129393202,-3.962633386298077,-3.434557513050347,-0.5299218603500725,-0.542783257773751,0.406168943274781,3.583633584550882,-1.287480815620589,2.17524651555813
51.0,148.0,132.63449096679688,0.5479443307532503,1.4915089129393202,-3.962570259392286,-3.434557513050347,-0.5299218603500725,-0.542783257773751,0.406168943274781,3.583633584550882,-1.2855531915315936,2.174841645565911
51.0,148.0,132.63449096679688,0.5479443307532503,1.4915049366339104,-3.962633557834935,-3.434557513050347,-0.5294494055119336,-0.542783257773751,0.4061124439826367,3.583633584550882,-1.287362823881986,2.17590508380994
51.0,148.0,132.63449096679688,0.5480346334435425,1.4915358671871106,-3.96270189928064,-3.43458928647094,-0.5284934810086279,-0.5427832486342066,0.3955962468310909,3.584020426865266,-1.2853940105912247,2.19910929935755
51.0,148.0,132.63449096679688,0.5479427964495454,1.4915100851427567,-3.962634388366512,-3.429984982496617,-0.5294494055119336,-0.5427832578974818,0.3701326336091446,3.5836336395795687,-1.2873924461820083,2.1748392698901005
51.0,148.0,132.63449096679688,0.5479443307532503,1.491649059294594,-3.9625711193724378,-3.4319721003301296,-0.5299218603500725,-0.542783257773751,0.4061391480894828,3.583631553332056,-1.287454885568915,2.174841645565911
51.0,148.0,132.63449096679688,0.5479450754820889,1.4915358671871106,-3.962701730588294,-3.43458928647094,-0.5284934810086279,-0.5427832575244437,0.3955962468310909,3.583606466606041,-1.2853940105912247,2.19910929935755
51.0,148.0,132.63449096679688,0.5479443307532503,1.4915049366339104,-3.962633557834935,-3.434557513050347,-0.5294494055119336,-0.542783257773751,0.4061124439826367,3.583633584550882,-1.287362823881986,2.17590508380994
51.0,148.0,132.63449096679688,0.5478794275128381,1.4915073233667324,-3.962634563205784,-3.425667844574314,-0.5316073164320063,-0.542783257874277,0.4079830073726454,3.5840114016237066,-1.2873924461820083,2.1748392698901005
51.0,148.0,132.63449096679688,0.5478794275128381,1.4915077276054696,-3.9626964198457695,-3.425667844574314,-0.5319093348805342,-0.5427832578724885,0.3954950648561162,3.583631056644436,-1.287425365421958,2.17703297347557
51.0,148.0,132.63449096679688,0.5479443307532503,1.4915089129393202,-3.962633386298077,-3.43061292192912,-0.5299218603500725,-0.5427832483572392,0.4062155360258249,3.5837297581783227,-1.287480815620589,2.17433400351874
51.0,148.0,132.63449096679688,0.5479043890797272,1.4915127049508188,-3.962483624971661,-3.429984982496617,-0.5294494055119336,-0.5427832578974818,0.3701326336091446,3.5836336395795687,-1.2873924461820083,2.1748392698901005
51.0,148.0,132.63449096679688,0.5480346334435425,1.4915358671871106,-3.96270189928064,-3.43458928647094,-0.5284934810086279,-0.5427832486342066,0.3955962468310909,3.584020426865266,-1.2853940105912247,2.19910929935755
51.0,148.0,132.63449096679688,0.5479450754820889,1.4915358671871106,-3.962701730588294,-3.43458928647094,-0.5284934810086279,-0.5427832575244437,0.3955962468310909,3.583606466606041,-1.2853940105912247,2.19910929935755
51.0,148.0,132.63449096679688,0.5479443307532503,1.4915089129393202,-3.962634823555003,-3.434557513050347,-0.5299218603500725,-0.542783257773751,0.4061438604334335,3.583638363681787,-1.287480815620589,2.17524651555813
51.0,148.0,132.63449096679688,0.5479427179272824,1.491516505548138,-3.962633063453896,-3.4319057602288323,-0.5299152232478644,-0.5427832579015284,0.4061391480894828,3.583631553332056,-1.2874515118743466,2.174841645565911
51.0,148.0,132.63449096679688,0.5480346334435425,1.4915358671871106,-3.96270189928064,-3.43458928647094,-0.5284934810086279,-0.5427832486342066,0.3955962468310909,3.584020426865266,-1.2853940105912247,2.19910929935755
51.0,148.0,132.63449096679688,0.5479443307532503,1.4915049366339104,-3.962633557834935,-3.434557513050347,-0.5294494055119336,-0.542783257773751,0.4061124439826367,3.583633584550882,-1.287362823881986,2.17590508380994
51.0,148.0,132.63449096679688,0.5480346334435425,1.4915358671871106,-3.96270189928064,-3.43458928647094,-0.5284934810086279,-0.5427832486341615,0.3955962468310909,3.584020426865266,-1.2853940105912247,2.19910929935755
51.0,148.0,132.63449096679688,0.5478794275128381,1.4915076700365577,-3.9626964198457695,-3.425667844574314,-0.5319093348805342,-0.5427832578724885,0.3954950648561162,3.583632877286047,-1.287425365421958,2.17703297347557
51.0,148.0,132.63449096679688,0.5479443307532503,1.4915049366339104,-3.962633557834935,-3.434557513050347,-0.5294494055119336,-0.542783257773751,0.4061124439826367,3.583633584550882,-1.287362823881986,2.176465109677832
51.0,148.0,132.63449096679688,0.5479450754820889,1.4915358671871106,-3.962703613678171,-3.43458928647094,-0.5284934810086279,-0.5427832576912359,0.3955962468310909,3.583606466606041,-1.2853940105912247,2.19910929935755
51.0,148.0,132.63449096679688,0.5480287078407784,1.49153693704238,-3.962633078016185,-3.434557513050347,-0.5299218603500725,-0.5427832487089763,0.4065301790917218,3.583638363681787,-1.287480815620589,2.17524651555813
51.0,148.0,132.63449096679688,0.5479443307532503,1.491508970508232,-3.962633386298077,-3.43061292192912,-0.5299218603500725,-0.5427832483572392,0.4062155360258249,3.583727937536712,-1.287480815620589,2.17433400351874
51.0,148.0,132.63449096679688,0.5479427179272824,1.491516505548138,-3.962633063453896,-3.4319057602288323,-0.5299152232478644,-0.5427832579015284,0.4061391480894828,3.583631553332056,-1.2874515118743466,2.174841645565911
51.0,148.0,132.63449096679688,0.5479492757942637,1.4915049366339104,-3.962635938705654,-3.434590151118167,-0.5284470075192604,-0.5427832575884135,0.4061124439826367,3.5836522024142505,-1.287362823881986,2.176465109677832
51.0,148.0,132.63449096679688,0.5478767663702792,1.491504888380763,-3.962634649641227,-3.434267066648049,-0.5294494055119336,-0.5427832578722989,0.4057089633595337,3.58362152783983,-1.2873928215836266,2.17590508380994
51.0,148.0,132.63449096679688,0.5479443307532503,1.491508016227045,-3.96263341896752,-3.4306258776168965,-0.5299218603500725,-0.5427832483608991,0.4062155360258249,3.5837066775123203,-1.287480815620589,2.17433400351874
51.0,148.0,132.63449096679688,0.5480346334435425,1.4915358671871106,-3.962701904330587,-3.43458928647094,-0.5284934810086279,-0.5427832483834628,0.3955962468310909,3.584020426865266,-1.2853940105912247,2.19910929935755
51.0,148.0,132.63449096679688,0.547937334783623,1.4915100851427567,-3.9627014968146543,-3.429984982496617,-0.5294568977045776,-0.5427832578974818,0.3699162894566278,3.5836336395795687,-1.2875321439894798,2.1750684624434897
51.0,148.0,132.63449096679688,0.5479528646980325,1.491516505548138,-3.962631667565327,-3.426347203262988,-0.5299152232478644,-0.5427832575034213,0.4061526462829934,3.583627555924569,-1.2874515118743466,2.174247113838662
51.0,148.0,132.63449096679688,0.5479443307532503,1.491649059294594,-3.9625711193724378,-3.4319721003301296,-0.5299218603500725,-0.542783257773751,0.4061391480894828,3.583631553332056,-1.287454885568915,2.174841645565911
51.0,148.0,132.63449096679688,0.5479443307532503,1.4915049366339104,-3.962636557231239,-3.434557513050347,-0.5294494055119336,-0.542783257773751,0.4061166314542819,3.583633584550882,-1.287362823881986,2.17590508380994
51.0,148.0,132.63449096679688,0.5478794275128381,1.4915077276054696,-3.9626964198457695,-3.425667844574314,-0.5319093348805342,-0.5427832578724885,0.3954950648561162,3.583631045299375,-1.287425365421958,2.17703297347557
51.0,148.0,132.63449096679688,0.5479029409119693,1.491649059294594,-3.97078966228464,-3.4319721003301296,-0.5299218603500725,-0.542783257773751,0.4061391480894828,3.583631553332056,-1.287454885568915,2.174841645565911
51.0,148.0,132.63449096679688,0.5480346334435425,1.4915358671871106,-3.96270189928064,-3.43458928647094,-0.5284934810086279,-0.5427832486342066,0.3955962468310909,3.584020426865266,-1.2853940105912247,2.19910929935755
51.0,148.0,132.63449096679688,0.5478794275128381,1.4915076700365577,-3.9626964198457695,-3.425667844574314,-0.5319093348805342,-0.5427832578724885,0.3954950648561162,3.583632877286047,-1.287425365421958,2.187722407741337
51.0,148.0,132.63449096679688,0.5479443307532503,1.4915049366339104,-3.962633557834935,-3.434557513050347,-0.5294494055119336,-0.542783257773751,0.4061124439826367,3.583633584550882,-1.287362823881986,2.1764628145926244
51.0,148.0,132.63449096679688,0.5480346334435425,1.4916432903170778,-3.96270189928064,-3.43331655060021,-0.5284934810086279,-0.542783248628836,0.3955962468310909,3.584020426865266,-1.285442448522945,2.199109367311996
51.0,148.0,132.63449096679688,0.5479443307532503,1.4915087974649832,-3.962633557834935,-3.434557513050347,-0.5294251826963321,-0.542783257773751,0.4062124139839728,3.583633584550882,-1.2873631797148324,2.17590508380994
51.0,148.0,132.63449096679688,0.5479443307532503,1.4915089129393202,-3.962567259995982,-3.434557513050347,-0.5299218603500725,-0.542783257773751,0.4061647558031358,3.583633584550882,-1.2855531915315936,2.174841645565911
51.0,148.0,132.63449096679688,0.5478794275128381,1.4915076700365577,-3.9626964198457695,-3.425667844574314,-0.5319093348805342,-0.5427832578724885,0.3954950648561162,3.583632877286047,-1.287425365421958,2.187722407741337
51.0,148.0,132.63449096679688,0.5478639887015218,1.4915073233667324,-3.962697913983248,-3.434433355144841,-0.5316156650281442,-0.542783257874277,0.3951834383186869,3.5840114240270604,-1.2873924461820083,2.1748392698901005
51.0,148.0,132.63449096679688,0.5478838193881604,1.4916432903170778,-3.9627017689909314,-3.433364401013456,-0.5318780090013744,-0.5427832580051262,0.3955962468310909,3.5836141227178184,-1.285442448522945,2.176734911193642
51.0,148.0,132.63449096679688,0.5479445165980213,1.4915358671871106,-3.9627018978629898,-3.43458928647094,-0.5284934810086279,-0.5427832575244437,0.3955962468310909,3.583606466606041,-1.2853940105912247,2.19910929935755
51.0,148.0,132.63449096679688,0.5479043890797272,1.4915127049508188,-3.96271316174888,-3.434498727021493,-0.5294638845808561,-0.5427832578705125,0.3701326336091446,3.5836336395795687,-1.2873903957378316,2.17518710798944
51.0,148.0,132.63449096679688,0.5479427964495454,1.4915100851427567,-3.9626347177334993,-3.425821383789524,-0.5294494055119336,-0.5427832578974818,0.3701326336091446,3.5836328967575364,-1.287425352698748,2.1748392698901005
51.0,148.0,132.63449096679688,0.5478794275128381,1.491504849395638,-3.9626964198457695,-3.425667844574314,-0.5319093348805342,-0.5427832578724885,0.3955521215916638,3.583632905336649,-1.287425365421958,2.187722407741337
51.0,149.0,132.63449096679688,0.5479443307532503,1.4915049366339104,-3.962633557834935,-3.434557513050347,-0.5294494055119336,-0.542783257773751,0.4061124439826367,3.583633584550882,-1.287362823881986,2.17590508380994
51.0,149.0,132.63449096679688,0.5480346334435425,1.4915358671871106,-3.96270189928064,-3.43458928647094,-0.5284934810086279,-0.5427832486342066,0.3955962468310909,3.584020426865266,-1.2853940105912247,2.19910929935755
51.0,149.0,132.63449096679688,0.5479443307532503,1.4915089129393202,-3.962633386298077,-3.434557513050347,-0.5299218603500725,-0.542783257773751,0.406168943274781,3.583633584550882,-1.287480815620589,2.17524651555813
51.0,149.0,132.63449096679688,0.5479443307532503,1.4915089129393202,-3.962570259392286,-3.434557513050347,-0.5299218603500725,-0.542783257773751,0.406168943274781,3.583633584550882,-1.2855531915315936,2.174841645565911
51.0,149.0,132.63449096679688,0.5479443307532503,1.4915049366339104,-3.962633557834935,-3.434557513050347,-0.5294494055119336,-0.542783257773751,0.4061124439826367,3.583633584550882,-1.287362823881986,2.17590508380994
51.0,149.0,132.63449096679688,0.5480346334435425,1.4915358671871106,-3.96270189928064,-3.43458928647094,-0.5284934810086279,-0.5427832486342066,0.3955962468310909,3.584020426865266,-1.2853940105912247,2.19910929935755
51.0,149.0,132.63449096679688,0.5479427964495454,1.4915100851427567,-3.962634388366512,-3.429984982496617,-0.5294494055119336,-0.5427832578974818,0.3701326336091446,3.5836336395795687,-1.2873924461820083,2.1748392698901005
51.0,149.0,132.63449096679688,0.5479443307532503,1.491649059294594,-3.9625711193724378,-3.4319721003301296,-0.5299218603500725,-0.542783257773751,0.4061391480894828,3.583631553332056,-1.287454885568915,2.174841645565911
51.0,149.0,132.63449096679688,0.5479450754820889,1.4915358671871106,-3.962701730588294,-3.43458928647094,-0.5284934810086279,-0.5427832575244437,0.3955962468310909,3.583606466606041,-1.2853940105912247,2.19910929935755
51.0,149.0,132.63449096679688,0.5479443307532503,1.4915049366339104,-3.962633557834935,-3.434557513050347,-0.5294494055119336,-0.542783257773751,0.4061124439826367,3.583633584550882,-1.287362823881986,2.17590508380994
51.0,149.0,132.63449096679688,0.5478794275128381,1.4915073233667324,-3.962634563205784,-3.425667844574314,-0.5316073164320063,-0.542783257874277,0.4079830073726454,3.5840114016237066,-1.2873924461820083,2.1748392698901005
51.0,149.0,132.63449096679688,0.5478794275128381,1.4915077276054696,-3.9626964198457695,-3.425667844574314,-0.5319093348805342,-0.5427832578724885,0.3954950648561162,3.583631056644436,-1.287425365421958,2.17703297347557
51.0,149.0,132.63449096679688,0.5479443307532503,1.4915089129393202,-3.962633386298077,-3.43061292192912,-0.5299218603500725,-0.5427832483572392,0.4062155360258249,3.5837297581783227,-1.287480815620589,2.17433400351874
51.0,149.0,132.63449096679688,0.5479043890797272,1.4915127049508188,-3.962483624971661,-3.429984982496617,-0.5294494055119336,-0.5427832578974818,0.3701326336091446,3.5836336395795687,-1.2873924461820083,2.1748392698901005
51.0,149.0,132.63449096679688,0.5480346334435425,1.4915358671871106,-3.96270189928064,-3.43458928647094,-0.5284934810086279,-0.5427832486342066,0.3955962468310909,3.584020426865266,-1.2853940105912247,2.19910929935755
51.0,149.0,132.63449096679688,0.5479450754820889,1.4915358671871106,-3.962701730588294,-3.43458928647094,-0.5284934810086279,-0.5427832575244437,0.3955962468310909,3.583606466606041,-1.2853940105912247,2.19910929935755
51.0,149.0,132.63449096679688,0.5479443307532503,1.4915089129393202,-3.962634823555003,-3.434557513050347,-0.5299218603500725,-0.542783257773751,0.4061438604334335,3.583638363681787,-1.287480815620589,2.17524651555813
51.0,149.0,132.63449096679688,0.5479427179272824,1.491516505548138,-3.962633063453896,-3.4319057602288323,-0.5299152232478644,-0.5427832579015284,0.4061391480894828,3.583631553332056,-1.2874515118743466,2.174841645565911
51.0,149.0,132.63449096679688,0.5480346334435425,1.4915358671871106,-3.96270189928064,-3.43458928647094,-0.5284934810086279,-0.5427832486342066,0.3955962468310909,3.584020426865266,-1.2853940105912247,2.19910929935755
51.0,149.0,132.63449096679688,0.5479443307532503,1.4915049366339104,-3.962633557834935,-3.434557513050347,-0.5294494055119336,-0.542783257773751,0.4061124439826367,3.583633584550882,-1.287362823881986,2.17590508380994
51.0,149.0,132.63449096679688,0.5480346334435425,1.4915358671871106,-3.96270189928064,-3.43458928647094,-0.5284934810086279,-0.5427832486341615,0.3955962468310909,3.584020426865266,-1.2853940105912247,2.19910929935755
51.0,149.0,132.63449096679688,0.5478794275128381,1.4915076700365577,-3.9626964198457695,-3.425667844574314,-0.5319093348805342,-0.5427832578724885,0.3954950648561162,3.583632877286047,-1.287425365421958,2.17703297347557
51.0,149.0,132.63449096679688,0.5479443307532503,1.4915049366339104,-3.962633557834935,-3.434557513050347,-0.5294494055119336,-0.542783257773751,0.4061124439826367,3.583633584550882,-1.287362823881986,2.176465109677832
51.0,149.0,132.63449096679688,0.5479450754820889,1.4915358671871106,-3.962703613678171,-3.43458928647094,-0.5284934810086279,-0.5427832576912359,0.3955962468310909,3.583606466606041,-1.2853940105912247,2.19910929935755
51.0,149.0,132.63449096679688,0.5480287078407784,1.49153693704238,-3.962633078016185,-3.434557513050347,-0.5299218603500725,-0.5427832487089763,0.4065301790917218,3.583638363681787,-1.287480815620589,2.17524651555813
51.0,149.0,132.63449096679688,0.5479443307532503,1.491508970508232,-3.962633386298077,-3.43061292192912,-0.5299218603500725,-0.5427832483572392,0.4062155360258249,3.583727937536712,-1.287480815620589,2.17433400351874
51.0,149.0,132.63449096679688,0.5479427179272824,1.491516505548138,-3.962633063453896,-3.4319057602288323,-0.5299152232478644,-0.5427832579015284,0.4061391480894828,3.583631553332056,-1.2874515118743466,2.174841645565911
51.0,149.0,132.63449096679688,0.5479492757942637,1.4915049366339104,-3.962635938705654,-3.434590151118167,-0.5284470075192604,-0.5427832575884135,0.4061124439826367,3.5836522024142505,-1.287362823881986,2.176465109677832
51.0,149.0,132.63449096679688,0.5478767663702792,1.491504888380763,-3.962634649641227,-3.434267066648049,-0.5294494055119336,-0.5427832578722989,0.4057089633595337,3.58362152783983,-1.2873928215836266,2.17590508380994
51.0,149.0,132.63449096679688,0.5479443307532503,1.491508016227045,-3.96263341896752,-3.4306258776168965,-0.5299218603500725,-0.5427832483608991,0.4062155360258249,3.5837066775123203,-1.287480815620589,2.17433400351874
51.0,149.0,132.63449096679688,0.5480346334435425,1.4915358671871106,-3.962701904330587,-3.43458928647094,-0.5284934810086279,-0.5427832483834628,0.3955962468310909,3.584020426865266,-1.2853940105912247,2.19910929935755
51.0,149.0,132.63449096679688,0.547937334783623,1.4915100851427567,-3.9627014968146543,-3.429984982496617,-0.5294568977045776,-0.5427832578974818,0.3699162894566278,3.5836336395795687,-1.2875321439894798,2.1750684624434897
51.0,149.0,132.63449096679688,0.5479528646980325,1.491516505548138,-3.962631667565327,-3.426347203262988,-0.5299152232478644,-0.5427832575034213,0.4061526462829934,3.583627555924569,-1.2874515118743466,2.174247113838662
51.0,149.0,132.63449096679688,0.5479443307532503,1.491649059294594,-3.9625711193724378,-3.4319721003301296,-0.5299218603500725,-0.542783257773751,0.4061391480894828,3.583631553332056,-1.287454885568915,2.174841645565911
51.0,149.0,132.63449096679688,0.5479443307532503,1.4915049366339104,-3.962636557231239,-3.434557513050347,-0.5294494055119336,-0.542783257773751,0.4061166314542819,3.583633584550882,-1.287362823881986,2.17590508380994
51.0,149.0,132.63449096679688,0.5478794275128381,1.4915077276054696,-3.9626964198457695,-3.425667844574314,-0.5319093348805342,-0.5427832578724885,0.3954950648561162,3.583631045299375,-1.287425365421958,2.17703297347557
51.0,149.0,132.63449096679688,0.5479029409119693,1.491649059294594,-3.97078966228464,-3.4319721003301296,-0.5299218603500725,-0.542783257773751,0.4061391480894828,3.583631553332056,-1.287454885568915,2.174841645565911
51.0,149.0,132.63449096679688,0.5480346334435425,1.4915358671871106,-3.96270189928064,-3.43458928647094,-0.5284934810086279,-0.5427832486342066,0.3955962468310909,3.584020426865266,-1.2853940105912247,2.19910929935755
51.0,149.0,132.63449096679688,0.5478794275128381,1.4915076700365577,-3.9626964198457695,-3.425667844574314,-0.5319093348805342,-0.5427832578724885,0.3954950648561162,3.583632877286047,-1.287425365421958,2.187722407741337
51.0,149.0,132.63449096679688,0.5479443307532503,1.4915049366339104,-3.962633557834935,-3.434557513050347,-0.5294494055119336,-0.542783257773751,0.4061124439826367,3.583633584550882,-1.287362823881986,2.1764628145926244
51.0,149.0,132.63449096679688,0.5480346334435425,1.4916432903170778,-3.96270189928064,-3.43331655060021,-0.5284934810086279,-0.542783248628836,0.3955962468310909,3.584020426865266,-1.285442448522945,2.199109367311996
51.0,149.0,132.63449096679688,0.5479443307532503,1.4915087974649832,-3.962633557834935,-3.434557513050347,-0.5294251826963321,-0.542783257773751,0.4062124139839728,3.583633584550882,-1.2873631797148324,2.17590508380994
51.0,149.0,132.63449096679688,0.5479443307532503,1.4915089129393202,-3.962567259995982,-3.434557513050347,-0.5299218603500725,-0.542783257773751,0.4061647558031358,3.583633584550882,-1.2855531915315936,2.174841645565911
51.0,149.0,132.63449096679688,0.5478794275128381,1.4915076700365577,-3.9626964198457695,-3.425667844574314,-0.5319093348805342,-0.5427832578724885,0.3954950648561162,3.583632877286047,-1.287425365421958,2.187722407741337
51.0,149.0,132.63449096679688,0.5478639887015218,1.4915073233667324,-3.962697913983248,-3.434433355144841,-0.5316156650281442,-0.542783257874277,0.3951834383186869,3.5840114240270604,-1.2873924461820083,2.1748392698901005
51.0,149.0,132.63449096679688,0.5478838193881604,1.4916432903170778,-3.9627017689909314,-3.433364401013456,-0.5318780090013744,-0.5427832580051262,0.3955962468310909,3.5836141227178184,-1.285442448522945,2.176734911193642
51.0,149.0,132.63449096679688,0.5479445165980213,1.4915358671871106,-3.9627018978629898,-3.43458928647094,-0.5284934810086279,-0.5427832575244437,0.3955962468310909,3.583606466606041,-1.2853940105912247,2.19910929935755
51.0,149.0,132.63449096679688,0.5479043890797272,1.4915127049508188,-3.96271316174888,-3.434498727021493,-0.5294638845808561,-0.5427832578705125,0.3701326336091446,3.5836336395795687,-1.2873903957378316,2.17518710798944
51.0,149.0,132.63449096679688,0.5479427964495454,1.4915100851427567,-3.9626347177334993,-3.425821383789524,-0.5294494055119336,-0.5427832578974818,0.3701326336091446,3.5836328967575364,-1.287425352698748,2.1748392698901005
51.0,149.0,132.63449096679688,0.5478794275128381,1.491504849395638,-3.9626964198457695,-3.425667844574314,-0.5319093348805342,-0.5427832578724885,0.3955521215916638,3.583632905336649,-1.287425365421958,2.187722407741337
51.0,150.0,132.63449096679688,0.5479443307532503,1.4915049366339104,-3.962633557834935,-3.434557513050347,-0.5294494055119336,-0.542783257773751,0.4061124439826367,3.583633584550882,-1.287362823881986,2.17590508380994
51.0,150.0,132.63449096679688,0.5480346334435425,1.4915358671871106,-3.96270189928064,-3.43458928647094,-0.5284934810086279,-0.5427832486342066,0.3955962468310909,3.584020426865266,-1.2853940105912247,2.19910929935755
51.0,150.0,132.63449096679688,0.5479443307532503,1.4915089129393202,-3.962633386298077,-3.434557513050347,-0.5299218603500725,-0.542783257773751,0.406168943274781,3.583633584550882,-1.287480815620589,2.17524651555813
51.0,150.0,132.63449096679688,0.5479443307532503,1.4915089129393202,-3.962570259392286,-3.434557513050347,-0.5299218603500725,-0.542783257773751,0.406168943274781,3.583633584550882,-1.2855531915315936,2.174841645565911
51.0,150.0,132.63449096679688,0.5479443307532503,1.4915049366339104,-3.962633557834935,-3.434557513050347,-0.5294494055119336,-0.542783257773751,0.4061124439826367,3.583633584550882,-1.287362823881986,2.17590508380994
51.0,150.0,132.63449096679688,0.5480346334435425,1.4915358671871106,-3.96270189928064,-3.43458928647094,-0.5284934810086279,-0.5427832486342066,0.3955962468310909,3.584020426865266,-1.2853940105912247,2.19910929935755
51.0,150.0,132.63449096679688,0.5479427964495454,1.4915100851427567,-3.962634388366512,-3.429984982496617,-0.5294494055119336,-0.5427832578974818,0.3701326336091446,3.5836336395795687,-1.2873924461820083,2.1748392698901005
51.0,150.0,132.63449096679688,0.5479443307532503,1.491649059294594,-3.9625711193724378,-3.4319721003301296,-0.5299218603500725,-0.542783257773751,0.4061391480894828,3.583631553332056,-1.287454885568915,2.174841645565911
51.0,150.0,132.63449096679688,0.5479450754820889,1.4915358671871106,-3.962701730588294,-3.43458928647094,-0.5284934810086279,-0.5427832575244437,0.3955962468310909,3.583606466606041,-1.2853940105912247,2.19910929935755
51.0,150.0,132.63449096679688,0.5479443307532503,1.4915049366339104,-3.962633557834935,-3.434557513050347,-0.5294494055119336,-0.542783257773751,0.4061124439826367,3.583633584550882,-1.287362823881986,2.17590508380994
51.0,150.0,132.63449096679688,0.5478794275128381,1.4915073233667324,-3.962634563205784,-3.425667844574314,-0.5316073164320063,-0.542783257874277,0.4079830073726454,3.5840114016237066,-1.2873924461820083,2.1748392698901005
51.0,150.0,132.63449096679688,0.5478794275128381,1.4915077276054696,-3.9626964198457695,-3.425667844574314,-0.5319093348805342,-0.5427832578724885,0.3954950648561162,3.583631056644436,-1.287425365421958,2.17703297347557
51.0,150.0,132.63449096679688,0.5479443307532503,1.4915089129393202,-3.962633386298077,-3.43061292192912,-0.5299218603500725,-0.5427832483572392,0.4062155360258249,3.5837297581783227,-1.287480815620589,2.17433400351874
51.0,150.0,132.63449096679688,0.5479043890797272,1.4915127049508188,-3.962483624971661,-3.429984982496617,-0.5294494055119336,-0.5427832578974818,0.3701326336091446,3.5836336395795687,-1.2873924461820083,2.1748392698901005
51.0,150.0,132.63449096679688,0.5480346334435425,1.4915358671871106,-3.96270189928064,-3.43458928647094,-0.5284934810086279,-0.5427832486342066,0.3955962468310909,3.584020426865266,-1.2853940105912247,2.19910929935755
51.0,150.0,132.63449096679688,0.5479450754820889,1.4915358671871106,-3.962701730588294,-3.43458928647094,-0.5284934810086279,-0.5427832575244437,0.3955962468310909,3.583606466606041,-1.2853940105912247,2.19910929935755
51.0,150.0,132.63449096679688,0.5479443307532503,1.4915089129393202,-3.962634823555003,-3.434557513050347,-0.5299218603500725,-0.542783257773751,0.4061438604334335,3.583638363681787,-1.287480815620589,2.17524651555813
51.0,150.0,132.63449096679688,0.5479427179272824,1.491516505548138,-3.962633063453896,-3.4319057602288323,-0.5299152232478644,-0.5427832579015284,0.4061391480894828,3.583631553332056,-1.2874515118743466,2.174841645565911
51.0,150.0,132.63449096679688,0.5480346334435425,1.4915358671871106,-3.96270189928064,-3.43458928647094,-0.5284934810086279,-0.5427832486342066,0.3955962468310909,3.584020426865266,-1.2853940105912247,2.19910929935755
51.0,150.0,132.63449096679688,0.5479443307532503,1.4915049366339104,-3.962633557834935,-3.434557513050347,-0.5294494055119336,-0.542783257773751,0.4061124439826367,3.583633584550882,-1.287362823881986,2.17590508380994
51.0,150.0,132.63449096679688,0.5480346334435425,1.4915358671871106,-3.96270189928064,-3.43458928647094,-0.5284934810086279,-0.5427832486341615,0.3955962468310909,3.584020426865266,-1.2853940105912247,2.19910929935755
51.0,150.0,132.63449096679688,0.5478794275128381,1.4915076700365577,-3.9626964198457695,-3.425667844574314,-0.5319093348805342,-0.5427832578724885,0.3954950648561162,3.583632877286047,-1.287425365421958,2.17703297347557
51.0,150.0,132.63449096679688,0.5479443307532503,1.4915049366339104,-3.962633557834935,-3.434557513050347,-0.5294494055119336,-0.542783257773751,0.4061124439826367,3.583633584550882,-1.287362823881986,2.176465109677832
51.0,150.0,132.63449096679688,0.5479450754820889,1.4915358671871106,-3.962703613678171,-3.43458928647094,-0.5284934810086279,-0.5427832576912359,0.3955962468310909,3.583606466606041,-1.2853940105912247,2.19910929935755
51.0,150.0,132.63449096679688,0.5480287078407784,1.49153693704238,-3.962633078016185,-3.434557513050347,-0.5299218603500725,-0.5427832487089763,0.4065301790917218,3.583638363681787,-1.287480815620589,2.17524651555813
51.0,150.0,132.63449096679688,0.5479443307532503,1.491508970508232,-3.962633386298077,-3.43061292192912,-0.5299218603500725,-0.5427832483572392,0.4062155360258249,3.583727937536712,-1.287480815620589,2.17433400351874
51.0,150.0,132.63449096679688,0.5479427179272824,1.491516505548138,-3.962633063453896,-3.4319057602288323,-0.5299152232478644,-0.5427832579015284,0.4061391480894828,3.583631553332056,-1.2874515118743466,2.174841645565911
51.0,150.0,132.63449096679688,0.5479492757942637,1.4915049366339104,-3.962635938705654,-3.434590151118167,-0.5284470075192604,-0.5427832575884135,0.4061124439826367,3.5836522024142505,-1.287362823881986,2.176465109677832
51.0,150.0,132.63449096679688,0.5478767663702792,1.491504888380763,-3.962634649641227,-3.434267066648049,-0.5294494055119336,-0.5427832578722989,0.4057089633595337,3.58362152783983,-1.2873928215836266,2.17590508380994
51.0,150.0,132.63449096679688,0.5479443307532503,1.491508016227045,-3.96263341896752,-3.4306258776168965,-0.5299218603500725,-0.5427832483608991,0.4062155360258249,3.5837066775123203,-1.287480815620589,2.17433400351874
51.0,150.0,132.63449096679688,0.5480346334435425,1.4915358671871106,-3.962701904330587,-3.43458928647094,-0.5284934810086279,-0.5427832483834628,0.3955962468310909,3.584020426865266,-1.2853940105912247,2.19910929935755
51.0,150.0,132.63449096679688,0.547937334783623,1.4915100851427567,-3.9627014968146543,-3.429984982496617,-0.5294568977045776,-0.5427832578974818,0.3699162894566278,3.5836336395795687,-1.2875321439894798,2.1750684624434897
51.0,150.0,132.63449096679688,0.5479528646980325,1.491516505548138,-3.962631667565327,-3.426347203262988,-0.5299152232478644,-0.5427832575034213,0.4061526462829934,3.583627555924569,-1.2874515118743466,2.174247113838662
51.0,150.0,132.63449096679688,0.5479443307532503,1.491649059294594,-3.9625711193724378,-3.4319721003301296,-0.5299218603500725,-0.542783257773751,0.4061391480894828,3.583631553332056,-1.287454885568915,2.174841645565911
51.0,150.0,132.63449096679688,0.5479443307532503,1.4915049366339104,-3.962636557231239,-3.434557513050347,-0.5294494055119336,-0.542783257773751,0.4061166314542819,3.583633584550882,-1.287362823881986,2.17590508380994
51.0,150.0,132.63449096679688,0.5478794275128381,1.4915077276054696,-3.9626964198457695,-3.425667844574314,-0.5319093348805342,-0.5427832578724885,0.3954950648561162,3.583631045299375,-1.287425365421958,2.17703297347557
51.0,150.0,132.63449096679688,0.5479029409119693,1.491649059294594,-3.97078966228464,-3.4319721003301296,-0.5299218603500725,-0.542783257773751,0.4061391480894828,3.583631553332056,-1.287454885568915,2.174841645565911
51.0,150.0,132.63449096679688,0.5480346334435425,1.4915358671871106,-3.96270189928064,-3.43458928647094,-0.5284934810086279,-0.5427832486342066,0.3955962468310909,3.584020426865266,-1.2853940105912247,2.19910929935755
51.0,150.0,132.63449096679688,0.5478794275128381,1.4915076700365577,-3.9626964198457695,-3.425667844574314,-0.5319093348805342,-0.5427832578724885,0.3954950648561162,3.583632877286047,-1.287425365421958,2.187722407741337
51.0,150.0,132.63449096679688,0.5479443307532503,1.4915049366339104,-3.962633557834935,-3.434557513050347,-0.5294494055119336,-0.542783257773751,0.4061124439826367,3.583633584550882,-1.287362823881986,2.1764628145926244
51.0,150.0,132.63449096679688,0.5480346334435425,1.4916432903170778,-3.96270189928064,-3.43331655060021,-0.5284934810086279,-0.542783248628836,0.3955962468310909,3.584020426865266,-1.285442448522945,2.199109367311996
51.0,150.0,132.63449096679688,0.5479443307532503,1.4915087974649832,-3.962633557834935,-3.434557513050347,-0.5294251826963321,-0.542783257773751,0.4062124139839728,3.583633584550882,-1.2873631797148324,2.17590508380994
51.0,150.0,132.63449096679688,0.5479443307532503,1.4915089129393202,-3.962567259995982,-3.434557513050347,-0.5299218603500725,-0.542783257773751,0.4061647558031358,3.583633584550882,-1.2855531915315936,2.174841645565911
51.0,150.0,132.63449096679688,0.5478794275128381,1.4915076700365577,-3.9626964198457695,-3.425667844574314,-0.5319093348805342,-0.5427832578724885,0.3954950648561162,3.583632877286047,-1.287425365421958,2.187722407741337
51.0,150.0,132.63449096679688,0.5478639887015218,1.4915073233667324,-3.962697913983248,-3.434433355144841,-0.5316156650281442,-0.542783257874277,0.3951834383186869,3.5840114240270604,-1.2873924461820083,2.1748392698901005
51.0,150.0,132.63449096679688,0.5478838193881604,1.4916432903170778,-3.9627017689909314,-3.433364401013456,-0.5318780090013744,-0.5427832580051262,0.3955962468310909,3.5836141227178184,-1.285442448522945,2.176734911193642
51.0,150.0,132.63449096679688,0.5479445165980213,1.4915358671871106,-3.9627018978629898,-3.43458928647094,-0.5284934810086279,-0.5427832575244437,0.3955962468310909,3.583606466606041,-1.2853940105912247,2.19910929935755
51.0,150.0,132.63449096679688,0.5479043890797272,1.4915127049508188,-3.96271316174888,-3.434498727021493,-0.5294638845808561,-0.5427832578705125,0.3701326336091446,3.5836336395795687,-1.2873903957378316,2.17518710798944
51.0,150.0,132.63449096679688,0.5479427964495454,1.4915100851427567,-3.9626347177334993,-3.425821383789524,-0.5294494055119336,-0.5427832578974818,0.3701326336091446,3.5836328967575364,-1.287425352698748,2.1748392698901005
51.0,150.0,132.63449096679688,0.5478794275128381,1.491504849395638,-3.9626964198457695,-3.425667844574314,-0.5319093348805342,-0.5427832578724885,0.3955521215916638,3.583632905336649,-1.287425365421958,2.187722407741337
51.0,151.0,132.63449096679688,0.5479443307532503,1.4915049366339104,-3.962633557834935,-3.434557513050347,-0.5294494055119336,-0.542783257773751,0.4061124439826367,3.583633584550882,-1.287362823881986,2.17590508380994
51.0,151.0,132.63449096679688,0.5480346334435425,1.4915358671871106,-3.96270189928064,-3.43458928647094,-0.5284934810086279,-0.5427832486342066,0.3955962468310909,3.584020426865266,-1.2853940105912247,2.19910929935755
51.0,151.0,132.63449096679688,0.5479443307532503,1.4915089129393202,-3.962633386298077,-3.434557513050347,-0.5299218603500725,-0.542783257773751,0.406168943274781,3.583633584550882,-1.287480815620589,2.17524651555813
51.0,151.0,132.63449096679688,0.5479443307532503,1.4915089129393202,-3.962570259392286,-3.434557513050347,-0.5299218603500725,-0.542783257773751,0.406168943274781,3.583633584550882,-1.2855531915315936,2.174841645565911
51.0,151.0,132.63449096679688,0.5479443307532503,1.4915049366339104,-3.962633557834935,-3.434557513050347,-0.5294494055119336,-0.542783257773751,0.4061124439826367,3.583633584550882,-1.287362823881986,2.17590508380994
51.0,151.0,132.63449096679688,0.5480346334435425,1.4915358671871106,-3.96270189928064,-3.43458928647094,-0.5284934810086279,-0.5427832486342066,0.3955962468310909,3.584020426865266,-1.2853940105912247,2.19910929935755
51.0,151.0,132.63449096679688,0.5479427964495454,1.4915100851427567,-3.962634388366512,-3.429984982496617,-0.5294494055119336,-0.5427832578974818,0.3701326336091446,3.5836336395795687,-1.2873924461820083,2.1748392698901005
51.0,151.0,132.63449096679688,0.5479443307532503,1.491649059294594,-3.9625711193724378,-3.4319721003301296,-0.5299218603500725,-0.542783257773751,0.4061391480894828,3.583631553332056,-1.287454885568915,2.174841645565911
51.0,151.0,132.63449096679688,0.5479450754820889,1.4915358671871106,-3.962701730588294,-3.43458928647094,-0.5284934810086279,-0.5427832575244437,0.3955962468310909,3.583606466606041,-1.2853940105912247,2.19910929935755
51.0,151.0,132.63449096679688,0.5479443307532503,1.4915049366339104,-3.962633557834935,-3.434557513050347,-0.5294494055119336,-0.542783257773751,0.4061124439826367,3.583633584550882,-1.287362823881986,2.17590508380994
51.0,151.0,132.63449096679688,0.5478794275128381,1.4915073233667324,-3.962634563205784,-3.425667844574314,-0.5316073164320063,-0.542783257874277,0.4079830073726454,3.5840114016237066,-1.2873924461820083,2.1748392698901005
51.0,151.0,132.63449096679688,0.5478794275128381,1.4915077276054696,-3.9626964198457695,-3.425667844574314,-0.5319093348805342,-0.5427832578724885,0.3954950648561162,3.583631056644436,-1.287425365421958,2.17703297347557
51.0,151.0,132.63449096679688,0.5479443307532503,1.4915089129393202,-3.962633386298077,-3.43061292192912,-0.5299218603500725,-0.5427832483572392,0.4062155360258249,3.5837297581783227,-1.287480815620589,2.17433400351874
51.0,151.0,132.63449096679688,0.5479043890797272,1.4915127049508188,-3.962483624971661,-3.429984982496617,-0.5294494055119336,-0.5427832578974818,0.3701326336091446,3.5836336395795687,-1.2873924461820083,2.1748392698901005
51.0,151.0,132.63449096679688,0.5480346334435425,1.4915358671871106,-3.96270189928064,-3.43458928647094,-0.5284934810086279,-0.5427832486342066,0.3955962468310909,3.584020426865266,-1.2853940105912247,2.19910929935755
51.0,151.0,132.63449096679688,0.5479450754820889,1.4915358671871106,-3.962701730588294,-3.43458928647094,-0.5284934810086279,-0.5427832575244437,0.3955962468310909,3.583606466606041,-1.2853940105912247,2.19910929935755
51.0,151.0,132.63449096679688,0.5479443307532503,1.4915089129393202,-3.962634823555003,-3.434557513050347,-0.5299218603500725,-0.542783257773751,0.4061438604334335,3.583638363681787,-1.287480815620589,2.17524651555813
51.0,151.0,132.63449096679688,0.5479427179272824,1.491516505548138,-3.962633063453896,-3.4319057602288323,-0.5299152232478644,-0.5427832579015284,0.4061391480894828,3.583631553332056,-1.2874515118743466,2.174841645565911
51.0,151.0,132.63449096679688,0.5480346334435425,1.4915358671871106,-3.96270189928064,-3.43458928647094,-0.5284934810086279,-0.5427832486342066,0.3955962468310909,3.584020426865266,-1.2853940105912247,2.19910929935755
51.0,151.0,132.63449096679688,0.5479443307532503,1.4915049366339104,-3.962633557834935,-3.434557513050347,-0.5294494055119336,-0.542783257773751,0.4061124439826367,3.583633584550882,-1.287362823881986,2.17590508380994
51.0,151.0,132.63449096679688,0.5480346334435425,1.4915358671871106,-3.96270189928064,-3.43458928647094,-0.5284934810086279,-0.5427832486341615,0.3955962468310909,3.584020426865266,-1.2853940105912247,2.19910929935755
51.0,151.0,132.63449096679688,0.5478794275128381,1.4915076700365577,-3.9626964198457695,-3.425667844574314,-0.5319093348805342,-0.5427832578724885,0.3954950648561162,3.583632877286047,-1.287425365421958,2.17703297347557
51.0,151.0,132.63449096679688,0.5479443307532503,1.4915049366339104,-3.962633557834935,-3.434557513050347,-0.5294494055119336,-0.542783257773751,0.4061124439826367,3.583633584550882,-1.287362823881986,2.176465109677832
51.0,151.0,132.63449096679688,0.5479450754820889,1.4915358671871106,-3.962703613678171,-3.43458928647094,-0.5284934810086279,-0.5427832576912359,0.3955962468310909,3.583606466606041,-1.2853940105912247,2.19910929935755
51.0,151.0,132.63449096679688,0.5480287078407784,1.49153693704238,-3.962633078016185,-3.434557513050347,-0.5299218603500725,-0.5427832487089763,0.4065301790917218,3.583638363681787,-1.287480815620589,2.17524651555813
51.0,151.0,132.63449096679688,0.5479443307532503,1.491508970508232,-3.962633386298077,-3.43061292192912,-0.5299218603500725,-0.5427832483572392,0.4062155360258249,3.583727937536712,-1.287480815620589,2.17433400351874
51.0,151.0,132.63449096679688,0.5479427179272824,1.491516505548138,-3.962633063453896,-3.4319057602288323,-0.5299152232478644,-0.5427832579015284,0.4061391480894828,3.583631553332056,-1.2874515118743466,2.174841645565911
51.0,151.0,132.63449096679688,0.5479492757942637,1.4915049366339104,-3.962635938705654,-3.434590151118167,-0.5284470075192604,-0.5427832575884135,0.4061124439826367,3.5836522024142505,-1.287362823881986,2.176465109677832
51.0,151.0,132.63449096679688,0.5478767663702792,1.491504888380763,-3.962634649641227,-3.434267066648049,-0.5294494055119336,-0.5427832578722989,0.4057089633595337,3.58362152783983,-1.2873928215836266,2.17590508380994
51.0,151.0,132.63449096679688,0.5479443307532503,1.491508016227045,-3.96263341896752,-3.4306258776168965,-0.5299218603500725,-0.5427832483608991,0.4062155360258249,3.5837066775123203,-1.287480815620589,2.17433400351874
51.0,151.0,132.63449096679688,0.5480346334435425,1.4915358671871106,-3.962701904330587,-3.43458928647094,-0.5284934810086279,-0.5427832483834628,0.3955962468310909,3.584020426865266,-1.2853940105912247,2.19910929935755
51.0,151.0,132.63449096679688,0.547937334783623,1.4915100851427567,-3.9627014968146543,-3.429984982496617,-0.5294568977045776,-0.5427832578974818,0.3699162894566278,3.5836336395795687,-1.2875321439894798,2.1750684624434897
51.0,151.0,132.63449096679688,0.5479528646980325,1.491516505548138,-3.962631667565327,-3.426347203262988,-0.5299152232478644,-0.5427832575034213,0.4061526462829934,3.583627555924569,-1.2874515118743466,2.174247113838662
51.0,151.0,132.63449096679688,0.5479443307532503,1.491649059294594,-3.9625711193724378,-3.4319721003301296,-0.5299218603500725,-0.542783257773751,0.4061391480894828,3.583631553332056,-1.287454885568915,2.174841645565911
51.0,151.0,132.63449096679688,0.5479443307532503,1.4915049366339104,-3.962636557231239,-3.434557513050347,-0.5294494055119336,-0.542783257773751,0.4061166314542819,3.583633584550882,-1.287362823881986,2.17590508380994
51.0,151.0,132.63449096679688,0.5478794275128381,1.4915077276054696,-3.9626964198457695,-3.425667844574314,-0.5319093348805342,-0.5427832578724885,0.3954950648561162,3.583631045299375,-1.287425365421958,2.17703297347557
51.0,151.0,132.63449096679688,0.5479029409119693,1.491649059294594,-3.97078966228464,-3.4319721003301296,-0.5299218603500725,-0.542783257773751,0.4061391480894828,3.583631553332056,-1.287454885568915,2.174841645565911
51.0,151.0,132.63449096679688,0.5480346334435425,1.4915358671871106,-3.96270189928064,-3.43458928647094,-0.5284934810086279,-0.5427832486342066,0.3955962468310909,3.584020426865266,-1.2853940105912247,2.19910929935755
51.0,151.0,132.63449096679688,0.5478794275128381,1.4915076700365577,-3.9626964198457695,-3.425667844574314,-0.5319093348805342,-0.5427832578724885,0.3954950648561162,3.583632877286047,-1.287425365421958,2.187722407741337
51.0,151.0,132.63449096679688,0.5479443307532503,1.4915049366339104,-3.962633557834935,-3.434557513050347,-0.5294494055119336,-0.542783257773751,0.4061124439826367,3.583633584550882,-1.287362823881986,2.1764628145926244
51.0,151.0,132.63449096679688,0.5480346334435425,1.4916432903170778,-3.96270189928064,-3.43331655060021,-0.5284934810086279,-0.542783248628836,0.3955962468310909,3.584020426865266,-1.285442448522945,2.199109367311996
51.0,151.0,132.63449096679688,0.5479443307532503,1.4915087974649832,-3.962633557834935,-3.434557513050347,-0.5294251826963321,-0.542783257773751,0.4062124139839728,3.583633584550882,-1.2873631797148324,2.17590508380994
51.0,151.0,132.63449096679688,0.5479443307532503,1.4915089129393202,-3.962567259995982,-3.434557513050347,-0.5299218603500725,-0.542783257773751,0.4061647558031358,3.583633584550882,-1.2855531915315936,2.174841645565911
51.0,151.0,132.63449096679688,0.5478794275128381,1.4915076700365577,-3.9626964198457695,-3.425667844574314,-0.5319093348805342,-0.5427832578724885,0.3954950648561162,3.583632877286047,-1.287425365421958,2.187722407741337
51.0,151.0,132.63449096679688,0.5478639887015218,1.4915073233667324,-3.962697913983248,-3.434433355144841,-0.5316156650281442,-0.542783257874277,0.3951834383186869,3.5840114240270604,-1.2873924461820083,2.1748392698901005
51.0,151.0,132.63449096679688,0.5478838193881604,1.4916432903170778,-3.9627017689909314,-3.433364401013456,-0.5318780090013744,-0.5427832580051262,0.3955962468310909,3.5836141227178184,-1.285442448522945,2.176734911193642
51.0,151.0,132.63449096679688,0.5479445165980213,1.4915358671871106,-3.9627018978629898,-3.43458928647094,-0.5284934810086279,-0.5427832575244437,0.3955962468310909,3.583606466606041,-1.2853940105912247,2.19910929935755
51.0,151.0,132.63449096679688,0.5479043890797272,1.4915127049508188,-3.96271316174888,-3.434498727021493,-0.5294638845808561,-0.5427832578705125,0.3701326336091446,3.5836336395795687,-1.2873903957378316,2.17518710798944
51.0,151.0,132.63449096679688,0.5479427964495454,1.4915100851427567,-3.9626347177334993,-3.425821383789524,-0.5294494055119336,-0.5427832578974818,0.3701326336091446,3.5836328967575364,-1.287425352698748,2.1748392698901005
51.0,151.0,132.63449096679688,0.5478794275128381,1.491504849395638,-3.9626964198457695,-3.425667844574314,-0.5319093348805342,-0.5427832578724885,0.3955521215916638,3.583632905336649,-1.287425365421958,2.187722407741337
51.0,152.0,132.63449096679688,0.5479443307532503,1.4915049366339104,-3.962633557834935,-3.434557513050347,-0.5294494055119336,-0.542783257773751,0.4061124439826367,3.583633584550882,-1.287362823881986,2.17590508380994
51.0,152.0,132.63449096679688,0.5480346334435425,1.4915358671871106,-3.96270189928064,-3.43458928647094,-0.5284934810086279,-0.5427832486342066,0.3955962468310909,3.584020426865266,-1.2853940105912247,2.19910929935755
51.0,152.0,132.63449096679688,0.5479443307532503,1.4915089129393202,-3.962633386298077,-3.434557513050347,-0.5299218603500725,-0.542783257773751,0.406168943274781,3.583633584550882,-1.287480815620589,2.17524651555813
51.0,152.0,132.63449096679688,0.5479443307532503,1.4915089129393202,-3.962570259392286,-3.434557513050347,-0.5299218603500725,-0.542783257773751,0.406168943274781,3.583633584550882,-1.2855531915315936,2.174841645565911
51.0,152.0,132.63449096679688,0.5479443307532503,1.4915049366339104,-3.962633557834935,-3.434557513050347,-0.5294494055119336,-0.542783257773751,0.4061124439826367,3.583633584550882,-1.287362823881986,2.17590508380994
51.0,152.0,132.63449096679688,0.5480346334435425,1.4915358671871106,-3.96270189928064,-3.43458928647094,-0.5284934810086279,-0.5427832486342066,0.3955962468310909,3.584020426865266,-1.2853940105912247,2.19910929935755
51.0,152.0,132.63449096679688,0.5479427964495454,1.4915100851427567,-3.962634388366512,-3.429984982496617,-0.5294494055119336,-0.5427832578974818,0.3701326336091446,3.5836336395795687,-1.2873924461820083,2.1748392698901005
51.0,152.0,132.63449096679688,0.5479443307532503,1.491649059294594,-3.9625711193724378,-3.4319721003301296,-0.5299218603500725,-0.542783257773751,0.4061391480894828,3.583631553332056,-1.287454885568915,2.174841645565911
51.0,152.0,132.63449096679688,0.5479450754820889,1.4915358671871106,-3.962701730588294,-3.43458928647094,-0.5284934810086279,-0.5427832575244437,0.3955962468310909,3.583606466606041,-1.2853940105912247,2.19910929935755
51.0,152.0,132.63449096679688,0.5479443307532503,1.4915049366339104,-3.962633557834935,-3.434557513050347,-0.5294494055119336,-0.542783257773751,0.4061124439826367,3.583633584550882,-1.287362823881986,2.17590508380994
51.0,152.0,132.63449096679688,0.5478794275128381,1.4915073233667324,-3.962634563205784,-3.425667844574314,-0.5316073164320063,-0.542783257874277,0.4079830073726454,3.5840114016237066,-1.2873924461820083,2.1748392698901005
51.0,152.0,132.63449096679688,0.5478794275128381,1.4915077276054696,-3.9626964198457695,-3.425667844574314,-0.5319093348805342,-0.5427832578724885,0.3954950648561162,3.583631056644436,-1.287425365421958,2.17703297347557
51.0,152.0,132.63449096679688,0.5479443307532503,1.4915089129393202,-3.962633386298077,-3.43061292192912,-0.5299218603500725,-0.5427832483572392,0.4062155360258249,3.5837297581783227,-1.287480815620589,2.17433400351874
51.0,152.0,132.63449096679688,0.5479043890797272,1.4915127049508188,-3.962483624971661,-3.429984982496617,-0.5294494055119336,-0.5427832578974818,0.3701326336091446,3.5836336395795687,-1.2873924461820083,2.1748392698901005
51.0,152.0,132.63449096679688,0.5480346334435425,1.4915358671871106,-3.96270189928064,-3.43458928647094,-0.5284934810086279,-0.5427832486342066,0.3955962468310909,3.584020426865266,-1.2853940105912247,2.19910929935755
51.0,152.0,132.63449096679688,0.5479450754820889,1.4915358671871106,-3.962701730588294,-3.43458928647094,-0.5284934810086279,-0.5427832575244437,0.3955962468310909,3.583606466606041,-1.2853940105912247,2.19910929935755
51.0,152.0,132.63449096679688,0.5479443307532503,1.4915089129393202,-3.962634823555003,-3.434557513050347,-0.5299218603500725,-0.542783257773751,0.4061438604334335,3.583638363681787,-1.287480815620589,2.17524651555813
51.0,152.0,132.63449096679688,0.5479427179272824,1.491516505548138,-3.962633063453896,-3.4319057602288323,-0.5299152232478644,-0.5427832579015284,0.4061391480894828,3.583631553332056,-1.2874515118743466,2.174841645565911
51.0,152.0,132.63449096679688,0.5480346334435425,1.4915358671871106,-3.96270189928064,-3.43458928647094,-0.5284934810086279,-0.5427832486342066,0.3955962468310909,3.584020426865266,-1.2853940105912247,2.19910929935755
51.0,152.0,132.63449096679688,0.5479443307532503,1.4915049366339104,-3.962633557834935,-3.434557513050347,-0.5294494055119336,-0.542783257773751,0.4061124439826367,3.583633584550882,-1.287362823881986,2.17590508380994
51.0,152.0,132.63449096679688,0.5480346334435425,1.4915358671871106,-3.96270189928064,-3.43458928647094,-0.5284934810086279,-0.5427832486341615,0.3955962468310909,3.584020426865266,-1.2853940105912247,2.19910929935755
51.0,152.0,132.63449096679688,0.5478794275128381,1.4915076700365577,-3.9626964198457695,-3.425667844574314,-0.5319093348805342,-0.5427832578724885,0.3954950648561162,3.583632877286047,-1.287425365421958,2.17703297347557
51.0,152.0,132.63449096679688,0.5479443307532503,1.4915049366339104,-3.962633557834935,-3.434557513050347,-0.5294494055119336,-0.542783257773751,0.4061124439826367,3.583633584550882,-1.287362823881986,2.176465109677832
51.0,152.0,132.63449096679688,0.5479450754820889,1.4915358671871106,-3.962703613678171,-3.43458928647094,-0.5284934810086279,-0.5427832576912359,0.3955962468310909,3.583606466606041,-1.2853940105912247,2.19910929935755
51.0,152.0,132.63449096679688,0.5480287078407784,1.49153693704238,-3.962633078016185,-3.434557513050347,-0.5299218603500725,-0.5427832487089763,0.4065301790917218,3.583638363681787,-1.287480815620589,2.17524651555813
51.0,152.0,132.63449096679688,0.5479443307532503,1.491508970508232,-3.962633386298077,-3.43061292192912,-0.5299218603500725,-0.5427832483572392,0.4062155360258249,3.583727937536712,-1.287480815620589,2.17433400351874
51.0,152.0,132.63449096679688,0.5479427179272824,1.491516505548138,-3.962633063453896,-3.4319057602288323,-0.5299152232478644,-0.5427832579015284,0.4061391480894828,3.583631553332056,-1.2874515118743466,2.174841645565911
51.0,152.0,132.63449096679688,0.5479492757942637,1.4915049366339104,-3.962635938705654,-3.434590151118167,-0.5284470075192604,-0.5427832575884135,0.4061124439826367,3.5836522024142505,-1.287362823881986,2.176465109677832
51.0,152.0,132.63449096679688,0.5478767663702792,1.491504888380763,-3.962634649641227,-3.434267066648049,-0.5294494055119336,-0.5427832578722989,0.4057089633595337,3.58362152783983,-1.2873928215836266,2.17590508380994
51.0,152.0,132.63449096679688,0.5479443307532503,1.491508016227045,-3.96263341896752,-3.4306258776168965,-0.5299218603500725,-0.5427832483608991,0.4062155360258249,3.5837066775123203,-1.287480815620589,2.17433400351874
51.0,152.0,132.63449096679688,0.5480346334435425,1.4915358671871106,-3.962701904330587,-3.43458928647094,-0.5284934810086279,-0.5427832483834628,0.3955962468310909,3.584020426865266,-1.2853940105912247,2.19910929935755
51.0,152.0,132.63449096679688,0.547937334783623,1.4915100851427567,-3.9627014968146543,-3.429984982496617,-0.5294568977045776,-0.5427832578974818,0.3699162894566278,3.5836336395795687,-1.2875321439894798,2.1750684624434897
51.0,152.0,132.63449096679688,0.5479528646980325,1.491516505548138,-3.962631667565327,-3.426347203262988,-0.5299152232478644,-0.5427832575034213,0.4061526462829934,3.583627555924569,-1.2874515118743466,2.174247113838662
51.0,152.0,132.63449096679688,0.5479443307532503,1.491649059294594,-3.9625711193724378,-3.4319721003301296,-0.5299218603500725,-0.542783257773751,0.4061391480894828,3.583631553332056,-1.287454885568915,2.174841645565911
51.0,152.0,132.63449096679688,0.5479443307532503,1.4915049366339104,-3.962636557231239,-3.434557513050347,-0.5294494055119336,-0.542783257773751,0.4061166314542819,3.583633584550882,-1.287362823881986,2.17590508380994
51.0,152.0,132.63449096679688,0.5478794275128381,1.4915077276054696,-3.9626964198457695,-3.425667844574314,-0.5319093348805342,-0.5427832578724885,0.3954950648561162,3.583631045299375,-1.287425365421958,2.17703297347557
51.0,152.0,132.63449096679688,0.5479029409119693,1.491649059294594,-3.97078966228464,-3.4319721003301296,-0.5299218603500725,-0.542783257773751,0.4061391480894828,3.583631553332056,-1.287454885568915,2.174841645565911
51.0,152.0,132.63449096679688,0.5480346334435425,1.4915358671871106,-3.96270189928064,-3.43458928647094,-0.5284934810086279,-0.5427832486342066,0.3955962468310909,3.584020426865266,-1.2853940105912247,2.19910929935755
51.0,152.0,132.63449096679688,0.5478794275128381,1.4915076700365577,-3.9626964198457695,-3.425667844574314,-0.5319093348805342,-0.5427832578724885,0.3954950648561162,3.583632877286047,-1.287425365421958,2.187722407741337
51.0,152.0,132.63449096679688,0.5479443307532503,1.4915049366339104,-3.962633557834935,-3.434557513050347,-0.5294494055119336,-0.542783257773751,0.4061124439826367,3.583633584550882,-1.287362823881986,2.1764628145926244
51.0,152.0,132.63449096679688,0.5480346334435425,1.4916432903170778,-3.96270189928064,-3.43331655060021,-0.5284934810086279,-0.542783248628836,0.3955962468310909,3.584020426865266,-1.285442448522945,2.199109367311996
51.0,152.0,132.63449096679688,0.5479443307532503,1.4915087974649832,-3.962633557834935,-3.434557513050347,-0.5294251826963321,-0.542783257773751,0.4062124139839728,3.583633584550882,-1.2873631797148324,2.17590508380994
51.0,152.0,132.63449096679688,0.5479443307532503,1.4915089129393202,-3.962567259995982,-3.434557513050347,-0.5299218603500725,-0.542783257773751,0.4061647558031358,3.583633584550882,-1.2855531915315936,2.174841645565911
51.0,152.0,132.63449096679688,0.5478794275128381,1.4915076700365577,-3.9626964198457695,-3.425667844574314,-0.5319093348805342,-0.5427832578724885,0.3954950648561162,3.583632877286047,-1.287425365421958,2.187722407741337
51.0,152.0,132.63449096679688,0.5478639887015218,1.4915073233667324,-3.962697913983248,-3.434433355144841,-0.5316156650281442,-0.542783257874277,0.3951834383186869,3.5840114240270604,-1.2873924461820083,2.1748392698901005
51.0,152.0,132.63449096679688,0.5478838193881604,1.4916432903170778,-3.9627017689909314,-3.433364401013456,-0.5318780090013744,-0.5427832580051262,0.3955962468310909,3.5836141227178184,-1.285442448522945,2.176734911193642
51.0,152.0,132.63449096679688,0.5479445165980213,1.4915358671871106,-3.9627018978629898,-3.43458928647094,-0.5284934810086279,-0.5427832575244437,0.3955962468310909,3.583606466606041,-1.2853940105912247,2.19910929935755
51.0,152.0,132.63449096679688,0.5479043890797272,1.4915127049508188,-3.96271316174888,-3.434498727021493,-0.5294638845808561,-0.5427832578705125,0.3701326336091446,3.5836336395795687,-1.2873903957378316,2.17518710798944
51.0,152.0,132.63449096679688,0.5479427964495454,1.4915100851427567,-3.9626347177334993,-3.425821383789524,-0.5294494055119336,-0.5427832578974818,0.3701326336091446,3.5836328967575364,-1.287425352698748,2.1748392698901005
51.0,152.0,132.63449096679688,0.5478794275128381,1.491504849395638,-3.9626964198457695,-3.425667844574314,-0.5319093348805342,-0.5427832578724885,0.3955521215916638,3.583632905336649,-1.287425365421958,2.187722407741337
51.0,153.0,132.63449096679688,0.5479443307532503,1.4915049366339104,-3.962633557834935,-3.434557513050347,-0.5294494055119336,-0.542783257773751,0.4061124439826367,3.583633584550882,-1.287362823881986,2.17590508380994
51.0,153.0,132.63449096679688,0.5480346334435425,1.4915358671871106,-3.96270189928064,-3.43458928647094,-0.5284934810086279,-0.5427832486342066,0.3955962468310909,3.584020426865266,-1.2853940105912247,2.19910929935755
51.0,153.0,132.63449096679688,0.5479443307532503,1.4915089129393202,-3.962633386298077,-3.434557513050347,-0.5299218603500725,-0.542783257773751,0.406168943274781,3.583633584550882,-1.287480815620589,2.17524651555813
51.0,153.0,132.63449096679688,0.5479443307532503,1.4915089129393202,-3.962570259392286,-3.434557513050347,-0.5299218603500725,-0.542783257773751,0.406168943274781,3.583633584550882,-1.2855531915315936,2.174841645565911
51.0,153.0,132.63449096679688,0.5479443307532503,1.4915049366339104,-3.962633557834935,-3.434557513050347,-0.5294494055119336,-0.542783257773751,0.4061124439826367,3.583633584550882,-1.287362823881986,2.17590508380994
51.0,153.0,132.63449096679688,0.5480346334435425,1.4915358671871106,-3.96270189928064,-3.43458928647094,-0.5284934810086279,-0.5427832486342066,0.3955962468310909,3.584020426865266,-1.2853940105912247,2.19910929935755
51.0,153.0,132.63449096679688,0.5479427964495454,1.4915100851427567,-3.962634388366512,-3.429984982496617,-0.5294494055119336,-0.5427832578974818,0.3701326336091446,3.5836336395795687,-1.2873924461820083,2.1748392698901005
51.0,153.0,132.63449096679688,0.5479443307532503,1.491649059294594,-3.9625711193724378,-3.4319721003301296,-0.5299218603500725,-0.542783257773751,0.4061391480894828,3.583631553332056,-1.287454885568915,2.174841645565911
51.0,153.0,132.63449096679688,0.5479450754820889,1.4915358671871106,-3.962701730588294,-3.43458928647094,-0.5284934810086279,-0.5427832575244437,0.3955962468310909,3.583606466606041,-1.2853940105912247,2.19910929935755
51.0,153.0,132.63449096679688,0.5479443307532503,1.4915049366339104,-3.962633557834935,-3.434557513050347,-0.5294494055119336,-0.542783257773751,0.4061124439826367,3.583633584550882,-1.287362823881986,2.17590508380994
51.0,153.0,132.63449096679688,0.5478794275128381,1.4915073233667324,-3.962634563205784,-3.425667844574314,-0.5316073164320063,-0.542783257874277,0.4079830073726454,3.5840114016237066,-1.2873924461820083,2.1748392698901005
51.0,153.0,132.63449096679688,0.5478794275128381,1.4915077276054696,-3.9626964198457695,-3.425667844574314,-0.5319093348805342,-0.5427832578724885,0.3954950648561162,3.583631056644436,-1.287425365421958,2.17703297347557
51.0,153.0,132.63449096679688,0.5479443307532503,1.4915089129393202,-3.962633386298077,-3.43061292192912,-0.5299218603500725,-0.5427832483572392,0.4062155360258249,3.5837297581783227,-1.287480815620589,2.17433400351874
51.0,153.0,132.63449096679688,0.5479043890797272,1.4915127049508188,-3.962483624971661,-3.429984982496617,-0.5294494055119336,-0.5427832578974818,0.3701326336091446,3.5836336395795687,-1.2873924461820083,2.1748392698901005
51.0,153.0,132.63449096679688,0.5480346334435425,1.4915358671871106,-3.96270189928064,-3.43458928647094,-0.5284934810086279,-0.5427832486342066,0.3955962468310909,3.584020426865266,-1.2853940105912247,2.19910929935755
51.0,153.0,132.63449096679688,0.5479450754820889,1.4915358671871106,-3.962701730588294,-3.43458928647094,-0.5284934810086279,-0.5427832575244437,0.3955962468310909,3.583606466606041,-1.2853940105912247,2.19910929935755
51.0,153.0,132.63449096679688,0.5479443307532503,1.4915089129393202,-3.962634823555003,-3.434557513050347,-0.5299218603500725,-0.542783257773751,0.4061438604334335,3.583638363681787,-1.287480815620589,2.17524651555813
51.0,153.0,132.63449096679688,0.5479427179272824,1.491516505548138,-3.962633063453896,-3.4319057602288323,-0.5299152232478644,-0.5427832579015284,0.4061391480894828,3.583631553332056,-1.2874515118743466,2.174841645565911
51.0,153.0,132.63449096679688,0.5480346334435425,1.4915358671871106,-3.96270189928064,-3.43458928647094,-0.5284934810086279,-0.5427832486342066,0.3955962468310909,3.584020426865266,-1.2853940105912247,2.19910929935755
51.0,153.0,132.63449096679688,0.5479443307532503,1.4915049366339104,-3.962633557834935,-3.434557513050347,-0.5294494055119336,-0.542783257773751,0.4061124439826367,3.583633584550882,-1.287362823881986,2.17590508380994
51.0,153.0,132.63449096679688,0.5480346334435425,1.4915358671871106,-3.96270189928064,-3.43458928647094,-0.5284934810086279,-0.5427832486341615,0.3955962468310909,3.584020426865266,-1.2853940105912247,2.19910929935755
51.0,153.0,132.63449096679688,0.5478794275128381,1.4915076700365577,-3.9626964198457695,-3.425667844574314,-0.5319093348805342,-0.5427832578724885,0.3954950648561162,3.583632877286047,-1.287425365421958,2.17703297347557
51.0,153.0,132.63449096679688,0.5479443307532503,1.4915049366339104,-3.962633557834935,-3.434557513050347,-0.5294494055119336,-0.542783257773751,0.4061124439826367,3.583633584550882,-1.287362823881986,2.176465109677832
51.0,153.0,132.63449096679688,0.5479450754820889,1.4915358671871106,-3.962703613678171,-3.43458928647094,-0.5284934810086279,-0.5427832576912359,0.3955962468310909,3.583606466606041,-1.2853940105912247,2.19910929935755
51.0,153.0,132.63449096679688,0.5480287078407784,1.49153693704238,-3.962633078016185,-3.434557513050347,-0.5299218603500725,-0.5427832487089763,0.4065301790917218,3.583638363681787,-1.287480815620589,2.17524651555813
51.0,153.0,132.63449096679688,0.5479443307532503,1.491508970508232,-3.962633386298077,-3.43061292192912,-0.5299218603500725,-0.5427832483572392,0.4062155360258249,3.583727937536712,-1.287480815620589,2.17433400351874
51.0,153.0,132.63449096679688,0.5479427179272824,1.491516505548138,-3.962633063453896,-3.4319057602288323,-0.5299152232478644,-0.5427832579015284,0.4061391480894828,3.583631553332056,-1.2874515118743466,2.174841645565911
51.0,153.0,132.63449096679688,0.5479492757942637,1.4915049366339104,-3.962635938705654,-3.434590151118167,-0.5284470075192604,-0.5427832575884135,0.4061124439826367,3.5836522024142505,-1.287362823881986,2.176465109677832
51.0,153.0,132.63449096679688,0.5478767663702792,1.491504888380763,-3.962634649641227,-3.434267066648049,-0.5294494055119336,-0.5427832578722989,0.4057089633595337,3.58362152783983,-1.2873928215836266,2.17590508380994
51.0,153.0,132.63449096679688,0.5479443307532503,1.491508016227045,-3.96263341896752,-3.4306258776168965,-0.5299218603500725,-0.5427832483608991,0.4062155360258249,3.5837066775123203,-1.287480815620589,2.17433400351874
51.0,153.0,132.63449096679688,0.5480346334435425,1.4915358671871106,-3.962701904330587,-3.43458928647094,-0.5284934810086279,-0.5427832483834628,0.3955962468310909,3.584020426865266,-1.2853940105912247,2.19910929935755
51.0,153.0,132.63449096679688,0.547937334783623,1.4915100851427567,-3.9627014968146543,-3.429984982496617,-0.5294568977045776,-0.5427832578974818,0.3699162894566278,3.5836336395795687,-1.2875321439894798,2.1750684624434897
51.0,153.0,132.63449096679688,0.5479528646980325,1.491516505548138,-3.962631667565327,-3.426347203262988,-0.5299152232478644,-0.5427832575034213,0.4061526462829934,3.583627555924569,-1.2874515118743466,2.174247113838662
51.0,153.0,132.63449096679688,0.5479443307532503,1.491649059294594,-3.9625711193724378,-3.4319721003301296,-0.5299218603500725,-0.542783257773751,0.4061391480894828,3.583631553332056,-1.287454885568915,2.174841645565911
51.0,153.0,132.63449096679688,0.5479443307532503,1.4915049366339104,-3.962636557231239,-3.434557513050347,-0.5294494055119336,-0.542783257773751,0.4061166314542819,3.583633584550882,-1.287362823881986,2.17590508380994
51.0,153.0,132.63449096679688,0.5478794275128381,1.4915077276054696,-3.9626964198457695,-3.425667844574314,-0.5319093348805342,-0.5427832578724885,0.3954950648561162,3.583631045299375,-1.287425365421958,2.17703297347557
51.0,153.0,132.63449096679688,0.5479029409119693,1.491649059294594,-3.97078966228464,-3.4319721003301296,-0.5299218603500725,-0.542783257773751,0.4061391480894828,3.583631553332056,-1.287454885568915,2.174841645565911
51.0,153.0,132.63449096679688,0.5480346334435425,1.4915358671871106,-3.96270189928064,-3.43458928647094,-0.5284934810086279,-0.5427832486342066,0.3955962468310909,3.584020426865266,-1.2853940105912247,2.19910929935755
51.0,153.0,132.63449096679688,0.5478794275128381,1.4915076700365577,-3.9626964198457695,-3.425667844574314,-0.5319093348805342,-0.5427832578724885,0.3954950648561162,3.583632877286047,-1.287425365421958,2.187722407741337
51.0,153.0,132.63449096679688,0.5479443307532503,1.4915049366339104,-3.962633557834935,-3.434557513050347,-0.5294494055119336,-0.542783257773751,0.4061124439826367,3.583633584550882,-1.287362823881986,2.1764628145926244
51.0,153.0,132.63449096679688,0.5480346334435425,1.4916432903170778,-3.96270189928064,-3.43331655060021,-0.5284934810086279,-0.542783248628836,0.3955962468310909,3.584020426865266,-1.285442448522945,2.199109367311996
51.0,153.0,132.63449096679688,0.5479443307532503,1.4915087974649832,-3.962633557834935,-3.434557513050347,-0.5294251826963321,-0.542783257773751,0.4062124139839728,3.583633584550882,-1.2873631797148324,2.17590508380994
51.0,153.0,132.63449096679688,0.5479443307532503,1.4915089129393202,-3.962567259995982,-3.434557513050347,-0.5299218603500725,-0.542783257773751,0.4061647558031358,3.583633584550882,-1.2855531915315936,2.174841645565911
51.0,153.0,132.63449096679688,0.5478794275128381,1.4915076700365577,-3.9626964198457695,-3.425667844574314,-0.5319093348805342,-0.5427832578724885,0.3954950648561162,3.583632877286047,-1.287425365421958,2.187722407741337
51.0,153.0,132.63449096679688,0.5478639887015218,1.4915073233667324,-3.962697913983248,-3.434433355144841,-0.5316156650281442,-0.542783257874277,0.3951834383186869,3.5840114240270604,-1.2873924461820083,2.1748392698901005
51.0,153.0,132.63449096679688,0.5478838193881604,1.4916432903170778,-3.9627017689909314,-3.433364401013456,-0.5318780090013744,-0.5427832580051262,0.3955962468310909,3.5836141227178184,-1.285442448522945,2.176734911193642
51.0,153.0,132.63449096679688,0.5479445165980213,1.4915358671871106,-3.9627018978629898,-3.43458928647094,-0.5284934810086279,-0.5427832575244437,0.3955962468310909,3.583606466606041,-1.2853940105912247,2.19910929935755
51.0,153.0,132.63449096679688,0.5479043890797272,1.4915127049508188,-3.96271316174888,-3.434498727021493,-0.5294638845808561,-0.5427832578705125,0.3701326336091446,3.5836336395795687,-1.2873903957378316,2.17518710798944
51.0,153.0,132.63449096679688,0.5479427964495454,1.4915100851427567,-3.9626347177334993,-3.425821383789524,-0.5294494055119336,-0.5427832578974818,0.3701326336091446,3.5836328967575364,-1.287425352698748,2.1748392698901005
51.0,153.0,132.63449096679688,0.5478794275128381,1.491504849395638,-3.9626964198457695,-3.425667844574314,-0.5319093348805342,-0.5427832578724885,0.3955521215916638,3.583632905336649,-1.287425365421958,2.187722407741337
51.0,154.0,132.63449096679688,0.5479443307532503,1.4915049366339104,-3.962633557834935,-3.434557513050347,-0.5294494055119336,-0.542783257773751,0.4061124439826367,3.583633584550882,-1.287362823881986,2.17590508380994
51.0,154.0,132.63449096679688,0.5480346334435425,1.4915358671871106,-3.96270189928064,-3.43458928647094,-0.5284934810086279,-0.5427832486342066,0.3955962468310909,3.584020426865266,-1.2853940105912247,2.19910929935755
51.0,154.0,132.63449096679688,0.5479443307532503,1.4915089129393202,-3.962633386298077,-3.434557513050347,-0.5299218603500725,-0.542783257773751,0.406168943274781,3.583633584550882,-1.287480815620589,2.17524651555813
51.0,154.0,132.63449096679688,0.5479443307532503,1.4915089129393202,-3.962570259392286,-3.434557513050347,-0.5299218603500725,-0.542783257773751,0.406168943274781,3.583633584550882,-1.2855531915315936,2.174841645565911
51.0,154.0,132.63449096679688,0.5479443307532503,1.4915049366339104,-3.962633557834935,-3.434557513050347,-0.5294494055119336,-0.542783257773751,0.4061124439826367,3.583633584550882,-1.287362823881986,2.17590508380994
51.0,154.0,132.63449096679688,0.5480346334435425,1.4915358671871106,-3.96270189928064,-3.43458928647094,-0.5284934810086279,-0.5427832486342066,0.3955962468310909,3.584020426865266,-1.2853940105912247,2.19910929935755
51.0,154.0,132.63449096679688,0.5479427964495454,1.4915100851427567,-3.962634388366512,-3.429984982496617,-0.5294494055119336,-0.5427832578974818,0.3701326336091446,3.5836336395795687,-1.2873924461820083,2.1748392698901005
51.0,154.0,132.63449096679688,0.5479443307532503,1.491649059294594,-3.9625711193724378,-3.4319721003301296,-0.5299218603500725,-0.542783257773751,0.4061391480894828,3.583631553332056,-1.287454885568915,2.174841645565911
51.0,154.0,132.63449096679688,0.5479450754820889,1.4915358671871106,-3.962701730588294,-3.43458928647094,-0.5284934810086279,-0.5427832575244437,0.3955962468310909,3.583606466606041,-1.2853940105912247,2.19910929935755
51.0,154.0,132.63449096679688,0.5479443307532503,1.4915049366339104,-3.962633557834935,-3.434557513050347,-0.5294494055119336,-0.542783257773751,0.4061124439826367,3.583633584550882,-1.287362823881986,2.17590508380994
51.0,154.0,132.63449096679688,0.5478794275128381,1.4915073233667324,-3.962634563205784,-3.425667844574314,-0.5316073164320063,-0.542783257874277,0.4079830073726454,3.5840114016237066,-1.2873924461820083,2.1748392698901005
51.0,154.0,132.63449096679688,0.5478794275128381,1.4915077276054696,-3.9626964198457695,-3.425667844574314,-0.5319093348805342,-0.5427832578724885,0.3954950648561162,3.583631056644436,-1.287425365421958,2.17703297347557
51.0,154.0,132.63449096679688,0.5479443307532503,1.4915089129393202,-3.962633386298077,-3.43061292192912,-0.5299218603500725,-0.5427832483572392,0.4062155360258249,3.5837297581783227,-1.287480815620589,2.17433400351874
51.0,154.0,132.63449096679688,0.5479043890797272,1.4915127049508188,-3.962483624971661,-3.429984982496617,-0.5294494055119336,-0.5427832578974818,0.3701326336091446,3.5836336395795687,-1.2873924461820083,2.1748392698901005
51.0,154.0,132.63449096679688,0.5480346334435425,1.4915358671871106,-3.96270189928064,-3.43458928647094,-0.5284934810086279,-0.5427832486342066,0.3955962468310909,3.584020426865266,-1.2853940105912247,2.19910929935755
51.0,154.0,132.63449096679688,0.5479450754820889,1.4915358671871106,-3.962701730588294,-3.43458928647094,-0.5284934810086279,-0.5427832575244437,0.3955962468310909,3.583606466606041,-1.2853940105912247,2.19910929935755
51.0,154.0,132.63449096679688,0.5479443307532503,1.4915089129393202,-3.962634823555003,-3.434557513050347,-0.5299218603500725,-0.542783257773751,0.4061438604334335,3.583638363681787,-1.287480815620589,2.17524651555813
51.0,154.0,132.63449096679688,0.5479427179272824,1.491516505548138,-3.962633063453896,-3.4319057602288323,-0.5299152232478644,-0.5427832579015284,0.4061391480894828,3.583631553332056,-1.2874515118743466,2.174841645565911
51.0,154.0,132.63449096679688,0.5480346334435425,1.4915358671871106,-3.96270189928064,-3.43458928647094,-0.5284934810086279,-0.5427832486342066,0.3955962468310909,3.584020426865266,-1.2853940105912247,2.19910929935755
51.0,154.0,132.63449096679688,0.5479443307532503,1.4915049366339104,-3.962633557834935,-3.434557513050347,-0.5294494055119336,-0.542783257773751,0.4061124439826367,3.583633584550882,-1.287362823881986,2.17590508380994
51.0,154.0,132.63449096679688,0.5480346334435425,1.4915358671871106,-3.96270189928064,-3.43458928647094,-0.5284934810086279,-0.5427832486341615,0.3955962468310909,3.584020426865266,-1.2853940105912247,2.19910929935755
51.0,154.0,132.63449096679688,0.5478794275128381,1.4915076700365577,-3.9626964198457695,-3.425667844574314,-0.5319093348805342,-0.5427832578724885,0.3954950648561162,3.583632877286047,-1.287425365421958,2.17703297347557
51.0,154.0,132.63449096679688,0.5479443307532503,1.4915049366339104,-3.962633557834935,-3.434557513050347,-0.5294494055119336,-0.542783257773751,0.4061124439826367,3.583633584550882,-1.287362823881986,2.176465109677832
51.0,154.0,132.63449096679688,0.5479450754820889,1.4915358671871106,-3.962703613678171,-3.43458928647094,-0.5284934810086279,-0.5427832576912359,0.3955962468310909,3.583606466606041,-1.2853940105912247,2.19910929935755
51.0,154.0,132.63449096679688,0.5480287078407784,1.49153693704238,-3.962633078016185,-3.434557513050347,-0.5299218603500725,-0.5427832487089763,0.4065301790917218,3.583638363681787,-1.287480815620589,2.17524651555813
51.0,154.0,132.63449096679688,0.5479443307532503,1.491508970508232,-3.962633386298077,-3.43061292192912,-0.5299218603500725,-0.5427832483572392,0.4062155360258249,3.583727937536712,-1.287480815620589,2.17433400351874
51.0,154.0,132.63449096679688,0.5479427179272824,1.491516505548138,-3.962633063453896,-3.4319057602288323,-0.5299152232478644,-0.5427832579015284,0.4061391480894828,3.583631553332056,-1.2874515118743466,2.174841645565911
51.0,154.0,132.63449096679688,0.5479492757942637,1.4915049366339104,-3.962635938705654,-3.434590151118167,-0.5284470075192604,-0.5427832575884135,0.4061124439826367,3.5836522024142505,-1.287362823881986,2.176465109677832
51.0,154.0,132.63449096679688,0.5478767663702792,1.491504888380763,-3.962634649641227,-3.434267066648049,-0.5294494055119336,-0.5427832578722989,0.4057089633595337,3.58362152783983,-1.2873928215836266,2.17590508380994
51.0,154.0,132.63449096679688,0.5479443307532503,1.491508016227045,-3.96263341896752,-3.4306258776168965,-0.5299218603500725,-0.5427832483608991,0.4062155360258249,3.5837066775123203,-1.287480815620589,2.17433400351874
51.0,154.0,132.63449096679688,0.5480346334435425,1.4915358671871106,-3.962701904330587,-3.43458928647094,-0.5284934810086279,-0.5427832483834628,0.3955962468310909,3.584020426865266,-1.2853940105912247,2.19910929935755
51.0,154.0,132.63449096679688,0.547937334783623,1.4915100851427567,-3.9627014968146543,-3.429984982496617,-0.5294568977045776,-0.5427832578974818,0.3699162894566278,3.5836336395795687,-1.2875321439894798,2.1750684624434897
51.0,154.0,132.63449096679688,0.5479528646980325,1.491516505548138,-3.962631667565327,-3.426347203262988,-0.5299152232478644,-0.5427832575034213,0.4061526462829934,3.583627555924569,-1.2874515118743466,2.174247113838662
51.0,154.0,132.63449096679688,0.5479443307532503,1.491649059294594,-3.9625711193724378,-3.4319721003301296,-0.5299218603500725,-0.542783257773751,0.4061391480894828,3.583631553332056,-1.287454885568915,2.174841645565911
51.0,154.0,132.63449096679688,0.5479443307532503,1.4915049366339104,-3.962636557231239,-3.434557513050347,-0.5294494055119336,-0.542783257773751,0.4061166314542819,3.583633584550882,-1.287362823881986,2.17590508380994
51.0,154.0,132.63449096679688,0.5478794275128381,1.4915077276054696,-3.9626964198457695,-3.425667844574314,-0.5319093348805342,-0.5427832578724885,0.3954950648561162,3.583631045299375,-1.287425365421958,2.17703297347557
51.0,154.0,132.63449096679688,0.5479029409119693,1.491649059294594,-3.97078966228464,-3.4319721003301296,-0.5299218603500725,-0.542783257773751,0.4061391480894828,3.583631553332056,-1.287454885568915,2.174841645565911
51.0,154.0,132.63449096679688,0.5480346334435425,1.4915358671871106,-3.96270189928064,-3.43458928647094,-0.5284934810086279,-0.5427832486342066,0.3955962468310909,3.584020426865266,-1.2853940105912247,2.19910929935755
51.0,154.0,132.63449096679688,0.5478794275128381,1.4915076700365577,-3.9626964198457695,-3.425667844574314,-0.5319093348805342,-0.5427832578724885,0.3954950648561162,3.583632877286047,-1.287425365421958,2.187722407741337
51.0,154.0,132.63449096679688,0.5479443307532503,1.4915049366339104,-3.962633557834935,-3.434557513050347,-0.5294494055119336,-0.542783257773751,0.4061124439826367,3.583633584550882,-1.287362823881986,2.1764628145926244
51.0,154.0,132.63449096679688,0.5480346334435425,1.4916432903170778,-3.96270189928064,-3.43331655060021,-0.5284934810086279,-0.542783248628836,0.3955962468310909,3.584020426865266,-1.285442448522945,2.199109367311996
51.0,154.0,132.63449096679688,0.5479443307532503,1.4915087974649832,-3.962633557834935,-3.434557513050347,-0.5294251826963321,-0.542783257773751,0.4062124139839728,3.583633584550882,-1.2873631797148324,2.17590508380994
51.0,154.0,132.63449096679688,0.5479443307532503,1.4915089129393202,-3.962567259995982,-3.434557513050347,-0.5299218603500725,-0.542783257773751,0.4061647558031358,3.583633584550882,-1.2855531915315936,2.174841645565911
51.0,154.0,132.63449096679688,0.5478794275128381,1.4915076700365577,-3.9626964198457695,-3.425667844574314,-0.5319093348805342,-0.5427832578724885,0.3954950648561162,3.583632877286047,-1.287425365421958,2.187722407741337
51.0,154.0,132.63449096679688,0.5478639887015218,1.4915073233667324,-3.962697913983248,-3.434433355144841,-0.5316156650281442,-0.542783257874277,0.3951834383186869,3.5840114240270604,-1.2873924461820083,2.1748392698901005
51.0,154.0,132.63449096679688,0.5478838193881604,1.4916432903170778,-3.9627017689909314,-3.433364401013456,-0.5318780090013744,-0.5427832580051262,0.3955962468310909,3.5836141227178184,-1.285442448522945,2.176734911193642
51.0,154.0,132.63449096679688,0.5479445165980213,1.4915358671871106,-3.9627018978629898,-3.43458928647094,-0.5284934810086279,-0.5427832575244437,0.3955962468310909,3.583606466606041,-1.2853940105912247,2.19910929935755
51.0,154.0,132.63449096679688,0.5479043890797272,1.4915127049508188,-3.96271316174888,-3.434498727021493,-0.5294638845808561,-0.5427832578705125,0.3701326336091446,3.5836336395795687,-1.2873903957378316,2.17518710798944
51.0,154.0,132.63449096679688,0.5479427964495454,1.4915100851427567,-3.9626347177334993,-3.425821383789524,-0.5294494055119336,-0.5427832578974818,0.3701326336091446,3.5836328967575364,-1.287425352698748,2.1748392698901005
51.0,154.0,132.63449096679688,0.5478794275128381,1.491504849395638,-3.9626964198457695,-3.425667844574314,-0.5319093348805342,-0.5427832578724885,0.3955521215916638,3.583632905336649,-1.287425365421958,2.187722407741337
51.0,155.0,132.63449096679688,0.5479443307532503,1.4915049366339104,-3.962633557834935,-3.434557513050347,-0.5294494055119336,-0.542783257773751,0.4061124439826367,3.583633584550882,-1.287362823881986,2.17590508380994
51.0,155.0,132.63449096679688,0.5480346334435425,1.4915358671871106,-3.96270189928064,-3.43458928647094,-0.5284934810086279,-0.5427832486342066,0.3955962468310909,3.584020426865266,-1.2853940105912247,2.19910929935755
51.0,155.0,132.63449096679688,0.5479443307532503,1.4915089129393202,-3.962633386298077,-3.434557513050347,-0.5299218603500725,-0.542783257773751,0.406168943274781,3.583633584550882,-1.287480815620589,2.17524651555813
51.0,155.0,132.63449096679688,0.5479443307532503,1.4915089129393202,-3.962570259392286,-3.434557513050347,-0.5299218603500725,-0.542783257773751,0.406168943274781,3.583633584550882,-1.2855531915315936,2.174841645565911
51.0,155.0,132.63449096679688,0.5479443307532503,1.4915049366339104,-3.962633557834935,-3.434557513050347,-0.5294494055119336,-0.542783257773751,0.4061124439826367,3.583633584550882,-1.287362823881986,2.17590508380994
51.0,155.0,132.63449096679688,0.5480346334435425,1.4915358671871106,-3.96270189928064,-3.43458928647094,-0.5284934810086279,-0.5427832486342066,0.3955962468310909,3.584020426865266,-1.2853940105912247,2.19910929935755
51.0,155.0,132.63449096679688,0.5479427964495454,1.4915100851427567,-3.962634388366512,-3.429984982496617,-0.5294494055119336,-0.5427832578974818,0.3701326336091446,3.5836336395795687,-1.2873924461820083,2.1748392698901005
51.0,155.0,132.63449096679688,0.5479443307532503,1.491649059294594,-3.9625711193724378,-3.4319721003301296,-0.5299218603500725,-0.542783257773751,0.4061391480894828,3.583631553332056,-1.287454885568915,2.174841645565911
51.0,155.0,132.63449096679688,0.5479450754820889,1.4915358671871106,-3.962701730588294,-3.43458928647094,-0.5284934810086279,-0.5427832575244437,0.3955962468310909,3.583606466606041,-1.2853940105912247,2.19910929935755
51.0,155.0,132.63449096679688,0.5479443307532503,1.4915049366339104,-3.962633557834935,-3.434557513050347,-0.5294494055119336,-0.542783257773751,0.4061124439826367,3.583633584550882,-1.287362823881986,2.17590508380994
51.0,155.0,132.63449096679688,0.5478794275128381,1.4915073233667324,-3.962634563205784,-3.425667844574314,-0.5316073164320063,-0.542783257874277,0.4079830073726454,3.5840114016237066,-1.2873924461820083,2.1748392698901005
51.0,155.0,132.63449096679688,0.5478794275128381,1.4915077276054696,-3.9626964198457695,-3.425667844574314,-0.5319093348805342,-0.5427832578724885,0.3954950648561162,3.583631056644436,-1.287425365421958,2.17703297347557
51.0,155.0,132.63449096679688,0.5479443307532503,1.4915089129393202,-3.962633386298077,-3.43061292192912,-0.5299218603500725,-0.5427832483572392,0.4062155360258249,3.5837297581783227,-1.287480815620589,2.17433400351874
51.0,155.0,132.63449096679688,0.5479043890797272,1.4915127049508188,-3.962483624971661,-3.429984982496617,-0.5294494055119336,-0.5427832578974818,0.3701326336091446,3.5836336395795687,-1.2873924461820083,2.1748392698901005
51.0,155.0,132.63449096679688,0.5480346334435425,1.4915358671871106,-3.96270189928064,-3.43458928647094,-0.5284934810086279,-0.5427832486342066,0.3955962468310909,3.584020426865266,-1.2853940105912247,2.19910929935755
51.0,155.0,132.63449096679688,0.5479450754820889,1.4915358671871106,-3.962701730588294,-3.43458928647094,-0.5284934810086279,-0.5427832575244437,0.3955962468310909,3.583606466606041,-1.2853940105912247,2.19910929935755
51.0,155.0,132.63449096679688,0.5479443307532503,1.4915089129393202,-3.962634823555003,-3.434557513050347,-0.5299218603500725,-0.542783257773751,0.4061438604334335,3.583638363681787,-1.287480815620589,2.17524651555813
51.0,155.0,132.63449096679688,0.5479427179272824,1.491516505548138,-3.962633063453896,-3.4319057602288323,-0.5299152232478644,-0.5427832579015284,0.4061391480894828,3.583631553332056,-1.2874515118743466,2.174841645565911
51.0,155.0,132.63449096679688,0.5480346334435425,1.4915358671871106,-3.96270189928064,-3.43458928647094,-0.5284934810086279,-0.5427832486342066,0.3955962468310909,3.584020426865266,-1.2853940105912247,2.19910929935755
51.0,155.0,132.63449096679688,0.5479443307532503,1.4915049366339104,-3.962633557834935,-3.434557513050347,-0.5294494055119336,-0.542783257773751,0.4061124439826367,3.583633584550882,-1.287362823881986,2.17590508380994
51.0,155.0,132.63449096679688,0.5480346334435425,1.4915358671871106,-3.96270189928064,-3.43458928647094,-0.5284934810086279,-0.5427832486341615,0.3955962468310909,3.584020426865266,-1.2853940105912247,2.19910929935755
51.0,155.0,132.63449096679688,0.5478794275128381,1.4915076700365577,-3.9626964198457695,-3.425667844574314,-0.5319093348805342,-0.5427832578724885,0.3954950648561162,3.583632877286047,-1.287425365421958,2.17703297347557
51.0,155.0,132.63449096679688,0.5479443307532503,1.4915049366339104,-3.962633557834935,-3.434557513050347,-0.5294494055119336,-0.542783257773751,0.4061124439826367,3.583633584550882,-1.287362823881986,2.176465109677832
51.0,155.0,132.63449096679688,0.5479450754820889,1.4915358671871106,-3.962703613678171,-3.43458928647094,-0.5284934810086279,-0.5427832576912359,0.3955962468310909,3.583606466606041,-1.2853940105912247,2.19910929935755
51.0,155.0,132.63449096679688,0.5480287078407784,1.49153693704238,-3.962633078016185,-3.434557513050347,-0.5299218603500725,-0.5427832487089763,0.4065301790917218,3.583638363681787,-1.287480815620589,2.17524651555813
51.0,155.0,132.63449096679688,0.5479443307532503,1.491508970508232,-3.962633386298077,-3.43061292192912,-0.5299218603500725,-0.5427832483572392,0.4062155360258249,3.583727937536712,-1.287480815620589,2.17433400351874
51.0,155.0,132.63449096679688,0.5479427179272824,1.491516505548138,-3.962633063453896,-3.4319057602288323,-0.5299152232478644,-0.5427832579015284,0.4061391480894828,3.583631553332056,-1.2874515118743466,2.174841645565911
51.0,155.0,132.63449096679688,0.5479492757942637,1.4915049366339104,-3.962635938705654,-3.434590151118167,-0.5284470075192604,-0.5427832575884135,0.4061124439826367,3.5836522024142505,-1.287362823881986,2.176465109677832
51.0,155.0,132.63449096679688,0.5478767663702792,1.491504888380763,-3.962634649641227,-3.434267066648049,-0.5294494055119336,-0.5427832578722989,0.4057089633595337,3.58362152783983,-1.2873928215836266,2.17590508380994
51.0,155.0,132.63449096679688,0.5479443307532503,1.491508016227045,-3.96263341896752,-3.4306258776168965,-0.5299218603500725,-0.5427832483608991,0.4062155360258249,3.5837066775123203,-1.287480815620589,2.17433400351874
51.0,155.0,132.63449096679688,0.5480346334435425,1.4915358671871106,-3.962701904330587,-3.43458928647094,-0.5284934810086279,-0.5427832483834628,0.3955962468310909,3.584020426865266,-1.2853940105912247,2.19910929935755
51.0,155.0,132.63449096679688,0.547937334783623,1.4915100851427567,-3.9627014968146543,-3.429984982496617,-0.5294568977045776,-0.5427832578974818,0.3699162894566278,3.5836336395795687,-1.2875321439894798,2.1750684624434897
51.0,155.0,132.63449096679688,0.5479528646980325,1.491516505548138,-3.962631667565327,-3.426347203262988,-0.5299152232478644,-0.5427832575034213,0.4061526462829934,3.583627555924569,-1.2874515118743466,2.174247113838662
51.0,155.0,132.63449096679688,0.5479443307532503,1.491649059294594,-3.9625711193724378,-3.4319721003301296,-0.5299218603500725,-0.542783257773751,0.4061391480894828,3.583631553332056,-1.287454885568915,2.174841645565911
51.0,155.0,132.63449096679688,0.5479443307532503,1.4915049366339104,-3.962636557231239,-3.434557513050347,-0.5294494055119336,-0.542783257773751,0.4061166314542819,3.583633584550882,-1.287362823881986,2.17590508380994
51.0,155.0,132.63449096679688,0.5478794275128381,1.4915077276054696,-3.9626964198457695,-3.425667844574314,-0.5319093348805342,-0.5427832578724885,0.3954950648561162,3.583631045299375,-1.287425365421958,2.17703297347557
51.0,155.0,132.63449096679688,0.5479029409119693,1.491649059294594,-3.97078966228464,-3.4319721003301296,-0.5299218603500725,-0.542783257773751,0.4061391480894828,3.583631553332056,-1.287454885568915,2.174841645565911
51.0,155.0,132.63449096679688,0.5480346334435425,1.4915358671871106,-3.96270189928064,-3.43458928647094,-0.5284934810086279,-0.5427832486342066,0.3955962468310909,3.584020426865266,-1.2853940105912247,2.19910929935755
51.0,155.0,132.63449096679688,0.5478794275128381,1.4915076700365577,-3.9626964198457695,-3.425667844574314,-0.5319093348805342,-0.5427832578724885,0.3954950648561162,3.583632877286047,-1.287425365421958,2.187722407741337
51.0,155.0,132.63449096679688,0.5479443307532503,1.4915049366339104,-3.962633557834935,-3.434557513050347,-0.5294494055119336,-0.542783257773751,0.4061124439826367,3.583633584550882,-1.287362823881986,2.1764628145926244
51.0,155.0,132.63449096679688,0.5480346334435425,1.4916432903170778,-3.96270189928064,-3.43331655060021,-0.5284934810086279,-0.542783248628836,0.3955962468310909,3.584020426865266,-1.285442448522945,2.199109367311996
51.0,155.0,132.63449096679688,0.5479443307532503,1.4915087974649832,-3.962633557834935,-3.434557513050347,-0.5294251826963321,-0.542783257773751,0.4062124139839728,3.583633584550882,-1.2873631797148324,2.17590508380994
51.0,155.0,132.63449096679688,0.5479443307532503,1.4915089129393202,-3.962567259995982,-3.434557513050347,-0.5299218603500725,-0.542783257773751,0.4061647558031358,3.583633584550882,-1.2855531915315936,2.174841645565911
51.0,155.0,132.63449096679688,0.5478794275128381,1.4915076700365577,-3.9626964198457695,-3.425667844574314,-0.5319093348805342,-0.5427832578724885,0.3954950648561162,3.583632877286047,-1.287425365421958,2.187722407741337
51.0,155.0,132.63449096679688,0.5478639887015218,1.4915073233667324,-3.962697913983248,-3.434433355144841,-0.5316156650281442,-0.542783257874277,0.3951834383186869,3.5840114240270604,-1.2873924461820083,2.1748392698901005
51.0,155.0,132.63449096679688,0.5478838193881604,1.4916432903170778,-3.9627017689909314,-3.433364401013456,-0.5318780090013744,-0.5427832580051262,0.3955962468310909,3.5836141227178184,-1.285442448522945,2.176734911193642
51.0,155.0,132.63449096679688,0.5479445165980213,1.4915358671871106,-3.9627018978629898,-3.43458928647094,-0.5284934810086279,-0.5427832575244437,0.3955962468310909,3.583606466606041,-1.2853940105912247,2.19910929935755
51.0,155.0,132.63449096679688,0.5479043890797272,1.4915127049508188,-3.96271316174888,-3.434498727021493,-0.5294638845808561,-0.5427832578705125,0.3701326336091446,3.5836336395795687,-1.2873903957378316,2.17518710798944
51.0,155.0,132.63449096679688,0.5479427964495454,1.4915100851427567,-3.9626347177334993,-3.425821383789524,-0.5294494055119336,-0.5427832578974818,0.3701326336091446,3.5836328967575364,-1.287425352698748,2.1748392698901005
51.0,155.0,132.63449096679688,0.5478794275128381,1.491504849395638,-3.9626964198457695,-3.425667844574314,-0.5319093348805342,-0.5427832578724885,0.3955521215916638,3.583632905336649,-1.287425365421958,2.187722407741337
51.0,156.0,132.63449096679688,0.5479443307532503,1.4915049366339104,-3.962633557834935,-3.434557513050347,-0.5294494055119336,-0.542783257773751,0.4061124439826367,3.583633584550882,-1.287362823881986,2.17590508380994
51.0,156.0,132.63449096679688,0.5480346334435425,1.4915358671871106,-3.96270189928064,-3.43458928647094,-0.5284934810086279,-0.5427832486342066,0.3955962468310909,3.584020426865266,-1.2853940105912247,2.19910929935755
51.0,156.0,132.63449096679688,0.5479443307532503,1.4915089129393202,-3.962633386298077,-3.434557513050347,-0.5299218603500725,-0.542783257773751,0.406168943274781,3.583633584550882,-1.287480815620589,2.17524651555813
51.0,156.0,132.63449096679688,0.5479443307532503,1.4915089129393202,-3.962570259392286,-3.434557513050347,-0.5299218603500725,-0.542783257773751,0.406168943274781,3.583633584550882,-1.2855531915315936,2.174841645565911
51.0,156.0,132.63449096679688,0.5479443307532503,1.4915049366339104,-3.962633557834935,-3.434557513050347,-0.5294494055119336,-0.542783257773751,0.4061124439826367,3.583633584550882,-1.287362823881986,2.17590508380994
51.0,156.0,132.63449096679688,0.5480346334435425,1.4915358671871106,-3.96270189928064,-3.43458928647094,-0.5284934810086279,-0.5427832486342066,0.3955962468310909,3.584020426865266,-1.2853940105912247,2.19910929935755
51.0,156.0,132.63449096679688,0.5479427964495454,1.4915100851427567,-3.962634388366512,-3.429984982496617,-0.5294494055119336,-0.5427832578974818,0.3701326336091446,3.5836336395795687,-1.2873924461820083,2.1748392698901005
51.0,156.0,132.63449096679688,0.5479443307532503,1.491649059294594,-3.9625711193724378,-3.4319721003301296,-0.5299218603500725,-0.542783257773751,0.4061391480894828,3.583631553332056,-1.287454885568915,2.174841645565911
51.0,156.0,132.63449096679688,0.5479450754820889,1.4915358671871106,-3.962701730588294,-3.43458928647094,-0.5284934810086279,-0.5427832575244437,0.3955962468310909,3.583606466606041,-1.2853940105912247,2.19910929935755
51.0,156.0,132.63449096679688,0.5479443307532503,1.4915049366339104,-3.962633557834935,-3.434557513050347,-0.5294494055119336,-0.542783257773751,0.4061124439826367,3.583633584550882,-1.287362823881986,2.17590508380994
51.0,156.0,132.63449096679688,0.5478794275128381,1.4915073233667324,-3.962634563205784,-3.425667844574314,-0.5316073164320063,-0.542783257874277,0.4079830073726454,3.5840114016237066,-1.2873924461820083,2.1748392698901005
51.0,156.0,132.63449096679688,0.5478794275128381,1.4915077276054696,-3.9626964198457695,-3.425667844574314,-0.5319093348805342,-0.5427832578724885,0.3954950648561162,3.583631056644436,-1.287425365421958,2.17703297347557
51.0,156.0,132.63449096679688,0.5479443307532503,1.4915089129393202,-3.962633386298077,-3.43061292192912,-0.5299218603500725,-0.5427832483572392,0.4062155360258249,3.5837297581783227,-1.287480815620589,2.17433400351874
51.0,156.0,132.63449096679688,0.5479043890797272,1.4915127049508188,-3.962483624971661,-3.429984982496617,-0.5294494055119336,-0.5427832578974818,0.3701326336091446,3.5836336395795687,-1.2873924461820083,2.1748392698901005
51.0,156.0,132.63449096679688,0.5480346334435425,1.4915358671871106,-3.96270189928064,-3.43458928647094,-0.5284934810086279,-0.5427832486342066,0.3955962468310909,3.584020426865266,-1.2853940105912247,2.19910929935755
51.0,156.0,132.63449096679688,0.5479450754820889,1.4915358671871106,-3.962701730588294,-3.43458928647094,-0.5284934810086279,-0.5427832575244437,0.3955962468310909,3.583606466606041,-1.2853940105912247,2.19910929935755
51.0,156.0,132.63449096679688,0.5479443307532503,1.4915089129393202,-3.962634823555003,-3.434557513050347,-0.5299218603500725,-0.542783257773751,0.4061438604334335,3.583638363681787,-1.287480815620589,2.17524651555813
51.0,156.0,132.63449096679688,0.5479427179272824,1.491516505548138,-3.962633063453896,-3.4319057602288323,-0.5299152232478644,-0.5427832579015284,0.4061391480894828,3.583631553332056,-1.2874515118743466,2.174841645565911
51.0,156.0,132.63449096679688,0.5480346334435425,1.4915358671871106,-3.96270189928064,-3.43458928647094,-0.5284934810086279,-0.5427832486342066,0.3955962468310909,3.584020426865266,-1.2853940105912247,2.19910929935755
51.0,156.0,132.63449096679688,0.5479443307532503,1.4915049366339104,-3.962633557834935,-3.434557513050347,-0.5294494055119336,-0.542783257773751,0.4061124439826367,3.583633584550882,-1.287362823881986,2.17590508380994
51.0,156.0,132.63449096679688,0.5480346334435425,1.4915358671871106,-3.96270189928064,-3.43458928647094,-0.5284934810086279,-0.5427832486341615,0.3955962468310909,3.584020426865266,-1.2853940105912247,2.19910929935755
51.0,156.0,132.63449096679688,0.5478794275128381,1.4915076700365577,-3.9626964198457695,-3.425667844574314,-0.5319093348805342,-0.5427832578724885,0.3954950648561162,3.583632877286047,-1.287425365421958,2.17703297347557
51.0,156.0,132.63449096679688,0.5479443307532503,1.4915049366339104,-3.962633557834935,-3.434557513050347,-0.5294494055119336,-0.542783257773751,0.4061124439826367,3.583633584550882,-1.287362823881986,2.176465109677832
51.0,156.0,132.63449096679688,0.5479450754820889,1.4915358671871106,-3.962703613678171,-3.43458928647094,-0.5284934810086279,-0.5427832576912359,0.3955962468310909,3.583606466606041,-1.2853940105912247,2.19910929935755
51.0,156.0,132.63449096679688,0.5480287078407784,1.49153693704238,-3.962633078016185,-3.434557513050347,-0.5299218603500725,-0.5427832487089763,0.4065301790917218,3.583638363681787,-1.287480815620589,2.17524651555813
51.0,156.0,132.63449096679688,0.5479443307532503,1.491508970508232,-3.962633386298077,-3.43061292192912,-0.5299218603500725,-0.5427832483572392,0.4062155360258249,3.583727937536712,-1.287480815620589,2.17433400351874
51.0,156.0,132.63449096679688,0.5479427179272824,1.491516505548138,-3.962633063453896,-3.4319057602288323,-0.5299152232478644,-0.5427832579015284,0.4061391480894828,3.583631553332056,-1.2874515118743466,2.174841645565911
51.0,156.0,132.63449096679688,0.5479492757942637,1.4915049366339104,-3.962635938705654,-3.434590151118167,-0.5284470075192604,-0.5427832575884135,0.4061124439826367,3.5836522024142505,-1.287362823881986,2.176465109677832
51.0,156.0,132.63449096679688,0.5478767663702792,1.491504888380763,-3.962634649641227,-3.434267066648049,-0.5294494055119336,-0.5427832578722989,0.4057089633595337,3.58362152783983,-1.2873928215836266,2.17590508380994
51.0,156.0,132.63449096679688,0.5479443307532503,1.491508016227045,-3.96263341896752,-3.4306258776168965,-0.5299218603500725,-0.5427832483608991,0.4062155360258249,3.5837066775123203,-1.287480815620589,2.17433400351874
51.0,156.0,132.63449096679688,0.5480346334435425,1.4915358671871106,-3.962701904330587,-3.43458928647094,-0.5284934810086279,-0.5427832483834628,0.3955962468310909,3.584020426865266,-1.2853940105912247,2.19910929935755
51.0,156.0,132.63449096679688,0.547937334783623,1.4915100851427567,-3.9627014968146543,-3.429984982496617,-0.5294568977045776,-0.5427832578974818,0.3699162894566278,3.5836336395795687,-1.2875321439894798,2.1750684624434897
51.0,156.0,132.63449096679688,0.5479528646980325,1.491516505548138,-3.962631667565327,-3.426347203262988,-0.5299152232478644,-0.5427832575034213,0.4061526462829934,3.583627555924569,-1.2874515118743466,2.174247113838662
51.0,156.0,132.63449096679688,0.5479443307532503,1.491649059294594,-3.9625711193724378,-3.4319721003301296,-0.5299218603500725,-0.542783257773751,0.4061391480894828,3.583631553332056,-1.287454885568915,2.174841645565911
51.0,156.0,132.63449096679688,0.5479443307532503,1.4915049366339104,-3.962636557231239,-3.434557513050347,-0.5294494055119336,-0.542783257773751,0.4061166314542819,3.583633584550882,-1.287362823881986,2.17590508380994
51.0,156.0,132.63449096679688,0.5478794275128381,1.4915077276054696,-3.9626964198457695,-3.425667844574314,-0.5319093348805342,-0.5427832578724885,0.3954950648561162,3.583631045299375,-1.287425365421958,2.17703297347557
51.0,156.0,132.63449096679688,0.5479029409119693,1.491649059294594,-3.97078966228464,-3.4319721003301296,-0.5299218603500725,-0.542783257773751,0.4061391480894828,3.583631553332056,-1.287454885568915,2.174841645565911
51.0,156.0,132.63449096679688,0.5480346334435425,1.4915358671871106,-3.96270189928064,-3.43458928647094,-0.5284934810086279,-0.5427832486342066,0.3955962468310909,3.584020426865266,-1.2853940105912247,2.19910929935755
51.0,156.0,132.63449096679688,0.5478794275128381,1.4915076700365577,-3.9626964198457695,-3.425667844574314,-0.5319093348805342,-0.5427832578724885,0.3954950648561162,3.583632877286047,-1.287425365421958,2.187722407741337
51.0,156.0,132.63449096679688,0.5479443307532503,1.4915049366339104,-3.962633557834935,-3.434557513050347,-0.5294494055119336,-0.542783257773751,0.4061124439826367,3.583633584550882,-1.287362823881986,2.1764628145926244
51.0,156.0,132.63449096679688,0.5480346334435425,1.4916432903170778,-3.96270189928064,-3.43331655060021,-0.5284934810086279,-0.542783248628836,0.3955962468310909,3.584020426865266,-1.285442448522945,2.199109367311996
51.0,156.0,132.63449096679688,0.5479443307532503,1.4915087974649832,-3.962633557834935,-3.434557513050347,-0.5294251826963321,-0.542783257773751,0.4062124139839728,3.583633584550882,-1.2873631797148324,2.17590508380994
51.0,156.0,132.63449096679688,0.5479443307532503,1.4915089129393202,-3.962567259995982,-3.434557513050347,-0.5299218603500725,-0.542783257773751,0.4061647558031358,3.583633584550882,-1.2855531915315936,2.174841645565911
51.0,156.0,132.63449096679688,0.5478794275128381,1.4915076700365577,-3.9626964198457695,-3.425667844574314,-0.5319093348805342,-0.5427832578724885,0.3954950648561162,3.583632877286047,-1.287425365421958,2.187722407741337
51.0,156.0,132.63449096679688,0.5478639887015218,1.4915073233667324,-3.962697913983248,-3.434433355144841,-0.5316156650281442,-0.542783257874277,0.3951834383186869,3.5840114240270604,-1.2873924461820083,2.1748392698901005
51.0,156.0,132.63449096679688,0.5478838193881604,1.4916432903170778,-3.9627017689909314,-3.433364401013456,-0.5318780090013744,-0.5427832580051262,0.3955962468310909,3.5836141227178184,-1.285442448522945,2.176734911193642
51.0,156.0,132.63449096679688,0.5479445165980213,1.4915358671871106,-3.9627018978629898,-3.43458928647094,-0.5284934810086279,-0.5427832575244437,0.3955962468310909,3.583606466606041,-1.2853940105912247,2.19910929935755
51.0,156.0,132.63449096679688,0.5479043890797272,1.4915127049508188,-3.96271316174888,-3.434498727021493,-0.5294638845808561,-0.5427832578705125,0.3701326336091446,3.5836336395795687,-1.2873903957378316,2.17518710798944
51.0,156.0,132.63449096679688,0.5479427964495454,1.4915100851427567,-3.9626347177334993,-3.425821383789524,-0.5294494055119336,-0.5427832578974818,0.3701326336091446,3.5836328967575364,-1.287425352698748,2.1748392698901005
51.0,156.0,132.63449096679688,0.5478794275128381,1.491504849395638,-3.9626964198457695,-3.425667844574314,-0.5319093348805342,-0.5427832578724885,0.3955521215916638,3.583632905336649,-1.287425365421958,2.187722407741337
51.0,157.0,132.63449096679688,0.5479443307532503,1.4915049366339104,-3.962633557834935,-3.434557513050347,-0.5294494055119336,-0.542783257773751,0.4061124439826367,3.583633584550882,-1.287362823881986,2.17590508380994
51.0,157.0,132.63449096679688,0.5480346334435425,1.4915358671871106,-3.96270189928064,-3.43458928647094,-0.5284934810086279,-0.5427832486342066,0.3955962468310909,3.584020426865266,-1.2853940105912247,2.19910929935755
51.0,157.0,132.63449096679688,0.5479443307532503,1.4915089129393202,-3.962633386298077,-3.434557513050347,-0.5299218603500725,-0.542783257773751,0.406168943274781,3.583633584550882,-1.287480815620589,2.17524651555813
51.0,157.0,132.63449096679688,0.5479443307532503,1.4915089129393202,-3.962570259392286,-3.434557513050347,-0.5299218603500725,-0.542783257773751,0.406168943274781,3.583633584550882,-1.2855531915315936,2.174841645565911
51.0,157.0,132.63449096679688,0.5479443307532503,1.4915049366339104,-3.962633557834935,-3.434557513050347,-0.5294494055119336,-0.542783257773751,0.4061124439826367,3.583633584550882,-1.287362823881986,2.17590508380994
51.0,157.0,132.63449096679688,0.5480346334435425,1.4915358671871106,-3.96270189928064,-3.43458928647094,-0.5284934810086279,-0.5427832486342066,0.3955962468310909,3.584020426865266,-1.2853940105912247,2.19910929935755
51.0,157.0,132.63449096679688,0.5479427964495454,1.4915100851427567,-3.962634388366512,-3.429984982496617,-0.5294494055119336,-0.5427832578974818,0.3701326336091446,3.5836336395795687,-1.2873924461820083,2.1748392698901005
51.0,157.0,132.63449096679688,0.5479443307532503,1.491649059294594,-3.9625711193724378,-3.4319721003301296,-0.5299218603500725,-0.542783257773751,0.4061391480894828,3.583631553332056,-1.287454885568915,2.174841645565911
51.0,157.0,132.63449096679688,0.5479450754820889,1.4915358671871106,-3.962701730588294,-3.43458928647094,-0.5284934810086279,-0.5427832575244437,0.3955962468310909,3.583606466606041,-1.2853940105912247,2.19910929935755
51.0,157.0,132.63449096679688,0.5479443307532503,1.4915049366339104,-3.962633557834935,-3.434557513050347,-0.5294494055119336,-0.542783257773751,0.4061124439826367,3.583633584550882,-1.287362823881986,2.17590508380994
51.0,157.0,132.63449096679688,0.5478794275128381,1.4915073233667324,-3.962634563205784,-3.425667844574314,-0.5316073164320063,-0.542783257874277,0.4079830073726454,3.5840114016237066,-1.2873924461820083,2.1748392698901005
51.0,157.0,132.63449096679688,0.5478794275128381,1.4915077276054696,-3.9626964198457695,-3.425667844574314,-0.5319093348805342,-0.5427832578724885,0.3954950648561162,3.583631056644436,-1.287425365421958,2.17703297347557
51.0,157.0,132.63449096679688,0.5479443307532503,1.4915089129393202,-3.962633386298077,-3.43061292192912,-0.5299218603500725,-0.5427832483572392,0.4062155360258249,3.5837297581783227,-1.287480815620589,2.17433400351874
51.0,157.0,132.63449096679688,0.5479043890797272,1.4915127049508188,-3.962483624971661,-3.429984982496617,-0.5294494055119336,-0.5427832578974818,0.3701326336091446,3.5836336395795687,-1.2873924461820083,2.1748392698901005
51.0,157.0,132.63449096679688,0.5480346334435425,1.4915358671871106,-3.96270189928064,-3.43458928647094,-0.5284934810086279,-0.5427832486342066,0.3955962468310909,3.584020426865266,-1.2853940105912247,2.19910929935755
51.0,157.0,132.63449096679688,0.5479450754820889,1.4915358671871106,-3.962701730588294,-3.43458928647094,-0.5284934810086279,-0.5427832575244437,0.3955962468310909,3.583606466606041,-1.2853940105912247,2.19910929935755
51.0,157.0,132.63449096679688,0.5479443307532503,1.4915089129393202,-3.962634823555003,-3.434557513050347,-0.5299218603500725,-0.542783257773751,0.4061438604334335,3.583638363681787,-1.287480815620589,2.17524651555813
51.0,157.0,132.63449096679688,0.5479427179272824,1.491516505548138,-3.962633063453896,-3.4319057602288323,-0.5299152232478644,-0.5427832579015284,0.4061391480894828,3.583631553332056,-1.2874515118743466,2.174841645565911
51.0,157.0,132.63449096679688,0.5480346334435425,1.4915358671871106,-3.96270189928064,-3.43458928647094,-0.5284934810086279,-0.5427832486342066,0.3955962468310909,3.584020426865266,-1.2853940105912247,2.19910929935755
51.0,157.0,132.63449096679688,0.5479443307532503,1.4915049366339104,-3.962633557834935,-3.434557513050347,-0.5294494055119336,-0.542783257773751,0.4061124439826367,3.583633584550882,-1.287362823881986,2.17590508380994
51.0,157.0,132.63449096679688,0.5480346334435425,1.4915358671871106,-3.96270189928064,-3.43458928647094,-0.5284934810086279,-0.5427832486341615,0.3955962468310909,3.584020426865266,-1.2853940105912247,2.19910929935755
51.0,157.0,132.63449096679688,0.5478794275128381,1.4915076700365577,-3.9626964198457695,-3.425667844574314,-0.5319093348805342,-0.5427832578724885,0.3954950648561162,3.583632877286047,-1.287425365421958,2.17703297347557
51.0,157.0,132.63449096679688,0.5479443307532503,1.4915049366339104,-3.962633557834935,-3.434557513050347,-0.5294494055119336,-0.542783257773751,0.4061124439826367,3.583633584550882,-1.287362823881986,2.176465109677832
51.0,157.0,132.63449096679688,0.5479450754820889,1.4915358671871106,-3.962703613678171,-3.43458928647094,-0.5284934810086279,-0.5427832576912359,0.3955962468310909,3.583606466606041,-1.2853940105912247,2.19910929935755
51.0,157.0,132.63449096679688,0.5480287078407784,1.49153693704238,-3.962633078016185,-3.434557513050347,-0.5299218603500725,-0.5427832487089763,0.4065301790917218,3.583638363681787,-1.287480815620589,2.17524651555813
51.0,157.0,132.63449096679688,0.5479443307532503,1.491508970508232,-3.962633386298077,-3.43061292192912,-0.5299218603500725,-0.5427832483572392,0.4062155360258249,3.583727937536712,-1.287480815620589,2.17433400351874
51.0,157.0,132.63449096679688,0.5479427179272824,1.491516505548138,-3.962633063453896,-3.4319057602288323,-0.5299152232478644,-0.5427832579015284,0.4061391480894828,3.583631553332056,-1.2874515118743466,2.174841645565911
51.0,157.0,132.63449096679688,0.5479492757942637,1.4915049366339104,-3.962635938705654,-3.434590151118167,-0.5284470075192604,-0.5427832575884135,0.4061124439826367,3.5836522024142505,-1.287362823881986,2.176465109677832
51.0,157.0,132.63449096679688,0.5478767663702792,1.491504888380763,-3.962634649641227,-3.434267066648049,-0.5294494055119336,-0.5427832578722989,0.4057089633595337,3.58362152783983,-1.2873928215836266,2.17590508380994
51.0,157.0,132.63449096679688,0.5479443307532503,1.491508016227045,-3.96263341896752,-3.4306258776168965,-0.5299218603500725,-0.5427832483608991,0.4062155360258249,3.5837066775123203,-1.287480815620589,2.17433400351874
51.0,157.0,132.63449096679688,0.5480346334435425,1.4915358671871106,-3.962701904330587,-3.43458928647094,-0.5284934810086279,-0.5427832483834628,0.3955962468310909,3.584020426865266,-1.2853940105912247,2.19910929935755
51.0,157.0,132.63449096679688,0.547937334783623,1.4915100851427567,-3.9627014968146543,-3.429984982496617,-0.5294568977045776,-0.5427832578974818,0.3699162894566278,3.5836336395795687,-1.2875321439894798,2.1750684624434897
51.0,157.0,132.63449096679688,0.5479528646980325,1.491516505548138,-3.962631667565327,-3.426347203262988,-0.5299152232478644,-0.5427832575034213,0.4061526462829934,3.583627555924569,-1.2874515118743466,2.174247113838662
51.0,157.0,132.63449096679688,0.5479443307532503,1.491649059294594,-3.9625711193724378,-3.4319721003301296,-0.5299218603500725,-0.542783257773751,0.4061391480894828,3.583631553332056,-1.287454885568915,2.174841645565911
51.0,157.0,132.63449096679688,0.5479443307532503,1.4915049366339104,-3.962636557231239,-3.434557513050347,-0.5294494055119336,-0.542783257773751,0.4061166314542819,3.583633584550882,-1.287362823881986,2.17590508380994
51.0,157.0,132.63449096679688,0.5478794275128381,1.4915077276054696,-3.9626964198457695,-3.425667844574314,-0.5319093348805342,-0.5427832578724885,0.3954950648561162,3.583631045299375,-1.287425365421958,2.17703297347557
51.0,157.0,132.63449096679688,0.5479029409119693,1.491649059294594,-3.97078966228464,-3.4319721003301296,-0.5299218603500725,-0.542783257773751,0.4061391480894828,3.583631553332056,-1.287454885568915,2.174841645565911
51.0,157.0,132.63449096679688,0.5480346334435425,1.4915358671871106,-3.96270189928064,-3.43458928647094,-0.5284934810086279,-0.5427832486342066,0.3955962468310909,3.584020426865266,-1.2853940105912247,2.19910929935755
51.0,157.0,132.63449096679688,0.5478794275128381,1.4915076700365577,-3.9626964198457695,-3.425667844574314,-0.5319093348805342,-0.5427832578724885,0.3954950648561162,3.583632877286047,-1.287425365421958,2.187722407741337
51.0,157.0,132.63449096679688,0.5479443307532503,1.4915049366339104,-3.962633557834935,-3.434557513050347,-0.5294494055119336,-0.542783257773751,0.4061124439826367,3.583633584550882,-1.287362823881986,2.1764628145926244
51.0,157.0,132.63449096679688,0.5480346334435425,1.4916432903170778,-3.96270189928064,-3.43331655060021,-0.5284934810086279,-0.542783248628836,0.3955962468310909,3.584020426865266,-1.285442448522945,2.199109367311996
51.0,157.0,132.63449096679688,0.5479443307532503,1.4915087974649832,-3.962633557834935,-3.434557513050347,-0.5294251826963321,-0.542783257773751,0.4062124139839728,3.583633584550882,-1.2873631797148324,2.17590508380994
51.0,157.0,132.63449096679688,0.5479443307532503,1.4915089129393202,-3.962567259995982,-3.434557513050347,-0.5299218603500725,-0.542783257773751,0.4061647558031358,3.583633584550882,-1.2855531915315936,2.174841645565911
51.0,157.0,132.63449096679688,0.5478794275128381,1.4915076700365577,-3.9626964198457695,-3.425667844574314,-0.5319093348805342,-0.5427832578724885,0.3954950648561162,3.583632877286047,-1.287425365421958,2.187722407741337
51.0,157.0,132.63449096679688,0.5478639887015218,1.4915073233667324,-3.962697913983248,-3.434433355144841,-0.5316156650281442,-0.542783257874277,0.3951834383186869,3.5840114240270604,-1.2873924461820083,2.1748392698901005
51.0,157.0,132.63449096679688,0.5478838193881604,1.4916432903170778,-3.9627017689909314,-3.433364401013456,-0.5318780090013744,-0.5427832580051262,0.3955962468310909,3.5836141227178184,-1.285442448522945,2.176734911193642
51.0,157.0,132.63449096679688,0.5479445165980213,1.4915358671871106,-3.9627018978629898,-3.43458928647094,-0.5284934810086279,-0.5427832575244437,0.3955962468310909,3.583606466606041,-1.2853940105912247,2.19910929935755
51.0,157.0,132.63449096679688,0.5479043890797272,1.4915127049508188,-3.96271316174888,-3.434498727021493,-0.5294638845808561,-0.5427832578705125,0.3701326336091446,3.5836336395795687,-1.2873903957378316,2.17518710798944
51.0,157.0,132.63449096679688,0.5479427964495454,1.4915100851427567,-3.9626347177334993,-3.425821383789524,-0.5294494055119336,-0.5427832578974818,0.3701326336091446,3.5836328967575364,-1.287425352698748,2.1748392698901005
51.0,157.0,132.63449096679688,0.5478794275128381,1.491504849395638,-3.9626964198457695,-3.425667844574314,-0.5319093348805342,-0.5427832578724885,0.3955521215916638,3.583632905336649,-1.287425365421958,2.187722407741337
51.0,158.0,132.63449096679688,0.5479443307532503,1.4915049366339104,-3.962633557834935,-3.434557513050347,-0.5294494055119336,-0.542783257773751,0.4061124439826367,3.583633584550882,-1.287362823881986,2.17590508380994
51.0,158.0,132.63449096679688,0.5480346334435425,1.4915358671871106,-3.96270189928064,-3.43458928647094,-0.5284934810086279,-0.5427832486342066,0.3955962468310909,3.584020426865266,-1.2853940105912247,2.19910929935755
51.0,158.0,132.63449096679688,0.5479443307532503,1.4915089129393202,-3.962633386298077,-3.434557513050347,-0.5299218603500725,-0.542783257773751,0.406168943274781,3.583633584550882,-1.287480815620589,2.17524651555813
51.0,158.0,132.63449096679688,0.5479443307532503,1.4915089129393202,-3.962570259392286,-3.434557513050347,-0.5299218603500725,-0.542783257773751,0.406168943274781,3.583633584550882,-1.2855531915315936,2.174841645565911
51.0,158.0,132.63449096679688,0.5479443307532503,1.4915049366339104,-3.962633557834935,-3.434557513050347,-0.5294494055119336,-0.542783257773751,0.4061124439826367,3.583633584550882,-1.287362823881986,2.17590508380994
51.0,158.0,132.63449096679688,0.5480346334435425,1.4915358671871106,-3.96270189928064,-3.43458928647094,-0.5284934810086279,-0.5427832486342066,0.3955962468310909,3.584020426865266,-1.2853940105912247,2.19910929935755
51.0,158.0,132.63449096679688,0.5479427964495454,1.4915100851427567,-3.962634388366512,-3.429984982496617,-0.5294494055119336,-0.5427832578974818,0.3701326336091446,3.5836336395795687,-1.2873924461820083,2.1748392698901005
51.0,158.0,132.63449096679688,0.5479443307532503,1.491649059294594,-3.9625711193724378,-3.4319721003301296,-0.5299218603500725,-0.542783257773751,0.4061391480894828,3.583631553332056,-1.287454885568915,2.174841645565911
51.0,158.0,132.63449096679688,0.5479450754820889,1.4915358671871106,-3.962701730588294,-3.43458928647094,-0.5284934810086279,-0.5427832575244437,0.3955962468310909,3.583606466606041,-1.2853940105912247,2.19910929935755
51.0,158.0,132.63449096679688,0.5479443307532503,1.4915049366339104,-3.962633557834935,-3.434557513050347,-0.5294494055119336,-0.542783257773751,0.4061124439826367,3.583633584550882,-1.287362823881986,2.17590508380994
51.0,158.0,132.63449096679688,0.5478794275128381,1.4915073233667324,-3.962634563205784,-3.425667844574314,-0.5316073164320063,-0.542783257874277,0.4079830073726454,3.5840114016237066,-1.2873924461820083,2.1748392698901005
51.0,158.0,132.63449096679688,0.5478794275128381,1.4915077276054696,-3.9626964198457695,-3.425667844574314,-0.5319093348805342,-0.5427832578724885,0.3954950648561162,3.583631056644436,-1.287425365421958,2.17703297347557
51.0,158.0,132.63449096679688,0.5479443307532503,1.4915089129393202,-3.962633386298077,-3.43061292192912,-0.5299218603500725,-0.5427832483572392,0.4062155360258249,3.5837297581783227,-1.287480815620589,2.17433400351874
51.0,158.0,132.63449096679688,0.5479043890797272,1.4915127049508188,-3.962483624971661,-3.429984982496617,-0.5294494055119336,-0.5427832578974818,0.3701326336091446,3.5836336395795687,-1.2873924461820083,2.1748392698901005
51.0,158.0,132.63449096679688,0.5480346334435425,1.4915358671871106,-3.96270189928064,-3.43458928647094,-0.5284934810086279,-0.5427832486342066,0.3955962468310909,3.584020426865266,-1.2853940105912247,2.19910929935755
51.0,158.0,132.63449096679688,0.5479450754820889,1.4915358671871106,-3.962701730588294,-3.43458928647094,-0.5284934810086279,-0.5427832575244437,0.3955962468310909,3.583606466606041,-1.2853940105912247,2.19910929935755
51.0,158.0,132.63449096679688,0.5479443307532503,1.4915089129393202,-3.962634823555003,-3.434557513050347,-0.5299218603500725,-0.542783257773751,0.4061438604334335,3.583638363681787,-1.287480815620589,2.17524651555813
51.0,158.0,132.63449096679688,0.5479427179272824,1.491516505548138,-3.962633063453896,-3.4319057602288323,-0.5299152232478644,-0.5427832579015284,0.4061391480894828,3.583631553332056,-1.2874515118743466,2.174841645565911
51.0,158.0,132.63449096679688,0.5480346334435425,1.4915358671871106,-3.96270189928064,-3.43458928647094,-0.5284934810086279,-0.5427832486342066,0.3955962468310909,3.584020426865266,-1.2853940105912247,2.19910929935755
51.0,158.0,132.63449096679688,0.5479443307532503,1.4915049366339104,-3.962633557834935,-3.434557513050347,-0.5294494055119336,-0.542783257773751,0.4061124439826367,3.583633584550882,-1.287362823881986,2.17590508380994
51.0,158.0,132.63449096679688,0.5480346334435425,1.4915358671871106,-3.96270189928064,-3.43458928647094,-0.5284934810086279,-0.5427832486341615,0.3955962468310909,3.584020426865266,-1.2853940105912247,2.19910929935755
51.0,158.0,132.63449096679688,0.5478794275128381,1.4915076700365577,-3.9626964198457695,-3.425667844574314,-0.5319093348805342,-0.5427832578724885,0.3954950648561162,3.583632877286047,-1.287425365421958,2.17703297347557
51.0,158.0,132.63449096679688,0.5479443307532503,1.4915049366339104,-3.962633557834935,-3.434557513050347,-0.5294494055119336,-0.542783257773751,0.4061124439826367,3.583633584550882,-1.287362823881986,2.176465109677832
51.0,158.0,132.63449096679688,0.5479450754820889,1.4915358671871106,-3.962703613678171,-3.43458928647094,-0.5284934810086279,-0.5427832576912359,0.3955962468310909,3.583606466606041,-1.2853940105912247,2.19910929935755
51.0,158.0,132.63449096679688,0.5480287078407784,1.49153693704238,-3.962633078016185,-3.434557513050347,-0.5299218603500725,-0.5427832487089763,0.4065301790917218,3.583638363681787,-1.287480815620589,2.17524651555813
51.0,158.0,132.63449096679688,0.5479443307532503,1.491508970508232,-3.962633386298077,-3.43061292192912,-0.5299218603500725,-0.5427832483572392,0.4062155360258249,3.583727937536712,-1.287480815620589,2.17433400351874
51.0,158.0,132.63449096679688,0.5479427179272824,1.491516505548138,-3.962633063453896,-3.4319057602288323,-0.5299152232478644,-0.5427832579015284,0.4061391480894828,3.583631553332056,-1.2874515118743466,2.174841645565911
51.0,158.0,132.63449096679688,0.5479492757942637,1.4915049366339104,-3.962635938705654,-3.434590151118167,-0.5284470075192604,-0.5427832575884135,0.4061124439826367,3.5836522024142505,-1.287362823881986,2.176465109677832
51.0,158.0,132.63449096679688,0.5478767663702792,1.491504888380763,-3.962634649641227,-3.434267066648049,-0.5294494055119336,-0.5427832578722989,0.4057089633595337,3.58362152783983,-1.2873928215836266,2.17590508380994
51.0,158.0,132.63449096679688,0.5479443307532503,1.491508016227045,-3.96263341896752,-3.4306258776168965,-0.5299218603500725,-0.5427832483608991,0.4062155360258249,3.5837066775123203,-1.287480815620589,2.17433400351874
51.0,158.0,132.63449096679688,0.5480346334435425,1.4915358671871106,-3.962701904330587,-3.43458928647094,-0.5284934810086279,-0.5427832483834628,0.3955962468310909,3.584020426865266,-1.2853940105912247,2.19910929935755
51.0,158.0,132.63449096679688,0.547937334783623,1.4915100851427567,-3.9627014968146543,-3.429984982496617,-0.5294568977045776,-0.5427832578974818,0.3699162894566278,3.5836336395795687,-1.2875321439894798,2.1750684624434897
51.0,158.0,132.63449096679688,0.5479528646980325,1.491516505548138,-3.962631667565327,-3.426347203262988,-0.5299152232478644,-0.5427832575034213,0.4061526462829934,3.583627555924569,-1.2874515118743466,2.174247113838662
51.0,158.0,132.63449096679688,0.5479443307532503,1.491649059294594,-3.9625711193724378,-3.4319721003301296,-0.5299218603500725,-0.542783257773751,0.4061391480894828,3.583631553332056,-1.287454885568915,2.174841645565911
51.0,158.0,132.63449096679688,0.5479443307532503,1.4915049366339104,-3.962636557231239,-3.434557513050347,-0.5294494055119336,-0.542783257773751,0.4061166314542819,3.583633584550882,-1.287362823881986,2.17590508380994
51.0,158.0,132.63449096679688,0.5478794275128381,1.4915077276054696,-3.9626964198457695,-3.425667844574314,-0.5319093348805342,-0.5427832578724885,0.3954950648561162,3.583631045299375,-1.287425365421958,2.17703297347557
51.0,158.0,132.63449096679688,0.5479029409119693,1.491649059294594,-3.97078966228464,-3.4319721003301296,-0.5299218603500725,-0.542783257773751,0.4061391480894828,3.583631553332056,-1.287454885568915,2.174841645565911
51.0,158.0,132.63449096679688,0.5480346334435425,1.4915358671871106,-3.96270189928064,-3.43458928647094,-0.5284934810086279,-0.5427832486342066,0.3955962468310909,3.584020426865266,-1.2853940105912247,2.19910929935755
51.0,158.0,132.63449096679688,0.5478794275128381,1.4915076700365577,-3.9626964198457695,-3.425667844574314,-0.5319093348805342,-0.5427832578724885,0.3954950648561162,3.583632877286047,-1.287425365421958,2.187722407741337
51.0,158.0,132.63449096679688,0.5479443307532503,1.4915049366339104,-3.962633557834935,-3.434557513050347,-0.5294494055119336,-0.542783257773751,0.4061124439826367,3.583633584550882,-1.287362823881986,2.1764628145926244
51.0,158.0,132.63449096679688,0.5480346334435425,1.4916432903170778,-3.96270189928064,-3.43331655060021,-0.5284934810086279,-0.542783248628836,0.3955962468310909,3.584020426865266,-1.285442448522945,2.199109367311996
51.0,158.0,132.63449096679688,0.5479443307532503,1.4915087974649832,-3.962633557834935,-3.434557513050347,-0.5294251826963321,-0.542783257773751,0.4062124139839728,3.583633584550882,-1.2873631797148324,2.17590508380994
51.0,158.0,132.63449096679688,0.5479443307532503,1.4915089129393202,-3.962567259995982,-3.434557513050347,-0.5299218603500725,-0.542783257773751,0.4061647558031358,3.583633584550882,-1.2855531915315936,2.174841645565911
51.0,158.0,132.63449096679688,0.5478794275128381,1.4915076700365577,-3.9626964198457695,-3.425667844574314,-0.5319093348805342,-0.5427832578724885,0.3954950648561162,3.583632877286047,-1.287425365421958,2.187722407741337
51.0,158.0,132.63449096679688,0.5478639887015218,1.4915073233667324,-3.962697913983248,-3.434433355144841,-0.5316156650281442,-0.542783257874277,0.3951834383186869,3.5840114240270604,-1.2873924461820083,2.1748392698901005
51.0,158.0,132.63449096679688,0.5478838193881604,1.4916432903170778,-3.9627017689909314,-3.433364401013456,-0.5318780090013744,-0.5427832580051262,0.3955962468310909,3.5836141227178184,-1.285442448522945,2.176734911193642
51.0,158.0,132.63449096679688,0.5479445165980213,1.4915358671871106,-3.9627018978629898,-3.43458928647094,-0.5284934810086279,-0.5427832575244437,0.3955962468310909,3.583606466606041,-1.2853940105912247,2.19910929935755
51.0,158.0,132.63449096679688,0.5479043890797272,1.4915127049508188,-3.96271316174888,-3.434498727021493,-0.5294638845808561,-0.5427832578705125,0.3701326336091446,3.5836336395795687,-1.2873903957378316,2.17518710798944
51.0,158.0,132.63449096679688,0.5479427964495454,1.4915100851427567,-3.9626347177334993,-3.425821383789524,-0.5294494055119336,-0.5427832578974818,0.3701326336091446,3.5836328967575364,-1.287425352698748,2.1748392698901005
51.0,158.0,132.63449096679688,0.5478794275128381,1.491504849395638,-3.9626964198457695,-3.425667844574314,-0.5319093348805342,-0.5427832578724885,0.3955521215916638,3.583632905336649,-1.287425365421958,2.187722407741337
51.0,159.0,132.63449096679688,0.5479443307532503,1.4915049366339104,-3.962633557834935,-3.434557513050347,-0.5294494055119336,-0.542783257773751,0.4061124439826367,3.583633584550882,-1.287362823881986,2.17590508380994
51.0,159.0,132.63449096679688,0.5480346334435425,1.4915358671871106,-3.96270189928064,-3.43458928647094,-0.5284934810086279,-0.5427832486342066,0.3955962468310909,3.584020426865266,-1.2853940105912247,2.19910929935755
51.0,159.0,132.63449096679688,0.5479443307532503,1.4915089129393202,-3.962633386298077,-3.434557513050347,-0.5299218603500725,-0.542783257773751,0.406168943274781,3.583633584550882,-1.287480815620589,2.17524651555813
51.0,159.0,132.63449096679688,0.5479443307532503,1.4915089129393202,-3.962570259392286,-3.434557513050347,-0.5299218603500725,-0.542783257773751,0.406168943274781,3.583633584550882,-1.2855531915315936,2.174841645565911
51.0,159.0,132.63449096679688,0.5479443307532503,1.4915049366339104,-3.962633557834935,-3.434557513050347,-0.5294494055119336,-0.542783257773751,0.4061124439826367,3.583633584550882,-1.287362823881986,2.17590508380994
51.0,159.0,132.63449096679688,0.5480346334435425,1.4915358671871106,-3.96270189928064,-3.43458928647094,-0.5284934810086279,-0.5427832486342066,0.3955962468310909,3.584020426865266,-1.2853940105912247,2.19910929935755
51.0,159.0,132.63449096679688,0.5479427964495454,1.4915100851427567,-3.962634388366512,-3.429984982496617,-0.5294494055119336,-0.5427832578974818,0.3701326336091446,3.5836336395795687,-1.2873924461820083,2.1748392698901005
51.0,159.0,132.63449096679688,0.5479443307532503,1.491649059294594,-3.9625711193724378,-3.4319721003301296,-0.5299218603500725,-0.542783257773751,0.4061391480894828,3.583631553332056,-1.287454885568915,2.174841645565911
51.0,159.0,132.63449096679688,0.5479450754820889,1.4915358671871106,-3.962701730588294,-3.43458928647094,-0.5284934810086279,-0.5427832575244437,0.3955962468310909,3.583606466606041,-1.2853940105912247,2.19910929935755
51.0,159.0,132.63449096679688,0.5479443307532503,1.4915049366339104,-3.962633557834935,-3.434557513050347,-0.5294494055119336,-0.542783257773751,0.4061124439826367,3.583633584550882,-1.287362823881986,2.17590508380994
51.0,159.0,132.63449096679688,0.5478794275128381,1.4915073233667324,-3.962634563205784,-3.425667844574314,-0.5316073164320063,-0.542783257874277,0.4079830073726454,3.5840114016237066,-1.2873924461820083,2.1748392698901005
51.0,159.0,132.63449096679688,0.5478794275128381,1.4915077276054696,-3.9626964198457695,-3.425667844574314,-0.5319093348805342,-0.5427832578724885,0.3954950648561162,3.583631056644436,-1.287425365421958,2.17703297347557
51.0,159.0,132.63449096679688,0.5479443307532503,1.4915089129393202,-3.962633386298077,-3.43061292192912,-0.5299218603500725,-0.5427832483572392,0.4062155360258249,3.5837297581783227,-1.287480815620589,2.17433400351874
51.0,159.0,132.63449096679688,0.5479043890797272,1.4915127049508188,-3.962483624971661,-3.429984982496617,-0.5294494055119336,-0.5427832578974818,0.3701326336091446,3.5836336395795687,-1.2873924461820083,2.1748392698901005
51.0,159.0,132.63449096679688,0.5480346334435425,1.4915358671871106,-3.96270189928064,-3.43458928647094,-0.5284934810086279,-0.5427832486342066,0.3955962468310909,3.584020426865266,-1.2853940105912247,2.19910929935755
51.0,159.0,132.63449096679688,0.5479450754820889,1.4915358671871106,-3.962701730588294,-3.43458928647094,-0.5284934810086279,-0.5427832575244437,0.3955962468310909,3.583606466606041,-1.2853940105912247,2.19910929935755
51.0,159.0,132.63449096679688,0.5479443307532503,1.4915089129393202,-3.962634823555003,-3.434557513050347,-0.5299218603500725,-0.542783257773751,0.4061438604334335,3.583638363681787,-1.287480815620589,2.17524651555813
51.0,159.0,132.63449096679688,0.5479427179272824,1.491516505548138,-3.962633063453896,-3.4319057602288323,-0.5299152232478644,-0.5427832579015284,0.4061391480894828,3.583631553332056,-1.2874515118743466,2.174841645565911
51.0,159.0,132.63449096679688,0.5480346334435425,1.4915358671871106,-3.96270189928064,-3.43458928647094,-0.5284934810086279,-0.5427832486342066,0.3955962468310909,3.584020426865266,-1.2853940105912247,2.19910929935755
51.0,159.0,132.63449096679688,0.5479443307532503,1.4915049366339104,-3.962633557834935,-3.434557513050347,-0.5294494055119336,-0.542783257773751,0.4061124439826367,3.583633584550882,-1.287362823881986,2.17590508380994
51.0,159.0,132.63449096679688,0.5480346334435425,1.4915358671871106,-3.96270189928064,-3.43458928647094,-0.5284934810086279,-0.5427832486341615,0.3955962468310909,3.584020426865266,-1.2853940105912247,2.19910929935755
51.0,159.0,132.63449096679688,0.5478794275128381,1.4915076700365577,-3.9626964198457695,-3.425667844574314,-0.5319093348805342,-0.5427832578724885,0.3954950648561162,3.583632877286047,-1.287425365421958,2.17703297347557
51.0,159.0,132.63449096679688,0.5479443307532503,1.4915049366339104,-3.962633557834935,-3.434557513050347,-0.5294494055119336,-0.542783257773751,0.4061124439826367,3.583633584550882,-1.287362823881986,2.176465109677832
51.0,159.0,132.63449096679688,0.5479450754820889,1.4915358671871106,-3.962703613678171,-3.43458928647094,-0.5284934810086279,-0.5427832576912359,0.3955962468310909,3.583606466606041,-1.2853940105912247,2.19910929935755
51.0,159.0,132.63449096679688,0.5480287078407784,1.49153693704238,-3.962633078016185,-3.434557513050347,-0.5299218603500725,-0.5427832487089763,0.4065301790917218,3.583638363681787,-1.287480815620589,2.17524651555813
51.0,159.0,132.63449096679688,0.5479443307532503,1.491508970508232,-3.962633386298077,-3.43061292192912,-0.5299218603500725,-0.5427832483572392,0.4062155360258249,3.583727937536712,-1.287480815620589,2.17433400351874
51.0,159.0,132.63449096679688,0.5479427179272824,1.491516505548138,-3.962633063453896,-3.4319057602288323,-0.5299152232478644,-0.5427832579015284,0.4061391480894828,3.583631553332056,-1.2874515118743466,2.174841645565911
51.0,159.0,132.63449096679688,0.5479492757942637,1.4915049366339104,-3.962635938705654,-3.434590151118167,-0.5284470075192604,-0.5427832575884135,0.4061124439826367,3.5836522024142505,-1.287362823881986,2.176465109677832
51.0,159.0,132.63449096679688,0.5478767663702792,1.491504888380763,-3.962634649641227,-3.434267066648049,-0.5294494055119336,-0.5427832578722989,0.4057089633595337,3.58362152783983,-1.2873928215836266,2.17590508380994
51.0,159.0,132.63449096679688,0.5479443307532503,1.491508016227045,-3.96263341896752,-3.4306258776168965,-0.5299218603500725,-0.5427832483608991,0.4062155360258249,3.5837066775123203,-1.287480815620589,2.17433400351874
51.0,159.0,132.63449096679688,0.5480346334435425,1.4915358671871106,-3.962701904330587,-3.43458928647094,-0.5284934810086279,-0.5427832483834628,0.3955962468310909,3.584020426865266,-1.2853940105912247,2.19910929935755
51.0,159.0,132.63449096679688,0.547937334783623,1.4915100851427567,-3.9627014968146543,-3.429984982496617,-0.5294568977045776,-0.5427832578974818,0.3699162894566278,3.5836336395795687,-1.2875321439894798,2.1750684624434897
51.0,159.0,132.63449096679688,0.5479528646980325,1.491516505548138,-3.962631667565327,-3.426347203262988,-0.5299152232478644,-0.5427832575034213,0.4061526462829934,3.583627555924569,-1.2874515118743466,2.174247113838662
51.0,159.0,132.63449096679688,0.5479443307532503,1.491649059294594,-3.9625711193724378,-3.4319721003301296,-0.5299218603500725,-0.542783257773751,0.4061391480894828,3.583631553332056,-1.287454885568915,2.174841645565911
51.0,159.0,132.63449096679688,0.5479443307532503,1.4915049366339104,-3.962636557231239,-3.434557513050347,-0.5294494055119336,-0.542783257773751,0.4061166314542819,3.583633584550882,-1.287362823881986,2.17590508380994
51.0,159.0,132.63449096679688,0.5478794275128381,1.4915077276054696,-3.9626964198457695,-3.425667844574314,-0.5319093348805342,-0.5427832578724885,0.3954950648561162,3.583631045299375,-1.287425365421958,2.17703297347557
51.0,159.0,132.63449096679688,0.5479029409119693,1.491649059294594,-3.97078966228464,-3.4319721003301296,-0.5299218603500725,-0.542783257773751,0.4061391480894828,3.583631553332056,-1.287454885568915,2.174841645565911
51.0,159.0,132.63449096679688,0.5480346334435425,1.4915358671871106,-3.96270189928064,-3.43458928647094,-0.5284934810086279,-0.5427832486342066,0.3955962468310909,3.584020426865266,-1.2853940105912247,2.19910929935755
51.0,159.0,132.63449096679688,0.5478794275128381,1.4915076700365577,-3.9626964198457695,-3.425667844574314,-0.5319093348805342,-0.5427832578724885,0.3954950648561162,3.583632877286047,-1.287425365421958,2.187722407741337
51.0,159.0,132.63449096679688,0.5479443307532503,1.4915049366339104,-3.962633557834935,-3.434557513050347,-0.5294494055119336,-0.542783257773751,0.4061124439826367,3.583633584550882,-1.287362823881986,2.1764628145926244
51.0,159.0,132.63449096679688,0.5480346334435425,1.4916432903170778,-3.96270189928064,-3.43331655060021,-0.5284934810086279,-0.542783248628836,0.3955962468310909,3.584020426865266,-1.285442448522945,2.199109367311996
51.0,159.0,132.63449096679688,0.5479443307532503,1.4915087974649832,-3.962633557834935,-3.434557513050347,-0.5294251826963321,-0.542783257773751,0.4062124139839728,3.583633584550882,-1.2873631797148324,2.17590508380994
51.0,159.0,132.63449096679688,0.5479443307532503,1.4915089129393202,-3.962567259995982,-3.434557513050347,-0.5299218603500725,-0.542783257773751,0.4061647558031358,3.583633584550882,-1.2855531915315936,2.174841645565911
51.0,159.0,132.63449096679688,0.5478794275128381,1.4915076700365577,-3.9626964198457695,-3.425667844574314,-0.5319093348805342,-0.5427832578724885,0.3954950648561162,3.583632877286047,-1.287425365421958,2.187722407741337
51.0,159.0,132.63449096679688,0.5478639887015218,1.4915073233667324,-3.962697913983248,-3.434433355144841,-0.5316156650281442,-0.542783257874277,0.3951834383186869,3.5840114240270604,-1.2873924461820083,2.1748392698901005
51.0,159.0,132.63449096679688,0.5478838193881604,1.4916432903170778,-3.9627017689909314,-3.433364401013456,-0.5318780090013744,-0.5427832580051262,0.3955962468310909,3.5836141227178184,-1.285442448522945,2.176734911193642
51.0,159.0,132.63449096679688,0.5479445165980213,1.4915358671871106,-3.9627018978629898,-3.43458928647094,-0.5284934810086279,-0.5427832575244437,0.3955962468310909,3.583606466606041,-1.2853940105912247,2.19910929935755
51.0,159.0,132.63449096679688,0.5479043890797272,1.4915127049508188,-3.96271316174888,-3.434498727021493,-0.5294638845808561,-0.5427832578705125,0.3701326336091446,3.5836336395795687,-1.2873903957378316,2.17518710798944
51.0,159.0,132.63449096679688,0.5479427964495454,1.4915100851427567,-3.9626347177334993,-3.425821383789524,-0.5294494055119336,-0.5427832578974818,0.3701326336091446,3.5836328967575364,-1.287425352698748,2.1748392698901005
51.0,159.0,132.63449096679688,0.5478794275128381,1.491504849395638,-3.9626964198457695,-3.425667844574314,-0.5319093348805342,-0.5427832578724885,0.3955521215916638,3.583632905336649,-1.287425365421958,2.187722407741337
51.0,160.0,132.63449096679688,0.5479443307532503,1.4915049366339104,-3.962633557834935,-3.434557513050347,-0.5294494055119336,-0.542783257773751,0.4061124439826367,3.583633584550882,-1.287362823881986,2.17590508380994
51.0,160.0,132.63449096679688,0.5480346334435425,1.4915358671871106,-3.96270189928064,-3.43458928647094,-0.5284934810086279,-0.5427832486342066,0.3955962468310909,3.584020426865266,-1.2853940105912247,2.19910929935755
51.0,160.0,132.63449096679688,0.5479443307532503,1.4915089129393202,-3.962633386298077,-3.434557513050347,-0.5299218603500725,-0.542783257773751,0.406168943274781,3.583633584550882,-1.287480815620589,2.17524651555813
51.0,160.0,132.63449096679688,0.5479443307532503,1.4915089129393202,-3.962570259392286,-3.434557513050347,-0.5299218603500725,-0.542783257773751,0.406168943274781,3.583633584550882,-1.2855531915315936,2.174841645565911
51.0,160.0,132.63449096679688,0.5479443307532503,1.4915049366339104,-3.962633557834935,-3.434557513050347,-0.5294494055119336,-0.542783257773751,0.4061124439826367,3.583633584550882,-1.287362823881986,2.17590508380994
51.0,160.0,132.63449096679688,0.5480346334435425,1.4915358671871106,-3.96270189928064,-3.43458928647094,-0.5284934810086279,-0.5427832486342066,0.3955962468310909,3.584020426865266,-1.2853940105912247,2.19910929935755
51.0,160.0,132.63449096679688,0.5479427964495454,1.4915100851427567,-3.962634388366512,-3.429984982496617,-0.5294494055119336,-0.5427832578974818,0.3701326336091446,3.5836336395795687,-1.2873924461820083,2.1748392698901005
51.0,160.0,132.63449096679688,0.5479443307532503,1.491649059294594,-3.9625711193724378,-3.4319721003301296,-0.5299218603500725,-0.542783257773751,0.4061391480894828,3.583631553332056,-1.287454885568915,2.174841645565911
51.0,160.0,132.63449096679688,0.5479450754820889,1.4915358671871106,-3.962701730588294,-3.43458928647094,-0.5284934810086279,-0.5427832575244437,0.3955962468310909,3.583606466606041,-1.2853940105912247,2.19910929935755
51.0,160.0,132.63449096679688,0.5479443307532503,1.4915049366339104,-3.962633557834935,-3.434557513050347,-0.5294494055119336,-0.542783257773751,0.4061124439826367,3.583633584550882,-1.287362823881986,2.17590508380994
51.0,160.0,132.63449096679688,0.5478794275128381,1.4915073233667324,-3.962634563205784,-3.425667844574314,-0.5316073164320063,-0.542783257874277,0.4079830073726454,3.5840114016237066,-1.2873924461820083,2.1748392698901005
51.0,160.0,132.63449096679688,0.5478794275128381,1.4915077276054696,-3.9626964198457695,-3.425667844574314,-0.5319093348805342,-0.5427832578724885,0.3954950648561162,3.583631056644436,-1.287425365421958,2.17703297347557
51.0,160.0,132.63449096679688,0.5479443307532503,1.4915089129393202,-3.962633386298077,-3.43061292192912,-0.5299218603500725,-0.5427832483572392,0.4062155360258249,3.5837297581783227,-1.287480815620589,2.17433400351874
51.0,160.0,132.63449096679688,0.5479043890797272,1.4915127049508188,-3.962483624971661,-3.429984982496617,-0.5294494055119336,-0.5427832578974818,0.3701326336091446,3.5836336395795687,-1.2873924461820083,2.1748392698901005
51.0,160.0,132.63449096679688,0.5480346334435425,1.4915358671871106,-3.96270189928064,-3.43458928647094,-0.5284934810086279,-0.5427832486342066,0.3955962468310909,3.584020426865266,-1.2853940105912247,2.19910929935755
51.0,160.0,132.63449096679688,0.5479450754820889,1.4915358671871106,-3.962701730588294,-3.43458928647094,-0.5284934810086279,-0.5427832575244437,0.3955962468310909,3.583606466606041,-1.2853940105912247,2.19910929935755
51.0,160.0,132.63449096679688,0.5479443307532503,1.4915089129393202,-3.962634823555003,-3.434557513050347,-0.5299218603500725,-0.542783257773751,0.4061438604334335,3.583638363681787,-1.287480815620589,2.17524651555813
51.0,160.0,132.63449096679688,0.5479427179272824,1.491516505548138,-3.962633063453896,-3.4319057602288323,-0.5299152232478644,-0.5427832579015284,0.4061391480894828,3.583631553332056,-1.2874515118743466,2.174841645565911
51.0,160.0,132.63449096679688,0.5480346334435425,1.4915358671871106,-3.96270189928064,-3.43458928647094,-0.5284934810086279,-0.5427832486342066,0.3955962468310909,3.584020426865266,-1.2853940105912247,2.19910929935755
51.0,160.0,132.63449096679688,0.5479443307532503,1.4915049366339104,-3.962633557834935,-3.434557513050347,-0.5294494055119336,-0.542783257773751,0.4061124439826367,3.583633584550882,-1.287362823881986,2.17590508380994
51.0,160.0,132.63449096679688,0.5480346334435425,1.4915358671871106,-3.96270189928064,-3.43458928647094,-0.5284934810086279,-0.5427832486341615,0.3955962468310909,3.584020426865266,-1.2853940105912247,2.19910929935755
51.0,160.0,132.63449096679688,0.5478794275128381,1.4915076700365577,-3.9626964198457695,-3.425667844574314,-0.5319093348805342,-0.5427832578724885,0.3954950648561162,3.583632877286047,-1.287425365421958,2.17703297347557
51.0,160.0,132.63449096679688,0.5479443307532503,1.4915049366339104,-3.962633557834935,-3.434557513050347,-0.5294494055119336,-0.542783257773751,0.4061124439826367,3.583633584550882,-1.287362823881986,2.176465109677832
51.0,160.0,132.63449096679688,0.5479450754820889,1.4915358671871106,-3.962703613678171,-3.43458928647094,-0.5284934810086279,-0.5427832576912359,0.3955962468310909,3.583606466606041,-1.2853940105912247,2.19910929935755
51.0,160.0,132.63449096679688,0.5480287078407784,1.49153693704238,-3.962633078016185,-3.434557513050347,-0.5299218603500725,-0.5427832487089763,0.4065301790917218,3.583638363681787,-1.287480815620589,2.17524651555813
51.0,160.0,132.63449096679688,0.5479443307532503,1.491508970508232,-3.962633386298077,-3.43061292192912,-0.5299218603500725,-0.5427832483572392,0.4062155360258249,3.583727937536712,-1.287480815620589,2.17433400351874
51.0,160.0,132.63449096679688,0.5479427179272824,1.491516505548138,-3.962633063453896,-3.4319057602288323,-0.5299152232478644,-0.5427832579015284,0.4061391480894828,3.583631553332056,-1.2874515118743466,2.174841645565911
51.0,160.0,132.63449096679688,0.5479492757942637,1.4915049366339104,-3.962635938705654,-3.434590151118167,-0.5284470075192604,-0.5427832575884135,0.4061124439826367,3.5836522024142505,-1.287362823881986,2.176465109677832
51.0,160.0,132.63449096679688,0.5478767663702792,1.491504888380763,-3.962634649641227,-3.434267066648049,-0.5294494055119336,-0.5427832578722989,0.4057089633595337,3.58362152783983,-1.2873928215836266,2.17590508380994
51.0,160.0,132.63449096679688,0.5479443307532503,1.491508016227045,-3.96263341896752,-3.4306258776168965,-0.5299218603500725,-0.5427832483608991,0.4062155360258249,3.5837066775123203,-1.287480815620589,2.17433400351874
51.0,160.0,132.63449096679688,0.5480346334435425,1.4915358671871106,-3.962701904330587,-3.43458928647094,-0.5284934810086279,-0.5427832483834628,0.3955962468310909,3.584020426865266,-1.2853940105912247,2.19910929935755
51.0,160.0,132.63449096679688,0.547937334783623,1.4915100851427567,-3.9627014968146543,-3.429984982496617,-0.5294568977045776,-0.5427832578974818,0.3699162894566278,3.5836336395795687,-1.2875321439894798,2.1750684624434897
51.0,160.0,132.63449096679688,0.5479528646980325,1.491516505548138,-3.962631667565327,-3.426347203262988,-0.5299152232478644,-0.5427832575034213,0.4061526462829934,3.583627555924569,-1.2874515118743466,2.174247113838662
51.0,160.0,132.63449096679688,0.5479443307532503,1.491649059294594,-3.9625711193724378,-3.4319721003301296,-0.5299218603500725,-0.542783257773751,0.4061391480894828,3.583631553332056,-1.287454885568915,2.174841645565911
51.0,160.0,132.63449096679688,0.5479443307532503,1.4915049366339104,-3.962636557231239,-3.434557513050347,-0.5294494055119336,-0.542783257773751,0.4061166314542819,3.583633584550882,-1.287362823881986,2.17590508380994
51.0,160.0,132.63449096679688,0.5478794275128381,1.4915077276054696,-3.9626964198457695,-3.425667844574314,-0.5319093348805342,-0.5427832578724885,0.3954950648561162,3.583631045299375,-1.287425365421958,2.17703297347557
51.0,160.0,132.63449096679688,0.5479029409119693,1.491649059294594,-3.97078966228464,-3.4319721003301296,-0.5299218603500725,-0.542783257773751,0.4061391480894828,3.583631553332056,-1.287454885568915,2.174841645565911
51.0,160.0,132.63449096679688,0.5480346334435425,1.4915358671871106,-3.96270189928064,-3.43458928647094,-0.5284934810086279,-0.5427832486342066,0.3955962468310909,3.584020426865266,-1.2853940105912247,2.19910929935755
51.0,160.0,132.63449096679688,0.5478794275128381,1.4915076700365577,-3.9626964198457695,-3.425667844574314,-0.5319093348805342,-0.5427832578724885,0.3954950648561162,3.583632877286047,-1.287425365421958,2.187722407741337
51.0,160.0,132.63449096679688,0.5479443307532503,1.4915049366339104,-3.962633557834935,-3.434557513050347,-0.5294494055119336,-0.542783257773751,0.4061124439826367,3.583633584550882,-1.287362823881986,2.1764628145926244
51.0,160.0,132.63449096679688,0.5480346334435425,1.4916432903170778,-3.96270189928064,-3.43331655060021,-0.5284934810086279,-0.542783248628836,0.3955962468310909,3.584020426865266,-1.285442448522945,2.199109367311996
51.0,160.0,132.63449096679688,0.5479443307532503,1.4915087974649832,-3.962633557834935,-3.434557513050347,-0.5294251826963321,-0.542783257773751,0.4062124139839728,3.583633584550882,-1.2873631797148324,2.17590508380994
51.0,160.0,132.63449096679688,0.5479443307532503,1.4915089129393202,-3.962567259995982,-3.434557513050347,-0.5299218603500725,-0.542783257773751,0.4061647558031358,3.583633584550882,-1.2855531915315936,2.174841645565911
51.0,160.0,132.63449096679688,0.5478794275128381,1.4915076700365577,-3.9626964198457695,-3.425667844574314,-0.5319093348805342,-0.5427832578724885,0.3954950648561162,3.583632877286047,-1.287425365421958,2.187722407741337
51.0,160.0,132.63449096679688,0.5478639887015218,1.4915073233667324,-3.962697913983248,-3.434433355144841,-0.5316156650281442,-0.542783257874277,0.3951834383186869,3.5840114240270604,-1.2873924461820083,2.1748392698901005
51.0,160.0,132.63449096679688,0.5478838193881604,1.4916432903170778,-3.9627017689909314,-3.433364401013456,-0.5318780090013744,-0.5427832580051262,0.3955962468310909,3.5836141227178184,-1.285442448522945,2.176734911193642
51.0,160.0,132.63449096679688,0.5479445165980213,1.4915358671871106,-3.9627018978629898,-3.43458928647094,-0.5284934810086279,-0.5427832575244437,0.3955962468310909,3.583606466606041,-1.2853940105912247,2.19910929935755
51.0,160.0,132.63449096679688,0.5479043890797272,1.4915127049508188,-3.96271316174888,-3.434498727021493,-0.5294638845808561,-0.5427832578705125,0.3701326336091446,3.5836336395795687,-1.2873903957378316,2.17518710798944
51.0,160.0,132.63449096679688,0.5479427964495454,1.4915100851427567,-3.9626347177334993,-3.425821383789524,-0.5294494055119336,-0.5427832578974818,0.3701326336091446,3.5836328967575364,-1.287425352698748,2.1748392698901005
51.0,160.0,132.63449096679688,0.5478794275128381,1.491504849395638,-3.9626964198457695,-3.425667844574314,-0.5319093348805342,-0.5427832578724885,0.3955521215916638,3.583632905336649,-1.287425365421958,2.187722407741337
51.0,161.0,132.63449096679688,0.5479443307532503,1.4915049366339104,-3.962633557834935,-3.434557513050347,-0.5294494055119336,-0.542783257773751,0.4061124439826367,3.583633584550882,-1.287362823881986,2.17590508380994
51.0,161.0,132.63449096679688,0.5480346334435425,1.4915358671871106,-3.96270189928064,-3.43458928647094,-0.5284934810086279,-0.5427832486342066,0.3955962468310909,3.584020426865266,-1.2853940105912247,2.19910929935755
51.0,161.0,132.63449096679688,0.5479443307532503,1.4915089129393202,-3.962633386298077,-3.434557513050347,-0.5299218603500725,-0.542783257773751,0.406168943274781,3.583633584550882,-1.287480815620589,2.17524651555813
51.0,161.0,132.63449096679688,0.5479443307532503,1.4915089129393202,-3.962570259392286,-3.434557513050347,-0.5299218603500725,-0.542783257773751,0.406168943274781,3.583633584550882,-1.2855531915315936,2.174841645565911
51.0,161.0,132.63449096679688,0.5479443307532503,1.4915049366339104,-3.962633557834935,-3.434557513050347,-0.5294494055119336,-0.542783257773751,0.4061124439826367,3.583633584550882,-1.287362823881986,2.17590508380994
51.0,161.0,132.63449096679688,0.5480346334435425,1.4915358671871106,-3.96270189928064,-3.43458928647094,-0.5284934810086279,-0.5427832486342066,0.3955962468310909,3.584020426865266,-1.2853940105912247,2.19910929935755
51.0,161.0,132.63449096679688,0.5479427964495454,1.4915100851427567,-3.962634388366512,-3.429984982496617,-0.5294494055119336,-0.5427832578974818,0.3701326336091446,3.5836336395795687,-1.2873924461820083,2.1748392698901005
51.0,161.0,132.63449096679688,0.5479443307532503,1.491649059294594,-3.9625711193724378,-3.4319721003301296,-0.5299218603500725,-0.542783257773751,0.4061391480894828,3.583631553332056,-1.287454885568915,2.174841645565911
51.0,161.0,132.63449096679688,0.5479450754820889,1.4915358671871106,-3.962701730588294,-3.43458928647094,-0.5284934810086279,-0.5427832575244437,0.3955962468310909,3.583606466606041,-1.2853940105912247,2.19910929935755
51.0,161.0,132.63449096679688,0.5479443307532503,1.4915049366339104,-3.962633557834935,-3.434557513050347,-0.5294494055119336,-0.542783257773751,0.4061124439826367,3.583633584550882,-1.287362823881986,2.17590508380994
51.0,161.0,132.63449096679688,0.5478794275128381,1.4915073233667324,-3.962634563205784,-3.425667844574314,-0.5316073164320063,-0.542783257874277,0.4079830073726454,3.5840114016237066,-1.2873924461820083,2.1748392698901005
51.0,161.0,132.63449096679688,0.5478794275128381,1.4915077276054696,-3.9626964198457695,-3.425667844574314,-0.5319093348805342,-0.5427832578724885,0.3954950648561162,3.583631056644436,-1.287425365421958,2.17703297347557
51.0,161.0,132.63449096679688,0.5479443307532503,1.4915089129393202,-3.962633386298077,-3.43061292192912,-0.5299218603500725,-0.5427832483572392,0.4062155360258249,3.5837297581783227,-1.287480815620589,2.17433400351874
51.0,161.0,132.63449096679688,0.5479043890797272,1.4915127049508188,-3.962483624971661,-3.429984982496617,-0.5294494055119336,-0.5427832578974818,0.3701326336091446,3.5836336395795687,-1.2873924461820083,2.1748392698901005
51.0,161.0,132.63449096679688,0.5480346334435425,1.4915358671871106,-3.96270189928064,-3.43458928647094,-0.5284934810086279,-0.5427832486342066,0.3955962468310909,3.584020426865266,-1.2853940105912247,2.19910929935755
51.0,161.0,132.63449096679688,0.5479450754820889,1.4915358671871106,-3.962701730588294,-3.43458928647094,-0.5284934810086279,-0.5427832575244437,0.3955962468310909,3.583606466606041,-1.2853940105912247,2.19910929935755
51.0,161.0,132.63449096679688,0.5479443307532503,1.4915089129393202,-3.962634823555003,-3.434557513050347,-0.5299218603500725,-0.542783257773751,0.4061438604334335,3.583638363681787,-1.287480815620589,2.17524651555813
51.0,161.0,132.63449096679688,0.5479427179272824,1.491516505548138,-3.962633063453896,-3.4319057602288323,-0.5299152232478644,-0.5427832579015284,0.4061391480894828,3.583631553332056,-1.2874515118743466,2.174841645565911
51.0,161.0,132.63449096679688,0.5480346334435425,1.4915358671871106,-3.96270189928064,-3.43458928647094,-0.5284934810086279,-0.5427832486342066,0.3955962468310909,3.584020426865266,-1.2853940105912247,2.19910929935755
51.0,161.0,132.63449096679688,0.5479443307532503,1.4915049366339104,-3.962633557834935,-3.434557513050347,-0.5294494055119336,-0.542783257773751,0.4061124439826367,3.583633584550882,-1.287362823881986,2.17590508380994
51.0,161.0,132.63449096679688,0.5480346334435425,1.4915358671871106,-3.96270189928064,-3.43458928647094,-0.5284934810086279,-0.5427832486341615,0.3955962468310909,3.584020426865266,-1.2853940105912247,2.19910929935755
51.0,161.0,132.63449096679688,0.5478794275128381,1.4915076700365577,-3.9626964198457695,-3.425667844574314,-0.5319093348805342,-0.5427832578724885,0.3954950648561162,3.583632877286047,-1.287425365421958,2.17703297347557
51.0,161.0,132.63449096679688,0.5479443307532503,1.4915049366339104,-3.962633557834935,-3.434557513050347,-0.5294494055119336,-0.542783257773751,0.4061124439826367,3.583633584550882,-1.287362823881986,2.176465109677832
51.0,161.0,132.63449096679688,0.5479450754820889,1.4915358671871106,-3.962703613678171,-3.43458928647094,-0.5284934810086279,-0.5427832576912359,0.3955962468310909,3.583606466606041,-1.2853940105912247,2.19910929935755
51.0,161.0,132.63449096679688,0.5480287078407784,1.49153693704238,-3.962633078016185,-3.434557513050347,-0.5299218603500725,-0.5427832487089763,0.4065301790917218,3.583638363681787,-1.287480815620589,2.17524651555813
51.0,161.0,132.63449096679688,0.5479443307532503,1.491508970508232,-3.962633386298077,-3.43061292192912,-0.5299218603500725,-0.5427832483572392,0.4062155360258249,3.583727937536712,-1.287480815620589,2.17433400351874
51.0,161.0,132.63449096679688,0.5479427179272824,1.491516505548138,-3.962633063453896,-3.4319057602288323,-0.5299152232478644,-0.5427832579015284,0.4061391480894828,3.583631553332056,-1.2874515118743466,2.174841645565911
51.0,161.0,132.63449096679688,0.5479492757942637,1.4915049366339104,-3.962635938705654,-3.434590151118167,-0.5284470075192604,-0.5427832575884135,0.4061124439826367,3.5836522024142505,-1.287362823881986,2.176465109677832
51.0,161.0,132.63449096679688,0.5478767663702792,1.491504888380763,-3.962634649641227,-3.434267066648049,-0.5294494055119336,-0.5427832578722989,0.4057089633595337,3.58362152783983,-1.2873928215836266,2.17590508380994
51.0,161.0,132.63449096679688,0.5479443307532503,1.491508016227045,-3.96263341896752,-3.4306258776168965,-0.5299218603500725,-0.5427832483608991,0.4062155360258249,3.5837066775123203,-1.287480815620589,2.17433400351874
51.0,161.0,132.63449096679688,0.5480346334435425,1.4915358671871106,-3.962701904330587,-3.43458928647094,-0.5284934810086279,-0.5427832483834628,0.3955962468310909,3.584020426865266,-1.2853940105912247,2.19910929935755
51.0,161.0,132.63449096679688,0.547937334783623,1.4915100851427567,-3.9627014968146543,-3.429984982496617,-0.5294568977045776,-0.5427832578974818,0.3699162894566278,3.5836336395795687,-1.2875321439894798,2.1750684624434897
51.0,161.0,132.63449096679688,0.5479528646980325,1.491516505548138,-3.962631667565327,-3.426347203262988,-0.5299152232478644,-0.5427832575034213,0.4061526462829934,3.583627555924569,-1.2874515118743466,2.174247113838662
51.0,161.0,132.63449096679688,0.5479443307532503,1.491649059294594,-3.9625711193724378,-3.4319721003301296,-0.5299218603500725,-0.542783257773751,0.4061391480894828,3.583631553332056,-1.287454885568915,2.174841645565911
51.0,161.0,132.63449096679688,0.5479443307532503,1.4915049366339104,-3.962636557231239,-3.434557513050347,-0.5294494055119336,-0.542783257773751,0.4061166314542819,3.583633584550882,-1.287362823881986,2.17590508380994
51.0,161.0,132.63449096679688,0.5478794275128381,1.4915077276054696,-3.9626964198457695,-3.425667844574314,-0.5319093348805342,-0.5427832578724885,0.3954950648561162,3.583631045299375,-1.287425365421958,2.17703297347557
51.0,161.0,132.63449096679688,0.5479029409119693,1.491649059294594,-3.97078966228464,-3.4319721003301296,-0.5299218603500725,-0.542783257773751,0.4061391480894828,3.583631553332056,-1.287454885568915,2.174841645565911
51.0,161.0,132.63449096679688,0.5480346334435425,1.4915358671871106,-3.96270189928064,-3.43458928647094,-0.5284934810086279,-0.5427832486342066,0.3955962468310909,3.584020426865266,-1.2853940105912247,2.19910929935755
51.0,161.0,132.63449096679688,0.5478794275128381,1.4915076700365577,-3.9626964198457695,-3.425667844574314,-0.5319093348805342,-0.5427832578724885,0.3954950648561162,3.583632877286047,-1.287425365421958,2.187722407741337
51.0,161.0,132.63449096679688,0.5479443307532503,1.4915049366339104,-3.962633557834935,-3.434557513050347,-0.5294494055119336,-0.542783257773751,0.4061124439826367,3.583633584550882,-1.287362823881986,2.1764628145926244
51.0,161.0,132.63449096679688,0.5480346334435425,1.4916432903170778,-3.96270189928064,-3.43331655060021,-0.5284934810086279,-0.542783248628836,0.3955962468310909,3.584020426865266,-1.285442448522945,2.199109367311996
51.0,161.0,132.63449096679688,0.5479443307532503,1.4915087974649832,-3.962633557834935,-3.434557513050347,-0.5294251826963321,-0.542783257773751,0.4062124139839728,3.583633584550882,-1.2873631797148324,2.17590508380994
51.0,161.0,132.63449096679688,0.5479443307532503,1.4915089129393202,-3.962567259995982,-3.434557513050347,-0.5299218603500725,-0.542783257773751,0.4061647558031358,3.583633584550882,-1.2855531915315936,2.174841645565911
51.0,161.0,132.63449096679688,0.5478794275128381,1.4915076700365577,-3.9626964198457695,-3.425667844574314,-0.5319093348805342,-0.5427832578724885,0.3954950648561162,3.583632877286047,-1.287425365421958,2.187722407741337
51.0,161.0,132.63449096679688,0.5478639887015218,1.4915073233667324,-3.962697913983248,-3.434433355144841,-0.5316156650281442,-0.542783257874277,0.3951834383186869,3.5840114240270604,-1.2873924461820083,2.1748392698901005
51.0,161.0,132.63449096679688,0.5478838193881604,1.4916432903170778,-3.9627017689909314,-3.433364401013456,-0.5318780090013744,-0.5427832580051262,0.3955962468310909,3.5836141227178184,-1.285442448522945,2.176734911193642
51.0,161.0,132.63449096679688,0.5479445165980213,1.4915358671871106,-3.9627018978629898,-3.43458928647094,-0.5284934810086279,-0.5427832575244437,0.3955962468310909,3.583606466606041,-1.2853940105912247,2.19910929935755
51.0,161.0,132.63449096679688,0.5479043890797272,1.4915127049508188,-3.96271316174888,-3.434498727021493,-0.5294638845808561,-0.5427832578705125,0.3701326336091446,3.5836336395795687,-1.2873903957378316,2.17518710798944
51.0,161.0,132.63449096679688,0.5479427964495454,1.4915100851427567,-3.9626347177334993,-3.425821383789524,-0.5294494055119336,-0.5427832578974818,0.3701326336091446,3.5836328967575364,-1.287425352698748,2.1748392698901005
51.0,161.0,132.63449096679688,0.5478794275128381,1.491504849395638,-3.9626964198457695,-3.425667844574314,-0.5319093348805342,-0.5427832578724885,0.3955521215916638,3.583632905336649,-1.287425365421958,2.187722407741337
51.0,162.0,132.63449096679688,0.5479443307532503,1.4915049366339104,-3.962633557834935,-3.434557513050347,-0.5294494055119336,-0.542783257773751,0.4061124439826367,3.583633584550882,-1.287362823881986,2.17590508380994
51.0,162.0,132.63449096679688,0.5480346334435425,1.4915358671871106,-3.96270189928064,-3.43458928647094,-0.5284934810086279,-0.5427832486342066,0.3955962468310909,3.584020426865266,-1.2853940105912247,2.19910929935755
51.0,162.0,132.63449096679688,0.5479443307532503,1.4915089129393202,-3.962633386298077,-3.434557513050347,-0.5299218603500725,-0.542783257773751,0.406168943274781,3.583633584550882,-1.287480815620589,2.17524651555813
51.0,162.0,132.63449096679688,0.5479443307532503,1.4915089129393202,-3.962570259392286,-3.434557513050347,-0.5299218603500725,-0.542783257773751,0.406168943274781,3.583633584550882,-1.2855531915315936,2.174841645565911
51.0,162.0,132.63449096679688,0.5479443307532503,1.4915049366339104,-3.962633557834935,-3.434557513050347,-0.5294494055119336,-0.542783257773751,0.4061124439826367,3.583633584550882,-1.287362823881986,2.17590508380994
51.0,162.0,132.63449096679688,0.5480346334435425,1.4915358671871106,-3.96270189928064,-3.43458928647094,-0.5284934810086279,-0.5427832486342066,0.3955962468310909,3.584020426865266,-1.2853940105912247,2.19910929935755
51.0,162.0,132.63449096679688,0.5479427964495454,1.4915100851427567,-3.962634388366512,-3.429984982496617,-0.5294494055119336,-0.5427832578974818,0.3701326336091446,3.5836336395795687,-1.2873924461820083,2.1748392698901005
51.0,162.0,132.63449096679688,0.5479443307532503,1.491649059294594,-3.9625711193724378,-3.4319721003301296,-0.5299218603500725,-0.542783257773751,0.4061391480894828,3.583631553332056,-1.287454885568915,2.174841645565911
51.0,162.0,132.63449096679688,0.5479450754820889,1.4915358671871106,-3.962701730588294,-3.43458928647094,-0.5284934810086279,-0.5427832575244437,0.3955962468310909,3.583606466606041,-1.2853940105912247,2.19910929935755
51.0,162.0,132.63449096679688,0.5479443307532503,1.4915049366339104,-3.962633557834935,-3.434557513050347,-0.5294494055119336,-0.542783257773751,0.4061124439826367,3.583633584550882,-1.287362823881986,2.17590508380994
51.0,162.0,132.63449096679688,0.5478794275128381,1.4915073233667324,-3.962634563205784,-3.425667844574314,-0.5316073164320063,-0.542783257874277,0.4079830073726454,3.5840114016237066,-1.2873924461820083,2.1748392698901005
51.0,162.0,132.63449096679688,0.5478794275128381,1.4915077276054696,-3.9626964198457695,-3.425667844574314,-0.5319093348805342,-0.5427832578724885,0.3954950648561162,3.583631056644436,-1.287425365421958,2.17703297347557
51.0,162.0,132.63449096679688,0.5479443307532503,1.4915089129393202,-3.962633386298077,-3.43061292192912,-0.5299218603500725,-0.5427832483572392,0.4062155360258249,3.5837297581783227,-1.287480815620589,2.17433400351874
51.0,162.0,132.63449096679688,0.5479043890797272,1.4915127049508188,-3.962483624971661,-3.429984982496617,-0.5294494055119336,-0.5427832578974818,0.3701326336091446,3.5836336395795687,-1.2873924461820083,2.1748392698901005
51.0,162.0,132.63449096679688,0.5480346334435425,1.4915358671871106,-3.96270189928064,-3.43458928647094,-0.5284934810086279,-0.5427832486342066,0.3955962468310909,3.584020426865266,-1.2853940105912247,2.19910929935755
51.0,162.0,132.63449096679688,0.5479450754820889,1.4915358671871106,-3.962701730588294,-3.43458928647094,-0.5284934810086279,-0.5427832575244437,0.3955962468310909,3.583606466606041,-1.2853940105912247,2.19910929935755
51.0,162.0,132.63449096679688,0.5479443307532503,1.4915089129393202,-3.962634823555003,-3.434557513050347,-0.5299218603500725,-0.542783257773751,0.4061438604334335,3.583638363681787,-1.287480815620589,2.17524651555813
51.0,162.0,132.63449096679688,0.5479427179272824,1.491516505548138,-3.962633063453896,-3.4319057602288323,-0.5299152232478644,-0.5427832579015284,0.4061391480894828,3.583631553332056,-1.2874515118743466,2.174841645565911
51.0,162.0,132.63449096679688,0.5480346334435425,1.4915358671871106,-3.96270189928064,-3.43458928647094,-0.5284934810086279,-0.5427832486342066,0.3955962468310909,3.584020426865266,-1.2853940105912247,2.19910929935755
51.0,162.0,132.63449096679688,0.5479443307532503,1.4915049366339104,-3.962633557834935,-3.434557513050347,-0.5294494055119336,-0.542783257773751,0.4061124439826367,3.583633584550882,-1.287362823881986,2.17590508380994
51.0,162.0,132.63449096679688,0.5480346334435425,1.4915358671871106,-3.96270189928064,-3.43458928647094,-0.5284934810086279,-0.5427832486341615,0.3955962468310909,3.584020426865266,-1.2853940105912247,2.19910929935755
51.0,162.0,132.63449096679688,0.5478794275128381,1.4915076700365577,-3.9626964198457695,-3.425667844574314,-0.5319093348805342,-0.5427832578724885,0.3954950648561162,3.583632877286047,-1.287425365421958,2.17703297347557
51.0,162.0,132.63449096679688,0.5479443307532503,1.4915049366339104,-3.962633557834935,-3.434557513050347,-0.5294494055119336,-0.542783257773751,0.4061124439826367,3.583633584550882,-1.287362823881986,2.176465109677832
51.0,162.0,132.63449096679688,0.5479450754820889,1.4915358671871106,-3.962703613678171,-3.43458928647094,-0.5284934810086279,-0.5427832576912359,0.3955962468310909,3.583606466606041,-1.2853940105912247,2.19910929935755
51.0,162.0,132.63449096679688,0.5480287078407784,1.49153693704238,-3.962633078016185,-3.434557513050347,-0.5299218603500725,-0.5427832487089763,0.4065301790917218,3.583638363681787,-1.287480815620589,2.17524651555813
51.0,162.0,132.63449096679688,0.5479443307532503,1.491508970508232,-3.962633386298077,-3.43061292192912,-0.5299218603500725,-0.5427832483572392,0.4062155360258249,3.583727937536712,-1.287480815620589,2.17433400351874
51.0,162.0,132.63449096679688,0.5479427179272824,1.491516505548138,-3.962633063453896,-3.4319057602288323,-0.5299152232478644,-0.5427832579015284,0.4061391480894828,3.583631553332056,-1.2874515118743466,2.174841645565911
51.0,162.0,132.63449096679688,0.5479492757942637,1.4915049366339104,-3.962635938705654,-3.434590151118167,-0.5284470075192604,-0.5427832575884135,0.4061124439826367,3.5836522024142505,-1.287362823881986,2.176465109677832
51.0,162.0,132.63449096679688,0.5478767663702792,1.491504888380763,-3.962634649641227,-3.434267066648049,-0.5294494055119336,-0.5427832578722989,0.4057089633595337,3.58362152783983,-1.2873928215836266,2.17590508380994
51.0,162.0,132.63449096679688,0.5479443307532503,1.491508016227045,-3.96263341896752,-3.4306258776168965,-0.5299218603500725,-0.5427832483608991,0.4062155360258249,3.5837066775123203,-1.287480815620589,2.17433400351874
51.0,162.0,132.63449096679688,0.5480346334435425,1.4915358671871106,-3.962701904330587,-3.43458928647094,-0.5284934810086279,-0.5427832483834628,0.3955962468310909,3.584020426865266,-1.2853940105912247,2.19910929935755
51.0,162.0,132.63449096679688,0.547937334783623,1.4915100851427567,-3.9627014968146543,-3.429984982496617,-0.5294568977045776,-0.5427832578974818,0.3699162894566278,3.5836336395795687,-1.2875321439894798,2.1750684624434897
51.0,162.0,132.63449096679688,0.5479528646980325,1.491516505548138,-3.962631667565327,-3.426347203262988,-0.5299152232478644,-0.5427832575034213,0.4061526462829934,3.583627555924569,-1.2874515118743466,2.174247113838662
51.0,162.0,132.63449096679688,0.5479443307532503,1.491649059294594,-3.9625711193724378,-3.4319721003301296,-0.5299218603500725,-0.542783257773751,0.4061391480894828,3.583631553332056,-1.287454885568915,2.174841645565911
51.0,162.0,132.63449096679688,0.5479443307532503,1.4915049366339104,-3.962636557231239,-3.434557513050347,-0.5294494055119336,-0.542783257773751,0.4061166314542819,3.583633584550882,-1.287362823881986,2.17590508380994
51.0,162.0,132.63449096679688,0.5478794275128381,1.4915077276054696,-3.9626964198457695,-3.425667844574314,-0.5319093348805342,-0.5427832578724885,0.3954950648561162,3.583631045299375,-1.287425365421958,2.17703297347557
51.0,162.0,132.63449096679688,0.5479029409119693,1.491649059294594,-3.97078966228464,-3.4319721003301296,-0.5299218603500725,-0.542783257773751,0.4061391480894828,3.583631553332056,-1.287454885568915,2.174841645565911
51.0,162.0,132.63449096679688,0.5480346334435425,1.4915358671871106,-3.96270189928064,-3.43458928647094,-0.5284934810086279,-0.5427832486342066,0.3955962468310909,3.584020426865266,-1.2853940105912247,2.19910929935755
51.0,162.0,132.63449096679688,0.5478794275128381,1.4915076700365577,-3.9626964198457695,-3.425667844574314,-0.5319093348805342,-0.5427832578724885,0.3954950648561162,3.583632877286047,-1.287425365421958,2.187722407741337
51.0,162.0,132.63449096679688,0.5479443307532503,1.4915049366339104,-3.962633557834935,-3.434557513050347,-0.5294494055119336,-0.542783257773751,0.4061124439826367,3.583633584550882,-1.287362823881986,2.1764628145926244
51.0,162.0,132.63449096679688,0.5480346334435425,1.4916432903170778,-3.96270189928064,-3.43331655060021,-0.5284934810086279,-0.542783248628836,0.3955962468310909,3.584020426865266,-1.285442448522945,2.199109367311996
51.0,162.0,132.63449096679688,0.5479443307532503,1.4915087974649832,-3.962633557834935,-3.434557513050347,-0.5294251826963321,-0.542783257773751,0.4062124139839728,3.583633584550882,-1.2873631797148324,2.17590508380994
51.0,162.0,132.63449096679688,0.5479443307532503,1.4915089129393202,-3.962567259995982,-3.434557513050347,-0.5299218603500725,-0.542783257773751,0.4061647558031358,3.583633584550882,-1.2855531915315936,2.174841645565911
51.0,162.0,132.63449096679688,0.5478794275128381,1.4915076700365577,-3.9626964198457695,-3.425667844574314,-0.5319093348805342,-0.5427832578724885,0.3954950648561162,3.583632877286047,-1.287425365421958,2.187722407741337
51.0,162.0,132.63449096679688,0.5478639887015218,1.4915073233667324,-3.962697913983248,-3.434433355144841,-0.5316156650281442,-0.542783257874277,0.3951834383186869,3.5840114240270604,-1.2873924461820083,2.1748392698901005
51.0,162.0,132.63449096679688,0.5478838193881604,1.4916432903170778,-3.9627017689909314,-3.433364401013456,-0.5318780090013744,-0.5427832580051262,0.3955962468310909,3.5836141227178184,-1.285442448522945,2.176734911193642
51.0,162.0,132.63449096679688,0.5479445165980213,1.4915358671871106,-3.9627018978629898,-3.43458928647094,-0.5284934810086279,-0.5427832575244437,0.3955962468310909,3.583606466606041,-1.2853940105912247,2.19910929935755
51.0,162.0,132.63449096679688,0.5479043890797272,1.4915127049508188,-3.96271316174888,-3.434498727021493,-0.5294638845808561,-0.5427832578705125,0.3701326336091446,3.5836336395795687,-1.2873903957378316,2.17518710798944
51.0,162.0,132.63449096679688,0.5479427964495454,1.4915100851427567,-3.9626347177334993,-3.425821383789524,-0.5294494055119336,-0.5427832578974818,0.3701326336091446,3.5836328967575364,-1.287425352698748,2.1748392698901005
51.0,162.0,132.63449096679688,0.5478794275128381,1.491504849395638,-3.9626964198457695,-3.425667844574314,-0.5319093348805342,-0.5427832578724885,0.3955521215916638,3.583632905336649,-1.287425365421958,2.187722407741337
51.0,163.0,132.63449096679688,0.5479443307532503,1.4915049366339104,-3.962633557834935,-3.434557513050347,-0.5294494055119336,-0.542783257773751,0.4061124439826367,3.583633584550882,-1.287362823881986,2.17590508380994
51.0,163.0,132.63449096679688,0.5480346334435425,1.4915358671871106,-3.96270189928064,-3.43458928647094,-0.5284934810086279,-0.5427832486342066,0.3955962468310909,3.584020426865266,-1.2853940105912247,2.19910929935755
51.0,163.0,132.63449096679688,0.5479443307532503,1.4915089129393202,-3.962633386298077,-3.434557513050347,-0.5299218603500725,-0.542783257773751,0.406168943274781,3.583633584550882,-1.287480815620589,2.17524651555813
51.0,163.0,132.63449096679688,0.5479443307532503,1.4915089129393202,-3.962570259392286,-3.434557513050347,-0.5299218603500725,-0.542783257773751,0.406168943274781,3.583633584550882,-1.2855531915315936,2.174841645565911
51.0,163.0,132.63449096679688,0.5479443307532503,1.4915049366339104,-3.962633557834935,-3.434557513050347,-0.5294494055119336,-0.542783257773751,0.4061124439826367,3.583633584550882,-1.287362823881986,2.17590508380994
51.0,163.0,132.63449096679688,0.5480346334435425,1.4915358671871106,-3.96270189928064,-3.43458928647094,-0.5284934810086279,-0.5427832486342066,0.3955962468310909,3.584020426865266,-1.2853940105912247,2.19910929935755
51.0,163.0,132.63449096679688,0.5479427964495454,1.4915100851427567,-3.962634388366512,-3.429984982496617,-0.5294494055119336,-0.5427832578974818,0.3701326336091446,3.5836336395795687,-1.2873924461820083,2.1748392698901005
51.0,163.0,132.63449096679688,0.5479443307532503,1.491649059294594,-3.9625711193724378,-3.4319721003301296,-0.5299218603500725,-0.542783257773751,0.4061391480894828,3.583631553332056,-1.287454885568915,2.174841645565911
51.0,163.0,132.63449096679688,0.5479450754820889,1.4915358671871106,-3.962701730588294,-3.43458928647094,-0.5284934810086279,-0.5427832575244437,0.3955962468310909,3.583606466606041,-1.2853940105912247,2.19910929935755
51.0,163.0,132.63449096679688,0.5479443307532503,1.4915049366339104,-3.962633557834935,-3.434557513050347,-0.5294494055119336,-0.542783257773751,0.4061124439826367,3.583633584550882,-1.287362823881986,2.17590508380994
51.0,163.0,132.63449096679688,0.5478794275128381,1.4915073233667324,-3.962634563205784,-3.425667844574314,-0.5316073164320063,-0.542783257874277,0.4079830073726454,3.5840114016237066,-1.2873924461820083,2.1748392698901005
51.0,163.0,132.63449096679688,0.5478794275128381,1.4915077276054696,-3.9626964198457695,-3.425667844574314,-0.5319093348805342,-0.5427832578724885,0.3954950648561162,3.583631056644436,-1.287425365421958,2.17703297347557
51.0,163.0,132.63449096679688,0.5479443307532503,1.4915089129393202,-3.962633386298077,-3.43061292192912,-0.5299218603500725,-0.5427832483572392,0.4062155360258249,3.5837297581783227,-1.287480815620589,2.17433400351874
51.0,163.0,132.63449096679688,0.5479043890797272,1.4915127049508188,-3.962483624971661,-3.429984982496617,-0.5294494055119336,-0.5427832578974818,0.3701326336091446,3.5836336395795687,-1.2873924461820083,2.1748392698901005
51.0,163.0,132.63449096679688,0.5480346334435425,1.4915358671871106,-3.96270189928064,-3.43458928647094,-0.5284934810086279,-0.5427832486342066,0.3955962468310909,3.584020426865266,-1.2853940105912247,2.19910929935755
51.0,163.0,132.63449096679688,0.5479450754820889,1.4915358671871106,-3.962701730588294,-3.43458928647094,-0.5284934810086279,-0.5427832575244437,0.3955962468310909,3.583606466606041,-1.2853940105912247,2.19910929935755
51.0,163.0,132.63449096679688,0.5479443307532503,1.4915089129393202,-3.962634823555003,-3.434557513050347,-0.5299218603500725,-0.542783257773751,0.4061438604334335,3.583638363681787,-1.287480815620589,2.17524651555813
51.0,163.0,132.63449096679688,0.5479427179272824,1.491516505548138,-3.962633063453896,-3.4319057602288323,-0.5299152232478644,-0.5427832579015284,0.4061391480894828,3.583631553332056,-1.2874515118743466,2.174841645565911
51.0,163.0,132.63449096679688,0.5480346334435425,1.4915358671871106,-3.96270189928064,-3.43458928647094,-0.5284934810086279,-0.5427832486342066,0.3955962468310909,3.584020426865266,-1.2853940105912247,2.19910929935755
51.0,163.0,132.63449096679688,0.5479443307532503,1.4915049366339104,-3.962633557834935,-3.434557513050347,-0.5294494055119336,-0.542783257773751,0.4061124439826367,3.583633584550882,-1.287362823881986,2.17590508380994
51.0,163.0,132.63449096679688,0.5480346334435425,1.4915358671871106,-3.96270189928064,-3.43458928647094,-0.5284934810086279,-0.5427832486341615,0.3955962468310909,3.584020426865266,-1.2853940105912247,2.19910929935755
51.0,163.0,132.63449096679688,0.5478794275128381,1.4915076700365577,-3.9626964198457695,-3.425667844574314,-0.5319093348805342,-0.5427832578724885,0.3954950648561162,3.583632877286047,-1.287425365421958,2.17703297347557
51.0,163.0,132.63449096679688,0.5479443307532503,1.4915049366339104,-3.962633557834935,-3.434557513050347,-0.5294494055119336,-0.542783257773751,0.4061124439826367,3.583633584550882,-1.287362823881986,2.176465109677832
51.0,163.0,132.63449096679688,0.5479450754820889,1.4915358671871106,-3.962703613678171,-3.43458928647094,-0.5284934810086279,-0.5427832576912359,0.3955962468310909,3.583606466606041,-1.2853940105912247,2.19910929935755
51.0,163.0,132.63449096679688,0.5480287078407784,1.49153693704238,-3.962633078016185,-3.434557513050347,-0.5299218603500725,-0.5427832487089763,0.4065301790917218,3.583638363681787,-1.287480815620589,2.17524651555813
51.0,163.0,132.63449096679688,0.5479443307532503,1.491508970508232,-3.962633386298077,-3.43061292192912,-0.5299218603500725,-0.5427832483572392,0.4062155360258249,3.583727937536712,-1.287480815620589,2.17433400351874
51.0,163.0,132.63449096679688,0.5479427179272824,1.491516505548138,-3.962633063453896,-3.4319057602288323,-0.5299152232478644,-0.5427832579015284,0.4061391480894828,3.583631553332056,-1.2874515118743466,2.174841645565911
51.0,163.0,132.63449096679688,0.5479492757942637,1.4915049366339104,-3.962635938705654,-3.434590151118167,-0.5284470075192604,-0.5427832575884135,0.4061124439826367,3.5836522024142505,-1.287362823881986,2.176465109677832
51.0,163.0,132.63449096679688,0.5478767663702792,1.491504888380763,-3.962634649641227,-3.434267066648049,-0.5294494055119336,-0.5427832578722989,0.4057089633595337,3.58362152783983,-1.2873928215836266,2.17590508380994
51.0,163.0,132.63449096679688,0.5479443307532503,1.491508016227045,-3.96263341896752,-3.4306258776168965,-0.5299218603500725,-0.5427832483608991,0.4062155360258249,3.5837066775123203,-1.287480815620589,2.17433400351874
51.0,163.0,132.63449096679688,0.5480346334435425,1.4915358671871106,-3.962701904330587,-3.43458928647094,-0.5284934810086279,-0.5427832483834628,0.3955962468310909,3.584020426865266,-1.2853940105912247,2.19910929935755
51.0,163.0,132.63449096679688,0.547937334783623,1.4915100851427567,-3.9627014968146543,-3.429984982496617,-0.5294568977045776,-0.5427832578974818,0.3699162894566278,3.5836336395795687,-1.2875321439894798,2.1750684624434897
51.0,163.0,132.63449096679688,0.5479528646980325,1.491516505548138,-3.962631667565327,-3.426347203262988,-0.5299152232478644,-0.5427832575034213,0.4061526462829934,3.583627555924569,-1.2874515118743466,2.174247113838662
51.0,163.0,132.63449096679688,0.5479443307532503,1.491649059294594,-3.9625711193724378,-3.4319721003301296,-0.5299218603500725,-0.542783257773751,0.4061391480894828,3.583631553332056,-1.287454885568915,2.174841645565911
51.0,163.0,132.63449096679688,0.5479443307532503,1.4915049366339104,-3.962636557231239,-3.434557513050347,-0.5294494055119336,-0.542783257773751,0.4061166314542819,3.583633584550882,-1.287362823881986,2.17590508380994
51.0,163.0,132.63449096679688,0.5478794275128381,1.4915077276054696,-3.9626964198457695,-3.425667844574314,-0.5319093348805342,-0.5427832578724885,0.3954950648561162,3.583631045299375,-1.287425365421958,2.17703297347557
51.0,163.0,132.63449096679688,0.5479029409119693,1.491649059294594,-3.97078966228464,-3.4319721003301296,-0.5299218603500725,-0.542783257773751,0.4061391480894828,3.583631553332056,-1.287454885568915,2.174841645565911
51.0,163.0,132.63449096679688,0.5480346334435425,1.4915358671871106,-3.96270189928064,-3.43458928647094,-0.5284934810086279,-0.5427832486342066,0.3955962468310909,3.584020426865266,-1.2853940105912247,2.19910929935755
51.0,163.0,132.63449096679688,0.5478794275128381,1.4915076700365577,-3.9626964198457695,-3.425667844574314,-0.5319093348805342,-0.5427832578724885,0.3954950648561162,3.583632877286047,-1.287425365421958,2.187722407741337
51.0,163.0,132.63449096679688,0.5479443307532503,1.4915049366339104,-3.962633557834935,-3.434557513050347,-0.5294494055119336,-0.542783257773751,0.4061124439826367,3.583633584550882,-1.287362823881986,2.1764628145926244
51.0,163.0,132.63449096679688,0.5480346334435425,1.4916432903170778,-3.96270189928064,-3.43331655060021,-0.5284934810086279,-0.542783248628836,0.3955962468310909,3.584020426865266,-1.285442448522945,2.199109367311996
51.0,163.0,132.63449096679688,0.5479443307532503,1.4915087974649832,-3.962633557834935,-3.434557513050347,-0.5294251826963321,-0.542783257773751,0.4062124139839728,3.583633584550882,-1.2873631797148324,2.17590508380994
51.0,163.0,132.63449096679688,0.5479443307532503,1.4915089129393202,-3.962567259995982,-3.434557513050347,-0.5299218603500725,-0.542783257773751,0.4061647558031358,3.583633584550882,-1.2855531915315936,2.174841645565911
51.0,163.0,132.63449096679688,0.5478794275128381,1.4915076700365577,-3.9626964198457695,-3.425667844574314,-0.5319093348805342,-0.5427832578724885,0.3954950648561162,3.583632877286047,-1.287425365421958,2.187722407741337
51.0,163.0,132.63449096679688,0.5478639887015218,1.4915073233667324,-3.962697913983248,-3.434433355144841,-0.5316156650281442,-0.542783257874277,0.3951834383186869,3.5840114240270604,-1.2873924461820083,2.1748392698901005
51.0,163.0,132.63449096679688,0.5478838193881604,1.4916432903170778,-3.9627017689909314,-3.433364401013456,-0.5318780090013744,-0.5427832580051262,0.3955962468310909,3.5836141227178184,-1.285442448522945,2.176734911193642
51.0,163.0,132.63449096679688,0.5479445165980213,1.4915358671871106,-3.9627018978629898,-3.43458928647094,-0.5284934810086279,-0.5427832575244437,0.3955962468310909,3.583606466606041,-1.2853940105912247,2.19910929935755
51.0,163.0,132.63449096679688,0.5479043890797272,1.4915127049508188,-3.96271316174888,-3.434498727021493,-0.5294638845808561,-0.5427832578705125,0.3701326336091446,3.5836336395795687,-1.2873903957378316,2.17518710798944
51.0,163.0,132.63449096679688,0.5479427964495454,1.4915100851427567,-3.9626347177334993,-3.425821383789524,-0.5294494055119336,-0.5427832578974818,0.3701326336091446,3.5836328967575364,-1.287425352698748,2.1748392698901005
51.0,163.0,132.63449096679688,0.5478794275128381,1.491504849395638,-3.9626964198457695,-3.425667844574314,-0.5319093348805342,-0.5427832578724885,0.3955521215916638,3.583632905336649,-1.287425365421958,2.187722407741337
51.0,164.0,132.63449096679688,0.5479443307532503,1.4915049366339104,-3.962633557834935,-3.434557513050347,-0.5294494055119336,-0.542783257773751,0.4061124439826367,3.583633584550882,-1.287362823881986,2.17590508380994
51.0,164.0,132.63449096679688,0.5480346334435425,1.4915358671871106,-3.96270189928064,-3.43458928647094,-0.5284934810086279,-0.5427832486342066,0.3955962468310909,3.584020426865266,-1.2853940105912247,2.19910929935755
51.0,164.0,132.63449096679688,0.5479443307532503,1.4915089129393202,-3.962633386298077,-3.434557513050347,-0.5299218603500725,-0.542783257773751,0.406168943274781,3.583633584550882,-1.287480815620589,2.17524651555813
51.0,164.0,132.63449096679688,0.5479443307532503,1.4915089129393202,-3.962570259392286,-3.434557513050347,-0.5299218603500725,-0.542783257773751,0.406168943274781,3.583633584550882,-1.2855531915315936,2.174841645565911
51.0,164.0,132.63449096679688,0.5479443307532503,1.4915049366339104,-3.962633557834935,-3.434557513050347,-0.5294494055119336,-0.542783257773751,0.4061124439826367,3.583633584550882,-1.287362823881986,2.17590508380994
51.0,164.0,132.63449096679688,0.5480346334435425,1.4915358671871106,-3.96270189928064,-3.43458928647094,-0.5284934810086279,-0.5427832486342066,0.3955962468310909,3.584020426865266,-1.2853940105912247,2.19910929935755
51.0,164.0,132.63449096679688,0.5479427964495454,1.4915100851427567,-3.962634388366512,-3.429984982496617,-0.5294494055119336,-0.5427832578974818,0.3701326336091446,3.5836336395795687,-1.2873924461820083,2.1748392698901005
51.0,164.0,132.63449096679688,0.5479443307532503,1.491649059294594,-3.9625711193724378,-3.4319721003301296,-0.5299218603500725,-0.542783257773751,0.4061391480894828,3.583631553332056,-1.287454885568915,2.174841645565911
51.0,164.0,132.63449096679688,0.5479450754820889,1.4915358671871106,-3.962701730588294,-3.43458928647094,-0.5284934810086279,-0.5427832575244437,0.3955962468310909,3.583606466606041,-1.2853940105912247,2.19910929935755
51.0,164.0,132.63449096679688,0.5479443307532503,1.4915049366339104,-3.962633557834935,-3.434557513050347,-0.5294494055119336,-0.542783257773751,0.4061124439826367,3.583633584550882,-1.287362823881986,2.17590508380994
51.0,164.0,132.63449096679688,0.5478794275128381,1.4915073233667324,-3.962634563205784,-3.425667844574314,-0.5316073164320063,-0.542783257874277,0.4079830073726454,3.5840114016237066,-1.2873924461820083,2.1748392698901005
51.0,164.0,132.63449096679688,0.5478794275128381,1.4915077276054696,-3.9626964198457695,-3.425667844574314,-0.5319093348805342,-0.5427832578724885,0.3954950648561162,3.583631056644436,-1.287425365421958,2.17703297347557
51.0,164.0,132.63449096679688,0.5479443307532503,1.4915089129393202,-3.962633386298077,-3.43061292192912,-0.5299218603500725,-0.5427832483572392,0.4062155360258249,3.5837297581783227,-1.287480815620589,2.17433400351874
51.0,164.0,132.63449096679688,0.5479043890797272,1.4915127049508188,-3.962483624971661,-3.429984982496617,-0.5294494055119336,-0.5427832578974818,0.3701326336091446,3.5836336395795687,-1.2873924461820083,2.1748392698901005
51.0,164.0,132.63449096679688,0.5480346334435425,1.4915358671871106,-3.96270189928064,-3.43458928647094,-0.5284934810086279,-0.5427832486342066,0.3955962468310909,3.584020426865266,-1.2853940105912247,2.19910929935755
51.0,164.0,132.63449096679688,0.5479450754820889,1.4915358671871106,-3.962701730588294,-3.43458928647094,-0.5284934810086279,-0.5427832575244437,0.3955962468310909,3.583606466606041,-1.2853940105912247,2.19910929935755
51.0,164.0,132.63449096679688,0.5479443307532503,1.4915089129393202,-3.962634823555003,-3.434557513050347,-0.5299218603500725,-0.542783257773751,0.4061438604334335,3.583638363681787,-1.287480815620589,2.17524651555813
51.0,164.0,132.63449096679688,0.5479427179272824,1.491516505548138,-3.962633063453896,-3.4319057602288323,-0.5299152232478644,-0.5427832579015284,0.4061391480894828,3.583631553332056,-1.2874515118743466,2.174841645565911
51.0,164.0,132.63449096679688,0.5480346334435425,1.4915358671871106,-3.96270189928064,-3.43458928647094,-0.5284934810086279,-0.5427832486342066,0.3955962468310909,3.584020426865266,-1.2853940105912247,2.19910929935755
51.0,164.0,132.63449096679688,0.5479443307532503,1.4915049366339104,-3.962633557834935,-3.434557513050347,-0.5294494055119336,-0.542783257773751,0.4061124439826367,3.583633584550882,-1.287362823881986,2.17590508380994
51.0,164.0,132.63449096679688,0.5480346334435425,1.4915358671871106,-3.96270189928064,-3.43458928647094,-0.5284934810086279,-0.5427832486341615,0.3955962468310909,3.584020426865266,-1.2853940105912247,2.19910929935755
51.0,164.0,132.63449096679688,0.5478794275128381,1.4915076700365577,-3.9626964198457695,-3.425667844574314,-0.5319093348805342,-0.5427832578724885,0.3954950648561162,3.583632877286047,-1.287425365421958,2.17703297347557
51.0,164.0,132.63449096679688,0.5479443307532503,1.4915049366339104,-3.962633557834935,-3.434557513050347,-0.5294494055119336,-0.542783257773751,0.4061124439826367,3.583633584550882,-1.287362823881986,2.176465109677832
51.0,164.0,132.63449096679688,0.5479450754820889,1.4915358671871106,-3.962703613678171,-3.43458928647094,-0.5284934810086279,-0.5427832576912359,0.3955962468310909,3.583606466606041,-1.2853940105912247,2.19910929935755
51.0,164.0,132.63449096679688,0.5480287078407784,1.49153693704238,-3.962633078016185,-3.434557513050347,-0.5299218603500725,-0.5427832487089763,0.4065301790917218,3.583638363681787,-1.287480815620589,2.17524651555813
51.0,164.0,132.63449096679688,0.5479443307532503,1.491508970508232,-3.962633386298077,-3.43061292192912,-0.5299218603500725,-0.5427832483572392,0.4062155360258249,3.583727937536712,-1.287480815620589,2.17433400351874
51.0,164.0,132.63449096679688,0.5479427179272824,1.491516505548138,-3.962633063453896,-3.4319057602288323,-0.5299152232478644,-0.5427832579015284,0.4061391480894828,3.583631553332056,-1.2874515118743466,2.174841645565911
51.0,164.0,132.63449096679688,0.5479492757942637,1.4915049366339104,-3.962635938705654,-3.434590151118167,-0.5284470075192604,-0.5427832575884135,0.4061124439826367,3.5836522024142505,-1.287362823881986,2.176465109677832
51.0,164.0,132.63449096679688,0.5478767663702792,1.491504888380763,-3.962634649641227,-3.434267066648049,-0.5294494055119336,-0.5427832578722989,0.4057089633595337,3.58362152783983,-1.2873928215836266,2.17590508380994
51.0,164.0,132.63449096679688,0.5479443307532503,1.491508016227045,-3.96263341896752,-3.4306258776168965,-0.5299218603500725,-0.5427832483608991,0.4062155360258249,3.5837066775123203,-1.287480815620589,2.17433400351874
51.0,164.0,132.63449096679688,0.5480346334435425,1.4915358671871106,-3.962701904330587,-3.43458928647094,-0.5284934810086279,-0.5427832483834628,0.3955962468310909,3.584020426865266,-1.2853940105912247,2.19910929935755
51.0,164.0,132.63449096679688,0.547937334783623,1.4915100851427567,-3.9627014968146543,-3.429984982496617,-0.5294568977045776,-0.5427832578974818,0.3699162894566278,3.5836336395795687,-1.2875321439894798,2.1750684624434897
51.0,164.0,132.63449096679688,0.5479528646980325,1.491516505548138,-3.962631667565327,-3.426347203262988,-0.5299152232478644,-0.5427832575034213,0.4061526462829934,3.583627555924569,-1.2874515118743466,2.174247113838662
51.0,164.0,132.63449096679688,0.5479443307532503,1.491649059294594,-3.9625711193724378,-3.4319721003301296,-0.5299218603500725,-0.542783257773751,0.4061391480894828,3.583631553332056,-1.287454885568915,2.174841645565911
51.0,164.0,132.63449096679688,0.5479443307532503,1.4915049366339104,-3.962636557231239,-3.434557513050347,-0.5294494055119336,-0.542783257773751,0.4061166314542819,3.583633584550882,-1.287362823881986,2.17590508380994
51.0,164.0,132.63449096679688,0.5478794275128381,1.4915077276054696,-3.9626964198457695,-3.425667844574314,-0.5319093348805342,-0.5427832578724885,0.3954950648561162,3.583631045299375,-1.287425365421958,2.17703297347557
51.0,164.0,132.63449096679688,0.5479029409119693,1.491649059294594,-3.97078966228464,-3.4319721003301296,-0.5299218603500725,-0.542783257773751,0.4061391480894828,3.583631553332056,-1.287454885568915,2.174841645565911
51.0,164.0,132.63449096679688,0.5480346334435425,1.4915358671871106,-3.96270189928064,-3.43458928647094,-0.5284934810086279,-0.5427832486342066,0.3955962468310909,3.584020426865266,-1.2853940105912247,2.19910929935755
51.0,164.0,132.63449096679688,0.5478794275128381,1.4915076700365577,-3.9626964198457695,-3.425667844574314,-0.5319093348805342,-0.5427832578724885,0.3954950648561162,3.583632877286047,-1.287425365421958,2.187722407741337
51.0,164.0,132.63449096679688,0.5479443307532503,1.4915049366339104,-3.962633557834935,-3.434557513050347,-0.5294494055119336,-0.542783257773751,0.4061124439826367,3.583633584550882,-1.287362823881986,2.1764628145926244
51.0,164.0,132.63449096679688,0.5480346334435425,1.4916432903170778,-3.96270189928064,-3.43331655060021,-0.5284934810086279,-0.542783248628836,0.3955962468310909,3.584020426865266,-1.285442448522945,2.199109367311996
51.0,164.0,132.63449096679688,0.5479443307532503,1.4915087974649832,-3.962633557834935,-3.434557513050347,-0.5294251826963321,-0.542783257773751,0.4062124139839728,3.583633584550882,-1.2873631797148324,2.17590508380994
51.0,164.0,132.63449096679688,0.5479443307532503,1.4915089129393202,-3.962567259995982,-3.434557513050347,-0.5299218603500725,-0.542783257773751,0.4061647558031358,3.583633584550882,-1.2855531915315936,2.174841645565911
51.0,164.0,132.63449096679688,0.5478794275128381,1.4915076700365577,-3.9626964198457695,-3.425667844574314,-0.5319093348805342,-0.5427832578724885,0.3954950648561162,3.583632877286047,-1.287425365421958,2.187722407741337
51.0,164.0,132.63449096679688,0.5478639887015218,1.4915073233667324,-3.962697913983248,-3.434433355144841,-0.5316156650281442,-0.542783257874277,0.3951834383186869,3.5840114240270604,-1.2873924461820083,2.1748392698901005
51.0,164.0,132.63449096679688,0.5478838193881604,1.4916432903170778,-3.9627017689909314,-3.433364401013456,-0.5318780090013744,-0.5427832580051262,0.3955962468310909,3.5836141227178184,-1.285442448522945,2.176734911193642
51.0,164.0,132.63449096679688,0.5479445165980213,1.4915358671871106,-3.9627018978629898,-3.43458928647094,-0.5284934810086279,-0.5427832575244437,0.3955962468310909,3.583606466606041,-1.2853940105912247,2.19910929935755
51.0,164.0,132.63449096679688,0.5479043890797272,1.4915127049508188,-3.96271316174888,-3.434498727021493,-0.5294638845808561,-0.5427832578705125,0.3701326336091446,3.5836336395795687,-1.2873903957378316,2.17518710798944
51.0,164.0,132.63449096679688,0.5479427964495454,1.4915100851427567,-3.9626347177334993,-3.425821383789524,-0.5294494055119336,-0.5427832578974818,0.3701326336091446,3.5836328967575364,-1.287425352698748,2.1748392698901005
51.0,164.0,132.63449096679688,0.5478794275128381,1.491504849395638,-3.9626964198457695,-3.425667844574314,-0.5319093348805342,-0.5427832578724885,0.3955521215916638,3.583632905336649,-1.287425365421958,2.187722407741337
51.0,165.0,132.63449096679688,0.5479443307532503,1.4915049366339104,-3.962633557834935,-3.434557513050347,-0.5294494055119336,-0.542783257773751,0.4061124439826367,3.583633584550882,-1.287362823881986,2.17590508380994
51.0,165.0,132.63449096679688,0.5480346334435425,1.4915358671871106,-3.96270189928064,-3.43458928647094,-0.5284934810086279,-0.5427832486342066,0.3955962468310909,3.584020426865266,-1.2853940105912247,2.19910929935755
51.0,165.0,132.63449096679688,0.5479443307532503,1.4915089129393202,-3.962633386298077,-3.434557513050347,-0.5299218603500725,-0.542783257773751,0.406168943274781,3.583633584550882,-1.287480815620589,2.17524651555813
51.0,165.0,132.63449096679688,0.5479443307532503,1.4915089129393202,-3.962570259392286,-3.434557513050347,-0.5299218603500725,-0.542783257773751,0.406168943274781,3.583633584550882,-1.2855531915315936,2.174841645565911
51.0,165.0,132.63449096679688,0.5479443307532503,1.4915049366339104,-3.962633557834935,-3.434557513050347,-0.5294494055119336,-0.542783257773751,0.4061124439826367,3.583633584550882,-1.287362823881986,2.17590508380994
51.0,165.0,132.63449096679688,0.5480346334435425,1.4915358671871106,-3.96270189928064,-3.43458928647094,-0.5284934810086279,-0.5427832486342066,0.3955962468310909,3.584020426865266,-1.2853940105912247,2.19910929935755
51.0,165.0,132.63449096679688,0.5479427964495454,1.4915100851427567,-3.962634388366512,-3.429984982496617,-0.5294494055119336,-0.5427832578974818,0.3701326336091446,3.5836336395795687,-1.2873924461820083,2.1748392698901005
51.0,165.0,132.63449096679688,0.5479443307532503,1.491649059294594,-3.9625711193724378,-3.4319721003301296,-0.5299218603500725,-0.542783257773751,0.4061391480894828,3.583631553332056,-1.287454885568915,2.174841645565911
51.0,165.0,132.63449096679688,0.5479450754820889,1.4915358671871106,-3.962701730588294,-3.43458928647094,-0.5284934810086279,-0.5427832575244437,0.3955962468310909,3.583606466606041,-1.2853940105912247,2.19910929935755
51.0,165.0,132.63449096679688,0.5479443307532503,1.4915049366339104,-3.962633557834935,-3.434557513050347,-0.5294494055119336,-0.542783257773751,0.4061124439826367,3.583633584550882,-1.287362823881986,2.17590508380994
51.0,165.0,132.63449096679688,0.5478794275128381,1.4915073233667324,-3.962634563205784,-3.425667844574314,-0.5316073164320063,-0.542783257874277,0.4079830073726454,3.5840114016237066,-1.2873924461820083,2.1748392698901005
51.0,165.0,132.63449096679688,0.5478794275128381,1.4915077276054696,-3.9626964198457695,-3.425667844574314,-0.5319093348805342,-0.5427832578724885,0.3954950648561162,3.583631056644436,-1.287425365421958,2.17703297347557
51.0,165.0,132.63449096679688,0.5479443307532503,1.4915089129393202,-3.962633386298077,-3.43061292192912,-0.5299218603500725,-0.5427832483572392,0.4062155360258249,3.5837297581783227,-1.287480815620589,2.17433400351874
51.0,165.0,132.63449096679688,0.5479043890797272,1.4915127049508188,-3.962483624971661,-3.429984982496617,-0.5294494055119336,-0.5427832578974818,0.3701326336091446,3.5836336395795687,-1.2873924461820083,2.1748392698901005
51.0,165.0,132.63449096679688,0.5480346334435425,1.4915358671871106,-3.96270189928064,-3.43458928647094,-0.5284934810086279,-0.5427832486342066,0.3955962468310909,3.584020426865266,-1.2853940105912247,2.19910929935755
51.0,165.0,132.63449096679688,0.5479450754820889,1.4915358671871106,-3.962701730588294,-3.43458928647094,-0.5284934810086279,-0.5427832575244437,0.3955962468310909,3.583606466606041,-1.2853940105912247,2.19910929935755
51.0,165.0,132.63449096679688,0.5479443307532503,1.4915089129393202,-3.962634823555003,-3.434557513050347,-0.5299218603500725,-0.542783257773751,0.4061438604334335,3.583638363681787,-1.287480815620589,2.17524651555813
51.0,165.0,132.63449096679688,0.5479427179272824,1.491516505548138,-3.962633063453896,-3.4319057602288323,-0.5299152232478644,-0.5427832579015284,0.4061391480894828,3.583631553332056,-1.2874515118743466,2.174841645565911
51.0,165.0,132.63449096679688,0.5480346334435425,1.4915358671871106,-3.96270189928064,-3.43458928647094,-0.5284934810086279,-0.5427832486342066,0.3955962468310909,3.584020426865266,-1.2853940105912247,2.19910929935755
51.0,165.0,132.63449096679688,0.5479443307532503,1.4915049366339104,-3.962633557834935,-3.434557513050347,-0.5294494055119336,-0.542783257773751,0.4061124439826367,3.583633584550882,-1.287362823881986,2.17590508380994
51.0,165.0,132.63449096679688,0.5480346334435425,1.4915358671871106,-3.96270189928064,-3.43458928647094,-0.5284934810086279,-0.5427832486341615,0.3955962468310909,3.584020426865266,-1.2853940105912247,2.19910929935755
51.0,165.0,132.63449096679688,0.5478794275128381,1.4915076700365577,-3.9626964198457695,-3.425667844574314,-0.5319093348805342,-0.5427832578724885,0.3954950648561162,3.583632877286047,-1.287425365421958,2.17703297347557
51.0,165.0,132.63449096679688,0.5479443307532503,1.4915049366339104,-3.962633557834935,-3.434557513050347,-0.5294494055119336,-0.542783257773751,0.4061124439826367,3.583633584550882,-1.287362823881986,2.176465109677832
51.0,165.0,132.63449096679688,0.5479450754820889,1.4915358671871106,-3.962703613678171,-3.43458928647094,-0.5284934810086279,-0.5427832576912359,0.3955962468310909,3.583606466606041,-1.2853940105912247,2.19910929935755
51.0,165.0,132.63449096679688,0.5480287078407784,1.49153693704238,-3.962633078016185,-3.434557513050347,-0.5299218603500725,-0.5427832487089763,0.4065301790917218,3.583638363681787,-1.287480815620589,2.17524651555813
51.0,165.0,132.63449096679688,0.5479443307532503,1.491508970508232,-3.962633386298077,-3.43061292192912,-0.5299218603500725,-0.5427832483572392,0.4062155360258249,3.583727937536712,-1.287480815620589,2.17433400351874
51.0,165.0,132.63449096679688,0.5479427179272824,1.491516505548138,-3.962633063453896,-3.4319057602288323,-0.5299152232478644,-0.5427832579015284,0.4061391480894828,3.583631553332056,-1.2874515118743466,2.174841645565911
51.0,165.0,132.63449096679688,0.5479492757942637,1.4915049366339104,-3.962635938705654,-3.434590151118167,-0.5284470075192604,-0.5427832575884135,0.4061124439826367,3.5836522024142505,-1.287362823881986,2.176465109677832
51.0,165.0,132.63449096679688,0.5478767663702792,1.491504888380763,-3.962634649641227,-3.434267066648049,-0.5294494055119336,-0.5427832578722989,0.4057089633595337,3.58362152783983,-1.2873928215836266,2.17590508380994
51.0,165.0,132.63449096679688,0.5479443307532503,1.491508016227045,-3.96263341896752,-3.4306258776168965,-0.5299218603500725,-0.5427832483608991,0.4062155360258249,3.5837066775123203,-1.287480815620589,2.17433400351874
51.0,165.0,132.63449096679688,0.5480346334435425,1.4915358671871106,-3.962701904330587,-3.43458928647094,-0.5284934810086279,-0.5427832483834628,0.3955962468310909,3.584020426865266,-1.2853940105912247,2.19910929935755
51.0,165.0,132.63449096679688,0.547937334783623,1.4915100851427567,-3.9627014968146543,-3.429984982496617,-0.5294568977045776,-0.5427832578974818,0.3699162894566278,3.5836336395795687,-1.2875321439894798,2.1750684624434897
51.0,165.0,132.63449096679688,0.5479528646980325,1.491516505548138,-3.962631667565327,-3.426347203262988,-0.5299152232478644,-0.5427832575034213,0.4061526462829934,3.583627555924569,-1.2874515118743466,2.174247113838662
51.0,165.0,132.63449096679688,0.5479443307532503,1.491649059294594,-3.9625711193724378,-3.4319721003301296,-0.5299218603500725,-0.542783257773751,0.4061391480894828,3.583631553332056,-1.287454885568915,2.174841645565911
51.0,165.0,132.63449096679688,0.5479443307532503,1.4915049366339104,-3.962636557231239,-3.434557513050347,-0.5294494055119336,-0.542783257773751,0.4061166314542819,3.583633584550882,-1.287362823881986,2.17590508380994
51.0,165.0,132.63449096679688,0.5478794275128381,1.4915077276054696,-3.9626964198457695,-3.425667844574314,-0.5319093348805342,-0.5427832578724885,0.3954950648561162,3.583631045299375,-1.287425365421958,2.17703297347557
51.0,165.0,132.63449096679688,0.5479029409119693,1.491649059294594,-3.97078966228464,-3.4319721003301296,-0.5299218603500725,-0.542783257773751,0.4061391480894828,3.583631553332056,-1.287454885568915,2.174841645565911
51.0,165.0,132.63449096679688,0.5480346334435425,1.4915358671871106,-3.96270189928064,-3.43458928647094,-0.5284934810086279,-0.5427832486342066,0.3955962468310909,3.584020426865266,-1.2853940105912247,2.19910929935755
51.0,165.0,132.63449096679688,0.5478794275128381,1.4915076700365577,-3.9626964198457695,-3.425667844574314,-0.5319093348805342,-0.5427832578724885,0.3954950648561162,3.583632877286047,-1.287425365421958,2.187722407741337
51.0,165.0,132.63449096679688,0.5479443307532503,1.4915049366339104,-3.962633557834935,-3.434557513050347,-0.5294494055119336,-0.542783257773751,0.4061124439826367,3.583633584550882,-1.287362823881986,2.1764628145926244
51.0,165.0,132.63449096679688,0.5480346334435425,1.4916432903170778,-3.96270189928064,-3.43331655060021,-0.5284934810086279,-0.542783248628836,0.3955962468310909,3.584020426865266,-1.285442448522945,2.199109367311996
51.0,165.0,132.63449096679688,0.5479443307532503,1.4915087974649832,-3.962633557834935,-3.434557513050347,-0.5294251826963321,-0.542783257773751,0.4062124139839728,3.583633584550882,-1.2873631797148324,2.17590508380994
51.0,165.0,132.63449096679688,0.5479443307532503,1.4915089129393202,-3.962567259995982,-3.434557513050347,-0.5299218603500725,-0.542783257773751,0.4061647558031358,3.583633584550882,-1.2855531915315936,2.174841645565911
51.0,165.0,132.63449096679688,0.5478794275128381,1.4915076700365577,-3.9626964198457695,-3.425667844574314,-0.5319093348805342,-0.5427832578724885,0.3954950648561162,3.583632877286047,-1.287425365421958,2.187722407741337
51.0,165.0,132.63449096679688,0.5478639887015218,1.4915073233667324,-3.962697913983248,-3.434433355144841,-0.5316156650281442,-0.542783257874277,0.3951834383186869,3.5840114240270604,-1.2873924461820083,2.1748392698901005
51.0,165.0,132.63449096679688,0.5478838193881604,1.4916432903170778,-3.9627017689909314,-3.433364401013456,-0.5318780090013744,-0.5427832580051262,0.3955962468310909,3.5836141227178184,-1.285442448522945,2.176734911193642
51.0,165.0,132.63449096679688,0.5479445165980213,1.4915358671871106,-3.9627018978629898,-3.43458928647094,-0.5284934810086279,-0.5427832575244437,0.3955962468310909,3.583606466606041,-1.2853940105912247,2.19910929935755
51.0,165.0,132.63449096679688,0.5479043890797272,1.4915127049508188,-3.96271316174888,-3.434498727021493,-0.5294638845808561,-0.5427832578705125,0.3701326336091446,3.5836336395795687,-1.2873903957378316,2.17518710798944
51.0,165.0,132.63449096679688,0.5479427964495454,1.4915100851427567,-3.9626347177334993,-3.425821383789524,-0.5294494055119336,-0.5427832578974818,0.3701326336091446,3.5836328967575364,-1.287425352698748,2.1748392698901005
51.0,165.0,132.63449096679688,0.5478794275128381,1.491504849395638,-3.9626964198457695,-3.425667844574314,-0.5319093348805342,-0.5427832578724885,0.3955521215916638,3.583632905336649,-1.287425365421958,2.187722407741337
51.0,166.0,132.63449096679688,0.5479443307532503,1.4915049366339104,-3.962633557834935,-3.434557513050347,-0.5294494055119336,-0.542783257773751,0.4061124439826367,3.583633584550882,-1.287362823881986,2.17590508380994
51.0,166.0,132.63449096679688,0.5480346334435425,1.4915358671871106,-3.96270189928064,-3.43458928647094,-0.5284934810086279,-0.5427832486342066,0.3955962468310909,3.584020426865266,-1.2853940105912247,2.19910929935755
51.0,166.0,132.63449096679688,0.5479443307532503,1.4915089129393202,-3.962633386298077,-3.434557513050347,-0.5299218603500725,-0.542783257773751,0.406168943274781,3.583633584550882,-1.287480815620589,2.17524651555813
51.0,166.0,132.63449096679688,0.5479443307532503,1.4915089129393202,-3.962570259392286,-3.434557513050347,-0.5299218603500725,-0.542783257773751,0.406168943274781,3.583633584550882,-1.2855531915315936,2.174841645565911
51.0,166.0,132.63449096679688,0.5479443307532503,1.4915049366339104,-3.962633557834935,-3.434557513050347,-0.5294494055119336,-0.542783257773751,0.4061124439826367,3.583633584550882,-1.287362823881986,2.17590508380994
51.0,166.0,132.63449096679688,0.5480346334435425,1.4915358671871106,-3.96270189928064,-3.43458928647094,-0.5284934810086279,-0.5427832486342066,0.3955962468310909,3.584020426865266,-1.2853940105912247,2.19910929935755
51.0,166.0,132.63449096679688,0.5479427964495454,1.4915100851427567,-3.962634388366512,-3.429984982496617,-0.5294494055119336,-0.5427832578974818,0.3701326336091446,3.5836336395795687,-1.2873924461820083,2.1748392698901005
51.0,166.0,132.63449096679688,0.5479443307532503,1.491649059294594,-3.9625711193724378,-3.4319721003301296,-0.5299218603500725,-0.542783257773751,0.4061391480894828,3.583631553332056,-1.287454885568915,2.174841645565911
51.0,166.0,132.63449096679688,0.5479450754820889,1.4915358671871106,-3.962701730588294,-3.43458928647094,-0.5284934810086279,-0.5427832575244437,0.3955962468310909,3.583606466606041,-1.2853940105912247,2.19910929935755
51.0,166.0,132.63449096679688,0.5479443307532503,1.4915049366339104,-3.962633557834935,-3.434557513050347,-0.5294494055119336,-0.542783257773751,0.4061124439826367,3.583633584550882,-1.287362823881986,2.17590508380994
51.0,166.0,132.63449096679688,0.5478794275128381,1.4915073233667324,-3.962634563205784,-3.425667844574314,-0.5316073164320063,-0.542783257874277,0.4079830073726454,3.5840114016237066,-1.2873924461820083,2.1748392698901005
51.0,166.0,132.63449096679688,0.5478794275128381,1.4915077276054696,-3.9626964198457695,-3.425667844574314,-0.5319093348805342,-0.5427832578724885,0.3954950648561162,3.583631056644436,-1.287425365421958,2.17703297347557
51.0,166.0,132.63449096679688,0.5479443307532503,1.4915089129393202,-3.962633386298077,-3.43061292192912,-0.5299218603500725,-0.5427832483572392,0.4062155360258249,3.5837297581783227,-1.287480815620589,2.17433400351874
51.0,166.0,132.63449096679688,0.5479043890797272,1.4915127049508188,-3.962483624971661,-3.429984982496617,-0.5294494055119336,-0.5427832578974818,0.3701326336091446,3.5836336395795687,-1.2873924461820083,2.1748392698901005
51.0,166.0,132.63449096679688,0.5480346334435425,1.4915358671871106,-3.96270189928064,-3.43458928647094,-0.5284934810086279,-0.5427832486342066,0.3955962468310909,3.584020426865266,-1.2853940105912247,2.19910929935755
51.0,166.0,132.63449096679688,0.5479450754820889,1.4915358671871106,-3.962701730588294,-3.43458928647094,-0.5284934810086279,-0.5427832575244437,0.3955962468310909,3.583606466606041,-1.2853940105912247,2.19910929935755
51.0,166.0,132.63449096679688,0.5479443307532503,1.4915089129393202,-3.962634823555003,-3.434557513050347,-0.5299218603500725,-0.542783257773751,0.4061438604334335,3.583638363681787,-1.287480815620589,2.17524651555813
51.0,166.0,132.63449096679688,0.5479427179272824,1.491516505548138,-3.962633063453896,-3.4319057602288323,-0.5299152232478644,-0.5427832579015284,0.4061391480894828,3.583631553332056,-1.2874515118743466,2.174841645565911
51.0,166.0,132.63449096679688,0.5480346334435425,1.4915358671871106,-3.96270189928064,-3.43458928647094,-0.5284934810086279,-0.5427832486342066,0.3955962468310909,3.584020426865266,-1.2853940105912247,2.19910929935755
51.0,166.0,132.63449096679688,0.5479443307532503,1.4915049366339104,-3.962633557834935,-3.434557513050347,-0.5294494055119336,-0.542783257773751,0.4061124439826367,3.583633584550882,-1.287362823881986,2.17590508380994
51.0,166.0,132.63449096679688,0.5480346334435425,1.4915358671871106,-3.96270189928064,-3.43458928647094,-0.5284934810086279,-0.5427832486341615,0.3955962468310909,3.584020426865266,-1.2853940105912247,2.19910929935755
51.0,166.0,132.63449096679688,0.5478794275128381,1.4915076700365577,-3.9626964198457695,-3.425667844574314,-0.5319093348805342,-0.5427832578724885,0.3954950648561162,3.583632877286047,-1.287425365421958,2.17703297347557
51.0,166.0,132.63449096679688,0.5479443307532503,1.4915049366339104,-3.962633557834935,-3.434557513050347,-0.5294494055119336,-0.542783257773751,0.4061124439826367,3.583633584550882,-1.287362823881986,2.176465109677832
51.0,166.0,132.63449096679688,0.5479450754820889,1.4915358671871106,-3.962703613678171,-3.43458928647094,-0.5284934810086279,-0.5427832576912359,0.3955962468310909,3.583606466606041,-1.2853940105912247,2.19910929935755
51.0,166.0,132.63449096679688,0.5480287078407784,1.49153693704238,-3.962633078016185,-3.434557513050347,-0.5299218603500725,-0.5427832487089763,0.4065301790917218,3.583638363681787,-1.287480815620589,2.17524651555813
51.0,166.0,132.63449096679688,0.5479443307532503,1.491508970508232,-3.962633386298077,-3.43061292192912,-0.5299218603500725,-0.5427832483572392,0.4062155360258249,3.583727937536712,-1.287480815620589,2.17433400351874
51.0,166.0,132.63449096679688,0.5479427179272824,1.491516505548138,-3.962633063453896,-3.4319057602288323,-0.5299152232478644,-0.5427832579015284,0.4061391480894828,3.583631553332056,-1.2874515118743466,2.174841645565911
51.0,166.0,132.63449096679688,0.5479492757942637,1.4915049366339104,-3.962635938705654,-3.434590151118167,-0.5284470075192604,-0.5427832575884135,0.4061124439826367,3.5836522024142505,-1.287362823881986,2.176465109677832
51.0,166.0,132.63449096679688,0.5478767663702792,1.491504888380763,-3.962634649641227,-3.434267066648049,-0.5294494055119336,-0.5427832578722989,0.4057089633595337,3.58362152783983,-1.2873928215836266,2.17590508380994
51.0,166.0,132.63449096679688,0.5479443307532503,1.491508016227045,-3.96263341896752,-3.4306258776168965,-0.5299218603500725,-0.5427832483608991,0.4062155360258249,3.5837066775123203,-1.287480815620589,2.17433400351874
51.0,166.0,132.63449096679688,0.5480346334435425,1.4915358671871106,-3.962701904330587,-3.43458928647094,-0.5284934810086279,-0.5427832483834628,0.3955962468310909,3.584020426865266,-1.2853940105912247,2.19910929935755
51.0,166.0,132.63449096679688,0.547937334783623,1.4915100851427567,-3.9627014968146543,-3.429984982496617,-0.5294568977045776,-0.5427832578974818,0.3699162894566278,3.5836336395795687,-1.2875321439894798,2.1750684624434897
51.0,166.0,132.63449096679688,0.5479528646980325,1.491516505548138,-3.962631667565327,-3.426347203262988,-0.5299152232478644,-0.5427832575034213,0.4061526462829934,3.583627555924569,-1.2874515118743466,2.174247113838662
51.0,166.0,132.63449096679688,0.5479443307532503,1.491649059294594,-3.9625711193724378,-3.4319721003301296,-0.5299218603500725,-0.542783257773751,0.4061391480894828,3.583631553332056,-1.287454885568915,2.174841645565911
51.0,166.0,132.63449096679688,0.5479443307532503,1.4915049366339104,-3.962636557231239,-3.434557513050347,-0.5294494055119336,-0.542783257773751,0.4061166314542819,3.583633584550882,-1.287362823881986,2.17590508380994
51.0,166.0,132.63449096679688,0.5478794275128381,1.4915077276054696,-3.9626964198457695,-3.425667844574314,-0.5319093348805342,-0.5427832578724885,0.3954950648561162,3.583631045299375,-1.287425365421958,2.17703297347557
51.0,166.0,132.63449096679688,0.5479029409119693,1.491649059294594,-3.97078966228464,-3.4319721003301296,-0.5299218603500725,-0.542783257773751,0.4061391480894828,3.583631553332056,-1.287454885568915,2.174841645565911
51.0,166.0,132.63449096679688,0.5480346334435425,1.4915358671871106,-3.96270189928064,-3.43458928647094,-0.5284934810086279,-0.5427832486342066,0.3955962468310909,3.584020426865266,-1.2853940105912247,2.19910929935755
51.0,166.0,132.63449096679688,0.5478794275128381,1.4915076700365577,-3.9626964198457695,-3.425667844574314,-0.5319093348805342,-0.5427832578724885,0.3954950648561162,3.583632877286047,-1.287425365421958,2.187722407741337
51.0,166.0,132.63449096679688,0.5479443307532503,1.4915049366339104,-3.962633557834935,-3.434557513050347,-0.5294494055119336,-0.542783257773751,0.4061124439826367,3.583633584550882,-1.287362823881986,2.1764628145926244
51.0,166.0,132.63449096679688,0.5480346334435425,1.4916432903170778,-3.96270189928064,-3.43331655060021,-0.5284934810086279,-0.542783248628836,0.3955962468310909,3.584020426865266,-1.285442448522945,2.199109367311996
51.0,166.0,132.63449096679688,0.5479443307532503,1.4915087974649832,-3.962633557834935,-3.434557513050347,-0.5294251826963321,-0.542783257773751,0.4062124139839728,3.583633584550882,-1.2873631797148324,2.17590508380994
51.0,166.0,132.63449096679688,0.5479443307532503,1.4915089129393202,-3.962567259995982,-3.434557513050347,-0.5299218603500725,-0.542783257773751,0.4061647558031358,3.583633584550882,-1.2855531915315936,2.174841645565911
51.0,166.0,132.63449096679688,0.5478794275128381,1.4915076700365577,-3.9626964198457695,-3.425667844574314,-0.5319093348805342,-0.5427832578724885,0.3954950648561162,3.583632877286047,-1.287425365421958,2.187722407741337
51.0,166.0,132.63449096679688,0.5478639887015218,1.4915073233667324,-3.962697913983248,-3.434433355144841,-0.5316156650281442,-0.542783257874277,0.3951834383186869,3.5840114240270604,-1.2873924461820083,2.1748392698901005
51.0,166.0,132.63449096679688,0.5478838193881604,1.4916432903170778,-3.9627017689909314,-3.433364401013456,-0.5318780090013744,-0.5427832580051262,0.3955962468310909,3.5836141227178184,-1.285442448522945,2.176734911193642
51.0,166.0,132.63449096679688,0.5479445165980213,1.4915358671871106,-3.9627018978629898,-3.43458928647094,-0.5284934810086279,-0.5427832575244437,0.3955962468310909,3.583606466606041,-1.2853940105912247,2.19910929935755
51.0,166.0,132.63449096679688,0.5479043890797272,1.4915127049508188,-3.96271316174888,-3.434498727021493,-0.5294638845808561,-0.5427832578705125,0.3701326336091446,3.5836336395795687,-1.2873903957378316,2.17518710798944
51.0,166.0,132.63449096679688,0.5479427964495454,1.4915100851427567,-3.9626347177334993,-3.425821383789524,-0.5294494055119336,-0.5427832578974818,0.3701326336091446,3.5836328967575364,-1.287425352698748,2.1748392698901005
51.0,166.0,132.63449096679688,0.5478794275128381,1.491504849395638,-3.9626964198457695,-3.425667844574314,-0.5319093348805342,-0.5427832578724885,0.3955521215916638,3.583632905336649,-1.287425365421958,2.187722407741337
51.0,167.0,132.63449096679688,0.5479443307532503,1.4915049366339104,-3.962633557834935,-3.434557513050347,-0.5294494055119336,-0.542783257773751,0.4061124439826367,3.583633584550882,-1.287362823881986,2.17590508380994
51.0,167.0,132.63449096679688,0.5480346334435425,1.4915358671871106,-3.96270189928064,-3.43458928647094,-0.5284934810086279,-0.5427832486342066,0.3955962468310909,3.584020426865266,-1.2853940105912247,2.19910929935755
51.0,167.0,132.63449096679688,0.5479443307532503,1.4915089129393202,-3.962633386298077,-3.434557513050347,-0.5299218603500725,-0.542783257773751,0.406168943274781,3.583633584550882,-1.287480815620589,2.17524651555813
51.0,167.0,132.63449096679688,0.5479443307532503,1.4915089129393202,-3.962570259392286,-3.434557513050347,-0.5299218603500725,-0.542783257773751,0.406168943274781,3.583633584550882,-1.2855531915315936,2.174841645565911
51.0,167.0,132.63449096679688,0.5479443307532503,1.4915049366339104,-3.962633557834935,-3.434557513050347,-0.5294494055119336,-0.542783257773751,0.4061124439826367,3.583633584550882,-1.287362823881986,2.17590508380994
51.0,167.0,132.63449096679688,0.5480346334435425,1.4915358671871106,-3.96270189928064,-3.43458928647094,-0.5284934810086279,-0.5427832486342066,0.3955962468310909,3.584020426865266,-1.2853940105912247,2.19910929935755
51.0,167.0,132.63449096679688,0.5479427964495454,1.4915100851427567,-3.962634388366512,-3.429984982496617,-0.5294494055119336,-0.5427832578974818,0.3701326336091446,3.5836336395795687,-1.2873924461820083,2.1748392698901005
51.0,167.0,132.63449096679688,0.5479443307532503,1.491649059294594,-3.9625711193724378,-3.4319721003301296,-0.5299218603500725,-0.542783257773751,0.4061391480894828,3.583631553332056,-1.287454885568915,2.174841645565911
51.0,167.0,132.63449096679688,0.5479450754820889,1.4915358671871106,-3.962701730588294,-3.43458928647094,-0.5284934810086279,-0.5427832575244437,0.3955962468310909,3.583606466606041,-1.2853940105912247,2.19910929935755
51.0,167.0,132.63449096679688,0.5479443307532503,1.4915049366339104,-3.962633557834935,-3.434557513050347,-0.5294494055119336,-0.542783257773751,0.4061124439826367,3.583633584550882,-1.287362823881986,2.17590508380994
51.0,167.0,132.63449096679688,0.5478794275128381,1.4915073233667324,-3.962634563205784,-3.425667844574314,-0.5316073164320063,-0.542783257874277,0.4079830073726454,3.5840114016237066,-1.2873924461820083,2.1748392698901005
51.0,167.0,132.63449096679688,0.5478794275128381,1.4915077276054696,-3.9626964198457695,-3.425667844574314,-0.5319093348805342,-0.5427832578724885,0.3954950648561162,3.583631056644436,-1.287425365421958,2.17703297347557
51.0,167.0,132.63449096679688,0.5479443307532503,1.4915089129393202,-3.962633386298077,-3.43061292192912,-0.5299218603500725,-0.5427832483572392,0.4062155360258249,3.5837297581783227,-1.287480815620589,2.17433400351874
51.0,167.0,132.63449096679688,0.5479043890797272,1.4915127049508188,-3.962483624971661,-3.429984982496617,-0.5294494055119336,-0.5427832578974818,0.3701326336091446,3.5836336395795687,-1.2873924461820083,2.1748392698901005
51.0,167.0,132.63449096679688,0.5480346334435425,1.4915358671871106,-3.96270189928064,-3.43458928647094,-0.5284934810086279,-0.5427832486342066,0.3955962468310909,3.584020426865266,-1.2853940105912247,2.19910929935755
51.0,167.0,132.63449096679688,0.5479450754820889,1.4915358671871106,-3.962701730588294,-3.43458928647094,-0.5284934810086279,-0.5427832575244437,0.3955962468310909,3.583606466606041,-1.2853940105912247,2.19910929935755
51.0,167.0,132.63449096679688,0.5479443307532503,1.4915089129393202,-3.962634823555003,-3.434557513050347,-0.5299218603500725,-0.542783257773751,0.4061438604334335,3.583638363681787,-1.287480815620589,2.17524651555813
51.0,167.0,132.63449096679688,0.5479427179272824,1.491516505548138,-3.962633063453896,-3.4319057602288323,-0.5299152232478644,-0.5427832579015284,0.4061391480894828,3.583631553332056,-1.2874515118743466,2.174841645565911
51.0,167.0,132.63449096679688,0.5480346334435425,1.4915358671871106,-3.96270189928064,-3.43458928647094,-0.5284934810086279,-0.5427832486342066,0.3955962468310909,3.584020426865266,-1.2853940105912247,2.19910929935755
51.0,167.0,132.63449096679688,0.5479443307532503,1.4915049366339104,-3.962633557834935,-3.434557513050347,-0.5294494055119336,-0.542783257773751,0.4061124439826367,3.583633584550882,-1.287362823881986,2.17590508380994
51.0,167.0,132.63449096679688,0.5480346334435425,1.4915358671871106,-3.96270189928064,-3.43458928647094,-0.5284934810086279,-0.5427832486341615,0.3955962468310909,3.584020426865266,-1.2853940105912247,2.19910929935755
51.0,167.0,132.63449096679688,0.5478794275128381,1.4915076700365577,-3.9626964198457695,-3.425667844574314,-0.5319093348805342,-0.5427832578724885,0.3954950648561162,3.583632877286047,-1.287425365421958,2.17703297347557
51.0,167.0,132.63449096679688,0.5479443307532503,1.4915049366339104,-3.962633557834935,-3.434557513050347,-0.5294494055119336,-0.542783257773751,0.4061124439826367,3.583633584550882,-1.287362823881986,2.176465109677832
51.0,167.0,132.63449096679688,0.5479450754820889,1.4915358671871106,-3.962703613678171,-3.43458928647094,-0.5284934810086279,-0.5427832576912359,0.3955962468310909,3.583606466606041,-1.2853940105912247,2.19910929935755
51.0,167.0,132.63449096679688,0.5480287078407784,1.49153693704238,-3.962633078016185,-3.434557513050347,-0.5299218603500725,-0.5427832487089763,0.4065301790917218,3.583638363681787,-1.287480815620589,2.17524651555813
51.0,167.0,132.63449096679688,0.5479443307532503,1.491508970508232,-3.962633386298077,-3.43061292192912,-0.5299218603500725,-0.5427832483572392,0.4062155360258249,3.583727937536712,-1.287480815620589,2.17433400351874
51.0,167.0,132.63449096679688,0.5479427179272824,1.491516505548138,-3.962633063453896,-3.4319057602288323,-0.5299152232478644,-0.5427832579015284,0.4061391480894828,3.583631553332056,-1.2874515118743466,2.174841645565911
51.0,167.0,132.63449096679688,0.5479492757942637,1.4915049366339104,-3.962635938705654,-3.434590151118167,-0.5284470075192604,-0.5427832575884135,0.4061124439826367,3.5836522024142505,-1.287362823881986,2.176465109677832
51.0,167.0,132.63449096679688,0.5478767663702792,1.491504888380763,-3.962634649641227,-3.434267066648049,-0.5294494055119336,-0.5427832578722989,0.4057089633595337,3.58362152783983,-1.2873928215836266,2.17590508380994
51.0,167.0,132.63449096679688,0.5479443307532503,1.491508016227045,-3.96263341896752,-3.4306258776168965,-0.5299218603500725,-0.5427832483608991,0.4062155360258249,3.5837066775123203,-1.287480815620589,2.17433400351874
51.0,167.0,132.63449096679688,0.5480346334435425,1.4915358671871106,-3.962701904330587,-3.43458928647094,-0.5284934810086279,-0.5427832483834628,0.3955962468310909,3.584020426865266,-1.2853940105912247,2.19910929935755
51.0,167.0,132.63449096679688,0.547937334783623,1.4915100851427567,-3.9627014968146543,-3.429984982496617,-0.5294568977045776,-0.5427832578974818,0.3699162894566278,3.5836336395795687,-1.2875321439894798,2.1750684624434897
51.0,167.0,132.63449096679688,0.5479528646980325,1.491516505548138,-3.962631667565327,-3.426347203262988,-0.5299152232478644,-0.5427832575034213,0.4061526462829934,3.583627555924569,-1.2874515118743466,2.174247113838662
51.0,167.0,132.63449096679688,0.5479443307532503,1.491649059294594,-3.9625711193724378,-3.4319721003301296,-0.5299218603500725,-0.542783257773751,0.4061391480894828,3.583631553332056,-1.287454885568915,2.174841645565911
51.0,167.0,132.63449096679688,0.5479443307532503,1.4915049366339104,-3.962636557231239,-3.434557513050347,-0.5294494055119336,-0.542783257773751,0.4061166314542819,3.583633584550882,-1.287362823881986,2.17590508380994
51.0,167.0,132.63449096679688,0.5478794275128381,1.4915077276054696,-3.9626964198457695,-3.425667844574314,-0.5319093348805342,-0.5427832578724885,0.3954950648561162,3.583631045299375,-1.287425365421958,2.17703297347557
51.0,167.0,132.63449096679688,0.5479029409119693,1.491649059294594,-3.97078966228464,-3.4319721003301296,-0.5299218603500725,-0.542783257773751,0.4061391480894828,3.583631553332056,-1.287454885568915,2.174841645565911
51.0,167.0,132.63449096679688,0.5480346334435425,1.4915358671871106,-3.96270189928064,-3.43458928647094,-0.5284934810086279,-0.5427832486342066,0.3955962468310909,3.584020426865266,-1.2853940105912247,2.19910929935755
51.0,167.0,132.63449096679688,0.5478794275128381,1.4915076700365577,-3.9626964198457695,-3.425667844574314,-0.5319093348805342,-0.5427832578724885,0.3954950648561162,3.583632877286047,-1.287425365421958,2.187722407741337
51.0,167.0,132.63449096679688,0.5479443307532503,1.4915049366339104,-3.962633557834935,-3.434557513050347,-0.5294494055119336,-0.542783257773751,0.4061124439826367,3.583633584550882,-1.287362823881986,2.1764628145926244
51.0,167.0,132.63449096679688,0.5480346334435425,1.4916432903170778,-3.96270189928064,-3.43331655060021,-0.5284934810086279,-0.542783248628836,0.3955962468310909,3.584020426865266,-1.285442448522945,2.199109367311996
51.0,167.0,132.63449096679688,0.5479443307532503,1.4915087974649832,-3.962633557834935,-3.434557513050347,-0.5294251826963321,-0.542783257773751,0.4062124139839728,3.583633584550882,-1.2873631797148324,2.17590508380994
51.0,167.0,132.63449096679688,0.5479443307532503,1.4915089129393202,-3.962567259995982,-3.434557513050347,-0.5299218603500725,-0.542783257773751,0.4061647558031358,3.583633584550882,-1.2855531915315936,2.174841645565911
51.0,167.0,132.63449096679688,0.5478794275128381,1.4915076700365577,-3.9626964198457695,-3.425667844574314,-0.5319093348805342,-0.5427832578724885,0.3954950648561162,3.583632877286047,-1.287425365421958,2.187722407741337
51.0,167.0,132.63449096679688,0.5478639887015218,1.4915073233667324,-3.962697913983248,-3.434433355144841,-0.5316156650281442,-0.542783257874277,0.3951834383186869,3.5840114240270604,-1.2873924461820083,2.1748392698901005
51.0,167.0,132.63449096679688,0.5478838193881604,1.4916432903170778,-3.9627017689909314,-3.433364401013456,-0.5318780090013744,-0.5427832580051262,0.3955962468310909,3.5836141227178184,-1.285442448522945,2.176734911193642
51.0,167.0,132.63449096679688,0.5479445165980213,1.4915358671871106,-3.9627018978629898,-3.43458928647094,-0.5284934810086279,-0.5427832575244437,0.3955962468310909,3.583606466606041,-1.2853940105912247,2.19910929935755
51.0,167.0,132.63449096679688,0.5479043890797272,1.4915127049508188,-3.96271316174888,-3.434498727021493,-0.5294638845808561,-0.5427832578705125,0.3701326336091446,3.5836336395795687,-1.2873903957378316,2.17518710798944
51.0,167.0,132.63449096679688,0.5479427964495454,1.4915100851427567,-3.9626347177334993,-3.425821383789524,-0.5294494055119336,-0.5427832578974818,0.3701326336091446,3.5836328967575364,-1.287425352698748,2.1748392698901005
51.0,167.0,132.63449096679688,0.5478794275128381,1.491504849395638,-3.9626964198457695,-3.425667844574314,-0.5319093348805342,-0.5427832578724885,0.3955521215916638,3.583632905336649,-1.287425365421958,2.187722407741337
51.0,168.0,132.63449096679688,0.5479443307532503,1.4915049366339104,-3.962633557834935,-3.434557513050347,-0.5294494055119336,-0.542783257773751,0.4061124439826367,3.583633584550882,-1.287362823881986,2.17590508380994
51.0,168.0,132.63449096679688,0.5480346334435425,1.4915358671871106,-3.96270189928064,-3.43458928647094,-0.5284934810086279,-0.5427832486342066,0.3955962468310909,3.584020426865266,-1.2853940105912247,2.19910929935755
51.0,168.0,132.63449096679688,0.5479443307532503,1.4915089129393202,-3.962633386298077,-3.434557513050347,-0.5299218603500725,-0.542783257773751,0.406168943274781,3.583633584550882,-1.287480815620589,2.17524651555813
51.0,168.0,132.63449096679688,0.5479443307532503,1.4915089129393202,-3.962570259392286,-3.434557513050347,-0.5299218603500725,-0.542783257773751,0.406168943274781,3.583633584550882,-1.2855531915315936,2.174841645565911
51.0,168.0,132.63449096679688,0.5479443307532503,1.4915049366339104,-3.962633557834935,-3.434557513050347,-0.5294494055119336,-0.542783257773751,0.4061124439826367,3.583633584550882,-1.287362823881986,2.17590508380994
51.0,168.0,132.63449096679688,0.5480346334435425,1.4915358671871106,-3.96270189928064,-3.43458928647094,-0.5284934810086279,-0.5427832486342066,0.3955962468310909,3.584020426865266,-1.2853940105912247,2.19910929935755
51.0,168.0,132.63449096679688,0.5479427964495454,1.4915100851427567,-3.962634388366512,-3.429984982496617,-0.5294494055119336,-0.5427832578974818,0.3701326336091446,3.5836336395795687,-1.2873924461820083,2.1748392698901005
51.0,168.0,132.63449096679688,0.5479443307532503,1.491649059294594,-3.9625711193724378,-3.4319721003301296,-0.5299218603500725,-0.542783257773751,0.4061391480894828,3.583631553332056,-1.287454885568915,2.174841645565911
51.0,168.0,132.63449096679688,0.5479450754820889,1.4915358671871106,-3.962701730588294,-3.43458928647094,-0.5284934810086279,-0.5427832575244437,0.3955962468310909,3.583606466606041,-1.2853940105912247,2.19910929935755
51.0,168.0,132.63449096679688,0.5479443307532503,1.4915049366339104,-3.962633557834935,-3.434557513050347,-0.5294494055119336,-0.542783257773751,0.4061124439826367,3.583633584550882,-1.287362823881986,2.17590508380994
51.0,168.0,132.63449096679688,0.5478794275128381,1.4915073233667324,-3.962634563205784,-3.425667844574314,-0.5316073164320063,-0.542783257874277,0.4079830073726454,3.5840114016237066,-1.2873924461820083,2.1748392698901005
51.0,168.0,132.63449096679688,0.5478794275128381,1.4915077276054696,-3.9626964198457695,-3.425667844574314,-0.5319093348805342,-0.5427832578724885,0.3954950648561162,3.583631056644436,-1.287425365421958,2.17703297347557
51.0,168.0,132.63449096679688,0.5479443307532503,1.4915089129393202,-3.962633386298077,-3.43061292192912,-0.5299218603500725,-0.5427832483572392,0.4062155360258249,3.5837297581783227,-1.287480815620589,2.17433400351874
51.0,168.0,132.63449096679688,0.5479043890797272,1.4915127049508188,-3.962483624971661,-3.429984982496617,-0.5294494055119336,-0.5427832578974818,0.3701326336091446,3.5836336395795687,-1.2873924461820083,2.1748392698901005
51.0,168.0,132.63449096679688,0.5480346334435425,1.4915358671871106,-3.96270189928064,-3.43458928647094,-0.5284934810086279,-0.5427832486342066,0.3955962468310909,3.584020426865266,-1.2853940105912247,2.19910929935755
51.0,168.0,132.63449096679688,0.5479450754820889,1.4915358671871106,-3.962701730588294,-3.43458928647094,-0.5284934810086279,-0.5427832575244437,0.3955962468310909,3.583606466606041,-1.2853940105912247,2.19910929935755
51.0,168.0,132.63449096679688,0.5479443307532503,1.4915089129393202,-3.962634823555003,-3.434557513050347,-0.5299218603500725,-0.542783257773751,0.4061438604334335,3.583638363681787,-1.287480815620589,2.17524651555813
51.0,168.0,132.63449096679688,0.5479427179272824,1.491516505548138,-3.962633063453896,-3.4319057602288323,-0.5299152232478644,-0.5427832579015284,0.4061391480894828,3.583631553332056,-1.2874515118743466,2.174841645565911
51.0,168.0,132.63449096679688,0.5480346334435425,1.4915358671871106,-3.96270189928064,-3.43458928647094,-0.5284934810086279,-0.5427832486342066,0.3955962468310909,3.584020426865266,-1.2853940105912247,2.19910929935755
51.0,168.0,132.63449096679688,0.5479443307532503,1.4915049366339104,-3.962633557834935,-3.434557513050347,-0.5294494055119336,-0.542783257773751,0.4061124439826367,3.583633584550882,-1.287362823881986,2.17590508380994
51.0,168.0,132.63449096679688,0.5480346334435425,1.4915358671871106,-3.96270189928064,-3.43458928647094,-0.5284934810086279,-0.5427832486341615,0.3955962468310909,3.584020426865266,-1.2853940105912247,2.19910929935755
51.0,168.0,132.63449096679688,0.5478794275128381,1.4915076700365577,-3.9626964198457695,-3.425667844574314,-0.5319093348805342,-0.5427832578724885,0.3954950648561162,3.583632877286047,-1.287425365421958,2.17703297347557
51.0,168.0,132.63449096679688,0.5479443307532503,1.4915049366339104,-3.962633557834935,-3.434557513050347,-0.5294494055119336,-0.542783257773751,0.4061124439826367,3.583633584550882,-1.287362823881986,2.176465109677832
51.0,168.0,132.63449096679688,0.5479450754820889,1.4915358671871106,-3.962703613678171,-3.43458928647094,-0.5284934810086279,-0.5427832576912359,0.3955962468310909,3.583606466606041,-1.2853940105912247,2.19910929935755
51.0,168.0,132.63449096679688,0.5480287078407784,1.49153693704238,-3.962633078016185,-3.434557513050347,-0.5299218603500725,-0.5427832487089763,0.4065301790917218,3.583638363681787,-1.287480815620589,2.17524651555813
51.0,168.0,132.63449096679688,0.5479443307532503,1.491508970508232,-3.962633386298077,-3.43061292192912,-0.5299218603500725,-0.5427832483572392,0.4062155360258249,3.583727937536712,-1.287480815620589,2.17433400351874
51.0,168.0,132.63449096679688,0.5479427179272824,1.491516505548138,-3.962633063453896,-3.4319057602288323,-0.5299152232478644,-0.5427832579015284,0.4061391480894828,3.583631553332056,-1.2874515118743466,2.174841645565911
51.0,168.0,132.63449096679688,0.5479492757942637,1.4915049366339104,-3.962635938705654,-3.434590151118167,-0.5284470075192604,-0.5427832575884135,0.4061124439826367,3.5836522024142505,-1.287362823881986,2.176465109677832
51.0,168.0,132.63449096679688,0.5478767663702792,1.491504888380763,-3.962634649641227,-3.434267066648049,-0.5294494055119336,-0.5427832578722989,0.4057089633595337,3.58362152783983,-1.2873928215836266,2.17590508380994
51.0,168.0,132.63449096679688,0.5479443307532503,1.491508016227045,-3.96263341896752,-3.4306258776168965,-0.5299218603500725,-0.5427832483608991,0.4062155360258249,3.5837066775123203,-1.287480815620589,2.17433400351874
51.0,168.0,132.63449096679688,0.5480346334435425,1.4915358671871106,-3.962701904330587,-3.43458928647094,-0.5284934810086279,-0.5427832483834628,0.3955962468310909,3.584020426865266,-1.2853940105912247,2.19910929935755
51.0,168.0,132.63449096679688,0.547937334783623,1.4915100851427567,-3.9627014968146543,-3.429984982496617,-0.5294568977045776,-0.5427832578974818,0.3699162894566278,3.5836336395795687,-1.2875321439894798,2.1750684624434897
51.0,168.0,132.63449096679688,0.5479528646980325,1.491516505548138,-3.962631667565327,-3.426347203262988,-0.5299152232478644,-0.5427832575034213,0.4061526462829934,3.583627555924569,-1.2874515118743466,2.174247113838662
51.0,168.0,132.63449096679688,0.5479443307532503,1.491649059294594,-3.9625711193724378,-3.4319721003301296,-0.5299218603500725,-0.542783257773751,0.4061391480894828,3.583631553332056,-1.287454885568915,2.174841645565911
51.0,168.0,132.63449096679688,0.5479443307532503,1.4915049366339104,-3.962636557231239,-3.434557513050347,-0.5294494055119336,-0.542783257773751,0.4061166314542819,3.583633584550882,-1.287362823881986,2.17590508380994
51.0,168.0,132.63449096679688,0.5478794275128381,1.4915077276054696,-3.9626964198457695,-3.425667844574314,-0.5319093348805342,-0.5427832578724885,0.3954950648561162,3.583631045299375,-1.287425365421958,2.17703297347557
51.0,168.0,132.63449096679688,0.5479029409119693,1.491649059294594,-3.97078966228464,-3.4319721003301296,-0.5299218603500725,-0.542783257773751,0.4061391480894828,3.583631553332056,-1.287454885568915,2.174841645565911
51.0,168.0,132.63449096679688,0.5480346334435425,1.4915358671871106,-3.96270189928064,-3.43458928647094,-0.5284934810086279,-0.5427832486342066,0.3955962468310909,3.584020426865266,-1.2853940105912247,2.19910929935755
51.0,168.0,132.63449096679688,0.5478794275128381,1.4915076700365577,-3.9626964198457695,-3.425667844574314,-0.5319093348805342,-0.5427832578724885,0.3954950648561162,3.583632877286047,-1.287425365421958,2.187722407741337
51.0,168.0,132.63449096679688,0.5479443307532503,1.4915049366339104,-3.962633557834935,-3.434557513050347,-0.5294494055119336,-0.542783257773751,0.4061124439826367,3.583633584550882,-1.287362823881986,2.1764628145926244
51.0,168.0,132.63449096679688,0.5480346334435425,1.4916432903170778,-3.96270189928064,-3.43331655060021,-0.5284934810086279,-0.542783248628836,0.3955962468310909,3.584020426865266,-1.285442448522945,2.199109367311996
51.0,168.0,132.63449096679688,0.5479443307532503,1.4915087974649832,-3.962633557834935,-3.434557513050347,-0.5294251826963321,-0.542783257773751,0.4062124139839728,3.583633584550882,-1.2873631797148324,2.17590508380994
51.0,168.0,132.63449096679688,0.5479443307532503,1.4915089129393202,-3.962567259995982,-3.434557513050347,-0.5299218603500725,-0.542783257773751,0.4061647558031358,3.583633584550882,-1.2855531915315936,2.174841645565911
51.0,168.0,132.63449096679688,0.5478794275128381,1.4915076700365577,-3.9626964198457695,-3.425667844574314,-0.5319093348805342,-0.5427832578724885,0.3954950648561162,3.583632877286047,-1.287425365421958,2.187722407741337
51.0,168.0,132.63449096679688,0.5478639887015218,1.4915073233667324,-3.962697913983248,-3.434433355144841,-0.5316156650281442,-0.542783257874277,0.3951834383186869,3.5840114240270604,-1.2873924461820083,2.1748392698901005
51.0,168.0,132.63449096679688,0.5478838193881604,1.4916432903170778,-3.9627017689909314,-3.433364401013456,-0.5318780090013744,-0.5427832580051262,0.3955962468310909,3.5836141227178184,-1.285442448522945,2.176734911193642
51.0,168.0,132.63449096679688,0.5479445165980213,1.4915358671871106,-3.9627018978629898,-3.43458928647094,-0.5284934810086279,-0.5427832575244437,0.3955962468310909,3.583606466606041,-1.2853940105912247,2.19910929935755
51.0,168.0,132.63449096679688,0.5479043890797272,1.4915127049508188,-3.96271316174888,-3.434498727021493,-0.5294638845808561,-0.5427832578705125,0.3701326336091446,3.5836336395795687,-1.2873903957378316,2.17518710798944
51.0,168.0,132.63449096679688,0.5479427964495454,1.4915100851427567,-3.9626347177334993,-3.425821383789524,-0.5294494055119336,-0.5427832578974818,0.3701326336091446,3.5836328967575364,-1.287425352698748,2.1748392698901005
51.0,168.0,132.63449096679688,0.5478794275128381,1.491504849395638,-3.9626964198457695,-3.425667844574314,-0.5319093348805342,-0.5427832578724885,0.3955521215916638,3.583632905336649,-1.287425365421958,2.187722407741337
51.0,169.0,132.62808227539062,0.5478948821106959,1.4915126322271512,-4.018565007985094,-3.429984982496617,-0.5849024594135139,-0.5427832579015086,0.3701326336091446,3.5836336395795687,-1.287454054547188,2.1748392698901005
51.0,169.0,132.63449096679688,0.5479443307532503,1.4915049366339104,-3.962633557834935,-3.434557513050347,-0.5294494055119336,-0.542783257773751,0.4061124439826367,3.583633584550882,-1.287362823881986,2.17590508380994
51.0,169.0,132.63449096679688,0.5480346334435425,1.4915358671871106,-3.96270189928064,-3.43458928647094,-0.5284934810086279,-0.5427832486342066,0.3955962468310909,3.584020426865266,-1.2853940105912247,2.19910929935755
51.0,169.0,132.63449096679688,0.5479443307532503,1.4915089129393202,-3.962633386298077,-3.434557513050347,-0.5299218603500725,-0.542783257773751,0.406168943274781,3.583633584550882,-1.287480815620589,2.17524651555813
51.0,169.0,132.63449096679688,0.5479443307532503,1.4915089129393202,-3.962570259392286,-3.434557513050347,-0.5299218603500725,-0.542783257773751,0.406168943274781,3.583633584550882,-1.2855531915315936,2.174841645565911
51.0,169.0,132.63449096679688,0.5479443307532503,1.4915049366339104,-3.962633557834935,-3.434557513050347,-0.5294494055119336,-0.542783257773751,0.4061124439826367,3.583633584550882,-1.287362823881986,2.17590508380994
51.0,169.0,132.63449096679688,0.5480346334435425,1.4915358671871106,-3.96270189928064,-3.43458928647094,-0.5284934810086279,-0.5427832486342066,0.3955962468310909,3.584020426865266,-1.2853940105912247,2.19910929935755
51.0,169.0,132.63449096679688,0.5479427964495454,1.4915100851427567,-3.962634388366512,-3.429984982496617,-0.5294494055119336,-0.5427832578974818,0.3701326336091446,3.5836336395795687,-1.2873924461820083,2.1748392698901005
51.0,169.0,132.63449096679688,0.5479443307532503,1.491649059294594,-3.9625711193724378,-3.4319721003301296,-0.5299218603500725,-0.542783257773751,0.4061391480894828,3.583631553332056,-1.287454885568915,2.174841645565911
51.0,169.0,132.63449096679688,0.5479450754820889,1.4915358671871106,-3.962701730588294,-3.43458928647094,-0.5284934810086279,-0.5427832575244437,0.3955962468310909,3.583606466606041,-1.2853940105912247,2.19910929935755
51.0,169.0,132.63449096679688,0.5479443307532503,1.4915049366339104,-3.962633557834935,-3.434557513050347,-0.5294494055119336,-0.542783257773751,0.4061124439826367,3.583633584550882,-1.287362823881986,2.17590508380994
51.0,169.0,132.63449096679688,0.5478794275128381,1.4915073233667324,-3.962634563205784,-3.425667844574314,-0.5316073164320063,-0.542783257874277,0.4079830073726454,3.5840114016237066,-1.2873924461820083,2.1748392698901005
51.0,169.0,132.63449096679688,0.5478794275128381,1.4915077276054696,-3.9626964198457695,-3.425667844574314,-0.5319093348805342,-0.5427832578724885,0.3954950648561162,3.583631056644436,-1.287425365421958,2.17703297347557
51.0,169.0,132.63449096679688,0.5479443307532503,1.4915089129393202,-3.962633386298077,-3.43061292192912,-0.5299218603500725,-0.5427832483572392,0.4062155360258249,3.5837297581783227,-1.287480815620589,2.17433400351874
51.0,169.0,132.63449096679688,0.5479043890797272,1.4915127049508188,-3.962483624971661,-3.429984982496617,-0.5294494055119336,-0.5427832578974818,0.3701326336091446,3.5836336395795687,-1.2873924461820083,2.1748392698901005
51.0,169.0,132.63449096679688,0.5480346334435425,1.4915358671871106,-3.96270189928064,-3.43458928647094,-0.5284934810086279,-0.5427832486342066,0.3955962468310909,3.584020426865266,-1.2853940105912247,2.19910929935755
51.0,169.0,132.63449096679688,0.5479450754820889,1.4915358671871106,-3.962701730588294,-3.43458928647094,-0.5284934810086279,-0.5427832575244437,0.3955962468310909,3.583606466606041,-1.2853940105912247,2.19910929935755
51.0,169.0,132.63449096679688,0.5479443307532503,1.4915089129393202,-3.962634823555003,-3.434557513050347,-0.5299218603500725,-0.542783257773751,0.4061438604334335,3.583638363681787,-1.287480815620589,2.17524651555813
51.0,169.0,132.63449096679688,0.5479427179272824,1.491516505548138,-3.962633063453896,-3.4319057602288323,-0.5299152232478644,-0.5427832579015284,0.4061391480894828,3.583631553332056,-1.2874515118743466,2.174841645565911
51.0,169.0,132.63449096679688,0.5480346334435425,1.4915358671871106,-3.96270189928064,-3.43458928647094,-0.5284934810086279,-0.5427832486342066,0.3955962468310909,3.584020426865266,-1.2853940105912247,2.19910929935755
51.0,169.0,132.63449096679688,0.5479443307532503,1.4915049366339104,-3.962633557834935,-3.434557513050347,-0.5294494055119336,-0.542783257773751,0.4061124439826367,3.583633584550882,-1.287362823881986,2.17590508380994
51.0,169.0,132.63449096679688,0.5480346334435425,1.4915358671871106,-3.96270189928064,-3.43458928647094,-0.5284934810086279,-0.5427832486341615,0.3955962468310909,3.584020426865266,-1.2853940105912247,2.19910929935755
51.0,169.0,132.63449096679688,0.5478794275128381,1.4915076700365577,-3.9626964198457695,-3.425667844574314,-0.5319093348805342,-0.5427832578724885,0.3954950648561162,3.583632877286047,-1.287425365421958,2.17703297347557
51.0,169.0,132.63449096679688,0.5479443307532503,1.4915049366339104,-3.962633557834935,-3.434557513050347,-0.5294494055119336,-0.542783257773751,0.4061124439826367,3.583633584550882,-1.287362823881986,2.176465109677832
51.0,169.0,132.63449096679688,0.5479450754820889,1.4915358671871106,-3.962703613678171,-3.43458928647094,-0.5284934810086279,-0.5427832576912359,0.3955962468310909,3.583606466606041,-1.2853940105912247,2.19910929935755
51.0,169.0,132.63449096679688,0.5480287078407784,1.49153693704238,-3.962633078016185,-3.434557513050347,-0.5299218603500725,-0.5427832487089763,0.4065301790917218,3.583638363681787,-1.287480815620589,2.17524651555813
51.0,169.0,132.63449096679688,0.5479443307532503,1.491508970508232,-3.962633386298077,-3.43061292192912,-0.5299218603500725,-0.5427832483572392,0.4062155360258249,3.583727937536712,-1.287480815620589,2.17433400351874
51.0,169.0,132.63449096679688,0.5479427179272824,1.491516505548138,-3.962633063453896,-3.4319057602288323,-0.5299152232478644,-0.5427832579015284,0.4061391480894828,3.583631553332056,-1.2874515118743466,2.174841645565911
51.0,169.0,132.63449096679688,0.5479492757942637,1.4915049366339104,-3.962635938705654,-3.434590151118167,-0.5284470075192604,-0.5427832575884135,0.4061124439826367,3.5836522024142505,-1.287362823881986,2.176465109677832
51.0,169.0,132.63449096679688,0.5478767663702792,1.491504888380763,-3.962634649641227,-3.434267066648049,-0.5294494055119336,-0.5427832578722989,0.4057089633595337,3.58362152783983,-1.2873928215836266,2.17590508380994
51.0,169.0,132.63449096679688,0.5479443307532503,1.491508016227045,-3.96263341896752,-3.4306258776168965,-0.5299218603500725,-0.5427832483608991,0.4062155360258249,3.5837066775123203,-1.287480815620589,2.17433400351874
51.0,169.0,132.63449096679688,0.5480346334435425,1.4915358671871106,-3.962701904330587,-3.43458928647094,-0.5284934810086279,-0.5427832483834628,0.3955962468310909,3.584020426865266,-1.2853940105912247,2.19910929935755
51.0,169.0,132.63449096679688,0.547937334783623,1.4915100851427567,-3.9627014968146543,-3.429984982496617,-0.5294568977045776,-0.5427832578974818,0.3699162894566278,3.5836336395795687,-1.2875321439894798,2.1750684624434897
51.0,169.0,132.63449096679688,0.5479528646980325,1.491516505548138,-3.962631667565327,-3.426347203262988,-0.5299152232478644,-0.5427832575034213,0.4061526462829934,3.583627555924569,-1.2874515118743466,2.174247113838662
51.0,169.0,132.63449096679688,0.5479443307532503,1.491649059294594,-3.9625711193724378,-3.4319721003301296,-0.5299218603500725,-0.542783257773751,0.4061391480894828,3.583631553332056,-1.287454885568915,2.174841645565911
51.0,169.0,132.63449096679688,0.5479443307532503,1.4915049366339104,-3.962636557231239,-3.434557513050347,-0.5294494055119336,-0.542783257773751,0.4061166314542819,3.583633584550882,-1.287362823881986,2.17590508380994
51.0,169.0,132.63449096679688,0.5478794275128381,1.4915077276054696,-3.9626964198457695,-3.425667844574314,-0.5319093348805342,-0.5427832578724885,0.3954950648561162,3.583631045299375,-1.287425365421958,2.17703297347557
51.0,169.0,132.63449096679688,0.5479029409119693,1.491649059294594,-3.97078966228464,-3.4319721003301296,-0.5299218603500725,-0.542783257773751,0.4061391480894828,3.583631553332056,-1.287454885568915,2.174841645565911
51.0,169.0,132.63449096679688,0.5480346334435425,1.4915358671871106,-3.96270189928064,-3.43458928647094,-0.5284934810086279,-0.5427832486342066,0.3955962468310909,3.584020426865266,-1.2853940105912247,2.19910929935755
51.0,169.0,132.63449096679688,0.5478794275128381,1.4915076700365577,-3.9626964198457695,-3.425667844574314,-0.5319093348805342,-0.5427832578724885,0.3954950648561162,3.583632877286047,-1.287425365421958,2.187722407741337
51.0,169.0,132.63449096679688,0.5479443307532503,1.4915049366339104,-3.962633557834935,-3.434557513050347,-0.5294494055119336,-0.542783257773751,0.4061124439826367,3.583633584550882,-1.287362823881986,2.1764628145926244
51.0,169.0,132.63449096679688,0.5480346334435425,1.4916432903170778,-3.96270189928064,-3.43331655060021,-0.5284934810086279,-0.542783248628836,0.3955962468310909,3.584020426865266,-1.285442448522945,2.199109367311996
51.0,169.0,132.63449096679688,0.5479443307532503,1.4915087974649832,-3.962633557834935,-3.434557513050347,-0.5294251826963321,-0.542783257773751,0.4062124139839728,3.583633584550882,-1.2873631797148324,2.17590508380994
51.0,169.0,132.63449096679688,0.5479443307532503,1.4915089129393202,-3.962567259995982,-3.434557513050347,-0.5299218603500725,-0.542783257773751,0.4061647558031358,3.583633584550882,-1.2855531915315936,2.174841645565911
51.0,169.0,132.63449096679688,0.5478794275128381,1.4915076700365577,-3.9626964198457695,-3.425667844574314,-0.5319093348805342,-0.5427832578724885,0.3954950648561162,3.583632877286047,-1.287425365421958,2.187722407741337
51.0,169.0,132.63449096679688,0.5478639887015218,1.4915073233667324,-3.962697913983248,-3.434433355144841,-0.5316156650281442,-0.542783257874277,0.3951834383186869,3.5840114240270604,-1.2873924461820083,2.1748392698901005
51.0,169.0,132.63449096679688,0.5478838193881604,1.4916432903170778,-3.9627017689909314,-3.433364401013456,-0.5318780090013744,-0.5427832580051262,0.3955962468310909,3.5836141227178184,-1.285442448522945,2.176734911193642
51.0,169.0,132.63449096679688,0.5479445165980213,1.4915358671871106,-3.9627018978629898,-3.43458928647094,-0.5284934810086279,-0.5427832575244437,0.3955962468310909,3.583606466606041,-1.2853940105912247,2.19910929935755
51.0,169.0,132.63449096679688,0.5479043890797272,1.4915127049508188,-3.96271316174888,-3.434498727021493,-0.5294638845808561,-0.5427832578705125,0.3701326336091446,3.5836336395795687,-1.2873903957378316,2.17518710798944
51.0,169.0,132.63449096679688,0.5479427964495454,1.4915100851427567,-3.9626347177334993,-3.425821383789524,-0.5294494055119336,-0.5427832578974818,0.3701326336091446,3.5836328967575364,-1.287425352698748,2.1748392698901005
51.0,170.0,132.62808227539062,0.5478948821106959,1.4915126322271512,-4.018565007985094,-3.429984982496617,-0.5849024594135139,-0.5427832579015086,0.3701326336091446,3.5836336395795687,-1.287454054547188,2.1748392698901005
51.0,170.0,132.62808227539062,0.5478948821106959,1.4915126322271512,-4.018565007985094,-3.429984982496617,-0.5849024594135139,-0.5427832579015086,0.37059461730126,3.5836336395795687,-1.2874818471703546,2.1748392698901005
51.0,170.0,132.63449096679688,0.5479443307532503,1.4915049366339104,-3.962633557834935,-3.434557513050347,-0.5294494055119336,-0.542783257773751,0.4061124439826367,3.583633584550882,-1.287362823881986,2.17590508380994
51.0,170.0,132.63449096679688,0.5480346334435425,1.4915358671871106,-3.96270189928064,-3.43458928647094,-0.5284934810086279,-0.5427832486342066,0.3955962468310909,3.584020426865266,-1.2853940105912247,2.19910929935755
51.0,170.0,132.63449096679688,0.5479443307532503,1.4915089129393202,-3.962633386298077,-3.434557513050347,-0.5299218603500725,-0.542783257773751,0.406168943274781,3.583633584550882,-1.287480815620589,2.17524651555813
51.0,170.0,132.63449096679688,0.5479443307532503,1.4915089129393202,-3.962570259392286,-3.434557513050347,-0.5299218603500725,-0.542783257773751,0.406168943274781,3.583633584550882,-1.2855531915315936,2.174841645565911
51.0,170.0,132.63449096679688,0.5479443307532503,1.4915049366339104,-3.962633557834935,-3.434557513050347,-0.5294494055119336,-0.542783257773751,0.4061124439826367,3.583633584550882,-1.287362823881986,2.17590508380994
51.0,170.0,132.63449096679688,0.5480346334435425,1.4915358671871106,-3.96270189928064,-3.43458928647094,-0.5284934810086279,-0.5427832486342066,0.3955962468310909,3.584020426865266,-1.2853940105912247,2.19910929935755
51.0,170.0,132.63449096679688,0.5479427964495454,1.4915100851427567,-3.962634388366512,-3.429984982496617,-0.5294494055119336,-0.5427832578974818,0.3701326336091446,3.5836336395795687,-1.2873924461820083,2.1748392698901005
51.0,170.0,132.63449096679688,0.5479443307532503,1.491649059294594,-3.9625711193724378,-3.4319721003301296,-0.5299218603500725,-0.542783257773751,0.4061391480894828,3.583631553332056,-1.287454885568915,2.174841645565911
51.0,170.0,132.63449096679688,0.5479450754820889,1.4915358671871106,-3.962701730588294,-3.43458928647094,-0.5284934810086279,-0.5427832575244437,0.3955962468310909,3.583606466606041,-1.2853940105912247,2.19910929935755
51.0,170.0,132.63449096679688,0.5479443307532503,1.4915049366339104,-3.962633557834935,-3.434557513050347,-0.5294494055119336,-0.542783257773751,0.4061124439826367,3.583633584550882,-1.287362823881986,2.17590508380994
51.0,170.0,132.63449096679688,0.5478794275128381,1.4915073233667324,-3.962634563205784,-3.425667844574314,-0.5316073164320063,-0.542783257874277,0.4079830073726454,3.5840114016237066,-1.2873924461820083,2.1748392698901005
51.0,170.0,132.63449096679688,0.5478794275128381,1.4915077276054696,-3.9626964198457695,-3.425667844574314,-0.5319093348805342,-0.5427832578724885,0.3954950648561162,3.583631056644436,-1.287425365421958,2.17703297347557
51.0,170.0,132.63449096679688,0.5479443307532503,1.4915089129393202,-3.962633386298077,-3.43061292192912,-0.5299218603500725,-0.5427832483572392,0.4062155360258249,3.5837297581783227,-1.287480815620589,2.17433400351874
51.0,170.0,132.63449096679688,0.5479043890797272,1.4915127049508188,-3.962483624971661,-3.429984982496617,-0.5294494055119336,-0.5427832578974818,0.3701326336091446,3.5836336395795687,-1.2873924461820083,2.1748392698901005
51.0,170.0,132.63449096679688,0.5480346334435425,1.4915358671871106,-3.96270189928064,-3.43458928647094,-0.5284934810086279,-0.5427832486342066,0.3955962468310909,3.584020426865266,-1.2853940105912247,2.19910929935755
51.0,170.0,132.63449096679688,0.5479450754820889,1.4915358671871106,-3.962701730588294,-3.43458928647094,-0.5284934810086279,-0.5427832575244437,0.3955962468310909,3.583606466606041,-1.2853940105912247,2.19910929935755
51.0,170.0,132.63449096679688,0.5479443307532503,1.4915089129393202,-3.962634823555003,-3.434557513050347,-0.5299218603500725,-0.542783257773751,0.4061438604334335,3.583638363681787,-1.287480815620589,2.17524651555813
51.0,170.0,132.63449096679688,0.5479427179272824,1.491516505548138,-3.962633063453896,-3.4319057602288323,-0.5299152232478644,-0.5427832579015284,0.4061391480894828,3.583631553332056,-1.2874515118743466,2.174841645565911
51.0,170.0,132.63449096679688,0.5480346334435425,1.4915358671871106,-3.96270189928064,-3.43458928647094,-0.5284934810086279,-0.5427832486342066,0.3955962468310909,3.584020426865266,-1.2853940105912247,2.19910929935755
51.0,170.0,132.63449096679688,0.5479443307532503,1.4915049366339104,-3.962633557834935,-3.434557513050347,-0.5294494055119336,-0.542783257773751,0.4061124439826367,3.583633584550882,-1.287362823881986,2.17590508380994
51.0,170.0,132.63449096679688,0.5480346334435425,1.4915358671871106,-3.96270189928064,-3.43458928647094,-0.5284934810086279,-0.5427832486341615,0.3955962468310909,3.584020426865266,-1.2853940105912247,2.19910929935755
51.0,170.0,132.63449096679688,0.5478794275128381,1.4915076700365577,-3.9626964198457695,-3.425667844574314,-0.5319093348805342,-0.5427832578724885,0.3954950648561162,3.583632877286047,-1.287425365421958,2.17703297347557
51.0,170.0,132.63449096679688,0.5479443307532503,1.4915049366339104,-3.962633557834935,-3.434557513050347,-0.5294494055119336,-0.542783257773751,0.4061124439826367,3.583633584550882,-1.287362823881986,2.176465109677832
51.0,170.0,132.63449096679688,0.5479450754820889,1.4915358671871106,-3.962703613678171,-3.43458928647094,-0.5284934810086279,-0.5427832576912359,0.3955962468310909,3.583606466606041,-1.2853940105912247,2.19910929935755
51.0,170.0,132.63449096679688,0.5480287078407784,1.49153693704238,-3.962633078016185,-3.434557513050347,-0.5299218603500725,-0.5427832487089763,0.4065301790917218,3.583638363681787,-1.287480815620589,2.17524651555813
51.0,170.0,132.63449096679688,0.5479443307532503,1.491508970508232,-3.962633386298077,-3.43061292192912,-0.5299218603500725,-0.5427832483572392,0.4062155360258249,3.583727937536712,-1.287480815620589,2.17433400351874
51.0,170.0,132.63449096679688,0.5479427179272824,1.491516505548138,-3.962633063453896,-3.4319057602288323,-0.5299152232478644,-0.5427832579015284,0.4061391480894828,3.583631553332056,-1.2874515118743466,2.174841645565911
51.0,170.0,132.63449096679688,0.5479492757942637,1.4915049366339104,-3.962635938705654,-3.434590151118167,-0.5284470075192604,-0.5427832575884135,0.4061124439826367,3.5836522024142505,-1.287362823881986,2.176465109677832
51.0,170.0,132.63449096679688,0.5478767663702792,1.491504888380763,-3.962634649641227,-3.434267066648049,-0.5294494055119336,-0.5427832578722989,0.4057089633595337,3.58362152783983,-1.2873928215836266,2.17590508380994
51.0,170.0,132.63449096679688,0.5479443307532503,1.491508016227045,-3.96263341896752,-3.4306258776168965,-0.5299218603500725,-0.5427832483608991,0.4062155360258249,3.5837066775123203,-1.287480815620589,2.17433400351874
51.0,170.0,132.63449096679688,0.5480346334435425,1.4915358671871106,-3.962701904330587,-3.43458928647094,-0.5284934810086279,-0.5427832483834628,0.3955962468310909,3.584020426865266,-1.2853940105912247,2.19910929935755
51.0,170.0,132.63449096679688,0.547937334783623,1.4915100851427567,-3.9627014968146543,-3.429984982496617,-0.5294568977045776,-0.5427832578974818,0.3699162894566278,3.5836336395795687,-1.2875321439894798,2.1750684624434897
51.0,170.0,132.63449096679688,0.5479528646980325,1.491516505548138,-3.962631667565327,-3.426347203262988,-0.5299152232478644,-0.5427832575034213,0.4061526462829934,3.583627555924569,-1.2874515118743466,2.174247113838662
51.0,170.0,132.63449096679688,0.5479443307532503,1.491649059294594,-3.9625711193724378,-3.4319721003301296,-0.5299218603500725,-0.542783257773751,0.4061391480894828,3.583631553332056,-1.287454885568915,2.174841645565911
51.0,170.0,132.63449096679688,0.5479443307532503,1.4915049366339104,-3.962636557231239,-3.434557513050347,-0.5294494055119336,-0.542783257773751,0.4061166314542819,3.583633584550882,-1.287362823881986,2.17590508380994
51.0,170.0,132.63449096679688,0.5478794275128381,1.4915077276054696,-3.9626964198457695,-3.425667844574314,-0.5319093348805342,-0.5427832578724885,0.3954950648561162,3.583631045299375,-1.287425365421958,2.17703297347557
51.0,170.0,132.63449096679688,0.5479029409119693,1.491649059294594,-3.97078966228464,-3.4319721003301296,-0.5299218603500725,-0.542783257773751,0.4061391480894828,3.583631553332056,-1.287454885568915,2.174841645565911
51.0,170.0,132.63449096679688,0.5480346334435425,1.4915358671871106,-3.96270189928064,-3.43458928647094,-0.5284934810086279,-0.5427832486342066,0.3955962468310909,3.584020426865266,-1.2853940105912247,2.19910929935755
51.0,170.0,132.63449096679688,0.5478794275128381,1.4915076700365577,-3.9626964198457695,-3.425667844574314,-0.5319093348805342,-0.5427832578724885,0.3954950648561162,3.583632877286047,-1.287425365421958,2.187722407741337
51.0,170.0,132.63449096679688,0.5479443307532503,1.4915049366339104,-3.962633557834935,-3.434557513050347,-0.5294494055119336,-0.542783257773751,0.4061124439826367,3.583633584550882,-1.287362823881986,2.1764628145926244
51.0,170.0,132.63449096679688,0.5480346334435425,1.4916432903170778,-3.96270189928064,-3.43331655060021,-0.5284934810086279,-0.542783248628836,0.3955962468310909,3.584020426865266,-1.285442448522945,2.199109367311996
51.0,170.0,132.63449096679688,0.5479443307532503,1.4915087974649832,-3.962633557834935,-3.434557513050347,-0.5294251826963321,-0.542783257773751,0.4062124139839728,3.583633584550882,-1.2873631797148324,2.17590508380994
51.0,170.0,132.63449096679688,0.5479443307532503,1.4915089129393202,-3.962567259995982,-3.434557513050347,-0.5299218603500725,-0.542783257773751,0.4061647558031358,3.583633584550882,-1.2855531915315936,2.174841645565911
51.0,170.0,132.63449096679688,0.5478794275128381,1.4915076700365577,-3.9626964198457695,-3.425667844574314,-0.5319093348805342,-0.5427832578724885,0.3954950648561162,3.583632877286047,-1.287425365421958,2.187722407741337
51.0,170.0,132.63449096679688,0.5478639887015218,1.4915073233667324,-3.962697913983248,-3.434433355144841,-0.5316156650281442,-0.542783257874277,0.3951834383186869,3.5840114240270604,-1.2873924461820083,2.1748392698901005
51.0,170.0,132.63449096679688,0.5478838193881604,1.4916432903170778,-3.9627017689909314,-3.433364401013456,-0.5318780090013744,-0.5427832580051262,0.3955962468310909,3.5836141227178184,-1.285442448522945,2.176734911193642
51.0,170.0,132.63449096679688,0.5479445165980213,1.4915358671871106,-3.9627018978629898,-3.43458928647094,-0.5284934810086279,-0.5427832575244437,0.3955962468310909,3.583606466606041,-1.2853940105912247,2.19910929935755
51.0,170.0,132.63449096679688,0.5479043890797272,1.4915127049508188,-3.96271316174888,-3.434498727021493,-0.5294638845808561,-0.5427832578705125,0.3701326336091446,3.5836336395795687,-1.2873903957378316,2.17518710798944
51.0,171.0,132.62808227539062,0.5478948821106959,1.4915126322271512,-4.018565007985094,-3.429984982496617,-0.5849024594135139,-0.5427832579015086,0.3701326336091446,3.5836336395795687,-1.287454054547188,2.1748392698901005
51.0,171.0,132.62808227539062,0.5478948821106959,1.4915126322271512,-4.018565007985094,-3.429984982496617,-0.5849024594135139,-0.5427832579015086,0.37059461730126,3.5836336395795687,-1.2874818471703546,2.1748392698901005
51.0,171.0,132.62808227539062,0.5478948821106959,1.4915125369362046,-4.018565007985094,-3.429984982496617,-0.585550776313577,-0.5279721935780763,0.3535768109007595,3.5836336395795687,-1.287454054547188,2.174267131087437
51.0,171.0,132.63449096679688,0.5479443307532503,1.4915049366339104,-3.962633557834935,-3.434557513050347,-0.5294494055119336,-0.542783257773751,0.4061124439826367,3.583633584550882,-1.287362823881986,2.17590508380994
51.0,171.0,132.63449096679688,0.5480346334435425,1.4915358671871106,-3.96270189928064,-3.43458928647094,-0.5284934810086279,-0.5427832486342066,0.3955962468310909,3.584020426865266,-1.2853940105912247,2.19910929935755
51.0,171.0,132.63449096679688,0.5479443307532503,1.4915089129393202,-3.962633386298077,-3.434557513050347,-0.5299218603500725,-0.542783257773751,0.406168943274781,3.583633584550882,-1.287480815620589,2.17524651555813
51.0,171.0,132.63449096679688,0.5479443307532503,1.4915089129393202,-3.962570259392286,-3.434557513050347,-0.5299218603500725,-0.542783257773751,0.406168943274781,3.583633584550882,-1.2855531915315936,2.174841645565911
51.0,171.0,132.63449096679688,0.5479443307532503,1.4915049366339104,-3.962633557834935,-3.434557513050347,-0.5294494055119336,-0.542783257773751,0.4061124439826367,3.583633584550882,-1.287362823881986,2.17590508380994
51.0,171.0,132.63449096679688,0.5480346334435425,1.4915358671871106,-3.96270189928064,-3.43458928647094,-0.5284934810086279,-0.5427832486342066,0.3955962468310909,3.584020426865266,-1.2853940105912247,2.19910929935755
51.0,171.0,132.63449096679688,0.5479427964495454,1.4915100851427567,-3.962634388366512,-3.429984982496617,-0.5294494055119336,-0.5427832578974818,0.3701326336091446,3.5836336395795687,-1.2873924461820083,2.1748392698901005
51.0,171.0,132.63449096679688,0.5479443307532503,1.491649059294594,-3.9625711193724378,-3.4319721003301296,-0.5299218603500725,-0.542783257773751,0.4061391480894828,3.583631553332056,-1.287454885568915,2.174841645565911
51.0,171.0,132.63449096679688,0.5479450754820889,1.4915358671871106,-3.962701730588294,-3.43458928647094,-0.5284934810086279,-0.5427832575244437,0.3955962468310909,3.583606466606041,-1.2853940105912247,2.19910929935755
51.0,171.0,132.63449096679688,0.5479443307532503,1.4915049366339104,-3.962633557834935,-3.434557513050347,-0.5294494055119336,-0.542783257773751,0.4061124439826367,3.583633584550882,-1.287362823881986,2.17590508380994
51.0,171.0,132.63449096679688,0.5478794275128381,1.4915073233667324,-3.962634563205784,-3.425667844574314,-0.5316073164320063,-0.542783257874277,0.4079830073726454,3.5840114016237066,-1.2873924461820083,2.1748392698901005
51.0,171.0,132.63449096679688,0.5478794275128381,1.4915077276054696,-3.9626964198457695,-3.425667844574314,-0.5319093348805342,-0.5427832578724885,0.3954950648561162,3.583631056644436,-1.287425365421958,2.17703297347557
51.0,171.0,132.63449096679688,0.5479443307532503,1.4915089129393202,-3.962633386298077,-3.43061292192912,-0.5299218603500725,-0.5427832483572392,0.4062155360258249,3.5837297581783227,-1.287480815620589,2.17433400351874
51.0,171.0,132.63449096679688,0.5479043890797272,1.4915127049508188,-3.962483624971661,-3.429984982496617,-0.5294494055119336,-0.5427832578974818,0.3701326336091446,3.5836336395795687,-1.2873924461820083,2.1748392698901005
51.0,171.0,132.63449096679688,0.5480346334435425,1.4915358671871106,-3.96270189928064,-3.43458928647094,-0.5284934810086279,-0.5427832486342066,0.3955962468310909,3.584020426865266,-1.2853940105912247,2.19910929935755
51.0,171.0,132.63449096679688,0.5479450754820889,1.4915358671871106,-3.962701730588294,-3.43458928647094,-0.5284934810086279,-0.5427832575244437,0.3955962468310909,3.583606466606041,-1.2853940105912247,2.19910929935755
51.0,171.0,132.63449096679688,0.5479443307532503,1.4915089129393202,-3.962634823555003,-3.434557513050347,-0.5299218603500725,-0.542783257773751,0.4061438604334335,3.583638363681787,-1.287480815620589,2.17524651555813
51.0,171.0,132.63449096679688,0.5479427179272824,1.491516505548138,-3.962633063453896,-3.4319057602288323,-0.5299152232478644,-0.5427832579015284,0.4061391480894828,3.583631553332056,-1.2874515118743466,2.174841645565911
51.0,171.0,132.63449096679688,0.5480346334435425,1.4915358671871106,-3.96270189928064,-3.43458928647094,-0.5284934810086279,-0.5427832486342066,0.3955962468310909,3.584020426865266,-1.2853940105912247,2.19910929935755
51.0,171.0,132.63449096679688,0.5479443307532503,1.4915049366339104,-3.962633557834935,-3.434557513050347,-0.5294494055119336,-0.542783257773751,0.4061124439826367,3.583633584550882,-1.287362823881986,2.17590508380994
51.0,171.0,132.63449096679688,0.5480346334435425,1.4915358671871106,-3.96270189928064,-3.43458928647094,-0.5284934810086279,-0.5427832486341615,0.3955962468310909,3.584020426865266,-1.2853940105912247,2.19910929935755
51.0,171.0,132.63449096679688,0.5478794275128381,1.4915076700365577,-3.9626964198457695,-3.425667844574314,-0.5319093348805342,-0.5427832578724885,0.3954950648561162,3.583632877286047,-1.287425365421958,2.17703297347557
51.0,171.0,132.63449096679688,0.5479443307532503,1.4915049366339104,-3.962633557834935,-3.434557513050347,-0.5294494055119336,-0.542783257773751,0.4061124439826367,3.583633584550882,-1.287362823881986,2.176465109677832
51.0,171.0,132.63449096679688,0.5479450754820889,1.4915358671871106,-3.962703613678171,-3.43458928647094,-0.5284934810086279,-0.5427832576912359,0.3955962468310909,3.583606466606041,-1.2853940105912247,2.19910929935755
51.0,171.0,132.63449096679688,0.5480287078407784,1.49153693704238,-3.962633078016185,-3.434557513050347,-0.5299218603500725,-0.5427832487089763,0.4065301790917218,3.583638363681787,-1.287480815620589,2.17524651555813
51.0,171.0,132.63449096679688,0.5479443307532503,1.491508970508232,-3.962633386298077,-3.43061292192912,-0.5299218603500725,-0.5427832483572392,0.4062155360258249,3.583727937536712,-1.287480815620589,2.17433400351874
51.0,171.0,132.63449096679688,0.5479427179272824,1.491516505548138,-3.962633063453896,-3.4319057602288323,-0.5299152232478644,-0.5427832579015284,0.4061391480894828,3.583631553332056,-1.2874515118743466,2.174841645565911
51.0,171.0,132.63449096679688,0.5479492757942637,1.4915049366339104,-3.962635938705654,-3.434590151118167,-0.5284470075192604,-0.5427832575884135,0.4061124439826367,3.5836522024142505,-1.287362823881986,2.176465109677832
51.0,171.0,132.63449096679688,0.5478767663702792,1.491504888380763,-3.962634649641227,-3.434267066648049,-0.5294494055119336,-0.5427832578722989,0.4057089633595337,3.58362152783983,-1.2873928215836266,2.17590508380994
51.0,171.0,132.63449096679688,0.5479443307532503,1.491508016227045,-3.96263341896752,-3.4306258776168965,-0.5299218603500725,-0.5427832483608991,0.4062155360258249,3.5837066775123203,-1.287480815620589,2.17433400351874
51.0,171.0,132.63449096679688,0.5480346334435425,1.4915358671871106,-3.962701904330587,-3.43458928647094,-0.5284934810086279,-0.5427832483834628,0.3955962468310909,3.584020426865266,-1.2853940105912247,2.19910929935755
51.0,171.0,132.63449096679688,0.547937334783623,1.4915100851427567,-3.9627014968146543,-3.429984982496617,-0.5294568977045776,-0.5427832578974818,0.3699162894566278,3.5836336395795687,-1.2875321439894798,2.1750684624434897
51.0,171.0,132.63449096679688,0.5479528646980325,1.491516505548138,-3.962631667565327,-3.426347203262988,-0.5299152232478644,-0.5427832575034213,0.4061526462829934,3.583627555924569,-1.2874515118743466,2.174247113838662
51.0,171.0,132.63449096679688,0.5479443307532503,1.491649059294594,-3.9625711193724378,-3.4319721003301296,-0.5299218603500725,-0.542783257773751,0.4061391480894828,3.583631553332056,-1.287454885568915,2.174841645565911
51.0,171.0,132.63449096679688,0.5479443307532503,1.4915049366339104,-3.962636557231239,-3.434557513050347,-0.5294494055119336,-0.542783257773751,0.4061166314542819,3.583633584550882,-1.287362823881986,2.17590508380994
51.0,171.0,132.63449096679688,0.5478794275128381,1.4915077276054696,-3.9626964198457695,-3.425667844574314,-0.5319093348805342,-0.5427832578724885,0.3954950648561162,3.583631045299375,-1.287425365421958,2.17703297347557
51.0,171.0,132.63449096679688,0.5479029409119693,1.491649059294594,-3.97078966228464,-3.4319721003301296,-0.5299218603500725,-0.542783257773751,0.4061391480894828,3.583631553332056,-1.287454885568915,2.174841645565911
51.0,171.0,132.63449096679688,0.5480346334435425,1.4915358671871106,-3.96270189928064,-3.43458928647094,-0.5284934810086279,-0.5427832486342066,0.3955962468310909,3.584020426865266,-1.2853940105912247,2.19910929935755
51.0,171.0,132.63449096679688,0.5478794275128381,1.4915076700365577,-3.9626964198457695,-3.425667844574314,-0.5319093348805342,-0.5427832578724885,0.3954950648561162,3.583632877286047,-1.287425365421958,2.187722407741337
51.0,171.0,132.63449096679688,0.5479443307532503,1.4915049366339104,-3.962633557834935,-3.434557513050347,-0.5294494055119336,-0.542783257773751,0.4061124439826367,3.583633584550882,-1.287362823881986,2.1764628145926244
51.0,171.0,132.63449096679688,0.5480346334435425,1.4916432903170778,-3.96270189928064,-3.43331655060021,-0.5284934810086279,-0.542783248628836,0.3955962468310909,3.584020426865266,-1.285442448522945,2.199109367311996
51.0,171.0,132.63449096679688,0.5479443307532503,1.4915087974649832,-3.962633557834935,-3.434557513050347,-0.5294251826963321,-0.542783257773751,0.4062124139839728,3.583633584550882,-1.2873631797148324,2.17590508380994
51.0,171.0,132.63449096679688,0.5479443307532503,1.4915089129393202,-3.962567259995982,-3.434557513050347,-0.5299218603500725,-0.542783257773751,0.4061647558031358,3.583633584550882,-1.2855531915315936,2.174841645565911
51.0,171.0,132.63449096679688,0.5478794275128381,1.4915076700365577,-3.9626964198457695,-3.425667844574314,-0.5319093348805342,-0.5427832578724885,0.3954950648561162,3.583632877286047,-1.287425365421958,2.187722407741337
51.0,171.0,132.63449096679688,0.5478639887015218,1.4915073233667324,-3.962697913983248,-3.434433355144841,-0.5316156650281442,-0.542783257874277,0.3951834383186869,3.5840114240270604,-1.2873924461820083,2.1748392698901005
51.0,171.0,132.63449096679688,0.5478838193881604,1.4916432903170778,-3.9627017689909314,-3.433364401013456,-0.5318780090013744,-0.5427832580051262,0.3955962468310909,3.5836141227178184,-1.285442448522945,2.176734911193642
51.0,171.0,132.63449096679688,0.5479445165980213,1.4915358671871106,-3.9627018978629898,-3.43458928647094,-0.5284934810086279,-0.5427832575244437,0.3955962468310909,3.583606466606041,-1.2853940105912247,2.19910929935755
51.0,172.0,132.62808227539062,0.5478948821106959,1.4915126322271512,-4.018565007985094,-3.429984982496617,-0.5849024594135139,-0.5427832579015086,0.3701326336091446,3.5836336395795687,-1.287454054547188,2.1748392698901005
51.0,172.0,132.62808227539062,0.5478948821106959,1.4915126322271512,-4.018565007985094,-3.429984982496617,-0.5849024594135139,-0.5427832579015086,0.37059461730126,3.5836336395795687,-1.2874818471703546,2.1748392698901005
51.0,172.0,132.62808227539062,0.5478948821106959,1.4915125369362046,-4.018565007985094,-3.429984982496617,-0.585550776313577,-0.5279721935780763,0.3535768109007595,3.5836336395795687,-1.287454054547188,2.174267131087437
51.0,172.0,132.62808227539062,0.5479371659054912,1.49151008825493,-4.0168287821850335,-3.429984982496617,-0.5976865291217942,-0.5427832579015086,0.3698882394018333,3.5836336395795687,-1.2874808364368373,2.1750736287977723
51.0,172.0,132.63449096679688,0.5479443307532503,1.4915049366339104,-3.962633557834935,-3.434557513050347,-0.5294494055119336,-0.542783257773751,0.4061124439826367,3.583633584550882,-1.287362823881986,2.17590508380994
51.0,172.0,132.63449096679688,0.5480346334435425,1.4915358671871106,-3.96270189928064,-3.43458928647094,-0.5284934810086279,-0.5427832486342066,0.3955962468310909,3.584020426865266,-1.2853940105912247,2.19910929935755
51.0,172.0,132.63449096679688,0.5479443307532503,1.4915089129393202,-3.962633386298077,-3.434557513050347,-0.5299218603500725,-0.542783257773751,0.406168943274781,3.583633584550882,-1.287480815620589,2.17524651555813
51.0,172.0,132.63449096679688,0.5479443307532503,1.4915089129393202,-3.962570259392286,-3.434557513050347,-0.5299218603500725,-0.542783257773751,0.406168943274781,3.583633584550882,-1.2855531915315936,2.174841645565911
51.0,172.0,132.63449096679688,0.5479443307532503,1.4915049366339104,-3.962633557834935,-3.434557513050347,-0.5294494055119336,-0.542783257773751,0.4061124439826367,3.583633584550882,-1.287362823881986,2.17590508380994
51.0,172.0,132.63449096679688,0.5480346334435425,1.4915358671871106,-3.96270189928064,-3.43458928647094,-0.5284934810086279,-0.5427832486342066,0.3955962468310909,3.584020426865266,-1.2853940105912247,2.19910929935755
51.0,172.0,132.63449096679688,0.5479427964495454,1.4915100851427567,-3.962634388366512,-3.429984982496617,-0.5294494055119336,-0.5427832578974818,0.3701326336091446,3.5836336395795687,-1.2873924461820083,2.1748392698901005
51.0,172.0,132.63449096679688,0.5479443307532503,1.491649059294594,-3.9625711193724378,-3.4319721003301296,-0.5299218603500725,-0.542783257773751,0.4061391480894828,3.583631553332056,-1.287454885568915,2.174841645565911
51.0,172.0,132.63449096679688,0.5479450754820889,1.4915358671871106,-3.962701730588294,-3.43458928647094,-0.5284934810086279,-0.5427832575244437,0.3955962468310909,3.583606466606041,-1.2853940105912247,2.19910929935755
51.0,172.0,132.63449096679688,0.5479443307532503,1.4915049366339104,-3.962633557834935,-3.434557513050347,-0.5294494055119336,-0.542783257773751,0.4061124439826367,3.583633584550882,-1.287362823881986,2.17590508380994
51.0,172.0,132.63449096679688,0.5478794275128381,1.4915073233667324,-3.962634563205784,-3.425667844574314,-0.5316073164320063,-0.542783257874277,0.4079830073726454,3.5840114016237066,-1.2873924461820083,2.1748392698901005
51.0,172.0,132.63449096679688,0.5478794275128381,1.4915077276054696,-3.9626964198457695,-3.425667844574314,-0.5319093348805342,-0.5427832578724885,0.3954950648561162,3.583631056644436,-1.287425365421958,2.17703297347557
51.0,172.0,132.63449096679688,0.5479443307532503,1.4915089129393202,-3.962633386298077,-3.43061292192912,-0.5299218603500725,-0.5427832483572392,0.4062155360258249,3.5837297581783227,-1.287480815620589,2.17433400351874
51.0,172.0,132.63449096679688,0.5479043890797272,1.4915127049508188,-3.962483624971661,-3.429984982496617,-0.5294494055119336,-0.5427832578974818,0.3701326336091446,3.5836336395795687,-1.2873924461820083,2.1748392698901005
51.0,172.0,132.63449096679688,0.5480346334435425,1.4915358671871106,-3.96270189928064,-3.43458928647094,-0.5284934810086279,-0.5427832486342066,0.3955962468310909,3.584020426865266,-1.2853940105912247,2.19910929935755
51.0,172.0,132.63449096679688,0.5479450754820889,1.4915358671871106,-3.962701730588294,-3.43458928647094,-0.5284934810086279,-0.5427832575244437,0.3955962468310909,3.583606466606041,-1.2853940105912247,2.19910929935755
51.0,172.0,132.63449096679688,0.5479443307532503,1.4915089129393202,-3.962634823555003,-3.434557513050347,-0.5299218603500725,-0.542783257773751,0.4061438604334335,3.583638363681787,-1.287480815620589,2.17524651555813
51.0,172.0,132.63449096679688,0.5479427179272824,1.491516505548138,-3.962633063453896,-3.4319057602288323,-0.5299152232478644,-0.5427832579015284,0.4061391480894828,3.583631553332056,-1.2874515118743466,2.174841645565911
51.0,172.0,132.63449096679688,0.5480346334435425,1.4915358671871106,-3.96270189928064,-3.43458928647094,-0.5284934810086279,-0.5427832486342066,0.3955962468310909,3.584020426865266,-1.2853940105912247,2.19910929935755
51.0,172.0,132.63449096679688,0.5479443307532503,1.4915049366339104,-3.962633557834935,-3.434557513050347,-0.5294494055119336,-0.542783257773751,0.4061124439826367,3.583633584550882,-1.287362823881986,2.17590508380994
51.0,172.0,132.63449096679688,0.5480346334435425,1.4915358671871106,-3.96270189928064,-3.43458928647094,-0.5284934810086279,-0.5427832486341615,0.3955962468310909,3.584020426865266,-1.2853940105912247,2.19910929935755
51.0,172.0,132.63449096679688,0.5478794275128381,1.4915076700365577,-3.9626964198457695,-3.425667844574314,-0.5319093348805342,-0.5427832578724885,0.3954950648561162,3.583632877286047,-1.287425365421958,2.17703297347557
51.0,172.0,132.63449096679688,0.5479443307532503,1.4915049366339104,-3.962633557834935,-3.434557513050347,-0.5294494055119336,-0.542783257773751,0.4061124439826367,3.583633584550882,-1.287362823881986,2.176465109677832
51.0,172.0,132.63449096679688,0.5479450754820889,1.4915358671871106,-3.962703613678171,-3.43458928647094,-0.5284934810086279,-0.5427832576912359,0.3955962468310909,3.583606466606041,-1.2853940105912247,2.19910929935755
51.0,172.0,132.63449096679688,0.5480287078407784,1.49153693704238,-3.962633078016185,-3.434557513050347,-0.5299218603500725,-0.5427832487089763,0.4065301790917218,3.583638363681787,-1.287480815620589,2.17524651555813
51.0,172.0,132.63449096679688,0.5479443307532503,1.491508970508232,-3.962633386298077,-3.43061292192912,-0.5299218603500725,-0.5427832483572392,0.4062155360258249,3.583727937536712,-1.287480815620589,2.17433400351874
51.0,172.0,132.63449096679688,0.5479427179272824,1.491516505548138,-3.962633063453896,-3.4319057602288323,-0.5299152232478644,-0.5427832579015284,0.4061391480894828,3.583631553332056,-1.2874515118743466,2.174841645565911
51.0,172.0,132.63449096679688,0.5479492757942637,1.4915049366339104,-3.962635938705654,-3.434590151118167,-0.5284470075192604,-0.5427832575884135,0.4061124439826367,3.5836522024142505,-1.287362823881986,2.176465109677832
51.0,172.0,132.63449096679688,0.5478767663702792,1.491504888380763,-3.962634649641227,-3.434267066648049,-0.5294494055119336,-0.5427832578722989,0.4057089633595337,3.58362152783983,-1.2873928215836266,2.17590508380994
51.0,172.0,132.63449096679688,0.5479443307532503,1.491508016227045,-3.96263341896752,-3.4306258776168965,-0.5299218603500725,-0.5427832483608991,0.4062155360258249,3.5837066775123203,-1.287480815620589,2.17433400351874
51.0,172.0,132.63449096679688,0.5480346334435425,1.4915358671871106,-3.962701904330587,-3.43458928647094,-0.5284934810086279,-0.5427832483834628,0.3955962468310909,3.584020426865266,-1.2853940105912247,2.19910929935755
51.0,172.0,132.63449096679688,0.547937334783623,1.4915100851427567,-3.9627014968146543,-3.429984982496617,-0.5294568977045776,-0.5427832578974818,0.3699162894566278,3.5836336395795687,-1.2875321439894798,2.1750684624434897
51.0,172.0,132.63449096679688,0.5479528646980325,1.491516505548138,-3.962631667565327,-3.426347203262988,-0.5299152232478644,-0.5427832575034213,0.4061526462829934,3.583627555924569,-1.2874515118743466,2.174247113838662
51.0,172.0,132.63449096679688,0.5479443307532503,1.491649059294594,-3.9625711193724378,-3.4319721003301296,-0.5299218603500725,-0.542783257773751,0.4061391480894828,3.583631553332056,-1.287454885568915,2.174841645565911
51.0,172.0,132.63449096679688,0.5479443307532503,1.4915049366339104,-3.962636557231239,-3.434557513050347,-0.5294494055119336,-0.542783257773751,0.4061166314542819,3.583633584550882,-1.287362823881986,2.17590508380994
51.0,172.0,132.63449096679688,0.5478794275128381,1.4915077276054696,-3.9626964198457695,-3.425667844574314,-0.5319093348805342,-0.5427832578724885,0.3954950648561162,3.583631045299375,-1.287425365421958,2.17703297347557
51.0,172.0,132.63449096679688,0.5479029409119693,1.491649059294594,-3.97078966228464,-3.4319721003301296,-0.5299218603500725,-0.542783257773751,0.4061391480894828,3.583631553332056,-1.287454885568915,2.174841645565911
51.0,172.0,132.63449096679688,0.5480346334435425,1.4915358671871106,-3.96270189928064,-3.43458928647094,-0.5284934810086279,-0.5427832486342066,0.3955962468310909,3.584020426865266,-1.2853940105912247,2.19910929935755
51.0,172.0,132.63449096679688,0.5478794275128381,1.4915076700365577,-3.9626964198457695,-3.425667844574314,-0.5319093348805342,-0.5427832578724885,0.3954950648561162,3.583632877286047,-1.287425365421958,2.187722407741337
51.0,172.0,132.63449096679688,0.5479443307532503,1.4915049366339104,-3.962633557834935,-3.434557513050347,-0.5294494055119336,-0.542783257773751,0.4061124439826367,3.583633584550882,-1.287362823881986,2.1764628145926244
51.0,172.0,132.63449096679688,0.5480346334435425,1.4916432903170778,-3.96270189928064,-3.43331655060021,-0.5284934810086279,-0.542783248628836,0.3955962468310909,3.584020426865266,-1.285442448522945,2.199109367311996
51.0,172.0,132.63449096679688,0.5479443307532503,1.4915087974649832,-3.962633557834935,-3.434557513050347,-0.5294251826963321,-0.542783257773751,0.4062124139839728,3.583633584550882,-1.2873631797148324,2.17590508380994
51.0,172.0,132.63449096679688,0.5479443307532503,1.4915089129393202,-3.962567259995982,-3.434557513050347,-0.5299218603500725,-0.542783257773751,0.4061647558031358,3.583633584550882,-1.2855531915315936,2.174841645565911
51.0,172.0,132.63449096679688,0.5478794275128381,1.4915076700365577,-3.9626964198457695,-3.425667844574314,-0.5319093348805342,-0.5427832578724885,0.3954950648561162,3.583632877286047,-1.287425365421958,2.187722407741337
51.0,172.0,132.63449096679688,0.5478639887015218,1.4915073233667324,-3.962697913983248,-3.434433355144841,-0.5316156650281442,-0.542783257874277,0.3951834383186869,3.5840114240270604,-1.2873924461820083,2.1748392698901005
51.0,172.0,132.63449096679688,0.5478838193881604,1.4916432903170778,-3.9627017689909314,-3.433364401013456,-0.5318780090013744,-0.5427832580051262,0.3955962468310909,3.5836141227178184,-1.285442448522945,2.176734911193642
51.0,173.0,132.62808227539062,0.5478948821106959,1.4915126322271512,-4.018565007985094,-3.429984982496617,-0.5849024594135139,-0.5427832579015086,0.3701326336091446,3.5836336395795687,-1.287454054547188,2.1748392698901005
51.0,173.0,132.62808227539062,0.5478948821106959,1.4915126322271512,-4.018565007985094,-3.429984982496617,-0.5849024594135139,-0.5427832579015086,0.37059461730126,3.5836336395795687,-1.2874818471703546,2.1748392698901005
51.0,173.0,132.62808227539062,0.5478948821106959,1.4915125369362046,-4.018565007985094,-3.429984982496617,-0.585550776313577,-0.5279721935780763,0.3535768109007595,3.5836336395795687,-1.287454054547188,2.174267131087437
51.0,173.0,132.62808227539062,0.5479371659054912,1.49151008825493,-4.0168287821850335,-3.429984982496617,-0.5976865291217942,-0.5427832579015086,0.3698882394018333,3.5836336395795687,-1.2874808364368373,2.1750736287977723
51.0,173.0,132.62808227539062,0.5478783960350889,1.4915126322271512,-4.013231974046128,-3.429931259189822,-0.5853959079524219,-0.5427832579015086,0.3720227595107219,3.5836336395795687,-1.2874814237295416,2.1748392698901005
51.0,173.0,132.62808227539062,0.5478948821106959,1.4915126322271512,-4.018565007985094,-3.429984982496617,-0.5849038134755663,-0.5427832579015086,0.3530703330578133,3.5836336395795687,-1.2874818471703546,2.1748392698901005
51.0,173.0,132.63449096679688,0.5479443307532503,1.4915049366339104,-3.962633557834935,-3.434557513050347,-0.5294494055119336,-0.542783257773751,0.4061124439826367,3.583633584550882,-1.287362823881986,2.17590508380994
51.0,173.0,132.63449096679688,0.5480346334435425,1.4915358671871106,-3.96270189928064,-3.43458928647094,-0.5284934810086279,-0.5427832486342066,0.3955962468310909,3.584020426865266,-1.2853940105912247,2.19910929935755
51.0,173.0,132.63449096679688,0.5479443307532503,1.4915089129393202,-3.962633386298077,-3.434557513050347,-0.5299218603500725,-0.542783257773751,0.406168943274781,3.583633584550882,-1.287480815620589,2.17524651555813
51.0,173.0,132.63449096679688,0.5479443307532503,1.4915089129393202,-3.962570259392286,-3.434557513050347,-0.5299218603500725,-0.542783257773751,0.406168943274781,3.583633584550882,-1.2855531915315936,2.174841645565911
51.0,173.0,132.63449096679688,0.5479443307532503,1.4915049366339104,-3.962633557834935,-3.434557513050347,-0.5294494055119336,-0.542783257773751,0.4061124439826367,3.583633584550882,-1.287362823881986,2.17590508380994
51.0,173.0,132.63449096679688,0.5480346334435425,1.4915358671871106,-3.96270189928064,-3.43458928647094,-0.5284934810086279,-0.5427832486342066,0.3955962468310909,3.584020426865266,-1.2853940105912247,2.19910929935755
51.0,173.0,132.63449096679688,0.5479427964495454,1.4915100851427567,-3.962634388366512,-3.429984982496617,-0.5294494055119336,-0.5427832578974818,0.3701326336091446,3.5836336395795687,-1.2873924461820083,2.1748392698901005
51.0,173.0,132.63449096679688,0.5479443307532503,1.491649059294594,-3.9625711193724378,-3.4319721003301296,-0.5299218603500725,-0.542783257773751,0.4061391480894828,3.583631553332056,-1.287454885568915,2.174841645565911
51.0,173.0,132.63449096679688,0.5479450754820889,1.4915358671871106,-3.962701730588294,-3.43458928647094,-0.5284934810086279,-0.5427832575244437,0.3955962468310909,3.583606466606041,-1.2853940105912247,2.19910929935755
51.0,173.0,132.63449096679688,0.5479443307532503,1.4915049366339104,-3.962633557834935,-3.434557513050347,-0.5294494055119336,-0.542783257773751,0.4061124439826367,3.583633584550882,-1.287362823881986,2.17590508380994
51.0,173.0,132.63449096679688,0.5478794275128381,1.4915073233667324,-3.962634563205784,-3.425667844574314,-0.5316073164320063,-0.542783257874277,0.4079830073726454,3.5840114016237066,-1.2873924461820083,2.1748392698901005
51.0,173.0,132.63449096679688,0.5478794275128381,1.4915077276054696,-3.9626964198457695,-3.425667844574314,-0.5319093348805342,-0.5427832578724885,0.3954950648561162,3.583631056644436,-1.287425365421958,2.17703297347557
51.0,173.0,132.63449096679688,0.5479443307532503,1.4915089129393202,-3.962633386298077,-3.43061292192912,-0.5299218603500725,-0.5427832483572392,0.4062155360258249,3.5837297581783227,-1.287480815620589,2.17433400351874
51.0,173.0,132.63449096679688,0.5479043890797272,1.4915127049508188,-3.962483624971661,-3.429984982496617,-0.5294494055119336,-0.5427832578974818,0.3701326336091446,3.5836336395795687,-1.2873924461820083,2.1748392698901005
51.0,173.0,132.63449096679688,0.5480346334435425,1.4915358671871106,-3.96270189928064,-3.43458928647094,-0.5284934810086279,-0.5427832486342066,0.3955962468310909,3.584020426865266,-1.2853940105912247,2.19910929935755
51.0,173.0,132.63449096679688,0.5479450754820889,1.4915358671871106,-3.962701730588294,-3.43458928647094,-0.5284934810086279,-0.5427832575244437,0.3955962468310909,3.583606466606041,-1.2853940105912247,2.19910929935755
51.0,173.0,132.63449096679688,0.5479443307532503,1.4915089129393202,-3.962634823555003,-3.434557513050347,-0.5299218603500725,-0.542783257773751,0.4061438604334335,3.583638363681787,-1.287480815620589,2.17524651555813
51.0,173.0,132.63449096679688,0.5479427179272824,1.491516505548138,-3.962633063453896,-3.4319057602288323,-0.5299152232478644,-0.5427832579015284,0.4061391480894828,3.583631553332056,-1.2874515118743466,2.174841645565911
51.0,173.0,132.63449096679688,0.5480346334435425,1.4915358671871106,-3.96270189928064,-3.43458928647094,-0.5284934810086279,-0.5427832486342066,0.3955962468310909,3.584020426865266,-1.2853940105912247,2.19910929935755
51.0,173.0,132.63449096679688,0.5479443307532503,1.4915049366339104,-3.962633557834935,-3.434557513050347,-0.5294494055119336,-0.542783257773751,0.4061124439826367,3.583633584550882,-1.287362823881986,2.17590508380994
51.0,173.0,132.63449096679688,0.5480346334435425,1.4915358671871106,-3.96270189928064,-3.43458928647094,-0.5284934810086279,-0.5427832486341615,0.3955962468310909,3.584020426865266,-1.2853940105912247,2.19910929935755
51.0,173.0,132.63449096679688,0.5478794275128381,1.4915076700365577,-3.9626964198457695,-3.425667844574314,-0.5319093348805342,-0.5427832578724885,0.3954950648561162,3.583632877286047,-1.287425365421958,2.17703297347557
51.0,173.0,132.63449096679688,0.5479443307532503,1.4915049366339104,-3.962633557834935,-3.434557513050347,-0.5294494055119336,-0.542783257773751,0.4061124439826367,3.583633584550882,-1.287362823881986,2.176465109677832
51.0,173.0,132.63449096679688,0.5479450754820889,1.4915358671871106,-3.962703613678171,-3.43458928647094,-0.5284934810086279,-0.5427832576912359,0.3955962468310909,3.583606466606041,-1.2853940105912247,2.19910929935755
51.0,173.0,132.63449096679688,0.5480287078407784,1.49153693704238,-3.962633078016185,-3.434557513050347,-0.5299218603500725,-0.5427832487089763,0.4065301790917218,3.583638363681787,-1.287480815620589,2.17524651555813
51.0,173.0,132.63449096679688,0.5479443307532503,1.491508970508232,-3.962633386298077,-3.43061292192912,-0.5299218603500725,-0.5427832483572392,0.4062155360258249,3.583727937536712,-1.287480815620589,2.17433400351874
51.0,173.0,132.63449096679688,0.5479427179272824,1.491516505548138,-3.962633063453896,-3.4319057602288323,-0.5299152232478644,-0.5427832579015284,0.4061391480894828,3.583631553332056,-1.2874515118743466,2.174841645565911
51.0,173.0,132.63449096679688,0.5479492757942637,1.4915049366339104,-3.962635938705654,-3.434590151118167,-0.5284470075192604,-0.5427832575884135,0.4061124439826367,3.5836522024142505,-1.287362823881986,2.176465109677832
51.0,173.0,132.63449096679688,0.5478767663702792,1.491504888380763,-3.962634649641227,-3.434267066648049,-0.5294494055119336,-0.5427832578722989,0.4057089633595337,3.58362152783983,-1.2873928215836266,2.17590508380994
51.0,173.0,132.63449096679688,0.5479443307532503,1.491508016227045,-3.96263341896752,-3.4306258776168965,-0.5299218603500725,-0.5427832483608991,0.4062155360258249,3.5837066775123203,-1.287480815620589,2.17433400351874
51.0,173.0,132.63449096679688,0.5480346334435425,1.4915358671871106,-3.962701904330587,-3.43458928647094,-0.5284934810086279,-0.5427832483834628,0.3955962468310909,3.584020426865266,-1.2853940105912247,2.19910929935755
51.0,173.0,132.63449096679688,0.547937334783623,1.4915100851427567,-3.9627014968146543,-3.429984982496617,-0.5294568977045776,-0.5427832578974818,0.3699162894566278,3.5836336395795687,-1.2875321439894798,2.1750684624434897
51.0,173.0,132.63449096679688,0.5479528646980325,1.491516505548138,-3.962631667565327,-3.426347203262988,-0.5299152232478644,-0.5427832575034213,0.4061526462829934,3.583627555924569,-1.2874515118743466,2.174247113838662
51.0,173.0,132.63449096679688,0.5479443307532503,1.491649059294594,-3.9625711193724378,-3.4319721003301296,-0.5299218603500725,-0.542783257773751,0.4061391480894828,3.583631553332056,-1.287454885568915,2.174841645565911
51.0,173.0,132.63449096679688,0.5479443307532503,1.4915049366339104,-3.962636557231239,-3.434557513050347,-0.5294494055119336,-0.542783257773751,0.4061166314542819,3.583633584550882,-1.287362823881986,2.17590508380994
51.0,173.0,132.63449096679688,0.5478794275128381,1.4915077276054696,-3.9626964198457695,-3.425667844574314,-0.5319093348805342,-0.5427832578724885,0.3954950648561162,3.583631045299375,-1.287425365421958,2.17703297347557
51.0,173.0,132.63449096679688,0.5479029409119693,1.491649059294594,-3.97078966228464,-3.4319721003301296,-0.5299218603500725,-0.542783257773751,0.4061391480894828,3.583631553332056,-1.287454885568915,2.174841645565911
51.0,173.0,132.63449096679688,0.5480346334435425,1.4915358671871106,-3.96270189928064,-3.43458928647094,-0.5284934810086279,-0.5427832486342066,0.3955962468310909,3.584020426865266,-1.2853940105912247,2.19910929935755
51.0,173.0,132.63449096679688,0.5478794275128381,1.4915076700365577,-3.9626964198457695,-3.425667844574314,-0.5319093348805342,-0.5427832578724885,0.3954950648561162,3.583632877286047,-1.287425365421958,2.187722407741337
51.0,173.0,132.63449096679688,0.5479443307532503,1.4915049366339104,-3.962633557834935,-3.434557513050347,-0.5294494055119336,-0.542783257773751,0.4061124439826367,3.583633584550882,-1.287362823881986,2.1764628145926244
51.0,173.0,132.63449096679688,0.5480346334435425,1.4916432903170778,-3.96270189928064,-3.43331655060021,-0.5284934810086279,-0.542783248628836,0.3955962468310909,3.584020426865266,-1.285442448522945,2.199109367311996
51.0,173.0,132.63449096679688,0.5479443307532503,1.4915087974649832,-3.962633557834935,-3.434557513050347,-0.5294251826963321,-0.542783257773751,0.4062124139839728,3.583633584550882,-1.2873631797148324,2.17590508380994
51.0,173.0,132.63449096679688,0.5479443307532503,1.4915089129393202,-3.962567259995982,-3.434557513050347,-0.5299218603500725,-0.542783257773751,0.4061647558031358,3.583633584550882,-1.2855531915315936,2.174841645565911
51.0,173.0,132.63449096679688,0.5478794275128381,1.4915076700365577,-3.9626964198457695,-3.425667844574314,-0.5319093348805342,-0.5427832578724885,0.3954950648561162,3.583632877286047,-1.287425365421958,2.187722407741337
51.0,174.0,132.62808227539062,0.5478948821106959,1.4915126322271512,-4.018565007985094,-3.429984982496617,-0.5849024594135139,-0.5427832579015086,0.3701326336091446,3.5836336395795687,-1.287454054547188,2.1748392698901005
51.0,174.0,132.62808227539062,0.5478948821106959,1.4915126322271512,-4.018565007985094,-3.429984982496617,-0.5849024594135139,-0.5427832579015086,0.37059461730126,3.5836336395795687,-1.2874818471703546,2.1748392698901005
51.0,174.0,132.62808227539062,0.5478948821106959,1.4915125369362046,-4.018565007985094,-3.429984982496617,-0.585550776313577,-0.5279721935780763,0.3535768109007595,3.5836336395795687,-1.287454054547188,2.174267131087437
51.0,174.0,132.62808227539062,0.5479371659054912,1.49151008825493,-4.0168287821850335,-3.429984982496617,-0.5976865291217942,-0.5427832579015086,0.3698882394018333,3.5836336395795687,-1.2874808364368373,2.1750736287977723
51.0,174.0,132.62808227539062,0.5478783960350889,1.4915126322271512,-4.013231974046128,-3.429931259189822,-0.5853959079524219,-0.5427832579015086,0.3720227595107219,3.5836336395795687,-1.2874814237295416,2.1748392698901005
51.0,174.0,132.62808227539062,0.5478948821106959,1.4915126322271512,-4.018565007985094,-3.429984982496617,-0.5849038134755663,-0.5427832579015086,0.3530703330578133,3.5836336395795687,-1.2874818471703546,2.1748392698901005
51.0,174.0,132.62808227539062,0.5478948821106959,1.4915126322271512,-4.016336684172381,-3.434426143155825,-0.5849038134755663,-0.542783257782956,0.3530703330578133,3.583633585422957,-1.2873613426977333,2.1764212863434835
51.0,174.0,132.62808227539062,0.5478948821106959,1.4915126322271512,-4.018565007985094,-3.429984982496617,-0.5849024594135139,-0.5427832579015086,0.3701326336091446,3.5836336395795687,-1.287454054547188,2.1748392698901005
51.0,174.0,132.62808227539062,0.5478783960350889,1.4915126322271512,-4.013231974046128,-3.429931259189822,-0.5853959079524219,-0.5427832579015086,0.3720227595107219,3.5836336395795687,-1.2874814237295416,2.1748392698901005
51.0,174.0,132.62808227539062,0.5478948821106959,1.4915126322271512,-4.013322040356646,-3.4299823092542527,-0.5849024594135139,-0.5427832579015086,0.37059461730126,3.5836336395795687,-1.2874818471703546,2.1748392698901005
51.0,174.0,132.62808227539062,0.5479442460587678,1.49151008825493,-4.0168287821850335,-3.429984982496617,-0.5976865291217942,-0.5427832577767248,0.3698882394018333,3.5836336395795687,-1.2592496340822534,2.1759126645516123
51.0,174.0,132.63449096679688,0.5479443307532503,1.4915049366339104,-3.962633557834935,-3.434557513050347,-0.5294494055119336,-0.542783257773751,0.4061124439826367,3.583633584550882,-1.287362823881986,2.17590508380994
51.0,174.0,132.63449096679688,0.5480346334435425,1.4915358671871106,-3.96270189928064,-3.43458928647094,-0.5284934810086279,-0.5427832486342066,0.3955962468310909,3.584020426865266,-1.2853940105912247,2.19910929935755
51.0,174.0,132.63449096679688,0.5479443307532503,1.4915089129393202,-3.962633386298077,-3.434557513050347,-0.5299218603500725,-0.542783257773751,0.406168943274781,3.583633584550882,-1.287480815620589,2.17524651555813
51.0,174.0,132.63449096679688,0.5479443307532503,1.4915089129393202,-3.962570259392286,-3.434557513050347,-0.5299218603500725,-0.542783257773751,0.406168943274781,3.583633584550882,-1.2855531915315936,2.174841645565911
51.0,174.0,132.63449096679688,0.5479443307532503,1.4915049366339104,-3.962633557834935,-3.434557513050347,-0.5294494055119336,-0.542783257773751,0.4061124439826367,3.583633584550882,-1.287362823881986,2.17590508380994
51.0,174.0,132.63449096679688,0.5480346334435425,1.4915358671871106,-3.96270189928064,-3.43458928647094,-0.5284934810086279,-0.5427832486342066,0.3955962468310909,3.584020426865266,-1.2853940105912247,2.19910929935755
51.0,174.0,132.63449096679688,0.5479427964495454,1.4915100851427567,-3.962634388366512,-3.429984982496617,-0.5294494055119336,-0.5427832578974818,0.3701326336091446,3.5836336395795687,-1.2873924461820083,2.1748392698901005
51.0,174.0,132.63449096679688,0.5479443307532503,1.491649059294594,-3.9625711193724378,-3.4319721003301296,-0.5299218603500725,-0.542783257773751,0.4061391480894828,3.583631553332056,-1.287454885568915,2.174841645565911
51.0,174.0,132.63449096679688,0.5479450754820889,1.4915358671871106,-3.962701730588294,-3.43458928647094,-0.5284934810086279,-0.5427832575244437,0.3955962468310909,3.583606466606041,-1.2853940105912247,2.19910929935755
51.0,174.0,132.63449096679688,0.5479443307532503,1.4915049366339104,-3.962633557834935,-3.434557513050347,-0.5294494055119336,-0.542783257773751,0.4061124439826367,3.583633584550882,-1.287362823881986,2.17590508380994
51.0,174.0,132.63449096679688,0.5478794275128381,1.4915073233667324,-3.962634563205784,-3.425667844574314,-0.5316073164320063,-0.542783257874277,0.4079830073726454,3.5840114016237066,-1.2873924461820083,2.1748392698901005
51.0,174.0,132.63449096679688,0.5478794275128381,1.4915077276054696,-3.9626964198457695,-3.425667844574314,-0.5319093348805342,-0.5427832578724885,0.3954950648561162,3.583631056644436,-1.287425365421958,2.17703297347557
51.0,174.0,132.63449096679688,0.5479443307532503,1.4915089129393202,-3.962633386298077,-3.43061292192912,-0.5299218603500725,-0.5427832483572392,0.4062155360258249,3.5837297581783227,-1.287480815620589,2.17433400351874
51.0,174.0,132.63449096679688,0.5479043890797272,1.4915127049508188,-3.962483624971661,-3.429984982496617,-0.5294494055119336,-0.5427832578974818,0.3701326336091446,3.5836336395795687,-1.2873924461820083,2.1748392698901005
51.0,174.0,132.63449096679688,0.5480346334435425,1.4915358671871106,-3.96270189928064,-3.43458928647094,-0.5284934810086279,-0.5427832486342066,0.3955962468310909,3.584020426865266,-1.2853940105912247,2.19910929935755
51.0,174.0,132.63449096679688,0.5479450754820889,1.4915358671871106,-3.962701730588294,-3.43458928647094,-0.5284934810086279,-0.5427832575244437,0.3955962468310909,3.583606466606041,-1.2853940105912247,2.19910929935755
51.0,174.0,132.63449096679688,0.5479443307532503,1.4915089129393202,-3.962634823555003,-3.434557513050347,-0.5299218603500725,-0.542783257773751,0.4061438604334335,3.583638363681787,-1.287480815620589,2.17524651555813
51.0,174.0,132.63449096679688,0.5479427179272824,1.491516505548138,-3.962633063453896,-3.4319057602288323,-0.5299152232478644,-0.5427832579015284,0.4061391480894828,3.583631553332056,-1.2874515118743466,2.174841645565911
51.0,174.0,132.63449096679688,0.5480346334435425,1.4915358671871106,-3.96270189928064,-3.43458928647094,-0.5284934810086279,-0.5427832486342066,0.3955962468310909,3.584020426865266,-1.2853940105912247,2.19910929935755
51.0,174.0,132.63449096679688,0.5479443307532503,1.4915049366339104,-3.962633557834935,-3.434557513050347,-0.5294494055119336,-0.542783257773751,0.4061124439826367,3.583633584550882,-1.287362823881986,2.17590508380994
51.0,174.0,132.63449096679688,0.5480346334435425,1.4915358671871106,-3.96270189928064,-3.43458928647094,-0.5284934810086279,-0.5427832486341615,0.3955962468310909,3.584020426865266,-1.2853940105912247,2.19910929935755
51.0,174.0,132.63449096679688,0.5478794275128381,1.4915076700365577,-3.9626964198457695,-3.425667844574314,-0.5319093348805342,-0.5427832578724885,0.3954950648561162,3.583632877286047,-1.287425365421958,2.17703297347557
51.0,174.0,132.63449096679688,0.5479443307532503,1.4915049366339104,-3.962633557834935,-3.434557513050347,-0.5294494055119336,-0.542783257773751,0.4061124439826367,3.583633584550882,-1.287362823881986,2.176465109677832
51.0,174.0,132.63449096679688,0.5479450754820889,1.4915358671871106,-3.962703613678171,-3.43458928647094,-0.5284934810086279,-0.5427832576912359,0.3955962468310909,3.583606466606041,-1.2853940105912247,2.19910929935755
51.0,174.0,132.63449096679688,0.5480287078407784,1.49153693704238,-3.962633078016185,-3.434557513050347,-0.5299218603500725,-0.5427832487089763,0.4065301790917218,3.583638363681787,-1.287480815620589,2.17524651555813
51.0,174.0,132.63449096679688,0.5479443307532503,1.491508970508232,-3.962633386298077,-3.43061292192912,-0.5299218603500725,-0.5427832483572392,0.4062155360258249,3.583727937536712,-1.287480815620589,2.17433400351874
51.0,174.0,132.63449096679688,0.5479427179272824,1.491516505548138,-3.962633063453896,-3.4319057602288323,-0.5299152232478644,-0.5427832579015284,0.4061391480894828,3.583631553332056,-1.2874515118743466,2.174841645565911
51.0,174.0,132.63449096679688,0.5479492757942637,1.4915049366339104,-3.962635938705654,-3.434590151118167,-0.5284470075192604,-0.5427832575884135,0.4061124439826367,3.5836522024142505,-1.287362823881986,2.176465109677832
51.0,174.0,132.63449096679688,0.5478767663702792,1.491504888380763,-3.962634649641227,-3.434267066648049,-0.5294494055119336,-0.5427832578722989,0.4057089633595337,3.58362152783983,-1.2873928215836266,2.17590508380994
51.0,174.0,132.63449096679688,0.5479443307532503,1.491508016227045,-3.96263341896752,-3.4306258776168965,-0.5299218603500725,-0.5427832483608991,0.4062155360258249,3.5837066775123203,-1.287480815620589,2.17433400351874
51.0,174.0,132.63449096679688,0.5480346334435425,1.4915358671871106,-3.962701904330587,-3.43458928647094,-0.5284934810086279,-0.5427832483834628,0.3955962468310909,3.584020426865266,-1.2853940105912247,2.19910929935755
51.0,174.0,132.63449096679688,0.547937334783623,1.4915100851427567,-3.9627014968146543,-3.429984982496617,-0.5294568977045776,-0.5427832578974818,0.3699162894566278,3.5836336395795687,-1.2875321439894798,2.1750684624434897
51.0,174.0,132.63449096679688,0.5479528646980325,1.491516505548138,-3.962631667565327,-3.426347203262988,-0.5299152232478644,-0.5427832575034213,0.4061526462829934,3.583627555924569,-1.2874515118743466,2.174247113838662
51.0,174.0,132.63449096679688,0.5479443307532503,1.491649059294594,-3.9625711193724378,-3.4319721003301296,-0.5299218603500725,-0.542783257773751,0.4061391480894828,3.583631553332056,-1.287454885568915,2.174841645565911
51.0,174.0,132.63449096679688,0.5479443307532503,1.4915049366339104,-3.962636557231239,-3.434557513050347,-0.5294494055119336,-0.542783257773751,0.4061166314542819,3.583633584550882,-1.287362823881986,2.17590508380994
51.0,174.0,132.63449096679688,0.5478794275128381,1.4915077276054696,-3.9626964198457695,-3.425667844574314,-0.5319093348805342,-0.5427832578724885,0.3954950648561162,3.583631045299375,-1.287425365421958,2.17703297347557
51.0,174.0,132.63449096679688,0.5479029409119693,1.491649059294594,-3.97078966228464,-3.4319721003301296,-0.5299218603500725,-0.542783257773751,0.4061391480894828,3.583631553332056,-1.287454885568915,2.174841645565911
51.0,174.0,132.63449096679688,0.5480346334435425,1.4915358671871106,-3.96270189928064,-3.43458928647094,-0.5284934810086279,-0.5427832486342066,0.3955962468310909,3.584020426865266,-1.2853940105912247,2.19910929935755
51.0,174.0,132.63449096679688,0.5478794275128381,1.4915076700365577,-3.9626964198457695,-3.425667844574314,-0.5319093348805342,-0.5427832578724885,0.3954950648561162,3.583632877286047,-1.287425365421958,2.187722407741337
51.0,175.0,132.62808227539062,0.5478948821106959,1.4915126322271512,-4.018565007985094,-3.429984982496617,-0.5849024594135139,-0.5427832579015086,0.3701326336091446,3.5836336395795687,-1.287454054547188,2.1748392698901005
51.0,175.0,132.62808227539062,0.5478948821106959,1.4915126322271512,-4.018565007985094,-3.429984982496617,-0.5849024594135139,-0.5427832579015086,0.37059461730126,3.5836336395795687,-1.2874818471703546,2.1748392698901005
51.0,175.0,132.62808227539062,0.5478948821106959,1.4915125369362046,-4.018565007985094,-3.429984982496617,-0.585550776313577,-0.5279721935780763,0.3535768109007595,3.5836336395795687,-1.287454054547188,2.174267131087437
51.0,175.0,132.62808227539062,0.5479371659054912,1.49151008825493,-4.0168287821850335,-3.429984982496617,-0.5976865291217942,-0.5427832579015086,0.3698882394018333,3.5836336395795687,-1.2874808364368373,2.1750736287977723
51.0,175.0,132.62808227539062,0.5478783960350889,1.4915126322271512,-4.013231974046128,-3.429931259189822,-0.5853959079524219,-0.5427832579015086,0.3720227595107219,3.5836336395795687,-1.2874814237295416,2.1748392698901005
51.0,175.0,132.62808227539062,0.5478948821106959,1.4915126322271512,-4.018565007985094,-3.429984982496617,-0.5849038134755663,-0.5427832579015086,0.3530703330578133,3.5836336395795687,-1.2874818471703546,2.1748392698901005
51.0,175.0,132.62808227539062,0.5478948821106959,1.4915126322271512,-4.016336684172381,-3.434426143155825,-0.5849038134755663,-0.542783257782956,0.3530703330578133,3.583633585422957,-1.2873613426977333,2.1764212863434835
51.0,175.0,132.62808227539062,0.5478948821106959,1.4915126322271512,-4.018565007985094,-3.429984982496617,-0.5849024594135139,-0.5427832579015086,0.3701326336091446,3.5836336395795687,-1.287454054547188,2.1748392698901005
51.0,175.0,132.62808227539062,0.5478783960350889,1.4915126322271512,-4.013231974046128,-3.429931259189822,-0.5853959079524219,-0.5427832579015086,0.3720227595107219,3.5836336395795687,-1.2874814237295416,2.1748392698901005
51.0,175.0,132.62808227539062,0.5478948821106959,1.4915126322271512,-4.013322040356646,-3.4299823092542527,-0.5849024594135139,-0.5427832579015086,0.37059461730126,3.5836336395795687,-1.2874818471703546,2.1748392698901005
51.0,175.0,132.62808227539062,0.5479442460587678,1.49151008825493,-4.0168287821850335,-3.429984982496617,-0.5976865291217942,-0.5427832577767248,0.3698882394018333,3.5836336395795687,-1.2592496340822534,2.1759126645516123
51.0,175.0,132.62808227539062,0.547937616529104,1.49151008825493,-4.0168287821850335,-3.429984982496617,-0.5976865291217942,-0.5427832578991345,0.3698882394018333,3.5836336395795687,-1.2866427087170385,2.1759126645516123
51.0,175.0,132.62808227539062,0.5479371659054912,1.4915106906779072,-4.0168287821850335,-3.4349824467745527,-0.5955271495185809,-0.5427832579015086,0.3698882394018333,3.5703208031567057,-1.2854039180628944,2.1750736287977723
51.0,175.0,132.63449096679688,0.5479443307532503,1.4915049366339104,-3.962633557834935,-3.434557513050347,-0.5294494055119336,-0.542783257773751,0.4061124439826367,3.583633584550882,-1.287362823881986,2.17590508380994
51.0,175.0,132.63449096679688,0.5480346334435425,1.4915358671871106,-3.96270189928064,-3.43458928647094,-0.5284934810086279,-0.5427832486342066,0.3955962468310909,3.584020426865266,-1.2853940105912247,2.19910929935755
51.0,175.0,132.63449096679688,0.5479443307532503,1.4915089129393202,-3.962633386298077,-3.434557513050347,-0.5299218603500725,-0.542783257773751,0.406168943274781,3.583633584550882,-1.287480815620589,2.17524651555813
51.0,175.0,132.63449096679688,0.5479443307532503,1.4915089129393202,-3.962570259392286,-3.434557513050347,-0.5299218603500725,-0.542783257773751,0.406168943274781,3.583633584550882,-1.2855531915315936,2.174841645565911
51.0,175.0,132.63449096679688,0.5479443307532503,1.4915049366339104,-3.962633557834935,-3.434557513050347,-0.5294494055119336,-0.542783257773751,0.4061124439826367,3.583633584550882,-1.287362823881986,2.17590508380994
51.0,175.0,132.63449096679688,0.5480346334435425,1.4915358671871106,-3.96270189928064,-3.43458928647094,-0.5284934810086279,-0.5427832486342066,0.3955962468310909,3.584020426865266,-1.2853940105912247,2.19910929935755
51.0,175.0,132.63449096679688,0.5479427964495454,1.4915100851427567,-3.962634388366512,-3.429984982496617,-0.5294494055119336,-0.5427832578974818,0.3701326336091446,3.5836336395795687,-1.2873924461820083,2.1748392698901005
51.0,175.0,132.63449096679688,0.5479443307532503,1.491649059294594,-3.9625711193724378,-3.4319721003301296,-0.5299218603500725,-0.542783257773751,0.4061391480894828,3.583631553332056,-1.287454885568915,2.174841645565911
51.0,175.0,132.63449096679688,0.5479450754820889,1.4915358671871106,-3.962701730588294,-3.43458928647094,-0.5284934810086279,-0.5427832575244437,0.3955962468310909,3.583606466606041,-1.2853940105912247,2.19910929935755
51.0,175.0,132.63449096679688,0.5479443307532503,1.4915049366339104,-3.962633557834935,-3.434557513050347,-0.5294494055119336,-0.542783257773751,0.4061124439826367,3.583633584550882,-1.287362823881986,2.17590508380994
51.0,175.0,132.63449096679688,0.5478794275128381,1.4915073233667324,-3.962634563205784,-3.425667844574314,-0.5316073164320063,-0.542783257874277,0.4079830073726454,3.5840114016237066,-1.2873924461820083,2.1748392698901005
51.0,175.0,132.63449096679688,0.5478794275128381,1.4915077276054696,-3.9626964198457695,-3.425667844574314,-0.5319093348805342,-0.5427832578724885,0.3954950648561162,3.583631056644436,-1.287425365421958,2.17703297347557
51.0,175.0,132.63449096679688,0.5479443307532503,1.4915089129393202,-3.962633386298077,-3.43061292192912,-0.5299218603500725,-0.5427832483572392,0.4062155360258249,3.5837297581783227,-1.287480815620589,2.17433400351874
51.0,175.0,132.63449096679688,0.5479043890797272,1.4915127049508188,-3.962483624971661,-3.429984982496617,-0.5294494055119336,-0.5427832578974818,0.3701326336091446,3.5836336395795687,-1.2873924461820083,2.1748392698901005
51.0,175.0,132.63449096679688,0.5480346334435425,1.4915358671871106,-3.96270189928064,-3.43458928647094,-0.5284934810086279,-0.5427832486342066,0.3955962468310909,3.584020426865266,-1.2853940105912247,2.19910929935755
51.0,175.0,132.63449096679688,0.5479450754820889,1.4915358671871106,-3.962701730588294,-3.43458928647094,-0.5284934810086279,-0.5427832575244437,0.3955962468310909,3.583606466606041,-1.2853940105912247,2.19910929935755
51.0,175.0,132.63449096679688,0.5479443307532503,1.4915089129393202,-3.962634823555003,-3.434557513050347,-0.5299218603500725,-0.542783257773751,0.4061438604334335,3.583638363681787,-1.287480815620589,2.17524651555813
51.0,175.0,132.63449096679688,0.5479427179272824,1.491516505548138,-3.962633063453896,-3.4319057602288323,-0.5299152232478644,-0.5427832579015284,0.4061391480894828,3.583631553332056,-1.2874515118743466,2.174841645565911
51.0,175.0,132.63449096679688,0.5480346334435425,1.4915358671871106,-3.96270189928064,-3.43458928647094,-0.5284934810086279,-0.5427832486342066,0.3955962468310909,3.584020426865266,-1.2853940105912247,2.19910929935755
51.0,175.0,132.63449096679688,0.5479443307532503,1.4915049366339104,-3.962633557834935,-3.434557513050347,-0.5294494055119336,-0.542783257773751,0.4061124439826367,3.583633584550882,-1.287362823881986,2.17590508380994
51.0,175.0,132.63449096679688,0.5480346334435425,1.4915358671871106,-3.96270189928064,-3.43458928647094,-0.5284934810086279,-0.5427832486341615,0.3955962468310909,3.584020426865266,-1.2853940105912247,2.19910929935755
51.0,175.0,132.63449096679688,0.5478794275128381,1.4915076700365577,-3.9626964198457695,-3.425667844574314,-0.5319093348805342,-0.5427832578724885,0.3954950648561162,3.583632877286047,-1.287425365421958,2.17703297347557
51.0,175.0,132.63449096679688,0.5479443307532503,1.4915049366339104,-3.962633557834935,-3.434557513050347,-0.5294494055119336,-0.542783257773751,0.4061124439826367,3.583633584550882,-1.287362823881986,2.176465109677832
51.0,175.0,132.63449096679688,0.5479450754820889,1.4915358671871106,-3.962703613678171,-3.43458928647094,-0.5284934810086279,-0.5427832576912359,0.3955962468310909,3.583606466606041,-1.2853940105912247,2.19910929935755
51.0,175.0,132.63449096679688,0.5480287078407784,1.49153693704238,-3.962633078016185,-3.434557513050347,-0.5299218603500725,-0.5427832487089763,0.4065301790917218,3.583638363681787,-1.287480815620589,2.17524651555813
51.0,175.0,132.63449096679688,0.5479443307532503,1.491508970508232,-3.962633386298077,-3.43061292192912,-0.5299218603500725,-0.5427832483572392,0.4062155360258249,3.583727937536712,-1.287480815620589,2.17433400351874
51.0,175.0,132.63449096679688,0.5479427179272824,1.491516505548138,-3.962633063453896,-3.4319057602288323,-0.5299152232478644,-0.5427832579015284,0.4061391480894828,3.583631553332056,-1.2874515118743466,2.174841645565911
51.0,175.0,132.63449096679688,0.5479492757942637,1.4915049366339104,-3.962635938705654,-3.434590151118167,-0.5284470075192604,-0.5427832575884135,0.4061124439826367,3.5836522024142505,-1.287362823881986,2.176465109677832
51.0,175.0,132.63449096679688,0.5478767663702792,1.491504888380763,-3.962634649641227,-3.434267066648049,-0.5294494055119336,-0.5427832578722989,0.4057089633595337,3.58362152783983,-1.2873928215836266,2.17590508380994
51.0,175.0,132.63449096679688,0.5479443307532503,1.491508016227045,-3.96263341896752,-3.4306258776168965,-0.5299218603500725,-0.5427832483608991,0.4062155360258249,3.5837066775123203,-1.287480815620589,2.17433400351874
51.0,175.0,132.63449096679688,0.5480346334435425,1.4915358671871106,-3.962701904330587,-3.43458928647094,-0.5284934810086279,-0.5427832483834628,0.3955962468310909,3.584020426865266,-1.2853940105912247,2.19910929935755
51.0,175.0,132.63449096679688,0.547937334783623,1.4915100851427567,-3.9627014968146543,-3.429984982496617,-0.5294568977045776,-0.5427832578974818,0.3699162894566278,3.5836336395795687,-1.2875321439894798,2.1750684624434897
51.0,175.0,132.63449096679688,0.5479528646980325,1.491516505548138,-3.962631667565327,-3.426347203262988,-0.5299152232478644,-0.5427832575034213,0.4061526462829934,3.583627555924569,-1.2874515118743466,2.174247113838662
51.0,175.0,132.63449096679688,0.5479443307532503,1.491649059294594,-3.9625711193724378,-3.4319721003301296,-0.5299218603500725,-0.542783257773751,0.4061391480894828,3.583631553332056,-1.287454885568915,2.174841645565911
51.0,175.0,132.63449096679688,0.5479443307532503,1.4915049366339104,-3.962636557231239,-3.434557513050347,-0.5294494055119336,-0.542783257773751,0.4061166314542819,3.583633584550882,-1.287362823881986,2.17590508380994
51.0,175.0,132.63449096679688,0.5478794275128381,1.4915077276054696,-3.9626964198457695,-3.425667844574314,-0.5319093348805342,-0.5427832578724885,0.3954950648561162,3.583631045299375,-1.287425365421958,2.17703297347557
51.0,175.0,132.63449096679688,0.5479029409119693,1.491649059294594,-3.97078966228464,-3.4319721003301296,-0.5299218603500725,-0.542783257773751,0.4061391480894828,3.583631553332056,-1.287454885568915,2.174841645565911
51.0,176.0,132.62808227539062,0.5478948821106959,1.4915126322271512,-4.018565007985094,-3.429984982496617,-0.5849024594135139,-0.5427832579015086,0.3701326336091446,3.5836336395795687,-1.287454054547188,2.1748392698901005
51.0,176.0,132.62808227539062,0.5478948821106959,1.4915126322271512,-4.018565007985094,-3.429984982496617,-0.5849024594135139,-0.5427832579015086,0.37059461730126,3.5836336395795687,-1.2874818471703546,2.1748392698901005
51.0,176.0,132.62808227539062,0.5478948821106959,1.4915125369362046,-4.018565007985094,-3.429984982496617,-0.585550776313577,-0.5279721935780763,0.3535768109007595,3.5836336395795687,-1.287454054547188,2.174267131087437
51.0,176.0,132.62808227539062,0.5479371659054912,1.49151008825493,-4.0168287821850335,-3.429984982496617,-0.5976865291217942,-0.5427832579015086,0.3698882394018333,3.5836336395795687,-1.2874808364368373,2.1750736287977723
51.0,176.0,132.62808227539062,0.5478783960350889,1.4915126322271512,-4.013231974046128,-3.429931259189822,-0.5853959079524219,-0.5427832579015086,0.3720227595107219,3.5836336395795687,-1.2874814237295416,2.1748392698901005
51.0,176.0,132.62808227539062,0.5478948821106959,1.4915126322271512,-4.018565007985094,-3.429984982496617,-0.5849038134755663,-0.5427832579015086,0.3530703330578133,3.5836336395795687,-1.2874818471703546,2.1748392698901005
51.0,176.0,132.62808227539062,0.5478948821106959,1.4915126322271512,-4.016336684172381,-3.434426143155825,-0.5849038134755663,-0.542783257782956,0.3530703330578133,3.583633585422957,-1.2873613426977333,2.1764212863434835
51.0,176.0,132.62808227539062,0.5478948821106959,1.4915126322271512,-4.018565007985094,-3.429984982496617,-0.5849024594135139,-0.5427832579015086,0.3701326336091446,3.5836336395795687,-1.287454054547188,2.1748392698901005
51.0,176.0,132.62808227539062,0.5478783960350889,1.4915126322271512,-4.013231974046128,-3.429931259189822,-0.5853959079524219,-0.5427832579015086,0.3720227595107219,3.5836336395795687,-1.2874814237295416,2.1748392698901005
51.0,176.0,132.62808227539062,0.5478948821106959,1.4915126322271512,-4.013322040356646,-3.4299823092542527,-0.5849024594135139,-0.5427832579015086,0.37059461730126,3.5836336395795687,-1.2874818471703546,2.1748392698901005
51.0,176.0,132.62808227539062,0.5479442460587678,1.49151008825493,-4.0168287821850335,-3.429984982496617,-0.5976865291217942,-0.5427832577767248,0.3698882394018333,3.5836336395795687,-1.2592496340822534,2.1759126645516123
51.0,176.0,132.62808227539062,0.547937616529104,1.49151008825493,-4.0168287821850335,-3.429984982496617,-0.5976865291217942,-0.5427832578991345,0.3698882394018333,3.5836336395795687,-1.2866427087170385,2.1759126645516123
51.0,176.0,132.62808227539062,0.5479371659054912,1.4915106906779072,-4.0168287821850335,-3.4349824467745527,-0.5955271495185809,-0.5427832579015086,0.3698882394018333,3.5703208031567057,-1.2854039180628944,2.1750736287977723
51.0,176.0,132.62808227539062,0.5478948821106959,1.4915126322271512,-4.018565007985094,-3.429984982496617,-0.5849038134755663,-0.5427832579015086,0.3530703330578133,3.5836336395795687,-1.2874818471703546,2.1748392698901005
51.0,176.0,132.62808227539062,0.5478948821106959,1.4915121369401692,-4.017412237295675,-3.429984982496617,-0.5860867837023092,-0.5279721935780763,0.3535768109007595,3.5836336395795687,-1.2873476441941856,2.174267131087437
51.0,176.0,132.62808227539062,0.5478779684829103,1.4915100582119574,-4.016556178241865,-3.429931259189822,-0.5853959079524219,-0.5427832579015086,0.3699401538168486,3.5836336395795687,-1.2874814237295416,2.1748339715722382
51.0,176.0,132.62808227539062,0.5478948821106959,1.491510115505245,-4.018565007985094,-3.429984982496617,-0.585550776313577,-0.5279721935780763,0.3532251727814096,3.5836336395795687,-1.287454054547188,2.174196968619919
51.0,176.0,132.62808227539062,0.5478783960350889,1.4915126322271512,-4.0115682631224345,-3.429931259189822,-0.5853959079524219,-0.5427832577720734,0.3720227595107219,3.5836336401050257,-1.2874814237295416,2.1748392698901005
51.0,176.0,132.62808227539062,0.5478777894201731,1.4915126322271512,-4.013098196013769,-3.4348979588315944,-0.5853959079524219,-0.5427832579015086,0.3720227595107219,3.5836336395795687,-1.2853275760651472,2.175045059501364
51.0,176.0,132.62808227539062,0.5478951812995236,1.4915126322271512,-4.018565007985094,-3.429984982496617,-0.5848787132213917,-0.5427832579015086,0.3701326336091446,3.5836336395795687,-1.2874537400465145,2.1748392698901005
51.0,176.0,132.63449096679688,0.5479443307532503,1.4915049366339104,-3.962633557834935,-3.434557513050347,-0.5294494055119336,-0.542783257773751,0.4061124439826367,3.583633584550882,-1.287362823881986,2.17590508380994
51.0,176.0,132.63449096679688,0.5480346334435425,1.4915358671871106,-3.96270189928064,-3.43458928647094,-0.5284934810086279,-0.5427832486342066,0.3955962468310909,3.584020426865266,-1.2853940105912247,2.19910929935755
51.0,176.0,132.63449096679688,0.5479443307532503,1.4915089129393202,-3.962633386298077,-3.434557513050347,-0.5299218603500725,-0.542783257773751,0.406168943274781,3.583633584550882,-1.287480815620589,2.17524651555813
51.0,176.0,132.63449096679688,0.5479443307532503,1.4915089129393202,-3.962570259392286,-3.434557513050347,-0.5299218603500725,-0.542783257773751,0.406168943274781,3.583633584550882,-1.2855531915315936,2.174841645565911
51.0,176.0,132.63449096679688,0.5479443307532503,1.4915049366339104,-3.962633557834935,-3.434557513050347,-0.5294494055119336,-0.542783257773751,0.4061124439826367,3.583633584550882,-1.287362823881986,2.17590508380994
51.0,176.0,132.63449096679688,0.5480346334435425,1.4915358671871106,-3.96270189928064,-3.43458928647094,-0.5284934810086279,-0.5427832486342066,0.3955962468310909,3.584020426865266,-1.2853940105912247,2.19910929935755
51.0,176.0,132.63449096679688,0.5479427964495454,1.4915100851427567,-3.962634388366512,-3.429984982496617,-0.5294494055119336,-0.5427832578974818,0.3701326336091446,3.5836336395795687,-1.2873924461820083,2.1748392698901005
51.0,176.0,132.63449096679688,0.5479443307532503,1.491649059294594,-3.9625711193724378,-3.4319721003301296,-0.5299218603500725,-0.542783257773751,0.4061391480894828,3.583631553332056,-1.287454885568915,2.174841645565911
51.0,176.0,132.63449096679688,0.5479450754820889,1.4915358671871106,-3.962701730588294,-3.43458928647094,-0.5284934810086279,-0.5427832575244437,0.3955962468310909,3.583606466606041,-1.2853940105912247,2.19910929935755
51.0,176.0,132.63449096679688,0.5479443307532503,1.4915049366339104,-3.962633557834935,-3.434557513050347,-0.5294494055119336,-0.542783257773751,0.4061124439826367,3.583633584550882,-1.287362823881986,2.17590508380994
51.0,176.0,132.63449096679688,0.5478794275128381,1.4915073233667324,-3.962634563205784,-3.425667844574314,-0.5316073164320063,-0.542783257874277,0.4079830073726454,3.5840114016237066,-1.2873924461820083,2.1748392698901005
51.0,176.0,132.63449096679688,0.5478794275128381,1.4915077276054696,-3.9626964198457695,-3.425667844574314,-0.5319093348805342,-0.5427832578724885,0.3954950648561162,3.583631056644436,-1.287425365421958,2.17703297347557
51.0,176.0,132.63449096679688,0.5479443307532503,1.4915089129393202,-3.962633386298077,-3.43061292192912,-0.5299218603500725,-0.5427832483572392,0.4062155360258249,3.5837297581783227,-1.287480815620589,2.17433400351874
51.0,176.0,132.63449096679688,0.5479043890797272,1.4915127049508188,-3.962483624971661,-3.429984982496617,-0.5294494055119336,-0.5427832578974818,0.3701326336091446,3.5836336395795687,-1.2873924461820083,2.1748392698901005
51.0,176.0,132.63449096679688,0.5480346334435425,1.4915358671871106,-3.96270189928064,-3.43458928647094,-0.5284934810086279,-0.5427832486342066,0.3955962468310909,3.584020426865266,-1.2853940105912247,2.19910929935755
51.0,176.0,132.63449096679688,0.5479450754820889,1.4915358671871106,-3.962701730588294,-3.43458928647094,-0.5284934810086279,-0.5427832575244437,0.3955962468310909,3.583606466606041,-1.2853940105912247,2.19910929935755
51.0,176.0,132.63449096679688,0.5479443307532503,1.4915089129393202,-3.962634823555003,-3.434557513050347,-0.5299218603500725,-0.542783257773751,0.4061438604334335,3.583638363681787,-1.287480815620589,2.17524651555813
51.0,176.0,132.63449096679688,0.5479427179272824,1.491516505548138,-3.962633063453896,-3.4319057602288323,-0.5299152232478644,-0.5427832579015284,0.4061391480894828,3.583631553332056,-1.2874515118743466,2.174841645565911
51.0,176.0,132.63449096679688,0.5480346334435425,1.4915358671871106,-3.96270189928064,-3.43458928647094,-0.5284934810086279,-0.5427832486342066,0.3955962468310909,3.584020426865266,-1.2853940105912247,2.19910929935755
51.0,176.0,132.63449096679688,0.5479443307532503,1.4915049366339104,-3.962633557834935,-3.434557513050347,-0.5294494055119336,-0.542783257773751,0.4061124439826367,3.583633584550882,-1.287362823881986,2.17590508380994
51.0,176.0,132.63449096679688,0.5480346334435425,1.4915358671871106,-3.96270189928064,-3.43458928647094,-0.5284934810086279,-0.5427832486341615,0.3955962468310909,3.584020426865266,-1.2853940105912247,2.19910929935755
51.0,176.0,132.63449096679688,0.5478794275128381,1.4915076700365577,-3.9626964198457695,-3.425667844574314,-0.5319093348805342,-0.5427832578724885,0.3954950648561162,3.583632877286047,-1.287425365421958,2.17703297347557
51.0,176.0,132.63449096679688,0.5479443307532503,1.4915049366339104,-3.962633557834935,-3.434557513050347,-0.5294494055119336,-0.542783257773751,0.4061124439826367,3.583633584550882,-1.287362823881986,2.176465109677832
51.0,176.0,132.63449096679688,0.5479450754820889,1.4915358671871106,-3.962703613678171,-3.43458928647094,-0.5284934810086279,-0.5427832576912359,0.3955962468310909,3.583606466606041,-1.2853940105912247,2.19910929935755
51.0,176.0,132.63449096679688,0.5480287078407784,1.49153693704238,-3.962633078016185,-3.434557513050347,-0.5299218603500725,-0.5427832487089763,0.4065301790917218,3.583638363681787,-1.287480815620589,2.17524651555813
51.0,176.0,132.63449096679688,0.5479443307532503,1.491508970508232,-3.962633386298077,-3.43061292192912,-0.5299218603500725,-0.5427832483572392,0.4062155360258249,3.583727937536712,-1.287480815620589,2.17433400351874
51.0,176.0,132.63449096679688,0.5479427179272824,1.491516505548138,-3.962633063453896,-3.4319057602288323,-0.5299152232478644,-0.5427832579015284,0.4061391480894828,3.583631553332056,-1.2874515118743466,2.174841645565911
51.0,176.0,132.63449096679688,0.5479492757942637,1.4915049366339104,-3.962635938705654,-3.434590151118167,-0.5284470075192604,-0.5427832575884135,0.4061124439826367,3.5836522024142505,-1.287362823881986,2.176465109677832
51.0,176.0,132.63449096679688,0.5478767663702792,1.491504888380763,-3.962634649641227,-3.434267066648049,-0.5294494055119336,-0.5427832578722989,0.4057089633595337,3.58362152783983,-1.2873928215836266,2.17590508380994
51.0,176.0,132.63449096679688,0.5479443307532503,1.491508016227045,-3.96263341896752,-3.4306258776168965,-0.5299218603500725,-0.5427832483608991,0.4062155360258249,3.5837066775123203,-1.287480815620589,2.17433400351874
51.0,177.0,132.62808227539062,0.5478948821106959,1.4915126322271512,-4.018565007985094,-3.429984982496617,-0.5849024594135139,-0.5427832579015086,0.3701326336091446,3.5836336395795687,-1.287454054547188,2.1748392698901005
51.0,177.0,132.62808227539062,0.5478948821106959,1.4915126322271512,-4.018565007985094,-3.429984982496617,-0.5849024594135139,-0.5427832579015086,0.37059461730126,3.5836336395795687,-1.2874818471703546,2.1748392698901005
51.0,177.0,132.62808227539062,0.5478948821106959,1.4915125369362046,-4.018565007985094,-3.429984982496617,-0.585550776313577,-0.5279721935780763,0.3535768109007595,3.5836336395795687,-1.287454054547188,2.174267131087437
51.0,177.0,132.62808227539062,0.5479371659054912,1.49151008825493,-4.0168287821850335,-3.429984982496617,-0.5976865291217942,-0.5427832579015086,0.3698882394018333,3.5836336395795687,-1.2874808364368373,2.1750736287977723
51.0,177.0,132.62808227539062,0.5478783960350889,1.4915126322271512,-4.013231974046128,-3.429931259189822,-0.5853959079524219,-0.5427832579015086,0.3720227595107219,3.5836336395795687,-1.2874814237295416,2.1748392698901005
51.0,177.0,132.62808227539062,0.5478948821106959,1.4915126322271512,-4.018565007985094,-3.429984982496617,-0.5849038134755663,-0.5427832579015086,0.3530703330578133,3.5836336395795687,-1.2874818471703546,2.1748392698901005
51.0,177.0,132.62808227539062,0.5478948821106959,1.4915126322271512,-4.016336684172381,-3.434426143155825,-0.5849038134755663,-0.542783257782956,0.3530703330578133,3.583633585422957,-1.2873613426977333,2.1764212863434835
51.0,177.0,132.62808227539062,0.5478948821106959,1.4915126322271512,-4.018565007985094,-3.429984982496617,-0.5849024594135139,-0.5427832579015086,0.3701326336091446,3.5836336395795687,-1.287454054547188,2.1748392698901005
51.0,177.0,132.62808227539062,0.5478783960350889,1.4915126322271512,-4.013231974046128,-3.429931259189822,-0.5853959079524219,-0.5427832579015086,0.3720227595107219,3.5836336395795687,-1.2874814237295416,2.1748392698901005
51.0,177.0,132.62808227539062,0.5478948821106959,1.4915126322271512,-4.013322040356646,-3.4299823092542527,-0.5849024594135139,-0.5427832579015086,0.37059461730126,3.5836336395795687,-1.2874818471703546,2.1748392698901005
51.0,177.0,132.62808227539062,0.5479442460587678,1.49151008825493,-4.0168287821850335,-3.429984982496617,-0.5976865291217942,-0.5427832577767248,0.3698882394018333,3.5836336395795687,-1.2592496340822534,2.1759126645516123
51.0,177.0,132.62808227539062,0.547937616529104,1.49151008825493,-4.0168287821850335,-3.429984982496617,-0.5976865291217942,-0.5427832578991345,0.3698882394018333,3.5836336395795687,-1.2866427087170385,2.1759126645516123
51.0,177.0,132.62808227539062,0.5479371659054912,1.4915106906779072,-4.0168287821850335,-3.4349824467745527,-0.5955271495185809,-0.5427832579015086,0.3698882394018333,3.5703208031567057,-1.2854039180628944,2.1750736287977723
51.0,177.0,132.62808227539062,0.5478948821106959,1.4915126322271512,-4.018565007985094,-3.429984982496617,-0.5849038134755663,-0.5427832579015086,0.3530703330578133,3.5836336395795687,-1.2874818471703546,2.1748392698901005
51.0,177.0,132.62808227539062,0.5478948821106959,1.4915121369401692,-4.017412237295675,-3.429984982496617,-0.5860867837023092,-0.5279721935780763,0.3535768109007595,3.5836336395795687,-1.2873476441941856,2.174267131087437
51.0,177.0,132.62808227539062,0.5478779684829103,1.4915100582119574,-4.016556178241865,-3.429931259189822,-0.5853959079524219,-0.5427832579015086,0.3699401538168486,3.5836336395795687,-1.2874814237295416,2.1748339715722382
51.0,177.0,132.62808227539062,0.5478948821106959,1.491510115505245,-4.018565007985094,-3.429984982496617,-0.585550776313577,-0.5279721935780763,0.3532251727814096,3.5836336395795687,-1.287454054547188,2.174196968619919
51.0,177.0,132.62808227539062,0.5478783960350889,1.4915126322271512,-4.0115682631224345,-3.429931259189822,-0.5853959079524219,-0.5427832577720734,0.3720227595107219,3.5836336401050257,-1.2874814237295416,2.1748392698901005
51.0,177.0,132.62808227539062,0.5478777894201731,1.4915126322271512,-4.013098196013769,-3.4348979588315944,-0.5853959079524219,-0.5427832579015086,0.3720227595107219,3.5836336395795687,-1.2853275760651472,2.175045059501364
51.0,177.0,132.62808227539062,0.5478951812995236,1.4915126322271512,-4.018565007985094,-3.429984982496617,-0.5848787132213917,-0.5427832579015086,0.3701326336091446,3.5836336395795687,-1.2874537400465145,2.1748392698901005
51.0,177.0,132.62808227539062,0.5479371659054912,1.49151008825493,-4.0168287821850335,-3.429984982496617,-0.5976865291217942,-0.542783257787162,0.3672821324565222,3.5836336395795687,-1.2874808364368373,2.1750736287977723
51.0,177.0,132.62808227539062,0.5478948821106959,1.4915126322271512,-4.016336684172381,-3.434426143155825,-0.5849038134755663,-0.542783257782956,0.3530703330578133,3.583633585422957,-1.287482651840964,2.176455547875888
51.0,177.0,132.62808227539062,0.5479371659054912,1.4915106906779072,-4.01855497464395,-3.4349824467745527,-0.5955271495185809,-0.5427832579015086,0.3698627616320903,3.57050069664492,-1.2873897371495855,2.1750736287977723
51.0,177.0,132.62808227539062,0.5478948821106959,1.4915126322271512,-4.018565007985094,-3.429984982496617,-0.5849038134755663,-0.5417862759426133,0.3530854246187211,3.5836336395795687,-1.2874818471703546,2.1748678712457337
51.0,177.0,132.62808227539062,0.5478783960350889,1.4915126322271512,-4.0115682631224345,-3.429931259189822,-0.5853959079524219,-0.5427832577720734,0.3720227595107219,3.5836336401050257,-1.2874814237295416,2.1748392698901005
51.0,177.0,132.62808227539062,0.5478783960350889,1.4915126322271512,-4.013231974046128,-3.429931259189822,-0.5853959079524219,-0.5427832579015086,0.3720227595107219,3.5836336395795687,-1.2874814237295416,2.1748392698901005
51.0,177.0,132.62808227539062,0.5478950984988996,1.4915047339481498,-4.018565007985094,-3.429984982496617,-0.5834720788807439,-0.5427832579015086,0.37059461730126,3.5836336395795687,-1.2874818471703546,2.1748392698901005
51.0,177.0,132.62808227539062,0.5478951812995236,1.4915126322271512,-4.018565007985094,-3.429984982496617,-0.5848779094820971,-0.5427832579015086,0.3712595339174763,3.5836336395795687,-1.2874537400465145,2.1748392698901005
51.0,177.0,132.62808227539062,0.5478931777771237,1.4915101485711668,-4.0168287821850335,-3.429984982496617,-0.5977682839019836,-0.542783257901822,0.3698227181191845,3.5836336395795687,-1.2866427087170385,2.1748619574352266
51.0,177.0,132.62808227539062,0.5479449431421275,1.4915089129393202,-4.017770283732102,-3.43453688910242,-0.5854467428281206,-0.542783257773751,0.353354811350459,3.583633584550882,-1.287480815620589,2.17524651555813
51.0,177.0,132.62808227539062,0.5478951812995236,1.4915126322271512,-4.016838815526177,-3.429984982496617,-0.5848787132213917,-0.5427832579015086,0.3701581113788876,3.583453746091355,-1.285467920959823,2.1748392698901005
51.0,177.0,132.62808227539062,0.5478783960350889,1.4915126322271512,-4.013231974046128,-3.429931259189822,-0.5853959079524219,-0.5427832579015086,0.3720227595107219,3.5836336395795687,-1.2874814237295416,2.1748392698901005
51.0,177.0,132.62808227539062,0.5479383768927283,1.4915101155575186,-4.016829557674948,-3.429984982496617,-0.5850526222642735,-0.5279721935780763,0.3532251727814096,3.5836336395795687,-1.2874550421735926,2.17506624229969
51.0,177.0,132.62808227539062,0.5479438126126436,1.4915126322271512,-4.018565007985094,-3.429984982496617,-0.5975194006387133,-0.5427832579015086,0.3701326336091446,3.5836336395795687,-1.2883035972994583,2.1748392698901005
51.0,177.0,132.62808227539062,0.5478948821106959,1.4915126322271512,-4.018565007985094,-3.429984982496617,-0.5849046172148611,-0.5427832579015086,0.3519434327494816,3.5836336395795687,-1.2874818471703546,2.1748392698901005
51.0,177.0,132.62808227539062,0.5479393208626762,1.4915125719109144,-4.040700792776991,-3.4299823092542527,-0.5848207046333247,-0.5427832578988211,0.3706601385839088,3.5836336395795687,-1.2874818471703546,2.1758899770064857
51.0,177.0,132.63449096679688,0.5479443307532503,1.4915049366339104,-3.962633557834935,-3.434557513050347,-0.5294494055119336,-0.542783257773751,0.4061124439826367,3.583633584550882,-1.287362823881986,2.17590508380994
51.0,177.0,132.63449096679688,0.5480346334435425,1.4915358671871106,-3.96270189928064,-3.43458928647094,-0.5284934810086279,-0.5427832486342066,0.3955962468310909,3.584020426865266,-1.2853940105912247,2.19910929935755
51.0,177.0,132.63449096679688,0.5479443307532503,1.4915089129393202,-3.962633386298077,-3.434557513050347,-0.5299218603500725,-0.542783257773751,0.406168943274781,3.583633584550882,-1.287480815620589,2.17524651555813
51.0,177.0,132.63449096679688,0.5479443307532503,1.4915089129393202,-3.962570259392286,-3.434557513050347,-0.5299218603500725,-0.542783257773751,0.406168943274781,3.583633584550882,-1.2855531915315936,2.174841645565911
51.0,177.0,132.63449096679688,0.5479443307532503,1.4915049366339104,-3.962633557834935,-3.434557513050347,-0.5294494055119336,-0.542783257773751,0.4061124439826367,3.583633584550882,-1.287362823881986,2.17590508380994
51.0,177.0,132.63449096679688,0.5480346334435425,1.4915358671871106,-3.96270189928064,-3.43458928647094,-0.5284934810086279,-0.5427832486342066,0.3955962468310909,3.584020426865266,-1.2853940105912247,2.19910929935755
51.0,177.0,132.63449096679688,0.5479427964495454,1.4915100851427567,-3.962634388366512,-3.429984982496617,-0.5294494055119336,-0.5427832578974818,0.3701326336091446,3.5836336395795687,-1.2873924461820083,2.1748392698901005
51.0,177.0,132.63449096679688,0.5479443307532503,1.491649059294594,-3.9625711193724378,-3.4319721003301296,-0.5299218603500725,-0.542783257773751,0.4061391480894828,3.583631553332056,-1.287454885568915,2.174841645565911
51.0,177.0,132.63449096679688,0.5479450754820889,1.4915358671871106,-3.962701730588294,-3.43458928647094,-0.5284934810086279,-0.5427832575244437,0.3955962468310909,3.583606466606041,-1.2853940105912247,2.19910929935755
51.0,177.0,132.63449096679688,0.5479443307532503,1.4915049366339104,-3.962633557834935,-3.434557513050347,-0.5294494055119336,-0.542783257773751,0.4061124439826367,3.583633584550882,-1.287362823881986,2.17590508380994
51.0,177.0,132.63449096679688,0.5478794275128381,1.4915073233667324,-3.962634563205784,-3.425667844574314,-0.5316073164320063,-0.542783257874277,0.4079830073726454,3.5840114016237066,-1.2873924461820083,2.1748392698901005
51.0,177.0,132.63449096679688,0.5478794275128381,1.4915077276054696,-3.9626964198457695,-3.425667844574314,-0.5319093348805342,-0.5427832578724885,0.3954950648561162,3.583631056644436,-1.287425365421958,2.17703297347557
51.0,177.0,132.63449096679688,0.5479443307532503,1.4915089129393202,-3.962633386298077,-3.43061292192912,-0.5299218603500725,-0.5427832483572392,0.4062155360258249,3.5837297581783227,-1.287480815620589,2.17433400351874
51.0,177.0,132.63449096679688,0.5479043890797272,1.4915127049508188,-3.962483624971661,-3.429984982496617,-0.5294494055119336,-0.5427832578974818,0.3701326336091446,3.5836336395795687,-1.2873924461820083,2.1748392698901005
51.0,178.0,132.62808227539062,0.5478948821106959,1.4915126322271512,-4.018565007985094,-3.429984982496617,-0.5849024594135139,-0.5427832579015086,0.3701326336091446,3.5836336395795687,-1.287454054547188,2.1748392698901005
51.0,178.0,132.62808227539062,0.5478948821106959,1.4915126322271512,-4.018565007985094,-3.429984982496617,-0.5849024594135139,-0.5427832579015086,0.37059461730126,3.5836336395795687,-1.2874818471703546,2.1748392698901005
51.0,178.0,132.62808227539062,0.5478948821106959,1.4915125369362046,-4.018565007985094,-3.429984982496617,-0.585550776313577,-0.5279721935780763,0.3535768109007595,3.5836336395795687,-1.287454054547188,2.174267131087437
51.0,178.0,132.62808227539062,0.5479371659054912,1.49151008825493,-4.0168287821850335,-3.429984982496617,-0.5976865291217942,-0.5427832579015086,0.3698882394018333,3.5836336395795687,-1.2874808364368373,2.1750736287977723
51.0,178.0,132.62808227539062,0.5478783960350889,1.4915126322271512,-4.013231974046128,-3.429931259189822,-0.5853959079524219,-0.5427832579015086,0.3720227595107219,3.5836336395795687,-1.2874814237295416,2.1748392698901005
51.0,178.0,132.62808227539062,0.5478948821106959,1.4915126322271512,-4.018565007985094,-3.429984982496617,-0.5849038134755663,-0.5427832579015086,0.3530703330578133,3.5836336395795687,-1.2874818471703546,2.1748392698901005
51.0,178.0,132.62808227539062,0.5478948821106959,1.4915126322271512,-4.016336684172381,-3.434426143155825,-0.5849038134755663,-0.542783257782956,0.3530703330578133,3.583633585422957,-1.2873613426977333,2.1764212863434835
51.0,178.0,132.62808227539062,0.5478948821106959,1.4915126322271512,-4.018565007985094,-3.429984982496617,-0.5849024594135139,-0.5427832579015086,0.3701326336091446,3.5836336395795687,-1.287454054547188,2.1748392698901005
51.0,178.0,132.62808227539062,0.5478783960350889,1.4915126322271512,-4.013231974046128,-3.429931259189822,-0.5853959079524219,-0.5427832579015086,0.3720227595107219,3.5836336395795687,-1.2874814237295416,2.1748392698901005
51.0,178.0,132.62808227539062,0.5478948821106959,1.4915126322271512,-4.013322040356646,-3.4299823092542527,-0.5849024594135139,-0.5427832579015086,0.37059461730126,3.5836336395795687,-1.2874818471703546,2.1748392698901005
51.0,178.0,132.62808227539062,0.5479442460587678,1.49151008825493,-4.0168287821850335,-3.429984982496617,-0.5976865291217942,-0.5427832577767248,0.3698882394018333,3.5836336395795687,-1.2592496340822534,2.1759126645516123
51.0,178.0,132.62808227539062,0.547937616529104,1.49151008825493,-4.0168287821850335,-3.429984982496617,-0.5976865291217942,-0.5427832578991345,0.3698882394018333,3.5836336395795687,-1.2866427087170385,2.1759126645516123
51.0,178.0,132.62808227539062,0.5479371659054912,1.4915106906779072,-4.0168287821850335,-3.4349824467745527,-0.5955271495185809,-0.5427832579015086,0.3698882394018333,3.5703208031567057,-1.2854039180628944,2.1750736287977723
51.0,178.0,132.62808227539062,0.5478948821106959,1.4915126322271512,-4.018565007985094,-3.429984982496617,-0.5849038134755663,-0.5427832579015086,0.3530703330578133,3.5836336395795687,-1.2874818471703546,2.1748392698901005
51.0,178.0,132.62808227539062,0.5478948821106959,1.4915121369401692,-4.017412237295675,-3.429984982496617,-0.5860867837023092,-0.5279721935780763,0.3535768109007595,3.5836336395795687,-1.2873476441941856,2.174267131087437
51.0,178.0,132.62808227539062,0.5478779684829103,1.4915100582119574,-4.016556178241865,-3.429931259189822,-0.5853959079524219,-0.5427832579015086,0.3699401538168486,3.5836336395795687,-1.2874814237295416,2.1748339715722382
51.0,178.0,132.62808227539062,0.5478948821106959,1.491510115505245,-4.018565007985094,-3.429984982496617,-0.585550776313577,-0.5279721935780763,0.3532251727814096,3.5836336395795687,-1.287454054547188,2.174196968619919
51.0,178.0,132.62808227539062,0.5478783960350889,1.4915126322271512,-4.0115682631224345,-3.429931259189822,-0.5853959079524219,-0.5427832577720734,0.3720227595107219,3.5836336401050257,-1.2874814237295416,2.1748392698901005
51.0,178.0,132.62808227539062,0.5478777894201731,1.4915126322271512,-4.013098196013769,-3.4348979588315944,-0.5853959079524219,-0.5427832579015086,0.3720227595107219,3.5836336395795687,-1.2853275760651472,2.175045059501364
51.0,178.0,132.62808227539062,0.5478951812995236,1.4915126322271512,-4.018565007985094,-3.429984982496617,-0.5848787132213917,-0.5427832579015086,0.3701326336091446,3.5836336395795687,-1.2874537400465145,2.1748392698901005
51.0,178.0,132.62808227539062,0.5479371659054912,1.49151008825493,-4.0168287821850335,-3.429984982496617,-0.5976865291217942,-0.542783257787162,0.3672821324565222,3.5836336395795687,-1.2874808364368373,2.1750736287977723
51.0,178.0,132.62808227539062,0.5478948821106959,1.4915126322271512,-4.016336684172381,-3.434426143155825,-0.5849038134755663,-0.542783257782956,0.3530703330578133,3.583633585422957,-1.287482651840964,2.176455547875888
51.0,178.0,132.62808227539062,0.5479371659054912,1.4915106906779072,-4.01855497464395,-3.4349824467745527,-0.5955271495185809,-0.5427832579015086,0.3698627616320903,3.57050069664492,-1.2873897371495855,2.1750736287977723
51.0,178.0,132.62808227539062,0.5478948821106959,1.4915126322271512,-4.018565007985094,-3.429984982496617,-0.5849038134755663,-0.5417862759426133,0.3530854246187211,3.5836336395795687,-1.2874818471703546,2.1748678712457337
51.0,178.0,132.62808227539062,0.5478783960350889,1.4915126322271512,-4.0115682631224345,-3.429931259189822,-0.5853959079524219,-0.5427832577720734,0.3720227595107219,3.5836336401050257,-1.2874814237295416,2.1748392698901005
51.0,178.0,132.62808227539062,0.5478783960350889,1.4915126322271512,-4.013231974046128,-3.429931259189822,-0.5853959079524219,-0.5427832579015086,0.3720227595107219,3.5836336395795687,-1.2874814237295416,2.1748392698901005
51.0,178.0,132.62808227539062,0.5478950984988996,1.4915047339481498,-4.018565007985094,-3.429984982496617,-0.5834720788807439,-0.5427832579015086,0.37059461730126,3.5836336395795687,-1.2874818471703546,2.1748392698901005
51.0,178.0,132.62808227539062,0.5478951812995236,1.4915126322271512,-4.018565007985094,-3.429984982496617,-0.5848779094820971,-0.5427832579015086,0.3712595339174763,3.5836336395795687,-1.2874537400465145,2.1748392698901005
51.0,178.0,132.62808227539062,0.5478931777771237,1.4915101485711668,-4.0168287821850335,-3.429984982496617,-0.5977682839019836,-0.542783257901822,0.3698227181191845,3.5836336395795687,-1.2866427087170385,2.1748619574352266
51.0,178.0,132.62808227539062,0.5479449431421275,1.4915089129393202,-4.017770283732102,-3.43453688910242,-0.5854467428281206,-0.542783257773751,0.353354811350459,3.583633584550882,-1.287480815620589,2.17524651555813
51.0,178.0,132.62808227539062,0.5478951812995236,1.4915126322271512,-4.016838815526177,-3.429984982496617,-0.5848787132213917,-0.5427832579015086,0.3701581113788876,3.583453746091355,-1.285467920959823,2.1748392698901005
51.0,178.0,132.62808227539062,0.5478783960350889,1.4915126322271512,-4.013231974046128,-3.429931259189822,-0.5853959079524219,-0.5427832579015086,0.3720227595107219,3.5836336395795687,-1.2874814237295416,2.1748392698901005
51.0,178.0,132.62808227539062,0.5479383768927283,1.4915101155575186,-4.016829557674948,-3.429984982496617,-0.5850526222642735,-0.5279721935780763,0.3532251727814096,3.5836336395795687,-1.2874550421735926,2.17506624229969
51.0,178.0,132.62808227539062,0.5479438126126436,1.4915126322271512,-4.018565007985094,-3.429984982496617,-0.5975194006387133,-0.5427832579015086,0.3701326336091446,3.5836336395795687,-1.2883035972994583,2.1748392698901005
51.0,178.0,132.62808227539062,0.5478948821106959,1.4915126322271512,-4.018565007985094,-3.429984982496617,-0.5849046172148611,-0.5427832579015086,0.3519434327494816,3.5836336395795687,-1.2874818471703546,2.1748392698901005
51.0,178.0,132.62808227539062,0.5479393208626762,1.4915125719109144,-4.040700792776991,-3.4299823092542527,-0.5848207046333247,-0.5427832578988211,0.3706601385839088,3.5836336395795687,-1.2874818471703546,2.1758899770064857
51.0,178.0,132.62808227539062,0.547893240534502,1.4915101155575186,-4.016602115314464,-3.4299850385750648,-0.5850544538520193,-0.542868027407921,0.3532251727814096,3.5836336395795687,-1.2874776621229187,2.174816816413067
51.0,178.0,132.62808227539062,0.5479452929074433,1.491512940693981,-4.0168287821850335,-3.429984982496617,-0.5976865291217942,-0.5427832577767248,0.3701307659505306,3.5836336395795687,-1.2604577640593833,2.174836722732591
51.0,178.0,132.62808227539062,0.5478950265838155,1.491512770167609,-4.018565007985094,-3.429984982496617,-0.5855074512728781,-0.5427832579015086,0.3527487862190276,3.5836336395795687,-1.2874808635451835,2.1748406629564485
51.0,178.0,132.62808227539062,0.547878504885672,1.4915126322271512,-4.013215937589671,-3.429916541685906,-0.5853959079524219,-0.5427832579015086,0.3720227595107219,3.5836336347399445,-1.2874814237295416,2.1765074249396017
51.0,178.0,132.62808227539062,0.5478783960350889,1.4915126322271512,-4.018712072817035,-3.42998471476643,-0.5853852880407711,-0.5427955023696167,0.3720227595107219,3.5836336395795687,-1.2874814237295416,2.1748392698901005
51.0,178.0,132.62808227539062,0.5478779684829103,1.4915100582119574,-4.016556178241865,-3.429931259189822,-0.5853959079524219,-0.5427832579015086,0.3699401538168486,3.5836336395795687,-1.2874814237295416,2.1748339715722382
51.0,178.0,132.62808227539062,0.5478951812995236,1.4915126322271512,-4.018636021066609,-3.429984982496617,-0.5848779094820971,-0.5427832579015086,0.3712595339174763,3.5836336395795687,-1.2874791234900465,2.1748392698901005
51.0,178.0,132.62808227539062,0.5479438126126436,1.4915126322271512,-4.018565007985094,-3.429797029743666,-0.5975194006387133,-0.5427832579015086,0.3701326336091446,3.583631041414792,-1.2883035972994583,2.1748437404861187
51.0,178.0,132.62808227539062,0.5479393208626762,1.491512578734157,-4.040700792776991,-3.429984855905507,-0.5848207046333247,-0.542783257901575,0.370127098797437,3.5836336395795687,-1.2874801288957012,2.1758899770064857
51.0,178.0,132.62808227539062,0.5478779529403618,1.4915101047517092,-4.016563736223173,-3.429931259189822,-0.5853959079524219,-0.5427832579015086,0.3720227595107219,3.5836336395795687,-1.2874814237295416,2.174834069959463
51.0,178.0,132.62808227539062,0.5479371659054912,1.4915126739937374,-4.018641735686635,-3.429984982496617,-0.584232498697843,-0.5427832579015086,0.3698630959681335,3.5836336395795687,-1.2874539373312437,2.1750736287977723
51.0,178.0,132.62808227539062,0.5478751027957012,1.4915089918222544,-4.017770283732102,-3.43453688910242,-0.5854467428281206,-0.5427832578927154,0.353354811350459,3.583633584550882,-1.2874814327830302,2.1748304111604275
51.0,178.0,132.62808227539062,0.5479443307532503,1.4915089129393202,-4.020530599517375,-3.434557513050347,-0.5873265663083467,-0.542783257773751,0.3700575018888117,3.5836336377119413,-1.287454917965219,2.175238943496297
51.0,178.0,132.62808227539062,0.5478941344508481,1.4915097797880998,-4.018565007985094,-3.429984982496617,-0.5848787132213917,-0.5427832579015086,0.3698901070604473,3.5836336395795687,-1.2862456100693846,2.175915211709121
51.0,179.0,132.62808227539062,0.5478948821106959,1.4915126322271512,-4.018565007985094,-3.429984982496617,-0.5849024594135139,-0.5427832579015086,0.3701326336091446,3.5836336395795687,-1.287454054547188,2.1748392698901005
51.0,179.0,132.62808227539062,0.5478948821106959,1.4915126322271512,-4.018565007985094,-3.429984982496617,-0.5849024594135139,-0.5427832579015086,0.37059461730126,3.5836336395795687,-1.2874818471703546,2.1748392698901005
51.0,179.0,132.62808227539062,0.5478948821106959,1.4915125369362046,-4.018565007985094,-3.429984982496617,-0.585550776313577,-0.5279721935780763,0.3535768109007595,3.5836336395795687,-1.287454054547188,2.174267131087437
51.0,179.0,132.62808227539062,0.5479371659054912,1.49151008825493,-4.0168287821850335,-3.429984982496617,-0.5976865291217942,-0.5427832579015086,0.3698882394018333,3.5836336395795687,-1.2874808364368373,2.1750736287977723
51.0,179.0,132.62808227539062,0.5478783960350889,1.4915126322271512,-4.013231974046128,-3.429931259189822,-0.5853959079524219,-0.5427832579015086,0.3720227595107219,3.5836336395795687,-1.2874814237295416,2.1748392698901005
51.0,179.0,132.62808227539062,0.5478948821106959,1.4915126322271512,-4.018565007985094,-3.429984982496617,-0.5849038134755663,-0.5427832579015086,0.3530703330578133,3.5836336395795687,-1.2874818471703546,2.1748392698901005
51.0,179.0,132.62808227539062,0.5478948821106959,1.4915126322271512,-4.016336684172381,-3.434426143155825,-0.5849038134755663,-0.542783257782956,0.3530703330578133,3.583633585422957,-1.2873613426977333,2.1764212863434835
51.0,179.0,132.62808227539062,0.5478948821106959,1.4915126322271512,-4.018565007985094,-3.429984982496617,-0.5849024594135139,-0.5427832579015086,0.3701326336091446,3.5836336395795687,-1.287454054547188,2.1748392698901005
51.0,179.0,132.62808227539062,0.5478783960350889,1.4915126322271512,-4.013231974046128,-3.429931259189822,-0.5853959079524219,-0.5427832579015086,0.3720227595107219,3.5836336395795687,-1.2874814237295416,2.1748392698901005
51.0,179.0,132.62808227539062,0.5478948821106959,1.4915126322271512,-4.013322040356646,-3.4299823092542527,-0.5849024594135139,-0.5427832579015086,0.37059461730126,3.5836336395795687,-1.2874818471703546,2.1748392698901005
51.0,179.0,132.62808227539062,0.5479442460587678,1.49151008825493,-4.0168287821850335,-3.429984982496617,-0.5976865291217942,-0.5427832577767248,0.3698882394018333,3.5836336395795687,-1.2592496340822534,2.1759126645516123
51.0,179.0,132.62808227539062,0.547937616529104,1.49151008825493,-4.0168287821850335,-3.429984982496617,-0.5976865291217942,-0.5427832578991345,0.3698882394018333,3.5836336395795687,-1.2866427087170385,2.1759126645516123
51.0,179.0,132.62808227539062,0.5479371659054912,1.4915106906779072,-4.0168287821850335,-3.4349824467745527,-0.5955271495185809,-0.5427832579015086,0.3698882394018333,3.5703208031567057,-1.2854039180628944,2.1750736287977723
51.0,179.0,132.62808227539062,0.5478948821106959,1.4915126322271512,-4.018565007985094,-3.429984982496617,-0.5849038134755663,-0.5427832579015086,0.3530703330578133,3.5836336395795687,-1.2874818471703546,2.1748392698901005
51.0,179.0,132.62808227539062,0.5478948821106959,1.4915121369401692,-4.017412237295675,-3.429984982496617,-0.5860867837023092,-0.5279721935780763,0.3535768109007595,3.5836336395795687,-1.2873476441941856,2.174267131087437
51.0,179.0,132.62808227539062,0.5478779684829103,1.4915100582119574,-4.016556178241865,-3.429931259189822,-0.5853959079524219,-0.5427832579015086,0.3699401538168486,3.5836336395795687,-1.2874814237295416,2.1748339715722382
51.0,179.0,132.62808227539062,0.5478948821106959,1.491510115505245,-4.018565007985094,-3.429984982496617,-0.585550776313577,-0.5279721935780763,0.3532251727814096,3.5836336395795687,-1.287454054547188,2.174196968619919
51.0,179.0,132.62808227539062,0.5478783960350889,1.4915126322271512,-4.0115682631224345,-3.429931259189822,-0.5853959079524219,-0.5427832577720734,0.3720227595107219,3.5836336401050257,-1.2874814237295416,2.1748392698901005
51.0,179.0,132.62808227539062,0.5478777894201731,1.4915126322271512,-4.013098196013769,-3.4348979588315944,-0.5853959079524219,-0.5427832579015086,0.3720227595107219,3.5836336395795687,-1.2853275760651472,2.175045059501364
51.0,179.0,132.62808227539062,0.5478951812995236,1.4915126322271512,-4.018565007985094,-3.429984982496617,-0.5848787132213917,-0.5427832579015086,0.3701326336091446,3.5836336395795687,-1.2874537400465145,2.1748392698901005
51.0,179.0,132.62808227539062,0.5479371659054912,1.49151008825493,-4.0168287821850335,-3.429984982496617,-0.5976865291217942,-0.542783257787162,0.3672821324565222,3.5836336395795687,-1.2874808364368373,2.1750736287977723
51.0,179.0,132.62808227539062,0.5478948821106959,1.4915126322271512,-4.016336684172381,-3.434426143155825,-0.5849038134755663,-0.542783257782956,0.3530703330578133,3.583633585422957,-1.287482651840964,2.176455547875888
51.0,179.0,132.62808227539062,0.5479371659054912,1.4915106906779072,-4.01855497464395,-3.4349824467745527,-0.5955271495185809,-0.5427832579015086,0.3698627616320903,3.57050069664492,-1.2873897371495855,2.1750736287977723
51.0,179.0,132.62808227539062,0.5478948821106959,1.4915126322271512,-4.018565007985094,-3.429984982496617,-0.5849038134755663,-0.5417862759426133,0.3530854246187211,3.5836336395795687,-1.2874818471703546,2.1748678712457337
51.0,179.0,132.62808227539062,0.5478783960350889,1.4915126322271512,-4.0115682631224345,-3.429931259189822,-0.5853959079524219,-0.5427832577720734,0.3720227595107219,3.5836336401050257,-1.2874814237295416,2.1748392698901005
51.0,179.0,132.62808227539062,0.5478783960350889,1.4915126322271512,-4.013231974046128,-3.429931259189822,-0.5853959079524219,-0.5427832579015086,0.3720227595107219,3.5836336395795687,-1.2874814237295416,2.1748392698901005
51.0,179.0,132.62808227539062,0.5478950984988996,1.4915047339481498,-4.018565007985094,-3.429984982496617,-0.5834720788807439,-0.5427832579015086,0.37059461730126,3.5836336395795687,-1.2874818471703546,2.1748392698901005
51.0,179.0,132.62808227539062,0.5478951812995236,1.4915126322271512,-4.018565007985094,-3.429984982496617,-0.5848779094820971,-0.5427832579015086,0.3712595339174763,3.5836336395795687,-1.2874537400465145,2.1748392698901005
51.0,179.0,132.62808227539062,0.5478931777771237,1.4915101485711668,-4.0168287821850335,-3.429984982496617,-0.5977682839019836,-0.542783257901822,0.3698227181191845,3.5836336395795687,-1.2866427087170385,2.1748619574352266
51.0,179.0,132.62808227539062,0.5479449431421275,1.4915089129393202,-4.017770283732102,-3.43453688910242,-0.5854467428281206,-0.542783257773751,0.353354811350459,3.583633584550882,-1.287480815620589,2.17524651555813
51.0,179.0,132.62808227539062,0.5478951812995236,1.4915126322271512,-4.016838815526177,-3.429984982496617,-0.5848787132213917,-0.5427832579015086,0.3701581113788876,3.583453746091355,-1.285467920959823,2.1748392698901005
51.0,179.0,132.62808227539062,0.5478783960350889,1.4915126322271512,-4.013231974046128,-3.429931259189822,-0.5853959079524219,-0.5427832579015086,0.3720227595107219,3.5836336395795687,-1.2874814237295416,2.1748392698901005
51.0,179.0,132.62808227539062,0.5479383768927283,1.4915101155575186,-4.016829557674948,-3.429984982496617,-0.5850526222642735,-0.5279721935780763,0.3532251727814096,3.5836336395795687,-1.2874550421735926,2.17506624229969
51.0,179.0,132.62808227539062,0.5479438126126436,1.4915126322271512,-4.018565007985094,-3.429984982496617,-0.5975194006387133,-0.5427832579015086,0.3701326336091446,3.5836336395795687,-1.2883035972994583,2.1748392698901005
51.0,179.0,132.62808227539062,0.5478948821106959,1.4915126322271512,-4.018565007985094,-3.429984982496617,-0.5849046172148611,-0.5427832579015086,0.3519434327494816,3.5836336395795687,-1.2874818471703546,2.1748392698901005
51.0,179.0,132.62808227539062,0.5479393208626762,1.4915125719109144,-4.040700792776991,-3.4299823092542527,-0.5848207046333247,-0.5427832578988211,0.3706601385839088,3.5836336395795687,-1.2874818471703546,2.1758899770064857
51.0,179.0,132.62808227539062,0.547893240534502,1.4915101155575186,-4.016602115314464,-3.4299850385750648,-0.5850544538520193,-0.542868027407921,0.3532251727814096,3.5836336395795687,-1.2874776621229187,2.174816816413067
51.0,179.0,132.62808227539062,0.5479452929074433,1.491512940693981,-4.0168287821850335,-3.429984982496617,-0.5976865291217942,-0.5427832577767248,0.3701307659505306,3.5836336395795687,-1.2604577640593833,2.174836722732591
51.0,179.0,132.62808227539062,0.5478950265838155,1.491512770167609,-4.018565007985094,-3.429984982496617,-0.5855074512728781,-0.5427832579015086,0.3527487862190276,3.5836336395795687,-1.2874808635451835,2.1748406629564485
51.0,179.0,132.62808227539062,0.547878504885672,1.4915126322271512,-4.013215937589671,-3.429916541685906,-0.5853959079524219,-0.5427832579015086,0.3720227595107219,3.5836336347399445,-1.2874814237295416,2.1765074249396017
51.0,179.0,132.62808227539062,0.5478783960350889,1.4915126322271512,-4.018712072817035,-3.42998471476643,-0.5853852880407711,-0.5427955023696167,0.3720227595107219,3.5836336395795687,-1.2874814237295416,2.1748392698901005
51.0,179.0,132.62808227539062,0.5478779684829103,1.4915100582119574,-4.016556178241865,-3.429931259189822,-0.5853959079524219,-0.5427832579015086,0.3699401538168486,3.5836336395795687,-1.2874814237295416,2.1748339715722382
51.0,179.0,132.62808227539062,0.5478951812995236,1.4915126322271512,-4.018636021066609,-3.429984982496617,-0.5848779094820971,-0.5427832579015086,0.3712595339174763,3.5836336395795687,-1.2874791234900465,2.1748392698901005
51.0,179.0,132.62808227539062,0.5479438126126436,1.4915126322271512,-4.018565007985094,-3.429797029743666,-0.5975194006387133,-0.5427832579015086,0.3701326336091446,3.583631041414792,-1.2883035972994583,2.1748437404861187
51.0,179.0,132.62808227539062,0.5479393208626762,1.491512578734157,-4.040700792776991,-3.429984855905507,-0.5848207046333247,-0.542783257901575,0.370127098797437,3.5836336395795687,-1.2874801288957012,2.1758899770064857
51.0,179.0,132.62808227539062,0.5478779529403618,1.4915101047517092,-4.016563736223173,-3.429931259189822,-0.5853959079524219,-0.5427832579015086,0.3720227595107219,3.5836336395795687,-1.2874814237295416,2.174834069959463
51.0,179.0,132.62808227539062,0.5479371659054912,1.4915126739937374,-4.018641735686635,-3.429984982496617,-0.584232498697843,-0.5427832579015086,0.3698630959681335,3.5836336395795687,-1.2874539373312437,2.1750736287977723
51.0,179.0,132.62808227539062,0.5478751027957012,1.4915089918222544,-4.017770283732102,-3.43453688910242,-0.5854467428281206,-0.5427832578927154,0.353354811350459,3.583633584550882,-1.2874814327830302,2.1748304111604275
51.0,179.0,132.62808227539062,0.5479443307532503,1.4915089129393202,-4.020530599517375,-3.434557513050347,-0.5873265663083467,-0.542783257773751,0.3700575018888117,3.5836336377119413,-1.287454917965219,2.175238943496297
51.0,179.0,132.62808227539062,0.5478941344508481,1.4915097797880998,-4.018565007985094,-3.429984982496617,-0.5848787132213917,-0.5427832579015086,0.3698901070604473,3.5836336395795687,-1.2862456100693846,2.175915211709121
51.0,180.0,132.62808227539062,0.5478948821106959,1.4915126322271512,-4.018565007985094,-3.429984982496617,-0.5849024594135139,-0.5427832579015086,0.3701326336091446,3.5836336395795687,-1.287454054547188,2.1748392698901005
51.0,180.0,132.62808227539062,0.5478948821106959,1.4915126322271512,-4.018565007985094,-3.429984982496617,-0.5849024594135139,-0.5427832579015086,0.37059461730126,3.5836336395795687,-1.2874818471703546,2.1748392698901005
51.0,180.0,132.62808227539062,0.5478948821106959,1.4915125369362046,-4.018565007985094,-3.429984982496617,-0.585550776313577,-0.5279721935780763,0.3535768109007595,3.5836336395795687,-1.287454054547188,2.174267131087437
51.0,180.0,132.62808227539062,0.5479371659054912,1.49151008825493,-4.0168287821850335,-3.429984982496617,-0.5976865291217942,-0.5427832579015086,0.3698882394018333,3.5836336395795687,-1.2874808364368373,2.1750736287977723
51.0,180.0,132.62808227539062,0.5478783960350889,1.4915126322271512,-4.013231974046128,-3.429931259189822,-0.5853959079524219,-0.5427832579015086,0.3720227595107219,3.5836336395795687,-1.2874814237295416,2.1748392698901005
51.0,180.0,132.62808227539062,0.5478948821106959,1.4915126322271512,-4.018565007985094,-3.429984982496617,-0.5849038134755663,-0.5427832579015086,0.3530703330578133,3.5836336395795687,-1.2874818471703546,2.1748392698901005
51.0,180.0,132.62808227539062,0.5478948821106959,1.4915126322271512,-4.016336684172381,-3.434426143155825,-0.5849038134755663,-0.542783257782956,0.3530703330578133,3.583633585422957,-1.2873613426977333,2.1764212863434835
51.0,180.0,132.62808227539062,0.5478948821106959,1.4915126322271512,-4.018565007985094,-3.429984982496617,-0.5849024594135139,-0.5427832579015086,0.3701326336091446,3.5836336395795687,-1.287454054547188,2.1748392698901005
51.0,180.0,132.62808227539062,0.5478783960350889,1.4915126322271512,-4.013231974046128,-3.429931259189822,-0.5853959079524219,-0.5427832579015086,0.3720227595107219,3.5836336395795687,-1.2874814237295416,2.1748392698901005
51.0,180.0,132.62808227539062,0.5478948821106959,1.4915126322271512,-4.013322040356646,-3.4299823092542527,-0.5849024594135139,-0.5427832579015086,0.37059461730126,3.5836336395795687,-1.2874818471703546,2.1748392698901005
51.0,180.0,132.62808227539062,0.5479442460587678,1.49151008825493,-4.0168287821850335,-3.429984982496617,-0.5976865291217942,-0.5427832577767248,0.3698882394018333,3.5836336395795687,-1.2592496340822534,2.1759126645516123
51.0,180.0,132.62808227539062,0.547937616529104,1.49151008825493,-4.0168287821850335,-3.429984982496617,-0.5976865291217942,-0.5427832578991345,0.3698882394018333,3.5836336395795687,-1.2866427087170385,2.1759126645516123
51.0,180.0,132.62808227539062,0.5479371659054912,1.4915106906779072,-4.0168287821850335,-3.4349824467745527,-0.5955271495185809,-0.5427832579015086,0.3698882394018333,3.5703208031567057,-1.2854039180628944,2.1750736287977723
51.0,180.0,132.62808227539062,0.5478948821106959,1.4915126322271512,-4.018565007985094,-3.429984982496617,-0.5849038134755663,-0.5427832579015086,0.3530703330578133,3.5836336395795687,-1.2874818471703546,2.1748392698901005
51.0,180.0,132.62808227539062,0.5478948821106959,1.4915121369401692,-4.017412237295675,-3.429984982496617,-0.5860867837023092,-0.5279721935780763,0.3535768109007595,3.5836336395795687,-1.2873476441941856,2.174267131087437
51.0,180.0,132.62808227539062,0.5478779684829103,1.4915100582119574,-4.016556178241865,-3.429931259189822,-0.5853959079524219,-0.5427832579015086,0.3699401538168486,3.5836336395795687,-1.2874814237295416,2.1748339715722382
51.0,180.0,132.62808227539062,0.5478948821106959,1.491510115505245,-4.018565007985094,-3.429984982496617,-0.585550776313577,-0.5279721935780763,0.3532251727814096,3.5836336395795687,-1.287454054547188,2.174196968619919
51.0,180.0,132.62808227539062,0.5478783960350889,1.4915126322271512,-4.0115682631224345,-3.429931259189822,-0.5853959079524219,-0.5427832577720734,0.3720227595107219,3.5836336401050257,-1.2874814237295416,2.1748392698901005
51.0,180.0,132.62808227539062,0.5478777894201731,1.4915126322271512,-4.013098196013769,-3.4348979588315944,-0.5853959079524219,-0.5427832579015086,0.3720227595107219,3.5836336395795687,-1.2853275760651472,2.175045059501364
51.0,180.0,132.62808227539062,0.5478951812995236,1.4915126322271512,-4.018565007985094,-3.429984982496617,-0.5848787132213917,-0.5427832579015086,0.3701326336091446,3.5836336395795687,-1.2874537400465145,2.1748392698901005
51.0,180.0,132.62808227539062,0.5479371659054912,1.49151008825493,-4.0168287821850335,-3.429984982496617,-0.5976865291217942,-0.542783257787162,0.3672821324565222,3.5836336395795687,-1.2874808364368373,2.1750736287977723
51.0,180.0,132.62808227539062,0.5478948821106959,1.4915126322271512,-4.016336684172381,-3.434426143155825,-0.5849038134755663,-0.542783257782956,0.3530703330578133,3.583633585422957,-1.287482651840964,2.176455547875888
51.0,180.0,132.62808227539062,0.5479371659054912,1.4915106906779072,-4.01855497464395,-3.4349824467745527,-0.5955271495185809,-0.5427832579015086,0.3698627616320903,3.57050069664492,-1.2873897371495855,2.1750736287977723
51.0,180.0,132.62808227539062,0.5478948821106959,1.4915126322271512,-4.018565007985094,-3.429984982496617,-0.5849038134755663,-0.5417862759426133,0.3530854246187211,3.5836336395795687,-1.2874818471703546,2.1748678712457337
51.0,180.0,132.62808227539062,0.5478783960350889,1.4915126322271512,-4.0115682631224345,-3.429931259189822,-0.5853959079524219,-0.5427832577720734,0.3720227595107219,3.5836336401050257,-1.2874814237295416,2.1748392698901005
51.0,180.0,132.62808227539062,0.5478783960350889,1.4915126322271512,-4.013231974046128,-3.429931259189822,-0.5853959079524219,-0.5427832579015086,0.3720227595107219,3.5836336395795687,-1.2874814237295416,2.1748392698901005
51.0,180.0,132.62808227539062,0.5478950984988996,1.4915047339481498,-4.018565007985094,-3.429984982496617,-0.5834720788807439,-0.5427832579015086,0.37059461730126,3.5836336395795687,-1.2874818471703546,2.1748392698901005
51.0,180.0,132.62808227539062,0.5478951812995236,1.4915126322271512,-4.018565007985094,-3.429984982496617,-0.5848779094820971,-0.5427832579015086,0.3712595339174763,3.5836336395795687,-1.2874537400465145,2.1748392698901005
51.0,180.0,132.62808227539062,0.5478931777771237,1.4915101485711668,-4.0168287821850335,-3.429984982496617,-0.5977682839019836,-0.542783257901822,0.3698227181191845,3.5836336395795687,-1.2866427087170385,2.1748619574352266
51.0,180.0,132.62808227539062,0.5479449431421275,1.4915089129393202,-4.017770283732102,-3.43453688910242,-0.5854467428281206,-0.542783257773751,0.353354811350459,3.583633584550882,-1.287480815620589,2.17524651555813
51.0,180.0,132.62808227539062,0.5478951812995236,1.4915126322271512,-4.016838815526177,-3.429984982496617,-0.5848787132213917,-0.5427832579015086,0.3701581113788876,3.583453746091355,-1.285467920959823,2.1748392698901005
51.0,180.0,132.62808227539062,0.5478783960350889,1.4915126322271512,-4.013231974046128,-3.429931259189822,-0.5853959079524219,-0.5427832579015086,0.3720227595107219,3.5836336395795687,-1.2874814237295416,2.1748392698901005
51.0,180.0,132.62808227539062,0.5479383768927283,1.4915101155575186,-4.016829557674948,-3.429984982496617,-0.5850526222642735,-0.5279721935780763,0.3532251727814096,3.5836336395795687,-1.2874550421735926,2.17506624229969
51.0,180.0,132.62808227539062,0.5479438126126436,1.4915126322271512,-4.018565007985094,-3.429984982496617,-0.5975194006387133,-0.5427832579015086,0.3701326336091446,3.5836336395795687,-1.2883035972994583,2.1748392698901005
51.0,180.0,132.62808227539062,0.5478948821106959,1.4915126322271512,-4.018565007985094,-3.429984982496617,-0.5849046172148611,-0.5427832579015086,0.3519434327494816,3.5836336395795687,-1.2874818471703546,2.1748392698901005
51.0,180.0,132.62808227539062,0.5479393208626762,1.4915125719109144,-4.040700792776991,-3.4299823092542527,-0.5848207046333247,-0.5427832578988211,0.3706601385839088,3.5836336395795687,-1.2874818471703546,2.1758899770064857
51.0,180.0,132.62808227539062,0.547893240534502,1.4915101155575186,-4.016602115314464,-3.4299850385750648,-0.5850544538520193,-0.542868027407921,0.3532251727814096,3.5836336395795687,-1.2874776621229187,2.174816816413067
51.0,180.0,132.62808227539062,0.5479452929074433,1.491512940693981,-4.0168287821850335,-3.429984982496617,-0.5976865291217942,-0.5427832577767248,0.3701307659505306,3.5836336395795687,-1.2604577640593833,2.174836722732591
51.0,180.0,132.62808227539062,0.5478950265838155,1.491512770167609,-4.018565007985094,-3.429984982496617,-0.5855074512728781,-0.5427832579015086,0.3527487862190276,3.5836336395795687,-1.2874808635451835,2.1748406629564485
51.0,180.0,132.62808227539062,0.547878504885672,1.4915126322271512,-4.013215937589671,-3.429916541685906,-0.5853959079524219,-0.5427832579015086,0.3720227595107219,3.5836336347399445,-1.2874814237295416,2.1765074249396017
51.0,180.0,132.62808227539062,0.5478783960350889,1.4915126322271512,-4.018712072817035,-3.42998471476643,-0.5853852880407711,-0.5427955023696167,0.3720227595107219,3.5836336395795687,-1.2874814237295416,2.1748392698901005
51.0,180.0,132.62808227539062,0.5478779684829103,1.4915100582119574,-4.016556178241865,-3.429931259189822,-0.5853959079524219,-0.5427832579015086,0.3699401538168486,3.5836336395795687,-1.2874814237295416,2.1748339715722382
51.0,180.0,132.62808227539062,0.5478951812995236,1.4915126322271512,-4.018636021066609,-3.429984982496617,-0.5848779094820971,-0.5427832579015086,0.3712595339174763,3.5836336395795687,-1.2874791234900465,2.1748392698901005
51.0,180.0,132.62808227539062,0.5479438126126436,1.4915126322271512,-4.018565007985094,-3.429797029743666,-0.5975194006387133,-0.5427832579015086,0.3701326336091446,3.583631041414792,-1.2883035972994583,2.1748437404861187
51.0,180.0,132.62808227539062,0.5479393208626762,1.491512578734157,-4.040700792776991,-3.429984855905507,-0.5848207046333247,-0.542783257901575,0.370127098797437,3.5836336395795687,-1.2874801288957012,2.1758899770064857
51.0,180.0,132.62808227539062,0.5478779529403618,1.4915101047517092,-4.016563736223173,-3.429931259189822,-0.5853959079524219,-0.5427832579015086,0.3720227595107219,3.5836336395795687,-1.2874814237295416,2.174834069959463
51.0,180.0,132.62808227539062,0.5479371659054912,1.4915126739937374,-4.018641735686635,-3.429984982496617,-0.584232498697843,-0.5427832579015086,0.3698630959681335,3.5836336395795687,-1.2874539373312437,2.1750736287977723
51.0,180.0,132.62808227539062,0.5478751027957012,1.4915089918222544,-4.017770283732102,-3.43453688910242,-0.5854467428281206,-0.5427832578927154,0.353354811350459,3.583633584550882,-1.2874814327830302,2.1748304111604275
51.0,180.0,132.62808227539062,0.5479443307532503,1.4915089129393202,-4.020530599517375,-3.434557513050347,-0.5873265663083467,-0.542783257773751,0.3700575018888117,3.5836336377119413,-1.287454917965219,2.175238943496297
51.0,180.0,132.62808227539062,0.5478941344508481,1.4915097797880998,-4.018565007985094,-3.429984982496617,-0.5848787132213917,-0.5427832579015086,0.3698901070604473,3.5836336395795687,-1.2862456100693846,2.175915211709121
51.0,181.0,132.62808227539062,0.5478948821106959,1.4915126322271512,-4.018565007985094,-3.429984982496617,-0.5849024594135139,-0.5427832579015086,0.3701326336091446,3.5836336395795687,-1.287454054547188,2.1748392698901005
51.0,181.0,132.62808227539062,0.5478948821106959,1.4915126322271512,-4.018565007985094,-3.429984982496617,-0.5849024594135139,-0.5427832579015086,0.37059461730126,3.5836336395795687,-1.2874818471703546,2.1748392698901005
51.0,181.0,132.62808227539062,0.5478948821106959,1.4915125369362046,-4.018565007985094,-3.429984982496617,-0.585550776313577,-0.5279721935780763,0.3535768109007595,3.5836336395795687,-1.287454054547188,2.174267131087437
51.0,181.0,132.62808227539062,0.5479371659054912,1.49151008825493,-4.0168287821850335,-3.429984982496617,-0.5976865291217942,-0.5427832579015086,0.3698882394018333,3.5836336395795687,-1.2874808364368373,2.1750736287977723
51.0,181.0,132.62808227539062,0.5478783960350889,1.4915126322271512,-4.013231974046128,-3.429931259189822,-0.5853959079524219,-0.5427832579015086,0.3720227595107219,3.5836336395795687,-1.2874814237295416,2.1748392698901005
51.0,181.0,132.62808227539062,0.5478948821106959,1.4915126322271512,-4.018565007985094,-3.429984982496617,-0.5849038134755663,-0.5427832579015086,0.3530703330578133,3.5836336395795687,-1.2874818471703546,2.1748392698901005
51.0,181.0,132.62808227539062,0.5478948821106959,1.4915126322271512,-4.016336684172381,-3.434426143155825,-0.5849038134755663,-0.542783257782956,0.3530703330578133,3.583633585422957,-1.2873613426977333,2.1764212863434835
51.0,181.0,132.62808227539062,0.5478948821106959,1.4915126322271512,-4.018565007985094,-3.429984982496617,-0.5849024594135139,-0.5427832579015086,0.3701326336091446,3.5836336395795687,-1.287454054547188,2.1748392698901005
51.0,181.0,132.62808227539062,0.5478783960350889,1.4915126322271512,-4.013231974046128,-3.429931259189822,-0.5853959079524219,-0.5427832579015086,0.3720227595107219,3.5836336395795687,-1.2874814237295416,2.1748392698901005
51.0,181.0,132.62808227539062,0.5478948821106959,1.4915126322271512,-4.013322040356646,-3.4299823092542527,-0.5849024594135139,-0.5427832579015086,0.37059461730126,3.5836336395795687,-1.2874818471703546,2.1748392698901005
51.0,181.0,132.62808227539062,0.5479442460587678,1.49151008825493,-4.0168287821850335,-3.429984982496617,-0.5976865291217942,-0.5427832577767248,0.3698882394018333,3.5836336395795687,-1.2592496340822534,2.1759126645516123
51.0,181.0,132.62808227539062,0.547937616529104,1.49151008825493,-4.0168287821850335,-3.429984982496617,-0.5976865291217942,-0.5427832578991345,0.3698882394018333,3.5836336395795687,-1.2866427087170385,2.1759126645516123
51.0,181.0,132.62808227539062,0.5479371659054912,1.4915106906779072,-4.0168287821850335,-3.4349824467745527,-0.5955271495185809,-0.5427832579015086,0.3698882394018333,3.5703208031567057,-1.2854039180628944,2.1750736287977723
51.0,181.0,132.62808227539062,0.5478948821106959,1.4915126322271512,-4.018565007985094,-3.429984982496617,-0.5849038134755663,-0.5427832579015086,0.3530703330578133,3.5836336395795687,-1.2874818471703546,2.1748392698901005
51.0,181.0,132.62808227539062,0.5478948821106959,1.4915121369401692,-4.017412237295675,-3.429984982496617,-0.5860867837023092,-0.5279721935780763,0.3535768109007595,3.5836336395795687,-1.2873476441941856,2.174267131087437
51.0,181.0,132.62808227539062,0.5478779684829103,1.4915100582119574,-4.016556178241865,-3.429931259189822,-0.5853959079524219,-0.5427832579015086,0.3699401538168486,3.5836336395795687,-1.2874814237295416,2.1748339715722382
51.0,181.0,132.62808227539062,0.5478948821106959,1.491510115505245,-4.018565007985094,-3.429984982496617,-0.585550776313577,-0.5279721935780763,0.3532251727814096,3.5836336395795687,-1.287454054547188,2.174196968619919
51.0,181.0,132.62808227539062,0.5478783960350889,1.4915126322271512,-4.0115682631224345,-3.429931259189822,-0.5853959079524219,-0.5427832577720734,0.3720227595107219,3.5836336401050257,-1.2874814237295416,2.1748392698901005
51.0,181.0,132.62808227539062,0.5478777894201731,1.4915126322271512,-4.013098196013769,-3.4348979588315944,-0.5853959079524219,-0.5427832579015086,0.3720227595107219,3.5836336395795687,-1.2853275760651472,2.175045059501364
51.0,181.0,132.62808227539062,0.5478951812995236,1.4915126322271512,-4.018565007985094,-3.429984982496617,-0.5848787132213917,-0.5427832579015086,0.3701326336091446,3.5836336395795687,-1.2874537400465145,2.1748392698901005
51.0,181.0,132.62808227539062,0.5479371659054912,1.49151008825493,-4.0168287821850335,-3.429984982496617,-0.5976865291217942,-0.542783257787162,0.3672821324565222,3.5836336395795687,-1.2874808364368373,2.1750736287977723
51.0,181.0,132.62808227539062,0.5478948821106959,1.4915126322271512,-4.016336684172381,-3.434426143155825,-0.5849038134755663,-0.542783257782956,0.3530703330578133,3.583633585422957,-1.287482651840964,2.176455547875888
51.0,181.0,132.62808227539062,0.5479371659054912,1.4915106906779072,-4.01855497464395,-3.4349824467745527,-0.5955271495185809,-0.5427832579015086,0.3698627616320903,3.57050069664492,-1.2873897371495855,2.1750736287977723
51.0,181.0,132.62808227539062,0.5478948821106959,1.4915126322271512,-4.018565007985094,-3.429984982496617,-0.5849038134755663,-0.5417862759426133,0.3530854246187211,3.5836336395795687,-1.2874818471703546,2.1748678712457337
51.0,181.0,132.62808227539062,0.5478783960350889,1.4915126322271512,-4.0115682631224345,-3.429931259189822,-0.5853959079524219,-0.5427832577720734,0.3720227595107219,3.5836336401050257,-1.2874814237295416,2.1748392698901005
51.0,181.0,132.62808227539062,0.5478783960350889,1.4915126322271512,-4.013231974046128,-3.429931259189822,-0.5853959079524219,-0.5427832579015086,0.3720227595107219,3.5836336395795687,-1.2874814237295416,2.1748392698901005
51.0,181.0,132.62808227539062,0.5478950984988996,1.4915047339481498,-4.018565007985094,-3.429984982496617,-0.5834720788807439,-0.5427832579015086,0.37059461730126,3.5836336395795687,-1.2874818471703546,2.1748392698901005
51.0,181.0,132.62808227539062,0.5478951812995236,1.4915126322271512,-4.018565007985094,-3.429984982496617,-0.5848779094820971,-0.5427832579015086,0.3712595339174763,3.5836336395795687,-1.2874537400465145,2.1748392698901005
51.0,181.0,132.62808227539062,0.5478931777771237,1.4915101485711668,-4.0168287821850335,-3.429984982496617,-0.5977682839019836,-0.542783257901822,0.3698227181191845,3.5836336395795687,-1.2866427087170385,2.1748619574352266
51.0,181.0,132.62808227539062,0.5479449431421275,1.4915089129393202,-4.017770283732102,-3.43453688910242,-0.5854467428281206,-0.542783257773751,0.353354811350459,3.583633584550882,-1.287480815620589,2.17524651555813
51.0,181.0,132.62808227539062,0.5478951812995236,1.4915126322271512,-4.016838815526177,-3.429984982496617,-0.5848787132213917,-0.5427832579015086,0.3701581113788876,3.583453746091355,-1.285467920959823,2.1748392698901005
51.0,181.0,132.62808227539062,0.5478783960350889,1.4915126322271512,-4.013231974046128,-3.429931259189822,-0.5853959079524219,-0.5427832579015086,0.3720227595107219,3.5836336395795687,-1.2874814237295416,2.1748392698901005
51.0,181.0,132.62808227539062,0.5479383768927283,1.4915101155575186,-4.016829557674948,-3.429984982496617,-0.5850526222642735,-0.5279721935780763,0.3532251727814096,3.5836336395795687,-1.2874550421735926,2.17506624229969
51.0,181.0,132.62808227539062,0.5479438126126436,1.4915126322271512,-4.018565007985094,-3.429984982496617,-0.5975194006387133,-0.5427832579015086,0.3701326336091446,3.5836336395795687,-1.2883035972994583,2.1748392698901005
51.0,181.0,132.62808227539062,0.5478948821106959,1.4915126322271512,-4.018565007985094,-3.429984982496617,-0.5849046172148611,-0.5427832579015086,0.3519434327494816,3.5836336395795687,-1.2874818471703546,2.1748392698901005
51.0,181.0,132.62808227539062,0.5479393208626762,1.4915125719109144,-4.040700792776991,-3.4299823092542527,-0.5848207046333247,-0.5427832578988211,0.3706601385839088,3.5836336395795687,-1.2874818471703546,2.1758899770064857
51.0,181.0,132.62808227539062,0.547893240534502,1.4915101155575186,-4.016602115314464,-3.4299850385750648,-0.5850544538520193,-0.542868027407921,0.3532251727814096,3.5836336395795687,-1.2874776621229187,2.174816816413067
51.0,181.0,132.62808227539062,0.5479452929074433,1.491512940693981,-4.0168287821850335,-3.429984982496617,-0.5976865291217942,-0.5427832577767248,0.3701307659505306,3.5836336395795687,-1.2604577640593833,2.174836722732591
51.0,181.0,132.62808227539062,0.5478950265838155,1.491512770167609,-4.018565007985094,-3.429984982496617,-0.5855074512728781,-0.5427832579015086,0.3527487862190276,3.5836336395795687,-1.2874808635451835,2.1748406629564485
51.0,181.0,132.62808227539062,0.547878504885672,1.4915126322271512,-4.013215937589671,-3.429916541685906,-0.5853959079524219,-0.5427832579015086,0.3720227595107219,3.5836336347399445,-1.2874814237295416,2.1765074249396017
51.0,181.0,132.62808227539062,0.5478783960350889,1.4915126322271512,-4.018712072817035,-3.42998471476643,-0.5853852880407711,-0.5427955023696167,0.3720227595107219,3.5836336395795687,-1.2874814237295416,2.1748392698901005
51.0,181.0,132.62808227539062,0.5478779684829103,1.4915100582119574,-4.016556178241865,-3.429931259189822,-0.5853959079524219,-0.5427832579015086,0.3699401538168486,3.5836336395795687,-1.2874814237295416,2.1748339715722382
51.0,181.0,132.62808227539062,0.5478951812995236,1.4915126322271512,-4.018636021066609,-3.429984982496617,-0.5848779094820971,-0.5427832579015086,0.3712595339174763,3.5836336395795687,-1.2874791234900465,2.1748392698901005
51.0,181.0,132.62808227539062,0.5479438126126436,1.4915126322271512,-4.018565007985094,-3.429797029743666,-0.5975194006387133,-0.5427832579015086,0.3701326336091446,3.583631041414792,-1.2883035972994583,2.1748437404861187
51.0,181.0,132.62808227539062,0.5479393208626762,1.491512578734157,-4.040700792776991,-3.429984855905507,-0.5848207046333247,-0.542783257901575,0.370127098797437,3.5836336395795687,-1.2874801288957012,2.1758899770064857
51.0,181.0,132.62808227539062,0.5478779529403618,1.4915101047517092,-4.016563736223173,-3.429931259189822,-0.5853959079524219,-0.5427832579015086,0.3720227595107219,3.5836336395795687,-1.2874814237295416,2.174834069959463
51.0,181.0,132.62808227539062,0.5479371659054912,1.4915126739937374,-4.018641735686635,-3.429984982496617,-0.584232498697843,-0.5427832579015086,0.3698630959681335,3.5836336395795687,-1.2874539373312437,2.1750736287977723
51.0,181.0,132.62808227539062,0.5478751027957012,1.4915089918222544,-4.017770283732102,-3.43453688910242,-0.5854467428281206,-0.5427832578927154,0.353354811350459,3.583633584550882,-1.2874814327830302,2.1748304111604275
51.0,181.0,132.62808227539062,0.5479443307532503,1.4915089129393202,-4.020530599517375,-3.434557513050347,-0.5873265663083467,-0.542783257773751,0.3700575018888117,3.5836336377119413,-1.287454917965219,2.175238943496297
51.0,181.0,132.62808227539062,0.5478941344508481,1.4915097797880998,-4.018565007985094,-3.429984982496617,-0.5848787132213917,-0.5427832579015086,0.3698901070604473,3.5836336395795687,-1.2862456100693846,2.175915211709121
51.0,182.0,132.62808227539062,0.5478948821106959,1.4915126322271512,-4.018565007985094,-3.429984982496617,-0.5849024594135139,-0.5427832579015086,0.3701326336091446,3.5836336395795687,-1.287454054547188,2.1748392698901005
51.0,182.0,132.62808227539062,0.5478948821106959,1.4915126322271512,-4.018565007985094,-3.429984982496617,-0.5849024594135139,-0.5427832579015086,0.37059461730126,3.5836336395795687,-1.2874818471703546,2.1748392698901005
51.0,182.0,132.62808227539062,0.5478948821106959,1.4915125369362046,-4.018565007985094,-3.429984982496617,-0.585550776313577,-0.5279721935780763,0.3535768109007595,3.5836336395795687,-1.287454054547188,2.174267131087437
51.0,182.0,132.62808227539062,0.5479371659054912,1.49151008825493,-4.0168287821850335,-3.429984982496617,-0.5976865291217942,-0.5427832579015086,0.3698882394018333,3.5836336395795687,-1.2874808364368373,2.1750736287977723
51.0,182.0,132.62808227539062,0.5478783960350889,1.4915126322271512,-4.013231974046128,-3.429931259189822,-0.5853959079524219,-0.5427832579015086,0.3720227595107219,3.5836336395795687,-1.2874814237295416,2.1748392698901005
51.0,182.0,132.62808227539062,0.5478948821106959,1.4915126322271512,-4.018565007985094,-3.429984982496617,-0.5849038134755663,-0.5427832579015086,0.3530703330578133,3.5836336395795687,-1.2874818471703546,2.1748392698901005
51.0,182.0,132.62808227539062,0.5478948821106959,1.4915126322271512,-4.016336684172381,-3.434426143155825,-0.5849038134755663,-0.542783257782956,0.3530703330578133,3.583633585422957,-1.2873613426977333,2.1764212863434835
51.0,182.0,132.62808227539062,0.5478948821106959,1.4915126322271512,-4.018565007985094,-3.429984982496617,-0.5849024594135139,-0.5427832579015086,0.3701326336091446,3.5836336395795687,-1.287454054547188,2.1748392698901005
51.0,182.0,132.62808227539062,0.5478783960350889,1.4915126322271512,-4.013231974046128,-3.429931259189822,-0.5853959079524219,-0.5427832579015086,0.3720227595107219,3.5836336395795687,-1.2874814237295416,2.1748392698901005
51.0,182.0,132.62808227539062,0.5478948821106959,1.4915126322271512,-4.013322040356646,-3.4299823092542527,-0.5849024594135139,-0.5427832579015086,0.37059461730126,3.5836336395795687,-1.2874818471703546,2.1748392698901005
51.0,182.0,132.62808227539062,0.5479442460587678,1.49151008825493,-4.0168287821850335,-3.429984982496617,-0.5976865291217942,-0.5427832577767248,0.3698882394018333,3.5836336395795687,-1.2592496340822534,2.1759126645516123
51.0,182.0,132.62808227539062,0.547937616529104,1.49151008825493,-4.0168287821850335,-3.429984982496617,-0.5976865291217942,-0.5427832578991345,0.3698882394018333,3.5836336395795687,-1.2866427087170385,2.1759126645516123
51.0,182.0,132.62808227539062,0.5479371659054912,1.4915106906779072,-4.0168287821850335,-3.4349824467745527,-0.5955271495185809,-0.5427832579015086,0.3698882394018333,3.5703208031567057,-1.2854039180628944,2.1750736287977723
51.0,182.0,132.62808227539062,0.5478948821106959,1.4915126322271512,-4.018565007985094,-3.429984982496617,-0.5849038134755663,-0.5427832579015086,0.3530703330578133,3.5836336395795687,-1.2874818471703546,2.1748392698901005
51.0,182.0,132.62808227539062,0.5478948821106959,1.4915121369401692,-4.017412237295675,-3.429984982496617,-0.5860867837023092,-0.5279721935780763,0.3535768109007595,3.5836336395795687,-1.2873476441941856,2.174267131087437
51.0,182.0,132.62808227539062,0.5478779684829103,1.4915100582119574,-4.016556178241865,-3.429931259189822,-0.5853959079524219,-0.5427832579015086,0.3699401538168486,3.5836336395795687,-1.2874814237295416,2.1748339715722382
51.0,182.0,132.62808227539062,0.5478948821106959,1.491510115505245,-4.018565007985094,-3.429984982496617,-0.585550776313577,-0.5279721935780763,0.3532251727814096,3.5836336395795687,-1.287454054547188,2.174196968619919
51.0,182.0,132.62808227539062,0.5478783960350889,1.4915126322271512,-4.0115682631224345,-3.429931259189822,-0.5853959079524219,-0.5427832577720734,0.3720227595107219,3.5836336401050257,-1.2874814237295416,2.1748392698901005
51.0,182.0,132.62808227539062,0.5478777894201731,1.4915126322271512,-4.013098196013769,-3.4348979588315944,-0.5853959079524219,-0.5427832579015086,0.3720227595107219,3.5836336395795687,-1.2853275760651472,2.175045059501364
51.0,182.0,132.62808227539062,0.5478951812995236,1.4915126322271512,-4.018565007985094,-3.429984982496617,-0.5848787132213917,-0.5427832579015086,0.3701326336091446,3.5836336395795687,-1.2874537400465145,2.1748392698901005
51.0,182.0,132.62808227539062,0.5479371659054912,1.49151008825493,-4.0168287821850335,-3.429984982496617,-0.5976865291217942,-0.542783257787162,0.3672821324565222,3.5836336395795687,-1.2874808364368373,2.1750736287977723
51.0,182.0,132.62808227539062,0.5478948821106959,1.4915126322271512,-4.016336684172381,-3.434426143155825,-0.5849038134755663,-0.542783257782956,0.3530703330578133,3.583633585422957,-1.287482651840964,2.176455547875888
51.0,182.0,132.62808227539062,0.5479371659054912,1.4915106906779072,-4.01855497464395,-3.4349824467745527,-0.5955271495185809,-0.5427832579015086,0.3698627616320903,3.57050069664492,-1.2873897371495855,2.1750736287977723
51.0,182.0,132.62808227539062,0.5478948821106959,1.4915126322271512,-4.018565007985094,-3.429984982496617,-0.5849038134755663,-0.5417862759426133,0.3530854246187211,3.5836336395795687,-1.2874818471703546,2.1748678712457337
51.0,182.0,132.62808227539062,0.5478783960350889,1.4915126322271512,-4.0115682631224345,-3.429931259189822,-0.5853959079524219,-0.5427832577720734,0.3720227595107219,3.5836336401050257,-1.2874814237295416,2.1748392698901005
51.0,182.0,132.62808227539062,0.5478783960350889,1.4915126322271512,-4.013231974046128,-3.429931259189822,-0.5853959079524219,-0.5427832579015086,0.3720227595107219,3.5836336395795687,-1.2874814237295416,2.1748392698901005
51.0,182.0,132.62808227539062,0.5478950984988996,1.4915047339481498,-4.018565007985094,-3.429984982496617,-0.5834720788807439,-0.5427832579015086,0.37059461730126,3.5836336395795687,-1.2874818471703546,2.1748392698901005
51.0,182.0,132.62808227539062,0.5478951812995236,1.4915126322271512,-4.018565007985094,-3.429984982496617,-0.5848779094820971,-0.5427832579015086,0.3712595339174763,3.5836336395795687,-1.2874537400465145,2.1748392698901005
51.0,182.0,132.62808227539062,0.5478931777771237,1.4915101485711668,-4.0168287821850335,-3.429984982496617,-0.5977682839019836,-0.542783257901822,0.3698227181191845,3.5836336395795687,-1.2866427087170385,2.1748619574352266
51.0,182.0,132.62808227539062,0.5479449431421275,1.4915089129393202,-4.017770283732102,-3.43453688910242,-0.5854467428281206,-0.542783257773751,0.353354811350459,3.583633584550882,-1.287480815620589,2.17524651555813
51.0,182.0,132.62808227539062,0.5478951812995236,1.4915126322271512,-4.016838815526177,-3.429984982496617,-0.5848787132213917,-0.5427832579015086,0.3701581113788876,3.583453746091355,-1.285467920959823,2.1748392698901005
51.0,182.0,132.62808227539062,0.5478783960350889,1.4915126322271512,-4.013231974046128,-3.429931259189822,-0.5853959079524219,-0.5427832579015086,0.3720227595107219,3.5836336395795687,-1.2874814237295416,2.1748392698901005
51.0,182.0,132.62808227539062,0.5479383768927283,1.4915101155575186,-4.016829557674948,-3.429984982496617,-0.5850526222642735,-0.5279721935780763,0.3532251727814096,3.5836336395795687,-1.2874550421735926,2.17506624229969
51.0,182.0,132.62808227539062,0.5479438126126436,1.4915126322271512,-4.018565007985094,-3.429984982496617,-0.5975194006387133,-0.5427832579015086,0.3701326336091446,3.5836336395795687,-1.2883035972994583,2.1748392698901005
51.0,182.0,132.62808227539062,0.5478948821106959,1.4915126322271512,-4.018565007985094,-3.429984982496617,-0.5849046172148611,-0.5427832579015086,0.3519434327494816,3.5836336395795687,-1.2874818471703546,2.1748392698901005
51.0,182.0,132.62808227539062,0.5479393208626762,1.4915125719109144,-4.040700792776991,-3.4299823092542527,-0.5848207046333247,-0.5427832578988211,0.3706601385839088,3.5836336395795687,-1.2874818471703546,2.1758899770064857
51.0,182.0,132.62808227539062,0.547893240534502,1.4915101155575186,-4.016602115314464,-3.4299850385750648,-0.5850544538520193,-0.542868027407921,0.3532251727814096,3.5836336395795687,-1.2874776621229187,2.174816816413067
51.0,182.0,132.62808227539062,0.5479452929074433,1.491512940693981,-4.0168287821850335,-3.429984982496617,-0.5976865291217942,-0.5427832577767248,0.3701307659505306,3.5836336395795687,-1.2604577640593833,2.174836722732591
51.0,182.0,132.62808227539062,0.5478950265838155,1.491512770167609,-4.018565007985094,-3.429984982496617,-0.5855074512728781,-0.5427832579015086,0.3527487862190276,3.5836336395795687,-1.2874808635451835,2.1748406629564485
51.0,182.0,132.62808227539062,0.547878504885672,1.4915126322271512,-4.013215937589671,-3.429916541685906,-0.5853959079524219,-0.5427832579015086,0.3720227595107219,3.5836336347399445,-1.2874814237295416,2.1765074249396017
51.0,182.0,132.62808227539062,0.5478783960350889,1.4915126322271512,-4.018712072817035,-3.42998471476643,-0.5853852880407711,-0.5427955023696167,0.3720227595107219,3.5836336395795687,-1.2874814237295416,2.1748392698901005
51.0,182.0,132.62808227539062,0.5478779684829103,1.4915100582119574,-4.016556178241865,-3.429931259189822,-0.5853959079524219,-0.5427832579015086,0.3699401538168486,3.5836336395795687,-1.2874814237295416,2.1748339715722382
51.0,182.0,132.62808227539062,0.5478951812995236,1.4915126322271512,-4.018636021066609,-3.429984982496617,-0.5848779094820971,-0.5427832579015086,0.3712595339174763,3.5836336395795687,-1.2874791234900465,2.1748392698901005
51.0,182.0,132.62808227539062,0.5479438126126436,1.4915126322271512,-4.018565007985094,-3.429797029743666,-0.5975194006387133,-0.5427832579015086,0.3701326336091446,3.583631041414792,-1.2883035972994583,2.1748437404861187
51.0,182.0,132.62808227539062,0.5479393208626762,1.491512578734157,-4.040700792776991,-3.429984855905507,-0.5848207046333247,-0.542783257901575,0.370127098797437,3.5836336395795687,-1.2874801288957012,2.1758899770064857
51.0,182.0,132.62808227539062,0.5478779529403618,1.4915101047517092,-4.016563736223173,-3.429931259189822,-0.5853959079524219,-0.5427832579015086,0.3720227595107219,3.5836336395795687,-1.2874814237295416,2.174834069959463
51.0,182.0,132.62808227539062,0.5479371659054912,1.4915126739937374,-4.018641735686635,-3.429984982496617,-0.584232498697843,-0.5427832579015086,0.3698630959681335,3.5836336395795687,-1.2874539373312437,2.1750736287977723
51.0,182.0,132.62808227539062,0.5478751027957012,1.4915089918222544,-4.017770283732102,-3.43453688910242,-0.5854467428281206,-0.5427832578927154,0.353354811350459,3.583633584550882,-1.2874814327830302,2.1748304111604275
51.0,182.0,132.62808227539062,0.5479443307532503,1.4915089129393202,-4.020530599517375,-3.434557513050347,-0.5873265663083467,-0.542783257773751,0.3700575018888117,3.5836336377119413,-1.287454917965219,2.175238943496297
51.0,182.0,132.62808227539062,0.5478941344508481,1.4915097797880998,-4.018565007985094,-3.429984982496617,-0.5848787132213917,-0.5427832579015086,0.3698901070604473,3.5836336395795687,-1.2862456100693846,2.175915211709121
51.0,183.0,132.62808227539062,0.5478948821106959,1.4915126322271512,-4.018565007985094,-3.429984982496617,-0.5849024594135139,-0.5427832579015086,0.3701326336091446,3.5836336395795687,-1.287454054547188,2.1748392698901005
51.0,183.0,132.62808227539062,0.5478948821106959,1.4915126322271512,-4.018565007985094,-3.429984982496617,-0.5849024594135139,-0.5427832579015086,0.37059461730126,3.5836336395795687,-1.2874818471703546,2.1748392698901005
51.0,183.0,132.62808227539062,0.5478948821106959,1.4915125369362046,-4.018565007985094,-3.429984982496617,-0.585550776313577,-0.5279721935780763,0.3535768109007595,3.5836336395795687,-1.287454054547188,2.174267131087437
51.0,183.0,132.62808227539062,0.5479371659054912,1.49151008825493,-4.0168287821850335,-3.429984982496617,-0.5976865291217942,-0.5427832579015086,0.3698882394018333,3.5836336395795687,-1.2874808364368373,2.1750736287977723
51.0,183.0,132.62808227539062,0.5478783960350889,1.4915126322271512,-4.013231974046128,-3.429931259189822,-0.5853959079524219,-0.5427832579015086,0.3720227595107219,3.5836336395795687,-1.2874814237295416,2.1748392698901005
51.0,183.0,132.62808227539062,0.5478948821106959,1.4915126322271512,-4.018565007985094,-3.429984982496617,-0.5849038134755663,-0.5427832579015086,0.3530703330578133,3.5836336395795687,-1.2874818471703546,2.1748392698901005
51.0,183.0,132.62808227539062,0.5478948821106959,1.4915126322271512,-4.016336684172381,-3.434426143155825,-0.5849038134755663,-0.542783257782956,0.3530703330578133,3.583633585422957,-1.2873613426977333,2.1764212863434835
51.0,183.0,132.62808227539062,0.5478948821106959,1.4915126322271512,-4.018565007985094,-3.429984982496617,-0.5849024594135139,-0.5427832579015086,0.3701326336091446,3.5836336395795687,-1.287454054547188,2.1748392698901005
51.0,183.0,132.62808227539062,0.5478783960350889,1.4915126322271512,-4.013231974046128,-3.429931259189822,-0.5853959079524219,-0.5427832579015086,0.3720227595107219,3.5836336395795687,-1.2874814237295416,2.1748392698901005
51.0,183.0,132.62808227539062,0.5478948821106959,1.4915126322271512,-4.013322040356646,-3.4299823092542527,-0.5849024594135139,-0.5427832579015086,0.37059461730126,3.5836336395795687,-1.2874818471703546,2.1748392698901005
51.0,183.0,132.62808227539062,0.5479442460587678,1.49151008825493,-4.0168287821850335,-3.429984982496617,-0.5976865291217942,-0.5427832577767248,0.3698882394018333,3.5836336395795687,-1.2592496340822534,2.1759126645516123
51.0,183.0,132.62808227539062,0.547937616529104,1.49151008825493,-4.0168287821850335,-3.429984982496617,-0.5976865291217942,-0.5427832578991345,0.3698882394018333,3.5836336395795687,-1.2866427087170385,2.1759126645516123
51.0,183.0,132.62808227539062,0.5479371659054912,1.4915106906779072,-4.0168287821850335,-3.4349824467745527,-0.5955271495185809,-0.5427832579015086,0.3698882394018333,3.5703208031567057,-1.2854039180628944,2.1750736287977723
51.0,183.0,132.62808227539062,0.5478948821106959,1.4915126322271512,-4.018565007985094,-3.429984982496617,-0.5849038134755663,-0.5427832579015086,0.3530703330578133,3.5836336395795687,-1.2874818471703546,2.1748392698901005
51.0,183.0,132.62808227539062,0.5478948821106959,1.4915121369401692,-4.017412237295675,-3.429984982496617,-0.5860867837023092,-0.5279721935780763,0.3535768109007595,3.5836336395795687,-1.2873476441941856,2.174267131087437
51.0,183.0,132.62808227539062,0.5478779684829103,1.4915100582119574,-4.016556178241865,-3.429931259189822,-0.5853959079524219,-0.5427832579015086,0.3699401538168486,3.5836336395795687,-1.2874814237295416,2.1748339715722382
51.0,183.0,132.62808227539062,0.5478948821106959,1.491510115505245,-4.018565007985094,-3.429984982496617,-0.585550776313577,-0.5279721935780763,0.3532251727814096,3.5836336395795687,-1.287454054547188,2.174196968619919
51.0,183.0,132.62808227539062,0.5478783960350889,1.4915126322271512,-4.0115682631224345,-3.429931259189822,-0.5853959079524219,-0.5427832577720734,0.3720227595107219,3.5836336401050257,-1.2874814237295416,2.1748392698901005
51.0,183.0,132.62808227539062,0.5478777894201731,1.4915126322271512,-4.013098196013769,-3.4348979588315944,-0.5853959079524219,-0.5427832579015086,0.3720227595107219,3.5836336395795687,-1.2853275760651472,2.175045059501364
51.0,183.0,132.62808227539062,0.5478951812995236,1.4915126322271512,-4.018565007985094,-3.429984982496617,-0.5848787132213917,-0.5427832579015086,0.3701326336091446,3.5836336395795687,-1.2874537400465145,2.1748392698901005
51.0,183.0,132.62808227539062,0.5479371659054912,1.49151008825493,-4.0168287821850335,-3.429984982496617,-0.5976865291217942,-0.542783257787162,0.3672821324565222,3.5836336395795687,-1.2874808364368373,2.1750736287977723
51.0,183.0,132.62808227539062,0.5478948821106959,1.4915126322271512,-4.016336684172381,-3.434426143155825,-0.5849038134755663,-0.542783257782956,0.3530703330578133,3.583633585422957,-1.287482651840964,2.176455547875888
51.0,183.0,132.62808227539062,0.5479371659054912,1.4915106906779072,-4.01855497464395,-3.4349824467745527,-0.5955271495185809,-0.5427832579015086,0.3698627616320903,3.57050069664492,-1.2873897371495855,2.1750736287977723
51.0,183.0,132.62808227539062,0.5478948821106959,1.4915126322271512,-4.018565007985094,-3.429984982496617,-0.5849038134755663,-0.5417862759426133,0.3530854246187211,3.5836336395795687,-1.2874818471703546,2.1748678712457337
51.0,183.0,132.62808227539062,0.5478783960350889,1.4915126322271512,-4.0115682631224345,-3.429931259189822,-0.5853959079524219,-0.5427832577720734,0.3720227595107219,3.5836336401050257,-1.2874814237295416,2.1748392698901005
51.0,183.0,132.62808227539062,0.5478783960350889,1.4915126322271512,-4.013231974046128,-3.429931259189822,-0.5853959079524219,-0.5427832579015086,0.3720227595107219,3.5836336395795687,-1.2874814237295416,2.1748392698901005
51.0,183.0,132.62808227539062,0.5478950984988996,1.4915047339481498,-4.018565007985094,-3.429984982496617,-0.5834720788807439,-0.5427832579015086,0.37059461730126,3.5836336395795687,-1.2874818471703546,2.1748392698901005
51.0,183.0,132.62808227539062,0.5478951812995236,1.4915126322271512,-4.018565007985094,-3.429984982496617,-0.5848779094820971,-0.5427832579015086,0.3712595339174763,3.5836336395795687,-1.2874537400465145,2.1748392698901005
51.0,183.0,132.62808227539062,0.5478931777771237,1.4915101485711668,-4.0168287821850335,-3.429984982496617,-0.5977682839019836,-0.542783257901822,0.3698227181191845,3.5836336395795687,-1.2866427087170385,2.1748619574352266
51.0,183.0,132.62808227539062,0.5479449431421275,1.4915089129393202,-4.017770283732102,-3.43453688910242,-0.5854467428281206,-0.542783257773751,0.353354811350459,3.583633584550882,-1.287480815620589,2.17524651555813
51.0,183.0,132.62808227539062,0.5478951812995236,1.4915126322271512,-4.016838815526177,-3.429984982496617,-0.5848787132213917,-0.5427832579015086,0.3701581113788876,3.583453746091355,-1.285467920959823,2.1748392698901005
51.0,183.0,132.62808227539062,0.5478783960350889,1.4915126322271512,-4.013231974046128,-3.429931259189822,-0.5853959079524219,-0.5427832579015086,0.3720227595107219,3.5836336395795687,-1.2874814237295416,2.1748392698901005
51.0,183.0,132.62808227539062,0.5479383768927283,1.4915101155575186,-4.016829557674948,-3.429984982496617,-0.5850526222642735,-0.5279721935780763,0.3532251727814096,3.5836336395795687,-1.2874550421735926,2.17506624229969
51.0,183.0,132.62808227539062,0.5479438126126436,1.4915126322271512,-4.018565007985094,-3.429984982496617,-0.5975194006387133,-0.5427832579015086,0.3701326336091446,3.5836336395795687,-1.2883035972994583,2.1748392698901005
51.0,183.0,132.62808227539062,0.5478948821106959,1.4915126322271512,-4.018565007985094,-3.429984982496617,-0.5849046172148611,-0.5427832579015086,0.3519434327494816,3.5836336395795687,-1.2874818471703546,2.1748392698901005
51.0,183.0,132.62808227539062,0.5479393208626762,1.4915125719109144,-4.040700792776991,-3.4299823092542527,-0.5848207046333247,-0.5427832578988211,0.3706601385839088,3.5836336395795687,-1.2874818471703546,2.1758899770064857
51.0,183.0,132.62808227539062,0.547893240534502,1.4915101155575186,-4.016602115314464,-3.4299850385750648,-0.5850544538520193,-0.542868027407921,0.3532251727814096,3.5836336395795687,-1.2874776621229187,2.174816816413067
51.0,183.0,132.62808227539062,0.5479452929074433,1.491512940693981,-4.0168287821850335,-3.429984982496617,-0.5976865291217942,-0.5427832577767248,0.3701307659505306,3.5836336395795687,-1.2604577640593833,2.174836722732591
51.0,183.0,132.62808227539062,0.5478950265838155,1.491512770167609,-4.018565007985094,-3.429984982496617,-0.5855074512728781,-0.5427832579015086,0.3527487862190276,3.5836336395795687,-1.2874808635451835,2.1748406629564485
51.0,183.0,132.62808227539062,0.547878504885672,1.4915126322271512,-4.013215937589671,-3.429916541685906,-0.5853959079524219,-0.5427832579015086,0.3720227595107219,3.5836336347399445,-1.2874814237295416,2.1765074249396017
51.0,183.0,132.62808227539062,0.5478783960350889,1.4915126322271512,-4.018712072817035,-3.42998471476643,-0.5853852880407711,-0.5427955023696167,0.3720227595107219,3.5836336395795687,-1.2874814237295416,2.1748392698901005
51.0,183.0,132.62808227539062,0.5478779684829103,1.4915100582119574,-4.016556178241865,-3.429931259189822,-0.5853959079524219,-0.5427832579015086,0.3699401538168486,3.5836336395795687,-1.2874814237295416,2.1748339715722382
51.0,183.0,132.62808227539062,0.5478951812995236,1.4915126322271512,-4.018636021066609,-3.429984982496617,-0.5848779094820971,-0.5427832579015086,0.3712595339174763,3.5836336395795687,-1.2874791234900465,2.1748392698901005
51.0,183.0,132.62808227539062,0.5479438126126436,1.4915126322271512,-4.018565007985094,-3.429797029743666,-0.5975194006387133,-0.5427832579015086,0.3701326336091446,3.583631041414792,-1.2883035972994583,2.1748437404861187
51.0,183.0,132.62808227539062,0.5479393208626762,1.491512578734157,-4.040700792776991,-3.429984855905507,-0.5848207046333247,-0.542783257901575,0.370127098797437,3.5836336395795687,-1.2874801288957012,2.1758899770064857
51.0,183.0,132.62808227539062,0.5478779529403618,1.4915101047517092,-4.016563736223173,-3.429931259189822,-0.5853959079524219,-0.5427832579015086,0.3720227595107219,3.5836336395795687,-1.2874814237295416,2.174834069959463
51.0,183.0,132.62808227539062,0.5479371659054912,1.4915126739937374,-4.018641735686635,-3.429984982496617,-0.584232498697843,-0.5427832579015086,0.3698630959681335,3.5836336395795687,-1.2874539373312437,2.1750736287977723
51.0,183.0,132.62808227539062,0.5478751027957012,1.4915089918222544,-4.017770283732102,-3.43453688910242,-0.5854467428281206,-0.5427832578927154,0.353354811350459,3.583633584550882,-1.2874814327830302,2.1748304111604275
51.0,183.0,132.62808227539062,0.5479443307532503,1.4915089129393202,-4.020530599517375,-3.434557513050347,-0.5873265663083467,-0.542783257773751,0.3700575018888117,3.5836336377119413,-1.287454917965219,2.175238943496297
51.0,183.0,132.62808227539062,0.5478941344508481,1.4915097797880998,-4.018565007985094,-3.429984982496617,-0.5848787132213917,-0.5427832579015086,0.3698901070604473,3.5836336395795687,-1.2862456100693846,2.175915211709121
51.0,184.0,132.62808227539062,0.5478948821106959,1.4915126322271512,-4.018565007985094,-3.429984982496617,-0.5849024594135139,-0.5427832579015086,0.3701326336091446,3.5836336395795687,-1.287454054547188,2.1748392698901005
51.0,184.0,132.62808227539062,0.5478948821106959,1.4915126322271512,-4.018565007985094,-3.429984982496617,-0.5849024594135139,-0.5427832579015086,0.37059461730126,3.5836336395795687,-1.2874818471703546,2.1748392698901005
51.0,184.0,132.62808227539062,0.5478948821106959,1.4915125369362046,-4.018565007985094,-3.429984982496617,-0.585550776313577,-0.5279721935780763,0.3535768109007595,3.5836336395795687,-1.287454054547188,2.174267131087437
51.0,184.0,132.62808227539062,0.5479371659054912,1.49151008825493,-4.0168287821850335,-3.429984982496617,-0.5976865291217942,-0.5427832579015086,0.3698882394018333,3.5836336395795687,-1.2874808364368373,2.1750736287977723
51.0,184.0,132.62808227539062,0.5478783960350889,1.4915126322271512,-4.013231974046128,-3.429931259189822,-0.5853959079524219,-0.5427832579015086,0.3720227595107219,3.5836336395795687,-1.2874814237295416,2.1748392698901005
51.0,184.0,132.62808227539062,0.5478948821106959,1.4915126322271512,-4.018565007985094,-3.429984982496617,-0.5849038134755663,-0.5427832579015086,0.3530703330578133,3.5836336395795687,-1.2874818471703546,2.1748392698901005
51.0,184.0,132.62808227539062,0.5478948821106959,1.4915126322271512,-4.016336684172381,-3.434426143155825,-0.5849038134755663,-0.542783257782956,0.3530703330578133,3.583633585422957,-1.2873613426977333,2.1764212863434835
51.0,184.0,132.62808227539062,0.5478948821106959,1.4915126322271512,-4.018565007985094,-3.429984982496617,-0.5849024594135139,-0.5427832579015086,0.3701326336091446,3.5836336395795687,-1.287454054547188,2.1748392698901005
51.0,184.0,132.62808227539062,0.5478783960350889,1.4915126322271512,-4.013231974046128,-3.429931259189822,-0.5853959079524219,-0.5427832579015086,0.3720227595107219,3.5836336395795687,-1.2874814237295416,2.1748392698901005
51.0,184.0,132.62808227539062,0.5478948821106959,1.4915126322271512,-4.013322040356646,-3.4299823092542527,-0.5849024594135139,-0.5427832579015086,0.37059461730126,3.5836336395795687,-1.2874818471703546,2.1748392698901005
51.0,184.0,132.62808227539062,0.5479442460587678,1.49151008825493,-4.0168287821850335,-3.429984982496617,-0.5976865291217942,-0.5427832577767248,0.3698882394018333,3.5836336395795687,-1.2592496340822534,2.1759126645516123
51.0,184.0,132.62808227539062,0.547937616529104,1.49151008825493,-4.0168287821850335,-3.429984982496617,-0.5976865291217942,-0.5427832578991345,0.3698882394018333,3.5836336395795687,-1.2866427087170385,2.1759126645516123
51.0,184.0,132.62808227539062,0.5479371659054912,1.4915106906779072,-4.0168287821850335,-3.4349824467745527,-0.5955271495185809,-0.5427832579015086,0.3698882394018333,3.5703208031567057,-1.2854039180628944,2.1750736287977723
51.0,184.0,132.62808227539062,0.5478948821106959,1.4915126322271512,-4.018565007985094,-3.429984982496617,-0.5849038134755663,-0.5427832579015086,0.3530703330578133,3.5836336395795687,-1.2874818471703546,2.1748392698901005
51.0,184.0,132.62808227539062,0.5478948821106959,1.4915121369401692,-4.017412237295675,-3.429984982496617,-0.5860867837023092,-0.5279721935780763,0.3535768109007595,3.5836336395795687,-1.2873476441941856,2.174267131087437
51.0,184.0,132.62808227539062,0.5478779684829103,1.4915100582119574,-4.016556178241865,-3.429931259189822,-0.5853959079524219,-0.5427832579015086,0.3699401538168486,3.5836336395795687,-1.2874814237295416,2.1748339715722382
51.0,184.0,132.62808227539062,0.5478948821106959,1.491510115505245,-4.018565007985094,-3.429984982496617,-0.585550776313577,-0.5279721935780763,0.3532251727814096,3.5836336395795687,-1.287454054547188,2.174196968619919
51.0,184.0,132.62808227539062,0.5478783960350889,1.4915126322271512,-4.0115682631224345,-3.429931259189822,-0.5853959079524219,-0.5427832577720734,0.3720227595107219,3.5836336401050257,-1.2874814237295416,2.1748392698901005
51.0,184.0,132.62808227539062,0.5478777894201731,1.4915126322271512,-4.013098196013769,-3.4348979588315944,-0.5853959079524219,-0.5427832579015086,0.3720227595107219,3.5836336395795687,-1.2853275760651472,2.175045059501364
51.0,184.0,132.62808227539062,0.5478951812995236,1.4915126322271512,-4.018565007985094,-3.429984982496617,-0.5848787132213917,-0.5427832579015086,0.3701326336091446,3.5836336395795687,-1.2874537400465145,2.1748392698901005
51.0,184.0,132.62808227539062,0.5479371659054912,1.49151008825493,-4.0168287821850335,-3.429984982496617,-0.5976865291217942,-0.542783257787162,0.3672821324565222,3.5836336395795687,-1.2874808364368373,2.1750736287977723
51.0,184.0,132.62808227539062,0.5478948821106959,1.4915126322271512,-4.016336684172381,-3.434426143155825,-0.5849038134755663,-0.542783257782956,0.3530703330578133,3.583633585422957,-1.287482651840964,2.176455547875888
51.0,184.0,132.62808227539062,0.5479371659054912,1.4915106906779072,-4.01855497464395,-3.4349824467745527,-0.5955271495185809,-0.5427832579015086,0.3698627616320903,3.57050069664492,-1.2873897371495855,2.1750736287977723
51.0,184.0,132.62808227539062,0.5478948821106959,1.4915126322271512,-4.018565007985094,-3.429984982496617,-0.5849038134755663,-0.5417862759426133,0.3530854246187211,3.5836336395795687,-1.2874818471703546,2.1748678712457337
51.0,184.0,132.62808227539062,0.5478783960350889,1.4915126322271512,-4.0115682631224345,-3.429931259189822,-0.5853959079524219,-0.5427832577720734,0.3720227595107219,3.5836336401050257,-1.2874814237295416,2.1748392698901005
51.0,184.0,132.62808227539062,0.5478783960350889,1.4915126322271512,-4.013231974046128,-3.429931259189822,-0.5853959079524219,-0.5427832579015086,0.3720227595107219,3.5836336395795687,-1.2874814237295416,2.1748392698901005
51.0,184.0,132.62808227539062,0.5478950984988996,1.4915047339481498,-4.018565007985094,-3.429984982496617,-0.5834720788807439,-0.5427832579015086,0.37059461730126,3.5836336395795687,-1.2874818471703546,2.1748392698901005
51.0,184.0,132.62808227539062,0.5478951812995236,1.4915126322271512,-4.018565007985094,-3.429984982496617,-0.5848779094820971,-0.5427832579015086,0.3712595339174763,3.5836336395795687,-1.2874537400465145,2.1748392698901005
51.0,184.0,132.62808227539062,0.5478931777771237,1.4915101485711668,-4.0168287821850335,-3.429984982496617,-0.5977682839019836,-0.542783257901822,0.3698227181191845,3.5836336395795687,-1.2866427087170385,2.1748619574352266
51.0,184.0,132.62808227539062,0.5479449431421275,1.4915089129393202,-4.017770283732102,-3.43453688910242,-0.5854467428281206,-0.542783257773751,0.353354811350459,3.583633584550882,-1.287480815620589,2.17524651555813
51.0,184.0,132.62808227539062,0.5478951812995236,1.4915126322271512,-4.016838815526177,-3.429984982496617,-0.5848787132213917,-0.5427832579015086,0.3701581113788876,3.583453746091355,-1.285467920959823,2.1748392698901005
51.0,184.0,132.62808227539062,0.5478783960350889,1.4915126322271512,-4.013231974046128,-3.429931259189822,-0.5853959079524219,-0.5427832579015086,0.3720227595107219,3.5836336395795687,-1.2874814237295416,2.1748392698901005
51.0,184.0,132.62808227539062,0.5479383768927283,1.4915101155575186,-4.016829557674948,-3.429984982496617,-0.5850526222642735,-0.5279721935780763,0.3532251727814096,3.5836336395795687,-1.2874550421735926,2.17506624229969
51.0,184.0,132.62808227539062,0.5479438126126436,1.4915126322271512,-4.018565007985094,-3.429984982496617,-0.5975194006387133,-0.5427832579015086,0.3701326336091446,3.5836336395795687,-1.2883035972994583,2.1748392698901005
51.0,184.0,132.62808227539062,0.5478948821106959,1.4915126322271512,-4.018565007985094,-3.429984982496617,-0.5849046172148611,-0.5427832579015086,0.3519434327494816,3.5836336395795687,-1.2874818471703546,2.1748392698901005
51.0,184.0,132.62808227539062,0.5479393208626762,1.4915125719109144,-4.040700792776991,-3.4299823092542527,-0.5848207046333247,-0.5427832578988211,0.3706601385839088,3.5836336395795687,-1.2874818471703546,2.1758899770064857
51.0,184.0,132.62808227539062,0.547893240534502,1.4915101155575186,-4.016602115314464,-3.4299850385750648,-0.5850544538520193,-0.542868027407921,0.3532251727814096,3.5836336395795687,-1.2874776621229187,2.174816816413067
51.0,184.0,132.62808227539062,0.5479452929074433,1.491512940693981,-4.0168287821850335,-3.429984982496617,-0.5976865291217942,-0.5427832577767248,0.3701307659505306,3.5836336395795687,-1.2604577640593833,2.174836722732591
51.0,184.0,132.62808227539062,0.5478950265838155,1.491512770167609,-4.018565007985094,-3.429984982496617,-0.5855074512728781,-0.5427832579015086,0.3527487862190276,3.5836336395795687,-1.2874808635451835,2.1748406629564485
51.0,184.0,132.62808227539062,0.547878504885672,1.4915126322271512,-4.013215937589671,-3.429916541685906,-0.5853959079524219,-0.5427832579015086,0.3720227595107219,3.5836336347399445,-1.2874814237295416,2.1765074249396017
51.0,184.0,132.62808227539062,0.5478783960350889,1.4915126322271512,-4.018712072817035,-3.42998471476643,-0.5853852880407711,-0.5427955023696167,0.3720227595107219,3.5836336395795687,-1.2874814237295416,2.1748392698901005
51.0,184.0,132.62808227539062,0.5478779684829103,1.4915100582119574,-4.016556178241865,-3.429931259189822,-0.5853959079524219,-0.5427832579015086,0.3699401538168486,3.5836336395795687,-1.2874814237295416,2.1748339715722382
51.0,184.0,132.62808227539062,0.5478951812995236,1.4915126322271512,-4.018636021066609,-3.429984982496617,-0.5848779094820971,-0.5427832579015086,0.3712595339174763,3.5836336395795687,-1.2874791234900465,2.1748392698901005
51.0,184.0,132.62808227539062,0.5479438126126436,1.4915126322271512,-4.018565007985094,-3.429797029743666,-0.5975194006387133,-0.5427832579015086,0.3701326336091446,3.583631041414792,-1.2883035972994583,2.1748437404861187
51.0,184.0,132.62808227539062,0.5479393208626762,1.491512578734157,-4.040700792776991,-3.429984855905507,-0.5848207046333247,-0.542783257901575,0.370127098797437,3.5836336395795687,-1.2874801288957012,2.1758899770064857
51.0,184.0,132.62808227539062,0.5478779529403618,1.4915101047517092,-4.016563736223173,-3.429931259189822,-0.5853959079524219,-0.5427832579015086,0.3720227595107219,3.5836336395795687,-1.2874814237295416,2.174834069959463
51.0,184.0,132.62808227539062,0.5479371659054912,1.4915126739937374,-4.018641735686635,-3.429984982496617,-0.584232498697843,-0.5427832579015086,0.3698630959681335,3.5836336395795687,-1.2874539373312437,2.1750736287977723
51.0,184.0,132.62808227539062,0.5478751027957012,1.4915089918222544,-4.017770283732102,-3.43453688910242,-0.5854467428281206,-0.5427832578927154,0.353354811350459,3.583633584550882,-1.2874814327830302,2.1748304111604275
51.0,184.0,132.62808227539062,0.5479443307532503,1.4915089129393202,-4.020530599517375,-3.434557513050347,-0.5873265663083467,-0.542783257773751,0.3700575018888117,3.5836336377119413,-1.287454917965219,2.175238943496297
51.0,184.0,132.62808227539062,0.5478941344508481,1.4915097797880998,-4.018565007985094,-3.429984982496617,-0.5848787132213917,-0.5427832579015086,0.3698901070604473,3.5836336395795687,-1.2862456100693846,2.175915211709121
51.0,185.0,132.62808227539062,0.5478948821106959,1.4915126322271512,-4.018565007985094,-3.429984982496617,-0.5849024594135139,-0.5427832579015086,0.3701326336091446,3.5836336395795687,-1.287454054547188,2.1748392698901005
51.0,185.0,132.62808227539062,0.5478948821106959,1.4915126322271512,-4.018565007985094,-3.429984982496617,-0.5849024594135139,-0.5427832579015086,0.37059461730126,3.5836336395795687,-1.2874818471703546,2.1748392698901005
51.0,185.0,132.62808227539062,0.5478948821106959,1.4915125369362046,-4.018565007985094,-3.429984982496617,-0.585550776313577,-0.5279721935780763,0.3535768109007595,3.5836336395795687,-1.287454054547188,2.174267131087437
51.0,185.0,132.62808227539062,0.5479371659054912,1.49151008825493,-4.0168287821850335,-3.429984982496617,-0.5976865291217942,-0.5427832579015086,0.3698882394018333,3.5836336395795687,-1.2874808364368373,2.1750736287977723
51.0,185.0,132.62808227539062,0.5478783960350889,1.4915126322271512,-4.013231974046128,-3.429931259189822,-0.5853959079524219,-0.5427832579015086,0.3720227595107219,3.5836336395795687,-1.2874814237295416,2.1748392698901005
51.0,185.0,132.62808227539062,0.5478948821106959,1.4915126322271512,-4.018565007985094,-3.429984982496617,-0.5849038134755663,-0.5427832579015086,0.3530703330578133,3.5836336395795687,-1.2874818471703546,2.1748392698901005
51.0,185.0,132.62808227539062,0.5478948821106959,1.4915126322271512,-4.016336684172381,-3.434426143155825,-0.5849038134755663,-0.542783257782956,0.3530703330578133,3.583633585422957,-1.2873613426977333,2.1764212863434835
51.0,185.0,132.62808227539062,0.5478948821106959,1.4915126322271512,-4.018565007985094,-3.429984982496617,-0.5849024594135139,-0.5427832579015086,0.3701326336091446,3.5836336395795687,-1.287454054547188,2.1748392698901005
51.0,185.0,132.62808227539062,0.5478783960350889,1.4915126322271512,-4.013231974046128,-3.429931259189822,-0.5853959079524219,-0.5427832579015086,0.3720227595107219,3.5836336395795687,-1.2874814237295416,2.1748392698901005
51.0,185.0,132.62808227539062,0.5478948821106959,1.4915126322271512,-4.013322040356646,-3.4299823092542527,-0.5849024594135139,-0.5427832579015086,0.37059461730126,3.5836336395795687,-1.2874818471703546,2.1748392698901005
51.0,185.0,132.62808227539062,0.5479442460587678,1.49151008825493,-4.0168287821850335,-3.429984982496617,-0.5976865291217942,-0.5427832577767248,0.3698882394018333,3.5836336395795687,-1.2592496340822534,2.1759126645516123
51.0,185.0,132.62808227539062,0.547937616529104,1.49151008825493,-4.0168287821850335,-3.429984982496617,-0.5976865291217942,-0.5427832578991345,0.3698882394018333,3.5836336395795687,-1.2866427087170385,2.1759126645516123
51.0,185.0,132.62808227539062,0.5479371659054912,1.4915106906779072,-4.0168287821850335,-3.4349824467745527,-0.5955271495185809,-0.5427832579015086,0.3698882394018333,3.5703208031567057,-1.2854039180628944,2.1750736287977723
51.0,185.0,132.62808227539062,0.5478948821106959,1.4915126322271512,-4.018565007985094,-3.429984982496617,-0.5849038134755663,-0.5427832579015086,0.3530703330578133,3.5836336395795687,-1.2874818471703546,2.1748392698901005
51.0,185.0,132.62808227539062,0.5478948821106959,1.4915121369401692,-4.017412237295675,-3.429984982496617,-0.5860867837023092,-0.5279721935780763,0.3535768109007595,3.5836336395795687,-1.2873476441941856,2.174267131087437
51.0,185.0,132.62808227539062,0.5478779684829103,1.4915100582119574,-4.016556178241865,-3.429931259189822,-0.5853959079524219,-0.5427832579015086,0.3699401538168486,3.5836336395795687,-1.2874814237295416,2.1748339715722382
51.0,185.0,132.62808227539062,0.5478948821106959,1.491510115505245,-4.018565007985094,-3.429984982496617,-0.585550776313577,-0.5279721935780763,0.3532251727814096,3.5836336395795687,-1.287454054547188,2.174196968619919
51.0,185.0,132.62808227539062,0.5478783960350889,1.4915126322271512,-4.0115682631224345,-3.429931259189822,-0.5853959079524219,-0.5427832577720734,0.3720227595107219,3.5836336401050257,-1.2874814237295416,2.1748392698901005
51.0,185.0,132.62808227539062,0.5478777894201731,1.4915126322271512,-4.013098196013769,-3.4348979588315944,-0.5853959079524219,-0.5427832579015086,0.3720227595107219,3.5836336395795687,-1.2853275760651472,2.175045059501364
51.0,185.0,132.62808227539062,0.5478951812995236,1.4915126322271512,-4.018565007985094,-3.429984982496617,-0.5848787132213917,-0.5427832579015086,0.3701326336091446,3.5836336395795687,-1.2874537400465145,2.1748392698901005
51.0,185.0,132.62808227539062,0.5479371659054912,1.49151008825493,-4.0168287821850335,-3.429984982496617,-0.5976865291217942,-0.542783257787162,0.3672821324565222,3.5836336395795687,-1.2874808364368373,2.1750736287977723
51.0,185.0,132.62808227539062,0.5478948821106959,1.4915126322271512,-4.016336684172381,-3.434426143155825,-0.5849038134755663,-0.542783257782956,0.3530703330578133,3.583633585422957,-1.287482651840964,2.176455547875888
51.0,185.0,132.62808227539062,0.5479371659054912,1.4915106906779072,-4.01855497464395,-3.4349824467745527,-0.5955271495185809,-0.5427832579015086,0.3698627616320903,3.57050069664492,-1.2873897371495855,2.1750736287977723
51.0,185.0,132.62808227539062,0.5478948821106959,1.4915126322271512,-4.018565007985094,-3.429984982496617,-0.5849038134755663,-0.5417862759426133,0.3530854246187211,3.5836336395795687,-1.2874818471703546,2.1748678712457337
51.0,185.0,132.62808227539062,0.5478783960350889,1.4915126322271512,-4.0115682631224345,-3.429931259189822,-0.5853959079524219,-0.5427832577720734,0.3720227595107219,3.5836336401050257,-1.2874814237295416,2.1748392698901005
51.0,185.0,132.62808227539062,0.5478783960350889,1.4915126322271512,-4.013231974046128,-3.429931259189822,-0.5853959079524219,-0.5427832579015086,0.3720227595107219,3.5836336395795687,-1.2874814237295416,2.1748392698901005
51.0,185.0,132.62808227539062,0.5478950984988996,1.4915047339481498,-4.018565007985094,-3.429984982496617,-0.5834720788807439,-0.5427832579015086,0.37059461730126,3.5836336395795687,-1.2874818471703546,2.1748392698901005
51.0,185.0,132.62808227539062,0.5478951812995236,1.4915126322271512,-4.018565007985094,-3.429984982496617,-0.5848779094820971,-0.5427832579015086,0.3712595339174763,3.5836336395795687,-1.2874537400465145,2.1748392698901005
51.0,185.0,132.62808227539062,0.5478931777771237,1.4915101485711668,-4.0168287821850335,-3.429984982496617,-0.5977682839019836,-0.542783257901822,0.3698227181191845,3.5836336395795687,-1.2866427087170385,2.1748619574352266
51.0,185.0,132.62808227539062,0.5479449431421275,1.4915089129393202,-4.017770283732102,-3.43453688910242,-0.5854467428281206,-0.542783257773751,0.353354811350459,3.583633584550882,-1.287480815620589,2.17524651555813
51.0,185.0,132.62808227539062,0.5478951812995236,1.4915126322271512,-4.016838815526177,-3.429984982496617,-0.5848787132213917,-0.5427832579015086,0.3701581113788876,3.583453746091355,-1.285467920959823,2.1748392698901005
51.0,185.0,132.62808227539062,0.5478783960350889,1.4915126322271512,-4.013231974046128,-3.429931259189822,-0.5853959079524219,-0.5427832579015086,0.3720227595107219,3.5836336395795687,-1.2874814237295416,2.1748392698901005
51.0,185.0,132.62808227539062,0.5479383768927283,1.4915101155575186,-4.016829557674948,-3.429984982496617,-0.5850526222642735,-0.5279721935780763,0.3532251727814096,3.5836336395795687,-1.2874550421735926,2.17506624229969
51.0,185.0,132.62808227539062,0.5479438126126436,1.4915126322271512,-4.018565007985094,-3.429984982496617,-0.5975194006387133,-0.5427832579015086,0.3701326336091446,3.5836336395795687,-1.2883035972994583,2.1748392698901005
51.0,185.0,132.62808227539062,0.5478948821106959,1.4915126322271512,-4.018565007985094,-3.429984982496617,-0.5849046172148611,-0.5427832579015086,0.3519434327494816,3.5836336395795687,-1.2874818471703546,2.1748392698901005
51.0,185.0,132.62808227539062,0.5479393208626762,1.4915125719109144,-4.040700792776991,-3.4299823092542527,-0.5848207046333247,-0.5427832578988211,0.3706601385839088,3.5836336395795687,-1.2874818471703546,2.1758899770064857
51.0,185.0,132.62808227539062,0.547893240534502,1.4915101155575186,-4.016602115314464,-3.4299850385750648,-0.5850544538520193,-0.542868027407921,0.3532251727814096,3.5836336395795687,-1.2874776621229187,2.174816816413067
51.0,185.0,132.62808227539062,0.5479452929074433,1.491512940693981,-4.0168287821850335,-3.429984982496617,-0.5976865291217942,-0.5427832577767248,0.3701307659505306,3.5836336395795687,-1.2604577640593833,2.174836722732591
51.0,185.0,132.62808227539062,0.5478950265838155,1.491512770167609,-4.018565007985094,-3.429984982496617,-0.5855074512728781,-0.5427832579015086,0.3527487862190276,3.5836336395795687,-1.2874808635451835,2.1748406629564485
51.0,185.0,132.62808227539062,0.547878504885672,1.4915126322271512,-4.013215937589671,-3.429916541685906,-0.5853959079524219,-0.5427832579015086,0.3720227595107219,3.5836336347399445,-1.2874814237295416,2.1765074249396017
51.0,185.0,132.62808227539062,0.5478783960350889,1.4915126322271512,-4.018712072817035,-3.42998471476643,-0.5853852880407711,-0.5427955023696167,0.3720227595107219,3.5836336395795687,-1.2874814237295416,2.1748392698901005
51.0,185.0,132.62808227539062,0.5478779684829103,1.4915100582119574,-4.016556178241865,-3.429931259189822,-0.5853959079524219,-0.5427832579015086,0.3699401538168486,3.5836336395795687,-1.2874814237295416,2.1748339715722382
51.0,185.0,132.62808227539062,0.5478951812995236,1.4915126322271512,-4.018636021066609,-3.429984982496617,-0.5848779094820971,-0.5427832579015086,0.3712595339174763,3.5836336395795687,-1.2874791234900465,2.1748392698901005
51.0,185.0,132.62808227539062,0.5479438126126436,1.4915126322271512,-4.018565007985094,-3.429797029743666,-0.5975194006387133,-0.5427832579015086,0.3701326336091446,3.583631041414792,-1.2883035972994583,2.1748437404861187
51.0,185.0,132.62808227539062,0.5479393208626762,1.491512578734157,-4.040700792776991,-3.429984855905507,-0.5848207046333247,-0.542783257901575,0.370127098797437,3.5836336395795687,-1.2874801288957012,2.1758899770064857
51.0,185.0,132.62808227539062,0.5478779529403618,1.4915101047517092,-4.016563736223173,-3.429931259189822,-0.5853959079524219,-0.5427832579015086,0.3720227595107219,3.5836336395795687,-1.2874814237295416,2.174834069959463
51.0,185.0,132.62808227539062,0.5479371659054912,1.4915126739937374,-4.018641735686635,-3.429984982496617,-0.584232498697843,-0.5427832579015086,0.3698630959681335,3.5836336395795687,-1.2874539373312437,2.1750736287977723
51.0,185.0,132.62808227539062,0.5478751027957012,1.4915089918222544,-4.017770283732102,-3.43453688910242,-0.5854467428281206,-0.5427832578927154,0.353354811350459,3.583633584550882,-1.2874814327830302,2.1748304111604275
51.0,185.0,132.62808227539062,0.5479443307532503,1.4915089129393202,-4.020530599517375,-3.434557513050347,-0.5873265663083467,-0.542783257773751,0.3700575018888117,3.5836336377119413,-1.287454917965219,2.175238943496297
51.0,185.0,132.62808227539062,0.5478941344508481,1.4915097797880998,-4.018565007985094,-3.429984982496617,-0.5848787132213917,-0.5427832579015086,0.3698901070604473,3.5836336395795687,-1.2862456100693846,2.175915211709121
51.0,186.0,132.62808227539062,0.5478948821106959,1.4915126322271512,-4.018565007985094,-3.429984982496617,-0.5849024594135139,-0.5427832579015086,0.3701326336091446,3.5836336395795687,-1.287454054547188,2.1748392698901005
51.0,186.0,132.62808227539062,0.5478948821106959,1.4915126322271512,-4.018565007985094,-3.429984982496617,-0.5849024594135139,-0.5427832579015086,0.37059461730126,3.5836336395795687,-1.2874818471703546,2.1748392698901005
51.0,186.0,132.62808227539062,0.5478948821106959,1.4915125369362046,-4.018565007985094,-3.429984982496617,-0.585550776313577,-0.5279721935780763,0.3535768109007595,3.5836336395795687,-1.287454054547188,2.174267131087437
51.0,186.0,132.62808227539062,0.5479371659054912,1.49151008825493,-4.0168287821850335,-3.429984982496617,-0.5976865291217942,-0.5427832579015086,0.3698882394018333,3.5836336395795687,-1.2874808364368373,2.1750736287977723
51.0,186.0,132.62808227539062,0.5478783960350889,1.4915126322271512,-4.013231974046128,-3.429931259189822,-0.5853959079524219,-0.5427832579015086,0.3720227595107219,3.5836336395795687,-1.2874814237295416,2.1748392698901005
51.0,186.0,132.62808227539062,0.5478948821106959,1.4915126322271512,-4.018565007985094,-3.429984982496617,-0.5849038134755663,-0.5427832579015086,0.3530703330578133,3.5836336395795687,-1.2874818471703546,2.1748392698901005
51.0,186.0,132.62808227539062,0.5478948821106959,1.4915126322271512,-4.016336684172381,-3.434426143155825,-0.5849038134755663,-0.542783257782956,0.3530703330578133,3.583633585422957,-1.2873613426977333,2.1764212863434835
51.0,186.0,132.62808227539062,0.5478948821106959,1.4915126322271512,-4.018565007985094,-3.429984982496617,-0.5849024594135139,-0.5427832579015086,0.3701326336091446,3.5836336395795687,-1.287454054547188,2.1748392698901005
51.0,186.0,132.62808227539062,0.5478783960350889,1.4915126322271512,-4.013231974046128,-3.429931259189822,-0.5853959079524219,-0.5427832579015086,0.3720227595107219,3.5836336395795687,-1.2874814237295416,2.1748392698901005
51.0,186.0,132.62808227539062,0.5478948821106959,1.4915126322271512,-4.013322040356646,-3.4299823092542527,-0.5849024594135139,-0.5427832579015086,0.37059461730126,3.5836336395795687,-1.2874818471703546,2.1748392698901005
51.0,186.0,132.62808227539062,0.5479442460587678,1.49151008825493,-4.0168287821850335,-3.429984982496617,-0.5976865291217942,-0.5427832577767248,0.3698882394018333,3.5836336395795687,-1.2592496340822534,2.1759126645516123
51.0,186.0,132.62808227539062,0.547937616529104,1.49151008825493,-4.0168287821850335,-3.429984982496617,-0.5976865291217942,-0.5427832578991345,0.3698882394018333,3.5836336395795687,-1.2866427087170385,2.1759126645516123
51.0,186.0,132.62808227539062,0.5479371659054912,1.4915106906779072,-4.0168287821850335,-3.4349824467745527,-0.5955271495185809,-0.5427832579015086,0.3698882394018333,3.5703208031567057,-1.2854039180628944,2.1750736287977723
51.0,186.0,132.62808227539062,0.5478948821106959,1.4915126322271512,-4.018565007985094,-3.429984982496617,-0.5849038134755663,-0.5427832579015086,0.3530703330578133,3.5836336395795687,-1.2874818471703546,2.1748392698901005
51.0,186.0,132.62808227539062,0.5478948821106959,1.4915121369401692,-4.017412237295675,-3.429984982496617,-0.5860867837023092,-0.5279721935780763,0.3535768109007595,3.5836336395795687,-1.2873476441941856,2.174267131087437
51.0,186.0,132.62808227539062,0.5478779684829103,1.4915100582119574,-4.016556178241865,-3.429931259189822,-0.5853959079524219,-0.5427832579015086,0.3699401538168486,3.5836336395795687,-1.2874814237295416,2.1748339715722382
51.0,186.0,132.62808227539062,0.5478948821106959,1.491510115505245,-4.018565007985094,-3.429984982496617,-0.585550776313577,-0.5279721935780763,0.3532251727814096,3.5836336395795687,-1.287454054547188,2.174196968619919
51.0,186.0,132.62808227539062,0.5478783960350889,1.4915126322271512,-4.0115682631224345,-3.429931259189822,-0.5853959079524219,-0.5427832577720734,0.3720227595107219,3.5836336401050257,-1.2874814237295416,2.1748392698901005
51.0,186.0,132.62808227539062,0.5478777894201731,1.4915126322271512,-4.013098196013769,-3.4348979588315944,-0.5853959079524219,-0.5427832579015086,0.3720227595107219,3.5836336395795687,-1.2853275760651472,2.175045059501364
51.0,186.0,132.62808227539062,0.5478951812995236,1.4915126322271512,-4.018565007985094,-3.429984982496617,-0.5848787132213917,-0.5427832579015086,0.3701326336091446,3.5836336395795687,-1.2874537400465145,2.1748392698901005
51.0,186.0,132.62808227539062,0.5479371659054912,1.49151008825493,-4.0168287821850335,-3.429984982496617,-0.5976865291217942,-0.542783257787162,0.3672821324565222,3.5836336395795687,-1.2874808364368373,2.1750736287977723
51.0,186.0,132.62808227539062,0.5478948821106959,1.4915126322271512,-4.016336684172381,-3.434426143155825,-0.5849038134755663,-0.542783257782956,0.3530703330578133,3.583633585422957,-1.287482651840964,2.176455547875888
51.0,186.0,132.62808227539062,0.5479371659054912,1.4915106906779072,-4.01855497464395,-3.4349824467745527,-0.5955271495185809,-0.5427832579015086,0.3698627616320903,3.57050069664492,-1.2873897371495855,2.1750736287977723
51.0,186.0,132.62808227539062,0.5478948821106959,1.4915126322271512,-4.018565007985094,-3.429984982496617,-0.5849038134755663,-0.5417862759426133,0.3530854246187211,3.5836336395795687,-1.2874818471703546,2.1748678712457337
51.0,186.0,132.62808227539062,0.5478783960350889,1.4915126322271512,-4.0115682631224345,-3.429931259189822,-0.5853959079524219,-0.5427832577720734,0.3720227595107219,3.5836336401050257,-1.2874814237295416,2.1748392698901005
51.0,186.0,132.62808227539062,0.5478783960350889,1.4915126322271512,-4.013231974046128,-3.429931259189822,-0.5853959079524219,-0.5427832579015086,0.3720227595107219,3.5836336395795687,-1.2874814237295416,2.1748392698901005
51.0,186.0,132.62808227539062,0.5478950984988996,1.4915047339481498,-4.018565007985094,-3.429984982496617,-0.5834720788807439,-0.5427832579015086,0.37059461730126,3.5836336395795687,-1.2874818471703546,2.1748392698901005
51.0,186.0,132.62808227539062,0.5478951812995236,1.4915126322271512,-4.018565007985094,-3.429984982496617,-0.5848779094820971,-0.5427832579015086,0.3712595339174763,3.5836336395795687,-1.2874537400465145,2.1748392698901005
51.0,186.0,132.62808227539062,0.5478931777771237,1.4915101485711668,-4.0168287821850335,-3.429984982496617,-0.5977682839019836,-0.542783257901822,0.3698227181191845,3.5836336395795687,-1.2866427087170385,2.1748619574352266
51.0,186.0,132.62808227539062,0.5479449431421275,1.4915089129393202,-4.017770283732102,-3.43453688910242,-0.5854467428281206,-0.542783257773751,0.353354811350459,3.583633584550882,-1.287480815620589,2.17524651555813
51.0,186.0,132.62808227539062,0.5478951812995236,1.4915126322271512,-4.016838815526177,-3.429984982496617,-0.5848787132213917,-0.5427832579015086,0.3701581113788876,3.583453746091355,-1.285467920959823,2.1748392698901005
51.0,186.0,132.62808227539062,0.5478783960350889,1.4915126322271512,-4.013231974046128,-3.429931259189822,-0.5853959079524219,-0.5427832579015086,0.3720227595107219,3.5836336395795687,-1.2874814237295416,2.1748392698901005
51.0,186.0,132.62808227539062,0.5479383768927283,1.4915101155575186,-4.016829557674948,-3.429984982496617,-0.5850526222642735,-0.5279721935780763,0.3532251727814096,3.5836336395795687,-1.2874550421735926,2.17506624229969
51.0,186.0,132.62808227539062,0.5479438126126436,1.4915126322271512,-4.018565007985094,-3.429984982496617,-0.5975194006387133,-0.5427832579015086,0.3701326336091446,3.5836336395795687,-1.2883035972994583,2.1748392698901005
51.0,186.0,132.62808227539062,0.5478948821106959,1.4915126322271512,-4.018565007985094,-3.429984982496617,-0.5849046172148611,-0.5427832579015086,0.3519434327494816,3.5836336395795687,-1.2874818471703546,2.1748392698901005
51.0,186.0,132.62808227539062,0.5479393208626762,1.4915125719109144,-4.040700792776991,-3.4299823092542527,-0.5848207046333247,-0.5427832578988211,0.3706601385839088,3.5836336395795687,-1.2874818471703546,2.1758899770064857
51.0,186.0,132.62808227539062,0.547893240534502,1.4915101155575186,-4.016602115314464,-3.4299850385750648,-0.5850544538520193,-0.542868027407921,0.3532251727814096,3.5836336395795687,-1.2874776621229187,2.174816816413067
51.0,186.0,132.62808227539062,0.5479452929074433,1.491512940693981,-4.0168287821850335,-3.429984982496617,-0.5976865291217942,-0.5427832577767248,0.3701307659505306,3.5836336395795687,-1.2604577640593833,2.174836722732591
51.0,186.0,132.62808227539062,0.5478950265838155,1.491512770167609,-4.018565007985094,-3.429984982496617,-0.5855074512728781,-0.5427832579015086,0.3527487862190276,3.5836336395795687,-1.2874808635451835,2.1748406629564485
51.0,186.0,132.62808227539062,0.547878504885672,1.4915126322271512,-4.013215937589671,-3.429916541685906,-0.5853959079524219,-0.5427832579015086,0.3720227595107219,3.5836336347399445,-1.2874814237295416,2.1765074249396017
51.0,186.0,132.62808227539062,0.5478783960350889,1.4915126322271512,-4.018712072817035,-3.42998471476643,-0.5853852880407711,-0.5427955023696167,0.3720227595107219,3.5836336395795687,-1.2874814237295416,2.1748392698901005
51.0,186.0,132.62808227539062,0.5478779684829103,1.4915100582119574,-4.016556178241865,-3.429931259189822,-0.5853959079524219,-0.5427832579015086,0.3699401538168486,3.5836336395795687,-1.2874814237295416,2.1748339715722382
51.0,186.0,132.62808227539062,0.5478951812995236,1.4915126322271512,-4.018636021066609,-3.429984982496617,-0.5848779094820971,-0.5427832579015086,0.3712595339174763,3.5836336395795687,-1.2874791234900465,2.1748392698901005
51.0,186.0,132.62808227539062,0.5479438126126436,1.4915126322271512,-4.018565007985094,-3.429797029743666,-0.5975194006387133,-0.5427832579015086,0.3701326336091446,3.583631041414792,-1.2883035972994583,2.1748437404861187
51.0,186.0,132.62808227539062,0.5479393208626762,1.491512578734157,-4.040700792776991,-3.429984855905507,-0.5848207046333247,-0.542783257901575,0.370127098797437,3.5836336395795687,-1.2874801288957012,2.1758899770064857
51.0,186.0,132.62808227539062,0.5478779529403618,1.4915101047517092,-4.016563736223173,-3.429931259189822,-0.5853959079524219,-0.5427832579015086,0.3720227595107219,3.5836336395795687,-1.2874814237295416,2.174834069959463
51.0,186.0,132.62808227539062,0.5479371659054912,1.4915126739937374,-4.018641735686635,-3.429984982496617,-0.584232498697843,-0.5427832579015086,0.3698630959681335,3.5836336395795687,-1.2874539373312437,2.1750736287977723
51.0,186.0,132.62808227539062,0.5478751027957012,1.4915089918222544,-4.017770283732102,-3.43453688910242,-0.5854467428281206,-0.5427832578927154,0.353354811350459,3.583633584550882,-1.2874814327830302,2.1748304111604275
51.0,186.0,132.62808227539062,0.5479443307532503,1.4915089129393202,-4.020530599517375,-3.434557513050347,-0.5873265663083467,-0.542783257773751,0.3700575018888117,3.5836336377119413,-1.287454917965219,2.175238943496297
51.0,186.0,132.62808227539062,0.5478941344508481,1.4915097797880998,-4.018565007985094,-3.429984982496617,-0.5848787132213917,-0.5427832579015086,0.3698901070604473,3.5836336395795687,-1.2862456100693846,2.175915211709121
51.0,187.0,132.62808227539062,0.5478948821106959,1.4915126322271512,-4.018565007985094,-3.429984982496617,-0.5849024594135139,-0.5427832579015086,0.3701326336091446,3.5836336395795687,-1.287454054547188,2.1748392698901005
51.0,187.0,132.62808227539062,0.5478948821106959,1.4915126322271512,-4.018565007985094,-3.429984982496617,-0.5849024594135139,-0.5427832579015086,0.37059461730126,3.5836336395795687,-1.2874818471703546,2.1748392698901005
51.0,187.0,132.62808227539062,0.5478948821106959,1.4915125369362046,-4.018565007985094,-3.429984982496617,-0.585550776313577,-0.5279721935780763,0.3535768109007595,3.5836336395795687,-1.287454054547188,2.174267131087437
51.0,187.0,132.62808227539062,0.5479371659054912,1.49151008825493,-4.0168287821850335,-3.429984982496617,-0.5976865291217942,-0.5427832579015086,0.3698882394018333,3.5836336395795687,-1.2874808364368373,2.1750736287977723
51.0,187.0,132.62808227539062,0.5478783960350889,1.4915126322271512,-4.013231974046128,-3.429931259189822,-0.5853959079524219,-0.5427832579015086,0.3720227595107219,3.5836336395795687,-1.2874814237295416,2.1748392698901005
51.0,187.0,132.62808227539062,0.5478948821106959,1.4915126322271512,-4.018565007985094,-3.429984982496617,-0.5849038134755663,-0.5427832579015086,0.3530703330578133,3.5836336395795687,-1.2874818471703546,2.1748392698901005
51.0,187.0,132.62808227539062,0.5478948821106959,1.4915126322271512,-4.016336684172381,-3.434426143155825,-0.5849038134755663,-0.542783257782956,0.3530703330578133,3.583633585422957,-1.2873613426977333,2.1764212863434835
51.0,187.0,132.62808227539062,0.5478948821106959,1.4915126322271512,-4.018565007985094,-3.429984982496617,-0.5849024594135139,-0.5427832579015086,0.3701326336091446,3.5836336395795687,-1.287454054547188,2.1748392698901005
51.0,187.0,132.62808227539062,0.5478783960350889,1.4915126322271512,-4.013231974046128,-3.429931259189822,-0.5853959079524219,-0.5427832579015086,0.3720227595107219,3.5836336395795687,-1.2874814237295416,2.1748392698901005
51.0,187.0,132.62808227539062,0.5478948821106959,1.4915126322271512,-4.013322040356646,-3.4299823092542527,-0.5849024594135139,-0.5427832579015086,0.37059461730126,3.5836336395795687,-1.2874818471703546,2.1748392698901005
51.0,187.0,132.62808227539062,0.5479442460587678,1.49151008825493,-4.0168287821850335,-3.429984982496617,-0.5976865291217942,-0.5427832577767248,0.3698882394018333,3.5836336395795687,-1.2592496340822534,2.1759126645516123
51.0,187.0,132.62808227539062,0.547937616529104,1.49151008825493,-4.0168287821850335,-3.429984982496617,-0.5976865291217942,-0.5427832578991345,0.3698882394018333,3.5836336395795687,-1.2866427087170385,2.1759126645516123
51.0,187.0,132.62808227539062,0.5479371659054912,1.4915106906779072,-4.0168287821850335,-3.4349824467745527,-0.5955271495185809,-0.5427832579015086,0.3698882394018333,3.5703208031567057,-1.2854039180628944,2.1750736287977723
51.0,187.0,132.62808227539062,0.5478948821106959,1.4915126322271512,-4.018565007985094,-3.429984982496617,-0.5849038134755663,-0.5427832579015086,0.3530703330578133,3.5836336395795687,-1.2874818471703546,2.1748392698901005
51.0,187.0,132.62808227539062,0.5478948821106959,1.4915121369401692,-4.017412237295675,-3.429984982496617,-0.5860867837023092,-0.5279721935780763,0.3535768109007595,3.5836336395795687,-1.2873476441941856,2.174267131087437
51.0,187.0,132.62808227539062,0.5478779684829103,1.4915100582119574,-4.016556178241865,-3.429931259189822,-0.5853959079524219,-0.5427832579015086,0.3699401538168486,3.5836336395795687,-1.2874814237295416,2.1748339715722382
51.0,187.0,132.62808227539062,0.5478948821106959,1.491510115505245,-4.018565007985094,-3.429984982496617,-0.585550776313577,-0.5279721935780763,0.3532251727814096,3.5836336395795687,-1.287454054547188,2.174196968619919
51.0,187.0,132.62808227539062,0.5478783960350889,1.4915126322271512,-4.0115682631224345,-3.429931259189822,-0.5853959079524219,-0.5427832577720734,0.3720227595107219,3.5836336401050257,-1.2874814237295416,2.1748392698901005
51.0,187.0,132.62808227539062,0.5478777894201731,1.4915126322271512,-4.013098196013769,-3.4348979588315944,-0.5853959079524219,-0.5427832579015086,0.3720227595107219,3.5836336395795687,-1.2853275760651472,2.175045059501364
51.0,187.0,132.62808227539062,0.5478951812995236,1.4915126322271512,-4.018565007985094,-3.429984982496617,-0.5848787132213917,-0.5427832579015086,0.3701326336091446,3.5836336395795687,-1.2874537400465145,2.1748392698901005
51.0,187.0,132.62808227539062,0.5479371659054912,1.49151008825493,-4.0168287821850335,-3.429984982496617,-0.5976865291217942,-0.542783257787162,0.3672821324565222,3.5836336395795687,-1.2874808364368373,2.1750736287977723
51.0,187.0,132.62808227539062,0.5478948821106959,1.4915126322271512,-4.016336684172381,-3.434426143155825,-0.5849038134755663,-0.542783257782956,0.3530703330578133,3.583633585422957,-1.287482651840964,2.176455547875888
51.0,187.0,132.62808227539062,0.5479371659054912,1.4915106906779072,-4.01855497464395,-3.4349824467745527,-0.5955271495185809,-0.5427832579015086,0.3698627616320903,3.57050069664492,-1.2873897371495855,2.1750736287977723
51.0,187.0,132.62808227539062,0.5478948821106959,1.4915126322271512,-4.018565007985094,-3.429984982496617,-0.5849038134755663,-0.5417862759426133,0.3530854246187211,3.5836336395795687,-1.2874818471703546,2.1748678712457337
51.0,187.0,132.62808227539062,0.5478783960350889,1.4915126322271512,-4.0115682631224345,-3.429931259189822,-0.5853959079524219,-0.5427832577720734,0.3720227595107219,3.5836336401050257,-1.2874814237295416,2.1748392698901005
51.0,187.0,132.62808227539062,0.5478783960350889,1.4915126322271512,-4.013231974046128,-3.429931259189822,-0.5853959079524219,-0.5427832579015086,0.3720227595107219,3.5836336395795687,-1.2874814237295416,2.1748392698901005
51.0,187.0,132.62808227539062,0.5478950984988996,1.4915047339481498,-4.018565007985094,-3.429984982496617,-0.5834720788807439,-0.5427832579015086,0.37059461730126,3.5836336395795687,-1.2874818471703546,2.1748392698901005
51.0,187.0,132.62808227539062,0.5478951812995236,1.4915126322271512,-4.018565007985094,-3.429984982496617,-0.5848779094820971,-0.5427832579015086,0.3712595339174763,3.5836336395795687,-1.2874537400465145,2.1748392698901005
51.0,187.0,132.62808227539062,0.5478931777771237,1.4915101485711668,-4.0168287821850335,-3.429984982496617,-0.5977682839019836,-0.542783257901822,0.3698227181191845,3.5836336395795687,-1.2866427087170385,2.1748619574352266
51.0,187.0,132.62808227539062,0.5479449431421275,1.4915089129393202,-4.017770283732102,-3.43453688910242,-0.5854467428281206,-0.542783257773751,0.353354811350459,3.583633584550882,-1.287480815620589,2.17524651555813
51.0,187.0,132.62808227539062,0.5478951812995236,1.4915126322271512,-4.016838815526177,-3.429984982496617,-0.5848787132213917,-0.5427832579015086,0.3701581113788876,3.583453746091355,-1.285467920959823,2.1748392698901005
51.0,187.0,132.62808227539062,0.5478783960350889,1.4915126322271512,-4.013231974046128,-3.429931259189822,-0.5853959079524219,-0.5427832579015086,0.3720227595107219,3.5836336395795687,-1.2874814237295416,2.1748392698901005
51.0,187.0,132.62808227539062,0.5479383768927283,1.4915101155575186,-4.016829557674948,-3.429984982496617,-0.5850526222642735,-0.5279721935780763,0.3532251727814096,3.5836336395795687,-1.2874550421735926,2.17506624229969
51.0,187.0,132.62808227539062,0.5479438126126436,1.4915126322271512,-4.018565007985094,-3.429984982496617,-0.5975194006387133,-0.5427832579015086,0.3701326336091446,3.5836336395795687,-1.2883035972994583,2.1748392698901005
51.0,187.0,132.62808227539062,0.5478948821106959,1.4915126322271512,-4.018565007985094,-3.429984982496617,-0.5849046172148611,-0.5427832579015086,0.3519434327494816,3.5836336395795687,-1.2874818471703546,2.1748392698901005
51.0,187.0,132.62808227539062,0.5479393208626762,1.4915125719109144,-4.040700792776991,-3.4299823092542527,-0.5848207046333247,-0.5427832578988211,0.3706601385839088,3.5836336395795687,-1.2874818471703546,2.1758899770064857
51.0,187.0,132.62808227539062,0.547893240534502,1.4915101155575186,-4.016602115314464,-3.4299850385750648,-0.5850544538520193,-0.542868027407921,0.3532251727814096,3.5836336395795687,-1.2874776621229187,2.174816816413067
51.0,187.0,132.62808227539062,0.5479452929074433,1.491512940693981,-4.0168287821850335,-3.429984982496617,-0.5976865291217942,-0.5427832577767248,0.3701307659505306,3.5836336395795687,-1.2604577640593833,2.174836722732591
51.0,187.0,132.62808227539062,0.5478950265838155,1.491512770167609,-4.018565007985094,-3.429984982496617,-0.5855074512728781,-0.5427832579015086,0.3527487862190276,3.5836336395795687,-1.2874808635451835,2.1748406629564485
51.0,187.0,132.62808227539062,0.547878504885672,1.4915126322271512,-4.013215937589671,-3.429916541685906,-0.5853959079524219,-0.5427832579015086,0.3720227595107219,3.5836336347399445,-1.2874814237295416,2.1765074249396017
51.0,187.0,132.62808227539062,0.5478783960350889,1.4915126322271512,-4.018712072817035,-3.42998471476643,-0.5853852880407711,-0.5427955023696167,0.3720227595107219,3.5836336395795687,-1.2874814237295416,2.1748392698901005
51.0,187.0,132.62808227539062,0.5478779684829103,1.4915100582119574,-4.016556178241865,-3.429931259189822,-0.5853959079524219,-0.5427832579015086,0.3699401538168486,3.5836336395795687,-1.2874814237295416,2.1748339715722382
51.0,187.0,132.62808227539062,0.5478951812995236,1.4915126322271512,-4.018636021066609,-3.429984982496617,-0.5848779094820971,-0.5427832579015086,0.3712595339174763,3.5836336395795687,-1.2874791234900465,2.1748392698901005
51.0,187.0,132.62808227539062,0.5479438126126436,1.4915126322271512,-4.018565007985094,-3.429797029743666,-0.5975194006387133,-0.5427832579015086,0.3701326336091446,3.583631041414792,-1.2883035972994583,2.1748437404861187
51.0,187.0,132.62808227539062,0.5479393208626762,1.491512578734157,-4.040700792776991,-3.429984855905507,-0.5848207046333247,-0.542783257901575,0.370127098797437,3.5836336395795687,-1.2874801288957012,2.1758899770064857
51.0,187.0,132.62808227539062,0.5478779529403618,1.4915101047517092,-4.016563736223173,-3.429931259189822,-0.5853959079524219,-0.5427832579015086,0.3720227595107219,3.5836336395795687,-1.2874814237295416,2.174834069959463
51.0,187.0,132.62808227539062,0.5479371659054912,1.4915126739937374,-4.018641735686635,-3.429984982496617,-0.584232498697843,-0.5427832579015086,0.3698630959681335,3.5836336395795687,-1.2874539373312437,2.1750736287977723
51.0,187.0,132.62808227539062,0.5478751027957012,1.4915089918222544,-4.017770283732102,-3.43453688910242,-0.5854467428281206,-0.5427832578927154,0.353354811350459,3.583633584550882,-1.2874814327830302,2.1748304111604275
51.0,187.0,132.62808227539062,0.5479443307532503,1.4915089129393202,-4.020530599517375,-3.434557513050347,-0.5873265663083467,-0.542783257773751,0.3700575018888117,3.5836336377119413,-1.287454917965219,2.175238943496297
51.0,187.0,132.62808227539062,0.5478941344508481,1.4915097797880998,-4.018565007985094,-3.429984982496617,-0.5848787132213917,-0.5427832579015086,0.3698901070604473,3.5836336395795687,-1.2862456100693846,2.175915211709121
51.0,188.0,132.62808227539062,0.5478948821106959,1.4915126322271512,-4.018565007985094,-3.429984982496617,-0.5849024594135139,-0.5427832579015086,0.3701326336091446,3.5836336395795687,-1.287454054547188,2.1748392698901005
51.0,188.0,132.62808227539062,0.5478948821106959,1.4915126322271512,-4.018565007985094,-3.429984982496617,-0.5849024594135139,-0.5427832579015086,0.37059461730126,3.5836336395795687,-1.2874818471703546,2.1748392698901005
51.0,188.0,132.62808227539062,0.5478948821106959,1.4915125369362046,-4.018565007985094,-3.429984982496617,-0.585550776313577,-0.5279721935780763,0.3535768109007595,3.5836336395795687,-1.287454054547188,2.174267131087437
51.0,188.0,132.62808227539062,0.5479371659054912,1.49151008825493,-4.0168287821850335,-3.429984982496617,-0.5976865291217942,-0.5427832579015086,0.3698882394018333,3.5836336395795687,-1.2874808364368373,2.1750736287977723
51.0,188.0,132.62808227539062,0.5478783960350889,1.4915126322271512,-4.013231974046128,-3.429931259189822,-0.5853959079524219,-0.5427832579015086,0.3720227595107219,3.5836336395795687,-1.2874814237295416,2.1748392698901005
51.0,188.0,132.62808227539062,0.5478948821106959,1.4915126322271512,-4.018565007985094,-3.429984982496617,-0.5849038134755663,-0.5427832579015086,0.3530703330578133,3.5836336395795687,-1.2874818471703546,2.1748392698901005
51.0,188.0,132.62808227539062,0.5478948821106959,1.4915126322271512,-4.016336684172381,-3.434426143155825,-0.5849038134755663,-0.542783257782956,0.3530703330578133,3.583633585422957,-1.2873613426977333,2.1764212863434835
51.0,188.0,132.62808227539062,0.5478948821106959,1.4915126322271512,-4.018565007985094,-3.429984982496617,-0.5849024594135139,-0.5427832579015086,0.3701326336091446,3.5836336395795687,-1.287454054547188,2.1748392698901005
51.0,188.0,132.62808227539062,0.5478783960350889,1.4915126322271512,-4.013231974046128,-3.429931259189822,-0.5853959079524219,-0.5427832579015086,0.3720227595107219,3.5836336395795687,-1.2874814237295416,2.1748392698901005
51.0,188.0,132.62808227539062,0.5478948821106959,1.4915126322271512,-4.013322040356646,-3.4299823092542527,-0.5849024594135139,-0.5427832579015086,0.37059461730126,3.5836336395795687,-1.2874818471703546,2.1748392698901005
51.0,188.0,132.62808227539062,0.5479442460587678,1.49151008825493,-4.0168287821850335,-3.429984982496617,-0.5976865291217942,-0.5427832577767248,0.3698882394018333,3.5836336395795687,-1.2592496340822534,2.1759126645516123
51.0,188.0,132.62808227539062,0.547937616529104,1.49151008825493,-4.0168287821850335,-3.429984982496617,-0.5976865291217942,-0.5427832578991345,0.3698882394018333,3.5836336395795687,-1.2866427087170385,2.1759126645516123
51.0,188.0,132.62808227539062,0.5479371659054912,1.4915106906779072,-4.0168287821850335,-3.4349824467745527,-0.5955271495185809,-0.5427832579015086,0.3698882394018333,3.5703208031567057,-1.2854039180628944,2.1750736287977723
51.0,188.0,132.62808227539062,0.5478948821106959,1.4915126322271512,-4.018565007985094,-3.429984982496617,-0.5849038134755663,-0.5427832579015086,0.3530703330578133,3.5836336395795687,-1.2874818471703546,2.1748392698901005
51.0,188.0,132.62808227539062,0.5478948821106959,1.4915121369401692,-4.017412237295675,-3.429984982496617,-0.5860867837023092,-0.5279721935780763,0.3535768109007595,3.5836336395795687,-1.2873476441941856,2.174267131087437
51.0,188.0,132.62808227539062,0.5478779684829103,1.4915100582119574,-4.016556178241865,-3.429931259189822,-0.5853959079524219,-0.5427832579015086,0.3699401538168486,3.5836336395795687,-1.2874814237295416,2.1748339715722382
51.0,188.0,132.62808227539062,0.5478948821106959,1.491510115505245,-4.018565007985094,-3.429984982496617,-0.585550776313577,-0.5279721935780763,0.3532251727814096,3.5836336395795687,-1.287454054547188,2.174196968619919
51.0,188.0,132.62808227539062,0.5478783960350889,1.4915126322271512,-4.0115682631224345,-3.429931259189822,-0.5853959079524219,-0.5427832577720734,0.3720227595107219,3.5836336401050257,-1.2874814237295416,2.1748392698901005
51.0,188.0,132.62808227539062,0.5478777894201731,1.4915126322271512,-4.013098196013769,-3.4348979588315944,-0.5853959079524219,-0.5427832579015086,0.3720227595107219,3.5836336395795687,-1.2853275760651472,2.175045059501364
51.0,188.0,132.62808227539062,0.5478951812995236,1.4915126322271512,-4.018565007985094,-3.429984982496617,-0.5848787132213917,-0.5427832579015086,0.3701326336091446,3.5836336395795687,-1.2874537400465145,2.1748392698901005
51.0,188.0,132.62808227539062,0.5479371659054912,1.49151008825493,-4.0168287821850335,-3.429984982496617,-0.5976865291217942,-0.542783257787162,0.3672821324565222,3.5836336395795687,-1.2874808364368373,2.1750736287977723
51.0,188.0,132.62808227539062,0.5478948821106959,1.4915126322271512,-4.016336684172381,-3.434426143155825,-0.5849038134755663,-0.542783257782956,0.3530703330578133,3.583633585422957,-1.287482651840964,2.176455547875888
51.0,188.0,132.62808227539062,0.5479371659054912,1.4915106906779072,-4.01855497464395,-3.4349824467745527,-0.5955271495185809,-0.5427832579015086,0.3698627616320903,3.57050069664492,-1.2873897371495855,2.1750736287977723
51.0,188.0,132.62808227539062,0.5478948821106959,1.4915126322271512,-4.018565007985094,-3.429984982496617,-0.5849038134755663,-0.5417862759426133,0.3530854246187211,3.5836336395795687,-1.2874818471703546,2.1748678712457337
51.0,188.0,132.62808227539062,0.5478783960350889,1.4915126322271512,-4.0115682631224345,-3.429931259189822,-0.5853959079524219,-0.5427832577720734,0.3720227595107219,3.5836336401050257,-1.2874814237295416,2.1748392698901005
51.0,188.0,132.62808227539062,0.5478783960350889,1.4915126322271512,-4.013231974046128,-3.429931259189822,-0.5853959079524219,-0.5427832579015086,0.3720227595107219,3.5836336395795687,-1.2874814237295416,2.1748392698901005
51.0,188.0,132.62808227539062,0.5478950984988996,1.4915047339481498,-4.018565007985094,-3.429984982496617,-0.5834720788807439,-0.5427832579015086,0.37059461730126,3.5836336395795687,-1.2874818471703546,2.1748392698901005
51.0,188.0,132.62808227539062,0.5478951812995236,1.4915126322271512,-4.018565007985094,-3.429984982496617,-0.5848779094820971,-0.5427832579015086,0.3712595339174763,3.5836336395795687,-1.2874537400465145,2.1748392698901005
51.0,188.0,132.62808227539062,0.5478931777771237,1.4915101485711668,-4.0168287821850335,-3.429984982496617,-0.5977682839019836,-0.542783257901822,0.3698227181191845,3.5836336395795687,-1.2866427087170385,2.1748619574352266
51.0,188.0,132.62808227539062,0.5479449431421275,1.4915089129393202,-4.017770283732102,-3.43453688910242,-0.5854467428281206,-0.542783257773751,0.353354811350459,3.583633584550882,-1.287480815620589,2.17524651555813
51.0,188.0,132.62808227539062,0.5478951812995236,1.4915126322271512,-4.016838815526177,-3.429984982496617,-0.5848787132213917,-0.5427832579015086,0.3701581113788876,3.583453746091355,-1.285467920959823,2.1748392698901005
51.0,188.0,132.62808227539062,0.5478783960350889,1.4915126322271512,-4.013231974046128,-3.429931259189822,-0.5853959079524219,-0.5427832579015086,0.3720227595107219,3.5836336395795687,-1.2874814237295416,2.1748392698901005
51.0,188.0,132.62808227539062,0.5479383768927283,1.4915101155575186,-4.016829557674948,-3.429984982496617,-0.5850526222642735,-0.5279721935780763,0.3532251727814096,3.5836336395795687,-1.2874550421735926,2.17506624229969
51.0,188.0,132.62808227539062,0.5479438126126436,1.4915126322271512,-4.018565007985094,-3.429984982496617,-0.5975194006387133,-0.5427832579015086,0.3701326336091446,3.5836336395795687,-1.2883035972994583,2.1748392698901005
51.0,188.0,132.62808227539062,0.5478948821106959,1.4915126322271512,-4.018565007985094,-3.429984982496617,-0.5849046172148611,-0.5427832579015086,0.3519434327494816,3.5836336395795687,-1.2874818471703546,2.1748392698901005
51.0,188.0,132.62808227539062,0.5479393208626762,1.4915125719109144,-4.040700792776991,-3.4299823092542527,-0.5848207046333247,-0.5427832578988211,0.3706601385839088,3.5836336395795687,-1.2874818471703546,2.1758899770064857
51.0,188.0,132.62808227539062,0.547893240534502,1.4915101155575186,-4.016602115314464,-3.4299850385750648,-0.5850544538520193,-0.542868027407921,0.3532251727814096,3.5836336395795687,-1.2874776621229187,2.174816816413067
51.0,188.0,132.62808227539062,0.5479452929074433,1.491512940693981,-4.0168287821850335,-3.429984982496617,-0.5976865291217942,-0.5427832577767248,0.3701307659505306,3.5836336395795687,-1.2604577640593833,2.174836722732591
51.0,188.0,132.62808227539062,0.5478950265838155,1.491512770167609,-4.018565007985094,-3.429984982496617,-0.5855074512728781,-0.5427832579015086,0.3527487862190276,3.5836336395795687,-1.2874808635451835,2.1748406629564485
51.0,188.0,132.62808227539062,0.547878504885672,1.4915126322271512,-4.013215937589671,-3.429916541685906,-0.5853959079524219,-0.5427832579015086,0.3720227595107219,3.5836336347399445,-1.2874814237295416,2.1765074249396017
51.0,188.0,132.62808227539062,0.5478783960350889,1.4915126322271512,-4.018712072817035,-3.42998471476643,-0.5853852880407711,-0.5427955023696167,0.3720227595107219,3.5836336395795687,-1.2874814237295416,2.1748392698901005
51.0,188.0,132.62808227539062,0.5478779684829103,1.4915100582119574,-4.016556178241865,-3.429931259189822,-0.5853959079524219,-0.5427832579015086,0.3699401538168486,3.5836336395795687,-1.2874814237295416,2.1748339715722382
51.0,188.0,132.62808227539062,0.5478951812995236,1.4915126322271512,-4.018636021066609,-3.429984982496617,-0.5848779094820971,-0.5427832579015086,0.3712595339174763,3.5836336395795687,-1.2874791234900465,2.1748392698901005
51.0,188.0,132.62808227539062,0.5479438126126436,1.4915126322271512,-4.018565007985094,-3.429797029743666,-0.5975194006387133,-0.5427832579015086,0.3701326336091446,3.583631041414792,-1.2883035972994583,2.1748437404861187
51.0,188.0,132.62808227539062,0.5479393208626762,1.491512578734157,-4.040700792776991,-3.429984855905507,-0.5848207046333247,-0.542783257901575,0.370127098797437,3.5836336395795687,-1.2874801288957012,2.1758899770064857
51.0,188.0,132.62808227539062,0.5478779529403618,1.4915101047517092,-4.016563736223173,-3.429931259189822,-0.5853959079524219,-0.5427832579015086,0.3720227595107219,3.5836336395795687,-1.2874814237295416,2.174834069959463
51.0,188.0,132.62808227539062,0.5479371659054912,1.4915126739937374,-4.018641735686635,-3.429984982496617,-0.584232498697843,-0.5427832579015086,0.3698630959681335,3.5836336395795687,-1.2874539373312437,2.1750736287977723
51.0,188.0,132.62808227539062,0.5478751027957012,1.4915089918222544,-4.017770283732102,-3.43453688910242,-0.5854467428281206,-0.5427832578927154,0.353354811350459,3.583633584550882,-1.2874814327830302,2.1748304111604275
51.0,188.0,132.62808227539062,0.5479443307532503,1.4915089129393202,-4.020530599517375,-3.434557513050347,-0.5873265663083467,-0.542783257773751,0.3700575018888117,3.5836336377119413,-1.287454917965219,2.175238943496297
51.0,188.0,132.62808227539062,0.5478941344508481,1.4915097797880998,-4.018565007985094,-3.429984982496617,-0.5848787132213917,-0.5427832579015086,0.3698901070604473,3.5836336395795687,-1.2862456100693846,2.175915211709121
51.0,189.0,132.62808227539062,0.5478948821106959,1.4915126322271512,-4.018565007985094,-3.429984982496617,-0.5849024594135139,-0.5427832579015086,0.3701326336091446,3.5836336395795687,-1.287454054547188,2.1748392698901005
51.0,189.0,132.62808227539062,0.5478948821106959,1.4915126322271512,-4.018565007985094,-3.429984982496617,-0.5849024594135139,-0.5427832579015086,0.37059461730126,3.5836336395795687,-1.2874818471703546,2.1748392698901005
51.0,189.0,132.62808227539062,0.5478948821106959,1.4915125369362046,-4.018565007985094,-3.429984982496617,-0.585550776313577,-0.5279721935780763,0.3535768109007595,3.5836336395795687,-1.287454054547188,2.174267131087437
51.0,189.0,132.62808227539062,0.5479371659054912,1.49151008825493,-4.0168287821850335,-3.429984982496617,-0.5976865291217942,-0.5427832579015086,0.3698882394018333,3.5836336395795687,-1.2874808364368373,2.1750736287977723
51.0,189.0,132.62808227539062,0.5478783960350889,1.4915126322271512,-4.013231974046128,-3.429931259189822,-0.5853959079524219,-0.5427832579015086,0.3720227595107219,3.5836336395795687,-1.2874814237295416,2.1748392698901005
51.0,189.0,132.62808227539062,0.5478948821106959,1.4915126322271512,-4.018565007985094,-3.429984982496617,-0.5849038134755663,-0.5427832579015086,0.3530703330578133,3.5836336395795687,-1.2874818471703546,2.1748392698901005
51.0,189.0,132.62808227539062,0.5478948821106959,1.4915126322271512,-4.016336684172381,-3.434426143155825,-0.5849038134755663,-0.542783257782956,0.3530703330578133,3.583633585422957,-1.2873613426977333,2.1764212863434835
51.0,189.0,132.62808227539062,0.5478948821106959,1.4915126322271512,-4.018565007985094,-3.429984982496617,-0.5849024594135139,-0.5427832579015086,0.3701326336091446,3.5836336395795687,-1.287454054547188,2.1748392698901005
51.0,189.0,132.62808227539062,0.5478783960350889,1.4915126322271512,-4.013231974046128,-3.429931259189822,-0.5853959079524219,-0.5427832579015086,0.3720227595107219,3.5836336395795687,-1.2874814237295416,2.1748392698901005
51.0,189.0,132.62808227539062,0.5478948821106959,1.4915126322271512,-4.013322040356646,-3.4299823092542527,-0.5849024594135139,-0.5427832579015086,0.37059461730126,3.5836336395795687,-1.2874818471703546,2.1748392698901005
51.0,189.0,132.62808227539062,0.5479442460587678,1.49151008825493,-4.0168287821850335,-3.429984982496617,-0.5976865291217942,-0.5427832577767248,0.3698882394018333,3.5836336395795687,-1.2592496340822534,2.1759126645516123
51.0,189.0,132.62808227539062,0.547937616529104,1.49151008825493,-4.0168287821850335,-3.429984982496617,-0.5976865291217942,-0.5427832578991345,0.3698882394018333,3.5836336395795687,-1.2866427087170385,2.1759126645516123
51.0,189.0,132.62808227539062,0.5479371659054912,1.4915106906779072,-4.0168287821850335,-3.4349824467745527,-0.5955271495185809,-0.5427832579015086,0.3698882394018333,3.5703208031567057,-1.2854039180628944,2.1750736287977723
51.0,189.0,132.62808227539062,0.5478948821106959,1.4915126322271512,-4.018565007985094,-3.429984982496617,-0.5849038134755663,-0.5427832579015086,0.3530703330578133,3.5836336395795687,-1.2874818471703546,2.1748392698901005
51.0,189.0,132.62808227539062,0.5478948821106959,1.4915121369401692,-4.017412237295675,-3.429984982496617,-0.5860867837023092,-0.5279721935780763,0.3535768109007595,3.5836336395795687,-1.2873476441941856,2.174267131087437
51.0,189.0,132.62808227539062,0.5478779684829103,1.4915100582119574,-4.016556178241865,-3.429931259189822,-0.5853959079524219,-0.5427832579015086,0.3699401538168486,3.5836336395795687,-1.2874814237295416,2.1748339715722382
51.0,189.0,132.62808227539062,0.5478948821106959,1.491510115505245,-4.018565007985094,-3.429984982496617,-0.585550776313577,-0.5279721935780763,0.3532251727814096,3.5836336395795687,-1.287454054547188,2.174196968619919
51.0,189.0,132.62808227539062,0.5478783960350889,1.4915126322271512,-4.0115682631224345,-3.429931259189822,-0.5853959079524219,-0.5427832577720734,0.3720227595107219,3.5836336401050257,-1.2874814237295416,2.1748392698901005
51.0,189.0,132.62808227539062,0.5478777894201731,1.4915126322271512,-4.013098196013769,-3.4348979588315944,-0.5853959079524219,-0.5427832579015086,0.3720227595107219,3.5836336395795687,-1.2853275760651472,2.175045059501364
51.0,189.0,132.62808227539062,0.5478951812995236,1.4915126322271512,-4.018565007985094,-3.429984982496617,-0.5848787132213917,-0.5427832579015086,0.3701326336091446,3.5836336395795687,-1.2874537400465145,2.1748392698901005
51.0,189.0,132.62808227539062,0.5479371659054912,1.49151008825493,-4.0168287821850335,-3.429984982496617,-0.5976865291217942,-0.542783257787162,0.3672821324565222,3.5836336395795687,-1.2874808364368373,2.1750736287977723
51.0,189.0,132.62808227539062,0.5478948821106959,1.4915126322271512,-4.016336684172381,-3.434426143155825,-0.5849038134755663,-0.542783257782956,0.3530703330578133,3.583633585422957,-1.287482651840964,2.176455547875888
51.0,189.0,132.62808227539062,0.5479371659054912,1.4915106906779072,-4.01855497464395,-3.4349824467745527,-0.5955271495185809,-0.5427832579015086,0.3698627616320903,3.57050069664492,-1.2873897371495855,2.1750736287977723
51.0,189.0,132.62808227539062,0.5478948821106959,1.4915126322271512,-4.018565007985094,-3.429984982496617,-0.5849038134755663,-0.5417862759426133,0.3530854246187211,3.5836336395795687,-1.2874818471703546,2.1748678712457337
51.0,189.0,132.62808227539062,0.5478783960350889,1.4915126322271512,-4.0115682631224345,-3.429931259189822,-0.5853959079524219,-0.5427832577720734,0.3720227595107219,3.5836336401050257,-1.2874814237295416,2.1748392698901005
51.0,189.0,132.62808227539062,0.5478783960350889,1.4915126322271512,-4.013231974046128,-3.429931259189822,-0.5853959079524219,-0.5427832579015086,0.3720227595107219,3.5836336395795687,-1.2874814237295416,2.1748392698901005
51.0,189.0,132.62808227539062,0.5478950984988996,1.4915047339481498,-4.018565007985094,-3.429984982496617,-0.5834720788807439,-0.5427832579015086,0.37059461730126,3.5836336395795687,-1.2874818471703546,2.1748392698901005
51.0,189.0,132.62808227539062,0.5478951812995236,1.4915126322271512,-4.018565007985094,-3.429984982496617,-0.5848779094820971,-0.5427832579015086,0.3712595339174763,3.5836336395795687,-1.2874537400465145,2.1748392698901005
51.0,189.0,132.62808227539062,0.5478931777771237,1.4915101485711668,-4.0168287821850335,-3.429984982496617,-0.5977682839019836,-0.542783257901822,0.3698227181191845,3.5836336395795687,-1.2866427087170385,2.1748619574352266
51.0,189.0,132.62808227539062,0.5479449431421275,1.4915089129393202,-4.017770283732102,-3.43453688910242,-0.5854467428281206,-0.542783257773751,0.353354811350459,3.583633584550882,-1.287480815620589,2.17524651555813
51.0,189.0,132.62808227539062,0.5478951812995236,1.4915126322271512,-4.016838815526177,-3.429984982496617,-0.5848787132213917,-0.5427832579015086,0.3701581113788876,3.583453746091355,-1.285467920959823,2.1748392698901005
51.0,189.0,132.62808227539062,0.5478783960350889,1.4915126322271512,-4.013231974046128,-3.429931259189822,-0.5853959079524219,-0.5427832579015086,0.3720227595107219,3.5836336395795687,-1.2874814237295416,2.1748392698901005
51.0,189.0,132.62808227539062,0.5479383768927283,1.4915101155575186,-4.016829557674948,-3.429984982496617,-0.5850526222642735,-0.5279721935780763,0.3532251727814096,3.5836336395795687,-1.2874550421735926,2.17506624229969
51.0,189.0,132.62808227539062,0.5479438126126436,1.4915126322271512,-4.018565007985094,-3.429984982496617,-0.5975194006387133,-0.5427832579015086,0.3701326336091446,3.5836336395795687,-1.2883035972994583,2.1748392698901005
51.0,189.0,132.62808227539062,0.5478948821106959,1.4915126322271512,-4.018565007985094,-3.429984982496617,-0.5849046172148611,-0.5427832579015086,0.3519434327494816,3.5836336395795687,-1.2874818471703546,2.1748392698901005
51.0,189.0,132.62808227539062,0.5479393208626762,1.4915125719109144,-4.040700792776991,-3.4299823092542527,-0.5848207046333247,-0.5427832578988211,0.3706601385839088,3.5836336395795687,-1.2874818471703546,2.1758899770064857
51.0,189.0,132.62808227539062,0.547893240534502,1.4915101155575186,-4.016602115314464,-3.4299850385750648,-0.5850544538520193,-0.542868027407921,0.3532251727814096,3.5836336395795687,-1.2874776621229187,2.174816816413067
51.0,189.0,132.62808227539062,0.5479452929074433,1.491512940693981,-4.0168287821850335,-3.429984982496617,-0.5976865291217942,-0.5427832577767248,0.3701307659505306,3.5836336395795687,-1.2604577640593833,2.174836722732591
51.0,189.0,132.62808227539062,0.5478950265838155,1.491512770167609,-4.018565007985094,-3.429984982496617,-0.5855074512728781,-0.5427832579015086,0.3527487862190276,3.5836336395795687,-1.2874808635451835,2.1748406629564485
51.0,189.0,132.62808227539062,0.547878504885672,1.4915126322271512,-4.013215937589671,-3.429916541685906,-0.5853959079524219,-0.5427832579015086,0.3720227595107219,3.5836336347399445,-1.2874814237295416,2.1765074249396017
51.0,189.0,132.62808227539062,0.5478783960350889,1.4915126322271512,-4.018712072817035,-3.42998471476643,-0.5853852880407711,-0.5427955023696167,0.3720227595107219,3.5836336395795687,-1.2874814237295416,2.1748392698901005
51.0,189.0,132.62808227539062,0.5478779684829103,1.4915100582119574,-4.016556178241865,-3.429931259189822,-0.5853959079524219,-0.5427832579015086,0.3699401538168486,3.5836336395795687,-1.2874814237295416,2.1748339715722382
51.0,189.0,132.62808227539062,0.5478951812995236,1.4915126322271512,-4.018636021066609,-3.429984982496617,-0.5848779094820971,-0.5427832579015086,0.3712595339174763,3.5836336395795687,-1.2874791234900465,2.1748392698901005
51.0,189.0,132.62808227539062,0.5479438126126436,1.4915126322271512,-4.018565007985094,-3.429797029743666,-0.5975194006387133,-0.5427832579015086,0.3701326336091446,3.583631041414792,-1.2883035972994583,2.1748437404861187
51.0,189.0,132.62808227539062,0.5479393208626762,1.491512578734157,-4.040700792776991,-3.429984855905507,-0.5848207046333247,-0.542783257901575,0.370127098797437,3.5836336395795687,-1.2874801288957012,2.1758899770064857
51.0,189.0,132.62808227539062,0.5478779529403618,1.4915101047517092,-4.016563736223173,-3.429931259189822,-0.5853959079524219,-0.5427832579015086,0.3720227595107219,3.5836336395795687,-1.2874814237295416,2.174834069959463
51.0,189.0,132.62808227539062,0.5479371659054912,1.4915126739937374,-4.018641735686635,-3.429984982496617,-0.584232498697843,-0.5427832579015086,0.3698630959681335,3.5836336395795687,-1.2874539373312437,2.1750736287977723
51.0,189.0,132.62808227539062,0.5478751027957012,1.4915089918222544,-4.017770283732102,-3.43453688910242,-0.5854467428281206,-0.5427832578927154,0.353354811350459,3.583633584550882,-1.2874814327830302,2.1748304111604275
51.0,189.0,132.62808227539062,0.5479443307532503,1.4915089129393202,-4.020530599517375,-3.434557513050347,-0.5873265663083467,-0.542783257773751,0.3700575018888117,3.5836336377119413,-1.287454917965219,2.175238943496297
51.0,189.0,132.62808227539062,0.5478941344508481,1.4915097797880998,-4.018565007985094,-3.429984982496617,-0.5848787132213917,-0.5427832579015086,0.3698901070604473,3.5836336395795687,-1.2862456100693846,2.175915211709121
51.0,190.0,132.62808227539062,0.5478948821106959,1.4915126322271512,-4.018565007985094,-3.429984982496617,-0.5849024594135139,-0.5427832579015086,0.3701326336091446,3.5836336395795687,-1.287454054547188,2.1748392698901005
51.0,190.0,132.62808227539062,0.5478948821106959,1.4915126322271512,-4.018565007985094,-3.429984982496617,-0.5849024594135139,-0.5427832579015086,0.37059461730126,3.5836336395795687,-1.2874818471703546,2.1748392698901005
51.0,190.0,132.62808227539062,0.5478948821106959,1.4915125369362046,-4.018565007985094,-3.429984982496617,-0.585550776313577,-0.5279721935780763,0.3535768109007595,3.5836336395795687,-1.287454054547188,2.174267131087437
51.0,190.0,132.62808227539062,0.5479371659054912,1.49151008825493,-4.0168287821850335,-3.429984982496617,-0.5976865291217942,-0.5427832579015086,0.3698882394018333,3.5836336395795687,-1.2874808364368373,2.1750736287977723
51.0,190.0,132.62808227539062,0.5478783960350889,1.4915126322271512,-4.013231974046128,-3.429931259189822,-0.5853959079524219,-0.5427832579015086,0.3720227595107219,3.5836336395795687,-1.2874814237295416,2.1748392698901005
51.0,190.0,132.62808227539062,0.5478948821106959,1.4915126322271512,-4.018565007985094,-3.429984982496617,-0.5849038134755663,-0.5427832579015086,0.3530703330578133,3.5836336395795687,-1.2874818471703546,2.1748392698901005
51.0,190.0,132.62808227539062,0.5478948821106959,1.4915126322271512,-4.016336684172381,-3.434426143155825,-0.5849038134755663,-0.542783257782956,0.3530703330578133,3.583633585422957,-1.2873613426977333,2.1764212863434835
51.0,190.0,132.62808227539062,0.5478948821106959,1.4915126322271512,-4.018565007985094,-3.429984982496617,-0.5849024594135139,-0.5427832579015086,0.3701326336091446,3.5836336395795687,-1.287454054547188,2.1748392698901005
51.0,190.0,132.62808227539062,0.5478783960350889,1.4915126322271512,-4.013231974046128,-3.429931259189822,-0.5853959079524219,-0.5427832579015086,0.3720227595107219,3.5836336395795687,-1.2874814237295416,2.1748392698901005
51.0,190.0,132.62808227539062,0.5478948821106959,1.4915126322271512,-4.013322040356646,-3.4299823092542527,-0.5849024594135139,-0.5427832579015086,0.37059461730126,3.5836336395795687,-1.2874818471703546,2.1748392698901005
51.0,190.0,132.62808227539062,0.5479442460587678,1.49151008825493,-4.0168287821850335,-3.429984982496617,-0.5976865291217942,-0.5427832577767248,0.3698882394018333,3.5836336395795687,-1.2592496340822534,2.1759126645516123
51.0,190.0,132.62808227539062,0.547937616529104,1.49151008825493,-4.0168287821850335,-3.429984982496617,-0.5976865291217942,-0.5427832578991345,0.3698882394018333,3.5836336395795687,-1.2866427087170385,2.1759126645516123
51.0,190.0,132.62808227539062,0.5479371659054912,1.4915106906779072,-4.0168287821850335,-3.4349824467745527,-0.5955271495185809,-0.5427832579015086,0.3698882394018333,3.5703208031567057,-1.2854039180628944,2.1750736287977723
51.0,190.0,132.62808227539062,0.5478948821106959,1.4915126322271512,-4.018565007985094,-3.429984982496617,-0.5849038134755663,-0.5427832579015086,0.3530703330578133,3.5836336395795687,-1.2874818471703546,2.1748392698901005
51.0,190.0,132.62808227539062,0.5478948821106959,1.4915121369401692,-4.017412237295675,-3.429984982496617,-0.5860867837023092,-0.5279721935780763,0.3535768109007595,3.5836336395795687,-1.2873476441941856,2.174267131087437
51.0,190.0,132.62808227539062,0.5478779684829103,1.4915100582119574,-4.016556178241865,-3.429931259189822,-0.5853959079524219,-0.5427832579015086,0.3699401538168486,3.5836336395795687,-1.2874814237295416,2.1748339715722382
51.0,190.0,132.62808227539062,0.5478948821106959,1.491510115505245,-4.018565007985094,-3.429984982496617,-0.585550776313577,-0.5279721935780763,0.3532251727814096,3.5836336395795687,-1.287454054547188,2.174196968619919
51.0,190.0,132.62808227539062,0.5478783960350889,1.4915126322271512,-4.0115682631224345,-3.429931259189822,-0.5853959079524219,-0.5427832577720734,0.3720227595107219,3.5836336401050257,-1.2874814237295416,2.1748392698901005
51.0,190.0,132.62808227539062,0.5478777894201731,1.4915126322271512,-4.013098196013769,-3.4348979588315944,-0.5853959079524219,-0.5427832579015086,0.3720227595107219,3.5836336395795687,-1.2853275760651472,2.175045059501364
51.0,190.0,132.62808227539062,0.5478951812995236,1.4915126322271512,-4.018565007985094,-3.429984982496617,-0.5848787132213917,-0.5427832579015086,0.3701326336091446,3.5836336395795687,-1.2874537400465145,2.1748392698901005
51.0,190.0,132.62808227539062,0.5479371659054912,1.49151008825493,-4.0168287821850335,-3.429984982496617,-0.5976865291217942,-0.542783257787162,0.3672821324565222,3.5836336395795687,-1.2874808364368373,2.1750736287977723
51.0,190.0,132.62808227539062,0.5478948821106959,1.4915126322271512,-4.016336684172381,-3.434426143155825,-0.5849038134755663,-0.542783257782956,0.3530703330578133,3.583633585422957,-1.287482651840964,2.176455547875888
51.0,190.0,132.62808227539062,0.5479371659054912,1.4915106906779072,-4.01855497464395,-3.4349824467745527,-0.5955271495185809,-0.5427832579015086,0.3698627616320903,3.57050069664492,-1.2873897371495855,2.1750736287977723
51.0,190.0,132.62808227539062,0.5478948821106959,1.4915126322271512,-4.018565007985094,-3.429984982496617,-0.5849038134755663,-0.5417862759426133,0.3530854246187211,3.5836336395795687,-1.2874818471703546,2.1748678712457337
51.0,190.0,132.62808227539062,0.5478783960350889,1.4915126322271512,-4.0115682631224345,-3.429931259189822,-0.5853959079524219,-0.5427832577720734,0.3720227595107219,3.5836336401050257,-1.2874814237295416,2.1748392698901005
51.0,190.0,132.62808227539062,0.5478783960350889,1.4915126322271512,-4.013231974046128,-3.429931259189822,-0.5853959079524219,-0.5427832579015086,0.3720227595107219,3.5836336395795687,-1.2874814237295416,2.1748392698901005
51.0,190.0,132.62808227539062,0.5478950984988996,1.4915047339481498,-4.018565007985094,-3.429984982496617,-0.5834720788807439,-0.5427832579015086,0.37059461730126,3.5836336395795687,-1.2874818471703546,2.1748392698901005
51.0,190.0,132.62808227539062,0.5478951812995236,1.4915126322271512,-4.018565007985094,-3.429984982496617,-0.5848779094820971,-0.5427832579015086,0.3712595339174763,3.5836336395795687,-1.2874537400465145,2.1748392698901005
51.0,190.0,132.62808227539062,0.5478931777771237,1.4915101485711668,-4.0168287821850335,-3.429984982496617,-0.5977682839019836,-0.542783257901822,0.3698227181191845,3.5836336395795687,-1.2866427087170385,2.1748619574352266
51.0,190.0,132.62808227539062,0.5479449431421275,1.4915089129393202,-4.017770283732102,-3.43453688910242,-0.5854467428281206,-0.542783257773751,0.353354811350459,3.583633584550882,-1.287480815620589,2.17524651555813
51.0,190.0,132.62808227539062,0.5478951812995236,1.4915126322271512,-4.016838815526177,-3.429984982496617,-0.5848787132213917,-0.5427832579015086,0.3701581113788876,3.583453746091355,-1.285467920959823,2.1748392698901005
51.0,190.0,132.62808227539062,0.5478783960350889,1.4915126322271512,-4.013231974046128,-3.429931259189822,-0.5853959079524219,-0.5427832579015086,0.3720227595107219,3.5836336395795687,-1.2874814237295416,2.1748392698901005
51.0,190.0,132.62808227539062,0.5479383768927283,1.4915101155575186,-4.016829557674948,-3.429984982496617,-0.5850526222642735,-0.5279721935780763,0.3532251727814096,3.5836336395795687,-1.2874550421735926,2.17506624229969
51.0,190.0,132.62808227539062,0.5479438126126436,1.4915126322271512,-4.018565007985094,-3.429984982496617,-0.5975194006387133,-0.5427832579015086,0.3701326336091446,3.5836336395795687,-1.2883035972994583,2.1748392698901005
51.0,190.0,132.62808227539062,0.5478948821106959,1.4915126322271512,-4.018565007985094,-3.429984982496617,-0.5849046172148611,-0.5427832579015086,0.3519434327494816,3.5836336395795687,-1.2874818471703546,2.1748392698901005
51.0,190.0,132.62808227539062,0.5479393208626762,1.4915125719109144,-4.040700792776991,-3.4299823092542527,-0.5848207046333247,-0.5427832578988211,0.3706601385839088,3.5836336395795687,-1.2874818471703546,2.1758899770064857
51.0,190.0,132.62808227539062,0.547893240534502,1.4915101155575186,-4.016602115314464,-3.4299850385750648,-0.5850544538520193,-0.542868027407921,0.3532251727814096,3.5836336395795687,-1.2874776621229187,2.174816816413067
51.0,190.0,132.62808227539062,0.5479452929074433,1.491512940693981,-4.0168287821850335,-3.429984982496617,-0.5976865291217942,-0.5427832577767248,0.3701307659505306,3.5836336395795687,-1.2604577640593833,2.174836722732591
51.0,190.0,132.62808227539062,0.5478950265838155,1.491512770167609,-4.018565007985094,-3.429984982496617,-0.5855074512728781,-0.5427832579015086,0.3527487862190276,3.5836336395795687,-1.2874808635451835,2.1748406629564485
51.0,190.0,132.62808227539062,0.547878504885672,1.4915126322271512,-4.013215937589671,-3.429916541685906,-0.5853959079524219,-0.5427832579015086,0.3720227595107219,3.5836336347399445,-1.2874814237295416,2.1765074249396017
51.0,190.0,132.62808227539062,0.5478783960350889,1.4915126322271512,-4.018712072817035,-3.42998471476643,-0.5853852880407711,-0.5427955023696167,0.3720227595107219,3.5836336395795687,-1.2874814237295416,2.1748392698901005
51.0,190.0,132.62808227539062,0.5478779684829103,1.4915100582119574,-4.016556178241865,-3.429931259189822,-0.5853959079524219,-0.5427832579015086,0.3699401538168486,3.5836336395795687,-1.2874814237295416,2.1748339715722382
51.0,190.0,132.62808227539062,0.5478951812995236,1.4915126322271512,-4.018636021066609,-3.429984982496617,-0.5848779094820971,-0.5427832579015086,0.3712595339174763,3.5836336395795687,-1.2874791234900465,2.1748392698901005
51.0,190.0,132.62808227539062,0.5479438126126436,1.4915126322271512,-4.018565007985094,-3.429797029743666,-0.5975194006387133,-0.5427832579015086,0.3701326336091446,3.583631041414792,-1.2883035972994583,2.1748437404861187
51.0,190.0,132.62808227539062,0.5479393208626762,1.491512578734157,-4.040700792776991,-3.429984855905507,-0.5848207046333247,-0.542783257901575,0.370127098797437,3.5836336395795687,-1.2874801288957012,2.1758899770064857
51.0,190.0,132.62808227539062,0.5478779529403618,1.4915101047517092,-4.016563736223173,-3.429931259189822,-0.5853959079524219,-0.5427832579015086,0.3720227595107219,3.5836336395795687,-1.2874814237295416,2.174834069959463
51.0,190.0,132.62808227539062,0.5479371659054912,1.4915126739937374,-4.018641735686635,-3.429984982496617,-0.584232498697843,-0.5427832579015086,0.3698630959681335,3.5836336395795687,-1.2874539373312437,2.1750736287977723
51.0,190.0,132.62808227539062,0.5478751027957012,1.4915089918222544,-4.017770283732102,-3.43453688910242,-0.5854467428281206,-0.5427832578927154,0.353354811350459,3.583633584550882,-1.2874814327830302,2.1748304111604275
51.0,190.0,132.62808227539062,0.5479443307532503,1.4915089129393202,-4.020530599517375,-3.434557513050347,-0.5873265663083467,-0.542783257773751,0.3700575018888117,3.5836336377119413,-1.287454917965219,2.175238943496297
51.0,190.0,132.62808227539062,0.5478941344508481,1.4915097797880998,-4.018565007985094,-3.429984982496617,-0.5848787132213917,-0.5427832579015086,0.3698901070604473,3.5836336395795687,-1.2862456100693846,2.175915211709121
51.0,191.0,132.62808227539062,0.5478948821106959,1.4915126322271512,-4.018565007985094,-3.429984982496617,-0.5849024594135139,-0.5427832579015086,0.3701326336091446,3.5836336395795687,-1.287454054547188,2.1748392698901005
51.0,191.0,132.62808227539062,0.5478948821106959,1.4915126322271512,-4.018565007985094,-3.429984982496617,-0.5849024594135139,-0.5427832579015086,0.37059461730126,3.5836336395795687,-1.2874818471703546,2.1748392698901005
51.0,191.0,132.62808227539062,0.5478948821106959,1.4915125369362046,-4.018565007985094,-3.429984982496617,-0.585550776313577,-0.5279721935780763,0.3535768109007595,3.5836336395795687,-1.287454054547188,2.174267131087437
51.0,191.0,132.62808227539062,0.5479371659054912,1.49151008825493,-4.0168287821850335,-3.429984982496617,-0.5976865291217942,-0.5427832579015086,0.3698882394018333,3.5836336395795687,-1.2874808364368373,2.1750736287977723
51.0,191.0,132.62808227539062,0.5478783960350889,1.4915126322271512,-4.013231974046128,-3.429931259189822,-0.5853959079524219,-0.5427832579015086,0.3720227595107219,3.5836336395795687,-1.2874814237295416,2.1748392698901005
51.0,191.0,132.62808227539062,0.5478948821106959,1.4915126322271512,-4.018565007985094,-3.429984982496617,-0.5849038134755663,-0.5427832579015086,0.3530703330578133,3.5836336395795687,-1.2874818471703546,2.1748392698901005
51.0,191.0,132.62808227539062,0.5478948821106959,1.4915126322271512,-4.016336684172381,-3.434426143155825,-0.5849038134755663,-0.542783257782956,0.3530703330578133,3.583633585422957,-1.2873613426977333,2.1764212863434835
51.0,191.0,132.62808227539062,0.5478948821106959,1.4915126322271512,-4.018565007985094,-3.429984982496617,-0.5849024594135139,-0.5427832579015086,0.3701326336091446,3.5836336395795687,-1.287454054547188,2.1748392698901005
51.0,191.0,132.62808227539062,0.5478783960350889,1.4915126322271512,-4.013231974046128,-3.429931259189822,-0.5853959079524219,-0.5427832579015086,0.3720227595107219,3.5836336395795687,-1.2874814237295416,2.1748392698901005
51.0,191.0,132.62808227539062,0.5478948821106959,1.4915126322271512,-4.013322040356646,-3.4299823092542527,-0.5849024594135139,-0.5427832579015086,0.37059461730126,3.5836336395795687,-1.2874818471703546,2.1748392698901005
51.0,191.0,132.62808227539062,0.5479442460587678,1.49151008825493,-4.0168287821850335,-3.429984982496617,-0.5976865291217942,-0.5427832577767248,0.3698882394018333,3.5836336395795687,-1.2592496340822534,2.1759126645516123
51.0,191.0,132.62808227539062,0.547937616529104,1.49151008825493,-4.0168287821850335,-3.429984982496617,-0.5976865291217942,-0.5427832578991345,0.3698882394018333,3.5836336395795687,-1.2866427087170385,2.1759126645516123
51.0,191.0,132.62808227539062,0.5479371659054912,1.4915106906779072,-4.0168287821850335,-3.4349824467745527,-0.5955271495185809,-0.5427832579015086,0.3698882394018333,3.5703208031567057,-1.2854039180628944,2.1750736287977723
51.0,191.0,132.62808227539062,0.5478948821106959,1.4915126322271512,-4.018565007985094,-3.429984982496617,-0.5849038134755663,-0.5427832579015086,0.3530703330578133,3.5836336395795687,-1.2874818471703546,2.1748392698901005
51.0,191.0,132.62808227539062,0.5478948821106959,1.4915121369401692,-4.017412237295675,-3.429984982496617,-0.5860867837023092,-0.5279721935780763,0.3535768109007595,3.5836336395795687,-1.2873476441941856,2.174267131087437
51.0,191.0,132.62808227539062,0.5478779684829103,1.4915100582119574,-4.016556178241865,-3.429931259189822,-0.5853959079524219,-0.5427832579015086,0.3699401538168486,3.5836336395795687,-1.2874814237295416,2.1748339715722382
51.0,191.0,132.62808227539062,0.5478948821106959,1.491510115505245,-4.018565007985094,-3.429984982496617,-0.585550776313577,-0.5279721935780763,0.3532251727814096,3.5836336395795687,-1.287454054547188,2.174196968619919
51.0,191.0,132.62808227539062,0.5478783960350889,1.4915126322271512,-4.0115682631224345,-3.429931259189822,-0.5853959079524219,-0.5427832577720734,0.3720227595107219,3.5836336401050257,-1.2874814237295416,2.1748392698901005
51.0,191.0,132.62808227539062,0.5478777894201731,1.4915126322271512,-4.013098196013769,-3.4348979588315944,-0.5853959079524219,-0.5427832579015086,0.3720227595107219,3.5836336395795687,-1.2853275760651472,2.175045059501364
51.0,191.0,132.62808227539062,0.5478951812995236,1.4915126322271512,-4.018565007985094,-3.429984982496617,-0.5848787132213917,-0.5427832579015086,0.3701326336091446,3.5836336395795687,-1.2874537400465145,2.1748392698901005
51.0,191.0,132.62808227539062,0.5479371659054912,1.49151008825493,-4.0168287821850335,-3.429984982496617,-0.5976865291217942,-0.542783257787162,0.3672821324565222,3.5836336395795687,-1.2874808364368373,2.1750736287977723
51.0,191.0,132.62808227539062,0.5478948821106959,1.4915126322271512,-4.016336684172381,-3.434426143155825,-0.5849038134755663,-0.542783257782956,0.3530703330578133,3.583633585422957,-1.287482651840964,2.176455547875888
51.0,191.0,132.62808227539062,0.5479371659054912,1.4915106906779072,-4.01855497464395,-3.4349824467745527,-0.5955271495185809,-0.5427832579015086,0.3698627616320903,3.57050069664492,-1.2873897371495855,2.1750736287977723
51.0,191.0,132.62808227539062,0.5478948821106959,1.4915126322271512,-4.018565007985094,-3.429984982496617,-0.5849038134755663,-0.5417862759426133,0.3530854246187211,3.5836336395795687,-1.2874818471703546,2.1748678712457337
51.0,191.0,132.62808227539062,0.5478783960350889,1.4915126322271512,-4.0115682631224345,-3.429931259189822,-0.5853959079524219,-0.5427832577720734,0.3720227595107219,3.5836336401050257,-1.2874814237295416,2.1748392698901005
51.0,191.0,132.62808227539062,0.5478783960350889,1.4915126322271512,-4.013231974046128,-3.429931259189822,-0.5853959079524219,-0.5427832579015086,0.3720227595107219,3.5836336395795687,-1.2874814237295416,2.1748392698901005
51.0,191.0,132.62808227539062,0.5478950984988996,1.4915047339481498,-4.018565007985094,-3.429984982496617,-0.5834720788807439,-0.5427832579015086,0.37059461730126,3.5836336395795687,-1.2874818471703546,2.1748392698901005
51.0,191.0,132.62808227539062,0.5478951812995236,1.4915126322271512,-4.018565007985094,-3.429984982496617,-0.5848779094820971,-0.5427832579015086,0.3712595339174763,3.5836336395795687,-1.2874537400465145,2.1748392698901005
51.0,191.0,132.62808227539062,0.5478931777771237,1.4915101485711668,-4.0168287821850335,-3.429984982496617,-0.5977682839019836,-0.542783257901822,0.3698227181191845,3.5836336395795687,-1.2866427087170385,2.1748619574352266
51.0,191.0,132.62808227539062,0.5479449431421275,1.4915089129393202,-4.017770283732102,-3.43453688910242,-0.5854467428281206,-0.542783257773751,0.353354811350459,3.583633584550882,-1.287480815620589,2.17524651555813
51.0,191.0,132.62808227539062,0.5478951812995236,1.4915126322271512,-4.016838815526177,-3.429984982496617,-0.5848787132213917,-0.5427832579015086,0.3701581113788876,3.583453746091355,-1.285467920959823,2.1748392698901005
51.0,191.0,132.62808227539062,0.5478783960350889,1.4915126322271512,-4.013231974046128,-3.429931259189822,-0.5853959079524219,-0.5427832579015086,0.3720227595107219,3.5836336395795687,-1.2874814237295416,2.1748392698901005
51.0,191.0,132.62808227539062,0.5479383768927283,1.4915101155575186,-4.016829557674948,-3.429984982496617,-0.5850526222642735,-0.5279721935780763,0.3532251727814096,3.5836336395795687,-1.2874550421735926,2.17506624229969
51.0,191.0,132.62808227539062,0.5479438126126436,1.4915126322271512,-4.018565007985094,-3.429984982496617,-0.5975194006387133,-0.5427832579015086,0.3701326336091446,3.5836336395795687,-1.2883035972994583,2.1748392698901005
51.0,191.0,132.62808227539062,0.5478948821106959,1.4915126322271512,-4.018565007985094,-3.429984982496617,-0.5849046172148611,-0.5427832579015086,0.3519434327494816,3.5836336395795687,-1.2874818471703546,2.1748392698901005
51.0,191.0,132.62808227539062,0.5479393208626762,1.4915125719109144,-4.040700792776991,-3.4299823092542527,-0.5848207046333247,-0.5427832578988211,0.3706601385839088,3.5836336395795687,-1.2874818471703546,2.1758899770064857
51.0,191.0,132.62808227539062,0.547893240534502,1.4915101155575186,-4.016602115314464,-3.4299850385750648,-0.5850544538520193,-0.542868027407921,0.3532251727814096,3.5836336395795687,-1.2874776621229187,2.174816816413067
51.0,191.0,132.62808227539062,0.5479452929074433,1.491512940693981,-4.0168287821850335,-3.429984982496617,-0.5976865291217942,-0.5427832577767248,0.3701307659505306,3.5836336395795687,-1.2604577640593833,2.174836722732591
51.0,191.0,132.62808227539062,0.5478950265838155,1.491512770167609,-4.018565007985094,-3.429984982496617,-0.5855074512728781,-0.5427832579015086,0.3527487862190276,3.5836336395795687,-1.2874808635451835,2.1748406629564485
51.0,191.0,132.62808227539062,0.547878504885672,1.4915126322271512,-4.013215937589671,-3.429916541685906,-0.5853959079524219,-0.5427832579015086,0.3720227595107219,3.5836336347399445,-1.2874814237295416,2.1765074249396017
51.0,191.0,132.62808227539062,0.5478783960350889,1.4915126322271512,-4.018712072817035,-3.42998471476643,-0.5853852880407711,-0.5427955023696167,0.3720227595107219,3.5836336395795687,-1.2874814237295416,2.1748392698901005
51.0,191.0,132.62808227539062,0.5478779684829103,1.4915100582119574,-4.016556178241865,-3.429931259189822,-0.5853959079524219,-0.5427832579015086,0.3699401538168486,3.5836336395795687,-1.2874814237295416,2.1748339715722382
51.0,191.0,132.62808227539062,0.5478951812995236,1.4915126322271512,-4.018636021066609,-3.429984982496617,-0.5848779094820971,-0.5427832579015086,0.3712595339174763,3.5836336395795687,-1.2874791234900465,2.1748392698901005
51.0,191.0,132.62808227539062,0.5479438126126436,1.4915126322271512,-4.018565007985094,-3.429797029743666,-0.5975194006387133,-0.5427832579015086,0.3701326336091446,3.583631041414792,-1.2883035972994583,2.1748437404861187
51.0,191.0,132.62808227539062,0.5479393208626762,1.491512578734157,-4.040700792776991,-3.429984855905507,-0.5848207046333247,-0.542783257901575,0.370127098797437,3.5836336395795687,-1.2874801288957012,2.1758899770064857
51.0,191.0,132.62808227539062,0.5478779529403618,1.4915101047517092,-4.016563736223173,-3.429931259189822,-0.5853959079524219,-0.5427832579015086,0.3720227595107219,3.5836336395795687,-1.2874814237295416,2.174834069959463
51.0,191.0,132.62808227539062,0.5479371659054912,1.4915126739937374,-4.018641735686635,-3.429984982496617,-0.584232498697843,-0.5427832579015086,0.3698630959681335,3.5836336395795687,-1.2874539373312437,2.1750736287977723
51.0,191.0,132.62808227539062,0.5478751027957012,1.4915089918222544,-4.017770283732102,-3.43453688910242,-0.5854467428281206,-0.5427832578927154,0.353354811350459,3.583633584550882,-1.2874814327830302,2.1748304111604275
51.0,191.0,132.62808227539062,0.5479443307532503,1.4915089129393202,-4.020530599517375,-3.434557513050347,-0.5873265663083467,-0.542783257773751,0.3700575018888117,3.5836336377119413,-1.287454917965219,2.175238943496297
51.0,191.0,132.62808227539062,0.5478941344508481,1.4915097797880998,-4.018565007985094,-3.429984982496617,-0.5848787132213917,-0.5427832579015086,0.3698901070604473,3.5836336395795687,-1.2862456100693846,2.175915211709121
51.0,192.0,132.62808227539062,0.5478948821106959,1.4915126322271512,-4.018565007985094,-3.429984982496617,-0.5849024594135139,-0.5427832579015086,0.3701326336091446,3.5836336395795687,-1.287454054547188,2.1748392698901005
51.0,192.0,132.62808227539062,0.5478948821106959,1.4915126322271512,-4.018565007985094,-3.429984982496617,-0.5849024594135139,-0.5427832579015086,0.37059461730126,3.5836336395795687,-1.2874818471703546,2.1748392698901005
51.0,192.0,132.62808227539062,0.5478948821106959,1.4915125369362046,-4.018565007985094,-3.429984982496617,-0.585550776313577,-0.5279721935780763,0.3535768109007595,3.5836336395795687,-1.287454054547188,2.174267131087437
51.0,192.0,132.62808227539062,0.5479371659054912,1.49151008825493,-4.0168287821850335,-3.429984982496617,-0.5976865291217942,-0.5427832579015086,0.3698882394018333,3.5836336395795687,-1.2874808364368373,2.1750736287977723
51.0,192.0,132.62808227539062,0.5478783960350889,1.4915126322271512,-4.013231974046128,-3.429931259189822,-0.5853959079524219,-0.5427832579015086,0.3720227595107219,3.5836336395795687,-1.2874814237295416,2.1748392698901005
51.0,192.0,132.62808227539062,0.5478948821106959,1.4915126322271512,-4.018565007985094,-3.429984982496617,-0.5849038134755663,-0.5427832579015086,0.3530703330578133,3.5836336395795687,-1.2874818471703546,2.1748392698901005
51.0,192.0,132.62808227539062,0.5478948821106959,1.4915126322271512,-4.016336684172381,-3.434426143155825,-0.5849038134755663,-0.542783257782956,0.3530703330578133,3.583633585422957,-1.2873613426977333,2.1764212863434835
51.0,192.0,132.62808227539062,0.5478948821106959,1.4915126322271512,-4.018565007985094,-3.429984982496617,-0.5849024594135139,-0.5427832579015086,0.3701326336091446,3.5836336395795687,-1.287454054547188,2.1748392698901005
51.0,192.0,132.62808227539062,0.5478783960350889,1.4915126322271512,-4.013231974046128,-3.429931259189822,-0.5853959079524219,-0.5427832579015086,0.3720227595107219,3.5836336395795687,-1.2874814237295416,2.1748392698901005
51.0,192.0,132.62808227539062,0.5478948821106959,1.4915126322271512,-4.013322040356646,-3.4299823092542527,-0.5849024594135139,-0.5427832579015086,0.37059461730126,3.5836336395795687,-1.2874818471703546,2.1748392698901005
51.0,192.0,132.62808227539062,0.5479442460587678,1.49151008825493,-4.0168287821850335,-3.429984982496617,-0.5976865291217942,-0.5427832577767248,0.3698882394018333,3.5836336395795687,-1.2592496340822534,2.1759126645516123
51.0,192.0,132.62808227539062,0.547937616529104,1.49151008825493,-4.0168287821850335,-3.429984982496617,-0.5976865291217942,-0.5427832578991345,0.3698882394018333,3.5836336395795687,-1.2866427087170385,2.1759126645516123
51.0,192.0,132.62808227539062,0.5479371659054912,1.4915106906779072,-4.0168287821850335,-3.4349824467745527,-0.5955271495185809,-0.5427832579015086,0.3698882394018333,3.5703208031567057,-1.2854039180628944,2.1750736287977723
51.0,192.0,132.62808227539062,0.5478948821106959,1.4915126322271512,-4.018565007985094,-3.429984982496617,-0.5849038134755663,-0.5427832579015086,0.3530703330578133,3.5836336395795687,-1.2874818471703546,2.1748392698901005
51.0,192.0,132.62808227539062,0.5478948821106959,1.4915121369401692,-4.017412237295675,-3.429984982496617,-0.5860867837023092,-0.5279721935780763,0.3535768109007595,3.5836336395795687,-1.2873476441941856,2.174267131087437
51.0,192.0,132.62808227539062,0.5478779684829103,1.4915100582119574,-4.016556178241865,-3.429931259189822,-0.5853959079524219,-0.5427832579015086,0.3699401538168486,3.5836336395795687,-1.2874814237295416,2.1748339715722382
51.0,192.0,132.62808227539062,0.5478948821106959,1.491510115505245,-4.018565007985094,-3.429984982496617,-0.585550776313577,-0.5279721935780763,0.3532251727814096,3.5836336395795687,-1.287454054547188,2.174196968619919
51.0,192.0,132.62808227539062,0.5478783960350889,1.4915126322271512,-4.0115682631224345,-3.429931259189822,-0.5853959079524219,-0.5427832577720734,0.3720227595107219,3.5836336401050257,-1.2874814237295416,2.1748392698901005
51.0,192.0,132.62808227539062,0.5478777894201731,1.4915126322271512,-4.013098196013769,-3.4348979588315944,-0.5853959079524219,-0.5427832579015086,0.3720227595107219,3.5836336395795687,-1.2853275760651472,2.175045059501364
51.0,192.0,132.62808227539062,0.5478951812995236,1.4915126322271512,-4.018565007985094,-3.429984982496617,-0.5848787132213917,-0.5427832579015086,0.3701326336091446,3.5836336395795687,-1.2874537400465145,2.1748392698901005
51.0,192.0,132.62808227539062,0.5479371659054912,1.49151008825493,-4.0168287821850335,-3.429984982496617,-0.5976865291217942,-0.542783257787162,0.3672821324565222,3.5836336395795687,-1.2874808364368373,2.1750736287977723
51.0,192.0,132.62808227539062,0.5478948821106959,1.4915126322271512,-4.016336684172381,-3.434426143155825,-0.5849038134755663,-0.542783257782956,0.3530703330578133,3.583633585422957,-1.287482651840964,2.176455547875888
51.0,192.0,132.62808227539062,0.5479371659054912,1.4915106906779072,-4.01855497464395,-3.4349824467745527,-0.5955271495185809,-0.5427832579015086,0.3698627616320903,3.57050069664492,-1.2873897371495855,2.1750736287977723
51.0,192.0,132.62808227539062,0.5478948821106959,1.4915126322271512,-4.018565007985094,-3.429984982496617,-0.5849038134755663,-0.5417862759426133,0.3530854246187211,3.5836336395795687,-1.2874818471703546,2.1748678712457337
51.0,192.0,132.62808227539062,0.5478783960350889,1.4915126322271512,-4.0115682631224345,-3.429931259189822,-0.5853959079524219,-0.5427832577720734,0.3720227595107219,3.5836336401050257,-1.2874814237295416,2.1748392698901005
51.0,192.0,132.62808227539062,0.5478783960350889,1.4915126322271512,-4.013231974046128,-3.429931259189822,-0.5853959079524219,-0.5427832579015086,0.3720227595107219,3.5836336395795687,-1.2874814237295416,2.1748392698901005
51.0,192.0,132.62808227539062,0.5478950984988996,1.4915047339481498,-4.018565007985094,-3.429984982496617,-0.5834720788807439,-0.5427832579015086,0.37059461730126,3.5836336395795687,-1.2874818471703546,2.1748392698901005
51.0,192.0,132.62808227539062,0.5478951812995236,1.4915126322271512,-4.018565007985094,-3.429984982496617,-0.5848779094820971,-0.5427832579015086,0.3712595339174763,3.5836336395795687,-1.2874537400465145,2.1748392698901005
51.0,192.0,132.62808227539062,0.5478931777771237,1.4915101485711668,-4.0168287821850335,-3.429984982496617,-0.5977682839019836,-0.542783257901822,0.3698227181191845,3.5836336395795687,-1.2866427087170385,2.1748619574352266
51.0,192.0,132.62808227539062,0.5479449431421275,1.4915089129393202,-4.017770283732102,-3.43453688910242,-0.5854467428281206,-0.542783257773751,0.353354811350459,3.583633584550882,-1.287480815620589,2.17524651555813
51.0,192.0,132.62808227539062,0.5478951812995236,1.4915126322271512,-4.016838815526177,-3.429984982496617,-0.5848787132213917,-0.5427832579015086,0.3701581113788876,3.583453746091355,-1.285467920959823,2.1748392698901005
51.0,192.0,132.62808227539062,0.5478783960350889,1.4915126322271512,-4.013231974046128,-3.429931259189822,-0.5853959079524219,-0.5427832579015086,0.3720227595107219,3.5836336395795687,-1.2874814237295416,2.1748392698901005
51.0,192.0,132.62808227539062,0.5479383768927283,1.4915101155575186,-4.016829557674948,-3.429984982496617,-0.5850526222642735,-0.5279721935780763,0.3532251727814096,3.5836336395795687,-1.2874550421735926,2.17506624229969
51.0,192.0,132.62808227539062,0.5479438126126436,1.4915126322271512,-4.018565007985094,-3.429984982496617,-0.5975194006387133,-0.5427832579015086,0.3701326336091446,3.5836336395795687,-1.2883035972994583,2.1748392698901005
51.0,192.0,132.62808227539062,0.5478948821106959,1.4915126322271512,-4.018565007985094,-3.429984982496617,-0.5849046172148611,-0.5427832579015086,0.3519434327494816,3.5836336395795687,-1.2874818471703546,2.1748392698901005
51.0,192.0,132.62808227539062,0.5479393208626762,1.4915125719109144,-4.040700792776991,-3.4299823092542527,-0.5848207046333247,-0.5427832578988211,0.3706601385839088,3.5836336395795687,-1.2874818471703546,2.1758899770064857
51.0,192.0,132.62808227539062,0.547893240534502,1.4915101155575186,-4.016602115314464,-3.4299850385750648,-0.5850544538520193,-0.542868027407921,0.3532251727814096,3.5836336395795687,-1.2874776621229187,2.174816816413067
51.0,192.0,132.62808227539062,0.5479452929074433,1.491512940693981,-4.0168287821850335,-3.429984982496617,-0.5976865291217942,-0.5427832577767248,0.3701307659505306,3.5836336395795687,-1.2604577640593833,2.174836722732591
51.0,192.0,132.62808227539062,0.5478950265838155,1.491512770167609,-4.018565007985094,-3.429984982496617,-0.5855074512728781,-0.5427832579015086,0.3527487862190276,3.5836336395795687,-1.2874808635451835,2.1748406629564485
51.0,192.0,132.62808227539062,0.547878504885672,1.4915126322271512,-4.013215937589671,-3.429916541685906,-0.5853959079524219,-0.5427832579015086,0.3720227595107219,3.5836336347399445,-1.2874814237295416,2.1765074249396017
51.0,192.0,132.62808227539062,0.5478783960350889,1.4915126322271512,-4.018712072817035,-3.42998471476643,-0.5853852880407711,-0.5427955023696167,0.3720227595107219,3.5836336395795687,-1.2874814237295416,2.1748392698901005
51.0,192.0,132.62808227539062,0.5478779684829103,1.4915100582119574,-4.016556178241865,-3.429931259189822,-0.5853959079524219,-0.5427832579015086,0.3699401538168486,3.5836336395795687,-1.2874814237295416,2.1748339715722382
51.0,192.0,132.62808227539062,0.5478951812995236,1.4915126322271512,-4.018636021066609,-3.429984982496617,-0.5848779094820971,-0.5427832579015086,0.3712595339174763,3.5836336395795687,-1.2874791234900465,2.1748392698901005
51.0,192.0,132.62808227539062,0.5479438126126436,1.4915126322271512,-4.018565007985094,-3.429797029743666,-0.5975194006387133,-0.5427832579015086,0.3701326336091446,3.583631041414792,-1.2883035972994583,2.1748437404861187
51.0,192.0,132.62808227539062,0.5479393208626762,1.491512578734157,-4.040700792776991,-3.429984855905507,-0.5848207046333247,-0.542783257901575,0.370127098797437,3.5836336395795687,-1.2874801288957012,2.1758899770064857
51.0,192.0,132.62808227539062,0.5478779529403618,1.4915101047517092,-4.016563736223173,-3.429931259189822,-0.5853959079524219,-0.5427832579015086,0.3720227595107219,3.5836336395795687,-1.2874814237295416,2.174834069959463
51.0,192.0,132.62808227539062,0.5479371659054912,1.4915126739937374,-4.018641735686635,-3.429984982496617,-0.584232498697843,-0.5427832579015086,0.3698630959681335,3.5836336395795687,-1.2874539373312437,2.1750736287977723
51.0,192.0,132.62808227539062,0.5478751027957012,1.4915089918222544,-4.017770283732102,-3.43453688910242,-0.5854467428281206,-0.5427832578927154,0.353354811350459,3.583633584550882,-1.2874814327830302,2.1748304111604275
51.0,192.0,132.62808227539062,0.5479443307532503,1.4915089129393202,-4.020530599517375,-3.434557513050347,-0.5873265663083467,-0.542783257773751,0.3700575018888117,3.5836336377119413,-1.287454917965219,2.175238943496297
51.0,192.0,132.62808227539062,0.5478941344508481,1.4915097797880998,-4.018565007985094,-3.429984982496617,-0.5848787132213917,-0.5427832579015086,0.3698901070604473,3.5836336395795687,-1.2862456100693846,2.175915211709121
51.0,193.0,132.62808227539062,0.5478948821106959,1.4915126322271512,-4.018565007985094,-3.429984982496617,-0.5849024594135139,-0.5427832579015086,0.3701326336091446,3.5836336395795687,-1.287454054547188,2.1748392698901005
51.0,193.0,132.62808227539062,0.5478948821106959,1.4915126322271512,-4.018565007985094,-3.429984982496617,-0.5849024594135139,-0.5427832579015086,0.37059461730126,3.5836336395795687,-1.2874818471703546,2.1748392698901005
51.0,193.0,132.62808227539062,0.5478948821106959,1.4915125369362046,-4.018565007985094,-3.429984982496617,-0.585550776313577,-0.5279721935780763,0.3535768109007595,3.5836336395795687,-1.287454054547188,2.174267131087437
51.0,193.0,132.62808227539062,0.5479371659054912,1.49151008825493,-4.0168287821850335,-3.429984982496617,-0.5976865291217942,-0.5427832579015086,0.3698882394018333,3.5836336395795687,-1.2874808364368373,2.1750736287977723
51.0,193.0,132.62808227539062,0.5478783960350889,1.4915126322271512,-4.013231974046128,-3.429931259189822,-0.5853959079524219,-0.5427832579015086,0.3720227595107219,3.5836336395795687,-1.2874814237295416,2.1748392698901005
51.0,193.0,132.62808227539062,0.5478948821106959,1.4915126322271512,-4.018565007985094,-3.429984982496617,-0.5849038134755663,-0.5427832579015086,0.3530703330578133,3.5836336395795687,-1.2874818471703546,2.1748392698901005
51.0,193.0,132.62808227539062,0.5478948821106959,1.4915126322271512,-4.016336684172381,-3.434426143155825,-0.5849038134755663,-0.542783257782956,0.3530703330578133,3.583633585422957,-1.2873613426977333,2.1764212863434835
51.0,193.0,132.62808227539062,0.5478948821106959,1.4915126322271512,-4.018565007985094,-3.429984982496617,-0.5849024594135139,-0.5427832579015086,0.3701326336091446,3.5836336395795687,-1.287454054547188,2.1748392698901005
51.0,193.0,132.62808227539062,0.5478783960350889,1.4915126322271512,-4.013231974046128,-3.429931259189822,-0.5853959079524219,-0.5427832579015086,0.3720227595107219,3.5836336395795687,-1.2874814237295416,2.1748392698901005
51.0,193.0,132.62808227539062,0.5478948821106959,1.4915126322271512,-4.013322040356646,-3.4299823092542527,-0.5849024594135139,-0.5427832579015086,0.37059461730126,3.5836336395795687,-1.2874818471703546,2.1748392698901005
51.0,193.0,132.62808227539062,0.5479442460587678,1.49151008825493,-4.0168287821850335,-3.429984982496617,-0.5976865291217942,-0.5427832577767248,0.3698882394018333,3.5836336395795687,-1.2592496340822534,2.1759126645516123
51.0,193.0,132.62808227539062,0.547937616529104,1.49151008825493,-4.0168287821850335,-3.429984982496617,-0.5976865291217942,-0.5427832578991345,0.3698882394018333,3.5836336395795687,-1.2866427087170385,2.1759126645516123
51.0,193.0,132.62808227539062,0.5479371659054912,1.4915106906779072,-4.0168287821850335,-3.4349824467745527,-0.5955271495185809,-0.5427832579015086,0.3698882394018333,3.5703208031567057,-1.2854039180628944,2.1750736287977723
51.0,193.0,132.62808227539062,0.5478948821106959,1.4915126322271512,-4.018565007985094,-3.429984982496617,-0.5849038134755663,-0.5427832579015086,0.3530703330578133,3.5836336395795687,-1.2874818471703546,2.1748392698901005
51.0,193.0,132.62808227539062,0.5478948821106959,1.4915121369401692,-4.017412237295675,-3.429984982496617,-0.5860867837023092,-0.5279721935780763,0.3535768109007595,3.5836336395795687,-1.2873476441941856,2.174267131087437
51.0,193.0,132.62808227539062,0.5478779684829103,1.4915100582119574,-4.016556178241865,-3.429931259189822,-0.5853959079524219,-0.5427832579015086,0.3699401538168486,3.5836336395795687,-1.2874814237295416,2.1748339715722382
51.0,193.0,132.62808227539062,0.5478948821106959,1.491510115505245,-4.018565007985094,-3.429984982496617,-0.585550776313577,-0.5279721935780763,0.3532251727814096,3.5836336395795687,-1.287454054547188,2.174196968619919
51.0,193.0,132.62808227539062,0.5478783960350889,1.4915126322271512,-4.0115682631224345,-3.429931259189822,-0.5853959079524219,-0.5427832577720734,0.3720227595107219,3.5836336401050257,-1.2874814237295416,2.1748392698901005
51.0,193.0,132.62808227539062,0.5478777894201731,1.4915126322271512,-4.013098196013769,-3.4348979588315944,-0.5853959079524219,-0.5427832579015086,0.3720227595107219,3.5836336395795687,-1.2853275760651472,2.175045059501364
51.0,193.0,132.62808227539062,0.5478951812995236,1.4915126322271512,-4.018565007985094,-3.429984982496617,-0.5848787132213917,-0.5427832579015086,0.3701326336091446,3.5836336395795687,-1.2874537400465145,2.1748392698901005
51.0,193.0,132.62808227539062,0.5479371659054912,1.49151008825493,-4.0168287821850335,-3.429984982496617,-0.5976865291217942,-0.542783257787162,0.3672821324565222,3.5836336395795687,-1.2874808364368373,2.1750736287977723
51.0,193.0,132.62808227539062,0.5478948821106959,1.4915126322271512,-4.016336684172381,-3.434426143155825,-0.5849038134755663,-0.542783257782956,0.3530703330578133,3.583633585422957,-1.287482651840964,2.176455547875888
51.0,193.0,132.62808227539062,0.5479371659054912,1.4915106906779072,-4.01855497464395,-3.4349824467745527,-0.5955271495185809,-0.5427832579015086,0.3698627616320903,3.57050069664492,-1.2873897371495855,2.1750736287977723
51.0,193.0,132.62808227539062,0.5478948821106959,1.4915126322271512,-4.018565007985094,-3.429984982496617,-0.5849038134755663,-0.5417862759426133,0.3530854246187211,3.5836336395795687,-1.2874818471703546,2.1748678712457337
51.0,193.0,132.62808227539062,0.5478783960350889,1.4915126322271512,-4.0115682631224345,-3.429931259189822,-0.5853959079524219,-0.5427832577720734,0.3720227595107219,3.5836336401050257,-1.2874814237295416,2.1748392698901005
51.0,193.0,132.62808227539062,0.5478783960350889,1.4915126322271512,-4.013231974046128,-3.429931259189822,-0.5853959079524219,-0.5427832579015086,0.3720227595107219,3.5836336395795687,-1.2874814237295416,2.1748392698901005
51.0,193.0,132.62808227539062,0.5478950984988996,1.4915047339481498,-4.018565007985094,-3.429984982496617,-0.5834720788807439,-0.5427832579015086,0.37059461730126,3.5836336395795687,-1.2874818471703546,2.1748392698901005
51.0,193.0,132.62808227539062,0.5478951812995236,1.4915126322271512,-4.018565007985094,-3.429984982496617,-0.5848779094820971,-0.5427832579015086,0.3712595339174763,3.5836336395795687,-1.2874537400465145,2.1748392698901005
51.0,193.0,132.62808227539062,0.5478931777771237,1.4915101485711668,-4.0168287821850335,-3.429984982496617,-0.5977682839019836,-0.542783257901822,0.3698227181191845,3.5836336395795687,-1.2866427087170385,2.1748619574352266
51.0,193.0,132.62808227539062,0.5479449431421275,1.4915089129393202,-4.017770283732102,-3.43453688910242,-0.5854467428281206,-0.542783257773751,0.353354811350459,3.583633584550882,-1.287480815620589,2.17524651555813
51.0,193.0,132.62808227539062,0.5478951812995236,1.4915126322271512,-4.016838815526177,-3.429984982496617,-0.5848787132213917,-0.5427832579015086,0.3701581113788876,3.583453746091355,-1.285467920959823,2.1748392698901005
51.0,193.0,132.62808227539062,0.5478783960350889,1.4915126322271512,-4.013231974046128,-3.429931259189822,-0.5853959079524219,-0.5427832579015086,0.3720227595107219,3.5836336395795687,-1.2874814237295416,2.1748392698901005
51.0,193.0,132.62808227539062,0.5479383768927283,1.4915101155575186,-4.016829557674948,-3.429984982496617,-0.5850526222642735,-0.5279721935780763,0.3532251727814096,3.5836336395795687,-1.2874550421735926,2.17506624229969
51.0,193.0,132.62808227539062,0.5479438126126436,1.4915126322271512,-4.018565007985094,-3.429984982496617,-0.5975194006387133,-0.5427832579015086,0.3701326336091446,3.5836336395795687,-1.2883035972994583,2.1748392698901005
51.0,193.0,132.62808227539062,0.5478948821106959,1.4915126322271512,-4.018565007985094,-3.429984982496617,-0.5849046172148611,-0.5427832579015086,0.3519434327494816,3.5836336395795687,-1.2874818471703546,2.1748392698901005
51.0,193.0,132.62808227539062,0.5479393208626762,1.4915125719109144,-4.040700792776991,-3.4299823092542527,-0.5848207046333247,-0.5427832578988211,0.3706601385839088,3.5836336395795687,-1.2874818471703546,2.1758899770064857
51.0,193.0,132.62808227539062,0.547893240534502,1.4915101155575186,-4.016602115314464,-3.4299850385750648,-0.5850544538520193,-0.542868027407921,0.3532251727814096,3.5836336395795687,-1.2874776621229187,2.174816816413067
51.0,193.0,132.62808227539062,0.5479452929074433,1.491512940693981,-4.0168287821850335,-3.429984982496617,-0.5976865291217942,-0.5427832577767248,0.3701307659505306,3.5836336395795687,-1.2604577640593833,2.174836722732591
51.0,193.0,132.62808227539062,0.5478950265838155,1.491512770167609,-4.018565007985094,-3.429984982496617,-0.5855074512728781,-0.5427832579015086,0.3527487862190276,3.5836336395795687,-1.2874808635451835,2.1748406629564485
51.0,193.0,132.62808227539062,0.547878504885672,1.4915126322271512,-4.013215937589671,-3.429916541685906,-0.5853959079524219,-0.5427832579015086,0.3720227595107219,3.5836336347399445,-1.2874814237295416,2.1765074249396017
51.0,193.0,132.62808227539062,0.5478783960350889,1.4915126322271512,-4.018712072817035,-3.42998471476643,-0.5853852880407711,-0.5427955023696167,0.3720227595107219,3.5836336395795687,-1.2874814237295416,2.1748392698901005
51.0,193.0,132.62808227539062,0.5478779684829103,1.4915100582119574,-4.016556178241865,-3.429931259189822,-0.5853959079524219,-0.5427832579015086,0.3699401538168486,3.5836336395795687,-1.2874814237295416,2.1748339715722382
51.0,193.0,132.62808227539062,0.5478951812995236,1.4915126322271512,-4.018636021066609,-3.429984982496617,-0.5848779094820971,-0.5427832579015086,0.3712595339174763,3.5836336395795687,-1.2874791234900465,2.1748392698901005
51.0,193.0,132.62808227539062,0.5479438126126436,1.4915126322271512,-4.018565007985094,-3.429797029743666,-0.5975194006387133,-0.5427832579015086,0.3701326336091446,3.583631041414792,-1.2883035972994583,2.1748437404861187
51.0,193.0,132.62808227539062,0.5479393208626762,1.491512578734157,-4.040700792776991,-3.429984855905507,-0.5848207046333247,-0.542783257901575,0.370127098797437,3.5836336395795687,-1.2874801288957012,2.1758899770064857
51.0,193.0,132.62808227539062,0.5478779529403618,1.4915101047517092,-4.016563736223173,-3.429931259189822,-0.5853959079524219,-0.5427832579015086,0.3720227595107219,3.5836336395795687,-1.2874814237295416,2.174834069959463
51.0,193.0,132.62808227539062,0.5479371659054912,1.4915126739937374,-4.018641735686635,-3.429984982496617,-0.584232498697843,-0.5427832579015086,0.3698630959681335,3.5836336395795687,-1.2874539373312437,2.1750736287977723
51.0,193.0,132.62808227539062,0.5478751027957012,1.4915089918222544,-4.017770283732102,-3.43453688910242,-0.5854467428281206,-0.5427832578927154,0.353354811350459,3.583633584550882,-1.2874814327830302,2.1748304111604275
51.0,193.0,132.62808227539062,0.5479443307532503,1.4915089129393202,-4.020530599517375,-3.434557513050347,-0.5873265663083467,-0.542783257773751,0.3700575018888117,3.5836336377119413,-1.287454917965219,2.175238943496297
51.0,193.0,132.62808227539062,0.5478941344508481,1.4915097797880998,-4.018565007985094,-3.429984982496617,-0.5848787132213917,-0.5427832579015086,0.3698901070604473,3.5836336395795687,-1.2862456100693846,2.175915211709121
51.0,194.0,132.62808227539062,0.5478948821106959,1.4915126322271512,-4.018565007985094,-3.429984982496617,-0.5849024594135139,-0.5427832579015086,0.3701326336091446,3.5836336395795687,-1.287454054547188,2.1748392698901005
51.0,194.0,132.62808227539062,0.5478948821106959,1.4915126322271512,-4.018565007985094,-3.429984982496617,-0.5849024594135139,-0.5427832579015086,0.37059461730126,3.5836336395795687,-1.2874818471703546,2.1748392698901005
51.0,194.0,132.62808227539062,0.5478948821106959,1.4915125369362046,-4.018565007985094,-3.429984982496617,-0.585550776313577,-0.5279721935780763,0.3535768109007595,3.5836336395795687,-1.287454054547188,2.174267131087437
51.0,194.0,132.62808227539062,0.5479371659054912,1.49151008825493,-4.0168287821850335,-3.429984982496617,-0.5976865291217942,-0.5427832579015086,0.3698882394018333,3.5836336395795687,-1.2874808364368373,2.1750736287977723
51.0,194.0,132.62808227539062,0.5478783960350889,1.4915126322271512,-4.013231974046128,-3.429931259189822,-0.5853959079524219,-0.5427832579015086,0.3720227595107219,3.5836336395795687,-1.2874814237295416,2.1748392698901005
51.0,194.0,132.62808227539062,0.5478948821106959,1.4915126322271512,-4.018565007985094,-3.429984982496617,-0.5849038134755663,-0.5427832579015086,0.3530703330578133,3.5836336395795687,-1.2874818471703546,2.1748392698901005
51.0,194.0,132.62808227539062,0.5478948821106959,1.4915126322271512,-4.016336684172381,-3.434426143155825,-0.5849038134755663,-0.542783257782956,0.3530703330578133,3.583633585422957,-1.2873613426977333,2.1764212863434835
51.0,194.0,132.62808227539062,0.5478948821106959,1.4915126322271512,-4.018565007985094,-3.429984982496617,-0.5849024594135139,-0.5427832579015086,0.3701326336091446,3.5836336395795687,-1.287454054547188,2.1748392698901005
51.0,194.0,132.62808227539062,0.5478783960350889,1.4915126322271512,-4.013231974046128,-3.429931259189822,-0.5853959079524219,-0.5427832579015086,0.3720227595107219,3.5836336395795687,-1.2874814237295416,2.1748392698901005
51.0,194.0,132.62808227539062,0.5478948821106959,1.4915126322271512,-4.013322040356646,-3.4299823092542527,-0.5849024594135139,-0.5427832579015086,0.37059461730126,3.5836336395795687,-1.2874818471703546,2.1748392698901005
51.0,194.0,132.62808227539062,0.5479442460587678,1.49151008825493,-4.0168287821850335,-3.429984982496617,-0.5976865291217942,-0.5427832577767248,0.3698882394018333,3.5836336395795687,-1.2592496340822534,2.1759126645516123
51.0,194.0,132.62808227539062,0.547937616529104,1.49151008825493,-4.0168287821850335,-3.429984982496617,-0.5976865291217942,-0.5427832578991345,0.3698882394018333,3.5836336395795687,-1.2866427087170385,2.1759126645516123
51.0,194.0,132.62808227539062,0.5479371659054912,1.4915106906779072,-4.0168287821850335,-3.4349824467745527,-0.5955271495185809,-0.5427832579015086,0.3698882394018333,3.5703208031567057,-1.2854039180628944,2.1750736287977723
51.0,194.0,132.62808227539062,0.5478948821106959,1.4915126322271512,-4.018565007985094,-3.429984982496617,-0.5849038134755663,-0.5427832579015086,0.3530703330578133,3.5836336395795687,-1.2874818471703546,2.1748392698901005
51.0,194.0,132.62808227539062,0.5478948821106959,1.4915121369401692,-4.017412237295675,-3.429984982496617,-0.5860867837023092,-0.5279721935780763,0.3535768109007595,3.5836336395795687,-1.2873476441941856,2.174267131087437
51.0,194.0,132.62808227539062,0.5478779684829103,1.4915100582119574,-4.016556178241865,-3.429931259189822,-0.5853959079524219,-0.5427832579015086,0.3699401538168486,3.5836336395795687,-1.2874814237295416,2.1748339715722382
51.0,194.0,132.62808227539062,0.5478948821106959,1.491510115505245,-4.018565007985094,-3.429984982496617,-0.585550776313577,-0.5279721935780763,0.3532251727814096,3.5836336395795687,-1.287454054547188,2.174196968619919
51.0,194.0,132.62808227539062,0.5478783960350889,1.4915126322271512,-4.0115682631224345,-3.429931259189822,-0.5853959079524219,-0.5427832577720734,0.3720227595107219,3.5836336401050257,-1.2874814237295416,2.1748392698901005
51.0,194.0,132.62808227539062,0.5478777894201731,1.4915126322271512,-4.013098196013769,-3.4348979588315944,-0.5853959079524219,-0.5427832579015086,0.3720227595107219,3.5836336395795687,-1.2853275760651472,2.175045059501364
51.0,194.0,132.62808227539062,0.5478951812995236,1.4915126322271512,-4.018565007985094,-3.429984982496617,-0.5848787132213917,-0.5427832579015086,0.3701326336091446,3.5836336395795687,-1.2874537400465145,2.1748392698901005
51.0,194.0,132.62808227539062,0.5479371659054912,1.49151008825493,-4.0168287821850335,-3.429984982496617,-0.5976865291217942,-0.542783257787162,0.3672821324565222,3.5836336395795687,-1.2874808364368373,2.1750736287977723
51.0,194.0,132.62808227539062,0.5478948821106959,1.4915126322271512,-4.016336684172381,-3.434426143155825,-0.5849038134755663,-0.542783257782956,0.3530703330578133,3.583633585422957,-1.287482651840964,2.176455547875888
51.0,194.0,132.62808227539062,0.5479371659054912,1.4915106906779072,-4.01855497464395,-3.4349824467745527,-0.5955271495185809,-0.5427832579015086,0.3698627616320903,3.57050069664492,-1.2873897371495855,2.1750736287977723
51.0,194.0,132.62808227539062,0.5478948821106959,1.4915126322271512,-4.018565007985094,-3.429984982496617,-0.5849038134755663,-0.5417862759426133,0.3530854246187211,3.5836336395795687,-1.2874818471703546,2.1748678712457337
51.0,194.0,132.62808227539062,0.5478783960350889,1.4915126322271512,-4.0115682631224345,-3.429931259189822,-0.5853959079524219,-0.5427832577720734,0.3720227595107219,3.5836336401050257,-1.2874814237295416,2.1748392698901005
51.0,194.0,132.62808227539062,0.5478783960350889,1.4915126322271512,-4.013231974046128,-3.429931259189822,-0.5853959079524219,-0.5427832579015086,0.3720227595107219,3.5836336395795687,-1.2874814237295416,2.1748392698901005
51.0,194.0,132.62808227539062,0.5478950984988996,1.4915047339481498,-4.018565007985094,-3.429984982496617,-0.5834720788807439,-0.5427832579015086,0.37059461730126,3.5836336395795687,-1.2874818471703546,2.1748392698901005
51.0,194.0,132.62808227539062,0.5478951812995236,1.4915126322271512,-4.018565007985094,-3.429984982496617,-0.5848779094820971,-0.5427832579015086,0.3712595339174763,3.5836336395795687,-1.2874537400465145,2.1748392698901005
51.0,194.0,132.62808227539062,0.5478931777771237,1.4915101485711668,-4.0168287821850335,-3.429984982496617,-0.5977682839019836,-0.542783257901822,0.3698227181191845,3.5836336395795687,-1.2866427087170385,2.1748619574352266
51.0,194.0,132.62808227539062,0.5479449431421275,1.4915089129393202,-4.017770283732102,-3.43453688910242,-0.5854467428281206,-0.542783257773751,0.353354811350459,3.583633584550882,-1.287480815620589,2.17524651555813
51.0,194.0,132.62808227539062,0.5478951812995236,1.4915126322271512,-4.016838815526177,-3.429984982496617,-0.5848787132213917,-0.5427832579015086,0.3701581113788876,3.583453746091355,-1.285467920959823,2.1748392698901005
51.0,194.0,132.62808227539062,0.5478783960350889,1.4915126322271512,-4.013231974046128,-3.429931259189822,-0.5853959079524219,-0.5427832579015086,0.3720227595107219,3.5836336395795687,-1.2874814237295416,2.1748392698901005
51.0,194.0,132.62808227539062,0.5479383768927283,1.4915101155575186,-4.016829557674948,-3.429984982496617,-0.5850526222642735,-0.5279721935780763,0.3532251727814096,3.5836336395795687,-1.2874550421735926,2.17506624229969
51.0,194.0,132.62808227539062,0.5479438126126436,1.4915126322271512,-4.018565007985094,-3.429984982496617,-0.5975194006387133,-0.5427832579015086,0.3701326336091446,3.5836336395795687,-1.2883035972994583,2.1748392698901005
51.0,194.0,132.62808227539062,0.5478948821106959,1.4915126322271512,-4.018565007985094,-3.429984982496617,-0.5849046172148611,-0.5427832579015086,0.3519434327494816,3.5836336395795687,-1.2874818471703546,2.1748392698901005
51.0,194.0,132.62808227539062,0.5479393208626762,1.4915125719109144,-4.040700792776991,-3.4299823092542527,-0.5848207046333247,-0.5427832578988211,0.3706601385839088,3.5836336395795687,-1.2874818471703546,2.1758899770064857
51.0,194.0,132.62808227539062,0.547893240534502,1.4915101155575186,-4.016602115314464,-3.4299850385750648,-0.5850544538520193,-0.542868027407921,0.3532251727814096,3.5836336395795687,-1.2874776621229187,2.174816816413067
51.0,194.0,132.62808227539062,0.5479452929074433,1.491512940693981,-4.0168287821850335,-3.429984982496617,-0.5976865291217942,-0.5427832577767248,0.3701307659505306,3.5836336395795687,-1.2604577640593833,2.174836722732591
51.0,194.0,132.62808227539062,0.5478950265838155,1.491512770167609,-4.018565007985094,-3.429984982496617,-0.5855074512728781,-0.5427832579015086,0.3527487862190276,3.5836336395795687,-1.2874808635451835,2.1748406629564485
51.0,194.0,132.62808227539062,0.547878504885672,1.4915126322271512,-4.013215937589671,-3.429916541685906,-0.5853959079524219,-0.5427832579015086,0.3720227595107219,3.5836336347399445,-1.2874814237295416,2.1765074249396017
51.0,194.0,132.62808227539062,0.5478783960350889,1.4915126322271512,-4.018712072817035,-3.42998471476643,-0.5853852880407711,-0.5427955023696167,0.3720227595107219,3.5836336395795687,-1.2874814237295416,2.1748392698901005
51.0,194.0,132.62808227539062,0.5478779684829103,1.4915100582119574,-4.016556178241865,-3.429931259189822,-0.5853959079524219,-0.5427832579015086,0.3699401538168486,3.5836336395795687,-1.2874814237295416,2.1748339715722382
51.0,194.0,132.62808227539062,0.5478951812995236,1.4915126322271512,-4.018636021066609,-3.429984982496617,-0.5848779094820971,-0.5427832579015086,0.3712595339174763,3.5836336395795687,-1.2874791234900465,2.1748392698901005
51.0,194.0,132.62808227539062,0.5479438126126436,1.4915126322271512,-4.018565007985094,-3.429797029743666,-0.5975194006387133,-0.5427832579015086,0.3701326336091446,3.583631041414792,-1.2883035972994583,2.1748437404861187
51.0,194.0,132.62808227539062,0.5479393208626762,1.491512578734157,-4.040700792776991,-3.429984855905507,-0.5848207046333247,-0.542783257901575,0.370127098797437,3.5836336395795687,-1.2874801288957012,2.1758899770064857
51.0,194.0,132.62808227539062,0.5478779529403618,1.4915101047517092,-4.016563736223173,-3.429931259189822,-0.5853959079524219,-0.5427832579015086,0.3720227595107219,3.5836336395795687,-1.2874814237295416,2.174834069959463
51.0,194.0,132.62808227539062,0.5479371659054912,1.4915126739937374,-4.018641735686635,-3.429984982496617,-0.584232498697843,-0.5427832579015086,0.3698630959681335,3.5836336395795687,-1.2874539373312437,2.1750736287977723
51.0,194.0,132.62808227539062,0.5478751027957012,1.4915089918222544,-4.017770283732102,-3.43453688910242,-0.5854467428281206,-0.5427832578927154,0.353354811350459,3.583633584550882,-1.2874814327830302,2.1748304111604275
51.0,194.0,132.62808227539062,0.5479443307532503,1.4915089129393202,-4.020530599517375,-3.434557513050347,-0.5873265663083467,-0.542783257773751,0.3700575018888117,3.5836336377119413,-1.287454917965219,2.175238943496297
51.0,194.0,132.62808227539062,0.5478941344508481,1.4915097797880998,-4.018565007985094,-3.429984982496617,-0.5848787132213917,-0.5427832579015086,0.3698901070604473,3.5836336395795687,-1.2862456100693846,2.175915211709121
51.0,195.0,132.62808227539062,0.5478948821106959,1.4915126322271512,-4.018565007985094,-3.429984982496617,-0.5849024594135139,-0.5427832579015086,0.3701326336091446,3.5836336395795687,-1.287454054547188,2.1748392698901005
51.0,195.0,132.62808227539062,0.5478948821106959,1.4915126322271512,-4.018565007985094,-3.429984982496617,-0.5849024594135139,-0.5427832579015086,0.37059461730126,3.5836336395795687,-1.2874818471703546,2.1748392698901005
51.0,195.0,132.62808227539062,0.5478948821106959,1.4915125369362046,-4.018565007985094,-3.429984982496617,-0.585550776313577,-0.5279721935780763,0.3535768109007595,3.5836336395795687,-1.287454054547188,2.174267131087437
51.0,195.0,132.62808227539062,0.5479371659054912,1.49151008825493,-4.0168287821850335,-3.429984982496617,-0.5976865291217942,-0.5427832579015086,0.3698882394018333,3.5836336395795687,-1.2874808364368373,2.1750736287977723
51.0,195.0,132.62808227539062,0.5478783960350889,1.4915126322271512,-4.013231974046128,-3.429931259189822,-0.5853959079524219,-0.5427832579015086,0.3720227595107219,3.5836336395795687,-1.2874814237295416,2.1748392698901005
51.0,195.0,132.62808227539062,0.5478948821106959,1.4915126322271512,-4.018565007985094,-3.429984982496617,-0.5849038134755663,-0.5427832579015086,0.3530703330578133,3.5836336395795687,-1.2874818471703546,2.1748392698901005
51.0,195.0,132.62808227539062,0.5478948821106959,1.4915126322271512,-4.016336684172381,-3.434426143155825,-0.5849038134755663,-0.542783257782956,0.3530703330578133,3.583633585422957,-1.2873613426977333,2.1764212863434835
51.0,195.0,132.62808227539062,0.5478948821106959,1.4915126322271512,-4.018565007985094,-3.429984982496617,-0.5849024594135139,-0.5427832579015086,0.3701326336091446,3.5836336395795687,-1.287454054547188,2.1748392698901005
51.0,195.0,132.62808227539062,0.5478783960350889,1.4915126322271512,-4.013231974046128,-3.429931259189822,-0.5853959079524219,-0.5427832579015086,0.3720227595107219,3.5836336395795687,-1.2874814237295416,2.1748392698901005
51.0,195.0,132.62808227539062,0.5478948821106959,1.4915126322271512,-4.013322040356646,-3.4299823092542527,-0.5849024594135139,-0.5427832579015086,0.37059461730126,3.5836336395795687,-1.2874818471703546,2.1748392698901005
51.0,195.0,132.62808227539062,0.5479442460587678,1.49151008825493,-4.0168287821850335,-3.429984982496617,-0.5976865291217942,-0.5427832577767248,0.3698882394018333,3.5836336395795687,-1.2592496340822534,2.1759126645516123
51.0,195.0,132.62808227539062,0.547937616529104,1.49151008825493,-4.0168287821850335,-3.429984982496617,-0.5976865291217942,-0.5427832578991345,0.3698882394018333,3.5836336395795687,-1.2866427087170385,2.1759126645516123
51.0,195.0,132.62808227539062,0.5479371659054912,1.4915106906779072,-4.0168287821850335,-3.4349824467745527,-0.5955271495185809,-0.5427832579015086,0.3698882394018333,3.5703208031567057,-1.2854039180628944,2.1750736287977723
51.0,195.0,132.62808227539062,0.5478948821106959,1.4915126322271512,-4.018565007985094,-3.429984982496617,-0.5849038134755663,-0.5427832579015086,0.3530703330578133,3.5836336395795687,-1.2874818471703546,2.1748392698901005
51.0,195.0,132.62808227539062,0.5478948821106959,1.4915121369401692,-4.017412237295675,-3.429984982496617,-0.5860867837023092,-0.5279721935780763,0.3535768109007595,3.5836336395795687,-1.2873476441941856,2.174267131087437
51.0,195.0,132.62808227539062,0.5478779684829103,1.4915100582119574,-4.016556178241865,-3.429931259189822,-0.5853959079524219,-0.5427832579015086,0.3699401538168486,3.5836336395795687,-1.2874814237295416,2.1748339715722382
51.0,195.0,132.62808227539062,0.5478948821106959,1.491510115505245,-4.018565007985094,-3.429984982496617,-0.585550776313577,-0.5279721935780763,0.3532251727814096,3.5836336395795687,-1.287454054547188,2.174196968619919
51.0,195.0,132.62808227539062,0.5478783960350889,1.4915126322271512,-4.0115682631224345,-3.429931259189822,-0.5853959079524219,-0.5427832577720734,0.3720227595107219,3.5836336401050257,-1.2874814237295416,2.1748392698901005
51.0,195.0,132.62808227539062,0.5478777894201731,1.4915126322271512,-4.013098196013769,-3.4348979588315944,-0.5853959079524219,-0.5427832579015086,0.3720227595107219,3.5836336395795687,-1.2853275760651472,2.175045059501364
51.0,195.0,132.62808227539062,0.5478951812995236,1.4915126322271512,-4.018565007985094,-3.429984982496617,-0.5848787132213917,-0.5427832579015086,0.3701326336091446,3.5836336395795687,-1.2874537400465145,2.1748392698901005
51.0,195.0,132.62808227539062,0.5479371659054912,1.49151008825493,-4.0168287821850335,-3.429984982496617,-0.5976865291217942,-0.542783257787162,0.3672821324565222,3.5836336395795687,-1.2874808364368373,2.1750736287977723
51.0,195.0,132.62808227539062,0.5478948821106959,1.4915126322271512,-4.016336684172381,-3.434426143155825,-0.5849038134755663,-0.542783257782956,0.3530703330578133,3.583633585422957,-1.287482651840964,2.176455547875888
51.0,195.0,132.62808227539062,0.5479371659054912,1.4915106906779072,-4.01855497464395,-3.4349824467745527,-0.5955271495185809,-0.5427832579015086,0.3698627616320903,3.57050069664492,-1.2873897371495855,2.1750736287977723
51.0,195.0,132.62808227539062,0.5478948821106959,1.4915126322271512,-4.018565007985094,-3.429984982496617,-0.5849038134755663,-0.5417862759426133,0.3530854246187211,3.5836336395795687,-1.2874818471703546,2.1748678712457337
51.0,195.0,132.62808227539062,0.5478783960350889,1.4915126322271512,-4.0115682631224345,-3.429931259189822,-0.5853959079524219,-0.5427832577720734,0.3720227595107219,3.5836336401050257,-1.2874814237295416,2.1748392698901005
51.0,195.0,132.62808227539062,0.5478783960350889,1.4915126322271512,-4.013231974046128,-3.429931259189822,-0.5853959079524219,-0.5427832579015086,0.3720227595107219,3.5836336395795687,-1.2874814237295416,2.1748392698901005
51.0,195.0,132.62808227539062,0.5478950984988996,1.4915047339481498,-4.018565007985094,-3.429984982496617,-0.5834720788807439,-0.5427832579015086,0.37059461730126,3.5836336395795687,-1.2874818471703546,2.1748392698901005
51.0,195.0,132.62808227539062,0.5478951812995236,1.4915126322271512,-4.018565007985094,-3.429984982496617,-0.5848779094820971,-0.5427832579015086,0.3712595339174763,3.5836336395795687,-1.2874537400465145,2.1748392698901005
51.0,195.0,132.62808227539062,0.5478931777771237,1.4915101485711668,-4.0168287821850335,-3.429984982496617,-0.5977682839019836,-0.542783257901822,0.3698227181191845,3.5836336395795687,-1.2866427087170385,2.1748619574352266
51.0,195.0,132.62808227539062,0.5479449431421275,1.4915089129393202,-4.017770283732102,-3.43453688910242,-0.5854467428281206,-0.542783257773751,0.353354811350459,3.583633584550882,-1.287480815620589,2.17524651555813
51.0,195.0,132.62808227539062,0.5478951812995236,1.4915126322271512,-4.016838815526177,-3.429984982496617,-0.5848787132213917,-0.5427832579015086,0.3701581113788876,3.583453746091355,-1.285467920959823,2.1748392698901005
51.0,195.0,132.62808227539062,0.5478783960350889,1.4915126322271512,-4.013231974046128,-3.429931259189822,-0.5853959079524219,-0.5427832579015086,0.3720227595107219,3.5836336395795687,-1.2874814237295416,2.1748392698901005
51.0,195.0,132.62808227539062,0.5479383768927283,1.4915101155575186,-4.016829557674948,-3.429984982496617,-0.5850526222642735,-0.5279721935780763,0.3532251727814096,3.5836336395795687,-1.2874550421735926,2.17506624229969
51.0,195.0,132.62808227539062,0.5479438126126436,1.4915126322271512,-4.018565007985094,-3.429984982496617,-0.5975194006387133,-0.5427832579015086,0.3701326336091446,3.5836336395795687,-1.2883035972994583,2.1748392698901005
51.0,195.0,132.62808227539062,0.5478948821106959,1.4915126322271512,-4.018565007985094,-3.429984982496617,-0.5849046172148611,-0.5427832579015086,0.3519434327494816,3.5836336395795687,-1.2874818471703546,2.1748392698901005
51.0,195.0,132.62808227539062,0.5479393208626762,1.4915125719109144,-4.040700792776991,-3.4299823092542527,-0.5848207046333247,-0.5427832578988211,0.3706601385839088,3.5836336395795687,-1.2874818471703546,2.1758899770064857
51.0,195.0,132.62808227539062,0.547893240534502,1.4915101155575186,-4.016602115314464,-3.4299850385750648,-0.5850544538520193,-0.542868027407921,0.3532251727814096,3.5836336395795687,-1.2874776621229187,2.174816816413067
51.0,195.0,132.62808227539062,0.5479452929074433,1.491512940693981,-4.0168287821850335,-3.429984982496617,-0.5976865291217942,-0.5427832577767248,0.3701307659505306,3.5836336395795687,-1.2604577640593833,2.174836722732591
51.0,195.0,132.62808227539062,0.5478950265838155,1.491512770167609,-4.018565007985094,-3.429984982496617,-0.5855074512728781,-0.5427832579015086,0.3527487862190276,3.5836336395795687,-1.2874808635451835,2.1748406629564485
51.0,195.0,132.62808227539062,0.547878504885672,1.4915126322271512,-4.013215937589671,-3.429916541685906,-0.5853959079524219,-0.5427832579015086,0.3720227595107219,3.5836336347399445,-1.2874814237295416,2.1765074249396017
51.0,195.0,132.62808227539062,0.5478783960350889,1.4915126322271512,-4.018712072817035,-3.42998471476643,-0.5853852880407711,-0.5427955023696167,0.3720227595107219,3.5836336395795687,-1.2874814237295416,2.1748392698901005
51.0,195.0,132.62808227539062,0.5478779684829103,1.4915100582119574,-4.016556178241865,-3.429931259189822,-0.5853959079524219,-0.5427832579015086,0.3699401538168486,3.5836336395795687,-1.2874814237295416,2.1748339715722382
51.0,195.0,132.62808227539062,0.5478951812995236,1.4915126322271512,-4.018636021066609,-3.429984982496617,-0.5848779094820971,-0.5427832579015086,0.3712595339174763,3.5836336395795687,-1.2874791234900465,2.1748392698901005
51.0,195.0,132.62808227539062,0.5479438126126436,1.4915126322271512,-4.018565007985094,-3.429797029743666,-0.5975194006387133,-0.5427832579015086,0.3701326336091446,3.583631041414792,-1.2883035972994583,2.1748437404861187
51.0,195.0,132.62808227539062,0.5479393208626762,1.491512578734157,-4.040700792776991,-3.429984855905507,-0.5848207046333247,-0.542783257901575,0.370127098797437,3.5836336395795687,-1.2874801288957012,2.1758899770064857
51.0,195.0,132.62808227539062,0.5478779529403618,1.4915101047517092,-4.016563736223173,-3.429931259189822,-0.5853959079524219,-0.5427832579015086,0.3720227595107219,3.5836336395795687,-1.2874814237295416,2.174834069959463
51.0,195.0,132.62808227539062,0.5479371659054912,1.4915126739937374,-4.018641735686635,-3.429984982496617,-0.584232498697843,-0.5427832579015086,0.3698630959681335,3.5836336395795687,-1.2874539373312437,2.1750736287977723
51.0,195.0,132.62808227539062,0.5478751027957012,1.4915089918222544,-4.017770283732102,-3.43453688910242,-0.5854467428281206,-0.5427832578927154,0.353354811350459,3.583633584550882,-1.2874814327830302,2.1748304111604275
51.0,195.0,132.62808227539062,0.5479443307532503,1.4915089129393202,-4.020530599517375,-3.434557513050347,-0.5873265663083467,-0.542783257773751,0.3700575018888117,3.5836336377119413,-1.287454917965219,2.175238943496297
51.0,195.0,132.62808227539062,0.5478941344508481,1.4915097797880998,-4.018565007985094,-3.429984982496617,-0.5848787132213917,-0.5427832579015086,0.3698901070604473,3.5836336395795687,-1.2862456100693846,2.175915211709121
51.0,196.0,132.62808227539062,0.5478948821106959,1.4915126322271512,-4.018565007985094,-3.429984982496617,-0.5849024594135139,-0.5427832579015086,0.3701326336091446,3.5836336395795687,-1.287454054547188,2.1748392698901005
51.0,196.0,132.62808227539062,0.5478948821106959,1.4915126322271512,-4.018565007985094,-3.429984982496617,-0.5849024594135139,-0.5427832579015086,0.37059461730126,3.5836336395795687,-1.2874818471703546,2.1748392698901005
51.0,196.0,132.62808227539062,0.5478948821106959,1.4915125369362046,-4.018565007985094,-3.429984982496617,-0.585550776313577,-0.5279721935780763,0.3535768109007595,3.5836336395795687,-1.287454054547188,2.174267131087437
51.0,196.0,132.62808227539062,0.5479371659054912,1.49151008825493,-4.0168287821850335,-3.429984982496617,-0.5976865291217942,-0.5427832579015086,0.3698882394018333,3.5836336395795687,-1.2874808364368373,2.1750736287977723
51.0,196.0,132.62808227539062,0.5478783960350889,1.4915126322271512,-4.013231974046128,-3.429931259189822,-0.5853959079524219,-0.5427832579015086,0.3720227595107219,3.5836336395795687,-1.2874814237295416,2.1748392698901005
51.0,196.0,132.62808227539062,0.5478948821106959,1.4915126322271512,-4.018565007985094,-3.429984982496617,-0.5849038134755663,-0.5427832579015086,0.3530703330578133,3.5836336395795687,-1.2874818471703546,2.1748392698901005
51.0,196.0,132.62808227539062,0.5478948821106959,1.4915126322271512,-4.016336684172381,-3.434426143155825,-0.5849038134755663,-0.542783257782956,0.3530703330578133,3.583633585422957,-1.2873613426977333,2.1764212863434835
51.0,196.0,132.62808227539062,0.5478948821106959,1.4915126322271512,-4.018565007985094,-3.429984982496617,-0.5849024594135139,-0.5427832579015086,0.3701326336091446,3.5836336395795687,-1.287454054547188,2.1748392698901005
51.0,196.0,132.62808227539062,0.5478783960350889,1.4915126322271512,-4.013231974046128,-3.429931259189822,-0.5853959079524219,-0.5427832579015086,0.3720227595107219,3.5836336395795687,-1.2874814237295416,2.1748392698901005
51.0,196.0,132.62808227539062,0.5478948821106959,1.4915126322271512,-4.013322040356646,-3.4299823092542527,-0.5849024594135139,-0.5427832579015086,0.37059461730126,3.5836336395795687,-1.2874818471703546,2.1748392698901005
51.0,196.0,132.62808227539062,0.5479442460587678,1.49151008825493,-4.0168287821850335,-3.429984982496617,-0.5976865291217942,-0.5427832577767248,0.3698882394018333,3.5836336395795687,-1.2592496340822534,2.1759126645516123
51.0,196.0,132.62808227539062,0.547937616529104,1.49151008825493,-4.0168287821850335,-3.429984982496617,-0.5976865291217942,-0.5427832578991345,0.3698882394018333,3.5836336395795687,-1.2866427087170385,2.1759126645516123
51.0,196.0,132.62808227539062,0.5479371659054912,1.4915106906779072,-4.0168287821850335,-3.4349824467745527,-0.5955271495185809,-0.5427832579015086,0.3698882394018333,3.5703208031567057,-1.2854039180628944,2.1750736287977723
51.0,196.0,132.62808227539062,0.5478948821106959,1.4915126322271512,-4.018565007985094,-3.429984982496617,-0.5849038134755663,-0.5427832579015086,0.3530703330578133,3.5836336395795687,-1.2874818471703546,2.1748392698901005
51.0,196.0,132.62808227539062,0.5478948821106959,1.4915121369401692,-4.017412237295675,-3.429984982496617,-0.5860867837023092,-0.5279721935780763,0.3535768109007595,3.5836336395795687,-1.2873476441941856,2.174267131087437
51.0,196.0,132.62808227539062,0.5478779684829103,1.4915100582119574,-4.016556178241865,-3.429931259189822,-0.5853959079524219,-0.5427832579015086,0.3699401538168486,3.5836336395795687,-1.2874814237295416,2.1748339715722382
51.0,196.0,132.62808227539062,0.5478948821106959,1.491510115505245,-4.018565007985094,-3.429984982496617,-0.585550776313577,-0.5279721935780763,0.3532251727814096,3.5836336395795687,-1.287454054547188,2.174196968619919
51.0,196.0,132.62808227539062,0.5478783960350889,1.4915126322271512,-4.0115682631224345,-3.429931259189822,-0.5853959079524219,-0.5427832577720734,0.3720227595107219,3.5836336401050257,-1.2874814237295416,2.1748392698901005
51.0,196.0,132.62808227539062,0.5478777894201731,1.4915126322271512,-4.013098196013769,-3.4348979588315944,-0.5853959079524219,-0.5427832579015086,0.3720227595107219,3.5836336395795687,-1.2853275760651472,2.175045059501364
51.0,196.0,132.62808227539062,0.5478951812995236,1.4915126322271512,-4.018565007985094,-3.429984982496617,-0.5848787132213917,-0.5427832579015086,0.3701326336091446,3.5836336395795687,-1.2874537400465145,2.1748392698901005
51.0,196.0,132.62808227539062,0.5479371659054912,1.49151008825493,-4.0168287821850335,-3.429984982496617,-0.5976865291217942,-0.542783257787162,0.3672821324565222,3.5836336395795687,-1.2874808364368373,2.1750736287977723
51.0,196.0,132.62808227539062,0.5478948821106959,1.4915126322271512,-4.016336684172381,-3.434426143155825,-0.5849038134755663,-0.542783257782956,0.3530703330578133,3.583633585422957,-1.287482651840964,2.176455547875888
51.0,196.0,132.62808227539062,0.5479371659054912,1.4915106906779072,-4.01855497464395,-3.4349824467745527,-0.5955271495185809,-0.5427832579015086,0.3698627616320903,3.57050069664492,-1.2873897371495855,2.1750736287977723
51.0,196.0,132.62808227539062,0.5478948821106959,1.4915126322271512,-4.018565007985094,-3.429984982496617,-0.5849038134755663,-0.5417862759426133,0.3530854246187211,3.5836336395795687,-1.2874818471703546,2.1748678712457337
51.0,196.0,132.62808227539062,0.5478783960350889,1.4915126322271512,-4.0115682631224345,-3.429931259189822,-0.5853959079524219,-0.5427832577720734,0.3720227595107219,3.5836336401050257,-1.2874814237295416,2.1748392698901005
51.0,196.0,132.62808227539062,0.5478783960350889,1.4915126322271512,-4.013231974046128,-3.429931259189822,-0.5853959079524219,-0.5427832579015086,0.3720227595107219,3.5836336395795687,-1.2874814237295416,2.1748392698901005
51.0,196.0,132.62808227539062,0.5478950984988996,1.4915047339481498,-4.018565007985094,-3.429984982496617,-0.5834720788807439,-0.5427832579015086,0.37059461730126,3.5836336395795687,-1.2874818471703546,2.1748392698901005
51.0,196.0,132.62808227539062,0.5478951812995236,1.4915126322271512,-4.018565007985094,-3.429984982496617,-0.5848779094820971,-0.5427832579015086,0.3712595339174763,3.5836336395795687,-1.2874537400465145,2.1748392698901005
51.0,196.0,132.62808227539062,0.5478931777771237,1.4915101485711668,-4.0168287821850335,-3.429984982496617,-0.5977682839019836,-0.542783257901822,0.3698227181191845,3.5836336395795687,-1.2866427087170385,2.1748619574352266
51.0,196.0,132.62808227539062,0.5479449431421275,1.4915089129393202,-4.017770283732102,-3.43453688910242,-0.5854467428281206,-0.542783257773751,0.353354811350459,3.583633584550882,-1.287480815620589,2.17524651555813
51.0,196.0,132.62808227539062,0.5478951812995236,1.4915126322271512,-4.016838815526177,-3.429984982496617,-0.5848787132213917,-0.5427832579015086,0.3701581113788876,3.583453746091355,-1.285467920959823,2.1748392698901005
51.0,196.0,132.62808227539062,0.5478783960350889,1.4915126322271512,-4.013231974046128,-3.429931259189822,-0.5853959079524219,-0.5427832579015086,0.3720227595107219,3.5836336395795687,-1.2874814237295416,2.1748392698901005
51.0,196.0,132.62808227539062,0.5479383768927283,1.4915101155575186,-4.016829557674948,-3.429984982496617,-0.5850526222642735,-0.5279721935780763,0.3532251727814096,3.5836336395795687,-1.2874550421735926,2.17506624229969
51.0,196.0,132.62808227539062,0.5479438126126436,1.4915126322271512,-4.018565007985094,-3.429984982496617,-0.5975194006387133,-0.5427832579015086,0.3701326336091446,3.5836336395795687,-1.2883035972994583,2.1748392698901005
51.0,196.0,132.62808227539062,0.5478948821106959,1.4915126322271512,-4.018565007985094,-3.429984982496617,-0.5849046172148611,-0.5427832579015086,0.3519434327494816,3.5836336395795687,-1.2874818471703546,2.1748392698901005
51.0,196.0,132.62808227539062,0.5479393208626762,1.4915125719109144,-4.040700792776991,-3.4299823092542527,-0.5848207046333247,-0.5427832578988211,0.3706601385839088,3.5836336395795687,-1.2874818471703546,2.1758899770064857
51.0,196.0,132.62808227539062,0.547893240534502,1.4915101155575186,-4.016602115314464,-3.4299850385750648,-0.5850544538520193,-0.542868027407921,0.3532251727814096,3.5836336395795687,-1.2874776621229187,2.174816816413067
51.0,196.0,132.62808227539062,0.5479452929074433,1.491512940693981,-4.0168287821850335,-3.429984982496617,-0.5976865291217942,-0.5427832577767248,0.3701307659505306,3.5836336395795687,-1.2604577640593833,2.174836722732591
51.0,196.0,132.62808227539062,0.5478950265838155,1.491512770167609,-4.018565007985094,-3.429984982496617,-0.5855074512728781,-0.5427832579015086,0.3527487862190276,3.5836336395795687,-1.2874808635451835,2.1748406629564485
51.0,196.0,132.62808227539062,0.547878504885672,1.4915126322271512,-4.013215937589671,-3.429916541685906,-0.5853959079524219,-0.5427832579015086,0.3720227595107219,3.5836336347399445,-1.2874814237295416,2.1765074249396017
51.0,196.0,132.62808227539062,0.5478783960350889,1.4915126322271512,-4.018712072817035,-3.42998471476643,-0.5853852880407711,-0.5427955023696167,0.3720227595107219,3.5836336395795687,-1.2874814237295416,2.1748392698901005
51.0,196.0,132.62808227539062,0.5478779684829103,1.4915100582119574,-4.016556178241865,-3.429931259189822,-0.5853959079524219,-0.5427832579015086,0.3699401538168486,3.5836336395795687,-1.2874814237295416,2.1748339715722382
51.0,196.0,132.62808227539062,0.5478951812995236,1.4915126322271512,-4.018636021066609,-3.429984982496617,-0.5848779094820971,-0.5427832579015086,0.3712595339174763,3.5836336395795687,-1.2874791234900465,2.1748392698901005
51.0,196.0,132.62808227539062,0.5479438126126436,1.4915126322271512,-4.018565007985094,-3.429797029743666,-0.5975194006387133,-0.5427832579015086,0.3701326336091446,3.583631041414792,-1.2883035972994583,2.1748437404861187
51.0,196.0,132.62808227539062,0.5479393208626762,1.491512578734157,-4.040700792776991,-3.429984855905507,-0.5848207046333247,-0.542783257901575,0.370127098797437,3.5836336395795687,-1.2874801288957012,2.1758899770064857
51.0,196.0,132.62808227539062,0.5478779529403618,1.4915101047517092,-4.016563736223173,-3.429931259189822,-0.5853959079524219,-0.5427832579015086,0.3720227595107219,3.5836336395795687,-1.2874814237295416,2.174834069959463
51.0,196.0,132.62808227539062,0.5479371659054912,1.4915126739937374,-4.018641735686635,-3.429984982496617,-0.584232498697843,-0.5427832579015086,0.3698630959681335,3.5836336395795687,-1.2874539373312437,2.1750736287977723
51.0,196.0,132.62808227539062,0.5478751027957012,1.4915089918222544,-4.017770283732102,-3.43453688910242,-0.5854467428281206,-0.5427832578927154,0.353354811350459,3.583633584550882,-1.2874814327830302,2.1748304111604275
51.0,196.0,132.62808227539062,0.5479443307532503,1.4915089129393202,-4.020530599517375,-3.434557513050347,-0.5873265663083467,-0.542783257773751,0.3700575018888117,3.5836336377119413,-1.287454917965219,2.175238943496297
51.0,196.0,132.62808227539062,0.5478941344508481,1.4915097797880998,-4.018565007985094,-3.429984982496617,-0.5848787132213917,-0.5427832579015086,0.3698901070604473,3.5836336395795687,-1.2862456100693846,2.175915211709121
51.0,197.0,132.62808227539062,0.5478948821106959,1.4915126322271512,-4.018565007985094,-3.429984982496617,-0.5849024594135139,-0.5427832579015086,0.3701326336091446,3.5836336395795687,-1.287454054547188,2.1748392698901005
51.0,197.0,132.62808227539062,0.5478948821106959,1.4915126322271512,-4.018565007985094,-3.429984982496617,-0.5849024594135139,-0.5427832579015086,0.37059461730126,3.5836336395795687,-1.2874818471703546,2.1748392698901005
51.0,197.0,132.62808227539062,0.5478948821106959,1.4915125369362046,-4.018565007985094,-3.429984982496617,-0.585550776313577,-0.5279721935780763,0.3535768109007595,3.5836336395795687,-1.287454054547188,2.174267131087437
51.0,197.0,132.62808227539062,0.5479371659054912,1.49151008825493,-4.0168287821850335,-3.429984982496617,-0.5976865291217942,-0.5427832579015086,0.3698882394018333,3.5836336395795687,-1.2874808364368373,2.1750736287977723
51.0,197.0,132.62808227539062,0.5478783960350889,1.4915126322271512,-4.013231974046128,-3.429931259189822,-0.5853959079524219,-0.5427832579015086,0.3720227595107219,3.5836336395795687,-1.2874814237295416,2.1748392698901005
51.0,197.0,132.62808227539062,0.5478948821106959,1.4915126322271512,-4.018565007985094,-3.429984982496617,-0.5849038134755663,-0.5427832579015086,0.3530703330578133,3.5836336395795687,-1.2874818471703546,2.1748392698901005
51.0,197.0,132.62808227539062,0.5478948821106959,1.4915126322271512,-4.016336684172381,-3.434426143155825,-0.5849038134755663,-0.542783257782956,0.3530703330578133,3.583633585422957,-1.2873613426977333,2.1764212863434835
51.0,197.0,132.62808227539062,0.5478948821106959,1.4915126322271512,-4.018565007985094,-3.429984982496617,-0.5849024594135139,-0.5427832579015086,0.3701326336091446,3.5836336395795687,-1.287454054547188,2.1748392698901005
51.0,197.0,132.62808227539062,0.5478783960350889,1.4915126322271512,-4.013231974046128,-3.429931259189822,-0.5853959079524219,-0.5427832579015086,0.3720227595107219,3.5836336395795687,-1.2874814237295416,2.1748392698901005
51.0,197.0,132.62808227539062,0.5478948821106959,1.4915126322271512,-4.013322040356646,-3.4299823092542527,-0.5849024594135139,-0.5427832579015086,0.37059461730126,3.5836336395795687,-1.2874818471703546,2.1748392698901005
51.0,197.0,132.62808227539062,0.5479442460587678,1.49151008825493,-4.0168287821850335,-3.429984982496617,-0.5976865291217942,-0.5427832577767248,0.3698882394018333,3.5836336395795687,-1.2592496340822534,2.1759126645516123
51.0,197.0,132.62808227539062,0.547937616529104,1.49151008825493,-4.0168287821850335,-3.429984982496617,-0.5976865291217942,-0.5427832578991345,0.3698882394018333,3.5836336395795687,-1.2866427087170385,2.1759126645516123
51.0,197.0,132.62808227539062,0.5479371659054912,1.4915106906779072,-4.0168287821850335,-3.4349824467745527,-0.5955271495185809,-0.5427832579015086,0.3698882394018333,3.5703208031567057,-1.2854039180628944,2.1750736287977723
51.0,197.0,132.62808227539062,0.5478948821106959,1.4915126322271512,-4.018565007985094,-3.429984982496617,-0.5849038134755663,-0.5427832579015086,0.3530703330578133,3.5836336395795687,-1.2874818471703546,2.1748392698901005
51.0,197.0,132.62808227539062,0.5478948821106959,1.4915121369401692,-4.017412237295675,-3.429984982496617,-0.5860867837023092,-0.5279721935780763,0.3535768109007595,3.5836336395795687,-1.2873476441941856,2.174267131087437
51.0,197.0,132.62808227539062,0.5478779684829103,1.4915100582119574,-4.016556178241865,-3.429931259189822,-0.5853959079524219,-0.5427832579015086,0.3699401538168486,3.5836336395795687,-1.2874814237295416,2.1748339715722382
51.0,197.0,132.62808227539062,0.5478948821106959,1.491510115505245,-4.018565007985094,-3.429984982496617,-0.585550776313577,-0.5279721935780763,0.3532251727814096,3.5836336395795687,-1.287454054547188,2.174196968619919
51.0,197.0,132.62808227539062,0.5478783960350889,1.4915126322271512,-4.0115682631224345,-3.429931259189822,-0.5853959079524219,-0.5427832577720734,0.3720227595107219,3.5836336401050257,-1.2874814237295416,2.1748392698901005
51.0,197.0,132.62808227539062,0.5478777894201731,1.4915126322271512,-4.013098196013769,-3.4348979588315944,-0.5853959079524219,-0.5427832579015086,0.3720227595107219,3.5836336395795687,-1.2853275760651472,2.175045059501364
51.0,197.0,132.62808227539062,0.5478951812995236,1.4915126322271512,-4.018565007985094,-3.429984982496617,-0.5848787132213917,-0.5427832579015086,0.3701326336091446,3.5836336395795687,-1.2874537400465145,2.1748392698901005
51.0,197.0,132.62808227539062,0.5479371659054912,1.49151008825493,-4.0168287821850335,-3.429984982496617,-0.5976865291217942,-0.542783257787162,0.3672821324565222,3.5836336395795687,-1.2874808364368373,2.1750736287977723
51.0,197.0,132.62808227539062,0.5478948821106959,1.4915126322271512,-4.016336684172381,-3.434426143155825,-0.5849038134755663,-0.542783257782956,0.3530703330578133,3.583633585422957,-1.287482651840964,2.176455547875888
51.0,197.0,132.62808227539062,0.5479371659054912,1.4915106906779072,-4.01855497464395,-3.4349824467745527,-0.5955271495185809,-0.5427832579015086,0.3698627616320903,3.57050069664492,-1.2873897371495855,2.1750736287977723
51.0,197.0,132.62808227539062,0.5478948821106959,1.4915126322271512,-4.018565007985094,-3.429984982496617,-0.5849038134755663,-0.5417862759426133,0.3530854246187211,3.5836336395795687,-1.2874818471703546,2.1748678712457337
51.0,197.0,132.62808227539062,0.5478783960350889,1.4915126322271512,-4.0115682631224345,-3.429931259189822,-0.5853959079524219,-0.5427832577720734,0.3720227595107219,3.5836336401050257,-1.2874814237295416,2.1748392698901005
51.0,197.0,132.62808227539062,0.5478783960350889,1.4915126322271512,-4.013231974046128,-3.429931259189822,-0.5853959079524219,-0.5427832579015086,0.3720227595107219,3.5836336395795687,-1.2874814237295416,2.1748392698901005
51.0,197.0,132.62808227539062,0.5478950984988996,1.4915047339481498,-4.018565007985094,-3.429984982496617,-0.5834720788807439,-0.5427832579015086,0.37059461730126,3.5836336395795687,-1.2874818471703546,2.1748392698901005
51.0,197.0,132.62808227539062,0.5478951812995236,1.4915126322271512,-4.018565007985094,-3.429984982496617,-0.5848779094820971,-0.5427832579015086,0.3712595339174763,3.5836336395795687,-1.2874537400465145,2.1748392698901005
51.0,197.0,132.62808227539062,0.5478931777771237,1.4915101485711668,-4.0168287821850335,-3.429984982496617,-0.5977682839019836,-0.542783257901822,0.3698227181191845,3.5836336395795687,-1.2866427087170385,2.1748619574352266
51.0,197.0,132.62808227539062,0.5479449431421275,1.4915089129393202,-4.017770283732102,-3.43453688910242,-0.5854467428281206,-0.542783257773751,0.353354811350459,3.583633584550882,-1.287480815620589,2.17524651555813
51.0,197.0,132.62808227539062,0.5478951812995236,1.4915126322271512,-4.016838815526177,-3.429984982496617,-0.5848787132213917,-0.5427832579015086,0.3701581113788876,3.583453746091355,-1.285467920959823,2.1748392698901005
51.0,197.0,132.62808227539062,0.5478783960350889,1.4915126322271512,-4.013231974046128,-3.429931259189822,-0.5853959079524219,-0.5427832579015086,0.3720227595107219,3.5836336395795687,-1.2874814237295416,2.1748392698901005
51.0,197.0,132.62808227539062,0.5479383768927283,1.4915101155575186,-4.016829557674948,-3.429984982496617,-0.5850526222642735,-0.5279721935780763,0.3532251727814096,3.5836336395795687,-1.2874550421735926,2.17506624229969
51.0,197.0,132.62808227539062,0.5479438126126436,1.4915126322271512,-4.018565007985094,-3.429984982496617,-0.5975194006387133,-0.5427832579015086,0.3701326336091446,3.5836336395795687,-1.2883035972994583,2.1748392698901005
51.0,197.0,132.62808227539062,0.5478948821106959,1.4915126322271512,-4.018565007985094,-3.429984982496617,-0.5849046172148611,-0.5427832579015086,0.3519434327494816,3.5836336395795687,-1.2874818471703546,2.1748392698901005
51.0,197.0,132.62808227539062,0.5479393208626762,1.4915125719109144,-4.040700792776991,-3.4299823092542527,-0.5848207046333247,-0.5427832578988211,0.3706601385839088,3.5836336395795687,-1.2874818471703546,2.1758899770064857
51.0,197.0,132.62808227539062,0.547893240534502,1.4915101155575186,-4.016602115314464,-3.4299850385750648,-0.5850544538520193,-0.542868027407921,0.3532251727814096,3.5836336395795687,-1.2874776621229187,2.174816816413067
51.0,197.0,132.62808227539062,0.5479452929074433,1.491512940693981,-4.0168287821850335,-3.429984982496617,-0.5976865291217942,-0.5427832577767248,0.3701307659505306,3.5836336395795687,-1.2604577640593833,2.174836722732591
51.0,197.0,132.62808227539062,0.5478950265838155,1.491512770167609,-4.018565007985094,-3.429984982496617,-0.5855074512728781,-0.5427832579015086,0.3527487862190276,3.5836336395795687,-1.2874808635451835,2.1748406629564485
51.0,197.0,132.62808227539062,0.547878504885672,1.4915126322271512,-4.013215937589671,-3.429916541685906,-0.5853959079524219,-0.5427832579015086,0.3720227595107219,3.5836336347399445,-1.2874814237295416,2.1765074249396017
51.0,197.0,132.62808227539062,0.5478783960350889,1.4915126322271512,-4.018712072817035,-3.42998471476643,-0.5853852880407711,-0.5427955023696167,0.3720227595107219,3.5836336395795687,-1.2874814237295416,2.1748392698901005
51.0,197.0,132.62808227539062,0.5478779684829103,1.4915100582119574,-4.016556178241865,-3.429931259189822,-0.5853959079524219,-0.5427832579015086,0.3699401538168486,3.5836336395795687,-1.2874814237295416,2.1748339715722382
51.0,197.0,132.62808227539062,0.5478951812995236,1.4915126322271512,-4.018636021066609,-3.429984982496617,-0.5848779094820971,-0.5427832579015086,0.3712595339174763,3.5836336395795687,-1.2874791234900465,2.1748392698901005
51.0,197.0,132.62808227539062,0.5479438126126436,1.4915126322271512,-4.018565007985094,-3.429797029743666,-0.5975194006387133,-0.5427832579015086,0.3701326336091446,3.583631041414792,-1.2883035972994583,2.1748437404861187
51.0,197.0,132.62808227539062,0.5479393208626762,1.491512578734157,-4.040700792776991,-3.429984855905507,-0.5848207046333247,-0.542783257901575,0.370127098797437,3.5836336395795687,-1.2874801288957012,2.1758899770064857
51.0,197.0,132.62808227539062,0.5478779529403618,1.4915101047517092,-4.016563736223173,-3.429931259189822,-0.5853959079524219,-0.5427832579015086,0.3720227595107219,3.5836336395795687,-1.2874814237295416,2.174834069959463
51.0,197.0,132.62808227539062,0.5479371659054912,1.4915126739937374,-4.018641735686635,-3.429984982496617,-0.584232498697843,-0.5427832579015086,0.3698630959681335,3.5836336395795687,-1.2874539373312437,2.1750736287977723
51.0,197.0,132.62808227539062,0.5478751027957012,1.4915089918222544,-4.017770283732102,-3.43453688910242,-0.5854467428281206,-0.5427832578927154,0.353354811350459,3.583633584550882,-1.2874814327830302,2.1748304111604275
51.0,197.0,132.62808227539062,0.5479443307532503,1.4915089129393202,-4.020530599517375,-3.434557513050347,-0.5873265663083467,-0.542783257773751,0.3700575018888117,3.5836336377119413,-1.287454917965219,2.175238943496297
51.0,197.0,132.62808227539062,0.5478941344508481,1.4915097797880998,-4.018565007985094,-3.429984982496617,-0.5848787132213917,-0.5427832579015086,0.3698901070604473,3.5836336395795687,-1.2862456100693846,2.175915211709121
51.0,198.0,132.62808227539062,0.5478948821106959,1.4915126322271512,-4.018565007985094,-3.429984982496617,-0.5849024594135139,-0.5427832579015086,0.3701326336091446,3.5836336395795687,-1.287454054547188,2.1748392698901005
51.0,198.0,132.62808227539062,0.5478948821106959,1.4915126322271512,-4.018565007985094,-3.429984982496617,-0.5849024594135139,-0.5427832579015086,0.37059461730126,3.5836336395795687,-1.2874818471703546,2.1748392698901005
51.0,198.0,132.62808227539062,0.5478948821106959,1.4915125369362046,-4.018565007985094,-3.429984982496617,-0.585550776313577,-0.5279721935780763,0.3535768109007595,3.5836336395795687,-1.287454054547188,2.174267131087437
51.0,198.0,132.62808227539062,0.5479371659054912,1.49151008825493,-4.0168287821850335,-3.429984982496617,-0.5976865291217942,-0.5427832579015086,0.3698882394018333,3.5836336395795687,-1.2874808364368373,2.1750736287977723
51.0,198.0,132.62808227539062,0.5478783960350889,1.4915126322271512,-4.013231974046128,-3.429931259189822,-0.5853959079524219,-0.5427832579015086,0.3720227595107219,3.5836336395795687,-1.2874814237295416,2.1748392698901005
51.0,198.0,132.62808227539062,0.5478948821106959,1.4915126322271512,-4.018565007985094,-3.429984982496617,-0.5849038134755663,-0.5427832579015086,0.3530703330578133,3.5836336395795687,-1.2874818471703546,2.1748392698901005
51.0,198.0,132.62808227539062,0.5478948821106959,1.4915126322271512,-4.016336684172381,-3.434426143155825,-0.5849038134755663,-0.542783257782956,0.3530703330578133,3.583633585422957,-1.2873613426977333,2.1764212863434835
51.0,198.0,132.62808227539062,0.5478948821106959,1.4915126322271512,-4.018565007985094,-3.429984982496617,-0.5849024594135139,-0.5427832579015086,0.3701326336091446,3.5836336395795687,-1.287454054547188,2.1748392698901005
51.0,198.0,132.62808227539062,0.5478783960350889,1.4915126322271512,-4.013231974046128,-3.429931259189822,-0.5853959079524219,-0.5427832579015086,0.3720227595107219,3.5836336395795687,-1.2874814237295416,2.1748392698901005
51.0,198.0,132.62808227539062,0.5478948821106959,1.4915126322271512,-4.013322040356646,-3.4299823092542527,-0.5849024594135139,-0.5427832579015086,0.37059461730126,3.5836336395795687,-1.2874818471703546,2.1748392698901005
51.0,198.0,132.62808227539062,0.5479442460587678,1.49151008825493,-4.0168287821850335,-3.429984982496617,-0.5976865291217942,-0.5427832577767248,0.3698882394018333,3.5836336395795687,-1.2592496340822534,2.1759126645516123
51.0,198.0,132.62808227539062,0.547937616529104,1.49151008825493,-4.0168287821850335,-3.429984982496617,-0.5976865291217942,-0.5427832578991345,0.3698882394018333,3.5836336395795687,-1.2866427087170385,2.1759126645516123
51.0,198.0,132.62808227539062,0.5479371659054912,1.4915106906779072,-4.0168287821850335,-3.4349824467745527,-0.5955271495185809,-0.5427832579015086,0.3698882394018333,3.5703208031567057,-1.2854039180628944,2.1750736287977723
51.0,198.0,132.62808227539062,0.5478948821106959,1.4915126322271512,-4.018565007985094,-3.429984982496617,-0.5849038134755663,-0.5427832579015086,0.3530703330578133,3.5836336395795687,-1.2874818471703546,2.1748392698901005
51.0,198.0,132.62808227539062,0.5478948821106959,1.4915121369401692,-4.017412237295675,-3.429984982496617,-0.5860867837023092,-0.5279721935780763,0.3535768109007595,3.5836336395795687,-1.2873476441941856,2.174267131087437
51.0,198.0,132.62808227539062,0.5478779684829103,1.4915100582119574,-4.016556178241865,-3.429931259189822,-0.5853959079524219,-0.5427832579015086,0.3699401538168486,3.5836336395795687,-1.2874814237295416,2.1748339715722382
51.0,198.0,132.62808227539062,0.5478948821106959,1.491510115505245,-4.018565007985094,-3.429984982496617,-0.585550776313577,-0.5279721935780763,0.3532251727814096,3.5836336395795687,-1.287454054547188,2.174196968619919
51.0,198.0,132.62808227539062,0.5478783960350889,1.4915126322271512,-4.0115682631224345,-3.429931259189822,-0.5853959079524219,-0.5427832577720734,0.3720227595107219,3.5836336401050257,-1.2874814237295416,2.1748392698901005
51.0,198.0,132.62808227539062,0.5478777894201731,1.4915126322271512,-4.013098196013769,-3.4348979588315944,-0.5853959079524219,-0.5427832579015086,0.3720227595107219,3.5836336395795687,-1.2853275760651472,2.175045059501364
51.0,198.0,132.62808227539062,0.5478951812995236,1.4915126322271512,-4.018565007985094,-3.429984982496617,-0.5848787132213917,-0.5427832579015086,0.3701326336091446,3.5836336395795687,-1.2874537400465145,2.1748392698901005
51.0,198.0,132.62808227539062,0.5479371659054912,1.49151008825493,-4.0168287821850335,-3.429984982496617,-0.5976865291217942,-0.542783257787162,0.3672821324565222,3.5836336395795687,-1.2874808364368373,2.1750736287977723
51.0,198.0,132.62808227539062,0.5478948821106959,1.4915126322271512,-4.016336684172381,-3.434426143155825,-0.5849038134755663,-0.542783257782956,0.3530703330578133,3.583633585422957,-1.287482651840964,2.176455547875888
51.0,198.0,132.62808227539062,0.5479371659054912,1.4915106906779072,-4.01855497464395,-3.4349824467745527,-0.5955271495185809,-0.5427832579015086,0.3698627616320903,3.57050069664492,-1.2873897371495855,2.1750736287977723
51.0,198.0,132.62808227539062,0.5478948821106959,1.4915126322271512,-4.018565007985094,-3.429984982496617,-0.5849038134755663,-0.5417862759426133,0.3530854246187211,3.5836336395795687,-1.2874818471703546,2.1748678712457337
51.0,198.0,132.62808227539062,0.5478783960350889,1.4915126322271512,-4.0115682631224345,-3.429931259189822,-0.5853959079524219,-0.5427832577720734,0.3720227595107219,3.5836336401050257,-1.2874814237295416,2.1748392698901005
51.0,198.0,132.62808227539062,0.5478783960350889,1.4915126322271512,-4.013231974046128,-3.429931259189822,-0.5853959079524219,-0.5427832579015086,0.3720227595107219,3.5836336395795687,-1.2874814237295416,2.1748392698901005
51.0,198.0,132.62808227539062,0.5478950984988996,1.4915047339481498,-4.018565007985094,-3.429984982496617,-0.5834720788807439,-0.5427832579015086,0.37059461730126,3.5836336395795687,-1.2874818471703546,2.1748392698901005
51.0,198.0,132.62808227539062,0.5478951812995236,1.4915126322271512,-4.018565007985094,-3.429984982496617,-0.5848779094820971,-0.5427832579015086,0.3712595339174763,3.5836336395795687,-1.2874537400465145,2.1748392698901005
51.0,198.0,132.62808227539062,0.5478931777771237,1.4915101485711668,-4.0168287821850335,-3.429984982496617,-0.5977682839019836,-0.542783257901822,0.3698227181191845,3.5836336395795687,-1.2866427087170385,2.1748619574352266
51.0,198.0,132.62808227539062,0.5479449431421275,1.4915089129393202,-4.017770283732102,-3.43453688910242,-0.5854467428281206,-0.542783257773751,0.353354811350459,3.583633584550882,-1.287480815620589,2.17524651555813
51.0,198.0,132.62808227539062,0.5478951812995236,1.4915126322271512,-4.016838815526177,-3.429984982496617,-0.5848787132213917,-0.5427832579015086,0.3701581113788876,3.583453746091355,-1.285467920959823,2.1748392698901005
51.0,198.0,132.62808227539062,0.5478783960350889,1.4915126322271512,-4.013231974046128,-3.429931259189822,-0.5853959079524219,-0.5427832579015086,0.3720227595107219,3.5836336395795687,-1.2874814237295416,2.1748392698901005
51.0,198.0,132.62808227539062,0.5479383768927283,1.4915101155575186,-4.016829557674948,-3.429984982496617,-0.5850526222642735,-0.5279721935780763,0.3532251727814096,3.5836336395795687,-1.2874550421735926,2.17506624229969
51.0,198.0,132.62808227539062,0.5479438126126436,1.4915126322271512,-4.018565007985094,-3.429984982496617,-0.5975194006387133,-0.5427832579015086,0.3701326336091446,3.5836336395795687,-1.2883035972994583,2.1748392698901005
51.0,198.0,132.62808227539062,0.5478948821106959,1.4915126322271512,-4.018565007985094,-3.429984982496617,-0.5849046172148611,-0.5427832579015086,0.3519434327494816,3.5836336395795687,-1.2874818471703546,2.1748392698901005
51.0,198.0,132.62808227539062,0.5479393208626762,1.4915125719109144,-4.040700792776991,-3.4299823092542527,-0.5848207046333247,-0.5427832578988211,0.3706601385839088,3.5836336395795687,-1.2874818471703546,2.1758899770064857
51.0,198.0,132.62808227539062,0.547893240534502,1.4915101155575186,-4.016602115314464,-3.4299850385750648,-0.5850544538520193,-0.542868027407921,0.3532251727814096,3.5836336395795687,-1.2874776621229187,2.174816816413067
51.0,198.0,132.62808227539062,0.5479452929074433,1.491512940693981,-4.0168287821850335,-3.429984982496617,-0.5976865291217942,-0.5427832577767248,0.3701307659505306,3.5836336395795687,-1.2604577640593833,2.174836722732591
51.0,198.0,132.62808227539062,0.5478950265838155,1.491512770167609,-4.018565007985094,-3.429984982496617,-0.5855074512728781,-0.5427832579015086,0.3527487862190276,3.5836336395795687,-1.2874808635451835,2.1748406629564485
51.0,198.0,132.62808227539062,0.547878504885672,1.4915126322271512,-4.013215937589671,-3.429916541685906,-0.5853959079524219,-0.5427832579015086,0.3720227595107219,3.5836336347399445,-1.2874814237295416,2.1765074249396017
51.0,198.0,132.62808227539062,0.5478783960350889,1.4915126322271512,-4.018712072817035,-3.42998471476643,-0.5853852880407711,-0.5427955023696167,0.3720227595107219,3.5836336395795687,-1.2874814237295416,2.1748392698901005
51.0,198.0,132.62808227539062,0.5478779684829103,1.4915100582119574,-4.016556178241865,-3.429931259189822,-0.5853959079524219,-0.5427832579015086,0.3699401538168486,3.5836336395795687,-1.2874814237295416,2.1748339715722382
51.0,198.0,132.62808227539062,0.5478951812995236,1.4915126322271512,-4.018636021066609,-3.429984982496617,-0.5848779094820971,-0.5427832579015086,0.3712595339174763,3.5836336395795687,-1.2874791234900465,2.1748392698901005
51.0,198.0,132.62808227539062,0.5479438126126436,1.4915126322271512,-4.018565007985094,-3.429797029743666,-0.5975194006387133,-0.5427832579015086,0.3701326336091446,3.583631041414792,-1.2883035972994583,2.1748437404861187
51.0,198.0,132.62808227539062,0.5479393208626762,1.491512578734157,-4.040700792776991,-3.429984855905507,-0.5848207046333247,-0.542783257901575,0.370127098797437,3.5836336395795687,-1.2874801288957012,2.1758899770064857
51.0,198.0,132.62808227539062,0.5478779529403618,1.4915101047517092,-4.016563736223173,-3.429931259189822,-0.5853959079524219,-0.5427832579015086,0.3720227595107219,3.5836336395795687,-1.2874814237295416,2.174834069959463
51.0,198.0,132.62808227539062,0.5479371659054912,1.4915126739937374,-4.018641735686635,-3.429984982496617,-0.584232498697843,-0.5427832579015086,0.3698630959681335,3.5836336395795687,-1.2874539373312437,2.1750736287977723
51.0,198.0,132.62808227539062,0.5478751027957012,1.4915089918222544,-4.017770283732102,-3.43453688910242,-0.5854467428281206,-0.5427832578927154,0.353354811350459,3.583633584550882,-1.2874814327830302,2.1748304111604275
51.0,198.0,132.62808227539062,0.5479443307532503,1.4915089129393202,-4.020530599517375,-3.434557513050347,-0.5873265663083467,-0.542783257773751,0.3700575018888117,3.5836336377119413,-1.287454917965219,2.175238943496297
51.0,198.0,132.62808227539062,0.5478941344508481,1.4915097797880998,-4.018565007985094,-3.429984982496617,-0.5848787132213917,-0.5427832579015086,0.3698901070604473,3.5836336395795687,-1.2862456100693846,2.175915211709121
51.0,199.0,132.62808227539062,0.5478948821106959,1.4915126322271512,-4.018565007985094,-3.429984982496617,-0.5849024594135139,-0.5427832579015086,0.3701326336091446,3.5836336395795687,-1.287454054547188,2.1748392698901005
51.0,199.0,132.62808227539062,0.5478948821106959,1.4915126322271512,-4.018565007985094,-3.429984982496617,-0.5849024594135139,-0.5427832579015086,0.37059461730126,3.5836336395795687,-1.2874818471703546,2.1748392698901005
51.0,199.0,132.62808227539062,0.5478948821106959,1.4915125369362046,-4.018565007985094,-3.429984982496617,-0.585550776313577,-0.5279721935780763,0.3535768109007595,3.5836336395795687,-1.287454054547188,2.174267131087437
51.0,199.0,132.62808227539062,0.5479371659054912,1.49151008825493,-4.0168287821850335,-3.429984982496617,-0.5976865291217942,-0.5427832579015086,0.3698882394018333,3.5836336395795687,-1.2874808364368373,2.1750736287977723
51.0,199.0,132.62808227539062,0.5478783960350889,1.4915126322271512,-4.013231974046128,-3.429931259189822,-0.5853959079524219,-0.5427832579015086,0.3720227595107219,3.5836336395795687,-1.2874814237295416,2.1748392698901005
51.0,199.0,132.62808227539062,0.5478948821106959,1.4915126322271512,-4.018565007985094,-3.429984982496617,-0.5849038134755663,-0.5427832579015086,0.3530703330578133,3.5836336395795687,-1.2874818471703546,2.1748392698901005
51.0,199.0,132.62808227539062,0.5478948821106959,1.4915126322271512,-4.016336684172381,-3.434426143155825,-0.5849038134755663,-0.542783257782956,0.3530703330578133,3.583633585422957,-1.2873613426977333,2.1764212863434835
51.0,199.0,132.62808227539062,0.5478948821106959,1.4915126322271512,-4.018565007985094,-3.429984982496617,-0.5849024594135139,-0.5427832579015086,0.3701326336091446,3.5836336395795687,-1.287454054547188,2.1748392698901005
51.0,199.0,132.62808227539062,0.5478783960350889,1.4915126322271512,-4.013231974046128,-3.429931259189822,-0.5853959079524219,-0.5427832579015086,0.3720227595107219,3.5836336395795687,-1.2874814237295416,2.1748392698901005
51.0,199.0,132.62808227539062,0.5478948821106959,1.4915126322271512,-4.013322040356646,-3.4299823092542527,-0.5849024594135139,-0.5427832579015086,0.37059461730126,3.5836336395795687,-1.2874818471703546,2.1748392698901005
51.0,199.0,132.62808227539062,0.5479442460587678,1.49151008825493,-4.0168287821850335,-3.429984982496617,-0.5976865291217942,-0.5427832577767248,0.3698882394018333,3.5836336395795687,-1.2592496340822534,2.1759126645516123
51.0,199.0,132.62808227539062,0.547937616529104,1.49151008825493,-4.0168287821850335,-3.429984982496617,-0.5976865291217942,-0.5427832578991345,0.3698882394018333,3.5836336395795687,-1.2866427087170385,2.1759126645516123
51.0,199.0,132.62808227539062,0.5479371659054912,1.4915106906779072,-4.0168287821850335,-3.4349824467745527,-0.5955271495185809,-0.5427832579015086,0.3698882394018333,3.5703208031567057,-1.2854039180628944,2.1750736287977723
51.0,199.0,132.62808227539062,0.5478948821106959,1.4915126322271512,-4.018565007985094,-3.429984982496617,-0.5849038134755663,-0.5427832579015086,0.3530703330578133,3.5836336395795687,-1.2874818471703546,2.1748392698901005
51.0,199.0,132.62808227539062,0.5478948821106959,1.4915121369401692,-4.017412237295675,-3.429984982496617,-0.5860867837023092,-0.5279721935780763,0.3535768109007595,3.5836336395795687,-1.2873476441941856,2.174267131087437
51.0,199.0,132.62808227539062,0.5478779684829103,1.4915100582119574,-4.016556178241865,-3.429931259189822,-0.5853959079524219,-0.5427832579015086,0.3699401538168486,3.5836336395795687,-1.2874814237295416,2.1748339715722382
51.0,199.0,132.62808227539062,0.5478948821106959,1.491510115505245,-4.018565007985094,-3.429984982496617,-0.585550776313577,-0.5279721935780763,0.3532251727814096,3.5836336395795687,-1.287454054547188,2.174196968619919
51.0,199.0,132.62808227539062,0.5478783960350889,1.4915126322271512,-4.0115682631224345,-3.429931259189822,-0.5853959079524219,-0.5427832577720734,0.3720227595107219,3.5836336401050257,-1.2874814237295416,2.1748392698901005
51.0,199.0,132.62808227539062,0.5478777894201731,1.4915126322271512,-4.013098196013769,-3.4348979588315944,-0.5853959079524219,-0.5427832579015086,0.3720227595107219,3.5836336395795687,-1.2853275760651472,2.175045059501364
51.0,199.0,132.62808227539062,0.5478951812995236,1.4915126322271512,-4.018565007985094,-3.429984982496617,-0.5848787132213917,-0.5427832579015086,0.3701326336091446,3.5836336395795687,-1.2874537400465145,2.1748392698901005
51.0,199.0,132.62808227539062,0.5479371659054912,1.49151008825493,-4.0168287821850335,-3.429984982496617,-0.5976865291217942,-0.542783257787162,0.3672821324565222,3.5836336395795687,-1.2874808364368373,2.1750736287977723
51.0,199.0,132.62808227539062,0.5478948821106959,1.4915126322271512,-4.016336684172381,-3.434426143155825,-0.5849038134755663,-0.542783257782956,0.3530703330578133,3.583633585422957,-1.287482651840964,2.176455547875888
51.0,199.0,132.62808227539062,0.5479371659054912,1.4915106906779072,-4.01855497464395,-3.4349824467745527,-0.5955271495185809,-0.5427832579015086,0.3698627616320903,3.57050069664492,-1.2873897371495855,2.1750736287977723
51.0,199.0,132.62808227539062,0.5478948821106959,1.4915126322271512,-4.018565007985094,-3.429984982496617,-0.5849038134755663,-0.5417862759426133,0.3530854246187211,3.5836336395795687,-1.2874818471703546,2.1748678712457337
51.0,199.0,132.62808227539062,0.5478783960350889,1.4915126322271512,-4.0115682631224345,-3.429931259189822,-0.5853959079524219,-0.5427832577720734,0.3720227595107219,3.5836336401050257,-1.2874814237295416,2.1748392698901005
51.0,199.0,132.62808227539062,0.5478783960350889,1.4915126322271512,-4.013231974046128,-3.429931259189822,-0.5853959079524219,-0.5427832579015086,0.3720227595107219,3.5836336395795687,-1.2874814237295416,2.1748392698901005
51.0,199.0,132.62808227539062,0.5478950984988996,1.4915047339481498,-4.018565007985094,-3.429984982496617,-0.5834720788807439,-0.5427832579015086,0.37059461730126,3.5836336395795687,-1.2874818471703546,2.1748392698901005
51.0,199.0,132.62808227539062,0.5478951812995236,1.4915126322271512,-4.018565007985094,-3.429984982496617,-0.5848779094820971,-0.5427832579015086,0.3712595339174763,3.5836336395795687,-1.2874537400465145,2.1748392698901005
51.0,199.0,132.62808227539062,0.5478931777771237,1.4915101485711668,-4.0168287821850335,-3.429984982496617,-0.5977682839019836,-0.542783257901822,0.3698227181191845,3.5836336395795687,-1.2866427087170385,2.1748619574352266
51.0,199.0,132.62808227539062,0.5479449431421275,1.4915089129393202,-4.017770283732102,-3.43453688910242,-0.5854467428281206,-0.542783257773751,0.353354811350459,3.583633584550882,-1.287480815620589,2.17524651555813
51.0,199.0,132.62808227539062,0.5478951812995236,1.4915126322271512,-4.016838815526177,-3.429984982496617,-0.5848787132213917,-0.5427832579015086,0.3701581113788876,3.583453746091355,-1.285467920959823,2.1748392698901005
51.0,199.0,132.62808227539062,0.5478783960350889,1.4915126322271512,-4.013231974046128,-3.429931259189822,-0.5853959079524219,-0.5427832579015086,0.3720227595107219,3.5836336395795687,-1.2874814237295416,2.1748392698901005
51.0,199.0,132.62808227539062,0.5479383768927283,1.4915101155575186,-4.016829557674948,-3.429984982496617,-0.5850526222642735,-0.5279721935780763,0.3532251727814096,3.5836336395795687,-1.2874550421735926,2.17506624229969
51.0,199.0,132.62808227539062,0.5479438126126436,1.4915126322271512,-4.018565007985094,-3.429984982496617,-0.5975194006387133,-0.5427832579015086,0.3701326336091446,3.5836336395795687,-1.2883035972994583,2.1748392698901005
51.0,199.0,132.62808227539062,0.5478948821106959,1.4915126322271512,-4.018565007985094,-3.429984982496617,-0.5849046172148611,-0.5427832579015086,0.3519434327494816,3.5836336395795687,-1.2874818471703546,2.1748392698901005
51.0,199.0,132.62808227539062,0.5479393208626762,1.4915125719109144,-4.040700792776991,-3.4299823092542527,-0.5848207046333247,-0.5427832578988211,0.3706601385839088,3.5836336395795687,-1.2874818471703546,2.1758899770064857
51.0,199.0,132.62808227539062,0.547893240534502,1.4915101155575186,-4.016602115314464,-3.4299850385750648,-0.5850544538520193,-0.542868027407921,0.3532251727814096,3.5836336395795687,-1.2874776621229187,2.174816816413067
51.0,199.0,132.62808227539062,0.5479452929074433,1.491512940693981,-4.0168287821850335,-3.429984982496617,-0.5976865291217942,-0.5427832577767248,0.3701307659505306,3.5836336395795687,-1.2604577640593833,2.174836722732591
51.0,199.0,132.62808227539062,0.5478950265838155,1.491512770167609,-4.018565007985094,-3.429984982496617,-0.5855074512728781,-0.5427832579015086,0.3527487862190276,3.5836336395795687,-1.2874808635451835,2.1748406629564485
51.0,199.0,132.62808227539062,0.547878504885672,1.4915126322271512,-4.013215937589671,-3.429916541685906,-0.5853959079524219,-0.5427832579015086,0.3720227595107219,3.5836336347399445,-1.2874814237295416,2.1765074249396017
51.0,199.0,132.62808227539062,0.5478783960350889,1.4915126322271512,-4.018712072817035,-3.42998471476643,-0.5853852880407711,-0.5427955023696167,0.3720227595107219,3.5836336395795687,-1.2874814237295416,2.1748392698901005
51.0,199.0,132.62808227539062,0.5478779684829103,1.4915100582119574,-4.016556178241865,-3.429931259189822,-0.5853959079524219,-0.5427832579015086,0.3699401538168486,3.5836336395795687,-1.2874814237295416,2.1748339715722382
51.0,199.0,132.62808227539062,0.5478951812995236,1.4915126322271512,-4.018636021066609,-3.429984982496617,-0.5848779094820971,-0.5427832579015086,0.3712595339174763,3.5836336395795687,-1.2874791234900465,2.1748392698901005
51.0,199.0,132.62808227539062,0.5479438126126436,1.4915126322271512,-4.018565007985094,-3.429797029743666,-0.5975194006387133,-0.5427832579015086,0.3701326336091446,3.583631041414792,-1.2883035972994583,2.1748437404861187
51.0,199.0,132.62808227539062,0.5479393208626762,1.491512578734157,-4.040700792776991,-3.429984855905507,-0.5848207046333247,-0.542783257901575,0.370127098797437,3.5836336395795687,-1.2874801288957012,2.1758899770064857
51.0,199.0,132.62808227539062,0.5478779529403618,1.4915101047517092,-4.016563736223173,-3.429931259189822,-0.5853959079524219,-0.5427832579015086,0.3720227595107219,3.5836336395795687,-1.2874814237295416,2.174834069959463
51.0,199.0,132.62808227539062,0.5479371659054912,1.4915126739937374,-4.018641735686635,-3.429984982496617,-0.584232498697843,-0.5427832579015086,0.3698630959681335,3.5836336395795687,-1.2874539373312437,2.1750736287977723
51.0,199.0,132.62808227539062,0.5478751027957012,1.4915089918222544,-4.017770283732102,-3.43453688910242,-0.5854467428281206,-0.5427832578927154,0.353354811350459,3.583633584550882,-1.2874814327830302,2.1748304111604275
51.0,199.0,132.62808227539062,0.5479443307532503,1.4915089129393202,-4.020530599517375,-3.434557513050347,-0.5873265663083467,-0.542783257773751,0.3700575018888117,3.5836336377119413,-1.287454917965219,2.175238943496297
51.0,199.0,132.62808227539062,0.5478941344508481,1.4915097797880998,-4.018565007985094,-3.429984982496617,-0.5848787132213917,-0.5427832579015086,0.3698901070604473,3.5836336395795687,-1.2862456100693846,2.175915211709121
51.0,200.0,132.62808227539062,0.5478948821106959,1.4915126322271512,-4.018565007985094,-3.429984982496617,-0.5849024594135139,-0.5427832579015086,0.3701326336091446,3.5836336395795687,-1.287454054547188,2.1748392698901005
51.0,200.0,132.62808227539062,0.5478948821106959,1.4915126322271512,-4.018565007985094,-3.429984982496617,-0.5849024594135139,-0.5427832579015086,0.37059461730126,3.5836336395795687,-1.2874818471703546,2.1748392698901005
51.0,200.0,132.62808227539062,0.5478948821106959,1.4915125369362046,-4.018565007985094,-3.429984982496617,-0.585550776313577,-0.5279721935780763,0.3535768109007595,3.5836336395795687,-1.287454054547188,2.174267131087437
51.0,200.0,132.62808227539062,0.5479371659054912,1.49151008825493,-4.0168287821850335,-3.429984982496617,-0.5976865291217942,-0.5427832579015086,0.3698882394018333,3.5836336395795687,-1.2874808364368373,2.1750736287977723
51.0,200.0,132.62808227539062,0.5478783960350889,1.4915126322271512,-4.013231974046128,-3.429931259189822,-0.5853959079524219,-0.5427832579015086,0.3720227595107219,3.5836336395795687,-1.2874814237295416,2.1748392698901005
51.0,200.0,132.62808227539062,0.5478948821106959,1.4915126322271512,-4.018565007985094,-3.429984982496617,-0.5849038134755663,-0.5427832579015086,0.3530703330578133,3.5836336395795687,-1.2874818471703546,2.1748392698901005
51.0,200.0,132.62808227539062,0.5478948821106959,1.4915126322271512,-4.016336684172381,-3.434426143155825,-0.5849038134755663,-0.542783257782956,0.3530703330578133,3.583633585422957,-1.2873613426977333,2.1764212863434835
51.0,200.0,132.62808227539062,0.5478948821106959,1.4915126322271512,-4.018565007985094,-3.429984982496617,-0.5849024594135139,-0.5427832579015086,0.3701326336091446,3.5836336395795687,-1.287454054547188,2.1748392698901005
51.0,200.0,132.62808227539062,0.5478783960350889,1.4915126322271512,-4.013231974046128,-3.429931259189822,-0.5853959079524219,-0.5427832579015086,0.3720227595107219,3.5836336395795687,-1.2874814237295416,2.1748392698901005
51.0,200.0,132.62808227539062,0.5478948821106959,1.4915126322271512,-4.013322040356646,-3.4299823092542527,-0.5849024594135139,-0.5427832579015086,0.37059461730126,3.5836336395795687,-1.2874818471703546,2.1748392698901005
51.0,200.0,132.62808227539062,0.5479442460587678,1.49151008825493,-4.0168287821850335,-3.429984982496617,-0.5976865291217942,-0.5427832577767248,0.3698882394018333,3.5836336395795687,-1.2592496340822534,2.1759126645516123
51.0,200.0,132.62808227539062,0.547937616529104,1.49151008825493,-4.0168287821850335,-3.429984982496617,-0.5976865291217942,-0.5427832578991345,0.3698882394018333,3.5836336395795687,-1.2866427087170385,2.1759126645516123
51.0,200.0,132.62808227539062,0.5479371659054912,1.4915106906779072,-4.0168287821850335,-3.4349824467745527,-0.5955271495185809,-0.5427832579015086,0.3698882394018333,3.5703208031567057,-1.2854039180628944,2.1750736287977723
51.0,200.0,132.62808227539062,0.5478948821106959,1.4915126322271512,-4.018565007985094,-3.429984982496617,-0.5849038134755663,-0.5427832579015086,0.3530703330578133,3.5836336395795687,-1.2874818471703546,2.1748392698901005
51.0,200.0,132.62808227539062,0.5478948821106959,1.4915121369401692,-4.017412237295675,-3.429984982496617,-0.5860867837023092,-0.5279721935780763,0.3535768109007595,3.5836336395795687,-1.2873476441941856,2.174267131087437
51.0,200.0,132.62808227539062,0.5478779684829103,1.4915100582119574,-4.016556178241865,-3.429931259189822,-0.5853959079524219,-0.5427832579015086,0.3699401538168486,3.5836336395795687,-1.2874814237295416,2.1748339715722382
51.0,200.0,132.62808227539062,0.5478948821106959,1.491510115505245,-4.018565007985094,-3.429984982496617,-0.585550776313577,-0.5279721935780763,0.3532251727814096,3.5836336395795687,-1.287454054547188,2.174196968619919
51.0,200.0,132.62808227539062,0.5478783960350889,1.4915126322271512,-4.0115682631224345,-3.429931259189822,-0.5853959079524219,-0.5427832577720734,0.3720227595107219,3.5836336401050257,-1.2874814237295416,2.1748392698901005
51.0,200.0,132.62808227539062,0.5478777894201731,1.4915126322271512,-4.013098196013769,-3.4348979588315944,-0.5853959079524219,-0.5427832579015086,0.3720227595107219,3.5836336395795687,-1.2853275760651472,2.175045059501364
51.0,200.0,132.62808227539062,0.5478951812995236,1.4915126322271512,-4.018565007985094,-3.429984982496617,-0.5848787132213917,-0.5427832579015086,0.3701326336091446,3.5836336395795687,-1.2874537400465145,2.1748392698901005
51.0,200.0,132.62808227539062,0.5479371659054912,1.49151008825493,-4.0168287821850335,-3.429984982496617,-0.5976865291217942,-0.542783257787162,0.3672821324565222,3.5836336395795687,-1.2874808364368373,2.1750736287977723
51.0,200.0,132.62808227539062,0.5478948821106959,1.4915126322271512,-4.016336684172381,-3.434426143155825,-0.5849038134755663,-0.542783257782956,0.3530703330578133,3.583633585422957,-1.287482651840964,2.176455547875888
51.0,200.0,132.62808227539062,0.5479371659054912,1.4915106906779072,-4.01855497464395,-3.4349824467745527,-0.5955271495185809,-0.5427832579015086,0.3698627616320903,3.57050069664492,-1.2873897371495855,2.1750736287977723
51.0,200.0,132.62808227539062,0.5478948821106959,1.4915126322271512,-4.018565007985094,-3.429984982496617,-0.5849038134755663,-0.5417862759426133,0.3530854246187211,3.5836336395795687,-1.2874818471703546,2.1748678712457337
51.0,200.0,132.62808227539062,0.5478783960350889,1.4915126322271512,-4.0115682631224345,-3.429931259189822,-0.5853959079524219,-0.5427832577720734,0.3720227595107219,3.5836336401050257,-1.2874814237295416,2.1748392698901005
51.0,200.0,132.62808227539062,0.5478783960350889,1.4915126322271512,-4.013231974046128,-3.429931259189822,-0.5853959079524219,-0.5427832579015086,0.3720227595107219,3.5836336395795687,-1.2874814237295416,2.1748392698901005
51.0,200.0,132.62808227539062,0.5478950984988996,1.4915047339481498,-4.018565007985094,-3.429984982496617,-0.5834720788807439,-0.5427832579015086,0.37059461730126,3.5836336395795687,-1.2874818471703546,2.1748392698901005
51.0,200.0,132.62808227539062,0.5478951812995236,1.4915126322271512,-4.018565007985094,-3.429984982496617,-0.5848779094820971,-0.5427832579015086,0.3712595339174763,3.5836336395795687,-1.2874537400465145,2.1748392698901005
51.0,200.0,132.62808227539062,0.5478931777771237,1.4915101485711668,-4.0168287821850335,-3.429984982496617,-0.5977682839019836,-0.542783257901822,0.3698227181191845,3.5836336395795687,-1.2866427087170385,2.1748619574352266
51.0,200.0,132.62808227539062,0.5479449431421275,1.4915089129393202,-4.017770283732102,-3.43453688910242,-0.5854467428281206,-0.542783257773751,0.353354811350459,3.583633584550882,-1.287480815620589,2.17524651555813
51.0,200.0,132.62808227539062,0.5478951812995236,1.4915126322271512,-4.016838815526177,-3.429984982496617,-0.5848787132213917,-0.5427832579015086,0.3701581113788876,3.583453746091355,-1.285467920959823,2.1748392698901005
51.0,200.0,132.62808227539062,0.5478783960350889,1.4915126322271512,-4.013231974046128,-3.429931259189822,-0.5853959079524219,-0.5427832579015086,0.3720227595107219,3.5836336395795687,-1.2874814237295416,2.1748392698901005
51.0,200.0,132.62808227539062,0.5479383768927283,1.4915101155575186,-4.016829557674948,-3.429984982496617,-0.5850526222642735,-0.5279721935780763,0.3532251727814096,3.5836336395795687,-1.2874550421735926,2.17506624229969
51.0,200.0,132.62808227539062,0.5479438126126436,1.4915126322271512,-4.018565007985094,-3.429984982496617,-0.5975194006387133,-0.5427832579015086,0.3701326336091446,3.5836336395795687,-1.2883035972994583,2.1748392698901005
51.0,200.0,132.62808227539062,0.5478948821106959,1.4915126322271512,-4.018565007985094,-3.429984982496617,-0.5849046172148611,-0.5427832579015086,0.3519434327494816,3.5836336395795687,-1.2874818471703546,2.1748392698901005
51.0,200.0,132.62808227539062,0.5479393208626762,1.4915125719109144,-4.040700792776991,-3.4299823092542527,-0.5848207046333247,-0.5427832578988211,0.3706601385839088,3.5836336395795687,-1.2874818471703546,2.1758899770064857
51.0,200.0,132.62808227539062,0.547893240534502,1.4915101155575186,-4.016602115314464,-3.4299850385750648,-0.5850544538520193,-0.542868027407921,0.3532251727814096,3.5836336395795687,-1.2874776621229187,2.174816816413067
51.0,200.0,132.62808227539062,0.5479452929074433,1.491512940693981,-4.0168287821850335,-3.429984982496617,-0.5976865291217942,-0.5427832577767248,0.3701307659505306,3.5836336395795687,-1.2604577640593833,2.174836722732591
51.0,200.0,132.62808227539062,0.5478950265838155,1.491512770167609,-4.018565007985094,-3.429984982496617,-0.5855074512728781,-0.5427832579015086,0.3527487862190276,3.5836336395795687,-1.2874808635451835,2.1748406629564485
51.0,200.0,132.62808227539062,0.547878504885672,1.4915126322271512,-4.013215937589671,-3.429916541685906,-0.5853959079524219,-0.5427832579015086,0.3720227595107219,3.5836336347399445,-1.2874814237295416,2.1765074249396017
51.0,200.0,132.62808227539062,0.5478783960350889,1.4915126322271512,-4.018712072817035,-3.42998471476643,-0.5853852880407711,-0.5427955023696167,0.3720227595107219,3.5836336395795687,-1.2874814237295416,2.1748392698901005
51.0,200.0,132.62808227539062,0.5478779684829103,1.4915100582119574,-4.016556178241865,-3.429931259189822,-0.5853959079524219,-0.5427832579015086,0.3699401538168486,3.5836336395795687,-1.2874814237295416,2.1748339715722382
51.0,200.0,132.62808227539062,0.5478951812995236,1.4915126322271512,-4.018636021066609,-3.429984982496617,-0.5848779094820971,-0.5427832579015086,0.3712595339174763,3.5836336395795687,-1.2874791234900465,2.1748392698901005
51.0,200.0,132.62808227539062,0.5479438126126436,1.4915126322271512,-4.018565007985094,-3.429797029743666,-0.5975194006387133,-0.5427832579015086,0.3701326336091446,3.583631041414792,-1.2883035972994583,2.1748437404861187
51.0,200.0,132.62808227539062,0.5479393208626762,1.491512578734157,-4.040700792776991,-3.429984855905507,-0.5848207046333247,-0.542783257901575,0.370127098797437,3.5836336395795687,-1.2874801288957012,2.1758899770064857
51.0,200.0,132.62808227539062,0.5478779529403618,1.4915101047517092,-4.016563736223173,-3.429931259189822,-0.5853959079524219,-0.5427832579015086,0.3720227595107219,3.5836336395795687,-1.2874814237295416,2.174834069959463
51.0,200.0,132.62808227539062,0.5479371659054912,1.4915126739937374,-4.018641735686635,-3.429984982496617,-0.584232498697843,-0.5427832579015086,0.3698630959681335,3.5836336395795687,-1.2874539373312437,2.1750736287977723
51.0,200.0,132.62808227539062,0.5478751027957012,1.4915089918222544,-4.017770283732102,-3.43453688910242,-0.5854467428281206,-0.5427832578927154,0.353354811350459,3.583633584550882,-1.2874814327830302,2.1748304111604275
51.0,200.0,132.62808227539062,0.5479443307532503,1.4915089129393202,-4.020530599517375,-3.434557513050347,-0.5873265663083467,-0.542783257773751,0.3700575018888117,3.5836336377119413,-1.287454917965219,2.175238943496297
51.0,200.0,132.62808227539062,0.5478941344508481,1.4915097797880998,-4.018565007985094,-3.429984982496617,-0.5848787132213917,-0.5427832579015086,0.3698901070604473,3.5836336395795687,-1.2862456100693846,2.175915211709121
51.0,201.0,132.62808227539062,0.5478948821106959,1.4915126322271512,-4.018565007985094,-3.429984982496617,-0.5849024594135139,-0.5427832579015086,0.3701326336091446,3.5836336395795687,-1.287454054547188,2.1748392698901005
51.0,201.0,132.62808227539062,0.5478948821106959,1.4915126322271512,-4.018565007985094,-3.429984982496617,-0.5849024594135139,-0.5427832579015086,0.37059461730126,3.5836336395795687,-1.2874818471703546,2.1748392698901005
51.0,201.0,132.62808227539062,0.5478948821106959,1.4915125369362046,-4.018565007985094,-3.429984982496617,-0.585550776313577,-0.5279721935780763,0.3535768109007595,3.5836336395795687,-1.287454054547188,2.174267131087437
51.0,201.0,132.62808227539062,0.5479371659054912,1.49151008825493,-4.0168287821850335,-3.429984982496617,-0.5976865291217942,-0.5427832579015086,0.3698882394018333,3.5836336395795687,-1.2874808364368373,2.1750736287977723
51.0,201.0,132.62808227539062,0.5478783960350889,1.4915126322271512,-4.013231974046128,-3.429931259189822,-0.5853959079524219,-0.5427832579015086,0.3720227595107219,3.5836336395795687,-1.2874814237295416,2.1748392698901005
51.0,201.0,132.62808227539062,0.5478948821106959,1.4915126322271512,-4.018565007985094,-3.429984982496617,-0.5849038134755663,-0.5427832579015086,0.3530703330578133,3.5836336395795687,-1.2874818471703546,2.1748392698901005
51.0,201.0,132.62808227539062,0.5478948821106959,1.4915126322271512,-4.016336684172381,-3.434426143155825,-0.5849038134755663,-0.542783257782956,0.3530703330578133,3.583633585422957,-1.2873613426977333,2.1764212863434835
51.0,201.0,132.62808227539062,0.5478948821106959,1.4915126322271512,-4.018565007985094,-3.429984982496617,-0.5849024594135139,-0.5427832579015086,0.3701326336091446,3.5836336395795687,-1.287454054547188,2.1748392698901005
51.0,201.0,132.62808227539062,0.5478783960350889,1.4915126322271512,-4.013231974046128,-3.429931259189822,-0.5853959079524219,-0.5427832579015086,0.3720227595107219,3.5836336395795687,-1.2874814237295416,2.1748392698901005
51.0,201.0,132.62808227539062,0.5478948821106959,1.4915126322271512,-4.013322040356646,-3.4299823092542527,-0.5849024594135139,-0.5427832579015086,0.37059461730126,3.5836336395795687,-1.2874818471703546,2.1748392698901005
51.0,201.0,132.62808227539062,0.5479442460587678,1.49151008825493,-4.0168287821850335,-3.429984982496617,-0.5976865291217942,-0.5427832577767248,0.3698882394018333,3.5836336395795687,-1.2592496340822534,2.1759126645516123
51.0,201.0,132.62808227539062,0.547937616529104,1.49151008825493,-4.0168287821850335,-3.429984982496617,-0.5976865291217942,-0.5427832578991345,0.3698882394018333,3.5836336395795687,-1.2866427087170385,2.1759126645516123
51.0,201.0,132.62808227539062,0.5479371659054912,1.4915106906779072,-4.0168287821850335,-3.4349824467745527,-0.5955271495185809,-0.5427832579015086,0.3698882394018333,3.5703208031567057,-1.2854039180628944,2.1750736287977723
51.0,201.0,132.62808227539062,0.5478948821106959,1.4915126322271512,-4.018565007985094,-3.429984982496617,-0.5849038134755663,-0.5427832579015086,0.3530703330578133,3.5836336395795687,-1.2874818471703546,2.1748392698901005
51.0,201.0,132.62808227539062,0.5478948821106959,1.4915121369401692,-4.017412237295675,-3.429984982496617,-0.5860867837023092,-0.5279721935780763,0.3535768109007595,3.5836336395795687,-1.2873476441941856,2.174267131087437
51.0,201.0,132.62808227539062,0.5478779684829103,1.4915100582119574,-4.016556178241865,-3.429931259189822,-0.5853959079524219,-0.5427832579015086,0.3699401538168486,3.5836336395795687,-1.2874814237295416,2.1748339715722382
51.0,201.0,132.62808227539062,0.5478948821106959,1.491510115505245,-4.018565007985094,-3.429984982496617,-0.585550776313577,-0.5279721935780763,0.3532251727814096,3.5836336395795687,-1.287454054547188,2.174196968619919
51.0,201.0,132.62808227539062,0.5478783960350889,1.4915126322271512,-4.0115682631224345,-3.429931259189822,-0.5853959079524219,-0.5427832577720734,0.3720227595107219,3.5836336401050257,-1.2874814237295416,2.1748392698901005
51.0,201.0,132.62808227539062,0.5478777894201731,1.4915126322271512,-4.013098196013769,-3.4348979588315944,-0.5853959079524219,-0.5427832579015086,0.3720227595107219,3.5836336395795687,-1.2853275760651472,2.175045059501364
51.0,201.0,132.62808227539062,0.5478951812995236,1.4915126322271512,-4.018565007985094,-3.429984982496617,-0.5848787132213917,-0.5427832579015086,0.3701326336091446,3.5836336395795687,-1.2874537400465145,2.1748392698901005
51.0,201.0,132.62808227539062,0.5479371659054912,1.49151008825493,-4.0168287821850335,-3.429984982496617,-0.5976865291217942,-0.542783257787162,0.3672821324565222,3.5836336395795687,-1.2874808364368373,2.1750736287977723
51.0,201.0,132.62808227539062,0.5478948821106959,1.4915126322271512,-4.016336684172381,-3.434426143155825,-0.5849038134755663,-0.542783257782956,0.3530703330578133,3.583633585422957,-1.287482651840964,2.176455547875888
51.0,201.0,132.62808227539062,0.5479371659054912,1.4915106906779072,-4.01855497464395,-3.4349824467745527,-0.5955271495185809,-0.5427832579015086,0.3698627616320903,3.57050069664492,-1.2873897371495855,2.1750736287977723
51.0,201.0,132.62808227539062,0.5478948821106959,1.4915126322271512,-4.018565007985094,-3.429984982496617,-0.5849038134755663,-0.5417862759426133,0.3530854246187211,3.5836336395795687,-1.2874818471703546,2.1748678712457337
51.0,201.0,132.62808227539062,0.5478783960350889,1.4915126322271512,-4.0115682631224345,-3.429931259189822,-0.5853959079524219,-0.5427832577720734,0.3720227595107219,3.5836336401050257,-1.2874814237295416,2.1748392698901005
51.0,201.0,132.62808227539062,0.5478783960350889,1.4915126322271512,-4.013231974046128,-3.429931259189822,-0.5853959079524219,-0.5427832579015086,0.3720227595107219,3.5836336395795687,-1.2874814237295416,2.1748392698901005
51.0,201.0,132.62808227539062,0.5478950984988996,1.4915047339481498,-4.018565007985094,-3.429984982496617,-0.5834720788807439,-0.5427832579015086,0.37059461730126,3.5836336395795687,-1.2874818471703546,2.1748392698901005
51.0,201.0,132.62808227539062,0.5478951812995236,1.4915126322271512,-4.018565007985094,-3.429984982496617,-0.5848779094820971,-0.5427832579015086,0.3712595339174763,3.5836336395795687,-1.2874537400465145,2.1748392698901005
51.0,201.0,132.62808227539062,0.5478931777771237,1.4915101485711668,-4.0168287821850335,-3.429984982496617,-0.5977682839019836,-0.542783257901822,0.3698227181191845,3.5836336395795687,-1.2866427087170385,2.1748619574352266
51.0,201.0,132.62808227539062,0.5479449431421275,1.4915089129393202,-4.017770283732102,-3.43453688910242,-0.5854467428281206,-0.542783257773751,0.353354811350459,3.583633584550882,-1.287480815620589,2.17524651555813
51.0,201.0,132.62808227539062,0.5478951812995236,1.4915126322271512,-4.016838815526177,-3.429984982496617,-0.5848787132213917,-0.5427832579015086,0.3701581113788876,3.583453746091355,-1.285467920959823,2.1748392698901005
51.0,201.0,132.62808227539062,0.5478783960350889,1.4915126322271512,-4.013231974046128,-3.429931259189822,-0.5853959079524219,-0.5427832579015086,0.3720227595107219,3.5836336395795687,-1.2874814237295416,2.1748392698901005
51.0,201.0,132.62808227539062,0.5479383768927283,1.4915101155575186,-4.016829557674948,-3.429984982496617,-0.5850526222642735,-0.5279721935780763,0.3532251727814096,3.5836336395795687,-1.2874550421735926,2.17506624229969
51.0,201.0,132.62808227539062,0.5479438126126436,1.4915126322271512,-4.018565007985094,-3.429984982496617,-0.5975194006387133,-0.5427832579015086,0.3701326336091446,3.5836336395795687,-1.2883035972994583,2.1748392698901005
51.0,201.0,132.62808227539062,0.5478948821106959,1.4915126322271512,-4.018565007985094,-3.429984982496617,-0.5849046172148611,-0.5427832579015086,0.3519434327494816,3.5836336395795687,-1.2874818471703546,2.1748392698901005
51.0,201.0,132.62808227539062,0.5479393208626762,1.4915125719109144,-4.040700792776991,-3.4299823092542527,-0.5848207046333247,-0.5427832578988211,0.3706601385839088,3.5836336395795687,-1.2874818471703546,2.1758899770064857
51.0,201.0,132.62808227539062,0.547893240534502,1.4915101155575186,-4.016602115314464,-3.4299850385750648,-0.5850544538520193,-0.542868027407921,0.3532251727814096,3.5836336395795687,-1.2874776621229187,2.174816816413067
51.0,201.0,132.62808227539062,0.5479452929074433,1.491512940693981,-4.0168287821850335,-3.429984982496617,-0.5976865291217942,-0.5427832577767248,0.3701307659505306,3.5836336395795687,-1.2604577640593833,2.174836722732591
51.0,201.0,132.62808227539062,0.5478950265838155,1.491512770167609,-4.018565007985094,-3.429984982496617,-0.5855074512728781,-0.5427832579015086,0.3527487862190276,3.5836336395795687,-1.2874808635451835,2.1748406629564485
51.0,201.0,132.62808227539062,0.547878504885672,1.4915126322271512,-4.013215937589671,-3.429916541685906,-0.5853959079524219,-0.5427832579015086,0.3720227595107219,3.5836336347399445,-1.2874814237295416,2.1765074249396017
51.0,201.0,132.62808227539062,0.5478783960350889,1.4915126322271512,-4.018712072817035,-3.42998471476643,-0.5853852880407711,-0.5427955023696167,0.3720227595107219,3.5836336395795687,-1.2874814237295416,2.1748392698901005
51.0,201.0,132.62808227539062,0.5478779684829103,1.4915100582119574,-4.016556178241865,-3.429931259189822,-0.5853959079524219,-0.5427832579015086,0.3699401538168486,3.5836336395795687,-1.2874814237295416,2.1748339715722382
51.0,201.0,132.62808227539062,0.5478951812995236,1.4915126322271512,-4.018636021066609,-3.429984982496617,-0.5848779094820971,-0.5427832579015086,0.3712595339174763,3.5836336395795687,-1.2874791234900465,2.1748392698901005
51.0,201.0,132.62808227539062,0.5479438126126436,1.4915126322271512,-4.018565007985094,-3.429797029743666,-0.5975194006387133,-0.5427832579015086,0.3701326336091446,3.583631041414792,-1.2883035972994583,2.1748437404861187
51.0,201.0,132.62808227539062,0.5479393208626762,1.491512578734157,-4.040700792776991,-3.429984855905507,-0.5848207046333247,-0.542783257901575,0.370127098797437,3.5836336395795687,-1.2874801288957012,2.1758899770064857
51.0,201.0,132.62808227539062,0.5478779529403618,1.4915101047517092,-4.016563736223173,-3.429931259189822,-0.5853959079524219,-0.5427832579015086,0.3720227595107219,3.5836336395795687,-1.2874814237295416,2.174834069959463
51.0,201.0,132.62808227539062,0.5479371659054912,1.4915126739937374,-4.018641735686635,-3.429984982496617,-0.584232498697843,-0.5427832579015086,0.3698630959681335,3.5836336395795687,-1.2874539373312437,2.1750736287977723
51.0,201.0,132.62808227539062,0.5478751027957012,1.4915089918222544,-4.017770283732102,-3.43453688910242,-0.5854467428281206,-0.5427832578927154,0.353354811350459,3.583633584550882,-1.2874814327830302,2.1748304111604275
51.0,201.0,132.62808227539062,0.5479443307532503,1.4915089129393202,-4.020530599517375,-3.434557513050347,-0.5873265663083467,-0.542783257773751,0.3700575018888117,3.5836336377119413,-1.287454917965219,2.175238943496297
51.0,201.0,132.62808227539062,0.5478941344508481,1.4915097797880998,-4.018565007985094,-3.429984982496617,-0.5848787132213917,-0.5427832579015086,0.3698901070604473,3.5836336395795687,-1.2862456100693846,2.175915211709121
51.0,202.0,132.62808227539062,0.5478948821106959,1.4915126322271512,-4.018565007985094,-3.429984982496617,-0.5849024594135139,-0.5427832579015086,0.3701326336091446,3.5836336395795687,-1.287454054547188,2.1748392698901005
51.0,202.0,132.62808227539062,0.5478948821106959,1.4915126322271512,-4.018565007985094,-3.429984982496617,-0.5849024594135139,-0.5427832579015086,0.37059461730126,3.5836336395795687,-1.2874818471703546,2.1748392698901005
51.0,202.0,132.62808227539062,0.5478948821106959,1.4915125369362046,-4.018565007985094,-3.429984982496617,-0.585550776313577,-0.5279721935780763,0.3535768109007595,3.5836336395795687,-1.287454054547188,2.174267131087437
51.0,202.0,132.62808227539062,0.5479371659054912,1.49151008825493,-4.0168287821850335,-3.429984982496617,-0.5976865291217942,-0.5427832579015086,0.3698882394018333,3.5836336395795687,-1.2874808364368373,2.1750736287977723
51.0,202.0,132.62808227539062,0.5478783960350889,1.4915126322271512,-4.013231974046128,-3.429931259189822,-0.5853959079524219,-0.5427832579015086,0.3720227595107219,3.5836336395795687,-1.2874814237295416,2.1748392698901005
51.0,202.0,132.62808227539062,0.5478948821106959,1.4915126322271512,-4.018565007985094,-3.429984982496617,-0.5849038134755663,-0.5427832579015086,0.3530703330578133,3.5836336395795687,-1.2874818471703546,2.1748392698901005
51.0,202.0,132.62808227539062,0.5478948821106959,1.4915126322271512,-4.016336684172381,-3.434426143155825,-0.5849038134755663,-0.542783257782956,0.3530703330578133,3.583633585422957,-1.2873613426977333,2.1764212863434835
51.0,202.0,132.62808227539062,0.5478948821106959,1.4915126322271512,-4.018565007985094,-3.429984982496617,-0.5849024594135139,-0.5427832579015086,0.3701326336091446,3.5836336395795687,-1.287454054547188,2.1748392698901005
51.0,202.0,132.62808227539062,0.5478783960350889,1.4915126322271512,-4.013231974046128,-3.429931259189822,-0.5853959079524219,-0.5427832579015086,0.3720227595107219,3.5836336395795687,-1.2874814237295416,2.1748392698901005
51.0,202.0,132.62808227539062,0.5478948821106959,1.4915126322271512,-4.013322040356646,-3.4299823092542527,-0.5849024594135139,-0.5427832579015086,0.37059461730126,3.5836336395795687,-1.2874818471703546,2.1748392698901005
51.0,202.0,132.62808227539062,0.5479442460587678,1.49151008825493,-4.0168287821850335,-3.429984982496617,-0.5976865291217942,-0.5427832577767248,0.3698882394018333,3.5836336395795687,-1.2592496340822534,2.1759126645516123
51.0,202.0,132.62808227539062,0.547937616529104,1.49151008825493,-4.0168287821850335,-3.429984982496617,-0.5976865291217942,-0.5427832578991345,0.3698882394018333,3.5836336395795687,-1.2866427087170385,2.1759126645516123
51.0,202.0,132.62808227539062,0.5479371659054912,1.4915106906779072,-4.0168287821850335,-3.4349824467745527,-0.5955271495185809,-0.5427832579015086,0.3698882394018333,3.5703208031567057,-1.2854039180628944,2.1750736287977723
51.0,202.0,132.62808227539062,0.5478948821106959,1.4915126322271512,-4.018565007985094,-3.429984982496617,-0.5849038134755663,-0.5427832579015086,0.3530703330578133,3.5836336395795687,-1.2874818471703546,2.1748392698901005
51.0,202.0,132.62808227539062,0.5478948821106959,1.4915121369401692,-4.017412237295675,-3.429984982496617,-0.5860867837023092,-0.5279721935780763,0.3535768109007595,3.5836336395795687,-1.2873476441941856,2.174267131087437
51.0,202.0,132.62808227539062,0.5478779684829103,1.4915100582119574,-4.016556178241865,-3.429931259189822,-0.5853959079524219,-0.5427832579015086,0.3699401538168486,3.5836336395795687,-1.2874814237295416,2.1748339715722382
51.0,202.0,132.62808227539062,0.5478948821106959,1.491510115505245,-4.018565007985094,-3.429984982496617,-0.585550776313577,-0.5279721935780763,0.3532251727814096,3.5836336395795687,-1.287454054547188,2.174196968619919
51.0,202.0,132.62808227539062,0.5478783960350889,1.4915126322271512,-4.0115682631224345,-3.429931259189822,-0.5853959079524219,-0.5427832577720734,0.3720227595107219,3.5836336401050257,-1.2874814237295416,2.1748392698901005
51.0,202.0,132.62808227539062,0.5478777894201731,1.4915126322271512,-4.013098196013769,-3.4348979588315944,-0.5853959079524219,-0.5427832579015086,0.3720227595107219,3.5836336395795687,-1.2853275760651472,2.175045059501364
51.0,202.0,132.62808227539062,0.5478951812995236,1.4915126322271512,-4.018565007985094,-3.429984982496617,-0.5848787132213917,-0.5427832579015086,0.3701326336091446,3.5836336395795687,-1.2874537400465145,2.1748392698901005
51.0,202.0,132.62808227539062,0.5479371659054912,1.49151008825493,-4.0168287821850335,-3.429984982496617,-0.5976865291217942,-0.542783257787162,0.3672821324565222,3.5836336395795687,-1.2874808364368373,2.1750736287977723
51.0,202.0,132.62808227539062,0.5478948821106959,1.4915126322271512,-4.016336684172381,-3.434426143155825,-0.5849038134755663,-0.542783257782956,0.3530703330578133,3.583633585422957,-1.287482651840964,2.176455547875888
51.0,202.0,132.62808227539062,0.5479371659054912,1.4915106906779072,-4.01855497464395,-3.4349824467745527,-0.5955271495185809,-0.5427832579015086,0.3698627616320903,3.57050069664492,-1.2873897371495855,2.1750736287977723
51.0,202.0,132.62808227539062,0.5478948821106959,1.4915126322271512,-4.018565007985094,-3.429984982496617,-0.5849038134755663,-0.5417862759426133,0.3530854246187211,3.5836336395795687,-1.2874818471703546,2.1748678712457337
51.0,202.0,132.62808227539062,0.5478783960350889,1.4915126322271512,-4.0115682631224345,-3.429931259189822,-0.5853959079524219,-0.5427832577720734,0.3720227595107219,3.5836336401050257,-1.2874814237295416,2.1748392698901005
51.0,202.0,132.62808227539062,0.5478783960350889,1.4915126322271512,-4.013231974046128,-3.429931259189822,-0.5853959079524219,-0.5427832579015086,0.3720227595107219,3.5836336395795687,-1.2874814237295416,2.1748392698901005
51.0,202.0,132.62808227539062,0.5478950984988996,1.4915047339481498,-4.018565007985094,-3.429984982496617,-0.5834720788807439,-0.5427832579015086,0.37059461730126,3.5836336395795687,-1.2874818471703546,2.1748392698901005
51.0,202.0,132.62808227539062,0.5478951812995236,1.4915126322271512,-4.018565007985094,-3.429984982496617,-0.5848779094820971,-0.5427832579015086,0.3712595339174763,3.5836336395795687,-1.2874537400465145,2.1748392698901005
51.0,202.0,132.62808227539062,0.5478931777771237,1.4915101485711668,-4.0168287821850335,-3.429984982496617,-0.5977682839019836,-0.542783257901822,0.3698227181191845,3.5836336395795687,-1.2866427087170385,2.1748619574352266
51.0,202.0,132.62808227539062,0.5479449431421275,1.4915089129393202,-4.017770283732102,-3.43453688910242,-0.5854467428281206,-0.542783257773751,0.353354811350459,3.583633584550882,-1.287480815620589,2.17524651555813
51.0,202.0,132.62808227539062,0.5478951812995236,1.4915126322271512,-4.016838815526177,-3.429984982496617,-0.5848787132213917,-0.5427832579015086,0.3701581113788876,3.583453746091355,-1.285467920959823,2.1748392698901005
51.0,202.0,132.62808227539062,0.5478783960350889,1.4915126322271512,-4.013231974046128,-3.429931259189822,-0.5853959079524219,-0.5427832579015086,0.3720227595107219,3.5836336395795687,-1.2874814237295416,2.1748392698901005
51.0,202.0,132.62808227539062,0.5479383768927283,1.4915101155575186,-4.016829557674948,-3.429984982496617,-0.5850526222642735,-0.5279721935780763,0.3532251727814096,3.5836336395795687,-1.2874550421735926,2.17506624229969
51.0,202.0,132.62808227539062,0.5479438126126436,1.4915126322271512,-4.018565007985094,-3.429984982496617,-0.5975194006387133,-0.5427832579015086,0.3701326336091446,3.5836336395795687,-1.2883035972994583,2.1748392698901005
51.0,202.0,132.62808227539062,0.5478948821106959,1.4915126322271512,-4.018565007985094,-3.429984982496617,-0.5849046172148611,-0.5427832579015086,0.3519434327494816,3.5836336395795687,-1.2874818471703546,2.1748392698901005
51.0,202.0,132.62808227539062,0.5479393208626762,1.4915125719109144,-4.040700792776991,-3.4299823092542527,-0.5848207046333247,-0.5427832578988211,0.3706601385839088,3.5836336395795687,-1.2874818471703546,2.1758899770064857
51.0,202.0,132.62808227539062,0.547893240534502,1.4915101155575186,-4.016602115314464,-3.4299850385750648,-0.5850544538520193,-0.542868027407921,0.3532251727814096,3.5836336395795687,-1.2874776621229187,2.174816816413067
51.0,202.0,132.62808227539062,0.5479452929074433,1.491512940693981,-4.0168287821850335,-3.429984982496617,-0.5976865291217942,-0.5427832577767248,0.3701307659505306,3.5836336395795687,-1.2604577640593833,2.174836722732591
51.0,202.0,132.62808227539062,0.5478950265838155,1.491512770167609,-4.018565007985094,-3.429984982496617,-0.5855074512728781,-0.5427832579015086,0.3527487862190276,3.5836336395795687,-1.2874808635451835,2.1748406629564485
51.0,202.0,132.62808227539062,0.547878504885672,1.4915126322271512,-4.013215937589671,-3.429916541685906,-0.5853959079524219,-0.5427832579015086,0.3720227595107219,3.5836336347399445,-1.2874814237295416,2.1765074249396017
51.0,202.0,132.62808227539062,0.5478783960350889,1.4915126322271512,-4.018712072817035,-3.42998471476643,-0.5853852880407711,-0.5427955023696167,0.3720227595107219,3.5836336395795687,-1.2874814237295416,2.1748392698901005
51.0,202.0,132.62808227539062,0.5478779684829103,1.4915100582119574,-4.016556178241865,-3.429931259189822,-0.5853959079524219,-0.5427832579015086,0.3699401538168486,3.5836336395795687,-1.2874814237295416,2.1748339715722382
51.0,202.0,132.62808227539062,0.5478951812995236,1.4915126322271512,-4.018636021066609,-3.429984982496617,-0.5848779094820971,-0.5427832579015086,0.3712595339174763,3.5836336395795687,-1.2874791234900465,2.1748392698901005
51.0,202.0,132.62808227539062,0.5479438126126436,1.4915126322271512,-4.018565007985094,-3.429797029743666,-0.5975194006387133,-0.5427832579015086,0.3701326336091446,3.583631041414792,-1.2883035972994583,2.1748437404861187
51.0,202.0,132.62808227539062,0.5479393208626762,1.491512578734157,-4.040700792776991,-3.429984855905507,-0.5848207046333247,-0.542783257901575,0.370127098797437,3.5836336395795687,-1.2874801288957012,2.1758899770064857
51.0,202.0,132.62808227539062,0.5478779529403618,1.4915101047517092,-4.016563736223173,-3.429931259189822,-0.5853959079524219,-0.5427832579015086,0.3720227595107219,3.5836336395795687,-1.2874814237295416,2.174834069959463
51.0,202.0,132.62808227539062,0.5479371659054912,1.4915126739937374,-4.018641735686635,-3.429984982496617,-0.584232498697843,-0.5427832579015086,0.3698630959681335,3.5836336395795687,-1.2874539373312437,2.1750736287977723
51.0,202.0,132.62808227539062,0.5478751027957012,1.4915089918222544,-4.017770283732102,-3.43453688910242,-0.5854467428281206,-0.5427832578927154,0.353354811350459,3.583633584550882,-1.2874814327830302,2.1748304111604275
51.0,202.0,132.62808227539062,0.5479443307532503,1.4915089129393202,-4.020530599517375,-3.434557513050347,-0.5873265663083467,-0.542783257773751,0.3700575018888117,3.5836336377119413,-1.287454917965219,2.175238943496297
51.0,202.0,132.62808227539062,0.5478941344508481,1.4915097797880998,-4.018565007985094,-3.429984982496617,-0.5848787132213917,-0.5427832579015086,0.3698901070604473,3.5836336395795687,-1.2862456100693846,2.175915211709121
51.0,203.0,132.62808227539062,0.5478948821106959,1.4915126322271512,-4.018565007985094,-3.429984982496617,-0.5849024594135139,-0.5427832579015086,0.3701326336091446,3.5836336395795687,-1.287454054547188,2.1748392698901005
51.0,203.0,132.62808227539062,0.5478948821106959,1.4915126322271512,-4.018565007985094,-3.429984982496617,-0.5849024594135139,-0.5427832579015086,0.37059461730126,3.5836336395795687,-1.2874818471703546,2.1748392698901005
51.0,203.0,132.62808227539062,0.5478948821106959,1.4915125369362046,-4.018565007985094,-3.429984982496617,-0.585550776313577,-0.5279721935780763,0.3535768109007595,3.5836336395795687,-1.287454054547188,2.174267131087437
51.0,203.0,132.62808227539062,0.5479371659054912,1.49151008825493,-4.0168287821850335,-3.429984982496617,-0.5976865291217942,-0.5427832579015086,0.3698882394018333,3.5836336395795687,-1.2874808364368373,2.1750736287977723
51.0,203.0,132.62808227539062,0.5478783960350889,1.4915126322271512,-4.013231974046128,-3.429931259189822,-0.5853959079524219,-0.5427832579015086,0.3720227595107219,3.5836336395795687,-1.2874814237295416,2.1748392698901005
51.0,203.0,132.62808227539062,0.5478948821106959,1.4915126322271512,-4.018565007985094,-3.429984982496617,-0.5849038134755663,-0.5427832579015086,0.3530703330578133,3.5836336395795687,-1.2874818471703546,2.1748392698901005
51.0,203.0,132.62808227539062,0.5478948821106959,1.4915126322271512,-4.016336684172381,-3.434426143155825,-0.5849038134755663,-0.542783257782956,0.3530703330578133,3.583633585422957,-1.2873613426977333,2.1764212863434835
51.0,203.0,132.62808227539062,0.5478948821106959,1.4915126322271512,-4.018565007985094,-3.429984982496617,-0.5849024594135139,-0.5427832579015086,0.3701326336091446,3.5836336395795687,-1.287454054547188,2.1748392698901005
51.0,203.0,132.62808227539062,0.5478783960350889,1.4915126322271512,-4.013231974046128,-3.429931259189822,-0.5853959079524219,-0.5427832579015086,0.3720227595107219,3.5836336395795687,-1.2874814237295416,2.1748392698901005
51.0,203.0,132.62808227539062,0.5478948821106959,1.4915126322271512,-4.013322040356646,-3.4299823092542527,-0.5849024594135139,-0.5427832579015086,0.37059461730126,3.5836336395795687,-1.2874818471703546,2.1748392698901005
51.0,203.0,132.62808227539062,0.5479442460587678,1.49151008825493,-4.0168287821850335,-3.429984982496617,-0.5976865291217942,-0.5427832577767248,0.3698882394018333,3.5836336395795687,-1.2592496340822534,2.1759126645516123
51.0,203.0,132.62808227539062,0.547937616529104,1.49151008825493,-4.0168287821850335,-3.429984982496617,-0.5976865291217942,-0.5427832578991345,0.3698882394018333,3.5836336395795687,-1.2866427087170385,2.1759126645516123
51.0,203.0,132.62808227539062,0.5479371659054912,1.4915106906779072,-4.0168287821850335,-3.4349824467745527,-0.5955271495185809,-0.5427832579015086,0.3698882394018333,3.5703208031567057,-1.2854039180628944,2.1750736287977723
51.0,203.0,132.62808227539062,0.5478948821106959,1.4915126322271512,-4.018565007985094,-3.429984982496617,-0.5849038134755663,-0.5427832579015086,0.3530703330578133,3.5836336395795687,-1.2874818471703546,2.1748392698901005
51.0,203.0,132.62808227539062,0.5478948821106959,1.4915121369401692,-4.017412237295675,-3.429984982496617,-0.5860867837023092,-0.5279721935780763,0.3535768109007595,3.5836336395795687,-1.2873476441941856,2.174267131087437
51.0,203.0,132.62808227539062,0.5478779684829103,1.4915100582119574,-4.016556178241865,-3.429931259189822,-0.5853959079524219,-0.5427832579015086,0.3699401538168486,3.5836336395795687,-1.2874814237295416,2.1748339715722382
51.0,203.0,132.62808227539062,0.5478948821106959,1.491510115505245,-4.018565007985094,-3.429984982496617,-0.585550776313577,-0.5279721935780763,0.3532251727814096,3.5836336395795687,-1.287454054547188,2.174196968619919
51.0,203.0,132.62808227539062,0.5478783960350889,1.4915126322271512,-4.0115682631224345,-3.429931259189822,-0.5853959079524219,-0.5427832577720734,0.3720227595107219,3.5836336401050257,-1.2874814237295416,2.1748392698901005
51.0,203.0,132.62808227539062,0.5478777894201731,1.4915126322271512,-4.013098196013769,-3.4348979588315944,-0.5853959079524219,-0.5427832579015086,0.3720227595107219,3.5836336395795687,-1.2853275760651472,2.175045059501364
51.0,203.0,132.62808227539062,0.5478951812995236,1.4915126322271512,-4.018565007985094,-3.429984982496617,-0.5848787132213917,-0.5427832579015086,0.3701326336091446,3.5836336395795687,-1.2874537400465145,2.1748392698901005
51.0,203.0,132.62808227539062,0.5479371659054912,1.49151008825493,-4.0168287821850335,-3.429984982496617,-0.5976865291217942,-0.542783257787162,0.3672821324565222,3.5836336395795687,-1.2874808364368373,2.1750736287977723
51.0,203.0,132.62808227539062,0.5478948821106959,1.4915126322271512,-4.016336684172381,-3.434426143155825,-0.5849038134755663,-0.542783257782956,0.3530703330578133,3.583633585422957,-1.287482651840964,2.176455547875888
51.0,203.0,132.62808227539062,0.5479371659054912,1.4915106906779072,-4.01855497464395,-3.4349824467745527,-0.5955271495185809,-0.5427832579015086,0.3698627616320903,3.57050069664492,-1.2873897371495855,2.1750736287977723
51.0,203.0,132.62808227539062,0.5478948821106959,1.4915126322271512,-4.018565007985094,-3.429984982496617,-0.5849038134755663,-0.5417862759426133,0.3530854246187211,3.5836336395795687,-1.2874818471703546,2.1748678712457337
51.0,203.0,132.62808227539062,0.5478783960350889,1.4915126322271512,-4.0115682631224345,-3.429931259189822,-0.5853959079524219,-0.5427832577720734,0.3720227595107219,3.5836336401050257,-1.2874814237295416,2.1748392698901005
51.0,203.0,132.62808227539062,0.5478783960350889,1.4915126322271512,-4.013231974046128,-3.429931259189822,-0.5853959079524219,-0.5427832579015086,0.3720227595107219,3.5836336395795687,-1.2874814237295416,2.1748392698901005
51.0,203.0,132.62808227539062,0.5478950984988996,1.4915047339481498,-4.018565007985094,-3.429984982496617,-0.5834720788807439,-0.5427832579015086,0.37059461730126,3.5836336395795687,-1.2874818471703546,2.1748392698901005
51.0,203.0,132.62808227539062,0.5478951812995236,1.4915126322271512,-4.018565007985094,-3.429984982496617,-0.5848779094820971,-0.5427832579015086,0.3712595339174763,3.5836336395795687,-1.2874537400465145,2.1748392698901005
51.0,203.0,132.62808227539062,0.5478931777771237,1.4915101485711668,-4.0168287821850335,-3.429984982496617,-0.5977682839019836,-0.542783257901822,0.3698227181191845,3.5836336395795687,-1.2866427087170385,2.1748619574352266
51.0,203.0,132.62808227539062,0.5479449431421275,1.4915089129393202,-4.017770283732102,-3.43453688910242,-0.5854467428281206,-0.542783257773751,0.353354811350459,3.583633584550882,-1.287480815620589,2.17524651555813
51.0,203.0,132.62808227539062,0.5478951812995236,1.4915126322271512,-4.016838815526177,-3.429984982496617,-0.5848787132213917,-0.5427832579015086,0.3701581113788876,3.583453746091355,-1.285467920959823,2.1748392698901005
51.0,203.0,132.62808227539062,0.5478783960350889,1.4915126322271512,-4.013231974046128,-3.429931259189822,-0.5853959079524219,-0.5427832579015086,0.3720227595107219,3.5836336395795687,-1.2874814237295416,2.1748392698901005
51.0,203.0,132.62808227539062,0.5479383768927283,1.4915101155575186,-4.016829557674948,-3.429984982496617,-0.5850526222642735,-0.5279721935780763,0.3532251727814096,3.5836336395795687,-1.2874550421735926,2.17506624229969
51.0,203.0,132.62808227539062,0.5479438126126436,1.4915126322271512,-4.018565007985094,-3.429984982496617,-0.5975194006387133,-0.5427832579015086,0.3701326336091446,3.5836336395795687,-1.2883035972994583,2.1748392698901005
51.0,203.0,132.62808227539062,0.5478948821106959,1.4915126322271512,-4.018565007985094,-3.429984982496617,-0.5849046172148611,-0.5427832579015086,0.3519434327494816,3.5836336395795687,-1.2874818471703546,2.1748392698901005
51.0,203.0,132.62808227539062,0.5479393208626762,1.4915125719109144,-4.040700792776991,-3.4299823092542527,-0.5848207046333247,-0.5427832578988211,0.3706601385839088,3.5836336395795687,-1.2874818471703546,2.1758899770064857
51.0,203.0,132.62808227539062,0.547893240534502,1.4915101155575186,-4.016602115314464,-3.4299850385750648,-0.5850544538520193,-0.542868027407921,0.3532251727814096,3.5836336395795687,-1.2874776621229187,2.174816816413067
51.0,203.0,132.62808227539062,0.5479452929074433,1.491512940693981,-4.0168287821850335,-3.429984982496617,-0.5976865291217942,-0.5427832577767248,0.3701307659505306,3.5836336395795687,-1.2604577640593833,2.174836722732591
51.0,203.0,132.62808227539062,0.5478950265838155,1.491512770167609,-4.018565007985094,-3.429984982496617,-0.5855074512728781,-0.5427832579015086,0.3527487862190276,3.5836336395795687,-1.2874808635451835,2.1748406629564485
51.0,203.0,132.62808227539062,0.547878504885672,1.4915126322271512,-4.013215937589671,-3.429916541685906,-0.5853959079524219,-0.5427832579015086,0.3720227595107219,3.5836336347399445,-1.2874814237295416,2.1765074249396017
51.0,203.0,132.62808227539062,0.5478783960350889,1.4915126322271512,-4.018712072817035,-3.42998471476643,-0.5853852880407711,-0.5427955023696167,0.3720227595107219,3.5836336395795687,-1.2874814237295416,2.1748392698901005
51.0,203.0,132.62808227539062,0.5478779684829103,1.4915100582119574,-4.016556178241865,-3.429931259189822,-0.5853959079524219,-0.5427832579015086,0.3699401538168486,3.5836336395795687,-1.2874814237295416,2.1748339715722382
51.0,203.0,132.62808227539062,0.5478951812995236,1.4915126322271512,-4.018636021066609,-3.429984982496617,-0.5848779094820971,-0.5427832579015086,0.3712595339174763,3.5836336395795687,-1.2874791234900465,2.1748392698901005
51.0,203.0,132.62808227539062,0.5479438126126436,1.4915126322271512,-4.018565007985094,-3.429797029743666,-0.5975194006387133,-0.5427832579015086,0.3701326336091446,3.583631041414792,-1.2883035972994583,2.1748437404861187
51.0,203.0,132.62808227539062,0.5479393208626762,1.491512578734157,-4.040700792776991,-3.429984855905507,-0.5848207046333247,-0.542783257901575,0.370127098797437,3.5836336395795687,-1.2874801288957012,2.1758899770064857
51.0,203.0,132.62808227539062,0.5478779529403618,1.4915101047517092,-4.016563736223173,-3.429931259189822,-0.5853959079524219,-0.5427832579015086,0.3720227595107219,3.5836336395795687,-1.2874814237295416,2.174834069959463
51.0,203.0,132.62808227539062,0.5479371659054912,1.4915126739937374,-4.018641735686635,-3.429984982496617,-0.584232498697843,-0.5427832579015086,0.3698630959681335,3.5836336395795687,-1.2874539373312437,2.1750736287977723
51.0,203.0,132.62808227539062,0.5478751027957012,1.4915089918222544,-4.017770283732102,-3.43453688910242,-0.5854467428281206,-0.5427832578927154,0.353354811350459,3.583633584550882,-1.2874814327830302,2.1748304111604275
51.0,203.0,132.62808227539062,0.5479443307532503,1.4915089129393202,-4.020530599517375,-3.434557513050347,-0.5873265663083467,-0.542783257773751,0.3700575018888117,3.5836336377119413,-1.287454917965219,2.175238943496297
51.0,203.0,132.62808227539062,0.5478941344508481,1.4915097797880998,-4.018565007985094,-3.429984982496617,-0.5848787132213917,-0.5427832579015086,0.3698901070604473,3.5836336395795687,-1.2862456100693846,2.175915211709121
51.0,204.0,132.62808227539062,0.5478948821106959,1.4915126322271512,-4.018565007985094,-3.429984982496617,-0.5849024594135139,-0.5427832579015086,0.3701326336091446,3.5836336395795687,-1.287454054547188,2.1748392698901005
51.0,204.0,132.62808227539062,0.5478948821106959,1.4915126322271512,-4.018565007985094,-3.429984982496617,-0.5849024594135139,-0.5427832579015086,0.37059461730126,3.5836336395795687,-1.2874818471703546,2.1748392698901005
51.0,204.0,132.62808227539062,0.5478948821106959,1.4915125369362046,-4.018565007985094,-3.429984982496617,-0.585550776313577,-0.5279721935780763,0.3535768109007595,3.5836336395795687,-1.287454054547188,2.174267131087437
51.0,204.0,132.62808227539062,0.5479371659054912,1.49151008825493,-4.0168287821850335,-3.429984982496617,-0.5976865291217942,-0.5427832579015086,0.3698882394018333,3.5836336395795687,-1.2874808364368373,2.1750736287977723
51.0,204.0,132.62808227539062,0.5478783960350889,1.4915126322271512,-4.013231974046128,-3.429931259189822,-0.5853959079524219,-0.5427832579015086,0.3720227595107219,3.5836336395795687,-1.2874814237295416,2.1748392698901005
51.0,204.0,132.62808227539062,0.5478948821106959,1.4915126322271512,-4.018565007985094,-3.429984982496617,-0.5849038134755663,-0.5427832579015086,0.3530703330578133,3.5836336395795687,-1.2874818471703546,2.1748392698901005
51.0,204.0,132.62808227539062,0.5478948821106959,1.4915126322271512,-4.016336684172381,-3.434426143155825,-0.5849038134755663,-0.542783257782956,0.3530703330578133,3.583633585422957,-1.2873613426977333,2.1764212863434835
51.0,204.0,132.62808227539062,0.5478948821106959,1.4915126322271512,-4.018565007985094,-3.429984982496617,-0.5849024594135139,-0.5427832579015086,0.3701326336091446,3.5836336395795687,-1.287454054547188,2.1748392698901005
51.0,204.0,132.62808227539062,0.5478783960350889,1.4915126322271512,-4.013231974046128,-3.429931259189822,-0.5853959079524219,-0.5427832579015086,0.3720227595107219,3.5836336395795687,-1.2874814237295416,2.1748392698901005
51.0,204.0,132.62808227539062,0.5478948821106959,1.4915126322271512,-4.013322040356646,-3.4299823092542527,-0.5849024594135139,-0.5427832579015086,0.37059461730126,3.5836336395795687,-1.2874818471703546,2.1748392698901005
51.0,204.0,132.62808227539062,0.5479442460587678,1.49151008825493,-4.0168287821850335,-3.429984982496617,-0.5976865291217942,-0.5427832577767248,0.3698882394018333,3.5836336395795687,-1.2592496340822534,2.1759126645516123
51.0,204.0,132.62808227539062,0.547937616529104,1.49151008825493,-4.0168287821850335,-3.429984982496617,-0.5976865291217942,-0.5427832578991345,0.3698882394018333,3.5836336395795687,-1.2866427087170385,2.1759126645516123
51.0,204.0,132.62808227539062,0.5479371659054912,1.4915106906779072,-4.0168287821850335,-3.4349824467745527,-0.5955271495185809,-0.5427832579015086,0.3698882394018333,3.5703208031567057,-1.2854039180628944,2.1750736287977723
51.0,204.0,132.62808227539062,0.5478948821106959,1.4915126322271512,-4.018565007985094,-3.429984982496617,-0.5849038134755663,-0.5427832579015086,0.3530703330578133,3.5836336395795687,-1.2874818471703546,2.1748392698901005
51.0,204.0,132.62808227539062,0.5478948821106959,1.4915121369401692,-4.017412237295675,-3.429984982496617,-0.5860867837023092,-0.5279721935780763,0.3535768109007595,3.5836336395795687,-1.2873476441941856,2.174267131087437
51.0,204.0,132.62808227539062,0.5478779684829103,1.4915100582119574,-4.016556178241865,-3.429931259189822,-0.5853959079524219,-0.5427832579015086,0.3699401538168486,3.5836336395795687,-1.2874814237295416,2.1748339715722382
51.0,204.0,132.62808227539062,0.5478948821106959,1.491510115505245,-4.018565007985094,-3.429984982496617,-0.585550776313577,-0.5279721935780763,0.3532251727814096,3.5836336395795687,-1.287454054547188,2.174196968619919
51.0,204.0,132.62808227539062,0.5478783960350889,1.4915126322271512,-4.0115682631224345,-3.429931259189822,-0.5853959079524219,-0.5427832577720734,0.3720227595107219,3.5836336401050257,-1.2874814237295416,2.1748392698901005
51.0,204.0,132.62808227539062,0.5478777894201731,1.4915126322271512,-4.013098196013769,-3.4348979588315944,-0.5853959079524219,-0.5427832579015086,0.3720227595107219,3.5836336395795687,-1.2853275760651472,2.175045059501364
51.0,204.0,132.62808227539062,0.5478951812995236,1.4915126322271512,-4.018565007985094,-3.429984982496617,-0.5848787132213917,-0.5427832579015086,0.3701326336091446,3.5836336395795687,-1.2874537400465145,2.1748392698901005
51.0,204.0,132.62808227539062,0.5479371659054912,1.49151008825493,-4.0168287821850335,-3.429984982496617,-0.5976865291217942,-0.542783257787162,0.3672821324565222,3.5836336395795687,-1.2874808364368373,2.1750736287977723
51.0,204.0,132.62808227539062,0.5478948821106959,1.4915126322271512,-4.016336684172381,-3.434426143155825,-0.5849038134755663,-0.542783257782956,0.3530703330578133,3.583633585422957,-1.287482651840964,2.176455547875888
51.0,204.0,132.62808227539062,0.5479371659054912,1.4915106906779072,-4.01855497464395,-3.4349824467745527,-0.5955271495185809,-0.5427832579015086,0.3698627616320903,3.57050069664492,-1.2873897371495855,2.1750736287977723
51.0,204.0,132.62808227539062,0.5478948821106959,1.4915126322271512,-4.018565007985094,-3.429984982496617,-0.5849038134755663,-0.5417862759426133,0.3530854246187211,3.5836336395795687,-1.2874818471703546,2.1748678712457337
51.0,204.0,132.62808227539062,0.5478783960350889,1.4915126322271512,-4.0115682631224345,-3.429931259189822,-0.5853959079524219,-0.5427832577720734,0.3720227595107219,3.5836336401050257,-1.2874814237295416,2.1748392698901005
51.0,204.0,132.62808227539062,0.5478783960350889,1.4915126322271512,-4.013231974046128,-3.429931259189822,-0.5853959079524219,-0.5427832579015086,0.3720227595107219,3.5836336395795687,-1.2874814237295416,2.1748392698901005
51.0,204.0,132.62808227539062,0.5478950984988996,1.4915047339481498,-4.018565007985094,-3.429984982496617,-0.5834720788807439,-0.5427832579015086,0.37059461730126,3.5836336395795687,-1.2874818471703546,2.1748392698901005
51.0,204.0,132.62808227539062,0.5478951812995236,1.4915126322271512,-4.018565007985094,-3.429984982496617,-0.5848779094820971,-0.5427832579015086,0.3712595339174763,3.5836336395795687,-1.2874537400465145,2.1748392698901005
51.0,204.0,132.62808227539062,0.5478931777771237,1.4915101485711668,-4.0168287821850335,-3.429984982496617,-0.5977682839019836,-0.542783257901822,0.3698227181191845,3.5836336395795687,-1.2866427087170385,2.1748619574352266
51.0,204.0,132.62808227539062,0.5479449431421275,1.4915089129393202,-4.017770283732102,-3.43453688910242,-0.5854467428281206,-0.542783257773751,0.353354811350459,3.583633584550882,-1.287480815620589,2.17524651555813
51.0,204.0,132.62808227539062,0.5478951812995236,1.4915126322271512,-4.016838815526177,-3.429984982496617,-0.5848787132213917,-0.5427832579015086,0.3701581113788876,3.583453746091355,-1.285467920959823,2.1748392698901005
51.0,204.0,132.62808227539062,0.5478783960350889,1.4915126322271512,-4.013231974046128,-3.429931259189822,-0.5853959079524219,-0.5427832579015086,0.3720227595107219,3.5836336395795687,-1.2874814237295416,2.1748392698901005
51.0,204.0,132.62808227539062,0.5479383768927283,1.4915101155575186,-4.016829557674948,-3.429984982496617,-0.5850526222642735,-0.5279721935780763,0.3532251727814096,3.5836336395795687,-1.2874550421735926,2.17506624229969
51.0,204.0,132.62808227539062,0.5479438126126436,1.4915126322271512,-4.018565007985094,-3.429984982496617,-0.5975194006387133,-0.5427832579015086,0.3701326336091446,3.5836336395795687,-1.2883035972994583,2.1748392698901005
51.0,204.0,132.62808227539062,0.5478948821106959,1.4915126322271512,-4.018565007985094,-3.429984982496617,-0.5849046172148611,-0.5427832579015086,0.3519434327494816,3.5836336395795687,-1.2874818471703546,2.1748392698901005
51.0,204.0,132.62808227539062,0.5479393208626762,1.4915125719109144,-4.040700792776991,-3.4299823092542527,-0.5848207046333247,-0.5427832578988211,0.3706601385839088,3.5836336395795687,-1.2874818471703546,2.1758899770064857
51.0,204.0,132.62808227539062,0.547893240534502,1.4915101155575186,-4.016602115314464,-3.4299850385750648,-0.5850544538520193,-0.542868027407921,0.3532251727814096,3.5836336395795687,-1.2874776621229187,2.174816816413067
51.0,204.0,132.62808227539062,0.5479452929074433,1.491512940693981,-4.0168287821850335,-3.429984982496617,-0.5976865291217942,-0.5427832577767248,0.3701307659505306,3.5836336395795687,-1.2604577640593833,2.174836722732591
51.0,204.0,132.62808227539062,0.5478950265838155,1.491512770167609,-4.018565007985094,-3.429984982496617,-0.5855074512728781,-0.5427832579015086,0.3527487862190276,3.5836336395795687,-1.2874808635451835,2.1748406629564485
51.0,204.0,132.62808227539062,0.547878504885672,1.4915126322271512,-4.013215937589671,-3.429916541685906,-0.5853959079524219,-0.5427832579015086,0.3720227595107219,3.5836336347399445,-1.2874814237295416,2.1765074249396017
51.0,204.0,132.62808227539062,0.5478783960350889,1.4915126322271512,-4.018712072817035,-3.42998471476643,-0.5853852880407711,-0.5427955023696167,0.3720227595107219,3.5836336395795687,-1.2874814237295416,2.1748392698901005
51.0,204.0,132.62808227539062,0.5478779684829103,1.4915100582119574,-4.016556178241865,-3.429931259189822,-0.5853959079524219,-0.5427832579015086,0.3699401538168486,3.5836336395795687,-1.2874814237295416,2.1748339715722382
51.0,204.0,132.62808227539062,0.5478951812995236,1.4915126322271512,-4.018636021066609,-3.429984982496617,-0.5848779094820971,-0.5427832579015086,0.3712595339174763,3.5836336395795687,-1.2874791234900465,2.1748392698901005
51.0,204.0,132.62808227539062,0.5479438126126436,1.4915126322271512,-4.018565007985094,-3.429797029743666,-0.5975194006387133,-0.5427832579015086,0.3701326336091446,3.583631041414792,-1.2883035972994583,2.1748437404861187
51.0,204.0,132.62808227539062,0.5479393208626762,1.491512578734157,-4.040700792776991,-3.429984855905507,-0.5848207046333247,-0.542783257901575,0.370127098797437,3.5836336395795687,-1.2874801288957012,2.1758899770064857
51.0,204.0,132.62808227539062,0.5478779529403618,1.4915101047517092,-4.016563736223173,-3.429931259189822,-0.5853959079524219,-0.5427832579015086,0.3720227595107219,3.5836336395795687,-1.2874814237295416,2.174834069959463
51.0,204.0,132.62808227539062,0.5479371659054912,1.4915126739937374,-4.018641735686635,-3.429984982496617,-0.584232498697843,-0.5427832579015086,0.3698630959681335,3.5836336395795687,-1.2874539373312437,2.1750736287977723
51.0,204.0,132.62808227539062,0.5478751027957012,1.4915089918222544,-4.017770283732102,-3.43453688910242,-0.5854467428281206,-0.5427832578927154,0.353354811350459,3.583633584550882,-1.2874814327830302,2.1748304111604275
51.0,204.0,132.62808227539062,0.5479443307532503,1.4915089129393202,-4.020530599517375,-3.434557513050347,-0.5873265663083467,-0.542783257773751,0.3700575018888117,3.5836336377119413,-1.287454917965219,2.175238943496297
51.0,204.0,132.62808227539062,0.5478941344508481,1.4915097797880998,-4.018565007985094,-3.429984982496617,-0.5848787132213917,-0.5427832579015086,0.3698901070604473,3.5836336395795687,-1.2862456100693846,2.175915211709121
51.0,205.0,132.62808227539062,0.5478948821106959,1.4915126322271512,-4.018565007985094,-3.429984982496617,-0.5849024594135139,-0.5427832579015086,0.3701326336091446,3.5836336395795687,-1.287454054547188,2.1748392698901005
51.0,205.0,132.62808227539062,0.5478948821106959,1.4915126322271512,-4.018565007985094,-3.429984982496617,-0.5849024594135139,-0.5427832579015086,0.37059461730126,3.5836336395795687,-1.2874818471703546,2.1748392698901005
51.0,205.0,132.62808227539062,0.5478948821106959,1.4915125369362046,-4.018565007985094,-3.429984982496617,-0.585550776313577,-0.5279721935780763,0.3535768109007595,3.5836336395795687,-1.287454054547188,2.174267131087437
51.0,205.0,132.62808227539062,0.5479371659054912,1.49151008825493,-4.0168287821850335,-3.429984982496617,-0.5976865291217942,-0.5427832579015086,0.3698882394018333,3.5836336395795687,-1.2874808364368373,2.1750736287977723
51.0,205.0,132.62808227539062,0.5478783960350889,1.4915126322271512,-4.013231974046128,-3.429931259189822,-0.5853959079524219,-0.5427832579015086,0.3720227595107219,3.5836336395795687,-1.2874814237295416,2.1748392698901005
51.0,205.0,132.62808227539062,0.5478948821106959,1.4915126322271512,-4.018565007985094,-3.429984982496617,-0.5849038134755663,-0.5427832579015086,0.3530703330578133,3.5836336395795687,-1.2874818471703546,2.1748392698901005
51.0,205.0,132.62808227539062,0.5478948821106959,1.4915126322271512,-4.016336684172381,-3.434426143155825,-0.5849038134755663,-0.542783257782956,0.3530703330578133,3.583633585422957,-1.2873613426977333,2.1764212863434835
51.0,205.0,132.62808227539062,0.5478948821106959,1.4915126322271512,-4.018565007985094,-3.429984982496617,-0.5849024594135139,-0.5427832579015086,0.3701326336091446,3.5836336395795687,-1.287454054547188,2.1748392698901005
51.0,205.0,132.62808227539062,0.5478783960350889,1.4915126322271512,-4.013231974046128,-3.429931259189822,-0.5853959079524219,-0.5427832579015086,0.3720227595107219,3.5836336395795687,-1.2874814237295416,2.1748392698901005
51.0,205.0,132.62808227539062,0.5478948821106959,1.4915126322271512,-4.013322040356646,-3.4299823092542527,-0.5849024594135139,-0.5427832579015086,0.37059461730126,3.5836336395795687,-1.2874818471703546,2.1748392698901005
51.0,205.0,132.62808227539062,0.5479442460587678,1.49151008825493,-4.0168287821850335,-3.429984982496617,-0.5976865291217942,-0.5427832577767248,0.3698882394018333,3.5836336395795687,-1.2592496340822534,2.1759126645516123
51.0,205.0,132.62808227539062,0.547937616529104,1.49151008825493,-4.0168287821850335,-3.429984982496617,-0.5976865291217942,-0.5427832578991345,0.3698882394018333,3.5836336395795687,-1.2866427087170385,2.1759126645516123
51.0,205.0,132.62808227539062,0.5479371659054912,1.4915106906779072,-4.0168287821850335,-3.4349824467745527,-0.5955271495185809,-0.5427832579015086,0.3698882394018333,3.5703208031567057,-1.2854039180628944,2.1750736287977723
51.0,205.0,132.62808227539062,0.5478948821106959,1.4915126322271512,-4.018565007985094,-3.429984982496617,-0.5849038134755663,-0.5427832579015086,0.3530703330578133,3.5836336395795687,-1.2874818471703546,2.1748392698901005
51.0,205.0,132.62808227539062,0.5478948821106959,1.4915121369401692,-4.017412237295675,-3.429984982496617,-0.5860867837023092,-0.5279721935780763,0.3535768109007595,3.5836336395795687,-1.2873476441941856,2.174267131087437
51.0,205.0,132.62808227539062,0.5478779684829103,1.4915100582119574,-4.016556178241865,-3.429931259189822,-0.5853959079524219,-0.5427832579015086,0.3699401538168486,3.5836336395795687,-1.2874814237295416,2.1748339715722382
51.0,205.0,132.62808227539062,0.5478948821106959,1.491510115505245,-4.018565007985094,-3.429984982496617,-0.585550776313577,-0.5279721935780763,0.3532251727814096,3.5836336395795687,-1.287454054547188,2.174196968619919
51.0,205.0,132.62808227539062,0.5478783960350889,1.4915126322271512,-4.0115682631224345,-3.429931259189822,-0.5853959079524219,-0.5427832577720734,0.3720227595107219,3.5836336401050257,-1.2874814237295416,2.1748392698901005
51.0,205.0,132.62808227539062,0.5478777894201731,1.4915126322271512,-4.013098196013769,-3.4348979588315944,-0.5853959079524219,-0.5427832579015086,0.3720227595107219,3.5836336395795687,-1.2853275760651472,2.175045059501364
51.0,205.0,132.62808227539062,0.5478951812995236,1.4915126322271512,-4.018565007985094,-3.429984982496617,-0.5848787132213917,-0.5427832579015086,0.3701326336091446,3.5836336395795687,-1.2874537400465145,2.1748392698901005
51.0,205.0,132.62808227539062,0.5479371659054912,1.49151008825493,-4.0168287821850335,-3.429984982496617,-0.5976865291217942,-0.542783257787162,0.3672821324565222,3.5836336395795687,-1.2874808364368373,2.1750736287977723
51.0,205.0,132.62808227539062,0.5478948821106959,1.4915126322271512,-4.016336684172381,-3.434426143155825,-0.5849038134755663,-0.542783257782956,0.3530703330578133,3.583633585422957,-1.287482651840964,2.176455547875888
51.0,205.0,132.62808227539062,0.5479371659054912,1.4915106906779072,-4.01855497464395,-3.4349824467745527,-0.5955271495185809,-0.5427832579015086,0.3698627616320903,3.57050069664492,-1.2873897371495855,2.1750736287977723
51.0,205.0,132.62808227539062,0.5478948821106959,1.4915126322271512,-4.018565007985094,-3.429984982496617,-0.5849038134755663,-0.5417862759426133,0.3530854246187211,3.5836336395795687,-1.2874818471703546,2.1748678712457337
51.0,205.0,132.62808227539062,0.5478783960350889,1.4915126322271512,-4.0115682631224345,-3.429931259189822,-0.5853959079524219,-0.5427832577720734,0.3720227595107219,3.5836336401050257,-1.2874814237295416,2.1748392698901005
51.0,205.0,132.62808227539062,0.5478783960350889,1.4915126322271512,-4.013231974046128,-3.429931259189822,-0.5853959079524219,-0.5427832579015086,0.3720227595107219,3.5836336395795687,-1.2874814237295416,2.1748392698901005
51.0,205.0,132.62808227539062,0.5478950984988996,1.4915047339481498,-4.018565007985094,-3.429984982496617,-0.5834720788807439,-0.5427832579015086,0.37059461730126,3.5836336395795687,-1.2874818471703546,2.1748392698901005
51.0,205.0,132.62808227539062,0.5478951812995236,1.4915126322271512,-4.018565007985094,-3.429984982496617,-0.5848779094820971,-0.5427832579015086,0.3712595339174763,3.5836336395795687,-1.2874537400465145,2.1748392698901005
51.0,205.0,132.62808227539062,0.5478931777771237,1.4915101485711668,-4.0168287821850335,-3.429984982496617,-0.5977682839019836,-0.542783257901822,0.3698227181191845,3.5836336395795687,-1.2866427087170385,2.1748619574352266
51.0,205.0,132.62808227539062,0.5479449431421275,1.4915089129393202,-4.017770283732102,-3.43453688910242,-0.5854467428281206,-0.542783257773751,0.353354811350459,3.583633584550882,-1.287480815620589,2.17524651555813
51.0,205.0,132.62808227539062,0.5478951812995236,1.4915126322271512,-4.016838815526177,-3.429984982496617,-0.5848787132213917,-0.5427832579015086,0.3701581113788876,3.583453746091355,-1.285467920959823,2.1748392698901005
51.0,205.0,132.62808227539062,0.5478783960350889,1.4915126322271512,-4.013231974046128,-3.429931259189822,-0.5853959079524219,-0.5427832579015086,0.3720227595107219,3.5836336395795687,-1.2874814237295416,2.1748392698901005
51.0,205.0,132.62808227539062,0.5479383768927283,1.4915101155575186,-4.016829557674948,-3.429984982496617,-0.5850526222642735,-0.5279721935780763,0.3532251727814096,3.5836336395795687,-1.2874550421735926,2.17506624229969
51.0,205.0,132.62808227539062,0.5479438126126436,1.4915126322271512,-4.018565007985094,-3.429984982496617,-0.5975194006387133,-0.5427832579015086,0.3701326336091446,3.5836336395795687,-1.2883035972994583,2.1748392698901005
51.0,205.0,132.62808227539062,0.5478948821106959,1.4915126322271512,-4.018565007985094,-3.429984982496617,-0.5849046172148611,-0.5427832579015086,0.3519434327494816,3.5836336395795687,-1.2874818471703546,2.1748392698901005
51.0,205.0,132.62808227539062,0.5479393208626762,1.4915125719109144,-4.040700792776991,-3.4299823092542527,-0.5848207046333247,-0.5427832578988211,0.3706601385839088,3.5836336395795687,-1.2874818471703546,2.1758899770064857
51.0,205.0,132.62808227539062,0.547893240534502,1.4915101155575186,-4.016602115314464,-3.4299850385750648,-0.5850544538520193,-0.542868027407921,0.3532251727814096,3.5836336395795687,-1.2874776621229187,2.174816816413067
51.0,205.0,132.62808227539062,0.5479452929074433,1.491512940693981,-4.0168287821850335,-3.429984982496617,-0.5976865291217942,-0.5427832577767248,0.3701307659505306,3.5836336395795687,-1.2604577640593833,2.174836722732591
51.0,205.0,132.62808227539062,0.5478950265838155,1.491512770167609,-4.018565007985094,-3.429984982496617,-0.5855074512728781,-0.5427832579015086,0.3527487862190276,3.5836336395795687,-1.2874808635451835,2.1748406629564485
51.0,205.0,132.62808227539062,0.547878504885672,1.4915126322271512,-4.013215937589671,-3.429916541685906,-0.5853959079524219,-0.5427832579015086,0.3720227595107219,3.5836336347399445,-1.2874814237295416,2.1765074249396017
51.0,205.0,132.62808227539062,0.5478783960350889,1.4915126322271512,-4.018712072817035,-3.42998471476643,-0.5853852880407711,-0.5427955023696167,0.3720227595107219,3.5836336395795687,-1.2874814237295416,2.1748392698901005
51.0,205.0,132.62808227539062,0.5478779684829103,1.4915100582119574,-4.016556178241865,-3.429931259189822,-0.5853959079524219,-0.5427832579015086,0.3699401538168486,3.5836336395795687,-1.2874814237295416,2.1748339715722382
51.0,205.0,132.62808227539062,0.5478951812995236,1.4915126322271512,-4.018636021066609,-3.429984982496617,-0.5848779094820971,-0.5427832579015086,0.3712595339174763,3.5836336395795687,-1.2874791234900465,2.1748392698901005
51.0,205.0,132.62808227539062,0.5479438126126436,1.4915126322271512,-4.018565007985094,-3.429797029743666,-0.5975194006387133,-0.5427832579015086,0.3701326336091446,3.583631041414792,-1.2883035972994583,2.1748437404861187
51.0,205.0,132.62808227539062,0.5479393208626762,1.491512578734157,-4.040700792776991,-3.429984855905507,-0.5848207046333247,-0.542783257901575,0.370127098797437,3.5836336395795687,-1.2874801288957012,2.1758899770064857
51.0,205.0,132.62808227539062,0.5478779529403618,1.4915101047517092,-4.016563736223173,-3.429931259189822,-0.5853959079524219,-0.5427832579015086,0.3720227595107219,3.5836336395795687,-1.2874814237295416,2.174834069959463
51.0,205.0,132.62808227539062,0.5479371659054912,1.4915126739937374,-4.018641735686635,-3.429984982496617,-0.584232498697843,-0.5427832579015086,0.3698630959681335,3.5836336395795687,-1.2874539373312437,2.1750736287977723
51.0,205.0,132.62808227539062,0.5478751027957012,1.4915089918222544,-4.017770283732102,-3.43453688910242,-0.5854467428281206,-0.5427832578927154,0.353354811350459,3.583633584550882,-1.2874814327830302,2.1748304111604275
51.0,205.0,132.62808227539062,0.5479443307532503,1.4915089129393202,-4.020530599517375,-3.434557513050347,-0.5873265663083467,-0.542783257773751,0.3700575018888117,3.5836336377119413,-1.287454917965219,2.175238943496297
51.0,205.0,132.62808227539062,0.5478941344508481,1.4915097797880998,-4.018565007985094,-3.429984982496617,-0.5848787132213917,-0.5427832579015086,0.3698901070604473,3.5836336395795687,-1.2862456100693846,2.175915211709121
51.0,206.0,132.62808227539062,0.5478948821106959,1.4915126322271512,-4.018565007985094,-3.429984982496617,-0.5849024594135139,-0.5427832579015086,0.3701326336091446,3.5836336395795687,-1.287454054547188,2.1748392698901005
51.0,206.0,132.62808227539062,0.5478948821106959,1.4915126322271512,-4.018565007985094,-3.429984982496617,-0.5849024594135139,-0.5427832579015086,0.37059461730126,3.5836336395795687,-1.2874818471703546,2.1748392698901005
51.0,206.0,132.62808227539062,0.5478948821106959,1.4915125369362046,-4.018565007985094,-3.429984982496617,-0.585550776313577,-0.5279721935780763,0.3535768109007595,3.5836336395795687,-1.287454054547188,2.174267131087437
51.0,206.0,132.62808227539062,0.5479371659054912,1.49151008825493,-4.0168287821850335,-3.429984982496617,-0.5976865291217942,-0.5427832579015086,0.3698882394018333,3.5836336395795687,-1.2874808364368373,2.1750736287977723
51.0,206.0,132.62808227539062,0.5478783960350889,1.4915126322271512,-4.013231974046128,-3.429931259189822,-0.5853959079524219,-0.5427832579015086,0.3720227595107219,3.5836336395795687,-1.2874814237295416,2.1748392698901005
51.0,206.0,132.62808227539062,0.5478948821106959,1.4915126322271512,-4.018565007985094,-3.429984982496617,-0.5849038134755663,-0.5427832579015086,0.3530703330578133,3.5836336395795687,-1.2874818471703546,2.1748392698901005
51.0,206.0,132.62808227539062,0.5478948821106959,1.4915126322271512,-4.016336684172381,-3.434426143155825,-0.5849038134755663,-0.542783257782956,0.3530703330578133,3.583633585422957,-1.2873613426977333,2.1764212863434835
51.0,206.0,132.62808227539062,0.5478948821106959,1.4915126322271512,-4.018565007985094,-3.429984982496617,-0.5849024594135139,-0.5427832579015086,0.3701326336091446,3.5836336395795687,-1.287454054547188,2.1748392698901005
51.0,206.0,132.62808227539062,0.5478783960350889,1.4915126322271512,-4.013231974046128,-3.429931259189822,-0.5853959079524219,-0.5427832579015086,0.3720227595107219,3.5836336395795687,-1.2874814237295416,2.1748392698901005
51.0,206.0,132.62808227539062,0.5478948821106959,1.4915126322271512,-4.013322040356646,-3.4299823092542527,-0.5849024594135139,-0.5427832579015086,0.37059461730126,3.5836336395795687,-1.2874818471703546,2.1748392698901005
51.0,206.0,132.62808227539062,0.5479442460587678,1.49151008825493,-4.0168287821850335,-3.429984982496617,-0.5976865291217942,-0.5427832577767248,0.3698882394018333,3.5836336395795687,-1.2592496340822534,2.1759126645516123
51.0,206.0,132.62808227539062,0.547937616529104,1.49151008825493,-4.0168287821850335,-3.429984982496617,-0.5976865291217942,-0.5427832578991345,0.3698882394018333,3.5836336395795687,-1.2866427087170385,2.1759126645516123
51.0,206.0,132.62808227539062,0.5479371659054912,1.4915106906779072,-4.0168287821850335,-3.4349824467745527,-0.5955271495185809,-0.5427832579015086,0.3698882394018333,3.5703208031567057,-1.2854039180628944,2.1750736287977723
51.0,206.0,132.62808227539062,0.5478948821106959,1.4915126322271512,-4.018565007985094,-3.429984982496617,-0.5849038134755663,-0.5427832579015086,0.3530703330578133,3.5836336395795687,-1.2874818471703546,2.1748392698901005
51.0,206.0,132.62808227539062,0.5478948821106959,1.4915121369401692,-4.017412237295675,-3.429984982496617,-0.5860867837023092,-0.5279721935780763,0.3535768109007595,3.5836336395795687,-1.2873476441941856,2.174267131087437
51.0,206.0,132.62808227539062,0.5478779684829103,1.4915100582119574,-4.016556178241865,-3.429931259189822,-0.5853959079524219,-0.5427832579015086,0.3699401538168486,3.5836336395795687,-1.2874814237295416,2.1748339715722382
51.0,206.0,132.62808227539062,0.5478948821106959,1.491510115505245,-4.018565007985094,-3.429984982496617,-0.585550776313577,-0.5279721935780763,0.3532251727814096,3.5836336395795687,-1.287454054547188,2.174196968619919
51.0,206.0,132.62808227539062,0.5478783960350889,1.4915126322271512,-4.0115682631224345,-3.429931259189822,-0.5853959079524219,-0.5427832577720734,0.3720227595107219,3.5836336401050257,-1.2874814237295416,2.1748392698901005
51.0,206.0,132.62808227539062,0.5478777894201731,1.4915126322271512,-4.013098196013769,-3.4348979588315944,-0.5853959079524219,-0.5427832579015086,0.3720227595107219,3.5836336395795687,-1.2853275760651472,2.175045059501364
51.0,206.0,132.62808227539062,0.5478951812995236,1.4915126322271512,-4.018565007985094,-3.429984982496617,-0.5848787132213917,-0.5427832579015086,0.3701326336091446,3.5836336395795687,-1.2874537400465145,2.1748392698901005
51.0,206.0,132.62808227539062,0.5479371659054912,1.49151008825493,-4.0168287821850335,-3.429984982496617,-0.5976865291217942,-0.542783257787162,0.3672821324565222,3.5836336395795687,-1.2874808364368373,2.1750736287977723
51.0,206.0,132.62808227539062,0.5478948821106959,1.4915126322271512,-4.016336684172381,-3.434426143155825,-0.5849038134755663,-0.542783257782956,0.3530703330578133,3.583633585422957,-1.287482651840964,2.176455547875888
51.0,206.0,132.62808227539062,0.5479371659054912,1.4915106906779072,-4.01855497464395,-3.4349824467745527,-0.5955271495185809,-0.5427832579015086,0.3698627616320903,3.57050069664492,-1.2873897371495855,2.1750736287977723
51.0,206.0,132.62808227539062,0.5478948821106959,1.4915126322271512,-4.018565007985094,-3.429984982496617,-0.5849038134755663,-0.5417862759426133,0.3530854246187211,3.5836336395795687,-1.2874818471703546,2.1748678712457337
51.0,206.0,132.62808227539062,0.5478783960350889,1.4915126322271512,-4.0115682631224345,-3.429931259189822,-0.5853959079524219,-0.5427832577720734,0.3720227595107219,3.5836336401050257,-1.2874814237295416,2.1748392698901005
51.0,206.0,132.62808227539062,0.5478783960350889,1.4915126322271512,-4.013231974046128,-3.429931259189822,-0.5853959079524219,-0.5427832579015086,0.3720227595107219,3.5836336395795687,-1.2874814237295416,2.1748392698901005
51.0,206.0,132.62808227539062,0.5478950984988996,1.4915047339481498,-4.018565007985094,-3.429984982496617,-0.5834720788807439,-0.5427832579015086,0.37059461730126,3.5836336395795687,-1.2874818471703546,2.1748392698901005
51.0,206.0,132.62808227539062,0.5478951812995236,1.4915126322271512,-4.018565007985094,-3.429984982496617,-0.5848779094820971,-0.5427832579015086,0.3712595339174763,3.5836336395795687,-1.2874537400465145,2.1748392698901005
51.0,206.0,132.62808227539062,0.5478931777771237,1.4915101485711668,-4.0168287821850335,-3.429984982496617,-0.5977682839019836,-0.542783257901822,0.3698227181191845,3.5836336395795687,-1.2866427087170385,2.1748619574352266
51.0,206.0,132.62808227539062,0.5479449431421275,1.4915089129393202,-4.017770283732102,-3.43453688910242,-0.5854467428281206,-0.542783257773751,0.353354811350459,3.583633584550882,-1.287480815620589,2.17524651555813
51.0,206.0,132.62808227539062,0.5478951812995236,1.4915126322271512,-4.016838815526177,-3.429984982496617,-0.5848787132213917,-0.5427832579015086,0.3701581113788876,3.583453746091355,-1.285467920959823,2.1748392698901005
51.0,206.0,132.62808227539062,0.5478783960350889,1.4915126322271512,-4.013231974046128,-3.429931259189822,-0.5853959079524219,-0.5427832579015086,0.3720227595107219,3.5836336395795687,-1.2874814237295416,2.1748392698901005
51.0,206.0,132.62808227539062,0.5479383768927283,1.4915101155575186,-4.016829557674948,-3.429984982496617,-0.5850526222642735,-0.5279721935780763,0.3532251727814096,3.5836336395795687,-1.2874550421735926,2.17506624229969
51.0,206.0,132.62808227539062,0.5479438126126436,1.4915126322271512,-4.018565007985094,-3.429984982496617,-0.5975194006387133,-0.5427832579015086,0.3701326336091446,3.5836336395795687,-1.2883035972994583,2.1748392698901005
51.0,206.0,132.62808227539062,0.5478948821106959,1.4915126322271512,-4.018565007985094,-3.429984982496617,-0.5849046172148611,-0.5427832579015086,0.3519434327494816,3.5836336395795687,-1.2874818471703546,2.1748392698901005
51.0,206.0,132.62808227539062,0.5479393208626762,1.4915125719109144,-4.040700792776991,-3.4299823092542527,-0.5848207046333247,-0.5427832578988211,0.3706601385839088,3.5836336395795687,-1.2874818471703546,2.1758899770064857
51.0,206.0,132.62808227539062,0.547893240534502,1.4915101155575186,-4.016602115314464,-3.4299850385750648,-0.5850544538520193,-0.542868027407921,0.3532251727814096,3.5836336395795687,-1.2874776621229187,2.174816816413067
51.0,206.0,132.62808227539062,0.5479452929074433,1.491512940693981,-4.0168287821850335,-3.429984982496617,-0.5976865291217942,-0.5427832577767248,0.3701307659505306,3.5836336395795687,-1.2604577640593833,2.174836722732591
51.0,206.0,132.62808227539062,0.5478950265838155,1.491512770167609,-4.018565007985094,-3.429984982496617,-0.5855074512728781,-0.5427832579015086,0.3527487862190276,3.5836336395795687,-1.2874808635451835,2.1748406629564485
51.0,206.0,132.62808227539062,0.547878504885672,1.4915126322271512,-4.013215937589671,-3.429916541685906,-0.5853959079524219,-0.5427832579015086,0.3720227595107219,3.5836336347399445,-1.2874814237295416,2.1765074249396017
51.0,206.0,132.62808227539062,0.5478783960350889,1.4915126322271512,-4.018712072817035,-3.42998471476643,-0.5853852880407711,-0.5427955023696167,0.3720227595107219,3.5836336395795687,-1.2874814237295416,2.1748392698901005
51.0,206.0,132.62808227539062,0.5478779684829103,1.4915100582119574,-4.016556178241865,-3.429931259189822,-0.5853959079524219,-0.5427832579015086,0.3699401538168486,3.5836336395795687,-1.2874814237295416,2.1748339715722382
51.0,206.0,132.62808227539062,0.5478951812995236,1.4915126322271512,-4.018636021066609,-3.429984982496617,-0.5848779094820971,-0.5427832579015086,0.3712595339174763,3.5836336395795687,-1.2874791234900465,2.1748392698901005
51.0,206.0,132.62808227539062,0.5479438126126436,1.4915126322271512,-4.018565007985094,-3.429797029743666,-0.5975194006387133,-0.5427832579015086,0.3701326336091446,3.583631041414792,-1.2883035972994583,2.1748437404861187
51.0,206.0,132.62808227539062,0.5479393208626762,1.491512578734157,-4.040700792776991,-3.429984855905507,-0.5848207046333247,-0.542783257901575,0.370127098797437,3.5836336395795687,-1.2874801288957012,2.1758899770064857
51.0,206.0,132.62808227539062,0.5478779529403618,1.4915101047517092,-4.016563736223173,-3.429931259189822,-0.5853959079524219,-0.5427832579015086,0.3720227595107219,3.5836336395795687,-1.2874814237295416,2.174834069959463
51.0,206.0,132.62808227539062,0.5479371659054912,1.4915126739937374,-4.018641735686635,-3.429984982496617,-0.584232498697843,-0.5427832579015086,0.3698630959681335,3.5836336395795687,-1.2874539373312437,2.1750736287977723
51.0,206.0,132.62808227539062,0.5478751027957012,1.4915089918222544,-4.017770283732102,-3.43453688910242,-0.5854467428281206,-0.5427832578927154,0.353354811350459,3.583633584550882,-1.2874814327830302,2.1748304111604275
51.0,206.0,132.62808227539062,0.5479443307532503,1.4915089129393202,-4.020530599517375,-3.434557513050347,-0.5873265663083467,-0.542783257773751,0.3700575018888117,3.5836336377119413,-1.287454917965219,2.175238943496297
51.0,206.0,132.62808227539062,0.5478941344508481,1.4915097797880998,-4.018565007985094,-3.429984982496617,-0.5848787132213917,-0.5427832579015086,0.3698901070604473,3.5836336395795687,-1.2862456100693846,2.175915211709121
51.0,207.0,132.62808227539062,0.5478948821106959,1.4915126322271512,-4.018565007985094,-3.429984982496617,-0.5849024594135139,-0.5427832579015086,0.3701326336091446,3.5836336395795687,-1.287454054547188,2.1748392698901005
51.0,207.0,132.62808227539062,0.5478948821106959,1.4915126322271512,-4.018565007985094,-3.429984982496617,-0.5849024594135139,-0.5427832579015086,0.37059461730126,3.5836336395795687,-1.2874818471703546,2.1748392698901005
51.0,207.0,132.62808227539062,0.5478948821106959,1.4915125369362046,-4.018565007985094,-3.429984982496617,-0.585550776313577,-0.5279721935780763,0.3535768109007595,3.5836336395795687,-1.287454054547188,2.174267131087437
51.0,207.0,132.62808227539062,0.5479371659054912,1.49151008825493,-4.0168287821850335,-3.429984982496617,-0.5976865291217942,-0.5427832579015086,0.3698882394018333,3.5836336395795687,-1.2874808364368373,2.1750736287977723
51.0,207.0,132.62808227539062,0.5478783960350889,1.4915126322271512,-4.013231974046128,-3.429931259189822,-0.5853959079524219,-0.5427832579015086,0.3720227595107219,3.5836336395795687,-1.2874814237295416,2.1748392698901005
51.0,207.0,132.62808227539062,0.5478948821106959,1.4915126322271512,-4.018565007985094,-3.429984982496617,-0.5849038134755663,-0.5427832579015086,0.3530703330578133,3.5836336395795687,-1.2874818471703546,2.1748392698901005
51.0,207.0,132.62808227539062,0.5478948821106959,1.4915126322271512,-4.016336684172381,-3.434426143155825,-0.5849038134755663,-0.542783257782956,0.3530703330578133,3.583633585422957,-1.2873613426977333,2.1764212863434835
51.0,207.0,132.62808227539062,0.5478948821106959,1.4915126322271512,-4.018565007985094,-3.429984982496617,-0.5849024594135139,-0.5427832579015086,0.3701326336091446,3.5836336395795687,-1.287454054547188,2.1748392698901005
51.0,207.0,132.62808227539062,0.5478783960350889,1.4915126322271512,-4.013231974046128,-3.429931259189822,-0.5853959079524219,-0.5427832579015086,0.3720227595107219,3.5836336395795687,-1.2874814237295416,2.1748392698901005
51.0,207.0,132.62808227539062,0.5478948821106959,1.4915126322271512,-4.013322040356646,-3.4299823092542527,-0.5849024594135139,-0.5427832579015086,0.37059461730126,3.5836336395795687,-1.2874818471703546,2.1748392698901005
51.0,207.0,132.62808227539062,0.5479442460587678,1.49151008825493,-4.0168287821850335,-3.429984982496617,-0.5976865291217942,-0.5427832577767248,0.3698882394018333,3.5836336395795687,-1.2592496340822534,2.1759126645516123
51.0,207.0,132.62808227539062,0.547937616529104,1.49151008825493,-4.0168287821850335,-3.429984982496617,-0.5976865291217942,-0.5427832578991345,0.3698882394018333,3.5836336395795687,-1.2866427087170385,2.1759126645516123
51.0,207.0,132.62808227539062,0.5479371659054912,1.4915106906779072,-4.0168287821850335,-3.4349824467745527,-0.5955271495185809,-0.5427832579015086,0.3698882394018333,3.5703208031567057,-1.2854039180628944,2.1750736287977723
51.0,207.0,132.62808227539062,0.5478948821106959,1.4915126322271512,-4.018565007985094,-3.429984982496617,-0.5849038134755663,-0.5427832579015086,0.3530703330578133,3.5836336395795687,-1.2874818471703546,2.1748392698901005
51.0,207.0,132.62808227539062,0.5478948821106959,1.4915121369401692,-4.017412237295675,-3.429984982496617,-0.5860867837023092,-0.5279721935780763,0.3535768109007595,3.5836336395795687,-1.2873476441941856,2.174267131087437
51.0,207.0,132.62808227539062,0.5478779684829103,1.4915100582119574,-4.016556178241865,-3.429931259189822,-0.5853959079524219,-0.5427832579015086,0.3699401538168486,3.5836336395795687,-1.2874814237295416,2.1748339715722382
51.0,207.0,132.62808227539062,0.5478948821106959,1.491510115505245,-4.018565007985094,-3.429984982496617,-0.585550776313577,-0.5279721935780763,0.3532251727814096,3.5836336395795687,-1.287454054547188,2.174196968619919
51.0,207.0,132.62808227539062,0.5478783960350889,1.4915126322271512,-4.0115682631224345,-3.429931259189822,-0.5853959079524219,-0.5427832577720734,0.3720227595107219,3.5836336401050257,-1.2874814237295416,2.1748392698901005
51.0,207.0,132.62808227539062,0.5478777894201731,1.4915126322271512,-4.013098196013769,-3.4348979588315944,-0.5853959079524219,-0.5427832579015086,0.3720227595107219,3.5836336395795687,-1.2853275760651472,2.175045059501364
51.0,207.0,132.62808227539062,0.5478951812995236,1.4915126322271512,-4.018565007985094,-3.429984982496617,-0.5848787132213917,-0.5427832579015086,0.3701326336091446,3.5836336395795687,-1.2874537400465145,2.1748392698901005
51.0,207.0,132.62808227539062,0.5479371659054912,1.49151008825493,-4.0168287821850335,-3.429984982496617,-0.5976865291217942,-0.542783257787162,0.3672821324565222,3.5836336395795687,-1.2874808364368373,2.1750736287977723
51.0,207.0,132.62808227539062,0.5478948821106959,1.4915126322271512,-4.016336684172381,-3.434426143155825,-0.5849038134755663,-0.542783257782956,0.3530703330578133,3.583633585422957,-1.287482651840964,2.176455547875888
51.0,207.0,132.62808227539062,0.5479371659054912,1.4915106906779072,-4.01855497464395,-3.4349824467745527,-0.5955271495185809,-0.5427832579015086,0.3698627616320903,3.57050069664492,-1.2873897371495855,2.1750736287977723
51.0,207.0,132.62808227539062,0.5478948821106959,1.4915126322271512,-4.018565007985094,-3.429984982496617,-0.5849038134755663,-0.5417862759426133,0.3530854246187211,3.5836336395795687,-1.2874818471703546,2.1748678712457337
51.0,207.0,132.62808227539062,0.5478783960350889,1.4915126322271512,-4.0115682631224345,-3.429931259189822,-0.5853959079524219,-0.5427832577720734,0.3720227595107219,3.5836336401050257,-1.2874814237295416,2.1748392698901005
51.0,207.0,132.62808227539062,0.5478783960350889,1.4915126322271512,-4.013231974046128,-3.429931259189822,-0.5853959079524219,-0.5427832579015086,0.3720227595107219,3.5836336395795687,-1.2874814237295416,2.1748392698901005
51.0,207.0,132.62808227539062,0.5478950984988996,1.4915047339481498,-4.018565007985094,-3.429984982496617,-0.5834720788807439,-0.5427832579015086,0.37059461730126,3.5836336395795687,-1.2874818471703546,2.1748392698901005
51.0,207.0,132.62808227539062,0.5478951812995236,1.4915126322271512,-4.018565007985094,-3.429984982496617,-0.5848779094820971,-0.5427832579015086,0.3712595339174763,3.5836336395795687,-1.2874537400465145,2.1748392698901005
51.0,207.0,132.62808227539062,0.5478931777771237,1.4915101485711668,-4.0168287821850335,-3.429984982496617,-0.5977682839019836,-0.542783257901822,0.3698227181191845,3.5836336395795687,-1.2866427087170385,2.1748619574352266
51.0,207.0,132.62808227539062,0.5479449431421275,1.4915089129393202,-4.017770283732102,-3.43453688910242,-0.5854467428281206,-0.542783257773751,0.353354811350459,3.583633584550882,-1.287480815620589,2.17524651555813
51.0,207.0,132.62808227539062,0.5478951812995236,1.4915126322271512,-4.016838815526177,-3.429984982496617,-0.5848787132213917,-0.5427832579015086,0.3701581113788876,3.583453746091355,-1.285467920959823,2.1748392698901005
51.0,207.0,132.62808227539062,0.5478783960350889,1.4915126322271512,-4.013231974046128,-3.429931259189822,-0.5853959079524219,-0.5427832579015086,0.3720227595107219,3.5836336395795687,-1.2874814237295416,2.1748392698901005
51.0,207.0,132.62808227539062,0.5479383768927283,1.4915101155575186,-4.016829557674948,-3.429984982496617,-0.5850526222642735,-0.5279721935780763,0.3532251727814096,3.5836336395795687,-1.2874550421735926,2.17506624229969
51.0,207.0,132.62808227539062,0.5479438126126436,1.4915126322271512,-4.018565007985094,-3.429984982496617,-0.5975194006387133,-0.5427832579015086,0.3701326336091446,3.5836336395795687,-1.2883035972994583,2.1748392698901005
51.0,207.0,132.62808227539062,0.5478948821106959,1.4915126322271512,-4.018565007985094,-3.429984982496617,-0.5849046172148611,-0.5427832579015086,0.3519434327494816,3.5836336395795687,-1.2874818471703546,2.1748392698901005
51.0,207.0,132.62808227539062,0.5479393208626762,1.4915125719109144,-4.040700792776991,-3.4299823092542527,-0.5848207046333247,-0.5427832578988211,0.3706601385839088,3.5836336395795687,-1.2874818471703546,2.1758899770064857
51.0,207.0,132.62808227539062,0.547893240534502,1.4915101155575186,-4.016602115314464,-3.4299850385750648,-0.5850544538520193,-0.542868027407921,0.3532251727814096,3.5836336395795687,-1.2874776621229187,2.174816816413067
51.0,207.0,132.62808227539062,0.5479452929074433,1.491512940693981,-4.0168287821850335,-3.429984982496617,-0.5976865291217942,-0.5427832577767248,0.3701307659505306,3.5836336395795687,-1.2604577640593833,2.174836722732591
51.0,207.0,132.62808227539062,0.5478950265838155,1.491512770167609,-4.018565007985094,-3.429984982496617,-0.5855074512728781,-0.5427832579015086,0.3527487862190276,3.5836336395795687,-1.2874808635451835,2.1748406629564485
51.0,207.0,132.62808227539062,0.547878504885672,1.4915126322271512,-4.013215937589671,-3.429916541685906,-0.5853959079524219,-0.5427832579015086,0.3720227595107219,3.5836336347399445,-1.2874814237295416,2.1765074249396017
51.0,207.0,132.62808227539062,0.5478783960350889,1.4915126322271512,-4.018712072817035,-3.42998471476643,-0.5853852880407711,-0.5427955023696167,0.3720227595107219,3.5836336395795687,-1.2874814237295416,2.1748392698901005
51.0,207.0,132.62808227539062,0.5478779684829103,1.4915100582119574,-4.016556178241865,-3.429931259189822,-0.5853959079524219,-0.5427832579015086,0.3699401538168486,3.5836336395795687,-1.2874814237295416,2.1748339715722382
51.0,207.0,132.62808227539062,0.5478951812995236,1.4915126322271512,-4.018636021066609,-3.429984982496617,-0.5848779094820971,-0.5427832579015086,0.3712595339174763,3.5836336395795687,-1.2874791234900465,2.1748392698901005
51.0,207.0,132.62808227539062,0.5479438126126436,1.4915126322271512,-4.018565007985094,-3.429797029743666,-0.5975194006387133,-0.5427832579015086,0.3701326336091446,3.583631041414792,-1.2883035972994583,2.1748437404861187
51.0,207.0,132.62808227539062,0.5479393208626762,1.491512578734157,-4.040700792776991,-3.429984855905507,-0.5848207046333247,-0.542783257901575,0.370127098797437,3.5836336395795687,-1.2874801288957012,2.1758899770064857
51.0,207.0,132.62808227539062,0.5478779529403618,1.4915101047517092,-4.016563736223173,-3.429931259189822,-0.5853959079524219,-0.5427832579015086,0.3720227595107219,3.5836336395795687,-1.2874814237295416,2.174834069959463
51.0,207.0,132.62808227539062,0.5479371659054912,1.4915126739937374,-4.018641735686635,-3.429984982496617,-0.584232498697843,-0.5427832579015086,0.3698630959681335,3.5836336395795687,-1.2874539373312437,2.1750736287977723
51.0,207.0,132.62808227539062,0.5478751027957012,1.4915089918222544,-4.017770283732102,-3.43453688910242,-0.5854467428281206,-0.5427832578927154,0.353354811350459,3.583633584550882,-1.2874814327830302,2.1748304111604275
51.0,207.0,132.62808227539062,0.5479443307532503,1.4915089129393202,-4.020530599517375,-3.434557513050347,-0.5873265663083467,-0.542783257773751,0.3700575018888117,3.5836336377119413,-1.287454917965219,2.175238943496297
51.0,207.0,132.62808227539062,0.5478941344508481,1.4915097797880998,-4.018565007985094,-3.429984982496617,-0.5848787132213917,-0.5427832579015086,0.3698901070604473,3.5836336395795687,-1.2862456100693846,2.175915211709121
51.0,208.0,132.62808227539062,0.5478948821106959,1.4915126322271512,-4.018565007985094,-3.429984982496617,-0.5849024594135139,-0.5427832579015086,0.3701326336091446,3.5836336395795687,-1.287454054547188,2.1748392698901005
51.0,208.0,132.62808227539062,0.5478948821106959,1.4915126322271512,-4.018565007985094,-3.429984982496617,-0.5849024594135139,-0.5427832579015086,0.37059461730126,3.5836336395795687,-1.2874818471703546,2.1748392698901005
51.0,208.0,132.62808227539062,0.5478948821106959,1.4915125369362046,-4.018565007985094,-3.429984982496617,-0.585550776313577,-0.5279721935780763,0.3535768109007595,3.5836336395795687,-1.287454054547188,2.174267131087437
51.0,208.0,132.62808227539062,0.5479371659054912,1.49151008825493,-4.0168287821850335,-3.429984982496617,-0.5976865291217942,-0.5427832579015086,0.3698882394018333,3.5836336395795687,-1.2874808364368373,2.1750736287977723
51.0,208.0,132.62808227539062,0.5478783960350889,1.4915126322271512,-4.013231974046128,-3.429931259189822,-0.5853959079524219,-0.5427832579015086,0.3720227595107219,3.5836336395795687,-1.2874814237295416,2.1748392698901005
51.0,208.0,132.62808227539062,0.5478948821106959,1.4915126322271512,-4.018565007985094,-3.429984982496617,-0.5849038134755663,-0.5427832579015086,0.3530703330578133,3.5836336395795687,-1.2874818471703546,2.1748392698901005
51.0,208.0,132.62808227539062,0.5478948821106959,1.4915126322271512,-4.016336684172381,-3.434426143155825,-0.5849038134755663,-0.542783257782956,0.3530703330578133,3.583633585422957,-1.2873613426977333,2.1764212863434835
51.0,208.0,132.62808227539062,0.5478948821106959,1.4915126322271512,-4.018565007985094,-3.429984982496617,-0.5849024594135139,-0.5427832579015086,0.3701326336091446,3.5836336395795687,-1.287454054547188,2.1748392698901005
51.0,208.0,132.62808227539062,0.5478783960350889,1.4915126322271512,-4.013231974046128,-3.429931259189822,-0.5853959079524219,-0.5427832579015086,0.3720227595107219,3.5836336395795687,-1.2874814237295416,2.1748392698901005
51.0,208.0,132.62808227539062,0.5478948821106959,1.4915126322271512,-4.013322040356646,-3.4299823092542527,-0.5849024594135139,-0.5427832579015086,0.37059461730126,3.5836336395795687,-1.2874818471703546,2.1748392698901005
51.0,208.0,132.62808227539062,0.5479442460587678,1.49151008825493,-4.0168287821850335,-3.429984982496617,-0.5976865291217942,-0.5427832577767248,0.3698882394018333,3.5836336395795687,-1.2592496340822534,2.1759126645516123
51.0,208.0,132.62808227539062,0.547937616529104,1.49151008825493,-4.0168287821850335,-3.429984982496617,-0.5976865291217942,-0.5427832578991345,0.3698882394018333,3.5836336395795687,-1.2866427087170385,2.1759126645516123
51.0,208.0,132.62808227539062,0.5479371659054912,1.4915106906779072,-4.0168287821850335,-3.4349824467745527,-0.5955271495185809,-0.5427832579015086,0.3698882394018333,3.5703208031567057,-1.2854039180628944,2.1750736287977723
51.0,208.0,132.62808227539062,0.5478948821106959,1.4915126322271512,-4.018565007985094,-3.429984982496617,-0.5849038134755663,-0.5427832579015086,0.3530703330578133,3.5836336395795687,-1.2874818471703546,2.1748392698901005
51.0,208.0,132.62808227539062,0.5478948821106959,1.4915121369401692,-4.017412237295675,-3.429984982496617,-0.5860867837023092,-0.5279721935780763,0.3535768109007595,3.5836336395795687,-1.2873476441941856,2.174267131087437
51.0,208.0,132.62808227539062,0.5478779684829103,1.4915100582119574,-4.016556178241865,-3.429931259189822,-0.5853959079524219,-0.5427832579015086,0.3699401538168486,3.5836336395795687,-1.2874814237295416,2.1748339715722382
51.0,208.0,132.62808227539062,0.5478948821106959,1.491510115505245,-4.018565007985094,-3.429984982496617,-0.585550776313577,-0.5279721935780763,0.3532251727814096,3.5836336395795687,-1.287454054547188,2.174196968619919
51.0,208.0,132.62808227539062,0.5478783960350889,1.4915126322271512,-4.0115682631224345,-3.429931259189822,-0.5853959079524219,-0.5427832577720734,0.3720227595107219,3.5836336401050257,-1.2874814237295416,2.1748392698901005
51.0,208.0,132.62808227539062,0.5478777894201731,1.4915126322271512,-4.013098196013769,-3.4348979588315944,-0.5853959079524219,-0.5427832579015086,0.3720227595107219,3.5836336395795687,-1.2853275760651472,2.175045059501364
51.0,208.0,132.62808227539062,0.5478951812995236,1.4915126322271512,-4.018565007985094,-3.429984982496617,-0.5848787132213917,-0.5427832579015086,0.3701326336091446,3.5836336395795687,-1.2874537400465145,2.1748392698901005
51.0,208.0,132.62808227539062,0.5479371659054912,1.49151008825493,-4.0168287821850335,-3.429984982496617,-0.5976865291217942,-0.542783257787162,0.3672821324565222,3.5836336395795687,-1.2874808364368373,2.1750736287977723
51.0,208.0,132.62808227539062,0.5478948821106959,1.4915126322271512,-4.016336684172381,-3.434426143155825,-0.5849038134755663,-0.542783257782956,0.3530703330578133,3.583633585422957,-1.287482651840964,2.176455547875888
51.0,208.0,132.62808227539062,0.5479371659054912,1.4915106906779072,-4.01855497464395,-3.4349824467745527,-0.5955271495185809,-0.5427832579015086,0.3698627616320903,3.57050069664492,-1.2873897371495855,2.1750736287977723
51.0,208.0,132.62808227539062,0.5478948821106959,1.4915126322271512,-4.018565007985094,-3.429984982496617,-0.5849038134755663,-0.5417862759426133,0.3530854246187211,3.5836336395795687,-1.2874818471703546,2.1748678712457337
51.0,208.0,132.62808227539062,0.5478783960350889,1.4915126322271512,-4.0115682631224345,-3.429931259189822,-0.5853959079524219,-0.5427832577720734,0.3720227595107219,3.5836336401050257,-1.2874814237295416,2.1748392698901005
51.0,208.0,132.62808227539062,0.5478783960350889,1.4915126322271512,-4.013231974046128,-3.429931259189822,-0.5853959079524219,-0.5427832579015086,0.3720227595107219,3.5836336395795687,-1.2874814237295416,2.1748392698901005
51.0,208.0,132.62808227539062,0.5478950984988996,1.4915047339481498,-4.018565007985094,-3.429984982496617,-0.5834720788807439,-0.5427832579015086,0.37059461730126,3.5836336395795687,-1.2874818471703546,2.1748392698901005
51.0,208.0,132.62808227539062,0.5478951812995236,1.4915126322271512,-4.018565007985094,-3.429984982496617,-0.5848779094820971,-0.5427832579015086,0.3712595339174763,3.5836336395795687,-1.2874537400465145,2.1748392698901005
51.0,208.0,132.62808227539062,0.5478931777771237,1.4915101485711668,-4.0168287821850335,-3.429984982496617,-0.5977682839019836,-0.542783257901822,0.3698227181191845,3.5836336395795687,-1.2866427087170385,2.1748619574352266
51.0,208.0,132.62808227539062,0.5479449431421275,1.4915089129393202,-4.017770283732102,-3.43453688910242,-0.5854467428281206,-0.542783257773751,0.353354811350459,3.583633584550882,-1.287480815620589,2.17524651555813
51.0,208.0,132.62808227539062,0.5478951812995236,1.4915126322271512,-4.016838815526177,-3.429984982496617,-0.5848787132213917,-0.5427832579015086,0.3701581113788876,3.583453746091355,-1.285467920959823,2.1748392698901005
51.0,208.0,132.62808227539062,0.5478783960350889,1.4915126322271512,-4.013231974046128,-3.429931259189822,-0.5853959079524219,-0.5427832579015086,0.3720227595107219,3.5836336395795687,-1.2874814237295416,2.1748392698901005
51.0,208.0,132.62808227539062,0.5479383768927283,1.4915101155575186,-4.016829557674948,-3.429984982496617,-0.5850526222642735,-0.5279721935780763,0.3532251727814096,3.5836336395795687,-1.2874550421735926,2.17506624229969
51.0,208.0,132.62808227539062,0.5479438126126436,1.4915126322271512,-4.018565007985094,-3.429984982496617,-0.5975194006387133,-0.5427832579015086,0.3701326336091446,3.5836336395795687,-1.2883035972994583,2.1748392698901005
51.0,208.0,132.62808227539062,0.5478948821106959,1.4915126322271512,-4.018565007985094,-3.429984982496617,-0.5849046172148611,-0.5427832579015086,0.3519434327494816,3.5836336395795687,-1.2874818471703546,2.1748392698901005
51.0,208.0,132.62808227539062,0.5479393208626762,1.4915125719109144,-4.040700792776991,-3.4299823092542527,-0.5848207046333247,-0.5427832578988211,0.3706601385839088,3.5836336395795687,-1.2874818471703546,2.1758899770064857
51.0,208.0,132.62808227539062,0.547893240534502,1.4915101155575186,-4.016602115314464,-3.4299850385750648,-0.5850544538520193,-0.542868027407921,0.3532251727814096,3.5836336395795687,-1.2874776621229187,2.174816816413067
51.0,208.0,132.62808227539062,0.5479452929074433,1.491512940693981,-4.0168287821850335,-3.429984982496617,-0.5976865291217942,-0.5427832577767248,0.3701307659505306,3.5836336395795687,-1.2604577640593833,2.174836722732591
51.0,208.0,132.62808227539062,0.5478950265838155,1.491512770167609,-4.018565007985094,-3.429984982496617,-0.5855074512728781,-0.5427832579015086,0.3527487862190276,3.5836336395795687,-1.2874808635451835,2.1748406629564485
51.0,208.0,132.62808227539062,0.547878504885672,1.4915126322271512,-4.013215937589671,-3.429916541685906,-0.5853959079524219,-0.5427832579015086,0.3720227595107219,3.5836336347399445,-1.2874814237295416,2.1765074249396017
51.0,208.0,132.62808227539062,0.5478783960350889,1.4915126322271512,-4.018712072817035,-3.42998471476643,-0.5853852880407711,-0.5427955023696167,0.3720227595107219,3.5836336395795687,-1.2874814237295416,2.1748392698901005
51.0,208.0,132.62808227539062,0.5478779684829103,1.4915100582119574,-4.016556178241865,-3.429931259189822,-0.5853959079524219,-0.5427832579015086,0.3699401538168486,3.5836336395795687,-1.2874814237295416,2.1748339715722382
51.0,208.0,132.62808227539062,0.5478951812995236,1.4915126322271512,-4.018636021066609,-3.429984982496617,-0.5848779094820971,-0.5427832579015086,0.3712595339174763,3.5836336395795687,-1.2874791234900465,2.1748392698901005
51.0,208.0,132.62808227539062,0.5479438126126436,1.4915126322271512,-4.018565007985094,-3.429797029743666,-0.5975194006387133,-0.5427832579015086,0.3701326336091446,3.583631041414792,-1.2883035972994583,2.1748437404861187
51.0,208.0,132.62808227539062,0.5479393208626762,1.491512578734157,-4.040700792776991,-3.429984855905507,-0.5848207046333247,-0.542783257901575,0.370127098797437,3.5836336395795687,-1.2874801288957012,2.1758899770064857
51.0,208.0,132.62808227539062,0.5478779529403618,1.4915101047517092,-4.016563736223173,-3.429931259189822,-0.5853959079524219,-0.5427832579015086,0.3720227595107219,3.5836336395795687,-1.2874814237295416,2.174834069959463
51.0,208.0,132.62808227539062,0.5479371659054912,1.4915126739937374,-4.018641735686635,-3.429984982496617,-0.584232498697843,-0.5427832579015086,0.3698630959681335,3.5836336395795687,-1.2874539373312437,2.1750736287977723
51.0,208.0,132.62808227539062,0.5478751027957012,1.4915089918222544,-4.017770283732102,-3.43453688910242,-0.5854467428281206,-0.5427832578927154,0.353354811350459,3.583633584550882,-1.2874814327830302,2.1748304111604275
51.0,208.0,132.62808227539062,0.5479443307532503,1.4915089129393202,-4.020530599517375,-3.434557513050347,-0.5873265663083467,-0.542783257773751,0.3700575018888117,3.5836336377119413,-1.287454917965219,2.175238943496297
51.0,208.0,132.62808227539062,0.5478941344508481,1.4915097797880998,-4.018565007985094,-3.429984982496617,-0.5848787132213917,-0.5427832579015086,0.3698901070604473,3.5836336395795687,-1.2862456100693846,2.175915211709121
51.0,209.0,132.62808227539062,0.5478948821106959,1.4915126322271512,-4.018565007985094,-3.429984982496617,-0.5849024594135139,-0.5427832579015086,0.3701326336091446,3.5836336395795687,-1.287454054547188,2.1748392698901005
51.0,209.0,132.62808227539062,0.5478948821106959,1.4915126322271512,-4.018565007985094,-3.429984982496617,-0.5849024594135139,-0.5427832579015086,0.37059461730126,3.5836336395795687,-1.2874818471703546,2.1748392698901005
51.0,209.0,132.62808227539062,0.5478948821106959,1.4915125369362046,-4.018565007985094,-3.429984982496617,-0.585550776313577,-0.5279721935780763,0.3535768109007595,3.5836336395795687,-1.287454054547188,2.174267131087437
51.0,209.0,132.62808227539062,0.5479371659054912,1.49151008825493,-4.0168287821850335,-3.429984982496617,-0.5976865291217942,-0.5427832579015086,0.3698882394018333,3.5836336395795687,-1.2874808364368373,2.1750736287977723
51.0,209.0,132.62808227539062,0.5478783960350889,1.4915126322271512,-4.013231974046128,-3.429931259189822,-0.5853959079524219,-0.5427832579015086,0.3720227595107219,3.5836336395795687,-1.2874814237295416,2.1748392698901005
51.0,209.0,132.62808227539062,0.5478948821106959,1.4915126322271512,-4.018565007985094,-3.429984982496617,-0.5849038134755663,-0.5427832579015086,0.3530703330578133,3.5836336395795687,-1.2874818471703546,2.1748392698901005
51.0,209.0,132.62808227539062,0.5478948821106959,1.4915126322271512,-4.016336684172381,-3.434426143155825,-0.5849038134755663,-0.542783257782956,0.3530703330578133,3.583633585422957,-1.2873613426977333,2.1764212863434835
51.0,209.0,132.62808227539062,0.5478948821106959,1.4915126322271512,-4.018565007985094,-3.429984982496617,-0.5849024594135139,-0.5427832579015086,0.3701326336091446,3.5836336395795687,-1.287454054547188,2.1748392698901005
51.0,209.0,132.62808227539062,0.5478783960350889,1.4915126322271512,-4.013231974046128,-3.429931259189822,-0.5853959079524219,-0.5427832579015086,0.3720227595107219,3.5836336395795687,-1.2874814237295416,2.1748392698901005
51.0,209.0,132.62808227539062,0.5478948821106959,1.4915126322271512,-4.013322040356646,-3.4299823092542527,-0.5849024594135139,-0.5427832579015086,0.37059461730126,3.5836336395795687,-1.2874818471703546,2.1748392698901005
51.0,209.0,132.62808227539062,0.5479442460587678,1.49151008825493,-4.0168287821850335,-3.429984982496617,-0.5976865291217942,-0.5427832577767248,0.3698882394018333,3.5836336395795687,-1.2592496340822534,2.1759126645516123
51.0,209.0,132.62808227539062,0.547937616529104,1.49151008825493,-4.0168287821850335,-3.429984982496617,-0.5976865291217942,-0.5427832578991345,0.3698882394018333,3.5836336395795687,-1.2866427087170385,2.1759126645516123
51.0,209.0,132.62808227539062,0.5479371659054912,1.4915106906779072,-4.0168287821850335,-3.4349824467745527,-0.5955271495185809,-0.5427832579015086,0.3698882394018333,3.5703208031567057,-1.2854039180628944,2.1750736287977723
51.0,209.0,132.62808227539062,0.5478948821106959,1.4915126322271512,-4.018565007985094,-3.429984982496617,-0.5849038134755663,-0.5427832579015086,0.3530703330578133,3.5836336395795687,-1.2874818471703546,2.1748392698901005
51.0,209.0,132.62808227539062,0.5478948821106959,1.4915121369401692,-4.017412237295675,-3.429984982496617,-0.5860867837023092,-0.5279721935780763,0.3535768109007595,3.5836336395795687,-1.2873476441941856,2.174267131087437
51.0,209.0,132.62808227539062,0.5478779684829103,1.4915100582119574,-4.016556178241865,-3.429931259189822,-0.5853959079524219,-0.5427832579015086,0.3699401538168486,3.5836336395795687,-1.2874814237295416,2.1748339715722382
51.0,209.0,132.62808227539062,0.5478948821106959,1.491510115505245,-4.018565007985094,-3.429984982496617,-0.585550776313577,-0.5279721935780763,0.3532251727814096,3.5836336395795687,-1.287454054547188,2.174196968619919
51.0,209.0,132.62808227539062,0.5478783960350889,1.4915126322271512,-4.0115682631224345,-3.429931259189822,-0.5853959079524219,-0.5427832577720734,0.3720227595107219,3.5836336401050257,-1.2874814237295416,2.1748392698901005
51.0,209.0,132.62808227539062,0.5478777894201731,1.4915126322271512,-4.013098196013769,-3.4348979588315944,-0.5853959079524219,-0.5427832579015086,0.3720227595107219,3.5836336395795687,-1.2853275760651472,2.175045059501364
51.0,209.0,132.62808227539062,0.5478951812995236,1.4915126322271512,-4.018565007985094,-3.429984982496617,-0.5848787132213917,-0.5427832579015086,0.3701326336091446,3.5836336395795687,-1.2874537400465145,2.1748392698901005
51.0,209.0,132.62808227539062,0.5479371659054912,1.49151008825493,-4.0168287821850335,-3.429984982496617,-0.5976865291217942,-0.542783257787162,0.3672821324565222,3.5836336395795687,-1.2874808364368373,2.1750736287977723
51.0,209.0,132.62808227539062,0.5478948821106959,1.4915126322271512,-4.016336684172381,-3.434426143155825,-0.5849038134755663,-0.542783257782956,0.3530703330578133,3.583633585422957,-1.287482651840964,2.176455547875888
51.0,209.0,132.62808227539062,0.5479371659054912,1.4915106906779072,-4.01855497464395,-3.4349824467745527,-0.5955271495185809,-0.5427832579015086,0.3698627616320903,3.57050069664492,-1.2873897371495855,2.1750736287977723
51.0,209.0,132.62808227539062,0.5478948821106959,1.4915126322271512,-4.018565007985094,-3.429984982496617,-0.5849038134755663,-0.5417862759426133,0.3530854246187211,3.5836336395795687,-1.2874818471703546,2.1748678712457337
51.0,209.0,132.62808227539062,0.5478783960350889,1.4915126322271512,-4.0115682631224345,-3.429931259189822,-0.5853959079524219,-0.5427832577720734,0.3720227595107219,3.5836336401050257,-1.2874814237295416,2.1748392698901005
51.0,209.0,132.62808227539062,0.5478783960350889,1.4915126322271512,-4.013231974046128,-3.429931259189822,-0.5853959079524219,-0.5427832579015086,0.3720227595107219,3.5836336395795687,-1.2874814237295416,2.1748392698901005
51.0,209.0,132.62808227539062,0.5478950984988996,1.4915047339481498,-4.018565007985094,-3.429984982496617,-0.5834720788807439,-0.5427832579015086,0.37059461730126,3.5836336395795687,-1.2874818471703546,2.1748392698901005
51.0,209.0,132.62808227539062,0.5478951812995236,1.4915126322271512,-4.018565007985094,-3.429984982496617,-0.5848779094820971,-0.5427832579015086,0.3712595339174763,3.5836336395795687,-1.2874537400465145,2.1748392698901005
51.0,209.0,132.62808227539062,0.5478931777771237,1.4915101485711668,-4.0168287821850335,-3.429984982496617,-0.5977682839019836,-0.542783257901822,0.3698227181191845,3.5836336395795687,-1.2866427087170385,2.1748619574352266
51.0,209.0,132.62808227539062,0.5479449431421275,1.4915089129393202,-4.017770283732102,-3.43453688910242,-0.5854467428281206,-0.542783257773751,0.353354811350459,3.583633584550882,-1.287480815620589,2.17524651555813
51.0,209.0,132.62808227539062,0.5478951812995236,1.4915126322271512,-4.016838815526177,-3.429984982496617,-0.5848787132213917,-0.5427832579015086,0.3701581113788876,3.583453746091355,-1.285467920959823,2.1748392698901005
51.0,209.0,132.62808227539062,0.5478783960350889,1.4915126322271512,-4.013231974046128,-3.429931259189822,-0.5853959079524219,-0.5427832579015086,0.3720227595107219,3.5836336395795687,-1.2874814237295416,2.1748392698901005
51.0,209.0,132.62808227539062,0.5479383768927283,1.4915101155575186,-4.016829557674948,-3.429984982496617,-0.5850526222642735,-0.5279721935780763,0.3532251727814096,3.5836336395795687,-1.2874550421735926,2.17506624229969
51.0,209.0,132.62808227539062,0.5479438126126436,1.4915126322271512,-4.018565007985094,-3.429984982496617,-0.5975194006387133,-0.5427832579015086,0.3701326336091446,3.5836336395795687,-1.2883035972994583,2.1748392698901005
51.0,209.0,132.62808227539062,0.5478948821106959,1.4915126322271512,-4.018565007985094,-3.429984982496617,-0.5849046172148611,-0.5427832579015086,0.3519434327494816,3.5836336395795687,-1.2874818471703546,2.1748392698901005
51.0,209.0,132.62808227539062,0.5479393208626762,1.4915125719109144,-4.040700792776991,-3.4299823092542527,-0.5848207046333247,-0.5427832578988211,0.3706601385839088,3.5836336395795687,-1.2874818471703546,2.1758899770064857
51.0,209.0,132.62808227539062,0.547893240534502,1.4915101155575186,-4.016602115314464,-3.4299850385750648,-0.5850544538520193,-0.542868027407921,0.3532251727814096,3.5836336395795687,-1.2874776621229187,2.174816816413067
51.0,209.0,132.62808227539062,0.5479452929074433,1.491512940693981,-4.0168287821850335,-3.429984982496617,-0.5976865291217942,-0.5427832577767248,0.3701307659505306,3.5836336395795687,-1.2604577640593833,2.174836722732591
51.0,209.0,132.62808227539062,0.5478950265838155,1.491512770167609,-4.018565007985094,-3.429984982496617,-0.5855074512728781,-0.5427832579015086,0.3527487862190276,3.5836336395795687,-1.2874808635451835,2.1748406629564485
51.0,209.0,132.62808227539062,0.547878504885672,1.4915126322271512,-4.013215937589671,-3.429916541685906,-0.5853959079524219,-0.5427832579015086,0.3720227595107219,3.5836336347399445,-1.2874814237295416,2.1765074249396017
51.0,209.0,132.62808227539062,0.5478783960350889,1.4915126322271512,-4.018712072817035,-3.42998471476643,-0.5853852880407711,-0.5427955023696167,0.3720227595107219,3.5836336395795687,-1.2874814237295416,2.1748392698901005
51.0,209.0,132.62808227539062,0.5478779684829103,1.4915100582119574,-4.016556178241865,-3.429931259189822,-0.5853959079524219,-0.5427832579015086,0.3699401538168486,3.5836336395795687,-1.2874814237295416,2.1748339715722382
51.0,209.0,132.62808227539062,0.5478951812995236,1.4915126322271512,-4.018636021066609,-3.429984982496617,-0.5848779094820971,-0.5427832579015086,0.3712595339174763,3.5836336395795687,-1.2874791234900465,2.1748392698901005
51.0,209.0,132.62808227539062,0.5479438126126436,1.4915126322271512,-4.018565007985094,-3.429797029743666,-0.5975194006387133,-0.5427832579015086,0.3701326336091446,3.583631041414792,-1.2883035972994583,2.1748437404861187
51.0,209.0,132.62808227539062,0.5479393208626762,1.491512578734157,-4.040700792776991,-3.429984855905507,-0.5848207046333247,-0.542783257901575,0.370127098797437,3.5836336395795687,-1.2874801288957012,2.1758899770064857
51.0,209.0,132.62808227539062,0.5478779529403618,1.4915101047517092,-4.016563736223173,-3.429931259189822,-0.5853959079524219,-0.5427832579015086,0.3720227595107219,3.5836336395795687,-1.2874814237295416,2.174834069959463
51.0,209.0,132.62808227539062,0.5479371659054912,1.4915126739937374,-4.018641735686635,-3.429984982496617,-0.584232498697843,-0.5427832579015086,0.3698630959681335,3.5836336395795687,-1.2874539373312437,2.1750736287977723
51.0,209.0,132.62808227539062,0.5478751027957012,1.4915089918222544,-4.017770283732102,-3.43453688910242,-0.5854467428281206,-0.5427832578927154,0.353354811350459,3.583633584550882,-1.2874814327830302,2.1748304111604275
51.0,209.0,132.62808227539062,0.5479443307532503,1.4915089129393202,-4.020530599517375,-3.434557513050347,-0.5873265663083467,-0.542783257773751,0.3700575018888117,3.5836336377119413,-1.287454917965219,2.175238943496297
51.0,209.0,132.62808227539062,0.5478941344508481,1.4915097797880998,-4.018565007985094,-3.429984982496617,-0.5848787132213917,-0.5427832579015086,0.3698901070604473,3.5836336395795687,-1.2862456100693846,2.175915211709121
51.0,210.0,132.62808227539062,0.5478948821106959,1.4915126322271512,-4.018565007985094,-3.429984982496617,-0.5849024594135139,-0.5427832579015086,0.3701326336091446,3.5836336395795687,-1.287454054547188,2.1748392698901005
51.0,210.0,132.62808227539062,0.5478948821106959,1.4915126322271512,-4.018565007985094,-3.429984982496617,-0.5849024594135139,-0.5427832579015086,0.37059461730126,3.5836336395795687,-1.2874818471703546,2.1748392698901005
51.0,210.0,132.62808227539062,0.5478948821106959,1.4915125369362046,-4.018565007985094,-3.429984982496617,-0.585550776313577,-0.5279721935780763,0.3535768109007595,3.5836336395795687,-1.287454054547188,2.174267131087437
51.0,210.0,132.62808227539062,0.5479371659054912,1.49151008825493,-4.0168287821850335,-3.429984982496617,-0.5976865291217942,-0.5427832579015086,0.3698882394018333,3.5836336395795687,-1.2874808364368373,2.1750736287977723
51.0,210.0,132.62808227539062,0.5478783960350889,1.4915126322271512,-4.013231974046128,-3.429931259189822,-0.5853959079524219,-0.5427832579015086,0.3720227595107219,3.5836336395795687,-1.2874814237295416,2.1748392698901005
51.0,210.0,132.62808227539062,0.5478948821106959,1.4915126322271512,-4.018565007985094,-3.429984982496617,-0.5849038134755663,-0.5427832579015086,0.3530703330578133,3.5836336395795687,-1.2874818471703546,2.1748392698901005
51.0,210.0,132.62808227539062,0.5478948821106959,1.4915126322271512,-4.016336684172381,-3.434426143155825,-0.5849038134755663,-0.542783257782956,0.3530703330578133,3.583633585422957,-1.2873613426977333,2.1764212863434835
51.0,210.0,132.62808227539062,0.5478948821106959,1.4915126322271512,-4.018565007985094,-3.429984982496617,-0.5849024594135139,-0.5427832579015086,0.3701326336091446,3.5836336395795687,-1.287454054547188,2.1748392698901005
51.0,210.0,132.62808227539062,0.5478783960350889,1.4915126322271512,-4.013231974046128,-3.429931259189822,-0.5853959079524219,-0.5427832579015086,0.3720227595107219,3.5836336395795687,-1.2874814237295416,2.1748392698901005
51.0,210.0,132.62808227539062,0.5478948821106959,1.4915126322271512,-4.013322040356646,-3.4299823092542527,-0.5849024594135139,-0.5427832579015086,0.37059461730126,3.5836336395795687,-1.2874818471703546,2.1748392698901005
51.0,210.0,132.62808227539062,0.5479442460587678,1.49151008825493,-4.0168287821850335,-3.429984982496617,-0.5976865291217942,-0.5427832577767248,0.3698882394018333,3.5836336395795687,-1.2592496340822534,2.1759126645516123
51.0,210.0,132.62808227539062,0.547937616529104,1.49151008825493,-4.0168287821850335,-3.429984982496617,-0.5976865291217942,-0.5427832578991345,0.3698882394018333,3.5836336395795687,-1.2866427087170385,2.1759126645516123
51.0,210.0,132.62808227539062,0.5479371659054912,1.4915106906779072,-4.0168287821850335,-3.4349824467745527,-0.5955271495185809,-0.5427832579015086,0.3698882394018333,3.5703208031567057,-1.2854039180628944,2.1750736287977723
51.0,210.0,132.62808227539062,0.5478948821106959,1.4915126322271512,-4.018565007985094,-3.429984982496617,-0.5849038134755663,-0.5427832579015086,0.3530703330578133,3.5836336395795687,-1.2874818471703546,2.1748392698901005
51.0,210.0,132.62808227539062,0.5478948821106959,1.4915121369401692,-4.017412237295675,-3.429984982496617,-0.5860867837023092,-0.5279721935780763,0.3535768109007595,3.5836336395795687,-1.2873476441941856,2.174267131087437
51.0,210.0,132.62808227539062,0.5478779684829103,1.4915100582119574,-4.016556178241865,-3.429931259189822,-0.5853959079524219,-0.5427832579015086,0.3699401538168486,3.5836336395795687,-1.2874814237295416,2.1748339715722382
51.0,210.0,132.62808227539062,0.5478948821106959,1.491510115505245,-4.018565007985094,-3.429984982496617,-0.585550776313577,-0.5279721935780763,0.3532251727814096,3.5836336395795687,-1.287454054547188,2.174196968619919
51.0,210.0,132.62808227539062,0.5478783960350889,1.4915126322271512,-4.0115682631224345,-3.429931259189822,-0.5853959079524219,-0.5427832577720734,0.3720227595107219,3.5836336401050257,-1.2874814237295416,2.1748392698901005
51.0,210.0,132.62808227539062,0.5478777894201731,1.4915126322271512,-4.013098196013769,-3.4348979588315944,-0.5853959079524219,-0.5427832579015086,0.3720227595107219,3.5836336395795687,-1.2853275760651472,2.175045059501364
51.0,210.0,132.62808227539062,0.5478951812995236,1.4915126322271512,-4.018565007985094,-3.429984982496617,-0.5848787132213917,-0.5427832579015086,0.3701326336091446,3.5836336395795687,-1.2874537400465145,2.1748392698901005
51.0,210.0,132.62808227539062,0.5479371659054912,1.49151008825493,-4.0168287821850335,-3.429984982496617,-0.5976865291217942,-0.542783257787162,0.3672821324565222,3.5836336395795687,-1.2874808364368373,2.1750736287977723
51.0,210.0,132.62808227539062,0.5478948821106959,1.4915126322271512,-4.016336684172381,-3.434426143155825,-0.5849038134755663,-0.542783257782956,0.3530703330578133,3.583633585422957,-1.287482651840964,2.176455547875888
51.0,210.0,132.62808227539062,0.5479371659054912,1.4915106906779072,-4.01855497464395,-3.4349824467745527,-0.5955271495185809,-0.5427832579015086,0.3698627616320903,3.57050069664492,-1.2873897371495855,2.1750736287977723
51.0,210.0,132.62808227539062,0.5478948821106959,1.4915126322271512,-4.018565007985094,-3.429984982496617,-0.5849038134755663,-0.5417862759426133,0.3530854246187211,3.5836336395795687,-1.2874818471703546,2.1748678712457337
51.0,210.0,132.62808227539062,0.5478783960350889,1.4915126322271512,-4.0115682631224345,-3.429931259189822,-0.5853959079524219,-0.5427832577720734,0.3720227595107219,3.5836336401050257,-1.2874814237295416,2.1748392698901005
51.0,210.0,132.62808227539062,0.5478783960350889,1.4915126322271512,-4.013231974046128,-3.429931259189822,-0.5853959079524219,-0.5427832579015086,0.3720227595107219,3.5836336395795687,-1.2874814237295416,2.1748392698901005
51.0,210.0,132.62808227539062,0.5478950984988996,1.4915047339481498,-4.018565007985094,-3.429984982496617,-0.5834720788807439,-0.5427832579015086,0.37059461730126,3.5836336395795687,-1.2874818471703546,2.1748392698901005
51.0,210.0,132.62808227539062,0.5478951812995236,1.4915126322271512,-4.018565007985094,-3.429984982496617,-0.5848779094820971,-0.5427832579015086,0.3712595339174763,3.5836336395795687,-1.2874537400465145,2.1748392698901005
51.0,210.0,132.62808227539062,0.5478931777771237,1.4915101485711668,-4.0168287821850335,-3.429984982496617,-0.5977682839019836,-0.542783257901822,0.3698227181191845,3.5836336395795687,-1.2866427087170385,2.1748619574352266
51.0,210.0,132.62808227539062,0.5479449431421275,1.4915089129393202,-4.017770283732102,-3.43453688910242,-0.5854467428281206,-0.542783257773751,0.353354811350459,3.583633584550882,-1.287480815620589,2.17524651555813
51.0,210.0,132.62808227539062,0.5478951812995236,1.4915126322271512,-4.016838815526177,-3.429984982496617,-0.5848787132213917,-0.5427832579015086,0.3701581113788876,3.583453746091355,-1.285467920959823,2.1748392698901005
51.0,210.0,132.62808227539062,0.5478783960350889,1.4915126322271512,-4.013231974046128,-3.429931259189822,-0.5853959079524219,-0.5427832579015086,0.3720227595107219,3.5836336395795687,-1.2874814237295416,2.1748392698901005
51.0,210.0,132.62808227539062,0.5479383768927283,1.4915101155575186,-4.016829557674948,-3.429984982496617,-0.5850526222642735,-0.5279721935780763,0.3532251727814096,3.5836336395795687,-1.2874550421735926,2.17506624229969
51.0,210.0,132.62808227539062,0.5479438126126436,1.4915126322271512,-4.018565007985094,-3.429984982496617,-0.5975194006387133,-0.5427832579015086,0.3701326336091446,3.5836336395795687,-1.2883035972994583,2.1748392698901005
51.0,210.0,132.62808227539062,0.5478948821106959,1.4915126322271512,-4.018565007985094,-3.429984982496617,-0.5849046172148611,-0.5427832579015086,0.3519434327494816,3.5836336395795687,-1.2874818471703546,2.1748392698901005
51.0,210.0,132.62808227539062,0.5479393208626762,1.4915125719109144,-4.040700792776991,-3.4299823092542527,-0.5848207046333247,-0.5427832578988211,0.3706601385839088,3.5836336395795687,-1.2874818471703546,2.1758899770064857
51.0,210.0,132.62808227539062,0.547893240534502,1.4915101155575186,-4.016602115314464,-3.4299850385750648,-0.5850544538520193,-0.542868027407921,0.3532251727814096,3.5836336395795687,-1.2874776621229187,2.174816816413067
51.0,210.0,132.62808227539062,0.5479452929074433,1.491512940693981,-4.0168287821850335,-3.429984982496617,-0.5976865291217942,-0.5427832577767248,0.3701307659505306,3.5836336395795687,-1.2604577640593833,2.174836722732591
51.0,210.0,132.62808227539062,0.5478950265838155,1.491512770167609,-4.018565007985094,-3.429984982496617,-0.5855074512728781,-0.5427832579015086,0.3527487862190276,3.5836336395795687,-1.2874808635451835,2.1748406629564485
51.0,210.0,132.62808227539062,0.547878504885672,1.4915126322271512,-4.013215937589671,-3.429916541685906,-0.5853959079524219,-0.5427832579015086,0.3720227595107219,3.5836336347399445,-1.2874814237295416,2.1765074249396017
51.0,210.0,132.62808227539062,0.5478783960350889,1.4915126322271512,-4.018712072817035,-3.42998471476643,-0.5853852880407711,-0.5427955023696167,0.3720227595107219,3.5836336395795687,-1.2874814237295416,2.1748392698901005
51.0,210.0,132.62808227539062,0.5478779684829103,1.4915100582119574,-4.016556178241865,-3.429931259189822,-0.5853959079524219,-0.5427832579015086,0.3699401538168486,3.5836336395795687,-1.2874814237295416,2.1748339715722382
51.0,210.0,132.62808227539062,0.5478951812995236,1.4915126322271512,-4.018636021066609,-3.429984982496617,-0.5848779094820971,-0.5427832579015086,0.3712595339174763,3.5836336395795687,-1.2874791234900465,2.1748392698901005
51.0,210.0,132.62808227539062,0.5479438126126436,1.4915126322271512,-4.018565007985094,-3.429797029743666,-0.5975194006387133,-0.5427832579015086,0.3701326336091446,3.583631041414792,-1.2883035972994583,2.1748437404861187
51.0,210.0,132.62808227539062,0.5479393208626762,1.491512578734157,-4.040700792776991,-3.429984855905507,-0.5848207046333247,-0.542783257901575,0.370127098797437,3.5836336395795687,-1.2874801288957012,2.1758899770064857
51.0,210.0,132.62808227539062,0.5478779529403618,1.4915101047517092,-4.016563736223173,-3.429931259189822,-0.5853959079524219,-0.5427832579015086,0.3720227595107219,3.5836336395795687,-1.2874814237295416,2.174834069959463
51.0,210.0,132.62808227539062,0.5479371659054912,1.4915126739937374,-4.018641735686635,-3.429984982496617,-0.584232498697843,-0.5427832579015086,0.3698630959681335,3.5836336395795687,-1.2874539373312437,2.1750736287977723
51.0,210.0,132.62808227539062,0.5478751027957012,1.4915089918222544,-4.017770283732102,-3.43453688910242,-0.5854467428281206,-0.5427832578927154,0.353354811350459,3.583633584550882,-1.2874814327830302,2.1748304111604275
51.0,210.0,132.62808227539062,0.5479443307532503,1.4915089129393202,-4.020530599517375,-3.434557513050347,-0.5873265663083467,-0.542783257773751,0.3700575018888117,3.5836336377119413,-1.287454917965219,2.175238943496297
51.0,210.0,132.62808227539062,0.5478941344508481,1.4915097797880998,-4.018565007985094,-3.429984982496617,-0.5848787132213917,-0.5427832579015086,0.3698901070604473,3.5836336395795687,-1.2862456100693846,2.175915211709121
51.0,211.0,132.62808227539062,0.5478948821106959,1.4915126322271512,-4.018565007985094,-3.429984982496617,-0.5849024594135139,-0.5427832579015086,0.3701326336091446,3.5836336395795687,-1.287454054547188,2.1748392698901005
51.0,211.0,132.62808227539062,0.5478948821106959,1.4915126322271512,-4.018565007985094,-3.429984982496617,-0.5849024594135139,-0.5427832579015086,0.37059461730126,3.5836336395795687,-1.2874818471703546,2.1748392698901005
51.0,211.0,132.62808227539062,0.5478948821106959,1.4915125369362046,-4.018565007985094,-3.429984982496617,-0.585550776313577,-0.5279721935780763,0.3535768109007595,3.5836336395795687,-1.287454054547188,2.174267131087437
51.0,211.0,132.62808227539062,0.5479371659054912,1.49151008825493,-4.0168287821850335,-3.429984982496617,-0.5976865291217942,-0.5427832579015086,0.3698882394018333,3.5836336395795687,-1.2874808364368373,2.1750736287977723
51.0,211.0,132.62808227539062,0.5478783960350889,1.4915126322271512,-4.013231974046128,-3.429931259189822,-0.5853959079524219,-0.5427832579015086,0.3720227595107219,3.5836336395795687,-1.2874814237295416,2.1748392698901005
51.0,211.0,132.62808227539062,0.5478948821106959,1.4915126322271512,-4.018565007985094,-3.429984982496617,-0.5849038134755663,-0.5427832579015086,0.3530703330578133,3.5836336395795687,-1.2874818471703546,2.1748392698901005
51.0,211.0,132.62808227539062,0.5478948821106959,1.4915126322271512,-4.016336684172381,-3.434426143155825,-0.5849038134755663,-0.542783257782956,0.3530703330578133,3.583633585422957,-1.2873613426977333,2.1764212863434835
51.0,211.0,132.62808227539062,0.5478948821106959,1.4915126322271512,-4.018565007985094,-3.429984982496617,-0.5849024594135139,-0.5427832579015086,0.3701326336091446,3.5836336395795687,-1.287454054547188,2.1748392698901005
51.0,211.0,132.62808227539062,0.5478783960350889,1.4915126322271512,-4.013231974046128,-3.429931259189822,-0.5853959079524219,-0.5427832579015086,0.3720227595107219,3.5836336395795687,-1.2874814237295416,2.1748392698901005
51.0,211.0,132.62808227539062,0.5478948821106959,1.4915126322271512,-4.013322040356646,-3.4299823092542527,-0.5849024594135139,-0.5427832579015086,0.37059461730126,3.5836336395795687,-1.2874818471703546,2.1748392698901005
51.0,211.0,132.62808227539062,0.5479442460587678,1.49151008825493,-4.0168287821850335,-3.429984982496617,-0.5976865291217942,-0.5427832577767248,0.3698882394018333,3.5836336395795687,-1.2592496340822534,2.1759126645516123
51.0,211.0,132.62808227539062,0.547937616529104,1.49151008825493,-4.0168287821850335,-3.429984982496617,-0.5976865291217942,-0.5427832578991345,0.3698882394018333,3.5836336395795687,-1.2866427087170385,2.1759126645516123
51.0,211.0,132.62808227539062,0.5479371659054912,1.4915106906779072,-4.0168287821850335,-3.4349824467745527,-0.5955271495185809,-0.5427832579015086,0.3698882394018333,3.5703208031567057,-1.2854039180628944,2.1750736287977723
51.0,211.0,132.62808227539062,0.5478948821106959,1.4915126322271512,-4.018565007985094,-3.429984982496617,-0.5849038134755663,-0.5427832579015086,0.3530703330578133,3.5836336395795687,-1.2874818471703546,2.1748392698901005
51.0,211.0,132.62808227539062,0.5478948821106959,1.4915121369401692,-4.017412237295675,-3.429984982496617,-0.5860867837023092,-0.5279721935780763,0.3535768109007595,3.5836336395795687,-1.2873476441941856,2.174267131087437
51.0,211.0,132.62808227539062,0.5478779684829103,1.4915100582119574,-4.016556178241865,-3.429931259189822,-0.5853959079524219,-0.5427832579015086,0.3699401538168486,3.5836336395795687,-1.2874814237295416,2.1748339715722382
51.0,211.0,132.62808227539062,0.5478948821106959,1.491510115505245,-4.018565007985094,-3.429984982496617,-0.585550776313577,-0.5279721935780763,0.3532251727814096,3.5836336395795687,-1.287454054547188,2.174196968619919
51.0,211.0,132.62808227539062,0.5478783960350889,1.4915126322271512,-4.0115682631224345,-3.429931259189822,-0.5853959079524219,-0.5427832577720734,0.3720227595107219,3.5836336401050257,-1.2874814237295416,2.1748392698901005
51.0,211.0,132.62808227539062,0.5478777894201731,1.4915126322271512,-4.013098196013769,-3.4348979588315944,-0.5853959079524219,-0.5427832579015086,0.3720227595107219,3.5836336395795687,-1.2853275760651472,2.175045059501364
51.0,211.0,132.62808227539062,0.5478951812995236,1.4915126322271512,-4.018565007985094,-3.429984982496617,-0.5848787132213917,-0.5427832579015086,0.3701326336091446,3.5836336395795687,-1.2874537400465145,2.1748392698901005
51.0,211.0,132.62808227539062,0.5479371659054912,1.49151008825493,-4.0168287821850335,-3.429984982496617,-0.5976865291217942,-0.542783257787162,0.3672821324565222,3.5836336395795687,-1.2874808364368373,2.1750736287977723
51.0,211.0,132.62808227539062,0.5478948821106959,1.4915126322271512,-4.016336684172381,-3.434426143155825,-0.5849038134755663,-0.542783257782956,0.3530703330578133,3.583633585422957,-1.287482651840964,2.176455547875888
51.0,211.0,132.62808227539062,0.5479371659054912,1.4915106906779072,-4.01855497464395,-3.4349824467745527,-0.5955271495185809,-0.5427832579015086,0.3698627616320903,3.57050069664492,-1.2873897371495855,2.1750736287977723
51.0,211.0,132.62808227539062,0.5478948821106959,1.4915126322271512,-4.018565007985094,-3.429984982496617,-0.5849038134755663,-0.5417862759426133,0.3530854246187211,3.5836336395795687,-1.2874818471703546,2.1748678712457337
51.0,211.0,132.62808227539062,0.5478783960350889,1.4915126322271512,-4.0115682631224345,-3.429931259189822,-0.5853959079524219,-0.5427832577720734,0.3720227595107219,3.5836336401050257,-1.2874814237295416,2.1748392698901005
51.0,211.0,132.62808227539062,0.5478783960350889,1.4915126322271512,-4.013231974046128,-3.429931259189822,-0.5853959079524219,-0.5427832579015086,0.3720227595107219,3.5836336395795687,-1.2874814237295416,2.1748392698901005
51.0,211.0,132.62808227539062,0.5478950984988996,1.4915047339481498,-4.018565007985094,-3.429984982496617,-0.5834720788807439,-0.5427832579015086,0.37059461730126,3.5836336395795687,-1.2874818471703546,2.1748392698901005
51.0,211.0,132.62808227539062,0.5478951812995236,1.4915126322271512,-4.018565007985094,-3.429984982496617,-0.5848779094820971,-0.5427832579015086,0.3712595339174763,3.5836336395795687,-1.2874537400465145,2.1748392698901005
51.0,211.0,132.62808227539062,0.5478931777771237,1.4915101485711668,-4.0168287821850335,-3.429984982496617,-0.5977682839019836,-0.542783257901822,0.3698227181191845,3.5836336395795687,-1.2866427087170385,2.1748619574352266
51.0,211.0,132.62808227539062,0.5479449431421275,1.4915089129393202,-4.017770283732102,-3.43453688910242,-0.5854467428281206,-0.542783257773751,0.353354811350459,3.583633584550882,-1.287480815620589,2.17524651555813
51.0,211.0,132.62808227539062,0.5478951812995236,1.4915126322271512,-4.016838815526177,-3.429984982496617,-0.5848787132213917,-0.5427832579015086,0.3701581113788876,3.583453746091355,-1.285467920959823,2.1748392698901005
51.0,211.0,132.62808227539062,0.5478783960350889,1.4915126322271512,-4.013231974046128,-3.429931259189822,-0.5853959079524219,-0.5427832579015086,0.3720227595107219,3.5836336395795687,-1.2874814237295416,2.1748392698901005
51.0,211.0,132.62808227539062,0.5479383768927283,1.4915101155575186,-4.016829557674948,-3.429984982496617,-0.5850526222642735,-0.5279721935780763,0.3532251727814096,3.5836336395795687,-1.2874550421735926,2.17506624229969
51.0,211.0,132.62808227539062,0.5479438126126436,1.4915126322271512,-4.018565007985094,-3.429984982496617,-0.5975194006387133,-0.5427832579015086,0.3701326336091446,3.5836336395795687,-1.2883035972994583,2.1748392698901005
51.0,211.0,132.62808227539062,0.5478948821106959,1.4915126322271512,-4.018565007985094,-3.429984982496617,-0.5849046172148611,-0.5427832579015086,0.3519434327494816,3.5836336395795687,-1.2874818471703546,2.1748392698901005
51.0,211.0,132.62808227539062,0.5479393208626762,1.4915125719109144,-4.040700792776991,-3.4299823092542527,-0.5848207046333247,-0.5427832578988211,0.3706601385839088,3.5836336395795687,-1.2874818471703546,2.1758899770064857
51.0,211.0,132.62808227539062,0.547893240534502,1.4915101155575186,-4.016602115314464,-3.4299850385750648,-0.5850544538520193,-0.542868027407921,0.3532251727814096,3.5836336395795687,-1.2874776621229187,2.174816816413067
51.0,211.0,132.62808227539062,0.5479452929074433,1.491512940693981,-4.0168287821850335,-3.429984982496617,-0.5976865291217942,-0.5427832577767248,0.3701307659505306,3.5836336395795687,-1.2604577640593833,2.174836722732591
51.0,211.0,132.62808227539062,0.5478950265838155,1.491512770167609,-4.018565007985094,-3.429984982496617,-0.5855074512728781,-0.5427832579015086,0.3527487862190276,3.5836336395795687,-1.2874808635451835,2.1748406629564485
51.0,211.0,132.62808227539062,0.547878504885672,1.4915126322271512,-4.013215937589671,-3.429916541685906,-0.5853959079524219,-0.5427832579015086,0.3720227595107219,3.5836336347399445,-1.2874814237295416,2.1765074249396017
51.0,211.0,132.62808227539062,0.5478783960350889,1.4915126322271512,-4.018712072817035,-3.42998471476643,-0.5853852880407711,-0.5427955023696167,0.3720227595107219,3.5836336395795687,-1.2874814237295416,2.1748392698901005
51.0,211.0,132.62808227539062,0.5478779684829103,1.4915100582119574,-4.016556178241865,-3.429931259189822,-0.5853959079524219,-0.5427832579015086,0.3699401538168486,3.5836336395795687,-1.2874814237295416,2.1748339715722382
51.0,211.0,132.62808227539062,0.5478951812995236,1.4915126322271512,-4.018636021066609,-3.429984982496617,-0.5848779094820971,-0.5427832579015086,0.3712595339174763,3.5836336395795687,-1.2874791234900465,2.1748392698901005
51.0,211.0,132.62808227539062,0.5479438126126436,1.4915126322271512,-4.018565007985094,-3.429797029743666,-0.5975194006387133,-0.5427832579015086,0.3701326336091446,3.583631041414792,-1.2883035972994583,2.1748437404861187
51.0,211.0,132.62808227539062,0.5479393208626762,1.491512578734157,-4.040700792776991,-3.429984855905507,-0.5848207046333247,-0.542783257901575,0.370127098797437,3.5836336395795687,-1.2874801288957012,2.1758899770064857
51.0,211.0,132.62808227539062,0.5478779529403618,1.4915101047517092,-4.016563736223173,-3.429931259189822,-0.5853959079524219,-0.5427832579015086,0.3720227595107219,3.5836336395795687,-1.2874814237295416,2.174834069959463
51.0,211.0,132.62808227539062,0.5479371659054912,1.4915126739937374,-4.018641735686635,-3.429984982496617,-0.584232498697843,-0.5427832579015086,0.3698630959681335,3.5836336395795687,-1.2874539373312437,2.1750736287977723
51.0,211.0,132.62808227539062,0.5478751027957012,1.4915089918222544,-4.017770283732102,-3.43453688910242,-0.5854467428281206,-0.5427832578927154,0.353354811350459,3.583633584550882,-1.2874814327830302,2.1748304111604275
51.0,211.0,132.62808227539062,0.5479443307532503,1.4915089129393202,-4.020530599517375,-3.434557513050347,-0.5873265663083467,-0.542783257773751,0.3700575018888117,3.5836336377119413,-1.287454917965219,2.175238943496297
51.0,211.0,132.62808227539062,0.5478941344508481,1.4915097797880998,-4.018565007985094,-3.429984982496617,-0.5848787132213917,-0.5427832579015086,0.3698901070604473,3.5836336395795687,-1.2862456100693846,2.175915211709121
51.0,212.0,132.62808227539062,0.5478948821106959,1.4915126322271512,-4.018565007985094,-3.429984982496617,-0.5849024594135139,-0.5427832579015086,0.3701326336091446,3.5836336395795687,-1.287454054547188,2.1748392698901005
51.0,212.0,132.62808227539062,0.5478948821106959,1.4915126322271512,-4.018565007985094,-3.429984982496617,-0.5849024594135139,-0.5427832579015086,0.37059461730126,3.5836336395795687,-1.2874818471703546,2.1748392698901005
51.0,212.0,132.62808227539062,0.5478948821106959,1.4915125369362046,-4.018565007985094,-3.429984982496617,-0.585550776313577,-0.5279721935780763,0.3535768109007595,3.5836336395795687,-1.287454054547188,2.174267131087437
51.0,212.0,132.62808227539062,0.5479371659054912,1.49151008825493,-4.0168287821850335,-3.429984982496617,-0.5976865291217942,-0.5427832579015086,0.3698882394018333,3.5836336395795687,-1.2874808364368373,2.1750736287977723
51.0,212.0,132.62808227539062,0.5478783960350889,1.4915126322271512,-4.013231974046128,-3.429931259189822,-0.5853959079524219,-0.5427832579015086,0.3720227595107219,3.5836336395795687,-1.2874814237295416,2.1748392698901005
51.0,212.0,132.62808227539062,0.5478948821106959,1.4915126322271512,-4.018565007985094,-3.429984982496617,-0.5849038134755663,-0.5427832579015086,0.3530703330578133,3.5836336395795687,-1.2874818471703546,2.1748392698901005
51.0,212.0,132.62808227539062,0.5478948821106959,1.4915126322271512,-4.016336684172381,-3.434426143155825,-0.5849038134755663,-0.542783257782956,0.3530703330578133,3.583633585422957,-1.2873613426977333,2.1764212863434835
51.0,212.0,132.62808227539062,0.5478948821106959,1.4915126322271512,-4.018565007985094,-3.429984982496617,-0.5849024594135139,-0.5427832579015086,0.3701326336091446,3.5836336395795687,-1.287454054547188,2.1748392698901005
51.0,212.0,132.62808227539062,0.5478783960350889,1.4915126322271512,-4.013231974046128,-3.429931259189822,-0.5853959079524219,-0.5427832579015086,0.3720227595107219,3.5836336395795687,-1.2874814237295416,2.1748392698901005
51.0,212.0,132.62808227539062,0.5478948821106959,1.4915126322271512,-4.013322040356646,-3.4299823092542527,-0.5849024594135139,-0.5427832579015086,0.37059461730126,3.5836336395795687,-1.2874818471703546,2.1748392698901005
51.0,212.0,132.62808227539062,0.5479442460587678,1.49151008825493,-4.0168287821850335,-3.429984982496617,-0.5976865291217942,-0.5427832577767248,0.3698882394018333,3.5836336395795687,-1.2592496340822534,2.1759126645516123
51.0,212.0,132.62808227539062,0.547937616529104,1.49151008825493,-4.0168287821850335,-3.429984982496617,-0.5976865291217942,-0.5427832578991345,0.3698882394018333,3.5836336395795687,-1.2866427087170385,2.1759126645516123
51.0,212.0,132.62808227539062,0.5479371659054912,1.4915106906779072,-4.0168287821850335,-3.4349824467745527,-0.5955271495185809,-0.5427832579015086,0.3698882394018333,3.5703208031567057,-1.2854039180628944,2.1750736287977723
51.0,212.0,132.62808227539062,0.5478948821106959,1.4915126322271512,-4.018565007985094,-3.429984982496617,-0.5849038134755663,-0.5427832579015086,0.3530703330578133,3.5836336395795687,-1.2874818471703546,2.1748392698901005
51.0,212.0,132.62808227539062,0.5478948821106959,1.4915121369401692,-4.017412237295675,-3.429984982496617,-0.5860867837023092,-0.5279721935780763,0.3535768109007595,3.5836336395795687,-1.2873476441941856,2.174267131087437
51.0,212.0,132.62808227539062,0.5478779684829103,1.4915100582119574,-4.016556178241865,-3.429931259189822,-0.5853959079524219,-0.5427832579015086,0.3699401538168486,3.5836336395795687,-1.2874814237295416,2.1748339715722382
51.0,212.0,132.62808227539062,0.5478948821106959,1.491510115505245,-4.018565007985094,-3.429984982496617,-0.585550776313577,-0.5279721935780763,0.3532251727814096,3.5836336395795687,-1.287454054547188,2.174196968619919
51.0,212.0,132.62808227539062,0.5478783960350889,1.4915126322271512,-4.0115682631224345,-3.429931259189822,-0.5853959079524219,-0.5427832577720734,0.3720227595107219,3.5836336401050257,-1.2874814237295416,2.1748392698901005
51.0,212.0,132.62808227539062,0.5478777894201731,1.4915126322271512,-4.013098196013769,-3.4348979588315944,-0.5853959079524219,-0.5427832579015086,0.3720227595107219,3.5836336395795687,-1.2853275760651472,2.175045059501364
51.0,212.0,132.62808227539062,0.5478951812995236,1.4915126322271512,-4.018565007985094,-3.429984982496617,-0.5848787132213917,-0.5427832579015086,0.3701326336091446,3.5836336395795687,-1.2874537400465145,2.1748392698901005
51.0,212.0,132.62808227539062,0.5479371659054912,1.49151008825493,-4.0168287821850335,-3.429984982496617,-0.5976865291217942,-0.542783257787162,0.3672821324565222,3.5836336395795687,-1.2874808364368373,2.1750736287977723
51.0,212.0,132.62808227539062,0.5478948821106959,1.4915126322271512,-4.016336684172381,-3.434426143155825,-0.5849038134755663,-0.542783257782956,0.3530703330578133,3.583633585422957,-1.287482651840964,2.176455547875888
51.0,212.0,132.62808227539062,0.5479371659054912,1.4915106906779072,-4.01855497464395,-3.4349824467745527,-0.5955271495185809,-0.5427832579015086,0.3698627616320903,3.57050069664492,-1.2873897371495855,2.1750736287977723
51.0,212.0,132.62808227539062,0.5478948821106959,1.4915126322271512,-4.018565007985094,-3.429984982496617,-0.5849038134755663,-0.5417862759426133,0.3530854246187211,3.5836336395795687,-1.2874818471703546,2.1748678712457337
51.0,212.0,132.62808227539062,0.5478783960350889,1.4915126322271512,-4.0115682631224345,-3.429931259189822,-0.5853959079524219,-0.5427832577720734,0.3720227595107219,3.5836336401050257,-1.2874814237295416,2.1748392698901005
51.0,212.0,132.62808227539062,0.5478783960350889,1.4915126322271512,-4.013231974046128,-3.429931259189822,-0.5853959079524219,-0.5427832579015086,0.3720227595107219,3.5836336395795687,-1.2874814237295416,2.1748392698901005
51.0,212.0,132.62808227539062,0.5478950984988996,1.4915047339481498,-4.018565007985094,-3.429984982496617,-0.5834720788807439,-0.5427832579015086,0.37059461730126,3.5836336395795687,-1.2874818471703546,2.1748392698901005
51.0,212.0,132.62808227539062,0.5478951812995236,1.4915126322271512,-4.018565007985094,-3.429984982496617,-0.5848779094820971,-0.5427832579015086,0.3712595339174763,3.5836336395795687,-1.2874537400465145,2.1748392698901005
51.0,212.0,132.62808227539062,0.5478931777771237,1.4915101485711668,-4.0168287821850335,-3.429984982496617,-0.5977682839019836,-0.542783257901822,0.3698227181191845,3.5836336395795687,-1.2866427087170385,2.1748619574352266
51.0,212.0,132.62808227539062,0.5479449431421275,1.4915089129393202,-4.017770283732102,-3.43453688910242,-0.5854467428281206,-0.542783257773751,0.353354811350459,3.583633584550882,-1.287480815620589,2.17524651555813
51.0,212.0,132.62808227539062,0.5478951812995236,1.4915126322271512,-4.016838815526177,-3.429984982496617,-0.5848787132213917,-0.5427832579015086,0.3701581113788876,3.583453746091355,-1.285467920959823,2.1748392698901005
51.0,212.0,132.62808227539062,0.5478783960350889,1.4915126322271512,-4.013231974046128,-3.429931259189822,-0.5853959079524219,-0.5427832579015086,0.3720227595107219,3.5836336395795687,-1.2874814237295416,2.1748392698901005
51.0,212.0,132.62808227539062,0.5479383768927283,1.4915101155575186,-4.016829557674948,-3.429984982496617,-0.5850526222642735,-0.5279721935780763,0.3532251727814096,3.5836336395795687,-1.2874550421735926,2.17506624229969
51.0,212.0,132.62808227539062,0.5479438126126436,1.4915126322271512,-4.018565007985094,-3.429984982496617,-0.5975194006387133,-0.5427832579015086,0.3701326336091446,3.5836336395795687,-1.2883035972994583,2.1748392698901005
51.0,212.0,132.62808227539062,0.5478948821106959,1.4915126322271512,-4.018565007985094,-3.429984982496617,-0.5849046172148611,-0.5427832579015086,0.3519434327494816,3.5836336395795687,-1.2874818471703546,2.1748392698901005
51.0,212.0,132.62808227539062,0.5479393208626762,1.4915125719109144,-4.040700792776991,-3.4299823092542527,-0.5848207046333247,-0.5427832578988211,0.3706601385839088,3.5836336395795687,-1.2874818471703546,2.1758899770064857
51.0,212.0,132.62808227539062,0.547893240534502,1.4915101155575186,-4.016602115314464,-3.4299850385750648,-0.5850544538520193,-0.542868027407921,0.3532251727814096,3.5836336395795687,-1.2874776621229187,2.174816816413067
51.0,212.0,132.62808227539062,0.5479452929074433,1.491512940693981,-4.0168287821850335,-3.429984982496617,-0.5976865291217942,-0.5427832577767248,0.3701307659505306,3.5836336395795687,-1.2604577640593833,2.174836722732591
51.0,212.0,132.62808227539062,0.5478950265838155,1.491512770167609,-4.018565007985094,-3.429984982496617,-0.5855074512728781,-0.5427832579015086,0.3527487862190276,3.5836336395795687,-1.2874808635451835,2.1748406629564485
51.0,212.0,132.62808227539062,0.547878504885672,1.4915126322271512,-4.013215937589671,-3.429916541685906,-0.5853959079524219,-0.5427832579015086,0.3720227595107219,3.5836336347399445,-1.2874814237295416,2.1765074249396017
51.0,212.0,132.62808227539062,0.5478783960350889,1.4915126322271512,-4.018712072817035,-3.42998471476643,-0.5853852880407711,-0.5427955023696167,0.3720227595107219,3.5836336395795687,-1.2874814237295416,2.1748392698901005
51.0,212.0,132.62808227539062,0.5478779684829103,1.4915100582119574,-4.016556178241865,-3.429931259189822,-0.5853959079524219,-0.5427832579015086,0.3699401538168486,3.5836336395795687,-1.2874814237295416,2.1748339715722382
51.0,212.0,132.62808227539062,0.5478951812995236,1.4915126322271512,-4.018636021066609,-3.429984982496617,-0.5848779094820971,-0.5427832579015086,0.3712595339174763,3.5836336395795687,-1.2874791234900465,2.1748392698901005
51.0,212.0,132.62808227539062,0.5479438126126436,1.4915126322271512,-4.018565007985094,-3.429797029743666,-0.5975194006387133,-0.5427832579015086,0.3701326336091446,3.583631041414792,-1.2883035972994583,2.1748437404861187
51.0,212.0,132.62808227539062,0.5479393208626762,1.491512578734157,-4.040700792776991,-3.429984855905507,-0.5848207046333247,-0.542783257901575,0.370127098797437,3.5836336395795687,-1.2874801288957012,2.1758899770064857
51.0,212.0,132.62808227539062,0.5478779529403618,1.4915101047517092,-4.016563736223173,-3.429931259189822,-0.5853959079524219,-0.5427832579015086,0.3720227595107219,3.5836336395795687,-1.2874814237295416,2.174834069959463
51.0,212.0,132.62808227539062,0.5479371659054912,1.4915126739937374,-4.018641735686635,-3.429984982496617,-0.584232498697843,-0.5427832579015086,0.3698630959681335,3.5836336395795687,-1.2874539373312437,2.1750736287977723
51.0,212.0,132.62808227539062,0.5478751027957012,1.4915089918222544,-4.017770283732102,-3.43453688910242,-0.5854467428281206,-0.5427832578927154,0.353354811350459,3.583633584550882,-1.2874814327830302,2.1748304111604275
51.0,212.0,132.62808227539062,0.5479443307532503,1.4915089129393202,-4.020530599517375,-3.434557513050347,-0.5873265663083467,-0.542783257773751,0.3700575018888117,3.5836336377119413,-1.287454917965219,2.175238943496297
51.0,212.0,132.62808227539062,0.5478941344508481,1.4915097797880998,-4.018565007985094,-3.429984982496617,-0.5848787132213917,-0.5427832579015086,0.3698901070604473,3.5836336395795687,-1.2862456100693846,2.175915211709121
51.0,213.0,132.62808227539062,0.5478948821106959,1.4915126322271512,-4.018565007985094,-3.429984982496617,-0.5849024594135139,-0.5427832579015086,0.3701326336091446,3.5836336395795687,-1.287454054547188,2.1748392698901005
51.0,213.0,132.62808227539062,0.5478948821106959,1.4915126322271512,-4.018565007985094,-3.429984982496617,-0.5849024594135139,-0.5427832579015086,0.37059461730126,3.5836336395795687,-1.2874818471703546,2.1748392698901005
51.0,213.0,132.62808227539062,0.5478948821106959,1.4915125369362046,-4.018565007985094,-3.429984982496617,-0.585550776313577,-0.5279721935780763,0.3535768109007595,3.5836336395795687,-1.287454054547188,2.174267131087437
51.0,213.0,132.62808227539062,0.5479371659054912,1.49151008825493,-4.0168287821850335,-3.429984982496617,-0.5976865291217942,-0.5427832579015086,0.3698882394018333,3.5836336395795687,-1.2874808364368373,2.1750736287977723
51.0,213.0,132.62808227539062,0.5478783960350889,1.4915126322271512,-4.013231974046128,-3.429931259189822,-0.5853959079524219,-0.5427832579015086,0.3720227595107219,3.5836336395795687,-1.2874814237295416,2.1748392698901005
51.0,213.0,132.62808227539062,0.5478948821106959,1.4915126322271512,-4.018565007985094,-3.429984982496617,-0.5849038134755663,-0.5427832579015086,0.3530703330578133,3.5836336395795687,-1.2874818471703546,2.1748392698901005
51.0,213.0,132.62808227539062,0.5478948821106959,1.4915126322271512,-4.016336684172381,-3.434426143155825,-0.5849038134755663,-0.542783257782956,0.3530703330578133,3.583633585422957,-1.2873613426977333,2.1764212863434835
51.0,213.0,132.62808227539062,0.5478948821106959,1.4915126322271512,-4.018565007985094,-3.429984982496617,-0.5849024594135139,-0.5427832579015086,0.3701326336091446,3.5836336395795687,-1.287454054547188,2.1748392698901005
51.0,213.0,132.62808227539062,0.5478783960350889,1.4915126322271512,-4.013231974046128,-3.429931259189822,-0.5853959079524219,-0.5427832579015086,0.3720227595107219,3.5836336395795687,-1.2874814237295416,2.1748392698901005
51.0,213.0,132.62808227539062,0.5478948821106959,1.4915126322271512,-4.013322040356646,-3.4299823092542527,-0.5849024594135139,-0.5427832579015086,0.37059461730126,3.5836336395795687,-1.2874818471703546,2.1748392698901005
51.0,213.0,132.62808227539062,0.5479442460587678,1.49151008825493,-4.0168287821850335,-3.429984982496617,-0.5976865291217942,-0.5427832577767248,0.3698882394018333,3.5836336395795687,-1.2592496340822534,2.1759126645516123
51.0,213.0,132.62808227539062,0.547937616529104,1.49151008825493,-4.0168287821850335,-3.429984982496617,-0.5976865291217942,-0.5427832578991345,0.3698882394018333,3.5836336395795687,-1.2866427087170385,2.1759126645516123
51.0,213.0,132.62808227539062,0.5479371659054912,1.4915106906779072,-4.0168287821850335,-3.4349824467745527,-0.5955271495185809,-0.5427832579015086,0.3698882394018333,3.5703208031567057,-1.2854039180628944,2.1750736287977723
51.0,213.0,132.62808227539062,0.5478948821106959,1.4915126322271512,-4.018565007985094,-3.429984982496617,-0.5849038134755663,-0.5427832579015086,0.3530703330578133,3.5836336395795687,-1.2874818471703546,2.1748392698901005
51.0,213.0,132.62808227539062,0.5478948821106959,1.4915121369401692,-4.017412237295675,-3.429984982496617,-0.5860867837023092,-0.5279721935780763,0.3535768109007595,3.5836336395795687,-1.2873476441941856,2.174267131087437
51.0,213.0,132.62808227539062,0.5478779684829103,1.4915100582119574,-4.016556178241865,-3.429931259189822,-0.5853959079524219,-0.5427832579015086,0.3699401538168486,3.5836336395795687,-1.2874814237295416,2.1748339715722382
51.0,213.0,132.62808227539062,0.5478948821106959,1.491510115505245,-4.018565007985094,-3.429984982496617,-0.585550776313577,-0.5279721935780763,0.3532251727814096,3.5836336395795687,-1.287454054547188,2.174196968619919
51.0,213.0,132.62808227539062,0.5478783960350889,1.4915126322271512,-4.0115682631224345,-3.429931259189822,-0.5853959079524219,-0.5427832577720734,0.3720227595107219,3.5836336401050257,-1.2874814237295416,2.1748392698901005
51.0,213.0,132.62808227539062,0.5478777894201731,1.4915126322271512,-4.013098196013769,-3.4348979588315944,-0.5853959079524219,-0.5427832579015086,0.3720227595107219,3.5836336395795687,-1.2853275760651472,2.175045059501364
51.0,213.0,132.62808227539062,0.5478951812995236,1.4915126322271512,-4.018565007985094,-3.429984982496617,-0.5848787132213917,-0.5427832579015086,0.3701326336091446,3.5836336395795687,-1.2874537400465145,2.1748392698901005
51.0,213.0,132.62808227539062,0.5479371659054912,1.49151008825493,-4.0168287821850335,-3.429984982496617,-0.5976865291217942,-0.542783257787162,0.3672821324565222,3.5836336395795687,-1.2874808364368373,2.1750736287977723
51.0,213.0,132.62808227539062,0.5478948821106959,1.4915126322271512,-4.016336684172381,-3.434426143155825,-0.5849038134755663,-0.542783257782956,0.3530703330578133,3.583633585422957,-1.287482651840964,2.176455547875888
51.0,213.0,132.62808227539062,0.5479371659054912,1.4915106906779072,-4.01855497464395,-3.4349824467745527,-0.5955271495185809,-0.5427832579015086,0.3698627616320903,3.57050069664492,-1.2873897371495855,2.1750736287977723
51.0,213.0,132.62808227539062,0.5478948821106959,1.4915126322271512,-4.018565007985094,-3.429984982496617,-0.5849038134755663,-0.5417862759426133,0.3530854246187211,3.5836336395795687,-1.2874818471703546,2.1748678712457337
51.0,213.0,132.62808227539062,0.5478783960350889,1.4915126322271512,-4.0115682631224345,-3.429931259189822,-0.5853959079524219,-0.5427832577720734,0.3720227595107219,3.5836336401050257,-1.2874814237295416,2.1748392698901005
51.0,213.0,132.62808227539062,0.5478783960350889,1.4915126322271512,-4.013231974046128,-3.429931259189822,-0.5853959079524219,-0.5427832579015086,0.3720227595107219,3.5836336395795687,-1.2874814237295416,2.1748392698901005
51.0,213.0,132.62808227539062,0.5478950984988996,1.4915047339481498,-4.018565007985094,-3.429984982496617,-0.5834720788807439,-0.5427832579015086,0.37059461730126,3.5836336395795687,-1.2874818471703546,2.1748392698901005
51.0,213.0,132.62808227539062,0.5478951812995236,1.4915126322271512,-4.018565007985094,-3.429984982496617,-0.5848779094820971,-0.5427832579015086,0.3712595339174763,3.5836336395795687,-1.2874537400465145,2.1748392698901005
51.0,213.0,132.62808227539062,0.5478931777771237,1.4915101485711668,-4.0168287821850335,-3.429984982496617,-0.5977682839019836,-0.542783257901822,0.3698227181191845,3.5836336395795687,-1.2866427087170385,2.1748619574352266
51.0,213.0,132.62808227539062,0.5479449431421275,1.4915089129393202,-4.017770283732102,-3.43453688910242,-0.5854467428281206,-0.542783257773751,0.353354811350459,3.583633584550882,-1.287480815620589,2.17524651555813
51.0,213.0,132.62808227539062,0.5478951812995236,1.4915126322271512,-4.016838815526177,-3.429984982496617,-0.5848787132213917,-0.5427832579015086,0.3701581113788876,3.583453746091355,-1.285467920959823,2.1748392698901005
51.0,213.0,132.62808227539062,0.5478783960350889,1.4915126322271512,-4.013231974046128,-3.429931259189822,-0.5853959079524219,-0.5427832579015086,0.3720227595107219,3.5836336395795687,-1.2874814237295416,2.1748392698901005
51.0,213.0,132.62808227539062,0.5479383768927283,1.4915101155575186,-4.016829557674948,-3.429984982496617,-0.5850526222642735,-0.5279721935780763,0.3532251727814096,3.5836336395795687,-1.2874550421735926,2.17506624229969
51.0,213.0,132.62808227539062,0.5479438126126436,1.4915126322271512,-4.018565007985094,-3.429984982496617,-0.5975194006387133,-0.5427832579015086,0.3701326336091446,3.5836336395795687,-1.2883035972994583,2.1748392698901005
51.0,213.0,132.62808227539062,0.5478948821106959,1.4915126322271512,-4.018565007985094,-3.429984982496617,-0.5849046172148611,-0.5427832579015086,0.3519434327494816,3.5836336395795687,-1.2874818471703546,2.1748392698901005
51.0,213.0,132.62808227539062,0.5479393208626762,1.4915125719109144,-4.040700792776991,-3.4299823092542527,-0.5848207046333247,-0.5427832578988211,0.3706601385839088,3.5836336395795687,-1.2874818471703546,2.1758899770064857
51.0,213.0,132.62808227539062,0.547893240534502,1.4915101155575186,-4.016602115314464,-3.4299850385750648,-0.5850544538520193,-0.542868027407921,0.3532251727814096,3.5836336395795687,-1.2874776621229187,2.174816816413067
51.0,213.0,132.62808227539062,0.5479452929074433,1.491512940693981,-4.0168287821850335,-3.429984982496617,-0.5976865291217942,-0.5427832577767248,0.3701307659505306,3.5836336395795687,-1.2604577640593833,2.174836722732591
51.0,213.0,132.62808227539062,0.5478950265838155,1.491512770167609,-4.018565007985094,-3.429984982496617,-0.5855074512728781,-0.5427832579015086,0.3527487862190276,3.5836336395795687,-1.2874808635451835,2.1748406629564485
51.0,213.0,132.62808227539062,0.547878504885672,1.4915126322271512,-4.013215937589671,-3.429916541685906,-0.5853959079524219,-0.5427832579015086,0.3720227595107219,3.5836336347399445,-1.2874814237295416,2.1765074249396017
51.0,213.0,132.62808227539062,0.5478783960350889,1.4915126322271512,-4.018712072817035,-3.42998471476643,-0.5853852880407711,-0.5427955023696167,0.3720227595107219,3.5836336395795687,-1.2874814237295416,2.1748392698901005
51.0,213.0,132.62808227539062,0.5478779684829103,1.4915100582119574,-4.016556178241865,-3.429931259189822,-0.5853959079524219,-0.5427832579015086,0.3699401538168486,3.5836336395795687,-1.2874814237295416,2.1748339715722382
51.0,213.0,132.62808227539062,0.5478951812995236,1.4915126322271512,-4.018636021066609,-3.429984982496617,-0.5848779094820971,-0.5427832579015086,0.3712595339174763,3.5836336395795687,-1.2874791234900465,2.1748392698901005
51.0,213.0,132.62808227539062,0.5479438126126436,1.4915126322271512,-4.018565007985094,-3.429797029743666,-0.5975194006387133,-0.5427832579015086,0.3701326336091446,3.583631041414792,-1.2883035972994583,2.1748437404861187
51.0,213.0,132.62808227539062,0.5479393208626762,1.491512578734157,-4.040700792776991,-3.429984855905507,-0.5848207046333247,-0.542783257901575,0.370127098797437,3.5836336395795687,-1.2874801288957012,2.1758899770064857
51.0,213.0,132.62808227539062,0.5478779529403618,1.4915101047517092,-4.016563736223173,-3.429931259189822,-0.5853959079524219,-0.5427832579015086,0.3720227595107219,3.5836336395795687,-1.2874814237295416,2.174834069959463
51.0,213.0,132.62808227539062,0.5479371659054912,1.4915126739937374,-4.018641735686635,-3.429984982496617,-0.584232498697843,-0.5427832579015086,0.3698630959681335,3.5836336395795687,-1.2874539373312437,2.1750736287977723
51.0,213.0,132.62808227539062,0.5478751027957012,1.4915089918222544,-4.017770283732102,-3.43453688910242,-0.5854467428281206,-0.5427832578927154,0.353354811350459,3.583633584550882,-1.2874814327830302,2.1748304111604275
51.0,213.0,132.62808227539062,0.5479443307532503,1.4915089129393202,-4.020530599517375,-3.434557513050347,-0.5873265663083467,-0.542783257773751,0.3700575018888117,3.5836336377119413,-1.287454917965219,2.175238943496297
51.0,213.0,132.62808227539062,0.5478941344508481,1.4915097797880998,-4.018565007985094,-3.429984982496617,-0.5848787132213917,-0.5427832579015086,0.3698901070604473,3.5836336395795687,-1.2862456100693846,2.175915211709121
51.0,214.0,132.62808227539062,0.5478948821106959,1.4915126322271512,-4.018565007985094,-3.429984982496617,-0.5849024594135139,-0.5427832579015086,0.3701326336091446,3.5836336395795687,-1.287454054547188,2.1748392698901005
51.0,214.0,132.62808227539062,0.5478948821106959,1.4915126322271512,-4.018565007985094,-3.429984982496617,-0.5849024594135139,-0.5427832579015086,0.37059461730126,3.5836336395795687,-1.2874818471703546,2.1748392698901005
51.0,214.0,132.62808227539062,0.5478948821106959,1.4915125369362046,-4.018565007985094,-3.429984982496617,-0.585550776313577,-0.5279721935780763,0.3535768109007595,3.5836336395795687,-1.287454054547188,2.174267131087437
51.0,214.0,132.62808227539062,0.5479371659054912,1.49151008825493,-4.0168287821850335,-3.429984982496617,-0.5976865291217942,-0.5427832579015086,0.3698882394018333,3.5836336395795687,-1.2874808364368373,2.1750736287977723
51.0,214.0,132.62808227539062,0.5478783960350889,1.4915126322271512,-4.013231974046128,-3.429931259189822,-0.5853959079524219,-0.5427832579015086,0.3720227595107219,3.5836336395795687,-1.2874814237295416,2.1748392698901005
51.0,214.0,132.62808227539062,0.5478948821106959,1.4915126322271512,-4.018565007985094,-3.429984982496617,-0.5849038134755663,-0.5427832579015086,0.3530703330578133,3.5836336395795687,-1.2874818471703546,2.1748392698901005
51.0,214.0,132.62808227539062,0.5478948821106959,1.4915126322271512,-4.016336684172381,-3.434426143155825,-0.5849038134755663,-0.542783257782956,0.3530703330578133,3.583633585422957,-1.2873613426977333,2.1764212863434835
51.0,214.0,132.62808227539062,0.5478948821106959,1.4915126322271512,-4.018565007985094,-3.429984982496617,-0.5849024594135139,-0.5427832579015086,0.3701326336091446,3.5836336395795687,-1.287454054547188,2.1748392698901005
51.0,214.0,132.62808227539062,0.5478783960350889,1.4915126322271512,-4.013231974046128,-3.429931259189822,-0.5853959079524219,-0.5427832579015086,0.3720227595107219,3.5836336395795687,-1.2874814237295416,2.1748392698901005
51.0,214.0,132.62808227539062,0.5478948821106959,1.4915126322271512,-4.013322040356646,-3.4299823092542527,-0.5849024594135139,-0.5427832579015086,0.37059461730126,3.5836336395795687,-1.2874818471703546,2.1748392698901005
51.0,214.0,132.62808227539062,0.5479442460587678,1.49151008825493,-4.0168287821850335,-3.429984982496617,-0.5976865291217942,-0.5427832577767248,0.3698882394018333,3.5836336395795687,-1.2592496340822534,2.1759126645516123
51.0,214.0,132.62808227539062,0.547937616529104,1.49151008825493,-4.0168287821850335,-3.429984982496617,-0.5976865291217942,-0.5427832578991345,0.3698882394018333,3.5836336395795687,-1.2866427087170385,2.1759126645516123
51.0,214.0,132.62808227539062,0.5479371659054912,1.4915106906779072,-4.0168287821850335,-3.4349824467745527,-0.5955271495185809,-0.5427832579015086,0.3698882394018333,3.5703208031567057,-1.2854039180628944,2.1750736287977723
51.0,214.0,132.62808227539062,0.5478948821106959,1.4915126322271512,-4.018565007985094,-3.429984982496617,-0.5849038134755663,-0.5427832579015086,0.3530703330578133,3.5836336395795687,-1.2874818471703546,2.1748392698901005
51.0,214.0,132.62808227539062,0.5478948821106959,1.4915121369401692,-4.017412237295675,-3.429984982496617,-0.5860867837023092,-0.5279721935780763,0.3535768109007595,3.5836336395795687,-1.2873476441941856,2.174267131087437
51.0,214.0,132.62808227539062,0.5478779684829103,1.4915100582119574,-4.016556178241865,-3.429931259189822,-0.5853959079524219,-0.5427832579015086,0.3699401538168486,3.5836336395795687,-1.2874814237295416,2.1748339715722382
51.0,214.0,132.62808227539062,0.5478948821106959,1.491510115505245,-4.018565007985094,-3.429984982496617,-0.585550776313577,-0.5279721935780763,0.3532251727814096,3.5836336395795687,-1.287454054547188,2.174196968619919
51.0,214.0,132.62808227539062,0.5478783960350889,1.4915126322271512,-4.0115682631224345,-3.429931259189822,-0.5853959079524219,-0.5427832577720734,0.3720227595107219,3.5836336401050257,-1.2874814237295416,2.1748392698901005
51.0,214.0,132.62808227539062,0.5478777894201731,1.4915126322271512,-4.013098196013769,-3.4348979588315944,-0.5853959079524219,-0.5427832579015086,0.3720227595107219,3.5836336395795687,-1.2853275760651472,2.175045059501364
51.0,214.0,132.62808227539062,0.5478951812995236,1.4915126322271512,-4.018565007985094,-3.429984982496617,-0.5848787132213917,-0.5427832579015086,0.3701326336091446,3.5836336395795687,-1.2874537400465145,2.1748392698901005
51.0,214.0,132.62808227539062,0.5479371659054912,1.49151008825493,-4.0168287821850335,-3.429984982496617,-0.5976865291217942,-0.542783257787162,0.3672821324565222,3.5836336395795687,-1.2874808364368373,2.1750736287977723
51.0,214.0,132.62808227539062,0.5478948821106959,1.4915126322271512,-4.016336684172381,-3.434426143155825,-0.5849038134755663,-0.542783257782956,0.3530703330578133,3.583633585422957,-1.287482651840964,2.176455547875888
51.0,214.0,132.62808227539062,0.5479371659054912,1.4915106906779072,-4.01855497464395,-3.4349824467745527,-0.5955271495185809,-0.5427832579015086,0.3698627616320903,3.57050069664492,-1.2873897371495855,2.1750736287977723
51.0,214.0,132.62808227539062,0.5478948821106959,1.4915126322271512,-4.018565007985094,-3.429984982496617,-0.5849038134755663,-0.5417862759426133,0.3530854246187211,3.5836336395795687,-1.2874818471703546,2.1748678712457337
51.0,214.0,132.62808227539062,0.5478783960350889,1.4915126322271512,-4.0115682631224345,-3.429931259189822,-0.5853959079524219,-0.5427832577720734,0.3720227595107219,3.5836336401050257,-1.2874814237295416,2.1748392698901005
51.0,214.0,132.62808227539062,0.5478783960350889,1.4915126322271512,-4.013231974046128,-3.429931259189822,-0.5853959079524219,-0.5427832579015086,0.3720227595107219,3.5836336395795687,-1.2874814237295416,2.1748392698901005
51.0,214.0,132.62808227539062,0.5478950984988996,1.4915047339481498,-4.018565007985094,-3.429984982496617,-0.5834720788807439,-0.5427832579015086,0.37059461730126,3.5836336395795687,-1.2874818471703546,2.1748392698901005
51.0,214.0,132.62808227539062,0.5478951812995236,1.4915126322271512,-4.018565007985094,-3.429984982496617,-0.5848779094820971,-0.5427832579015086,0.3712595339174763,3.5836336395795687,-1.2874537400465145,2.1748392698901005
51.0,214.0,132.62808227539062,0.5478931777771237,1.4915101485711668,-4.0168287821850335,-3.429984982496617,-0.5977682839019836,-0.542783257901822,0.3698227181191845,3.5836336395795687,-1.2866427087170385,2.1748619574352266
51.0,214.0,132.62808227539062,0.5479449431421275,1.4915089129393202,-4.017770283732102,-3.43453688910242,-0.5854467428281206,-0.542783257773751,0.353354811350459,3.583633584550882,-1.287480815620589,2.17524651555813
51.0,214.0,132.62808227539062,0.5478951812995236,1.4915126322271512,-4.016838815526177,-3.429984982496617,-0.5848787132213917,-0.5427832579015086,0.3701581113788876,3.583453746091355,-1.285467920959823,2.1748392698901005
51.0,214.0,132.62808227539062,0.5478783960350889,1.4915126322271512,-4.013231974046128,-3.429931259189822,-0.5853959079524219,-0.5427832579015086,0.3720227595107219,3.5836336395795687,-1.2874814237295416,2.1748392698901005
51.0,214.0,132.62808227539062,0.5479383768927283,1.4915101155575186,-4.016829557674948,-3.429984982496617,-0.5850526222642735,-0.5279721935780763,0.3532251727814096,3.5836336395795687,-1.2874550421735926,2.17506624229969
51.0,214.0,132.62808227539062,0.5479438126126436,1.4915126322271512,-4.018565007985094,-3.429984982496617,-0.5975194006387133,-0.5427832579015086,0.3701326336091446,3.5836336395795687,-1.2883035972994583,2.1748392698901005
51.0,214.0,132.62808227539062,0.5478948821106959,1.4915126322271512,-4.018565007985094,-3.429984982496617,-0.5849046172148611,-0.5427832579015086,0.3519434327494816,3.5836336395795687,-1.2874818471703546,2.1748392698901005
51.0,214.0,132.62808227539062,0.5479393208626762,1.4915125719109144,-4.040700792776991,-3.4299823092542527,-0.5848207046333247,-0.5427832578988211,0.3706601385839088,3.5836336395795687,-1.2874818471703546,2.1758899770064857
51.0,214.0,132.62808227539062,0.547893240534502,1.4915101155575186,-4.016602115314464,-3.4299850385750648,-0.5850544538520193,-0.542868027407921,0.3532251727814096,3.5836336395795687,-1.2874776621229187,2.174816816413067
51.0,214.0,132.62808227539062,0.5479452929074433,1.491512940693981,-4.0168287821850335,-3.429984982496617,-0.5976865291217942,-0.5427832577767248,0.3701307659505306,3.5836336395795687,-1.2604577640593833,2.174836722732591
51.0,214.0,132.62808227539062,0.5478950265838155,1.491512770167609,-4.018565007985094,-3.429984982496617,-0.5855074512728781,-0.5427832579015086,0.3527487862190276,3.5836336395795687,-1.2874808635451835,2.1748406629564485
51.0,214.0,132.62808227539062,0.547878504885672,1.4915126322271512,-4.013215937589671,-3.429916541685906,-0.5853959079524219,-0.5427832579015086,0.3720227595107219,3.5836336347399445,-1.2874814237295416,2.1765074249396017
51.0,214.0,132.62808227539062,0.5478783960350889,1.4915126322271512,-4.018712072817035,-3.42998471476643,-0.5853852880407711,-0.5427955023696167,0.3720227595107219,3.5836336395795687,-1.2874814237295416,2.1748392698901005
51.0,214.0,132.62808227539062,0.5478779684829103,1.4915100582119574,-4.016556178241865,-3.429931259189822,-0.5853959079524219,-0.5427832579015086,0.3699401538168486,3.5836336395795687,-1.2874814237295416,2.1748339715722382
51.0,214.0,132.62808227539062,0.5478951812995236,1.4915126322271512,-4.018636021066609,-3.429984982496617,-0.5848779094820971,-0.5427832579015086,0.3712595339174763,3.5836336395795687,-1.2874791234900465,2.1748392698901005
51.0,214.0,132.62808227539062,0.5479438126126436,1.4915126322271512,-4.018565007985094,-3.429797029743666,-0.5975194006387133,-0.5427832579015086,0.3701326336091446,3.583631041414792,-1.2883035972994583,2.1748437404861187
51.0,214.0,132.62808227539062,0.5479393208626762,1.491512578734157,-4.040700792776991,-3.429984855905507,-0.5848207046333247,-0.542783257901575,0.370127098797437,3.5836336395795687,-1.2874801288957012,2.1758899770064857
51.0,214.0,132.62808227539062,0.5478779529403618,1.4915101047517092,-4.016563736223173,-3.429931259189822,-0.5853959079524219,-0.5427832579015086,0.3720227595107219,3.5836336395795687,-1.2874814237295416,2.174834069959463
51.0,214.0,132.62808227539062,0.5479371659054912,1.4915126739937374,-4.018641735686635,-3.429984982496617,-0.584232498697843,-0.5427832579015086,0.3698630959681335,3.5836336395795687,-1.2874539373312437,2.1750736287977723
51.0,214.0,132.62808227539062,0.5478751027957012,1.4915089918222544,-4.017770283732102,-3.43453688910242,-0.5854467428281206,-0.5427832578927154,0.353354811350459,3.583633584550882,-1.2874814327830302,2.1748304111604275
51.0,214.0,132.62808227539062,0.5479443307532503,1.4915089129393202,-4.020530599517375,-3.434557513050347,-0.5873265663083467,-0.542783257773751,0.3700575018888117,3.5836336377119413,-1.287454917965219,2.175238943496297
51.0,214.0,132.62808227539062,0.5478941344508481,1.4915097797880998,-4.018565007985094,-3.429984982496617,-0.5848787132213917,-0.5427832579015086,0.3698901070604473,3.5836336395795687,-1.2862456100693846,2.175915211709121
51.0,215.0,132.62808227539062,0.5478948821106959,1.4915126322271512,-4.018565007985094,-3.429984982496617,-0.5849024594135139,-0.5427832579015086,0.3701326336091446,3.5836336395795687,-1.287454054547188,2.1748392698901005
51.0,215.0,132.62808227539062,0.5478948821106959,1.4915126322271512,-4.018565007985094,-3.429984982496617,-0.5849024594135139,-0.5427832579015086,0.37059461730126,3.5836336395795687,-1.2874818471703546,2.1748392698901005
51.0,215.0,132.62808227539062,0.5478948821106959,1.4915125369362046,-4.018565007985094,-3.429984982496617,-0.585550776313577,-0.5279721935780763,0.3535768109007595,3.5836336395795687,-1.287454054547188,2.174267131087437
51.0,215.0,132.62808227539062,0.5479371659054912,1.49151008825493,-4.0168287821850335,-3.429984982496617,-0.5976865291217942,-0.5427832579015086,0.3698882394018333,3.5836336395795687,-1.2874808364368373,2.1750736287977723
51.0,215.0,132.62808227539062,0.5478783960350889,1.4915126322271512,-4.013231974046128,-3.429931259189822,-0.5853959079524219,-0.5427832579015086,0.3720227595107219,3.5836336395795687,-1.2874814237295416,2.1748392698901005
51.0,215.0,132.62808227539062,0.5478948821106959,1.4915126322271512,-4.018565007985094,-3.429984982496617,-0.5849038134755663,-0.5427832579015086,0.3530703330578133,3.5836336395795687,-1.2874818471703546,2.1748392698901005
51.0,215.0,132.62808227539062,0.5478948821106959,1.4915126322271512,-4.016336684172381,-3.434426143155825,-0.5849038134755663,-0.542783257782956,0.3530703330578133,3.583633585422957,-1.2873613426977333,2.1764212863434835
51.0,215.0,132.62808227539062,0.5478948821106959,1.4915126322271512,-4.018565007985094,-3.429984982496617,-0.5849024594135139,-0.5427832579015086,0.3701326336091446,3.5836336395795687,-1.287454054547188,2.1748392698901005
51.0,215.0,132.62808227539062,0.5478783960350889,1.4915126322271512,-4.013231974046128,-3.429931259189822,-0.5853959079524219,-0.5427832579015086,0.3720227595107219,3.5836336395795687,-1.2874814237295416,2.1748392698901005
51.0,215.0,132.62808227539062,0.5478948821106959,1.4915126322271512,-4.013322040356646,-3.4299823092542527,-0.5849024594135139,-0.5427832579015086,0.37059461730126,3.5836336395795687,-1.2874818471703546,2.1748392698901005
51.0,215.0,132.62808227539062,0.5479442460587678,1.49151008825493,-4.0168287821850335,-3.429984982496617,-0.5976865291217942,-0.5427832577767248,0.3698882394018333,3.5836336395795687,-1.2592496340822534,2.1759126645516123
51.0,215.0,132.62808227539062,0.547937616529104,1.49151008825493,-4.0168287821850335,-3.429984982496617,-0.5976865291217942,-0.5427832578991345,0.3698882394018333,3.5836336395795687,-1.2866427087170385,2.1759126645516123
51.0,215.0,132.62808227539062,0.5479371659054912,1.4915106906779072,-4.0168287821850335,-3.4349824467745527,-0.5955271495185809,-0.5427832579015086,0.3698882394018333,3.5703208031567057,-1.2854039180628944,2.1750736287977723
51.0,215.0,132.62808227539062,0.5478948821106959,1.4915126322271512,-4.018565007985094,-3.429984982496617,-0.5849038134755663,-0.5427832579015086,0.3530703330578133,3.5836336395795687,-1.2874818471703546,2.1748392698901005
51.0,215.0,132.62808227539062,0.5478948821106959,1.4915121369401692,-4.017412237295675,-3.429984982496617,-0.5860867837023092,-0.5279721935780763,0.3535768109007595,3.5836336395795687,-1.2873476441941856,2.174267131087437
51.0,215.0,132.62808227539062,0.5478779684829103,1.4915100582119574,-4.016556178241865,-3.429931259189822,-0.5853959079524219,-0.5427832579015086,0.3699401538168486,3.5836336395795687,-1.2874814237295416,2.1748339715722382
51.0,215.0,132.62808227539062,0.5478948821106959,1.491510115505245,-4.018565007985094,-3.429984982496617,-0.585550776313577,-0.5279721935780763,0.3532251727814096,3.5836336395795687,-1.287454054547188,2.174196968619919
51.0,215.0,132.62808227539062,0.5478783960350889,1.4915126322271512,-4.0115682631224345,-3.429931259189822,-0.5853959079524219,-0.5427832577720734,0.3720227595107219,3.5836336401050257,-1.2874814237295416,2.1748392698901005
51.0,215.0,132.62808227539062,0.5478777894201731,1.4915126322271512,-4.013098196013769,-3.4348979588315944,-0.5853959079524219,-0.5427832579015086,0.3720227595107219,3.5836336395795687,-1.2853275760651472,2.175045059501364
51.0,215.0,132.62808227539062,0.5478951812995236,1.4915126322271512,-4.018565007985094,-3.429984982496617,-0.5848787132213917,-0.5427832579015086,0.3701326336091446,3.5836336395795687,-1.2874537400465145,2.1748392698901005
51.0,215.0,132.62808227539062,0.5479371659054912,1.49151008825493,-4.0168287821850335,-3.429984982496617,-0.5976865291217942,-0.542783257787162,0.3672821324565222,3.5836336395795687,-1.2874808364368373,2.1750736287977723
51.0,215.0,132.62808227539062,0.5478948821106959,1.4915126322271512,-4.016336684172381,-3.434426143155825,-0.5849038134755663,-0.542783257782956,0.3530703330578133,3.583633585422957,-1.287482651840964,2.176455547875888
51.0,215.0,132.62808227539062,0.5479371659054912,1.4915106906779072,-4.01855497464395,-3.4349824467745527,-0.5955271495185809,-0.5427832579015086,0.3698627616320903,3.57050069664492,-1.2873897371495855,2.1750736287977723
51.0,215.0,132.62808227539062,0.5478948821106959,1.4915126322271512,-4.018565007985094,-3.429984982496617,-0.5849038134755663,-0.5417862759426133,0.3530854246187211,3.5836336395795687,-1.2874818471703546,2.1748678712457337
51.0,215.0,132.62808227539062,0.5478783960350889,1.4915126322271512,-4.0115682631224345,-3.429931259189822,-0.5853959079524219,-0.5427832577720734,0.3720227595107219,3.5836336401050257,-1.2874814237295416,2.1748392698901005
51.0,215.0,132.62808227539062,0.5478783960350889,1.4915126322271512,-4.013231974046128,-3.429931259189822,-0.5853959079524219,-0.5427832579015086,0.3720227595107219,3.5836336395795687,-1.2874814237295416,2.1748392698901005
51.0,215.0,132.62808227539062,0.5478950984988996,1.4915047339481498,-4.018565007985094,-3.429984982496617,-0.5834720788807439,-0.5427832579015086,0.37059461730126,3.5836336395795687,-1.2874818471703546,2.1748392698901005
51.0,215.0,132.62808227539062,0.5478951812995236,1.4915126322271512,-4.018565007985094,-3.429984982496617,-0.5848779094820971,-0.5427832579015086,0.3712595339174763,3.5836336395795687,-1.2874537400465145,2.1748392698901005
51.0,215.0,132.62808227539062,0.5478931777771237,1.4915101485711668,-4.0168287821850335,-3.429984982496617,-0.5977682839019836,-0.542783257901822,0.3698227181191845,3.5836336395795687,-1.2866427087170385,2.1748619574352266
51.0,215.0,132.62808227539062,0.5479449431421275,1.4915089129393202,-4.017770283732102,-3.43453688910242,-0.5854467428281206,-0.542783257773751,0.353354811350459,3.583633584550882,-1.287480815620589,2.17524651555813
51.0,215.0,132.62808227539062,0.5478951812995236,1.4915126322271512,-4.016838815526177,-3.429984982496617,-0.5848787132213917,-0.5427832579015086,0.3701581113788876,3.583453746091355,-1.285467920959823,2.1748392698901005
51.0,215.0,132.62808227539062,0.5478783960350889,1.4915126322271512,-4.013231974046128,-3.429931259189822,-0.5853959079524219,-0.5427832579015086,0.3720227595107219,3.5836336395795687,-1.2874814237295416,2.1748392698901005
51.0,215.0,132.62808227539062,0.5479383768927283,1.4915101155575186,-4.016829557674948,-3.429984982496617,-0.5850526222642735,-0.5279721935780763,0.3532251727814096,3.5836336395795687,-1.2874550421735926,2.17506624229969
51.0,215.0,132.62808227539062,0.5479438126126436,1.4915126322271512,-4.018565007985094,-3.429984982496617,-0.5975194006387133,-0.5427832579015086,0.3701326336091446,3.5836336395795687,-1.2883035972994583,2.1748392698901005
51.0,215.0,132.62808227539062,0.5478948821106959,1.4915126322271512,-4.018565007985094,-3.429984982496617,-0.5849046172148611,-0.5427832579015086,0.3519434327494816,3.5836336395795687,-1.2874818471703546,2.1748392698901005
51.0,215.0,132.62808227539062,0.5479393208626762,1.4915125719109144,-4.040700792776991,-3.4299823092542527,-0.5848207046333247,-0.5427832578988211,0.3706601385839088,3.5836336395795687,-1.2874818471703546,2.1758899770064857
51.0,215.0,132.62808227539062,0.547893240534502,1.4915101155575186,-4.016602115314464,-3.4299850385750648,-0.5850544538520193,-0.542868027407921,0.3532251727814096,3.5836336395795687,-1.2874776621229187,2.174816816413067
51.0,215.0,132.62808227539062,0.5479452929074433,1.491512940693981,-4.0168287821850335,-3.429984982496617,-0.5976865291217942,-0.5427832577767248,0.3701307659505306,3.5836336395795687,-1.2604577640593833,2.174836722732591
51.0,215.0,132.62808227539062,0.5478950265838155,1.491512770167609,-4.018565007985094,-3.429984982496617,-0.5855074512728781,-0.5427832579015086,0.3527487862190276,3.5836336395795687,-1.2874808635451835,2.1748406629564485
51.0,215.0,132.62808227539062,0.547878504885672,1.4915126322271512,-4.013215937589671,-3.429916541685906,-0.5853959079524219,-0.5427832579015086,0.3720227595107219,3.5836336347399445,-1.2874814237295416,2.1765074249396017
51.0,215.0,132.62808227539062,0.5478783960350889,1.4915126322271512,-4.018712072817035,-3.42998471476643,-0.5853852880407711,-0.5427955023696167,0.3720227595107219,3.5836336395795687,-1.2874814237295416,2.1748392698901005
51.0,215.0,132.62808227539062,0.5478779684829103,1.4915100582119574,-4.016556178241865,-3.429931259189822,-0.5853959079524219,-0.5427832579015086,0.3699401538168486,3.5836336395795687,-1.2874814237295416,2.1748339715722382
51.0,215.0,132.62808227539062,0.5478951812995236,1.4915126322271512,-4.018636021066609,-3.429984982496617,-0.5848779094820971,-0.5427832579015086,0.3712595339174763,3.5836336395795687,-1.2874791234900465,2.1748392698901005
51.0,215.0,132.62808227539062,0.5479438126126436,1.4915126322271512,-4.018565007985094,-3.429797029743666,-0.5975194006387133,-0.5427832579015086,0.3701326336091446,3.583631041414792,-1.2883035972994583,2.1748437404861187
51.0,215.0,132.62808227539062,0.5479393208626762,1.491512578734157,-4.040700792776991,-3.429984855905507,-0.5848207046333247,-0.542783257901575,0.370127098797437,3.5836336395795687,-1.2874801288957012,2.1758899770064857
51.0,215.0,132.62808227539062,0.5478779529403618,1.4915101047517092,-4.016563736223173,-3.429931259189822,-0.5853959079524219,-0.5427832579015086,0.3720227595107219,3.5836336395795687,-1.2874814237295416,2.174834069959463
51.0,215.0,132.62808227539062,0.5479371659054912,1.4915126739937374,-4.018641735686635,-3.429984982496617,-0.584232498697843,-0.5427832579015086,0.3698630959681335,3.5836336395795687,-1.2874539373312437,2.1750736287977723
51.0,215.0,132.62808227539062,0.5478751027957012,1.4915089918222544,-4.017770283732102,-3.43453688910242,-0.5854467428281206,-0.5427832578927154,0.353354811350459,3.583633584550882,-1.2874814327830302,2.1748304111604275
51.0,215.0,132.62808227539062,0.5479443307532503,1.4915089129393202,-4.020530599517375,-3.434557513050347,-0.5873265663083467,-0.542783257773751,0.3700575018888117,3.5836336377119413,-1.287454917965219,2.175238943496297
51.0,215.0,132.62808227539062,0.5478941344508481,1.4915097797880998,-4.018565007985094,-3.429984982496617,-0.5848787132213917,-0.5427832579015086,0.3698901070604473,3.5836336395795687,-1.2862456100693846,2.175915211709121
51.0,216.0,132.62808227539062,0.5478948821106959,1.4915126322271512,-4.018565007985094,-3.429984982496617,-0.5849024594135139,-0.5427832579015086,0.3701326336091446,3.5836336395795687,-1.287454054547188,2.1748392698901005
51.0,216.0,132.62808227539062,0.5478948821106959,1.4915126322271512,-4.018565007985094,-3.429984982496617,-0.5849024594135139,-0.5427832579015086,0.37059461730126,3.5836336395795687,-1.2874818471703546,2.1748392698901005
51.0,216.0,132.62808227539062,0.5478948821106959,1.4915125369362046,-4.018565007985094,-3.429984982496617,-0.585550776313577,-0.5279721935780763,0.3535768109007595,3.5836336395795687,-1.287454054547188,2.174267131087437
51.0,216.0,132.62808227539062,0.5479371659054912,1.49151008825493,-4.0168287821850335,-3.429984982496617,-0.5976865291217942,-0.5427832579015086,0.3698882394018333,3.5836336395795687,-1.2874808364368373,2.1750736287977723
51.0,216.0,132.62808227539062,0.5478783960350889,1.4915126322271512,-4.013231974046128,-3.429931259189822,-0.5853959079524219,-0.5427832579015086,0.3720227595107219,3.5836336395795687,-1.2874814237295416,2.1748392698901005
51.0,216.0,132.62808227539062,0.5478948821106959,1.4915126322271512,-4.018565007985094,-3.429984982496617,-0.5849038134755663,-0.5427832579015086,0.3530703330578133,3.5836336395795687,-1.2874818471703546,2.1748392698901005
51.0,216.0,132.62808227539062,0.5478948821106959,1.4915126322271512,-4.016336684172381,-3.434426143155825,-0.5849038134755663,-0.542783257782956,0.3530703330578133,3.583633585422957,-1.2873613426977333,2.1764212863434835
51.0,216.0,132.62808227539062,0.5478948821106959,1.4915126322271512,-4.018565007985094,-3.429984982496617,-0.5849024594135139,-0.5427832579015086,0.3701326336091446,3.5836336395795687,-1.287454054547188,2.1748392698901005
51.0,216.0,132.62808227539062,0.5478783960350889,1.4915126322271512,-4.013231974046128,-3.429931259189822,-0.5853959079524219,-0.5427832579015086,0.3720227595107219,3.5836336395795687,-1.2874814237295416,2.1748392698901005
51.0,216.0,132.62808227539062,0.5478948821106959,1.4915126322271512,-4.013322040356646,-3.4299823092542527,-0.5849024594135139,-0.5427832579015086,0.37059461730126,3.5836336395795687,-1.2874818471703546,2.1748392698901005
51.0,216.0,132.62808227539062,0.5479442460587678,1.49151008825493,-4.0168287821850335,-3.429984982496617,-0.5976865291217942,-0.5427832577767248,0.3698882394018333,3.5836336395795687,-1.2592496340822534,2.1759126645516123
51.0,216.0,132.62808227539062,0.547937616529104,1.49151008825493,-4.0168287821850335,-3.429984982496617,-0.5976865291217942,-0.5427832578991345,0.3698882394018333,3.5836336395795687,-1.2866427087170385,2.1759126645516123
51.0,216.0,132.62808227539062,0.5479371659054912,1.4915106906779072,-4.0168287821850335,-3.4349824467745527,-0.5955271495185809,-0.5427832579015086,0.3698882394018333,3.5703208031567057,-1.2854039180628944,2.1750736287977723
51.0,216.0,132.62808227539062,0.5478948821106959,1.4915126322271512,-4.018565007985094,-3.429984982496617,-0.5849038134755663,-0.5427832579015086,0.3530703330578133,3.5836336395795687,-1.2874818471703546,2.1748392698901005
51.0,216.0,132.62808227539062,0.5478948821106959,1.4915121369401692,-4.017412237295675,-3.429984982496617,-0.5860867837023092,-0.5279721935780763,0.3535768109007595,3.5836336395795687,-1.2873476441941856,2.174267131087437
51.0,216.0,132.62808227539062,0.5478779684829103,1.4915100582119574,-4.016556178241865,-3.429931259189822,-0.5853959079524219,-0.5427832579015086,0.3699401538168486,3.5836336395795687,-1.2874814237295416,2.1748339715722382
51.0,216.0,132.62808227539062,0.5478948821106959,1.491510115505245,-4.018565007985094,-3.429984982496617,-0.585550776313577,-0.5279721935780763,0.3532251727814096,3.5836336395795687,-1.287454054547188,2.174196968619919
51.0,216.0,132.62808227539062,0.5478783960350889,1.4915126322271512,-4.0115682631224345,-3.429931259189822,-0.5853959079524219,-0.5427832577720734,0.3720227595107219,3.5836336401050257,-1.2874814237295416,2.1748392698901005
51.0,216.0,132.62808227539062,0.5478777894201731,1.4915126322271512,-4.013098196013769,-3.4348979588315944,-0.5853959079524219,-0.5427832579015086,0.3720227595107219,3.5836336395795687,-1.2853275760651472,2.175045059501364
51.0,216.0,132.62808227539062,0.5478951812995236,1.4915126322271512,-4.018565007985094,-3.429984982496617,-0.5848787132213917,-0.5427832579015086,0.3701326336091446,3.5836336395795687,-1.2874537400465145,2.1748392698901005
51.0,216.0,132.62808227539062,0.5479371659054912,1.49151008825493,-4.0168287821850335,-3.429984982496617,-0.5976865291217942,-0.542783257787162,0.3672821324565222,3.5836336395795687,-1.2874808364368373,2.1750736287977723
51.0,216.0,132.62808227539062,0.5478948821106959,1.4915126322271512,-4.016336684172381,-3.434426143155825,-0.5849038134755663,-0.542783257782956,0.3530703330578133,3.583633585422957,-1.287482651840964,2.176455547875888
51.0,216.0,132.62808227539062,0.5479371659054912,1.4915106906779072,-4.01855497464395,-3.4349824467745527,-0.5955271495185809,-0.5427832579015086,0.3698627616320903,3.57050069664492,-1.2873897371495855,2.1750736287977723
51.0,216.0,132.62808227539062,0.5478948821106959,1.4915126322271512,-4.018565007985094,-3.429984982496617,-0.5849038134755663,-0.5417862759426133,0.3530854246187211,3.5836336395795687,-1.2874818471703546,2.1748678712457337
51.0,216.0,132.62808227539062,0.5478783960350889,1.4915126322271512,-4.0115682631224345,-3.429931259189822,-0.5853959079524219,-0.5427832577720734,0.3720227595107219,3.5836336401050257,-1.2874814237295416,2.1748392698901005
51.0,216.0,132.62808227539062,0.5478783960350889,1.4915126322271512,-4.013231974046128,-3.429931259189822,-0.5853959079524219,-0.5427832579015086,0.3720227595107219,3.5836336395795687,-1.2874814237295416,2.1748392698901005
51.0,216.0,132.62808227539062,0.5478950984988996,1.4915047339481498,-4.018565007985094,-3.429984982496617,-0.5834720788807439,-0.5427832579015086,0.37059461730126,3.5836336395795687,-1.2874818471703546,2.1748392698901005
51.0,216.0,132.62808227539062,0.5478951812995236,1.4915126322271512,-4.018565007985094,-3.429984982496617,-0.5848779094820971,-0.5427832579015086,0.3712595339174763,3.5836336395795687,-1.2874537400465145,2.1748392698901005
51.0,216.0,132.62808227539062,0.5478931777771237,1.4915101485711668,-4.0168287821850335,-3.429984982496617,-0.5977682839019836,-0.542783257901822,0.3698227181191845,3.5836336395795687,-1.2866427087170385,2.1748619574352266
51.0,216.0,132.62808227539062,0.5479449431421275,1.4915089129393202,-4.017770283732102,-3.43453688910242,-0.5854467428281206,-0.542783257773751,0.353354811350459,3.583633584550882,-1.287480815620589,2.17524651555813
51.0,216.0,132.62808227539062,0.5478951812995236,1.4915126322271512,-4.016838815526177,-3.429984982496617,-0.5848787132213917,-0.5427832579015086,0.3701581113788876,3.583453746091355,-1.285467920959823,2.1748392698901005
51.0,216.0,132.62808227539062,0.5478783960350889,1.4915126322271512,-4.013231974046128,-3.429931259189822,-0.5853959079524219,-0.5427832579015086,0.3720227595107219,3.5836336395795687,-1.2874814237295416,2.1748392698901005
51.0,216.0,132.62808227539062,0.5479383768927283,1.4915101155575186,-4.016829557674948,-3.429984982496617,-0.5850526222642735,-0.5279721935780763,0.3532251727814096,3.5836336395795687,-1.2874550421735926,2.17506624229969
51.0,216.0,132.62808227539062,0.5479438126126436,1.4915126322271512,-4.018565007985094,-3.429984982496617,-0.5975194006387133,-0.5427832579015086,0.3701326336091446,3.5836336395795687,-1.2883035972994583,2.1748392698901005
51.0,216.0,132.62808227539062,0.5478948821106959,1.4915126322271512,-4.018565007985094,-3.429984982496617,-0.5849046172148611,-0.5427832579015086,0.3519434327494816,3.5836336395795687,-1.2874818471703546,2.1748392698901005
51.0,216.0,132.62808227539062,0.5479393208626762,1.4915125719109144,-4.040700792776991,-3.4299823092542527,-0.5848207046333247,-0.5427832578988211,0.3706601385839088,3.5836336395795687,-1.2874818471703546,2.1758899770064857
51.0,216.0,132.62808227539062,0.547893240534502,1.4915101155575186,-4.016602115314464,-3.4299850385750648,-0.5850544538520193,-0.542868027407921,0.3532251727814096,3.5836336395795687,-1.2874776621229187,2.174816816413067
51.0,216.0,132.62808227539062,0.5479452929074433,1.491512940693981,-4.0168287821850335,-3.429984982496617,-0.5976865291217942,-0.5427832577767248,0.3701307659505306,3.5836336395795687,-1.2604577640593833,2.174836722732591
51.0,216.0,132.62808227539062,0.5478950265838155,1.491512770167609,-4.018565007985094,-3.429984982496617,-0.5855074512728781,-0.5427832579015086,0.3527487862190276,3.5836336395795687,-1.2874808635451835,2.1748406629564485
51.0,216.0,132.62808227539062,0.547878504885672,1.4915126322271512,-4.013215937589671,-3.429916541685906,-0.5853959079524219,-0.5427832579015086,0.3720227595107219,3.5836336347399445,-1.2874814237295416,2.1765074249396017
51.0,216.0,132.62808227539062,0.5478783960350889,1.4915126322271512,-4.018712072817035,-3.42998471476643,-0.5853852880407711,-0.5427955023696167,0.3720227595107219,3.5836336395795687,-1.2874814237295416,2.1748392698901005
51.0,216.0,132.62808227539062,0.5478779684829103,1.4915100582119574,-4.016556178241865,-3.429931259189822,-0.5853959079524219,-0.5427832579015086,0.3699401538168486,3.5836336395795687,-1.2874814237295416,2.1748339715722382
51.0,216.0,132.62808227539062,0.5478951812995236,1.4915126322271512,-4.018636021066609,-3.429984982496617,-0.5848779094820971,-0.5427832579015086,0.3712595339174763,3.5836336395795687,-1.2874791234900465,2.1748392698901005
51.0,216.0,132.62808227539062,0.5479438126126436,1.4915126322271512,-4.018565007985094,-3.429797029743666,-0.5975194006387133,-0.5427832579015086,0.3701326336091446,3.583631041414792,-1.2883035972994583,2.1748437404861187
51.0,216.0,132.62808227539062,0.5479393208626762,1.491512578734157,-4.040700792776991,-3.429984855905507,-0.5848207046333247,-0.542783257901575,0.370127098797437,3.5836336395795687,-1.2874801288957012,2.1758899770064857
51.0,216.0,132.62808227539062,0.5478779529403618,1.4915101047517092,-4.016563736223173,-3.429931259189822,-0.5853959079524219,-0.5427832579015086,0.3720227595107219,3.5836336395795687,-1.2874814237295416,2.174834069959463
51.0,216.0,132.62808227539062,0.5479371659054912,1.4915126739937374,-4.018641735686635,-3.429984982496617,-0.584232498697843,-0.5427832579015086,0.3698630959681335,3.5836336395795687,-1.2874539373312437,2.1750736287977723
51.0,216.0,132.62808227539062,0.5478751027957012,1.4915089918222544,-4.017770283732102,-3.43453688910242,-0.5854467428281206,-0.5427832578927154,0.353354811350459,3.583633584550882,-1.2874814327830302,2.1748304111604275
51.0,216.0,132.62808227539062,0.5479443307532503,1.4915089129393202,-4.020530599517375,-3.434557513050347,-0.5873265663083467,-0.542783257773751,0.3700575018888117,3.5836336377119413,-1.287454917965219,2.175238943496297
51.0,216.0,132.62808227539062,0.5478941344508481,1.4915097797880998,-4.018565007985094,-3.429984982496617,-0.5848787132213917,-0.5427832579015086,0.3698901070604473,3.5836336395795687,-1.2862456100693846,2.175915211709121
51.0,217.0,132.62808227539062,0.5478948821106959,1.4915126322271512,-4.018565007985094,-3.429984982496617,-0.5849024594135139,-0.5427832579015086,0.3701326336091446,3.5836336395795687,-1.287454054547188,2.1748392698901005
51.0,217.0,132.62808227539062,0.5478948821106959,1.4915126322271512,-4.018565007985094,-3.429984982496617,-0.5849024594135139,-0.5427832579015086,0.37059461730126,3.5836336395795687,-1.2874818471703546,2.1748392698901005
51.0,217.0,132.62808227539062,0.5478948821106959,1.4915125369362046,-4.018565007985094,-3.429984982496617,-0.585550776313577,-0.5279721935780763,0.3535768109007595,3.5836336395795687,-1.287454054547188,2.174267131087437
51.0,217.0,132.62808227539062,0.5479371659054912,1.49151008825493,-4.0168287821850335,-3.429984982496617,-0.5976865291217942,-0.5427832579015086,0.3698882394018333,3.5836336395795687,-1.2874808364368373,2.1750736287977723
51.0,217.0,132.62808227539062,0.5478783960350889,1.4915126322271512,-4.013231974046128,-3.429931259189822,-0.5853959079524219,-0.5427832579015086,0.3720227595107219,3.5836336395795687,-1.2874814237295416,2.1748392698901005
51.0,217.0,132.62808227539062,0.5478948821106959,1.4915126322271512,-4.018565007985094,-3.429984982496617,-0.5849038134755663,-0.5427832579015086,0.3530703330578133,3.5836336395795687,-1.2874818471703546,2.1748392698901005
51.0,217.0,132.62808227539062,0.5478948821106959,1.4915126322271512,-4.016336684172381,-3.434426143155825,-0.5849038134755663,-0.542783257782956,0.3530703330578133,3.583633585422957,-1.2873613426977333,2.1764212863434835
51.0,217.0,132.62808227539062,0.5478948821106959,1.4915126322271512,-4.018565007985094,-3.429984982496617,-0.5849024594135139,-0.5427832579015086,0.3701326336091446,3.5836336395795687,-1.287454054547188,2.1748392698901005
51.0,217.0,132.62808227539062,0.5478783960350889,1.4915126322271512,-4.013231974046128,-3.429931259189822,-0.5853959079524219,-0.5427832579015086,0.3720227595107219,3.5836336395795687,-1.2874814237295416,2.1748392698901005
51.0,217.0,132.62808227539062,0.5478948821106959,1.4915126322271512,-4.013322040356646,-3.4299823092542527,-0.5849024594135139,-0.5427832579015086,0.37059461730126,3.5836336395795687,-1.2874818471703546,2.1748392698901005
51.0,217.0,132.62808227539062,0.5479442460587678,1.49151008825493,-4.0168287821850335,-3.429984982496617,-0.5976865291217942,-0.5427832577767248,0.3698882394018333,3.5836336395795687,-1.2592496340822534,2.1759126645516123
51.0,217.0,132.62808227539062,0.547937616529104,1.49151008825493,-4.0168287821850335,-3.429984982496617,-0.5976865291217942,-0.5427832578991345,0.3698882394018333,3.5836336395795687,-1.2866427087170385,2.1759126645516123
51.0,217.0,132.62808227539062,0.5479371659054912,1.4915106906779072,-4.0168287821850335,-3.4349824467745527,-0.5955271495185809,-0.5427832579015086,0.3698882394018333,3.5703208031567057,-1.2854039180628944,2.1750736287977723
51.0,217.0,132.62808227539062,0.5478948821106959,1.4915126322271512,-4.018565007985094,-3.429984982496617,-0.5849038134755663,-0.5427832579015086,0.3530703330578133,3.5836336395795687,-1.2874818471703546,2.1748392698901005
51.0,217.0,132.62808227539062,0.5478948821106959,1.4915121369401692,-4.017412237295675,-3.429984982496617,-0.5860867837023092,-0.5279721935780763,0.3535768109007595,3.5836336395795687,-1.2873476441941856,2.174267131087437
51.0,217.0,132.62808227539062,0.5478779684829103,1.4915100582119574,-4.016556178241865,-3.429931259189822,-0.5853959079524219,-0.5427832579015086,0.3699401538168486,3.5836336395795687,-1.2874814237295416,2.1748339715722382
51.0,217.0,132.62808227539062,0.5478948821106959,1.491510115505245,-4.018565007985094,-3.429984982496617,-0.585550776313577,-0.5279721935780763,0.3532251727814096,3.5836336395795687,-1.287454054547188,2.174196968619919
51.0,217.0,132.62808227539062,0.5478783960350889,1.4915126322271512,-4.0115682631224345,-3.429931259189822,-0.5853959079524219,-0.5427832577720734,0.3720227595107219,3.5836336401050257,-1.2874814237295416,2.1748392698901005
51.0,217.0,132.62808227539062,0.5478777894201731,1.4915126322271512,-4.013098196013769,-3.4348979588315944,-0.5853959079524219,-0.5427832579015086,0.3720227595107219,3.5836336395795687,-1.2853275760651472,2.175045059501364
51.0,217.0,132.62808227539062,0.5478951812995236,1.4915126322271512,-4.018565007985094,-3.429984982496617,-0.5848787132213917,-0.5427832579015086,0.3701326336091446,3.5836336395795687,-1.2874537400465145,2.1748392698901005
51.0,217.0,132.62808227539062,0.5479371659054912,1.49151008825493,-4.0168287821850335,-3.429984982496617,-0.5976865291217942,-0.542783257787162,0.3672821324565222,3.5836336395795687,-1.2874808364368373,2.1750736287977723
51.0,217.0,132.62808227539062,0.5478948821106959,1.4915126322271512,-4.016336684172381,-3.434426143155825,-0.5849038134755663,-0.542783257782956,0.3530703330578133,3.583633585422957,-1.287482651840964,2.176455547875888
51.0,217.0,132.62808227539062,0.5479371659054912,1.4915106906779072,-4.01855497464395,-3.4349824467745527,-0.5955271495185809,-0.5427832579015086,0.3698627616320903,3.57050069664492,-1.2873897371495855,2.1750736287977723
51.0,217.0,132.62808227539062,0.5478948821106959,1.4915126322271512,-4.018565007985094,-3.429984982496617,-0.5849038134755663,-0.5417862759426133,0.3530854246187211,3.5836336395795687,-1.2874818471703546,2.1748678712457337
51.0,217.0,132.62808227539062,0.5478783960350889,1.4915126322271512,-4.0115682631224345,-3.429931259189822,-0.5853959079524219,-0.5427832577720734,0.3720227595107219,3.5836336401050257,-1.2874814237295416,2.1748392698901005
51.0,217.0,132.62808227539062,0.5478783960350889,1.4915126322271512,-4.013231974046128,-3.429931259189822,-0.5853959079524219,-0.5427832579015086,0.3720227595107219,3.5836336395795687,-1.2874814237295416,2.1748392698901005
51.0,217.0,132.62808227539062,0.5478950984988996,1.4915047339481498,-4.018565007985094,-3.429984982496617,-0.5834720788807439,-0.5427832579015086,0.37059461730126,3.5836336395795687,-1.2874818471703546,2.1748392698901005
51.0,217.0,132.62808227539062,0.5478951812995236,1.4915126322271512,-4.018565007985094,-3.429984982496617,-0.5848779094820971,-0.5427832579015086,0.3712595339174763,3.5836336395795687,-1.2874537400465145,2.1748392698901005
51.0,217.0,132.62808227539062,0.5478931777771237,1.4915101485711668,-4.0168287821850335,-3.429984982496617,-0.5977682839019836,-0.542783257901822,0.3698227181191845,3.5836336395795687,-1.2866427087170385,2.1748619574352266
51.0,217.0,132.62808227539062,0.5479449431421275,1.4915089129393202,-4.017770283732102,-3.43453688910242,-0.5854467428281206,-0.542783257773751,0.353354811350459,3.583633584550882,-1.287480815620589,2.17524651555813
51.0,217.0,132.62808227539062,0.5478951812995236,1.4915126322271512,-4.016838815526177,-3.429984982496617,-0.5848787132213917,-0.5427832579015086,0.3701581113788876,3.583453746091355,-1.285467920959823,2.1748392698901005
51.0,217.0,132.62808227539062,0.5478783960350889,1.4915126322271512,-4.013231974046128,-3.429931259189822,-0.5853959079524219,-0.5427832579015086,0.3720227595107219,3.5836336395795687,-1.2874814237295416,2.1748392698901005
51.0,217.0,132.62808227539062,0.5479383768927283,1.4915101155575186,-4.016829557674948,-3.429984982496617,-0.5850526222642735,-0.5279721935780763,0.3532251727814096,3.5836336395795687,-1.2874550421735926,2.17506624229969
51.0,217.0,132.62808227539062,0.5479438126126436,1.4915126322271512,-4.018565007985094,-3.429984982496617,-0.5975194006387133,-0.5427832579015086,0.3701326336091446,3.5836336395795687,-1.2883035972994583,2.1748392698901005
51.0,217.0,132.62808227539062,0.5478948821106959,1.4915126322271512,-4.018565007985094,-3.429984982496617,-0.5849046172148611,-0.5427832579015086,0.3519434327494816,3.5836336395795687,-1.2874818471703546,2.1748392698901005
51.0,217.0,132.62808227539062,0.5479393208626762,1.4915125719109144,-4.040700792776991,-3.4299823092542527,-0.5848207046333247,-0.5427832578988211,0.3706601385839088,3.5836336395795687,-1.2874818471703546,2.1758899770064857
51.0,217.0,132.62808227539062,0.547893240534502,1.4915101155575186,-4.016602115314464,-3.4299850385750648,-0.5850544538520193,-0.542868027407921,0.3532251727814096,3.5836336395795687,-1.2874776621229187,2.174816816413067
51.0,217.0,132.62808227539062,0.5479452929074433,1.491512940693981,-4.0168287821850335,-3.429984982496617,-0.5976865291217942,-0.5427832577767248,0.3701307659505306,3.5836336395795687,-1.2604577640593833,2.174836722732591
51.0,217.0,132.62808227539062,0.5478950265838155,1.491512770167609,-4.018565007985094,-3.429984982496617,-0.5855074512728781,-0.5427832579015086,0.3527487862190276,3.5836336395795687,-1.2874808635451835,2.1748406629564485
51.0,217.0,132.62808227539062,0.547878504885672,1.4915126322271512,-4.013215937589671,-3.429916541685906,-0.5853959079524219,-0.5427832579015086,0.3720227595107219,3.5836336347399445,-1.2874814237295416,2.1765074249396017
51.0,217.0,132.62808227539062,0.5478783960350889,1.4915126322271512,-4.018712072817035,-3.42998471476643,-0.5853852880407711,-0.5427955023696167,0.3720227595107219,3.5836336395795687,-1.2874814237295416,2.1748392698901005
51.0,217.0,132.62808227539062,0.5478779684829103,1.4915100582119574,-4.016556178241865,-3.429931259189822,-0.5853959079524219,-0.5427832579015086,0.3699401538168486,3.5836336395795687,-1.2874814237295416,2.1748339715722382
51.0,217.0,132.62808227539062,0.5478951812995236,1.4915126322271512,-4.018636021066609,-3.429984982496617,-0.5848779094820971,-0.5427832579015086,0.3712595339174763,3.5836336395795687,-1.2874791234900465,2.1748392698901005
51.0,217.0,132.62808227539062,0.5479438126126436,1.4915126322271512,-4.018565007985094,-3.429797029743666,-0.5975194006387133,-0.5427832579015086,0.3701326336091446,3.583631041414792,-1.2883035972994583,2.1748437404861187
51.0,217.0,132.62808227539062,0.5479393208626762,1.491512578734157,-4.040700792776991,-3.429984855905507,-0.5848207046333247,-0.542783257901575,0.370127098797437,3.5836336395795687,-1.2874801288957012,2.1758899770064857
51.0,217.0,132.62808227539062,0.5478779529403618,1.4915101047517092,-4.016563736223173,-3.429931259189822,-0.5853959079524219,-0.5427832579015086,0.3720227595107219,3.5836336395795687,-1.2874814237295416,2.174834069959463
51.0,217.0,132.62808227539062,0.5479371659054912,1.4915126739937374,-4.018641735686635,-3.429984982496617,-0.584232498697843,-0.5427832579015086,0.3698630959681335,3.5836336395795687,-1.2874539373312437,2.1750736287977723
51.0,217.0,132.62808227539062,0.5478751027957012,1.4915089918222544,-4.017770283732102,-3.43453688910242,-0.5854467428281206,-0.5427832578927154,0.353354811350459,3.583633584550882,-1.2874814327830302,2.1748304111604275
51.0,217.0,132.62808227539062,0.5479443307532503,1.4915089129393202,-4.020530599517375,-3.434557513050347,-0.5873265663083467,-0.542783257773751,0.3700575018888117,3.5836336377119413,-1.287454917965219,2.175238943496297
51.0,217.0,132.62808227539062,0.5478941344508481,1.4915097797880998,-4.018565007985094,-3.429984982496617,-0.5848787132213917,-0.5427832579015086,0.3698901070604473,3.5836336395795687,-1.2862456100693846,2.175915211709121
51.0,218.0,132.62808227539062,0.5478948821106959,1.4915126322271512,-4.018565007985094,-3.429984982496617,-0.5849024594135139,-0.5427832579015086,0.3701326336091446,3.5836336395795687,-1.287454054547188,2.1748392698901005
51.0,218.0,132.62808227539062,0.5478948821106959,1.4915126322271512,-4.018565007985094,-3.429984982496617,-0.5849024594135139,-0.5427832579015086,0.37059461730126,3.5836336395795687,-1.2874818471703546,2.1748392698901005
51.0,218.0,132.62808227539062,0.5478948821106959,1.4915125369362046,-4.018565007985094,-3.429984982496617,-0.585550776313577,-0.5279721935780763,0.3535768109007595,3.5836336395795687,-1.287454054547188,2.174267131087437
51.0,218.0,132.62808227539062,0.5479371659054912,1.49151008825493,-4.0168287821850335,-3.429984982496617,-0.5976865291217942,-0.5427832579015086,0.3698882394018333,3.5836336395795687,-1.2874808364368373,2.1750736287977723
51.0,218.0,132.62808227539062,0.5478783960350889,1.4915126322271512,-4.013231974046128,-3.429931259189822,-0.5853959079524219,-0.5427832579015086,0.3720227595107219,3.5836336395795687,-1.2874814237295416,2.1748392698901005
51.0,218.0,132.62808227539062,0.5478948821106959,1.4915126322271512,-4.018565007985094,-3.429984982496617,-0.5849038134755663,-0.5427832579015086,0.3530703330578133,3.5836336395795687,-1.2874818471703546,2.1748392698901005
51.0,218.0,132.62808227539062,0.5478948821106959,1.4915126322271512,-4.016336684172381,-3.434426143155825,-0.5849038134755663,-0.542783257782956,0.3530703330578133,3.583633585422957,-1.2873613426977333,2.1764212863434835
51.0,218.0,132.62808227539062,0.5478948821106959,1.4915126322271512,-4.018565007985094,-3.429984982496617,-0.5849024594135139,-0.5427832579015086,0.3701326336091446,3.5836336395795687,-1.287454054547188,2.1748392698901005
51.0,218.0,132.62808227539062,0.5478783960350889,1.4915126322271512,-4.013231974046128,-3.429931259189822,-0.5853959079524219,-0.5427832579015086,0.3720227595107219,3.5836336395795687,-1.2874814237295416,2.1748392698901005
51.0,218.0,132.62808227539062,0.5478948821106959,1.4915126322271512,-4.013322040356646,-3.4299823092542527,-0.5849024594135139,-0.5427832579015086,0.37059461730126,3.5836336395795687,-1.2874818471703546,2.1748392698901005
51.0,218.0,132.62808227539062,0.5479442460587678,1.49151008825493,-4.0168287821850335,-3.429984982496617,-0.5976865291217942,-0.5427832577767248,0.3698882394018333,3.5836336395795687,-1.2592496340822534,2.1759126645516123
51.0,218.0,132.62808227539062,0.547937616529104,1.49151008825493,-4.0168287821850335,-3.429984982496617,-0.5976865291217942,-0.5427832578991345,0.3698882394018333,3.5836336395795687,-1.2866427087170385,2.1759126645516123
51.0,218.0,132.62808227539062,0.5479371659054912,1.4915106906779072,-4.0168287821850335,-3.4349824467745527,-0.5955271495185809,-0.5427832579015086,0.3698882394018333,3.5703208031567057,-1.2854039180628944,2.1750736287977723
51.0,218.0,132.62808227539062,0.5478948821106959,1.4915126322271512,-4.018565007985094,-3.429984982496617,-0.5849038134755663,-0.5427832579015086,0.3530703330578133,3.5836336395795687,-1.2874818471703546,2.1748392698901005
51.0,218.0,132.62808227539062,0.5478948821106959,1.4915121369401692,-4.017412237295675,-3.429984982496617,-0.5860867837023092,-0.5279721935780763,0.3535768109007595,3.5836336395795687,-1.2873476441941856,2.174267131087437
51.0,218.0,132.62808227539062,0.5478779684829103,1.4915100582119574,-4.016556178241865,-3.429931259189822,-0.5853959079524219,-0.5427832579015086,0.3699401538168486,3.5836336395795687,-1.2874814237295416,2.1748339715722382
51.0,218.0,132.62808227539062,0.5478948821106959,1.491510115505245,-4.018565007985094,-3.429984982496617,-0.585550776313577,-0.5279721935780763,0.3532251727814096,3.5836336395795687,-1.287454054547188,2.174196968619919
51.0,218.0,132.62808227539062,0.5478783960350889,1.4915126322271512,-4.0115682631224345,-3.429931259189822,-0.5853959079524219,-0.5427832577720734,0.3720227595107219,3.5836336401050257,-1.2874814237295416,2.1748392698901005
51.0,218.0,132.62808227539062,0.5478777894201731,1.4915126322271512,-4.013098196013769,-3.4348979588315944,-0.5853959079524219,-0.5427832579015086,0.3720227595107219,3.5836336395795687,-1.2853275760651472,2.175045059501364
51.0,218.0,132.62808227539062,0.5478951812995236,1.4915126322271512,-4.018565007985094,-3.429984982496617,-0.5848787132213917,-0.5427832579015086,0.3701326336091446,3.5836336395795687,-1.2874537400465145,2.1748392698901005
51.0,218.0,132.62808227539062,0.5479371659054912,1.49151008825493,-4.0168287821850335,-3.429984982496617,-0.5976865291217942,-0.542783257787162,0.3672821324565222,3.5836336395795687,-1.2874808364368373,2.1750736287977723
51.0,218.0,132.62808227539062,0.5478948821106959,1.4915126322271512,-4.016336684172381,-3.434426143155825,-0.5849038134755663,-0.542783257782956,0.3530703330578133,3.583633585422957,-1.287482651840964,2.176455547875888
51.0,218.0,132.62808227539062,0.5479371659054912,1.4915106906779072,-4.01855497464395,-3.4349824467745527,-0.5955271495185809,-0.5427832579015086,0.3698627616320903,3.57050069664492,-1.2873897371495855,2.1750736287977723
51.0,218.0,132.62808227539062,0.5478948821106959,1.4915126322271512,-4.018565007985094,-3.429984982496617,-0.5849038134755663,-0.5417862759426133,0.3530854246187211,3.5836336395795687,-1.2874818471703546,2.1748678712457337
51.0,218.0,132.62808227539062,0.5478783960350889,1.4915126322271512,-4.0115682631224345,-3.429931259189822,-0.5853959079524219,-0.5427832577720734,0.3720227595107219,3.5836336401050257,-1.2874814237295416,2.1748392698901005
51.0,218.0,132.62808227539062,0.5478783960350889,1.4915126322271512,-4.013231974046128,-3.429931259189822,-0.5853959079524219,-0.5427832579015086,0.3720227595107219,3.5836336395795687,-1.2874814237295416,2.1748392698901005
51.0,218.0,132.62808227539062,0.5478950984988996,1.4915047339481498,-4.018565007985094,-3.429984982496617,-0.5834720788807439,-0.5427832579015086,0.37059461730126,3.5836336395795687,-1.2874818471703546,2.1748392698901005
51.0,218.0,132.62808227539062,0.5478951812995236,1.4915126322271512,-4.018565007985094,-3.429984982496617,-0.5848779094820971,-0.5427832579015086,0.3712595339174763,3.5836336395795687,-1.2874537400465145,2.1748392698901005
51.0,218.0,132.62808227539062,0.5478931777771237,1.4915101485711668,-4.0168287821850335,-3.429984982496617,-0.5977682839019836,-0.542783257901822,0.3698227181191845,3.5836336395795687,-1.2866427087170385,2.1748619574352266
51.0,218.0,132.62808227539062,0.5479449431421275,1.4915089129393202,-4.017770283732102,-3.43453688910242,-0.5854467428281206,-0.542783257773751,0.353354811350459,3.583633584550882,-1.287480815620589,2.17524651555813
51.0,218.0,132.62808227539062,0.5478951812995236,1.4915126322271512,-4.016838815526177,-3.429984982496617,-0.5848787132213917,-0.5427832579015086,0.3701581113788876,3.583453746091355,-1.285467920959823,2.1748392698901005
51.0,218.0,132.62808227539062,0.5478783960350889,1.4915126322271512,-4.013231974046128,-3.429931259189822,-0.5853959079524219,-0.5427832579015086,0.3720227595107219,3.5836336395795687,-1.2874814237295416,2.1748392698901005
51.0,218.0,132.62808227539062,0.5479383768927283,1.4915101155575186,-4.016829557674948,-3.429984982496617,-0.5850526222642735,-0.5279721935780763,0.3532251727814096,3.5836336395795687,-1.2874550421735926,2.17506624229969
51.0,218.0,132.62808227539062,0.5479438126126436,1.4915126322271512,-4.018565007985094,-3.429984982496617,-0.5975194006387133,-0.5427832579015086,0.3701326336091446,3.5836336395795687,-1.2883035972994583,2.1748392698901005
51.0,218.0,132.62808227539062,0.5478948821106959,1.4915126322271512,-4.018565007985094,-3.429984982496617,-0.5849046172148611,-0.5427832579015086,0.3519434327494816,3.5836336395795687,-1.2874818471703546,2.1748392698901005
51.0,218.0,132.62808227539062,0.5479393208626762,1.4915125719109144,-4.040700792776991,-3.4299823092542527,-0.5848207046333247,-0.5427832578988211,0.3706601385839088,3.5836336395795687,-1.2874818471703546,2.1758899770064857
51.0,218.0,132.62808227539062,0.547893240534502,1.4915101155575186,-4.016602115314464,-3.4299850385750648,-0.5850544538520193,-0.542868027407921,0.3532251727814096,3.5836336395795687,-1.2874776621229187,2.174816816413067
51.0,218.0,132.62808227539062,0.5479452929074433,1.491512940693981,-4.0168287821850335,-3.429984982496617,-0.5976865291217942,-0.5427832577767248,0.3701307659505306,3.5836336395795687,-1.2604577640593833,2.174836722732591
51.0,218.0,132.62808227539062,0.5478950265838155,1.491512770167609,-4.018565007985094,-3.429984982496617,-0.5855074512728781,-0.5427832579015086,0.3527487862190276,3.5836336395795687,-1.2874808635451835,2.1748406629564485
51.0,218.0,132.62808227539062,0.547878504885672,1.4915126322271512,-4.013215937589671,-3.429916541685906,-0.5853959079524219,-0.5427832579015086,0.3720227595107219,3.5836336347399445,-1.2874814237295416,2.1765074249396017
51.0,218.0,132.62808227539062,0.5478783960350889,1.4915126322271512,-4.018712072817035,-3.42998471476643,-0.5853852880407711,-0.5427955023696167,0.3720227595107219,3.5836336395795687,-1.2874814237295416,2.1748392698901005
51.0,218.0,132.62808227539062,0.5478779684829103,1.4915100582119574,-4.016556178241865,-3.429931259189822,-0.5853959079524219,-0.5427832579015086,0.3699401538168486,3.5836336395795687,-1.2874814237295416,2.1748339715722382
51.0,218.0,132.62808227539062,0.5478951812995236,1.4915126322271512,-4.018636021066609,-3.429984982496617,-0.5848779094820971,-0.5427832579015086,0.3712595339174763,3.5836336395795687,-1.2874791234900465,2.1748392698901005
51.0,218.0,132.62808227539062,0.5479438126126436,1.4915126322271512,-4.018565007985094,-3.429797029743666,-0.5975194006387133,-0.5427832579015086,0.3701326336091446,3.583631041414792,-1.2883035972994583,2.1748437404861187
51.0,218.0,132.62808227539062,0.5479393208626762,1.491512578734157,-4.040700792776991,-3.429984855905507,-0.5848207046333247,-0.542783257901575,0.370127098797437,3.5836336395795687,-1.2874801288957012,2.1758899770064857
51.0,218.0,132.62808227539062,0.5478779529403618,1.4915101047517092,-4.016563736223173,-3.429931259189822,-0.5853959079524219,-0.5427832579015086,0.3720227595107219,3.5836336395795687,-1.2874814237295416,2.174834069959463
51.0,218.0,132.62808227539062,0.5479371659054912,1.4915126739937374,-4.018641735686635,-3.429984982496617,-0.584232498697843,-0.5427832579015086,0.3698630959681335,3.5836336395795687,-1.2874539373312437,2.1750736287977723
51.0,218.0,132.62808227539062,0.5478751027957012,1.4915089918222544,-4.017770283732102,-3.43453688910242,-0.5854467428281206,-0.5427832578927154,0.353354811350459,3.583633584550882,-1.2874814327830302,2.1748304111604275
51.0,218.0,132.62808227539062,0.5479443307532503,1.4915089129393202,-4.020530599517375,-3.434557513050347,-0.5873265663083467,-0.542783257773751,0.3700575018888117,3.5836336377119413,-1.287454917965219,2.175238943496297
51.0,218.0,132.62808227539062,0.5478941344508481,1.4915097797880998,-4.018565007985094,-3.429984982496617,-0.5848787132213917,-0.5427832579015086,0.3698901070604473,3.5836336395795687,-1.2862456100693846,2.175915211709121
51.0,219.0,132.62808227539062,0.5478948821106959,1.4915126322271512,-4.018565007985094,-3.429984982496617,-0.5849024594135139,-0.5427832579015086,0.3701326336091446,3.5836336395795687,-1.287454054547188,2.1748392698901005
51.0,219.0,132.62808227539062,0.5478948821106959,1.4915126322271512,-4.018565007985094,-3.429984982496617,-0.5849024594135139,-0.5427832579015086,0.37059461730126,3.5836336395795687,-1.2874818471703546,2.1748392698901005
51.0,219.0,132.62808227539062,0.5478948821106959,1.4915125369362046,-4.018565007985094,-3.429984982496617,-0.585550776313577,-0.5279721935780763,0.3535768109007595,3.5836336395795687,-1.287454054547188,2.174267131087437
51.0,219.0,132.62808227539062,0.5479371659054912,1.49151008825493,-4.0168287821850335,-3.429984982496617,-0.5976865291217942,-0.5427832579015086,0.3698882394018333,3.5836336395795687,-1.2874808364368373,2.1750736287977723
51.0,219.0,132.62808227539062,0.5478783960350889,1.4915126322271512,-4.013231974046128,-3.429931259189822,-0.5853959079524219,-0.5427832579015086,0.3720227595107219,3.5836336395795687,-1.2874814237295416,2.1748392698901005
51.0,219.0,132.62808227539062,0.5478948821106959,1.4915126322271512,-4.018565007985094,-3.429984982496617,-0.5849038134755663,-0.5427832579015086,0.3530703330578133,3.5836336395795687,-1.2874818471703546,2.1748392698901005
51.0,219.0,132.62808227539062,0.5478948821106959,1.4915126322271512,-4.016336684172381,-3.434426143155825,-0.5849038134755663,-0.542783257782956,0.3530703330578133,3.583633585422957,-1.2873613426977333,2.1764212863434835
51.0,219.0,132.62808227539062,0.5478948821106959,1.4915126322271512,-4.018565007985094,-3.429984982496617,-0.5849024594135139,-0.5427832579015086,0.3701326336091446,3.5836336395795687,-1.287454054547188,2.1748392698901005
51.0,219.0,132.62808227539062,0.5478783960350889,1.4915126322271512,-4.013231974046128,-3.429931259189822,-0.5853959079524219,-0.5427832579015086,0.3720227595107219,3.5836336395795687,-1.2874814237295416,2.1748392698901005
51.0,219.0,132.62808227539062,0.5478948821106959,1.4915126322271512,-4.013322040356646,-3.4299823092542527,-0.5849024594135139,-0.5427832579015086,0.37059461730126,3.5836336395795687,-1.2874818471703546,2.1748392698901005
51.0,219.0,132.62808227539062,0.5479442460587678,1.49151008825493,-4.0168287821850335,-3.429984982496617,-0.5976865291217942,-0.5427832577767248,0.3698882394018333,3.5836336395795687,-1.2592496340822534,2.1759126645516123
51.0,219.0,132.62808227539062,0.547937616529104,1.49151008825493,-4.0168287821850335,-3.429984982496617,-0.5976865291217942,-0.5427832578991345,0.3698882394018333,3.5836336395795687,-1.2866427087170385,2.1759126645516123
51.0,219.0,132.62808227539062,0.5479371659054912,1.4915106906779072,-4.0168287821850335,-3.4349824467745527,-0.5955271495185809,-0.5427832579015086,0.3698882394018333,3.5703208031567057,-1.2854039180628944,2.1750736287977723
51.0,219.0,132.62808227539062,0.5478948821106959,1.4915126322271512,-4.018565007985094,-3.429984982496617,-0.5849038134755663,-0.5427832579015086,0.3530703330578133,3.5836336395795687,-1.2874818471703546,2.1748392698901005
51.0,219.0,132.62808227539062,0.5478948821106959,1.4915121369401692,-4.017412237295675,-3.429984982496617,-0.5860867837023092,-0.5279721935780763,0.3535768109007595,3.5836336395795687,-1.2873476441941856,2.174267131087437
51.0,219.0,132.62808227539062,0.5478779684829103,1.4915100582119574,-4.016556178241865,-3.429931259189822,-0.5853959079524219,-0.5427832579015086,0.3699401538168486,3.5836336395795687,-1.2874814237295416,2.1748339715722382
51.0,219.0,132.62808227539062,0.5478948821106959,1.491510115505245,-4.018565007985094,-3.429984982496617,-0.585550776313577,-0.5279721935780763,0.3532251727814096,3.5836336395795687,-1.287454054547188,2.174196968619919
51.0,219.0,132.62808227539062,0.5478783960350889,1.4915126322271512,-4.0115682631224345,-3.429931259189822,-0.5853959079524219,-0.5427832577720734,0.3720227595107219,3.5836336401050257,-1.2874814237295416,2.1748392698901005
51.0,219.0,132.62808227539062,0.5478777894201731,1.4915126322271512,-4.013098196013769,-3.4348979588315944,-0.5853959079524219,-0.5427832579015086,0.3720227595107219,3.5836336395795687,-1.2853275760651472,2.175045059501364
51.0,219.0,132.62808227539062,0.5478951812995236,1.4915126322271512,-4.018565007985094,-3.429984982496617,-0.5848787132213917,-0.5427832579015086,0.3701326336091446,3.5836336395795687,-1.2874537400465145,2.1748392698901005
51.0,219.0,132.62808227539062,0.5479371659054912,1.49151008825493,-4.0168287821850335,-3.429984982496617,-0.5976865291217942,-0.542783257787162,0.3672821324565222,3.5836336395795687,-1.2874808364368373,2.1750736287977723
51.0,219.0,132.62808227539062,0.5478948821106959,1.4915126322271512,-4.016336684172381,-3.434426143155825,-0.5849038134755663,-0.542783257782956,0.3530703330578133,3.583633585422957,-1.287482651840964,2.176455547875888
51.0,219.0,132.62808227539062,0.5479371659054912,1.4915106906779072,-4.01855497464395,-3.4349824467745527,-0.5955271495185809,-0.5427832579015086,0.3698627616320903,3.57050069664492,-1.2873897371495855,2.1750736287977723
51.0,219.0,132.62808227539062,0.5478948821106959,1.4915126322271512,-4.018565007985094,-3.429984982496617,-0.5849038134755663,-0.5417862759426133,0.3530854246187211,3.5836336395795687,-1.2874818471703546,2.1748678712457337
51.0,219.0,132.62808227539062,0.5478783960350889,1.4915126322271512,-4.0115682631224345,-3.429931259189822,-0.5853959079524219,-0.5427832577720734,0.3720227595107219,3.5836336401050257,-1.2874814237295416,2.1748392698901005
51.0,219.0,132.62808227539062,0.5478783960350889,1.4915126322271512,-4.013231974046128,-3.429931259189822,-0.5853959079524219,-0.5427832579015086,0.3720227595107219,3.5836336395795687,-1.2874814237295416,2.1748392698901005
51.0,219.0,132.62808227539062,0.5478950984988996,1.4915047339481498,-4.018565007985094,-3.429984982496617,-0.5834720788807439,-0.5427832579015086,0.37059461730126,3.5836336395795687,-1.2874818471703546,2.1748392698901005
51.0,219.0,132.62808227539062,0.5478951812995236,1.4915126322271512,-4.018565007985094,-3.429984982496617,-0.5848779094820971,-0.5427832579015086,0.3712595339174763,3.5836336395795687,-1.2874537400465145,2.1748392698901005
51.0,219.0,132.62808227539062,0.5478931777771237,1.4915101485711668,-4.0168287821850335,-3.429984982496617,-0.5977682839019836,-0.542783257901822,0.3698227181191845,3.5836336395795687,-1.2866427087170385,2.1748619574352266
51.0,219.0,132.62808227539062,0.5479449431421275,1.4915089129393202,-4.017770283732102,-3.43453688910242,-0.5854467428281206,-0.542783257773751,0.353354811350459,3.583633584550882,-1.287480815620589,2.17524651555813
51.0,219.0,132.62808227539062,0.5478951812995236,1.4915126322271512,-4.016838815526177,-3.429984982496617,-0.5848787132213917,-0.5427832579015086,0.3701581113788876,3.583453746091355,-1.285467920959823,2.1748392698901005
51.0,219.0,132.62808227539062,0.5478783960350889,1.4915126322271512,-4.013231974046128,-3.429931259189822,-0.5853959079524219,-0.5427832579015086,0.3720227595107219,3.5836336395795687,-1.2874814237295416,2.1748392698901005
51.0,219.0,132.62808227539062,0.5479383768927283,1.4915101155575186,-4.016829557674948,-3.429984982496617,-0.5850526222642735,-0.5279721935780763,0.3532251727814096,3.5836336395795687,-1.2874550421735926,2.17506624229969
51.0,219.0,132.62808227539062,0.5479438126126436,1.4915126322271512,-4.018565007985094,-3.429984982496617,-0.5975194006387133,-0.5427832579015086,0.3701326336091446,3.5836336395795687,-1.2883035972994583,2.1748392698901005
51.0,219.0,132.62808227539062,0.5478948821106959,1.4915126322271512,-4.018565007985094,-3.429984982496617,-0.5849046172148611,-0.5427832579015086,0.3519434327494816,3.5836336395795687,-1.2874818471703546,2.1748392698901005
51.0,219.0,132.62808227539062,0.5479393208626762,1.4915125719109144,-4.040700792776991,-3.4299823092542527,-0.5848207046333247,-0.5427832578988211,0.3706601385839088,3.5836336395795687,-1.2874818471703546,2.1758899770064857
51.0,219.0,132.62808227539062,0.547893240534502,1.4915101155575186,-4.016602115314464,-3.4299850385750648,-0.5850544538520193,-0.542868027407921,0.3532251727814096,3.5836336395795687,-1.2874776621229187,2.174816816413067
51.0,219.0,132.62808227539062,0.5479452929074433,1.491512940693981,-4.0168287821850335,-3.429984982496617,-0.5976865291217942,-0.5427832577767248,0.3701307659505306,3.5836336395795687,-1.2604577640593833,2.174836722732591
51.0,219.0,132.62808227539062,0.5478950265838155,1.491512770167609,-4.018565007985094,-3.429984982496617,-0.5855074512728781,-0.5427832579015086,0.3527487862190276,3.5836336395795687,-1.2874808635451835,2.1748406629564485
51.0,219.0,132.62808227539062,0.547878504885672,1.4915126322271512,-4.013215937589671,-3.429916541685906,-0.5853959079524219,-0.5427832579015086,0.3720227595107219,3.5836336347399445,-1.2874814237295416,2.1765074249396017
51.0,219.0,132.62808227539062,0.5478783960350889,1.4915126322271512,-4.018712072817035,-3.42998471476643,-0.5853852880407711,-0.5427955023696167,0.3720227595107219,3.5836336395795687,-1.2874814237295416,2.1748392698901005
51.0,219.0,132.62808227539062,0.5478779684829103,1.4915100582119574,-4.016556178241865,-3.429931259189822,-0.5853959079524219,-0.5427832579015086,0.3699401538168486,3.5836336395795687,-1.2874814237295416,2.1748339715722382
51.0,219.0,132.62808227539062,0.5478951812995236,1.4915126322271512,-4.018636021066609,-3.429984982496617,-0.5848779094820971,-0.5427832579015086,0.3712595339174763,3.5836336395795687,-1.2874791234900465,2.1748392698901005
51.0,219.0,132.62808227539062,0.5479438126126436,1.4915126322271512,-4.018565007985094,-3.429797029743666,-0.5975194006387133,-0.5427832579015086,0.3701326336091446,3.583631041414792,-1.2883035972994583,2.1748437404861187
51.0,219.0,132.62808227539062,0.5479393208626762,1.491512578734157,-4.040700792776991,-3.429984855905507,-0.5848207046333247,-0.542783257901575,0.370127098797437,3.5836336395795687,-1.2874801288957012,2.1758899770064857
51.0,219.0,132.62808227539062,0.5478779529403618,1.4915101047517092,-4.016563736223173,-3.429931259189822,-0.5853959079524219,-0.5427832579015086,0.3720227595107219,3.5836336395795687,-1.2874814237295416,2.174834069959463
51.0,219.0,132.62808227539062,0.5479371659054912,1.4915126739937374,-4.018641735686635,-3.429984982496617,-0.584232498697843,-0.5427832579015086,0.3698630959681335,3.5836336395795687,-1.2874539373312437,2.1750736287977723
51.0,219.0,132.62808227539062,0.5478751027957012,1.4915089918222544,-4.017770283732102,-3.43453688910242,-0.5854467428281206,-0.5427832578927154,0.353354811350459,3.583633584550882,-1.2874814327830302,2.1748304111604275
51.0,219.0,132.62808227539062,0.5479443307532503,1.4915089129393202,-4.020530599517375,-3.434557513050347,-0.5873265663083467,-0.542783257773751,0.3700575018888117,3.5836336377119413,-1.287454917965219,2.175238943496297
51.0,219.0,132.62808227539062,0.5478941344508481,1.4915097797880998,-4.018565007985094,-3.429984982496617,-0.5848787132213917,-0.5427832579015086,0.3698901070604473,3.5836336395795687,-1.2862456100693846,2.175915211709121
51.0,220.0,132.62808227539062,0.5478948821106959,1.4915126322271512,-4.018565007985094,-3.429984982496617,-0.5849024594135139,-0.5427832579015086,0.3701326336091446,3.5836336395795687,-1.287454054547188,2.1748392698901005
51.0,220.0,132.62808227539062,0.5478948821106959,1.4915126322271512,-4.018565007985094,-3.429984982496617,-0.5849024594135139,-0.5427832579015086,0.37059461730126,3.5836336395795687,-1.2874818471703546,2.1748392698901005
51.0,220.0,132.62808227539062,0.5478948821106959,1.4915125369362046,-4.018565007985094,-3.429984982496617,-0.585550776313577,-0.5279721935780763,0.3535768109007595,3.5836336395795687,-1.287454054547188,2.174267131087437
51.0,220.0,132.62808227539062,0.5479371659054912,1.49151008825493,-4.0168287821850335,-3.429984982496617,-0.5976865291217942,-0.5427832579015086,0.3698882394018333,3.5836336395795687,-1.2874808364368373,2.1750736287977723
51.0,220.0,132.62808227539062,0.5478783960350889,1.4915126322271512,-4.013231974046128,-3.429931259189822,-0.5853959079524219,-0.5427832579015086,0.3720227595107219,3.5836336395795687,-1.2874814237295416,2.1748392698901005
51.0,220.0,132.62808227539062,0.5478948821106959,1.4915126322271512,-4.018565007985094,-3.429984982496617,-0.5849038134755663,-0.5427832579015086,0.3530703330578133,3.5836336395795687,-1.2874818471703546,2.1748392698901005
51.0,220.0,132.62808227539062,0.5478948821106959,1.4915126322271512,-4.016336684172381,-3.434426143155825,-0.5849038134755663,-0.542783257782956,0.3530703330578133,3.583633585422957,-1.2873613426977333,2.1764212863434835
51.0,220.0,132.62808227539062,0.5478948821106959,1.4915126322271512,-4.018565007985094,-3.429984982496617,-0.5849024594135139,-0.5427832579015086,0.3701326336091446,3.5836336395795687,-1.287454054547188,2.1748392698901005
51.0,220.0,132.62808227539062,0.5478783960350889,1.4915126322271512,-4.013231974046128,-3.429931259189822,-0.5853959079524219,-0.5427832579015086,0.3720227595107219,3.5836336395795687,-1.2874814237295416,2.1748392698901005
51.0,220.0,132.62808227539062,0.5478948821106959,1.4915126322271512,-4.013322040356646,-3.4299823092542527,-0.5849024594135139,-0.5427832579015086,0.37059461730126,3.5836336395795687,-1.2874818471703546,2.1748392698901005
51.0,220.0,132.62808227539062,0.5479442460587678,1.49151008825493,-4.0168287821850335,-3.429984982496617,-0.5976865291217942,-0.5427832577767248,0.3698882394018333,3.5836336395795687,-1.2592496340822534,2.1759126645516123
51.0,220.0,132.62808227539062,0.547937616529104,1.49151008825493,-4.0168287821850335,-3.429984982496617,-0.5976865291217942,-0.5427832578991345,0.3698882394018333,3.5836336395795687,-1.2866427087170385,2.1759126645516123
51.0,220.0,132.62808227539062,0.5479371659054912,1.4915106906779072,-4.0168287821850335,-3.4349824467745527,-0.5955271495185809,-0.5427832579015086,0.3698882394018333,3.5703208031567057,-1.2854039180628944,2.1750736287977723
51.0,220.0,132.62808227539062,0.5478948821106959,1.4915126322271512,-4.018565007985094,-3.429984982496617,-0.5849038134755663,-0.5427832579015086,0.3530703330578133,3.5836336395795687,-1.2874818471703546,2.1748392698901005
51.0,220.0,132.62808227539062,0.5478948821106959,1.4915121369401692,-4.017412237295675,-3.429984982496617,-0.5860867837023092,-0.5279721935780763,0.3535768109007595,3.5836336395795687,-1.2873476441941856,2.174267131087437
51.0,220.0,132.62808227539062,0.5478779684829103,1.4915100582119574,-4.016556178241865,-3.429931259189822,-0.5853959079524219,-0.5427832579015086,0.3699401538168486,3.5836336395795687,-1.2874814237295416,2.1748339715722382
51.0,220.0,132.62808227539062,0.5478948821106959,1.491510115505245,-4.018565007985094,-3.429984982496617,-0.585550776313577,-0.5279721935780763,0.3532251727814096,3.5836336395795687,-1.287454054547188,2.174196968619919
51.0,220.0,132.62808227539062,0.5478783960350889,1.4915126322271512,-4.0115682631224345,-3.429931259189822,-0.5853959079524219,-0.5427832577720734,0.3720227595107219,3.5836336401050257,-1.2874814237295416,2.1748392698901005
51.0,220.0,132.62808227539062,0.5478777894201731,1.4915126322271512,-4.013098196013769,-3.4348979588315944,-0.5853959079524219,-0.5427832579015086,0.3720227595107219,3.5836336395795687,-1.2853275760651472,2.175045059501364
51.0,220.0,132.62808227539062,0.5478951812995236,1.4915126322271512,-4.018565007985094,-3.429984982496617,-0.5848787132213917,-0.5427832579015086,0.3701326336091446,3.5836336395795687,-1.2874537400465145,2.1748392698901005
51.0,220.0,132.62808227539062,0.5479371659054912,1.49151008825493,-4.0168287821850335,-3.429984982496617,-0.5976865291217942,-0.542783257787162,0.3672821324565222,3.5836336395795687,-1.2874808364368373,2.1750736287977723
51.0,220.0,132.62808227539062,0.5478948821106959,1.4915126322271512,-4.016336684172381,-3.434426143155825,-0.5849038134755663,-0.542783257782956,0.3530703330578133,3.583633585422957,-1.287482651840964,2.176455547875888
51.0,220.0,132.62808227539062,0.5479371659054912,1.4915106906779072,-4.01855497464395,-3.4349824467745527,-0.5955271495185809,-0.5427832579015086,0.3698627616320903,3.57050069664492,-1.2873897371495855,2.1750736287977723
51.0,220.0,132.62808227539062,0.5478948821106959,1.4915126322271512,-4.018565007985094,-3.429984982496617,-0.5849038134755663,-0.5417862759426133,0.3530854246187211,3.5836336395795687,-1.2874818471703546,2.1748678712457337
51.0,220.0,132.62808227539062,0.5478783960350889,1.4915126322271512,-4.0115682631224345,-3.429931259189822,-0.5853959079524219,-0.5427832577720734,0.3720227595107219,3.5836336401050257,-1.2874814237295416,2.1748392698901005
51.0,220.0,132.62808227539062,0.5478783960350889,1.4915126322271512,-4.013231974046128,-3.429931259189822,-0.5853959079524219,-0.5427832579015086,0.3720227595107219,3.5836336395795687,-1.2874814237295416,2.1748392698901005
51.0,220.0,132.62808227539062,0.5478950984988996,1.4915047339481498,-4.018565007985094,-3.429984982496617,-0.5834720788807439,-0.5427832579015086,0.37059461730126,3.5836336395795687,-1.2874818471703546,2.1748392698901005
51.0,220.0,132.62808227539062,0.5478951812995236,1.4915126322271512,-4.018565007985094,-3.429984982496617,-0.5848779094820971,-0.5427832579015086,0.3712595339174763,3.5836336395795687,-1.2874537400465145,2.1748392698901005
51.0,220.0,132.62808227539062,0.5478931777771237,1.4915101485711668,-4.0168287821850335,-3.429984982496617,-0.5977682839019836,-0.542783257901822,0.3698227181191845,3.5836336395795687,-1.2866427087170385,2.1748619574352266
51.0,220.0,132.62808227539062,0.5479449431421275,1.4915089129393202,-4.017770283732102,-3.43453688910242,-0.5854467428281206,-0.542783257773751,0.353354811350459,3.583633584550882,-1.287480815620589,2.17524651555813
51.0,220.0,132.62808227539062,0.5478951812995236,1.4915126322271512,-4.016838815526177,-3.429984982496617,-0.5848787132213917,-0.5427832579015086,0.3701581113788876,3.583453746091355,-1.285467920959823,2.1748392698901005
51.0,220.0,132.62808227539062,0.5478783960350889,1.4915126322271512,-4.013231974046128,-3.429931259189822,-0.5853959079524219,-0.5427832579015086,0.3720227595107219,3.5836336395795687,-1.2874814237295416,2.1748392698901005
51.0,220.0,132.62808227539062,0.5479383768927283,1.4915101155575186,-4.016829557674948,-3.429984982496617,-0.5850526222642735,-0.5279721935780763,0.3532251727814096,3.5836336395795687,-1.2874550421735926,2.17506624229969
51.0,220.0,132.62808227539062,0.5479438126126436,1.4915126322271512,-4.018565007985094,-3.429984982496617,-0.5975194006387133,-0.5427832579015086,0.3701326336091446,3.5836336395795687,-1.2883035972994583,2.1748392698901005
51.0,220.0,132.62808227539062,0.5478948821106959,1.4915126322271512,-4.018565007985094,-3.429984982496617,-0.5849046172148611,-0.5427832579015086,0.3519434327494816,3.5836336395795687,-1.2874818471703546,2.1748392698901005
51.0,220.0,132.62808227539062,0.5479393208626762,1.4915125719109144,-4.040700792776991,-3.4299823092542527,-0.5848207046333247,-0.5427832578988211,0.3706601385839088,3.5836336395795687,-1.2874818471703546,2.1758899770064857
51.0,220.0,132.62808227539062,0.547893240534502,1.4915101155575186,-4.016602115314464,-3.4299850385750648,-0.5850544538520193,-0.542868027407921,0.3532251727814096,3.5836336395795687,-1.2874776621229187,2.174816816413067
51.0,220.0,132.62808227539062,0.5479452929074433,1.491512940693981,-4.0168287821850335,-3.429984982496617,-0.5976865291217942,-0.5427832577767248,0.3701307659505306,3.5836336395795687,-1.2604577640593833,2.174836722732591
51.0,220.0,132.62808227539062,0.5478950265838155,1.491512770167609,-4.018565007985094,-3.429984982496617,-0.5855074512728781,-0.5427832579015086,0.3527487862190276,3.5836336395795687,-1.2874808635451835,2.1748406629564485
51.0,220.0,132.62808227539062,0.547878504885672,1.4915126322271512,-4.013215937589671,-3.429916541685906,-0.5853959079524219,-0.5427832579015086,0.3720227595107219,3.5836336347399445,-1.2874814237295416,2.1765074249396017
51.0,220.0,132.62808227539062,0.5478783960350889,1.4915126322271512,-4.018712072817035,-3.42998471476643,-0.5853852880407711,-0.5427955023696167,0.3720227595107219,3.5836336395795687,-1.2874814237295416,2.1748392698901005
51.0,220.0,132.62808227539062,0.5478779684829103,1.4915100582119574,-4.016556178241865,-3.429931259189822,-0.5853959079524219,-0.5427832579015086,0.3699401538168486,3.5836336395795687,-1.2874814237295416,2.1748339715722382
51.0,220.0,132.62808227539062,0.5478951812995236,1.4915126322271512,-4.018636021066609,-3.429984982496617,-0.5848779094820971,-0.5427832579015086,0.3712595339174763,3.5836336395795687,-1.2874791234900465,2.1748392698901005
51.0,220.0,132.62808227539062,0.5479438126126436,1.4915126322271512,-4.018565007985094,-3.429797029743666,-0.5975194006387133,-0.5427832579015086,0.3701326336091446,3.583631041414792,-1.2883035972994583,2.1748437404861187
51.0,220.0,132.62808227539062,0.5479393208626762,1.491512578734157,-4.040700792776991,-3.429984855905507,-0.5848207046333247,-0.542783257901575,0.370127098797437,3.5836336395795687,-1.2874801288957012,2.1758899770064857
51.0,220.0,132.62808227539062,0.5478779529403618,1.4915101047517092,-4.016563736223173,-3.429931259189822,-0.5853959079524219,-0.5427832579015086,0.3720227595107219,3.5836336395795687,-1.2874814237295416,2.174834069959463
51.0,220.0,132.62808227539062,0.5479371659054912,1.4915126739937374,-4.018641735686635,-3.429984982496617,-0.584232498697843,-0.5427832579015086,0.3698630959681335,3.5836336395795687,-1.2874539373312437,2.1750736287977723
51.0,220.0,132.62808227539062,0.5478751027957012,1.4915089918222544,-4.017770283732102,-3.43453688910242,-0.5854467428281206,-0.5427832578927154,0.353354811350459,3.583633584550882,-1.2874814327830302,2.1748304111604275
51.0,220.0,132.62808227539062,0.5479443307532503,1.4915089129393202,-4.020530599517375,-3.434557513050347,-0.5873265663083467,-0.542783257773751,0.3700575018888117,3.5836336377119413,-1.287454917965219,2.175238943496297
51.0,220.0,132.62808227539062,0.5478941344508481,1.4915097797880998,-4.018565007985094,-3.429984982496617,-0.5848787132213917,-0.5427832579015086,0.3698901070604473,3.5836336395795687,-1.2862456100693846,2.175915211709121
51.0,221.0,132.62808227539062,0.5478948821106959,1.4915126322271512,-4.018565007985094,-3.429984982496617,-0.5849024594135139,-0.5427832579015086,0.3701326336091446,3.5836336395795687,-1.287454054547188,2.1748392698901005
51.0,221.0,132.62808227539062,0.5478948821106959,1.4915126322271512,-4.018565007985094,-3.429984982496617,-0.5849024594135139,-0.5427832579015086,0.37059461730126,3.5836336395795687,-1.2874818471703546,2.1748392698901005
51.0,221.0,132.62808227539062,0.5478948821106959,1.4915125369362046,-4.018565007985094,-3.429984982496617,-0.585550776313577,-0.5279721935780763,0.3535768109007595,3.5836336395795687,-1.287454054547188,2.174267131087437
51.0,221.0,132.62808227539062,0.5479371659054912,1.49151008825493,-4.0168287821850335,-3.429984982496617,-0.5976865291217942,-0.5427832579015086,0.3698882394018333,3.5836336395795687,-1.2874808364368373,2.1750736287977723
51.0,221.0,132.62808227539062,0.5478783960350889,1.4915126322271512,-4.013231974046128,-3.429931259189822,-0.5853959079524219,-0.5427832579015086,0.3720227595107219,3.5836336395795687,-1.2874814237295416,2.1748392698901005
51.0,221.0,132.62808227539062,0.5478948821106959,1.4915126322271512,-4.018565007985094,-3.429984982496617,-0.5849038134755663,-0.5427832579015086,0.3530703330578133,3.5836336395795687,-1.2874818471703546,2.1748392698901005
51.0,221.0,132.62808227539062,0.5478948821106959,1.4915126322271512,-4.016336684172381,-3.434426143155825,-0.5849038134755663,-0.542783257782956,0.3530703330578133,3.583633585422957,-1.2873613426977333,2.1764212863434835
51.0,221.0,132.62808227539062,0.5478948821106959,1.4915126322271512,-4.018565007985094,-3.429984982496617,-0.5849024594135139,-0.5427832579015086,0.3701326336091446,3.5836336395795687,-1.287454054547188,2.1748392698901005
51.0,221.0,132.62808227539062,0.5478783960350889,1.4915126322271512,-4.013231974046128,-3.429931259189822,-0.5853959079524219,-0.5427832579015086,0.3720227595107219,3.5836336395795687,-1.2874814237295416,2.1748392698901005
51.0,221.0,132.62808227539062,0.5478948821106959,1.4915126322271512,-4.013322040356646,-3.4299823092542527,-0.5849024594135139,-0.5427832579015086,0.37059461730126,3.5836336395795687,-1.2874818471703546,2.1748392698901005
51.0,221.0,132.62808227539062,0.5479442460587678,1.49151008825493,-4.0168287821850335,-3.429984982496617,-0.5976865291217942,-0.5427832577767248,0.3698882394018333,3.5836336395795687,-1.2592496340822534,2.1759126645516123
51.0,221.0,132.62808227539062,0.547937616529104,1.49151008825493,-4.0168287821850335,-3.429984982496617,-0.5976865291217942,-0.5427832578991345,0.3698882394018333,3.5836336395795687,-1.2866427087170385,2.1759126645516123
51.0,221.0,132.62808227539062,0.5479371659054912,1.4915106906779072,-4.0168287821850335,-3.4349824467745527,-0.5955271495185809,-0.5427832579015086,0.3698882394018333,3.5703208031567057,-1.2854039180628944,2.1750736287977723
51.0,221.0,132.62808227539062,0.5478948821106959,1.4915126322271512,-4.018565007985094,-3.429984982496617,-0.5849038134755663,-0.5427832579015086,0.3530703330578133,3.5836336395795687,-1.2874818471703546,2.1748392698901005
51.0,221.0,132.62808227539062,0.5478948821106959,1.4915121369401692,-4.017412237295675,-3.429984982496617,-0.5860867837023092,-0.5279721935780763,0.3535768109007595,3.5836336395795687,-1.2873476441941856,2.174267131087437
51.0,221.0,132.62808227539062,0.5478779684829103,1.4915100582119574,-4.016556178241865,-3.429931259189822,-0.5853959079524219,-0.5427832579015086,0.3699401538168486,3.5836336395795687,-1.2874814237295416,2.1748339715722382
51.0,221.0,132.62808227539062,0.5478948821106959,1.491510115505245,-4.018565007985094,-3.429984982496617,-0.585550776313577,-0.5279721935780763,0.3532251727814096,3.5836336395795687,-1.287454054547188,2.174196968619919
51.0,221.0,132.62808227539062,0.5478783960350889,1.4915126322271512,-4.0115682631224345,-3.429931259189822,-0.5853959079524219,-0.5427832577720734,0.3720227595107219,3.5836336401050257,-1.2874814237295416,2.1748392698901005
51.0,221.0,132.62808227539062,0.5478777894201731,1.4915126322271512,-4.013098196013769,-3.4348979588315944,-0.5853959079524219,-0.5427832579015086,0.3720227595107219,3.5836336395795687,-1.2853275760651472,2.175045059501364
51.0,221.0,132.62808227539062,0.5478951812995236,1.4915126322271512,-4.018565007985094,-3.429984982496617,-0.5848787132213917,-0.5427832579015086,0.3701326336091446,3.5836336395795687,-1.2874537400465145,2.1748392698901005
51.0,221.0,132.62808227539062,0.5479371659054912,1.49151008825493,-4.0168287821850335,-3.429984982496617,-0.5976865291217942,-0.542783257787162,0.3672821324565222,3.5836336395795687,-1.2874808364368373,2.1750736287977723
51.0,221.0,132.62808227539062,0.5478948821106959,1.4915126322271512,-4.016336684172381,-3.434426143155825,-0.5849038134755663,-0.542783257782956,0.3530703330578133,3.583633585422957,-1.287482651840964,2.176455547875888
51.0,221.0,132.62808227539062,0.5479371659054912,1.4915106906779072,-4.01855497464395,-3.4349824467745527,-0.5955271495185809,-0.5427832579015086,0.3698627616320903,3.57050069664492,-1.2873897371495855,2.1750736287977723
51.0,221.0,132.62808227539062,0.5478948821106959,1.4915126322271512,-4.018565007985094,-3.429984982496617,-0.5849038134755663,-0.5417862759426133,0.3530854246187211,3.5836336395795687,-1.2874818471703546,2.1748678712457337
51.0,221.0,132.62808227539062,0.5478783960350889,1.4915126322271512,-4.0115682631224345,-3.429931259189822,-0.5853959079524219,-0.5427832577720734,0.3720227595107219,3.5836336401050257,-1.2874814237295416,2.1748392698901005
51.0,221.0,132.62808227539062,0.5478783960350889,1.4915126322271512,-4.013231974046128,-3.429931259189822,-0.5853959079524219,-0.5427832579015086,0.3720227595107219,3.5836336395795687,-1.2874814237295416,2.1748392698901005
51.0,221.0,132.62808227539062,0.5478950984988996,1.4915047339481498,-4.018565007985094,-3.429984982496617,-0.5834720788807439,-0.5427832579015086,0.37059461730126,3.5836336395795687,-1.2874818471703546,2.1748392698901005
51.0,221.0,132.62808227539062,0.5478951812995236,1.4915126322271512,-4.018565007985094,-3.429984982496617,-0.5848779094820971,-0.5427832579015086,0.3712595339174763,3.5836336395795687,-1.2874537400465145,2.1748392698901005
51.0,221.0,132.62808227539062,0.5478931777771237,1.4915101485711668,-4.0168287821850335,-3.429984982496617,-0.5977682839019836,-0.542783257901822,0.3698227181191845,3.5836336395795687,-1.2866427087170385,2.1748619574352266
51.0,221.0,132.62808227539062,0.5479449431421275,1.4915089129393202,-4.017770283732102,-3.43453688910242,-0.5854467428281206,-0.542783257773751,0.353354811350459,3.583633584550882,-1.287480815620589,2.17524651555813
51.0,221.0,132.62808227539062,0.5478951812995236,1.4915126322271512,-4.016838815526177,-3.429984982496617,-0.5848787132213917,-0.5427832579015086,0.3701581113788876,3.583453746091355,-1.285467920959823,2.1748392698901005
51.0,221.0,132.62808227539062,0.5478783960350889,1.4915126322271512,-4.013231974046128,-3.429931259189822,-0.5853959079524219,-0.5427832579015086,0.3720227595107219,3.5836336395795687,-1.2874814237295416,2.1748392698901005
51.0,221.0,132.62808227539062,0.5479383768927283,1.4915101155575186,-4.016829557674948,-3.429984982496617,-0.5850526222642735,-0.5279721935780763,0.3532251727814096,3.5836336395795687,-1.2874550421735926,2.17506624229969
51.0,221.0,132.62808227539062,0.5479438126126436,1.4915126322271512,-4.018565007985094,-3.429984982496617,-0.5975194006387133,-0.5427832579015086,0.3701326336091446,3.5836336395795687,-1.2883035972994583,2.1748392698901005
51.0,221.0,132.62808227539062,0.5478948821106959,1.4915126322271512,-4.018565007985094,-3.429984982496617,-0.5849046172148611,-0.5427832579015086,0.3519434327494816,3.5836336395795687,-1.2874818471703546,2.1748392698901005
51.0,221.0,132.62808227539062,0.5479393208626762,1.4915125719109144,-4.040700792776991,-3.4299823092542527,-0.5848207046333247,-0.5427832578988211,0.3706601385839088,3.5836336395795687,-1.2874818471703546,2.1758899770064857
51.0,221.0,132.62808227539062,0.547893240534502,1.4915101155575186,-4.016602115314464,-3.4299850385750648,-0.5850544538520193,-0.542868027407921,0.3532251727814096,3.5836336395795687,-1.2874776621229187,2.174816816413067
51.0,221.0,132.62808227539062,0.5479452929074433,1.491512940693981,-4.0168287821850335,-3.429984982496617,-0.5976865291217942,-0.5427832577767248,0.3701307659505306,3.5836336395795687,-1.2604577640593833,2.174836722732591
51.0,221.0,132.62808227539062,0.5478950265838155,1.491512770167609,-4.018565007985094,-3.429984982496617,-0.5855074512728781,-0.5427832579015086,0.3527487862190276,3.5836336395795687,-1.2874808635451835,2.1748406629564485
51.0,221.0,132.62808227539062,0.547878504885672,1.4915126322271512,-4.013215937589671,-3.429916541685906,-0.5853959079524219,-0.5427832579015086,0.3720227595107219,3.5836336347399445,-1.2874814237295416,2.1765074249396017
51.0,221.0,132.62808227539062,0.5478783960350889,1.4915126322271512,-4.018712072817035,-3.42998471476643,-0.5853852880407711,-0.5427955023696167,0.3720227595107219,3.5836336395795687,-1.2874814237295416,2.1748392698901005
51.0,221.0,132.62808227539062,0.5478779684829103,1.4915100582119574,-4.016556178241865,-3.429931259189822,-0.5853959079524219,-0.5427832579015086,0.3699401538168486,3.5836336395795687,-1.2874814237295416,2.1748339715722382
51.0,221.0,132.62808227539062,0.5478951812995236,1.4915126322271512,-4.018636021066609,-3.429984982496617,-0.5848779094820971,-0.5427832579015086,0.3712595339174763,3.5836336395795687,-1.2874791234900465,2.1748392698901005
51.0,221.0,132.62808227539062,0.5479438126126436,1.4915126322271512,-4.018565007985094,-3.429797029743666,-0.5975194006387133,-0.5427832579015086,0.3701326336091446,3.583631041414792,-1.2883035972994583,2.1748437404861187
51.0,221.0,132.62808227539062,0.5479393208626762,1.491512578734157,-4.040700792776991,-3.429984855905507,-0.5848207046333247,-0.542783257901575,0.370127098797437,3.5836336395795687,-1.2874801288957012,2.1758899770064857
51.0,221.0,132.62808227539062,0.5478779529403618,1.4915101047517092,-4.016563736223173,-3.429931259189822,-0.5853959079524219,-0.5427832579015086,0.3720227595107219,3.5836336395795687,-1.2874814237295416,2.174834069959463
51.0,221.0,132.62808227539062,0.5479371659054912,1.4915126739937374,-4.018641735686635,-3.429984982496617,-0.584232498697843,-0.5427832579015086,0.3698630959681335,3.5836336395795687,-1.2874539373312437,2.1750736287977723
51.0,221.0,132.62808227539062,0.5478751027957012,1.4915089918222544,-4.017770283732102,-3.43453688910242,-0.5854467428281206,-0.5427832578927154,0.353354811350459,3.583633584550882,-1.2874814327830302,2.1748304111604275
51.0,221.0,132.62808227539062,0.5479443307532503,1.4915089129393202,-4.020530599517375,-3.434557513050347,-0.5873265663083467,-0.542783257773751,0.3700575018888117,3.5836336377119413,-1.287454917965219,2.175238943496297
51.0,221.0,132.62808227539062,0.5478941344508481,1.4915097797880998,-4.018565007985094,-3.429984982496617,-0.5848787132213917,-0.5427832579015086,0.3698901070604473,3.5836336395795687,-1.2862456100693846,2.175915211709121
51.0,222.0,132.62808227539062,0.5478948821106959,1.4915126322271512,-4.018565007985094,-3.429984982496617,-0.5849024594135139,-0.5427832579015086,0.3701326336091446,3.5836336395795687,-1.287454054547188,2.1748392698901005
51.0,222.0,132.62808227539062,0.5478948821106959,1.4915126322271512,-4.018565007985094,-3.429984982496617,-0.5849024594135139,-0.5427832579015086,0.37059461730126,3.5836336395795687,-1.2874818471703546,2.1748392698901005
51.0,222.0,132.62808227539062,0.5478948821106959,1.4915125369362046,-4.018565007985094,-3.429984982496617,-0.585550776313577,-0.5279721935780763,0.3535768109007595,3.5836336395795687,-1.287454054547188,2.174267131087437
51.0,222.0,132.62808227539062,0.5479371659054912,1.49151008825493,-4.0168287821850335,-3.429984982496617,-0.5976865291217942,-0.5427832579015086,0.3698882394018333,3.5836336395795687,-1.2874808364368373,2.1750736287977723
51.0,222.0,132.62808227539062,0.5478783960350889,1.4915126322271512,-4.013231974046128,-3.429931259189822,-0.5853959079524219,-0.5427832579015086,0.3720227595107219,3.5836336395795687,-1.2874814237295416,2.1748392698901005
51.0,222.0,132.62808227539062,0.5478948821106959,1.4915126322271512,-4.018565007985094,-3.429984982496617,-0.5849038134755663,-0.5427832579015086,0.3530703330578133,3.5836336395795687,-1.2874818471703546,2.1748392698901005
51.0,222.0,132.62808227539062,0.5478948821106959,1.4915126322271512,-4.016336684172381,-3.434426143155825,-0.5849038134755663,-0.542783257782956,0.3530703330578133,3.583633585422957,-1.2873613426977333,2.1764212863434835
51.0,222.0,132.62808227539062,0.5478948821106959,1.4915126322271512,-4.018565007985094,-3.429984982496617,-0.5849024594135139,-0.5427832579015086,0.3701326336091446,3.5836336395795687,-1.287454054547188,2.1748392698901005
51.0,222.0,132.62808227539062,0.5478783960350889,1.4915126322271512,-4.013231974046128,-3.429931259189822,-0.5853959079524219,-0.5427832579015086,0.3720227595107219,3.5836336395795687,-1.2874814237295416,2.1748392698901005
51.0,222.0,132.62808227539062,0.5478948821106959,1.4915126322271512,-4.013322040356646,-3.4299823092542527,-0.5849024594135139,-0.5427832579015086,0.37059461730126,3.5836336395795687,-1.2874818471703546,2.1748392698901005
51.0,222.0,132.62808227539062,0.5479442460587678,1.49151008825493,-4.0168287821850335,-3.429984982496617,-0.5976865291217942,-0.5427832577767248,0.3698882394018333,3.5836336395795687,-1.2592496340822534,2.1759126645516123
51.0,222.0,132.62808227539062,0.547937616529104,1.49151008825493,-4.0168287821850335,-3.429984982496617,-0.5976865291217942,-0.5427832578991345,0.3698882394018333,3.5836336395795687,-1.2866427087170385,2.1759126645516123
51.0,222.0,132.62808227539062,0.5479371659054912,1.4915106906779072,-4.0168287821850335,-3.4349824467745527,-0.5955271495185809,-0.5427832579015086,0.3698882394018333,3.5703208031567057,-1.2854039180628944,2.1750736287977723
51.0,222.0,132.62808227539062,0.5478948821106959,1.4915126322271512,-4.018565007985094,-3.429984982496617,-0.5849038134755663,-0.5427832579015086,0.3530703330578133,3.5836336395795687,-1.2874818471703546,2.1748392698901005
51.0,222.0,132.62808227539062,0.5478948821106959,1.4915121369401692,-4.017412237295675,-3.429984982496617,-0.5860867837023092,-0.5279721935780763,0.3535768109007595,3.5836336395795687,-1.2873476441941856,2.174267131087437
51.0,222.0,132.62808227539062,0.5478779684829103,1.4915100582119574,-4.016556178241865,-3.429931259189822,-0.5853959079524219,-0.5427832579015086,0.3699401538168486,3.5836336395795687,-1.2874814237295416,2.1748339715722382
51.0,222.0,132.62808227539062,0.5478948821106959,1.491510115505245,-4.018565007985094,-3.429984982496617,-0.585550776313577,-0.5279721935780763,0.3532251727814096,3.5836336395795687,-1.287454054547188,2.174196968619919
51.0,222.0,132.62808227539062,0.5478783960350889,1.4915126322271512,-4.0115682631224345,-3.429931259189822,-0.5853959079524219,-0.5427832577720734,0.3720227595107219,3.5836336401050257,-1.2874814237295416,2.1748392698901005
51.0,222.0,132.62808227539062,0.5478777894201731,1.4915126322271512,-4.013098196013769,-3.4348979588315944,-0.5853959079524219,-0.5427832579015086,0.3720227595107219,3.5836336395795687,-1.2853275760651472,2.175045059501364
51.0,222.0,132.62808227539062,0.5478951812995236,1.4915126322271512,-4.018565007985094,-3.429984982496617,-0.5848787132213917,-0.5427832579015086,0.3701326336091446,3.5836336395795687,-1.2874537400465145,2.1748392698901005
51.0,222.0,132.62808227539062,0.5479371659054912,1.49151008825493,-4.0168287821850335,-3.429984982496617,-0.5976865291217942,-0.542783257787162,0.3672821324565222,3.5836336395795687,-1.2874808364368373,2.1750736287977723
51.0,222.0,132.62808227539062,0.5478948821106959,1.4915126322271512,-4.016336684172381,-3.434426143155825,-0.5849038134755663,-0.542783257782956,0.3530703330578133,3.583633585422957,-1.287482651840964,2.176455547875888
51.0,222.0,132.62808227539062,0.5479371659054912,1.4915106906779072,-4.01855497464395,-3.4349824467745527,-0.5955271495185809,-0.5427832579015086,0.3698627616320903,3.57050069664492,-1.2873897371495855,2.1750736287977723
51.0,222.0,132.62808227539062,0.5478948821106959,1.4915126322271512,-4.018565007985094,-3.429984982496617,-0.5849038134755663,-0.5417862759426133,0.3530854246187211,3.5836336395795687,-1.2874818471703546,2.1748678712457337
51.0,222.0,132.62808227539062,0.5478783960350889,1.4915126322271512,-4.0115682631224345,-3.429931259189822,-0.5853959079524219,-0.5427832577720734,0.3720227595107219,3.5836336401050257,-1.2874814237295416,2.1748392698901005
51.0,222.0,132.62808227539062,0.5478783960350889,1.4915126322271512,-4.013231974046128,-3.429931259189822,-0.5853959079524219,-0.5427832579015086,0.3720227595107219,3.5836336395795687,-1.2874814237295416,2.1748392698901005
51.0,222.0,132.62808227539062,0.5478950984988996,1.4915047339481498,-4.018565007985094,-3.429984982496617,-0.5834720788807439,-0.5427832579015086,0.37059461730126,3.5836336395795687,-1.2874818471703546,2.1748392698901005
51.0,222.0,132.62808227539062,0.5478951812995236,1.4915126322271512,-4.018565007985094,-3.429984982496617,-0.5848779094820971,-0.5427832579015086,0.3712595339174763,3.5836336395795687,-1.2874537400465145,2.1748392698901005
51.0,222.0,132.62808227539062,0.5478931777771237,1.4915101485711668,-4.0168287821850335,-3.429984982496617,-0.5977682839019836,-0.542783257901822,0.3698227181191845,3.5836336395795687,-1.2866427087170385,2.1748619574352266
51.0,222.0,132.62808227539062,0.5479449431421275,1.4915089129393202,-4.017770283732102,-3.43453688910242,-0.5854467428281206,-0.542783257773751,0.353354811350459,3.583633584550882,-1.287480815620589,2.17524651555813
51.0,222.0,132.62808227539062,0.5478951812995236,1.4915126322271512,-4.016838815526177,-3.429984982496617,-0.5848787132213917,-0.5427832579015086,0.3701581113788876,3.583453746091355,-1.285467920959823,2.1748392698901005
51.0,222.0,132.62808227539062,0.5478783960350889,1.4915126322271512,-4.013231974046128,-3.429931259189822,-0.5853959079524219,-0.5427832579015086,0.3720227595107219,3.5836336395795687,-1.2874814237295416,2.1748392698901005
51.0,222.0,132.62808227539062,0.5479383768927283,1.4915101155575186,-4.016829557674948,-3.429984982496617,-0.5850526222642735,-0.5279721935780763,0.3532251727814096,3.5836336395795687,-1.2874550421735926,2.17506624229969
51.0,222.0,132.62808227539062,0.5479438126126436,1.4915126322271512,-4.018565007985094,-3.429984982496617,-0.5975194006387133,-0.5427832579015086,0.3701326336091446,3.5836336395795687,-1.2883035972994583,2.1748392698901005
51.0,222.0,132.62808227539062,0.5478948821106959,1.4915126322271512,-4.018565007985094,-3.429984982496617,-0.5849046172148611,-0.5427832579015086,0.3519434327494816,3.5836336395795687,-1.2874818471703546,2.1748392698901005
51.0,222.0,132.62808227539062,0.5479393208626762,1.4915125719109144,-4.040700792776991,-3.4299823092542527,-0.5848207046333247,-0.5427832578988211,0.3706601385839088,3.5836336395795687,-1.2874818471703546,2.1758899770064857
51.0,222.0,132.62808227539062,0.547893240534502,1.4915101155575186,-4.016602115314464,-3.4299850385750648,-0.5850544538520193,-0.542868027407921,0.3532251727814096,3.5836336395795687,-1.2874776621229187,2.174816816413067
51.0,222.0,132.62808227539062,0.5479452929074433,1.491512940693981,-4.0168287821850335,-3.429984982496617,-0.5976865291217942,-0.5427832577767248,0.3701307659505306,3.5836336395795687,-1.2604577640593833,2.174836722732591
51.0,222.0,132.62808227539062,0.5478950265838155,1.491512770167609,-4.018565007985094,-3.429984982496617,-0.5855074512728781,-0.5427832579015086,0.3527487862190276,3.5836336395795687,-1.2874808635451835,2.1748406629564485
51.0,222.0,132.62808227539062,0.547878504885672,1.4915126322271512,-4.013215937589671,-3.429916541685906,-0.5853959079524219,-0.5427832579015086,0.3720227595107219,3.5836336347399445,-1.2874814237295416,2.1765074249396017
51.0,222.0,132.62808227539062,0.5478783960350889,1.4915126322271512,-4.018712072817035,-3.42998471476643,-0.5853852880407711,-0.5427955023696167,0.3720227595107219,3.5836336395795687,-1.2874814237295416,2.1748392698901005
51.0,222.0,132.62808227539062,0.5478779684829103,1.4915100582119574,-4.016556178241865,-3.429931259189822,-0.5853959079524219,-0.5427832579015086,0.3699401538168486,3.5836336395795687,-1.2874814237295416,2.1748339715722382
51.0,222.0,132.62808227539062,0.5478951812995236,1.4915126322271512,-4.018636021066609,-3.429984982496617,-0.5848779094820971,-0.5427832579015086,0.3712595339174763,3.5836336395795687,-1.2874791234900465,2.1748392698901005
51.0,222.0,132.62808227539062,0.5479438126126436,1.4915126322271512,-4.018565007985094,-3.429797029743666,-0.5975194006387133,-0.5427832579015086,0.3701326336091446,3.583631041414792,-1.2883035972994583,2.1748437404861187
51.0,222.0,132.62808227539062,0.5479393208626762,1.491512578734157,-4.040700792776991,-3.429984855905507,-0.5848207046333247,-0.542783257901575,0.370127098797437,3.5836336395795687,-1.2874801288957012,2.1758899770064857
51.0,222.0,132.62808227539062,0.5478779529403618,1.4915101047517092,-4.016563736223173,-3.429931259189822,-0.5853959079524219,-0.5427832579015086,0.3720227595107219,3.5836336395795687,-1.2874814237295416,2.174834069959463
51.0,222.0,132.62808227539062,0.5479371659054912,1.4915126739937374,-4.018641735686635,-3.429984982496617,-0.584232498697843,-0.5427832579015086,0.3698630959681335,3.5836336395795687,-1.2874539373312437,2.1750736287977723
51.0,222.0,132.62808227539062,0.5478751027957012,1.4915089918222544,-4.017770283732102,-3.43453688910242,-0.5854467428281206,-0.5427832578927154,0.353354811350459,3.583633584550882,-1.2874814327830302,2.1748304111604275
51.0,222.0,132.62808227539062,0.5479443307532503,1.4915089129393202,-4.020530599517375,-3.434557513050347,-0.5873265663083467,-0.542783257773751,0.3700575018888117,3.5836336377119413,-1.287454917965219,2.175238943496297
51.0,222.0,132.62808227539062,0.5478941344508481,1.4915097797880998,-4.018565007985094,-3.429984982496617,-0.5848787132213917,-0.5427832579015086,0.3698901070604473,3.5836336395795687,-1.2862456100693846,2.175915211709121
51.0,223.0,132.62808227539062,0.5478948821106959,1.4915126322271512,-4.018565007985094,-3.429984982496617,-0.5849024594135139,-0.5427832579015086,0.3701326336091446,3.5836336395795687,-1.287454054547188,2.1748392698901005
51.0,223.0,132.62808227539062,0.5478948821106959,1.4915126322271512,-4.018565007985094,-3.429984982496617,-0.5849024594135139,-0.5427832579015086,0.37059461730126,3.5836336395795687,-1.2874818471703546,2.1748392698901005
51.0,223.0,132.62808227539062,0.5478948821106959,1.4915125369362046,-4.018565007985094,-3.429984982496617,-0.585550776313577,-0.5279721935780763,0.3535768109007595,3.5836336395795687,-1.287454054547188,2.174267131087437
51.0,223.0,132.62808227539062,0.5479371659054912,1.49151008825493,-4.0168287821850335,-3.429984982496617,-0.5976865291217942,-0.5427832579015086,0.3698882394018333,3.5836336395795687,-1.2874808364368373,2.1750736287977723
51.0,223.0,132.62808227539062,0.5478783960350889,1.4915126322271512,-4.013231974046128,-3.429931259189822,-0.5853959079524219,-0.5427832579015086,0.3720227595107219,3.5836336395795687,-1.2874814237295416,2.1748392698901005
51.0,223.0,132.62808227539062,0.5478948821106959,1.4915126322271512,-4.018565007985094,-3.429984982496617,-0.5849038134755663,-0.5427832579015086,0.3530703330578133,3.5836336395795687,-1.2874818471703546,2.1748392698901005
51.0,223.0,132.62808227539062,0.5478948821106959,1.4915126322271512,-4.016336684172381,-3.434426143155825,-0.5849038134755663,-0.542783257782956,0.3530703330578133,3.583633585422957,-1.2873613426977333,2.1764212863434835
51.0,223.0,132.62808227539062,0.5478948821106959,1.4915126322271512,-4.018565007985094,-3.429984982496617,-0.5849024594135139,-0.5427832579015086,0.3701326336091446,3.5836336395795687,-1.287454054547188,2.1748392698901005
51.0,223.0,132.62808227539062,0.5478783960350889,1.4915126322271512,-4.013231974046128,-3.429931259189822,-0.5853959079524219,-0.5427832579015086,0.3720227595107219,3.5836336395795687,-1.2874814237295416,2.1748392698901005
51.0,223.0,132.62808227539062,0.5478948821106959,1.4915126322271512,-4.013322040356646,-3.4299823092542527,-0.5849024594135139,-0.5427832579015086,0.37059461730126,3.5836336395795687,-1.2874818471703546,2.1748392698901005
51.0,223.0,132.62808227539062,0.5479442460587678,1.49151008825493,-4.0168287821850335,-3.429984982496617,-0.5976865291217942,-0.5427832577767248,0.3698882394018333,3.5836336395795687,-1.2592496340822534,2.1759126645516123
51.0,223.0,132.62808227539062,0.547937616529104,1.49151008825493,-4.0168287821850335,-3.429984982496617,-0.5976865291217942,-0.5427832578991345,0.3698882394018333,3.5836336395795687,-1.2866427087170385,2.1759126645516123
51.0,223.0,132.62808227539062,0.5479371659054912,1.4915106906779072,-4.0168287821850335,-3.4349824467745527,-0.5955271495185809,-0.5427832579015086,0.3698882394018333,3.5703208031567057,-1.2854039180628944,2.1750736287977723
51.0,223.0,132.62808227539062,0.5478948821106959,1.4915126322271512,-4.018565007985094,-3.429984982496617,-0.5849038134755663,-0.5427832579015086,0.3530703330578133,3.5836336395795687,-1.2874818471703546,2.1748392698901005
51.0,223.0,132.62808227539062,0.5478948821106959,1.4915121369401692,-4.017412237295675,-3.429984982496617,-0.5860867837023092,-0.5279721935780763,0.3535768109007595,3.5836336395795687,-1.2873476441941856,2.174267131087437
51.0,223.0,132.62808227539062,0.5478779684829103,1.4915100582119574,-4.016556178241865,-3.429931259189822,-0.5853959079524219,-0.5427832579015086,0.3699401538168486,3.5836336395795687,-1.2874814237295416,2.1748339715722382
51.0,223.0,132.62808227539062,0.5478948821106959,1.491510115505245,-4.018565007985094,-3.429984982496617,-0.585550776313577,-0.5279721935780763,0.3532251727814096,3.5836336395795687,-1.287454054547188,2.174196968619919
51.0,223.0,132.62808227539062,0.5478783960350889,1.4915126322271512,-4.0115682631224345,-3.429931259189822,-0.5853959079524219,-0.5427832577720734,0.3720227595107219,3.5836336401050257,-1.2874814237295416,2.1748392698901005
51.0,223.0,132.62808227539062,0.5478777894201731,1.4915126322271512,-4.013098196013769,-3.4348979588315944,-0.5853959079524219,-0.5427832579015086,0.3720227595107219,3.5836336395795687,-1.2853275760651472,2.175045059501364
51.0,223.0,132.62808227539062,0.5478951812995236,1.4915126322271512,-4.018565007985094,-3.429984982496617,-0.5848787132213917,-0.5427832579015086,0.3701326336091446,3.5836336395795687,-1.2874537400465145,2.1748392698901005
51.0,223.0,132.62808227539062,0.5479371659054912,1.49151008825493,-4.0168287821850335,-3.429984982496617,-0.5976865291217942,-0.542783257787162,0.3672821324565222,3.5836336395795687,-1.2874808364368373,2.1750736287977723
51.0,223.0,132.62808227539062,0.5478948821106959,1.4915126322271512,-4.016336684172381,-3.434426143155825,-0.5849038134755663,-0.542783257782956,0.3530703330578133,3.583633585422957,-1.287482651840964,2.176455547875888
51.0,223.0,132.62808227539062,0.5479371659054912,1.4915106906779072,-4.01855497464395,-3.4349824467745527,-0.5955271495185809,-0.5427832579015086,0.3698627616320903,3.57050069664492,-1.2873897371495855,2.1750736287977723
51.0,223.0,132.62808227539062,0.5478948821106959,1.4915126322271512,-4.018565007985094,-3.429984982496617,-0.5849038134755663,-0.5417862759426133,0.3530854246187211,3.5836336395795687,-1.2874818471703546,2.1748678712457337
51.0,223.0,132.62808227539062,0.5478783960350889,1.4915126322271512,-4.0115682631224345,-3.429931259189822,-0.5853959079524219,-0.5427832577720734,0.3720227595107219,3.5836336401050257,-1.2874814237295416,2.1748392698901005
51.0,223.0,132.62808227539062,0.5478783960350889,1.4915126322271512,-4.013231974046128,-3.429931259189822,-0.5853959079524219,-0.5427832579015086,0.3720227595107219,3.5836336395795687,-1.2874814237295416,2.1748392698901005
51.0,223.0,132.62808227539062,0.5478950984988996,1.4915047339481498,-4.018565007985094,-3.429984982496617,-0.5834720788807439,-0.5427832579015086,0.37059461730126,3.5836336395795687,-1.2874818471703546,2.1748392698901005
51.0,223.0,132.62808227539062,0.5478951812995236,1.4915126322271512,-4.018565007985094,-3.429984982496617,-0.5848779094820971,-0.5427832579015086,0.3712595339174763,3.5836336395795687,-1.2874537400465145,2.1748392698901005
51.0,223.0,132.62808227539062,0.5478931777771237,1.4915101485711668,-4.0168287821850335,-3.429984982496617,-0.5977682839019836,-0.542783257901822,0.3698227181191845,3.5836336395795687,-1.2866427087170385,2.1748619574352266
51.0,223.0,132.62808227539062,0.5479449431421275,1.4915089129393202,-4.017770283732102,-3.43453688910242,-0.5854467428281206,-0.542783257773751,0.353354811350459,3.583633584550882,-1.287480815620589,2.17524651555813
51.0,223.0,132.62808227539062,0.5478951812995236,1.4915126322271512,-4.016838815526177,-3.429984982496617,-0.5848787132213917,-0.5427832579015086,0.3701581113788876,3.583453746091355,-1.285467920959823,2.1748392698901005
51.0,223.0,132.62808227539062,0.5478783960350889,1.4915126322271512,-4.013231974046128,-3.429931259189822,-0.5853959079524219,-0.5427832579015086,0.3720227595107219,3.5836336395795687,-1.2874814237295416,2.1748392698901005
51.0,223.0,132.62808227539062,0.5479383768927283,1.4915101155575186,-4.016829557674948,-3.429984982496617,-0.5850526222642735,-0.5279721935780763,0.3532251727814096,3.5836336395795687,-1.2874550421735926,2.17506624229969
51.0,223.0,132.62808227539062,0.5479438126126436,1.4915126322271512,-4.018565007985094,-3.429984982496617,-0.5975194006387133,-0.5427832579015086,0.3701326336091446,3.5836336395795687,-1.2883035972994583,2.1748392698901005
51.0,223.0,132.62808227539062,0.5478948821106959,1.4915126322271512,-4.018565007985094,-3.429984982496617,-0.5849046172148611,-0.5427832579015086,0.3519434327494816,3.5836336395795687,-1.2874818471703546,2.1748392698901005
51.0,223.0,132.62808227539062,0.5479393208626762,1.4915125719109144,-4.040700792776991,-3.4299823092542527,-0.5848207046333247,-0.5427832578988211,0.3706601385839088,3.5836336395795687,-1.2874818471703546,2.1758899770064857
51.0,223.0,132.62808227539062,0.547893240534502,1.4915101155575186,-4.016602115314464,-3.4299850385750648,-0.5850544538520193,-0.542868027407921,0.3532251727814096,3.5836336395795687,-1.2874776621229187,2.174816816413067
51.0,223.0,132.62808227539062,0.5479452929074433,1.491512940693981,-4.0168287821850335,-3.429984982496617,-0.5976865291217942,-0.5427832577767248,0.3701307659505306,3.5836336395795687,-1.2604577640593833,2.174836722732591
51.0,223.0,132.62808227539062,0.5478950265838155,1.491512770167609,-4.018565007985094,-3.429984982496617,-0.5855074512728781,-0.5427832579015086,0.3527487862190276,3.5836336395795687,-1.2874808635451835,2.1748406629564485
51.0,223.0,132.62808227539062,0.547878504885672,1.4915126322271512,-4.013215937589671,-3.429916541685906,-0.5853959079524219,-0.5427832579015086,0.3720227595107219,3.5836336347399445,-1.2874814237295416,2.1765074249396017
51.0,223.0,132.62808227539062,0.5478783960350889,1.4915126322271512,-4.018712072817035,-3.42998471476643,-0.5853852880407711,-0.5427955023696167,0.3720227595107219,3.5836336395795687,-1.2874814237295416,2.1748392698901005
51.0,223.0,132.62808227539062,0.5478779684829103,1.4915100582119574,-4.016556178241865,-3.429931259189822,-0.5853959079524219,-0.5427832579015086,0.3699401538168486,3.5836336395795687,-1.2874814237295416,2.1748339715722382
51.0,223.0,132.62808227539062,0.5478951812995236,1.4915126322271512,-4.018636021066609,-3.429984982496617,-0.5848779094820971,-0.5427832579015086,0.3712595339174763,3.5836336395795687,-1.2874791234900465,2.1748392698901005
51.0,223.0,132.62808227539062,0.5479438126126436,1.4915126322271512,-4.018565007985094,-3.429797029743666,-0.5975194006387133,-0.5427832579015086,0.3701326336091446,3.583631041414792,-1.2883035972994583,2.1748437404861187
51.0,223.0,132.62808227539062,0.5479393208626762,1.491512578734157,-4.040700792776991,-3.429984855905507,-0.5848207046333247,-0.542783257901575,0.370127098797437,3.5836336395795687,-1.2874801288957012,2.1758899770064857
51.0,223.0,132.62808227539062,0.5478779529403618,1.4915101047517092,-4.016563736223173,-3.429931259189822,-0.5853959079524219,-0.5427832579015086,0.3720227595107219,3.5836336395795687,-1.2874814237295416,2.174834069959463
51.0,223.0,132.62808227539062,0.5479371659054912,1.4915126739937374,-4.018641735686635,-3.429984982496617,-0.584232498697843,-0.5427832579015086,0.3698630959681335,3.5836336395795687,-1.2874539373312437,2.1750736287977723
51.0,223.0,132.62808227539062,0.5478751027957012,1.4915089918222544,-4.017770283732102,-3.43453688910242,-0.5854467428281206,-0.5427832578927154,0.353354811350459,3.583633584550882,-1.2874814327830302,2.1748304111604275
51.0,223.0,132.62808227539062,0.5479443307532503,1.4915089129393202,-4.020530599517375,-3.434557513050347,-0.5873265663083467,-0.542783257773751,0.3700575018888117,3.5836336377119413,-1.287454917965219,2.175238943496297
51.0,223.0,132.62808227539062,0.5478941344508481,1.4915097797880998,-4.018565007985094,-3.429984982496617,-0.5848787132213917,-0.5427832579015086,0.3698901070604473,3.5836336395795687,-1.2862456100693846,2.175915211709121
51.0,224.0,132.62808227539062,0.5478948821106959,1.4915126322271512,-4.018565007985094,-3.429984982496617,-0.5849024594135139,-0.5427832579015086,0.3701326336091446,3.5836336395795687,-1.287454054547188,2.1748392698901005
51.0,224.0,132.62808227539062,0.5478948821106959,1.4915126322271512,-4.018565007985094,-3.429984982496617,-0.5849024594135139,-0.5427832579015086,0.37059461730126,3.5836336395795687,-1.2874818471703546,2.1748392698901005
51.0,224.0,132.62808227539062,0.5478948821106959,1.4915125369362046,-4.018565007985094,-3.429984982496617,-0.585550776313577,-0.5279721935780763,0.3535768109007595,3.5836336395795687,-1.287454054547188,2.174267131087437
51.0,224.0,132.62808227539062,0.5479371659054912,1.49151008825493,-4.0168287821850335,-3.429984982496617,-0.5976865291217942,-0.5427832579015086,0.3698882394018333,3.5836336395795687,-1.2874808364368373,2.1750736287977723
51.0,224.0,132.62808227539062,0.5478783960350889,1.4915126322271512,-4.013231974046128,-3.429931259189822,-0.5853959079524219,-0.5427832579015086,0.3720227595107219,3.5836336395795687,-1.2874814237295416,2.1748392698901005
51.0,224.0,132.62808227539062,0.5478948821106959,1.4915126322271512,-4.018565007985094,-3.429984982496617,-0.5849038134755663,-0.5427832579015086,0.3530703330578133,3.5836336395795687,-1.2874818471703546,2.1748392698901005
51.0,224.0,132.62808227539062,0.5478948821106959,1.4915126322271512,-4.016336684172381,-3.434426143155825,-0.5849038134755663,-0.542783257782956,0.3530703330578133,3.583633585422957,-1.2873613426977333,2.1764212863434835
51.0,224.0,132.62808227539062,0.5478948821106959,1.4915126322271512,-4.018565007985094,-3.429984982496617,-0.5849024594135139,-0.5427832579015086,0.3701326336091446,3.5836336395795687,-1.287454054547188,2.1748392698901005
51.0,224.0,132.62808227539062,0.5478783960350889,1.4915126322271512,-4.013231974046128,-3.429931259189822,-0.5853959079524219,-0.5427832579015086,0.3720227595107219,3.5836336395795687,-1.2874814237295416,2.1748392698901005
51.0,224.0,132.62808227539062,0.5478948821106959,1.4915126322271512,-4.013322040356646,-3.4299823092542527,-0.5849024594135139,-0.5427832579015086,0.37059461730126,3.5836336395795687,-1.2874818471703546,2.1748392698901005
51.0,224.0,132.62808227539062,0.5479442460587678,1.49151008825493,-4.0168287821850335,-3.429984982496617,-0.5976865291217942,-0.5427832577767248,0.3698882394018333,3.5836336395795687,-1.2592496340822534,2.1759126645516123
51.0,224.0,132.62808227539062,0.547937616529104,1.49151008825493,-4.0168287821850335,-3.429984982496617,-0.5976865291217942,-0.5427832578991345,0.3698882394018333,3.5836336395795687,-1.2866427087170385,2.1759126645516123
51.0,224.0,132.62808227539062,0.5479371659054912,1.4915106906779072,-4.0168287821850335,-3.4349824467745527,-0.5955271495185809,-0.5427832579015086,0.3698882394018333,3.5703208031567057,-1.2854039180628944,2.1750736287977723
51.0,224.0,132.62808227539062,0.5478948821106959,1.4915126322271512,-4.018565007985094,-3.429984982496617,-0.5849038134755663,-0.5427832579015086,0.3530703330578133,3.5836336395795687,-1.2874818471703546,2.1748392698901005
51.0,224.0,132.62808227539062,0.5478948821106959,1.4915121369401692,-4.017412237295675,-3.429984982496617,-0.5860867837023092,-0.5279721935780763,0.3535768109007595,3.5836336395795687,-1.2873476441941856,2.174267131087437
51.0,224.0,132.62808227539062,0.5478779684829103,1.4915100582119574,-4.016556178241865,-3.429931259189822,-0.5853959079524219,-0.5427832579015086,0.3699401538168486,3.5836336395795687,-1.2874814237295416,2.1748339715722382
51.0,224.0,132.62808227539062,0.5478948821106959,1.491510115505245,-4.018565007985094,-3.429984982496617,-0.585550776313577,-0.5279721935780763,0.3532251727814096,3.5836336395795687,-1.287454054547188,2.174196968619919
51.0,224.0,132.62808227539062,0.5478783960350889,1.4915126322271512,-4.0115682631224345,-3.429931259189822,-0.5853959079524219,-0.5427832577720734,0.3720227595107219,3.5836336401050257,-1.2874814237295416,2.1748392698901005
51.0,224.0,132.62808227539062,0.5478777894201731,1.4915126322271512,-4.013098196013769,-3.4348979588315944,-0.5853959079524219,-0.5427832579015086,0.3720227595107219,3.5836336395795687,-1.2853275760651472,2.175045059501364
51.0,224.0,132.62808227539062,0.5478951812995236,1.4915126322271512,-4.018565007985094,-3.429984982496617,-0.5848787132213917,-0.5427832579015086,0.3701326336091446,3.5836336395795687,-1.2874537400465145,2.1748392698901005
51.0,224.0,132.62808227539062,0.5479371659054912,1.49151008825493,-4.0168287821850335,-3.429984982496617,-0.5976865291217942,-0.542783257787162,0.3672821324565222,3.5836336395795687,-1.2874808364368373,2.1750736287977723
51.0,224.0,132.62808227539062,0.5478948821106959,1.4915126322271512,-4.016336684172381,-3.434426143155825,-0.5849038134755663,-0.542783257782956,0.3530703330578133,3.583633585422957,-1.287482651840964,2.176455547875888
51.0,224.0,132.62808227539062,0.5479371659054912,1.4915106906779072,-4.01855497464395,-3.4349824467745527,-0.5955271495185809,-0.5427832579015086,0.3698627616320903,3.57050069664492,-1.2873897371495855,2.1750736287977723
51.0,224.0,132.62808227539062,0.5478948821106959,1.4915126322271512,-4.018565007985094,-3.429984982496617,-0.5849038134755663,-0.5417862759426133,0.3530854246187211,3.5836336395795687,-1.2874818471703546,2.1748678712457337
51.0,224.0,132.62808227539062,0.5478783960350889,1.4915126322271512,-4.0115682631224345,-3.429931259189822,-0.5853959079524219,-0.5427832577720734,0.3720227595107219,3.5836336401050257,-1.2874814237295416,2.1748392698901005
51.0,224.0,132.62808227539062,0.5478783960350889,1.4915126322271512,-4.013231974046128,-3.429931259189822,-0.5853959079524219,-0.5427832579015086,0.3720227595107219,3.5836336395795687,-1.2874814237295416,2.1748392698901005
51.0,224.0,132.62808227539062,0.5478950984988996,1.4915047339481498,-4.018565007985094,-3.429984982496617,-0.5834720788807439,-0.5427832579015086,0.37059461730126,3.5836336395795687,-1.2874818471703546,2.1748392698901005
51.0,224.0,132.62808227539062,0.5478951812995236,1.4915126322271512,-4.018565007985094,-3.429984982496617,-0.5848779094820971,-0.5427832579015086,0.3712595339174763,3.5836336395795687,-1.2874537400465145,2.1748392698901005
51.0,224.0,132.62808227539062,0.5478931777771237,1.4915101485711668,-4.0168287821850335,-3.429984982496617,-0.5977682839019836,-0.542783257901822,0.3698227181191845,3.5836336395795687,-1.2866427087170385,2.1748619574352266
51.0,224.0,132.62808227539062,0.5479449431421275,1.4915089129393202,-4.017770283732102,-3.43453688910242,-0.5854467428281206,-0.542783257773751,0.353354811350459,3.583633584550882,-1.287480815620589,2.17524651555813
51.0,224.0,132.62808227539062,0.5478951812995236,1.4915126322271512,-4.016838815526177,-3.429984982496617,-0.5848787132213917,-0.5427832579015086,0.3701581113788876,3.583453746091355,-1.285467920959823,2.1748392698901005
51.0,224.0,132.62808227539062,0.5478783960350889,1.4915126322271512,-4.013231974046128,-3.429931259189822,-0.5853959079524219,-0.5427832579015086,0.3720227595107219,3.5836336395795687,-1.2874814237295416,2.1748392698901005
51.0,224.0,132.62808227539062,0.5479383768927283,1.4915101155575186,-4.016829557674948,-3.429984982496617,-0.5850526222642735,-0.5279721935780763,0.3532251727814096,3.5836336395795687,-1.2874550421735926,2.17506624229969
51.0,224.0,132.62808227539062,0.5479438126126436,1.4915126322271512,-4.018565007985094,-3.429984982496617,-0.5975194006387133,-0.5427832579015086,0.3701326336091446,3.5836336395795687,-1.2883035972994583,2.1748392698901005
51.0,224.0,132.62808227539062,0.5478948821106959,1.4915126322271512,-4.018565007985094,-3.429984982496617,-0.5849046172148611,-0.5427832579015086,0.3519434327494816,3.5836336395795687,-1.2874818471703546,2.1748392698901005
51.0,224.0,132.62808227539062,0.5479393208626762,1.4915125719109144,-4.040700792776991,-3.4299823092542527,-0.5848207046333247,-0.5427832578988211,0.3706601385839088,3.5836336395795687,-1.2874818471703546,2.1758899770064857
51.0,224.0,132.62808227539062,0.547893240534502,1.4915101155575186,-4.016602115314464,-3.4299850385750648,-0.5850544538520193,-0.542868027407921,0.3532251727814096,3.5836336395795687,-1.2874776621229187,2.174816816413067
51.0,224.0,132.62808227539062,0.5479452929074433,1.491512940693981,-4.0168287821850335,-3.429984982496617,-0.5976865291217942,-0.5427832577767248,0.3701307659505306,3.5836336395795687,-1.2604577640593833,2.174836722732591
51.0,224.0,132.62808227539062,0.5478950265838155,1.491512770167609,-4.018565007985094,-3.429984982496617,-0.5855074512728781,-0.5427832579015086,0.3527487862190276,3.5836336395795687,-1.2874808635451835,2.1748406629564485
51.0,224.0,132.62808227539062,0.547878504885672,1.4915126322271512,-4.013215937589671,-3.429916541685906,-0.5853959079524219,-0.5427832579015086,0.3720227595107219,3.5836336347399445,-1.2874814237295416,2.1765074249396017
51.0,224.0,132.62808227539062,0.5478783960350889,1.4915126322271512,-4.018712072817035,-3.42998471476643,-0.5853852880407711,-0.5427955023696167,0.3720227595107219,3.5836336395795687,-1.2874814237295416,2.1748392698901005
51.0,224.0,132.62808227539062,0.5478779684829103,1.4915100582119574,-4.016556178241865,-3.429931259189822,-0.5853959079524219,-0.5427832579015086,0.3699401538168486,3.5836336395795687,-1.2874814237295416,2.1748339715722382
51.0,224.0,132.62808227539062,0.5478951812995236,1.4915126322271512,-4.018636021066609,-3.429984982496617,-0.5848779094820971,-0.5427832579015086,0.3712595339174763,3.5836336395795687,-1.2874791234900465,2.1748392698901005
51.0,224.0,132.62808227539062,0.5479438126126436,1.4915126322271512,-4.018565007985094,-3.429797029743666,-0.5975194006387133,-0.5427832579015086,0.3701326336091446,3.583631041414792,-1.2883035972994583,2.1748437404861187
51.0,224.0,132.62808227539062,0.5479393208626762,1.491512578734157,-4.040700792776991,-3.429984855905507,-0.5848207046333247,-0.542783257901575,0.370127098797437,3.5836336395795687,-1.2874801288957012,2.1758899770064857
51.0,224.0,132.62808227539062,0.5478779529403618,1.4915101047517092,-4.016563736223173,-3.429931259189822,-0.5853959079524219,-0.5427832579015086,0.3720227595107219,3.5836336395795687,-1.2874814237295416,2.174834069959463
51.0,224.0,132.62808227539062,0.5479371659054912,1.4915126739937374,-4.018641735686635,-3.429984982496617,-0.584232498697843,-0.5427832579015086,0.3698630959681335,3.5836336395795687,-1.2874539373312437,2.1750736287977723
51.0,224.0,132.62808227539062,0.5478751027957012,1.4915089918222544,-4.017770283732102,-3.43453688910242,-0.5854467428281206,-0.5427832578927154,0.353354811350459,3.583633584550882,-1.2874814327830302,2.1748304111604275
51.0,224.0,132.62808227539062,0.5479443307532503,1.4915089129393202,-4.020530599517375,-3.434557513050347,-0.5873265663083467,-0.542783257773751,0.3700575018888117,3.5836336377119413,-1.287454917965219,2.175238943496297
51.0,224.0,132.62808227539062,0.5478941344508481,1.4915097797880998,-4.018565007985094,-3.429984982496617,-0.5848787132213917,-0.5427832579015086,0.3698901070604473,3.5836336395795687,-1.2862456100693846,2.175915211709121
51.0,225.0,132.62808227539062,0.5478948821106959,1.4915126322271512,-4.018565007985094,-3.429984982496617,-0.5849024594135139,-0.5427832579015086,0.3701326336091446,3.5836336395795687,-1.287454054547188,2.1748392698901005
51.0,225.0,132.62808227539062,0.5478948821106959,1.4915126322271512,-4.018565007985094,-3.429984982496617,-0.5849024594135139,-0.5427832579015086,0.37059461730126,3.5836336395795687,-1.2874818471703546,2.1748392698901005
51.0,225.0,132.62808227539062,0.5478948821106959,1.4915125369362046,-4.018565007985094,-3.429984982496617,-0.585550776313577,-0.5279721935780763,0.3535768109007595,3.5836336395795687,-1.287454054547188,2.174267131087437
51.0,225.0,132.62808227539062,0.5479371659054912,1.49151008825493,-4.0168287821850335,-3.429984982496617,-0.5976865291217942,-0.5427832579015086,0.3698882394018333,3.5836336395795687,-1.2874808364368373,2.1750736287977723
51.0,225.0,132.62808227539062,0.5478783960350889,1.4915126322271512,-4.013231974046128,-3.429931259189822,-0.5853959079524219,-0.5427832579015086,0.3720227595107219,3.5836336395795687,-1.2874814237295416,2.1748392698901005
51.0,225.0,132.62808227539062,0.5478948821106959,1.4915126322271512,-4.018565007985094,-3.429984982496617,-0.5849038134755663,-0.5427832579015086,0.3530703330578133,3.5836336395795687,-1.2874818471703546,2.1748392698901005
51.0,225.0,132.62808227539062,0.5478948821106959,1.4915126322271512,-4.016336684172381,-3.434426143155825,-0.5849038134755663,-0.542783257782956,0.3530703330578133,3.583633585422957,-1.2873613426977333,2.1764212863434835
51.0,225.0,132.62808227539062,0.5478948821106959,1.4915126322271512,-4.018565007985094,-3.429984982496617,-0.5849024594135139,-0.5427832579015086,0.3701326336091446,3.5836336395795687,-1.287454054547188,2.1748392698901005
51.0,225.0,132.62808227539062,0.5478783960350889,1.4915126322271512,-4.013231974046128,-3.429931259189822,-0.5853959079524219,-0.5427832579015086,0.3720227595107219,3.5836336395795687,-1.2874814237295416,2.1748392698901005
51.0,225.0,132.62808227539062,0.5478948821106959,1.4915126322271512,-4.013322040356646,-3.4299823092542527,-0.5849024594135139,-0.5427832579015086,0.37059461730126,3.5836336395795687,-1.2874818471703546,2.1748392698901005
51.0,225.0,132.62808227539062,0.5479442460587678,1.49151008825493,-4.0168287821850335,-3.429984982496617,-0.5976865291217942,-0.5427832577767248,0.3698882394018333,3.5836336395795687,-1.2592496340822534,2.1759126645516123
51.0,225.0,132.62808227539062,0.547937616529104,1.49151008825493,-4.0168287821850335,-3.429984982496617,-0.5976865291217942,-0.5427832578991345,0.3698882394018333,3.5836336395795687,-1.2866427087170385,2.1759126645516123
51.0,225.0,132.62808227539062,0.5479371659054912,1.4915106906779072,-4.0168287821850335,-3.4349824467745527,-0.5955271495185809,-0.5427832579015086,0.3698882394018333,3.5703208031567057,-1.2854039180628944,2.1750736287977723
51.0,225.0,132.62808227539062,0.5478948821106959,1.4915126322271512,-4.018565007985094,-3.429984982496617,-0.5849038134755663,-0.5427832579015086,0.3530703330578133,3.5836336395795687,-1.2874818471703546,2.1748392698901005
51.0,225.0,132.62808227539062,0.5478948821106959,1.4915121369401692,-4.017412237295675,-3.429984982496617,-0.5860867837023092,-0.5279721935780763,0.3535768109007595,3.5836336395795687,-1.2873476441941856,2.174267131087437
51.0,225.0,132.62808227539062,0.5478779684829103,1.4915100582119574,-4.016556178241865,-3.429931259189822,-0.5853959079524219,-0.5427832579015086,0.3699401538168486,3.5836336395795687,-1.2874814237295416,2.1748339715722382
51.0,225.0,132.62808227539062,0.5478948821106959,1.491510115505245,-4.018565007985094,-3.429984982496617,-0.585550776313577,-0.5279721935780763,0.3532251727814096,3.5836336395795687,-1.287454054547188,2.174196968619919
51.0,225.0,132.62808227539062,0.5478783960350889,1.4915126322271512,-4.0115682631224345,-3.429931259189822,-0.5853959079524219,-0.5427832577720734,0.3720227595107219,3.5836336401050257,-1.2874814237295416,2.1748392698901005
51.0,225.0,132.62808227539062,0.5478777894201731,1.4915126322271512,-4.013098196013769,-3.4348979588315944,-0.5853959079524219,-0.5427832579015086,0.3720227595107219,3.5836336395795687,-1.2853275760651472,2.175045059501364
51.0,225.0,132.62808227539062,0.5478951812995236,1.4915126322271512,-4.018565007985094,-3.429984982496617,-0.5848787132213917,-0.5427832579015086,0.3701326336091446,3.5836336395795687,-1.2874537400465145,2.1748392698901005
51.0,225.0,132.62808227539062,0.5479371659054912,1.49151008825493,-4.0168287821850335,-3.429984982496617,-0.5976865291217942,-0.542783257787162,0.3672821324565222,3.5836336395795687,-1.2874808364368373,2.1750736287977723
51.0,225.0,132.62808227539062,0.5478948821106959,1.4915126322271512,-4.016336684172381,-3.434426143155825,-0.5849038134755663,-0.542783257782956,0.3530703330578133,3.583633585422957,-1.287482651840964,2.176455547875888
51.0,225.0,132.62808227539062,0.5479371659054912,1.4915106906779072,-4.01855497464395,-3.4349824467745527,-0.5955271495185809,-0.5427832579015086,0.3698627616320903,3.57050069664492,-1.2873897371495855,2.1750736287977723
51.0,225.0,132.62808227539062,0.5478948821106959,1.4915126322271512,-4.018565007985094,-3.429984982496617,-0.5849038134755663,-0.5417862759426133,0.3530854246187211,3.5836336395795687,-1.2874818471703546,2.1748678712457337
51.0,225.0,132.62808227539062,0.5478783960350889,1.4915126322271512,-4.0115682631224345,-3.429931259189822,-0.5853959079524219,-0.5427832577720734,0.3720227595107219,3.5836336401050257,-1.2874814237295416,2.1748392698901005
51.0,225.0,132.62808227539062,0.5478783960350889,1.4915126322271512,-4.013231974046128,-3.429931259189822,-0.5853959079524219,-0.5427832579015086,0.3720227595107219,3.5836336395795687,-1.2874814237295416,2.1748392698901005
51.0,225.0,132.62808227539062,0.5478950984988996,1.4915047339481498,-4.018565007985094,-3.429984982496617,-0.5834720788807439,-0.5427832579015086,0.37059461730126,3.5836336395795687,-1.2874818471703546,2.1748392698901005
51.0,225.0,132.62808227539062,0.5478951812995236,1.4915126322271512,-4.018565007985094,-3.429984982496617,-0.5848779094820971,-0.5427832579015086,0.3712595339174763,3.5836336395795687,-1.2874537400465145,2.1748392698901005
51.0,225.0,132.62808227539062,0.5478931777771237,1.4915101485711668,-4.0168287821850335,-3.429984982496617,-0.5977682839019836,-0.542783257901822,0.3698227181191845,3.5836336395795687,-1.2866427087170385,2.1748619574352266
51.0,225.0,132.62808227539062,0.5479449431421275,1.4915089129393202,-4.017770283732102,-3.43453688910242,-0.5854467428281206,-0.542783257773751,0.353354811350459,3.583633584550882,-1.287480815620589,2.17524651555813
51.0,225.0,132.62808227539062,0.5478951812995236,1.4915126322271512,-4.016838815526177,-3.429984982496617,-0.5848787132213917,-0.5427832579015086,0.3701581113788876,3.583453746091355,-1.285467920959823,2.1748392698901005
51.0,225.0,132.62808227539062,0.5478783960350889,1.4915126322271512,-4.013231974046128,-3.429931259189822,-0.5853959079524219,-0.5427832579015086,0.3720227595107219,3.5836336395795687,-1.2874814237295416,2.1748392698901005
51.0,225.0,132.62808227539062,0.5479383768927283,1.4915101155575186,-4.016829557674948,-3.429984982496617,-0.5850526222642735,-0.5279721935780763,0.3532251727814096,3.5836336395795687,-1.2874550421735926,2.17506624229969
51.0,225.0,132.62808227539062,0.5479438126126436,1.4915126322271512,-4.018565007985094,-3.429984982496617,-0.5975194006387133,-0.5427832579015086,0.3701326336091446,3.5836336395795687,-1.2883035972994583,2.1748392698901005
51.0,225.0,132.62808227539062,0.5478948821106959,1.4915126322271512,-4.018565007985094,-3.429984982496617,-0.5849046172148611,-0.5427832579015086,0.3519434327494816,3.5836336395795687,-1.2874818471703546,2.1748392698901005
51.0,225.0,132.62808227539062,0.5479393208626762,1.4915125719109144,-4.040700792776991,-3.4299823092542527,-0.5848207046333247,-0.5427832578988211,0.3706601385839088,3.5836336395795687,-1.2874818471703546,2.1758899770064857
51.0,225.0,132.62808227539062,0.547893240534502,1.4915101155575186,-4.016602115314464,-3.4299850385750648,-0.5850544538520193,-0.542868027407921,0.3532251727814096,3.5836336395795687,-1.2874776621229187,2.174816816413067
51.0,225.0,132.62808227539062,0.5479452929074433,1.491512940693981,-4.0168287821850335,-3.429984982496617,-0.5976865291217942,-0.5427832577767248,0.3701307659505306,3.5836336395795687,-1.2604577640593833,2.174836722732591
51.0,225.0,132.62808227539062,0.5478950265838155,1.491512770167609,-4.018565007985094,-3.429984982496617,-0.5855074512728781,-0.5427832579015086,0.3527487862190276,3.5836336395795687,-1.2874808635451835,2.1748406629564485
51.0,225.0,132.62808227539062,0.547878504885672,1.4915126322271512,-4.013215937589671,-3.429916541685906,-0.5853959079524219,-0.5427832579015086,0.3720227595107219,3.5836336347399445,-1.2874814237295416,2.1765074249396017
51.0,225.0,132.62808227539062,0.5478783960350889,1.4915126322271512,-4.018712072817035,-3.42998471476643,-0.5853852880407711,-0.5427955023696167,0.3720227595107219,3.5836336395795687,-1.2874814237295416,2.1748392698901005
51.0,225.0,132.62808227539062,0.5478779684829103,1.4915100582119574,-4.016556178241865,-3.429931259189822,-0.5853959079524219,-0.5427832579015086,0.3699401538168486,3.5836336395795687,-1.2874814237295416,2.1748339715722382
51.0,225.0,132.62808227539062,0.5478951812995236,1.4915126322271512,-4.018636021066609,-3.429984982496617,-0.5848779094820971,-0.5427832579015086,0.3712595339174763,3.5836336395795687,-1.2874791234900465,2.1748392698901005
51.0,225.0,132.62808227539062,0.5479438126126436,1.4915126322271512,-4.018565007985094,-3.429797029743666,-0.5975194006387133,-0.5427832579015086,0.3701326336091446,3.583631041414792,-1.2883035972994583,2.1748437404861187
51.0,225.0,132.62808227539062,0.5479393208626762,1.491512578734157,-4.040700792776991,-3.429984855905507,-0.5848207046333247,-0.542783257901575,0.370127098797437,3.5836336395795687,-1.2874801288957012,2.1758899770064857
51.0,225.0,132.62808227539062,0.5478779529403618,1.4915101047517092,-4.016563736223173,-3.429931259189822,-0.5853959079524219,-0.5427832579015086,0.3720227595107219,3.5836336395795687,-1.2874814237295416,2.174834069959463
51.0,225.0,132.62808227539062,0.5479371659054912,1.4915126739937374,-4.018641735686635,-3.429984982496617,-0.584232498697843,-0.5427832579015086,0.3698630959681335,3.5836336395795687,-1.2874539373312437,2.1750736287977723
51.0,225.0,132.62808227539062,0.5478751027957012,1.4915089918222544,-4.017770283732102,-3.43453688910242,-0.5854467428281206,-0.5427832578927154,0.353354811350459,3.583633584550882,-1.2874814327830302,2.1748304111604275
51.0,225.0,132.62808227539062,0.5479443307532503,1.4915089129393202,-4.020530599517375,-3.434557513050347,-0.5873265663083467,-0.542783257773751,0.3700575018888117,3.5836336377119413,-1.287454917965219,2.175238943496297
51.0,225.0,132.62808227539062,0.5478941344508481,1.4915097797880998,-4.018565007985094,-3.429984982496617,-0.5848787132213917,-0.5427832579015086,0.3698901070604473,3.5836336395795687,-1.2862456100693846,2.175915211709121
51.0,226.0,132.62808227539062,0.5478948821106959,1.4915126322271512,-4.018565007985094,-3.429984982496617,-0.5849024594135139,-0.5427832579015086,0.3701326336091446,3.5836336395795687,-1.287454054547188,2.1748392698901005
51.0,226.0,132.62808227539062,0.5478948821106959,1.4915126322271512,-4.018565007985094,-3.429984982496617,-0.5849024594135139,-0.5427832579015086,0.37059461730126,3.5836336395795687,-1.2874818471703546,2.1748392698901005
51.0,226.0,132.62808227539062,0.5478948821106959,1.4915125369362046,-4.018565007985094,-3.429984982496617,-0.585550776313577,-0.5279721935780763,0.3535768109007595,3.5836336395795687,-1.287454054547188,2.174267131087437
51.0,226.0,132.62808227539062,0.5479371659054912,1.49151008825493,-4.0168287821850335,-3.429984982496617,-0.5976865291217942,-0.5427832579015086,0.3698882394018333,3.5836336395795687,-1.2874808364368373,2.1750736287977723
51.0,226.0,132.62808227539062,0.5478783960350889,1.4915126322271512,-4.013231974046128,-3.429931259189822,-0.5853959079524219,-0.5427832579015086,0.3720227595107219,3.5836336395795687,-1.2874814237295416,2.1748392698901005
51.0,226.0,132.62808227539062,0.5478948821106959,1.4915126322271512,-4.018565007985094,-3.429984982496617,-0.5849038134755663,-0.5427832579015086,0.3530703330578133,3.5836336395795687,-1.2874818471703546,2.1748392698901005
51.0,226.0,132.62808227539062,0.5478948821106959,1.4915126322271512,-4.016336684172381,-3.434426143155825,-0.5849038134755663,-0.542783257782956,0.3530703330578133,3.583633585422957,-1.2873613426977333,2.1764212863434835
51.0,226.0,132.62808227539062,0.5478948821106959,1.4915126322271512,-4.018565007985094,-3.429984982496617,-0.5849024594135139,-0.5427832579015086,0.3701326336091446,3.5836336395795687,-1.287454054547188,2.1748392698901005
51.0,226.0,132.62808227539062,0.5478783960350889,1.4915126322271512,-4.013231974046128,-3.429931259189822,-0.5853959079524219,-0.5427832579015086,0.3720227595107219,3.5836336395795687,-1.2874814237295416,2.1748392698901005
51.0,226.0,132.62808227539062,0.5478948821106959,1.4915126322271512,-4.013322040356646,-3.4299823092542527,-0.5849024594135139,-0.5427832579015086,0.37059461730126,3.5836336395795687,-1.2874818471703546,2.1748392698901005
51.0,226.0,132.62808227539062,0.5479442460587678,1.49151008825493,-4.0168287821850335,-3.429984982496617,-0.5976865291217942,-0.5427832577767248,0.3698882394018333,3.5836336395795687,-1.2592496340822534,2.1759126645516123
51.0,226.0,132.62808227539062,0.547937616529104,1.49151008825493,-4.0168287821850335,-3.429984982496617,-0.5976865291217942,-0.5427832578991345,0.3698882394018333,3.5836336395795687,-1.2866427087170385,2.1759126645516123
51.0,226.0,132.62808227539062,0.5479371659054912,1.4915106906779072,-4.0168287821850335,-3.4349824467745527,-0.5955271495185809,-0.5427832579015086,0.3698882394018333,3.5703208031567057,-1.2854039180628944,2.1750736287977723
51.0,226.0,132.62808227539062,0.5478948821106959,1.4915126322271512,-4.018565007985094,-3.429984982496617,-0.5849038134755663,-0.5427832579015086,0.3530703330578133,3.5836336395795687,-1.2874818471703546,2.1748392698901005
51.0,226.0,132.62808227539062,0.5478948821106959,1.4915121369401692,-4.017412237295675,-3.429984982496617,-0.5860867837023092,-0.5279721935780763,0.3535768109007595,3.5836336395795687,-1.2873476441941856,2.174267131087437
51.0,226.0,132.62808227539062,0.5478779684829103,1.4915100582119574,-4.016556178241865,-3.429931259189822,-0.5853959079524219,-0.5427832579015086,0.3699401538168486,3.5836336395795687,-1.2874814237295416,2.1748339715722382
51.0,226.0,132.62808227539062,0.5478948821106959,1.491510115505245,-4.018565007985094,-3.429984982496617,-0.585550776313577,-0.5279721935780763,0.3532251727814096,3.5836336395795687,-1.287454054547188,2.174196968619919
51.0,226.0,132.62808227539062,0.5478783960350889,1.4915126322271512,-4.0115682631224345,-3.429931259189822,-0.5853959079524219,-0.5427832577720734,0.3720227595107219,3.5836336401050257,-1.2874814237295416,2.1748392698901005
51.0,226.0,132.62808227539062,0.5478777894201731,1.4915126322271512,-4.013098196013769,-3.4348979588315944,-0.5853959079524219,-0.5427832579015086,0.3720227595107219,3.5836336395795687,-1.2853275760651472,2.175045059501364
51.0,226.0,132.62808227539062,0.5478951812995236,1.4915126322271512,-4.018565007985094,-3.429984982496617,-0.5848787132213917,-0.5427832579015086,0.3701326336091446,3.5836336395795687,-1.2874537400465145,2.1748392698901005
51.0,226.0,132.62808227539062,0.5479371659054912,1.49151008825493,-4.0168287821850335,-3.429984982496617,-0.5976865291217942,-0.542783257787162,0.3672821324565222,3.5836336395795687,-1.2874808364368373,2.1750736287977723
51.0,226.0,132.62808227539062,0.5478948821106959,1.4915126322271512,-4.016336684172381,-3.434426143155825,-0.5849038134755663,-0.542783257782956,0.3530703330578133,3.583633585422957,-1.287482651840964,2.176455547875888
51.0,226.0,132.62808227539062,0.5479371659054912,1.4915106906779072,-4.01855497464395,-3.4349824467745527,-0.5955271495185809,-0.5427832579015086,0.3698627616320903,3.57050069664492,-1.2873897371495855,2.1750736287977723
51.0,226.0,132.62808227539062,0.5478948821106959,1.4915126322271512,-4.018565007985094,-3.429984982496617,-0.5849038134755663,-0.5417862759426133,0.3530854246187211,3.5836336395795687,-1.2874818471703546,2.1748678712457337
51.0,226.0,132.62808227539062,0.5478783960350889,1.4915126322271512,-4.0115682631224345,-3.429931259189822,-0.5853959079524219,-0.5427832577720734,0.3720227595107219,3.5836336401050257,-1.2874814237295416,2.1748392698901005
51.0,226.0,132.62808227539062,0.5478783960350889,1.4915126322271512,-4.013231974046128,-3.429931259189822,-0.5853959079524219,-0.5427832579015086,0.3720227595107219,3.5836336395795687,-1.2874814237295416,2.1748392698901005
51.0,226.0,132.62808227539062,0.5478950984988996,1.4915047339481498,-4.018565007985094,-3.429984982496617,-0.5834720788807439,-0.5427832579015086,0.37059461730126,3.5836336395795687,-1.2874818471703546,2.1748392698901005
51.0,226.0,132.62808227539062,0.5478951812995236,1.4915126322271512,-4.018565007985094,-3.429984982496617,-0.5848779094820971,-0.5427832579015086,0.3712595339174763,3.5836336395795687,-1.2874537400465145,2.1748392698901005
51.0,226.0,132.62808227539062,0.5478931777771237,1.4915101485711668,-4.0168287821850335,-3.429984982496617,-0.5977682839019836,-0.542783257901822,0.3698227181191845,3.5836336395795687,-1.2866427087170385,2.1748619574352266
51.0,226.0,132.62808227539062,0.5479449431421275,1.4915089129393202,-4.017770283732102,-3.43453688910242,-0.5854467428281206,-0.542783257773751,0.353354811350459,3.583633584550882,-1.287480815620589,2.17524651555813
51.0,226.0,132.62808227539062,0.5478951812995236,1.4915126322271512,-4.016838815526177,-3.429984982496617,-0.5848787132213917,-0.5427832579015086,0.3701581113788876,3.583453746091355,-1.285467920959823,2.1748392698901005
51.0,226.0,132.62808227539062,0.5478783960350889,1.4915126322271512,-4.013231974046128,-3.429931259189822,-0.5853959079524219,-0.5427832579015086,0.3720227595107219,3.5836336395795687,-1.2874814237295416,2.1748392698901005
51.0,226.0,132.62808227539062,0.5479383768927283,1.4915101155575186,-4.016829557674948,-3.429984982496617,-0.5850526222642735,-0.5279721935780763,0.3532251727814096,3.5836336395795687,-1.2874550421735926,2.17506624229969
51.0,226.0,132.62808227539062,0.5479438126126436,1.4915126322271512,-4.018565007985094,-3.429984982496617,-0.5975194006387133,-0.5427832579015086,0.3701326336091446,3.5836336395795687,-1.2883035972994583,2.1748392698901005
51.0,226.0,132.62808227539062,0.5478948821106959,1.4915126322271512,-4.018565007985094,-3.429984982496617,-0.5849046172148611,-0.5427832579015086,0.3519434327494816,3.5836336395795687,-1.2874818471703546,2.1748392698901005
51.0,226.0,132.62808227539062,0.5479393208626762,1.4915125719109144,-4.040700792776991,-3.4299823092542527,-0.5848207046333247,-0.5427832578988211,0.3706601385839088,3.5836336395795687,-1.2874818471703546,2.1758899770064857
51.0,226.0,132.62808227539062,0.547893240534502,1.4915101155575186,-4.016602115314464,-3.4299850385750648,-0.5850544538520193,-0.542868027407921,0.3532251727814096,3.5836336395795687,-1.2874776621229187,2.174816816413067
51.0,226.0,132.62808227539062,0.5479452929074433,1.491512940693981,-4.0168287821850335,-3.429984982496617,-0.5976865291217942,-0.5427832577767248,0.3701307659505306,3.5836336395795687,-1.2604577640593833,2.174836722732591
51.0,226.0,132.62808227539062,0.5478950265838155,1.491512770167609,-4.018565007985094,-3.429984982496617,-0.5855074512728781,-0.5427832579015086,0.3527487862190276,3.5836336395795687,-1.2874808635451835,2.1748406629564485
51.0,226.0,132.62808227539062,0.547878504885672,1.4915126322271512,-4.013215937589671,-3.429916541685906,-0.5853959079524219,-0.5427832579015086,0.3720227595107219,3.5836336347399445,-1.2874814237295416,2.1765074249396017
51.0,226.0,132.62808227539062,0.5478783960350889,1.4915126322271512,-4.018712072817035,-3.42998471476643,-0.5853852880407711,-0.5427955023696167,0.3720227595107219,3.5836336395795687,-1.2874814237295416,2.1748392698901005
51.0,226.0,132.62808227539062,0.5478779684829103,1.4915100582119574,-4.016556178241865,-3.429931259189822,-0.5853959079524219,-0.5427832579015086,0.3699401538168486,3.5836336395795687,-1.2874814237295416,2.1748339715722382
51.0,226.0,132.62808227539062,0.5478951812995236,1.4915126322271512,-4.018636021066609,-3.429984982496617,-0.5848779094820971,-0.5427832579015086,0.3712595339174763,3.5836336395795687,-1.2874791234900465,2.1748392698901005
51.0,226.0,132.62808227539062,0.5479438126126436,1.4915126322271512,-4.018565007985094,-3.429797029743666,-0.5975194006387133,-0.5427832579015086,0.3701326336091446,3.583631041414792,-1.2883035972994583,2.1748437404861187
51.0,226.0,132.62808227539062,0.5479393208626762,1.491512578734157,-4.040700792776991,-3.429984855905507,-0.5848207046333247,-0.542783257901575,0.370127098797437,3.5836336395795687,-1.2874801288957012,2.1758899770064857
51.0,226.0,132.62808227539062,0.5478779529403618,1.4915101047517092,-4.016563736223173,-3.429931259189822,-0.5853959079524219,-0.5427832579015086,0.3720227595107219,3.5836336395795687,-1.2874814237295416,2.174834069959463
51.0,226.0,132.62808227539062,0.5479371659054912,1.4915126739937374,-4.018641735686635,-3.429984982496617,-0.584232498697843,-0.5427832579015086,0.3698630959681335,3.5836336395795687,-1.2874539373312437,2.1750736287977723
51.0,226.0,132.62808227539062,0.5478751027957012,1.4915089918222544,-4.017770283732102,-3.43453688910242,-0.5854467428281206,-0.5427832578927154,0.353354811350459,3.583633584550882,-1.2874814327830302,2.1748304111604275
51.0,226.0,132.62808227539062,0.5479443307532503,1.4915089129393202,-4.020530599517375,-3.434557513050347,-0.5873265663083467,-0.542783257773751,0.3700575018888117,3.5836336377119413,-1.287454917965219,2.175238943496297
51.0,226.0,132.62808227539062,0.5478941344508481,1.4915097797880998,-4.018565007985094,-3.429984982496617,-0.5848787132213917,-0.5427832579015086,0.3698901070604473,3.5836336395795687,-1.2862456100693846,2.175915211709121
51.0,227.0,132.62808227539062,0.5478948821106959,1.4915126322271512,-4.018565007985094,-3.429984982496617,-0.5849024594135139,-0.5427832579015086,0.3701326336091446,3.5836336395795687,-1.287454054547188,2.1748392698901005
51.0,227.0,132.62808227539062,0.5478948821106959,1.4915126322271512,-4.018565007985094,-3.429984982496617,-0.5849024594135139,-0.5427832579015086,0.37059461730126,3.5836336395795687,-1.2874818471703546,2.1748392698901005
51.0,227.0,132.62808227539062,0.5478948821106959,1.4915125369362046,-4.018565007985094,-3.429984982496617,-0.585550776313577,-0.5279721935780763,0.3535768109007595,3.5836336395795687,-1.287454054547188,2.174267131087437
51.0,227.0,132.62808227539062,0.5479371659054912,1.49151008825493,-4.0168287821850335,-3.429984982496617,-0.5976865291217942,-0.5427832579015086,0.3698882394018333,3.5836336395795687,-1.2874808364368373,2.1750736287977723
51.0,227.0,132.62808227539062,0.5478783960350889,1.4915126322271512,-4.013231974046128,-3.429931259189822,-0.5853959079524219,-0.5427832579015086,0.3720227595107219,3.5836336395795687,-1.2874814237295416,2.1748392698901005
51.0,227.0,132.62808227539062,0.5478948821106959,1.4915126322271512,-4.018565007985094,-3.429984982496617,-0.5849038134755663,-0.5427832579015086,0.3530703330578133,3.5836336395795687,-1.2874818471703546,2.1748392698901005
51.0,227.0,132.62808227539062,0.5478948821106959,1.4915126322271512,-4.016336684172381,-3.434426143155825,-0.5849038134755663,-0.542783257782956,0.3530703330578133,3.583633585422957,-1.2873613426977333,2.1764212863434835
51.0,227.0,132.62808227539062,0.5478948821106959,1.4915126322271512,-4.018565007985094,-3.429984982496617,-0.5849024594135139,-0.5427832579015086,0.3701326336091446,3.5836336395795687,-1.287454054547188,2.1748392698901005
51.0,227.0,132.62808227539062,0.5478783960350889,1.4915126322271512,-4.013231974046128,-3.429931259189822,-0.5853959079524219,-0.5427832579015086,0.3720227595107219,3.5836336395795687,-1.2874814237295416,2.1748392698901005
51.0,227.0,132.62808227539062,0.5478948821106959,1.4915126322271512,-4.013322040356646,-3.4299823092542527,-0.5849024594135139,-0.5427832579015086,0.37059461730126,3.5836336395795687,-1.2874818471703546,2.1748392698901005
51.0,227.0,132.62808227539062,0.5479442460587678,1.49151008825493,-4.0168287821850335,-3.429984982496617,-0.5976865291217942,-0.5427832577767248,0.3698882394018333,3.5836336395795687,-1.2592496340822534,2.1759126645516123
51.0,227.0,132.62808227539062,0.547937616529104,1.49151008825493,-4.0168287821850335,-3.429984982496617,-0.5976865291217942,-0.5427832578991345,0.3698882394018333,3.5836336395795687,-1.2866427087170385,2.1759126645516123
51.0,227.0,132.62808227539062,0.5479371659054912,1.4915106906779072,-4.0168287821850335,-3.4349824467745527,-0.5955271495185809,-0.5427832579015086,0.3698882394018333,3.5703208031567057,-1.2854039180628944,2.1750736287977723
51.0,227.0,132.62808227539062,0.5478948821106959,1.4915126322271512,-4.018565007985094,-3.429984982496617,-0.5849038134755663,-0.5427832579015086,0.3530703330578133,3.5836336395795687,-1.2874818471703546,2.1748392698901005
51.0,227.0,132.62808227539062,0.5478948821106959,1.4915121369401692,-4.017412237295675,-3.429984982496617,-0.5860867837023092,-0.5279721935780763,0.3535768109007595,3.5836336395795687,-1.2873476441941856,2.174267131087437
51.0,227.0,132.62808227539062,0.5478779684829103,1.4915100582119574,-4.016556178241865,-3.429931259189822,-0.5853959079524219,-0.5427832579015086,0.3699401538168486,3.5836336395795687,-1.2874814237295416,2.1748339715722382
51.0,227.0,132.62808227539062,0.5478948821106959,1.491510115505245,-4.018565007985094,-3.429984982496617,-0.585550776313577,-0.5279721935780763,0.3532251727814096,3.5836336395795687,-1.287454054547188,2.174196968619919
51.0,227.0,132.62808227539062,0.5478783960350889,1.4915126322271512,-4.0115682631224345,-3.429931259189822,-0.5853959079524219,-0.5427832577720734,0.3720227595107219,3.5836336401050257,-1.2874814237295416,2.1748392698901005
51.0,227.0,132.62808227539062,0.5478777894201731,1.4915126322271512,-4.013098196013769,-3.4348979588315944,-0.5853959079524219,-0.5427832579015086,0.3720227595107219,3.5836336395795687,-1.2853275760651472,2.175045059501364
51.0,227.0,132.62808227539062,0.5478951812995236,1.4915126322271512,-4.018565007985094,-3.429984982496617,-0.5848787132213917,-0.5427832579015086,0.3701326336091446,3.5836336395795687,-1.2874537400465145,2.1748392698901005
51.0,227.0,132.62808227539062,0.5479371659054912,1.49151008825493,-4.0168287821850335,-3.429984982496617,-0.5976865291217942,-0.542783257787162,0.3672821324565222,3.5836336395795687,-1.2874808364368373,2.1750736287977723
51.0,227.0,132.62808227539062,0.5478948821106959,1.4915126322271512,-4.016336684172381,-3.434426143155825,-0.5849038134755663,-0.542783257782956,0.3530703330578133,3.583633585422957,-1.287482651840964,2.176455547875888
51.0,227.0,132.62808227539062,0.5479371659054912,1.4915106906779072,-4.01855497464395,-3.4349824467745527,-0.5955271495185809,-0.5427832579015086,0.3698627616320903,3.57050069664492,-1.2873897371495855,2.1750736287977723
51.0,227.0,132.62808227539062,0.5478948821106959,1.4915126322271512,-4.018565007985094,-3.429984982496617,-0.5849038134755663,-0.5417862759426133,0.3530854246187211,3.5836336395795687,-1.2874818471703546,2.1748678712457337
51.0,227.0,132.62808227539062,0.5478783960350889,1.4915126322271512,-4.0115682631224345,-3.429931259189822,-0.5853959079524219,-0.5427832577720734,0.3720227595107219,3.5836336401050257,-1.2874814237295416,2.1748392698901005
51.0,227.0,132.62808227539062,0.5478783960350889,1.4915126322271512,-4.013231974046128,-3.429931259189822,-0.5853959079524219,-0.5427832579015086,0.3720227595107219,3.5836336395795687,-1.2874814237295416,2.1748392698901005
51.0,227.0,132.62808227539062,0.5478950984988996,1.4915047339481498,-4.018565007985094,-3.429984982496617,-0.5834720788807439,-0.5427832579015086,0.37059461730126,3.5836336395795687,-1.2874818471703546,2.1748392698901005
51.0,227.0,132.62808227539062,0.5478951812995236,1.4915126322271512,-4.018565007985094,-3.429984982496617,-0.5848779094820971,-0.5427832579015086,0.3712595339174763,3.5836336395795687,-1.2874537400465145,2.1748392698901005
51.0,227.0,132.62808227539062,0.5478931777771237,1.4915101485711668,-4.0168287821850335,-3.429984982496617,-0.5977682839019836,-0.542783257901822,0.3698227181191845,3.5836336395795687,-1.2866427087170385,2.1748619574352266
51.0,227.0,132.62808227539062,0.5479449431421275,1.4915089129393202,-4.017770283732102,-3.43453688910242,-0.5854467428281206,-0.542783257773751,0.353354811350459,3.583633584550882,-1.287480815620589,2.17524651555813
51.0,227.0,132.62808227539062,0.5478951812995236,1.4915126322271512,-4.016838815526177,-3.429984982496617,-0.5848787132213917,-0.5427832579015086,0.3701581113788876,3.583453746091355,-1.285467920959823,2.1748392698901005
51.0,227.0,132.62808227539062,0.5478783960350889,1.4915126322271512,-4.013231974046128,-3.429931259189822,-0.5853959079524219,-0.5427832579015086,0.3720227595107219,3.5836336395795687,-1.2874814237295416,2.1748392698901005
51.0,227.0,132.62808227539062,0.5479383768927283,1.4915101155575186,-4.016829557674948,-3.429984982496617,-0.5850526222642735,-0.5279721935780763,0.3532251727814096,3.5836336395795687,-1.2874550421735926,2.17506624229969
51.0,227.0,132.62808227539062,0.5479438126126436,1.4915126322271512,-4.018565007985094,-3.429984982496617,-0.5975194006387133,-0.5427832579015086,0.3701326336091446,3.5836336395795687,-1.2883035972994583,2.1748392698901005
51.0,227.0,132.62808227539062,0.5478948821106959,1.4915126322271512,-4.018565007985094,-3.429984982496617,-0.5849046172148611,-0.5427832579015086,0.3519434327494816,3.5836336395795687,-1.2874818471703546,2.1748392698901005
51.0,227.0,132.62808227539062,0.5479393208626762,1.4915125719109144,-4.040700792776991,-3.4299823092542527,-0.5848207046333247,-0.5427832578988211,0.3706601385839088,3.5836336395795687,-1.2874818471703546,2.1758899770064857
51.0,227.0,132.62808227539062,0.547893240534502,1.4915101155575186,-4.016602115314464,-3.4299850385750648,-0.5850544538520193,-0.542868027407921,0.3532251727814096,3.5836336395795687,-1.2874776621229187,2.174816816413067
51.0,227.0,132.62808227539062,0.5479452929074433,1.491512940693981,-4.0168287821850335,-3.429984982496617,-0.5976865291217942,-0.5427832577767248,0.3701307659505306,3.5836336395795687,-1.2604577640593833,2.174836722732591
51.0,227.0,132.62808227539062,0.5478950265838155,1.491512770167609,-4.018565007985094,-3.429984982496617,-0.5855074512728781,-0.5427832579015086,0.3527487862190276,3.5836336395795687,-1.2874808635451835,2.1748406629564485
51.0,227.0,132.62808227539062,0.547878504885672,1.4915126322271512,-4.013215937589671,-3.429916541685906,-0.5853959079524219,-0.5427832579015086,0.3720227595107219,3.5836336347399445,-1.2874814237295416,2.1765074249396017
51.0,227.0,132.62808227539062,0.5478783960350889,1.4915126322271512,-4.018712072817035,-3.42998471476643,-0.5853852880407711,-0.5427955023696167,0.3720227595107219,3.5836336395795687,-1.2874814237295416,2.1748392698901005
51.0,227.0,132.62808227539062,0.5478779684829103,1.4915100582119574,-4.016556178241865,-3.429931259189822,-0.5853959079524219,-0.5427832579015086,0.3699401538168486,3.5836336395795687,-1.2874814237295416,2.1748339715722382
51.0,227.0,132.62808227539062,0.5478951812995236,1.4915126322271512,-4.018636021066609,-3.429984982496617,-0.5848779094820971,-0.5427832579015086,0.3712595339174763,3.5836336395795687,-1.2874791234900465,2.1748392698901005
51.0,227.0,132.62808227539062,0.5479438126126436,1.4915126322271512,-4.018565007985094,-3.429797029743666,-0.5975194006387133,-0.5427832579015086,0.3701326336091446,3.583631041414792,-1.2883035972994583,2.1748437404861187
51.0,227.0,132.62808227539062,0.5479393208626762,1.491512578734157,-4.040700792776991,-3.429984855905507,-0.5848207046333247,-0.542783257901575,0.370127098797437,3.5836336395795687,-1.2874801288957012,2.1758899770064857
51.0,227.0,132.62808227539062,0.5478779529403618,1.4915101047517092,-4.016563736223173,-3.429931259189822,-0.5853959079524219,-0.5427832579015086,0.3720227595107219,3.5836336395795687,-1.2874814237295416,2.174834069959463
51.0,227.0,132.62808227539062,0.5479371659054912,1.4915126739937374,-4.018641735686635,-3.429984982496617,-0.584232498697843,-0.5427832579015086,0.3698630959681335,3.5836336395795687,-1.2874539373312437,2.1750736287977723
51.0,227.0,132.62808227539062,0.5478751027957012,1.4915089918222544,-4.017770283732102,-3.43453688910242,-0.5854467428281206,-0.5427832578927154,0.353354811350459,3.583633584550882,-1.2874814327830302,2.1748304111604275
51.0,227.0,132.62808227539062,0.5479443307532503,1.4915089129393202,-4.020530599517375,-3.434557513050347,-0.5873265663083467,-0.542783257773751,0.3700575018888117,3.5836336377119413,-1.287454917965219,2.175238943496297
51.0,227.0,132.62808227539062,0.5478941344508481,1.4915097797880998,-4.018565007985094,-3.429984982496617,-0.5848787132213917,-0.5427832579015086,0.3698901070604473,3.5836336395795687,-1.2862456100693846,2.175915211709121
51.0,228.0,132.62808227539062,0.5478948821106959,1.4915126322271512,-4.018565007985094,-3.429984982496617,-0.5849024594135139,-0.5427832579015086,0.3701326336091446,3.5836336395795687,-1.287454054547188,2.1748392698901005
51.0,228.0,132.62808227539062,0.5478948821106959,1.4915126322271512,-4.018565007985094,-3.429984982496617,-0.5849024594135139,-0.5427832579015086,0.37059461730126,3.5836336395795687,-1.2874818471703546,2.1748392698901005
51.0,228.0,132.62808227539062,0.5478948821106959,1.4915125369362046,-4.018565007985094,-3.429984982496617,-0.585550776313577,-0.5279721935780763,0.3535768109007595,3.5836336395795687,-1.287454054547188,2.174267131087437
51.0,228.0,132.62808227539062,0.5479371659054912,1.49151008825493,-4.0168287821850335,-3.429984982496617,-0.5976865291217942,-0.5427832579015086,0.3698882394018333,3.5836336395795687,-1.2874808364368373,2.1750736287977723
51.0,228.0,132.62808227539062,0.5478783960350889,1.4915126322271512,-4.013231974046128,-3.429931259189822,-0.5853959079524219,-0.5427832579015086,0.3720227595107219,3.5836336395795687,-1.2874814237295416,2.1748392698901005
51.0,228.0,132.62808227539062,0.5478948821106959,1.4915126322271512,-4.018565007985094,-3.429984982496617,-0.5849038134755663,-0.5427832579015086,0.3530703330578133,3.5836336395795687,-1.2874818471703546,2.1748392698901005
51.0,228.0,132.62808227539062,0.5478948821106959,1.4915126322271512,-4.016336684172381,-3.434426143155825,-0.5849038134755663,-0.542783257782956,0.3530703330578133,3.583633585422957,-1.2873613426977333,2.1764212863434835
51.0,228.0,132.62808227539062,0.5478948821106959,1.4915126322271512,-4.018565007985094,-3.429984982496617,-0.5849024594135139,-0.5427832579015086,0.3701326336091446,3.5836336395795687,-1.287454054547188,2.1748392698901005
51.0,228.0,132.62808227539062,0.5478783960350889,1.4915126322271512,-4.013231974046128,-3.429931259189822,-0.5853959079524219,-0.5427832579015086,0.3720227595107219,3.5836336395795687,-1.2874814237295416,2.1748392698901005
51.0,228.0,132.62808227539062,0.5478948821106959,1.4915126322271512,-4.013322040356646,-3.4299823092542527,-0.5849024594135139,-0.5427832579015086,0.37059461730126,3.5836336395795687,-1.2874818471703546,2.1748392698901005
51.0,228.0,132.62808227539062,0.5479442460587678,1.49151008825493,-4.0168287821850335,-3.429984982496617,-0.5976865291217942,-0.5427832577767248,0.3698882394018333,3.5836336395795687,-1.2592496340822534,2.1759126645516123
51.0,228.0,132.62808227539062,0.547937616529104,1.49151008825493,-4.0168287821850335,-3.429984982496617,-0.5976865291217942,-0.5427832578991345,0.3698882394018333,3.5836336395795687,-1.2866427087170385,2.1759126645516123
51.0,228.0,132.62808227539062,0.5479371659054912,1.4915106906779072,-4.0168287821850335,-3.4349824467745527,-0.5955271495185809,-0.5427832579015086,0.3698882394018333,3.5703208031567057,-1.2854039180628944,2.1750736287977723
51.0,228.0,132.62808227539062,0.5478948821106959,1.4915126322271512,-4.018565007985094,-3.429984982496617,-0.5849038134755663,-0.5427832579015086,0.3530703330578133,3.5836336395795687,-1.2874818471703546,2.1748392698901005
51.0,228.0,132.62808227539062,0.5478948821106959,1.4915121369401692,-4.017412237295675,-3.429984982496617,-0.5860867837023092,-0.5279721935780763,0.3535768109007595,3.5836336395795687,-1.2873476441941856,2.174267131087437
51.0,228.0,132.62808227539062,0.5478779684829103,1.4915100582119574,-4.016556178241865,-3.429931259189822,-0.5853959079524219,-0.5427832579015086,0.3699401538168486,3.5836336395795687,-1.2874814237295416,2.1748339715722382
51.0,228.0,132.62808227539062,0.5478948821106959,1.491510115505245,-4.018565007985094,-3.429984982496617,-0.585550776313577,-0.5279721935780763,0.3532251727814096,3.5836336395795687,-1.287454054547188,2.174196968619919
51.0,228.0,132.62808227539062,0.5478783960350889,1.4915126322271512,-4.0115682631224345,-3.429931259189822,-0.5853959079524219,-0.5427832577720734,0.3720227595107219,3.5836336401050257,-1.2874814237295416,2.1748392698901005
51.0,228.0,132.62808227539062,0.5478777894201731,1.4915126322271512,-4.013098196013769,-3.4348979588315944,-0.5853959079524219,-0.5427832579015086,0.3720227595107219,3.5836336395795687,-1.2853275760651472,2.175045059501364
51.0,228.0,132.62808227539062,0.5478951812995236,1.4915126322271512,-4.018565007985094,-3.429984982496617,-0.5848787132213917,-0.5427832579015086,0.3701326336091446,3.5836336395795687,-1.2874537400465145,2.1748392698901005
51.0,228.0,132.62808227539062,0.5479371659054912,1.49151008825493,-4.0168287821850335,-3.429984982496617,-0.5976865291217942,-0.542783257787162,0.3672821324565222,3.5836336395795687,-1.2874808364368373,2.1750736287977723
51.0,228.0,132.62808227539062,0.5478948821106959,1.4915126322271512,-4.016336684172381,-3.434426143155825,-0.5849038134755663,-0.542783257782956,0.3530703330578133,3.583633585422957,-1.287482651840964,2.176455547875888
51.0,228.0,132.62808227539062,0.5479371659054912,1.4915106906779072,-4.01855497464395,-3.4349824467745527,-0.5955271495185809,-0.5427832579015086,0.3698627616320903,3.57050069664492,-1.2873897371495855,2.1750736287977723
51.0,228.0,132.62808227539062,0.5478948821106959,1.4915126322271512,-4.018565007985094,-3.429984982496617,-0.5849038134755663,-0.5417862759426133,0.3530854246187211,3.5836336395795687,-1.2874818471703546,2.1748678712457337
51.0,228.0,132.62808227539062,0.5478783960350889,1.4915126322271512,-4.0115682631224345,-3.429931259189822,-0.5853959079524219,-0.5427832577720734,0.3720227595107219,3.5836336401050257,-1.2874814237295416,2.1748392698901005
51.0,228.0,132.62808227539062,0.5478783960350889,1.4915126322271512,-4.013231974046128,-3.429931259189822,-0.5853959079524219,-0.5427832579015086,0.3720227595107219,3.5836336395795687,-1.2874814237295416,2.1748392698901005
51.0,228.0,132.62808227539062,0.5478950984988996,1.4915047339481498,-4.018565007985094,-3.429984982496617,-0.5834720788807439,-0.5427832579015086,0.37059461730126,3.5836336395795687,-1.2874818471703546,2.1748392698901005
51.0,228.0,132.62808227539062,0.5478951812995236,1.4915126322271512,-4.018565007985094,-3.429984982496617,-0.5848779094820971,-0.5427832579015086,0.3712595339174763,3.5836336395795687,-1.2874537400465145,2.1748392698901005
51.0,228.0,132.62808227539062,0.5478931777771237,1.4915101485711668,-4.0168287821850335,-3.429984982496617,-0.5977682839019836,-0.542783257901822,0.3698227181191845,3.5836336395795687,-1.2866427087170385,2.1748619574352266
51.0,228.0,132.62808227539062,0.5479449431421275,1.4915089129393202,-4.017770283732102,-3.43453688910242,-0.5854467428281206,-0.542783257773751,0.353354811350459,3.583633584550882,-1.287480815620589,2.17524651555813
51.0,228.0,132.62808227539062,0.5478951812995236,1.4915126322271512,-4.016838815526177,-3.429984982496617,-0.5848787132213917,-0.5427832579015086,0.3701581113788876,3.583453746091355,-1.285467920959823,2.1748392698901005
51.0,228.0,132.62808227539062,0.5478783960350889,1.4915126322271512,-4.013231974046128,-3.429931259189822,-0.5853959079524219,-0.5427832579015086,0.3720227595107219,3.5836336395795687,-1.2874814237295416,2.1748392698901005
51.0,228.0,132.62808227539062,0.5479383768927283,1.4915101155575186,-4.016829557674948,-3.429984982496617,-0.5850526222642735,-0.5279721935780763,0.3532251727814096,3.5836336395795687,-1.2874550421735926,2.17506624229969
51.0,228.0,132.62808227539062,0.5479438126126436,1.4915126322271512,-4.018565007985094,-3.429984982496617,-0.5975194006387133,-0.5427832579015086,0.3701326336091446,3.5836336395795687,-1.2883035972994583,2.1748392698901005
51.0,228.0,132.62808227539062,0.5478948821106959,1.4915126322271512,-4.018565007985094,-3.429984982496617,-0.5849046172148611,-0.5427832579015086,0.3519434327494816,3.5836336395795687,-1.2874818471703546,2.1748392698901005
51.0,228.0,132.62808227539062,0.5479393208626762,1.4915125719109144,-4.040700792776991,-3.4299823092542527,-0.5848207046333247,-0.5427832578988211,0.3706601385839088,3.5836336395795687,-1.2874818471703546,2.1758899770064857
51.0,228.0,132.62808227539062,0.547893240534502,1.4915101155575186,-4.016602115314464,-3.4299850385750648,-0.5850544538520193,-0.542868027407921,0.3532251727814096,3.5836336395795687,-1.2874776621229187,2.174816816413067
51.0,228.0,132.62808227539062,0.5479452929074433,1.491512940693981,-4.0168287821850335,-3.429984982496617,-0.5976865291217942,-0.5427832577767248,0.3701307659505306,3.5836336395795687,-1.2604577640593833,2.174836722732591
51.0,228.0,132.62808227539062,0.5478950265838155,1.491512770167609,-4.018565007985094,-3.429984982496617,-0.5855074512728781,-0.5427832579015086,0.3527487862190276,3.5836336395795687,-1.2874808635451835,2.1748406629564485
51.0,228.0,132.62808227539062,0.547878504885672,1.4915126322271512,-4.013215937589671,-3.429916541685906,-0.5853959079524219,-0.5427832579015086,0.3720227595107219,3.5836336347399445,-1.2874814237295416,2.1765074249396017
51.0,228.0,132.62808227539062,0.5478783960350889,1.4915126322271512,-4.018712072817035,-3.42998471476643,-0.5853852880407711,-0.5427955023696167,0.3720227595107219,3.5836336395795687,-1.2874814237295416,2.1748392698901005
51.0,228.0,132.62808227539062,0.5478779684829103,1.4915100582119574,-4.016556178241865,-3.429931259189822,-0.5853959079524219,-0.5427832579015086,0.3699401538168486,3.5836336395795687,-1.2874814237295416,2.1748339715722382
51.0,228.0,132.62808227539062,0.5478951812995236,1.4915126322271512,-4.018636021066609,-3.429984982496617,-0.5848779094820971,-0.5427832579015086,0.3712595339174763,3.5836336395795687,-1.2874791234900465,2.1748392698901005
51.0,228.0,132.62808227539062,0.5479438126126436,1.4915126322271512,-4.018565007985094,-3.429797029743666,-0.5975194006387133,-0.5427832579015086,0.3701326336091446,3.583631041414792,-1.2883035972994583,2.1748437404861187
51.0,228.0,132.62808227539062,0.5479393208626762,1.491512578734157,-4.040700792776991,-3.429984855905507,-0.5848207046333247,-0.542783257901575,0.370127098797437,3.5836336395795687,-1.2874801288957012,2.1758899770064857
51.0,228.0,132.62808227539062,0.5478779529403618,1.4915101047517092,-4.016563736223173,-3.429931259189822,-0.5853959079524219,-0.5427832579015086,0.3720227595107219,3.5836336395795687,-1.2874814237295416,2.174834069959463
51.0,228.0,132.62808227539062,0.5479371659054912,1.4915126739937374,-4.018641735686635,-3.429984982496617,-0.584232498697843,-0.5427832579015086,0.3698630959681335,3.5836336395795687,-1.2874539373312437,2.1750736287977723
51.0,228.0,132.62808227539062,0.5478751027957012,1.4915089918222544,-4.017770283732102,-3.43453688910242,-0.5854467428281206,-0.5427832578927154,0.353354811350459,3.583633584550882,-1.2874814327830302,2.1748304111604275
51.0,228.0,132.62808227539062,0.5479443307532503,1.4915089129393202,-4.020530599517375,-3.434557513050347,-0.5873265663083467,-0.542783257773751,0.3700575018888117,3.5836336377119413,-1.287454917965219,2.175238943496297
51.0,228.0,132.62808227539062,0.5478941344508481,1.4915097797880998,-4.018565007985094,-3.429984982496617,-0.5848787132213917,-0.5427832579015086,0.3698901070604473,3.5836336395795687,-1.2862456100693846,2.175915211709121
51.0,229.0,132.62808227539062,0.5478948821106959,1.4915126322271512,-4.018565007985094,-3.429984982496617,-0.5849024594135139,-0.5427832579015086,0.3701326336091446,3.5836336395795687,-1.287454054547188,2.1748392698901005
51.0,229.0,132.62808227539062,0.5478948821106959,1.4915126322271512,-4.018565007985094,-3.429984982496617,-0.5849024594135139,-0.5427832579015086,0.37059461730126,3.5836336395795687,-1.2874818471703546,2.1748392698901005
51.0,229.0,132.62808227539062,0.5478948821106959,1.4915125369362046,-4.018565007985094,-3.429984982496617,-0.585550776313577,-0.5279721935780763,0.3535768109007595,3.5836336395795687,-1.287454054547188,2.174267131087437
51.0,229.0,132.62808227539062,0.5479371659054912,1.49151008825493,-4.0168287821850335,-3.429984982496617,-0.5976865291217942,-0.5427832579015086,0.3698882394018333,3.5836336395795687,-1.2874808364368373,2.1750736287977723
51.0,229.0,132.62808227539062,0.5478783960350889,1.4915126322271512,-4.013231974046128,-3.429931259189822,-0.5853959079524219,-0.5427832579015086,0.3720227595107219,3.5836336395795687,-1.2874814237295416,2.1748392698901005
51.0,229.0,132.62808227539062,0.5478948821106959,1.4915126322271512,-4.018565007985094,-3.429984982496617,-0.5849038134755663,-0.5427832579015086,0.3530703330578133,3.5836336395795687,-1.2874818471703546,2.1748392698901005
51.0,229.0,132.62808227539062,0.5478948821106959,1.4915126322271512,-4.016336684172381,-3.434426143155825,-0.5849038134755663,-0.542783257782956,0.3530703330578133,3.583633585422957,-1.2873613426977333,2.1764212863434835
51.0,229.0,132.62808227539062,0.5478948821106959,1.4915126322271512,-4.018565007985094,-3.429984982496617,-0.5849024594135139,-0.5427832579015086,0.3701326336091446,3.5836336395795687,-1.287454054547188,2.1748392698901005
51.0,229.0,132.62808227539062,0.5478783960350889,1.4915126322271512,-4.013231974046128,-3.429931259189822,-0.5853959079524219,-0.5427832579015086,0.3720227595107219,3.5836336395795687,-1.2874814237295416,2.1748392698901005
51.0,229.0,132.62808227539062,0.5478948821106959,1.4915126322271512,-4.013322040356646,-3.4299823092542527,-0.5849024594135139,-0.5427832579015086,0.37059461730126,3.5836336395795687,-1.2874818471703546,2.1748392698901005
51.0,229.0,132.62808227539062,0.5479442460587678,1.49151008825493,-4.0168287821850335,-3.429984982496617,-0.5976865291217942,-0.5427832577767248,0.3698882394018333,3.5836336395795687,-1.2592496340822534,2.1759126645516123
51.0,229.0,132.62808227539062,0.547937616529104,1.49151008825493,-4.0168287821850335,-3.429984982496617,-0.5976865291217942,-0.5427832578991345,0.3698882394018333,3.5836336395795687,-1.2866427087170385,2.1759126645516123
51.0,229.0,132.62808227539062,0.5479371659054912,1.4915106906779072,-4.0168287821850335,-3.4349824467745527,-0.5955271495185809,-0.5427832579015086,0.3698882394018333,3.5703208031567057,-1.2854039180628944,2.1750736287977723
51.0,229.0,132.62808227539062,0.5478948821106959,1.4915126322271512,-4.018565007985094,-3.429984982496617,-0.5849038134755663,-0.5427832579015086,0.3530703330578133,3.5836336395795687,-1.2874818471703546,2.1748392698901005
51.0,229.0,132.62808227539062,0.5478948821106959,1.4915121369401692,-4.017412237295675,-3.429984982496617,-0.5860867837023092,-0.5279721935780763,0.3535768109007595,3.5836336395795687,-1.2873476441941856,2.174267131087437
51.0,229.0,132.62808227539062,0.5478779684829103,1.4915100582119574,-4.016556178241865,-3.429931259189822,-0.5853959079524219,-0.5427832579015086,0.3699401538168486,3.5836336395795687,-1.2874814237295416,2.1748339715722382
51.0,229.0,132.62808227539062,0.5478948821106959,1.491510115505245,-4.018565007985094,-3.429984982496617,-0.585550776313577,-0.5279721935780763,0.3532251727814096,3.5836336395795687,-1.287454054547188,2.174196968619919
51.0,229.0,132.62808227539062,0.5478783960350889,1.4915126322271512,-4.0115682631224345,-3.429931259189822,-0.5853959079524219,-0.5427832577720734,0.3720227595107219,3.5836336401050257,-1.2874814237295416,2.1748392698901005
51.0,229.0,132.62808227539062,0.5478777894201731,1.4915126322271512,-4.013098196013769,-3.4348979588315944,-0.5853959079524219,-0.5427832579015086,0.3720227595107219,3.5836336395795687,-1.2853275760651472,2.175045059501364
51.0,229.0,132.62808227539062,0.5478951812995236,1.4915126322271512,-4.018565007985094,-3.429984982496617,-0.5848787132213917,-0.5427832579015086,0.3701326336091446,3.5836336395795687,-1.2874537400465145,2.1748392698901005
51.0,229.0,132.62808227539062,0.5479371659054912,1.49151008825493,-4.0168287821850335,-3.429984982496617,-0.5976865291217942,-0.542783257787162,0.3672821324565222,3.5836336395795687,-1.2874808364368373,2.1750736287977723
51.0,229.0,132.62808227539062,0.5478948821106959,1.4915126322271512,-4.016336684172381,-3.434426143155825,-0.5849038134755663,-0.542783257782956,0.3530703330578133,3.583633585422957,-1.287482651840964,2.176455547875888
51.0,229.0,132.62808227539062,0.5479371659054912,1.4915106906779072,-4.01855497464395,-3.4349824467745527,-0.5955271495185809,-0.5427832579015086,0.3698627616320903,3.57050069664492,-1.2873897371495855,2.1750736287977723
51.0,229.0,132.62808227539062,0.5478948821106959,1.4915126322271512,-4.018565007985094,-3.429984982496617,-0.5849038134755663,-0.5417862759426133,0.3530854246187211,3.5836336395795687,-1.2874818471703546,2.1748678712457337
51.0,229.0,132.62808227539062,0.5478783960350889,1.4915126322271512,-4.0115682631224345,-3.429931259189822,-0.5853959079524219,-0.5427832577720734,0.3720227595107219,3.5836336401050257,-1.2874814237295416,2.1748392698901005
51.0,229.0,132.62808227539062,0.5478783960350889,1.4915126322271512,-4.013231974046128,-3.429931259189822,-0.5853959079524219,-0.5427832579015086,0.3720227595107219,3.5836336395795687,-1.2874814237295416,2.1748392698901005
51.0,229.0,132.62808227539062,0.5478950984988996,1.4915047339481498,-4.018565007985094,-3.429984982496617,-0.5834720788807439,-0.5427832579015086,0.37059461730126,3.5836336395795687,-1.2874818471703546,2.1748392698901005
51.0,229.0,132.62808227539062,0.5478951812995236,1.4915126322271512,-4.018565007985094,-3.429984982496617,-0.5848779094820971,-0.5427832579015086,0.3712595339174763,3.5836336395795687,-1.2874537400465145,2.1748392698901005
51.0,229.0,132.62808227539062,0.5478931777771237,1.4915101485711668,-4.0168287821850335,-3.429984982496617,-0.5977682839019836,-0.542783257901822,0.3698227181191845,3.5836336395795687,-1.2866427087170385,2.1748619574352266
51.0,229.0,132.62808227539062,0.5479449431421275,1.4915089129393202,-4.017770283732102,-3.43453688910242,-0.5854467428281206,-0.542783257773751,0.353354811350459,3.583633584550882,-1.287480815620589,2.17524651555813
51.0,229.0,132.62808227539062,0.5478951812995236,1.4915126322271512,-4.016838815526177,-3.429984982496617,-0.5848787132213917,-0.5427832579015086,0.3701581113788876,3.583453746091355,-1.285467920959823,2.1748392698901005
51.0,229.0,132.62808227539062,0.5478783960350889,1.4915126322271512,-4.013231974046128,-3.429931259189822,-0.5853959079524219,-0.5427832579015086,0.3720227595107219,3.5836336395795687,-1.2874814237295416,2.1748392698901005
51.0,229.0,132.62808227539062,0.5479383768927283,1.4915101155575186,-4.016829557674948,-3.429984982496617,-0.5850526222642735,-0.5279721935780763,0.3532251727814096,3.5836336395795687,-1.2874550421735926,2.17506624229969
51.0,229.0,132.62808227539062,0.5479438126126436,1.4915126322271512,-4.018565007985094,-3.429984982496617,-0.5975194006387133,-0.5427832579015086,0.3701326336091446,3.5836336395795687,-1.2883035972994583,2.1748392698901005
51.0,229.0,132.62808227539062,0.5478948821106959,1.4915126322271512,-4.018565007985094,-3.429984982496617,-0.5849046172148611,-0.5427832579015086,0.3519434327494816,3.5836336395795687,-1.2874818471703546,2.1748392698901005
51.0,229.0,132.62808227539062,0.5479393208626762,1.4915125719109144,-4.040700792776991,-3.4299823092542527,-0.5848207046333247,-0.5427832578988211,0.3706601385839088,3.5836336395795687,-1.2874818471703546,2.1758899770064857
51.0,229.0,132.62808227539062,0.547893240534502,1.4915101155575186,-4.016602115314464,-3.4299850385750648,-0.5850544538520193,-0.542868027407921,0.3532251727814096,3.5836336395795687,-1.2874776621229187,2.174816816413067
51.0,229.0,132.62808227539062,0.5479452929074433,1.491512940693981,-4.0168287821850335,-3.429984982496617,-0.5976865291217942,-0.5427832577767248,0.3701307659505306,3.5836336395795687,-1.2604577640593833,2.174836722732591
51.0,229.0,132.62808227539062,0.5478950265838155,1.491512770167609,-4.018565007985094,-3.429984982496617,-0.5855074512728781,-0.5427832579015086,0.3527487862190276,3.5836336395795687,-1.2874808635451835,2.1748406629564485
51.0,229.0,132.62808227539062,0.547878504885672,1.4915126322271512,-4.013215937589671,-3.429916541685906,-0.5853959079524219,-0.5427832579015086,0.3720227595107219,3.5836336347399445,-1.2874814237295416,2.1765074249396017
51.0,229.0,132.62808227539062,0.5478783960350889,1.4915126322271512,-4.018712072817035,-3.42998471476643,-0.5853852880407711,-0.5427955023696167,0.3720227595107219,3.5836336395795687,-1.2874814237295416,2.1748392698901005
51.0,229.0,132.62808227539062,0.5478779684829103,1.4915100582119574,-4.016556178241865,-3.429931259189822,-0.5853959079524219,-0.5427832579015086,0.3699401538168486,3.5836336395795687,-1.2874814237295416,2.1748339715722382
51.0,229.0,132.62808227539062,0.5478951812995236,1.4915126322271512,-4.018636021066609,-3.429984982496617,-0.5848779094820971,-0.5427832579015086,0.3712595339174763,3.5836336395795687,-1.2874791234900465,2.1748392698901005
51.0,229.0,132.62808227539062,0.5479438126126436,1.4915126322271512,-4.018565007985094,-3.429797029743666,-0.5975194006387133,-0.5427832579015086,0.3701326336091446,3.583631041414792,-1.2883035972994583,2.1748437404861187
51.0,229.0,132.62808227539062,0.5479393208626762,1.491512578734157,-4.040700792776991,-3.429984855905507,-0.5848207046333247,-0.542783257901575,0.370127098797437,3.5836336395795687,-1.2874801288957012,2.1758899770064857
51.0,229.0,132.62808227539062,0.5478779529403618,1.4915101047517092,-4.016563736223173,-3.429931259189822,-0.5853959079524219,-0.5427832579015086,0.3720227595107219,3.5836336395795687,-1.2874814237295416,2.174834069959463
51.0,229.0,132.62808227539062,0.5479371659054912,1.4915126739937374,-4.018641735686635,-3.429984982496617,-0.584232498697843,-0.5427832579015086,0.3698630959681335,3.5836336395795687,-1.2874539373312437,2.1750736287977723
51.0,229.0,132.62808227539062,0.5478751027957012,1.4915089918222544,-4.017770283732102,-3.43453688910242,-0.5854467428281206,-0.5427832578927154,0.353354811350459,3.583633584550882,-1.2874814327830302,2.1748304111604275
51.0,229.0,132.62808227539062,0.5479443307532503,1.4915089129393202,-4.020530599517375,-3.434557513050347,-0.5873265663083467,-0.542783257773751,0.3700575018888117,3.5836336377119413,-1.287454917965219,2.175238943496297
51.0,229.0,132.62808227539062,0.5478941344508481,1.4915097797880998,-4.018565007985094,-3.429984982496617,-0.5848787132213917,-0.5427832579015086,0.3698901070604473,3.5836336395795687,-1.2862456100693846,2.175915211709121
51.0,230.0,132.62808227539062,0.5478948821106959,1.4915126322271512,-4.018565007985094,-3.429984982496617,-0.5849024594135139,-0.5427832579015086,0.3701326336091446,3.5836336395795687,-1.287454054547188,2.1748392698901005
51.0,230.0,132.62808227539062,0.5478948821106959,1.4915126322271512,-4.018565007985094,-3.429984982496617,-0.5849024594135139,-0.5427832579015086,0.37059461730126,3.5836336395795687,-1.2874818471703546,2.1748392698901005
51.0,230.0,132.62808227539062,0.5478948821106959,1.4915125369362046,-4.018565007985094,-3.429984982496617,-0.585550776313577,-0.5279721935780763,0.3535768109007595,3.5836336395795687,-1.287454054547188,2.174267131087437
51.0,230.0,132.62808227539062,0.5479371659054912,1.49151008825493,-4.0168287821850335,-3.429984982496617,-0.5976865291217942,-0.5427832579015086,0.3698882394018333,3.5836336395795687,-1.2874808364368373,2.1750736287977723
51.0,230.0,132.62808227539062,0.5478783960350889,1.4915126322271512,-4.013231974046128,-3.429931259189822,-0.5853959079524219,-0.5427832579015086,0.3720227595107219,3.5836336395795687,-1.2874814237295416,2.1748392698901005
51.0,230.0,132.62808227539062,0.5478948821106959,1.4915126322271512,-4.018565007985094,-3.429984982496617,-0.5849038134755663,-0.5427832579015086,0.3530703330578133,3.5836336395795687,-1.2874818471703546,2.1748392698901005
51.0,230.0,132.62808227539062,0.5478948821106959,1.4915126322271512,-4.016336684172381,-3.434426143155825,-0.5849038134755663,-0.542783257782956,0.3530703330578133,3.583633585422957,-1.2873613426977333,2.1764212863434835
51.0,230.0,132.62808227539062,0.5478948821106959,1.4915126322271512,-4.018565007985094,-3.429984982496617,-0.5849024594135139,-0.5427832579015086,0.3701326336091446,3.5836336395795687,-1.287454054547188,2.1748392698901005
51.0,230.0,132.62808227539062,0.5478783960350889,1.4915126322271512,-4.013231974046128,-3.429931259189822,-0.5853959079524219,-0.5427832579015086,0.3720227595107219,3.5836336395795687,-1.2874814237295416,2.1748392698901005
51.0,230.0,132.62808227539062,0.5478948821106959,1.4915126322271512,-4.013322040356646,-3.4299823092542527,-0.5849024594135139,-0.5427832579015086,0.37059461730126,3.5836336395795687,-1.2874818471703546,2.1748392698901005
51.0,230.0,132.62808227539062,0.5479442460587678,1.49151008825493,-4.0168287821850335,-3.429984982496617,-0.5976865291217942,-0.5427832577767248,0.3698882394018333,3.5836336395795687,-1.2592496340822534,2.1759126645516123
51.0,230.0,132.62808227539062,0.547937616529104,1.49151008825493,-4.0168287821850335,-3.429984982496617,-0.5976865291217942,-0.5427832578991345,0.3698882394018333,3.5836336395795687,-1.2866427087170385,2.1759126645516123
51.0,230.0,132.62808227539062,0.5479371659054912,1.4915106906779072,-4.0168287821850335,-3.4349824467745527,-0.5955271495185809,-0.5427832579015086,0.3698882394018333,3.5703208031567057,-1.2854039180628944,2.1750736287977723
51.0,230.0,132.62808227539062,0.5478948821106959,1.4915126322271512,-4.018565007985094,-3.429984982496617,-0.5849038134755663,-0.5427832579015086,0.3530703330578133,3.5836336395795687,-1.2874818471703546,2.1748392698901005
51.0,230.0,132.62808227539062,0.5478948821106959,1.4915121369401692,-4.017412237295675,-3.429984982496617,-0.5860867837023092,-0.5279721935780763,0.3535768109007595,3.5836336395795687,-1.2873476441941856,2.174267131087437
51.0,230.0,132.62808227539062,0.5478779684829103,1.4915100582119574,-4.016556178241865,-3.429931259189822,-0.5853959079524219,-0.5427832579015086,0.3699401538168486,3.5836336395795687,-1.2874814237295416,2.1748339715722382
51.0,230.0,132.62808227539062,0.5478948821106959,1.491510115505245,-4.018565007985094,-3.429984982496617,-0.585550776313577,-0.5279721935780763,0.3532251727814096,3.5836336395795687,-1.287454054547188,2.174196968619919
51.0,230.0,132.62808227539062,0.5478783960350889,1.4915126322271512,-4.0115682631224345,-3.429931259189822,-0.5853959079524219,-0.5427832577720734,0.3720227595107219,3.5836336401050257,-1.2874814237295416,2.1748392698901005
51.0,230.0,132.62808227539062,0.5478777894201731,1.4915126322271512,-4.013098196013769,-3.4348979588315944,-0.5853959079524219,-0.5427832579015086,0.3720227595107219,3.5836336395795687,-1.2853275760651472,2.175045059501364
51.0,230.0,132.62808227539062,0.5478951812995236,1.4915126322271512,-4.018565007985094,-3.429984982496617,-0.5848787132213917,-0.5427832579015086,0.3701326336091446,3.5836336395795687,-1.2874537400465145,2.1748392698901005
51.0,230.0,132.62808227539062,0.5479371659054912,1.49151008825493,-4.0168287821850335,-3.429984982496617,-0.5976865291217942,-0.542783257787162,0.3672821324565222,3.5836336395795687,-1.2874808364368373,2.1750736287977723
51.0,230.0,132.62808227539062,0.5478948821106959,1.4915126322271512,-4.016336684172381,-3.434426143155825,-0.5849038134755663,-0.542783257782956,0.3530703330578133,3.583633585422957,-1.287482651840964,2.176455547875888
51.0,230.0,132.62808227539062,0.5479371659054912,1.4915106906779072,-4.01855497464395,-3.4349824467745527,-0.5955271495185809,-0.5427832579015086,0.3698627616320903,3.57050069664492,-1.2873897371495855,2.1750736287977723
51.0,230.0,132.62808227539062,0.5478948821106959,1.4915126322271512,-4.018565007985094,-3.429984982496617,-0.5849038134755663,-0.5417862759426133,0.3530854246187211,3.5836336395795687,-1.2874818471703546,2.1748678712457337
51.0,230.0,132.62808227539062,0.5478783960350889,1.4915126322271512,-4.0115682631224345,-3.429931259189822,-0.5853959079524219,-0.5427832577720734,0.3720227595107219,3.5836336401050257,-1.2874814237295416,2.1748392698901005
51.0,230.0,132.62808227539062,0.5478783960350889,1.4915126322271512,-4.013231974046128,-3.429931259189822,-0.5853959079524219,-0.5427832579015086,0.3720227595107219,3.5836336395795687,-1.2874814237295416,2.1748392698901005
51.0,230.0,132.62808227539062,0.5478950984988996,1.4915047339481498,-4.018565007985094,-3.429984982496617,-0.5834720788807439,-0.5427832579015086,0.37059461730126,3.5836336395795687,-1.2874818471703546,2.1748392698901005
51.0,230.0,132.62808227539062,0.5478951812995236,1.4915126322271512,-4.018565007985094,-3.429984982496617,-0.5848779094820971,-0.5427832579015086,0.3712595339174763,3.5836336395795687,-1.2874537400465145,2.1748392698901005
51.0,230.0,132.62808227539062,0.5478931777771237,1.4915101485711668,-4.0168287821850335,-3.429984982496617,-0.5977682839019836,-0.542783257901822,0.3698227181191845,3.5836336395795687,-1.2866427087170385,2.1748619574352266
51.0,230.0,132.62808227539062,0.5479449431421275,1.4915089129393202,-4.017770283732102,-3.43453688910242,-0.5854467428281206,-0.542783257773751,0.353354811350459,3.583633584550882,-1.287480815620589,2.17524651555813
51.0,230.0,132.62808227539062,0.5478951812995236,1.4915126322271512,-4.016838815526177,-3.429984982496617,-0.5848787132213917,-0.5427832579015086,0.3701581113788876,3.583453746091355,-1.285467920959823,2.1748392698901005
51.0,230.0,132.62808227539062,0.5478783960350889,1.4915126322271512,-4.013231974046128,-3.429931259189822,-0.5853959079524219,-0.5427832579015086,0.3720227595107219,3.5836336395795687,-1.2874814237295416,2.1748392698901005
51.0,230.0,132.62808227539062,0.5479383768927283,1.4915101155575186,-4.016829557674948,-3.429984982496617,-0.5850526222642735,-0.5279721935780763,0.3532251727814096,3.5836336395795687,-1.2874550421735926,2.17506624229969
51.0,230.0,132.62808227539062,0.5479438126126436,1.4915126322271512,-4.018565007985094,-3.429984982496617,-0.5975194006387133,-0.5427832579015086,0.3701326336091446,3.5836336395795687,-1.2883035972994583,2.1748392698901005
51.0,230.0,132.62808227539062,0.5478948821106959,1.4915126322271512,-4.018565007985094,-3.429984982496617,-0.5849046172148611,-0.5427832579015086,0.3519434327494816,3.5836336395795687,-1.2874818471703546,2.1748392698901005
51.0,230.0,132.62808227539062,0.5479393208626762,1.4915125719109144,-4.040700792776991,-3.4299823092542527,-0.5848207046333247,-0.5427832578988211,0.3706601385839088,3.5836336395795687,-1.2874818471703546,2.1758899770064857
51.0,230.0,132.62808227539062,0.547893240534502,1.4915101155575186,-4.016602115314464,-3.4299850385750648,-0.5850544538520193,-0.542868027407921,0.3532251727814096,3.5836336395795687,-1.2874776621229187,2.174816816413067
51.0,230.0,132.62808227539062,0.5479452929074433,1.491512940693981,-4.0168287821850335,-3.429984982496617,-0.5976865291217942,-0.5427832577767248,0.3701307659505306,3.5836336395795687,-1.2604577640593833,2.174836722732591
51.0,230.0,132.62808227539062,0.5478950265838155,1.491512770167609,-4.018565007985094,-3.429984982496617,-0.5855074512728781,-0.5427832579015086,0.3527487862190276,3.5836336395795687,-1.2874808635451835,2.1748406629564485
51.0,230.0,132.62808227539062,0.547878504885672,1.4915126322271512,-4.013215937589671,-3.429916541685906,-0.5853959079524219,-0.5427832579015086,0.3720227595107219,3.5836336347399445,-1.2874814237295416,2.1765074249396017
51.0,230.0,132.62808227539062,0.5478783960350889,1.4915126322271512,-4.018712072817035,-3.42998471476643,-0.5853852880407711,-0.5427955023696167,0.3720227595107219,3.5836336395795687,-1.2874814237295416,2.1748392698901005
51.0,230.0,132.62808227539062,0.5478779684829103,1.4915100582119574,-4.016556178241865,-3.429931259189822,-0.5853959079524219,-0.5427832579015086,0.3699401538168486,3.5836336395795687,-1.2874814237295416,2.1748339715722382
51.0,230.0,132.62808227539062,0.5478951812995236,1.4915126322271512,-4.018636021066609,-3.429984982496617,-0.5848779094820971,-0.5427832579015086,0.3712595339174763,3.5836336395795687,-1.2874791234900465,2.1748392698901005
51.0,230.0,132.62808227539062,0.5479438126126436,1.4915126322271512,-4.018565007985094,-3.429797029743666,-0.5975194006387133,-0.5427832579015086,0.3701326336091446,3.583631041414792,-1.2883035972994583,2.1748437404861187
51.0,230.0,132.62808227539062,0.5479393208626762,1.491512578734157,-4.040700792776991,-3.429984855905507,-0.5848207046333247,-0.542783257901575,0.370127098797437,3.5836336395795687,-1.2874801288957012,2.1758899770064857
51.0,230.0,132.62808227539062,0.5478779529403618,1.4915101047517092,-4.016563736223173,-3.429931259189822,-0.5853959079524219,-0.5427832579015086,0.3720227595107219,3.5836336395795687,-1.2874814237295416,2.174834069959463
51.0,230.0,132.62808227539062,0.5479371659054912,1.4915126739937374,-4.018641735686635,-3.429984982496617,-0.584232498697843,-0.5427832579015086,0.3698630959681335,3.5836336395795687,-1.2874539373312437,2.1750736287977723
51.0,230.0,132.62808227539062,0.5478751027957012,1.4915089918222544,-4.017770283732102,-3.43453688910242,-0.5854467428281206,-0.5427832578927154,0.353354811350459,3.583633584550882,-1.2874814327830302,2.1748304111604275
51.0,230.0,132.62808227539062,0.5479443307532503,1.4915089129393202,-4.020530599517375,-3.434557513050347,-0.5873265663083467,-0.542783257773751,0.3700575018888117,3.5836336377119413,-1.287454917965219,2.175238943496297
51.0,230.0,132.62808227539062,0.5478941344508481,1.4915097797880998,-4.018565007985094,-3.429984982496617,-0.5848787132213917,-0.5427832579015086,0.3698901070604473,3.5836336395795687,-1.2862456100693846,2.175915211709121
51.0,231.0,132.62808227539062,0.5478948821106959,1.4915126322271512,-4.018565007985094,-3.429984982496617,-0.5849024594135139,-0.5427832579015086,0.3701326336091446,3.5836336395795687,-1.287454054547188,2.1748392698901005
51.0,231.0,132.62808227539062,0.5478948821106959,1.4915126322271512,-4.018565007985094,-3.429984982496617,-0.5849024594135139,-0.5427832579015086,0.37059461730126,3.5836336395795687,-1.2874818471703546,2.1748392698901005
51.0,231.0,132.62808227539062,0.5478948821106959,1.4915125369362046,-4.018565007985094,-3.429984982496617,-0.585550776313577,-0.5279721935780763,0.3535768109007595,3.5836336395795687,-1.287454054547188,2.174267131087437
51.0,231.0,132.62808227539062,0.5479371659054912,1.49151008825493,-4.0168287821850335,-3.429984982496617,-0.5976865291217942,-0.5427832579015086,0.3698882394018333,3.5836336395795687,-1.2874808364368373,2.1750736287977723
51.0,231.0,132.62808227539062,0.5478783960350889,1.4915126322271512,-4.013231974046128,-3.429931259189822,-0.5853959079524219,-0.5427832579015086,0.3720227595107219,3.5836336395795687,-1.2874814237295416,2.1748392698901005
51.0,231.0,132.62808227539062,0.5478948821106959,1.4915126322271512,-4.018565007985094,-3.429984982496617,-0.5849038134755663,-0.5427832579015086,0.3530703330578133,3.5836336395795687,-1.2874818471703546,2.1748392698901005
51.0,231.0,132.62808227539062,0.5478948821106959,1.4915126322271512,-4.016336684172381,-3.434426143155825,-0.5849038134755663,-0.542783257782956,0.3530703330578133,3.583633585422957,-1.2873613426977333,2.1764212863434835
51.0,231.0,132.62808227539062,0.5478948821106959,1.4915126322271512,-4.018565007985094,-3.429984982496617,-0.5849024594135139,-0.5427832579015086,0.3701326336091446,3.5836336395795687,-1.287454054547188,2.1748392698901005
51.0,231.0,132.62808227539062,0.5478783960350889,1.4915126322271512,-4.013231974046128,-3.429931259189822,-0.5853959079524219,-0.5427832579015086,0.3720227595107219,3.5836336395795687,-1.2874814237295416,2.1748392698901005
51.0,231.0,132.62808227539062,0.5478948821106959,1.4915126322271512,-4.013322040356646,-3.4299823092542527,-0.5849024594135139,-0.5427832579015086,0.37059461730126,3.5836336395795687,-1.2874818471703546,2.1748392698901005
51.0,231.0,132.62808227539062,0.5479442460587678,1.49151008825493,-4.0168287821850335,-3.429984982496617,-0.5976865291217942,-0.5427832577767248,0.3698882394018333,3.5836336395795687,-1.2592496340822534,2.1759126645516123
51.0,231.0,132.62808227539062,0.547937616529104,1.49151008825493,-4.0168287821850335,-3.429984982496617,-0.5976865291217942,-0.5427832578991345,0.3698882394018333,3.5836336395795687,-1.2866427087170385,2.1759126645516123
51.0,231.0,132.62808227539062,0.5479371659054912,1.4915106906779072,-4.0168287821850335,-3.4349824467745527,-0.5955271495185809,-0.5427832579015086,0.3698882394018333,3.5703208031567057,-1.2854039180628944,2.1750736287977723
51.0,231.0,132.62808227539062,0.5478948821106959,1.4915126322271512,-4.018565007985094,-3.429984982496617,-0.5849038134755663,-0.5427832579015086,0.3530703330578133,3.5836336395795687,-1.2874818471703546,2.1748392698901005
51.0,231.0,132.62808227539062,0.5478948821106959,1.4915121369401692,-4.017412237295675,-3.429984982496617,-0.5860867837023092,-0.5279721935780763,0.3535768109007595,3.5836336395795687,-1.2873476441941856,2.174267131087437
51.0,231.0,132.62808227539062,0.5478779684829103,1.4915100582119574,-4.016556178241865,-3.429931259189822,-0.5853959079524219,-0.5427832579015086,0.3699401538168486,3.5836336395795687,-1.2874814237295416,2.1748339715722382
51.0,231.0,132.62808227539062,0.5478948821106959,1.491510115505245,-4.018565007985094,-3.429984982496617,-0.585550776313577,-0.5279721935780763,0.3532251727814096,3.5836336395795687,-1.287454054547188,2.174196968619919
51.0,231.0,132.62808227539062,0.5478783960350889,1.4915126322271512,-4.0115682631224345,-3.429931259189822,-0.5853959079524219,-0.5427832577720734,0.3720227595107219,3.5836336401050257,-1.2874814237295416,2.1748392698901005
51.0,231.0,132.62808227539062,0.5478777894201731,1.4915126322271512,-4.013098196013769,-3.4348979588315944,-0.5853959079524219,-0.5427832579015086,0.3720227595107219,3.5836336395795687,-1.2853275760651472,2.175045059501364
51.0,231.0,132.62808227539062,0.5478951812995236,1.4915126322271512,-4.018565007985094,-3.429984982496617,-0.5848787132213917,-0.5427832579015086,0.3701326336091446,3.5836336395795687,-1.2874537400465145,2.1748392698901005
51.0,231.0,132.62808227539062,0.5479371659054912,1.49151008825493,-4.0168287821850335,-3.429984982496617,-0.5976865291217942,-0.542783257787162,0.3672821324565222,3.5836336395795687,-1.2874808364368373,2.1750736287977723
51.0,231.0,132.62808227539062,0.5478948821106959,1.4915126322271512,-4.016336684172381,-3.434426143155825,-0.5849038134755663,-0.542783257782956,0.3530703330578133,3.583633585422957,-1.287482651840964,2.176455547875888
51.0,231.0,132.62808227539062,0.5479371659054912,1.4915106906779072,-4.01855497464395,-3.4349824467745527,-0.5955271495185809,-0.5427832579015086,0.3698627616320903,3.57050069664492,-1.2873897371495855,2.1750736287977723
51.0,231.0,132.62808227539062,0.5478948821106959,1.4915126322271512,-4.018565007985094,-3.429984982496617,-0.5849038134755663,-0.5417862759426133,0.3530854246187211,3.5836336395795687,-1.2874818471703546,2.1748678712457337
51.0,231.0,132.62808227539062,0.5478783960350889,1.4915126322271512,-4.0115682631224345,-3.429931259189822,-0.5853959079524219,-0.5427832577720734,0.3720227595107219,3.5836336401050257,-1.2874814237295416,2.1748392698901005
51.0,231.0,132.62808227539062,0.5478783960350889,1.4915126322271512,-4.013231974046128,-3.429931259189822,-0.5853959079524219,-0.5427832579015086,0.3720227595107219,3.5836336395795687,-1.2874814237295416,2.1748392698901005
51.0,231.0,132.62808227539062,0.5478950984988996,1.4915047339481498,-4.018565007985094,-3.429984982496617,-0.5834720788807439,-0.5427832579015086,0.37059461730126,3.5836336395795687,-1.2874818471703546,2.1748392698901005
51.0,231.0,132.62808227539062,0.5478951812995236,1.4915126322271512,-4.018565007985094,-3.429984982496617,-0.5848779094820971,-0.5427832579015086,0.3712595339174763,3.5836336395795687,-1.2874537400465145,2.1748392698901005
51.0,231.0,132.62808227539062,0.5478931777771237,1.4915101485711668,-4.0168287821850335,-3.429984982496617,-0.5977682839019836,-0.542783257901822,0.3698227181191845,3.5836336395795687,-1.2866427087170385,2.1748619574352266
51.0,231.0,132.62808227539062,0.5479449431421275,1.4915089129393202,-4.017770283732102,-3.43453688910242,-0.5854467428281206,-0.542783257773751,0.353354811350459,3.583633584550882,-1.287480815620589,2.17524651555813
51.0,231.0,132.62808227539062,0.5478951812995236,1.4915126322271512,-4.016838815526177,-3.429984982496617,-0.5848787132213917,-0.5427832579015086,0.3701581113788876,3.583453746091355,-1.285467920959823,2.1748392698901005
51.0,231.0,132.62808227539062,0.5478783960350889,1.4915126322271512,-4.013231974046128,-3.429931259189822,-0.5853959079524219,-0.5427832579015086,0.3720227595107219,3.5836336395795687,-1.2874814237295416,2.1748392698901005
51.0,231.0,132.62808227539062,0.5479383768927283,1.4915101155575186,-4.016829557674948,-3.429984982496617,-0.5850526222642735,-0.5279721935780763,0.3532251727814096,3.5836336395795687,-1.2874550421735926,2.17506624229969
51.0,231.0,132.62808227539062,0.5479438126126436,1.4915126322271512,-4.018565007985094,-3.429984982496617,-0.5975194006387133,-0.5427832579015086,0.3701326336091446,3.5836336395795687,-1.2883035972994583,2.1748392698901005
51.0,231.0,132.62808227539062,0.5478948821106959,1.4915126322271512,-4.018565007985094,-3.429984982496617,-0.5849046172148611,-0.5427832579015086,0.3519434327494816,3.5836336395795687,-1.2874818471703546,2.1748392698901005
51.0,231.0,132.62808227539062,0.5479393208626762,1.4915125719109144,-4.040700792776991,-3.4299823092542527,-0.5848207046333247,-0.5427832578988211,0.3706601385839088,3.5836336395795687,-1.2874818471703546,2.1758899770064857
51.0,231.0,132.62808227539062,0.547893240534502,1.4915101155575186,-4.016602115314464,-3.4299850385750648,-0.5850544538520193,-0.542868027407921,0.3532251727814096,3.5836336395795687,-1.2874776621229187,2.174816816413067
51.0,231.0,132.62808227539062,0.5479452929074433,1.491512940693981,-4.0168287821850335,-3.429984982496617,-0.5976865291217942,-0.5427832577767248,0.3701307659505306,3.5836336395795687,-1.2604577640593833,2.174836722732591
51.0,231.0,132.62808227539062,0.5478950265838155,1.491512770167609,-4.018565007985094,-3.429984982496617,-0.5855074512728781,-0.5427832579015086,0.3527487862190276,3.5836336395795687,-1.2874808635451835,2.1748406629564485
51.0,231.0,132.62808227539062,0.547878504885672,1.4915126322271512,-4.013215937589671,-3.429916541685906,-0.5853959079524219,-0.5427832579015086,0.3720227595107219,3.5836336347399445,-1.2874814237295416,2.1765074249396017
51.0,231.0,132.62808227539062,0.5478783960350889,1.4915126322271512,-4.018712072817035,-3.42998471476643,-0.5853852880407711,-0.5427955023696167,0.3720227595107219,3.5836336395795687,-1.2874814237295416,2.1748392698901005
51.0,231.0,132.62808227539062,0.5478779684829103,1.4915100582119574,-4.016556178241865,-3.429931259189822,-0.5853959079524219,-0.5427832579015086,0.3699401538168486,3.5836336395795687,-1.2874814237295416,2.1748339715722382
51.0,231.0,132.62808227539062,0.5478951812995236,1.4915126322271512,-4.018636021066609,-3.429984982496617,-0.5848779094820971,-0.5427832579015086,0.3712595339174763,3.5836336395795687,-1.2874791234900465,2.1748392698901005
51.0,231.0,132.62808227539062,0.5479438126126436,1.4915126322271512,-4.018565007985094,-3.429797029743666,-0.5975194006387133,-0.5427832579015086,0.3701326336091446,3.583631041414792,-1.2883035972994583,2.1748437404861187
51.0,231.0,132.62808227539062,0.5479393208626762,1.491512578734157,-4.040700792776991,-3.429984855905507,-0.5848207046333247,-0.542783257901575,0.370127098797437,3.5836336395795687,-1.2874801288957012,2.1758899770064857
51.0,231.0,132.62808227539062,0.5478779529403618,1.4915101047517092,-4.016563736223173,-3.429931259189822,-0.5853959079524219,-0.5427832579015086,0.3720227595107219,3.5836336395795687,-1.2874814237295416,2.174834069959463
51.0,231.0,132.62808227539062,0.5479371659054912,1.4915126739937374,-4.018641735686635,-3.429984982496617,-0.584232498697843,-0.5427832579015086,0.3698630959681335,3.5836336395795687,-1.2874539373312437,2.1750736287977723
51.0,231.0,132.62808227539062,0.5478751027957012,1.4915089918222544,-4.017770283732102,-3.43453688910242,-0.5854467428281206,-0.5427832578927154,0.353354811350459,3.583633584550882,-1.2874814327830302,2.1748304111604275
51.0,231.0,132.62808227539062,0.5479443307532503,1.4915089129393202,-4.020530599517375,-3.434557513050347,-0.5873265663083467,-0.542783257773751,0.3700575018888117,3.5836336377119413,-1.287454917965219,2.175238943496297
51.0,231.0,132.62808227539062,0.5478941344508481,1.4915097797880998,-4.018565007985094,-3.429984982496617,-0.5848787132213917,-0.5427832579015086,0.3698901070604473,3.5836336395795687,-1.2862456100693846,2.175915211709121
51.0,232.0,132.62808227539062,0.5478948821106959,1.4915126322271512,-4.018565007985094,-3.429984982496617,-0.5849024594135139,-0.5427832579015086,0.3701326336091446,3.5836336395795687,-1.287454054547188,2.1748392698901005
51.0,232.0,132.62808227539062,0.5478948821106959,1.4915126322271512,-4.018565007985094,-3.429984982496617,-0.5849024594135139,-0.5427832579015086,0.37059461730126,3.5836336395795687,-1.2874818471703546,2.1748392698901005
51.0,232.0,132.62808227539062,0.5478948821106959,1.4915125369362046,-4.018565007985094,-3.429984982496617,-0.585550776313577,-0.5279721935780763,0.3535768109007595,3.5836336395795687,-1.287454054547188,2.174267131087437
51.0,232.0,132.62808227539062,0.5479371659054912,1.49151008825493,-4.0168287821850335,-3.429984982496617,-0.5976865291217942,-0.5427832579015086,0.3698882394018333,3.5836336395795687,-1.2874808364368373,2.1750736287977723
51.0,232.0,132.62808227539062,0.5478783960350889,1.4915126322271512,-4.013231974046128,-3.429931259189822,-0.5853959079524219,-0.5427832579015086,0.3720227595107219,3.5836336395795687,-1.2874814237295416,2.1748392698901005
51.0,232.0,132.62808227539062,0.5478948821106959,1.4915126322271512,-4.018565007985094,-3.429984982496617,-0.5849038134755663,-0.5427832579015086,0.3530703330578133,3.5836336395795687,-1.2874818471703546,2.1748392698901005
51.0,232.0,132.62808227539062,0.5478948821106959,1.4915126322271512,-4.016336684172381,-3.434426143155825,-0.5849038134755663,-0.542783257782956,0.3530703330578133,3.583633585422957,-1.2873613426977333,2.1764212863434835
51.0,232.0,132.62808227539062,0.5478948821106959,1.4915126322271512,-4.018565007985094,-3.429984982496617,-0.5849024594135139,-0.5427832579015086,0.3701326336091446,3.5836336395795687,-1.287454054547188,2.1748392698901005
51.0,232.0,132.62808227539062,0.5478783960350889,1.4915126322271512,-4.013231974046128,-3.429931259189822,-0.5853959079524219,-0.5427832579015086,0.3720227595107219,3.5836336395795687,-1.2874814237295416,2.1748392698901005
51.0,232.0,132.62808227539062,0.5478948821106959,1.4915126322271512,-4.013322040356646,-3.4299823092542527,-0.5849024594135139,-0.5427832579015086,0.37059461730126,3.5836336395795687,-1.2874818471703546,2.1748392698901005
51.0,232.0,132.62808227539062,0.5479442460587678,1.49151008825493,-4.0168287821850335,-3.429984982496617,-0.5976865291217942,-0.5427832577767248,0.3698882394018333,3.5836336395795687,-1.2592496340822534,2.1759126645516123
51.0,232.0,132.62808227539062,0.547937616529104,1.49151008825493,-4.0168287821850335,-3.429984982496617,-0.5976865291217942,-0.5427832578991345,0.3698882394018333,3.5836336395795687,-1.2866427087170385,2.1759126645516123
51.0,232.0,132.62808227539062,0.5479371659054912,1.4915106906779072,-4.0168287821850335,-3.4349824467745527,-0.5955271495185809,-0.5427832579015086,0.3698882394018333,3.5703208031567057,-1.2854039180628944,2.1750736287977723
51.0,232.0,132.62808227539062,0.5478948821106959,1.4915126322271512,-4.018565007985094,-3.429984982496617,-0.5849038134755663,-0.5427832579015086,0.3530703330578133,3.5836336395795687,-1.2874818471703546,2.1748392698901005
51.0,232.0,132.62808227539062,0.5478948821106959,1.4915121369401692,-4.017412237295675,-3.429984982496617,-0.5860867837023092,-0.5279721935780763,0.3535768109007595,3.5836336395795687,-1.2873476441941856,2.174267131087437
51.0,232.0,132.62808227539062,0.5478779684829103,1.4915100582119574,-4.016556178241865,-3.429931259189822,-0.5853959079524219,-0.5427832579015086,0.3699401538168486,3.5836336395795687,-1.2874814237295416,2.1748339715722382
51.0,232.0,132.62808227539062,0.5478948821106959,1.491510115505245,-4.018565007985094,-3.429984982496617,-0.585550776313577,-0.5279721935780763,0.3532251727814096,3.5836336395795687,-1.287454054547188,2.174196968619919
51.0,232.0,132.62808227539062,0.5478783960350889,1.4915126322271512,-4.0115682631224345,-3.429931259189822,-0.5853959079524219,-0.5427832577720734,0.3720227595107219,3.5836336401050257,-1.2874814237295416,2.1748392698901005
51.0,232.0,132.62808227539062,0.5478777894201731,1.4915126322271512,-4.013098196013769,-3.4348979588315944,-0.5853959079524219,-0.5427832579015086,0.3720227595107219,3.5836336395795687,-1.2853275760651472,2.175045059501364
51.0,232.0,132.62808227539062,0.5478951812995236,1.4915126322271512,-4.018565007985094,-3.429984982496617,-0.5848787132213917,-0.5427832579015086,0.3701326336091446,3.5836336395795687,-1.2874537400465145,2.1748392698901005
51.0,232.0,132.62808227539062,0.5479371659054912,1.49151008825493,-4.0168287821850335,-3.429984982496617,-0.5976865291217942,-0.542783257787162,0.3672821324565222,3.5836336395795687,-1.2874808364368373,2.1750736287977723
51.0,232.0,132.62808227539062,0.5478948821106959,1.4915126322271512,-4.016336684172381,-3.434426143155825,-0.5849038134755663,-0.542783257782956,0.3530703330578133,3.583633585422957,-1.287482651840964,2.176455547875888
51.0,232.0,132.62808227539062,0.5479371659054912,1.4915106906779072,-4.01855497464395,-3.4349824467745527,-0.5955271495185809,-0.5427832579015086,0.3698627616320903,3.57050069664492,-1.2873897371495855,2.1750736287977723
51.0,232.0,132.62808227539062,0.5478948821106959,1.4915126322271512,-4.018565007985094,-3.429984982496617,-0.5849038134755663,-0.5417862759426133,0.3530854246187211,3.5836336395795687,-1.2874818471703546,2.1748678712457337
51.0,232.0,132.62808227539062,0.5478783960350889,1.4915126322271512,-4.0115682631224345,-3.429931259189822,-0.5853959079524219,-0.5427832577720734,0.3720227595107219,3.5836336401050257,-1.2874814237295416,2.1748392698901005
51.0,232.0,132.62808227539062,0.5478783960350889,1.4915126322271512,-4.013231974046128,-3.429931259189822,-0.5853959079524219,-0.5427832579015086,0.3720227595107219,3.5836336395795687,-1.2874814237295416,2.1748392698901005
51.0,232.0,132.62808227539062,0.5478950984988996,1.4915047339481498,-4.018565007985094,-3.429984982496617,-0.5834720788807439,-0.5427832579015086,0.37059461730126,3.5836336395795687,-1.2874818471703546,2.1748392698901005
51.0,232.0,132.62808227539062,0.5478951812995236,1.4915126322271512,-4.018565007985094,-3.429984982496617,-0.5848779094820971,-0.5427832579015086,0.3712595339174763,3.5836336395795687,-1.2874537400465145,2.1748392698901005
51.0,232.0,132.62808227539062,0.5478931777771237,1.4915101485711668,-4.0168287821850335,-3.429984982496617,-0.5977682839019836,-0.542783257901822,0.3698227181191845,3.5836336395795687,-1.2866427087170385,2.1748619574352266
51.0,232.0,132.62808227539062,0.5479449431421275,1.4915089129393202,-4.017770283732102,-3.43453688910242,-0.5854467428281206,-0.542783257773751,0.353354811350459,3.583633584550882,-1.287480815620589,2.17524651555813
51.0,232.0,132.62808227539062,0.5478951812995236,1.4915126322271512,-4.016838815526177,-3.429984982496617,-0.5848787132213917,-0.5427832579015086,0.3701581113788876,3.583453746091355,-1.285467920959823,2.1748392698901005
51.0,232.0,132.62808227539062,0.5478783960350889,1.4915126322271512,-4.013231974046128,-3.429931259189822,-0.5853959079524219,-0.5427832579015086,0.3720227595107219,3.5836336395795687,-1.2874814237295416,2.1748392698901005
51.0,232.0,132.62808227539062,0.5479383768927283,1.4915101155575186,-4.016829557674948,-3.429984982496617,-0.5850526222642735,-0.5279721935780763,0.3532251727814096,3.5836336395795687,-1.2874550421735926,2.17506624229969
51.0,232.0,132.62808227539062,0.5479438126126436,1.4915126322271512,-4.018565007985094,-3.429984982496617,-0.5975194006387133,-0.5427832579015086,0.3701326336091446,3.5836336395795687,-1.2883035972994583,2.1748392698901005
51.0,232.0,132.62808227539062,0.5478948821106959,1.4915126322271512,-4.018565007985094,-3.429984982496617,-0.5849046172148611,-0.5427832579015086,0.3519434327494816,3.5836336395795687,-1.2874818471703546,2.1748392698901005
51.0,232.0,132.62808227539062,0.5479393208626762,1.4915125719109144,-4.040700792776991,-3.4299823092542527,-0.5848207046333247,-0.5427832578988211,0.3706601385839088,3.5836336395795687,-1.2874818471703546,2.1758899770064857
51.0,232.0,132.62808227539062,0.547893240534502,1.4915101155575186,-4.016602115314464,-3.4299850385750648,-0.5850544538520193,-0.542868027407921,0.3532251727814096,3.5836336395795687,-1.2874776621229187,2.174816816413067
51.0,232.0,132.62808227539062,0.5479452929074433,1.491512940693981,-4.0168287821850335,-3.429984982496617,-0.5976865291217942,-0.5427832577767248,0.3701307659505306,3.5836336395795687,-1.2604577640593833,2.174836722732591
51.0,232.0,132.62808227539062,0.5478950265838155,1.491512770167609,-4.018565007985094,-3.429984982496617,-0.5855074512728781,-0.5427832579015086,0.3527487862190276,3.5836336395795687,-1.2874808635451835,2.1748406629564485
51.0,232.0,132.62808227539062,0.547878504885672,1.4915126322271512,-4.013215937589671,-3.429916541685906,-0.5853959079524219,-0.5427832579015086,0.3720227595107219,3.5836336347399445,-1.2874814237295416,2.1765074249396017
51.0,232.0,132.62808227539062,0.5478783960350889,1.4915126322271512,-4.018712072817035,-3.42998471476643,-0.5853852880407711,-0.5427955023696167,0.3720227595107219,3.5836336395795687,-1.2874814237295416,2.1748392698901005
51.0,232.0,132.62808227539062,0.5478779684829103,1.4915100582119574,-4.016556178241865,-3.429931259189822,-0.5853959079524219,-0.5427832579015086,0.3699401538168486,3.5836336395795687,-1.2874814237295416,2.1748339715722382
51.0,232.0,132.62808227539062,0.5478951812995236,1.4915126322271512,-4.018636021066609,-3.429984982496617,-0.5848779094820971,-0.5427832579015086,0.3712595339174763,3.5836336395795687,-1.2874791234900465,2.1748392698901005
51.0,232.0,132.62808227539062,0.5479438126126436,1.4915126322271512,-4.018565007985094,-3.429797029743666,-0.5975194006387133,-0.5427832579015086,0.3701326336091446,3.583631041414792,-1.2883035972994583,2.1748437404861187
51.0,232.0,132.62808227539062,0.5479393208626762,1.491512578734157,-4.040700792776991,-3.429984855905507,-0.5848207046333247,-0.542783257901575,0.370127098797437,3.5836336395795687,-1.2874801288957012,2.1758899770064857
51.0,232.0,132.62808227539062,0.5478779529403618,1.4915101047517092,-4.016563736223173,-3.429931259189822,-0.5853959079524219,-0.5427832579015086,0.3720227595107219,3.5836336395795687,-1.2874814237295416,2.174834069959463
51.0,232.0,132.62808227539062,0.5479371659054912,1.4915126739937374,-4.018641735686635,-3.429984982496617,-0.584232498697843,-0.5427832579015086,0.3698630959681335,3.5836336395795687,-1.2874539373312437,2.1750736287977723
51.0,232.0,132.62808227539062,0.5478751027957012,1.4915089918222544,-4.017770283732102,-3.43453688910242,-0.5854467428281206,-0.5427832578927154,0.353354811350459,3.583633584550882,-1.2874814327830302,2.1748304111604275
51.0,232.0,132.62808227539062,0.5479443307532503,1.4915089129393202,-4.020530599517375,-3.434557513050347,-0.5873265663083467,-0.542783257773751,0.3700575018888117,3.5836336377119413,-1.287454917965219,2.175238943496297
51.0,232.0,132.62808227539062,0.5478941344508481,1.4915097797880998,-4.018565007985094,-3.429984982496617,-0.5848787132213917,-0.5427832579015086,0.3698901070604473,3.5836336395795687,-1.2862456100693846,2.175915211709121
51.0,233.0,132.62808227539062,0.5478948821106959,1.4915126322271512,-4.018565007985094,-3.429984982496617,-0.5849024594135139,-0.5427832579015086,0.3701326336091446,3.5836336395795687,-1.287454054547188,2.1748392698901005
51.0,233.0,132.62808227539062,0.5478948821106959,1.4915126322271512,-4.018565007985094,-3.429984982496617,-0.5849024594135139,-0.5427832579015086,0.37059461730126,3.5836336395795687,-1.2874818471703546,2.1748392698901005
51.0,233.0,132.62808227539062,0.5478948821106959,1.4915125369362046,-4.018565007985094,-3.429984982496617,-0.585550776313577,-0.5279721935780763,0.3535768109007595,3.5836336395795687,-1.287454054547188,2.174267131087437
51.0,233.0,132.62808227539062,0.5479371659054912,1.49151008825493,-4.0168287821850335,-3.429984982496617,-0.5976865291217942,-0.5427832579015086,0.3698882394018333,3.5836336395795687,-1.2874808364368373,2.1750736287977723
51.0,233.0,132.62808227539062,0.5478783960350889,1.4915126322271512,-4.013231974046128,-3.429931259189822,-0.5853959079524219,-0.5427832579015086,0.3720227595107219,3.5836336395795687,-1.2874814237295416,2.1748392698901005
51.0,233.0,132.62808227539062,0.5478948821106959,1.4915126322271512,-4.018565007985094,-3.429984982496617,-0.5849038134755663,-0.5427832579015086,0.3530703330578133,3.5836336395795687,-1.2874818471703546,2.1748392698901005
51.0,233.0,132.62808227539062,0.5478948821106959,1.4915126322271512,-4.016336684172381,-3.434426143155825,-0.5849038134755663,-0.542783257782956,0.3530703330578133,3.583633585422957,-1.2873613426977333,2.1764212863434835
51.0,233.0,132.62808227539062,0.5478948821106959,1.4915126322271512,-4.018565007985094,-3.429984982496617,-0.5849024594135139,-0.5427832579015086,0.3701326336091446,3.5836336395795687,-1.287454054547188,2.1748392698901005
51.0,233.0,132.62808227539062,0.5478783960350889,1.4915126322271512,-4.013231974046128,-3.429931259189822,-0.5853959079524219,-0.5427832579015086,0.3720227595107219,3.5836336395795687,-1.2874814237295416,2.1748392698901005
51.0,233.0,132.62808227539062,0.5478948821106959,1.4915126322271512,-4.013322040356646,-3.4299823092542527,-0.5849024594135139,-0.5427832579015086,0.37059461730126,3.5836336395795687,-1.2874818471703546,2.1748392698901005
51.0,233.0,132.62808227539062,0.5479442460587678,1.49151008825493,-4.0168287821850335,-3.429984982496617,-0.5976865291217942,-0.5427832577767248,0.3698882394018333,3.5836336395795687,-1.2592496340822534,2.1759126645516123
51.0,233.0,132.62808227539062,0.547937616529104,1.49151008825493,-4.0168287821850335,-3.429984982496617,-0.5976865291217942,-0.5427832578991345,0.3698882394018333,3.5836336395795687,-1.2866427087170385,2.1759126645516123
51.0,233.0,132.62808227539062,0.5479371659054912,1.4915106906779072,-4.0168287821850335,-3.4349824467745527,-0.5955271495185809,-0.5427832579015086,0.3698882394018333,3.5703208031567057,-1.2854039180628944,2.1750736287977723
51.0,233.0,132.62808227539062,0.5478948821106959,1.4915126322271512,-4.018565007985094,-3.429984982496617,-0.5849038134755663,-0.5427832579015086,0.3530703330578133,3.5836336395795687,-1.2874818471703546,2.1748392698901005
51.0,233.0,132.62808227539062,0.5478948821106959,1.4915121369401692,-4.017412237295675,-3.429984982496617,-0.5860867837023092,-0.5279721935780763,0.3535768109007595,3.5836336395795687,-1.2873476441941856,2.174267131087437
51.0,233.0,132.62808227539062,0.5478779684829103,1.4915100582119574,-4.016556178241865,-3.429931259189822,-0.5853959079524219,-0.5427832579015086,0.3699401538168486,3.5836336395795687,-1.2874814237295416,2.1748339715722382
51.0,233.0,132.62808227539062,0.5478948821106959,1.491510115505245,-4.018565007985094,-3.429984982496617,-0.585550776313577,-0.5279721935780763,0.3532251727814096,3.5836336395795687,-1.287454054547188,2.174196968619919
51.0,233.0,132.62808227539062,0.5478783960350889,1.4915126322271512,-4.0115682631224345,-3.429931259189822,-0.5853959079524219,-0.5427832577720734,0.3720227595107219,3.5836336401050257,-1.2874814237295416,2.1748392698901005
51.0,233.0,132.62808227539062,0.5478777894201731,1.4915126322271512,-4.013098196013769,-3.4348979588315944,-0.5853959079524219,-0.5427832579015086,0.3720227595107219,3.5836336395795687,-1.2853275760651472,2.175045059501364
51.0,233.0,132.62808227539062,0.5478951812995236,1.4915126322271512,-4.018565007985094,-3.429984982496617,-0.5848787132213917,-0.5427832579015086,0.3701326336091446,3.5836336395795687,-1.2874537400465145,2.1748392698901005
51.0,233.0,132.62808227539062,0.5479371659054912,1.49151008825493,-4.0168287821850335,-3.429984982496617,-0.5976865291217942,-0.542783257787162,0.3672821324565222,3.5836336395795687,-1.2874808364368373,2.1750736287977723
51.0,233.0,132.62808227539062,0.5478948821106959,1.4915126322271512,-4.016336684172381,-3.434426143155825,-0.5849038134755663,-0.542783257782956,0.3530703330578133,3.583633585422957,-1.287482651840964,2.176455547875888
51.0,233.0,132.62808227539062,0.5479371659054912,1.4915106906779072,-4.01855497464395,-3.4349824467745527,-0.5955271495185809,-0.5427832579015086,0.3698627616320903,3.57050069664492,-1.2873897371495855,2.1750736287977723
51.0,233.0,132.62808227539062,0.5478948821106959,1.4915126322271512,-4.018565007985094,-3.429984982496617,-0.5849038134755663,-0.5417862759426133,0.3530854246187211,3.5836336395795687,-1.2874818471703546,2.1748678712457337
51.0,233.0,132.62808227539062,0.5478783960350889,1.4915126322271512,-4.0115682631224345,-3.429931259189822,-0.5853959079524219,-0.5427832577720734,0.3720227595107219,3.5836336401050257,-1.2874814237295416,2.1748392698901005
51.0,233.0,132.62808227539062,0.5478783960350889,1.4915126322271512,-4.013231974046128,-3.429931259189822,-0.5853959079524219,-0.5427832579015086,0.3720227595107219,3.5836336395795687,-1.2874814237295416,2.1748392698901005
51.0,233.0,132.62808227539062,0.5478950984988996,1.4915047339481498,-4.018565007985094,-3.429984982496617,-0.5834720788807439,-0.5427832579015086,0.37059461730126,3.5836336395795687,-1.2874818471703546,2.1748392698901005
51.0,233.0,132.62808227539062,0.5478951812995236,1.4915126322271512,-4.018565007985094,-3.429984982496617,-0.5848779094820971,-0.5427832579015086,0.3712595339174763,3.5836336395795687,-1.2874537400465145,2.1748392698901005
51.0,233.0,132.62808227539062,0.5478931777771237,1.4915101485711668,-4.0168287821850335,-3.429984982496617,-0.5977682839019836,-0.542783257901822,0.3698227181191845,3.5836336395795687,-1.2866427087170385,2.1748619574352266
51.0,233.0,132.62808227539062,0.5479449431421275,1.4915089129393202,-4.017770283732102,-3.43453688910242,-0.5854467428281206,-0.542783257773751,0.353354811350459,3.583633584550882,-1.287480815620589,2.17524651555813
51.0,233.0,132.62808227539062,0.5478951812995236,1.4915126322271512,-4.016838815526177,-3.429984982496617,-0.5848787132213917,-0.5427832579015086,0.3701581113788876,3.583453746091355,-1.285467920959823,2.1748392698901005
51.0,233.0,132.62808227539062,0.5478783960350889,1.4915126322271512,-4.013231974046128,-3.429931259189822,-0.5853959079524219,-0.5427832579015086,0.3720227595107219,3.5836336395795687,-1.2874814237295416,2.1748392698901005
51.0,233.0,132.62808227539062,0.5479383768927283,1.4915101155575186,-4.016829557674948,-3.429984982496617,-0.5850526222642735,-0.5279721935780763,0.3532251727814096,3.5836336395795687,-1.2874550421735926,2.17506624229969
51.0,233.0,132.62808227539062,0.5479438126126436,1.4915126322271512,-4.018565007985094,-3.429984982496617,-0.5975194006387133,-0.5427832579015086,0.3701326336091446,3.5836336395795687,-1.2883035972994583,2.1748392698901005
51.0,233.0,132.62808227539062,0.5478948821106959,1.4915126322271512,-4.018565007985094,-3.429984982496617,-0.5849046172148611,-0.5427832579015086,0.3519434327494816,3.5836336395795687,-1.2874818471703546,2.1748392698901005
51.0,233.0,132.62808227539062,0.5479393208626762,1.4915125719109144,-4.040700792776991,-3.4299823092542527,-0.5848207046333247,-0.5427832578988211,0.3706601385839088,3.5836336395795687,-1.2874818471703546,2.1758899770064857
51.0,233.0,132.62808227539062,0.547893240534502,1.4915101155575186,-4.016602115314464,-3.4299850385750648,-0.5850544538520193,-0.542868027407921,0.3532251727814096,3.5836336395795687,-1.2874776621229187,2.174816816413067
51.0,233.0,132.62808227539062,0.5479452929074433,1.491512940693981,-4.0168287821850335,-3.429984982496617,-0.5976865291217942,-0.5427832577767248,0.3701307659505306,3.5836336395795687,-1.2604577640593833,2.174836722732591
51.0,233.0,132.62808227539062,0.5478950265838155,1.491512770167609,-4.018565007985094,-3.429984982496617,-0.5855074512728781,-0.5427832579015086,0.3527487862190276,3.5836336395795687,-1.2874808635451835,2.1748406629564485
51.0,233.0,132.62808227539062,0.547878504885672,1.4915126322271512,-4.013215937589671,-3.429916541685906,-0.5853959079524219,-0.5427832579015086,0.3720227595107219,3.5836336347399445,-1.2874814237295416,2.1765074249396017
51.0,233.0,132.62808227539062,0.5478783960350889,1.4915126322271512,-4.018712072817035,-3.42998471476643,-0.5853852880407711,-0.5427955023696167,0.3720227595107219,3.5836336395795687,-1.2874814237295416,2.1748392698901005
51.0,233.0,132.62808227539062,0.5478779684829103,1.4915100582119574,-4.016556178241865,-3.429931259189822,-0.5853959079524219,-0.5427832579015086,0.3699401538168486,3.5836336395795687,-1.2874814237295416,2.1748339715722382
51.0,233.0,132.62808227539062,0.5478951812995236,1.4915126322271512,-4.018636021066609,-3.429984982496617,-0.5848779094820971,-0.5427832579015086,0.3712595339174763,3.5836336395795687,-1.2874791234900465,2.1748392698901005
51.0,233.0,132.62808227539062,0.5479438126126436,1.4915126322271512,-4.018565007985094,-3.429797029743666,-0.5975194006387133,-0.5427832579015086,0.3701326336091446,3.583631041414792,-1.2883035972994583,2.1748437404861187
51.0,233.0,132.62808227539062,0.5479393208626762,1.491512578734157,-4.040700792776991,-3.429984855905507,-0.5848207046333247,-0.542783257901575,0.370127098797437,3.5836336395795687,-1.2874801288957012,2.1758899770064857
51.0,233.0,132.62808227539062,0.5478779529403618,1.4915101047517092,-4.016563736223173,-3.429931259189822,-0.5853959079524219,-0.5427832579015086,0.3720227595107219,3.5836336395795687,-1.2874814237295416,2.174834069959463
51.0,233.0,132.62808227539062,0.5479371659054912,1.4915126739937374,-4.018641735686635,-3.429984982496617,-0.584232498697843,-0.5427832579015086,0.3698630959681335,3.5836336395795687,-1.2874539373312437,2.1750736287977723
51.0,233.0,132.62808227539062,0.5478751027957012,1.4915089918222544,-4.017770283732102,-3.43453688910242,-0.5854467428281206,-0.5427832578927154,0.353354811350459,3.583633584550882,-1.2874814327830302,2.1748304111604275
51.0,233.0,132.62808227539062,0.5479443307532503,1.4915089129393202,-4.020530599517375,-3.434557513050347,-0.5873265663083467,-0.542783257773751,0.3700575018888117,3.5836336377119413,-1.287454917965219,2.175238943496297
51.0,233.0,132.62808227539062,0.5478941344508481,1.4915097797880998,-4.018565007985094,-3.429984982496617,-0.5848787132213917,-0.5427832579015086,0.3698901070604473,3.5836336395795687,-1.2862456100693846,2.175915211709121
51.0,234.0,132.62808227539062,0.5478948821106959,1.4915126322271512,-4.018565007985094,-3.429984982496617,-0.5849024594135139,-0.5427832579015086,0.3701326336091446,3.5836336395795687,-1.287454054547188,2.1748392698901005
51.0,234.0,132.62808227539062,0.5478948821106959,1.4915126322271512,-4.018565007985094,-3.429984982496617,-0.5849024594135139,-0.5427832579015086,0.37059461730126,3.5836336395795687,-1.2874818471703546,2.1748392698901005
51.0,234.0,132.62808227539062,0.5478948821106959,1.4915125369362046,-4.018565007985094,-3.429984982496617,-0.585550776313577,-0.5279721935780763,0.3535768109007595,3.5836336395795687,-1.287454054547188,2.174267131087437
51.0,234.0,132.62808227539062,0.5479371659054912,1.49151008825493,-4.0168287821850335,-3.429984982496617,-0.5976865291217942,-0.5427832579015086,0.3698882394018333,3.5836336395795687,-1.2874808364368373,2.1750736287977723
51.0,234.0,132.62808227539062,0.5478783960350889,1.4915126322271512,-4.013231974046128,-3.429931259189822,-0.5853959079524219,-0.5427832579015086,0.3720227595107219,3.5836336395795687,-1.2874814237295416,2.1748392698901005
51.0,234.0,132.62808227539062,0.5478948821106959,1.4915126322271512,-4.018565007985094,-3.429984982496617,-0.5849038134755663,-0.5427832579015086,0.3530703330578133,3.5836336395795687,-1.2874818471703546,2.1748392698901005
51.0,234.0,132.62808227539062,0.5478948821106959,1.4915126322271512,-4.016336684172381,-3.434426143155825,-0.5849038134755663,-0.542783257782956,0.3530703330578133,3.583633585422957,-1.2873613426977333,2.1764212863434835
51.0,234.0,132.62808227539062,0.5478948821106959,1.4915126322271512,-4.018565007985094,-3.429984982496617,-0.5849024594135139,-0.5427832579015086,0.3701326336091446,3.5836336395795687,-1.287454054547188,2.1748392698901005
51.0,234.0,132.62808227539062,0.5478783960350889,1.4915126322271512,-4.013231974046128,-3.429931259189822,-0.5853959079524219,-0.5427832579015086,0.3720227595107219,3.5836336395795687,-1.2874814237295416,2.1748392698901005
51.0,234.0,132.62808227539062,0.5478948821106959,1.4915126322271512,-4.013322040356646,-3.4299823092542527,-0.5849024594135139,-0.5427832579015086,0.37059461730126,3.5836336395795687,-1.2874818471703546,2.1748392698901005
51.0,234.0,132.62808227539062,0.5479442460587678,1.49151008825493,-4.0168287821850335,-3.429984982496617,-0.5976865291217942,-0.5427832577767248,0.3698882394018333,3.5836336395795687,-1.2592496340822534,2.1759126645516123
51.0,234.0,132.62808227539062,0.547937616529104,1.49151008825493,-4.0168287821850335,-3.429984982496617,-0.5976865291217942,-0.5427832578991345,0.3698882394018333,3.5836336395795687,-1.2866427087170385,2.1759126645516123
51.0,234.0,132.62808227539062,0.5479371659054912,1.4915106906779072,-4.0168287821850335,-3.4349824467745527,-0.5955271495185809,-0.5427832579015086,0.3698882394018333,3.5703208031567057,-1.2854039180628944,2.1750736287977723
51.0,234.0,132.62808227539062,0.5478948821106959,1.4915126322271512,-4.018565007985094,-3.429984982496617,-0.5849038134755663,-0.5427832579015086,0.3530703330578133,3.5836336395795687,-1.2874818471703546,2.1748392698901005
51.0,234.0,132.62808227539062,0.5478948821106959,1.4915121369401692,-4.017412237295675,-3.429984982496617,-0.5860867837023092,-0.5279721935780763,0.3535768109007595,3.5836336395795687,-1.2873476441941856,2.174267131087437
51.0,234.0,132.62808227539062,0.5478779684829103,1.4915100582119574,-4.016556178241865,-3.429931259189822,-0.5853959079524219,-0.5427832579015086,0.3699401538168486,3.5836336395795687,-1.2874814237295416,2.1748339715722382
51.0,234.0,132.62808227539062,0.5478948821106959,1.491510115505245,-4.018565007985094,-3.429984982496617,-0.585550776313577,-0.5279721935780763,0.3532251727814096,3.5836336395795687,-1.287454054547188,2.174196968619919
51.0,234.0,132.62808227539062,0.5478783960350889,1.4915126322271512,-4.0115682631224345,-3.429931259189822,-0.5853959079524219,-0.5427832577720734,0.3720227595107219,3.5836336401050257,-1.2874814237295416,2.1748392698901005
51.0,234.0,132.62808227539062,0.5478777894201731,1.4915126322271512,-4.013098196013769,-3.4348979588315944,-0.5853959079524219,-0.5427832579015086,0.3720227595107219,3.5836336395795687,-1.2853275760651472,2.175045059501364
51.0,234.0,132.62808227539062,0.5478951812995236,1.4915126322271512,-4.018565007985094,-3.429984982496617,-0.5848787132213917,-0.5427832579015086,0.3701326336091446,3.5836336395795687,-1.2874537400465145,2.1748392698901005
51.0,234.0,132.62808227539062,0.5479371659054912,1.49151008825493,-4.0168287821850335,-3.429984982496617,-0.5976865291217942,-0.542783257787162,0.3672821324565222,3.5836336395795687,-1.2874808364368373,2.1750736287977723
51.0,234.0,132.62808227539062,0.5478948821106959,1.4915126322271512,-4.016336684172381,-3.434426143155825,-0.5849038134755663,-0.542783257782956,0.3530703330578133,3.583633585422957,-1.287482651840964,2.176455547875888
51.0,234.0,132.62808227539062,0.5479371659054912,1.4915106906779072,-4.01855497464395,-3.4349824467745527,-0.5955271495185809,-0.5427832579015086,0.3698627616320903,3.57050069664492,-1.2873897371495855,2.1750736287977723
51.0,234.0,132.62808227539062,0.5478948821106959,1.4915126322271512,-4.018565007985094,-3.429984982496617,-0.5849038134755663,-0.5417862759426133,0.3530854246187211,3.5836336395795687,-1.2874818471703546,2.1748678712457337
51.0,234.0,132.62808227539062,0.5478783960350889,1.4915126322271512,-4.0115682631224345,-3.429931259189822,-0.5853959079524219,-0.5427832577720734,0.3720227595107219,3.5836336401050257,-1.2874814237295416,2.1748392698901005
51.0,234.0,132.62808227539062,0.5478783960350889,1.4915126322271512,-4.013231974046128,-3.429931259189822,-0.5853959079524219,-0.5427832579015086,0.3720227595107219,3.5836336395795687,-1.2874814237295416,2.1748392698901005
51.0,234.0,132.62808227539062,0.5478950984988996,1.4915047339481498,-4.018565007985094,-3.429984982496617,-0.5834720788807439,-0.5427832579015086,0.37059461730126,3.5836336395795687,-1.2874818471703546,2.1748392698901005
51.0,234.0,132.62808227539062,0.5478951812995236,1.4915126322271512,-4.018565007985094,-3.429984982496617,-0.5848779094820971,-0.5427832579015086,0.3712595339174763,3.5836336395795687,-1.2874537400465145,2.1748392698901005
51.0,234.0,132.62808227539062,0.5478931777771237,1.4915101485711668,-4.0168287821850335,-3.429984982496617,-0.5977682839019836,-0.542783257901822,0.3698227181191845,3.5836336395795687,-1.2866427087170385,2.1748619574352266
51.0,234.0,132.62808227539062,0.5479449431421275,1.4915089129393202,-4.017770283732102,-3.43453688910242,-0.5854467428281206,-0.542783257773751,0.353354811350459,3.583633584550882,-1.287480815620589,2.17524651555813
51.0,234.0,132.62808227539062,0.5478951812995236,1.4915126322271512,-4.016838815526177,-3.429984982496617,-0.5848787132213917,-0.5427832579015086,0.3701581113788876,3.583453746091355,-1.285467920959823,2.1748392698901005
51.0,234.0,132.62808227539062,0.5478783960350889,1.4915126322271512,-4.013231974046128,-3.429931259189822,-0.5853959079524219,-0.5427832579015086,0.3720227595107219,3.5836336395795687,-1.2874814237295416,2.1748392698901005
51.0,234.0,132.62808227539062,0.5479383768927283,1.4915101155575186,-4.016829557674948,-3.429984982496617,-0.5850526222642735,-0.5279721935780763,0.3532251727814096,3.5836336395795687,-1.2874550421735926,2.17506624229969
51.0,234.0,132.62808227539062,0.5479438126126436,1.4915126322271512,-4.018565007985094,-3.429984982496617,-0.5975194006387133,-0.5427832579015086,0.3701326336091446,3.5836336395795687,-1.2883035972994583,2.1748392698901005
51.0,234.0,132.62808227539062,0.5478948821106959,1.4915126322271512,-4.018565007985094,-3.429984982496617,-0.5849046172148611,-0.5427832579015086,0.3519434327494816,3.5836336395795687,-1.2874818471703546,2.1748392698901005
51.0,234.0,132.62808227539062,0.5479393208626762,1.4915125719109144,-4.040700792776991,-3.4299823092542527,-0.5848207046333247,-0.5427832578988211,0.3706601385839088,3.5836336395795687,-1.2874818471703546,2.1758899770064857
51.0,234.0,132.62808227539062,0.547893240534502,1.4915101155575186,-4.016602115314464,-3.4299850385750648,-0.5850544538520193,-0.542868027407921,0.3532251727814096,3.5836336395795687,-1.2874776621229187,2.174816816413067
51.0,234.0,132.62808227539062,0.5479452929074433,1.491512940693981,-4.0168287821850335,-3.429984982496617,-0.5976865291217942,-0.5427832577767248,0.3701307659505306,3.5836336395795687,-1.2604577640593833,2.174836722732591
51.0,234.0,132.62808227539062,0.5478950265838155,1.491512770167609,-4.018565007985094,-3.429984982496617,-0.5855074512728781,-0.5427832579015086,0.3527487862190276,3.5836336395795687,-1.2874808635451835,2.1748406629564485
51.0,234.0,132.62808227539062,0.547878504885672,1.4915126322271512,-4.013215937589671,-3.429916541685906,-0.5853959079524219,-0.5427832579015086,0.3720227595107219,3.5836336347399445,-1.2874814237295416,2.1765074249396017
51.0,234.0,132.62808227539062,0.5478783960350889,1.4915126322271512,-4.018712072817035,-3.42998471476643,-0.5853852880407711,-0.5427955023696167,0.3720227595107219,3.5836336395795687,-1.2874814237295416,2.1748392698901005
51.0,234.0,132.62808227539062,0.5478779684829103,1.4915100582119574,-4.016556178241865,-3.429931259189822,-0.5853959079524219,-0.5427832579015086,0.3699401538168486,3.5836336395795687,-1.2874814237295416,2.1748339715722382
51.0,234.0,132.62808227539062,0.5478951812995236,1.4915126322271512,-4.018636021066609,-3.429984982496617,-0.5848779094820971,-0.5427832579015086,0.3712595339174763,3.5836336395795687,-1.2874791234900465,2.1748392698901005
51.0,234.0,132.62808227539062,0.5479438126126436,1.4915126322271512,-4.018565007985094,-3.429797029743666,-0.5975194006387133,-0.5427832579015086,0.3701326336091446,3.583631041414792,-1.2883035972994583,2.1748437404861187
51.0,234.0,132.62808227539062,0.5479393208626762,1.491512578734157,-4.040700792776991,-3.429984855905507,-0.5848207046333247,-0.542783257901575,0.370127098797437,3.5836336395795687,-1.2874801288957012,2.1758899770064857
51.0,234.0,132.62808227539062,0.5478779529403618,1.4915101047517092,-4.016563736223173,-3.429931259189822,-0.5853959079524219,-0.5427832579015086,0.3720227595107219,3.5836336395795687,-1.2874814237295416,2.174834069959463
51.0,234.0,132.62808227539062,0.5479371659054912,1.4915126739937374,-4.018641735686635,-3.429984982496617,-0.584232498697843,-0.5427832579015086,0.3698630959681335,3.5836336395795687,-1.2874539373312437,2.1750736287977723
51.0,234.0,132.62808227539062,0.5478751027957012,1.4915089918222544,-4.017770283732102,-3.43453688910242,-0.5854467428281206,-0.5427832578927154,0.353354811350459,3.583633584550882,-1.2874814327830302,2.1748304111604275
51.0,234.0,132.62808227539062,0.5479443307532503,1.4915089129393202,-4.020530599517375,-3.434557513050347,-0.5873265663083467,-0.542783257773751,0.3700575018888117,3.5836336377119413,-1.287454917965219,2.175238943496297
51.0,234.0,132.62808227539062,0.5478941344508481,1.4915097797880998,-4.018565007985094,-3.429984982496617,-0.5848787132213917,-0.5427832579015086,0.3698901070604473,3.5836336395795687,-1.2862456100693846,2.175915211709121
51.0,235.0,132.62808227539062,0.5478948821106959,1.4915126322271512,-4.018565007985094,-3.429984982496617,-0.5849024594135139,-0.5427832579015086,0.3701326336091446,3.5836336395795687,-1.287454054547188,2.1748392698901005
51.0,235.0,132.62808227539062,0.5478948821106959,1.4915126322271512,-4.018565007985094,-3.429984982496617,-0.5849024594135139,-0.5427832579015086,0.37059461730126,3.5836336395795687,-1.2874818471703546,2.1748392698901005
51.0,235.0,132.62808227539062,0.5478948821106959,1.4915125369362046,-4.018565007985094,-3.429984982496617,-0.585550776313577,-0.5279721935780763,0.3535768109007595,3.5836336395795687,-1.287454054547188,2.174267131087437
51.0,235.0,132.62808227539062,0.5479371659054912,1.49151008825493,-4.0168287821850335,-3.429984982496617,-0.5976865291217942,-0.5427832579015086,0.3698882394018333,3.5836336395795687,-1.2874808364368373,2.1750736287977723
51.0,235.0,132.62808227539062,0.5478783960350889,1.4915126322271512,-4.013231974046128,-3.429931259189822,-0.5853959079524219,-0.5427832579015086,0.3720227595107219,3.5836336395795687,-1.2874814237295416,2.1748392698901005
51.0,235.0,132.62808227539062,0.5478948821106959,1.4915126322271512,-4.018565007985094,-3.429984982496617,-0.5849038134755663,-0.5427832579015086,0.3530703330578133,3.5836336395795687,-1.2874818471703546,2.1748392698901005
51.0,235.0,132.62808227539062,0.5478948821106959,1.4915126322271512,-4.016336684172381,-3.434426143155825,-0.5849038134755663,-0.542783257782956,0.3530703330578133,3.583633585422957,-1.2873613426977333,2.1764212863434835
51.0,235.0,132.62808227539062,0.5478948821106959,1.4915126322271512,-4.018565007985094,-3.429984982496617,-0.5849024594135139,-0.5427832579015086,0.3701326336091446,3.5836336395795687,-1.287454054547188,2.1748392698901005
51.0,235.0,132.62808227539062,0.5478783960350889,1.4915126322271512,-4.013231974046128,-3.429931259189822,-0.5853959079524219,-0.5427832579015086,0.3720227595107219,3.5836336395795687,-1.2874814237295416,2.1748392698901005
51.0,235.0,132.62808227539062,0.5478948821106959,1.4915126322271512,-4.013322040356646,-3.4299823092542527,-0.5849024594135139,-0.5427832579015086,0.37059461730126,3.5836336395795687,-1.2874818471703546,2.1748392698901005
51.0,235.0,132.62808227539062,0.5479442460587678,1.49151008825493,-4.0168287821850335,-3.429984982496617,-0.5976865291217942,-0.5427832577767248,0.3698882394018333,3.5836336395795687,-1.2592496340822534,2.1759126645516123
51.0,235.0,132.62808227539062,0.547937616529104,1.49151008825493,-4.0168287821850335,-3.429984982496617,-0.5976865291217942,-0.5427832578991345,0.3698882394018333,3.5836336395795687,-1.2866427087170385,2.1759126645516123
51.0,235.0,132.62808227539062,0.5479371659054912,1.4915106906779072,-4.0168287821850335,-3.4349824467745527,-0.5955271495185809,-0.5427832579015086,0.3698882394018333,3.5703208031567057,-1.2854039180628944,2.1750736287977723
51.0,235.0,132.62808227539062,0.5478948821106959,1.4915126322271512,-4.018565007985094,-3.429984982496617,-0.5849038134755663,-0.5427832579015086,0.3530703330578133,3.5836336395795687,-1.2874818471703546,2.1748392698901005
51.0,235.0,132.62808227539062,0.5478948821106959,1.4915121369401692,-4.017412237295675,-3.429984982496617,-0.5860867837023092,-0.5279721935780763,0.3535768109007595,3.5836336395795687,-1.2873476441941856,2.174267131087437
51.0,235.0,132.62808227539062,0.5478779684829103,1.4915100582119574,-4.016556178241865,-3.429931259189822,-0.5853959079524219,-0.5427832579015086,0.3699401538168486,3.5836336395795687,-1.2874814237295416,2.1748339715722382
51.0,235.0,132.62808227539062,0.5478948821106959,1.491510115505245,-4.018565007985094,-3.429984982496617,-0.585550776313577,-0.5279721935780763,0.3532251727814096,3.5836336395795687,-1.287454054547188,2.174196968619919
51.0,235.0,132.62808227539062,0.5478783960350889,1.4915126322271512,-4.0115682631224345,-3.429931259189822,-0.5853959079524219,-0.5427832577720734,0.3720227595107219,3.5836336401050257,-1.2874814237295416,2.1748392698901005
51.0,235.0,132.62808227539062,0.5478777894201731,1.4915126322271512,-4.013098196013769,-3.4348979588315944,-0.5853959079524219,-0.5427832579015086,0.3720227595107219,3.5836336395795687,-1.2853275760651472,2.175045059501364
51.0,235.0,132.62808227539062,0.5478951812995236,1.4915126322271512,-4.018565007985094,-3.429984982496617,-0.5848787132213917,-0.5427832579015086,0.3701326336091446,3.5836336395795687,-1.2874537400465145,2.1748392698901005
51.0,235.0,132.62808227539062,0.5479371659054912,1.49151008825493,-4.0168287821850335,-3.429984982496617,-0.5976865291217942,-0.542783257787162,0.3672821324565222,3.5836336395795687,-1.2874808364368373,2.1750736287977723
51.0,235.0,132.62808227539062,0.5478948821106959,1.4915126322271512,-4.016336684172381,-3.434426143155825,-0.5849038134755663,-0.542783257782956,0.3530703330578133,3.583633585422957,-1.287482651840964,2.176455547875888
51.0,235.0,132.62808227539062,0.5479371659054912,1.4915106906779072,-4.01855497464395,-3.4349824467745527,-0.5955271495185809,-0.5427832579015086,0.3698627616320903,3.57050069664492,-1.2873897371495855,2.1750736287977723
51.0,235.0,132.62808227539062,0.5478948821106959,1.4915126322271512,-4.018565007985094,-3.429984982496617,-0.5849038134755663,-0.5417862759426133,0.3530854246187211,3.5836336395795687,-1.2874818471703546,2.1748678712457337
51.0,235.0,132.62808227539062,0.5478783960350889,1.4915126322271512,-4.0115682631224345,-3.429931259189822,-0.5853959079524219,-0.5427832577720734,0.3720227595107219,3.5836336401050257,-1.2874814237295416,2.1748392698901005
51.0,235.0,132.62808227539062,0.5478783960350889,1.4915126322271512,-4.013231974046128,-3.429931259189822,-0.5853959079524219,-0.5427832579015086,0.3720227595107219,3.5836336395795687,-1.2874814237295416,2.1748392698901005
51.0,235.0,132.62808227539062,0.5478950984988996,1.4915047339481498,-4.018565007985094,-3.429984982496617,-0.5834720788807439,-0.5427832579015086,0.37059461730126,3.5836336395795687,-1.2874818471703546,2.1748392698901005
51.0,235.0,132.62808227539062,0.5478951812995236,1.4915126322271512,-4.018565007985094,-3.429984982496617,-0.5848779094820971,-0.5427832579015086,0.3712595339174763,3.5836336395795687,-1.2874537400465145,2.1748392698901005
51.0,235.0,132.62808227539062,0.5478931777771237,1.4915101485711668,-4.0168287821850335,-3.429984982496617,-0.5977682839019836,-0.542783257901822,0.3698227181191845,3.5836336395795687,-1.2866427087170385,2.1748619574352266
51.0,235.0,132.62808227539062,0.5479449431421275,1.4915089129393202,-4.017770283732102,-3.43453688910242,-0.5854467428281206,-0.542783257773751,0.353354811350459,3.583633584550882,-1.287480815620589,2.17524651555813
51.0,235.0,132.62808227539062,0.5478951812995236,1.4915126322271512,-4.016838815526177,-3.429984982496617,-0.5848787132213917,-0.5427832579015086,0.3701581113788876,3.583453746091355,-1.285467920959823,2.1748392698901005
51.0,235.0,132.62808227539062,0.5478783960350889,1.4915126322271512,-4.013231974046128,-3.429931259189822,-0.5853959079524219,-0.5427832579015086,0.3720227595107219,3.5836336395795687,-1.2874814237295416,2.1748392698901005
51.0,235.0,132.62808227539062,0.5479383768927283,1.4915101155575186,-4.016829557674948,-3.429984982496617,-0.5850526222642735,-0.5279721935780763,0.3532251727814096,3.5836336395795687,-1.2874550421735926,2.17506624229969
51.0,235.0,132.62808227539062,0.5479438126126436,1.4915126322271512,-4.018565007985094,-3.429984982496617,-0.5975194006387133,-0.5427832579015086,0.3701326336091446,3.5836336395795687,-1.2883035972994583,2.1748392698901005
51.0,235.0,132.62808227539062,0.5478948821106959,1.4915126322271512,-4.018565007985094,-3.429984982496617,-0.5849046172148611,-0.5427832579015086,0.3519434327494816,3.5836336395795687,-1.2874818471703546,2.1748392698901005
51.0,235.0,132.62808227539062,0.5479393208626762,1.4915125719109144,-4.040700792776991,-3.4299823092542527,-0.5848207046333247,-0.5427832578988211,0.3706601385839088,3.5836336395795687,-1.2874818471703546,2.1758899770064857
51.0,235.0,132.62808227539062,0.547893240534502,1.4915101155575186,-4.016602115314464,-3.4299850385750648,-0.5850544538520193,-0.542868027407921,0.3532251727814096,3.5836336395795687,-1.2874776621229187,2.174816816413067
51.0,235.0,132.62808227539062,0.5479452929074433,1.491512940693981,-4.0168287821850335,-3.429984982496617,-0.5976865291217942,-0.5427832577767248,0.3701307659505306,3.5836336395795687,-1.2604577640593833,2.174836722732591
51.0,235.0,132.62808227539062,0.5478950265838155,1.491512770167609,-4.018565007985094,-3.429984982496617,-0.5855074512728781,-0.5427832579015086,0.3527487862190276,3.5836336395795687,-1.2874808635451835,2.1748406629564485
51.0,235.0,132.62808227539062,0.547878504885672,1.4915126322271512,-4.013215937589671,-3.429916541685906,-0.5853959079524219,-0.5427832579015086,0.3720227595107219,3.5836336347399445,-1.2874814237295416,2.1765074249396017
51.0,235.0,132.62808227539062,0.5478783960350889,1.4915126322271512,-4.018712072817035,-3.42998471476643,-0.5853852880407711,-0.5427955023696167,0.3720227595107219,3.5836336395795687,-1.2874814237295416,2.1748392698901005
51.0,235.0,132.62808227539062,0.5478779684829103,1.4915100582119574,-4.016556178241865,-3.429931259189822,-0.5853959079524219,-0.5427832579015086,0.3699401538168486,3.5836336395795687,-1.2874814237295416,2.1748339715722382
51.0,235.0,132.62808227539062,0.5478951812995236,1.4915126322271512,-4.018636021066609,-3.429984982496617,-0.5848779094820971,-0.5427832579015086,0.3712595339174763,3.5836336395795687,-1.2874791234900465,2.1748392698901005
51.0,235.0,132.62808227539062,0.5479438126126436,1.4915126322271512,-4.018565007985094,-3.429797029743666,-0.5975194006387133,-0.5427832579015086,0.3701326336091446,3.583631041414792,-1.2883035972994583,2.1748437404861187
51.0,235.0,132.62808227539062,0.5479393208626762,1.491512578734157,-4.040700792776991,-3.429984855905507,-0.5848207046333247,-0.542783257901575,0.370127098797437,3.5836336395795687,-1.2874801288957012,2.1758899770064857
51.0,235.0,132.62808227539062,0.5478779529403618,1.4915101047517092,-4.016563736223173,-3.429931259189822,-0.5853959079524219,-0.5427832579015086,0.3720227595107219,3.5836336395795687,-1.2874814237295416,2.174834069959463
51.0,235.0,132.62808227539062,0.5479371659054912,1.4915126739937374,-4.018641735686635,-3.429984982496617,-0.584232498697843,-0.5427832579015086,0.3698630959681335,3.5836336395795687,-1.2874539373312437,2.1750736287977723
51.0,235.0,132.62808227539062,0.5478751027957012,1.4915089918222544,-4.017770283732102,-3.43453688910242,-0.5854467428281206,-0.5427832578927154,0.353354811350459,3.583633584550882,-1.2874814327830302,2.1748304111604275
51.0,235.0,132.62808227539062,0.5479443307532503,1.4915089129393202,-4.020530599517375,-3.434557513050347,-0.5873265663083467,-0.542783257773751,0.3700575018888117,3.5836336377119413,-1.287454917965219,2.175238943496297
51.0,235.0,132.62808227539062,0.5478941344508481,1.4915097797880998,-4.018565007985094,-3.429984982496617,-0.5848787132213917,-0.5427832579015086,0.3698901070604473,3.5836336395795687,-1.2862456100693846,2.175915211709121
51.0,236.0,132.62808227539062,0.5478948821106959,1.4915126322271512,-4.018565007985094,-3.429984982496617,-0.5849024594135139,-0.5427832579015086,0.3701326336091446,3.5836336395795687,-1.287454054547188,2.1748392698901005
51.0,236.0,132.62808227539062,0.5478948821106959,1.4915126322271512,-4.018565007985094,-3.429984982496617,-0.5849024594135139,-0.5427832579015086,0.37059461730126,3.5836336395795687,-1.2874818471703546,2.1748392698901005
51.0,236.0,132.62808227539062,0.5478948821106959,1.4915125369362046,-4.018565007985094,-3.429984982496617,-0.585550776313577,-0.5279721935780763,0.3535768109007595,3.5836336395795687,-1.287454054547188,2.174267131087437
51.0,236.0,132.62808227539062,0.5479371659054912,1.49151008825493,-4.0168287821850335,-3.429984982496617,-0.5976865291217942,-0.5427832579015086,0.3698882394018333,3.5836336395795687,-1.2874808364368373,2.1750736287977723
51.0,236.0,132.62808227539062,0.5478783960350889,1.4915126322271512,-4.013231974046128,-3.429931259189822,-0.5853959079524219,-0.5427832579015086,0.3720227595107219,3.5836336395795687,-1.2874814237295416,2.1748392698901005
51.0,236.0,132.62808227539062,0.5478948821106959,1.4915126322271512,-4.018565007985094,-3.429984982496617,-0.5849038134755663,-0.5427832579015086,0.3530703330578133,3.5836336395795687,-1.2874818471703546,2.1748392698901005
51.0,236.0,132.62808227539062,0.5478948821106959,1.4915126322271512,-4.016336684172381,-3.434426143155825,-0.5849038134755663,-0.542783257782956,0.3530703330578133,3.583633585422957,-1.2873613426977333,2.1764212863434835
51.0,236.0,132.62808227539062,0.5478948821106959,1.4915126322271512,-4.018565007985094,-3.429984982496617,-0.5849024594135139,-0.5427832579015086,0.3701326336091446,3.5836336395795687,-1.287454054547188,2.1748392698901005
51.0,236.0,132.62808227539062,0.5478783960350889,1.4915126322271512,-4.013231974046128,-3.429931259189822,-0.5853959079524219,-0.5427832579015086,0.3720227595107219,3.5836336395795687,-1.2874814237295416,2.1748392698901005
51.0,236.0,132.62808227539062,0.5478948821106959,1.4915126322271512,-4.013322040356646,-3.4299823092542527,-0.5849024594135139,-0.5427832579015086,0.37059461730126,3.5836336395795687,-1.2874818471703546,2.1748392698901005
51.0,236.0,132.62808227539062,0.5479442460587678,1.49151008825493,-4.0168287821850335,-3.429984982496617,-0.5976865291217942,-0.5427832577767248,0.3698882394018333,3.5836336395795687,-1.2592496340822534,2.1759126645516123
51.0,236.0,132.62808227539062,0.547937616529104,1.49151008825493,-4.0168287821850335,-3.429984982496617,-0.5976865291217942,-0.5427832578991345,0.3698882394018333,3.5836336395795687,-1.2866427087170385,2.1759126645516123
51.0,236.0,132.62808227539062,0.5479371659054912,1.4915106906779072,-4.0168287821850335,-3.4349824467745527,-0.5955271495185809,-0.5427832579015086,0.3698882394018333,3.5703208031567057,-1.2854039180628944,2.1750736287977723
51.0,236.0,132.62808227539062,0.5478948821106959,1.4915126322271512,-4.018565007985094,-3.429984982496617,-0.5849038134755663,-0.5427832579015086,0.3530703330578133,3.5836336395795687,-1.2874818471703546,2.1748392698901005
51.0,236.0,132.62808227539062,0.5478948821106959,1.4915121369401692,-4.017412237295675,-3.429984982496617,-0.5860867837023092,-0.5279721935780763,0.3535768109007595,3.5836336395795687,-1.2873476441941856,2.174267131087437
51.0,236.0,132.62808227539062,0.5478779684829103,1.4915100582119574,-4.016556178241865,-3.429931259189822,-0.5853959079524219,-0.5427832579015086,0.3699401538168486,3.5836336395795687,-1.2874814237295416,2.1748339715722382
51.0,236.0,132.62808227539062,0.5478948821106959,1.491510115505245,-4.018565007985094,-3.429984982496617,-0.585550776313577,-0.5279721935780763,0.3532251727814096,3.5836336395795687,-1.287454054547188,2.174196968619919
51.0,236.0,132.62808227539062,0.5478783960350889,1.4915126322271512,-4.0115682631224345,-3.429931259189822,-0.5853959079524219,-0.5427832577720734,0.3720227595107219,3.5836336401050257,-1.2874814237295416,2.1748392698901005
51.0,236.0,132.62808227539062,0.5478777894201731,1.4915126322271512,-4.013098196013769,-3.4348979588315944,-0.5853959079524219,-0.5427832579015086,0.3720227595107219,3.5836336395795687,-1.2853275760651472,2.175045059501364
51.0,236.0,132.62808227539062,0.5478951812995236,1.4915126322271512,-4.018565007985094,-3.429984982496617,-0.5848787132213917,-0.5427832579015086,0.3701326336091446,3.5836336395795687,-1.2874537400465145,2.1748392698901005
51.0,236.0,132.62808227539062,0.5479371659054912,1.49151008825493,-4.0168287821850335,-3.429984982496617,-0.5976865291217942,-0.542783257787162,0.3672821324565222,3.5836336395795687,-1.2874808364368373,2.1750736287977723
51.0,236.0,132.62808227539062,0.5478948821106959,1.4915126322271512,-4.016336684172381,-3.434426143155825,-0.5849038134755663,-0.542783257782956,0.3530703330578133,3.583633585422957,-1.287482651840964,2.176455547875888
51.0,236.0,132.62808227539062,0.5479371659054912,1.4915106906779072,-4.01855497464395,-3.4349824467745527,-0.5955271495185809,-0.5427832579015086,0.3698627616320903,3.57050069664492,-1.2873897371495855,2.1750736287977723
51.0,236.0,132.62808227539062,0.5478948821106959,1.4915126322271512,-4.018565007985094,-3.429984982496617,-0.5849038134755663,-0.5417862759426133,0.3530854246187211,3.5836336395795687,-1.2874818471703546,2.1748678712457337
51.0,236.0,132.62808227539062,0.5478783960350889,1.4915126322271512,-4.0115682631224345,-3.429931259189822,-0.5853959079524219,-0.5427832577720734,0.3720227595107219,3.5836336401050257,-1.2874814237295416,2.1748392698901005
51.0,236.0,132.62808227539062,0.5478783960350889,1.4915126322271512,-4.013231974046128,-3.429931259189822,-0.5853959079524219,-0.5427832579015086,0.3720227595107219,3.5836336395795687,-1.2874814237295416,2.1748392698901005
51.0,236.0,132.62808227539062,0.5478950984988996,1.4915047339481498,-4.018565007985094,-3.429984982496617,-0.5834720788807439,-0.5427832579015086,0.37059461730126,3.5836336395795687,-1.2874818471703546,2.1748392698901005
51.0,236.0,132.62808227539062,0.5478951812995236,1.4915126322271512,-4.018565007985094,-3.429984982496617,-0.5848779094820971,-0.5427832579015086,0.3712595339174763,3.5836336395795687,-1.2874537400465145,2.1748392698901005
51.0,236.0,132.62808227539062,0.5478931777771237,1.4915101485711668,-4.0168287821850335,-3.429984982496617,-0.5977682839019836,-0.542783257901822,0.3698227181191845,3.5836336395795687,-1.2866427087170385,2.1748619574352266
51.0,236.0,132.62808227539062,0.5479449431421275,1.4915089129393202,-4.017770283732102,-3.43453688910242,-0.5854467428281206,-0.542783257773751,0.353354811350459,3.583633584550882,-1.287480815620589,2.17524651555813
51.0,236.0,132.62808227539062,0.5478951812995236,1.4915126322271512,-4.016838815526177,-3.429984982496617,-0.5848787132213917,-0.5427832579015086,0.3701581113788876,3.583453746091355,-1.285467920959823,2.1748392698901005
51.0,236.0,132.62808227539062,0.5478783960350889,1.4915126322271512,-4.013231974046128,-3.429931259189822,-0.5853959079524219,-0.5427832579015086,0.3720227595107219,3.5836336395795687,-1.2874814237295416,2.1748392698901005
51.0,236.0,132.62808227539062,0.5479383768927283,1.4915101155575186,-4.016829557674948,-3.429984982496617,-0.5850526222642735,-0.5279721935780763,0.3532251727814096,3.5836336395795687,-1.2874550421735926,2.17506624229969
51.0,236.0,132.62808227539062,0.5479438126126436,1.4915126322271512,-4.018565007985094,-3.429984982496617,-0.5975194006387133,-0.5427832579015086,0.3701326336091446,3.5836336395795687,-1.2883035972994583,2.1748392698901005
51.0,236.0,132.62808227539062,0.5478948821106959,1.4915126322271512,-4.018565007985094,-3.429984982496617,-0.5849046172148611,-0.5427832579015086,0.3519434327494816,3.5836336395795687,-1.2874818471703546,2.1748392698901005
51.0,236.0,132.62808227539062,0.5479393208626762,1.4915125719109144,-4.040700792776991,-3.4299823092542527,-0.5848207046333247,-0.5427832578988211,0.3706601385839088,3.5836336395795687,-1.2874818471703546,2.1758899770064857
51.0,236.0,132.62808227539062,0.547893240534502,1.4915101155575186,-4.016602115314464,-3.4299850385750648,-0.5850544538520193,-0.542868027407921,0.3532251727814096,3.5836336395795687,-1.2874776621229187,2.174816816413067
51.0,236.0,132.62808227539062,0.5479452929074433,1.491512940693981,-4.0168287821850335,-3.429984982496617,-0.5976865291217942,-0.5427832577767248,0.3701307659505306,3.5836336395795687,-1.2604577640593833,2.174836722732591
51.0,236.0,132.62808227539062,0.5478950265838155,1.491512770167609,-4.018565007985094,-3.429984982496617,-0.5855074512728781,-0.5427832579015086,0.3527487862190276,3.5836336395795687,-1.2874808635451835,2.1748406629564485
51.0,236.0,132.62808227539062,0.547878504885672,1.4915126322271512,-4.013215937589671,-3.429916541685906,-0.5853959079524219,-0.5427832579015086,0.3720227595107219,3.5836336347399445,-1.2874814237295416,2.1765074249396017
51.0,236.0,132.62808227539062,0.5478783960350889,1.4915126322271512,-4.018712072817035,-3.42998471476643,-0.5853852880407711,-0.5427955023696167,0.3720227595107219,3.5836336395795687,-1.2874814237295416,2.1748392698901005
51.0,236.0,132.62808227539062,0.5478779684829103,1.4915100582119574,-4.016556178241865,-3.429931259189822,-0.5853959079524219,-0.5427832579015086,0.3699401538168486,3.5836336395795687,-1.2874814237295416,2.1748339715722382
51.0,236.0,132.62808227539062,0.5478951812995236,1.4915126322271512,-4.018636021066609,-3.429984982496617,-0.5848779094820971,-0.5427832579015086,0.3712595339174763,3.5836336395795687,-1.2874791234900465,2.1748392698901005
51.0,236.0,132.62808227539062,0.5479438126126436,1.4915126322271512,-4.018565007985094,-3.429797029743666,-0.5975194006387133,-0.5427832579015086,0.3701326336091446,3.583631041414792,-1.2883035972994583,2.1748437404861187
51.0,236.0,132.62808227539062,0.5479393208626762,1.491512578734157,-4.040700792776991,-3.429984855905507,-0.5848207046333247,-0.542783257901575,0.370127098797437,3.5836336395795687,-1.2874801288957012,2.1758899770064857
51.0,236.0,132.62808227539062,0.5478779529403618,1.4915101047517092,-4.016563736223173,-3.429931259189822,-0.5853959079524219,-0.5427832579015086,0.3720227595107219,3.5836336395795687,-1.2874814237295416,2.174834069959463
51.0,236.0,132.62808227539062,0.5479371659054912,1.4915126739937374,-4.018641735686635,-3.429984982496617,-0.584232498697843,-0.5427832579015086,0.3698630959681335,3.5836336395795687,-1.2874539373312437,2.1750736287977723
51.0,236.0,132.62808227539062,0.5478751027957012,1.4915089918222544,-4.017770283732102,-3.43453688910242,-0.5854467428281206,-0.5427832578927154,0.353354811350459,3.583633584550882,-1.2874814327830302,2.1748304111604275
51.0,236.0,132.62808227539062,0.5479443307532503,1.4915089129393202,-4.020530599517375,-3.434557513050347,-0.5873265663083467,-0.542783257773751,0.3700575018888117,3.5836336377119413,-1.287454917965219,2.175238943496297
51.0,236.0,132.62808227539062,0.5478941344508481,1.4915097797880998,-4.018565007985094,-3.429984982496617,-0.5848787132213917,-0.5427832579015086,0.3698901070604473,3.5836336395795687,-1.2862456100693846,2.175915211709121
51.0,237.0,132.62808227539062,0.5478948821106959,1.4915126322271512,-4.018565007985094,-3.429984982496617,-0.5849024594135139,-0.5427832579015086,0.3701326336091446,3.5836336395795687,-1.287454054547188,2.1748392698901005
51.0,237.0,132.62808227539062,0.5478948821106959,1.4915126322271512,-4.018565007985094,-3.429984982496617,-0.5849024594135139,-0.5427832579015086,0.37059461730126,3.5836336395795687,-1.2874818471703546,2.1748392698901005
51.0,237.0,132.62808227539062,0.5478948821106959,1.4915125369362046,-4.018565007985094,-3.429984982496617,-0.585550776313577,-0.5279721935780763,0.3535768109007595,3.5836336395795687,-1.287454054547188,2.174267131087437
51.0,237.0,132.62808227539062,0.5479371659054912,1.49151008825493,-4.0168287821850335,-3.429984982496617,-0.5976865291217942,-0.5427832579015086,0.3698882394018333,3.5836336395795687,-1.2874808364368373,2.1750736287977723
51.0,237.0,132.62808227539062,0.5478783960350889,1.4915126322271512,-4.013231974046128,-3.429931259189822,-0.5853959079524219,-0.5427832579015086,0.3720227595107219,3.5836336395795687,-1.2874814237295416,2.1748392698901005
51.0,237.0,132.62808227539062,0.5478948821106959,1.4915126322271512,-4.018565007985094,-3.429984982496617,-0.5849038134755663,-0.5427832579015086,0.3530703330578133,3.5836336395795687,-1.2874818471703546,2.1748392698901005
51.0,237.0,132.62808227539062,0.5478948821106959,1.4915126322271512,-4.016336684172381,-3.434426143155825,-0.5849038134755663,-0.542783257782956,0.3530703330578133,3.583633585422957,-1.2873613426977333,2.1764212863434835
51.0,237.0,132.62808227539062,0.5478948821106959,1.4915126322271512,-4.018565007985094,-3.429984982496617,-0.5849024594135139,-0.5427832579015086,0.3701326336091446,3.5836336395795687,-1.287454054547188,2.1748392698901005
51.0,237.0,132.62808227539062,0.5478783960350889,1.4915126322271512,-4.013231974046128,-3.429931259189822,-0.5853959079524219,-0.5427832579015086,0.3720227595107219,3.5836336395795687,-1.2874814237295416,2.1748392698901005
51.0,237.0,132.62808227539062,0.5478948821106959,1.4915126322271512,-4.013322040356646,-3.4299823092542527,-0.5849024594135139,-0.5427832579015086,0.37059461730126,3.5836336395795687,-1.2874818471703546,2.1748392698901005
51.0,237.0,132.62808227539062,0.5479442460587678,1.49151008825493,-4.0168287821850335,-3.429984982496617,-0.5976865291217942,-0.5427832577767248,0.3698882394018333,3.5836336395795687,-1.2592496340822534,2.1759126645516123
51.0,237.0,132.62808227539062,0.547937616529104,1.49151008825493,-4.0168287821850335,-3.429984982496617,-0.5976865291217942,-0.5427832578991345,0.3698882394018333,3.5836336395795687,-1.2866427087170385,2.1759126645516123
51.0,237.0,132.62808227539062,0.5479371659054912,1.4915106906779072,-4.0168287821850335,-3.4349824467745527,-0.5955271495185809,-0.5427832579015086,0.3698882394018333,3.5703208031567057,-1.2854039180628944,2.1750736287977723
51.0,237.0,132.62808227539062,0.5478948821106959,1.4915126322271512,-4.018565007985094,-3.429984982496617,-0.5849038134755663,-0.5427832579015086,0.3530703330578133,3.5836336395795687,-1.2874818471703546,2.1748392698901005
51.0,237.0,132.62808227539062,0.5478948821106959,1.4915121369401692,-4.017412237295675,-3.429984982496617,-0.5860867837023092,-0.5279721935780763,0.3535768109007595,3.5836336395795687,-1.2873476441941856,2.174267131087437
51.0,237.0,132.62808227539062,0.5478779684829103,1.4915100582119574,-4.016556178241865,-3.429931259189822,-0.5853959079524219,-0.5427832579015086,0.3699401538168486,3.5836336395795687,-1.2874814237295416,2.1748339715722382
51.0,237.0,132.62808227539062,0.5478948821106959,1.491510115505245,-4.018565007985094,-3.429984982496617,-0.585550776313577,-0.5279721935780763,0.3532251727814096,3.5836336395795687,-1.287454054547188,2.174196968619919
51.0,237.0,132.62808227539062,0.5478783960350889,1.4915126322271512,-4.0115682631224345,-3.429931259189822,-0.5853959079524219,-0.5427832577720734,0.3720227595107219,3.5836336401050257,-1.2874814237295416,2.1748392698901005
51.0,237.0,132.62808227539062,0.5478777894201731,1.4915126322271512,-4.013098196013769,-3.4348979588315944,-0.5853959079524219,-0.5427832579015086,0.3720227595107219,3.5836336395795687,-1.2853275760651472,2.175045059501364
51.0,237.0,132.62808227539062,0.5478951812995236,1.4915126322271512,-4.018565007985094,-3.429984982496617,-0.5848787132213917,-0.5427832579015086,0.3701326336091446,3.5836336395795687,-1.2874537400465145,2.1748392698901005
51.0,237.0,132.62808227539062,0.5479371659054912,1.49151008825493,-4.0168287821850335,-3.429984982496617,-0.5976865291217942,-0.542783257787162,0.3672821324565222,3.5836336395795687,-1.2874808364368373,2.1750736287977723
51.0,237.0,132.62808227539062,0.5478948821106959,1.4915126322271512,-4.016336684172381,-3.434426143155825,-0.5849038134755663,-0.542783257782956,0.3530703330578133,3.583633585422957,-1.287482651840964,2.176455547875888
51.0,237.0,132.62808227539062,0.5479371659054912,1.4915106906779072,-4.01855497464395,-3.4349824467745527,-0.5955271495185809,-0.5427832579015086,0.3698627616320903,3.57050069664492,-1.2873897371495855,2.1750736287977723
51.0,237.0,132.62808227539062,0.5478948821106959,1.4915126322271512,-4.018565007985094,-3.429984982496617,-0.5849038134755663,-0.5417862759426133,0.3530854246187211,3.5836336395795687,-1.2874818471703546,2.1748678712457337
51.0,237.0,132.62808227539062,0.5478783960350889,1.4915126322271512,-4.0115682631224345,-3.429931259189822,-0.5853959079524219,-0.5427832577720734,0.3720227595107219,3.5836336401050257,-1.2874814237295416,2.1748392698901005
51.0,237.0,132.62808227539062,0.5478783960350889,1.4915126322271512,-4.013231974046128,-3.429931259189822,-0.5853959079524219,-0.5427832579015086,0.3720227595107219,3.5836336395795687,-1.2874814237295416,2.1748392698901005
51.0,237.0,132.62808227539062,0.5478950984988996,1.4915047339481498,-4.018565007985094,-3.429984982496617,-0.5834720788807439,-0.5427832579015086,0.37059461730126,3.5836336395795687,-1.2874818471703546,2.1748392698901005
51.0,237.0,132.62808227539062,0.5478951812995236,1.4915126322271512,-4.018565007985094,-3.429984982496617,-0.5848779094820971,-0.5427832579015086,0.3712595339174763,3.5836336395795687,-1.2874537400465145,2.1748392698901005
51.0,237.0,132.62808227539062,0.5478931777771237,1.4915101485711668,-4.0168287821850335,-3.429984982496617,-0.5977682839019836,-0.542783257901822,0.3698227181191845,3.5836336395795687,-1.2866427087170385,2.1748619574352266
51.0,237.0,132.62808227539062,0.5479449431421275,1.4915089129393202,-4.017770283732102,-3.43453688910242,-0.5854467428281206,-0.542783257773751,0.353354811350459,3.583633584550882,-1.287480815620589,2.17524651555813
51.0,237.0,132.62808227539062,0.5478951812995236,1.4915126322271512,-4.016838815526177,-3.429984982496617,-0.5848787132213917,-0.5427832579015086,0.3701581113788876,3.583453746091355,-1.285467920959823,2.1748392698901005
51.0,237.0,132.62808227539062,0.5478783960350889,1.4915126322271512,-4.013231974046128,-3.429931259189822,-0.5853959079524219,-0.5427832579015086,0.3720227595107219,3.5836336395795687,-1.2874814237295416,2.1748392698901005
51.0,237.0,132.62808227539062,0.5479383768927283,1.4915101155575186,-4.016829557674948,-3.429984982496617,-0.5850526222642735,-0.5279721935780763,0.3532251727814096,3.5836336395795687,-1.2874550421735926,2.17506624229969
51.0,237.0,132.62808227539062,0.5479438126126436,1.4915126322271512,-4.018565007985094,-3.429984982496617,-0.5975194006387133,-0.5427832579015086,0.3701326336091446,3.5836336395795687,-1.2883035972994583,2.1748392698901005
51.0,237.0,132.62808227539062,0.5478948821106959,1.4915126322271512,-4.018565007985094,-3.429984982496617,-0.5849046172148611,-0.5427832579015086,0.3519434327494816,3.5836336395795687,-1.2874818471703546,2.1748392698901005
51.0,237.0,132.62808227539062,0.5479393208626762,1.4915125719109144,-4.040700792776991,-3.4299823092542527,-0.5848207046333247,-0.5427832578988211,0.3706601385839088,3.5836336395795687,-1.2874818471703546,2.1758899770064857
51.0,237.0,132.62808227539062,0.547893240534502,1.4915101155575186,-4.016602115314464,-3.4299850385750648,-0.5850544538520193,-0.542868027407921,0.3532251727814096,3.5836336395795687,-1.2874776621229187,2.174816816413067
51.0,237.0,132.62808227539062,0.5479452929074433,1.491512940693981,-4.0168287821850335,-3.429984982496617,-0.5976865291217942,-0.5427832577767248,0.3701307659505306,3.5836336395795687,-1.2604577640593833,2.174836722732591
51.0,237.0,132.62808227539062,0.5478950265838155,1.491512770167609,-4.018565007985094,-3.429984982496617,-0.5855074512728781,-0.5427832579015086,0.3527487862190276,3.5836336395795687,-1.2874808635451835,2.1748406629564485
51.0,237.0,132.62808227539062,0.547878504885672,1.4915126322271512,-4.013215937589671,-3.429916541685906,-0.5853959079524219,-0.5427832579015086,0.3720227595107219,3.5836336347399445,-1.2874814237295416,2.1765074249396017
51.0,237.0,132.62808227539062,0.5478783960350889,1.4915126322271512,-4.018712072817035,-3.42998471476643,-0.5853852880407711,-0.5427955023696167,0.3720227595107219,3.5836336395795687,-1.2874814237295416,2.1748392698901005
51.0,237.0,132.62808227539062,0.5478779684829103,1.4915100582119574,-4.016556178241865,-3.429931259189822,-0.5853959079524219,-0.5427832579015086,0.3699401538168486,3.5836336395795687,-1.2874814237295416,2.1748339715722382
51.0,237.0,132.62808227539062,0.5478951812995236,1.4915126322271512,-4.018636021066609,-3.429984982496617,-0.5848779094820971,-0.5427832579015086,0.3712595339174763,3.5836336395795687,-1.2874791234900465,2.1748392698901005
51.0,237.0,132.62808227539062,0.5479438126126436,1.4915126322271512,-4.018565007985094,-3.429797029743666,-0.5975194006387133,-0.5427832579015086,0.3701326336091446,3.583631041414792,-1.2883035972994583,2.1748437404861187
51.0,237.0,132.62808227539062,0.5479393208626762,1.491512578734157,-4.040700792776991,-3.429984855905507,-0.5848207046333247,-0.542783257901575,0.370127098797437,3.5836336395795687,-1.2874801288957012,2.1758899770064857
51.0,237.0,132.62808227539062,0.5478779529403618,1.4915101047517092,-4.016563736223173,-3.429931259189822,-0.5853959079524219,-0.5427832579015086,0.3720227595107219,3.5836336395795687,-1.2874814237295416,2.174834069959463
51.0,237.0,132.62808227539062,0.5479371659054912,1.4915126739937374,-4.018641735686635,-3.429984982496617,-0.584232498697843,-0.5427832579015086,0.3698630959681335,3.5836336395795687,-1.2874539373312437,2.1750736287977723
51.0,237.0,132.62808227539062,0.5478751027957012,1.4915089918222544,-4.017770283732102,-3.43453688910242,-0.5854467428281206,-0.5427832578927154,0.353354811350459,3.583633584550882,-1.2874814327830302,2.1748304111604275
51.0,237.0,132.62808227539062,0.5479443307532503,1.4915089129393202,-4.020530599517375,-3.434557513050347,-0.5873265663083467,-0.542783257773751,0.3700575018888117,3.5836336377119413,-1.287454917965219,2.175238943496297
51.0,237.0,132.62808227539062,0.5478941344508481,1.4915097797880998,-4.018565007985094,-3.429984982496617,-0.5848787132213917,-0.5427832579015086,0.3698901070604473,3.5836336395795687,-1.2862456100693846,2.175915211709121
51.0,238.0,132.62808227539062,0.5478948821106959,1.4915126322271512,-4.018565007985094,-3.429984982496617,-0.5849024594135139,-0.5427832579015086,0.3701326336091446,3.5836336395795687,-1.287454054547188,2.1748392698901005
51.0,238.0,132.62808227539062,0.5478948821106959,1.4915126322271512,-4.018565007985094,-3.429984982496617,-0.5849024594135139,-0.5427832579015086,0.37059461730126,3.5836336395795687,-1.2874818471703546,2.1748392698901005
51.0,238.0,132.62808227539062,0.5478948821106959,1.4915125369362046,-4.018565007985094,-3.429984982496617,-0.585550776313577,-0.5279721935780763,0.3535768109007595,3.5836336395795687,-1.287454054547188,2.174267131087437
51.0,238.0,132.62808227539062,0.5479371659054912,1.49151008825493,-4.0168287821850335,-3.429984982496617,-0.5976865291217942,-0.5427832579015086,0.3698882394018333,3.5836336395795687,-1.2874808364368373,2.1750736287977723
51.0,238.0,132.62808227539062,0.5478783960350889,1.4915126322271512,-4.013231974046128,-3.429931259189822,-0.5853959079524219,-0.5427832579015086,0.3720227595107219,3.5836336395795687,-1.2874814237295416,2.1748392698901005
51.0,238.0,132.62808227539062,0.5478948821106959,1.4915126322271512,-4.018565007985094,-3.429984982496617,-0.5849038134755663,-0.5427832579015086,0.3530703330578133,3.5836336395795687,-1.2874818471703546,2.1748392698901005
51.0,238.0,132.62808227539062,0.5478948821106959,1.4915126322271512,-4.016336684172381,-3.434426143155825,-0.5849038134755663,-0.542783257782956,0.3530703330578133,3.583633585422957,-1.2873613426977333,2.1764212863434835
51.0,238.0,132.62808227539062,0.5478948821106959,1.4915126322271512,-4.018565007985094,-3.429984982496617,-0.5849024594135139,-0.5427832579015086,0.3701326336091446,3.5836336395795687,-1.287454054547188,2.1748392698901005
51.0,238.0,132.62808227539062,0.5478783960350889,1.4915126322271512,-4.013231974046128,-3.429931259189822,-0.5853959079524219,-0.5427832579015086,0.3720227595107219,3.5836336395795687,-1.2874814237295416,2.1748392698901005
51.0,238.0,132.62808227539062,0.5478948821106959,1.4915126322271512,-4.013322040356646,-3.4299823092542527,-0.5849024594135139,-0.5427832579015086,0.37059461730126,3.5836336395795687,-1.2874818471703546,2.1748392698901005
51.0,238.0,132.62808227539062,0.5479442460587678,1.49151008825493,-4.0168287821850335,-3.429984982496617,-0.5976865291217942,-0.5427832577767248,0.3698882394018333,3.5836336395795687,-1.2592496340822534,2.1759126645516123
51.0,238.0,132.62808227539062,0.547937616529104,1.49151008825493,-4.0168287821850335,-3.429984982496617,-0.5976865291217942,-0.5427832578991345,0.3698882394018333,3.5836336395795687,-1.2866427087170385,2.1759126645516123
51.0,238.0,132.62808227539062,0.5479371659054912,1.4915106906779072,-4.0168287821850335,-3.4349824467745527,-0.5955271495185809,-0.5427832579015086,0.3698882394018333,3.5703208031567057,-1.2854039180628944,2.1750736287977723
51.0,238.0,132.62808227539062,0.5478948821106959,1.4915126322271512,-4.018565007985094,-3.429984982496617,-0.5849038134755663,-0.5427832579015086,0.3530703330578133,3.5836336395795687,-1.2874818471703546,2.1748392698901005
51.0,238.0,132.62808227539062,0.5478948821106959,1.4915121369401692,-4.017412237295675,-3.429984982496617,-0.5860867837023092,-0.5279721935780763,0.3535768109007595,3.5836336395795687,-1.2873476441941856,2.174267131087437
51.0,238.0,132.62808227539062,0.5478779684829103,1.4915100582119574,-4.016556178241865,-3.429931259189822,-0.5853959079524219,-0.5427832579015086,0.3699401538168486,3.5836336395795687,-1.2874814237295416,2.1748339715722382
51.0,238.0,132.62808227539062,0.5478948821106959,1.491510115505245,-4.018565007985094,-3.429984982496617,-0.585550776313577,-0.5279721935780763,0.3532251727814096,3.5836336395795687,-1.287454054547188,2.174196968619919
51.0,238.0,132.62808227539062,0.5478783960350889,1.4915126322271512,-4.0115682631224345,-3.429931259189822,-0.5853959079524219,-0.5427832577720734,0.3720227595107219,3.5836336401050257,-1.2874814237295416,2.1748392698901005
51.0,238.0,132.62808227539062,0.5478777894201731,1.4915126322271512,-4.013098196013769,-3.4348979588315944,-0.5853959079524219,-0.5427832579015086,0.3720227595107219,3.5836336395795687,-1.2853275760651472,2.175045059501364
51.0,238.0,132.62808227539062,0.5478951812995236,1.4915126322271512,-4.018565007985094,-3.429984982496617,-0.5848787132213917,-0.5427832579015086,0.3701326336091446,3.5836336395795687,-1.2874537400465145,2.1748392698901005
51.0,238.0,132.62808227539062,0.5479371659054912,1.49151008825493,-4.0168287821850335,-3.429984982496617,-0.5976865291217942,-0.542783257787162,0.3672821324565222,3.5836336395795687,-1.2874808364368373,2.1750736287977723
51.0,238.0,132.62808227539062,0.5478948821106959,1.4915126322271512,-4.016336684172381,-3.434426143155825,-0.5849038134755663,-0.542783257782956,0.3530703330578133,3.583633585422957,-1.287482651840964,2.176455547875888
51.0,238.0,132.62808227539062,0.5479371659054912,1.4915106906779072,-4.01855497464395,-3.4349824467745527,-0.5955271495185809,-0.5427832579015086,0.3698627616320903,3.57050069664492,-1.2873897371495855,2.1750736287977723
51.0,238.0,132.62808227539062,0.5478948821106959,1.4915126322271512,-4.018565007985094,-3.429984982496617,-0.5849038134755663,-0.5417862759426133,0.3530854246187211,3.5836336395795687,-1.2874818471703546,2.1748678712457337
51.0,238.0,132.62808227539062,0.5478783960350889,1.4915126322271512,-4.0115682631224345,-3.429931259189822,-0.5853959079524219,-0.5427832577720734,0.3720227595107219,3.5836336401050257,-1.2874814237295416,2.1748392698901005
51.0,238.0,132.62808227539062,0.5478783960350889,1.4915126322271512,-4.013231974046128,-3.429931259189822,-0.5853959079524219,-0.5427832579015086,0.3720227595107219,3.5836336395795687,-1.2874814237295416,2.1748392698901005
51.0,238.0,132.62808227539062,0.5478950984988996,1.4915047339481498,-4.018565007985094,-3.429984982496617,-0.5834720788807439,-0.5427832579015086,0.37059461730126,3.5836336395795687,-1.2874818471703546,2.1748392698901005
51.0,238.0,132.62808227539062,0.5478951812995236,1.4915126322271512,-4.018565007985094,-3.429984982496617,-0.5848779094820971,-0.5427832579015086,0.3712595339174763,3.5836336395795687,-1.2874537400465145,2.1748392698901005
51.0,238.0,132.62808227539062,0.5478931777771237,1.4915101485711668,-4.0168287821850335,-3.429984982496617,-0.5977682839019836,-0.542783257901822,0.3698227181191845,3.5836336395795687,-1.2866427087170385,2.1748619574352266
51.0,238.0,132.62808227539062,0.5479449431421275,1.4915089129393202,-4.017770283732102,-3.43453688910242,-0.5854467428281206,-0.542783257773751,0.353354811350459,3.583633584550882,-1.287480815620589,2.17524651555813
51.0,238.0,132.62808227539062,0.5478951812995236,1.4915126322271512,-4.016838815526177,-3.429984982496617,-0.5848787132213917,-0.5427832579015086,0.3701581113788876,3.583453746091355,-1.285467920959823,2.1748392698901005
51.0,238.0,132.62808227539062,0.5478783960350889,1.4915126322271512,-4.013231974046128,-3.429931259189822,-0.5853959079524219,-0.5427832579015086,0.3720227595107219,3.5836336395795687,-1.2874814237295416,2.1748392698901005
51.0,238.0,132.62808227539062,0.5479383768927283,1.4915101155575186,-4.016829557674948,-3.429984982496617,-0.5850526222642735,-0.5279721935780763,0.3532251727814096,3.5836336395795687,-1.2874550421735926,2.17506624229969
51.0,238.0,132.62808227539062,0.5479438126126436,1.4915126322271512,-4.018565007985094,-3.429984982496617,-0.5975194006387133,-0.5427832579015086,0.3701326336091446,3.5836336395795687,-1.2883035972994583,2.1748392698901005
51.0,238.0,132.62808227539062,0.5478948821106959,1.4915126322271512,-4.018565007985094,-3.429984982496617,-0.5849046172148611,-0.5427832579015086,0.3519434327494816,3.5836336395795687,-1.2874818471703546,2.1748392698901005
51.0,238.0,132.62808227539062,0.5479393208626762,1.4915125719109144,-4.040700792776991,-3.4299823092542527,-0.5848207046333247,-0.5427832578988211,0.3706601385839088,3.5836336395795687,-1.2874818471703546,2.1758899770064857
51.0,238.0,132.62808227539062,0.547893240534502,1.4915101155575186,-4.016602115314464,-3.4299850385750648,-0.5850544538520193,-0.542868027407921,0.3532251727814096,3.5836336395795687,-1.2874776621229187,2.174816816413067
51.0,238.0,132.62808227539062,0.5479452929074433,1.491512940693981,-4.0168287821850335,-3.429984982496617,-0.5976865291217942,-0.5427832577767248,0.3701307659505306,3.5836336395795687,-1.2604577640593833,2.174836722732591
51.0,238.0,132.62808227539062,0.5478950265838155,1.491512770167609,-4.018565007985094,-3.429984982496617,-0.5855074512728781,-0.5427832579015086,0.3527487862190276,3.5836336395795687,-1.2874808635451835,2.1748406629564485
51.0,238.0,132.62808227539062,0.547878504885672,1.4915126322271512,-4.013215937589671,-3.429916541685906,-0.5853959079524219,-0.5427832579015086,0.3720227595107219,3.5836336347399445,-1.2874814237295416,2.1765074249396017
51.0,238.0,132.62808227539062,0.5478783960350889,1.4915126322271512,-4.018712072817035,-3.42998471476643,-0.5853852880407711,-0.5427955023696167,0.3720227595107219,3.5836336395795687,-1.2874814237295416,2.1748392698901005
51.0,238.0,132.62808227539062,0.5478779684829103,1.4915100582119574,-4.016556178241865,-3.429931259189822,-0.5853959079524219,-0.5427832579015086,0.3699401538168486,3.5836336395795687,-1.2874814237295416,2.1748339715722382
51.0,238.0,132.62808227539062,0.5478951812995236,1.4915126322271512,-4.018636021066609,-3.429984982496617,-0.5848779094820971,-0.5427832579015086,0.3712595339174763,3.5836336395795687,-1.2874791234900465,2.1748392698901005
51.0,238.0,132.62808227539062,0.5479438126126436,1.4915126322271512,-4.018565007985094,-3.429797029743666,-0.5975194006387133,-0.5427832579015086,0.3701326336091446,3.583631041414792,-1.2883035972994583,2.1748437404861187
51.0,238.0,132.62808227539062,0.5479393208626762,1.491512578734157,-4.040700792776991,-3.429984855905507,-0.5848207046333247,-0.542783257901575,0.370127098797437,3.5836336395795687,-1.2874801288957012,2.1758899770064857
51.0,238.0,132.62808227539062,0.5478779529403618,1.4915101047517092,-4.016563736223173,-3.429931259189822,-0.5853959079524219,-0.5427832579015086,0.3720227595107219,3.5836336395795687,-1.2874814237295416,2.174834069959463
51.0,238.0,132.62808227539062,0.5479371659054912,1.4915126739937374,-4.018641735686635,-3.429984982496617,-0.584232498697843,-0.5427832579015086,0.3698630959681335,3.5836336395795687,-1.2874539373312437,2.1750736287977723
51.0,238.0,132.62808227539062,0.5478751027957012,1.4915089918222544,-4.017770283732102,-3.43453688910242,-0.5854467428281206,-0.5427832578927154,0.353354811350459,3.583633584550882,-1.2874814327830302,2.1748304111604275
51.0,238.0,132.62808227539062,0.5479443307532503,1.4915089129393202,-4.020530599517375,-3.434557513050347,-0.5873265663083467,-0.542783257773751,0.3700575018888117,3.5836336377119413,-1.287454917965219,2.175238943496297
51.0,238.0,132.62808227539062,0.5478941344508481,1.4915097797880998,-4.018565007985094,-3.429984982496617,-0.5848787132213917,-0.5427832579015086,0.3698901070604473,3.5836336395795687,-1.2862456100693846,2.175915211709121
51.0,239.0,132.62808227539062,0.5478948821106959,1.4915126322271512,-4.018565007985094,-3.429984982496617,-0.5849024594135139,-0.5427832579015086,0.3701326336091446,3.5836336395795687,-1.287454054547188,2.1748392698901005
51.0,239.0,132.62808227539062,0.5478948821106959,1.4915126322271512,-4.018565007985094,-3.429984982496617,-0.5849024594135139,-0.5427832579015086,0.37059461730126,3.5836336395795687,-1.2874818471703546,2.1748392698901005
51.0,239.0,132.62808227539062,0.5478948821106959,1.4915125369362046,-4.018565007985094,-3.429984982496617,-0.585550776313577,-0.5279721935780763,0.3535768109007595,3.5836336395795687,-1.287454054547188,2.174267131087437
51.0,239.0,132.62808227539062,0.5479371659054912,1.49151008825493,-4.0168287821850335,-3.429984982496617,-0.5976865291217942,-0.5427832579015086,0.3698882394018333,3.5836336395795687,-1.2874808364368373,2.1750736287977723
51.0,239.0,132.62808227539062,0.5478783960350889,1.4915126322271512,-4.013231974046128,-3.429931259189822,-0.5853959079524219,-0.5427832579015086,0.3720227595107219,3.5836336395795687,-1.2874814237295416,2.1748392698901005
51.0,239.0,132.62808227539062,0.5478948821106959,1.4915126322271512,-4.018565007985094,-3.429984982496617,-0.5849038134755663,-0.5427832579015086,0.3530703330578133,3.5836336395795687,-1.2874818471703546,2.1748392698901005
51.0,239.0,132.62808227539062,0.5478948821106959,1.4915126322271512,-4.016336684172381,-3.434426143155825,-0.5849038134755663,-0.542783257782956,0.3530703330578133,3.583633585422957,-1.2873613426977333,2.1764212863434835
51.0,239.0,132.62808227539062,0.5478948821106959,1.4915126322271512,-4.018565007985094,-3.429984982496617,-0.5849024594135139,-0.5427832579015086,0.3701326336091446,3.5836336395795687,-1.287454054547188,2.1748392698901005
51.0,239.0,132.62808227539062,0.5478783960350889,1.4915126322271512,-4.013231974046128,-3.429931259189822,-0.5853959079524219,-0.5427832579015086,0.3720227595107219,3.5836336395795687,-1.2874814237295416,2.1748392698901005
51.0,239.0,132.62808227539062,0.5478948821106959,1.4915126322271512,-4.013322040356646,-3.4299823092542527,-0.5849024594135139,-0.5427832579015086,0.37059461730126,3.5836336395795687,-1.2874818471703546,2.1748392698901005
51.0,239.0,132.62808227539062,0.5479442460587678,1.49151008825493,-4.0168287821850335,-3.429984982496617,-0.5976865291217942,-0.5427832577767248,0.3698882394018333,3.5836336395795687,-1.2592496340822534,2.1759126645516123
51.0,239.0,132.62808227539062,0.547937616529104,1.49151008825493,-4.0168287821850335,-3.429984982496617,-0.5976865291217942,-0.5427832578991345,0.3698882394018333,3.5836336395795687,-1.2866427087170385,2.1759126645516123
51.0,239.0,132.62808227539062,0.5479371659054912,1.4915106906779072,-4.0168287821850335,-3.4349824467745527,-0.5955271495185809,-0.5427832579015086,0.3698882394018333,3.5703208031567057,-1.2854039180628944,2.1750736287977723
51.0,239.0,132.62808227539062,0.5478948821106959,1.4915126322271512,-4.018565007985094,-3.429984982496617,-0.5849038134755663,-0.5427832579015086,0.3530703330578133,3.5836336395795687,-1.2874818471703546,2.1748392698901005
51.0,239.0,132.62808227539062,0.5478948821106959,1.4915121369401692,-4.017412237295675,-3.429984982496617,-0.5860867837023092,-0.5279721935780763,0.3535768109007595,3.5836336395795687,-1.2873476441941856,2.174267131087437
51.0,239.0,132.62808227539062,0.5478779684829103,1.4915100582119574,-4.016556178241865,-3.429931259189822,-0.5853959079524219,-0.5427832579015086,0.3699401538168486,3.5836336395795687,-1.2874814237295416,2.1748339715722382
51.0,239.0,132.62808227539062,0.5478948821106959,1.491510115505245,-4.018565007985094,-3.429984982496617,-0.585550776313577,-0.5279721935780763,0.3532251727814096,3.5836336395795687,-1.287454054547188,2.174196968619919
51.0,239.0,132.62808227539062,0.5478783960350889,1.4915126322271512,-4.0115682631224345,-3.429931259189822,-0.5853959079524219,-0.5427832577720734,0.3720227595107219,3.5836336401050257,-1.2874814237295416,2.1748392698901005
51.0,239.0,132.62808227539062,0.5478777894201731,1.4915126322271512,-4.013098196013769,-3.4348979588315944,-0.5853959079524219,-0.5427832579015086,0.3720227595107219,3.5836336395795687,-1.2853275760651472,2.175045059501364
51.0,239.0,132.62808227539062,0.5478951812995236,1.4915126322271512,-4.018565007985094,-3.429984982496617,-0.5848787132213917,-0.5427832579015086,0.3701326336091446,3.5836336395795687,-1.2874537400465145,2.1748392698901005
51.0,239.0,132.62808227539062,0.5479371659054912,1.49151008825493,-4.0168287821850335,-3.429984982496617,-0.5976865291217942,-0.542783257787162,0.3672821324565222,3.5836336395795687,-1.2874808364368373,2.1750736287977723
51.0,239.0,132.62808227539062,0.5478948821106959,1.4915126322271512,-4.016336684172381,-3.434426143155825,-0.5849038134755663,-0.542783257782956,0.3530703330578133,3.583633585422957,-1.287482651840964,2.176455547875888
51.0,239.0,132.62808227539062,0.5479371659054912,1.4915106906779072,-4.01855497464395,-3.4349824467745527,-0.5955271495185809,-0.5427832579015086,0.3698627616320903,3.57050069664492,-1.2873897371495855,2.1750736287977723
51.0,239.0,132.62808227539062,0.5478948821106959,1.4915126322271512,-4.018565007985094,-3.429984982496617,-0.5849038134755663,-0.5417862759426133,0.3530854246187211,3.5836336395795687,-1.2874818471703546,2.1748678712457337
51.0,239.0,132.62808227539062,0.5478783960350889,1.4915126322271512,-4.0115682631224345,-3.429931259189822,-0.5853959079524219,-0.5427832577720734,0.3720227595107219,3.5836336401050257,-1.2874814237295416,2.1748392698901005
51.0,239.0,132.62808227539062,0.5478783960350889,1.4915126322271512,-4.013231974046128,-3.429931259189822,-0.5853959079524219,-0.5427832579015086,0.3720227595107219,3.5836336395795687,-1.2874814237295416,2.1748392698901005
51.0,239.0,132.62808227539062,0.5478950984988996,1.4915047339481498,-4.018565007985094,-3.429984982496617,-0.5834720788807439,-0.5427832579015086,0.37059461730126,3.5836336395795687,-1.2874818471703546,2.1748392698901005
51.0,239.0,132.62808227539062,0.5478951812995236,1.4915126322271512,-4.018565007985094,-3.429984982496617,-0.5848779094820971,-0.5427832579015086,0.3712595339174763,3.5836336395795687,-1.2874537400465145,2.1748392698901005
51.0,239.0,132.62808227539062,0.5478931777771237,1.4915101485711668,-4.0168287821850335,-3.429984982496617,-0.5977682839019836,-0.542783257901822,0.3698227181191845,3.5836336395795687,-1.2866427087170385,2.1748619574352266
51.0,239.0,132.62808227539062,0.5479449431421275,1.4915089129393202,-4.017770283732102,-3.43453688910242,-0.5854467428281206,-0.542783257773751,0.353354811350459,3.583633584550882,-1.287480815620589,2.17524651555813
51.0,239.0,132.62808227539062,0.5478951812995236,1.4915126322271512,-4.016838815526177,-3.429984982496617,-0.5848787132213917,-0.5427832579015086,0.3701581113788876,3.583453746091355,-1.285467920959823,2.1748392698901005
51.0,239.0,132.62808227539062,0.5478783960350889,1.4915126322271512,-4.013231974046128,-3.429931259189822,-0.5853959079524219,-0.5427832579015086,0.3720227595107219,3.5836336395795687,-1.2874814237295416,2.1748392698901005
51.0,239.0,132.62808227539062,0.5479383768927283,1.4915101155575186,-4.016829557674948,-3.429984982496617,-0.5850526222642735,-0.5279721935780763,0.3532251727814096,3.5836336395795687,-1.2874550421735926,2.17506624229969
51.0,239.0,132.62808227539062,0.5479438126126436,1.4915126322271512,-4.018565007985094,-3.429984982496617,-0.5975194006387133,-0.5427832579015086,0.3701326336091446,3.5836336395795687,-1.2883035972994583,2.1748392698901005
51.0,239.0,132.62808227539062,0.5478948821106959,1.4915126322271512,-4.018565007985094,-3.429984982496617,-0.5849046172148611,-0.5427832579015086,0.3519434327494816,3.5836336395795687,-1.2874818471703546,2.1748392698901005
51.0,239.0,132.62808227539062,0.5479393208626762,1.4915125719109144,-4.040700792776991,-3.4299823092542527,-0.5848207046333247,-0.5427832578988211,0.3706601385839088,3.5836336395795687,-1.2874818471703546,2.1758899770064857
51.0,239.0,132.62808227539062,0.547893240534502,1.4915101155575186,-4.016602115314464,-3.4299850385750648,-0.5850544538520193,-0.542868027407921,0.3532251727814096,3.5836336395795687,-1.2874776621229187,2.174816816413067
51.0,239.0,132.62808227539062,0.5479452929074433,1.491512940693981,-4.0168287821850335,-3.429984982496617,-0.5976865291217942,-0.5427832577767248,0.3701307659505306,3.5836336395795687,-1.2604577640593833,2.174836722732591
51.0,239.0,132.62808227539062,0.5478950265838155,1.491512770167609,-4.018565007985094,-3.429984982496617,-0.5855074512728781,-0.5427832579015086,0.3527487862190276,3.5836336395795687,-1.2874808635451835,2.1748406629564485
51.0,239.0,132.62808227539062,0.547878504885672,1.4915126322271512,-4.013215937589671,-3.429916541685906,-0.5853959079524219,-0.5427832579015086,0.3720227595107219,3.5836336347399445,-1.2874814237295416,2.1765074249396017
51.0,239.0,132.62808227539062,0.5478783960350889,1.4915126322271512,-4.018712072817035,-3.42998471476643,-0.5853852880407711,-0.5427955023696167,0.3720227595107219,3.5836336395795687,-1.2874814237295416,2.1748392698901005
51.0,239.0,132.62808227539062,0.5478779684829103,1.4915100582119574,-4.016556178241865,-3.429931259189822,-0.5853959079524219,-0.5427832579015086,0.3699401538168486,3.5836336395795687,-1.2874814237295416,2.1748339715722382
51.0,239.0,132.62808227539062,0.5478951812995236,1.4915126322271512,-4.018636021066609,-3.429984982496617,-0.5848779094820971,-0.5427832579015086,0.3712595339174763,3.5836336395795687,-1.2874791234900465,2.1748392698901005
51.0,239.0,132.62808227539062,0.5479438126126436,1.4915126322271512,-4.018565007985094,-3.429797029743666,-0.5975194006387133,-0.5427832579015086,0.3701326336091446,3.583631041414792,-1.2883035972994583,2.1748437404861187
51.0,239.0,132.62808227539062,0.5479393208626762,1.491512578734157,-4.040700792776991,-3.429984855905507,-0.5848207046333247,-0.542783257901575,0.370127098797437,3.5836336395795687,-1.2874801288957012,2.1758899770064857
51.0,239.0,132.62808227539062,0.5478779529403618,1.4915101047517092,-4.016563736223173,-3.429931259189822,-0.5853959079524219,-0.5427832579015086,0.3720227595107219,3.5836336395795687,-1.2874814237295416,2.174834069959463
51.0,239.0,132.62808227539062,0.5479371659054912,1.4915126739937374,-4.018641735686635,-3.429984982496617,-0.584232498697843,-0.5427832579015086,0.3698630959681335,3.5836336395795687,-1.2874539373312437,2.1750736287977723
51.0,239.0,132.62808227539062,0.5478751027957012,1.4915089918222544,-4.017770283732102,-3.43453688910242,-0.5854467428281206,-0.5427832578927154,0.353354811350459,3.583633584550882,-1.2874814327830302,2.1748304111604275
51.0,239.0,132.62808227539062,0.5479443307532503,1.4915089129393202,-4.020530599517375,-3.434557513050347,-0.5873265663083467,-0.542783257773751,0.3700575018888117,3.5836336377119413,-1.287454917965219,2.175238943496297
51.0,239.0,132.62808227539062,0.5478941344508481,1.4915097797880998,-4.018565007985094,-3.429984982496617,-0.5848787132213917,-0.5427832579015086,0.3698901070604473,3.5836336395795687,-1.2862456100693846,2.175915211709121
51.0,240.0,132.62808227539062,0.5478948821106959,1.4915126322271512,-4.018565007985094,-3.429984982496617,-0.5849024594135139,-0.5427832579015086,0.3701326336091446,3.5836336395795687,-1.287454054547188,2.1748392698901005
51.0,240.0,132.62808227539062,0.5478948821106959,1.4915126322271512,-4.018565007985094,-3.429984982496617,-0.5849024594135139,-0.5427832579015086,0.37059461730126,3.5836336395795687,-1.2874818471703546,2.1748392698901005
51.0,240.0,132.62808227539062,0.5478948821106959,1.4915125369362046,-4.018565007985094,-3.429984982496617,-0.585550776313577,-0.5279721935780763,0.3535768109007595,3.5836336395795687,-1.287454054547188,2.174267131087437
51.0,240.0,132.62808227539062,0.5479371659054912,1.49151008825493,-4.0168287821850335,-3.429984982496617,-0.5976865291217942,-0.5427832579015086,0.3698882394018333,3.5836336395795687,-1.2874808364368373,2.1750736287977723
51.0,240.0,132.62808227539062,0.5478783960350889,1.4915126322271512,-4.013231974046128,-3.429931259189822,-0.5853959079524219,-0.5427832579015086,0.3720227595107219,3.5836336395795687,-1.2874814237295416,2.1748392698901005
51.0,240.0,132.62808227539062,0.5478948821106959,1.4915126322271512,-4.018565007985094,-3.429984982496617,-0.5849038134755663,-0.5427832579015086,0.3530703330578133,3.5836336395795687,-1.2874818471703546,2.1748392698901005
51.0,240.0,132.62808227539062,0.5478948821106959,1.4915126322271512,-4.016336684172381,-3.434426143155825,-0.5849038134755663,-0.542783257782956,0.3530703330578133,3.583633585422957,-1.2873613426977333,2.1764212863434835
51.0,240.0,132.62808227539062,0.5478948821106959,1.4915126322271512,-4.018565007985094,-3.429984982496617,-0.5849024594135139,-0.5427832579015086,0.3701326336091446,3.5836336395795687,-1.287454054547188,2.1748392698901005
51.0,240.0,132.62808227539062,0.5478783960350889,1.4915126322271512,-4.013231974046128,-3.429931259189822,-0.5853959079524219,-0.5427832579015086,0.3720227595107219,3.5836336395795687,-1.2874814237295416,2.1748392698901005
51.0,240.0,132.62808227539062,0.5478948821106959,1.4915126322271512,-4.013322040356646,-3.4299823092542527,-0.5849024594135139,-0.5427832579015086,0.37059461730126,3.5836336395795687,-1.2874818471703546,2.1748392698901005
51.0,240.0,132.62808227539062,0.5479442460587678,1.49151008825493,-4.0168287821850335,-3.429984982496617,-0.5976865291217942,-0.5427832577767248,0.3698882394018333,3.5836336395795687,-1.2592496340822534,2.1759126645516123
51.0,240.0,132.62808227539062,0.547937616529104,1.49151008825493,-4.0168287821850335,-3.429984982496617,-0.5976865291217942,-0.5427832578991345,0.3698882394018333,3.5836336395795687,-1.2866427087170385,2.1759126645516123
51.0,240.0,132.62808227539062,0.5479371659054912,1.4915106906779072,-4.0168287821850335,-3.4349824467745527,-0.5955271495185809,-0.5427832579015086,0.3698882394018333,3.5703208031567057,-1.2854039180628944,2.1750736287977723
51.0,240.0,132.62808227539062,0.5478948821106959,1.4915126322271512,-4.018565007985094,-3.429984982496617,-0.5849038134755663,-0.5427832579015086,0.3530703330578133,3.5836336395795687,-1.2874818471703546,2.1748392698901005
51.0,240.0,132.62808227539062,0.5478948821106959,1.4915121369401692,-4.017412237295675,-3.429984982496617,-0.5860867837023092,-0.5279721935780763,0.3535768109007595,3.5836336395795687,-1.2873476441941856,2.174267131087437
51.0,240.0,132.62808227539062,0.5478779684829103,1.4915100582119574,-4.016556178241865,-3.429931259189822,-0.5853959079524219,-0.5427832579015086,0.3699401538168486,3.5836336395795687,-1.2874814237295416,2.1748339715722382
51.0,240.0,132.62808227539062,0.5478948821106959,1.491510115505245,-4.018565007985094,-3.429984982496617,-0.585550776313577,-0.5279721935780763,0.3532251727814096,3.5836336395795687,-1.287454054547188,2.174196968619919
51.0,240.0,132.62808227539062,0.5478783960350889,1.4915126322271512,-4.0115682631224345,-3.429931259189822,-0.5853959079524219,-0.5427832577720734,0.3720227595107219,3.5836336401050257,-1.2874814237295416,2.1748392698901005
51.0,240.0,132.62808227539062,0.5478777894201731,1.4915126322271512,-4.013098196013769,-3.4348979588315944,-0.5853959079524219,-0.5427832579015086,0.3720227595107219,3.5836336395795687,-1.2853275760651472,2.175045059501364
51.0,240.0,132.62808227539062,0.5478951812995236,1.4915126322271512,-4.018565007985094,-3.429984982496617,-0.5848787132213917,-0.5427832579015086,0.3701326336091446,3.5836336395795687,-1.2874537400465145,2.1748392698901005
51.0,240.0,132.62808227539062,0.5479371659054912,1.49151008825493,-4.0168287821850335,-3.429984982496617,-0.5976865291217942,-0.542783257787162,0.3672821324565222,3.5836336395795687,-1.2874808364368373,2.1750736287977723
51.0,240.0,132.62808227539062,0.5478948821106959,1.4915126322271512,-4.016336684172381,-3.434426143155825,-0.5849038134755663,-0.542783257782956,0.3530703330578133,3.583633585422957,-1.287482651840964,2.176455547875888
51.0,240.0,132.62808227539062,0.5479371659054912,1.4915106906779072,-4.01855497464395,-3.4349824467745527,-0.5955271495185809,-0.5427832579015086,0.3698627616320903,3.57050069664492,-1.2873897371495855,2.1750736287977723
51.0,240.0,132.62808227539062,0.5478948821106959,1.4915126322271512,-4.018565007985094,-3.429984982496617,-0.5849038134755663,-0.5417862759426133,0.3530854246187211,3.5836336395795687,-1.2874818471703546,2.1748678712457337
51.0,240.0,132.62808227539062,0.5478783960350889,1.4915126322271512,-4.0115682631224345,-3.429931259189822,-0.5853959079524219,-0.5427832577720734,0.3720227595107219,3.5836336401050257,-1.2874814237295416,2.1748392698901005
51.0,240.0,132.62808227539062,0.5478783960350889,1.4915126322271512,-4.013231974046128,-3.429931259189822,-0.5853959079524219,-0.5427832579015086,0.3720227595107219,3.5836336395795687,-1.2874814237295416,2.1748392698901005
51.0,240.0,132.62808227539062,0.5478950984988996,1.4915047339481498,-4.018565007985094,-3.429984982496617,-0.5834720788807439,-0.5427832579015086,0.37059461730126,3.5836336395795687,-1.2874818471703546,2.1748392698901005
51.0,240.0,132.62808227539062,0.5478951812995236,1.4915126322271512,-4.018565007985094,-3.429984982496617,-0.5848779094820971,-0.5427832579015086,0.3712595339174763,3.5836336395795687,-1.2874537400465145,2.1748392698901005
51.0,240.0,132.62808227539062,0.5478931777771237,1.4915101485711668,-4.0168287821850335,-3.429984982496617,-0.5977682839019836,-0.542783257901822,0.3698227181191845,3.5836336395795687,-1.2866427087170385,2.1748619574352266
51.0,240.0,132.62808227539062,0.5479449431421275,1.4915089129393202,-4.017770283732102,-3.43453688910242,-0.5854467428281206,-0.542783257773751,0.353354811350459,3.583633584550882,-1.287480815620589,2.17524651555813
51.0,240.0,132.62808227539062,0.5478951812995236,1.4915126322271512,-4.016838815526177,-3.429984982496617,-0.5848787132213917,-0.5427832579015086,0.3701581113788876,3.583453746091355,-1.285467920959823,2.1748392698901005
51.0,240.0,132.62808227539062,0.5478783960350889,1.4915126322271512,-4.013231974046128,-3.429931259189822,-0.5853959079524219,-0.5427832579015086,0.3720227595107219,3.5836336395795687,-1.2874814237295416,2.1748392698901005
51.0,240.0,132.62808227539062,0.5479383768927283,1.4915101155575186,-4.016829557674948,-3.429984982496617,-0.5850526222642735,-0.5279721935780763,0.3532251727814096,3.5836336395795687,-1.2874550421735926,2.17506624229969
51.0,240.0,132.62808227539062,0.5479438126126436,1.4915126322271512,-4.018565007985094,-3.429984982496617,-0.5975194006387133,-0.5427832579015086,0.3701326336091446,3.5836336395795687,-1.2883035972994583,2.1748392698901005
51.0,240.0,132.62808227539062,0.5478948821106959,1.4915126322271512,-4.018565007985094,-3.429984982496617,-0.5849046172148611,-0.5427832579015086,0.3519434327494816,3.5836336395795687,-1.2874818471703546,2.1748392698901005
51.0,240.0,132.62808227539062,0.5479393208626762,1.4915125719109144,-4.040700792776991,-3.4299823092542527,-0.5848207046333247,-0.5427832578988211,0.3706601385839088,3.5836336395795687,-1.2874818471703546,2.1758899770064857
51.0,240.0,132.62808227539062,0.547893240534502,1.4915101155575186,-4.016602115314464,-3.4299850385750648,-0.5850544538520193,-0.542868027407921,0.3532251727814096,3.5836336395795687,-1.2874776621229187,2.174816816413067
51.0,240.0,132.62808227539062,0.5479452929074433,1.491512940693981,-4.0168287821850335,-3.429984982496617,-0.5976865291217942,-0.5427832577767248,0.3701307659505306,3.5836336395795687,-1.2604577640593833,2.174836722732591
51.0,240.0,132.62808227539062,0.5478950265838155,1.491512770167609,-4.018565007985094,-3.429984982496617,-0.5855074512728781,-0.5427832579015086,0.3527487862190276,3.5836336395795687,-1.2874808635451835,2.1748406629564485
51.0,240.0,132.62808227539062,0.547878504885672,1.4915126322271512,-4.013215937589671,-3.429916541685906,-0.5853959079524219,-0.5427832579015086,0.3720227595107219,3.5836336347399445,-1.2874814237295416,2.1765074249396017
51.0,240.0,132.62808227539062,0.5478783960350889,1.4915126322271512,-4.018712072817035,-3.42998471476643,-0.5853852880407711,-0.5427955023696167,0.3720227595107219,3.5836336395795687,-1.2874814237295416,2.1748392698901005
51.0,240.0,132.62808227539062,0.5478779684829103,1.4915100582119574,-4.016556178241865,-3.429931259189822,-0.5853959079524219,-0.5427832579015086,0.3699401538168486,3.5836336395795687,-1.2874814237295416,2.1748339715722382
51.0,240.0,132.62808227539062,0.5478951812995236,1.4915126322271512,-4.018636021066609,-3.429984982496617,-0.5848779094820971,-0.5427832579015086,0.3712595339174763,3.5836336395795687,-1.2874791234900465,2.1748392698901005
51.0,240.0,132.62808227539062,0.5479438126126436,1.4915126322271512,-4.018565007985094,-3.429797029743666,-0.5975194006387133,-0.5427832579015086,0.3701326336091446,3.583631041414792,-1.2883035972994583,2.1748437404861187
51.0,240.0,132.62808227539062,0.5479393208626762,1.491512578734157,-4.040700792776991,-3.429984855905507,-0.5848207046333247,-0.542783257901575,0.370127098797437,3.5836336395795687,-1.2874801288957012,2.1758899770064857
51.0,240.0,132.62808227539062,0.5478779529403618,1.4915101047517092,-4.016563736223173,-3.429931259189822,-0.5853959079524219,-0.5427832579015086,0.3720227595107219,3.5836336395795687,-1.2874814237295416,2.174834069959463
51.0,240.0,132.62808227539062,0.5479371659054912,1.4915126739937374,-4.018641735686635,-3.429984982496617,-0.584232498697843,-0.5427832579015086,0.3698630959681335,3.5836336395795687,-1.2874539373312437,2.1750736287977723
51.0,240.0,132.62808227539062,0.5478751027957012,1.4915089918222544,-4.017770283732102,-3.43453688910242,-0.5854467428281206,-0.5427832578927154,0.353354811350459,3.583633584550882,-1.2874814327830302,2.1748304111604275
51.0,240.0,132.62808227539062,0.5479443307532503,1.4915089129393202,-4.020530599517375,-3.434557513050347,-0.5873265663083467,-0.542783257773751,0.3700575018888117,3.5836336377119413,-1.287454917965219,2.175238943496297
51.0,240.0,132.62808227539062,0.5478941344508481,1.4915097797880998,-4.018565007985094,-3.429984982496617,-0.5848787132213917,-0.5427832579015086,0.3698901070604473,3.5836336395795687,-1.2862456100693846,2.175915211709121
51.0,241.0,132.62808227539062,0.5478948821106959,1.4915126322271512,-4.018565007985094,-3.429984982496617,-0.5849024594135139,-0.5427832579015086,0.3701326336091446,3.5836336395795687,-1.287454054547188,2.1748392698901005
51.0,241.0,132.62808227539062,0.5478948821106959,1.4915126322271512,-4.018565007985094,-3.429984982496617,-0.5849024594135139,-0.5427832579015086,0.37059461730126,3.5836336395795687,-1.2874818471703546,2.1748392698901005
51.0,241.0,132.62808227539062,0.5478948821106959,1.4915125369362046,-4.018565007985094,-3.429984982496617,-0.585550776313577,-0.5279721935780763,0.3535768109007595,3.5836336395795687,-1.287454054547188,2.174267131087437
51.0,241.0,132.62808227539062,0.5479371659054912,1.49151008825493,-4.0168287821850335,-3.429984982496617,-0.5976865291217942,-0.5427832579015086,0.3698882394018333,3.5836336395795687,-1.2874808364368373,2.1750736287977723
51.0,241.0,132.62808227539062,0.5478783960350889,1.4915126322271512,-4.013231974046128,-3.429931259189822,-0.5853959079524219,-0.5427832579015086,0.3720227595107219,3.5836336395795687,-1.2874814237295416,2.1748392698901005
51.0,241.0,132.62808227539062,0.5478948821106959,1.4915126322271512,-4.018565007985094,-3.429984982496617,-0.5849038134755663,-0.5427832579015086,0.3530703330578133,3.5836336395795687,-1.2874818471703546,2.1748392698901005
51.0,241.0,132.62808227539062,0.5478948821106959,1.4915126322271512,-4.016336684172381,-3.434426143155825,-0.5849038134755663,-0.542783257782956,0.3530703330578133,3.583633585422957,-1.2873613426977333,2.1764212863434835
51.0,241.0,132.62808227539062,0.5478948821106959,1.4915126322271512,-4.018565007985094,-3.429984982496617,-0.5849024594135139,-0.5427832579015086,0.3701326336091446,3.5836336395795687,-1.287454054547188,2.1748392698901005
51.0,241.0,132.62808227539062,0.5478783960350889,1.4915126322271512,-4.013231974046128,-3.429931259189822,-0.5853959079524219,-0.5427832579015086,0.3720227595107219,3.5836336395795687,-1.2874814237295416,2.1748392698901005
51.0,241.0,132.62808227539062,0.5478948821106959,1.4915126322271512,-4.013322040356646,-3.4299823092542527,-0.5849024594135139,-0.5427832579015086,0.37059461730126,3.5836336395795687,-1.2874818471703546,2.1748392698901005
51.0,241.0,132.62808227539062,0.5479442460587678,1.49151008825493,-4.0168287821850335,-3.429984982496617,-0.5976865291217942,-0.5427832577767248,0.3698882394018333,3.5836336395795687,-1.2592496340822534,2.1759126645516123
51.0,241.0,132.62808227539062,0.547937616529104,1.49151008825493,-4.0168287821850335,-3.429984982496617,-0.5976865291217942,-0.5427832578991345,0.3698882394018333,3.5836336395795687,-1.2866427087170385,2.1759126645516123
51.0,241.0,132.62808227539062,0.5479371659054912,1.4915106906779072,-4.0168287821850335,-3.4349824467745527,-0.5955271495185809,-0.5427832579015086,0.3698882394018333,3.5703208031567057,-1.2854039180628944,2.1750736287977723
51.0,241.0,132.62808227539062,0.5478948821106959,1.4915126322271512,-4.018565007985094,-3.429984982496617,-0.5849038134755663,-0.5427832579015086,0.3530703330578133,3.5836336395795687,-1.2874818471703546,2.1748392698901005
51.0,241.0,132.62808227539062,0.5478948821106959,1.4915121369401692,-4.017412237295675,-3.429984982496617,-0.5860867837023092,-0.5279721935780763,0.3535768109007595,3.5836336395795687,-1.2873476441941856,2.174267131087437
51.0,241.0,132.62808227539062,0.5478779684829103,1.4915100582119574,-4.016556178241865,-3.429931259189822,-0.5853959079524219,-0.5427832579015086,0.3699401538168486,3.5836336395795687,-1.2874814237295416,2.1748339715722382
51.0,241.0,132.62808227539062,0.5478948821106959,1.491510115505245,-4.018565007985094,-3.429984982496617,-0.585550776313577,-0.5279721935780763,0.3532251727814096,3.5836336395795687,-1.287454054547188,2.174196968619919
51.0,241.0,132.62808227539062,0.5478783960350889,1.4915126322271512,-4.0115682631224345,-3.429931259189822,-0.5853959079524219,-0.5427832577720734,0.3720227595107219,3.5836336401050257,-1.2874814237295416,2.1748392698901005
51.0,241.0,132.62808227539062,0.5478777894201731,1.4915126322271512,-4.013098196013769,-3.4348979588315944,-0.5853959079524219,-0.5427832579015086,0.3720227595107219,3.5836336395795687,-1.2853275760651472,2.175045059501364
51.0,241.0,132.62808227539062,0.5478951812995236,1.4915126322271512,-4.018565007985094,-3.429984982496617,-0.5848787132213917,-0.5427832579015086,0.3701326336091446,3.5836336395795687,-1.2874537400465145,2.1748392698901005
51.0,241.0,132.62808227539062,0.5479371659054912,1.49151008825493,-4.0168287821850335,-3.429984982496617,-0.5976865291217942,-0.542783257787162,0.3672821324565222,3.5836336395795687,-1.2874808364368373,2.1750736287977723
51.0,241.0,132.62808227539062,0.5478948821106959,1.4915126322271512,-4.016336684172381,-3.434426143155825,-0.5849038134755663,-0.542783257782956,0.3530703330578133,3.583633585422957,-1.287482651840964,2.176455547875888
51.0,241.0,132.62808227539062,0.5479371659054912,1.4915106906779072,-4.01855497464395,-3.4349824467745527,-0.5955271495185809,-0.5427832579015086,0.3698627616320903,3.57050069664492,-1.2873897371495855,2.1750736287977723
51.0,241.0,132.62808227539062,0.5478948821106959,1.4915126322271512,-4.018565007985094,-3.429984982496617,-0.5849038134755663,-0.5417862759426133,0.3530854246187211,3.5836336395795687,-1.2874818471703546,2.1748678712457337
51.0,241.0,132.62808227539062,0.5478783960350889,1.4915126322271512,-4.0115682631224345,-3.429931259189822,-0.5853959079524219,-0.5427832577720734,0.3720227595107219,3.5836336401050257,-1.2874814237295416,2.1748392698901005
51.0,241.0,132.62808227539062,0.5478783960350889,1.4915126322271512,-4.013231974046128,-3.429931259189822,-0.5853959079524219,-0.5427832579015086,0.3720227595107219,3.5836336395795687,-1.2874814237295416,2.1748392698901005
51.0,241.0,132.62808227539062,0.5478950984988996,1.4915047339481498,-4.018565007985094,-3.429984982496617,-0.5834720788807439,-0.5427832579015086,0.37059461730126,3.5836336395795687,-1.2874818471703546,2.1748392698901005
51.0,241.0,132.62808227539062,0.5478951812995236,1.4915126322271512,-4.018565007985094,-3.429984982496617,-0.5848779094820971,-0.5427832579015086,0.3712595339174763,3.5836336395795687,-1.2874537400465145,2.1748392698901005
51.0,241.0,132.62808227539062,0.5478931777771237,1.4915101485711668,-4.0168287821850335,-3.429984982496617,-0.5977682839019836,-0.542783257901822,0.3698227181191845,3.5836336395795687,-1.2866427087170385,2.1748619574352266
51.0,241.0,132.62808227539062,0.5479449431421275,1.4915089129393202,-4.017770283732102,-3.43453688910242,-0.5854467428281206,-0.542783257773751,0.353354811350459,3.583633584550882,-1.287480815620589,2.17524651555813
51.0,241.0,132.62808227539062,0.5478951812995236,1.4915126322271512,-4.016838815526177,-3.429984982496617,-0.5848787132213917,-0.5427832579015086,0.3701581113788876,3.583453746091355,-1.285467920959823,2.1748392698901005
51.0,241.0,132.62808227539062,0.5478783960350889,1.4915126322271512,-4.013231974046128,-3.429931259189822,-0.5853959079524219,-0.5427832579015086,0.3720227595107219,3.5836336395795687,-1.2874814237295416,2.1748392698901005
51.0,241.0,132.62808227539062,0.5479383768927283,1.4915101155575186,-4.016829557674948,-3.429984982496617,-0.5850526222642735,-0.5279721935780763,0.3532251727814096,3.5836336395795687,-1.2874550421735926,2.17506624229969
51.0,241.0,132.62808227539062,0.5479438126126436,1.4915126322271512,-4.018565007985094,-3.429984982496617,-0.5975194006387133,-0.5427832579015086,0.3701326336091446,3.5836336395795687,-1.2883035972994583,2.1748392698901005
51.0,241.0,132.62808227539062,0.5478948821106959,1.4915126322271512,-4.018565007985094,-3.429984982496617,-0.5849046172148611,-0.5427832579015086,0.3519434327494816,3.5836336395795687,-1.2874818471703546,2.1748392698901005
51.0,241.0,132.62808227539062,0.5479393208626762,1.4915125719109144,-4.040700792776991,-3.4299823092542527,-0.5848207046333247,-0.5427832578988211,0.3706601385839088,3.5836336395795687,-1.2874818471703546,2.1758899770064857
51.0,241.0,132.62808227539062,0.547893240534502,1.4915101155575186,-4.016602115314464,-3.4299850385750648,-0.5850544538520193,-0.542868027407921,0.3532251727814096,3.5836336395795687,-1.2874776621229187,2.174816816413067
51.0,241.0,132.62808227539062,0.5479452929074433,1.491512940693981,-4.0168287821850335,-3.429984982496617,-0.5976865291217942,-0.5427832577767248,0.3701307659505306,3.5836336395795687,-1.2604577640593833,2.174836722732591
51.0,241.0,132.62808227539062,0.5478950265838155,1.491512770167609,-4.018565007985094,-3.429984982496617,-0.5855074512728781,-0.5427832579015086,0.3527487862190276,3.5836336395795687,-1.2874808635451835,2.1748406629564485
51.0,241.0,132.62808227539062,0.547878504885672,1.4915126322271512,-4.013215937589671,-3.429916541685906,-0.5853959079524219,-0.5427832579015086,0.3720227595107219,3.5836336347399445,-1.2874814237295416,2.1765074249396017
51.0,241.0,132.62808227539062,0.5478783960350889,1.4915126322271512,-4.018712072817035,-3.42998471476643,-0.5853852880407711,-0.5427955023696167,0.3720227595107219,3.5836336395795687,-1.2874814237295416,2.1748392698901005
51.0,241.0,132.62808227539062,0.5478779684829103,1.4915100582119574,-4.016556178241865,-3.429931259189822,-0.5853959079524219,-0.5427832579015086,0.3699401538168486,3.5836336395795687,-1.2874814237295416,2.1748339715722382
51.0,241.0,132.62808227539062,0.5478951812995236,1.4915126322271512,-4.018636021066609,-3.429984982496617,-0.5848779094820971,-0.5427832579015086,0.3712595339174763,3.5836336395795687,-1.2874791234900465,2.1748392698901005
51.0,241.0,132.62808227539062,0.5479438126126436,1.4915126322271512,-4.018565007985094,-3.429797029743666,-0.5975194006387133,-0.5427832579015086,0.3701326336091446,3.583631041414792,-1.2883035972994583,2.1748437404861187
51.0,241.0,132.62808227539062,0.5479393208626762,1.491512578734157,-4.040700792776991,-3.429984855905507,-0.5848207046333247,-0.542783257901575,0.370127098797437,3.5836336395795687,-1.2874801288957012,2.1758899770064857
51.0,241.0,132.62808227539062,0.5478779529403618,1.4915101047517092,-4.016563736223173,-3.429931259189822,-0.5853959079524219,-0.5427832579015086,0.3720227595107219,3.5836336395795687,-1.2874814237295416,2.174834069959463
51.0,241.0,132.62808227539062,0.5479371659054912,1.4915126739937374,-4.018641735686635,-3.429984982496617,-0.584232498697843,-0.5427832579015086,0.3698630959681335,3.5836336395795687,-1.2874539373312437,2.1750736287977723
51.0,241.0,132.62808227539062,0.5478751027957012,1.4915089918222544,-4.017770283732102,-3.43453688910242,-0.5854467428281206,-0.5427832578927154,0.353354811350459,3.583633584550882,-1.2874814327830302,2.1748304111604275
51.0,241.0,132.62808227539062,0.5479443307532503,1.4915089129393202,-4.020530599517375,-3.434557513050347,-0.5873265663083467,-0.542783257773751,0.3700575018888117,3.5836336377119413,-1.287454917965219,2.175238943496297
51.0,241.0,132.62808227539062,0.5478941344508481,1.4915097797880998,-4.018565007985094,-3.429984982496617,-0.5848787132213917,-0.5427832579015086,0.3698901070604473,3.5836336395795687,-1.2862456100693846,2.175915211709121
51.0,242.0,132.62808227539062,0.5478948821106959,1.4915126322271512,-4.018565007985094,-3.429984982496617,-0.5849024594135139,-0.5427832579015086,0.3701326336091446,3.5836336395795687,-1.287454054547188,2.1748392698901005
51.0,242.0,132.62808227539062,0.5478948821106959,1.4915126322271512,-4.018565007985094,-3.429984982496617,-0.5849024594135139,-0.5427832579015086,0.37059461730126,3.5836336395795687,-1.2874818471703546,2.1748392698901005
51.0,242.0,132.62808227539062,0.5478948821106959,1.4915125369362046,-4.018565007985094,-3.429984982496617,-0.585550776313577,-0.5279721935780763,0.3535768109007595,3.5836336395795687,-1.287454054547188,2.174267131087437
51.0,242.0,132.62808227539062,0.5479371659054912,1.49151008825493,-4.0168287821850335,-3.429984982496617,-0.5976865291217942,-0.5427832579015086,0.3698882394018333,3.5836336395795687,-1.2874808364368373,2.1750736287977723
51.0,242.0,132.62808227539062,0.5478783960350889,1.4915126322271512,-4.013231974046128,-3.429931259189822,-0.5853959079524219,-0.5427832579015086,0.3720227595107219,3.5836336395795687,-1.2874814237295416,2.1748392698901005
51.0,242.0,132.62808227539062,0.5478948821106959,1.4915126322271512,-4.018565007985094,-3.429984982496617,-0.5849038134755663,-0.5427832579015086,0.3530703330578133,3.5836336395795687,-1.2874818471703546,2.1748392698901005
51.0,242.0,132.62808227539062,0.5478948821106959,1.4915126322271512,-4.016336684172381,-3.434426143155825,-0.5849038134755663,-0.542783257782956,0.3530703330578133,3.583633585422957,-1.2873613426977333,2.1764212863434835
51.0,242.0,132.62808227539062,0.5478948821106959,1.4915126322271512,-4.018565007985094,-3.429984982496617,-0.5849024594135139,-0.5427832579015086,0.3701326336091446,3.5836336395795687,-1.287454054547188,2.1748392698901005
51.0,242.0,132.62808227539062,0.5478783960350889,1.4915126322271512,-4.013231974046128,-3.429931259189822,-0.5853959079524219,-0.5427832579015086,0.3720227595107219,3.5836336395795687,-1.2874814237295416,2.1748392698901005
51.0,242.0,132.62808227539062,0.5478948821106959,1.4915126322271512,-4.013322040356646,-3.4299823092542527,-0.5849024594135139,-0.5427832579015086,0.37059461730126,3.5836336395795687,-1.2874818471703546,2.1748392698901005
51.0,242.0,132.62808227539062,0.5479442460587678,1.49151008825493,-4.0168287821850335,-3.429984982496617,-0.5976865291217942,-0.5427832577767248,0.3698882394018333,3.5836336395795687,-1.2592496340822534,2.1759126645516123
51.0,242.0,132.62808227539062,0.547937616529104,1.49151008825493,-4.0168287821850335,-3.429984982496617,-0.5976865291217942,-0.5427832578991345,0.3698882394018333,3.5836336395795687,-1.2866427087170385,2.1759126645516123
51.0,242.0,132.62808227539062,0.5479371659054912,1.4915106906779072,-4.0168287821850335,-3.4349824467745527,-0.5955271495185809,-0.5427832579015086,0.3698882394018333,3.5703208031567057,-1.2854039180628944,2.1750736287977723
51.0,242.0,132.62808227539062,0.5478948821106959,1.4915126322271512,-4.018565007985094,-3.429984982496617,-0.5849038134755663,-0.5427832579015086,0.3530703330578133,3.5836336395795687,-1.2874818471703546,2.1748392698901005
51.0,242.0,132.62808227539062,0.5478948821106959,1.4915121369401692,-4.017412237295675,-3.429984982496617,-0.5860867837023092,-0.5279721935780763,0.3535768109007595,3.5836336395795687,-1.2873476441941856,2.174267131087437
51.0,242.0,132.62808227539062,0.5478779684829103,1.4915100582119574,-4.016556178241865,-3.429931259189822,-0.5853959079524219,-0.5427832579015086,0.3699401538168486,3.5836336395795687,-1.2874814237295416,2.1748339715722382
51.0,242.0,132.62808227539062,0.5478948821106959,1.491510115505245,-4.018565007985094,-3.429984982496617,-0.585550776313577,-0.5279721935780763,0.3532251727814096,3.5836336395795687,-1.287454054547188,2.174196968619919
51.0,242.0,132.62808227539062,0.5478783960350889,1.4915126322271512,-4.0115682631224345,-3.429931259189822,-0.5853959079524219,-0.5427832577720734,0.3720227595107219,3.5836336401050257,-1.2874814237295416,2.1748392698901005
51.0,242.0,132.62808227539062,0.5478777894201731,1.4915126322271512,-4.013098196013769,-3.4348979588315944,-0.5853959079524219,-0.5427832579015086,0.3720227595107219,3.5836336395795687,-1.2853275760651472,2.175045059501364
51.0,242.0,132.62808227539062,0.5478951812995236,1.4915126322271512,-4.018565007985094,-3.429984982496617,-0.5848787132213917,-0.5427832579015086,0.3701326336091446,3.5836336395795687,-1.2874537400465145,2.1748392698901005
51.0,242.0,132.62808227539062,0.5479371659054912,1.49151008825493,-4.0168287821850335,-3.429984982496617,-0.5976865291217942,-0.542783257787162,0.3672821324565222,3.5836336395795687,-1.2874808364368373,2.1750736287977723
51.0,242.0,132.62808227539062,0.5478948821106959,1.4915126322271512,-4.016336684172381,-3.434426143155825,-0.5849038134755663,-0.542783257782956,0.3530703330578133,3.583633585422957,-1.287482651840964,2.176455547875888
51.0,242.0,132.62808227539062,0.5479371659054912,1.4915106906779072,-4.01855497464395,-3.4349824467745527,-0.5955271495185809,-0.5427832579015086,0.3698627616320903,3.57050069664492,-1.2873897371495855,2.1750736287977723
51.0,242.0,132.62808227539062,0.5478948821106959,1.4915126322271512,-4.018565007985094,-3.429984982496617,-0.5849038134755663,-0.5417862759426133,0.3530854246187211,3.5836336395795687,-1.2874818471703546,2.1748678712457337
51.0,242.0,132.62808227539062,0.5478783960350889,1.4915126322271512,-4.0115682631224345,-3.429931259189822,-0.5853959079524219,-0.5427832577720734,0.3720227595107219,3.5836336401050257,-1.2874814237295416,2.1748392698901005
51.0,242.0,132.62808227539062,0.5478783960350889,1.4915126322271512,-4.013231974046128,-3.429931259189822,-0.5853959079524219,-0.5427832579015086,0.3720227595107219,3.5836336395795687,-1.2874814237295416,2.1748392698901005
51.0,242.0,132.62808227539062,0.5478950984988996,1.4915047339481498,-4.018565007985094,-3.429984982496617,-0.5834720788807439,-0.5427832579015086,0.37059461730126,3.5836336395795687,-1.2874818471703546,2.1748392698901005
51.0,242.0,132.62808227539062,0.5478951812995236,1.4915126322271512,-4.018565007985094,-3.429984982496617,-0.5848779094820971,-0.5427832579015086,0.3712595339174763,3.5836336395795687,-1.2874537400465145,2.1748392698901005
51.0,242.0,132.62808227539062,0.5478931777771237,1.4915101485711668,-4.0168287821850335,-3.429984982496617,-0.5977682839019836,-0.542783257901822,0.3698227181191845,3.5836336395795687,-1.2866427087170385,2.1748619574352266
51.0,242.0,132.62808227539062,0.5479449431421275,1.4915089129393202,-4.017770283732102,-3.43453688910242,-0.5854467428281206,-0.542783257773751,0.353354811350459,3.583633584550882,-1.287480815620589,2.17524651555813
51.0,242.0,132.62808227539062,0.5478951812995236,1.4915126322271512,-4.016838815526177,-3.429984982496617,-0.5848787132213917,-0.5427832579015086,0.3701581113788876,3.583453746091355,-1.285467920959823,2.1748392698901005
51.0,242.0,132.62808227539062,0.5478783960350889,1.4915126322271512,-4.013231974046128,-3.429931259189822,-0.5853959079524219,-0.5427832579015086,0.3720227595107219,3.5836336395795687,-1.2874814237295416,2.1748392698901005
51.0,242.0,132.62808227539062,0.5479383768927283,1.4915101155575186,-4.016829557674948,-3.429984982496617,-0.5850526222642735,-0.5279721935780763,0.3532251727814096,3.5836336395795687,-1.2874550421735926,2.17506624229969
51.0,242.0,132.62808227539062,0.5479438126126436,1.4915126322271512,-4.018565007985094,-3.429984982496617,-0.5975194006387133,-0.5427832579015086,0.3701326336091446,3.5836336395795687,-1.2883035972994583,2.1748392698901005
51.0,242.0,132.62808227539062,0.5478948821106959,1.4915126322271512,-4.018565007985094,-3.429984982496617,-0.5849046172148611,-0.5427832579015086,0.3519434327494816,3.5836336395795687,-1.2874818471703546,2.1748392698901005
51.0,242.0,132.62808227539062,0.5479393208626762,1.4915125719109144,-4.040700792776991,-3.4299823092542527,-0.5848207046333247,-0.5427832578988211,0.3706601385839088,3.5836336395795687,-1.2874818471703546,2.1758899770064857
51.0,242.0,132.62808227539062,0.547893240534502,1.4915101155575186,-4.016602115314464,-3.4299850385750648,-0.5850544538520193,-0.542868027407921,0.3532251727814096,3.5836336395795687,-1.2874776621229187,2.174816816413067
51.0,242.0,132.62808227539062,0.5479452929074433,1.491512940693981,-4.0168287821850335,-3.429984982496617,-0.5976865291217942,-0.5427832577767248,0.3701307659505306,3.5836336395795687,-1.2604577640593833,2.174836722732591
51.0,242.0,132.62808227539062,0.5478950265838155,1.491512770167609,-4.018565007985094,-3.429984982496617,-0.5855074512728781,-0.5427832579015086,0.3527487862190276,3.5836336395795687,-1.2874808635451835,2.1748406629564485
51.0,242.0,132.62808227539062,0.547878504885672,1.4915126322271512,-4.013215937589671,-3.429916541685906,-0.5853959079524219,-0.5427832579015086,0.3720227595107219,3.5836336347399445,-1.2874814237295416,2.1765074249396017
51.0,242.0,132.62808227539062,0.5478783960350889,1.4915126322271512,-4.018712072817035,-3.42998471476643,-0.5853852880407711,-0.5427955023696167,0.3720227595107219,3.5836336395795687,-1.2874814237295416,2.1748392698901005
51.0,242.0,132.62808227539062,0.5478779684829103,1.4915100582119574,-4.016556178241865,-3.429931259189822,-0.5853959079524219,-0.5427832579015086,0.3699401538168486,3.5836336395795687,-1.2874814237295416,2.1748339715722382
51.0,242.0,132.62808227539062,0.5478951812995236,1.4915126322271512,-4.018636021066609,-3.429984982496617,-0.5848779094820971,-0.5427832579015086,0.3712595339174763,3.5836336395795687,-1.2874791234900465,2.1748392698901005
51.0,242.0,132.62808227539062,0.5479438126126436,1.4915126322271512,-4.018565007985094,-3.429797029743666,-0.5975194006387133,-0.5427832579015086,0.3701326336091446,3.583631041414792,-1.2883035972994583,2.1748437404861187
51.0,242.0,132.62808227539062,0.5479393208626762,1.491512578734157,-4.040700792776991,-3.429984855905507,-0.5848207046333247,-0.542783257901575,0.370127098797437,3.5836336395795687,-1.2874801288957012,2.1758899770064857
51.0,242.0,132.62808227539062,0.5478779529403618,1.4915101047517092,-4.016563736223173,-3.429931259189822,-0.5853959079524219,-0.5427832579015086,0.3720227595107219,3.5836336395795687,-1.2874814237295416,2.174834069959463
51.0,242.0,132.62808227539062,0.5479371659054912,1.4915126739937374,-4.018641735686635,-3.429984982496617,-0.584232498697843,-0.5427832579015086,0.3698630959681335,3.5836336395795687,-1.2874539373312437,2.1750736287977723
51.0,242.0,132.62808227539062,0.5478751027957012,1.4915089918222544,-4.017770283732102,-3.43453688910242,-0.5854467428281206,-0.5427832578927154,0.353354811350459,3.583633584550882,-1.2874814327830302,2.1748304111604275
51.0,242.0,132.62808227539062,0.5479443307532503,1.4915089129393202,-4.020530599517375,-3.434557513050347,-0.5873265663083467,-0.542783257773751,0.3700575018888117,3.5836336377119413,-1.287454917965219,2.175238943496297
51.0,242.0,132.62808227539062,0.5478941344508481,1.4915097797880998,-4.018565007985094,-3.429984982496617,-0.5848787132213917,-0.5427832579015086,0.3698901070604473,3.5836336395795687,-1.2862456100693846,2.175915211709121
51.0,243.0,132.62808227539062,0.5478948821106959,1.4915126322271512,-4.018565007985094,-3.429984982496617,-0.5849024594135139,-0.5427832579015086,0.3701326336091446,3.5836336395795687,-1.287454054547188,2.1748392698901005
51.0,243.0,132.62808227539062,0.5478948821106959,1.4915126322271512,-4.018565007985094,-3.429984982496617,-0.5849024594135139,-0.5427832579015086,0.37059461730126,3.5836336395795687,-1.2874818471703546,2.1748392698901005
51.0,243.0,132.62808227539062,0.5478948821106959,1.4915125369362046,-4.018565007985094,-3.429984982496617,-0.585550776313577,-0.5279721935780763,0.3535768109007595,3.5836336395795687,-1.287454054547188,2.174267131087437
51.0,243.0,132.62808227539062,0.5479371659054912,1.49151008825493,-4.0168287821850335,-3.429984982496617,-0.5976865291217942,-0.5427832579015086,0.3698882394018333,3.5836336395795687,-1.2874808364368373,2.1750736287977723
51.0,243.0,132.62808227539062,0.5478783960350889,1.4915126322271512,-4.013231974046128,-3.429931259189822,-0.5853959079524219,-0.5427832579015086,0.3720227595107219,3.5836336395795687,-1.2874814237295416,2.1748392698901005
51.0,243.0,132.62808227539062,0.5478948821106959,1.4915126322271512,-4.018565007985094,-3.429984982496617,-0.5849038134755663,-0.5427832579015086,0.3530703330578133,3.5836336395795687,-1.2874818471703546,2.1748392698901005
51.0,243.0,132.62808227539062,0.5478948821106959,1.4915126322271512,-4.016336684172381,-3.434426143155825,-0.5849038134755663,-0.542783257782956,0.3530703330578133,3.583633585422957,-1.2873613426977333,2.1764212863434835
51.0,243.0,132.62808227539062,0.5478948821106959,1.4915126322271512,-4.018565007985094,-3.429984982496617,-0.5849024594135139,-0.5427832579015086,0.3701326336091446,3.5836336395795687,-1.287454054547188,2.1748392698901005
51.0,243.0,132.62808227539062,0.5478783960350889,1.4915126322271512,-4.013231974046128,-3.429931259189822,-0.5853959079524219,-0.5427832579015086,0.3720227595107219,3.5836336395795687,-1.2874814237295416,2.1748392698901005
51.0,243.0,132.62808227539062,0.5478948821106959,1.4915126322271512,-4.013322040356646,-3.4299823092542527,-0.5849024594135139,-0.5427832579015086,0.37059461730126,3.5836336395795687,-1.2874818471703546,2.1748392698901005
51.0,243.0,132.62808227539062,0.5479442460587678,1.49151008825493,-4.0168287821850335,-3.429984982496617,-0.5976865291217942,-0.5427832577767248,0.3698882394018333,3.5836336395795687,-1.2592496340822534,2.1759126645516123
51.0,243.0,132.62808227539062,0.547937616529104,1.49151008825493,-4.0168287821850335,-3.429984982496617,-0.5976865291217942,-0.5427832578991345,0.3698882394018333,3.5836336395795687,-1.2866427087170385,2.1759126645516123
51.0,243.0,132.62808227539062,0.5479371659054912,1.4915106906779072,-4.0168287821850335,-3.4349824467745527,-0.5955271495185809,-0.5427832579015086,0.3698882394018333,3.5703208031567057,-1.2854039180628944,2.1750736287977723
51.0,243.0,132.62808227539062,0.5478948821106959,1.4915126322271512,-4.018565007985094,-3.429984982496617,-0.5849038134755663,-0.5427832579015086,0.3530703330578133,3.5836336395795687,-1.2874818471703546,2.1748392698901005
51.0,243.0,132.62808227539062,0.5478948821106959,1.4915121369401692,-4.017412237295675,-3.429984982496617,-0.5860867837023092,-0.5279721935780763,0.3535768109007595,3.5836336395795687,-1.2873476441941856,2.174267131087437
51.0,243.0,132.62808227539062,0.5478779684829103,1.4915100582119574,-4.016556178241865,-3.429931259189822,-0.5853959079524219,-0.5427832579015086,0.3699401538168486,3.5836336395795687,-1.2874814237295416,2.1748339715722382
51.0,243.0,132.62808227539062,0.5478948821106959,1.491510115505245,-4.018565007985094,-3.429984982496617,-0.585550776313577,-0.5279721935780763,0.3532251727814096,3.5836336395795687,-1.287454054547188,2.174196968619919
51.0,243.0,132.62808227539062,0.5478783960350889,1.4915126322271512,-4.0115682631224345,-3.429931259189822,-0.5853959079524219,-0.5427832577720734,0.3720227595107219,3.5836336401050257,-1.2874814237295416,2.1748392698901005
51.0,243.0,132.62808227539062,0.5478777894201731,1.4915126322271512,-4.013098196013769,-3.4348979588315944,-0.5853959079524219,-0.5427832579015086,0.3720227595107219,3.5836336395795687,-1.2853275760651472,2.175045059501364
51.0,243.0,132.62808227539062,0.5478951812995236,1.4915126322271512,-4.018565007985094,-3.429984982496617,-0.5848787132213917,-0.5427832579015086,0.3701326336091446,3.5836336395795687,-1.2874537400465145,2.1748392698901005
51.0,243.0,132.62808227539062,0.5479371659054912,1.49151008825493,-4.0168287821850335,-3.429984982496617,-0.5976865291217942,-0.542783257787162,0.3672821324565222,3.5836336395795687,-1.2874808364368373,2.1750736287977723
51.0,243.0,132.62808227539062,0.5478948821106959,1.4915126322271512,-4.016336684172381,-3.434426143155825,-0.5849038134755663,-0.542783257782956,0.3530703330578133,3.583633585422957,-1.287482651840964,2.176455547875888
51.0,243.0,132.62808227539062,0.5479371659054912,1.4915106906779072,-4.01855497464395,-3.4349824467745527,-0.5955271495185809,-0.5427832579015086,0.3698627616320903,3.57050069664492,-1.2873897371495855,2.1750736287977723
51.0,243.0,132.62808227539062,0.5478948821106959,1.4915126322271512,-4.018565007985094,-3.429984982496617,-0.5849038134755663,-0.5417862759426133,0.3530854246187211,3.5836336395795687,-1.2874818471703546,2.1748678712457337
51.0,243.0,132.62808227539062,0.5478783960350889,1.4915126322271512,-4.0115682631224345,-3.429931259189822,-0.5853959079524219,-0.5427832577720734,0.3720227595107219,3.5836336401050257,-1.2874814237295416,2.1748392698901005
51.0,243.0,132.62808227539062,0.5478783960350889,1.4915126322271512,-4.013231974046128,-3.429931259189822,-0.5853959079524219,-0.5427832579015086,0.3720227595107219,3.5836336395795687,-1.2874814237295416,2.1748392698901005
51.0,243.0,132.62808227539062,0.5478950984988996,1.4915047339481498,-4.018565007985094,-3.429984982496617,-0.5834720788807439,-0.5427832579015086,0.37059461730126,3.5836336395795687,-1.2874818471703546,2.1748392698901005
51.0,243.0,132.62808227539062,0.5478951812995236,1.4915126322271512,-4.018565007985094,-3.429984982496617,-0.5848779094820971,-0.5427832579015086,0.3712595339174763,3.5836336395795687,-1.2874537400465145,2.1748392698901005
51.0,243.0,132.62808227539062,0.5478931777771237,1.4915101485711668,-4.0168287821850335,-3.429984982496617,-0.5977682839019836,-0.542783257901822,0.3698227181191845,3.5836336395795687,-1.2866427087170385,2.1748619574352266
51.0,243.0,132.62808227539062,0.5479449431421275,1.4915089129393202,-4.017770283732102,-3.43453688910242,-0.5854467428281206,-0.542783257773751,0.353354811350459,3.583633584550882,-1.287480815620589,2.17524651555813
51.0,243.0,132.62808227539062,0.5478951812995236,1.4915126322271512,-4.016838815526177,-3.429984982496617,-0.5848787132213917,-0.5427832579015086,0.3701581113788876,3.583453746091355,-1.285467920959823,2.1748392698901005
51.0,243.0,132.62808227539062,0.5478783960350889,1.4915126322271512,-4.013231974046128,-3.429931259189822,-0.5853959079524219,-0.5427832579015086,0.3720227595107219,3.5836336395795687,-1.2874814237295416,2.1748392698901005
51.0,243.0,132.62808227539062,0.5479383768927283,1.4915101155575186,-4.016829557674948,-3.429984982496617,-0.5850526222642735,-0.5279721935780763,0.3532251727814096,3.5836336395795687,-1.2874550421735926,2.17506624229969
51.0,243.0,132.62808227539062,0.5479438126126436,1.4915126322271512,-4.018565007985094,-3.429984982496617,-0.5975194006387133,-0.5427832579015086,0.3701326336091446,3.5836336395795687,-1.2883035972994583,2.1748392698901005
51.0,243.0,132.62808227539062,0.5478948821106959,1.4915126322271512,-4.018565007985094,-3.429984982496617,-0.5849046172148611,-0.5427832579015086,0.3519434327494816,3.5836336395795687,-1.2874818471703546,2.1748392698901005
51.0,243.0,132.62808227539062,0.5479393208626762,1.4915125719109144,-4.040700792776991,-3.4299823092542527,-0.5848207046333247,-0.5427832578988211,0.3706601385839088,3.5836336395795687,-1.2874818471703546,2.1758899770064857
51.0,243.0,132.62808227539062,0.547893240534502,1.4915101155575186,-4.016602115314464,-3.4299850385750648,-0.5850544538520193,-0.542868027407921,0.3532251727814096,3.5836336395795687,-1.2874776621229187,2.174816816413067
51.0,243.0,132.62808227539062,0.5479452929074433,1.491512940693981,-4.0168287821850335,-3.429984982496617,-0.5976865291217942,-0.5427832577767248,0.3701307659505306,3.5836336395795687,-1.2604577640593833,2.174836722732591
51.0,243.0,132.62808227539062,0.5478950265838155,1.491512770167609,-4.018565007985094,-3.429984982496617,-0.5855074512728781,-0.5427832579015086,0.3527487862190276,3.5836336395795687,-1.2874808635451835,2.1748406629564485
51.0,243.0,132.62808227539062,0.547878504885672,1.4915126322271512,-4.013215937589671,-3.429916541685906,-0.5853959079524219,-0.5427832579015086,0.3720227595107219,3.5836336347399445,-1.2874814237295416,2.1765074249396017
51.0,243.0,132.62808227539062,0.5478783960350889,1.4915126322271512,-4.018712072817035,-3.42998471476643,-0.5853852880407711,-0.5427955023696167,0.3720227595107219,3.5836336395795687,-1.2874814237295416,2.1748392698901005
51.0,243.0,132.62808227539062,0.5478779684829103,1.4915100582119574,-4.016556178241865,-3.429931259189822,-0.5853959079524219,-0.5427832579015086,0.3699401538168486,3.5836336395795687,-1.2874814237295416,2.1748339715722382
51.0,243.0,132.62808227539062,0.5478951812995236,1.4915126322271512,-4.018636021066609,-3.429984982496617,-0.5848779094820971,-0.5427832579015086,0.3712595339174763,3.5836336395795687,-1.2874791234900465,2.1748392698901005
51.0,243.0,132.62808227539062,0.5479438126126436,1.4915126322271512,-4.018565007985094,-3.429797029743666,-0.5975194006387133,-0.5427832579015086,0.3701326336091446,3.583631041414792,-1.2883035972994583,2.1748437404861187
51.0,243.0,132.62808227539062,0.5479393208626762,1.491512578734157,-4.040700792776991,-3.429984855905507,-0.5848207046333247,-0.542783257901575,0.370127098797437,3.5836336395795687,-1.2874801288957012,2.1758899770064857
51.0,243.0,132.62808227539062,0.5478779529403618,1.4915101047517092,-4.016563736223173,-3.429931259189822,-0.5853959079524219,-0.5427832579015086,0.3720227595107219,3.5836336395795687,-1.2874814237295416,2.174834069959463
51.0,243.0,132.62808227539062,0.5479371659054912,1.4915126739937374,-4.018641735686635,-3.429984982496617,-0.584232498697843,-0.5427832579015086,0.3698630959681335,3.5836336395795687,-1.2874539373312437,2.1750736287977723
51.0,243.0,132.62808227539062,0.5478751027957012,1.4915089918222544,-4.017770283732102,-3.43453688910242,-0.5854467428281206,-0.5427832578927154,0.353354811350459,3.583633584550882,-1.2874814327830302,2.1748304111604275
51.0,243.0,132.62808227539062,0.5479443307532503,1.4915089129393202,-4.020530599517375,-3.434557513050347,-0.5873265663083467,-0.542783257773751,0.3700575018888117,3.5836336377119413,-1.287454917965219,2.175238943496297
51.0,243.0,132.62808227539062,0.5478941344508481,1.4915097797880998,-4.018565007985094,-3.429984982496617,-0.5848787132213917,-0.5427832579015086,0.3698901070604473,3.5836336395795687,-1.2862456100693846,2.175915211709121
51.0,244.0,132.62808227539062,0.5478948821106959,1.4915126322271512,-4.018565007985094,-3.429984982496617,-0.5849024594135139,-0.5427832579015086,0.3701326336091446,3.5836336395795687,-1.287454054547188,2.1748392698901005
51.0,244.0,132.62808227539062,0.5478948821106959,1.4915126322271512,-4.018565007985094,-3.429984982496617,-0.5849024594135139,-0.5427832579015086,0.37059461730126,3.5836336395795687,-1.2874818471703546,2.1748392698901005
51.0,244.0,132.62808227539062,0.5478948821106959,1.4915125369362046,-4.018565007985094,-3.429984982496617,-0.585550776313577,-0.5279721935780763,0.3535768109007595,3.5836336395795687,-1.287454054547188,2.174267131087437
51.0,244.0,132.62808227539062,0.5479371659054912,1.49151008825493,-4.0168287821850335,-3.429984982496617,-0.5976865291217942,-0.5427832579015086,0.3698882394018333,3.5836336395795687,-1.2874808364368373,2.1750736287977723
51.0,244.0,132.62808227539062,0.5478783960350889,1.4915126322271512,-4.013231974046128,-3.429931259189822,-0.5853959079524219,-0.5427832579015086,0.3720227595107219,3.5836336395795687,-1.2874814237295416,2.1748392698901005
51.0,244.0,132.62808227539062,0.5478948821106959,1.4915126322271512,-4.018565007985094,-3.429984982496617,-0.5849038134755663,-0.5427832579015086,0.3530703330578133,3.5836336395795687,-1.2874818471703546,2.1748392698901005
51.0,244.0,132.62808227539062,0.5478948821106959,1.4915126322271512,-4.016336684172381,-3.434426143155825,-0.5849038134755663,-0.542783257782956,0.3530703330578133,3.583633585422957,-1.2873613426977333,2.1764212863434835
51.0,244.0,132.62808227539062,0.5478948821106959,1.4915126322271512,-4.018565007985094,-3.429984982496617,-0.5849024594135139,-0.5427832579015086,0.3701326336091446,3.5836336395795687,-1.287454054547188,2.1748392698901005
51.0,244.0,132.62808227539062,0.5478783960350889,1.4915126322271512,-4.013231974046128,-3.429931259189822,-0.5853959079524219,-0.5427832579015086,0.3720227595107219,3.5836336395795687,-1.2874814237295416,2.1748392698901005
51.0,244.0,132.62808227539062,0.5478948821106959,1.4915126322271512,-4.013322040356646,-3.4299823092542527,-0.5849024594135139,-0.5427832579015086,0.37059461730126,3.5836336395795687,-1.2874818471703546,2.1748392698901005
51.0,244.0,132.62808227539062,0.5479442460587678,1.49151008825493,-4.0168287821850335,-3.429984982496617,-0.5976865291217942,-0.5427832577767248,0.3698882394018333,3.5836336395795687,-1.2592496340822534,2.1759126645516123
51.0,244.0,132.62808227539062,0.547937616529104,1.49151008825493,-4.0168287821850335,-3.429984982496617,-0.5976865291217942,-0.5427832578991345,0.3698882394018333,3.5836336395795687,-1.2866427087170385,2.1759126645516123
51.0,244.0,132.62808227539062,0.5479371659054912,1.4915106906779072,-4.0168287821850335,-3.4349824467745527,-0.5955271495185809,-0.5427832579015086,0.3698882394018333,3.5703208031567057,-1.2854039180628944,2.1750736287977723
51.0,244.0,132.62808227539062,0.5478948821106959,1.4915126322271512,-4.018565007985094,-3.429984982496617,-0.5849038134755663,-0.5427832579015086,0.3530703330578133,3.5836336395795687,-1.2874818471703546,2.1748392698901005
51.0,244.0,132.62808227539062,0.5478948821106959,1.4915121369401692,-4.017412237295675,-3.429984982496617,-0.5860867837023092,-0.5279721935780763,0.3535768109007595,3.5836336395795687,-1.2873476441941856,2.174267131087437
51.0,244.0,132.62808227539062,0.5478779684829103,1.4915100582119574,-4.016556178241865,-3.429931259189822,-0.5853959079524219,-0.5427832579015086,0.3699401538168486,3.5836336395795687,-1.2874814237295416,2.1748339715722382
51.0,244.0,132.62808227539062,0.5478948821106959,1.491510115505245,-4.018565007985094,-3.429984982496617,-0.585550776313577,-0.5279721935780763,0.3532251727814096,3.5836336395795687,-1.287454054547188,2.174196968619919
51.0,244.0,132.62808227539062,0.5478783960350889,1.4915126322271512,-4.0115682631224345,-3.429931259189822,-0.5853959079524219,-0.5427832577720734,0.3720227595107219,3.5836336401050257,-1.2874814237295416,2.1748392698901005
51.0,244.0,132.62808227539062,0.5478777894201731,1.4915126322271512,-4.013098196013769,-3.4348979588315944,-0.5853959079524219,-0.5427832579015086,0.3720227595107219,3.5836336395795687,-1.2853275760651472,2.175045059501364
51.0,244.0,132.62808227539062,0.5478951812995236,1.4915126322271512,-4.018565007985094,-3.429984982496617,-0.5848787132213917,-0.5427832579015086,0.3701326336091446,3.5836336395795687,-1.2874537400465145,2.1748392698901005
51.0,244.0,132.62808227539062,0.5479371659054912,1.49151008825493,-4.0168287821850335,-3.429984982496617,-0.5976865291217942,-0.542783257787162,0.3672821324565222,3.5836336395795687,-1.2874808364368373,2.1750736287977723
51.0,244.0,132.62808227539062,0.5478948821106959,1.4915126322271512,-4.016336684172381,-3.434426143155825,-0.5849038134755663,-0.542783257782956,0.3530703330578133,3.583633585422957,-1.287482651840964,2.176455547875888
51.0,244.0,132.62808227539062,0.5479371659054912,1.4915106906779072,-4.01855497464395,-3.4349824467745527,-0.5955271495185809,-0.5427832579015086,0.3698627616320903,3.57050069664492,-1.2873897371495855,2.1750736287977723
51.0,244.0,132.62808227539062,0.5478948821106959,1.4915126322271512,-4.018565007985094,-3.429984982496617,-0.5849038134755663,-0.5417862759426133,0.3530854246187211,3.5836336395795687,-1.2874818471703546,2.1748678712457337
51.0,244.0,132.62808227539062,0.5478783960350889,1.4915126322271512,-4.0115682631224345,-3.429931259189822,-0.5853959079524219,-0.5427832577720734,0.3720227595107219,3.5836336401050257,-1.2874814237295416,2.1748392698901005
51.0,244.0,132.62808227539062,0.5478783960350889,1.4915126322271512,-4.013231974046128,-3.429931259189822,-0.5853959079524219,-0.5427832579015086,0.3720227595107219,3.5836336395795687,-1.2874814237295416,2.1748392698901005
51.0,244.0,132.62808227539062,0.5478950984988996,1.4915047339481498,-4.018565007985094,-3.429984982496617,-0.5834720788807439,-0.5427832579015086,0.37059461730126,3.5836336395795687,-1.2874818471703546,2.1748392698901005
51.0,244.0,132.62808227539062,0.5478951812995236,1.4915126322271512,-4.018565007985094,-3.429984982496617,-0.5848779094820971,-0.5427832579015086,0.3712595339174763,3.5836336395795687,-1.2874537400465145,2.1748392698901005
51.0,244.0,132.62808227539062,0.5478931777771237,1.4915101485711668,-4.0168287821850335,-3.429984982496617,-0.5977682839019836,-0.542783257901822,0.3698227181191845,3.5836336395795687,-1.2866427087170385,2.1748619574352266
51.0,244.0,132.62808227539062,0.5479449431421275,1.4915089129393202,-4.017770283732102,-3.43453688910242,-0.5854467428281206,-0.542783257773751,0.353354811350459,3.583633584550882,-1.287480815620589,2.17524651555813
51.0,244.0,132.62808227539062,0.5478951812995236,1.4915126322271512,-4.016838815526177,-3.429984982496617,-0.5848787132213917,-0.5427832579015086,0.3701581113788876,3.583453746091355,-1.285467920959823,2.1748392698901005
51.0,244.0,132.62808227539062,0.5478783960350889,1.4915126322271512,-4.013231974046128,-3.429931259189822,-0.5853959079524219,-0.5427832579015086,0.3720227595107219,3.5836336395795687,-1.2874814237295416,2.1748392698901005
51.0,244.0,132.62808227539062,0.5479383768927283,1.4915101155575186,-4.016829557674948,-3.429984982496617,-0.5850526222642735,-0.5279721935780763,0.3532251727814096,3.5836336395795687,-1.2874550421735926,2.17506624229969
51.0,244.0,132.62808227539062,0.5479438126126436,1.4915126322271512,-4.018565007985094,-3.429984982496617,-0.5975194006387133,-0.5427832579015086,0.3701326336091446,3.5836336395795687,-1.2883035972994583,2.1748392698901005
51.0,244.0,132.62808227539062,0.5478948821106959,1.4915126322271512,-4.018565007985094,-3.429984982496617,-0.5849046172148611,-0.5427832579015086,0.3519434327494816,3.5836336395795687,-1.2874818471703546,2.1748392698901005
51.0,244.0,132.62808227539062,0.5479393208626762,1.4915125719109144,-4.040700792776991,-3.4299823092542527,-0.5848207046333247,-0.5427832578988211,0.3706601385839088,3.5836336395795687,-1.2874818471703546,2.1758899770064857
51.0,244.0,132.62808227539062,0.547893240534502,1.4915101155575186,-4.016602115314464,-3.4299850385750648,-0.5850544538520193,-0.542868027407921,0.3532251727814096,3.5836336395795687,-1.2874776621229187,2.174816816413067
51.0,244.0,132.62808227539062,0.5479452929074433,1.491512940693981,-4.0168287821850335,-3.429984982496617,-0.5976865291217942,-0.5427832577767248,0.3701307659505306,3.5836336395795687,-1.2604577640593833,2.174836722732591
51.0,244.0,132.62808227539062,0.5478950265838155,1.491512770167609,-4.018565007985094,-3.429984982496617,-0.5855074512728781,-0.5427832579015086,0.3527487862190276,3.5836336395795687,-1.2874808635451835,2.1748406629564485
51.0,244.0,132.62808227539062,0.547878504885672,1.4915126322271512,-4.013215937589671,-3.429916541685906,-0.5853959079524219,-0.5427832579015086,0.3720227595107219,3.5836336347399445,-1.2874814237295416,2.1765074249396017
51.0,244.0,132.62808227539062,0.5478783960350889,1.4915126322271512,-4.018712072817035,-3.42998471476643,-0.5853852880407711,-0.5427955023696167,0.3720227595107219,3.5836336395795687,-1.2874814237295416,2.1748392698901005
51.0,244.0,132.62808227539062,0.5478779684829103,1.4915100582119574,-4.016556178241865,-3.429931259189822,-0.5853959079524219,-0.5427832579015086,0.3699401538168486,3.5836336395795687,-1.2874814237295416,2.1748339715722382
51.0,244.0,132.62808227539062,0.5478951812995236,1.4915126322271512,-4.018636021066609,-3.429984982496617,-0.5848779094820971,-0.5427832579015086,0.3712595339174763,3.5836336395795687,-1.2874791234900465,2.1748392698901005
51.0,244.0,132.62808227539062,0.5479438126126436,1.4915126322271512,-4.018565007985094,-3.429797029743666,-0.5975194006387133,-0.5427832579015086,0.3701326336091446,3.583631041414792,-1.2883035972994583,2.1748437404861187
51.0,244.0,132.62808227539062,0.5479393208626762,1.491512578734157,-4.040700792776991,-3.429984855905507,-0.5848207046333247,-0.542783257901575,0.370127098797437,3.5836336395795687,-1.2874801288957012,2.1758899770064857
51.0,244.0,132.62808227539062,0.5478779529403618,1.4915101047517092,-4.016563736223173,-3.429931259189822,-0.5853959079524219,-0.5427832579015086,0.3720227595107219,3.5836336395795687,-1.2874814237295416,2.174834069959463
51.0,244.0,132.62808227539062,0.5479371659054912,1.4915126739937374,-4.018641735686635,-3.429984982496617,-0.584232498697843,-0.5427832579015086,0.3698630959681335,3.5836336395795687,-1.2874539373312437,2.1750736287977723
51.0,244.0,132.62808227539062,0.5478751027957012,1.4915089918222544,-4.017770283732102,-3.43453688910242,-0.5854467428281206,-0.5427832578927154,0.353354811350459,3.583633584550882,-1.2874814327830302,2.1748304111604275
51.0,244.0,132.62808227539062,0.5479443307532503,1.4915089129393202,-4.020530599517375,-3.434557513050347,-0.5873265663083467,-0.542783257773751,0.3700575018888117,3.5836336377119413,-1.287454917965219,2.175238943496297
51.0,244.0,132.62808227539062,0.5478941344508481,1.4915097797880998,-4.018565007985094,-3.429984982496617,-0.5848787132213917,-0.5427832579015086,0.3698901070604473,3.5836336395795687,-1.2862456100693846,2.175915211709121
51.0,245.0,132.62808227539062,0.5478948821106959,1.4915126322271512,-4.018565007985094,-3.429984982496617,-0.5849024594135139,-0.5427832579015086,0.3701326336091446,3.5836336395795687,-1.287454054547188,2.1748392698901005
51.0,245.0,132.62808227539062,0.5478948821106959,1.4915126322271512,-4.018565007985094,-3.429984982496617,-0.5849024594135139,-0.5427832579015086,0.37059461730126,3.5836336395795687,-1.2874818471703546,2.1748392698901005
51.0,245.0,132.62808227539062,0.5478948821106959,1.4915125369362046,-4.018565007985094,-3.429984982496617,-0.585550776313577,-0.5279721935780763,0.3535768109007595,3.5836336395795687,-1.287454054547188,2.174267131087437
51.0,245.0,132.62808227539062,0.5479371659054912,1.49151008825493,-4.0168287821850335,-3.429984982496617,-0.5976865291217942,-0.5427832579015086,0.3698882394018333,3.5836336395795687,-1.2874808364368373,2.1750736287977723
51.0,245.0,132.62808227539062,0.5478783960350889,1.4915126322271512,-4.013231974046128,-3.429931259189822,-0.5853959079524219,-0.5427832579015086,0.3720227595107219,3.5836336395795687,-1.2874814237295416,2.1748392698901005
51.0,245.0,132.62808227539062,0.5478948821106959,1.4915126322271512,-4.018565007985094,-3.429984982496617,-0.5849038134755663,-0.5427832579015086,0.3530703330578133,3.5836336395795687,-1.2874818471703546,2.1748392698901005
51.0,245.0,132.62808227539062,0.5478948821106959,1.4915126322271512,-4.016336684172381,-3.434426143155825,-0.5849038134755663,-0.542783257782956,0.3530703330578133,3.583633585422957,-1.2873613426977333,2.1764212863434835
51.0,245.0,132.62808227539062,0.5478948821106959,1.4915126322271512,-4.018565007985094,-3.429984982496617,-0.5849024594135139,-0.5427832579015086,0.3701326336091446,3.5836336395795687,-1.287454054547188,2.1748392698901005
51.0,245.0,132.62808227539062,0.5478783960350889,1.4915126322271512,-4.013231974046128,-3.429931259189822,-0.5853959079524219,-0.5427832579015086,0.3720227595107219,3.5836336395795687,-1.2874814237295416,2.1748392698901005
51.0,245.0,132.62808227539062,0.5478948821106959,1.4915126322271512,-4.013322040356646,-3.4299823092542527,-0.5849024594135139,-0.5427832579015086,0.37059461730126,3.5836336395795687,-1.2874818471703546,2.1748392698901005
51.0,245.0,132.62808227539062,0.5479442460587678,1.49151008825493,-4.0168287821850335,-3.429984982496617,-0.5976865291217942,-0.5427832577767248,0.3698882394018333,3.5836336395795687,-1.2592496340822534,2.1759126645516123
51.0,245.0,132.62808227539062,0.547937616529104,1.49151008825493,-4.0168287821850335,-3.429984982496617,-0.5976865291217942,-0.5427832578991345,0.3698882394018333,3.5836336395795687,-1.2866427087170385,2.1759126645516123
51.0,245.0,132.62808227539062,0.5479371659054912,1.4915106906779072,-4.0168287821850335,-3.4349824467745527,-0.5955271495185809,-0.5427832579015086,0.3698882394018333,3.5703208031567057,-1.2854039180628944,2.1750736287977723
51.0,245.0,132.62808227539062,0.5478948821106959,1.4915126322271512,-4.018565007985094,-3.429984982496617,-0.5849038134755663,-0.5427832579015086,0.3530703330578133,3.5836336395795687,-1.2874818471703546,2.1748392698901005
51.0,245.0,132.62808227539062,0.5478948821106959,1.4915121369401692,-4.017412237295675,-3.429984982496617,-0.5860867837023092,-0.5279721935780763,0.3535768109007595,3.5836336395795687,-1.2873476441941856,2.174267131087437
51.0,245.0,132.62808227539062,0.5478779684829103,1.4915100582119574,-4.016556178241865,-3.429931259189822,-0.5853959079524219,-0.5427832579015086,0.3699401538168486,3.5836336395795687,-1.2874814237295416,2.1748339715722382
51.0,245.0,132.62808227539062,0.5478948821106959,1.491510115505245,-4.018565007985094,-3.429984982496617,-0.585550776313577,-0.5279721935780763,0.3532251727814096,3.5836336395795687,-1.287454054547188,2.174196968619919
51.0,245.0,132.62808227539062,0.5478783960350889,1.4915126322271512,-4.0115682631224345,-3.429931259189822,-0.5853959079524219,-0.5427832577720734,0.3720227595107219,3.5836336401050257,-1.2874814237295416,2.1748392698901005
51.0,245.0,132.62808227539062,0.5478777894201731,1.4915126322271512,-4.013098196013769,-3.4348979588315944,-0.5853959079524219,-0.5427832579015086,0.3720227595107219,3.5836336395795687,-1.2853275760651472,2.175045059501364
51.0,245.0,132.62808227539062,0.5478951812995236,1.4915126322271512,-4.018565007985094,-3.429984982496617,-0.5848787132213917,-0.5427832579015086,0.3701326336091446,3.5836336395795687,-1.2874537400465145,2.1748392698901005
51.0,245.0,132.62808227539062,0.5479371659054912,1.49151008825493,-4.0168287821850335,-3.429984982496617,-0.5976865291217942,-0.542783257787162,0.3672821324565222,3.5836336395795687,-1.2874808364368373,2.1750736287977723
51.0,245.0,132.62808227539062,0.5478948821106959,1.4915126322271512,-4.016336684172381,-3.434426143155825,-0.5849038134755663,-0.542783257782956,0.3530703330578133,3.583633585422957,-1.287482651840964,2.176455547875888
51.0,245.0,132.62808227539062,0.5479371659054912,1.4915106906779072,-4.01855497464395,-3.4349824467745527,-0.5955271495185809,-0.5427832579015086,0.3698627616320903,3.57050069664492,-1.2873897371495855,2.1750736287977723
51.0,245.0,132.62808227539062,0.5478948821106959,1.4915126322271512,-4.018565007985094,-3.429984982496617,-0.5849038134755663,-0.5417862759426133,0.3530854246187211,3.5836336395795687,-1.2874818471703546,2.1748678712457337
51.0,245.0,132.62808227539062,0.5478783960350889,1.4915126322271512,-4.0115682631224345,-3.429931259189822,-0.5853959079524219,-0.5427832577720734,0.3720227595107219,3.5836336401050257,-1.2874814237295416,2.1748392698901005
51.0,245.0,132.62808227539062,0.5478783960350889,1.4915126322271512,-4.013231974046128,-3.429931259189822,-0.5853959079524219,-0.5427832579015086,0.3720227595107219,3.5836336395795687,-1.2874814237295416,2.1748392698901005
51.0,245.0,132.62808227539062,0.5478950984988996,1.4915047339481498,-4.018565007985094,-3.429984982496617,-0.5834720788807439,-0.5427832579015086,0.37059461730126,3.5836336395795687,-1.2874818471703546,2.1748392698901005
51.0,245.0,132.62808227539062,0.5478951812995236,1.4915126322271512,-4.018565007985094,-3.429984982496617,-0.5848779094820971,-0.5427832579015086,0.3712595339174763,3.5836336395795687,-1.2874537400465145,2.1748392698901005
51.0,245.0,132.62808227539062,0.5478931777771237,1.4915101485711668,-4.0168287821850335,-3.429984982496617,-0.5977682839019836,-0.542783257901822,0.3698227181191845,3.5836336395795687,-1.2866427087170385,2.1748619574352266
51.0,245.0,132.62808227539062,0.5479449431421275,1.4915089129393202,-4.017770283732102,-3.43453688910242,-0.5854467428281206,-0.542783257773751,0.353354811350459,3.583633584550882,-1.287480815620589,2.17524651555813
51.0,245.0,132.62808227539062,0.5478951812995236,1.4915126322271512,-4.016838815526177,-3.429984982496617,-0.5848787132213917,-0.5427832579015086,0.3701581113788876,3.583453746091355,-1.285467920959823,2.1748392698901005
51.0,245.0,132.62808227539062,0.5478783960350889,1.4915126322271512,-4.013231974046128,-3.429931259189822,-0.5853959079524219,-0.5427832579015086,0.3720227595107219,3.5836336395795687,-1.2874814237295416,2.1748392698901005
51.0,245.0,132.62808227539062,0.5479383768927283,1.4915101155575186,-4.016829557674948,-3.429984982496617,-0.5850526222642735,-0.5279721935780763,0.3532251727814096,3.5836336395795687,-1.2874550421735926,2.17506624229969
51.0,245.0,132.62808227539062,0.5479438126126436,1.4915126322271512,-4.018565007985094,-3.429984982496617,-0.5975194006387133,-0.5427832579015086,0.3701326336091446,3.5836336395795687,-1.2883035972994583,2.1748392698901005
51.0,245.0,132.62808227539062,0.5478948821106959,1.4915126322271512,-4.018565007985094,-3.429984982496617,-0.5849046172148611,-0.5427832579015086,0.3519434327494816,3.5836336395795687,-1.2874818471703546,2.1748392698901005
51.0,245.0,132.62808227539062,0.5479393208626762,1.4915125719109144,-4.040700792776991,-3.4299823092542527,-0.5848207046333247,-0.5427832578988211,0.3706601385839088,3.5836336395795687,-1.2874818471703546,2.1758899770064857
51.0,245.0,132.62808227539062,0.547893240534502,1.4915101155575186,-4.016602115314464,-3.4299850385750648,-0.5850544538520193,-0.542868027407921,0.3532251727814096,3.5836336395795687,-1.2874776621229187,2.174816816413067
51.0,245.0,132.62808227539062,0.5479452929074433,1.491512940693981,-4.0168287821850335,-3.429984982496617,-0.5976865291217942,-0.5427832577767248,0.3701307659505306,3.5836336395795687,-1.2604577640593833,2.174836722732591
51.0,245.0,132.62808227539062,0.5478950265838155,1.491512770167609,-4.018565007985094,-3.429984982496617,-0.5855074512728781,-0.5427832579015086,0.3527487862190276,3.5836336395795687,-1.2874808635451835,2.1748406629564485
51.0,245.0,132.62808227539062,0.547878504885672,1.4915126322271512,-4.013215937589671,-3.429916541685906,-0.5853959079524219,-0.5427832579015086,0.3720227595107219,3.5836336347399445,-1.2874814237295416,2.1765074249396017
51.0,245.0,132.62808227539062,0.5478783960350889,1.4915126322271512,-4.018712072817035,-3.42998471476643,-0.5853852880407711,-0.5427955023696167,0.3720227595107219,3.5836336395795687,-1.2874814237295416,2.1748392698901005
51.0,245.0,132.62808227539062,0.5478779684829103,1.4915100582119574,-4.016556178241865,-3.429931259189822,-0.5853959079524219,-0.5427832579015086,0.3699401538168486,3.5836336395795687,-1.2874814237295416,2.1748339715722382
51.0,245.0,132.62808227539062,0.5478951812995236,1.4915126322271512,-4.018636021066609,-3.429984982496617,-0.5848779094820971,-0.5427832579015086,0.3712595339174763,3.5836336395795687,-1.2874791234900465,2.1748392698901005
51.0,245.0,132.62808227539062,0.5479438126126436,1.4915126322271512,-4.018565007985094,-3.429797029743666,-0.5975194006387133,-0.5427832579015086,0.3701326336091446,3.583631041414792,-1.2883035972994583,2.1748437404861187
51.0,245.0,132.62808227539062,0.5479393208626762,1.491512578734157,-4.040700792776991,-3.429984855905507,-0.5848207046333247,-0.542783257901575,0.370127098797437,3.5836336395795687,-1.2874801288957012,2.1758899770064857
51.0,245.0,132.62808227539062,0.5478779529403618,1.4915101047517092,-4.016563736223173,-3.429931259189822,-0.5853959079524219,-0.5427832579015086,0.3720227595107219,3.5836336395795687,-1.2874814237295416,2.174834069959463
51.0,245.0,132.62808227539062,0.5479371659054912,1.4915126739937374,-4.018641735686635,-3.429984982496617,-0.584232498697843,-0.5427832579015086,0.3698630959681335,3.5836336395795687,-1.2874539373312437,2.1750736287977723
51.0,245.0,132.62808227539062,0.5478751027957012,1.4915089918222544,-4.017770283732102,-3.43453688910242,-0.5854467428281206,-0.5427832578927154,0.353354811350459,3.583633584550882,-1.2874814327830302,2.1748304111604275
51.0,245.0,132.62808227539062,0.5479443307532503,1.4915089129393202,-4.020530599517375,-3.434557513050347,-0.5873265663083467,-0.542783257773751,0.3700575018888117,3.5836336377119413,-1.287454917965219,2.175238943496297
51.0,245.0,132.62808227539062,0.5478941344508481,1.4915097797880998,-4.018565007985094,-3.429984982496617,-0.5848787132213917,-0.5427832579015086,0.3698901070604473,3.5836336395795687,-1.2862456100693846,2.175915211709121
51.0,246.0,132.62808227539062,0.5478948821106959,1.4915126322271512,-4.018565007985094,-3.429984982496617,-0.5849024594135139,-0.5427832579015086,0.3701326336091446,3.5836336395795687,-1.287454054547188,2.1748392698901005
51.0,246.0,132.62808227539062,0.5478948821106959,1.4915126322271512,-4.018565007985094,-3.429984982496617,-0.5849024594135139,-0.5427832579015086,0.37059461730126,3.5836336395795687,-1.2874818471703546,2.1748392698901005
51.0,246.0,132.62808227539062,0.5478948821106959,1.4915125369362046,-4.018565007985094,-3.429984982496617,-0.585550776313577,-0.5279721935780763,0.3535768109007595,3.5836336395795687,-1.287454054547188,2.174267131087437
51.0,246.0,132.62808227539062,0.5479371659054912,1.49151008825493,-4.0168287821850335,-3.429984982496617,-0.5976865291217942,-0.5427832579015086,0.3698882394018333,3.5836336395795687,-1.2874808364368373,2.1750736287977723
51.0,246.0,132.62808227539062,0.5478783960350889,1.4915126322271512,-4.013231974046128,-3.429931259189822,-0.5853959079524219,-0.5427832579015086,0.3720227595107219,3.5836336395795687,-1.2874814237295416,2.1748392698901005
51.0,246.0,132.62808227539062,0.5478948821106959,1.4915126322271512,-4.018565007985094,-3.429984982496617,-0.5849038134755663,-0.5427832579015086,0.3530703330578133,3.5836336395795687,-1.2874818471703546,2.1748392698901005
51.0,246.0,132.62808227539062,0.5478948821106959,1.4915126322271512,-4.016336684172381,-3.434426143155825,-0.5849038134755663,-0.542783257782956,0.3530703330578133,3.583633585422957,-1.2873613426977333,2.1764212863434835
51.0,246.0,132.62808227539062,0.5478948821106959,1.4915126322271512,-4.018565007985094,-3.429984982496617,-0.5849024594135139,-0.5427832579015086,0.3701326336091446,3.5836336395795687,-1.287454054547188,2.1748392698901005
51.0,246.0,132.62808227539062,0.5478783960350889,1.4915126322271512,-4.013231974046128,-3.429931259189822,-0.5853959079524219,-0.5427832579015086,0.3720227595107219,3.5836336395795687,-1.2874814237295416,2.1748392698901005
51.0,246.0,132.62808227539062,0.5478948821106959,1.4915126322271512,-4.013322040356646,-3.4299823092542527,-0.5849024594135139,-0.5427832579015086,0.37059461730126,3.5836336395795687,-1.2874818471703546,2.1748392698901005
51.0,246.0,132.62808227539062,0.5479442460587678,1.49151008825493,-4.0168287821850335,-3.429984982496617,-0.5976865291217942,-0.5427832577767248,0.3698882394018333,3.5836336395795687,-1.2592496340822534,2.1759126645516123
51.0,246.0,132.62808227539062,0.547937616529104,1.49151008825493,-4.0168287821850335,-3.429984982496617,-0.5976865291217942,-0.5427832578991345,0.3698882394018333,3.5836336395795687,-1.2866427087170385,2.1759126645516123
51.0,246.0,132.62808227539062,0.5479371659054912,1.4915106906779072,-4.0168287821850335,-3.4349824467745527,-0.5955271495185809,-0.5427832579015086,0.3698882394018333,3.5703208031567057,-1.2854039180628944,2.1750736287977723
51.0,246.0,132.62808227539062,0.5478948821106959,1.4915126322271512,-4.018565007985094,-3.429984982496617,-0.5849038134755663,-0.5427832579015086,0.3530703330578133,3.5836336395795687,-1.2874818471703546,2.1748392698901005
51.0,246.0,132.62808227539062,0.5478948821106959,1.4915121369401692,-4.017412237295675,-3.429984982496617,-0.5860867837023092,-0.5279721935780763,0.3535768109007595,3.5836336395795687,-1.2873476441941856,2.174267131087437
51.0,246.0,132.62808227539062,0.5478779684829103,1.4915100582119574,-4.016556178241865,-3.429931259189822,-0.5853959079524219,-0.5427832579015086,0.3699401538168486,3.5836336395795687,-1.2874814237295416,2.1748339715722382
51.0,246.0,132.62808227539062,0.5478948821106959,1.491510115505245,-4.018565007985094,-3.429984982496617,-0.585550776313577,-0.5279721935780763,0.3532251727814096,3.5836336395795687,-1.287454054547188,2.174196968619919
51.0,246.0,132.62808227539062,0.5478783960350889,1.4915126322271512,-4.0115682631224345,-3.429931259189822,-0.5853959079524219,-0.5427832577720734,0.3720227595107219,3.5836336401050257,-1.2874814237295416,2.1748392698901005
51.0,246.0,132.62808227539062,0.5478777894201731,1.4915126322271512,-4.013098196013769,-3.4348979588315944,-0.5853959079524219,-0.5427832579015086,0.3720227595107219,3.5836336395795687,-1.2853275760651472,2.175045059501364
51.0,246.0,132.62808227539062,0.5478951812995236,1.4915126322271512,-4.018565007985094,-3.429984982496617,-0.5848787132213917,-0.5427832579015086,0.3701326336091446,3.5836336395795687,-1.2874537400465145,2.1748392698901005
51.0,246.0,132.62808227539062,0.5479371659054912,1.49151008825493,-4.0168287821850335,-3.429984982496617,-0.5976865291217942,-0.542783257787162,0.3672821324565222,3.5836336395795687,-1.2874808364368373,2.1750736287977723
51.0,246.0,132.62808227539062,0.5478948821106959,1.4915126322271512,-4.016336684172381,-3.434426143155825,-0.5849038134755663,-0.542783257782956,0.3530703330578133,3.583633585422957,-1.287482651840964,2.176455547875888
51.0,246.0,132.62808227539062,0.5479371659054912,1.4915106906779072,-4.01855497464395,-3.4349824467745527,-0.5955271495185809,-0.5427832579015086,0.3698627616320903,3.57050069664492,-1.2873897371495855,2.1750736287977723
51.0,246.0,132.62808227539062,0.5478948821106959,1.4915126322271512,-4.018565007985094,-3.429984982496617,-0.5849038134755663,-0.5417862759426133,0.3530854246187211,3.5836336395795687,-1.2874818471703546,2.1748678712457337
51.0,246.0,132.62808227539062,0.5478783960350889,1.4915126322271512,-4.0115682631224345,-3.429931259189822,-0.5853959079524219,-0.5427832577720734,0.3720227595107219,3.5836336401050257,-1.2874814237295416,2.1748392698901005
51.0,246.0,132.62808227539062,0.5478783960350889,1.4915126322271512,-4.013231974046128,-3.429931259189822,-0.5853959079524219,-0.5427832579015086,0.3720227595107219,3.5836336395795687,-1.2874814237295416,2.1748392698901005
51.0,246.0,132.62808227539062,0.5478950984988996,1.4915047339481498,-4.018565007985094,-3.429984982496617,-0.5834720788807439,-0.5427832579015086,0.37059461730126,3.5836336395795687,-1.2874818471703546,2.1748392698901005
51.0,246.0,132.62808227539062,0.5478951812995236,1.4915126322271512,-4.018565007985094,-3.429984982496617,-0.5848779094820971,-0.5427832579015086,0.3712595339174763,3.5836336395795687,-1.2874537400465145,2.1748392698901005
51.0,246.0,132.62808227539062,0.5478931777771237,1.4915101485711668,-4.0168287821850335,-3.429984982496617,-0.5977682839019836,-0.542783257901822,0.3698227181191845,3.5836336395795687,-1.2866427087170385,2.1748619574352266
51.0,246.0,132.62808227539062,0.5479449431421275,1.4915089129393202,-4.017770283732102,-3.43453688910242,-0.5854467428281206,-0.542783257773751,0.353354811350459,3.583633584550882,-1.287480815620589,2.17524651555813
51.0,246.0,132.62808227539062,0.5478951812995236,1.4915126322271512,-4.016838815526177,-3.429984982496617,-0.5848787132213917,-0.5427832579015086,0.3701581113788876,3.583453746091355,-1.285467920959823,2.1748392698901005
51.0,246.0,132.62808227539062,0.5478783960350889,1.4915126322271512,-4.013231974046128,-3.429931259189822,-0.5853959079524219,-0.5427832579015086,0.3720227595107219,3.5836336395795687,-1.2874814237295416,2.1748392698901005
51.0,246.0,132.62808227539062,0.5479383768927283,1.4915101155575186,-4.016829557674948,-3.429984982496617,-0.5850526222642735,-0.5279721935780763,0.3532251727814096,3.5836336395795687,-1.2874550421735926,2.17506624229969
51.0,246.0,132.62808227539062,0.5479438126126436,1.4915126322271512,-4.018565007985094,-3.429984982496617,-0.5975194006387133,-0.5427832579015086,0.3701326336091446,3.5836336395795687,-1.2883035972994583,2.1748392698901005
51.0,246.0,132.62808227539062,0.5478948821106959,1.4915126322271512,-4.018565007985094,-3.429984982496617,-0.5849046172148611,-0.5427832579015086,0.3519434327494816,3.5836336395795687,-1.2874818471703546,2.1748392698901005
51.0,246.0,132.62808227539062,0.5479393208626762,1.4915125719109144,-4.040700792776991,-3.4299823092542527,-0.5848207046333247,-0.5427832578988211,0.3706601385839088,3.5836336395795687,-1.2874818471703546,2.1758899770064857
51.0,246.0,132.62808227539062,0.547893240534502,1.4915101155575186,-4.016602115314464,-3.4299850385750648,-0.5850544538520193,-0.542868027407921,0.3532251727814096,3.5836336395795687,-1.2874776621229187,2.174816816413067
51.0,246.0,132.62808227539062,0.5479452929074433,1.491512940693981,-4.0168287821850335,-3.429984982496617,-0.5976865291217942,-0.5427832577767248,0.3701307659505306,3.5836336395795687,-1.2604577640593833,2.174836722732591
51.0,246.0,132.62808227539062,0.5478950265838155,1.491512770167609,-4.018565007985094,-3.429984982496617,-0.5855074512728781,-0.5427832579015086,0.3527487862190276,3.5836336395795687,-1.2874808635451835,2.1748406629564485
51.0,246.0,132.62808227539062,0.547878504885672,1.4915126322271512,-4.013215937589671,-3.429916541685906,-0.5853959079524219,-0.5427832579015086,0.3720227595107219,3.5836336347399445,-1.2874814237295416,2.1765074249396017
51.0,246.0,132.62808227539062,0.5478783960350889,1.4915126322271512,-4.018712072817035,-3.42998471476643,-0.5853852880407711,-0.5427955023696167,0.3720227595107219,3.5836336395795687,-1.2874814237295416,2.1748392698901005
51.0,246.0,132.62808227539062,0.5478779684829103,1.4915100582119574,-4.016556178241865,-3.429931259189822,-0.5853959079524219,-0.5427832579015086,0.3699401538168486,3.5836336395795687,-1.2874814237295416,2.1748339715722382
51.0,246.0,132.62808227539062,0.5478951812995236,1.4915126322271512,-4.018636021066609,-3.429984982496617,-0.5848779094820971,-0.5427832579015086,0.3712595339174763,3.5836336395795687,-1.2874791234900465,2.1748392698901005
51.0,246.0,132.62808227539062,0.5479438126126436,1.4915126322271512,-4.018565007985094,-3.429797029743666,-0.5975194006387133,-0.5427832579015086,0.3701326336091446,3.583631041414792,-1.2883035972994583,2.1748437404861187
51.0,246.0,132.62808227539062,0.5479393208626762,1.491512578734157,-4.040700792776991,-3.429984855905507,-0.5848207046333247,-0.542783257901575,0.370127098797437,3.5836336395795687,-1.2874801288957012,2.1758899770064857
51.0,246.0,132.62808227539062,0.5478779529403618,1.4915101047517092,-4.016563736223173,-3.429931259189822,-0.5853959079524219,-0.5427832579015086,0.3720227595107219,3.5836336395795687,-1.2874814237295416,2.174834069959463
51.0,246.0,132.62808227539062,0.5479371659054912,1.4915126739937374,-4.018641735686635,-3.429984982496617,-0.584232498697843,-0.5427832579015086,0.3698630959681335,3.5836336395795687,-1.2874539373312437,2.1750736287977723
51.0,246.0,132.62808227539062,0.5478751027957012,1.4915089918222544,-4.017770283732102,-3.43453688910242,-0.5854467428281206,-0.5427832578927154,0.353354811350459,3.583633584550882,-1.2874814327830302,2.1748304111604275
51.0,246.0,132.62808227539062,0.5479443307532503,1.4915089129393202,-4.020530599517375,-3.434557513050347,-0.5873265663083467,-0.542783257773751,0.3700575018888117,3.5836336377119413,-1.287454917965219,2.175238943496297
51.0,246.0,132.62808227539062,0.5478941344508481,1.4915097797880998,-4.018565007985094,-3.429984982496617,-0.5848787132213917,-0.5427832579015086,0.3698901070604473,3.5836336395795687,-1.2862456100693846,2.175915211709121
51.0,247.0,132.62808227539062,0.5478948821106959,1.4915126322271512,-4.018565007985094,-3.429984982496617,-0.5849024594135139,-0.5427832579015086,0.3701326336091446,3.5836336395795687,-1.287454054547188,2.1748392698901005
51.0,247.0,132.62808227539062,0.5478948821106959,1.4915126322271512,-4.018565007985094,-3.429984982496617,-0.5849024594135139,-0.5427832579015086,0.37059461730126,3.5836336395795687,-1.2874818471703546,2.1748392698901005
51.0,247.0,132.62808227539062,0.5478948821106959,1.4915125369362046,-4.018565007985094,-3.429984982496617,-0.585550776313577,-0.5279721935780763,0.3535768109007595,3.5836336395795687,-1.287454054547188,2.174267131087437
51.0,247.0,132.62808227539062,0.5479371659054912,1.49151008825493,-4.0168287821850335,-3.429984982496617,-0.5976865291217942,-0.5427832579015086,0.3698882394018333,3.5836336395795687,-1.2874808364368373,2.1750736287977723
51.0,247.0,132.62808227539062,0.5478783960350889,1.4915126322271512,-4.013231974046128,-3.429931259189822,-0.5853959079524219,-0.5427832579015086,0.3720227595107219,3.5836336395795687,-1.2874814237295416,2.1748392698901005
51.0,247.0,132.62808227539062,0.5478948821106959,1.4915126322271512,-4.018565007985094,-3.429984982496617,-0.5849038134755663,-0.5427832579015086,0.3530703330578133,3.5836336395795687,-1.2874818471703546,2.1748392698901005
51.0,247.0,132.62808227539062,0.5478948821106959,1.4915126322271512,-4.016336684172381,-3.434426143155825,-0.5849038134755663,-0.542783257782956,0.3530703330578133,3.583633585422957,-1.2873613426977333,2.1764212863434835
51.0,247.0,132.62808227539062,0.5478948821106959,1.4915126322271512,-4.018565007985094,-3.429984982496617,-0.5849024594135139,-0.5427832579015086,0.3701326336091446,3.5836336395795687,-1.287454054547188,2.1748392698901005
51.0,247.0,132.62808227539062,0.5478783960350889,1.4915126322271512,-4.013231974046128,-3.429931259189822,-0.5853959079524219,-0.5427832579015086,0.3720227595107219,3.5836336395795687,-1.2874814237295416,2.1748392698901005
51.0,247.0,132.62808227539062,0.5478948821106959,1.4915126322271512,-4.013322040356646,-3.4299823092542527,-0.5849024594135139,-0.5427832579015086,0.37059461730126,3.5836336395795687,-1.2874818471703546,2.1748392698901005
51.0,247.0,132.62808227539062,0.5479442460587678,1.49151008825493,-4.0168287821850335,-3.429984982496617,-0.5976865291217942,-0.5427832577767248,0.3698882394018333,3.5836336395795687,-1.2592496340822534,2.1759126645516123
51.0,247.0,132.62808227539062,0.547937616529104,1.49151008825493,-4.0168287821850335,-3.429984982496617,-0.5976865291217942,-0.5427832578991345,0.3698882394018333,3.5836336395795687,-1.2866427087170385,2.1759126645516123
51.0,247.0,132.62808227539062,0.5479371659054912,1.4915106906779072,-4.0168287821850335,-3.4349824467745527,-0.5955271495185809,-0.5427832579015086,0.3698882394018333,3.5703208031567057,-1.2854039180628944,2.1750736287977723
51.0,247.0,132.62808227539062,0.5478948821106959,1.4915126322271512,-4.018565007985094,-3.429984982496617,-0.5849038134755663,-0.5427832579015086,0.3530703330578133,3.5836336395795687,-1.2874818471703546,2.1748392698901005
51.0,247.0,132.62808227539062,0.5478948821106959,1.4915121369401692,-4.017412237295675,-3.429984982496617,-0.5860867837023092,-0.5279721935780763,0.3535768109007595,3.5836336395795687,-1.2873476441941856,2.174267131087437
51.0,247.0,132.62808227539062,0.5478779684829103,1.4915100582119574,-4.016556178241865,-3.429931259189822,-0.5853959079524219,-0.5427832579015086,0.3699401538168486,3.5836336395795687,-1.2874814237295416,2.1748339715722382
51.0,247.0,132.62808227539062,0.5478948821106959,1.491510115505245,-4.018565007985094,-3.429984982496617,-0.585550776313577,-0.5279721935780763,0.3532251727814096,3.5836336395795687,-1.287454054547188,2.174196968619919
51.0,247.0,132.62808227539062,0.5478783960350889,1.4915126322271512,-4.0115682631224345,-3.429931259189822,-0.5853959079524219,-0.5427832577720734,0.3720227595107219,3.5836336401050257,-1.2874814237295416,2.1748392698901005
51.0,247.0,132.62808227539062,0.5478777894201731,1.4915126322271512,-4.013098196013769,-3.4348979588315944,-0.5853959079524219,-0.5427832579015086,0.3720227595107219,3.5836336395795687,-1.2853275760651472,2.175045059501364
51.0,247.0,132.62808227539062,0.5478951812995236,1.4915126322271512,-4.018565007985094,-3.429984982496617,-0.5848787132213917,-0.5427832579015086,0.3701326336091446,3.5836336395795687,-1.2874537400465145,2.1748392698901005
51.0,247.0,132.62808227539062,0.5479371659054912,1.49151008825493,-4.0168287821850335,-3.429984982496617,-0.5976865291217942,-0.542783257787162,0.3672821324565222,3.5836336395795687,-1.2874808364368373,2.1750736287977723
51.0,247.0,132.62808227539062,0.5478948821106959,1.4915126322271512,-4.016336684172381,-3.434426143155825,-0.5849038134755663,-0.542783257782956,0.3530703330578133,3.583633585422957,-1.287482651840964,2.176455547875888
51.0,247.0,132.62808227539062,0.5479371659054912,1.4915106906779072,-4.01855497464395,-3.4349824467745527,-0.5955271495185809,-0.5427832579015086,0.3698627616320903,3.57050069664492,-1.2873897371495855,2.1750736287977723
51.0,247.0,132.62808227539062,0.5478948821106959,1.4915126322271512,-4.018565007985094,-3.429984982496617,-0.5849038134755663,-0.5417862759426133,0.3530854246187211,3.5836336395795687,-1.2874818471703546,2.1748678712457337
51.0,247.0,132.62808227539062,0.5478783960350889,1.4915126322271512,-4.0115682631224345,-3.429931259189822,-0.5853959079524219,-0.5427832577720734,0.3720227595107219,3.5836336401050257,-1.2874814237295416,2.1748392698901005
51.0,247.0,132.62808227539062,0.5478783960350889,1.4915126322271512,-4.013231974046128,-3.429931259189822,-0.5853959079524219,-0.5427832579015086,0.3720227595107219,3.5836336395795687,-1.2874814237295416,2.1748392698901005
51.0,247.0,132.62808227539062,0.5478950984988996,1.4915047339481498,-4.018565007985094,-3.429984982496617,-0.5834720788807439,-0.5427832579015086,0.37059461730126,3.5836336395795687,-1.2874818471703546,2.1748392698901005
51.0,247.0,132.62808227539062,0.5478951812995236,1.4915126322271512,-4.018565007985094,-3.429984982496617,-0.5848779094820971,-0.5427832579015086,0.3712595339174763,3.5836336395795687,-1.2874537400465145,2.1748392698901005
51.0,247.0,132.62808227539062,0.5478931777771237,1.4915101485711668,-4.0168287821850335,-3.429984982496617,-0.5977682839019836,-0.542783257901822,0.3698227181191845,3.5836336395795687,-1.2866427087170385,2.1748619574352266
51.0,247.0,132.62808227539062,0.5479449431421275,1.4915089129393202,-4.017770283732102,-3.43453688910242,-0.5854467428281206,-0.542783257773751,0.353354811350459,3.583633584550882,-1.287480815620589,2.17524651555813
51.0,247.0,132.62808227539062,0.5478951812995236,1.4915126322271512,-4.016838815526177,-3.429984982496617,-0.5848787132213917,-0.5427832579015086,0.3701581113788876,3.583453746091355,-1.285467920959823,2.1748392698901005
51.0,247.0,132.62808227539062,0.5478783960350889,1.4915126322271512,-4.013231974046128,-3.429931259189822,-0.5853959079524219,-0.5427832579015086,0.3720227595107219,3.5836336395795687,-1.2874814237295416,2.1748392698901005
51.0,247.0,132.62808227539062,0.5479383768927283,1.4915101155575186,-4.016829557674948,-3.429984982496617,-0.5850526222642735,-0.5279721935780763,0.3532251727814096,3.5836336395795687,-1.2874550421735926,2.17506624229969
51.0,247.0,132.62808227539062,0.5479438126126436,1.4915126322271512,-4.018565007985094,-3.429984982496617,-0.5975194006387133,-0.5427832579015086,0.3701326336091446,3.5836336395795687,-1.2883035972994583,2.1748392698901005
51.0,247.0,132.62808227539062,0.5478948821106959,1.4915126322271512,-4.018565007985094,-3.429984982496617,-0.5849046172148611,-0.5427832579015086,0.3519434327494816,3.5836336395795687,-1.2874818471703546,2.1748392698901005
51.0,247.0,132.62808227539062,0.5479393208626762,1.4915125719109144,-4.040700792776991,-3.4299823092542527,-0.5848207046333247,-0.5427832578988211,0.3706601385839088,3.5836336395795687,-1.2874818471703546,2.1758899770064857
51.0,247.0,132.62808227539062,0.547893240534502,1.4915101155575186,-4.016602115314464,-3.4299850385750648,-0.5850544538520193,-0.542868027407921,0.3532251727814096,3.5836336395795687,-1.2874776621229187,2.174816816413067
51.0,247.0,132.62808227539062,0.5479452929074433,1.491512940693981,-4.0168287821850335,-3.429984982496617,-0.5976865291217942,-0.5427832577767248,0.3701307659505306,3.5836336395795687,-1.2604577640593833,2.174836722732591
51.0,247.0,132.62808227539062,0.5478950265838155,1.491512770167609,-4.018565007985094,-3.429984982496617,-0.5855074512728781,-0.5427832579015086,0.3527487862190276,3.5836336395795687,-1.2874808635451835,2.1748406629564485
51.0,247.0,132.62808227539062,0.547878504885672,1.4915126322271512,-4.013215937589671,-3.429916541685906,-0.5853959079524219,-0.5427832579015086,0.3720227595107219,3.5836336347399445,-1.2874814237295416,2.1765074249396017
51.0,247.0,132.62808227539062,0.5478783960350889,1.4915126322271512,-4.018712072817035,-3.42998471476643,-0.5853852880407711,-0.5427955023696167,0.3720227595107219,3.5836336395795687,-1.2874814237295416,2.1748392698901005
51.0,247.0,132.62808227539062,0.5478779684829103,1.4915100582119574,-4.016556178241865,-3.429931259189822,-0.5853959079524219,-0.5427832579015086,0.3699401538168486,3.5836336395795687,-1.2874814237295416,2.1748339715722382
51.0,247.0,132.62808227539062,0.5478951812995236,1.4915126322271512,-4.018636021066609,-3.429984982496617,-0.5848779094820971,-0.5427832579015086,0.3712595339174763,3.5836336395795687,-1.2874791234900465,2.1748392698901005
51.0,247.0,132.62808227539062,0.5479438126126436,1.4915126322271512,-4.018565007985094,-3.429797029743666,-0.5975194006387133,-0.5427832579015086,0.3701326336091446,3.583631041414792,-1.2883035972994583,2.1748437404861187
51.0,247.0,132.62808227539062,0.5479393208626762,1.491512578734157,-4.040700792776991,-3.429984855905507,-0.5848207046333247,-0.542783257901575,0.370127098797437,3.5836336395795687,-1.2874801288957012,2.1758899770064857
51.0,247.0,132.62808227539062,0.5478779529403618,1.4915101047517092,-4.016563736223173,-3.429931259189822,-0.5853959079524219,-0.5427832579015086,0.3720227595107219,3.5836336395795687,-1.2874814237295416,2.174834069959463
51.0,247.0,132.62808227539062,0.5479371659054912,1.4915126739937374,-4.018641735686635,-3.429984982496617,-0.584232498697843,-0.5427832579015086,0.3698630959681335,3.5836336395795687,-1.2874539373312437,2.1750736287977723
51.0,247.0,132.62808227539062,0.5478751027957012,1.4915089918222544,-4.017770283732102,-3.43453688910242,-0.5854467428281206,-0.5427832578927154,0.353354811350459,3.583633584550882,-1.2874814327830302,2.1748304111604275
51.0,247.0,132.62808227539062,0.5479443307532503,1.4915089129393202,-4.020530599517375,-3.434557513050347,-0.5873265663083467,-0.542783257773751,0.3700575018888117,3.5836336377119413,-1.287454917965219,2.175238943496297
51.0,247.0,132.62808227539062,0.5478941344508481,1.4915097797880998,-4.018565007985094,-3.429984982496617,-0.5848787132213917,-0.5427832579015086,0.3698901070604473,3.5836336395795687,-1.2862456100693846,2.175915211709121
51.0,248.0,132.62808227539062,0.5478948821106959,1.4915126322271512,-4.018565007985094,-3.429984982496617,-0.5849024594135139,-0.5427832579015086,0.3701326336091446,3.5836336395795687,-1.287454054547188,2.1748392698901005
51.0,248.0,132.62808227539062,0.5478948821106959,1.4915126322271512,-4.018565007985094,-3.429984982496617,-0.5849024594135139,-0.5427832579015086,0.37059461730126,3.5836336395795687,-1.2874818471703546,2.1748392698901005
51.0,248.0,132.62808227539062,0.5478948821106959,1.4915125369362046,-4.018565007985094,-3.429984982496617,-0.585550776313577,-0.5279721935780763,0.3535768109007595,3.5836336395795687,-1.287454054547188,2.174267131087437
51.0,248.0,132.62808227539062,0.5479371659054912,1.49151008825493,-4.0168287821850335,-3.429984982496617,-0.5976865291217942,-0.5427832579015086,0.3698882394018333,3.5836336395795687,-1.2874808364368373,2.1750736287977723
51.0,248.0,132.62808227539062,0.5478783960350889,1.4915126322271512,-4.013231974046128,-3.429931259189822,-0.5853959079524219,-0.5427832579015086,0.3720227595107219,3.5836336395795687,-1.2874814237295416,2.1748392698901005
51.0,248.0,132.62808227539062,0.5478948821106959,1.4915126322271512,-4.018565007985094,-3.429984982496617,-0.5849038134755663,-0.5427832579015086,0.3530703330578133,3.5836336395795687,-1.2874818471703546,2.1748392698901005
51.0,248.0,132.62808227539062,0.5478948821106959,1.4915126322271512,-4.016336684172381,-3.434426143155825,-0.5849038134755663,-0.542783257782956,0.3530703330578133,3.583633585422957,-1.2873613426977333,2.1764212863434835
51.0,248.0,132.62808227539062,0.5478948821106959,1.4915126322271512,-4.018565007985094,-3.429984982496617,-0.5849024594135139,-0.5427832579015086,0.3701326336091446,3.5836336395795687,-1.287454054547188,2.1748392698901005
51.0,248.0,132.62808227539062,0.5478783960350889,1.4915126322271512,-4.013231974046128,-3.429931259189822,-0.5853959079524219,-0.5427832579015086,0.3720227595107219,3.5836336395795687,-1.2874814237295416,2.1748392698901005
51.0,248.0,132.62808227539062,0.5478948821106959,1.4915126322271512,-4.013322040356646,-3.4299823092542527,-0.5849024594135139,-0.5427832579015086,0.37059461730126,3.5836336395795687,-1.2874818471703546,2.1748392698901005
51.0,248.0,132.62808227539062,0.5479442460587678,1.49151008825493,-4.0168287821850335,-3.429984982496617,-0.5976865291217942,-0.5427832577767248,0.3698882394018333,3.5836336395795687,-1.2592496340822534,2.1759126645516123
51.0,248.0,132.62808227539062,0.547937616529104,1.49151008825493,-4.0168287821850335,-3.429984982496617,-0.5976865291217942,-0.5427832578991345,0.3698882394018333,3.5836336395795687,-1.2866427087170385,2.1759126645516123
51.0,248.0,132.62808227539062,0.5479371659054912,1.4915106906779072,-4.0168287821850335,-3.4349824467745527,-0.5955271495185809,-0.5427832579015086,0.3698882394018333,3.5703208031567057,-1.2854039180628944,2.1750736287977723
51.0,248.0,132.62808227539062,0.5478948821106959,1.4915126322271512,-4.018565007985094,-3.429984982496617,-0.5849038134755663,-0.5427832579015086,0.3530703330578133,3.5836336395795687,-1.2874818471703546,2.1748392698901005
51.0,248.0,132.62808227539062,0.5478948821106959,1.4915121369401692,-4.017412237295675,-3.429984982496617,-0.5860867837023092,-0.5279721935780763,0.3535768109007595,3.5836336395795687,-1.2873476441941856,2.174267131087437
51.0,248.0,132.62808227539062,0.5478779684829103,1.4915100582119574,-4.016556178241865,-3.429931259189822,-0.5853959079524219,-0.5427832579015086,0.3699401538168486,3.5836336395795687,-1.2874814237295416,2.1748339715722382
51.0,248.0,132.62808227539062,0.5478948821106959,1.491510115505245,-4.018565007985094,-3.429984982496617,-0.585550776313577,-0.5279721935780763,0.3532251727814096,3.5836336395795687,-1.287454054547188,2.174196968619919
51.0,248.0,132.62808227539062,0.5478783960350889,1.4915126322271512,-4.0115682631224345,-3.429931259189822,-0.5853959079524219,-0.5427832577720734,0.3720227595107219,3.5836336401050257,-1.2874814237295416,2.1748392698901005
51.0,248.0,132.62808227539062,0.5478777894201731,1.4915126322271512,-4.013098196013769,-3.4348979588315944,-0.5853959079524219,-0.5427832579015086,0.3720227595107219,3.5836336395795687,-1.2853275760651472,2.175045059501364
51.0,248.0,132.62808227539062,0.5478951812995236,1.4915126322271512,-4.018565007985094,-3.429984982496617,-0.5848787132213917,-0.5427832579015086,0.3701326336091446,3.5836336395795687,-1.2874537400465145,2.1748392698901005
51.0,248.0,132.62808227539062,0.5479371659054912,1.49151008825493,-4.0168287821850335,-3.429984982496617,-0.5976865291217942,-0.542783257787162,0.3672821324565222,3.5836336395795687,-1.2874808364368373,2.1750736287977723
51.0,248.0,132.62808227539062,0.5478948821106959,1.4915126322271512,-4.016336684172381,-3.434426143155825,-0.5849038134755663,-0.542783257782956,0.3530703330578133,3.583633585422957,-1.287482651840964,2.176455547875888
51.0,248.0,132.62808227539062,0.5479371659054912,1.4915106906779072,-4.01855497464395,-3.4349824467745527,-0.5955271495185809,-0.5427832579015086,0.3698627616320903,3.57050069664492,-1.2873897371495855,2.1750736287977723
51.0,248.0,132.62808227539062,0.5478948821106959,1.4915126322271512,-4.018565007985094,-3.429984982496617,-0.5849038134755663,-0.5417862759426133,0.3530854246187211,3.5836336395795687,-1.2874818471703546,2.1748678712457337
51.0,248.0,132.62808227539062,0.5478783960350889,1.4915126322271512,-4.0115682631224345,-3.429931259189822,-0.5853959079524219,-0.5427832577720734,0.3720227595107219,3.5836336401050257,-1.2874814237295416,2.1748392698901005
51.0,248.0,132.62808227539062,0.5478783960350889,1.4915126322271512,-4.013231974046128,-3.429931259189822,-0.5853959079524219,-0.5427832579015086,0.3720227595107219,3.5836336395795687,-1.2874814237295416,2.1748392698901005
51.0,248.0,132.62808227539062,0.5478950984988996,1.4915047339481498,-4.018565007985094,-3.429984982496617,-0.5834720788807439,-0.5427832579015086,0.37059461730126,3.5836336395795687,-1.2874818471703546,2.1748392698901005
51.0,248.0,132.62808227539062,0.5478951812995236,1.4915126322271512,-4.018565007985094,-3.429984982496617,-0.5848779094820971,-0.5427832579015086,0.3712595339174763,3.5836336395795687,-1.2874537400465145,2.1748392698901005
51.0,248.0,132.62808227539062,0.5478931777771237,1.4915101485711668,-4.0168287821850335,-3.429984982496617,-0.5977682839019836,-0.542783257901822,0.3698227181191845,3.5836336395795687,-1.2866427087170385,2.1748619574352266
51.0,248.0,132.62808227539062,0.5479449431421275,1.4915089129393202,-4.017770283732102,-3.43453688910242,-0.5854467428281206,-0.542783257773751,0.353354811350459,3.583633584550882,-1.287480815620589,2.17524651555813
51.0,248.0,132.62808227539062,0.5478951812995236,1.4915126322271512,-4.016838815526177,-3.429984982496617,-0.5848787132213917,-0.5427832579015086,0.3701581113788876,3.583453746091355,-1.285467920959823,2.1748392698901005
51.0,248.0,132.62808227539062,0.5478783960350889,1.4915126322271512,-4.013231974046128,-3.429931259189822,-0.5853959079524219,-0.5427832579015086,0.3720227595107219,3.5836336395795687,-1.2874814237295416,2.1748392698901005
51.0,248.0,132.62808227539062,0.5479383768927283,1.4915101155575186,-4.016829557674948,-3.429984982496617,-0.5850526222642735,-0.5279721935780763,0.3532251727814096,3.5836336395795687,-1.2874550421735926,2.17506624229969
51.0,248.0,132.62808227539062,0.5479438126126436,1.4915126322271512,-4.018565007985094,-3.429984982496617,-0.5975194006387133,-0.5427832579015086,0.3701326336091446,3.5836336395795687,-1.2883035972994583,2.1748392698901005
51.0,248.0,132.62808227539062,0.5478948821106959,1.4915126322271512,-4.018565007985094,-3.429984982496617,-0.5849046172148611,-0.5427832579015086,0.3519434327494816,3.5836336395795687,-1.2874818471703546,2.1748392698901005
51.0,248.0,132.62808227539062,0.5479393208626762,1.4915125719109144,-4.040700792776991,-3.4299823092542527,-0.5848207046333247,-0.5427832578988211,0.3706601385839088,3.5836336395795687,-1.2874818471703546,2.1758899770064857
51.0,248.0,132.62808227539062,0.547893240534502,1.4915101155575186,-4.016602115314464,-3.4299850385750648,-0.5850544538520193,-0.542868027407921,0.3532251727814096,3.5836336395795687,-1.2874776621229187,2.174816816413067
51.0,248.0,132.62808227539062,0.5479452929074433,1.491512940693981,-4.0168287821850335,-3.429984982496617,-0.5976865291217942,-0.5427832577767248,0.3701307659505306,3.5836336395795687,-1.2604577640593833,2.174836722732591
51.0,248.0,132.62808227539062,0.5478950265838155,1.491512770167609,-4.018565007985094,-3.429984982496617,-0.5855074512728781,-0.5427832579015086,0.3527487862190276,3.5836336395795687,-1.2874808635451835,2.1748406629564485
51.0,248.0,132.62808227539062,0.547878504885672,1.4915126322271512,-4.013215937589671,-3.429916541685906,-0.5853959079524219,-0.5427832579015086,0.3720227595107219,3.5836336347399445,-1.2874814237295416,2.1765074249396017
51.0,248.0,132.62808227539062,0.5478783960350889,1.4915126322271512,-4.018712072817035,-3.42998471476643,-0.5853852880407711,-0.5427955023696167,0.3720227595107219,3.5836336395795687,-1.2874814237295416,2.1748392698901005
51.0,248.0,132.62808227539062,0.5478779684829103,1.4915100582119574,-4.016556178241865,-3.429931259189822,-0.5853959079524219,-0.5427832579015086,0.3699401538168486,3.5836336395795687,-1.2874814237295416,2.1748339715722382
51.0,248.0,132.62808227539062,0.5478951812995236,1.4915126322271512,-4.018636021066609,-3.429984982496617,-0.5848779094820971,-0.5427832579015086,0.3712595339174763,3.5836336395795687,-1.2874791234900465,2.1748392698901005
51.0,248.0,132.62808227539062,0.5479438126126436,1.4915126322271512,-4.018565007985094,-3.429797029743666,-0.5975194006387133,-0.5427832579015086,0.3701326336091446,3.583631041414792,-1.2883035972994583,2.1748437404861187
51.0,248.0,132.62808227539062,0.5479393208626762,1.491512578734157,-4.040700792776991,-3.429984855905507,-0.5848207046333247,-0.542783257901575,0.370127098797437,3.5836336395795687,-1.2874801288957012,2.1758899770064857
51.0,248.0,132.62808227539062,0.5478779529403618,1.4915101047517092,-4.016563736223173,-3.429931259189822,-0.5853959079524219,-0.5427832579015086,0.3720227595107219,3.5836336395795687,-1.2874814237295416,2.174834069959463
51.0,248.0,132.62808227539062,0.5479371659054912,1.4915126739937374,-4.018641735686635,-3.429984982496617,-0.584232498697843,-0.5427832579015086,0.3698630959681335,3.5836336395795687,-1.2874539373312437,2.1750736287977723
51.0,248.0,132.62808227539062,0.5478751027957012,1.4915089918222544,-4.017770283732102,-3.43453688910242,-0.5854467428281206,-0.5427832578927154,0.353354811350459,3.583633584550882,-1.2874814327830302,2.1748304111604275
51.0,248.0,132.62808227539062,0.5479443307532503,1.4915089129393202,-4.020530599517375,-3.434557513050347,-0.5873265663083467,-0.542783257773751,0.3700575018888117,3.5836336377119413,-1.287454917965219,2.175238943496297
51.0,248.0,132.62808227539062,0.5478941344508481,1.4915097797880998,-4.018565007985094,-3.429984982496617,-0.5848787132213917,-0.5427832579015086,0.3698901070604473,3.5836336395795687,-1.2862456100693846,2.175915211709121
51.0,249.0,132.62808227539062,0.5478948821106959,1.4915126322271512,-4.018565007985094,-3.429984982496617,-0.5849024594135139,-0.5427832579015086,0.3701326336091446,3.5836336395795687,-1.287454054547188,2.1748392698901005
51.0,249.0,132.62808227539062,0.5478948821106959,1.4915126322271512,-4.018565007985094,-3.429984982496617,-0.5849024594135139,-0.5427832579015086,0.37059461730126,3.5836336395795687,-1.2874818471703546,2.1748392698901005
51.0,249.0,132.62808227539062,0.5478948821106959,1.4915125369362046,-4.018565007985094,-3.429984982496617,-0.585550776313577,-0.5279721935780763,0.3535768109007595,3.5836336395795687,-1.287454054547188,2.174267131087437
51.0,249.0,132.62808227539062,0.5479371659054912,1.49151008825493,-4.0168287821850335,-3.429984982496617,-0.5976865291217942,-0.5427832579015086,0.3698882394018333,3.5836336395795687,-1.2874808364368373,2.1750736287977723
51.0,249.0,132.62808227539062,0.5478783960350889,1.4915126322271512,-4.013231974046128,-3.429931259189822,-0.5853959079524219,-0.5427832579015086,0.3720227595107219,3.5836336395795687,-1.2874814237295416,2.1748392698901005
51.0,249.0,132.62808227539062,0.5478948821106959,1.4915126322271512,-4.018565007985094,-3.429984982496617,-0.5849038134755663,-0.5427832579015086,0.3530703330578133,3.5836336395795687,-1.2874818471703546,2.1748392698901005
51.0,249.0,132.62808227539062,0.5478948821106959,1.4915126322271512,-4.016336684172381,-3.434426143155825,-0.5849038134755663,-0.542783257782956,0.3530703330578133,3.583633585422957,-1.2873613426977333,2.1764212863434835
51.0,249.0,132.62808227539062,0.5478948821106959,1.4915126322271512,-4.018565007985094,-3.429984982496617,-0.5849024594135139,-0.5427832579015086,0.3701326336091446,3.5836336395795687,-1.287454054547188,2.1748392698901005
51.0,249.0,132.62808227539062,0.5478783960350889,1.4915126322271512,-4.013231974046128,-3.429931259189822,-0.5853959079524219,-0.5427832579015086,0.3720227595107219,3.5836336395795687,-1.2874814237295416,2.1748392698901005
51.0,249.0,132.62808227539062,0.5478948821106959,1.4915126322271512,-4.013322040356646,-3.4299823092542527,-0.5849024594135139,-0.5427832579015086,0.37059461730126,3.5836336395795687,-1.2874818471703546,2.1748392698901005
51.0,249.0,132.62808227539062,0.5479442460587678,1.49151008825493,-4.0168287821850335,-3.429984982496617,-0.5976865291217942,-0.5427832577767248,0.3698882394018333,3.5836336395795687,-1.2592496340822534,2.1759126645516123
51.0,249.0,132.62808227539062,0.547937616529104,1.49151008825493,-4.0168287821850335,-3.429984982496617,-0.5976865291217942,-0.5427832578991345,0.3698882394018333,3.5836336395795687,-1.2866427087170385,2.1759126645516123
51.0,249.0,132.62808227539062,0.5479371659054912,1.4915106906779072,-4.0168287821850335,-3.4349824467745527,-0.5955271495185809,-0.5427832579015086,0.3698882394018333,3.5703208031567057,-1.2854039180628944,2.1750736287977723
51.0,249.0,132.62808227539062,0.5478948821106959,1.4915126322271512,-4.018565007985094,-3.429984982496617,-0.5849038134755663,-0.5427832579015086,0.3530703330578133,3.5836336395795687,-1.2874818471703546,2.1748392698901005
51.0,249.0,132.62808227539062,0.5478948821106959,1.4915121369401692,-4.017412237295675,-3.429984982496617,-0.5860867837023092,-0.5279721935780763,0.3535768109007595,3.5836336395795687,-1.2873476441941856,2.174267131087437
51.0,249.0,132.62808227539062,0.5478779684829103,1.4915100582119574,-4.016556178241865,-3.429931259189822,-0.5853959079524219,-0.5427832579015086,0.3699401538168486,3.5836336395795687,-1.2874814237295416,2.1748339715722382
51.0,249.0,132.62808227539062,0.5478948821106959,1.491510115505245,-4.018565007985094,-3.429984982496617,-0.585550776313577,-0.5279721935780763,0.3532251727814096,3.5836336395795687,-1.287454054547188,2.174196968619919
51.0,249.0,132.62808227539062,0.5478783960350889,1.4915126322271512,-4.0115682631224345,-3.429931259189822,-0.5853959079524219,-0.5427832577720734,0.3720227595107219,3.5836336401050257,-1.2874814237295416,2.1748392698901005
51.0,249.0,132.62808227539062,0.5478777894201731,1.4915126322271512,-4.013098196013769,-3.4348979588315944,-0.5853959079524219,-0.5427832579015086,0.3720227595107219,3.5836336395795687,-1.2853275760651472,2.175045059501364
51.0,249.0,132.62808227539062,0.5478951812995236,1.4915126322271512,-4.018565007985094,-3.429984982496617,-0.5848787132213917,-0.5427832579015086,0.3701326336091446,3.5836336395795687,-1.2874537400465145,2.1748392698901005
51.0,249.0,132.62808227539062,0.5479371659054912,1.49151008825493,-4.0168287821850335,-3.429984982496617,-0.5976865291217942,-0.542783257787162,0.3672821324565222,3.5836336395795687,-1.2874808364368373,2.1750736287977723
51.0,249.0,132.62808227539062,0.5478948821106959,1.4915126322271512,-4.016336684172381,-3.434426143155825,-0.5849038134755663,-0.542783257782956,0.3530703330578133,3.583633585422957,-1.287482651840964,2.176455547875888
51.0,249.0,132.62808227539062,0.5479371659054912,1.4915106906779072,-4.01855497464395,-3.4349824467745527,-0.5955271495185809,-0.5427832579015086,0.3698627616320903,3.57050069664492,-1.2873897371495855,2.1750736287977723
51.0,249.0,132.62808227539062,0.5478948821106959,1.4915126322271512,-4.018565007985094,-3.429984982496617,-0.5849038134755663,-0.5417862759426133,0.3530854246187211,3.5836336395795687,-1.2874818471703546,2.1748678712457337
51.0,249.0,132.62808227539062,0.5478783960350889,1.4915126322271512,-4.0115682631224345,-3.429931259189822,-0.5853959079524219,-0.5427832577720734,0.3720227595107219,3.5836336401050257,-1.2874814237295416,2.1748392698901005
51.0,249.0,132.62808227539062,0.5478783960350889,1.4915126322271512,-4.013231974046128,-3.429931259189822,-0.5853959079524219,-0.5427832579015086,0.3720227595107219,3.5836336395795687,-1.2874814237295416,2.1748392698901005
51.0,249.0,132.62808227539062,0.5478950984988996,1.4915047339481498,-4.018565007985094,-3.429984982496617,-0.5834720788807439,-0.5427832579015086,0.37059461730126,3.5836336395795687,-1.2874818471703546,2.1748392698901005
51.0,249.0,132.62808227539062,0.5478951812995236,1.4915126322271512,-4.018565007985094,-3.429984982496617,-0.5848779094820971,-0.5427832579015086,0.3712595339174763,3.5836336395795687,-1.2874537400465145,2.1748392698901005
51.0,249.0,132.62808227539062,0.5478931777771237,1.4915101485711668,-4.0168287821850335,-3.429984982496617,-0.5977682839019836,-0.542783257901822,0.3698227181191845,3.5836336395795687,-1.2866427087170385,2.1748619574352266
51.0,249.0,132.62808227539062,0.5479449431421275,1.4915089129393202,-4.017770283732102,-3.43453688910242,-0.5854467428281206,-0.542783257773751,0.353354811350459,3.583633584550882,-1.287480815620589,2.17524651555813
51.0,249.0,132.62808227539062,0.5478951812995236,1.4915126322271512,-4.016838815526177,-3.429984982496617,-0.5848787132213917,-0.5427832579015086,0.3701581113788876,3.583453746091355,-1.285467920959823,2.1748392698901005
51.0,249.0,132.62808227539062,0.5478783960350889,1.4915126322271512,-4.013231974046128,-3.429931259189822,-0.5853959079524219,-0.5427832579015086,0.3720227595107219,3.5836336395795687,-1.2874814237295416,2.1748392698901005
51.0,249.0,132.62808227539062,0.5479383768927283,1.4915101155575186,-4.016829557674948,-3.429984982496617,-0.5850526222642735,-0.5279721935780763,0.3532251727814096,3.5836336395795687,-1.2874550421735926,2.17506624229969
51.0,249.0,132.62808227539062,0.5479438126126436,1.4915126322271512,-4.018565007985094,-3.429984982496617,-0.5975194006387133,-0.5427832579015086,0.3701326336091446,3.5836336395795687,-1.2883035972994583,2.1748392698901005
51.0,249.0,132.62808227539062,0.5478948821106959,1.4915126322271512,-4.018565007985094,-3.429984982496617,-0.5849046172148611,-0.5427832579015086,0.3519434327494816,3.5836336395795687,-1.2874818471703546,2.1748392698901005
51.0,249.0,132.62808227539062,0.5479393208626762,1.4915125719109144,-4.040700792776991,-3.4299823092542527,-0.5848207046333247,-0.5427832578988211,0.3706601385839088,3.5836336395795687,-1.2874818471703546,2.1758899770064857
51.0,249.0,132.62808227539062,0.547893240534502,1.4915101155575186,-4.016602115314464,-3.4299850385750648,-0.5850544538520193,-0.542868027407921,0.3532251727814096,3.5836336395795687,-1.2874776621229187,2.174816816413067
51.0,249.0,132.62808227539062,0.5479452929074433,1.491512940693981,-4.0168287821850335,-3.429984982496617,-0.5976865291217942,-0.5427832577767248,0.3701307659505306,3.5836336395795687,-1.2604577640593833,2.174836722732591
51.0,249.0,132.62808227539062,0.5478950265838155,1.491512770167609,-4.018565007985094,-3.429984982496617,-0.5855074512728781,-0.5427832579015086,0.3527487862190276,3.5836336395795687,-1.2874808635451835,2.1748406629564485
51.0,249.0,132.62808227539062,0.547878504885672,1.4915126322271512,-4.013215937589671,-3.429916541685906,-0.5853959079524219,-0.5427832579015086,0.3720227595107219,3.5836336347399445,-1.2874814237295416,2.1765074249396017
51.0,249.0,132.62808227539062,0.5478783960350889,1.4915126322271512,-4.018712072817035,-3.42998471476643,-0.5853852880407711,-0.5427955023696167,0.3720227595107219,3.5836336395795687,-1.2874814237295416,2.1748392698901005
51.0,249.0,132.62808227539062,0.5478779684829103,1.4915100582119574,-4.016556178241865,-3.429931259189822,-0.5853959079524219,-0.5427832579015086,0.3699401538168486,3.5836336395795687,-1.2874814237295416,2.1748339715722382
51.0,249.0,132.62808227539062,0.5478951812995236,1.4915126322271512,-4.018636021066609,-3.429984982496617,-0.5848779094820971,-0.5427832579015086,0.3712595339174763,3.5836336395795687,-1.2874791234900465,2.1748392698901005
51.0,249.0,132.62808227539062,0.5479438126126436,1.4915126322271512,-4.018565007985094,-3.429797029743666,-0.5975194006387133,-0.5427832579015086,0.3701326336091446,3.583631041414792,-1.2883035972994583,2.1748437404861187
51.0,249.0,132.62808227539062,0.5479393208626762,1.491512578734157,-4.040700792776991,-3.429984855905507,-0.5848207046333247,-0.542783257901575,0.370127098797437,3.5836336395795687,-1.2874801288957012,2.1758899770064857
51.0,249.0,132.62808227539062,0.5478779529403618,1.4915101047517092,-4.016563736223173,-3.429931259189822,-0.5853959079524219,-0.5427832579015086,0.3720227595107219,3.5836336395795687,-1.2874814237295416,2.174834069959463
51.0,249.0,132.62808227539062,0.5479371659054912,1.4915126739937374,-4.018641735686635,-3.429984982496617,-0.584232498697843,-0.5427832579015086,0.3698630959681335,3.5836336395795687,-1.2874539373312437,2.1750736287977723
51.0,249.0,132.62808227539062,0.5478751027957012,1.4915089918222544,-4.017770283732102,-3.43453688910242,-0.5854467428281206,-0.5427832578927154,0.353354811350459,3.583633584550882,-1.2874814327830302,2.1748304111604275
51.0,249.0,132.62808227539062,0.5479443307532503,1.4915089129393202,-4.020530599517375,-3.434557513050347,-0.5873265663083467,-0.542783257773751,0.3700575018888117,3.5836336377119413,-1.287454917965219,2.175238943496297
51.0,249.0,132.62808227539062,0.5478941344508481,1.4915097797880998,-4.018565007985094,-3.429984982496617,-0.5848787132213917,-0.5427832579015086,0.3698901070604473,3.5836336395795687,-1.2862456100693846,2.175915211709121
51.0,250.0,132.62808227539062,0.5478948821106959,1.4915126322271512,-4.018565007985094,-3.429984982496617,-0.5849024594135139,-0.5427832579015086,0.3701326336091446,3.5836336395795687,-1.287454054547188,2.1748392698901005
51.0,250.0,132.62808227539062,0.5478948821106959,1.4915126322271512,-4.018565007985094,-3.429984982496617,-0.5849024594135139,-0.5427832579015086,0.37059461730126,3.5836336395795687,-1.2874818471703546,2.1748392698901005
51.0,250.0,132.62808227539062,0.5478948821106959,1.4915125369362046,-4.018565007985094,-3.429984982496617,-0.585550776313577,-0.5279721935780763,0.3535768109007595,3.5836336395795687,-1.287454054547188,2.174267131087437
51.0,250.0,132.62808227539062,0.5479371659054912,1.49151008825493,-4.0168287821850335,-3.429984982496617,-0.5976865291217942,-0.5427832579015086,0.3698882394018333,3.5836336395795687,-1.2874808364368373,2.1750736287977723
51.0,250.0,132.62808227539062,0.5478783960350889,1.4915126322271512,-4.013231974046128,-3.429931259189822,-0.5853959079524219,-0.5427832579015086,0.3720227595107219,3.5836336395795687,-1.2874814237295416,2.1748392698901005
51.0,250.0,132.62808227539062,0.5478948821106959,1.4915126322271512,-4.018565007985094,-3.429984982496617,-0.5849038134755663,-0.5427832579015086,0.3530703330578133,3.5836336395795687,-1.2874818471703546,2.1748392698901005
51.0,250.0,132.62808227539062,0.5478948821106959,1.4915126322271512,-4.016336684172381,-3.434426143155825,-0.5849038134755663,-0.542783257782956,0.3530703330578133,3.583633585422957,-1.2873613426977333,2.1764212863434835
51.0,250.0,132.62808227539062,0.5478948821106959,1.4915126322271512,-4.018565007985094,-3.429984982496617,-0.5849024594135139,-0.5427832579015086,0.3701326336091446,3.5836336395795687,-1.287454054547188,2.1748392698901005
51.0,250.0,132.62808227539062,0.5478783960350889,1.4915126322271512,-4.013231974046128,-3.429931259189822,-0.5853959079524219,-0.5427832579015086,0.3720227595107219,3.5836336395795687,-1.2874814237295416,2.1748392698901005
51.0,250.0,132.62808227539062,0.5478948821106959,1.4915126322271512,-4.013322040356646,-3.4299823092542527,-0.5849024594135139,-0.5427832579015086,0.37059461730126,3.5836336395795687,-1.2874818471703546,2.1748392698901005
51.0,250.0,132.62808227539062,0.5479442460587678,1.49151008825493,-4.0168287821850335,-3.429984982496617,-0.5976865291217942,-0.5427832577767248,0.3698882394018333,3.5836336395795687,-1.2592496340822534,2.1759126645516123
51.0,250.0,132.62808227539062,0.547937616529104,1.49151008825493,-4.0168287821850335,-3.429984982496617,-0.5976865291217942,-0.5427832578991345,0.3698882394018333,3.5836336395795687,-1.2866427087170385,2.1759126645516123
51.0,250.0,132.62808227539062,0.5479371659054912,1.4915106906779072,-4.0168287821850335,-3.4349824467745527,-0.5955271495185809,-0.5427832579015086,0.3698882394018333,3.5703208031567057,-1.2854039180628944,2.1750736287977723
51.0,250.0,132.62808227539062,0.5478948821106959,1.4915126322271512,-4.018565007985094,-3.429984982496617,-0.5849038134755663,-0.5427832579015086,0.3530703330578133,3.5836336395795687,-1.2874818471703546,2.1748392698901005
51.0,250.0,132.62808227539062,0.5478948821106959,1.4915121369401692,-4.017412237295675,-3.429984982496617,-0.5860867837023092,-0.5279721935780763,0.3535768109007595,3.5836336395795687,-1.2873476441941856,2.174267131087437
51.0,250.0,132.62808227539062,0.5478779684829103,1.4915100582119574,-4.016556178241865,-3.429931259189822,-0.5853959079524219,-0.5427832579015086,0.3699401538168486,3.5836336395795687,-1.2874814237295416,2.1748339715722382
51.0,250.0,132.62808227539062,0.5478948821106959,1.491510115505245,-4.018565007985094,-3.429984982496617,-0.585550776313577,-0.5279721935780763,0.3532251727814096,3.5836336395795687,-1.287454054547188,2.174196968619919
51.0,250.0,132.62808227539062,0.5478783960350889,1.4915126322271512,-4.0115682631224345,-3.429931259189822,-0.5853959079524219,-0.5427832577720734,0.3720227595107219,3.5836336401050257,-1.2874814237295416,2.1748392698901005
51.0,250.0,132.62808227539062,0.5478777894201731,1.4915126322271512,-4.013098196013769,-3.4348979588315944,-0.5853959079524219,-0.5427832579015086,0.3720227595107219,3.5836336395795687,-1.2853275760651472,2.175045059501364
51.0,250.0,132.62808227539062,0.5478951812995236,1.4915126322271512,-4.018565007985094,-3.429984982496617,-0.5848787132213917,-0.5427832579015086,0.3701326336091446,3.5836336395795687,-1.2874537400465145,2.1748392698901005
51.0,250.0,132.62808227539062,0.5479371659054912,1.49151008825493,-4.0168287821850335,-3.429984982496617,-0.5976865291217942,-0.542783257787162,0.3672821324565222,3.5836336395795687,-1.2874808364368373,2.1750736287977723
51.0,250.0,132.62808227539062,0.5478948821106959,1.4915126322271512,-4.016336684172381,-3.434426143155825,-0.5849038134755663,-0.542783257782956,0.3530703330578133,3.583633585422957,-1.287482651840964,2.176455547875888
51.0,250.0,132.62808227539062,0.5479371659054912,1.4915106906779072,-4.01855497464395,-3.4349824467745527,-0.5955271495185809,-0.5427832579015086,0.3698627616320903,3.57050069664492,-1.2873897371495855,2.1750736287977723
51.0,250.0,132.62808227539062,0.5478948821106959,1.4915126322271512,-4.018565007985094,-3.429984982496617,-0.5849038134755663,-0.5417862759426133,0.3530854246187211,3.5836336395795687,-1.2874818471703546,2.1748678712457337
51.0,250.0,132.62808227539062,0.5478783960350889,1.4915126322271512,-4.0115682631224345,-3.429931259189822,-0.5853959079524219,-0.5427832577720734,0.3720227595107219,3.5836336401050257,-1.2874814237295416,2.1748392698901005
51.0,250.0,132.62808227539062,0.5478783960350889,1.4915126322271512,-4.013231974046128,-3.429931259189822,-0.5853959079524219,-0.5427832579015086,0.3720227595107219,3.5836336395795687,-1.2874814237295416,2.1748392698901005
51.0,250.0,132.62808227539062,0.5478950984988996,1.4915047339481498,-4.018565007985094,-3.429984982496617,-0.5834720788807439,-0.5427832579015086,0.37059461730126,3.5836336395795687,-1.2874818471703546,2.1748392698901005
51.0,250.0,132.62808227539062,0.5478951812995236,1.4915126322271512,-4.018565007985094,-3.429984982496617,-0.5848779094820971,-0.5427832579015086,0.3712595339174763,3.5836336395795687,-1.2874537400465145,2.1748392698901005
51.0,250.0,132.62808227539062,0.5478931777771237,1.4915101485711668,-4.0168287821850335,-3.429984982496617,-0.5977682839019836,-0.542783257901822,0.3698227181191845,3.5836336395795687,-1.2866427087170385,2.1748619574352266
51.0,250.0,132.62808227539062,0.5479449431421275,1.4915089129393202,-4.017770283732102,-3.43453688910242,-0.5854467428281206,-0.542783257773751,0.353354811350459,3.583633584550882,-1.287480815620589,2.17524651555813
51.0,250.0,132.62808227539062,0.5478951812995236,1.4915126322271512,-4.016838815526177,-3.429984982496617,-0.5848787132213917,-0.5427832579015086,0.3701581113788876,3.583453746091355,-1.285467920959823,2.1748392698901005
51.0,250.0,132.62808227539062,0.5478783960350889,1.4915126322271512,-4.013231974046128,-3.429931259189822,-0.5853959079524219,-0.5427832579015086,0.3720227595107219,3.5836336395795687,-1.2874814237295416,2.1748392698901005
51.0,250.0,132.62808227539062,0.5479383768927283,1.4915101155575186,-4.016829557674948,-3.429984982496617,-0.5850526222642735,-0.5279721935780763,0.3532251727814096,3.5836336395795687,-1.2874550421735926,2.17506624229969
51.0,250.0,132.62808227539062,0.5479438126126436,1.4915126322271512,-4.018565007985094,-3.429984982496617,-0.5975194006387133,-0.5427832579015086,0.3701326336091446,3.5836336395795687,-1.2883035972994583,2.1748392698901005
51.0,250.0,132.62808227539062,0.5478948821106959,1.4915126322271512,-4.018565007985094,-3.429984982496617,-0.5849046172148611,-0.5427832579015086,0.3519434327494816,3.5836336395795687,-1.2874818471703546,2.1748392698901005
51.0,250.0,132.62808227539062,0.5479393208626762,1.4915125719109144,-4.040700792776991,-3.4299823092542527,-0.5848207046333247,-0.5427832578988211,0.3706601385839088,3.5836336395795687,-1.2874818471703546,2.1758899770064857
51.0,250.0,132.62808227539062,0.547893240534502,1.4915101155575186,-4.016602115314464,-3.4299850385750648,-0.5850544538520193,-0.542868027407921,0.3532251727814096,3.5836336395795687,-1.2874776621229187,2.174816816413067
51.0,250.0,132.62808227539062,0.5479452929074433,1.491512940693981,-4.0168287821850335,-3.429984982496617,-0.5976865291217942,-0.5427832577767248,0.3701307659505306,3.5836336395795687,-1.2604577640593833,2.174836722732591
51.0,250.0,132.62808227539062,0.5478950265838155,1.491512770167609,-4.018565007985094,-3.429984982496617,-0.5855074512728781,-0.5427832579015086,0.3527487862190276,3.5836336395795687,-1.2874808635451835,2.1748406629564485
51.0,250.0,132.62808227539062,0.547878504885672,1.4915126322271512,-4.013215937589671,-3.429916541685906,-0.5853959079524219,-0.5427832579015086,0.3720227595107219,3.5836336347399445,-1.2874814237295416,2.1765074249396017
51.0,250.0,132.62808227539062,0.5478783960350889,1.4915126322271512,-4.018712072817035,-3.42998471476643,-0.5853852880407711,-0.5427955023696167,0.3720227595107219,3.5836336395795687,-1.2874814237295416,2.1748392698901005
51.0,250.0,132.62808227539062,0.5478779684829103,1.4915100582119574,-4.016556178241865,-3.429931259189822,-0.5853959079524219,-0.5427832579015086,0.3699401538168486,3.5836336395795687,-1.2874814237295416,2.1748339715722382
51.0,250.0,132.62808227539062,0.5478951812995236,1.4915126322271512,-4.018636021066609,-3.429984982496617,-0.5848779094820971,-0.5427832579015086,0.3712595339174763,3.5836336395795687,-1.2874791234900465,2.1748392698901005
51.0,250.0,132.62808227539062,0.5479438126126436,1.4915126322271512,-4.018565007985094,-3.429797029743666,-0.5975194006387133,-0.5427832579015086,0.3701326336091446,3.583631041414792,-1.2883035972994583,2.1748437404861187
51.0,250.0,132.62808227539062,0.5479393208626762,1.491512578734157,-4.040700792776991,-3.429984855905507,-0.5848207046333247,-0.542783257901575,0.370127098797437,3.5836336395795687,-1.2874801288957012,2.1758899770064857
51.0,250.0,132.62808227539062,0.5478779529403618,1.4915101047517092,-4.016563736223173,-3.429931259189822,-0.5853959079524219,-0.5427832579015086,0.3720227595107219,3.5836336395795687,-1.2874814237295416,2.174834069959463
51.0,250.0,132.62808227539062,0.5479371659054912,1.4915126739937374,-4.018641735686635,-3.429984982496617,-0.584232498697843,-0.5427832579015086,0.3698630959681335,3.5836336395795687,-1.2874539373312437,2.1750736287977723
51.0,250.0,132.62808227539062,0.5478751027957012,1.4915089918222544,-4.017770283732102,-3.43453688910242,-0.5854467428281206,-0.5427832578927154,0.353354811350459,3.583633584550882,-1.2874814327830302,2.1748304111604275
51.0,250.0,132.62808227539062,0.5479443307532503,1.4915089129393202,-4.020530599517375,-3.434557513050347,-0.5873265663083467,-0.542783257773751,0.3700575018888117,3.5836336377119413,-1.287454917965219,2.175238943496297
51.0,250.0,132.62808227539062,0.5478941344508481,1.4915097797880998,-4.018565007985094,-3.429984982496617,-0.5848787132213917,-0.5427832579015086,0.3698901070604473,3.5836336395795687,-1.2862456100693846,2.175915211709121
51.0,251.0,132.62808227539062,0.5478948821106959,1.4915126322271512,-4.018565007985094,-3.429984982496617,-0.5849024594135139,-0.5427832579015086,0.3701326336091446,3.5836336395795687,-1.287454054547188,2.1748392698901005
51.0,251.0,132.62808227539062,0.5478948821106959,1.4915126322271512,-4.018565007985094,-3.429984982496617,-0.5849024594135139,-0.5427832579015086,0.37059461730126,3.5836336395795687,-1.2874818471703546,2.1748392698901005
51.0,251.0,132.62808227539062,0.5478948821106959,1.4915125369362046,-4.018565007985094,-3.429984982496617,-0.585550776313577,-0.5279721935780763,0.3535768109007595,3.5836336395795687,-1.287454054547188,2.174267131087437
51.0,251.0,132.62808227539062,0.5479371659054912,1.49151008825493,-4.0168287821850335,-3.429984982496617,-0.5976865291217942,-0.5427832579015086,0.3698882394018333,3.5836336395795687,-1.2874808364368373,2.1750736287977723
51.0,251.0,132.62808227539062,0.5478783960350889,1.4915126322271512,-4.013231974046128,-3.429931259189822,-0.5853959079524219,-0.5427832579015086,0.3720227595107219,3.5836336395795687,-1.2874814237295416,2.1748392698901005
51.0,251.0,132.62808227539062,0.5478948821106959,1.4915126322271512,-4.018565007985094,-3.429984982496617,-0.5849038134755663,-0.5427832579015086,0.3530703330578133,3.5836336395795687,-1.2874818471703546,2.1748392698901005
51.0,251.0,132.62808227539062,0.5478948821106959,1.4915126322271512,-4.016336684172381,-3.434426143155825,-0.5849038134755663,-0.542783257782956,0.3530703330578133,3.583633585422957,-1.2873613426977333,2.1764212863434835
51.0,251.0,132.62808227539062,0.5478948821106959,1.4915126322271512,-4.018565007985094,-3.429984982496617,-0.5849024594135139,-0.5427832579015086,0.3701326336091446,3.5836336395795687,-1.287454054547188,2.1748392698901005
51.0,251.0,132.62808227539062,0.5478783960350889,1.4915126322271512,-4.013231974046128,-3.429931259189822,-0.5853959079524219,-0.5427832579015086,0.3720227595107219,3.5836336395795687,-1.2874814237295416,2.1748392698901005
51.0,251.0,132.62808227539062,0.5478948821106959,1.4915126322271512,-4.013322040356646,-3.4299823092542527,-0.5849024594135139,-0.5427832579015086,0.37059461730126,3.5836336395795687,-1.2874818471703546,2.1748392698901005
51.0,251.0,132.62808227539062,0.5479442460587678,1.49151008825493,-4.0168287821850335,-3.429984982496617,-0.5976865291217942,-0.5427832577767248,0.3698882394018333,3.5836336395795687,-1.2592496340822534,2.1759126645516123
51.0,251.0,132.62808227539062,0.547937616529104,1.49151008825493,-4.0168287821850335,-3.429984982496617,-0.5976865291217942,-0.5427832578991345,0.3698882394018333,3.5836336395795687,-1.2866427087170385,2.1759126645516123
51.0,251.0,132.62808227539062,0.5479371659054912,1.4915106906779072,-4.0168287821850335,-3.4349824467745527,-0.5955271495185809,-0.5427832579015086,0.3698882394018333,3.5703208031567057,-1.2854039180628944,2.1750736287977723
51.0,251.0,132.62808227539062,0.5478948821106959,1.4915126322271512,-4.018565007985094,-3.429984982496617,-0.5849038134755663,-0.5427832579015086,0.3530703330578133,3.5836336395795687,-1.2874818471703546,2.1748392698901005
51.0,251.0,132.62808227539062,0.5478948821106959,1.4915121369401692,-4.017412237295675,-3.429984982496617,-0.5860867837023092,-0.5279721935780763,0.3535768109007595,3.5836336395795687,-1.2873476441941856,2.174267131087437
51.0,251.0,132.62808227539062,0.5478779684829103,1.4915100582119574,-4.016556178241865,-3.429931259189822,-0.5853959079524219,-0.5427832579015086,0.3699401538168486,3.5836336395795687,-1.2874814237295416,2.1748339715722382
51.0,251.0,132.62808227539062,0.5478948821106959,1.491510115505245,-4.018565007985094,-3.429984982496617,-0.585550776313577,-0.5279721935780763,0.3532251727814096,3.5836336395795687,-1.287454054547188,2.174196968619919
51.0,251.0,132.62808227539062,0.5478783960350889,1.4915126322271512,-4.0115682631224345,-3.429931259189822,-0.5853959079524219,-0.5427832577720734,0.3720227595107219,3.5836336401050257,-1.2874814237295416,2.1748392698901005
51.0,251.0,132.62808227539062,0.5478777894201731,1.4915126322271512,-4.013098196013769,-3.4348979588315944,-0.5853959079524219,-0.5427832579015086,0.3720227595107219,3.5836336395795687,-1.2853275760651472,2.175045059501364
51.0,251.0,132.62808227539062,0.5478951812995236,1.4915126322271512,-4.018565007985094,-3.429984982496617,-0.5848787132213917,-0.5427832579015086,0.3701326336091446,3.5836336395795687,-1.2874537400465145,2.1748392698901005
51.0,251.0,132.62808227539062,0.5479371659054912,1.49151008825493,-4.0168287821850335,-3.429984982496617,-0.5976865291217942,-0.542783257787162,0.3672821324565222,3.5836336395795687,-1.2874808364368373,2.1750736287977723
51.0,251.0,132.62808227539062,0.5478948821106959,1.4915126322271512,-4.016336684172381,-3.434426143155825,-0.5849038134755663,-0.542783257782956,0.3530703330578133,3.583633585422957,-1.287482651840964,2.176455547875888
51.0,251.0,132.62808227539062,0.5479371659054912,1.4915106906779072,-4.01855497464395,-3.4349824467745527,-0.5955271495185809,-0.5427832579015086,0.3698627616320903,3.57050069664492,-1.2873897371495855,2.1750736287977723
51.0,251.0,132.62808227539062,0.5478948821106959,1.4915126322271512,-4.018565007985094,-3.429984982496617,-0.5849038134755663,-0.5417862759426133,0.3530854246187211,3.5836336395795687,-1.2874818471703546,2.1748678712457337
51.0,251.0,132.62808227539062,0.5478783960350889,1.4915126322271512,-4.0115682631224345,-3.429931259189822,-0.5853959079524219,-0.5427832577720734,0.3720227595107219,3.5836336401050257,-1.2874814237295416,2.1748392698901005
51.0,251.0,132.62808227539062,0.5478783960350889,1.4915126322271512,-4.013231974046128,-3.429931259189822,-0.5853959079524219,-0.5427832579015086,0.3720227595107219,3.5836336395795687,-1.2874814237295416,2.1748392698901005
51.0,251.0,132.62808227539062,0.5478950984988996,1.4915047339481498,-4.018565007985094,-3.429984982496617,-0.5834720788807439,-0.5427832579015086,0.37059461730126,3.5836336395795687,-1.2874818471703546,2.1748392698901005
51.0,251.0,132.62808227539062,0.5478951812995236,1.4915126322271512,-4.018565007985094,-3.429984982496617,-0.5848779094820971,-0.5427832579015086,0.3712595339174763,3.5836336395795687,-1.2874537400465145,2.1748392698901005
51.0,251.0,132.62808227539062,0.5478931777771237,1.4915101485711668,-4.0168287821850335,-3.429984982496617,-0.5977682839019836,-0.542783257901822,0.3698227181191845,3.5836336395795687,-1.2866427087170385,2.1748619574352266
51.0,251.0,132.62808227539062,0.5479449431421275,1.4915089129393202,-4.017770283732102,-3.43453688910242,-0.5854467428281206,-0.542783257773751,0.353354811350459,3.583633584550882,-1.287480815620589,2.17524651555813
51.0,251.0,132.62808227539062,0.5478951812995236,1.4915126322271512,-4.016838815526177,-3.429984982496617,-0.5848787132213917,-0.5427832579015086,0.3701581113788876,3.583453746091355,-1.285467920959823,2.1748392698901005
51.0,251.0,132.62808227539062,0.5478783960350889,1.4915126322271512,-4.013231974046128,-3.429931259189822,-0.5853959079524219,-0.5427832579015086,0.3720227595107219,3.5836336395795687,-1.2874814237295416,2.1748392698901005
51.0,251.0,132.62808227539062,0.5479383768927283,1.4915101155575186,-4.016829557674948,-3.429984982496617,-0.5850526222642735,-0.5279721935780763,0.3532251727814096,3.5836336395795687,-1.2874550421735926,2.17506624229969
51.0,251.0,132.62808227539062,0.5479438126126436,1.4915126322271512,-4.018565007985094,-3.429984982496617,-0.5975194006387133,-0.5427832579015086,0.3701326336091446,3.5836336395795687,-1.2883035972994583,2.1748392698901005
51.0,251.0,132.62808227539062,0.5478948821106959,1.4915126322271512,-4.018565007985094,-3.429984982496617,-0.5849046172148611,-0.5427832579015086,0.3519434327494816,3.5836336395795687,-1.2874818471703546,2.1748392698901005
51.0,251.0,132.62808227539062,0.5479393208626762,1.4915125719109144,-4.040700792776991,-3.4299823092542527,-0.5848207046333247,-0.5427832578988211,0.3706601385839088,3.5836336395795687,-1.2874818471703546,2.1758899770064857
51.0,251.0,132.62808227539062,0.547893240534502,1.4915101155575186,-4.016602115314464,-3.4299850385750648,-0.5850544538520193,-0.542868027407921,0.3532251727814096,3.5836336395795687,-1.2874776621229187,2.174816816413067
51.0,251.0,132.62808227539062,0.5479452929074433,1.491512940693981,-4.0168287821850335,-3.429984982496617,-0.5976865291217942,-0.5427832577767248,0.3701307659505306,3.5836336395795687,-1.2604577640593833,2.174836722732591
51.0,251.0,132.62808227539062,0.5478950265838155,1.491512770167609,-4.018565007985094,-3.429984982496617,-0.5855074512728781,-0.5427832579015086,0.3527487862190276,3.5836336395795687,-1.2874808635451835,2.1748406629564485
51.0,251.0,132.62808227539062,0.547878504885672,1.4915126322271512,-4.013215937589671,-3.429916541685906,-0.5853959079524219,-0.5427832579015086,0.3720227595107219,3.5836336347399445,-1.2874814237295416,2.1765074249396017
51.0,251.0,132.62808227539062,0.5478783960350889,1.4915126322271512,-4.018712072817035,-3.42998471476643,-0.5853852880407711,-0.5427955023696167,0.3720227595107219,3.5836336395795687,-1.2874814237295416,2.1748392698901005
51.0,251.0,132.62808227539062,0.5478779684829103,1.4915100582119574,-4.016556178241865,-3.429931259189822,-0.5853959079524219,-0.5427832579015086,0.3699401538168486,3.5836336395795687,-1.2874814237295416,2.1748339715722382
51.0,251.0,132.62808227539062,0.5478951812995236,1.4915126322271512,-4.018636021066609,-3.429984982496617,-0.5848779094820971,-0.5427832579015086,0.3712595339174763,3.5836336395795687,-1.2874791234900465,2.1748392698901005
51.0,251.0,132.62808227539062,0.5479438126126436,1.4915126322271512,-4.018565007985094,-3.429797029743666,-0.5975194006387133,-0.5427832579015086,0.3701326336091446,3.583631041414792,-1.2883035972994583,2.1748437404861187
51.0,251.0,132.62808227539062,0.5479393208626762,1.491512578734157,-4.040700792776991,-3.429984855905507,-0.5848207046333247,-0.542783257901575,0.370127098797437,3.5836336395795687,-1.2874801288957012,2.1758899770064857
51.0,251.0,132.62808227539062,0.5478779529403618,1.4915101047517092,-4.016563736223173,-3.429931259189822,-0.5853959079524219,-0.5427832579015086,0.3720227595107219,3.5836336395795687,-1.2874814237295416,2.174834069959463
51.0,251.0,132.62808227539062,0.5479371659054912,1.4915126739937374,-4.018641735686635,-3.429984982496617,-0.584232498697843,-0.5427832579015086,0.3698630959681335,3.5836336395795687,-1.2874539373312437,2.1750736287977723
51.0,251.0,132.62808227539062,0.5478751027957012,1.4915089918222544,-4.017770283732102,-3.43453688910242,-0.5854467428281206,-0.5427832578927154,0.353354811350459,3.583633584550882,-1.2874814327830302,2.1748304111604275
51.0,251.0,132.62808227539062,0.5479443307532503,1.4915089129393202,-4.020530599517375,-3.434557513050347,-0.5873265663083467,-0.542783257773751,0.3700575018888117,3.5836336377119413,-1.287454917965219,2.175238943496297
51.0,251.0,132.62808227539062,0.5478941344508481,1.4915097797880998,-4.018565007985094,-3.429984982496617,-0.5848787132213917,-0.5427832579015086,0.3698901070604473,3.5836336395795687,-1.2862456100693846,2.175915211709121
51.0,252.0,132.62808227539062,0.5478948821106959,1.4915126322271512,-4.018565007985094,-3.429984982496617,-0.5849024594135139,-0.5427832579015086,0.3701326336091446,3.5836336395795687,-1.287454054547188,2.1748392698901005
51.0,252.0,132.62808227539062,0.5478948821106959,1.4915126322271512,-4.018565007985094,-3.429984982496617,-0.5849024594135139,-0.5427832579015086,0.37059461730126,3.5836336395795687,-1.2874818471703546,2.1748392698901005
51.0,252.0,132.62808227539062,0.5478948821106959,1.4915125369362046,-4.018565007985094,-3.429984982496617,-0.585550776313577,-0.5279721935780763,0.3535768109007595,3.5836336395795687,-1.287454054547188,2.174267131087437
51.0,252.0,132.62808227539062,0.5479371659054912,1.49151008825493,-4.0168287821850335,-3.429984982496617,-0.5976865291217942,-0.5427832579015086,0.3698882394018333,3.5836336395795687,-1.2874808364368373,2.1750736287977723
51.0,252.0,132.62808227539062,0.5478783960350889,1.4915126322271512,-4.013231974046128,-3.429931259189822,-0.5853959079524219,-0.5427832579015086,0.3720227595107219,3.5836336395795687,-1.2874814237295416,2.1748392698901005
51.0,252.0,132.62808227539062,0.5478948821106959,1.4915126322271512,-4.018565007985094,-3.429984982496617,-0.5849038134755663,-0.5427832579015086,0.3530703330578133,3.5836336395795687,-1.2874818471703546,2.1748392698901005
51.0,252.0,132.62808227539062,0.5478948821106959,1.4915126322271512,-4.016336684172381,-3.434426143155825,-0.5849038134755663,-0.542783257782956,0.3530703330578133,3.583633585422957,-1.2873613426977333,2.1764212863434835
51.0,252.0,132.62808227539062,0.5478948821106959,1.4915126322271512,-4.018565007985094,-3.429984982496617,-0.5849024594135139,-0.5427832579015086,0.3701326336091446,3.5836336395795687,-1.287454054547188,2.1748392698901005
51.0,252.0,132.62808227539062,0.5478783960350889,1.4915126322271512,-4.013231974046128,-3.429931259189822,-0.5853959079524219,-0.5427832579015086,0.3720227595107219,3.5836336395795687,-1.2874814237295416,2.1748392698901005
51.0,252.0,132.62808227539062,0.5478948821106959,1.4915126322271512,-4.013322040356646,-3.4299823092542527,-0.5849024594135139,-0.5427832579015086,0.37059461730126,3.5836336395795687,-1.2874818471703546,2.1748392698901005
51.0,252.0,132.62808227539062,0.5479442460587678,1.49151008825493,-4.0168287821850335,-3.429984982496617,-0.5976865291217942,-0.5427832577767248,0.3698882394018333,3.5836336395795687,-1.2592496340822534,2.1759126645516123
51.0,252.0,132.62808227539062,0.547937616529104,1.49151008825493,-4.0168287821850335,-3.429984982496617,-0.5976865291217942,-0.5427832578991345,0.3698882394018333,3.5836336395795687,-1.2866427087170385,2.1759126645516123
51.0,252.0,132.62808227539062,0.5479371659054912,1.4915106906779072,-4.0168287821850335,-3.4349824467745527,-0.5955271495185809,-0.5427832579015086,0.3698882394018333,3.5703208031567057,-1.2854039180628944,2.1750736287977723
51.0,252.0,132.62808227539062,0.5478948821106959,1.4915126322271512,-4.018565007985094,-3.429984982496617,-0.5849038134755663,-0.5427832579015086,0.3530703330578133,3.5836336395795687,-1.2874818471703546,2.1748392698901005
51.0,252.0,132.62808227539062,0.5478948821106959,1.4915121369401692,-4.017412237295675,-3.429984982496617,-0.5860867837023092,-0.5279721935780763,0.3535768109007595,3.5836336395795687,-1.2873476441941856,2.174267131087437
51.0,252.0,132.62808227539062,0.5478779684829103,1.4915100582119574,-4.016556178241865,-3.429931259189822,-0.5853959079524219,-0.5427832579015086,0.3699401538168486,3.5836336395795687,-1.2874814237295416,2.1748339715722382
51.0,252.0,132.62808227539062,0.5478948821106959,1.491510115505245,-4.018565007985094,-3.429984982496617,-0.585550776313577,-0.5279721935780763,0.3532251727814096,3.5836336395795687,-1.287454054547188,2.174196968619919
51.0,252.0,132.62808227539062,0.5478783960350889,1.4915126322271512,-4.0115682631224345,-3.429931259189822,-0.5853959079524219,-0.5427832577720734,0.3720227595107219,3.5836336401050257,-1.2874814237295416,2.1748392698901005
51.0,252.0,132.62808227539062,0.5478777894201731,1.4915126322271512,-4.013098196013769,-3.4348979588315944,-0.5853959079524219,-0.5427832579015086,0.3720227595107219,3.5836336395795687,-1.2853275760651472,2.175045059501364
51.0,252.0,132.62808227539062,0.5478951812995236,1.4915126322271512,-4.018565007985094,-3.429984982496617,-0.5848787132213917,-0.5427832579015086,0.3701326336091446,3.5836336395795687,-1.2874537400465145,2.1748392698901005
51.0,252.0,132.62808227539062,0.5479371659054912,1.49151008825493,-4.0168287821850335,-3.429984982496617,-0.5976865291217942,-0.542783257787162,0.3672821324565222,3.5836336395795687,-1.2874808364368373,2.1750736287977723
51.0,252.0,132.62808227539062,0.5478948821106959,1.4915126322271512,-4.016336684172381,-3.434426143155825,-0.5849038134755663,-0.542783257782956,0.3530703330578133,3.583633585422957,-1.287482651840964,2.176455547875888
51.0,252.0,132.62808227539062,0.5479371659054912,1.4915106906779072,-4.01855497464395,-3.4349824467745527,-0.5955271495185809,-0.5427832579015086,0.3698627616320903,3.57050069664492,-1.2873897371495855,2.1750736287977723
51.0,252.0,132.62808227539062,0.5478948821106959,1.4915126322271512,-4.018565007985094,-3.429984982496617,-0.5849038134755663,-0.5417862759426133,0.3530854246187211,3.5836336395795687,-1.2874818471703546,2.1748678712457337
51.0,252.0,132.62808227539062,0.5478783960350889,1.4915126322271512,-4.0115682631224345,-3.429931259189822,-0.5853959079524219,-0.5427832577720734,0.3720227595107219,3.5836336401050257,-1.2874814237295416,2.1748392698901005
51.0,252.0,132.62808227539062,0.5478783960350889,1.4915126322271512,-4.013231974046128,-3.429931259189822,-0.5853959079524219,-0.5427832579015086,0.3720227595107219,3.5836336395795687,-1.2874814237295416,2.1748392698901005
51.0,252.0,132.62808227539062,0.5478950984988996,1.4915047339481498,-4.018565007985094,-3.429984982496617,-0.5834720788807439,-0.5427832579015086,0.37059461730126,3.5836336395795687,-1.2874818471703546,2.1748392698901005
51.0,252.0,132.62808227539062,0.5478951812995236,1.4915126322271512,-4.018565007985094,-3.429984982496617,-0.5848779094820971,-0.5427832579015086,0.3712595339174763,3.5836336395795687,-1.2874537400465145,2.1748392698901005
51.0,252.0,132.62808227539062,0.5478931777771237,1.4915101485711668,-4.0168287821850335,-3.429984982496617,-0.5977682839019836,-0.542783257901822,0.3698227181191845,3.5836336395795687,-1.2866427087170385,2.1748619574352266
51.0,252.0,132.62808227539062,0.5479449431421275,1.4915089129393202,-4.017770283732102,-3.43453688910242,-0.5854467428281206,-0.542783257773751,0.353354811350459,3.583633584550882,-1.287480815620589,2.17524651555813
51.0,252.0,132.62808227539062,0.5478951812995236,1.4915126322271512,-4.016838815526177,-3.429984982496617,-0.5848787132213917,-0.5427832579015086,0.3701581113788876,3.583453746091355,-1.285467920959823,2.1748392698901005
51.0,252.0,132.62808227539062,0.5478783960350889,1.4915126322271512,-4.013231974046128,-3.429931259189822,-0.5853959079524219,-0.5427832579015086,0.3720227595107219,3.5836336395795687,-1.2874814237295416,2.1748392698901005
51.0,252.0,132.62808227539062,0.5479383768927283,1.4915101155575186,-4.016829557674948,-3.429984982496617,-0.5850526222642735,-0.5279721935780763,0.3532251727814096,3.5836336395795687,-1.2874550421735926,2.17506624229969
51.0,252.0,132.62808227539062,0.5479438126126436,1.4915126322271512,-4.018565007985094,-3.429984982496617,-0.5975194006387133,-0.5427832579015086,0.3701326336091446,3.5836336395795687,-1.2883035972994583,2.1748392698901005
51.0,252.0,132.62808227539062,0.5478948821106959,1.4915126322271512,-4.018565007985094,-3.429984982496617,-0.5849046172148611,-0.5427832579015086,0.3519434327494816,3.5836336395795687,-1.2874818471703546,2.1748392698901005
51.0,252.0,132.62808227539062,0.5479393208626762,1.4915125719109144,-4.040700792776991,-3.4299823092542527,-0.5848207046333247,-0.5427832578988211,0.3706601385839088,3.5836336395795687,-1.2874818471703546,2.1758899770064857
51.0,252.0,132.62808227539062,0.547893240534502,1.4915101155575186,-4.016602115314464,-3.4299850385750648,-0.5850544538520193,-0.542868027407921,0.3532251727814096,3.5836336395795687,-1.2874776621229187,2.174816816413067
51.0,252.0,132.62808227539062,0.5479452929074433,1.491512940693981,-4.0168287821850335,-3.429984982496617,-0.5976865291217942,-0.5427832577767248,0.3701307659505306,3.5836336395795687,-1.2604577640593833,2.174836722732591
51.0,252.0,132.62808227539062,0.5478950265838155,1.491512770167609,-4.018565007985094,-3.429984982496617,-0.5855074512728781,-0.5427832579015086,0.3527487862190276,3.5836336395795687,-1.2874808635451835,2.1748406629564485
51.0,252.0,132.62808227539062,0.547878504885672,1.4915126322271512,-4.013215937589671,-3.429916541685906,-0.5853959079524219,-0.5427832579015086,0.3720227595107219,3.5836336347399445,-1.2874814237295416,2.1765074249396017
51.0,252.0,132.62808227539062,0.5478783960350889,1.4915126322271512,-4.018712072817035,-3.42998471476643,-0.5853852880407711,-0.5427955023696167,0.3720227595107219,3.5836336395795687,-1.2874814237295416,2.1748392698901005
51.0,252.0,132.62808227539062,0.5478779684829103,1.4915100582119574,-4.016556178241865,-3.429931259189822,-0.5853959079524219,-0.5427832579015086,0.3699401538168486,3.5836336395795687,-1.2874814237295416,2.1748339715722382
51.0,252.0,132.62808227539062,0.5478951812995236,1.4915126322271512,-4.018636021066609,-3.429984982496617,-0.5848779094820971,-0.5427832579015086,0.3712595339174763,3.5836336395795687,-1.2874791234900465,2.1748392698901005
51.0,252.0,132.62808227539062,0.5479438126126436,1.4915126322271512,-4.018565007985094,-3.429797029743666,-0.5975194006387133,-0.5427832579015086,0.3701326336091446,3.583631041414792,-1.2883035972994583,2.1748437404861187
51.0,252.0,132.62808227539062,0.5479393208626762,1.491512578734157,-4.040700792776991,-3.429984855905507,-0.5848207046333247,-0.542783257901575,0.370127098797437,3.5836336395795687,-1.2874801288957012,2.1758899770064857
51.0,252.0,132.62808227539062,0.5478779529403618,1.4915101047517092,-4.016563736223173,-3.429931259189822,-0.5853959079524219,-0.5427832579015086,0.3720227595107219,3.5836336395795687,-1.2874814237295416,2.174834069959463
51.0,252.0,132.62808227539062,0.5479371659054912,1.4915126739937374,-4.018641735686635,-3.429984982496617,-0.584232498697843,-0.5427832579015086,0.3698630959681335,3.5836336395795687,-1.2874539373312437,2.1750736287977723
51.0,252.0,132.62808227539062,0.5478751027957012,1.4915089918222544,-4.017770283732102,-3.43453688910242,-0.5854467428281206,-0.5427832578927154,0.353354811350459,3.583633584550882,-1.2874814327830302,2.1748304111604275
51.0,252.0,132.62808227539062,0.5479443307532503,1.4915089129393202,-4.020530599517375,-3.434557513050347,-0.5873265663083467,-0.542783257773751,0.3700575018888117,3.5836336377119413,-1.287454917965219,2.175238943496297
51.0,252.0,132.62808227539062,0.5478941344508481,1.4915097797880998,-4.018565007985094,-3.429984982496617,-0.5848787132213917,-0.5427832579015086,0.3698901070604473,3.5836336395795687,-1.2862456100693846,2.175915211709121
51.0,253.0,132.62808227539062,0.5478948821106959,1.4915126322271512,-4.018565007985094,-3.429984982496617,-0.5849024594135139,-0.5427832579015086,0.3701326336091446,3.5836336395795687,-1.287454054547188,2.1748392698901005
51.0,253.0,132.62808227539062,0.5478948821106959,1.4915126322271512,-4.018565007985094,-3.429984982496617,-0.5849024594135139,-0.5427832579015086,0.37059461730126,3.5836336395795687,-1.2874818471703546,2.1748392698901005
51.0,253.0,132.62808227539062,0.5478948821106959,1.4915125369362046,-4.018565007985094,-3.429984982496617,-0.585550776313577,-0.5279721935780763,0.3535768109007595,3.5836336395795687,-1.287454054547188,2.174267131087437
51.0,253.0,132.62808227539062,0.5479371659054912,1.49151008825493,-4.0168287821850335,-3.429984982496617,-0.5976865291217942,-0.5427832579015086,0.3698882394018333,3.5836336395795687,-1.2874808364368373,2.1750736287977723
51.0,253.0,132.62808227539062,0.5478783960350889,1.4915126322271512,-4.013231974046128,-3.429931259189822,-0.5853959079524219,-0.5427832579015086,0.3720227595107219,3.5836336395795687,-1.2874814237295416,2.1748392698901005
51.0,253.0,132.62808227539062,0.5478948821106959,1.4915126322271512,-4.018565007985094,-3.429984982496617,-0.5849038134755663,-0.5427832579015086,0.3530703330578133,3.5836336395795687,-1.2874818471703546,2.1748392698901005
51.0,253.0,132.62808227539062,0.5478948821106959,1.4915126322271512,-4.016336684172381,-3.434426143155825,-0.5849038134755663,-0.542783257782956,0.3530703330578133,3.583633585422957,-1.2873613426977333,2.1764212863434835
51.0,253.0,132.62808227539062,0.5478948821106959,1.4915126322271512,-4.018565007985094,-3.429984982496617,-0.5849024594135139,-0.5427832579015086,0.3701326336091446,3.5836336395795687,-1.287454054547188,2.1748392698901005
51.0,253.0,132.62808227539062,0.5478783960350889,1.4915126322271512,-4.013231974046128,-3.429931259189822,-0.5853959079524219,-0.5427832579015086,0.3720227595107219,3.5836336395795687,-1.2874814237295416,2.1748392698901005
51.0,253.0,132.62808227539062,0.5478948821106959,1.4915126322271512,-4.013322040356646,-3.4299823092542527,-0.5849024594135139,-0.5427832579015086,0.37059461730126,3.5836336395795687,-1.2874818471703546,2.1748392698901005
51.0,253.0,132.62808227539062,0.5479442460587678,1.49151008825493,-4.0168287821850335,-3.429984982496617,-0.5976865291217942,-0.5427832577767248,0.3698882394018333,3.5836336395795687,-1.2592496340822534,2.1759126645516123
51.0,253.0,132.62808227539062,0.547937616529104,1.49151008825493,-4.0168287821850335,-3.429984982496617,-0.5976865291217942,-0.5427832578991345,0.3698882394018333,3.5836336395795687,-1.2866427087170385,2.1759126645516123
51.0,253.0,132.62808227539062,0.5479371659054912,1.4915106906779072,-4.0168287821850335,-3.4349824467745527,-0.5955271495185809,-0.5427832579015086,0.3698882394018333,3.5703208031567057,-1.2854039180628944,2.1750736287977723
51.0,253.0,132.62808227539062,0.5478948821106959,1.4915126322271512,-4.018565007985094,-3.429984982496617,-0.5849038134755663,-0.5427832579015086,0.3530703330578133,3.5836336395795687,-1.2874818471703546,2.1748392698901005
51.0,253.0,132.62808227539062,0.5478948821106959,1.4915121369401692,-4.017412237295675,-3.429984982496617,-0.5860867837023092,-0.5279721935780763,0.3535768109007595,3.5836336395795687,-1.2873476441941856,2.174267131087437
51.0,253.0,132.62808227539062,0.5478779684829103,1.4915100582119574,-4.016556178241865,-3.429931259189822,-0.5853959079524219,-0.5427832579015086,0.3699401538168486,3.5836336395795687,-1.2874814237295416,2.1748339715722382
51.0,253.0,132.62808227539062,0.5478948821106959,1.491510115505245,-4.018565007985094,-3.429984982496617,-0.585550776313577,-0.5279721935780763,0.3532251727814096,3.5836336395795687,-1.287454054547188,2.174196968619919
51.0,253.0,132.62808227539062,0.5478783960350889,1.4915126322271512,-4.0115682631224345,-3.429931259189822,-0.5853959079524219,-0.5427832577720734,0.3720227595107219,3.5836336401050257,-1.2874814237295416,2.1748392698901005
51.0,253.0,132.62808227539062,0.5478777894201731,1.4915126322271512,-4.013098196013769,-3.4348979588315944,-0.5853959079524219,-0.5427832579015086,0.3720227595107219,3.5836336395795687,-1.2853275760651472,2.175045059501364
51.0,253.0,132.62808227539062,0.5478951812995236,1.4915126322271512,-4.018565007985094,-3.429984982496617,-0.5848787132213917,-0.5427832579015086,0.3701326336091446,3.5836336395795687,-1.2874537400465145,2.1748392698901005
51.0,253.0,132.62808227539062,0.5479371659054912,1.49151008825493,-4.0168287821850335,-3.429984982496617,-0.5976865291217942,-0.542783257787162,0.3672821324565222,3.5836336395795687,-1.2874808364368373,2.1750736287977723
51.0,253.0,132.62808227539062,0.5478948821106959,1.4915126322271512,-4.016336684172381,-3.434426143155825,-0.5849038134755663,-0.542783257782956,0.3530703330578133,3.583633585422957,-1.287482651840964,2.176455547875888
51.0,253.0,132.62808227539062,0.5479371659054912,1.4915106906779072,-4.01855497464395,-3.4349824467745527,-0.5955271495185809,-0.5427832579015086,0.3698627616320903,3.57050069664492,-1.2873897371495855,2.1750736287977723
51.0,253.0,132.62808227539062,0.5478948821106959,1.4915126322271512,-4.018565007985094,-3.429984982496617,-0.5849038134755663,-0.5417862759426133,0.3530854246187211,3.5836336395795687,-1.2874818471703546,2.1748678712457337
51.0,253.0,132.62808227539062,0.5478783960350889,1.4915126322271512,-4.0115682631224345,-3.429931259189822,-0.5853959079524219,-0.5427832577720734,0.3720227595107219,3.5836336401050257,-1.2874814237295416,2.1748392698901005
51.0,253.0,132.62808227539062,0.5478783960350889,1.4915126322271512,-4.013231974046128,-3.429931259189822,-0.5853959079524219,-0.5427832579015086,0.3720227595107219,3.5836336395795687,-1.2874814237295416,2.1748392698901005
51.0,253.0,132.62808227539062,0.5478950984988996,1.4915047339481498,-4.018565007985094,-3.429984982496617,-0.5834720788807439,-0.5427832579015086,0.37059461730126,3.5836336395795687,-1.2874818471703546,2.1748392698901005
51.0,253.0,132.62808227539062,0.5478951812995236,1.4915126322271512,-4.018565007985094,-3.429984982496617,-0.5848779094820971,-0.5427832579015086,0.3712595339174763,3.5836336395795687,-1.2874537400465145,2.1748392698901005
51.0,253.0,132.62808227539062,0.5478931777771237,1.4915101485711668,-4.0168287821850335,-3.429984982496617,-0.5977682839019836,-0.542783257901822,0.3698227181191845,3.5836336395795687,-1.2866427087170385,2.1748619574352266
51.0,253.0,132.62808227539062,0.5479449431421275,1.4915089129393202,-4.017770283732102,-3.43453688910242,-0.5854467428281206,-0.542783257773751,0.353354811350459,3.583633584550882,-1.287480815620589,2.17524651555813
51.0,253.0,132.62808227539062,0.5478951812995236,1.4915126322271512,-4.016838815526177,-3.429984982496617,-0.5848787132213917,-0.5427832579015086,0.3701581113788876,3.583453746091355,-1.285467920959823,2.1748392698901005
51.0,253.0,132.62808227539062,0.5478783960350889,1.4915126322271512,-4.013231974046128,-3.429931259189822,-0.5853959079524219,-0.5427832579015086,0.3720227595107219,3.5836336395795687,-1.2874814237295416,2.1748392698901005
51.0,253.0,132.62808227539062,0.5479383768927283,1.4915101155575186,-4.016829557674948,-3.429984982496617,-0.5850526222642735,-0.5279721935780763,0.3532251727814096,3.5836336395795687,-1.2874550421735926,2.17506624229969
51.0,253.0,132.62808227539062,0.5479438126126436,1.4915126322271512,-4.018565007985094,-3.429984982496617,-0.5975194006387133,-0.5427832579015086,0.3701326336091446,3.5836336395795687,-1.2883035972994583,2.1748392698901005
51.0,253.0,132.62808227539062,0.5478948821106959,1.4915126322271512,-4.018565007985094,-3.429984982496617,-0.5849046172148611,-0.5427832579015086,0.3519434327494816,3.5836336395795687,-1.2874818471703546,2.1748392698901005
51.0,253.0,132.62808227539062,0.5479393208626762,1.4915125719109144,-4.040700792776991,-3.4299823092542527,-0.5848207046333247,-0.5427832578988211,0.3706601385839088,3.5836336395795687,-1.2874818471703546,2.1758899770064857
51.0,253.0,132.62808227539062,0.547893240534502,1.4915101155575186,-4.016602115314464,-3.4299850385750648,-0.5850544538520193,-0.542868027407921,0.3532251727814096,3.5836336395795687,-1.2874776621229187,2.174816816413067
51.0,253.0,132.62808227539062,0.5479452929074433,1.491512940693981,-4.0168287821850335,-3.429984982496617,-0.5976865291217942,-0.5427832577767248,0.3701307659505306,3.5836336395795687,-1.2604577640593833,2.174836722732591
51.0,253.0,132.62808227539062,0.5478950265838155,1.491512770167609,-4.018565007985094,-3.429984982496617,-0.5855074512728781,-0.5427832579015086,0.3527487862190276,3.5836336395795687,-1.2874808635451835,2.1748406629564485
51.0,253.0,132.62808227539062,0.547878504885672,1.4915126322271512,-4.013215937589671,-3.429916541685906,-0.5853959079524219,-0.5427832579015086,0.3720227595107219,3.5836336347399445,-1.2874814237295416,2.1765074249396017
51.0,253.0,132.62808227539062,0.5478783960350889,1.4915126322271512,-4.018712072817035,-3.42998471476643,-0.5853852880407711,-0.5427955023696167,0.3720227595107219,3.5836336395795687,-1.2874814237295416,2.1748392698901005
51.0,253.0,132.62808227539062,0.5478779684829103,1.4915100582119574,-4.016556178241865,-3.429931259189822,-0.5853959079524219,-0.5427832579015086,0.3699401538168486,3.5836336395795687,-1.2874814237295416,2.1748339715722382
51.0,253.0,132.62808227539062,0.5478951812995236,1.4915126322271512,-4.018636021066609,-3.429984982496617,-0.5848779094820971,-0.5427832579015086,0.3712595339174763,3.5836336395795687,-1.2874791234900465,2.1748392698901005
51.0,253.0,132.62808227539062,0.5479438126126436,1.4915126322271512,-4.018565007985094,-3.429797029743666,-0.5975194006387133,-0.5427832579015086,0.3701326336091446,3.583631041414792,-1.2883035972994583,2.1748437404861187
51.0,253.0,132.62808227539062,0.5479393208626762,1.491512578734157,-4.040700792776991,-3.429984855905507,-0.5848207046333247,-0.542783257901575,0.370127098797437,3.5836336395795687,-1.2874801288957012,2.1758899770064857
51.0,253.0,132.62808227539062,0.5478779529403618,1.4915101047517092,-4.016563736223173,-3.429931259189822,-0.5853959079524219,-0.5427832579015086,0.3720227595107219,3.5836336395795687,-1.2874814237295416,2.174834069959463
51.0,253.0,132.62808227539062,0.5479371659054912,1.4915126739937374,-4.018641735686635,-3.429984982496617,-0.584232498697843,-0.5427832579015086,0.3698630959681335,3.5836336395795687,-1.2874539373312437,2.1750736287977723
51.0,253.0,132.62808227539062,0.5478751027957012,1.4915089918222544,-4.017770283732102,-3.43453688910242,-0.5854467428281206,-0.5427832578927154,0.353354811350459,3.583633584550882,-1.2874814327830302,2.1748304111604275
51.0,253.0,132.62808227539062,0.5479443307532503,1.4915089129393202,-4.020530599517375,-3.434557513050347,-0.5873265663083467,-0.542783257773751,0.3700575018888117,3.5836336377119413,-1.287454917965219,2.175238943496297
51.0,253.0,132.62808227539062,0.5478941344508481,1.4915097797880998,-4.018565007985094,-3.429984982496617,-0.5848787132213917,-0.5427832579015086,0.3698901070604473,3.5836336395795687,-1.2862456100693846,2.175915211709121
51.0,254.0,132.62808227539062,0.5478948821106959,1.4915126322271512,-4.018565007985094,-3.429984982496617,-0.5849024594135139,-0.5427832579015086,0.3701326336091446,3.5836336395795687,-1.287454054547188,2.1748392698901005
51.0,254.0,132.62808227539062,0.5478948821106959,1.4915126322271512,-4.018565007985094,-3.429984982496617,-0.5849024594135139,-0.5427832579015086,0.37059461730126,3.5836336395795687,-1.2874818471703546,2.1748392698901005
51.0,254.0,132.62808227539062,0.5478948821106959,1.4915125369362046,-4.018565007985094,-3.429984982496617,-0.585550776313577,-0.5279721935780763,0.3535768109007595,3.5836336395795687,-1.287454054547188,2.174267131087437
51.0,254.0,132.62808227539062,0.5479371659054912,1.49151008825493,-4.0168287821850335,-3.429984982496617,-0.5976865291217942,-0.5427832579015086,0.3698882394018333,3.5836336395795687,-1.2874808364368373,2.1750736287977723
51.0,254.0,132.62808227539062,0.5478783960350889,1.4915126322271512,-4.013231974046128,-3.429931259189822,-0.5853959079524219,-0.5427832579015086,0.3720227595107219,3.5836336395795687,-1.2874814237295416,2.1748392698901005
51.0,254.0,132.62808227539062,0.5478948821106959,1.4915126322271512,-4.018565007985094,-3.429984982496617,-0.5849038134755663,-0.5427832579015086,0.3530703330578133,3.5836336395795687,-1.2874818471703546,2.1748392698901005
51.0,254.0,132.62808227539062,0.5478948821106959,1.4915126322271512,-4.016336684172381,-3.434426143155825,-0.5849038134755663,-0.542783257782956,0.3530703330578133,3.583633585422957,-1.2873613426977333,2.1764212863434835
51.0,254.0,132.62808227539062,0.5478948821106959,1.4915126322271512,-4.018565007985094,-3.429984982496617,-0.5849024594135139,-0.5427832579015086,0.3701326336091446,3.5836336395795687,-1.287454054547188,2.1748392698901005
51.0,254.0,132.62808227539062,0.5478783960350889,1.4915126322271512,-4.013231974046128,-3.429931259189822,-0.5853959079524219,-0.5427832579015086,0.3720227595107219,3.5836336395795687,-1.2874814237295416,2.1748392698901005
51.0,254.0,132.62808227539062,0.5478948821106959,1.4915126322271512,-4.013322040356646,-3.4299823092542527,-0.5849024594135139,-0.5427832579015086,0.37059461730126,3.5836336395795687,-1.2874818471703546,2.1748392698901005
51.0,254.0,132.62808227539062,0.5479442460587678,1.49151008825493,-4.0168287821850335,-3.429984982496617,-0.5976865291217942,-0.5427832577767248,0.3698882394018333,3.5836336395795687,-1.2592496340822534,2.1759126645516123
51.0,254.0,132.62808227539062,0.547937616529104,1.49151008825493,-4.0168287821850335,-3.429984982496617,-0.5976865291217942,-0.5427832578991345,0.3698882394018333,3.5836336395795687,-1.2866427087170385,2.1759126645516123
51.0,254.0,132.62808227539062,0.5479371659054912,1.4915106906779072,-4.0168287821850335,-3.4349824467745527,-0.5955271495185809,-0.5427832579015086,0.3698882394018333,3.5703208031567057,-1.2854039180628944,2.1750736287977723
51.0,254.0,132.62808227539062,0.5478948821106959,1.4915126322271512,-4.018565007985094,-3.429984982496617,-0.5849038134755663,-0.5427832579015086,0.3530703330578133,3.5836336395795687,-1.2874818471703546,2.1748392698901005
51.0,254.0,132.62808227539062,0.5478948821106959,1.4915121369401692,-4.017412237295675,-3.429984982496617,-0.5860867837023092,-0.5279721935780763,0.3535768109007595,3.5836336395795687,-1.2873476441941856,2.174267131087437
51.0,254.0,132.62808227539062,0.5478779684829103,1.4915100582119574,-4.016556178241865,-3.429931259189822,-0.5853959079524219,-0.5427832579015086,0.3699401538168486,3.5836336395795687,-1.2874814237295416,2.1748339715722382
51.0,254.0,132.62808227539062,0.5478948821106959,1.491510115505245,-4.018565007985094,-3.429984982496617,-0.585550776313577,-0.5279721935780763,0.3532251727814096,3.5836336395795687,-1.287454054547188,2.174196968619919
51.0,254.0,132.62808227539062,0.5478783960350889,1.4915126322271512,-4.0115682631224345,-3.429931259189822,-0.5853959079524219,-0.5427832577720734,0.3720227595107219,3.5836336401050257,-1.2874814237295416,2.1748392698901005
51.0,254.0,132.62808227539062,0.5478777894201731,1.4915126322271512,-4.013098196013769,-3.4348979588315944,-0.5853959079524219,-0.5427832579015086,0.3720227595107219,3.5836336395795687,-1.2853275760651472,2.175045059501364
51.0,254.0,132.62808227539062,0.5478951812995236,1.4915126322271512,-4.018565007985094,-3.429984982496617,-0.5848787132213917,-0.5427832579015086,0.3701326336091446,3.5836336395795687,-1.2874537400465145,2.1748392698901005
51.0,254.0,132.62808227539062,0.5479371659054912,1.49151008825493,-4.0168287821850335,-3.429984982496617,-0.5976865291217942,-0.542783257787162,0.3672821324565222,3.5836336395795687,-1.2874808364368373,2.1750736287977723
51.0,254.0,132.62808227539062,0.5478948821106959,1.4915126322271512,-4.016336684172381,-3.434426143155825,-0.5849038134755663,-0.542783257782956,0.3530703330578133,3.583633585422957,-1.287482651840964,2.176455547875888
51.0,254.0,132.62808227539062,0.5479371659054912,1.4915106906779072,-4.01855497464395,-3.4349824467745527,-0.5955271495185809,-0.5427832579015086,0.3698627616320903,3.57050069664492,-1.2873897371495855,2.1750736287977723
51.0,254.0,132.62808227539062,0.5478948821106959,1.4915126322271512,-4.018565007985094,-3.429984982496617,-0.5849038134755663,-0.5417862759426133,0.3530854246187211,3.5836336395795687,-1.2874818471703546,2.1748678712457337
51.0,254.0,132.62808227539062,0.5478783960350889,1.4915126322271512,-4.0115682631224345,-3.429931259189822,-0.5853959079524219,-0.5427832577720734,0.3720227595107219,3.5836336401050257,-1.2874814237295416,2.1748392698901005
51.0,254.0,132.62808227539062,0.5478783960350889,1.4915126322271512,-4.013231974046128,-3.429931259189822,-0.5853959079524219,-0.5427832579015086,0.3720227595107219,3.5836336395795687,-1.2874814237295416,2.1748392698901005
51.0,254.0,132.62808227539062,0.5478950984988996,1.4915047339481498,-4.018565007985094,-3.429984982496617,-0.5834720788807439,-0.5427832579015086,0.37059461730126,3.5836336395795687,-1.2874818471703546,2.1748392698901005
51.0,254.0,132.62808227539062,0.5478951812995236,1.4915126322271512,-4.018565007985094,-3.429984982496617,-0.5848779094820971,-0.5427832579015086,0.3712595339174763,3.5836336395795687,-1.2874537400465145,2.1748392698901005
51.0,254.0,132.62808227539062,0.5478931777771237,1.4915101485711668,-4.0168287821850335,-3.429984982496617,-0.5977682839019836,-0.542783257901822,0.3698227181191845,3.5836336395795687,-1.2866427087170385,2.1748619574352266
51.0,254.0,132.62808227539062,0.5479449431421275,1.4915089129393202,-4.017770283732102,-3.43453688910242,-0.5854467428281206,-0.542783257773751,0.353354811350459,3.583633584550882,-1.287480815620589,2.17524651555813
51.0,254.0,132.62808227539062,0.5478951812995236,1.4915126322271512,-4.016838815526177,-3.429984982496617,-0.5848787132213917,-0.5427832579015086,0.3701581113788876,3.583453746091355,-1.285467920959823,2.1748392698901005
51.0,254.0,132.62808227539062,0.5478783960350889,1.4915126322271512,-4.013231974046128,-3.429931259189822,-0.5853959079524219,-0.5427832579015086,0.3720227595107219,3.5836336395795687,-1.2874814237295416,2.1748392698901005
51.0,254.0,132.62808227539062,0.5479383768927283,1.4915101155575186,-4.016829557674948,-3.429984982496617,-0.5850526222642735,-0.5279721935780763,0.3532251727814096,3.5836336395795687,-1.2874550421735926,2.17506624229969
51.0,254.0,132.62808227539062,0.5479438126126436,1.4915126322271512,-4.018565007985094,-3.429984982496617,-0.5975194006387133,-0.5427832579015086,0.3701326336091446,3.5836336395795687,-1.2883035972994583,2.1748392698901005
51.0,254.0,132.62808227539062,0.5478948821106959,1.4915126322271512,-4.018565007985094,-3.429984982496617,-0.5849046172148611,-0.5427832579015086,0.3519434327494816,3.5836336395795687,-1.2874818471703546,2.1748392698901005
51.0,254.0,132.62808227539062,0.5479393208626762,1.4915125719109144,-4.040700792776991,-3.4299823092542527,-0.5848207046333247,-0.5427832578988211,0.3706601385839088,3.5836336395795687,-1.2874818471703546,2.1758899770064857
51.0,254.0,132.62808227539062,0.547893240534502,1.4915101155575186,-4.016602115314464,-3.4299850385750648,-0.5850544538520193,-0.542868027407921,0.3532251727814096,3.5836336395795687,-1.2874776621229187,2.174816816413067
51.0,254.0,132.62808227539062,0.5479452929074433,1.491512940693981,-4.0168287821850335,-3.429984982496617,-0.5976865291217942,-0.5427832577767248,0.3701307659505306,3.5836336395795687,-1.2604577640593833,2.174836722732591
51.0,254.0,132.62808227539062,0.5478950265838155,1.491512770167609,-4.018565007985094,-3.429984982496617,-0.5855074512728781,-0.5427832579015086,0.3527487862190276,3.5836336395795687,-1.2874808635451835,2.1748406629564485
51.0,254.0,132.62808227539062,0.547878504885672,1.4915126322271512,-4.013215937589671,-3.429916541685906,-0.5853959079524219,-0.5427832579015086,0.3720227595107219,3.5836336347399445,-1.2874814237295416,2.1765074249396017
51.0,254.0,132.62808227539062,0.5478783960350889,1.4915126322271512,-4.018712072817035,-3.42998471476643,-0.5853852880407711,-0.5427955023696167,0.3720227595107219,3.5836336395795687,-1.2874814237295416,2.1748392698901005
51.0,254.0,132.62808227539062,0.5478779684829103,1.4915100582119574,-4.016556178241865,-3.429931259189822,-0.5853959079524219,-0.5427832579015086,0.3699401538168486,3.5836336395795687,-1.2874814237295416,2.1748339715722382
51.0,254.0,132.62808227539062,0.5478951812995236,1.4915126322271512,-4.018636021066609,-3.429984982496617,-0.5848779094820971,-0.5427832579015086,0.3712595339174763,3.5836336395795687,-1.2874791234900465,2.1748392698901005
51.0,254.0,132.62808227539062,0.5479438126126436,1.4915126322271512,-4.018565007985094,-3.429797029743666,-0.5975194006387133,-0.5427832579015086,0.3701326336091446,3.583631041414792,-1.2883035972994583,2.1748437404861187
51.0,254.0,132.62808227539062,0.5479393208626762,1.491512578734157,-4.040700792776991,-3.429984855905507,-0.5848207046333247,-0.542783257901575,0.370127098797437,3.5836336395795687,-1.2874801288957012,2.1758899770064857
51.0,254.0,132.62808227539062,0.5478779529403618,1.4915101047517092,-4.016563736223173,-3.429931259189822,-0.5853959079524219,-0.5427832579015086,0.3720227595107219,3.5836336395795687,-1.2874814237295416,2.174834069959463
51.0,254.0,132.62808227539062,0.5479371659054912,1.4915126739937374,-4.018641735686635,-3.429984982496617,-0.584232498697843,-0.5427832579015086,0.3698630959681335,3.5836336395795687,-1.2874539373312437,2.1750736287977723
51.0,254.0,132.62808227539062,0.5478751027957012,1.4915089918222544,-4.017770283732102,-3.43453688910242,-0.5854467428281206,-0.5427832578927154,0.353354811350459,3.583633584550882,-1.2874814327830302,2.1748304111604275
51.0,254.0,132.62808227539062,0.5479443307532503,1.4915089129393202,-4.020530599517375,-3.434557513050347,-0.5873265663083467,-0.542783257773751,0.3700575018888117,3.5836336377119413,-1.287454917965219,2.175238943496297
51.0,254.0,132.62808227539062,0.5478941344508481,1.4915097797880998,-4.018565007985094,-3.429984982496617,-0.5848787132213917,-0.5427832579015086,0.3698901070604473,3.5836336395795687,-1.2862456100693846,2.175915211709121
51.0,255.0,132.62808227539062,0.5478948821106959,1.4915126322271512,-4.018565007985094,-3.429984982496617,-0.5849024594135139,-0.5427832579015086,0.3701326336091446,3.5836336395795687,-1.287454054547188,2.1748392698901005
51.0,255.0,132.62808227539062,0.5478948821106959,1.4915126322271512,-4.018565007985094,-3.429984982496617,-0.5849024594135139,-0.5427832579015086,0.37059461730126,3.5836336395795687,-1.2874818471703546,2.1748392698901005
51.0,255.0,132.62808227539062,0.5478948821106959,1.4915125369362046,-4.018565007985094,-3.429984982496617,-0.585550776313577,-0.5279721935780763,0.3535768109007595,3.5836336395795687,-1.287454054547188,2.174267131087437
51.0,255.0,132.62808227539062,0.5479371659054912,1.49151008825493,-4.0168287821850335,-3.429984982496617,-0.5976865291217942,-0.5427832579015086,0.3698882394018333,3.5836336395795687,-1.2874808364368373,2.1750736287977723
51.0,255.0,132.62808227539062,0.5478783960350889,1.4915126322271512,-4.013231974046128,-3.429931259189822,-0.5853959079524219,-0.5427832579015086,0.3720227595107219,3.5836336395795687,-1.2874814237295416,2.1748392698901005
51.0,255.0,132.62808227539062,0.5478948821106959,1.4915126322271512,-4.018565007985094,-3.429984982496617,-0.5849038134755663,-0.5427832579015086,0.3530703330578133,3.5836336395795687,-1.2874818471703546,2.1748392698901005
51.0,255.0,132.62808227539062,0.5478948821106959,1.4915126322271512,-4.016336684172381,-3.434426143155825,-0.5849038134755663,-0.542783257782956,0.3530703330578133,3.583633585422957,-1.2873613426977333,2.1764212863434835
51.0,255.0,132.62808227539062,0.5478948821106959,1.4915126322271512,-4.018565007985094,-3.429984982496617,-0.5849024594135139,-0.5427832579015086,0.3701326336091446,3.5836336395795687,-1.287454054547188,2.1748392698901005
51.0,255.0,132.62808227539062,0.5478783960350889,1.4915126322271512,-4.013231974046128,-3.429931259189822,-0.5853959079524219,-0.5427832579015086,0.3720227595107219,3.5836336395795687,-1.2874814237295416,2.1748392698901005
51.0,255.0,132.62808227539062,0.5478948821106959,1.4915126322271512,-4.013322040356646,-3.4299823092542527,-0.5849024594135139,-0.5427832579015086,0.37059461730126,3.5836336395795687,-1.2874818471703546,2.1748392698901005
51.0,255.0,132.62808227539062,0.5479442460587678,1.49151008825493,-4.0168287821850335,-3.429984982496617,-0.5976865291217942,-0.5427832577767248,0.3698882394018333,3.5836336395795687,-1.2592496340822534,2.1759126645516123
51.0,255.0,132.62808227539062,0.547937616529104,1.49151008825493,-4.0168287821850335,-3.429984982496617,-0.5976865291217942,-0.5427832578991345,0.3698882394018333,3.5836336395795687,-1.2866427087170385,2.1759126645516123
51.0,255.0,132.62808227539062,0.5479371659054912,1.4915106906779072,-4.0168287821850335,-3.4349824467745527,-0.5955271495185809,-0.5427832579015086,0.3698882394018333,3.5703208031567057,-1.2854039180628944,2.1750736287977723
51.0,255.0,132.62808227539062,0.5478948821106959,1.4915126322271512,-4.018565007985094,-3.429984982496617,-0.5849038134755663,-0.5427832579015086,0.3530703330578133,3.5836336395795687,-1.2874818471703546,2.1748392698901005
51.0,255.0,132.62808227539062,0.5478948821106959,1.4915121369401692,-4.017412237295675,-3.429984982496617,-0.5860867837023092,-0.5279721935780763,0.3535768109007595,3.5836336395795687,-1.2873476441941856,2.174267131087437
51.0,255.0,132.62808227539062,0.5478779684829103,1.4915100582119574,-4.016556178241865,-3.429931259189822,-0.5853959079524219,-0.5427832579015086,0.3699401538168486,3.5836336395795687,-1.2874814237295416,2.1748339715722382
51.0,255.0,132.62808227539062,0.5478948821106959,1.491510115505245,-4.018565007985094,-3.429984982496617,-0.585550776313577,-0.5279721935780763,0.3532251727814096,3.5836336395795687,-1.287454054547188,2.174196968619919
51.0,255.0,132.62808227539062,0.5478783960350889,1.4915126322271512,-4.0115682631224345,-3.429931259189822,-0.5853959079524219,-0.5427832577720734,0.3720227595107219,3.5836336401050257,-1.2874814237295416,2.1748392698901005
51.0,255.0,132.62808227539062,0.5478777894201731,1.4915126322271512,-4.013098196013769,-3.4348979588315944,-0.5853959079524219,-0.5427832579015086,0.3720227595107219,3.5836336395795687,-1.2853275760651472,2.175045059501364
51.0,255.0,132.62808227539062,0.5478951812995236,1.4915126322271512,-4.018565007985094,-3.429984982496617,-0.5848787132213917,-0.5427832579015086,0.3701326336091446,3.5836336395795687,-1.2874537400465145,2.1748392698901005
51.0,255.0,132.62808227539062,0.5479371659054912,1.49151008825493,-4.0168287821850335,-3.429984982496617,-0.5976865291217942,-0.542783257787162,0.3672821324565222,3.5836336395795687,-1.2874808364368373,2.1750736287977723
51.0,255.0,132.62808227539062,0.5478948821106959,1.4915126322271512,-4.016336684172381,-3.434426143155825,-0.5849038134755663,-0.542783257782956,0.3530703330578133,3.583633585422957,-1.287482651840964,2.176455547875888
51.0,255.0,132.62808227539062,0.5479371659054912,1.4915106906779072,-4.01855497464395,-3.4349824467745527,-0.5955271495185809,-0.5427832579015086,0.3698627616320903,3.57050069664492,-1.2873897371495855,2.1750736287977723
51.0,255.0,132.62808227539062,0.5478948821106959,1.4915126322271512,-4.018565007985094,-3.429984982496617,-0.5849038134755663,-0.5417862759426133,0.3530854246187211,3.5836336395795687,-1.2874818471703546,2.1748678712457337
51.0,255.0,132.62808227539062,0.5478783960350889,1.4915126322271512,-4.0115682631224345,-3.429931259189822,-0.5853959079524219,-0.5427832577720734,0.3720227595107219,3.5836336401050257,-1.2874814237295416,2.1748392698901005
51.0,255.0,132.62808227539062,0.5478783960350889,1.4915126322271512,-4.013231974046128,-3.429931259189822,-0.5853959079524219,-0.5427832579015086,0.3720227595107219,3.5836336395795687,-1.2874814237295416,2.1748392698901005
51.0,255.0,132.62808227539062,0.5478950984988996,1.4915047339481498,-4.018565007985094,-3.429984982496617,-0.5834720788807439,-0.5427832579015086,0.37059461730126,3.5836336395795687,-1.2874818471703546,2.1748392698901005
51.0,255.0,132.62808227539062,0.5478951812995236,1.4915126322271512,-4.018565007985094,-3.429984982496617,-0.5848779094820971,-0.5427832579015086,0.3712595339174763,3.5836336395795687,-1.2874537400465145,2.1748392698901005
51.0,255.0,132.62808227539062,0.5478931777771237,1.4915101485711668,-4.0168287821850335,-3.429984982496617,-0.5977682839019836,-0.542783257901822,0.3698227181191845,3.5836336395795687,-1.2866427087170385,2.1748619574352266
51.0,255.0,132.62808227539062,0.5479449431421275,1.4915089129393202,-4.017770283732102,-3.43453688910242,-0.5854467428281206,-0.542783257773751,0.353354811350459,3.583633584550882,-1.287480815620589,2.17524651555813
51.0,255.0,132.62808227539062,0.5478951812995236,1.4915126322271512,-4.016838815526177,-3.429984982496617,-0.5848787132213917,-0.5427832579015086,0.3701581113788876,3.583453746091355,-1.285467920959823,2.1748392698901005
51.0,255.0,132.62808227539062,0.5478783960350889,1.4915126322271512,-4.013231974046128,-3.429931259189822,-0.5853959079524219,-0.5427832579015086,0.3720227595107219,3.5836336395795687,-1.2874814237295416,2.1748392698901005
51.0,255.0,132.62808227539062,0.5479383768927283,1.4915101155575186,-4.016829557674948,-3.429984982496617,-0.5850526222642735,-0.5279721935780763,0.3532251727814096,3.5836336395795687,-1.2874550421735926,2.17506624229969
51.0,255.0,132.62808227539062,0.5479438126126436,1.4915126322271512,-4.018565007985094,-3.429984982496617,-0.5975194006387133,-0.5427832579015086,0.3701326336091446,3.5836336395795687,-1.2883035972994583,2.1748392698901005
51.0,255.0,132.62808227539062,0.5478948821106959,1.4915126322271512,-4.018565007985094,-3.429984982496617,-0.5849046172148611,-0.5427832579015086,0.3519434327494816,3.5836336395795687,-1.2874818471703546,2.1748392698901005
51.0,255.0,132.62808227539062,0.5479393208626762,1.4915125719109144,-4.040700792776991,-3.4299823092542527,-0.5848207046333247,-0.5427832578988211,0.3706601385839088,3.5836336395795687,-1.2874818471703546,2.1758899770064857
51.0,255.0,132.62808227539062,0.547893240534502,1.4915101155575186,-4.016602115314464,-3.4299850385750648,-0.5850544538520193,-0.542868027407921,0.3532251727814096,3.5836336395795687,-1.2874776621229187,2.174816816413067
51.0,255.0,132.62808227539062,0.5479452929074433,1.491512940693981,-4.0168287821850335,-3.429984982496617,-0.5976865291217942,-0.5427832577767248,0.3701307659505306,3.5836336395795687,-1.2604577640593833,2.174836722732591
51.0,255.0,132.62808227539062,0.5478950265838155,1.491512770167609,-4.018565007985094,-3.429984982496617,-0.5855074512728781,-0.5427832579015086,0.3527487862190276,3.5836336395795687,-1.2874808635451835,2.1748406629564485
51.0,255.0,132.62808227539062,0.547878504885672,1.4915126322271512,-4.013215937589671,-3.429916541685906,-0.5853959079524219,-0.5427832579015086,0.3720227595107219,3.5836336347399445,-1.2874814237295416,2.1765074249396017
51.0,255.0,132.62808227539062,0.5478783960350889,1.4915126322271512,-4.018712072817035,-3.42998471476643,-0.5853852880407711,-0.5427955023696167,0.3720227595107219,3.5836336395795687,-1.2874814237295416,2.1748392698901005
51.0,255.0,132.62808227539062,0.5478779684829103,1.4915100582119574,-4.016556178241865,-3.429931259189822,-0.5853959079524219,-0.5427832579015086,0.3699401538168486,3.5836336395795687,-1.2874814237295416,2.1748339715722382
51.0,255.0,132.62808227539062,0.5478951812995236,1.4915126322271512,-4.018636021066609,-3.429984982496617,-0.5848779094820971,-0.5427832579015086,0.3712595339174763,3.5836336395795687,-1.2874791234900465,2.1748392698901005
51.0,255.0,132.62808227539062,0.5479438126126436,1.4915126322271512,-4.018565007985094,-3.429797029743666,-0.5975194006387133,-0.5427832579015086,0.3701326336091446,3.583631041414792,-1.2883035972994583,2.1748437404861187
51.0,255.0,132.62808227539062,0.5479393208626762,1.491512578734157,-4.040700792776991,-3.429984855905507,-0.5848207046333247,-0.542783257901575,0.370127098797437,3.5836336395795687,-1.2874801288957012,2.1758899770064857
51.0,255.0,132.62808227539062,0.5478779529403618,1.4915101047517092,-4.016563736223173,-3.429931259189822,-0.5853959079524219,-0.5427832579015086,0.3720227595107219,3.5836336395795687,-1.2874814237295416,2.174834069959463
51.0,255.0,132.62808227539062,0.5479371659054912,1.4915126739937374,-4.018641735686635,-3.429984982496617,-0.584232498697843,-0.5427832579015086,0.3698630959681335,3.5836336395795687,-1.2874539373312437,2.1750736287977723
51.0,255.0,132.62808227539062,0.5478751027957012,1.4915089918222544,-4.017770283732102,-3.43453688910242,-0.5854467428281206,-0.5427832578927154,0.353354811350459,3.583633584550882,-1.2874814327830302,2.1748304111604275
51.0,255.0,132.62808227539062,0.5479443307532503,1.4915089129393202,-4.020530599517375,-3.434557513050347,-0.5873265663083467,-0.542783257773751,0.3700575018888117,3.5836336377119413,-1.287454917965219,2.175238943496297
51.0,255.0,132.62808227539062,0.5478941344508481,1.4915097797880998,-4.018565007985094,-3.429984982496617,-0.5848787132213917,-0.5427832579015086,0.3698901070604473,3.5836336395795687,-1.2862456100693846,2.175915211709121
51.0,256.0,132.62808227539062,0.5478948821106959,1.4915126322271512,-4.018565007985094,-3.429984982496617,-0.5849024594135139,-0.5427832579015086,0.3701326336091446,3.5836336395795687,-1.287454054547188,2.1748392698901005
51.0,256.0,132.62808227539062,0.5478948821106959,1.4915126322271512,-4.018565007985094,-3.429984982496617,-0.5849024594135139,-0.5427832579015086,0.37059461730126,3.5836336395795687,-1.2874818471703546,2.1748392698901005
51.0,256.0,132.62808227539062,0.5478948821106959,1.4915125369362046,-4.018565007985094,-3.429984982496617,-0.585550776313577,-0.5279721935780763,0.3535768109007595,3.5836336395795687,-1.287454054547188,2.174267131087437
51.0,256.0,132.62808227539062,0.5479371659054912,1.49151008825493,-4.0168287821850335,-3.429984982496617,-0.5976865291217942,-0.5427832579015086,0.3698882394018333,3.5836336395795687,-1.2874808364368373,2.1750736287977723
51.0,256.0,132.62808227539062,0.5478783960350889,1.4915126322271512,-4.013231974046128,-3.429931259189822,-0.5853959079524219,-0.5427832579015086,0.3720227595107219,3.5836336395795687,-1.2874814237295416,2.1748392698901005
51.0,256.0,132.62808227539062,0.5478948821106959,1.4915126322271512,-4.018565007985094,-3.429984982496617,-0.5849038134755663,-0.5427832579015086,0.3530703330578133,3.5836336395795687,-1.2874818471703546,2.1748392698901005
51.0,256.0,132.62808227539062,0.5478948821106959,1.4915126322271512,-4.016336684172381,-3.434426143155825,-0.5849038134755663,-0.542783257782956,0.3530703330578133,3.583633585422957,-1.2873613426977333,2.1764212863434835
51.0,256.0,132.62808227539062,0.5478948821106959,1.4915126322271512,-4.018565007985094,-3.429984982496617,-0.5849024594135139,-0.5427832579015086,0.3701326336091446,3.5836336395795687,-1.287454054547188,2.1748392698901005
51.0,256.0,132.62808227539062,0.5478783960350889,1.4915126322271512,-4.013231974046128,-3.429931259189822,-0.5853959079524219,-0.5427832579015086,0.3720227595107219,3.5836336395795687,-1.2874814237295416,2.1748392698901005
51.0,256.0,132.62808227539062,0.5478948821106959,1.4915126322271512,-4.013322040356646,-3.4299823092542527,-0.5849024594135139,-0.5427832579015086,0.37059461730126,3.5836336395795687,-1.2874818471703546,2.1748392698901005
51.0,256.0,132.62808227539062,0.5479442460587678,1.49151008825493,-4.0168287821850335,-3.429984982496617,-0.5976865291217942,-0.5427832577767248,0.3698882394018333,3.5836336395795687,-1.2592496340822534,2.1759126645516123
51.0,256.0,132.62808227539062,0.547937616529104,1.49151008825493,-4.0168287821850335,-3.429984982496617,-0.5976865291217942,-0.5427832578991345,0.3698882394018333,3.5836336395795687,-1.2866427087170385,2.1759126645516123
51.0,256.0,132.62808227539062,0.5479371659054912,1.4915106906779072,-4.0168287821850335,-3.4349824467745527,-0.5955271495185809,-0.5427832579015086,0.3698882394018333,3.5703208031567057,-1.2854039180628944,2.1750736287977723
51.0,256.0,132.62808227539062,0.5478948821106959,1.4915126322271512,-4.018565007985094,-3.429984982496617,-0.5849038134755663,-0.5427832579015086,0.3530703330578133,3.5836336395795687,-1.2874818471703546,2.1748392698901005
51.0,256.0,132.62808227539062,0.5478948821106959,1.4915121369401692,-4.017412237295675,-3.429984982496617,-0.5860867837023092,-0.5279721935780763,0.3535768109007595,3.5836336395795687,-1.2873476441941856,2.174267131087437
51.0,256.0,132.62808227539062,0.5478779684829103,1.4915100582119574,-4.016556178241865,-3.429931259189822,-0.5853959079524219,-0.5427832579015086,0.3699401538168486,3.5836336395795687,-1.2874814237295416,2.1748339715722382
51.0,256.0,132.62808227539062,0.5478948821106959,1.491510115505245,-4.018565007985094,-3.429984982496617,-0.585550776313577,-0.5279721935780763,0.3532251727814096,3.5836336395795687,-1.287454054547188,2.174196968619919
51.0,256.0,132.62808227539062,0.5478783960350889,1.4915126322271512,-4.0115682631224345,-3.429931259189822,-0.5853959079524219,-0.5427832577720734,0.3720227595107219,3.5836336401050257,-1.2874814237295416,2.1748392698901005
51.0,256.0,132.62808227539062,0.5478777894201731,1.4915126322271512,-4.013098196013769,-3.4348979588315944,-0.5853959079524219,-0.5427832579015086,0.3720227595107219,3.5836336395795687,-1.2853275760651472,2.175045059501364
51.0,256.0,132.62808227539062,0.5478951812995236,1.4915126322271512,-4.018565007985094,-3.429984982496617,-0.5848787132213917,-0.5427832579015086,0.3701326336091446,3.5836336395795687,-1.2874537400465145,2.1748392698901005
51.0,256.0,132.62808227539062,0.5479371659054912,1.49151008825493,-4.0168287821850335,-3.429984982496617,-0.5976865291217942,-0.542783257787162,0.3672821324565222,3.5836336395795687,-1.2874808364368373,2.1750736287977723
51.0,256.0,132.62808227539062,0.5478948821106959,1.4915126322271512,-4.016336684172381,-3.434426143155825,-0.5849038134755663,-0.542783257782956,0.3530703330578133,3.583633585422957,-1.287482651840964,2.176455547875888
51.0,256.0,132.62808227539062,0.5479371659054912,1.4915106906779072,-4.01855497464395,-3.4349824467745527,-0.5955271495185809,-0.5427832579015086,0.3698627616320903,3.57050069664492,-1.2873897371495855,2.1750736287977723
51.0,256.0,132.62808227539062,0.5478948821106959,1.4915126322271512,-4.018565007985094,-3.429984982496617,-0.5849038134755663,-0.5417862759426133,0.3530854246187211,3.5836336395795687,-1.2874818471703546,2.1748678712457337
51.0,256.0,132.62808227539062,0.5478783960350889,1.4915126322271512,-4.0115682631224345,-3.429931259189822,-0.5853959079524219,-0.5427832577720734,0.3720227595107219,3.5836336401050257,-1.2874814237295416,2.1748392698901005
51.0,256.0,132.62808227539062,0.5478783960350889,1.4915126322271512,-4.013231974046128,-3.429931259189822,-0.5853959079524219,-0.5427832579015086,0.3720227595107219,3.5836336395795687,-1.2874814237295416,2.1748392698901005
51.0,256.0,132.62808227539062,0.5478950984988996,1.4915047339481498,-4.018565007985094,-3.429984982496617,-0.5834720788807439,-0.5427832579015086,0.37059461730126,3.5836336395795687,-1.2874818471703546,2.1748392698901005
51.0,256.0,132.62808227539062,0.5478951812995236,1.4915126322271512,-4.018565007985094,-3.429984982496617,-0.5848779094820971,-0.5427832579015086,0.3712595339174763,3.5836336395795687,-1.2874537400465145,2.1748392698901005
51.0,256.0,132.62808227539062,0.5478931777771237,1.4915101485711668,-4.0168287821850335,-3.429984982496617,-0.5977682839019836,-0.542783257901822,0.3698227181191845,3.5836336395795687,-1.2866427087170385,2.1748619574352266
51.0,256.0,132.62808227539062,0.5479449431421275,1.4915089129393202,-4.017770283732102,-3.43453688910242,-0.5854467428281206,-0.542783257773751,0.353354811350459,3.583633584550882,-1.287480815620589,2.17524651555813
51.0,256.0,132.62808227539062,0.5478951812995236,1.4915126322271512,-4.016838815526177,-3.429984982496617,-0.5848787132213917,-0.5427832579015086,0.3701581113788876,3.583453746091355,-1.285467920959823,2.1748392698901005
51.0,256.0,132.62808227539062,0.5478783960350889,1.4915126322271512,-4.013231974046128,-3.429931259189822,-0.5853959079524219,-0.5427832579015086,0.3720227595107219,3.5836336395795687,-1.2874814237295416,2.1748392698901005
51.0,256.0,132.62808227539062,0.5479383768927283,1.4915101155575186,-4.016829557674948,-3.429984982496617,-0.5850526222642735,-0.5279721935780763,0.3532251727814096,3.5836336395795687,-1.2874550421735926,2.17506624229969
51.0,256.0,132.62808227539062,0.5479438126126436,1.4915126322271512,-4.018565007985094,-3.429984982496617,-0.5975194006387133,-0.5427832579015086,0.3701326336091446,3.5836336395795687,-1.2883035972994583,2.1748392698901005
51.0,256.0,132.62808227539062,0.5478948821106959,1.4915126322271512,-4.018565007985094,-3.429984982496617,-0.5849046172148611,-0.5427832579015086,0.3519434327494816,3.5836336395795687,-1.2874818471703546,2.1748392698901005
51.0,256.0,132.62808227539062,0.5479393208626762,1.4915125719109144,-4.040700792776991,-3.4299823092542527,-0.5848207046333247,-0.5427832578988211,0.3706601385839088,3.5836336395795687,-1.2874818471703546,2.1758899770064857
51.0,256.0,132.62808227539062,0.547893240534502,1.4915101155575186,-4.016602115314464,-3.4299850385750648,-0.5850544538520193,-0.542868027407921,0.3532251727814096,3.5836336395795687,-1.2874776621229187,2.174816816413067
51.0,256.0,132.62808227539062,0.5479452929074433,1.491512940693981,-4.0168287821850335,-3.429984982496617,-0.5976865291217942,-0.5427832577767248,0.3701307659505306,3.5836336395795687,-1.2604577640593833,2.174836722732591
51.0,256.0,132.62808227539062,0.5478950265838155,1.491512770167609,-4.018565007985094,-3.429984982496617,-0.5855074512728781,-0.5427832579015086,0.3527487862190276,3.5836336395795687,-1.2874808635451835,2.1748406629564485
51.0,256.0,132.62808227539062,0.547878504885672,1.4915126322271512,-4.013215937589671,-3.429916541685906,-0.5853959079524219,-0.5427832579015086,0.3720227595107219,3.5836336347399445,-1.2874814237295416,2.1765074249396017
51.0,256.0,132.62808227539062,0.5478783960350889,1.4915126322271512,-4.018712072817035,-3.42998471476643,-0.5853852880407711,-0.5427955023696167,0.3720227595107219,3.5836336395795687,-1.2874814237295416,2.1748392698901005
51.0,256.0,132.62808227539062,0.5478779684829103,1.4915100582119574,-4.016556178241865,-3.429931259189822,-0.5853959079524219,-0.5427832579015086,0.3699401538168486,3.5836336395795687,-1.2874814237295416,2.1748339715722382
51.0,256.0,132.62808227539062,0.5478951812995236,1.4915126322271512,-4.018636021066609,-3.429984982496617,-0.5848779094820971,-0.5427832579015086,0.3712595339174763,3.5836336395795687,-1.2874791234900465,2.1748392698901005
51.0,256.0,132.62808227539062,0.5479438126126436,1.4915126322271512,-4.018565007985094,-3.429797029743666,-0.5975194006387133,-0.5427832579015086,0.3701326336091446,3.583631041414792,-1.2883035972994583,2.1748437404861187
51.0,256.0,132.62808227539062,0.5479393208626762,1.491512578734157,-4.040700792776991,-3.429984855905507,-0.5848207046333247,-0.542783257901575,0.370127098797437,3.5836336395795687,-1.2874801288957012,2.1758899770064857
51.0,256.0,132.62808227539062,0.5478779529403618,1.4915101047517092,-4.016563736223173,-3.429931259189822,-0.5853959079524219,-0.5427832579015086,0.3720227595107219,3.5836336395795687,-1.2874814237295416,2.174834069959463
51.0,256.0,132.62808227539062,0.5479371659054912,1.4915126739937374,-4.018641735686635,-3.429984982496617,-0.584232498697843,-0.5427832579015086,0.3698630959681335,3.5836336395795687,-1.2874539373312437,2.1750736287977723
51.0,256.0,132.62808227539062,0.5478751027957012,1.4915089918222544,-4.017770283732102,-3.43453688910242,-0.5854467428281206,-0.5427832578927154,0.353354811350459,3.583633584550882,-1.2874814327830302,2.1748304111604275
51.0,256.0,132.62808227539062,0.5479443307532503,1.4915089129393202,-4.020530599517375,-3.434557513050347,-0.5873265663083467,-0.542783257773751,0.3700575018888117,3.5836336377119413,-1.287454917965219,2.175238943496297
51.0,256.0,132.62808227539062,0.5478941344508481,1.4915097797880998,-4.018565007985094,-3.429984982496617,-0.5848787132213917,-0.5427832579015086,0.3698901070604473,3.5836336395795687,-1.2862456100693846,2.175915211709121
51.0,257.0,132.62808227539062,0.5478948821106959,1.4915126322271512,-4.018565007985094,-3.429984982496617,-0.5849024594135139,-0.5427832579015086,0.3701326336091446,3.5836336395795687,-1.287454054547188,2.1748392698901005
51.0,257.0,132.62808227539062,0.5478948821106959,1.4915126322271512,-4.018565007985094,-3.429984982496617,-0.5849024594135139,-0.5427832579015086,0.37059461730126,3.5836336395795687,-1.2874818471703546,2.1748392698901005
51.0,257.0,132.62808227539062,0.5478948821106959,1.4915125369362046,-4.018565007985094,-3.429984982496617,-0.585550776313577,-0.5279721935780763,0.3535768109007595,3.5836336395795687,-1.287454054547188,2.174267131087437
51.0,257.0,132.62808227539062,0.5479371659054912,1.49151008825493,-4.0168287821850335,-3.429984982496617,-0.5976865291217942,-0.5427832579015086,0.3698882394018333,3.5836336395795687,-1.2874808364368373,2.1750736287977723
51.0,257.0,132.62808227539062,0.5478783960350889,1.4915126322271512,-4.013231974046128,-3.429931259189822,-0.5853959079524219,-0.5427832579015086,0.3720227595107219,3.5836336395795687,-1.2874814237295416,2.1748392698901005
51.0,257.0,132.62808227539062,0.5478948821106959,1.4915126322271512,-4.018565007985094,-3.429984982496617,-0.5849038134755663,-0.5427832579015086,0.3530703330578133,3.5836336395795687,-1.2874818471703546,2.1748392698901005
51.0,257.0,132.62808227539062,0.5478948821106959,1.4915126322271512,-4.016336684172381,-3.434426143155825,-0.5849038134755663,-0.542783257782956,0.3530703330578133,3.583633585422957,-1.2873613426977333,2.1764212863434835
51.0,257.0,132.62808227539062,0.5478948821106959,1.4915126322271512,-4.018565007985094,-3.429984982496617,-0.5849024594135139,-0.5427832579015086,0.3701326336091446,3.5836336395795687,-1.287454054547188,2.1748392698901005
51.0,257.0,132.62808227539062,0.5478783960350889,1.4915126322271512,-4.013231974046128,-3.429931259189822,-0.5853959079524219,-0.5427832579015086,0.3720227595107219,3.5836336395795687,-1.2874814237295416,2.1748392698901005
51.0,257.0,132.62808227539062,0.5478948821106959,1.4915126322271512,-4.013322040356646,-3.4299823092542527,-0.5849024594135139,-0.5427832579015086,0.37059461730126,3.5836336395795687,-1.2874818471703546,2.1748392698901005
51.0,257.0,132.62808227539062,0.5479442460587678,1.49151008825493,-4.0168287821850335,-3.429984982496617,-0.5976865291217942,-0.5427832577767248,0.3698882394018333,3.5836336395795687,-1.2592496340822534,2.1759126645516123
51.0,257.0,132.62808227539062,0.547937616529104,1.49151008825493,-4.0168287821850335,-3.429984982496617,-0.5976865291217942,-0.5427832578991345,0.3698882394018333,3.5836336395795687,-1.2866427087170385,2.1759126645516123
51.0,257.0,132.62808227539062,0.5479371659054912,1.4915106906779072,-4.0168287821850335,-3.4349824467745527,-0.5955271495185809,-0.5427832579015086,0.3698882394018333,3.5703208031567057,-1.2854039180628944,2.1750736287977723
51.0,257.0,132.62808227539062,0.5478948821106959,1.4915126322271512,-4.018565007985094,-3.429984982496617,-0.5849038134755663,-0.5427832579015086,0.3530703330578133,3.5836336395795687,-1.2874818471703546,2.1748392698901005
51.0,257.0,132.62808227539062,0.5478948821106959,1.4915121369401692,-4.017412237295675,-3.429984982496617,-0.5860867837023092,-0.5279721935780763,0.3535768109007595,3.5836336395795687,-1.2873476441941856,2.174267131087437
51.0,257.0,132.62808227539062,0.5478779684829103,1.4915100582119574,-4.016556178241865,-3.429931259189822,-0.5853959079524219,-0.5427832579015086,0.3699401538168486,3.5836336395795687,-1.2874814237295416,2.1748339715722382
51.0,257.0,132.62808227539062,0.5478948821106959,1.491510115505245,-4.018565007985094,-3.429984982496617,-0.585550776313577,-0.5279721935780763,0.3532251727814096,3.5836336395795687,-1.287454054547188,2.174196968619919
51.0,257.0,132.62808227539062,0.5478783960350889,1.4915126322271512,-4.0115682631224345,-3.429931259189822,-0.5853959079524219,-0.5427832577720734,0.3720227595107219,3.5836336401050257,-1.2874814237295416,2.1748392698901005
51.0,257.0,132.62808227539062,0.5478777894201731,1.4915126322271512,-4.013098196013769,-3.4348979588315944,-0.5853959079524219,-0.5427832579015086,0.3720227595107219,3.5836336395795687,-1.2853275760651472,2.175045059501364
51.0,257.0,132.62808227539062,0.5478951812995236,1.4915126322271512,-4.018565007985094,-3.429984982496617,-0.5848787132213917,-0.5427832579015086,0.3701326336091446,3.5836336395795687,-1.2874537400465145,2.1748392698901005
51.0,257.0,132.62808227539062,0.5479371659054912,1.49151008825493,-4.0168287821850335,-3.429984982496617,-0.5976865291217942,-0.542783257787162,0.3672821324565222,3.5836336395795687,-1.2874808364368373,2.1750736287977723
51.0,257.0,132.62808227539062,0.5478948821106959,1.4915126322271512,-4.016336684172381,-3.434426143155825,-0.5849038134755663,-0.542783257782956,0.3530703330578133,3.583633585422957,-1.287482651840964,2.176455547875888
51.0,257.0,132.62808227539062,0.5479371659054912,1.4915106906779072,-4.01855497464395,-3.4349824467745527,-0.5955271495185809,-0.5427832579015086,0.3698627616320903,3.57050069664492,-1.2873897371495855,2.1750736287977723
51.0,257.0,132.62808227539062,0.5478948821106959,1.4915126322271512,-4.018565007985094,-3.429984982496617,-0.5849038134755663,-0.5417862759426133,0.3530854246187211,3.5836336395795687,-1.2874818471703546,2.1748678712457337
51.0,257.0,132.62808227539062,0.5478783960350889,1.4915126322271512,-4.0115682631224345,-3.429931259189822,-0.5853959079524219,-0.5427832577720734,0.3720227595107219,3.5836336401050257,-1.2874814237295416,2.1748392698901005
51.0,257.0,132.62808227539062,0.5478783960350889,1.4915126322271512,-4.013231974046128,-3.429931259189822,-0.5853959079524219,-0.5427832579015086,0.3720227595107219,3.5836336395795687,-1.2874814237295416,2.1748392698901005
51.0,257.0,132.62808227539062,0.5478950984988996,1.4915047339481498,-4.018565007985094,-3.429984982496617,-0.5834720788807439,-0.5427832579015086,0.37059461730126,3.5836336395795687,-1.2874818471703546,2.1748392698901005
51.0,257.0,132.62808227539062,0.5478951812995236,1.4915126322271512,-4.018565007985094,-3.429984982496617,-0.5848779094820971,-0.5427832579015086,0.3712595339174763,3.5836336395795687,-1.2874537400465145,2.1748392698901005
51.0,257.0,132.62808227539062,0.5478931777771237,1.4915101485711668,-4.0168287821850335,-3.429984982496617,-0.5977682839019836,-0.542783257901822,0.3698227181191845,3.5836336395795687,-1.2866427087170385,2.1748619574352266
51.0,257.0,132.62808227539062,0.5479449431421275,1.4915089129393202,-4.017770283732102,-3.43453688910242,-0.5854467428281206,-0.542783257773751,0.353354811350459,3.583633584550882,-1.287480815620589,2.17524651555813
51.0,257.0,132.62808227539062,0.5478951812995236,1.4915126322271512,-4.016838815526177,-3.429984982496617,-0.5848787132213917,-0.5427832579015086,0.3701581113788876,3.583453746091355,-1.285467920959823,2.1748392698901005
51.0,257.0,132.62808227539062,0.5478783960350889,1.4915126322271512,-4.013231974046128,-3.429931259189822,-0.5853959079524219,-0.5427832579015086,0.3720227595107219,3.5836336395795687,-1.2874814237295416,2.1748392698901005
51.0,257.0,132.62808227539062,0.5479383768927283,1.4915101155575186,-4.016829557674948,-3.429984982496617,-0.5850526222642735,-0.5279721935780763,0.3532251727814096,3.5836336395795687,-1.2874550421735926,2.17506624229969
51.0,257.0,132.62808227539062,0.5479438126126436,1.4915126322271512,-4.018565007985094,-3.429984982496617,-0.5975194006387133,-0.5427832579015086,0.3701326336091446,3.5836336395795687,-1.2883035972994583,2.1748392698901005
51.0,257.0,132.62808227539062,0.5478948821106959,1.4915126322271512,-4.018565007985094,-3.429984982496617,-0.5849046172148611,-0.5427832579015086,0.3519434327494816,3.5836336395795687,-1.2874818471703546,2.1748392698901005
51.0,257.0,132.62808227539062,0.5479393208626762,1.4915125719109144,-4.040700792776991,-3.4299823092542527,-0.5848207046333247,-0.5427832578988211,0.3706601385839088,3.5836336395795687,-1.2874818471703546,2.1758899770064857
51.0,257.0,132.62808227539062,0.547893240534502,1.4915101155575186,-4.016602115314464,-3.4299850385750648,-0.5850544538520193,-0.542868027407921,0.3532251727814096,3.5836336395795687,-1.2874776621229187,2.174816816413067
51.0,257.0,132.62808227539062,0.5479452929074433,1.491512940693981,-4.0168287821850335,-3.429984982496617,-0.5976865291217942,-0.5427832577767248,0.3701307659505306,3.5836336395795687,-1.2604577640593833,2.174836722732591
51.0,257.0,132.62808227539062,0.5478950265838155,1.491512770167609,-4.018565007985094,-3.429984982496617,-0.5855074512728781,-0.5427832579015086,0.3527487862190276,3.5836336395795687,-1.2874808635451835,2.1748406629564485
51.0,257.0,132.62808227539062,0.547878504885672,1.4915126322271512,-4.013215937589671,-3.429916541685906,-0.5853959079524219,-0.5427832579015086,0.3720227595107219,3.5836336347399445,-1.2874814237295416,2.1765074249396017
51.0,257.0,132.62808227539062,0.5478783960350889,1.4915126322271512,-4.018712072817035,-3.42998471476643,-0.5853852880407711,-0.5427955023696167,0.3720227595107219,3.5836336395795687,-1.2874814237295416,2.1748392698901005
51.0,257.0,132.62808227539062,0.5478779684829103,1.4915100582119574,-4.016556178241865,-3.429931259189822,-0.5853959079524219,-0.5427832579015086,0.3699401538168486,3.5836336395795687,-1.2874814237295416,2.1748339715722382
51.0,257.0,132.62808227539062,0.5478951812995236,1.4915126322271512,-4.018636021066609,-3.429984982496617,-0.5848779094820971,-0.5427832579015086,0.3712595339174763,3.5836336395795687,-1.2874791234900465,2.1748392698901005
51.0,257.0,132.62808227539062,0.5479438126126436,1.4915126322271512,-4.018565007985094,-3.429797029743666,-0.5975194006387133,-0.5427832579015086,0.3701326336091446,3.583631041414792,-1.2883035972994583,2.1748437404861187
51.0,257.0,132.62808227539062,0.5479393208626762,1.491512578734157,-4.040700792776991,-3.429984855905507,-0.5848207046333247,-0.542783257901575,0.370127098797437,3.5836336395795687,-1.2874801288957012,2.1758899770064857
51.0,257.0,132.62808227539062,0.5478779529403618,1.4915101047517092,-4.016563736223173,-3.429931259189822,-0.5853959079524219,-0.5427832579015086,0.3720227595107219,3.5836336395795687,-1.2874814237295416,2.174834069959463
51.0,257.0,132.62808227539062,0.5479371659054912,1.4915126739937374,-4.018641735686635,-3.429984982496617,-0.584232498697843,-0.5427832579015086,0.3698630959681335,3.5836336395795687,-1.2874539373312437,2.1750736287977723
51.0,257.0,132.62808227539062,0.5478751027957012,1.4915089918222544,-4.017770283732102,-3.43453688910242,-0.5854467428281206,-0.5427832578927154,0.353354811350459,3.583633584550882,-1.2874814327830302,2.1748304111604275
51.0,257.0,132.62808227539062,0.5479443307532503,1.4915089129393202,-4.020530599517375,-3.434557513050347,-0.5873265663083467,-0.542783257773751,0.3700575018888117,3.5836336377119413,-1.287454917965219,2.175238943496297
51.0,257.0,132.62808227539062,0.5478941344508481,1.4915097797880998,-4.018565007985094,-3.429984982496617,-0.5848787132213917,-0.5427832579015086,0.3698901070604473,3.5836336395795687,-1.2862456100693846,2.175915211709121
51.0,258.0,132.62808227539062,0.5478948821106959,1.4915126322271512,-4.018565007985094,-3.429984982496617,-0.5849024594135139,-0.5427832579015086,0.3701326336091446,3.5836336395795687,-1.287454054547188,2.1748392698901005
51.0,258.0,132.62808227539062,0.5478948821106959,1.4915126322271512,-4.018565007985094,-3.429984982496617,-0.5849024594135139,-0.5427832579015086,0.37059461730126,3.5836336395795687,-1.2874818471703546,2.1748392698901005
51.0,258.0,132.62808227539062,0.5478948821106959,1.4915125369362046,-4.018565007985094,-3.429984982496617,-0.585550776313577,-0.5279721935780763,0.3535768109007595,3.5836336395795687,-1.287454054547188,2.174267131087437
51.0,258.0,132.62808227539062,0.5479371659054912,1.49151008825493,-4.0168287821850335,-3.429984982496617,-0.5976865291217942,-0.5427832579015086,0.3698882394018333,3.5836336395795687,-1.2874808364368373,2.1750736287977723
51.0,258.0,132.62808227539062,0.5478783960350889,1.4915126322271512,-4.013231974046128,-3.429931259189822,-0.5853959079524219,-0.5427832579015086,0.3720227595107219,3.5836336395795687,-1.2874814237295416,2.1748392698901005
51.0,258.0,132.62808227539062,0.5478948821106959,1.4915126322271512,-4.018565007985094,-3.429984982496617,-0.5849038134755663,-0.5427832579015086,0.3530703330578133,3.5836336395795687,-1.2874818471703546,2.1748392698901005
51.0,258.0,132.62808227539062,0.5478948821106959,1.4915126322271512,-4.016336684172381,-3.434426143155825,-0.5849038134755663,-0.542783257782956,0.3530703330578133,3.583633585422957,-1.2873613426977333,2.1764212863434835
51.0,258.0,132.62808227539062,0.5478948821106959,1.4915126322271512,-4.018565007985094,-3.429984982496617,-0.5849024594135139,-0.5427832579015086,0.3701326336091446,3.5836336395795687,-1.287454054547188,2.1748392698901005
51.0,258.0,132.62808227539062,0.5478783960350889,1.4915126322271512,-4.013231974046128,-3.429931259189822,-0.5853959079524219,-0.5427832579015086,0.3720227595107219,3.5836336395795687,-1.2874814237295416,2.1748392698901005
51.0,258.0,132.62808227539062,0.5478948821106959,1.4915126322271512,-4.013322040356646,-3.4299823092542527,-0.5849024594135139,-0.5427832579015086,0.37059461730126,3.5836336395795687,-1.2874818471703546,2.1748392698901005
51.0,258.0,132.62808227539062,0.5479442460587678,1.49151008825493,-4.0168287821850335,-3.429984982496617,-0.5976865291217942,-0.5427832577767248,0.3698882394018333,3.5836336395795687,-1.2592496340822534,2.1759126645516123
51.0,258.0,132.62808227539062,0.547937616529104,1.49151008825493,-4.0168287821850335,-3.429984982496617,-0.5976865291217942,-0.5427832578991345,0.3698882394018333,3.5836336395795687,-1.2866427087170385,2.1759126645516123
51.0,258.0,132.62808227539062,0.5479371659054912,1.4915106906779072,-4.0168287821850335,-3.4349824467745527,-0.5955271495185809,-0.5427832579015086,0.3698882394018333,3.5703208031567057,-1.2854039180628944,2.1750736287977723
51.0,258.0,132.62808227539062,0.5478948821106959,1.4915126322271512,-4.018565007985094,-3.429984982496617,-0.5849038134755663,-0.5427832579015086,0.3530703330578133,3.5836336395795687,-1.2874818471703546,2.1748392698901005
51.0,258.0,132.62808227539062,0.5478948821106959,1.4915121369401692,-4.017412237295675,-3.429984982496617,-0.5860867837023092,-0.5279721935780763,0.3535768109007595,3.5836336395795687,-1.2873476441941856,2.174267131087437
51.0,258.0,132.62808227539062,0.5478779684829103,1.4915100582119574,-4.016556178241865,-3.429931259189822,-0.5853959079524219,-0.5427832579015086,0.3699401538168486,3.5836336395795687,-1.2874814237295416,2.1748339715722382
51.0,258.0,132.62808227539062,0.5478948821106959,1.491510115505245,-4.018565007985094,-3.429984982496617,-0.585550776313577,-0.5279721935780763,0.3532251727814096,3.5836336395795687,-1.287454054547188,2.174196968619919
51.0,258.0,132.62808227539062,0.5478783960350889,1.4915126322271512,-4.0115682631224345,-3.429931259189822,-0.5853959079524219,-0.5427832577720734,0.3720227595107219,3.5836336401050257,-1.2874814237295416,2.1748392698901005
51.0,258.0,132.62808227539062,0.5478777894201731,1.4915126322271512,-4.013098196013769,-3.4348979588315944,-0.5853959079524219,-0.5427832579015086,0.3720227595107219,3.5836336395795687,-1.2853275760651472,2.175045059501364
51.0,258.0,132.62808227539062,0.5478951812995236,1.4915126322271512,-4.018565007985094,-3.429984982496617,-0.5848787132213917,-0.5427832579015086,0.3701326336091446,3.5836336395795687,-1.2874537400465145,2.1748392698901005
51.0,258.0,132.62808227539062,0.5479371659054912,1.49151008825493,-4.0168287821850335,-3.429984982496617,-0.5976865291217942,-0.542783257787162,0.3672821324565222,3.5836336395795687,-1.2874808364368373,2.1750736287977723
51.0,258.0,132.62808227539062,0.5478948821106959,1.4915126322271512,-4.016336684172381,-3.434426143155825,-0.5849038134755663,-0.542783257782956,0.3530703330578133,3.583633585422957,-1.287482651840964,2.176455547875888
51.0,258.0,132.62808227539062,0.5479371659054912,1.4915106906779072,-4.01855497464395,-3.4349824467745527,-0.5955271495185809,-0.5427832579015086,0.3698627616320903,3.57050069664492,-1.2873897371495855,2.1750736287977723
51.0,258.0,132.62808227539062,0.5478948821106959,1.4915126322271512,-4.018565007985094,-3.429984982496617,-0.5849038134755663,-0.5417862759426133,0.3530854246187211,3.5836336395795687,-1.2874818471703546,2.1748678712457337
51.0,258.0,132.62808227539062,0.5478783960350889,1.4915126322271512,-4.0115682631224345,-3.429931259189822,-0.5853959079524219,-0.5427832577720734,0.3720227595107219,3.5836336401050257,-1.2874814237295416,2.1748392698901005
51.0,258.0,132.62808227539062,0.5478783960350889,1.4915126322271512,-4.013231974046128,-3.429931259189822,-0.5853959079524219,-0.5427832579015086,0.3720227595107219,3.5836336395795687,-1.2874814237295416,2.1748392698901005
51.0,258.0,132.62808227539062,0.5478950984988996,1.4915047339481498,-4.018565007985094,-3.429984982496617,-0.5834720788807439,-0.5427832579015086,0.37059461730126,3.5836336395795687,-1.2874818471703546,2.1748392698901005
51.0,258.0,132.62808227539062,0.5478951812995236,1.4915126322271512,-4.018565007985094,-3.429984982496617,-0.5848779094820971,-0.5427832579015086,0.3712595339174763,3.5836336395795687,-1.2874537400465145,2.1748392698901005
51.0,258.0,132.62808227539062,0.5478931777771237,1.4915101485711668,-4.0168287821850335,-3.429984982496617,-0.5977682839019836,-0.542783257901822,0.3698227181191845,3.5836336395795687,-1.2866427087170385,2.1748619574352266
51.0,258.0,132.62808227539062,0.5479449431421275,1.4915089129393202,-4.017770283732102,-3.43453688910242,-0.5854467428281206,-0.542783257773751,0.353354811350459,3.583633584550882,-1.287480815620589,2.17524651555813
51.0,258.0,132.62808227539062,0.5478951812995236,1.4915126322271512,-4.016838815526177,-3.429984982496617,-0.5848787132213917,-0.5427832579015086,0.3701581113788876,3.583453746091355,-1.285467920959823,2.1748392698901005
51.0,258.0,132.62808227539062,0.5478783960350889,1.4915126322271512,-4.013231974046128,-3.429931259189822,-0.5853959079524219,-0.5427832579015086,0.3720227595107219,3.5836336395795687,-1.2874814237295416,2.1748392698901005
51.0,258.0,132.62808227539062,0.5479383768927283,1.4915101155575186,-4.016829557674948,-3.429984982496617,-0.5850526222642735,-0.5279721935780763,0.3532251727814096,3.5836336395795687,-1.2874550421735926,2.17506624229969
51.0,258.0,132.62808227539062,0.5479438126126436,1.4915126322271512,-4.018565007985094,-3.429984982496617,-0.5975194006387133,-0.5427832579015086,0.3701326336091446,3.5836336395795687,-1.2883035972994583,2.1748392698901005
51.0,258.0,132.62808227539062,0.5478948821106959,1.4915126322271512,-4.018565007985094,-3.429984982496617,-0.5849046172148611,-0.5427832579015086,0.3519434327494816,3.5836336395795687,-1.2874818471703546,2.1748392698901005
51.0,258.0,132.62808227539062,0.5479393208626762,1.4915125719109144,-4.040700792776991,-3.4299823092542527,-0.5848207046333247,-0.5427832578988211,0.3706601385839088,3.5836336395795687,-1.2874818471703546,2.1758899770064857
51.0,258.0,132.62808227539062,0.547893240534502,1.4915101155575186,-4.016602115314464,-3.4299850385750648,-0.5850544538520193,-0.542868027407921,0.3532251727814096,3.5836336395795687,-1.2874776621229187,2.174816816413067
51.0,258.0,132.62808227539062,0.5479452929074433,1.491512940693981,-4.0168287821850335,-3.429984982496617,-0.5976865291217942,-0.5427832577767248,0.3701307659505306,3.5836336395795687,-1.2604577640593833,2.174836722732591
51.0,258.0,132.62808227539062,0.5478950265838155,1.491512770167609,-4.018565007985094,-3.429984982496617,-0.5855074512728781,-0.5427832579015086,0.3527487862190276,3.5836336395795687,-1.2874808635451835,2.1748406629564485
51.0,258.0,132.62808227539062,0.547878504885672,1.4915126322271512,-4.013215937589671,-3.429916541685906,-0.5853959079524219,-0.5427832579015086,0.3720227595107219,3.5836336347399445,-1.2874814237295416,2.1765074249396017
51.0,258.0,132.62808227539062,0.5478783960350889,1.4915126322271512,-4.018712072817035,-3.42998471476643,-0.5853852880407711,-0.5427955023696167,0.3720227595107219,3.5836336395795687,-1.2874814237295416,2.1748392698901005
51.0,258.0,132.62808227539062,0.5478779684829103,1.4915100582119574,-4.016556178241865,-3.429931259189822,-0.5853959079524219,-0.5427832579015086,0.3699401538168486,3.5836336395795687,-1.2874814237295416,2.1748339715722382
51.0,258.0,132.62808227539062,0.5478951812995236,1.4915126322271512,-4.018636021066609,-3.429984982496617,-0.5848779094820971,-0.5427832579015086,0.3712595339174763,3.5836336395795687,-1.2874791234900465,2.1748392698901005
51.0,258.0,132.62808227539062,0.5479438126126436,1.4915126322271512,-4.018565007985094,-3.429797029743666,-0.5975194006387133,-0.5427832579015086,0.3701326336091446,3.583631041414792,-1.2883035972994583,2.1748437404861187
51.0,258.0,132.62808227539062,0.5479393208626762,1.491512578734157,-4.040700792776991,-3.429984855905507,-0.5848207046333247,-0.542783257901575,0.370127098797437,3.5836336395795687,-1.2874801288957012,2.1758899770064857
51.0,258.0,132.62808227539062,0.5478779529403618,1.4915101047517092,-4.016563736223173,-3.429931259189822,-0.5853959079524219,-0.5427832579015086,0.3720227595107219,3.5836336395795687,-1.2874814237295416,2.174834069959463
51.0,258.0,132.62808227539062,0.5479371659054912,1.4915126739937374,-4.018641735686635,-3.429984982496617,-0.584232498697843,-0.5427832579015086,0.3698630959681335,3.5836336395795687,-1.2874539373312437,2.1750736287977723
51.0,258.0,132.62808227539062,0.5478751027957012,1.4915089918222544,-4.017770283732102,-3.43453688910242,-0.5854467428281206,-0.5427832578927154,0.353354811350459,3.583633584550882,-1.2874814327830302,2.1748304111604275
51.0,258.0,132.62808227539062,0.5479443307532503,1.4915089129393202,-4.020530599517375,-3.434557513050347,-0.5873265663083467,-0.542783257773751,0.3700575018888117,3.5836336377119413,-1.287454917965219,2.175238943496297
51.0,258.0,132.62808227539062,0.5478941344508481,1.4915097797880998,-4.018565007985094,-3.429984982496617,-0.5848787132213917,-0.5427832579015086,0.3698901070604473,3.5836336395795687,-1.2862456100693846,2.175915211709121
51.0,259.0,132.62808227539062,0.5478948821106959,1.4915126322271512,-4.018565007985094,-3.429984982496617,-0.5849024594135139,-0.5427832579015086,0.3701326336091446,3.5836336395795687,-1.287454054547188,2.1748392698901005
51.0,259.0,132.62808227539062,0.5478948821106959,1.4915126322271512,-4.018565007985094,-3.429984982496617,-0.5849024594135139,-0.5427832579015086,0.37059461730126,3.5836336395795687,-1.2874818471703546,2.1748392698901005
51.0,259.0,132.62808227539062,0.5478948821106959,1.4915125369362046,-4.018565007985094,-3.429984982496617,-0.585550776313577,-0.5279721935780763,0.3535768109007595,3.5836336395795687,-1.287454054547188,2.174267131087437
51.0,259.0,132.62808227539062,0.5479371659054912,1.49151008825493,-4.0168287821850335,-3.429984982496617,-0.5976865291217942,-0.5427832579015086,0.3698882394018333,3.5836336395795687,-1.2874808364368373,2.1750736287977723
51.0,259.0,132.62808227539062,0.5478783960350889,1.4915126322271512,-4.013231974046128,-3.429931259189822,-0.5853959079524219,-0.5427832579015086,0.3720227595107219,3.5836336395795687,-1.2874814237295416,2.1748392698901005
51.0,259.0,132.62808227539062,0.5478948821106959,1.4915126322271512,-4.018565007985094,-3.429984982496617,-0.5849038134755663,-0.5427832579015086,0.3530703330578133,3.5836336395795687,-1.2874818471703546,2.1748392698901005
51.0,259.0,132.62808227539062,0.5478948821106959,1.4915126322271512,-4.016336684172381,-3.434426143155825,-0.5849038134755663,-0.542783257782956,0.3530703330578133,3.583633585422957,-1.2873613426977333,2.1764212863434835
51.0,259.0,132.62808227539062,0.5478948821106959,1.4915126322271512,-4.018565007985094,-3.429984982496617,-0.5849024594135139,-0.5427832579015086,0.3701326336091446,3.5836336395795687,-1.287454054547188,2.1748392698901005
51.0,259.0,132.62808227539062,0.5478783960350889,1.4915126322271512,-4.013231974046128,-3.429931259189822,-0.5853959079524219,-0.5427832579015086,0.3720227595107219,3.5836336395795687,-1.2874814237295416,2.1748392698901005
51.0,259.0,132.62808227539062,0.5478948821106959,1.4915126322271512,-4.013322040356646,-3.4299823092542527,-0.5849024594135139,-0.5427832579015086,0.37059461730126,3.5836336395795687,-1.2874818471703546,2.1748392698901005
51.0,259.0,132.62808227539062,0.5479442460587678,1.49151008825493,-4.0168287821850335,-3.429984982496617,-0.5976865291217942,-0.5427832577767248,0.3698882394018333,3.5836336395795687,-1.2592496340822534,2.1759126645516123
51.0,259.0,132.62808227539062,0.547937616529104,1.49151008825493,-4.0168287821850335,-3.429984982496617,-0.5976865291217942,-0.5427832578991345,0.3698882394018333,3.5836336395795687,-1.2866427087170385,2.1759126645516123
51.0,259.0,132.62808227539062,0.5479371659054912,1.4915106906779072,-4.0168287821850335,-3.4349824467745527,-0.5955271495185809,-0.5427832579015086,0.3698882394018333,3.5703208031567057,-1.2854039180628944,2.1750736287977723
51.0,259.0,132.62808227539062,0.5478948821106959,1.4915126322271512,-4.018565007985094,-3.429984982496617,-0.5849038134755663,-0.5427832579015086,0.3530703330578133,3.5836336395795687,-1.2874818471703546,2.1748392698901005
51.0,259.0,132.62808227539062,0.5478948821106959,1.4915121369401692,-4.017412237295675,-3.429984982496617,-0.5860867837023092,-0.5279721935780763,0.3535768109007595,3.5836336395795687,-1.2873476441941856,2.174267131087437
51.0,259.0,132.62808227539062,0.5478779684829103,1.4915100582119574,-4.016556178241865,-3.429931259189822,-0.5853959079524219,-0.5427832579015086,0.3699401538168486,3.5836336395795687,-1.2874814237295416,2.1748339715722382
51.0,259.0,132.62808227539062,0.5478948821106959,1.491510115505245,-4.018565007985094,-3.429984982496617,-0.585550776313577,-0.5279721935780763,0.3532251727814096,3.5836336395795687,-1.287454054547188,2.174196968619919
51.0,259.0,132.62808227539062,0.5478783960350889,1.4915126322271512,-4.0115682631224345,-3.429931259189822,-0.5853959079524219,-0.5427832577720734,0.3720227595107219,3.5836336401050257,-1.2874814237295416,2.1748392698901005
51.0,259.0,132.62808227539062,0.5478777894201731,1.4915126322271512,-4.013098196013769,-3.4348979588315944,-0.5853959079524219,-0.5427832579015086,0.3720227595107219,3.5836336395795687,-1.2853275760651472,2.175045059501364
51.0,259.0,132.62808227539062,0.5478951812995236,1.4915126322271512,-4.018565007985094,-3.429984982496617,-0.5848787132213917,-0.5427832579015086,0.3701326336091446,3.5836336395795687,-1.2874537400465145,2.1748392698901005
51.0,259.0,132.62808227539062,0.5479371659054912,1.49151008825493,-4.0168287821850335,-3.429984982496617,-0.5976865291217942,-0.542783257787162,0.3672821324565222,3.5836336395795687,-1.2874808364368373,2.1750736287977723
51.0,259.0,132.62808227539062,0.5478948821106959,1.4915126322271512,-4.016336684172381,-3.434426143155825,-0.5849038134755663,-0.542783257782956,0.3530703330578133,3.583633585422957,-1.287482651840964,2.176455547875888
51.0,259.0,132.62808227539062,0.5479371659054912,1.4915106906779072,-4.01855497464395,-3.4349824467745527,-0.5955271495185809,-0.5427832579015086,0.3698627616320903,3.57050069664492,-1.2873897371495855,2.1750736287977723
51.0,259.0,132.62808227539062,0.5478948821106959,1.4915126322271512,-4.018565007985094,-3.429984982496617,-0.5849038134755663,-0.5417862759426133,0.3530854246187211,3.5836336395795687,-1.2874818471703546,2.1748678712457337
51.0,259.0,132.62808227539062,0.5478783960350889,1.4915126322271512,-4.0115682631224345,-3.429931259189822,-0.5853959079524219,-0.5427832577720734,0.3720227595107219,3.5836336401050257,-1.2874814237295416,2.1748392698901005
51.0,259.0,132.62808227539062,0.5478783960350889,1.4915126322271512,-4.013231974046128,-3.429931259189822,-0.5853959079524219,-0.5427832579015086,0.3720227595107219,3.5836336395795687,-1.2874814237295416,2.1748392698901005
51.0,259.0,132.62808227539062,0.5478950984988996,1.4915047339481498,-4.018565007985094,-3.429984982496617,-0.5834720788807439,-0.5427832579015086,0.37059461730126,3.5836336395795687,-1.2874818471703546,2.1748392698901005
51.0,259.0,132.62808227539062,0.5478951812995236,1.4915126322271512,-4.018565007985094,-3.429984982496617,-0.5848779094820971,-0.5427832579015086,0.3712595339174763,3.5836336395795687,-1.2874537400465145,2.1748392698901005
51.0,259.0,132.62808227539062,0.5478931777771237,1.4915101485711668,-4.0168287821850335,-3.429984982496617,-0.5977682839019836,-0.542783257901822,0.3698227181191845,3.5836336395795687,-1.2866427087170385,2.1748619574352266
51.0,259.0,132.62808227539062,0.5479449431421275,1.4915089129393202,-4.017770283732102,-3.43453688910242,-0.5854467428281206,-0.542783257773751,0.353354811350459,3.583633584550882,-1.287480815620589,2.17524651555813
51.0,259.0,132.62808227539062,0.5478951812995236,1.4915126322271512,-4.016838815526177,-3.429984982496617,-0.5848787132213917,-0.5427832579015086,0.3701581113788876,3.583453746091355,-1.285467920959823,2.1748392698901005
51.0,259.0,132.62808227539062,0.5478783960350889,1.4915126322271512,-4.013231974046128,-3.429931259189822,-0.5853959079524219,-0.5427832579015086,0.3720227595107219,3.5836336395795687,-1.2874814237295416,2.1748392698901005
51.0,259.0,132.62808227539062,0.5479383768927283,1.4915101155575186,-4.016829557674948,-3.429984982496617,-0.5850526222642735,-0.5279721935780763,0.3532251727814096,3.5836336395795687,-1.2874550421735926,2.17506624229969
51.0,259.0,132.62808227539062,0.5479438126126436,1.4915126322271512,-4.018565007985094,-3.429984982496617,-0.5975194006387133,-0.5427832579015086,0.3701326336091446,3.5836336395795687,-1.2883035972994583,2.1748392698901005
51.0,259.0,132.62808227539062,0.5478948821106959,1.4915126322271512,-4.018565007985094,-3.429984982496617,-0.5849046172148611,-0.5427832579015086,0.3519434327494816,3.5836336395795687,-1.2874818471703546,2.1748392698901005
51.0,259.0,132.62808227539062,0.5479393208626762,1.4915125719109144,-4.040700792776991,-3.4299823092542527,-0.5848207046333247,-0.5427832578988211,0.3706601385839088,3.5836336395795687,-1.2874818471703546,2.1758899770064857
51.0,259.0,132.62808227539062,0.547893240534502,1.4915101155575186,-4.016602115314464,-3.4299850385750648,-0.5850544538520193,-0.542868027407921,0.3532251727814096,3.5836336395795687,-1.2874776621229187,2.174816816413067
51.0,259.0,132.62808227539062,0.5479452929074433,1.491512940693981,-4.0168287821850335,-3.429984982496617,-0.5976865291217942,-0.5427832577767248,0.3701307659505306,3.5836336395795687,-1.2604577640593833,2.174836722732591
51.0,259.0,132.62808227539062,0.5478950265838155,1.491512770167609,-4.018565007985094,-3.429984982496617,-0.5855074512728781,-0.5427832579015086,0.3527487862190276,3.5836336395795687,-1.2874808635451835,2.1748406629564485
51.0,259.0,132.62808227539062,0.547878504885672,1.4915126322271512,-4.013215937589671,-3.429916541685906,-0.5853959079524219,-0.5427832579015086,0.3720227595107219,3.5836336347399445,-1.2874814237295416,2.1765074249396017
51.0,259.0,132.62808227539062,0.5478783960350889,1.4915126322271512,-4.018712072817035,-3.42998471476643,-0.5853852880407711,-0.5427955023696167,0.3720227595107219,3.5836336395795687,-1.2874814237295416,2.1748392698901005
51.0,259.0,132.62808227539062,0.5478779684829103,1.4915100582119574,-4.016556178241865,-3.429931259189822,-0.5853959079524219,-0.5427832579015086,0.3699401538168486,3.5836336395795687,-1.2874814237295416,2.1748339715722382
51.0,259.0,132.62808227539062,0.5478951812995236,1.4915126322271512,-4.018636021066609,-3.429984982496617,-0.5848779094820971,-0.5427832579015086,0.3712595339174763,3.5836336395795687,-1.2874791234900465,2.1748392698901005
51.0,259.0,132.62808227539062,0.5479438126126436,1.4915126322271512,-4.018565007985094,-3.429797029743666,-0.5975194006387133,-0.5427832579015086,0.3701326336091446,3.583631041414792,-1.2883035972994583,2.1748437404861187
51.0,259.0,132.62808227539062,0.5479393208626762,1.491512578734157,-4.040700792776991,-3.429984855905507,-0.5848207046333247,-0.542783257901575,0.370127098797437,3.5836336395795687,-1.2874801288957012,2.1758899770064857
51.0,259.0,132.62808227539062,0.5478779529403618,1.4915101047517092,-4.016563736223173,-3.429931259189822,-0.5853959079524219,-0.5427832579015086,0.3720227595107219,3.5836336395795687,-1.2874814237295416,2.174834069959463
51.0,259.0,132.62808227539062,0.5479371659054912,1.4915126739937374,-4.018641735686635,-3.429984982496617,-0.584232498697843,-0.5427832579015086,0.3698630959681335,3.5836336395795687,-1.2874539373312437,2.1750736287977723
51.0,259.0,132.62808227539062,0.5478751027957012,1.4915089918222544,-4.017770283732102,-3.43453688910242,-0.5854467428281206,-0.5427832578927154,0.353354811350459,3.583633584550882,-1.2874814327830302,2.1748304111604275
51.0,259.0,132.62808227539062,0.5479443307532503,1.4915089129393202,-4.020530599517375,-3.434557513050347,-0.5873265663083467,-0.542783257773751,0.3700575018888117,3.5836336377119413,-1.287454917965219,2.175238943496297
51.0,259.0,132.62808227539062,0.5478941344508481,1.4915097797880998,-4.018565007985094,-3.429984982496617,-0.5848787132213917,-0.5427832579015086,0.3698901070604473,3.5836336395795687,-1.2862456100693846,2.175915211709121
51.0,260.0,132.62808227539062,0.5478948821106959,1.4915126322271512,-4.018565007985094,-3.429984982496617,-0.5849024594135139,-0.5427832579015086,0.3701326336091446,3.5836336395795687,-1.287454054547188,2.1748392698901005
51.0,260.0,132.62808227539062,0.5478948821106959,1.4915126322271512,-4.018565007985094,-3.429984982496617,-0.5849024594135139,-0.5427832579015086,0.37059461730126,3.5836336395795687,-1.2874818471703546,2.1748392698901005
51.0,260.0,132.62808227539062,0.5478948821106959,1.4915125369362046,-4.018565007985094,-3.429984982496617,-0.585550776313577,-0.5279721935780763,0.3535768109007595,3.5836336395795687,-1.287454054547188,2.174267131087437
51.0,260.0,132.62808227539062,0.5479371659054912,1.49151008825493,-4.0168287821850335,-3.429984982496617,-0.5976865291217942,-0.5427832579015086,0.3698882394018333,3.5836336395795687,-1.2874808364368373,2.1750736287977723
51.0,260.0,132.62808227539062,0.5478783960350889,1.4915126322271512,-4.013231974046128,-3.429931259189822,-0.5853959079524219,-0.5427832579015086,0.3720227595107219,3.5836336395795687,-1.2874814237295416,2.1748392698901005
51.0,260.0,132.62808227539062,0.5478948821106959,1.4915126322271512,-4.018565007985094,-3.429984982496617,-0.5849038134755663,-0.5427832579015086,0.3530703330578133,3.5836336395795687,-1.2874818471703546,2.1748392698901005
51.0,260.0,132.62808227539062,0.5478948821106959,1.4915126322271512,-4.016336684172381,-3.434426143155825,-0.5849038134755663,-0.542783257782956,0.3530703330578133,3.583633585422957,-1.2873613426977333,2.1764212863434835
51.0,260.0,132.62808227539062,0.5478948821106959,1.4915126322271512,-4.018565007985094,-3.429984982496617,-0.5849024594135139,-0.5427832579015086,0.3701326336091446,3.5836336395795687,-1.287454054547188,2.1748392698901005
51.0,260.0,132.62808227539062,0.5478783960350889,1.4915126322271512,-4.013231974046128,-3.429931259189822,-0.5853959079524219,-0.5427832579015086,0.3720227595107219,3.5836336395795687,-1.2874814237295416,2.1748392698901005
51.0,260.0,132.62808227539062,0.5478948821106959,1.4915126322271512,-4.013322040356646,-3.4299823092542527,-0.5849024594135139,-0.5427832579015086,0.37059461730126,3.5836336395795687,-1.2874818471703546,2.1748392698901005
51.0,260.0,132.62808227539062,0.5479442460587678,1.49151008825493,-4.0168287821850335,-3.429984982496617,-0.5976865291217942,-0.5427832577767248,0.3698882394018333,3.5836336395795687,-1.2592496340822534,2.1759126645516123
51.0,260.0,132.62808227539062,0.547937616529104,1.49151008825493,-4.0168287821850335,-3.429984982496617,-0.5976865291217942,-0.5427832578991345,0.3698882394018333,3.5836336395795687,-1.2866427087170385,2.1759126645516123
51.0,260.0,132.62808227539062,0.5479371659054912,1.4915106906779072,-4.0168287821850335,-3.4349824467745527,-0.5955271495185809,-0.5427832579015086,0.3698882394018333,3.5703208031567057,-1.2854039180628944,2.1750736287977723
51.0,260.0,132.62808227539062,0.5478948821106959,1.4915126322271512,-4.018565007985094,-3.429984982496617,-0.5849038134755663,-0.5427832579015086,0.3530703330578133,3.5836336395795687,-1.2874818471703546,2.1748392698901005
51.0,260.0,132.62808227539062,0.5478948821106959,1.4915121369401692,-4.017412237295675,-3.429984982496617,-0.5860867837023092,-0.5279721935780763,0.3535768109007595,3.5836336395795687,-1.2873476441941856,2.174267131087437
51.0,260.0,132.62808227539062,0.5478779684829103,1.4915100582119574,-4.016556178241865,-3.429931259189822,-0.5853959079524219,-0.5427832579015086,0.3699401538168486,3.5836336395795687,-1.2874814237295416,2.1748339715722382
51.0,260.0,132.62808227539062,0.5478948821106959,1.491510115505245,-4.018565007985094,-3.429984982496617,-0.585550776313577,-0.5279721935780763,0.3532251727814096,3.5836336395795687,-1.287454054547188,2.174196968619919
51.0,260.0,132.62808227539062,0.5478783960350889,1.4915126322271512,-4.0115682631224345,-3.429931259189822,-0.5853959079524219,-0.5427832577720734,0.3720227595107219,3.5836336401050257,-1.2874814237295416,2.1748392698901005
51.0,260.0,132.62808227539062,0.5478777894201731,1.4915126322271512,-4.013098196013769,-3.4348979588315944,-0.5853959079524219,-0.5427832579015086,0.3720227595107219,3.5836336395795687,-1.2853275760651472,2.175045059501364
51.0,260.0,132.62808227539062,0.5478951812995236,1.4915126322271512,-4.018565007985094,-3.429984982496617,-0.5848787132213917,-0.5427832579015086,0.3701326336091446,3.5836336395795687,-1.2874537400465145,2.1748392698901005
51.0,260.0,132.62808227539062,0.5479371659054912,1.49151008825493,-4.0168287821850335,-3.429984982496617,-0.5976865291217942,-0.542783257787162,0.3672821324565222,3.5836336395795687,-1.2874808364368373,2.1750736287977723
51.0,260.0,132.62808227539062,0.5478948821106959,1.4915126322271512,-4.016336684172381,-3.434426143155825,-0.5849038134755663,-0.542783257782956,0.3530703330578133,3.583633585422957,-1.287482651840964,2.176455547875888
51.0,260.0,132.62808227539062,0.5479371659054912,1.4915106906779072,-4.01855497464395,-3.4349824467745527,-0.5955271495185809,-0.5427832579015086,0.3698627616320903,3.57050069664492,-1.2873897371495855,2.1750736287977723
51.0,260.0,132.62808227539062,0.5478948821106959,1.4915126322271512,-4.018565007985094,-3.429984982496617,-0.5849038134755663,-0.5417862759426133,0.3530854246187211,3.5836336395795687,-1.2874818471703546,2.1748678712457337
51.0,260.0,132.62808227539062,0.5478783960350889,1.4915126322271512,-4.0115682631224345,-3.429931259189822,-0.5853959079524219,-0.5427832577720734,0.3720227595107219,3.5836336401050257,-1.2874814237295416,2.1748392698901005
51.0,260.0,132.62808227539062,0.5478783960350889,1.4915126322271512,-4.013231974046128,-3.429931259189822,-0.5853959079524219,-0.5427832579015086,0.3720227595107219,3.5836336395795687,-1.2874814237295416,2.1748392698901005
51.0,260.0,132.62808227539062,0.5478950984988996,1.4915047339481498,-4.018565007985094,-3.429984982496617,-0.5834720788807439,-0.5427832579015086,0.37059461730126,3.5836336395795687,-1.2874818471703546,2.1748392698901005
51.0,260.0,132.62808227539062,0.5478951812995236,1.4915126322271512,-4.018565007985094,-3.429984982496617,-0.5848779094820971,-0.5427832579015086,0.3712595339174763,3.5836336395795687,-1.2874537400465145,2.1748392698901005
51.0,260.0,132.62808227539062,0.5478931777771237,1.4915101485711668,-4.0168287821850335,-3.429984982496617,-0.5977682839019836,-0.542783257901822,0.3698227181191845,3.5836336395795687,-1.2866427087170385,2.1748619574352266
51.0,260.0,132.62808227539062,0.5479449431421275,1.4915089129393202,-4.017770283732102,-3.43453688910242,-0.5854467428281206,-0.542783257773751,0.353354811350459,3.583633584550882,-1.287480815620589,2.17524651555813
51.0,260.0,132.62808227539062,0.5478951812995236,1.4915126322271512,-4.016838815526177,-3.429984982496617,-0.5848787132213917,-0.5427832579015086,0.3701581113788876,3.583453746091355,-1.285467920959823,2.1748392698901005
51.0,260.0,132.62808227539062,0.5478783960350889,1.4915126322271512,-4.013231974046128,-3.429931259189822,-0.5853959079524219,-0.5427832579015086,0.3720227595107219,3.5836336395795687,-1.2874814237295416,2.1748392698901005
51.0,260.0,132.62808227539062,0.5479383768927283,1.4915101155575186,-4.016829557674948,-3.429984982496617,-0.5850526222642735,-0.5279721935780763,0.3532251727814096,3.5836336395795687,-1.2874550421735926,2.17506624229969
51.0,260.0,132.62808227539062,0.5479438126126436,1.4915126322271512,-4.018565007985094,-3.429984982496617,-0.5975194006387133,-0.5427832579015086,0.3701326336091446,3.5836336395795687,-1.2883035972994583,2.1748392698901005
51.0,260.0,132.62808227539062,0.5478948821106959,1.4915126322271512,-4.018565007985094,-3.429984982496617,-0.5849046172148611,-0.5427832579015086,0.3519434327494816,3.5836336395795687,-1.2874818471703546,2.1748392698901005
51.0,260.0,132.62808227539062,0.5479393208626762,1.4915125719109144,-4.040700792776991,-3.4299823092542527,-0.5848207046333247,-0.5427832578988211,0.3706601385839088,3.5836336395795687,-1.2874818471703546,2.1758899770064857
51.0,260.0,132.62808227539062,0.547893240534502,1.4915101155575186,-4.016602115314464,-3.4299850385750648,-0.5850544538520193,-0.542868027407921,0.3532251727814096,3.5836336395795687,-1.2874776621229187,2.174816816413067
51.0,260.0,132.62808227539062,0.5479452929074433,1.491512940693981,-4.0168287821850335,-3.429984982496617,-0.5976865291217942,-0.5427832577767248,0.3701307659505306,3.5836336395795687,-1.2604577640593833,2.174836722732591
51.0,260.0,132.62808227539062,0.5478950265838155,1.491512770167609,-4.018565007985094,-3.429984982496617,-0.5855074512728781,-0.5427832579015086,0.3527487862190276,3.5836336395795687,-1.2874808635451835,2.1748406629564485
51.0,260.0,132.62808227539062,0.547878504885672,1.4915126322271512,-4.013215937589671,-3.429916541685906,-0.5853959079524219,-0.5427832579015086,0.3720227595107219,3.5836336347399445,-1.2874814237295416,2.1765074249396017
51.0,260.0,132.62808227539062,0.5478783960350889,1.4915126322271512,-4.018712072817035,-3.42998471476643,-0.5853852880407711,-0.5427955023696167,0.3720227595107219,3.5836336395795687,-1.2874814237295416,2.1748392698901005
51.0,260.0,132.62808227539062,0.5478779684829103,1.4915100582119574,-4.016556178241865,-3.429931259189822,-0.5853959079524219,-0.5427832579015086,0.3699401538168486,3.5836336395795687,-1.2874814237295416,2.1748339715722382
51.0,260.0,132.62808227539062,0.5478951812995236,1.4915126322271512,-4.018636021066609,-3.429984982496617,-0.5848779094820971,-0.5427832579015086,0.3712595339174763,3.5836336395795687,-1.2874791234900465,2.1748392698901005
51.0,260.0,132.62808227539062,0.5479438126126436,1.4915126322271512,-4.018565007985094,-3.429797029743666,-0.5975194006387133,-0.5427832579015086,0.3701326336091446,3.583631041414792,-1.2883035972994583,2.1748437404861187
51.0,260.0,132.62808227539062,0.5479393208626762,1.491512578734157,-4.040700792776991,-3.429984855905507,-0.5848207046333247,-0.542783257901575,0.370127098797437,3.5836336395795687,-1.2874801288957012,2.1758899770064857
51.0,260.0,132.62808227539062,0.5478779529403618,1.4915101047517092,-4.016563736223173,-3.429931259189822,-0.5853959079524219,-0.5427832579015086,0.3720227595107219,3.5836336395795687,-1.2874814237295416,2.174834069959463
51.0,260.0,132.62808227539062,0.5479371659054912,1.4915126739937374,-4.018641735686635,-3.429984982496617,-0.584232498697843,-0.5427832579015086,0.3698630959681335,3.5836336395795687,-1.2874539373312437,2.1750736287977723
51.0,260.0,132.62808227539062,0.5478751027957012,1.4915089918222544,-4.017770283732102,-3.43453688910242,-0.5854467428281206,-0.5427832578927154,0.353354811350459,3.583633584550882,-1.2874814327830302,2.1748304111604275
51.0,260.0,132.62808227539062,0.5479443307532503,1.4915089129393202,-4.020530599517375,-3.434557513050347,-0.5873265663083467,-0.542783257773751,0.3700575018888117,3.5836336377119413,-1.287454917965219,2.175238943496297
51.0,260.0,132.62808227539062,0.5478941344508481,1.4915097797880998,-4.018565007985094,-3.429984982496617,-0.5848787132213917,-0.5427832579015086,0.3698901070604473,3.5836336395795687,-1.2862456100693846,2.175915211709121
51.0,261.0,132.62808227539062,0.5478948821106959,1.4915126322271512,-4.018565007985094,-3.429984982496617,-0.5849024594135139,-0.5427832579015086,0.3701326336091446,3.5836336395795687,-1.287454054547188,2.1748392698901005
51.0,261.0,132.62808227539062,0.5478948821106959,1.4915126322271512,-4.018565007985094,-3.429984982496617,-0.5849024594135139,-0.5427832579015086,0.37059461730126,3.5836336395795687,-1.2874818471703546,2.1748392698901005
51.0,261.0,132.62808227539062,0.5478948821106959,1.4915125369362046,-4.018565007985094,-3.429984982496617,-0.585550776313577,-0.5279721935780763,0.3535768109007595,3.5836336395795687,-1.287454054547188,2.174267131087437
51.0,261.0,132.62808227539062,0.5479371659054912,1.49151008825493,-4.0168287821850335,-3.429984982496617,-0.5976865291217942,-0.5427832579015086,0.3698882394018333,3.5836336395795687,-1.2874808364368373,2.1750736287977723
51.0,261.0,132.62808227539062,0.5478783960350889,1.4915126322271512,-4.013231974046128,-3.429931259189822,-0.5853959079524219,-0.5427832579015086,0.3720227595107219,3.5836336395795687,-1.2874814237295416,2.1748392698901005
51.0,261.0,132.62808227539062,0.5478948821106959,1.4915126322271512,-4.018565007985094,-3.429984982496617,-0.5849038134755663,-0.5427832579015086,0.3530703330578133,3.5836336395795687,-1.2874818471703546,2.1748392698901005
51.0,261.0,132.62808227539062,0.5478948821106959,1.4915126322271512,-4.016336684172381,-3.434426143155825,-0.5849038134755663,-0.542783257782956,0.3530703330578133,3.583633585422957,-1.2873613426977333,2.1764212863434835
51.0,261.0,132.62808227539062,0.5478948821106959,1.4915126322271512,-4.018565007985094,-3.429984982496617,-0.5849024594135139,-0.5427832579015086,0.3701326336091446,3.5836336395795687,-1.287454054547188,2.1748392698901005
51.0,261.0,132.62808227539062,0.5478783960350889,1.4915126322271512,-4.013231974046128,-3.429931259189822,-0.5853959079524219,-0.5427832579015086,0.3720227595107219,3.5836336395795687,-1.2874814237295416,2.1748392698901005
51.0,261.0,132.62808227539062,0.5478948821106959,1.4915126322271512,-4.013322040356646,-3.4299823092542527,-0.5849024594135139,-0.5427832579015086,0.37059461730126,3.5836336395795687,-1.2874818471703546,2.1748392698901005
51.0,261.0,132.62808227539062,0.5479442460587678,1.49151008825493,-4.0168287821850335,-3.429984982496617,-0.5976865291217942,-0.5427832577767248,0.3698882394018333,3.5836336395795687,-1.2592496340822534,2.1759126645516123
51.0,261.0,132.62808227539062,0.547937616529104,1.49151008825493,-4.0168287821850335,-3.429984982496617,-0.5976865291217942,-0.5427832578991345,0.3698882394018333,3.5836336395795687,-1.2866427087170385,2.1759126645516123
51.0,261.0,132.62808227539062,0.5479371659054912,1.4915106906779072,-4.0168287821850335,-3.4349824467745527,-0.5955271495185809,-0.5427832579015086,0.3698882394018333,3.5703208031567057,-1.2854039180628944,2.1750736287977723
51.0,261.0,132.62808227539062,0.5478948821106959,1.4915126322271512,-4.018565007985094,-3.429984982496617,-0.5849038134755663,-0.5427832579015086,0.3530703330578133,3.5836336395795687,-1.2874818471703546,2.1748392698901005
51.0,261.0,132.62808227539062,0.5478948821106959,1.4915121369401692,-4.017412237295675,-3.429984982496617,-0.5860867837023092,-0.5279721935780763,0.3535768109007595,3.5836336395795687,-1.2873476441941856,2.174267131087437
51.0,261.0,132.62808227539062,0.5478779684829103,1.4915100582119574,-4.016556178241865,-3.429931259189822,-0.5853959079524219,-0.5427832579015086,0.3699401538168486,3.5836336395795687,-1.2874814237295416,2.1748339715722382
51.0,261.0,132.62808227539062,0.5478948821106959,1.491510115505245,-4.018565007985094,-3.429984982496617,-0.585550776313577,-0.5279721935780763,0.3532251727814096,3.5836336395795687,-1.287454054547188,2.174196968619919
51.0,261.0,132.62808227539062,0.5478783960350889,1.4915126322271512,-4.0115682631224345,-3.429931259189822,-0.5853959079524219,-0.5427832577720734,0.3720227595107219,3.5836336401050257,-1.2874814237295416,2.1748392698901005
51.0,261.0,132.62808227539062,0.5478777894201731,1.4915126322271512,-4.013098196013769,-3.4348979588315944,-0.5853959079524219,-0.5427832579015086,0.3720227595107219,3.5836336395795687,-1.2853275760651472,2.175045059501364
51.0,261.0,132.62808227539062,0.5478951812995236,1.4915126322271512,-4.018565007985094,-3.429984982496617,-0.5848787132213917,-0.5427832579015086,0.3701326336091446,3.5836336395795687,-1.2874537400465145,2.1748392698901005
51.0,261.0,132.62808227539062,0.5479371659054912,1.49151008825493,-4.0168287821850335,-3.429984982496617,-0.5976865291217942,-0.542783257787162,0.3672821324565222,3.5836336395795687,-1.2874808364368373,2.1750736287977723
51.0,261.0,132.62808227539062,0.5478948821106959,1.4915126322271512,-4.016336684172381,-3.434426143155825,-0.5849038134755663,-0.542783257782956,0.3530703330578133,3.583633585422957,-1.287482651840964,2.176455547875888
51.0,261.0,132.62808227539062,0.5479371659054912,1.4915106906779072,-4.01855497464395,-3.4349824467745527,-0.5955271495185809,-0.5427832579015086,0.3698627616320903,3.57050069664492,-1.2873897371495855,2.1750736287977723
51.0,261.0,132.62808227539062,0.5478948821106959,1.4915126322271512,-4.018565007985094,-3.429984982496617,-0.5849038134755663,-0.5417862759426133,0.3530854246187211,3.5836336395795687,-1.2874818471703546,2.1748678712457337
51.0,261.0,132.62808227539062,0.5478783960350889,1.4915126322271512,-4.0115682631224345,-3.429931259189822,-0.5853959079524219,-0.5427832577720734,0.3720227595107219,3.5836336401050257,-1.2874814237295416,2.1748392698901005
51.0,261.0,132.62808227539062,0.5478783960350889,1.4915126322271512,-4.013231974046128,-3.429931259189822,-0.5853959079524219,-0.5427832579015086,0.3720227595107219,3.5836336395795687,-1.2874814237295416,2.1748392698901005
51.0,261.0,132.62808227539062,0.5478950984988996,1.4915047339481498,-4.018565007985094,-3.429984982496617,-0.5834720788807439,-0.5427832579015086,0.37059461730126,3.5836336395795687,-1.2874818471703546,2.1748392698901005
51.0,261.0,132.62808227539062,0.5478951812995236,1.4915126322271512,-4.018565007985094,-3.429984982496617,-0.5848779094820971,-0.5427832579015086,0.3712595339174763,3.5836336395795687,-1.2874537400465145,2.1748392698901005
51.0,261.0,132.62808227539062,0.5478931777771237,1.4915101485711668,-4.0168287821850335,-3.429984982496617,-0.5977682839019836,-0.542783257901822,0.3698227181191845,3.5836336395795687,-1.2866427087170385,2.1748619574352266
51.0,261.0,132.62808227539062,0.5479449431421275,1.4915089129393202,-4.017770283732102,-3.43453688910242,-0.5854467428281206,-0.542783257773751,0.353354811350459,3.583633584550882,-1.287480815620589,2.17524651555813
51.0,261.0,132.62808227539062,0.5478951812995236,1.4915126322271512,-4.016838815526177,-3.429984982496617,-0.5848787132213917,-0.5427832579015086,0.3701581113788876,3.583453746091355,-1.285467920959823,2.1748392698901005
51.0,261.0,132.62808227539062,0.5478783960350889,1.4915126322271512,-4.013231974046128,-3.429931259189822,-0.5853959079524219,-0.5427832579015086,0.3720227595107219,3.5836336395795687,-1.2874814237295416,2.1748392698901005
51.0,261.0,132.62808227539062,0.5479383768927283,1.4915101155575186,-4.016829557674948,-3.429984982496617,-0.5850526222642735,-0.5279721935780763,0.3532251727814096,3.5836336395795687,-1.2874550421735926,2.17506624229969
51.0,261.0,132.62808227539062,0.5479438126126436,1.4915126322271512,-4.018565007985094,-3.429984982496617,-0.5975194006387133,-0.5427832579015086,0.3701326336091446,3.5836336395795687,-1.2883035972994583,2.1748392698901005
51.0,261.0,132.62808227539062,0.5478948821106959,1.4915126322271512,-4.018565007985094,-3.429984982496617,-0.5849046172148611,-0.5427832579015086,0.3519434327494816,3.5836336395795687,-1.2874818471703546,2.1748392698901005
51.0,261.0,132.62808227539062,0.5479393208626762,1.4915125719109144,-4.040700792776991,-3.4299823092542527,-0.5848207046333247,-0.5427832578988211,0.3706601385839088,3.5836336395795687,-1.2874818471703546,2.1758899770064857
51.0,261.0,132.62808227539062,0.547893240534502,1.4915101155575186,-4.016602115314464,-3.4299850385750648,-0.5850544538520193,-0.542868027407921,0.3532251727814096,3.5836336395795687,-1.2874776621229187,2.174816816413067
51.0,261.0,132.62808227539062,0.5479452929074433,1.491512940693981,-4.0168287821850335,-3.429984982496617,-0.5976865291217942,-0.5427832577767248,0.3701307659505306,3.5836336395795687,-1.2604577640593833,2.174836722732591
51.0,261.0,132.62808227539062,0.5478950265838155,1.491512770167609,-4.018565007985094,-3.429984982496617,-0.5855074512728781,-0.5427832579015086,0.3527487862190276,3.5836336395795687,-1.2874808635451835,2.1748406629564485
51.0,261.0,132.62808227539062,0.547878504885672,1.4915126322271512,-4.013215937589671,-3.429916541685906,-0.5853959079524219,-0.5427832579015086,0.3720227595107219,3.5836336347399445,-1.2874814237295416,2.1765074249396017
51.0,261.0,132.62808227539062,0.5478783960350889,1.4915126322271512,-4.018712072817035,-3.42998471476643,-0.5853852880407711,-0.5427955023696167,0.3720227595107219,3.5836336395795687,-1.2874814237295416,2.1748392698901005
51.0,261.0,132.62808227539062,0.5478779684829103,1.4915100582119574,-4.016556178241865,-3.429931259189822,-0.5853959079524219,-0.5427832579015086,0.3699401538168486,3.5836336395795687,-1.2874814237295416,2.1748339715722382
51.0,261.0,132.62808227539062,0.5478951812995236,1.4915126322271512,-4.018636021066609,-3.429984982496617,-0.5848779094820971,-0.5427832579015086,0.3712595339174763,3.5836336395795687,-1.2874791234900465,2.1748392698901005
51.0,261.0,132.62808227539062,0.5479438126126436,1.4915126322271512,-4.018565007985094,-3.429797029743666,-0.5975194006387133,-0.5427832579015086,0.3701326336091446,3.583631041414792,-1.2883035972994583,2.1748437404861187
51.0,261.0,132.62808227539062,0.5479393208626762,1.491512578734157,-4.040700792776991,-3.429984855905507,-0.5848207046333247,-0.542783257901575,0.370127098797437,3.5836336395795687,-1.2874801288957012,2.1758899770064857
51.0,261.0,132.62808227539062,0.5478779529403618,1.4915101047517092,-4.016563736223173,-3.429931259189822,-0.5853959079524219,-0.5427832579015086,0.3720227595107219,3.5836336395795687,-1.2874814237295416,2.174834069959463
51.0,261.0,132.62808227539062,0.5479371659054912,1.4915126739937374,-4.018641735686635,-3.429984982496617,-0.584232498697843,-0.5427832579015086,0.3698630959681335,3.5836336395795687,-1.2874539373312437,2.1750736287977723
51.0,261.0,132.62808227539062,0.5478751027957012,1.4915089918222544,-4.017770283732102,-3.43453688910242,-0.5854467428281206,-0.5427832578927154,0.353354811350459,3.583633584550882,-1.2874814327830302,2.1748304111604275
51.0,261.0,132.62808227539062,0.5479443307532503,1.4915089129393202,-4.020530599517375,-3.434557513050347,-0.5873265663083467,-0.542783257773751,0.3700575018888117,3.5836336377119413,-1.287454917965219,2.175238943496297
51.0,261.0,132.62808227539062,0.5478941344508481,1.4915097797880998,-4.018565007985094,-3.429984982496617,-0.5848787132213917,-0.5427832579015086,0.3698901070604473,3.5836336395795687,-1.2862456100693846,2.175915211709121
51.0,262.0,132.62808227539062,0.5478948821106959,1.4915126322271512,-4.018565007985094,-3.429984982496617,-0.5849024594135139,-0.5427832579015086,0.3701326336091446,3.5836336395795687,-1.287454054547188,2.1748392698901005
51.0,262.0,132.62808227539062,0.5478948821106959,1.4915126322271512,-4.018565007985094,-3.429984982496617,-0.5849024594135139,-0.5427832579015086,0.37059461730126,3.5836336395795687,-1.2874818471703546,2.1748392698901005
51.0,262.0,132.62808227539062,0.5478948821106959,1.4915125369362046,-4.018565007985094,-3.429984982496617,-0.585550776313577,-0.5279721935780763,0.3535768109007595,3.5836336395795687,-1.287454054547188,2.174267131087437
51.0,262.0,132.62808227539062,0.5479371659054912,1.49151008825493,-4.0168287821850335,-3.429984982496617,-0.5976865291217942,-0.5427832579015086,0.3698882394018333,3.5836336395795687,-1.2874808364368373,2.1750736287977723
51.0,262.0,132.62808227539062,0.5478783960350889,1.4915126322271512,-4.013231974046128,-3.429931259189822,-0.5853959079524219,-0.5427832579015086,0.3720227595107219,3.5836336395795687,-1.2874814237295416,2.1748392698901005
51.0,262.0,132.62808227539062,0.5478948821106959,1.4915126322271512,-4.018565007985094,-3.429984982496617,-0.5849038134755663,-0.5427832579015086,0.3530703330578133,3.5836336395795687,-1.2874818471703546,2.1748392698901005
51.0,262.0,132.62808227539062,0.5478948821106959,1.4915126322271512,-4.016336684172381,-3.434426143155825,-0.5849038134755663,-0.542783257782956,0.3530703330578133,3.583633585422957,-1.2873613426977333,2.1764212863434835
51.0,262.0,132.62808227539062,0.5478948821106959,1.4915126322271512,-4.018565007985094,-3.429984982496617,-0.5849024594135139,-0.5427832579015086,0.3701326336091446,3.5836336395795687,-1.287454054547188,2.1748392698901005
51.0,262.0,132.62808227539062,0.5478783960350889,1.4915126322271512,-4.013231974046128,-3.429931259189822,-0.5853959079524219,-0.5427832579015086,0.3720227595107219,3.5836336395795687,-1.2874814237295416,2.1748392698901005
51.0,262.0,132.62808227539062,0.5478948821106959,1.4915126322271512,-4.013322040356646,-3.4299823092542527,-0.5849024594135139,-0.5427832579015086,0.37059461730126,3.5836336395795687,-1.2874818471703546,2.1748392698901005
51.0,262.0,132.62808227539062,0.5479442460587678,1.49151008825493,-4.0168287821850335,-3.429984982496617,-0.5976865291217942,-0.5427832577767248,0.3698882394018333,3.5836336395795687,-1.2592496340822534,2.1759126645516123
51.0,262.0,132.62808227539062,0.547937616529104,1.49151008825493,-4.0168287821850335,-3.429984982496617,-0.5976865291217942,-0.5427832578991345,0.3698882394018333,3.5836336395795687,-1.2866427087170385,2.1759126645516123
51.0,262.0,132.62808227539062,0.5479371659054912,1.4915106906779072,-4.0168287821850335,-3.4349824467745527,-0.5955271495185809,-0.5427832579015086,0.3698882394018333,3.5703208031567057,-1.2854039180628944,2.1750736287977723
51.0,262.0,132.62808227539062,0.5478948821106959,1.4915126322271512,-4.018565007985094,-3.429984982496617,-0.5849038134755663,-0.5427832579015086,0.3530703330578133,3.5836336395795687,-1.2874818471703546,2.1748392698901005
51.0,262.0,132.62808227539062,0.5478948821106959,1.4915121369401692,-4.017412237295675,-3.429984982496617,-0.5860867837023092,-0.5279721935780763,0.3535768109007595,3.5836336395795687,-1.2873476441941856,2.174267131087437
51.0,262.0,132.62808227539062,0.5478779684829103,1.4915100582119574,-4.016556178241865,-3.429931259189822,-0.5853959079524219,-0.5427832579015086,0.3699401538168486,3.5836336395795687,-1.2874814237295416,2.1748339715722382
51.0,262.0,132.62808227539062,0.5478948821106959,1.491510115505245,-4.018565007985094,-3.429984982496617,-0.585550776313577,-0.5279721935780763,0.3532251727814096,3.5836336395795687,-1.287454054547188,2.174196968619919
51.0,262.0,132.62808227539062,0.5478783960350889,1.4915126322271512,-4.0115682631224345,-3.429931259189822,-0.5853959079524219,-0.5427832577720734,0.3720227595107219,3.5836336401050257,-1.2874814237295416,2.1748392698901005
51.0,262.0,132.62808227539062,0.5478777894201731,1.4915126322271512,-4.013098196013769,-3.4348979588315944,-0.5853959079524219,-0.5427832579015086,0.3720227595107219,3.5836336395795687,-1.2853275760651472,2.175045059501364
51.0,262.0,132.62808227539062,0.5478951812995236,1.4915126322271512,-4.018565007985094,-3.429984982496617,-0.5848787132213917,-0.5427832579015086,0.3701326336091446,3.5836336395795687,-1.2874537400465145,2.1748392698901005
51.0,262.0,132.62808227539062,0.5479371659054912,1.49151008825493,-4.0168287821850335,-3.429984982496617,-0.5976865291217942,-0.542783257787162,0.3672821324565222,3.5836336395795687,-1.2874808364368373,2.1750736287977723
51.0,262.0,132.62808227539062,0.5478948821106959,1.4915126322271512,-4.016336684172381,-3.434426143155825,-0.5849038134755663,-0.542783257782956,0.3530703330578133,3.583633585422957,-1.287482651840964,2.176455547875888
51.0,262.0,132.62808227539062,0.5479371659054912,1.4915106906779072,-4.01855497464395,-3.4349824467745527,-0.5955271495185809,-0.5427832579015086,0.3698627616320903,3.57050069664492,-1.2873897371495855,2.1750736287977723
51.0,262.0,132.62808227539062,0.5478948821106959,1.4915126322271512,-4.018565007985094,-3.429984982496617,-0.5849038134755663,-0.5417862759426133,0.3530854246187211,3.5836336395795687,-1.2874818471703546,2.1748678712457337
51.0,262.0,132.62808227539062,0.5478783960350889,1.4915126322271512,-4.0115682631224345,-3.429931259189822,-0.5853959079524219,-0.5427832577720734,0.3720227595107219,3.5836336401050257,-1.2874814237295416,2.1748392698901005
51.0,262.0,132.62808227539062,0.5478783960350889,1.4915126322271512,-4.013231974046128,-3.429931259189822,-0.5853959079524219,-0.5427832579015086,0.3720227595107219,3.5836336395795687,-1.2874814237295416,2.1748392698901005
51.0,262.0,132.62808227539062,0.5478950984988996,1.4915047339481498,-4.018565007985094,-3.429984982496617,-0.5834720788807439,-0.5427832579015086,0.37059461730126,3.5836336395795687,-1.2874818471703546,2.1748392698901005
51.0,262.0,132.62808227539062,0.5478951812995236,1.4915126322271512,-4.018565007985094,-3.429984982496617,-0.5848779094820971,-0.5427832579015086,0.3712595339174763,3.5836336395795687,-1.2874537400465145,2.1748392698901005
51.0,262.0,132.62808227539062,0.5478931777771237,1.4915101485711668,-4.0168287821850335,-3.429984982496617,-0.5977682839019836,-0.542783257901822,0.3698227181191845,3.5836336395795687,-1.2866427087170385,2.1748619574352266
51.0,262.0,132.62808227539062,0.5479449431421275,1.4915089129393202,-4.017770283732102,-3.43453688910242,-0.5854467428281206,-0.542783257773751,0.353354811350459,3.583633584550882,-1.287480815620589,2.17524651555813
51.0,262.0,132.62808227539062,0.5478951812995236,1.4915126322271512,-4.016838815526177,-3.429984982496617,-0.5848787132213917,-0.5427832579015086,0.3701581113788876,3.583453746091355,-1.285467920959823,2.1748392698901005
51.0,262.0,132.62808227539062,0.5478783960350889,1.4915126322271512,-4.013231974046128,-3.429931259189822,-0.5853959079524219,-0.5427832579015086,0.3720227595107219,3.5836336395795687,-1.2874814237295416,2.1748392698901005
51.0,262.0,132.62808227539062,0.5479383768927283,1.4915101155575186,-4.016829557674948,-3.429984982496617,-0.5850526222642735,-0.5279721935780763,0.3532251727814096,3.5836336395795687,-1.2874550421735926,2.17506624229969
51.0,262.0,132.62808227539062,0.5479438126126436,1.4915126322271512,-4.018565007985094,-3.429984982496617,-0.5975194006387133,-0.5427832579015086,0.3701326336091446,3.5836336395795687,-1.2883035972994583,2.1748392698901005
51.0,262.0,132.62808227539062,0.5478948821106959,1.4915126322271512,-4.018565007985094,-3.429984982496617,-0.5849046172148611,-0.5427832579015086,0.3519434327494816,3.5836336395795687,-1.2874818471703546,2.1748392698901005
51.0,262.0,132.62808227539062,0.5479393208626762,1.4915125719109144,-4.040700792776991,-3.4299823092542527,-0.5848207046333247,-0.5427832578988211,0.3706601385839088,3.5836336395795687,-1.2874818471703546,2.1758899770064857
51.0,262.0,132.62808227539062,0.547893240534502,1.4915101155575186,-4.016602115314464,-3.4299850385750648,-0.5850544538520193,-0.542868027407921,0.3532251727814096,3.5836336395795687,-1.2874776621229187,2.174816816413067
51.0,262.0,132.62808227539062,0.5479452929074433,1.491512940693981,-4.0168287821850335,-3.429984982496617,-0.5976865291217942,-0.5427832577767248,0.3701307659505306,3.5836336395795687,-1.2604577640593833,2.174836722732591
51.0,262.0,132.62808227539062,0.5478950265838155,1.491512770167609,-4.018565007985094,-3.429984982496617,-0.5855074512728781,-0.5427832579015086,0.3527487862190276,3.5836336395795687,-1.2874808635451835,2.1748406629564485
51.0,262.0,132.62808227539062,0.547878504885672,1.4915126322271512,-4.013215937589671,-3.429916541685906,-0.5853959079524219,-0.5427832579015086,0.3720227595107219,3.5836336347399445,-1.2874814237295416,2.1765074249396017
51.0,262.0,132.62808227539062,0.5478783960350889,1.4915126322271512,-4.018712072817035,-3.42998471476643,-0.5853852880407711,-0.5427955023696167,0.3720227595107219,3.5836336395795687,-1.2874814237295416,2.1748392698901005
51.0,262.0,132.62808227539062,0.5478779684829103,1.4915100582119574,-4.016556178241865,-3.429931259189822,-0.5853959079524219,-0.5427832579015086,0.3699401538168486,3.5836336395795687,-1.2874814237295416,2.1748339715722382
51.0,262.0,132.62808227539062,0.5478951812995236,1.4915126322271512,-4.018636021066609,-3.429984982496617,-0.5848779094820971,-0.5427832579015086,0.3712595339174763,3.5836336395795687,-1.2874791234900465,2.1748392698901005
51.0,262.0,132.62808227539062,0.5479438126126436,1.4915126322271512,-4.018565007985094,-3.429797029743666,-0.5975194006387133,-0.5427832579015086,0.3701326336091446,3.583631041414792,-1.2883035972994583,2.1748437404861187
51.0,262.0,132.62808227539062,0.5479393208626762,1.491512578734157,-4.040700792776991,-3.429984855905507,-0.5848207046333247,-0.542783257901575,0.370127098797437,3.5836336395795687,-1.2874801288957012,2.1758899770064857
51.0,262.0,132.62808227539062,0.5478779529403618,1.4915101047517092,-4.016563736223173,-3.429931259189822,-0.5853959079524219,-0.5427832579015086,0.3720227595107219,3.5836336395795687,-1.2874814237295416,2.174834069959463
51.0,262.0,132.62808227539062,0.5479371659054912,1.4915126739937374,-4.018641735686635,-3.429984982496617,-0.584232498697843,-0.5427832579015086,0.3698630959681335,3.5836336395795687,-1.2874539373312437,2.1750736287977723
51.0,262.0,132.62808227539062,0.5478751027957012,1.4915089918222544,-4.017770283732102,-3.43453688910242,-0.5854467428281206,-0.5427832578927154,0.353354811350459,3.583633584550882,-1.2874814327830302,2.1748304111604275
51.0,262.0,132.62808227539062,0.5479443307532503,1.4915089129393202,-4.020530599517375,-3.434557513050347,-0.5873265663083467,-0.542783257773751,0.3700575018888117,3.5836336377119413,-1.287454917965219,2.175238943496297
51.0,262.0,132.62808227539062,0.5478941344508481,1.4915097797880998,-4.018565007985094,-3.429984982496617,-0.5848787132213917,-0.5427832579015086,0.3698901070604473,3.5836336395795687,-1.2862456100693846,2.175915211709121
51.0,263.0,132.62808227539062,0.5478948821106959,1.4915126322271512,-4.018565007985094,-3.429984982496617,-0.5849024594135139,-0.5427832579015086,0.3701326336091446,3.5836336395795687,-1.287454054547188,2.1748392698901005
51.0,263.0,132.62808227539062,0.5478948821106959,1.4915126322271512,-4.018565007985094,-3.429984982496617,-0.5849024594135139,-0.5427832579015086,0.37059461730126,3.5836336395795687,-1.2874818471703546,2.1748392698901005
51.0,263.0,132.62808227539062,0.5478948821106959,1.4915125369362046,-4.018565007985094,-3.429984982496617,-0.585550776313577,-0.5279721935780763,0.3535768109007595,3.5836336395795687,-1.287454054547188,2.174267131087437
51.0,263.0,132.62808227539062,0.5479371659054912,1.49151008825493,-4.0168287821850335,-3.429984982496617,-0.5976865291217942,-0.5427832579015086,0.3698882394018333,3.5836336395795687,-1.2874808364368373,2.1750736287977723
51.0,263.0,132.62808227539062,0.5478783960350889,1.4915126322271512,-4.013231974046128,-3.429931259189822,-0.5853959079524219,-0.5427832579015086,0.3720227595107219,3.5836336395795687,-1.2874814237295416,2.1748392698901005
51.0,263.0,132.62808227539062,0.5478948821106959,1.4915126322271512,-4.018565007985094,-3.429984982496617,-0.5849038134755663,-0.5427832579015086,0.3530703330578133,3.5836336395795687,-1.2874818471703546,2.1748392698901005
51.0,263.0,132.62808227539062,0.5478948821106959,1.4915126322271512,-4.016336684172381,-3.434426143155825,-0.5849038134755663,-0.542783257782956,0.3530703330578133,3.583633585422957,-1.2873613426977333,2.1764212863434835
51.0,263.0,132.62808227539062,0.5478948821106959,1.4915126322271512,-4.018565007985094,-3.429984982496617,-0.5849024594135139,-0.5427832579015086,0.3701326336091446,3.5836336395795687,-1.287454054547188,2.1748392698901005
51.0,263.0,132.62808227539062,0.5478783960350889,1.4915126322271512,-4.013231974046128,-3.429931259189822,-0.5853959079524219,-0.5427832579015086,0.3720227595107219,3.5836336395795687,-1.2874814237295416,2.1748392698901005
51.0,263.0,132.62808227539062,0.5478948821106959,1.4915126322271512,-4.013322040356646,-3.4299823092542527,-0.5849024594135139,-0.5427832579015086,0.37059461730126,3.5836336395795687,-1.2874818471703546,2.1748392698901005
51.0,263.0,132.62808227539062,0.5479442460587678,1.49151008825493,-4.0168287821850335,-3.429984982496617,-0.5976865291217942,-0.5427832577767248,0.3698882394018333,3.5836336395795687,-1.2592496340822534,2.1759126645516123
51.0,263.0,132.62808227539062,0.547937616529104,1.49151008825493,-4.0168287821850335,-3.429984982496617,-0.5976865291217942,-0.5427832578991345,0.3698882394018333,3.5836336395795687,-1.2866427087170385,2.1759126645516123
51.0,263.0,132.62808227539062,0.5479371659054912,1.4915106906779072,-4.0168287821850335,-3.4349824467745527,-0.5955271495185809,-0.5427832579015086,0.3698882394018333,3.5703208031567057,-1.2854039180628944,2.1750736287977723
51.0,263.0,132.62808227539062,0.5478948821106959,1.4915126322271512,-4.018565007985094,-3.429984982496617,-0.5849038134755663,-0.5427832579015086,0.3530703330578133,3.5836336395795687,-1.2874818471703546,2.1748392698901005
51.0,263.0,132.62808227539062,0.5478948821106959,1.4915121369401692,-4.017412237295675,-3.429984982496617,-0.5860867837023092,-0.5279721935780763,0.3535768109007595,3.5836336395795687,-1.2873476441941856,2.174267131087437
51.0,263.0,132.62808227539062,0.5478779684829103,1.4915100582119574,-4.016556178241865,-3.429931259189822,-0.5853959079524219,-0.5427832579015086,0.3699401538168486,3.5836336395795687,-1.2874814237295416,2.1748339715722382
51.0,263.0,132.62808227539062,0.5478948821106959,1.491510115505245,-4.018565007985094,-3.429984982496617,-0.585550776313577,-0.5279721935780763,0.3532251727814096,3.5836336395795687,-1.287454054547188,2.174196968619919
51.0,263.0,132.62808227539062,0.5478783960350889,1.4915126322271512,-4.0115682631224345,-3.429931259189822,-0.5853959079524219,-0.5427832577720734,0.3720227595107219,3.5836336401050257,-1.2874814237295416,2.1748392698901005
51.0,263.0,132.62808227539062,0.5478777894201731,1.4915126322271512,-4.013098196013769,-3.4348979588315944,-0.5853959079524219,-0.5427832579015086,0.3720227595107219,3.5836336395795687,-1.2853275760651472,2.175045059501364
51.0,263.0,132.62808227539062,0.5478951812995236,1.4915126322271512,-4.018565007985094,-3.429984982496617,-0.5848787132213917,-0.5427832579015086,0.3701326336091446,3.5836336395795687,-1.2874537400465145,2.1748392698901005
51.0,263.0,132.62808227539062,0.5479371659054912,1.49151008825493,-4.0168287821850335,-3.429984982496617,-0.5976865291217942,-0.542783257787162,0.3672821324565222,3.5836336395795687,-1.2874808364368373,2.1750736287977723
51.0,263.0,132.62808227539062,0.5478948821106959,1.4915126322271512,-4.016336684172381,-3.434426143155825,-0.5849038134755663,-0.542783257782956,0.3530703330578133,3.583633585422957,-1.287482651840964,2.176455547875888
51.0,263.0,132.62808227539062,0.5479371659054912,1.4915106906779072,-4.01855497464395,-3.4349824467745527,-0.5955271495185809,-0.5427832579015086,0.3698627616320903,3.57050069664492,-1.2873897371495855,2.1750736287977723
51.0,263.0,132.62808227539062,0.5478948821106959,1.4915126322271512,-4.018565007985094,-3.429984982496617,-0.5849038134755663,-0.5417862759426133,0.3530854246187211,3.5836336395795687,-1.2874818471703546,2.1748678712457337
51.0,263.0,132.62808227539062,0.5478783960350889,1.4915126322271512,-4.0115682631224345,-3.429931259189822,-0.5853959079524219,-0.5427832577720734,0.3720227595107219,3.5836336401050257,-1.2874814237295416,2.1748392698901005
51.0,263.0,132.62808227539062,0.5478783960350889,1.4915126322271512,-4.013231974046128,-3.429931259189822,-0.5853959079524219,-0.5427832579015086,0.3720227595107219,3.5836336395795687,-1.2874814237295416,2.1748392698901005
51.0,263.0,132.62808227539062,0.5478950984988996,1.4915047339481498,-4.018565007985094,-3.429984982496617,-0.5834720788807439,-0.5427832579015086,0.37059461730126,3.5836336395795687,-1.2874818471703546,2.1748392698901005
51.0,263.0,132.62808227539062,0.5478951812995236,1.4915126322271512,-4.018565007985094,-3.429984982496617,-0.5848779094820971,-0.5427832579015086,0.3712595339174763,3.5836336395795687,-1.2874537400465145,2.1748392698901005
51.0,263.0,132.62808227539062,0.5478931777771237,1.4915101485711668,-4.0168287821850335,-3.429984982496617,-0.5977682839019836,-0.542783257901822,0.3698227181191845,3.5836336395795687,-1.2866427087170385,2.1748619574352266
51.0,263.0,132.62808227539062,0.5479449431421275,1.4915089129393202,-4.017770283732102,-3.43453688910242,-0.5854467428281206,-0.542783257773751,0.353354811350459,3.583633584550882,-1.287480815620589,2.17524651555813
51.0,263.0,132.62808227539062,0.5478951812995236,1.4915126322271512,-4.016838815526177,-3.429984982496617,-0.5848787132213917,-0.5427832579015086,0.3701581113788876,3.583453746091355,-1.285467920959823,2.1748392698901005
51.0,263.0,132.62808227539062,0.5478783960350889,1.4915126322271512,-4.013231974046128,-3.429931259189822,-0.5853959079524219,-0.5427832579015086,0.3720227595107219,3.5836336395795687,-1.2874814237295416,2.1748392698901005
51.0,263.0,132.62808227539062,0.5479383768927283,1.4915101155575186,-4.016829557674948,-3.429984982496617,-0.5850526222642735,-0.5279721935780763,0.3532251727814096,3.5836336395795687,-1.2874550421735926,2.17506624229969
51.0,263.0,132.62808227539062,0.5479438126126436,1.4915126322271512,-4.018565007985094,-3.429984982496617,-0.5975194006387133,-0.5427832579015086,0.3701326336091446,3.5836336395795687,-1.2883035972994583,2.1748392698901005
51.0,263.0,132.62808227539062,0.5478948821106959,1.4915126322271512,-4.018565007985094,-3.429984982496617,-0.5849046172148611,-0.5427832579015086,0.3519434327494816,3.5836336395795687,-1.2874818471703546,2.1748392698901005
51.0,263.0,132.62808227539062,0.5479393208626762,1.4915125719109144,-4.040700792776991,-3.4299823092542527,-0.5848207046333247,-0.5427832578988211,0.3706601385839088,3.5836336395795687,-1.2874818471703546,2.1758899770064857
51.0,263.0,132.62808227539062,0.547893240534502,1.4915101155575186,-4.016602115314464,-3.4299850385750648,-0.5850544538520193,-0.542868027407921,0.3532251727814096,3.5836336395795687,-1.2874776621229187,2.174816816413067
51.0,263.0,132.62808227539062,0.5479452929074433,1.491512940693981,-4.0168287821850335,-3.429984982496617,-0.5976865291217942,-0.5427832577767248,0.3701307659505306,3.5836336395795687,-1.2604577640593833,2.174836722732591
51.0,263.0,132.62808227539062,0.5478950265838155,1.491512770167609,-4.018565007985094,-3.429984982496617,-0.5855074512728781,-0.5427832579015086,0.3527487862190276,3.5836336395795687,-1.2874808635451835,2.1748406629564485
51.0,263.0,132.62808227539062,0.547878504885672,1.4915126322271512,-4.013215937589671,-3.429916541685906,-0.5853959079524219,-0.5427832579015086,0.3720227595107219,3.5836336347399445,-1.2874814237295416,2.1765074249396017
51.0,263.0,132.62808227539062,0.5478783960350889,1.4915126322271512,-4.018712072817035,-3.42998471476643,-0.5853852880407711,-0.5427955023696167,0.3720227595107219,3.5836336395795687,-1.2874814237295416,2.1748392698901005
51.0,263.0,132.62808227539062,0.5478779684829103,1.4915100582119574,-4.016556178241865,-3.429931259189822,-0.5853959079524219,-0.5427832579015086,0.3699401538168486,3.5836336395795687,-1.2874814237295416,2.1748339715722382
51.0,263.0,132.62808227539062,0.5478951812995236,1.4915126322271512,-4.018636021066609,-3.429984982496617,-0.5848779094820971,-0.5427832579015086,0.3712595339174763,3.5836336395795687,-1.2874791234900465,2.1748392698901005
51.0,263.0,132.62808227539062,0.5479438126126436,1.4915126322271512,-4.018565007985094,-3.429797029743666,-0.5975194006387133,-0.5427832579015086,0.3701326336091446,3.583631041414792,-1.2883035972994583,2.1748437404861187
51.0,263.0,132.62808227539062,0.5479393208626762,1.491512578734157,-4.040700792776991,-3.429984855905507,-0.5848207046333247,-0.542783257901575,0.370127098797437,3.5836336395795687,-1.2874801288957012,2.1758899770064857
51.0,263.0,132.62808227539062,0.5478779529403618,1.4915101047517092,-4.016563736223173,-3.429931259189822,-0.5853959079524219,-0.5427832579015086,0.3720227595107219,3.5836336395795687,-1.2874814237295416,2.174834069959463
51.0,263.0,132.62808227539062,0.5479371659054912,1.4915126739937374,-4.018641735686635,-3.429984982496617,-0.584232498697843,-0.5427832579015086,0.3698630959681335,3.5836336395795687,-1.2874539373312437,2.1750736287977723
51.0,263.0,132.62808227539062,0.5478751027957012,1.4915089918222544,-4.017770283732102,-3.43453688910242,-0.5854467428281206,-0.5427832578927154,0.353354811350459,3.583633584550882,-1.2874814327830302,2.1748304111604275
51.0,263.0,132.62808227539062,0.5479443307532503,1.4915089129393202,-4.020530599517375,-3.434557513050347,-0.5873265663083467,-0.542783257773751,0.3700575018888117,3.5836336377119413,-1.287454917965219,2.175238943496297
51.0,263.0,132.62808227539062,0.5478941344508481,1.4915097797880998,-4.018565007985094,-3.429984982496617,-0.5848787132213917,-0.5427832579015086,0.3698901070604473,3.5836336395795687,-1.2862456100693846,2.175915211709121
51.0,264.0,132.62808227539062,0.5478948821106959,1.4915126322271512,-4.018565007985094,-3.429984982496617,-0.5849024594135139,-0.5427832579015086,0.3701326336091446,3.5836336395795687,-1.287454054547188,2.1748392698901005
51.0,264.0,132.62808227539062,0.5478948821106959,1.4915126322271512,-4.018565007985094,-3.429984982496617,-0.5849024594135139,-0.5427832579015086,0.37059461730126,3.5836336395795687,-1.2874818471703546,2.1748392698901005
51.0,264.0,132.62808227539062,0.5478948821106959,1.4915125369362046,-4.018565007985094,-3.429984982496617,-0.585550776313577,-0.5279721935780763,0.3535768109007595,3.5836336395795687,-1.287454054547188,2.174267131087437
51.0,264.0,132.62808227539062,0.5479371659054912,1.49151008825493,-4.0168287821850335,-3.429984982496617,-0.5976865291217942,-0.5427832579015086,0.3698882394018333,3.5836336395795687,-1.2874808364368373,2.1750736287977723
51.0,264.0,132.62808227539062,0.5478783960350889,1.4915126322271512,-4.013231974046128,-3.429931259189822,-0.5853959079524219,-0.5427832579015086,0.3720227595107219,3.5836336395795687,-1.2874814237295416,2.1748392698901005
51.0,264.0,132.62808227539062,0.5478948821106959,1.4915126322271512,-4.018565007985094,-3.429984982496617,-0.5849038134755663,-0.5427832579015086,0.3530703330578133,3.5836336395795687,-1.2874818471703546,2.1748392698901005
51.0,264.0,132.62808227539062,0.5478948821106959,1.4915126322271512,-4.016336684172381,-3.434426143155825,-0.5849038134755663,-0.542783257782956,0.3530703330578133,3.583633585422957,-1.2873613426977333,2.1764212863434835
51.0,264.0,132.62808227539062,0.5478948821106959,1.4915126322271512,-4.018565007985094,-3.429984982496617,-0.5849024594135139,-0.5427832579015086,0.3701326336091446,3.5836336395795687,-1.287454054547188,2.1748392698901005
51.0,264.0,132.62808227539062,0.5478783960350889,1.4915126322271512,-4.013231974046128,-3.429931259189822,-0.5853959079524219,-0.5427832579015086,0.3720227595107219,3.5836336395795687,-1.2874814237295416,2.1748392698901005
51.0,264.0,132.62808227539062,0.5478948821106959,1.4915126322271512,-4.013322040356646,-3.4299823092542527,-0.5849024594135139,-0.5427832579015086,0.37059461730126,3.5836336395795687,-1.2874818471703546,2.1748392698901005
51.0,264.0,132.62808227539062,0.5479442460587678,1.49151008825493,-4.0168287821850335,-3.429984982496617,-0.5976865291217942,-0.5427832577767248,0.3698882394018333,3.5836336395795687,-1.2592496340822534,2.1759126645516123
51.0,264.0,132.62808227539062,0.547937616529104,1.49151008825493,-4.0168287821850335,-3.429984982496617,-0.5976865291217942,-0.5427832578991345,0.3698882394018333,3.5836336395795687,-1.2866427087170385,2.1759126645516123
51.0,264.0,132.62808227539062,0.5479371659054912,1.4915106906779072,-4.0168287821850335,-3.4349824467745527,-0.5955271495185809,-0.5427832579015086,0.3698882394018333,3.5703208031567057,-1.2854039180628944,2.1750736287977723
51.0,264.0,132.62808227539062,0.5478948821106959,1.4915126322271512,-4.018565007985094,-3.429984982496617,-0.5849038134755663,-0.5427832579015086,0.3530703330578133,3.5836336395795687,-1.2874818471703546,2.1748392698901005
51.0,264.0,132.62808227539062,0.5478948821106959,1.4915121369401692,-4.017412237295675,-3.429984982496617,-0.5860867837023092,-0.5279721935780763,0.3535768109007595,3.5836336395795687,-1.2873476441941856,2.174267131087437
51.0,264.0,132.62808227539062,0.5478779684829103,1.4915100582119574,-4.016556178241865,-3.429931259189822,-0.5853959079524219,-0.5427832579015086,0.3699401538168486,3.5836336395795687,-1.2874814237295416,2.1748339715722382
51.0,264.0,132.62808227539062,0.5478948821106959,1.491510115505245,-4.018565007985094,-3.429984982496617,-0.585550776313577,-0.5279721935780763,0.3532251727814096,3.5836336395795687,-1.287454054547188,2.174196968619919
51.0,264.0,132.62808227539062,0.5478783960350889,1.4915126322271512,-4.0115682631224345,-3.429931259189822,-0.5853959079524219,-0.5427832577720734,0.3720227595107219,3.5836336401050257,-1.2874814237295416,2.1748392698901005
51.0,264.0,132.62808227539062,0.5478777894201731,1.4915126322271512,-4.013098196013769,-3.4348979588315944,-0.5853959079524219,-0.5427832579015086,0.3720227595107219,3.5836336395795687,-1.2853275760651472,2.175045059501364
51.0,264.0,132.62808227539062,0.5478951812995236,1.4915126322271512,-4.018565007985094,-3.429984982496617,-0.5848787132213917,-0.5427832579015086,0.3701326336091446,3.5836336395795687,-1.2874537400465145,2.1748392698901005
51.0,264.0,132.62808227539062,0.5479371659054912,1.49151008825493,-4.0168287821850335,-3.429984982496617,-0.5976865291217942,-0.542783257787162,0.3672821324565222,3.5836336395795687,-1.2874808364368373,2.1750736287977723
51.0,264.0,132.62808227539062,0.5478948821106959,1.4915126322271512,-4.016336684172381,-3.434426143155825,-0.5849038134755663,-0.542783257782956,0.3530703330578133,3.583633585422957,-1.287482651840964,2.176455547875888
51.0,264.0,132.62808227539062,0.5479371659054912,1.4915106906779072,-4.01855497464395,-3.4349824467745527,-0.5955271495185809,-0.5427832579015086,0.3698627616320903,3.57050069664492,-1.2873897371495855,2.1750736287977723
51.0,264.0,132.62808227539062,0.5478948821106959,1.4915126322271512,-4.018565007985094,-3.429984982496617,-0.5849038134755663,-0.5417862759426133,0.3530854246187211,3.5836336395795687,-1.2874818471703546,2.1748678712457337
51.0,264.0,132.62808227539062,0.5478783960350889,1.4915126322271512,-4.0115682631224345,-3.429931259189822,-0.5853959079524219,-0.5427832577720734,0.3720227595107219,3.5836336401050257,-1.2874814237295416,2.1748392698901005
51.0,264.0,132.62808227539062,0.5478783960350889,1.4915126322271512,-4.013231974046128,-3.429931259189822,-0.5853959079524219,-0.5427832579015086,0.3720227595107219,3.5836336395795687,-1.2874814237295416,2.1748392698901005
51.0,264.0,132.62808227539062,0.5478950984988996,1.4915047339481498,-4.018565007985094,-3.429984982496617,-0.5834720788807439,-0.5427832579015086,0.37059461730126,3.5836336395795687,-1.2874818471703546,2.1748392698901005
51.0,264.0,132.62808227539062,0.5478951812995236,1.4915126322271512,-4.018565007985094,-3.429984982496617,-0.5848779094820971,-0.5427832579015086,0.3712595339174763,3.5836336395795687,-1.2874537400465145,2.1748392698901005
51.0,264.0,132.62808227539062,0.5478931777771237,1.4915101485711668,-4.0168287821850335,-3.429984982496617,-0.5977682839019836,-0.542783257901822,0.3698227181191845,3.5836336395795687,-1.2866427087170385,2.1748619574352266
51.0,264.0,132.62808227539062,0.5479449431421275,1.4915089129393202,-4.017770283732102,-3.43453688910242,-0.5854467428281206,-0.542783257773751,0.353354811350459,3.583633584550882,-1.287480815620589,2.17524651555813
51.0,264.0,132.62808227539062,0.5478951812995236,1.4915126322271512,-4.016838815526177,-3.429984982496617,-0.5848787132213917,-0.5427832579015086,0.3701581113788876,3.583453746091355,-1.285467920959823,2.1748392698901005
51.0,264.0,132.62808227539062,0.5478783960350889,1.4915126322271512,-4.013231974046128,-3.429931259189822,-0.5853959079524219,-0.5427832579015086,0.3720227595107219,3.5836336395795687,-1.2874814237295416,2.1748392698901005
51.0,264.0,132.62808227539062,0.5479383768927283,1.4915101155575186,-4.016829557674948,-3.429984982496617,-0.5850526222642735,-0.5279721935780763,0.3532251727814096,3.5836336395795687,-1.2874550421735926,2.17506624229969
51.0,264.0,132.62808227539062,0.5479438126126436,1.4915126322271512,-4.018565007985094,-3.429984982496617,-0.5975194006387133,-0.5427832579015086,0.3701326336091446,3.5836336395795687,-1.2883035972994583,2.1748392698901005
51.0,264.0,132.62808227539062,0.5478948821106959,1.4915126322271512,-4.018565007985094,-3.429984982496617,-0.5849046172148611,-0.5427832579015086,0.3519434327494816,3.5836336395795687,-1.2874818471703546,2.1748392698901005
51.0,264.0,132.62808227539062,0.5479393208626762,1.4915125719109144,-4.040700792776991,-3.4299823092542527,-0.5848207046333247,-0.5427832578988211,0.3706601385839088,3.5836336395795687,-1.2874818471703546,2.1758899770064857
51.0,264.0,132.62808227539062,0.547893240534502,1.4915101155575186,-4.016602115314464,-3.4299850385750648,-0.5850544538520193,-0.542868027407921,0.3532251727814096,3.5836336395795687,-1.2874776621229187,2.174816816413067
51.0,264.0,132.62808227539062,0.5479452929074433,1.491512940693981,-4.0168287821850335,-3.429984982496617,-0.5976865291217942,-0.5427832577767248,0.3701307659505306,3.5836336395795687,-1.2604577640593833,2.174836722732591
51.0,264.0,132.62808227539062,0.5478950265838155,1.491512770167609,-4.018565007985094,-3.429984982496617,-0.5855074512728781,-0.5427832579015086,0.3527487862190276,3.5836336395795687,-1.2874808635451835,2.1748406629564485
51.0,264.0,132.62808227539062,0.547878504885672,1.4915126322271512,-4.013215937589671,-3.429916541685906,-0.5853959079524219,-0.5427832579015086,0.3720227595107219,3.5836336347399445,-1.2874814237295416,2.1765074249396017
51.0,264.0,132.62808227539062,0.5478783960350889,1.4915126322271512,-4.018712072817035,-3.42998471476643,-0.5853852880407711,-0.5427955023696167,0.3720227595107219,3.5836336395795687,-1.2874814237295416,2.1748392698901005
51.0,264.0,132.62808227539062,0.5478779684829103,1.4915100582119574,-4.016556178241865,-3.429931259189822,-0.5853959079524219,-0.5427832579015086,0.3699401538168486,3.5836336395795687,-1.2874814237295416,2.1748339715722382
51.0,264.0,132.62808227539062,0.5478951812995236,1.4915126322271512,-4.018636021066609,-3.429984982496617,-0.5848779094820971,-0.5427832579015086,0.3712595339174763,3.5836336395795687,-1.2874791234900465,2.1748392698901005
51.0,264.0,132.62808227539062,0.5479438126126436,1.4915126322271512,-4.018565007985094,-3.429797029743666,-0.5975194006387133,-0.5427832579015086,0.3701326336091446,3.583631041414792,-1.2883035972994583,2.1748437404861187
51.0,264.0,132.62808227539062,0.5479393208626762,1.491512578734157,-4.040700792776991,-3.429984855905507,-0.5848207046333247,-0.542783257901575,0.370127098797437,3.5836336395795687,-1.2874801288957012,2.1758899770064857
51.0,264.0,132.62808227539062,0.5478779529403618,1.4915101047517092,-4.016563736223173,-3.429931259189822,-0.5853959079524219,-0.5427832579015086,0.3720227595107219,3.5836336395795687,-1.2874814237295416,2.174834069959463
51.0,264.0,132.62808227539062,0.5479371659054912,1.4915126739937374,-4.018641735686635,-3.429984982496617,-0.584232498697843,-0.5427832579015086,0.3698630959681335,3.5836336395795687,-1.2874539373312437,2.1750736287977723
51.0,264.0,132.62808227539062,0.5478751027957012,1.4915089918222544,-4.017770283732102,-3.43453688910242,-0.5854467428281206,-0.5427832578927154,0.353354811350459,3.583633584550882,-1.2874814327830302,2.1748304111604275
51.0,264.0,132.62808227539062,0.5479443307532503,1.4915089129393202,-4.020530599517375,-3.434557513050347,-0.5873265663083467,-0.542783257773751,0.3700575018888117,3.5836336377119413,-1.287454917965219,2.175238943496297
51.0,264.0,132.62808227539062,0.5478941344508481,1.4915097797880998,-4.018565007985094,-3.429984982496617,-0.5848787132213917,-0.5427832579015086,0.3698901070604473,3.5836336395795687,-1.2862456100693846,2.175915211709121
51.0,265.0,132.62808227539062,0.5478948821106959,1.4915126322271512,-4.018565007985094,-3.429984982496617,-0.5849024594135139,-0.5427832579015086,0.3701326336091446,3.5836336395795687,-1.287454054547188,2.1748392698901005
51.0,265.0,132.62808227539062,0.5478948821106959,1.4915126322271512,-4.018565007985094,-3.429984982496617,-0.5849024594135139,-0.5427832579015086,0.37059461730126,3.5836336395795687,-1.2874818471703546,2.1748392698901005
51.0,265.0,132.62808227539062,0.5478948821106959,1.4915125369362046,-4.018565007985094,-3.429984982496617,-0.585550776313577,-0.5279721935780763,0.3535768109007595,3.5836336395795687,-1.287454054547188,2.174267131087437
51.0,265.0,132.62808227539062,0.5479371659054912,1.49151008825493,-4.0168287821850335,-3.429984982496617,-0.5976865291217942,-0.5427832579015086,0.3698882394018333,3.5836336395795687,-1.2874808364368373,2.1750736287977723
51.0,265.0,132.62808227539062,0.5478783960350889,1.4915126322271512,-4.013231974046128,-3.429931259189822,-0.5853959079524219,-0.5427832579015086,0.3720227595107219,3.5836336395795687,-1.2874814237295416,2.1748392698901005
51.0,265.0,132.62808227539062,0.5478948821106959,1.4915126322271512,-4.018565007985094,-3.429984982496617,-0.5849038134755663,-0.5427832579015086,0.3530703330578133,3.5836336395795687,-1.2874818471703546,2.1748392698901005
51.0,265.0,132.62808227539062,0.5478948821106959,1.4915126322271512,-4.016336684172381,-3.434426143155825,-0.5849038134755663,-0.542783257782956,0.3530703330578133,3.583633585422957,-1.2873613426977333,2.1764212863434835
51.0,265.0,132.62808227539062,0.5478948821106959,1.4915126322271512,-4.018565007985094,-3.429984982496617,-0.5849024594135139,-0.5427832579015086,0.3701326336091446,3.5836336395795687,-1.287454054547188,2.1748392698901005
51.0,265.0,132.62808227539062,0.5478783960350889,1.4915126322271512,-4.013231974046128,-3.429931259189822,-0.5853959079524219,-0.5427832579015086,0.3720227595107219,3.5836336395795687,-1.2874814237295416,2.1748392698901005
51.0,265.0,132.62808227539062,0.5478948821106959,1.4915126322271512,-4.013322040356646,-3.4299823092542527,-0.5849024594135139,-0.5427832579015086,0.37059461730126,3.5836336395795687,-1.2874818471703546,2.1748392698901005
51.0,265.0,132.62808227539062,0.5479442460587678,1.49151008825493,-4.0168287821850335,-3.429984982496617,-0.5976865291217942,-0.5427832577767248,0.3698882394018333,3.5836336395795687,-1.2592496340822534,2.1759126645516123
51.0,265.0,132.62808227539062,0.547937616529104,1.49151008825493,-4.0168287821850335,-3.429984982496617,-0.5976865291217942,-0.5427832578991345,0.3698882394018333,3.5836336395795687,-1.2866427087170385,2.1759126645516123
51.0,265.0,132.62808227539062,0.5479371659054912,1.4915106906779072,-4.0168287821850335,-3.4349824467745527,-0.5955271495185809,-0.5427832579015086,0.3698882394018333,3.5703208031567057,-1.2854039180628944,2.1750736287977723
51.0,265.0,132.62808227539062,0.5478948821106959,1.4915126322271512,-4.018565007985094,-3.429984982496617,-0.5849038134755663,-0.5427832579015086,0.3530703330578133,3.5836336395795687,-1.2874818471703546,2.1748392698901005
51.0,265.0,132.62808227539062,0.5478948821106959,1.4915121369401692,-4.017412237295675,-3.429984982496617,-0.5860867837023092,-0.5279721935780763,0.3535768109007595,3.5836336395795687,-1.2873476441941856,2.174267131087437
51.0,265.0,132.62808227539062,0.5478779684829103,1.4915100582119574,-4.016556178241865,-3.429931259189822,-0.5853959079524219,-0.5427832579015086,0.3699401538168486,3.5836336395795687,-1.2874814237295416,2.1748339715722382
51.0,265.0,132.62808227539062,0.5478948821106959,1.491510115505245,-4.018565007985094,-3.429984982496617,-0.585550776313577,-0.5279721935780763,0.3532251727814096,3.5836336395795687,-1.287454054547188,2.174196968619919
51.0,265.0,132.62808227539062,0.5478783960350889,1.4915126322271512,-4.0115682631224345,-3.429931259189822,-0.5853959079524219,-0.5427832577720734,0.3720227595107219,3.5836336401050257,-1.2874814237295416,2.1748392698901005
51.0,265.0,132.62808227539062,0.5478777894201731,1.4915126322271512,-4.013098196013769,-3.4348979588315944,-0.5853959079524219,-0.5427832579015086,0.3720227595107219,3.5836336395795687,-1.2853275760651472,2.175045059501364
51.0,265.0,132.62808227539062,0.5478951812995236,1.4915126322271512,-4.018565007985094,-3.429984982496617,-0.5848787132213917,-0.5427832579015086,0.3701326336091446,3.5836336395795687,-1.2874537400465145,2.1748392698901005
51.0,265.0,132.62808227539062,0.5479371659054912,1.49151008825493,-4.0168287821850335,-3.429984982496617,-0.5976865291217942,-0.542783257787162,0.3672821324565222,3.5836336395795687,-1.2874808364368373,2.1750736287977723
51.0,265.0,132.62808227539062,0.5478948821106959,1.4915126322271512,-4.016336684172381,-3.434426143155825,-0.5849038134755663,-0.542783257782956,0.3530703330578133,3.583633585422957,-1.287482651840964,2.176455547875888
51.0,265.0,132.62808227539062,0.5479371659054912,1.4915106906779072,-4.01855497464395,-3.4349824467745527,-0.5955271495185809,-0.5427832579015086,0.3698627616320903,3.57050069664492,-1.2873897371495855,2.1750736287977723
51.0,265.0,132.62808227539062,0.5478948821106959,1.4915126322271512,-4.018565007985094,-3.429984982496617,-0.5849038134755663,-0.5417862759426133,0.3530854246187211,3.5836336395795687,-1.2874818471703546,2.1748678712457337
51.0,265.0,132.62808227539062,0.5478783960350889,1.4915126322271512,-4.0115682631224345,-3.429931259189822,-0.5853959079524219,-0.5427832577720734,0.3720227595107219,3.5836336401050257,-1.2874814237295416,2.1748392698901005
51.0,265.0,132.62808227539062,0.5478783960350889,1.4915126322271512,-4.013231974046128,-3.429931259189822,-0.5853959079524219,-0.5427832579015086,0.3720227595107219,3.5836336395795687,-1.2874814237295416,2.1748392698901005
51.0,265.0,132.62808227539062,0.5478950984988996,1.4915047339481498,-4.018565007985094,-3.429984982496617,-0.5834720788807439,-0.5427832579015086,0.37059461730126,3.5836336395795687,-1.2874818471703546,2.1748392698901005
51.0,265.0,132.62808227539062,0.5478951812995236,1.4915126322271512,-4.018565007985094,-3.429984982496617,-0.5848779094820971,-0.5427832579015086,0.3712595339174763,3.5836336395795687,-1.2874537400465145,2.1748392698901005
51.0,265.0,132.62808227539062,0.5478931777771237,1.4915101485711668,-4.0168287821850335,-3.429984982496617,-0.5977682839019836,-0.542783257901822,0.3698227181191845,3.5836336395795687,-1.2866427087170385,2.1748619574352266
51.0,265.0,132.62808227539062,0.5479449431421275,1.4915089129393202,-4.017770283732102,-3.43453688910242,-0.5854467428281206,-0.542783257773751,0.353354811350459,3.583633584550882,-1.287480815620589,2.17524651555813
51.0,265.0,132.62808227539062,0.5478951812995236,1.4915126322271512,-4.016838815526177,-3.429984982496617,-0.5848787132213917,-0.5427832579015086,0.3701581113788876,3.583453746091355,-1.285467920959823,2.1748392698901005
51.0,265.0,132.62808227539062,0.5478783960350889,1.4915126322271512,-4.013231974046128,-3.429931259189822,-0.5853959079524219,-0.5427832579015086,0.3720227595107219,3.5836336395795687,-1.2874814237295416,2.1748392698901005
51.0,265.0,132.62808227539062,0.5479383768927283,1.4915101155575186,-4.016829557674948,-3.429984982496617,-0.5850526222642735,-0.5279721935780763,0.3532251727814096,3.5836336395795687,-1.2874550421735926,2.17506624229969
51.0,265.0,132.62808227539062,0.5479438126126436,1.4915126322271512,-4.018565007985094,-3.429984982496617,-0.5975194006387133,-0.5427832579015086,0.3701326336091446,3.5836336395795687,-1.2883035972994583,2.1748392698901005
51.0,265.0,132.62808227539062,0.5478948821106959,1.4915126322271512,-4.018565007985094,-3.429984982496617,-0.5849046172148611,-0.5427832579015086,0.3519434327494816,3.5836336395795687,-1.2874818471703546,2.1748392698901005
51.0,265.0,132.62808227539062,0.5479393208626762,1.4915125719109144,-4.040700792776991,-3.4299823092542527,-0.5848207046333247,-0.5427832578988211,0.3706601385839088,3.5836336395795687,-1.2874818471703546,2.1758899770064857
51.0,265.0,132.62808227539062,0.547893240534502,1.4915101155575186,-4.016602115314464,-3.4299850385750648,-0.5850544538520193,-0.542868027407921,0.3532251727814096,3.5836336395795687,-1.2874776621229187,2.174816816413067
51.0,265.0,132.62808227539062,0.5479452929074433,1.491512940693981,-4.0168287821850335,-3.429984982496617,-0.5976865291217942,-0.5427832577767248,0.3701307659505306,3.5836336395795687,-1.2604577640593833,2.174836722732591
51.0,265.0,132.62808227539062,0.5478950265838155,1.491512770167609,-4.018565007985094,-3.429984982496617,-0.5855074512728781,-0.5427832579015086,0.3527487862190276,3.5836336395795687,-1.2874808635451835,2.1748406629564485
51.0,265.0,132.62808227539062,0.547878504885672,1.4915126322271512,-4.013215937589671,-3.429916541685906,-0.5853959079524219,-0.5427832579015086,0.3720227595107219,3.5836336347399445,-1.2874814237295416,2.1765074249396017
51.0,265.0,132.62808227539062,0.5478783960350889,1.4915126322271512,-4.018712072817035,-3.42998471476643,-0.5853852880407711,-0.5427955023696167,0.3720227595107219,3.5836336395795687,-1.2874814237295416,2.1748392698901005
51.0,265.0,132.62808227539062,0.5478779684829103,1.4915100582119574,-4.016556178241865,-3.429931259189822,-0.5853959079524219,-0.5427832579015086,0.3699401538168486,3.5836336395795687,-1.2874814237295416,2.1748339715722382
51.0,265.0,132.62808227539062,0.5478951812995236,1.4915126322271512,-4.018636021066609,-3.429984982496617,-0.5848779094820971,-0.5427832579015086,0.3712595339174763,3.5836336395795687,-1.2874791234900465,2.1748392698901005
51.0,265.0,132.62808227539062,0.5479438126126436,1.4915126322271512,-4.018565007985094,-3.429797029743666,-0.5975194006387133,-0.5427832579015086,0.3701326336091446,3.583631041414792,-1.2883035972994583,2.1748437404861187
51.0,265.0,132.62808227539062,0.5479393208626762,1.491512578734157,-4.040700792776991,-3.429984855905507,-0.5848207046333247,-0.542783257901575,0.370127098797437,3.5836336395795687,-1.2874801288957012,2.1758899770064857
51.0,265.0,132.62808227539062,0.5478779529403618,1.4915101047517092,-4.016563736223173,-3.429931259189822,-0.5853959079524219,-0.5427832579015086,0.3720227595107219,3.5836336395795687,-1.2874814237295416,2.174834069959463
51.0,265.0,132.62808227539062,0.5479371659054912,1.4915126739937374,-4.018641735686635,-3.429984982496617,-0.584232498697843,-0.5427832579015086,0.3698630959681335,3.5836336395795687,-1.2874539373312437,2.1750736287977723
51.0,265.0,132.62808227539062,0.5478751027957012,1.4915089918222544,-4.017770283732102,-3.43453688910242,-0.5854467428281206,-0.5427832578927154,0.353354811350459,3.583633584550882,-1.2874814327830302,2.1748304111604275
51.0,265.0,132.62808227539062,0.5479443307532503,1.4915089129393202,-4.020530599517375,-3.434557513050347,-0.5873265663083467,-0.542783257773751,0.3700575018888117,3.5836336377119413,-1.287454917965219,2.175238943496297
51.0,265.0,132.62808227539062,0.5478941344508481,1.4915097797880998,-4.018565007985094,-3.429984982496617,-0.5848787132213917,-0.5427832579015086,0.3698901070604473,3.5836336395795687,-1.2862456100693846,2.175915211709121
51.0,266.0,132.62808227539062,0.5478948821106959,1.4915126322271512,-4.018565007985094,-3.429984982496617,-0.5849024594135139,-0.5427832579015086,0.3701326336091446,3.5836336395795687,-1.287454054547188,2.1748392698901005
51.0,266.0,132.62808227539062,0.5478948821106959,1.4915126322271512,-4.018565007985094,-3.429984982496617,-0.5849024594135139,-0.5427832579015086,0.37059461730126,3.5836336395795687,-1.2874818471703546,2.1748392698901005
51.0,266.0,132.62808227539062,0.5478948821106959,1.4915125369362046,-4.018565007985094,-3.429984982496617,-0.585550776313577,-0.5279721935780763,0.3535768109007595,3.5836336395795687,-1.287454054547188,2.174267131087437
51.0,266.0,132.62808227539062,0.5479371659054912,1.49151008825493,-4.0168287821850335,-3.429984982496617,-0.5976865291217942,-0.5427832579015086,0.3698882394018333,3.5836336395795687,-1.2874808364368373,2.1750736287977723
51.0,266.0,132.62808227539062,0.5478783960350889,1.4915126322271512,-4.013231974046128,-3.429931259189822,-0.5853959079524219,-0.5427832579015086,0.3720227595107219,3.5836336395795687,-1.2874814237295416,2.1748392698901005
51.0,266.0,132.62808227539062,0.5478948821106959,1.4915126322271512,-4.018565007985094,-3.429984982496617,-0.5849038134755663,-0.5427832579015086,0.3530703330578133,3.5836336395795687,-1.2874818471703546,2.1748392698901005
51.0,266.0,132.62808227539062,0.5478948821106959,1.4915126322271512,-4.016336684172381,-3.434426143155825,-0.5849038134755663,-0.542783257782956,0.3530703330578133,3.583633585422957,-1.2873613426977333,2.1764212863434835
51.0,266.0,132.62808227539062,0.5478948821106959,1.4915126322271512,-4.018565007985094,-3.429984982496617,-0.5849024594135139,-0.5427832579015086,0.3701326336091446,3.5836336395795687,-1.287454054547188,2.1748392698901005
51.0,266.0,132.62808227539062,0.5478783960350889,1.4915126322271512,-4.013231974046128,-3.429931259189822,-0.5853959079524219,-0.5427832579015086,0.3720227595107219,3.5836336395795687,-1.2874814237295416,2.1748392698901005
51.0,266.0,132.62808227539062,0.5478948821106959,1.4915126322271512,-4.013322040356646,-3.4299823092542527,-0.5849024594135139,-0.5427832579015086,0.37059461730126,3.5836336395795687,-1.2874818471703546,2.1748392698901005
51.0,266.0,132.62808227539062,0.5479442460587678,1.49151008825493,-4.0168287821850335,-3.429984982496617,-0.5976865291217942,-0.5427832577767248,0.3698882394018333,3.5836336395795687,-1.2592496340822534,2.1759126645516123
51.0,266.0,132.62808227539062,0.547937616529104,1.49151008825493,-4.0168287821850335,-3.429984982496617,-0.5976865291217942,-0.5427832578991345,0.3698882394018333,3.5836336395795687,-1.2866427087170385,2.1759126645516123
51.0,266.0,132.62808227539062,0.5479371659054912,1.4915106906779072,-4.0168287821850335,-3.4349824467745527,-0.5955271495185809,-0.5427832579015086,0.3698882394018333,3.5703208031567057,-1.2854039180628944,2.1750736287977723
51.0,266.0,132.62808227539062,0.5478948821106959,1.4915126322271512,-4.018565007985094,-3.429984982496617,-0.5849038134755663,-0.5427832579015086,0.3530703330578133,3.5836336395795687,-1.2874818471703546,2.1748392698901005
51.0,266.0,132.62808227539062,0.5478948821106959,1.4915121369401692,-4.017412237295675,-3.429984982496617,-0.5860867837023092,-0.5279721935780763,0.3535768109007595,3.5836336395795687,-1.2873476441941856,2.174267131087437
51.0,266.0,132.62808227539062,0.5478779684829103,1.4915100582119574,-4.016556178241865,-3.429931259189822,-0.5853959079524219,-0.5427832579015086,0.3699401538168486,3.5836336395795687,-1.2874814237295416,2.1748339715722382
51.0,266.0,132.62808227539062,0.5478948821106959,1.491510115505245,-4.018565007985094,-3.429984982496617,-0.585550776313577,-0.5279721935780763,0.3532251727814096,3.5836336395795687,-1.287454054547188,2.174196968619919
51.0,266.0,132.62808227539062,0.5478783960350889,1.4915126322271512,-4.0115682631224345,-3.429931259189822,-0.5853959079524219,-0.5427832577720734,0.3720227595107219,3.5836336401050257,-1.2874814237295416,2.1748392698901005
51.0,266.0,132.62808227539062,0.5478777894201731,1.4915126322271512,-4.013098196013769,-3.4348979588315944,-0.5853959079524219,-0.5427832579015086,0.3720227595107219,3.5836336395795687,-1.2853275760651472,2.175045059501364
51.0,266.0,132.62808227539062,0.5478951812995236,1.4915126322271512,-4.018565007985094,-3.429984982496617,-0.5848787132213917,-0.5427832579015086,0.3701326336091446,3.5836336395795687,-1.2874537400465145,2.1748392698901005
51.0,266.0,132.62808227539062,0.5479371659054912,1.49151008825493,-4.0168287821850335,-3.429984982496617,-0.5976865291217942,-0.542783257787162,0.3672821324565222,3.5836336395795687,-1.2874808364368373,2.1750736287977723
51.0,266.0,132.62808227539062,0.5478948821106959,1.4915126322271512,-4.016336684172381,-3.434426143155825,-0.5849038134755663,-0.542783257782956,0.3530703330578133,3.583633585422957,-1.287482651840964,2.176455547875888
51.0,266.0,132.62808227539062,0.5479371659054912,1.4915106906779072,-4.01855497464395,-3.4349824467745527,-0.5955271495185809,-0.5427832579015086,0.3698627616320903,3.57050069664492,-1.2873897371495855,2.1750736287977723
51.0,266.0,132.62808227539062,0.5478948821106959,1.4915126322271512,-4.018565007985094,-3.429984982496617,-0.5849038134755663,-0.5417862759426133,0.3530854246187211,3.5836336395795687,-1.2874818471703546,2.1748678712457337
51.0,266.0,132.62808227539062,0.5478783960350889,1.4915126322271512,-4.0115682631224345,-3.429931259189822,-0.5853959079524219,-0.5427832577720734,0.3720227595107219,3.5836336401050257,-1.2874814237295416,2.1748392698901005
51.0,266.0,132.62808227539062,0.5478783960350889,1.4915126322271512,-4.013231974046128,-3.429931259189822,-0.5853959079524219,-0.5427832579015086,0.3720227595107219,3.5836336395795687,-1.2874814237295416,2.1748392698901005
51.0,266.0,132.62808227539062,0.5478950984988996,1.4915047339481498,-4.018565007985094,-3.429984982496617,-0.5834720788807439,-0.5427832579015086,0.37059461730126,3.5836336395795687,-1.2874818471703546,2.1748392698901005
51.0,266.0,132.62808227539062,0.5478951812995236,1.4915126322271512,-4.018565007985094,-3.429984982496617,-0.5848779094820971,-0.5427832579015086,0.3712595339174763,3.5836336395795687,-1.2874537400465145,2.1748392698901005
51.0,266.0,132.62808227539062,0.5478931777771237,1.4915101485711668,-4.0168287821850335,-3.429984982496617,-0.5977682839019836,-0.542783257901822,0.3698227181191845,3.5836336395795687,-1.2866427087170385,2.1748619574352266
51.0,266.0,132.62808227539062,0.5479449431421275,1.4915089129393202,-4.017770283732102,-3.43453688910242,-0.5854467428281206,-0.542783257773751,0.353354811350459,3.583633584550882,-1.287480815620589,2.17524651555813
51.0,266.0,132.62808227539062,0.5478951812995236,1.4915126322271512,-4.016838815526177,-3.429984982496617,-0.5848787132213917,-0.5427832579015086,0.3701581113788876,3.583453746091355,-1.285467920959823,2.1748392698901005
51.0,266.0,132.62808227539062,0.5478783960350889,1.4915126322271512,-4.013231974046128,-3.429931259189822,-0.5853959079524219,-0.5427832579015086,0.3720227595107219,3.5836336395795687,-1.2874814237295416,2.1748392698901005
51.0,266.0,132.62808227539062,0.5479383768927283,1.4915101155575186,-4.016829557674948,-3.429984982496617,-0.5850526222642735,-0.5279721935780763,0.3532251727814096,3.5836336395795687,-1.2874550421735926,2.17506624229969
51.0,266.0,132.62808227539062,0.5479438126126436,1.4915126322271512,-4.018565007985094,-3.429984982496617,-0.5975194006387133,-0.5427832579015086,0.3701326336091446,3.5836336395795687,-1.2883035972994583,2.1748392698901005
51.0,266.0,132.62808227539062,0.5478948821106959,1.4915126322271512,-4.018565007985094,-3.429984982496617,-0.5849046172148611,-0.5427832579015086,0.3519434327494816,3.5836336395795687,-1.2874818471703546,2.1748392698901005
51.0,266.0,132.62808227539062,0.5479393208626762,1.4915125719109144,-4.040700792776991,-3.4299823092542527,-0.5848207046333247,-0.5427832578988211,0.3706601385839088,3.5836336395795687,-1.2874818471703546,2.1758899770064857
51.0,266.0,132.62808227539062,0.547893240534502,1.4915101155575186,-4.016602115314464,-3.4299850385750648,-0.5850544538520193,-0.542868027407921,0.3532251727814096,3.5836336395795687,-1.2874776621229187,2.174816816413067
51.0,266.0,132.62808227539062,0.5479452929074433,1.491512940693981,-4.0168287821850335,-3.429984982496617,-0.5976865291217942,-0.5427832577767248,0.3701307659505306,3.5836336395795687,-1.2604577640593833,2.174836722732591
51.0,266.0,132.62808227539062,0.5478950265838155,1.491512770167609,-4.018565007985094,-3.429984982496617,-0.5855074512728781,-0.5427832579015086,0.3527487862190276,3.5836336395795687,-1.2874808635451835,2.1748406629564485
51.0,266.0,132.62808227539062,0.547878504885672,1.4915126322271512,-4.013215937589671,-3.429916541685906,-0.5853959079524219,-0.5427832579015086,0.3720227595107219,3.5836336347399445,-1.2874814237295416,2.1765074249396017
51.0,266.0,132.62808227539062,0.5478783960350889,1.4915126322271512,-4.018712072817035,-3.42998471476643,-0.5853852880407711,-0.5427955023696167,0.3720227595107219,3.5836336395795687,-1.2874814237295416,2.1748392698901005
51.0,266.0,132.62808227539062,0.5478779684829103,1.4915100582119574,-4.016556178241865,-3.429931259189822,-0.5853959079524219,-0.5427832579015086,0.3699401538168486,3.5836336395795687,-1.2874814237295416,2.1748339715722382
51.0,266.0,132.62808227539062,0.5478951812995236,1.4915126322271512,-4.018636021066609,-3.429984982496617,-0.5848779094820971,-0.5427832579015086,0.3712595339174763,3.5836336395795687,-1.2874791234900465,2.1748392698901005
51.0,266.0,132.62808227539062,0.5479438126126436,1.4915126322271512,-4.018565007985094,-3.429797029743666,-0.5975194006387133,-0.5427832579015086,0.3701326336091446,3.583631041414792,-1.2883035972994583,2.1748437404861187
51.0,266.0,132.62808227539062,0.5479393208626762,1.491512578734157,-4.040700792776991,-3.429984855905507,-0.5848207046333247,-0.542783257901575,0.370127098797437,3.5836336395795687,-1.2874801288957012,2.1758899770064857
51.0,266.0,132.62808227539062,0.5478779529403618,1.4915101047517092,-4.016563736223173,-3.429931259189822,-0.5853959079524219,-0.5427832579015086,0.3720227595107219,3.5836336395795687,-1.2874814237295416,2.174834069959463
51.0,266.0,132.62808227539062,0.5479371659054912,1.4915126739937374,-4.018641735686635,-3.429984982496617,-0.584232498697843,-0.5427832579015086,0.3698630959681335,3.5836336395795687,-1.2874539373312437,2.1750736287977723
51.0,266.0,132.62808227539062,0.5478751027957012,1.4915089918222544,-4.017770283732102,-3.43453688910242,-0.5854467428281206,-0.5427832578927154,0.353354811350459,3.583633584550882,-1.2874814327830302,2.1748304111604275
51.0,266.0,132.62808227539062,0.5479443307532503,1.4915089129393202,-4.020530599517375,-3.434557513050347,-0.5873265663083467,-0.542783257773751,0.3700575018888117,3.5836336377119413,-1.287454917965219,2.175238943496297
51.0,266.0,132.62808227539062,0.5478941344508481,1.4915097797880998,-4.018565007985094,-3.429984982496617,-0.5848787132213917,-0.5427832579015086,0.3698901070604473,3.5836336395795687,-1.2862456100693846,2.175915211709121
51.0,267.0,132.62808227539062,0.5478948821106959,1.4915126322271512,-4.018565007985094,-3.429984982496617,-0.5849024594135139,-0.5427832579015086,0.3701326336091446,3.5836336395795687,-1.287454054547188,2.1748392698901005
51.0,267.0,132.62808227539062,0.5478948821106959,1.4915126322271512,-4.018565007985094,-3.429984982496617,-0.5849024594135139,-0.5427832579015086,0.37059461730126,3.5836336395795687,-1.2874818471703546,2.1748392698901005
51.0,267.0,132.62808227539062,0.5478948821106959,1.4915125369362046,-4.018565007985094,-3.429984982496617,-0.585550776313577,-0.5279721935780763,0.3535768109007595,3.5836336395795687,-1.287454054547188,2.174267131087437
51.0,267.0,132.62808227539062,0.5479371659054912,1.49151008825493,-4.0168287821850335,-3.429984982496617,-0.5976865291217942,-0.5427832579015086,0.3698882394018333,3.5836336395795687,-1.2874808364368373,2.1750736287977723
51.0,267.0,132.62808227539062,0.5478783960350889,1.4915126322271512,-4.013231974046128,-3.429931259189822,-0.5853959079524219,-0.5427832579015086,0.3720227595107219,3.5836336395795687,-1.2874814237295416,2.1748392698901005
51.0,267.0,132.62808227539062,0.5478948821106959,1.4915126322271512,-4.018565007985094,-3.429984982496617,-0.5849038134755663,-0.5427832579015086,0.3530703330578133,3.5836336395795687,-1.2874818471703546,2.1748392698901005
51.0,267.0,132.62808227539062,0.5478948821106959,1.4915126322271512,-4.016336684172381,-3.434426143155825,-0.5849038134755663,-0.542783257782956,0.3530703330578133,3.583633585422957,-1.2873613426977333,2.1764212863434835
51.0,267.0,132.62808227539062,0.5478948821106959,1.4915126322271512,-4.018565007985094,-3.429984982496617,-0.5849024594135139,-0.5427832579015086,0.3701326336091446,3.5836336395795687,-1.287454054547188,2.1748392698901005
51.0,267.0,132.62808227539062,0.5478783960350889,1.4915126322271512,-4.013231974046128,-3.429931259189822,-0.5853959079524219,-0.5427832579015086,0.3720227595107219,3.5836336395795687,-1.2874814237295416,2.1748392698901005
51.0,267.0,132.62808227539062,0.5478948821106959,1.4915126322271512,-4.013322040356646,-3.4299823092542527,-0.5849024594135139,-0.5427832579015086,0.37059461730126,3.5836336395795687,-1.2874818471703546,2.1748392698901005
51.0,267.0,132.62808227539062,0.5479442460587678,1.49151008825493,-4.0168287821850335,-3.429984982496617,-0.5976865291217942,-0.5427832577767248,0.3698882394018333,3.5836336395795687,-1.2592496340822534,2.1759126645516123
51.0,267.0,132.62808227539062,0.547937616529104,1.49151008825493,-4.0168287821850335,-3.429984982496617,-0.5976865291217942,-0.5427832578991345,0.3698882394018333,3.5836336395795687,-1.2866427087170385,2.1759126645516123
51.0,267.0,132.62808227539062,0.5479371659054912,1.4915106906779072,-4.0168287821850335,-3.4349824467745527,-0.5955271495185809,-0.5427832579015086,0.3698882394018333,3.5703208031567057,-1.2854039180628944,2.1750736287977723
51.0,267.0,132.62808227539062,0.5478948821106959,1.4915126322271512,-4.018565007985094,-3.429984982496617,-0.5849038134755663,-0.5427832579015086,0.3530703330578133,3.5836336395795687,-1.2874818471703546,2.1748392698901005
51.0,267.0,132.62808227539062,0.5478948821106959,1.4915121369401692,-4.017412237295675,-3.429984982496617,-0.5860867837023092,-0.5279721935780763,0.3535768109007595,3.5836336395795687,-1.2873476441941856,2.174267131087437
51.0,267.0,132.62808227539062,0.5478779684829103,1.4915100582119574,-4.016556178241865,-3.429931259189822,-0.5853959079524219,-0.5427832579015086,0.3699401538168486,3.5836336395795687,-1.2874814237295416,2.1748339715722382
51.0,267.0,132.62808227539062,0.5478948821106959,1.491510115505245,-4.018565007985094,-3.429984982496617,-0.585550776313577,-0.5279721935780763,0.3532251727814096,3.5836336395795687,-1.287454054547188,2.174196968619919
51.0,267.0,132.62808227539062,0.5478783960350889,1.4915126322271512,-4.0115682631224345,-3.429931259189822,-0.5853959079524219,-0.5427832577720734,0.3720227595107219,3.5836336401050257,-1.2874814237295416,2.1748392698901005
51.0,267.0,132.62808227539062,0.5478777894201731,1.4915126322271512,-4.013098196013769,-3.4348979588315944,-0.5853959079524219,-0.5427832579015086,0.3720227595107219,3.5836336395795687,-1.2853275760651472,2.175045059501364
51.0,267.0,132.62808227539062,0.5478951812995236,1.4915126322271512,-4.018565007985094,-3.429984982496617,-0.5848787132213917,-0.5427832579015086,0.3701326336091446,3.5836336395795687,-1.2874537400465145,2.1748392698901005
51.0,267.0,132.62808227539062,0.5479371659054912,1.49151008825493,-4.0168287821850335,-3.429984982496617,-0.5976865291217942,-0.542783257787162,0.3672821324565222,3.5836336395795687,-1.2874808364368373,2.1750736287977723
51.0,267.0,132.62808227539062,0.5478948821106959,1.4915126322271512,-4.016336684172381,-3.434426143155825,-0.5849038134755663,-0.542783257782956,0.3530703330578133,3.583633585422957,-1.287482651840964,2.176455547875888
51.0,267.0,132.62808227539062,0.5479371659054912,1.4915106906779072,-4.01855497464395,-3.4349824467745527,-0.5955271495185809,-0.5427832579015086,0.3698627616320903,3.57050069664492,-1.2873897371495855,2.1750736287977723
51.0,267.0,132.62808227539062,0.5478948821106959,1.4915126322271512,-4.018565007985094,-3.429984982496617,-0.5849038134755663,-0.5417862759426133,0.3530854246187211,3.5836336395795687,-1.2874818471703546,2.1748678712457337
51.0,267.0,132.62808227539062,0.5478783960350889,1.4915126322271512,-4.0115682631224345,-3.429931259189822,-0.5853959079524219,-0.5427832577720734,0.3720227595107219,3.5836336401050257,-1.2874814237295416,2.1748392698901005
51.0,267.0,132.62808227539062,0.5478783960350889,1.4915126322271512,-4.013231974046128,-3.429931259189822,-0.5853959079524219,-0.5427832579015086,0.3720227595107219,3.5836336395795687,-1.2874814237295416,2.1748392698901005
51.0,267.0,132.62808227539062,0.5478950984988996,1.4915047339481498,-4.018565007985094,-3.429984982496617,-0.5834720788807439,-0.5427832579015086,0.37059461730126,3.5836336395795687,-1.2874818471703546,2.1748392698901005
51.0,267.0,132.62808227539062,0.5478951812995236,1.4915126322271512,-4.018565007985094,-3.429984982496617,-0.5848779094820971,-0.5427832579015086,0.3712595339174763,3.5836336395795687,-1.2874537400465145,2.1748392698901005
51.0,267.0,132.62808227539062,0.5478931777771237,1.4915101485711668,-4.0168287821850335,-3.429984982496617,-0.5977682839019836,-0.542783257901822,0.3698227181191845,3.5836336395795687,-1.2866427087170385,2.1748619574352266
51.0,267.0,132.62808227539062,0.5479449431421275,1.4915089129393202,-4.017770283732102,-3.43453688910242,-0.5854467428281206,-0.542783257773751,0.353354811350459,3.583633584550882,-1.287480815620589,2.17524651555813
51.0,267.0,132.62808227539062,0.5478951812995236,1.4915126322271512,-4.016838815526177,-3.429984982496617,-0.5848787132213917,-0.5427832579015086,0.3701581113788876,3.583453746091355,-1.285467920959823,2.1748392698901005
51.0,267.0,132.62808227539062,0.5478783960350889,1.4915126322271512,-4.013231974046128,-3.429931259189822,-0.5853959079524219,-0.5427832579015086,0.3720227595107219,3.5836336395795687,-1.2874814237295416,2.1748392698901005
51.0,267.0,132.62808227539062,0.5479383768927283,1.4915101155575186,-4.016829557674948,-3.429984982496617,-0.5850526222642735,-0.5279721935780763,0.3532251727814096,3.5836336395795687,-1.2874550421735926,2.17506624229969
51.0,267.0,132.62808227539062,0.5479438126126436,1.4915126322271512,-4.018565007985094,-3.429984982496617,-0.5975194006387133,-0.5427832579015086,0.3701326336091446,3.5836336395795687,-1.2883035972994583,2.1748392698901005
51.0,267.0,132.62808227539062,0.5478948821106959,1.4915126322271512,-4.018565007985094,-3.429984982496617,-0.5849046172148611,-0.5427832579015086,0.3519434327494816,3.5836336395795687,-1.2874818471703546,2.1748392698901005
51.0,267.0,132.62808227539062,0.5479393208626762,1.4915125719109144,-4.040700792776991,-3.4299823092542527,-0.5848207046333247,-0.5427832578988211,0.3706601385839088,3.5836336395795687,-1.2874818471703546,2.1758899770064857
51.0,267.0,132.62808227539062,0.547893240534502,1.4915101155575186,-4.016602115314464,-3.4299850385750648,-0.5850544538520193,-0.542868027407921,0.3532251727814096,3.5836336395795687,-1.2874776621229187,2.174816816413067
51.0,267.0,132.62808227539062,0.5479452929074433,1.491512940693981,-4.0168287821850335,-3.429984982496617,-0.5976865291217942,-0.5427832577767248,0.3701307659505306,3.5836336395795687,-1.2604577640593833,2.174836722732591
51.0,267.0,132.62808227539062,0.5478950265838155,1.491512770167609,-4.018565007985094,-3.429984982496617,-0.5855074512728781,-0.5427832579015086,0.3527487862190276,3.5836336395795687,-1.2874808635451835,2.1748406629564485
51.0,267.0,132.62808227539062,0.547878504885672,1.4915126322271512,-4.013215937589671,-3.429916541685906,-0.5853959079524219,-0.5427832579015086,0.3720227595107219,3.5836336347399445,-1.2874814237295416,2.1765074249396017
51.0,267.0,132.62808227539062,0.5478783960350889,1.4915126322271512,-4.018712072817035,-3.42998471476643,-0.5853852880407711,-0.5427955023696167,0.3720227595107219,3.5836336395795687,-1.2874814237295416,2.1748392698901005
51.0,267.0,132.62808227539062,0.5478779684829103,1.4915100582119574,-4.016556178241865,-3.429931259189822,-0.5853959079524219,-0.5427832579015086,0.3699401538168486,3.5836336395795687,-1.2874814237295416,2.1748339715722382
51.0,267.0,132.62808227539062,0.5478951812995236,1.4915126322271512,-4.018636021066609,-3.429984982496617,-0.5848779094820971,-0.5427832579015086,0.3712595339174763,3.5836336395795687,-1.2874791234900465,2.1748392698901005
51.0,267.0,132.62808227539062,0.5479438126126436,1.4915126322271512,-4.018565007985094,-3.429797029743666,-0.5975194006387133,-0.5427832579015086,0.3701326336091446,3.583631041414792,-1.2883035972994583,2.1748437404861187
51.0,267.0,132.62808227539062,0.5479393208626762,1.491512578734157,-4.040700792776991,-3.429984855905507,-0.5848207046333247,-0.542783257901575,0.370127098797437,3.5836336395795687,-1.2874801288957012,2.1758899770064857
51.0,267.0,132.62808227539062,0.5478779529403618,1.4915101047517092,-4.016563736223173,-3.429931259189822,-0.5853959079524219,-0.5427832579015086,0.3720227595107219,3.5836336395795687,-1.2874814237295416,2.174834069959463
51.0,267.0,132.62808227539062,0.5479371659054912,1.4915126739937374,-4.018641735686635,-3.429984982496617,-0.584232498697843,-0.5427832579015086,0.3698630959681335,3.5836336395795687,-1.2874539373312437,2.1750736287977723
51.0,267.0,132.62808227539062,0.5478751027957012,1.4915089918222544,-4.017770283732102,-3.43453688910242,-0.5854467428281206,-0.5427832578927154,0.353354811350459,3.583633584550882,-1.2874814327830302,2.1748304111604275
51.0,267.0,132.62808227539062,0.5479443307532503,1.4915089129393202,-4.020530599517375,-3.434557513050347,-0.5873265663083467,-0.542783257773751,0.3700575018888117,3.5836336377119413,-1.287454917965219,2.175238943496297
51.0,267.0,132.62808227539062,0.5478941344508481,1.4915097797880998,-4.018565007985094,-3.429984982496617,-0.5848787132213917,-0.5427832579015086,0.3698901070604473,3.5836336395795687,-1.2862456100693846,2.175915211709121
51.0,268.0,132.62808227539062,0.5478948821106959,1.4915126322271512,-4.018565007985094,-3.429984982496617,-0.5849024594135139,-0.5427832579015086,0.3701326336091446,3.5836336395795687,-1.287454054547188,2.1748392698901005
51.0,268.0,132.62808227539062,0.5478948821106959,1.4915126322271512,-4.018565007985094,-3.429984982496617,-0.5849024594135139,-0.5427832579015086,0.37059461730126,3.5836336395795687,-1.2874818471703546,2.1748392698901005
51.0,268.0,132.62808227539062,0.5478948821106959,1.4915125369362046,-4.018565007985094,-3.429984982496617,-0.585550776313577,-0.5279721935780763,0.3535768109007595,3.5836336395795687,-1.287454054547188,2.174267131087437
51.0,268.0,132.62808227539062,0.5479371659054912,1.49151008825493,-4.0168287821850335,-3.429984982496617,-0.5976865291217942,-0.5427832579015086,0.3698882394018333,3.5836336395795687,-1.2874808364368373,2.1750736287977723
51.0,268.0,132.62808227539062,0.5478783960350889,1.4915126322271512,-4.013231974046128,-3.429931259189822,-0.5853959079524219,-0.5427832579015086,0.3720227595107219,3.5836336395795687,-1.2874814237295416,2.1748392698901005
51.0,268.0,132.62808227539062,0.5478948821106959,1.4915126322271512,-4.018565007985094,-3.429984982496617,-0.5849038134755663,-0.5427832579015086,0.3530703330578133,3.5836336395795687,-1.2874818471703546,2.1748392698901005
51.0,268.0,132.62808227539062,0.5478948821106959,1.4915126322271512,-4.016336684172381,-3.434426143155825,-0.5849038134755663,-0.542783257782956,0.3530703330578133,3.583633585422957,-1.2873613426977333,2.1764212863434835
51.0,268.0,132.62808227539062,0.5478948821106959,1.4915126322271512,-4.018565007985094,-3.429984982496617,-0.5849024594135139,-0.5427832579015086,0.3701326336091446,3.5836336395795687,-1.287454054547188,2.1748392698901005
51.0,268.0,132.62808227539062,0.5478783960350889,1.4915126322271512,-4.013231974046128,-3.429931259189822,-0.5853959079524219,-0.5427832579015086,0.3720227595107219,3.5836336395795687,-1.2874814237295416,2.1748392698901005
51.0,268.0,132.62808227539062,0.5478948821106959,1.4915126322271512,-4.013322040356646,-3.4299823092542527,-0.5849024594135139,-0.5427832579015086,0.37059461730126,3.5836336395795687,-1.2874818471703546,2.1748392698901005
51.0,268.0,132.62808227539062,0.5479442460587678,1.49151008825493,-4.0168287821850335,-3.429984982496617,-0.5976865291217942,-0.5427832577767248,0.3698882394018333,3.5836336395795687,-1.2592496340822534,2.1759126645516123
51.0,268.0,132.62808227539062,0.547937616529104,1.49151008825493,-4.0168287821850335,-3.429984982496617,-0.5976865291217942,-0.5427832578991345,0.3698882394018333,3.5836336395795687,-1.2866427087170385,2.1759126645516123
51.0,268.0,132.62808227539062,0.5479371659054912,1.4915106906779072,-4.0168287821850335,-3.4349824467745527,-0.5955271495185809,-0.5427832579015086,0.3698882394018333,3.5703208031567057,-1.2854039180628944,2.1750736287977723
51.0,268.0,132.62808227539062,0.5478948821106959,1.4915126322271512,-4.018565007985094,-3.429984982496617,-0.5849038134755663,-0.5427832579015086,0.3530703330578133,3.5836336395795687,-1.2874818471703546,2.1748392698901005
51.0,268.0,132.62808227539062,0.5478948821106959,1.4915121369401692,-4.017412237295675,-3.429984982496617,-0.5860867837023092,-0.5279721935780763,0.3535768109007595,3.5836336395795687,-1.2873476441941856,2.174267131087437
51.0,268.0,132.62808227539062,0.5478779684829103,1.4915100582119574,-4.016556178241865,-3.429931259189822,-0.5853959079524219,-0.5427832579015086,0.3699401538168486,3.5836336395795687,-1.2874814237295416,2.1748339715722382
51.0,268.0,132.62808227539062,0.5478948821106959,1.491510115505245,-4.018565007985094,-3.429984982496617,-0.585550776313577,-0.5279721935780763,0.3532251727814096,3.5836336395795687,-1.287454054547188,2.174196968619919
51.0,268.0,132.62808227539062,0.5478783960350889,1.4915126322271512,-4.0115682631224345,-3.429931259189822,-0.5853959079524219,-0.5427832577720734,0.3720227595107219,3.5836336401050257,-1.2874814237295416,2.1748392698901005
51.0,268.0,132.62808227539062,0.5478777894201731,1.4915126322271512,-4.013098196013769,-3.4348979588315944,-0.5853959079524219,-0.5427832579015086,0.3720227595107219,3.5836336395795687,-1.2853275760651472,2.175045059501364
51.0,268.0,132.62808227539062,0.5478951812995236,1.4915126322271512,-4.018565007985094,-3.429984982496617,-0.5848787132213917,-0.5427832579015086,0.3701326336091446,3.5836336395795687,-1.2874537400465145,2.1748392698901005
51.0,268.0,132.62808227539062,0.5479371659054912,1.49151008825493,-4.0168287821850335,-3.429984982496617,-0.5976865291217942,-0.542783257787162,0.3672821324565222,3.5836336395795687,-1.2874808364368373,2.1750736287977723
51.0,268.0,132.62808227539062,0.5478948821106959,1.4915126322271512,-4.016336684172381,-3.434426143155825,-0.5849038134755663,-0.542783257782956,0.3530703330578133,3.583633585422957,-1.287482651840964,2.176455547875888
51.0,268.0,132.62808227539062,0.5479371659054912,1.4915106906779072,-4.01855497464395,-3.4349824467745527,-0.5955271495185809,-0.5427832579015086,0.3698627616320903,3.57050069664492,-1.2873897371495855,2.1750736287977723
51.0,268.0,132.62808227539062,0.5478948821106959,1.4915126322271512,-4.018565007985094,-3.429984982496617,-0.5849038134755663,-0.5417862759426133,0.3530854246187211,3.5836336395795687,-1.2874818471703546,2.1748678712457337
51.0,268.0,132.62808227539062,0.5478783960350889,1.4915126322271512,-4.0115682631224345,-3.429931259189822,-0.5853959079524219,-0.5427832577720734,0.3720227595107219,3.5836336401050257,-1.2874814237295416,2.1748392698901005
51.0,268.0,132.62808227539062,0.5478783960350889,1.4915126322271512,-4.013231974046128,-3.429931259189822,-0.5853959079524219,-0.5427832579015086,0.3720227595107219,3.5836336395795687,-1.2874814237295416,2.1748392698901005
51.0,268.0,132.62808227539062,0.5478950984988996,1.4915047339481498,-4.018565007985094,-3.429984982496617,-0.5834720788807439,-0.5427832579015086,0.37059461730126,3.5836336395795687,-1.2874818471703546,2.1748392698901005
51.0,268.0,132.62808227539062,0.5478951812995236,1.4915126322271512,-4.018565007985094,-3.429984982496617,-0.5848779094820971,-0.5427832579015086,0.3712595339174763,3.5836336395795687,-1.2874537400465145,2.1748392698901005
51.0,268.0,132.62808227539062,0.5478931777771237,1.4915101485711668,-4.0168287821850335,-3.429984982496617,-0.5977682839019836,-0.542783257901822,0.3698227181191845,3.5836336395795687,-1.2866427087170385,2.1748619574352266
51.0,268.0,132.62808227539062,0.5479449431421275,1.4915089129393202,-4.017770283732102,-3.43453688910242,-0.5854467428281206,-0.542783257773751,0.353354811350459,3.583633584550882,-1.287480815620589,2.17524651555813
51.0,268.0,132.62808227539062,0.5478951812995236,1.4915126322271512,-4.016838815526177,-3.429984982496617,-0.5848787132213917,-0.5427832579015086,0.3701581113788876,3.583453746091355,-1.285467920959823,2.1748392698901005
51.0,268.0,132.62808227539062,0.5478783960350889,1.4915126322271512,-4.013231974046128,-3.429931259189822,-0.5853959079524219,-0.5427832579015086,0.3720227595107219,3.5836336395795687,-1.2874814237295416,2.1748392698901005
51.0,268.0,132.62808227539062,0.5479383768927283,1.4915101155575186,-4.016829557674948,-3.429984982496617,-0.5850526222642735,-0.5279721935780763,0.3532251727814096,3.5836336395795687,-1.2874550421735926,2.17506624229969
51.0,268.0,132.62808227539062,0.5479438126126436,1.4915126322271512,-4.018565007985094,-3.429984982496617,-0.5975194006387133,-0.5427832579015086,0.3701326336091446,3.5836336395795687,-1.2883035972994583,2.1748392698901005
51.0,268.0,132.62808227539062,0.5478948821106959,1.4915126322271512,-4.018565007985094,-3.429984982496617,-0.5849046172148611,-0.5427832579015086,0.3519434327494816,3.5836336395795687,-1.2874818471703546,2.1748392698901005
51.0,268.0,132.62808227539062,0.5479393208626762,1.4915125719109144,-4.040700792776991,-3.4299823092542527,-0.5848207046333247,-0.5427832578988211,0.3706601385839088,3.5836336395795687,-1.2874818471703546,2.1758899770064857
51.0,268.0,132.62808227539062,0.547893240534502,1.4915101155575186,-4.016602115314464,-3.4299850385750648,-0.5850544538520193,-0.542868027407921,0.3532251727814096,3.5836336395795687,-1.2874776621229187,2.174816816413067
51.0,268.0,132.62808227539062,0.5479452929074433,1.491512940693981,-4.0168287821850335,-3.429984982496617,-0.5976865291217942,-0.5427832577767248,0.3701307659505306,3.5836336395795687,-1.2604577640593833,2.174836722732591
51.0,268.0,132.62808227539062,0.5478950265838155,1.491512770167609,-4.018565007985094,-3.429984982496617,-0.5855074512728781,-0.5427832579015086,0.3527487862190276,3.5836336395795687,-1.2874808635451835,2.1748406629564485
51.0,268.0,132.62808227539062,0.547878504885672,1.4915126322271512,-4.013215937589671,-3.429916541685906,-0.5853959079524219,-0.5427832579015086,0.3720227595107219,3.5836336347399445,-1.2874814237295416,2.1765074249396017
51.0,268.0,132.62808227539062,0.5478783960350889,1.4915126322271512,-4.018712072817035,-3.42998471476643,-0.5853852880407711,-0.5427955023696167,0.3720227595107219,3.5836336395795687,-1.2874814237295416,2.1748392698901005
51.0,268.0,132.62808227539062,0.5478779684829103,1.4915100582119574,-4.016556178241865,-3.429931259189822,-0.5853959079524219,-0.5427832579015086,0.3699401538168486,3.5836336395795687,-1.2874814237295416,2.1748339715722382
51.0,268.0,132.62808227539062,0.5478951812995236,1.4915126322271512,-4.018636021066609,-3.429984982496617,-0.5848779094820971,-0.5427832579015086,0.3712595339174763,3.5836336395795687,-1.2874791234900465,2.1748392698901005
51.0,268.0,132.62808227539062,0.5479438126126436,1.4915126322271512,-4.018565007985094,-3.429797029743666,-0.5975194006387133,-0.5427832579015086,0.3701326336091446,3.583631041414792,-1.2883035972994583,2.1748437404861187
51.0,268.0,132.62808227539062,0.5479393208626762,1.491512578734157,-4.040700792776991,-3.429984855905507,-0.5848207046333247,-0.542783257901575,0.370127098797437,3.5836336395795687,-1.2874801288957012,2.1758899770064857
51.0,268.0,132.62808227539062,0.5478779529403618,1.4915101047517092,-4.016563736223173,-3.429931259189822,-0.5853959079524219,-0.5427832579015086,0.3720227595107219,3.5836336395795687,-1.2874814237295416,2.174834069959463
51.0,268.0,132.62808227539062,0.5479371659054912,1.4915126739937374,-4.018641735686635,-3.429984982496617,-0.584232498697843,-0.5427832579015086,0.3698630959681335,3.5836336395795687,-1.2874539373312437,2.1750736287977723
51.0,268.0,132.62808227539062,0.5478751027957012,1.4915089918222544,-4.017770283732102,-3.43453688910242,-0.5854467428281206,-0.5427832578927154,0.353354811350459,3.583633584550882,-1.2874814327830302,2.1748304111604275
51.0,268.0,132.62808227539062,0.5479443307532503,1.4915089129393202,-4.020530599517375,-3.434557513050347,-0.5873265663083467,-0.542783257773751,0.3700575018888117,3.5836336377119413,-1.287454917965219,2.175238943496297
51.0,268.0,132.62808227539062,0.5478941344508481,1.4915097797880998,-4.018565007985094,-3.429984982496617,-0.5848787132213917,-0.5427832579015086,0.3698901070604473,3.5836336395795687,-1.2862456100693846,2.175915211709121
51.0,269.0,132.62808227539062,0.5478948821106959,1.4915126322271512,-4.018565007985094,-3.429984982496617,-0.5849024594135139,-0.5427832579015086,0.3701326336091446,3.5836336395795687,-1.287454054547188,2.1748392698901005
51.0,269.0,132.62808227539062,0.5478948821106959,1.4915126322271512,-4.018565007985094,-3.429984982496617,-0.5849024594135139,-0.5427832579015086,0.37059461730126,3.5836336395795687,-1.2874818471703546,2.1748392698901005
51.0,269.0,132.62808227539062,0.5478948821106959,1.4915125369362046,-4.018565007985094,-3.429984982496617,-0.585550776313577,-0.5279721935780763,0.3535768109007595,3.5836336395795687,-1.287454054547188,2.174267131087437
51.0,269.0,132.62808227539062,0.5479371659054912,1.49151008825493,-4.0168287821850335,-3.429984982496617,-0.5976865291217942,-0.5427832579015086,0.3698882394018333,3.5836336395795687,-1.2874808364368373,2.1750736287977723
51.0,269.0,132.62808227539062,0.5478783960350889,1.4915126322271512,-4.013231974046128,-3.429931259189822,-0.5853959079524219,-0.5427832579015086,0.3720227595107219,3.5836336395795687,-1.2874814237295416,2.1748392698901005
51.0,269.0,132.62808227539062,0.5478948821106959,1.4915126322271512,-4.018565007985094,-3.429984982496617,-0.5849038134755663,-0.5427832579015086,0.3530703330578133,3.5836336395795687,-1.2874818471703546,2.1748392698901005
51.0,269.0,132.62808227539062,0.5478948821106959,1.4915126322271512,-4.016336684172381,-3.434426143155825,-0.5849038134755663,-0.542783257782956,0.3530703330578133,3.583633585422957,-1.2873613426977333,2.1764212863434835
51.0,269.0,132.62808227539062,0.5478948821106959,1.4915126322271512,-4.018565007985094,-3.429984982496617,-0.5849024594135139,-0.5427832579015086,0.3701326336091446,3.5836336395795687,-1.287454054547188,2.1748392698901005
51.0,269.0,132.62808227539062,0.5478783960350889,1.4915126322271512,-4.013231974046128,-3.429931259189822,-0.5853959079524219,-0.5427832579015086,0.3720227595107219,3.5836336395795687,-1.2874814237295416,2.1748392698901005
51.0,269.0,132.62808227539062,0.5478948821106959,1.4915126322271512,-4.013322040356646,-3.4299823092542527,-0.5849024594135139,-0.5427832579015086,0.37059461730126,3.5836336395795687,-1.2874818471703546,2.1748392698901005
51.0,269.0,132.62808227539062,0.5479442460587678,1.49151008825493,-4.0168287821850335,-3.429984982496617,-0.5976865291217942,-0.5427832577767248,0.3698882394018333,3.5836336395795687,-1.2592496340822534,2.1759126645516123
51.0,269.0,132.62808227539062,0.547937616529104,1.49151008825493,-4.0168287821850335,-3.429984982496617,-0.5976865291217942,-0.5427832578991345,0.3698882394018333,3.5836336395795687,-1.2866427087170385,2.1759126645516123
51.0,269.0,132.62808227539062,0.5479371659054912,1.4915106906779072,-4.0168287821850335,-3.4349824467745527,-0.5955271495185809,-0.5427832579015086,0.3698882394018333,3.5703208031567057,-1.2854039180628944,2.1750736287977723
51.0,269.0,132.62808227539062,0.5478948821106959,1.4915126322271512,-4.018565007985094,-3.429984982496617,-0.5849038134755663,-0.5427832579015086,0.3530703330578133,3.5836336395795687,-1.2874818471703546,2.1748392698901005
51.0,269.0,132.62808227539062,0.5478948821106959,1.4915121369401692,-4.017412237295675,-3.429984982496617,-0.5860867837023092,-0.5279721935780763,0.3535768109007595,3.5836336395795687,-1.2873476441941856,2.174267131087437
51.0,269.0,132.62808227539062,0.5478779684829103,1.4915100582119574,-4.016556178241865,-3.429931259189822,-0.5853959079524219,-0.5427832579015086,0.3699401538168486,3.5836336395795687,-1.2874814237295416,2.1748339715722382
51.0,269.0,132.62808227539062,0.5478948821106959,1.491510115505245,-4.018565007985094,-3.429984982496617,-0.585550776313577,-0.5279721935780763,0.3532251727814096,3.5836336395795687,-1.287454054547188,2.174196968619919
51.0,269.0,132.62808227539062,0.5478783960350889,1.4915126322271512,-4.0115682631224345,-3.429931259189822,-0.5853959079524219,-0.5427832577720734,0.3720227595107219,3.5836336401050257,-1.2874814237295416,2.1748392698901005
51.0,269.0,132.62808227539062,0.5478777894201731,1.4915126322271512,-4.013098196013769,-3.4348979588315944,-0.5853959079524219,-0.5427832579015086,0.3720227595107219,3.5836336395795687,-1.2853275760651472,2.175045059501364
51.0,269.0,132.62808227539062,0.5478951812995236,1.4915126322271512,-4.018565007985094,-3.429984982496617,-0.5848787132213917,-0.5427832579015086,0.3701326336091446,3.5836336395795687,-1.2874537400465145,2.1748392698901005
51.0,269.0,132.62808227539062,0.5479371659054912,1.49151008825493,-4.0168287821850335,-3.429984982496617,-0.5976865291217942,-0.542783257787162,0.3672821324565222,3.5836336395795687,-1.2874808364368373,2.1750736287977723
51.0,269.0,132.62808227539062,0.5478948821106959,1.4915126322271512,-4.016336684172381,-3.434426143155825,-0.5849038134755663,-0.542783257782956,0.3530703330578133,3.583633585422957,-1.287482651840964,2.176455547875888
51.0,269.0,132.62808227539062,0.5479371659054912,1.4915106906779072,-4.01855497464395,-3.4349824467745527,-0.5955271495185809,-0.5427832579015086,0.3698627616320903,3.57050069664492,-1.2873897371495855,2.1750736287977723
51.0,269.0,132.62808227539062,0.5478948821106959,1.4915126322271512,-4.018565007985094,-3.429984982496617,-0.5849038134755663,-0.5417862759426133,0.3530854246187211,3.5836336395795687,-1.2874818471703546,2.1748678712457337
51.0,269.0,132.62808227539062,0.5478783960350889,1.4915126322271512,-4.0115682631224345,-3.429931259189822,-0.5853959079524219,-0.5427832577720734,0.3720227595107219,3.5836336401050257,-1.2874814237295416,2.1748392698901005
51.0,269.0,132.62808227539062,0.5478783960350889,1.4915126322271512,-4.013231974046128,-3.429931259189822,-0.5853959079524219,-0.5427832579015086,0.3720227595107219,3.5836336395795687,-1.2874814237295416,2.1748392698901005
51.0,269.0,132.62808227539062,0.5478950984988996,1.4915047339481498,-4.018565007985094,-3.429984982496617,-0.5834720788807439,-0.5427832579015086,0.37059461730126,3.5836336395795687,-1.2874818471703546,2.1748392698901005
51.0,269.0,132.62808227539062,0.5478951812995236,1.4915126322271512,-4.018565007985094,-3.429984982496617,-0.5848779094820971,-0.5427832579015086,0.3712595339174763,3.5836336395795687,-1.2874537400465145,2.1748392698901005
51.0,269.0,132.62808227539062,0.5478931777771237,1.4915101485711668,-4.0168287821850335,-3.429984982496617,-0.5977682839019836,-0.542783257901822,0.3698227181191845,3.5836336395795687,-1.2866427087170385,2.1748619574352266
51.0,269.0,132.62808227539062,0.5479449431421275,1.4915089129393202,-4.017770283732102,-3.43453688910242,-0.5854467428281206,-0.542783257773751,0.353354811350459,3.583633584550882,-1.287480815620589,2.17524651555813
51.0,269.0,132.62808227539062,0.5478951812995236,1.4915126322271512,-4.016838815526177,-3.429984982496617,-0.5848787132213917,-0.5427832579015086,0.3701581113788876,3.583453746091355,-1.285467920959823,2.1748392698901005
51.0,269.0,132.62808227539062,0.5478783960350889,1.4915126322271512,-4.013231974046128,-3.429931259189822,-0.5853959079524219,-0.5427832579015086,0.3720227595107219,3.5836336395795687,-1.2874814237295416,2.1748392698901005
51.0,269.0,132.62808227539062,0.5479383768927283,1.4915101155575186,-4.016829557674948,-3.429984982496617,-0.5850526222642735,-0.5279721935780763,0.3532251727814096,3.5836336395795687,-1.2874550421735926,2.17506624229969
51.0,269.0,132.62808227539062,0.5479438126126436,1.4915126322271512,-4.018565007985094,-3.429984982496617,-0.5975194006387133,-0.5427832579015086,0.3701326336091446,3.5836336395795687,-1.2883035972994583,2.1748392698901005
51.0,269.0,132.62808227539062,0.5478948821106959,1.4915126322271512,-4.018565007985094,-3.429984982496617,-0.5849046172148611,-0.5427832579015086,0.3519434327494816,3.5836336395795687,-1.2874818471703546,2.1748392698901005
51.0,269.0,132.62808227539062,0.5479393208626762,1.4915125719109144,-4.040700792776991,-3.4299823092542527,-0.5848207046333247,-0.5427832578988211,0.3706601385839088,3.5836336395795687,-1.2874818471703546,2.1758899770064857
51.0,269.0,132.62808227539062,0.547893240534502,1.4915101155575186,-4.016602115314464,-3.4299850385750648,-0.5850544538520193,-0.542868027407921,0.3532251727814096,3.5836336395795687,-1.2874776621229187,2.174816816413067
51.0,269.0,132.62808227539062,0.5479452929074433,1.491512940693981,-4.0168287821850335,-3.429984982496617,-0.5976865291217942,-0.5427832577767248,0.3701307659505306,3.5836336395795687,-1.2604577640593833,2.174836722732591
51.0,269.0,132.62808227539062,0.5478950265838155,1.491512770167609,-4.018565007985094,-3.429984982496617,-0.5855074512728781,-0.5427832579015086,0.3527487862190276,3.5836336395795687,-1.2874808635451835,2.1748406629564485
51.0,269.0,132.62808227539062,0.547878504885672,1.4915126322271512,-4.013215937589671,-3.429916541685906,-0.5853959079524219,-0.5427832579015086,0.3720227595107219,3.5836336347399445,-1.2874814237295416,2.1765074249396017
51.0,269.0,132.62808227539062,0.5478783960350889,1.4915126322271512,-4.018712072817035,-3.42998471476643,-0.5853852880407711,-0.5427955023696167,0.3720227595107219,3.5836336395795687,-1.2874814237295416,2.1748392698901005
51.0,269.0,132.62808227539062,0.5478779684829103,1.4915100582119574,-4.016556178241865,-3.429931259189822,-0.5853959079524219,-0.5427832579015086,0.3699401538168486,3.5836336395795687,-1.2874814237295416,2.1748339715722382
51.0,269.0,132.62808227539062,0.5478951812995236,1.4915126322271512,-4.018636021066609,-3.429984982496617,-0.5848779094820971,-0.5427832579015086,0.3712595339174763,3.5836336395795687,-1.2874791234900465,2.1748392698901005
51.0,269.0,132.62808227539062,0.5479438126126436,1.4915126322271512,-4.018565007985094,-3.429797029743666,-0.5975194006387133,-0.5427832579015086,0.3701326336091446,3.583631041414792,-1.2883035972994583,2.1748437404861187
51.0,269.0,132.62808227539062,0.5479393208626762,1.491512578734157,-4.040700792776991,-3.429984855905507,-0.5848207046333247,-0.542783257901575,0.370127098797437,3.5836336395795687,-1.2874801288957012,2.1758899770064857
51.0,269.0,132.62808227539062,0.5478779529403618,1.4915101047517092,-4.016563736223173,-3.429931259189822,-0.5853959079524219,-0.5427832579015086,0.3720227595107219,3.5836336395795687,-1.2874814237295416,2.174834069959463
51.0,269.0,132.62808227539062,0.5479371659054912,1.4915126739937374,-4.018641735686635,-3.429984982496617,-0.584232498697843,-0.5427832579015086,0.3698630959681335,3.5836336395795687,-1.2874539373312437,2.1750736287977723
51.0,269.0,132.62808227539062,0.5478751027957012,1.4915089918222544,-4.017770283732102,-3.43453688910242,-0.5854467428281206,-0.5427832578927154,0.353354811350459,3.583633584550882,-1.2874814327830302,2.1748304111604275
51.0,269.0,132.62808227539062,0.5479443307532503,1.4915089129393202,-4.020530599517375,-3.434557513050347,-0.5873265663083467,-0.542783257773751,0.3700575018888117,3.5836336377119413,-1.287454917965219,2.175238943496297
51.0,269.0,132.62808227539062,0.5478941344508481,1.4915097797880998,-4.018565007985094,-3.429984982496617,-0.5848787132213917,-0.5427832579015086,0.3698901070604473,3.5836336395795687,-1.2862456100693846,2.175915211709121
51.0,270.0,132.62808227539062,0.5478948821106959,1.4915126322271512,-4.018565007985094,-3.429984982496617,-0.5849024594135139,-0.5427832579015086,0.3701326336091446,3.5836336395795687,-1.287454054547188,2.1748392698901005
51.0,270.0,132.62808227539062,0.5478948821106959,1.4915126322271512,-4.018565007985094,-3.429984982496617,-0.5849024594135139,-0.5427832579015086,0.37059461730126,3.5836336395795687,-1.2874818471703546,2.1748392698901005
51.0,270.0,132.62808227539062,0.5478948821106959,1.4915125369362046,-4.018565007985094,-3.429984982496617,-0.585550776313577,-0.5279721935780763,0.3535768109007595,3.5836336395795687,-1.287454054547188,2.174267131087437
51.0,270.0,132.62808227539062,0.5479371659054912,1.49151008825493,-4.0168287821850335,-3.429984982496617,-0.5976865291217942,-0.5427832579015086,0.3698882394018333,3.5836336395795687,-1.2874808364368373,2.1750736287977723
51.0,270.0,132.62808227539062,0.5478783960350889,1.4915126322271512,-4.013231974046128,-3.429931259189822,-0.5853959079524219,-0.5427832579015086,0.3720227595107219,3.5836336395795687,-1.2874814237295416,2.1748392698901005
51.0,270.0,132.62808227539062,0.5478948821106959,1.4915126322271512,-4.018565007985094,-3.429984982496617,-0.5849038134755663,-0.5427832579015086,0.3530703330578133,3.5836336395795687,-1.2874818471703546,2.1748392698901005
51.0,270.0,132.62808227539062,0.5478948821106959,1.4915126322271512,-4.016336684172381,-3.434426143155825,-0.5849038134755663,-0.542783257782956,0.3530703330578133,3.583633585422957,-1.2873613426977333,2.1764212863434835
51.0,270.0,132.62808227539062,0.5478948821106959,1.4915126322271512,-4.018565007985094,-3.429984982496617,-0.5849024594135139,-0.5427832579015086,0.3701326336091446,3.5836336395795687,-1.287454054547188,2.1748392698901005
51.0,270.0,132.62808227539062,0.5478783960350889,1.4915126322271512,-4.013231974046128,-3.429931259189822,-0.5853959079524219,-0.5427832579015086,0.3720227595107219,3.5836336395795687,-1.2874814237295416,2.1748392698901005
51.0,270.0,132.62808227539062,0.5478948821106959,1.4915126322271512,-4.013322040356646,-3.4299823092542527,-0.5849024594135139,-0.5427832579015086,0.37059461730126,3.5836336395795687,-1.2874818471703546,2.1748392698901005
51.0,270.0,132.62808227539062,0.5479442460587678,1.49151008825493,-4.0168287821850335,-3.429984982496617,-0.5976865291217942,-0.5427832577767248,0.3698882394018333,3.5836336395795687,-1.2592496340822534,2.1759126645516123
51.0,270.0,132.62808227539062,0.547937616529104,1.49151008825493,-4.0168287821850335,-3.429984982496617,-0.5976865291217942,-0.5427832578991345,0.3698882394018333,3.5836336395795687,-1.2866427087170385,2.1759126645516123
51.0,270.0,132.62808227539062,0.5479371659054912,1.4915106906779072,-4.0168287821850335,-3.4349824467745527,-0.5955271495185809,-0.5427832579015086,0.3698882394018333,3.5703208031567057,-1.2854039180628944,2.1750736287977723
51.0,270.0,132.62808227539062,0.5478948821106959,1.4915126322271512,-4.018565007985094,-3.429984982496617,-0.5849038134755663,-0.5427832579015086,0.3530703330578133,3.5836336395795687,-1.2874818471703546,2.1748392698901005
51.0,270.0,132.62808227539062,0.5478948821106959,1.4915121369401692,-4.017412237295675,-3.429984982496617,-0.5860867837023092,-0.5279721935780763,0.3535768109007595,3.5836336395795687,-1.2873476441941856,2.174267131087437
51.0,270.0,132.62808227539062,0.5478779684829103,1.4915100582119574,-4.016556178241865,-3.429931259189822,-0.5853959079524219,-0.5427832579015086,0.3699401538168486,3.5836336395795687,-1.2874814237295416,2.1748339715722382
51.0,270.0,132.62808227539062,0.5478948821106959,1.491510115505245,-4.018565007985094,-3.429984982496617,-0.585550776313577,-0.5279721935780763,0.3532251727814096,3.5836336395795687,-1.287454054547188,2.174196968619919
51.0,270.0,132.62808227539062,0.5478783960350889,1.4915126322271512,-4.0115682631224345,-3.429931259189822,-0.5853959079524219,-0.5427832577720734,0.3720227595107219,3.5836336401050257,-1.2874814237295416,2.1748392698901005
51.0,270.0,132.62808227539062,0.5478777894201731,1.4915126322271512,-4.013098196013769,-3.4348979588315944,-0.5853959079524219,-0.5427832579015086,0.3720227595107219,3.5836336395795687,-1.2853275760651472,2.175045059501364
51.0,270.0,132.62808227539062,0.5478951812995236,1.4915126322271512,-4.018565007985094,-3.429984982496617,-0.5848787132213917,-0.5427832579015086,0.3701326336091446,3.5836336395795687,-1.2874537400465145,2.1748392698901005
51.0,270.0,132.62808227539062,0.5479371659054912,1.49151008825493,-4.0168287821850335,-3.429984982496617,-0.5976865291217942,-0.542783257787162,0.3672821324565222,3.5836336395795687,-1.2874808364368373,2.1750736287977723
51.0,270.0,132.62808227539062,0.5478948821106959,1.4915126322271512,-4.016336684172381,-3.434426143155825,-0.5849038134755663,-0.542783257782956,0.3530703330578133,3.583633585422957,-1.287482651840964,2.176455547875888
51.0,270.0,132.62808227539062,0.5479371659054912,1.4915106906779072,-4.01855497464395,-3.4349824467745527,-0.5955271495185809,-0.5427832579015086,0.3698627616320903,3.57050069664492,-1.2873897371495855,2.1750736287977723
51.0,270.0,132.62808227539062,0.5478948821106959,1.4915126322271512,-4.018565007985094,-3.429984982496617,-0.5849038134755663,-0.5417862759426133,0.3530854246187211,3.5836336395795687,-1.2874818471703546,2.1748678712457337
51.0,270.0,132.62808227539062,0.5478783960350889,1.4915126322271512,-4.0115682631224345,-3.429931259189822,-0.5853959079524219,-0.5427832577720734,0.3720227595107219,3.5836336401050257,-1.2874814237295416,2.1748392698901005
51.0,270.0,132.62808227539062,0.5478783960350889,1.4915126322271512,-4.013231974046128,-3.429931259189822,-0.5853959079524219,-0.5427832579015086,0.3720227595107219,3.5836336395795687,-1.2874814237295416,2.1748392698901005
51.0,270.0,132.62808227539062,0.5478950984988996,1.4915047339481498,-4.018565007985094,-3.429984982496617,-0.5834720788807439,-0.5427832579015086,0.37059461730126,3.5836336395795687,-1.2874818471703546,2.1748392698901005
51.0,270.0,132.62808227539062,0.5478951812995236,1.4915126322271512,-4.018565007985094,-3.429984982496617,-0.5848779094820971,-0.5427832579015086,0.3712595339174763,3.5836336395795687,-1.2874537400465145,2.1748392698901005
51.0,270.0,132.62808227539062,0.5478931777771237,1.4915101485711668,-4.0168287821850335,-3.429984982496617,-0.5977682839019836,-0.542783257901822,0.3698227181191845,3.5836336395795687,-1.2866427087170385,2.1748619574352266
51.0,270.0,132.62808227539062,0.5479449431421275,1.4915089129393202,-4.017770283732102,-3.43453688910242,-0.5854467428281206,-0.542783257773751,0.353354811350459,3.583633584550882,-1.287480815620589,2.17524651555813
51.0,270.0,132.62808227539062,0.5478951812995236,1.4915126322271512,-4.016838815526177,-3.429984982496617,-0.5848787132213917,-0.5427832579015086,0.3701581113788876,3.583453746091355,-1.285467920959823,2.1748392698901005
51.0,270.0,132.62808227539062,0.5478783960350889,1.4915126322271512,-4.013231974046128,-3.429931259189822,-0.5853959079524219,-0.5427832579015086,0.3720227595107219,3.5836336395795687,-1.2874814237295416,2.1748392698901005
51.0,270.0,132.62808227539062,0.5479383768927283,1.4915101155575186,-4.016829557674948,-3.429984982496617,-0.5850526222642735,-0.5279721935780763,0.3532251727814096,3.5836336395795687,-1.2874550421735926,2.17506624229969
51.0,270.0,132.62808227539062,0.5479438126126436,1.4915126322271512,-4.018565007985094,-3.429984982496617,-0.5975194006387133,-0.5427832579015086,0.3701326336091446,3.5836336395795687,-1.2883035972994583,2.1748392698901005
51.0,270.0,132.62808227539062,0.5478948821106959,1.4915126322271512,-4.018565007985094,-3.429984982496617,-0.5849046172148611,-0.5427832579015086,0.3519434327494816,3.5836336395795687,-1.2874818471703546,2.1748392698901005
51.0,270.0,132.62808227539062,0.5479393208626762,1.4915125719109144,-4.040700792776991,-3.4299823092542527,-0.5848207046333247,-0.5427832578988211,0.3706601385839088,3.5836336395795687,-1.2874818471703546,2.1758899770064857
51.0,270.0,132.62808227539062,0.547893240534502,1.4915101155575186,-4.016602115314464,-3.4299850385750648,-0.5850544538520193,-0.542868027407921,0.3532251727814096,3.5836336395795687,-1.2874776621229187,2.174816816413067
51.0,270.0,132.62808227539062,0.5479452929074433,1.491512940693981,-4.0168287821850335,-3.429984982496617,-0.5976865291217942,-0.5427832577767248,0.3701307659505306,3.5836336395795687,-1.2604577640593833,2.174836722732591
51.0,270.0,132.62808227539062,0.5478950265838155,1.491512770167609,-4.018565007985094,-3.429984982496617,-0.5855074512728781,-0.5427832579015086,0.3527487862190276,3.5836336395795687,-1.2874808635451835,2.1748406629564485
51.0,270.0,132.62808227539062,0.547878504885672,1.4915126322271512,-4.013215937589671,-3.429916541685906,-0.5853959079524219,-0.5427832579015086,0.3720227595107219,3.5836336347399445,-1.2874814237295416,2.1765074249396017
51.0,270.0,132.62808227539062,0.5478783960350889,1.4915126322271512,-4.018712072817035,-3.42998471476643,-0.5853852880407711,-0.5427955023696167,0.3720227595107219,3.5836336395795687,-1.2874814237295416,2.1748392698901005
51.0,270.0,132.62808227539062,0.5478779684829103,1.4915100582119574,-4.016556178241865,-3.429931259189822,-0.5853959079524219,-0.5427832579015086,0.3699401538168486,3.5836336395795687,-1.2874814237295416,2.1748339715722382
51.0,270.0,132.62808227539062,0.5478951812995236,1.4915126322271512,-4.018636021066609,-3.429984982496617,-0.5848779094820971,-0.5427832579015086,0.3712595339174763,3.5836336395795687,-1.2874791234900465,2.1748392698901005
51.0,270.0,132.62808227539062,0.5479438126126436,1.4915126322271512,-4.018565007985094,-3.429797029743666,-0.5975194006387133,-0.5427832579015086,0.3701326336091446,3.583631041414792,-1.2883035972994583,2.1748437404861187
51.0,270.0,132.62808227539062,0.5479393208626762,1.491512578734157,-4.040700792776991,-3.429984855905507,-0.5848207046333247,-0.542783257901575,0.370127098797437,3.5836336395795687,-1.2874801288957012,2.1758899770064857
51.0,270.0,132.62808227539062,0.5478779529403618,1.4915101047517092,-4.016563736223173,-3.429931259189822,-0.5853959079524219,-0.5427832579015086,0.3720227595107219,3.5836336395795687,-1.2874814237295416,2.174834069959463
51.0,270.0,132.62808227539062,0.5479371659054912,1.4915126739937374,-4.018641735686635,-3.429984982496617,-0.584232498697843,-0.5427832579015086,0.3698630959681335,3.5836336395795687,-1.2874539373312437,2.1750736287977723
51.0,270.0,132.62808227539062,0.5478751027957012,1.4915089918222544,-4.017770283732102,-3.43453688910242,-0.5854467428281206,-0.5427832578927154,0.353354811350459,3.583633584550882,-1.2874814327830302,2.1748304111604275
51.0,270.0,132.62808227539062,0.5479443307532503,1.4915089129393202,-4.020530599517375,-3.434557513050347,-0.5873265663083467,-0.542783257773751,0.3700575018888117,3.5836336377119413,-1.287454917965219,2.175238943496297
51.0,270.0,132.62808227539062,0.5478941344508481,1.4915097797880998,-4.018565007985094,-3.429984982496617,-0.5848787132213917,-0.5427832579015086,0.3698901070604473,3.5836336395795687,-1.2862456100693846,2.175915211709121
51.0,271.0,132.62808227539062,0.5478948821106959,1.4915126322271512,-4.018565007985094,-3.429984982496617,-0.5849024594135139,-0.5427832579015086,0.3701326336091446,3.5836336395795687,-1.287454054547188,2.1748392698901005
51.0,271.0,132.62808227539062,0.5478948821106959,1.4915126322271512,-4.018565007985094,-3.429984982496617,-0.5849024594135139,-0.5427832579015086,0.37059461730126,3.5836336395795687,-1.2874818471703546,2.1748392698901005
51.0,271.0,132.62808227539062,0.5478948821106959,1.4915125369362046,-4.018565007985094,-3.429984982496617,-0.585550776313577,-0.5279721935780763,0.3535768109007595,3.5836336395795687,-1.287454054547188,2.174267131087437
51.0,271.0,132.62808227539062,0.5479371659054912,1.49151008825493,-4.0168287821850335,-3.429984982496617,-0.5976865291217942,-0.5427832579015086,0.3698882394018333,3.5836336395795687,-1.2874808364368373,2.1750736287977723
51.0,271.0,132.62808227539062,0.5478783960350889,1.4915126322271512,-4.013231974046128,-3.429931259189822,-0.5853959079524219,-0.5427832579015086,0.3720227595107219,3.5836336395795687,-1.2874814237295416,2.1748392698901005
51.0,271.0,132.62808227539062,0.5478948821106959,1.4915126322271512,-4.018565007985094,-3.429984982496617,-0.5849038134755663,-0.5427832579015086,0.3530703330578133,3.5836336395795687,-1.2874818471703546,2.1748392698901005
51.0,271.0,132.62808227539062,0.5478948821106959,1.4915126322271512,-4.016336684172381,-3.434426143155825,-0.5849038134755663,-0.542783257782956,0.3530703330578133,3.583633585422957,-1.2873613426977333,2.1764212863434835
51.0,271.0,132.62808227539062,0.5478948821106959,1.4915126322271512,-4.018565007985094,-3.429984982496617,-0.5849024594135139,-0.5427832579015086,0.3701326336091446,3.5836336395795687,-1.287454054547188,2.1748392698901005
51.0,271.0,132.62808227539062,0.5478783960350889,1.4915126322271512,-4.013231974046128,-3.429931259189822,-0.5853959079524219,-0.5427832579015086,0.3720227595107219,3.5836336395795687,-1.2874814237295416,2.1748392698901005
51.0,271.0,132.62808227539062,0.5478948821106959,1.4915126322271512,-4.013322040356646,-3.4299823092542527,-0.5849024594135139,-0.5427832579015086,0.37059461730126,3.5836336395795687,-1.2874818471703546,2.1748392698901005
51.0,271.0,132.62808227539062,0.5479442460587678,1.49151008825493,-4.0168287821850335,-3.429984982496617,-0.5976865291217942,-0.5427832577767248,0.3698882394018333,3.5836336395795687,-1.2592496340822534,2.1759126645516123
51.0,271.0,132.62808227539062,0.547937616529104,1.49151008825493,-4.0168287821850335,-3.429984982496617,-0.5976865291217942,-0.5427832578991345,0.3698882394018333,3.5836336395795687,-1.2866427087170385,2.1759126645516123
51.0,271.0,132.62808227539062,0.5479371659054912,1.4915106906779072,-4.0168287821850335,-3.4349824467745527,-0.5955271495185809,-0.5427832579015086,0.3698882394018333,3.5703208031567057,-1.2854039180628944,2.1750736287977723
51.0,271.0,132.62808227539062,0.5478948821106959,1.4915126322271512,-4.018565007985094,-3.429984982496617,-0.5849038134755663,-0.5427832579015086,0.3530703330578133,3.5836336395795687,-1.2874818471703546,2.1748392698901005
51.0,271.0,132.62808227539062,0.5478948821106959,1.4915121369401692,-4.017412237295675,-3.429984982496617,-0.5860867837023092,-0.5279721935780763,0.3535768109007595,3.5836336395795687,-1.2873476441941856,2.174267131087437
51.0,271.0,132.62808227539062,0.5478779684829103,1.4915100582119574,-4.016556178241865,-3.429931259189822,-0.5853959079524219,-0.5427832579015086,0.3699401538168486,3.5836336395795687,-1.2874814237295416,2.1748339715722382
51.0,271.0,132.62808227539062,0.5478948821106959,1.491510115505245,-4.018565007985094,-3.429984982496617,-0.585550776313577,-0.5279721935780763,0.3532251727814096,3.5836336395795687,-1.287454054547188,2.174196968619919
51.0,271.0,132.62808227539062,0.5478783960350889,1.4915126322271512,-4.0115682631224345,-3.429931259189822,-0.5853959079524219,-0.5427832577720734,0.3720227595107219,3.5836336401050257,-1.2874814237295416,2.1748392698901005
51.0,271.0,132.62808227539062,0.5478777894201731,1.4915126322271512,-4.013098196013769,-3.4348979588315944,-0.5853959079524219,-0.5427832579015086,0.3720227595107219,3.5836336395795687,-1.2853275760651472,2.175045059501364
51.0,271.0,132.62808227539062,0.5478951812995236,1.4915126322271512,-4.018565007985094,-3.429984982496617,-0.5848787132213917,-0.5427832579015086,0.3701326336091446,3.5836336395795687,-1.2874537400465145,2.1748392698901005
51.0,271.0,132.62808227539062,0.5479371659054912,1.49151008825493,-4.0168287821850335,-3.429984982496617,-0.5976865291217942,-0.542783257787162,0.3672821324565222,3.5836336395795687,-1.2874808364368373,2.1750736287977723
51.0,271.0,132.62808227539062,0.5478948821106959,1.4915126322271512,-4.016336684172381,-3.434426143155825,-0.5849038134755663,-0.542783257782956,0.3530703330578133,3.583633585422957,-1.287482651840964,2.176455547875888
51.0,271.0,132.62808227539062,0.5479371659054912,1.4915106906779072,-4.01855497464395,-3.4349824467745527,-0.5955271495185809,-0.5427832579015086,0.3698627616320903,3.57050069664492,-1.2873897371495855,2.1750736287977723
51.0,271.0,132.62808227539062,0.5478948821106959,1.4915126322271512,-4.018565007985094,-3.429984982496617,-0.5849038134755663,-0.5417862759426133,0.3530854246187211,3.5836336395795687,-1.2874818471703546,2.1748678712457337
51.0,271.0,132.62808227539062,0.5478783960350889,1.4915126322271512,-4.0115682631224345,-3.429931259189822,-0.5853959079524219,-0.5427832577720734,0.3720227595107219,3.5836336401050257,-1.2874814237295416,2.1748392698901005
51.0,271.0,132.62808227539062,0.5478783960350889,1.4915126322271512,-4.013231974046128,-3.429931259189822,-0.5853959079524219,-0.5427832579015086,0.3720227595107219,3.5836336395795687,-1.2874814237295416,2.1748392698901005
51.0,271.0,132.62808227539062,0.5478950984988996,1.4915047339481498,-4.018565007985094,-3.429984982496617,-0.5834720788807439,-0.5427832579015086,0.37059461730126,3.5836336395795687,-1.2874818471703546,2.1748392698901005
51.0,271.0,132.62808227539062,0.5478951812995236,1.4915126322271512,-4.018565007985094,-3.429984982496617,-0.5848779094820971,-0.5427832579015086,0.3712595339174763,3.5836336395795687,-1.2874537400465145,2.1748392698901005
51.0,271.0,132.62808227539062,0.5478931777771237,1.4915101485711668,-4.0168287821850335,-3.429984982496617,-0.5977682839019836,-0.542783257901822,0.3698227181191845,3.5836336395795687,-1.2866427087170385,2.1748619574352266
51.0,271.0,132.62808227539062,0.5479449431421275,1.4915089129393202,-4.017770283732102,-3.43453688910242,-0.5854467428281206,-0.542783257773751,0.353354811350459,3.583633584550882,-1.287480815620589,2.17524651555813
51.0,271.0,132.62808227539062,0.5478951812995236,1.4915126322271512,-4.016838815526177,-3.429984982496617,-0.5848787132213917,-0.5427832579015086,0.3701581113788876,3.583453746091355,-1.285467920959823,2.1748392698901005
51.0,271.0,132.62808227539062,0.5478783960350889,1.4915126322271512,-4.013231974046128,-3.429931259189822,-0.5853959079524219,-0.5427832579015086,0.3720227595107219,3.5836336395795687,-1.2874814237295416,2.1748392698901005
51.0,271.0,132.62808227539062,0.5479383768927283,1.4915101155575186,-4.016829557674948,-3.429984982496617,-0.5850526222642735,-0.5279721935780763,0.3532251727814096,3.5836336395795687,-1.2874550421735926,2.17506624229969
51.0,271.0,132.62808227539062,0.5479438126126436,1.4915126322271512,-4.018565007985094,-3.429984982496617,-0.5975194006387133,-0.5427832579015086,0.3701326336091446,3.5836336395795687,-1.2883035972994583,2.1748392698901005
51.0,271.0,132.62808227539062,0.5478948821106959,1.4915126322271512,-4.018565007985094,-3.429984982496617,-0.5849046172148611,-0.5427832579015086,0.3519434327494816,3.5836336395795687,-1.2874818471703546,2.1748392698901005
51.0,271.0,132.62808227539062,0.5479393208626762,1.4915125719109144,-4.040700792776991,-3.4299823092542527,-0.5848207046333247,-0.5427832578988211,0.3706601385839088,3.5836336395795687,-1.2874818471703546,2.1758899770064857
51.0,271.0,132.62808227539062,0.547893240534502,1.4915101155575186,-4.016602115314464,-3.4299850385750648,-0.5850544538520193,-0.542868027407921,0.3532251727814096,3.5836336395795687,-1.2874776621229187,2.174816816413067
51.0,271.0,132.62808227539062,0.5479452929074433,1.491512940693981,-4.0168287821850335,-3.429984982496617,-0.5976865291217942,-0.5427832577767248,0.3701307659505306,3.5836336395795687,-1.2604577640593833,2.174836722732591
51.0,271.0,132.62808227539062,0.5478950265838155,1.491512770167609,-4.018565007985094,-3.429984982496617,-0.5855074512728781,-0.5427832579015086,0.3527487862190276,3.5836336395795687,-1.2874808635451835,2.1748406629564485
51.0,271.0,132.62808227539062,0.547878504885672,1.4915126322271512,-4.013215937589671,-3.429916541685906,-0.5853959079524219,-0.5427832579015086,0.3720227595107219,3.5836336347399445,-1.2874814237295416,2.1765074249396017
51.0,271.0,132.62808227539062,0.5478783960350889,1.4915126322271512,-4.018712072817035,-3.42998471476643,-0.5853852880407711,-0.5427955023696167,0.3720227595107219,3.5836336395795687,-1.2874814237295416,2.1748392698901005
51.0,271.0,132.62808227539062,0.5478779684829103,1.4915100582119574,-4.016556178241865,-3.429931259189822,-0.5853959079524219,-0.5427832579015086,0.3699401538168486,3.5836336395795687,-1.2874814237295416,2.1748339715722382
51.0,271.0,132.62808227539062,0.5478951812995236,1.4915126322271512,-4.018636021066609,-3.429984982496617,-0.5848779094820971,-0.5427832579015086,0.3712595339174763,3.5836336395795687,-1.2874791234900465,2.1748392698901005
51.0,271.0,132.62808227539062,0.5479438126126436,1.4915126322271512,-4.018565007985094,-3.429797029743666,-0.5975194006387133,-0.5427832579015086,0.3701326336091446,3.583631041414792,-1.2883035972994583,2.1748437404861187
51.0,271.0,132.62808227539062,0.5479393208626762,1.491512578734157,-4.040700792776991,-3.429984855905507,-0.5848207046333247,-0.542783257901575,0.370127098797437,3.5836336395795687,-1.2874801288957012,2.1758899770064857
51.0,271.0,132.62808227539062,0.5478779529403618,1.4915101047517092,-4.016563736223173,-3.429931259189822,-0.5853959079524219,-0.5427832579015086,0.3720227595107219,3.5836336395795687,-1.2874814237295416,2.174834069959463
51.0,271.0,132.62808227539062,0.5479371659054912,1.4915126739937374,-4.018641735686635,-3.429984982496617,-0.584232498697843,-0.5427832579015086,0.3698630959681335,3.5836336395795687,-1.2874539373312437,2.1750736287977723
51.0,271.0,132.62808227539062,0.5478751027957012,1.4915089918222544,-4.017770283732102,-3.43453688910242,-0.5854467428281206,-0.5427832578927154,0.353354811350459,3.583633584550882,-1.2874814327830302,2.1748304111604275
51.0,271.0,132.62808227539062,0.5479443307532503,1.4915089129393202,-4.020530599517375,-3.434557513050347,-0.5873265663083467,-0.542783257773751,0.3700575018888117,3.5836336377119413,-1.287454917965219,2.175238943496297
51.0,271.0,132.62808227539062,0.5478941344508481,1.4915097797880998,-4.018565007985094,-3.429984982496617,-0.5848787132213917,-0.5427832579015086,0.3698901070604473,3.5836336395795687,-1.2862456100693846,2.175915211709121
51.0,272.0,132.62808227539062,0.5478948821106959,1.4915126322271512,-4.018565007985094,-3.429984982496617,-0.5849024594135139,-0.5427832579015086,0.3701326336091446,3.5836336395795687,-1.287454054547188,2.1748392698901005
51.0,272.0,132.62808227539062,0.5478948821106959,1.4915126322271512,-4.018565007985094,-3.429984982496617,-0.5849024594135139,-0.5427832579015086,0.37059461730126,3.5836336395795687,-1.2874818471703546,2.1748392698901005
51.0,272.0,132.62808227539062,0.5478948821106959,1.4915125369362046,-4.018565007985094,-3.429984982496617,-0.585550776313577,-0.5279721935780763,0.3535768109007595,3.5836336395795687,-1.287454054547188,2.174267131087437
51.0,272.0,132.62808227539062,0.5479371659054912,1.49151008825493,-4.0168287821850335,-3.429984982496617,-0.5976865291217942,-0.5427832579015086,0.3698882394018333,3.5836336395795687,-1.2874808364368373,2.1750736287977723
51.0,272.0,132.62808227539062,0.5478783960350889,1.4915126322271512,-4.013231974046128,-3.429931259189822,-0.5853959079524219,-0.5427832579015086,0.3720227595107219,3.5836336395795687,-1.2874814237295416,2.1748392698901005
51.0,272.0,132.62808227539062,0.5478948821106959,1.4915126322271512,-4.018565007985094,-3.429984982496617,-0.5849038134755663,-0.5427832579015086,0.3530703330578133,3.5836336395795687,-1.2874818471703546,2.1748392698901005
51.0,272.0,132.62808227539062,0.5478948821106959,1.4915126322271512,-4.016336684172381,-3.434426143155825,-0.5849038134755663,-0.542783257782956,0.3530703330578133,3.583633585422957,-1.2873613426977333,2.1764212863434835
51.0,272.0,132.62808227539062,0.5478948821106959,1.4915126322271512,-4.018565007985094,-3.429984982496617,-0.5849024594135139,-0.5427832579015086,0.3701326336091446,3.5836336395795687,-1.287454054547188,2.1748392698901005
51.0,272.0,132.62808227539062,0.5478783960350889,1.4915126322271512,-4.013231974046128,-3.429931259189822,-0.5853959079524219,-0.5427832579015086,0.3720227595107219,3.5836336395795687,-1.2874814237295416,2.1748392698901005
51.0,272.0,132.62808227539062,0.5478948821106959,1.4915126322271512,-4.013322040356646,-3.4299823092542527,-0.5849024594135139,-0.5427832579015086,0.37059461730126,3.5836336395795687,-1.2874818471703546,2.1748392698901005
51.0,272.0,132.62808227539062,0.5479442460587678,1.49151008825493,-4.0168287821850335,-3.429984982496617,-0.5976865291217942,-0.5427832577767248,0.3698882394018333,3.5836336395795687,-1.2592496340822534,2.1759126645516123
51.0,272.0,132.62808227539062,0.547937616529104,1.49151008825493,-4.0168287821850335,-3.429984982496617,-0.5976865291217942,-0.5427832578991345,0.3698882394018333,3.5836336395795687,-1.2866427087170385,2.1759126645516123
51.0,272.0,132.62808227539062,0.5479371659054912,1.4915106906779072,-4.0168287821850335,-3.4349824467745527,-0.5955271495185809,-0.5427832579015086,0.3698882394018333,3.5703208031567057,-1.2854039180628944,2.1750736287977723
51.0,272.0,132.62808227539062,0.5478948821106959,1.4915126322271512,-4.018565007985094,-3.429984982496617,-0.5849038134755663,-0.5427832579015086,0.3530703330578133,3.5836336395795687,-1.2874818471703546,2.1748392698901005
51.0,272.0,132.62808227539062,0.5478948821106959,1.4915121369401692,-4.017412237295675,-3.429984982496617,-0.5860867837023092,-0.5279721935780763,0.3535768109007595,3.5836336395795687,-1.2873476441941856,2.174267131087437
51.0,272.0,132.62808227539062,0.5478779684829103,1.4915100582119574,-4.016556178241865,-3.429931259189822,-0.5853959079524219,-0.5427832579015086,0.3699401538168486,3.5836336395795687,-1.2874814237295416,2.1748339715722382
51.0,272.0,132.62808227539062,0.5478948821106959,1.491510115505245,-4.018565007985094,-3.429984982496617,-0.585550776313577,-0.5279721935780763,0.3532251727814096,3.5836336395795687,-1.287454054547188,2.174196968619919
51.0,272.0,132.62808227539062,0.5478783960350889,1.4915126322271512,-4.0115682631224345,-3.429931259189822,-0.5853959079524219,-0.5427832577720734,0.3720227595107219,3.5836336401050257,-1.2874814237295416,2.1748392698901005
51.0,272.0,132.62808227539062,0.5478777894201731,1.4915126322271512,-4.013098196013769,-3.4348979588315944,-0.5853959079524219,-0.5427832579015086,0.3720227595107219,3.5836336395795687,-1.2853275760651472,2.175045059501364
51.0,272.0,132.62808227539062,0.5478951812995236,1.4915126322271512,-4.018565007985094,-3.429984982496617,-0.5848787132213917,-0.5427832579015086,0.3701326336091446,3.5836336395795687,-1.2874537400465145,2.1748392698901005
51.0,272.0,132.62808227539062,0.5479371659054912,1.49151008825493,-4.0168287821850335,-3.429984982496617,-0.5976865291217942,-0.542783257787162,0.3672821324565222,3.5836336395795687,-1.2874808364368373,2.1750736287977723
51.0,272.0,132.62808227539062,0.5478948821106959,1.4915126322271512,-4.016336684172381,-3.434426143155825,-0.5849038134755663,-0.542783257782956,0.3530703330578133,3.583633585422957,-1.287482651840964,2.176455547875888
51.0,272.0,132.62808227539062,0.5479371659054912,1.4915106906779072,-4.01855497464395,-3.4349824467745527,-0.5955271495185809,-0.5427832579015086,0.3698627616320903,3.57050069664492,-1.2873897371495855,2.1750736287977723
51.0,272.0,132.62808227539062,0.5478948821106959,1.4915126322271512,-4.018565007985094,-3.429984982496617,-0.5849038134755663,-0.5417862759426133,0.3530854246187211,3.5836336395795687,-1.2874818471703546,2.1748678712457337
51.0,272.0,132.62808227539062,0.5478783960350889,1.4915126322271512,-4.0115682631224345,-3.429931259189822,-0.5853959079524219,-0.5427832577720734,0.3720227595107219,3.5836336401050257,-1.2874814237295416,2.1748392698901005
51.0,272.0,132.62808227539062,0.5478783960350889,1.4915126322271512,-4.013231974046128,-3.429931259189822,-0.5853959079524219,-0.5427832579015086,0.3720227595107219,3.5836336395795687,-1.2874814237295416,2.1748392698901005
51.0,272.0,132.62808227539062,0.5478950984988996,1.4915047339481498,-4.018565007985094,-3.429984982496617,-0.5834720788807439,-0.5427832579015086,0.37059461730126,3.5836336395795687,-1.2874818471703546,2.1748392698901005
51.0,272.0,132.62808227539062,0.5478951812995236,1.4915126322271512,-4.018565007985094,-3.429984982496617,-0.5848779094820971,-0.5427832579015086,0.3712595339174763,3.5836336395795687,-1.2874537400465145,2.1748392698901005
51.0,272.0,132.62808227539062,0.5478931777771237,1.4915101485711668,-4.0168287821850335,-3.429984982496617,-0.5977682839019836,-0.542783257901822,0.3698227181191845,3.5836336395795687,-1.2866427087170385,2.1748619574352266
51.0,272.0,132.62808227539062,0.5479449431421275,1.4915089129393202,-4.017770283732102,-3.43453688910242,-0.5854467428281206,-0.542783257773751,0.353354811350459,3.583633584550882,-1.287480815620589,2.17524651555813
51.0,272.0,132.62808227539062,0.5478951812995236,1.4915126322271512,-4.016838815526177,-3.429984982496617,-0.5848787132213917,-0.5427832579015086,0.3701581113788876,3.583453746091355,-1.285467920959823,2.1748392698901005
51.0,272.0,132.62808227539062,0.5478783960350889,1.4915126322271512,-4.013231974046128,-3.429931259189822,-0.5853959079524219,-0.5427832579015086,0.3720227595107219,3.5836336395795687,-1.2874814237295416,2.1748392698901005
51.0,272.0,132.62808227539062,0.5479383768927283,1.4915101155575186,-4.016829557674948,-3.429984982496617,-0.5850526222642735,-0.5279721935780763,0.3532251727814096,3.5836336395795687,-1.2874550421735926,2.17506624229969
51.0,272.0,132.62808227539062,0.5479438126126436,1.4915126322271512,-4.018565007985094,-3.429984982496617,-0.5975194006387133,-0.5427832579015086,0.3701326336091446,3.5836336395795687,-1.2883035972994583,2.1748392698901005
51.0,272.0,132.62808227539062,0.5478948821106959,1.4915126322271512,-4.018565007985094,-3.429984982496617,-0.5849046172148611,-0.5427832579015086,0.3519434327494816,3.5836336395795687,-1.2874818471703546,2.1748392698901005
51.0,272.0,132.62808227539062,0.5479393208626762,1.4915125719109144,-4.040700792776991,-3.4299823092542527,-0.5848207046333247,-0.5427832578988211,0.3706601385839088,3.5836336395795687,-1.2874818471703546,2.1758899770064857
51.0,272.0,132.62808227539062,0.547893240534502,1.4915101155575186,-4.016602115314464,-3.4299850385750648,-0.5850544538520193,-0.542868027407921,0.3532251727814096,3.5836336395795687,-1.2874776621229187,2.174816816413067
51.0,272.0,132.62808227539062,0.5479452929074433,1.491512940693981,-4.0168287821850335,-3.429984982496617,-0.5976865291217942,-0.5427832577767248,0.3701307659505306,3.5836336395795687,-1.2604577640593833,2.174836722732591
51.0,272.0,132.62808227539062,0.5478950265838155,1.491512770167609,-4.018565007985094,-3.429984982496617,-0.5855074512728781,-0.5427832579015086,0.3527487862190276,3.5836336395795687,-1.2874808635451835,2.1748406629564485
51.0,272.0,132.62808227539062,0.547878504885672,1.4915126322271512,-4.013215937589671,-3.429916541685906,-0.5853959079524219,-0.5427832579015086,0.3720227595107219,3.5836336347399445,-1.2874814237295416,2.1765074249396017
51.0,272.0,132.62808227539062,0.5478783960350889,1.4915126322271512,-4.018712072817035,-3.42998471476643,-0.5853852880407711,-0.5427955023696167,0.3720227595107219,3.5836336395795687,-1.2874814237295416,2.1748392698901005
51.0,272.0,132.62808227539062,0.5478779684829103,1.4915100582119574,-4.016556178241865,-3.429931259189822,-0.5853959079524219,-0.5427832579015086,0.3699401538168486,3.5836336395795687,-1.2874814237295416,2.1748339715722382
51.0,272.0,132.62808227539062,0.5478951812995236,1.4915126322271512,-4.018636021066609,-3.429984982496617,-0.5848779094820971,-0.5427832579015086,0.3712595339174763,3.5836336395795687,-1.2874791234900465,2.1748392698901005
51.0,272.0,132.62808227539062,0.5479438126126436,1.4915126322271512,-4.018565007985094,-3.429797029743666,-0.5975194006387133,-0.5427832579015086,0.3701326336091446,3.583631041414792,-1.2883035972994583,2.1748437404861187
51.0,272.0,132.62808227539062,0.5479393208626762,1.491512578734157,-4.040700792776991,-3.429984855905507,-0.5848207046333247,-0.542783257901575,0.370127098797437,3.5836336395795687,-1.2874801288957012,2.1758899770064857
51.0,272.0,132.62808227539062,0.5478779529403618,1.4915101047517092,-4.016563736223173,-3.429931259189822,-0.5853959079524219,-0.5427832579015086,0.3720227595107219,3.5836336395795687,-1.2874814237295416,2.174834069959463
51.0,272.0,132.62808227539062,0.5479371659054912,1.4915126739937374,-4.018641735686635,-3.429984982496617,-0.584232498697843,-0.5427832579015086,0.3698630959681335,3.5836336395795687,-1.2874539373312437,2.1750736287977723
51.0,272.0,132.62808227539062,0.5478751027957012,1.4915089918222544,-4.017770283732102,-3.43453688910242,-0.5854467428281206,-0.5427832578927154,0.353354811350459,3.583633584550882,-1.2874814327830302,2.1748304111604275
51.0,272.0,132.62808227539062,0.5479443307532503,1.4915089129393202,-4.020530599517375,-3.434557513050347,-0.5873265663083467,-0.542783257773751,0.3700575018888117,3.5836336377119413,-1.287454917965219,2.175238943496297
51.0,272.0,132.62808227539062,0.5478941344508481,1.4915097797880998,-4.018565007985094,-3.429984982496617,-0.5848787132213917,-0.5427832579015086,0.3698901070604473,3.5836336395795687,-1.2862456100693846,2.175915211709121
51.0,273.0,132.62808227539062,0.5478948821106959,1.4915126322271512,-4.018565007985094,-3.429984982496617,-0.5849024594135139,-0.5427832579015086,0.3701326336091446,3.5836336395795687,-1.287454054547188,2.1748392698901005
51.0,273.0,132.62808227539062,0.5478948821106959,1.4915126322271512,-4.018565007985094,-3.429984982496617,-0.5849024594135139,-0.5427832579015086,0.37059461730126,3.5836336395795687,-1.2874818471703546,2.1748392698901005
51.0,273.0,132.62808227539062,0.5478948821106959,1.4915125369362046,-4.018565007985094,-3.429984982496617,-0.585550776313577,-0.5279721935780763,0.3535768109007595,3.5836336395795687,-1.287454054547188,2.174267131087437
51.0,273.0,132.62808227539062,0.5479371659054912,1.49151008825493,-4.0168287821850335,-3.429984982496617,-0.5976865291217942,-0.5427832579015086,0.3698882394018333,3.5836336395795687,-1.2874808364368373,2.1750736287977723
51.0,273.0,132.62808227539062,0.5478783960350889,1.4915126322271512,-4.013231974046128,-3.429931259189822,-0.5853959079524219,-0.5427832579015086,0.3720227595107219,3.5836336395795687,-1.2874814237295416,2.1748392698901005
51.0,273.0,132.62808227539062,0.5478948821106959,1.4915126322271512,-4.018565007985094,-3.429984982496617,-0.5849038134755663,-0.5427832579015086,0.3530703330578133,3.5836336395795687,-1.2874818471703546,2.1748392698901005
51.0,273.0,132.62808227539062,0.5478948821106959,1.4915126322271512,-4.016336684172381,-3.434426143155825,-0.5849038134755663,-0.542783257782956,0.3530703330578133,3.583633585422957,-1.2873613426977333,2.1764212863434835
51.0,273.0,132.62808227539062,0.5478948821106959,1.4915126322271512,-4.018565007985094,-3.429984982496617,-0.5849024594135139,-0.5427832579015086,0.3701326336091446,3.5836336395795687,-1.287454054547188,2.1748392698901005
51.0,273.0,132.62808227539062,0.5478783960350889,1.4915126322271512,-4.013231974046128,-3.429931259189822,-0.5853959079524219,-0.5427832579015086,0.3720227595107219,3.5836336395795687,-1.2874814237295416,2.1748392698901005
51.0,273.0,132.62808227539062,0.5478948821106959,1.4915126322271512,-4.013322040356646,-3.4299823092542527,-0.5849024594135139,-0.5427832579015086,0.37059461730126,3.5836336395795687,-1.2874818471703546,2.1748392698901005
51.0,273.0,132.62808227539062,0.5479442460587678,1.49151008825493,-4.0168287821850335,-3.429984982496617,-0.5976865291217942,-0.5427832577767248,0.3698882394018333,3.5836336395795687,-1.2592496340822534,2.1759126645516123
51.0,273.0,132.62808227539062,0.547937616529104,1.49151008825493,-4.0168287821850335,-3.429984982496617,-0.5976865291217942,-0.5427832578991345,0.3698882394018333,3.5836336395795687,-1.2866427087170385,2.1759126645516123
51.0,273.0,132.62808227539062,0.5479371659054912,1.4915106906779072,-4.0168287821850335,-3.4349824467745527,-0.5955271495185809,-0.5427832579015086,0.3698882394018333,3.5703208031567057,-1.2854039180628944,2.1750736287977723
51.0,273.0,132.62808227539062,0.5478948821106959,1.4915126322271512,-4.018565007985094,-3.429984982496617,-0.5849038134755663,-0.5427832579015086,0.3530703330578133,3.5836336395795687,-1.2874818471703546,2.1748392698901005
51.0,273.0,132.62808227539062,0.5478948821106959,1.4915121369401692,-4.017412237295675,-3.429984982496617,-0.5860867837023092,-0.5279721935780763,0.3535768109007595,3.5836336395795687,-1.2873476441941856,2.174267131087437
51.0,273.0,132.62808227539062,0.5478779684829103,1.4915100582119574,-4.016556178241865,-3.429931259189822,-0.5853959079524219,-0.5427832579015086,0.3699401538168486,3.5836336395795687,-1.2874814237295416,2.1748339715722382
51.0,273.0,132.62808227539062,0.5478948821106959,1.491510115505245,-4.018565007985094,-3.429984982496617,-0.585550776313577,-0.5279721935780763,0.3532251727814096,3.5836336395795687,-1.287454054547188,2.174196968619919
51.0,273.0,132.62808227539062,0.5478783960350889,1.4915126322271512,-4.0115682631224345,-3.429931259189822,-0.5853959079524219,-0.5427832577720734,0.3720227595107219,3.5836336401050257,-1.2874814237295416,2.1748392698901005
51.0,273.0,132.62808227539062,0.5478777894201731,1.4915126322271512,-4.013098196013769,-3.4348979588315944,-0.5853959079524219,-0.5427832579015086,0.3720227595107219,3.5836336395795687,-1.2853275760651472,2.175045059501364
51.0,273.0,132.62808227539062,0.5478951812995236,1.4915126322271512,-4.018565007985094,-3.429984982496617,-0.5848787132213917,-0.5427832579015086,0.3701326336091446,3.5836336395795687,-1.2874537400465145,2.1748392698901005
51.0,273.0,132.62808227539062,0.5479371659054912,1.49151008825493,-4.0168287821850335,-3.429984982496617,-0.5976865291217942,-0.542783257787162,0.3672821324565222,3.5836336395795687,-1.2874808364368373,2.1750736287977723
51.0,273.0,132.62808227539062,0.5478948821106959,1.4915126322271512,-4.016336684172381,-3.434426143155825,-0.5849038134755663,-0.542783257782956,0.3530703330578133,3.583633585422957,-1.287482651840964,2.176455547875888
51.0,273.0,132.62808227539062,0.5479371659054912,1.4915106906779072,-4.01855497464395,-3.4349824467745527,-0.5955271495185809,-0.5427832579015086,0.3698627616320903,3.57050069664492,-1.2873897371495855,2.1750736287977723
51.0,273.0,132.62808227539062,0.5478948821106959,1.4915126322271512,-4.018565007985094,-3.429984982496617,-0.5849038134755663,-0.5417862759426133,0.3530854246187211,3.5836336395795687,-1.2874818471703546,2.1748678712457337
51.0,273.0,132.62808227539062,0.5478783960350889,1.4915126322271512,-4.0115682631224345,-3.429931259189822,-0.5853959079524219,-0.5427832577720734,0.3720227595107219,3.5836336401050257,-1.2874814237295416,2.1748392698901005
51.0,273.0,132.62808227539062,0.5478783960350889,1.4915126322271512,-4.013231974046128,-3.429931259189822,-0.5853959079524219,-0.5427832579015086,0.3720227595107219,3.5836336395795687,-1.2874814237295416,2.1748392698901005
51.0,273.0,132.62808227539062,0.5478950984988996,1.4915047339481498,-4.018565007985094,-3.429984982496617,-0.5834720788807439,-0.5427832579015086,0.37059461730126,3.5836336395795687,-1.2874818471703546,2.1748392698901005
51.0,273.0,132.62808227539062,0.5478951812995236,1.4915126322271512,-4.018565007985094,-3.429984982496617,-0.5848779094820971,-0.5427832579015086,0.3712595339174763,3.5836336395795687,-1.2874537400465145,2.1748392698901005
51.0,273.0,132.62808227539062,0.5478931777771237,1.4915101485711668,-4.0168287821850335,-3.429984982496617,-0.5977682839019836,-0.542783257901822,0.3698227181191845,3.5836336395795687,-1.2866427087170385,2.1748619574352266
51.0,273.0,132.62808227539062,0.5479449431421275,1.4915089129393202,-4.017770283732102,-3.43453688910242,-0.5854467428281206,-0.542783257773751,0.353354811350459,3.583633584550882,-1.287480815620589,2.17524651555813
51.0,273.0,132.62808227539062,0.5478951812995236,1.4915126322271512,-4.016838815526177,-3.429984982496617,-0.5848787132213917,-0.5427832579015086,0.3701581113788876,3.583453746091355,-1.285467920959823,2.1748392698901005
51.0,273.0,132.62808227539062,0.5478783960350889,1.4915126322271512,-4.013231974046128,-3.429931259189822,-0.5853959079524219,-0.5427832579015086,0.3720227595107219,3.5836336395795687,-1.2874814237295416,2.1748392698901005
51.0,273.0,132.62808227539062,0.5479383768927283,1.4915101155575186,-4.016829557674948,-3.429984982496617,-0.5850526222642735,-0.5279721935780763,0.3532251727814096,3.5836336395795687,-1.2874550421735926,2.17506624229969
51.0,273.0,132.62808227539062,0.5479438126126436,1.4915126322271512,-4.018565007985094,-3.429984982496617,-0.5975194006387133,-0.5427832579015086,0.3701326336091446,3.5836336395795687,-1.2883035972994583,2.1748392698901005
51.0,273.0,132.62808227539062,0.5478948821106959,1.4915126322271512,-4.018565007985094,-3.429984982496617,-0.5849046172148611,-0.5427832579015086,0.3519434327494816,3.5836336395795687,-1.2874818471703546,2.1748392698901005
51.0,273.0,132.62808227539062,0.5479393208626762,1.4915125719109144,-4.040700792776991,-3.4299823092542527,-0.5848207046333247,-0.5427832578988211,0.3706601385839088,3.5836336395795687,-1.2874818471703546,2.1758899770064857
51.0,273.0,132.62808227539062,0.547893240534502,1.4915101155575186,-4.016602115314464,-3.4299850385750648,-0.5850544538520193,-0.542868027407921,0.3532251727814096,3.5836336395795687,-1.2874776621229187,2.174816816413067
51.0,273.0,132.62808227539062,0.5479452929074433,1.491512940693981,-4.0168287821850335,-3.429984982496617,-0.5976865291217942,-0.5427832577767248,0.3701307659505306,3.5836336395795687,-1.2604577640593833,2.174836722732591
51.0,273.0,132.62808227539062,0.5478950265838155,1.491512770167609,-4.018565007985094,-3.429984982496617,-0.5855074512728781,-0.5427832579015086,0.3527487862190276,3.5836336395795687,-1.2874808635451835,2.1748406629564485
51.0,273.0,132.62808227539062,0.547878504885672,1.4915126322271512,-4.013215937589671,-3.429916541685906,-0.5853959079524219,-0.5427832579015086,0.3720227595107219,3.5836336347399445,-1.2874814237295416,2.1765074249396017
51.0,273.0,132.62808227539062,0.5478783960350889,1.4915126322271512,-4.018712072817035,-3.42998471476643,-0.5853852880407711,-0.5427955023696167,0.3720227595107219,3.5836336395795687,-1.2874814237295416,2.1748392698901005
51.0,273.0,132.62808227539062,0.5478779684829103,1.4915100582119574,-4.016556178241865,-3.429931259189822,-0.5853959079524219,-0.5427832579015086,0.3699401538168486,3.5836336395795687,-1.2874814237295416,2.1748339715722382
51.0,273.0,132.62808227539062,0.5478951812995236,1.4915126322271512,-4.018636021066609,-3.429984982496617,-0.5848779094820971,-0.5427832579015086,0.3712595339174763,3.5836336395795687,-1.2874791234900465,2.1748392698901005
51.0,273.0,132.62808227539062,0.5479438126126436,1.4915126322271512,-4.018565007985094,-3.429797029743666,-0.5975194006387133,-0.5427832579015086,0.3701326336091446,3.583631041414792,-1.2883035972994583,2.1748437404861187
51.0,273.0,132.62808227539062,0.5479393208626762,1.491512578734157,-4.040700792776991,-3.429984855905507,-0.5848207046333247,-0.542783257901575,0.370127098797437,3.5836336395795687,-1.2874801288957012,2.1758899770064857
51.0,273.0,132.62808227539062,0.5478779529403618,1.4915101047517092,-4.016563736223173,-3.429931259189822,-0.5853959079524219,-0.5427832579015086,0.3720227595107219,3.5836336395795687,-1.2874814237295416,2.174834069959463
51.0,273.0,132.62808227539062,0.5479371659054912,1.4915126739937374,-4.018641735686635,-3.429984982496617,-0.584232498697843,-0.5427832579015086,0.3698630959681335,3.5836336395795687,-1.2874539373312437,2.1750736287977723
51.0,273.0,132.62808227539062,0.5478751027957012,1.4915089918222544,-4.017770283732102,-3.43453688910242,-0.5854467428281206,-0.5427832578927154,0.353354811350459,3.583633584550882,-1.2874814327830302,2.1748304111604275
51.0,273.0,132.62808227539062,0.5479443307532503,1.4915089129393202,-4.020530599517375,-3.434557513050347,-0.5873265663083467,-0.542783257773751,0.3700575018888117,3.5836336377119413,-1.287454917965219,2.175238943496297
51.0,273.0,132.62808227539062,0.5478941344508481,1.4915097797880998,-4.018565007985094,-3.429984982496617,-0.5848787132213917,-0.5427832579015086,0.3698901070604473,3.5836336395795687,-1.2862456100693846,2.175915211709121
51.0,274.0,132.62808227539062,0.5478948821106959,1.4915126322271512,-4.018565007985094,-3.429984982496617,-0.5849024594135139,-0.5427832579015086,0.3701326336091446,3.5836336395795687,-1.287454054547188,2.1748392698901005
51.0,274.0,132.62808227539062,0.5478948821106959,1.4915126322271512,-4.018565007985094,-3.429984982496617,-0.5849024594135139,-0.5427832579015086,0.37059461730126,3.5836336395795687,-1.2874818471703546,2.1748392698901005
51.0,274.0,132.62808227539062,0.5478948821106959,1.4915125369362046,-4.018565007985094,-3.429984982496617,-0.585550776313577,-0.5279721935780763,0.3535768109007595,3.5836336395795687,-1.287454054547188,2.174267131087437
51.0,274.0,132.62808227539062,0.5479371659054912,1.49151008825493,-4.0168287821850335,-3.429984982496617,-0.5976865291217942,-0.5427832579015086,0.3698882394018333,3.5836336395795687,-1.2874808364368373,2.1750736287977723
51.0,274.0,132.62808227539062,0.5478783960350889,1.4915126322271512,-4.013231974046128,-3.429931259189822,-0.5853959079524219,-0.5427832579015086,0.3720227595107219,3.5836336395795687,-1.2874814237295416,2.1748392698901005
51.0,274.0,132.62808227539062,0.5478948821106959,1.4915126322271512,-4.018565007985094,-3.429984982496617,-0.5849038134755663,-0.5427832579015086,0.3530703330578133,3.5836336395795687,-1.2874818471703546,2.1748392698901005
51.0,274.0,132.62808227539062,0.5478948821106959,1.4915126322271512,-4.016336684172381,-3.434426143155825,-0.5849038134755663,-0.542783257782956,0.3530703330578133,3.583633585422957,-1.2873613426977333,2.1764212863434835
51.0,274.0,132.62808227539062,0.5478948821106959,1.4915126322271512,-4.018565007985094,-3.429984982496617,-0.5849024594135139,-0.5427832579015086,0.3701326336091446,3.5836336395795687,-1.287454054547188,2.1748392698901005
51.0,274.0,132.62808227539062,0.5478783960350889,1.4915126322271512,-4.013231974046128,-3.429931259189822,-0.5853959079524219,-0.5427832579015086,0.3720227595107219,3.5836336395795687,-1.2874814237295416,2.1748392698901005
51.0,274.0,132.62808227539062,0.5478948821106959,1.4915126322271512,-4.013322040356646,-3.4299823092542527,-0.5849024594135139,-0.5427832579015086,0.37059461730126,3.5836336395795687,-1.2874818471703546,2.1748392698901005
51.0,274.0,132.62808227539062,0.5479442460587678,1.49151008825493,-4.0168287821850335,-3.429984982496617,-0.5976865291217942,-0.5427832577767248,0.3698882394018333,3.5836336395795687,-1.2592496340822534,2.1759126645516123
51.0,274.0,132.62808227539062,0.547937616529104,1.49151008825493,-4.0168287821850335,-3.429984982496617,-0.5976865291217942,-0.5427832578991345,0.3698882394018333,3.5836336395795687,-1.2866427087170385,2.1759126645516123
51.0,274.0,132.62808227539062,0.5479371659054912,1.4915106906779072,-4.0168287821850335,-3.4349824467745527,-0.5955271495185809,-0.5427832579015086,0.3698882394018333,3.5703208031567057,-1.2854039180628944,2.1750736287977723
51.0,274.0,132.62808227539062,0.5478948821106959,1.4915126322271512,-4.018565007985094,-3.429984982496617,-0.5849038134755663,-0.5427832579015086,0.3530703330578133,3.5836336395795687,-1.2874818471703546,2.1748392698901005
51.0,274.0,132.62808227539062,0.5478948821106959,1.4915121369401692,-4.017412237295675,-3.429984982496617,-0.5860867837023092,-0.5279721935780763,0.3535768109007595,3.5836336395795687,-1.2873476441941856,2.174267131087437
51.0,274.0,132.62808227539062,0.5478779684829103,1.4915100582119574,-4.016556178241865,-3.429931259189822,-0.5853959079524219,-0.5427832579015086,0.3699401538168486,3.5836336395795687,-1.2874814237295416,2.1748339715722382
51.0,274.0,132.62808227539062,0.5478948821106959,1.491510115505245,-4.018565007985094,-3.429984982496617,-0.585550776313577,-0.5279721935780763,0.3532251727814096,3.5836336395795687,-1.287454054547188,2.174196968619919
51.0,274.0,132.62808227539062,0.5478783960350889,1.4915126322271512,-4.0115682631224345,-3.429931259189822,-0.5853959079524219,-0.5427832577720734,0.3720227595107219,3.5836336401050257,-1.2874814237295416,2.1748392698901005
51.0,274.0,132.62808227539062,0.5478777894201731,1.4915126322271512,-4.013098196013769,-3.4348979588315944,-0.5853959079524219,-0.5427832579015086,0.3720227595107219,3.5836336395795687,-1.2853275760651472,2.175045059501364
51.0,274.0,132.62808227539062,0.5478951812995236,1.4915126322271512,-4.018565007985094,-3.429984982496617,-0.5848787132213917,-0.5427832579015086,0.3701326336091446,3.5836336395795687,-1.2874537400465145,2.1748392698901005
51.0,274.0,132.62808227539062,0.5479371659054912,1.49151008825493,-4.0168287821850335,-3.429984982496617,-0.5976865291217942,-0.542783257787162,0.3672821324565222,3.5836336395795687,-1.2874808364368373,2.1750736287977723
51.0,274.0,132.62808227539062,0.5478948821106959,1.4915126322271512,-4.016336684172381,-3.434426143155825,-0.5849038134755663,-0.542783257782956,0.3530703330578133,3.583633585422957,-1.287482651840964,2.176455547875888
51.0,274.0,132.62808227539062,0.5479371659054912,1.4915106906779072,-4.01855497464395,-3.4349824467745527,-0.5955271495185809,-0.5427832579015086,0.3698627616320903,3.57050069664492,-1.2873897371495855,2.1750736287977723
51.0,274.0,132.62808227539062,0.5478948821106959,1.4915126322271512,-4.018565007985094,-3.429984982496617,-0.5849038134755663,-0.5417862759426133,0.3530854246187211,3.5836336395795687,-1.2874818471703546,2.1748678712457337
51.0,274.0,132.62808227539062,0.5478783960350889,1.4915126322271512,-4.0115682631224345,-3.429931259189822,-0.5853959079524219,-0.5427832577720734,0.3720227595107219,3.5836336401050257,-1.2874814237295416,2.1748392698901005
51.0,274.0,132.62808227539062,0.5478783960350889,1.4915126322271512,-4.013231974046128,-3.429931259189822,-0.5853959079524219,-0.5427832579015086,0.3720227595107219,3.5836336395795687,-1.2874814237295416,2.1748392698901005
51.0,274.0,132.62808227539062,0.5478950984988996,1.4915047339481498,-4.018565007985094,-3.429984982496617,-0.5834720788807439,-0.5427832579015086,0.37059461730126,3.5836336395795687,-1.2874818471703546,2.1748392698901005
51.0,274.0,132.62808227539062,0.5478951812995236,1.4915126322271512,-4.018565007985094,-3.429984982496617,-0.5848779094820971,-0.5427832579015086,0.3712595339174763,3.5836336395795687,-1.2874537400465145,2.1748392698901005
51.0,274.0,132.62808227539062,0.5478931777771237,1.4915101485711668,-4.0168287821850335,-3.429984982496617,-0.5977682839019836,-0.542783257901822,0.3698227181191845,3.5836336395795687,-1.2866427087170385,2.1748619574352266
51.0,274.0,132.62808227539062,0.5479449431421275,1.4915089129393202,-4.017770283732102,-3.43453688910242,-0.5854467428281206,-0.542783257773751,0.353354811350459,3.583633584550882,-1.287480815620589,2.17524651555813
51.0,274.0,132.62808227539062,0.5478951812995236,1.4915126322271512,-4.016838815526177,-3.429984982496617,-0.5848787132213917,-0.5427832579015086,0.3701581113788876,3.583453746091355,-1.285467920959823,2.1748392698901005
51.0,274.0,132.62808227539062,0.5478783960350889,1.4915126322271512,-4.013231974046128,-3.429931259189822,-0.5853959079524219,-0.5427832579015086,0.3720227595107219,3.5836336395795687,-1.2874814237295416,2.1748392698901005
51.0,274.0,132.62808227539062,0.5479383768927283,1.4915101155575186,-4.016829557674948,-3.429984982496617,-0.5850526222642735,-0.5279721935780763,0.3532251727814096,3.5836336395795687,-1.2874550421735926,2.17506624229969
51.0,274.0,132.62808227539062,0.5479438126126436,1.4915126322271512,-4.018565007985094,-3.429984982496617,-0.5975194006387133,-0.5427832579015086,0.3701326336091446,3.5836336395795687,-1.2883035972994583,2.1748392698901005
51.0,274.0,132.62808227539062,0.5478948821106959,1.4915126322271512,-4.018565007985094,-3.429984982496617,-0.5849046172148611,-0.5427832579015086,0.3519434327494816,3.5836336395795687,-1.2874818471703546,2.1748392698901005
51.0,274.0,132.62808227539062,0.5479393208626762,1.4915125719109144,-4.040700792776991,-3.4299823092542527,-0.5848207046333247,-0.5427832578988211,0.3706601385839088,3.5836336395795687,-1.2874818471703546,2.1758899770064857
51.0,274.0,132.62808227539062,0.547893240534502,1.4915101155575186,-4.016602115314464,-3.4299850385750648,-0.5850544538520193,-0.542868027407921,0.3532251727814096,3.5836336395795687,-1.2874776621229187,2.174816816413067
51.0,274.0,132.62808227539062,0.5479452929074433,1.491512940693981,-4.0168287821850335,-3.429984982496617,-0.5976865291217942,-0.5427832577767248,0.3701307659505306,3.5836336395795687,-1.2604577640593833,2.174836722732591
51.0,274.0,132.62808227539062,0.5478950265838155,1.491512770167609,-4.018565007985094,-3.429984982496617,-0.5855074512728781,-0.5427832579015086,0.3527487862190276,3.5836336395795687,-1.2874808635451835,2.1748406629564485
51.0,274.0,132.62808227539062,0.547878504885672,1.4915126322271512,-4.013215937589671,-3.429916541685906,-0.5853959079524219,-0.5427832579015086,0.3720227595107219,3.5836336347399445,-1.2874814237295416,2.1765074249396017
51.0,274.0,132.62808227539062,0.5478783960350889,1.4915126322271512,-4.018712072817035,-3.42998471476643,-0.5853852880407711,-0.5427955023696167,0.3720227595107219,3.5836336395795687,-1.2874814237295416,2.1748392698901005
51.0,274.0,132.62808227539062,0.5478779684829103,1.4915100582119574,-4.016556178241865,-3.429931259189822,-0.5853959079524219,-0.5427832579015086,0.3699401538168486,3.5836336395795687,-1.2874814237295416,2.1748339715722382
51.0,274.0,132.62808227539062,0.5478951812995236,1.4915126322271512,-4.018636021066609,-3.429984982496617,-0.5848779094820971,-0.5427832579015086,0.3712595339174763,3.5836336395795687,-1.2874791234900465,2.1748392698901005
51.0,274.0,132.62808227539062,0.5479438126126436,1.4915126322271512,-4.018565007985094,-3.429797029743666,-0.5975194006387133,-0.5427832579015086,0.3701326336091446,3.583631041414792,-1.2883035972994583,2.1748437404861187
51.0,274.0,132.62808227539062,0.5479393208626762,1.491512578734157,-4.040700792776991,-3.429984855905507,-0.5848207046333247,-0.542783257901575,0.370127098797437,3.5836336395795687,-1.2874801288957012,2.1758899770064857
51.0,274.0,132.62808227539062,0.5478779529403618,1.4915101047517092,-4.016563736223173,-3.429931259189822,-0.5853959079524219,-0.5427832579015086,0.3720227595107219,3.5836336395795687,-1.2874814237295416,2.174834069959463
51.0,274.0,132.62808227539062,0.5479371659054912,1.4915126739937374,-4.018641735686635,-3.429984982496617,-0.584232498697843,-0.5427832579015086,0.3698630959681335,3.5836336395795687,-1.2874539373312437,2.1750736287977723
51.0,274.0,132.62808227539062,0.5478751027957012,1.4915089918222544,-4.017770283732102,-3.43453688910242,-0.5854467428281206,-0.5427832578927154,0.353354811350459,3.583633584550882,-1.2874814327830302,2.1748304111604275
51.0,274.0,132.62808227539062,0.5479443307532503,1.4915089129393202,-4.020530599517375,-3.434557513050347,-0.5873265663083467,-0.542783257773751,0.3700575018888117,3.5836336377119413,-1.287454917965219,2.175238943496297
51.0,274.0,132.62808227539062,0.5478941344508481,1.4915097797880998,-4.018565007985094,-3.429984982496617,-0.5848787132213917,-0.5427832579015086,0.3698901070604473,3.5836336395795687,-1.2862456100693846,2.175915211709121
51.0,275.0,132.62808227539062,0.5478948821106959,1.4915126322271512,-4.018565007985094,-3.429984982496617,-0.5849024594135139,-0.5427832579015086,0.3701326336091446,3.5836336395795687,-1.287454054547188,2.1748392698901005
51.0,275.0,132.62808227539062,0.5478948821106959,1.4915126322271512,-4.018565007985094,-3.429984982496617,-0.5849024594135139,-0.5427832579015086,0.37059461730126,3.5836336395795687,-1.2874818471703546,2.1748392698901005
51.0,275.0,132.62808227539062,0.5478948821106959,1.4915125369362046,-4.018565007985094,-3.429984982496617,-0.585550776313577,-0.5279721935780763,0.3535768109007595,3.5836336395795687,-1.287454054547188,2.174267131087437
51.0,275.0,132.62808227539062,0.5479371659054912,1.49151008825493,-4.0168287821850335,-3.429984982496617,-0.5976865291217942,-0.5427832579015086,0.3698882394018333,3.5836336395795687,-1.2874808364368373,2.1750736287977723
51.0,275.0,132.62808227539062,0.5478783960350889,1.4915126322271512,-4.013231974046128,-3.429931259189822,-0.5853959079524219,-0.5427832579015086,0.3720227595107219,3.5836336395795687,-1.2874814237295416,2.1748392698901005
51.0,275.0,132.62808227539062,0.5478948821106959,1.4915126322271512,-4.018565007985094,-3.429984982496617,-0.5849038134755663,-0.5427832579015086,0.3530703330578133,3.5836336395795687,-1.2874818471703546,2.1748392698901005
51.0,275.0,132.62808227539062,0.5478948821106959,1.4915126322271512,-4.016336684172381,-3.434426143155825,-0.5849038134755663,-0.542783257782956,0.3530703330578133,3.583633585422957,-1.2873613426977333,2.1764212863434835
51.0,275.0,132.62808227539062,0.5478948821106959,1.4915126322271512,-4.018565007985094,-3.429984982496617,-0.5849024594135139,-0.5427832579015086,0.3701326336091446,3.5836336395795687,-1.287454054547188,2.1748392698901005
51.0,275.0,132.62808227539062,0.5478783960350889,1.4915126322271512,-4.013231974046128,-3.429931259189822,-0.5853959079524219,-0.5427832579015086,0.3720227595107219,3.5836336395795687,-1.2874814237295416,2.1748392698901005
51.0,275.0,132.62808227539062,0.5478948821106959,1.4915126322271512,-4.013322040356646,-3.4299823092542527,-0.5849024594135139,-0.5427832579015086,0.37059461730126,3.5836336395795687,-1.2874818471703546,2.1748392698901005
51.0,275.0,132.62808227539062,0.5479442460587678,1.49151008825493,-4.0168287821850335,-3.429984982496617,-0.5976865291217942,-0.5427832577767248,0.3698882394018333,3.5836336395795687,-1.2592496340822534,2.1759126645516123
51.0,275.0,132.62808227539062,0.547937616529104,1.49151008825493,-4.0168287821850335,-3.429984982496617,-0.5976865291217942,-0.5427832578991345,0.3698882394018333,3.5836336395795687,-1.2866427087170385,2.1759126645516123
51.0,275.0,132.62808227539062,0.5479371659054912,1.4915106906779072,-4.0168287821850335,-3.4349824467745527,-0.5955271495185809,-0.5427832579015086,0.3698882394018333,3.5703208031567057,-1.2854039180628944,2.1750736287977723
51.0,275.0,132.62808227539062,0.5478948821106959,1.4915126322271512,-4.018565007985094,-3.429984982496617,-0.5849038134755663,-0.5427832579015086,0.3530703330578133,3.5836336395795687,-1.2874818471703546,2.1748392698901005
51.0,275.0,132.62808227539062,0.5478948821106959,1.4915121369401692,-4.017412237295675,-3.429984982496617,-0.5860867837023092,-0.5279721935780763,0.3535768109007595,3.5836336395795687,-1.2873476441941856,2.174267131087437
51.0,275.0,132.62808227539062,0.5478779684829103,1.4915100582119574,-4.016556178241865,-3.429931259189822,-0.5853959079524219,-0.5427832579015086,0.3699401538168486,3.5836336395795687,-1.2874814237295416,2.1748339715722382
51.0,275.0,132.62808227539062,0.5478948821106959,1.491510115505245,-4.018565007985094,-3.429984982496617,-0.585550776313577,-0.5279721935780763,0.3532251727814096,3.5836336395795687,-1.287454054547188,2.174196968619919
51.0,275.0,132.62808227539062,0.5478783960350889,1.4915126322271512,-4.0115682631224345,-3.429931259189822,-0.5853959079524219,-0.5427832577720734,0.3720227595107219,3.5836336401050257,-1.2874814237295416,2.1748392698901005
51.0,275.0,132.62808227539062,0.5478777894201731,1.4915126322271512,-4.013098196013769,-3.4348979588315944,-0.5853959079524219,-0.5427832579015086,0.3720227595107219,3.5836336395795687,-1.2853275760651472,2.175045059501364
51.0,275.0,132.62808227539062,0.5478951812995236,1.4915126322271512,-4.018565007985094,-3.429984982496617,-0.5848787132213917,-0.5427832579015086,0.3701326336091446,3.5836336395795687,-1.2874537400465145,2.1748392698901005
51.0,275.0,132.62808227539062,0.5479371659054912,1.49151008825493,-4.0168287821850335,-3.429984982496617,-0.5976865291217942,-0.542783257787162,0.3672821324565222,3.5836336395795687,-1.2874808364368373,2.1750736287977723
51.0,275.0,132.62808227539062,0.5478948821106959,1.4915126322271512,-4.016336684172381,-3.434426143155825,-0.5849038134755663,-0.542783257782956,0.3530703330578133,3.583633585422957,-1.287482651840964,2.176455547875888
51.0,275.0,132.62808227539062,0.5479371659054912,1.4915106906779072,-4.01855497464395,-3.4349824467745527,-0.5955271495185809,-0.5427832579015086,0.3698627616320903,3.57050069664492,-1.2873897371495855,2.1750736287977723
51.0,275.0,132.62808227539062,0.5478948821106959,1.4915126322271512,-4.018565007985094,-3.429984982496617,-0.5849038134755663,-0.5417862759426133,0.3530854246187211,3.5836336395795687,-1.2874818471703546,2.1748678712457337
51.0,275.0,132.62808227539062,0.5478783960350889,1.4915126322271512,-4.0115682631224345,-3.429931259189822,-0.5853959079524219,-0.5427832577720734,0.3720227595107219,3.5836336401050257,-1.2874814237295416,2.1748392698901005
51.0,275.0,132.62808227539062,0.5478783960350889,1.4915126322271512,-4.013231974046128,-3.429931259189822,-0.5853959079524219,-0.5427832579015086,0.3720227595107219,3.5836336395795687,-1.2874814237295416,2.1748392698901005
51.0,275.0,132.62808227539062,0.5478950984988996,1.4915047339481498,-4.018565007985094,-3.429984982496617,-0.5834720788807439,-0.5427832579015086,0.37059461730126,3.5836336395795687,-1.2874818471703546,2.1748392698901005
51.0,275.0,132.62808227539062,0.5478951812995236,1.4915126322271512,-4.018565007985094,-3.429984982496617,-0.5848779094820971,-0.5427832579015086,0.3712595339174763,3.5836336395795687,-1.2874537400465145,2.1748392698901005
51.0,275.0,132.62808227539062,0.5478931777771237,1.4915101485711668,-4.0168287821850335,-3.429984982496617,-0.5977682839019836,-0.542783257901822,0.3698227181191845,3.5836336395795687,-1.2866427087170385,2.1748619574352266
51.0,275.0,132.62808227539062,0.5479449431421275,1.4915089129393202,-4.017770283732102,-3.43453688910242,-0.5854467428281206,-0.542783257773751,0.353354811350459,3.583633584550882,-1.287480815620589,2.17524651555813
51.0,275.0,132.62808227539062,0.5478951812995236,1.4915126322271512,-4.016838815526177,-3.429984982496617,-0.5848787132213917,-0.5427832579015086,0.3701581113788876,3.583453746091355,-1.285467920959823,2.1748392698901005
51.0,275.0,132.62808227539062,0.5478783960350889,1.4915126322271512,-4.013231974046128,-3.429931259189822,-0.5853959079524219,-0.5427832579015086,0.3720227595107219,3.5836336395795687,-1.2874814237295416,2.1748392698901005
51.0,275.0,132.62808227539062,0.5479383768927283,1.4915101155575186,-4.016829557674948,-3.429984982496617,-0.5850526222642735,-0.5279721935780763,0.3532251727814096,3.5836336395795687,-1.2874550421735926,2.17506624229969
51.0,275.0,132.62808227539062,0.5479438126126436,1.4915126322271512,-4.018565007985094,-3.429984982496617,-0.5975194006387133,-0.5427832579015086,0.3701326336091446,3.5836336395795687,-1.2883035972994583,2.1748392698901005
51.0,275.0,132.62808227539062,0.5478948821106959,1.4915126322271512,-4.018565007985094,-3.429984982496617,-0.5849046172148611,-0.5427832579015086,0.3519434327494816,3.5836336395795687,-1.2874818471703546,2.1748392698901005
51.0,275.0,132.62808227539062,0.5479393208626762,1.4915125719109144,-4.040700792776991,-3.4299823092542527,-0.5848207046333247,-0.5427832578988211,0.3706601385839088,3.5836336395795687,-1.2874818471703546,2.1758899770064857
51.0,275.0,132.62808227539062,0.547893240534502,1.4915101155575186,-4.016602115314464,-3.4299850385750648,-0.5850544538520193,-0.542868027407921,0.3532251727814096,3.5836336395795687,-1.2874776621229187,2.174816816413067
51.0,275.0,132.62808227539062,0.5479452929074433,1.491512940693981,-4.0168287821850335,-3.429984982496617,-0.5976865291217942,-0.5427832577767248,0.3701307659505306,3.5836336395795687,-1.2604577640593833,2.174836722732591
51.0,275.0,132.62808227539062,0.5478950265838155,1.491512770167609,-4.018565007985094,-3.429984982496617,-0.5855074512728781,-0.5427832579015086,0.3527487862190276,3.5836336395795687,-1.2874808635451835,2.1748406629564485
51.0,275.0,132.62808227539062,0.547878504885672,1.4915126322271512,-4.013215937589671,-3.429916541685906,-0.5853959079524219,-0.5427832579015086,0.3720227595107219,3.5836336347399445,-1.2874814237295416,2.1765074249396017
51.0,275.0,132.62808227539062,0.5478783960350889,1.4915126322271512,-4.018712072817035,-3.42998471476643,-0.5853852880407711,-0.5427955023696167,0.3720227595107219,3.5836336395795687,-1.2874814237295416,2.1748392698901005
51.0,275.0,132.62808227539062,0.5478779684829103,1.4915100582119574,-4.016556178241865,-3.429931259189822,-0.5853959079524219,-0.5427832579015086,0.3699401538168486,3.5836336395795687,-1.2874814237295416,2.1748339715722382
51.0,275.0,132.62808227539062,0.5478951812995236,1.4915126322271512,-4.018636021066609,-3.429984982496617,-0.5848779094820971,-0.5427832579015086,0.3712595339174763,3.5836336395795687,-1.2874791234900465,2.1748392698901005
51.0,275.0,132.62808227539062,0.5479438126126436,1.4915126322271512,-4.018565007985094,-3.429797029743666,-0.5975194006387133,-0.5427832579015086,0.3701326336091446,3.583631041414792,-1.2883035972994583,2.1748437404861187
51.0,275.0,132.62808227539062,0.5479393208626762,1.491512578734157,-4.040700792776991,-3.429984855905507,-0.5848207046333247,-0.542783257901575,0.370127098797437,3.5836336395795687,-1.2874801288957012,2.1758899770064857
51.0,275.0,132.62808227539062,0.5478779529403618,1.4915101047517092,-4.016563736223173,-3.429931259189822,-0.5853959079524219,-0.5427832579015086,0.3720227595107219,3.5836336395795687,-1.2874814237295416,2.174834069959463
51.0,275.0,132.62808227539062,0.5479371659054912,1.4915126739937374,-4.018641735686635,-3.429984982496617,-0.584232498697843,-0.5427832579015086,0.3698630959681335,3.5836336395795687,-1.2874539373312437,2.1750736287977723
51.0,275.0,132.62808227539062,0.5478751027957012,1.4915089918222544,-4.017770283732102,-3.43453688910242,-0.5854467428281206,-0.5427832578927154,0.353354811350459,3.583633584550882,-1.2874814327830302,2.1748304111604275
51.0,275.0,132.62808227539062,0.5479443307532503,1.4915089129393202,-4.020530599517375,-3.434557513050347,-0.5873265663083467,-0.542783257773751,0.3700575018888117,3.5836336377119413,-1.287454917965219,2.175238943496297
51.0,275.0,132.62808227539062,0.5478941344508481,1.4915097797880998,-4.018565007985094,-3.429984982496617,-0.5848787132213917,-0.5427832579015086,0.3698901070604473,3.5836336395795687,-1.2862456100693846,2.175915211709121
51.0,276.0,132.62808227539062,0.5478948821106959,1.4915126322271512,-4.018565007985094,-3.429984982496617,-0.5849024594135139,-0.5427832579015086,0.3701326336091446,3.5836336395795687,-1.287454054547188,2.1748392698901005
51.0,276.0,132.62808227539062,0.5478948821106959,1.4915126322271512,-4.018565007985094,-3.429984982496617,-0.5849024594135139,-0.5427832579015086,0.37059461730126,3.5836336395795687,-1.2874818471703546,2.1748392698901005
51.0,276.0,132.62808227539062,0.5478948821106959,1.4915125369362046,-4.018565007985094,-3.429984982496617,-0.585550776313577,-0.5279721935780763,0.3535768109007595,3.5836336395795687,-1.287454054547188,2.174267131087437
51.0,276.0,132.62808227539062,0.5479371659054912,1.49151008825493,-4.0168287821850335,-3.429984982496617,-0.5976865291217942,-0.5427832579015086,0.3698882394018333,3.5836336395795687,-1.2874808364368373,2.1750736287977723
51.0,276.0,132.62808227539062,0.5478783960350889,1.4915126322271512,-4.013231974046128,-3.429931259189822,-0.5853959079524219,-0.5427832579015086,0.3720227595107219,3.5836336395795687,-1.2874814237295416,2.1748392698901005
51.0,276.0,132.62808227539062,0.5478948821106959,1.4915126322271512,-4.018565007985094,-3.429984982496617,-0.5849038134755663,-0.5427832579015086,0.3530703330578133,3.5836336395795687,-1.2874818471703546,2.1748392698901005
51.0,276.0,132.62808227539062,0.5478948821106959,1.4915126322271512,-4.016336684172381,-3.434426143155825,-0.5849038134755663,-0.542783257782956,0.3530703330578133,3.583633585422957,-1.2873613426977333,2.1764212863434835
51.0,276.0,132.62808227539062,0.5478948821106959,1.4915126322271512,-4.018565007985094,-3.429984982496617,-0.5849024594135139,-0.5427832579015086,0.3701326336091446,3.5836336395795687,-1.287454054547188,2.1748392698901005
51.0,276.0,132.62808227539062,0.5478783960350889,1.4915126322271512,-4.013231974046128,-3.429931259189822,-0.5853959079524219,-0.5427832579015086,0.3720227595107219,3.5836336395795687,-1.2874814237295416,2.1748392698901005
51.0,276.0,132.62808227539062,0.5478948821106959,1.4915126322271512,-4.013322040356646,-3.4299823092542527,-0.5849024594135139,-0.5427832579015086,0.37059461730126,3.5836336395795687,-1.2874818471703546,2.1748392698901005
51.0,276.0,132.62808227539062,0.5479442460587678,1.49151008825493,-4.0168287821850335,-3.429984982496617,-0.5976865291217942,-0.5427832577767248,0.3698882394018333,3.5836336395795687,-1.2592496340822534,2.1759126645516123
51.0,276.0,132.62808227539062,0.547937616529104,1.49151008825493,-4.0168287821850335,-3.429984982496617,-0.5976865291217942,-0.5427832578991345,0.3698882394018333,3.5836336395795687,-1.2866427087170385,2.1759126645516123
51.0,276.0,132.62808227539062,0.5479371659054912,1.4915106906779072,-4.0168287821850335,-3.4349824467745527,-0.5955271495185809,-0.5427832579015086,0.3698882394018333,3.5703208031567057,-1.2854039180628944,2.1750736287977723
51.0,276.0,132.62808227539062,0.5478948821106959,1.4915126322271512,-4.018565007985094,-3.429984982496617,-0.5849038134755663,-0.5427832579015086,0.3530703330578133,3.5836336395795687,-1.2874818471703546,2.1748392698901005
51.0,276.0,132.62808227539062,0.5478948821106959,1.4915121369401692,-4.017412237295675,-3.429984982496617,-0.5860867837023092,-0.5279721935780763,0.3535768109007595,3.5836336395795687,-1.2873476441941856,2.174267131087437
51.0,276.0,132.62808227539062,0.5478779684829103,1.4915100582119574,-4.016556178241865,-3.429931259189822,-0.5853959079524219,-0.5427832579015086,0.3699401538168486,3.5836336395795687,-1.2874814237295416,2.1748339715722382
51.0,276.0,132.62808227539062,0.5478948821106959,1.491510115505245,-4.018565007985094,-3.429984982496617,-0.585550776313577,-0.5279721935780763,0.3532251727814096,3.5836336395795687,-1.287454054547188,2.174196968619919
51.0,276.0,132.62808227539062,0.5478783960350889,1.4915126322271512,-4.0115682631224345,-3.429931259189822,-0.5853959079524219,-0.5427832577720734,0.3720227595107219,3.5836336401050257,-1.2874814237295416,2.1748392698901005
51.0,276.0,132.62808227539062,0.5478777894201731,1.4915126322271512,-4.013098196013769,-3.4348979588315944,-0.5853959079524219,-0.5427832579015086,0.3720227595107219,3.5836336395795687,-1.2853275760651472,2.175045059501364
51.0,276.0,132.62808227539062,0.5478951812995236,1.4915126322271512,-4.018565007985094,-3.429984982496617,-0.5848787132213917,-0.5427832579015086,0.3701326336091446,3.5836336395795687,-1.2874537400465145,2.1748392698901005
51.0,276.0,132.62808227539062,0.5479371659054912,1.49151008825493,-4.0168287821850335,-3.429984982496617,-0.5976865291217942,-0.542783257787162,0.3672821324565222,3.5836336395795687,-1.2874808364368373,2.1750736287977723
51.0,276.0,132.62808227539062,0.5478948821106959,1.4915126322271512,-4.016336684172381,-3.434426143155825,-0.5849038134755663,-0.542783257782956,0.3530703330578133,3.583633585422957,-1.287482651840964,2.176455547875888
51.0,276.0,132.62808227539062,0.5479371659054912,1.4915106906779072,-4.01855497464395,-3.4349824467745527,-0.5955271495185809,-0.5427832579015086,0.3698627616320903,3.57050069664492,-1.2873897371495855,2.1750736287977723
51.0,276.0,132.62808227539062,0.5478948821106959,1.4915126322271512,-4.018565007985094,-3.429984982496617,-0.5849038134755663,-0.5417862759426133,0.3530854246187211,3.5836336395795687,-1.2874818471703546,2.1748678712457337
51.0,276.0,132.62808227539062,0.5478783960350889,1.4915126322271512,-4.0115682631224345,-3.429931259189822,-0.5853959079524219,-0.5427832577720734,0.3720227595107219,3.5836336401050257,-1.2874814237295416,2.1748392698901005
51.0,276.0,132.62808227539062,0.5478783960350889,1.4915126322271512,-4.013231974046128,-3.429931259189822,-0.5853959079524219,-0.5427832579015086,0.3720227595107219,3.5836336395795687,-1.2874814237295416,2.1748392698901005
51.0,276.0,132.62808227539062,0.5478950984988996,1.4915047339481498,-4.018565007985094,-3.429984982496617,-0.5834720788807439,-0.5427832579015086,0.37059461730126,3.5836336395795687,-1.2874818471703546,2.1748392698901005
51.0,276.0,132.62808227539062,0.5478951812995236,1.4915126322271512,-4.018565007985094,-3.429984982496617,-0.5848779094820971,-0.5427832579015086,0.3712595339174763,3.5836336395795687,-1.2874537400465145,2.1748392698901005
51.0,276.0,132.62808227539062,0.5478931777771237,1.4915101485711668,-4.0168287821850335,-3.429984982496617,-0.5977682839019836,-0.542783257901822,0.3698227181191845,3.5836336395795687,-1.2866427087170385,2.1748619574352266
51.0,276.0,132.62808227539062,0.5479449431421275,1.4915089129393202,-4.017770283732102,-3.43453688910242,-0.5854467428281206,-0.542783257773751,0.353354811350459,3.583633584550882,-1.287480815620589,2.17524651555813
51.0,276.0,132.62808227539062,0.5478951812995236,1.4915126322271512,-4.016838815526177,-3.429984982496617,-0.5848787132213917,-0.5427832579015086,0.3701581113788876,3.583453746091355,-1.285467920959823,2.1748392698901005
51.0,276.0,132.62808227539062,0.5478783960350889,1.4915126322271512,-4.013231974046128,-3.429931259189822,-0.5853959079524219,-0.5427832579015086,0.3720227595107219,3.5836336395795687,-1.2874814237295416,2.1748392698901005
51.0,276.0,132.62808227539062,0.5479383768927283,1.4915101155575186,-4.016829557674948,-3.429984982496617,-0.5850526222642735,-0.5279721935780763,0.3532251727814096,3.5836336395795687,-1.2874550421735926,2.17506624229969
51.0,276.0,132.62808227539062,0.5479438126126436,1.4915126322271512,-4.018565007985094,-3.429984982496617,-0.5975194006387133,-0.5427832579015086,0.3701326336091446,3.5836336395795687,-1.2883035972994583,2.1748392698901005
51.0,276.0,132.62808227539062,0.5478948821106959,1.4915126322271512,-4.018565007985094,-3.429984982496617,-0.5849046172148611,-0.5427832579015086,0.3519434327494816,3.5836336395795687,-1.2874818471703546,2.1748392698901005
51.0,276.0,132.62808227539062,0.5479393208626762,1.4915125719109144,-4.040700792776991,-3.4299823092542527,-0.5848207046333247,-0.5427832578988211,0.3706601385839088,3.5836336395795687,-1.2874818471703546,2.1758899770064857
51.0,276.0,132.62808227539062,0.547893240534502,1.4915101155575186,-4.016602115314464,-3.4299850385750648,-0.5850544538520193,-0.542868027407921,0.3532251727814096,3.5836336395795687,-1.2874776621229187,2.174816816413067
51.0,276.0,132.62808227539062,0.5479452929074433,1.491512940693981,-4.0168287821850335,-3.429984982496617,-0.5976865291217942,-0.5427832577767248,0.3701307659505306,3.5836336395795687,-1.2604577640593833,2.174836722732591
51.0,276.0,132.62808227539062,0.5478950265838155,1.491512770167609,-4.018565007985094,-3.429984982496617,-0.5855074512728781,-0.5427832579015086,0.3527487862190276,3.5836336395795687,-1.2874808635451835,2.1748406629564485
51.0,276.0,132.62808227539062,0.547878504885672,1.4915126322271512,-4.013215937589671,-3.429916541685906,-0.5853959079524219,-0.5427832579015086,0.3720227595107219,3.5836336347399445,-1.2874814237295416,2.1765074249396017
51.0,276.0,132.62808227539062,0.5478783960350889,1.4915126322271512,-4.018712072817035,-3.42998471476643,-0.5853852880407711,-0.5427955023696167,0.3720227595107219,3.5836336395795687,-1.2874814237295416,2.1748392698901005
51.0,276.0,132.62808227539062,0.5478779684829103,1.4915100582119574,-4.016556178241865,-3.429931259189822,-0.5853959079524219,-0.5427832579015086,0.3699401538168486,3.5836336395795687,-1.2874814237295416,2.1748339715722382
51.0,276.0,132.62808227539062,0.5478951812995236,1.4915126322271512,-4.018636021066609,-3.429984982496617,-0.5848779094820971,-0.5427832579015086,0.3712595339174763,3.5836336395795687,-1.2874791234900465,2.1748392698901005
51.0,276.0,132.62808227539062,0.5479438126126436,1.4915126322271512,-4.018565007985094,-3.429797029743666,-0.5975194006387133,-0.5427832579015086,0.3701326336091446,3.583631041414792,-1.2883035972994583,2.1748437404861187
51.0,276.0,132.62808227539062,0.5479393208626762,1.491512578734157,-4.040700792776991,-3.429984855905507,-0.5848207046333247,-0.542783257901575,0.370127098797437,3.5836336395795687,-1.2874801288957012,2.1758899770064857
51.0,276.0,132.62808227539062,0.5478779529403618,1.4915101047517092,-4.016563736223173,-3.429931259189822,-0.5853959079524219,-0.5427832579015086,0.3720227595107219,3.5836336395795687,-1.2874814237295416,2.174834069959463
51.0,276.0,132.62808227539062,0.5479371659054912,1.4915126739937374,-4.018641735686635,-3.429984982496617,-0.584232498697843,-0.5427832579015086,0.3698630959681335,3.5836336395795687,-1.2874539373312437,2.1750736287977723
51.0,276.0,132.62808227539062,0.5478751027957012,1.4915089918222544,-4.017770283732102,-3.43453688910242,-0.5854467428281206,-0.5427832578927154,0.353354811350459,3.583633584550882,-1.2874814327830302,2.1748304111604275
51.0,276.0,132.62808227539062,0.5479443307532503,1.4915089129393202,-4.020530599517375,-3.434557513050347,-0.5873265663083467,-0.542783257773751,0.3700575018888117,3.5836336377119413,-1.287454917965219,2.175238943496297
51.0,276.0,132.62808227539062,0.5478941344508481,1.4915097797880998,-4.018565007985094,-3.429984982496617,-0.5848787132213917,-0.5427832579015086,0.3698901070604473,3.5836336395795687,-1.2862456100693846,2.175915211709121
51.0,277.0,132.62808227539062,0.5478948821106959,1.4915126322271512,-4.018565007985094,-3.429984982496617,-0.5849024594135139,-0.5427832579015086,0.3701326336091446,3.5836336395795687,-1.287454054547188,2.1748392698901005
51.0,277.0,132.62808227539062,0.5478948821106959,1.4915126322271512,-4.018565007985094,-3.429984982496617,-0.5849024594135139,-0.5427832579015086,0.37059461730126,3.5836336395795687,-1.2874818471703546,2.1748392698901005
51.0,277.0,132.62808227539062,0.5478948821106959,1.4915125369362046,-4.018565007985094,-3.429984982496617,-0.585550776313577,-0.5279721935780763,0.3535768109007595,3.5836336395795687,-1.287454054547188,2.174267131087437
51.0,277.0,132.62808227539062,0.5479371659054912,1.49151008825493,-4.0168287821850335,-3.429984982496617,-0.5976865291217942,-0.5427832579015086,0.3698882394018333,3.5836336395795687,-1.2874808364368373,2.1750736287977723
51.0,277.0,132.62808227539062,0.5478783960350889,1.4915126322271512,-4.013231974046128,-3.429931259189822,-0.5853959079524219,-0.5427832579015086,0.3720227595107219,3.5836336395795687,-1.2874814237295416,2.1748392698901005
51.0,277.0,132.62808227539062,0.5478948821106959,1.4915126322271512,-4.018565007985094,-3.429984982496617,-0.5849038134755663,-0.5427832579015086,0.3530703330578133,3.5836336395795687,-1.2874818471703546,2.1748392698901005
51.0,277.0,132.62808227539062,0.5478948821106959,1.4915126322271512,-4.016336684172381,-3.434426143155825,-0.5849038134755663,-0.542783257782956,0.3530703330578133,3.583633585422957,-1.2873613426977333,2.1764212863434835
51.0,277.0,132.62808227539062,0.5478948821106959,1.4915126322271512,-4.018565007985094,-3.429984982496617,-0.5849024594135139,-0.5427832579015086,0.3701326336091446,3.5836336395795687,-1.287454054547188,2.1748392698901005
51.0,277.0,132.62808227539062,0.5478783960350889,1.4915126322271512,-4.013231974046128,-3.429931259189822,-0.5853959079524219,-0.5427832579015086,0.3720227595107219,3.5836336395795687,-1.2874814237295416,2.1748392698901005
51.0,277.0,132.62808227539062,0.5478948821106959,1.4915126322271512,-4.013322040356646,-3.4299823092542527,-0.5849024594135139,-0.5427832579015086,0.37059461730126,3.5836336395795687,-1.2874818471703546,2.1748392698901005
51.0,277.0,132.62808227539062,0.5479442460587678,1.49151008825493,-4.0168287821850335,-3.429984982496617,-0.5976865291217942,-0.5427832577767248,0.3698882394018333,3.5836336395795687,-1.2592496340822534,2.1759126645516123
51.0,277.0,132.62808227539062,0.547937616529104,1.49151008825493,-4.0168287821850335,-3.429984982496617,-0.5976865291217942,-0.5427832578991345,0.3698882394018333,3.5836336395795687,-1.2866427087170385,2.1759126645516123
51.0,277.0,132.62808227539062,0.5479371659054912,1.4915106906779072,-4.0168287821850335,-3.4349824467745527,-0.5955271495185809,-0.5427832579015086,0.3698882394018333,3.5703208031567057,-1.2854039180628944,2.1750736287977723
51.0,277.0,132.62808227539062,0.5478948821106959,1.4915126322271512,-4.018565007985094,-3.429984982496617,-0.5849038134755663,-0.5427832579015086,0.3530703330578133,3.5836336395795687,-1.2874818471703546,2.1748392698901005
51.0,277.0,132.62808227539062,0.5478948821106959,1.4915121369401692,-4.017412237295675,-3.429984982496617,-0.5860867837023092,-0.5279721935780763,0.3535768109007595,3.5836336395795687,-1.2873476441941856,2.174267131087437
51.0,277.0,132.62808227539062,0.5478779684829103,1.4915100582119574,-4.016556178241865,-3.429931259189822,-0.5853959079524219,-0.5427832579015086,0.3699401538168486,3.5836336395795687,-1.2874814237295416,2.1748339715722382
51.0,277.0,132.62808227539062,0.5478948821106959,1.491510115505245,-4.018565007985094,-3.429984982496617,-0.585550776313577,-0.5279721935780763,0.3532251727814096,3.5836336395795687,-1.287454054547188,2.174196968619919
51.0,277.0,132.62808227539062,0.5478783960350889,1.4915126322271512,-4.0115682631224345,-3.429931259189822,-0.5853959079524219,-0.5427832577720734,0.3720227595107219,3.5836336401050257,-1.2874814237295416,2.1748392698901005
51.0,277.0,132.62808227539062,0.5478777894201731,1.4915126322271512,-4.013098196013769,-3.4348979588315944,-0.5853959079524219,-0.5427832579015086,0.3720227595107219,3.5836336395795687,-1.2853275760651472,2.175045059501364
51.0,277.0,132.62808227539062,0.5478951812995236,1.4915126322271512,-4.018565007985094,-3.429984982496617,-0.5848787132213917,-0.5427832579015086,0.3701326336091446,3.5836336395795687,-1.2874537400465145,2.1748392698901005
51.0,277.0,132.62808227539062,0.5479371659054912,1.49151008825493,-4.0168287821850335,-3.429984982496617,-0.5976865291217942,-0.542783257787162,0.3672821324565222,3.5836336395795687,-1.2874808364368373,2.1750736287977723
51.0,277.0,132.62808227539062,0.5478948821106959,1.4915126322271512,-4.016336684172381,-3.434426143155825,-0.5849038134755663,-0.542783257782956,0.3530703330578133,3.583633585422957,-1.287482651840964,2.176455547875888
51.0,277.0,132.62808227539062,0.5479371659054912,1.4915106906779072,-4.01855497464395,-3.4349824467745527,-0.5955271495185809,-0.5427832579015086,0.3698627616320903,3.57050069664492,-1.2873897371495855,2.1750736287977723
51.0,277.0,132.62808227539062,0.5478948821106959,1.4915126322271512,-4.018565007985094,-3.429984982496617,-0.5849038134755663,-0.5417862759426133,0.3530854246187211,3.5836336395795687,-1.2874818471703546,2.1748678712457337
51.0,277.0,132.62808227539062,0.5478783960350889,1.4915126322271512,-4.0115682631224345,-3.429931259189822,-0.5853959079524219,-0.5427832577720734,0.3720227595107219,3.5836336401050257,-1.2874814237295416,2.1748392698901005
51.0,277.0,132.62808227539062,0.5478783960350889,1.4915126322271512,-4.013231974046128,-3.429931259189822,-0.5853959079524219,-0.5427832579015086,0.3720227595107219,3.5836336395795687,-1.2874814237295416,2.1748392698901005
51.0,277.0,132.62808227539062,0.5478950984988996,1.4915047339481498,-4.018565007985094,-3.429984982496617,-0.5834720788807439,-0.5427832579015086,0.37059461730126,3.5836336395795687,-1.2874818471703546,2.1748392698901005
51.0,277.0,132.62808227539062,0.5478951812995236,1.4915126322271512,-4.018565007985094,-3.429984982496617,-0.5848779094820971,-0.5427832579015086,0.3712595339174763,3.5836336395795687,-1.2874537400465145,2.1748392698901005
51.0,277.0,132.62808227539062,0.5478931777771237,1.4915101485711668,-4.0168287821850335,-3.429984982496617,-0.5977682839019836,-0.542783257901822,0.3698227181191845,3.5836336395795687,-1.2866427087170385,2.1748619574352266
51.0,277.0,132.62808227539062,0.5479449431421275,1.4915089129393202,-4.017770283732102,-3.43453688910242,-0.5854467428281206,-0.542783257773751,0.353354811350459,3.583633584550882,-1.287480815620589,2.17524651555813
51.0,277.0,132.62808227539062,0.5478951812995236,1.4915126322271512,-4.016838815526177,-3.429984982496617,-0.5848787132213917,-0.5427832579015086,0.3701581113788876,3.583453746091355,-1.285467920959823,2.1748392698901005
51.0,277.0,132.62808227539062,0.5478783960350889,1.4915126322271512,-4.013231974046128,-3.429931259189822,-0.5853959079524219,-0.5427832579015086,0.3720227595107219,3.5836336395795687,-1.2874814237295416,2.1748392698901005
51.0,277.0,132.62808227539062,0.5479383768927283,1.4915101155575186,-4.016829557674948,-3.429984982496617,-0.5850526222642735,-0.5279721935780763,0.3532251727814096,3.5836336395795687,-1.2874550421735926,2.17506624229969
51.0,277.0,132.62808227539062,0.5479438126126436,1.4915126322271512,-4.018565007985094,-3.429984982496617,-0.5975194006387133,-0.5427832579015086,0.3701326336091446,3.5836336395795687,-1.2883035972994583,2.1748392698901005
51.0,277.0,132.62808227539062,0.5478948821106959,1.4915126322271512,-4.018565007985094,-3.429984982496617,-0.5849046172148611,-0.5427832579015086,0.3519434327494816,3.5836336395795687,-1.2874818471703546,2.1748392698901005
51.0,277.0,132.62808227539062,0.5479393208626762,1.4915125719109144,-4.040700792776991,-3.4299823092542527,-0.5848207046333247,-0.5427832578988211,0.3706601385839088,3.5836336395795687,-1.2874818471703546,2.1758899770064857
51.0,277.0,132.62808227539062,0.547893240534502,1.4915101155575186,-4.016602115314464,-3.4299850385750648,-0.5850544538520193,-0.542868027407921,0.3532251727814096,3.5836336395795687,-1.2874776621229187,2.174816816413067
51.0,277.0,132.62808227539062,0.5479452929074433,1.491512940693981,-4.0168287821850335,-3.429984982496617,-0.5976865291217942,-0.5427832577767248,0.3701307659505306,3.5836336395795687,-1.2604577640593833,2.174836722732591
51.0,277.0,132.62808227539062,0.5478950265838155,1.491512770167609,-4.018565007985094,-3.429984982496617,-0.5855074512728781,-0.5427832579015086,0.3527487862190276,3.5836336395795687,-1.2874808635451835,2.1748406629564485
51.0,277.0,132.62808227539062,0.547878504885672,1.4915126322271512,-4.013215937589671,-3.429916541685906,-0.5853959079524219,-0.5427832579015086,0.3720227595107219,3.5836336347399445,-1.2874814237295416,2.1765074249396017
51.0,277.0,132.62808227539062,0.5478783960350889,1.4915126322271512,-4.018712072817035,-3.42998471476643,-0.5853852880407711,-0.5427955023696167,0.3720227595107219,3.5836336395795687,-1.2874814237295416,2.1748392698901005
51.0,277.0,132.62808227539062,0.5478779684829103,1.4915100582119574,-4.016556178241865,-3.429931259189822,-0.5853959079524219,-0.5427832579015086,0.3699401538168486,3.5836336395795687,-1.2874814237295416,2.1748339715722382
51.0,277.0,132.62808227539062,0.5478951812995236,1.4915126322271512,-4.018636021066609,-3.429984982496617,-0.5848779094820971,-0.5427832579015086,0.3712595339174763,3.5836336395795687,-1.2874791234900465,2.1748392698901005
51.0,277.0,132.62808227539062,0.5479438126126436,1.4915126322271512,-4.018565007985094,-3.429797029743666,-0.5975194006387133,-0.5427832579015086,0.3701326336091446,3.583631041414792,-1.2883035972994583,2.1748437404861187
51.0,277.0,132.62808227539062,0.5479393208626762,1.491512578734157,-4.040700792776991,-3.429984855905507,-0.5848207046333247,-0.542783257901575,0.370127098797437,3.5836336395795687,-1.2874801288957012,2.1758899770064857
51.0,277.0,132.62808227539062,0.5478779529403618,1.4915101047517092,-4.016563736223173,-3.429931259189822,-0.5853959079524219,-0.5427832579015086,0.3720227595107219,3.5836336395795687,-1.2874814237295416,2.174834069959463
51.0,277.0,132.62808227539062,0.5479371659054912,1.4915126739937374,-4.018641735686635,-3.429984982496617,-0.584232498697843,-0.5427832579015086,0.3698630959681335,3.5836336395795687,-1.2874539373312437,2.1750736287977723
51.0,277.0,132.62808227539062,0.5478751027957012,1.4915089918222544,-4.017770283732102,-3.43453688910242,-0.5854467428281206,-0.5427832578927154,0.353354811350459,3.583633584550882,-1.2874814327830302,2.1748304111604275
51.0,277.0,132.62808227539062,0.5479443307532503,1.4915089129393202,-4.020530599517375,-3.434557513050347,-0.5873265663083467,-0.542783257773751,0.3700575018888117,3.5836336377119413,-1.287454917965219,2.175238943496297
51.0,277.0,132.62808227539062,0.5478941344508481,1.4915097797880998,-4.018565007985094,-3.429984982496617,-0.5848787132213917,-0.5427832579015086,0.3698901070604473,3.5836336395795687,-1.2862456100693846,2.175915211709121
51.0,278.0,132.62808227539062,0.5478948821106959,1.4915126322271512,-4.018565007985094,-3.429984982496617,-0.5849024594135139,-0.5427832579015086,0.3701326336091446,3.5836336395795687,-1.287454054547188,2.1748392698901005
51.0,278.0,132.62808227539062,0.5478948821106959,1.4915126322271512,-4.018565007985094,-3.429984982496617,-0.5849024594135139,-0.5427832579015086,0.37059461730126,3.5836336395795687,-1.2874818471703546,2.1748392698901005
51.0,278.0,132.62808227539062,0.5478948821106959,1.4915125369362046,-4.018565007985094,-3.429984982496617,-0.585550776313577,-0.5279721935780763,0.3535768109007595,3.5836336395795687,-1.287454054547188,2.174267131087437
51.0,278.0,132.62808227539062,0.5479371659054912,1.49151008825493,-4.0168287821850335,-3.429984982496617,-0.5976865291217942,-0.5427832579015086,0.3698882394018333,3.5836336395795687,-1.2874808364368373,2.1750736287977723
51.0,278.0,132.62808227539062,0.5478783960350889,1.4915126322271512,-4.013231974046128,-3.429931259189822,-0.5853959079524219,-0.5427832579015086,0.3720227595107219,3.5836336395795687,-1.2874814237295416,2.1748392698901005
51.0,278.0,132.62808227539062,0.5478948821106959,1.4915126322271512,-4.018565007985094,-3.429984982496617,-0.5849038134755663,-0.5427832579015086,0.3530703330578133,3.5836336395795687,-1.2874818471703546,2.1748392698901005
51.0,278.0,132.62808227539062,0.5478948821106959,1.4915126322271512,-4.016336684172381,-3.434426143155825,-0.5849038134755663,-0.542783257782956,0.3530703330578133,3.583633585422957,-1.2873613426977333,2.1764212863434835
51.0,278.0,132.62808227539062,0.5478948821106959,1.4915126322271512,-4.018565007985094,-3.429984982496617,-0.5849024594135139,-0.5427832579015086,0.3701326336091446,3.5836336395795687,-1.287454054547188,2.1748392698901005
51.0,278.0,132.62808227539062,0.5478783960350889,1.4915126322271512,-4.013231974046128,-3.429931259189822,-0.5853959079524219,-0.5427832579015086,0.3720227595107219,3.5836336395795687,-1.2874814237295416,2.1748392698901005
51.0,278.0,132.62808227539062,0.5478948821106959,1.4915126322271512,-4.013322040356646,-3.4299823092542527,-0.5849024594135139,-0.5427832579015086,0.37059461730126,3.5836336395795687,-1.2874818471703546,2.1748392698901005
51.0,278.0,132.62808227539062,0.5479442460587678,1.49151008825493,-4.0168287821850335,-3.429984982496617,-0.5976865291217942,-0.5427832577767248,0.3698882394018333,3.5836336395795687,-1.2592496340822534,2.1759126645516123
51.0,278.0,132.62808227539062,0.547937616529104,1.49151008825493,-4.0168287821850335,-3.429984982496617,-0.5976865291217942,-0.5427832578991345,0.3698882394018333,3.5836336395795687,-1.2866427087170385,2.1759126645516123
51.0,278.0,132.62808227539062,0.5479371659054912,1.4915106906779072,-4.0168287821850335,-3.4349824467745527,-0.5955271495185809,-0.5427832579015086,0.3698882394018333,3.5703208031567057,-1.2854039180628944,2.1750736287977723
51.0,278.0,132.62808227539062,0.5478948821106959,1.4915126322271512,-4.018565007985094,-3.429984982496617,-0.5849038134755663,-0.5427832579015086,0.3530703330578133,3.5836336395795687,-1.2874818471703546,2.1748392698901005
51.0,278.0,132.62808227539062,0.5478948821106959,1.4915121369401692,-4.017412237295675,-3.429984982496617,-0.5860867837023092,-0.5279721935780763,0.3535768109007595,3.5836336395795687,-1.2873476441941856,2.174267131087437
51.0,278.0,132.62808227539062,0.5478779684829103,1.4915100582119574,-4.016556178241865,-3.429931259189822,-0.5853959079524219,-0.5427832579015086,0.3699401538168486,3.5836336395795687,-1.2874814237295416,2.1748339715722382
51.0,278.0,132.62808227539062,0.5478948821106959,1.491510115505245,-4.018565007985094,-3.429984982496617,-0.585550776313577,-0.5279721935780763,0.3532251727814096,3.5836336395795687,-1.287454054547188,2.174196968619919
51.0,278.0,132.62808227539062,0.5478783960350889,1.4915126322271512,-4.0115682631224345,-3.429931259189822,-0.5853959079524219,-0.5427832577720734,0.3720227595107219,3.5836336401050257,-1.2874814237295416,2.1748392698901005
51.0,278.0,132.62808227539062,0.5478777894201731,1.4915126322271512,-4.013098196013769,-3.4348979588315944,-0.5853959079524219,-0.5427832579015086,0.3720227595107219,3.5836336395795687,-1.2853275760651472,2.175045059501364
51.0,278.0,132.62808227539062,0.5478951812995236,1.4915126322271512,-4.018565007985094,-3.429984982496617,-0.5848787132213917,-0.5427832579015086,0.3701326336091446,3.5836336395795687,-1.2874537400465145,2.1748392698901005
51.0,278.0,132.62808227539062,0.5479371659054912,1.49151008825493,-4.0168287821850335,-3.429984982496617,-0.5976865291217942,-0.542783257787162,0.3672821324565222,3.5836336395795687,-1.2874808364368373,2.1750736287977723
51.0,278.0,132.62808227539062,0.5478948821106959,1.4915126322271512,-4.016336684172381,-3.434426143155825,-0.5849038134755663,-0.542783257782956,0.3530703330578133,3.583633585422957,-1.287482651840964,2.176455547875888
51.0,278.0,132.62808227539062,0.5479371659054912,1.4915106906779072,-4.01855497464395,-3.4349824467745527,-0.5955271495185809,-0.5427832579015086,0.3698627616320903,3.57050069664492,-1.2873897371495855,2.1750736287977723
51.0,278.0,132.62808227539062,0.5478948821106959,1.4915126322271512,-4.018565007985094,-3.429984982496617,-0.5849038134755663,-0.5417862759426133,0.3530854246187211,3.5836336395795687,-1.2874818471703546,2.1748678712457337
51.0,278.0,132.62808227539062,0.5478783960350889,1.4915126322271512,-4.0115682631224345,-3.429931259189822,-0.5853959079524219,-0.5427832577720734,0.3720227595107219,3.5836336401050257,-1.2874814237295416,2.1748392698901005
51.0,278.0,132.62808227539062,0.5478783960350889,1.4915126322271512,-4.013231974046128,-3.429931259189822,-0.5853959079524219,-0.5427832579015086,0.3720227595107219,3.5836336395795687,-1.2874814237295416,2.1748392698901005
51.0,278.0,132.62808227539062,0.5478950984988996,1.4915047339481498,-4.018565007985094,-3.429984982496617,-0.5834720788807439,-0.5427832579015086,0.37059461730126,3.5836336395795687,-1.2874818471703546,2.1748392698901005
51.0,278.0,132.62808227539062,0.5478951812995236,1.4915126322271512,-4.018565007985094,-3.429984982496617,-0.5848779094820971,-0.5427832579015086,0.3712595339174763,3.5836336395795687,-1.2874537400465145,2.1748392698901005
51.0,278.0,132.62808227539062,0.5478931777771237,1.4915101485711668,-4.0168287821850335,-3.429984982496617,-0.5977682839019836,-0.542783257901822,0.3698227181191845,3.5836336395795687,-1.2866427087170385,2.1748619574352266
51.0,278.0,132.62808227539062,0.5479449431421275,1.4915089129393202,-4.017770283732102,-3.43453688910242,-0.5854467428281206,-0.542783257773751,0.353354811350459,3.583633584550882,-1.287480815620589,2.17524651555813
51.0,278.0,132.62808227539062,0.5478951812995236,1.4915126322271512,-4.016838815526177,-3.429984982496617,-0.5848787132213917,-0.5427832579015086,0.3701581113788876,3.583453746091355,-1.285467920959823,2.1748392698901005
51.0,278.0,132.62808227539062,0.5478783960350889,1.4915126322271512,-4.013231974046128,-3.429931259189822,-0.5853959079524219,-0.5427832579015086,0.3720227595107219,3.5836336395795687,-1.2874814237295416,2.1748392698901005
51.0,278.0,132.62808227539062,0.5479383768927283,1.4915101155575186,-4.016829557674948,-3.429984982496617,-0.5850526222642735,-0.5279721935780763,0.3532251727814096,3.5836336395795687,-1.2874550421735926,2.17506624229969
51.0,278.0,132.62808227539062,0.5479438126126436,1.4915126322271512,-4.018565007985094,-3.429984982496617,-0.5975194006387133,-0.5427832579015086,0.3701326336091446,3.5836336395795687,-1.2883035972994583,2.1748392698901005
51.0,278.0,132.62808227539062,0.5478948821106959,1.4915126322271512,-4.018565007985094,-3.429984982496617,-0.5849046172148611,-0.5427832579015086,0.3519434327494816,3.5836336395795687,-1.2874818471703546,2.1748392698901005
51.0,278.0,132.62808227539062,0.5479393208626762,1.4915125719109144,-4.040700792776991,-3.4299823092542527,-0.5848207046333247,-0.5427832578988211,0.3706601385839088,3.5836336395795687,-1.2874818471703546,2.1758899770064857
51.0,278.0,132.62808227539062,0.547893240534502,1.4915101155575186,-4.016602115314464,-3.4299850385750648,-0.5850544538520193,-0.542868027407921,0.3532251727814096,3.5836336395795687,-1.2874776621229187,2.174816816413067
51.0,278.0,132.62808227539062,0.5479452929074433,1.491512940693981,-4.0168287821850335,-3.429984982496617,-0.5976865291217942,-0.5427832577767248,0.3701307659505306,3.5836336395795687,-1.2604577640593833,2.174836722732591
51.0,278.0,132.62808227539062,0.5478950265838155,1.491512770167609,-4.018565007985094,-3.429984982496617,-0.5855074512728781,-0.5427832579015086,0.3527487862190276,3.5836336395795687,-1.2874808635451835,2.1748406629564485
51.0,278.0,132.62808227539062,0.547878504885672,1.4915126322271512,-4.013215937589671,-3.429916541685906,-0.5853959079524219,-0.5427832579015086,0.3720227595107219,3.5836336347399445,-1.2874814237295416,2.1765074249396017
51.0,278.0,132.62808227539062,0.5478783960350889,1.4915126322271512,-4.018712072817035,-3.42998471476643,-0.5853852880407711,-0.5427955023696167,0.3720227595107219,3.5836336395795687,-1.2874814237295416,2.1748392698901005
51.0,278.0,132.62808227539062,0.5478779684829103,1.4915100582119574,-4.016556178241865,-3.429931259189822,-0.5853959079524219,-0.5427832579015086,0.3699401538168486,3.5836336395795687,-1.2874814237295416,2.1748339715722382
51.0,278.0,132.62808227539062,0.5478951812995236,1.4915126322271512,-4.018636021066609,-3.429984982496617,-0.5848779094820971,-0.5427832579015086,0.3712595339174763,3.5836336395795687,-1.2874791234900465,2.1748392698901005
51.0,278.0,132.62808227539062,0.5479438126126436,1.4915126322271512,-4.018565007985094,-3.429797029743666,-0.5975194006387133,-0.5427832579015086,0.3701326336091446,3.583631041414792,-1.2883035972994583,2.1748437404861187
51.0,278.0,132.62808227539062,0.5479393208626762,1.491512578734157,-4.040700792776991,-3.429984855905507,-0.5848207046333247,-0.542783257901575,0.370127098797437,3.5836336395795687,-1.2874801288957012,2.1758899770064857
51.0,278.0,132.62808227539062,0.5478779529403618,1.4915101047517092,-4.016563736223173,-3.429931259189822,-0.5853959079524219,-0.5427832579015086,0.3720227595107219,3.5836336395795687,-1.2874814237295416,2.174834069959463
51.0,278.0,132.62808227539062,0.5479371659054912,1.4915126739937374,-4.018641735686635,-3.429984982496617,-0.584232498697843,-0.5427832579015086,0.3698630959681335,3.5836336395795687,-1.2874539373312437,2.1750736287977723
51.0,278.0,132.62808227539062,0.5478751027957012,1.4915089918222544,-4.017770283732102,-3.43453688910242,-0.5854467428281206,-0.5427832578927154,0.353354811350459,3.583633584550882,-1.2874814327830302,2.1748304111604275
51.0,278.0,132.62808227539062,0.5479443307532503,1.4915089129393202,-4.020530599517375,-3.434557513050347,-0.5873265663083467,-0.542783257773751,0.3700575018888117,3.5836336377119413,-1.287454917965219,2.175238943496297
51.0,278.0,132.62808227539062,0.5478941344508481,1.4915097797880998,-4.018565007985094,-3.429984982496617,-0.5848787132213917,-0.5427832579015086,0.3698901070604473,3.5836336395795687,-1.2862456100693846,2.175915211709121
51.0,279.0,132.62808227539062,0.5478948821106959,1.4915126322271512,-4.018565007985094,-3.429984982496617,-0.5849024594135139,-0.5427832579015086,0.3701326336091446,3.5836336395795687,-1.287454054547188,2.1748392698901005
51.0,279.0,132.62808227539062,0.5478948821106959,1.4915126322271512,-4.018565007985094,-3.429984982496617,-0.5849024594135139,-0.5427832579015086,0.37059461730126,3.5836336395795687,-1.2874818471703546,2.1748392698901005
51.0,279.0,132.62808227539062,0.5478948821106959,1.4915125369362046,-4.018565007985094,-3.429984982496617,-0.585550776313577,-0.5279721935780763,0.3535768109007595,3.5836336395795687,-1.287454054547188,2.174267131087437
51.0,279.0,132.62808227539062,0.5479371659054912,1.49151008825493,-4.0168287821850335,-3.429984982496617,-0.5976865291217942,-0.5427832579015086,0.3698882394018333,3.5836336395795687,-1.2874808364368373,2.1750736287977723
51.0,279.0,132.62808227539062,0.5478783960350889,1.4915126322271512,-4.013231974046128,-3.429931259189822,-0.5853959079524219,-0.5427832579015086,0.3720227595107219,3.5836336395795687,-1.2874814237295416,2.1748392698901005
51.0,279.0,132.62808227539062,0.5478948821106959,1.4915126322271512,-4.018565007985094,-3.429984982496617,-0.5849038134755663,-0.5427832579015086,0.3530703330578133,3.5836336395795687,-1.2874818471703546,2.1748392698901005
51.0,279.0,132.62808227539062,0.5478948821106959,1.4915126322271512,-4.016336684172381,-3.434426143155825,-0.5849038134755663,-0.542783257782956,0.3530703330578133,3.583633585422957,-1.2873613426977333,2.1764212863434835
51.0,279.0,132.62808227539062,0.5478948821106959,1.4915126322271512,-4.018565007985094,-3.429984982496617,-0.5849024594135139,-0.5427832579015086,0.3701326336091446,3.5836336395795687,-1.287454054547188,2.1748392698901005
51.0,279.0,132.62808227539062,0.5478783960350889,1.4915126322271512,-4.013231974046128,-3.429931259189822,-0.5853959079524219,-0.5427832579015086,0.3720227595107219,3.5836336395795687,-1.2874814237295416,2.1748392698901005
51.0,279.0,132.62808227539062,0.5478948821106959,1.4915126322271512,-4.013322040356646,-3.4299823092542527,-0.5849024594135139,-0.5427832579015086,0.37059461730126,3.5836336395795687,-1.2874818471703546,2.1748392698901005
51.0,279.0,132.62808227539062,0.5479442460587678,1.49151008825493,-4.0168287821850335,-3.429984982496617,-0.5976865291217942,-0.5427832577767248,0.3698882394018333,3.5836336395795687,-1.2592496340822534,2.1759126645516123
51.0,279.0,132.62808227539062,0.547937616529104,1.49151008825493,-4.0168287821850335,-3.429984982496617,-0.5976865291217942,-0.5427832578991345,0.3698882394018333,3.5836336395795687,-1.2866427087170385,2.1759126645516123
51.0,279.0,132.62808227539062,0.5479371659054912,1.4915106906779072,-4.0168287821850335,-3.4349824467745527,-0.5955271495185809,-0.5427832579015086,0.3698882394018333,3.5703208031567057,-1.2854039180628944,2.1750736287977723
51.0,279.0,132.62808227539062,0.5478948821106959,1.4915126322271512,-4.018565007985094,-3.429984982496617,-0.5849038134755663,-0.5427832579015086,0.3530703330578133,3.5836336395795687,-1.2874818471703546,2.1748392698901005
51.0,279.0,132.62808227539062,0.5478948821106959,1.4915121369401692,-4.017412237295675,-3.429984982496617,-0.5860867837023092,-0.5279721935780763,0.3535768109007595,3.5836336395795687,-1.2873476441941856,2.174267131087437
51.0,279.0,132.62808227539062,0.5478779684829103,1.4915100582119574,-4.016556178241865,-3.429931259189822,-0.5853959079524219,-0.5427832579015086,0.3699401538168486,3.5836336395795687,-1.2874814237295416,2.1748339715722382
51.0,279.0,132.62808227539062,0.5478948821106959,1.491510115505245,-4.018565007985094,-3.429984982496617,-0.585550776313577,-0.5279721935780763,0.3532251727814096,3.5836336395795687,-1.287454054547188,2.174196968619919
51.0,279.0,132.62808227539062,0.5478783960350889,1.4915126322271512,-4.0115682631224345,-3.429931259189822,-0.5853959079524219,-0.5427832577720734,0.3720227595107219,3.5836336401050257,-1.2874814237295416,2.1748392698901005
51.0,279.0,132.62808227539062,0.5478777894201731,1.4915126322271512,-4.013098196013769,-3.4348979588315944,-0.5853959079524219,-0.5427832579015086,0.3720227595107219,3.5836336395795687,-1.2853275760651472,2.175045059501364
51.0,279.0,132.62808227539062,0.5478951812995236,1.4915126322271512,-4.018565007985094,-3.429984982496617,-0.5848787132213917,-0.5427832579015086,0.3701326336091446,3.5836336395795687,-1.2874537400465145,2.1748392698901005
51.0,279.0,132.62808227539062,0.5479371659054912,1.49151008825493,-4.0168287821850335,-3.429984982496617,-0.5976865291217942,-0.542783257787162,0.3672821324565222,3.5836336395795687,-1.2874808364368373,2.1750736287977723
51.0,279.0,132.62808227539062,0.5478948821106959,1.4915126322271512,-4.016336684172381,-3.434426143155825,-0.5849038134755663,-0.542783257782956,0.3530703330578133,3.583633585422957,-1.287482651840964,2.176455547875888
51.0,279.0,132.62808227539062,0.5479371659054912,1.4915106906779072,-4.01855497464395,-3.4349824467745527,-0.5955271495185809,-0.5427832579015086,0.3698627616320903,3.57050069664492,-1.2873897371495855,2.1750736287977723
51.0,279.0,132.62808227539062,0.5478948821106959,1.4915126322271512,-4.018565007985094,-3.429984982496617,-0.5849038134755663,-0.5417862759426133,0.3530854246187211,3.5836336395795687,-1.2874818471703546,2.1748678712457337
51.0,279.0,132.62808227539062,0.5478783960350889,1.4915126322271512,-4.0115682631224345,-3.429931259189822,-0.5853959079524219,-0.5427832577720734,0.3720227595107219,3.5836336401050257,-1.2874814237295416,2.1748392698901005
51.0,279.0,132.62808227539062,0.5478783960350889,1.4915126322271512,-4.013231974046128,-3.429931259189822,-0.5853959079524219,-0.5427832579015086,0.3720227595107219,3.5836336395795687,-1.2874814237295416,2.1748392698901005
51.0,279.0,132.62808227539062,0.5478950984988996,1.4915047339481498,-4.018565007985094,-3.429984982496617,-0.5834720788807439,-0.5427832579015086,0.37059461730126,3.5836336395795687,-1.2874818471703546,2.1748392698901005
51.0,279.0,132.62808227539062,0.5478951812995236,1.4915126322271512,-4.018565007985094,-3.429984982496617,-0.5848779094820971,-0.5427832579015086,0.3712595339174763,3.5836336395795687,-1.2874537400465145,2.1748392698901005
51.0,279.0,132.62808227539062,0.5478931777771237,1.4915101485711668,-4.0168287821850335,-3.429984982496617,-0.5977682839019836,-0.542783257901822,0.3698227181191845,3.5836336395795687,-1.2866427087170385,2.1748619574352266
51.0,279.0,132.62808227539062,0.5479449431421275,1.4915089129393202,-4.017770283732102,-3.43453688910242,-0.5854467428281206,-0.542783257773751,0.353354811350459,3.583633584550882,-1.287480815620589,2.17524651555813
51.0,279.0,132.62808227539062,0.5478951812995236,1.4915126322271512,-4.016838815526177,-3.429984982496617,-0.5848787132213917,-0.5427832579015086,0.3701581113788876,3.583453746091355,-1.285467920959823,2.1748392698901005
51.0,279.0,132.62808227539062,0.5478783960350889,1.4915126322271512,-4.013231974046128,-3.429931259189822,-0.5853959079524219,-0.5427832579015086,0.3720227595107219,3.5836336395795687,-1.2874814237295416,2.1748392698901005
51.0,279.0,132.62808227539062,0.5479383768927283,1.4915101155575186,-4.016829557674948,-3.429984982496617,-0.5850526222642735,-0.5279721935780763,0.3532251727814096,3.5836336395795687,-1.2874550421735926,2.17506624229969
51.0,279.0,132.62808227539062,0.5479438126126436,1.4915126322271512,-4.018565007985094,-3.429984982496617,-0.5975194006387133,-0.5427832579015086,0.3701326336091446,3.5836336395795687,-1.2883035972994583,2.1748392698901005
51.0,279.0,132.62808227539062,0.5478948821106959,1.4915126322271512,-4.018565007985094,-3.429984982496617,-0.5849046172148611,-0.5427832579015086,0.3519434327494816,3.5836336395795687,-1.2874818471703546,2.1748392698901005
51.0,279.0,132.62808227539062,0.5479393208626762,1.4915125719109144,-4.040700792776991,-3.4299823092542527,-0.5848207046333247,-0.5427832578988211,0.3706601385839088,3.5836336395795687,-1.2874818471703546,2.1758899770064857
51.0,279.0,132.62808227539062,0.547893240534502,1.4915101155575186,-4.016602115314464,-3.4299850385750648,-0.5850544538520193,-0.542868027407921,0.3532251727814096,3.5836336395795687,-1.2874776621229187,2.174816816413067
51.0,279.0,132.62808227539062,0.5479452929074433,1.491512940693981,-4.0168287821850335,-3.429984982496617,-0.5976865291217942,-0.5427832577767248,0.3701307659505306,3.5836336395795687,-1.2604577640593833,2.174836722732591
51.0,279.0,132.62808227539062,0.5478950265838155,1.491512770167609,-4.018565007985094,-3.429984982496617,-0.5855074512728781,-0.5427832579015086,0.3527487862190276,3.5836336395795687,-1.2874808635451835,2.1748406629564485
51.0,279.0,132.62808227539062,0.547878504885672,1.4915126322271512,-4.013215937589671,-3.429916541685906,-0.5853959079524219,-0.5427832579015086,0.3720227595107219,3.5836336347399445,-1.2874814237295416,2.1765074249396017
51.0,279.0,132.62808227539062,0.5478783960350889,1.4915126322271512,-4.018712072817035,-3.42998471476643,-0.5853852880407711,-0.5427955023696167,0.3720227595107219,3.5836336395795687,-1.2874814237295416,2.1748392698901005
51.0,279.0,132.62808227539062,0.5478779684829103,1.4915100582119574,-4.016556178241865,-3.429931259189822,-0.5853959079524219,-0.5427832579015086,0.3699401538168486,3.5836336395795687,-1.2874814237295416,2.1748339715722382
51.0,279.0,132.62808227539062,0.5478951812995236,1.4915126322271512,-4.018636021066609,-3.429984982496617,-0.5848779094820971,-0.5427832579015086,0.3712595339174763,3.5836336395795687,-1.2874791234900465,2.1748392698901005
51.0,279.0,132.62808227539062,0.5479438126126436,1.4915126322271512,-4.018565007985094,-3.429797029743666,-0.5975194006387133,-0.5427832579015086,0.3701326336091446,3.583631041414792,-1.2883035972994583,2.1748437404861187
51.0,279.0,132.62808227539062,0.5479393208626762,1.491512578734157,-4.040700792776991,-3.429984855905507,-0.5848207046333247,-0.542783257901575,0.370127098797437,3.5836336395795687,-1.2874801288957012,2.1758899770064857
51.0,279.0,132.62808227539062,0.5478779529403618,1.4915101047517092,-4.016563736223173,-3.429931259189822,-0.5853959079524219,-0.5427832579015086,0.3720227595107219,3.5836336395795687,-1.2874814237295416,2.174834069959463
51.0,279.0,132.62808227539062,0.5479371659054912,1.4915126739937374,-4.018641735686635,-3.429984982496617,-0.584232498697843,-0.5427832579015086,0.3698630959681335,3.5836336395795687,-1.2874539373312437,2.1750736287977723
51.0,279.0,132.62808227539062,0.5478751027957012,1.4915089918222544,-4.017770283732102,-3.43453688910242,-0.5854467428281206,-0.5427832578927154,0.353354811350459,3.583633584550882,-1.2874814327830302,2.1748304111604275
51.0,279.0,132.62808227539062,0.5479443307532503,1.4915089129393202,-4.020530599517375,-3.434557513050347,-0.5873265663083467,-0.542783257773751,0.3700575018888117,3.5836336377119413,-1.287454917965219,2.175238943496297
51.0,279.0,132.62808227539062,0.5478941344508481,1.4915097797880998,-4.018565007985094,-3.429984982496617,-0.5848787132213917,-0.5427832579015086,0.3698901070604473,3.5836336395795687,-1.2862456100693846,2.175915211709121
51.0,280.0,132.62808227539062,0.5478948821106959,1.4915126322271512,-4.018565007985094,-3.429984982496617,-0.5849024594135139,-0.5427832579015086,0.3701326336091446,3.5836336395795687,-1.287454054547188,2.1748392698901005
51.0,280.0,132.62808227539062,0.5478948821106959,1.4915126322271512,-4.018565007985094,-3.429984982496617,-0.5849024594135139,-0.5427832579015086,0.37059461730126,3.5836336395795687,-1.2874818471703546,2.1748392698901005
51.0,280.0,132.62808227539062,0.5478948821106959,1.4915125369362046,-4.018565007985094,-3.429984982496617,-0.585550776313577,-0.5279721935780763,0.3535768109007595,3.5836336395795687,-1.287454054547188,2.174267131087437
51.0,280.0,132.62808227539062,0.5479371659054912,1.49151008825493,-4.0168287821850335,-3.429984982496617,-0.5976865291217942,-0.5427832579015086,0.3698882394018333,3.5836336395795687,-1.2874808364368373,2.1750736287977723
51.0,280.0,132.62808227539062,0.5478783960350889,1.4915126322271512,-4.013231974046128,-3.429931259189822,-0.5853959079524219,-0.5427832579015086,0.3720227595107219,3.5836336395795687,-1.2874814237295416,2.1748392698901005
51.0,280.0,132.62808227539062,0.5478948821106959,1.4915126322271512,-4.018565007985094,-3.429984982496617,-0.5849038134755663,-0.5427832579015086,0.3530703330578133,3.5836336395795687,-1.2874818471703546,2.1748392698901005
51.0,280.0,132.62808227539062,0.5478948821106959,1.4915126322271512,-4.016336684172381,-3.434426143155825,-0.5849038134755663,-0.542783257782956,0.3530703330578133,3.583633585422957,-1.2873613426977333,2.1764212863434835
51.0,280.0,132.62808227539062,0.5478948821106959,1.4915126322271512,-4.018565007985094,-3.429984982496617,-0.5849024594135139,-0.5427832579015086,0.3701326336091446,3.5836336395795687,-1.287454054547188,2.1748392698901005
51.0,280.0,132.62808227539062,0.5478783960350889,1.4915126322271512,-4.013231974046128,-3.429931259189822,-0.5853959079524219,-0.5427832579015086,0.3720227595107219,3.5836336395795687,-1.2874814237295416,2.1748392698901005
51.0,280.0,132.62808227539062,0.5478948821106959,1.4915126322271512,-4.013322040356646,-3.4299823092542527,-0.5849024594135139,-0.5427832579015086,0.37059461730126,3.5836336395795687,-1.2874818471703546,2.1748392698901005
51.0,280.0,132.62808227539062,0.5479442460587678,1.49151008825493,-4.0168287821850335,-3.429984982496617,-0.5976865291217942,-0.5427832577767248,0.3698882394018333,3.5836336395795687,-1.2592496340822534,2.1759126645516123
51.0,280.0,132.62808227539062,0.547937616529104,1.49151008825493,-4.0168287821850335,-3.429984982496617,-0.5976865291217942,-0.5427832578991345,0.3698882394018333,3.5836336395795687,-1.2866427087170385,2.1759126645516123
51.0,280.0,132.62808227539062,0.5479371659054912,1.4915106906779072,-4.0168287821850335,-3.4349824467745527,-0.5955271495185809,-0.5427832579015086,0.3698882394018333,3.5703208031567057,-1.2854039180628944,2.1750736287977723
51.0,280.0,132.62808227539062,0.5478948821106959,1.4915126322271512,-4.018565007985094,-3.429984982496617,-0.5849038134755663,-0.5427832579015086,0.3530703330578133,3.5836336395795687,-1.2874818471703546,2.1748392698901005
51.0,280.0,132.62808227539062,0.5478948821106959,1.4915121369401692,-4.017412237295675,-3.429984982496617,-0.5860867837023092,-0.5279721935780763,0.3535768109007595,3.5836336395795687,-1.2873476441941856,2.174267131087437
51.0,280.0,132.62808227539062,0.5478779684829103,1.4915100582119574,-4.016556178241865,-3.429931259189822,-0.5853959079524219,-0.5427832579015086,0.3699401538168486,3.5836336395795687,-1.2874814237295416,2.1748339715722382
51.0,280.0,132.62808227539062,0.5478948821106959,1.491510115505245,-4.018565007985094,-3.429984982496617,-0.585550776313577,-0.5279721935780763,0.3532251727814096,3.5836336395795687,-1.287454054547188,2.174196968619919
51.0,280.0,132.62808227539062,0.5478783960350889,1.4915126322271512,-4.0115682631224345,-3.429931259189822,-0.5853959079524219,-0.5427832577720734,0.3720227595107219,3.5836336401050257,-1.2874814237295416,2.1748392698901005
51.0,280.0,132.62808227539062,0.5478777894201731,1.4915126322271512,-4.013098196013769,-3.4348979588315944,-0.5853959079524219,-0.5427832579015086,0.3720227595107219,3.5836336395795687,-1.2853275760651472,2.175045059501364
51.0,280.0,132.62808227539062,0.5478951812995236,1.4915126322271512,-4.018565007985094,-3.429984982496617,-0.5848787132213917,-0.5427832579015086,0.3701326336091446,3.5836336395795687,-1.2874537400465145,2.1748392698901005
51.0,280.0,132.62808227539062,0.5479371659054912,1.49151008825493,-4.0168287821850335,-3.429984982496617,-0.5976865291217942,-0.542783257787162,0.3672821324565222,3.5836336395795687,-1.2874808364368373,2.1750736287977723
51.0,280.0,132.62808227539062,0.5478948821106959,1.4915126322271512,-4.016336684172381,-3.434426143155825,-0.5849038134755663,-0.542783257782956,0.3530703330578133,3.583633585422957,-1.287482651840964,2.176455547875888
51.0,280.0,132.62808227539062,0.5479371659054912,1.4915106906779072,-4.01855497464395,-3.4349824467745527,-0.5955271495185809,-0.5427832579015086,0.3698627616320903,3.57050069664492,-1.2873897371495855,2.1750736287977723
51.0,280.0,132.62808227539062,0.5478948821106959,1.4915126322271512,-4.018565007985094,-3.429984982496617,-0.5849038134755663,-0.5417862759426133,0.3530854246187211,3.5836336395795687,-1.2874818471703546,2.1748678712457337
51.0,280.0,132.62808227539062,0.5478783960350889,1.4915126322271512,-4.0115682631224345,-3.429931259189822,-0.5853959079524219,-0.5427832577720734,0.3720227595107219,3.5836336401050257,-1.2874814237295416,2.1748392698901005
51.0,280.0,132.62808227539062,0.5478783960350889,1.4915126322271512,-4.013231974046128,-3.429931259189822,-0.5853959079524219,-0.5427832579015086,0.3720227595107219,3.5836336395795687,-1.2874814237295416,2.1748392698901005
51.0,280.0,132.62808227539062,0.5478950984988996,1.4915047339481498,-4.018565007985094,-3.429984982496617,-0.5834720788807439,-0.5427832579015086,0.37059461730126,3.5836336395795687,-1.2874818471703546,2.1748392698901005
51.0,280.0,132.62808227539062,0.5478951812995236,1.4915126322271512,-4.018565007985094,-3.429984982496617,-0.5848779094820971,-0.5427832579015086,0.3712595339174763,3.5836336395795687,-1.2874537400465145,2.1748392698901005
51.0,280.0,132.62808227539062,0.5478931777771237,1.4915101485711668,-4.0168287821850335,-3.429984982496617,-0.5977682839019836,-0.542783257901822,0.3698227181191845,3.5836336395795687,-1.2866427087170385,2.1748619574352266
51.0,280.0,132.62808227539062,0.5479449431421275,1.4915089129393202,-4.017770283732102,-3.43453688910242,-0.5854467428281206,-0.542783257773751,0.353354811350459,3.583633584550882,-1.287480815620589,2.17524651555813
51.0,280.0,132.62808227539062,0.5478951812995236,1.4915126322271512,-4.016838815526177,-3.429984982496617,-0.5848787132213917,-0.5427832579015086,0.3701581113788876,3.583453746091355,-1.285467920959823,2.1748392698901005
51.0,280.0,132.62808227539062,0.5478783960350889,1.4915126322271512,-4.013231974046128,-3.429931259189822,-0.5853959079524219,-0.5427832579015086,0.3720227595107219,3.5836336395795687,-1.2874814237295416,2.1748392698901005
51.0,280.0,132.62808227539062,0.5479383768927283,1.4915101155575186,-4.016829557674948,-3.429984982496617,-0.5850526222642735,-0.5279721935780763,0.3532251727814096,3.5836336395795687,-1.2874550421735926,2.17506624229969
51.0,280.0,132.62808227539062,0.5479438126126436,1.4915126322271512,-4.018565007985094,-3.429984982496617,-0.5975194006387133,-0.5427832579015086,0.3701326336091446,3.5836336395795687,-1.2883035972994583,2.1748392698901005
51.0,280.0,132.62808227539062,0.5478948821106959,1.4915126322271512,-4.018565007985094,-3.429984982496617,-0.5849046172148611,-0.5427832579015086,0.3519434327494816,3.5836336395795687,-1.2874818471703546,2.1748392698901005
51.0,280.0,132.62808227539062,0.5479393208626762,1.4915125719109144,-4.040700792776991,-3.4299823092542527,-0.5848207046333247,-0.5427832578988211,0.3706601385839088,3.5836336395795687,-1.2874818471703546,2.1758899770064857
51.0,280.0,132.62808227539062,0.547893240534502,1.4915101155575186,-4.016602115314464,-3.4299850385750648,-0.5850544538520193,-0.542868027407921,0.3532251727814096,3.5836336395795687,-1.2874776621229187,2.174816816413067
51.0,280.0,132.62808227539062,0.5479452929074433,1.491512940693981,-4.0168287821850335,-3.429984982496617,-0.5976865291217942,-0.5427832577767248,0.3701307659505306,3.5836336395795687,-1.2604577640593833,2.174836722732591
51.0,280.0,132.62808227539062,0.5478950265838155,1.491512770167609,-4.018565007985094,-3.429984982496617,-0.5855074512728781,-0.5427832579015086,0.3527487862190276,3.5836336395795687,-1.2874808635451835,2.1748406629564485
51.0,280.0,132.62808227539062,0.547878504885672,1.4915126322271512,-4.013215937589671,-3.429916541685906,-0.5853959079524219,-0.5427832579015086,0.3720227595107219,3.5836336347399445,-1.2874814237295416,2.1765074249396017
51.0,280.0,132.62808227539062,0.5478783960350889,1.4915126322271512,-4.018712072817035,-3.42998471476643,-0.5853852880407711,-0.5427955023696167,0.3720227595107219,3.5836336395795687,-1.2874814237295416,2.1748392698901005
51.0,280.0,132.62808227539062,0.5478779684829103,1.4915100582119574,-4.016556178241865,-3.429931259189822,-0.5853959079524219,-0.5427832579015086,0.3699401538168486,3.5836336395795687,-1.2874814237295416,2.1748339715722382
51.0,280.0,132.62808227539062,0.5478951812995236,1.4915126322271512,-4.018636021066609,-3.429984982496617,-0.5848779094820971,-0.5427832579015086,0.3712595339174763,3.5836336395795687,-1.2874791234900465,2.1748392698901005
51.0,280.0,132.62808227539062,0.5479438126126436,1.4915126322271512,-4.018565007985094,-3.429797029743666,-0.5975194006387133,-0.5427832579015086,0.3701326336091446,3.583631041414792,-1.2883035972994583,2.1748437404861187
51.0,280.0,132.62808227539062,0.5479393208626762,1.491512578734157,-4.040700792776991,-3.429984855905507,-0.5848207046333247,-0.542783257901575,0.370127098797437,3.5836336395795687,-1.2874801288957012,2.1758899770064857
51.0,280.0,132.62808227539062,0.5478779529403618,1.4915101047517092,-4.016563736223173,-3.429931259189822,-0.5853959079524219,-0.5427832579015086,0.3720227595107219,3.5836336395795687,-1.2874814237295416,2.174834069959463
51.0,280.0,132.62808227539062,0.5479371659054912,1.4915126739937374,-4.018641735686635,-3.429984982496617,-0.584232498697843,-0.5427832579015086,0.3698630959681335,3.5836336395795687,-1.2874539373312437,2.1750736287977723
51.0,280.0,132.62808227539062,0.5478751027957012,1.4915089918222544,-4.017770283732102,-3.43453688910242,-0.5854467428281206,-0.5427832578927154,0.353354811350459,3.583633584550882,-1.2874814327830302,2.1748304111604275
51.0,280.0,132.62808227539062,0.5479443307532503,1.4915089129393202,-4.020530599517375,-3.434557513050347,-0.5873265663083467,-0.542783257773751,0.3700575018888117,3.5836336377119413,-1.287454917965219,2.175238943496297
51.0,280.0,132.62808227539062,0.5478941344508481,1.4915097797880998,-4.018565007985094,-3.429984982496617,-0.5848787132213917,-0.5427832579015086,0.3698901070604473,3.5836336395795687,-1.2862456100693846,2.175915211709121
51.0,281.0,132.62808227539062,0.5478948821106959,1.4915126322271512,-4.018565007985094,-3.429984982496617,-0.5849024594135139,-0.5427832579015086,0.3701326336091446,3.5836336395795687,-1.287454054547188,2.1748392698901005
51.0,281.0,132.62808227539062,0.5478948821106959,1.4915126322271512,-4.018565007985094,-3.429984982496617,-0.5849024594135139,-0.5427832579015086,0.37059461730126,3.5836336395795687,-1.2874818471703546,2.1748392698901005
51.0,281.0,132.62808227539062,0.5478948821106959,1.4915125369362046,-4.018565007985094,-3.429984982496617,-0.585550776313577,-0.5279721935780763,0.3535768109007595,3.5836336395795687,-1.287454054547188,2.174267131087437
51.0,281.0,132.62808227539062,0.5479371659054912,1.49151008825493,-4.0168287821850335,-3.429984982496617,-0.5976865291217942,-0.5427832579015086,0.3698882394018333,3.5836336395795687,-1.2874808364368373,2.1750736287977723
51.0,281.0,132.62808227539062,0.5478783960350889,1.4915126322271512,-4.013231974046128,-3.429931259189822,-0.5853959079524219,-0.5427832579015086,0.3720227595107219,3.5836336395795687,-1.2874814237295416,2.1748392698901005
51.0,281.0,132.62808227539062,0.5478948821106959,1.4915126322271512,-4.018565007985094,-3.429984982496617,-0.5849038134755663,-0.5427832579015086,0.3530703330578133,3.5836336395795687,-1.2874818471703546,2.1748392698901005
51.0,281.0,132.62808227539062,0.5478948821106959,1.4915126322271512,-4.016336684172381,-3.434426143155825,-0.5849038134755663,-0.542783257782956,0.3530703330578133,3.583633585422957,-1.2873613426977333,2.1764212863434835
51.0,281.0,132.62808227539062,0.5478948821106959,1.4915126322271512,-4.018565007985094,-3.429984982496617,-0.5849024594135139,-0.5427832579015086,0.3701326336091446,3.5836336395795687,-1.287454054547188,2.1748392698901005
51.0,281.0,132.62808227539062,0.5478783960350889,1.4915126322271512,-4.013231974046128,-3.429931259189822,-0.5853959079524219,-0.5427832579015086,0.3720227595107219,3.5836336395795687,-1.2874814237295416,2.1748392698901005
51.0,281.0,132.62808227539062,0.5478948821106959,1.4915126322271512,-4.013322040356646,-3.4299823092542527,-0.5849024594135139,-0.5427832579015086,0.37059461730126,3.5836336395795687,-1.2874818471703546,2.1748392698901005
51.0,281.0,132.62808227539062,0.5479442460587678,1.49151008825493,-4.0168287821850335,-3.429984982496617,-0.5976865291217942,-0.5427832577767248,0.3698882394018333,3.5836336395795687,-1.2592496340822534,2.1759126645516123
51.0,281.0,132.62808227539062,0.547937616529104,1.49151008825493,-4.0168287821850335,-3.429984982496617,-0.5976865291217942,-0.5427832578991345,0.3698882394018333,3.5836336395795687,-1.2866427087170385,2.1759126645516123
51.0,281.0,132.62808227539062,0.5479371659054912,1.4915106906779072,-4.0168287821850335,-3.4349824467745527,-0.5955271495185809,-0.5427832579015086,0.3698882394018333,3.5703208031567057,-1.2854039180628944,2.1750736287977723
51.0,281.0,132.62808227539062,0.5478948821106959,1.4915126322271512,-4.018565007985094,-3.429984982496617,-0.5849038134755663,-0.5427832579015086,0.3530703330578133,3.5836336395795687,-1.2874818471703546,2.1748392698901005
51.0,281.0,132.62808227539062,0.5478948821106959,1.4915121369401692,-4.017412237295675,-3.429984982496617,-0.5860867837023092,-0.5279721935780763,0.3535768109007595,3.5836336395795687,-1.2873476441941856,2.174267131087437
51.0,281.0,132.62808227539062,0.5478779684829103,1.4915100582119574,-4.016556178241865,-3.429931259189822,-0.5853959079524219,-0.5427832579015086,0.3699401538168486,3.5836336395795687,-1.2874814237295416,2.1748339715722382
51.0,281.0,132.62808227539062,0.5478948821106959,1.491510115505245,-4.018565007985094,-3.429984982496617,-0.585550776313577,-0.5279721935780763,0.3532251727814096,3.5836336395795687,-1.287454054547188,2.174196968619919
51.0,281.0,132.62808227539062,0.5478783960350889,1.4915126322271512,-4.0115682631224345,-3.429931259189822,-0.5853959079524219,-0.5427832577720734,0.3720227595107219,3.5836336401050257,-1.2874814237295416,2.1748392698901005
51.0,281.0,132.62808227539062,0.5478777894201731,1.4915126322271512,-4.013098196013769,-3.4348979588315944,-0.5853959079524219,-0.5427832579015086,0.3720227595107219,3.5836336395795687,-1.2853275760651472,2.175045059501364
51.0,281.0,132.62808227539062,0.5478951812995236,1.4915126322271512,-4.018565007985094,-3.429984982496617,-0.5848787132213917,-0.5427832579015086,0.3701326336091446,3.5836336395795687,-1.2874537400465145,2.1748392698901005
51.0,281.0,132.62808227539062,0.5479371659054912,1.49151008825493,-4.0168287821850335,-3.429984982496617,-0.5976865291217942,-0.542783257787162,0.3672821324565222,3.5836336395795687,-1.2874808364368373,2.1750736287977723
51.0,281.0,132.62808227539062,0.5478948821106959,1.4915126322271512,-4.016336684172381,-3.434426143155825,-0.5849038134755663,-0.542783257782956,0.3530703330578133,3.583633585422957,-1.287482651840964,2.176455547875888
51.0,281.0,132.62808227539062,0.5479371659054912,1.4915106906779072,-4.01855497464395,-3.4349824467745527,-0.5955271495185809,-0.5427832579015086,0.3698627616320903,3.57050069664492,-1.2873897371495855,2.1750736287977723
51.0,281.0,132.62808227539062,0.5478948821106959,1.4915126322271512,-4.018565007985094,-3.429984982496617,-0.5849038134755663,-0.5417862759426133,0.3530854246187211,3.5836336395795687,-1.2874818471703546,2.1748678712457337
51.0,281.0,132.62808227539062,0.5478783960350889,1.4915126322271512,-4.0115682631224345,-3.429931259189822,-0.5853959079524219,-0.5427832577720734,0.3720227595107219,3.5836336401050257,-1.2874814237295416,2.1748392698901005
51.0,281.0,132.62808227539062,0.5478783960350889,1.4915126322271512,-4.013231974046128,-3.429931259189822,-0.5853959079524219,-0.5427832579015086,0.3720227595107219,3.5836336395795687,-1.2874814237295416,2.1748392698901005
51.0,281.0,132.62808227539062,0.5478950984988996,1.4915047339481498,-4.018565007985094,-3.429984982496617,-0.5834720788807439,-0.5427832579015086,0.37059461730126,3.5836336395795687,-1.2874818471703546,2.1748392698901005
51.0,281.0,132.62808227539062,0.5478951812995236,1.4915126322271512,-4.018565007985094,-3.429984982496617,-0.5848779094820971,-0.5427832579015086,0.3712595339174763,3.5836336395795687,-1.2874537400465145,2.1748392698901005
51.0,281.0,132.62808227539062,0.5478931777771237,1.4915101485711668,-4.0168287821850335,-3.429984982496617,-0.5977682839019836,-0.542783257901822,0.3698227181191845,3.5836336395795687,-1.2866427087170385,2.1748619574352266
51.0,281.0,132.62808227539062,0.5479449431421275,1.4915089129393202,-4.017770283732102,-3.43453688910242,-0.5854467428281206,-0.542783257773751,0.353354811350459,3.583633584550882,-1.287480815620589,2.17524651555813
51.0,281.0,132.62808227539062,0.5478951812995236,1.4915126322271512,-4.016838815526177,-3.429984982496617,-0.5848787132213917,-0.5427832579015086,0.3701581113788876,3.583453746091355,-1.285467920959823,2.1748392698901005
51.0,281.0,132.62808227539062,0.5478783960350889,1.4915126322271512,-4.013231974046128,-3.429931259189822,-0.5853959079524219,-0.5427832579015086,0.3720227595107219,3.5836336395795687,-1.2874814237295416,2.1748392698901005
51.0,281.0,132.62808227539062,0.5479383768927283,1.4915101155575186,-4.016829557674948,-3.429984982496617,-0.5850526222642735,-0.5279721935780763,0.3532251727814096,3.5836336395795687,-1.2874550421735926,2.17506624229969
51.0,281.0,132.62808227539062,0.5479438126126436,1.4915126322271512,-4.018565007985094,-3.429984982496617,-0.5975194006387133,-0.5427832579015086,0.3701326336091446,3.5836336395795687,-1.2883035972994583,2.1748392698901005
51.0,281.0,132.62808227539062,0.5478948821106959,1.4915126322271512,-4.018565007985094,-3.429984982496617,-0.5849046172148611,-0.5427832579015086,0.3519434327494816,3.5836336395795687,-1.2874818471703546,2.1748392698901005
51.0,281.0,132.62808227539062,0.5479393208626762,1.4915125719109144,-4.040700792776991,-3.4299823092542527,-0.5848207046333247,-0.5427832578988211,0.3706601385839088,3.5836336395795687,-1.2874818471703546,2.1758899770064857
51.0,281.0,132.62808227539062,0.547893240534502,1.4915101155575186,-4.016602115314464,-3.4299850385750648,-0.5850544538520193,-0.542868027407921,0.3532251727814096,3.5836336395795687,-1.2874776621229187,2.174816816413067
51.0,281.0,132.62808227539062,0.5479452929074433,1.491512940693981,-4.0168287821850335,-3.429984982496617,-0.5976865291217942,-0.5427832577767248,0.3701307659505306,3.5836336395795687,-1.2604577640593833,2.174836722732591
51.0,281.0,132.62808227539062,0.5478950265838155,1.491512770167609,-4.018565007985094,-3.429984982496617,-0.5855074512728781,-0.5427832579015086,0.3527487862190276,3.5836336395795687,-1.2874808635451835,2.1748406629564485
51.0,281.0,132.62808227539062,0.547878504885672,1.4915126322271512,-4.013215937589671,-3.429916541685906,-0.5853959079524219,-0.5427832579015086,0.3720227595107219,3.5836336347399445,-1.2874814237295416,2.1765074249396017
51.0,281.0,132.62808227539062,0.5478783960350889,1.4915126322271512,-4.018712072817035,-3.42998471476643,-0.5853852880407711,-0.5427955023696167,0.3720227595107219,3.5836336395795687,-1.2874814237295416,2.1748392698901005
51.0,281.0,132.62808227539062,0.5478779684829103,1.4915100582119574,-4.016556178241865,-3.429931259189822,-0.5853959079524219,-0.5427832579015086,0.3699401538168486,3.5836336395795687,-1.2874814237295416,2.1748339715722382
51.0,281.0,132.62808227539062,0.5478951812995236,1.4915126322271512,-4.018636021066609,-3.429984982496617,-0.5848779094820971,-0.5427832579015086,0.3712595339174763,3.5836336395795687,-1.2874791234900465,2.1748392698901005
51.0,281.0,132.62808227539062,0.5479438126126436,1.4915126322271512,-4.018565007985094,-3.429797029743666,-0.5975194006387133,-0.5427832579015086,0.3701326336091446,3.583631041414792,-1.2883035972994583,2.1748437404861187
51.0,281.0,132.62808227539062,0.5479393208626762,1.491512578734157,-4.040700792776991,-3.429984855905507,-0.5848207046333247,-0.542783257901575,0.370127098797437,3.5836336395795687,-1.2874801288957012,2.1758899770064857
51.0,281.0,132.62808227539062,0.5478779529403618,1.4915101047517092,-4.016563736223173,-3.429931259189822,-0.5853959079524219,-0.5427832579015086,0.3720227595107219,3.5836336395795687,-1.2874814237295416,2.174834069959463
51.0,281.0,132.62808227539062,0.5479371659054912,1.4915126739937374,-4.018641735686635,-3.429984982496617,-0.584232498697843,-0.5427832579015086,0.3698630959681335,3.5836336395795687,-1.2874539373312437,2.1750736287977723
51.0,281.0,132.62808227539062,0.5478751027957012,1.4915089918222544,-4.017770283732102,-3.43453688910242,-0.5854467428281206,-0.5427832578927154,0.353354811350459,3.583633584550882,-1.2874814327830302,2.1748304111604275
51.0,281.0,132.62808227539062,0.5479443307532503,1.4915089129393202,-4.020530599517375,-3.434557513050347,-0.5873265663083467,-0.542783257773751,0.3700575018888117,3.5836336377119413,-1.287454917965219,2.175238943496297
51.0,281.0,132.62808227539062,0.5478941344508481,1.4915097797880998,-4.018565007985094,-3.429984982496617,-0.5848787132213917,-0.5427832579015086,0.3698901070604473,3.5836336395795687,-1.2862456100693846,2.175915211709121
51.0,282.0,132.62808227539062,0.5478948821106959,1.4915126322271512,-4.018565007985094,-3.429984982496617,-0.5849024594135139,-0.5427832579015086,0.3701326336091446,3.5836336395795687,-1.287454054547188,2.1748392698901005
51.0,282.0,132.62808227539062,0.5478948821106959,1.4915126322271512,-4.018565007985094,-3.429984982496617,-0.5849024594135139,-0.5427832579015086,0.37059461730126,3.5836336395795687,-1.2874818471703546,2.1748392698901005
51.0,282.0,132.62808227539062,0.5478948821106959,1.4915125369362046,-4.018565007985094,-3.429984982496617,-0.585550776313577,-0.5279721935780763,0.3535768109007595,3.5836336395795687,-1.287454054547188,2.174267131087437
51.0,282.0,132.62808227539062,0.5479371659054912,1.49151008825493,-4.0168287821850335,-3.429984982496617,-0.5976865291217942,-0.5427832579015086,0.3698882394018333,3.5836336395795687,-1.2874808364368373,2.1750736287977723
51.0,282.0,132.62808227539062,0.5478783960350889,1.4915126322271512,-4.013231974046128,-3.429931259189822,-0.5853959079524219,-0.5427832579015086,0.3720227595107219,3.5836336395795687,-1.2874814237295416,2.1748392698901005
51.0,282.0,132.62808227539062,0.5478948821106959,1.4915126322271512,-4.018565007985094,-3.429984982496617,-0.5849038134755663,-0.5427832579015086,0.3530703330578133,3.5836336395795687,-1.2874818471703546,2.1748392698901005
51.0,282.0,132.62808227539062,0.5478948821106959,1.4915126322271512,-4.016336684172381,-3.434426143155825,-0.5849038134755663,-0.542783257782956,0.3530703330578133,3.583633585422957,-1.2873613426977333,2.1764212863434835
51.0,282.0,132.62808227539062,0.5478948821106959,1.4915126322271512,-4.018565007985094,-3.429984982496617,-0.5849024594135139,-0.5427832579015086,0.3701326336091446,3.5836336395795687,-1.287454054547188,2.1748392698901005
51.0,282.0,132.62808227539062,0.5478783960350889,1.4915126322271512,-4.013231974046128,-3.429931259189822,-0.5853959079524219,-0.5427832579015086,0.3720227595107219,3.5836336395795687,-1.2874814237295416,2.1748392698901005
51.0,282.0,132.62808227539062,0.5478948821106959,1.4915126322271512,-4.013322040356646,-3.4299823092542527,-0.5849024594135139,-0.5427832579015086,0.37059461730126,3.5836336395795687,-1.2874818471703546,2.1748392698901005
51.0,282.0,132.62808227539062,0.5479442460587678,1.49151008825493,-4.0168287821850335,-3.429984982496617,-0.5976865291217942,-0.5427832577767248,0.3698882394018333,3.5836336395795687,-1.2592496340822534,2.1759126645516123
51.0,282.0,132.62808227539062,0.547937616529104,1.49151008825493,-4.0168287821850335,-3.429984982496617,-0.5976865291217942,-0.5427832578991345,0.3698882394018333,3.5836336395795687,-1.2866427087170385,2.1759126645516123
51.0,282.0,132.62808227539062,0.5479371659054912,1.4915106906779072,-4.0168287821850335,-3.4349824467745527,-0.5955271495185809,-0.5427832579015086,0.3698882394018333,3.5703208031567057,-1.2854039180628944,2.1750736287977723
51.0,282.0,132.62808227539062,0.5478948821106959,1.4915126322271512,-4.018565007985094,-3.429984982496617,-0.5849038134755663,-0.5427832579015086,0.3530703330578133,3.5836336395795687,-1.2874818471703546,2.1748392698901005
51.0,282.0,132.62808227539062,0.5478948821106959,1.4915121369401692,-4.017412237295675,-3.429984982496617,-0.5860867837023092,-0.5279721935780763,0.3535768109007595,3.5836336395795687,-1.2873476441941856,2.174267131087437
51.0,282.0,132.62808227539062,0.5478779684829103,1.4915100582119574,-4.016556178241865,-3.429931259189822,-0.5853959079524219,-0.5427832579015086,0.3699401538168486,3.5836336395795687,-1.2874814237295416,2.1748339715722382
51.0,282.0,132.62808227539062,0.5478948821106959,1.491510115505245,-4.018565007985094,-3.429984982496617,-0.585550776313577,-0.5279721935780763,0.3532251727814096,3.5836336395795687,-1.287454054547188,2.174196968619919
51.0,282.0,132.62808227539062,0.5478783960350889,1.4915126322271512,-4.0115682631224345,-3.429931259189822,-0.5853959079524219,-0.5427832577720734,0.3720227595107219,3.5836336401050257,-1.2874814237295416,2.1748392698901005
51.0,282.0,132.62808227539062,0.5478777894201731,1.4915126322271512,-4.013098196013769,-3.4348979588315944,-0.5853959079524219,-0.5427832579015086,0.3720227595107219,3.5836336395795687,-1.2853275760651472,2.175045059501364
51.0,282.0,132.62808227539062,0.5478951812995236,1.4915126322271512,-4.018565007985094,-3.429984982496617,-0.5848787132213917,-0.5427832579015086,0.3701326336091446,3.5836336395795687,-1.2874537400465145,2.1748392698901005
51.0,282.0,132.62808227539062,0.5479371659054912,1.49151008825493,-4.0168287821850335,-3.429984982496617,-0.5976865291217942,-0.542783257787162,0.3672821324565222,3.5836336395795687,-1.2874808364368373,2.1750736287977723
51.0,282.0,132.62808227539062,0.5478948821106959,1.4915126322271512,-4.016336684172381,-3.434426143155825,-0.5849038134755663,-0.542783257782956,0.3530703330578133,3.583633585422957,-1.287482651840964,2.176455547875888
51.0,282.0,132.62808227539062,0.5479371659054912,1.4915106906779072,-4.01855497464395,-3.4349824467745527,-0.5955271495185809,-0.5427832579015086,0.3698627616320903,3.57050069664492,-1.2873897371495855,2.1750736287977723
51.0,282.0,132.62808227539062,0.5478948821106959,1.4915126322271512,-4.018565007985094,-3.429984982496617,-0.5849038134755663,-0.5417862759426133,0.3530854246187211,3.5836336395795687,-1.2874818471703546,2.1748678712457337
51.0,282.0,132.62808227539062,0.5478783960350889,1.4915126322271512,-4.0115682631224345,-3.429931259189822,-0.5853959079524219,-0.5427832577720734,0.3720227595107219,3.5836336401050257,-1.2874814237295416,2.1748392698901005
51.0,282.0,132.62808227539062,0.5478783960350889,1.4915126322271512,-4.013231974046128,-3.429931259189822,-0.5853959079524219,-0.5427832579015086,0.3720227595107219,3.5836336395795687,-1.2874814237295416,2.1748392698901005
51.0,282.0,132.62808227539062,0.5478950984988996,1.4915047339481498,-4.018565007985094,-3.429984982496617,-0.5834720788807439,-0.5427832579015086,0.37059461730126,3.5836336395795687,-1.2874818471703546,2.1748392698901005
51.0,282.0,132.62808227539062,0.5478951812995236,1.4915126322271512,-4.018565007985094,-3.429984982496617,-0.5848779094820971,-0.5427832579015086,0.3712595339174763,3.5836336395795687,-1.2874537400465145,2.1748392698901005
51.0,282.0,132.62808227539062,0.5478931777771237,1.4915101485711668,-4.0168287821850335,-3.429984982496617,-0.5977682839019836,-0.542783257901822,0.3698227181191845,3.5836336395795687,-1.2866427087170385,2.1748619574352266
51.0,282.0,132.62808227539062,0.5479449431421275,1.4915089129393202,-4.017770283732102,-3.43453688910242,-0.5854467428281206,-0.542783257773751,0.353354811350459,3.583633584550882,-1.287480815620589,2.17524651555813
51.0,282.0,132.62808227539062,0.5478951812995236,1.4915126322271512,-4.016838815526177,-3.429984982496617,-0.5848787132213917,-0.5427832579015086,0.3701581113788876,3.583453746091355,-1.285467920959823,2.1748392698901005
51.0,282.0,132.62808227539062,0.5478783960350889,1.4915126322271512,-4.013231974046128,-3.429931259189822,-0.5853959079524219,-0.5427832579015086,0.3720227595107219,3.5836336395795687,-1.2874814237295416,2.1748392698901005
51.0,282.0,132.62808227539062,0.5479383768927283,1.4915101155575186,-4.016829557674948,-3.429984982496617,-0.5850526222642735,-0.5279721935780763,0.3532251727814096,3.5836336395795687,-1.2874550421735926,2.17506624229969
51.0,282.0,132.62808227539062,0.5479438126126436,1.4915126322271512,-4.018565007985094,-3.429984982496617,-0.5975194006387133,-0.5427832579015086,0.3701326336091446,3.5836336395795687,-1.2883035972994583,2.1748392698901005
51.0,282.0,132.62808227539062,0.5478948821106959,1.4915126322271512,-4.018565007985094,-3.429984982496617,-0.5849046172148611,-0.5427832579015086,0.3519434327494816,3.5836336395795687,-1.2874818471703546,2.1748392698901005
51.0,282.0,132.62808227539062,0.5479393208626762,1.4915125719109144,-4.040700792776991,-3.4299823092542527,-0.5848207046333247,-0.5427832578988211,0.3706601385839088,3.5836336395795687,-1.2874818471703546,2.1758899770064857
51.0,282.0,132.62808227539062,0.547893240534502,1.4915101155575186,-4.016602115314464,-3.4299850385750648,-0.5850544538520193,-0.542868027407921,0.3532251727814096,3.5836336395795687,-1.2874776621229187,2.174816816413067
51.0,282.0,132.62808227539062,0.5479452929074433,1.491512940693981,-4.0168287821850335,-3.429984982496617,-0.5976865291217942,-0.5427832577767248,0.3701307659505306,3.5836336395795687,-1.2604577640593833,2.174836722732591
51.0,282.0,132.62808227539062,0.5478950265838155,1.491512770167609,-4.018565007985094,-3.429984982496617,-0.5855074512728781,-0.5427832579015086,0.3527487862190276,3.5836336395795687,-1.2874808635451835,2.1748406629564485
51.0,282.0,132.62808227539062,0.547878504885672,1.4915126322271512,-4.013215937589671,-3.429916541685906,-0.5853959079524219,-0.5427832579015086,0.3720227595107219,3.5836336347399445,-1.2874814237295416,2.1765074249396017
51.0,282.0,132.62808227539062,0.5478783960350889,1.4915126322271512,-4.018712072817035,-3.42998471476643,-0.5853852880407711,-0.5427955023696167,0.3720227595107219,3.5836336395795687,-1.2874814237295416,2.1748392698901005
51.0,282.0,132.62808227539062,0.5478779684829103,1.4915100582119574,-4.016556178241865,-3.429931259189822,-0.5853959079524219,-0.5427832579015086,0.3699401538168486,3.5836336395795687,-1.2874814237295416,2.1748339715722382
51.0,282.0,132.62808227539062,0.5478951812995236,1.4915126322271512,-4.018636021066609,-3.429984982496617,-0.5848779094820971,-0.5427832579015086,0.3712595339174763,3.5836336395795687,-1.2874791234900465,2.1748392698901005
51.0,282.0,132.62808227539062,0.5479438126126436,1.4915126322271512,-4.018565007985094,-3.429797029743666,-0.5975194006387133,-0.5427832579015086,0.3701326336091446,3.583631041414792,-1.2883035972994583,2.1748437404861187
51.0,282.0,132.62808227539062,0.5479393208626762,1.491512578734157,-4.040700792776991,-3.429984855905507,-0.5848207046333247,-0.542783257901575,0.370127098797437,3.5836336395795687,-1.2874801288957012,2.1758899770064857
51.0,282.0,132.62808227539062,0.5478779529403618,1.4915101047517092,-4.016563736223173,-3.429931259189822,-0.5853959079524219,-0.5427832579015086,0.3720227595107219,3.5836336395795687,-1.2874814237295416,2.174834069959463
51.0,282.0,132.62808227539062,0.5479371659054912,1.4915126739937374,-4.018641735686635,-3.429984982496617,-0.584232498697843,-0.5427832579015086,0.3698630959681335,3.5836336395795687,-1.2874539373312437,2.1750736287977723
51.0,282.0,132.62808227539062,0.5478751027957012,1.4915089918222544,-4.017770283732102,-3.43453688910242,-0.5854467428281206,-0.5427832578927154,0.353354811350459,3.583633584550882,-1.2874814327830302,2.1748304111604275
51.0,282.0,132.62808227539062,0.5479443307532503,1.4915089129393202,-4.020530599517375,-3.434557513050347,-0.5873265663083467,-0.542783257773751,0.3700575018888117,3.5836336377119413,-1.287454917965219,2.175238943496297
51.0,282.0,132.62808227539062,0.5478941344508481,1.4915097797880998,-4.018565007985094,-3.429984982496617,-0.5848787132213917,-0.5427832579015086,0.3698901070604473,3.5836336395795687,-1.2862456100693846,2.175915211709121
51.0,283.0,132.62808227539062,0.5478948821106959,1.4915126322271512,-4.018565007985094,-3.429984982496617,-0.5849024594135139,-0.5427832579015086,0.3701326336091446,3.5836336395795687,-1.287454054547188,2.1748392698901005
51.0,283.0,132.62808227539062,0.5478948821106959,1.4915126322271512,-4.018565007985094,-3.429984982496617,-0.5849024594135139,-0.5427832579015086,0.37059461730126,3.5836336395795687,-1.2874818471703546,2.1748392698901005
51.0,283.0,132.62808227539062,0.5478948821106959,1.4915125369362046,-4.018565007985094,-3.429984982496617,-0.585550776313577,-0.5279721935780763,0.3535768109007595,3.5836336395795687,-1.287454054547188,2.174267131087437
51.0,283.0,132.62808227539062,0.5479371659054912,1.49151008825493,-4.0168287821850335,-3.429984982496617,-0.5976865291217942,-0.5427832579015086,0.3698882394018333,3.5836336395795687,-1.2874808364368373,2.1750736287977723
51.0,283.0,132.62808227539062,0.5478783960350889,1.4915126322271512,-4.013231974046128,-3.429931259189822,-0.5853959079524219,-0.5427832579015086,0.3720227595107219,3.5836336395795687,-1.2874814237295416,2.1748392698901005
51.0,283.0,132.62808227539062,0.5478948821106959,1.4915126322271512,-4.018565007985094,-3.429984982496617,-0.5849038134755663,-0.5427832579015086,0.3530703330578133,3.5836336395795687,-1.2874818471703546,2.1748392698901005
51.0,283.0,132.62808227539062,0.5478948821106959,1.4915126322271512,-4.016336684172381,-3.434426143155825,-0.5849038134755663,-0.542783257782956,0.3530703330578133,3.583633585422957,-1.2873613426977333,2.1764212863434835
51.0,283.0,132.62808227539062,0.5478948821106959,1.4915126322271512,-4.018565007985094,-3.429984982496617,-0.5849024594135139,-0.5427832579015086,0.3701326336091446,3.5836336395795687,-1.287454054547188,2.1748392698901005
51.0,283.0,132.62808227539062,0.5478783960350889,1.4915126322271512,-4.013231974046128,-3.429931259189822,-0.5853959079524219,-0.5427832579015086,0.3720227595107219,3.5836336395795687,-1.2874814237295416,2.1748392698901005
51.0,283.0,132.62808227539062,0.5478948821106959,1.4915126322271512,-4.013322040356646,-3.4299823092542527,-0.5849024594135139,-0.5427832579015086,0.37059461730126,3.5836336395795687,-1.2874818471703546,2.1748392698901005
51.0,283.0,132.62808227539062,0.5479442460587678,1.49151008825493,-4.0168287821850335,-3.429984982496617,-0.5976865291217942,-0.5427832577767248,0.3698882394018333,3.5836336395795687,-1.2592496340822534,2.1759126645516123
51.0,283.0,132.62808227539062,0.547937616529104,1.49151008825493,-4.0168287821850335,-3.429984982496617,-0.5976865291217942,-0.5427832578991345,0.3698882394018333,3.5836336395795687,-1.2866427087170385,2.1759126645516123
51.0,283.0,132.62808227539062,0.5479371659054912,1.4915106906779072,-4.0168287821850335,-3.4349824467745527,-0.5955271495185809,-0.5427832579015086,0.3698882394018333,3.5703208031567057,-1.2854039180628944,2.1750736287977723
51.0,283.0,132.62808227539062,0.5478948821106959,1.4915126322271512,-4.018565007985094,-3.429984982496617,-0.5849038134755663,-0.5427832579015086,0.3530703330578133,3.5836336395795687,-1.2874818471703546,2.1748392698901005
51.0,283.0,132.62808227539062,0.5478948821106959,1.4915121369401692,-4.017412237295675,-3.429984982496617,-0.5860867837023092,-0.5279721935780763,0.3535768109007595,3.5836336395795687,-1.2873476441941856,2.174267131087437
51.0,283.0,132.62808227539062,0.5478779684829103,1.4915100582119574,-4.016556178241865,-3.429931259189822,-0.5853959079524219,-0.5427832579015086,0.3699401538168486,3.5836336395795687,-1.2874814237295416,2.1748339715722382
51.0,283.0,132.62808227539062,0.5478948821106959,1.491510115505245,-4.018565007985094,-3.429984982496617,-0.585550776313577,-0.5279721935780763,0.3532251727814096,3.5836336395795687,-1.287454054547188,2.174196968619919
51.0,283.0,132.62808227539062,0.5478783960350889,1.4915126322271512,-4.0115682631224345,-3.429931259189822,-0.5853959079524219,-0.5427832577720734,0.3720227595107219,3.5836336401050257,-1.2874814237295416,2.1748392698901005
51.0,283.0,132.62808227539062,0.5478777894201731,1.4915126322271512,-4.013098196013769,-3.4348979588315944,-0.5853959079524219,-0.5427832579015086,0.3720227595107219,3.5836336395795687,-1.2853275760651472,2.175045059501364
51.0,283.0,132.62808227539062,0.5478951812995236,1.4915126322271512,-4.018565007985094,-3.429984982496617,-0.5848787132213917,-0.5427832579015086,0.3701326336091446,3.5836336395795687,-1.2874537400465145,2.1748392698901005
51.0,283.0,132.62808227539062,0.5479371659054912,1.49151008825493,-4.0168287821850335,-3.429984982496617,-0.5976865291217942,-0.542783257787162,0.3672821324565222,3.5836336395795687,-1.2874808364368373,2.1750736287977723
51.0,283.0,132.62808227539062,0.5478948821106959,1.4915126322271512,-4.016336684172381,-3.434426143155825,-0.5849038134755663,-0.542783257782956,0.3530703330578133,3.583633585422957,-1.287482651840964,2.176455547875888
51.0,283.0,132.62808227539062,0.5479371659054912,1.4915106906779072,-4.01855497464395,-3.4349824467745527,-0.5955271495185809,-0.5427832579015086,0.3698627616320903,3.57050069664492,-1.2873897371495855,2.1750736287977723
51.0,283.0,132.62808227539062,0.5478948821106959,1.4915126322271512,-4.018565007985094,-3.429984982496617,-0.5849038134755663,-0.5417862759426133,0.3530854246187211,3.5836336395795687,-1.2874818471703546,2.1748678712457337
51.0,283.0,132.62808227539062,0.5478783960350889,1.4915126322271512,-4.0115682631224345,-3.429931259189822,-0.5853959079524219,-0.5427832577720734,0.3720227595107219,3.5836336401050257,-1.2874814237295416,2.1748392698901005
51.0,283.0,132.62808227539062,0.5478783960350889,1.4915126322271512,-4.013231974046128,-3.429931259189822,-0.5853959079524219,-0.5427832579015086,0.3720227595107219,3.5836336395795687,-1.2874814237295416,2.1748392698901005
51.0,283.0,132.62808227539062,0.5478950984988996,1.4915047339481498,-4.018565007985094,-3.429984982496617,-0.5834720788807439,-0.5427832579015086,0.37059461730126,3.5836336395795687,-1.2874818471703546,2.1748392698901005
51.0,283.0,132.62808227539062,0.5478951812995236,1.4915126322271512,-4.018565007985094,-3.429984982496617,-0.5848779094820971,-0.5427832579015086,0.3712595339174763,3.5836336395795687,-1.2874537400465145,2.1748392698901005
51.0,283.0,132.62808227539062,0.5478931777771237,1.4915101485711668,-4.0168287821850335,-3.429984982496617,-0.5977682839019836,-0.542783257901822,0.3698227181191845,3.5836336395795687,-1.2866427087170385,2.1748619574352266
51.0,283.0,132.62808227539062,0.5479449431421275,1.4915089129393202,-4.017770283732102,-3.43453688910242,-0.5854467428281206,-0.542783257773751,0.353354811350459,3.583633584550882,-1.287480815620589,2.17524651555813
51.0,283.0,132.62808227539062,0.5478951812995236,1.4915126322271512,-4.016838815526177,-3.429984982496617,-0.5848787132213917,-0.5427832579015086,0.3701581113788876,3.583453746091355,-1.285467920959823,2.1748392698901005
51.0,283.0,132.62808227539062,0.5478783960350889,1.4915126322271512,-4.013231974046128,-3.429931259189822,-0.5853959079524219,-0.5427832579015086,0.3720227595107219,3.5836336395795687,-1.2874814237295416,2.1748392698901005
51.0,283.0,132.62808227539062,0.5479383768927283,1.4915101155575186,-4.016829557674948,-3.429984982496617,-0.5850526222642735,-0.5279721935780763,0.3532251727814096,3.5836336395795687,-1.2874550421735926,2.17506624229969
51.0,283.0,132.62808227539062,0.5479438126126436,1.4915126322271512,-4.018565007985094,-3.429984982496617,-0.5975194006387133,-0.5427832579015086,0.3701326336091446,3.5836336395795687,-1.2883035972994583,2.1748392698901005
51.0,283.0,132.62808227539062,0.5478948821106959,1.4915126322271512,-4.018565007985094,-3.429984982496617,-0.5849046172148611,-0.5427832579015086,0.3519434327494816,3.5836336395795687,-1.2874818471703546,2.1748392698901005
51.0,283.0,132.62808227539062,0.5479393208626762,1.4915125719109144,-4.040700792776991,-3.4299823092542527,-0.5848207046333247,-0.5427832578988211,0.3706601385839088,3.5836336395795687,-1.2874818471703546,2.1758899770064857
51.0,283.0,132.62808227539062,0.547893240534502,1.4915101155575186,-4.016602115314464,-3.4299850385750648,-0.5850544538520193,-0.542868027407921,0.3532251727814096,3.5836336395795687,-1.2874776621229187,2.174816816413067
51.0,283.0,132.62808227539062,0.5479452929074433,1.491512940693981,-4.0168287821850335,-3.429984982496617,-0.5976865291217942,-0.5427832577767248,0.3701307659505306,3.5836336395795687,-1.2604577640593833,2.174836722732591
51.0,283.0,132.62808227539062,0.5478950265838155,1.491512770167609,-4.018565007985094,-3.429984982496617,-0.5855074512728781,-0.5427832579015086,0.3527487862190276,3.5836336395795687,-1.2874808635451835,2.1748406629564485
51.0,283.0,132.62808227539062,0.547878504885672,1.4915126322271512,-4.013215937589671,-3.429916541685906,-0.5853959079524219,-0.5427832579015086,0.3720227595107219,3.5836336347399445,-1.2874814237295416,2.1765074249396017
51.0,283.0,132.62808227539062,0.5478783960350889,1.4915126322271512,-4.018712072817035,-3.42998471476643,-0.5853852880407711,-0.5427955023696167,0.3720227595107219,3.5836336395795687,-1.2874814237295416,2.1748392698901005
51.0,283.0,132.62808227539062,0.5478779684829103,1.4915100582119574,-4.016556178241865,-3.429931259189822,-0.5853959079524219,-0.5427832579015086,0.3699401538168486,3.5836336395795687,-1.2874814237295416,2.1748339715722382
51.0,283.0,132.62808227539062,0.5478951812995236,1.4915126322271512,-4.018636021066609,-3.429984982496617,-0.5848779094820971,-0.5427832579015086,0.3712595339174763,3.5836336395795687,-1.2874791234900465,2.1748392698901005
51.0,283.0,132.62808227539062,0.5479438126126436,1.4915126322271512,-4.018565007985094,-3.429797029743666,-0.5975194006387133,-0.5427832579015086,0.3701326336091446,3.583631041414792,-1.2883035972994583,2.1748437404861187
51.0,283.0,132.62808227539062,0.5479393208626762,1.491512578734157,-4.040700792776991,-3.429984855905507,-0.5848207046333247,-0.542783257901575,0.370127098797437,3.5836336395795687,-1.2874801288957012,2.1758899770064857
51.0,283.0,132.62808227539062,0.5478779529403618,1.4915101047517092,-4.016563736223173,-3.429931259189822,-0.5853959079524219,-0.5427832579015086,0.3720227595107219,3.5836336395795687,-1.2874814237295416,2.174834069959463
51.0,283.0,132.62808227539062,0.5479371659054912,1.4915126739937374,-4.018641735686635,-3.429984982496617,-0.584232498697843,-0.5427832579015086,0.3698630959681335,3.5836336395795687,-1.2874539373312437,2.1750736287977723
51.0,283.0,132.62808227539062,0.5478751027957012,1.4915089918222544,-4.017770283732102,-3.43453688910242,-0.5854467428281206,-0.5427832578927154,0.353354811350459,3.583633584550882,-1.2874814327830302,2.1748304111604275
51.0,283.0,132.62808227539062,0.5479443307532503,1.4915089129393202,-4.020530599517375,-3.434557513050347,-0.5873265663083467,-0.542783257773751,0.3700575018888117,3.5836336377119413,-1.287454917965219,2.175238943496297
51.0,283.0,132.62808227539062,0.5478941344508481,1.4915097797880998,-4.018565007985094,-3.429984982496617,-0.5848787132213917,-0.5427832579015086,0.3698901070604473,3.5836336395795687,-1.2862456100693846,2.175915211709121
51.0,284.0,132.62808227539062,0.5478948821106959,1.4915126322271512,-4.018565007985094,-3.429984982496617,-0.5849024594135139,-0.5427832579015086,0.3701326336091446,3.5836336395795687,-1.287454054547188,2.1748392698901005
51.0,284.0,132.62808227539062,0.5478948821106959,1.4915126322271512,-4.018565007985094,-3.429984982496617,-0.5849024594135139,-0.5427832579015086,0.37059461730126,3.5836336395795687,-1.2874818471703546,2.1748392698901005
51.0,284.0,132.62808227539062,0.5478948821106959,1.4915125369362046,-4.018565007985094,-3.429984982496617,-0.585550776313577,-0.5279721935780763,0.3535768109007595,3.5836336395795687,-1.287454054547188,2.174267131087437
51.0,284.0,132.62808227539062,0.5479371659054912,1.49151008825493,-4.0168287821850335,-3.429984982496617,-0.5976865291217942,-0.5427832579015086,0.3698882394018333,3.5836336395795687,-1.2874808364368373,2.1750736287977723
51.0,284.0,132.62808227539062,0.5478783960350889,1.4915126322271512,-4.013231974046128,-3.429931259189822,-0.5853959079524219,-0.5427832579015086,0.3720227595107219,3.5836336395795687,-1.2874814237295416,2.1748392698901005
51.0,284.0,132.62808227539062,0.5478948821106959,1.4915126322271512,-4.018565007985094,-3.429984982496617,-0.5849038134755663,-0.5427832579015086,0.3530703330578133,3.5836336395795687,-1.2874818471703546,2.1748392698901005
51.0,284.0,132.62808227539062,0.5478948821106959,1.4915126322271512,-4.016336684172381,-3.434426143155825,-0.5849038134755663,-0.542783257782956,0.3530703330578133,3.583633585422957,-1.2873613426977333,2.1764212863434835
51.0,284.0,132.62808227539062,0.5478948821106959,1.4915126322271512,-4.018565007985094,-3.429984982496617,-0.5849024594135139,-0.5427832579015086,0.3701326336091446,3.5836336395795687,-1.287454054547188,2.1748392698901005
51.0,284.0,132.62808227539062,0.5478783960350889,1.4915126322271512,-4.013231974046128,-3.429931259189822,-0.5853959079524219,-0.5427832579015086,0.3720227595107219,3.5836336395795687,-1.2874814237295416,2.1748392698901005
51.0,284.0,132.62808227539062,0.5478948821106959,1.4915126322271512,-4.013322040356646,-3.4299823092542527,-0.5849024594135139,-0.5427832579015086,0.37059461730126,3.5836336395795687,-1.2874818471703546,2.1748392698901005
51.0,284.0,132.62808227539062,0.5479442460587678,1.49151008825493,-4.0168287821850335,-3.429984982496617,-0.5976865291217942,-0.5427832577767248,0.3698882394018333,3.5836336395795687,-1.2592496340822534,2.1759126645516123
51.0,284.0,132.62808227539062,0.547937616529104,1.49151008825493,-4.0168287821850335,-3.429984982496617,-0.5976865291217942,-0.5427832578991345,0.3698882394018333,3.5836336395795687,-1.2866427087170385,2.1759126645516123
51.0,284.0,132.62808227539062,0.5479371659054912,1.4915106906779072,-4.0168287821850335,-3.4349824467745527,-0.5955271495185809,-0.5427832579015086,0.3698882394018333,3.5703208031567057,-1.2854039180628944,2.1750736287977723
51.0,284.0,132.62808227539062,0.5478948821106959,1.4915126322271512,-4.018565007985094,-3.429984982496617,-0.5849038134755663,-0.5427832579015086,0.3530703330578133,3.5836336395795687,-1.2874818471703546,2.1748392698901005
51.0,284.0,132.62808227539062,0.5478948821106959,1.4915121369401692,-4.017412237295675,-3.429984982496617,-0.5860867837023092,-0.5279721935780763,0.3535768109007595,3.5836336395795687,-1.2873476441941856,2.174267131087437
51.0,284.0,132.62808227539062,0.5478779684829103,1.4915100582119574,-4.016556178241865,-3.429931259189822,-0.5853959079524219,-0.5427832579015086,0.3699401538168486,3.5836336395795687,-1.2874814237295416,2.1748339715722382
51.0,284.0,132.62808227539062,0.5478948821106959,1.491510115505245,-4.018565007985094,-3.429984982496617,-0.585550776313577,-0.5279721935780763,0.3532251727814096,3.5836336395795687,-1.287454054547188,2.174196968619919
51.0,284.0,132.62808227539062,0.5478783960350889,1.4915126322271512,-4.0115682631224345,-3.429931259189822,-0.5853959079524219,-0.5427832577720734,0.3720227595107219,3.5836336401050257,-1.2874814237295416,2.1748392698901005
51.0,284.0,132.62808227539062,0.5478777894201731,1.4915126322271512,-4.013098196013769,-3.4348979588315944,-0.5853959079524219,-0.5427832579015086,0.3720227595107219,3.5836336395795687,-1.2853275760651472,2.175045059501364
51.0,284.0,132.62808227539062,0.5478951812995236,1.4915126322271512,-4.018565007985094,-3.429984982496617,-0.5848787132213917,-0.5427832579015086,0.3701326336091446,3.5836336395795687,-1.2874537400465145,2.1748392698901005
51.0,284.0,132.62808227539062,0.5479371659054912,1.49151008825493,-4.0168287821850335,-3.429984982496617,-0.5976865291217942,-0.542783257787162,0.3672821324565222,3.5836336395795687,-1.2874808364368373,2.1750736287977723
51.0,284.0,132.62808227539062,0.5478948821106959,1.4915126322271512,-4.016336684172381,-3.434426143155825,-0.5849038134755663,-0.542783257782956,0.3530703330578133,3.583633585422957,-1.287482651840964,2.176455547875888
51.0,284.0,132.62808227539062,0.5479371659054912,1.4915106906779072,-4.01855497464395,-3.4349824467745527,-0.5955271495185809,-0.5427832579015086,0.3698627616320903,3.57050069664492,-1.2873897371495855,2.1750736287977723
51.0,284.0,132.62808227539062,0.5478948821106959,1.4915126322271512,-4.018565007985094,-3.429984982496617,-0.5849038134755663,-0.5417862759426133,0.3530854246187211,3.5836336395795687,-1.2874818471703546,2.1748678712457337
51.0,284.0,132.62808227539062,0.5478783960350889,1.4915126322271512,-4.0115682631224345,-3.429931259189822,-0.5853959079524219,-0.5427832577720734,0.3720227595107219,3.5836336401050257,-1.2874814237295416,2.1748392698901005
51.0,284.0,132.62808227539062,0.5478783960350889,1.4915126322271512,-4.013231974046128,-3.429931259189822,-0.5853959079524219,-0.5427832579015086,0.3720227595107219,3.5836336395795687,-1.2874814237295416,2.1748392698901005
51.0,284.0,132.62808227539062,0.5478950984988996,1.4915047339481498,-4.018565007985094,-3.429984982496617,-0.5834720788807439,-0.5427832579015086,0.37059461730126,3.5836336395795687,-1.2874818471703546,2.1748392698901005
51.0,284.0,132.62808227539062,0.5478951812995236,1.4915126322271512,-4.018565007985094,-3.429984982496617,-0.5848779094820971,-0.5427832579015086,0.3712595339174763,3.5836336395795687,-1.2874537400465145,2.1748392698901005
51.0,284.0,132.62808227539062,0.5478931777771237,1.4915101485711668,-4.0168287821850335,-3.429984982496617,-0.5977682839019836,-0.542783257901822,0.3698227181191845,3.5836336395795687,-1.2866427087170385,2.1748619574352266
51.0,284.0,132.62808227539062,0.5479449431421275,1.4915089129393202,-4.017770283732102,-3.43453688910242,-0.5854467428281206,-0.542783257773751,0.353354811350459,3.583633584550882,-1.287480815620589,2.17524651555813
51.0,284.0,132.62808227539062,0.5478951812995236,1.4915126322271512,-4.016838815526177,-3.429984982496617,-0.5848787132213917,-0.5427832579015086,0.3701581113788876,3.583453746091355,-1.285467920959823,2.1748392698901005
51.0,284.0,132.62808227539062,0.5478783960350889,1.4915126322271512,-4.013231974046128,-3.429931259189822,-0.5853959079524219,-0.5427832579015086,0.3720227595107219,3.5836336395795687,-1.2874814237295416,2.1748392698901005
51.0,284.0,132.62808227539062,0.5479383768927283,1.4915101155575186,-4.016829557674948,-3.429984982496617,-0.5850526222642735,-0.5279721935780763,0.3532251727814096,3.5836336395795687,-1.2874550421735926,2.17506624229969
51.0,284.0,132.62808227539062,0.5479438126126436,1.4915126322271512,-4.018565007985094,-3.429984982496617,-0.5975194006387133,-0.5427832579015086,0.3701326336091446,3.5836336395795687,-1.2883035972994583,2.1748392698901005
51.0,284.0,132.62808227539062,0.5478948821106959,1.4915126322271512,-4.018565007985094,-3.429984982496617,-0.5849046172148611,-0.5427832579015086,0.3519434327494816,3.5836336395795687,-1.2874818471703546,2.1748392698901005
51.0,284.0,132.62808227539062,0.5479393208626762,1.4915125719109144,-4.040700792776991,-3.4299823092542527,-0.5848207046333247,-0.5427832578988211,0.3706601385839088,3.5836336395795687,-1.2874818471703546,2.1758899770064857
51.0,284.0,132.62808227539062,0.547893240534502,1.4915101155575186,-4.016602115314464,-3.4299850385750648,-0.5850544538520193,-0.542868027407921,0.3532251727814096,3.5836336395795687,-1.2874776621229187,2.174816816413067
51.0,284.0,132.62808227539062,0.5479452929074433,1.491512940693981,-4.0168287821850335,-3.429984982496617,-0.5976865291217942,-0.5427832577767248,0.3701307659505306,3.5836336395795687,-1.2604577640593833,2.174836722732591
51.0,284.0,132.62808227539062,0.5478950265838155,1.491512770167609,-4.018565007985094,-3.429984982496617,-0.5855074512728781,-0.5427832579015086,0.3527487862190276,3.5836336395795687,-1.2874808635451835,2.1748406629564485
51.0,284.0,132.62808227539062,0.547878504885672,1.4915126322271512,-4.013215937589671,-3.429916541685906,-0.5853959079524219,-0.5427832579015086,0.3720227595107219,3.5836336347399445,-1.2874814237295416,2.1765074249396017
51.0,284.0,132.62808227539062,0.5478783960350889,1.4915126322271512,-4.018712072817035,-3.42998471476643,-0.5853852880407711,-0.5427955023696167,0.3720227595107219,3.5836336395795687,-1.2874814237295416,2.1748392698901005
51.0,284.0,132.62808227539062,0.5478779684829103,1.4915100582119574,-4.016556178241865,-3.429931259189822,-0.5853959079524219,-0.5427832579015086,0.3699401538168486,3.5836336395795687,-1.2874814237295416,2.1748339715722382
51.0,284.0,132.62808227539062,0.5478951812995236,1.4915126322271512,-4.018636021066609,-3.429984982496617,-0.5848779094820971,-0.5427832579015086,0.3712595339174763,3.5836336395795687,-1.2874791234900465,2.1748392698901005
51.0,284.0,132.62808227539062,0.5479438126126436,1.4915126322271512,-4.018565007985094,-3.429797029743666,-0.5975194006387133,-0.5427832579015086,0.3701326336091446,3.583631041414792,-1.2883035972994583,2.1748437404861187
51.0,284.0,132.62808227539062,0.5479393208626762,1.491512578734157,-4.040700792776991,-3.429984855905507,-0.5848207046333247,-0.542783257901575,0.370127098797437,3.5836336395795687,-1.2874801288957012,2.1758899770064857
51.0,284.0,132.62808227539062,0.5478779529403618,1.4915101047517092,-4.016563736223173,-3.429931259189822,-0.5853959079524219,-0.5427832579015086,0.3720227595107219,3.5836336395795687,-1.2874814237295416,2.174834069959463
51.0,284.0,132.62808227539062,0.5479371659054912,1.4915126739937374,-4.018641735686635,-3.429984982496617,-0.584232498697843,-0.5427832579015086,0.3698630959681335,3.5836336395795687,-1.2874539373312437,2.1750736287977723
51.0,284.0,132.62808227539062,0.5478751027957012,1.4915089918222544,-4.017770283732102,-3.43453688910242,-0.5854467428281206,-0.5427832578927154,0.353354811350459,3.583633584550882,-1.2874814327830302,2.1748304111604275
51.0,284.0,132.62808227539062,0.5479443307532503,1.4915089129393202,-4.020530599517375,-3.434557513050347,-0.5873265663083467,-0.542783257773751,0.3700575018888117,3.5836336377119413,-1.287454917965219,2.175238943496297
51.0,284.0,132.62808227539062,0.5478941344508481,1.4915097797880998,-4.018565007985094,-3.429984982496617,-0.5848787132213917,-0.5427832579015086,0.3698901070604473,3.5836336395795687,-1.2862456100693846,2.175915211709121
51.0,285.0,132.62808227539062,0.5478948821106959,1.4915126322271512,-4.018565007985094,-3.429984982496617,-0.5849024594135139,-0.5427832579015086,0.3701326336091446,3.5836336395795687,-1.287454054547188,2.1748392698901005
51.0,285.0,132.62808227539062,0.5478948821106959,1.4915126322271512,-4.018565007985094,-3.429984982496617,-0.5849024594135139,-0.5427832579015086,0.37059461730126,3.5836336395795687,-1.2874818471703546,2.1748392698901005
51.0,285.0,132.62808227539062,0.5478948821106959,1.4915125369362046,-4.018565007985094,-3.429984982496617,-0.585550776313577,-0.5279721935780763,0.3535768109007595,3.5836336395795687,-1.287454054547188,2.174267131087437
51.0,285.0,132.62808227539062,0.5479371659054912,1.49151008825493,-4.0168287821850335,-3.429984982496617,-0.5976865291217942,-0.5427832579015086,0.3698882394018333,3.5836336395795687,-1.2874808364368373,2.1750736287977723
51.0,285.0,132.62808227539062,0.5478783960350889,1.4915126322271512,-4.013231974046128,-3.429931259189822,-0.5853959079524219,-0.5427832579015086,0.3720227595107219,3.5836336395795687,-1.2874814237295416,2.1748392698901005
51.0,285.0,132.62808227539062,0.5478948821106959,1.4915126322271512,-4.018565007985094,-3.429984982496617,-0.5849038134755663,-0.5427832579015086,0.3530703330578133,3.5836336395795687,-1.2874818471703546,2.1748392698901005
51.0,285.0,132.62808227539062,0.5478948821106959,1.4915126322271512,-4.016336684172381,-3.434426143155825,-0.5849038134755663,-0.542783257782956,0.3530703330578133,3.583633585422957,-1.2873613426977333,2.1764212863434835
51.0,285.0,132.62808227539062,0.5478948821106959,1.4915126322271512,-4.018565007985094,-3.429984982496617,-0.5849024594135139,-0.5427832579015086,0.3701326336091446,3.5836336395795687,-1.287454054547188,2.1748392698901005
51.0,285.0,132.62808227539062,0.5478783960350889,1.4915126322271512,-4.013231974046128,-3.429931259189822,-0.5853959079524219,-0.5427832579015086,0.3720227595107219,3.5836336395795687,-1.2874814237295416,2.1748392698901005
51.0,285.0,132.62808227539062,0.5478948821106959,1.4915126322271512,-4.013322040356646,-3.4299823092542527,-0.5849024594135139,-0.5427832579015086,0.37059461730126,3.5836336395795687,-1.2874818471703546,2.1748392698901005
51.0,285.0,132.62808227539062,0.5479442460587678,1.49151008825493,-4.0168287821850335,-3.429984982496617,-0.5976865291217942,-0.5427832577767248,0.3698882394018333,3.5836336395795687,-1.2592496340822534,2.1759126645516123
51.0,285.0,132.62808227539062,0.547937616529104,1.49151008825493,-4.0168287821850335,-3.429984982496617,-0.5976865291217942,-0.5427832578991345,0.3698882394018333,3.5836336395795687,-1.2866427087170385,2.1759126645516123
51.0,285.0,132.62808227539062,0.5479371659054912,1.4915106906779072,-4.0168287821850335,-3.4349824467745527,-0.5955271495185809,-0.5427832579015086,0.3698882394018333,3.5703208031567057,-1.2854039180628944,2.1750736287977723
51.0,285.0,132.62808227539062,0.5478948821106959,1.4915126322271512,-4.018565007985094,-3.429984982496617,-0.5849038134755663,-0.5427832579015086,0.3530703330578133,3.5836336395795687,-1.2874818471703546,2.1748392698901005
51.0,285.0,132.62808227539062,0.5478948821106959,1.4915121369401692,-4.017412237295675,-3.429984982496617,-0.5860867837023092,-0.5279721935780763,0.3535768109007595,3.5836336395795687,-1.2873476441941856,2.174267131087437
51.0,285.0,132.62808227539062,0.5478779684829103,1.4915100582119574,-4.016556178241865,-3.429931259189822,-0.5853959079524219,-0.5427832579015086,0.3699401538168486,3.5836336395795687,-1.2874814237295416,2.1748339715722382
51.0,285.0,132.62808227539062,0.5478948821106959,1.491510115505245,-4.018565007985094,-3.429984982496617,-0.585550776313577,-0.5279721935780763,0.3532251727814096,3.5836336395795687,-1.287454054547188,2.174196968619919
51.0,285.0,132.62808227539062,0.5478783960350889,1.4915126322271512,-4.0115682631224345,-3.429931259189822,-0.5853959079524219,-0.5427832577720734,0.3720227595107219,3.5836336401050257,-1.2874814237295416,2.1748392698901005
51.0,285.0,132.62808227539062,0.5478777894201731,1.4915126322271512,-4.013098196013769,-3.4348979588315944,-0.5853959079524219,-0.5427832579015086,0.3720227595107219,3.5836336395795687,-1.2853275760651472,2.175045059501364
51.0,285.0,132.62808227539062,0.5478951812995236,1.4915126322271512,-4.018565007985094,-3.429984982496617,-0.5848787132213917,-0.5427832579015086,0.3701326336091446,3.5836336395795687,-1.2874537400465145,2.1748392698901005
51.0,285.0,132.62808227539062,0.5479371659054912,1.49151008825493,-4.0168287821850335,-3.429984982496617,-0.5976865291217942,-0.542783257787162,0.3672821324565222,3.5836336395795687,-1.2874808364368373,2.1750736287977723
51.0,285.0,132.62808227539062,0.5478948821106959,1.4915126322271512,-4.016336684172381,-3.434426143155825,-0.5849038134755663,-0.542783257782956,0.3530703330578133,3.583633585422957,-1.287482651840964,2.176455547875888
51.0,285.0,132.62808227539062,0.5479371659054912,1.4915106906779072,-4.01855497464395,-3.4349824467745527,-0.5955271495185809,-0.5427832579015086,0.3698627616320903,3.57050069664492,-1.2873897371495855,2.1750736287977723
51.0,285.0,132.62808227539062,0.5478948821106959,1.4915126322271512,-4.018565007985094,-3.429984982496617,-0.5849038134755663,-0.5417862759426133,0.3530854246187211,3.5836336395795687,-1.2874818471703546,2.1748678712457337
51.0,285.0,132.62808227539062,0.5478783960350889,1.4915126322271512,-4.0115682631224345,-3.429931259189822,-0.5853959079524219,-0.5427832577720734,0.3720227595107219,3.5836336401050257,-1.2874814237295416,2.1748392698901005
51.0,285.0,132.62808227539062,0.5478783960350889,1.4915126322271512,-4.013231974046128,-3.429931259189822,-0.5853959079524219,-0.5427832579015086,0.3720227595107219,3.5836336395795687,-1.2874814237295416,2.1748392698901005
51.0,285.0,132.62808227539062,0.5478950984988996,1.4915047339481498,-4.018565007985094,-3.429984982496617,-0.5834720788807439,-0.5427832579015086,0.37059461730126,3.5836336395795687,-1.2874818471703546,2.1748392698901005
51.0,285.0,132.62808227539062,0.5478951812995236,1.4915126322271512,-4.018565007985094,-3.429984982496617,-0.5848779094820971,-0.5427832579015086,0.3712595339174763,3.5836336395795687,-1.2874537400465145,2.1748392698901005
51.0,285.0,132.62808227539062,0.5478931777771237,1.4915101485711668,-4.0168287821850335,-3.429984982496617,-0.5977682839019836,-0.542783257901822,0.3698227181191845,3.5836336395795687,-1.2866427087170385,2.1748619574352266
51.0,285.0,132.62808227539062,0.5479449431421275,1.4915089129393202,-4.017770283732102,-3.43453688910242,-0.5854467428281206,-0.542783257773751,0.353354811350459,3.583633584550882,-1.287480815620589,2.17524651555813
51.0,285.0,132.62808227539062,0.5478951812995236,1.4915126322271512,-4.016838815526177,-3.429984982496617,-0.5848787132213917,-0.5427832579015086,0.3701581113788876,3.583453746091355,-1.285467920959823,2.1748392698901005
51.0,285.0,132.62808227539062,0.5478783960350889,1.4915126322271512,-4.013231974046128,-3.429931259189822,-0.5853959079524219,-0.5427832579015086,0.3720227595107219,3.5836336395795687,-1.2874814237295416,2.1748392698901005
51.0,285.0,132.62808227539062,0.5479383768927283,1.4915101155575186,-4.016829557674948,-3.429984982496617,-0.5850526222642735,-0.5279721935780763,0.3532251727814096,3.5836336395795687,-1.2874550421735926,2.17506624229969
51.0,285.0,132.62808227539062,0.5479438126126436,1.4915126322271512,-4.018565007985094,-3.429984982496617,-0.5975194006387133,-0.5427832579015086,0.3701326336091446,3.5836336395795687,-1.2883035972994583,2.1748392698901005
51.0,285.0,132.62808227539062,0.5478948821106959,1.4915126322271512,-4.018565007985094,-3.429984982496617,-0.5849046172148611,-0.5427832579015086,0.3519434327494816,3.5836336395795687,-1.2874818471703546,2.1748392698901005
51.0,285.0,132.62808227539062,0.5479393208626762,1.4915125719109144,-4.040700792776991,-3.4299823092542527,-0.5848207046333247,-0.5427832578988211,0.3706601385839088,3.5836336395795687,-1.2874818471703546,2.1758899770064857
51.0,285.0,132.62808227539062,0.547893240534502,1.4915101155575186,-4.016602115314464,-3.4299850385750648,-0.5850544538520193,-0.542868027407921,0.3532251727814096,3.5836336395795687,-1.2874776621229187,2.174816816413067
51.0,285.0,132.62808227539062,0.5479452929074433,1.491512940693981,-4.0168287821850335,-3.429984982496617,-0.5976865291217942,-0.5427832577767248,0.3701307659505306,3.5836336395795687,-1.2604577640593833,2.174836722732591
51.0,285.0,132.62808227539062,0.5478950265838155,1.491512770167609,-4.018565007985094,-3.429984982496617,-0.5855074512728781,-0.5427832579015086,0.3527487862190276,3.5836336395795687,-1.2874808635451835,2.1748406629564485
51.0,285.0,132.62808227539062,0.547878504885672,1.4915126322271512,-4.013215937589671,-3.429916541685906,-0.5853959079524219,-0.5427832579015086,0.3720227595107219,3.5836336347399445,-1.2874814237295416,2.1765074249396017
51.0,285.0,132.62808227539062,0.5478783960350889,1.4915126322271512,-4.018712072817035,-3.42998471476643,-0.5853852880407711,-0.5427955023696167,0.3720227595107219,3.5836336395795687,-1.2874814237295416,2.1748392698901005
51.0,285.0,132.62808227539062,0.5478779684829103,1.4915100582119574,-4.016556178241865,-3.429931259189822,-0.5853959079524219,-0.5427832579015086,0.3699401538168486,3.5836336395795687,-1.2874814237295416,2.1748339715722382
51.0,285.0,132.62808227539062,0.5478951812995236,1.4915126322271512,-4.018636021066609,-3.429984982496617,-0.5848779094820971,-0.5427832579015086,0.3712595339174763,3.5836336395795687,-1.2874791234900465,2.1748392698901005
51.0,285.0,132.62808227539062,0.5479438126126436,1.4915126322271512,-4.018565007985094,-3.429797029743666,-0.5975194006387133,-0.5427832579015086,0.3701326336091446,3.583631041414792,-1.2883035972994583,2.1748437404861187
51.0,285.0,132.62808227539062,0.5479393208626762,1.491512578734157,-4.040700792776991,-3.429984855905507,-0.5848207046333247,-0.542783257901575,0.370127098797437,3.5836336395795687,-1.2874801288957012,2.1758899770064857
51.0,285.0,132.62808227539062,0.5478779529403618,1.4915101047517092,-4.016563736223173,-3.429931259189822,-0.5853959079524219,-0.5427832579015086,0.3720227595107219,3.5836336395795687,-1.2874814237295416,2.174834069959463
51.0,285.0,132.62808227539062,0.5479371659054912,1.4915126739937374,-4.018641735686635,-3.429984982496617,-0.584232498697843,-0.5427832579015086,0.3698630959681335,3.5836336395795687,-1.2874539373312437,2.1750736287977723
51.0,285.0,132.62808227539062,0.5478751027957012,1.4915089918222544,-4.017770283732102,-3.43453688910242,-0.5854467428281206,-0.5427832578927154,0.353354811350459,3.583633584550882,-1.2874814327830302,2.1748304111604275
51.0,285.0,132.62808227539062,0.5479443307532503,1.4915089129393202,-4.020530599517375,-3.434557513050347,-0.5873265663083467,-0.542783257773751,0.3700575018888117,3.5836336377119413,-1.287454917965219,2.175238943496297
51.0,285.0,132.62808227539062,0.5478941344508481,1.4915097797880998,-4.018565007985094,-3.429984982496617,-0.5848787132213917,-0.5427832579015086,0.3698901070604473,3.5836336395795687,-1.2862456100693846,2.175915211709121
51.0,286.0,132.62808227539062,0.5478948821106959,1.4915126322271512,-4.018565007985094,-3.429984982496617,-0.5849024594135139,-0.5427832579015086,0.3701326336091446,3.5836336395795687,-1.287454054547188,2.1748392698901005
51.0,286.0,132.62808227539062,0.5478948821106959,1.4915126322271512,-4.018565007985094,-3.429984982496617,-0.5849024594135139,-0.5427832579015086,0.37059461730126,3.5836336395795687,-1.2874818471703546,2.1748392698901005
51.0,286.0,132.62808227539062,0.5478948821106959,1.4915125369362046,-4.018565007985094,-3.429984982496617,-0.585550776313577,-0.5279721935780763,0.3535768109007595,3.5836336395795687,-1.287454054547188,2.174267131087437
51.0,286.0,132.62808227539062,0.5479371659054912,1.49151008825493,-4.0168287821850335,-3.429984982496617,-0.5976865291217942,-0.5427832579015086,0.3698882394018333,3.5836336395795687,-1.2874808364368373,2.1750736287977723
51.0,286.0,132.62808227539062,0.5478783960350889,1.4915126322271512,-4.013231974046128,-3.429931259189822,-0.5853959079524219,-0.5427832579015086,0.3720227595107219,3.5836336395795687,-1.2874814237295416,2.1748392698901005
51.0,286.0,132.62808227539062,0.5478948821106959,1.4915126322271512,-4.018565007985094,-3.429984982496617,-0.5849038134755663,-0.5427832579015086,0.3530703330578133,3.5836336395795687,-1.2874818471703546,2.1748392698901005
51.0,286.0,132.62808227539062,0.5478948821106959,1.4915126322271512,-4.016336684172381,-3.434426143155825,-0.5849038134755663,-0.542783257782956,0.3530703330578133,3.583633585422957,-1.2873613426977333,2.1764212863434835
51.0,286.0,132.62808227539062,0.5478948821106959,1.4915126322271512,-4.018565007985094,-3.429984982496617,-0.5849024594135139,-0.5427832579015086,0.3701326336091446,3.5836336395795687,-1.287454054547188,2.1748392698901005
51.0,286.0,132.62808227539062,0.5478783960350889,1.4915126322271512,-4.013231974046128,-3.429931259189822,-0.5853959079524219,-0.5427832579015086,0.3720227595107219,3.5836336395795687,-1.2874814237295416,2.1748392698901005
51.0,286.0,132.62808227539062,0.5478948821106959,1.4915126322271512,-4.013322040356646,-3.4299823092542527,-0.5849024594135139,-0.5427832579015086,0.37059461730126,3.5836336395795687,-1.2874818471703546,2.1748392698901005
51.0,286.0,132.62808227539062,0.5479442460587678,1.49151008825493,-4.0168287821850335,-3.429984982496617,-0.5976865291217942,-0.5427832577767248,0.3698882394018333,3.5836336395795687,-1.2592496340822534,2.1759126645516123
51.0,286.0,132.62808227539062,0.547937616529104,1.49151008825493,-4.0168287821850335,-3.429984982496617,-0.5976865291217942,-0.5427832578991345,0.3698882394018333,3.5836336395795687,-1.2866427087170385,2.1759126645516123
51.0,286.0,132.62808227539062,0.5479371659054912,1.4915106906779072,-4.0168287821850335,-3.4349824467745527,-0.5955271495185809,-0.5427832579015086,0.3698882394018333,3.5703208031567057,-1.2854039180628944,2.1750736287977723
51.0,286.0,132.62808227539062,0.5478948821106959,1.4915126322271512,-4.018565007985094,-3.429984982496617,-0.5849038134755663,-0.5427832579015086,0.3530703330578133,3.5836336395795687,-1.2874818471703546,2.1748392698901005
51.0,286.0,132.62808227539062,0.5478948821106959,1.4915121369401692,-4.017412237295675,-3.429984982496617,-0.5860867837023092,-0.5279721935780763,0.3535768109007595,3.5836336395795687,-1.2873476441941856,2.174267131087437
51.0,286.0,132.62808227539062,0.5478779684829103,1.4915100582119574,-4.016556178241865,-3.429931259189822,-0.5853959079524219,-0.5427832579015086,0.3699401538168486,3.5836336395795687,-1.2874814237295416,2.1748339715722382
51.0,286.0,132.62808227539062,0.5478948821106959,1.491510115505245,-4.018565007985094,-3.429984982496617,-0.585550776313577,-0.5279721935780763,0.3532251727814096,3.5836336395795687,-1.287454054547188,2.174196968619919
51.0,286.0,132.62808227539062,0.5478783960350889,1.4915126322271512,-4.0115682631224345,-3.429931259189822,-0.5853959079524219,-0.5427832577720734,0.3720227595107219,3.5836336401050257,-1.2874814237295416,2.1748392698901005
51.0,286.0,132.62808227539062,0.5478777894201731,1.4915126322271512,-4.013098196013769,-3.4348979588315944,-0.5853959079524219,-0.5427832579015086,0.3720227595107219,3.5836336395795687,-1.2853275760651472,2.175045059501364
51.0,286.0,132.62808227539062,0.5478951812995236,1.4915126322271512,-4.018565007985094,-3.429984982496617,-0.5848787132213917,-0.5427832579015086,0.3701326336091446,3.5836336395795687,-1.2874537400465145,2.1748392698901005
51.0,286.0,132.62808227539062,0.5479371659054912,1.49151008825493,-4.0168287821850335,-3.429984982496617,-0.5976865291217942,-0.542783257787162,0.3672821324565222,3.5836336395795687,-1.2874808364368373,2.1750736287977723
51.0,286.0,132.62808227539062,0.5478948821106959,1.4915126322271512,-4.016336684172381,-3.434426143155825,-0.5849038134755663,-0.542783257782956,0.3530703330578133,3.583633585422957,-1.287482651840964,2.176455547875888
51.0,286.0,132.62808227539062,0.5479371659054912,1.4915106906779072,-4.01855497464395,-3.4349824467745527,-0.5955271495185809,-0.5427832579015086,0.3698627616320903,3.57050069664492,-1.2873897371495855,2.1750736287977723
51.0,286.0,132.62808227539062,0.5478948821106959,1.4915126322271512,-4.018565007985094,-3.429984982496617,-0.5849038134755663,-0.5417862759426133,0.3530854246187211,3.5836336395795687,-1.2874818471703546,2.1748678712457337
51.0,286.0,132.62808227539062,0.5478783960350889,1.4915126322271512,-4.0115682631224345,-3.429931259189822,-0.5853959079524219,-0.5427832577720734,0.3720227595107219,3.5836336401050257,-1.2874814237295416,2.1748392698901005
51.0,286.0,132.62808227539062,0.5478783960350889,1.4915126322271512,-4.013231974046128,-3.429931259189822,-0.5853959079524219,-0.5427832579015086,0.3720227595107219,3.5836336395795687,-1.2874814237295416,2.1748392698901005
51.0,286.0,132.62808227539062,0.5478950984988996,1.4915047339481498,-4.018565007985094,-3.429984982496617,-0.5834720788807439,-0.5427832579015086,0.37059461730126,3.5836336395795687,-1.2874818471703546,2.1748392698901005
51.0,286.0,132.62808227539062,0.5478951812995236,1.4915126322271512,-4.018565007985094,-3.429984982496617,-0.5848779094820971,-0.5427832579015086,0.3712595339174763,3.5836336395795687,-1.2874537400465145,2.1748392698901005
51.0,286.0,132.62808227539062,0.5478931777771237,1.4915101485711668,-4.0168287821850335,-3.429984982496617,-0.5977682839019836,-0.542783257901822,0.3698227181191845,3.5836336395795687,-1.2866427087170385,2.1748619574352266
51.0,286.0,132.62808227539062,0.5479449431421275,1.4915089129393202,-4.017770283732102,-3.43453688910242,-0.5854467428281206,-0.542783257773751,0.353354811350459,3.583633584550882,-1.287480815620589,2.17524651555813
51.0,286.0,132.62808227539062,0.5478951812995236,1.4915126322271512,-4.016838815526177,-3.429984982496617,-0.5848787132213917,-0.5427832579015086,0.3701581113788876,3.583453746091355,-1.285467920959823,2.1748392698901005
51.0,286.0,132.62808227539062,0.5478783960350889,1.4915126322271512,-4.013231974046128,-3.429931259189822,-0.5853959079524219,-0.5427832579015086,0.3720227595107219,3.5836336395795687,-1.2874814237295416,2.1748392698901005
51.0,286.0,132.62808227539062,0.5479383768927283,1.4915101155575186,-4.016829557674948,-3.429984982496617,-0.5850526222642735,-0.5279721935780763,0.3532251727814096,3.5836336395795687,-1.2874550421735926,2.17506624229969
51.0,286.0,132.62808227539062,0.5479438126126436,1.4915126322271512,-4.018565007985094,-3.429984982496617,-0.5975194006387133,-0.5427832579015086,0.3701326336091446,3.5836336395795687,-1.2883035972994583,2.1748392698901005
51.0,286.0,132.62808227539062,0.5478948821106959,1.4915126322271512,-4.018565007985094,-3.429984982496617,-0.5849046172148611,-0.5427832579015086,0.3519434327494816,3.5836336395795687,-1.2874818471703546,2.1748392698901005
51.0,286.0,132.62808227539062,0.5479393208626762,1.4915125719109144,-4.040700792776991,-3.4299823092542527,-0.5848207046333247,-0.5427832578988211,0.3706601385839088,3.5836336395795687,-1.2874818471703546,2.1758899770064857
51.0,286.0,132.62808227539062,0.547893240534502,1.4915101155575186,-4.016602115314464,-3.4299850385750648,-0.5850544538520193,-0.542868027407921,0.3532251727814096,3.5836336395795687,-1.2874776621229187,2.174816816413067
51.0,286.0,132.62808227539062,0.5479452929074433,1.491512940693981,-4.0168287821850335,-3.429984982496617,-0.5976865291217942,-0.5427832577767248,0.3701307659505306,3.5836336395795687,-1.2604577640593833,2.174836722732591
51.0,286.0,132.62808227539062,0.5478950265838155,1.491512770167609,-4.018565007985094,-3.429984982496617,-0.5855074512728781,-0.5427832579015086,0.3527487862190276,3.5836336395795687,-1.2874808635451835,2.1748406629564485
51.0,286.0,132.62808227539062,0.547878504885672,1.4915126322271512,-4.013215937589671,-3.429916541685906,-0.5853959079524219,-0.5427832579015086,0.3720227595107219,3.5836336347399445,-1.2874814237295416,2.1765074249396017
51.0,286.0,132.62808227539062,0.5478783960350889,1.4915126322271512,-4.018712072817035,-3.42998471476643,-0.5853852880407711,-0.5427955023696167,0.3720227595107219,3.5836336395795687,-1.2874814237295416,2.1748392698901005
51.0,286.0,132.62808227539062,0.5478779684829103,1.4915100582119574,-4.016556178241865,-3.429931259189822,-0.5853959079524219,-0.5427832579015086,0.3699401538168486,3.5836336395795687,-1.2874814237295416,2.1748339715722382
51.0,286.0,132.62808227539062,0.5478951812995236,1.4915126322271512,-4.018636021066609,-3.429984982496617,-0.5848779094820971,-0.5427832579015086,0.3712595339174763,3.5836336395795687,-1.2874791234900465,2.1748392698901005
51.0,286.0,132.62808227539062,0.5479438126126436,1.4915126322271512,-4.018565007985094,-3.429797029743666,-0.5975194006387133,-0.5427832579015086,0.3701326336091446,3.583631041414792,-1.2883035972994583,2.1748437404861187
51.0,286.0,132.62808227539062,0.5479393208626762,1.491512578734157,-4.040700792776991,-3.429984855905507,-0.5848207046333247,-0.542783257901575,0.370127098797437,3.5836336395795687,-1.2874801288957012,2.1758899770064857
51.0,286.0,132.62808227539062,0.5478779529403618,1.4915101047517092,-4.016563736223173,-3.429931259189822,-0.5853959079524219,-0.5427832579015086,0.3720227595107219,3.5836336395795687,-1.2874814237295416,2.174834069959463
51.0,286.0,132.62808227539062,0.5479371659054912,1.4915126739937374,-4.018641735686635,-3.429984982496617,-0.584232498697843,-0.5427832579015086,0.3698630959681335,3.5836336395795687,-1.2874539373312437,2.1750736287977723
51.0,286.0,132.62808227539062,0.5478751027957012,1.4915089918222544,-4.017770283732102,-3.43453688910242,-0.5854467428281206,-0.5427832578927154,0.353354811350459,3.583633584550882,-1.2874814327830302,2.1748304111604275
51.0,286.0,132.62808227539062,0.5479443307532503,1.4915089129393202,-4.020530599517375,-3.434557513050347,-0.5873265663083467,-0.542783257773751,0.3700575018888117,3.5836336377119413,-1.287454917965219,2.175238943496297
51.0,286.0,132.62808227539062,0.5478941344508481,1.4915097797880998,-4.018565007985094,-3.429984982496617,-0.5848787132213917,-0.5427832579015086,0.3698901070604473,3.5836336395795687,-1.2862456100693846,2.175915211709121
51.0,287.0,132.62808227539062,0.5478948821106959,1.4915126322271512,-4.018565007985094,-3.429984982496617,-0.5849024594135139,-0.5427832579015086,0.3701326336091446,3.5836336395795687,-1.287454054547188,2.1748392698901005
51.0,287.0,132.62808227539062,0.5478948821106959,1.4915126322271512,-4.018565007985094,-3.429984982496617,-0.5849024594135139,-0.5427832579015086,0.37059461730126,3.5836336395795687,-1.2874818471703546,2.1748392698901005
51.0,287.0,132.62808227539062,0.5478948821106959,1.4915125369362046,-4.018565007985094,-3.429984982496617,-0.585550776313577,-0.5279721935780763,0.3535768109007595,3.5836336395795687,-1.287454054547188,2.174267131087437
51.0,287.0,132.62808227539062,0.5479371659054912,1.49151008825493,-4.0168287821850335,-3.429984982496617,-0.5976865291217942,-0.5427832579015086,0.3698882394018333,3.5836336395795687,-1.2874808364368373,2.1750736287977723
51.0,287.0,132.62808227539062,0.5478783960350889,1.4915126322271512,-4.013231974046128,-3.429931259189822,-0.5853959079524219,-0.5427832579015086,0.3720227595107219,3.5836336395795687,-1.2874814237295416,2.1748392698901005
51.0,287.0,132.62808227539062,0.5478948821106959,1.4915126322271512,-4.018565007985094,-3.429984982496617,-0.5849038134755663,-0.5427832579015086,0.3530703330578133,3.5836336395795687,-1.2874818471703546,2.1748392698901005
51.0,287.0,132.62808227539062,0.5478948821106959,1.4915126322271512,-4.016336684172381,-3.434426143155825,-0.5849038134755663,-0.542783257782956,0.3530703330578133,3.583633585422957,-1.2873613426977333,2.1764212863434835
51.0,287.0,132.62808227539062,0.5478948821106959,1.4915126322271512,-4.018565007985094,-3.429984982496617,-0.5849024594135139,-0.5427832579015086,0.3701326336091446,3.5836336395795687,-1.287454054547188,2.1748392698901005
51.0,287.0,132.62808227539062,0.5478783960350889,1.4915126322271512,-4.013231974046128,-3.429931259189822,-0.5853959079524219,-0.5427832579015086,0.3720227595107219,3.5836336395795687,-1.2874814237295416,2.1748392698901005
51.0,287.0,132.62808227539062,0.5478948821106959,1.4915126322271512,-4.013322040356646,-3.4299823092542527,-0.5849024594135139,-0.5427832579015086,0.37059461730126,3.5836336395795687,-1.2874818471703546,2.1748392698901005
51.0,287.0,132.62808227539062,0.5479442460587678,1.49151008825493,-4.0168287821850335,-3.429984982496617,-0.5976865291217942,-0.5427832577767248,0.3698882394018333,3.5836336395795687,-1.2592496340822534,2.1759126645516123
51.0,287.0,132.62808227539062,0.547937616529104,1.49151008825493,-4.0168287821850335,-3.429984982496617,-0.5976865291217942,-0.5427832578991345,0.3698882394018333,3.5836336395795687,-1.2866427087170385,2.1759126645516123
51.0,287.0,132.62808227539062,0.5479371659054912,1.4915106906779072,-4.0168287821850335,-3.4349824467745527,-0.5955271495185809,-0.5427832579015086,0.3698882394018333,3.5703208031567057,-1.2854039180628944,2.1750736287977723
51.0,287.0,132.62808227539062,0.5478948821106959,1.4915126322271512,-4.018565007985094,-3.429984982496617,-0.5849038134755663,-0.5427832579015086,0.3530703330578133,3.5836336395795687,-1.2874818471703546,2.1748392698901005
51.0,287.0,132.62808227539062,0.5478948821106959,1.4915121369401692,-4.017412237295675,-3.429984982496617,-0.5860867837023092,-0.5279721935780763,0.3535768109007595,3.5836336395795687,-1.2873476441941856,2.174267131087437
51.0,287.0,132.62808227539062,0.5478779684829103,1.4915100582119574,-4.016556178241865,-3.429931259189822,-0.5853959079524219,-0.5427832579015086,0.3699401538168486,3.5836336395795687,-1.2874814237295416,2.1748339715722382
51.0,287.0,132.62808227539062,0.5478948821106959,1.491510115505245,-4.018565007985094,-3.429984982496617,-0.585550776313577,-0.5279721935780763,0.3532251727814096,3.5836336395795687,-1.287454054547188,2.174196968619919
51.0,287.0,132.62808227539062,0.5478783960350889,1.4915126322271512,-4.0115682631224345,-3.429931259189822,-0.5853959079524219,-0.5427832577720734,0.3720227595107219,3.5836336401050257,-1.2874814237295416,2.1748392698901005
51.0,287.0,132.62808227539062,0.5478777894201731,1.4915126322271512,-4.013098196013769,-3.4348979588315944,-0.5853959079524219,-0.5427832579015086,0.3720227595107219,3.5836336395795687,-1.2853275760651472,2.175045059501364
51.0,287.0,132.62808227539062,0.5478951812995236,1.4915126322271512,-4.018565007985094,-3.429984982496617,-0.5848787132213917,-0.5427832579015086,0.3701326336091446,3.5836336395795687,-1.2874537400465145,2.1748392698901005
51.0,287.0,132.62808227539062,0.5479371659054912,1.49151008825493,-4.0168287821850335,-3.429984982496617,-0.5976865291217942,-0.542783257787162,0.3672821324565222,3.5836336395795687,-1.2874808364368373,2.1750736287977723
51.0,287.0,132.62808227539062,0.5478948821106959,1.4915126322271512,-4.016336684172381,-3.434426143155825,-0.5849038134755663,-0.542783257782956,0.3530703330578133,3.583633585422957,-1.287482651840964,2.176455547875888
51.0,287.0,132.62808227539062,0.5479371659054912,1.4915106906779072,-4.01855497464395,-3.4349824467745527,-0.5955271495185809,-0.5427832579015086,0.3698627616320903,3.57050069664492,-1.2873897371495855,2.1750736287977723
51.0,287.0,132.62808227539062,0.5478948821106959,1.4915126322271512,-4.018565007985094,-3.429984982496617,-0.5849038134755663,-0.5417862759426133,0.3530854246187211,3.5836336395795687,-1.2874818471703546,2.1748678712457337
51.0,287.0,132.62808227539062,0.5478783960350889,1.4915126322271512,-4.0115682631224345,-3.429931259189822,-0.5853959079524219,-0.5427832577720734,0.3720227595107219,3.5836336401050257,-1.2874814237295416,2.1748392698901005
51.0,287.0,132.62808227539062,0.5478783960350889,1.4915126322271512,-4.013231974046128,-3.429931259189822,-0.5853959079524219,-0.5427832579015086,0.3720227595107219,3.5836336395795687,-1.2874814237295416,2.1748392698901005
51.0,287.0,132.62808227539062,0.5478950984988996,1.4915047339481498,-4.018565007985094,-3.429984982496617,-0.5834720788807439,-0.5427832579015086,0.37059461730126,3.5836336395795687,-1.2874818471703546,2.1748392698901005
51.0,287.0,132.62808227539062,0.5478951812995236,1.4915126322271512,-4.018565007985094,-3.429984982496617,-0.5848779094820971,-0.5427832579015086,0.3712595339174763,3.5836336395795687,-1.2874537400465145,2.1748392698901005
51.0,287.0,132.62808227539062,0.5478931777771237,1.4915101485711668,-4.0168287821850335,-3.429984982496617,-0.5977682839019836,-0.542783257901822,0.3698227181191845,3.5836336395795687,-1.2866427087170385,2.1748619574352266
51.0,287.0,132.62808227539062,0.5479449431421275,1.4915089129393202,-4.017770283732102,-3.43453688910242,-0.5854467428281206,-0.542783257773751,0.353354811350459,3.583633584550882,-1.287480815620589,2.17524651555813
51.0,287.0,132.62808227539062,0.5478951812995236,1.4915126322271512,-4.016838815526177,-3.429984982496617,-0.5848787132213917,-0.5427832579015086,0.3701581113788876,3.583453746091355,-1.285467920959823,2.1748392698901005
51.0,287.0,132.62808227539062,0.5478783960350889,1.4915126322271512,-4.013231974046128,-3.429931259189822,-0.5853959079524219,-0.5427832579015086,0.3720227595107219,3.5836336395795687,-1.2874814237295416,2.1748392698901005
51.0,287.0,132.62808227539062,0.5479383768927283,1.4915101155575186,-4.016829557674948,-3.429984982496617,-0.5850526222642735,-0.5279721935780763,0.3532251727814096,3.5836336395795687,-1.2874550421735926,2.17506624229969
51.0,287.0,132.62808227539062,0.5479438126126436,1.4915126322271512,-4.018565007985094,-3.429984982496617,-0.5975194006387133,-0.5427832579015086,0.3701326336091446,3.5836336395795687,-1.2883035972994583,2.1748392698901005
51.0,287.0,132.62808227539062,0.5478948821106959,1.4915126322271512,-4.018565007985094,-3.429984982496617,-0.5849046172148611,-0.5427832579015086,0.3519434327494816,3.5836336395795687,-1.2874818471703546,2.1748392698901005
51.0,287.0,132.62808227539062,0.5479393208626762,1.4915125719109144,-4.040700792776991,-3.4299823092542527,-0.5848207046333247,-0.5427832578988211,0.3706601385839088,3.5836336395795687,-1.2874818471703546,2.1758899770064857
51.0,287.0,132.62808227539062,0.547893240534502,1.4915101155575186,-4.016602115314464,-3.4299850385750648,-0.5850544538520193,-0.542868027407921,0.3532251727814096,3.5836336395795687,-1.2874776621229187,2.174816816413067
51.0,287.0,132.62808227539062,0.5479452929074433,1.491512940693981,-4.0168287821850335,-3.429984982496617,-0.5976865291217942,-0.5427832577767248,0.3701307659505306,3.5836336395795687,-1.2604577640593833,2.174836722732591
51.0,287.0,132.62808227539062,0.5478950265838155,1.491512770167609,-4.018565007985094,-3.429984982496617,-0.5855074512728781,-0.5427832579015086,0.3527487862190276,3.5836336395795687,-1.2874808635451835,2.1748406629564485
51.0,287.0,132.62808227539062,0.547878504885672,1.4915126322271512,-4.013215937589671,-3.429916541685906,-0.5853959079524219,-0.5427832579015086,0.3720227595107219,3.5836336347399445,-1.2874814237295416,2.1765074249396017
51.0,287.0,132.62808227539062,0.5478783960350889,1.4915126322271512,-4.018712072817035,-3.42998471476643,-0.5853852880407711,-0.5427955023696167,0.3720227595107219,3.5836336395795687,-1.2874814237295416,2.1748392698901005
51.0,287.0,132.62808227539062,0.5478779684829103,1.4915100582119574,-4.016556178241865,-3.429931259189822,-0.5853959079524219,-0.5427832579015086,0.3699401538168486,3.5836336395795687,-1.2874814237295416,2.1748339715722382
51.0,287.0,132.62808227539062,0.5478951812995236,1.4915126322271512,-4.018636021066609,-3.429984982496617,-0.5848779094820971,-0.5427832579015086,0.3712595339174763,3.5836336395795687,-1.2874791234900465,2.1748392698901005
51.0,287.0,132.62808227539062,0.5479438126126436,1.4915126322271512,-4.018565007985094,-3.429797029743666,-0.5975194006387133,-0.5427832579015086,0.3701326336091446,3.583631041414792,-1.2883035972994583,2.1748437404861187
51.0,287.0,132.62808227539062,0.5479393208626762,1.491512578734157,-4.040700792776991,-3.429984855905507,-0.5848207046333247,-0.542783257901575,0.370127098797437,3.5836336395795687,-1.2874801288957012,2.1758899770064857
51.0,287.0,132.62808227539062,0.5478779529403618,1.4915101047517092,-4.016563736223173,-3.429931259189822,-0.5853959079524219,-0.5427832579015086,0.3720227595107219,3.5836336395795687,-1.2874814237295416,2.174834069959463
51.0,287.0,132.62808227539062,0.5479371659054912,1.4915126739937374,-4.018641735686635,-3.429984982496617,-0.584232498697843,-0.5427832579015086,0.3698630959681335,3.5836336395795687,-1.2874539373312437,2.1750736287977723
51.0,287.0,132.62808227539062,0.5478751027957012,1.4915089918222544,-4.017770283732102,-3.43453688910242,-0.5854467428281206,-0.5427832578927154,0.353354811350459,3.583633584550882,-1.2874814327830302,2.1748304111604275
51.0,287.0,132.62808227539062,0.5479443307532503,1.4915089129393202,-4.020530599517375,-3.434557513050347,-0.5873265663083467,-0.542783257773751,0.3700575018888117,3.5836336377119413,-1.287454917965219,2.175238943496297
51.0,287.0,132.62808227539062,0.5478941344508481,1.4915097797880998,-4.018565007985094,-3.429984982496617,-0.5848787132213917,-0.5427832579015086,0.3698901070604473,3.5836336395795687,-1.2862456100693846,2.175915211709121
51.0,288.0,132.62808227539062,0.5478948821106959,1.4915126322271512,-4.018565007985094,-3.429984982496617,-0.5849024594135139,-0.5427832579015086,0.3701326336091446,3.5836336395795687,-1.287454054547188,2.1748392698901005
51.0,288.0,132.62808227539062,0.5478948821106959,1.4915126322271512,-4.018565007985094,-3.429984982496617,-0.5849024594135139,-0.5427832579015086,0.37059461730126,3.5836336395795687,-1.2874818471703546,2.1748392698901005
51.0,288.0,132.62808227539062,0.5478948821106959,1.4915125369362046,-4.018565007985094,-3.429984982496617,-0.585550776313577,-0.5279721935780763,0.3535768109007595,3.5836336395795687,-1.287454054547188,2.174267131087437
51.0,288.0,132.62808227539062,0.5479371659054912,1.49151008825493,-4.0168287821850335,-3.429984982496617,-0.5976865291217942,-0.5427832579015086,0.3698882394018333,3.5836336395795687,-1.2874808364368373,2.1750736287977723
51.0,288.0,132.62808227539062,0.5478783960350889,1.4915126322271512,-4.013231974046128,-3.429931259189822,-0.5853959079524219,-0.5427832579015086,0.3720227595107219,3.5836336395795687,-1.2874814237295416,2.1748392698901005
51.0,288.0,132.62808227539062,0.5478948821106959,1.4915126322271512,-4.018565007985094,-3.429984982496617,-0.5849038134755663,-0.5427832579015086,0.3530703330578133,3.5836336395795687,-1.2874818471703546,2.1748392698901005
51.0,288.0,132.62808227539062,0.5478948821106959,1.4915126322271512,-4.016336684172381,-3.434426143155825,-0.5849038134755663,-0.542783257782956,0.3530703330578133,3.583633585422957,-1.2873613426977333,2.1764212863434835
51.0,288.0,132.62808227539062,0.5478948821106959,1.4915126322271512,-4.018565007985094,-3.429984982496617,-0.5849024594135139,-0.5427832579015086,0.3701326336091446,3.5836336395795687,-1.287454054547188,2.1748392698901005
51.0,288.0,132.62808227539062,0.5478783960350889,1.4915126322271512,-4.013231974046128,-3.429931259189822,-0.5853959079524219,-0.5427832579015086,0.3720227595107219,3.5836336395795687,-1.2874814237295416,2.1748392698901005
51.0,288.0,132.62808227539062,0.5478948821106959,1.4915126322271512,-4.013322040356646,-3.4299823092542527,-0.5849024594135139,-0.5427832579015086,0.37059461730126,3.5836336395795687,-1.2874818471703546,2.1748392698901005
51.0,288.0,132.62808227539062,0.5479442460587678,1.49151008825493,-4.0168287821850335,-3.429984982496617,-0.5976865291217942,-0.5427832577767248,0.3698882394018333,3.5836336395795687,-1.2592496340822534,2.1759126645516123
51.0,288.0,132.62808227539062,0.547937616529104,1.49151008825493,-4.0168287821850335,-3.429984982496617,-0.5976865291217942,-0.5427832578991345,0.3698882394018333,3.5836336395795687,-1.2866427087170385,2.1759126645516123
51.0,288.0,132.62808227539062,0.5479371659054912,1.4915106906779072,-4.0168287821850335,-3.4349824467745527,-0.5955271495185809,-0.5427832579015086,0.3698882394018333,3.5703208031567057,-1.2854039180628944,2.1750736287977723
51.0,288.0,132.62808227539062,0.5478948821106959,1.4915126322271512,-4.018565007985094,-3.429984982496617,-0.5849038134755663,-0.5427832579015086,0.3530703330578133,3.5836336395795687,-1.2874818471703546,2.1748392698901005
51.0,288.0,132.62808227539062,0.5478948821106959,1.4915121369401692,-4.017412237295675,-3.429984982496617,-0.5860867837023092,-0.5279721935780763,0.3535768109007595,3.5836336395795687,-1.2873476441941856,2.174267131087437
51.0,288.0,132.62808227539062,0.5478779684829103,1.4915100582119574,-4.016556178241865,-3.429931259189822,-0.5853959079524219,-0.5427832579015086,0.3699401538168486,3.5836336395795687,-1.2874814237295416,2.1748339715722382
51.0,288.0,132.62808227539062,0.5478948821106959,1.491510115505245,-4.018565007985094,-3.429984982496617,-0.585550776313577,-0.5279721935780763,0.3532251727814096,3.5836336395795687,-1.287454054547188,2.174196968619919
51.0,288.0,132.62808227539062,0.5478783960350889,1.4915126322271512,-4.0115682631224345,-3.429931259189822,-0.5853959079524219,-0.5427832577720734,0.3720227595107219,3.5836336401050257,-1.2874814237295416,2.1748392698901005
51.0,288.0,132.62808227539062,0.5478777894201731,1.4915126322271512,-4.013098196013769,-3.4348979588315944,-0.5853959079524219,-0.5427832579015086,0.3720227595107219,3.5836336395795687,-1.2853275760651472,2.175045059501364
51.0,288.0,132.62808227539062,0.5478951812995236,1.4915126322271512,-4.018565007985094,-3.429984982496617,-0.5848787132213917,-0.5427832579015086,0.3701326336091446,3.5836336395795687,-1.2874537400465145,2.1748392698901005
51.0,288.0,132.62808227539062,0.5479371659054912,1.49151008825493,-4.0168287821850335,-3.429984982496617,-0.5976865291217942,-0.542783257787162,0.3672821324565222,3.5836336395795687,-1.2874808364368373,2.1750736287977723
51.0,288.0,132.62808227539062,0.5478948821106959,1.4915126322271512,-4.016336684172381,-3.434426143155825,-0.5849038134755663,-0.542783257782956,0.3530703330578133,3.583633585422957,-1.287482651840964,2.176455547875888
51.0,288.0,132.62808227539062,0.5479371659054912,1.4915106906779072,-4.01855497464395,-3.4349824467745527,-0.5955271495185809,-0.5427832579015086,0.3698627616320903,3.57050069664492,-1.2873897371495855,2.1750736287977723
51.0,288.0,132.62808227539062,0.5478948821106959,1.4915126322271512,-4.018565007985094,-3.429984982496617,-0.5849038134755663,-0.5417862759426133,0.3530854246187211,3.5836336395795687,-1.2874818471703546,2.1748678712457337
51.0,288.0,132.62808227539062,0.5478783960350889,1.4915126322271512,-4.0115682631224345,-3.429931259189822,-0.5853959079524219,-0.5427832577720734,0.3720227595107219,3.5836336401050257,-1.2874814237295416,2.1748392698901005
51.0,288.0,132.62808227539062,0.5478783960350889,1.4915126322271512,-4.013231974046128,-3.429931259189822,-0.5853959079524219,-0.5427832579015086,0.3720227595107219,3.5836336395795687,-1.2874814237295416,2.1748392698901005
51.0,288.0,132.62808227539062,0.5478950984988996,1.4915047339481498,-4.018565007985094,-3.429984982496617,-0.5834720788807439,-0.5427832579015086,0.37059461730126,3.5836336395795687,-1.2874818471703546,2.1748392698901005
51.0,288.0,132.62808227539062,0.5478951812995236,1.4915126322271512,-4.018565007985094,-3.429984982496617,-0.5848779094820971,-0.5427832579015086,0.3712595339174763,3.5836336395795687,-1.2874537400465145,2.1748392698901005
51.0,288.0,132.62808227539062,0.5478931777771237,1.4915101485711668,-4.0168287821850335,-3.429984982496617,-0.5977682839019836,-0.542783257901822,0.3698227181191845,3.5836336395795687,-1.2866427087170385,2.1748619574352266
51.0,288.0,132.62808227539062,0.5479449431421275,1.4915089129393202,-4.017770283732102,-3.43453688910242,-0.5854467428281206,-0.542783257773751,0.353354811350459,3.583633584550882,-1.287480815620589,2.17524651555813
51.0,288.0,132.62808227539062,0.5478951812995236,1.4915126322271512,-4.016838815526177,-3.429984982496617,-0.5848787132213917,-0.5427832579015086,0.3701581113788876,3.583453746091355,-1.285467920959823,2.1748392698901005
51.0,288.0,132.62808227539062,0.5478783960350889,1.4915126322271512,-4.013231974046128,-3.429931259189822,-0.5853959079524219,-0.5427832579015086,0.3720227595107219,3.5836336395795687,-1.2874814237295416,2.1748392698901005
51.0,288.0,132.62808227539062,0.5479383768927283,1.4915101155575186,-4.016829557674948,-3.429984982496617,-0.5850526222642735,-0.5279721935780763,0.3532251727814096,3.5836336395795687,-1.2874550421735926,2.17506624229969
51.0,288.0,132.62808227539062,0.5479438126126436,1.4915126322271512,-4.018565007985094,-3.429984982496617,-0.5975194006387133,-0.5427832579015086,0.3701326336091446,3.5836336395795687,-1.2883035972994583,2.1748392698901005
51.0,288.0,132.62808227539062,0.5478948821106959,1.4915126322271512,-4.018565007985094,-3.429984982496617,-0.5849046172148611,-0.5427832579015086,0.3519434327494816,3.5836336395795687,-1.2874818471703546,2.1748392698901005
51.0,288.0,132.62808227539062,0.5479393208626762,1.4915125719109144,-4.040700792776991,-3.4299823092542527,-0.5848207046333247,-0.5427832578988211,0.3706601385839088,3.5836336395795687,-1.2874818471703546,2.1758899770064857
51.0,288.0,132.62808227539062,0.547893240534502,1.4915101155575186,-4.016602115314464,-3.4299850385750648,-0.5850544538520193,-0.542868027407921,0.3532251727814096,3.5836336395795687,-1.2874776621229187,2.174816816413067
51.0,288.0,132.62808227539062,0.5479452929074433,1.491512940693981,-4.0168287821850335,-3.429984982496617,-0.5976865291217942,-0.5427832577767248,0.3701307659505306,3.5836336395795687,-1.2604577640593833,2.174836722732591
51.0,288.0,132.62808227539062,0.5478950265838155,1.491512770167609,-4.018565007985094,-3.429984982496617,-0.5855074512728781,-0.5427832579015086,0.3527487862190276,3.5836336395795687,-1.2874808635451835,2.1748406629564485
51.0,288.0,132.62808227539062,0.547878504885672,1.4915126322271512,-4.013215937589671,-3.429916541685906,-0.5853959079524219,-0.5427832579015086,0.3720227595107219,3.5836336347399445,-1.2874814237295416,2.1765074249396017
51.0,288.0,132.62808227539062,0.5478783960350889,1.4915126322271512,-4.018712072817035,-3.42998471476643,-0.5853852880407711,-0.5427955023696167,0.3720227595107219,3.5836336395795687,-1.2874814237295416,2.1748392698901005
51.0,288.0,132.62808227539062,0.5478779684829103,1.4915100582119574,-4.016556178241865,-3.429931259189822,-0.5853959079524219,-0.5427832579015086,0.3699401538168486,3.5836336395795687,-1.2874814237295416,2.1748339715722382
51.0,288.0,132.62808227539062,0.5478951812995236,1.4915126322271512,-4.018636021066609,-3.429984982496617,-0.5848779094820971,-0.5427832579015086,0.3712595339174763,3.5836336395795687,-1.2874791234900465,2.1748392698901005
51.0,288.0,132.62808227539062,0.5479438126126436,1.4915126322271512,-4.018565007985094,-3.429797029743666,-0.5975194006387133,-0.5427832579015086,0.3701326336091446,3.583631041414792,-1.2883035972994583,2.1748437404861187
51.0,288.0,132.62808227539062,0.5479393208626762,1.491512578734157,-4.040700792776991,-3.429984855905507,-0.5848207046333247,-0.542783257901575,0.370127098797437,3.5836336395795687,-1.2874801288957012,2.1758899770064857
51.0,288.0,132.62808227539062,0.5478779529403618,1.4915101047517092,-4.016563736223173,-3.429931259189822,-0.5853959079524219,-0.5427832579015086,0.3720227595107219,3.5836336395795687,-1.2874814237295416,2.174834069959463
51.0,288.0,132.62808227539062,0.5479371659054912,1.4915126739937374,-4.018641735686635,-3.429984982496617,-0.584232498697843,-0.5427832579015086,0.3698630959681335,3.5836336395795687,-1.2874539373312437,2.1750736287977723
51.0,288.0,132.62808227539062,0.5478751027957012,1.4915089918222544,-4.017770283732102,-3.43453688910242,-0.5854467428281206,-0.5427832578927154,0.353354811350459,3.583633584550882,-1.2874814327830302,2.1748304111604275
51.0,288.0,132.62808227539062,0.5479443307532503,1.4915089129393202,-4.020530599517375,-3.434557513050347,-0.5873265663083467,-0.542783257773751,0.3700575018888117,3.5836336377119413,-1.287454917965219,2.175238943496297
51.0,288.0,132.62808227539062,0.5478941344508481,1.4915097797880998,-4.018565007985094,-3.429984982496617,-0.5848787132213917,-0.5427832579015086,0.3698901070604473,3.5836336395795687,-1.2862456100693846,2.175915211709121
51.0,289.0,132.62808227539062,0.5478948821106959,1.4915126322271512,-4.018565007985094,-3.429984982496617,-0.5849024594135139,-0.5427832579015086,0.3701326336091446,3.5836336395795687,-1.287454054547188,2.1748392698901005
51.0,289.0,132.62808227539062,0.5478948821106959,1.4915126322271512,-4.018565007985094,-3.429984982496617,-0.5849024594135139,-0.5427832579015086,0.37059461730126,3.5836336395795687,-1.2874818471703546,2.1748392698901005
51.0,289.0,132.62808227539062,0.5478948821106959,1.4915125369362046,-4.018565007985094,-3.429984982496617,-0.585550776313577,-0.5279721935780763,0.3535768109007595,3.5836336395795687,-1.287454054547188,2.174267131087437
51.0,289.0,132.62808227539062,0.5479371659054912,1.49151008825493,-4.0168287821850335,-3.429984982496617,-0.5976865291217942,-0.5427832579015086,0.3698882394018333,3.5836336395795687,-1.2874808364368373,2.1750736287977723
51.0,289.0,132.62808227539062,0.5478783960350889,1.4915126322271512,-4.013231974046128,-3.429931259189822,-0.5853959079524219,-0.5427832579015086,0.3720227595107219,3.5836336395795687,-1.2874814237295416,2.1748392698901005
51.0,289.0,132.62808227539062,0.5478948821106959,1.4915126322271512,-4.018565007985094,-3.429984982496617,-0.5849038134755663,-0.5427832579015086,0.3530703330578133,3.5836336395795687,-1.2874818471703546,2.1748392698901005
51.0,289.0,132.62808227539062,0.5478948821106959,1.4915126322271512,-4.016336684172381,-3.434426143155825,-0.5849038134755663,-0.542783257782956,0.3530703330578133,3.583633585422957,-1.2873613426977333,2.1764212863434835
51.0,289.0,132.62808227539062,0.5478948821106959,1.4915126322271512,-4.018565007985094,-3.429984982496617,-0.5849024594135139,-0.5427832579015086,0.3701326336091446,3.5836336395795687,-1.287454054547188,2.1748392698901005
51.0,289.0,132.62808227539062,0.5478783960350889,1.4915126322271512,-4.013231974046128,-3.429931259189822,-0.5853959079524219,-0.5427832579015086,0.3720227595107219,3.5836336395795687,-1.2874814237295416,2.1748392698901005
51.0,289.0,132.62808227539062,0.5478948821106959,1.4915126322271512,-4.013322040356646,-3.4299823092542527,-0.5849024594135139,-0.5427832579015086,0.37059461730126,3.5836336395795687,-1.2874818471703546,2.1748392698901005
51.0,289.0,132.62808227539062,0.5479442460587678,1.49151008825493,-4.0168287821850335,-3.429984982496617,-0.5976865291217942,-0.5427832577767248,0.3698882394018333,3.5836336395795687,-1.2592496340822534,2.1759126645516123
51.0,289.0,132.62808227539062,0.547937616529104,1.49151008825493,-4.0168287821850335,-3.429984982496617,-0.5976865291217942,-0.5427832578991345,0.3698882394018333,3.5836336395795687,-1.2866427087170385,2.1759126645516123
51.0,289.0,132.62808227539062,0.5479371659054912,1.4915106906779072,-4.0168287821850335,-3.4349824467745527,-0.5955271495185809,-0.5427832579015086,0.3698882394018333,3.5703208031567057,-1.2854039180628944,2.1750736287977723
51.0,289.0,132.62808227539062,0.5478948821106959,1.4915126322271512,-4.018565007985094,-3.429984982496617,-0.5849038134755663,-0.5427832579015086,0.3530703330578133,3.5836336395795687,-1.2874818471703546,2.1748392698901005
51.0,289.0,132.62808227539062,0.5478948821106959,1.4915121369401692,-4.017412237295675,-3.429984982496617,-0.5860867837023092,-0.5279721935780763,0.3535768109007595,3.5836336395795687,-1.2873476441941856,2.174267131087437
51.0,289.0,132.62808227539062,0.5478779684829103,1.4915100582119574,-4.016556178241865,-3.429931259189822,-0.5853959079524219,-0.5427832579015086,0.3699401538168486,3.5836336395795687,-1.2874814237295416,2.1748339715722382
51.0,289.0,132.62808227539062,0.5478948821106959,1.491510115505245,-4.018565007985094,-3.429984982496617,-0.585550776313577,-0.5279721935780763,0.3532251727814096,3.5836336395795687,-1.287454054547188,2.174196968619919
51.0,289.0,132.62808227539062,0.5478783960350889,1.4915126322271512,-4.0115682631224345,-3.429931259189822,-0.5853959079524219,-0.5427832577720734,0.3720227595107219,3.5836336401050257,-1.2874814237295416,2.1748392698901005
51.0,289.0,132.62808227539062,0.5478777894201731,1.4915126322271512,-4.013098196013769,-3.4348979588315944,-0.5853959079524219,-0.5427832579015086,0.3720227595107219,3.5836336395795687,-1.2853275760651472,2.175045059501364
51.0,289.0,132.62808227539062,0.5478951812995236,1.4915126322271512,-4.018565007985094,-3.429984982496617,-0.5848787132213917,-0.5427832579015086,0.3701326336091446,3.5836336395795687,-1.2874537400465145,2.1748392698901005
51.0,289.0,132.62808227539062,0.5479371659054912,1.49151008825493,-4.0168287821850335,-3.429984982496617,-0.5976865291217942,-0.542783257787162,0.3672821324565222,3.5836336395795687,-1.2874808364368373,2.1750736287977723
51.0,289.0,132.62808227539062,0.5478948821106959,1.4915126322271512,-4.016336684172381,-3.434426143155825,-0.5849038134755663,-0.542783257782956,0.3530703330578133,3.583633585422957,-1.287482651840964,2.176455547875888
51.0,289.0,132.62808227539062,0.5479371659054912,1.4915106906779072,-4.01855497464395,-3.4349824467745527,-0.5955271495185809,-0.5427832579015086,0.3698627616320903,3.57050069664492,-1.2873897371495855,2.1750736287977723
51.0,289.0,132.62808227539062,0.5478948821106959,1.4915126322271512,-4.018565007985094,-3.429984982496617,-0.5849038134755663,-0.5417862759426133,0.3530854246187211,3.5836336395795687,-1.2874818471703546,2.1748678712457337
51.0,289.0,132.62808227539062,0.5478783960350889,1.4915126322271512,-4.0115682631224345,-3.429931259189822,-0.5853959079524219,-0.5427832577720734,0.3720227595107219,3.5836336401050257,-1.2874814237295416,2.1748392698901005
51.0,289.0,132.62808227539062,0.5478783960350889,1.4915126322271512,-4.013231974046128,-3.429931259189822,-0.5853959079524219,-0.5427832579015086,0.3720227595107219,3.5836336395795687,-1.2874814237295416,2.1748392698901005
51.0,289.0,132.62808227539062,0.5478950984988996,1.4915047339481498,-4.018565007985094,-3.429984982496617,-0.5834720788807439,-0.5427832579015086,0.37059461730126,3.5836336395795687,-1.2874818471703546,2.1748392698901005
51.0,289.0,132.62808227539062,0.5478951812995236,1.4915126322271512,-4.018565007985094,-3.429984982496617,-0.5848779094820971,-0.5427832579015086,0.3712595339174763,3.5836336395795687,-1.2874537400465145,2.1748392698901005
51.0,289.0,132.62808227539062,0.5478931777771237,1.4915101485711668,-4.0168287821850335,-3.429984982496617,-0.5977682839019836,-0.542783257901822,0.3698227181191845,3.5836336395795687,-1.2866427087170385,2.1748619574352266
51.0,289.0,132.62808227539062,0.5479449431421275,1.4915089129393202,-4.017770283732102,-3.43453688910242,-0.5854467428281206,-0.542783257773751,0.353354811350459,3.583633584550882,-1.287480815620589,2.17524651555813
51.0,289.0,132.62808227539062,0.5478951812995236,1.4915126322271512,-4.016838815526177,-3.429984982496617,-0.5848787132213917,-0.5427832579015086,0.3701581113788876,3.583453746091355,-1.285467920959823,2.1748392698901005
51.0,289.0,132.62808227539062,0.5478783960350889,1.4915126322271512,-4.013231974046128,-3.429931259189822,-0.5853959079524219,-0.5427832579015086,0.3720227595107219,3.5836336395795687,-1.2874814237295416,2.1748392698901005
51.0,289.0,132.62808227539062,0.5479383768927283,1.4915101155575186,-4.016829557674948,-3.429984982496617,-0.5850526222642735,-0.5279721935780763,0.3532251727814096,3.5836336395795687,-1.2874550421735926,2.17506624229969
51.0,289.0,132.62808227539062,0.5479438126126436,1.4915126322271512,-4.018565007985094,-3.429984982496617,-0.5975194006387133,-0.5427832579015086,0.3701326336091446,3.5836336395795687,-1.2883035972994583,2.1748392698901005
51.0,289.0,132.62808227539062,0.5478948821106959,1.4915126322271512,-4.018565007985094,-3.429984982496617,-0.5849046172148611,-0.5427832579015086,0.3519434327494816,3.5836336395795687,-1.2874818471703546,2.1748392698901005
51.0,289.0,132.62808227539062,0.5479393208626762,1.4915125719109144,-4.040700792776991,-3.4299823092542527,-0.5848207046333247,-0.5427832578988211,0.3706601385839088,3.5836336395795687,-1.2874818471703546,2.1758899770064857
51.0,289.0,132.62808227539062,0.547893240534502,1.4915101155575186,-4.016602115314464,-3.4299850385750648,-0.5850544538520193,-0.542868027407921,0.3532251727814096,3.5836336395795687,-1.2874776621229187,2.174816816413067
51.0,289.0,132.62808227539062,0.5479452929074433,1.491512940693981,-4.0168287821850335,-3.429984982496617,-0.5976865291217942,-0.5427832577767248,0.3701307659505306,3.5836336395795687,-1.2604577640593833,2.174836722732591
51.0,289.0,132.62808227539062,0.5478950265838155,1.491512770167609,-4.018565007985094,-3.429984982496617,-0.5855074512728781,-0.5427832579015086,0.3527487862190276,3.5836336395795687,-1.2874808635451835,2.1748406629564485
51.0,289.0,132.62808227539062,0.547878504885672,1.4915126322271512,-4.013215937589671,-3.429916541685906,-0.5853959079524219,-0.5427832579015086,0.3720227595107219,3.5836336347399445,-1.2874814237295416,2.1765074249396017
51.0,289.0,132.62808227539062,0.5478783960350889,1.4915126322271512,-4.018712072817035,-3.42998471476643,-0.5853852880407711,-0.5427955023696167,0.3720227595107219,3.5836336395795687,-1.2874814237295416,2.1748392698901005
51.0,289.0,132.62808227539062,0.5478779684829103,1.4915100582119574,-4.016556178241865,-3.429931259189822,-0.5853959079524219,-0.5427832579015086,0.3699401538168486,3.5836336395795687,-1.2874814237295416,2.1748339715722382
51.0,289.0,132.62808227539062,0.5478951812995236,1.4915126322271512,-4.018636021066609,-3.429984982496617,-0.5848779094820971,-0.5427832579015086,0.3712595339174763,3.5836336395795687,-1.2874791234900465,2.1748392698901005
51.0,289.0,132.62808227539062,0.5479438126126436,1.4915126322271512,-4.018565007985094,-3.429797029743666,-0.5975194006387133,-0.5427832579015086,0.3701326336091446,3.583631041414792,-1.2883035972994583,2.1748437404861187
51.0,289.0,132.62808227539062,0.5479393208626762,1.491512578734157,-4.040700792776991,-3.429984855905507,-0.5848207046333247,-0.542783257901575,0.370127098797437,3.5836336395795687,-1.2874801288957012,2.1758899770064857
51.0,289.0,132.62808227539062,0.5478779529403618,1.4915101047517092,-4.016563736223173,-3.429931259189822,-0.5853959079524219,-0.5427832579015086,0.3720227595107219,3.5836336395795687,-1.2874814237295416,2.174834069959463
51.0,289.0,132.62808227539062,0.5479371659054912,1.4915126739937374,-4.018641735686635,-3.429984982496617,-0.584232498697843,-0.5427832579015086,0.3698630959681335,3.5836336395795687,-1.2874539373312437,2.1750736287977723
51.0,289.0,132.62808227539062,0.5478751027957012,1.4915089918222544,-4.017770283732102,-3.43453688910242,-0.5854467428281206,-0.5427832578927154,0.353354811350459,3.583633584550882,-1.2874814327830302,2.1748304111604275
51.0,289.0,132.62808227539062,0.5479443307532503,1.4915089129393202,-4.020530599517375,-3.434557513050347,-0.5873265663083467,-0.542783257773751,0.3700575018888117,3.5836336377119413,-1.287454917965219,2.175238943496297
51.0,289.0,132.62808227539062,0.5478941344508481,1.4915097797880998,-4.018565007985094,-3.429984982496617,-0.5848787132213917,-0.5427832579015086,0.3698901070604473,3.5836336395795687,-1.2862456100693846,2.175915211709121
51.0,290.0,132.62808227539062,0.5478948821106959,1.4915126322271512,-4.018565007985094,-3.429984982496617,-0.5849024594135139,-0.5427832579015086,0.3701326336091446,3.5836336395795687,-1.287454054547188,2.1748392698901005
51.0,290.0,132.62808227539062,0.5478948821106959,1.4915126322271512,-4.018565007985094,-3.429984982496617,-0.5849024594135139,-0.5427832579015086,0.37059461730126,3.5836336395795687,-1.2874818471703546,2.1748392698901005
51.0,290.0,132.62808227539062,0.5478948821106959,1.4915125369362046,-4.018565007985094,-3.429984982496617,-0.585550776313577,-0.5279721935780763,0.3535768109007595,3.5836336395795687,-1.287454054547188,2.174267131087437
51.0,290.0,132.62808227539062,0.5479371659054912,1.49151008825493,-4.0168287821850335,-3.429984982496617,-0.5976865291217942,-0.5427832579015086,0.3698882394018333,3.5836336395795687,-1.2874808364368373,2.1750736287977723
51.0,290.0,132.62808227539062,0.5478783960350889,1.4915126322271512,-4.013231974046128,-3.429931259189822,-0.5853959079524219,-0.5427832579015086,0.3720227595107219,3.5836336395795687,-1.2874814237295416,2.1748392698901005
51.0,290.0,132.62808227539062,0.5478948821106959,1.4915126322271512,-4.018565007985094,-3.429984982496617,-0.5849038134755663,-0.5427832579015086,0.3530703330578133,3.5836336395795687,-1.2874818471703546,2.1748392698901005
51.0,290.0,132.62808227539062,0.5478948821106959,1.4915126322271512,-4.016336684172381,-3.434426143155825,-0.5849038134755663,-0.542783257782956,0.3530703330578133,3.583633585422957,-1.2873613426977333,2.1764212863434835
51.0,290.0,132.62808227539062,0.5478948821106959,1.4915126322271512,-4.018565007985094,-3.429984982496617,-0.5849024594135139,-0.5427832579015086,0.3701326336091446,3.5836336395795687,-1.287454054547188,2.1748392698901005
51.0,290.0,132.62808227539062,0.5478783960350889,1.4915126322271512,-4.013231974046128,-3.429931259189822,-0.5853959079524219,-0.5427832579015086,0.3720227595107219,3.5836336395795687,-1.2874814237295416,2.1748392698901005
51.0,290.0,132.62808227539062,0.5478948821106959,1.4915126322271512,-4.013322040356646,-3.4299823092542527,-0.5849024594135139,-0.5427832579015086,0.37059461730126,3.5836336395795687,-1.2874818471703546,2.1748392698901005
51.0,290.0,132.62808227539062,0.5479442460587678,1.49151008825493,-4.0168287821850335,-3.429984982496617,-0.5976865291217942,-0.5427832577767248,0.3698882394018333,3.5836336395795687,-1.2592496340822534,2.1759126645516123
51.0,290.0,132.62808227539062,0.547937616529104,1.49151008825493,-4.0168287821850335,-3.429984982496617,-0.5976865291217942,-0.5427832578991345,0.3698882394018333,3.5836336395795687,-1.2866427087170385,2.1759126645516123
51.0,290.0,132.62808227539062,0.5479371659054912,1.4915106906779072,-4.0168287821850335,-3.4349824467745527,-0.5955271495185809,-0.5427832579015086,0.3698882394018333,3.5703208031567057,-1.2854039180628944,2.1750736287977723
51.0,290.0,132.62808227539062,0.5478948821106959,1.4915126322271512,-4.018565007985094,-3.429984982496617,-0.5849038134755663,-0.5427832579015086,0.3530703330578133,3.5836336395795687,-1.2874818471703546,2.1748392698901005
51.0,290.0,132.62808227539062,0.5478948821106959,1.4915121369401692,-4.017412237295675,-3.429984982496617,-0.5860867837023092,-0.5279721935780763,0.3535768109007595,3.5836336395795687,-1.2873476441941856,2.174267131087437
51.0,290.0,132.62808227539062,0.5478779684829103,1.4915100582119574,-4.016556178241865,-3.429931259189822,-0.5853959079524219,-0.5427832579015086,0.3699401538168486,3.5836336395795687,-1.2874814237295416,2.1748339715722382
51.0,290.0,132.62808227539062,0.5478948821106959,1.491510115505245,-4.018565007985094,-3.429984982496617,-0.585550776313577,-0.5279721935780763,0.3532251727814096,3.5836336395795687,-1.287454054547188,2.174196968619919
51.0,290.0,132.62808227539062,0.5478783960350889,1.4915126322271512,-4.0115682631224345,-3.429931259189822,-0.5853959079524219,-0.5427832577720734,0.3720227595107219,3.5836336401050257,-1.2874814237295416,2.1748392698901005
51.0,290.0,132.62808227539062,0.5478777894201731,1.4915126322271512,-4.013098196013769,-3.4348979588315944,-0.5853959079524219,-0.5427832579015086,0.3720227595107219,3.5836336395795687,-1.2853275760651472,2.175045059501364
51.0,290.0,132.62808227539062,0.5478951812995236,1.4915126322271512,-4.018565007985094,-3.429984982496617,-0.5848787132213917,-0.5427832579015086,0.3701326336091446,3.5836336395795687,-1.2874537400465145,2.1748392698901005
51.0,290.0,132.62808227539062,0.5479371659054912,1.49151008825493,-4.0168287821850335,-3.429984982496617,-0.5976865291217942,-0.542783257787162,0.3672821324565222,3.5836336395795687,-1.2874808364368373,2.1750736287977723
51.0,290.0,132.62808227539062,0.5478948821106959,1.4915126322271512,-4.016336684172381,-3.434426143155825,-0.5849038134755663,-0.542783257782956,0.3530703330578133,3.583633585422957,-1.287482651840964,2.176455547875888
51.0,290.0,132.62808227539062,0.5479371659054912,1.4915106906779072,-4.01855497464395,-3.4349824467745527,-0.5955271495185809,-0.5427832579015086,0.3698627616320903,3.57050069664492,-1.2873897371495855,2.1750736287977723
51.0,290.0,132.62808227539062,0.5478948821106959,1.4915126322271512,-4.018565007985094,-3.429984982496617,-0.5849038134755663,-0.5417862759426133,0.3530854246187211,3.5836336395795687,-1.2874818471703546,2.1748678712457337
51.0,290.0,132.62808227539062,0.5478783960350889,1.4915126322271512,-4.0115682631224345,-3.429931259189822,-0.5853959079524219,-0.5427832577720734,0.3720227595107219,3.5836336401050257,-1.2874814237295416,2.1748392698901005
51.0,290.0,132.62808227539062,0.5478783960350889,1.4915126322271512,-4.013231974046128,-3.429931259189822,-0.5853959079524219,-0.5427832579015086,0.3720227595107219,3.5836336395795687,-1.2874814237295416,2.1748392698901005
51.0,290.0,132.62808227539062,0.5478950984988996,1.4915047339481498,-4.018565007985094,-3.429984982496617,-0.5834720788807439,-0.5427832579015086,0.37059461730126,3.5836336395795687,-1.2874818471703546,2.1748392698901005
51.0,290.0,132.62808227539062,0.5478951812995236,1.4915126322271512,-4.018565007985094,-3.429984982496617,-0.5848779094820971,-0.5427832579015086,0.3712595339174763,3.5836336395795687,-1.2874537400465145,2.1748392698901005
51.0,290.0,132.62808227539062,0.5478931777771237,1.4915101485711668,-4.0168287821850335,-3.429984982496617,-0.5977682839019836,-0.542783257901822,0.3698227181191845,3.5836336395795687,-1.2866427087170385,2.1748619574352266
51.0,290.0,132.62808227539062,0.5479449431421275,1.4915089129393202,-4.017770283732102,-3.43453688910242,-0.5854467428281206,-0.542783257773751,0.353354811350459,3.583633584550882,-1.287480815620589,2.17524651555813
51.0,290.0,132.62808227539062,0.5478951812995236,1.4915126322271512,-4.016838815526177,-3.429984982496617,-0.5848787132213917,-0.5427832579015086,0.3701581113788876,3.583453746091355,-1.285467920959823,2.1748392698901005
51.0,290.0,132.62808227539062,0.5478783960350889,1.4915126322271512,-4.013231974046128,-3.429931259189822,-0.5853959079524219,-0.5427832579015086,0.3720227595107219,3.5836336395795687,-1.2874814237295416,2.1748392698901005
51.0,290.0,132.62808227539062,0.5479383768927283,1.4915101155575186,-4.016829557674948,-3.429984982496617,-0.5850526222642735,-0.5279721935780763,0.3532251727814096,3.5836336395795687,-1.2874550421735926,2.17506624229969
51.0,290.0,132.62808227539062,0.5479438126126436,1.4915126322271512,-4.018565007985094,-3.429984982496617,-0.5975194006387133,-0.5427832579015086,0.3701326336091446,3.5836336395795687,-1.2883035972994583,2.1748392698901005
51.0,290.0,132.62808227539062,0.5478948821106959,1.4915126322271512,-4.018565007985094,-3.429984982496617,-0.5849046172148611,-0.5427832579015086,0.3519434327494816,3.5836336395795687,-1.2874818471703546,2.1748392698901005
51.0,290.0,132.62808227539062,0.5479393208626762,1.4915125719109144,-4.040700792776991,-3.4299823092542527,-0.5848207046333247,-0.5427832578988211,0.3706601385839088,3.5836336395795687,-1.2874818471703546,2.1758899770064857
51.0,290.0,132.62808227539062,0.547893240534502,1.4915101155575186,-4.016602115314464,-3.4299850385750648,-0.5850544538520193,-0.542868027407921,0.3532251727814096,3.5836336395795687,-1.2874776621229187,2.174816816413067
51.0,290.0,132.62808227539062,0.5479452929074433,1.491512940693981,-4.0168287821850335,-3.429984982496617,-0.5976865291217942,-0.5427832577767248,0.3701307659505306,3.5836336395795687,-1.2604577640593833,2.174836722732591
51.0,290.0,132.62808227539062,0.5478950265838155,1.491512770167609,-4.018565007985094,-3.429984982496617,-0.5855074512728781,-0.5427832579015086,0.3527487862190276,3.5836336395795687,-1.2874808635451835,2.1748406629564485
51.0,290.0,132.62808227539062,0.547878504885672,1.4915126322271512,-4.013215937589671,-3.429916541685906,-0.5853959079524219,-0.5427832579015086,0.3720227595107219,3.5836336347399445,-1.2874814237295416,2.1765074249396017
51.0,290.0,132.62808227539062,0.5478783960350889,1.4915126322271512,-4.018712072817035,-3.42998471476643,-0.5853852880407711,-0.5427955023696167,0.3720227595107219,3.5836336395795687,-1.2874814237295416,2.1748392698901005
51.0,290.0,132.62808227539062,0.5478779684829103,1.4915100582119574,-4.016556178241865,-3.429931259189822,-0.5853959079524219,-0.5427832579015086,0.3699401538168486,3.5836336395795687,-1.2874814237295416,2.1748339715722382
51.0,290.0,132.62808227539062,0.5478951812995236,1.4915126322271512,-4.018636021066609,-3.429984982496617,-0.5848779094820971,-0.5427832579015086,0.3712595339174763,3.5836336395795687,-1.2874791234900465,2.1748392698901005
51.0,290.0,132.62808227539062,0.5479438126126436,1.4915126322271512,-4.018565007985094,-3.429797029743666,-0.5975194006387133,-0.5427832579015086,0.3701326336091446,3.583631041414792,-1.2883035972994583,2.1748437404861187
51.0,290.0,132.62808227539062,0.5479393208626762,1.491512578734157,-4.040700792776991,-3.429984855905507,-0.5848207046333247,-0.542783257901575,0.370127098797437,3.5836336395795687,-1.2874801288957012,2.1758899770064857
51.0,290.0,132.62808227539062,0.5478779529403618,1.4915101047517092,-4.016563736223173,-3.429931259189822,-0.5853959079524219,-0.5427832579015086,0.3720227595107219,3.5836336395795687,-1.2874814237295416,2.174834069959463
51.0,290.0,132.62808227539062,0.5479371659054912,1.4915126739937374,-4.018641735686635,-3.429984982496617,-0.584232498697843,-0.5427832579015086,0.3698630959681335,3.5836336395795687,-1.2874539373312437,2.1750736287977723
51.0,290.0,132.62808227539062,0.5478751027957012,1.4915089918222544,-4.017770283732102,-3.43453688910242,-0.5854467428281206,-0.5427832578927154,0.353354811350459,3.583633584550882,-1.2874814327830302,2.1748304111604275
51.0,290.0,132.62808227539062,0.5479443307532503,1.4915089129393202,-4.020530599517375,-3.434557513050347,-0.5873265663083467,-0.542783257773751,0.3700575018888117,3.5836336377119413,-1.287454917965219,2.175238943496297
51.0,290.0,132.62808227539062,0.5478941344508481,1.4915097797880998,-4.018565007985094,-3.429984982496617,-0.5848787132213917,-0.5427832579015086,0.3698901070604473,3.5836336395795687,-1.2862456100693846,2.175915211709121
51.0,291.0,132.62808227539062,0.5478948821106959,1.4915126322271512,-4.018565007985094,-3.429984982496617,-0.5849024594135139,-0.5427832579015086,0.3701326336091446,3.5836336395795687,-1.287454054547188,2.1748392698901005
51.0,291.0,132.62808227539062,0.5478948821106959,1.4915126322271512,-4.018565007985094,-3.429984982496617,-0.5849024594135139,-0.5427832579015086,0.37059461730126,3.5836336395795687,-1.2874818471703546,2.1748392698901005
51.0,291.0,132.62808227539062,0.5478948821106959,1.4915125369362046,-4.018565007985094,-3.429984982496617,-0.585550776313577,-0.5279721935780763,0.3535768109007595,3.5836336395795687,-1.287454054547188,2.174267131087437
51.0,291.0,132.62808227539062,0.5479371659054912,1.49151008825493,-4.0168287821850335,-3.429984982496617,-0.5976865291217942,-0.5427832579015086,0.3698882394018333,3.5836336395795687,-1.2874808364368373,2.1750736287977723
51.0,291.0,132.62808227539062,0.5478783960350889,1.4915126322271512,-4.013231974046128,-3.429931259189822,-0.5853959079524219,-0.5427832579015086,0.3720227595107219,3.5836336395795687,-1.2874814237295416,2.1748392698901005
51.0,291.0,132.62808227539062,0.5478948821106959,1.4915126322271512,-4.018565007985094,-3.429984982496617,-0.5849038134755663,-0.5427832579015086,0.3530703330578133,3.5836336395795687,-1.2874818471703546,2.1748392698901005
51.0,291.0,132.62808227539062,0.5478948821106959,1.4915126322271512,-4.016336684172381,-3.434426143155825,-0.5849038134755663,-0.542783257782956,0.3530703330578133,3.583633585422957,-1.2873613426977333,2.1764212863434835
51.0,291.0,132.62808227539062,0.5478948821106959,1.4915126322271512,-4.018565007985094,-3.429984982496617,-0.5849024594135139,-0.5427832579015086,0.3701326336091446,3.5836336395795687,-1.287454054547188,2.1748392698901005
51.0,291.0,132.62808227539062,0.5478783960350889,1.4915126322271512,-4.013231974046128,-3.429931259189822,-0.5853959079524219,-0.5427832579015086,0.3720227595107219,3.5836336395795687,-1.2874814237295416,2.1748392698901005
51.0,291.0,132.62808227539062,0.5478948821106959,1.4915126322271512,-4.013322040356646,-3.4299823092542527,-0.5849024594135139,-0.5427832579015086,0.37059461730126,3.5836336395795687,-1.2874818471703546,2.1748392698901005
51.0,291.0,132.62808227539062,0.5479442460587678,1.49151008825493,-4.0168287821850335,-3.429984982496617,-0.5976865291217942,-0.5427832577767248,0.3698882394018333,3.5836336395795687,-1.2592496340822534,2.1759126645516123
51.0,291.0,132.62808227539062,0.547937616529104,1.49151008825493,-4.0168287821850335,-3.429984982496617,-0.5976865291217942,-0.5427832578991345,0.3698882394018333,3.5836336395795687,-1.2866427087170385,2.1759126645516123
51.0,291.0,132.62808227539062,0.5479371659054912,1.4915106906779072,-4.0168287821850335,-3.4349824467745527,-0.5955271495185809,-0.5427832579015086,0.3698882394018333,3.5703208031567057,-1.2854039180628944,2.1750736287977723
51.0,291.0,132.62808227539062,0.5478948821106959,1.4915126322271512,-4.018565007985094,-3.429984982496617,-0.5849038134755663,-0.5427832579015086,0.3530703330578133,3.5836336395795687,-1.2874818471703546,2.1748392698901005
51.0,291.0,132.62808227539062,0.5478948821106959,1.4915121369401692,-4.017412237295675,-3.429984982496617,-0.5860867837023092,-0.5279721935780763,0.3535768109007595,3.5836336395795687,-1.2873476441941856,2.174267131087437
51.0,291.0,132.62808227539062,0.5478779684829103,1.4915100582119574,-4.016556178241865,-3.429931259189822,-0.5853959079524219,-0.5427832579015086,0.3699401538168486,3.5836336395795687,-1.2874814237295416,2.1748339715722382
51.0,291.0,132.62808227539062,0.5478948821106959,1.491510115505245,-4.018565007985094,-3.429984982496617,-0.585550776313577,-0.5279721935780763,0.3532251727814096,3.5836336395795687,-1.287454054547188,2.174196968619919
51.0,291.0,132.62808227539062,0.5478783960350889,1.4915126322271512,-4.0115682631224345,-3.429931259189822,-0.5853959079524219,-0.5427832577720734,0.3720227595107219,3.5836336401050257,-1.2874814237295416,2.1748392698901005
51.0,291.0,132.62808227539062,0.5478777894201731,1.4915126322271512,-4.013098196013769,-3.4348979588315944,-0.5853959079524219,-0.5427832579015086,0.3720227595107219,3.5836336395795687,-1.2853275760651472,2.175045059501364
51.0,291.0,132.62808227539062,0.5478951812995236,1.4915126322271512,-4.018565007985094,-3.429984982496617,-0.5848787132213917,-0.5427832579015086,0.3701326336091446,3.5836336395795687,-1.2874537400465145,2.1748392698901005
51.0,291.0,132.62808227539062,0.5479371659054912,1.49151008825493,-4.0168287821850335,-3.429984982496617,-0.5976865291217942,-0.542783257787162,0.3672821324565222,3.5836336395795687,-1.2874808364368373,2.1750736287977723
51.0,291.0,132.62808227539062,0.5478948821106959,1.4915126322271512,-4.016336684172381,-3.434426143155825,-0.5849038134755663,-0.542783257782956,0.3530703330578133,3.583633585422957,-1.287482651840964,2.176455547875888
51.0,291.0,132.62808227539062,0.5479371659054912,1.4915106906779072,-4.01855497464395,-3.4349824467745527,-0.5955271495185809,-0.5427832579015086,0.3698627616320903,3.57050069664492,-1.2873897371495855,2.1750736287977723
51.0,291.0,132.62808227539062,0.5478948821106959,1.4915126322271512,-4.018565007985094,-3.429984982496617,-0.5849038134755663,-0.5417862759426133,0.3530854246187211,3.5836336395795687,-1.2874818471703546,2.1748678712457337
51.0,291.0,132.62808227539062,0.5478783960350889,1.4915126322271512,-4.0115682631224345,-3.429931259189822,-0.5853959079524219,-0.5427832577720734,0.3720227595107219,3.5836336401050257,-1.2874814237295416,2.1748392698901005
51.0,291.0,132.62808227539062,0.5478783960350889,1.4915126322271512,-4.013231974046128,-3.429931259189822,-0.5853959079524219,-0.5427832579015086,0.3720227595107219,3.5836336395795687,-1.2874814237295416,2.1748392698901005
51.0,291.0,132.62808227539062,0.5478950984988996,1.4915047339481498,-4.018565007985094,-3.429984982496617,-0.5834720788807439,-0.5427832579015086,0.37059461730126,3.5836336395795687,-1.2874818471703546,2.1748392698901005
51.0,291.0,132.62808227539062,0.5478951812995236,1.4915126322271512,-4.018565007985094,-3.429984982496617,-0.5848779094820971,-0.5427832579015086,0.3712595339174763,3.5836336395795687,-1.2874537400465145,2.1748392698901005
51.0,291.0,132.62808227539062,0.5478931777771237,1.4915101485711668,-4.0168287821850335,-3.429984982496617,-0.5977682839019836,-0.542783257901822,0.3698227181191845,3.5836336395795687,-1.2866427087170385,2.1748619574352266
51.0,291.0,132.62808227539062,0.5479449431421275,1.4915089129393202,-4.017770283732102,-3.43453688910242,-0.5854467428281206,-0.542783257773751,0.353354811350459,3.583633584550882,-1.287480815620589,2.17524651555813
51.0,291.0,132.62808227539062,0.5478951812995236,1.4915126322271512,-4.016838815526177,-3.429984982496617,-0.5848787132213917,-0.5427832579015086,0.3701581113788876,3.583453746091355,-1.285467920959823,2.1748392698901005
51.0,291.0,132.62808227539062,0.5478783960350889,1.4915126322271512,-4.013231974046128,-3.429931259189822,-0.5853959079524219,-0.5427832579015086,0.3720227595107219,3.5836336395795687,-1.2874814237295416,2.1748392698901005
51.0,291.0,132.62808227539062,0.5479383768927283,1.4915101155575186,-4.016829557674948,-3.429984982496617,-0.5850526222642735,-0.5279721935780763,0.3532251727814096,3.5836336395795687,-1.2874550421735926,2.17506624229969
51.0,291.0,132.62808227539062,0.5479438126126436,1.4915126322271512,-4.018565007985094,-3.429984982496617,-0.5975194006387133,-0.5427832579015086,0.3701326336091446,3.5836336395795687,-1.2883035972994583,2.1748392698901005
51.0,291.0,132.62808227539062,0.5478948821106959,1.4915126322271512,-4.018565007985094,-3.429984982496617,-0.5849046172148611,-0.5427832579015086,0.3519434327494816,3.5836336395795687,-1.2874818471703546,2.1748392698901005
51.0,291.0,132.62808227539062,0.5479393208626762,1.4915125719109144,-4.040700792776991,-3.4299823092542527,-0.5848207046333247,-0.5427832578988211,0.3706601385839088,3.5836336395795687,-1.2874818471703546,2.1758899770064857
51.0,291.0,132.62808227539062,0.547893240534502,1.4915101155575186,-4.016602115314464,-3.4299850385750648,-0.5850544538520193,-0.542868027407921,0.3532251727814096,3.5836336395795687,-1.2874776621229187,2.174816816413067
51.0,291.0,132.62808227539062,0.5479452929074433,1.491512940693981,-4.0168287821850335,-3.429984982496617,-0.5976865291217942,-0.5427832577767248,0.3701307659505306,3.5836336395795687,-1.2604577640593833,2.174836722732591
51.0,291.0,132.62808227539062,0.5478950265838155,1.491512770167609,-4.018565007985094,-3.429984982496617,-0.5855074512728781,-0.5427832579015086,0.3527487862190276,3.5836336395795687,-1.2874808635451835,2.1748406629564485
51.0,291.0,132.62808227539062,0.547878504885672,1.4915126322271512,-4.013215937589671,-3.429916541685906,-0.5853959079524219,-0.5427832579015086,0.3720227595107219,3.5836336347399445,-1.2874814237295416,2.1765074249396017
51.0,291.0,132.62808227539062,0.5478783960350889,1.4915126322271512,-4.018712072817035,-3.42998471476643,-0.5853852880407711,-0.5427955023696167,0.3720227595107219,3.5836336395795687,-1.2874814237295416,2.1748392698901005
51.0,291.0,132.62808227539062,0.5478779684829103,1.4915100582119574,-4.016556178241865,-3.429931259189822,-0.5853959079524219,-0.5427832579015086,0.3699401538168486,3.5836336395795687,-1.2874814237295416,2.1748339715722382
51.0,291.0,132.62808227539062,0.5478951812995236,1.4915126322271512,-4.018636021066609,-3.429984982496617,-0.5848779094820971,-0.5427832579015086,0.3712595339174763,3.5836336395795687,-1.2874791234900465,2.1748392698901005
51.0,291.0,132.62808227539062,0.5479438126126436,1.4915126322271512,-4.018565007985094,-3.429797029743666,-0.5975194006387133,-0.5427832579015086,0.3701326336091446,3.583631041414792,-1.2883035972994583,2.1748437404861187
51.0,291.0,132.62808227539062,0.5479393208626762,1.491512578734157,-4.040700792776991,-3.429984855905507,-0.5848207046333247,-0.542783257901575,0.370127098797437,3.5836336395795687,-1.2874801288957012,2.1758899770064857
51.0,291.0,132.62808227539062,0.5478779529403618,1.4915101047517092,-4.016563736223173,-3.429931259189822,-0.5853959079524219,-0.5427832579015086,0.3720227595107219,3.5836336395795687,-1.2874814237295416,2.174834069959463
51.0,291.0,132.62808227539062,0.5479371659054912,1.4915126739937374,-4.018641735686635,-3.429984982496617,-0.584232498697843,-0.5427832579015086,0.3698630959681335,3.5836336395795687,-1.2874539373312437,2.1750736287977723
51.0,291.0,132.62808227539062,0.5478751027957012,1.4915089918222544,-4.017770283732102,-3.43453688910242,-0.5854467428281206,-0.5427832578927154,0.353354811350459,3.583633584550882,-1.2874814327830302,2.1748304111604275
51.0,291.0,132.62808227539062,0.5479443307532503,1.4915089129393202,-4.020530599517375,-3.434557513050347,-0.5873265663083467,-0.542783257773751,0.3700575018888117,3.5836336377119413,-1.287454917965219,2.175238943496297
51.0,291.0,132.62808227539062,0.5478941344508481,1.4915097797880998,-4.018565007985094,-3.429984982496617,-0.5848787132213917,-0.5427832579015086,0.3698901070604473,3.5836336395795687,-1.2862456100693846,2.175915211709121
51.0,292.0,132.62808227539062,0.5478948821106959,1.4915126322271512,-4.018565007985094,-3.429984982496617,-0.5849024594135139,-0.5427832579015086,0.3701326336091446,3.5836336395795687,-1.287454054547188,2.1748392698901005
51.0,292.0,132.62808227539062,0.5478948821106959,1.4915126322271512,-4.018565007985094,-3.429984982496617,-0.5849024594135139,-0.5427832579015086,0.37059461730126,3.5836336395795687,-1.2874818471703546,2.1748392698901005
51.0,292.0,132.62808227539062,0.5478948821106959,1.4915125369362046,-4.018565007985094,-3.429984982496617,-0.585550776313577,-0.5279721935780763,0.3535768109007595,3.5836336395795687,-1.287454054547188,2.174267131087437
51.0,292.0,132.62808227539062,0.5479371659054912,1.49151008825493,-4.0168287821850335,-3.429984982496617,-0.5976865291217942,-0.5427832579015086,0.3698882394018333,3.5836336395795687,-1.2874808364368373,2.1750736287977723
51.0,292.0,132.62808227539062,0.5478783960350889,1.4915126322271512,-4.013231974046128,-3.429931259189822,-0.5853959079524219,-0.5427832579015086,0.3720227595107219,3.5836336395795687,-1.2874814237295416,2.1748392698901005
51.0,292.0,132.62808227539062,0.5478948821106959,1.4915126322271512,-4.018565007985094,-3.429984982496617,-0.5849038134755663,-0.5427832579015086,0.3530703330578133,3.5836336395795687,-1.2874818471703546,2.1748392698901005
51.0,292.0,132.62808227539062,0.5478948821106959,1.4915126322271512,-4.016336684172381,-3.434426143155825,-0.5849038134755663,-0.542783257782956,0.3530703330578133,3.583633585422957,-1.2873613426977333,2.1764212863434835
51.0,292.0,132.62808227539062,0.5478948821106959,1.4915126322271512,-4.018565007985094,-3.429984982496617,-0.5849024594135139,-0.5427832579015086,0.3701326336091446,3.5836336395795687,-1.287454054547188,2.1748392698901005
51.0,292.0,132.62808227539062,0.5478783960350889,1.4915126322271512,-4.013231974046128,-3.429931259189822,-0.5853959079524219,-0.5427832579015086,0.3720227595107219,3.5836336395795687,-1.2874814237295416,2.1748392698901005
51.0,292.0,132.62808227539062,0.5478948821106959,1.4915126322271512,-4.013322040356646,-3.4299823092542527,-0.5849024594135139,-0.5427832579015086,0.37059461730126,3.5836336395795687,-1.2874818471703546,2.1748392698901005
51.0,292.0,132.62808227539062,0.5479442460587678,1.49151008825493,-4.0168287821850335,-3.429984982496617,-0.5976865291217942,-0.5427832577767248,0.3698882394018333,3.5836336395795687,-1.2592496340822534,2.1759126645516123
51.0,292.0,132.62808227539062,0.547937616529104,1.49151008825493,-4.0168287821850335,-3.429984982496617,-0.5976865291217942,-0.5427832578991345,0.3698882394018333,3.5836336395795687,-1.2866427087170385,2.1759126645516123
51.0,292.0,132.62808227539062,0.5479371659054912,1.4915106906779072,-4.0168287821850335,-3.4349824467745527,-0.5955271495185809,-0.5427832579015086,0.3698882394018333,3.5703208031567057,-1.2854039180628944,2.1750736287977723
51.0,292.0,132.62808227539062,0.5478948821106959,1.4915126322271512,-4.018565007985094,-3.429984982496617,-0.5849038134755663,-0.5427832579015086,0.3530703330578133,3.5836336395795687,-1.2874818471703546,2.1748392698901005
51.0,292.0,132.62808227539062,0.5478948821106959,1.4915121369401692,-4.017412237295675,-3.429984982496617,-0.5860867837023092,-0.5279721935780763,0.3535768109007595,3.5836336395795687,-1.2873476441941856,2.174267131087437
51.0,292.0,132.62808227539062,0.5478779684829103,1.4915100582119574,-4.016556178241865,-3.429931259189822,-0.5853959079524219,-0.5427832579015086,0.3699401538168486,3.5836336395795687,-1.2874814237295416,2.1748339715722382
51.0,292.0,132.62808227539062,0.5478948821106959,1.491510115505245,-4.018565007985094,-3.429984982496617,-0.585550776313577,-0.5279721935780763,0.3532251727814096,3.5836336395795687,-1.287454054547188,2.174196968619919
51.0,292.0,132.62808227539062,0.5478783960350889,1.4915126322271512,-4.0115682631224345,-3.429931259189822,-0.5853959079524219,-0.5427832577720734,0.3720227595107219,3.5836336401050257,-1.2874814237295416,2.1748392698901005
51.0,292.0,132.62808227539062,0.5478777894201731,1.4915126322271512,-4.013098196013769,-3.4348979588315944,-0.5853959079524219,-0.5427832579015086,0.3720227595107219,3.5836336395795687,-1.2853275760651472,2.175045059501364
51.0,292.0,132.62808227539062,0.5478951812995236,1.4915126322271512,-4.018565007985094,-3.429984982496617,-0.5848787132213917,-0.5427832579015086,0.3701326336091446,3.5836336395795687,-1.2874537400465145,2.1748392698901005
51.0,292.0,132.62808227539062,0.5479371659054912,1.49151008825493,-4.0168287821850335,-3.429984982496617,-0.5976865291217942,-0.542783257787162,0.3672821324565222,3.5836336395795687,-1.2874808364368373,2.1750736287977723
51.0,292.0,132.62808227539062,0.5478948821106959,1.4915126322271512,-4.016336684172381,-3.434426143155825,-0.5849038134755663,-0.542783257782956,0.3530703330578133,3.583633585422957,-1.287482651840964,2.176455547875888
51.0,292.0,132.62808227539062,0.5479371659054912,1.4915106906779072,-4.01855497464395,-3.4349824467745527,-0.5955271495185809,-0.5427832579015086,0.3698627616320903,3.57050069664492,-1.2873897371495855,2.1750736287977723
51.0,292.0,132.62808227539062,0.5478948821106959,1.4915126322271512,-4.018565007985094,-3.429984982496617,-0.5849038134755663,-0.5417862759426133,0.3530854246187211,3.5836336395795687,-1.2874818471703546,2.1748678712457337
51.0,292.0,132.62808227539062,0.5478783960350889,1.4915126322271512,-4.0115682631224345,-3.429931259189822,-0.5853959079524219,-0.5427832577720734,0.3720227595107219,3.5836336401050257,-1.2874814237295416,2.1748392698901005
51.0,292.0,132.62808227539062,0.5478783960350889,1.4915126322271512,-4.013231974046128,-3.429931259189822,-0.5853959079524219,-0.5427832579015086,0.3720227595107219,3.5836336395795687,-1.2874814237295416,2.1748392698901005
51.0,292.0,132.62808227539062,0.5478950984988996,1.4915047339481498,-4.018565007985094,-3.429984982496617,-0.5834720788807439,-0.5427832579015086,0.37059461730126,3.5836336395795687,-1.2874818471703546,2.1748392698901005
51.0,292.0,132.62808227539062,0.5478951812995236,1.4915126322271512,-4.018565007985094,-3.429984982496617,-0.5848779094820971,-0.5427832579015086,0.3712595339174763,3.5836336395795687,-1.2874537400465145,2.1748392698901005
51.0,292.0,132.62808227539062,0.5478931777771237,1.4915101485711668,-4.0168287821850335,-3.429984982496617,-0.5977682839019836,-0.542783257901822,0.3698227181191845,3.5836336395795687,-1.2866427087170385,2.1748619574352266
51.0,292.0,132.62808227539062,0.5479449431421275,1.4915089129393202,-4.017770283732102,-3.43453688910242,-0.5854467428281206,-0.542783257773751,0.353354811350459,3.583633584550882,-1.287480815620589,2.17524651555813
51.0,292.0,132.62808227539062,0.5478951812995236,1.4915126322271512,-4.016838815526177,-3.429984982496617,-0.5848787132213917,-0.5427832579015086,0.3701581113788876,3.583453746091355,-1.285467920959823,2.1748392698901005
51.0,292.0,132.62808227539062,0.5478783960350889,1.4915126322271512,-4.013231974046128,-3.429931259189822,-0.5853959079524219,-0.5427832579015086,0.3720227595107219,3.5836336395795687,-1.2874814237295416,2.1748392698901005
51.0,292.0,132.62808227539062,0.5479383768927283,1.4915101155575186,-4.016829557674948,-3.429984982496617,-0.5850526222642735,-0.5279721935780763,0.3532251727814096,3.5836336395795687,-1.2874550421735926,2.17506624229969
51.0,292.0,132.62808227539062,0.5479438126126436,1.4915126322271512,-4.018565007985094,-3.429984982496617,-0.5975194006387133,-0.5427832579015086,0.3701326336091446,3.5836336395795687,-1.2883035972994583,2.1748392698901005
51.0,292.0,132.62808227539062,0.5478948821106959,1.4915126322271512,-4.018565007985094,-3.429984982496617,-0.5849046172148611,-0.5427832579015086,0.3519434327494816,3.5836336395795687,-1.2874818471703546,2.1748392698901005
51.0,292.0,132.62808227539062,0.5479393208626762,1.4915125719109144,-4.040700792776991,-3.4299823092542527,-0.5848207046333247,-0.5427832578988211,0.3706601385839088,3.5836336395795687,-1.2874818471703546,2.1758899770064857
51.0,292.0,132.62808227539062,0.547893240534502,1.4915101155575186,-4.016602115314464,-3.4299850385750648,-0.5850544538520193,-0.542868027407921,0.3532251727814096,3.5836336395795687,-1.2874776621229187,2.174816816413067
51.0,292.0,132.62808227539062,0.5479452929074433,1.491512940693981,-4.0168287821850335,-3.429984982496617,-0.5976865291217942,-0.5427832577767248,0.3701307659505306,3.5836336395795687,-1.2604577640593833,2.174836722732591
51.0,292.0,132.62808227539062,0.5478950265838155,1.491512770167609,-4.018565007985094,-3.429984982496617,-0.5855074512728781,-0.5427832579015086,0.3527487862190276,3.5836336395795687,-1.2874808635451835,2.1748406629564485
51.0,292.0,132.62808227539062,0.547878504885672,1.4915126322271512,-4.013215937589671,-3.429916541685906,-0.5853959079524219,-0.5427832579015086,0.3720227595107219,3.5836336347399445,-1.2874814237295416,2.1765074249396017
51.0,292.0,132.62808227539062,0.5478783960350889,1.4915126322271512,-4.018712072817035,-3.42998471476643,-0.5853852880407711,-0.5427955023696167,0.3720227595107219,3.5836336395795687,-1.2874814237295416,2.1748392698901005
51.0,292.0,132.62808227539062,0.5478779684829103,1.4915100582119574,-4.016556178241865,-3.429931259189822,-0.5853959079524219,-0.5427832579015086,0.3699401538168486,3.5836336395795687,-1.2874814237295416,2.1748339715722382
51.0,292.0,132.62808227539062,0.5478951812995236,1.4915126322271512,-4.018636021066609,-3.429984982496617,-0.5848779094820971,-0.5427832579015086,0.3712595339174763,3.5836336395795687,-1.2874791234900465,2.1748392698901005
51.0,292.0,132.62808227539062,0.5479438126126436,1.4915126322271512,-4.018565007985094,-3.429797029743666,-0.5975194006387133,-0.5427832579015086,0.3701326336091446,3.583631041414792,-1.2883035972994583,2.1748437404861187
51.0,292.0,132.62808227539062,0.5479393208626762,1.491512578734157,-4.040700792776991,-3.429984855905507,-0.5848207046333247,-0.542783257901575,0.370127098797437,3.5836336395795687,-1.2874801288957012,2.1758899770064857
51.0,292.0,132.62808227539062,0.5478779529403618,1.4915101047517092,-4.016563736223173,-3.429931259189822,-0.5853959079524219,-0.5427832579015086,0.3720227595107219,3.5836336395795687,-1.2874814237295416,2.174834069959463
51.0,292.0,132.62808227539062,0.5479371659054912,1.4915126739937374,-4.018641735686635,-3.429984982496617,-0.584232498697843,-0.5427832579015086,0.3698630959681335,3.5836336395795687,-1.2874539373312437,2.1750736287977723
51.0,292.0,132.62808227539062,0.5478751027957012,1.4915089918222544,-4.017770283732102,-3.43453688910242,-0.5854467428281206,-0.5427832578927154,0.353354811350459,3.583633584550882,-1.2874814327830302,2.1748304111604275
51.0,292.0,132.62808227539062,0.5479443307532503,1.4915089129393202,-4.020530599517375,-3.434557513050347,-0.5873265663083467,-0.542783257773751,0.3700575018888117,3.5836336377119413,-1.287454917965219,2.175238943496297
51.0,292.0,132.62808227539062,0.5478941344508481,1.4915097797880998,-4.018565007985094,-3.429984982496617,-0.5848787132213917,-0.5427832579015086,0.3698901070604473,3.5836336395795687,-1.2862456100693846,2.175915211709121
51.0,293.0,132.62808227539062,0.5478948821106959,1.4915126322271512,-4.018565007985094,-3.429984982496617,-0.5849024594135139,-0.5427832579015086,0.3701326336091446,3.5836336395795687,-1.287454054547188,2.1748392698901005
51.0,293.0,132.62808227539062,0.5478948821106959,1.4915126322271512,-4.018565007985094,-3.429984982496617,-0.5849024594135139,-0.5427832579015086,0.37059461730126,3.5836336395795687,-1.2874818471703546,2.1748392698901005
51.0,293.0,132.62808227539062,0.5478948821106959,1.4915125369362046,-4.018565007985094,-3.429984982496617,-0.585550776313577,-0.5279721935780763,0.3535768109007595,3.5836336395795687,-1.287454054547188,2.174267131087437
51.0,293.0,132.62808227539062,0.5479371659054912,1.49151008825493,-4.0168287821850335,-3.429984982496617,-0.5976865291217942,-0.5427832579015086,0.3698882394018333,3.5836336395795687,-1.2874808364368373,2.1750736287977723
51.0,293.0,132.62808227539062,0.5478783960350889,1.4915126322271512,-4.013231974046128,-3.429931259189822,-0.5853959079524219,-0.5427832579015086,0.3720227595107219,3.5836336395795687,-1.2874814237295416,2.1748392698901005
51.0,293.0,132.62808227539062,0.5478948821106959,1.4915126322271512,-4.018565007985094,-3.429984982496617,-0.5849038134755663,-0.5427832579015086,0.3530703330578133,3.5836336395795687,-1.2874818471703546,2.1748392698901005
51.0,293.0,132.62808227539062,0.5478948821106959,1.4915126322271512,-4.016336684172381,-3.434426143155825,-0.5849038134755663,-0.542783257782956,0.3530703330578133,3.583633585422957,-1.2873613426977333,2.1764212863434835
51.0,293.0,132.62808227539062,0.5478948821106959,1.4915126322271512,-4.018565007985094,-3.429984982496617,-0.5849024594135139,-0.5427832579015086,0.3701326336091446,3.5836336395795687,-1.287454054547188,2.1748392698901005
51.0,293.0,132.62808227539062,0.5478783960350889,1.4915126322271512,-4.013231974046128,-3.429931259189822,-0.5853959079524219,-0.5427832579015086,0.3720227595107219,3.5836336395795687,-1.2874814237295416,2.1748392698901005
51.0,293.0,132.62808227539062,0.5478948821106959,1.4915126322271512,-4.013322040356646,-3.4299823092542527,-0.5849024594135139,-0.5427832579015086,0.37059461730126,3.5836336395795687,-1.2874818471703546,2.1748392698901005
51.0,293.0,132.62808227539062,0.5479442460587678,1.49151008825493,-4.0168287821850335,-3.429984982496617,-0.5976865291217942,-0.5427832577767248,0.3698882394018333,3.5836336395795687,-1.2592496340822534,2.1759126645516123
51.0,293.0,132.62808227539062,0.547937616529104,1.49151008825493,-4.0168287821850335,-3.429984982496617,-0.5976865291217942,-0.5427832578991345,0.3698882394018333,3.5836336395795687,-1.2866427087170385,2.1759126645516123
51.0,293.0,132.62808227539062,0.5479371659054912,1.4915106906779072,-4.0168287821850335,-3.4349824467745527,-0.5955271495185809,-0.5427832579015086,0.3698882394018333,3.5703208031567057,-1.2854039180628944,2.1750736287977723
51.0,293.0,132.62808227539062,0.5478948821106959,1.4915126322271512,-4.018565007985094,-3.429984982496617,-0.5849038134755663,-0.5427832579015086,0.3530703330578133,3.5836336395795687,-1.2874818471703546,2.1748392698901005
51.0,293.0,132.62808227539062,0.5478948821106959,1.4915121369401692,-4.017412237295675,-3.429984982496617,-0.5860867837023092,-0.5279721935780763,0.3535768109007595,3.5836336395795687,-1.2873476441941856,2.174267131087437
51.0,293.0,132.62808227539062,0.5478779684829103,1.4915100582119574,-4.016556178241865,-3.429931259189822,-0.5853959079524219,-0.5427832579015086,0.3699401538168486,3.5836336395795687,-1.2874814237295416,2.1748339715722382
51.0,293.0,132.62808227539062,0.5478948821106959,1.491510115505245,-4.018565007985094,-3.429984982496617,-0.585550776313577,-0.5279721935780763,0.3532251727814096,3.5836336395795687,-1.287454054547188,2.174196968619919
51.0,293.0,132.62808227539062,0.5478783960350889,1.4915126322271512,-4.0115682631224345,-3.429931259189822,-0.5853959079524219,-0.5427832577720734,0.3720227595107219,3.5836336401050257,-1.2874814237295416,2.1748392698901005
51.0,293.0,132.62808227539062,0.5478777894201731,1.4915126322271512,-4.013098196013769,-3.4348979588315944,-0.5853959079524219,-0.5427832579015086,0.3720227595107219,3.5836336395795687,-1.2853275760651472,2.175045059501364
51.0,293.0,132.62808227539062,0.5478951812995236,1.4915126322271512,-4.018565007985094,-3.429984982496617,-0.5848787132213917,-0.5427832579015086,0.3701326336091446,3.5836336395795687,-1.2874537400465145,2.1748392698901005
51.0,293.0,132.62808227539062,0.5479371659054912,1.49151008825493,-4.0168287821850335,-3.429984982496617,-0.5976865291217942,-0.542783257787162,0.3672821324565222,3.5836336395795687,-1.2874808364368373,2.1750736287977723
51.0,293.0,132.62808227539062,0.5478948821106959,1.4915126322271512,-4.016336684172381,-3.434426143155825,-0.5849038134755663,-0.542783257782956,0.3530703330578133,3.583633585422957,-1.287482651840964,2.176455547875888
51.0,293.0,132.62808227539062,0.5479371659054912,1.4915106906779072,-4.01855497464395,-3.4349824467745527,-0.5955271495185809,-0.5427832579015086,0.3698627616320903,3.57050069664492,-1.2873897371495855,2.1750736287977723
51.0,293.0,132.62808227539062,0.5478948821106959,1.4915126322271512,-4.018565007985094,-3.429984982496617,-0.5849038134755663,-0.5417862759426133,0.3530854246187211,3.5836336395795687,-1.2874818471703546,2.1748678712457337
51.0,293.0,132.62808227539062,0.5478783960350889,1.4915126322271512,-4.0115682631224345,-3.429931259189822,-0.5853959079524219,-0.5427832577720734,0.3720227595107219,3.5836336401050257,-1.2874814237295416,2.1748392698901005
51.0,293.0,132.62808227539062,0.5478783960350889,1.4915126322271512,-4.013231974046128,-3.429931259189822,-0.5853959079524219,-0.5427832579015086,0.3720227595107219,3.5836336395795687,-1.2874814237295416,2.1748392698901005
51.0,293.0,132.62808227539062,0.5478950984988996,1.4915047339481498,-4.018565007985094,-3.429984982496617,-0.5834720788807439,-0.5427832579015086,0.37059461730126,3.5836336395795687,-1.2874818471703546,2.1748392698901005
51.0,293.0,132.62808227539062,0.5478951812995236,1.4915126322271512,-4.018565007985094,-3.429984982496617,-0.5848779094820971,-0.5427832579015086,0.3712595339174763,3.5836336395795687,-1.2874537400465145,2.1748392698901005
51.0,293.0,132.62808227539062,0.5478931777771237,1.4915101485711668,-4.0168287821850335,-3.429984982496617,-0.5977682839019836,-0.542783257901822,0.3698227181191845,3.5836336395795687,-1.2866427087170385,2.1748619574352266
51.0,293.0,132.62808227539062,0.5479449431421275,1.4915089129393202,-4.017770283732102,-3.43453688910242,-0.5854467428281206,-0.542783257773751,0.353354811350459,3.583633584550882,-1.287480815620589,2.17524651555813
51.0,293.0,132.62808227539062,0.5478951812995236,1.4915126322271512,-4.016838815526177,-3.429984982496617,-0.5848787132213917,-0.5427832579015086,0.3701581113788876,3.583453746091355,-1.285467920959823,2.1748392698901005
51.0,293.0,132.62808227539062,0.5478783960350889,1.4915126322271512,-4.013231974046128,-3.429931259189822,-0.5853959079524219,-0.5427832579015086,0.3720227595107219,3.5836336395795687,-1.2874814237295416,2.1748392698901005
51.0,293.0,132.62808227539062,0.5479383768927283,1.4915101155575186,-4.016829557674948,-3.429984982496617,-0.5850526222642735,-0.5279721935780763,0.3532251727814096,3.5836336395795687,-1.2874550421735926,2.17506624229969
51.0,293.0,132.62808227539062,0.5479438126126436,1.4915126322271512,-4.018565007985094,-3.429984982496617,-0.5975194006387133,-0.5427832579015086,0.3701326336091446,3.5836336395795687,-1.2883035972994583,2.1748392698901005
51.0,293.0,132.62808227539062,0.5478948821106959,1.4915126322271512,-4.018565007985094,-3.429984982496617,-0.5849046172148611,-0.5427832579015086,0.3519434327494816,3.5836336395795687,-1.2874818471703546,2.1748392698901005
51.0,293.0,132.62808227539062,0.5479393208626762,1.4915125719109144,-4.040700792776991,-3.4299823092542527,-0.5848207046333247,-0.5427832578988211,0.3706601385839088,3.5836336395795687,-1.2874818471703546,2.1758899770064857
51.0,293.0,132.62808227539062,0.547893240534502,1.4915101155575186,-4.016602115314464,-3.4299850385750648,-0.5850544538520193,-0.542868027407921,0.3532251727814096,3.5836336395795687,-1.2874776621229187,2.174816816413067
51.0,293.0,132.62808227539062,0.5479452929074433,1.491512940693981,-4.0168287821850335,-3.429984982496617,-0.5976865291217942,-0.5427832577767248,0.3701307659505306,3.5836336395795687,-1.2604577640593833,2.174836722732591
51.0,293.0,132.62808227539062,0.5478950265838155,1.491512770167609,-4.018565007985094,-3.429984982496617,-0.5855074512728781,-0.5427832579015086,0.3527487862190276,3.5836336395795687,-1.2874808635451835,2.1748406629564485
51.0,293.0,132.62808227539062,0.547878504885672,1.4915126322271512,-4.013215937589671,-3.429916541685906,-0.5853959079524219,-0.5427832579015086,0.3720227595107219,3.5836336347399445,-1.2874814237295416,2.1765074249396017
51.0,293.0,132.62808227539062,0.5478783960350889,1.4915126322271512,-4.018712072817035,-3.42998471476643,-0.5853852880407711,-0.5427955023696167,0.3720227595107219,3.5836336395795687,-1.2874814237295416,2.1748392698901005
51.0,293.0,132.62808227539062,0.5478779684829103,1.4915100582119574,-4.016556178241865,-3.429931259189822,-0.5853959079524219,-0.5427832579015086,0.3699401538168486,3.5836336395795687,-1.2874814237295416,2.1748339715722382
51.0,293.0,132.62808227539062,0.5478951812995236,1.4915126322271512,-4.018636021066609,-3.429984982496617,-0.5848779094820971,-0.5427832579015086,0.3712595339174763,3.5836336395795687,-1.2874791234900465,2.1748392698901005
51.0,293.0,132.62808227539062,0.5479438126126436,1.4915126322271512,-4.018565007985094,-3.429797029743666,-0.5975194006387133,-0.5427832579015086,0.3701326336091446,3.583631041414792,-1.2883035972994583,2.1748437404861187
51.0,293.0,132.62808227539062,0.5479393208626762,1.491512578734157,-4.040700792776991,-3.429984855905507,-0.5848207046333247,-0.542783257901575,0.370127098797437,3.5836336395795687,-1.2874801288957012,2.1758899770064857
51.0,293.0,132.62808227539062,0.5478779529403618,1.4915101047517092,-4.016563736223173,-3.429931259189822,-0.5853959079524219,-0.5427832579015086,0.3720227595107219,3.5836336395795687,-1.2874814237295416,2.174834069959463
51.0,293.0,132.62808227539062,0.5479371659054912,1.4915126739937374,-4.018641735686635,-3.429984982496617,-0.584232498697843,-0.5427832579015086,0.3698630959681335,3.5836336395795687,-1.2874539373312437,2.1750736287977723
51.0,293.0,132.62808227539062,0.5478751027957012,1.4915089918222544,-4.017770283732102,-3.43453688910242,-0.5854467428281206,-0.5427832578927154,0.353354811350459,3.583633584550882,-1.2874814327830302,2.1748304111604275
51.0,293.0,132.62808227539062,0.5479443307532503,1.4915089129393202,-4.020530599517375,-3.434557513050347,-0.5873265663083467,-0.542783257773751,0.3700575018888117,3.5836336377119413,-1.287454917965219,2.175238943496297
51.0,293.0,132.62808227539062,0.5478941344508481,1.4915097797880998,-4.018565007985094,-3.429984982496617,-0.5848787132213917,-0.5427832579015086,0.3698901070604473,3.5836336395795687,-1.2862456100693846,2.175915211709121
51.0,294.0,132.62808227539062,0.5478948821106959,1.4915126322271512,-4.018565007985094,-3.429984982496617,-0.5849024594135139,-0.5427832579015086,0.3701326336091446,3.5836336395795687,-1.287454054547188,2.1748392698901005
51.0,294.0,132.62808227539062,0.5478948821106959,1.4915126322271512,-4.018565007985094,-3.429984982496617,-0.5849024594135139,-0.5427832579015086,0.37059461730126,3.5836336395795687,-1.2874818471703546,2.1748392698901005
51.0,294.0,132.62808227539062,0.5478948821106959,1.4915125369362046,-4.018565007985094,-3.429984982496617,-0.585550776313577,-0.5279721935780763,0.3535768109007595,3.5836336395795687,-1.287454054547188,2.174267131087437
51.0,294.0,132.62808227539062,0.5479371659054912,1.49151008825493,-4.0168287821850335,-3.429984982496617,-0.5976865291217942,-0.5427832579015086,0.3698882394018333,3.5836336395795687,-1.2874808364368373,2.1750736287977723
51.0,294.0,132.62808227539062,0.5478783960350889,1.4915126322271512,-4.013231974046128,-3.429931259189822,-0.5853959079524219,-0.5427832579015086,0.3720227595107219,3.5836336395795687,-1.2874814237295416,2.1748392698901005
51.0,294.0,132.62808227539062,0.5478948821106959,1.4915126322271512,-4.018565007985094,-3.429984982496617,-0.5849038134755663,-0.5427832579015086,0.3530703330578133,3.5836336395795687,-1.2874818471703546,2.1748392698901005
51.0,294.0,132.62808227539062,0.5478948821106959,1.4915126322271512,-4.016336684172381,-3.434426143155825,-0.5849038134755663,-0.542783257782956,0.3530703330578133,3.583633585422957,-1.2873613426977333,2.1764212863434835
51.0,294.0,132.62808227539062,0.5478948821106959,1.4915126322271512,-4.018565007985094,-3.429984982496617,-0.5849024594135139,-0.5427832579015086,0.3701326336091446,3.5836336395795687,-1.287454054547188,2.1748392698901005
51.0,294.0,132.62808227539062,0.5478783960350889,1.4915126322271512,-4.013231974046128,-3.429931259189822,-0.5853959079524219,-0.5427832579015086,0.3720227595107219,3.5836336395795687,-1.2874814237295416,2.1748392698901005
51.0,294.0,132.62808227539062,0.5478948821106959,1.4915126322271512,-4.013322040356646,-3.4299823092542527,-0.5849024594135139,-0.5427832579015086,0.37059461730126,3.5836336395795687,-1.2874818471703546,2.1748392698901005
51.0,294.0,132.62808227539062,0.5479442460587678,1.49151008825493,-4.0168287821850335,-3.429984982496617,-0.5976865291217942,-0.5427832577767248,0.3698882394018333,3.5836336395795687,-1.2592496340822534,2.1759126645516123
51.0,294.0,132.62808227539062,0.547937616529104,1.49151008825493,-4.0168287821850335,-3.429984982496617,-0.5976865291217942,-0.5427832578991345,0.3698882394018333,3.5836336395795687,-1.2866427087170385,2.1759126645516123
51.0,294.0,132.62808227539062,0.5479371659054912,1.4915106906779072,-4.0168287821850335,-3.4349824467745527,-0.5955271495185809,-0.5427832579015086,0.3698882394018333,3.5703208031567057,-1.2854039180628944,2.1750736287977723
51.0,294.0,132.62808227539062,0.5478948821106959,1.4915126322271512,-4.018565007985094,-3.429984982496617,-0.5849038134755663,-0.5427832579015086,0.3530703330578133,3.5836336395795687,-1.2874818471703546,2.1748392698901005
51.0,294.0,132.62808227539062,0.5478948821106959,1.4915121369401692,-4.017412237295675,-3.429984982496617,-0.5860867837023092,-0.5279721935780763,0.3535768109007595,3.5836336395795687,-1.2873476441941856,2.174267131087437
51.0,294.0,132.62808227539062,0.5478779684829103,1.4915100582119574,-4.016556178241865,-3.429931259189822,-0.5853959079524219,-0.5427832579015086,0.3699401538168486,3.5836336395795687,-1.2874814237295416,2.1748339715722382
51.0,294.0,132.62808227539062,0.5478948821106959,1.491510115505245,-4.018565007985094,-3.429984982496617,-0.585550776313577,-0.5279721935780763,0.3532251727814096,3.5836336395795687,-1.287454054547188,2.174196968619919
51.0,294.0,132.62808227539062,0.5478783960350889,1.4915126322271512,-4.0115682631224345,-3.429931259189822,-0.5853959079524219,-0.5427832577720734,0.3720227595107219,3.5836336401050257,-1.2874814237295416,2.1748392698901005
51.0,294.0,132.62808227539062,0.5478777894201731,1.4915126322271512,-4.013098196013769,-3.4348979588315944,-0.5853959079524219,-0.5427832579015086,0.3720227595107219,3.5836336395795687,-1.2853275760651472,2.175045059501364
51.0,294.0,132.62808227539062,0.5478951812995236,1.4915126322271512,-4.018565007985094,-3.429984982496617,-0.5848787132213917,-0.5427832579015086,0.3701326336091446,3.5836336395795687,-1.2874537400465145,2.1748392698901005
51.0,294.0,132.62808227539062,0.5479371659054912,1.49151008825493,-4.0168287821850335,-3.429984982496617,-0.5976865291217942,-0.542783257787162,0.3672821324565222,3.5836336395795687,-1.2874808364368373,2.1750736287977723
51.0,294.0,132.62808227539062,0.5478948821106959,1.4915126322271512,-4.016336684172381,-3.434426143155825,-0.5849038134755663,-0.542783257782956,0.3530703330578133,3.583633585422957,-1.287482651840964,2.176455547875888
51.0,294.0,132.62808227539062,0.5479371659054912,1.4915106906779072,-4.01855497464395,-3.4349824467745527,-0.5955271495185809,-0.5427832579015086,0.3698627616320903,3.57050069664492,-1.2873897371495855,2.1750736287977723
51.0,294.0,132.62808227539062,0.5478948821106959,1.4915126322271512,-4.018565007985094,-3.429984982496617,-0.5849038134755663,-0.5417862759426133,0.3530854246187211,3.5836336395795687,-1.2874818471703546,2.1748678712457337
51.0,294.0,132.62808227539062,0.5478783960350889,1.4915126322271512,-4.0115682631224345,-3.429931259189822,-0.5853959079524219,-0.5427832577720734,0.3720227595107219,3.5836336401050257,-1.2874814237295416,2.1748392698901005
51.0,294.0,132.62808227539062,0.5478783960350889,1.4915126322271512,-4.013231974046128,-3.429931259189822,-0.5853959079524219,-0.5427832579015086,0.3720227595107219,3.5836336395795687,-1.2874814237295416,2.1748392698901005
51.0,294.0,132.62808227539062,0.5478950984988996,1.4915047339481498,-4.018565007985094,-3.429984982496617,-0.5834720788807439,-0.5427832579015086,0.37059461730126,3.5836336395795687,-1.2874818471703546,2.1748392698901005
51.0,294.0,132.62808227539062,0.5478951812995236,1.4915126322271512,-4.018565007985094,-3.429984982496617,-0.5848779094820971,-0.5427832579015086,0.3712595339174763,3.5836336395795687,-1.2874537400465145,2.1748392698901005
51.0,294.0,132.62808227539062,0.5478931777771237,1.4915101485711668,-4.0168287821850335,-3.429984982496617,-0.5977682839019836,-0.542783257901822,0.3698227181191845,3.5836336395795687,-1.2866427087170385,2.1748619574352266
51.0,294.0,132.62808227539062,0.5479449431421275,1.4915089129393202,-4.017770283732102,-3.43453688910242,-0.5854467428281206,-0.542783257773751,0.353354811350459,3.583633584550882,-1.287480815620589,2.17524651555813
51.0,294.0,132.62808227539062,0.5478951812995236,1.4915126322271512,-4.016838815526177,-3.429984982496617,-0.5848787132213917,-0.5427832579015086,0.3701581113788876,3.583453746091355,-1.285467920959823,2.1748392698901005
51.0,294.0,132.62808227539062,0.5478783960350889,1.4915126322271512,-4.013231974046128,-3.429931259189822,-0.5853959079524219,-0.5427832579015086,0.3720227595107219,3.5836336395795687,-1.2874814237295416,2.1748392698901005
51.0,294.0,132.62808227539062,0.5479383768927283,1.4915101155575186,-4.016829557674948,-3.429984982496617,-0.5850526222642735,-0.5279721935780763,0.3532251727814096,3.5836336395795687,-1.2874550421735926,2.17506624229969
51.0,294.0,132.62808227539062,0.5479438126126436,1.4915126322271512,-4.018565007985094,-3.429984982496617,-0.5975194006387133,-0.5427832579015086,0.3701326336091446,3.5836336395795687,-1.2883035972994583,2.1748392698901005
51.0,294.0,132.62808227539062,0.5478948821106959,1.4915126322271512,-4.018565007985094,-3.429984982496617,-0.5849046172148611,-0.5427832579015086,0.3519434327494816,3.5836336395795687,-1.2874818471703546,2.1748392698901005
51.0,294.0,132.62808227539062,0.5479393208626762,1.4915125719109144,-4.040700792776991,-3.4299823092542527,-0.5848207046333247,-0.5427832578988211,0.3706601385839088,3.5836336395795687,-1.2874818471703546,2.1758899770064857
51.0,294.0,132.62808227539062,0.547893240534502,1.4915101155575186,-4.016602115314464,-3.4299850385750648,-0.5850544538520193,-0.542868027407921,0.3532251727814096,3.5836336395795687,-1.2874776621229187,2.174816816413067
51.0,294.0,132.62808227539062,0.5479452929074433,1.491512940693981,-4.0168287821850335,-3.429984982496617,-0.5976865291217942,-0.5427832577767248,0.3701307659505306,3.5836336395795687,-1.2604577640593833,2.174836722732591
51.0,294.0,132.62808227539062,0.5478950265838155,1.491512770167609,-4.018565007985094,-3.429984982496617,-0.5855074512728781,-0.5427832579015086,0.3527487862190276,3.5836336395795687,-1.2874808635451835,2.1748406629564485
51.0,294.0,132.62808227539062,0.547878504885672,1.4915126322271512,-4.013215937589671,-3.429916541685906,-0.5853959079524219,-0.5427832579015086,0.3720227595107219,3.5836336347399445,-1.2874814237295416,2.1765074249396017
51.0,294.0,132.62808227539062,0.5478783960350889,1.4915126322271512,-4.018712072817035,-3.42998471476643,-0.5853852880407711,-0.5427955023696167,0.3720227595107219,3.5836336395795687,-1.2874814237295416,2.1748392698901005
51.0,294.0,132.62808227539062,0.5478779684829103,1.4915100582119574,-4.016556178241865,-3.429931259189822,-0.5853959079524219,-0.5427832579015086,0.3699401538168486,3.5836336395795687,-1.2874814237295416,2.1748339715722382
51.0,294.0,132.62808227539062,0.5478951812995236,1.4915126322271512,-4.018636021066609,-3.429984982496617,-0.5848779094820971,-0.5427832579015086,0.3712595339174763,3.5836336395795687,-1.2874791234900465,2.1748392698901005
51.0,294.0,132.62808227539062,0.5479438126126436,1.4915126322271512,-4.018565007985094,-3.429797029743666,-0.5975194006387133,-0.5427832579015086,0.3701326336091446,3.583631041414792,-1.2883035972994583,2.1748437404861187
51.0,294.0,132.62808227539062,0.5479393208626762,1.491512578734157,-4.040700792776991,-3.429984855905507,-0.5848207046333247,-0.542783257901575,0.370127098797437,3.5836336395795687,-1.2874801288957012,2.1758899770064857
51.0,294.0,132.62808227539062,0.5478779529403618,1.4915101047517092,-4.016563736223173,-3.429931259189822,-0.5853959079524219,-0.5427832579015086,0.3720227595107219,3.5836336395795687,-1.2874814237295416,2.174834069959463
51.0,294.0,132.62808227539062,0.5479371659054912,1.4915126739937374,-4.018641735686635,-3.429984982496617,-0.584232498697843,-0.5427832579015086,0.3698630959681335,3.5836336395795687,-1.2874539373312437,2.1750736287977723
51.0,294.0,132.62808227539062,0.5478751027957012,1.4915089918222544,-4.017770283732102,-3.43453688910242,-0.5854467428281206,-0.5427832578927154,0.353354811350459,3.583633584550882,-1.2874814327830302,2.1748304111604275
51.0,294.0,132.62808227539062,0.5479443307532503,1.4915089129393202,-4.020530599517375,-3.434557513050347,-0.5873265663083467,-0.542783257773751,0.3700575018888117,3.5836336377119413,-1.287454917965219,2.175238943496297
51.0,294.0,132.62808227539062,0.5478941344508481,1.4915097797880998,-4.018565007985094,-3.429984982496617,-0.5848787132213917,-0.5427832579015086,0.3698901070604473,3.5836336395795687,-1.2862456100693846,2.175915211709121
51.0,295.0,132.62808227539062,0.5478948821106959,1.4915126322271512,-4.018565007985094,-3.429984982496617,-0.5849024594135139,-0.5427832579015086,0.3701326336091446,3.5836336395795687,-1.287454054547188,2.1748392698901005
51.0,295.0,132.62808227539062,0.5478948821106959,1.4915126322271512,-4.018565007985094,-3.429984982496617,-0.5849024594135139,-0.5427832579015086,0.37059461730126,3.5836336395795687,-1.2874818471703546,2.1748392698901005
51.0,295.0,132.62808227539062,0.5478948821106959,1.4915125369362046,-4.018565007985094,-3.429984982496617,-0.585550776313577,-0.5279721935780763,0.3535768109007595,3.5836336395795687,-1.287454054547188,2.174267131087437
51.0,295.0,132.62808227539062,0.5479371659054912,1.49151008825493,-4.0168287821850335,-3.429984982496617,-0.5976865291217942,-0.5427832579015086,0.3698882394018333,3.5836336395795687,-1.2874808364368373,2.1750736287977723
51.0,295.0,132.62808227539062,0.5478783960350889,1.4915126322271512,-4.013231974046128,-3.429931259189822,-0.5853959079524219,-0.5427832579015086,0.3720227595107219,3.5836336395795687,-1.2874814237295416,2.1748392698901005
51.0,295.0,132.62808227539062,0.5478948821106959,1.4915126322271512,-4.018565007985094,-3.429984982496617,-0.5849038134755663,-0.5427832579015086,0.3530703330578133,3.5836336395795687,-1.2874818471703546,2.1748392698901005
51.0,295.0,132.62808227539062,0.5478948821106959,1.4915126322271512,-4.016336684172381,-3.434426143155825,-0.5849038134755663,-0.542783257782956,0.3530703330578133,3.583633585422957,-1.2873613426977333,2.1764212863434835
51.0,295.0,132.62808227539062,0.5478948821106959,1.4915126322271512,-4.018565007985094,-3.429984982496617,-0.5849024594135139,-0.5427832579015086,0.3701326336091446,3.5836336395795687,-1.287454054547188,2.1748392698901005
51.0,295.0,132.62808227539062,0.5478783960350889,1.4915126322271512,-4.013231974046128,-3.429931259189822,-0.5853959079524219,-0.5427832579015086,0.3720227595107219,3.5836336395795687,-1.2874814237295416,2.1748392698901005
51.0,295.0,132.62808227539062,0.5478948821106959,1.4915126322271512,-4.013322040356646,-3.4299823092542527,-0.5849024594135139,-0.5427832579015086,0.37059461730126,3.5836336395795687,-1.2874818471703546,2.1748392698901005
51.0,295.0,132.62808227539062,0.5479442460587678,1.49151008825493,-4.0168287821850335,-3.429984982496617,-0.5976865291217942,-0.5427832577767248,0.3698882394018333,3.5836336395795687,-1.2592496340822534,2.1759126645516123
51.0,295.0,132.62808227539062,0.547937616529104,1.49151008825493,-4.0168287821850335,-3.429984982496617,-0.5976865291217942,-0.5427832578991345,0.3698882394018333,3.5836336395795687,-1.2866427087170385,2.1759126645516123
51.0,295.0,132.62808227539062,0.5479371659054912,1.4915106906779072,-4.0168287821850335,-3.4349824467745527,-0.5955271495185809,-0.5427832579015086,0.3698882394018333,3.5703208031567057,-1.2854039180628944,2.1750736287977723
51.0,295.0,132.62808227539062,0.5478948821106959,1.4915126322271512,-4.018565007985094,-3.429984982496617,-0.5849038134755663,-0.5427832579015086,0.3530703330578133,3.5836336395795687,-1.2874818471703546,2.1748392698901005
51.0,295.0,132.62808227539062,0.5478948821106959,1.4915121369401692,-4.017412237295675,-3.429984982496617,-0.5860867837023092,-0.5279721935780763,0.3535768109007595,3.5836336395795687,-1.2873476441941856,2.174267131087437
51.0,295.0,132.62808227539062,0.5478779684829103,1.4915100582119574,-4.016556178241865,-3.429931259189822,-0.5853959079524219,-0.5427832579015086,0.3699401538168486,3.5836336395795687,-1.2874814237295416,2.1748339715722382
51.0,295.0,132.62808227539062,0.5478948821106959,1.491510115505245,-4.018565007985094,-3.429984982496617,-0.585550776313577,-0.5279721935780763,0.3532251727814096,3.5836336395795687,-1.287454054547188,2.174196968619919
51.0,295.0,132.62808227539062,0.5478783960350889,1.4915126322271512,-4.0115682631224345,-3.429931259189822,-0.5853959079524219,-0.5427832577720734,0.3720227595107219,3.5836336401050257,-1.2874814237295416,2.1748392698901005
51.0,295.0,132.62808227539062,0.5478777894201731,1.4915126322271512,-4.013098196013769,-3.4348979588315944,-0.5853959079524219,-0.5427832579015086,0.3720227595107219,3.5836336395795687,-1.2853275760651472,2.175045059501364
51.0,295.0,132.62808227539062,0.5478951812995236,1.4915126322271512,-4.018565007985094,-3.429984982496617,-0.5848787132213917,-0.5427832579015086,0.3701326336091446,3.5836336395795687,-1.2874537400465145,2.1748392698901005
51.0,295.0,132.62808227539062,0.5479371659054912,1.49151008825493,-4.0168287821850335,-3.429984982496617,-0.5976865291217942,-0.542783257787162,0.3672821324565222,3.5836336395795687,-1.2874808364368373,2.1750736287977723
51.0,295.0,132.62808227539062,0.5478948821106959,1.4915126322271512,-4.016336684172381,-3.434426143155825,-0.5849038134755663,-0.542783257782956,0.3530703330578133,3.583633585422957,-1.287482651840964,2.176455547875888
51.0,295.0,132.62808227539062,0.5479371659054912,1.4915106906779072,-4.01855497464395,-3.4349824467745527,-0.5955271495185809,-0.5427832579015086,0.3698627616320903,3.57050069664492,-1.2873897371495855,2.1750736287977723
51.0,295.0,132.62808227539062,0.5478948821106959,1.4915126322271512,-4.018565007985094,-3.429984982496617,-0.5849038134755663,-0.5417862759426133,0.3530854246187211,3.5836336395795687,-1.2874818471703546,2.1748678712457337
51.0,295.0,132.62808227539062,0.5478783960350889,1.4915126322271512,-4.0115682631224345,-3.429931259189822,-0.5853959079524219,-0.5427832577720734,0.3720227595107219,3.5836336401050257,-1.2874814237295416,2.1748392698901005
51.0,295.0,132.62808227539062,0.5478783960350889,1.4915126322271512,-4.013231974046128,-3.429931259189822,-0.5853959079524219,-0.5427832579015086,0.3720227595107219,3.5836336395795687,-1.2874814237295416,2.1748392698901005
51.0,295.0,132.62808227539062,0.5478950984988996,1.4915047339481498,-4.018565007985094,-3.429984982496617,-0.5834720788807439,-0.5427832579015086,0.37059461730126,3.5836336395795687,-1.2874818471703546,2.1748392698901005
51.0,295.0,132.62808227539062,0.5478951812995236,1.4915126322271512,-4.018565007985094,-3.429984982496617,-0.5848779094820971,-0.5427832579015086,0.3712595339174763,3.5836336395795687,-1.2874537400465145,2.1748392698901005
51.0,295.0,132.62808227539062,0.5478931777771237,1.4915101485711668,-4.0168287821850335,-3.429984982496617,-0.5977682839019836,-0.542783257901822,0.3698227181191845,3.5836336395795687,-1.2866427087170385,2.1748619574352266
51.0,295.0,132.62808227539062,0.5479449431421275,1.4915089129393202,-4.017770283732102,-3.43453688910242,-0.5854467428281206,-0.542783257773751,0.353354811350459,3.583633584550882,-1.287480815620589,2.17524651555813
51.0,295.0,132.62808227539062,0.5478951812995236,1.4915126322271512,-4.016838815526177,-3.429984982496617,-0.5848787132213917,-0.5427832579015086,0.3701581113788876,3.583453746091355,-1.285467920959823,2.1748392698901005
51.0,295.0,132.62808227539062,0.5478783960350889,1.4915126322271512,-4.013231974046128,-3.429931259189822,-0.5853959079524219,-0.5427832579015086,0.3720227595107219,3.5836336395795687,-1.2874814237295416,2.1748392698901005
51.0,295.0,132.62808227539062,0.5479383768927283,1.4915101155575186,-4.016829557674948,-3.429984982496617,-0.5850526222642735,-0.5279721935780763,0.3532251727814096,3.5836336395795687,-1.2874550421735926,2.17506624229969
51.0,295.0,132.62808227539062,0.5479438126126436,1.4915126322271512,-4.018565007985094,-3.429984982496617,-0.5975194006387133,-0.5427832579015086,0.3701326336091446,3.5836336395795687,-1.2883035972994583,2.1748392698901005
51.0,295.0,132.62808227539062,0.5478948821106959,1.4915126322271512,-4.018565007985094,-3.429984982496617,-0.5849046172148611,-0.5427832579015086,0.3519434327494816,3.5836336395795687,-1.2874818471703546,2.1748392698901005
51.0,295.0,132.62808227539062,0.5479393208626762,1.4915125719109144,-4.040700792776991,-3.4299823092542527,-0.5848207046333247,-0.5427832578988211,0.3706601385839088,3.5836336395795687,-1.2874818471703546,2.1758899770064857
51.0,295.0,132.62808227539062,0.547893240534502,1.4915101155575186,-4.016602115314464,-3.4299850385750648,-0.5850544538520193,-0.542868027407921,0.3532251727814096,3.5836336395795687,-1.2874776621229187,2.174816816413067
51.0,295.0,132.62808227539062,0.5479452929074433,1.491512940693981,-4.0168287821850335,-3.429984982496617,-0.5976865291217942,-0.5427832577767248,0.3701307659505306,3.5836336395795687,-1.2604577640593833,2.174836722732591
51.0,295.0,132.62808227539062,0.5478950265838155,1.491512770167609,-4.018565007985094,-3.429984982496617,-0.5855074512728781,-0.5427832579015086,0.3527487862190276,3.5836336395795687,-1.2874808635451835,2.1748406629564485
51.0,295.0,132.62808227539062,0.547878504885672,1.4915126322271512,-4.013215937589671,-3.429916541685906,-0.5853959079524219,-0.5427832579015086,0.3720227595107219,3.5836336347399445,-1.2874814237295416,2.1765074249396017
51.0,295.0,132.62808227539062,0.5478783960350889,1.4915126322271512,-4.018712072817035,-3.42998471476643,-0.5853852880407711,-0.5427955023696167,0.3720227595107219,3.5836336395795687,-1.2874814237295416,2.1748392698901005
51.0,295.0,132.62808227539062,0.5478779684829103,1.4915100582119574,-4.016556178241865,-3.429931259189822,-0.5853959079524219,-0.5427832579015086,0.3699401538168486,3.5836336395795687,-1.2874814237295416,2.1748339715722382
51.0,295.0,132.62808227539062,0.5478951812995236,1.4915126322271512,-4.018636021066609,-3.429984982496617,-0.5848779094820971,-0.5427832579015086,0.3712595339174763,3.5836336395795687,-1.2874791234900465,2.1748392698901005
51.0,295.0,132.62808227539062,0.5479438126126436,1.4915126322271512,-4.018565007985094,-3.429797029743666,-0.5975194006387133,-0.5427832579015086,0.3701326336091446,3.583631041414792,-1.2883035972994583,2.1748437404861187
51.0,295.0,132.62808227539062,0.5479393208626762,1.491512578734157,-4.040700792776991,-3.429984855905507,-0.5848207046333247,-0.542783257901575,0.370127098797437,3.5836336395795687,-1.2874801288957012,2.1758899770064857
51.0,295.0,132.62808227539062,0.5478779529403618,1.4915101047517092,-4.016563736223173,-3.429931259189822,-0.5853959079524219,-0.5427832579015086,0.3720227595107219,3.5836336395795687,-1.2874814237295416,2.174834069959463
51.0,295.0,132.62808227539062,0.5479371659054912,1.4915126739937374,-4.018641735686635,-3.429984982496617,-0.584232498697843,-0.5427832579015086,0.3698630959681335,3.5836336395795687,-1.2874539373312437,2.1750736287977723
51.0,295.0,132.62808227539062,0.5478751027957012,1.4915089918222544,-4.017770283732102,-3.43453688910242,-0.5854467428281206,-0.5427832578927154,0.353354811350459,3.583633584550882,-1.2874814327830302,2.1748304111604275
51.0,295.0,132.62808227539062,0.5479443307532503,1.4915089129393202,-4.020530599517375,-3.434557513050347,-0.5873265663083467,-0.542783257773751,0.3700575018888117,3.5836336377119413,-1.287454917965219,2.175238943496297
51.0,295.0,132.62808227539062,0.5478941344508481,1.4915097797880998,-4.018565007985094,-3.429984982496617,-0.5848787132213917,-0.5427832579015086,0.3698901070604473,3.5836336395795687,-1.2862456100693846,2.175915211709121
51.0,296.0,132.62808227539062,0.5478948821106959,1.4915126322271512,-4.018565007985094,-3.429984982496617,-0.5849024594135139,-0.5427832579015086,0.3701326336091446,3.5836336395795687,-1.287454054547188,2.1748392698901005
51.0,296.0,132.62808227539062,0.5478948821106959,1.4915126322271512,-4.018565007985094,-3.429984982496617,-0.5849024594135139,-0.5427832579015086,0.37059461730126,3.5836336395795687,-1.2874818471703546,2.1748392698901005
51.0,296.0,132.62808227539062,0.5478948821106959,1.4915125369362046,-4.018565007985094,-3.429984982496617,-0.585550776313577,-0.5279721935780763,0.3535768109007595,3.5836336395795687,-1.287454054547188,2.174267131087437
51.0,296.0,132.62808227539062,0.5479371659054912,1.49151008825493,-4.0168287821850335,-3.429984982496617,-0.5976865291217942,-0.5427832579015086,0.3698882394018333,3.5836336395795687,-1.2874808364368373,2.1750736287977723
51.0,296.0,132.62808227539062,0.5478783960350889,1.4915126322271512,-4.013231974046128,-3.429931259189822,-0.5853959079524219,-0.5427832579015086,0.3720227595107219,3.5836336395795687,-1.2874814237295416,2.1748392698901005
51.0,296.0,132.62808227539062,0.5478948821106959,1.4915126322271512,-4.018565007985094,-3.429984982496617,-0.5849038134755663,-0.5427832579015086,0.3530703330578133,3.5836336395795687,-1.2874818471703546,2.1748392698901005
51.0,296.0,132.62808227539062,0.5478948821106959,1.4915126322271512,-4.016336684172381,-3.434426143155825,-0.5849038134755663,-0.542783257782956,0.3530703330578133,3.583633585422957,-1.2873613426977333,2.1764212863434835
51.0,296.0,132.62808227539062,0.5478948821106959,1.4915126322271512,-4.018565007985094,-3.429984982496617,-0.5849024594135139,-0.5427832579015086,0.3701326336091446,3.5836336395795687,-1.287454054547188,2.1748392698901005
51.0,296.0,132.62808227539062,0.5478783960350889,1.4915126322271512,-4.013231974046128,-3.429931259189822,-0.5853959079524219,-0.5427832579015086,0.3720227595107219,3.5836336395795687,-1.2874814237295416,2.1748392698901005
51.0,296.0,132.62808227539062,0.5478948821106959,1.4915126322271512,-4.013322040356646,-3.4299823092542527,-0.5849024594135139,-0.5427832579015086,0.37059461730126,3.5836336395795687,-1.2874818471703546,2.1748392698901005
51.0,296.0,132.62808227539062,0.5479442460587678,1.49151008825493,-4.0168287821850335,-3.429984982496617,-0.5976865291217942,-0.5427832577767248,0.3698882394018333,3.5836336395795687,-1.2592496340822534,2.1759126645516123
51.0,296.0,132.62808227539062,0.547937616529104,1.49151008825493,-4.0168287821850335,-3.429984982496617,-0.5976865291217942,-0.5427832578991345,0.3698882394018333,3.5836336395795687,-1.2866427087170385,2.1759126645516123
51.0,296.0,132.62808227539062,0.5479371659054912,1.4915106906779072,-4.0168287821850335,-3.4349824467745527,-0.5955271495185809,-0.5427832579015086,0.3698882394018333,3.5703208031567057,-1.2854039180628944,2.1750736287977723
51.0,296.0,132.62808227539062,0.5478948821106959,1.4915126322271512,-4.018565007985094,-3.429984982496617,-0.5849038134755663,-0.5427832579015086,0.3530703330578133,3.5836336395795687,-1.2874818471703546,2.1748392698901005
51.0,296.0,132.62808227539062,0.5478948821106959,1.4915121369401692,-4.017412237295675,-3.429984982496617,-0.5860867837023092,-0.5279721935780763,0.3535768109007595,3.5836336395795687,-1.2873476441941856,2.174267131087437
51.0,296.0,132.62808227539062,0.5478779684829103,1.4915100582119574,-4.016556178241865,-3.429931259189822,-0.5853959079524219,-0.5427832579015086,0.3699401538168486,3.5836336395795687,-1.2874814237295416,2.1748339715722382
51.0,296.0,132.62808227539062,0.5478948821106959,1.491510115505245,-4.018565007985094,-3.429984982496617,-0.585550776313577,-0.5279721935780763,0.3532251727814096,3.5836336395795687,-1.287454054547188,2.174196968619919
51.0,296.0,132.62808227539062,0.5478783960350889,1.4915126322271512,-4.0115682631224345,-3.429931259189822,-0.5853959079524219,-0.5427832577720734,0.3720227595107219,3.5836336401050257,-1.2874814237295416,2.1748392698901005
51.0,296.0,132.62808227539062,0.5478777894201731,1.4915126322271512,-4.013098196013769,-3.4348979588315944,-0.5853959079524219,-0.5427832579015086,0.3720227595107219,3.5836336395795687,-1.2853275760651472,2.175045059501364
51.0,296.0,132.62808227539062,0.5478951812995236,1.4915126322271512,-4.018565007985094,-3.429984982496617,-0.5848787132213917,-0.5427832579015086,0.3701326336091446,3.5836336395795687,-1.2874537400465145,2.1748392698901005
51.0,296.0,132.62808227539062,0.5479371659054912,1.49151008825493,-4.0168287821850335,-3.429984982496617,-0.5976865291217942,-0.542783257787162,0.3672821324565222,3.5836336395795687,-1.2874808364368373,2.1750736287977723
51.0,296.0,132.62808227539062,0.5478948821106959,1.4915126322271512,-4.016336684172381,-3.434426143155825,-0.5849038134755663,-0.542783257782956,0.3530703330578133,3.583633585422957,-1.287482651840964,2.176455547875888
51.0,296.0,132.62808227539062,0.5479371659054912,1.4915106906779072,-4.01855497464395,-3.4349824467745527,-0.5955271495185809,-0.5427832579015086,0.3698627616320903,3.57050069664492,-1.2873897371495855,2.1750736287977723
51.0,296.0,132.62808227539062,0.5478948821106959,1.4915126322271512,-4.018565007985094,-3.429984982496617,-0.5849038134755663,-0.5417862759426133,0.3530854246187211,3.5836336395795687,-1.2874818471703546,2.1748678712457337
51.0,296.0,132.62808227539062,0.5478783960350889,1.4915126322271512,-4.0115682631224345,-3.429931259189822,-0.5853959079524219,-0.5427832577720734,0.3720227595107219,3.5836336401050257,-1.2874814237295416,2.1748392698901005
51.0,296.0,132.62808227539062,0.5478783960350889,1.4915126322271512,-4.013231974046128,-3.429931259189822,-0.5853959079524219,-0.5427832579015086,0.3720227595107219,3.5836336395795687,-1.2874814237295416,2.1748392698901005
51.0,296.0,132.62808227539062,0.5478950984988996,1.4915047339481498,-4.018565007985094,-3.429984982496617,-0.5834720788807439,-0.5427832579015086,0.37059461730126,3.5836336395795687,-1.2874818471703546,2.1748392698901005
51.0,296.0,132.62808227539062,0.5478951812995236,1.4915126322271512,-4.018565007985094,-3.429984982496617,-0.5848779094820971,-0.5427832579015086,0.3712595339174763,3.5836336395795687,-1.2874537400465145,2.1748392698901005
51.0,296.0,132.62808227539062,0.5478931777771237,1.4915101485711668,-4.0168287821850335,-3.429984982496617,-0.5977682839019836,-0.542783257901822,0.3698227181191845,3.5836336395795687,-1.2866427087170385,2.1748619574352266
51.0,296.0,132.62808227539062,0.5479449431421275,1.4915089129393202,-4.017770283732102,-3.43453688910242,-0.5854467428281206,-0.542783257773751,0.353354811350459,3.583633584550882,-1.287480815620589,2.17524651555813
51.0,296.0,132.62808227539062,0.5478951812995236,1.4915126322271512,-4.016838815526177,-3.429984982496617,-0.5848787132213917,-0.5427832579015086,0.3701581113788876,3.583453746091355,-1.285467920959823,2.1748392698901005
51.0,296.0,132.62808227539062,0.5478783960350889,1.4915126322271512,-4.013231974046128,-3.429931259189822,-0.5853959079524219,-0.5427832579015086,0.3720227595107219,3.5836336395795687,-1.2874814237295416,2.1748392698901005
51.0,296.0,132.62808227539062,0.5479383768927283,1.4915101155575186,-4.016829557674948,-3.429984982496617,-0.5850526222642735,-0.5279721935780763,0.3532251727814096,3.5836336395795687,-1.2874550421735926,2.17506624229969
51.0,296.0,132.62808227539062,0.5479438126126436,1.4915126322271512,-4.018565007985094,-3.429984982496617,-0.5975194006387133,-0.5427832579015086,0.3701326336091446,3.5836336395795687,-1.2883035972994583,2.1748392698901005
51.0,296.0,132.62808227539062,0.5478948821106959,1.4915126322271512,-4.018565007985094,-3.429984982496617,-0.5849046172148611,-0.5427832579015086,0.3519434327494816,3.5836336395795687,-1.2874818471703546,2.1748392698901005
51.0,296.0,132.62808227539062,0.5479393208626762,1.4915125719109144,-4.040700792776991,-3.4299823092542527,-0.5848207046333247,-0.5427832578988211,0.3706601385839088,3.5836336395795687,-1.2874818471703546,2.1758899770064857
51.0,296.0,132.62808227539062,0.547893240534502,1.4915101155575186,-4.016602115314464,-3.4299850385750648,-0.5850544538520193,-0.542868027407921,0.3532251727814096,3.5836336395795687,-1.2874776621229187,2.174816816413067
51.0,296.0,132.62808227539062,0.5479452929074433,1.491512940693981,-4.0168287821850335,-3.429984982496617,-0.5976865291217942,-0.5427832577767248,0.3701307659505306,3.5836336395795687,-1.2604577640593833,2.174836722732591
51.0,296.0,132.62808227539062,0.5478950265838155,1.491512770167609,-4.018565007985094,-3.429984982496617,-0.5855074512728781,-0.5427832579015086,0.3527487862190276,3.5836336395795687,-1.2874808635451835,2.1748406629564485
51.0,296.0,132.62808227539062,0.547878504885672,1.4915126322271512,-4.013215937589671,-3.429916541685906,-0.5853959079524219,-0.5427832579015086,0.3720227595107219,3.5836336347399445,-1.2874814237295416,2.1765074249396017
51.0,296.0,132.62808227539062,0.5478783960350889,1.4915126322271512,-4.018712072817035,-3.42998471476643,-0.5853852880407711,-0.5427955023696167,0.3720227595107219,3.5836336395795687,-1.2874814237295416,2.1748392698901005
51.0,296.0,132.62808227539062,0.5478779684829103,1.4915100582119574,-4.016556178241865,-3.429931259189822,-0.5853959079524219,-0.5427832579015086,0.3699401538168486,3.5836336395795687,-1.2874814237295416,2.1748339715722382
51.0,296.0,132.62808227539062,0.5478951812995236,1.4915126322271512,-4.018636021066609,-3.429984982496617,-0.5848779094820971,-0.5427832579015086,0.3712595339174763,3.5836336395795687,-1.2874791234900465,2.1748392698901005
51.0,296.0,132.62808227539062,0.5479438126126436,1.4915126322271512,-4.018565007985094,-3.429797029743666,-0.5975194006387133,-0.5427832579015086,0.3701326336091446,3.583631041414792,-1.2883035972994583,2.1748437404861187
51.0,296.0,132.62808227539062,0.5479393208626762,1.491512578734157,-4.040700792776991,-3.429984855905507,-0.5848207046333247,-0.542783257901575,0.370127098797437,3.5836336395795687,-1.2874801288957012,2.1758899770064857
51.0,296.0,132.62808227539062,0.5478779529403618,1.4915101047517092,-4.016563736223173,-3.429931259189822,-0.5853959079524219,-0.5427832579015086,0.3720227595107219,3.5836336395795687,-1.2874814237295416,2.174834069959463
51.0,296.0,132.62808227539062,0.5479371659054912,1.4915126739937374,-4.018641735686635,-3.429984982496617,-0.584232498697843,-0.5427832579015086,0.3698630959681335,3.5836336395795687,-1.2874539373312437,2.1750736287977723
51.0,296.0,132.62808227539062,0.5478751027957012,1.4915089918222544,-4.017770283732102,-3.43453688910242,-0.5854467428281206,-0.5427832578927154,0.353354811350459,3.583633584550882,-1.2874814327830302,2.1748304111604275
51.0,296.0,132.62808227539062,0.5479443307532503,1.4915089129393202,-4.020530599517375,-3.434557513050347,-0.5873265663083467,-0.542783257773751,0.3700575018888117,3.5836336377119413,-1.287454917965219,2.175238943496297
51.0,296.0,132.62808227539062,0.5478941344508481,1.4915097797880998,-4.018565007985094,-3.429984982496617,-0.5848787132213917,-0.5427832579015086,0.3698901070604473,3.5836336395795687,-1.2862456100693846,2.175915211709121
51.0,297.0,132.62808227539062,0.5478948821106959,1.4915126322271512,-4.018565007985094,-3.429984982496617,-0.5849024594135139,-0.5427832579015086,0.3701326336091446,3.5836336395795687,-1.287454054547188,2.1748392698901005
51.0,297.0,132.62808227539062,0.5478948821106959,1.4915126322271512,-4.018565007985094,-3.429984982496617,-0.5849024594135139,-0.5427832579015086,0.37059461730126,3.5836336395795687,-1.2874818471703546,2.1748392698901005
51.0,297.0,132.62808227539062,0.5478948821106959,1.4915125369362046,-4.018565007985094,-3.429984982496617,-0.585550776313577,-0.5279721935780763,0.3535768109007595,3.5836336395795687,-1.287454054547188,2.174267131087437
51.0,297.0,132.62808227539062,0.5479371659054912,1.49151008825493,-4.0168287821850335,-3.429984982496617,-0.5976865291217942,-0.5427832579015086,0.3698882394018333,3.5836336395795687,-1.2874808364368373,2.1750736287977723
51.0,297.0,132.62808227539062,0.5478783960350889,1.4915126322271512,-4.013231974046128,-3.429931259189822,-0.5853959079524219,-0.5427832579015086,0.3720227595107219,3.5836336395795687,-1.2874814237295416,2.1748392698901005
51.0,297.0,132.62808227539062,0.5478948821106959,1.4915126322271512,-4.018565007985094,-3.429984982496617,-0.5849038134755663,-0.5427832579015086,0.3530703330578133,3.5836336395795687,-1.2874818471703546,2.1748392698901005
51.0,297.0,132.62808227539062,0.5478948821106959,1.4915126322271512,-4.016336684172381,-3.434426143155825,-0.5849038134755663,-0.542783257782956,0.3530703330578133,3.583633585422957,-1.2873613426977333,2.1764212863434835
51.0,297.0,132.62808227539062,0.5478948821106959,1.4915126322271512,-4.018565007985094,-3.429984982496617,-0.5849024594135139,-0.5427832579015086,0.3701326336091446,3.5836336395795687,-1.287454054547188,2.1748392698901005
51.0,297.0,132.62808227539062,0.5478783960350889,1.4915126322271512,-4.013231974046128,-3.429931259189822,-0.5853959079524219,-0.5427832579015086,0.3720227595107219,3.5836336395795687,-1.2874814237295416,2.1748392698901005
51.0,297.0,132.62808227539062,0.5478948821106959,1.4915126322271512,-4.013322040356646,-3.4299823092542527,-0.5849024594135139,-0.5427832579015086,0.37059461730126,3.5836336395795687,-1.2874818471703546,2.1748392698901005
51.0,297.0,132.62808227539062,0.5479442460587678,1.49151008825493,-4.0168287821850335,-3.429984982496617,-0.5976865291217942,-0.5427832577767248,0.3698882394018333,3.5836336395795687,-1.2592496340822534,2.1759126645516123
51.0,297.0,132.62808227539062,0.547937616529104,1.49151008825493,-4.0168287821850335,-3.429984982496617,-0.5976865291217942,-0.5427832578991345,0.3698882394018333,3.5836336395795687,-1.2866427087170385,2.1759126645516123
51.0,297.0,132.62808227539062,0.5479371659054912,1.4915106906779072,-4.0168287821850335,-3.4349824467745527,-0.5955271495185809,-0.5427832579015086,0.3698882394018333,3.5703208031567057,-1.2854039180628944,2.1750736287977723
51.0,297.0,132.62808227539062,0.5478948821106959,1.4915126322271512,-4.018565007985094,-3.429984982496617,-0.5849038134755663,-0.5427832579015086,0.3530703330578133,3.5836336395795687,-1.2874818471703546,2.1748392698901005
51.0,297.0,132.62808227539062,0.5478948821106959,1.4915121369401692,-4.017412237295675,-3.429984982496617,-0.5860867837023092,-0.5279721935780763,0.3535768109007595,3.5836336395795687,-1.2873476441941856,2.174267131087437
51.0,297.0,132.62808227539062,0.5478779684829103,1.4915100582119574,-4.016556178241865,-3.429931259189822,-0.5853959079524219,-0.5427832579015086,0.3699401538168486,3.5836336395795687,-1.2874814237295416,2.1748339715722382
51.0,297.0,132.62808227539062,0.5478948821106959,1.491510115505245,-4.018565007985094,-3.429984982496617,-0.585550776313577,-0.5279721935780763,0.3532251727814096,3.5836336395795687,-1.287454054547188,2.174196968619919
51.0,297.0,132.62808227539062,0.5478783960350889,1.4915126322271512,-4.0115682631224345,-3.429931259189822,-0.5853959079524219,-0.5427832577720734,0.3720227595107219,3.5836336401050257,-1.2874814237295416,2.1748392698901005
51.0,297.0,132.62808227539062,0.5478777894201731,1.4915126322271512,-4.013098196013769,-3.4348979588315944,-0.5853959079524219,-0.5427832579015086,0.3720227595107219,3.5836336395795687,-1.2853275760651472,2.175045059501364
51.0,297.0,132.62808227539062,0.5478951812995236,1.4915126322271512,-4.018565007985094,-3.429984982496617,-0.5848787132213917,-0.5427832579015086,0.3701326336091446,3.5836336395795687,-1.2874537400465145,2.1748392698901005
51.0,297.0,132.62808227539062,0.5479371659054912,1.49151008825493,-4.0168287821850335,-3.429984982496617,-0.5976865291217942,-0.542783257787162,0.3672821324565222,3.5836336395795687,-1.2874808364368373,2.1750736287977723
51.0,297.0,132.62808227539062,0.5478948821106959,1.4915126322271512,-4.016336684172381,-3.434426143155825,-0.5849038134755663,-0.542783257782956,0.3530703330578133,3.583633585422957,-1.287482651840964,2.176455547875888
51.0,297.0,132.62808227539062,0.5479371659054912,1.4915106906779072,-4.01855497464395,-3.4349824467745527,-0.5955271495185809,-0.5427832579015086,0.3698627616320903,3.57050069664492,-1.2873897371495855,2.1750736287977723
51.0,297.0,132.62808227539062,0.5478948821106959,1.4915126322271512,-4.018565007985094,-3.429984982496617,-0.5849038134755663,-0.5417862759426133,0.3530854246187211,3.5836336395795687,-1.2874818471703546,2.1748678712457337
51.0,297.0,132.62808227539062,0.5478783960350889,1.4915126322271512,-4.0115682631224345,-3.429931259189822,-0.5853959079524219,-0.5427832577720734,0.3720227595107219,3.5836336401050257,-1.2874814237295416,2.1748392698901005
51.0,297.0,132.62808227539062,0.5478783960350889,1.4915126322271512,-4.013231974046128,-3.429931259189822,-0.5853959079524219,-0.5427832579015086,0.3720227595107219,3.5836336395795687,-1.2874814237295416,2.1748392698901005
51.0,297.0,132.62808227539062,0.5478950984988996,1.4915047339481498,-4.018565007985094,-3.429984982496617,-0.5834720788807439,-0.5427832579015086,0.37059461730126,3.5836336395795687,-1.2874818471703546,2.1748392698901005
51.0,297.0,132.62808227539062,0.5478951812995236,1.4915126322271512,-4.018565007985094,-3.429984982496617,-0.5848779094820971,-0.5427832579015086,0.3712595339174763,3.5836336395795687,-1.2874537400465145,2.1748392698901005
51.0,297.0,132.62808227539062,0.5478931777771237,1.4915101485711668,-4.0168287821850335,-3.429984982496617,-0.5977682839019836,-0.542783257901822,0.3698227181191845,3.5836336395795687,-1.2866427087170385,2.1748619574352266
51.0,297.0,132.62808227539062,0.5479449431421275,1.4915089129393202,-4.017770283732102,-3.43453688910242,-0.5854467428281206,-0.542783257773751,0.353354811350459,3.583633584550882,-1.287480815620589,2.17524651555813
51.0,297.0,132.62808227539062,0.5478951812995236,1.4915126322271512,-4.016838815526177,-3.429984982496617,-0.5848787132213917,-0.5427832579015086,0.3701581113788876,3.583453746091355,-1.285467920959823,2.1748392698901005
51.0,297.0,132.62808227539062,0.5478783960350889,1.4915126322271512,-4.013231974046128,-3.429931259189822,-0.5853959079524219,-0.5427832579015086,0.3720227595107219,3.5836336395795687,-1.2874814237295416,2.1748392698901005
51.0,297.0,132.62808227539062,0.5479383768927283,1.4915101155575186,-4.016829557674948,-3.429984982496617,-0.5850526222642735,-0.5279721935780763,0.3532251727814096,3.5836336395795687,-1.2874550421735926,2.17506624229969
51.0,297.0,132.62808227539062,0.5479438126126436,1.4915126322271512,-4.018565007985094,-3.429984982496617,-0.5975194006387133,-0.5427832579015086,0.3701326336091446,3.5836336395795687,-1.2883035972994583,2.1748392698901005
51.0,297.0,132.62808227539062,0.5478948821106959,1.4915126322271512,-4.018565007985094,-3.429984982496617,-0.5849046172148611,-0.5427832579015086,0.3519434327494816,3.5836336395795687,-1.2874818471703546,2.1748392698901005
51.0,297.0,132.62808227539062,0.5479393208626762,1.4915125719109144,-4.040700792776991,-3.4299823092542527,-0.5848207046333247,-0.5427832578988211,0.3706601385839088,3.5836336395795687,-1.2874818471703546,2.1758899770064857
51.0,297.0,132.62808227539062,0.547893240534502,1.4915101155575186,-4.016602115314464,-3.4299850385750648,-0.5850544538520193,-0.542868027407921,0.3532251727814096,3.5836336395795687,-1.2874776621229187,2.174816816413067
51.0,297.0,132.62808227539062,0.5479452929074433,1.491512940693981,-4.0168287821850335,-3.429984982496617,-0.5976865291217942,-0.5427832577767248,0.3701307659505306,3.5836336395795687,-1.2604577640593833,2.174836722732591
51.0,297.0,132.62808227539062,0.5478950265838155,1.491512770167609,-4.018565007985094,-3.429984982496617,-0.5855074512728781,-0.5427832579015086,0.3527487862190276,3.5836336395795687,-1.2874808635451835,2.1748406629564485
51.0,297.0,132.62808227539062,0.547878504885672,1.4915126322271512,-4.013215937589671,-3.429916541685906,-0.5853959079524219,-0.5427832579015086,0.3720227595107219,3.5836336347399445,-1.2874814237295416,2.1765074249396017
51.0,297.0,132.62808227539062,0.5478783960350889,1.4915126322271512,-4.018712072817035,-3.42998471476643,-0.5853852880407711,-0.5427955023696167,0.3720227595107219,3.5836336395795687,-1.2874814237295416,2.1748392698901005
51.0,297.0,132.62808227539062,0.5478779684829103,1.4915100582119574,-4.016556178241865,-3.429931259189822,-0.5853959079524219,-0.5427832579015086,0.3699401538168486,3.5836336395795687,-1.2874814237295416,2.1748339715722382
51.0,297.0,132.62808227539062,0.5478951812995236,1.4915126322271512,-4.018636021066609,-3.429984982496617,-0.5848779094820971,-0.5427832579015086,0.3712595339174763,3.5836336395795687,-1.2874791234900465,2.1748392698901005
51.0,297.0,132.62808227539062,0.5479438126126436,1.4915126322271512,-4.018565007985094,-3.429797029743666,-0.5975194006387133,-0.5427832579015086,0.3701326336091446,3.583631041414792,-1.2883035972994583,2.1748437404861187
51.0,297.0,132.62808227539062,0.5479393208626762,1.491512578734157,-4.040700792776991,-3.429984855905507,-0.5848207046333247,-0.542783257901575,0.370127098797437,3.5836336395795687,-1.2874801288957012,2.1758899770064857
51.0,297.0,132.62808227539062,0.5478779529403618,1.4915101047517092,-4.016563736223173,-3.429931259189822,-0.5853959079524219,-0.5427832579015086,0.3720227595107219,3.5836336395795687,-1.2874814237295416,2.174834069959463
51.0,297.0,132.62808227539062,0.5479371659054912,1.4915126739937374,-4.018641735686635,-3.429984982496617,-0.584232498697843,-0.5427832579015086,0.3698630959681335,3.5836336395795687,-1.2874539373312437,2.1750736287977723
51.0,297.0,132.62808227539062,0.5478751027957012,1.4915089918222544,-4.017770283732102,-3.43453688910242,-0.5854467428281206,-0.5427832578927154,0.353354811350459,3.583633584550882,-1.2874814327830302,2.1748304111604275
51.0,297.0,132.62808227539062,0.5479443307532503,1.4915089129393202,-4.020530599517375,-3.434557513050347,-0.5873265663083467,-0.542783257773751,0.3700575018888117,3.5836336377119413,-1.287454917965219,2.175238943496297
51.0,297.0,132.62808227539062,0.5478941344508481,1.4915097797880998,-4.018565007985094,-3.429984982496617,-0.5848787132213917,-0.5427832579015086,0.3698901070604473,3.5836336395795687,-1.2862456100693846,2.175915211709121
51.0,298.0,132.62808227539062,0.5478948821106959,1.4915126322271512,-4.018565007985094,-3.429984982496617,-0.5849024594135139,-0.5427832579015086,0.3701326336091446,3.5836336395795687,-1.287454054547188,2.1748392698901005
51.0,298.0,132.62808227539062,0.5478948821106959,1.4915126322271512,-4.018565007985094,-3.429984982496617,-0.5849024594135139,-0.5427832579015086,0.37059461730126,3.5836336395795687,-1.2874818471703546,2.1748392698901005
51.0,298.0,132.62808227539062,0.5478948821106959,1.4915125369362046,-4.018565007985094,-3.429984982496617,-0.585550776313577,-0.5279721935780763,0.3535768109007595,3.5836336395795687,-1.287454054547188,2.174267131087437
51.0,298.0,132.62808227539062,0.5479371659054912,1.49151008825493,-4.0168287821850335,-3.429984982496617,-0.5976865291217942,-0.5427832579015086,0.3698882394018333,3.5836336395795687,-1.2874808364368373,2.1750736287977723
51.0,298.0,132.62808227539062,0.5478783960350889,1.4915126322271512,-4.013231974046128,-3.429931259189822,-0.5853959079524219,-0.5427832579015086,0.3720227595107219,3.5836336395795687,-1.2874814237295416,2.1748392698901005
51.0,298.0,132.62808227539062,0.5478948821106959,1.4915126322271512,-4.018565007985094,-3.429984982496617,-0.5849038134755663,-0.5427832579015086,0.3530703330578133,3.5836336395795687,-1.2874818471703546,2.1748392698901005
51.0,298.0,132.62808227539062,0.5478948821106959,1.4915126322271512,-4.016336684172381,-3.434426143155825,-0.5849038134755663,-0.542783257782956,0.3530703330578133,3.583633585422957,-1.2873613426977333,2.1764212863434835
51.0,298.0,132.62808227539062,0.5478948821106959,1.4915126322271512,-4.018565007985094,-3.429984982496617,-0.5849024594135139,-0.5427832579015086,0.3701326336091446,3.5836336395795687,-1.287454054547188,2.1748392698901005
51.0,298.0,132.62808227539062,0.5478783960350889,1.4915126322271512,-4.013231974046128,-3.429931259189822,-0.5853959079524219,-0.5427832579015086,0.3720227595107219,3.5836336395795687,-1.2874814237295416,2.1748392698901005
51.0,298.0,132.62808227539062,0.5478948821106959,1.4915126322271512,-4.013322040356646,-3.4299823092542527,-0.5849024594135139,-0.5427832579015086,0.37059461730126,3.5836336395795687,-1.2874818471703546,2.1748392698901005
51.0,298.0,132.62808227539062,0.5479442460587678,1.49151008825493,-4.0168287821850335,-3.429984982496617,-0.5976865291217942,-0.5427832577767248,0.3698882394018333,3.5836336395795687,-1.2592496340822534,2.1759126645516123
51.0,298.0,132.62808227539062,0.547937616529104,1.49151008825493,-4.0168287821850335,-3.429984982496617,-0.5976865291217942,-0.5427832578991345,0.3698882394018333,3.5836336395795687,-1.2866427087170385,2.1759126645516123
51.0,298.0,132.62808227539062,0.5479371659054912,1.4915106906779072,-4.0168287821850335,-3.4349824467745527,-0.5955271495185809,-0.5427832579015086,0.3698882394018333,3.5703208031567057,-1.2854039180628944,2.1750736287977723
51.0,298.0,132.62808227539062,0.5478948821106959,1.4915126322271512,-4.018565007985094,-3.429984982496617,-0.5849038134755663,-0.5427832579015086,0.3530703330578133,3.5836336395795687,-1.2874818471703546,2.1748392698901005
51.0,298.0,132.62808227539062,0.5478948821106959,1.4915121369401692,-4.017412237295675,-3.429984982496617,-0.5860867837023092,-0.5279721935780763,0.3535768109007595,3.5836336395795687,-1.2873476441941856,2.174267131087437
51.0,298.0,132.62808227539062,0.5478779684829103,1.4915100582119574,-4.016556178241865,-3.429931259189822,-0.5853959079524219,-0.5427832579015086,0.3699401538168486,3.5836336395795687,-1.2874814237295416,2.1748339715722382
51.0,298.0,132.62808227539062,0.5478948821106959,1.491510115505245,-4.018565007985094,-3.429984982496617,-0.585550776313577,-0.5279721935780763,0.3532251727814096,3.5836336395795687,-1.287454054547188,2.174196968619919
51.0,298.0,132.62808227539062,0.5478783960350889,1.4915126322271512,-4.0115682631224345,-3.429931259189822,-0.5853959079524219,-0.5427832577720734,0.3720227595107219,3.5836336401050257,-1.2874814237295416,2.1748392698901005
51.0,298.0,132.62808227539062,0.5478777894201731,1.4915126322271512,-4.013098196013769,-3.4348979588315944,-0.5853959079524219,-0.5427832579015086,0.3720227595107219,3.5836336395795687,-1.2853275760651472,2.175045059501364
51.0,298.0,132.62808227539062,0.5478951812995236,1.4915126322271512,-4.018565007985094,-3.429984982496617,-0.5848787132213917,-0.5427832579015086,0.3701326336091446,3.5836336395795687,-1.2874537400465145,2.1748392698901005
51.0,298.0,132.62808227539062,0.5479371659054912,1.49151008825493,-4.0168287821850335,-3.429984982496617,-0.5976865291217942,-0.542783257787162,0.3672821324565222,3.5836336395795687,-1.2874808364368373,2.1750736287977723
51.0,298.0,132.62808227539062,0.5478948821106959,1.4915126322271512,-4.016336684172381,-3.434426143155825,-0.5849038134755663,-0.542783257782956,0.3530703330578133,3.583633585422957,-1.287482651840964,2.176455547875888
51.0,298.0,132.62808227539062,0.5479371659054912,1.4915106906779072,-4.01855497464395,-3.4349824467745527,-0.5955271495185809,-0.5427832579015086,0.3698627616320903,3.57050069664492,-1.2873897371495855,2.1750736287977723
51.0,298.0,132.62808227539062,0.5478948821106959,1.4915126322271512,-4.018565007985094,-3.429984982496617,-0.5849038134755663,-0.5417862759426133,0.3530854246187211,3.5836336395795687,-1.2874818471703546,2.1748678712457337
51.0,298.0,132.62808227539062,0.5478783960350889,1.4915126322271512,-4.0115682631224345,-3.429931259189822,-0.5853959079524219,-0.5427832577720734,0.3720227595107219,3.5836336401050257,-1.2874814237295416,2.1748392698901005
51.0,298.0,132.62808227539062,0.5478783960350889,1.4915126322271512,-4.013231974046128,-3.429931259189822,-0.5853959079524219,-0.5427832579015086,0.3720227595107219,3.5836336395795687,-1.2874814237295416,2.1748392698901005
51.0,298.0,132.62808227539062,0.5478950984988996,1.4915047339481498,-4.018565007985094,-3.429984982496617,-0.5834720788807439,-0.5427832579015086,0.37059461730126,3.5836336395795687,-1.2874818471703546,2.1748392698901005
51.0,298.0,132.62808227539062,0.5478951812995236,1.4915126322271512,-4.018565007985094,-3.429984982496617,-0.5848779094820971,-0.5427832579015086,0.3712595339174763,3.5836336395795687,-1.2874537400465145,2.1748392698901005
51.0,298.0,132.62808227539062,0.5478931777771237,1.4915101485711668,-4.0168287821850335,-3.429984982496617,-0.5977682839019836,-0.542783257901822,0.3698227181191845,3.5836336395795687,-1.2866427087170385,2.1748619574352266
51.0,298.0,132.62808227539062,0.5479449431421275,1.4915089129393202,-4.017770283732102,-3.43453688910242,-0.5854467428281206,-0.542783257773751,0.353354811350459,3.583633584550882,-1.287480815620589,2.17524651555813
51.0,298.0,132.62808227539062,0.5478951812995236,1.4915126322271512,-4.016838815526177,-3.429984982496617,-0.5848787132213917,-0.5427832579015086,0.3701581113788876,3.583453746091355,-1.285467920959823,2.1748392698901005
51.0,298.0,132.62808227539062,0.5478783960350889,1.4915126322271512,-4.013231974046128,-3.429931259189822,-0.5853959079524219,-0.5427832579015086,0.3720227595107219,3.5836336395795687,-1.2874814237295416,2.1748392698901005
51.0,298.0,132.62808227539062,0.5479383768927283,1.4915101155575186,-4.016829557674948,-3.429984982496617,-0.5850526222642735,-0.5279721935780763,0.3532251727814096,3.5836336395795687,-1.2874550421735926,2.17506624229969
51.0,298.0,132.62808227539062,0.5479438126126436,1.4915126322271512,-4.018565007985094,-3.429984982496617,-0.5975194006387133,-0.5427832579015086,0.3701326336091446,3.5836336395795687,-1.2883035972994583,2.1748392698901005
51.0,298.0,132.62808227539062,0.5478948821106959,1.4915126322271512,-4.018565007985094,-3.429984982496617,-0.5849046172148611,-0.5427832579015086,0.3519434327494816,3.5836336395795687,-1.2874818471703546,2.1748392698901005
51.0,298.0,132.62808227539062,0.5479393208626762,1.4915125719109144,-4.040700792776991,-3.4299823092542527,-0.5848207046333247,-0.5427832578988211,0.3706601385839088,3.5836336395795687,-1.2874818471703546,2.1758899770064857
51.0,298.0,132.62808227539062,0.547893240534502,1.4915101155575186,-4.016602115314464,-3.4299850385750648,-0.5850544538520193,-0.542868027407921,0.3532251727814096,3.5836336395795687,-1.2874776621229187,2.174816816413067
51.0,298.0,132.62808227539062,0.5479452929074433,1.491512940693981,-4.0168287821850335,-3.429984982496617,-0.5976865291217942,-0.5427832577767248,0.3701307659505306,3.5836336395795687,-1.2604577640593833,2.174836722732591
51.0,298.0,132.62808227539062,0.5478950265838155,1.491512770167609,-4.018565007985094,-3.429984982496617,-0.5855074512728781,-0.5427832579015086,0.3527487862190276,3.5836336395795687,-1.2874808635451835,2.1748406629564485
51.0,298.0,132.62808227539062,0.547878504885672,1.4915126322271512,-4.013215937589671,-3.429916541685906,-0.5853959079524219,-0.5427832579015086,0.3720227595107219,3.5836336347399445,-1.2874814237295416,2.1765074249396017
51.0,298.0,132.62808227539062,0.5478783960350889,1.4915126322271512,-4.018712072817035,-3.42998471476643,-0.5853852880407711,-0.5427955023696167,0.3720227595107219,3.5836336395795687,-1.2874814237295416,2.1748392698901005
51.0,298.0,132.62808227539062,0.5478779684829103,1.4915100582119574,-4.016556178241865,-3.429931259189822,-0.5853959079524219,-0.5427832579015086,0.3699401538168486,3.5836336395795687,-1.2874814237295416,2.1748339715722382
51.0,298.0,132.62808227539062,0.5478951812995236,1.4915126322271512,-4.018636021066609,-3.429984982496617,-0.5848779094820971,-0.5427832579015086,0.3712595339174763,3.5836336395795687,-1.2874791234900465,2.1748392698901005
51.0,298.0,132.62808227539062,0.5479438126126436,1.4915126322271512,-4.018565007985094,-3.429797029743666,-0.5975194006387133,-0.5427832579015086,0.3701326336091446,3.583631041414792,-1.2883035972994583,2.1748437404861187
51.0,298.0,132.62808227539062,0.5479393208626762,1.491512578734157,-4.040700792776991,-3.429984855905507,-0.5848207046333247,-0.542783257901575,0.370127098797437,3.5836336395795687,-1.2874801288957012,2.1758899770064857
51.0,298.0,132.62808227539062,0.5478779529403618,1.4915101047517092,-4.016563736223173,-3.429931259189822,-0.5853959079524219,-0.5427832579015086,0.3720227595107219,3.5836336395795687,-1.2874814237295416,2.174834069959463
51.0,298.0,132.62808227539062,0.5479371659054912,1.4915126739937374,-4.018641735686635,-3.429984982496617,-0.584232498697843,-0.5427832579015086,0.3698630959681335,3.5836336395795687,-1.2874539373312437,2.1750736287977723
51.0,298.0,132.62808227539062,0.5478751027957012,1.4915089918222544,-4.017770283732102,-3.43453688910242,-0.5854467428281206,-0.5427832578927154,0.353354811350459,3.583633584550882,-1.2874814327830302,2.1748304111604275
51.0,298.0,132.62808227539062,0.5479443307532503,1.4915089129393202,-4.020530599517375,-3.434557513050347,-0.5873265663083467,-0.542783257773751,0.3700575018888117,3.5836336377119413,-1.287454917965219,2.175238943496297
51.0,298.0,132.62808227539062,0.5478941344508481,1.4915097797880998,-4.018565007985094,-3.429984982496617,-0.5848787132213917,-0.5427832579015086,0.3698901070604473,3.5836336395795687,-1.2862456100693846,2.175915211709121
51.0,299.0,132.62808227539062,0.5478948821106959,1.4915126322271512,-4.018565007985094,-3.429984982496617,-0.5849024594135139,-0.5427832579015086,0.3701326336091446,3.5836336395795687,-1.287454054547188,2.1748392698901005
51.0,299.0,132.62808227539062,0.5478948821106959,1.4915126322271512,-4.018565007985094,-3.429984982496617,-0.5849024594135139,-0.5427832579015086,0.37059461730126,3.5836336395795687,-1.2874818471703546,2.1748392698901005
51.0,299.0,132.62808227539062,0.5478948821106959,1.4915125369362046,-4.018565007985094,-3.429984982496617,-0.585550776313577,-0.5279721935780763,0.3535768109007595,3.5836336395795687,-1.287454054547188,2.174267131087437
51.0,299.0,132.62808227539062,0.5479371659054912,1.49151008825493,-4.0168287821850335,-3.429984982496617,-0.5976865291217942,-0.5427832579015086,0.3698882394018333,3.5836336395795687,-1.2874808364368373,2.1750736287977723
51.0,299.0,132.62808227539062,0.5478783960350889,1.4915126322271512,-4.013231974046128,-3.429931259189822,-0.5853959079524219,-0.5427832579015086,0.3720227595107219,3.5836336395795687,-1.2874814237295416,2.1748392698901005
51.0,299.0,132.62808227539062,0.5478948821106959,1.4915126322271512,-4.018565007985094,-3.429984982496617,-0.5849038134755663,-0.5427832579015086,0.3530703330578133,3.5836336395795687,-1.2874818471703546,2.1748392698901005
51.0,299.0,132.62808227539062,0.5478948821106959,1.4915126322271512,-4.016336684172381,-3.434426143155825,-0.5849038134755663,-0.542783257782956,0.3530703330578133,3.583633585422957,-1.2873613426977333,2.1764212863434835
51.0,299.0,132.62808227539062,0.5478948821106959,1.4915126322271512,-4.018565007985094,-3.429984982496617,-0.5849024594135139,-0.5427832579015086,0.3701326336091446,3.5836336395795687,-1.287454054547188,2.1748392698901005
51.0,299.0,132.62808227539062,0.5478783960350889,1.4915126322271512,-4.013231974046128,-3.429931259189822,-0.5853959079524219,-0.5427832579015086,0.3720227595107219,3.5836336395795687,-1.2874814237295416,2.1748392698901005
51.0,299.0,132.62808227539062,0.5478948821106959,1.4915126322271512,-4.013322040356646,-3.4299823092542527,-0.5849024594135139,-0.5427832579015086,0.37059461730126,3.5836336395795687,-1.2874818471703546,2.1748392698901005
51.0,299.0,132.62808227539062,0.5479442460587678,1.49151008825493,-4.0168287821850335,-3.429984982496617,-0.5976865291217942,-0.5427832577767248,0.3698882394018333,3.5836336395795687,-1.2592496340822534,2.1759126645516123
51.0,299.0,132.62808227539062,0.547937616529104,1.49151008825493,-4.0168287821850335,-3.429984982496617,-0.5976865291217942,-0.5427832578991345,0.3698882394018333,3.5836336395795687,-1.2866427087170385,2.1759126645516123
51.0,299.0,132.62808227539062,0.5479371659054912,1.4915106906779072,-4.0168287821850335,-3.4349824467745527,-0.5955271495185809,-0.5427832579015086,0.3698882394018333,3.5703208031567057,-1.2854039180628944,2.1750736287977723
51.0,299.0,132.62808227539062,0.5478948821106959,1.4915126322271512,-4.018565007985094,-3.429984982496617,-0.5849038134755663,-0.5427832579015086,0.3530703330578133,3.5836336395795687,-1.2874818471703546,2.1748392698901005
51.0,299.0,132.62808227539062,0.5478948821106959,1.4915121369401692,-4.017412237295675,-3.429984982496617,-0.5860867837023092,-0.5279721935780763,0.3535768109007595,3.5836336395795687,-1.2873476441941856,2.174267131087437
51.0,299.0,132.62808227539062,0.5478779684829103,1.4915100582119574,-4.016556178241865,-3.429931259189822,-0.5853959079524219,-0.5427832579015086,0.3699401538168486,3.5836336395795687,-1.2874814237295416,2.1748339715722382
51.0,299.0,132.62808227539062,0.5478948821106959,1.491510115505245,-4.018565007985094,-3.429984982496617,-0.585550776313577,-0.5279721935780763,0.3532251727814096,3.5836336395795687,-1.287454054547188,2.174196968619919
51.0,299.0,132.62808227539062,0.5478783960350889,1.4915126322271512,-4.0115682631224345,-3.429931259189822,-0.5853959079524219,-0.5427832577720734,0.3720227595107219,3.5836336401050257,-1.2874814237295416,2.1748392698901005
51.0,299.0,132.62808227539062,0.5478777894201731,1.4915126322271512,-4.013098196013769,-3.4348979588315944,-0.5853959079524219,-0.5427832579015086,0.3720227595107219,3.5836336395795687,-1.2853275760651472,2.175045059501364
51.0,299.0,132.62808227539062,0.5478951812995236,1.4915126322271512,-4.018565007985094,-3.429984982496617,-0.5848787132213917,-0.5427832579015086,0.3701326336091446,3.5836336395795687,-1.2874537400465145,2.1748392698901005
51.0,299.0,132.62808227539062,0.5479371659054912,1.49151008825493,-4.0168287821850335,-3.429984982496617,-0.5976865291217942,-0.542783257787162,0.3672821324565222,3.5836336395795687,-1.2874808364368373,2.1750736287977723
51.0,299.0,132.62808227539062,0.5478948821106959,1.4915126322271512,-4.016336684172381,-3.434426143155825,-0.5849038134755663,-0.542783257782956,0.3530703330578133,3.583633585422957,-1.287482651840964,2.176455547875888
51.0,299.0,132.62808227539062,0.5479371659054912,1.4915106906779072,-4.01855497464395,-3.4349824467745527,-0.5955271495185809,-0.5427832579015086,0.3698627616320903,3.57050069664492,-1.2873897371495855,2.1750736287977723
51.0,299.0,132.62808227539062,0.5478948821106959,1.4915126322271512,-4.018565007985094,-3.429984982496617,-0.5849038134755663,-0.5417862759426133,0.3530854246187211,3.5836336395795687,-1.2874818471703546,2.1748678712457337
51.0,299.0,132.62808227539062,0.5478783960350889,1.4915126322271512,-4.0115682631224345,-3.429931259189822,-0.5853959079524219,-0.5427832577720734,0.3720227595107219,3.5836336401050257,-1.2874814237295416,2.1748392698901005
51.0,299.0,132.62808227539062,0.5478783960350889,1.4915126322271512,-4.013231974046128,-3.429931259189822,-0.5853959079524219,-0.5427832579015086,0.3720227595107219,3.5836336395795687,-1.2874814237295416,2.1748392698901005
51.0,299.0,132.62808227539062,0.5478950984988996,1.4915047339481498,-4.018565007985094,-3.429984982496617,-0.5834720788807439,-0.5427832579015086,0.37059461730126,3.5836336395795687,-1.2874818471703546,2.1748392698901005
51.0,299.0,132.62808227539062,0.5478951812995236,1.4915126322271512,-4.018565007985094,-3.429984982496617,-0.5848779094820971,-0.5427832579015086,0.3712595339174763,3.5836336395795687,-1.2874537400465145,2.1748392698901005
51.0,299.0,132.62808227539062,0.5478931777771237,1.4915101485711668,-4.0168287821850335,-3.429984982496617,-0.5977682839019836,-0.542783257901822,0.3698227181191845,3.5836336395795687,-1.2866427087170385,2.1748619574352266
51.0,299.0,132.62808227539062,0.5479449431421275,1.4915089129393202,-4.017770283732102,-3.43453688910242,-0.5854467428281206,-0.542783257773751,0.353354811350459,3.583633584550882,-1.287480815620589,2.17524651555813
51.0,299.0,132.62808227539062,0.5478951812995236,1.4915126322271512,-4.016838815526177,-3.429984982496617,-0.5848787132213917,-0.5427832579015086,0.3701581113788876,3.583453746091355,-1.285467920959823,2.1748392698901005
51.0,299.0,132.62808227539062,0.5478783960350889,1.4915126322271512,-4.013231974046128,-3.429931259189822,-0.5853959079524219,-0.5427832579015086,0.3720227595107219,3.5836336395795687,-1.2874814237295416,2.1748392698901005
51.0,299.0,132.62808227539062,0.5479383768927283,1.4915101155575186,-4.016829557674948,-3.429984982496617,-0.5850526222642735,-0.5279721935780763,0.3532251727814096,3.5836336395795687,-1.2874550421735926,2.17506624229969
51.0,299.0,132.62808227539062,0.5479438126126436,1.4915126322271512,-4.018565007985094,-3.429984982496617,-0.5975194006387133,-0.5427832579015086,0.3701326336091446,3.5836336395795687,-1.2883035972994583,2.1748392698901005
51.0,299.0,132.62808227539062,0.5478948821106959,1.4915126322271512,-4.018565007985094,-3.429984982496617,-0.5849046172148611,-0.5427832579015086,0.3519434327494816,3.5836336395795687,-1.2874818471703546,2.1748392698901005
51.0,299.0,132.62808227539062,0.5479393208626762,1.4915125719109144,-4.040700792776991,-3.4299823092542527,-0.5848207046333247,-0.5427832578988211,0.3706601385839088,3.5836336395795687,-1.2874818471703546,2.1758899770064857
51.0,299.0,132.62808227539062,0.547893240534502,1.4915101155575186,-4.016602115314464,-3.4299850385750648,-0.5850544538520193,-0.542868027407921,0.3532251727814096,3.5836336395795687,-1.2874776621229187,2.174816816413067
51.0,299.0,132.62808227539062,0.5479452929074433,1.491512940693981,-4.0168287821850335,-3.429984982496617,-0.5976865291217942,-0.5427832577767248,0.3701307659505306,3.5836336395795687,-1.2604577640593833,2.174836722732591
51.0,299.0,132.62808227539062,0.5478950265838155,1.491512770167609,-4.018565007985094,-3.429984982496617,-0.5855074512728781,-0.5427832579015086,0.3527487862190276,3.5836336395795687,-1.2874808635451835,2.1748406629564485
51.0,299.0,132.62808227539062,0.547878504885672,1.4915126322271512,-4.013215937589671,-3.429916541685906,-0.5853959079524219,-0.5427832579015086,0.3720227595107219,3.5836336347399445,-1.2874814237295416,2.1765074249396017
51.0,299.0,132.62808227539062,0.5478783960350889,1.4915126322271512,-4.018712072817035,-3.42998471476643,-0.5853852880407711,-0.5427955023696167,0.3720227595107219,3.5836336395795687,-1.2874814237295416,2.1748392698901005
51.0,299.0,132.62808227539062,0.5478779684829103,1.4915100582119574,-4.016556178241865,-3.429931259189822,-0.5853959079524219,-0.5427832579015086,0.3699401538168486,3.5836336395795687,-1.2874814237295416,2.1748339715722382
51.0,299.0,132.62808227539062,0.5478951812995236,1.4915126322271512,-4.018636021066609,-3.429984982496617,-0.5848779094820971,-0.5427832579015086,0.3712595339174763,3.5836336395795687,-1.2874791234900465,2.1748392698901005
51.0,299.0,132.62808227539062,0.5479438126126436,1.4915126322271512,-4.018565007985094,-3.429797029743666,-0.5975194006387133,-0.5427832579015086,0.3701326336091446,3.583631041414792,-1.2883035972994583,2.1748437404861187
51.0,299.0,132.62808227539062,0.5479393208626762,1.491512578734157,-4.040700792776991,-3.429984855905507,-0.5848207046333247,-0.542783257901575,0.370127098797437,3.5836336395795687,-1.2874801288957012,2.1758899770064857
51.0,299.0,132.62808227539062,0.5478779529403618,1.4915101047517092,-4.016563736223173,-3.429931259189822,-0.5853959079524219,-0.5427832579015086,0.3720227595107219,3.5836336395795687,-1.2874814237295416,2.174834069959463
51.0,299.0,132.62808227539062,0.5479371659054912,1.4915126739937374,-4.018641735686635,-3.429984982496617,-0.584232498697843,-0.5427832579015086,0.3698630959681335,3.5836336395795687,-1.2874539373312437,2.1750736287977723
51.0,299.0,132.62808227539062,0.5478751027957012,1.4915089918222544,-4.017770283732102,-3.43453688910242,-0.5854467428281206,-0.5427832578927154,0.353354811350459,3.583633584550882,-1.2874814327830302,2.1748304111604275
51.0,299.0,132.62808227539062,0.5479443307532503,1.4915089129393202,-4.020530599517375,-3.434557513050347,-0.5873265663083467,-0.542783257773751,0.3700575018888117,3.5836336377119413,-1.287454917965219,2.175238943496297
51.0,299.0,132.62808227539062,0.5478941344508481,1.4915097797880998,-4.018565007985094,-3.429984982496617,-0.5848787132213917,-0.5427832579015086,0.3698901070604473,3.5836336395795687,-1.2862456100693846,2.175915211709121
