Run,Gen,F,1,2,3,4,5,6,7,8,9,10
70.0,0.0,11241.75390625,-4.108482964708343,-4.801792900898315,0.524908580601954,1.492122567082906,2.7571855070926423,2.0056818180215394,-4.540581982728796,-1.7711919577671296,0.046559190338459,-1.206940871251783
70.0,0.0,1295.544677734375,-4.7211436116565,-0.0802385638475602,-4.136358330744322,2.6082690478793813,-0.1744720949826277,1.6224520473777169,-4.718659821388376,3.891861170104885,-2.059254254204202,-0.7771556829151498
70.0,0.0,13535.4697265625,-2.239495775985078,-4.650280836658403,4.204433858208731,0.2046468184222982,-3.042873430796013,-1.2294445658697528,-1.9832445256337088,2.8117535237103963,-4.177956796081711,-4.34373358708285
70.0,0.0,7371.68310546875,4.930408954283239,1.7356589014107175,-1.84524449981382,1.987886700967913,0.512666700841514,-1.7988490942224875,1.595611411742336,4.363175991929296,0.5663689587406937,-2.0897856217209205
70.0,0.0,15807.369140625,-0.4541129317691608,2.3880936153877075,2.7294351960948404,-2.9252130619150023,2.4626271511844,-1.1024431143313025,0.2912259744447807,-4.554784947907988,0.3771920122446959,-3.025423546287114
70.0,0.0,23196.3671875,2.799236227522548,2.4812092456391355,0.1274307023517584,-2.356314318358182,-0.8042908128133073,-0.2840228825342041,4.813902514411508,-4.078552728942247,2.6776740954238587,-3.497508368843958
70.0,0.0,10490.68359375,1.4415599161841577,-2.365159752195441,0.2327353014340722,-4.982748158232626,-2.967815057259639,-0.5739852525509113,2.446791098636142,0.9532417918177672,1.6669729590028348,2.667778747734097
70.0,0.0,6509.86181640625,-4.832007521662053,-2.195321652600564,-4.6623325050240645,3.670554166046733,-3.2048128833677683,2.362317157413901,0.8747430189994221,0.24712338615468,2.3735109732098136,1.4641211407912147
70.0,0.0,4491.85498046875,2.065028285755645,-1.8972903970293769,-2.3742765523863185,0.1481244235011001,1.4076217201222203,2.5010497913169427,-3.6269679255271168,-1.9117651819426944,-0.8150366541141763,-1.0238308373335263
70.0,0.0,29310.8046875,-2.106994598906191,3.737796910665797,2.999788491987774,1.051671232734881,-1.551612816575958,-0.1853753568842471,4.467472245928024,-3.844956675027749,3.0430365207328727,0.3876777954096813
70.0,0.0,26871.26171875,4.548648564472428,1.3992674661920148,2.5724612001687106,-4.116840033824061,-4.203630949905784,2.6557058548259302,-0.7661874429110274,-0.1347994335119038,3.906681638239052,-1.540972851330939
70.0,0.0,756.8936767578125,-3.907170400178616,3.119094321070415,-3.0857299117691497,4.1644136510708005,-4.085385784413289,-2.437034339594359,-1.2555883338096,2.1546079774313176,-2.7192964228416514,3.38348192267215
70.0,0.0,3159.319580078125,0.4609725896989118,-0.516333619130477,-0.788712273113517,2.0299977180495983,-0.3227043567651764,-1.9474590577763484,-0.4698299077031187,-2.061740947415927,-0.3411711820590053,-2.9762747716527844
70.0,0.0,26444.490234375,-0.2615846399609562,1.5018324981047382,4.562080957694107,3.880159373275376,-0.688934166016832,-2.2411858510550378,-3.183298547582418,2.25165598079808,3.424804423093052,-2.406466155730793
70.0,0.0,23361.40625,0.6954998764382747,-2.6058117967444576,3.90431313306382,-0.553670407099621,0.320021227496591,-2.0688447131983767,4.151663066246821,-2.397935690672428,-3.886727993131104,-2.716878961390891
70.0,0.0,4836.09521484375,3.827994227035424,-3.668115373804661,-3.5945194405290444,-1.6509056282267176,-3.819509071241251,2.825666627367088,0.4631503452010657,-0.6646696544283541,1.4707152498080234,3.599668088106311
70.0,0.0,8699.767578125,2.9947594713365344,-0.345407922180426,-4.550729081968933,2.3094512711377844,-3.532709900636672,-0.8967968509046003,2.1741964377205463,1.6309745039933716,2.180369224064638,1.0312396613747996
70.0,0.0,13384.8662109375,3.615585158220119,-4.092194619677124,3.796661888428723,-4.538222164301228,-2.1000776848428275,3.3757133313514096,-1.6548443120596912,-2.452275417816701,-3.455636351665629,2.00836304101297
70.0,0.0,16407.064453125,-2.422267184267688,-1.3512879962094413,3.071899314150276,2.5653081770428097,1.619043137361821,-4.861698032241952,1.8907418714634936,0.6528985530399751,0.9189493982613488,1.7453746334872662
70.0,0.0,28747.208984375,-0.9655174096204552,3.943622292117894,1.9300926529706528,-2.795297093278937,4.297317365164847,-4.479721243047941,4.731281616606559,0.1812240985221525,-1.5195108323639483,3.04688286450236
70.0,0.0,22219.2890625,2.5627040176987945,4.491909385489608,-0.4667522868934934,-3.659254850751571,-4.970117553024789,1.919307358526531,0.6984511784558967,3.250202782080617,4.696059592679694,-1.8014660306640344
70.0,0.0,19607.759765625,-1.6026910747305143,-3.508399693873734,4.933144735954155,1.6875902030279697,1.8346389585118617,4.2917916399830105,-0.3725442289663352,-1.085673538891755,-4.686726783443982,-3.371457808690803
70.0,0.0,26845.017578125,0.1890219771162495,-4.557472556347988,-3.6061089015681578,-0.8312236852721195,0.1150283142837169,4.782325958355104,3.8978477479088376,4.830897072237159,4.11783452794902,4.134784862915991
70.0,0.0,20368.390625,-4.500342214813488,1.8862379110201912,1.0886533031511538,0.7577894761840254,4.880530698928684,-2.872885943313697,-2.288819769997657,-4.910496221330789,1.0012113749705662,0.6052719730935996
70.0,0.0,5174.53369140625,4.055349415490777,2.786846241094437,-0.3371115215852329,4.879345245685538,-4.759371756293858,-1.404570143868213,-4.863068240670683,-2.7849614446484066,-0.4784952101746977,-3.745766221682539
70.0,0.0,25243.369140625,-1.068719263499677,-2.8506905693129627,-4.836684842668057,-1.4512342247348946,2.0641061548117223,-2.7638825230599293,-4.252654083447219,4.154005933169767,4.920459962445239,-0.1595921219153346
70.0,0.0,31590.36328125,-1.9482331374532924,0.0266050706055569,3.498067311645425,-0.7247193954327944,3.863210867128705,4.083189378441443,4.222420317789041,-0.4310877687886876,1.2845017669610872,-0.3497722114037245
70.0,0.0,3677.2763671875,1.3108476987541682,-0.7655279406035191,-2.0506962251155807,-1.8324095226037365,0.7491554768629625,-3.511829502421552,-1.100716675819423,-4.703510283789851,-4.801070124455208,0.5714339968560331
70.0,0.0,11872.486328125,4.670526024983213,4.014844232374768,0.8429220133226698,-3.032730374512793,0.8453494847745491,1.1569183272439894,2.697109208979556,-0.3597169669231013,-1.130108305984482,1.8591129935055868
70.0,0.0,23573.5546875,-3.769674000888545,-0.9934915884211346,3.3090043471553887,-4.382316597681603,-1.902176805817069,0.3798232045684351,3.789257999865288,1.2508448692606464,2.4889113444673283,-0.891574941853678
70.0,0.0,9056.296875,0.2760858962614811,0.250810953467985,-2.5843536964134386,-3.921784788007548,3.2768164874903896,0.0545614898775212,1.294980082431172,-3.757648796829687,-1.38681966293049,-4.804383194640884
70.0,0.0,12561.5283203125,1.7370199455286075,1.196019387309609,1.6093879149270949,-4.634538264423989,2.935597090270024,1.2194123092206404,-2.0783348599822062,-1.243182918338691,-1.6260045705111987,2.824935383363534
70.0,0.0,25434.986328125,-0.1422244660950911,2.0492639543351068,2.141695335629299,2.914773578996736,-2.563277518566118,4.8986749695624905,-2.760795119590474,1.5293941295779048,4.35361597618439,0.0090578061193156
70.0,0.0,31029.19921875,3.481392291588396,-2.500960411518282,4.798653803580699,0.4696895831825181,-1.7247535603751252,-3.898907425894864,0.1764255812265851,1.049229940628118,3.762783014909992,4.612787440167555
70.0,0.0,6133.41015625,1.033542532866317,4.338164213382246,0.7997135870083891,3.5116843610883404,-1.320277624351438,3.8619784213059134,-2.484168667707652,-4.264119375269903,0.6875149404687741,4.888633556957377
70.0,0.0,14570.8544921875,2.2462813501615138,0.5258030867648387,-1.559412136854783,-1.0215371676131415,3.173841925943752,4.51944287710668,3.4972616483998955,-0.8158826193840643,-1.980226152652059,4.26118472194945
70.0,0.0,8291.400390625,0.9182507211015976,3.3310798345154584,-0.9959344390601492,4.606361726243,2.360759578628482,3.6338432713914655,-3.5588851618425483,-3.2235014716847186,-3.3497362310307324,-4.135197829236835
70.0,0.0,9969.1279296875,4.2646818271492695,4.798988874180397,2.2673094002954457,-2.5948960724895267,-1.1250223062150204,-0.7757883129714997,-3.3753983621148764,-2.845694759152643,-0.1662022696244394,2.269019205782249
70.0,0.0,4790.4453125,-1.3772658731305445,-3.070395353691655,-2.948208577519118,1.2123565475864782,-2.233370182665687,-4.177821931689339,2.9663287243514915,3.001623695920191,-2.2504001054477767,0.8368209805492643
70.0,0.0,836.35693359375,1.87924847999648,-3.9698896105215504,-3.879092034709679,-3.231289155750761,-4.464439923073054,-3.1840952717256608,-0.115077891912664,1.9854711277698007,-2.43219329016392,3.8278606435013742
70.0,0.0,13491.5009765625,-3.443882449942034,2.8844932679811635,-0.1079891151782312,-1.2920317682713325,4.031271840760475,-4.645856930600383,-3.885060299520368,3.5277330888214635,-0.7977132438904952,-4.790600499496762
70.0,0.0,6908.14453125,-2.605422994798911,-1.515852014570394,1.576806678338862,4.212710902556145,-0.5897860592897759,0.5339491584917067,1.010744464222003,0.5413622240117295,-3.13337802182058,-2.336622443640261
70.0,0.0,4002.5390625,-3.377450967293104,-4.382005289641761,-1.737822079572501,-3.435456076901461,1.1195441768379872,0.7305928388276426,-2.848011471749034,-1.540237899261634,-4.4045028858652815,1.3815304511050988
70.0,0.0,31583.455078125,3.0784827776697306,-1.0256561690846784,1.3027689258817243,3.0527803546243693,1.3785221463143351,3.465175864641392,3.102497005920739,2.753818683058588,4.566778366945508,-1.7140085018820144
70.0,0.0,20347.671875,3.2875570795156204,-1.6382714983472524,-4.3620369963021055,-0.2821101358621627,4.651912091250143,-3.623278763414643,1.6755024023304443,4.520639074518538,1.898577763590426,-3.889390382616083
70.0,0.0,18375.3515625,-3.189596321865861,0.9944574641933565,-1.1927705001451323,3.256572833101416,3.463060695759337,-3.2551810544240567,-1.5438161689908227,-3.168893234783193,2.987658341401226,-4.533218124221091
70.0,0.0,9602.921875,-4.354791947613192,4.895840963518644,-2.741077589121494,4.565784348569624,3.7896092309297966,3.1674098418489134,-0.9050103967811598,2.4378562163946027,-3.721874843654679,3.723377081023745
70.0,0.0,25469.810546875,-1.5768837054165985,-3.338097876748402,4.041570493887923,-2.159698114470588,4.587396982815498,1.4003300533602374,-4.118268108501056,-3.433243041184543,-2.9883953597484094,2.430084911830935
70.0,0.0,16467.62109375,-2.943662693638517,3.539966060739829,-3.319395408144458,-0.0826169981459052,-3.6627739771820274,-4.331807460357286,3.233904538969764,3.613879614520524,3.361004553005639,-0.4271949019915126
70.0,0.0,4361.71240234375,-0.6762951927109668,0.6440262706735611,-1.375410206429935,0.8258468177319962,-2.6260553870965806,0.8065218010796578,2.398525948073688,4.773955325559511,-4.345475741064695,4.413567310534967
70.0,1.0,3389.785400390625,-2.7577888393123184,-3.249409353582374,-1.475091419398046,3.445663024727359,0.7571855070926423,2.413149413446591,-2.540581982728796,0.2288080422328704,-1.953440809661541,0.7930591287482169
70.0,1.0,1295.544677734375,-4.7211436116565,-0.0802385638475602,-4.136358330744322,2.6082690478793813,-0.1744720949826277,1.6224520473777169,-4.718659821388376,3.891861170104885,-2.059254254204202,-0.7771556829151498
70.0,1.0,7576.9189453125,-4.176034432828482,-2.6502808366584034,2.2044338582087306,2.2046468184222983,-2.0484613821629365,-2.237303715611993,0.0167554743662905,3.0304355016193254,-2.1779567960817108,-2.34373358708285
70.0,1.0,1895.7474365234373,2.930408954283239,3.7356589014107175,-2.149173893586957,3.9878867009679135,-1.487333299158486,-1.867456773341016,-0.4043885882576639,3.915010989633121,-1.0898867753101955,-0.0897856217209205
70.0,1.0,6167.53466796875,-2.454112931769161,3.5514367992860683,0.7294351960948404,-0.9252130619150024,0.4626271511843995,-1.0753047971242184,0.2253429567432894,-2.5547849479079883,-1.622807987755304,-1.0254235462871142
70.0,1.0,7742.80029296875,3.865568705165824,3.590331189098346,-1.872569297648241,-0.3563143183581818,-2.804290812813308,-2.284022882534204,2.813902514411508,-2.078552728942247,0.6776740954238587,-1.497508368843958
70.0,1.0,6658.01123046875,-0.5584400838158423,-1.0505785127489051,-1.7672646985659275,-2.982748158232626,-3.8339213558456096,-2.429080809984862,2.6305615418081967,2.953241791817767,1.3113309213130326,4.552473045571377
70.0,1.0,1287.0511474609375,-2.832007521662053,-0.1953216526005641,-2.6623325050240645,4.148133343531492,-4.568926912749819,0.3623171574139014,-1.1020089457326765,2.24712338615468,0.3735109732098136,3.4641211407912147
70.0,1.0,1666.81884765625,0.0650282857556447,0.1027096029706231,-2.0397265315294417,2.1481244235011,-0.5923782798777797,0.5010497913169427,-1.6269679255271168,0.086718430445531,-0.9304264400246196,0.9761691626664736
70.0,1.0,9129.4912109375,-2.9319018141257125,4.102879609275559,0.9997884919877746,3.051671232734881,-2.231802164743836,-2.185375356884247,2.467472245928024,-2.779281590119708,1.043036520732873,2.3876777954096813
70.0,1.0,9221.6328125,2.548648564472428,3.399267466192015,0.5724612001687106,-2.1168400338240607,-3.195518048553998,0.6557058548259302,-1.2262410308195109,1.865200566488096,1.906681638239052,0.4590271486690609
70.0,1.0,756.8936767578125,-3.907170400178616,3.119094321070415,-3.0857299117691497,4.1644136510708005,-4.085385784413289,-2.437034339594359,-1.2555883338096,2.1546079774313176,-2.7192964228416514,3.38348192267215
70.0,1.0,1177.497802734375,0.2481173143182815,1.483666380869523,-2.788712273113517,4.029997718049598,-0.8954278745667078,-2.162573939962794,-1.366529012982198,-0.3626309674999697,-0.2903386404443975,-0.9762747716527844
70.0,1.0,26444.490234375,-0.2615846399609562,1.5018324981047382,4.562080957694107,3.880159373275376,-0.688934166016832,-2.2411858510550378,-3.183298547582418,2.25165598079808,3.424804423093052,-2.406466155730793
70.0,1.0,9154.2109375,-1.3045001235617253,-0.6058117967444576,1.90431313306382,1.446329592900379,-1.679978772503409,-0.9396484170381492,2.151663066246821,-0.3979356906724276,-1.886727993131104,-0.7168789613908908
70.0,1.0,1157.0120849609375,1.827994227035424,-1.6681153738046612,-2.5449291809020123,0.2626865721937275,-3.78305108779095,2.710705591656187,-1.484127911859674,1.335330345571646,-0.5292847501919766,4.942636782871553
70.0,1.0,1268.8992919921875,0.9947594713365344,1.654592077819574,-2.550729081968933,4.309451271137784,-2.706572102224529,-0.0145016125245732,0.1741964377205462,3.630974503993372,0.1803692240646386,3.0312396613748
70.0,1.0,6558.48388671875,1.615585158220119,-2.092194619677124,1.7966618884287229,-2.538222164301228,-4.100077684842828,2.514630193602638,-0.3594161245995599,-0.452275417816701,-2.4868107485552025,4.00836304101297
70.0,1.0,6014.33740234375,-1.9642020006502288,0.6487120037905587,1.0718993141502755,4.444798086153158,-0.3809568626381789,-2.861698032241952,1.201692512596487,2.652898553039975,-1.0810506017386512,3.745374633487266
70.0,1.0,12030.0947265625,-1.4235356611979082,3.328880195910066,-0.0699073470293472,-0.7952970932789372,2.297317365164848,-2.4797212430479414,2.7312816166065588,1.562693471025732,-1.2003717974319688,4.235518142442646
70.0,1.0,7910.61767578125,0.5627040176987945,2.491909385489608,-2.3850350534253115,-1.6592548507515712,-3.789523292997984,-0.080692641473469,-1.3015488215441031,3.3878045005992026,2.6960595926796938,0.1985339693359655
70.0,1.0,14489.98046875,-3.4854243551278743,-1.5083996938737338,2.933144735954155,3.6875902030279697,2.1891349924085435,2.2917916399830105,-0.5668301172675193,0.9143264611082448,-2.686726783443982,-1.3714578086908031
70.0,1.0,7934.6748046875,-1.8109780228837504,-2.557472556347988,-1.8374883865934484,1.1687763147278805,-1.884971685716283,2.782325958355104,1.8978477479088376,4.98179801877564,2.11783452794902,4.793161495922527
70.0,1.0,8923.0322265625,-2.9462864897714995,3.061439621315793,-0.9113466968488462,2.7577894761840254,2.880530698928684,-2.330015011112001,-0.2888197699976569,-2.910496221330789,-0.002187011452158,2.6052719730936
70.0,1.0,5174.53369140625,4.055349415490777,2.786846241094437,-0.3371115215852329,4.879345245685538,-4.759371756293858,-1.404570143868213,-4.863068240670683,-2.7849614446484066,-0.4784952101746977,-3.745766221682539
70.0,1.0,10013.2822265625,-3.068719263499677,-0.8506905693129627,-2.836684842668057,0.2877593137657022,0.0641061548117223,-2.2029547573335115,-2.252654083447218,2.154005933169767,2.920459962445239,1.840407878084665
70.0,1.0,16340.947265625,-3.948233137453293,2.026605070605557,2.55493622407754,1.2752806045672056,1.863210867128705,2.0831893784414426,2.985185333192919,1.5689122312113124,-0.7154982330389128,1.6502277885962755
70.0,1.0,1007.6475830078124,-0.6891523012458318,1.2344720593964809,-3.0155853646060846,0.1675904773962635,-1.2508445231370375,-2.1091486643690063,0.1659998799942235,-2.703510283789851,-2.801070124455208,2.571433996856033
70.0,1.0,6700.2158203125,2.670526024983213,4.031667917954376,-1.1570779866773302,-1.0327303745127931,1.7331429247582577,-0.8430816727560106,1.112946614312236,1.6402830330768987,-1.5729029688685034,3.6389393147436833
70.0,1.0,6895.04248046875,-2.102056448462915,1.0065084115788654,1.3090043471553887,-2.382316597681603,-3.902176805817069,-1.620176795431565,1.7892579998652884,2.3771742777249147,0.4889113444673283,0.8961052458715764
70.0,1.0,4457.70654296875,-1.7239141037385188,2.250810953467985,-1.5083096002370904,-1.921784788007548,1.2768164874903896,1.5785958052299425,-0.4201648059220098,-1.7576487968296872,-2.6962923474013496,-3.25804948258247
70.0,1.0,4807.97021484375,-0.2629800544713925,3.196019387309609,-0.3906120850729051,-2.6345382644239894,0.935597090270024,-0.7805876907793596,-1.728099800968648,0.7568170816613087,-1.5832900523429472,4.824935383363534
70.0,1.0,10077.4619140625,-2.142224466095091,4.049263954335107,1.0985826296775074,4.914773578996735,-1.9491572041691936,2.8986749695624905,-0.7967200295079842,3.5293941295779048,2.35361597618439,2.009057806119316
70.0,1.0,23269.765625,1.5464822187009966,-0.5009604115182822,2.7986538035806987,1.184002148382145,-0.5401385732278443,-1.898907425894864,0.7247781276217136,2.909602785318136,3.604266452884256,3.6469977713062462
70.0,1.0,1995.2349853515625,-0.966457467133683,3.412740762594248,-1.2002864129916109,4.626996224927412,-2.586672483451551,1.8619784213059127,-0.6231149602629511,-2.264119375269903,-1.312485059531226,4.401346579763065
70.0,1.0,5255.09130859375,0.2462813501615137,2.3338706392892505,-1.2838180019155678,0.9784628323868584,1.1738419259437514,2.5194428771066804,1.4972616483998955,1.1841173806159355,-1.4888864736595795,4.99532774516566
70.0,1.0,2528.336181640625,-0.0079062431057111,4.490141091823115,-2.995934439060149,4.9857227686317245,0.3607595786284818,2.126358764449306,-1.5588851618425483,-1.2235014716847186,-1.7877262805726777,-2.1351978292368354
70.0,1.0,4765.9248046875,2.264681827149269,3.397481050370792,0.2673094002954457,-0.5948960724895267,-1.3486759900747989,-2.7757883129715,-1.3753983621148764,-0.8456947591526429,-2.1662022696244394,4.199137605967692
70.0,1.0,1570.4437255859375,-1.1833896443859229,-1.070395353691655,-2.242277899077317,3.212356547586478,-4.233370182665687,-2.177821931689339,0.9663287243514916,3.2100469558203284,-1.22542112212153,2.8368209805492643
70.0,1.0,836.35693359375,1.87924847999648,-3.9698896105215504,-3.879092034709679,-3.231289155750761,-4.464439923073054,-3.1840952717256608,-0.115077891912664,1.9854711277698007,-2.43219329016392,3.8278606435013742
70.0,1.0,6003.7548828125,-1.8718850487055785,4.642957324422914,-2.107989115178232,0.7079682317286675,2.031271840760475,-2.6458569306003827,-1.885060299520368,3.1462461699761537,0.2222763566351362,-2.7906004994967617
70.0,1.0,2736.5927734375,-2.513751594476383,0.484147985429606,-0.4231933216611381,4.738183943449044,-2.589786059289776,0.5327164076831072,0.1859154183326978,2.541362224011729,-2.258046241232207,-0.644989067584123
70.0,1.0,2733.729736328125,-3.994423189210037,-2.3820052896417607,-2.602052734726736,-1.4354560769014617,0.8337354476578316,-1.2694071611723574,-0.8480114717490341,0.4597621007383661,-2.404502885865281,3.3815304511050988
70.0,1.0,22324.3203125,1.0784827776697306,0.9743438309153216,-0.6972310741182755,4.887781238296139,-0.6214778536856649,3.6242773626921694,1.102497005920739,3.959216005766309,4.676026189502689,0.2859914981179856
70.0,1.0,8530.6650390625,1.2875570795156204,0.3617285016527476,-2.424225121276332,1.7178898641378373,2.651912091250143,-2.8656054250051124,1.4694824644984232,3.127418909985747,-0.101422236409574,-1.889390382616083
70.0,1.0,8097.763671875,-2.9014748062625224,2.9944574641933563,-1.6094939330388431,4.942291256531343,2.1393732165742945,-1.8340129861471453,-0.8139004948372921,-1.168893234783193,0.987658341401226,-2.533218124221091
70.0,1.0,5328.6005859375,-3.826344797770295,2.895840963518644,-1.5324346493578038,4.857479432951327,1.7896092309297966,1.1674098418489134,-0.8747657412728157,3.29619484409628,-2.752576104064727,4.537680546459756
70.0,1.0,13264.32421875,-3.5768837054165985,-1.3380978767484022,2.0415704938879227,-0.1596981144705878,2.5873969828154983,-0.5996699466397626,-2.118268108501056,-1.433243041184543,-1.6290743178997422,2.94425522954548
70.0,1.0,4844.31689453125,-3.096666213292715,3.77544823880569,-1.4259375076343748,1.9173830018540947,-2.3991929515521444,-2.473525747428801,1.5438069403562271,3.081205466315602,1.361004553005639,1.5728050980084871
70.0,1.0,2712.128173828125,-2.676295192710967,2.644026270673561,-0.4756359699701376,2.825846817731996,-4.626055387096581,0.6866696901528709,0.3985259480736873,4.798171826666818,-2.345475741064696,4.527979957474765
70.0,2.0,799.2139892578125,-2.5450968292155824,-1.249409353582374,-3.467039055152896,4.978975540231483,-1.2428144929073577,0.4131494134465909,-0.5405819827287957,2.2288080422328704,-3.953440809661541,2.793059128748217
70.0,2.0,651.529052734375,-4.026521130889029,1.6549040091275686,-3.168833086868455,4.627463397452298,-2.506864581034605,0.6538027924240117,-3.3103677807541385,1.7451087222276986,-3.261599323052323,0.9658588031112856
70.0,2.0,3963.613037109375,-4.897759417616452,-0.6502808366584034,0.2044338582087306,3.9911286765002174,-2.281960011703106,-3.0652595984495896,-0.7223672583289253,2.890078735137731,-1.0560522363516691,-0.9839591819714616
70.0,2.0,783.360107421875,0.930408954283239,4.448809781306601,-3.032874928392045,4.16778478586705,-2.760505947058647,-2.386430604260621,-2.0551408619634577,3.4129722884025093,-3.0898867753101955,1.91021437827908
70.0,2.0,1855.7236328125,-4.454112931769161,3.743865440557854,-1.2705648039051596,1.0747869380849977,-1.5373728488156004,-1.6285509056788614,-1.7746570432567106,-0.5547849479079883,-3.622807987755304,0.9745764537128858
70.0,2.0,2379.50341796875,3.839471776560501,3.7985823820293394,-3.8725692976482415,1.6436856816418182,-4.804290812813307,-3.6622004755681887,0.8139025144115077,-0.0785527289422471,-0.8847191350312378,0.5024916311560421
70.0,2.0,1097.520263671875,-2.5584400838158423,0.9494214872510948,-3.767264698565928,-0.982748158232626,-4.77105969739038,-3.609101423087624,0.7631526434251106,3.6129707050054782,0.1833253273369561,3.594146582478432
70.0,2.0,1222.70703125,-3.336009301276494,1.804678347399436,-2.1745661451335323,4.822007984242174,-4.69458424057184,-1.6376828425860983,-2.4192265212378112,3.5025729146932094,-1.6264890267901864,4.653882483327337
70.0,2.0,476.8454284667969,-1.9349717142443552,2.102709602970623,-3.7755302761930274,4.1481244235011,-2.5714065042799343,-1.4989502086830573,-0.1464309295079358,2.086718430445531,-1.7678321484238009,2.77422987910025
70.0,2.0,2453.08447265625,-3.9313338243937888,3.83323639468539,-1.0002115080122254,4.8532156517368685,-4.231802164743836,-3.832220174476378,0.4674722459280236,-0.7792815901197079,-0.9569634792671272,4.387677795409681
70.0,2.0,1506.63720703125,0.5486485644724279,4.365599160914781,-1.4275387998312894,-0.1168400338240607,-2.7225999399138128,-1.3442941451740698,-1.569575318284726,3.165143026618873,-0.0933183617609483,2.459027148669061
70.0,2.0,756.8936767578125,-3.907170400178616,3.119094321070415,-3.0857299117691497,4.1644136510708005,-4.085385784413289,-2.437034339594359,-1.2555883338096,2.1546079774313176,-2.7192964228416514,3.38348192267215
70.0,2.0,543.9925537109375,-1.7518826856817185,3.4328642566543817,-4.600493281215961,4.4114533164708565,-2.895427874566708,-2.6678487576943293,-1.90747260285325,1.2314190948619022,-2.2903386404443973,1.0237252283472156
70.0,2.0,10133.7470703125,-1.2671855335514024,2.8950487507713665,0.562080957694107,3.616212415512648,-2.084907896654792,-2.2301719895489693,-3.183298547582418,1.914083619486084,2.413033486546716,1.5277662309155169
70.0,2.0,3229.28076171875,-3.3045001235617253,1.3941882032555424,-0.0956868669361803,3.446329592900379,-3.679978772503409,-1.0486858845481448,0.1516630662468205,1.6020643093275724,-0.8413874321999535,1.2831210386091092
70.0,2.0,1157.0120849609375,1.827994227035424,-1.6681153738046612,-2.5449291809020123,0.2626865721937275,-3.78305108779095,2.710705591656187,-1.484127911859674,1.335330345571646,-0.5292847501919766,4.942636782871553
70.0,2.0,1268.8992919921875,0.9947594713365344,1.654592077819574,-2.550729081968933,4.309451271137784,-2.706572102224529,-0.0145016125245732,0.1741964377205462,3.630974503993372,0.1803692240646386,3.0312396613748
70.0,2.0,3043.662353515625,-0.3844148417798809,-0.0921946196771239,-0.2033381115712771,-0.5382221643012279,-4.724942948042316,0.5146301936026378,-0.7780996246864499,1.547724582183299,-2.114657204555695,4.549556734412339
70.0,2.0,2333.9267578125,-3.195215536504472,2.6487120037905587,-0.9281006858497244,4.486810805400292,-2.380956862638179,-1.3806679090843776,0.5365784519935637,3.42095751840678,-3.081050601738651,4.49075490984551
70.0,2.0,2959.848876953125,-3.423535661197908,2.74544937657061,-2.069907347029347,1.2047029067210628,0.2973173651648473,-1.1967048797869833,0.7312816166065588,3.4364681492721028,-2.4217355800511937,4.133303164744995
70.0,2.0,1490.8841552734375,-1.4372959823012057,1.4485487001242294,-4.385035053425312,0.3407451492484288,-3.2081099157005606,-2.080692641473469,-2.506675808761281,1.588192481151626,0.6960595926796938,2.1985339693359656
70.0,2.0,6618.55908203125,-4.760983173144112,0.1085698393047094,0.9331447359541548,4.968557411281076,0.9909085996186848,0.2917916399830105,-0.9109611887509272,2.914326461108245,-1.462740227388617,0.6285421913091969
70.0,2.0,1688.6292724609375,-3.8109780228837504,-0.5574725563479879,-1.5926009348842676,3.1687763147278805,-3.884971685716283,0.7823259583551039,-0.1021522520911624,2.98179801877564,0.1178345279490198,2.7931614959225266
70.0,2.0,2982.30908203125,-3.382891493697571,3.8657223435907633,-2.911346696848846,4.757789476184025,0.8805306989286841,-2.108820324098232,-0.3688345799611012,-0.9104962213307894,-1.3231189826231935,4.6052719730936
70.0,2.0,2375.35400390625,1.5903107256162912,2.4634774559104846,-1.0009473392446404,4.079229441122661,-4.759371756293858,-0.960968535340858,-2.047166728836129,-0.2540520925687657,-0.8519580905976332,-1.7355735336445135
70.0,2.0,3003.291748046875,-4.55499366856426,1.1493094306870373,-1.6194484527930788,2.287759313765702,-1.264175154685956,-2.0727746769707203,-0.2526540834472186,0.8904214736925904,0.9204599624452392,3.840407878084665
70.0,2.0,5765.99560546875,-3.996459675869164,4.026605070605557,0.5549362240775402,3.2752806045672056,-0.1367891328712946,0.0831893784414425,0.985185333192919,3.5689122312113124,-2.715498233038913,3.533991299908746
70.0,2.0,614.260009765625,-2.689152301245832,3.234472059396481,-3.707102381452649,2.1675904773962635,-3.250844523137037,-1.7860617722978178,-0.0251141490094946,-0.7035102837898508,-1.5091136993236374,4.040514815045039
70.0,2.0,2269.918701171875,0.6705260249832126,2.386498198951129,-3.15707798667733,0.9672696254872069,0.3422512776738107,-2.84308167275601,-0.887053385687764,3.507464746597418,-3.460691698826987,4.43629020139475
70.0,2.0,2273.193115234375,-2.3681597033458264,3.0065084115788654,-0.6909956528446113,-0.3823165976816032,-4.540254855807228,-3.469336106682734,-0.2107420001347115,2.6682517085211024,-1.5110886555326717,2.8961052458715764
70.0,2.0,2038.8388671875,-3.723914103738519,4.145839750558707,-1.4377419774183806,0.0782152119924521,-0.7231835125096104,-0.4214041947700575,-2.4201648059220098,0.2423512031703127,-3.5295575533591785,-1.2580494825824706
70.0,2.0,1038.4544677734375,-2.00822536255192,4.3284685680815365,-2.390612085072905,-0.6345382644239894,-1.064402909729976,-2.78058769077936,-0.8067734512562488,2.167160027838353,-1.8740562061915305,3.801531244163408
70.0,2.0,2605.796630859375,-4.142224466095091,4.235654491447144,-0.9014173703224926,4.747046338713141,-2.558508771027816,0.8986749695624905,-0.4202973630697331,2.624399307807028,0.3536159761843898,4.009057806119316
70.0,2.0,7700.39794921875,-0.4535177812990034,1.4990395884817178,0.8775555394098569,3.184002148382145,-2.5401385732278445,-0.7524716882547009,-0.303187051850726,2.632426555534111,1.6042664528842565,2.6015201490051054
70.0,2.0,751.8089599609375,-2.966457467133683,2.7605727097137533,-3.200286412991611,4.692674841948827,-4.586672483451551,-0.1380215786940866,-0.6259018205529783,-0.2641193752699031,-3.113410629506596,3.985734808201133
70.0,2.0,1320.2059326171875,-1.7537186498384862,4.33387063928925,-2.31448982089544,2.9784628323868585,-0.8261580740562486,0.5194428771066804,-0.5027383516001045,3.184117380615936,-2.902912574900765,3.626924099079837
70.0,2.0,515.424072265625,-1.2160266228036218,3.6870742326713146,-4.36596034316589,4.534212722757718,-1.6392404213715182,0.1263587644493058,-0.0992910205638302,0.7764985283152814,-1.7459775752829167,-0.1351978292368354
70.0,2.0,1637.7078857421875,0.2646818271492694,2.26277582446346,-1.7326905997045543,1.251892609750167,-2.708979285569413,-3.957341202205287,-0.0298695345124986,0.5097052981069627,-3.547928798589042,4.604998918652721
70.0,2.0,1468.0291748046875,-2.494823858436129,0.9296046463083448,-1.852547546904424,3.4899511055151926,-4.482947219807421,-1.002943851785946,-1.0336712756485085,1.4858565414221854,-1.335063758692128,4.77379950379038
70.0,2.0,417.1419372558594,-2.0888175794518142,0.0301103894784495,-4.118029039372813,-2.0047275578673767,-3.6617552076975617,-2.104759776919683,-1.1985821180463572,2.4133008470881125,-2.543295679745292,3.621993978724939
70.0,2.0,1431.732421875,-3.8718850487055785,4.595218748450842,-4.107989115178231,2.7079682317286675,0.0312718407604748,-1.0633728819023325,-0.1078860440651914,2.175370043781052,-1.7777236433648638,-0.7906004994967617
70.0,2.0,917.013671875,-4.513751594476383,2.484147985429606,-2.423193321661138,4.856642097801677,-4.589786059289776,-1.4672835923168928,-0.7944003677284245,3.3875899300827683,-1.8664542499298973,1.355010932415877
70.0,2.0,870.2342529296875,-4.249927721739644,-0.3820052896417607,-3.505587460405568,0.5645439230985385,-1.1662645523421684,-2.763093569809392,0.3948346226003223,2.116364442642219,-1.7161267681156045,4.6477319671658845
70.0,2.0,7768.990234375,-0.7931297230911603,2.9743438309153216,-2.6972310741182755,4.813429736465718,-2.621477853685665,3.4052013995114816,-0.8975029940792609,3.7762718116171774,2.6760261895026893,2.2859914981179856
70.0,2.0,2659.87451171875,-0.7124429204843796,2.361728501652748,-2.44674558983337,3.717889864137837,0.6519120912501428,-1.681937075098213,-0.5305175355015768,1.1274189099857468,-2.101422236409574,-0.4380927175517255
70.0,2.0,1862.3466796875,-4.423399455397102,4.462884968694454,-3.609493933038843,4.888568708695991,0.1393732165742944,-1.04199414234026,-0.9244758023921666,0.8311067652168069,-1.012341658598774,-0.5332181242210909
70.0,2.0,1547.2860107421875,-3.618360159759869,1.8224113232707864,-2.599790838040745,4.5891772564295295,-0.2103907690702033,-0.8325901581510866,-1.0253178623490966,3.038939930727006,-2.083033905967122,2.968602132579353
70.0,2.0,5291.3935546875,-4.864097440855755,0.6619021232515978,0.0415704938879226,1.840301885529412,0.5873969828154983,-2.5996699466397626,-0.1182681085010557,0.1737725721183471,-1.68372111265904,4.126358121098078
70.0,2.0,1484.4073486328125,-3.8729541332461888,3.762026756068981,-1.6618894411384806,3.917383001854095,-2.8186855884478472,-1.2533312718416971,-0.4561930596437726,2.402590167428251,-0.6389954469943611,3.572805098008488
70.0,2.0,877.1185302734375,-4.676295192710967,4.388006582075075,-2.4756359699701376,4.825846817731996,-4.982747740552215,-1.313330309847129,-1.6014740519263126,3.7809204342242912,-1.1644025108722384,2.6203241799025494
70.0,3.0,584.3595581054688,-1.8231830436515644,-0.0746642677236111,-4.649745689719804,2.978975540231483,-3.2428144929073577,-1.586850586553409,-0.6740246306756048,3.155318319438166,-4.193632465884196,4.352876476332503
70.0,3.0,459.9545593261719,-2.206493201634687,-0.3450959908724313,-3.809873463733963,2.6274633974522983,-4.5068645810346055,-1.3461972075759885,-1.3103677807541383,1.8407774674431767,-3.2171747010683065,1.367700545023938
70.0,3.0,1339.16943359375,-2.8977594176164523,1.3497191633415966,-1.7955661417912694,1.9911286765002183,-4.042328908639924,-1.6288697291950889,-1.1940918569223278,2.1552578407152017,-1.55079435888511,1.0160408180285383
70.0,3.0,558.1424560546875,-0.1194386073329165,2.448809781306601,-4.516334543454424,2.16778478586705,-4.126196638999884,-2.5620805138840783,-2.3500760422800613,2.9406274800336223,-3.111854919049712,3.561604922357514
70.0,3.0,670.853759765625,-2.4853163103661533,1.7438654405578542,-2.852808191436132,-0.3287610211098013,-3.5373728488156004,-2.1228724613357763,-2.036132473978797,1.4452150520920115,-3.0968522190997665,2.974576453712886
70.0,3.0,707.5296630859375,1.8394717765605009,2.480137005472346,-4.902341455900136,-0.3563143183581818,-3.556919754582962,-1.6622004755681887,-1.1860974855884925,1.9214472710577528,-2.884719135031238,2.502491631156042
70.0,3.0,428.3296813964844,-3.3317048321219245,1.6991058981754414,-4.957704197690823,-0.904604858300844,-4.320329257562881,-4.104779289350284,-1.2368473565748894,3.3511644075666185,-1.816674672663044,3.179389610729558
70.0,3.0,564.1729736328125,-3.0996884374197933,2.370634137352777,-3.69710199688464,2.822007984242174,-3.748427355661384,-3.407550677883401,-1.1239155181842997,3.01165083851587,-2.66939674836306,3.636109131037624
70.0,3.0,476.8454284667969,-1.9349717142443552,2.102709602970623,-3.7755302761930274,4.1481244235011,-2.5714065042799343,-1.4989502086830573,-0.1464309295079358,2.086718430445531,-1.7678321484238009,2.77422987910025
70.0,3.0,867.2005615234375,-3.4345815395832493,1.83323639468539,-3.0002115080122254,4.455836118528025,-4.122690880503383,-1.8322201744763784,-1.5325277540719764,1.220718409880292,-2.956963479267128,4.536183585748662
70.0,3.0,728.6552734375,-1.101628823161111,2.3655991609147806,-2.80717903212286,-1.4100371513818726,-4.336744175960822,-3.3442941451740698,-1.4453925058613035,2.304348038326226,-2.0933183617609483,3.8117154723795545
70.0,3.0,495.2945861816406,-2.357236350767956,2.07853782711154,-3.642274508264627,2.1644136510708005,-2.891318751483829,-1.9463674218114488,-0.8793286166683659,2.919245434864119,-2.20688286424907,3.857097675541744
70.0,3.0,443.5115051269531,-3.1669682619428325,2.446690466082937,-4.674177280788667,2.4114533164708565,-4.895427874566708,-2.376484916203524,-1.964834759668168,3.231419094861902,-3.2206847454677594,2.266613406565696
70.0,3.0,2114.716552734375,-2.4974531890712,0.8950487507713665,-1.437919042305893,1.6162124155126474,-4.0849078966547925,-2.546679120847955,-3.0424363241738903,1.7424963092940755,0.4130334865467153,3.5277662309155167
70.0,3.0,1070.4925537109375,-2.134929118449256,0.3852217227750174,-2.0956868669361803,1.446329592900379,-4.599132924773661,-1.7742033700911108,-1.7708894978310026,3.6020643093275724,-1.131108698889539,3.283121038609109
70.0,3.0,582.313720703125,1.2579706119375211,-1.25335783823255,-3.896198168910874,0.2626865721937275,-3.1803372891301485,1.3173294490729754,-1.1847581864109782,1.335330345571646,-2.092153679749252,3.4980826508004688
70.0,3.0,534.3079833984375,-0.4483233434784475,1.078632563410613,-3.1528373474782736,2.337923621719856,-4.212670576774625,-0.7671094298892907,-0.3700448850464677,2.488598236908464,-0.6759183335760486,2.3948319899602195
70.0,3.0,895.366455078125,-2.384414841779881,1.0015322854383395,-2.203338111571277,-0.5972865271045157,-3.2704580709128948,-1.4853698063973622,-1.5675625896681002,3.096528679366633,-2.374243349777871,3.019577602062097
70.0,3.0,1248.8646240234375,-3.7128873074679634,0.6487120037905587,-2.100319490048128,4.119628225588196,-4.380956862638179,-1.6070936134222142,-1.4634215480064363,2.1932498192362715,-3.155062407255852,4.200698972276862
70.0,3.0,679.739013671875,-2.6334785258252094,0.7454493765706101,-3.048274335078437,0.1817839272250645,-1.6559191551453205,-0.7144660016917517,-1.2687183833934412,3.251148712872182,-3.162176241688953,4.029602216602599
70.0,3.0,521.9022827148438,-3.437295982301205,0.4549139622809079,-4.910485682574201,0.6569499504484226,-3.156081837880164,-3.02475891087236,-2.2083613134909528,2.007178193846608,-1.3039404073203062,4.198533969335966
70.0,3.0,2063.02001953125,-2.760983173144112,0.7082874851467775,-1.066855264045845,2.9685574112810764,-1.0090914003813152,-1.2112407216724457,-1.1832694276748688,2.947722443381722,-1.9167466182765505,2.628542191309197
70.0,3.0,539.8421630859375,-4.229608555222624,1.2752465486032885,-3.592600934884268,3.652723402994941,-4.500178114765365,-1.217674041644896,-1.8249906977270989,1.774284466478062,-1.88216547205098,3.059282876636444
70.0,3.0,757.40966796875,-2.278507513677845,1.8657223435907635,-4.911346696848846,2.7577894761840254,-1.119469301071316,-2.0042111424861986,-1.881995800399064,0.9346986030821104,-3.323118982623193,4.365367337748402
70.0,3.0,649.730712890625,-0.4096892743837088,0.4634774559104846,-3.0009473392446404,2.079229441122661,-3.5438269624894456,-1.027847869952615,-0.946781690947546,1.7459479074312343,-1.9950861815157528,0.2644264663554865
70.0,3.0,1298.918701171875,-4.059556735373565,0.9741028809579276,-2.0413226467076107,1.3077341583255808,-3.2641751546859563,-2.0478055500098327,-0.3256021596368356,0.8236164152381055,-1.0795400375547608,4.7329150359194845
70.0,3.0,1566.0087890625,-3.6363595318766144,2.026605070605557,-1.4450637759224598,1.2752806045672056,-2.1367891328712947,-1.9168106215585567,-0.7344375539171453,3.853606771837156,-3.377962733351993,4.454006844876519
70.0,3.0,485.38916015625,-3.253515859147482,3.918703849267272,-4.745017807679426,0.1675904773962635,-4.65564841293398,-1.817906816869734,-0.7841430232256351,1.2964897162101492,-1.5980554509669327,4.09323316743048
70.0,3.0,547.8370361328125,-1.3294739750167874,0.5686959412944306,-4.956782873138656,-0.9578310262164836,-1.6577487223261893,-3.06174761193237,-1.899416797589894,2.9825019557095347,-4.1711370020193925,3.4041857326824063
70.0,3.0,791.56689453125,-2.416973731311946,2.5839559742668703,-2.690995652844612,0.2431335385926021,-3.977020687985587,-2.74744901068285,-1.90338433777702,2.3904562483559024,-3.511088655532672,3.940518230696708
70.0,3.0,534.081787109375,-3.6335611598031647,2.1458397505587072,-3.437741977418381,0.9390736352511464,-2.7231835125096104,-1.3918838797662625,-3.3399556796184227,2.2194358862729664,-3.888746518171141,0.7419505174175294
70.0,3.0,379.752197265625,-2.901523178877758,2.3284685680815365,-4.390612085072905,-1.3504032006128768,-3.064402909729976,-2.658282640562022,-1.0904426236138398,3.255961468345836,-2.458673903129296,2.994648390572977
70.0,3.0,743.2083740234375,-3.8802947197370896,2.235654491447144,-2.9014173703224926,2.747046338713141,-4.558508771027816,-1.1013250304375095,-0.4627862106270656,2.1993884311057075,-1.6463840238156102,4.183705095248191
70.0,3.0,2823.4052734375,-1.7523090115493782,1.713392108468298,-0.3634560946740677,3.886358200777418,-4.415652041466338,-2.539124082529584,-2.050275008310143,2.2539281593848446,-0.3957335471157437,3.841753016051256
70.0,3.0,537.555908203125,-2.944824349773293,1.2240640906512772,-4.312611548739673,2.692674841948828,-4.218588231552071,-2.1380215786940866,-0.9058529328454392,1.3975203745161893,-2.9406575594580624,3.479377776492499
70.0,3.0,487.23876953125,-2.856732439588592,2.33387063928925,-4.31448982089544,3.1026948919815465,-2.8261580740562486,-1.4805571228933196,-2.5027383516001045,3.777950584366327,-2.89867770987558,2.993178555749995
70.0,3.0,502.4065856933594,-2.855834266260844,1.6870742326713146,-4.896384798844968,2.534212722757718,-3.52119721311356,-1.8736412355506944,0.4039784709739535,2.577958161196854,-2.269937780760128,1.8648021707631648
70.0,3.0,581.6324462890625,-0.8086251153180539,1.3287812672186223,-3.7326905997045534,-0.748107390249833,-4.708979285569413,-1.9573412022052867,0.2708266906645806,2.5097052981069625,-3.5608509595265305,3.828883984485584
70.0,3.0,993.8292236328124,-2.537847358555373,0.6275662104795401,-2.485989450084239,3.919254116276361,-3.849120248855774,-1.3518911847924504,-2.280449920409731,1.672437598237688,-1.41786405806251,4.827469959902783
70.0,3.0,417.1419372558594,-2.0888175794518142,0.0301103894784495,-4.118029039372813,-2.0047275578673767,-3.6617552076975617,-2.104759776919683,-1.1985821180463572,2.4133008470881125,-2.543295679745292,3.621993978724939
70.0,3.0,414.563232421875,-4.061939749698348,2.5952187484508418,-4.171427306071354,0.7079682317286675,-1.9687281592395247,-1.6044769752232817,-1.1738060125583625,1.87631423096122,-3.777723643364864,1.2093995005032383
70.0,3.0,478.702880859375,-3.7239738420670383,0.484147985429606,-4.423193321661138,2.856642097801677,-3.703701110688789,-2.4884632298160145,-1.935448517135928,2.845763312800765,-2.163345394648629,3.009244934596058
70.0,3.0,399.6268005371094,-3.2139944187536686,0.8646001174324864,-4.819640698891829,-1.3533009856665397,-3.1662645523421684,-2.637677633179229,-1.4191703205610735,3.195825179583756,-1.8970794369408617,4.573029419326409
70.0,3.0,1548.4696044921875,-2.7931297230911603,0.9743438309153216,-3.6295538782361176,2.813429736465718,-4.621477853685665,1.4052013995114816,-2.255854255428741,3.676996962488996,0.6760261895026893,4.285991498117985
70.0,3.0,649.187255859375,-2.71244292048438,0.3617285016527476,-3.3714728048497262,1.7178898641378373,-1.3480879087498572,-1.2725368131066832,-2.0364744396891243,2.383531826954722,-3.8530924498476535,1.5619072824482745
70.0,3.0,460.5943603515625,-3.0469409249807184,2.4628849686944543,-4.667195909023358,2.888568708695991,-1.8606267834257053,-2.486935448579149,-1.2056821489998024,2.0341603779538704,-2.596614312784816,1.466781875778909
70.0,3.0,482.459228515625,-1.930236022451548,0.606837067939066,-4.599790838040745,2.589177256429529,-2.210390769070204,-2.8325901581510866,-1.300178075605673,2.7035459312872865,-2.1953197989659623,2.78385557012692
70.0,3.0,1484.3935546875,-3.7988855284554113,0.5764520561597686,-1.958429506112077,0.8269308179895434,-1.4126030171845017,-3.092303042699154,0.2845092513934701,1.7525130492505776,-1.862077313107104,4.551924299418044
70.0,3.0,526.938720703125,-3.92556246957358,1.7620267560689813,-3.661889441138481,1.9173830018540947,-4.378174357110407,-1.9540961691878007,-1.7485728452341969,2.0994400903779136,-2.638995446994361,4.585993956478349
70.0,3.0,506.5530090332031,-2.676295192710967,2.388006582075075,-4.475635969970138,2.825846817731996,-2.982747740552215,-3.313330309847129,-2.199374224008197,2.9762567735594923,-1.8042835595264093,3.259981704892153
70.0,4.0,499.0242919921875,-2.574232744052576,1.9253357322763889,-4.97745265785346,0.9789755402314828,-4.570399432040015,-3.586850586553409,-1.43744920442996,3.893563956874123,-2.979307208614556,4.098404121798108
70.0,4.0,459.9545593261719,-2.206493201634687,-0.3450959908724313,-3.809873463733963,2.6274633974522983,-4.5068645810346055,-1.3461972075759885,-1.3103677807541383,1.8407774674431767,-3.2171747010683065,1.367700545023938
70.0,4.0,425.9607849121094,-1.5571053711484335,2.9895953820349965,-3.795566141791269,-0.0088713234997817,-3.900878898804858,-2.011448589995388,-1.43280695884863,2.653078237186293,-2.981737719931697,3.0160408180285385
70.0,4.0,437.48974609375,-2.119438607332917,0.9152231184824966,-4.689351778541103,0.1677847858670498,-3.956352278882164,-2.72604046238513,-0.36714741229395,3.1238290445583363,-2.872490902063606,3.726060850838766
70.0,4.0,432.6127014160156,-1.8755581497466327,0.8443882917460503,-4.852808191436132,-2.196821127441681,-4.279584531564784,-2.8848623608053376,-2.187945235919181,3.445215052092012,-1.6359696199624356,4.346672426027393
70.0,4.0,451.2457580566406,0.2577984290918311,1.371949703507524,-4.811719446949428,-2.356314318358182,-1.9323938127982616,-1.886275184356763,-2.397661086953072,3.921447271057753,-4.032031653201417,4.437358014754524
70.0,4.0,428.3296813964844,-3.3317048321219245,1.6991058981754414,-4.957704197690823,-0.904604858300844,-4.320329257562881,-4.104779289350284,-1.2368473565748894,3.3511644075666185,-1.816674672663044,3.179389610729558
70.0,4.0,448.9013977050781,-2.8872964043461047,2.7008052760764394,-4.977124168902627,0.8220079842421741,-2.389158962047667,-3.902447185403771,-0.2006510785339014,2.749735512164556,-3.358310907522964,2.87147624062032
70.0,4.0,407.2750549316406,-3.3387730645692164,2.547580207640841,-4.423178512007296,0.6331082306725844,-2.185966790134373,-1.4789939884376535,-0.3838814894755808,2.6868931775861373,-2.4295490820394736,2.7742298791002504
70.0,4.0,469.6563415527344,-2.702549388680159,1.1037818856977912,-4.730788102542875,2.4558361185280253,-3.357518881715704,-1.7625528535154882,-2.578971491975045,3.220718409880292,-3.7346286713219072,2.5361835857486623
70.0,4.0,498.6089782714844,-3.101628823161111,1.003060948164545,-4.22307648736645,-2.176655561684285,-3.760242632340464,-4.410036395270723,-0.6806717387363374,2.318484937810961,-3.6514214291915135,4.302135774403166
70.0,4.0,436.9329223632813,-1.9371861657565328,1.7513176915940922,-4.046704715020409,0.6509986988689656,-2.152293972323397,-2.24197814170058,-0.9324657736414634,3.8017815250476272,-2.089292201195428,4.15598505481606
70.0,4.0,443.5115051269531,-3.1669682619428325,2.446690466082937,-4.674177280788667,2.4114533164708565,-4.895427874566708,-2.376484916203524,-1.964834759668168,3.231419094861902,-3.2206847454677594,2.266613406565696
70.0,4.0,586.924560546875,-3.7112964931337022,0.2382258647694511,-3.437919042305893,-0.3837875844873526,-4.720241021037811,-2.912593717690528,-1.780729602501087,2.716110146329321,-1.5869665134532849,4.104027350745366
70.0,4.0,470.5149230957031,-2.22654682915078,0.837454931599771,-4.09568686693618,-0.553670407099621,-4.920491101059401,-2.3940475218515163,-2.798978174493272,4.342785434134087,-3.131108698889539,4.183306169760982
70.0,4.0,582.313720703125,1.2579706119375211,-1.25335783823255,-3.896198168910874,0.2626865721937275,-3.1803372891301485,1.3173294490729754,-1.1847581864109782,1.335330345571646,-2.092153679749252,3.4980826508004688
70.0,4.0,452.3798522949219,-2.448323343478448,2.13932463337271,-4.914883680574137,0.337923621719856,-4.315467262631381,-2.767109429889291,-0.6033359335137944,2.981064968877382,-0.0900175712184729,1.541884539566831
70.0,4.0,394.9750671386719,-3.8756589608971286,2.0413656998758274,-4.203338111571277,-0.6431631414630454,-2.1482198326218973,-3.485369806397362,-1.7684335523912236,4.297254685832283,-2.68831550509823,1.9413077911765804
70.0,4.0,509.5455932617188,-3.1989072743547364,2.280405110114118,-4.100319490048128,2.119628225588196,-4.812779297445784,-2.6883746294289947,-2.682767050876525,2.486808005153127,-2.8031992989218155,2.2006989722768617
70.0,4.0,502.2195129394531,-2.6091869995565724,-0.5836525440905598,-4.431748304935588,-1.818216072774936,-3.655919155145321,-2.7144660016917515,-2.487830080447196,3.1271052549872667,-3.538979008535695,3.630936146181566
70.0,4.0,488.6152038574219,-4.022785220718142,2.454913962280908,-4.2678200157474,-1.3430500495515774,-3.1186414768813906,-2.9590517712160613,-1.3260076544297923,4.007178193846608,-3.051987685271873,4.770106588926404
70.0,4.0,643.61279296875,-1.5712543164972308,2.7082874851467773,-3.066855264045845,0.9685574112810764,-3.0090914003813154,-3.211240721672445,-1.2847293850841046,3.0252921116866363,-2.7814669928456417,4.018166618196432
70.0,4.0,539.8421630859375,-4.229608555222624,1.2752465486032885,-3.592600934884268,3.652723402994941,-4.500178114765365,-1.217674041644896,-1.8249906977270989,1.774284466478062,-1.88216547205098,3.059282876636444
70.0,4.0,464.9928283691406,-1.7405779711887817,0.6094936531746271,-4.917981417995584,1.2043907237646732,-3.119469301071316,-2.422469910929915,-1.7604168732462873,2.9346986030821105,-3.775718155914512,2.3653673377484017
70.0,4.0,398.8735046386719,-2.409689274383709,-0.6298753233463716,-4.631896211393293,0.0792294411226608,-2.6244723656174176,-1.482250526795238,-0.3861562589844725,3.356821624973364,-3.443885197511487,2.2644264663554865
70.0,4.0,474.6218872070313,-3.312074356616354,2.974102880957928,-4.041322646707611,0.1418037199154078,-4.568587819241337,-2.927789017017208,-1.1548763087004963,2.8236164152381056,-3.079540037554761,3.38313061661865
70.0,4.0,516.23388671875,-3.2384551555710885,0.9269769125666418,-3.44506377592246,-0.7247193954327944,-4.136789132871295,-3.916810621558557,-1.9692638442493804,3.646135813158628,-2.6211691276307567,3.2607786797669145
70.0,4.0,450.0757141113281,-3.0788322530943866,2.0034498286913416,-4.987187357762302,-1.8324095226037365,-2.703712073393819,-2.9511895580353382,-1.7840836061819711,3.296489716210149,-2.5780304041448945,3.5855082811897354
70.0,4.0,385.4630126953125,-2.9878969201965377,2.548092130891465,-4.989870302906385,-2.389734447926197,-3.657748722326189,-2.8158932800722773,-2.3430514238808704,3.150765538818918,-3.680824301936493,2.676897732430525
70.0,4.0,526.1114501953125,-2.6475533365599224,2.125049356830977,-4.690995652844611,0.5699874763882019,-3.3220608471278377,-2.2113472794809708,-2.3091489715216933,2.4784602740559647,-2.924799818734253,3.638462357348283
70.0,4.0,423.9629211425781,-3.021622531695367,1.1033059742750448,-4.930822284087659,-1.0609263647488536,-4.614092046978634,-3.210441795067778,-2.844271180553538,4.219435886272967,-2.0408274818177827,2.395377351544598
70.0,4.0,379.752197265625,-2.901523178877758,2.3284685680815365,-4.390612085072905,-1.3504032006128768,-3.064402909729976,-2.658282640562022,-1.0904426236138398,3.255961468345836,-2.458673903129296,2.994648390572977
70.0,4.0,449.5826416015625,-2.400330109891228,1.0027394849215516,-4.901417370322493,1.208934162712914,-4.053399903783244,-2.527712890294626,-0.6433303559314998,2.9772732960780064,-3.3960588009540764,3.2390591832990427
70.0,4.0,1025.7984619140625,-3.296568074983332,2.3137890440157944,-2.363456094674068,1.8863582007774176,-3.784795947000864,-3.841481240369437,-2.2033413868113527,2.063676907757191,-2.395733547115744,3.615558352141952
70.0,4.0,495.0879821777344,-2.8474930327531283,1.9135817183722184,-4.559915485752346,0.6926748419488273,-3.4834296074153275,-4.020566212379981,-1.1197715905517716,3.3975203745161893,-2.1664917362144336,3.078117675693969
70.0,4.0,472.7451477050781,-3.620706319583969,0.9804768369682232,-4.484622930599447,1.1026948919815465,-4.319406539790684,-3.48055712289332,-3.4121967748443285,3.965207454537696,-2.684473497662411,2.5662908141616354
70.0,4.0,502.4065856933594,-2.855834266260844,1.6870742326713146,-4.896384798844968,2.534212722757718,-3.52119721311356,-1.8736412355506944,0.4039784709739535,2.577958161196854,-2.269937780760128,1.8648021707631648
70.0,4.0,340.03790283203125,-2.808625115318054,2.0566828848293777,-4.519016430142177,-2.748107390249833,-3.764494274763506,-0.79951644763979,-0.8533948702942613,4.118356100876438,-2.603683928861386,2.869595483560259
70.0,4.0,682.974853515625,-2.915577925956844,2.5747925109030425,-2.961091662868472,1.9192541162763608,-2.868106665484614,-2.739700906165707,-1.0687068306199774,3.672437598237688,-3.181708775475096,2.827469959902783
70.0,4.0,367.2249755859375,-3.694432501120976,2.0301103894784496,-4.714252927541324,-1.689549589077559,-3.824097096407724,-2.3091882931302035,-1.6000756777440008,2.6978103403218685,-2.5139497957116563,2.87419369264238
70.0,4.0,414.563232421875,-4.061939749698348,2.5952187484508418,-4.171427306071354,0.7079682317286675,-1.9687281592395247,-1.6044769752232817,-1.1738060125583625,1.87631423096122,-3.777723643364864,1.2093995005032383
70.0,4.0,478.702880859375,-3.7239738420670383,0.484147985429606,-4.423193321661138,2.856642097801677,-3.703701110688789,-2.4884632298160145,-1.935448517135928,2.845763312800765,-2.163345394648629,3.009244934596058
70.0,4.0,354.321044921875,-2.1659523575980524,2.427203150728949,-4.878580386313424,-2.6441336441661214,-4.368093655381467,-2.561772647878939,-2.3232428013854007,3.9482167902392975,-2.659436209118552,2.573029419326409
70.0,4.0,428.4568786621094,-4.212342902155786,-0.0045076961756664,-4.471752160848564,0.8134297364657179,-4.450940594610001,-0.5947986004885184,-1.7862014046755712,3.344583783210973,-1.3239738104973109,3.972353515360389
70.0,4.0,473.6238403320313,-4.235157136956859,-0.9784212776773684,-4.318462571011172,-0.2821101358621627,-3.348087908749857,-1.2939862989098674,-2.561620132948516,4.383531826954722,-3.991000684762213,3.5220175988522904
70.0,4.0,454.5653381347656,-1.974778839966005,1.0069798103556982,-4.98722518734069,0.888568708695991,-3.8606267834257055,-3.668634945979704,-1.2218622496348814,4.034160377953871,-3.5614782982714943,2.9606545707036123
70.0,4.0,450.7325744628906,-0.8818683616881631,2.606837067939066,-4.964288109624115,0.5891772564295295,-4.210390769070203,-3.861483058067302,-1.4532063532843589,3.4653738294070706,-2.479105817924493,2.985305751646014
70.0,4.0,534.14892578125,-2.889538436698779,2.576452056159769,-3.958429506112077,-1.1730691820104566,-3.0784386680372595,-2.7533649120957766,0.4386531065403882,3.7525130492505774,-3.0529808444547646,3.913359646647926
70.0,4.0,468.0921936035156,-3.7544412359700257,1.372480283355927,-4.633334214984191,-0.0826169981459052,-3.1217637881354747,-2.744245554825664,-1.7689911720381146,3.690801544511905,-3.9618856020020488,2.929924951063474
70.0,4.0,505.4745788574219,-1.3944137914603905,0.9696399098426036,-4.6532682426506415,0.8258468177319962,-1.6763195739395709,-3.7882886015681967,-2.150287382516716,2.472433460152028,-2.80858359736403,3.433773608237219
70.0,5.0,432.6513366699219,-3.075742569936252,2.7459227462794207,-4.261476195900055,-1.0210244597685172,-3.866954688779559,-4.239907236290982,-0.7919316297354129,4.563850644671847,-1.8525769554656928,3.836874401380189
70.0,5.0,445.1415710449219,-2.8875543261745173,2.1684802238340675,-3.463706117769248,1.6117944181042083,-4.474600352180577,-0.8329209934195285,-1.4278525659605217,4.051280220628474,-3.4178456477703407,1.367700545023938
70.0,5.0,363.0123291015625,-1.0717898611709868,2.506328954837904,-4.756732266863871,-1.2967637802190064,-3.7605281739851577,-0.1457975357655365,-0.8419113330632859,3.507900777005209,-2.902295641443813,3.703625695750168
70.0,5.0,396.1846618652344,-3.070919020625361,1.0977962360180609,-4.958471689326851,-1.5259593754527712,-3.6444565343071584,-0.72604046238513,0.214967581888389,4.991249438593896,-2.3677486782989803,3.5846555881706355
70.0,5.0,401.5082092285156,-1.911834480085789,2.050444143979341,-4.89904965963981,-3.4762182527171137,-3.610271241686954,-2.258739300538139,-0.8924677757213375,4.7283133236482255,-2.70901275670862,4.610946155519285
70.0,5.0,451.2457580566406,0.2577984290918311,1.371949703507524,-4.811719446949428,-2.356314318358182,-1.9323938127982616,-1.886275184356763,-2.397661086953072,3.921447271057753,-4.032031653201417,4.437358014754524
70.0,5.0,354.7714233398437,-2.76328620578826,0.774253364497052,-4.944823856013891,-1.6734129053826343,-4.044468198297466,-0.1047792893502839,-1.8897479861016933,4.8698114654047,-2.9248347626212965,3.446450383243519
70.0,5.0,395.6120300292969,-2.7501110515809586,1.664923316807627,-4.930708698078127,-1.177992015757826,-3.496681743549851,-2.997209256224004,-1.0408910760615049,4.485514924954861,-3.004643256556575,2.557351310297487
70.0,5.0,295.7662048339844,-3.446227254041417,2.3652629999863994,-4.264326046145704,-1.3668917693274156,-2.411481865869656,0.3361721903516064,-1.2992024946504617,4.021858350174854,-2.396645634978971,2.0071242081588334
70.0,5.0,428.5037231445313,-2.501294543479198,1.349560576720115,-4.864434477861298,0.4558361185280253,-3.5507570964577457,-0.7515920061689236,-2.358351027933301,3.944754455074042,-3.8993279137518218,2.308521470421912
70.0,5.0,446.4209899902344,-3.577481868486622,1.4342333623088308,-4.919739449273215,-3.087320949983765,-3.527952787965562,-2.4100363952707227,-0.4885322656891716,3.598984972422578,-3.8806787047110007,3.498934224502108
70.0,5.0,388.4039001464844,-3.443296366809916,2.2055218785837534,-4.587595195246808,-1.3490013011310344,-4.094674782277529,-0.2419781417005797,-0.8643727433989741,4.714653705853825,-2.9066254150673823,2.7248894088582025
70.0,5.0,353.24237060546875,-2.0328084696316067,2.935155259704408,-4.957091021970348,-1.5885466835291435,-3.338041610993685,-1.6838763866680946,-1.0863440291283957,2.985590062351154,-3.1251405990430454,2.07503324046297
70.0,5.0,396.3274841308594,-2.519073859399465,1.4143031624443665,-4.547324222523002,-2.3837875844873526,-3.7064036831780864,-2.049951952978141,-0.3257902032894846,3.185848547652488,-2.923560302359058,3.2387689088297904
70.0,5.0,391.7867431640625,-2.6756523319807965,1.4950693377268052,-4.951935168757561,-1.3683740122098245,-3.190928310697398,-1.0476219264707047,-2.4276546606893112,4.250554129678158,-3.164933345130816,2.183306169760982
70.0,5.0,443.4783630371094,0.2880791433902405,-1.256313345037735,-4.59677386430637,0.2626865721937275,-4.072839946058546,-0.3713229810494083,-1.3299392188744037,2.551598980617011,-2.836889923519356,3.2175135231594343
70.0,5.0,324.6551818847656,-3.60058641155555,2.561624630658684,-4.938959706969342,-1.662076378280144,-4.049964789087498,-1.9586926421921296,-0.957281900315418,3.8818868727401927,-2.090017571218473,1.4465378629124788
70.0,5.0,378.80419921875,-4.438190268664767,2.469516118098792,-4.506697387020213,-1.32534830078134,-3.307281348613848,-1.4853698063973622,-1.2512736816451713,4.449691768200787,-2.732121526158617,1.7889686048869229
70.0,5.0,330.70428466796875,-2.804221081700396,2.7760754521681186,-4.978851454040946,0.1196282255881957,-4.485776073477813,-0.6883746294289947,-1.1435923444429656,4.451287535242833,-2.5988189867953806,2.288789483897831
70.0,5.0,316.4671630859375,-2.8183362726273176,1.4163474559094402,-4.738694541045048,-3.818216072774936,-4.531215592802657,-1.8620687323234784,-1.1042208385369665,3.1035217203330707,-2.6795968793785447,2.497113285792385
70.0,5.0,367.44622802734375,-3.857205202731366,2.6398831386101564,-4.091082325996989,-2.4690747110340787,-4.177017588198861,-0.9590517712160612,-0.8966221752832346,4.931965021937638,-3.357606430686939,2.770106588926404
70.0,5.0,443.2850646972656,-1.41834802315416,3.204816125083396,-3.986555375374537,-1.0314425887189236,-4.90711643109446,-2.2907850304646,-0.8088429121938097,3.824228819148572,-3.02525506444446,3.9908458839243273
70.0,5.0,451.1340637207031,-3.309662737958512,1.2752465486032882,-3.3147311673712165,-0.3472765970050586,-4.603546772710944,-1.217674041644896,-0.3096952651986067,3.6193889221655313,-1.8409723488269625,2.6194136813701654
70.0,5.0,353.6815490722656,-3.292339149578937,1.0215249549708618,-4.702580210941655,-0.7956092762353268,-4.382175604010049,-2.460008519122605,-0.1591103308400723,3.903500920998676,-3.44163031154803,1.982239044958936
70.0,5.0,396.2281188964844,-3.6443546489838217,1.3701246766536284,-4.911387321776667,-1.9207705588773392,-2.256923512725266,-1.2293807019510383,-0.5651823799753405,4.82683977773571,-2.609713610068785,4.084404281428662
70.0,5.0,328.4786376953125,-2.803820088400144,2.3615542682507176,-4.999051642383605,-1.858196280084592,-4.832615067076361,-0.971868007682302,-1.0219287339678575,4.823616415238106,-3.0212275497904715,2.599521346114589
70.0,5.0,326.9356689453125,-2.7556674140077075,1.84175010737995,-4.804661427650157,-2.7247193954327944,-4.745561653106199,-1.9168106215585567,-1.6731981946393455,4.267227270209738,-2.295724781799754,2.301246474239986
70.0,5.0,443.7801208496094,-2.7598753226698927,1.2724754250315553,-4.515569971348641,-2.7045629309760995,-2.5003892484537573,-2.840645209193545,-1.666920368807778,4.943509739155729,-2.9975530509905166,3.338654257883141
70.0,5.0,385.4630126953125,-2.9878969201965377,2.548092130891465,-4.989870302906385,-2.389734447926197,-3.657748722326189,-2.8158932800722773,-2.3430514238808704,3.150765538818918,-3.680824301936493,2.676897732430525
70.0,5.0,332.6290283203125,-2.843441803756704,1.8225965403604336,-4.986075569543861,-1.430012523611798,-3.811768170919828,-1.889959463472864,-1.444053835659001,3.535687913518492,-2.4642535423005065,3.198029261403613
70.0,5.0,388.2027893066406,-2.6325986586530123,1.854961329786668,-4.885841629810625,-3.0609263647488536,-4.954279604257574,-1.3128728867781336,-2.2937556729325856,4.980148003818382,-2.164895445792004,3.53527388610485
70.0,5.0,354.8564758300781,-3.1273465302601697,1.3189721083985124,-4.966284343459173,-2.158719285007021,-4.521077187952324,-2.230991225887725,-1.0160330118514922,4.109476340607106,-2.815829384021999,2.721501052316689
70.0,5.0,348.0035705566406,-2.564156342969909,2.2081018730017616,-4.998923824176147,-0.0668580335159338,-3.610884161068092,-0.5277128902946266,-0.9912925118999464,3.5907479872377683,-2.858039240992271,2.6265447416506635
70.0,5.0,435.7050476074219,-3.830579702670346,2.496388026775348,-4.363456094674068,-0.1136417992225822,-3.50062365129618,-1.8414812403694367,-0.7661098269638413,2.477471781803878,-3.348922866152021,3.4951337613897007
70.0,5.0,332.66943359375,-2.794569534524616,2.406690310773707,-4.832032311131158,-1.3073251580511729,-3.686281805915562,-2.020566212379981,-1.0944431893147812,4.557730644325068,-1.8976607344039207,2.5749939462077527
70.0,5.0,334.35943603515625,-3.9307883765383806,2.0874482823888574,-4.624453681662274,-0.8973051080184535,-3.858658412380625,-1.821402485078872,-1.4121967748443285,4.193569565645912,-2.5204921109879805,2.6343269701649663
70.0,5.0,371.3960266113281,-2.0068584910735963,2.626874636194973,-4.7830412417763934,1.0261066676691295,-4.134292678765728,-1.8736412355506944,-0.679539113191719,4.315810469086121,-2.7579163980989163,3.124204738357676
70.0,5.0,340.03790283203125,-2.808625115318054,2.0566828848293777,-4.519016430142177,-2.748107390249833,-3.764494274763506,-0.79951644763979,-0.8533948702942613,4.118356100876438,-2.603683928861386,2.869595483560259
70.0,5.0,360.7293090820313,-2.87018134307,3.334233403361899,-3.994737807835789,-0.0807458837236394,-2.536088211642139,-2.173675184767262,-0.1895583259426055,4.916775847774442,-2.778533208406553,2.0275736656047507
70.0,5.0,341.145751953125,-3.376481663107512,2.8434349562207664,-4.733475191096248,-2.889976928789354,-4.204369137419646,-2.222549927406945,-1.3878077590128144,4.097243744630105,-2.5985530714077547,2.5656225495881824
70.0,5.0,414.563232421875,-4.061939749698348,2.5952187484508418,-4.171427306071354,0.7079682317286675,-1.9687281592395247,-1.6044769752232817,-1.1738060125583625,1.87631423096122,-3.777723643364864,1.2093995005032383
70.0,5.0,346.3409423828125,-2.0804539392927874,1.1101851412603367,-4.908709969322061,-0.0593454276878793,-4.492007882541047,-1.42863097220184,-1.2343232696433586,2.828784953873458,-3.0833619331397983,2.1220061679923727
70.0,5.0,353.7415771484375,-2.541106218680592,2.979269509612349,-4.718377740311839,-3.2294481070274763,-4.236482073294815,-0.6920691060284903,-2.489922646330549,4.391300083022048,-2.9142938217872265,2.231261200329402
70.0,5.0,420.3348083496094,-2.4264638338663684,1.9954923038243333,-4.841096930635966,-1.186570263534282,-3.4945274893637004,-1.5425071253636526,-1.312704979618831,3.911712117796029,-3.3239738104973107,3.559372385012782
70.0,5.0,341.21240234375,-2.954492576424384,1.0215787223226316,-4.948163565018707,-2.2821101358621627,-4.440584525190677,-0.7185149800180664,-1.8808061981103057,4.907949886958075,-1.9910006847622124,3.711414597774119
70.0,5.0,425.70501708984375,-1.776041243147232,1.5964354229273194,-4.552005535127677,-1.111431291304009,-4.565054830321111,-1.6686349459797034,-0.7077178229057436,4.87741609722382,-2.1500525205159366,3.555769120397759
70.0,5.0,418.5788879394531,-1.8175652513577143,3.363498008650069,-4.591737401527937,-0.4880047472248652,-4.553159198417814,-2.897741214120661,-0.4544637699582973,4.416854563368142,-2.830313449857809,2.8829799167079453
70.0,5.0,353.86785888671875,-2.443050083869594,3.054154079279479,-4.932336333784599,-3.1730691820104564,-4.405862610616939,-1.0160159215415605,-0.5260659017049681,4.618261579966142,-3.049913675812588,3.340145382807337
70.0,5.0,339.8841552734375,-2.768142453792362,2.185856044888848,-4.734097124582775,-2.0826169981459053,-2.948778710354956,-0.7442455548256639,-1.2434503825477998,4.547278553324142,-2.106161552222491,2.194456095662193
70.0,5.0,470.0971374511719,-2.0286566120897804,1.6039237739418517,-4.958598314234798,-0.3016103562467855,-1.3401877643033862,-3.2353878828889515,-0.4760316761937464,3.313968885961699,-3.0088745565599204,2.638759468878462
70.0,6.0,314.0472412109375,-3.540985633149302,2.5848257698308084,-3.9507867589142416,-2.5174104746308563,-3.2788159864498576,-2.239907236290982,-1.3389247612652944,4.446281752393135,-1.418898513215473,1.8368744013801883
70.0,6.0,395.2978210449219,-3.772177538402656,3.3249871070833805,-4.008121939084527,1.9718900621413489,-3.4360585412629967,0.8583726616446099,-2.083098731600876,4.88301711024649,-3.5078660810821827,1.574327234968261
70.0,6.0,311.4049072265625,-3.071789861170987,2.068739517229889,-4.49756893978384,-1.975494680942822,-1.7605281739851577,1.0419073581427878,-0.9974385735425216,4.28934054494056,-2.563684535035822,2.641258478738289
70.0,6.0,307.51861572265625,-4.0369989362840855,3.097796236018061,-4.093765478047898,-2.2214974898408766,-3.318476075257225,0.5758344081577458,-0.8326924397332004,4.387807132093239,-2.1604845633539225,2.537653477632348
70.0,6.0,295.84100341796875,-3.9118344800857887,2.8715906911586018,-4.445532286011395,-1.4762182527171137,-2.6934128549919256,-0.2587393005381391,-0.9345953970253764,4.446889535070741,-2.6827196060414096,2.6109461555192848
70.0,6.0,286.9093017578125,-3.003340590313707,2.9733375880885786,-4.63899989319709,-1.3564229484368004,-2.475909549391172,-1.8636192451124047,-1.3397313794412766,3.507989832517743,-1.4997326190110205,1.780489230798727
70.0,6.0,313.4161682128906,-2.5914291861536,2.7140437306354843,-4.448484001798942,-1.3425044317885266,-3.3274838559706645,0.8553681820747818,-0.6686014054650626,4.340145442421941,-2.0026476602218324,3.0509752752561017
70.0,6.0,359.4990539550781,-3.214595951505955,2.521374504613708,-4.077293247326084,-2.083211207368845,-2.870619836612476,-0.997209256224004,-1.7769122972661462,4.537643348077221,-2.797740718369272,2.224975792318673
70.0,6.0,293.17791748046875,-3.446227254041417,3.107108977629951,-4.264326046145704,-1.3668917693274156,-2.411481865869656,0.3361721903516064,-1.2992024946504617,4.021858350174854,-2.396645634978971,1.6867424220738478
70.0,6.0,337.1393737792969,-3.489366779008152,3.0241921890433714,-4.245927923410111,-1.5415325445737835,-3.449614860965917,0.501634562713243,-1.446727243348815,4.843497631606115,-2.839477853341977,1.966206658094487
70.0,6.0,309.5545654296875,-3.545036740671,3.0504919822468093,-4.793487027935752,-3.469223709521431,-3.054216514706824,-0.4100363952707226,-1.81063414988524,4.64864040593814,-1.931972123168259,2.467305130243415
70.0,6.0,274.3529663085937,-4.104278958619692,2.6237980287932965,-4.250456430361772,-2.2420783992292668,-3.034758695760658,0.9663030329649968,-1.633709439812146,3.846592579137455,-2.612516597756567,0.9216535391745616
70.0,6.0,353.24237060546875,-2.0328084696316067,2.935155259704408,-4.957091021970348,-1.5885466835291435,-3.338041610993685,-1.6838763866680946,-1.0863440291283957,2.985590062351154,-3.1251405990430454,2.07503324046297
70.0,6.0,377.3849487304688,-2.704979130205936,2.399547174014617,-4.484675973168217,-1.7759366424581398,-2.5624460303583274,-1.3566606503327887,-0.8651305660666965,3.4148427745466625,-3.2775647836243618,2.4381765286602675
70.0,6.0,327.61578369140625,-4.269679037372369,3.4106589955090163,-4.3878991291661,-1.7212518635693894,-2.275609356397962,0.2264461154099166,-0.6701380608497731,4.158694171431545,-3.1215259159412696,0.983999660471924
70.0,6.0,406.9278259277344,-1.7119208566097597,-0.2575008256561781,-4.085969124311653,-1.5545799360265318,-3.791310275517429,-1.10598857170422,-1.7889072181717802,4.437026396418092,-3.280456541031348,2.787328543655517
70.0,6.0,324.6551818847656,-3.60058641155555,2.561624630658684,-4.938959706969342,-1.662076378280144,-4.049964789087498,-1.9586926421921296,-0.957281900315418,3.8818868727401927,-2.090017571218473,1.4465378629124788
70.0,6.0,296.0619506835937,-3.3510345742974392,2.50582939234037,-4.515020113549187,-1.6351853925082978,-3.162343277902953,0.5146301936026378,-1.1087502225512993,4.4023102078249,-2.10092547801182,1.803657936951342
70.0,6.0,279.5126037597656,-3.039520050523421,2.5159126038542547,-4.730027639819097,-1.2443511412145438,-3.156474610347427,1.2105086759026569,-0.5791727989741489,4.667127423478564,-2.431409093767841,2.0453689843959864
70.0,6.0,276.740966796875,-3.987587937585357,3.242199006992469,-4.990151291432069,-1.970116497258286,-2.531215592802657,0.1379312676765216,-0.7063563416637827,3.860917473337449,-1.8636528799310048,1.8290580784361443
70.0,6.0,312.08819580078125,-3.437693793225916,2.1865756900928424,-4.234504922323535,-1.6598438592033635,-2.1770175881988614,0.7497015262804516,-0.7552584861497149,4.039807234759563,-2.860370391928285,0.7701065889264038
70.0,6.0,300.4419860839844,-2.627841935707246,2.137285187228453,-4.407773080558858,-2.1135723008857434,-4.024853273285037,-0.2907850304645993,-1.4235989894554912,4.379924164480825,-2.124021373978943,1.990845883924328
70.0,6.0,277.9335021972656,-3.0761396571114283,1.045748519876024,-3.914585850547154,-2.347276597005058,-3.446802959828845,0.7823259583551039,-0.7084813972242104,4.93025970878316,-1.6651255235401532,1.9002401703471712
70.0,6.0,341.29803466796875,-4.150600154702515,3.021524954970862,-4.426603915210765,-2.747687284747343,-2.382175604010049,-0.4600085191226051,-1.279337479302519,4.5118913432062495,-2.7313409795419004,1.820827865663368
70.0,6.0,280.65997314453125,-4.160724845002214,3.3701246766536284,-4.653715937717626,-1.77022725983191,-2.363978064056448,0.3155537082534141,-1.4322714231244422,4.613588728028445,-1.8369271086020047,2.905375015533659
70.0,6.0,290.35504150390625,-3.153380952359742,2.098658346641677,-4.083948998216229,-2.6315727578254826,-2.832615067076361,1.028131992317698,-1.0412103872524952,4.292764576880416,-2.3544513105057545,1.4952153151830427
70.0,6.0,288.3785400390625,-2.8882569700873257,2.960869235954364,-4.389491941078423,-3.2423207947227124,-2.745561653106199,-0.8195152281583804,-0.9729751002558716,4.202778575322863,-2.25834757498072,1.5853475265767496
70.0,6.0,333.07476806640625,-3.5226055985029454,1.8730886161522085,-3.9216801603999367,-2.529880804144574,-2.342958501247734,-0.840645209193545,-1.178111094414482,4.864157441169142,-2.254325494539962,3.096278682270689
70.0,6.0,315.31024169921875,-3.219025764798368,3.07124398482326,-4.404762926726369,-2.567518623801669,-2.526005824336328,-0.3089000603549727,-2.677421434560067,3.674284978595856,-2.452472868027305,1.9658663118525128
70.0,6.0,332.6290283203125,-2.843441803756704,1.8225965403604336,-4.986075569543861,-1.430012523611798,-3.811768170919828,-1.889959463472864,-1.444053835659001,3.535687913518492,-2.4642535423005065,3.198029261403613
70.0,6.0,301.6781921386719,-2.737683378378845,2.630258199205075,-4.671876229474028,-1.671217214469475,-3.0336170541979697,0.4243871554728822,-1.0226224889296345,4.2286259782771705,-2.5631806550061103,2.75589781771305
70.0,6.0,316.0542907714844,-3.514209760714818,1.1965389612388608,-4.895636943365788,-1.8569383386850984,-2.521077187952324,-0.2309912258877249,-2.317919890179006,4.443642720531544,-2.73379909545792,1.7567804064133103
70.0,6.0,340.3016967773437,-4.18262457983789,2.739802541253726,-4.80253398570379,-0.9589159531539644,-1.6108841610680922,1.4722871097053734,-1.345131381050234,4.196532050846927,-2.525306254103367,1.7184555369528256
70.0,6.0,299.0533142089844,-3.320179960817563,2.513038640879961,-4.713337772993207,-2.113641799222582,-2.282734412218023,0.1585187596305628,-0.5494516332332551,4.477471781803878,-2.8837053176297824,1.6670596660121395
70.0,6.0,298.36199951171875,-3.800817202108729,2.6017000762101667,-4.537217066337398,-2.2219504313468432,-2.808453858635956,-0.0205662123799807,-1.303720492264609,4.013559042830562,-2.3838086726267216,2.106351576667085
70.0,6.0,301.9232177734375,-3.7600457971278254,2.991025156291795,-4.717296759953891,-1.8845593988493672,-2.697111564243901,0.1785975149211285,-0.4478085554983503,4.209614657635083,-2.305109925603711,1.7352299077961602
70.0,6.0,316.6855773925781,-3.034177375570786,3.37513055072948,-4.782638231588315,0.2243670377935391,-2.749783512918905,0.1263587644493058,-1.554950719202083,4.054453814466254,-2.608656597020045,1.124204738357676
70.0,6.0,261.77325439453125,-3.830422198085843,2.544347275755163,-4.788444426058632,-0.748107390249833,-2.58899720309226,0.1725523958441983,-1.1757852639521935,4.380551031703776,-2.347567495534581,1.8746578121332989
70.0,6.0,289.6324157714844,-3.319980507751672,1.8636721230882909,-4.745813484178451,-2.0807458837236394,-2.26758980126635,-0.1736751847672626,-1.7134279711408622,4.270951812643222,-2.598363443767137,1.6429555015303958
70.0,6.0,288.67437744140625,-3.2544978931205075,2.3713899025383705,-4.284233465358766,-2.3761861375308366,-3.476862680576528,-0.2225499274069449,-1.2137737799164108,4.599010401116853,-2.320363523495151,1.385949780742188
70.0,6.0,414.563232421875,-4.061939749698348,2.5952187484508418,-4.171427306071354,0.7079682317286675,-1.9687281592395247,-1.6044769752232817,-1.1738060125583625,1.87631423096122,-3.777723643364864,1.2093995005032383
70.0,6.0,287.7729187011719,-2.3951586303182,1.5434946387103097,-4.671227488193732,-2.05934542768788,-3.9544129413476767,0.2698517693630042,-1.130194812402151,4.738498392131997,-2.139958999993768,1.2359958554789792
70.0,6.0,308.236083984375,-3.534361842435543,2.5599989929088123,-4.619402537265075,-3.1787484579682737,-2.271697000537156,0.5814081652831444,-0.8885991857410431,3.9654909933643054,-2.6102933414363507,1.763080163075726
70.0,6.0,312.2459716796875,-3.072089859776727,3.57598981011384,-4.115763586943324,-2.119639404400396,-2.0256652736357568,-0.6869747124177334,-1.0846243057397649,4.356679298109718,-3.9070442182177145,2.303874807335485
70.0,6.0,277.40924072265625,-3.034187019532017,3.021578722322632,-4.802091575235641,-2.504295632599624,-2.440584525190677,0.9826885654854915,-0.7635388840471811,4.583083988624304,-1.1967240075767258,3.2930514407717
70.0,6.0,306.1547241210937,-2.7675445580987463,3.1951644038268734,-4.166945929492642,-2.252982084791121,-2.5650548303211105,0.2782348687900104,-1.2500581938151307,3.689850775368405,-1.965667610916135,3.395746456632609
70.0,6.0,345.4069519042969,-3.8175652513577134,2.7902362875619584,-3.844805118552048,-1.2541447906126173,-4.58190572876202,-0.8977412141206611,-0.2095615387827729,4.136164788899308,-2.7026983867247703,2.5587647880755293
70.0,6.0,286.311279296875,-3.13728587329913,2.116959035902428,-4.994405710806607,-2.4638695278575216,-2.405862610616939,-0.170789927425224,-1.543402639569325,4.1199650257822,-2.9516222340387586,1.5485869499952594
70.0,6.0,273.74566650390625,-3.565007362411052,2.840347322983525,-4.831907770416668,-1.848170162224933,-2.3427521990867284,0.9408147798556732,-1.027045852365049,4.1584765943011845,-1.6312581378743378,1.6099790682012247
70.0,6.0,296.69464111328125,-3.667886684139003,2.535876898582364,-4.883967182304953,-1.968368987400093,-2.6249578206893744,-1.2353878828889515,-1.303553589464466,4.04533183435992,-2.021021768260395,2.282665584497507
70.0,7.0,283.2850036621094,-4.064727965311702,2.455339514566867,-3.992345107685227,-2.4414327146590167,-1.7212314768166004,-0.2399072362909819,-1.429301237490363,4.3916688329643145,-1.6355742448613932,1.0774238497012667
70.0,7.0,331.32733154296875,-4.169566957461174,2.8518941317767177,-4.9453401324899415,-0.0281099378586513,-2.121829285668896,0.7665118611053537,-1.3799044826964888,4.907174226481646,-3.125535633922954,2.200113638640167
70.0,7.0,243.576904296875,-4.902097768584221,1.980780023898118,-4.667792859354169,-1.626564740514915,-1.990463683581397,0.9169250183836885,-1.1282599957512156,4.766405291482026,-2.258107313538132,1.6370854079808286
70.0,7.0,291.67529296875,-4.039600468093082,2.927512786810808,-4.348873784543605,-0.7323851087505822,-2.465308235383784,0.4959487096335314,-1.905671459230512,4.125496242422945,-2.3346278285478315,0.9714210595045296
70.0,7.0,295.84100341796875,-3.9118344800857887,2.8715906911586018,-4.445532286011395,-1.4762182527171137,-2.6934128549919256,-0.2587393005381391,-0.9345953970253764,4.446889535070741,-2.6827196060414096,2.6109461555192848
70.0,7.0,286.9093017578125,-3.003340590313707,2.9733375880885786,-4.63899989319709,-1.3564229484368004,-2.475909549391172,-1.8636192451124047,-1.3397313794412766,3.507989832517743,-1.4997326190110205,1.780489230798727
70.0,7.0,313.4161682128906,-2.5914291861536,2.7140437306354843,-4.448484001798942,-1.3425044317885266,-3.3274838559706645,0.8553681820747818,-0.6686014054650626,4.340145442421941,-2.0026476602218324,3.0509752752561017
70.0,7.0,317.2567443847656,-4.6003692773807,2.879320218991476,-3.767287731963893,-1.980181266917056,-2.342884899489687,1.002790743775996,-1.607697197003911,4.376120109875322,-1.95446878623523,1.5256085844663485
70.0,7.0,293.17791748046875,-3.446227254041417,3.107108977629951,-4.264326046145704,-1.3668917693274156,-2.411481865869656,0.3361721903516064,-1.2992024946504617,4.021858350174854,-2.396645634978971,1.6867424220738478
70.0,7.0,293.840576171875,-4.353023363243014,3.493404366537118,-4.466475436119802,-1.838332824512482,-1.933939536323067,0.9037273447065544,-0.9230619438946088,4.414128113515623,-2.0178233172382067,1.806392667259082
70.0,7.0,309.5545654296875,-3.545036740671,3.0504919822468093,-4.793487027935752,-3.469223709521431,-3.054216514706824,-0.4100363952707226,-1.81063414988524,4.64864040593814,-1.931972123168259,2.467305130243415
70.0,7.0,274.3529663085937,-4.104278958619692,2.6237980287932965,-4.250456430361772,-2.2420783992292668,-3.034758695760658,0.9663030329649968,-1.633709439812146,3.846592579137455,-2.612516597756567,0.9216535391745616
70.0,7.0,353.24237060546875,-2.0328084696316067,2.935155259704408,-4.957091021970348,-1.5885466835291435,-3.338041610993685,-1.6838763866680946,-1.0863440291283957,2.985590062351154,-3.1251405990430454,2.07503324046297
70.0,7.0,350.03924560546875,-4.688220273178617,3.0679573715846966,-4.568704948036611,0.2240633575418602,-2.09566993366926,-0.1211741473731811,-1.6782417436018895,3.627319579422436,-2.966622411939381,1.6377215464206614
70.0,7.0,327.61578369140625,-4.269679037372369,3.4106589955090163,-4.3878991291661,-1.7212518635693894,-2.275609356397962,0.2264461154099166,-0.6701380608497731,4.158694171431545,-3.1215259159412696,0.983999660471924
70.0,7.0,335.66802978515625,-3.7119208566097592,1.7424991743438218,-4.475547719278456,-0.7588836464958973,-2.7495251629683226,-1.061141118641406,-1.2260132320112762,4.826833572359316,-2.67595103390399,1.8293319830371624
70.0,7.0,281.7464599609375,-3.892319739726552,2.420624172456114,-4.282613009401004,-1.7567624553708656,-3.528986568617442,-1.9586926421921296,-1.0435388670732113,4.10036749772912,-1.5015998513821116,1.342613317374099
70.0,7.0,268.3534851074219,-3.2074449326587,2.562032918906251,-4.6553809878704415,-0.483419467199996,-2.0961803218358344,0.769145498751709,-1.068477343137267,4.374023566055683,-2.19514558734818,1.8543333777731303
70.0,7.0,269.34014892578125,-3.484295630197912,2.44886483266829,-4.7401458209887855,-1.519318552087149,-2.5746618756128403,1.3304147763481482,-0.7950090697903527,4.394885200506395,-2.2889319944093374,1.716948768347878
70.0,7.0,276.740966796875,-3.987587937585357,3.242199006992469,-4.990151291432069,-1.970116497258286,-2.531215592802657,0.1379312676765216,-0.7063563416637827,3.860917473337449,-1.8636528799310048,1.8290580784361443
70.0,7.0,292.8070678710937,-3.914403507827235,2.0309860252931964,-4.460701076052773,-0.2399048872592237,-1.8343071709323056,1.3701555105958927,-1.5293478376390863,4.127980660447415,-2.204360822641352,1.9474887451854423
70.0,7.0,300.4419860839844,-2.627841935707246,2.137285187228453,-4.407773080558858,-2.1135723008857434,-4.024853273285037,-0.2907850304645993,-1.4235989894554912,4.379924164480825,-2.124021373978943,1.990845883924328
70.0,7.0,277.9335021972656,-3.0761396571114283,1.045748519876024,-3.914585850547154,-2.347276597005058,-3.446802959828845,0.7823259583551039,-0.7084813972242104,4.93025970878316,-1.6651255235401532,1.9002401703471712
70.0,7.0,305.7732238769531,-4.399351098774995,3.5774186030543174,-4.3534850753673,-2.5189890142360563,-1.675038359870487,0.9817002521411764,-1.6439682442865182,4.7168657582542926,-2.284921306210366,1.8278390044668529
70.0,7.0,280.65997314453125,-4.160724845002214,3.3701246766536284,-4.653715937717626,-1.77022725983191,-2.363978064056448,0.3155537082534141,-1.4322714231244422,4.613588728028445,-1.8369271086020047,2.905375015533659
70.0,7.0,290.35504150390625,-3.153380952359742,2.098658346641677,-4.083948998216229,-2.6315727578254826,-2.832615067076361,1.028131992317698,-1.0412103872524952,4.292764576880416,-2.3544513105057545,1.4952153151830427
70.0,7.0,288.3785400390625,-2.8882569700873257,2.960869235954364,-4.389491941078423,-3.2423207947227124,-2.745561653106199,-0.8195152281583804,-0.9729751002558716,4.202778575322863,-2.25834757498072,1.5853475265767496
70.0,7.0,318.3895263671875,-4.359946581833842,3.062634847765419,-4.948085834527085,-0.529880804144574,-2.5260068917940446,1.159354790806455,-0.9735384334088516,4.778581726366888,-2.0495126556189143,1.7907687749210524
70.0,7.0,313.12725830078125,-3.485231485148703,2.605694561031466,-4.882539839913976,-0.5675186238016692,-1.7748666026713886,1.1443080323014596,-1.4266682933319663,4.1323100361624645,-2.009040056359742,1.691149709571378
70.0,7.0,304.279541015625,-3.904152328168968,2.4421930566624,-4.595091916676395,-0.185245725263317,-3.802561560231275,0.6143897926404112,-2.0648700136008964,3.551553350327931,-2.949977858260266,1.910001484635468
70.0,7.0,291.9179382324219,-3.8261406592058176,2.8499473127390607,-4.775798864724776,-0.2202103150271155,-1.6916347655297823,0.848784387553505,-0.6189306904685843,4.190260909624634,-2.4881208365134952,0.9642337363378536
70.0,7.0,316.0542907714844,-3.514209760714818,1.1965389612388608,-4.895636943365788,-1.8569383386850984,-2.521077187952324,-0.2309912258877249,-2.317919890179006,4.443642720531544,-2.73379909545792,1.7567804064133103
70.0,7.0,340.3016967773437,-4.18262457983789,2.739802541253726,-4.80253398570379,-0.9589159531539644,-1.6108841610680922,1.4722871097053734,-1.345131381050234,4.196532050846927,-2.525306254103367,1.7184555369528256
70.0,7.0,297.281005859375,-3.439059084071977,2.5203190377855496,-4.717081553023145,-1.3116268435135403,-2.3610376772048536,0.9904128353349758,-0.8530962482515392,4.900998622185753,-2.388080738936857,0.98105799659498
70.0,7.0,292.9661560058594,-4.272585327581518,2.579510546343269,-4.630765974579467,-2.0340504306201543,-2.067482018880474,0.880234003232313,-1.3715562552422575,4.302518776616344,-2.5747557197840694,1.7617136849767687
70.0,7.0,273.8065795898437,-3.823359911806524,2.8807479964993354,-4.80230967586802,-0.0831339068211964,-2.2111280852996087,0.9977747830718862,-0.5966129821312915,4.278229617158602,-2.237124507102044,1.619012879522395
70.0,7.0,302.5390930175781,-4.303253386312187,2.616793767612707,-4.789618483381277,-1.7243820473732503,-1.934698151061552,1.0450850930239692,-1.8025367364394127,4.220519285064719,-2.307809177267809,0.5419140774284722
70.0,7.0,261.77325439453125,-3.830422198085843,2.544347275755163,-4.788444426058632,-0.748107390249833,-2.58899720309226,0.1725523958441983,-1.1757852639521935,4.380551031703776,-2.347567495534581,1.8746578121332989
70.0,7.0,289.6324157714844,-3.319980507751672,1.8636721230882909,-4.745813484178451,-2.0807458837236394,-2.26758980126635,-0.1736751847672626,-1.7134279711408622,4.270951812643222,-2.598363443767137,1.6429555015303958
70.0,7.0,288.67437744140625,-3.2544978931205075,2.3713899025383705,-4.284233465358766,-2.3761861375308366,-3.476862680576528,-0.2225499274069449,-1.2137737799164108,4.599010401116853,-2.320363523495151,1.385949780742188
70.0,7.0,354.4656982421875,-4.472990597090367,2.3282460251451305,-4.856158214156287,-0.1383816333078807,-3.0702986793073057,-1.8228812555029403,-0.8720446733776022,3.655276331413261,-2.798913178840005,1.844079092140576
70.0,7.0,287.7729187011719,-2.3951586303182,1.5434946387103097,-4.671227488193732,-2.05934542768788,-3.9544129413476767,0.2698517693630042,-1.130194812402151,4.738498392131997,-2.139958999993768,1.2359958554789792
70.0,7.0,305.84375,-4.150556171503873,2.3846079470005908,-4.702285864158353,-1.1787484579682737,-1.8615318666889595,0.4211674749756222,-0.6788488190072386,3.870038384981892,-2.0562047168610755,1.739354663397887
70.0,7.0,312.2459716796875,-3.072089859776727,3.57598981011384,-4.115763586943324,-2.119639404400396,-2.0256652736357568,-0.6869747124177334,-1.0846243057397649,4.356679298109718,-3.9070442182177145,2.303874807335485
70.0,7.0,277.40924072265625,-3.034187019532017,3.021578722322632,-4.802091575235641,-2.504295632599624,-2.440584525190677,0.9826885654854915,-0.7635388840471811,4.583083988624304,-1.1967240075767258,3.2930514407717
70.0,7.0,283.631591796875,-3.225380927521768,3.4666293751900668,-4.112774342531755,-1.361500949985814,-1.7405327150702152,0.9338255613814316,-1.407660705747368,3.4400563596132154,-2.39611987457382,1.7631124051771998
70.0,7.0,313.1583251953125,-4.65096069924838,2.4835727371996925,-4.457636015026529,-1.1314322803755634,-2.5819057287620195,1.090494732572218,-0.6481255194842281,4.359684554738009,-2.1527087090609034,2.052970007649645
70.0,7.0,286.311279296875,-3.13728587329913,2.116959035902428,-4.994405710806607,-2.4638695278575216,-2.405862610616939,-0.170789927425224,-1.543402639569325,4.1199650257822,-2.9516222340387586,1.5485869499952594
70.0,7.0,255.99807739257807,-4.046038562886765,2.950694058777203,-4.843056594597373,-0.9338071075225856,-2.31182455080468,0.2730470704536737,-1.093338767878388,4.070711149153459,-1.607573799632288,1.6564344734584049
70.0,7.0,296.69464111328125,-3.667886684139003,2.535876898582364,-4.883967182304953,-1.968368987400093,-2.6249578206893744,-1.2353878828889515,-1.303553589464466,4.04533183435992,-2.021021768260395,2.282665584497507
70.0,8.0,283.2850036621094,-4.064727965311702,2.455339514566867,-3.992345107685227,-2.4414327146590167,-1.7212314768166004,-0.2399072362909819,-1.429301237490363,4.3916688329643145,-1.6355742448613932,1.0774238497012667
70.0,8.0,331.32733154296875,-4.169566957461174,2.8518941317767177,-4.9453401324899415,-0.0281099378586513,-2.121829285668896,0.7665118611053537,-1.3799044826964888,4.907174226481646,-3.125535633922954,2.200113638640167
70.0,8.0,243.576904296875,-4.902097768584221,1.980780023898118,-4.667792859354169,-1.626564740514915,-1.990463683581397,0.9169250183836885,-1.1282599957512156,4.766405291482026,-2.258107313538132,1.6370854079808286
70.0,8.0,291.67529296875,-4.039600468093082,2.927512786810808,-4.348873784543605,-0.7323851087505822,-2.465308235383784,0.4959487096335314,-1.905671459230512,4.125496242422945,-2.3346278285478315,0.9714210595045296
70.0,8.0,295.84100341796875,-3.9118344800857887,2.8715906911586018,-4.445532286011395,-1.4762182527171137,-2.6934128549919256,-0.2587393005381391,-0.9345953970253764,4.446889535070741,-2.6827196060414096,2.6109461555192848
70.0,8.0,286.9093017578125,-3.003340590313707,2.9733375880885786,-4.63899989319709,-1.3564229484368004,-2.475909549391172,-1.8636192451124047,-1.3397313794412766,3.507989832517743,-1.4997326190110205,1.780489230798727
70.0,8.0,313.4161682128906,-2.5914291861536,2.7140437306354843,-4.448484001798942,-1.3425044317885266,-3.3274838559706645,0.8553681820747818,-0.6686014054650626,4.340145442421941,-2.0026476602218324,3.0509752752561017
70.0,8.0,279.73565673828125,-4.6738645128567216,2.6012964848254865,-4.527823070181569,-1.5067862308851974,-1.8964949396004696,1.7037789487954806,-0.8500938602182742,4.813538531420046,-1.830794795985814,1.3354267782708014
70.0,8.0,267.2980041503906,-4.459797687407345,1.479338316243192,-4.8476447518043,-1.5752997918716487,-2.529558092978247,0.3897709519210321,-1.1067547162673392,4.023732576515173,-2.348479553723392,1.6595398853159613
70.0,8.0,293.840576171875,-4.353023363243014,3.493404366537118,-4.466475436119802,-1.838332824512482,-1.933939536323067,0.9037273447065544,-0.9230619438946088,4.414128113515623,-2.0178233172382067,1.806392667259082
70.0,8.0,301.7767944335937,-4.0210459525745375,2.3914399623269893,-4.655198046714201,-2.4381356938650067,-2.757874821078882,-0.4021640820265371,-1.6115014507445062,4.80730876644174,-2.027968734376256,2.352805091338227
70.0,8.0,274.3529663085937,-4.104278958619692,2.6237980287932965,-4.250456430361772,-2.2420783992292668,-3.034758695760658,0.9663030329649968,-1.633709439812146,3.846592579137455,-2.612516597756567,0.9216535391745616
70.0,8.0,262.6246643066406,-4.227835996065808,1.9101859222686648,-4.8937388619039695,-2.335376466176115,-2.05870614217521,1.1807592519249943,-1.0647810276295235,3.59967748877619,-2.0824504029552826,1.1839568370637488
70.0,8.0,305.01611328125,-4.97696522512344,1.922811585396512,-4.732511814674084,0.8914183226572401,-1.785773382892237,1.878825852626819,-1.7235846086802902,3.978052635607594,-1.633024616263392,1.3200376833304837
70.0,8.0,300.7752380371094,-4.757065861170484,2.837989509747569,-4.557074695677534,-1.667568284364418,-2.614686094550292,0.9273701253694168,-0.9374510393739808,4.549414684400436,-2.459977988602696,1.4833584649986566
70.0,8.0,335.66802978515625,-3.7119208566097592,1.7424991743438218,-4.475547719278456,-0.7588836464958973,-2.7495251629683226,-1.061141118641406,-1.2260132320112762,4.826833572359316,-2.67595103390399,1.8293319830371624
70.0,8.0,281.6697082519531,-4.096551140231538,1.8141401153335537,-4.52393594803071,-1.5031250044168325,-3.753382284396831,-0.4445023452118124,-1.0599154610369352,4.352960104055351,-1.9681867312159644,1.4555154542839066
70.0,8.0,268.3534851074219,-3.2074449326587,2.562032918906251,-4.6553809878704415,-0.483419467199996,-2.0961803218358344,0.769145498751709,-1.068477343137267,4.374023566055683,-2.19514558734818,1.8543333777731303
70.0,8.0,269.34014892578125,-3.484295630197912,2.44886483266829,-4.7401458209887855,-1.519318552087149,-2.5746618756128403,1.3304147763481482,-0.7950090697903527,4.394885200506395,-2.2889319944093374,1.716948768347878
70.0,8.0,276.740966796875,-3.987587937585357,3.242199006992469,-4.990151291432069,-1.970116497258286,-2.531215592802657,0.1379312676765216,-0.7063563416637827,3.860917473337449,-1.8636528799310048,1.8290580784361443
70.0,8.0,292.2298583984375,-4.177112960952571,1.96097024079626,-4.716427775424634,-1.8864177573691736,-1.806065036260735,1.4692819951575895,-1.1614620681058463,4.623132496784317,-2.033797382081449,1.9049017919653584
70.0,8.0,275.52008056640625,-2.29982279829278,1.901726280031232,-4.649975018517308,-2.12793618651724,-3.0064793797819185,-0.1197819938863846,-1.1481050402897892,4.564874815235526,-2.1533670215069387,1.267983809827049
70.0,8.0,277.9335021972656,-3.0761396571114283,1.045748519876024,-3.914585850547154,-2.347276597005058,-3.446802959828845,0.7823259583551039,-0.7084813972242104,4.93025970878316,-1.6651255235401532,1.9002401703471712
70.0,8.0,265.54412841796875,-4.580651683283783,1.6974733767382468,-4.786309964978738,-2.2398265017064736,-1.8012913625560782,1.5008633741378783,-1.5048881801273124,4.8021807773593945,-2.094309261714145,1.777224441119535
70.0,8.0,280.65997314453125,-4.160724845002214,3.3701246766536284,-4.653715937717626,-1.77022725983191,-2.363978064056448,0.3155537082534141,-1.4322714231244422,4.613588728028445,-1.8369271086020047,2.905375015533659
70.0,8.0,287.47674560546875,-4.35690930623407,1.9002669759198687,-4.597939342349335,-2.7755909066557747,-1.6649453205355245,0.9241546135871644,-1.0138082301853089,4.379861793163793,-2.274821920863706,2.301910261033229
70.0,8.0,275.3254089355469,-3.2866402593794666,2.6850908091469794,-4.424564753503458,-3.2423207947227124,-1.708702620618311,0.6790613182204194,-1.4823479065007623,4.416592040089323,-2.2845414345113166,1.6881459427870344
70.0,8.0,259.7696533203125,-4.785515341146966,2.5882685914189887,-4.973773836660571,-1.9184372775938816,-2.5844382708080613,1.5121569613731762,-1.0482205096550703,4.732149445596649,-2.3711424301293964,1.1968513947218855
70.0,8.0,313.12725830078125,-3.485231485148703,2.605694561031466,-4.882539839913976,-0.5675186238016692,-1.7748666026713886,1.1443080323014596,-1.4266682933319663,4.1323100361624645,-2.009040056359742,1.691149709571378
70.0,8.0,304.279541015625,-3.904152328168968,2.4421930566624,-4.595091916676395,-0.185245725263317,-3.802561560231275,0.6143897926404112,-2.0648700136008964,3.551553350327931,-2.949977858260266,1.910001484635468
70.0,8.0,291.9179382324219,-3.8261406592058176,2.8499473127390607,-4.775798864724776,-0.2202103150271155,-1.6916347655297823,0.848784387553505,-0.6189306904685843,4.190260909624634,-2.4881208365134952,0.9642337363378536
70.0,8.0,316.0542907714844,-3.514209760714818,1.1965389612388608,-4.895636943365788,-1.8569383386850984,-2.521077187952324,-0.2309912258877249,-2.317919890179006,4.443642720531544,-2.73379909545792,1.7567804064133103
70.0,8.0,324.60894775390625,-4.327207585750831,2.495489009567676,-4.609813024117416,-1.5461572186709929,-2.7974062717232764,1.7319609708708827,-1.2718565517422464,4.445004832388229,-2.5718933942123376,1.677848952010312
70.0,8.0,297.281005859375,-3.439059084071977,2.5203190377855496,-4.717081553023145,-1.3116268435135403,-2.3610376772048536,0.9904128353349758,-0.8530962482515392,4.900998622185753,-2.388080738936857,0.98105799659498
70.0,8.0,286.44061279296875,-4.721972653666256,1.924891802386764,-4.703520206437132,-1.742386628171791,-1.6760066129444764,1.2906731035545649,-1.1022701194397406,4.761310201295635,-2.502702006858948,1.5176723367305458
70.0,8.0,273.8065795898437,-3.823359911806524,2.8807479964993354,-4.80230967586802,-0.0831339068211964,-2.2111280852996087,0.9977747830718862,-0.5966129821312915,4.278229617158602,-2.237124507102044,1.619012879522395
70.0,8.0,292.5326232910156,-4.988104363092866,1.9003205772243548,-4.670206230992494,-2.443636850113005,-1.635294755995169,1.3018872671347312,-1.715918158944978,4.311145079044395,-2.123860158898684,1.9076148643580064
70.0,8.0,261.77325439453125,-3.830422198085843,2.544347275755163,-4.788444426058632,-0.748107390249833,-2.58899720309226,0.1725523958441983,-1.1757852639521935,4.380551031703776,-2.347567495534581,1.8746578121332989
70.0,8.0,289.6324157714844,-3.319980507751672,1.8636721230882909,-4.745813484178451,-2.0807458837236394,-2.26758980126635,-0.1736751847672626,-1.7134279711408622,4.270951812643222,-2.598363443767137,1.6429555015303958
70.0,8.0,288.67437744140625,-3.2544978931205075,2.3713899025383705,-4.284233465358766,-2.3761861375308366,-3.476862680576528,-0.2225499274069449,-1.2137737799164108,4.599010401116853,-2.320363523495151,1.385949780742188
70.0,8.0,253.6331787109375,-4.768410016771047,1.2310036074306938,-4.899329134532314,-2.1383816333078807,-2.734244591980094,-0.2149440044278974,-1.0139953463544655,4.864293292043923,-2.2845030272125184,1.974801952131892
70.0,8.0,279.30718994140625,-3.5673796845897097,1.4102735217708784,-4.79740900434922,-2.9118478188683925,-1.946139041838201,1.0416660762055407,-1.07411915687708,4.863993741163308,-2.456286472557847,1.8662207709936776
70.0,8.0,291.3433837890625,-4.958006668440348,1.530826804674395,-4.6925261552602455,-0.8412493686352398,-1.7276022901204926,1.2176947125792084,-0.6180429309401451,4.769284047414972,-1.897481877426597,1.5361221718939322
70.0,8.0,271.1083984375,-4.398949700741127,3.332236342907028,-4.811664916435534,-2.119639404400396,-1.9172389908456573,0.3620359232002732,-1.1122207312952406,4.674195821360738,-2.035137143953598,1.2565115214179634
70.0,8.0,277.40924072265625,-3.034187019532017,3.021578722322632,-4.802091575235641,-2.504295632599624,-2.440584525190677,0.9826885654854915,-0.7635388840471811,4.583083988624304,-1.1967240075767258,3.2930514407717
70.0,8.0,283.631591796875,-3.225380927521768,3.4666293751900668,-4.112774342531755,-1.361500949985814,-1.7405327150702152,0.9338255613814316,-1.407660705747368,3.4400563596132154,-2.39611987457382,1.7631124051771998
70.0,8.0,313.1583251953125,-4.65096069924838,2.4835727371996925,-4.457636015026529,-1.1314322803755634,-2.5819057287620195,1.090494732572218,-0.6481255194842281,4.359684554738009,-2.1527087090609034,2.052970007649645
70.0,8.0,286.311279296875,-3.13728587329913,2.116959035902428,-4.994405710806607,-2.4638695278575216,-2.405862610616939,-0.170789927425224,-1.543402639569325,4.1199650257822,-2.9516222340387586,1.5485869499952594
70.0,8.0,255.99807739257807,-4.046038562886765,2.950694058777203,-4.843056594597373,-0.9338071075225856,-2.31182455080468,0.2730470704536737,-1.093338767878388,4.070711149153459,-1.607573799632288,1.6564344734584049
70.0,8.0,274.0290222167969,-3.6119766710711336,2.1777676129830588,-4.695510564813902,-2.416435001113195,-1.9712288828855504,1.0780356477321829,-0.9135996912825932,4.302893062431865,-2.338975025695236,2.300360507322149
70.0,9.0,254.92156982421875,-4.130567961390046,2.787842118051727,-3.6462109188547,-2.856834591078591,-2.424918372408186,0.309860950471327,-0.9186830018298232,4.3445896876499415,-1.2333691912326392,1.4553876712957845
70.0,9.0,331.32733154296875,-4.169566957461174,2.8518941317767177,-4.9453401324899415,-0.0281099378586513,-2.121829285668896,0.7665118611053537,-1.3799044826964888,4.907174226481646,-3.125535633922954,2.200113638640167
70.0,9.0,243.576904296875,-4.902097768584221,1.980780023898118,-4.667792859354169,-1.626564740514915,-1.990463683581397,0.9169250183836885,-1.1282599957512156,4.766405291482026,-2.258107313538132,1.6370854079808286
70.0,9.0,291.67529296875,-4.039600468093082,2.927512786810808,-4.348873784543605,-0.7323851087505822,-2.465308235383784,0.4959487096335314,-1.905671459230512,4.125496242422945,-2.3346278285478315,0.9714210595045296
70.0,9.0,295.84100341796875,-3.9118344800857887,2.8715906911586018,-4.445532286011395,-1.4762182527171137,-2.6934128549919256,-0.2587393005381391,-0.9345953970253764,4.446889535070741,-2.6827196060414096,2.6109461555192848
70.0,9.0,286.9093017578125,-3.003340590313707,2.9733375880885786,-4.63899989319709,-1.3564229484368004,-2.475909549391172,-1.8636192451124047,-1.3397313794412766,3.507989832517743,-1.4997326190110205,1.780489230798727
70.0,9.0,313.4161682128906,-2.5914291861536,2.7140437306354843,-4.448484001798942,-1.3425044317885266,-3.3274838559706645,0.8553681820747818,-0.6686014054650626,4.340145442421941,-2.0026476602218324,3.0509752752561017
70.0,9.0,279.73565673828125,-4.6738645128567216,2.6012964848254865,-4.527823070181569,-1.5067862308851974,-1.8964949396004696,1.7037789487954806,-0.8500938602182742,4.813538531420046,-1.830794795985814,1.3354267782708014
70.0,9.0,237.2676696777344,-4.961798435826557,1.7223776859958382,-4.778513692655031,-1.6186823619832578,-2.429785291970247,0.4818884034320859,-1.0555822996152422,4.390850113406917,-2.3022296030368867,1.61335863118594
70.0,9.0,288.3812255859375,-4.707442346440003,3.1208263100209623,-4.635149730094613,-1.6259947979265317,-2.1001090440104475,0.7618175737442943,-0.9887937087912154,4.643399490958713,-2.245119579184768,1.8240698390041528
70.0,9.0,294.7372131347656,-4.2479452200049375,2.0327403668385653,-4.632907524028967,-2.6791991921523106,-2.4718446245080945,-0.8450530319998049,-1.2079857094247457,4.801029305964453,-2.262757242088998,2.2999557231912013
70.0,9.0,274.3529663085937,-4.104278958619692,2.6237980287932965,-4.250456430361772,-2.2420783992292668,-3.034758695760658,0.9663030329649968,-1.633709439812146,3.846592579137455,-2.612516597756567,0.9216535391745616
70.0,9.0,262.6246643066406,-4.227835996065808,1.9101859222686648,-4.8937388619039695,-2.335376466176115,-2.05870614217521,1.1807592519249943,-1.0647810276295235,3.59967748877619,-2.0824504029552826,1.1839568370637488
70.0,9.0,285.3080444335937,-4.988413786427152,1.5643933960787264,-4.79879253777323,-1.10858167734276,-2.0056555099502167,2.0599503795509806,-1.607134803315634,4.451196377204648,-1.561734746380428,1.3261680808533962
70.0,9.0,291.5505065917969,-4.909877389594607,1.7874708628868938,-4.641678361272891,-1.6691320188826964,-1.8470767721836807,1.0290811977211116,-1.3407766563543229,4.980511095548204,-2.062118829364074,1.6186969410910073
70.0,9.0,307.4067687988281,-3.646678376126678,0.9949636270960642,-4.770885434181852,-1.2435579592428936,-3.048191866848758,0.8488274673459734,-0.9950220708683434,4.671107024521501,-2.8189486597413813,2.1435687047877288
70.0,9.0,281.6697082519531,-4.096551140231538,1.8141401153335537,-4.52393594803071,-1.5031250044168325,-3.753382284396831,-0.4445023452118124,-1.0599154610369352,4.352960104055351,-1.9681867312159644,1.4555154542839066
70.0,9.0,268.3534851074219,-3.2074449326587,2.562032918906251,-4.6553809878704415,-0.483419467199996,-2.0961803218358344,0.769145498751709,-1.068477343137267,4.374023566055683,-2.19514558734818,1.8543333777731303
70.0,9.0,269.34014892578125,-3.484295630197912,2.44886483266829,-4.7401458209887855,-1.519318552087149,-2.5746618756128403,1.3304147763481482,-0.7950090697903527,4.394885200506395,-2.2889319944093374,1.716948768347878
70.0,9.0,253.8214874267578,-3.924507860414521,1.555921015238358,-4.60617714529978,-2.717397371500134,-2.9926952714375186,0.2823646766664597,-1.0073749427086045,3.909125683668393,-1.9894361859226384,1.899807907804353
70.0,9.0,289.25738525390625,-4.585345949392528,1.9367025621102267,-4.74743104735656,-2.4530275714218264,-2.117409715300033,1.047218531119133,-1.0079302020138845,4.963539617547524,-2.266907437041166,1.7280051944527557
70.0,9.0,275.52008056640625,-2.29982279829278,1.901726280031232,-4.649975018517308,-2.12793618651724,-3.0064793797819185,-0.1197819938863846,-1.1481050402897892,4.564874815235526,-2.1533670215069387,1.267983809827049
70.0,9.0,277.9335021972656,-3.0761396571114283,1.045748519876024,-3.914585850547154,-2.347276597005058,-3.446802959828845,0.7823259583551039,-0.7084813972242104,4.93025970878316,-1.6651255235401532,1.9002401703471712
70.0,9.0,265.54412841796875,-4.580651683283783,1.6974733767382468,-4.786309964978738,-2.2398265017064736,-1.8012913625560782,1.5008633741378783,-1.5048881801273124,4.8021807773593945,-2.094309261714145,1.777224441119535
70.0,9.0,279.9499206542969,-4.2541528217170885,2.89085045578431,-4.593989959292738,-2.200976398088033,-1.9895891299151445,0.1705997942386558,-1.277182520946953,4.874076527721075,-1.8486089093786284,1.5443969462324818
70.0,9.0,287.47674560546875,-4.35690930623407,1.9002669759198687,-4.597939342349335,-2.7755909066557747,-1.6649453205355245,0.9241546135871644,-1.0138082301853089,4.379861793163793,-2.274821920863706,2.301910261033229
70.0,9.0,275.3254089355469,-3.2866402593794666,2.6850908091469794,-4.424564753503458,-3.2423207947227124,-1.708702620618311,0.6790613182204194,-1.4823479065007623,4.416592040089323,-2.2845414345113166,1.6881459427870344
70.0,9.0,259.7696533203125,-4.785515341146966,2.5882685914189887,-4.973773836660571,-1.9184372775938816,-2.5844382708080613,1.5121569613731762,-1.0482205096550703,4.732149445596649,-2.3711424301293964,1.1968513947218855
70.0,9.0,292.96563720703125,-3.619646506880445,1.2031690357170683,-4.712132089611592,-1.9408980667793256,-2.1661648327788785,1.2142915921734645,-0.5184739123676683,3.8498383031979206,-2.364064794523033,1.7046590675719386
70.0,9.0,302.84576416015625,-4.196276917114673,1.8636275412716417,-4.501131672658985,-0.847898240020896,-1.822894466823453,1.3635598301249463,-1.8076712109059856,4.58849428981597,-1.768947130002705,1.7420081149862656
70.0,9.0,291.9179382324219,-3.8261406592058176,2.8499473127390607,-4.775798864724776,-0.2202103150271155,-1.6916347655297823,0.848784387553505,-0.6189306904685843,4.190260909624634,-2.4881208365134952,0.9642337363378536
70.0,9.0,272.8367919921875,-4.544572832265988,1.843680722919505,-4.764206573898902,-2.552514604384436,-2.5465811990155074,-0.8697314741544362,-1.444322805306696,4.69522339250413,-2.654521213152906,1.7440909544076204
70.0,9.0,278.612060546875,-4.905604249585359,2.171044985089869,-4.59151245843006,-1.7409673278825506,-2.9988852648796,1.808179094532545,-1.0668245203146658,4.612073415634191,-2.3934285995841176,1.6241356053933889
70.0,9.0,297.281005859375,-3.439059084071977,2.5203190377855496,-4.717081553023145,-1.3116268435135403,-2.3610376772048536,0.9904128353349758,-0.8530962482515392,4.900998622185753,-2.388080738936857,0.98105799659498
70.0,9.0,286.44061279296875,-4.721972653666256,1.924891802386764,-4.703520206437132,-1.742386628171791,-1.6760066129444764,1.2906731035545649,-1.1022701194397406,4.761310201295635,-2.502702006858948,1.5176723367305458
70.0,9.0,239.0243377685547,-4.051409346506912,2.063886860580763,-4.843229970009615,-1.6962553641924465,-1.947556494525905,0.9460816389313382,-1.4409639156178415,4.254907946189098,-2.252831223023224,1.679280647292548
70.0,9.0,285.5161437988281,-4.9979238328751325,1.743620632989121,-4.620729165728085,-1.8072895618919669,-1.872287181204486,0.8769080504737753,-0.700097977764701,4.393032325652084,-2.196415089115709,2.34355646415199
70.0,9.0,261.77325439453125,-3.830422198085843,2.544347275755163,-4.788444426058632,-0.748107390249833,-2.58899720309226,0.1725523958441983,-1.1757852639521935,4.380551031703776,-2.347567495534581,1.8746578121332989
70.0,9.0,289.6324157714844,-3.319980507751672,1.8636721230882909,-4.745813484178451,-2.0807458837236394,-2.26758980126635,-0.1736751847672626,-1.7134279711408622,4.270951812643222,-2.598363443767137,1.6429555015303958
70.0,9.0,288.67437744140625,-3.2544978931205075,2.3713899025383705,-4.284233465358766,-2.3761861375308366,-3.476862680576528,-0.2225499274069449,-1.2137737799164108,4.599010401116853,-2.320363523495151,1.385949780742188
70.0,9.0,253.6331787109375,-4.768410016771047,1.2310036074306938,-4.899329134532314,-2.1383816333078807,-2.734244591980094,-0.2149440044278974,-1.0139953463544655,4.864293292043923,-2.2845030272125184,1.974801952131892
70.0,9.0,252.07882690429688,-4.05530464934462,1.3079957444836012,-4.857322892290329,-1.6680731827642004,-1.996997210895621,0.9228441400149008,-1.0603971357397954,4.8234793045025794,-2.390308414336922,1.8162818915160976
70.0,9.0,291.3433837890625,-4.958006668440348,1.530826804674395,-4.6925261552602455,-0.8412493686352398,-1.7276022901204926,1.2176947125792084,-0.6180429309401451,4.769284047414972,-1.897481877426597,1.5361221718939322
70.0,9.0,253.1121826171875,-4.964096143729607,2.0732433626855924,-4.912297285263923,-2.4432102843744947,-2.1851336763708726,1.3939471291508083,-1.136788391150065,4.7675062022553,-1.2342120991623484,1.4593712939429462
70.0,9.0,234.5180511474609,-3.85764315442585,1.303156801021411,-4.877933105010854,-1.604613070614643,-2.3770104271265127,0.912271737376502,-1.0406162471787834,4.700385885119623,-0.4895305529791161,2.149879270145956
70.0,9.0,283.631591796875,-3.225380927521768,3.4666293751900668,-4.112774342531755,-1.361500949985814,-1.7405327150702152,0.9338255613814316,-1.407660705747368,3.4400563596132154,-2.39611987457382,1.7631124051771998
70.0,9.0,305.2470092773437,-4.963289985044717,2.1263988997183247,-4.609368645329747,-1.243091637433102,-2.854462376204765,0.2193708383021355,-0.9181433629982692,4.368596884252006,-2.3047398613263312,1.6443762377211877
70.0,9.0,248.38406372070312,-4.253541752587433,2.240458935915348,-4.855179376853195,-2.373987524179795,-2.42675168909631,0.718640282578737,-0.9344703199598728,4.301045239333638,-1.9039042484958195,1.668043533375131
70.0,9.0,255.99807739257807,-4.046038562886765,2.950694058777203,-4.843056594597373,-0.9338071075225856,-2.31182455080468,0.2730470704536737,-1.093338767878388,4.070711149153459,-1.607573799632288,1.6564344734584049
70.0,9.0,274.0290222167969,-3.6119766710711336,2.1777676129830588,-4.695510564813902,-2.416435001113195,-1.9712288828855504,1.0780356477321829,-0.9135996912825932,4.302893062431865,-2.338975025695236,2.300360507322149
70.0,10.0,254.92156982421875,-4.130567961390046,2.787842118051727,-3.6462109188547,-2.856834591078591,-2.424918372408186,0.309860950471327,-0.9186830018298232,4.3445896876499415,-1.2333691912326392,1.4553876712957845
70.0,10.0,243.6205444335937,-3.883675189218103,1.0469609120256995,-4.963382466848603,-0.2220638738232245,-2.8846874382628664,0.8219394971912924,-1.4553363481824644,4.717135935015153,-0.9828026727110056,1.6522862607000524
70.0,10.0,243.576904296875,-4.902097768584221,1.980780023898118,-4.667792859354169,-1.626564740514915,-1.990463683581397,0.9169250183836885,-1.1282599957512156,4.766405291482026,-2.258107313538132,1.6370854079808286
70.0,10.0,270.9772033691406,-3.395254946821441,2.422132075353712,-4.74966478500013,-1.9166347951890463,-2.3841073203421552,0.8317587740777248,-1.136499142999726,4.530635536406848,-0.4915799690003608,1.78542318454586
70.0,10.0,295.84100341796875,-3.9118344800857887,2.8715906911586018,-4.445532286011395,-1.4762182527171137,-2.6934128549919256,-0.2587393005381391,-0.9345953970253764,4.446889535070741,-2.6827196060414096,2.6109461555192848
70.0,10.0,256.13037109375,-3.2975409669202445,1.9046111172209697,-4.8804194332360025,-1.223119565667764,-3.576174973895757,0.5745197209715007,-1.0139787594053171,3.5946807587869856,-0.6501171288742493,1.350998923015618
70.0,10.0,313.4161682128906,-2.5914291861536,2.7140437306354843,-4.448484001798942,-1.3425044317885266,-3.3274838559706645,0.8553681820747818,-0.6686014054650626,4.340145442421941,-2.0026476602218324,3.0509752752561017
70.0,10.0,279.73565673828125,-4.6738645128567216,2.6012964848254865,-4.527823070181569,-1.5067862308851974,-1.8964949396004696,1.7037789487954806,-0.8500938602182742,4.813538531420046,-1.830794795985814,1.3354267782708014
70.0,10.0,237.2676696777344,-4.961798435826557,1.7223776859958382,-4.778513692655031,-1.6186823619832578,-2.429785291970247,0.4818884034320859,-1.0555822996152422,4.390850113406917,-2.3022296030368867,1.61335863118594
70.0,10.0,288.3812255859375,-4.707442346440003,3.1208263100209623,-4.635149730094613,-1.6259947979265317,-2.1001090440104475,0.7618175737442943,-0.9887937087912154,4.643399490958713,-2.245119579184768,1.8240698390041528
70.0,10.0,294.7372131347656,-4.2479452200049375,2.0327403668385653,-4.632907524028967,-2.6791991921523106,-2.4718446245080945,-0.8450530319998049,-1.2079857094247457,4.801029305964453,-2.262757242088998,2.2999557231912013
70.0,10.0,274.3529663085937,-4.104278958619692,2.6237980287932965,-4.250456430361772,-2.2420783992292668,-3.034758695760658,0.9663030329649968,-1.633709439812146,3.846592579137455,-2.612516597756567,0.9216535391745616
70.0,10.0,262.6246643066406,-4.227835996065808,1.9101859222686648,-4.8937388619039695,-2.335376466176115,-2.05870614217521,1.1807592519249943,-1.0647810276295235,3.59967748877619,-2.0824504029552826,1.1839568370637488
70.0,10.0,285.3080444335937,-4.988413786427152,1.5643933960787264,-4.79879253777323,-1.10858167734276,-2.0056555099502167,2.0599503795509806,-1.607134803315634,4.451196377204648,-1.561734746380428,1.3261680808533962
70.0,10.0,291.5505065917969,-4.909877389594607,1.7874708628868938,-4.641678361272891,-1.6691320188826964,-1.8470767721836807,1.0290811977211116,-1.3407766563543229,4.980511095548204,-2.062118829364074,1.6186969410910073
70.0,10.0,303.83984375,-3.5005262296180764,0.6340502216670076,-4.780643045349604,-1.6991912164234824,-3.0193908000868506,1.668425679983044,-1.1418205118097258,4.548238727362057,-2.694581637032281,2.565791642361763
70.0,10.0,249.6666259765625,-3.1033772477609194,0.8985519145457007,-4.957076477600672,-1.523691893060462,-2.1748561152065604,-0.0744524175020071,-0.9666894957504062,4.614044833549302,-0.453884056065021,2.00305093978642
70.0,10.0,268.3534851074219,-3.2074449326587,2.562032918906251,-4.6553809878704415,-0.483419467199996,-2.0961803218358344,0.769145498751709,-1.068477343137267,4.374023566055683,-2.19514558734818,1.8543333777731303
70.0,10.0,252.98703002929688,-3.20509543428245,1.6273467287335734,-4.94314069240419,-1.2374643167540862,-3.0162946546364457,1.386314760735814,-1.0128739785751126,4.286356644021116,-0.2711669122198348,2.0458998558087744
70.0,10.0,253.8214874267578,-3.924507860414521,1.555921015238358,-4.60617714529978,-2.717397371500134,-2.9926952714375186,0.2823646766664597,-1.0073749427086045,3.909125683668393,-1.9894361859226384,1.899807907804353
70.0,10.0,237.9291381835937,-3.63357390815168,1.0349266019040757,-4.931821530692241,-2.2476118449085294,-2.413150646095979,0.8189844675087172,-0.9682321938472552,4.865055504012936,-0.5250530200228722,2.3827842460846256
70.0,10.0,275.52008056640625,-2.29982279829278,1.901726280031232,-4.649975018517308,-2.12793618651724,-3.0064793797819185,-0.1197819938863846,-1.1481050402897892,4.564874815235526,-2.1533670215069387,1.267983809827049
70.0,10.0,277.9335021972656,-3.0761396571114283,1.045748519876024,-3.914585850547154,-2.347276597005058,-3.446802959828845,0.7823259583551039,-0.7084813972242104,4.93025970878316,-1.6651255235401532,1.9002401703471712
70.0,10.0,265.54412841796875,-4.580651683283783,1.6974733767382468,-4.786309964978738,-2.2398265017064736,-1.8012913625560782,1.5008633741378783,-1.5048881801273124,4.8021807773593945,-2.094309261714145,1.777224441119535
70.0,10.0,279.9499206542969,-4.2541528217170885,2.89085045578431,-4.593989959292738,-2.200976398088033,-1.9895891299151445,0.1705997942386558,-1.277182520946953,4.874076527721075,-1.8486089093786284,1.5443969462324818
70.0,10.0,246.600814819336,-3.2633609638993475,1.0920534002434166,-4.680732447072565,-2.19818539600572,-2.3198450062915352,0.8164792205816711,-1.0568318734919482,4.46079360636703,-0.3496306011163304,2.0943501787506253
70.0,10.0,275.3254089355469,-3.2866402593794666,2.6850908091469794,-4.424564753503458,-3.2423207947227124,-1.708702620618311,0.6790613182204194,-1.4823479065007623,4.416592040089323,-2.2845414345113166,1.6881459427870344
70.0,10.0,259.7696533203125,-4.785515341146966,2.5882685914189887,-4.973773836660571,-1.9184372775938816,-2.5844382708080613,1.5121569613731762,-1.0482205096550703,4.732149445596649,-2.3711424301293964,1.1968513947218855
70.0,10.0,292.96563720703125,-3.619646506880445,1.2031690357170683,-4.712132089611592,-1.9408980667793256,-2.1661648327788785,1.2142915921734645,-0.5184739123676683,3.8498383031979206,-2.364064794523033,1.7046590675719386
70.0,10.0,302.84576416015625,-4.196276917114673,1.8636275412716417,-4.501131672658985,-0.847898240020896,-1.822894466823453,1.3635598301249463,-1.8076712109059856,4.58849428981597,-1.768947130002705,1.7420081149862656
70.0,10.0,291.9179382324219,-3.8261406592058176,2.8499473127390607,-4.775798864724776,-0.2202103150271155,-1.6916347655297823,0.848784387553505,-0.6189306904685843,4.190260909624634,-2.4881208365134952,0.9642337363378536
70.0,10.0,272.8367919921875,-4.544572832265988,1.843680722919505,-4.764206573898902,-2.552514604384436,-2.5465811990155074,-0.8697314741544362,-1.444322805306696,4.69522339250413,-2.654521213152906,1.7440909544076204
70.0,10.0,262.7934265136719,-3.379769729617575,0.8250758342492428,-4.721237145346096,-1.7957815756661586,-2.4376037138292626,0.2642497463632611,-0.95020552434442,4.722245074768017,-0.3934285995841176,2.1414331816398606
70.0,10.0,242.4745178222656,-3.3292002198048243,1.031355518605258,-4.716309763000723,-1.5727735197376715,-2.712487126397012,0.7608925654968379,-0.8582813596036044,4.650076973390648,-0.4988163400844314,1.6294617082026814
70.0,10.0,234.5803985595703,-3.1457474746250265,1.1138519548607442,-4.94322487820198,-1.6733371731008555,-2.5887209533735223,0.7619259169880531,-1.2150859208139808,4.708253645392563,-0.3265650397336059,2.226918945636021
70.0,10.0,239.0243377685547,-4.051409346506912,2.063886860580763,-4.843229970009615,-1.6962553641924465,-1.947556494525905,0.9460816389313382,-1.4409639156178415,4.254907946189098,-2.252831223023224,1.679280647292548
70.0,10.0,285.5161437988281,-4.9979238328751325,1.743620632989121,-4.620729165728085,-1.8072895618919669,-1.872287181204486,0.8769080504737753,-0.700097977764701,4.393032325652084,-2.196415089115709,2.34355646415199
70.0,10.0,250.5585479736328,-3.877317488977696,1.81724175298986,-4.940551306831821,-0.3492622630402837,-2.039007154196895,0.7227416571809115,-1.0830028120563235,4.47933958944484,-0.9054902766270524,2.0102426663479926
70.0,10.0,289.6324157714844,-3.319980507751672,1.8636721230882909,-4.745813484178451,-2.0807458837236394,-2.26758980126635,-0.1736751847672626,-1.7134279711408622,4.270951812643222,-2.598363443767137,1.6429555015303958
70.0,10.0,288.67437744140625,-3.2544978931205075,2.3713899025383705,-4.284233465358766,-2.3761861375308366,-3.476862680576528,-0.2225499274069449,-1.2137737799164108,4.599010401116853,-2.320363523495151,1.385949780742188
70.0,10.0,253.6331787109375,-4.768410016771047,1.2310036074306938,-4.899329134532314,-2.1383816333078807,-2.734244591980094,-0.2149440044278974,-1.0139953463544655,4.864293292043923,-2.2845030272125184,1.974801952131892
70.0,10.0,252.07882690429688,-4.05530464934462,1.3079957444836012,-4.857322892290329,-1.6680731827642004,-1.996997210895621,0.9228441400149008,-1.0603971357397954,4.8234793045025794,-2.390308414336922,1.8162818915160976
70.0,10.0,291.3433837890625,-4.958006668440348,1.530826804674395,-4.6925261552602455,-0.8412493686352398,-1.7276022901204926,1.2176947125792084,-0.6180429309401451,4.769284047414972,-1.897481877426597,1.5361221718939322
70.0,10.0,249.92437744140625,-4.147422544456886,0.6664047304949767,-4.89966564642863,-1.911028215338569,-2.651076757433285,1.2380484463175496,-0.9697369283327756,4.735944552017319,-0.7463504866453823,2.1952439316703938
70.0,10.0,234.5180511474609,-3.85764315442585,1.303156801021411,-4.877933105010854,-1.604613070614643,-2.3770104271265127,0.912271737376502,-1.0406162471787834,4.700385885119623,-0.4895305529791161,2.149879270145956
70.0,10.0,283.631591796875,-3.225380927521768,3.4666293751900668,-4.112774342531755,-1.361500949985814,-1.7405327150702152,0.9338255613814316,-1.407660705747368,3.4400563596132154,-2.39611987457382,1.7631124051771998
70.0,10.0,285.9983215332031,-3.751325825979437,1.7318681121129078,-4.966077914071133,-1.3945091974500865,-3.25899446349416,0.0302635850488575,-0.7730187803295445,4.355218883328121,-0.3047398613263312,1.937094594632303
70.0,10.0,248.38406372070312,-4.253541752587433,2.240458935915348,-4.855179376853195,-2.373987524179795,-2.42675168909631,0.718640282578737,-0.9344703199598728,4.301045239333638,-1.9039042484958195,1.668043533375131
70.0,10.0,255.99807739257807,-4.046038562886765,2.950694058777203,-4.843056594597373,-0.9338071075225856,-2.31182455080468,0.2730470704536737,-1.093338767878388,4.070711149153459,-1.607573799632288,1.6564344734584049
70.0,10.0,244.0407867431641,-3.8266006766348135,1.6303557661958274,-4.97151237944779,-1.7006433266955767,-2.4624756466620403,0.7328456306259192,-0.9330274890244866,4.523710927990382,-0.7815182421090336,2.0794538000067257
70.0,11.0,254.92156982421875,-4.130567961390046,2.787842118051727,-3.6462109188547,-2.856834591078591,-2.424918372408186,0.309860950471327,-0.9186830018298232,4.3445896876499415,-1.2333691912326392,1.4553876712957845
70.0,11.0,243.6205444335937,-3.883675189218103,1.0469609120256995,-4.963382466848603,-0.2220638738232245,-2.8846874382628664,0.8219394971912924,-1.4553363481824644,4.717135935015153,-0.9828026727110056,1.6522862607000524
70.0,11.0,243.576904296875,-4.902097768584221,1.980780023898118,-4.667792859354169,-1.626564740514915,-1.990463683581397,0.9169250183836885,-1.1282599957512156,4.766405291482026,-2.258107313538132,1.6370854079808286
70.0,11.0,270.9772033691406,-3.395254946821441,2.422132075353712,-4.74966478500013,-1.9166347951890463,-2.3841073203421552,0.8317587740777248,-1.136499142999726,4.530635536406848,-0.4915799690003608,1.78542318454586
70.0,11.0,295.84100341796875,-3.9118344800857887,2.8715906911586018,-4.445532286011395,-1.4762182527171137,-2.6934128549919256,-0.2587393005381391,-0.9345953970253764,4.446889535070741,-2.6827196060414096,2.6109461555192848
70.0,11.0,256.13037109375,-3.2975409669202445,1.9046111172209697,-4.8804194332360025,-1.223119565667764,-3.576174973895757,0.5745197209715007,-1.0139787594053171,3.5946807587869856,-0.6501171288742493,1.350998923015618
70.0,11.0,313.4161682128906,-2.5914291861536,2.7140437306354843,-4.448484001798942,-1.3425044317885266,-3.3274838559706645,0.8553681820747818,-0.6686014054650626,4.340145442421941,-2.0026476602218324,3.0509752752561017
70.0,11.0,279.73565673828125,-4.6738645128567216,2.6012964848254865,-4.527823070181569,-1.5067862308851974,-1.8964949396004696,1.7037789487954806,-0.8500938602182742,4.813538531420046,-1.830794795985814,1.3354267782708014
70.0,11.0,237.2676696777344,-4.961798435826557,1.7223776859958382,-4.778513692655031,-1.6186823619832578,-2.429785291970247,0.4818884034320859,-1.0555822996152422,4.390850113406917,-2.3022296030368867,1.61335863118594
70.0,11.0,288.3812255859375,-4.707442346440003,3.1208263100209623,-4.635149730094613,-1.6259947979265317,-2.1001090440104475,0.7618175737442943,-0.9887937087912154,4.643399490958713,-2.245119579184768,1.8240698390041528
70.0,11.0,260.31793212890625,-3.9170162024998567,1.7856693049187902,-4.467988154637592,-2.586715237214272,-2.3693168960996966,0.5954735175659839,-1.457107205428348,4.767812667038227,-0.8918180400059673,2.211836885806723
70.0,11.0,274.3529663085937,-4.104278958619692,2.6237980287932965,-4.250456430361772,-2.2420783992292668,-3.034758695760658,0.9663030329649968,-1.633709439812146,3.846592579137455,-2.612516597756567,0.9216535391745616
70.0,11.0,248.06036376953125,-3.229771800721602,1.5107734531245935,-4.89276654995183,-0.9365585891225972,-2.4567730225061992,0.9391778142049322,-1.0568146188462733,2.974141395513945,-1.8854554692143912,1.970671533616067
70.0,11.0,256.65692138671875,-3.6097037810885153,2.0918593162099937,-4.864038287804486,-0.7705424060533748,-1.9747515262713824,1.8257604890125272,-0.9116122088980728,4.6761488181233615,-1.897213935340177,1.4090187052440193
70.0,11.0,274.28546142578125,-4.084109444888988,2.5019309423538703,-4.75923985113735,-1.6135970136638165,-1.894670499709191,0.862830038491204,-1.0648974570396286,4.957651347219414,-1.2478612556451063,2.798888631840517
70.0,11.0,263.51153564453125,-3.596325077648761,0.9827618351766754,-4.9439520151639575,-1.9279014822167064,-2.7827300138380444,1.4016457728251857,-1.056517446378057,4.767973649943736,-0.6945816370322815,2.448291983369402
70.0,11.0,249.6666259765625,-3.1033772477609194,0.8985519145457007,-4.957076477600672,-1.523691893060462,-2.1748561152065604,-0.0744524175020071,-0.9666894957504062,4.614044833549302,-0.453884056065021,2.00305093978642
70.0,11.0,268.3534851074219,-3.2074449326587,2.562032918906251,-4.6553809878704415,-0.483419467199996,-2.0961803218358344,0.769145498751709,-1.068477343137267,4.374023566055683,-2.19514558734818,1.8543333777731303
70.0,11.0,252.98703002929688,-3.20509543428245,1.6273467287335734,-4.94314069240419,-1.2374643167540862,-3.0162946546364457,1.386314760735814,-1.0128739785751126,4.286356644021116,-0.2711669122198348,2.0458998558087744
70.0,11.0,253.8214874267578,-3.924507860414521,1.555921015238358,-4.60617714529978,-2.717397371500134,-2.9926952714375186,0.2823646766664597,-1.0073749427086045,3.909125683668393,-1.9894361859226384,1.899807907804353
70.0,11.0,237.9291381835937,-3.63357390815168,1.0349266019040757,-4.931821530692241,-2.2476118449085294,-2.413150646095979,0.8189844675087172,-0.9682321938472552,4.865055504012936,-0.5250530200228722,2.3827842460846256
70.0,11.0,275.52008056640625,-2.29982279829278,1.901726280031232,-4.649975018517308,-2.12793618651724,-3.0064793797819185,-0.1197819938863846,-1.1481050402897892,4.564874815235526,-2.1533670215069387,1.267983809827049
70.0,11.0,277.9335021972656,-3.0761396571114283,1.045748519876024,-3.914585850547154,-2.347276597005058,-3.446802959828845,0.7823259583551039,-0.7084813972242104,4.93025970878316,-1.6651255235401532,1.9002401703471712
70.0,11.0,265.54412841796875,-4.580651683283783,1.6974733767382468,-4.786309964978738,-2.2398265017064736,-1.8012913625560782,1.5008633741378783,-1.5048881801273124,4.8021807773593945,-2.094309261714145,1.777224441119535
70.0,11.0,279.9499206542969,-4.2541528217170885,2.89085045578431,-4.593989959292738,-2.200976398088033,-1.9895891299151445,0.1705997942386558,-1.277182520946953,4.874076527721075,-1.8486089093786284,1.5443969462324818
70.0,11.0,246.600814819336,-3.2633609638993475,1.0920534002434166,-4.680732447072565,-2.19818539600572,-2.3198450062915352,0.8164792205816711,-1.0568318734919482,4.46079360636703,-0.3496306011163304,2.0943501787506253
70.0,11.0,275.3254089355469,-3.2866402593794666,2.6850908091469794,-4.424564753503458,-3.2423207947227124,-1.708702620618311,0.6790613182204194,-1.4823479065007623,4.416592040089323,-2.2845414345113166,1.6881459427870344
70.0,11.0,259.7696533203125,-4.785515341146966,2.5882685914189887,-4.973773836660571,-1.9184372775938816,-2.5844382708080613,1.5121569613731762,-1.0482205096550703,4.732149445596649,-2.3711424301293964,1.1968513947218855
70.0,11.0,292.96563720703125,-3.619646506880445,1.2031690357170683,-4.712132089611592,-1.9408980667793256,-2.1661648327788785,1.2142915921734645,-0.5184739123676683,3.8498383031979206,-2.364064794523033,1.7046590675719386
70.0,11.0,302.84576416015625,-4.196276917114673,1.8636275412716417,-4.501131672658985,-0.847898240020896,-1.822894466823453,1.3635598301249463,-1.8076712109059856,4.58849428981597,-1.768947130002705,1.7420081149862656
70.0,11.0,291.9179382324219,-3.8261406592058176,2.8499473127390607,-4.775798864724776,-0.2202103150271155,-1.6916347655297823,0.848784387553505,-0.6189306904685843,4.190260909624634,-2.4881208365134952,0.9642337363378536
70.0,11.0,250.8287048339844,-3.293566951230977,1.5139741984496349,-4.886043853097508,-2.5383937836359225,-2.369018706849824,-0.8697314741544362,-1.3066805456584494,4.752000067937671,-1.8737600364798184,1.9361211249855683
70.0,11.0,262.7934265136719,-3.379769729617575,0.8250758342492428,-4.721237145346096,-1.7957815756661586,-2.4376037138292626,0.2642497463632611,-0.95020552434442,4.722245074768017,-0.3934285995841176,2.1414331816398606
70.0,11.0,242.4745178222656,-3.3292002198048243,1.031355518605258,-4.716309763000723,-1.5727735197376715,-2.712487126397012,0.7608925654968379,-0.8582813596036044,4.650076973390648,-0.4988163400844314,1.6294617082026814
70.0,11.0,234.5803985595703,-3.1457474746250265,1.1138519548607442,-4.94322487820198,-1.6733371731008555,-2.5887209533735223,0.7619259169880531,-1.2150859208139808,4.708253645392563,-0.3265650397336059,2.226918945636021
70.0,11.0,239.0243377685547,-4.051409346506912,2.063886860580763,-4.843229970009615,-1.6962553641924465,-1.947556494525905,0.9460816389313382,-1.4409639156178415,4.254907946189098,-2.252831223023224,1.679280647292548
70.0,11.0,285.5161437988281,-4.9979238328751325,1.743620632989121,-4.620729165728085,-1.8072895618919669,-1.872287181204486,0.8769080504737753,-0.700097977764701,4.393032325652084,-2.196415089115709,2.34355646415199
70.0,11.0,250.5585479736328,-3.877317488977696,1.81724175298986,-4.940551306831821,-0.3492622630402837,-2.039007154196895,0.7227416571809115,-1.0830028120563235,4.47933958944484,-0.9054902766270524,2.0102426663479926
70.0,11.0,280.5751953125,-3.8020659370645102,0.8409908519113949,-4.824414770153348,-1.473102619177313,-2.12096290521735,-0.66270184649399,-1.4299019694855666,4.911569546129923,-0.5907299735048226,1.6792674445433031
70.0,11.0,288.67437744140625,-3.2544978931205075,2.3713899025383705,-4.284233465358766,-2.3761861375308366,-3.476862680576528,-0.2225499274069449,-1.2137737799164108,4.599010401116853,-2.320363523495151,1.385949780742188
70.0,11.0,253.6331787109375,-4.768410016771047,1.2310036074306938,-4.899329134532314,-2.1383816333078807,-2.734244591980094,-0.2149440044278974,-1.0139953463544655,4.864293292043923,-2.2845030272125184,1.974801952131892
70.0,11.0,252.07882690429688,-4.05530464934462,1.3079957444836012,-4.857322892290329,-1.6680731827642004,-1.996997210895621,0.9228441400149008,-1.0603971357397954,4.8234793045025794,-2.390308414336922,1.8162818915160976
70.0,11.0,291.3433837890625,-4.958006668440348,1.530826804674395,-4.6925261552602455,-0.8412493686352398,-1.7276022901204926,1.2176947125792084,-0.6180429309401451,4.769284047414972,-1.897481877426597,1.5361221718939322
70.0,11.0,249.92437744140625,-4.147422544456886,0.6664047304949767,-4.89966564642863,-1.911028215338569,-2.651076757433285,1.2380484463175496,-0.9697369283327756,4.735944552017319,-0.7463504866453823,2.1952439316703938
70.0,11.0,234.5180511474609,-3.85764315442585,1.303156801021411,-4.877933105010854,-1.604613070614643,-2.3770104271265127,0.912271737376502,-1.0406162471787834,4.700385885119623,-0.4895305529791161,2.149879270145956
70.0,11.0,283.631591796875,-3.225380927521768,3.4666293751900668,-4.112774342531755,-1.361500949985814,-1.7405327150702152,0.9338255613814316,-1.407660705747368,3.4400563596132154,-2.39611987457382,1.7631124051771998
70.0,11.0,285.9983215332031,-3.751325825979437,1.7318681121129078,-4.966077914071133,-1.3945091974500865,-3.25899446349416,0.0302635850488575,-0.7730187803295445,4.355218883328121,-0.3047398613263312,1.937094594632303
70.0,11.0,248.38406372070312,-4.253541752587433,2.240458935915348,-4.855179376853195,-2.373987524179795,-2.42675168909631,0.718640282578737,-0.9344703199598728,4.301045239333638,-1.9039042484958195,1.668043533375131
70.0,11.0,255.99807739257807,-4.046038562886765,2.950694058777203,-4.843056594597373,-0.9338071075225856,-2.31182455080468,0.2730470704536737,-1.093338767878388,4.070711149153459,-1.607573799632288,1.6564344734584049
70.0,11.0,244.0407867431641,-3.8266006766348135,1.6303557661958274,-4.97151237944779,-1.7006433266955767,-2.4624756466620403,0.7328456306259192,-0.9330274890244866,4.523710927990382,-0.7815182421090336,2.0794538000067257
70.0,12.0,254.92156982421875,-4.130567961390046,2.787842118051727,-3.6462109188547,-2.856834591078591,-2.424918372408186,0.309860950471327,-0.9186830018298232,4.3445896876499415,-1.2333691912326392,1.4553876712957845
70.0,12.0,240.32614135742188,-4.019045206191681,2.1214554516470976,-4.853069702075999,-1.3410467676912954,-2.47946141066086,0.9132557091235618,-1.104820782954972,4.636950624180708,-0.4716957705818636,2.271066739776576
70.0,12.0,243.576904296875,-4.902097768584221,1.980780023898118,-4.667792859354169,-1.626564740514915,-1.990463683581397,0.9169250183836885,-1.1282599957512156,4.766405291482026,-2.258107313538132,1.6370854079808286
70.0,12.0,248.3634185791016,-4.794255513608256,2.718502685247905,-4.873703223987453,-1.5860043421883283,-2.265681614943788,0.8764014114523604,-1.1155477042551434,4.773069172841822,-0.305570218658356,1.0870614209113794
70.0,12.0,234.67501831054688,-3.7987320056645593,0.9294139246838438,-4.6178718769710985,-2.1396723918848948,-2.3870662708725026,0.706923289935472,-1.0274339564131991,4.803745474718244,-1.933256728376872,1.5802778351100484
70.0,12.0,256.13037109375,-3.2975409669202445,1.9046111172209697,-4.8804194332360025,-1.223119565667764,-3.576174973895757,0.5745197209715007,-1.0139787594053171,3.5946807587869856,-0.6501171288742493,1.350998923015618
70.0,12.0,266.2745361328125,-2.9768456765078524,1.279375022184505,-4.541681212084139,-2.5018467373329667,-2.534272884862588,1.24699644335098,-0.4515454420704634,4.232537225309751,-2.330712612115833,2.649557442379097
70.0,12.0,279.73565673828125,-4.6738645128567216,2.6012964848254865,-4.527823070181569,-1.5067862308851974,-1.8964949396004696,1.7037789487954806,-0.8500938602182742,4.813538531420046,-1.830794795985814,1.3354267782708014
70.0,12.0,237.2676696777344,-4.961798435826557,1.7223776859958382,-4.778513692655031,-1.6186823619832578,-2.429785291970247,0.4818884034320859,-1.0555822996152422,4.390850113406917,-2.3022296030368867,1.61335863118594
70.0,12.0,288.3812255859375,-4.707442346440003,3.1208263100209623,-4.635149730094613,-1.6259947979265317,-2.1001090440104475,0.7618175737442943,-0.9887937087912154,4.643399490958713,-2.245119579184768,1.8240698390041528
70.0,12.0,260.31793212890625,-3.9170162024998567,1.7856693049187902,-4.467988154637592,-2.586715237214272,-2.3693168960996966,0.5954735175659839,-1.457107205428348,4.767812667038227,-0.8918180400059673,2.211836885806723
70.0,12.0,262.0400390625,-3.49909707607692,1.2742396165596548,-4.61079774965626,-2.1342060287696665,-2.125432585855642,1.1470523151736778,-1.44087140859492,4.816061013605777,-1.1100877302641952,1.945199070730229
70.0,12.0,248.06036376953125,-3.229771800721602,1.5107734531245935,-4.89276654995183,-0.9365585891225972,-2.4567730225061992,0.9391778142049322,-1.0568146188462733,2.974141395513945,-1.8854554692143912,1.970671533616067
70.0,12.0,256.65692138671875,-3.6097037810885153,2.0918593162099937,-4.864038287804486,-0.7705424060533748,-1.9747515262713824,1.8257604890125272,-0.9116122088980728,4.6761488181233615,-1.897213935340177,1.4090187052440193
70.0,12.0,274.28546142578125,-4.084109444888988,2.5019309423538703,-4.75923985113735,-1.6135970136638165,-1.894670499709191,0.862830038491204,-1.0648974570396286,4.957651347219414,-1.2478612556451063,2.798888631840517
70.0,12.0,263.51153564453125,-3.596325077648761,0.9827618351766754,-4.9439520151639575,-1.9279014822167064,-2.7827300138380444,1.4016457728251857,-1.056517446378057,4.767973649943736,-0.6945816370322815,2.448291983369402
70.0,12.0,248.6092529296875,-4.181498613821471,1.3167288220174247,-4.932370090639838,-1.5508627029583433,-2.4389514870153213,0.7721998207649067,-0.9868338199319996,4.643066279849274,-1.4773726523723825,1.967194021681116
70.0,12.0,257.9020080566406,-2.9027358398099,2.688534278633643,-4.658465727927731,-1.6561137129258916,-2.2716955727111547,0.8905211463832774,-1.083960606043712,4.928305741609779,-2.206250841618958,1.7034059256094187
70.0,12.0,252.98703002929688,-3.20509543428245,1.6273467287335734,-4.94314069240419,-1.2374643167540862,-3.0162946546364457,1.386314760735814,-1.0128739785751126,4.286356644021116,-0.2711669122198348,2.0458998558087744
70.0,12.0,253.8214874267578,-3.924507860414521,1.555921015238358,-4.60617714529978,-2.717397371500134,-2.9926952714375186,0.2823646766664597,-1.0073749427086045,3.909125683668393,-1.9894361859226384,1.899807907804353
70.0,12.0,237.9291381835937,-3.63357390815168,1.0349266019040757,-4.931821530692241,-2.2476118449085294,-2.413150646095979,0.8189844675087172,-0.9682321938472552,4.865055504012936,-0.5250530200228722,2.3827842460846256
70.0,12.0,275.52008056640625,-2.29982279829278,1.901726280031232,-4.649975018517308,-2.12793618651724,-3.0064793797819185,-0.1197819938863846,-1.1481050402897892,4.564874815235526,-2.1533670215069387,1.267983809827049
70.0,12.0,277.9335021972656,-3.0761396571114283,1.045748519876024,-3.914585850547154,-2.347276597005058,-3.446802959828845,0.7823259583551039,-0.7084813972242104,4.93025970878316,-1.6651255235401532,1.9002401703471712
70.0,12.0,265.54412841796875,-4.580651683283783,1.6974733767382468,-4.786309964978738,-2.2398265017064736,-1.8012913625560782,1.5008633741378783,-1.5048881801273124,4.8021807773593945,-2.094309261714145,1.777224441119535
70.0,12.0,235.0413360595703,-4.078100854721334,2.5491786443361817,-4.611282399762106,-2.0003693448273934,-1.753926316235404,-0.2387577495153834,-1.0427333199735236,4.730749321100855,-0.6926183564551789,1.3227142147265725
70.0,12.0,246.600814819336,-3.2633609638993475,1.0920534002434166,-4.680732447072565,-2.19818539600572,-2.3198450062915352,0.8164792205816711,-1.0568318734919482,4.46079360636703,-0.3496306011163304,2.0943501787506253
70.0,12.0,275.3254089355469,-3.2866402593794666,2.6850908091469794,-4.424564753503458,-3.2423207947227124,-1.708702620618311,0.6790613182204194,-1.4823479065007623,4.416592040089323,-2.2845414345113166,1.6881459427870344
70.0,12.0,204.9386444091797,-4.911051898261931,1.6652841645707634,-4.834673807374948,-1.6566290489086744,-2.035709204758102,1.267316568519958,-1.0494991764801582,4.732699544544123,-0.8388802162202884,0.7278623851785704
70.0,12.0,292.96563720703125,-3.619646506880445,1.2031690357170683,-4.712132089611592,-1.9408980667793256,-2.1661648327788785,1.2142915921734645,-0.5184739123676683,3.8498383031979206,-2.364064794523033,1.7046590675719386
70.0,12.0,302.84576416015625,-4.196276917114673,1.8636275412716417,-4.501131672658985,-0.847898240020896,-1.822894466823453,1.3635598301249463,-1.8076712109059856,4.58849428981597,-1.768947130002705,1.7420081149862656
70.0,12.0,266.6346740722656,-3.660194003525525,1.1932658727215044,-4.859837463870472,-1.493796295943013,-2.020449987684706,0.947191877303602,-0.6141125913697756,4.30086365290555,-1.7452185747834772,1.7227785427609943
70.0,12.0,250.8287048339844,-3.293566951230977,1.5139741984496349,-4.886043853097508,-2.5383937836359225,-2.369018706849824,-0.8697314741544362,-1.3066805456584494,4.752000067937671,-1.8737600364798184,1.9361211249855683
70.0,12.0,262.7934265136719,-3.379769729617575,0.8250758342492428,-4.721237145346096,-1.7957815756661586,-2.4376037138292626,0.2642497463632611,-0.95020552434442,4.722245074768017,-0.3934285995841176,2.1414331816398606
70.0,12.0,242.4745178222656,-3.3292002198048243,1.031355518605258,-4.716309763000723,-1.5727735197376715,-2.712487126397012,0.7608925654968379,-0.8582813596036044,4.650076973390648,-0.4988163400844314,1.6294617082026814
70.0,12.0,234.5803985595703,-3.1457474746250265,1.1138519548607442,-4.94322487820198,-1.6733371731008555,-2.5887209533735223,0.7619259169880531,-1.2150859208139808,4.708253645392563,-0.3265650397336059,2.226918945636021
70.0,12.0,239.0243377685547,-4.051409346506912,2.063886860580763,-4.843229970009615,-1.6962553641924465,-1.947556494525905,0.9460816389313382,-1.4409639156178415,4.254907946189098,-2.252831223023224,1.679280647292548
70.0,12.0,285.5161437988281,-4.9979238328751325,1.743620632989121,-4.620729165728085,-1.8072895618919669,-1.872287181204486,0.8769080504737753,-0.700097977764701,4.393032325652084,-2.196415089115709,2.34355646415199
70.0,12.0,250.5585479736328,-3.877317488977696,1.81724175298986,-4.940551306831821,-0.3492622630402837,-2.039007154196895,0.7227416571809115,-1.0830028120563235,4.47933958944484,-0.9054902766270524,2.0102426663479926
70.0,12.0,280.5751953125,-3.8020659370645102,0.8409908519113949,-4.824414770153348,-1.473102619177313,-2.12096290521735,-0.66270184649399,-1.4299019694855666,4.911569546129923,-0.5907299735048226,1.6792674445433031
70.0,12.0,245.907455444336,-3.695407312907324,1.531894823766475,-4.277868036861932,-2.904946411664558,-3.143764186892924,0.8710234106633727,-1.0037714802670352,4.59771533230772,-1.558120590351479,1.0120080797762214
70.0,12.0,253.6331787109375,-4.768410016771047,1.2310036074306938,-4.899329134532314,-2.1383816333078807,-2.734244591980094,-0.2149440044278974,-1.0139953463544655,4.864293292043923,-2.2845030272125184,1.974801952131892
70.0,12.0,247.8021697998047,-3.890356068116561,1.315299953909676,-4.875102041224634,-1.992784991819864,-2.257049715226861,0.9657135403089568,-1.033208063378957,4.921031621237193,-1.2066995452006526,1.63470182494191
70.0,12.0,291.3433837890625,-4.958006668440348,1.530826804674395,-4.6925261552602455,-0.8412493686352398,-1.7276022901204926,1.2176947125792084,-0.6180429309401451,4.769284047414972,-1.897481877426597,1.5361221718939322
70.0,12.0,247.0576171875,-4.8915967770193545,0.6047760563087008,-4.90263713812239,-1.849608352934054,-2.2335747025370933,1.3301058294440715,-1.0437354482484082,4.773644351101448,-0.481062499246162,1.5206413687714744
70.0,12.0,234.5180511474609,-3.85764315442585,1.303156801021411,-4.877933105010854,-1.604613070614643,-2.3770104271265127,0.912271737376502,-1.0406162471787834,4.700385885119623,-0.4895305529791161,2.149879270145956
70.0,12.0,283.631591796875,-3.225380927521768,3.4666293751900668,-4.112774342531755,-1.361500949985814,-1.7405327150702152,0.9338255613814316,-1.407660705747368,3.4400563596132154,-2.39611987457382,1.7631124051771998
70.0,12.0,285.9983215332031,-3.751325825979437,1.7318681121129078,-4.966077914071133,-1.3945091974500865,-3.25899446349416,0.0302635850488575,-0.7730187803295445,4.355218883328121,-0.3047398613263312,1.937094594632303
70.0,12.0,248.38406372070312,-4.253541752587433,2.240458935915348,-4.855179376853195,-2.373987524179795,-2.42675168909631,0.718640282578737,-0.9344703199598728,4.301045239333638,-1.9039042484958195,1.668043533375131
70.0,12.0,255.99807739257807,-4.046038562886765,2.950694058777203,-4.843056594597373,-0.9338071075225856,-2.31182455080468,0.2730470704536737,-1.093338767878388,4.070711149153459,-1.607573799632288,1.6564344734584049
70.0,12.0,244.0407867431641,-3.8266006766348135,1.6303557661958274,-4.97151237944779,-1.7006433266955767,-2.4624756466620403,0.7328456306259192,-0.9330274890244866,4.523710927990382,-0.7815182421090336,2.0794538000067257
70.0,13.0,254.92156982421875,-4.130567961390046,2.787842118051727,-3.6462109188547,-2.856834591078591,-2.424918372408186,0.309860950471327,-0.9186830018298232,4.3445896876499415,-1.2333691912326392,1.4553876712957845
70.0,13.0,240.32614135742188,-4.019045206191681,2.1214554516470976,-4.853069702075999,-1.3410467676912954,-2.47946141066086,0.9132557091235618,-1.104820782954972,4.636950624180708,-0.4716957705818636,2.271066739776576
70.0,13.0,243.576904296875,-4.902097768584221,1.980780023898118,-4.667792859354169,-1.626564740514915,-1.990463683581397,0.9169250183836885,-1.1282599957512156,4.766405291482026,-2.258107313538132,1.6370854079808286
70.0,13.0,248.3634185791016,-4.794255513608256,2.718502685247905,-4.873703223987453,-1.5860043421883283,-2.265681614943788,0.8764014114523604,-1.1155477042551434,4.773069172841822,-0.305570218658356,1.0870614209113794
70.0,13.0,234.67501831054688,-3.7987320056645593,0.9294139246838438,-4.6178718769710985,-2.1396723918848948,-2.3870662708725026,0.706923289935472,-1.0274339564131991,4.803745474718244,-1.933256728376872,1.5802778351100484
70.0,13.0,256.13037109375,-3.2975409669202445,1.9046111172209697,-4.8804194332360025,-1.223119565667764,-3.576174973895757,0.5745197209715007,-1.0139787594053171,3.5946807587869856,-0.6501171288742493,1.350998923015618
70.0,13.0,262.30596923828125,-4.976845676507852,1.2538417760579348,-4.81973457823826,-2.05785904170266,-1.803483211625832,1.5156211747117063,-0.4846117902601768,4.626615047493005,-0.8277398323397391,1.10363375564648
70.0,13.0,279.73565673828125,-4.6738645128567216,2.6012964848254865,-4.527823070181569,-1.5067862308851974,-1.8964949396004696,1.7037789487954806,-0.8500938602182742,4.813538531420046,-1.830794795985814,1.3354267782708014
70.0,13.0,237.2676696777344,-4.961798435826557,1.7223776859958382,-4.778513692655031,-1.6186823619832578,-2.429785291970247,0.4818884034320859,-1.0555822996152422,4.390850113406917,-2.3022296030368867,1.61335863118594
70.0,13.0,263.6768798828125,-4.684834208062654,1.8540899568136224,-4.519634892861838,-1.7175887948362176,-2.0263767066147134,1.737131312258356,-1.0312730473544935,4.723815554508456,-1.8607119640795813,-0.1750876587918517
70.0,13.0,236.0562896728516,-4.715372216790768,1.7064761360688103,-4.893762610959058,-1.1960811156087128,-2.000553446106323,1.752334445965969,-1.070882081409661,4.720353526245651,-0.9573306711440376,1.338957226907544
70.0,13.0,240.09634399414065,-3.54161279090567,1.3826870904360202,-4.925721756893146,-2.1252455480558043,-2.031187313368553,1.435117552657568,-1.0665967824082367,4.843035725230597,-0.9062189535339004,1.2820098247667062
70.0,13.0,248.06036376953125,-3.229771800721602,1.5107734531245935,-4.89276654995183,-0.9365585891225972,-2.4567730225061992,0.9391778142049322,-1.0568146188462733,2.974141395513945,-1.8854554692143912,1.970671533616067
70.0,13.0,256.65692138671875,-3.6097037810885153,2.0918593162099937,-4.864038287804486,-0.7705424060533748,-1.9747515262713824,1.8257604890125272,-0.9116122088980728,4.6761488181233615,-1.897213935340177,1.4090187052440193
70.0,13.0,274.28546142578125,-4.084109444888988,2.5019309423538703,-4.75923985113735,-1.6135970136638165,-1.894670499709191,0.862830038491204,-1.0648974570396286,4.957651347219414,-1.2478612556451063,2.798888631840517
70.0,13.0,263.51153564453125,-3.596325077648761,0.9827618351766754,-4.9439520151639575,-1.9279014822167064,-2.7827300138380444,1.4016457728251857,-1.056517446378057,4.767973649943736,-0.6945816370322815,2.448291983369402
70.0,13.0,248.6092529296875,-4.181498613821471,1.3167288220174247,-4.932370090639838,-1.5508627029583433,-2.4389514870153213,0.7721998207649067,-0.9868338199319996,4.643066279849274,-1.4773726523723825,1.967194021681116
70.0,13.0,247.07603454589844,-3.8484952089298687,3.4513912389416235,-4.617186443733174,-2.521090350461374,-1.8713778341121723,1.2498812153161465,-1.0957715980405718,4.973802025574876,-1.0159817117248982,0.3644457857466741
70.0,13.0,252.98703002929688,-3.20509543428245,1.6273467287335734,-4.94314069240419,-1.2374643167540862,-3.0162946546364457,1.386314760735814,-1.0128739785751126,4.286356644021116,-0.2711669122198348,2.0458998558087744
70.0,13.0,183.935546875,-3.913771525355603,1.883732474468672,-4.886714999470344,-2.954367514536783,-3.0922184819962046,-0.1504535089936121,-1.047872721025193,4.307219360006983,-0.4441526956280124,0.7357575876555427
70.0,13.0,231.0768585205078,-4.230200211693904,1.880722470310328,-4.837083844523418,-2.468134592066141,-1.6886258357497543,0.8419555444040584,-1.050118583250134,4.752530779116197,-0.8508379677143134,0.3249166026865091
70.0,13.0,230.43099975585932,-3.0954472542281857,1.0495301422785732,-4.968947006184568,-1.965119815121796,-2.5623001797268747,0.662648372851235,-1.0721457534238048,4.693315397834815,-1.4404838587309512,1.081767541777482
70.0,13.0,277.9335021972656,-3.0761396571114283,1.045748519876024,-3.914585850547154,-2.347276597005058,-3.446802959828845,0.7823259583551039,-0.7084813972242104,4.93025970878316,-1.6651255235401532,1.9002401703471712
70.0,13.0,265.54412841796875,-4.580651683283783,1.6974733767382468,-4.786309964978738,-2.2398265017064736,-1.8012913625560782,1.5008633741378783,-1.5048881801273124,4.8021807773593945,-2.094309261714145,1.777224441119535
70.0,13.0,235.0413360595703,-4.078100854721334,2.5491786443361817,-4.611282399762106,-2.0003693448273934,-1.753926316235404,-0.2387577495153834,-1.0427333199735236,4.730749321100855,-0.6926183564551789,1.3227142147265725
70.0,13.0,246.600814819336,-3.2633609638993475,1.0920534002434166,-4.680732447072565,-2.19818539600572,-2.3198450062915352,0.8164792205816711,-1.0568318734919482,4.46079360636703,-0.3496306011163304,2.0943501787506253
70.0,13.0,275.3254089355469,-3.2866402593794666,2.6850908091469794,-4.424564753503458,-3.2423207947227124,-1.708702620618311,0.6790613182204194,-1.4823479065007623,4.416592040089323,-2.2845414345113166,1.6881459427870344
70.0,13.0,204.9386444091797,-4.911051898261931,1.6652841645707634,-4.834673807374948,-1.6566290489086744,-2.035709204758102,1.267316568519958,-1.0494991764801582,4.732699544544123,-0.8388802162202884,0.7278623851785704
70.0,13.0,259.44635009765625,-4.034535695386623,1.5971237272004657,-4.739521001196576,-2.191731655316412,-1.959464686361442,1.6726805799270157,-0.8965448850948224,3.748637881490851,-2.3277477054101,1.3688424578878782
70.0,13.0,302.84576416015625,-4.196276917114673,1.8636275412716417,-4.501131672658985,-0.847898240020896,-1.822894466823453,1.3635598301249463,-1.8076712109059856,4.58849428981597,-1.768947130002705,1.7420081149862656
70.0,13.0,233.2389068603516,-4.041286412890218,0.9698206023297968,-4.825673171822232,-2.22395526371834,-2.226121181043837,1.3048298939969267,-0.9299285873169834,4.515451989973435,-1.194317433685284,1.2457844252484676
70.0,13.0,250.8287048339844,-3.293566951230977,1.5139741984496349,-4.886043853097508,-2.5383937836359225,-2.369018706849824,-0.8697314741544362,-1.3066805456584494,4.752000067937671,-1.8737600364798184,1.9361211249855683
70.0,13.0,262.7934265136719,-3.379769729617575,0.8250758342492428,-4.721237145346096,-1.7957815756661586,-2.4376037138292626,0.2642497463632611,-0.95020552434442,4.722245074768017,-0.3934285995841176,2.1414331816398606
70.0,13.0,242.4745178222656,-3.3292002198048243,1.031355518605258,-4.716309763000723,-1.5727735197376715,-2.712487126397012,0.7608925654968379,-0.8582813596036044,4.650076973390648,-0.4988163400844314,1.6294617082026814
70.0,13.0,234.5803985595703,-3.1457474746250265,1.1138519548607442,-4.94322487820198,-1.6733371731008555,-2.5887209533735223,0.7619259169880531,-1.2150859208139808,4.708253645392563,-0.3265650397336059,2.226918945636021
70.0,13.0,239.0243377685547,-4.051409346506912,2.063886860580763,-4.843229970009615,-1.6962553641924465,-1.947556494525905,0.9460816389313382,-1.4409639156178415,4.254907946189098,-2.252831223023224,1.679280647292548
70.0,13.0,285.5161437988281,-4.9979238328751325,1.743620632989121,-4.620729165728085,-1.8072895618919669,-1.872287181204486,0.8769080504737753,-0.700097977764701,4.393032325652084,-2.196415089115709,2.34355646415199
70.0,13.0,250.5585479736328,-3.877317488977696,1.81724175298986,-4.940551306831821,-0.3492622630402837,-2.039007154196895,0.7227416571809115,-1.0830028120563235,4.47933958944484,-0.9054902766270524,2.0102426663479926
70.0,13.0,269.5664978027344,-4.66350334893317,2.0332425873202897,-4.7842309187844645,-1.6498546811871426,-2.114883795064442,0.6078687968560827,-1.281779034968495,4.586025687351127,-1.1728132131401958,0.340951564974135
70.0,13.0,245.907455444336,-3.695407312907324,1.531894823766475,-4.277868036861932,-2.904946411664558,-3.143764186892924,0.8710234106633727,-1.0037714802670352,4.59771533230772,-1.558120590351479,1.0120080797762214
70.0,13.0,240.7012634277344,-4.808414819915517,1.5079597637117217,-4.919056555638012,-1.6242717311865016,-1.9069988252534136,1.515611483432623,-1.052301507383616,4.89340556976067,-0.4114547748755564,0.36784514632701
70.0,13.0,246.05618286132807,-4.084370969333784,1.820081037461161,-4.80181389240257,-1.813721198505614,-2.033951978941679,1.478212194697605,-1.043015593198454,4.815311048582164,-0.9278788123194068,0.3028541111692142
70.0,13.0,270.6993408203125,-4.981005488533239,1.7512953299795138,-4.742074670615858,-2.163100954548073,-2.273864893291936,1.442940867635094,-0.6437786879486461,4.687602104765466,-2.2589178220716937,1.1307622043273955
70.0,13.0,247.0576171875,-4.8915967770193545,0.6047760563087008,-4.90263713812239,-1.849608352934054,-2.2335747025370933,1.3301058294440715,-1.0437354482484082,4.773644351101448,-0.481062499246162,1.5206413687714744
70.0,13.0,234.5180511474609,-3.85764315442585,1.303156801021411,-4.877933105010854,-1.604613070614643,-2.3770104271265127,0.912271737376502,-1.0406162471787834,4.700385885119623,-0.4895305529791161,2.149879270145956
70.0,13.0,283.631591796875,-3.225380927521768,3.4666293751900668,-4.112774342531755,-1.361500949985814,-1.7405327150702152,0.9338255613814316,-1.407660705747368,3.4400563596132154,-2.39611987457382,1.7631124051771998
70.0,13.0,285.9983215332031,-3.751325825979437,1.7318681121129078,-4.966077914071133,-1.3945091974500865,-3.25899446349416,0.0302635850488575,-0.7730187803295445,4.355218883328121,-0.3047398613263312,1.937094594632303
70.0,13.0,248.38406372070312,-4.253541752587433,2.240458935915348,-4.855179376853195,-2.373987524179795,-2.42675168909631,0.718640282578737,-0.9344703199598728,4.301045239333638,-1.9039042484958195,1.668043533375131
70.0,13.0,255.99807739257807,-4.046038562886765,2.950694058777203,-4.843056594597373,-0.9338071075225856,-2.31182455080468,0.2730470704536737,-1.093338767878388,4.070711149153459,-1.607573799632288,1.6564344734584049
70.0,13.0,237.1948089599609,-3.907051829201808,1.7812103470631349,-4.809945621058731,-1.848932424767838,-2.8111460449179964,1.0108135446517432,-1.0036608383678292,3.9624195882297975,-0.8014698315210327,0.3180518534232091
70.0,14.0,254.92156982421875,-4.130567961390046,2.787842118051727,-3.6462109188547,-2.856834591078591,-2.424918372408186,0.309860950471327,-0.9186830018298232,4.3445896876499415,-1.2333691912326392,1.4553876712957845
70.0,14.0,240.32614135742188,-4.019045206191681,2.1214554516470976,-4.853069702075999,-1.3410467676912954,-2.47946141066086,0.9132557091235618,-1.104820782954972,4.636950624180708,-0.4716957705818636,2.271066739776576
70.0,14.0,243.576904296875,-4.902097768584221,1.980780023898118,-4.667792859354169,-1.626564740514915,-1.990463683581397,0.9169250183836885,-1.1282599957512156,4.766405291482026,-2.258107313538132,1.6370854079808286
70.0,14.0,234.06593322753903,-3.931357397644746,1.681506494909229,-4.909856024655136,-3.3124716250162325,-2.4525189652343844,-0.5937422203772469,-1.0809782668599164,4.329589292265744,-0.7832807149691685,1.782217701302535
70.0,14.0,234.67501831054688,-3.7987320056645593,0.9294139246838438,-4.6178718769710985,-2.1396723918848948,-2.3870662708725026,0.706923289935472,-1.0274339564131991,4.803745474718244,-1.933256728376872,1.5802778351100484
70.0,14.0,256.13037109375,-3.2975409669202445,1.9046111172209697,-4.8804194332360025,-1.223119565667764,-3.576174973895757,0.5745197209715007,-1.0139787594053171,3.5946807587869856,-0.6501171288742493,1.350998923015618
70.0,14.0,262.30596923828125,-4.976845676507852,1.2538417760579348,-4.81973457823826,-2.05785904170266,-1.803483211625832,1.5156211747117063,-0.4846117902601768,4.626615047493005,-0.8277398323397391,1.10363375564648
70.0,14.0,278.46600341796875,-4.55332532377008,1.5701611905140265,-4.451328718186483,-3.48729509138259,-3.2505618978294257,0.3562592442149768,-1.1404769302286792,3.97737344472572,-1.7487986404199938,1.002666875488393
70.0,14.0,237.2676696777344,-4.961798435826557,1.7223776859958382,-4.778513692655031,-1.6186823619832578,-2.429785291970247,0.4818884034320859,-1.0555822996152422,4.390850113406917,-2.3022296030368867,1.61335863118594
70.0,14.0,263.6768798828125,-4.684834208062654,1.8540899568136224,-4.519634892861838,-1.7175887948362176,-2.0263767066147134,1.737131312258356,-1.0312730473544935,4.723815554508456,-1.8607119640795813,-0.1750876587918517
70.0,14.0,236.0562896728516,-4.715372216790768,1.7064761360688103,-4.893762610959058,-1.1960811156087128,-2.000553446106323,1.752334445965969,-1.070882081409661,4.720353526245651,-0.9573306711440376,1.338957226907544
70.0,14.0,240.09634399414065,-3.54161279090567,1.3826870904360202,-4.925721756893146,-2.1252455480558043,-2.031187313368553,1.435117552657568,-1.0665967824082367,4.843035725230597,-0.9062189535339004,1.2820098247667062
70.0,14.0,248.06036376953125,-3.229771800721602,1.5107734531245935,-4.89276654995183,-0.9365585891225972,-2.4567730225061992,0.9391778142049322,-1.0568146188462733,2.974141395513945,-1.8854554692143912,1.970671533616067
70.0,14.0,256.65692138671875,-3.6097037810885153,2.0918593162099937,-4.864038287804486,-0.7705424060533748,-1.9747515262713824,1.8257604890125272,-0.9116122088980728,4.6761488181233615,-1.897213935340177,1.4090187052440193
70.0,14.0,274.28546142578125,-4.084109444888988,2.5019309423538703,-4.75923985113735,-1.6135970136638165,-1.894670499709191,0.862830038491204,-1.0648974570396286,4.957651347219414,-1.2478612556451063,2.798888631840517
70.0,14.0,263.51153564453125,-3.596325077648761,0.9827618351766754,-4.9439520151639575,-1.9279014822167064,-2.7827300138380444,1.4016457728251857,-1.056517446378057,4.767973649943736,-0.6945816370322815,2.448291983369402
70.0,14.0,248.6092529296875,-4.181498613821471,1.3167288220174247,-4.932370090639838,-1.5508627029583433,-2.4389514870153213,0.7721998207649067,-0.9868338199319996,4.643066279849274,-1.4773726523723825,1.967194021681116
70.0,14.0,247.07603454589844,-3.8484952089298687,3.4513912389416235,-4.617186443733174,-2.521090350461374,-1.8713778341121723,1.2498812153161465,-1.0957715980405718,4.973802025574876,-1.0159817117248982,0.3644457857466741
70.0,14.0,252.98703002929688,-3.20509543428245,1.6273467287335734,-4.94314069240419,-1.2374643167540862,-3.0162946546364457,1.386314760735814,-1.0128739785751126,4.286356644021116,-0.2711669122198348,2.0458998558087744
70.0,14.0,183.935546875,-3.913771525355603,1.883732474468672,-4.886714999470344,-2.954367514536783,-3.0922184819962046,-0.1504535089936121,-1.047872721025193,4.307219360006983,-0.4441526956280124,0.7357575876555427
70.0,14.0,231.0768585205078,-4.230200211693904,1.880722470310328,-4.837083844523418,-2.468134592066141,-1.6886258357497543,0.8419555444040584,-1.050118583250134,4.752530779116197,-0.8508379677143134,0.3249166026865091
70.0,14.0,230.43099975585932,-3.0954472542281857,1.0495301422785732,-4.968947006184568,-1.965119815121796,-2.5623001797268747,0.662648372851235,-1.0721457534238048,4.693315397834815,-1.4404838587309512,1.081767541777482
70.0,14.0,277.9335021972656,-3.0761396571114283,1.045748519876024,-3.914585850547154,-2.347276597005058,-3.446802959828845,0.7823259583551039,-0.7084813972242104,4.93025970878316,-1.6651255235401532,1.9002401703471712
70.0,14.0,265.54412841796875,-4.580651683283783,1.6974733767382468,-4.786309964978738,-2.2398265017064736,-1.8012913625560782,1.5008633741378783,-1.5048881801273124,4.8021807773593945,-2.094309261714145,1.777224441119535
70.0,14.0,235.0413360595703,-4.078100854721334,2.5491786443361817,-4.611282399762106,-2.0003693448273934,-1.753926316235404,-0.2387577495153834,-1.0427333199735236,4.730749321100855,-0.6926183564551789,1.3227142147265725
70.0,14.0,246.600814819336,-3.2633609638993475,1.0920534002434166,-4.680732447072565,-2.19818539600572,-2.3198450062915352,0.8164792205816711,-1.0568318734919482,4.46079360636703,-0.3496306011163304,2.0943501787506253
70.0,14.0,271.1249389648437,-2.5087610384592693,3.1966173645456104,-4.756126622971941,-2.5852233491416685,-2.9584247034273066,1.293150665851927,-1.4350116884806416,4.382319558028544,-2.4913045039778283,1.901481085088472
70.0,14.0,204.9386444091797,-4.911051898261931,1.6652841645707634,-4.834673807374948,-1.6566290489086744,-2.035709204758102,1.267316568519958,-1.0494991764801582,4.732699544544123,-0.8388802162202884,0.7278623851785704
70.0,14.0,259.44635009765625,-4.034535695386623,1.5971237272004657,-4.739521001196576,-2.191731655316412,-1.959464686361442,1.6726805799270157,-0.8965448850948224,3.748637881490851,-2.3277477054101,1.3688424578878782
70.0,14.0,302.84576416015625,-4.196276917114673,1.8636275412716417,-4.501131672658985,-0.847898240020896,-1.822894466823453,1.3635598301249463,-1.8076712109059856,4.58849428981597,-1.768947130002705,1.7420081149862656
70.0,14.0,233.2389068603516,-4.041286412890218,0.9698206023297968,-4.825673171822232,-2.22395526371834,-2.226121181043837,1.3048298939969267,-0.9299285873169834,4.515451989973435,-1.194317433685284,1.2457844252484676
70.0,14.0,250.8287048339844,-3.293566951230977,1.5139741984496349,-4.886043853097508,-2.5383937836359225,-2.369018706849824,-0.8697314741544362,-1.3066805456584494,4.752000067937671,-1.8737600364798184,1.9361211249855683
70.0,14.0,262.7934265136719,-3.379769729617575,0.8250758342492428,-4.721237145346096,-1.7957815756661586,-2.4376037138292626,0.2642497463632611,-0.95020552434442,4.722245074768017,-0.3934285995841176,2.1414331816398606
70.0,14.0,242.4745178222656,-3.3292002198048243,1.031355518605258,-4.716309763000723,-1.5727735197376715,-2.712487126397012,0.7608925654968379,-0.8582813596036044,4.650076973390648,-0.4988163400844314,1.6294617082026814
70.0,14.0,234.5803985595703,-3.1457474746250265,1.1138519548607442,-4.94322487820198,-1.6733371731008555,-2.5887209533735223,0.7619259169880531,-1.2150859208139808,4.708253645392563,-0.3265650397336059,2.226918945636021
70.0,14.0,239.0243377685547,-4.051409346506912,2.063886860580763,-4.843229970009615,-1.6962553641924465,-1.947556494525905,0.9460816389313382,-1.4409639156178415,4.254907946189098,-2.252831223023224,1.679280647292548
70.0,14.0,278.2581787109375,-3.726690362146835,2.473530496515732,-4.656152807073105,-2.6573102917592104,-3.538653792282472,-0.5689110433204125,-0.5286355503929229,4.355203816677972,-1.0759397095611556,1.0917282415298746
70.0,14.0,250.5585479736328,-3.877317488977696,1.81724175298986,-4.940551306831821,-0.3492622630402837,-2.039007154196895,0.7227416571809115,-1.0830028120563235,4.47933958944484,-0.9054902766270524,2.0102426663479926
70.0,14.0,269.5664978027344,-4.66350334893317,2.0332425873202897,-4.7842309187844645,-1.6498546811871426,-2.114883795064442,0.6078687968560827,-1.281779034968495,4.586025687351127,-1.1728132131401958,0.340951564974135
70.0,14.0,245.7547149658203,-3.92100368154458,2.1845860050756567,-4.946753816646164,-1.987067527103097,-4.096952315986819,0.9042295609922886,-1.0570224532289676,4.700479052398864,-0.536991337306445,1.3335358029238504
70.0,14.0,240.7012634277344,-4.808414819915517,1.5079597637117217,-4.919056555638012,-1.6242717311865016,-1.9069988252534136,1.515611483432623,-1.052301507383616,4.89340556976067,-0.4114547748755564,0.36784514632701
70.0,14.0,246.05618286132807,-4.084370969333784,1.820081037461161,-4.80181389240257,-1.813721198505614,-2.033951978941679,1.478212194697605,-1.043015593198454,4.815311048582164,-0.9278788123194068,0.3028541111692142
70.0,14.0,270.6993408203125,-4.981005488533239,1.7512953299795138,-4.742074670615858,-2.163100954548073,-2.273864893291936,1.442940867635094,-0.6437786879486461,4.687602104765466,-2.2589178220716937,1.1307622043273955
70.0,14.0,247.0576171875,-4.8915967770193545,0.6047760563087008,-4.90263713812239,-1.849608352934054,-2.2335747025370933,1.3301058294440715,-1.0437354482484082,4.773644351101448,-0.481062499246162,1.5206413687714744
70.0,14.0,234.5180511474609,-3.85764315442585,1.303156801021411,-4.877933105010854,-1.604613070614643,-2.3770104271265127,0.912271737376502,-1.0406162471787834,4.700385885119623,-0.4895305529791161,2.149879270145956
70.0,14.0,283.631591796875,-3.225380927521768,3.4666293751900668,-4.112774342531755,-1.361500949985814,-1.7405327150702152,0.9338255613814316,-1.407660705747368,3.4400563596132154,-2.39611987457382,1.7631124051771998
70.0,14.0,285.9983215332031,-3.751325825979437,1.7318681121129078,-4.966077914071133,-1.3945091974500865,-3.25899446349416,0.0302635850488575,-0.7730187803295445,4.355218883328121,-0.3047398613263312,1.937094594632303
70.0,14.0,248.38406372070312,-4.253541752587433,2.240458935915348,-4.855179376853195,-2.373987524179795,-2.42675168909631,0.718640282578737,-0.9344703199598728,4.301045239333638,-1.9039042484958195,1.668043533375131
70.0,14.0,255.99807739257807,-4.046038562886765,2.950694058777203,-4.843056594597373,-0.9338071075225856,-2.31182455080468,0.2730470704536737,-1.093338767878388,4.070711149153459,-1.607573799632288,1.6564344734584049
70.0,14.0,237.1948089599609,-3.907051829201808,1.7812103470631349,-4.809945621058731,-1.848932424767838,-2.8111460449179964,1.0108135446517432,-1.0036608383678292,3.9624195882297975,-0.8014698315210327,0.3180518534232091
70.0,15.0,254.92156982421875,-4.130567961390046,2.787842118051727,-3.6462109188547,-2.856834591078591,-2.424918372408186,0.309860950471327,-0.9186830018298232,4.3445896876499415,-1.2333691912326392,1.4553876712957845
70.0,15.0,240.32614135742188,-4.019045206191681,2.1214554516470976,-4.853069702075999,-1.3410467676912954,-2.47946141066086,0.9132557091235618,-1.104820782954972,4.636950624180708,-0.4716957705818636,2.271066739776576
70.0,15.0,243.576904296875,-4.902097768584221,1.980780023898118,-4.667792859354169,-1.626564740514915,-1.990463683581397,0.9169250183836885,-1.1282599957512156,4.766405291482026,-2.258107313538132,1.6370854079808286
70.0,15.0,234.06593322753903,-3.931357397644746,1.681506494909229,-4.909856024655136,-3.3124716250162325,-2.4525189652343844,-0.5937422203772469,-1.0809782668599164,4.329589292265744,-0.7832807149691685,1.782217701302535
70.0,15.0,234.67501831054688,-3.7987320056645593,0.9294139246838438,-4.6178718769710985,-2.1396723918848948,-2.3870662708725026,0.706923289935472,-1.0274339564131991,4.803745474718244,-1.933256728376872,1.5802778351100484
70.0,15.0,256.13037109375,-3.2975409669202445,1.9046111172209697,-4.8804194332360025,-1.223119565667764,-3.576174973895757,0.5745197209715007,-1.0139787594053171,3.5946807587869856,-0.6501171288742493,1.350998923015618
70.0,15.0,262.30596923828125,-4.976845676507852,1.2538417760579348,-4.81973457823826,-2.05785904170266,-1.803483211625832,1.5156211747117063,-0.4846117902601768,4.626615047493005,-0.8277398323397391,1.10363375564648
70.0,15.0,278.46600341796875,-4.55332532377008,1.5701611905140265,-4.451328718186483,-3.48729509138259,-3.2505618978294257,0.3562592442149768,-1.1404769302286792,3.97737344472572,-1.7487986404199938,1.002666875488393
70.0,15.0,237.2676696777344,-4.961798435826557,1.7223776859958382,-4.778513692655031,-1.6186823619832578,-2.429785291970247,0.4818884034320859,-1.0555822996152422,4.390850113406917,-2.3022296030368867,1.61335863118594
70.0,15.0,263.6768798828125,-4.684834208062654,1.8540899568136224,-4.519634892861838,-1.7175887948362176,-2.0263767066147134,1.737131312258356,-1.0312730473544935,4.723815554508456,-1.8607119640795813,-0.1750876587918517
70.0,15.0,236.0562896728516,-4.715372216790768,1.7064761360688103,-4.893762610959058,-1.1960811156087128,-2.000553446106323,1.752334445965969,-1.070882081409661,4.720353526245651,-0.9573306711440376,1.338957226907544
70.0,15.0,240.09634399414065,-3.54161279090567,1.3826870904360202,-4.925721756893146,-2.1252455480558043,-2.031187313368553,1.435117552657568,-1.0665967824082367,4.843035725230597,-0.9062189535339004,1.2820098247667062
70.0,15.0,248.06036376953125,-3.229771800721602,1.5107734531245935,-4.89276654995183,-0.9365585891225972,-2.4567730225061992,0.9391778142049322,-1.0568146188462733,2.974141395513945,-1.8854554692143912,1.970671533616067
70.0,15.0,256.65692138671875,-3.6097037810885153,2.0918593162099937,-4.864038287804486,-0.7705424060533748,-1.9747515262713824,1.8257604890125272,-0.9116122088980728,4.6761488181233615,-1.897213935340177,1.4090187052440193
70.0,15.0,265.88165283203125,-3.4743750226973225,1.038991474596995,-4.737813611426121,-2.800431274955064,-2.6175296862284583,-0.4037037101957749,-1.0680801190773,4.083573437617382,-1.0345120954358284,0.464301744660613
70.0,15.0,263.51153564453125,-3.596325077648761,0.9827618351766754,-4.9439520151639575,-1.9279014822167064,-2.7827300138380444,1.4016457728251857,-1.056517446378057,4.767973649943736,-0.6945816370322815,2.448291983369402
70.0,15.0,248.6092529296875,-4.181498613821471,1.3167288220174247,-4.932370090639838,-1.5508627029583433,-2.4389514870153213,0.7721998207649067,-0.9868338199319996,4.643066279849274,-1.4773726523723825,1.967194021681116
70.0,15.0,247.07603454589844,-3.8484952089298687,3.4513912389416235,-4.617186443733174,-2.521090350461374,-1.8713778341121723,1.2498812153161465,-1.0957715980405718,4.973802025574876,-1.0159817117248982,0.3644457857466741
70.0,15.0,252.98703002929688,-3.20509543428245,1.6273467287335734,-4.94314069240419,-1.2374643167540862,-3.0162946546364457,1.386314760735814,-1.0128739785751126,4.286356644021116,-0.2711669122198348,2.0458998558087744
70.0,15.0,183.935546875,-3.913771525355603,1.883732474468672,-4.886714999470344,-2.954367514536783,-3.0922184819962046,-0.1504535089936121,-1.047872721025193,4.307219360006983,-0.4441526956280124,0.7357575876555427
70.0,15.0,231.0768585205078,-4.230200211693904,1.880722470310328,-4.837083844523418,-2.468134592066141,-1.6886258357497543,0.8419555444040584,-1.050118583250134,4.752530779116197,-0.8508379677143134,0.3249166026865091
70.0,15.0,230.43099975585932,-3.0954472542281857,1.0495301422785732,-4.968947006184568,-1.965119815121796,-2.5623001797268747,0.662648372851235,-1.0721457534238048,4.693315397834815,-1.4404838587309512,1.081767541777482
70.0,15.0,220.0723419189453,-4.140703503933901,0.7109350541656747,-4.843185469747144,-4.317167245691126,-2.553809441834371,-1.3716584947015753,-1.009891723757792,4.755544430291508,-1.2390353455376146,1.0733197291858718
70.0,15.0,250.71620178222656,-3.667354411287104,1.6349589968524154,-4.790595600987114,-3.114979043148896,-4.251186559251924,0.1413707881175568,-1.080939867082256,4.656949357353644,-0.7717230769227664,1.2725491083810998
70.0,15.0,235.0413360595703,-4.078100854721334,2.5491786443361817,-4.611282399762106,-2.0003693448273934,-1.753926316235404,-0.2387577495153834,-1.0427333199735236,4.730749321100855,-0.6926183564551789,1.3227142147265725
70.0,15.0,246.600814819336,-3.2633609638993475,1.0920534002434166,-4.680732447072565,-2.19818539600572,-2.3198450062915352,0.8164792205816711,-1.0568318734919482,4.46079360636703,-0.3496306011163304,2.0943501787506253
70.0,15.0,271.1249389648437,-2.5087610384592693,3.1966173645456104,-4.756126622971941,-2.5852233491416685,-2.9584247034273066,1.293150665851927,-1.4350116884806416,4.382319558028544,-2.4913045039778283,1.901481085088472
70.0,15.0,204.9386444091797,-4.911051898261931,1.6652841645707634,-4.834673807374948,-1.6566290489086744,-2.035709204758102,1.267316568519958,-1.0494991764801582,4.732699544544123,-0.8388802162202884,0.7278623851785704
70.0,15.0,238.772705078125,-3.990906244277789,1.992592775041086,-4.808312278001258,-4.570797351494091,-1.9950218670531217,-0.2172874709693879,-1.1050243771481971,4.480962653722482,-0.315537813985919,1.3382666396651182
70.0,15.0,261.85369873046875,-3.9828876184097743,2.742268135029591,-4.4511549804535,-2.884227711822921,-2.1061018520172645,-0.0193676200534266,-0.5642264067549609,4.292227993555123,-0.6046904780322546,2.993726281094231
70.0,15.0,233.2389068603516,-4.041286412890218,0.9698206023297968,-4.825673171822232,-2.22395526371834,-2.226121181043837,1.3048298939969267,-0.9299285873169834,4.515451989973435,-1.194317433685284,1.2457844252484676
70.0,15.0,250.8287048339844,-3.293566951230977,1.5139741984496349,-4.886043853097508,-2.5383937836359225,-2.369018706849824,-0.8697314741544362,-1.3066805456584494,4.752000067937671,-1.8737600364798184,1.9361211249855683
70.0,15.0,262.7934265136719,-3.379769729617575,0.8250758342492428,-4.721237145346096,-1.7957815756661586,-2.4376037138292626,0.2642497463632611,-0.95020552434442,4.722245074768017,-0.3934285995841176,2.1414331816398606
70.0,15.0,242.4745178222656,-3.3292002198048243,1.031355518605258,-4.716309763000723,-1.5727735197376715,-2.712487126397012,0.7608925654968379,-0.8582813596036044,4.650076973390648,-0.4988163400844314,1.6294617082026814
70.0,15.0,234.5803985595703,-3.1457474746250265,1.1138519548607442,-4.94322487820198,-1.6733371731008555,-2.5887209533735223,0.7619259169880531,-1.2150859208139808,4.708253645392563,-0.3265650397336059,2.226918945636021
70.0,15.0,239.0243377685547,-4.051409346506912,2.063886860580763,-4.843229970009615,-1.6962553641924465,-1.947556494525905,0.9460816389313382,-1.4409639156178415,4.254907946189098,-2.252831223023224,1.679280647292548
70.0,15.0,278.2581787109375,-3.726690362146835,2.473530496515732,-4.656152807073105,-2.6573102917592104,-3.538653792282472,-0.5689110433204125,-0.5286355503929229,4.355203816677972,-1.0759397095611556,1.0917282415298746
70.0,15.0,250.5585479736328,-3.877317488977696,1.81724175298986,-4.940551306831821,-0.3492622630402837,-2.039007154196895,0.7227416571809115,-1.0830028120563235,4.47933958944484,-0.9054902766270524,2.0102426663479926
70.0,15.0,214.5237579345703,-3.937840222145909,1.2070550596292602,-4.915145383578925,-2.147646106746824,-1.9694024006098945,0.4349099823484428,-0.9693657380849914,4.338018272635996,-1.2148459693268836,0.6745713341967368
70.0,15.0,245.7547149658203,-3.92100368154458,2.1845860050756567,-4.946753816646164,-1.987067527103097,-4.096952315986819,0.9042295609922886,-1.0570224532289676,4.700479052398864,-0.536991337306445,1.3335358029238504
70.0,15.0,240.7012634277344,-4.808414819915517,1.5079597637117217,-4.919056555638012,-1.6242717311865016,-1.9069988252534136,1.515611483432623,-1.052301507383616,4.89340556976067,-0.4114547748755564,0.36784514632701
70.0,15.0,246.05618286132807,-4.084370969333784,1.820081037461161,-4.80181389240257,-1.813721198505614,-2.033951978941679,1.478212194697605,-1.043015593198454,4.815311048582164,-0.9278788123194068,0.3028541111692142
70.0,15.0,270.6993408203125,-4.981005488533239,1.7512953299795138,-4.742074670615858,-2.163100954548073,-2.273864893291936,1.442940867635094,-0.6437786879486461,4.687602104765466,-2.2589178220716937,1.1307622043273955
70.0,15.0,247.0576171875,-4.8915967770193545,0.6047760563087008,-4.90263713812239,-1.849608352934054,-2.2335747025370933,1.3301058294440715,-1.0437354482484082,4.773644351101448,-0.481062499246162,1.5206413687714744
70.0,15.0,234.5180511474609,-3.85764315442585,1.303156801021411,-4.877933105010854,-1.604613070614643,-2.3770104271265127,0.912271737376502,-1.0406162471787834,4.700385885119623,-0.4895305529791161,2.149879270145956
70.0,15.0,283.631591796875,-3.225380927521768,3.4666293751900668,-4.112774342531755,-1.361500949985814,-1.7405327150702152,0.9338255613814316,-1.407660705747368,3.4400563596132154,-2.39611987457382,1.7631124051771998
70.0,15.0,254.6327514648437,-2.5877790242020344,0.978600203580823,-4.920883007059808,-2.06360659820968,-3.0130286644207684,-0.4915376309975785,-0.943211366698938,4.359891265157958,-1.270918846934554,2.576811408001201
70.0,15.0,248.38406372070312,-4.253541752587433,2.240458935915348,-4.855179376853195,-2.373987524179795,-2.42675168909631,0.718640282578737,-0.9344703199598728,4.301045239333638,-1.9039042484958195,1.668043533375131
70.0,15.0,249.0308532714844,-3.4217234002692773,3.3001720233126,-4.941400767002632,-3.852789533437891,-3.1278669908686547,-0.6436501614631684,-1.0179171994018985,3.512483839418881,-1.265797944778699,1.3996109190667156
70.0,15.0,237.1948089599609,-3.907051829201808,1.7812103470631349,-4.809945621058731,-1.848932424767838,-2.8111460449179964,1.0108135446517432,-1.0036608383678292,3.9624195882297975,-0.8014698315210327,0.3180518534232091
70.0,16.0,229.71327209472656,-3.738988821623439,2.0094887127548984,-4.163208995502808,-2.9567288777699683,-2.996391306072688,-0.1057788821753025,-0.9940695698308576,4.31690476594959,-0.9081059695997912,0.3483857639095369
70.0,16.0,240.32614135742188,-4.019045206191681,2.1214554516470976,-4.853069702075999,-1.3410467676912954,-2.47946141066086,0.9132557091235618,-1.104820782954972,4.636950624180708,-0.4716957705818636,2.271066739776576
70.0,16.0,243.576904296875,-4.902097768584221,1.980780023898118,-4.667792859354169,-1.626564740514915,-1.990463683581397,0.9169250183836885,-1.1282599957512156,4.766405291482026,-2.258107313538132,1.6370854079808286
70.0,16.0,234.06593322753903,-3.931357397644746,1.681506494909229,-4.909856024655136,-3.3124716250162325,-2.4525189652343844,-0.5937422203772469,-1.0809782668599164,4.329589292265744,-0.7832807149691685,1.782217701302535
70.0,16.0,234.67501831054688,-3.7987320056645593,0.9294139246838438,-4.6178718769710985,-2.1396723918848948,-2.3870662708725026,0.706923289935472,-1.0274339564131991,4.803745474718244,-1.933256728376872,1.5802778351100484
70.0,16.0,256.13037109375,-3.2975409669202445,1.9046111172209697,-4.8804194332360025,-1.223119565667764,-3.576174973895757,0.5745197209715007,-1.0139787594053171,3.5946807587869856,-0.6501171288742493,1.350998923015618
70.0,16.0,262.30596923828125,-4.976845676507852,1.2538417760579348,-4.81973457823826,-2.05785904170266,-1.803483211625832,1.5156211747117063,-0.4846117902601768,4.626615047493005,-0.8277398323397391,1.10363375564648
70.0,16.0,278.46600341796875,-4.55332532377008,1.5701611905140265,-4.451328718186483,-3.48729509138259,-3.2505618978294257,0.3562592442149768,-1.1404769302286792,3.97737344472572,-1.7487986404199938,1.002666875488393
70.0,16.0,228.10519409179688,-3.886398429396756,1.9610102812260377,-4.778980632068538,-3.072139350131982,-2.958162850040253,1.440352327148616,-1.066066474831211,4.4463136517032185,-0.5496059750451409,0.4710081785407833
70.0,16.0,263.6768798828125,-4.684834208062654,1.8540899568136224,-4.519634892861838,-1.7175887948362176,-2.0263767066147134,1.737131312258356,-1.0312730473544935,4.723815554508456,-1.8607119640795813,-0.1750876587918517
70.0,16.0,236.0562896728516,-4.715372216790768,1.7064761360688103,-4.893762610959058,-1.1960811156087128,-2.000553446106323,1.752334445965969,-1.070882081409661,4.720353526245651,-0.9573306711440376,1.338957226907544
70.0,16.0,240.09634399414065,-3.54161279090567,1.3826870904360202,-4.925721756893146,-2.1252455480558043,-2.031187313368553,1.435117552657568,-1.0665967824082367,4.843035725230597,-0.9062189535339004,1.2820098247667062
70.0,16.0,225.44371032714844,-3.2616728856105466,1.737662699095965,-4.730231802307934,-2.573846457419003,-2.6119980839724275,1.3957658597632614,-1.1028269839366875,4.924237584401675,-1.3019592029255216,0.7244353081415156
70.0,16.0,256.6000366210937,-3.9398732232030462,1.852862950682324,-4.854704064573468,-2.763321031639584,-2.024249843165213,0.0812577761689163,-0.9942951175733046,4.610108783660422,-2.017608932870937,0.9852308115429896
70.0,16.0,265.88165283203125,-3.4743750226973225,1.038991474596995,-4.737813611426121,-2.800431274955064,-2.6175296862284583,-0.4037037101957749,-1.0680801190773,4.083573437617382,-1.0345120954358284,0.464301744660613
70.0,16.0,263.51153564453125,-3.596325077648761,0.9827618351766754,-4.9439520151639575,-1.9279014822167064,-2.7827300138380444,1.4016457728251857,-1.056517446378057,4.767973649943736,-0.6945816370322815,2.448291983369402
70.0,16.0,248.6092529296875,-4.181498613821471,1.3167288220174247,-4.932370090639838,-1.5508627029583433,-2.4389514870153213,0.7721998207649067,-0.9868338199319996,4.643066279849274,-1.4773726523723825,1.967194021681116
70.0,16.0,247.07603454589844,-3.8484952089298687,3.4513912389416235,-4.617186443733174,-2.521090350461374,-1.8713778341121723,1.2498812153161465,-1.0957715980405718,4.973802025574876,-1.0159817117248982,0.3644457857466741
70.0,16.0,252.98703002929688,-3.20509543428245,1.6273467287335734,-4.94314069240419,-1.2374643167540862,-3.0162946546364457,1.386314760735814,-1.0128739785751126,4.286356644021116,-0.2711669122198348,2.0458998558087744
70.0,16.0,183.935546875,-3.913771525355603,1.883732474468672,-4.886714999470344,-2.954367514536783,-3.0922184819962046,-0.1504535089936121,-1.047872721025193,4.307219360006983,-0.4441526956280124,0.7357575876555427
70.0,16.0,231.0768585205078,-4.230200211693904,1.880722470310328,-4.837083844523418,-2.468134592066141,-1.6886258357497543,0.8419555444040584,-1.050118583250134,4.752530779116197,-0.8508379677143134,0.3249166026865091
70.0,16.0,230.43099975585932,-3.0954472542281857,1.0495301422785732,-4.968947006184568,-1.965119815121796,-2.5623001797268747,0.662648372851235,-1.0721457534238048,4.693315397834815,-1.4404838587309512,1.081767541777482
70.0,16.0,220.0723419189453,-4.140703503933901,0.7109350541656747,-4.843185469747144,-4.317167245691126,-2.553809441834371,-1.3716584947015753,-1.009891723757792,4.755544430291508,-1.2390353455376146,1.0733197291858718
70.0,16.0,250.71620178222656,-3.667354411287104,1.6349589968524154,-4.790595600987114,-3.114979043148896,-4.251186559251924,0.1413707881175568,-1.080939867082256,4.656949357353644,-0.7717230769227664,1.2725491083810998
70.0,16.0,235.0413360595703,-4.078100854721334,2.5491786443361817,-4.611282399762106,-2.0003693448273934,-1.753926316235404,-0.2387577495153834,-1.0427333199735236,4.730749321100855,-0.6926183564551789,1.3227142147265725
70.0,16.0,246.600814819336,-3.2633609638993475,1.0920534002434166,-4.680732447072565,-2.19818539600572,-2.3198450062915352,0.8164792205816711,-1.0568318734919482,4.46079360636703,-0.3496306011163304,2.0943501787506253
70.0,16.0,271.1249389648437,-2.5087610384592693,3.1966173645456104,-4.756126622971941,-2.5852233491416685,-2.9584247034273066,1.293150665851927,-1.4350116884806416,4.382319558028544,-2.4913045039778283,1.901481085088472
70.0,16.0,204.9386444091797,-4.911051898261931,1.6652841645707634,-4.834673807374948,-1.6566290489086744,-2.035709204758102,1.267316568519958,-1.0494991764801582,4.732699544544123,-0.8388802162202884,0.7278623851785704
70.0,16.0,238.772705078125,-3.990906244277789,1.992592775041086,-4.808312278001258,-4.570797351494091,-1.9950218670531217,-0.2172874709693879,-1.1050243771481971,4.480962653722482,-0.315537813985919,1.3382666396651182
70.0,16.0,252.3201904296875,-4.09763721842857,2.906644651359285,-4.275502723390471,-3.4745831667256,-2.0339481202744008,-0.1685960622957784,-0.9318729046422894,4.172476334277373,-0.4342706270131513,1.3850445464116563
70.0,16.0,233.2389068603516,-4.041286412890218,0.9698206023297968,-4.825673171822232,-2.22395526371834,-2.226121181043837,1.3048298939969267,-0.9299285873169834,4.515451989973435,-1.194317433685284,1.2457844252484676
70.0,16.0,250.8287048339844,-3.293566951230977,1.5139741984496349,-4.886043853097508,-2.5383937836359225,-2.369018706849824,-0.8697314741544362,-1.3066805456584494,4.752000067937671,-1.8737600364798184,1.9361211249855683
70.0,16.0,262.7934265136719,-3.379769729617575,0.8250758342492428,-4.721237145346096,-1.7957815756661586,-2.4376037138292626,0.2642497463632611,-0.95020552434442,4.722245074768017,-0.3934285995841176,2.1414331816398606
70.0,16.0,242.4745178222656,-3.3292002198048243,1.031355518605258,-4.716309763000723,-1.5727735197376715,-2.712487126397012,0.7608925654968379,-0.8582813596036044,4.650076973390648,-0.4988163400844314,1.6294617082026814
70.0,16.0,234.5803985595703,-3.1457474746250265,1.1138519548607442,-4.94322487820198,-1.6733371731008555,-2.5887209533735223,0.7619259169880531,-1.2150859208139808,4.708253645392563,-0.3265650397336059,2.226918945636021
70.0,16.0,239.0243377685547,-4.051409346506912,2.063886860580763,-4.843229970009615,-1.6962553641924465,-1.947556494525905,0.9460816389313382,-1.4409639156178415,4.254907946189098,-2.252831223023224,1.679280647292548
70.0,16.0,278.2581787109375,-3.726690362146835,2.473530496515732,-4.656152807073105,-2.6573102917592104,-3.538653792282472,-0.5689110433204125,-0.5286355503929229,4.355203816677972,-1.0759397095611556,1.0917282415298746
70.0,16.0,220.28042602539065,-3.929695366225484,1.712906943397469,-4.885886470786509,-2.9665827370645257,-2.1846864625847653,0.0873340968318023,-1.0302824479734634,4.687917373594785,-1.1377745367499963,1.0541599687265393
70.0,16.0,214.5237579345703,-3.937840222145909,1.2070550596292602,-4.915145383578925,-2.147646106746824,-1.9694024006098945,0.4349099823484428,-0.9693657380849914,4.338018272635996,-1.2148459693268836,0.6745713341967368
70.0,16.0,245.7547149658203,-3.92100368154458,2.1845860050756567,-4.946753816646164,-1.987067527103097,-4.096952315986819,0.9042295609922886,-1.0570224532289676,4.700479052398864,-0.536991337306445,1.3335358029238504
70.0,16.0,240.7012634277344,-4.808414819915517,1.5079597637117217,-4.919056555638012,-1.6242717311865016,-1.9069988252534136,1.515611483432623,-1.052301507383616,4.89340556976067,-0.4114547748755564,0.36784514632701
70.0,16.0,246.05618286132807,-4.084370969333784,1.820081037461161,-4.80181389240257,-1.813721198505614,-2.033951978941679,1.478212194697605,-1.043015593198454,4.815311048582164,-0.9278788123194068,0.3028541111692142
70.0,16.0,270.6993408203125,-4.981005488533239,1.7512953299795138,-4.742074670615858,-2.163100954548073,-2.273864893291936,1.442940867635094,-0.6437786879486461,4.687602104765466,-2.2589178220716937,1.1307622043273955
70.0,16.0,247.0576171875,-4.8915967770193545,0.6047760563087008,-4.90263713812239,-1.849608352934054,-2.2335747025370933,1.3301058294440715,-1.0437354482484082,4.773644351101448,-0.481062499246162,1.5206413687714744
70.0,16.0,234.5180511474609,-3.85764315442585,1.303156801021411,-4.877933105010854,-1.604613070614643,-2.3770104271265127,0.912271737376502,-1.0406162471787834,4.700385885119623,-0.4895305529791161,2.149879270145956
70.0,16.0,283.631591796875,-3.225380927521768,3.4666293751900668,-4.112774342531755,-1.361500949985814,-1.7405327150702152,0.9338255613814316,-1.407660705747368,3.4400563596132154,-2.39611987457382,1.7631124051771998
70.0,16.0,254.6327514648437,-2.5877790242020344,0.978600203580823,-4.920883007059808,-2.06360659820968,-3.0130286644207684,-0.4915376309975785,-0.943211366698938,4.359891265157958,-1.270918846934554,2.576811408001201
70.0,16.0,248.38406372070312,-4.253541752587433,2.240458935915348,-4.855179376853195,-2.373987524179795,-2.42675168909631,0.718640282578737,-0.9344703199598728,4.301045239333638,-1.9039042484958195,1.668043533375131
70.0,16.0,249.0308532714844,-3.4217234002692773,3.3001720233126,-4.941400767002632,-3.852789533437891,-3.1278669908686547,-0.6436501614631684,-1.0179171994018985,3.512483839418881,-1.265797944778699,1.3996109190667156
70.0,16.0,237.1948089599609,-3.907051829201808,1.7812103470631349,-4.809945621058731,-1.848932424767838,-2.8111460449179964,1.0108135446517432,-1.0036608383678292,3.9624195882297975,-0.8014698315210327,0.3180518534232091
70.0,17.0,229.71327209472656,-3.738988821623439,2.0094887127548984,-4.163208995502808,-2.9567288777699683,-2.996391306072688,-0.1057788821753025,-0.9940695698308576,4.31690476594959,-0.9081059695997912,0.3483857639095369
70.0,17.0,240.32614135742188,-4.019045206191681,2.1214554516470976,-4.853069702075999,-1.3410467676912954,-2.47946141066086,0.9132557091235618,-1.104820782954972,4.636950624180708,-0.4716957705818636,2.271066739776576
70.0,17.0,243.576904296875,-4.902097768584221,1.980780023898118,-4.667792859354169,-1.626564740514915,-1.990463683581397,0.9169250183836885,-1.1282599957512156,4.766405291482026,-2.258107313538132,1.6370854079808286
70.0,17.0,234.06593322753903,-3.931357397644746,1.681506494909229,-4.909856024655136,-3.3124716250162325,-2.4525189652343844,-0.5937422203772469,-1.0809782668599164,4.329589292265744,-0.7832807149691685,1.782217701302535
70.0,17.0,234.67501831054688,-3.7987320056645593,0.9294139246838438,-4.6178718769710985,-2.1396723918848948,-2.3870662708725026,0.706923289935472,-1.0274339564131991,4.803745474718244,-1.933256728376872,1.5802778351100484
70.0,17.0,256.13037109375,-3.2975409669202445,1.9046111172209697,-4.8804194332360025,-1.223119565667764,-3.576174973895757,0.5745197209715007,-1.0139787594053171,3.5946807587869856,-0.6501171288742493,1.350998923015618
70.0,17.0,262.30596923828125,-4.976845676507852,1.2538417760579348,-4.81973457823826,-2.05785904170266,-1.803483211625832,1.5156211747117063,-0.4846117902601768,4.626615047493005,-0.8277398323397391,1.10363375564648
70.0,17.0,278.46600341796875,-4.55332532377008,1.5701611905140265,-4.451328718186483,-3.48729509138259,-3.2505618978294257,0.3562592442149768,-1.1404769302286792,3.97737344472572,-1.7487986404199938,1.002666875488393
70.0,17.0,228.10519409179688,-3.886398429396756,1.9610102812260377,-4.778980632068538,-3.072139350131982,-2.958162850040253,1.440352327148616,-1.066066474831211,4.4463136517032185,-0.5496059750451409,0.4710081785407833
70.0,17.0,263.6768798828125,-4.684834208062654,1.8540899568136224,-4.519634892861838,-1.7175887948362176,-2.0263767066147134,1.737131312258356,-1.0312730473544935,4.723815554508456,-1.8607119640795813,-0.1750876587918517
70.0,17.0,236.0562896728516,-4.715372216790768,1.7064761360688103,-4.893762610959058,-1.1960811156087128,-2.000553446106323,1.752334445965969,-1.070882081409661,4.720353526245651,-0.9573306711440376,1.338957226907544
70.0,17.0,232.0944061279297,-4.152013382432889,1.7849999741532534,-4.940802813293669,-2.486522625366716,-3.3271393781513665,0.7547541102780432,-0.6373568059715705,4.34078578639413,-0.4841233367935141,1.177089305943313
70.0,17.0,225.44371032714844,-3.2616728856105466,1.737662699095965,-4.730231802307934,-2.573846457419003,-2.6119980839724275,1.3957658597632614,-1.1028269839366875,4.924237584401675,-1.3019592029255216,0.7244353081415156
70.0,17.0,256.6000366210937,-3.9398732232030462,1.852862950682324,-4.854704064573468,-2.763321031639584,-2.024249843165213,0.0812577761689163,-0.9942951175733046,4.610108783660422,-2.017608932870937,0.9852308115429896
70.0,17.0,265.88165283203125,-3.4743750226973225,1.038991474596995,-4.737813611426121,-2.800431274955064,-2.6175296862284583,-0.4037037101957749,-1.0680801190773,4.083573437617382,-1.0345120954358284,0.464301744660613
70.0,17.0,263.51153564453125,-3.596325077648761,0.9827618351766754,-4.9439520151639575,-1.9279014822167064,-2.7827300138380444,1.4016457728251857,-1.056517446378057,4.767973649943736,-0.6945816370322815,2.448291983369402
70.0,17.0,248.6092529296875,-4.181498613821471,1.3167288220174247,-4.932370090639838,-1.5508627029583433,-2.4389514870153213,0.7721998207649067,-0.9868338199319996,4.643066279849274,-1.4773726523723825,1.967194021681116
70.0,17.0,247.07603454589844,-3.8484952089298687,3.4513912389416235,-4.617186443733174,-2.521090350461374,-1.8713778341121723,1.2498812153161465,-1.0957715980405718,4.973802025574876,-1.0159817117248982,0.3644457857466741
70.0,17.0,247.48580932617188,-2.728037511150552,2.501042996266537,-4.892143060346542,-1.256700912942314,-2.9515008079784,1.704012635486291,-0.9990717875320324,4.326312374900361,-1.0638923130484177,1.8822749606059992
70.0,17.0,183.935546875,-3.913771525355603,1.883732474468672,-4.886714999470344,-2.954367514536783,-3.0922184819962046,-0.1504535089936121,-1.047872721025193,4.307219360006983,-0.4441526956280124,0.7357575876555427
70.0,17.0,231.0768585205078,-4.230200211693904,1.880722470310328,-4.837083844523418,-2.468134592066141,-1.6886258357497543,0.8419555444040584,-1.050118583250134,4.752530779116197,-0.8508379677143134,0.3249166026865091
70.0,17.0,230.43099975585932,-3.0954472542281857,1.0495301422785732,-4.968947006184568,-1.965119815121796,-2.5623001797268747,0.662648372851235,-1.0721457534238048,4.693315397834815,-1.4404838587309512,1.081767541777482
70.0,17.0,220.0723419189453,-4.140703503933901,0.7109350541656747,-4.843185469747144,-4.317167245691126,-2.553809441834371,-1.3716584947015753,-1.009891723757792,4.755544430291508,-1.2390353455376146,1.0733197291858718
70.0,17.0,250.71620178222656,-3.667354411287104,1.6349589968524154,-4.790595600987114,-3.114979043148896,-4.251186559251924,0.1413707881175568,-1.080939867082256,4.656949357353644,-0.7717230769227664,1.2725491083810998
70.0,17.0,235.0413360595703,-4.078100854721334,2.5491786443361817,-4.611282399762106,-2.0003693448273934,-1.753926316235404,-0.2387577495153834,-1.0427333199735236,4.730749321100855,-0.6926183564551789,1.3227142147265725
70.0,17.0,246.600814819336,-3.2633609638993475,1.0920534002434166,-4.680732447072565,-2.19818539600572,-2.3198450062915352,0.8164792205816711,-1.0568318734919482,4.46079360636703,-0.3496306011163304,2.0943501787506253
70.0,17.0,271.1249389648437,-2.5087610384592693,3.1966173645456104,-4.756126622971941,-2.5852233491416685,-2.9584247034273066,1.293150665851927,-1.4350116884806416,4.382319558028544,-2.4913045039778283,1.901481085088472
70.0,17.0,204.9386444091797,-4.911051898261931,1.6652841645707634,-4.834673807374948,-1.6566290489086744,-2.035709204758102,1.267316568519958,-1.0494991764801582,4.732699544544123,-0.8388802162202884,0.7278623851785704
70.0,17.0,225.3151092529297,-4.032106689810343,1.9041287915144625,-4.898473657452491,-2.2652727051539587,-2.104638326264585,-0.9361549330173408,-1.0578640947259483,3.94747346284316,-0.6196845577123353,1.2451594551532703
70.0,17.0,252.3201904296875,-4.09763721842857,2.906644651359285,-4.275502723390471,-3.4745831667256,-2.0339481202744008,-0.1685960622957784,-0.9318729046422894,4.172476334277373,-0.4342706270131513,1.3850445464116563
70.0,17.0,233.2389068603516,-4.041286412890218,0.9698206023297968,-4.825673171822232,-2.22395526371834,-2.226121181043837,1.3048298939969267,-0.9299285873169834,4.515451989973435,-1.194317433685284,1.2457844252484676
70.0,17.0,238.4111175537109,-3.79047793218404,1.7019890131388915,-4.900299878687286,-1.6358527396520983,-3.9778474526976666,0.9832182496859416,-0.4223498128601423,4.776644703090076,-0.8938550211279955,0.7391639453237007
70.0,17.0,262.7934265136719,-3.379769729617575,0.8250758342492428,-4.721237145346096,-1.7957815756661586,-2.4376037138292626,0.2642497463632611,-0.95020552434442,4.722245074768017,-0.3934285995841176,2.1414331816398606
70.0,17.0,242.4745178222656,-3.3292002198048243,1.031355518605258,-4.716309763000723,-1.5727735197376715,-2.712487126397012,0.7608925654968379,-0.8582813596036044,4.650076973390648,-0.4988163400844314,1.6294617082026814
70.0,17.0,234.5803985595703,-3.1457474746250265,1.1138519548607442,-4.94322487820198,-1.6733371731008555,-2.5887209533735223,0.7619259169880531,-1.2150859208139808,4.708253645392563,-0.3265650397336059,2.226918945636021
70.0,17.0,239.0243377685547,-4.051409346506912,2.063886860580763,-4.843229970009615,-1.6962553641924465,-1.947556494525905,0.9460816389313382,-1.4409639156178415,4.254907946189098,-2.252831223023224,1.679280647292548
70.0,17.0,278.2581787109375,-3.726690362146835,2.473530496515732,-4.656152807073105,-2.6573102917592104,-3.538653792282472,-0.5689110433204125,-0.5286355503929229,4.355203816677972,-1.0759397095611556,1.0917282415298746
70.0,17.0,220.28042602539065,-3.929695366225484,1.712906943397469,-4.885886470786509,-2.9665827370645257,-2.1846864625847653,0.0873340968318023,-1.0302824479734634,4.687917373594785,-1.1377745367499963,1.0541599687265393
70.0,17.0,214.5237579345703,-3.937840222145909,1.2070550596292602,-4.915145383578925,-2.147646106746824,-1.9694024006098945,0.4349099823484428,-0.9693657380849914,4.338018272635996,-1.2148459693268836,0.6745713341967368
70.0,17.0,210.07614135742188,-3.873643362582087,2.5663670867024377,-4.8117804880449695,-3.487874701712036,-3.794704359254804,0.694065205331555,-1.041381913575775,4.709979241921714,-1.480233167850086,0.7035416314733378
70.0,17.0,240.7012634277344,-4.808414819915517,1.5079597637117217,-4.919056555638012,-1.6242717311865016,-1.9069988252534136,1.515611483432623,-1.052301507383616,4.89340556976067,-0.4114547748755564,0.36784514632701
70.0,17.0,246.05618286132807,-4.084370969333784,1.820081037461161,-4.80181389240257,-1.813721198505614,-2.033951978941679,1.478212194697605,-1.043015593198454,4.815311048582164,-0.9278788123194068,0.3028541111692142
70.0,17.0,270.6993408203125,-4.981005488533239,1.7512953299795138,-4.742074670615858,-2.163100954548073,-2.273864893291936,1.442940867635094,-0.6437786879486461,4.687602104765466,-2.2589178220716937,1.1307622043273955
70.0,17.0,247.0576171875,-4.8915967770193545,0.6047760563087008,-4.90263713812239,-1.849608352934054,-2.2335747025370933,1.3301058294440715,-1.0437354482484082,4.773644351101448,-0.481062499246162,1.5206413687714744
70.0,17.0,234.5180511474609,-3.85764315442585,1.303156801021411,-4.877933105010854,-1.604613070614643,-2.3770104271265127,0.912271737376502,-1.0406162471787834,4.700385885119623,-0.4895305529791161,2.149879270145956
70.0,17.0,283.631591796875,-3.225380927521768,3.4666293751900668,-4.112774342531755,-1.361500949985814,-1.7405327150702152,0.9338255613814316,-1.407660705747368,3.4400563596132154,-2.39611987457382,1.7631124051771998
70.0,17.0,234.3972625732422,-2.748419548892349,2.030090319451644,-4.95220820948033,-2.197399920077745,-3.05447409751888,-0.838476723328136,-0.9801413122466116,4.342706354371666,-0.4015190468768519,0.4779721113533863
70.0,17.0,248.38406372070312,-4.253541752587433,2.240458935915348,-4.855179376853195,-2.373987524179795,-2.42675168909631,0.718640282578737,-0.9344703199598728,4.301045239333638,-1.9039042484958195,1.668043533375131
70.0,17.0,236.18492126464844,-3.940622851959525,3.3462709097439696,-4.915153537863229,-3.4597917749795792,-3.060475655838123,-0.0555736434963965,-1.0489784766615031,3.4656277985059223,-1.1290849213218348,1.1704278967534592
70.0,17.0,237.1948089599609,-3.907051829201808,1.7812103470631349,-4.809945621058731,-1.848932424767838,-2.8111460449179964,1.0108135446517432,-1.0036608383678292,3.9624195882297975,-0.8014698315210327,0.3180518534232091
70.0,18.0,229.71327209472656,-3.738988821623439,2.0094887127548984,-4.163208995502808,-2.9567288777699683,-2.996391306072688,-0.1057788821753025,-0.9940695698308576,4.31690476594959,-0.9081059695997912,0.3483857639095369
70.0,18.0,240.32614135742188,-4.019045206191681,2.1214554516470976,-4.853069702075999,-1.3410467676912954,-2.47946141066086,0.9132557091235618,-1.104820782954972,4.636950624180708,-0.4716957705818636,2.271066739776576
70.0,18.0,243.576904296875,-4.902097768584221,1.980780023898118,-4.667792859354169,-1.626564740514915,-1.990463683581397,0.9169250183836885,-1.1282599957512156,4.766405291482026,-2.258107313538132,1.6370854079808286
70.0,18.0,234.06593322753903,-3.931357397644746,1.681506494909229,-4.909856024655136,-3.3124716250162325,-2.4525189652343844,-0.5937422203772469,-1.0809782668599164,4.329589292265744,-0.7832807149691685,1.782217701302535
70.0,18.0,234.67501831054688,-3.7987320056645593,0.9294139246838438,-4.6178718769710985,-2.1396723918848948,-2.3870662708725026,0.706923289935472,-1.0274339564131991,4.803745474718244,-1.933256728376872,1.5802778351100484
70.0,18.0,256.13037109375,-3.2975409669202445,1.9046111172209697,-4.8804194332360025,-1.223119565667764,-3.576174973895757,0.5745197209715007,-1.0139787594053171,3.5946807587869856,-0.6501171288742493,1.350998923015618
70.0,18.0,262.30596923828125,-4.976845676507852,1.2538417760579348,-4.81973457823826,-2.05785904170266,-1.803483211625832,1.5156211747117063,-0.4846117902601768,4.626615047493005,-0.8277398323397391,1.10363375564648
70.0,18.0,247.44284057617188,-4.731033360134822,1.8879649713129687,-4.602862359128676,-3.870061114352087,-2.591107131299877,-0.1538830868949796,-1.111111492542052,3.508741259262691,-1.101837912311544,0.8313061368386213
70.0,18.0,228.10519409179688,-3.886398429396756,1.9610102812260377,-4.778980632068538,-3.072139350131982,-2.958162850040253,1.440352327148616,-1.066066474831211,4.4463136517032185,-0.5496059750451409,0.4710081785407833
70.0,18.0,263.6768798828125,-4.684834208062654,1.8540899568136224,-4.519634892861838,-1.7175887948362176,-2.0263767066147134,1.737131312258356,-1.0312730473544935,4.723815554508456,-1.8607119640795813,-0.1750876587918517
70.0,18.0,236.0562896728516,-4.715372216790768,1.7064761360688103,-4.893762610959058,-1.1960811156087128,-2.000553446106323,1.752334445965969,-1.070882081409661,4.720353526245651,-0.9573306711440376,1.338957226907544
70.0,18.0,232.0944061279297,-4.152013382432889,1.7849999741532534,-4.940802813293669,-2.486522625366716,-3.3271393781513665,0.7547541102780432,-0.6373568059715705,4.34078578639413,-0.4841233367935141,1.177089305943313
70.0,18.0,225.44371032714844,-3.2616728856105466,1.737662699095965,-4.730231802307934,-2.573846457419003,-2.6119980839724275,1.3957658597632614,-1.1028269839366875,4.924237584401675,-1.3019592029255216,0.7244353081415156
70.0,18.0,239.7970733642578,-4.423369552841215,2.0101281201378427,-4.894063796621284,-3.781524235478968,-2.5767092543900683,0.755686976240057,-1.085820506315835,4.341427644291796,-1.4343002255048765,0.891409957409534
70.0,18.0,244.04409790039065,-2.9454911083691777,1.250486173853719,-4.94932430979829,-3.006842916640164,-2.577170143775004,-0.2706024193637181,-1.054424343912344,4.18308040433467,-1.0712234518763029,0.0099658960571733
70.0,18.0,243.65902709960932,-3.766724794658174,1.8135611476196245,-4.869516100378023,-1.3717027630324974,-2.6124693529992222,0.880621106600256,-0.967856165998448,4.375014326496807,-0.6522250319353868,2.628522982870976
70.0,18.0,248.6092529296875,-4.181498613821471,1.3167288220174247,-4.932370090639838,-1.5508627029583433,-2.4389514870153213,0.7721998207649067,-0.9868338199319996,4.643066279849274,-1.4773726523723825,1.967194021681116
70.0,18.0,247.07603454589844,-3.8484952089298687,3.4513912389416235,-4.617186443733174,-2.521090350461374,-1.8713778341121723,1.2498812153161465,-1.0957715980405718,4.973802025574876,-1.0159817117248982,0.3644457857466741
70.0,18.0,240.9442138671875,-3.162099036053988,2.825602512727288,-4.874113647207022,-3.256700912942314,-3.391710086841501,0.2070060409358551,-1.0525860985786122,4.210328995330412,-0.3792166959716249,1.3141657339112316
70.0,18.0,183.935546875,-3.913771525355603,1.883732474468672,-4.886714999470344,-2.954367514536783,-3.0922184819962046,-0.1504535089936121,-1.047872721025193,4.307219360006983,-0.4441526956280124,0.7357575876555427
70.0,18.0,231.0768585205078,-4.230200211693904,1.880722470310328,-4.837083844523418,-2.468134592066141,-1.6886258357497543,0.8419555444040584,-1.050118583250134,4.752530779116197,-0.8508379677143134,0.3249166026865091
70.0,18.0,230.43099975585932,-3.0954472542281857,1.0495301422785732,-4.968947006184568,-1.965119815121796,-2.5623001797268747,0.662648372851235,-1.0721457534238048,4.693315397834815,-1.4404838587309512,1.081767541777482
70.0,18.0,220.0723419189453,-4.140703503933901,0.7109350541656747,-4.843185469747144,-4.317167245691126,-2.553809441834371,-1.3716584947015753,-1.009891723757792,4.755544430291508,-1.2390353455376146,1.0733197291858718
70.0,18.0,250.71620178222656,-3.667354411287104,1.6349589968524154,-4.790595600987114,-3.114979043148896,-4.251186559251924,0.1413707881175568,-1.080939867082256,4.656949357353644,-0.7717230769227664,1.2725491083810998
70.0,18.0,235.0413360595703,-4.078100854721334,2.5491786443361817,-4.611282399762106,-2.0003693448273934,-1.753926316235404,-0.2387577495153834,-1.0427333199735236,4.730749321100855,-0.6926183564551789,1.3227142147265725
70.0,18.0,246.600814819336,-3.2633609638993475,1.0920534002434166,-4.680732447072565,-2.19818539600572,-2.3198450062915352,0.8164792205816711,-1.0568318734919482,4.46079360636703,-0.3496306011163304,2.0943501787506253
70.0,18.0,255.84820556640625,-4.123393179197716,2.631542569107828,-4.816401704284974,-2.464597366963021,-3.867150670174658,1.3153034402300197,-1.2414602327848658,4.220697716227506,-1.3871733048222958,1.6827980025302984
70.0,18.0,204.9386444091797,-4.911051898261931,1.6652841645707634,-4.834673807374948,-1.6566290489086744,-2.035709204758102,1.267316568519958,-1.0494991764801582,4.732699544544123,-0.8388802162202884,0.7278623851785704
70.0,18.0,225.3151092529297,-4.032106689810343,1.9041287915144625,-4.898473657452491,-2.2652727051539587,-2.104638326264585,-0.9361549330173408,-1.0578640947259483,3.94747346284316,-0.6196845577123353,1.2451594551532703
70.0,18.0,236.4801025390625,-3.8152412982287696,3.28959313718032,-4.543100179169926,-3.881438867740898,-3.7609419687667263,-0.1954874214869627,-0.1785672993563549,4.334869733956919,-0.5408720800730462,1.3850445464116563
70.0,18.0,233.2389068603516,-4.041286412890218,0.9698206023297968,-4.825673171822232,-2.22395526371834,-2.226121181043837,1.3048298939969267,-0.9299285873169834,4.515451989973435,-1.194317433685284,1.2457844252484676
70.0,18.0,238.4111175537109,-3.79047793218404,1.7019890131388915,-4.900299878687286,-1.6358527396520983,-3.9778474526976666,0.9832182496859416,-0.4223498128601423,4.776644703090076,-0.8938550211279955,0.7391639453237007
70.0,18.0,229.862533569336,-3.405762084384892,0.6914097382305799,-4.788224505345845,-3.012533737487922,-2.746181820392548,-0.8375035769759003,-1.0044063714064029,3.9420753250566,-0.8543242536095635,0.7962795036421974
70.0,18.0,242.4745178222656,-3.3292002198048243,1.031355518605258,-4.716309763000723,-1.5727735197376715,-2.712487126397012,0.7608925654968379,-0.8582813596036044,4.650076973390648,-0.4988163400844314,1.6294617082026814
70.0,18.0,234.5803985595703,-3.1457474746250265,1.1138519548607442,-4.94322487820198,-1.6733371731008555,-2.5887209533735223,0.7619259169880531,-1.2150859208139808,4.708253645392563,-0.3265650397336059,2.226918945636021
70.0,18.0,239.0243377685547,-4.051409346506912,2.063886860580763,-4.843229970009615,-1.6962553641924465,-1.947556494525905,0.9460816389313382,-1.4409639156178415,4.254907946189098,-2.252831223023224,1.679280647292548
70.0,18.0,278.2581787109375,-3.726690362146835,2.473530496515732,-4.656152807073105,-2.6573102917592104,-3.538653792282472,-0.5689110433204125,-0.5286355503929229,4.355203816677972,-1.0759397095611556,1.0917282415298746
70.0,18.0,220.28042602539065,-3.929695366225484,1.712906943397469,-4.885886470786509,-2.9665827370645257,-2.1846864625847653,0.0873340968318023,-1.0302824479734634,4.687917373594785,-1.1377745367499963,1.0541599687265393
70.0,18.0,214.5237579345703,-3.937840222145909,1.2070550596292602,-4.915145383578925,-2.147646106746824,-1.9694024006098945,0.4349099823484428,-0.9693657380849914,4.338018272635996,-1.2148459693268836,0.6745713341967368
70.0,18.0,210.07614135742188,-3.873643362582087,2.5663670867024377,-4.8117804880449695,-3.487874701712036,-3.794704359254804,0.694065205331555,-1.041381913575775,4.709979241921714,-1.480233167850086,0.7035416314733378
70.0,18.0,220.69509887695312,-4.827787435327566,1.812180557005387,-4.872866935058768,-3.456941716013411,-3.123108385663816,-0.8106788713499544,-1.0625401322864128,4.240329060390388,-0.7446450381753249,1.0049975897405856
70.0,18.0,246.05618286132807,-4.084370969333784,1.820081037461161,-4.80181389240257,-1.813721198505614,-2.033951978941679,1.478212194697605,-1.043015593198454,4.815311048582164,-0.9278788123194068,0.3028541111692142
70.0,18.0,250.14044189453125,-4.732880314269973,1.978900000018016,-4.972663142728794,-2.583440586509448,-2.6952491491693413,1.856157110679381,-1.6821398496048556,4.335993864119636,-0.9070592012069562,0.3454453385654801
70.0,18.0,247.0576171875,-4.8915967770193545,0.6047760563087008,-4.90263713812239,-1.849608352934054,-2.2335747025370933,1.3301058294440715,-1.0437354482484082,4.773644351101448,-0.481062499246162,1.5206413687714744
70.0,18.0,234.5180511474609,-3.85764315442585,1.303156801021411,-4.877933105010854,-1.604613070614643,-2.3770104271265127,0.912271737376502,-1.0406162471787834,4.700385885119623,-0.4895305529791161,2.149879270145956
70.0,18.0,283.631591796875,-3.225380927521768,3.4666293751900668,-4.112774342531755,-1.361500949985814,-1.7405327150702152,0.9338255613814316,-1.407660705747368,3.4400563596132154,-2.39611987457382,1.7631124051771998
70.0,18.0,234.3972625732422,-2.748419548892349,2.030090319451644,-4.95220820948033,-2.197399920077745,-3.05447409751888,-0.838476723328136,-0.9801413122466116,4.342706354371666,-0.4015190468768519,0.4779721113533863
70.0,18.0,247.13375854492188,-3.7350078832128273,2.044605374699633,-4.849364463091629,-2.652932612722667,-2.033014562180055,-0.202105498902586,-0.566634293796503,4.128705285948106,-1.3210965843383964,1.313070598366137
70.0,18.0,236.18492126464844,-3.940622851959525,3.3462709097439696,-4.915153537863229,-3.4597917749795792,-3.060475655838123,-0.0555736434963965,-1.0489784766615031,3.4656277985059223,-1.1290849213218348,1.1704278967534592
70.0,18.0,237.1948089599609,-3.907051829201808,1.7812103470631349,-4.809945621058731,-1.848932424767838,-2.8111460449179964,1.0108135446517432,-1.0036608383678292,3.9624195882297975,-0.8014698315210327,0.3180518534232091
70.0,19.0,229.71327209472656,-3.738988821623439,2.0094887127548984,-4.163208995502808,-2.9567288777699683,-2.996391306072688,-0.1057788821753025,-0.9940695698308576,4.31690476594959,-0.9081059695997912,0.3483857639095369
70.0,19.0,240.32614135742188,-4.019045206191681,2.1214554516470976,-4.853069702075999,-1.3410467676912954,-2.47946141066086,0.9132557091235618,-1.104820782954972,4.636950624180708,-0.4716957705818636,2.271066739776576
70.0,19.0,243.576904296875,-4.902097768584221,1.980780023898118,-4.667792859354169,-1.626564740514915,-1.990463683581397,0.9169250183836885,-1.1282599957512156,4.766405291482026,-2.258107313538132,1.6370854079808286
70.0,19.0,234.06593322753903,-3.931357397644746,1.681506494909229,-4.909856024655136,-3.3124716250162325,-2.4525189652343844,-0.5937422203772469,-1.0809782668599164,4.329589292265744,-0.7832807149691685,1.782217701302535
70.0,19.0,234.67501831054688,-3.7987320056645593,0.9294139246838438,-4.6178718769710985,-2.1396723918848948,-2.3870662708725026,0.706923289935472,-1.0274339564131991,4.803745474718244,-1.933256728376872,1.5802778351100484
70.0,19.0,248.1121826171875,-3.0141953157600043,1.9074366307949813,-4.9155641873267735,-2.639745431380899,-3.692996100365284,0.25103012904481,-0.9048106957544072,3.5803573068193257,-0.5957117425894263,0.8840704864175206
70.0,19.0,262.30596923828125,-4.976845676507852,1.2538417760579348,-4.81973457823826,-2.05785904170266,-1.803483211625832,1.5156211747117063,-0.4846117902601768,4.626615047493005,-0.8277398323397391,1.10363375564648
70.0,19.0,247.44284057617188,-4.731033360134822,1.8879649713129687,-4.602862359128676,-3.870061114352087,-2.591107131299877,-0.1538830868949796,-1.111111492542052,3.508741259262691,-1.101837912311544,0.8313061368386213
70.0,19.0,228.10519409179688,-3.886398429396756,1.9610102812260377,-4.778980632068538,-3.072139350131982,-2.958162850040253,1.440352327148616,-1.066066474831211,4.4463136517032185,-0.5496059750451409,0.4710081785407833
70.0,19.0,263.6768798828125,-4.684834208062654,1.8540899568136224,-4.519634892861838,-1.7175887948362176,-2.0263767066147134,1.737131312258356,-1.0312730473544935,4.723815554508456,-1.8607119640795813,-0.1750876587918517
70.0,19.0,224.91180419921875,-3.8368496188845578,1.836419402842644,-4.823777818500541,-2.369111251225987,-2.608013775731809,1.5365684848206322,-1.0401686312157583,4.171087985595552,-1.0155472564768948,1.0104498862551865
70.0,19.0,232.0944061279297,-4.152013382432889,1.7849999741532534,-4.940802813293669,-2.486522625366716,-3.3271393781513665,0.7547541102780432,-0.6373568059715705,4.34078578639413,-0.4841233367935141,1.177089305943313
70.0,19.0,195.18731689453125,-3.2385980368204423,1.7285802312189276,-4.769632790165409,-2.8992951296389258,-2.989067015260295,1.235426606567029,-1.0938415675799396,4.735035877411996,-0.8179012791588454,0.9646891072118112
70.0,19.0,239.7970733642578,-4.423369552841215,2.0101281201378427,-4.894063796621284,-3.781524235478968,-2.5767092543900683,0.755686976240057,-1.085820506315835,4.341427644291796,-1.4343002255048765,0.891409957409534
70.0,19.0,241.5052490234375,-3.3431345227140543,1.1857333272924544,-4.946293548486271,-3.162814433056074,-2.636234763374345,-0.3377099036799619,-1.0447269594235735,4.240014107662766,-0.770043030032042,0.2004890288730328
70.0,19.0,235.4867248535156,-3.663187800405539,1.8936662298628155,-4.8548812955201415,-2.106330998904249,-2.5623344108713626,0.10359844587687,-0.9322891000568406,4.470357714105626,-0.7797319206748842,1.321562146778294
70.0,19.0,248.6092529296875,-4.181498613821471,1.3167288220174247,-4.932370090639838,-1.5508627029583433,-2.4389514870153213,0.7721998207649067,-0.9868338199319996,4.643066279849274,-1.4773726523723825,1.967194021681116
70.0,19.0,247.07603454589844,-3.8484952089298687,3.4513912389416235,-4.617186443733174,-2.521090350461374,-1.8713778341121723,1.2498812153161465,-1.0957715980405718,4.973802025574876,-1.0159817117248982,0.3644457857466741
70.0,19.0,240.9442138671875,-3.162099036053988,2.825602512727288,-4.874113647207022,-3.256700912942314,-3.391710086841501,0.2070060409358551,-1.0525860985786122,4.210328995330412,-0.3792166959716249,1.3141657339112316
70.0,19.0,183.935546875,-3.913771525355603,1.883732474468672,-4.886714999470344,-2.954367514536783,-3.0922184819962046,-0.1504535089936121,-1.047872721025193,4.307219360006983,-0.4441526956280124,0.7357575876555427
70.0,19.0,226.58270263671875,-4.222141843808912,1.8575777347846567,-4.881002707627385,-2.96295271614535,-2.8996346970942963,-0.3256585584745768,-1.046497288219013,4.845995081557039,-1.2686467210461996,0.7479613745798339
70.0,19.0,227.33953857421875,-2.5601471642088844,1.064198138581398,-4.938480618859369,-2.159313235029672,-2.595521693738833,0.0321286608186621,-1.0468294430146197,3.95708950461091,-1.2147075177950784,1.4170612470129944
70.0,19.0,220.0723419189453,-4.140703503933901,0.7109350541656747,-4.843185469747144,-4.317167245691126,-2.553809441834371,-1.3716584947015753,-1.009891723757792,4.755544430291508,-1.2390353455376146,1.0733197291858718
70.0,19.0,250.71620178222656,-3.667354411287104,1.6349589968524154,-4.790595600987114,-3.114979043148896,-4.251186559251924,0.1413707881175568,-1.080939867082256,4.656949357353644,-0.7717230769227664,1.2725491083810998
70.0,19.0,235.0413360595703,-4.078100854721334,2.5491786443361817,-4.611282399762106,-2.0003693448273934,-1.753926316235404,-0.2387577495153834,-1.0427333199735236,4.730749321100855,-0.6926183564551789,1.3227142147265725
70.0,19.0,246.600814819336,-3.2633609638993475,1.0920534002434166,-4.680732447072565,-2.19818539600572,-2.3198450062915352,0.8164792205816711,-1.0568318734919482,4.46079360636703,-0.3496306011163304,2.0943501787506253
70.0,19.0,255.84820556640625,-4.123393179197716,2.631542569107828,-4.816401704284974,-2.464597366963021,-3.867150670174658,1.3153034402300197,-1.2414602327848658,4.220697716227506,-1.3871733048222958,1.6827980025302984
70.0,19.0,204.9386444091797,-4.911051898261931,1.6652841645707634,-4.834673807374948,-1.6566290489086744,-2.035709204758102,1.267316568519958,-1.0494991764801582,4.732699544544123,-0.8388802162202884,0.7278623851785704
70.0,19.0,225.3151092529297,-4.032106689810343,1.9041287915144625,-4.898473657452491,-2.2652727051539587,-2.104638326264585,-0.9361549330173408,-1.0578640947259483,3.94747346284316,-0.6196845577123353,1.2451594551532703
70.0,19.0,236.4801025390625,-3.8152412982287696,3.28959313718032,-4.543100179169926,-3.881438867740898,-3.7609419687667263,-0.1954874214869627,-0.1785672993563549,4.334869733956919,-0.5408720800730462,1.3850445464116563
70.0,19.0,233.2389068603516,-4.041286412890218,0.9698206023297968,-4.825673171822232,-2.22395526371834,-2.226121181043837,1.3048298939969267,-0.9299285873169834,4.515451989973435,-1.194317433685284,1.2457844252484676
70.0,19.0,238.4111175537109,-3.79047793218404,1.7019890131388915,-4.900299878687286,-1.6358527396520983,-3.9778474526976666,0.9832182496859416,-0.4223498128601423,4.776644703090076,-0.8938550211279955,0.7391639453237007
70.0,19.0,229.862533569336,-3.405762084384892,0.6914097382305799,-4.788224505345845,-3.012533737487922,-2.746181820392548,-0.8375035769759003,-1.0044063714064029,3.9420753250566,-0.8543242536095635,0.7962795036421974
70.0,19.0,242.4745178222656,-3.3292002198048243,1.031355518605258,-4.716309763000723,-1.5727735197376715,-2.712487126397012,0.7608925654968379,-0.8582813596036044,4.650076973390648,-0.4988163400844314,1.6294617082026814
70.0,19.0,234.5803985595703,-3.1457474746250265,1.1138519548607442,-4.94322487820198,-1.6733371731008555,-2.5887209533735223,0.7619259169880531,-1.2150859208139808,4.708253645392563,-0.3265650397336059,2.226918945636021
70.0,19.0,239.0243377685547,-4.051409346506912,2.063886860580763,-4.843229970009615,-1.6962553641924465,-1.947556494525905,0.9460816389313382,-1.4409639156178415,4.254907946189098,-2.252831223023224,1.679280647292548
70.0,19.0,278.2581787109375,-3.726690362146835,2.473530496515732,-4.656152807073105,-2.6573102917592104,-3.538653792282472,-0.5689110433204125,-0.5286355503929229,4.355203816677972,-1.0759397095611556,1.0917282415298746
70.0,19.0,220.28042602539065,-3.929695366225484,1.712906943397469,-4.885886470786509,-2.9665827370645257,-2.1846864625847653,0.0873340968318023,-1.0302824479734634,4.687917373594785,-1.1377745367499963,1.0541599687265393
70.0,19.0,214.5237579345703,-3.937840222145909,1.2070550596292602,-4.915145383578925,-2.147646106746824,-1.9694024006098945,0.4349099823484428,-0.9693657380849914,4.338018272635996,-1.2148459693268836,0.6745713341967368
70.0,19.0,210.07614135742188,-3.873643362582087,2.5663670867024377,-4.8117804880449695,-3.487874701712036,-3.794704359254804,0.694065205331555,-1.041381913575775,4.709979241921714,-1.480233167850086,0.7035416314733378
70.0,19.0,220.69509887695312,-4.827787435327566,1.812180557005387,-4.872866935058768,-3.456941716013411,-3.123108385663816,-0.8106788713499544,-1.0625401322864128,4.240329060390388,-0.7446450381753249,1.0049975897405856
70.0,19.0,246.05618286132807,-4.084370969333784,1.820081037461161,-4.80181389240257,-1.813721198505614,-2.033951978941679,1.478212194697605,-1.043015593198454,4.815311048582164,-0.9278788123194068,0.3028541111692142
70.0,19.0,250.14044189453125,-4.732880314269973,1.978900000018016,-4.972663142728794,-2.583440586509448,-2.6952491491693413,1.856157110679381,-1.6821398496048556,4.335993864119636,-0.9070592012069562,0.3454453385654801
70.0,19.0,247.0576171875,-4.8915967770193545,0.6047760563087008,-4.90263713812239,-1.849608352934054,-2.2335747025370933,1.3301058294440715,-1.0437354482484082,4.773644351101448,-0.481062499246162,1.5206413687714744
70.0,19.0,234.5180511474609,-3.85764315442585,1.303156801021411,-4.877933105010854,-1.604613070614643,-2.3770104271265127,0.912271737376502,-1.0406162471787834,4.700385885119623,-0.4895305529791161,2.149879270145956
70.0,19.0,283.631591796875,-3.225380927521768,3.4666293751900668,-4.112774342531755,-1.361500949985814,-1.7405327150702152,0.9338255613814316,-1.407660705747368,3.4400563596132154,-2.39611987457382,1.7631124051771998
70.0,19.0,234.3972625732422,-2.748419548892349,2.030090319451644,-4.95220820948033,-2.197399920077745,-3.05447409751888,-0.838476723328136,-0.9801413122466116,4.342706354371666,-0.4015190468768519,0.4779721113533863
70.0,19.0,247.13375854492188,-3.7350078832128273,2.044605374699633,-4.849364463091629,-2.652932612722667,-2.033014562180055,-0.202105498902586,-0.566634293796503,4.128705285948106,-1.3210965843383964,1.313070598366137
70.0,19.0,236.18492126464844,-3.940622851959525,3.3462709097439696,-4.915153537863229,-3.4597917749795792,-3.060475655838123,-0.0555736434963965,-1.0489784766615031,3.4656277985059223,-1.1290849213218348,1.1704278967534592
70.0,19.0,237.1948089599609,-3.907051829201808,1.7812103470631349,-4.809945621058731,-1.848932424767838,-2.8111460449179964,1.0108135446517432,-1.0036608383678292,3.9624195882297975,-0.8014698315210327,0.3180518534232091
70.0,20.0,229.71327209472656,-3.738988821623439,2.0094887127548984,-4.163208995502808,-2.9567288777699683,-2.996391306072688,-0.1057788821753025,-0.9940695698308576,4.31690476594959,-0.9081059695997912,0.3483857639095369
70.0,20.0,240.32614135742188,-4.019045206191681,2.1214554516470976,-4.853069702075999,-1.3410467676912954,-2.47946141066086,0.9132557091235618,-1.104820782954972,4.636950624180708,-0.4716957705818636,2.271066739776576
70.0,20.0,243.576904296875,-4.902097768584221,1.980780023898118,-4.667792859354169,-1.626564740514915,-1.990463683581397,0.9169250183836885,-1.1282599957512156,4.766405291482026,-2.258107313538132,1.6370854079808286
70.0,20.0,234.06593322753903,-3.931357397644746,1.681506494909229,-4.909856024655136,-3.3124716250162325,-2.4525189652343844,-0.5937422203772469,-1.0809782668599164,4.329589292265744,-0.7832807149691685,1.782217701302535
70.0,20.0,234.67501831054688,-3.7987320056645593,0.9294139246838438,-4.6178718769710985,-2.1396723918848948,-2.3870662708725026,0.706923289935472,-1.0274339564131991,4.803745474718244,-1.933256728376872,1.5802778351100484
70.0,20.0,248.1121826171875,-3.0141953157600043,1.9074366307949813,-4.9155641873267735,-2.639745431380899,-3.692996100365284,0.25103012904481,-0.9048106957544072,3.5803573068193257,-0.5957117425894263,0.8840704864175206
70.0,20.0,262.30596923828125,-4.976845676507852,1.2538417760579348,-4.81973457823826,-2.05785904170266,-1.803483211625832,1.5156211747117063,-0.4846117902601768,4.626615047493005,-0.8277398323397391,1.10363375564648
70.0,20.0,229.1151733398437,-3.605446868850323,1.908111021173185,-4.7917172092944496,-2.3982062768891765,-3.032400256293074,0.2802452441068507,-1.1541545372662596,4.379125335555155,-0.5168270594152917,1.0952135744690787
70.0,20.0,228.10519409179688,-3.886398429396756,1.9610102812260377,-4.778980632068538,-3.072139350131982,-2.958162850040253,1.440352327148616,-1.066066474831211,4.4463136517032185,-0.5496059750451409,0.4710081785407833
70.0,20.0,263.6768798828125,-4.684834208062654,1.8540899568136224,-4.519634892861838,-1.7175887948362176,-2.0263767066147134,1.737131312258356,-1.0312730473544935,4.723815554508456,-1.8607119640795813,-0.1750876587918517
70.0,20.0,224.91180419921875,-3.8368496188845578,1.836419402842644,-4.823777818500541,-2.369111251225987,-2.608013775731809,1.5365684848206322,-1.0401686312157583,4.171087985595552,-1.0155472564768948,1.0104498862551865
70.0,20.0,232.0944061279297,-4.152013382432889,1.7849999741532534,-4.940802813293669,-2.486522625366716,-3.3271393781513665,0.7547541102780432,-0.6373568059715705,4.34078578639413,-0.4841233367935141,1.177089305943313
70.0,20.0,195.18731689453125,-3.2385980368204423,1.7285802312189276,-4.769632790165409,-2.8992951296389258,-2.989067015260295,1.235426606567029,-1.0938415675799396,4.735035877411996,-0.8179012791588454,0.9646891072118112
70.0,20.0,239.7970733642578,-4.423369552841215,2.0101281201378427,-4.894063796621284,-3.781524235478968,-2.5767092543900683,0.755686976240057,-1.085820506315835,4.341427644291796,-1.4343002255048765,0.891409957409534
70.0,20.0,241.5052490234375,-3.3431345227140543,1.1857333272924544,-4.946293548486271,-3.162814433056074,-2.636234763374345,-0.3377099036799619,-1.0447269594235735,4.240014107662766,-0.770043030032042,0.2004890288730328
70.0,20.0,235.4867248535156,-3.663187800405539,1.8936662298628155,-4.8548812955201415,-2.106330998904249,-2.5623344108713626,0.10359844587687,-0.9322891000568406,4.470357714105626,-0.7797319206748842,1.321562146778294
70.0,20.0,245.481185913086,-4.059992319059737,1.8110566498408447,-4.877551282322958,-3.24021143098043,-3.370319530806623,0.3413149005507838,-1.0053552345766017,4.538183207795947,-1.1590438613495366,0.3992039987534581
70.0,20.0,247.07603454589844,-3.8484952089298687,3.4513912389416235,-4.617186443733174,-2.521090350461374,-1.8713778341121723,1.2498812153161465,-1.0957715980405718,4.973802025574876,-1.0159817117248982,0.3644457857466741
70.0,20.0,240.9442138671875,-3.162099036053988,2.825602512727288,-4.874113647207022,-3.256700912942314,-3.391710086841501,0.2070060409358551,-1.0525860985786122,4.210328995330412,-0.3792166959716249,1.3141657339112316
70.0,20.0,183.935546875,-3.913771525355603,1.883732474468672,-4.886714999470344,-2.954367514536783,-3.0922184819962046,-0.1504535089936121,-1.047872721025193,4.307219360006983,-0.4441526956280124,0.7357575876555427
70.0,20.0,226.58270263671875,-4.222141843808912,1.8575777347846567,-4.881002707627385,-2.96295271614535,-2.8996346970942963,-0.3256585584745768,-1.046497288219013,4.845995081557039,-1.2686467210461996,0.7479613745798339
70.0,20.0,224.72787475585932,-1.966686277417396,1.3969434156865936,-4.937580979150401,-3.8398916585574754,-2.472329818074397,-0.2704498227330827,-1.0418558836949154,4.262960310526532,-1.44236538524683,0.409507838783965
70.0,20.0,220.0723419189453,-4.140703503933901,0.7109350541656747,-4.843185469747144,-4.317167245691126,-2.553809441834371,-1.3716584947015753,-1.009891723757792,4.755544430291508,-1.2390353455376146,1.0733197291858718
70.0,20.0,250.71620178222656,-3.667354411287104,1.6349589968524154,-4.790595600987114,-3.114979043148896,-4.251186559251924,0.1413707881175568,-1.080939867082256,4.656949357353644,-0.7717230769227664,1.2725491083810998
70.0,20.0,235.0413360595703,-4.078100854721334,2.5491786443361817,-4.611282399762106,-2.0003693448273934,-1.753926316235404,-0.2387577495153834,-1.0427333199735236,4.730749321100855,-0.6926183564551789,1.3227142147265725
70.0,20.0,246.600814819336,-3.2633609638993475,1.0920534002434166,-4.680732447072565,-2.19818539600572,-2.3198450062915352,0.8164792205816711,-1.0568318734919482,4.46079360636703,-0.3496306011163304,2.0943501787506253
70.0,20.0,255.84820556640625,-4.123393179197716,2.631542569107828,-4.816401704284974,-2.464597366963021,-3.867150670174658,1.3153034402300197,-1.2414602327848658,4.220697716227506,-1.3871733048222958,1.6827980025302984
70.0,20.0,204.9386444091797,-4.911051898261931,1.6652841645707634,-4.834673807374948,-1.6566290489086744,-2.035709204758102,1.267316568519958,-1.0494991764801582,4.732699544544123,-0.8388802162202884,0.7278623851785704
70.0,20.0,225.3151092529297,-4.032106689810343,1.9041287915144625,-4.898473657452491,-2.2652727051539587,-2.104638326264585,-0.9361549330173408,-1.0578640947259483,3.94747346284316,-0.6196845577123353,1.2451594551532703
70.0,20.0,236.4801025390625,-3.8152412982287696,3.28959313718032,-4.543100179169926,-3.881438867740898,-3.7609419687667263,-0.1954874214869627,-0.1785672993563549,4.334869733956919,-0.5408720800730462,1.3850445464116563
70.0,20.0,233.2389068603516,-4.041286412890218,0.9698206023297968,-4.825673171822232,-2.22395526371834,-2.226121181043837,1.3048298939969267,-0.9299285873169834,4.515451989973435,-1.194317433685284,1.2457844252484676
70.0,20.0,238.4111175537109,-3.79047793218404,1.7019890131388915,-4.900299878687286,-1.6358527396520983,-3.9778474526976666,0.9832182496859416,-0.4223498128601423,4.776644703090076,-0.8938550211279955,0.7391639453237007
70.0,20.0,229.862533569336,-3.405762084384892,0.6914097382305799,-4.788224505345845,-3.012533737487922,-2.746181820392548,-0.8375035769759003,-1.0044063714064029,3.9420753250566,-0.8543242536095635,0.7962795036421974
70.0,20.0,242.4745178222656,-3.3292002198048243,1.031355518605258,-4.716309763000723,-1.5727735197376715,-2.712487126397012,0.7608925654968379,-0.8582813596036044,4.650076973390648,-0.4988163400844314,1.6294617082026814
70.0,20.0,234.5803985595703,-3.1457474746250265,1.1138519548607442,-4.94322487820198,-1.6733371731008555,-2.5887209533735223,0.7619259169880531,-1.2150859208139808,4.708253645392563,-0.3265650397336059,2.226918945636021
70.0,20.0,239.0243377685547,-4.051409346506912,2.063886860580763,-4.843229970009615,-1.6962553641924465,-1.947556494525905,0.9460816389313382,-1.4409639156178415,4.254907946189098,-2.252831223023224,1.679280647292548
70.0,20.0,278.2581787109375,-3.726690362146835,2.473530496515732,-4.656152807073105,-2.6573102917592104,-3.538653792282472,-0.5689110433204125,-0.5286355503929229,4.355203816677972,-1.0759397095611556,1.0917282415298746
70.0,20.0,220.28042602539065,-3.929695366225484,1.712906943397469,-4.885886470786509,-2.9665827370645257,-2.1846864625847653,0.0873340968318023,-1.0302824479734634,4.687917373594785,-1.1377745367499963,1.0541599687265393
70.0,20.0,214.5237579345703,-3.937840222145909,1.2070550596292602,-4.915145383578925,-2.147646106746824,-1.9694024006098945,0.4349099823484428,-0.9693657380849914,4.338018272635996,-1.2148459693268836,0.6745713341967368
70.0,20.0,210.07614135742188,-3.873643362582087,2.5663670867024377,-4.8117804880449695,-3.487874701712036,-3.794704359254804,0.694065205331555,-1.041381913575775,4.709979241921714,-1.480233167850086,0.7035416314733378
70.0,20.0,220.69509887695312,-4.827787435327566,1.812180557005387,-4.872866935058768,-3.456941716013411,-3.123108385663816,-0.8106788713499544,-1.0625401322864128,4.240329060390388,-0.7446450381753249,1.0049975897405856
70.0,20.0,246.05618286132807,-4.084370969333784,1.820081037461161,-4.80181389240257,-1.813721198505614,-2.033951978941679,1.478212194697605,-1.043015593198454,4.815311048582164,-0.9278788123194068,0.3028541111692142
70.0,20.0,243.79444885253903,-4.878833953743909,1.85772782075119,-4.930591039653331,-3.2397108686507066,-3.308142063019192,0.899312145999083,-0.9919165596109456,4.455432875663206,-0.4581277199718975,0.297298437087901
70.0,20.0,247.0576171875,-4.8915967770193545,0.6047760563087008,-4.90263713812239,-1.849608352934054,-2.2335747025370933,1.3301058294440715,-1.0437354482484082,4.773644351101448,-0.481062499246162,1.5206413687714744
70.0,20.0,234.5180511474609,-3.85764315442585,1.303156801021411,-4.877933105010854,-1.604613070614643,-2.3770104271265127,0.912271737376502,-1.0406162471787834,4.700385885119623,-0.4895305529791161,2.149879270145956
70.0,20.0,283.631591796875,-3.225380927521768,3.4666293751900668,-4.112774342531755,-1.361500949985814,-1.7405327150702152,0.9338255613814316,-1.407660705747368,3.4400563596132154,-2.39611987457382,1.7631124051771998
70.0,20.0,234.3972625732422,-2.748419548892349,2.030090319451644,-4.95220820948033,-2.197399920077745,-3.05447409751888,-0.838476723328136,-0.9801413122466116,4.342706354371666,-0.4015190468768519,0.4779721113533863
70.0,20.0,247.13375854492188,-3.7350078832128273,2.044605374699633,-4.849364463091629,-2.652932612722667,-2.033014562180055,-0.202105498902586,-0.566634293796503,4.128705285948106,-1.3210965843383964,1.313070598366137
70.0,20.0,234.0847625732422,-3.955051594698946,1.4396356689375338,-4.901295648704846,-3.1157919695650125,-3.0930486906297885,-0.1192025676994423,-1.029892564720672,3.5104409558744725,-1.3367655681913757,0.7634907182916877
70.0,20.0,237.1948089599609,-3.907051829201808,1.7812103470631349,-4.809945621058731,-1.848932424767838,-2.8111460449179964,1.0108135446517432,-1.0036608383678292,3.9624195882297975,-0.8014698315210327,0.3180518534232091
70.0,21.0,229.71327209472656,-3.738988821623439,2.0094887127548984,-4.163208995502808,-2.9567288777699683,-2.996391306072688,-0.1057788821753025,-0.9940695698308576,4.31690476594959,-0.9081059695997912,0.3483857639095369
70.0,21.0,240.32614135742188,-4.019045206191681,2.1214554516470976,-4.853069702075999,-1.3410467676912954,-2.47946141066086,0.9132557091235618,-1.104820782954972,4.636950624180708,-0.4716957705818636,2.271066739776576
70.0,21.0,243.576904296875,-4.902097768584221,1.980780023898118,-4.667792859354169,-1.626564740514915,-1.990463683581397,0.9169250183836885,-1.1282599957512156,4.766405291482026,-2.258107313538132,1.6370854079808286
70.0,21.0,223.37957763671875,-3.8112750214117983,2.073044755931067,-4.922055562337745,-3.040374558482206,-2.6729100574425178,-0.127935043248299,-0.962165193409142,4.273951433020488,-0.4727178633689233,2.251240439964985
70.0,21.0,228.83038330078125,-4.06449685240087,1.7513259382752169,-4.965020526032679,-3.112170593336065,-3.221111966982664,0.1337134209370537,-1.0345488130987723,4.681307070955338,-0.3240682040769878,0.9819550839398618
70.0,21.0,248.1121826171875,-3.0141953157600043,1.9074366307949813,-4.9155641873267735,-2.639745431380899,-3.692996100365284,0.25103012904481,-0.9048106957544072,3.5803573068193257,-0.5957117425894263,0.8840704864175206
70.0,21.0,262.30596923828125,-4.976845676507852,1.2538417760579348,-4.81973457823826,-2.05785904170266,-1.803483211625832,1.5156211747117063,-0.4846117902601768,4.626615047493005,-0.8277398323397391,1.10363375564648
70.0,21.0,229.1151733398437,-3.605446868850323,1.908111021173185,-4.7917172092944496,-2.3982062768891765,-3.032400256293074,0.2802452441068507,-1.1541545372662596,4.379125335555155,-0.5168270594152917,1.0952135744690787
70.0,21.0,228.10519409179688,-3.886398429396756,1.9610102812260377,-4.778980632068538,-3.072139350131982,-2.958162850040253,1.440352327148616,-1.066066474831211,4.4463136517032185,-0.5496059750451409,0.4710081785407833
70.0,21.0,263.6768798828125,-4.684834208062654,1.8540899568136224,-4.519634892861838,-1.7175887948362176,-2.0263767066147134,1.737131312258356,-1.0312730473544935,4.723815554508456,-1.8607119640795813,-0.1750876587918517
70.0,21.0,224.91180419921875,-3.8368496188845578,1.836419402842644,-4.823777818500541,-2.369111251225987,-2.608013775731809,1.5365684848206322,-1.0401686312157583,4.171087985595552,-1.0155472564768948,1.0104498862551865
70.0,21.0,232.0944061279297,-4.152013382432889,1.7849999741532534,-4.940802813293669,-2.486522625366716,-3.3271393781513665,0.7547541102780432,-0.6373568059715705,4.34078578639413,-0.4841233367935141,1.177089305943313
70.0,21.0,195.18731689453125,-3.2385980368204423,1.7285802312189276,-4.769632790165409,-2.8992951296389258,-2.989067015260295,1.235426606567029,-1.0938415675799396,4.735035877411996,-0.8179012791588454,0.9646891072118112
70.0,21.0,239.7970733642578,-4.423369552841215,2.0101281201378427,-4.894063796621284,-3.781524235478968,-2.5767092543900683,0.755686976240057,-1.085820506315835,4.341427644291796,-1.4343002255048765,0.891409957409534
70.0,21.0,241.5052490234375,-3.3431345227140543,1.1857333272924544,-4.946293548486271,-3.162814433056074,-2.636234763374345,-0.3377099036799619,-1.0447269594235735,4.240014107662766,-0.770043030032042,0.2004890288730328
70.0,21.0,235.4867248535156,-3.663187800405539,1.8936662298628155,-4.8548812955201415,-2.106330998904249,-2.5623344108713626,0.10359844587687,-0.9322891000568406,4.470357714105626,-0.7797319206748842,1.321562146778294
70.0,21.0,216.2969970703125,-3.909782968498907,1.8073803823743413,-4.828459572826907,-3.2740003412565835,-3.781110350263172,0.5942568673516431,-1.023705212864746,4.321081878600197,-0.4407709153316125,0.399370588190077
70.0,21.0,247.07603454589844,-3.8484952089298687,3.4513912389416235,-4.617186443733174,-2.521090350461374,-1.8713778341121723,1.2498812153161465,-1.0957715980405718,4.973802025574876,-1.0159817117248982,0.3644457857466741
70.0,21.0,223.95584106445312,-2.1247223264112884,1.941360035958473,-4.874618689126779,-2.52730129666612,-3.0572786168028667,0.3455911890732629,-1.05278208055501,4.117580741123479,-0.6727257432077295,0.8917125693805705
70.0,21.0,183.935546875,-3.913771525355603,1.883732474468672,-4.886714999470344,-2.954367514536783,-3.0922184819962046,-0.1504535089936121,-1.047872721025193,4.307219360006983,-0.4441526956280124,0.7357575876555427
70.0,21.0,212.31529235839844,-4.056673150039788,1.8764629092284133,-4.902413054881197,-2.958529419639202,-2.0993885776412142,0.3584941822182501,-1.0486017896307072,4.376371282659051,-1.4851148226650273,0.885244011812246
70.0,21.0,224.72787475585932,-1.966686277417396,1.3969434156865936,-4.937580979150401,-3.8398916585574754,-2.472329818074397,-0.2704498227330827,-1.0418558836949154,4.262960310526532,-1.44236538524683,0.409507838783965
70.0,21.0,220.0723419189453,-4.140703503933901,0.7109350541656747,-4.843185469747144,-4.317167245691126,-2.553809441834371,-1.3716584947015753,-1.009891723757792,4.755544430291508,-1.2390353455376146,1.0733197291858718
70.0,21.0,250.71620178222656,-3.667354411287104,1.6349589968524154,-4.790595600987114,-3.114979043148896,-4.251186559251924,0.1413707881175568,-1.080939867082256,4.656949357353644,-0.7717230769227664,1.2725491083810998
70.0,21.0,235.0413360595703,-4.078100854721334,2.5491786443361817,-4.611282399762106,-2.0003693448273934,-1.753926316235404,-0.2387577495153834,-1.0427333199735236,4.730749321100855,-0.6926183564551789,1.3227142147265725
70.0,21.0,246.600814819336,-3.2633609638993475,1.0920534002434166,-4.680732447072565,-2.19818539600572,-2.3198450062915352,0.8164792205816711,-1.0568318734919482,4.46079360636703,-0.3496306011163304,2.0943501787506253
70.0,21.0,255.84820556640625,-4.123393179197716,2.631542569107828,-4.816401704284974,-2.464597366963021,-3.867150670174658,1.3153034402300197,-1.2414602327848658,4.220697716227506,-1.3871733048222958,1.6827980025302984
70.0,21.0,204.9386444091797,-4.911051898261931,1.6652841645707634,-4.834673807374948,-1.6566290489086744,-2.035709204758102,1.267316568519958,-1.0494991764801582,4.732699544544123,-0.8388802162202884,0.7278623851785704
70.0,21.0,225.3151092529297,-4.032106689810343,1.9041287915144625,-4.898473657452491,-2.2652727051539587,-2.104638326264585,-0.9361549330173408,-1.0578640947259483,3.94747346284316,-0.6196845577123353,1.2451594551532703
70.0,21.0,233.0394287109375,-3.991251196627658,1.6833724461985555,-4.502201380268979,-3.099733150328023,-3.552709571779138,-0.198154167524734,-0.46234374685322,4.3610099559421,-0.5317664069196345,1.976124786972533
70.0,21.0,233.2389068603516,-4.041286412890218,0.9698206023297968,-4.825673171822232,-2.22395526371834,-2.226121181043837,1.3048298939969267,-0.9299285873169834,4.515451989973435,-1.194317433685284,1.2457844252484676
70.0,21.0,238.4111175537109,-3.79047793218404,1.7019890131388915,-4.900299878687286,-1.6358527396520983,-3.9778474526976666,0.9832182496859416,-0.4223498128601423,4.776644703090076,-0.8938550211279955,0.7391639453237007
70.0,21.0,229.862533569336,-3.405762084384892,0.6914097382305799,-4.788224505345845,-3.012533737487922,-2.746181820392548,-0.8375035769759003,-1.0044063714064029,3.9420753250566,-0.8543242536095635,0.7962795036421974
70.0,21.0,242.4745178222656,-3.3292002198048243,1.031355518605258,-4.716309763000723,-1.5727735197376715,-2.712487126397012,0.7608925654968379,-0.8582813596036044,4.650076973390648,-0.4988163400844314,1.6294617082026814
70.0,21.0,234.5803985595703,-3.1457474746250265,1.1138519548607442,-4.94322487820198,-1.6733371731008555,-2.5887209533735223,0.7619259169880531,-1.2150859208139808,4.708253645392563,-0.3265650397336059,2.226918945636021
70.0,21.0,239.0243377685547,-4.051409346506912,2.063886860580763,-4.843229970009615,-1.6962553641924465,-1.947556494525905,0.9460816389313382,-1.4409639156178415,4.254907946189098,-2.252831223023224,1.679280647292548
70.0,21.0,278.2581787109375,-3.726690362146835,2.473530496515732,-4.656152807073105,-2.6573102917592104,-3.538653792282472,-0.5689110433204125,-0.5286355503929229,4.355203816677972,-1.0759397095611556,1.0917282415298746
70.0,21.0,220.28042602539065,-3.929695366225484,1.712906943397469,-4.885886470786509,-2.9665827370645257,-2.1846864625847653,0.0873340968318023,-1.0302824479734634,4.687917373594785,-1.1377745367499963,1.0541599687265393
70.0,21.0,214.5237579345703,-3.937840222145909,1.2070550596292602,-4.915145383578925,-2.147646106746824,-1.9694024006098945,0.4349099823484428,-0.9693657380849914,4.338018272635996,-1.2148459693268836,0.6745713341967368
70.0,21.0,210.07614135742188,-3.873643362582087,2.5663670867024377,-4.8117804880449695,-3.487874701712036,-3.794704359254804,0.694065205331555,-1.041381913575775,4.709979241921714,-1.480233167850086,0.7035416314733378
70.0,21.0,220.69509887695312,-4.827787435327566,1.812180557005387,-4.872866935058768,-3.456941716013411,-3.123108385663816,-0.8106788713499544,-1.0625401322864128,4.240329060390388,-0.7446450381753249,1.0049975897405856
70.0,21.0,246.05618286132807,-4.084370969333784,1.820081037461161,-4.80181389240257,-1.813721198505614,-2.033951978941679,1.478212194697605,-1.043015593198454,4.815311048582164,-0.9278788123194068,0.3028541111692142
70.0,21.0,213.2417907714844,-4.9452475253988375,1.8301433048822449,-4.86261014829705,-3.087254753961492,-3.319146893460252,0.9726903715144908,-1.0263680728533813,4.380600098605254,-0.7581904002687401,1.0350977872992335
70.0,21.0,247.0576171875,-4.8915967770193545,0.6047760563087008,-4.90263713812239,-1.849608352934054,-2.2335747025370933,1.3301058294440715,-1.0437354482484082,4.773644351101448,-0.481062499246162,1.5206413687714744
70.0,21.0,234.5180511474609,-3.85764315442585,1.303156801021411,-4.877933105010854,-1.604613070614643,-2.3770104271265127,0.912271737376502,-1.0406162471787834,4.700385885119623,-0.4895305529791161,2.149879270145956
70.0,21.0,283.631591796875,-3.225380927521768,3.4666293751900668,-4.112774342531755,-1.361500949985814,-1.7405327150702152,0.9338255613814316,-1.407660705747368,3.4400563596132154,-2.39611987457382,1.7631124051771998
70.0,21.0,234.3972625732422,-2.748419548892349,2.030090319451644,-4.95220820948033,-2.197399920077745,-3.05447409751888,-0.838476723328136,-0.9801413122466116,4.342706354371666,-0.4015190468768519,0.4779721113533863
70.0,21.0,247.13375854492188,-3.7350078832128273,2.044605374699633,-4.849364463091629,-2.652932612722667,-2.033014562180055,-0.202105498902586,-0.566634293796503,4.128705285948106,-1.3210965843383964,1.313070598366137
70.0,21.0,234.0847625732422,-3.955051594698946,1.4396356689375338,-4.901295648704846,-3.1157919695650125,-3.0930486906297885,-0.1192025676994423,-1.029892564720672,3.5104409558744725,-1.3367655681913757,0.7634907182916877
70.0,21.0,236.474853515625,-3.9280695175153126,1.842155676481681,-4.843049552409647,-2.357081391239128,-3.865536248513037,1.5970399552516854,-1.0396541186168349,4.8140759327572535,-1.037683837283002,0.4813858020769375
70.0,22.0,229.71327209472656,-3.738988821623439,2.0094887127548984,-4.163208995502808,-2.9567288777699683,-2.996391306072688,-0.1057788821753025,-0.9940695698308576,4.31690476594959,-0.9081059695997912,0.3483857639095369
70.0,22.0,240.32614135742188,-4.019045206191681,2.1214554516470976,-4.853069702075999,-1.3410467676912954,-2.47946141066086,0.9132557091235618,-1.104820782954972,4.636950624180708,-0.4716957705818636,2.271066739776576
70.0,22.0,243.576904296875,-4.902097768584221,1.980780023898118,-4.667792859354169,-1.626564740514915,-1.990463683581397,0.9169250183836885,-1.1282599957512156,4.766405291482026,-2.258107313538132,1.6370854079808286
70.0,22.0,223.37957763671875,-3.8112750214117983,2.073044755931067,-4.922055562337745,-3.040374558482206,-2.6729100574425178,-0.127935043248299,-0.962165193409142,4.273951433020488,-0.4727178633689233,2.251240439964985
70.0,22.0,228.83038330078125,-4.06449685240087,1.7513259382752169,-4.965020526032679,-3.112170593336065,-3.221111966982664,0.1337134209370537,-1.0345488130987723,4.681307070955338,-0.3240682040769878,0.9819550839398618
70.0,22.0,242.17221069335932,-2.716348950882911,1.7313038770143048,-4.909546806883488,-2.113127108670525,-3.566884384739108,0.0266843126743069,-0.9952758532276018,3.879929676943045,-0.5172826571403382,0.6991384552173862
70.0,22.0,262.30596923828125,-4.976845676507852,1.2538417760579348,-4.81973457823826,-2.05785904170266,-1.803483211625832,1.5156211747117063,-0.4846117902601768,4.626615047493005,-0.8277398323397391,1.10363375564648
70.0,22.0,229.1151733398437,-3.605446868850323,1.908111021173185,-4.7917172092944496,-2.3982062768891765,-3.032400256293074,0.2802452441068507,-1.1541545372662596,4.379125335555155,-0.5168270594152917,1.0952135744690787
70.0,22.0,228.10519409179688,-3.886398429396756,1.9610102812260377,-4.778980632068538,-3.072139350131982,-2.958162850040253,1.440352327148616,-1.066066474831211,4.4463136517032185,-0.5496059750451409,0.4710081785407833
70.0,22.0,263.6768798828125,-4.684834208062654,1.8540899568136224,-4.519634892861838,-1.7175887948362176,-2.0263767066147134,1.737131312258356,-1.0312730473544935,4.723815554508456,-1.8607119640795813,-0.1750876587918517
70.0,22.0,224.91180419921875,-3.8368496188845578,1.836419402842644,-4.823777818500541,-2.369111251225987,-2.608013775731809,1.5365684848206322,-1.0401686312157583,4.171087985595552,-1.0155472564768948,1.0104498862551865
70.0,22.0,232.0944061279297,-4.152013382432889,1.7849999741532534,-4.940802813293669,-2.486522625366716,-3.3271393781513665,0.7547541102780432,-0.6373568059715705,4.34078578639413,-0.4841233367935141,1.177089305943313
70.0,22.0,195.18731689453125,-3.2385980368204423,1.7285802312189276,-4.769632790165409,-2.8992951296389258,-2.989067015260295,1.235426606567029,-1.0938415675799396,4.735035877411996,-0.8179012791588454,0.9646891072118112
70.0,22.0,239.7970733642578,-4.423369552841215,2.0101281201378427,-4.894063796621284,-3.781524235478968,-2.5767092543900683,0.755686976240057,-1.085820506315835,4.341427644291796,-1.4343002255048765,0.891409957409534
70.0,22.0,241.5052490234375,-3.3431345227140543,1.1857333272924544,-4.946293548486271,-3.162814433056074,-2.636234763374345,-0.3377099036799619,-1.0447269594235735,4.240014107662766,-0.770043030032042,0.2004890288730328
70.0,22.0,224.107177734375,-4.047954490368231,1.8725144102480875,-4.843280723646678,-3.113831465612137,-2.262853007809188,0.2782626465675264,-0.6929267717796826,4.370651283130227,-1.1679958052458843,1.4801681380941265
70.0,22.0,216.2969970703125,-3.909782968498907,1.8073803823743413,-4.828459572826907,-3.2740003412565835,-3.781110350263172,0.5942568673516431,-1.023705212864746,4.321081878600197,-0.4407709153316125,0.399370588190077
70.0,22.0,247.07603454589844,-3.8484952089298687,3.4513912389416235,-4.617186443733174,-2.521090350461374,-1.8713778341121723,1.2498812153161465,-1.0957715980405718,4.973802025574876,-1.0159817117248982,0.3644457857466741
70.0,22.0,223.95584106445312,-2.1247223264112884,1.941360035958473,-4.874618689126779,-2.52730129666612,-3.0572786168028667,0.3455911890732629,-1.05278208055501,4.117580741123479,-0.6727257432077295,0.8917125693805705
70.0,22.0,182.0497436523437,-3.913771525355603,1.883732474468672,-4.886714999470344,-3.005890070009017,-3.0922184819962046,-0.1504535089936121,-1.047872721025193,4.307219360006983,-0.4441526956280124,0.7357575876555427
70.0,22.0,212.31529235839844,-4.056673150039788,1.8764629092284133,-4.902413054881197,-2.958529419639202,-2.0993885776412142,0.3584941822182501,-1.0486017896307072,4.376371282659051,-1.4851148226650273,0.885244011812246
70.0,22.0,224.72787475585932,-1.966686277417396,1.3969434156865936,-4.937580979150401,-3.8398916585574754,-2.472329818074397,-0.2704498227330827,-1.0418558836949154,4.262960310526532,-1.44236538524683,0.409507838783965
70.0,22.0,220.0723419189453,-4.140703503933901,0.7109350541656747,-4.843185469747144,-4.317167245691126,-2.553809441834371,-1.3716584947015753,-1.009891723757792,4.755544430291508,-1.2390353455376146,1.0733197291858718
70.0,22.0,250.71620178222656,-3.667354411287104,1.6349589968524154,-4.790595600987114,-3.114979043148896,-4.251186559251924,0.1413707881175568,-1.080939867082256,4.656949357353644,-0.7717230769227664,1.2725491083810998
70.0,22.0,235.0413360595703,-4.078100854721334,2.5491786443361817,-4.611282399762106,-2.0003693448273934,-1.753926316235404,-0.2387577495153834,-1.0427333199735236,4.730749321100855,-0.6926183564551789,1.3227142147265725
70.0,22.0,246.600814819336,-3.2633609638993475,1.0920534002434166,-4.680732447072565,-2.19818539600572,-2.3198450062915352,0.8164792205816711,-1.0568318734919482,4.46079360636703,-0.3496306011163304,2.0943501787506253
70.0,22.0,237.46383666992188,-4.159133482692056,1.8138122683611364,-4.906443738318881,-3.825102736897176,-3.025261994448442,0.6986142387772812,-1.128081334945314,4.201512673228207,-1.8523536893300423,1.6020079102887126
70.0,22.0,204.9386444091797,-4.911051898261931,1.6652841645707634,-4.834673807374948,-1.6566290489086744,-2.035709204758102,1.267316568519958,-1.0494991764801582,4.732699544544123,-0.8388802162202884,0.7278623851785704
70.0,22.0,225.3151092529297,-4.032106689810343,1.9041287915144625,-4.898473657452491,-2.2652727051539587,-2.104638326264585,-0.9361549330173408,-1.0578640947259483,3.94747346284316,-0.6196845577123353,1.2451594551532703
70.0,22.0,233.0394287109375,-3.991251196627658,1.6833724461985555,-4.502201380268979,-3.099733150328023,-3.552709571779138,-0.198154167524734,-0.46234374685322,4.3610099559421,-0.5317664069196345,1.976124786972533
70.0,22.0,233.2389068603516,-4.041286412890218,0.9698206023297968,-4.825673171822232,-2.22395526371834,-2.226121181043837,1.3048298939969267,-0.9299285873169834,4.515451989973435,-1.194317433685284,1.2457844252484676
70.0,22.0,238.4111175537109,-3.79047793218404,1.7019890131388915,-4.900299878687286,-1.6358527396520983,-3.9778474526976666,0.9832182496859416,-0.4223498128601423,4.776644703090076,-0.8938550211279955,0.7391639453237007
70.0,22.0,229.862533569336,-3.405762084384892,0.6914097382305799,-4.788224505345845,-3.012533737487922,-2.746181820392548,-0.8375035769759003,-1.0044063714064029,3.9420753250566,-0.8543242536095635,0.7962795036421974
70.0,22.0,242.4745178222656,-3.3292002198048243,1.031355518605258,-4.716309763000723,-1.5727735197376715,-2.712487126397012,0.7608925654968379,-0.8582813596036044,4.650076973390648,-0.4988163400844314,1.6294617082026814
70.0,22.0,234.5803985595703,-3.1457474746250265,1.1138519548607442,-4.94322487820198,-1.6733371731008555,-2.5887209533735223,0.7619259169880531,-1.2150859208139808,4.708253645392563,-0.3265650397336059,2.226918945636021
70.0,22.0,239.0243377685547,-4.051409346506912,2.063886860580763,-4.843229970009615,-1.6962553641924465,-1.947556494525905,0.9460816389313382,-1.4409639156178415,4.254907946189098,-2.252831223023224,1.679280647292548
70.0,22.0,278.2581787109375,-3.726690362146835,2.473530496515732,-4.656152807073105,-2.6573102917592104,-3.538653792282472,-0.5689110433204125,-0.5286355503929229,4.355203816677972,-1.0759397095611556,1.0917282415298746
70.0,22.0,220.28042602539065,-3.929695366225484,1.712906943397469,-4.885886470786509,-2.9665827370645257,-2.1846864625847653,0.0873340968318023,-1.0302824479734634,4.687917373594785,-1.1377745367499963,1.0541599687265393
70.0,22.0,214.5237579345703,-3.937840222145909,1.2070550596292602,-4.915145383578925,-2.147646106746824,-1.9694024006098945,0.4349099823484428,-0.9693657380849914,4.338018272635996,-1.2148459693268836,0.6745713341967368
70.0,22.0,210.07614135742188,-3.873643362582087,2.5663670867024377,-4.8117804880449695,-3.487874701712036,-3.794704359254804,0.694065205331555,-1.041381913575775,4.709979241921714,-1.480233167850086,0.7035416314733378
70.0,22.0,220.69509887695312,-4.827787435327566,1.812180557005387,-4.872866935058768,-3.456941716013411,-3.123108385663816,-0.8106788713499544,-1.0625401322864128,4.240329060390388,-0.7446450381753249,1.0049975897405856
70.0,22.0,212.59169006347656,-4.051129594651362,2.0599724719179884,-4.836438775255091,-3.194537426966957,-2.595461269287239,-0.3192579693180122,-1.0435841902301948,4.767130651431444,-0.7380622227459888,0.7639957700228598
70.0,22.0,213.2417907714844,-4.9452475253988375,1.8301433048822449,-4.86261014829705,-3.087254753961492,-3.319146893460252,0.9726903715144908,-1.0263680728533813,4.380600098605254,-0.7581904002687401,1.0350977872992335
70.0,22.0,247.0576171875,-4.8915967770193545,0.6047760563087008,-4.90263713812239,-1.849608352934054,-2.2335747025370933,1.3301058294440715,-1.0437354482484082,4.773644351101448,-0.481062499246162,1.5206413687714744
70.0,22.0,234.5180511474609,-3.85764315442585,1.303156801021411,-4.877933105010854,-1.604613070614643,-2.3770104271265127,0.912271737376502,-1.0406162471787834,4.700385885119623,-0.4895305529791161,2.149879270145956
70.0,22.0,283.631591796875,-3.225380927521768,3.4666293751900668,-4.112774342531755,-1.361500949985814,-1.7405327150702152,0.9338255613814316,-1.407660705747368,3.4400563596132154,-2.39611987457382,1.7631124051771998
70.0,22.0,234.3972625732422,-2.748419548892349,2.030090319451644,-4.95220820948033,-2.197399920077745,-3.05447409751888,-0.838476723328136,-0.9801413122466116,4.342706354371666,-0.4015190468768519,0.4779721113533863
70.0,22.0,228.74180603027344,-3.7095929869609967,2.025000870383205,-4.881649710817571,-2.949252846957835,-2.381784432366401,-0.7050791124430282,-1.0833149754971876,3.978797878858999,-0.5547395552650882,0.9906667599595118
70.0,22.0,234.0847625732422,-3.955051594698946,1.4396356689375338,-4.901295648704846,-3.1157919695650125,-3.0930486906297885,-0.1192025676994423,-1.029892564720672,3.5104409558744725,-1.3367655681913757,0.7634907182916877
70.0,22.0,236.474853515625,-3.9280695175153126,1.842155676481681,-4.843049552409647,-2.357081391239128,-3.865536248513037,1.5970399552516854,-1.0396541186168349,4.8140759327572535,-1.037683837283002,0.4813858020769375
70.0,23.0,216.8920440673828,-3.766651325775356,1.7254647394251728,-4.99119475521861,-3.007659502164301,-3.237474706211408,-0.1172850527358075,-1.0659633443545395,4.308494677611486,-0.3994150930632719,0.7266153616110951
70.0,23.0,237.95999145507807,-4.009242506971795,2.52798780963957,-4.938024732732525,-1.1124748843542402,-3.134158380207849,0.371061233004219,-1.097895435006723,4.426570403310033,-0.4984334268237717,0.4440106688707828
70.0,23.0,243.576904296875,-4.902097768584221,1.980780023898118,-4.667792859354169,-1.626564740514915,-1.990463683581397,0.9169250183836885,-1.1282599957512156,4.766405291482026,-2.258107313538132,1.6370854079808286
70.0,23.0,218.14649963378903,-3.8872826646818286,2.008105623580992,-4.928965079761185,-3.015117865940016,-2.820330731385756,-0.1230607938914065,-0.9592348027860356,4.3178542724691855,-0.4672058910018113,1.4011724886201566
70.0,23.0,228.83038330078125,-4.06449685240087,1.7513259382752169,-4.965020526032679,-3.112170593336065,-3.221111966982664,0.1337134209370537,-1.0345488130987723,4.681307070955338,-0.3240682040769878,0.9819550839398618
70.0,23.0,241.6280212402344,-3.511468159989207,2.053481096008746,-4.879415501495516,-2.3767770415198983,-2.983013992457356,-0.0474676524029443,-1.0529836940619357,4.398785327653751,-0.4279492520564218,0.6726978113112292
70.0,23.0,262.30596923828125,-4.976845676507852,1.2538417760579348,-4.81973457823826,-2.05785904170266,-1.803483211625832,1.5156211747117063,-0.4846117902601768,4.626615047493005,-0.8277398323397391,1.10363375564648
70.0,23.0,229.1151733398437,-3.605446868850323,1.908111021173185,-4.7917172092944496,-2.3982062768891765,-3.032400256293074,0.2802452441068507,-1.1541545372662596,4.379125335555155,-0.5168270594152917,1.0952135744690787
70.0,23.0,228.10519409179688,-3.886398429396756,1.9610102812260377,-4.778980632068538,-3.072139350131982,-2.958162850040253,1.440352327148616,-1.066066474831211,4.4463136517032185,-0.5496059750451409,0.4710081785407833
70.0,23.0,263.6768798828125,-4.684834208062654,1.8540899568136224,-4.519634892861838,-1.7175887948362176,-2.0263767066147134,1.737131312258356,-1.0312730473544935,4.723815554508456,-1.8607119640795813,-0.1750876587918517
70.0,23.0,224.91180419921875,-3.8368496188845578,1.836419402842644,-4.823777818500541,-2.369111251225987,-2.608013775731809,1.5365684848206322,-1.0401686312157583,4.171087985595552,-1.0155472564768948,1.0104498862551865
70.0,23.0,232.0944061279297,-4.152013382432889,1.7849999741532534,-4.940802813293669,-2.486522625366716,-3.3271393781513665,0.7547541102780432,-0.6373568059715705,4.34078578639413,-0.4841233367935141,1.177089305943313
70.0,23.0,195.18731689453125,-3.2385980368204423,1.7285802312189276,-4.769632790165409,-2.8992951296389258,-2.989067015260295,1.235426606567029,-1.0938415675799396,4.735035877411996,-0.8179012791588454,0.9646891072118112
70.0,23.0,218.9032287597656,-3.851102286850825,1.838282500483358,-4.889485179414627,-3.795408092362799,-2.978961713227861,-0.8301977864027184,-1.0601197835834526,4.381406890302872,-1.4735409155564465,0.8986836949199756
70.0,23.0,241.5052490234375,-3.3431345227140543,1.1857333272924544,-4.946293548486271,-3.162814433056074,-2.636234763374345,-0.3377099036799619,-1.0447269594235735,4.240014107662766,-0.770043030032042,0.2004890288730328
70.0,23.0,224.107177734375,-4.047954490368231,1.8725144102480875,-4.843280723646678,-3.113831465612137,-2.262853007809188,0.2782626465675264,-0.6929267717796826,4.370651283130227,-1.1679958052458843,1.4801681380941265
70.0,23.0,216.2969970703125,-3.909782968498907,1.8073803823743413,-4.828459572826907,-3.2740003412565835,-3.781110350263172,0.5942568673516431,-1.023705212864746,4.321081878600197,-0.4407709153316125,0.399370588190077
70.0,23.0,241.33572387695312,-3.355721331617966,3.30898135687871,-4.633075066238298,-3.793954879726925,-2.395432566191045,0.0521251788272218,-1.0764525122092872,4.376861307419188,-1.077991234870027,0.9518907696995288
70.0,23.0,187.433334350586,-3.1981329033657886,1.6544406503263571,-4.881398401901994,-3.1239525656430143,-3.236666729043138,0.7363026004915455,-1.0420911209861157,4.326549424888659,-0.4108394477143565,1.3418147807158722
70.0,23.0,182.0497436523437,-3.913771525355603,1.883732474468672,-4.886714999470344,-3.005890070009017,-3.0922184819962046,-0.1504535089936121,-1.047872721025193,4.307219360006983,-0.4441526956280124,0.7357575876555427
70.0,23.0,212.31529235839844,-4.056673150039788,1.8764629092284133,-4.902413054881197,-2.958529419639202,-2.0993885776412142,0.3584941822182501,-1.0486017896307072,4.376371282659051,-1.4851148226650273,0.885244011812246
70.0,23.0,224.72787475585932,-1.966686277417396,1.3969434156865936,-4.937580979150401,-3.8398916585574754,-2.472329818074397,-0.2704498227330827,-1.0418558836949154,4.262960310526532,-1.44236538524683,0.409507838783965
70.0,23.0,220.0723419189453,-4.140703503933901,0.7109350541656747,-4.843185469747144,-4.317167245691126,-2.553809441834371,-1.3716584947015753,-1.009891723757792,4.755544430291508,-1.2390353455376146,1.0733197291858718
70.0,23.0,250.71620178222656,-3.667354411287104,1.6349589968524154,-4.790595600987114,-3.114979043148896,-4.251186559251924,0.1413707881175568,-1.080939867082256,4.656949357353644,-0.7717230769227664,1.2725491083810998
70.0,23.0,235.0413360595703,-4.078100854721334,2.5491786443361817,-4.611282399762106,-2.0003693448273934,-1.753926316235404,-0.2387577495153834,-1.0427333199735236,4.730749321100855,-0.6926183564551789,1.3227142147265725
70.0,23.0,246.600814819336,-3.2633609638993475,1.0920534002434166,-4.680732447072565,-2.19818539600572,-2.3198450062915352,0.8164792205816711,-1.0568318734919482,4.46079360636703,-0.3496306011163304,2.0943501787506253
70.0,23.0,237.46383666992188,-4.159133482692056,1.8138122683611364,-4.906443738318881,-3.825102736897176,-3.025261994448442,0.6986142387772812,-1.128081334945314,4.201512673228207,-1.8523536893300423,1.6020079102887126
70.0,23.0,204.9386444091797,-4.911051898261931,1.6652841645707634,-4.834673807374948,-1.6566290489086744,-2.035709204758102,1.267316568519958,-1.0494991764801582,4.732699544544123,-0.8388802162202884,0.7278623851785704
70.0,23.0,225.3151092529297,-4.032106689810343,1.9041287915144625,-4.898473657452491,-2.2652727051539587,-2.104638326264585,-0.9361549330173408,-1.0578640947259483,3.94747346284316,-0.6196845577123353,1.2451594551532703
70.0,23.0,233.0394287109375,-3.991251196627658,1.6833724461985555,-4.502201380268979,-3.099733150328023,-3.552709571779138,-0.198154167524734,-0.46234374685322,4.3610099559421,-0.5317664069196345,1.976124786972533
70.0,23.0,233.2389068603516,-4.041286412890218,0.9698206023297968,-4.825673171822232,-2.22395526371834,-2.226121181043837,1.3048298939969267,-0.9299285873169834,4.515451989973435,-1.194317433685284,1.2457844252484676
70.0,23.0,238.4111175537109,-3.79047793218404,1.7019890131388915,-4.900299878687286,-1.6358527396520983,-3.9778474526976666,0.9832182496859416,-0.4223498128601423,4.776644703090076,-0.8938550211279955,0.7391639453237007
70.0,23.0,229.862533569336,-3.405762084384892,0.6914097382305799,-4.788224505345845,-3.012533737487922,-2.746181820392548,-0.8375035769759003,-1.0044063714064029,3.9420753250566,-0.8543242536095635,0.7962795036421974
70.0,23.0,216.64889526367188,-3.119200354622974,1.0381176817895923,-4.69307522512295,-1.6392443033678898,-2.8010636188402933,0.2843458672433435,-0.9554619730909504,4.386770655722996,-0.4773885801804987,2.273100919956005
70.0,23.0,234.5803985595703,-3.1457474746250265,1.1138519548607442,-4.94322487820198,-1.6733371731008555,-2.5887209533735223,0.7619259169880531,-1.2150859208139808,4.708253645392563,-0.3265650397336059,2.226918945636021
70.0,23.0,239.0243377685547,-4.051409346506912,2.063886860580763,-4.843229970009615,-1.6962553641924465,-1.947556494525905,0.9460816389313382,-1.4409639156178415,4.254907946189098,-2.252831223023224,1.679280647292548
70.0,23.0,278.2581787109375,-3.726690362146835,2.473530496515732,-4.656152807073105,-2.6573102917592104,-3.538653792282472,-0.5689110433204125,-0.5286355503929229,4.355203816677972,-1.0759397095611556,1.0917282415298746
70.0,23.0,220.28042602539065,-3.929695366225484,1.712906943397469,-4.885886470786509,-2.9665827370645257,-2.1846864625847653,0.0873340968318023,-1.0302824479734634,4.687917373594785,-1.1377745367499963,1.0541599687265393
70.0,23.0,214.5237579345703,-3.937840222145909,1.2070550596292602,-4.915145383578925,-2.147646106746824,-1.9694024006098945,0.4349099823484428,-0.9693657380849914,4.338018272635996,-1.2148459693268836,0.6745713341967368
70.0,23.0,210.07614135742188,-3.873643362582087,2.5663670867024377,-4.8117804880449695,-3.487874701712036,-3.794704359254804,0.694065205331555,-1.041381913575775,4.709979241921714,-1.480233167850086,0.7035416314733378
70.0,23.0,220.69509887695312,-4.827787435327566,1.812180557005387,-4.872866935058768,-3.456941716013411,-3.123108385663816,-0.8106788713499544,-1.0625401322864128,4.240329060390388,-0.7446450381753249,1.0049975897405856
70.0,23.0,212.59169006347656,-4.051129594651362,2.0599724719179884,-4.836438775255091,-3.194537426966957,-2.595461269287239,-0.3192579693180122,-1.0435841902301948,4.767130651431444,-0.7380622227459888,0.7639957700228598
70.0,23.0,213.2417907714844,-4.9452475253988375,1.8301433048822449,-4.86261014829705,-3.087254753961492,-3.319146893460252,0.9726903715144908,-1.0263680728533813,4.380600098605254,-0.7581904002687401,1.0350977872992335
70.0,23.0,247.0576171875,-4.8915967770193545,0.6047760563087008,-4.90263713812239,-1.849608352934054,-2.2335747025370933,1.3301058294440715,-1.0437354482484082,4.773644351101448,-0.481062499246162,1.5206413687714744
70.0,23.0,234.5180511474609,-3.85764315442585,1.303156801021411,-4.877933105010854,-1.604613070614643,-2.3770104271265127,0.912271737376502,-1.0406162471787834,4.700385885119623,-0.4895305529791161,2.149879270145956
70.0,23.0,251.9114227294922,-3.474095713856033,2.548578013567722,-4.708403220648034,-3.284414918114962,-2.128050751395567,0.3552937469061453,-0.4935866340844845,4.747025478842098,-2.279029273225384,0.9698540097038848
70.0,23.0,234.3972625732422,-2.748419548892349,2.030090319451644,-4.95220820948033,-2.197399920077745,-3.05447409751888,-0.838476723328136,-0.9801413122466116,4.342706354371666,-0.4015190468768519,0.4779721113533863
70.0,23.0,228.74180603027344,-3.7095929869609967,2.025000870383205,-4.881649710817571,-2.949252846957835,-2.381784432366401,-0.7050791124430282,-1.0833149754971876,3.978797878858999,-0.5547395552650882,0.9906667599595118
70.0,23.0,234.0847625732422,-3.955051594698946,1.4396356689375338,-4.901295648704846,-3.1157919695650125,-3.0930486906297885,-0.1192025676994423,-1.029892564720672,3.5104409558744725,-1.3367655681913757,0.7634907182916877
70.0,23.0,236.474853515625,-3.9280695175153126,1.842155676481681,-4.843049552409647,-2.357081391239128,-3.865536248513037,1.5970399552516854,-1.0396541186168349,4.8140759327572535,-1.037683837283002,0.4813858020769375
70.0,24.0,216.8920440673828,-3.766651325775356,1.7254647394251728,-4.99119475521861,-3.007659502164301,-3.237474706211408,-0.1172850527358075,-1.0659633443545395,4.308494677611486,-0.3994150930632719,0.7266153616110951
70.0,24.0,237.95999145507807,-4.009242506971795,2.52798780963957,-4.938024732732525,-1.1124748843542402,-3.134158380207849,0.371061233004219,-1.097895435006723,4.426570403310033,-0.4984334268237717,0.4440106688707828
70.0,24.0,243.576904296875,-4.902097768584221,1.980780023898118,-4.667792859354169,-1.626564740514915,-1.990463683581397,0.9169250183836885,-1.1282599957512156,4.766405291482026,-2.258107313538132,1.6370854079808286
70.0,24.0,213.4730834960937,-3.94264722339753,1.7899201347292688,-4.934895358112175,-2.949175813423285,-3.127495871962565,-0.0893705965512201,-0.9821144139416816,4.319031068689334,-0.53403276714882,1.2022945594673575
70.0,24.0,228.83038330078125,-4.06449685240087,1.7513259382752169,-4.965020526032679,-3.112170593336065,-3.221111966982664,0.1337134209370537,-1.0345488130987723,4.681307070955338,-0.3240682040769878,0.9819550839398618
70.0,24.0,224.60401916503903,-4.6100242427973335,1.8574471249252809,-4.8801317906872725,-3.6673791928650408,-2.7700137816460058,-0.2089683753005661,-1.0748144960012231,4.49635888779947,-0.4078789033335524,0.76554899883734
70.0,24.0,256.8200988769531,-3.897533112651645,1.4946935156578736,-4.89817611578411,-2.927366758064468,-1.7833508085056915,1.074653021104539,-1.1657919290447776,4.685542329692732,-0.7152927213571282,0.737482976314301
70.0,24.0,229.1151733398437,-3.605446868850323,1.908111021173185,-4.7917172092944496,-2.3982062768891765,-3.032400256293074,0.2802452441068507,-1.1541545372662596,4.379125335555155,-0.5168270594152917,1.0952135744690787
70.0,24.0,228.10519409179688,-3.886398429396756,1.9610102812260377,-4.778980632068538,-3.072139350131982,-2.958162850040253,1.440352327148616,-1.066066474831211,4.4463136517032185,-0.5496059750451409,0.4710081785407833
70.0,24.0,242.93414306640625,-4.314503995440085,2.589066572195527,-4.738884375836779,-1.6533763669623125,-1.9177387943668864,1.4482485512569172,-1.0479522101639764,4.010036820630492,-1.9894474929782653,0.7856943760839716
70.0,24.0,224.91180419921875,-3.8368496188845578,1.836419402842644,-4.823777818500541,-2.369111251225987,-2.608013775731809,1.5365684848206322,-1.0401686312157583,4.171087985595552,-1.0155472564768948,1.0104498862551865
70.0,24.0,228.524169921875,-4.033852239509203,2.1417231774219023,-4.863481456161449,-2.653425923037801,-3.172644600108101,0.8126075826785228,-1.055745128165949,4.321006870140499,-0.529422747376918,1.2273128881315647
70.0,24.0,195.18731689453125,-3.2385980368204423,1.7285802312189276,-4.769632790165409,-2.8992951296389258,-2.989067015260295,1.235426606567029,-1.0938415675799396,4.735035877411996,-0.8179012791588454,0.9646891072118112
70.0,24.0,200.236068725586,-3.906818397069611,1.7611429449843812,-4.88756964378949,-3.308874094342015,-3.1073021682904534,0.6098163074491731,-1.0383959325999113,4.348708345708151,-0.4596230446088563,0.7092013362045553
70.0,24.0,241.5052490234375,-3.3431345227140543,1.1857333272924544,-4.946293548486271,-3.162814433056074,-2.636234763374345,-0.3377099036799619,-1.0447269594235735,4.240014107662766,-0.770043030032042,0.2004890288730328
70.0,24.0,224.107177734375,-4.047954490368231,1.8725144102480875,-4.843280723646678,-3.113831465612137,-2.262853007809188,0.2782626465675264,-0.6929267717796826,4.370651283130227,-1.1679958052458843,1.4801681380941265
70.0,24.0,216.2969970703125,-3.909782968498907,1.8073803823743413,-4.828459572826907,-3.2740003412565835,-3.781110350263172,0.5942568673516431,-1.023705212864746,4.321081878600197,-0.4407709153316125,0.399370588190077
70.0,24.0,241.33572387695312,-3.355721331617966,3.30898135687871,-4.633075066238298,-3.793954879726925,-2.395432566191045,0.0521251788272218,-1.0764525122092872,4.376861307419188,-1.077991234870027,0.9518907696995288
70.0,24.0,187.433334350586,-3.1981329033657886,1.6544406503263571,-4.881398401901994,-3.1239525656430143,-3.236666729043138,0.7363026004915455,-1.0420911209861157,4.326549424888659,-0.4108394477143565,1.3418147807158722
70.0,24.0,182.0497436523437,-3.913771525355603,1.883732474468672,-4.886714999470344,-3.005890070009017,-3.0922184819962046,-0.1504535089936121,-1.047872721025193,4.307219360006983,-0.4441526956280124,0.7357575876555427
70.0,24.0,198.45895385742188,-4.028992336508695,1.8771862866671247,-4.914198514324439,-3.085279398565808,-2.581761952983728,0.4186681493858351,-1.047931607722609,4.362718455765775,-1.2693751054762576,0.6478830862524226
70.0,24.0,224.72787475585932,-1.966686277417396,1.3969434156865936,-4.937580979150401,-3.8398916585574754,-2.472329818074397,-0.2704498227330827,-1.0418558836949154,4.262960310526532,-1.44236538524683,0.409507838783965
70.0,24.0,220.0723419189453,-4.140703503933901,0.7109350541656747,-4.843185469747144,-4.317167245691126,-2.553809441834371,-1.3716584947015753,-1.009891723757792,4.755544430291508,-1.2390353455376146,1.0733197291858718
70.0,24.0,250.71620178222656,-3.667354411287104,1.6349589968524154,-4.790595600987114,-3.114979043148896,-4.251186559251924,0.1413707881175568,-1.080939867082256,4.656949357353644,-0.7717230769227664,1.2725491083810998
70.0,24.0,235.0413360595703,-4.078100854721334,2.5491786443361817,-4.611282399762106,-2.0003693448273934,-1.753926316235404,-0.2387577495153834,-1.0427333199735236,4.730749321100855,-0.6926183564551789,1.3227142147265725
70.0,24.0,246.600814819336,-3.2633609638993475,1.0920534002434166,-4.680732447072565,-2.19818539600572,-2.3198450062915352,0.8164792205816711,-1.0568318734919482,4.46079360636703,-0.3496306011163304,2.0943501787506253
70.0,24.0,213.64602661132807,-3.866794892776998,1.782331233769928,-4.8756175284883945,-2.517050013136388,-2.9587215149019133,1.0577632941075534,-1.0180038663745463,4.350104392213661,-0.4626897239429943,1.0899725641028182
70.0,24.0,204.9386444091797,-4.911051898261931,1.6652841645707634,-4.834673807374948,-1.6566290489086744,-2.035709204758102,1.267316568519958,-1.0494991764801582,4.732699544544123,-0.8388802162202884,0.7278623851785704
70.0,24.0,225.3151092529297,-4.032106689810343,1.9041287915144625,-4.898473657452491,-2.2652727051539587,-2.104638326264585,-0.9361549330173408,-1.0578640947259483,3.94747346284316,-0.6196845577123353,1.2451594551532703
70.0,24.0,233.0394287109375,-3.991251196627658,1.6833724461985555,-4.502201380268979,-3.099733150328023,-3.552709571779138,-0.198154167524734,-0.46234374685322,4.3610099559421,-0.5317664069196345,1.976124786972533
70.0,24.0,233.2389068603516,-4.041286412890218,0.9698206023297968,-4.825673171822232,-2.22395526371834,-2.226121181043837,1.3048298939969267,-0.9299285873169834,4.515451989973435,-1.194317433685284,1.2457844252484676
70.0,24.0,238.4111175537109,-3.79047793218404,1.7019890131388915,-4.900299878687286,-1.6358527396520983,-3.9778474526976666,0.9832182496859416,-0.4223498128601423,4.776644703090076,-0.8938550211279955,0.7391639453237007
70.0,24.0,229.862533569336,-3.405762084384892,0.6914097382305799,-4.788224505345845,-3.012533737487922,-2.746181820392548,-0.8375035769759003,-1.0044063714064029,3.9420753250566,-0.8543242536095635,0.7962795036421974
70.0,24.0,216.64889526367188,-3.119200354622974,1.0381176817895923,-4.69307522512295,-1.6392443033678898,-2.8010636188402933,0.2843458672433435,-0.9554619730909504,4.386770655722996,-0.4773885801804987,2.273100919956005
70.0,24.0,234.5803985595703,-3.1457474746250265,1.1138519548607442,-4.94322487820198,-1.6733371731008555,-2.5887209533735223,0.7619259169880531,-1.2150859208139808,4.708253645392563,-0.3265650397336059,2.226918945636021
70.0,24.0,239.0243377685547,-4.051409346506912,2.063886860580763,-4.843229970009615,-1.6962553641924465,-1.947556494525905,0.9460816389313382,-1.4409639156178415,4.254907946189098,-2.252831223023224,1.679280647292548
70.0,24.0,278.2581787109375,-3.726690362146835,2.473530496515732,-4.656152807073105,-2.6573102917592104,-3.538653792282472,-0.5689110433204125,-0.5286355503929229,4.355203816677972,-1.0759397095611556,1.0917282415298746
70.0,24.0,220.28042602539065,-3.929695366225484,1.712906943397469,-4.885886470786509,-2.9665827370645257,-2.1846864625847653,0.0873340968318023,-1.0302824479734634,4.687917373594785,-1.1377745367499963,1.0541599687265393
70.0,24.0,214.5237579345703,-3.937840222145909,1.2070550596292602,-4.915145383578925,-2.147646106746824,-1.9694024006098945,0.4349099823484428,-0.9693657380849914,4.338018272635996,-1.2148459693268836,0.6745713341967368
70.0,24.0,203.88360595703125,-3.8651540666740143,1.8796331880000483,-4.881909598484957,-3.67342734263625,-3.4913881027543927,-0.1919946875921845,-1.0352835389161024,4.3125872899123525,-1.1634764899508645,0.6914597529804754
70.0,24.0,220.69509887695312,-4.827787435327566,1.812180557005387,-4.872866935058768,-3.456941716013411,-3.123108385663816,-0.8106788713499544,-1.0625401322864128,4.240329060390388,-0.7446450381753249,1.0049975897405856
70.0,24.0,212.59169006347656,-4.051129594651362,2.0599724719179884,-4.836438775255091,-3.194537426966957,-2.595461269287239,-0.3192579693180122,-1.0435841902301948,4.767130651431444,-0.7380622227459888,0.7639957700228598
70.0,24.0,213.2417907714844,-4.9452475253988375,1.8301433048822449,-4.86261014829705,-3.087254753961492,-3.319146893460252,0.9726903715144908,-1.0263680728533813,4.380600098605254,-0.7581904002687401,1.0350977872992335
70.0,24.0,235.84353637695312,-3.897310501842792,0.0652388973794573,-4.868807294236498,-2.951560293565822,-1.971340792188592,0.2575575525157294,-1.0874992413058062,4.915078799288205,-0.3896569958942093,2.2121996940126976
70.0,24.0,234.5180511474609,-3.85764315442585,1.303156801021411,-4.877933105010854,-1.604613070614643,-2.3770104271265127,0.912271737376502,-1.0406162471787834,4.700385885119623,-0.4895305529791161,2.149879270145956
70.0,24.0,251.9114227294922,-3.474095713856033,2.548578013567722,-4.708403220648034,-3.284414918114962,-2.128050751395567,0.3552937469061453,-0.4935866340844845,4.747025478842098,-2.279029273225384,0.9698540097038848
70.0,24.0,234.3972625732422,-2.748419548892349,2.030090319451644,-4.95220820948033,-2.197399920077745,-3.05447409751888,-0.838476723328136,-0.9801413122466116,4.342706354371666,-0.4015190468768519,0.4779721113533863
70.0,24.0,218.2499237060547,-3.994261927779713,1.844766987886688,-4.879666122825616,-3.0042168344104496,-2.974015000394949,0.1119004667724017,-1.0300406621883735,4.3247530446614055,-0.6081731440460632,0.6885659013203119
70.0,24.0,234.0847625732422,-3.955051594698946,1.4396356689375338,-4.901295648704846,-3.1157919695650125,-3.0930486906297885,-0.1192025676994423,-1.029892564720672,3.5104409558744725,-1.3367655681913757,0.7634907182916877
70.0,24.0,236.474853515625,-3.9280695175153126,1.842155676481681,-4.843049552409647,-2.357081391239128,-3.865536248513037,1.5970399552516854,-1.0396541186168349,4.8140759327572535,-1.037683837283002,0.4813858020769375
70.0,25.0,216.8920440673828,-3.766651325775356,1.7254647394251728,-4.99119475521861,-3.007659502164301,-3.237474706211408,-0.1172850527358075,-1.0659633443545395,4.308494677611486,-0.3994150930632719,0.7266153616110951
70.0,25.0,235.260498046875,-4.096290029438651,2.205151230927182,-4.922263909774657,-0.9831766291317244,-3.000053217210061,-0.1532973465051867,-0.9909341419182012,4.302967085343985,-0.5292071683566291,1.318186843148779
70.0,25.0,243.576904296875,-4.902097768584221,1.980780023898118,-4.667792859354169,-1.626564740514915,-1.990463683581397,0.9169250183836885,-1.1282599957512156,4.766405291482026,-2.258107313538132,1.6370854079808286
70.0,25.0,213.4730834960937,-3.94264722339753,1.7899201347292688,-4.934895358112175,-2.949175813423285,-3.127495871962565,-0.0893705965512201,-0.9821144139416816,4.319031068689334,-0.53403276714882,1.2022945594673575
70.0,25.0,228.83038330078125,-4.06449685240087,1.7513259382752169,-4.965020526032679,-3.112170593336065,-3.221111966982664,0.1337134209370537,-1.0345488130987723,4.681307070955338,-0.3240682040769878,0.9819550839398618
70.0,25.0,210.3469696044922,-3.79778414171606,1.7775528328830823,-4.885266788644236,-3.728134656209464,-3.003833198704007,-0.2659233397235651,-1.0462654001581435,4.172684622577146,-0.4012584363241227,0.7702204349815303
70.0,25.0,256.8200988769531,-3.897533112651645,1.4946935156578736,-4.89817611578411,-2.927366758064468,-1.7833508085056915,1.074653021104539,-1.1657919290447776,4.685542329692732,-0.7152927213571282,0.737482976314301
70.0,25.0,229.1151733398437,-3.605446868850323,1.908111021173185,-4.7917172092944496,-2.3982062768891765,-3.032400256293074,0.2802452441068507,-1.1541545372662596,4.379125335555155,-0.5168270594152917,1.0952135744690787
70.0,25.0,228.10519409179688,-3.886398429396756,1.9610102812260377,-4.778980632068538,-3.072139350131982,-2.958162850040253,1.440352327148616,-1.066066474831211,4.4463136517032185,-0.5496059750451409,0.4710081785407833
70.0,25.0,242.93414306640625,-4.314503995440085,2.589066572195527,-4.738884375836779,-1.6533763669623125,-1.9177387943668864,1.4482485512569172,-1.0479522101639764,4.010036820630492,-1.9894474929782653,0.7856943760839716
70.0,25.0,224.91180419921875,-3.8368496188845578,1.836419402842644,-4.823777818500541,-2.369111251225987,-2.608013775731809,1.5365684848206322,-1.0401686312157583,4.171087985595552,-1.0155472564768948,1.0104498862551865
70.0,25.0,228.524169921875,-4.033852239509203,2.1417231774219023,-4.863481456161449,-2.653425923037801,-3.172644600108101,0.8126075826785228,-1.055745128165949,4.321006870140499,-0.529422747376918,1.2273128881315647
70.0,25.0,195.18731689453125,-3.2385980368204423,1.7285802312189276,-4.769632790165409,-2.8992951296389258,-2.989067015260295,1.235426606567029,-1.0938415675799396,4.735035877411996,-0.8179012791588454,0.9646891072118112
70.0,25.0,200.236068725586,-3.906818397069611,1.7611429449843812,-4.88756964378949,-3.308874094342015,-3.1073021682904534,0.6098163074491731,-1.0383959325999113,4.348708345708151,-0.4596230446088563,0.7092013362045553
70.0,25.0,241.5052490234375,-3.3431345227140543,1.1857333272924544,-4.946293548486271,-3.162814433056074,-2.636234763374345,-0.3377099036799619,-1.0447269594235735,4.240014107662766,-0.770043030032042,0.2004890288730328
70.0,25.0,224.107177734375,-4.047954490368231,1.8725144102480875,-4.843280723646678,-3.113831465612137,-2.262853007809188,0.2782626465675264,-0.6929267717796826,4.370651283130227,-1.1679958052458843,1.4801681380941265
70.0,25.0,216.2969970703125,-3.909782968498907,1.8073803823743413,-4.828459572826907,-3.2740003412565835,-3.781110350263172,0.5942568673516431,-1.023705212864746,4.321081878600197,-0.4407709153316125,0.399370588190077
70.0,25.0,241.33572387695312,-3.355721331617966,3.30898135687871,-4.633075066238298,-3.793954879726925,-2.395432566191045,0.0521251788272218,-1.0764525122092872,4.376861307419188,-1.077991234870027,0.9518907696995288
70.0,25.0,187.433334350586,-3.1981329033657886,1.6544406503263571,-4.881398401901994,-3.1239525656430143,-3.236666729043138,0.7363026004915455,-1.0420911209861157,4.326549424888659,-0.4108394477143565,1.3418147807158722
70.0,25.0,182.0497436523437,-3.913771525355603,1.883732474468672,-4.886714999470344,-3.005890070009017,-3.0922184819962046,-0.1504535089936121,-1.047872721025193,4.307219360006983,-0.4441526956280124,0.7357575876555427
70.0,25.0,198.45895385742188,-4.028992336508695,1.8771862866671247,-4.914198514324439,-3.085279398565808,-2.581761952983728,0.4186681493858351,-1.047931607722609,4.362718455765775,-1.2693751054762576,0.6478830862524226
70.0,25.0,216.31118774414065,-2.9334629272000114,2.132355745435442,-4.905883367223724,-3.0715568103792323,-2.699516486542432,-0.1854729400322584,-1.0424568395618778,3.869732936013356,-0.770375831383755,0.910642710079945
70.0,25.0,220.0723419189453,-4.140703503933901,0.7109350541656747,-4.843185469747144,-4.317167245691126,-2.553809441834371,-1.3716584947015753,-1.009891723757792,4.755544430291508,-1.2390353455376146,1.0733197291858718
70.0,25.0,250.71620178222656,-3.667354411287104,1.6349589968524154,-4.790595600987114,-3.114979043148896,-4.251186559251924,0.1413707881175568,-1.080939867082256,4.656949357353644,-0.7717230769227664,1.2725491083810998
70.0,25.0,235.0413360595703,-4.078100854721334,2.5491786443361817,-4.611282399762106,-2.0003693448273934,-1.753926316235404,-0.2387577495153834,-1.0427333199735236,4.730749321100855,-0.6926183564551789,1.3227142147265725
70.0,25.0,246.600814819336,-3.2633609638993475,1.0920534002434166,-4.680732447072565,-2.19818539600572,-2.3198450062915352,0.8164792205816711,-1.0568318734919482,4.46079360636703,-0.3496306011163304,2.0943501787506253
70.0,25.0,213.64602661132807,-3.866794892776998,1.782331233769928,-4.8756175284883945,-2.517050013136388,-2.9587215149019133,1.0577632941075534,-1.0180038663745463,4.350104392213661,-0.4626897239429943,1.0899725641028182
70.0,25.0,204.9386444091797,-4.911051898261931,1.6652841645707634,-4.834673807374948,-1.6566290489086744,-2.035709204758102,1.267316568519958,-1.0494991764801582,4.732699544544123,-0.8388802162202884,0.7278623851785704
70.0,25.0,222.4643402099609,-3.89071174558306,1.899830897772,-4.8281024760496845,-3.17315757301944,-3.884924115933823,-0.6353160877661153,-1.0538728405775408,3.9875727967845136,-1.2461144615976048,0.99751680391348
70.0,25.0,221.5169677734375,-3.952027665302168,1.6299027810461202,-4.927509005267021,-2.541281492346996,-3.2487286895700933,-0.2186787220800307,-0.8541073955217842,4.361092454931123,-0.4428678091843435,1.640751651935488
70.0,25.0,233.2389068603516,-4.041286412890218,0.9698206023297968,-4.825673171822232,-2.22395526371834,-2.226121181043837,1.3048298939969267,-0.9299285873169834,4.515451989973435,-1.194317433685284,1.2457844252484676
70.0,25.0,238.4111175537109,-3.79047793218404,1.7019890131388915,-4.900299878687286,-1.6358527396520983,-3.9778474526976666,0.9832182496859416,-0.4223498128601423,4.776644703090076,-0.8938550211279955,0.7391639453237007
70.0,25.0,229.862533569336,-3.405762084384892,0.6914097382305799,-4.788224505345845,-3.012533737487922,-2.746181820392548,-0.8375035769759003,-1.0044063714064029,3.9420753250566,-0.8543242536095635,0.7962795036421974
70.0,25.0,216.64889526367188,-3.119200354622974,1.0381176817895923,-4.69307522512295,-1.6392443033678898,-2.8010636188402933,0.2843458672433435,-0.9554619730909504,4.386770655722996,-0.4773885801804987,2.273100919956005
70.0,25.0,234.5803985595703,-3.1457474746250265,1.1138519548607442,-4.94322487820198,-1.6733371731008555,-2.5887209533735223,0.7619259169880531,-1.2150859208139808,4.708253645392563,-0.3265650397336059,2.226918945636021
70.0,25.0,239.0243377685547,-4.051409346506912,2.063886860580763,-4.843229970009615,-1.6962553641924465,-1.947556494525905,0.9460816389313382,-1.4409639156178415,4.254907946189098,-2.252831223023224,1.679280647292548
70.0,25.0,278.2581787109375,-3.726690362146835,2.473530496515732,-4.656152807073105,-2.6573102917592104,-3.538653792282472,-0.5689110433204125,-0.5286355503929229,4.355203816677972,-1.0759397095611556,1.0917282415298746
70.0,25.0,220.28042602539065,-3.929695366225484,1.712906943397469,-4.885886470786509,-2.9665827370645257,-2.1846864625847653,0.0873340968318023,-1.0302824479734634,4.687917373594785,-1.1377745367499963,1.0541599687265393
70.0,25.0,214.5237579345703,-3.937840222145909,1.2070550596292602,-4.915145383578925,-2.147646106746824,-1.9694024006098945,0.4349099823484428,-0.9693657380849914,4.338018272635996,-1.2148459693268836,0.6745713341967368
70.0,25.0,203.88360595703125,-3.8651540666740143,1.8796331880000483,-4.881909598484957,-3.67342734263625,-3.4913881027543927,-0.1919946875921845,-1.0352835389161024,4.3125872899123525,-1.1634764899508645,0.6914597529804754
70.0,25.0,220.69509887695312,-4.827787435327566,1.812180557005387,-4.872866935058768,-3.456941716013411,-3.123108385663816,-0.8106788713499544,-1.0625401322864128,4.240329060390388,-0.7446450381753249,1.0049975897405856
70.0,25.0,212.59169006347656,-4.051129594651362,2.0599724719179884,-4.836438775255091,-3.194537426966957,-2.595461269287239,-0.3192579693180122,-1.0435841902301948,4.767130651431444,-0.7380622227459888,0.7639957700228598
70.0,25.0,211.2217559814453,-4.121693427765526,1.732177982542512,-4.852881366654629,-3.0227962983794128,-2.828369998479229,0.1761643844917938,-1.019233140439491,4.312759382357336,-0.8249027509689486,1.3194829615184829
70.0,25.0,235.84353637695312,-3.897310501842792,0.0652388973794573,-4.868807294236498,-2.951560293565822,-1.971340792188592,0.2575575525157294,-1.0874992413058062,4.915078799288205,-0.3896569958942093,2.2121996940126976
70.0,25.0,234.5180511474609,-3.85764315442585,1.303156801021411,-4.877933105010854,-1.604613070614643,-2.3770104271265127,0.912271737376502,-1.0406162471787834,4.700385885119623,-0.4895305529791161,2.149879270145956
70.0,25.0,251.9114227294922,-3.474095713856033,2.548578013567722,-4.708403220648034,-3.284414918114962,-2.128050751395567,0.3552937469061453,-0.4935866340844845,4.747025478842098,-2.279029273225384,0.9698540097038848
70.0,25.0,224.38259887695312,-3.669586846400063,1.82022179854904,-4.926747285122415,-2.0595544227870874,-3.0367115391299824,-0.8494605124209844,-1.0507724676603858,4.353383811356671,-0.296786464379534,0.7191070490740679
70.0,25.0,218.2499237060547,-3.994261927779713,1.844766987886688,-4.879666122825616,-3.0042168344104496,-2.974015000394949,0.1119004667724017,-1.0300406621883735,4.3247530446614055,-0.6081731440460632,0.6885659013203119
70.0,25.0,234.0847625732422,-3.955051594698946,1.4396356689375338,-4.901295648704846,-3.1157919695650125,-3.0930486906297885,-0.1192025676994423,-1.029892564720672,3.5104409558744725,-1.3367655681913757,0.7634907182916877
70.0,25.0,229.4047241210937,-3.909155500461196,1.836205888171472,-4.831980431021741,-2.6929834759529125,-3.816896396435633,-0.3368636724809684,-1.0393432043675412,4.529308441160471,-1.253087081649179,1.0403729497826897
70.0,26.0,216.8920440673828,-3.766651325775356,1.7254647394251728,-4.99119475521861,-3.007659502164301,-3.237474706211408,-0.1172850527358075,-1.0659633443545395,4.308494677611486,-0.3994150930632719,0.7266153616110951
70.0,26.0,235.260498046875,-4.096290029438651,2.205151230927182,-4.922263909774657,-0.9831766291317244,-3.000053217210061,-0.1532973465051867,-0.9909341419182012,4.302967085343985,-0.5292071683566291,1.318186843148779
70.0,26.0,243.576904296875,-4.902097768584221,1.980780023898118,-4.667792859354169,-1.626564740514915,-1.990463683581397,0.9169250183836885,-1.1282599957512156,4.766405291482026,-2.258107313538132,1.6370854079808286
70.0,26.0,200.71343994140625,-3.907121575554566,1.893918666608283,-4.939053810579384,-2.949506489309301,-2.9683466450049543,-0.0769320091828668,-0.98608412700216,4.320843072645349,-0.4782877867628332,1.928002176228756
70.0,26.0,228.83038330078125,-4.06449685240087,1.7513259382752169,-4.965020526032679,-3.112170593336065,-3.221111966982664,0.1337134209370537,-1.0345488130987723,4.681307070955338,-0.3240682040769878,0.9819550839398618
70.0,26.0,210.3469696044922,-3.79778414171606,1.7775528328830823,-4.885266788644236,-3.728134656209464,-3.003833198704007,-0.2659233397235651,-1.0462654001581435,4.172684622577146,-0.4012584363241227,0.7702204349815303
70.0,26.0,224.3583221435547,-4.049106068452866,1.5830810736094658,-4.902479879893438,-2.804424852980715,-2.9044292612297906,0.7812576200867942,-1.01698241157711,3.87567236067146,-0.3301013937975707,0.7046803187534055
70.0,26.0,213.61703491210932,-3.657786382345147,1.9013163133456528,-4.910125981714694,-2.9049829741893447,-3.138996122238131,-0.2399631765798919,-1.1086837993147929,4.40490982976022,-0.5216206538702615,0.9699603586211396
70.0,26.0,219.3472595214844,-3.913166683617687,1.911465302311748,-4.646758384862849,-2.6537831290520915,-2.9261587043923947,1.344424447015629,-1.0854098218357366,4.330327122791277,-0.4120948201866993,0.672117618937485
70.0,26.0,242.93414306640625,-4.314503995440085,2.589066572195527,-4.738884375836779,-1.6533763669623125,-1.9177387943668864,1.4482485512569172,-1.0479522101639764,4.010036820630492,-1.9894474929782653,0.7856943760839716
70.0,26.0,224.91180419921875,-3.8368496188845578,1.836419402842644,-4.823777818500541,-2.369111251225987,-2.608013775731809,1.5365684848206322,-1.0401686312157583,4.171087985595552,-1.0155472564768948,1.0104498862551865
70.0,26.0,198.32443237304688,-3.876846125900644,1.9104200775786635,-4.88264161955282,-3.2016285908428843,-3.093047237528646,-0.2665213030578378,-1.020590708529504,4.310801385888231,-0.5245656803436664,1.0216224567377754
70.0,26.0,195.18731689453125,-3.2385980368204423,1.7285802312189276,-4.769632790165409,-2.8992951296389258,-2.989067015260295,1.235426606567029,-1.0938415675799396,4.735035877411996,-0.8179012791588454,0.9646891072118112
70.0,26.0,200.236068725586,-3.906818397069611,1.7611429449843812,-4.88756964378949,-3.308874094342015,-3.1073021682904534,0.6098163074491731,-1.0383959325999113,4.348708345708151,-0.4596230446088563,0.7092013362045553
70.0,26.0,241.5052490234375,-3.3431345227140543,1.1857333272924544,-4.946293548486271,-3.162814433056074,-2.636234763374345,-0.3377099036799619,-1.0447269594235735,4.240014107662766,-0.770043030032042,0.2004890288730328
70.0,26.0,224.107177734375,-4.047954490368231,1.8725144102480875,-4.843280723646678,-3.113831465612137,-2.262853007809188,0.2782626465675264,-0.6929267717796826,4.370651283130227,-1.1679958052458843,1.4801681380941265
70.0,26.0,216.2969970703125,-3.909782968498907,1.8073803823743413,-4.828459572826907,-3.2740003412565835,-3.781110350263172,0.5942568673516431,-1.023705212864746,4.321081878600197,-0.4407709153316125,0.399370588190077
70.0,26.0,241.33572387695312,-3.355721331617966,3.30898135687871,-4.633075066238298,-3.793954879726925,-2.395432566191045,0.0521251788272218,-1.0764525122092872,4.376861307419188,-1.077991234870027,0.9518907696995288
70.0,26.0,187.433334350586,-3.1981329033657886,1.6544406503263571,-4.881398401901994,-3.1239525656430143,-3.236666729043138,0.7363026004915455,-1.0420911209861157,4.326549424888659,-0.4108394477143565,1.3418147807158722
70.0,26.0,182.0497436523437,-3.913771525355603,1.883732474468672,-4.886714999470344,-3.005890070009017,-3.0922184819962046,-0.1504535089936121,-1.047872721025193,4.307219360006983,-0.4441526956280124,0.7357575876555427
70.0,26.0,198.45895385742188,-4.028992336508695,1.8771862866671247,-4.914198514324439,-3.085279398565808,-2.581761952983728,0.4186681493858351,-1.047931607722609,4.362718455765775,-1.2693751054762576,0.6478830862524226
70.0,26.0,216.31118774414065,-2.9334629272000114,2.132355745435442,-4.905883367223724,-3.0715568103792323,-2.699516486542432,-0.1854729400322584,-1.0424568395618778,3.869732936013356,-0.770375831383755,0.910642710079945
70.0,26.0,220.0723419189453,-4.140703503933901,0.7109350541656747,-4.843185469747144,-4.317167245691126,-2.553809441834371,-1.3716584947015753,-1.009891723757792,4.755544430291508,-1.2390353455376146,1.0733197291858718
70.0,26.0,250.71620178222656,-3.667354411287104,1.6349589968524154,-4.790595600987114,-3.114979043148896,-4.251186559251924,0.1413707881175568,-1.080939867082256,4.656949357353644,-0.7717230769227664,1.2725491083810998
70.0,26.0,234.5550079345703,-4.097042915786612,2.586285107854272,-4.833627621767459,-3.833311478674209,-2.259427062259479,-0.1397441590152457,-1.0398638227579022,4.299834599861867,-0.6293531703617239,0.7634690655812472
70.0,26.0,244.008544921875,-3.069711082429352,1.5462370326235142,-4.898627818012052,-2.85573050451477,-2.562440478501294,-0.1038085757918291,-1.1184721578103125,4.519421657218945,-0.3726311777222051,1.493628631853064
70.0,26.0,213.64602661132807,-3.866794892776998,1.782331233769928,-4.8756175284883945,-2.517050013136388,-2.9587215149019133,1.0577632941075534,-1.0180038663745463,4.350104392213661,-0.4626897239429943,1.0899725641028182
70.0,26.0,204.9386444091797,-4.911051898261931,1.6652841645707634,-4.834673807374948,-1.6566290489086744,-2.035709204758102,1.267316568519958,-1.0494991764801582,4.732699544544123,-0.8388802162202884,0.7278623851785704
70.0,26.0,222.4643402099609,-3.89071174558306,1.899830897772,-4.8281024760496845,-3.17315757301944,-3.884924115933823,-0.6353160877661153,-1.0538728405775408,3.9875727967845136,-1.2461144615976048,0.99751680391348
70.0,26.0,221.5169677734375,-3.952027665302168,1.6299027810461202,-4.927509005267021,-2.541281492346996,-3.2487286895700933,-0.2186787220800307,-0.8541073955217842,4.361092454931123,-0.4428678091843435,1.640751651935488
70.0,26.0,233.2389068603516,-4.041286412890218,0.9698206023297968,-4.825673171822232,-2.22395526371834,-2.226121181043837,1.3048298939969267,-0.9299285873169834,4.515451989973435,-1.194317433685284,1.2457844252484676
70.0,26.0,238.4111175537109,-3.79047793218404,1.7019890131388915,-4.900299878687286,-1.6358527396520983,-3.9778474526976666,0.9832182496859416,-0.4223498128601423,4.776644703090076,-0.8938550211279955,0.7391639453237007
70.0,26.0,229.862533569336,-3.405762084384892,0.6914097382305799,-4.788224505345845,-3.012533737487922,-2.746181820392548,-0.8375035769759003,-1.0044063714064029,3.9420753250566,-0.8543242536095635,0.7962795036421974
70.0,26.0,216.64889526367188,-3.119200354622974,1.0381176817895923,-4.69307522512295,-1.6392443033678898,-2.8010636188402933,0.2843458672433435,-0.9554619730909504,4.386770655722996,-0.4773885801804987,2.273100919956005
70.0,26.0,234.5803985595703,-3.1457474746250265,1.1138519548607442,-4.94322487820198,-1.6733371731008555,-2.5887209533735223,0.7619259169880531,-1.2150859208139808,4.708253645392563,-0.3265650397336059,2.226918945636021
70.0,26.0,239.0243377685547,-4.051409346506912,2.063886860580763,-4.843229970009615,-1.6962553641924465,-1.947556494525905,0.9460816389313382,-1.4409639156178415,4.254907946189098,-2.252831223023224,1.679280647292548
70.0,26.0,252.9463806152344,-4.197026251771471,2.5428448448595216,-4.821430914771496,-2.557388100017954,-3.6040428084256506,-0.2333868521142938,-0.9797667176647126,4.34911739578645,-1.1244926610821675,0.491732976033537
70.0,26.0,220.28042602539065,-3.929695366225484,1.712906943397469,-4.885886470786509,-2.9665827370645257,-2.1846864625847653,0.0873340968318023,-1.0302824479734634,4.687917373594785,-1.1377745367499963,1.0541599687265393
70.0,26.0,214.5237579345703,-3.937840222145909,1.2070550596292602,-4.915145383578925,-2.147646106746824,-1.9694024006098945,0.4349099823484428,-0.9693657380849914,4.338018272635996,-1.2148459693268836,0.6745713341967368
70.0,26.0,203.88360595703125,-3.8651540666740143,1.8796331880000483,-4.881909598484957,-3.67342734263625,-3.4913881027543927,-0.1919946875921845,-1.0352835389161024,4.3125872899123525,-1.1634764899508645,0.6914597529804754
70.0,26.0,220.69509887695312,-4.827787435327566,1.812180557005387,-4.872866935058768,-3.456941716013411,-3.123108385663816,-0.8106788713499544,-1.0625401322864128,4.240329060390388,-0.7446450381753249,1.0049975897405856
70.0,26.0,212.59169006347656,-4.051129594651362,2.0599724719179884,-4.836438775255091,-3.194537426966957,-2.595461269287239,-0.3192579693180122,-1.0435841902301948,4.767130651431444,-0.7380622227459888,0.7639957700228598
70.0,26.0,211.2217559814453,-4.121693427765526,1.732177982542512,-4.852881366654629,-3.0227962983794128,-2.828369998479229,0.1761643844917938,-1.019233140439491,4.312759382357336,-0.8249027509689486,1.3194829615184829
70.0,26.0,231.76150512695312,-4.120137063362844,1.4467857353755913,-4.887405290785448,-3.1799757611064217,-2.4926552506289177,0.7663482264501736,-0.9762661100225708,4.320114159254936,-0.4444768919678257,0.4781702503904815
70.0,26.0,234.5180511474609,-3.85764315442585,1.303156801021411,-4.877933105010854,-1.604613070614643,-2.3770104271265127,0.912271737376502,-1.0406162471787834,4.700385885119623,-0.4895305529791161,2.149879270145956
70.0,26.0,251.9114227294922,-3.474095713856033,2.548578013567722,-4.708403220648034,-3.284414918114962,-2.128050751395567,0.3552937469061453,-0.4935866340844845,4.747025478842098,-2.279029273225384,0.9698540097038848
70.0,26.0,224.38259887695312,-3.669586846400063,1.82022179854904,-4.926747285122415,-2.0595544227870874,-3.0367115391299824,-0.8494605124209844,-1.0507724676603858,4.353383811356671,-0.296786464379534,0.7191070490740679
70.0,26.0,207.6760711669922,-3.931922668673262,1.9004187973641595,-4.884893395864994,-2.949796294417172,-3.080583847106314,-0.4691921944663971,-1.1215895059759704,4.3045964929693925,-0.4866577542090433,0.6965414595818945
70.0,26.0,213.9751892089844,-4.128166522755437,1.6597332517502326,-4.9311534428428505,-3.151008576804939,-3.093631114980254,-0.1324356898882982,-1.006530679326874,3.610781359020229,-0.8312712852828024,0.7954044023607129
70.0,26.0,229.4047241210937,-3.909155500461196,1.836205888171472,-4.831980431021741,-2.6929834759529125,-3.816896396435633,-0.3368636724809684,-1.0393432043675412,4.529308441160471,-1.253087081649179,1.0403729497826897
70.0,27.0,216.8920440673828,-3.766651325775356,1.7254647394251728,-4.99119475521861,-3.007659502164301,-3.237474706211408,-0.1172850527358075,-1.0659633443545395,4.308494677611486,-0.3994150930632719,0.7266153616110951
70.0,27.0,220.8204498291016,-3.96431966542964,2.032138210222416,-4.867904255825423,-3.3838702681631627,-3.04127757762174,-0.0962935684657346,-1.0352558938842615,4.247823921058663,-0.4629633451478131,0.7348635498602014
70.0,27.0,243.576904296875,-4.902097768584221,1.980780023898118,-4.667792859354169,-1.626564740514915,-1.990463683581397,0.9169250183836885,-1.1282599957512156,4.766405291482026,-2.258107313538132,1.6370854079808286
70.0,27.0,198.23146057128903,-3.90790876165343,1.9049996619122185,-4.867636036735877,-3.032747959028584,-3.0138148861988827,-0.0526996506929741,-0.9654537378327824,4.308783660438899,-0.4894402195531487,1.6367648289502608
70.0,27.0,228.83038330078125,-4.06449685240087,1.7513259382752169,-4.965020526032679,-3.112170593336065,-3.221111966982664,0.1337134209370537,-1.0345488130987723,4.681307070955338,-0.3240682040769878,0.9819550839398618
70.0,27.0,206.82766723632807,-3.808582885618192,1.8085912577494416,-4.882943366509625,-2.807908505394217,-3.174669839651518,-0.0939877495960165,-1.0368885733434905,4.320307051154723,-0.4148671049664014,0.7032397616959954
70.0,27.0,224.3583221435547,-4.049106068452866,1.5830810736094658,-4.902479879893438,-2.804424852980715,-2.9044292612297906,0.7812576200867942,-1.01698241157711,3.87567236067146,-0.3301013937975707,0.7046803187534055
70.0,27.0,191.2430725097656,-3.8003588037147273,1.898492822573051,-4.945724720773007,-3.0752317610690665,-3.140475712514057,-0.2215110673006959,-1.111653046015927,4.3382681589793775,-0.4536036346949091,0.9890816567353542
70.0,27.0,219.3472595214844,-3.913166683617687,1.911465302311748,-4.646758384862849,-2.6537831290520915,-2.9261587043923947,1.344424447015629,-1.0854098218357366,4.330327122791277,-0.4120948201866993,0.672117618937485
70.0,27.0,242.93414306640625,-4.314503995440085,2.589066572195527,-4.738884375836779,-1.6533763669623125,-1.9177387943668864,1.4482485512569172,-1.0479522101639764,4.010036820630492,-1.9894474929782653,0.7856943760839716
70.0,27.0,224.91180419921875,-3.8368496188845578,1.836419402842644,-4.823777818500541,-2.369111251225987,-2.608013775731809,1.5365684848206322,-1.0401686312157583,4.171087985595552,-1.0155472564768948,1.0104498862551865
70.0,27.0,198.32443237304688,-3.876846125900644,1.9104200775786635,-4.88264161955282,-3.2016285908428843,-3.093047237528646,-0.2665213030578378,-1.020590708529504,4.310801385888231,-0.5245656803436664,1.0216224567377754
70.0,27.0,195.18731689453125,-3.2385980368204423,1.7285802312189276,-4.769632790165409,-2.8992951296389258,-2.989067015260295,1.235426606567029,-1.0938415675799396,4.735035877411996,-0.8179012791588454,0.9646891072118112
70.0,27.0,200.236068725586,-3.906818397069611,1.7611429449843812,-4.88756964378949,-3.308874094342015,-3.1073021682904534,0.6098163074491731,-1.0383959325999113,4.348708345708151,-0.4596230446088563,0.7092013362045553
70.0,27.0,241.5052490234375,-3.3431345227140543,1.1857333272924544,-4.946293548486271,-3.162814433056074,-2.636234763374345,-0.3377099036799619,-1.0447269594235735,4.240014107662766,-0.770043030032042,0.2004890288730328
70.0,27.0,224.107177734375,-4.047954490368231,1.8725144102480875,-4.843280723646678,-3.113831465612137,-2.262853007809188,0.2782626465675264,-0.6929267717796826,4.370651283130227,-1.1679958052458843,1.4801681380941265
70.0,27.0,216.2969970703125,-3.909782968498907,1.8073803823743413,-4.828459572826907,-3.2740003412565835,-3.781110350263172,0.5942568673516431,-1.023705212864746,4.321081878600197,-0.4407709153316125,0.399370588190077
70.0,27.0,241.33572387695312,-3.355721331617966,3.30898135687871,-4.633075066238298,-3.793954879726925,-2.395432566191045,0.0521251788272218,-1.0764525122092872,4.376861307419188,-1.077991234870027,0.9518907696995288
70.0,27.0,187.433334350586,-3.1981329033657886,1.6544406503263571,-4.881398401901994,-3.1239525656430143,-3.236666729043138,0.7363026004915455,-1.0420911209861157,4.326549424888659,-0.4108394477143565,1.3418147807158722
70.0,27.0,178.56536865234375,-3.913771525355603,1.883732474468672,-4.886714999470344,-3.005890070009017,-3.0922184819962046,-0.2975027970034738,-1.047872721025193,4.307219360006983,-0.4441526956280124,0.7357575876555427
70.0,27.0,198.45895385742188,-4.028992336508695,1.8771862866671247,-4.914198514324439,-3.085279398565808,-2.581761952983728,0.4186681493858351,-1.047931607722609,4.362718455765775,-1.2693751054762576,0.6478830862524226
70.0,27.0,216.31118774414065,-2.9334629272000114,2.132355745435442,-4.905883367223724,-3.0715568103792323,-2.699516486542432,-0.1854729400322584,-1.0424568395618778,3.869732936013356,-0.770375831383755,0.910642710079945
70.0,27.0,220.0723419189453,-4.140703503933901,0.7109350541656747,-4.843185469747144,-4.317167245691126,-2.553809441834371,-1.3716584947015753,-1.009891723757792,4.755544430291508,-1.2390353455376146,1.0733197291858718
70.0,27.0,250.71620178222656,-3.667354411287104,1.6349589968524154,-4.790595600987114,-3.114979043148896,-4.251186559251924,0.1413707881175568,-1.080939867082256,4.656949357353644,-0.7717230769227664,1.2725491083810998
70.0,27.0,234.5550079345703,-4.097042915786612,2.586285107854272,-4.833627621767459,-3.833311478674209,-2.259427062259479,-0.1397441590152457,-1.0398638227579022,4.299834599861867,-0.6293531703617239,0.7634690655812472
70.0,27.0,244.008544921875,-3.069711082429352,1.5462370326235142,-4.898627818012052,-2.85573050451477,-2.562440478501294,-0.1038085757918291,-1.1184721578103125,4.519421657218945,-0.3726311777222051,1.493628631853064
70.0,27.0,199.6679077148437,-3.9079371474455193,1.833041600598056,-4.902268378419014,-3.0457555796638824,-2.8746781677767848,0.9081503881627984,-0.9216393340460703,4.358472570920068,-0.4712806620127977,1.6666986473807603
70.0,27.0,204.9386444091797,-4.911051898261931,1.6652841645707634,-4.834673807374948,-1.6566290489086744,-2.035709204758102,1.267316568519958,-1.0494991764801582,4.732699544544123,-0.8388802162202884,0.7278623851785704
70.0,27.0,222.4643402099609,-3.89071174558306,1.899830897772,-4.8281024760496845,-3.17315757301944,-3.884924115933823,-0.6353160877661153,-1.0538728405775408,3.9875727967845136,-1.2461144615976048,0.99751680391348
70.0,27.0,221.5169677734375,-3.952027665302168,1.6299027810461202,-4.927509005267021,-2.541281492346996,-3.2487286895700933,-0.2186787220800307,-0.8541073955217842,4.361092454931123,-0.4428678091843435,1.640751651935488
70.0,27.0,221.1341857910156,-4.105557615060316,0.5350903899712054,-4.9452667564964,-3.0732575509372246,-1.9410267705935544,0.2691242121615603,-1.1537792013149737,4.28082098088091,-1.1548388928508468,0.7594628659241668
70.0,27.0,238.4111175537109,-3.79047793218404,1.7019890131388915,-4.900299878687286,-1.6358527396520983,-3.9778474526976666,0.9832182496859416,-0.4223498128601423,4.776644703090076,-0.8938550211279955,0.7391639453237007
70.0,27.0,229.862533569336,-3.405762084384892,0.6914097382305799,-4.788224505345845,-3.012533737487922,-2.746181820392548,-0.8375035769759003,-1.0044063714064029,3.9420753250566,-0.8543242536095635,0.7962795036421974
70.0,27.0,216.64889526367188,-3.119200354622974,1.0381176817895923,-4.69307522512295,-1.6392443033678898,-2.8010636188402933,0.2843458672433435,-0.9554619730909504,4.386770655722996,-0.4773885801804987,2.273100919956005
70.0,27.0,234.5803985595703,-3.1457474746250265,1.1138519548607442,-4.94322487820198,-1.6733371731008555,-2.5887209533735223,0.7619259169880531,-1.2150859208139808,4.708253645392563,-0.3265650397336059,2.226918945636021
70.0,27.0,239.0243377685547,-4.051409346506912,2.063886860580763,-4.843229970009615,-1.6962553641924465,-1.947556494525905,0.9460816389313382,-1.4409639156178415,4.254907946189098,-2.252831223023224,1.679280647292548
70.0,27.0,252.9463806152344,-4.197026251771471,2.5428448448595216,-4.821430914771496,-2.557388100017954,-3.6040428084256506,-0.2333868521142938,-0.9797667176647126,4.34911739578645,-1.1244926610821675,0.491732976033537
70.0,27.0,220.28042602539065,-3.929695366225484,1.712906943397469,-4.885886470786509,-2.9665827370645257,-2.1846864625847653,0.0873340968318023,-1.0302824479734634,4.687917373594785,-1.1377745367499963,1.0541599687265393
70.0,27.0,214.5237579345703,-3.937840222145909,1.2070550596292602,-4.915145383578925,-2.147646106746824,-1.9694024006098945,0.4349099823484428,-0.9693657380849914,4.338018272635996,-1.2148459693268836,0.6745713341967368
70.0,27.0,203.88360595703125,-3.8651540666740143,1.8796331880000483,-4.881909598484957,-3.67342734263625,-3.4913881027543927,-0.1919946875921845,-1.0352835389161024,4.3125872899123525,-1.1634764899508645,0.6914597529804754
70.0,27.0,220.69509887695312,-4.827787435327566,1.812180557005387,-4.872866935058768,-3.456941716013411,-3.123108385663816,-0.8106788713499544,-1.0625401322864128,4.240329060390388,-0.7446450381753249,1.0049975897405856
70.0,27.0,212.59169006347656,-4.051129594651362,2.0599724719179884,-4.836438775255091,-3.194537426966957,-2.595461269287239,-0.3192579693180122,-1.0435841902301948,4.767130651431444,-0.7380622227459888,0.7639957700228598
70.0,27.0,211.2217559814453,-4.121693427765526,1.732177982542512,-4.852881366654629,-3.0227962983794128,-2.828369998479229,0.1761643844917938,-1.019233140439491,4.312759382357336,-0.8249027509689486,1.3194829615184829
70.0,27.0,231.76150512695312,-4.120137063362844,1.4467857353755913,-4.887405290785448,-3.1799757611064217,-2.4926552506289177,0.7663482264501736,-0.9762661100225708,4.320114159254936,-0.4444768919678257,0.4781702503904815
70.0,27.0,234.3365631103516,-3.945507056482471,2.34512188397948,-4.880305345583237,-1.7821324667079854,-3.168227308024103,-0.2247290322505395,-1.0511859810570388,4.49026555008948,-0.4875392461486416,1.9026409359735976
70.0,27.0,251.9114227294922,-3.474095713856033,2.548578013567722,-4.708403220648034,-3.284414918114962,-2.128050751395567,0.3552937469061453,-0.4935866340844845,4.747025478842098,-2.279029273225384,0.9698540097038848
70.0,27.0,218.52462768554688,-3.7547564562551057,1.885322583390035,-4.890264595786082,-1.6347846904129597,-3.088114440424677,-1.3451312699298246,-1.0498091482996772,4.350684889033335,-0.4448602034637291,0.5922997623688067
70.0,27.0,207.6760711669922,-3.931922668673262,1.9004187973641595,-4.884893395864994,-2.949796294417172,-3.080583847106314,-0.4691921944663971,-1.1215895059759704,4.3045964929693925,-0.4866577542090433,0.6965414595818945
70.0,27.0,213.9751892089844,-4.128166522755437,1.6597332517502326,-4.9311534428428505,-3.151008576804939,-3.093631114980254,-0.1324356898882982,-1.006530679326874,3.610781359020229,-0.8312712852828024,0.7954044023607129
70.0,27.0,229.4047241210937,-3.909155500461196,1.836205888171472,-4.831980431021741,-2.6929834759529125,-3.816896396435633,-0.3368636724809684,-1.0393432043675412,4.529308441160471,-1.253087081649179,1.0403729497826897
70.0,28.0,213.5684051513672,-3.919885535211008,1.715658322276015,-4.989601286286885,-3.008536475554009,-3.175053041553377,-0.3088050095732378,-1.0409128723378591,4.307807938658216,-0.4694564176629229,-0.1798434548198504
70.0,28.0,220.8204498291016,-3.96431966542964,2.032138210222416,-4.867904255825423,-3.3838702681631627,-3.04127757762174,-0.0962935684657346,-1.0352558938842615,4.247823921058663,-0.4629633451478131,0.7348635498602014
70.0,28.0,243.576904296875,-4.902097768584221,1.980780023898118,-4.667792859354169,-1.626564740514915,-1.990463683581397,0.9169250183836885,-1.1282599957512156,4.766405291482026,-2.258107313538132,1.6370854079808286
70.0,28.0,198.23146057128903,-3.90790876165343,1.9049996619122185,-4.867636036735877,-3.032747959028584,-3.0138148861988827,-0.0526996506929741,-0.9654537378327824,4.308783660438899,-0.4894402195531487,1.6367648289502608
70.0,28.0,220.4207763671875,-3.983364299878656,1.8749365047302853,-4.925032046947033,-3.1097037513307697,-3.520931295092118,-0.3016806922393592,-1.041746407087882,4.710843243872057,-0.4619255860853388,0.8839256273004444
70.0,28.0,206.82766723632807,-3.808582885618192,1.8085912577494416,-4.882943366509625,-2.807908505394217,-3.174669839651518,-0.0939877495960165,-1.0368885733434905,4.320307051154723,-0.4148671049664014,0.7032397616959954
70.0,28.0,215.56231689453125,-3.850441568642764,1.9092189026785888,-4.87175689755307,-3.126913151320365,-3.06975662764813,-0.449592650935585,-1.0797873692787077,4.27570995315458,-0.4824836085663071,0.6030795442546848
70.0,28.0,191.2430725097656,-3.8003588037147273,1.898492822573051,-4.945724720773007,-3.0752317610690665,-3.140475712514057,-0.2215110673006959,-1.111653046015927,4.3382681589793775,-0.4536036346949091,0.9890816567353542
70.0,28.0,219.3472595214844,-3.913166683617687,1.911465302311748,-4.646758384862849,-2.6537831290520915,-2.9261587043923947,1.344424447015629,-1.0854098218357366,4.330327122791277,-0.4120948201866993,0.672117618937485
70.0,28.0,242.93414306640625,-4.314503995440085,2.589066572195527,-4.738884375836779,-1.6533763669623125,-1.9177387943668864,1.4482485512569172,-1.0479522101639764,4.010036820630492,-1.9894474929782653,0.7856943760839716
70.0,28.0,224.91180419921875,-3.8368496188845578,1.836419402842644,-4.823777818500541,-2.369111251225987,-2.608013775731809,1.5365684848206322,-1.0401686312157583,4.171087985595552,-1.0155472564768948,1.0104498862551865
70.0,28.0,198.32443237304688,-3.876846125900644,1.9104200775786635,-4.88264161955282,-3.2016285908428843,-3.093047237528646,-0.2665213030578378,-1.020590708529504,4.310801385888231,-0.5245656803436664,1.0216224567377754
70.0,28.0,195.18731689453125,-3.2385980368204423,1.7285802312189276,-4.769632790165409,-2.8992951296389258,-2.989067015260295,1.235426606567029,-1.0938415675799396,4.735035877411996,-0.8179012791588454,0.9646891072118112
70.0,28.0,191.68667602539065,-3.978759399113609,1.8658977177299056,-4.885455121731669,-2.931250802715521,-3.136518262260061,0.2671571076170771,-1.041418530247906,4.275752269899344,-0.3646184427533587,0.7040084280346072
70.0,28.0,241.5052490234375,-3.3431345227140543,1.1857333272924544,-4.946293548486271,-3.162814433056074,-2.636234763374345,-0.3377099036799619,-1.0447269594235735,4.240014107662766,-0.770043030032042,0.2004890288730328
70.0,28.0,224.107177734375,-4.047954490368231,1.8725144102480875,-4.843280723646678,-3.113831465612137,-2.262853007809188,0.2782626465675264,-0.6929267717796826,4.370651283130227,-1.1679958052458843,1.4801681380941265
70.0,28.0,204.9923553466797,-3.922382689316729,1.8470972349876265,-4.861096264745154,-3.144761493326007,-3.183987188967568,-0.432669362454968,-1.0289355926998702,4.300774239544054,-0.4058770881105519,0.6544962810849038
70.0,28.0,241.33572387695312,-3.355721331617966,3.30898135687871,-4.633075066238298,-3.793954879726925,-2.395432566191045,0.0521251788272218,-1.0764525122092872,4.376861307419188,-1.077991234870027,0.9518907696995288
70.0,28.0,187.433334350586,-3.1981329033657886,1.6544406503263571,-4.881398401901994,-3.1239525656430143,-3.236666729043138,0.7363026004915455,-1.0420911209861157,4.326549424888659,-0.4108394477143565,1.3418147807158722
70.0,28.0,178.56536865234375,-3.913771525355603,1.883732474468672,-4.886714999470344,-3.005890070009017,-3.0922184819962046,-0.2975027970034738,-1.047872721025193,4.307219360006983,-0.4441526956280124,0.7357575876555427
70.0,28.0,198.45895385742188,-4.028992336508695,1.8771862866671247,-4.914198514324439,-3.085279398565808,-2.581761952983728,0.4186681493858351,-1.047931607722609,4.362718455765775,-1.2693751054762576,0.6478830862524226
70.0,28.0,216.31118774414065,-2.9334629272000114,2.132355745435442,-4.905883367223724,-3.0715568103792323,-2.699516486542432,-0.1854729400322584,-1.0424568395618778,3.869732936013356,-0.770375831383755,0.910642710079945
70.0,28.0,220.0723419189453,-4.140703503933901,0.7109350541656747,-4.843185469747144,-4.317167245691126,-2.553809441834371,-1.3716584947015753,-1.009891723757792,4.755544430291508,-1.2390353455376146,1.0733197291858718
70.0,28.0,250.71620178222656,-3.667354411287104,1.6349589968524154,-4.790595600987114,-3.114979043148896,-4.251186559251924,0.1413707881175568,-1.080939867082256,4.656949357353644,-0.7717230769227664,1.2725491083810998
70.0,28.0,234.5550079345703,-4.097042915786612,2.586285107854272,-4.833627621767459,-3.833311478674209,-2.259427062259479,-0.1397441590152457,-1.0398638227579022,4.299834599861867,-0.6293531703617239,0.7634690655812472
70.0,28.0,228.896240234375,-4.83974654717824,0.9860745250981168,-4.874432427516759,-2.9955778215889386,-1.953330257050493,-0.1981311325758123,-1.11916205548605,4.466787428417645,-0.5115582194289334,1.8040515054883024
70.0,28.0,199.6679077148437,-3.9079371474455193,1.833041600598056,-4.902268378419014,-3.0457555796638824,-2.8746781677767848,0.9081503881627984,-0.9216393340460703,4.358472570920068,-0.4712806620127977,1.6666986473807603
70.0,28.0,204.9386444091797,-4.911051898261931,1.6652841645707634,-4.834673807374948,-1.6566290489086744,-2.035709204758102,1.267316568519958,-1.0494991764801582,4.732699544544123,-0.8388802162202884,0.7278623851785704
70.0,28.0,222.4643402099609,-3.89071174558306,1.899830897772,-4.8281024760496845,-3.17315757301944,-3.884924115933823,-0.6353160877661153,-1.0538728405775408,3.9875727967845136,-1.2461144615976048,0.99751680391348
70.0,28.0,200.717529296875,-4.001144700875036,1.8052142890482208,-4.838898179879716,-2.5972174847941174,-3.106695353776482,-0.2435243360379605,-0.9208652504008312,4.355307949947967,-0.4457056197498408,1.2972355999436411
70.0,28.0,221.1341857910156,-4.105557615060316,0.5350903899712054,-4.9452667564964,-3.0732575509372246,-1.9410267705935544,0.2691242121615603,-1.1537792013149737,4.28082098088091,-1.1548388928508468,0.7594628659241668
70.0,28.0,238.4111175537109,-3.79047793218404,1.7019890131388915,-4.900299878687286,-1.6358527396520983,-3.9778474526976666,0.9832182496859416,-0.4223498128601423,4.776644703090076,-0.8938550211279955,0.7391639453237007
70.0,28.0,229.862533569336,-3.405762084384892,0.6914097382305799,-4.788224505345845,-3.012533737487922,-2.746181820392548,-0.8375035769759003,-1.0044063714064029,3.9420753250566,-0.8543242536095635,0.7962795036421974
70.0,28.0,216.64889526367188,-3.119200354622974,1.0381176817895923,-4.69307522512295,-1.6392443033678898,-2.8010636188402933,0.2843458672433435,-0.9554619730909504,4.386770655722996,-0.4773885801804987,2.273100919956005
70.0,28.0,234.5803985595703,-3.1457474746250265,1.1138519548607442,-4.94322487820198,-1.6733371731008555,-2.5887209533735223,0.7619259169880531,-1.2150859208139808,4.708253645392563,-0.3265650397336059,2.226918945636021
70.0,28.0,239.0243377685547,-4.051409346506912,2.063886860580763,-4.843229970009615,-1.6962553641924465,-1.947556494525905,0.9460816389313382,-1.4409639156178415,4.254907946189098,-2.252831223023224,1.679280647292548
70.0,28.0,238.8894500732422,-3.940080958240783,1.8757975246787864,-4.851101643939712,-2.707250364416961,-4.054462154769183,-0.3039914489948386,-1.0745620707333576,4.303613535642131,-0.864836678004083,0.6403035917021962
70.0,28.0,220.28042602539065,-3.929695366225484,1.712906943397469,-4.885886470786509,-2.9665827370645257,-2.1846864625847653,0.0873340968318023,-1.0302824479734634,4.687917373594785,-1.1377745367499963,1.0541599687265393
70.0,28.0,214.5237579345703,-3.937840222145909,1.2070550596292602,-4.915145383578925,-2.147646106746824,-1.9694024006098945,0.4349099823484428,-0.9693657380849914,4.338018272635996,-1.2148459693268836,0.6745713341967368
70.0,28.0,203.88360595703125,-3.8651540666740143,1.8796331880000483,-4.881909598484957,-3.67342734263625,-3.4913881027543927,-0.1919946875921845,-1.0352835389161024,4.3125872899123525,-1.1634764899508645,0.6914597529804754
70.0,28.0,220.69509887695312,-4.827787435327566,1.812180557005387,-4.872866935058768,-3.456941716013411,-3.123108385663816,-0.8106788713499544,-1.0625401322864128,4.240329060390388,-0.7446450381753249,1.0049975897405856
70.0,28.0,212.59169006347656,-4.051129594651362,2.0599724719179884,-4.836438775255091,-3.194537426966957,-2.595461269287239,-0.3192579693180122,-1.0435841902301948,4.767130651431444,-0.7380622227459888,0.7639957700228598
70.0,28.0,211.2217559814453,-4.121693427765526,1.732177982542512,-4.852881366654629,-3.0227962983794128,-2.828369998479229,0.1761643844917938,-1.019233140439491,4.312759382357336,-0.8249027509689486,1.3194829615184829
70.0,28.0,231.76150512695312,-4.120137063362844,1.4467857353755913,-4.887405290785448,-3.1799757611064217,-2.4926552506289177,0.7663482264501736,-0.9762661100225708,4.320114159254936,-0.4444768919678257,0.4781702503904815
70.0,28.0,234.3365631103516,-3.945507056482471,2.34512188397948,-4.880305345583237,-1.7821324667079854,-3.168227308024103,-0.2247290322505395,-1.0511859810570388,4.49026555008948,-0.4875392461486416,1.9026409359735976
70.0,28.0,251.9114227294922,-3.474095713856033,2.548578013567722,-4.708403220648034,-3.284414918114962,-2.128050751395567,0.3552937469061453,-0.4935866340844845,4.747025478842098,-2.279029273225384,0.9698540097038848
70.0,28.0,218.52462768554688,-3.7547564562551057,1.885322583390035,-4.890264595786082,-1.6347846904129597,-3.088114440424677,-1.3451312699298246,-1.0498091482996772,4.350684889033335,-0.4448602034637291,0.5922997623688067
70.0,28.0,199.12013244628903,-3.933496733531004,1.8740842688062165,-4.885446049371696,-2.9511520980335875,-3.073180742413044,0.0524878525963501,-1.0025061022864483,4.339719702725219,-0.4827760253397589,0.747310558649504
70.0,28.0,203.50698852539065,-4.002838968935249,1.5932768789775669,-4.879972522619296,-3.1049215560729966,-3.093876895473604,-0.2693072415757753,-1.019265982390397,4.823078729746627,-0.732579567027802,0.7725279645802882
70.0,28.0,229.4047241210937,-3.909155500461196,1.836205888171472,-4.831980431021741,-2.6929834759529125,-3.816896396435633,-0.3368636724809684,-1.0393432043675412,4.529308441160471,-1.253087081649179,1.0403729497826897
70.0,29.0,202.5530242919922,-3.944191488228447,2.0183998704385973,-4.985094414068971,-3.005363236196224,-3.014014185177387,-0.3334328382688328,-1.0191988762394144,4.308122358305146,-0.4772687132816898,1.21134563102874
70.0,29.0,202.2312469482422,-3.993803709103144,1.895196634268388,-4.870893271068598,-3.081067979289676,-3.099094428029116,-0.2958164770417081,-0.9997283828790192,4.32927425115934,-0.5753238271669275,0.7663405784839254
70.0,29.0,243.576904296875,-4.902097768584221,1.980780023898118,-4.667792859354169,-1.626564740514915,-1.990463683581397,0.9169250183836885,-1.1282599957512156,4.766405291482026,-2.258107313538132,1.6370854079808286
70.0,29.0,198.23146057128903,-3.90790876165343,1.9049996619122185,-4.867636036735877,-3.032747959028584,-3.0138148861988827,-0.0526996506929741,-0.9654537378327824,4.308783660438899,-0.4894402195531487,1.6367648289502608
70.0,29.0,198.4769744873047,-3.901974070027296,1.8918883189339528,-4.918235179271408,-3.0636170711583057,-2.607364677926686,-0.3473892689142147,-1.0543018240442068,4.639732112299116,-0.4988249087846335,0.6742673668755962
70.0,29.0,206.82766723632807,-3.808582885618192,1.8085912577494416,-4.882943366509625,-2.807908505394217,-3.174669839651518,-0.0939877495960165,-1.0368885733434905,4.320307051154723,-0.4148671049664014,0.7032397616959954
70.0,29.0,215.56231689453125,-3.850441568642764,1.9092189026785888,-4.87175689755307,-3.126913151320365,-3.06975662764813,-0.449592650935585,-1.0797873692787077,4.27570995315458,-0.4824836085663071,0.6030795442546848
70.0,29.0,181.05616760253903,-3.928305740708015,1.9123212289654168,-4.91788751714991,-2.998603588579736,-3.0732698542068,-0.332549045182909,-1.0865381964092904,4.324808333799027,-0.4420116799647245,0.9836065782942632
70.0,29.0,219.3472595214844,-3.913166683617687,1.911465302311748,-4.646758384862849,-2.6537831290520915,-2.9261587043923947,1.344424447015629,-1.0854098218357366,4.330327122791277,-0.4120948201866993,0.672117618937485
70.0,29.0,242.93414306640625,-4.314503995440085,2.589066572195527,-4.738884375836779,-1.6533763669623125,-1.9177387943668864,1.4482485512569172,-1.0479522101639764,4.010036820630492,-1.9894474929782653,0.7856943760839716
70.0,29.0,224.91180419921875,-3.8368496188845578,1.836419402842644,-4.823777818500541,-2.369111251225987,-2.608013775731809,1.5365684848206322,-1.0401686312157583,4.171087985595552,-1.0155472564768948,1.0104498862551865
70.0,29.0,194.934814453125,-3.8901991192035807,1.895137659100692,-4.886179510655577,-3.05271022197614,-3.09783652943099,-0.134538419022438,-0.9927953148690036,4.308401656304204,-0.4187438752615099,1.307830121642794
70.0,29.0,195.18731689453125,-3.2385980368204423,1.7285802312189276,-4.769632790165409,-2.8992951296389258,-2.989067015260295,1.235426606567029,-1.0938415675799396,4.735035877411996,-0.8179012791588454,0.9646891072118112
70.0,29.0,191.68667602539065,-3.978759399113609,1.8658977177299056,-4.885455121731669,-2.931250802715521,-3.136518262260061,0.2671571076170771,-1.041418530247906,4.275752269899344,-0.3646184427533587,0.7040084280346072
70.0,29.0,240.65060424804688,-4.148140992799374,1.5613347111180151,-4.870996148142957,-2.8743319738188147,-3.4831875491259288,0.345912495581288,-1.0428909374244102,4.292829254869539,-0.769500561082913,0.8116304243028816
70.0,29.0,224.107177734375,-4.047954490368231,1.8725144102480875,-4.843280723646678,-3.113831465612137,-2.262853007809188,0.2782626465675264,-0.6929267717796826,4.370651283130227,-1.1679958052458843,1.4801681380941265
70.0,29.0,204.9923553466797,-3.922382689316729,1.8470972349876265,-4.861096264745154,-3.144761493326007,-3.183987188967568,-0.432669362454968,-1.0289355926998702,4.300774239544054,-0.4058770881105519,0.6544962810849038
70.0,29.0,241.33572387695312,-3.355721331617966,3.30898135687871,-4.633075066238298,-3.793954879726925,-2.395432566191045,0.0521251788272218,-1.0764525122092872,4.376861307419188,-1.077991234870027,0.9518907696995288
70.0,29.0,160.8618927001953,-3.030027178989272,1.7733973193895476,-4.877059725003649,-3.0383700245191645,-3.032693759079466,0.8641455062900459,-1.053383293827007,4.338423416293948,-0.4452152258004726,0.7565709844852148
70.0,29.0,178.56536865234375,-3.913771525355603,1.883732474468672,-4.886714999470344,-3.005890070009017,-3.0922184819962046,-0.2975027970034738,-1.047872721025193,4.307219360006983,-0.4441526956280124,0.7357575876555427
70.0,29.0,198.45895385742188,-4.028992336508695,1.8771862866671247,-4.914198514324439,-3.085279398565808,-2.581761952983728,0.4186681493858351,-1.047931607722609,4.362718455765775,-1.2693751054762576,0.6478830862524226
70.0,29.0,216.31118774414065,-2.9334629272000114,2.132355745435442,-4.905883367223724,-3.0715568103792323,-2.699516486542432,-0.1854729400322584,-1.0424568395618778,3.869732936013356,-0.770375831383755,0.910642710079945
70.0,29.0,220.0723419189453,-4.140703503933901,0.7109350541656747,-4.843185469747144,-4.317167245691126,-2.553809441834371,-1.3716584947015753,-1.009891723757792,4.755544430291508,-1.2390353455376146,1.0733197291858718
70.0,29.0,250.71620178222656,-3.667354411287104,1.6349589968524154,-4.790595600987114,-3.114979043148896,-4.251186559251924,0.1413707881175568,-1.080939867082256,4.656949357353644,-0.7717230769227664,1.2725491083810998
70.0,29.0,234.5550079345703,-4.097042915786612,2.586285107854272,-4.833627621767459,-3.833311478674209,-2.259427062259479,-0.1397441590152457,-1.0398638227579022,4.299834599861867,-0.6293531703617239,0.7634690655812472
70.0,29.0,224.50003051757807,-4.591759260733542,0.8467244934494955,-4.859391850661025,-3.054578158195624,-2.7444585918536664,-0.1691917023263659,-1.0540444590623828,4.279067310448566,-0.5306661639941853,0.9556572110965909
70.0,29.0,199.6679077148437,-3.9079371474455193,1.833041600598056,-4.902268378419014,-3.0457555796638824,-2.8746781677767848,0.9081503881627984,-0.9216393340460703,4.358472570920068,-0.4712806620127977,1.6666986473807603
70.0,29.0,204.9386444091797,-4.911051898261931,1.6652841645707634,-4.834673807374948,-1.6566290489086744,-2.035709204758102,1.267316568519958,-1.0494991764801582,4.732699544544123,-0.8388802162202884,0.7278623851785704
70.0,29.0,222.4643402099609,-3.89071174558306,1.899830897772,-4.8281024760496845,-3.17315757301944,-3.884924115933823,-0.6353160877661153,-1.0538728405775408,3.9875727967845136,-1.2461144615976048,0.99751680391348
70.0,29.0,200.717529296875,-4.001144700875036,1.8052142890482208,-4.838898179879716,-2.5972174847941174,-3.106695353776482,-0.2435243360379605,-0.9208652504008312,4.355307949947967,-0.4457056197498408,1.2972355999436411
70.0,29.0,221.1341857910156,-4.105557615060316,0.5350903899712054,-4.9452667564964,-3.0732575509372246,-1.9410267705935544,0.2691242121615603,-1.1537792013149737,4.28082098088091,-1.1548388928508468,0.7594628659241668
70.0,29.0,238.4111175537109,-3.79047793218404,1.7019890131388915,-4.900299878687286,-1.6358527396520983,-3.9778474526976666,0.9832182496859416,-0.4223498128601423,4.776644703090076,-0.8938550211279955,0.7391639453237007
70.0,29.0,229.862533569336,-3.405762084384892,0.6914097382305799,-4.788224505345845,-3.012533737487922,-2.746181820392548,-0.8375035769759003,-1.0044063714064029,3.9420753250566,-0.8543242536095635,0.7962795036421974
70.0,29.0,216.64889526367188,-3.119200354622974,1.0381176817895923,-4.69307522512295,-1.6392443033678898,-2.8010636188402933,0.2843458672433435,-0.9554619730909504,4.386770655722996,-0.4773885801804987,2.273100919956005
70.0,29.0,234.5803985595703,-3.1457474746250265,1.1138519548607442,-4.94322487820198,-1.6733371731008555,-2.5887209533735223,0.7619259169880531,-1.2150859208139808,4.708253645392563,-0.3265650397336059,2.226918945636021
70.0,29.0,239.0243377685547,-4.051409346506912,2.063886860580763,-4.843229970009615,-1.6962553641924465,-1.947556494525905,0.9460816389313382,-1.4409639156178415,4.254907946189098,-2.252831223023224,1.679280647292548
70.0,29.0,232.1431579589844,-3.7106868888975386,1.762921662027069,-4.8415845737255445,-3.111576788079728,-4.439083283800393,-0.3263494250784056,-1.0092274854478578,4.303284198288825,-0.3430147811458678,0.8388361094413049
70.0,29.0,220.28042602539065,-3.929695366225484,1.712906943397469,-4.885886470786509,-2.9665827370645257,-2.1846864625847653,0.0873340968318023,-1.0302824479734634,4.687917373594785,-1.1377745367499963,1.0541599687265393
70.0,29.0,214.5237579345703,-3.937840222145909,1.2070550596292602,-4.915145383578925,-2.147646106746824,-1.9694024006098945,0.4349099823484428,-0.9693657380849914,4.338018272635996,-1.2148459693268836,0.6745713341967368
70.0,29.0,203.88360595703125,-3.8651540666740143,1.8796331880000483,-4.881909598484957,-3.67342734263625,-3.4913881027543927,-0.1919946875921845,-1.0352835389161024,4.3125872899123525,-1.1634764899508645,0.6914597529804754
70.0,29.0,220.69509887695312,-4.827787435327566,1.812180557005387,-4.872866935058768,-3.456941716013411,-3.123108385663816,-0.8106788713499544,-1.0625401322864128,4.240329060390388,-0.7446450381753249,1.0049975897405856
70.0,29.0,212.59169006347656,-4.051129594651362,2.0599724719179884,-4.836438775255091,-3.194537426966957,-2.595461269287239,-0.3192579693180122,-1.0435841902301948,4.767130651431444,-0.7380622227459888,0.7639957700228598
70.0,29.0,211.2217559814453,-4.121693427765526,1.732177982542512,-4.852881366654629,-3.0227962983794128,-2.828369998479229,0.1761643844917938,-1.019233140439491,4.312759382357336,-0.8249027509689486,1.3194829615184829
70.0,29.0,217.5282287597656,-4.124569606501551,2.135042841410181,-4.886444691672467,-3.0084432881759167,-2.689526815522628,0.6560557767848401,-0.980432342855166,4.417601584727334,-0.44245086235639,0.3585648234024501
70.0,29.0,232.2017364501953,-3.896462185178109,1.864702971903084,-4.875557141969705,-3.61141662912402,-3.372657943618952,0.4391459307533778,-1.0482724681950095,4.398045893220717,-0.4230809704934609,0.7849202811851133
70.0,29.0,251.9114227294922,-3.474095713856033,2.548578013567722,-4.708403220648034,-3.284414918114962,-2.128050751395567,0.3552937469061453,-0.4935866340844845,4.747025478842098,-2.279029273225384,0.9698540097038848
70.0,29.0,218.52462768554688,-3.7547564562551057,1.885322583390035,-4.890264595786082,-1.6347846904129597,-3.088114440424677,-1.3451312699298246,-1.0498091482996772,4.350684889033335,-0.4448602034637291,0.5922997623688067
70.0,29.0,192.20901489257807,-3.903974715613189,1.8762874703309,-4.885864457429877,-2.948137160707289,-3.0660236297190844,-0.3787866106474118,-0.974146545487258,4.331908056503764,-0.4834413133332569,0.7512723133222182
70.0,29.0,203.50698852539065,-4.002838968935249,1.5932768789775669,-4.879972522619296,-3.1049215560729966,-3.093876895473604,-0.2693072415757753,-1.019265982390397,4.823078729746627,-0.732579567027802,0.7725279645802882
70.0,29.0,222.24118041992188,-3.914235862749834,1.7565849692866728,-4.821912450227002,-2.683699394309843,-3.16864606375437,-0.3934314306761656,-1.0440185336519148,4.032860180491977,-0.4707549834702328,1.425248528948462
70.0,30.0,186.09429931640625,-3.931594831204597,1.7040257799944,-4.970654616476576,-3.061821770273684,-2.957598076863892,-0.3226568942638571,-1.0231640904101764,4.3351257272386565,-0.4466357054976145,0.9749700721452824
70.0,30.0,202.2312469482422,-3.993803709103144,1.895196634268388,-4.870893271068598,-3.081067979289676,-3.099094428029116,-0.2958164770417081,-0.9997283828790192,4.32927425115934,-0.5753238271669275,0.7663405784839254
70.0,30.0,243.576904296875,-4.902097768584221,1.980780023898118,-4.667792859354169,-1.626564740514915,-1.990463683581397,0.9169250183836885,-1.1282599957512156,4.766405291482026,-2.258107313538132,1.6370854079808286
70.0,30.0,195.2211761474609,-2.864067748512182,1.639527969597854,-4.86224001238643,-3.015338991699468,-3.005593938628276,1.8636780210418435,-0.9795361301075448,4.350618841738229,-0.5430293820279831,1.8810925325547152
70.0,30.0,198.4769744873047,-3.901974070027296,1.8918883189339528,-4.918235179271408,-3.0636170711583057,-2.607364677926686,-0.3473892689142147,-1.0543018240442068,4.639732112299116,-0.4988249087846335,0.6742673668755962
70.0,30.0,206.82766723632807,-3.808582885618192,1.8085912577494416,-4.882943366509625,-2.807908505394217,-3.174669839651518,-0.0939877495960165,-1.0368885733434905,4.320307051154723,-0.4148671049664014,0.7032397616959954
70.0,30.0,214.55453491210932,-2.9220575745659465,1.7669116634407511,-4.895162659450973,-3.18162001371819,-2.999537313525618,0.5349372582416971,-1.0747215508233536,4.249109655287587,-0.4148544161275562,0.7132935547907171
70.0,30.0,181.05616760253903,-3.928305740708015,1.9123212289654168,-4.91788751714991,-2.998603588579736,-3.0732698542068,-0.332549045182909,-1.0865381964092904,4.324808333799027,-0.4420116799647245,0.9836065782942632
70.0,30.0,214.5552673339844,-3.1067166719247554,1.9281812631950943,-4.705096248669634,-2.9224822341415475,-3.181229377795913,1.1413430182049664,-1.0402494372285078,4.318109265286108,-0.3728205921156148,0.816449784907956
70.0,30.0,242.93414306640625,-4.314503995440085,2.589066572195527,-4.738884375836779,-1.6533763669623125,-1.9177387943668864,1.4482485512569172,-1.0479522101639764,4.010036820630492,-1.9894474929782653,0.7856943760839716
70.0,30.0,214.8397674560547,-3.475355958066018,1.93303736072634,-4.857084439886076,-2.9710903719643964,-2.8966122175938973,1.7903660257080232,-1.0528223369051166,4.312016220743721,-0.4581849716241587,1.2452089471053829
70.0,30.0,194.934814453125,-3.8901991192035807,1.895137659100692,-4.886179510655577,-3.05271022197614,-3.09783652943099,-0.134538419022438,-0.9927953148690036,4.308401656304204,-0.4187438752615099,1.307830121642794
70.0,30.0,195.18731689453125,-3.2385980368204423,1.7285802312189276,-4.769632790165409,-2.8992951296389258,-2.989067015260295,1.235426606567029,-1.0938415675799396,4.735035877411996,-0.8179012791588454,0.9646891072118112
70.0,30.0,191.68667602539065,-3.978759399113609,1.8658977177299056,-4.885455121731669,-2.931250802715521,-3.136518262260061,0.2671571076170771,-1.041418530247906,4.275752269899344,-0.3646184427533587,0.7040084280346072
70.0,30.0,214.3700256347656,-4.099706257230023,1.8516562336474585,-4.837189943158729,-2.997352241164723,-3.634227092349994,1.8892170924319007,-1.0506408643950789,4.313847971663665,-0.6368003035079878,0.9550865572395988
70.0,30.0,224.107177734375,-4.047954490368231,1.8725144102480875,-4.843280723646678,-3.113831465612137,-2.262853007809188,0.2782626465675264,-0.6929267717796826,4.370651283130227,-1.1679958052458843,1.4801681380941265
70.0,30.0,204.9923553466797,-3.922382689316729,1.8470972349876265,-4.861096264745154,-3.144761493326007,-3.183987188967568,-0.432669362454968,-1.0289355926998702,4.300774239544054,-0.4058770881105519,0.6544962810849038
70.0,30.0,236.08056640625,-2.1290813736962564,3.824245761407553,-4.700036563619728,-3.0643134354089216,-3.4238419074151434,0.7331214887003643,-0.94136718073107,4.3738104385815975,-0.4851811410890728,0.4486440354081429
70.0,30.0,160.01856994628906,-2.220169854322381,1.7733973193895476,-4.877059725003649,-3.0383700245191645,-3.032693759079466,0.8641455062900459,-1.053383293827007,3.117527630893025,-0.4452152258004726,0.7565709844852148
70.0,30.0,178.56536865234375,-3.913771525355603,1.883732474468672,-4.886714999470344,-3.005890070009017,-3.0922184819962046,-0.2975027970034738,-1.047872721025193,4.307219360006983,-0.4441526956280124,0.7357575876555427
70.0,30.0,198.45895385742188,-4.028992336508695,1.8771862866671247,-4.914198514324439,-3.085279398565808,-2.581761952983728,0.4186681493858351,-1.047931607722609,4.362718455765775,-1.2693751054762576,0.6478830862524226
70.0,30.0,216.31118774414065,-2.9334629272000114,2.132355745435442,-4.905883367223724,-3.0715568103792323,-2.699516486542432,-0.1854729400322584,-1.0424568395618778,3.869732936013356,-0.770375831383755,0.910642710079945
70.0,30.0,220.0723419189453,-4.140703503933901,0.7109350541656747,-4.843185469747144,-4.317167245691126,-2.553809441834371,-1.3716584947015753,-1.009891723757792,4.755544430291508,-1.2390353455376146,1.0733197291858718
70.0,30.0,250.71620178222656,-3.667354411287104,1.6349589968524154,-4.790595600987114,-3.114979043148896,-4.251186559251924,0.1413707881175568,-1.080939867082256,4.656949357353644,-0.7717230769227664,1.2725491083810998
70.0,30.0,219.1949157714844,-3.435322150819377,1.9758003099932924,-4.9218467196803815,-3.2710701139083667,-3.1205972311192065,1.6732344220064728,-1.0507677016134624,3.993857273618109,-0.452040987098053,0.7504742784546248
70.0,30.0,224.50003051757807,-4.591759260733542,0.8467244934494955,-4.859391850661025,-3.054578158195624,-2.7444585918536664,-0.1691917023263659,-1.0540444590623828,4.279067310448566,-0.5306661639941853,0.9556572110965909
70.0,30.0,199.6679077148437,-3.9079371474455193,1.833041600598056,-4.902268378419014,-3.0457555796638824,-2.8746781677767848,0.9081503881627984,-0.9216393340460703,4.358472570920068,-0.4712806620127977,1.6666986473807603
70.0,30.0,204.9386444091797,-4.911051898261931,1.6652841645707634,-4.834673807374948,-1.6566290489086744,-2.035709204758102,1.267316568519958,-1.0494991764801582,4.732699544544123,-0.8388802162202884,0.7278623851785704
70.0,30.0,222.4643402099609,-3.89071174558306,1.899830897772,-4.8281024760496845,-3.17315757301944,-3.884924115933823,-0.6353160877661153,-1.0538728405775408,3.9875727967845136,-1.2461144615976048,0.99751680391348
70.0,30.0,200.717529296875,-4.001144700875036,1.8052142890482208,-4.838898179879716,-2.5972174847941174,-3.106695353776482,-0.2435243360379605,-0.9208652504008312,4.355307949947967,-0.4457056197498408,1.2972355999436411
70.0,30.0,221.1341857910156,-4.105557615060316,0.5350903899712054,-4.9452667564964,-3.0732575509372246,-1.9410267705935544,0.2691242121615603,-1.1537792013149737,4.28082098088091,-1.1548388928508468,0.7594628659241668
70.0,30.0,238.4111175537109,-3.79047793218404,1.7019890131388915,-4.900299878687286,-1.6358527396520983,-3.9778474526976666,0.9832182496859416,-0.4223498128601423,4.776644703090076,-0.8938550211279955,0.7391639453237007
70.0,30.0,229.862533569336,-3.405762084384892,0.6914097382305799,-4.788224505345845,-3.012533737487922,-2.746181820392548,-0.8375035769759003,-1.0044063714064029,3.9420753250566,-0.8543242536095635,0.7962795036421974
70.0,30.0,216.64889526367188,-3.119200354622974,1.0381176817895923,-4.69307522512295,-1.6392443033678898,-2.8010636188402933,0.2843458672433435,-0.9554619730909504,4.386770655722996,-0.4773885801804987,2.273100919956005
70.0,30.0,234.5803985595703,-3.1457474746250265,1.1138519548607442,-4.94322487820198,-1.6733371731008555,-2.5887209533735223,0.7619259169880531,-1.2150859208139808,4.708253645392563,-0.3265650397336059,2.226918945636021
70.0,30.0,239.0243377685547,-4.051409346506912,2.063886860580763,-4.843229970009615,-1.6962553641924465,-1.947556494525905,0.9460816389313382,-1.4409639156178415,4.254907946189098,-2.252831223023224,1.679280647292548
70.0,30.0,232.1431579589844,-3.7106868888975386,1.762921662027069,-4.8415845737255445,-3.111576788079728,-4.439083283800393,-0.3263494250784056,-1.0092274854478578,4.303284198288825,-0.3430147811458678,0.8388361094413049
70.0,30.0,209.1298675537109,-2.9683377486578544,1.6144843110960605,-4.872296552134853,-3.0217421871286243,-2.834596174185479,0.8392311302605906,-1.08809759979007,4.771861263266255,-0.52416246701282,0.6215861999604692
70.0,30.0,214.5237579345703,-3.937840222145909,1.2070550596292602,-4.915145383578925,-2.147646106746824,-1.9694024006098945,0.4349099823484428,-0.9693657380849914,4.338018272635996,-1.2148459693268836,0.6745713341967368
70.0,30.0,203.88360595703125,-3.8651540666740143,1.8796331880000483,-4.881909598484957,-3.67342734263625,-3.4913881027543927,-0.1919946875921845,-1.0352835389161024,4.3125872899123525,-1.1634764899508645,0.6914597529804754
70.0,30.0,207.2068634033203,-3.9594525133777374,1.5679729195390473,-4.833264438237085,-3.5267942206520098,-3.039503485301198,1.4228300208512563,-1.0556946110523606,4.318104904437191,-0.6004107870774191,1.3200654095077928
70.0,30.0,212.59169006347656,-4.051129594651362,2.0599724719179884,-4.836438775255091,-3.194537426966957,-2.595461269287239,-0.3192579693180122,-1.0435841902301948,4.767130651431444,-0.7380622227459888,0.7639957700228598
70.0,30.0,211.2217559814453,-4.121693427765526,1.732177982542512,-4.852881366654629,-3.0227962983794128,-2.828369998479229,0.1761643844917938,-1.019233140439491,4.312759382357336,-0.8249027509689486,1.3194829615184829
70.0,30.0,217.5282287597656,-4.124569606501551,2.135042841410181,-4.886444691672467,-3.0084432881759167,-2.689526815522628,0.6560557767848401,-0.980432342855166,4.417601584727334,-0.44245086235639,0.3585648234024501
70.0,30.0,222.5635986328125,-3.0818876014602106,1.6959175149375634,-4.872630268799531,-2.896648448314833,-3.215014434921141,1.7429930149539767,-1.0493765567279831,4.471619825690958,-0.4288513723734943,0.9379079548066632
70.0,30.0,251.9114227294922,-3.474095713856033,2.548578013567722,-4.708403220648034,-3.284414918114962,-2.128050751395567,0.3552937469061453,-0.4935866340844845,4.747025478842098,-2.279029273225384,0.9698540097038848
70.0,30.0,196.66140747070312,-2.962510305666041,1.860772504389272,-4.873346747698211,-1.23905045814808,-3.0638572512427324,1.905593729263112,-1.063183206687791,4.369502641962383,-0.4494385303059287,0.6902819776747696
70.0,30.0,192.20901489257807,-3.903974715613189,1.8762874703309,-4.885864457429877,-2.948137160707289,-3.0660236297190844,-0.3787866106474118,-0.974146545487258,4.331908056503764,-0.4834413133332569,0.7512723133222182
70.0,30.0,203.50698852539065,-4.002838968935249,1.5932768789775669,-4.879972522619296,-3.1049215560729966,-3.093876895473604,-0.2693072415757753,-1.019265982390397,4.823078729746627,-0.732579567027802,0.7725279645802882
70.0,30.0,222.24118041992188,-3.914235862749834,1.7565849692866728,-4.821912450227002,-2.683699394309843,-3.16864606375437,-0.3934314306761656,-1.0440185336519148,4.032860180491977,-0.4707549834702328,1.425248528948462
70.0,31.0,186.09429931640625,-3.931594831204597,1.7040257799944,-4.970654616476576,-3.061821770273684,-2.957598076863892,-0.3226568942638571,-1.0231640904101764,4.3351257272386565,-0.4466357054976145,0.9749700721452824
70.0,31.0,202.2312469482422,-3.993803709103144,1.895196634268388,-4.870893271068598,-3.081067979289676,-3.099094428029116,-0.2958164770417081,-0.9997283828790192,4.32927425115934,-0.5753238271669275,0.7663405784839254
70.0,31.0,243.576904296875,-4.902097768584221,1.980780023898118,-4.667792859354169,-1.626564740514915,-1.990463683581397,0.9169250183836885,-1.1282599957512156,4.766405291482026,-2.258107313538132,1.6370854079808286
70.0,31.0,195.2211761474609,-2.864067748512182,1.639527969597854,-4.86224001238643,-3.015338991699468,-3.005593938628276,1.8636780210418435,-0.9795361301075448,4.350618841738229,-0.5430293820279831,1.8810925325547152
70.0,31.0,189.64303588867188,-2.943274833967772,1.805452887401765,-4.8851793694497445,-3.0933034503838504,-3.723725201619057,0.7926402989400068,-1.0588854607883422,3.279640348126688,-0.4654877895218452,0.67165793202814
70.0,31.0,201.46212768554688,-2.372774824999356,1.7082569411697115,-4.875106595272048,-2.7251876111253512,-3.119937344943448,-0.1276801183370424,-1.047461827257584,3.5267392438520617,-0.4402566227424604,0.7261294002645409
70.0,31.0,214.55453491210932,-2.9220575745659465,1.7669116634407511,-4.895162659450973,-3.18162001371819,-2.999537313525618,0.5349372582416971,-1.0747215508233536,4.249109655287587,-0.4148544161275562,0.7132935547907171
70.0,31.0,181.05616760253903,-3.928305740708015,1.9123212289654168,-4.91788751714991,-2.998603588579736,-3.0732698542068,-0.332549045182909,-1.0865381964092904,4.324808333799027,-0.4420116799647245,0.9836065782942632
70.0,31.0,214.5552673339844,-3.1067166719247554,1.9281812631950943,-4.705096248669634,-2.9224822341415475,-3.181229377795913,1.1413430182049664,-1.0402494372285078,4.318109265286108,-0.3728205921156148,0.816449784907956
70.0,31.0,242.93414306640625,-4.314503995440085,2.589066572195527,-4.738884375836779,-1.6533763669623125,-1.9177387943668864,1.4482485512569172,-1.0479522101639764,4.010036820630492,-1.9894474929782653,0.7856943760839716
70.0,31.0,214.8397674560547,-3.475355958066018,1.93303736072634,-4.857084439886076,-2.9710903719643964,-2.8966122175938973,1.7903660257080232,-1.0528223369051166,4.312016220743721,-0.4581849716241587,1.2452089471053829
70.0,31.0,194.934814453125,-3.8901991192035807,1.895137659100692,-4.886179510655577,-3.05271022197614,-3.09783652943099,-0.134538419022438,-0.9927953148690036,4.308401656304204,-0.4187438752615099,1.307830121642794
70.0,31.0,195.18731689453125,-3.2385980368204423,1.7285802312189276,-4.769632790165409,-2.8992951296389258,-2.989067015260295,1.235426606567029,-1.0938415675799396,4.735035877411996,-0.8179012791588454,0.9646891072118112
70.0,31.0,191.68667602539065,-3.978759399113609,1.8658977177299056,-4.885455121731669,-2.931250802715521,-3.136518262260061,0.2671571076170771,-1.041418530247906,4.275752269899344,-0.3646184427533587,0.7040084280346072
70.0,31.0,214.3700256347656,-4.099706257230023,1.8516562336474585,-4.837189943158729,-2.997352241164723,-3.634227092349994,1.8892170924319007,-1.0506408643950789,4.313847971663665,-0.6368003035079878,0.9550865572395988
70.0,31.0,224.107177734375,-4.047954490368231,1.8725144102480875,-4.843280723646678,-3.113831465612137,-2.262853007809188,0.2782626465675264,-0.6929267717796826,4.370651283130227,-1.1679958052458843,1.4801681380941265
70.0,31.0,204.9923553466797,-3.922382689316729,1.8470972349876265,-4.861096264745154,-3.144761493326007,-3.183987188967568,-0.432669362454968,-1.0289355926998702,4.300774239544054,-0.4058770881105519,0.6544962810849038
70.0,31.0,236.08056640625,-2.1290813736962564,3.824245761407553,-4.700036563619728,-3.0643134354089216,-3.4238419074151434,0.7331214887003643,-0.94136718073107,4.3738104385815975,-0.4851811410890728,0.4486440354081429
70.0,31.0,160.01856994628906,-2.220169854322381,1.7733973193895476,-4.877059725003649,-3.0383700245191645,-3.032693759079466,0.8641455062900459,-1.053383293827007,3.117527630893025,-0.4452152258004726,0.7565709844852148
70.0,31.0,178.56536865234375,-3.913771525355603,1.883732474468672,-4.886714999470344,-3.005890070009017,-3.0922184819962046,-0.2975027970034738,-1.047872721025193,4.307219360006983,-0.4441526956280124,0.7357575876555427
70.0,31.0,198.45895385742188,-4.028992336508695,1.8771862866671247,-4.914198514324439,-3.085279398565808,-2.581761952983728,0.4186681493858351,-1.047931607722609,4.362718455765775,-1.2693751054762576,0.6478830862524226
70.0,31.0,216.31118774414065,-2.9334629272000114,2.132355745435442,-4.905883367223724,-3.0715568103792323,-2.699516486542432,-0.1854729400322584,-1.0424568395618778,3.869732936013356,-0.770375831383755,0.910642710079945
70.0,31.0,220.0723419189453,-4.140703503933901,0.7109350541656747,-4.843185469747144,-4.317167245691126,-2.553809441834371,-1.3716584947015753,-1.009891723757792,4.755544430291508,-1.2390353455376146,1.0733197291858718
70.0,31.0,239.12843322753903,-2.448021677258664,1.770726194504354,-4.775848904104748,-3.314704600898798,-3.1658967268475875,-0.3571351376571279,-1.059029062089431,2.1635225103897024,-0.4566445899556154,0.6285993954757536
70.0,31.0,200.43885803222656,-1.4722618978451338,1.5150312594116946,-4.881917686936822,-2.97590866804794,-3.0886392981270165,1.866074449289529,-1.0555846020292603,2.809248400666174,-0.4058408560361106,0.7470046565611353
70.0,31.0,216.84194946289065,-2.136429810580656,1.4374698875817389,-4.871044157834517,-3.0363813987443184,-3.0718333246112217,0.3209368081451291,-1.075330591746718,2.8987293508718155,-0.4705415752182557,0.8598829371532751
70.0,31.0,199.6679077148437,-3.9079371474455193,1.833041600598056,-4.902268378419014,-3.0457555796638824,-2.8746781677767848,0.9081503881627984,-0.9216393340460703,4.358472570920068,-0.4712806620127977,1.6666986473807603
70.0,31.0,204.9386444091797,-4.911051898261931,1.6652841645707634,-4.834673807374948,-1.6566290489086744,-2.035709204758102,1.267316568519958,-1.0494991764801582,4.732699544544123,-0.8388802162202884,0.7278623851785704
70.0,31.0,222.4643402099609,-3.89071174558306,1.899830897772,-4.8281024760496845,-3.17315757301944,-3.884924115933823,-0.6353160877661153,-1.0538728405775408,3.9875727967845136,-1.2461144615976048,0.99751680391348
70.0,31.0,175.5135955810547,-3.9090488953949887,1.7859067540409015,-4.947877033145323,-2.438215959708819,-3.083639817184455,0.8145819375545251,-0.9752124298710154,3.60916111720354,-0.4453514141807003,1.3071532897292408
70.0,31.0,221.1341857910156,-4.105557615060316,0.5350903899712054,-4.9452667564964,-3.0732575509372246,-1.9410267705935544,0.2691242121615603,-1.1537792013149737,4.28082098088091,-1.1548388928508468,0.7594628659241668
70.0,31.0,238.4111175537109,-3.79047793218404,1.7019890131388915,-4.900299878687286,-1.6358527396520983,-3.9778474526976666,0.9832182496859416,-0.4223498128601423,4.776644703090076,-0.8938550211279955,0.7391639453237007
70.0,31.0,229.862533569336,-3.405762084384892,0.6914097382305799,-4.788224505345845,-3.012533737487922,-2.746181820392548,-0.8375035769759003,-1.0044063714064029,3.9420753250566,-0.8543242536095635,0.7962795036421974
70.0,31.0,216.64889526367188,-3.119200354622974,1.0381176817895923,-4.69307522512295,-1.6392443033678898,-2.8010636188402933,0.2843458672433435,-0.9554619730909504,4.386770655722996,-0.4773885801804987,2.273100919956005
70.0,31.0,234.5803985595703,-3.1457474746250265,1.1138519548607442,-4.94322487820198,-1.6733371731008555,-2.5887209533735223,0.7619259169880531,-1.2150859208139808,4.708253645392563,-0.3265650397336059,2.226918945636021
70.0,31.0,239.0243377685547,-4.051409346506912,2.063886860580763,-4.843229970009615,-1.6962553641924465,-1.947556494525905,0.9460816389313382,-1.4409639156178415,4.254907946189098,-2.252831223023224,1.679280647292548
70.0,31.0,226.1978912353516,-3.0831397149321083,1.8208299417725984,-4.806912255339279,-2.816681081558725,-3.207070726844985,0.2490826144544007,-1.08223755064419,3.282607096479179,-0.5354857974833559,0.8093846484507512
70.0,31.0,209.1298675537109,-2.9683377486578544,1.6144843110960605,-4.872296552134853,-3.0217421871286243,-2.834596174185479,0.8392311302605906,-1.08809759979007,4.771861263266255,-0.52416246701282,0.6215861999604692
70.0,31.0,214.5237579345703,-3.937840222145909,1.2070550596292602,-4.915145383578925,-2.147646106746824,-1.9694024006098945,0.4349099823484428,-0.9693657380849914,4.338018272635996,-1.2148459693268836,0.6745713341967368
70.0,31.0,203.88360595703125,-3.8651540666740143,1.8796331880000483,-4.881909598484957,-3.67342734263625,-3.4913881027543927,-0.1919946875921845,-1.0352835389161024,4.3125872899123525,-1.1634764899508645,0.6914597529804754
70.0,31.0,207.2068634033203,-3.9594525133777374,1.5679729195390473,-4.833264438237085,-3.5267942206520098,-3.039503485301198,1.4228300208512563,-1.0556946110523606,4.318104904437191,-0.6004107870774191,1.3200654095077928
70.0,31.0,189.5943603515625,-3.1024619854241693,1.9542638691880048,-4.9371622267494,-3.114848891881754,-2.4681314111151567,1.1297204931280165,-1.044395755483183,4.848584040587594,-0.7908792526412859,0.7761971054969792
70.0,31.0,180.58837890625,-2.1799902259401165,1.7513112225905567,-4.856879756093877,-3.050645232846204,-2.5871631856568333,1.4166093527821966,-1.0468264443885902,4.366687430762195,-0.9127855496488892,1.0816258685645717
70.0,31.0,217.5282287597656,-4.124569606501551,2.135042841410181,-4.886444691672467,-3.0084432881759167,-2.689526815522628,0.6560557767848401,-0.980432342855166,4.417601584727334,-0.44245086235639,0.3585648234024501
70.0,31.0,222.5635986328125,-3.0818876014602106,1.6959175149375634,-4.872630268799531,-2.896648448314833,-3.215014434921141,1.7429930149539767,-1.0493765567279831,4.471619825690958,-0.4288513723734943,0.9379079548066632
70.0,31.0,251.9114227294922,-3.474095713856033,2.548578013567722,-4.708403220648034,-3.284414918114962,-2.128050751395567,0.3552937469061453,-0.4935866340844845,4.747025478842098,-2.279029273225384,0.9698540097038848
70.0,31.0,196.66140747070312,-2.962510305666041,1.860772504389272,-4.873346747698211,-1.23905045814808,-3.0638572512427324,1.905593729263112,-1.063183206687791,4.369502641962383,-0.4494385303059287,0.6902819776747696
70.0,31.0,192.20901489257807,-3.903974715613189,1.8762874703309,-4.885864457429877,-2.948137160707289,-3.0660236297190844,-0.3787866106474118,-0.974146545487258,4.331908056503764,-0.4834413133332569,0.7512723133222182
70.0,31.0,203.50698852539065,-4.002838968935249,1.5932768789775669,-4.879972522619296,-3.1049215560729966,-3.093876895473604,-0.2693072415757753,-1.019265982390397,4.823078729746627,-0.732579567027802,0.7725279645802882
70.0,31.0,195.8362274169922,-2.000588657084683,1.6745964619984175,-4.927525096700744,-2.599956816427021,-3.0259111844637494,0.7994297404692992,-1.045714927008234,3.093767498786364,-0.558400213883403,0.7351433313328819
70.0,32.0,186.09429931640625,-3.931594831204597,1.7040257799944,-4.970654616476576,-3.061821770273684,-2.957598076863892,-0.3226568942638571,-1.0231640904101764,4.3351257272386565,-0.4466357054976145,0.9749700721452824
70.0,32.0,202.2312469482422,-3.993803709103144,1.895196634268388,-4.870893271068598,-3.081067979289676,-3.099094428029116,-0.2958164770417081,-0.9997283828790192,4.32927425115934,-0.5753238271669275,0.7663405784839254
70.0,32.0,242.9097900390625,-2.1911669286991087,2.062555511180967,-4.589556901690429,-3.86338669778029,-3.0217644701422746,0.3087873576850624,-1.2377871855859597,4.8489529541359175,-1.4523163753639066,0.8057799338467916
70.0,32.0,195.2211761474609,-2.864067748512182,1.639527969597854,-4.86224001238643,-3.015338991699468,-3.005593938628276,1.8636780210418435,-0.9795361301075448,4.350618841738229,-0.5430293820279831,1.8810925325547152
70.0,32.0,189.64303588867188,-2.943274833967772,1.805452887401765,-4.8851793694497445,-3.0933034503838504,-3.723725201619057,0.7926402989400068,-1.0588854607883422,3.279640348126688,-0.4654877895218452,0.67165793202814
70.0,32.0,201.46212768554688,-2.372774824999356,1.7082569411697115,-4.875106595272048,-2.7251876111253512,-3.119937344943448,-0.1276801183370424,-1.047461827257584,3.5267392438520617,-0.4402566227424604,0.7261294002645409
70.0,32.0,180.54507446289065,-2.1385930321989752,1.769323223377871,-4.870967933215387,-3.065324921748428,-2.9697432354451365,0.9496375420638123,-1.0421341711025496,2.7446300743407006,-0.4542230926058549,0.7271496564291066
70.0,32.0,181.05616760253903,-3.928305740708015,1.9123212289654168,-4.91788751714991,-2.998603588579736,-3.0732698542068,-0.332549045182909,-1.0865381964092904,4.324808333799027,-0.4420116799647245,0.9836065782942632
70.0,32.0,214.5552673339844,-3.1067166719247554,1.9281812631950943,-4.705096248669634,-2.9224822341415475,-3.181229377795913,1.1413430182049664,-1.0402494372285078,4.318109265286108,-0.3728205921156148,0.816449784907956
70.0,32.0,242.93414306640625,-4.314503995440085,2.589066572195527,-4.738884375836779,-1.6533763669623125,-1.9177387943668864,1.4482485512569172,-1.0479522101639764,4.010036820630492,-1.9894474929782653,0.7856943760839716
70.0,32.0,184.7637481689453,-2.295257409215237,1.8252397679538228,-4.875873536918332,-3.025795570640355,-2.6714738600084367,0.6070706071715752,-1.0565695199725564,4.312016220743721,-0.4713443792523581,1.2668967370484647
70.0,32.0,194.934814453125,-3.8901991192035807,1.895137659100692,-4.886179510655577,-3.05271022197614,-3.09783652943099,-0.134538419022438,-0.9927953148690036,4.308401656304204,-0.4187438752615099,1.307830121642794
70.0,32.0,195.18731689453125,-3.2385980368204423,1.7285802312189276,-4.769632790165409,-2.8992951296389258,-2.989067015260295,1.235426606567029,-1.0938415675799396,4.735035877411996,-0.8179012791588454,0.9646891072118112
70.0,32.0,191.68667602539065,-3.978759399113609,1.8658977177299056,-4.885455121731669,-2.931250802715521,-3.136518262260061,0.2671571076170771,-1.041418530247906,4.275752269899344,-0.3646184427533587,0.7040084280346072
70.0,32.0,214.3700256347656,-4.099706257230023,1.8516562336474585,-4.837189943158729,-2.997352241164723,-3.634227092349994,1.8892170924319007,-1.0506408643950789,4.313847971663665,-0.6368003035079878,0.9550865572395988
70.0,32.0,210.84909057617188,-1.869154250088637,1.8210787113135751,-4.899193131222925,-3.185042296296173,-3.885765215712453,0.8725473786897544,-1.0735385992034034,4.340961587556614,-1.0111526337252448,1.7125418334358864
70.0,32.0,204.9923553466797,-3.922382689316729,1.8470972349876265,-4.861096264745154,-3.144761493326007,-3.183987188967568,-0.432669362454968,-1.0289355926998702,4.300774239544054,-0.4058770881105519,0.6544962810849038
70.0,32.0,236.08056640625,-2.1290813736962564,3.824245761407553,-4.700036563619728,-3.0643134354089216,-3.4238419074151434,0.7331214887003643,-0.94136718073107,4.3738104385815975,-0.4851811410890728,0.4486440354081429
70.0,32.0,160.01856994628906,-2.220169854322381,1.7733973193895476,-4.877059725003649,-3.0383700245191645,-3.032693759079466,0.8641455062900459,-1.053383293827007,3.117527630893025,-0.4452152258004726,0.7565709844852148
70.0,32.0,178.56536865234375,-3.913771525355603,1.883732474468672,-4.886714999470344,-3.005890070009017,-3.0922184819962046,-0.2975027970034738,-1.047872721025193,4.307219360006983,-0.4441526956280124,0.7357575876555427
70.0,32.0,198.45895385742188,-4.028992336508695,1.8771862866671247,-4.914198514324439,-3.085279398565808,-2.581761952983728,0.4186681493858351,-1.047931607722609,4.362718455765775,-1.2693751054762576,0.6478830862524226
70.0,32.0,216.31118774414065,-2.9334629272000114,2.132355745435442,-4.905883367223724,-3.0715568103792323,-2.699516486542432,-0.1854729400322584,-1.0424568395618778,3.869732936013356,-0.770375831383755,0.910642710079945
70.0,32.0,220.0723419189453,-4.140703503933901,0.7109350541656747,-4.843185469747144,-4.317167245691126,-2.553809441834371,-1.3716584947015753,-1.009891723757792,4.755544430291508,-1.2390353455376146,1.0733197291858718
70.0,32.0,239.12843322753903,-2.448021677258664,1.770726194504354,-4.775848904104748,-3.314704600898798,-3.1658967268475875,-0.3571351376571279,-1.059029062089431,2.1635225103897024,-0.4566445899556154,0.6285993954757536
70.0,32.0,200.43885803222656,-1.4722618978451338,1.5150312594116946,-4.881917686936822,-2.97590866804794,-3.0886392981270165,1.866074449289529,-1.0555846020292603,2.809248400666174,-0.4058408560361106,0.7470046565611353
70.0,32.0,190.2640686035156,-2.024026489352128,1.726081170460554,-4.880266336930236,-3.0282271907543645,-2.9591665918154986,0.3558027846340676,-1.06625263617685,2.4001364684534514,-0.4445145876034891,1.0461133028841334
70.0,32.0,199.6679077148437,-3.9079371474455193,1.833041600598056,-4.902268378419014,-3.0457555796638824,-2.8746781677767848,0.9081503881627984,-0.9216393340460703,4.358472570920068,-0.4712806620127977,1.6666986473807603
70.0,32.0,204.9386444091797,-4.911051898261931,1.6652841645707634,-4.834673807374948,-1.6566290489086744,-2.035709204758102,1.267316568519958,-1.0494991764801582,4.732699544544123,-0.8388802162202884,0.7278623851785704
70.0,32.0,222.4643402099609,-3.89071174558306,1.899830897772,-4.8281024760496845,-3.17315757301944,-3.884924115933823,-0.6353160877661153,-1.0538728405775408,3.9875727967845136,-1.2461144615976048,0.99751680391348
70.0,32.0,175.5135955810547,-3.9090488953949887,1.7859067540409015,-4.947877033145323,-2.438215959708819,-3.083639817184455,0.8145819375545251,-0.9752124298710154,3.60916111720354,-0.4453514141807003,1.3071532897292408
70.0,32.0,221.1341857910156,-4.105557615060316,0.5350903899712054,-4.9452667564964,-3.0732575509372246,-1.9410267705935544,0.2691242121615603,-1.1537792013149737,4.28082098088091,-1.1548388928508468,0.7594628659241668
70.0,32.0,214.34674072265625,-3.017210451292712,1.7904148831049125,-4.90235660380732,-3.722265151658564,-2.77999931959604,-0.2908202591001321,-0.4908023245539286,2.8628624531349445,-0.445068132097154,0.4935068850469932
70.0,32.0,229.862533569336,-3.405762084384892,0.6914097382305799,-4.788224505345845,-3.012533737487922,-2.746181820392548,-0.8375035769759003,-1.0044063714064029,3.9420753250566,-0.8543242536095635,0.7962795036421974
70.0,32.0,216.64889526367188,-3.119200354622974,1.0381176817895923,-4.69307522512295,-1.6392443033678898,-2.8010636188402933,0.2843458672433435,-0.9554619730909504,4.386770655722996,-0.4773885801804987,2.273100919956005
70.0,32.0,234.5803985595703,-3.1457474746250265,1.1138519548607442,-4.94322487820198,-1.6733371731008555,-2.5887209533735223,0.7619259169880531,-1.2150859208139808,4.708253645392563,-0.3265650397336059,2.226918945636021
70.0,32.0,239.0243377685547,-4.051409346506912,2.063886860580763,-4.843229970009615,-1.6962553641924465,-1.947556494525905,0.9460816389313382,-1.4409639156178415,4.254907946189098,-2.252831223023224,1.679280647292548
70.0,32.0,226.1978912353516,-3.0831397149321083,1.8208299417725984,-4.806912255339279,-2.816681081558725,-3.207070726844985,0.2490826144544007,-1.08223755064419,3.282607096479179,-0.5354857974833559,0.8093846484507512
70.0,32.0,209.1298675537109,-2.9683377486578544,1.6144843110960605,-4.872296552134853,-3.0217421871286243,-2.834596174185479,0.8392311302605906,-1.08809759979007,4.771861263266255,-0.52416246701282,0.6215861999604692
70.0,32.0,214.5237579345703,-3.937840222145909,1.2070550596292602,-4.915145383578925,-2.147646106746824,-1.9694024006098945,0.4349099823484428,-0.9693657380849914,4.338018272635996,-1.2148459693268836,0.6745713341967368
70.0,32.0,203.88360595703125,-3.8651540666740143,1.8796331880000483,-4.881909598484957,-3.67342734263625,-3.4913881027543927,-0.1919946875921845,-1.0352835389161024,4.3125872899123525,-1.1634764899508645,0.6914597529804754
70.0,32.0,207.2068634033203,-3.9594525133777374,1.5679729195390473,-4.833264438237085,-3.5267942206520098,-3.039503485301198,1.4228300208512563,-1.0556946110523606,4.318104904437191,-0.6004107870774191,1.3200654095077928
70.0,32.0,189.5943603515625,-3.1024619854241693,1.9542638691880048,-4.9371622267494,-3.114848891881754,-2.4681314111151567,1.1297204931280165,-1.044395755483183,4.848584040587594,-0.7908792526412859,0.7761971054969792
70.0,32.0,180.58837890625,-2.1799902259401165,1.7513112225905567,-4.856879756093877,-3.050645232846204,-2.5871631856568333,1.4166093527821966,-1.0468264443885902,4.366687430762195,-0.9127855496488892,1.0816258685645717
70.0,32.0,217.5282287597656,-4.124569606501551,2.135042841410181,-4.886444691672467,-3.0084432881759167,-2.689526815522628,0.6560557767848401,-0.980432342855166,4.417601584727334,-0.44245086235639,0.3585648234024501
70.0,32.0,180.9750061035156,-2.277891127254416,1.788315106750874,-4.870712401711131,-3.0731587147444266,-3.0554441273468007,0.2752373846329328,-1.0535770460136815,2.7251594306440485,-0.440974233760296,0.7594022680171996
70.0,32.0,251.9114227294922,-3.474095713856033,2.548578013567722,-4.708403220648034,-3.284414918114962,-2.128050751395567,0.3552937469061453,-0.4935866340844845,4.747025478842098,-2.279029273225384,0.9698540097038848
70.0,32.0,196.66140747070312,-2.962510305666041,1.860772504389272,-4.873346747698211,-1.23905045814808,-3.0638572512427324,1.905593729263112,-1.063183206687791,4.369502641962383,-0.4494385303059287,0.6902819776747696
70.0,32.0,192.20901489257807,-3.903974715613189,1.8762874703309,-4.885864457429877,-2.948137160707289,-3.0660236297190844,-0.3787866106474118,-0.974146545487258,4.331908056503764,-0.4834413133332569,0.7512723133222182
70.0,32.0,203.50698852539065,-4.002838968935249,1.5932768789775669,-4.879972522619296,-3.1049215560729966,-3.093876895473604,-0.2693072415757753,-1.019265982390397,4.823078729746627,-0.732579567027802,0.7725279645802882
70.0,32.0,195.8362274169922,-2.000588657084683,1.6745964619984175,-4.927525096700744,-2.599956816427021,-3.0259111844637494,0.7994297404692992,-1.045714927008234,3.093767498786364,-0.558400213883403,0.7351433313328819
70.0,33.0,186.09429931640625,-3.931594831204597,1.7040257799944,-4.970654616476576,-3.061821770273684,-2.957598076863892,-0.3226568942638571,-1.0231640904101764,4.3351257272386565,-0.4466357054976145,0.9749700721452824
70.0,33.0,200.3949279785156,-3.058713128559281,2.0421065109991035,-4.869225655779638,-2.9766643811118887,-3.133137049422207,0.6708071897670846,-1.039313282226866,4.4513074009826585,-0.5149519158574857,0.7721862280951298
70.0,33.0,242.9097900390625,-2.1911669286991087,2.062555511180967,-4.589556901690429,-3.86338669778029,-3.0217644701422746,0.3087873576850624,-1.2377871855859597,4.8489529541359175,-1.4523163753639066,0.8057799338467916
70.0,33.0,195.2211761474609,-2.864067748512182,1.639527969597854,-4.86224001238643,-3.015338991699468,-3.005593938628276,1.8636780210418435,-0.9795361301075448,4.350618841738229,-0.5430293820279831,1.8810925325547152
70.0,33.0,189.64303588867188,-2.943274833967772,1.805452887401765,-4.8851793694497445,-3.0933034503838504,-3.723725201619057,0.7926402989400068,-1.0588854607883422,3.279640348126688,-0.4654877895218452,0.67165793202814
70.0,33.0,185.4465484619141,-3.0739404100136385,1.7698190006777392,-4.882759578953078,-2.968824717777488,-3.1738656404432097,0.8365504671566214,-1.0455385691180024,3.7508206895439584,-0.4414284161004635,0.738138815894086
70.0,33.0,180.54507446289065,-2.1385930321989752,1.769323223377871,-4.870967933215387,-3.065324921748428,-2.9697432354451365,0.9496375420638123,-1.0421341711025496,2.7446300743407006,-0.4542230926058549,0.7271496564291066
70.0,33.0,181.05616760253903,-3.928305740708015,1.9123212289654168,-4.91788751714991,-2.998603588579736,-3.0732698542068,-0.332549045182909,-1.0865381964092904,4.324808333799027,-0.4420116799647245,0.9836065782942632
70.0,33.0,214.5552673339844,-3.1067166719247554,1.9281812631950943,-4.705096248669634,-2.9224822341415475,-3.181229377795913,1.1413430182049664,-1.0402494372285078,4.318109265286108,-0.3728205921156148,0.816449784907956
70.0,33.0,242.93414306640625,-4.314503995440085,2.589066572195527,-4.738884375836779,-1.6533763669623125,-1.9177387943668864,1.4482485512569172,-1.0479522101639764,4.010036820630492,-1.9894474929782653,0.7856943760839716
70.0,33.0,184.7637481689453,-2.295257409215237,1.8252397679538228,-4.875873536918332,-3.025795570640355,-2.6714738600084367,0.6070706071715752,-1.0565695199725564,4.312016220743721,-0.4713443792523581,1.2668967370484647
70.0,33.0,194.934814453125,-3.8901991192035807,1.895137659100692,-4.886179510655577,-3.05271022197614,-3.09783652943099,-0.134538419022438,-0.9927953148690036,4.308401656304204,-0.4187438752615099,1.307830121642794
70.0,33.0,195.18731689453125,-3.2385980368204423,1.7285802312189276,-4.769632790165409,-2.8992951296389258,-2.989067015260295,1.235426606567029,-1.0938415675799396,4.735035877411996,-0.8179012791588454,0.9646891072118112
70.0,33.0,191.68667602539065,-3.978759399113609,1.8658977177299056,-4.885455121731669,-2.931250802715521,-3.136518262260061,0.2671571076170771,-1.041418530247906,4.275752269899344,-0.3646184427533587,0.7040084280346072
70.0,33.0,214.3700256347656,-4.099706257230023,1.8516562336474585,-4.837189943158729,-2.997352241164723,-3.634227092349994,1.8892170924319007,-1.0506408643950789,4.313847971663665,-0.6368003035079878,0.9550865572395988
70.0,33.0,210.84909057617188,-1.869154250088637,1.8210787113135751,-4.899193131222925,-3.185042296296173,-3.885765215712453,0.8725473786897544,-1.0735385992034034,4.340961587556614,-1.0111526337252448,1.7125418334358864
70.0,33.0,204.9923553466797,-3.922382689316729,1.8470972349876265,-4.861096264745154,-3.144761493326007,-3.183987188967568,-0.432669362454968,-1.0289355926998702,4.300774239544054,-0.4058770881105519,0.6544962810849038
70.0,33.0,236.08056640625,-2.1290813736962564,3.824245761407553,-4.700036563619728,-3.0643134354089216,-3.4238419074151434,0.7331214887003643,-0.94136718073107,4.3738104385815975,-0.4851811410890728,0.4486440354081429
70.0,33.0,160.01856994628906,-2.220169854322381,1.7733973193895476,-4.877059725003649,-3.0383700245191645,-3.032693759079466,0.8641455062900459,-1.053383293827007,3.117527630893025,-0.4452152258004726,0.7565709844852148
70.0,33.0,178.56536865234375,-3.913771525355603,1.883732474468672,-4.886714999470344,-3.005890070009017,-3.0922184819962046,-0.2975027970034738,-1.047872721025193,4.307219360006983,-0.4441526956280124,0.7357575876555427
70.0,33.0,198.45895385742188,-4.028992336508695,1.8771862866671247,-4.914198514324439,-3.085279398565808,-2.581761952983728,0.4186681493858351,-1.047931607722609,4.362718455765775,-1.2693751054762576,0.6478830862524226
70.0,33.0,216.31118774414065,-2.9334629272000114,2.132355745435442,-4.905883367223724,-3.0715568103792323,-2.699516486542432,-0.1854729400322584,-1.0424568395618778,3.869732936013356,-0.770375831383755,0.910642710079945
70.0,33.0,220.0723419189453,-4.140703503933901,0.7109350541656747,-4.843185469747144,-4.317167245691126,-2.553809441834371,-1.3716584947015753,-1.009891723757792,4.755544430291508,-1.2390353455376146,1.0733197291858718
70.0,33.0,239.12843322753903,-2.448021677258664,1.770726194504354,-4.775848904104748,-3.314704600898798,-3.1658967268475875,-0.3571351376571279,-1.059029062089431,2.1635225103897024,-0.4566445899556154,0.6285993954757536
70.0,33.0,200.43885803222656,-1.4722618978451338,1.5150312594116946,-4.881917686936822,-2.97590866804794,-3.0886392981270165,1.866074449289529,-1.0555846020292603,2.809248400666174,-0.4058408560361106,0.7470046565611353
70.0,33.0,190.2640686035156,-2.024026489352128,1.726081170460554,-4.880266336930236,-3.0282271907543645,-2.9591665918154986,0.3558027846340676,-1.06625263617685,2.4001364684534514,-0.4445145876034891,1.0461133028841334
70.0,33.0,199.6679077148437,-3.9079371474455193,1.833041600598056,-4.902268378419014,-3.0457555796638824,-2.8746781677767848,0.9081503881627984,-0.9216393340460703,4.358472570920068,-0.4712806620127977,1.6666986473807603
70.0,33.0,204.9386444091797,-4.911051898261931,1.6652841645707634,-4.834673807374948,-1.6566290489086744,-2.035709204758102,1.267316568519958,-1.0494991764801582,4.732699544544123,-0.8388802162202884,0.7278623851785704
70.0,33.0,222.4643402099609,-3.89071174558306,1.899830897772,-4.8281024760496845,-3.17315757301944,-3.884924115933823,-0.6353160877661153,-1.0538728405775408,3.9875727967845136,-1.2461144615976048,0.99751680391348
70.0,33.0,175.5135955810547,-3.9090488953949887,1.7859067540409015,-4.947877033145323,-2.438215959708819,-3.083639817184455,0.8145819375545251,-0.9752124298710154,3.60916111720354,-0.4453514141807003,1.3071532897292408
70.0,33.0,218.08209228515625,-2.509958914558788,0.6118398500909566,-4.929618609246969,-3.07575849374592,-2.3894011556036188,1.2476542835411686,-1.0598148467596078,4.093022653072124,-0.8721910513452517,0.7536672493494615
70.0,33.0,214.34674072265625,-3.017210451292712,1.7904148831049125,-4.90235660380732,-3.722265151658564,-2.77999931959604,-0.2908202591001321,-0.4908023245539286,2.8628624531349445,-0.445068132097154,0.4935068850469932
70.0,33.0,229.862533569336,-3.405762084384892,0.6914097382305799,-4.788224505345845,-3.012533737487922,-2.746181820392548,-0.8375035769759003,-1.0044063714064029,3.9420753250566,-0.8543242536095635,0.7962795036421974
70.0,33.0,216.64889526367188,-3.119200354622974,1.0381176817895923,-4.69307522512295,-1.6392443033678898,-2.8010636188402933,0.2843458672433435,-0.9554619730909504,4.386770655722996,-0.4773885801804987,2.273100919956005
70.0,33.0,234.5803985595703,-3.1457474746250265,1.1138519548607442,-4.94322487820198,-1.6733371731008555,-2.5887209533735223,0.7619259169880531,-1.2150859208139808,4.708253645392563,-0.3265650397336059,2.226918945636021
70.0,33.0,239.0243377685547,-4.051409346506912,2.063886860580763,-4.843229970009615,-1.6962553641924465,-1.947556494525905,0.9460816389313382,-1.4409639156178415,4.254907946189098,-2.252831223023224,1.679280647292548
70.0,33.0,226.1978912353516,-3.0831397149321083,1.8208299417725984,-4.806912255339279,-2.816681081558725,-3.207070726844985,0.2490826144544007,-1.08223755064419,3.282607096479179,-0.5354857974833559,0.8093846484507512
70.0,33.0,209.1298675537109,-2.9683377486578544,1.6144843110960605,-4.872296552134853,-3.0217421871286243,-2.834596174185479,0.8392311302605906,-1.08809759979007,4.771861263266255,-0.52416246701282,0.6215861999604692
70.0,33.0,214.5237579345703,-3.937840222145909,1.2070550596292602,-4.915145383578925,-2.147646106746824,-1.9694024006098945,0.4349099823484428,-0.9693657380849914,4.338018272635996,-1.2148459693268836,0.6745713341967368
70.0,33.0,203.88360595703125,-3.8651540666740143,1.8796331880000483,-4.881909598484957,-3.67342734263625,-3.4913881027543927,-0.1919946875921845,-1.0352835389161024,4.3125872899123525,-1.1634764899508645,0.6914597529804754
70.0,33.0,207.2068634033203,-3.9594525133777374,1.5679729195390473,-4.833264438237085,-3.5267942206520098,-3.039503485301198,1.4228300208512563,-1.0556946110523606,4.318104904437191,-0.6004107870774191,1.3200654095077928
70.0,33.0,189.5943603515625,-3.1024619854241693,1.9542638691880048,-4.9371622267494,-3.114848891881754,-2.4681314111151567,1.1297204931280165,-1.044395755483183,4.848584040587594,-0.7908792526412859,0.7761971054969792
70.0,33.0,180.58837890625,-2.1799902259401165,1.7513112225905567,-4.856879756093877,-3.050645232846204,-2.5871631856568333,1.4166093527821966,-1.0468264443885902,4.366687430762195,-0.9127855496488892,1.0816258685645717
70.0,33.0,217.5282287597656,-4.124569606501551,2.135042841410181,-4.886444691672467,-3.0084432881759167,-2.689526815522628,0.6560557767848401,-0.980432342855166,4.417601584727334,-0.44245086235639,0.3585648234024501
70.0,33.0,180.9750061035156,-2.277891127254416,1.788315106750874,-4.870712401711131,-3.0731587147444266,-3.0554441273468007,0.2752373846329328,-1.0535770460136815,2.7251594306440485,-0.440974233760296,0.7594022680171996
70.0,33.0,241.61915588378903,-2.8709632968644616,0.986842151511638,-4.697714263911092,-3.054240707717494,-2.573835701262812,1.5125840419172625,0.0090686666545396,4.824483232605184,-0.9140929716197695,0.8951985014808814
70.0,33.0,196.66140747070312,-2.962510305666041,1.860772504389272,-4.873346747698211,-1.23905045814808,-3.0638572512427324,1.905593729263112,-1.063183206687791,4.369502641962383,-0.4494385303059287,0.6902819776747696
70.0,33.0,192.20901489257807,-3.903974715613189,1.8762874703309,-4.885864457429877,-2.948137160707289,-3.0660236297190844,-0.3787866106474118,-0.974146545487258,4.331908056503764,-0.4834413133332569,0.7512723133222182
70.0,33.0,203.50698852539065,-4.002838968935249,1.5932768789775669,-4.879972522619296,-3.1049215560729966,-3.093876895473604,-0.2693072415757753,-1.019265982390397,4.823078729746627,-0.732579567027802,0.7725279645802882
70.0,33.0,195.8362274169922,-2.000588657084683,1.6745964619984175,-4.927525096700744,-2.599956816427021,-3.0259111844637494,0.7994297404692992,-1.045714927008234,3.093767498786364,-0.558400213883403,0.7351433313328819
70.0,34.0,186.09429931640625,-3.931594831204597,1.7040257799944,-4.970654616476576,-3.061821770273684,-2.957598076863892,-0.3226568942638571,-1.0231640904101764,4.3351257272386565,-0.4466357054976145,0.9749700721452824
70.0,34.0,200.3949279785156,-3.058713128559281,2.0421065109991035,-4.869225655779638,-2.9766643811118887,-3.133137049422207,0.6708071897670846,-1.039313282226866,4.4513074009826585,-0.5149519158574857,0.7721862280951298
70.0,34.0,235.72964477539065,-3.262873301429732,1.893689242867254,-4.82126902285408,-3.5361211441600244,-2.980146319820233,1.2138995453238932,-1.0395241694460111,3.411971949660076,-1.4883346769792036,0.8866224914110873
70.0,34.0,195.2211761474609,-2.864067748512182,1.639527969597854,-4.86224001238643,-3.015338991699468,-3.005593938628276,1.8636780210418435,-0.9795361301075448,4.350618841738229,-0.5430293820279831,1.8810925325547152
70.0,34.0,176.45849609375,-2.36107885813798,1.80526726213777,-4.924995398556024,-2.987610131902112,-2.571271069918795,0.9626673393683598,-1.0599402531888256,3.624404877710607,-0.460208383941552,0.749427234459957
70.0,34.0,185.4465484619141,-3.0739404100136385,1.7698190006777392,-4.882759578953078,-2.968824717777488,-3.1738656404432097,0.8365504671566214,-1.0455385691180024,3.7508206895439584,-0.4414284161004635,0.738138815894086
70.0,34.0,180.54507446289065,-2.1385930321989752,1.769323223377871,-4.870967933215387,-3.065324921748428,-2.9697432354451365,0.9496375420638123,-1.0421341711025496,2.7446300743407006,-0.4542230926058549,0.7271496564291066
70.0,34.0,181.05616760253903,-3.928305740708015,1.9123212289654168,-4.91788751714991,-2.998603588579736,-3.0732698542068,-0.332549045182909,-1.0865381964092904,4.324808333799027,-0.4420116799647245,0.9836065782942632
70.0,34.0,214.5552673339844,-3.1067166719247554,1.9281812631950943,-4.705096248669634,-2.9224822341415475,-3.181229377795913,1.1413430182049664,-1.0402494372285078,4.318109265286108,-0.3728205921156148,0.816449784907956
70.0,34.0,231.48141479492188,-2.843407693887196,1.877422892886701,-4.753195350548271,-3.728087592055923,-2.944773458975314,0.9938437811073372,-1.0473757179116516,4.582690824398019,-0.4401348527872732,0.8136158780087339
70.0,34.0,184.7637481689453,-2.295257409215237,1.8252397679538228,-4.875873536918332,-3.025795570640355,-2.6714738600084367,0.6070706071715752,-1.0565695199725564,4.312016220743721,-0.4713443792523581,1.2668967370484647
70.0,34.0,194.934814453125,-3.8901991192035807,1.895137659100692,-4.886179510655577,-3.05271022197614,-3.09783652943099,-0.134538419022438,-0.9927953148690036,4.308401656304204,-0.4187438752615099,1.307830121642794
70.0,34.0,195.18731689453125,-3.2385980368204423,1.7285802312189276,-4.769632790165409,-2.8992951296389258,-2.989067015260295,1.235426606567029,-1.0938415675799396,4.735035877411996,-0.8179012791588454,0.9646891072118112
70.0,34.0,191.68667602539065,-3.978759399113609,1.8658977177299056,-4.885455121731669,-2.931250802715521,-3.136518262260061,0.2671571076170771,-1.041418530247906,4.275752269899344,-0.3646184427533587,0.7040084280346072
70.0,34.0,214.3700256347656,-4.099706257230023,1.8516562336474585,-4.837189943158729,-2.997352241164723,-3.634227092349994,1.8892170924319007,-1.0506408643950789,4.313847971663665,-0.6368003035079878,0.9550865572395988
70.0,34.0,210.84909057617188,-1.869154250088637,1.8210787113135751,-4.899193131222925,-3.185042296296173,-3.885765215712453,0.8725473786897544,-1.0735385992034034,4.340961587556614,-1.0111526337252448,1.7125418334358864
70.0,34.0,204.9923553466797,-3.922382689316729,1.8470972349876265,-4.861096264745154,-3.144761493326007,-3.183987188967568,-0.432669362454968,-1.0289355926998702,4.300774239544054,-0.4058770881105519,0.6544962810849038
70.0,34.0,229.68348693847656,-1.7964117501736423,4.3830477535809145,-4.874605430918368,-2.854076256373293,-3.0536765752148014,1.4883355781796528,-0.9141194615596804,3.648490569303688,-0.4438727938744233,0.5134367738368866
70.0,34.0,160.01856994628906,-2.220169854322381,1.7733973193895476,-4.877059725003649,-3.0383700245191645,-3.032693759079466,0.8641455062900459,-1.053383293827007,3.117527630893025,-0.4452152258004726,0.7565709844852148
70.0,34.0,178.56536865234375,-3.913771525355603,1.883732474468672,-4.886714999470344,-3.005890070009017,-3.0922184819962046,-0.2975027970034738,-1.047872721025193,4.307219360006983,-0.4441526956280124,0.7357575876555427
70.0,34.0,198.45895385742188,-4.028992336508695,1.8771862866671247,-4.914198514324439,-3.085279398565808,-2.581761952983728,0.4186681493858351,-1.047931607722609,4.362718455765775,-1.2693751054762576,0.6478830862524226
70.0,34.0,216.31118774414065,-2.9334629272000114,2.132355745435442,-4.905883367223724,-3.0715568103792323,-2.699516486542432,-0.1854729400322584,-1.0424568395618778,3.869732936013356,-0.770375831383755,0.910642710079945
70.0,34.0,220.0723419189453,-4.140703503933901,0.7109350541656747,-4.843185469747144,-4.317167245691126,-2.553809441834371,-1.3716584947015753,-1.009891723757792,4.755544430291508,-1.2390353455376146,1.0733197291858718
70.0,34.0,225.427001953125,-2.914402263818264,1.8124767155182933,-4.687991121807207,-2.974969880980225,-2.9782695988347427,1.6565323257224445,-1.0512048358748496,3.019483850683921,-0.5362443733479603,0.6290423207586402
70.0,34.0,200.43885803222656,-1.4722618978451338,1.5150312594116946,-4.881917686936822,-2.97590866804794,-3.0886392981270165,1.866074449289529,-1.0555846020292603,2.809248400666174,-0.4058408560361106,0.7470046565611353
70.0,34.0,190.2640686035156,-2.024026489352128,1.726081170460554,-4.880266336930236,-3.0282271907543645,-2.9591665918154986,0.3558027846340676,-1.06625263617685,2.4001364684534514,-0.4445145876034891,1.0461133028841334
70.0,34.0,199.6679077148437,-3.9079371474455193,1.833041600598056,-4.902268378419014,-3.0457555796638824,-2.8746781677767848,0.9081503881627984,-0.9216393340460703,4.358472570920068,-0.4712806620127977,1.6666986473807603
70.0,34.0,204.9386444091797,-4.911051898261931,1.6652841645707634,-4.834673807374948,-1.6566290489086744,-2.035709204758102,1.267316568519958,-1.0494991764801582,4.732699544544123,-0.8388802162202884,0.7278623851785704
70.0,34.0,222.4643402099609,-3.89071174558306,1.899830897772,-4.8281024760496845,-3.17315757301944,-3.884924115933823,-0.6353160877661153,-1.0538728405775408,3.9875727967845136,-1.2461144615976048,0.99751680391348
70.0,34.0,175.5135955810547,-3.9090488953949887,1.7859067540409015,-4.947877033145323,-2.438215959708819,-3.083639817184455,0.8145819375545251,-0.9752124298710154,3.60916111720354,-0.4453514141807003,1.3071532897292408
70.0,34.0,218.08209228515625,-2.509958914558788,0.6118398500909566,-4.929618609246969,-3.07575849374592,-2.3894011556036188,1.2476542835411686,-1.0598148467596078,4.093022653072124,-0.8721910513452517,0.7536672493494615
70.0,34.0,214.34674072265625,-3.017210451292712,1.7904148831049125,-4.90235660380732,-3.722265151658564,-2.77999931959604,-0.2908202591001321,-0.4908023245539286,2.8628624531349445,-0.445068132097154,0.4935068850469932
70.0,34.0,229.862533569336,-3.405762084384892,0.6914097382305799,-4.788224505345845,-3.012533737487922,-2.746181820392548,-0.8375035769759003,-1.0044063714064029,3.9420753250566,-0.8543242536095635,0.7962795036421974
70.0,34.0,216.64889526367188,-3.119200354622974,1.0381176817895923,-4.69307522512295,-1.6392443033678898,-2.8010636188402933,0.2843458672433435,-0.9554619730909504,4.386770655722996,-0.4773885801804987,2.273100919956005
70.0,34.0,234.5803985595703,-3.1457474746250265,1.1138519548607442,-4.94322487820198,-1.6733371731008555,-2.5887209533735223,0.7619259169880531,-1.2150859208139808,4.708253645392563,-0.3265650397336059,2.226918945636021
70.0,34.0,239.0243377685547,-4.051409346506912,2.063886860580763,-4.843229970009615,-1.6962553641924465,-1.947556494525905,0.9460816389313382,-1.4409639156178415,4.254907946189098,-2.252831223023224,1.679280647292548
70.0,34.0,226.1978912353516,-3.0831397149321083,1.8208299417725984,-4.806912255339279,-2.816681081558725,-3.207070726844985,0.2490826144544007,-1.08223755064419,3.282607096479179,-0.5354857974833559,0.8093846484507512
70.0,34.0,209.1298675537109,-2.9683377486578544,1.6144843110960605,-4.872296552134853,-3.0217421871286243,-2.834596174185479,0.8392311302605906,-1.08809759979007,4.771861263266255,-0.52416246701282,0.6215861999604692
70.0,34.0,208.56399536132807,-2.0820388979574176,1.880813145684664,-4.875453277552141,-3.207055757718829,-2.474297415706644,0.405617001889583,-1.0230316966451305,3.696859762673923,-0.528893236288194,0.7756769650651318
70.0,34.0,203.88360595703125,-3.8651540666740143,1.8796331880000483,-4.881909598484957,-3.67342734263625,-3.4913881027543927,-0.1919946875921845,-1.0352835389161024,4.3125872899123525,-1.1634764899508645,0.6914597529804754
70.0,34.0,189.6568756103516,-2.150967265831235,1.6128967458813133,-4.794852849523939,-3.694271363397242,-3.025874633613783,1.2046468683235323,-1.0547919261403709,4.115270060543613,-0.4779904928124985,1.0147133567637994
70.0,34.0,185.9789428710937,-2.121029869259069,2.0163664026535355,-4.790815157662717,-3.0876936470467187,-3.0513303017481137,0.7382382551323386,-1.0453864087256417,4.815499873722272,-0.7227746703258202,0.7660402842822795
70.0,34.0,180.58837890625,-2.1799902259401165,1.7513112225905567,-4.856879756093877,-3.050645232846204,-2.5871631856568333,1.4166093527821966,-1.0468264443885902,4.366687430762195,-0.9127855496488892,1.0816258685645717
70.0,34.0,217.5282287597656,-4.124569606501551,2.135042841410181,-4.886444691672467,-3.0084432881759167,-2.689526815522628,0.6560557767848401,-0.980432342855166,4.417601584727334,-0.44245086235639,0.3585648234024501
70.0,34.0,178.43862915039062,-2.289268217291724,1.7449684556891576,-4.878897322248348,-3.1156352331744968,-3.033355869126169,0.2892754389345949,-1.0526397864855894,3.033947800850548,-0.4421732112686315,0.7512543865918617
70.0,34.0,241.61915588378903,-2.8709632968644616,0.986842151511638,-4.697714263911092,-3.054240707717494,-2.573835701262812,1.5125840419172625,0.0090686666545396,4.824483232605184,-0.9140929716197695,0.8951985014808814
70.0,34.0,196.66140747070312,-2.962510305666041,1.860772504389272,-4.873346747698211,-1.23905045814808,-3.0638572512427324,1.905593729263112,-1.063183206687791,4.369502641962383,-0.4494385303059287,0.6902819776747696
70.0,34.0,192.20901489257807,-3.903974715613189,1.8762874703309,-4.885864457429877,-2.948137160707289,-3.0660236297190844,-0.3787866106474118,-0.974146545487258,4.331908056503764,-0.4834413133332569,0.7512723133222182
70.0,34.0,203.50698852539065,-4.002838968935249,1.5932768789775669,-4.879972522619296,-3.1049215560729966,-3.093876895473604,-0.2693072415757753,-1.019265982390397,4.823078729746627,-0.732579567027802,0.7725279645802882
70.0,34.0,195.8362274169922,-2.000588657084683,1.6745964619984175,-4.927525096700744,-2.599956816427021,-3.0259111844637494,0.7994297404692992,-1.045714927008234,3.093767498786364,-0.558400213883403,0.7351433313328819
70.0,35.0,186.09429931640625,-3.931594831204597,1.7040257799944,-4.970654616476576,-3.061821770273684,-2.957598076863892,-0.3226568942638571,-1.0231640904101764,4.3351257272386565,-0.4466357054976145,0.9749700721452824
70.0,35.0,200.3949279785156,-3.058713128559281,2.0421065109991035,-4.869225655779638,-2.9766643811118887,-3.133137049422207,0.6708071897670846,-1.039313282226866,4.4513074009826585,-0.5149519158574857,0.7721862280951298
70.0,35.0,235.72964477539065,-3.262873301429732,1.893689242867254,-4.82126902285408,-3.5361211441600244,-2.980146319820233,1.2138995453238932,-1.0395241694460111,3.411971949660076,-1.4883346769792036,0.8866224914110873
70.0,35.0,195.2211761474609,-2.864067748512182,1.639527969597854,-4.86224001238643,-3.015338991699468,-3.005593938628276,1.8636780210418435,-0.9795361301075448,4.350618841738229,-0.5430293820279831,1.8810925325547152
70.0,35.0,176.45849609375,-2.36107885813798,1.80526726213777,-4.924995398556024,-2.987610131902112,-2.571271069918795,0.9626673393683598,-1.0599402531888256,3.624404877710607,-0.460208383941552,0.749427234459957
70.0,35.0,180.27426147460932,-2.1535574857203845,1.773452335712041,-4.877275333611186,-2.8737917487479314,-3.126526565713328,-0.2468046231717033,-1.0535240321711017,3.1691696304224526,-0.4404051018997866,0.7677044505209506
70.0,35.0,180.54507446289065,-2.1385930321989752,1.769323223377871,-4.870967933215387,-3.065324921748428,-2.9697432354451365,0.9496375420638123,-1.0421341711025496,2.7446300743407006,-0.4542230926058549,0.7271496564291066
70.0,35.0,181.05616760253903,-3.928305740708015,1.9123212289654168,-4.91788751714991,-2.998603588579736,-3.0732698542068,-0.332549045182909,-1.0865381964092904,4.324808333799027,-0.4420116799647245,0.9836065782942632
70.0,35.0,174.614501953125,-2.227034146163842,1.832686956439855,-4.769771660094365,-3.0562012312643008,-3.157917249194937,0.9368057754768632,-1.0467761995966116,3.6071291214832697,-0.4886812744883836,0.7098252758321292
70.0,35.0,231.48141479492188,-2.843407693887196,1.877422892886701,-4.753195350548271,-3.728087592055923,-2.944773458975314,0.9938437811073372,-1.0473757179116516,4.582690824398019,-0.4401348527872732,0.8136158780087339
70.0,35.0,184.7637481689453,-2.295257409215237,1.8252397679538228,-4.875873536918332,-3.025795570640355,-2.6714738600084367,0.6070706071715752,-1.0565695199725564,4.312016220743721,-0.4713443792523581,1.2668967370484647
70.0,35.0,194.934814453125,-3.8901991192035807,1.895137659100692,-4.886179510655577,-3.05271022197614,-3.09783652943099,-0.134538419022438,-0.9927953148690036,4.308401656304204,-0.4187438752615099,1.307830121642794
70.0,35.0,195.18731689453125,-3.2385980368204423,1.7285802312189276,-4.769632790165409,-2.8992951296389258,-2.989067015260295,1.235426606567029,-1.0938415675799396,4.735035877411996,-0.8179012791588454,0.9646891072118112
70.0,35.0,191.68667602539065,-3.978759399113609,1.8658977177299056,-4.885455121731669,-2.931250802715521,-3.136518262260061,0.2671571076170771,-1.041418530247906,4.275752269899344,-0.3646184427533587,0.7040084280346072
70.0,35.0,214.3700256347656,-4.099706257230023,1.8516562336474585,-4.837189943158729,-2.997352241164723,-3.634227092349994,1.8892170924319007,-1.0506408643950789,4.313847971663665,-0.6368003035079878,0.9550865572395988
70.0,35.0,210.84909057617188,-1.869154250088637,1.8210787113135751,-4.899193131222925,-3.185042296296173,-3.885765215712453,0.8725473786897544,-1.0735385992034034,4.340961587556614,-1.0111526337252448,1.7125418334358864
70.0,35.0,204.9923553466797,-3.922382689316729,1.8470972349876265,-4.861096264745154,-3.144761493326007,-3.183987188967568,-0.432669362454968,-1.0289355926998702,4.300774239544054,-0.4058770881105519,0.6544962810849038
70.0,35.0,210.51675415039065,-2.078182695885615,2.3830477535809145,-4.924153789451463,-3.1034152887658006,-3.039082928037699,1.3549565812514548,-1.0884271593488466,2.29930439814012,-0.4349399699074036,0.5694092022143084
70.0,35.0,160.01856994628906,-2.220169854322381,1.7733973193895476,-4.877059725003649,-3.0383700245191645,-3.032693759079466,0.8641455062900459,-1.053383293827007,3.117527630893025,-0.4452152258004726,0.7565709844852148
70.0,35.0,178.56536865234375,-3.913771525355603,1.883732474468672,-4.886714999470344,-3.005890070009017,-3.0922184819962046,-0.2975027970034738,-1.047872721025193,4.307219360006983,-0.4441526956280124,0.7357575876555427
70.0,35.0,198.45895385742188,-4.028992336508695,1.8771862866671247,-4.914198514324439,-3.085279398565808,-2.581761952983728,0.4186681493858351,-1.047931607722609,4.362718455765775,-1.2693751054762576,0.6478830862524226
70.0,35.0,216.31118774414065,-2.9334629272000114,2.132355745435442,-4.905883367223724,-3.0715568103792323,-2.699516486542432,-0.1854729400322584,-1.0424568395618778,3.869732936013356,-0.770375831383755,0.910642710079945
70.0,35.0,220.0723419189453,-4.140703503933901,0.7109350541656747,-4.843185469747144,-4.317167245691126,-2.553809441834371,-1.3716584947015753,-1.009891723757792,4.755544430291508,-1.2390353455376146,1.0733197291858718
70.0,35.0,200.4595947265625,-2.084801696602356,1.781958941512163,-4.857691054886837,-2.9380795409676086,-2.9400486311911447,2.307995559638239,-1.0542398970615203,3.430271393265929,-0.5003606612724646,0.7460025177509028
70.0,35.0,200.43885803222656,-1.4722618978451338,1.5150312594116946,-4.881917686936822,-2.97590866804794,-3.0886392981270165,1.866074449289529,-1.0555846020292603,2.809248400666174,-0.4058408560361106,0.7470046565611353
70.0,35.0,190.2640686035156,-2.024026489352128,1.726081170460554,-4.880266336930236,-3.0282271907543645,-2.9591665918154986,0.3558027846340676,-1.06625263617685,2.4001364684534514,-0.4445145876034891,1.0461133028841334
70.0,35.0,199.6679077148437,-3.9079371474455193,1.833041600598056,-4.902268378419014,-3.0457555796638824,-2.8746781677767848,0.9081503881627984,-0.9216393340460703,4.358472570920068,-0.4712806620127977,1.6666986473807603
70.0,35.0,204.9386444091797,-4.911051898261931,1.6652841645707634,-4.834673807374948,-1.6566290489086744,-2.035709204758102,1.267316568519958,-1.0494991764801582,4.732699544544123,-0.8388802162202884,0.7278623851785704
70.0,35.0,222.4643402099609,-3.89071174558306,1.899830897772,-4.8281024760496845,-3.17315757301944,-3.884924115933823,-0.6353160877661153,-1.0538728405775408,3.9875727967845136,-1.2461144615976048,0.99751680391348
70.0,35.0,175.5135955810547,-3.9090488953949887,1.7859067540409015,-4.947877033145323,-2.438215959708819,-3.083639817184455,0.8145819375545251,-0.9752124298710154,3.60916111720354,-0.4453514141807003,1.3071532897292408
70.0,35.0,213.54556274414065,-1.7707927238779035,2.0366313163724428,-4.781483613991957,-3.091662768922728,-3.677699333054695,1.4263801171686092,-1.068333365687843,4.211921120022797,-0.4511578086154364,0.7561554977111967
70.0,35.0,214.34674072265625,-3.017210451292712,1.7904148831049125,-4.90235660380732,-3.722265151658564,-2.77999931959604,-0.2908202591001321,-0.4908023245539286,2.8628624531349445,-0.445068132097154,0.4935068850469932
70.0,35.0,229.862533569336,-3.405762084384892,0.6914097382305799,-4.788224505345845,-3.012533737487922,-2.746181820392548,-0.8375035769759003,-1.0044063714064029,3.9420753250566,-0.8543242536095635,0.7962795036421974
70.0,35.0,216.64889526367188,-3.119200354622974,1.0381176817895923,-4.69307522512295,-1.6392443033678898,-2.8010636188402933,0.2843458672433435,-0.9554619730909504,4.386770655722996,-0.4773885801804987,2.273100919956005
70.0,35.0,234.5803985595703,-3.1457474746250265,1.1138519548607442,-4.94322487820198,-1.6733371731008555,-2.5887209533735223,0.7619259169880531,-1.2150859208139808,4.708253645392563,-0.3265650397336059,2.226918945636021
70.0,35.0,239.0243377685547,-4.051409346506912,2.063886860580763,-4.843229970009615,-1.6962553641924465,-1.947556494525905,0.9460816389313382,-1.4409639156178415,4.254907946189098,-2.252831223023224,1.679280647292548
70.0,35.0,226.1978912353516,-3.0831397149321083,1.8208299417725984,-4.806912255339279,-2.816681081558725,-3.207070726844985,0.2490826144544007,-1.08223755064419,3.282607096479179,-0.5354857974833559,0.8093846484507512
70.0,35.0,204.86962890625,-2.293269827591214,1.7261146317777798,-4.873534336433727,-3.043410690611979,-3.1949740333691654,0.6196454579259941,-1.0618537003881865,4.70653239486375,-0.480367332889602,0.8202460175056084
70.0,35.0,208.56399536132807,-2.0820388979574176,1.880813145684664,-4.875453277552141,-3.207055757718829,-2.474297415706644,0.405617001889583,-1.0230316966451305,3.696859762673923,-0.528893236288194,0.7756769650651318
70.0,35.0,203.88360595703125,-3.8651540666740143,1.8796331880000483,-4.881909598484957,-3.67342734263625,-3.4913881027543927,-0.1919946875921845,-1.0352835389161024,4.3125872899123525,-1.1634764899508645,0.6914597529804754
70.0,35.0,189.6568756103516,-2.150967265831235,1.6128967458813133,-4.794852849523939,-3.694271363397242,-3.025874633613783,1.2046468683235323,-1.0547919261403709,4.115270060543613,-0.4779904928124985,1.0147133567637994
70.0,35.0,185.9789428710937,-2.121029869259069,2.0163664026535355,-4.790815157662717,-3.0876936470467187,-3.0513303017481137,0.7382382551323386,-1.0453864087256417,4.815499873722272,-0.7227746703258202,0.7660402842822795
70.0,35.0,180.58837890625,-2.1799902259401165,1.7513112225905567,-4.856879756093877,-3.050645232846204,-2.5871631856568333,1.4166093527821966,-1.0468264443885902,4.366687430762195,-0.9127855496488892,1.0816258685645717
70.0,35.0,213.96926879882807,-2.854518110638125,2.189206171619125,-4.88719905800242,-3.0188669441459832,-3.1660707940912127,0.9580778133344248,-1.0347662261248995,4.631511927991602,-0.4424613226060002,0.6948386712993231
70.0,35.0,178.43862915039062,-2.289268217291724,1.7449684556891576,-4.878897322248348,-3.1156352331744968,-3.033355869126169,0.2892754389345949,-1.0526397864855894,3.033947800850548,-0.4421732112686315,0.7512543865918617
70.0,35.0,240.65640258789065,-3.426469019850744,0.0957606274807097,-4.656995079431563,-3.148080903720509,-3.0609944972380725,0.8214711757587532,-0.6232001381291173,2.6632582809522614,-0.7821286097041205,0.7912537860287849
70.0,35.0,196.66140747070312,-2.962510305666041,1.860772504389272,-4.873346747698211,-1.23905045814808,-3.0638572512427324,1.905593729263112,-1.063183206687791,4.369502641962383,-0.4494385303059287,0.6902819776747696
70.0,35.0,192.20901489257807,-3.903974715613189,1.8762874703309,-4.885864457429877,-2.948137160707289,-3.0660236297190844,-0.3787866106474118,-0.974146545487258,4.331908056503764,-0.4834413133332569,0.7512723133222182
70.0,35.0,203.50698852539065,-4.002838968935249,1.5932768789775669,-4.879972522619296,-3.1049215560729966,-3.093876895473604,-0.2693072415757753,-1.019265982390397,4.823078729746627,-0.732579567027802,0.7725279645802882
70.0,35.0,195.8362274169922,-2.000588657084683,1.6745964619984175,-4.927525096700744,-2.599956816427021,-3.0259111844637494,0.7994297404692992,-1.045714927008234,3.093767498786364,-0.558400213883403,0.7351433313328819
70.0,36.0,186.09429931640625,-3.931594831204597,1.7040257799944,-4.970654616476576,-3.061821770273684,-2.957598076863892,-0.3226568942638571,-1.0231640904101764,4.3351257272386565,-0.4466357054976145,0.9749700721452824
70.0,36.0,200.3949279785156,-3.058713128559281,2.0421065109991035,-4.869225655779638,-2.9766643811118887,-3.133137049422207,0.6708071897670846,-1.039313282226866,4.4513074009826585,-0.5149519158574857,0.7721862280951298
70.0,36.0,235.72964477539065,-3.262873301429732,1.893689242867254,-4.82126902285408,-3.5361211441600244,-2.980146319820233,1.2138995453238932,-1.0395241694460111,3.411971949660076,-1.4883346769792036,0.8866224914110873
70.0,36.0,195.2211761474609,-2.864067748512182,1.639527969597854,-4.86224001238643,-3.015338991699468,-3.005593938628276,1.8636780210418435,-0.9795361301075448,4.350618841738229,-0.5430293820279831,1.8810925325547152
70.0,36.0,176.45849609375,-2.36107885813798,1.80526726213777,-4.924995398556024,-2.987610131902112,-2.571271069918795,0.9626673393683598,-1.0599402531888256,3.624404877710607,-0.460208383941552,0.749427234459957
70.0,36.0,180.27426147460932,-2.1535574857203845,1.773452335712041,-4.877275333611186,-2.8737917487479314,-3.126526565713328,-0.2468046231717033,-1.0535240321711017,3.1691696304224526,-0.4404051018997866,0.7677044505209506
70.0,36.0,180.54507446289065,-2.1385930321989752,1.769323223377871,-4.870967933215387,-3.065324921748428,-2.9697432354451365,0.9496375420638123,-1.0421341711025496,2.7446300743407006,-0.4542230926058549,0.7271496564291066
70.0,36.0,181.05616760253903,-3.928305740708015,1.9123212289654168,-4.91788751714991,-2.998603588579736,-3.0732698542068,-0.332549045182909,-1.0865381964092904,4.324808333799027,-0.4420116799647245,0.9836065782942632
70.0,36.0,174.614501953125,-2.227034146163842,1.832686956439855,-4.769771660094365,-3.0562012312643008,-3.157917249194937,0.9368057754768632,-1.0467761995966116,3.6071291214832697,-0.4886812744883836,0.7098252758321292
70.0,36.0,226.6018829345703,-2.536326160047107,1.848205359913964,-4.8459720441996055,-3.335709837178681,-2.3511474168387005,0.8411679124488513,-1.0561869054445268,4.582690824398019,-0.4919454156732551,0.758765836451972
70.0,36.0,184.7637481689453,-2.295257409215237,1.8252397679538228,-4.875873536918332,-3.025795570640355,-2.6714738600084367,0.6070706071715752,-1.0565695199725564,4.312016220743721,-0.4713443792523581,1.2668967370484647
70.0,36.0,194.934814453125,-3.8901991192035807,1.895137659100692,-4.886179510655577,-3.05271022197614,-3.09783652943099,-0.134538419022438,-0.9927953148690036,4.308401656304204,-0.4187438752615099,1.307830121642794
70.0,36.0,195.18731689453125,-3.2385980368204423,1.7285802312189276,-4.769632790165409,-2.8992951296389258,-2.989067015260295,1.235426606567029,-1.0938415675799396,4.735035877411996,-0.8179012791588454,0.9646891072118112
70.0,36.0,191.68667602539065,-3.978759399113609,1.8658977177299056,-4.885455121731669,-2.931250802715521,-3.136518262260061,0.2671571076170771,-1.041418530247906,4.275752269899344,-0.3646184427533587,0.7040084280346072
70.0,36.0,214.3700256347656,-4.099706257230023,1.8516562336474585,-4.837189943158729,-2.997352241164723,-3.634227092349994,1.8892170924319007,-1.0506408643950789,4.313847971663665,-0.6368003035079878,0.9550865572395988
70.0,36.0,210.84909057617188,-1.869154250088637,1.8210787113135751,-4.899193131222925,-3.185042296296173,-3.885765215712453,0.8725473786897544,-1.0735385992034034,4.340961587556614,-1.0111526337252448,1.7125418334358864
70.0,36.0,204.9923553466797,-3.922382689316729,1.8470972349876265,-4.861096264745154,-3.144761493326007,-3.183987188967568,-0.432669362454968,-1.0289355926998702,4.300774239544054,-0.4058770881105519,0.6544962810849038
70.0,36.0,210.51675415039065,-2.078182695885615,2.3830477535809145,-4.924153789451463,-3.1034152887658006,-3.039082928037699,1.3549565812514548,-1.0884271593488466,2.29930439814012,-0.4349399699074036,0.5694092022143084
70.0,36.0,160.01856994628906,-2.220169854322381,1.7733973193895476,-4.877059725003649,-3.0383700245191645,-3.032693759079466,0.8641455062900459,-1.053383293827007,3.117527630893025,-0.4452152258004726,0.7565709844852148
70.0,36.0,178.56536865234375,-3.913771525355603,1.883732474468672,-4.886714999470344,-3.005890070009017,-3.0922184819962046,-0.2975027970034738,-1.047872721025193,4.307219360006983,-0.4441526956280124,0.7357575876555427
70.0,36.0,187.906005859375,-2.121629085570003,1.6807941760573168,-4.887677575916059,-3.0375286970930886,-2.5608377989906064,0.9023513598891416,-1.0480198205542253,3.075825052293092,-0.9155576110722,0.9443244047564012
70.0,36.0,216.31118774414065,-2.9334629272000114,2.132355745435442,-4.905883367223724,-3.0715568103792323,-2.699516486542432,-0.1854729400322584,-1.0424568395618778,3.869732936013356,-0.770375831383755,0.910642710079945
70.0,36.0,220.0723419189453,-4.140703503933901,0.7109350541656747,-4.843185469747144,-4.317167245691126,-2.553809441834371,-1.3716584947015753,-1.009891723757792,4.755544430291508,-1.2390353455376146,1.0733197291858718
70.0,36.0,200.4595947265625,-2.084801696602356,1.781958941512163,-4.857691054886837,-2.9380795409676086,-2.9400486311911447,2.307995559638239,-1.0542398970615203,3.430271393265929,-0.5003606612724646,0.7460025177509028
70.0,36.0,179.67247009277344,-2.145688468872716,2.0080028380264223,-4.90926444251414,-2.981372272085216,-3.0283647830443567,0.8217788170571025,-1.0582116799241312,2.739242159772309,-0.4404933277907711,0.756346328299024
70.0,36.0,190.2640686035156,-2.024026489352128,1.726081170460554,-4.880266336930236,-3.0282271907543645,-2.9591665918154986,0.3558027846340676,-1.06625263617685,2.4001364684534514,-0.4445145876034891,1.0461133028841334
70.0,36.0,199.6679077148437,-3.9079371474455193,1.833041600598056,-4.902268378419014,-3.0457555796638824,-2.8746781677767848,0.9081503881627984,-0.9216393340460703,4.358472570920068,-0.4712806620127977,1.6666986473807603
70.0,36.0,204.9386444091797,-4.911051898261931,1.6652841645707634,-4.834673807374948,-1.6566290489086744,-2.035709204758102,1.267316568519958,-1.0494991764801582,4.732699544544123,-0.8388802162202884,0.7278623851785704
70.0,36.0,222.4643402099609,-3.89071174558306,1.899830897772,-4.8281024760496845,-3.17315757301944,-3.884924115933823,-0.6353160877661153,-1.0538728405775408,3.9875727967845136,-1.2461144615976048,0.99751680391348
70.0,36.0,175.5135955810547,-3.9090488953949887,1.7859067540409015,-4.947877033145323,-2.438215959708819,-3.083639817184455,0.8145819375545251,-0.9752124298710154,3.60916111720354,-0.4453514141807003,1.3071532897292408
70.0,36.0,213.54556274414065,-1.7707927238779035,2.0366313163724428,-4.781483613991957,-3.091662768922728,-3.677699333054695,1.4263801171686092,-1.068333365687843,4.211921120022797,-0.4511578086154364,0.7561554977111967
70.0,36.0,214.34674072265625,-3.017210451292712,1.7904148831049125,-4.90235660380732,-3.722265151658564,-2.77999931959604,-0.2908202591001321,-0.4908023245539286,2.8628624531349445,-0.445068132097154,0.4935068850469932
70.0,36.0,229.862533569336,-3.405762084384892,0.6914097382305799,-4.788224505345845,-3.012533737487922,-2.746181820392548,-0.8375035769759003,-1.0044063714064029,3.9420753250566,-0.8543242536095635,0.7962795036421974
70.0,36.0,216.64889526367188,-3.119200354622974,1.0381176817895923,-4.69307522512295,-1.6392443033678898,-2.8010636188402933,0.2843458672433435,-0.9554619730909504,4.386770655722996,-0.4773885801804987,2.273100919956005
70.0,36.0,227.83526611328125,-3.2531569308652792,1.7904650749298965,-4.956353155697037,-2.8662381346331944,-3.4970960468690224,0.9410899192103372,-1.2561556894670456,4.250807239701497,-0.4723368872795641,1.0111690789460035
70.0,36.0,239.0243377685547,-4.051409346506912,2.063886860580763,-4.843229970009615,-1.6962553641924465,-1.947556494525905,0.9460816389313382,-1.4409639156178415,4.254907946189098,-2.252831223023224,1.679280647292548
70.0,36.0,212.67071533203125,-2.3905243021531737,1.7593400615769912,-4.8477194713098415,-2.844924254473663,-3.075838824399448,0.3408017228515292,-1.04038015694988,3.0772686074267543,-0.3890090039765612,0.7996570365245417
70.0,36.0,188.016357421875,-2.1200701558598696,1.6962541379305984,-4.877493733957361,-3.040235817658067,-3.1493177106590693,0.7420322872682696,-1.064411904787444,2.70653239486375,-0.495727862862488,0.7148174931453182
70.0,36.0,208.56399536132807,-2.0820388979574176,1.880813145684664,-4.875453277552141,-3.207055757718829,-2.474297415706644,0.405617001889583,-1.0230316966451305,3.696859762673923,-0.528893236288194,0.7756769650651318
70.0,36.0,203.88360595703125,-3.8651540666740143,1.8796331880000483,-4.881909598484957,-3.67342734263625,-3.4913881027543927,-0.1919946875921845,-1.0352835389161024,4.3125872899123525,-1.1634764899508645,0.6914597529804754
70.0,36.0,189.6568756103516,-2.150967265831235,1.6128967458813133,-4.794852849523939,-3.694271363397242,-3.025874633613783,1.2046468683235323,-1.0547919261403709,4.115270060543613,-0.4779904928124985,1.0147133567637994
70.0,36.0,185.9789428710937,-2.121029869259069,2.0163664026535355,-4.790815157662717,-3.0876936470467187,-3.0513303017481137,0.7382382551323386,-1.0453864087256417,4.815499873722272,-0.7227746703258202,0.7660402842822795
70.0,36.0,180.58837890625,-2.1799902259401165,1.7513112225905567,-4.856879756093877,-3.050645232846204,-2.5871631856568333,1.4166093527821966,-1.0468264443885902,4.366687430762195,-0.9127855496488892,1.0816258685645717
70.0,36.0,213.96926879882807,-2.854518110638125,2.189206171619125,-4.88719905800242,-3.0188669441459832,-3.1660707940912127,0.9580778133344248,-1.0347662261248995,4.631511927991602,-0.4424613226060002,0.6948386712993231
70.0,36.0,178.43862915039062,-2.289268217291724,1.7449684556891576,-4.878897322248348,-3.1156352331744968,-3.033355869126169,0.2892754389345949,-1.0526397864855894,3.033947800850548,-0.4421732112686315,0.7512543865918617
70.0,36.0,240.65640258789065,-3.426469019850744,0.0957606274807097,-4.656995079431563,-3.148080903720509,-3.0609944972380725,0.8214711757587532,-0.6232001381291173,2.6632582809522614,-0.7821286097041205,0.7912537860287849
70.0,36.0,196.66140747070312,-2.962510305666041,1.860772504389272,-4.873346747698211,-1.23905045814808,-3.0638572512427324,1.905593729263112,-1.063183206687791,4.369502641962383,-0.4494385303059287,0.6902819776747696
70.0,36.0,192.20901489257807,-3.903974715613189,1.8762874703309,-4.885864457429877,-2.948137160707289,-3.0660236297190844,-0.3787866106474118,-0.974146545487258,4.331908056503764,-0.4834413133332569,0.7512723133222182
70.0,36.0,203.50698852539065,-4.002838968935249,1.5932768789775669,-4.879972522619296,-3.1049215560729966,-3.093876895473604,-0.2693072415757753,-1.019265982390397,4.823078729746627,-0.732579567027802,0.7725279645802882
70.0,36.0,195.8362274169922,-2.000588657084683,1.6745964619984175,-4.927525096700744,-2.599956816427021,-3.0259111844637494,0.7994297404692992,-1.045714927008234,3.093767498786364,-0.558400213883403,0.7351433313328819
70.0,37.0,186.09429931640625,-3.931594831204597,1.7040257799944,-4.970654616476576,-3.061821770273684,-2.957598076863892,-0.3226568942638571,-1.0231640904101764,4.3351257272386565,-0.4466357054976145,0.9749700721452824
70.0,37.0,200.3949279785156,-3.058713128559281,2.0421065109991035,-4.869225655779638,-2.9766643811118887,-3.133137049422207,0.6708071897670846,-1.039313282226866,4.4513074009826585,-0.5149519158574857,0.7721862280951298
70.0,37.0,235.72964477539065,-3.262873301429732,1.893689242867254,-4.82126902285408,-3.5361211441600244,-2.980146319820233,1.2138995453238932,-1.0395241694460111,3.411971949660076,-1.4883346769792036,0.8866224914110873
70.0,37.0,195.2211761474609,-2.864067748512182,1.639527969597854,-4.86224001238643,-3.015338991699468,-3.005593938628276,1.8636780210418435,-0.9795361301075448,4.350618841738229,-0.5430293820279831,1.8810925325547152
70.0,37.0,175.01382446289062,-2.0882584616309683,1.7627417007861876,-4.863015546108137,-3.0239398447044303,-3.065130033542456,0.670734084668893,-1.0552039230874977,4.059988402929288,-0.4494289269217273,0.7519379046771544
70.0,37.0,167.15057373046875,-2.153761969400635,1.7728527017810771,-4.879796151012713,-2.999437248298146,-3.1273102446215693,1.233780873731805,-1.0503503504940377,3.119287076082276,-0.4428168815419342,0.7634841152141416
70.0,37.0,166.28262329101562,-2.1919456970362345,1.781269237385775,-4.870070824947889,-3.0099025378073283,-2.971136227953827,0.8181873993321704,-1.042254740948064,3.168410812681416,-0.4545378665341988,0.7289129479088583
70.0,37.0,181.05616760253903,-3.928305740708015,1.9123212289654168,-4.91788751714991,-2.998603588579736,-3.0732698542068,-0.332549045182909,-1.0865381964092904,4.324808333799027,-0.4420116799647245,0.9836065782942632
70.0,37.0,174.614501953125,-2.227034146163842,1.832686956439855,-4.769771660094365,-3.0562012312643008,-3.157917249194937,0.9368057754768632,-1.0467761995966116,3.6071291214832697,-0.4886812744883836,0.7098252758321292
70.0,37.0,178.73272705078125,-2.33201553459389,1.7961430749526586,-4.870018945976936,-2.851381487082554,-2.511699842423838,0.840349258687068,-1.0535341523592692,4.0803151055160125,-0.7739301286887039,0.7576150045085395
70.0,37.0,184.7637481689453,-2.295257409215237,1.8252397679538228,-4.875873536918332,-3.025795570640355,-2.6714738600084367,0.6070706071715752,-1.0565695199725564,4.312016220743721,-0.4713443792523581,1.2668967370484647
70.0,37.0,194.934814453125,-3.8901991192035807,1.895137659100692,-4.886179510655577,-3.05271022197614,-3.09783652943099,-0.134538419022438,-0.9927953148690036,4.308401656304204,-0.4187438752615099,1.307830121642794
70.0,37.0,195.18731689453125,-3.2385980368204423,1.7285802312189276,-4.769632790165409,-2.8992951296389258,-2.989067015260295,1.235426606567029,-1.0938415675799396,4.735035877411996,-0.8179012791588454,0.9646891072118112
70.0,37.0,191.68667602539065,-3.978759399113609,1.8658977177299056,-4.885455121731669,-2.931250802715521,-3.136518262260061,0.2671571076170771,-1.041418530247906,4.275752269899344,-0.3646184427533587,0.7040084280346072
70.0,37.0,214.3700256347656,-4.099706257230023,1.8516562336474585,-4.837189943158729,-2.997352241164723,-3.634227092349994,1.8892170924319007,-1.0506408643950789,4.313847971663665,-0.6368003035079878,0.9550865572395988
70.0,37.0,210.84909057617188,-1.869154250088637,1.8210787113135751,-4.899193131222925,-3.185042296296173,-3.885765215712453,0.8725473786897544,-1.0735385992034034,4.340961587556614,-1.0111526337252448,1.7125418334358864
70.0,37.0,204.9923553466797,-3.922382689316729,1.8470972349876265,-4.861096264745154,-3.144761493326007,-3.183987188967568,-0.432669362454968,-1.0289355926998702,4.300774239544054,-0.4058770881105519,0.6544962810849038
70.0,37.0,210.51675415039065,-2.078182695885615,2.3830477535809145,-4.924153789451463,-3.1034152887658006,-3.039082928037699,1.3549565812514548,-1.0884271593488466,2.29930439814012,-0.4349399699074036,0.5694092022143084
70.0,37.0,160.01856994628906,-2.220169854322381,1.7733973193895476,-4.877059725003649,-3.0383700245191645,-3.032693759079466,0.8641455062900459,-1.053383293827007,3.117527630893025,-0.4452152258004726,0.7565709844852148
70.0,37.0,178.56536865234375,-3.913771525355603,1.883732474468672,-4.886714999470344,-3.005890070009017,-3.0922184819962046,-0.2975027970034738,-1.047872721025193,4.307219360006983,-0.4441526956280124,0.7357575876555427
70.0,37.0,187.906005859375,-2.121629085570003,1.6807941760573168,-4.887677575916059,-3.0375286970930886,-2.5608377989906064,0.9023513598891416,-1.0480198205542253,3.075825052293092,-0.9155576110722,0.9443244047564012
70.0,37.0,216.31118774414065,-2.9334629272000114,2.132355745435442,-4.905883367223724,-3.0715568103792323,-2.699516486542432,-0.1854729400322584,-1.0424568395618778,3.869732936013356,-0.770375831383755,0.910642710079945
70.0,37.0,220.0723419189453,-4.140703503933901,0.7109350541656747,-4.843185469747144,-4.317167245691126,-2.553809441834371,-1.3716584947015753,-1.009891723757792,4.755544430291508,-1.2390353455376146,1.0733197291858718
70.0,37.0,200.4595947265625,-2.084801696602356,1.781958941512163,-4.857691054886837,-2.9380795409676086,-2.9400486311911447,2.307995559638239,-1.0542398970615203,3.430271393265929,-0.5003606612724646,0.7460025177509028
70.0,37.0,179.67247009277344,-2.145688468872716,2.0080028380264223,-4.90926444251414,-2.981372272085216,-3.0283647830443567,0.8217788170571025,-1.0582116799241312,2.739242159772309,-0.4404933277907711,0.756346328299024
70.0,37.0,190.2640686035156,-2.024026489352128,1.726081170460554,-4.880266336930236,-3.0282271907543645,-2.9591665918154986,0.3558027846340676,-1.06625263617685,2.4001364684534514,-0.4445145876034891,1.0461133028841334
70.0,37.0,199.6679077148437,-3.9079371474455193,1.833041600598056,-4.902268378419014,-3.0457555796638824,-2.8746781677767848,0.9081503881627984,-0.9216393340460703,4.358472570920068,-0.4712806620127977,1.6666986473807603
70.0,37.0,204.9386444091797,-4.911051898261931,1.6652841645707634,-4.834673807374948,-1.6566290489086744,-2.035709204758102,1.267316568519958,-1.0494991764801582,4.732699544544123,-0.8388802162202884,0.7278623851785704
70.0,37.0,222.4643402099609,-3.89071174558306,1.899830897772,-4.8281024760496845,-3.17315757301944,-3.884924115933823,-0.6353160877661153,-1.0538728405775408,3.9875727967845136,-1.2461144615976048,0.99751680391348
70.0,37.0,175.5135955810547,-3.9090488953949887,1.7859067540409015,-4.947877033145323,-2.438215959708819,-3.083639817184455,0.8145819375545251,-0.9752124298710154,3.60916111720354,-0.4453514141807003,1.3071532897292408
70.0,37.0,209.95233154296875,-2.3403119252767977,1.2667253198739767,-4.774581664394478,-3.0421816203313967,-3.090139865238808,0.3829072303103834,-1.0524372133416124,3.574871757100059,-0.5671024046640358,0.7569375843448346
70.0,37.0,214.34674072265625,-3.017210451292712,1.7904148831049125,-4.90235660380732,-3.722265151658564,-2.77999931959604,-0.2908202591001321,-0.4908023245539286,2.8628624531349445,-0.445068132097154,0.4935068850469932
70.0,37.0,229.862533569336,-3.405762084384892,0.6914097382305799,-4.788224505345845,-3.012533737487922,-2.746181820392548,-0.8375035769759003,-1.0044063714064029,3.9420753250566,-0.8543242536095635,0.7962795036421974
70.0,37.0,216.64889526367188,-3.119200354622974,1.0381176817895923,-4.69307522512295,-1.6392443033678898,-2.8010636188402933,0.2843458672433435,-0.9554619730909504,4.386770655722996,-0.4773885801804987,2.273100919956005
70.0,37.0,227.83526611328125,-3.2531569308652792,1.7904650749298965,-4.956353155697037,-2.8662381346331944,-3.4970960468690224,0.9410899192103372,-1.2561556894670456,4.250807239701497,-0.4723368872795641,1.0111690789460035
70.0,37.0,239.0243377685547,-4.051409346506912,2.063886860580763,-4.843229970009615,-1.6962553641924465,-1.947556494525905,0.9460816389313382,-1.4409639156178415,4.254907946189098,-2.252831223023224,1.679280647292548
70.0,37.0,208.9271240234375,-2.120996476698964,1.7429053372563292,-4.87157239504258,-2.92528197042049,-2.935313905109285,0.5014561978224341,-1.0432744923545272,3.0728191788286288,-0.3476639766685073,0.7200555979992475
70.0,37.0,188.016357421875,-2.1200701558598696,1.6962541379305984,-4.877493733957361,-3.040235817658067,-3.1493177106590693,0.7420322872682696,-1.064411904787444,2.70653239486375,-0.495727862862488,0.7148174931453182
70.0,37.0,208.56399536132807,-2.0820388979574176,1.880813145684664,-4.875453277552141,-3.207055757718829,-2.474297415706644,0.405617001889583,-1.0230316966451305,3.696859762673923,-0.528893236288194,0.7756769650651318
70.0,37.0,203.88360595703125,-3.8651540666740143,1.8796331880000483,-4.881909598484957,-3.67342734263625,-3.4913881027543927,-0.1919946875921845,-1.0352835389161024,4.3125872899123525,-1.1634764899508645,0.6914597529804754
70.0,37.0,185.71759033203125,-2.9127263618186285,1.6465666753589654,-4.896788601335598,-3.609799228197332,-3.0348557923658097,0.8747628309109656,-1.0533922772481763,3.540047871268051,-0.4113437396500373,0.927740468898852
70.0,37.0,185.9789428710937,-2.121029869259069,2.0163664026535355,-4.790815157662717,-3.0876936470467187,-3.0513303017481137,0.7382382551323386,-1.0453864087256417,4.815499873722272,-0.7227746703258202,0.7660402842822795
70.0,37.0,180.58837890625,-2.1799902259401165,1.7513112225905567,-4.856879756093877,-3.050645232846204,-2.5871631856568333,1.4166093527821966,-1.0468264443885902,4.366687430762195,-0.9127855496488892,1.0816258685645717
70.0,37.0,210.6426544189453,-2.855911340365968,1.8955713411721469,-4.8798245868178505,-3.0646224146850707,-3.0548281437379328,0.9040584196768832,-0.9879674040971096,4.631511927991602,-0.4457147432493653,0.4561811630246958
70.0,37.0,178.43862915039062,-2.289268217291724,1.7449684556891576,-4.878897322248348,-3.1156352331744968,-3.033355869126169,0.2892754389345949,-1.0526397864855894,3.033947800850548,-0.4421732112686315,0.7512543865918617
70.0,37.0,211.6270751953125,-1.9784052560237035,1.225594898222842,-4.945285294766198,-2.932509610172263,-2.756335558103621,0.7959291382496296,-1.00401021611483,3.525004630766553,-0.5182481459936163,0.8088510333817738
70.0,37.0,177.22738647460938,-3.031822186983138,1.6791418473451694,-4.877668685193823,-2.9482591144006984,-2.9861866945536053,1.899104024812023,-1.0602107898557596,4.708812942799022,-0.4490629330935093,0.7040525690094692
70.0,37.0,192.20901489257807,-3.903974715613189,1.8762874703309,-4.885864457429877,-2.948137160707289,-3.0660236297190844,-0.3787866106474118,-0.974146545487258,4.331908056503764,-0.4834413133332569,0.7512723133222182
70.0,37.0,203.50698852539065,-4.002838968935249,1.5932768789775669,-4.879972522619296,-3.1049215560729966,-3.093876895473604,-0.2693072415757753,-1.019265982390397,4.823078729746627,-0.732579567027802,0.7725279645802882
70.0,37.0,195.8362274169922,-2.000588657084683,1.6745964619984175,-4.927525096700744,-2.599956816427021,-3.0259111844637494,0.7994297404692992,-1.045714927008234,3.093767498786364,-0.558400213883403,0.7351433313328819
70.0,38.0,186.09429931640625,-3.931594831204597,1.7040257799944,-4.970654616476576,-3.061821770273684,-2.957598076863892,-0.3226568942638571,-1.0231640904101764,4.3351257272386565,-0.4466357054976145,0.9749700721452824
70.0,38.0,200.3949279785156,-3.058713128559281,2.0421065109991035,-4.869225655779638,-2.9766643811118887,-3.133137049422207,0.6708071897670846,-1.039313282226866,4.4513074009826585,-0.5149519158574857,0.7721862280951298
70.0,38.0,235.72964477539065,-3.262873301429732,1.893689242867254,-4.82126902285408,-3.5361211441600244,-2.980146319820233,1.2138995453238932,-1.0395241694460111,3.411971949660076,-1.4883346769792036,0.8866224914110873
70.0,38.0,195.2211761474609,-2.864067748512182,1.639527969597854,-4.86224001238643,-3.015338991699468,-3.005593938628276,1.8636780210418435,-0.9795361301075448,4.350618841738229,-0.5430293820279831,1.8810925325547152
70.0,38.0,175.01382446289062,-2.0882584616309683,1.7627417007861876,-4.863015546108137,-3.0239398447044303,-3.065130033542456,0.670734084668893,-1.0552039230874977,4.059988402929288,-0.4494289269217273,0.7519379046771544
70.0,38.0,167.15057373046875,-2.153761969400635,1.7728527017810771,-4.879796151012713,-2.999437248298146,-3.1273102446215693,1.233780873731805,-1.0503503504940377,3.119287076082276,-0.4428168815419342,0.7634841152141416
70.0,38.0,166.28262329101562,-2.1919456970362345,1.781269237385775,-4.870070824947889,-3.0099025378073283,-2.971136227953827,0.8181873993321704,-1.042254740948064,3.168410812681416,-0.4545378665341988,0.7289129479088583
70.0,38.0,181.05616760253903,-3.928305740708015,1.9123212289654168,-4.91788751714991,-2.998603588579736,-3.0732698542068,-0.332549045182909,-1.0865381964092904,4.324808333799027,-0.4420116799647245,0.9836065782942632
70.0,38.0,174.614501953125,-2.227034146163842,1.832686956439855,-4.769771660094365,-3.0562012312643008,-3.157917249194937,0.9368057754768632,-1.0467761995966116,3.6071291214832697,-0.4886812744883836,0.7098252758321292
70.0,38.0,178.73272705078125,-2.33201553459389,1.7961430749526586,-4.870018945976936,-2.851381487082554,-2.511699842423838,0.840349258687068,-1.0535341523592692,4.0803151055160125,-0.7739301286887039,0.7576150045085395
70.0,38.0,184.7637481689453,-2.295257409215237,1.8252397679538228,-4.875873536918332,-3.025795570640355,-2.6714738600084367,0.6070706071715752,-1.0565695199725564,4.312016220743721,-0.4713443792523581,1.2668967370484647
70.0,38.0,194.934814453125,-3.8901991192035807,1.895137659100692,-4.886179510655577,-3.05271022197614,-3.09783652943099,-0.134538419022438,-0.9927953148690036,4.308401656304204,-0.4187438752615099,1.307830121642794
70.0,38.0,195.18731689453125,-3.2385980368204423,1.7285802312189276,-4.769632790165409,-2.8992951296389258,-2.989067015260295,1.235426606567029,-1.0938415675799396,4.735035877411996,-0.8179012791588454,0.9646891072118112
70.0,38.0,191.68667602539065,-3.978759399113609,1.8658977177299056,-4.885455121731669,-2.931250802715521,-3.136518262260061,0.2671571076170771,-1.041418530247906,4.275752269899344,-0.3646184427533587,0.7040084280346072
70.0,38.0,214.3700256347656,-4.099706257230023,1.8516562336474585,-4.837189943158729,-2.997352241164723,-3.634227092349994,1.8892170924319007,-1.0506408643950789,4.313847971663665,-0.6368003035079878,0.9550865572395988
70.0,38.0,210.84909057617188,-1.869154250088637,1.8210787113135751,-4.899193131222925,-3.185042296296173,-3.885765215712453,0.8725473786897544,-1.0735385992034034,4.340961587556614,-1.0111526337252448,1.7125418334358864
70.0,38.0,204.9923553466797,-3.922382689316729,1.8470972349876265,-4.861096264745154,-3.144761493326007,-3.183987188967568,-0.432669362454968,-1.0289355926998702,4.300774239544054,-0.4058770881105519,0.6544962810849038
70.0,38.0,198.01931762695312,-2.0601445276610337,2.1776351056153462,-4.925063909321061,-3.033626700210224,-3.0394098569499928,1.1330975435716248,-1.00739314303951,2.8090367552902555,-0.457712870290049,0.6626923763364072
70.0,38.0,160.01856994628906,-2.220169854322381,1.7733973193895476,-4.877059725003649,-3.0383700245191645,-3.032693759079466,0.8641455062900459,-1.053383293827007,3.117527630893025,-0.4452152258004726,0.7565709844852148
70.0,38.0,178.56536865234375,-3.913771525355603,1.883732474468672,-4.886714999470344,-3.005890070009017,-3.0922184819962046,-0.2975027970034738,-1.047872721025193,4.307219360006983,-0.4441526956280124,0.7357575876555427
70.0,38.0,187.906005859375,-2.121629085570003,1.6807941760573168,-4.887677575916059,-3.0375286970930886,-2.5608377989906064,0.9023513598891416,-1.0480198205542253,3.075825052293092,-0.9155576110722,0.9443244047564012
70.0,38.0,216.31118774414065,-2.9334629272000114,2.132355745435442,-4.905883367223724,-3.0715568103792323,-2.699516486542432,-0.1854729400322584,-1.0424568395618778,3.869732936013356,-0.770375831383755,0.910642710079945
70.0,38.0,220.0723419189453,-4.140703503933901,0.7109350541656747,-4.843185469747144,-4.317167245691126,-2.553809441834371,-1.3716584947015753,-1.009891723757792,4.755544430291508,-1.2390353455376146,1.0733197291858718
70.0,38.0,200.4595947265625,-2.084801696602356,1.781958941512163,-4.857691054886837,-2.9380795409676086,-2.9400486311911447,2.307995559638239,-1.0542398970615203,3.430271393265929,-0.5003606612724646,0.7460025177509028
70.0,38.0,179.67247009277344,-2.145688468872716,2.0080028380264223,-4.90926444251414,-2.981372272085216,-3.0283647830443567,0.8217788170571025,-1.0582116799241312,2.739242159772309,-0.4404933277907711,0.756346328299024
70.0,38.0,188.13690185546875,-2.183049120468299,1.7515411090382815,-4.877080446111212,-3.029575787544264,-3.020762454574041,0.7776547920162709,-1.033340134791057,2.3294713655419867,-0.4451624838940167,1.1869074608105392
70.0,38.0,199.6679077148437,-3.9079371474455193,1.833041600598056,-4.902268378419014,-3.0457555796638824,-2.8746781677767848,0.9081503881627984,-0.9216393340460703,4.358472570920068,-0.4712806620127977,1.6666986473807603
70.0,38.0,204.9386444091797,-4.911051898261931,1.6652841645707634,-4.834673807374948,-1.6566290489086744,-2.035709204758102,1.267316568519958,-1.0494991764801582,4.732699544544123,-0.8388802162202884,0.7278623851785704
70.0,38.0,222.4643402099609,-3.89071174558306,1.899830897772,-4.8281024760496845,-3.17315757301944,-3.884924115933823,-0.6353160877661153,-1.0538728405775408,3.9875727967845136,-1.2461144615976048,0.99751680391348
70.0,38.0,175.5135955810547,-3.9090488953949887,1.7859067540409015,-4.947877033145323,-2.438215959708819,-3.083639817184455,0.8145819375545251,-0.9752124298710154,3.60916111720354,-0.4453514141807003,1.3071532897292408
70.0,38.0,209.95233154296875,-2.3403119252767977,1.2667253198739767,-4.774581664394478,-3.0421816203313967,-3.090139865238808,0.3829072303103834,-1.0524372133416124,3.574871757100059,-0.5671024046640358,0.7569375843448346
70.0,38.0,214.34674072265625,-3.017210451292712,1.7904148831049125,-4.90235660380732,-3.722265151658564,-2.77999931959604,-0.2908202591001321,-0.4908023245539286,2.8628624531349445,-0.445068132097154,0.4935068850469932
70.0,38.0,209.64865112304688,-2.3635821408337607,1.7411524759960546,-4.927187493443163,-3.0031442691439727,-2.734442204409812,0.8109148685985925,-0.9947818293115372,3.871230520906495,-0.5971458463173902,0.7900680368045769
70.0,38.0,216.64889526367188,-3.119200354622974,1.0381176817895923,-4.69307522512295,-1.6392443033678898,-2.8010636188402933,0.2843458672433435,-0.9554619730909504,4.386770655722996,-0.4773885801804987,2.273100919956005
70.0,38.0,227.83526611328125,-3.2531569308652792,1.7904650749298965,-4.956353155697037,-2.8662381346331944,-3.4970960468690224,0.9410899192103372,-1.2561556894670456,4.250807239701497,-0.4723368872795641,1.0111690789460035
70.0,38.0,239.0243377685547,-4.051409346506912,2.063886860580763,-4.843229970009615,-1.6962553641924465,-1.947556494525905,0.9460816389313382,-1.4409639156178415,4.254907946189098,-2.252831223023224,1.679280647292548
70.0,38.0,195.78207397460932,-2.117067023637284,1.7888013414140724,-4.893373260983007,-2.996782714454393,-3.064147502223935,1.1811796678240218,-1.0608739857518437,3.073180191193013,-0.35642540746134,0.7109225436642547
70.0,38.0,179.84725952148438,-2.247308333666121,1.7364522984917612,-4.877709112149785,-3.0418550713274217,-3.042507806250314,0.8313456508560593,-1.053950302857149,3.2948600616251777,-0.4936572340990717,0.7566473052484389
70.0,38.0,208.56399536132807,-2.0820388979574176,1.880813145684664,-4.875453277552141,-3.207055757718829,-2.474297415706644,0.405617001889583,-1.0230316966451305,3.696859762673923,-0.528893236288194,0.7756769650651318
70.0,38.0,203.88360595703125,-3.8651540666740143,1.8796331880000483,-4.881909598484957,-3.67342734263625,-3.4913881027543927,-0.1919946875921845,-1.0352835389161024,4.3125872899123525,-1.1634764899508645,0.6914597529804754
70.0,38.0,185.71759033203125,-2.9127263618186285,1.6465666753589654,-4.896788601335598,-3.609799228197332,-3.0348557923658097,0.8747628309109656,-1.0533922772481763,3.540047871268051,-0.4113437396500373,0.927740468898852
70.0,38.0,185.9789428710937,-2.121029869259069,2.0163664026535355,-4.790815157662717,-3.0876936470467187,-3.0513303017481137,0.7382382551323386,-1.0453864087256417,4.815499873722272,-0.7227746703258202,0.7660402842822795
70.0,38.0,180.58837890625,-2.1799902259401165,1.7513112225905567,-4.856879756093877,-3.050645232846204,-2.5871631856568333,1.4166093527821966,-1.0468264443885902,4.366687430762195,-0.9127855496488892,1.0816258685645717
70.0,38.0,208.88221740722656,-3.167647706266909,2.1641695989057586,-4.877503768401458,-3.0802830363974367,-3.094953265333809,0.8204515273329757,-1.0853474299044166,4.174683191628319,-0.4451045378678032,0.9332653141892076
70.0,38.0,178.43862915039062,-2.289268217291724,1.7449684556891576,-4.878897322248348,-3.1156352331744968,-3.033355869126169,0.2892754389345949,-1.0526397864855894,3.033947800850548,-0.4421732112686315,0.7512543865918617
70.0,38.0,211.6270751953125,-1.9784052560237035,1.225594898222842,-4.945285294766198,-2.932509610172263,-2.756335558103621,0.7959291382496296,-1.00401021611483,3.525004630766553,-0.5182481459936163,0.8088510333817738
70.0,38.0,177.22738647460938,-3.031822186983138,1.6791418473451694,-4.877668685193823,-2.9482591144006984,-2.9861866945536053,1.899104024812023,-1.0602107898557596,4.708812942799022,-0.4490629330935093,0.7040525690094692
70.0,38.0,184.3595428466797,-3.1325116087393234,1.8226156302993608,-4.8738388928880605,-2.937807774063807,-3.043168316171073,0.3689388114989547,-1.0610093144615331,4.800049984976603,-0.5367132958862261,0.7529545531962287
70.0,38.0,203.50698852539065,-4.002838968935249,1.5932768789775669,-4.879972522619296,-3.1049215560729966,-3.093876895473604,-0.2693072415757753,-1.019265982390397,4.823078729746627,-0.732579567027802,0.7725279645802882
70.0,38.0,182.66783142089844,-2.410610777234607,1.6567637401363458,-4.937739513274872,-2.836179737006624,-3.0556300446179154,0.8197940362771238,-1.0556083982079238,3.9251142577415568,-0.4397471326745507,0.7078223468277347
70.0,39.0,176.1159210205078,-1.892881140071444,1.821383480380095,-4.896073443428582,-3.029687588522527,-2.999288031916354,0.8729963518348315,-1.0433580981617103,3.207565443597423,-0.368485828232632,0.98431662345022
70.0,39.0,200.3949279785156,-3.058713128559281,2.0421065109991035,-4.869225655779638,-2.9766643811118887,-3.133137049422207,0.6708071897670846,-1.039313282226866,4.4513074009826585,-0.5149519158574857,0.7721862280951298
70.0,39.0,235.72964477539065,-3.262873301429732,1.893689242867254,-4.82126902285408,-3.5361211441600244,-2.980146319820233,1.2138995453238932,-1.0395241694460111,3.411971949660076,-1.4883346769792036,0.8866224914110873
70.0,39.0,195.2211761474609,-2.864067748512182,1.639527969597854,-4.86224001238643,-3.015338991699468,-3.005593938628276,1.8636780210418435,-0.9795361301075448,4.350618841738229,-0.5430293820279831,1.8810925325547152
70.0,39.0,175.01382446289062,-2.0882584616309683,1.7627417007861876,-4.863015546108137,-3.0239398447044303,-3.065130033542456,0.670734084668893,-1.0552039230874977,4.059988402929288,-0.4494289269217273,0.7519379046771544
70.0,39.0,167.15057373046875,-2.153761969400635,1.7728527017810771,-4.879796151012713,-2.999437248298146,-3.1273102446215693,1.233780873731805,-1.0503503504940377,3.119287076082276,-0.4428168815419342,0.7634841152141416
70.0,39.0,166.28262329101562,-2.1919456970362345,1.781269237385775,-4.870070824947889,-3.0099025378073283,-2.971136227953827,0.8181873993321704,-1.042254740948064,3.168410812681416,-0.4545378665341988,0.7289129479088583
70.0,39.0,181.05616760253903,-3.928305740708015,1.9123212289654168,-4.91788751714991,-2.998603588579736,-3.0732698542068,-0.332549045182909,-1.0865381964092904,4.324808333799027,-0.4420116799647245,0.9836065782942632
70.0,39.0,174.614501953125,-2.227034146163842,1.832686956439855,-4.769771660094365,-3.0562012312643008,-3.157917249194937,0.9368057754768632,-1.0467761995966116,3.6071291214832697,-0.4886812744883836,0.7098252758321292
70.0,39.0,178.73272705078125,-2.33201553459389,1.7961430749526586,-4.870018945976936,-2.851381487082554,-2.511699842423838,0.840349258687068,-1.0535341523592692,4.0803151055160125,-0.7739301286887039,0.7576150045085395
70.0,39.0,184.7637481689453,-2.295257409215237,1.8252397679538228,-4.875873536918332,-3.025795570640355,-2.6714738600084367,0.6070706071715752,-1.0565695199725564,4.312016220743721,-0.4713443792523581,1.2668967370484647
70.0,39.0,194.934814453125,-3.8901991192035807,1.895137659100692,-4.886179510655577,-3.05271022197614,-3.09783652943099,-0.134538419022438,-0.9927953148690036,4.308401656304204,-0.4187438752615099,1.307830121642794
70.0,39.0,195.18731689453125,-3.2385980368204423,1.7285802312189276,-4.769632790165409,-2.8992951296389258,-2.989067015260295,1.235426606567029,-1.0938415675799396,4.735035877411996,-0.8179012791588454,0.9646891072118112
70.0,39.0,190.8768615722656,-1.919348558408478,1.7460943029612184,-4.874263579887929,-3.200135628061912,-3.1624557218688327,0.8434325552709347,-1.04552970443939,3.9186798818348016,-0.5104945320419384,0.384164261401295
70.0,39.0,214.3700256347656,-4.099706257230023,1.8516562336474585,-4.837189943158729,-2.997352241164723,-3.634227092349994,1.8892170924319007,-1.0506408643950789,4.313847971663665,-0.6368003035079878,0.9550865572395988
70.0,39.0,210.84909057617188,-1.869154250088637,1.8210787113135751,-4.899193131222925,-3.185042296296173,-3.885765215712453,0.8725473786897544,-1.0735385992034034,4.340961587556614,-1.0111526337252448,1.7125418334358864
70.0,39.0,204.9923553466797,-3.922382689316729,1.8470972349876265,-4.861096264745154,-3.144761493326007,-3.183987188967568,-0.432669362454968,-1.0289355926998702,4.300774239544054,-0.4058770881105519,0.6544962810849038
70.0,39.0,198.01931762695312,-2.0601445276610337,2.1776351056153462,-4.925063909321061,-3.033626700210224,-3.0394098569499928,1.1330975435716248,-1.00739314303951,2.8090367552902555,-0.457712870290049,0.6626923763364072
70.0,39.0,160.01856994628906,-2.220169854322381,1.7733973193895476,-4.877059725003649,-3.0383700245191645,-3.032693759079466,0.8641455062900459,-1.053383293827007,3.117527630893025,-0.4452152258004726,0.7565709844852148
70.0,39.0,178.56536865234375,-3.913771525355603,1.883732474468672,-4.886714999470344,-3.005890070009017,-3.0922184819962046,-0.2975027970034738,-1.047872721025193,4.307219360006983,-0.4441526956280124,0.7357575876555427
70.0,39.0,187.906005859375,-2.121629085570003,1.6807941760573168,-4.887677575916059,-3.0375286970930886,-2.5608377989906064,0.9023513598891416,-1.0480198205542253,3.075825052293092,-0.9155576110722,0.9443244047564012
70.0,39.0,216.31118774414065,-2.9334629272000114,2.132355745435442,-4.905883367223724,-3.0715568103792323,-2.699516486542432,-0.1854729400322584,-1.0424568395618778,3.869732936013356,-0.770375831383755,0.910642710079945
70.0,39.0,220.0723419189453,-4.140703503933901,0.7109350541656747,-4.843185469747144,-4.317167245691126,-2.553809441834371,-1.3716584947015753,-1.009891723757792,4.755544430291508,-1.2390353455376146,1.0733197291858718
70.0,39.0,200.4595947265625,-2.084801696602356,1.781958941512163,-4.857691054886837,-2.9380795409676086,-2.9400486311911447,2.307995559638239,-1.0542398970615203,3.430271393265929,-0.5003606612724646,0.7460025177509028
70.0,39.0,179.67247009277344,-2.145688468872716,2.0080028380264223,-4.90926444251414,-2.981372272085216,-3.0283647830443567,0.8217788170571025,-1.0582116799241312,2.739242159772309,-0.4404933277907711,0.756346328299024
70.0,39.0,178.7998504638672,-2.222817145093311,1.7972506401244202,-4.87603682618933,-3.0328222052899907,-3.030509512388243,0.8767721816553048,-1.0506175698937732,2.916380137771198,-0.4474568556218807,0.9758845276401856
70.0,39.0,176.9060516357422,-3.912155836313018,1.8099997521724844,-4.870024948723876,-3.109963071389307,-3.076224762319084,0.8033257325030952,-0.5252928698742436,4.859467288476143,-0.4957199434724865,0.6589810754259022
70.0,39.0,204.9386444091797,-4.911051898261931,1.6652841645707634,-4.834673807374948,-1.6566290489086744,-2.035709204758102,1.267316568519958,-1.0494991764801582,4.732699544544123,-0.8388802162202884,0.7278623851785704
70.0,39.0,222.4643402099609,-3.89071174558306,1.899830897772,-4.8281024760496845,-3.17315757301944,-3.884924115933823,-0.6353160877661153,-1.0538728405775408,3.9875727967845136,-1.2461144615976048,0.99751680391348
70.0,39.0,175.5135955810547,-3.9090488953949887,1.7859067540409015,-4.947877033145323,-2.438215959708819,-3.083639817184455,0.8145819375545251,-0.9752124298710154,3.60916111720354,-0.4453514141807003,1.3071532897292408
70.0,39.0,197.9398956298828,-2.15633538408986,1.7389555831975845,-4.818344108322242,-3.038302482686821,-3.1049797662675576,0.754755758335873,-1.0547715026081312,3.8115000932101695,-0.384000763802065,0.7565452350347128
70.0,39.0,214.34674072265625,-3.017210451292712,1.7904148831049125,-4.90235660380732,-3.722265151658564,-2.77999931959604,-0.2908202591001321,-0.4908023245539286,2.8628624531349445,-0.445068132097154,0.4935068850469932
70.0,39.0,209.64865112304688,-2.3635821408337607,1.7411524759960546,-4.927187493443163,-3.0031442691439727,-2.734442204409812,0.8109148685985925,-0.9947818293115372,3.871230520906495,-0.5971458463173902,0.7900680368045769
70.0,39.0,216.64889526367188,-3.119200354622974,1.0381176817895923,-4.69307522512295,-1.6392443033678898,-2.8010636188402933,0.2843458672433435,-0.9554619730909504,4.386770655722996,-0.4773885801804987,2.273100919956005
70.0,39.0,227.83526611328125,-3.2531569308652792,1.7904650749298965,-4.956353155697037,-2.8662381346331944,-3.4970960468690224,0.9410899192103372,-1.2561556894670456,4.250807239701497,-0.4723368872795641,1.0111690789460035
70.0,39.0,239.0243377685547,-4.051409346506912,2.063886860580763,-4.843229970009615,-1.6962553641924465,-1.947556494525905,0.9460816389313382,-1.4409639156178415,4.254907946189098,-2.252831223023224,1.679280647292548
70.0,39.0,166.01702880859375,-2.14082095031438,1.806404869898237,-4.89227173339009,-3.0590718538006363,-3.085711377971037,0.9008815020265516,-1.0628634212786112,3.122761000959944,-0.4569334087614827,0.7873169273831617
70.0,39.0,179.84725952148438,-2.247308333666121,1.7364522984917612,-4.877709112149785,-3.0418550713274217,-3.042507806250314,0.8313456508560593,-1.053950302857149,3.2948600616251777,-0.4936572340990717,0.7566473052484389
70.0,39.0,208.56399536132807,-2.0820388979574176,1.880813145684664,-4.875453277552141,-3.207055757718829,-2.474297415706644,0.405617001889583,-1.0230316966451305,3.696859762673923,-0.528893236288194,0.7756769650651318
70.0,39.0,203.88360595703125,-3.8651540666740143,1.8796331880000483,-4.881909598484957,-3.67342734263625,-3.4913881027543927,-0.1919946875921845,-1.0352835389161024,4.3125872899123525,-1.1634764899508645,0.6914597529804754
70.0,39.0,185.71759033203125,-2.9127263618186285,1.6465666753589654,-4.896788601335598,-3.609799228197332,-3.0348557923658097,0.8747628309109656,-1.0533922772481763,3.540047871268051,-0.4113437396500373,0.927740468898852
70.0,39.0,185.9789428710937,-2.121029869259069,2.0163664026535355,-4.790815157662717,-3.0876936470467187,-3.0513303017481137,0.7382382551323386,-1.0453864087256417,4.815499873722272,-0.7227746703258202,0.7660402842822795
70.0,39.0,180.58837890625,-2.1799902259401165,1.7513112225905567,-4.856879756093877,-3.050645232846204,-2.5871631856568333,1.4166093527821966,-1.0468264443885902,4.366687430762195,-0.9127855496488892,1.0816258685645717
70.0,39.0,200.20004272460932,-2.459292489293205,1.4367227037880574,-4.876030423333368,-3.0484202974227905,-3.076341645893553,0.8203846725229398,-1.0765182084439768,3.1751855255833865,-0.444833701476777,0.7567119306486288
70.0,39.0,178.43862915039062,-2.289268217291724,1.7449684556891576,-4.878897322248348,-3.1156352331744968,-3.033355869126169,0.2892754389345949,-1.0526397864855894,3.033947800850548,-0.4421732112686315,0.7512543865918617
70.0,39.0,211.6270751953125,-1.9784052560237035,1.225594898222842,-4.945285294766198,-2.932509610172263,-2.756335558103621,0.7959291382496296,-1.00401021611483,3.525004630766553,-0.5182481459936163,0.8088510333817738
70.0,39.0,177.22738647460938,-3.031822186983138,1.6791418473451694,-4.877668685193823,-2.9482591144006984,-2.9861866945536053,1.899104024812023,-1.0602107898557596,4.708812942799022,-0.4490629330935093,0.7040525690094692
70.0,39.0,184.3595428466797,-3.1325116087393234,1.8226156302993608,-4.8738388928880605,-2.937807774063807,-3.043168316171073,0.3689388114989547,-1.0610093144615331,4.800049984976603,-0.5367132958862261,0.7529545531962287
70.0,39.0,203.50698852539065,-4.002838968935249,1.5932768789775669,-4.879972522619296,-3.1049215560729966,-3.093876895473604,-0.2693072415757753,-1.019265982390397,4.823078729746627,-0.732579567027802,0.7725279645802882
70.0,39.0,182.66783142089844,-2.410610777234607,1.6567637401363458,-4.937739513274872,-2.836179737006624,-3.0556300446179154,0.8197940362771238,-1.0556083982079238,3.9251142577415568,-0.4397471326745507,0.7078223468277347
70.0,40.0,176.1159210205078,-1.892881140071444,1.821383480380095,-4.896073443428582,-3.029687588522527,-2.999288031916354,0.8729963518348315,-1.0433580981617103,3.207565443597423,-0.368485828232632,0.98431662345022
70.0,40.0,200.3949279785156,-3.058713128559281,2.0421065109991035,-4.869225655779638,-2.9766643811118887,-3.133137049422207,0.6708071897670846,-1.039313282226866,4.4513074009826585,-0.5149519158574857,0.7721862280951298
70.0,40.0,235.72964477539065,-3.262873301429732,1.893689242867254,-4.82126902285408,-3.5361211441600244,-2.980146319820233,1.2138995453238932,-1.0395241694460111,3.411971949660076,-1.4883346769792036,0.8866224914110873
70.0,40.0,195.2211761474609,-2.864067748512182,1.639527969597854,-4.86224001238643,-3.015338991699468,-3.005593938628276,1.8636780210418435,-0.9795361301075448,4.350618841738229,-0.5430293820279831,1.8810925325547152
70.0,40.0,175.01382446289062,-2.0882584616309683,1.7627417007861876,-4.863015546108137,-3.0239398447044303,-3.065130033542456,0.670734084668893,-1.0552039230874977,4.059988402929288,-0.4494289269217273,0.7519379046771544
70.0,40.0,167.15057373046875,-2.153761969400635,1.7728527017810771,-4.879796151012713,-2.999437248298146,-3.1273102446215693,1.233780873731805,-1.0503503504940377,3.119287076082276,-0.4428168815419342,0.7634841152141416
70.0,40.0,166.28262329101562,-2.1919456970362345,1.781269237385775,-4.870070824947889,-3.0099025378073283,-2.971136227953827,0.8181873993321704,-1.042254740948064,3.168410812681416,-0.4545378665341988,0.7289129479088583
70.0,40.0,181.05616760253903,-3.928305740708015,1.9123212289654168,-4.91788751714991,-2.998603588579736,-3.0732698542068,-0.332549045182909,-1.0865381964092904,4.324808333799027,-0.4420116799647245,0.9836065782942632
70.0,40.0,174.614501953125,-2.227034146163842,1.832686956439855,-4.769771660094365,-3.0562012312643008,-3.157917249194937,0.9368057754768632,-1.0467761995966116,3.6071291214832697,-0.4886812744883836,0.7098252758321292
70.0,40.0,178.73272705078125,-2.33201553459389,1.7961430749526586,-4.870018945976936,-2.851381487082554,-2.511699842423838,0.840349258687068,-1.0535341523592692,4.0803151055160125,-0.7739301286887039,0.7576150045085395
70.0,40.0,184.7637481689453,-2.295257409215237,1.8252397679538228,-4.875873536918332,-3.025795570640355,-2.6714738600084367,0.6070706071715752,-1.0565695199725564,4.312016220743721,-0.4713443792523581,1.2668967370484647
70.0,40.0,194.934814453125,-3.8901991192035807,1.895137659100692,-4.886179510655577,-3.05271022197614,-3.09783652943099,-0.134538419022438,-0.9927953148690036,4.308401656304204,-0.4187438752615099,1.307830121642794
70.0,40.0,195.18731689453125,-3.2385980368204423,1.7285802312189276,-4.769632790165409,-2.8992951296389258,-2.989067015260295,1.235426606567029,-1.0938415675799396,4.735035877411996,-0.8179012791588454,0.9646891072118112
70.0,40.0,190.8768615722656,-1.919348558408478,1.7460943029612184,-4.874263579887929,-3.200135628061912,-3.1624557218688327,0.8434325552709347,-1.04552970443939,3.9186798818348016,-0.5104945320419384,0.384164261401295
70.0,40.0,214.3700256347656,-4.099706257230023,1.8516562336474585,-4.837189943158729,-2.997352241164723,-3.634227092349994,1.8892170924319007,-1.0506408643950789,4.313847971663665,-0.6368003035079878,0.9550865572395988
70.0,40.0,210.84909057617188,-1.869154250088637,1.8210787113135751,-4.899193131222925,-3.185042296296173,-3.885765215712453,0.8725473786897544,-1.0735385992034034,4.340961587556614,-1.0111526337252448,1.7125418334358864
70.0,40.0,204.9923553466797,-3.922382689316729,1.8470972349876265,-4.861096264745154,-3.144761493326007,-3.183987188967568,-0.432669362454968,-1.0289355926998702,4.300774239544054,-0.4058770881105519,0.6544962810849038
70.0,40.0,198.01931762695312,-2.0601445276610337,2.1776351056153462,-4.925063909321061,-3.033626700210224,-3.0394098569499928,1.1330975435716248,-1.00739314303951,2.8090367552902555,-0.457712870290049,0.6626923763364072
70.0,40.0,160.01856994628906,-2.220169854322381,1.7733973193895476,-4.877059725003649,-3.0383700245191645,-3.032693759079466,0.8641455062900459,-1.053383293827007,3.117527630893025,-0.4452152258004726,0.7565709844852148
70.0,40.0,178.56536865234375,-3.913771525355603,1.883732474468672,-4.886714999470344,-3.005890070009017,-3.0922184819962046,-0.2975027970034738,-1.047872721025193,4.307219360006983,-0.4441526956280124,0.7357575876555427
70.0,40.0,187.906005859375,-2.121629085570003,1.6807941760573168,-4.887677575916059,-3.0375286970930886,-2.5608377989906064,0.9023513598891416,-1.0480198205542253,3.075825052293092,-0.9155576110722,0.9443244047564012
70.0,40.0,216.31118774414065,-2.9334629272000114,2.132355745435442,-4.905883367223724,-3.0715568103792323,-2.699516486542432,-0.1854729400322584,-1.0424568395618778,3.869732936013356,-0.770375831383755,0.910642710079945
70.0,40.0,220.0723419189453,-4.140703503933901,0.7109350541656747,-4.843185469747144,-4.317167245691126,-2.553809441834371,-1.3716584947015753,-1.009891723757792,4.755544430291508,-1.2390353455376146,1.0733197291858718
70.0,40.0,200.4595947265625,-2.084801696602356,1.781958941512163,-4.857691054886837,-2.9380795409676086,-2.9400486311911447,2.307995559638239,-1.0542398970615203,3.430271393265929,-0.5003606612724646,0.7460025177509028
70.0,40.0,179.67247009277344,-2.145688468872716,2.0080028380264223,-4.90926444251414,-2.981372272085216,-3.0283647830443567,0.8217788170571025,-1.0582116799241312,2.739242159772309,-0.4404933277907711,0.756346328299024
70.0,40.0,178.7998504638672,-2.222817145093311,1.7972506401244202,-4.87603682618933,-3.0328222052899907,-3.030509512388243,0.8767721816553048,-1.0506175698937732,2.916380137771198,-0.4474568556218807,0.9758845276401856
70.0,40.0,176.9060516357422,-3.912155836313018,1.8099997521724844,-4.870024948723876,-3.109963071389307,-3.076224762319084,0.8033257325030952,-0.5252928698742436,4.859467288476143,-0.4957199434724865,0.6589810754259022
70.0,40.0,204.9386444091797,-4.911051898261931,1.6652841645707634,-4.834673807374948,-1.6566290489086744,-2.035709204758102,1.267316568519958,-1.0494991764801582,4.732699544544123,-0.8388802162202884,0.7278623851785704
70.0,40.0,222.4643402099609,-3.89071174558306,1.899830897772,-4.8281024760496845,-3.17315757301944,-3.884924115933823,-0.6353160877661153,-1.0538728405775408,3.9875727967845136,-1.2461144615976048,0.99751680391348
70.0,40.0,175.5135955810547,-3.9090488953949887,1.7859067540409015,-4.947877033145323,-2.438215959708819,-3.083639817184455,0.8145819375545251,-0.9752124298710154,3.60916111720354,-0.4453514141807003,1.3071532897292408
70.0,40.0,190.49264526367188,-2.1460393922580083,1.9741970551311527,-4.8120920922128505,-3.0365835123209424,-3.083576384311056,1.0825880940898125,-1.0557858625540737,3.52049685698716,-0.3705500605115101,0.7566311529543369
70.0,40.0,214.34674072265625,-3.017210451292712,1.7904148831049125,-4.90235660380732,-3.722265151658564,-2.77999931959604,-0.2908202591001321,-0.4908023245539286,2.8628624531349445,-0.445068132097154,0.4935068850469932
70.0,40.0,209.64865112304688,-2.3635821408337607,1.7411524759960546,-4.927187493443163,-3.0031442691439727,-2.734442204409812,0.8109148685985925,-0.9947818293115372,3.871230520906495,-0.5971458463173902,0.7900680368045769
70.0,40.0,216.64889526367188,-3.119200354622974,1.0381176817895923,-4.69307522512295,-1.6392443033678898,-2.8010636188402933,0.2843458672433435,-0.9554619730909504,4.386770655722996,-0.4773885801804987,2.273100919956005
70.0,40.0,227.83526611328125,-3.2531569308652792,1.7904650749298965,-4.956353155697037,-2.8662381346331944,-3.4970960468690224,0.9410899192103372,-1.2561556894670456,4.250807239701497,-0.4723368872795641,1.0111690789460035
70.0,40.0,239.0243377685547,-4.051409346506912,2.063886860580763,-4.843229970009615,-1.6962553641924465,-1.947556494525905,0.9460816389313382,-1.4409639156178415,4.254907946189098,-2.252831223023224,1.679280647292548
70.0,40.0,166.01702880859375,-2.14082095031438,1.806404869898237,-4.89227173339009,-3.0590718538006363,-3.085711377971037,0.9008815020265516,-1.0628634212786112,3.122761000959944,-0.4569334087614827,0.7873169273831617
70.0,40.0,179.84725952148438,-2.247308333666121,1.7364522984917612,-4.877709112149785,-3.0418550713274217,-3.042507806250314,0.8313456508560593,-1.053950302857149,3.2948600616251777,-0.4936572340990717,0.7566473052484389
70.0,40.0,203.98141479492188,-1.7945921671704796,1.813607795332337,-4.867005326669751,-3.1971323211228184,-3.089262751464435,0.7665204584602806,-1.065246173567934,3.6763874554242704,-0.4956820888997816,0.7785199618257488
70.0,40.0,203.88360595703125,-3.8651540666740143,1.8796331880000483,-4.881909598484957,-3.67342734263625,-3.4913881027543927,-0.1919946875921845,-1.0352835389161024,4.3125872899123525,-1.1634764899508645,0.6914597529804754
70.0,40.0,185.71759033203125,-2.9127263618186285,1.6465666753589654,-4.896788601335598,-3.609799228197332,-3.0348557923658097,0.8747628309109656,-1.0533922772481763,3.540047871268051,-0.4113437396500373,0.927740468898852
70.0,40.0,185.9789428710937,-2.121029869259069,2.0163664026535355,-4.790815157662717,-3.0876936470467187,-3.0513303017481137,0.7382382551323386,-1.0453864087256417,4.815499873722272,-0.7227746703258202,0.7660402842822795
70.0,40.0,180.58837890625,-2.1799902259401165,1.7513112225905567,-4.856879756093877,-3.050645232846204,-2.5871631856568333,1.4166093527821966,-1.0468264443885902,4.366687430762195,-0.9127855496488892,1.0816258685645717
70.0,40.0,200.20004272460932,-2.459292489293205,1.4367227037880574,-4.876030423333368,-3.0484202974227905,-3.076341645893553,0.8203846725229398,-1.0765182084439768,3.1751855255833865,-0.444833701476777,0.7567119306486288
70.0,40.0,178.43862915039062,-2.289268217291724,1.7449684556891576,-4.878897322248348,-3.1156352331744968,-3.033355869126169,0.2892754389345949,-1.0526397864855894,3.033947800850548,-0.4421732112686315,0.7512543865918617
70.0,40.0,211.6270751953125,-1.9784052560237035,1.225594898222842,-4.945285294766198,-2.932509610172263,-2.756335558103621,0.7959291382496296,-1.00401021611483,3.525004630766553,-0.5182481459936163,0.8088510333817738
70.0,40.0,177.22738647460938,-3.031822186983138,1.6791418473451694,-4.877668685193823,-2.9482591144006984,-2.9861866945536053,1.899104024812023,-1.0602107898557596,4.708812942799022,-0.4490629330935093,0.7040525690094692
70.0,40.0,184.3595428466797,-3.1325116087393234,1.8226156302993608,-4.8738388928880605,-2.937807774063807,-3.043168316171073,0.3689388114989547,-1.0610093144615331,4.800049984976603,-0.5367132958862261,0.7529545531962287
70.0,40.0,203.50698852539065,-4.002838968935249,1.5932768789775669,-4.879972522619296,-3.1049215560729966,-3.093876895473604,-0.2693072415757753,-1.019265982390397,4.823078729746627,-0.732579567027802,0.7725279645802882
70.0,40.0,182.66783142089844,-2.410610777234607,1.6567637401363458,-4.937739513274872,-2.836179737006624,-3.0556300446179154,0.8197940362771238,-1.0556083982079238,3.9251142577415568,-0.4397471326745507,0.7078223468277347
70.0,41.0,176.1159210205078,-1.892881140071444,1.821383480380095,-4.896073443428582,-3.029687588522527,-2.999288031916354,0.8729963518348315,-1.0433580981617103,3.207565443597423,-0.368485828232632,0.98431662345022
70.0,41.0,200.3949279785156,-3.058713128559281,2.0421065109991035,-4.869225655779638,-2.9766643811118887,-3.133137049422207,0.6708071897670846,-1.039313282226866,4.4513074009826585,-0.5149519158574857,0.7721862280951298
70.0,41.0,235.72964477539065,-3.262873301429732,1.893689242867254,-4.82126902285408,-3.5361211441600244,-2.980146319820233,1.2138995453238932,-1.0395241694460111,3.411971949660076,-1.4883346769792036,0.8866224914110873
70.0,41.0,195.2211761474609,-2.864067748512182,1.639527969597854,-4.86224001238643,-3.015338991699468,-3.005593938628276,1.8636780210418435,-0.9795361301075448,4.350618841738229,-0.5430293820279831,1.8810925325547152
70.0,41.0,175.01382446289062,-2.0882584616309683,1.7627417007861876,-4.863015546108137,-3.0239398447044303,-3.065130033542456,0.670734084668893,-1.0552039230874977,4.059988402929288,-0.4494289269217273,0.7519379046771544
70.0,41.0,167.15057373046875,-2.153761969400635,1.7728527017810771,-4.879796151012713,-2.999437248298146,-3.1273102446215693,1.233780873731805,-1.0503503504940377,3.119287076082276,-0.4428168815419342,0.7634841152141416
70.0,41.0,159.0465087890625,-2.1737928770337227,1.7653537916600848,-4.879033891559776,-3.1020713502801955,-3.0739514986966703,0.848696473220936,-1.0496696140457262,3.079512203575917,-0.4448966222213528,0.7330372051920012
70.0,41.0,181.05616760253903,-3.928305740708015,1.9123212289654168,-4.91788751714991,-2.998603588579736,-3.0732698542068,-0.332549045182909,-1.0865381964092904,4.324808333799027,-0.4420116799647245,0.9836065782942632
70.0,41.0,174.614501953125,-2.227034146163842,1.832686956439855,-4.769771660094365,-3.0562012312643008,-3.157917249194937,0.9368057754768632,-1.0467761995966116,3.6071291214832697,-0.4886812744883836,0.7098252758321292
70.0,41.0,178.73272705078125,-2.33201553459389,1.7961430749526586,-4.870018945976936,-2.851381487082554,-2.511699842423838,0.840349258687068,-1.0535341523592692,4.0803151055160125,-0.7739301286887039,0.7576150045085395
70.0,41.0,184.7637481689453,-2.295257409215237,1.8252397679538228,-4.875873536918332,-3.025795570640355,-2.6714738600084367,0.6070706071715752,-1.0565695199725564,4.312016220743721,-0.4713443792523581,1.2668967370484647
70.0,41.0,194.934814453125,-3.8901991192035807,1.895137659100692,-4.886179510655577,-3.05271022197614,-3.09783652943099,-0.134538419022438,-0.9927953148690036,4.308401656304204,-0.4187438752615099,1.307830121642794
70.0,41.0,195.18731689453125,-3.2385980368204423,1.7285802312189276,-4.769632790165409,-2.8992951296389258,-2.989067015260295,1.235426606567029,-1.0938415675799396,4.735035877411996,-0.8179012791588454,0.9646891072118112
70.0,41.0,182.0167694091797,-1.827049520787709,1.8502996876876387,-4.874100534387432,-2.96145271138638,-3.007716713677257,0.9190196106752266,-1.0447224308739338,4.313653632845284,-0.4495307665263179,0.7886832200678955
70.0,41.0,214.3700256347656,-4.099706257230023,1.8516562336474585,-4.837189943158729,-2.997352241164723,-3.634227092349994,1.8892170924319007,-1.0506408643950789,4.313847971663665,-0.6368003035079878,0.9550865572395988
70.0,41.0,210.84909057617188,-1.869154250088637,1.8210787113135751,-4.899193131222925,-3.185042296296173,-3.885765215712453,0.8725473786897544,-1.0735385992034034,4.340961587556614,-1.0111526337252448,1.7125418334358864
70.0,41.0,204.9923553466797,-3.922382689316729,1.8470972349876265,-4.861096264745154,-3.144761493326007,-3.183987188967568,-0.432669362454968,-1.0289355926998702,4.300774239544054,-0.4058770881105519,0.6544962810849038
70.0,41.0,198.01931762695312,-2.0601445276610337,2.1776351056153462,-4.925063909321061,-3.033626700210224,-3.0394098569499928,1.1330975435716248,-1.00739314303951,2.8090367552902555,-0.457712870290049,0.6626923763364072
70.0,41.0,160.01856994628906,-2.220169854322381,1.7733973193895476,-4.877059725003649,-3.0383700245191645,-3.032693759079466,0.8641455062900459,-1.053383293827007,3.117527630893025,-0.4452152258004726,0.7565709844852148
70.0,41.0,178.56536865234375,-3.913771525355603,1.883732474468672,-4.886714999470344,-3.005890070009017,-3.0922184819962046,-0.2975027970034738,-1.047872721025193,4.307219360006983,-0.4441526956280124,0.7357575876555427
70.0,41.0,187.906005859375,-2.121629085570003,1.6807941760573168,-4.887677575916059,-3.0375286970930886,-2.5608377989906064,0.9023513598891416,-1.0480198205542253,3.075825052293092,-0.9155576110722,0.9443244047564012
70.0,41.0,216.31118774414065,-2.9334629272000114,2.132355745435442,-4.905883367223724,-3.0715568103792323,-2.699516486542432,-0.1854729400322584,-1.0424568395618778,3.869732936013356,-0.770375831383755,0.910642710079945
70.0,41.0,220.0723419189453,-4.140703503933901,0.7109350541656747,-4.843185469747144,-4.317167245691126,-2.553809441834371,-1.3716584947015753,-1.009891723757792,4.755544430291508,-1.2390353455376146,1.0733197291858718
70.0,41.0,196.50051879882807,-1.965248597655194,1.7725582810231582,-4.843328317839697,-2.978739289212376,-3.004142743525556,1.4620232535027846,-1.053222647562405,3.45690833071054,-0.5467595718686533,0.7598967256792332
70.0,41.0,179.67247009277344,-2.145688468872716,2.0080028380264223,-4.90926444251414,-2.981372272085216,-3.0283647830443567,0.8217788170571025,-1.0582116799241312,2.739242159772309,-0.4404933277907711,0.756346328299024
70.0,41.0,178.7998504638672,-2.222817145093311,1.7972506401244202,-4.87603682618933,-3.0328222052899907,-3.030509512388243,0.8767721816553048,-1.0506175698937732,2.916380137771198,-0.4474568556218807,0.9758845276401856
70.0,41.0,176.9060516357422,-3.912155836313018,1.8099997521724844,-4.870024948723876,-3.109963071389307,-3.076224762319084,0.8033257325030952,-0.5252928698742436,4.859467288476143,-0.4957199434724865,0.6589810754259022
70.0,41.0,204.9386444091797,-4.911051898261931,1.6652841645707634,-4.834673807374948,-1.6566290489086744,-2.035709204758102,1.267316568519958,-1.0494991764801582,4.732699544544123,-0.8388802162202884,0.7278623851785704
70.0,41.0,222.4643402099609,-3.89071174558306,1.899830897772,-4.8281024760496845,-3.17315757301944,-3.884924115933823,-0.6353160877661153,-1.0538728405775408,3.9875727967845136,-1.2461144615976048,0.99751680391348
70.0,41.0,175.5135955810547,-3.9090488953949887,1.7859067540409015,-4.947877033145323,-2.438215959708819,-3.083639817184455,0.8145819375545251,-0.9752124298710154,3.60916111720354,-0.4453514141807003,1.3071532897292408
70.0,41.0,190.49264526367188,-2.1460393922580083,1.9741970551311527,-4.8120920922128505,-3.0365835123209424,-3.083576384311056,1.0825880940898125,-1.0557858625540737,3.52049685698716,-0.3705500605115101,0.7566311529543369
70.0,41.0,214.34674072265625,-3.017210451292712,1.7904148831049125,-4.90235660380732,-3.722265151658564,-2.77999931959604,-0.2908202591001321,-0.4908023245539286,2.8628624531349445,-0.445068132097154,0.4935068850469932
70.0,41.0,209.64865112304688,-2.3635821408337607,1.7411524759960546,-4.927187493443163,-3.0031442691439727,-2.734442204409812,0.8109148685985925,-0.9947818293115372,3.871230520906495,-0.5971458463173902,0.7900680368045769
70.0,41.0,216.64889526367188,-3.119200354622974,1.0381176817895923,-4.69307522512295,-1.6392443033678898,-2.8010636188402933,0.2843458672433435,-0.9554619730909504,4.386770655722996,-0.4773885801804987,2.273100919956005
70.0,41.0,227.83526611328125,-3.2531569308652792,1.7904650749298965,-4.956353155697037,-2.8662381346331944,-3.4970960468690224,0.9410899192103372,-1.2561556894670456,4.250807239701497,-0.4723368872795641,1.0111690789460035
70.0,41.0,239.0243377685547,-4.051409346506912,2.063886860580763,-4.843229970009615,-1.6962553641924465,-1.947556494525905,0.9460816389313382,-1.4409639156178415,4.254907946189098,-2.252831223023224,1.679280647292548
70.0,41.0,166.01702880859375,-2.14082095031438,1.806404869898237,-4.89227173339009,-3.0590718538006363,-3.085711377971037,0.9008815020265516,-1.0628634212786112,3.122761000959944,-0.4569334087614827,0.7873169273831617
70.0,41.0,179.84725952148438,-2.247308333666121,1.7364522984917612,-4.877709112149785,-3.0418550713274217,-3.042507806250314,0.8313456508560593,-1.053950302857149,3.2948600616251777,-0.4936572340990717,0.7566473052484389
70.0,41.0,203.98141479492188,-1.7945921671704796,1.813607795332337,-4.867005326669751,-3.1971323211228184,-3.089262751464435,0.7665204584602806,-1.065246173567934,3.6763874554242704,-0.4956820888997816,0.7785199618257488
70.0,41.0,203.88360595703125,-3.8651540666740143,1.8796331880000483,-4.881909598484957,-3.67342734263625,-3.4913881027543927,-0.1919946875921845,-1.0352835389161024,4.3125872899123525,-1.1634764899508645,0.6914597529804754
70.0,41.0,179.0282440185547,-3.203554714525947,1.7322691146374658,-4.858112432127805,-3.69237922952782,-3.03393580057738,0.8633561891914592,-1.0534732385854546,3.00906897585715,-0.4439771884148252,0.6972644159773618
70.0,41.0,185.9789428710937,-2.121029869259069,2.0163664026535355,-4.790815157662717,-3.0876936470467187,-3.0513303017481137,0.7382382551323386,-1.0453864087256417,4.815499873722272,-0.7227746703258202,0.7660402842822795
70.0,41.0,180.58837890625,-2.1799902259401165,1.7513112225905567,-4.856879756093877,-3.050645232846204,-2.5871631856568333,1.4166093527821966,-1.0468264443885902,4.366687430762195,-0.9127855496488892,1.0816258685645717
70.0,41.0,186.55081176757807,-2.317891936690799,1.9980289539736968,-4.876956887137728,-3.031689978117325,-3.033615738848174,0.8213306373664413,-1.0588456280213612,3.280783078099219,-0.4449430157133002,0.7536915613648487
70.0,41.0,178.43862915039062,-2.289268217291724,1.7449684556891576,-4.878897322248348,-3.1156352331744968,-3.033355869126169,0.2892754389345949,-1.0526397864855894,3.033947800850548,-0.4421732112686315,0.7512543865918617
70.0,41.0,211.6270751953125,-1.9784052560237035,1.225594898222842,-4.945285294766198,-2.932509610172263,-2.756335558103621,0.7959291382496296,-1.00401021611483,3.525004630766553,-0.5182481459936163,0.8088510333817738
70.0,41.0,177.22738647460938,-3.031822186983138,1.6791418473451694,-4.877668685193823,-2.9482591144006984,-2.9861866945536053,1.899104024812023,-1.0602107898557596,4.708812942799022,-0.4490629330935093,0.7040525690094692
70.0,41.0,184.3595428466797,-3.1325116087393234,1.8226156302993608,-4.8738388928880605,-2.937807774063807,-3.043168316171073,0.3689388114989547,-1.0610093144615331,4.800049984976603,-0.5367132958862261,0.7529545531962287
70.0,41.0,203.50698852539065,-4.002838968935249,1.5932768789775669,-4.879972522619296,-3.1049215560729966,-3.093876895473604,-0.2693072415757753,-1.019265982390397,4.823078729746627,-0.732579567027802,0.7725279645802882
70.0,41.0,182.66783142089844,-2.410610777234607,1.6567637401363458,-4.937739513274872,-2.836179737006624,-3.0556300446179154,0.8197940362771238,-1.0556083982079238,3.9251142577415568,-0.4397471326745507,0.7078223468277347
70.0,42.0,176.1159210205078,-1.892881140071444,1.821383480380095,-4.896073443428582,-3.029687588522527,-2.999288031916354,0.8729963518348315,-1.0433580981617103,3.207565443597423,-0.368485828232632,0.98431662345022
70.0,42.0,200.3949279785156,-3.058713128559281,2.0421065109991035,-4.869225655779638,-2.9766643811118887,-3.133137049422207,0.6708071897670846,-1.039313282226866,4.4513074009826585,-0.5149519158574857,0.7721862280951298
70.0,42.0,217.2285003662109,-2.03889380102279,1.8802365493321795,-4.840801023839158,-3.625186759453262,-3.134280335562167,1.14050666923218,-1.0411551847016989,3.173347326632149,-1.0472381464079974,0.4770768064480878
70.0,42.0,195.2211761474609,-2.864067748512182,1.639527969597854,-4.86224001238643,-3.015338991699468,-3.005593938628276,1.8636780210418435,-0.9795361301075448,4.350618841738229,-0.5430293820279831,1.8810925325547152
70.0,42.0,175.01382446289062,-2.0882584616309683,1.7627417007861876,-4.863015546108137,-3.0239398447044303,-3.065130033542456,0.670734084668893,-1.0552039230874977,4.059988402929288,-0.4494289269217273,0.7519379046771544
70.0,42.0,167.15057373046875,-2.153761969400635,1.7728527017810771,-4.879796151012713,-2.999437248298146,-3.1273102446215693,1.233780873731805,-1.0503503504940377,3.119287076082276,-0.4428168815419342,0.7634841152141416
70.0,42.0,159.0465087890625,-2.1737928770337227,1.7653537916600848,-4.879033891559776,-3.1020713502801955,-3.0739514986966703,0.848696473220936,-1.0496696140457262,3.079512203575917,-0.4448966222213528,0.7330372051920012
70.0,42.0,181.05616760253903,-3.928305740708015,1.9123212289654168,-4.91788751714991,-2.998603588579736,-3.0732698542068,-0.332549045182909,-1.0865381964092904,4.324808333799027,-0.4420116799647245,0.9836065782942632
70.0,42.0,174.614501953125,-2.227034146163842,1.832686956439855,-4.769771660094365,-3.0562012312643008,-3.157917249194937,0.9368057754768632,-1.0467761995966116,3.6071291214832697,-0.4886812744883836,0.7098252758321292
70.0,42.0,178.73272705078125,-2.33201553459389,1.7961430749526586,-4.870018945976936,-2.851381487082554,-2.511699842423838,0.840349258687068,-1.0535341523592692,4.0803151055160125,-0.7739301286887039,0.7576150045085395
70.0,42.0,184.7637481689453,-2.295257409215237,1.8252397679538228,-4.875873536918332,-3.025795570640355,-2.6714738600084367,0.6070706071715752,-1.0565695199725564,4.312016220743721,-0.4713443792523581,1.2668967370484647
70.0,42.0,194.934814453125,-3.8901991192035807,1.895137659100692,-4.886179510655577,-3.05271022197614,-3.09783652943099,-0.134538419022438,-0.9927953148690036,4.308401656304204,-0.4187438752615099,1.307830121642794
70.0,42.0,195.18731689453125,-3.2385980368204423,1.7285802312189276,-4.769632790165409,-2.8992951296389258,-2.989067015260295,1.235426606567029,-1.0938415675799396,4.735035877411996,-0.8179012791588454,0.9646891072118112
70.0,42.0,182.0167694091797,-1.827049520787709,1.8502996876876387,-4.874100534387432,-2.96145271138638,-3.007716713677257,0.9190196106752266,-1.0447224308739338,4.313653632845284,-0.4495307665263179,0.7886832200678955
70.0,42.0,214.3700256347656,-4.099706257230023,1.8516562336474585,-4.837189943158729,-2.997352241164723,-3.634227092349994,1.8892170924319007,-1.0506408643950789,4.313847971663665,-0.6368003035079878,0.9550865572395988
70.0,42.0,210.84909057617188,-1.869154250088637,1.8210787113135751,-4.899193131222925,-3.185042296296173,-3.885765215712453,0.8725473786897544,-1.0735385992034034,4.340961587556614,-1.0111526337252448,1.7125418334358864
70.0,42.0,204.9923553466797,-3.922382689316729,1.8470972349876265,-4.861096264745154,-3.144761493326007,-3.183987188967568,-0.432669362454968,-1.0289355926998702,4.300774239544054,-0.4058770881105519,0.6544962810849038
70.0,42.0,198.01931762695312,-2.0601445276610337,2.1776351056153462,-4.925063909321061,-3.033626700210224,-3.0394098569499928,1.1330975435716248,-1.00739314303951,2.8090367552902555,-0.457712870290049,0.6626923763364072
70.0,42.0,160.01856994628906,-2.220169854322381,1.7733973193895476,-4.877059725003649,-3.0383700245191645,-3.032693759079466,0.8641455062900459,-1.053383293827007,3.117527630893025,-0.4452152258004726,0.7565709844852148
70.0,42.0,178.56536865234375,-3.913771525355603,1.883732474468672,-4.886714999470344,-3.005890070009017,-3.0922184819962046,-0.2975027970034738,-1.047872721025193,4.307219360006983,-0.4441526956280124,0.7357575876555427
70.0,42.0,187.906005859375,-2.121629085570003,1.6807941760573168,-4.887677575916059,-3.0375286970930886,-2.5608377989906064,0.9023513598891416,-1.0480198205542253,3.075825052293092,-0.9155576110722,0.9443244047564012
70.0,42.0,216.31118774414065,-2.9334629272000114,2.132355745435442,-4.905883367223724,-3.0715568103792323,-2.699516486542432,-0.1854729400322584,-1.0424568395618778,3.869732936013356,-0.770375831383755,0.910642710079945
70.0,42.0,220.0723419189453,-4.140703503933901,0.7109350541656747,-4.843185469747144,-4.317167245691126,-2.553809441834371,-1.3716584947015753,-1.009891723757792,4.755544430291508,-1.2390353455376146,1.0733197291858718
70.0,42.0,186.45916748046875,-2.194489840011628,1.75660078567802,-4.841704423509473,-3.0518674096390632,-3.0545061334010324,1.7706189178582776,-1.049884700972905,2.895731847720637,-0.48840282477468,0.762867465323939
70.0,42.0,179.67247009277344,-2.145688468872716,2.0080028380264223,-4.90926444251414,-2.981372272085216,-3.0283647830443567,0.8217788170571025,-1.0582116799241312,2.739242159772309,-0.4404933277907711,0.756346328299024
70.0,42.0,174.224609375,-2.1879532028486746,1.7735608278661406,-4.880154371012446,-3.099937016065469,-3.0712515271632728,0.8523398662366121,-1.0532906753576656,2.8963026194952577,-0.4473224222571558,0.6928320776529271
70.0,42.0,176.9060516357422,-3.912155836313018,1.8099997521724844,-4.870024948723876,-3.109963071389307,-3.076224762319084,0.8033257325030952,-0.5252928698742436,4.859467288476143,-0.4957199434724865,0.6589810754259022
70.0,42.0,204.9386444091797,-4.911051898261931,1.6652841645707634,-4.834673807374948,-1.6566290489086744,-2.035709204758102,1.267316568519958,-1.0494991764801582,4.732699544544123,-0.8388802162202884,0.7278623851785704
70.0,42.0,222.4643402099609,-3.89071174558306,1.899830897772,-4.8281024760496845,-3.17315757301944,-3.884924115933823,-0.6353160877661153,-1.0538728405775408,3.9875727967845136,-1.2461144615976048,0.99751680391348
70.0,42.0,175.5135955810547,-3.9090488953949887,1.7859067540409015,-4.947877033145323,-2.438215959708819,-3.083639817184455,0.8145819375545251,-0.9752124298710154,3.60916111720354,-0.4453514141807003,1.3071532897292408
70.0,42.0,190.49264526367188,-2.1460393922580083,1.9741970551311527,-4.8120920922128505,-3.0365835123209424,-3.083576384311056,1.0825880940898125,-1.0557858625540737,3.52049685698716,-0.3705500605115101,0.7566311529543369
70.0,42.0,214.34674072265625,-3.017210451292712,1.7904148831049125,-4.90235660380732,-3.722265151658564,-2.77999931959604,-0.2908202591001321,-0.4908023245539286,2.8628624531349445,-0.445068132097154,0.4935068850469932
70.0,42.0,209.64865112304688,-2.3635821408337607,1.7411524759960546,-4.927187493443163,-3.0031442691439727,-2.734442204409812,0.8109148685985925,-0.9947818293115372,3.871230520906495,-0.5971458463173902,0.7900680368045769
70.0,42.0,216.64889526367188,-3.119200354622974,1.0381176817895923,-4.69307522512295,-1.6392443033678898,-2.8010636188402933,0.2843458672433435,-0.9554619730909504,4.386770655722996,-0.4773885801804987,2.273100919956005
70.0,42.0,227.83526611328125,-3.2531569308652792,1.7904650749298965,-4.956353155697037,-2.8662381346331944,-3.4970960468690224,0.9410899192103372,-1.2561556894670456,4.250807239701497,-0.4723368872795641,1.0111690789460035
70.0,42.0,239.0243377685547,-4.051409346506912,2.063886860580763,-4.843229970009615,-1.6962553641924465,-1.947556494525905,0.9460816389313382,-1.4409639156178415,4.254907946189098,-2.252831223023224,1.679280647292548
70.0,42.0,166.01702880859375,-2.14082095031438,1.806404869898237,-4.89227173339009,-3.0590718538006363,-3.085711377971037,0.9008815020265516,-1.0628634212786112,3.122761000959944,-0.4569334087614827,0.7873169273831617
70.0,42.0,178.2407989501953,-2.227693752719037,1.7492237082336752,-4.878932246455892,-3.134574983339637,-3.13518224696418,0.8722364170084574,-1.049274434583586,3.254213931583443,-0.4749548446764436,0.7279947493981129
70.0,42.0,191.63491821289065,-2.241246784100463,1.801385378381676,-4.8840979495302514,-3.1998930271670374,-3.023971823198924,0.6966561649841266,-1.012597860252123,2.836312346315552,-0.4557340576443058,0.7506011418616702
70.0,42.0,203.88360595703125,-3.8651540666740143,1.8796331880000483,-4.881909598484957,-3.67342734263625,-3.4913881027543927,-0.1919946875921845,-1.0352835389161024,4.3125872899123525,-1.1634764899508645,0.6914597529804754
70.0,42.0,179.0282440185547,-3.203554714525947,1.7322691146374658,-4.858112432127805,-3.69237922952782,-3.03393580057738,0.8633561891914592,-1.0534732385854546,3.00906897585715,-0.4439771884148252,0.6972644159773618
70.0,42.0,160.38934326171875,-2.1239526524329047,1.7532778008160277,-4.793683137872873,-2.992665936417859,-3.0883299703921034,0.7444479414625762,-1.0498487622640318,3.959048847339001,-0.7967959506285662,0.7170082799296202
70.0,42.0,180.58837890625,-2.1799902259401165,1.7513112225905567,-4.856879756093877,-3.050645232846204,-2.5871631856568333,1.4166093527821966,-1.0468264443885902,4.366687430762195,-0.9127855496488892,1.0816258685645717
70.0,42.0,186.55081176757807,-2.317891936690799,1.9980289539736968,-4.876956887137728,-3.031689978117325,-3.033615738848174,0.8213306373664413,-1.0588456280213612,3.280783078099219,-0.4449430157133002,0.7536915613648487
70.0,42.0,178.43862915039062,-2.289268217291724,1.7449684556891576,-4.878897322248348,-3.1156352331744968,-3.033355869126169,0.2892754389345949,-1.0526397864855894,3.033947800850548,-0.4421732112686315,0.7512543865918617
70.0,42.0,211.6270751953125,-1.9784052560237035,1.225594898222842,-4.945285294766198,-2.932509610172263,-2.756335558103621,0.7959291382496296,-1.00401021611483,3.525004630766553,-0.5182481459936163,0.8088510333817738
70.0,42.0,177.22738647460938,-3.031822186983138,1.6791418473451694,-4.877668685193823,-2.9482591144006984,-2.9861866945536053,1.899104024812023,-1.0602107898557596,4.708812942799022,-0.4490629330935093,0.7040525690094692
70.0,42.0,184.3595428466797,-3.1325116087393234,1.8226156302993608,-4.8738388928880605,-2.937807774063807,-3.043168316171073,0.3689388114989547,-1.0610093144615331,4.800049984976603,-0.5367132958862261,0.7529545531962287
70.0,42.0,203.50698852539065,-4.002838968935249,1.5932768789775669,-4.879972522619296,-3.1049215560729966,-3.093876895473604,-0.2693072415757753,-1.019265982390397,4.823078729746627,-0.732579567027802,0.7725279645802882
70.0,42.0,182.66783142089844,-2.410610777234607,1.6567637401363458,-4.937739513274872,-2.836179737006624,-3.0556300446179154,0.8197940362771238,-1.0556083982079238,3.9251142577415568,-0.4397471326745507,0.7078223468277347
70.0,43.0,176.1159210205078,-1.892881140071444,1.821383480380095,-4.896073443428582,-3.029687588522527,-2.999288031916354,0.8729963518348315,-1.0433580981617103,3.207565443597423,-0.368485828232632,0.98431662345022
70.0,43.0,200.3949279785156,-3.058713128559281,2.0421065109991035,-4.869225655779638,-2.9766643811118887,-3.133137049422207,0.6708071897670846,-1.039313282226866,4.4513074009826585,-0.5149519158574857,0.7721862280951298
70.0,43.0,201.77853393554688,-1.6343923180704858,1.8393506879062973,-4.895000092893928,-3.818254383210764,-3.19976399145077,0.8364765536226672,-1.079800613645979,3.0721600450544915,-0.3655510677329422,0.7532226522447162
70.0,43.0,195.2211761474609,-2.864067748512182,1.639527969597854,-4.86224001238643,-3.015338991699468,-3.005593938628276,1.8636780210418435,-0.9795361301075448,4.350618841738229,-0.5430293820279831,1.8810925325547152
70.0,43.0,175.01382446289062,-2.0882584616309683,1.7627417007861876,-4.863015546108137,-3.0239398447044303,-3.065130033542456,0.670734084668893,-1.0552039230874977,4.059988402929288,-0.4494289269217273,0.7519379046771544
70.0,43.0,167.15057373046875,-2.153761969400635,1.7728527017810771,-4.879796151012713,-2.999437248298146,-3.1273102446215693,1.233780873731805,-1.0503503504940377,3.119287076082276,-0.4428168815419342,0.7634841152141416
70.0,43.0,159.0465087890625,-2.1737928770337227,1.7653537916600848,-4.879033891559776,-3.1020713502801955,-3.0739514986966703,0.848696473220936,-1.0496696140457262,3.079512203575917,-0.4448966222213528,0.7330372051920012
70.0,43.0,181.05616760253903,-3.928305740708015,1.9123212289654168,-4.91788751714991,-2.998603588579736,-3.0732698542068,-0.332549045182909,-1.0865381964092904,4.324808333799027,-0.4420116799647245,0.9836065782942632
70.0,43.0,174.614501953125,-2.227034146163842,1.832686956439855,-4.769771660094365,-3.0562012312643008,-3.157917249194937,0.9368057754768632,-1.0467761995966116,3.6071291214832697,-0.4886812744883836,0.7098252758321292
70.0,43.0,178.73272705078125,-2.33201553459389,1.7961430749526586,-4.870018945976936,-2.851381487082554,-2.511699842423838,0.840349258687068,-1.0535341523592692,4.0803151055160125,-0.7739301286887039,0.7576150045085395
70.0,43.0,184.7637481689453,-2.295257409215237,1.8252397679538228,-4.875873536918332,-3.025795570640355,-2.6714738600084367,0.6070706071715752,-1.0565695199725564,4.312016220743721,-0.4713443792523581,1.2668967370484647
70.0,43.0,194.934814453125,-3.8901991192035807,1.895137659100692,-4.886179510655577,-3.05271022197614,-3.09783652943099,-0.134538419022438,-0.9927953148690036,4.308401656304204,-0.4187438752615099,1.307830121642794
70.0,43.0,195.18731689453125,-3.2385980368204423,1.7285802312189276,-4.769632790165409,-2.8992951296389258,-2.989067015260295,1.235426606567029,-1.0938415675799396,4.735035877411996,-0.8179012791588454,0.9646891072118112
70.0,43.0,180.84136962890625,-2.223871687248564,1.721223691696549,-4.875140955177248,-3.1573691406265483,-3.1105167084357053,0.8244002387554368,-1.051787233819975,4.342703560902568,-0.4910595584790509,0.5761819997712259
70.0,43.0,214.3700256347656,-4.099706257230023,1.8516562336474585,-4.837189943158729,-2.997352241164723,-3.634227092349994,1.8892170924319007,-1.0506408643950789,4.313847971663665,-0.6368003035079878,0.9550865572395988
70.0,43.0,210.84909057617188,-1.869154250088637,1.8210787113135751,-4.899193131222925,-3.185042296296173,-3.885765215712453,0.8725473786897544,-1.0735385992034034,4.340961587556614,-1.0111526337252448,1.7125418334358864
70.0,43.0,204.9923553466797,-3.922382689316729,1.8470972349876265,-4.861096264745154,-3.144761493326007,-3.183987188967568,-0.432669362454968,-1.0289355926998702,4.300774239544054,-0.4058770881105519,0.6544962810849038
70.0,43.0,198.01931762695312,-2.0601445276610337,2.1776351056153462,-4.925063909321061,-3.033626700210224,-3.0394098569499928,1.1330975435716248,-1.00739314303951,2.8090367552902555,-0.457712870290049,0.6626923763364072
70.0,43.0,160.01856994628906,-2.220169854322381,1.7733973193895476,-4.877059725003649,-3.0383700245191645,-3.032693759079466,0.8641455062900459,-1.053383293827007,3.117527630893025,-0.4452152258004726,0.7565709844852148
70.0,43.0,178.56536865234375,-3.913771525355603,1.883732474468672,-4.886714999470344,-3.005890070009017,-3.0922184819962046,-0.2975027970034738,-1.047872721025193,4.307219360006983,-0.4441526956280124,0.7357575876555427
70.0,43.0,186.8330078125,-1.7853518205863237,1.7579008871512047,-4.88124284597318,-3.1163490117040347,-1.958458825305892,0.9908394891083412,-1.0498054040342644,3.0799726605986453,-0.854878327751711,1.0093736433700458
70.0,43.0,216.31118774414065,-2.9334629272000114,2.132355745435442,-4.905883367223724,-3.0715568103792323,-2.699516486542432,-0.1854729400322584,-1.0424568395618778,3.869732936013356,-0.770375831383755,0.910642710079945
70.0,43.0,202.11236572265625,-2.3232675121663315,1.995269073018336,-4.886403963184227,-4.253307286126856,-2.685616720888452,-0.855932775562634,-1.0228667816011985,3.571846683142864,-1.82067306700556,1.326899596566416
70.0,43.0,186.45916748046875,-2.194489840011628,1.75660078567802,-4.841704423509473,-3.0518674096390632,-3.0545061334010324,1.7706189178582776,-1.049884700972905,2.895731847720637,-0.48840282477468,0.762867465323939
70.0,43.0,179.67247009277344,-2.145688468872716,2.0080028380264223,-4.90926444251414,-2.981372272085216,-3.0283647830443567,0.8217788170571025,-1.0582116799241312,2.739242159772309,-0.4404933277907711,0.756346328299024
70.0,43.0,174.224609375,-2.1879532028486746,1.7735608278661406,-4.880154371012446,-3.099937016065469,-3.0712515271632728,0.8523398662366121,-1.0532906753576656,2.8963026194952577,-0.4473224222571558,0.6928320776529271
70.0,43.0,176.9060516357422,-3.912155836313018,1.8099997521724844,-4.870024948723876,-3.109963071389307,-3.076224762319084,0.8033257325030952,-0.5252928698742436,4.859467288476143,-0.4957199434724865,0.6589810754259022
70.0,43.0,204.9386444091797,-4.911051898261931,1.6652841645707634,-4.834673807374948,-1.6566290489086744,-2.035709204758102,1.267316568519958,-1.0494991764801582,4.732699544544123,-0.8388802162202884,0.7278623851785704
70.0,43.0,217.116943359375,-4.037929633655887,1.5578780423775058,-4.8839036869781145,-3.0527532564149844,-2.5694299969933434,-0.4328859129560348,-1.046457986987844,4.020234553050268,-0.5900586058882844,1.3074970469955989
70.0,43.0,175.5135955810547,-3.9090488953949887,1.7859067540409015,-4.947877033145323,-2.438215959708819,-3.083639817184455,0.8145819375545251,-0.9752124298710154,3.60916111720354,-0.4453514141807003,1.3071532897292408
70.0,43.0,190.49264526367188,-2.1460393922580083,1.9741970551311527,-4.8120920922128505,-3.0365835123209424,-3.083576384311056,1.0825880940898125,-1.0557858625540737,3.52049685698716,-0.3705500605115101,0.7566311529543369
70.0,43.0,214.34674072265625,-3.017210451292712,1.7904148831049125,-4.90235660380732,-3.722265151658564,-2.77999931959604,-0.2908202591001321,-0.4908023245539286,2.8628624531349445,-0.445068132097154,0.4935068850469932
70.0,43.0,190.6667022705078,-1.4007765101328298,0.870507414168666,-4.918864882707936,-2.9815773782986734,-2.5812899529216025,0.835095388192938,-1.007344211333295,3.1246315644890217,-0.8174980595483228,0.8188208750053599
70.0,43.0,216.64889526367188,-3.119200354622974,1.0381176817895923,-4.69307522512295,-1.6392443033678898,-2.8010636188402933,0.2843458672433435,-0.9554619730909504,4.386770655722996,-0.4773885801804987,2.273100919956005
70.0,43.0,217.86495971679688,-3.562703135601107,1.7329751620851015,-4.950347241445803,-3.017301490913841,-3.7567250223797095,0.7723668877308593,-1.2074333928930523,4.360136368709616,-0.4505820473480116,0.784761651063083
70.0,43.0,215.2490234375,-1.967362840345677,1.923340349394114,-4.875584068087705,-2.037894210566016,-2.425752250270327,0.8222965904520211,-1.3967673714054352,4.0510626234281135,-1.7162744176828388,0.9857558437954697
70.0,43.0,166.01702880859375,-2.14082095031438,1.806404869898237,-4.89227173339009,-3.0590718538006363,-3.085711377971037,0.9008815020265516,-1.0628634212786112,3.122761000959944,-0.4569334087614827,0.7873169273831617
70.0,43.0,163.98428344726562,-2.191017845125641,1.7567810428543835,-4.879567783254935,-3.1053353655616136,-3.1070153650877,0.800309594544896,-1.0467689757701173,3.178263293651874,-0.4513293239426467,0.7255529895016196
70.0,43.0,190.54788208007807,-2.266679512947252,1.7777499093467632,-4.8892266963749424,-3.0323002773628507,-2.958196237871982,0.7129803475069281,-0.9818687267689216,2.861472187186324,-0.4582472077775717,0.7183027871102838
70.0,43.0,203.88360595703125,-3.8651540666740143,1.8796331880000483,-4.881909598484957,-3.67342734263625,-3.4913881027543927,-0.1919946875921845,-1.0352835389161024,4.3125872899123525,-1.1634764899508645,0.6914597529804754
70.0,43.0,179.0282440185547,-3.203554714525947,1.7322691146374658,-4.858112432127805,-3.69237922952782,-3.03393580057738,0.8633561891914592,-1.0534732385854546,3.00906897585715,-0.4439771884148252,0.6972644159773618
70.0,43.0,160.38934326171875,-2.1239526524329047,1.7532778008160277,-4.793683137872873,-2.992665936417859,-3.0883299703921034,0.7444479414625762,-1.0498487622640318,3.959048847339001,-0.7967959506285662,0.7170082799296202
70.0,43.0,180.58837890625,-2.1799902259401165,1.7513112225905567,-4.856879756093877,-3.050645232846204,-2.5871631856568333,1.4166093527821966,-1.0468264443885902,4.366687430762195,-0.9127855496488892,1.0816258685645717
70.0,43.0,180.02777099609375,-2.123677890047359,1.7327524767648066,-4.875961152041884,-3.09280066337844,-3.0450387727231183,0.832037359720312,-1.049463644325588,2.951671940413755,-0.4448872756014388,0.7382185877403203
70.0,43.0,178.43862915039062,-2.289268217291724,1.7449684556891576,-4.878897322248348,-3.1156352331744968,-3.033355869126169,0.2892754389345949,-1.0526397864855894,3.033947800850548,-0.4421732112686315,0.7512543865918617
70.0,43.0,211.6270751953125,-1.9784052560237035,1.225594898222842,-4.945285294766198,-2.932509610172263,-2.756335558103621,0.7959291382496296,-1.00401021611483,3.525004630766553,-0.5182481459936163,0.8088510333817738
70.0,43.0,177.22738647460938,-3.031822186983138,1.6791418473451694,-4.877668685193823,-2.9482591144006984,-2.9861866945536053,1.899104024812023,-1.0602107898557596,4.708812942799022,-0.4490629330935093,0.7040525690094692
70.0,43.0,184.3595428466797,-3.1325116087393234,1.8226156302993608,-4.8738388928880605,-2.937807774063807,-3.043168316171073,0.3689388114989547,-1.0610093144615331,4.800049984976603,-0.5367132958862261,0.7529545531962287
70.0,43.0,203.50698852539065,-4.002838968935249,1.5932768789775669,-4.879972522619296,-3.1049215560729966,-3.093876895473604,-0.2693072415757753,-1.019265982390397,4.823078729746627,-0.732579567027802,0.7725279645802882
70.0,43.0,182.66783142089844,-2.410610777234607,1.6567637401363458,-4.937739513274872,-2.836179737006624,-3.0556300446179154,0.8197940362771238,-1.0556083982079238,3.9251142577415568,-0.4397471326745507,0.7078223468277347
70.0,44.0,176.1159210205078,-1.892881140071444,1.821383480380095,-4.896073443428582,-3.029687588522527,-2.999288031916354,0.8729963518348315,-1.0433580981617103,3.207565443597423,-0.368485828232632,0.98431662345022
70.0,44.0,200.3949279785156,-3.058713128559281,2.0421065109991035,-4.869225655779638,-2.9766643811118887,-3.133137049422207,0.6708071897670846,-1.039313282226866,4.4513074009826585,-0.5149519158574857,0.7721862280951298
70.0,44.0,201.77853393554688,-1.6343923180704858,1.8393506879062973,-4.895000092893928,-3.818254383210764,-3.19976399145077,0.8364765536226672,-1.079800613645979,3.0721600450544915,-0.3655510677329422,0.7532226522447162
70.0,44.0,195.2211761474609,-2.864067748512182,1.639527969597854,-4.86224001238643,-3.015338991699468,-3.005593938628276,1.8636780210418435,-0.9795361301075448,4.350618841738229,-0.5430293820279831,1.8810925325547152
70.0,44.0,171.40721130371094,-1.955039311378576,1.7598273160293647,-4.9035768278111,-2.965931740622537,-2.9892331121637694,0.8766887225320552,-1.0523792870866011,3.1710874266198266,-0.4493217991937597,0.756684094662612
70.0,44.0,167.15057373046875,-2.153761969400635,1.7728527017810771,-4.879796151012713,-2.999437248298146,-3.1273102446215693,1.233780873731805,-1.0503503504940377,3.119287076082276,-0.4428168815419342,0.7634841152141416
70.0,44.0,159.0465087890625,-2.1737928770337227,1.7653537916600848,-4.879033891559776,-3.1020713502801955,-3.0739514986966703,0.848696473220936,-1.0496696140457262,3.079512203575917,-0.4448966222213528,0.7330372051920012
70.0,44.0,181.05616760253903,-3.928305740708015,1.9123212289654168,-4.91788751714991,-2.998603588579736,-3.0732698542068,-0.332549045182909,-1.0865381964092904,4.324808333799027,-0.4420116799647245,0.9836065782942632
70.0,44.0,174.614501953125,-2.227034146163842,1.832686956439855,-4.769771660094365,-3.0562012312643008,-3.157917249194937,0.9368057754768632,-1.0467761995966116,3.6071291214832697,-0.4886812744883836,0.7098252758321292
70.0,44.0,178.73272705078125,-2.33201553459389,1.7961430749526586,-4.870018945976936,-2.851381487082554,-2.511699842423838,0.840349258687068,-1.0535341523592692,4.0803151055160125,-0.7739301286887039,0.7576150045085395
70.0,44.0,175.34002685546875,-2.0754186411793007,1.8528221868525967,-4.875409653416037,-2.945124397401226,-2.559989452530487,0.8390261299234425,-1.0581819274137776,4.230538026609273,-0.4671759874004477,0.7742766745338239
70.0,44.0,189.3424530029297,-1.6654778376603645,1.8216954506499468,-4.88448924474563,-3.0112234600866628,-3.0729243492800946,1.51884918589441,-1.0323780136469032,4.769209589523967,-0.4525606313160583,1.2646532984835588
70.0,44.0,195.18731689453125,-3.2385980368204423,1.7285802312189276,-4.769632790165409,-2.8992951296389258,-2.989067015260295,1.235426606567029,-1.0938415675799396,4.735035877411996,-0.8179012791588454,0.9646891072118112
70.0,44.0,180.84136962890625,-2.223871687248564,1.721223691696549,-4.875140955177248,-3.1573691406265483,-3.1105167084357053,0.8244002387554368,-1.051787233819975,4.342703560902568,-0.4910595584790509,0.5761819997712259
70.0,44.0,214.3700256347656,-4.099706257230023,1.8516562336474585,-4.837189943158729,-2.997352241164723,-3.634227092349994,1.8892170924319007,-1.0506408643950789,4.313847971663665,-0.6368003035079878,0.9550865572395988
70.0,44.0,210.84909057617188,-1.869154250088637,1.8210787113135751,-4.899193131222925,-3.185042296296173,-3.885765215712453,0.8725473786897544,-1.0735385992034034,4.340961587556614,-1.0111526337252448,1.7125418334358864
70.0,44.0,204.9923553466797,-3.922382689316729,1.8470972349876265,-4.861096264745154,-3.144761493326007,-3.183987188967568,-0.432669362454968,-1.0289355926998702,4.300774239544054,-0.4058770881105519,0.6544962810849038
70.0,44.0,198.01931762695312,-2.0601445276610337,2.1776351056153462,-4.925063909321061,-3.033626700210224,-3.0394098569499928,1.1330975435716248,-1.00739314303951,2.8090367552902555,-0.457712870290049,0.6626923763364072
70.0,44.0,160.01856994628906,-2.220169854322381,1.7733973193895476,-4.877059725003649,-3.0383700245191645,-3.032693759079466,0.8641455062900459,-1.053383293827007,3.117527630893025,-0.4452152258004726,0.7565709844852148
70.0,44.0,178.56536865234375,-3.913771525355603,1.883732474468672,-4.886714999470344,-3.005890070009017,-3.0922184819962046,-0.2975027970034738,-1.047872721025193,4.307219360006983,-0.4441526956280124,0.7357575876555427
70.0,44.0,186.8330078125,-1.7853518205863237,1.7579008871512047,-4.88124284597318,-3.1163490117040347,-1.958458825305892,0.9908394891083412,-1.0498054040342644,3.0799726605986453,-0.854878327751711,1.0093736433700458
70.0,44.0,216.31118774414065,-2.9334629272000114,2.132355745435442,-4.905883367223724,-3.0715568103792323,-2.699516486542432,-0.1854729400322584,-1.0424568395618778,3.869732936013356,-0.770375831383755,0.910642710079945
70.0,44.0,202.11236572265625,-2.3232675121663315,1.995269073018336,-4.886403963184227,-4.253307286126856,-2.685616720888452,-0.855932775562634,-1.0228667816011985,3.571846683142864,-1.82067306700556,1.326899596566416
70.0,44.0,176.51702880859375,-2.151207174400129,1.7603938952733666,-4.890942700596401,-3.007164929788118,-3.013549582819208,0.6281168288765905,-1.0516176295391886,3.132127085040134,-0.4751722906864185,0.7537467900030532
70.0,44.0,163.00489807128906,-2.182915393265785,1.695854493311462,-4.876719695607422,-2.955417218644214,-3.090167731207357,0.8189271066991199,-1.0582797659143297,3.0978265063280666,-0.462495523976265,0.7398488117601508
70.0,44.0,164.36859130859375,-2.17656074011514,1.8049347665505224,-4.879989162057769,-3.0990539335358336,-3.0871675708108857,0.8480315370898106,-1.055092989467719,3.0602109787872376,-0.4462861361577187,0.7573244442979016
70.0,44.0,176.9060516357422,-3.912155836313018,1.8099997521724844,-4.870024948723876,-3.109963071389307,-3.076224762319084,0.8033257325030952,-0.5252928698742436,4.859467288476143,-0.4957199434724865,0.6589810754259022
70.0,44.0,204.9386444091797,-4.911051898261931,1.6652841645707634,-4.834673807374948,-1.6566290489086744,-2.035709204758102,1.267316568519958,-1.0494991764801582,4.732699544544123,-0.8388802162202884,0.7278623851785704
70.0,44.0,217.116943359375,-4.037929633655887,1.5578780423775058,-4.8839036869781145,-3.0527532564149844,-2.5694299969933434,-0.4328859129560348,-1.046457986987844,4.020234553050268,-0.5900586058882844,1.3074970469955989
70.0,44.0,175.5135955810547,-3.9090488953949887,1.7859067540409015,-4.947877033145323,-2.438215959708819,-3.083639817184455,0.8145819375545251,-0.9752124298710154,3.60916111720354,-0.4453514141807003,1.3071532897292408
70.0,44.0,190.49264526367188,-2.1460393922580083,1.9741970551311527,-4.8120920922128505,-3.0365835123209424,-3.083576384311056,1.0825880940898125,-1.0557858625540737,3.52049685698716,-0.3705500605115101,0.7566311529543369
70.0,44.0,214.34674072265625,-3.017210451292712,1.7904148831049125,-4.90235660380732,-3.722265151658564,-2.77999931959604,-0.2908202591001321,-0.4908023245539286,2.8628624531349445,-0.445068132097154,0.4935068850469932
70.0,44.0,190.6667022705078,-1.4007765101328298,0.870507414168666,-4.918864882707936,-2.9815773782986734,-2.5812899529216025,0.835095388192938,-1.007344211333295,3.1246315644890217,-0.8174980595483228,0.8188208750053599
70.0,44.0,216.64889526367188,-3.119200354622974,1.0381176817895923,-4.69307522512295,-1.6392443033678898,-2.8010636188402933,0.2843458672433435,-0.9554619730909504,4.386770655722996,-0.4773885801804987,2.273100919956005
70.0,44.0,217.86495971679688,-3.562703135601107,1.7329751620851015,-4.950347241445803,-3.017301490913841,-3.7567250223797095,0.7723668877308593,-1.2074333928930523,4.360136368709616,-0.4505820473480116,0.784761651063083
70.0,44.0,215.2490234375,-1.967362840345677,1.923340349394114,-4.875584068087705,-2.037894210566016,-2.425752250270327,0.8222965904520211,-1.3967673714054352,4.0510626234281135,-1.7162744176828388,0.9857558437954697
70.0,44.0,166.01702880859375,-2.14082095031438,1.806404869898237,-4.89227173339009,-3.0590718538006363,-3.085711377971037,0.9008815020265516,-1.0628634212786112,3.122761000959944,-0.4569334087614827,0.7873169273831617
70.0,44.0,163.98428344726562,-2.191017845125641,1.7567810428543835,-4.879567783254935,-3.1053353655616136,-3.1070153650877,0.800309594544896,-1.0467689757701173,3.178263293651874,-0.4513293239426467,0.7255529895016196
70.0,44.0,175.0068359375,-2.2655587501755856,1.7494407615460432,-4.869221411393305,-2.999673106501412,-3.093361916230755,0.9086852244987376,-1.0137209238700813,3.250022960882897,-0.4535812102757203,0.7085951717770945
70.0,44.0,203.88360595703125,-3.8651540666740143,1.8796331880000483,-4.881909598484957,-3.67342734263625,-3.4913881027543927,-0.1919946875921845,-1.0352835389161024,4.3125872899123525,-1.1634764899508645,0.6914597529804754
70.0,44.0,179.0282440185547,-3.203554714525947,1.7322691146374658,-4.858112432127805,-3.69237922952782,-3.03393580057738,0.8633561891914592,-1.0534732385854546,3.00906897585715,-0.4439771884148252,0.6972644159773618
70.0,44.0,160.38934326171875,-2.1239526524329047,1.7532778008160277,-4.793683137872873,-2.992665936417859,-3.0883299703921034,0.7444479414625762,-1.0498487622640318,3.959048847339001,-0.7967959506285662,0.7170082799296202
70.0,44.0,180.58837890625,-2.1799902259401165,1.7513112225905567,-4.856879756093877,-3.050645232846204,-2.5871631856568333,1.4166093527821966,-1.0468264443885902,4.366687430762195,-0.9127855496488892,1.0816258685645717
70.0,44.0,179.52908325195312,-2.0454234254400414,1.7292294349071964,-4.875571628912578,-3.079798129477943,-3.072256896657938,0.8543899042572909,-1.0501674282940672,2.9518076343815767,-0.4448869448577741,0.7162940803746686
70.0,44.0,178.43862915039062,-2.289268217291724,1.7449684556891576,-4.878897322248348,-3.1156352331744968,-3.033355869126169,0.2892754389345949,-1.0526397864855894,3.033947800850548,-0.4421732112686315,0.7512543865918617
70.0,44.0,211.6270751953125,-1.9784052560237035,1.225594898222842,-4.945285294766198,-2.932509610172263,-2.756335558103621,0.7959291382496296,-1.00401021611483,3.525004630766553,-0.5182481459936163,0.8088510333817738
70.0,44.0,177.22738647460938,-3.031822186983138,1.6791418473451694,-4.877668685193823,-2.9482591144006984,-2.9861866945536053,1.899104024812023,-1.0602107898557596,4.708812942799022,-0.4490629330935093,0.7040525690094692
70.0,44.0,184.3595428466797,-3.1325116087393234,1.8226156302993608,-4.8738388928880605,-2.937807774063807,-3.043168316171073,0.3689388114989547,-1.0610093144615331,4.800049984976603,-0.5367132958862261,0.7529545531962287
70.0,44.0,203.50698852539065,-4.002838968935249,1.5932768789775669,-4.879972522619296,-3.1049215560729966,-3.093876895473604,-0.2693072415757753,-1.019265982390397,4.823078729746627,-0.732579567027802,0.7725279645802882
70.0,44.0,182.66783142089844,-2.410610777234607,1.6567637401363458,-4.937739513274872,-2.836179737006624,-3.0556300446179154,0.8197940362771238,-1.0556083982079238,3.9251142577415568,-0.4397471326745507,0.7078223468277347
70.0,45.0,176.1159210205078,-1.892881140071444,1.821383480380095,-4.896073443428582,-3.029687588522527,-2.999288031916354,0.8729963518348315,-1.0433580981617103,3.207565443597423,-0.368485828232632,0.98431662345022
70.0,45.0,198.8179168701172,-3.1918818965207985,2.04022033191654,-4.868907082662509,-3.117753124711235,-3.1075980498082654,0.8266697583148079,-1.0450185973528114,3.3383718066574133,-0.4978091188524556,0.7039245969064845
70.0,45.0,201.77853393554688,-1.6343923180704858,1.8393506879062973,-4.895000092893928,-3.818254383210764,-3.19976399145077,0.8364765536226672,-1.079800613645979,3.0721600450544915,-0.3655510677329422,0.7532226522447162
70.0,45.0,195.2211761474609,-2.864067748512182,1.639527969597854,-4.86224001238643,-3.015338991699468,-3.005593938628276,1.8636780210418435,-0.9795361301075448,4.350618841738229,-0.5430293820279831,1.8810925325547152
70.0,45.0,171.40721130371094,-1.955039311378576,1.7598273160293647,-4.9035768278111,-2.965931740622537,-2.9892331121637694,0.8766887225320552,-1.0523792870866011,3.1710874266198266,-0.4493217991937597,0.756684094662612
70.0,45.0,166.911865234375,-2.1599176623104523,1.761223582224306,-4.877015394821358,-2.921001010617676,-3.075583598442209,1.8148023137075904,-1.0503223728785966,3.0665637208867325,-0.4470028370744554,0.7520132583820398
70.0,45.0,159.0465087890625,-2.1737928770337227,1.7653537916600848,-4.879033891559776,-3.1020713502801955,-3.0739514986966703,0.848696473220936,-1.0496696140457262,3.079512203575917,-0.4448966222213528,0.7330372051920012
70.0,45.0,181.05616760253903,-3.928305740708015,1.9123212289654168,-4.91788751714991,-2.998603588579736,-3.0732698542068,-0.332549045182909,-1.0865381964092904,4.324808333799027,-0.4420116799647245,0.9836065782942632
70.0,45.0,174.614501953125,-2.227034146163842,1.832686956439855,-4.769771660094365,-3.0562012312643008,-3.157917249194937,0.9368057754768632,-1.0467761995966116,3.6071291214832697,-0.4886812744883836,0.7098252758321292
70.0,45.0,178.73272705078125,-2.33201553459389,1.7961430749526586,-4.870018945976936,-2.851381487082554,-2.511699842423838,0.840349258687068,-1.0535341523592692,4.0803151055160125,-0.7739301286887039,0.7576150045085395
70.0,45.0,175.34002685546875,-2.0754186411793007,1.8528221868525967,-4.875409653416037,-2.945124397401226,-2.559989452530487,0.8390261299234425,-1.0581819274137776,4.230538026609273,-0.4671759874004477,0.7742766745338239
70.0,45.0,189.3424530029297,-1.6654778376603645,1.8216954506499468,-4.88448924474563,-3.0112234600866628,-3.0729243492800946,1.51884918589441,-1.0323780136469032,4.769209589523967,-0.4525606313160583,1.2646532984835588
70.0,45.0,195.18731689453125,-3.2385980368204423,1.7285802312189276,-4.769632790165409,-2.8992951296389258,-2.989067015260295,1.235426606567029,-1.0938415675799396,4.735035877411996,-0.8179012791588454,0.9646891072118112
70.0,45.0,180.84136962890625,-2.223871687248564,1.721223691696549,-4.875140955177248,-3.1573691406265483,-3.1105167084357053,0.8244002387554368,-1.051787233819975,4.342703560902568,-0.4910595584790509,0.5761819997712259
70.0,45.0,214.3700256347656,-4.099706257230023,1.8516562336474585,-4.837189943158729,-2.997352241164723,-3.634227092349994,1.8892170924319007,-1.0506408643950789,4.313847971663665,-0.6368003035079878,0.9550865572395988
70.0,45.0,210.84909057617188,-1.869154250088637,1.8210787113135751,-4.899193131222925,-3.185042296296173,-3.885765215712453,0.8725473786897544,-1.0735385992034034,4.340961587556614,-1.0111526337252448,1.7125418334358864
70.0,45.0,204.9923553466797,-3.922382689316729,1.8470972349876265,-4.861096264745154,-3.144761493326007,-3.183987188967568,-0.432669362454968,-1.0289355926998702,4.300774239544054,-0.4058770881105519,0.6544962810849038
70.0,45.0,198.01931762695312,-2.0601445276610337,2.1776351056153462,-4.925063909321061,-3.033626700210224,-3.0394098569499928,1.1330975435716248,-1.00739314303951,2.8090367552902555,-0.457712870290049,0.6626923763364072
70.0,45.0,160.01856994628906,-2.220169854322381,1.7733973193895476,-4.877059725003649,-3.0383700245191645,-3.032693759079466,0.8641455062900459,-1.053383293827007,3.117527630893025,-0.4452152258004726,0.7565709844852148
70.0,45.0,178.56536865234375,-3.913771525355603,1.883732474468672,-4.886714999470344,-3.005890070009017,-3.0922184819962046,-0.2975027970034738,-1.047872721025193,4.307219360006983,-0.4441526956280124,0.7357575876555427
70.0,45.0,186.8330078125,-1.7853518205863237,1.7579008871512047,-4.88124284597318,-3.1163490117040347,-1.958458825305892,0.9908394891083412,-1.0498054040342644,3.0799726605986453,-0.854878327751711,1.0093736433700458
70.0,45.0,216.31118774414065,-2.9334629272000114,2.132355745435442,-4.905883367223724,-3.0715568103792323,-2.699516486542432,-0.1854729400322584,-1.0424568395618778,3.869732936013356,-0.770375831383755,0.910642710079945
70.0,45.0,202.11236572265625,-2.3232675121663315,1.995269073018336,-4.886403963184227,-4.253307286126856,-2.685616720888452,-0.855932775562634,-1.0228667816011985,3.571846683142864,-1.82067306700556,1.326899596566416
70.0,45.0,170.6570587158203,-2.122021054999186,1.7611703567791823,-4.862237992440757,-3.163520942147008,-3.076049174488871,0.8720841961062351,-1.0492239960420648,3.213752950647383,-0.4550265475507175,0.7226155164270816
70.0,45.0,163.00489807128906,-2.182915393265785,1.695854493311462,-4.876719695607422,-2.955417218644214,-3.090167731207357,0.8189271066991199,-1.0582797659143297,3.0978265063280666,-0.462495523976265,0.7398488117601508
70.0,45.0,158.4420166015625,-2.1718152336205723,1.81631513037467,-4.879867590592795,-3.0919062843712948,-3.0832620696531112,0.8496312894909389,-1.0475586163381383,3.11784605073857,-0.4452864350096492,0.746412757635569
70.0,45.0,176.9060516357422,-3.912155836313018,1.8099997521724844,-4.870024948723876,-3.109963071389307,-3.076224762319084,0.8033257325030952,-0.5252928698742436,4.859467288476143,-0.4957199434724865,0.6589810754259022
70.0,45.0,204.9386444091797,-4.911051898261931,1.6652841645707634,-4.834673807374948,-1.6566290489086744,-2.035709204758102,1.267316568519958,-1.0494991764801582,4.732699544544123,-0.8388802162202884,0.7278623851785704
70.0,45.0,217.116943359375,-4.037929633655887,1.5578780423775058,-4.8839036869781145,-3.0527532564149844,-2.5694299969933434,-0.4328859129560348,-1.046457986987844,4.020234553050268,-0.5900586058882844,1.3074970469955989
70.0,45.0,175.5135955810547,-3.9090488953949887,1.7859067540409015,-4.947877033145323,-2.438215959708819,-3.083639817184455,0.8145819375545251,-0.9752124298710154,3.60916111720354,-0.4453514141807003,1.3071532897292408
70.0,45.0,177.20172119140625,-2.163004423443636,1.737971465625274,-4.925498848591239,-3.1293729271101847,-3.1506172979169205,0.951207575174531,-1.0550994328194334,3.167719358709381,-0.465551946425227,0.748897062630347
70.0,45.0,214.34674072265625,-3.017210451292712,1.7904148831049125,-4.90235660380732,-3.722265151658564,-2.77999931959604,-0.2908202591001321,-0.4908023245539286,2.8628624531349445,-0.445068132097154,0.4935068850469932
70.0,45.0,190.6667022705078,-1.4007765101328298,0.870507414168666,-4.918864882707936,-2.9815773782986734,-2.5812899529216025,0.835095388192938,-1.007344211333295,3.1246315644890217,-0.8174980595483228,0.8188208750053599
70.0,45.0,216.64889526367188,-3.119200354622974,1.0381176817895923,-4.69307522512295,-1.6392443033678898,-2.8010636188402933,0.2843458672433435,-0.9554619730909504,4.386770655722996,-0.4773885801804987,2.273100919956005
70.0,45.0,199.06285095214844,-3.4318827719320946,1.7921701122019649,-4.885900411865588,-3.1047799292536893,-2.954960143893933,0.8445881182670817,-1.1071227275689366,4.804982976630313,-0.4415966851326688,0.7399375550569514
70.0,45.0,215.2490234375,-1.967362840345677,1.923340349394114,-4.875584068087705,-2.037894210566016,-2.425752250270327,0.8222965904520211,-1.3967673714054352,4.0510626234281135,-1.7162744176828388,0.9857558437954697
70.0,45.0,166.01702880859375,-2.14082095031438,1.806404869898237,-4.89227173339009,-3.0590718538006363,-3.085711377971037,0.9008815020265516,-1.0628634212786112,3.122761000959944,-0.4569334087614827,0.7873169273831617
70.0,45.0,163.98428344726562,-2.191017845125641,1.7567810428543835,-4.879567783254935,-3.1053353655616136,-3.1070153650877,0.800309594544896,-1.0467689757701173,3.178263293651874,-0.4513293239426467,0.7255529895016196
70.0,45.0,175.0068359375,-2.2655587501755856,1.7494407615460432,-4.869221411393305,-2.999673106501412,-3.093361916230755,0.9086852244987376,-1.0137209238700813,3.250022960882897,-0.4535812102757203,0.7085951717770945
70.0,45.0,203.88360595703125,-3.8651540666740143,1.8796331880000483,-4.881909598484957,-3.67342734263625,-3.4913881027543927,-0.1919946875921845,-1.0352835389161024,4.3125872899123525,-1.1634764899508645,0.6914597529804754
70.0,45.0,179.0282440185547,-3.203554714525947,1.7322691146374658,-4.858112432127805,-3.69237922952782,-3.03393580057738,0.8633561891914592,-1.0534732385854546,3.00906897585715,-0.4439771884148252,0.6972644159773618
70.0,45.0,160.38934326171875,-2.1239526524329047,1.7532778008160277,-4.793683137872873,-2.992665936417859,-3.0883299703921034,0.7444479414625762,-1.0498487622640318,3.959048847339001,-0.7967959506285662,0.7170082799296202
70.0,45.0,180.58837890625,-2.1799902259401165,1.7513112225905567,-4.856879756093877,-3.050645232846204,-2.5871631856568333,1.4166093527821966,-1.0468264443885902,4.366687430762195,-0.9127855496488892,1.0816258685645717
70.0,45.0,179.1503448486328,-2.1698868063622143,1.8019144169867345,-4.880080783603587,-3.1210474683495666,-3.08509315795072,0.8616246527338901,-1.050362005453857,2.983866056473176,-0.4448959170915283,0.7417350707880864
70.0,45.0,178.43862915039062,-2.289268217291724,1.7449684556891576,-4.878897322248348,-3.1156352331744968,-3.033355869126169,0.2892754389345949,-1.0526397864855894,3.033947800850548,-0.4421732112686315,0.7512543865918617
70.0,45.0,211.6270751953125,-1.9784052560237035,1.225594898222842,-4.945285294766198,-2.932509610172263,-2.756335558103621,0.7959291382496296,-1.00401021611483,3.525004630766553,-0.5182481459936163,0.8088510333817738
70.0,45.0,177.22738647460938,-3.031822186983138,1.6791418473451694,-4.877668685193823,-2.9482591144006984,-2.9861866945536053,1.899104024812023,-1.0602107898557596,4.708812942799022,-0.4490629330935093,0.7040525690094692
70.0,45.0,184.3595428466797,-3.1325116087393234,1.8226156302993608,-4.8738388928880605,-2.937807774063807,-3.043168316171073,0.3689388114989547,-1.0610093144615331,4.800049984976603,-0.5367132958862261,0.7529545531962287
70.0,45.0,203.50698852539065,-4.002838968935249,1.5932768789775669,-4.879972522619296,-3.1049215560729966,-3.093876895473604,-0.2693072415757753,-1.019265982390397,4.823078729746627,-0.732579567027802,0.7725279645802882
70.0,45.0,182.66783142089844,-2.410610777234607,1.6567637401363458,-4.937739513274872,-2.836179737006624,-3.0556300446179154,0.8197940362771238,-1.0556083982079238,3.9251142577415568,-0.4397471326745507,0.7078223468277347
70.0,46.0,176.1159210205078,-1.892881140071444,1.821383480380095,-4.896073443428582,-3.029687588522527,-2.999288031916354,0.8729963518348315,-1.0433580981617103,3.207565443597423,-0.368485828232632,0.98431662345022
70.0,46.0,198.8179168701172,-3.1918818965207985,2.04022033191654,-4.868907082662509,-3.117753124711235,-3.1075980498082654,0.8266697583148079,-1.0450185973528114,3.3383718066574133,-0.4978091188524556,0.7039245969064845
70.0,46.0,201.77853393554688,-1.6343923180704858,1.8393506879062973,-4.895000092893928,-3.818254383210764,-3.19976399145077,0.8364765536226672,-1.079800613645979,3.0721600450544915,-0.3655510677329422,0.7532226522447162
70.0,46.0,195.2211761474609,-2.864067748512182,1.639527969597854,-4.86224001238643,-3.015338991699468,-3.005593938628276,1.8636780210418435,-0.9795361301075448,4.350618841738229,-0.5430293820279831,1.8810925325547152
70.0,46.0,169.58319091796875,-2.3034800598271405,1.7805780195393863,-4.895263218126341,-3.017317720424664,-3.0460947084618573,0.7541399793859245,-1.0441318163438007,3.092830735563159,-0.4503950223866007,0.7674469385568987
70.0,46.0,166.911865234375,-2.1599176623104523,1.761223582224306,-4.877015394821358,-2.921001010617676,-3.075583598442209,1.8148023137075904,-1.0503223728785966,3.0665637208867325,-0.4470028370744554,0.7520132583820398
70.0,46.0,159.0465087890625,-2.1737928770337227,1.7653537916600848,-4.879033891559776,-3.1020713502801955,-3.0739514986966703,0.848696473220936,-1.0496696140457262,3.079512203575917,-0.4448966222213528,0.7330372051920012
70.0,46.0,181.05616760253903,-3.928305740708015,1.9123212289654168,-4.91788751714991,-2.998603588579736,-3.0732698542068,-0.332549045182909,-1.0865381964092904,4.324808333799027,-0.4420116799647245,0.9836065782942632
70.0,46.0,174.614501953125,-2.227034146163842,1.832686956439855,-4.769771660094365,-3.0562012312643008,-3.157917249194937,0.9368057754768632,-1.0467761995966116,3.6071291214832697,-0.4886812744883836,0.7098252758321292
70.0,46.0,178.73272705078125,-2.33201553459389,1.7961430749526586,-4.870018945976936,-2.851381487082554,-2.511699842423838,0.840349258687068,-1.0535341523592692,4.0803151055160125,-0.7739301286887039,0.7576150045085395
70.0,46.0,174.29263305664062,-2.0691840549216933,1.8324707948346728,-4.879092493890615,-2.8304823231068377,-2.73613768087182,0.7987758847584482,-1.0606794592336304,3.5681057149946738,-0.4587784326166264,1.0513931464024635
70.0,46.0,189.3424530029297,-1.6654778376603645,1.8216954506499468,-4.88448924474563,-3.0112234600866628,-3.0729243492800946,1.51884918589441,-1.0323780136469032,4.769209589523967,-0.4525606313160583,1.2646532984835588
70.0,46.0,195.18731689453125,-3.2385980368204423,1.7285802312189276,-4.769632790165409,-2.8992951296389258,-2.989067015260295,1.235426606567029,-1.0938415675799396,4.735035877411996,-0.8179012791588454,0.9646891072118112
70.0,46.0,180.84136962890625,-2.223871687248564,1.721223691696549,-4.875140955177248,-3.1573691406265483,-3.1105167084357053,0.8244002387554368,-1.051787233819975,4.342703560902568,-0.4910595584790509,0.5761819997712259
70.0,46.0,214.3700256347656,-4.099706257230023,1.8516562336474585,-4.837189943158729,-2.997352241164723,-3.634227092349994,1.8892170924319007,-1.0506408643950789,4.313847971663665,-0.6368003035079878,0.9550865572395988
70.0,46.0,210.84909057617188,-1.869154250088637,1.8210787113135751,-4.899193131222925,-3.185042296296173,-3.885765215712453,0.8725473786897544,-1.0735385992034034,4.340961587556614,-1.0111526337252448,1.7125418334358864
70.0,46.0,198.8343963623047,-2.883655599174885,1.8306849164388008,-4.861980567405487,-3.0650680198478124,-3.068381820899296,-0.4186674174042474,-1.034232349949338,3.070479792235902,-0.4180474528856421,0.7320755034372535
70.0,46.0,198.01931762695312,-2.0601445276610337,2.1776351056153462,-4.925063909321061,-3.033626700210224,-3.0394098569499928,1.1330975435716248,-1.00739314303951,2.8090367552902555,-0.457712870290049,0.6626923763364072
70.0,46.0,160.01856994628906,-2.220169854322381,1.7733973193895476,-4.877059725003649,-3.0383700245191645,-3.032693759079466,0.8641455062900459,-1.053383293827007,3.117527630893025,-0.4452152258004726,0.7565709844852148
70.0,46.0,178.56536865234375,-3.913771525355603,1.883732474468672,-4.886714999470344,-3.005890070009017,-3.0922184819962046,-0.2975027970034738,-1.047872721025193,4.307219360006983,-0.4441526956280124,0.7357575876555427
70.0,46.0,186.8330078125,-1.7853518205863237,1.7579008871512047,-4.88124284597318,-3.1163490117040347,-1.958458825305892,0.9908394891083412,-1.0498054040342644,3.0799726605986453,-0.854878327751711,1.0093736433700458
70.0,46.0,216.31118774414065,-2.9334629272000114,2.132355745435442,-4.905883367223724,-3.0715568103792323,-2.699516486542432,-0.1854729400322584,-1.0424568395618778,3.869732936013356,-0.770375831383755,0.910642710079945
70.0,46.0,202.11236572265625,-2.3232675121663315,1.995269073018336,-4.886403963184227,-4.253307286126856,-2.685616720888452,-0.855932775562634,-1.0228667816011985,3.571846683142864,-1.82067306700556,1.326899596566416
70.0,46.0,170.6570587158203,-2.122021054999186,1.7611703567791823,-4.862237992440757,-3.163520942147008,-3.076049174488871,0.8720841961062351,-1.0492239960420648,3.213752950647383,-0.4550265475507175,0.7226155164270816
70.0,46.0,163.00489807128906,-2.182915393265785,1.695854493311462,-4.876719695607422,-2.955417218644214,-3.090167731207357,0.8189271066991199,-1.0582797659143297,3.0978265063280666,-0.462495523976265,0.7398488117601508
70.0,46.0,158.4420166015625,-2.1718152336205723,1.81631513037467,-4.879867590592795,-3.0919062843712948,-3.0832620696531112,0.8496312894909389,-1.0475586163381383,3.11784605073857,-0.4452864350096492,0.746412757635569
70.0,46.0,176.9060516357422,-3.912155836313018,1.8099997521724844,-4.870024948723876,-3.109963071389307,-3.076224762319084,0.8033257325030952,-0.5252928698742436,4.859467288476143,-0.4957199434724865,0.6589810754259022
70.0,46.0,204.9386444091797,-4.911051898261931,1.6652841645707634,-4.834673807374948,-1.6566290489086744,-2.035709204758102,1.267316568519958,-1.0494991764801582,4.732699544544123,-0.8388802162202884,0.7278623851785704
70.0,46.0,217.116943359375,-4.037929633655887,1.5578780423775058,-4.8839036869781145,-3.0527532564149844,-2.5694299969933434,-0.4328859129560348,-1.046457986987844,4.020234553050268,-0.5900586058882844,1.3074970469955989
70.0,46.0,175.5135955810547,-3.9090488953949887,1.7859067540409015,-4.947877033145323,-2.438215959708819,-3.083639817184455,0.8145819375545251,-0.9752124298710154,3.60916111720354,-0.4453514141807003,1.3071532897292408
70.0,46.0,177.20172119140625,-2.163004423443636,1.737971465625274,-4.925498848591239,-3.1293729271101847,-3.1506172979169205,0.951207575174531,-1.0550994328194334,3.167719358709381,-0.465551946425227,0.748897062630347
70.0,46.0,214.34674072265625,-3.017210451292712,1.7904148831049125,-4.90235660380732,-3.722265151658564,-2.77999931959604,-0.2908202591001321,-0.4908023245539286,2.8628624531349445,-0.445068132097154,0.4935068850469932
70.0,46.0,190.6667022705078,-1.4007765101328298,0.870507414168666,-4.918864882707936,-2.9815773782986734,-2.5812899529216025,0.835095388192938,-1.007344211333295,3.1246315644890217,-0.8174980595483228,0.8188208750053599
70.0,46.0,216.64889526367188,-3.119200354622974,1.0381176817895923,-4.69307522512295,-1.6392443033678898,-2.8010636188402933,0.2843458672433435,-0.9554619730909504,4.386770655722996,-0.4773885801804987,2.273100919956005
70.0,46.0,183.85340881347656,-2.3078908744054862,1.858346239757311,-4.884867831054911,-3.058184373402513,-2.967632704775005,0.8568388889346092,-1.0423600865241966,4.645206522736869,-0.442353699711305,0.7607280816797696
70.0,46.0,215.2490234375,-1.967362840345677,1.923340349394114,-4.875584068087705,-2.037894210566016,-2.425752250270327,0.8222965904520211,-1.3967673714054352,4.0510626234281135,-1.7162744176828388,0.9857558437954697
70.0,46.0,166.01702880859375,-2.14082095031438,1.806404869898237,-4.89227173339009,-3.0590718538006363,-3.085711377971037,0.9008815020265516,-1.0628634212786112,3.122761000959944,-0.4569334087614827,0.7873169273831617
70.0,46.0,163.98428344726562,-2.191017845125641,1.7567810428543835,-4.879567783254935,-3.1053353655616136,-3.1070153650877,0.800309594544896,-1.0467689757701173,3.178263293651874,-0.4513293239426467,0.7255529895016196
70.0,46.0,157.63848876953125,-2.164520901251332,1.7709650759387388,-4.893700152064328,-3.107942071577859,-3.0666969326078406,0.8431375970999005,-1.0191841902062042,3.111302989330833,-0.452673584898853,0.7255377912086537
70.0,46.0,198.92955017089844,-2.901213816136182,1.7803773808637768,-4.88402034992815,-2.9747744476823894,-2.46088963756745,1.2240671113630992,-1.0425592956820455,2.77965496681528,-0.9956604282242514,0.7429223395449174
70.0,46.0,179.0282440185547,-3.203554714525947,1.7322691146374658,-4.858112432127805,-3.69237922952782,-3.03393580057738,0.8633561891914592,-1.0534732385854546,3.00906897585715,-0.4439771884148252,0.6972644159773618
70.0,46.0,160.38934326171875,-2.1239526524329047,1.7532778008160277,-4.793683137872873,-2.992665936417859,-3.0883299703921034,0.7444479414625762,-1.0498487622640318,3.959048847339001,-0.7967959506285662,0.7170082799296202
70.0,46.0,180.58837890625,-2.1799902259401165,1.7513112225905567,-4.856879756093877,-3.050645232846204,-2.5871631856568333,1.4166093527821966,-1.0468264443885902,4.366687430762195,-0.9127855496488892,1.0816258685645717
70.0,46.0,172.132080078125,-2.223263411983254,1.848809766031948,-4.881489880549814,-3.0951985921298912,-3.087688666183727,0.8524135723840209,-1.049122568190341,3.23101264616464,-0.4450156691926042,0.762486566557624
70.0,46.0,178.43862915039062,-2.289268217291724,1.7449684556891576,-4.878897322248348,-3.1156352331744968,-3.033355869126169,0.2892754389345949,-1.0526397864855894,3.033947800850548,-0.4421732112686315,0.7512543865918617
70.0,46.0,211.6270751953125,-1.9784052560237035,1.225594898222842,-4.945285294766198,-2.932509610172263,-2.756335558103621,0.7959291382496296,-1.00401021611483,3.525004630766553,-0.5182481459936163,0.8088510333817738
70.0,46.0,177.22738647460938,-3.031822186983138,1.6791418473451694,-4.877668685193823,-2.9482591144006984,-2.9861866945536053,1.899104024812023,-1.0602107898557596,4.708812942799022,-0.4490629330935093,0.7040525690094692
70.0,46.0,184.3595428466797,-3.1325116087393234,1.8226156302993608,-4.8738388928880605,-2.937807774063807,-3.043168316171073,0.3689388114989547,-1.0610093144615331,4.800049984976603,-0.5367132958862261,0.7529545531962287
70.0,46.0,202.23541259765625,-1.95633967144007,1.6986094786078223,-4.879875132613015,-3.0205761947679703,-3.072208246042387,1.026209302345757,-1.043225624759034,3.666247905991838,-0.5080454335919613,0.8069970454021262
70.0,46.0,182.66783142089844,-2.410610777234607,1.6567637401363458,-4.937739513274872,-2.836179737006624,-3.0556300446179154,0.8197940362771238,-1.0556083982079238,3.9251142577415568,-0.4397471326745507,0.7078223468277347
70.0,47.0,176.1159210205078,-1.892881140071444,1.821383480380095,-4.896073443428582,-3.029687588522527,-2.999288031916354,0.8729963518348315,-1.0433580981617103,3.207565443597423,-0.368485828232632,0.98431662345022
70.0,47.0,188.8021545410156,-3.281886177268723,1.7695538885944648,-4.876265918758594,-3.1079412685872216,-3.0976628134948,0.8383176109675882,-1.0089144920914936,3.1640301623381624,-0.4170407426925115,0.7742869421603599
70.0,47.0,178.8936004638672,-2.183437856891932,1.7174778516922682,-4.921335390565966,-3.6707462087134655,-3.132402697452992,0.8895703750286159,-1.0631108921549222,3.063271442288127,-0.3330571548491771,0.7765612903338881
70.0,47.0,195.2211761474609,-2.864067748512182,1.639527969597854,-4.86224001238643,-3.015338991699468,-3.005593938628276,1.8636780210418435,-0.9795361301075448,4.350618841738229,-0.5430293820279831,1.8810925325547152
70.0,47.0,169.58319091796875,-2.3034800598271405,1.7805780195393863,-4.895263218126341,-3.017317720424664,-3.0460947084618573,0.7541399793859245,-1.0441318163438007,3.092830735563159,-0.4503950223866007,0.7674469385568987
70.0,47.0,166.911865234375,-2.1599176623104523,1.761223582224306,-4.877015394821358,-2.921001010617676,-3.075583598442209,1.8148023137075904,-1.0503223728785966,3.0665637208867325,-0.4470028370744554,0.7520132583820398
70.0,47.0,159.0465087890625,-2.1737928770337227,1.7653537916600848,-4.879033891559776,-3.1020713502801955,-3.0739514986966703,0.848696473220936,-1.0496696140457262,3.079512203575917,-0.4448966222213528,0.7330372051920012
70.0,47.0,181.05616760253903,-3.928305740708015,1.9123212289654168,-4.91788751714991,-2.998603588579736,-3.0732698542068,-0.332549045182909,-1.0865381964092904,4.324808333799027,-0.4420116799647245,0.9836065782942632
70.0,47.0,174.614501953125,-2.227034146163842,1.832686956439855,-4.769771660094365,-3.0562012312643008,-3.157917249194937,0.9368057754768632,-1.0467761995966116,3.6071291214832697,-0.4886812744883836,0.7098252758321292
70.0,47.0,178.73272705078125,-2.33201553459389,1.7961430749526586,-4.870018945976936,-2.851381487082554,-2.511699842423838,0.840349258687068,-1.0535341523592692,4.0803151055160125,-0.7739301286887039,0.7576150045085395
70.0,47.0,174.29263305664062,-2.0691840549216933,1.8324707948346728,-4.879092493890615,-2.8304823231068377,-2.73613768087182,0.7987758847584482,-1.0606794592336304,3.5681057149946738,-0.4587784326166264,1.0513931464024635
70.0,47.0,189.3424530029297,-1.6654778376603645,1.8216954506499468,-4.88448924474563,-3.0112234600866628,-3.0729243492800946,1.51884918589441,-1.0323780136469032,4.769209589523967,-0.4525606313160583,1.2646532984835588
70.0,47.0,195.18731689453125,-3.2385980368204423,1.7285802312189276,-4.769632790165409,-2.8992951296389258,-2.989067015260295,1.235426606567029,-1.0938415675799396,4.735035877411996,-0.8179012791588454,0.9646891072118112
70.0,47.0,180.84136962890625,-2.223871687248564,1.721223691696549,-4.875140955177248,-3.1573691406265483,-3.1105167084357053,0.8244002387554368,-1.051787233819975,4.342703560902568,-0.4910595584790509,0.5761819997712259
70.0,47.0,214.3700256347656,-4.099706257230023,1.8516562336474585,-4.837189943158729,-2.997352241164723,-3.634227092349994,1.8892170924319007,-1.0506408643950789,4.313847971663665,-0.6368003035079878,0.9550865572395988
70.0,47.0,210.84909057617188,-1.869154250088637,1.8210787113135751,-4.899193131222925,-3.185042296296173,-3.885765215712453,0.8725473786897544,-1.0735385992034034,4.340961587556614,-1.0111526337252448,1.7125418334358864
70.0,47.0,198.8343963623047,-2.883655599174885,1.8306849164388008,-4.861980567405487,-3.0650680198478124,-3.068381820899296,-0.4186674174042474,-1.034232349949338,3.070479792235902,-0.4180474528856421,0.7320755034372535
70.0,47.0,194.1302490234375,-2.1814728279590687,1.0685000465851582,-4.880834950176606,-3.1116456448488656,-3.078777046407718,1.308763718318344,-1.0052388275971629,2.9819848166007104,-0.4582520805560125,0.7780449227600268
70.0,47.0,160.01856994628906,-2.220169854322381,1.7733973193895476,-4.877059725003649,-3.0383700245191645,-3.032693759079466,0.8641455062900459,-1.053383293827007,3.117527630893025,-0.4452152258004726,0.7565709844852148
70.0,47.0,178.56536865234375,-3.913771525355603,1.883732474468672,-4.886714999470344,-3.005890070009017,-3.0922184819962046,-0.2975027970034738,-1.047872721025193,4.307219360006983,-0.4441526956280124,0.7357575876555427
70.0,47.0,186.8330078125,-1.7853518205863237,1.7579008871512047,-4.88124284597318,-3.1163490117040347,-1.958458825305892,0.9908394891083412,-1.0498054040342644,3.0799726605986453,-0.854878327751711,1.0093736433700458
70.0,47.0,216.31118774414065,-2.9334629272000114,2.132355745435442,-4.905883367223724,-3.0715568103792323,-2.699516486542432,-0.1854729400322584,-1.0424568395618778,3.869732936013356,-0.770375831383755,0.910642710079945
70.0,47.0,202.11236572265625,-2.3232675121663315,1.995269073018336,-4.886403963184227,-4.253307286126856,-2.685616720888452,-0.855932775562634,-1.0228667816011985,3.571846683142864,-1.82067306700556,1.326899596566416
70.0,47.0,168.24952697753906,-2.175052721268095,1.7389409582964253,-4.87549492343834,-3.0922885232238646,-3.032697175961978,0.9262493879124404,-1.022835710843332,3.18240928365164,-0.4608810708720213,0.7259106547144846
70.0,47.0,163.00489807128906,-2.182915393265785,1.695854493311462,-4.876719695607422,-2.955417218644214,-3.090167731207357,0.8189271066991199,-1.0582797659143297,3.0978265063280666,-0.462495523976265,0.7398488117601508
70.0,47.0,157.30677795410156,-2.162990173870915,1.7435576844406988,-4.906684219487809,-3.093292834462877,-3.0553041264270413,0.8378295331787847,-1.0168554836504242,3.121367949811789,-0.4530281572558794,0.7038908090851647
70.0,47.0,176.9060516357422,-3.912155836313018,1.8099997521724844,-4.870024948723876,-3.109963071389307,-3.076224762319084,0.8033257325030952,-0.5252928698742436,4.859467288476143,-0.4957199434724865,0.6589810754259022
70.0,47.0,204.9386444091797,-4.911051898261931,1.6652841645707634,-4.834673807374948,-1.6566290489086744,-2.035709204758102,1.267316568519958,-1.0494991764801582,4.732699544544123,-0.8388802162202884,0.7278623851785704
70.0,47.0,217.116943359375,-4.037929633655887,1.5578780423775058,-4.8839036869781145,-3.0527532564149844,-2.5694299969933434,-0.4328859129560348,-1.046457986987844,4.020234553050268,-0.5900586058882844,1.3074970469955989
70.0,47.0,175.5135955810547,-3.9090488953949887,1.7859067540409015,-4.947877033145323,-2.438215959708819,-3.083639817184455,0.8145819375545251,-0.9752124298710154,3.60916111720354,-0.4453514141807003,1.3071532897292408
70.0,47.0,177.20172119140625,-2.163004423443636,1.737971465625274,-4.925498848591239,-3.1293729271101847,-3.1506172979169205,0.951207575174531,-1.0550994328194334,3.167719358709381,-0.465551946425227,0.748897062630347
70.0,47.0,214.34674072265625,-3.017210451292712,1.7904148831049125,-4.90235660380732,-3.722265151658564,-2.77999931959604,-0.2908202591001321,-0.4908023245539286,2.8628624531349445,-0.445068132097154,0.4935068850469932
70.0,47.0,190.6667022705078,-1.4007765101328298,0.870507414168666,-4.918864882707936,-2.9815773782986734,-2.5812899529216025,0.835095388192938,-1.007344211333295,3.1246315644890217,-0.8174980595483228,0.8188208750053599
70.0,47.0,216.64889526367188,-3.119200354622974,1.0381176817895923,-4.69307522512295,-1.6392443033678898,-2.8010636188402933,0.2843458672433435,-0.9554619730909504,4.386770655722996,-0.4773885801804987,2.273100919956005
70.0,47.0,183.85340881347656,-2.3078908744054862,1.858346239757311,-4.884867831054911,-3.058184373402513,-2.967632704775005,0.8568388889346092,-1.0423600865241966,4.645206522736869,-0.442353699711305,0.7607280816797696
70.0,47.0,215.2490234375,-1.967362840345677,1.923340349394114,-4.875584068087705,-2.037894210566016,-2.425752250270327,0.8222965904520211,-1.3967673714054352,4.0510626234281135,-1.7162744176828388,0.9857558437954697
70.0,47.0,166.01702880859375,-2.14082095031438,1.806404869898237,-4.89227173339009,-3.0590718538006363,-3.085711377971037,0.9008815020265516,-1.0628634212786112,3.122761000959944,-0.4569334087614827,0.7873169273831617
70.0,47.0,163.98428344726562,-2.191017845125641,1.7567810428543835,-4.879567783254935,-3.1053353655616136,-3.1070153650877,0.800309594544896,-1.0467689757701173,3.178263293651874,-0.4513293239426467,0.7255529895016196
70.0,47.0,157.63848876953125,-2.164520901251332,1.7709650759387388,-4.893700152064328,-3.107942071577859,-3.0666969326078406,0.8431375970999005,-1.0191841902062042,3.111302989330833,-0.452673584898853,0.7255377912086537
70.0,47.0,198.92955017089844,-2.901213816136182,1.7803773808637768,-4.88402034992815,-2.9747744476823894,-2.46088963756745,1.2240671113630992,-1.0425592956820455,2.77965496681528,-0.9956604282242514,0.7429223395449174
70.0,47.0,179.0282440185547,-3.203554714525947,1.7322691146374658,-4.858112432127805,-3.69237922952782,-3.03393580057738,0.8633561891914592,-1.0534732385854546,3.00906897585715,-0.4439771884148252,0.6972644159773618
70.0,47.0,160.38934326171875,-2.1239526524329047,1.7532778008160277,-4.793683137872873,-2.992665936417859,-3.0883299703921034,0.7444479414625762,-1.0498487622640318,3.959048847339001,-0.7967959506285662,0.7170082799296202
70.0,47.0,180.58837890625,-2.1799902259401165,1.7513112225905567,-4.856879756093877,-3.050645232846204,-2.5871631856568333,1.4166093527821966,-1.0468264443885902,4.366687430762195,-0.9127855496488892,1.0816258685645717
70.0,47.0,170.5657958984375,-2.136616143653766,1.8292296948987807,-4.902748485943016,-3.090280607606388,-3.048713347904114,0.8469686346315207,-1.0375354018091434,3.274538262517237,-0.4551724625571385,0.7388506422749402
70.0,47.0,178.43862915039062,-2.289268217291724,1.7449684556891576,-4.878897322248348,-3.1156352331744968,-3.033355869126169,0.2892754389345949,-1.0526397864855894,3.033947800850548,-0.4421732112686315,0.7512543865918617
70.0,47.0,211.6270751953125,-1.9784052560237035,1.225594898222842,-4.945285294766198,-2.932509610172263,-2.756335558103621,0.7959291382496296,-1.00401021611483,3.525004630766553,-0.5182481459936163,0.8088510333817738
70.0,47.0,177.22738647460938,-3.031822186983138,1.6791418473451694,-4.877668685193823,-2.9482591144006984,-2.9861866945536053,1.899104024812023,-1.0602107898557596,4.708812942799022,-0.4490629330935093,0.7040525690094692
70.0,47.0,184.3595428466797,-3.1325116087393234,1.8226156302993608,-4.8738388928880605,-2.937807774063807,-3.043168316171073,0.3689388114989547,-1.0610093144615331,4.800049984976603,-0.5367132958862261,0.7529545531962287
70.0,47.0,202.23541259765625,-1.95633967144007,1.6986094786078223,-4.879875132613015,-3.0205761947679703,-3.072208246042387,1.026209302345757,-1.043225624759034,3.666247905991838,-0.5080454335919613,0.8069970454021262
70.0,47.0,182.66783142089844,-2.410610777234607,1.6567637401363458,-4.937739513274872,-2.836179737006624,-3.0556300446179154,0.8197940362771238,-1.0556083982079238,3.9251142577415568,-0.4397471326745507,0.7078223468277347
70.0,48.0,176.1159210205078,-1.892881140071444,1.821383480380095,-4.896073443428582,-3.029687588522527,-2.999288031916354,0.8729963518348315,-1.0433580981617103,3.207565443597423,-0.368485828232632,0.98431662345022
70.0,48.0,188.8021545410156,-3.281886177268723,1.7695538885944648,-4.876265918758594,-3.1079412685872216,-3.0976628134948,0.8383176109675882,-1.0089144920914936,3.1640301623381624,-0.4170407426925115,0.7742869421603599
70.0,48.0,178.8936004638672,-2.183437856891932,1.7174778516922682,-4.921335390565966,-3.6707462087134655,-3.132402697452992,0.8895703750286159,-1.0631108921549222,3.063271442288127,-0.3330571548491771,0.7765612903338881
70.0,48.0,195.2211761474609,-2.864067748512182,1.639527969597854,-4.86224001238643,-3.015338991699468,-3.005593938628276,1.8636780210418435,-0.9795361301075448,4.350618841738229,-0.5430293820279831,1.8810925325547152
70.0,48.0,164.67709350585938,-2.1390191791393223,1.7801576041348832,-4.896280032365398,-3.102008267924466,-3.0488815571469194,0.8689742675285781,-1.021774368547088,3.110105530923958,-0.4541020875138021,0.7872188980674497
70.0,48.0,166.53958129882812,-2.1552195180604112,1.7222382284684197,-4.919185319893152,-3.0548552541180944,-3.0334070031565,1.4583025449686566,-1.004616594898207,3.0817743179961887,-0.4490935141455386,0.7061060793629302
70.0,48.0,159.0465087890625,-2.1737928770337227,1.7653537916600848,-4.879033891559776,-3.1020713502801955,-3.0739514986966703,0.848696473220936,-1.0496696140457262,3.079512203575917,-0.4448966222213528,0.7330372051920012
70.0,48.0,176.23858642578125,-2.263962455402492,1.87006646519353,-4.909107459516461,-3.008558322863242,-3.058633160762886,0.9689581059375808,-1.1041830472744274,3.540711130690116,-0.4524561415483819,0.72953076309095
70.0,48.0,174.614501953125,-2.227034146163842,1.832686956439855,-4.769771660094365,-3.0562012312643008,-3.157917249194937,0.9368057754768632,-1.0467761995966116,3.6071291214832697,-0.4886812744883836,0.7098252758321292
70.0,48.0,178.73272705078125,-2.33201553459389,1.7961430749526586,-4.870018945976936,-2.851381487082554,-2.511699842423838,0.840349258687068,-1.0535341523592692,4.0803151055160125,-0.7739301286887039,0.7576150045085395
70.0,48.0,172.8454132080078,-2.140759456848663,1.7270732818376076,-4.917444307938941,-2.718446194930848,-2.6309345188261464,0.8186788153349532,-1.0226438083731262,3.935217313576606,-0.4504659956736401,0.7049293556977643
70.0,48.0,189.3424530029297,-1.6654778376603645,1.8216954506499468,-4.88448924474563,-3.0112234600866628,-3.0729243492800946,1.51884918589441,-1.0323780136469032,4.769209589523967,-0.4525606313160583,1.2646532984835588
70.0,48.0,195.18731689453125,-3.2385980368204423,1.7285802312189276,-4.769632790165409,-2.8992951296389258,-2.989067015260295,1.235426606567029,-1.0938415675799396,4.735035877411996,-0.8179012791588454,0.9646891072118112
70.0,48.0,180.84136962890625,-2.223871687248564,1.721223691696549,-4.875140955177248,-3.1573691406265483,-3.1105167084357053,0.8244002387554368,-1.051787233819975,4.342703560902568,-0.4910595584790509,0.5761819997712259
70.0,48.0,214.3700256347656,-4.099706257230023,1.8516562336474585,-4.837189943158729,-2.997352241164723,-3.634227092349994,1.8892170924319007,-1.0506408643950789,4.313847971663665,-0.6368003035079878,0.9550865572395988
70.0,48.0,210.84909057617188,-1.869154250088637,1.8210787113135751,-4.899193131222925,-3.185042296296173,-3.885765215712453,0.8725473786897544,-1.0735385992034034,4.340961587556614,-1.0111526337252448,1.7125418334358864
70.0,48.0,198.8343963623047,-2.883655599174885,1.8306849164388008,-4.861980567405487,-3.0650680198478124,-3.068381820899296,-0.4186674174042474,-1.034232349949338,3.070479792235902,-0.4180474528856421,0.7320755034372535
70.0,48.0,194.1302490234375,-2.1814728279590687,1.0685000465851582,-4.880834950176606,-3.1116456448488656,-3.078777046407718,1.308763718318344,-1.0052388275971629,2.9819848166007104,-0.4582520805560125,0.7780449227600268
70.0,48.0,160.01856994628906,-2.220169854322381,1.7733973193895476,-4.877059725003649,-3.0383700245191645,-3.032693759079466,0.8641455062900459,-1.053383293827007,3.117527630893025,-0.4452152258004726,0.7565709844852148
70.0,48.0,172.45042419433594,-2.2856388135449874,1.7983065472075734,-4.9152118840128525,-2.944344402075404,-3.091502415524449,-0.2047567352745997,-1.0436516644445728,4.035607615730321,-0.4535442069256774,0.7019696934244728
70.0,48.0,186.8330078125,-1.7853518205863237,1.7579008871512047,-4.88124284597318,-3.1163490117040347,-1.958458825305892,0.9908394891083412,-1.0498054040342644,3.0799726605986453,-0.854878327751711,1.0093736433700458
70.0,48.0,216.31118774414065,-2.9334629272000114,2.132355745435442,-4.905883367223724,-3.0715568103792323,-2.699516486542432,-0.1854729400322584,-1.0424568395618778,3.869732936013356,-0.770375831383755,0.910642710079945
70.0,48.0,202.11236572265625,-2.3232675121663315,1.995269073018336,-4.886403963184227,-4.253307286126856,-2.685616720888452,-0.855932775562634,-1.0228667816011985,3.571846683142864,-1.82067306700556,1.326899596566416
70.0,48.0,168.24952697753906,-2.175052721268095,1.7389409582964253,-4.87549492343834,-3.0922885232238646,-3.032697175961978,0.9262493879124404,-1.022835710843332,3.18240928365164,-0.4608810708720213,0.7259106547144846
70.0,48.0,163.00489807128906,-2.182915393265785,1.695854493311462,-4.876719695607422,-2.955417218644214,-3.090167731207357,0.8189271066991199,-1.0582797659143297,3.0978265063280666,-0.462495523976265,0.7398488117601508
70.0,48.0,157.30677795410156,-2.162990173870915,1.7435576844406988,-4.906684219487809,-3.093292834462877,-3.0553041264270413,0.8378295331787847,-1.0168554836504242,3.121367949811789,-0.4530281572558794,0.7038908090851647
70.0,48.0,176.9060516357422,-3.912155836313018,1.8099997521724844,-4.870024948723876,-3.109963071389307,-3.076224762319084,0.8033257325030952,-0.5252928698742436,4.859467288476143,-0.4957199434724865,0.6589810754259022
70.0,48.0,195.34732055664065,-2.231613827182421,1.8321990446526968,-4.866113352983426,-3.0261039639965874,-2.552165394212508,1.2377426059092342,-1.0252071675690444,3.02090225580337,-0.6421029057584087,0.6719929696279708
70.0,48.0,217.116943359375,-4.037929633655887,1.5578780423775058,-4.8839036869781145,-3.0527532564149844,-2.5694299969933434,-0.4328859129560348,-1.046457986987844,4.020234553050268,-0.5900586058882844,1.3074970469955989
70.0,48.0,175.5135955810547,-3.9090488953949887,1.7859067540409015,-4.947877033145323,-2.438215959708819,-3.083639817184455,0.8145819375545251,-0.9752124298710154,3.60916111720354,-0.4453514141807003,1.3071532897292408
70.0,48.0,177.20172119140625,-2.163004423443636,1.737971465625274,-4.925498848591239,-3.1293729271101847,-3.1506172979169205,0.951207575174531,-1.0550994328194334,3.167719358709381,-0.465551946425227,0.748897062630347
70.0,48.0,214.34674072265625,-3.017210451292712,1.7904148831049125,-4.90235660380732,-3.722265151658564,-2.77999931959604,-0.2908202591001321,-0.4908023245539286,2.8628624531349445,-0.445068132097154,0.4935068850469932
70.0,48.0,190.6667022705078,-1.4007765101328298,0.870507414168666,-4.918864882707936,-2.9815773782986734,-2.5812899529216025,0.835095388192938,-1.007344211333295,3.1246315644890217,-0.8174980595483228,0.8188208750053599
70.0,48.0,216.64889526367188,-3.119200354622974,1.0381176817895923,-4.69307522512295,-1.6392443033678898,-2.8010636188402933,0.2843458672433435,-0.9554619730909504,4.386770655722996,-0.4773885801804987,2.273100919956005
70.0,48.0,183.85340881347656,-2.3078908744054862,1.858346239757311,-4.884867831054911,-3.058184373402513,-2.967632704775005,0.8568388889346092,-1.0423600865241966,4.645206522736869,-0.442353699711305,0.7607280816797696
70.0,48.0,207.19271850585932,-1.976946902906954,1.710167512975166,-4.892161600772756,-3.060679353663305,-3.501036727199675,0.8132441198488893,-0.8994317642682259,4.729445781175595,-0.3458806556406375,1.0141591944475497
70.0,48.0,166.01702880859375,-2.14082095031438,1.806404869898237,-4.89227173339009,-3.0590718538006363,-3.085711377971037,0.9008815020265516,-1.0628634212786112,3.122761000959944,-0.4569334087614827,0.7873169273831617
70.0,48.0,163.98428344726562,-2.191017845125641,1.7567810428543835,-4.879567783254935,-3.1053353655616136,-3.1070153650877,0.800309594544896,-1.0467689757701173,3.178263293651874,-0.4513293239426467,0.7255529895016196
70.0,48.0,157.63848876953125,-2.164520901251332,1.7709650759387388,-4.893700152064328,-3.107942071577859,-3.0666969326078406,0.8431375970999005,-1.0191841902062042,3.111302989330833,-0.452673584898853,0.7255377912086537
70.0,48.0,198.92955017089844,-2.901213816136182,1.7803773808637768,-4.88402034992815,-2.9747744476823894,-2.46088963756745,1.2240671113630992,-1.0425592956820455,2.77965496681528,-0.9956604282242514,0.7429223395449174
70.0,48.0,179.0282440185547,-3.203554714525947,1.7322691146374658,-4.858112432127805,-3.69237922952782,-3.03393580057738,0.8633561891914592,-1.0534732385854546,3.00906897585715,-0.4439771884148252,0.6972644159773618
70.0,48.0,160.38934326171875,-2.1239526524329047,1.7532778008160277,-4.793683137872873,-2.992665936417859,-3.0883299703921034,0.7444479414625762,-1.0498487622640318,3.959048847339001,-0.7967959506285662,0.7170082799296202
70.0,48.0,167.33126831054688,-2.195243219696053,1.732912456716364,-4.952303408796997,-3.0404810004496574,-2.486837149312666,0.9725129987175968,-1.040432910076463,4.327298931424326,-0.5054700396972046,0.7183652077019171
70.0,48.0,169.24057006835938,-2.1246526678081183,1.6628236709815791,-4.91738160604171,-3.0899281953726514,-3.035346520973067,0.8272716538685976,-1.0251518348907676,3.0451522807574127,-0.4582375047859429,0.7121187241624289
70.0,48.0,178.43862915039062,-2.289268217291724,1.7449684556891576,-4.878897322248348,-3.1156352331744968,-3.033355869126169,0.2892754389345949,-1.0526397864855894,3.033947800850548,-0.4421732112686315,0.7512543865918617
70.0,48.0,211.6270751953125,-1.9784052560237035,1.225594898222842,-4.945285294766198,-2.932509610172263,-2.756335558103621,0.7959291382496296,-1.00401021611483,3.525004630766553,-0.5182481459936163,0.8088510333817738
70.0,48.0,177.22738647460938,-3.031822186983138,1.6791418473451694,-4.877668685193823,-2.9482591144006984,-2.9861866945536053,1.899104024812023,-1.0602107898557596,4.708812942799022,-0.4490629330935093,0.7040525690094692
70.0,48.0,184.3595428466797,-3.1325116087393234,1.8226156302993608,-4.8738388928880605,-2.937807774063807,-3.043168316171073,0.3689388114989547,-1.0610093144615331,4.800049984976603,-0.5367132958862261,0.7529545531962287
70.0,48.0,202.23541259765625,-1.95633967144007,1.6986094786078223,-4.879875132613015,-3.0205761947679703,-3.072208246042387,1.026209302345757,-1.043225624759034,3.666247905991838,-0.5080454335919613,0.8069970454021262
70.0,48.0,182.66783142089844,-2.410610777234607,1.6567637401363458,-4.937739513274872,-2.836179737006624,-3.0556300446179154,0.8197940362771238,-1.0556083982079238,3.9251142577415568,-0.4397471326745507,0.7078223468277347
70.0,49.0,176.1159210205078,-1.892881140071444,1.821383480380095,-4.896073443428582,-3.029687588522527,-2.999288031916354,0.8729963518348315,-1.0433580981617103,3.207565443597423,-0.368485828232632,0.98431662345022
70.0,49.0,169.0335693359375,-2.972179373502141,1.7202611808840118,-4.868766202685759,-3.09963782114306,-3.066797562698825,0.809745373187669,-0.9994500655705896,3.1316153385291234,-0.4581765011118293,0.7231190742476129
70.0,49.0,178.8936004638672,-2.183437856891932,1.7174778516922682,-4.921335390565966,-3.6707462087134655,-3.132402697452992,0.8895703750286159,-1.0631108921549222,3.063271442288127,-0.3330571548491771,0.7765612903338881
70.0,49.0,195.2211761474609,-2.864067748512182,1.639527969597854,-4.86224001238643,-3.015338991699468,-3.005593938628276,1.8636780210418435,-0.9795361301075448,4.350618841738229,-0.5430293820279831,1.8810925325547152
70.0,49.0,164.67709350585938,-2.1390191791393223,1.7801576041348832,-4.896280032365398,-3.102008267924466,-3.0488815571469194,0.8689742675285781,-1.021774368547088,3.110105530923958,-0.4541020875138021,0.7872188980674497
70.0,49.0,166.53958129882812,-2.1552195180604112,1.7222382284684197,-4.919185319893152,-3.0548552541180944,-3.0334070031565,1.4583025449686566,-1.004616594898207,3.0817743179961887,-0.4490935141455386,0.7061060793629302
70.0,49.0,159.0465087890625,-2.1737928770337227,1.7653537916600848,-4.879033891559776,-3.1020713502801955,-3.0739514986966703,0.848696473220936,-1.0496696140457262,3.079512203575917,-0.4448966222213528,0.7330372051920012
70.0,49.0,176.23858642578125,-2.263962455402492,1.87006646519353,-4.909107459516461,-3.008558322863242,-3.058633160762886,0.9689581059375808,-1.1041830472744274,3.540711130690116,-0.4524561415483819,0.72953076309095
70.0,49.0,174.614501953125,-2.227034146163842,1.832686956439855,-4.769771660094365,-3.0562012312643008,-3.157917249194937,0.9368057754768632,-1.0467761995966116,3.6071291214832697,-0.4886812744883836,0.7098252758321292
70.0,49.0,178.73272705078125,-2.33201553459389,1.7961430749526586,-4.870018945976936,-2.851381487082554,-2.511699842423838,0.840349258687068,-1.0535341523592692,4.0803151055160125,-0.7739301286887039,0.7576150045085395
70.0,49.0,172.8454132080078,-2.140759456848663,1.7270732818376076,-4.917444307938941,-2.718446194930848,-2.6309345188261464,0.8186788153349532,-1.0226438083731262,3.935217313576606,-0.4504659956736401,0.7049293556977643
70.0,49.0,189.3424530029297,-1.6654778376603645,1.8216954506499468,-4.88448924474563,-3.0112234600866628,-3.0729243492800946,1.51884918589441,-1.0323780136469032,4.769209589523967,-0.4525606313160583,1.2646532984835588
70.0,49.0,195.18731689453125,-3.2385980368204423,1.7285802312189276,-4.769632790165409,-2.8992951296389258,-2.989067015260295,1.235426606567029,-1.0938415675799396,4.735035877411996,-0.8179012791588454,0.9646891072118112
70.0,49.0,168.72683715820312,-2.1970839734618592,1.7533973920185368,-4.914786710370953,-3.091052289223549,-3.045816550162612,0.8662679769335261,-1.0277336545831717,2.82959429296369,-0.4412007672226373,0.6458505038463844
70.0,49.0,206.9859771728516,-3.1855676517005147,1.927262783293896,-4.9084258882862,-3.1056284995604027,-2.914313281665194,1.72780487833202,-1.0411721748850142,4.27780781901222,-0.5088386161121307,0.6356662401804511
70.0,49.0,210.84909057617188,-1.869154250088637,1.8210787113135751,-4.899193131222925,-3.185042296296173,-3.885765215712453,0.8725473786897544,-1.0735385992034034,4.340961587556614,-1.0111526337252448,1.7125418334358864
70.0,49.0,198.8343963623047,-2.883655599174885,1.8306849164388008,-4.861980567405487,-3.0650680198478124,-3.068381820899296,-0.4186674174042474,-1.034232349949338,3.070479792235902,-0.4180474528856421,0.7320755034372535
70.0,49.0,168.60992431640625,-2.155650141904053,1.8912883483208085,-4.906182106166611,-3.061080146530048,-3.08527028734274,1.2613552180151917,-0.9951942240898808,3.1454034926044536,-0.4547036996911608,0.7631017956951874
70.0,49.0,160.01856994628906,-2.220169854322381,1.7733973193895476,-4.877059725003649,-3.0383700245191645,-3.032693759079466,0.8641455062900459,-1.053383293827007,3.117527630893025,-0.4452152258004726,0.7565709844852148
70.0,49.0,172.45042419433594,-2.2856388135449874,1.7983065472075734,-4.9152118840128525,-2.944344402075404,-3.091502415524449,-0.2047567352745997,-1.0436516644445728,4.035607615730321,-0.4535442069256774,0.7019696934244728
70.0,49.0,186.8330078125,-1.7853518205863237,1.7579008871512047,-4.88124284597318,-3.1163490117040347,-1.958458825305892,0.9908394891083412,-1.0498054040342644,3.0799726605986453,-0.854878327751711,1.0093736433700458
70.0,49.0,216.31118774414065,-2.9334629272000114,2.132355745435442,-4.905883367223724,-3.0715568103792323,-2.699516486542432,-0.1854729400322584,-1.0424568395618778,3.869732936013356,-0.770375831383755,0.910642710079945
70.0,49.0,202.11236572265625,-2.3232675121663315,1.995269073018336,-4.886403963184227,-4.253307286126856,-2.685616720888452,-0.855932775562634,-1.0228667816011985,3.571846683142864,-1.82067306700556,1.326899596566416
70.0,49.0,168.24952697753906,-2.175052721268095,1.7389409582964253,-4.87549492343834,-3.0922885232238646,-3.032697175961978,0.9262493879124404,-1.022835710843332,3.18240928365164,-0.4608810708720213,0.7259106547144846
70.0,49.0,162.14736938476562,-2.1631452595780063,1.74745951724853,-4.899759130125847,-3.083907302331648,-3.090693738366572,0.7974520120982176,-1.0326301089901606,3.073134944165219,-0.4787825490236903,0.7176351469265292
70.0,49.0,157.30677795410156,-2.162990173870915,1.7435576844406988,-4.906684219487809,-3.093292834462877,-3.0553041264270413,0.8378295331787847,-1.0168554836504242,3.121367949811789,-0.4530281572558794,0.7038908090851647
70.0,49.0,176.9060516357422,-3.912155836313018,1.8099997521724844,-4.870024948723876,-3.109963071389307,-3.076224762319084,0.8033257325030952,-0.5252928698742436,4.859467288476143,-0.4957199434724865,0.6589810754259022
70.0,49.0,195.34732055664065,-2.231613827182421,1.8321990446526968,-4.866113352983426,-3.0261039639965874,-2.552165394212508,1.2377426059092342,-1.0252071675690444,3.02090225580337,-0.6421029057584087,0.6719929696279708
70.0,49.0,217.116943359375,-4.037929633655887,1.5578780423775058,-4.8839036869781145,-3.0527532564149844,-2.5694299969933434,-0.4328859129560348,-1.046457986987844,4.020234553050268,-0.5900586058882844,1.3074970469955989
70.0,49.0,175.5135955810547,-3.9090488953949887,1.7859067540409015,-4.947877033145323,-2.438215959708819,-3.083639817184455,0.8145819375545251,-0.9752124298710154,3.60916111720354,-0.4453514141807003,1.3071532897292408
70.0,49.0,177.20172119140625,-2.163004423443636,1.737971465625274,-4.925498848591239,-3.1293729271101847,-3.1506172979169205,0.951207575174531,-1.0550994328194334,3.167719358709381,-0.465551946425227,0.748897062630347
70.0,49.0,214.34674072265625,-3.017210451292712,1.7904148831049125,-4.90235660380732,-3.722265151658564,-2.77999931959604,-0.2908202591001321,-0.4908023245539286,2.8628624531349445,-0.445068132097154,0.4935068850469932
70.0,49.0,190.6667022705078,-1.4007765101328298,0.870507414168666,-4.918864882707936,-2.9815773782986734,-2.5812899529216025,0.835095388192938,-1.007344211333295,3.1246315644890217,-0.8174980595483228,0.8188208750053599
70.0,49.0,216.64889526367188,-3.119200354622974,1.0381176817895923,-4.69307522512295,-1.6392443033678898,-2.8010636188402933,0.2843458672433435,-0.9554619730909504,4.386770655722996,-0.4773885801804987,2.273100919956005
70.0,49.0,183.85340881347656,-2.3078908744054862,1.858346239757311,-4.884867831054911,-3.058184373402513,-2.967632704775005,0.8568388889346092,-1.0423600865241966,4.645206522736869,-0.442353699711305,0.7607280816797696
70.0,49.0,207.19271850585932,-1.976946902906954,1.710167512975166,-4.892161600772756,-3.060679353663305,-3.501036727199675,0.8132441198488893,-0.8994317642682259,4.729445781175595,-0.3458806556406375,1.0141591944475497
70.0,49.0,166.01702880859375,-2.14082095031438,1.806404869898237,-4.89227173339009,-3.0590718538006363,-3.085711377971037,0.9008815020265516,-1.0628634212786112,3.122761000959944,-0.4569334087614827,0.7873169273831617
70.0,49.0,163.98428344726562,-2.191017845125641,1.7567810428543835,-4.879567783254935,-3.1053353655616136,-3.1070153650877,0.800309594544896,-1.0467689757701173,3.178263293651874,-0.4513293239426467,0.7255529895016196
70.0,49.0,157.63848876953125,-2.164520901251332,1.7709650759387388,-4.893700152064328,-3.107942071577859,-3.0666969326078406,0.8431375970999005,-1.0191841902062042,3.111302989330833,-0.452673584898853,0.7255377912086537
70.0,49.0,198.92955017089844,-2.901213816136182,1.7803773808637768,-4.88402034992815,-2.9747744476823894,-2.46088963756745,1.2240671113630992,-1.0425592956820455,2.77965496681528,-0.9956604282242514,0.7429223395449174
70.0,49.0,177.23458862304688,-1.9669350469264664,1.5868375725406714,-4.855898710012608,-3.69367359204518,-3.0292764370069283,0.8814146611851571,-1.0334993413985878,3.063132188714753,-0.4538587208916941,0.6966723395780765
70.0,49.0,160.38934326171875,-2.1239526524329047,1.7532778008160277,-4.793683137872873,-2.992665936417859,-3.0883299703921034,0.7444479414625762,-1.0498487622640318,3.959048847339001,-0.7967959506285662,0.7170082799296202
70.0,49.0,167.33126831054688,-2.195243219696053,1.732912456716364,-4.952303408796997,-3.0404810004496574,-2.486837149312666,0.9725129987175968,-1.040432910076463,4.327298931424326,-0.5054700396972046,0.7183652077019171
70.0,49.0,169.24057006835938,-2.1246526678081183,1.6628236709815791,-4.91738160604171,-3.0899281953726514,-3.035346520973067,0.8272716538685976,-1.0251518348907676,3.0451522807574127,-0.4582375047859429,0.7121187241624289
70.0,49.0,178.43862915039062,-2.289268217291724,1.7449684556891576,-4.878897322248348,-3.1156352331744968,-3.033355869126169,0.2892754389345949,-1.0526397864855894,3.033947800850548,-0.4421732112686315,0.7512543865918617
70.0,49.0,211.6270751953125,-1.9784052560237035,1.225594898222842,-4.945285294766198,-2.932509610172263,-2.756335558103621,0.7959291382496296,-1.00401021611483,3.525004630766553,-0.5182481459936163,0.8088510333817738
70.0,49.0,177.22738647460938,-3.031822186983138,1.6791418473451694,-4.877668685193823,-2.9482591144006984,-2.9861866945536053,1.899104024812023,-1.0602107898557596,4.708812942799022,-0.4490629330935093,0.7040525690094692
70.0,49.0,184.3595428466797,-3.1325116087393234,1.8226156302993608,-4.8738388928880605,-2.937807774063807,-3.043168316171073,0.3689388114989547,-1.0610093144615331,4.800049984976603,-0.5367132958862261,0.7529545531962287
70.0,49.0,195.0246734619141,-2.0847483171172727,2.005187132336637,-4.898152363025041,-3.077613306094874,-3.063437212666226,0.2891453475733071,-1.0302090323814603,3.810827270660635,-0.5150059022750842,0.6192214890595654
70.0,49.0,182.66783142089844,-2.410610777234607,1.6567637401363458,-4.937739513274872,-2.836179737006624,-3.0556300446179154,0.8197940362771238,-1.0556083982079238,3.9251142577415568,-0.4397471326745507,0.7078223468277347
70.0,50.0,171.77423095703125,-2.066746597619989,1.8038480305426805,-4.90438914266046,-3.028768357876655,-3.032720714148688,0.8731080459564573,-1.0506807325242136,3.03169398791006,-0.4631976399552622,0.9525128570269564
70.0,50.0,169.0335693359375,-2.972179373502141,1.7202611808840118,-4.868766202685759,-3.09963782114306,-3.066797562698825,0.809745373187669,-0.9994500655705896,3.1316153385291234,-0.4581765011118293,0.7231190742476129
70.0,50.0,178.6842803955078,-2.1977924496764083,1.7736895923231426,-4.912728020436358,-3.47638462684076,-3.180485519450402,0.8762182224118145,-1.0330853484529376,3.075387593829057,-0.4620057624149872,0.7229732487484837
70.0,50.0,195.2211761474609,-2.864067748512182,1.639527969597854,-4.86224001238643,-3.015338991699468,-3.005593938628276,1.8636780210418435,-0.9795361301075448,4.350618841738229,-0.5430293820279831,1.8810925325547152
70.0,50.0,164.67709350585938,-2.1390191791393223,1.7801576041348832,-4.896280032365398,-3.102008267924466,-3.0488815571469194,0.8689742675285781,-1.021774368547088,3.110105530923958,-0.4541020875138021,0.7872188980674497
70.0,50.0,166.53958129882812,-2.1552195180604112,1.7222382284684197,-4.919185319893152,-3.0548552541180944,-3.0334070031565,1.4583025449686566,-1.004616594898207,3.0817743179961887,-0.4490935141455386,0.7061060793629302
70.0,50.0,159.0465087890625,-2.1737928770337227,1.7653537916600848,-4.879033891559776,-3.1020713502801955,-3.0739514986966703,0.848696473220936,-1.0496696140457262,3.079512203575917,-0.4448966222213528,0.7330372051920012
70.0,50.0,176.23858642578125,-2.263962455402492,1.87006646519353,-4.909107459516461,-3.008558322863242,-3.058633160762886,0.9689581059375808,-1.1041830472744274,3.540711130690116,-0.4524561415483819,0.72953076309095
70.0,50.0,174.614501953125,-2.227034146163842,1.832686956439855,-4.769771660094365,-3.0562012312643008,-3.157917249194937,0.9368057754768632,-1.0467761995966116,3.6071291214832697,-0.4886812744883836,0.7098252758321292
70.0,50.0,178.73272705078125,-2.33201553459389,1.7961430749526586,-4.870018945976936,-2.851381487082554,-2.511699842423838,0.840349258687068,-1.0535341523592692,4.0803151055160125,-0.7739301286887039,0.7576150045085395
70.0,50.0,172.8454132080078,-2.140759456848663,1.7270732818376076,-4.917444307938941,-2.718446194930848,-2.6309345188261464,0.8186788153349532,-1.0226438083731262,3.935217313576606,-0.4504659956736401,0.7049293556977643
70.0,50.0,189.3424530029297,-1.6654778376603645,1.8216954506499468,-4.88448924474563,-3.0112234600866628,-3.0729243492800946,1.51884918589441,-1.0323780136469032,4.769209589523967,-0.4525606313160583,1.2646532984835588
70.0,50.0,195.18731689453125,-3.2385980368204423,1.7285802312189276,-4.769632790165409,-2.8992951296389258,-2.989067015260295,1.235426606567029,-1.0938415675799396,4.735035877411996,-0.8179012791588454,0.9646891072118112
70.0,50.0,168.72683715820312,-2.1970839734618592,1.7533973920185368,-4.914786710370953,-3.091052289223549,-3.045816550162612,0.8662679769335261,-1.0277336545831717,2.82959429296369,-0.4412007672226373,0.6458505038463844
70.0,50.0,206.9859771728516,-3.1855676517005147,1.927262783293896,-4.9084258882862,-3.1056284995604027,-2.914313281665194,1.72780487833202,-1.0411721748850142,4.27780781901222,-0.5088386161121307,0.6356662401804511
70.0,50.0,210.84909057617188,-1.869154250088637,1.8210787113135751,-4.899193131222925,-3.185042296296173,-3.885765215712453,0.8725473786897544,-1.0735385992034034,4.340961587556614,-1.0111526337252448,1.7125418334358864
70.0,50.0,198.8343963623047,-2.883655599174885,1.8306849164388008,-4.861980567405487,-3.0650680198478124,-3.068381820899296,-0.4186674174042474,-1.034232349949338,3.070479792235902,-0.4180474528856421,0.7320755034372535
70.0,50.0,168.60992431640625,-2.155650141904053,1.8912883483208085,-4.906182106166611,-3.061080146530048,-3.08527028734274,1.2613552180151917,-0.9951942240898808,3.1454034926044536,-0.4547036996911608,0.7631017956951874
70.0,50.0,160.01856994628906,-2.220169854322381,1.7733973193895476,-4.877059725003649,-3.0383700245191645,-3.032693759079466,0.8641455062900459,-1.053383293827007,3.117527630893025,-0.4452152258004726,0.7565709844852148
70.0,50.0,172.45042419433594,-2.2856388135449874,1.7983065472075734,-4.9152118840128525,-2.944344402075404,-3.091502415524449,-0.2047567352745997,-1.0436516644445728,4.035607615730321,-0.4535442069256774,0.7019696934244728
70.0,50.0,186.8330078125,-1.7853518205863237,1.7579008871512047,-4.88124284597318,-3.1163490117040347,-1.958458825305892,0.9908394891083412,-1.0498054040342644,3.0799726605986453,-0.854878327751711,1.0093736433700458
70.0,50.0,195.885482788086,-3.055101307321643,1.7130907519872982,-4.923761354932361,-3.067700129161367,-3.676091893906986,-0.2104721990991027,-1.0287940558498576,3.8513918957441033,-0.4933109868924777,0.6480388338337907
70.0,50.0,202.11236572265625,-2.3232675121663315,1.995269073018336,-4.886403963184227,-4.253307286126856,-2.685616720888452,-0.855932775562634,-1.0228667816011985,3.571846683142864,-1.82067306700556,1.326899596566416
70.0,50.0,168.24952697753906,-2.175052721268095,1.7389409582964253,-4.87549492343834,-3.0922885232238646,-3.032697175961978,0.9262493879124404,-1.022835710843332,3.18240928365164,-0.4608810708720213,0.7259106547144846
70.0,50.0,159.77223205566406,-2.151875103456523,1.812435230999615,-4.915418906282372,-3.128561855300441,-3.056449331101196,0.8596170937190292,-1.0199193009881284,3.11073485279426,-0.4640869236401375,0.7029793761955828
70.0,50.0,157.30677795410156,-2.162990173870915,1.7435576844406988,-4.906684219487809,-3.093292834462877,-3.0553041264270413,0.8378295331787847,-1.0168554836504242,3.121367949811789,-0.4530281572558794,0.7038908090851647
70.0,50.0,176.9060516357422,-3.912155836313018,1.8099997521724844,-4.870024948723876,-3.109963071389307,-3.076224762319084,0.8033257325030952,-0.5252928698742436,4.859467288476143,-0.4957199434724865,0.6589810754259022
70.0,50.0,195.34732055664065,-2.231613827182421,1.8321990446526968,-4.866113352983426,-3.0261039639965874,-2.552165394212508,1.2377426059092342,-1.0252071675690444,3.02090225580337,-0.6421029057584087,0.6719929696279708
70.0,50.0,217.116943359375,-4.037929633655887,1.5578780423775058,-4.8839036869781145,-3.0527532564149844,-2.5694299969933434,-0.4328859129560348,-1.046457986987844,4.020234553050268,-0.5900586058882844,1.3074970469955989
70.0,50.0,175.5135955810547,-3.9090488953949887,1.7859067540409015,-4.947877033145323,-2.438215959708819,-3.083639817184455,0.8145819375545251,-0.9752124298710154,3.60916111720354,-0.4453514141807003,1.3071532897292408
70.0,50.0,177.20172119140625,-2.163004423443636,1.737971465625274,-4.925498848591239,-3.1293729271101847,-3.1506172979169205,0.951207575174531,-1.0550994328194334,3.167719358709381,-0.465551946425227,0.748897062630347
70.0,50.0,214.34674072265625,-3.017210451292712,1.7904148831049125,-4.90235660380732,-3.722265151658564,-2.77999931959604,-0.2908202591001321,-0.4908023245539286,2.8628624531349445,-0.445068132097154,0.4935068850469932
70.0,50.0,190.6667022705078,-1.4007765101328298,0.870507414168666,-4.918864882707936,-2.9815773782986734,-2.5812899529216025,0.835095388192938,-1.007344211333295,3.1246315644890217,-0.8174980595483228,0.8188208750053599
70.0,50.0,216.64889526367188,-3.119200354622974,1.0381176817895923,-4.69307522512295,-1.6392443033678898,-2.8010636188402933,0.2843458672433435,-0.9554619730909504,4.386770655722996,-0.4773885801804987,2.273100919956005
70.0,50.0,183.85340881347656,-2.3078908744054862,1.858346239757311,-4.884867831054911,-3.058184373402513,-2.967632704775005,0.8568388889346092,-1.0423600865241966,4.645206522736869,-0.442353699711305,0.7607280816797696
70.0,50.0,207.19271850585932,-1.976946902906954,1.710167512975166,-4.892161600772756,-3.060679353663305,-3.501036727199675,0.8132441198488893,-0.8994317642682259,4.729445781175595,-0.3458806556406375,1.0141591944475497
70.0,50.0,163.1170654296875,-2.262182604635345,1.7546218709582857,-4.889659471506729,-3.046517337157185,-3.062461727487332,0.8576627620996714,-1.037116245477434,3.1300660961303275,-0.4852830259866298,0.6692162493095577
70.0,50.0,163.98428344726562,-2.191017845125641,1.7567810428543835,-4.879567783254935,-3.1053353655616136,-3.1070153650877,0.800309594544896,-1.0467689757701173,3.178263293651874,-0.4513293239426467,0.7255529895016196
70.0,50.0,157.63848876953125,-2.164520901251332,1.7709650759387388,-4.893700152064328,-3.107942071577859,-3.0666969326078406,0.8431375970999005,-1.0191841902062042,3.111302989330833,-0.452673584898853,0.7255377912086537
70.0,50.0,198.92955017089844,-2.901213816136182,1.7803773808637768,-4.88402034992815,-2.9747744476823894,-2.46088963756745,1.2240671113630992,-1.0425592956820455,2.77965496681528,-0.9956604282242514,0.7429223395449174
70.0,50.0,177.23458862304688,-1.9669350469264664,1.5868375725406714,-4.855898710012608,-3.69367359204518,-3.0292764370069283,0.8814146611851571,-1.0334993413985878,3.063132188714753,-0.4538587208916941,0.6966723395780765
70.0,50.0,160.38934326171875,-2.1239526524329047,1.7532778008160277,-4.793683137872873,-2.992665936417859,-3.0883299703921034,0.7444479414625762,-1.0498487622640318,3.959048847339001,-0.7967959506285662,0.7170082799296202
70.0,50.0,167.33126831054688,-2.195243219696053,1.732912456716364,-4.952303408796997,-3.0404810004496574,-2.486837149312666,0.9725129987175968,-1.040432910076463,4.327298931424326,-0.5054700396972046,0.7183652077019171
70.0,50.0,157.88693237304688,-2.0895187864432376,1.7450054793207703,-4.908734581383793,-3.091507813529983,-3.0654151968583503,0.830537404616832,-1.0266362885029725,3.1436708308767822,-0.4668707508227733,0.7151762910880104
70.0,50.0,178.43862915039062,-2.289268217291724,1.7449684556891576,-4.878897322248348,-3.1156352331744968,-3.033355869126169,0.2892754389345949,-1.0526397864855894,3.033947800850548,-0.4421732112686315,0.7512543865918617
70.0,50.0,211.6270751953125,-1.9784052560237035,1.225594898222842,-4.945285294766198,-2.932509610172263,-2.756335558103621,0.7959291382496296,-1.00401021611483,3.525004630766553,-0.5182481459936163,0.8088510333817738
70.0,50.0,177.22738647460938,-3.031822186983138,1.6791418473451694,-4.877668685193823,-2.9482591144006984,-2.9861866945536053,1.899104024812023,-1.0602107898557596,4.708812942799022,-0.4490629330935093,0.7040525690094692
70.0,50.0,184.3595428466797,-3.1325116087393234,1.8226156302993608,-4.8738388928880605,-2.937807774063807,-3.043168316171073,0.3689388114989547,-1.0610093144615331,4.800049984976603,-0.5367132958862261,0.7529545531962287
70.0,50.0,195.0246734619141,-2.0847483171172727,2.005187132336637,-4.898152363025041,-3.077613306094874,-3.063437212666226,0.2891453475733071,-1.0302090323814603,3.810827270660635,-0.5150059022750842,0.6192214890595654
70.0,50.0,162.23565673828125,-2.324700567238731,1.7921223689198065,-4.911065712228464,-2.935581913233077,-3.060475148673924,0.8636071727466256,-1.0445807487448573,4.332082506426705,-0.4524617658017721,0.7230568447658817
70.0,51.0,171.77423095703125,-2.066746597619989,1.8038480305426805,-4.90438914266046,-3.028768357876655,-3.032720714148688,0.8731080459564573,-1.0506807325242136,3.03169398791006,-0.4631976399552622,0.9525128570269564
70.0,51.0,168.0980224609375,-3.2278487130016216,1.753768992839587,-4.863266062731651,-3.0921527288226165,-3.0726437422766044,0.8434331347453555,-1.01509701060983,3.1428630678366947,-0.4530704410090107,0.7152916683461296
70.0,51.0,162.12002563476562,-2.064461842927496,1.7935466532309607,-4.901120978795082,-3.037351504864135,-2.9825109954659146,0.8614086155396931,-1.0144580723090246,3.120163282703889,-0.463391761074009,0.7101871668493809
70.0,51.0,195.2211761474609,-2.864067748512182,1.639527969597854,-4.86224001238643,-3.015338991699468,-3.005593938628276,1.8636780210418435,-0.9795361301075448,4.350618841738229,-0.5430293820279831,1.8810925325547152
70.0,51.0,164.67709350585938,-2.1390191791393223,1.7801576041348832,-4.896280032365398,-3.102008267924466,-3.0488815571469194,0.8689742675285781,-1.021774368547088,3.110105530923958,-0.4541020875138021,0.7872188980674497
70.0,51.0,166.53958129882812,-2.1552195180604112,1.7222382284684197,-4.919185319893152,-3.0548552541180944,-3.0334070031565,1.4583025449686566,-1.004616594898207,3.0817743179961887,-0.4490935141455386,0.7061060793629302
70.0,51.0,156.08035278320312,-2.1580996450789263,1.728328627406782,-4.879695436337815,-3.0850529772078543,-3.06587044186364,0.8359929899162684,-1.015638048938622,3.5437633377229565,-0.4462973345896071,0.7233871726910266
70.0,51.0,176.23858642578125,-2.263962455402492,1.87006646519353,-4.909107459516461,-3.008558322863242,-3.058633160762886,0.9689581059375808,-1.1041830472744274,3.540711130690116,-0.4524561415483819,0.72953076309095
70.0,51.0,174.614501953125,-2.227034146163842,1.832686956439855,-4.769771660094365,-3.0562012312643008,-3.157917249194937,0.9368057754768632,-1.0467761995966116,3.6071291214832697,-0.4886812744883836,0.7098252758321292
70.0,51.0,178.73272705078125,-2.33201553459389,1.7961430749526586,-4.870018945976936,-2.851381487082554,-2.511699842423838,0.840349258687068,-1.0535341523592692,4.0803151055160125,-0.7739301286887039,0.7576150045085395
70.0,51.0,172.8454132080078,-2.140759456848663,1.7270732818376076,-4.917444307938941,-2.718446194930848,-2.6309345188261464,0.8186788153349532,-1.0226438083731262,3.935217313576606,-0.4504659956736401,0.7049293556977643
70.0,51.0,189.3424530029297,-1.6654778376603645,1.8216954506499468,-4.88448924474563,-3.0112234600866628,-3.0729243492800946,1.51884918589441,-1.0323780136469032,4.769209589523967,-0.4525606313160583,1.2646532984835588
70.0,51.0,195.18731689453125,-3.2385980368204423,1.7285802312189276,-4.769632790165409,-2.8992951296389258,-2.989067015260295,1.235426606567029,-1.0938415675799396,4.735035877411996,-0.8179012791588454,0.9646891072118112
70.0,51.0,168.72683715820312,-2.1970839734618592,1.7533973920185368,-4.914786710370953,-3.091052289223549,-3.045816550162612,0.8662679769335261,-1.0277336545831717,2.82959429296369,-0.4412007672226373,0.6458505038463844
70.0,51.0,185.7307586669922,-1.163716510644251,1.7485075400870302,-4.90402542765216,-3.1354506946948386,-2.974354753058419,1.8430704883548663,-1.021506898955489,4.191479371458243,-0.4560823893101501,0.6980969632265781
70.0,51.0,210.84909057617188,-1.869154250088637,1.8210787113135751,-4.899193131222925,-3.185042296296173,-3.885765215712453,0.8725473786897544,-1.0735385992034034,4.340961587556614,-1.0111526337252448,1.7125418334358864
70.0,51.0,198.8343963623047,-2.883655599174885,1.8306849164388008,-4.861980567405487,-3.0650680198478124,-3.068381820899296,-0.4186674174042474,-1.034232349949338,3.070479792235902,-0.4180474528856421,0.7320755034372535
70.0,51.0,168.60992431640625,-2.155650141904053,1.8912883483208085,-4.906182106166611,-3.061080146530048,-3.08527028734274,1.2613552180151917,-0.9951942240898808,3.1454034926044536,-0.4547036996911608,0.7631017956951874
70.0,51.0,160.01856994628906,-2.220169854322381,1.7733973193895476,-4.877059725003649,-3.0383700245191645,-3.032693759079466,0.8641455062900459,-1.053383293827007,3.117527630893025,-0.4452152258004726,0.7565709844852148
70.0,51.0,172.45042419433594,-2.2856388135449874,1.7983065472075734,-4.9152118840128525,-2.944344402075404,-3.091502415524449,-0.2047567352745997,-1.0436516644445728,4.035607615730321,-0.4535442069256774,0.7019696934244728
70.0,51.0,186.8330078125,-1.7853518205863237,1.7579008871512047,-4.88124284597318,-3.1163490117040347,-1.958458825305892,0.9908394891083412,-1.0498054040342644,3.0799726605986453,-0.854878327751711,1.0093736433700458
70.0,51.0,195.885482788086,-3.055101307321643,1.7130907519872982,-4.923761354932361,-3.067700129161367,-3.676091893906986,-0.2104721990991027,-1.0287940558498576,3.8513918957441033,-0.4933109868924777,0.6480388338337907
70.0,51.0,202.11236572265625,-2.3232675121663315,1.995269073018336,-4.886403963184227,-4.253307286126856,-2.685616720888452,-0.855932775562634,-1.0228667816011985,3.571846683142864,-1.82067306700556,1.326899596566416
70.0,51.0,168.24952697753906,-2.175052721268095,1.7389409582964253,-4.87549492343834,-3.0922885232238646,-3.032697175961978,0.9262493879124404,-1.022835710843332,3.18240928365164,-0.4608810708720213,0.7259106547144846
70.0,51.0,159.77223205566406,-2.151875103456523,1.812435230999615,-4.915418906282372,-3.128561855300441,-3.056449331101196,0.8596170937190292,-1.0199193009881284,3.11073485279426,-0.4640869236401375,0.7029793761955828
70.0,51.0,157.30677795410156,-2.162990173870915,1.7435576844406988,-4.906684219487809,-3.093292834462877,-3.0553041264270413,0.8378295331787847,-1.0168554836504242,3.121367949811789,-0.4530281572558794,0.7038908090851647
70.0,51.0,176.9060516357422,-3.912155836313018,1.8099997521724844,-4.870024948723876,-3.109963071389307,-3.076224762319084,0.8033257325030952,-0.5252928698742436,4.859467288476143,-0.4957199434724865,0.6589810754259022
70.0,51.0,195.34732055664065,-2.231613827182421,1.8321990446526968,-4.866113352983426,-3.0261039639965874,-2.552165394212508,1.2377426059092342,-1.0252071675690444,3.02090225580337,-0.6421029057584087,0.6719929696279708
70.0,51.0,216.4642944335937,-1.996791301844796,1.3305810628483192,-4.922518890170537,-3.062915574936162,-1.985274001301509,-0.0962334599132481,-1.0470549318994684,3.877523981409211,-0.4636146730589803,-0.2370419973918869
70.0,51.0,175.5135955810547,-3.9090488953949887,1.7859067540409015,-4.947877033145323,-2.438215959708819,-3.083639817184455,0.8145819375545251,-0.9752124298710154,3.60916111720354,-0.4453514141807003,1.3071532897292408
70.0,51.0,177.20172119140625,-2.163004423443636,1.737971465625274,-4.925498848591239,-3.1293729271101847,-3.1506172979169205,0.951207575174531,-1.0550994328194334,3.167719358709381,-0.465551946425227,0.748897062630347
70.0,51.0,214.34674072265625,-3.017210451292712,1.7904148831049125,-4.90235660380732,-3.722265151658564,-2.77999931959604,-0.2908202591001321,-0.4908023245539286,2.8628624531349445,-0.445068132097154,0.4935068850469932
70.0,51.0,190.6667022705078,-1.4007765101328298,0.870507414168666,-4.918864882707936,-2.9815773782986734,-2.5812899529216025,0.835095388192938,-1.007344211333295,3.1246315644890217,-0.8174980595483228,0.8188208750053599
70.0,51.0,216.64889526367188,-3.119200354622974,1.0381176817895923,-4.69307522512295,-1.6392443033678898,-2.8010636188402933,0.2843458672433435,-0.9554619730909504,4.386770655722996,-0.4773885801804987,2.273100919956005
70.0,51.0,170.82948303222656,-2.1234881463681186,1.6925180437437215,-4.904441157780718,-3.0502726638527684,-2.989657791091047,0.829615718233231,-1.0730172556416226,3.043603171987945,-0.4484131994778019,0.7059398707042576
70.0,51.0,207.19271850585932,-1.976946902906954,1.710167512975166,-4.892161600772756,-3.060679353663305,-3.501036727199675,0.8132441198488893,-0.8994317642682259,4.729445781175595,-0.3458806556406375,1.0141591944475497
70.0,51.0,163.1170654296875,-2.262182604635345,1.7546218709582857,-4.889659471506729,-3.046517337157185,-3.062461727487332,0.8576627620996714,-1.037116245477434,3.1300660961303275,-0.4852830259866298,0.6692162493095577
70.0,51.0,163.98428344726562,-2.191017845125641,1.7567810428543835,-4.879567783254935,-3.1053353655616136,-3.1070153650877,0.800309594544896,-1.0467689757701173,3.178263293651874,-0.4513293239426467,0.7255529895016196
70.0,51.0,157.63848876953125,-2.164520901251332,1.7709650759387388,-4.893700152064328,-3.107942071577859,-3.0666969326078406,0.8431375970999005,-1.0191841902062042,3.111302989330833,-0.452673584898853,0.7255377912086537
70.0,51.0,198.92955017089844,-2.901213816136182,1.7803773808637768,-4.88402034992815,-2.9747744476823894,-2.46088963756745,1.2240671113630992,-1.0425592956820455,2.77965496681528,-0.9956604282242514,0.7429223395449174
70.0,51.0,177.23458862304688,-1.9669350469264664,1.5868375725406714,-4.855898710012608,-3.69367359204518,-3.0292764370069283,0.8814146611851571,-1.0334993413985878,3.063132188714753,-0.4538587208916941,0.6966723395780765
70.0,51.0,160.38934326171875,-2.1239526524329047,1.7532778008160277,-4.793683137872873,-2.992665936417859,-3.0883299703921034,0.7444479414625762,-1.0498487622640318,3.959048847339001,-0.7967959506285662,0.7170082799296202
70.0,51.0,167.33126831054688,-2.195243219696053,1.732912456716364,-4.952303408796997,-3.0404810004496574,-2.486837149312666,0.9725129987175968,-1.040432910076463,4.327298931424326,-0.5054700396972046,0.7183652077019171
70.0,51.0,157.88693237304688,-2.0895187864432376,1.7450054793207703,-4.908734581383793,-3.091507813529983,-3.0654151968583503,0.830537404616832,-1.0266362885029725,3.1436708308767822,-0.4668707508227733,0.7151762910880104
70.0,51.0,178.43862915039062,-2.289268217291724,1.7449684556891576,-4.878897322248348,-3.1156352331744968,-3.033355869126169,0.2892754389345949,-1.0526397864855894,3.033947800850548,-0.4421732112686315,0.7512543865918617
70.0,51.0,211.6270751953125,-1.9784052560237035,1.225594898222842,-4.945285294766198,-2.932509610172263,-2.756335558103621,0.7959291382496296,-1.00401021611483,3.525004630766553,-0.5182481459936163,0.8088510333817738
70.0,51.0,177.22738647460938,-3.031822186983138,1.6791418473451694,-4.877668685193823,-2.9482591144006984,-2.9861866945536053,1.899104024812023,-1.0602107898557596,4.708812942799022,-0.4490629330935093,0.7040525690094692
70.0,51.0,184.3595428466797,-3.1325116087393234,1.8226156302993608,-4.8738388928880605,-2.937807774063807,-3.043168316171073,0.3689388114989547,-1.0610093144615331,4.800049984976603,-0.5367132958862261,0.7529545531962287
70.0,51.0,195.0246734619141,-2.0847483171172727,2.005187132336637,-4.898152363025041,-3.077613306094874,-3.063437212666226,0.2891453475733071,-1.0302090323814603,3.810827270660635,-0.5150059022750842,0.6192214890595654
70.0,51.0,162.23565673828125,-2.324700567238731,1.7921223689198065,-4.911065712228464,-2.935581913233077,-3.060475148673924,0.8636071727466256,-1.0445807487448573,4.332082506426705,-0.4524617658017721,0.7230568447658817
70.0,52.0,171.77423095703125,-2.066746597619989,1.8038480305426805,-4.90438914266046,-3.028768357876655,-3.032720714148688,0.8731080459564573,-1.0506807325242136,3.03169398791006,-0.4631976399552622,0.9525128570269564
70.0,52.0,168.0980224609375,-3.2278487130016216,1.753768992839587,-4.863266062731651,-3.0921527288226165,-3.0726437422766044,0.8434331347453555,-1.01509701060983,3.1428630678366947,-0.4530704410090107,0.7152916683461296
70.0,52.0,162.12002563476562,-2.064461842927496,1.7935466532309607,-4.901120978795082,-3.037351504864135,-2.9825109954659146,0.8614086155396931,-1.0144580723090246,3.120163282703889,-0.463391761074009,0.7101871668493809
70.0,52.0,195.2211761474609,-2.864067748512182,1.639527969597854,-4.86224001238643,-3.015338991699468,-3.005593938628276,1.8636780210418435,-0.9795361301075448,4.350618841738229,-0.5430293820279831,1.8810925325547152
70.0,52.0,164.67709350585938,-2.1390191791393223,1.7801576041348832,-4.896280032365398,-3.102008267924466,-3.0488815571469194,0.8689742675285781,-1.021774368547088,3.110105530923958,-0.4541020875138021,0.7872188980674497
70.0,52.0,166.53958129882812,-2.1552195180604112,1.7222382284684197,-4.919185319893152,-3.0548552541180944,-3.0334070031565,1.4583025449686566,-1.004616594898207,3.0817743179961887,-0.4490935141455386,0.7061060793629302
70.0,52.0,156.08035278320312,-2.1580996450789263,1.728328627406782,-4.879695436337815,-3.0850529772078543,-3.06587044186364,0.8359929899162684,-1.015638048938622,3.5437633377229565,-0.4462973345896071,0.7233871726910266
70.0,52.0,176.23858642578125,-2.263962455402492,1.87006646519353,-4.909107459516461,-3.008558322863242,-3.058633160762886,0.9689581059375808,-1.1041830472744274,3.540711130690116,-0.4524561415483819,0.72953076309095
70.0,52.0,174.614501953125,-2.227034146163842,1.832686956439855,-4.769771660094365,-3.0562012312643008,-3.157917249194937,0.9368057754768632,-1.0467761995966116,3.6071291214832697,-0.4886812744883836,0.7098252758321292
70.0,52.0,178.73272705078125,-2.33201553459389,1.7961430749526586,-4.870018945976936,-2.851381487082554,-2.511699842423838,0.840349258687068,-1.0535341523592692,4.0803151055160125,-0.7739301286887039,0.7576150045085395
70.0,52.0,172.8454132080078,-2.140759456848663,1.7270732818376076,-4.917444307938941,-2.718446194930848,-2.6309345188261464,0.8186788153349532,-1.0226438083731262,3.935217313576606,-0.4504659956736401,0.7049293556977643
70.0,52.0,189.3424530029297,-1.6654778376603645,1.8216954506499468,-4.88448924474563,-3.0112234600866628,-3.0729243492800946,1.51884918589441,-1.0323780136469032,4.769209589523967,-0.4525606313160583,1.2646532984835588
70.0,52.0,195.18731689453125,-3.2385980368204423,1.7285802312189276,-4.769632790165409,-2.8992951296389258,-2.989067015260295,1.235426606567029,-1.0938415675799396,4.735035877411996,-0.8179012791588454,0.9646891072118112
70.0,52.0,168.72683715820312,-2.1970839734618592,1.7533973920185368,-4.914786710370953,-3.091052289223549,-3.045816550162612,0.8662679769335261,-1.0277336545831717,2.82959429296369,-0.4412007672226373,0.6458505038463844
70.0,52.0,185.7307586669922,-1.163716510644251,1.7485075400870302,-4.90402542765216,-3.1354506946948386,-2.974354753058419,1.8430704883548663,-1.021506898955489,4.191479371458243,-0.4560823893101501,0.6980969632265781
70.0,52.0,210.84909057617188,-1.869154250088637,1.8210787113135751,-4.899193131222925,-3.185042296296173,-3.885765215712453,0.8725473786897544,-1.0735385992034034,4.340961587556614,-1.0111526337252448,1.7125418334358864
70.0,52.0,198.8343963623047,-2.883655599174885,1.8306849164388008,-4.861980567405487,-3.0650680198478124,-3.068381820899296,-0.4186674174042474,-1.034232349949338,3.070479792235902,-0.4180474528856421,0.7320755034372535
70.0,52.0,168.60992431640625,-2.155650141904053,1.8912883483208085,-4.906182106166611,-3.061080146530048,-3.08527028734274,1.2613552180151917,-0.9951942240898808,3.1454034926044536,-0.4547036996911608,0.7631017956951874
70.0,52.0,160.01856994628906,-2.220169854322381,1.7733973193895476,-4.877059725003649,-3.0383700245191645,-3.032693759079466,0.8641455062900459,-1.053383293827007,3.117527630893025,-0.4452152258004726,0.7565709844852148
70.0,52.0,172.45042419433594,-2.2856388135449874,1.7983065472075734,-4.9152118840128525,-2.944344402075404,-3.091502415524449,-0.2047567352745997,-1.0436516644445728,4.035607615730321,-0.4535442069256774,0.7019696934244728
70.0,52.0,186.8330078125,-1.7853518205863237,1.7579008871512047,-4.88124284597318,-3.1163490117040347,-1.958458825305892,0.9908394891083412,-1.0498054040342644,3.0799726605986453,-0.854878327751711,1.0093736433700458
70.0,52.0,195.885482788086,-3.055101307321643,1.7130907519872982,-4.923761354932361,-3.067700129161367,-3.676091893906986,-0.2104721990991027,-1.0287940558498576,3.8513918957441033,-0.4933109868924777,0.6480388338337907
70.0,52.0,202.11236572265625,-2.3232675121663315,1.995269073018336,-4.886403963184227,-4.253307286126856,-2.685616720888452,-0.855932775562634,-1.0228667816011985,3.571846683142864,-1.82067306700556,1.326899596566416
70.0,52.0,168.24952697753906,-2.175052721268095,1.7389409582964253,-4.87549492343834,-3.0922885232238646,-3.032697175961978,0.9262493879124404,-1.022835710843332,3.18240928365164,-0.4608810708720213,0.7259106547144846
70.0,52.0,153.86907958984375,-2.1609154595239097,1.8364904623709573,-4.897959591361964,-3.091478181014282,-3.0650406882038608,0.8276417623987835,-1.018377220976623,3.959611976100351,-0.4509861776011417,0.7198014352225557
70.0,52.0,157.30677795410156,-2.162990173870915,1.7435576844406988,-4.906684219487809,-3.093292834462877,-3.0553041264270413,0.8378295331787847,-1.0168554836504242,3.121367949811789,-0.4530281572558794,0.7038908090851647
70.0,52.0,176.9060516357422,-3.912155836313018,1.8099997521724844,-4.870024948723876,-3.109963071389307,-3.076224762319084,0.8033257325030952,-0.5252928698742436,4.859467288476143,-0.4957199434724865,0.6589810754259022
70.0,52.0,195.34732055664065,-2.231613827182421,1.8321990446526968,-4.866113352983426,-3.0261039639965874,-2.552165394212508,1.2377426059092342,-1.0252071675690444,3.02090225580337,-0.6421029057584087,0.6719929696279708
70.0,52.0,216.4642944335937,-1.996791301844796,1.3305810628483192,-4.922518890170537,-3.062915574936162,-1.985274001301509,-0.0962334599132481,-1.0470549318994684,3.877523981409211,-0.4636146730589803,-0.2370419973918869
70.0,52.0,175.5135955810547,-3.9090488953949887,1.7859067540409015,-4.947877033145323,-2.438215959708819,-3.083639817184455,0.8145819375545251,-0.9752124298710154,3.60916111720354,-0.4453514141807003,1.3071532897292408
70.0,52.0,177.20172119140625,-2.163004423443636,1.737971465625274,-4.925498848591239,-3.1293729271101847,-3.1506172979169205,0.951207575174531,-1.0550994328194334,3.167719358709381,-0.465551946425227,0.748897062630347
70.0,52.0,214.34674072265625,-3.017210451292712,1.7904148831049125,-4.90235660380732,-3.722265151658564,-2.77999931959604,-0.2908202591001321,-0.4908023245539286,2.8628624531349445,-0.445068132097154,0.4935068850469932
70.0,52.0,190.6667022705078,-1.4007765101328298,0.870507414168666,-4.918864882707936,-2.9815773782986734,-2.5812899529216025,0.835095388192938,-1.007344211333295,3.1246315644890217,-0.8174980595483228,0.8188208750053599
70.0,52.0,216.64889526367188,-3.119200354622974,1.0381176817895923,-4.69307522512295,-1.6392443033678898,-2.8010636188402933,0.2843458672433435,-0.9554619730909504,4.386770655722996,-0.4773885801804987,2.273100919956005
70.0,52.0,162.67379760742188,-2.133393015731235,1.7518230120641032,-4.881618563157073,-3.0522549697308907,-3.007164998686674,0.8278136975572576,-1.0219366873927933,3.1840567772905275,-0.4453355117746555,0.6955155117903432
70.0,52.0,199.60757446289065,-2.3663967335573544,1.719492905361672,-4.805629850593549,-3.7281185588008494,-2.851514400317545,0.851444900721171,-0.9829506631714404,4.064336596246668,-0.4493329259903326,1.0647630938815422
70.0,52.0,163.1170654296875,-2.262182604635345,1.7546218709582857,-4.889659471506729,-3.046517337157185,-3.062461727487332,0.8576627620996714,-1.037116245477434,3.1300660961303275,-0.4852830259866298,0.6692162493095577
70.0,52.0,163.98428344726562,-2.191017845125641,1.7567810428543835,-4.879567783254935,-3.1053353655616136,-3.1070153650877,0.800309594544896,-1.0467689757701173,3.178263293651874,-0.4513293239426467,0.7255529895016196
70.0,52.0,157.63848876953125,-2.164520901251332,1.7709650759387388,-4.893700152064328,-3.107942071577859,-3.0666969326078406,0.8431375970999005,-1.0191841902062042,3.111302989330833,-0.452673584898853,0.7255377912086537
70.0,52.0,198.92955017089844,-2.901213816136182,1.7803773808637768,-4.88402034992815,-2.9747744476823894,-2.46088963756745,1.2240671113630992,-1.0425592956820455,2.77965496681528,-0.9956604282242514,0.7429223395449174
70.0,52.0,159.69412231445312,-2.21963507341297,1.850328278453232,-4.863205470948095,-3.7754689176902456,-3.045361023325458,0.837599674561319,-1.0212324909712558,3.56024233985072,-0.4482199517405474,0.7422656486335322
70.0,52.0,160.38934326171875,-2.1239526524329047,1.7532778008160277,-4.793683137872873,-2.992665936417859,-3.0883299703921034,0.7444479414625762,-1.0498487622640318,3.959048847339001,-0.7967959506285662,0.7170082799296202
70.0,52.0,167.33126831054688,-2.195243219696053,1.732912456716364,-4.952303408796997,-3.0404810004496574,-2.486837149312666,0.9725129987175968,-1.040432910076463,4.327298931424326,-0.5054700396972046,0.7183652077019171
70.0,52.0,157.88693237304688,-2.0895187864432376,1.7450054793207703,-4.908734581383793,-3.091507813529983,-3.0654151968583503,0.830537404616832,-1.0266362885029725,3.1436708308767822,-0.4668707508227733,0.7151762910880104
70.0,52.0,178.43862915039062,-2.289268217291724,1.7449684556891576,-4.878897322248348,-3.1156352331744968,-3.033355869126169,0.2892754389345949,-1.0526397864855894,3.033947800850548,-0.4421732112686315,0.7512543865918617
70.0,52.0,211.6270751953125,-1.9784052560237035,1.225594898222842,-4.945285294766198,-2.932509610172263,-2.756335558103621,0.7959291382496296,-1.00401021611483,3.525004630766553,-0.5182481459936163,0.8088510333817738
70.0,52.0,177.22738647460938,-3.031822186983138,1.6791418473451694,-4.877668685193823,-2.9482591144006984,-2.9861866945536053,1.899104024812023,-1.0602107898557596,4.708812942799022,-0.4490629330935093,0.7040525690094692
70.0,52.0,184.3595428466797,-3.1325116087393234,1.8226156302993608,-4.8738388928880605,-2.937807774063807,-3.043168316171073,0.3689388114989547,-1.0610093144615331,4.800049984976603,-0.5367132958862261,0.7529545531962287
70.0,52.0,195.0246734619141,-2.0847483171172727,2.005187132336637,-4.898152363025041,-3.077613306094874,-3.063437212666226,0.2891453475733071,-1.0302090323814603,3.810827270660635,-0.5150059022750842,0.6192214890595654
70.0,52.0,162.23565673828125,-2.324700567238731,1.7921223689198065,-4.911065712228464,-2.935581913233077,-3.060475148673924,0.8636071727466256,-1.0445807487448573,4.332082506426705,-0.4524617658017721,0.7230568447658817
70.0,53.0,171.77423095703125,-2.066746597619989,1.8038480305426805,-4.90438914266046,-3.028768357876655,-3.032720714148688,0.8731080459564573,-1.0506807325242136,3.03169398791006,-0.4631976399552622,0.9525128570269564
70.0,53.0,168.0980224609375,-3.2278487130016216,1.753768992839587,-4.863266062731651,-3.0921527288226165,-3.0726437422766044,0.8434331347453555,-1.01509701060983,3.1428630678366947,-0.4530704410090107,0.7152916683461296
70.0,53.0,162.12002563476562,-2.064461842927496,1.7935466532309607,-4.901120978795082,-3.037351504864135,-2.9825109954659146,0.8614086155396931,-1.0144580723090246,3.120163282703889,-0.463391761074009,0.7101871668493809
70.0,53.0,195.2211761474609,-2.864067748512182,1.639527969597854,-4.86224001238643,-3.015338991699468,-3.005593938628276,1.8636780210418435,-0.9795361301075448,4.350618841738229,-0.5430293820279831,1.8810925325547152
70.0,53.0,164.67709350585938,-2.1390191791393223,1.7801576041348832,-4.896280032365398,-3.102008267924466,-3.0488815571469194,0.8689742675285781,-1.021774368547088,3.110105530923958,-0.4541020875138021,0.7872188980674497
70.0,53.0,166.53958129882812,-2.1552195180604112,1.7222382284684197,-4.919185319893152,-3.0548552541180944,-3.0334070031565,1.4583025449686566,-1.004616594898207,3.0817743179961887,-0.4490935141455386,0.7061060793629302
70.0,53.0,156.08035278320312,-2.1580996450789263,1.728328627406782,-4.879695436337815,-3.0850529772078543,-3.06587044186364,0.8359929899162684,-1.015638048938622,3.5437633377229565,-0.4462973345896071,0.7233871726910266
70.0,53.0,176.23858642578125,-2.263962455402492,1.87006646519353,-4.909107459516461,-3.008558322863242,-3.058633160762886,0.9689581059375808,-1.1041830472744274,3.540711130690116,-0.4524561415483819,0.72953076309095
70.0,53.0,174.614501953125,-2.227034146163842,1.832686956439855,-4.769771660094365,-3.0562012312643008,-3.157917249194937,0.9368057754768632,-1.0467761995966116,3.6071291214832697,-0.4886812744883836,0.7098252758321292
70.0,53.0,178.73272705078125,-2.33201553459389,1.7961430749526586,-4.870018945976936,-2.851381487082554,-2.511699842423838,0.840349258687068,-1.0535341523592692,4.0803151055160125,-0.7739301286887039,0.7576150045085395
70.0,53.0,172.8454132080078,-2.140759456848663,1.7270732818376076,-4.917444307938941,-2.718446194930848,-2.6309345188261464,0.8186788153349532,-1.0226438083731262,3.935217313576606,-0.4504659956736401,0.7049293556977643
70.0,53.0,189.3424530029297,-1.6654778376603645,1.8216954506499468,-4.88448924474563,-3.0112234600866628,-3.0729243492800946,1.51884918589441,-1.0323780136469032,4.769209589523967,-0.4525606313160583,1.2646532984835588
70.0,53.0,195.18731689453125,-3.2385980368204423,1.7285802312189276,-4.769632790165409,-2.8992951296389258,-2.989067015260295,1.235426606567029,-1.0938415675799396,4.735035877411996,-0.8179012791588454,0.9646891072118112
70.0,53.0,165.9951934814453,-2.166998942720397,1.8469304993881488,-4.9493587799888745,-3.11866638708674,-3.061989415822915,0.8633499138771783,-1.0193201990190728,3.566758975527367,-0.458228851557899,0.794307948737583
70.0,53.0,185.7307586669922,-1.163716510644251,1.7485075400870302,-4.90402542765216,-3.1354506946948386,-2.974354753058419,1.8430704883548663,-1.021506898955489,4.191479371458243,-0.4560823893101501,0.6980969632265781
70.0,53.0,207.25735473632807,-2.600453616929685,1.8887907941314,-4.907487783866509,-3.0644132571623945,-3.0747048783273536,0.8555640713346699,-0.9991200897825574,4.763844138647729,-0.665675486786584,1.2392133432574592
70.0,53.0,198.8343963623047,-2.883655599174885,1.8306849164388008,-4.861980567405487,-3.0650680198478124,-3.068381820899296,-0.4186674174042474,-1.034232349949338,3.070479792235902,-0.4180474528856421,0.7320755034372535
70.0,53.0,168.60992431640625,-2.155650141904053,1.8912883483208085,-4.906182106166611,-3.061080146530048,-3.08527028734274,1.2613552180151917,-0.9951942240898808,3.1454034926044536,-0.4547036996911608,0.7631017956951874
70.0,53.0,160.01856994628906,-2.220169854322381,1.7733973193895476,-4.877059725003649,-3.0383700245191645,-3.032693759079466,0.8641455062900459,-1.053383293827007,3.117527630893025,-0.4452152258004726,0.7565709844852148
70.0,53.0,172.45042419433594,-2.2856388135449874,1.7983065472075734,-4.9152118840128525,-2.944344402075404,-3.091502415524449,-0.2047567352745997,-1.0436516644445728,4.035607615730321,-0.4535442069256774,0.7019696934244728
70.0,53.0,186.8330078125,-1.7853518205863237,1.7579008871512047,-4.88124284597318,-3.1163490117040347,-1.958458825305892,0.9908394891083412,-1.0498054040342644,3.0799726605986453,-0.854878327751711,1.0093736433700458
70.0,53.0,195.885482788086,-3.055101307321643,1.7130907519872982,-4.923761354932361,-3.067700129161367,-3.676091893906986,-0.2104721990991027,-1.0287940558498576,3.8513918957441033,-0.4933109868924777,0.6480388338337907
70.0,53.0,202.11236572265625,-2.3232675121663315,1.995269073018336,-4.886403963184227,-4.253307286126856,-2.685616720888452,-0.855932775562634,-1.0228667816011985,3.571846683142864,-1.82067306700556,1.326899596566416
70.0,53.0,168.24952697753906,-2.175052721268095,1.7389409582964253,-4.87549492343834,-3.0922885232238646,-3.032697175961978,0.9262493879124404,-1.022835710843332,3.18240928365164,-0.4608810708720213,0.7259106547144846
70.0,53.0,153.86907958984375,-2.1609154595239097,1.8364904623709573,-4.897959591361964,-3.091478181014282,-3.0650406882038608,0.8276417623987835,-1.018377220976623,3.959611976100351,-0.4509861776011417,0.7198014352225557
70.0,53.0,157.30677795410156,-2.162990173870915,1.7435576844406988,-4.906684219487809,-3.093292834462877,-3.0553041264270413,0.8378295331787847,-1.0168554836504242,3.121367949811789,-0.4530281572558794,0.7038908090851647
70.0,53.0,176.9060516357422,-3.912155836313018,1.8099997521724844,-4.870024948723876,-3.109963071389307,-3.076224762319084,0.8033257325030952,-0.5252928698742436,4.859467288476143,-0.4957199434724865,0.6589810754259022
70.0,53.0,195.34732055664065,-2.231613827182421,1.8321990446526968,-4.866113352983426,-3.0261039639965874,-2.552165394212508,1.2377426059092342,-1.0252071675690444,3.02090225580337,-0.6421029057584087,0.6719929696279708
70.0,53.0,216.4642944335937,-1.996791301844796,1.3305810628483192,-4.922518890170537,-3.062915574936162,-1.985274001301509,-0.0962334599132481,-1.0470549318994684,3.877523981409211,-0.4636146730589803,-0.2370419973918869
70.0,53.0,175.5135955810547,-3.9090488953949887,1.7859067540409015,-4.947877033145323,-2.438215959708819,-3.083639817184455,0.8145819375545251,-0.9752124298710154,3.60916111720354,-0.4453514141807003,1.3071532897292408
70.0,53.0,177.20172119140625,-2.163004423443636,1.737971465625274,-4.925498848591239,-3.1293729271101847,-3.1506172979169205,0.951207575174531,-1.0550994328194334,3.167719358709381,-0.465551946425227,0.748897062630347
70.0,53.0,214.34674072265625,-3.017210451292712,1.7904148831049125,-4.90235660380732,-3.722265151658564,-2.77999931959604,-0.2908202591001321,-0.4908023245539286,2.8628624531349445,-0.445068132097154,0.4935068850469932
70.0,53.0,190.6667022705078,-1.4007765101328298,0.870507414168666,-4.918864882707936,-2.9815773782986734,-2.5812899529216025,0.835095388192938,-1.007344211333295,3.1246315644890217,-0.8174980595483228,0.8188208750053599
70.0,53.0,216.64889526367188,-3.119200354622974,1.0381176817895923,-4.69307522512295,-1.6392443033678898,-2.8010636188402933,0.2843458672433435,-0.9554619730909504,4.386770655722996,-0.4773885801804987,2.273100919956005
70.0,53.0,157.52903747558594,-2.192053348622568,1.87441233538722,-4.899599526173896,-3.070713187009112,-3.0397934425354225,0.8270894147384842,-1.0007685651146356,3.9753572603320144,-0.4551252744279134,0.7016983119508206
70.0,53.0,199.60757446289065,-2.3663967335573544,1.719492905361672,-4.805629850593549,-3.7281185588008494,-2.851514400317545,0.851444900721171,-0.9829506631714404,4.064336596246668,-0.4493329259903326,1.0647630938815422
70.0,53.0,163.1170654296875,-2.262182604635345,1.7546218709582857,-4.889659471506729,-3.046517337157185,-3.062461727487332,0.8576627620996714,-1.037116245477434,3.1300660961303275,-0.4852830259866298,0.6692162493095577
70.0,53.0,163.98428344726562,-2.191017845125641,1.7567810428543835,-4.879567783254935,-3.1053353655616136,-3.1070153650877,0.800309594544896,-1.0467689757701173,3.178263293651874,-0.4513293239426467,0.7255529895016196
70.0,53.0,157.63848876953125,-2.164520901251332,1.7709650759387388,-4.893700152064328,-3.107942071577859,-3.0666969326078406,0.8431375970999005,-1.0191841902062042,3.111302989330833,-0.452673584898853,0.7255377912086537
70.0,53.0,198.92955017089844,-2.901213816136182,1.7803773808637768,-4.88402034992815,-2.9747744476823894,-2.46088963756745,1.2240671113630992,-1.0425592956820455,2.77965496681528,-0.9956604282242514,0.7429223395449174
70.0,53.0,159.69412231445312,-2.21963507341297,1.850328278453232,-4.863205470948095,-3.7754689176902456,-3.045361023325458,0.837599674561319,-1.0212324909712558,3.56024233985072,-0.4482199517405474,0.7422656486335322
70.0,53.0,160.38934326171875,-2.1239526524329047,1.7532778008160277,-4.793683137872873,-2.992665936417859,-3.0883299703921034,0.7444479414625762,-1.0498487622640318,3.959048847339001,-0.7967959506285662,0.7170082799296202
70.0,53.0,167.33126831054688,-2.195243219696053,1.732912456716364,-4.952303408796997,-3.0404810004496574,-2.486837149312666,0.9725129987175968,-1.040432910076463,4.327298931424326,-0.5054700396972046,0.7183652077019171
70.0,53.0,157.88693237304688,-2.0895187864432376,1.7450054793207703,-4.908734581383793,-3.091507813529983,-3.0654151968583503,0.830537404616832,-1.0266362885029725,3.1436708308767822,-0.4668707508227733,0.7151762910880104
70.0,53.0,178.43862915039062,-2.289268217291724,1.7449684556891576,-4.878897322248348,-3.1156352331744968,-3.033355869126169,0.2892754389345949,-1.0526397864855894,3.033947800850548,-0.4421732112686315,0.7512543865918617
70.0,53.0,211.6270751953125,-1.9784052560237035,1.225594898222842,-4.945285294766198,-2.932509610172263,-2.756335558103621,0.7959291382496296,-1.00401021611483,3.525004630766553,-0.5182481459936163,0.8088510333817738
70.0,53.0,177.22738647460938,-3.031822186983138,1.6791418473451694,-4.877668685193823,-2.9482591144006984,-2.9861866945536053,1.899104024812023,-1.0602107898557596,4.708812942799022,-0.4490629330935093,0.7040525690094692
70.0,53.0,184.3595428466797,-3.1325116087393234,1.8226156302993608,-4.8738388928880605,-2.937807774063807,-3.043168316171073,0.3689388114989547,-1.0610093144615331,4.800049984976603,-0.5367132958862261,0.7529545531962287
70.0,53.0,195.0246734619141,-2.0847483171172727,2.005187132336637,-4.898152363025041,-3.077613306094874,-3.063437212666226,0.2891453475733071,-1.0302090323814603,3.810827270660635,-0.5150059022750842,0.6192214890595654
70.0,53.0,162.23565673828125,-2.324700567238731,1.7921223689198065,-4.911065712228464,-2.935581913233077,-3.060475148673924,0.8636071727466256,-1.0445807487448573,4.332082506426705,-0.4524617658017721,0.7230568447658817
70.0,54.0,171.77423095703125,-2.066746597619989,1.8038480305426805,-4.90438914266046,-3.028768357876655,-3.032720714148688,0.8731080459564573,-1.0506807325242136,3.03169398791006,-0.4631976399552622,0.9525128570269564
70.0,54.0,168.0980224609375,-3.2278487130016216,1.753768992839587,-4.863266062731651,-3.0921527288226165,-3.0726437422766044,0.8434331347453555,-1.01509701060983,3.1428630678366947,-0.4530704410090107,0.7152916683461296
70.0,54.0,162.12002563476562,-2.064461842927496,1.7935466532309607,-4.901120978795082,-3.037351504864135,-2.9825109954659146,0.8614086155396931,-1.0144580723090246,3.120163282703889,-0.463391761074009,0.7101871668493809
70.0,54.0,195.2211761474609,-2.864067748512182,1.639527969597854,-4.86224001238643,-3.015338991699468,-3.005593938628276,1.8636780210418435,-0.9795361301075448,4.350618841738229,-0.5430293820279831,1.8810925325547152
70.0,54.0,164.67709350585938,-2.1390191791393223,1.7801576041348832,-4.896280032365398,-3.102008267924466,-3.0488815571469194,0.8689742675285781,-1.021774368547088,3.110105530923958,-0.4541020875138021,0.7872188980674497
70.0,54.0,166.53958129882812,-2.1552195180604112,1.7222382284684197,-4.919185319893152,-3.0548552541180944,-3.0334070031565,1.4583025449686566,-1.004616594898207,3.0817743179961887,-0.4490935141455386,0.7061060793629302
70.0,54.0,156.08035278320312,-2.1580996450789263,1.728328627406782,-4.879695436337815,-3.0850529772078543,-3.06587044186364,0.8359929899162684,-1.015638048938622,3.5437633377229565,-0.4462973345896071,0.7233871726910266
70.0,54.0,176.23858642578125,-2.263962455402492,1.87006646519353,-4.909107459516461,-3.008558322863242,-3.058633160762886,0.9689581059375808,-1.1041830472744274,3.540711130690116,-0.4524561415483819,0.72953076309095
70.0,54.0,174.614501953125,-2.227034146163842,1.832686956439855,-4.769771660094365,-3.0562012312643008,-3.157917249194937,0.9368057754768632,-1.0467761995966116,3.6071291214832697,-0.4886812744883836,0.7098252758321292
70.0,54.0,170.88389587402344,-2.043804108402361,1.84415824231298,-4.924547018010483,-2.8249591285531843,-2.579265481044948,0.8404850472385799,-1.0516206981370118,3.896221709501608,-0.4375025296340574,0.7323092119261819
70.0,54.0,172.8454132080078,-2.140759456848663,1.7270732818376076,-4.917444307938941,-2.718446194930848,-2.6309345188261464,0.8186788153349532,-1.0226438083731262,3.935217313576606,-0.4504659956736401,0.7049293556977643
70.0,54.0,189.3424530029297,-1.6654778376603645,1.8216954506499468,-4.88448924474563,-3.0112234600866628,-3.0729243492800946,1.51884918589441,-1.0323780136469032,4.769209589523967,-0.4525606313160583,1.2646532984835588
70.0,54.0,195.18731689453125,-3.2385980368204423,1.7285802312189276,-4.769632790165409,-2.8992951296389258,-2.989067015260295,1.235426606567029,-1.0938415675799396,4.735035877411996,-0.8179012791588454,0.9646891072118112
70.0,54.0,165.9951934814453,-2.166998942720397,1.8469304993881488,-4.9493587799888745,-3.11866638708674,-3.061989415822915,0.8633499138771783,-1.0193201990190728,3.566758975527367,-0.458228851557899,0.794307948737583
70.0,54.0,185.7307586669922,-1.163716510644251,1.7485075400870302,-4.90402542765216,-3.1354506946948386,-2.974354753058419,1.8430704883548663,-1.021506898955489,4.191479371458243,-0.4560823893101501,0.6980969632265781
70.0,54.0,207.25735473632807,-2.600453616929685,1.8887907941314,-4.907487783866509,-3.0644132571623945,-3.0747048783273536,0.8555640713346699,-0.9991200897825574,4.763844138647729,-0.665675486786584,1.2392133432574592
70.0,54.0,198.8343963623047,-2.883655599174885,1.8306849164388008,-4.861980567405487,-3.0650680198478124,-3.068381820899296,-0.4186674174042474,-1.034232349949338,3.070479792235902,-0.4180474528856421,0.7320755034372535
70.0,54.0,168.60992431640625,-2.155650141904053,1.8912883483208085,-4.906182106166611,-3.061080146530048,-3.08527028734274,1.2613552180151917,-0.9951942240898808,3.1454034926044536,-0.4547036996911608,0.7631017956951874
70.0,54.0,160.01856994628906,-2.220169854322381,1.7733973193895476,-4.877059725003649,-3.0383700245191645,-3.032693759079466,0.8641455062900459,-1.053383293827007,3.117527630893025,-0.4452152258004726,0.7565709844852148
70.0,54.0,172.45042419433594,-2.2856388135449874,1.7983065472075734,-4.9152118840128525,-2.944344402075404,-3.091502415524449,-0.2047567352745997,-1.0436516644445728,4.035607615730321,-0.4535442069256774,0.7019696934244728
70.0,54.0,186.8330078125,-1.7853518205863237,1.7579008871512047,-4.88124284597318,-3.1163490117040347,-1.958458825305892,0.9908394891083412,-1.0498054040342644,3.0799726605986453,-0.854878327751711,1.0093736433700458
70.0,54.0,195.885482788086,-3.055101307321643,1.7130907519872982,-4.923761354932361,-3.067700129161367,-3.676091893906986,-0.2104721990991027,-1.0287940558498576,3.8513918957441033,-0.4933109868924777,0.6480388338337907
70.0,54.0,202.11236572265625,-2.3232675121663315,1.995269073018336,-4.886403963184227,-4.253307286126856,-2.685616720888452,-0.855932775562634,-1.0228667816011985,3.571846683142864,-1.82067306700556,1.326899596566416
70.0,54.0,162.4005889892578,-2.17464814206875,1.8375451209859293,-4.952795510353224,-3.099061997432573,-3.0435697611317107,0.7969825386637165,-1.0203074005340795,4.016263829018199,-0.4388218339067481,0.7129978188097448
70.0,54.0,153.86907958984375,-2.1609154595239097,1.8364904623709573,-4.897959591361964,-3.091478181014282,-3.0650406882038608,0.8276417623987835,-1.018377220976623,3.959611976100351,-0.4509861776011417,0.7198014352225557
70.0,54.0,157.30677795410156,-2.162990173870915,1.7435576844406988,-4.906684219487809,-3.093292834462877,-3.0553041264270413,0.8378295331787847,-1.0168554836504242,3.121367949811789,-0.4530281572558794,0.7038908090851647
70.0,54.0,176.9060516357422,-3.912155836313018,1.8099997521724844,-4.870024948723876,-3.109963071389307,-3.076224762319084,0.8033257325030952,-0.5252928698742436,4.859467288476143,-0.4957199434724865,0.6589810754259022
70.0,54.0,195.34732055664065,-2.231613827182421,1.8321990446526968,-4.866113352983426,-3.0261039639965874,-2.552165394212508,1.2377426059092342,-1.0252071675690444,3.02090225580337,-0.6421029057584087,0.6719929696279708
70.0,54.0,216.4642944335937,-1.996791301844796,1.3305810628483192,-4.922518890170537,-3.062915574936162,-1.985274001301509,-0.0962334599132481,-1.0470549318994684,3.877523981409211,-0.4636146730589803,-0.2370419973918869
70.0,54.0,175.5135955810547,-3.9090488953949887,1.7859067540409015,-4.947877033145323,-2.438215959708819,-3.083639817184455,0.8145819375545251,-0.9752124298710154,3.60916111720354,-0.4453514141807003,1.3071532897292408
70.0,54.0,177.20172119140625,-2.163004423443636,1.737971465625274,-4.925498848591239,-3.1293729271101847,-3.1506172979169205,0.951207575174531,-1.0550994328194334,3.167719358709381,-0.465551946425227,0.748897062630347
70.0,54.0,207.7997436523437,-1.878446777562496,1.8184636884729564,-4.945847572074218,-2.935772792814228,-2.7586209797987675,0.4152510747326128,-0.5361435891777203,3.417745183195106,-0.4623578617382233,0.6767922270432076
70.0,54.0,185.05203247070312,-1.1634336281841922,1.7634276535254414,-4.9297489038604185,-3.100868806859845,-2.703901273312232,0.6075298580758075,-1.0241992066455738,3.538623880916033,-0.8190859334083451,0.7082343701449987
70.0,54.0,216.64889526367188,-3.119200354622974,1.0381176817895923,-4.69307522512295,-1.6392443033678898,-2.8010636188402933,0.2843458672433435,-0.9554619730909504,4.386770655722996,-0.4773885801804987,2.273100919956005
70.0,54.0,157.52903747558594,-2.192053348622568,1.87441233538722,-4.899599526173896,-3.070713187009112,-3.0397934425354225,0.8270894147384842,-1.0007685651146356,3.9753572603320144,-0.4551252744279134,0.7016983119508206
70.0,54.0,199.60757446289065,-2.3663967335573544,1.719492905361672,-4.805629850593549,-3.7281185588008494,-2.851514400317545,0.851444900721171,-0.9829506631714404,4.064336596246668,-0.4493329259903326,1.0647630938815422
70.0,54.0,163.1170654296875,-2.262182604635345,1.7546218709582857,-4.889659471506729,-3.046517337157185,-3.062461727487332,0.8576627620996714,-1.037116245477434,3.1300660961303275,-0.4852830259866298,0.6692162493095577
70.0,54.0,163.98428344726562,-2.191017845125641,1.7567810428543835,-4.879567783254935,-3.1053353655616136,-3.1070153650877,0.800309594544896,-1.0467689757701173,3.178263293651874,-0.4513293239426467,0.7255529895016196
70.0,54.0,157.63848876953125,-2.164520901251332,1.7709650759387388,-4.893700152064328,-3.107942071577859,-3.0666969326078406,0.8431375970999005,-1.0191841902062042,3.111302989330833,-0.452673584898853,0.7255377912086537
70.0,54.0,198.92955017089844,-2.901213816136182,1.7803773808637768,-4.88402034992815,-2.9747744476823894,-2.46088963756745,1.2240671113630992,-1.0425592956820455,2.77965496681528,-0.9956604282242514,0.7429223395449174
70.0,54.0,159.69412231445312,-2.21963507341297,1.850328278453232,-4.863205470948095,-3.7754689176902456,-3.045361023325458,0.837599674561319,-1.0212324909712558,3.56024233985072,-0.4482199517405474,0.7422656486335322
70.0,54.0,160.38934326171875,-2.1239526524329047,1.7532778008160277,-4.793683137872873,-2.992665936417859,-3.0883299703921034,0.7444479414625762,-1.0498487622640318,3.959048847339001,-0.7967959506285662,0.7170082799296202
70.0,54.0,167.33126831054688,-2.195243219696053,1.732912456716364,-4.952303408796997,-3.0404810004496574,-2.486837149312666,0.9725129987175968,-1.040432910076463,4.327298931424326,-0.5054700396972046,0.7183652077019171
70.0,54.0,157.88693237304688,-2.0895187864432376,1.7450054793207703,-4.908734581383793,-3.091507813529983,-3.0654151968583503,0.830537404616832,-1.0266362885029725,3.1436708308767822,-0.4668707508227733,0.7151762910880104
70.0,54.0,178.43862915039062,-2.289268217291724,1.7449684556891576,-4.878897322248348,-3.1156352331744968,-3.033355869126169,0.2892754389345949,-1.0526397864855894,3.033947800850548,-0.4421732112686315,0.7512543865918617
70.0,54.0,211.6270751953125,-1.9784052560237035,1.225594898222842,-4.945285294766198,-2.932509610172263,-2.756335558103621,0.7959291382496296,-1.00401021611483,3.525004630766553,-0.5182481459936163,0.8088510333817738
70.0,54.0,177.22738647460938,-3.031822186983138,1.6791418473451694,-4.877668685193823,-2.9482591144006984,-2.9861866945536053,1.899104024812023,-1.0602107898557596,4.708812942799022,-0.4490629330935093,0.7040525690094692
70.0,54.0,184.3595428466797,-3.1325116087393234,1.8226156302993608,-4.8738388928880605,-2.937807774063807,-3.043168316171073,0.3689388114989547,-1.0610093144615331,4.800049984976603,-0.5367132958862261,0.7529545531962287
70.0,54.0,195.0246734619141,-2.0847483171172727,2.005187132336637,-4.898152363025041,-3.077613306094874,-3.063437212666226,0.2891453475733071,-1.0302090323814603,3.810827270660635,-0.5150059022750842,0.6192214890595654
70.0,54.0,162.23565673828125,-2.324700567238731,1.7921223689198065,-4.911065712228464,-2.935581913233077,-3.060475148673924,0.8636071727466256,-1.0445807487448573,4.332082506426705,-0.4524617658017721,0.7230568447658817
70.0,55.0,157.60691833496094,-2.1221509371431435,1.8392303061078088,-4.902514539010984,-3.0864103908050646,-3.0538475418464337,0.8517324402109121,-1.0171489627324086,3.092931355225164,-0.4559853455206131,0.9824460715350812
70.0,55.0,168.0980224609375,-3.2278487130016216,1.753768992839587,-4.863266062731651,-3.0921527288226165,-3.0726437422766044,0.8434331347453555,-1.01509701060983,3.1428630678366947,-0.4530704410090107,0.7152916683461296
70.0,55.0,162.12002563476562,-2.064461842927496,1.7935466532309607,-4.901120978795082,-3.037351504864135,-2.9825109954659146,0.8614086155396931,-1.0144580723090246,3.120163282703889,-0.463391761074009,0.7101871668493809
70.0,55.0,195.2211761474609,-2.864067748512182,1.639527969597854,-4.86224001238643,-3.015338991699468,-3.005593938628276,1.8636780210418435,-0.9795361301075448,4.350618841738229,-0.5430293820279831,1.8810925325547152
70.0,55.0,164.67709350585938,-2.1390191791393223,1.7801576041348832,-4.896280032365398,-3.102008267924466,-3.0488815571469194,0.8689742675285781,-1.021774368547088,3.110105530923958,-0.4541020875138021,0.7872188980674497
70.0,55.0,165.0949249267578,-2.1430933335971862,1.7468090118271338,-4.905180748907829,-3.046386210728684,-3.007232627062506,1.3738084906230097,-1.0119052884588242,2.78786993956882,-0.4453474930019477,0.7449628217751612
70.0,55.0,156.08035278320312,-2.1580996450789263,1.728328627406782,-4.879695436337815,-3.0850529772078543,-3.06587044186364,0.8359929899162684,-1.015638048938622,3.5437633377229565,-0.4462973345896071,0.7233871726910266
70.0,55.0,176.23858642578125,-2.263962455402492,1.87006646519353,-4.909107459516461,-3.008558322863242,-3.058633160762886,0.9689581059375808,-1.1041830472744274,3.540711130690116,-0.4524561415483819,0.72953076309095
70.0,55.0,174.614501953125,-2.227034146163842,1.832686956439855,-4.769771660094365,-3.0562012312643008,-3.157917249194937,0.9368057754768632,-1.0467761995966116,3.6071291214832697,-0.4886812744883836,0.7098252758321292
70.0,55.0,170.88389587402344,-2.043804108402361,1.84415824231298,-4.924547018010483,-2.8249591285531843,-2.579265481044948,0.8404850472385799,-1.0516206981370118,3.896221709501608,-0.4375025296340574,0.7323092119261819
70.0,55.0,172.8454132080078,-2.140759456848663,1.7270732818376076,-4.917444307938941,-2.718446194930848,-2.6309345188261464,0.8186788153349532,-1.0226438083731262,3.935217313576606,-0.4504659956736401,0.7049293556977643
70.0,55.0,189.3424530029297,-1.6654778376603645,1.8216954506499468,-4.88448924474563,-3.0112234600866628,-3.0729243492800946,1.51884918589441,-1.0323780136469032,4.769209589523967,-0.4525606313160583,1.2646532984835588
70.0,55.0,195.18731689453125,-3.2385980368204423,1.7285802312189276,-4.769632790165409,-2.8992951296389258,-2.989067015260295,1.235426606567029,-1.0938415675799396,4.735035877411996,-0.8179012791588454,0.9646891072118112
70.0,55.0,157.1793212890625,-2.17673112323086,1.7630889806315109,-4.947962877204266,-3.1028324367742366,-3.0636519528115214,0.8683887477877932,-1.019159302572574,3.972407963439197,-0.4467512917481424,0.6562931783266163
70.0,55.0,185.7307586669922,-1.163716510644251,1.7485075400870302,-4.90402542765216,-3.1354506946948386,-2.974354753058419,1.8430704883548663,-1.021506898955489,4.191479371458243,-0.4560823893101501,0.6980969632265781
70.0,55.0,207.25735473632807,-2.600453616929685,1.8887907941314,-4.907487783866509,-3.0644132571623945,-3.0747048783273536,0.8555640713346699,-0.9991200897825574,4.763844138647729,-0.665675486786584,1.2392133432574592
70.0,55.0,198.8343963623047,-2.883655599174885,1.8306849164388008,-4.861980567405487,-3.0650680198478124,-3.068381820899296,-0.4186674174042474,-1.034232349949338,3.070479792235902,-0.4180474528856421,0.7320755034372535
70.0,55.0,168.60992431640625,-2.155650141904053,1.8912883483208085,-4.906182106166611,-3.061080146530048,-3.08527028734274,1.2613552180151917,-0.9951942240898808,3.1454034926044536,-0.4547036996911608,0.7631017956951874
70.0,55.0,160.01856994628906,-2.220169854322381,1.7733973193895476,-4.877059725003649,-3.0383700245191645,-3.032693759079466,0.8641455062900459,-1.053383293827007,3.117527630893025,-0.4452152258004726,0.7565709844852148
70.0,55.0,172.45042419433594,-2.2856388135449874,1.7983065472075734,-4.9152118840128525,-2.944344402075404,-3.091502415524449,-0.2047567352745997,-1.0436516644445728,4.035607615730321,-0.4535442069256774,0.7019696934244728
70.0,55.0,186.8330078125,-1.7853518205863237,1.7579008871512047,-4.88124284597318,-3.1163490117040347,-1.958458825305892,0.9908394891083412,-1.0498054040342644,3.0799726605986453,-0.854878327751711,1.0093736433700458
70.0,55.0,195.885482788086,-3.055101307321643,1.7130907519872982,-4.923761354932361,-3.067700129161367,-3.676091893906986,-0.2104721990991027,-1.0287940558498576,3.8513918957441033,-0.4933109868924777,0.6480388338337907
70.0,55.0,202.11236572265625,-2.3232675121663315,1.995269073018336,-4.886403963184227,-4.253307286126856,-2.685616720888452,-0.855932775562634,-1.0228667816011985,3.571846683142864,-1.82067306700556,1.326899596566416
70.0,55.0,162.4005889892578,-2.17464814206875,1.8375451209859293,-4.952795510353224,-3.099061997432573,-3.0435697611317107,0.7969825386637165,-1.0203074005340795,4.016263829018199,-0.4388218339067481,0.7129978188097448
70.0,55.0,153.86907958984375,-2.1609154595239097,1.8364904623709573,-4.897959591361964,-3.091478181014282,-3.0650406882038608,0.8276417623987835,-1.018377220976623,3.959611976100351,-0.4509861776011417,0.7198014352225557
70.0,55.0,157.30677795410156,-2.162990173870915,1.7435576844406988,-4.906684219487809,-3.093292834462877,-3.0553041264270413,0.8378295331787847,-1.0168554836504242,3.121367949811789,-0.4530281572558794,0.7038908090851647
70.0,55.0,173.24264526367188,-2.9723143171659294,1.7467743343781554,-4.8583524109262815,-3.132584168219534,-3.071824124186589,0.826754586818778,-0.0913498623214759,4.733588269388097,-0.4036389269487243,0.6670874524596352
70.0,55.0,195.34732055664065,-2.231613827182421,1.8321990446526968,-4.866113352983426,-3.0261039639965874,-2.552165394212508,1.2377426059092342,-1.0252071675690444,3.02090225580337,-0.6421029057584087,0.6719929696279708
70.0,55.0,201.98927307128903,-1.98819258044774,1.7798619475074795,-4.894690690503255,-3.055130308483988,-2.1143492942337563,-0.3882053757322306,-1.0476692760887747,3.940312643557072,-0.4433462810012531,0.2135938758592199
70.0,55.0,175.5135955810547,-3.9090488953949887,1.7859067540409015,-4.947877033145323,-2.438215959708819,-3.083639817184455,0.8145819375545251,-0.9752124298710154,3.60916111720354,-0.4453514141807003,1.3071532897292408
70.0,55.0,177.20172119140625,-2.163004423443636,1.737971465625274,-4.925498848591239,-3.1293729271101847,-3.1506172979169205,0.951207575174531,-1.0550994328194334,3.167719358709381,-0.465551946425227,0.748897062630347
70.0,55.0,207.7997436523437,-1.878446777562496,1.8184636884729564,-4.945847572074218,-2.935772792814228,-2.7586209797987675,0.4152510747326128,-0.5361435891777203,3.417745183195106,-0.4623578617382233,0.6767922270432076
70.0,55.0,185.05203247070312,-1.1634336281841922,1.7634276535254414,-4.9297489038604185,-3.100868806859845,-2.703901273312232,0.6075298580758075,-1.0241992066455738,3.538623880916033,-0.8190859334083451,0.7082343701449987
70.0,55.0,216.64889526367188,-3.119200354622974,1.0381176817895923,-4.69307522512295,-1.6392443033678898,-2.8010636188402933,0.2843458672433435,-0.9554619730909504,4.386770655722996,-0.4773885801804987,2.273100919956005
70.0,55.0,157.52903747558594,-2.192053348622568,1.87441233538722,-4.899599526173896,-3.070713187009112,-3.0397934425354225,0.8270894147384842,-1.0007685651146356,3.9753572603320144,-0.4551252744279134,0.7016983119508206
70.0,55.0,198.99057006835932,-2.4376773821882507,1.670139231726758,-4.891239028300405,-3.841845663341944,-3.123415109397329,0.8404806704697857,-0.9813949712679552,3.97672472174008,-0.409393149298628,0.8144600293312173
70.0,55.0,163.1170654296875,-2.262182604635345,1.7546218709582857,-4.889659471506729,-3.046517337157185,-3.062461727487332,0.8576627620996714,-1.037116245477434,3.1300660961303275,-0.4852830259866298,0.6692162493095577
70.0,55.0,163.98428344726562,-2.191017845125641,1.7567810428543835,-4.879567783254935,-3.1053353655616136,-3.1070153650877,0.800309594544896,-1.0467689757701173,3.178263293651874,-0.4513293239426467,0.7255529895016196
70.0,55.0,157.63848876953125,-2.164520901251332,1.7709650759387388,-4.893700152064328,-3.107942071577859,-3.0666969326078406,0.8431375970999005,-1.0191841902062042,3.111302989330833,-0.452673584898853,0.7255377912086537
70.0,55.0,198.92955017089844,-2.901213816136182,1.7803773808637768,-4.88402034992815,-2.9747744476823894,-2.46088963756745,1.2240671113630992,-1.0425592956820455,2.77965496681528,-0.9956604282242514,0.7429223395449174
70.0,55.0,159.69412231445312,-2.21963507341297,1.850328278453232,-4.863205470948095,-3.7754689176902456,-3.045361023325458,0.837599674561319,-1.0212324909712558,3.56024233985072,-0.4482199517405474,0.7422656486335322
70.0,55.0,160.38934326171875,-2.1239526524329047,1.7532778008160277,-4.793683137872873,-2.992665936417859,-3.0883299703921034,0.7444479414625762,-1.0498487622640318,3.959048847339001,-0.7967959506285662,0.7170082799296202
70.0,55.0,167.33126831054688,-2.195243219696053,1.732912456716364,-4.952303408796997,-3.0404810004496574,-2.486837149312666,0.9725129987175968,-1.040432910076463,4.327298931424326,-0.5054700396972046,0.7183652077019171
70.0,55.0,157.88693237304688,-2.0895187864432376,1.7450054793207703,-4.908734581383793,-3.091507813529983,-3.0654151968583503,0.830537404616832,-1.0266362885029725,3.1436708308767822,-0.4668707508227733,0.7151762910880104
70.0,55.0,176.62173461914062,-2.20869617842316,1.8375261195449464,-4.866618990287502,-3.079634566487367,-3.0383375236501147,1.7814783233730305,-1.0773382113713572,3.2195272042522185,-0.4472029430553767,0.7497071938601824
70.0,55.0,211.6270751953125,-1.9784052560237035,1.225594898222842,-4.945285294766198,-2.932509610172263,-2.756335558103621,0.7959291382496296,-1.00401021611483,3.525004630766553,-0.5182481459936163,0.8088510333817738
70.0,55.0,177.22738647460938,-3.031822186983138,1.6791418473451694,-4.877668685193823,-2.9482591144006984,-2.9861866945536053,1.899104024812023,-1.0602107898557596,4.708812942799022,-0.4490629330935093,0.7040525690094692
70.0,55.0,184.3595428466797,-3.1325116087393234,1.8226156302993608,-4.8738388928880605,-2.937807774063807,-3.043168316171073,0.3689388114989547,-1.0610093144615331,4.800049984976603,-0.5367132958862261,0.7529545531962287
70.0,55.0,195.0246734619141,-2.0847483171172727,2.005187132336637,-4.898152363025041,-3.077613306094874,-3.063437212666226,0.2891453475733071,-1.0302090323814603,3.810827270660635,-0.5150059022750842,0.6192214890595654
70.0,55.0,162.23565673828125,-2.324700567238731,1.7921223689198065,-4.911065712228464,-2.935581913233077,-3.060475148673924,0.8636071727466256,-1.0445807487448573,4.332082506426705,-0.4524617658017721,0.7230568447658817
70.0,56.0,157.60691833496094,-2.1221509371431435,1.8392303061078088,-4.902514539010984,-3.0864103908050646,-3.0538475418464337,0.8517324402109121,-1.0171489627324086,3.092931355225164,-0.4559853455206131,0.9824460715350812
70.0,56.0,168.0980224609375,-3.2278487130016216,1.753768992839587,-4.863266062731651,-3.0921527288226165,-3.0726437422766044,0.8434331347453555,-1.01509701060983,3.1428630678366947,-0.4530704410090107,0.7152916683461296
70.0,56.0,162.12002563476562,-2.064461842927496,1.7935466532309607,-4.901120978795082,-3.037351504864135,-2.9825109954659146,0.8614086155396931,-1.0144580723090246,3.120163282703889,-0.463391761074009,0.7101871668493809
70.0,56.0,195.2211761474609,-2.864067748512182,1.639527969597854,-4.86224001238643,-3.015338991699468,-3.005593938628276,1.8636780210418435,-0.9795361301075448,4.350618841738229,-0.5430293820279831,1.8810925325547152
70.0,56.0,161.67813110351562,-2.2005995977209163,1.8938257845022457,-4.922525290725762,-3.1041538318958093,-3.0517766785106994,0.835461493791373,-1.0191055344170543,3.117826072043861,-0.4527932305614961,0.6977090221478943
70.0,56.0,165.0949249267578,-2.1430933335971862,1.7468090118271338,-4.905180748907829,-3.046386210728684,-3.007232627062506,1.3738084906230097,-1.0119052884588242,2.78786993956882,-0.4453474930019477,0.7449628217751612
70.0,56.0,156.08035278320312,-2.1580996450789263,1.728328627406782,-4.879695436337815,-3.0850529772078543,-3.06587044186364,0.8359929899162684,-1.015638048938622,3.5437633377229565,-0.4462973345896071,0.7233871726910266
70.0,56.0,176.23858642578125,-2.263962455402492,1.87006646519353,-4.909107459516461,-3.008558322863242,-3.058633160762886,0.9689581059375808,-1.1041830472744274,3.540711130690116,-0.4524561415483819,0.72953076309095
70.0,56.0,174.614501953125,-2.227034146163842,1.832686956439855,-4.769771660094365,-3.0562012312643008,-3.157917249194937,0.9368057754768632,-1.0467761995966116,3.6071291214832697,-0.4886812744883836,0.7098252758321292
70.0,56.0,167.30294799804688,-2.2492089578666703,1.7746522128305138,-4.902368440495981,-3.0333876150034254,-3.115716647601128,0.8311140007282237,-1.0393863172935556,3.6694403697526536,-0.445400300268994,0.7345076088025152
70.0,56.0,172.8454132080078,-2.140759456848663,1.7270732818376076,-4.917444307938941,-2.718446194930848,-2.6309345188261464,0.8186788153349532,-1.0226438083731262,3.935217313576606,-0.4504659956736401,0.7049293556977643
70.0,56.0,189.3424530029297,-1.6654778376603645,1.8216954506499468,-4.88448924474563,-3.0112234600866628,-3.0729243492800946,1.51884918589441,-1.0323780136469032,4.769209589523967,-0.4525606313160583,1.2646532984835588
70.0,56.0,195.18731689453125,-3.2385980368204423,1.7285802312189276,-4.769632790165409,-2.8992951296389258,-2.989067015260295,1.235426606567029,-1.0938415675799396,4.735035877411996,-0.8179012791588454,0.9646891072118112
70.0,56.0,157.1793212890625,-2.17673112323086,1.7630889806315109,-4.947962877204266,-3.1028324367742366,-3.0636519528115214,0.8683887477877932,-1.019159302572574,3.972407963439197,-0.4467512917481424,0.6562931783266163
70.0,56.0,185.7307586669922,-1.163716510644251,1.7485075400870302,-4.90402542765216,-3.1354506946948386,-2.974354753058419,1.8430704883548663,-1.021506898955489,4.191479371458243,-0.4560823893101501,0.6980969632265781
70.0,56.0,207.25735473632807,-2.600453616929685,1.8887907941314,-4.907487783866509,-3.0644132571623945,-3.0747048783273536,0.8555640713346699,-0.9991200897825574,4.763844138647729,-0.665675486786584,1.2392133432574592
70.0,56.0,195.8602905273437,-2.194128869772613,1.9131154335091527,-4.923528947193971,-3.095605001399601,-3.10117154130238,0.455021593165707,-1.055330340407573,2.3499959965707373,-0.4692809332020958,0.710460055157099
70.0,56.0,160.43174743652344,-2.151459286441727,1.90423910518166,-4.8357974123900185,-3.0298650166629133,-3.0903990647852853,1.847914090673568,-1.0054713900790966,4.348106831105531,-0.4774927454416172,0.7122873759067002
70.0,56.0,160.01856994628906,-2.220169854322381,1.7733973193895476,-4.877059725003649,-3.0383700245191645,-3.032693759079466,0.8641455062900459,-1.053383293827007,3.117527630893025,-0.4452152258004726,0.7565709844852148
70.0,56.0,172.45042419433594,-2.2856388135449874,1.7983065472075734,-4.9152118840128525,-2.944344402075404,-3.091502415524449,-0.2047567352745997,-1.0436516644445728,4.035607615730321,-0.4535442069256774,0.7019696934244728
70.0,56.0,186.8330078125,-1.7853518205863237,1.7579008871512047,-4.88124284597318,-3.1163490117040347,-1.958458825305892,0.9908394891083412,-1.0498054040342644,3.0799726605986453,-0.854878327751711,1.0093736433700458
70.0,56.0,195.885482788086,-3.055101307321643,1.7130907519872982,-4.923761354932361,-3.067700129161367,-3.676091893906986,-0.2104721990991027,-1.0287940558498576,3.8513918957441033,-0.4933109868924777,0.6480388338337907
70.0,56.0,202.11236572265625,-2.3232675121663315,1.995269073018336,-4.886403963184227,-4.253307286126856,-2.685616720888452,-0.855932775562634,-1.0228667816011985,3.571846683142864,-1.82067306700556,1.326899596566416
70.0,56.0,160.99725341796875,-2.1580436111684045,1.8374847317005567,-4.957655276398748,-3.090826427614944,-3.054124456625753,0.8221651173387877,-1.0198144726473022,4.0314410128124925,-0.481052164209373,0.7131379420441997
70.0,56.0,153.86907958984375,-2.1609154595239097,1.8364904623709573,-4.897959591361964,-3.091478181014282,-3.0650406882038608,0.8276417623987835,-1.018377220976623,3.959611976100351,-0.4509861776011417,0.7198014352225557
70.0,56.0,157.30677795410156,-2.162990173870915,1.7435576844406988,-4.906684219487809,-3.093292834462877,-3.0553041264270413,0.8378295331787847,-1.0168554836504242,3.121367949811789,-0.4530281572558794,0.7038908090851647
70.0,56.0,173.24264526367188,-2.9723143171659294,1.7467743343781554,-4.8583524109262815,-3.132584168219534,-3.071824124186589,0.826754586818778,-0.0913498623214759,4.733588269388097,-0.4036389269487243,0.6670874524596352
70.0,56.0,195.34732055664065,-2.231613827182421,1.8321990446526968,-4.866113352983426,-3.0261039639965874,-2.552165394212508,1.2377426059092342,-1.0252071675690444,3.02090225580337,-0.6421029057584087,0.6719929696279708
70.0,56.0,201.98927307128903,-1.98819258044774,1.7798619475074795,-4.894690690503255,-3.055130308483988,-2.1143492942337563,-0.3882053757322306,-1.0476692760887747,3.940312643557072,-0.4433462810012531,0.2135938758592199
70.0,56.0,175.5135955810547,-3.9090488953949887,1.7859067540409015,-4.947877033145323,-2.438215959708819,-3.083639817184455,0.8145819375545251,-0.9752124298710154,3.60916111720354,-0.4453514141807003,1.3071532897292408
70.0,56.0,177.20172119140625,-2.163004423443636,1.737971465625274,-4.925498848591239,-3.1293729271101847,-3.1506172979169205,0.951207575174531,-1.0550994328194334,3.167719358709381,-0.465551946425227,0.748897062630347
70.0,56.0,207.7997436523437,-1.878446777562496,1.8184636884729564,-4.945847572074218,-2.935772792814228,-2.7586209797987675,0.4152510747326128,-0.5361435891777203,3.417745183195106,-0.4623578617382233,0.6767922270432076
70.0,56.0,185.05203247070312,-1.1634336281841922,1.7634276535254414,-4.9297489038604185,-3.100868806859845,-2.703901273312232,0.6075298580758075,-1.0241992066455738,3.538623880916033,-0.8190859334083451,0.7082343701449987
70.0,56.0,216.64889526367188,-3.119200354622974,1.0381176817895923,-4.69307522512295,-1.6392443033678898,-2.8010636188402933,0.2843458672433435,-0.9554619730909504,4.386770655722996,-0.4773885801804987,2.273100919956005
70.0,56.0,157.52903747558594,-2.192053348622568,1.87441233538722,-4.899599526173896,-3.070713187009112,-3.0397934425354225,0.8270894147384842,-1.0007685651146356,3.9753572603320144,-0.4551252744279134,0.7016983119508206
70.0,56.0,198.47222900390625,-2.1463685822891496,1.7611518295710946,-4.906775655363576,-4.084054107981254,-3.1011614102634324,0.8381251712356396,-1.007753322100825,3.939389738505076,-0.3935838125662063,0.6245255508112704
70.0,56.0,163.1170654296875,-2.262182604635345,1.7546218709582857,-4.889659471506729,-3.046517337157185,-3.062461727487332,0.8576627620996714,-1.037116245477434,3.1300660961303275,-0.4852830259866298,0.6692162493095577
70.0,56.0,163.98428344726562,-2.191017845125641,1.7567810428543835,-4.879567783254935,-3.1053353655616136,-3.1070153650877,0.800309594544896,-1.0467689757701173,3.178263293651874,-0.4513293239426467,0.7255529895016196
70.0,56.0,157.63848876953125,-2.164520901251332,1.7709650759387388,-4.893700152064328,-3.107942071577859,-3.0666969326078406,0.8431375970999005,-1.0191841902062042,3.111302989330833,-0.452673584898853,0.7255377912086537
70.0,56.0,198.92955017089844,-2.901213816136182,1.7803773808637768,-4.88402034992815,-2.9747744476823894,-2.46088963756745,1.2240671113630992,-1.0425592956820455,2.77965496681528,-0.9956604282242514,0.7429223395449174
70.0,56.0,159.69412231445312,-2.21963507341297,1.850328278453232,-4.863205470948095,-3.7754689176902456,-3.045361023325458,0.837599674561319,-1.0212324909712558,3.56024233985072,-0.4482199517405474,0.7422656486335322
70.0,56.0,160.38934326171875,-2.1239526524329047,1.7532778008160277,-4.793683137872873,-2.992665936417859,-3.0883299703921034,0.7444479414625762,-1.0498487622640318,3.959048847339001,-0.7967959506285662,0.7170082799296202
70.0,56.0,167.33126831054688,-2.195243219696053,1.732912456716364,-4.952303408796997,-3.0404810004496574,-2.486837149312666,0.9725129987175968,-1.040432910076463,4.327298931424326,-0.5054700396972046,0.7183652077019171
70.0,56.0,157.88693237304688,-2.0895187864432376,1.7450054793207703,-4.908734581383793,-3.091507813529983,-3.0654151968583503,0.830537404616832,-1.0266362885029725,3.1436708308767822,-0.4668707508227733,0.7151762910880104
70.0,56.0,176.62173461914062,-2.20869617842316,1.8375261195449464,-4.866618990287502,-3.079634566487367,-3.0383375236501147,1.7814783233730305,-1.0773382113713572,3.2195272042522185,-0.4472029430553767,0.7497071938601824
70.0,56.0,211.6270751953125,-1.9784052560237035,1.225594898222842,-4.945285294766198,-2.932509610172263,-2.756335558103621,0.7959291382496296,-1.00401021611483,3.525004630766553,-0.5182481459936163,0.8088510333817738
70.0,56.0,177.22738647460938,-3.031822186983138,1.6791418473451694,-4.877668685193823,-2.9482591144006984,-2.9861866945536053,1.899104024812023,-1.0602107898557596,4.708812942799022,-0.4490629330935093,0.7040525690094692
70.0,56.0,184.3595428466797,-3.1325116087393234,1.8226156302993608,-4.8738388928880605,-2.937807774063807,-3.043168316171073,0.3689388114989547,-1.0610093144615331,4.800049984976603,-0.5367132958862261,0.7529545531962287
70.0,56.0,195.0246734619141,-2.0847483171172727,2.005187132336637,-4.898152363025041,-3.077613306094874,-3.063437212666226,0.2891453475733071,-1.0302090323814603,3.810827270660635,-0.5150059022750842,0.6192214890595654
70.0,56.0,160.2692413330078,-1.055922459328694,1.7735920722761906,-4.937958133848109,-1.695201673496223,-3.064020344723154,0.8372423768827528,-1.0608401158966236,4.429729571994304,-0.4561175576200931,0.7202760905369371
70.0,57.0,157.60691833496094,-2.1221509371431435,1.8392303061078088,-4.902514539010984,-3.0864103908050646,-3.0538475418464337,0.8517324402109121,-1.0171489627324086,3.092931355225164,-0.4559853455206131,0.9824460715350812
70.0,57.0,168.0980224609375,-3.2278487130016216,1.753768992839587,-4.863266062731651,-3.0921527288226165,-3.0726437422766044,0.8434331347453555,-1.01509701060983,3.1428630678366947,-0.4530704410090107,0.7152916683461296
70.0,57.0,162.12002563476562,-2.064461842927496,1.7935466532309607,-4.901120978795082,-3.037351504864135,-2.9825109954659146,0.8614086155396931,-1.0144580723090246,3.120163282703889,-0.463391761074009,0.7101871668493809
70.0,57.0,195.2211761474609,-2.864067748512182,1.639527969597854,-4.86224001238643,-3.015338991699468,-3.005593938628276,1.8636780210418435,-0.9795361301075448,4.350618841738229,-0.5430293820279831,1.8810925325547152
70.0,57.0,161.67813110351562,-2.2005995977209163,1.8938257845022457,-4.922525290725762,-3.1041538318958093,-3.0517766785106994,0.835461493791373,-1.0191055344170543,3.117826072043861,-0.4527932305614961,0.6977090221478943
70.0,57.0,165.0949249267578,-2.1430933335971862,1.7468090118271338,-4.905180748907829,-3.046386210728684,-3.007232627062506,1.3738084906230097,-1.0119052884588242,2.78786993956882,-0.4453474930019477,0.7449628217751612
70.0,57.0,156.08035278320312,-2.1580996450789263,1.728328627406782,-4.879695436337815,-3.0850529772078543,-3.06587044186364,0.8359929899162684,-1.015638048938622,3.5437633377229565,-0.4462973345896071,0.7233871726910266
70.0,57.0,176.2350616455078,-1.961359115237141,1.863921415769794,-4.890915193000649,-3.0240989219637022,-3.080527865756204,0.960404113495242,-1.0081607745467662,3.871267448082008,-0.4483719495857255,0.7334098619024639
70.0,57.0,174.614501953125,-2.227034146163842,1.832686956439855,-4.769771660094365,-3.0562012312643008,-3.157917249194937,0.9368057754768632,-1.0467761995966116,3.6071291214832697,-0.4886812744883836,0.7098252758321292
70.0,57.0,167.30294799804688,-2.2492089578666703,1.7746522128305138,-4.902368440495981,-3.0333876150034254,-3.115716647601128,0.8311140007282237,-1.0393863172935556,3.6694403697526536,-0.445400300268994,0.7345076088025152
70.0,57.0,172.8454132080078,-2.140759456848663,1.7270732818376076,-4.917444307938941,-2.718446194930848,-2.6309345188261464,0.8186788153349532,-1.0226438083731262,3.935217313576606,-0.4504659956736401,0.7049293556977643
70.0,57.0,189.3424530029297,-1.6654778376603645,1.8216954506499468,-4.88448924474563,-3.0112234600866628,-3.0729243492800946,1.51884918589441,-1.0323780136469032,4.769209589523967,-0.4525606313160583,1.2646532984835588
70.0,57.0,195.18731689453125,-3.2385980368204423,1.7285802312189276,-4.769632790165409,-2.8992951296389258,-2.989067015260295,1.235426606567029,-1.0938415675799396,4.735035877411996,-0.8179012791588454,0.9646891072118112
70.0,57.0,157.1793212890625,-2.17673112323086,1.7630889806315109,-4.947962877204266,-3.1028324367742366,-3.0636519528115214,0.8683887477877932,-1.019159302572574,3.972407963439197,-0.4467512917481424,0.6562931783266163
70.0,57.0,185.7307586669922,-1.163716510644251,1.7485075400870302,-4.90402542765216,-3.1354506946948386,-2.974354753058419,1.8430704883548663,-1.021506898955489,4.191479371458243,-0.4560823893101501,0.6980969632265781
70.0,57.0,187.08970642089844,-1.868172008367048,2.094711558011237,-4.916340618481853,-3.034833945932295,-3.127068816927179,0.8116274980483847,-1.0061694584086889,4.426442826042883,-0.482992725222463,0.3758729421462708
70.0,57.0,191.84878540039065,-1.703182562896261,1.8641094699429848,-4.939920888500646,-3.0965129407455096,-3.098787412969936,0.833102732206398,-1.022797354772564,3.4131316746658387,-0.454654993584258,0.7156951782098336
70.0,57.0,160.43174743652344,-2.151459286441727,1.90423910518166,-4.8357974123900185,-3.0298650166629133,-3.0903990647852853,1.847914090673568,-1.0054713900790966,4.348106831105531,-0.4774927454416172,0.7122873759067002
70.0,57.0,160.01856994628906,-2.220169854322381,1.7733973193895476,-4.877059725003649,-3.0383700245191645,-3.032693759079466,0.8641455062900459,-1.053383293827007,3.117527630893025,-0.4452152258004726,0.7565709844852148
70.0,57.0,172.45042419433594,-2.2856388135449874,1.7983065472075734,-4.9152118840128525,-2.944344402075404,-3.091502415524449,-0.2047567352745997,-1.0436516644445728,4.035607615730321,-0.4535442069256774,0.7019696934244728
70.0,57.0,186.8330078125,-1.7853518205863237,1.7579008871512047,-4.88124284597318,-3.1163490117040347,-1.958458825305892,0.9908394891083412,-1.0498054040342644,3.0799726605986453,-0.854878327751711,1.0093736433700458
70.0,57.0,195.885482788086,-3.055101307321643,1.7130907519872982,-4.923761354932361,-3.067700129161367,-3.676091893906986,-0.2104721990991027,-1.0287940558498576,3.8513918957441033,-0.4933109868924777,0.6480388338337907
70.0,57.0,202.11236572265625,-2.3232675121663315,1.995269073018336,-4.886403963184227,-4.253307286126856,-2.685616720888452,-0.855932775562634,-1.0228667816011985,3.571846683142864,-1.82067306700556,1.326899596566416
70.0,57.0,158.77488708496094,-2.158854283296905,1.838802077729664,-4.967389930184105,-3.087602054340424,-3.054527470934826,0.8187400208323105,-1.0186637036906685,3.962352475477166,-0.4953558057155793,0.7259313751861388
70.0,57.0,153.86907958984375,-2.1609154595239097,1.8364904623709573,-4.897959591361964,-3.091478181014282,-3.0650406882038608,0.8276417623987835,-1.018377220976623,3.959611976100351,-0.4509861776011417,0.7198014352225557
70.0,57.0,157.30677795410156,-2.162990173870915,1.7435576844406988,-4.906684219487809,-3.093292834462877,-3.0553041264270413,0.8378295331787847,-1.0168554836504242,3.121367949811789,-0.4530281572558794,0.7038908090851647
70.0,57.0,173.24264526367188,-2.9723143171659294,1.7467743343781554,-4.8583524109262815,-3.132584168219534,-3.071824124186589,0.826754586818778,-0.0913498623214759,4.733588269388097,-0.4036389269487243,0.6670874524596352
70.0,57.0,195.34732055664065,-2.231613827182421,1.8321990446526968,-4.866113352983426,-3.0261039639965874,-2.552165394212508,1.2377426059092342,-1.0252071675690444,3.02090225580337,-0.6421029057584087,0.6719929696279708
70.0,57.0,201.98927307128903,-1.98819258044774,1.7798619475074795,-4.894690690503255,-3.055130308483988,-2.1143492942337563,-0.3882053757322306,-1.0476692760887747,3.940312643557072,-0.4433462810012531,0.2135938758592199
70.0,57.0,175.5135955810547,-3.9090488953949887,1.7859067540409015,-4.947877033145323,-2.438215959708819,-3.083639817184455,0.8145819375545251,-0.9752124298710154,3.60916111720354,-0.4453514141807003,1.3071532897292408
70.0,57.0,177.20172119140625,-2.163004423443636,1.737971465625274,-4.925498848591239,-3.1293729271101847,-3.1506172979169205,0.951207575174531,-1.0550994328194334,3.167719358709381,-0.465551946425227,0.748897062630347
70.0,57.0,207.7997436523437,-1.878446777562496,1.8184636884729564,-4.945847572074218,-2.935772792814228,-2.7586209797987675,0.4152510747326128,-0.5361435891777203,3.417745183195106,-0.4623578617382233,0.6767922270432076
70.0,57.0,185.05203247070312,-1.1634336281841922,1.7634276535254414,-4.9297489038604185,-3.100868806859845,-2.703901273312232,0.6075298580758075,-1.0241992066455738,3.538623880916033,-0.8190859334083451,0.7082343701449987
70.0,57.0,216.64889526367188,-3.119200354622974,1.0381176817895923,-4.69307522512295,-1.6392443033678898,-2.8010636188402933,0.2843458672433435,-0.9554619730909504,4.386770655722996,-0.4773885801804987,2.273100919956005
70.0,57.0,157.52903747558594,-2.192053348622568,1.87441233538722,-4.899599526173896,-3.070713187009112,-3.0397934425354225,0.8270894147384842,-1.0007685651146356,3.9753572603320144,-0.4551252744279134,0.7016983119508206
70.0,57.0,164.427734375,-2.045816405813829,1.914602949713644,-4.909358164697808,-3.159544243863593,-3.073424881620823,0.819084421150099,-1.0291311383212636,3.9621657774020473,-0.4579202965364257,0.7415662766545894
70.0,57.0,163.1170654296875,-2.262182604635345,1.7546218709582857,-4.889659471506729,-3.046517337157185,-3.062461727487332,0.8576627620996714,-1.037116245477434,3.1300660961303275,-0.4852830259866298,0.6692162493095577
70.0,57.0,163.98428344726562,-2.191017845125641,1.7567810428543835,-4.879567783254935,-3.1053353655616136,-3.1070153650877,0.800309594544896,-1.0467689757701173,3.178263293651874,-0.4513293239426467,0.7255529895016196
70.0,57.0,157.63848876953125,-2.164520901251332,1.7709650759387388,-4.893700152064328,-3.107942071577859,-3.0666969326078406,0.8431375970999005,-1.0191841902062042,3.111302989330833,-0.452673584898853,0.7255377912086537
70.0,57.0,198.92955017089844,-2.901213816136182,1.7803773808637768,-4.88402034992815,-2.9747744476823894,-2.46088963756745,1.2240671113630992,-1.0425592956820455,2.77965496681528,-0.9956604282242514,0.7429223395449174
70.0,57.0,159.69412231445312,-2.21963507341297,1.850328278453232,-4.863205470948095,-3.7754689176902456,-3.045361023325458,0.837599674561319,-1.0212324909712558,3.56024233985072,-0.4482199517405474,0.7422656486335322
70.0,57.0,160.38934326171875,-2.1239526524329047,1.7532778008160277,-4.793683137872873,-2.992665936417859,-3.0883299703921034,0.7444479414625762,-1.0498487622640318,3.959048847339001,-0.7967959506285662,0.7170082799296202
70.0,57.0,167.33126831054688,-2.195243219696053,1.732912456716364,-4.952303408796997,-3.0404810004496574,-2.486837149312666,0.9725129987175968,-1.040432910076463,4.327298931424326,-0.5054700396972046,0.7183652077019171
70.0,57.0,157.88693237304688,-2.0895187864432376,1.7450054793207703,-4.908734581383793,-3.091507813529983,-3.0654151968583503,0.830537404616832,-1.0266362885029725,3.1436708308767822,-0.4668707508227733,0.7151762910880104
70.0,57.0,176.62173461914062,-2.20869617842316,1.8375261195449464,-4.866618990287502,-3.079634566487367,-3.0383375236501147,1.7814783233730305,-1.0773382113713572,3.2195272042522185,-0.4472029430553767,0.7497071938601824
70.0,57.0,211.6270751953125,-1.9784052560237035,1.225594898222842,-4.945285294766198,-2.932509610172263,-2.756335558103621,0.7959291382496296,-1.00401021611483,3.525004630766553,-0.5182481459936163,0.8088510333817738
70.0,57.0,177.22738647460938,-3.031822186983138,1.6791418473451694,-4.877668685193823,-2.9482591144006984,-2.9861866945536053,1.899104024812023,-1.0602107898557596,4.708812942799022,-0.4490629330935093,0.7040525690094692
70.0,57.0,184.3595428466797,-3.1325116087393234,1.8226156302993608,-4.8738388928880605,-2.937807774063807,-3.043168316171073,0.3689388114989547,-1.0610093144615331,4.800049984976603,-0.5367132958862261,0.7529545531962287
70.0,57.0,195.0246734619141,-2.0847483171172727,2.005187132336637,-4.898152363025041,-3.077613306094874,-3.063437212666226,0.2891453475733071,-1.0302090323814603,3.810827270660635,-0.5150059022750842,0.6192214890595654
70.0,57.0,160.2692413330078,-1.055922459328694,1.7735920722761906,-4.937958133848109,-1.695201673496223,-3.064020344723154,0.8372423768827528,-1.0608401158966236,4.429729571994304,-0.4561175576200931,0.7202760905369371
70.0,58.0,157.60691833496094,-2.1221509371431435,1.8392303061078088,-4.902514539010984,-3.0864103908050646,-3.0538475418464337,0.8517324402109121,-1.0171489627324086,3.092931355225164,-0.4559853455206131,0.9824460715350812
70.0,58.0,168.0980224609375,-3.2278487130016216,1.753768992839587,-4.863266062731651,-3.0921527288226165,-3.0726437422766044,0.8434331347453555,-1.01509701060983,3.1428630678366947,-0.4530704410090107,0.7152916683461296
70.0,58.0,162.12002563476562,-2.064461842927496,1.7935466532309607,-4.901120978795082,-3.037351504864135,-2.9825109954659146,0.8614086155396931,-1.0144580723090246,3.120163282703889,-0.463391761074009,0.7101871668493809
70.0,58.0,195.2211761474609,-2.864067748512182,1.639527969597854,-4.86224001238643,-3.015338991699468,-3.005593938628276,1.8636780210418435,-0.9795361301075448,4.350618841738229,-0.5430293820279831,1.8810925325547152
70.0,58.0,158.04483032226562,-2.21765970013117,1.8058151277561227,-4.881248378154222,-3.0944936849034432,-3.057320051904991,0.8653348492673728,-1.0188310268088805,3.934260984212641,-0.4548674576004315,0.7490110930657472
70.0,58.0,165.0949249267578,-2.1430933335971862,1.7468090118271338,-4.905180748907829,-3.046386210728684,-3.007232627062506,1.3738084906230097,-1.0119052884588242,2.78786993956882,-0.4453474930019477,0.7449628217751612
70.0,58.0,156.08035278320312,-2.1580996450789263,1.728328627406782,-4.879695436337815,-3.0850529772078543,-3.06587044186364,0.8359929899162684,-1.015638048938622,3.5437633377229565,-0.4462973345896071,0.7233871726910266
70.0,58.0,174.51739501953125,-1.8180090199709509,1.8921895922915908,-4.881711525385145,-3.120553280677349,-3.087790182918976,0.8148130151846655,-0.9780650938600244,3.986098020806308,-0.4494517170419205,0.7160094098263119
70.0,58.0,174.614501953125,-2.227034146163842,1.832686956439855,-4.769771660094365,-3.0562012312643008,-3.157917249194937,0.9368057754768632,-1.0467761995966116,3.6071291214832697,-0.4886812744883836,0.7098252758321292
70.0,58.0,165.18101501464844,-2.124362585174133,1.7754425249654822,-4.901993624177192,-3.036284772154227,-3.052321729723961,0.8269125653067877,-1.007636463198222,4.085267855369448,-0.449336511112496,0.7425826928519252
70.0,58.0,172.8454132080078,-2.140759456848663,1.7270732818376076,-4.917444307938941,-2.718446194930848,-2.6309345188261464,0.8186788153349532,-1.0226438083731262,3.935217313576606,-0.4504659956736401,0.7049293556977643
70.0,58.0,189.3424530029297,-1.6654778376603645,1.8216954506499468,-4.88448924474563,-3.0112234600866628,-3.0729243492800946,1.51884918589441,-1.0323780136469032,4.769209589523967,-0.4525606313160583,1.2646532984835588
70.0,58.0,195.18731689453125,-3.2385980368204423,1.7285802312189276,-4.769632790165409,-2.8992951296389258,-2.989067015260295,1.235426606567029,-1.0938415675799396,4.735035877411996,-0.8179012791588454,0.9646891072118112
70.0,58.0,157.1793212890625,-2.17673112323086,1.7630889806315109,-4.947962877204266,-3.1028324367742366,-3.0636519528115214,0.8683887477877932,-1.019159302572574,3.972407963439197,-0.4467512917481424,0.6562931783266163
70.0,58.0,185.7307586669922,-1.163716510644251,1.7485075400870302,-4.90402542765216,-3.1354506946948386,-2.974354753058419,1.8430704883548663,-1.021506898955489,4.191479371458243,-0.4560823893101501,0.6980969632265781
70.0,58.0,187.08970642089844,-1.868172008367048,2.094711558011237,-4.916340618481853,-3.034833945932295,-3.127068816927179,0.8116274980483847,-1.0061694584086889,4.426442826042883,-0.482992725222463,0.3758729421462708
70.0,58.0,191.84878540039065,-1.703182562896261,1.8641094699429848,-4.939920888500646,-3.0965129407455096,-3.098787412969936,0.833102732206398,-1.022797354772564,3.4131316746658387,-0.454654993584258,0.7156951782098336
70.0,58.0,160.43174743652344,-2.151459286441727,1.90423910518166,-4.8357974123900185,-3.0298650166629133,-3.0903990647852853,1.847914090673568,-1.0054713900790966,4.348106831105531,-0.4774927454416172,0.7122873759067002
70.0,58.0,160.01856994628906,-2.220169854322381,1.7733973193895476,-4.877059725003649,-3.0383700245191645,-3.032693759079466,0.8641455062900459,-1.053383293827007,3.117527630893025,-0.4452152258004726,0.7565709844852148
70.0,58.0,172.45042419433594,-2.2856388135449874,1.7983065472075734,-4.9152118840128525,-2.944344402075404,-3.091502415524449,-0.2047567352745997,-1.0436516644445728,4.035607615730321,-0.4535442069256774,0.7019696934244728
70.0,58.0,186.8330078125,-1.7853518205863237,1.7579008871512047,-4.88124284597318,-3.1163490117040347,-1.958458825305892,0.9908394891083412,-1.0498054040342644,3.0799726605986453,-0.854878327751711,1.0093736433700458
70.0,58.0,195.885482788086,-3.055101307321643,1.7130907519872982,-4.923761354932361,-3.067700129161367,-3.676091893906986,-0.2104721990991027,-1.0287940558498576,3.8513918957441033,-0.4933109868924777,0.6480388338337907
70.0,58.0,202.11236572265625,-2.3232675121663315,1.995269073018336,-4.886403963184227,-4.253307286126856,-2.685616720888452,-0.855932775562634,-1.0228667816011985,3.571846683142864,-1.82067306700556,1.326899596566416
70.0,58.0,158.77488708496094,-2.158854283296905,1.838802077729664,-4.967389930184105,-3.087602054340424,-3.054527470934826,0.8187400208323105,-1.0186637036906685,3.962352475477166,-0.4953558057155793,0.7259313751861388
70.0,58.0,153.86907958984375,-2.1609154595239097,1.8364904623709573,-4.897959591361964,-3.091478181014282,-3.0650406882038608,0.8276417623987835,-1.018377220976623,3.959611976100351,-0.4509861776011417,0.7198014352225557
70.0,58.0,157.30677795410156,-2.162990173870915,1.7435576844406988,-4.906684219487809,-3.093292834462877,-3.0553041264270413,0.8378295331787847,-1.0168554836504242,3.121367949811789,-0.4530281572558794,0.7038908090851647
70.0,58.0,173.24264526367188,-2.9723143171659294,1.7467743343781554,-4.8583524109262815,-3.132584168219534,-3.071824124186589,0.826754586818778,-0.0913498623214759,4.733588269388097,-0.4036389269487243,0.6670874524596352
70.0,58.0,195.34732055664065,-2.231613827182421,1.8321990446526968,-4.866113352983426,-3.0261039639965874,-2.552165394212508,1.2377426059092342,-1.0252071675690444,3.02090225580337,-0.6421029057584087,0.6719929696279708
70.0,58.0,185.65823364257807,-2.22876884357522,1.7739466150690693,-4.907009689850877,-3.0883952934050622,-2.970422468162835,0.2604960148767463,-1.0497467252811066,4.033267865692439,-0.4488538575578685,1.1205854112437326
70.0,58.0,175.5135955810547,-3.9090488953949887,1.7859067540409015,-4.947877033145323,-2.438215959708819,-3.083639817184455,0.8145819375545251,-0.9752124298710154,3.60916111720354,-0.4453514141807003,1.3071532897292408
70.0,58.0,177.20172119140625,-2.163004423443636,1.737971465625274,-4.925498848591239,-3.1293729271101847,-3.1506172979169205,0.951207575174531,-1.0550994328194334,3.167719358709381,-0.465551946425227,0.748897062630347
70.0,58.0,207.7997436523437,-1.878446777562496,1.8184636884729564,-4.945847572074218,-2.935772792814228,-2.7586209797987675,0.4152510747326128,-0.5361435891777203,3.417745183195106,-0.4623578617382233,0.6767922270432076
70.0,58.0,185.05203247070312,-1.1634336281841922,1.7634276535254414,-4.9297489038604185,-3.100868806859845,-2.703901273312232,0.6075298580758075,-1.0241992066455738,3.538623880916033,-0.8190859334083451,0.7082343701449987
70.0,58.0,216.64889526367188,-3.119200354622974,1.0381176817895923,-4.69307522512295,-1.6392443033678898,-2.8010636188402933,0.2843458672433435,-0.9554619730909504,4.386770655722996,-0.4773885801804987,2.273100919956005
70.0,58.0,157.52903747558594,-2.192053348622568,1.87441233538722,-4.899599526173896,-3.070713187009112,-3.0397934425354225,0.8270894147384842,-1.0007685651146356,3.9753572603320144,-0.4551252744279134,0.7016983119508206
70.0,58.0,164.427734375,-2.045816405813829,1.914602949713644,-4.909358164697808,-3.159544243863593,-3.073424881620823,0.819084421150099,-1.0291311383212636,3.9621657774020473,-0.4579202965364257,0.7415662766545894
70.0,58.0,163.1170654296875,-2.262182604635345,1.7546218709582857,-4.889659471506729,-3.046517337157185,-3.062461727487332,0.8576627620996714,-1.037116245477434,3.1300660961303275,-0.4852830259866298,0.6692162493095577
70.0,58.0,163.98428344726562,-2.191017845125641,1.7567810428543835,-4.879567783254935,-3.1053353655616136,-3.1070153650877,0.800309594544896,-1.0467689757701173,3.178263293651874,-0.4513293239426467,0.7255529895016196
70.0,58.0,157.63848876953125,-2.164520901251332,1.7709650759387388,-4.893700152064328,-3.107942071577859,-3.0666969326078406,0.8431375970999005,-1.0191841902062042,3.111302989330833,-0.452673584898853,0.7255377912086537
70.0,58.0,198.92955017089844,-2.901213816136182,1.7803773808637768,-4.88402034992815,-2.9747744476823894,-2.46088963756745,1.2240671113630992,-1.0425592956820455,2.77965496681528,-0.9956604282242514,0.7429223395449174
70.0,58.0,159.69412231445312,-2.21963507341297,1.850328278453232,-4.863205470948095,-3.7754689176902456,-3.045361023325458,0.837599674561319,-1.0212324909712558,3.56024233985072,-0.4482199517405474,0.7422656486335322
70.0,58.0,160.38934326171875,-2.1239526524329047,1.7532778008160277,-4.793683137872873,-2.992665936417859,-3.0883299703921034,0.7444479414625762,-1.0498487622640318,3.959048847339001,-0.7967959506285662,0.7170082799296202
70.0,58.0,167.33126831054688,-2.195243219696053,1.732912456716364,-4.952303408796997,-3.0404810004496574,-2.486837149312666,0.9725129987175968,-1.040432910076463,4.327298931424326,-0.5054700396972046,0.7183652077019171
70.0,58.0,157.88693237304688,-2.0895187864432376,1.7450054793207703,-4.908734581383793,-3.091507813529983,-3.0654151968583503,0.830537404616832,-1.0266362885029725,3.1436708308767822,-0.4668707508227733,0.7151762910880104
70.0,58.0,176.62173461914062,-2.20869617842316,1.8375261195449464,-4.866618990287502,-3.079634566487367,-3.0383375236501147,1.7814783233730305,-1.0773382113713572,3.2195272042522185,-0.4472029430553767,0.7497071938601824
70.0,58.0,211.6270751953125,-1.9784052560237035,1.225594898222842,-4.945285294766198,-2.932509610172263,-2.756335558103621,0.7959291382496296,-1.00401021611483,3.525004630766553,-0.5182481459936163,0.8088510333817738
70.0,58.0,177.22738647460938,-3.031822186983138,1.6791418473451694,-4.877668685193823,-2.9482591144006984,-2.9861866945536053,1.899104024812023,-1.0602107898557596,4.708812942799022,-0.4490629330935093,0.7040525690094692
70.0,58.0,184.3595428466797,-3.1325116087393234,1.8226156302993608,-4.8738388928880605,-2.937807774063807,-3.043168316171073,0.3689388114989547,-1.0610093144615331,4.800049984976603,-0.5367132958862261,0.7529545531962287
70.0,58.0,195.0246734619141,-2.0847483171172727,2.005187132336637,-4.898152363025041,-3.077613306094874,-3.063437212666226,0.2891453475733071,-1.0302090323814603,3.810827270660635,-0.5150059022750842,0.6192214890595654
70.0,58.0,160.2692413330078,-1.055922459328694,1.7735920722761906,-4.937958133848109,-1.695201673496223,-3.064020344723154,0.8372423768827528,-1.0608401158966236,4.429729571994304,-0.4561175576200931,0.7202760905369371
70.0,59.0,157.60691833496094,-2.1221509371431435,1.8392303061078088,-4.902514539010984,-3.0864103908050646,-3.0538475418464337,0.8517324402109121,-1.0171489627324086,3.092931355225164,-0.4559853455206131,0.9824460715350812
70.0,59.0,168.0980224609375,-3.2278487130016216,1.753768992839587,-4.863266062731651,-3.0921527288226165,-3.0726437422766044,0.8434331347453555,-1.01509701060983,3.1428630678366947,-0.4530704410090107,0.7152916683461296
70.0,59.0,162.12002563476562,-2.064461842927496,1.7935466532309607,-4.901120978795082,-3.037351504864135,-2.9825109954659146,0.8614086155396931,-1.0144580723090246,3.120163282703889,-0.463391761074009,0.7101871668493809
70.0,59.0,195.2211761474609,-2.864067748512182,1.639527969597854,-4.86224001238643,-3.015338991699468,-3.005593938628276,1.8636780210418435,-0.9795361301075448,4.350618841738229,-0.5430293820279831,1.8810925325547152
70.0,59.0,158.04483032226562,-2.21765970013117,1.8058151277561227,-4.881248378154222,-3.0944936849034432,-3.057320051904991,0.8653348492673728,-1.0188310268088805,3.934260984212641,-0.4548674576004315,0.7490110930657472
70.0,59.0,165.0949249267578,-2.1430933335971862,1.7468090118271338,-4.905180748907829,-3.046386210728684,-3.007232627062506,1.3738084906230097,-1.0119052884588242,2.78786993956882,-0.4453474930019477,0.7449628217751612
70.0,59.0,156.08035278320312,-2.1580996450789263,1.728328627406782,-4.879695436337815,-3.0850529772078543,-3.06587044186364,0.8359929899162684,-1.015638048938622,3.5437633377229565,-0.4462973345896071,0.7233871726910266
70.0,59.0,174.51739501953125,-1.8180090199709509,1.8921895922915908,-4.881711525385145,-3.120553280677349,-3.087790182918976,0.8148130151846655,-0.9780650938600244,3.986098020806308,-0.4494517170419205,0.7160094098263119
70.0,59.0,174.33206176757812,-2.217231359338017,2.000364033781671,-4.802759440712059,-3.117100364899904,-3.0734971347087896,0.8930475905950038,-1.051793277420206,4.017716939904631,-0.494413731917827,0.7079306695779287
70.0,59.0,155.6203155517578,-2.090721397134833,1.7619556340529412,-4.895578988224402,-3.0091265827801084,-3.097836116589629,0.827207589492624,-0.9906860916588356,3.939745949826409,-0.4516475270577018,0.7098554019473886
70.0,59.0,172.8454132080078,-2.140759456848663,1.7270732818376076,-4.917444307938941,-2.718446194930848,-2.6309345188261464,0.8186788153349532,-1.0226438083731262,3.935217313576606,-0.4504659956736401,0.7049293556977643
70.0,59.0,189.3424530029297,-1.6654778376603645,1.8216954506499468,-4.88448924474563,-3.0112234600866628,-3.0729243492800946,1.51884918589441,-1.0323780136469032,4.769209589523967,-0.4525606313160583,1.2646532984835588
70.0,59.0,195.18731689453125,-3.2385980368204423,1.7285802312189276,-4.769632790165409,-2.8992951296389258,-2.989067015260295,1.235426606567029,-1.0938415675799396,4.735035877411996,-0.8179012791588454,0.9646891072118112
70.0,59.0,157.1793212890625,-2.17673112323086,1.7630889806315109,-4.947962877204266,-3.1028324367742366,-3.0636519528115214,0.8683887477877932,-1.019159302572574,3.972407963439197,-0.4467512917481424,0.6562931783266163
70.0,59.0,185.7307586669922,-1.163716510644251,1.7485075400870302,-4.90402542765216,-3.1354506946948386,-2.974354753058419,1.8430704883548663,-1.021506898955489,4.191479371458243,-0.4560823893101501,0.6980969632265781
70.0,59.0,187.08970642089844,-1.868172008367048,2.094711558011237,-4.916340618481853,-3.034833945932295,-3.127068816927179,0.8116274980483847,-1.0061694584086889,4.426442826042883,-0.482992725222463,0.3758729421462708
70.0,59.0,162.2813720703125,-1.9951047284585448,1.827218989111244,-4.901835959388207,-3.09468892818314,-3.066632929818869,0.7731914387028584,-1.036025772334188,3.906458651485258,-0.4561981885120938,0.7206230037097227
70.0,59.0,160.43174743652344,-2.151459286441727,1.90423910518166,-4.8357974123900185,-3.0298650166629133,-3.0903990647852853,1.847914090673568,-1.0054713900790966,4.348106831105531,-0.4774927454416172,0.7122873759067002
70.0,59.0,160.01856994628906,-2.220169854322381,1.7733973193895476,-4.877059725003649,-3.0383700245191645,-3.032693759079466,0.8641455062900459,-1.053383293827007,3.117527630893025,-0.4452152258004726,0.7565709844852148
70.0,59.0,172.45042419433594,-2.2856388135449874,1.7983065472075734,-4.9152118840128525,-2.944344402075404,-3.091502415524449,-0.2047567352745997,-1.0436516644445728,4.035607615730321,-0.4535442069256774,0.7019696934244728
70.0,59.0,186.8330078125,-1.7853518205863237,1.7579008871512047,-4.88124284597318,-3.1163490117040347,-1.958458825305892,0.9908394891083412,-1.0498054040342644,3.0799726605986453,-0.854878327751711,1.0093736433700458
70.0,59.0,195.885482788086,-3.055101307321643,1.7130907519872982,-4.923761354932361,-3.067700129161367,-3.676091893906986,-0.2104721990991027,-1.0287940558498576,3.8513918957441033,-0.4933109868924777,0.6480388338337907
70.0,59.0,202.11236572265625,-2.3232675121663315,1.995269073018336,-4.886403963184227,-4.253307286126856,-2.685616720888452,-0.855932775562634,-1.0228667816011985,3.571846683142864,-1.82067306700556,1.326899596566416
70.0,59.0,156.9078826904297,-2.160110906040201,1.83657697243402,-4.948008769288303,-3.0905872588723744,-3.056379439477813,0.8212266893369324,-1.0176361331733672,3.968352999482916,-0.4823457845339571,0.730643923378117
70.0,59.0,153.86907958984375,-2.1609154595239097,1.8364904623709573,-4.897959591361964,-3.091478181014282,-3.0650406882038608,0.8276417623987835,-1.018377220976623,3.959611976100351,-0.4509861776011417,0.7198014352225557
70.0,59.0,157.30677795410156,-2.162990173870915,1.7435576844406988,-4.906684219487809,-3.093292834462877,-3.0553041264270413,0.8378295331787847,-1.0168554836504242,3.121367949811789,-0.4530281572558794,0.7038908090851647
70.0,59.0,173.24264526367188,-2.9723143171659294,1.7467743343781554,-4.8583524109262815,-3.132584168219534,-3.071824124186589,0.826754586818778,-0.0913498623214759,4.733588269388097,-0.4036389269487243,0.6670874524596352
70.0,59.0,195.34732055664065,-2.231613827182421,1.8321990446526968,-4.866113352983426,-3.0261039639965874,-2.552165394212508,1.2377426059092342,-1.0252071675690444,3.02090225580337,-0.6421029057584087,0.6719929696279708
70.0,59.0,185.65823364257807,-2.22876884357522,1.7739466150690693,-4.907009689850877,-3.0883952934050622,-2.970422468162835,0.2604960148767463,-1.0497467252811066,4.033267865692439,-0.4488538575578685,1.1205854112437326
70.0,59.0,175.5135955810547,-3.9090488953949887,1.7859067540409015,-4.947877033145323,-2.438215959708819,-3.083639817184455,0.8145819375545251,-0.9752124298710154,3.60916111720354,-0.4453514141807003,1.3071532897292408
70.0,59.0,177.20172119140625,-2.163004423443636,1.737971465625274,-4.925498848591239,-3.1293729271101847,-3.1506172979169205,0.951207575174531,-1.0550994328194334,3.167719358709381,-0.465551946425227,0.748897062630347
70.0,59.0,207.7997436523437,-1.878446777562496,1.8184636884729564,-4.945847572074218,-2.935772792814228,-2.7586209797987675,0.4152510747326128,-0.5361435891777203,3.417745183195106,-0.4623578617382233,0.6767922270432076
70.0,59.0,185.05203247070312,-1.1634336281841922,1.7634276535254414,-4.9297489038604185,-3.100868806859845,-2.703901273312232,0.6075298580758075,-1.0241992066455738,3.538623880916033,-0.8190859334083451,0.7082343701449987
70.0,59.0,216.64889526367188,-3.119200354622974,1.0381176817895923,-4.69307522512295,-1.6392443033678898,-2.8010636188402933,0.2843458672433435,-0.9554619730909504,4.386770655722996,-0.4773885801804987,2.273100919956005
70.0,59.0,157.52903747558594,-2.192053348622568,1.87441233538722,-4.899599526173896,-3.070713187009112,-3.0397934425354225,0.8270894147384842,-1.0007685651146356,3.9753572603320144,-0.4551252744279134,0.7016983119508206
70.0,59.0,164.427734375,-2.045816405813829,1.914602949713644,-4.909358164697808,-3.159544243863593,-3.073424881620823,0.819084421150099,-1.0291311383212636,3.9621657774020473,-0.4579202965364257,0.7415662766545894
70.0,59.0,163.1170654296875,-2.262182604635345,1.7546218709582857,-4.889659471506729,-3.046517337157185,-3.062461727487332,0.8576627620996714,-1.037116245477434,3.1300660961303275,-0.4852830259866298,0.6692162493095577
70.0,59.0,163.98428344726562,-2.191017845125641,1.7567810428543835,-4.879567783254935,-3.1053353655616136,-3.1070153650877,0.800309594544896,-1.0467689757701173,3.178263293651874,-0.4513293239426467,0.7255529895016196
70.0,59.0,157.63848876953125,-2.164520901251332,1.7709650759387388,-4.893700152064328,-3.107942071577859,-3.0666969326078406,0.8431375970999005,-1.0191841902062042,3.111302989330833,-0.452673584898853,0.7255377912086537
70.0,59.0,198.92955017089844,-2.901213816136182,1.7803773808637768,-4.88402034992815,-2.9747744476823894,-2.46088963756745,1.2240671113630992,-1.0425592956820455,2.77965496681528,-0.9956604282242514,0.7429223395449174
70.0,59.0,159.69412231445312,-2.21963507341297,1.850328278453232,-4.863205470948095,-3.7754689176902456,-3.045361023325458,0.837599674561319,-1.0212324909712558,3.56024233985072,-0.4482199517405474,0.7422656486335322
70.0,59.0,160.38934326171875,-2.1239526524329047,1.7532778008160277,-4.793683137872873,-2.992665936417859,-3.0883299703921034,0.7444479414625762,-1.0498487622640318,3.959048847339001,-0.7967959506285662,0.7170082799296202
70.0,59.0,167.33126831054688,-2.195243219696053,1.732912456716364,-4.952303408796997,-3.0404810004496574,-2.486837149312666,0.9725129987175968,-1.040432910076463,4.327298931424326,-0.5054700396972046,0.7183652077019171
70.0,59.0,157.88693237304688,-2.0895187864432376,1.7450054793207703,-4.908734581383793,-3.091507813529983,-3.0654151968583503,0.830537404616832,-1.0266362885029725,3.1436708308767822,-0.4668707508227733,0.7151762910880104
70.0,59.0,176.62173461914062,-2.20869617842316,1.8375261195449464,-4.866618990287502,-3.079634566487367,-3.0383375236501147,1.7814783233730305,-1.0773382113713572,3.2195272042522185,-0.4472029430553767,0.7497071938601824
70.0,59.0,211.6270751953125,-1.9784052560237035,1.225594898222842,-4.945285294766198,-2.932509610172263,-2.756335558103621,0.7959291382496296,-1.00401021611483,3.525004630766553,-0.5182481459936163,0.8088510333817738
70.0,59.0,177.22738647460938,-3.031822186983138,1.6791418473451694,-4.877668685193823,-2.9482591144006984,-2.9861866945536053,1.899104024812023,-1.0602107898557596,4.708812942799022,-0.4490629330935093,0.7040525690094692
70.0,59.0,184.3595428466797,-3.1325116087393234,1.8226156302993608,-4.8738388928880605,-2.937807774063807,-3.043168316171073,0.3689388114989547,-1.0610093144615331,4.800049984976603,-0.5367132958862261,0.7529545531962287
70.0,59.0,195.0246734619141,-2.0847483171172727,2.005187132336637,-4.898152363025041,-3.077613306094874,-3.063437212666226,0.2891453475733071,-1.0302090323814603,3.810827270660635,-0.5150059022750842,0.6192214890595654
70.0,59.0,160.2692413330078,-1.055922459328694,1.7735920722761906,-4.937958133848109,-1.695201673496223,-3.064020344723154,0.8372423768827528,-1.0608401158966236,4.429729571994304,-0.4561175576200931,0.7202760905369371
70.0,60.0,157.60691833496094,-2.1221509371431435,1.8392303061078088,-4.902514539010984,-3.0864103908050646,-3.0538475418464337,0.8517324402109121,-1.0171489627324086,3.092931355225164,-0.4559853455206131,0.9824460715350812
70.0,60.0,168.0980224609375,-3.2278487130016216,1.753768992839587,-4.863266062731651,-3.0921527288226165,-3.0726437422766044,0.8434331347453555,-1.01509701060983,3.1428630678366947,-0.4530704410090107,0.7152916683461296
70.0,60.0,162.12002563476562,-2.064461842927496,1.7935466532309607,-4.901120978795082,-3.037351504864135,-2.9825109954659146,0.8614086155396931,-1.0144580723090246,3.120163282703889,-0.463391761074009,0.7101871668493809
70.0,60.0,195.2211761474609,-2.864067748512182,1.639527969597854,-4.86224001238643,-3.015338991699468,-3.005593938628276,1.8636780210418435,-0.9795361301075448,4.350618841738229,-0.5430293820279831,1.8810925325547152
70.0,60.0,158.04483032226562,-2.21765970013117,1.8058151277561227,-4.881248378154222,-3.0944936849034432,-3.057320051904991,0.8653348492673728,-1.0188310268088805,3.934260984212641,-0.4548674576004315,0.7490110930657472
70.0,60.0,165.0949249267578,-2.1430933335971862,1.7468090118271338,-4.905180748907829,-3.046386210728684,-3.007232627062506,1.3738084906230097,-1.0119052884588242,2.78786993956882,-0.4453474930019477,0.7449628217751612
70.0,60.0,156.08035278320312,-2.1580996450789263,1.728328627406782,-4.879695436337815,-3.0850529772078543,-3.06587044186364,0.8359929899162684,-1.015638048938622,3.5437633377229565,-0.4462973345896071,0.7233871726910266
70.0,60.0,167.8093719482422,-1.8540747827400976,1.8351808981215496,-4.883236276542231,-3.14283975336005,-3.104656991645765,0.8481963139497394,-1.0234917215829766,3.9503541585205286,-0.4512833845174288,0.7166002572109226
70.0,60.0,174.33206176757812,-2.217231359338017,2.000364033781671,-4.802759440712059,-3.117100364899904,-3.0734971347087896,0.8930475905950038,-1.051793277420206,4.017716939904631,-0.494413731917827,0.7079306695779287
70.0,60.0,155.6203155517578,-2.090721397134833,1.7619556340529412,-4.895578988224402,-3.0091265827801084,-3.097836116589629,0.827207589492624,-0.9906860916588356,3.939745949826409,-0.4516475270577018,0.7098554019473886
70.0,60.0,172.8454132080078,-2.140759456848663,1.7270732818376076,-4.917444307938941,-2.718446194930848,-2.6309345188261464,0.8186788153349532,-1.0226438083731262,3.935217313576606,-0.4504659956736401,0.7049293556977643
70.0,60.0,189.3424530029297,-1.6654778376603645,1.8216954506499468,-4.88448924474563,-3.0112234600866628,-3.0729243492800946,1.51884918589441,-1.0323780136469032,4.769209589523967,-0.4525606313160583,1.2646532984835588
70.0,60.0,195.18731689453125,-3.2385980368204423,1.7285802312189276,-4.769632790165409,-2.8992951296389258,-2.989067015260295,1.235426606567029,-1.0938415675799396,4.735035877411996,-0.8179012791588454,0.9646891072118112
70.0,60.0,157.1793212890625,-2.17673112323086,1.7630889806315109,-4.947962877204266,-3.1028324367742366,-3.0636519528115214,0.8683887477877932,-1.019159302572574,3.972407963439197,-0.4467512917481424,0.6562931783266163
70.0,60.0,185.7307586669922,-1.163716510644251,1.7485075400870302,-4.90402542765216,-3.1354506946948386,-2.974354753058419,1.8430704883548663,-1.021506898955489,4.191479371458243,-0.4560823893101501,0.6980969632265781
70.0,60.0,187.08970642089844,-1.868172008367048,2.094711558011237,-4.916340618481853,-3.034833945932295,-3.127068816927179,0.8116274980483847,-1.0061694584086889,4.426442826042883,-0.482992725222463,0.3758729421462708
70.0,60.0,156.25230407714844,-2.1166559965614424,1.834902514920512,-4.885862435872542,-3.093154710656523,-3.06509410859945,0.8034191455011641,-1.007992498816969,3.937809113965824,-0.4491027083378685,0.7185695193488884
70.0,60.0,160.43174743652344,-2.151459286441727,1.90423910518166,-4.8357974123900185,-3.0298650166629133,-3.0903990647852853,1.847914090673568,-1.0054713900790966,4.348106831105531,-0.4774927454416172,0.7122873759067002
70.0,60.0,160.01856994628906,-2.220169854322381,1.7733973193895476,-4.877059725003649,-3.0383700245191645,-3.032693759079466,0.8641455062900459,-1.053383293827007,3.117527630893025,-0.4452152258004726,0.7565709844852148
70.0,60.0,172.45042419433594,-2.2856388135449874,1.7983065472075734,-4.9152118840128525,-2.944344402075404,-3.091502415524449,-0.2047567352745997,-1.0436516644445728,4.035607615730321,-0.4535442069256774,0.7019696934244728
70.0,60.0,186.8330078125,-1.7853518205863237,1.7579008871512047,-4.88124284597318,-3.1163490117040347,-1.958458825305892,0.9908394891083412,-1.0498054040342644,3.0799726605986453,-0.854878327751711,1.0093736433700458
70.0,60.0,195.885482788086,-3.055101307321643,1.7130907519872982,-4.923761354932361,-3.067700129161367,-3.676091893906986,-0.2104721990991027,-1.0287940558498576,3.8513918957441033,-0.4933109868924777,0.6480388338337907
70.0,60.0,202.11236572265625,-2.3232675121663315,1.995269073018336,-4.886403963184227,-4.253307286126856,-2.685616720888452,-0.855932775562634,-1.0228667816011985,3.571846683142864,-1.82067306700556,1.326899596566416
70.0,60.0,154.51101684570312,-2.161296778032784,1.8372681880748905,-4.952598188354874,-3.093016038075817,-3.060398025240945,0.8227286039446494,-1.0183692514927902,3.9726120038915,-0.445125876380093,0.7278098774632328
70.0,60.0,153.86907958984375,-2.1609154595239097,1.8364904623709573,-4.897959591361964,-3.091478181014282,-3.0650406882038608,0.8276417623987835,-1.018377220976623,3.959611976100351,-0.4509861776011417,0.7198014352225557
70.0,60.0,157.30677795410156,-2.162990173870915,1.7435576844406988,-4.906684219487809,-3.093292834462877,-3.0553041264270413,0.8378295331787847,-1.0168554836504242,3.121367949811789,-0.4530281572558794,0.7038908090851647
70.0,60.0,173.24264526367188,-2.9723143171659294,1.7467743343781554,-4.8583524109262815,-3.132584168219534,-3.071824124186589,0.826754586818778,-0.0913498623214759,4.733588269388097,-0.4036389269487243,0.6670874524596352
70.0,60.0,195.34732055664065,-2.231613827182421,1.8321990446526968,-4.866113352983426,-3.0261039639965874,-2.552165394212508,1.2377426059092342,-1.0252071675690444,3.02090225580337,-0.6421029057584087,0.6719929696279708
70.0,60.0,185.65823364257807,-2.22876884357522,1.7739466150690693,-4.907009689850877,-3.0883952934050622,-2.970422468162835,0.2604960148767463,-1.0497467252811066,4.033267865692439,-0.4488538575578685,1.1205854112437326
70.0,60.0,175.5135955810547,-3.9090488953949887,1.7859067540409015,-4.947877033145323,-2.438215959708819,-3.083639817184455,0.8145819375545251,-0.9752124298710154,3.60916111720354,-0.4453514141807003,1.3071532897292408
70.0,60.0,177.20172119140625,-2.163004423443636,1.737971465625274,-4.925498848591239,-3.1293729271101847,-3.1506172979169205,0.951207575174531,-1.0550994328194334,3.167719358709381,-0.465551946425227,0.748897062630347
70.0,60.0,206.8770446777344,-1.716213921354847,1.827857101172784,-4.857893978422492,-2.9218776910536857,-3.141596787047059,-0.476663000129307,-0.6157315263072807,3.634280847021497,-0.4485069601913071,0.7201741171615993
70.0,60.0,171.82424926757812,-2.1565881103445084,1.7589300531631542,-4.877184783534672,-3.1054236353496405,-2.540315518966308,0.7644796905546226,-1.027950636051184,3.8269441208931614,-0.4706755972160246,0.7165877176177939
70.0,60.0,216.64889526367188,-3.119200354622974,1.0381176817895923,-4.69307522512295,-1.6392443033678898,-2.8010636188402933,0.2843458672433435,-0.9554619730909504,4.386770655722996,-0.4773885801804987,2.273100919956005
70.0,60.0,157.52903747558594,-2.192053348622568,1.87441233538722,-4.899599526173896,-3.070713187009112,-3.0397934425354225,0.8270894147384842,-1.0007685651146356,3.9753572603320144,-0.4551252744279134,0.7016983119508206
70.0,60.0,164.427734375,-2.045816405813829,1.914602949713644,-4.909358164697808,-3.159544243863593,-3.073424881620823,0.819084421150099,-1.0291311383212636,3.9621657774020473,-0.4579202965364257,0.7415662766545894
70.0,60.0,163.1170654296875,-2.262182604635345,1.7546218709582857,-4.889659471506729,-3.046517337157185,-3.062461727487332,0.8576627620996714,-1.037116245477434,3.1300660961303275,-0.4852830259866298,0.6692162493095577
70.0,60.0,163.98428344726562,-2.191017845125641,1.7567810428543835,-4.879567783254935,-3.1053353655616136,-3.1070153650877,0.800309594544896,-1.0467689757701173,3.178263293651874,-0.4513293239426467,0.7255529895016196
70.0,60.0,157.63848876953125,-2.164520901251332,1.7709650759387388,-4.893700152064328,-3.107942071577859,-3.0666969326078406,0.8431375970999005,-1.0191841902062042,3.111302989330833,-0.452673584898853,0.7255377912086537
70.0,60.0,198.92955017089844,-2.901213816136182,1.7803773808637768,-4.88402034992815,-2.9747744476823894,-2.46088963756745,1.2240671113630992,-1.0425592956820455,2.77965496681528,-0.9956604282242514,0.7429223395449174
70.0,60.0,159.69412231445312,-2.21963507341297,1.850328278453232,-4.863205470948095,-3.7754689176902456,-3.045361023325458,0.837599674561319,-1.0212324909712558,3.56024233985072,-0.4482199517405474,0.7422656486335322
70.0,60.0,160.38934326171875,-2.1239526524329047,1.7532778008160277,-4.793683137872873,-2.992665936417859,-3.0883299703921034,0.7444479414625762,-1.0498487622640318,3.959048847339001,-0.7967959506285662,0.7170082799296202
70.0,60.0,167.33126831054688,-2.195243219696053,1.732912456716364,-4.952303408796997,-3.0404810004496574,-2.486837149312666,0.9725129987175968,-1.040432910076463,4.327298931424326,-0.5054700396972046,0.7183652077019171
70.0,60.0,157.88693237304688,-2.0895187864432376,1.7450054793207703,-4.908734581383793,-3.091507813529983,-3.0654151968583503,0.830537404616832,-1.0266362885029725,3.1436708308767822,-0.4668707508227733,0.7151762910880104
70.0,60.0,158.0673828125,-2.13478528945232,1.8441109636686763,-4.929363763692761,-3.1294766675918138,-3.0546509867568057,1.330469986782295,-1.0107985278553162,3.543151829295136,-0.4498499097984712,0.7093224768745058
70.0,60.0,211.6270751953125,-1.9784052560237035,1.225594898222842,-4.945285294766198,-2.932509610172263,-2.756335558103621,0.7959291382496296,-1.00401021611483,3.525004630766553,-0.5182481459936163,0.8088510333817738
70.0,60.0,166.35174560546875,-2.1839826523029533,1.7317492785414006,-4.863157585567276,-3.029274897849917,-3.064382047472599,1.331655290503512,-1.1420135338704025,4.388284810045576,-0.4504803565165269,0.7005964702626328
70.0,60.0,184.3595428466797,-3.1325116087393234,1.8226156302993608,-4.8738388928880605,-2.937807774063807,-3.043168316171073,0.3689388114989547,-1.0610093144615331,4.800049984976603,-0.5367132958862261,0.7529545531962287
70.0,60.0,195.0246734619141,-2.0847483171172727,2.005187132336637,-4.898152363025041,-3.077613306094874,-3.063437212666226,0.2891453475733071,-1.0302090323814603,3.810827270660635,-0.5150059022750842,0.6192214890595654
70.0,60.0,160.2692413330078,-1.055922459328694,1.7735920722761906,-4.937958133848109,-1.695201673496223,-3.064020344723154,0.8372423768827528,-1.0608401158966236,4.429729571994304,-0.4561175576200931,0.7202760905369371
70.0,61.0,157.60691833496094,-2.1221509371431435,1.8392303061078088,-4.902514539010984,-3.0864103908050646,-3.0538475418464337,0.8517324402109121,-1.0171489627324086,3.092931355225164,-0.4559853455206131,0.9824460715350812
70.0,61.0,168.0980224609375,-3.2278487130016216,1.753768992839587,-4.863266062731651,-3.0921527288226165,-3.0726437422766044,0.8434331347453555,-1.01509701060983,3.1428630678366947,-0.4530704410090107,0.7152916683461296
70.0,61.0,162.12002563476562,-2.064461842927496,1.7935466532309607,-4.901120978795082,-3.037351504864135,-2.9825109954659146,0.8614086155396931,-1.0144580723090246,3.120163282703889,-0.463391761074009,0.7101871668493809
70.0,61.0,195.2211761474609,-2.864067748512182,1.639527969597854,-4.86224001238643,-3.015338991699468,-3.005593938628276,1.8636780210418435,-0.9795361301075448,4.350618841738229,-0.5430293820279831,1.8810925325547152
70.0,61.0,158.04483032226562,-2.21765970013117,1.8058151277561227,-4.881248378154222,-3.0944936849034432,-3.057320051904991,0.8653348492673728,-1.0188310268088805,3.934260984212641,-0.4548674576004315,0.7490110930657472
70.0,61.0,165.0949249267578,-2.1430933335971862,1.7468090118271338,-4.905180748907829,-3.046386210728684,-3.007232627062506,1.3738084906230097,-1.0119052884588242,2.78786993956882,-0.4453474930019477,0.7449628217751612
70.0,61.0,156.08035278320312,-2.1580996450789263,1.728328627406782,-4.879695436337815,-3.0850529772078543,-3.06587044186364,0.8359929899162684,-1.015638048938622,3.5437633377229565,-0.4462973345896071,0.7233871726910266
70.0,61.0,167.8093719482422,-1.8540747827400976,1.8351808981215496,-4.883236276542231,-3.14283975336005,-3.104656991645765,0.8481963139497394,-1.0234917215829766,3.9503541585205286,-0.4512833845174288,0.7166002572109226
70.0,61.0,174.33206176757812,-2.217231359338017,2.000364033781671,-4.802759440712059,-3.117100364899904,-3.0734971347087896,0.8930475905950038,-1.051793277420206,4.017716939904631,-0.494413731917827,0.7079306695779287
70.0,61.0,155.6203155517578,-2.090721397134833,1.7619556340529412,-4.895578988224402,-3.0091265827801084,-3.097836116589629,0.827207589492624,-0.9906860916588356,3.939745949826409,-0.4516475270577018,0.7098554019473886
70.0,61.0,170.6083221435547,-2.117613965923986,1.8067013130087703,-4.874892527173709,-2.280319388944093,-3.2605119332181136,0.8402574913944493,-1.0325040191649713,4.417669055502675,-0.4520018294468969,0.7059838359693681
70.0,61.0,189.3424530029297,-1.6654778376603645,1.8216954506499468,-4.88448924474563,-3.0112234600866628,-3.0729243492800946,1.51884918589441,-1.0323780136469032,4.769209589523967,-0.4525606313160583,1.2646532984835588
70.0,61.0,195.18731689453125,-3.2385980368204423,1.7285802312189276,-4.769632790165409,-2.8992951296389258,-2.989067015260295,1.235426606567029,-1.0938415675799396,4.735035877411996,-0.8179012791588454,0.9646891072118112
70.0,61.0,157.1793212890625,-2.17673112323086,1.7630889806315109,-4.947962877204266,-3.1028324367742366,-3.0636519528115214,0.8683887477877932,-1.019159302572574,3.972407963439197,-0.4467512917481424,0.6562931783266163
70.0,61.0,185.7307586669922,-1.163716510644251,1.7485075400870302,-4.90402542765216,-3.1354506946948386,-2.974354753058419,1.8430704883548663,-1.021506898955489,4.191479371458243,-0.4560823893101501,0.6980969632265781
70.0,61.0,187.08970642089844,-1.868172008367048,2.094711558011237,-4.916340618481853,-3.034833945932295,-3.127068816927179,0.8116274980483847,-1.0061694584086889,4.426442826042883,-0.482992725222463,0.3758729421462708
70.0,61.0,156.25230407714844,-2.1166559965614424,1.834902514920512,-4.885862435872542,-3.093154710656523,-3.06509410859945,0.8034191455011641,-1.007992498816969,3.937809113965824,-0.4491027083378685,0.7185695193488884
70.0,61.0,160.43174743652344,-2.151459286441727,1.90423910518166,-4.8357974123900185,-3.0298650166629133,-3.0903990647852853,1.847914090673568,-1.0054713900790966,4.348106831105531,-0.4774927454416172,0.7122873759067002
70.0,61.0,160.01856994628906,-2.220169854322381,1.7733973193895476,-4.877059725003649,-3.0383700245191645,-3.032693759079466,0.8641455062900459,-1.053383293827007,3.117527630893025,-0.4452152258004726,0.7565709844852148
70.0,61.0,172.45042419433594,-2.2856388135449874,1.7983065472075734,-4.9152118840128525,-2.944344402075404,-3.091502415524449,-0.2047567352745997,-1.0436516644445728,4.035607615730321,-0.4535442069256774,0.7019696934244728
70.0,61.0,186.8330078125,-1.7853518205863237,1.7579008871512047,-4.88124284597318,-3.1163490117040347,-1.958458825305892,0.9908394891083412,-1.0498054040342644,3.0799726605986453,-0.854878327751711,1.0093736433700458
70.0,61.0,195.885482788086,-3.055101307321643,1.7130907519872982,-4.923761354932361,-3.067700129161367,-3.676091893906986,-0.2104721990991027,-1.0287940558498576,3.8513918957441033,-0.4933109868924777,0.6480388338337907
70.0,61.0,202.11236572265625,-2.3232675121663315,1.995269073018336,-4.886403963184227,-4.253307286126856,-2.685616720888452,-0.855932775562634,-1.0228667816011985,3.571846683142864,-1.82067306700556,1.326899596566416
70.0,61.0,154.51101684570312,-2.161296778032784,1.8372681880748905,-4.952598188354874,-3.093016038075817,-3.060398025240945,0.8227286039446494,-1.0183692514927902,3.9726120038915,-0.445125876380093,0.7278098774632328
70.0,61.0,153.86907958984375,-2.1609154595239097,1.8364904623709573,-4.897959591361964,-3.091478181014282,-3.0650406882038608,0.8276417623987835,-1.018377220976623,3.959611976100351,-0.4509861776011417,0.7198014352225557
70.0,61.0,157.30677795410156,-2.162990173870915,1.7435576844406988,-4.906684219487809,-3.093292834462877,-3.0553041264270413,0.8378295331787847,-1.0168554836504242,3.121367949811789,-0.4530281572558794,0.7038908090851647
70.0,61.0,173.24264526367188,-2.9723143171659294,1.7467743343781554,-4.8583524109262815,-3.132584168219534,-3.071824124186589,0.826754586818778,-0.0913498623214759,4.733588269388097,-0.4036389269487243,0.6670874524596352
70.0,61.0,195.34732055664065,-2.231613827182421,1.8321990446526968,-4.866113352983426,-3.0261039639965874,-2.552165394212508,1.2377426059092342,-1.0252071675690444,3.02090225580337,-0.6421029057584087,0.6719929696279708
70.0,61.0,171.94393920898438,-2.2319242967210933,1.754971819959149,-4.900395574195304,-3.1030425492922493,-3.037997833122592,0.8503373037499476,-1.073728729339558,3.9963547990123214,-0.4487690293543287,1.1197009819730048
70.0,61.0,175.5135955810547,-3.9090488953949887,1.7859067540409015,-4.947877033145323,-2.438215959708819,-3.083639817184455,0.8145819375545251,-0.9752124298710154,3.60916111720354,-0.4453514141807003,1.3071532897292408
70.0,61.0,177.20172119140625,-2.163004423443636,1.737971465625274,-4.925498848591239,-3.1293729271101847,-3.1506172979169205,0.951207575174531,-1.0550994328194334,3.167719358709381,-0.465551946425227,0.748897062630347
70.0,61.0,206.8770446777344,-1.716213921354847,1.827857101172784,-4.857893978422492,-2.9218776910536857,-3.141596787047059,-0.476663000129307,-0.6157315263072807,3.634280847021497,-0.4485069601913071,0.7201741171615993
70.0,61.0,171.82424926757812,-2.1565881103445084,1.7589300531631542,-4.877184783534672,-3.1054236353496405,-2.540315518966308,0.7644796905546226,-1.027950636051184,3.8269441208931614,-0.4706755972160246,0.7165877176177939
70.0,61.0,216.64889526367188,-3.119200354622974,1.0381176817895923,-4.69307522512295,-1.6392443033678898,-2.8010636188402933,0.2843458672433435,-0.9554619730909504,4.386770655722996,-0.4773885801804987,2.273100919956005
70.0,61.0,157.52903747558594,-2.192053348622568,1.87441233538722,-4.899599526173896,-3.070713187009112,-3.0397934425354225,0.8270894147384842,-1.0007685651146356,3.9753572603320144,-0.4551252744279134,0.7016983119508206
70.0,61.0,164.427734375,-2.045816405813829,1.914602949713644,-4.909358164697808,-3.159544243863593,-3.073424881620823,0.819084421150099,-1.0291311383212636,3.9621657774020473,-0.4579202965364257,0.7415662766545894
70.0,61.0,163.1170654296875,-2.262182604635345,1.7546218709582857,-4.889659471506729,-3.046517337157185,-3.062461727487332,0.8576627620996714,-1.037116245477434,3.1300660961303275,-0.4852830259866298,0.6692162493095577
70.0,61.0,163.98428344726562,-2.191017845125641,1.7567810428543835,-4.879567783254935,-3.1053353655616136,-3.1070153650877,0.800309594544896,-1.0467689757701173,3.178263293651874,-0.4513293239426467,0.7255529895016196
70.0,61.0,157.63848876953125,-2.164520901251332,1.7709650759387388,-4.893700152064328,-3.107942071577859,-3.0666969326078406,0.8431375970999005,-1.0191841902062042,3.111302989330833,-0.452673584898853,0.7255377912086537
70.0,61.0,198.92955017089844,-2.901213816136182,1.7803773808637768,-4.88402034992815,-2.9747744476823894,-2.46088963756745,1.2240671113630992,-1.0425592956820455,2.77965496681528,-0.9956604282242514,0.7429223395449174
70.0,61.0,159.69412231445312,-2.21963507341297,1.850328278453232,-4.863205470948095,-3.7754689176902456,-3.045361023325458,0.837599674561319,-1.0212324909712558,3.56024233985072,-0.4482199517405474,0.7422656486335322
70.0,61.0,160.38934326171875,-2.1239526524329047,1.7532778008160277,-4.793683137872873,-2.992665936417859,-3.0883299703921034,0.7444479414625762,-1.0498487622640318,3.959048847339001,-0.7967959506285662,0.7170082799296202
70.0,61.0,167.33126831054688,-2.195243219696053,1.732912456716364,-4.952303408796997,-3.0404810004496574,-2.486837149312666,0.9725129987175968,-1.040432910076463,4.327298931424326,-0.5054700396972046,0.7183652077019171
70.0,61.0,157.88693237304688,-2.0895187864432376,1.7450054793207703,-4.908734581383793,-3.091507813529983,-3.0654151968583503,0.830537404616832,-1.0266362885029725,3.1436708308767822,-0.4668707508227733,0.7151762910880104
70.0,61.0,158.0673828125,-2.13478528945232,1.8441109636686763,-4.929363763692761,-3.1294766675918138,-3.0546509867568057,1.330469986782295,-1.0107985278553162,3.543151829295136,-0.4498499097984712,0.7093224768745058
70.0,61.0,205.6117553710937,-2.441147652961865,0.9708809598171928,-4.957304834309167,-2.982505369038812,-3.298191444105376,0.933434096676258,-1.013156302569022,3.184132845851732,-0.4648836127049984,0.6936683873497821
70.0,61.0,166.35174560546875,-2.1839826523029533,1.7317492785414006,-4.863157585567276,-3.029274897849917,-3.064382047472599,1.331655290503512,-1.1420135338704025,4.388284810045576,-0.4504803565165269,0.7005964702626328
70.0,61.0,165.263427734375,-2.025108824505472,1.819420873531608,-4.880777358367313,-3.048511178555349,-3.076473591889685,0.724041054625411,-1.045823708623605,4.79798916193166,-0.408550783489008,0.6991762171530035
70.0,61.0,195.0246734619141,-2.0847483171172727,2.005187132336637,-4.898152363025041,-3.077613306094874,-3.063437212666226,0.2891453475733071,-1.0302090323814603,3.810827270660635,-0.5150059022750842,0.6192214890595654
70.0,61.0,160.2692413330078,-1.055922459328694,1.7735920722761906,-4.937958133848109,-1.695201673496223,-3.064020344723154,0.8372423768827528,-1.0608401158966236,4.429729571994304,-0.4561175576200931,0.7202760905369371
70.0,62.0,157.60691833496094,-2.1221509371431435,1.8392303061078088,-4.902514539010984,-3.0864103908050646,-3.0538475418464337,0.8517324402109121,-1.0171489627324086,3.092931355225164,-0.4559853455206131,0.9824460715350812
70.0,62.0,168.0980224609375,-3.2278487130016216,1.753768992839587,-4.863266062731651,-3.0921527288226165,-3.0726437422766044,0.8434331347453555,-1.01509701060983,3.1428630678366947,-0.4530704410090107,0.7152916683461296
70.0,62.0,162.12002563476562,-2.064461842927496,1.7935466532309607,-4.901120978795082,-3.037351504864135,-2.9825109954659146,0.8614086155396931,-1.0144580723090246,3.120163282703889,-0.463391761074009,0.7101871668493809
70.0,62.0,195.2211761474609,-2.864067748512182,1.639527969597854,-4.86224001238643,-3.015338991699468,-3.005593938628276,1.8636780210418435,-0.9795361301075448,4.350618841738229,-0.5430293820279831,1.8810925325547152
70.0,62.0,158.04483032226562,-2.21765970013117,1.8058151277561227,-4.881248378154222,-3.0944936849034432,-3.057320051904991,0.8653348492673728,-1.0188310268088805,3.934260984212641,-0.4548674576004315,0.7490110930657472
70.0,62.0,165.0949249267578,-2.1430933335971862,1.7468090118271338,-4.905180748907829,-3.046386210728684,-3.007232627062506,1.3738084906230097,-1.0119052884588242,2.78786993956882,-0.4453474930019477,0.7449628217751612
70.0,62.0,156.08035278320312,-2.1580996450789263,1.728328627406782,-4.879695436337815,-3.0850529772078543,-3.06587044186364,0.8359929899162684,-1.015638048938622,3.5437633377229565,-0.4462973345896071,0.7233871726910266
70.0,62.0,160.6540985107422,-2.325555849608219,1.8356708280810128,-4.908029319176454,-3.076368672845548,-3.077542806244688,0.8341488124893607,-1.012479542727699,3.9561132763122,-0.4511030912215689,0.7145840997698848
70.0,62.0,174.33206176757812,-2.217231359338017,2.000364033781671,-4.802759440712059,-3.117100364899904,-3.0734971347087896,0.8930475905950038,-1.051793277420206,4.017716939904631,-0.494413731917827,0.7079306695779287
70.0,62.0,155.6203155517578,-2.090721397134833,1.7619556340529412,-4.895578988224402,-3.0091265827801084,-3.097836116589629,0.827207589492624,-0.9906860916588356,3.939745949826409,-0.4516475270577018,0.7098554019473886
70.0,62.0,170.6083221435547,-2.117613965923986,1.8067013130087703,-4.874892527173709,-2.280319388944093,-3.2605119332181136,0.8402574913944493,-1.0325040191649713,4.417669055502675,-0.4520018294468969,0.7059838359693681
70.0,62.0,189.3424530029297,-1.6654778376603645,1.8216954506499468,-4.88448924474563,-3.0112234600866628,-3.0729243492800946,1.51884918589441,-1.0323780136469032,4.769209589523967,-0.4525606313160583,1.2646532984835588
70.0,62.0,195.18731689453125,-3.2385980368204423,1.7285802312189276,-4.769632790165409,-2.8992951296389258,-2.989067015260295,1.235426606567029,-1.0938415675799396,4.735035877411996,-0.8179012791588454,0.9646891072118112
70.0,62.0,157.1793212890625,-2.17673112323086,1.7630889806315109,-4.947962877204266,-3.1028324367742366,-3.0636519528115214,0.8683887477877932,-1.019159302572574,3.972407963439197,-0.4467512917481424,0.6562931783266163
70.0,62.0,185.7307586669922,-1.163716510644251,1.7485075400870302,-4.90402542765216,-3.1354506946948386,-2.974354753058419,1.8430704883548663,-1.021506898955489,4.191479371458243,-0.4560823893101501,0.6980969632265781
70.0,62.0,187.08970642089844,-1.868172008367048,2.094711558011237,-4.916340618481853,-3.034833945932295,-3.127068816927179,0.8116274980483847,-1.0061694584086889,4.426442826042883,-0.482992725222463,0.3758729421462708
70.0,62.0,153.68515014648438,-2.125182290393189,1.83494819712508,-4.903948969744783,-3.092937008572441,-3.0653213758331583,0.8153543124686865,-1.028035376769764,3.9471090795327353,-0.4491513691493744,0.7204456276885497
70.0,62.0,160.43174743652344,-2.151459286441727,1.90423910518166,-4.8357974123900185,-3.0298650166629133,-3.0903990647852853,1.847914090673568,-1.0054713900790966,4.348106831105531,-0.4774927454416172,0.7122873759067002
70.0,62.0,160.01856994628906,-2.220169854322381,1.7733973193895476,-4.877059725003649,-3.0383700245191645,-3.032693759079466,0.8641455062900459,-1.053383293827007,3.117527630893025,-0.4452152258004726,0.7565709844852148
70.0,62.0,172.45042419433594,-2.2856388135449874,1.7983065472075734,-4.9152118840128525,-2.944344402075404,-3.091502415524449,-0.2047567352745997,-1.0436516644445728,4.035607615730321,-0.4535442069256774,0.7019696934244728
70.0,62.0,186.8330078125,-1.7853518205863237,1.7579008871512047,-4.88124284597318,-3.1163490117040347,-1.958458825305892,0.9908394891083412,-1.0498054040342644,3.0799726605986453,-0.854878327751711,1.0093736433700458
70.0,62.0,195.885482788086,-3.055101307321643,1.7130907519872982,-4.923761354932361,-3.067700129161367,-3.676091893906986,-0.2104721990991027,-1.0287940558498576,3.8513918957441033,-0.4933109868924777,0.6480388338337907
70.0,62.0,202.11236572265625,-2.3232675121663315,1.995269073018336,-4.886403963184227,-4.253307286126856,-2.685616720888452,-0.855932775562634,-1.0228667816011985,3.571846683142864,-1.82067306700556,1.326899596566416
70.0,62.0,154.51101684570312,-2.161296778032784,1.8372681880748905,-4.952598188354874,-3.093016038075817,-3.060398025240945,0.8227286039446494,-1.0183692514927902,3.9726120038915,-0.445125876380093,0.7278098774632328
70.0,62.0,153.86907958984375,-2.1609154595239097,1.8364904623709573,-4.897959591361964,-3.091478181014282,-3.0650406882038608,0.8276417623987835,-1.018377220976623,3.959611976100351,-0.4509861776011417,0.7198014352225557
70.0,62.0,157.30677795410156,-2.162990173870915,1.7435576844406988,-4.906684219487809,-3.093292834462877,-3.0553041264270413,0.8378295331787847,-1.0168554836504242,3.121367949811789,-0.4530281572558794,0.7038908090851647
70.0,62.0,173.24264526367188,-2.9723143171659294,1.7467743343781554,-4.8583524109262815,-3.132584168219534,-3.071824124186589,0.826754586818778,-0.0913498623214759,4.733588269388097,-0.4036389269487243,0.6670874524596352
70.0,62.0,170.16250610351562,-2.144593699335768,1.8149705403640937,-4.892818706373042,-3.044733953138506,-3.0240067207640275,1.3787343181077525,-1.0173380505042615,3.476281512084664,-1.2122046109637,0.7262025255029386
70.0,62.0,171.94393920898438,-2.2319242967210933,1.754971819959149,-4.900395574195304,-3.1030425492922493,-3.037997833122592,0.8503373037499476,-1.073728729339558,3.9963547990123214,-0.4487690293543287,1.1197009819730048
70.0,62.0,175.5135955810547,-3.9090488953949887,1.7859067540409015,-4.947877033145323,-2.438215959708819,-3.083639817184455,0.8145819375545251,-0.9752124298710154,3.60916111720354,-0.4453514141807003,1.3071532897292408
70.0,62.0,177.20172119140625,-2.163004423443636,1.737971465625274,-4.925498848591239,-3.1293729271101847,-3.1506172979169205,0.951207575174531,-1.0550994328194334,3.167719358709381,-0.465551946425227,0.748897062630347
70.0,62.0,206.8770446777344,-1.716213921354847,1.827857101172784,-4.857893978422492,-2.9218776910536857,-3.141596787047059,-0.476663000129307,-0.6157315263072807,3.634280847021497,-0.4485069601913071,0.7201741171615993
70.0,62.0,171.82424926757812,-2.1565881103445084,1.7589300531631542,-4.877184783534672,-3.1054236353496405,-2.540315518966308,0.7644796905546226,-1.027950636051184,3.8269441208931614,-0.4706755972160246,0.7165877176177939
70.0,62.0,216.64889526367188,-3.119200354622974,1.0381176817895923,-4.69307522512295,-1.6392443033678898,-2.8010636188402933,0.2843458672433435,-0.9554619730909504,4.386770655722996,-0.4773885801804987,2.273100919956005
70.0,62.0,157.4694366455078,-2.1901471225164144,1.85254563948962,-4.903094480542318,-3.0765168509123777,-3.054069444612474,0.827124798553933,-0.999741943339228,3.9610259104596905,-0.4473098519484278,0.6758099426554932
70.0,62.0,164.427734375,-2.045816405813829,1.914602949713644,-4.909358164697808,-3.159544243863593,-3.073424881620823,0.819084421150099,-1.0291311383212636,3.9621657774020473,-0.4579202965364257,0.7415662766545894
70.0,62.0,163.1170654296875,-2.262182604635345,1.7546218709582857,-4.889659471506729,-3.046517337157185,-3.062461727487332,0.8576627620996714,-1.037116245477434,3.1300660961303275,-0.4852830259866298,0.6692162493095577
70.0,62.0,158.34080505371094,-2.191219784844237,1.8376655804572533,-4.877152942240555,-3.081229138664343,-3.094812406041363,0.7909151333531231,-1.028815710680176,4.007267441428347,-0.4512096483716968,0.7191559100336337
70.0,62.0,156.9355010986328,-2.16227538823412,1.8060986170141,-4.867403525756618,-3.1167482215515627,-3.0641746878340923,0.8360253898111364,-1.0182176355214445,3.545343376480619,-0.4441969204019154,0.7184865518871395
70.0,62.0,198.92955017089844,-2.901213816136182,1.7803773808637768,-4.88402034992815,-2.9747744476823894,-2.46088963756745,1.2240671113630992,-1.0425592956820455,2.77965496681528,-0.9956604282242514,0.7429223395449174
70.0,62.0,159.69412231445312,-2.21963507341297,1.850328278453232,-4.863205470948095,-3.7754689176902456,-3.045361023325458,0.837599674561319,-1.0212324909712558,3.56024233985072,-0.4482199517405474,0.7422656486335322
70.0,62.0,160.38934326171875,-2.1239526524329047,1.7532778008160277,-4.793683137872873,-2.992665936417859,-3.0883299703921034,0.7444479414625762,-1.0498487622640318,3.959048847339001,-0.7967959506285662,0.7170082799296202
70.0,62.0,167.33126831054688,-2.195243219696053,1.732912456716364,-4.952303408796997,-3.0404810004496574,-2.486837149312666,0.9725129987175968,-1.040432910076463,4.327298931424326,-0.5054700396972046,0.7183652077019171
70.0,62.0,157.88693237304688,-2.0895187864432376,1.7450054793207703,-4.908734581383793,-3.091507813529983,-3.0654151968583503,0.830537404616832,-1.0266362885029725,3.1436708308767822,-0.4668707508227733,0.7151762910880104
70.0,62.0,158.0673828125,-2.13478528945232,1.8441109636686763,-4.929363763692761,-3.1294766675918138,-3.0546509867568057,1.330469986782295,-1.0107985278553162,3.543151829295136,-0.4498499097984712,0.7093224768745058
70.0,62.0,205.6117553710937,-2.441147652961865,0.9708809598171928,-4.957304834309167,-2.982505369038812,-3.298191444105376,0.933434096676258,-1.013156302569022,3.184132845851732,-0.4648836127049984,0.6936683873497821
70.0,62.0,166.35174560546875,-2.1839826523029533,1.7317492785414006,-4.863157585567276,-3.029274897849917,-3.064382047472599,1.331655290503512,-1.1420135338704025,4.388284810045576,-0.4504803565165269,0.7005964702626328
70.0,62.0,165.263427734375,-2.025108824505472,1.819420873531608,-4.880777358367313,-3.048511178555349,-3.076473591889685,0.724041054625411,-1.045823708623605,4.79798916193166,-0.408550783489008,0.6991762171530035
70.0,62.0,195.0246734619141,-2.0847483171172727,2.005187132336637,-4.898152363025041,-3.077613306094874,-3.063437212666226,0.2891453475733071,-1.0302090323814603,3.810827270660635,-0.5150059022750842,0.6192214890595654
70.0,62.0,160.2692413330078,-1.055922459328694,1.7735920722761906,-4.937958133848109,-1.695201673496223,-3.064020344723154,0.8372423768827528,-1.0608401158966236,4.429729571994304,-0.4561175576200931,0.7202760905369371
70.0,63.0,157.60691833496094,-2.1221509371431435,1.8392303061078088,-4.902514539010984,-3.0864103908050646,-3.0538475418464337,0.8517324402109121,-1.0171489627324086,3.092931355225164,-0.4559853455206131,0.9824460715350812
70.0,63.0,168.0980224609375,-3.2278487130016216,1.753768992839587,-4.863266062731651,-3.0921527288226165,-3.0726437422766044,0.8434331347453555,-1.01509701060983,3.1428630678366947,-0.4530704410090107,0.7152916683461296
70.0,63.0,162.12002563476562,-2.064461842927496,1.7935466532309607,-4.901120978795082,-3.037351504864135,-2.9825109954659146,0.8614086155396931,-1.0144580723090246,3.120163282703889,-0.463391761074009,0.7101871668493809
70.0,63.0,195.2211761474609,-2.864067748512182,1.639527969597854,-4.86224001238643,-3.015338991699468,-3.005593938628276,1.8636780210418435,-0.9795361301075448,4.350618841738229,-0.5430293820279831,1.8810925325547152
70.0,63.0,158.04483032226562,-2.21765970013117,1.8058151277561227,-4.881248378154222,-3.0944936849034432,-3.057320051904991,0.8653348492673728,-1.0188310268088805,3.934260984212641,-0.4548674576004315,0.7490110930657472
70.0,63.0,165.0949249267578,-2.1430933335971862,1.7468090118271338,-4.905180748907829,-3.046386210728684,-3.007232627062506,1.3738084906230097,-1.0119052884588242,2.78786993956882,-0.4453474930019477,0.7449628217751612
70.0,63.0,156.08035278320312,-2.1580996450789263,1.728328627406782,-4.879695436337815,-3.0850529772078543,-3.06587044186364,0.8359929899162684,-1.015638048938622,3.5437633377229565,-0.4462973345896071,0.7233871726910266
70.0,63.0,154.8580322265625,-2.180449258115511,1.8350431720492848,-4.898880394076493,-3.0970624688139434,-3.0562820577435907,0.8144876002033563,-1.023748465642797,3.946786700630528,-0.4510240966880063,0.7134548509852717
70.0,63.0,174.33206176757812,-2.217231359338017,2.000364033781671,-4.802759440712059,-3.117100364899904,-3.0734971347087896,0.8930475905950038,-1.051793277420206,4.017716939904631,-0.494413731917827,0.7079306695779287
70.0,63.0,155.6203155517578,-2.090721397134833,1.7619556340529412,-4.895578988224402,-3.0091265827801084,-3.097836116589629,0.827207589492624,-0.9906860916588356,3.939745949826409,-0.4516475270577018,0.7098554019473886
70.0,63.0,170.6083221435547,-2.117613965923986,1.8067013130087703,-4.874892527173709,-2.280319388944093,-3.2605119332181136,0.8402574913944493,-1.0325040191649713,4.417669055502675,-0.4520018294468969,0.7059838359693681
70.0,63.0,189.3424530029297,-1.6654778376603645,1.8216954506499468,-4.88448924474563,-3.0112234600866628,-3.0729243492800946,1.51884918589441,-1.0323780136469032,4.769209589523967,-0.4525606313160583,1.2646532984835588
70.0,63.0,179.18243408203125,-2.199092185305696,1.6404719974671422,-4.724568068544225,-3.0722807255972344,-3.0689810317395527,0.8240501512673762,-1.06805500822852,4.459399571109845,-0.847233582348144,1.3425941335359584
70.0,63.0,157.1793212890625,-2.17673112323086,1.7630889806315109,-4.947962877204266,-3.1028324367742366,-3.0636519528115214,0.8683887477877932,-1.019159302572574,3.972407963439197,-0.4467512917481424,0.6562931783266163
70.0,63.0,177.90628051757812,-0.9480992037287066,1.6698462529856726,-4.92126265432442,-3.066282443454009,-3.048841576344093,1.9184003846581128,-1.029547548154336,4.407033002134062,-0.5675828178794807,0.7291447687456702
70.0,63.0,181.2318115234375,-1.81312371014186,1.8817680203665728,-4.919168441534057,-3.03443632260639,-3.072685785651243,0.8050428498946722,-0.9959671645181626,4.084274725617318,-0.4443626759370848,1.055307627170406
70.0,63.0,153.68515014648438,-2.125182290393189,1.83494819712508,-4.903948969744783,-3.092937008572441,-3.0653213758331583,0.8153543124686865,-1.028035376769764,3.9471090795327353,-0.4491513691493744,0.7204456276885497
70.0,63.0,160.43174743652344,-2.151459286441727,1.90423910518166,-4.8357974123900185,-3.0298650166629133,-3.0903990647852853,1.847914090673568,-1.0054713900790966,4.348106831105531,-0.4774927454416172,0.7122873759067002
70.0,63.0,160.01856994628906,-2.220169854322381,1.7733973193895476,-4.877059725003649,-3.0383700245191645,-3.032693759079466,0.8641455062900459,-1.053383293827007,3.117527630893025,-0.4452152258004726,0.7565709844852148
70.0,63.0,172.45042419433594,-2.2856388135449874,1.7983065472075734,-4.9152118840128525,-2.944344402075404,-3.091502415524449,-0.2047567352745997,-1.0436516644445728,4.035607615730321,-0.4535442069256774,0.7019696934244728
70.0,63.0,186.8330078125,-1.7853518205863237,1.7579008871512047,-4.88124284597318,-3.1163490117040347,-1.958458825305892,0.9908394891083412,-1.0498054040342644,3.0799726605986453,-0.854878327751711,1.0093736433700458
70.0,63.0,195.885482788086,-3.055101307321643,1.7130907519872982,-4.923761354932361,-3.067700129161367,-3.676091893906986,-0.2104721990991027,-1.0287940558498576,3.8513918957441033,-0.4933109868924777,0.6480388338337907
70.0,63.0,202.11236572265625,-2.3232675121663315,1.995269073018336,-4.886403963184227,-4.253307286126856,-2.685616720888452,-0.855932775562634,-1.0228667816011985,3.571846683142864,-1.82067306700556,1.326899596566416
70.0,63.0,154.51101684570312,-2.161296778032784,1.8372681880748905,-4.952598188354874,-3.093016038075817,-3.060398025240945,0.8227286039446494,-1.0183692514927902,3.9726120038915,-0.445125876380093,0.7278098774632328
70.0,63.0,153.86907958984375,-2.1609154595239097,1.8364904623709573,-4.897959591361964,-3.091478181014282,-3.0650406882038608,0.8276417623987835,-1.018377220976623,3.959611976100351,-0.4509861776011417,0.7198014352225557
70.0,63.0,157.30677795410156,-2.162990173870915,1.7435576844406988,-4.906684219487809,-3.093292834462877,-3.0553041264270413,0.8378295331787847,-1.0168554836504242,3.121367949811789,-0.4530281572558794,0.7038908090851647
70.0,63.0,173.24264526367188,-2.9723143171659294,1.7467743343781554,-4.8583524109262815,-3.132584168219534,-3.071824124186589,0.826754586818778,-0.0913498623214759,4.733588269388097,-0.4036389269487243,0.6670874524596352
70.0,63.0,170.16250610351562,-2.144593699335768,1.8149705403640937,-4.892818706373042,-3.044733953138506,-3.0240067207640275,1.3787343181077525,-1.0173380505042615,3.476281512084664,-1.2122046109637,0.7262025255029386
70.0,63.0,171.94393920898438,-2.2319242967210933,1.754971819959149,-4.900395574195304,-3.1030425492922493,-3.037997833122592,0.8503373037499476,-1.073728729339558,3.9963547990123214,-0.4487690293543287,1.1197009819730048
70.0,63.0,175.5135955810547,-3.9090488953949887,1.7859067540409015,-4.947877033145323,-2.438215959708819,-3.083639817184455,0.8145819375545251,-0.9752124298710154,3.60916111720354,-0.4453514141807003,1.3071532897292408
70.0,63.0,177.20172119140625,-2.163004423443636,1.737971465625274,-4.925498848591239,-3.1293729271101847,-3.1506172979169205,0.951207575174531,-1.0550994328194334,3.167719358709381,-0.465551946425227,0.748897062630347
70.0,63.0,199.14553833007807,-1.9718912391448573,1.8147645625277573,-4.856754484663267,-3.1770631181423834,-3.034559699753716,1.41720605535237,-0.7118482102570783,3.704255755432138,-0.4469099065811647,0.715731498913691
70.0,63.0,171.82424926757812,-2.1565881103445084,1.7589300531631542,-4.877184783534672,-3.1054236353496405,-2.540315518966308,0.7644796905546226,-1.027950636051184,3.8269441208931614,-0.4706755972160246,0.7165877176177939
70.0,63.0,216.64889526367188,-3.119200354622974,1.0381176817895923,-4.69307522512295,-1.6392443033678898,-2.8010636188402933,0.2843458672433435,-0.9554619730909504,4.386770655722996,-0.4773885801804987,2.273100919956005
70.0,63.0,155.46536254882812,-2.107341774162256,1.8481486790101933,-4.903429843214623,-3.089250707056819,-3.051026889426837,0.8107251038420159,-1.021216348432426,3.962066816480932,-0.4524073098776474,0.7416704438760812
70.0,63.0,164.427734375,-2.045816405813829,1.914602949713644,-4.909358164697808,-3.159544243863593,-3.073424881620823,0.819084421150099,-1.0291311383212636,3.9621657774020473,-0.4579202965364257,0.7415662766545894
70.0,63.0,163.1170654296875,-2.262182604635345,1.7546218709582857,-4.889659471506729,-3.046517337157185,-3.062461727487332,0.8576627620996714,-1.037116245477434,3.1300660961303275,-0.4852830259866298,0.6692162493095577
70.0,63.0,158.34080505371094,-2.191219784844237,1.8376655804572533,-4.877152942240555,-3.081229138664343,-3.094812406041363,0.7909151333531231,-1.028815710680176,4.007267441428347,-0.4512096483716968,0.7191559100336337
70.0,63.0,156.9355010986328,-2.16227538823412,1.8060986170141,-4.867403525756618,-3.1167482215515627,-3.0641746878340923,0.8360253898111364,-1.0182176355214445,3.545343376480619,-0.4441969204019154,0.7184865518871395
70.0,63.0,195.22715759277344,-1.416831731333624,1.8545313378343875,-4.910833328583738,-2.932235655136307,-2.558365723067685,1.3538490140674868,-1.049787689812439,3.403383456815939,-1.1469262256330868,0.72574676321569
70.0,63.0,159.69412231445312,-2.21963507341297,1.850328278453232,-4.863205470948095,-3.7754689176902456,-3.045361023325458,0.837599674561319,-1.0212324909712558,3.56024233985072,-0.4482199517405474,0.7422656486335322
70.0,63.0,160.38934326171875,-2.1239526524329047,1.7532778008160277,-4.793683137872873,-2.992665936417859,-3.0883299703921034,0.7444479414625762,-1.0498487622640318,3.959048847339001,-0.7967959506285662,0.7170082799296202
70.0,63.0,167.33126831054688,-2.195243219696053,1.732912456716364,-4.952303408796997,-3.0404810004496574,-2.486837149312666,0.9725129987175968,-1.040432910076463,4.327298931424326,-0.5054700396972046,0.7183652077019171
70.0,63.0,157.88693237304688,-2.0895187864432376,1.7450054793207703,-4.908734581383793,-3.091507813529983,-3.0654151968583503,0.830537404616832,-1.0266362885029725,3.1436708308767822,-0.4668707508227733,0.7151762910880104
70.0,63.0,158.0673828125,-2.13478528945232,1.8441109636686763,-4.929363763692761,-3.1294766675918138,-3.0546509867568057,1.330469986782295,-1.0107985278553162,3.543151829295136,-0.4498499097984712,0.7093224768745058
70.0,63.0,205.6117553710937,-2.441147652961865,0.9708809598171928,-4.957304834309167,-2.982505369038812,-3.298191444105376,0.933434096676258,-1.013156302569022,3.184132845851732,-0.4648836127049984,0.6936683873497821
70.0,63.0,166.35174560546875,-2.1839826523029533,1.7317492785414006,-4.863157585567276,-3.029274897849917,-3.064382047472599,1.331655290503512,-1.1420135338704025,4.388284810045576,-0.4504803565165269,0.7005964702626328
70.0,63.0,165.263427734375,-2.025108824505472,1.819420873531608,-4.880777358367313,-3.048511178555349,-3.076473591889685,0.724041054625411,-1.045823708623605,4.79798916193166,-0.408550783489008,0.6991762171530035
70.0,63.0,195.0246734619141,-2.0847483171172727,2.005187132336637,-4.898152363025041,-3.077613306094874,-3.063437212666226,0.2891453475733071,-1.0302090323814603,3.810827270660635,-0.5150059022750842,0.6192214890595654
70.0,63.0,160.2692413330078,-1.055922459328694,1.7735920722761906,-4.937958133848109,-1.695201673496223,-3.064020344723154,0.8372423768827528,-1.0608401158966236,4.429729571994304,-0.4561175576200931,0.7202760905369371
70.0,64.0,157.60691833496094,-2.1221509371431435,1.8392303061078088,-4.902514539010984,-3.0864103908050646,-3.0538475418464337,0.8517324402109121,-1.0171489627324086,3.092931355225164,-0.4559853455206131,0.9824460715350812
70.0,64.0,168.0980224609375,-3.2278487130016216,1.753768992839587,-4.863266062731651,-3.0921527288226165,-3.0726437422766044,0.8434331347453555,-1.01509701060983,3.1428630678366947,-0.4530704410090107,0.7152916683461296
70.0,64.0,162.12002563476562,-2.064461842927496,1.7935466532309607,-4.901120978795082,-3.037351504864135,-2.9825109954659146,0.8614086155396931,-1.0144580723090246,3.120163282703889,-0.463391761074009,0.7101871668493809
70.0,64.0,195.2211761474609,-2.864067748512182,1.639527969597854,-4.86224001238643,-3.015338991699468,-3.005593938628276,1.8636780210418435,-0.9795361301075448,4.350618841738229,-0.5430293820279831,1.8810925325547152
70.0,64.0,158.04483032226562,-2.21765970013117,1.8058151277561227,-4.881248378154222,-3.0944936849034432,-3.057320051904991,0.8653348492673728,-1.0188310268088805,3.934260984212641,-0.4548674576004315,0.7490110930657472
70.0,64.0,165.0949249267578,-2.1430933335971862,1.7468090118271338,-4.905180748907829,-3.046386210728684,-3.007232627062506,1.3738084906230097,-1.0119052884588242,2.78786993956882,-0.4453474930019477,0.7449628217751612
70.0,64.0,156.08035278320312,-2.1580996450789263,1.728328627406782,-4.879695436337815,-3.0850529772078543,-3.06587044186364,0.8359929899162684,-1.015638048938622,3.5437633377229565,-0.4462973345896071,0.7233871726910266
70.0,64.0,154.8580322265625,-2.180449258115511,1.8350431720492848,-4.898880394076493,-3.0970624688139434,-3.0562820577435907,0.8144876002033563,-1.023748465642797,3.946786700630528,-0.4510240966880063,0.7134548509852717
70.0,64.0,174.33206176757812,-2.217231359338017,2.000364033781671,-4.802759440712059,-3.117100364899904,-3.0734971347087896,0.8930475905950038,-1.051793277420206,4.017716939904631,-0.494413731917827,0.7079306695779287
70.0,64.0,155.6203155517578,-2.090721397134833,1.7619556340529412,-4.895578988224402,-3.0091265827801084,-3.097836116589629,0.827207589492624,-0.9906860916588356,3.939745949826409,-0.4516475270577018,0.7098554019473886
70.0,64.0,170.6083221435547,-2.117613965923986,1.8067013130087703,-4.874892527173709,-2.280319388944093,-3.2605119332181136,0.8402574913944493,-1.0325040191649713,4.417669055502675,-0.4520018294468969,0.7059838359693681
70.0,64.0,185.05960083007807,-2.43878146225662,1.830267046545461,-4.919201226369675,-3.112109091536305,-3.0673678245627047,1.3056181019954756,-1.0330637923687598,4.366544525106316,-0.4553499616304194,1.190114016804006
70.0,64.0,179.18243408203125,-2.199092185305696,1.6404719974671422,-4.724568068544225,-3.0722807255972344,-3.0689810317395527,0.8240501512673762,-1.06805500822852,4.459399571109845,-0.847233582348144,1.3425941335359584
70.0,64.0,157.1793212890625,-2.17673112323086,1.7630889806315109,-4.947962877204266,-3.1028324367742366,-3.0636519528115214,0.8683887477877932,-1.019159302572574,3.972407963439197,-0.4467512917481424,0.6562931783266163
70.0,64.0,177.90628051757812,-0.9480992037287066,1.6698462529856726,-4.92126265432442,-3.066282443454009,-3.048841576344093,1.9184003846581128,-1.029547548154336,4.407033002134062,-0.5675828178794807,0.7291447687456702
70.0,64.0,180.9657287597656,-1.707470572668793,1.7080436822062643,-4.892448574138589,-3.038240087828534,-3.049459018088956,0.8072702506503552,-1.0069650295996777,3.955635376769323,-0.4576791812243118,0.6025084872478108
70.0,64.0,153.68515014648438,-2.125182290393189,1.83494819712508,-4.903948969744783,-3.092937008572441,-3.0653213758331583,0.8153543124686865,-1.028035376769764,3.9471090795327353,-0.4491513691493744,0.7204456276885497
70.0,64.0,160.43174743652344,-2.151459286441727,1.90423910518166,-4.8357974123900185,-3.0298650166629133,-3.0903990647852853,1.847914090673568,-1.0054713900790966,4.348106831105531,-0.4774927454416172,0.7122873759067002
70.0,64.0,160.01856994628906,-2.220169854322381,1.7733973193895476,-4.877059725003649,-3.0383700245191645,-3.032693759079466,0.8641455062900459,-1.053383293827007,3.117527630893025,-0.4452152258004726,0.7565709844852148
70.0,64.0,172.45042419433594,-2.2856388135449874,1.7983065472075734,-4.9152118840128525,-2.944344402075404,-3.091502415524449,-0.2047567352745997,-1.0436516644445728,4.035607615730321,-0.4535442069256774,0.7019696934244728
70.0,64.0,186.8330078125,-1.7853518205863237,1.7579008871512047,-4.88124284597318,-3.1163490117040347,-1.958458825305892,0.9908394891083412,-1.0498054040342644,3.0799726605986453,-0.854878327751711,1.0093736433700458
70.0,64.0,195.885482788086,-3.055101307321643,1.7130907519872982,-4.923761354932361,-3.067700129161367,-3.676091893906986,-0.2104721990991027,-1.0287940558498576,3.8513918957441033,-0.4933109868924777,0.6480388338337907
70.0,64.0,202.11236572265625,-2.3232675121663315,1.995269073018336,-4.886403963184227,-4.253307286126856,-2.685616720888452,-0.855932775562634,-1.0228667816011985,3.571846683142864,-1.82067306700556,1.326899596566416
70.0,64.0,153.9333953857422,-2.141243299174502,1.836277727016773,-4.93050788233458,-3.095464962834359,-3.0589227606131946,0.820407187582623,-1.0220996005676326,3.948809486198499,-0.4478069132302621,0.718573759982164
70.0,64.0,153.86907958984375,-2.1609154595239097,1.8364904623709573,-4.897959591361964,-3.091478181014282,-3.0650406882038608,0.8276417623987835,-1.018377220976623,3.959611976100351,-0.4509861776011417,0.7198014352225557
70.0,64.0,157.30677795410156,-2.162990173870915,1.7435576844406988,-4.906684219487809,-3.093292834462877,-3.0553041264270413,0.8378295331787847,-1.0168554836504242,3.121367949811789,-0.4530281572558794,0.7038908090851647
70.0,64.0,173.24264526367188,-2.9723143171659294,1.7467743343781554,-4.8583524109262815,-3.132584168219534,-3.071824124186589,0.826754586818778,-0.0913498623214759,4.733588269388097,-0.4036389269487243,0.6670874524596352
70.0,64.0,170.16250610351562,-2.144593699335768,1.8149705403640937,-4.892818706373042,-3.044733953138506,-3.0240067207640275,1.3787343181077525,-1.0173380505042615,3.476281512084664,-1.2122046109637,0.7262025255029386
70.0,64.0,171.94393920898438,-2.2319242967210933,1.754971819959149,-4.900395574195304,-3.1030425492922493,-3.037997833122592,0.8503373037499476,-1.073728729339558,3.9963547990123214,-0.4487690293543287,1.1197009819730048
70.0,64.0,175.5135955810547,-3.9090488953949887,1.7859067540409015,-4.947877033145323,-2.438215959708819,-3.083639817184455,0.8145819375545251,-0.9752124298710154,3.60916111720354,-0.4453514141807003,1.3071532897292408
70.0,64.0,177.20172119140625,-2.163004423443636,1.737971465625274,-4.925498848591239,-3.1293729271101847,-3.1506172979169205,0.951207575174531,-1.0550994328194334,3.167719358709381,-0.465551946425227,0.748897062630347
70.0,64.0,199.14553833007807,-1.9718912391448573,1.8147645625277573,-4.856754484663267,-3.1770631181423834,-3.034559699753716,1.41720605535237,-0.7118482102570783,3.704255755432138,-0.4469099065811647,0.715731498913691
70.0,64.0,168.62640380859375,-2.09565992958504,1.821398336797137,-4.88320202178986,-3.1302468720103755,-3.11032379218163,0.839100583793134,-1.031078167719383,4.025646976470819,-0.4167068400381631,0.7075424840846941
70.0,64.0,216.64889526367188,-3.119200354622974,1.0381176817895923,-4.69307522512295,-1.6392443033678898,-2.8010636188402933,0.2843458672433435,-0.9554619730909504,4.386770655722996,-0.4773885801804987,2.273100919956005
70.0,64.0,155.3521270751953,-2.086812140131796,1.8252049639910384,-4.904028527090409,-3.099961125499398,-3.063880688873667,0.8148894224764829,-1.0422322679402516,3.933164178780784,-0.4469070298534786,0.7392010465717535
70.0,64.0,164.427734375,-2.045816405813829,1.914602949713644,-4.909358164697808,-3.159544243863593,-3.073424881620823,0.819084421150099,-1.0291311383212636,3.9621657774020473,-0.4579202965364257,0.7415662766545894
70.0,64.0,163.1170654296875,-2.262182604635345,1.7546218709582857,-4.889659471506729,-3.046517337157185,-3.062461727487332,0.8576627620996714,-1.037116245477434,3.1300660961303275,-0.4852830259866298,0.6692162493095577
70.0,64.0,157.18283081054688,-2.1184865643126,1.7955365637299852,-4.907824449965135,-3.0877968782277727,-3.105222741488584,0.8043091035041218,-1.0410619208900442,3.616975360764443,-0.4507081127187803,0.7192689329349021
70.0,64.0,156.9355010986328,-2.16227538823412,1.8060986170141,-4.867403525756618,-3.1167482215515627,-3.0641746878340923,0.8360253898111364,-1.0182176355214445,3.545343376480619,-0.4441969204019154,0.7184865518871395
70.0,64.0,195.22715759277344,-1.416831731333624,1.8545313378343875,-4.910833328583738,-2.932235655136307,-2.558365723067685,1.3538490140674868,-1.049787689812439,3.403383456815939,-1.1469262256330868,0.72574676321569
70.0,64.0,159.69412231445312,-2.21963507341297,1.850328278453232,-4.863205470948095,-3.7754689176902456,-3.045361023325458,0.837599674561319,-1.0212324909712558,3.56024233985072,-0.4482199517405474,0.7422656486335322
70.0,64.0,160.38934326171875,-2.1239526524329047,1.7532778008160277,-4.793683137872873,-2.992665936417859,-3.0883299703921034,0.7444479414625762,-1.0498487622640318,3.959048847339001,-0.7967959506285662,0.7170082799296202
70.0,64.0,167.33126831054688,-2.195243219696053,1.732912456716364,-4.952303408796997,-3.0404810004496574,-2.486837149312666,0.9725129987175968,-1.040432910076463,4.327298931424326,-0.5054700396972046,0.7183652077019171
70.0,64.0,157.88693237304688,-2.0895187864432376,1.7450054793207703,-4.908734581383793,-3.091507813529983,-3.0654151968583503,0.830537404616832,-1.0266362885029725,3.1436708308767822,-0.4668707508227733,0.7151762910880104
70.0,64.0,158.0673828125,-2.13478528945232,1.8441109636686763,-4.929363763692761,-3.1294766675918138,-3.0546509867568057,1.330469986782295,-1.0107985278553162,3.543151829295136,-0.4498499097984712,0.7093224768745058
70.0,64.0,179.2482147216797,-2.1219780315220387,1.94319746825848,-4.934865734981137,-3.01819798666532,-3.3110585938273056,0.777681860355596,-1.031156642338063,3.578291700999229,-0.4724063576957441,0.7107494903751281
70.0,64.0,166.35174560546875,-2.1839826523029533,1.7317492785414006,-4.863157585567276,-3.029274897849917,-3.064382047472599,1.331655290503512,-1.1420135338704025,4.388284810045576,-0.4504803565165269,0.7005964702626328
70.0,64.0,165.263427734375,-2.025108824505472,1.819420873531608,-4.880777358367313,-3.048511178555349,-3.076473591889685,0.724041054625411,-1.045823708623605,4.79798916193166,-0.408550783489008,0.6991762171530035
70.0,64.0,189.5103454589844,-2.2169345106329885,1.9225277766172224,-4.907441553047205,-3.0942078326171933,-3.062717784591383,0.5801570262205313,-1.0393490086206705,3.8610211655367066,-0.4504481716160153,0.6570529177352692
70.0,64.0,160.2692413330078,-1.055922459328694,1.7735920722761906,-4.937958133848109,-1.695201673496223,-3.064020344723154,0.8372423768827528,-1.0608401158966236,4.429729571994304,-0.4561175576200931,0.7202760905369371
70.0,65.0,157.60691833496094,-2.1221509371431435,1.8392303061078088,-4.902514539010984,-3.0864103908050646,-3.0538475418464337,0.8517324402109121,-1.0171489627324086,3.092931355225164,-0.4559853455206131,0.9824460715350812
70.0,65.0,163.82626342773438,-2.1980018324992767,1.8582169188668392,-4.901125319587997,-3.0923237554131173,-3.060316463931143,0.8305973737933695,-1.0231462051723517,3.186084002751504,-0.4498401655118645,0.7293085424751033
70.0,65.0,162.12002563476562,-2.064461842927496,1.7935466532309607,-4.901120978795082,-3.037351504864135,-2.9825109954659146,0.8614086155396931,-1.0144580723090246,3.120163282703889,-0.463391761074009,0.7101871668493809
70.0,65.0,195.2211761474609,-2.864067748512182,1.639527969597854,-4.86224001238643,-3.015338991699468,-3.005593938628276,1.8636780210418435,-0.9795361301075448,4.350618841738229,-0.5430293820279831,1.8810925325547152
70.0,65.0,158.04483032226562,-2.21765970013117,1.8058151277561227,-4.881248378154222,-3.0944936849034432,-3.057320051904991,0.8653348492673728,-1.0188310268088805,3.934260984212641,-0.4548674576004315,0.7490110930657472
70.0,65.0,165.0949249267578,-2.1430933335971862,1.7468090118271338,-4.905180748907829,-3.046386210728684,-3.007232627062506,1.3738084906230097,-1.0119052884588242,2.78786993956882,-0.4453474930019477,0.7449628217751612
70.0,65.0,156.08035278320312,-2.1580996450789263,1.728328627406782,-4.879695436337815,-3.0850529772078543,-3.06587044186364,0.8359929899162684,-1.015638048938622,3.5437633377229565,-0.4462973345896071,0.7233871726910266
70.0,65.0,154.8580322265625,-2.180449258115511,1.8350431720492848,-4.898880394076493,-3.0970624688139434,-3.0562820577435907,0.8144876002033563,-1.023748465642797,3.946786700630528,-0.4510240966880063,0.7134548509852717
70.0,65.0,172.58328247070312,-2.0912940053785034,2.038224443753356,-4.930272889464868,-3.099773413366392,-3.0592402191631507,0.8541188312615025,-1.0469526218756149,4.046495520149371,-0.3681550333952583,0.716685331927284
70.0,65.0,155.6203155517578,-2.090721397134833,1.7619556340529412,-4.895578988224402,-3.0091265827801084,-3.097836116589629,0.827207589492624,-0.9906860916588356,3.939745949826409,-0.4516475270577018,0.7098554019473886
70.0,65.0,170.6083221435547,-2.117613965923986,1.8067013130087703,-4.874892527173709,-2.280319388944093,-3.2605119332181136,0.8402574913944493,-1.0325040191649713,4.417669055502675,-0.4520018294468969,0.7059838359693681
70.0,65.0,185.05960083007807,-2.43878146225662,1.830267046545461,-4.919201226369675,-3.112109091536305,-3.0673678245627047,1.3056181019954756,-1.0330637923687598,4.366544525106316,-0.4553499616304194,1.190114016804006
70.0,65.0,179.18243408203125,-2.199092185305696,1.6404719974671422,-4.724568068544225,-3.0722807255972344,-3.0689810317395527,0.8240501512673762,-1.06805500822852,4.459399571109845,-0.847233582348144,1.3425941335359584
70.0,65.0,157.1793212890625,-2.17673112323086,1.7630889806315109,-4.947962877204266,-3.1028324367742366,-3.0636519528115214,0.8683887477877932,-1.019159302572574,3.972407963439197,-0.4467512917481424,0.6562931783266163
70.0,65.0,177.90628051757812,-0.9480992037287066,1.6698462529856726,-4.92126265432442,-3.066282443454009,-3.048841576344093,1.9184003846581128,-1.029547548154336,4.407033002134062,-0.5675828178794807,0.7291447687456702
70.0,65.0,176.64108276367188,-2.14168982693938,1.7881212627169474,-4.901236637593122,-3.0532349777630525,-3.0543695431039146,0.825838327650945,-1.046953135190792,3.9010679933352415,-0.4505394253336033,0.4723725087038256
70.0,65.0,153.68515014648438,-2.125182290393189,1.83494819712508,-4.903948969744783,-3.092937008572441,-3.0653213758331583,0.8153543124686865,-1.028035376769764,3.9471090795327353,-0.4491513691493744,0.7204456276885497
70.0,65.0,160.43174743652344,-2.151459286441727,1.90423910518166,-4.8357974123900185,-3.0298650166629133,-3.0903990647852853,1.847914090673568,-1.0054713900790966,4.348106831105531,-0.4774927454416172,0.7122873759067002
70.0,65.0,160.01856994628906,-2.220169854322381,1.7733973193895476,-4.877059725003649,-3.0383700245191645,-3.032693759079466,0.8641455062900459,-1.053383293827007,3.117527630893025,-0.4452152258004726,0.7565709844852148
70.0,65.0,172.45042419433594,-2.2856388135449874,1.7983065472075734,-4.9152118840128525,-2.944344402075404,-3.091502415524449,-0.2047567352745997,-1.0436516644445728,4.035607615730321,-0.4535442069256774,0.7019696934244728
70.0,65.0,186.8330078125,-1.7853518205863237,1.7579008871512047,-4.88124284597318,-3.1163490117040347,-1.958458825305892,0.9908394891083412,-1.0498054040342644,3.0799726605986453,-0.854878327751711,1.0093736433700458
70.0,65.0,195.885482788086,-3.055101307321643,1.7130907519872982,-4.923761354932361,-3.067700129161367,-3.676091893906986,-0.2104721990991027,-1.0287940558498576,3.8513918957441033,-0.4933109868924777,0.6480388338337907
70.0,65.0,202.11236572265625,-2.3232675121663315,1.995269073018336,-4.886403963184227,-4.253307286126856,-2.685616720888452,-0.855932775562634,-1.0228667816011985,3.571846683142864,-1.82067306700556,1.326899596566416
70.0,65.0,153.9333953857422,-2.141243299174502,1.836277727016773,-4.93050788233458,-3.095464962834359,-3.0589227606131946,0.820407187582623,-1.0220996005676326,3.948809486198499,-0.4478069132302621,0.718573759982164
70.0,65.0,153.86907958984375,-2.1609154595239097,1.8364904623709573,-4.897959591361964,-3.091478181014282,-3.0650406882038608,0.8276417623987835,-1.018377220976623,3.959611976100351,-0.4509861776011417,0.7198014352225557
70.0,65.0,157.30677795410156,-2.162990173870915,1.7435576844406988,-4.906684219487809,-3.093292834462877,-3.0553041264270413,0.8378295331787847,-1.0168554836504242,3.121367949811789,-0.4530281572558794,0.7038908090851647
70.0,65.0,173.24264526367188,-2.9723143171659294,1.7467743343781554,-4.8583524109262815,-3.132584168219534,-3.071824124186589,0.826754586818778,-0.0913498623214759,4.733588269388097,-0.4036389269487243,0.6670874524596352
70.0,65.0,170.16250610351562,-2.144593699335768,1.8149705403640937,-4.892818706373042,-3.044733953138506,-3.0240067207640275,1.3787343181077525,-1.0173380505042615,3.476281512084664,-1.2122046109637,0.7262025255029386
70.0,65.0,171.94393920898438,-2.2319242967210933,1.754971819959149,-4.900395574195304,-3.1030425492922493,-3.037997833122592,0.8503373037499476,-1.073728729339558,3.9963547990123214,-0.4487690293543287,1.1197009819730048
70.0,65.0,175.5135955810547,-3.9090488953949887,1.7859067540409015,-4.947877033145323,-2.438215959708819,-3.083639817184455,0.8145819375545251,-0.9752124298710154,3.60916111720354,-0.4453514141807003,1.3071532897292408
70.0,65.0,177.20172119140625,-2.163004423443636,1.737971465625274,-4.925498848591239,-3.1293729271101847,-3.1506172979169205,0.951207575174531,-1.0550994328194334,3.167719358709381,-0.465551946425227,0.748897062630347
70.0,65.0,199.14553833007807,-1.9718912391448573,1.8147645625277573,-4.856754484663267,-3.1770631181423834,-3.034559699753716,1.41720605535237,-0.7118482102570783,3.704255755432138,-0.4469099065811647,0.715731498913691
70.0,65.0,168.62640380859375,-2.09565992958504,1.821398336797137,-4.88320202178986,-3.1302468720103755,-3.11032379218163,0.839100583793134,-1.031078167719383,4.025646976470819,-0.4167068400381631,0.7075424840846941
70.0,65.0,216.64889526367188,-3.119200354622974,1.0381176817895923,-4.69307522512295,-1.6392443033678898,-2.8010636188402933,0.2843458672433435,-0.9554619730909504,4.386770655722996,-0.4773885801804987,2.273100919956005
70.0,65.0,154.84017944335938,-2.154372506957383,1.824910435869308,-4.904206534838937,-3.1029544033722853,-3.0695583642438087,0.8171976818401567,-1.047161732776758,3.93023637230056,-0.44944976141473,0.7102802274550267
70.0,65.0,164.427734375,-2.045816405813829,1.914602949713644,-4.909358164697808,-3.159544243863593,-3.073424881620823,0.819084421150099,-1.0291311383212636,3.9621657774020473,-0.4579202965364257,0.7415662766545894
70.0,65.0,163.1170654296875,-2.262182604635345,1.7546218709582857,-4.889659471506729,-3.046517337157185,-3.062461727487332,0.8576627620996714,-1.037116245477434,3.1300660961303275,-0.4852830259866298,0.6692162493095577
70.0,65.0,157.18283081054688,-2.1184865643126,1.7955365637299852,-4.907824449965135,-3.0877968782277727,-3.105222741488584,0.8043091035041218,-1.0410619208900442,3.616975360764443,-0.4507081127187803,0.7192689329349021
70.0,65.0,156.9355010986328,-2.16227538823412,1.8060986170141,-4.867403525756618,-3.1167482215515627,-3.0641746878340923,0.8360253898111364,-1.0182176355214445,3.545343376480619,-0.4441969204019154,0.7184865518871395
70.0,65.0,195.22715759277344,-1.416831731333624,1.8545313378343875,-4.910833328583738,-2.932235655136307,-2.558365723067685,1.3538490140674868,-1.049787689812439,3.403383456815939,-1.1469262256330868,0.72574676321569
70.0,65.0,159.69412231445312,-2.21963507341297,1.850328278453232,-4.863205470948095,-3.7754689176902456,-3.045361023325458,0.837599674561319,-1.0212324909712558,3.56024233985072,-0.4482199517405474,0.7422656486335322
70.0,65.0,160.38934326171875,-2.1239526524329047,1.7532778008160277,-4.793683137872873,-2.992665936417859,-3.0883299703921034,0.7444479414625762,-1.0498487622640318,3.959048847339001,-0.7967959506285662,0.7170082799296202
70.0,65.0,167.33126831054688,-2.195243219696053,1.732912456716364,-4.952303408796997,-3.0404810004496574,-2.486837149312666,0.9725129987175968,-1.040432910076463,4.327298931424326,-0.5054700396972046,0.7183652077019171
70.0,65.0,157.08493041992188,-2.118764373865707,1.7857830493200688,-4.908215393850651,-3.092669591390489,-3.066043791752357,0.8284088162905381,-1.0306626319961123,3.627713348692576,-0.4452993438452765,0.7323930427300238
70.0,65.0,158.0673828125,-2.13478528945232,1.8441109636686763,-4.929363763692761,-3.1294766675918138,-3.0546509867568057,1.330469986782295,-1.0107985278553162,3.543151829295136,-0.4498499097984712,0.7093224768745058
70.0,65.0,179.2482147216797,-2.1219780315220387,1.94319746825848,-4.934865734981137,-3.01819798666532,-3.3110585938273056,0.777681860355596,-1.031156642338063,3.578291700999229,-0.4724063576957441,0.7107494903751281
70.0,65.0,166.35174560546875,-2.1839826523029533,1.7317492785414006,-4.863157585567276,-3.029274897849917,-3.064382047472599,1.331655290503512,-1.1420135338704025,4.388284810045576,-0.4504803565165269,0.7005964702626328
70.0,65.0,165.263427734375,-2.025108824505472,1.819420873531608,-4.880777358367313,-3.048511178555349,-3.076473591889685,0.724041054625411,-1.045823708623605,4.79798916193166,-0.408550783489008,0.6991762171530035
70.0,65.0,181.8656311035156,-2.121725015647945,1.6966086699097478,-4.908029323387553,-3.0972142902412565,-3.0667345488002744,0.4430143166012517,-1.0300772994147476,3.879863048480105,-0.4551159203519089,0.66492743014701
70.0,65.0,160.2692413330078,-1.055922459328694,1.7735920722761906,-4.937958133848109,-1.695201673496223,-3.064020344723154,0.8372423768827528,-1.0608401158966236,4.429729571994304,-0.4561175576200931,0.7202760905369371
70.0,66.0,157.60691833496094,-2.1221509371431435,1.8392303061078088,-4.902514539010984,-3.0864103908050646,-3.0538475418464337,0.8517324402109121,-1.0171489627324086,3.092931355225164,-0.4559853455206131,0.9824460715350812
70.0,66.0,163.82626342773438,-2.1980018324992767,1.8582169188668392,-4.901125319587997,-3.0923237554131173,-3.060316463931143,0.8305973737933695,-1.0231462051723517,3.186084002751504,-0.4498401655118645,0.7293085424751033
70.0,66.0,162.12002563476562,-2.064461842927496,1.7935466532309607,-4.901120978795082,-3.037351504864135,-2.9825109954659146,0.8614086155396931,-1.0144580723090246,3.120163282703889,-0.463391761074009,0.7101871668493809
70.0,66.0,195.2211761474609,-2.864067748512182,1.639527969597854,-4.86224001238643,-3.015338991699468,-3.005593938628276,1.8636780210418435,-0.9795361301075448,4.350618841738229,-0.5430293820279831,1.8810925325547152
70.0,66.0,158.04483032226562,-2.21765970013117,1.8058151277561227,-4.881248378154222,-3.0944936849034432,-3.057320051904991,0.8653348492673728,-1.0188310268088805,3.934260984212641,-0.4548674576004315,0.7490110930657472
70.0,66.0,165.0949249267578,-2.1430933335971862,1.7468090118271338,-4.905180748907829,-3.046386210728684,-3.007232627062506,1.3738084906230097,-1.0119052884588242,2.78786993956882,-0.4453474930019477,0.7449628217751612
70.0,66.0,156.08035278320312,-2.1580996450789263,1.728328627406782,-4.879695436337815,-3.0850529772078543,-3.06587044186364,0.8359929899162684,-1.015638048938622,3.5437633377229565,-0.4462973345896071,0.7233871726910266
70.0,66.0,154.37413024902344,-2.0788155232454657,1.8346632929908564,-4.896889335636481,-3.0998695835089016,-3.061396405334574,0.8168410636657539,-1.0282939979941113,3.947992153893852,-0.4527397992518694,0.7203188148683475
70.0,66.0,172.58328247070312,-2.0912940053785034,2.038224443753356,-4.930272889464868,-3.099773413366392,-3.0592402191631507,0.8541188312615025,-1.0469526218756149,4.046495520149371,-0.3681550333952583,0.716685331927284
70.0,66.0,155.6203155517578,-2.090721397134833,1.7619556340529412,-4.895578988224402,-3.0091265827801084,-3.097836116589629,0.827207589492624,-0.9906860916588356,3.939745949826409,-0.4516475270577018,0.7098554019473886
70.0,66.0,170.6083221435547,-2.117613965923986,1.8067013130087703,-4.874892527173709,-2.280319388944093,-3.2605119332181136,0.8402574913944493,-1.0325040191649713,4.417669055502675,-0.4520018294468969,0.7059838359693681
70.0,66.0,185.05960083007807,-2.43878146225662,1.830267046545461,-4.919201226369675,-3.112109091536305,-3.0673678245627047,1.3056181019954756,-1.0330637923687598,4.366544525106316,-0.4553499616304194,1.190114016804006
70.0,66.0,179.18243408203125,-2.199092185305696,1.6404719974671422,-4.724568068544225,-3.0722807255972344,-3.0689810317395527,0.8240501512673762,-1.06805500822852,4.459399571109845,-0.847233582348144,1.3425941335359584
70.0,66.0,157.1793212890625,-2.17673112323086,1.7630889806315109,-4.947962877204266,-3.1028324367742366,-3.0636519528115214,0.8683887477877932,-1.019159302572574,3.972407963439197,-0.4467512917481424,0.6562931783266163
70.0,66.0,177.90628051757812,-0.9480992037287066,1.6698462529856726,-4.92126265432442,-3.066282443454009,-3.048841576344093,1.9184003846581128,-1.029547548154336,4.407033002134062,-0.5675828178794807,0.7291447687456702
70.0,66.0,176.64108276367188,-2.14168982693938,1.7881212627169474,-4.901236637593122,-3.0532349777630525,-3.0543695431039146,0.825838327650945,-1.046953135190792,3.9010679933352415,-0.4505394253336033,0.4723725087038256
70.0,66.0,153.68515014648438,-2.125182290393189,1.83494819712508,-4.903948969744783,-3.092937008572441,-3.0653213758331583,0.8153543124686865,-1.028035376769764,3.9471090795327353,-0.4491513691493744,0.7204456276885497
70.0,66.0,160.43174743652344,-2.151459286441727,1.90423910518166,-4.8357974123900185,-3.0298650166629133,-3.0903990647852853,1.847914090673568,-1.0054713900790966,4.348106831105531,-0.4774927454416172,0.7122873759067002
70.0,66.0,160.01856994628906,-2.220169854322381,1.7733973193895476,-4.877059725003649,-3.0383700245191645,-3.032693759079466,0.8641455062900459,-1.053383293827007,3.117527630893025,-0.4452152258004726,0.7565709844852148
70.0,66.0,172.45042419433594,-2.2856388135449874,1.7983065472075734,-4.9152118840128525,-2.944344402075404,-3.091502415524449,-0.2047567352745997,-1.0436516644445728,4.035607615730321,-0.4535442069256774,0.7019696934244728
70.0,66.0,186.8330078125,-1.7853518205863237,1.7579008871512047,-4.88124284597318,-3.1163490117040347,-1.958458825305892,0.9908394891083412,-1.0498054040342644,3.0799726605986453,-0.854878327751711,1.0093736433700458
70.0,66.0,195.885482788086,-3.055101307321643,1.7130907519872982,-4.923761354932361,-3.067700129161367,-3.676091893906986,-0.2104721990991027,-1.0287940558498576,3.8513918957441033,-0.4933109868924777,0.6480388338337907
70.0,66.0,202.11236572265625,-2.3232675121663315,1.995269073018336,-4.886403963184227,-4.253307286126856,-2.685616720888452,-0.855932775562634,-1.0228667816011985,3.571846683142864,-1.82067306700556,1.326899596566416
70.0,66.0,153.9333953857422,-2.141243299174502,1.836277727016773,-4.93050788233458,-3.095464962834359,-3.0589227606131946,0.820407187582623,-1.0220996005676326,3.948809486198499,-0.4478069132302621,0.718573759982164
70.0,66.0,153.86907958984375,-2.1609154595239097,1.8364904623709573,-4.897959591361964,-3.091478181014282,-3.0650406882038608,0.8276417623987835,-1.018377220976623,3.959611976100351,-0.4509861776011417,0.7198014352225557
70.0,66.0,157.30677795410156,-2.162990173870915,1.7435576844406988,-4.906684219487809,-3.093292834462877,-3.0553041264270413,0.8378295331787847,-1.0168554836504242,3.121367949811789,-0.4530281572558794,0.7038908090851647
70.0,66.0,173.24264526367188,-2.9723143171659294,1.7467743343781554,-4.8583524109262815,-3.132584168219534,-3.071824124186589,0.826754586818778,-0.0913498623214759,4.733588269388097,-0.4036389269487243,0.6670874524596352
70.0,66.0,170.16250610351562,-2.144593699335768,1.8149705403640937,-4.892818706373042,-3.044733953138506,-3.0240067207640275,1.3787343181077525,-1.0173380505042615,3.476281512084664,-1.2122046109637,0.7262025255029386
70.0,66.0,171.94393920898438,-2.2319242967210933,1.754971819959149,-4.900395574195304,-3.1030425492922493,-3.037997833122592,0.8503373037499476,-1.073728729339558,3.9963547990123214,-0.4487690293543287,1.1197009819730048
70.0,66.0,175.5135955810547,-3.9090488953949887,1.7859067540409015,-4.947877033145323,-2.438215959708819,-3.083639817184455,0.8145819375545251,-0.9752124298710154,3.60916111720354,-0.4453514141807003,1.3071532897292408
70.0,66.0,177.20172119140625,-2.163004423443636,1.737971465625274,-4.925498848591239,-3.1293729271101847,-3.1506172979169205,0.951207575174531,-1.0550994328194334,3.167719358709381,-0.465551946425227,0.748897062630347
70.0,66.0,199.14553833007807,-1.9718912391448573,1.8147645625277573,-4.856754484663267,-3.1770631181423834,-3.034559699753716,1.41720605535237,-0.7118482102570783,3.704255755432138,-0.4469099065811647,0.715731498913691
70.0,66.0,168.62640380859375,-2.09565992958504,1.821398336797137,-4.88320202178986,-3.1302468720103755,-3.11032379218163,0.839100583793134,-1.031078167719383,4.025646976470819,-0.4167068400381631,0.7075424840846941
70.0,66.0,216.64889526367188,-3.119200354622974,1.0381176817895923,-4.69307522512295,-1.6392443033678898,-2.8010636188402933,0.2843458672433435,-0.9554619730909504,4.386770655722996,-0.4773885801804987,2.273100919956005
70.0,66.0,153.8284149169922,-2.128864964184896,1.827574755229226,-4.904227658837792,-3.1039518284719056,-3.069739171409548,0.8172906530453102,-1.0306847964095258,3.947400026583466,-0.4504047019252794,0.7075473579936993
70.0,66.0,164.427734375,-2.045816405813829,1.914602949713644,-4.909358164697808,-3.159544243863593,-3.073424881620823,0.819084421150099,-1.0291311383212636,3.9621657774020473,-0.4579202965364257,0.7415662766545894
70.0,66.0,163.1170654296875,-2.262182604635345,1.7546218709582857,-4.889659471506729,-3.046517337157185,-3.062461727487332,0.8576627620996714,-1.037116245477434,3.1300660961303275,-0.4852830259866298,0.6692162493095577
70.0,66.0,157.18283081054688,-2.1184865643126,1.7955365637299852,-4.907824449965135,-3.0877968782277727,-3.105222741488584,0.8043091035041218,-1.0410619208900442,3.616975360764443,-0.4507081127187803,0.7192689329349021
70.0,66.0,153.69454956054688,-2.1240825327841373,1.7832012127898482,-4.906497271144764,-3.09101608887591,-3.0640569448589043,0.8437581609987514,-1.0180269498310637,3.9292936398195866,-0.4454893332684976,0.7198480302413702
70.0,66.0,195.22715759277344,-1.416831731333624,1.8545313378343875,-4.910833328583738,-2.932235655136307,-2.558365723067685,1.3538490140674868,-1.049787689812439,3.403383456815939,-1.1469262256330868,0.72574676321569
70.0,66.0,159.69412231445312,-2.21963507341297,1.850328278453232,-4.863205470948095,-3.7754689176902456,-3.045361023325458,0.837599674561319,-1.0212324909712558,3.56024233985072,-0.4482199517405474,0.7422656486335322
70.0,66.0,160.38934326171875,-2.1239526524329047,1.7532778008160277,-4.793683137872873,-2.992665936417859,-3.0883299703921034,0.7444479414625762,-1.0498487622640318,3.959048847339001,-0.7967959506285662,0.7170082799296202
70.0,66.0,167.33126831054688,-2.195243219696053,1.732912456716364,-4.952303408796997,-3.0404810004496574,-2.486837149312666,0.9725129987175968,-1.040432910076463,4.327298931424326,-0.5054700396972046,0.7183652077019171
70.0,66.0,157.08493041992188,-2.118764373865707,1.7857830493200688,-4.908215393850651,-3.092669591390489,-3.066043791752357,0.8284088162905381,-1.0306626319961123,3.627713348692576,-0.4452993438452765,0.7323930427300238
70.0,66.0,158.0673828125,-2.13478528945232,1.8441109636686763,-4.929363763692761,-3.1294766675918138,-3.0546509867568057,1.330469986782295,-1.0107985278553162,3.543151829295136,-0.4498499097984712,0.7093224768745058
70.0,66.0,179.2482147216797,-2.1219780315220387,1.94319746825848,-4.934865734981137,-3.01819798666532,-3.3110585938273056,0.777681860355596,-1.031156642338063,3.578291700999229,-0.4724063576957441,0.7107494903751281
70.0,66.0,166.35174560546875,-2.1839826523029533,1.7317492785414006,-4.863157585567276,-3.029274897849917,-3.064382047472599,1.331655290503512,-1.1420135338704025,4.388284810045576,-0.4504803565165269,0.7005964702626328
70.0,66.0,165.263427734375,-2.025108824505472,1.819420873531608,-4.880777358367313,-3.048511178555349,-3.076473591889685,0.724041054625411,-1.045823708623605,4.79798916193166,-0.408550783489008,0.6991762171530035
70.0,66.0,152.64381408691406,-2.0901784363343694,1.7996446316242254,-4.899252706699094,-3.094029690512522,-3.0680854502609827,0.8332068551577954,-1.0239699127134063,3.974889820226194,-0.4553751126038328,0.7064393748489924
70.0,66.0,160.2692413330078,-1.055922459328694,1.7735920722761906,-4.937958133848109,-1.695201673496223,-3.064020344723154,0.8372423768827528,-1.0608401158966236,4.429729571994304,-0.4561175576200931,0.7202760905369371
70.0,67.0,157.60691833496094,-2.1221509371431435,1.8392303061078088,-4.902514539010984,-3.0864103908050646,-3.0538475418464337,0.8517324402109121,-1.0171489627324086,3.092931355225164,-0.4559853455206131,0.9824460715350812
70.0,67.0,161.15728759765625,-1.9534206856324816,1.7536378394229737,-4.890109816254475,-3.0956079319477503,-3.0662115030366284,0.8279698431872164,-1.019189610828445,4.304919778195342,-0.4515226464921155,0.7024576952550962
70.0,67.0,162.12002563476562,-2.064461842927496,1.7935466532309607,-4.901120978795082,-3.037351504864135,-2.9825109954659146,0.8614086155396931,-1.0144580723090246,3.120163282703889,-0.463391761074009,0.7101871668493809
70.0,67.0,195.2211761474609,-2.864067748512182,1.639527969597854,-4.86224001238643,-3.015338991699468,-3.005593938628276,1.8636780210418435,-0.9795361301075448,4.350618841738229,-0.5430293820279831,1.8810925325547152
70.0,67.0,158.04483032226562,-2.21765970013117,1.8058151277561227,-4.881248378154222,-3.0944936849034432,-3.057320051904991,0.8653348492673728,-1.0188310268088805,3.934260984212641,-0.4548674576004315,0.7490110930657472
70.0,67.0,165.0949249267578,-2.1430933335971862,1.7468090118271338,-4.905180748907829,-3.046386210728684,-3.007232627062506,1.3738084906230097,-1.0119052884588242,2.78786993956882,-0.4453474930019477,0.7449628217751612
70.0,67.0,156.08035278320312,-2.1580996450789263,1.728328627406782,-4.879695436337815,-3.0850529772078543,-3.06587044186364,0.8359929899162684,-1.015638048938622,3.5437633377229565,-0.4462973345896071,0.7233871726910266
70.0,67.0,154.37413024902344,-2.0788155232454657,1.8346632929908564,-4.896889335636481,-3.0998695835089016,-3.061396405334574,0.8168410636657539,-1.0282939979941113,3.947992153893852,-0.4527397992518694,0.7203188148683475
70.0,67.0,163.3234100341797,-2.089947242797049,1.7117587270633097,-4.858961261149071,-3.097427205544064,-3.068519097157141,0.8749169065428475,-1.06499737396578,4.045457310474661,-0.466359130968258,0.6982102059497775
70.0,67.0,155.6203155517578,-2.090721397134833,1.7619556340529412,-4.895578988224402,-3.0091265827801084,-3.097836116589629,0.827207589492624,-0.9906860916588356,3.939745949826409,-0.4516475270577018,0.7098554019473886
70.0,67.0,170.6083221435547,-2.117613965923986,1.8067013130087703,-4.874892527173709,-2.280319388944093,-3.2605119332181136,0.8402574913944493,-1.0325040191649713,4.417669055502675,-0.4520018294468969,0.7059838359693681
70.0,67.0,185.05960083007807,-2.43878146225662,1.830267046545461,-4.919201226369675,-3.112109091536305,-3.0673678245627047,1.3056181019954756,-1.0330637923687598,4.366544525106316,-0.4553499616304194,1.190114016804006
70.0,67.0,179.18243408203125,-2.199092185305696,1.6404719974671422,-4.724568068544225,-3.0722807255972344,-3.0689810317395527,0.8240501512673762,-1.06805500822852,4.459399571109845,-0.847233582348144,1.3425941335359584
70.0,67.0,157.1793212890625,-2.17673112323086,1.7630889806315109,-4.947962877204266,-3.1028324367742366,-3.0636519528115214,0.8683887477877932,-1.019159302572574,3.972407963439197,-0.4467512917481424,0.6562931783266163
70.0,67.0,177.90628051757812,-0.9480992037287066,1.6698462529856726,-4.92126265432442,-3.066282443454009,-3.048841576344093,1.9184003846581128,-1.029547548154336,4.407033002134062,-0.5675828178794807,0.7291447687456702
70.0,67.0,176.64108276367188,-2.14168982693938,1.7881212627169474,-4.901236637593122,-3.0532349777630525,-3.0543695431039146,0.825838327650945,-1.046953135190792,3.9010679933352415,-0.4505394253336033,0.4723725087038256
70.0,67.0,153.68515014648438,-2.125182290393189,1.83494819712508,-4.903948969744783,-3.092937008572441,-3.0653213758331583,0.8153543124686865,-1.028035376769764,3.9471090795327353,-0.4491513691493744,0.7204456276885497
70.0,67.0,160.43174743652344,-2.151459286441727,1.90423910518166,-4.8357974123900185,-3.0298650166629133,-3.0903990647852853,1.847914090673568,-1.0054713900790966,4.348106831105531,-0.4774927454416172,0.7122873759067002
70.0,67.0,160.01856994628906,-2.220169854322381,1.7733973193895476,-4.877059725003649,-3.0383700245191645,-3.032693759079466,0.8641455062900459,-1.053383293827007,3.117527630893025,-0.4452152258004726,0.7565709844852148
70.0,67.0,172.45042419433594,-2.2856388135449874,1.7983065472075734,-4.9152118840128525,-2.944344402075404,-3.091502415524449,-0.2047567352745997,-1.0436516644445728,4.035607615730321,-0.4535442069256774,0.7019696934244728
70.0,67.0,186.8330078125,-1.7853518205863237,1.7579008871512047,-4.88124284597318,-3.1163490117040347,-1.958458825305892,0.9908394891083412,-1.0498054040342644,3.0799726605986453,-0.854878327751711,1.0093736433700458
70.0,67.0,195.885482788086,-3.055101307321643,1.7130907519872982,-4.923761354932361,-3.067700129161367,-3.676091893906986,-0.2104721990991027,-1.0287940558498576,3.8513918957441033,-0.4933109868924777,0.6480388338337907
70.0,67.0,202.11236572265625,-2.3232675121663315,1.995269073018336,-4.886403963184227,-4.253307286126856,-2.685616720888452,-0.855932775562634,-1.0228667816011985,3.571846683142864,-1.82067306700556,1.326899596566416
70.0,67.0,153.9333953857422,-2.141243299174502,1.836277727016773,-4.93050788233458,-3.095464962834359,-3.0589227606131946,0.820407187582623,-1.0220996005676326,3.948809486198499,-0.4478069132302621,0.718573759982164
70.0,67.0,153.86907958984375,-2.1609154595239097,1.8364904623709573,-4.897959591361964,-3.091478181014282,-3.0650406882038608,0.8276417623987835,-1.018377220976623,3.959611976100351,-0.4509861776011417,0.7198014352225557
70.0,67.0,157.30677795410156,-2.162990173870915,1.7435576844406988,-4.906684219487809,-3.093292834462877,-3.0553041264270413,0.8378295331787847,-1.0168554836504242,3.121367949811789,-0.4530281572558794,0.7038908090851647
70.0,67.0,173.24264526367188,-2.9723143171659294,1.7467743343781554,-4.8583524109262815,-3.132584168219534,-3.071824124186589,0.826754586818778,-0.0913498623214759,4.733588269388097,-0.4036389269487243,0.6670874524596352
70.0,67.0,170.16250610351562,-2.144593699335768,1.8149705403640937,-4.892818706373042,-3.044733953138506,-3.0240067207640275,1.3787343181077525,-1.0173380505042615,3.476281512084664,-1.2122046109637,0.7262025255029386
70.0,67.0,163.42611694335938,-2.2016480594562817,1.784871337313955,-4.9049549023700365,-3.096099307207586,-2.5592528478582546,0.8847592646716322,-1.0514525998266018,4.018532881033548,-0.4507156476878032,0.9436360648084704
70.0,67.0,175.5135955810547,-3.9090488953949887,1.7859067540409015,-4.947877033145323,-2.438215959708819,-3.083639817184455,0.8145819375545251,-0.9752124298710154,3.60916111720354,-0.4453514141807003,1.3071532897292408
70.0,67.0,169.61380004882812,-2.131030903144364,1.7799340653037556,-4.8948526473465925,-2.955645300552109,-3.126206753218884,0.7706131149166859,-1.0266908279200972,3.9006929056126336,-0.4154485525600125,0.7342923104951506
70.0,67.0,195.9841766357422,-2.1698388545204788,1.8050670357005527,-4.879134013011269,-3.1319356257998097,-3.087698747306444,0.6745510721483726,-0.8262216893576498,4.062473877517236,-0.4606188139559867,0.6996522036300064
70.0,67.0,168.62640380859375,-2.09565992958504,1.821398336797137,-4.88320202178986,-3.1302468720103755,-3.11032379218163,0.839100583793134,-1.031078167719383,4.025646976470819,-0.4167068400381631,0.7075424840846941
70.0,67.0,216.64889526367188,-3.119200354622974,1.0381176817895923,-4.69307522512295,-1.6392443033678898,-2.8010636188402933,0.2843458672433435,-0.9554619730909504,4.386770655722996,-0.4773885801804987,2.273100919956005
70.0,67.0,152.86680603027344,-2.0507059631710884,1.7673591714078931,-4.899733004755314,-3.0816628892556683,-3.068638544363294,0.8336847469482047,-1.0172520339674622,3.962125953203152,-0.452147481502814,0.7050980546705747
70.0,67.0,160.77484130859375,-2.059363770533746,1.874060033686684,-4.909204402714408,-3.1157195737338013,-3.071622825028974,0.8570363412159039,-1.0230936535823183,3.946658060603867,-0.458604612947632,0.6531475070660558
70.0,67.0,163.1170654296875,-2.262182604635345,1.7546218709582857,-4.889659471506729,-3.046517337157185,-3.062461727487332,0.8576627620996714,-1.037116245477434,3.1300660961303275,-0.4852830259866298,0.6692162493095577
70.0,67.0,155.38917541503906,-2.106011101066618,1.7568846313623323,-4.89888159774952,-3.08733424584246,-3.1035557753149847,0.8756624598537297,-1.0286728116128556,3.56225433086618,-0.4605761417817696,0.7013081579246323
70.0,67.0,153.69454956054688,-2.1240825327841373,1.7832012127898482,-4.906497271144764,-3.09101608887591,-3.0640569448589043,0.8437581609987514,-1.0180269498310637,3.9292936398195866,-0.4454893332684976,0.7198480302413702
70.0,67.0,195.22715759277344,-1.416831731333624,1.8545313378343875,-4.910833328583738,-2.932235655136307,-2.558365723067685,1.3538490140674868,-1.049787689812439,3.403383456815939,-1.1469262256330868,0.72574676321569
70.0,67.0,159.69412231445312,-2.21963507341297,1.850328278453232,-4.863205470948095,-3.7754689176902456,-3.045361023325458,0.837599674561319,-1.0212324909712558,3.56024233985072,-0.4482199517405474,0.7422656486335322
70.0,67.0,160.38934326171875,-2.1239526524329047,1.7532778008160277,-4.793683137872873,-2.992665936417859,-3.0883299703921034,0.7444479414625762,-1.0498487622640318,3.959048847339001,-0.7967959506285662,0.7170082799296202
70.0,67.0,167.33126831054688,-2.195243219696053,1.732912456716364,-4.952303408796997,-3.0404810004496574,-2.486837149312666,0.9725129987175968,-1.040432910076463,4.327298931424326,-0.5054700396972046,0.7183652077019171
70.0,67.0,157.08493041992188,-2.118764373865707,1.7857830493200688,-4.908215393850651,-3.092669591390489,-3.066043791752357,0.8284088162905381,-1.0306626319961123,3.627713348692576,-0.4452993438452765,0.7323930427300238
70.0,67.0,158.0673828125,-2.13478528945232,1.8441109636686763,-4.929363763692761,-3.1294766675918138,-3.0546509867568057,1.330469986782295,-1.0107985278553162,3.543151829295136,-0.4498499097984712,0.7093224768745058
70.0,67.0,179.2482147216797,-2.1219780315220387,1.94319746825848,-4.934865734981137,-3.01819798666532,-3.3110585938273056,0.777681860355596,-1.031156642338063,3.578291700999229,-0.4724063576957441,0.7107494903751281
70.0,67.0,166.35174560546875,-2.1839826523029533,1.7317492785414006,-4.863157585567276,-3.029274897849917,-3.064382047472599,1.331655290503512,-1.1420135338704025,4.388284810045576,-0.4504803565165269,0.7005964702626328
70.0,67.0,165.263427734375,-2.025108824505472,1.819420873531608,-4.880777358367313,-3.048511178555349,-3.076473591889685,0.724041054625411,-1.045823708623605,4.79798916193166,-0.408550783489008,0.6991762171530035
70.0,67.0,152.64381408691406,-2.0901784363343694,1.7996446316242254,-4.899252706699094,-3.094029690512522,-3.0680854502609827,0.8332068551577954,-1.0239699127134063,3.974889820226194,-0.4553751126038328,0.7064393748489924
70.0,67.0,160.2692413330078,-1.055922459328694,1.7735920722761906,-4.937958133848109,-1.695201673496223,-3.064020344723154,0.8372423768827528,-1.0608401158966236,4.429729571994304,-0.4561175576200931,0.7202760905369371
70.0,68.0,157.60691833496094,-2.1221509371431435,1.8392303061078088,-4.902514539010984,-3.0864103908050646,-3.0538475418464337,0.8517324402109121,-1.0171489627324086,3.092931355225164,-0.4559853455206131,0.9824460715350812
70.0,68.0,161.15728759765625,-1.9534206856324816,1.7536378394229737,-4.890109816254475,-3.0956079319477503,-3.0662115030366284,0.8279698431872164,-1.019189610828445,4.304919778195342,-0.4515226464921155,0.7024576952550962
70.0,68.0,162.12002563476562,-2.064461842927496,1.7935466532309607,-4.901120978795082,-3.037351504864135,-2.9825109954659146,0.8614086155396931,-1.0144580723090246,3.120163282703889,-0.463391761074009,0.7101871668493809
70.0,68.0,195.2211761474609,-2.864067748512182,1.639527969597854,-4.86224001238643,-3.015338991699468,-3.005593938628276,1.8636780210418435,-0.9795361301075448,4.350618841738229,-0.5430293820279831,1.8810925325547152
70.0,68.0,158.04483032226562,-2.21765970013117,1.8058151277561227,-4.881248378154222,-3.0944936849034432,-3.057320051904991,0.8653348492673728,-1.0188310268088805,3.934260984212641,-0.4548674576004315,0.7490110930657472
70.0,68.0,165.0949249267578,-2.1430933335971862,1.7468090118271338,-4.905180748907829,-3.046386210728684,-3.007232627062506,1.3738084906230097,-1.0119052884588242,2.78786993956882,-0.4453474930019477,0.7449628217751612
70.0,68.0,156.08035278320312,-2.1580996450789263,1.728328627406782,-4.879695436337815,-3.0850529772078543,-3.06587044186364,0.8359929899162684,-1.015638048938622,3.5437633377229565,-0.4462973345896071,0.7233871726910266
70.0,68.0,154.37413024902344,-2.0788155232454657,1.8346632929908564,-4.896889335636481,-3.0998695835089016,-3.061396405334574,0.8168410636657539,-1.0282939979941113,3.947992153893852,-0.4527397992518694,0.7203188148683475
70.0,68.0,163.3234100341797,-2.089947242797049,1.7117587270633097,-4.858961261149071,-3.097427205544064,-3.068519097157141,0.8749169065428475,-1.06499737396578,4.045457310474661,-0.466359130968258,0.6982102059497775
70.0,68.0,155.6203155517578,-2.090721397134833,1.7619556340529412,-4.895578988224402,-3.0091265827801084,-3.097836116589629,0.827207589492624,-0.9906860916588356,3.939745949826409,-0.4516475270577018,0.7098554019473886
70.0,68.0,169.08489990234375,-2.121440628074116,1.8391977466202043,-4.90633100960668,-3.191362431245664,-3.0587728131295138,0.8384745018189871,-1.039438854831888,4.036453083172007,-0.457183002900791,0.6903595963685812
70.0,68.0,175.50457763671875,-2.243427568326955,1.856969531629862,-4.92353717084213,-3.1275403596678784,-3.068042202413163,1.954666027153852,-1.0241047234393732,3.901248647005048,-0.4570180557786033,0.7639323185721112
70.0,68.0,179.18243408203125,-2.199092185305696,1.6404719974671422,-4.724568068544225,-3.0722807255972344,-3.0689810317395527,0.8240501512673762,-1.06805500822852,4.459399571109845,-0.847233582348144,1.3425941335359584
70.0,68.0,157.1793212890625,-2.17673112323086,1.7630889806315109,-4.947962877204266,-3.1028324367742366,-3.0636519528115214,0.8683887477877932,-1.019159302572574,3.972407963439197,-0.4467512917481424,0.6562931783266163
70.0,68.0,177.90628051757812,-0.9480992037287066,1.6698462529856726,-4.92126265432442,-3.066282443454009,-3.048841576344093,1.9184003846581128,-1.029547548154336,4.407033002134062,-0.5675828178794807,0.7291447687456702
70.0,68.0,176.64108276367188,-2.14168982693938,1.7881212627169474,-4.901236637593122,-3.0532349777630525,-3.0543695431039146,0.825838327650945,-1.046953135190792,3.9010679933352415,-0.4505394253336033,0.4723725087038256
70.0,68.0,153.3836212158203,-2.095158132619135,1.7701695242258908,-4.982490553762315,-3.09637110306975,-3.0694739731178897,0.840899275331245,-1.0237363902894905,3.970859861645056,-0.4513311644062044,0.7170566147272506
70.0,68.0,160.43174743652344,-2.151459286441727,1.90423910518166,-4.8357974123900185,-3.0298650166629133,-3.0903990647852853,1.847914090673568,-1.0054713900790966,4.348106831105531,-0.4774927454416172,0.7122873759067002
70.0,68.0,160.01856994628906,-2.220169854322381,1.7733973193895476,-4.877059725003649,-3.0383700245191645,-3.032693759079466,0.8641455062900459,-1.053383293827007,3.117527630893025,-0.4452152258004726,0.7565709844852148
70.0,68.0,169.77284240722656,-1.8784279188672173,1.801260602993747,-4.903065384166411,-2.951799689035015,-3.096786340243257,-0.2866241683753663,-1.0398635407854897,3.959265746362577,-0.4564096799593146,0.7007790789825445
70.0,68.0,186.8330078125,-1.7853518205863237,1.7579008871512047,-4.88124284597318,-3.1163490117040347,-1.958458825305892,0.9908394891083412,-1.0498054040342644,3.0799726605986453,-0.854878327751711,1.0093736433700458
70.0,68.0,195.885482788086,-3.055101307321643,1.7130907519872982,-4.923761354932361,-3.067700129161367,-3.676091893906986,-0.2104721990991027,-1.0287940558498576,3.8513918957441033,-0.4933109868924777,0.6480388338337907
70.0,68.0,202.11236572265625,-2.3232675121663315,1.995269073018336,-4.886403963184227,-4.253307286126856,-2.685616720888452,-0.855932775562634,-1.0228667816011985,3.571846683142864,-1.82067306700556,1.326899596566416
70.0,68.0,153.9333953857422,-2.141243299174502,1.836277727016773,-4.93050788233458,-3.095464962834359,-3.0589227606131946,0.820407187582623,-1.0220996005676326,3.948809486198499,-0.4478069132302621,0.718573759982164
70.0,68.0,153.86907958984375,-2.1609154595239097,1.8364904623709573,-4.897959591361964,-3.091478181014282,-3.0650406882038608,0.8276417623987835,-1.018377220976623,3.959611976100351,-0.4509861776011417,0.7198014352225557
70.0,68.0,157.30677795410156,-2.162990173870915,1.7435576844406988,-4.906684219487809,-3.093292834462877,-3.0553041264270413,0.8378295331787847,-1.0168554836504242,3.121367949811789,-0.4530281572558794,0.7038908090851647
70.0,68.0,173.24264526367188,-2.9723143171659294,1.7467743343781554,-4.8583524109262815,-3.132584168219534,-3.071824124186589,0.826754586818778,-0.0913498623214759,4.733588269388097,-0.4036389269487243,0.6670874524596352
70.0,68.0,167.95028686523438,-2.053766203355511,1.81055492665376,-4.896112133795559,-3.04745109199442,-3.0794549559398434,2.437229294867977,-1.0357834189366355,3.900175821077682,-0.7692155869085179,0.7135283215223838
70.0,68.0,163.42611694335938,-2.2016480594562817,1.784871337313955,-4.9049549023700365,-3.096099307207586,-2.5592528478582546,0.8847592646716322,-1.0514525998266018,4.018532881033548,-0.4507156476878032,0.9436360648084704
70.0,68.0,175.5135955810547,-3.9090488953949887,1.7859067540409015,-4.947877033145323,-2.438215959708819,-3.083639817184455,0.8145819375545251,-0.9752124298710154,3.60916111720354,-0.4453514141807003,1.3071532897292408
70.0,68.0,169.61380004882812,-2.131030903144364,1.7799340653037556,-4.8948526473465925,-2.955645300552109,-3.126206753218884,0.7706131149166859,-1.0266908279200972,3.9006929056126336,-0.4154485525600125,0.7342923104951506
70.0,68.0,175.71865844726562,-2.1211833321105327,1.794547407142411,-4.908307270602201,-3.0952942982711984,-3.101678559712731,0.3776735293085805,-0.9961959355247564,4.076099729368143,-0.4592747400304542,0.7066224830423076
70.0,68.0,168.62640380859375,-2.09565992958504,1.821398336797137,-4.88320202178986,-3.1302468720103755,-3.11032379218163,0.839100583793134,-1.031078167719383,4.025646976470819,-0.4167068400381631,0.7075424840846941
70.0,68.0,215.2586669921875,-2.254563503864051,1.3634076623878304,-4.802632027672182,-3.608988988434258,-2.612458181868972,0.3616031554277592,-1.01039655376862,4.170988749441435,-0.4676224343376054,1.0868157698288043
70.0,68.0,152.86680603027344,-2.0507059631710884,1.7673591714078931,-4.899733004755314,-3.0816628892556683,-3.068638544363294,0.8336847469482047,-1.0172520339674622,3.962125953203152,-0.452147481502814,0.7050980546705747
70.0,68.0,160.77484130859375,-2.059363770533746,1.874060033686684,-4.909204402714408,-3.1157195737338013,-3.071622825028974,0.8570363412159039,-1.0230936535823183,3.946658060603867,-0.458604612947632,0.6531475070660558
70.0,68.0,163.1170654296875,-2.262182604635345,1.7546218709582857,-4.889659471506729,-3.046517337157185,-3.062461727487332,0.8576627620996714,-1.037116245477434,3.1300660961303275,-0.4852830259866298,0.6692162493095577
70.0,68.0,155.38917541503906,-2.106011101066618,1.7568846313623323,-4.89888159774952,-3.08733424584246,-3.1035557753149847,0.8756624598537297,-1.0286728116128556,3.56225433086618,-0.4605761417817696,0.7013081579246323
70.0,68.0,153.69454956054688,-2.1240825327841373,1.7832012127898482,-4.906497271144764,-3.09101608887591,-3.0640569448589043,0.8437581609987514,-1.0180269498310637,3.9292936398195866,-0.4454893332684976,0.7198480302413702
70.0,68.0,195.22715759277344,-1.416831731333624,1.8545313378343875,-4.910833328583738,-2.932235655136307,-2.558365723067685,1.3538490140674868,-1.049787689812439,3.403383456815939,-1.1469262256330868,0.72574676321569
70.0,68.0,159.69412231445312,-2.21963507341297,1.850328278453232,-4.863205470948095,-3.7754689176902456,-3.045361023325458,0.837599674561319,-1.0212324909712558,3.56024233985072,-0.4482199517405474,0.7422656486335322
70.0,68.0,160.38934326171875,-2.1239526524329047,1.7532778008160277,-4.793683137872873,-2.992665936417859,-3.0883299703921034,0.7444479414625762,-1.0498487622640318,3.959048847339001,-0.7967959506285662,0.7170082799296202
70.0,68.0,167.33126831054688,-2.195243219696053,1.732912456716364,-4.952303408796997,-3.0404810004496574,-2.486837149312666,0.9725129987175968,-1.040432910076463,4.327298931424326,-0.5054700396972046,0.7183652077019171
70.0,68.0,157.08493041992188,-2.118764373865707,1.7857830493200688,-4.908215393850651,-3.092669591390489,-3.066043791752357,0.8284088162905381,-1.0306626319961123,3.627713348692576,-0.4452993438452765,0.7323930427300238
70.0,68.0,158.0673828125,-2.13478528945232,1.8441109636686763,-4.929363763692761,-3.1294766675918138,-3.0546509867568057,1.330469986782295,-1.0107985278553162,3.543151829295136,-0.4498499097984712,0.7093224768745058
70.0,68.0,179.2482147216797,-2.1219780315220387,1.94319746825848,-4.934865734981137,-3.01819798666532,-3.3110585938273056,0.777681860355596,-1.031156642338063,3.578291700999229,-0.4724063576957441,0.7107494903751281
70.0,68.0,166.35174560546875,-2.1839826523029533,1.7317492785414006,-4.863157585567276,-3.029274897849917,-3.064382047472599,1.331655290503512,-1.1420135338704025,4.388284810045576,-0.4504803565165269,0.7005964702626328
70.0,68.0,165.263427734375,-2.025108824505472,1.819420873531608,-4.880777358367313,-3.048511178555349,-3.076473591889685,0.724041054625411,-1.045823708623605,4.79798916193166,-0.408550783489008,0.6991762171530035
70.0,68.0,152.64381408691406,-2.0901784363343694,1.7996446316242254,-4.899252706699094,-3.094029690512522,-3.0680854502609827,0.8332068551577954,-1.0239699127134063,3.974889820226194,-0.4553751126038328,0.7064393748489924
70.0,68.0,160.2692413330078,-1.055922459328694,1.7735920722761906,-4.937958133848109,-1.695201673496223,-3.064020344723154,0.8372423768827528,-1.0608401158966236,4.429729571994304,-0.4561175576200931,0.7202760905369371
70.0,69.0,157.60691833496094,-2.1221509371431435,1.8392303061078088,-4.902514539010984,-3.0864103908050646,-3.0538475418464337,0.8517324402109121,-1.0171489627324086,3.092931355225164,-0.4559853455206131,0.9824460715350812
70.0,69.0,161.15728759765625,-1.9534206856324816,1.7536378394229737,-4.890109816254475,-3.0956079319477503,-3.0662115030366284,0.8279698431872164,-1.019189610828445,4.304919778195342,-0.4515226464921155,0.7024576952550962
70.0,69.0,162.12002563476562,-2.064461842927496,1.7935466532309607,-4.901120978795082,-3.037351504864135,-2.9825109954659146,0.8614086155396931,-1.0144580723090246,3.120163282703889,-0.463391761074009,0.7101871668493809
70.0,69.0,195.2211761474609,-2.864067748512182,1.639527969597854,-4.86224001238643,-3.015338991699468,-3.005593938628276,1.8636780210418435,-0.9795361301075448,4.350618841738229,-0.5430293820279831,1.8810925325547152
70.0,69.0,157.06150817871094,-2.1668333891262144,1.8050523153983689,-4.879919604388298,-3.0940140575821444,-3.067229156974224,0.851277483190287,-1.0255564109008373,4.019563202407274,-0.4600824396962098,0.6922493712776561
70.0,69.0,165.0949249267578,-2.1430933335971862,1.7468090118271338,-4.905180748907829,-3.046386210728684,-3.007232627062506,1.3738084906230097,-1.0119052884588242,2.78786993956882,-0.4453474930019477,0.7449628217751612
70.0,69.0,156.08035278320312,-2.1580996450789263,1.728328627406782,-4.879695436337815,-3.0850529772078543,-3.06587044186364,0.8359929899162684,-1.015638048938622,3.5437633377229565,-0.4462973345896071,0.7233871726910266
70.0,69.0,152.79067993164062,-2.093422370865988,1.7983879442835504,-4.8948872527118885,-3.0935374014388097,-3.065420797499045,0.8243284443811907,-1.029971861721276,3.953504968555522,-0.4515791902618848,0.730269155541836
70.0,69.0,159.1881561279297,-2.089276113178034,1.8952434958222053,-4.902194038491554,-3.1008741198568144,-3.0670334396541303,0.8210064807720935,-1.0583101507127963,3.92187927173132,-0.4672875741641208,0.7114464446594213
70.0,69.0,155.6203155517578,-2.090721397134833,1.7619556340529412,-4.895578988224402,-3.0091265827801084,-3.097836116589629,0.827207589492624,-0.9906860916588356,3.939745949826409,-0.4516475270577018,0.7098554019473886
70.0,69.0,169.08489990234375,-2.121440628074116,1.8391977466202043,-4.90633100960668,-3.191362431245664,-3.0587728131295138,0.8384745018189871,-1.039438854831888,4.036453083172007,-0.457183002900791,0.6903595963685812
70.0,69.0,173.5118408203125,-2.0964125734213392,1.8483531205215613,-4.880141972556976,-3.0712298585709146,-3.0680986733343247,1.3849083648103202,-1.020680349559957,3.7205536071077,-0.4536027326502243,0.6837668333969602
70.0,69.0,179.18243408203125,-2.199092185305696,1.6404719974671422,-4.724568068544225,-3.0722807255972344,-3.0689810317395527,0.8240501512673762,-1.06805500822852,4.459399571109845,-0.847233582348144,1.3425941335359584
70.0,69.0,157.1793212890625,-2.17673112323086,1.7630889806315109,-4.947962877204266,-3.1028324367742366,-3.0636519528115214,0.8683887477877932,-1.019159302572574,3.972407963439197,-0.4467512917481424,0.6562931783266163
70.0,69.0,177.90628051757812,-0.9480992037287066,1.6698462529856726,-4.92126265432442,-3.066282443454009,-3.048841576344093,1.9184003846581128,-1.029547548154336,4.407033002134062,-0.5675828178794807,0.7291447687456702
70.0,69.0,176.64108276367188,-2.14168982693938,1.7881212627169474,-4.901236637593122,-3.0532349777630525,-3.0543695431039146,0.825838327650945,-1.046953135190792,3.9010679933352415,-0.4505394253336033,0.4723725087038256
70.0,69.0,153.3836212158203,-2.095158132619135,1.7701695242258908,-4.982490553762315,-3.09637110306975,-3.0694739731178897,0.840899275331245,-1.0237363902894905,3.970859861645056,-0.4513311644062044,0.7170566147272506
70.0,69.0,160.43174743652344,-2.151459286441727,1.90423910518166,-4.8357974123900185,-3.0298650166629133,-3.0903990647852853,1.847914090673568,-1.0054713900790966,4.348106831105531,-0.4774927454416172,0.7122873759067002
70.0,69.0,160.01856994628906,-2.220169854322381,1.7733973193895476,-4.877059725003649,-3.0383700245191645,-3.032693759079466,0.8641455062900459,-1.053383293827007,3.117527630893025,-0.4452152258004726,0.7565709844852148
70.0,69.0,169.77284240722656,-1.8784279188672173,1.801260602993747,-4.903065384166411,-2.951799689035015,-3.096786340243257,-0.2866241683753663,-1.0398635407854897,3.959265746362577,-0.4564096799593146,0.7007790789825445
70.0,69.0,186.8330078125,-1.7853518205863237,1.7579008871512047,-4.88124284597318,-3.1163490117040347,-1.958458825305892,0.9908394891083412,-1.0498054040342644,3.0799726605986453,-0.854878327751711,1.0093736433700458
70.0,69.0,195.885482788086,-3.055101307321643,1.7130907519872982,-4.923761354932361,-3.067700129161367,-3.676091893906986,-0.2104721990991027,-1.0287940558498576,3.8513918957441033,-0.4933109868924777,0.6480388338337907
70.0,69.0,202.11236572265625,-2.3232675121663315,1.995269073018336,-4.886403963184227,-4.253307286126856,-2.685616720888452,-0.855932775562634,-1.0228667816011985,3.571846683142864,-1.82067306700556,1.326899596566416
70.0,69.0,153.1660919189453,-2.121447798556532,1.8336876551817392,-4.9380753146679925,-3.094233202647145,-3.0649950223856144,0.8354321701101891,-1.021508757068139,3.955010029302585,-0.4447028575291981,0.7080551592072115
70.0,69.0,153.86907958984375,-2.1609154595239097,1.8364904623709573,-4.897959591361964,-3.091478181014282,-3.0650406882038608,0.8276417623987835,-1.018377220976623,3.959611976100351,-0.4509861776011417,0.7198014352225557
70.0,69.0,157.30677795410156,-2.162990173870915,1.7435576844406988,-4.906684219487809,-3.093292834462877,-3.0553041264270413,0.8378295331787847,-1.0168554836504242,3.121367949811789,-0.4530281572558794,0.7038908090851647
70.0,69.0,173.24264526367188,-2.9723143171659294,1.7467743343781554,-4.8583524109262815,-3.132584168219534,-3.071824124186589,0.826754586818778,-0.0913498623214759,4.733588269388097,-0.4036389269487243,0.6670874524596352
70.0,69.0,167.95028686523438,-2.053766203355511,1.81055492665376,-4.896112133795559,-3.04745109199442,-3.0794549559398434,2.437229294867977,-1.0357834189366355,3.900175821077682,-0.7692155869085179,0.7135283215223838
70.0,69.0,152.54495239257812,-2.086832612940253,1.8064944060961536,-4.898320628368176,-3.093282331284326,-2.607247231069853,0.8639438196690439,-1.041520497359607,4.007325202202917,-0.4570420707428539,1.2979991742476558
70.0,69.0,175.5135955810547,-3.9090488953949887,1.7859067540409015,-4.947877033145323,-2.438215959708819,-3.083639817184455,0.8145819375545251,-0.9752124298710154,3.60916111720354,-0.4453514141807003,1.3071532897292408
70.0,69.0,169.61380004882812,-2.131030903144364,1.7799340653037556,-4.8948526473465925,-2.955645300552109,-3.126206753218884,0.7706131149166859,-1.0266908279200972,3.9006929056126336,-0.4154485525600125,0.7342923104951506
70.0,69.0,168.9176025390625,-2.078041450457716,1.7906340994383956,-4.9110211319469,-3.0784945596520275,-3.081875105578683,1.3227016352051957,-1.1083167188886125,4.078740089410088,-0.4523616003691013,0.7090230205831481
70.0,69.0,168.62640380859375,-2.09565992958504,1.821398336797137,-4.88320202178986,-3.1302468720103755,-3.11032379218163,0.839100583793134,-1.031078167719383,4.025646976470819,-0.4167068400381631,0.7075424840846941
70.0,69.0,215.2586669921875,-2.254563503864051,1.3634076623878304,-4.802632027672182,-3.608988988434258,-2.612458181868972,0.3616031554277592,-1.01039655376862,4.170988749441435,-0.4676224343376054,1.0868157698288043
70.0,69.0,152.86680603027344,-2.0507059631710884,1.7673591714078931,-4.899733004755314,-3.0816628892556683,-3.068638544363294,0.8336847469482047,-1.0172520339674622,3.962125953203152,-0.452147481502814,0.7050980546705747
70.0,69.0,157.8588104248047,-2.095372582829184,1.7695060978086294,-4.90086987322865,-3.146036595341636,-3.060469489254338,0.8426750223334734,-1.0242486360742793,3.938219315748212,-0.462621671804446,0.6885251653607829
70.0,69.0,163.1170654296875,-2.262182604635345,1.7546218709582857,-4.889659471506729,-3.046517337157185,-3.062461727487332,0.8576627620996714,-1.037116245477434,3.1300660961303275,-0.4852830259866298,0.6692162493095577
70.0,69.0,155.38917541503906,-2.106011101066618,1.7568846313623323,-4.89888159774952,-3.08733424584246,-3.1035557753149847,0.8756624598537297,-1.0286728116128556,3.56225433086618,-0.4605761417817696,0.7013081579246323
70.0,69.0,153.69454956054688,-2.1240825327841373,1.7832012127898482,-4.906497271144764,-3.09101608887591,-3.0640569448589043,0.8437581609987514,-1.0180269498310637,3.9292936398195866,-0.4454893332684976,0.7198480302413702
70.0,69.0,195.22715759277344,-1.416831731333624,1.8545313378343875,-4.910833328583738,-2.932235655136307,-2.558365723067685,1.3538490140674868,-1.049787689812439,3.403383456815939,-1.1469262256330868,0.72574676321569
70.0,69.0,159.69412231445312,-2.21963507341297,1.850328278453232,-4.863205470948095,-3.7754689176902456,-3.045361023325458,0.837599674561319,-1.0212324909712558,3.56024233985072,-0.4482199517405474,0.7422656486335322
70.0,69.0,160.38934326171875,-2.1239526524329047,1.7532778008160277,-4.793683137872873,-2.992665936417859,-3.0883299703921034,0.7444479414625762,-1.0498487622640318,3.959048847339001,-0.7967959506285662,0.7170082799296202
70.0,69.0,167.33126831054688,-2.195243219696053,1.732912456716364,-4.952303408796997,-3.0404810004496574,-2.486837149312666,0.9725129987175968,-1.040432910076463,4.327298931424326,-0.5054700396972046,0.7183652077019171
70.0,69.0,155.30633544921875,-2.110355142561264,1.7355664246072802,-4.897661520156259,-3.0945963635771343,-3.0647722813398968,0.8256285834289196,-1.0204516952792135,4.389633871132414,-0.4667985076585941,0.7287559592886229
70.0,69.0,158.0673828125,-2.13478528945232,1.8441109636686763,-4.929363763692761,-3.1294766675918138,-3.0546509867568057,1.330469986782295,-1.0107985278553162,3.543151829295136,-0.4498499097984712,0.7093224768745058
70.0,69.0,169.85333251953125,-2.055711662093257,1.8659555659339937,-4.855652505076746,-3.0215693665045227,-2.546018628036218,0.8330939374040801,-1.0232626088218308,2.720657633219541,-0.463054370186035,0.7108280334905483
70.0,69.0,166.35174560546875,-2.1839826523029533,1.7317492785414006,-4.863157585567276,-3.029274897849917,-3.064382047472599,1.331655290503512,-1.1420135338704025,4.388284810045576,-0.4504803565165269,0.7005964702626328
70.0,69.0,165.263427734375,-2.025108824505472,1.819420873531608,-4.880777358367313,-3.048511178555349,-3.076473591889685,0.724041054625411,-1.045823708623605,4.79798916193166,-0.408550783489008,0.6991762171530035
70.0,69.0,152.64381408691406,-2.0901784363343694,1.7996446316242254,-4.899252706699094,-3.094029690512522,-3.0680854502609827,0.8332068551577954,-1.0239699127134063,3.974889820226194,-0.4553751126038328,0.7064393748489924
70.0,69.0,160.2692413330078,-1.055922459328694,1.7735920722761906,-4.937958133848109,-1.695201673496223,-3.064020344723154,0.8372423768827528,-1.0608401158966236,4.429729571994304,-0.4561175576200931,0.7202760905369371
70.0,70.0,157.60691833496094,-2.1221509371431435,1.8392303061078088,-4.902514539010984,-3.0864103908050646,-3.0538475418464337,0.8517324402109121,-1.0171489627324086,3.092931355225164,-0.4559853455206131,0.9824460715350812
70.0,70.0,161.15728759765625,-1.9534206856324816,1.7536378394229737,-4.890109816254475,-3.0956079319477503,-3.0662115030366284,0.8279698431872164,-1.019189610828445,4.304919778195342,-0.4515226464921155,0.7024576952550962
70.0,70.0,162.12002563476562,-2.064461842927496,1.7935466532309607,-4.901120978795082,-3.037351504864135,-2.9825109954659146,0.8614086155396931,-1.0144580723090246,3.120163282703889,-0.463391761074009,0.7101871668493809
70.0,70.0,195.2211761474609,-2.864067748512182,1.639527969597854,-4.86224001238643,-3.015338991699468,-3.005593938628276,1.8636780210418435,-0.9795361301075448,4.350618841738229,-0.5430293820279831,1.8810925325547152
70.0,70.0,157.06150817871094,-2.1668333891262144,1.8050523153983689,-4.879919604388298,-3.0940140575821444,-3.067229156974224,0.851277483190287,-1.0255564109008373,4.019563202407274,-0.4600824396962098,0.6922493712776561
70.0,70.0,165.0949249267578,-2.1430933335971862,1.7468090118271338,-4.905180748907829,-3.046386210728684,-3.007232627062506,1.3738084906230097,-1.0119052884588242,2.78786993956882,-0.4453474930019477,0.7449628217751612
70.0,70.0,156.08035278320312,-2.1580996450789263,1.728328627406782,-4.879695436337815,-3.0850529772078543,-3.06587044186364,0.8359929899162684,-1.015638048938622,3.5437633377229565,-0.4462973345896071,0.7233871726910266
70.0,70.0,152.79067993164062,-2.093422370865988,1.7983879442835504,-4.8948872527118885,-3.0935374014388097,-3.065420797499045,0.8243284443811907,-1.029971861721276,3.953504968555522,-0.4515791902618848,0.730269155541836
70.0,70.0,159.1881561279297,-2.089276113178034,1.8952434958222053,-4.902194038491554,-3.1008741198568144,-3.0670334396541303,0.8210064807720935,-1.0583101507127963,3.92187927173132,-0.4672875741641208,0.7114464446594213
70.0,70.0,155.6203155517578,-2.090721397134833,1.7619556340529412,-4.895578988224402,-3.0091265827801084,-3.097836116589629,0.827207589492624,-0.9906860916588356,3.939745949826409,-0.4516475270577018,0.7098554019473886
70.0,70.0,169.08489990234375,-2.121440628074116,1.8391977466202043,-4.90633100960668,-3.191362431245664,-3.0587728131295138,0.8384745018189871,-1.039438854831888,4.036453083172007,-0.457183002900791,0.6903595963685812
70.0,70.0,173.5118408203125,-2.0964125734213392,1.8483531205215613,-4.880141972556976,-3.0712298585709146,-3.0680986733343247,1.3849083648103202,-1.020680349559957,3.7205536071077,-0.4536027326502243,0.6837668333969602
70.0,70.0,179.18243408203125,-2.199092185305696,1.6404719974671422,-4.724568068544225,-3.0722807255972344,-3.0689810317395527,0.8240501512673762,-1.06805500822852,4.459399571109845,-0.847233582348144,1.3425941335359584
70.0,70.0,157.1793212890625,-2.17673112323086,1.7630889806315109,-4.947962877204266,-3.1028324367742366,-3.0636519528115214,0.8683887477877932,-1.019159302572574,3.972407963439197,-0.4467512917481424,0.6562931783266163
70.0,70.0,177.90628051757812,-0.9480992037287066,1.6698462529856726,-4.92126265432442,-3.066282443454009,-3.048841576344093,1.9184003846581128,-1.029547548154336,4.407033002134062,-0.5675828178794807,0.7291447687456702
70.0,70.0,161.7685546875,-2.247610655217007,1.8818680821778373,-4.902817275620675,-3.0120343117885806,-1.9831748579954025,0.7774970469952114,-1.0572060889449395,4.002864602190557,-0.4518251658520276,1.2592461014823286
70.0,70.0,153.3836212158203,-2.095158132619135,1.7701695242258908,-4.982490553762315,-3.09637110306975,-3.0694739731178897,0.840899275331245,-1.0237363902894905,3.970859861645056,-0.4513311644062044,0.7170566147272506
70.0,70.0,160.43174743652344,-2.151459286441727,1.90423910518166,-4.8357974123900185,-3.0298650166629133,-3.0903990647852853,1.847914090673568,-1.0054713900790966,4.348106831105531,-0.4774927454416172,0.7122873759067002
70.0,70.0,160.01856994628906,-2.220169854322381,1.7733973193895476,-4.877059725003649,-3.0383700245191645,-3.032693759079466,0.8641455062900459,-1.053383293827007,3.117527630893025,-0.4452152258004726,0.7565709844852148
70.0,70.0,169.77284240722656,-1.8784279188672173,1.801260602993747,-4.903065384166411,-2.951799689035015,-3.096786340243257,-0.2866241683753663,-1.0398635407854897,3.959265746362577,-0.4564096799593146,0.7007790789825445
70.0,70.0,186.8330078125,-1.7853518205863237,1.7579008871512047,-4.88124284597318,-3.1163490117040347,-1.958458825305892,0.9908394891083412,-1.0498054040342644,3.0799726605986453,-0.854878327751711,1.0093736433700458
70.0,70.0,185.2373962402344,-3.0310698794230424,1.8283115044264016,-4.932525301188432,-3.034727311972637,-2.278651441247641,1.8768931278743104,-1.0658396940966706,4.082056778937605,-0.4479352539586935,1.8944261468478871
70.0,70.0,202.11236572265625,-2.3232675121663315,1.995269073018336,-4.886403963184227,-4.253307286126856,-2.685616720888452,-0.855932775562634,-1.0228667816011985,3.571846683142864,-1.82067306700556,1.326899596566416
70.0,70.0,153.1660919189453,-2.121447798556532,1.8336876551817392,-4.9380753146679925,-3.094233202647145,-3.0649950223856144,0.8354321701101891,-1.021508757068139,3.955010029302585,-0.4447028575291981,0.7080551592072115
70.0,70.0,148.9943389892578,-2.167356530646248,1.8652663051115688,-4.89347593332354,-3.094150363079272,-2.448564765456755,0.8236330935174692,-1.0361414333629724,3.949189928809486,-0.4522587159900649,1.3233284017686682
70.0,70.0,157.30677795410156,-2.162990173870915,1.7435576844406988,-4.906684219487809,-3.093292834462877,-3.0553041264270413,0.8378295331787847,-1.0168554836504242,3.121367949811789,-0.4530281572558794,0.7038908090851647
70.0,70.0,173.24264526367188,-2.9723143171659294,1.7467743343781554,-4.8583524109262815,-3.132584168219534,-3.071824124186589,0.826754586818778,-0.0913498623214759,4.733588269388097,-0.4036389269487243,0.6670874524596352
70.0,70.0,167.95028686523438,-2.053766203355511,1.81055492665376,-4.896112133795559,-3.04745109199442,-3.0794549559398434,2.437229294867977,-1.0357834189366355,3.900175821077682,-0.7692155869085179,0.7135283215223838
70.0,70.0,152.54495239257812,-2.086832612940253,1.8064944060961536,-4.898320628368176,-3.093282331284326,-2.607247231069853,0.8639438196690439,-1.041520497359607,4.007325202202917,-0.4570420707428539,1.2979991742476558
70.0,70.0,175.5135955810547,-3.9090488953949887,1.7859067540409015,-4.947877033145323,-2.438215959708819,-3.083639817184455,0.8145819375545251,-0.9752124298710154,3.60916111720354,-0.4453514141807003,1.3071532897292408
70.0,70.0,169.61380004882812,-2.131030903144364,1.7799340653037556,-4.8948526473465925,-2.955645300552109,-3.126206753218884,0.7706131149166859,-1.0266908279200972,3.9006929056126336,-0.4154485525600125,0.7342923104951506
70.0,70.0,168.9176025390625,-2.078041450457716,1.7906340994383956,-4.9110211319469,-3.0784945596520275,-3.081875105578683,1.3227016352051957,-1.1083167188886125,4.078740089410088,-0.4523616003691013,0.7090230205831481
70.0,70.0,168.62640380859375,-2.09565992958504,1.821398336797137,-4.88320202178986,-3.1302468720103755,-3.11032379218163,0.839100583793134,-1.031078167719383,4.025646976470819,-0.4167068400381631,0.7075424840846941
70.0,70.0,208.8998107910156,-2.227650577103664,1.4415800139638626,-4.7679095321601626,-3.522991138360036,-2.428981654020188,0.8758606685237079,-1.065211920428691,4.068161407470487,-0.4384254186864897,1.4154115879150089
70.0,70.0,152.86680603027344,-2.0507059631710884,1.7673591714078931,-4.899733004755314,-3.0816628892556683,-3.068638544363294,0.8336847469482047,-1.0172520339674622,3.962125953203152,-0.452147481502814,0.7050980546705747
70.0,70.0,152.19102478027344,-2.082229635163417,1.798740889356114,-4.89644127869645,-3.000752616519176,-2.5729983950807305,0.8801644281561778,-1.0526100777261385,3.930384801159809,-0.4617378514604485,1.3652889619031263
70.0,70.0,163.1170654296875,-2.262182604635345,1.7546218709582857,-4.889659471506729,-3.046517337157185,-3.062461727487332,0.8576627620996714,-1.037116245477434,3.1300660961303275,-0.4852830259866298,0.6692162493095577
70.0,70.0,155.38917541503906,-2.106011101066618,1.7568846313623323,-4.89888159774952,-3.08733424584246,-3.1035557753149847,0.8756624598537297,-1.0286728116128556,3.56225433086618,-0.4605761417817696,0.7013081579246323
70.0,70.0,153.69454956054688,-2.1240825327841373,1.7832012127898482,-4.906497271144764,-3.09101608887591,-3.0640569448589043,0.8437581609987514,-1.0180269498310637,3.9292936398195866,-0.4454893332684976,0.7198480302413702
70.0,70.0,195.22715759277344,-1.416831731333624,1.8545313378343875,-4.910833328583738,-2.932235655136307,-2.558365723067685,1.3538490140674868,-1.049787689812439,3.403383456815939,-1.1469262256330868,0.72574676321569
70.0,70.0,159.69412231445312,-2.21963507341297,1.850328278453232,-4.863205470948095,-3.7754689176902456,-3.045361023325458,0.837599674561319,-1.0212324909712558,3.56024233985072,-0.4482199517405474,0.7422656486335322
70.0,70.0,160.38934326171875,-2.1239526524329047,1.7532778008160277,-4.793683137872873,-2.992665936417859,-3.0883299703921034,0.7444479414625762,-1.0498487622640318,3.959048847339001,-0.7967959506285662,0.7170082799296202
70.0,70.0,167.33126831054688,-2.195243219696053,1.732912456716364,-4.952303408796997,-3.0404810004496574,-2.486837149312666,0.9725129987175968,-1.040432910076463,4.327298931424326,-0.5054700396972046,0.7183652077019171
70.0,70.0,155.30633544921875,-2.110355142561264,1.7355664246072802,-4.897661520156259,-3.0945963635771343,-3.0647722813398968,0.8256285834289196,-1.0204516952792135,4.389633871132414,-0.4667985076585941,0.7287559592886229
70.0,70.0,158.0673828125,-2.13478528945232,1.8441109636686763,-4.929363763692761,-3.1294766675918138,-3.0546509867568057,1.330469986782295,-1.0107985278553162,3.543151829295136,-0.4498499097984712,0.7093224768745058
70.0,70.0,169.85333251953125,-2.055711662093257,1.8659555659339937,-4.855652505076746,-3.0215693665045227,-2.546018628036218,0.8330939374040801,-1.0232626088218308,2.720657633219541,-0.463054370186035,0.7108280334905483
70.0,70.0,166.35174560546875,-2.1839826523029533,1.7317492785414006,-4.863157585567276,-3.029274897849917,-3.064382047472599,1.331655290503512,-1.1420135338704025,4.388284810045576,-0.4504803565165269,0.7005964702626328
70.0,70.0,165.263427734375,-2.025108824505472,1.819420873531608,-4.880777358367313,-3.048511178555349,-3.076473591889685,0.724041054625411,-1.045823708623605,4.79798916193166,-0.408550783489008,0.6991762171530035
70.0,70.0,152.64381408691406,-2.0901784363343694,1.7996446316242254,-4.899252706699094,-3.094029690512522,-3.0680854502609827,0.8332068551577954,-1.0239699127134063,3.974889820226194,-0.4553751126038328,0.7064393748489924
70.0,70.0,160.2692413330078,-1.055922459328694,1.7735920722761906,-4.937958133848109,-1.695201673496223,-3.064020344723154,0.8372423768827528,-1.0608401158966236,4.429729571994304,-0.4561175576200931,0.7202760905369371
70.0,71.0,157.60691833496094,-2.1221509371431435,1.8392303061078088,-4.902514539010984,-3.0864103908050646,-3.0538475418464337,0.8517324402109121,-1.0171489627324086,3.092931355225164,-0.4559853455206131,0.9824460715350812
70.0,71.0,161.15728759765625,-1.9534206856324816,1.7536378394229737,-4.890109816254475,-3.0956079319477503,-3.0662115030366284,0.8279698431872164,-1.019189610828445,4.304919778195342,-0.4515226464921155,0.7024576952550962
70.0,71.0,162.12002563476562,-2.064461842927496,1.7935466532309607,-4.901120978795082,-3.037351504864135,-2.9825109954659146,0.8614086155396931,-1.0144580723090246,3.120163282703889,-0.463391761074009,0.7101871668493809
70.0,71.0,195.2211761474609,-2.864067748512182,1.639527969597854,-4.86224001238643,-3.015338991699468,-3.005593938628276,1.8636780210418435,-0.9795361301075448,4.350618841738229,-0.5430293820279831,1.8810925325547152
70.0,71.0,157.06150817871094,-2.1668333891262144,1.8050523153983689,-4.879919604388298,-3.0940140575821444,-3.067229156974224,0.851277483190287,-1.0255564109008373,4.019563202407274,-0.4600824396962098,0.6922493712776561
70.0,71.0,165.0949249267578,-2.1430933335971862,1.7468090118271338,-4.905180748907829,-3.046386210728684,-3.007232627062506,1.3738084906230097,-1.0119052884588242,2.78786993956882,-0.4453474930019477,0.7449628217751612
70.0,71.0,156.08035278320312,-2.1580996450789263,1.728328627406782,-4.879695436337815,-3.0850529772078543,-3.06587044186364,0.8359929899162684,-1.015638048938622,3.5437633377229565,-0.4462973345896071,0.7233871726910266
70.0,71.0,152.79067993164062,-2.093422370865988,1.7983879442835504,-4.8948872527118885,-3.0935374014388097,-3.065420797499045,0.8243284443811907,-1.029971861721276,3.953504968555522,-0.4515791902618848,0.730269155541836
70.0,71.0,159.1881561279297,-2.089276113178034,1.8952434958222053,-4.902194038491554,-3.1008741198568144,-3.0670334396541303,0.8210064807720935,-1.0583101507127963,3.92187927173132,-0.4672875741641208,0.7114464446594213
70.0,71.0,155.6203155517578,-2.090721397134833,1.7619556340529412,-4.895578988224402,-3.0091265827801084,-3.097836116589629,0.827207589492624,-0.9906860916588356,3.939745949826409,-0.4516475270577018,0.7098554019473886
70.0,71.0,169.08489990234375,-2.121440628074116,1.8391977466202043,-4.90633100960668,-3.191362431245664,-3.0587728131295138,0.8384745018189871,-1.039438854831888,4.036453083172007,-0.457183002900791,0.6903595963685812
70.0,71.0,173.5118408203125,-2.0964125734213392,1.8483531205215613,-4.880141972556976,-3.0712298585709146,-3.0680986733343247,1.3849083648103202,-1.020680349559957,3.7205536071077,-0.4536027326502243,0.6837668333969602
70.0,71.0,179.18243408203125,-2.199092185305696,1.6404719974671422,-4.724568068544225,-3.0722807255972344,-3.0689810317395527,0.8240501512673762,-1.06805500822852,4.459399571109845,-0.847233582348144,1.3425941335359584
70.0,71.0,157.1793212890625,-2.17673112323086,1.7630889806315109,-4.947962877204266,-3.1028324367742366,-3.0636519528115214,0.8683887477877932,-1.019159302572574,3.972407963439197,-0.4467512917481424,0.6562931783266163
70.0,71.0,177.90628051757812,-0.9480992037287066,1.6698462529856726,-4.92126265432442,-3.066282443454009,-3.048841576344093,1.9184003846581128,-1.029547548154336,4.407033002134062,-0.5675828178794807,0.7291447687456702
70.0,71.0,161.7685546875,-2.247610655217007,1.8818680821778373,-4.902817275620675,-3.0120343117885806,-1.9831748579954025,0.7774970469952114,-1.0572060889449395,4.002864602190557,-0.4518251658520276,1.2592461014823286
70.0,71.0,153.3836212158203,-2.095158132619135,1.7701695242258908,-4.982490553762315,-3.09637110306975,-3.0694739731178897,0.840899275331245,-1.0237363902894905,3.970859861645056,-0.4513311644062044,0.7170566147272506
70.0,71.0,160.43174743652344,-2.151459286441727,1.90423910518166,-4.8357974123900185,-3.0298650166629133,-3.0903990647852853,1.847914090673568,-1.0054713900790966,4.348106831105531,-0.4774927454416172,0.7122873759067002
70.0,71.0,160.01856994628906,-2.220169854322381,1.7733973193895476,-4.877059725003649,-3.0383700245191645,-3.032693759079466,0.8641455062900459,-1.053383293827007,3.117527630893025,-0.4452152258004726,0.7565709844852148
70.0,71.0,169.77284240722656,-1.8784279188672173,1.801260602993747,-4.903065384166411,-2.951799689035015,-3.096786340243257,-0.2866241683753663,-1.0398635407854897,3.959265746362577,-0.4564096799593146,0.7007790789825445
70.0,71.0,186.8330078125,-1.7853518205863237,1.7579008871512047,-4.88124284597318,-3.1163490117040347,-1.958458825305892,0.9908394891083412,-1.0498054040342644,3.0799726605986453,-0.854878327751711,1.0093736433700458
70.0,71.0,185.2373962402344,-3.0310698794230424,1.8283115044264016,-4.932525301188432,-3.034727311972637,-2.278651441247641,1.8768931278743104,-1.0658396940966706,4.082056778937605,-0.4479352539586935,1.8944261468478871
70.0,71.0,202.11236572265625,-2.3232675121663315,1.995269073018336,-4.886403963184227,-4.253307286126856,-2.685616720888452,-0.855932775562634,-1.0228667816011985,3.571846683142864,-1.82067306700556,1.326899596566416
70.0,71.0,153.1660919189453,-2.121447798556532,1.8336876551817392,-4.9380753146679925,-3.094233202647145,-3.0649950223856144,0.8354321701101891,-1.021508757068139,3.955010029302585,-0.4447028575291981,0.7080551592072115
70.0,71.0,148.9943389892578,-2.167356530646248,1.8652663051115688,-4.89347593332354,-3.094150363079272,-2.448564765456755,0.8236330935174692,-1.0361414333629724,3.949189928809486,-0.4522587159900649,1.3233284017686682
70.0,71.0,157.30677795410156,-2.162990173870915,1.7435576844406988,-4.906684219487809,-3.093292834462877,-3.0553041264270413,0.8378295331787847,-1.0168554836504242,3.121367949811789,-0.4530281572558794,0.7038908090851647
70.0,71.0,173.24264526367188,-2.9723143171659294,1.7467743343781554,-4.8583524109262815,-3.132584168219534,-3.071824124186589,0.826754586818778,-0.0913498623214759,4.733588269388097,-0.4036389269487243,0.6670874524596352
70.0,71.0,167.95028686523438,-2.053766203355511,1.81055492665376,-4.896112133795559,-3.04745109199442,-3.0794549559398434,2.437229294867977,-1.0357834189366355,3.900175821077682,-0.7692155869085179,0.7135283215223838
70.0,71.0,152.54495239257812,-2.086832612940253,1.8064944060961536,-4.898320628368176,-3.093282331284326,-2.607247231069853,0.8639438196690439,-1.041520497359607,4.007325202202917,-0.4570420707428539,1.2979991742476558
70.0,71.0,175.5135955810547,-3.9090488953949887,1.7859067540409015,-4.947877033145323,-2.438215959708819,-3.083639817184455,0.8145819375545251,-0.9752124298710154,3.60916111720354,-0.4453514141807003,1.3071532897292408
70.0,71.0,169.61380004882812,-2.131030903144364,1.7799340653037556,-4.8948526473465925,-2.955645300552109,-3.126206753218884,0.7706131149166859,-1.0266908279200972,3.9006929056126336,-0.4154485525600125,0.7342923104951506
70.0,71.0,168.9176025390625,-2.078041450457716,1.7906340994383956,-4.9110211319469,-3.0784945596520275,-3.081875105578683,1.3227016352051957,-1.1083167188886125,4.078740089410088,-0.4523616003691013,0.7090230205831481
70.0,71.0,168.62640380859375,-2.09565992958504,1.821398336797137,-4.88320202178986,-3.1302468720103755,-3.11032379218163,0.839100583793134,-1.031078167719383,4.025646976470819,-0.4167068400381631,0.7075424840846941
70.0,71.0,208.8998107910156,-2.227650577103664,1.4415800139638626,-4.7679095321601626,-3.522991138360036,-2.428981654020188,0.8758606685237079,-1.065211920428691,4.068161407470487,-0.4384254186864897,1.4154115879150089
70.0,71.0,152.86680603027344,-2.0507059631710884,1.7673591714078931,-4.899733004755314,-3.0816628892556683,-3.068638544363294,0.8336847469482047,-1.0172520339674622,3.962125953203152,-0.452147481502814,0.7050980546705747
70.0,71.0,152.19102478027344,-2.082229635163417,1.798740889356114,-4.89644127869645,-3.000752616519176,-2.5729983950807305,0.8801644281561778,-1.0526100777261385,3.930384801159809,-0.4617378514604485,1.3652889619031263
70.0,71.0,163.1170654296875,-2.262182604635345,1.7546218709582857,-4.889659471506729,-3.046517337157185,-3.062461727487332,0.8576627620996714,-1.037116245477434,3.1300660961303275,-0.4852830259866298,0.6692162493095577
70.0,71.0,155.38917541503906,-2.106011101066618,1.7568846313623323,-4.89888159774952,-3.08733424584246,-3.1035557753149847,0.8756624598537297,-1.0286728116128556,3.56225433086618,-0.4605761417817696,0.7013081579246323
70.0,71.0,153.69454956054688,-2.1240825327841373,1.7832012127898482,-4.906497271144764,-3.09101608887591,-3.0640569448589043,0.8437581609987514,-1.0180269498310637,3.9292936398195866,-0.4454893332684976,0.7198480302413702
70.0,71.0,195.22715759277344,-1.416831731333624,1.8545313378343875,-4.910833328583738,-2.932235655136307,-2.558365723067685,1.3538490140674868,-1.049787689812439,3.403383456815939,-1.1469262256330868,0.72574676321569
70.0,71.0,159.69412231445312,-2.21963507341297,1.850328278453232,-4.863205470948095,-3.7754689176902456,-3.045361023325458,0.837599674561319,-1.0212324909712558,3.56024233985072,-0.4482199517405474,0.7422656486335322
70.0,71.0,160.38934326171875,-2.1239526524329047,1.7532778008160277,-4.793683137872873,-2.992665936417859,-3.0883299703921034,0.7444479414625762,-1.0498487622640318,3.959048847339001,-0.7967959506285662,0.7170082799296202
70.0,71.0,167.33126831054688,-2.195243219696053,1.732912456716364,-4.952303408796997,-3.0404810004496574,-2.486837149312666,0.9725129987175968,-1.040432910076463,4.327298931424326,-0.5054700396972046,0.7183652077019171
70.0,71.0,155.30633544921875,-2.110355142561264,1.7355664246072802,-4.897661520156259,-3.0945963635771343,-3.0647722813398968,0.8256285834289196,-1.0204516952792135,4.389633871132414,-0.4667985076585941,0.7287559592886229
70.0,71.0,158.0673828125,-2.13478528945232,1.8441109636686763,-4.929363763692761,-3.1294766675918138,-3.0546509867568057,1.330469986782295,-1.0107985278553162,3.543151829295136,-0.4498499097984712,0.7093224768745058
70.0,71.0,169.85333251953125,-2.055711662093257,1.8659555659339937,-4.855652505076746,-3.0215693665045227,-2.546018628036218,0.8330939374040801,-1.0232626088218308,2.720657633219541,-0.463054370186035,0.7108280334905483
70.0,71.0,166.35174560546875,-2.1839826523029533,1.7317492785414006,-4.863157585567276,-3.029274897849917,-3.064382047472599,1.331655290503512,-1.1420135338704025,4.388284810045576,-0.4504803565165269,0.7005964702626328
70.0,71.0,165.263427734375,-2.025108824505472,1.819420873531608,-4.880777358367313,-3.048511178555349,-3.076473591889685,0.724041054625411,-1.045823708623605,4.79798916193166,-0.408550783489008,0.6991762171530035
70.0,71.0,152.64381408691406,-2.0901784363343694,1.7996446316242254,-4.899252706699094,-3.094029690512522,-3.0680854502609827,0.8332068551577954,-1.0239699127134063,3.974889820226194,-0.4553751126038328,0.7064393748489924
70.0,71.0,160.2692413330078,-1.055922459328694,1.7735920722761906,-4.937958133848109,-1.695201673496223,-3.064020344723154,0.8372423768827528,-1.0608401158966236,4.429729571994304,-0.4561175576200931,0.7202760905369371
70.0,72.0,157.60691833496094,-2.1221509371431435,1.8392303061078088,-4.902514539010984,-3.0864103908050646,-3.0538475418464337,0.8517324402109121,-1.0171489627324086,3.092931355225164,-0.4559853455206131,0.9824460715350812
70.0,72.0,161.15728759765625,-1.9534206856324816,1.7536378394229737,-4.890109816254475,-3.0956079319477503,-3.0662115030366284,0.8279698431872164,-1.019189610828445,4.304919778195342,-0.4515226464921155,0.7024576952550962
70.0,72.0,162.12002563476562,-2.064461842927496,1.7935466532309607,-4.901120978795082,-3.037351504864135,-2.9825109954659146,0.8614086155396931,-1.0144580723090246,3.120163282703889,-0.463391761074009,0.7101871668493809
70.0,72.0,195.2211761474609,-2.864067748512182,1.639527969597854,-4.86224001238643,-3.015338991699468,-3.005593938628276,1.8636780210418435,-0.9795361301075448,4.350618841738229,-0.5430293820279831,1.8810925325547152
70.0,72.0,157.06150817871094,-2.1668333891262144,1.8050523153983689,-4.879919604388298,-3.0940140575821444,-3.067229156974224,0.851277483190287,-1.0255564109008373,4.019563202407274,-0.4600824396962098,0.6922493712776561
70.0,72.0,165.0949249267578,-2.1430933335971862,1.7468090118271338,-4.905180748907829,-3.046386210728684,-3.007232627062506,1.3738084906230097,-1.0119052884588242,2.78786993956882,-0.4453474930019477,0.7449628217751612
70.0,72.0,156.08035278320312,-2.1580996450789263,1.728328627406782,-4.879695436337815,-3.0850529772078543,-3.06587044186364,0.8359929899162684,-1.015638048938622,3.5437633377229565,-0.4462973345896071,0.7233871726910266
70.0,72.0,152.79067993164062,-2.093422370865988,1.7983879442835504,-4.8948872527118885,-3.0935374014388097,-3.065420797499045,0.8243284443811907,-1.029971861721276,3.953504968555522,-0.4515791902618848,0.730269155541836
70.0,72.0,159.1881561279297,-2.089276113178034,1.8952434958222053,-4.902194038491554,-3.1008741198568144,-3.0670334396541303,0.8210064807720935,-1.0583101507127963,3.92187927173132,-0.4672875741641208,0.7114464446594213
70.0,72.0,155.6203155517578,-2.090721397134833,1.7619556340529412,-4.895578988224402,-3.0091265827801084,-3.097836116589629,0.827207589492624,-0.9906860916588356,3.939745949826409,-0.4516475270577018,0.7098554019473886
70.0,72.0,169.08489990234375,-2.121440628074116,1.8391977466202043,-4.90633100960668,-3.191362431245664,-3.0587728131295138,0.8384745018189871,-1.039438854831888,4.036453083172007,-0.457183002900791,0.6903595963685812
70.0,72.0,173.5118408203125,-2.0964125734213392,1.8483531205215613,-4.880141972556976,-3.0712298585709146,-3.0680986733343247,1.3849083648103202,-1.020680349559957,3.7205536071077,-0.4536027326502243,0.6837668333969602
70.0,72.0,179.18243408203125,-2.199092185305696,1.6404719974671422,-4.724568068544225,-3.0722807255972344,-3.0689810317395527,0.8240501512673762,-1.06805500822852,4.459399571109845,-0.847233582348144,1.3425941335359584
70.0,72.0,157.1793212890625,-2.17673112323086,1.7630889806315109,-4.947962877204266,-3.1028324367742366,-3.0636519528115214,0.8683887477877932,-1.019159302572574,3.972407963439197,-0.4467512917481424,0.6562931783266163
70.0,72.0,177.90628051757812,-0.9480992037287066,1.6698462529856726,-4.92126265432442,-3.066282443454009,-3.048841576344093,1.9184003846581128,-1.029547548154336,4.407033002134062,-0.5675828178794807,0.7291447687456702
70.0,72.0,161.7685546875,-2.247610655217007,1.8818680821778373,-4.902817275620675,-3.0120343117885806,-1.9831748579954025,0.7774970469952114,-1.0572060889449395,4.002864602190557,-0.4518251658520276,1.2592461014823286
70.0,72.0,153.3836212158203,-2.095158132619135,1.7701695242258908,-4.982490553762315,-3.09637110306975,-3.0694739731178897,0.840899275331245,-1.0237363902894905,3.970859861645056,-0.4513311644062044,0.7170566147272506
70.0,72.0,160.43174743652344,-2.151459286441727,1.90423910518166,-4.8357974123900185,-3.0298650166629133,-3.0903990647852853,1.847914090673568,-1.0054713900790966,4.348106831105531,-0.4774927454416172,0.7122873759067002
70.0,72.0,160.01856994628906,-2.220169854322381,1.7733973193895476,-4.877059725003649,-3.0383700245191645,-3.032693759079466,0.8641455062900459,-1.053383293827007,3.117527630893025,-0.4452152258004726,0.7565709844852148
70.0,72.0,169.77284240722656,-1.8784279188672173,1.801260602993747,-4.903065384166411,-2.951799689035015,-3.096786340243257,-0.2866241683753663,-1.0398635407854897,3.959265746362577,-0.4564096799593146,0.7007790789825445
70.0,72.0,186.8330078125,-1.7853518205863237,1.7579008871512047,-4.88124284597318,-3.1163490117040347,-1.958458825305892,0.9908394891083412,-1.0498054040342644,3.0799726605986453,-0.854878327751711,1.0093736433700458
70.0,72.0,185.2373962402344,-3.0310698794230424,1.8283115044264016,-4.932525301188432,-3.034727311972637,-2.278651441247641,1.8768931278743104,-1.0658396940966706,4.082056778937605,-0.4479352539586935,1.8944261468478871
70.0,72.0,202.11236572265625,-2.3232675121663315,1.995269073018336,-4.886403963184227,-4.253307286126856,-2.685616720888452,-0.855932775562634,-1.0228667816011985,3.571846683142864,-1.82067306700556,1.326899596566416
70.0,72.0,153.1660919189453,-2.121447798556532,1.8336876551817392,-4.9380753146679925,-3.094233202647145,-3.0649950223856144,0.8354321701101891,-1.021508757068139,3.955010029302585,-0.4447028575291981,0.7080551592072115
70.0,72.0,148.9943389892578,-2.167356530646248,1.8652663051115688,-4.89347593332354,-3.094150363079272,-2.448564765456755,0.8236330935174692,-1.0361414333629724,3.949189928809486,-0.4522587159900649,1.3233284017686682
70.0,72.0,157.30677795410156,-2.162990173870915,1.7435576844406988,-4.906684219487809,-3.093292834462877,-3.0553041264270413,0.8378295331787847,-1.0168554836504242,3.121367949811789,-0.4530281572558794,0.7038908090851647
70.0,72.0,173.24264526367188,-2.9723143171659294,1.7467743343781554,-4.8583524109262815,-3.132584168219534,-3.071824124186589,0.826754586818778,-0.0913498623214759,4.733588269388097,-0.4036389269487243,0.6670874524596352
70.0,72.0,167.95028686523438,-2.053766203355511,1.81055492665376,-4.896112133795559,-3.04745109199442,-3.0794549559398434,2.437229294867977,-1.0357834189366355,3.900175821077682,-0.7692155869085179,0.7135283215223838
70.0,72.0,152.54495239257812,-2.086832612940253,1.8064944060961536,-4.898320628368176,-3.093282331284326,-2.607247231069853,0.8639438196690439,-1.041520497359607,4.007325202202917,-0.4570420707428539,1.2979991742476558
70.0,72.0,175.5135955810547,-3.9090488953949887,1.7859067540409015,-4.947877033145323,-2.438215959708819,-3.083639817184455,0.8145819375545251,-0.9752124298710154,3.60916111720354,-0.4453514141807003,1.3071532897292408
70.0,72.0,169.61380004882812,-2.131030903144364,1.7799340653037556,-4.8948526473465925,-2.955645300552109,-3.126206753218884,0.7706131149166859,-1.0266908279200972,3.9006929056126336,-0.4154485525600125,0.7342923104951506
70.0,72.0,168.9176025390625,-2.078041450457716,1.7906340994383956,-4.9110211319469,-3.0784945596520275,-3.081875105578683,1.3227016352051957,-1.1083167188886125,4.078740089410088,-0.4523616003691013,0.7090230205831481
70.0,72.0,168.62640380859375,-2.09565992958504,1.821398336797137,-4.88320202178986,-3.1302468720103755,-3.11032379218163,0.839100583793134,-1.031078167719383,4.025646976470819,-0.4167068400381631,0.7075424840846941
70.0,72.0,208.19308471679688,-2.0826807795594258,1.9042618991699032,-4.645743677723646,-3.368105850555245,-2.757122817741822,0.8510629450917727,-1.0412734215078412,3.994621611833481,-0.4744915946477106,1.0907780335333603
70.0,72.0,152.86680603027344,-2.0507059631710884,1.7673591714078931,-4.899733004755314,-3.0816628892556683,-3.068638544363294,0.8336847469482047,-1.0172520339674622,3.962125953203152,-0.452147481502814,0.7050980546705747
70.0,72.0,152.19102478027344,-2.082229635163417,1.798740889356114,-4.89644127869645,-3.000752616519176,-2.5729983950807305,0.8801644281561778,-1.0526100777261385,3.930384801159809,-0.4617378514604485,1.3652889619031263
70.0,72.0,163.1170654296875,-2.262182604635345,1.7546218709582857,-4.889659471506729,-3.046517337157185,-3.062461727487332,0.8576627620996714,-1.037116245477434,3.1300660961303275,-0.4852830259866298,0.6692162493095577
70.0,72.0,155.38917541503906,-2.106011101066618,1.7568846313623323,-4.89888159774952,-3.08733424584246,-3.1035557753149847,0.8756624598537297,-1.0286728116128556,3.56225433086618,-0.4605761417817696,0.7013081579246323
70.0,72.0,153.69454956054688,-2.1240825327841373,1.7832012127898482,-4.906497271144764,-3.09101608887591,-3.0640569448589043,0.8437581609987514,-1.0180269498310637,3.9292936398195866,-0.4454893332684976,0.7198480302413702
70.0,72.0,195.22715759277344,-1.416831731333624,1.8545313378343875,-4.910833328583738,-2.932235655136307,-2.558365723067685,1.3538490140674868,-1.049787689812439,3.403383456815939,-1.1469262256330868,0.72574676321569
70.0,72.0,159.69412231445312,-2.21963507341297,1.850328278453232,-4.863205470948095,-3.7754689176902456,-3.045361023325458,0.837599674561319,-1.0212324909712558,3.56024233985072,-0.4482199517405474,0.7422656486335322
70.0,72.0,160.38934326171875,-2.1239526524329047,1.7532778008160277,-4.793683137872873,-2.992665936417859,-3.0883299703921034,0.7444479414625762,-1.0498487622640318,3.959048847339001,-0.7967959506285662,0.7170082799296202
70.0,72.0,167.33126831054688,-2.195243219696053,1.732912456716364,-4.952303408796997,-3.0404810004496574,-2.486837149312666,0.9725129987175968,-1.040432910076463,4.327298931424326,-0.5054700396972046,0.7183652077019171
70.0,72.0,155.30633544921875,-2.110355142561264,1.7355664246072802,-4.897661520156259,-3.0945963635771343,-3.0647722813398968,0.8256285834289196,-1.0204516952792135,4.389633871132414,-0.4667985076585941,0.7287559592886229
70.0,72.0,158.0673828125,-2.13478528945232,1.8441109636686763,-4.929363763692761,-3.1294766675918138,-3.0546509867568057,1.330469986782295,-1.0107985278553162,3.543151829295136,-0.4498499097984712,0.7093224768745058
70.0,72.0,169.85333251953125,-2.055711662093257,1.8659555659339937,-4.855652505076746,-3.0215693665045227,-2.546018628036218,0.8330939374040801,-1.0232626088218308,2.720657633219541,-0.463054370186035,0.7108280334905483
70.0,72.0,166.35174560546875,-2.1839826523029533,1.7317492785414006,-4.863157585567276,-3.029274897849917,-3.064382047472599,1.331655290503512,-1.1420135338704025,4.388284810045576,-0.4504803565165269,0.7005964702626328
70.0,72.0,165.263427734375,-2.025108824505472,1.819420873531608,-4.880777358367313,-3.048511178555349,-3.076473591889685,0.724041054625411,-1.045823708623605,4.79798916193166,-0.408550783489008,0.6991762171530035
70.0,72.0,152.64381408691406,-2.0901784363343694,1.7996446316242254,-4.899252706699094,-3.094029690512522,-3.0680854502609827,0.8332068551577954,-1.0239699127134063,3.974889820226194,-0.4553751126038328,0.7064393748489924
70.0,72.0,160.2692413330078,-1.055922459328694,1.7735920722761906,-4.937958133848109,-1.695201673496223,-3.064020344723154,0.8372423768827528,-1.0608401158966236,4.429729571994304,-0.4561175576200931,0.7202760905369371
70.0,73.0,157.60691833496094,-2.1221509371431435,1.8392303061078088,-4.902514539010984,-3.0864103908050646,-3.0538475418464337,0.8517324402109121,-1.0171489627324086,3.092931355225164,-0.4559853455206131,0.9824460715350812
70.0,73.0,161.15728759765625,-1.9534206856324816,1.7536378394229737,-4.890109816254475,-3.0956079319477503,-3.0662115030366284,0.8279698431872164,-1.019189610828445,4.304919778195342,-0.4515226464921155,0.7024576952550962
70.0,73.0,162.12002563476562,-2.064461842927496,1.7935466532309607,-4.901120978795082,-3.037351504864135,-2.9825109954659146,0.8614086155396931,-1.0144580723090246,3.120163282703889,-0.463391761074009,0.7101871668493809
70.0,73.0,195.2211761474609,-2.864067748512182,1.639527969597854,-4.86224001238643,-3.015338991699468,-3.005593938628276,1.8636780210418435,-0.9795361301075448,4.350618841738229,-0.5430293820279831,1.8810925325547152
70.0,73.0,157.06150817871094,-2.1668333891262144,1.8050523153983689,-4.879919604388298,-3.0940140575821444,-3.067229156974224,0.851277483190287,-1.0255564109008373,4.019563202407274,-0.4600824396962098,0.6922493712776561
70.0,73.0,165.0949249267578,-2.1430933335971862,1.7468090118271338,-4.905180748907829,-3.046386210728684,-3.007232627062506,1.3738084906230097,-1.0119052884588242,2.78786993956882,-0.4453474930019477,0.7449628217751612
70.0,73.0,156.08035278320312,-2.1580996450789263,1.728328627406782,-4.879695436337815,-3.0850529772078543,-3.06587044186364,0.8359929899162684,-1.015638048938622,3.5437633377229565,-0.4462973345896071,0.7233871726910266
70.0,73.0,152.79067993164062,-2.093422370865988,1.7983879442835504,-4.8948872527118885,-3.0935374014388097,-3.065420797499045,0.8243284443811907,-1.029971861721276,3.953504968555522,-0.4515791902618848,0.730269155541836
70.0,73.0,159.1881561279297,-2.089276113178034,1.8952434958222053,-4.902194038491554,-3.1008741198568144,-3.0670334396541303,0.8210064807720935,-1.0583101507127963,3.92187927173132,-0.4672875741641208,0.7114464446594213
70.0,73.0,155.6203155517578,-2.090721397134833,1.7619556340529412,-4.895578988224402,-3.0091265827801084,-3.097836116589629,0.827207589492624,-0.9906860916588356,3.939745949826409,-0.4516475270577018,0.7098554019473886
70.0,73.0,169.08489990234375,-2.121440628074116,1.8391977466202043,-4.90633100960668,-3.191362431245664,-3.0587728131295138,0.8384745018189871,-1.039438854831888,4.036453083172007,-0.457183002900791,0.6903595963685812
70.0,73.0,173.5118408203125,-2.0964125734213392,1.8483531205215613,-4.880141972556976,-3.0712298585709146,-3.0680986733343247,1.3849083648103202,-1.020680349559957,3.7205536071077,-0.4536027326502243,0.6837668333969602
70.0,73.0,179.18243408203125,-2.199092185305696,1.6404719974671422,-4.724568068544225,-3.0722807255972344,-3.0689810317395527,0.8240501512673762,-1.06805500822852,4.459399571109845,-0.847233582348144,1.3425941335359584
70.0,73.0,157.1793212890625,-2.17673112323086,1.7630889806315109,-4.947962877204266,-3.1028324367742366,-3.0636519528115214,0.8683887477877932,-1.019159302572574,3.972407963439197,-0.4467512917481424,0.6562931783266163
70.0,73.0,177.90628051757812,-0.9480992037287066,1.6698462529856726,-4.92126265432442,-3.066282443454009,-3.048841576344093,1.9184003846581128,-1.029547548154336,4.407033002134062,-0.5675828178794807,0.7291447687456702
70.0,73.0,161.7685546875,-2.247610655217007,1.8818680821778373,-4.902817275620675,-3.0120343117885806,-1.9831748579954025,0.7774970469952114,-1.0572060889449395,4.002864602190557,-0.4518251658520276,1.2592461014823286
70.0,73.0,153.3836212158203,-2.095158132619135,1.7701695242258908,-4.982490553762315,-3.09637110306975,-3.0694739731178897,0.840899275331245,-1.0237363902894905,3.970859861645056,-0.4513311644062044,0.7170566147272506
70.0,73.0,160.43174743652344,-2.151459286441727,1.90423910518166,-4.8357974123900185,-3.0298650166629133,-3.0903990647852853,1.847914090673568,-1.0054713900790966,4.348106831105531,-0.4774927454416172,0.7122873759067002
70.0,73.0,160.01856994628906,-2.220169854322381,1.7733973193895476,-4.877059725003649,-3.0383700245191645,-3.032693759079466,0.8641455062900459,-1.053383293827007,3.117527630893025,-0.4452152258004726,0.7565709844852148
70.0,73.0,169.77284240722656,-1.8784279188672173,1.801260602993747,-4.903065384166411,-2.951799689035015,-3.096786340243257,-0.2866241683753663,-1.0398635407854897,3.959265746362577,-0.4564096799593146,0.7007790789825445
70.0,73.0,186.8330078125,-1.7853518205863237,1.7579008871512047,-4.88124284597318,-3.1163490117040347,-1.958458825305892,0.9908394891083412,-1.0498054040342644,3.0799726605986453,-0.854878327751711,1.0093736433700458
70.0,73.0,185.2373962402344,-3.0310698794230424,1.8283115044264016,-4.932525301188432,-3.034727311972637,-2.278651441247641,1.8768931278743104,-1.0658396940966706,4.082056778937605,-0.4479352539586935,1.8944261468478871
70.0,73.0,202.11236572265625,-2.3232675121663315,1.995269073018336,-4.886403963184227,-4.253307286126856,-2.685616720888452,-0.855932775562634,-1.0228667816011985,3.571846683142864,-1.82067306700556,1.326899596566416
70.0,73.0,153.1660919189453,-2.121447798556532,1.8336876551817392,-4.9380753146679925,-3.094233202647145,-3.0649950223856144,0.8354321701101891,-1.021508757068139,3.955010029302585,-0.4447028575291981,0.7080551592072115
70.0,73.0,148.9943389892578,-2.167356530646248,1.8652663051115688,-4.89347593332354,-3.094150363079272,-2.448564765456755,0.8236330935174692,-1.0361414333629724,3.949189928809486,-0.4522587159900649,1.3233284017686682
70.0,73.0,157.30677795410156,-2.162990173870915,1.7435576844406988,-4.906684219487809,-3.093292834462877,-3.0553041264270413,0.8378295331787847,-1.0168554836504242,3.121367949811789,-0.4530281572558794,0.7038908090851647
70.0,73.0,173.24264526367188,-2.9723143171659294,1.7467743343781554,-4.8583524109262815,-3.132584168219534,-3.071824124186589,0.826754586818778,-0.0913498623214759,4.733588269388097,-0.4036389269487243,0.6670874524596352
70.0,73.0,167.95028686523438,-2.053766203355511,1.81055492665376,-4.896112133795559,-3.04745109199442,-3.0794549559398434,2.437229294867977,-1.0357834189366355,3.900175821077682,-0.7692155869085179,0.7135283215223838
70.0,73.0,152.54495239257812,-2.086832612940253,1.8064944060961536,-4.898320628368176,-3.093282331284326,-2.607247231069853,0.8639438196690439,-1.041520497359607,4.007325202202917,-0.4570420707428539,1.2979991742476558
70.0,73.0,175.5135955810547,-3.9090488953949887,1.7859067540409015,-4.947877033145323,-2.438215959708819,-3.083639817184455,0.8145819375545251,-0.9752124298710154,3.60916111720354,-0.4453514141807003,1.3071532897292408
70.0,73.0,169.61380004882812,-2.131030903144364,1.7799340653037556,-4.8948526473465925,-2.955645300552109,-3.126206753218884,0.7706131149166859,-1.0266908279200972,3.9006929056126336,-0.4154485525600125,0.7342923104951506
70.0,73.0,159.2979736328125,-1.9945350412863985,1.824678023539944,-4.902035856525711,-3.0917084676796307,-2.625646154291458,0.8120175794309271,-0.9907606726888484,3.9815628184099854,-0.4540345480830779,1.2910521185880492
70.0,73.0,168.62640380859375,-2.09565992958504,1.821398336797137,-4.88320202178986,-3.1302468720103755,-3.11032379218163,0.839100583793134,-1.031078167719383,4.025646976470819,-0.4167068400381631,0.7075424840846941
70.0,73.0,196.74774169921875,-2.073969549484605,1.5959803289979015,-4.971388355774303,-3.233209043772238,-2.7591586699301103,0.8172144156578103,-1.0364994064691735,4.031840169010357,-0.4625743952035546,0.9868879741628586
70.0,73.0,152.86680603027344,-2.0507059631710884,1.7673591714078931,-4.899733004755314,-3.0816628892556683,-3.068638544363294,0.8336847469482047,-1.0172520339674622,3.962125953203152,-0.452147481502814,0.7050980546705747
70.0,73.0,152.19102478027344,-2.082229635163417,1.798740889356114,-4.89644127869645,-3.000752616519176,-2.5729983950807305,0.8801644281561778,-1.0526100777261385,3.930384801159809,-0.4617378514604485,1.3652889619031263
70.0,73.0,163.1170654296875,-2.262182604635345,1.7546218709582857,-4.889659471506729,-3.046517337157185,-3.062461727487332,0.8576627620996714,-1.037116245477434,3.1300660961303275,-0.4852830259866298,0.6692162493095577
70.0,73.0,155.38917541503906,-2.106011101066618,1.7568846313623323,-4.89888159774952,-3.08733424584246,-3.1035557753149847,0.8756624598537297,-1.0286728116128556,3.56225433086618,-0.4605761417817696,0.7013081579246323
70.0,73.0,153.69454956054688,-2.1240825327841373,1.7832012127898482,-4.906497271144764,-3.09101608887591,-3.0640569448589043,0.8437581609987514,-1.0180269498310637,3.9292936398195866,-0.4454893332684976,0.7198480302413702
70.0,73.0,195.22715759277344,-1.416831731333624,1.8545313378343875,-4.910833328583738,-2.932235655136307,-2.558365723067685,1.3538490140674868,-1.049787689812439,3.403383456815939,-1.1469262256330868,0.72574676321569
70.0,73.0,159.69412231445312,-2.21963507341297,1.850328278453232,-4.863205470948095,-3.7754689176902456,-3.045361023325458,0.837599674561319,-1.0212324909712558,3.56024233985072,-0.4482199517405474,0.7422656486335322
70.0,73.0,160.38934326171875,-2.1239526524329047,1.7532778008160277,-4.793683137872873,-2.992665936417859,-3.0883299703921034,0.7444479414625762,-1.0498487622640318,3.959048847339001,-0.7967959506285662,0.7170082799296202
70.0,73.0,167.33126831054688,-2.195243219696053,1.732912456716364,-4.952303408796997,-3.0404810004496574,-2.486837149312666,0.9725129987175968,-1.040432910076463,4.327298931424326,-0.5054700396972046,0.7183652077019171
70.0,73.0,155.30633544921875,-2.110355142561264,1.7355664246072802,-4.897661520156259,-3.0945963635771343,-3.0647722813398968,0.8256285834289196,-1.0204516952792135,4.389633871132414,-0.4667985076585941,0.7287559592886229
70.0,73.0,158.0673828125,-2.13478528945232,1.8441109636686763,-4.929363763692761,-3.1294766675918138,-3.0546509867568057,1.330469986782295,-1.0107985278553162,3.543151829295136,-0.4498499097984712,0.7093224768745058
70.0,73.0,169.85333251953125,-2.055711662093257,1.8659555659339937,-4.855652505076746,-3.0215693665045227,-2.546018628036218,0.8330939374040801,-1.0232626088218308,2.720657633219541,-0.463054370186035,0.7108280334905483
70.0,73.0,166.35174560546875,-2.1839826523029533,1.7317492785414006,-4.863157585567276,-3.029274897849917,-3.064382047472599,1.331655290503512,-1.1420135338704025,4.388284810045576,-0.4504803565165269,0.7005964702626328
70.0,73.0,165.263427734375,-2.025108824505472,1.819420873531608,-4.880777358367313,-3.048511178555349,-3.076473591889685,0.724041054625411,-1.045823708623605,4.79798916193166,-0.408550783489008,0.6991762171530035
70.0,73.0,152.64381408691406,-2.0901784363343694,1.7996446316242254,-4.899252706699094,-3.094029690512522,-3.0680854502609827,0.8332068551577954,-1.0239699127134063,3.974889820226194,-0.4553751126038328,0.7064393748489924
70.0,73.0,160.2692413330078,-1.055922459328694,1.7735920722761906,-4.937958133848109,-1.695201673496223,-3.064020344723154,0.8372423768827528,-1.0608401158966236,4.429729571994304,-0.4561175576200931,0.7202760905369371
70.0,74.0,157.60691833496094,-2.1221509371431435,1.8392303061078088,-4.902514539010984,-3.0864103908050646,-3.0538475418464337,0.8517324402109121,-1.0171489627324086,3.092931355225164,-0.4559853455206131,0.9824460715350812
70.0,74.0,161.15728759765625,-1.9534206856324816,1.7536378394229737,-4.890109816254475,-3.0956079319477503,-3.0662115030366284,0.8279698431872164,-1.019189610828445,4.304919778195342,-0.4515226464921155,0.7024576952550962
70.0,74.0,162.12002563476562,-2.064461842927496,1.7935466532309607,-4.901120978795082,-3.037351504864135,-2.9825109954659146,0.8614086155396931,-1.0144580723090246,3.120163282703889,-0.463391761074009,0.7101871668493809
70.0,74.0,195.2211761474609,-2.864067748512182,1.639527969597854,-4.86224001238643,-3.015338991699468,-3.005593938628276,1.8636780210418435,-0.9795361301075448,4.350618841738229,-0.5430293820279831,1.8810925325547152
70.0,74.0,157.06150817871094,-2.1668333891262144,1.8050523153983689,-4.879919604388298,-3.0940140575821444,-3.067229156974224,0.851277483190287,-1.0255564109008373,4.019563202407274,-0.4600824396962098,0.6922493712776561
70.0,74.0,165.0949249267578,-2.1430933335971862,1.7468090118271338,-4.905180748907829,-3.046386210728684,-3.007232627062506,1.3738084906230097,-1.0119052884588242,2.78786993956882,-0.4453474930019477,0.7449628217751612
70.0,74.0,156.08035278320312,-2.1580996450789263,1.728328627406782,-4.879695436337815,-3.0850529772078543,-3.06587044186364,0.8359929899162684,-1.015638048938622,3.5437633377229565,-0.4462973345896071,0.7233871726910266
70.0,74.0,152.79067993164062,-2.093422370865988,1.7983879442835504,-4.8948872527118885,-3.0935374014388097,-3.065420797499045,0.8243284443811907,-1.029971861721276,3.953504968555522,-0.4515791902618848,0.730269155541836
70.0,74.0,159.1881561279297,-2.089276113178034,1.8952434958222053,-4.902194038491554,-3.1008741198568144,-3.0670334396541303,0.8210064807720935,-1.0583101507127963,3.92187927173132,-0.4672875741641208,0.7114464446594213
70.0,74.0,155.21585083007812,-2.113374853453187,1.783753519709246,-4.908946242140972,-3.06111167865514,-2.98382270089102,0.8279756724724777,-1.0451602984327757,4.0073696563400505,-0.4520313086058118,1.6337147144317283
70.0,74.0,169.08489990234375,-2.121440628074116,1.8391977466202043,-4.90633100960668,-3.191362431245664,-3.0587728131295138,0.8384745018189871,-1.039438854831888,4.036453083172007,-0.457183002900791,0.6903595963685812
70.0,74.0,173.5118408203125,-2.0964125734213392,1.8483531205215613,-4.880141972556976,-3.0712298585709146,-3.0680986733343247,1.3849083648103202,-1.020680349559957,3.7205536071077,-0.4536027326502243,0.6837668333969602
70.0,74.0,179.18243408203125,-2.199092185305696,1.6404719974671422,-4.724568068544225,-3.0722807255972344,-3.0689810317395527,0.8240501512673762,-1.06805500822852,4.459399571109845,-0.847233582348144,1.3425941335359584
70.0,74.0,157.1793212890625,-2.17673112323086,1.7630889806315109,-4.947962877204266,-3.1028324367742366,-3.0636519528115214,0.8683887477877932,-1.019159302572574,3.972407963439197,-0.4467512917481424,0.6562931783266163
70.0,74.0,177.90628051757812,-0.9480992037287066,1.6698462529856726,-4.92126265432442,-3.066282443454009,-3.048841576344093,1.9184003846581128,-1.029547548154336,4.407033002134062,-0.5675828178794807,0.7291447687456702
70.0,74.0,161.7685546875,-2.247610655217007,1.8818680821778373,-4.902817275620675,-3.0120343117885806,-1.9831748579954025,0.7774970469952114,-1.0572060889449395,4.002864602190557,-0.4518251658520276,1.2592461014823286
70.0,74.0,153.3836212158203,-2.095158132619135,1.7701695242258908,-4.982490553762315,-3.09637110306975,-3.0694739731178897,0.840899275331245,-1.0237363902894905,3.970859861645056,-0.4513311644062044,0.7170566147272506
70.0,74.0,160.43174743652344,-2.151459286441727,1.90423910518166,-4.8357974123900185,-3.0298650166629133,-3.0903990647852853,1.847914090673568,-1.0054713900790966,4.348106831105531,-0.4774927454416172,0.7122873759067002
70.0,74.0,160.01856994628906,-2.220169854322381,1.7733973193895476,-4.877059725003649,-3.0383700245191645,-3.032693759079466,0.8641455062900459,-1.053383293827007,3.117527630893025,-0.4452152258004726,0.7565709844852148
70.0,74.0,169.77284240722656,-1.8784279188672173,1.801260602993747,-4.903065384166411,-2.951799689035015,-3.096786340243257,-0.2866241683753663,-1.0398635407854897,3.959265746362577,-0.4564096799593146,0.7007790789825445
70.0,74.0,186.8330078125,-1.7853518205863237,1.7579008871512047,-4.88124284597318,-3.1163490117040347,-1.958458825305892,0.9908394891083412,-1.0498054040342644,3.0799726605986453,-0.854878327751711,1.0093736433700458
70.0,74.0,185.2373962402344,-3.0310698794230424,1.8283115044264016,-4.932525301188432,-3.034727311972637,-2.278651441247641,1.8768931278743104,-1.0658396940966706,4.082056778937605,-0.4479352539586935,1.8944261468478871
70.0,74.0,202.11236572265625,-2.3232675121663315,1.995269073018336,-4.886403963184227,-4.253307286126856,-2.685616720888452,-0.855932775562634,-1.0228667816011985,3.571846683142864,-1.82067306700556,1.326899596566416
70.0,74.0,153.1660919189453,-2.121447798556532,1.8336876551817392,-4.9380753146679925,-3.094233202647145,-3.0649950223856144,0.8354321701101891,-1.021508757068139,3.955010029302585,-0.4447028575291981,0.7080551592072115
70.0,74.0,148.9943389892578,-2.167356530646248,1.8652663051115688,-4.89347593332354,-3.094150363079272,-2.448564765456755,0.8236330935174692,-1.0361414333629724,3.949189928809486,-0.4522587159900649,1.3233284017686682
70.0,74.0,157.30677795410156,-2.162990173870915,1.7435576844406988,-4.906684219487809,-3.093292834462877,-3.0553041264270413,0.8378295331787847,-1.0168554836504242,3.121367949811789,-0.4530281572558794,0.7038908090851647
70.0,74.0,173.24264526367188,-2.9723143171659294,1.7467743343781554,-4.8583524109262815,-3.132584168219534,-3.071824124186589,0.826754586818778,-0.0913498623214759,4.733588269388097,-0.4036389269487243,0.6670874524596352
70.0,74.0,167.95028686523438,-2.053766203355511,1.81055492665376,-4.896112133795559,-3.04745109199442,-3.0794549559398434,2.437229294867977,-1.0357834189366355,3.900175821077682,-0.7692155869085179,0.7135283215223838
70.0,74.0,152.54495239257812,-2.086832612940253,1.8064944060961536,-4.898320628368176,-3.093282331284326,-2.607247231069853,0.8639438196690439,-1.041520497359607,4.007325202202917,-0.4570420707428539,1.2979991742476558
70.0,74.0,175.5135955810547,-3.9090488953949887,1.7859067540409015,-4.947877033145323,-2.438215959708819,-3.083639817184455,0.8145819375545251,-0.9752124298710154,3.60916111720354,-0.4453514141807003,1.3071532897292408
70.0,74.0,169.61380004882812,-2.131030903144364,1.7799340653037556,-4.8948526473465925,-2.955645300552109,-3.126206753218884,0.7706131149166859,-1.0266908279200972,3.9006929056126336,-0.4154485525600125,0.7342923104951506
70.0,74.0,159.2979736328125,-1.9945350412863985,1.824678023539944,-4.902035856525711,-3.0917084676796307,-2.625646154291458,0.8120175794309271,-0.9907606726888484,3.9815628184099854,-0.4540345480830779,1.2910521185880492
70.0,74.0,168.62640380859375,-2.09565992958504,1.821398336797137,-4.88320202178986,-3.1302468720103755,-3.11032379218163,0.839100583793134,-1.031078167719383,4.025646976470819,-0.4167068400381631,0.7075424840846941
70.0,74.0,150.866455078125,-2.1476861292853173,1.8333509565353328,-4.957839736312195,-2.949385616421381,-2.5417336658882648,0.813663974548531,-1.0340149514385355,3.980635318549345,-0.4427554382672465,1.6051387152658123
70.0,74.0,152.86680603027344,-2.0507059631710884,1.7673591714078931,-4.899733004755314,-3.0816628892556683,-3.068638544363294,0.8336847469482047,-1.0172520339674622,3.962125953203152,-0.452147481502814,0.7050980546705747
70.0,74.0,144.8328399658203,-2.125887625023052,1.772108043780913,-4.894429050856071,-3.0016699411971515,-2.537182168454329,0.8580550355501241,-1.0582945287836971,3.971476284477525,-0.4543547076459499,1.3318172140772568
70.0,74.0,157.47628784179688,-2.293004799491763,1.758846105190898,-4.902106237222362,-3.053408683396977,-2.4601111641422184,0.8086355900833122,-1.0263960346172134,3.581604668605264,-0.5060757372620084,1.33720201664983
70.0,74.0,155.38917541503906,-2.106011101066618,1.7568846313623323,-4.89888159774952,-3.08733424584246,-3.1035557753149847,0.8756624598537297,-1.0286728116128556,3.56225433086618,-0.4605761417817696,0.7013081579246323
70.0,74.0,153.69454956054688,-2.1240825327841373,1.7832012127898482,-4.906497271144764,-3.09101608887591,-3.0640569448589043,0.8437581609987514,-1.0180269498310637,3.9292936398195866,-0.4454893332684976,0.7198480302413702
70.0,74.0,195.22715759277344,-1.416831731333624,1.8545313378343875,-4.910833328583738,-2.932235655136307,-2.558365723067685,1.3538490140674868,-1.049787689812439,3.403383456815939,-1.1469262256330868,0.72574676321569
70.0,74.0,159.69412231445312,-2.21963507341297,1.850328278453232,-4.863205470948095,-3.7754689176902456,-3.045361023325458,0.837599674561319,-1.0212324909712558,3.56024233985072,-0.4482199517405474,0.7422656486335322
70.0,74.0,160.38934326171875,-2.1239526524329047,1.7532778008160277,-4.793683137872873,-2.992665936417859,-3.0883299703921034,0.7444479414625762,-1.0498487622640318,3.959048847339001,-0.7967959506285662,0.7170082799296202
70.0,74.0,167.33126831054688,-2.195243219696053,1.732912456716364,-4.952303408796997,-3.0404810004496574,-2.486837149312666,0.9725129987175968,-1.040432910076463,4.327298931424326,-0.5054700396972046,0.7183652077019171
70.0,74.0,155.30633544921875,-2.110355142561264,1.7355664246072802,-4.897661520156259,-3.0945963635771343,-3.0647722813398968,0.8256285834289196,-1.0204516952792135,4.389633871132414,-0.4667985076585941,0.7287559592886229
70.0,74.0,158.0673828125,-2.13478528945232,1.8441109636686763,-4.929363763692761,-3.1294766675918138,-3.0546509867568057,1.330469986782295,-1.0107985278553162,3.543151829295136,-0.4498499097984712,0.7093224768745058
70.0,74.0,169.85333251953125,-2.055711662093257,1.8659555659339937,-4.855652505076746,-3.0215693665045227,-2.546018628036218,0.8330939374040801,-1.0232626088218308,2.720657633219541,-0.463054370186035,0.7108280334905483
70.0,74.0,166.35174560546875,-2.1839826523029533,1.7317492785414006,-4.863157585567276,-3.029274897849917,-3.064382047472599,1.331655290503512,-1.1420135338704025,4.388284810045576,-0.4504803565165269,0.7005964702626328
70.0,74.0,165.263427734375,-2.025108824505472,1.819420873531608,-4.880777358367313,-3.048511178555349,-3.076473591889685,0.724041054625411,-1.045823708623605,4.79798916193166,-0.408550783489008,0.6991762171530035
70.0,74.0,152.64381408691406,-2.0901784363343694,1.7996446316242254,-4.899252706699094,-3.094029690512522,-3.0680854502609827,0.8332068551577954,-1.0239699127134063,3.974889820226194,-0.4553751126038328,0.7064393748489924
70.0,74.0,160.2692413330078,-1.055922459328694,1.7735920722761906,-4.937958133848109,-1.695201673496223,-3.064020344723154,0.8372423768827528,-1.0608401158966236,4.429729571994304,-0.4561175576200931,0.7202760905369371
70.0,75.0,157.60691833496094,-2.1221509371431435,1.8392303061078088,-4.902514539010984,-3.0864103908050646,-3.0538475418464337,0.8517324402109121,-1.0171489627324086,3.092931355225164,-0.4559853455206131,0.9824460715350812
70.0,75.0,161.15728759765625,-1.9534206856324816,1.7536378394229737,-4.890109816254475,-3.0956079319477503,-3.0662115030366284,0.8279698431872164,-1.019189610828445,4.304919778195342,-0.4515226464921155,0.7024576952550962
70.0,75.0,162.12002563476562,-2.064461842927496,1.7935466532309607,-4.901120978795082,-3.037351504864135,-2.9825109954659146,0.8614086155396931,-1.0144580723090246,3.120163282703889,-0.463391761074009,0.7101871668493809
70.0,75.0,195.2211761474609,-2.864067748512182,1.639527969597854,-4.86224001238643,-3.015338991699468,-3.005593938628276,1.8636780210418435,-0.9795361301075448,4.350618841738229,-0.5430293820279831,1.8810925325547152
70.0,75.0,157.06150817871094,-2.1668333891262144,1.8050523153983689,-4.879919604388298,-3.0940140575821444,-3.067229156974224,0.851277483190287,-1.0255564109008373,4.019563202407274,-0.4600824396962098,0.6922493712776561
70.0,75.0,165.0949249267578,-2.1430933335971862,1.7468090118271338,-4.905180748907829,-3.046386210728684,-3.007232627062506,1.3738084906230097,-1.0119052884588242,2.78786993956882,-0.4453474930019477,0.7449628217751612
70.0,75.0,156.08035278320312,-2.1580996450789263,1.728328627406782,-4.879695436337815,-3.0850529772078543,-3.06587044186364,0.8359929899162684,-1.015638048938622,3.5437633377229565,-0.4462973345896071,0.7233871726910266
70.0,75.0,152.79067993164062,-2.093422370865988,1.7983879442835504,-4.8948872527118885,-3.0935374014388097,-3.065420797499045,0.8243284443811907,-1.029971861721276,3.953504968555522,-0.4515791902618848,0.730269155541836
70.0,75.0,159.1881561279297,-2.089276113178034,1.8952434958222053,-4.902194038491554,-3.1008741198568144,-3.0670334396541303,0.8210064807720935,-1.0583101507127963,3.92187927173132,-0.4672875741641208,0.7114464446594213
70.0,75.0,155.21585083007812,-2.113374853453187,1.783753519709246,-4.908946242140972,-3.06111167865514,-2.98382270089102,0.8279756724724777,-1.0451602984327757,4.0073696563400505,-0.4520313086058118,1.6337147144317283
70.0,75.0,169.08489990234375,-2.121440628074116,1.8391977466202043,-4.90633100960668,-3.191362431245664,-3.0587728131295138,0.8384745018189871,-1.039438854831888,4.036453083172007,-0.457183002900791,0.6903595963685812
70.0,75.0,173.5118408203125,-2.0964125734213392,1.8483531205215613,-4.880141972556976,-3.0712298585709146,-3.0680986733343247,1.3849083648103202,-1.020680349559957,3.7205536071077,-0.4536027326502243,0.6837668333969602
70.0,75.0,179.18243408203125,-2.199092185305696,1.6404719974671422,-4.724568068544225,-3.0722807255972344,-3.0689810317395527,0.8240501512673762,-1.06805500822852,4.459399571109845,-0.847233582348144,1.3425941335359584
70.0,75.0,157.1793212890625,-2.17673112323086,1.7630889806315109,-4.947962877204266,-3.1028324367742366,-3.0636519528115214,0.8683887477877932,-1.019159302572574,3.972407963439197,-0.4467512917481424,0.6562931783266163
70.0,75.0,177.90628051757812,-0.9480992037287066,1.6698462529856726,-4.92126265432442,-3.066282443454009,-3.048841576344093,1.9184003846581128,-1.029547548154336,4.407033002134062,-0.5675828178794807,0.7291447687456702
70.0,75.0,161.7685546875,-2.247610655217007,1.8818680821778373,-4.902817275620675,-3.0120343117885806,-1.9831748579954025,0.7774970469952114,-1.0572060889449395,4.002864602190557,-0.4518251658520276,1.2592461014823286
70.0,75.0,153.3836212158203,-2.095158132619135,1.7701695242258908,-4.982490553762315,-3.09637110306975,-3.0694739731178897,0.840899275331245,-1.0237363902894905,3.970859861645056,-0.4513311644062044,0.7170566147272506
70.0,75.0,160.43174743652344,-2.151459286441727,1.90423910518166,-4.8357974123900185,-3.0298650166629133,-3.0903990647852853,1.847914090673568,-1.0054713900790966,4.348106831105531,-0.4774927454416172,0.7122873759067002
70.0,75.0,160.01856994628906,-2.220169854322381,1.7733973193895476,-4.877059725003649,-3.0383700245191645,-3.032693759079466,0.8641455062900459,-1.053383293827007,3.117527630893025,-0.4452152258004726,0.7565709844852148
70.0,75.0,169.77284240722656,-1.8784279188672173,1.801260602993747,-4.903065384166411,-2.951799689035015,-3.096786340243257,-0.2866241683753663,-1.0398635407854897,3.959265746362577,-0.4564096799593146,0.7007790789825445
70.0,75.0,186.8330078125,-1.7853518205863237,1.7579008871512047,-4.88124284597318,-3.1163490117040347,-1.958458825305892,0.9908394891083412,-1.0498054040342644,3.0799726605986453,-0.854878327751711,1.0093736433700458
70.0,75.0,185.2373962402344,-3.0310698794230424,1.8283115044264016,-4.932525301188432,-3.034727311972637,-2.278651441247641,1.8768931278743104,-1.0658396940966706,4.082056778937605,-0.4479352539586935,1.8944261468478871
70.0,75.0,202.11236572265625,-2.3232675121663315,1.995269073018336,-4.886403963184227,-4.253307286126856,-2.685616720888452,-0.855932775562634,-1.0228667816011985,3.571846683142864,-1.82067306700556,1.326899596566416
70.0,75.0,153.1660919189453,-2.121447798556532,1.8336876551817392,-4.9380753146679925,-3.094233202647145,-3.0649950223856144,0.8354321701101891,-1.021508757068139,3.955010029302585,-0.4447028575291981,0.7080551592072115
70.0,75.0,148.9943389892578,-2.167356530646248,1.8652663051115688,-4.89347593332354,-3.094150363079272,-2.448564765456755,0.8236330935174692,-1.0361414333629724,3.949189928809486,-0.4522587159900649,1.3233284017686682
70.0,75.0,157.30677795410156,-2.162990173870915,1.7435576844406988,-4.906684219487809,-3.093292834462877,-3.0553041264270413,0.8378295331787847,-1.0168554836504242,3.121367949811789,-0.4530281572558794,0.7038908090851647
70.0,75.0,173.24264526367188,-2.9723143171659294,1.7467743343781554,-4.8583524109262815,-3.132584168219534,-3.071824124186589,0.826754586818778,-0.0913498623214759,4.733588269388097,-0.4036389269487243,0.6670874524596352
70.0,75.0,167.95028686523438,-2.053766203355511,1.81055492665376,-4.896112133795559,-3.04745109199442,-3.0794549559398434,2.437229294867977,-1.0357834189366355,3.900175821077682,-0.7692155869085179,0.7135283215223838
70.0,75.0,152.54495239257812,-2.086832612940253,1.8064944060961536,-4.898320628368176,-3.093282331284326,-2.607247231069853,0.8639438196690439,-1.041520497359607,4.007325202202917,-0.4570420707428539,1.2979991742476558
70.0,75.0,175.5135955810547,-3.9090488953949887,1.7859067540409015,-4.947877033145323,-2.438215959708819,-3.083639817184455,0.8145819375545251,-0.9752124298710154,3.60916111720354,-0.4453514141807003,1.3071532897292408
70.0,75.0,169.61380004882812,-2.131030903144364,1.7799340653037556,-4.8948526473465925,-2.955645300552109,-3.126206753218884,0.7706131149166859,-1.0266908279200972,3.9006929056126336,-0.4154485525600125,0.7342923104951506
70.0,75.0,159.2979736328125,-1.9945350412863985,1.824678023539944,-4.902035856525711,-3.0917084676796307,-2.625646154291458,0.8120175794309271,-0.9907606726888484,3.9815628184099854,-0.4540345480830779,1.2910521185880492
70.0,75.0,168.62640380859375,-2.09565992958504,1.821398336797137,-4.88320202178986,-3.1302468720103755,-3.11032379218163,0.839100583793134,-1.031078167719383,4.025646976470819,-0.4167068400381631,0.7075424840846941
70.0,75.0,150.866455078125,-2.1476861292853173,1.8333509565353328,-4.957839736312195,-2.949385616421381,-2.5417336658882648,0.813663974548531,-1.0340149514385355,3.980635318549345,-0.4427554382672465,1.6051387152658123
70.0,75.0,152.86680603027344,-2.0507059631710884,1.7673591714078931,-4.899733004755314,-3.0816628892556683,-3.068638544363294,0.8336847469482047,-1.0172520339674622,3.962125953203152,-0.452147481502814,0.7050980546705747
70.0,75.0,144.8328399658203,-2.125887625023052,1.772108043780913,-4.894429050856071,-3.0016699411971515,-2.537182168454329,0.8580550355501241,-1.0582945287836971,3.971476284477525,-0.4543547076459499,1.3318172140772568
70.0,75.0,157.47628784179688,-2.293004799491763,1.758846105190898,-4.902106237222362,-3.053408683396977,-2.4601111641422184,0.8086355900833122,-1.0263960346172134,3.581604668605264,-0.5060757372620084,1.33720201664983
70.0,75.0,155.38917541503906,-2.106011101066618,1.7568846313623323,-4.89888159774952,-3.08733424584246,-3.1035557753149847,0.8756624598537297,-1.0286728116128556,3.56225433086618,-0.4605761417817696,0.7013081579246323
70.0,75.0,153.69454956054688,-2.1240825327841373,1.7832012127898482,-4.906497271144764,-3.09101608887591,-3.0640569448589043,0.8437581609987514,-1.0180269498310637,3.9292936398195866,-0.4454893332684976,0.7198480302413702
70.0,75.0,195.22715759277344,-1.416831731333624,1.8545313378343875,-4.910833328583738,-2.932235655136307,-2.558365723067685,1.3538490140674868,-1.049787689812439,3.403383456815939,-1.1469262256330868,0.72574676321569
70.0,75.0,159.69412231445312,-2.21963507341297,1.850328278453232,-4.863205470948095,-3.7754689176902456,-3.045361023325458,0.837599674561319,-1.0212324909712558,3.56024233985072,-0.4482199517405474,0.7422656486335322
70.0,75.0,160.38934326171875,-2.1239526524329047,1.7532778008160277,-4.793683137872873,-2.992665936417859,-3.0883299703921034,0.7444479414625762,-1.0498487622640318,3.959048847339001,-0.7967959506285662,0.7170082799296202
70.0,75.0,167.33126831054688,-2.195243219696053,1.732912456716364,-4.952303408796997,-3.0404810004496574,-2.486837149312666,0.9725129987175968,-1.040432910076463,4.327298931424326,-0.5054700396972046,0.7183652077019171
70.0,75.0,155.30633544921875,-2.110355142561264,1.7355664246072802,-4.897661520156259,-3.0945963635771343,-3.0647722813398968,0.8256285834289196,-1.0204516952792135,4.389633871132414,-0.4667985076585941,0.7287559592886229
70.0,75.0,158.0673828125,-2.13478528945232,1.8441109636686763,-4.929363763692761,-3.1294766675918138,-3.0546509867568057,1.330469986782295,-1.0107985278553162,3.543151829295136,-0.4498499097984712,0.7093224768745058
70.0,75.0,169.85333251953125,-2.055711662093257,1.8659555659339937,-4.855652505076746,-3.0215693665045227,-2.546018628036218,0.8330939374040801,-1.0232626088218308,2.720657633219541,-0.463054370186035,0.7108280334905483
70.0,75.0,166.35174560546875,-2.1839826523029533,1.7317492785414006,-4.863157585567276,-3.029274897849917,-3.064382047472599,1.331655290503512,-1.1420135338704025,4.388284810045576,-0.4504803565165269,0.7005964702626328
70.0,75.0,165.263427734375,-2.025108824505472,1.819420873531608,-4.880777358367313,-3.048511178555349,-3.076473591889685,0.724041054625411,-1.045823708623605,4.79798916193166,-0.408550783489008,0.6991762171530035
70.0,75.0,152.64381408691406,-2.0901784363343694,1.7996446316242254,-4.899252706699094,-3.094029690512522,-3.0680854502609827,0.8332068551577954,-1.0239699127134063,3.974889820226194,-0.4553751126038328,0.7064393748489924
70.0,75.0,160.2692413330078,-1.055922459328694,1.7735920722761906,-4.937958133848109,-1.695201673496223,-3.064020344723154,0.8372423768827528,-1.0608401158966236,4.429729571994304,-0.4561175576200931,0.7202760905369371
70.0,76.0,157.60691833496094,-2.1221509371431435,1.8392303061078088,-4.902514539010984,-3.0864103908050646,-3.0538475418464337,0.8517324402109121,-1.0171489627324086,3.092931355225164,-0.4559853455206131,0.9824460715350812
70.0,76.0,161.15728759765625,-1.9534206856324816,1.7536378394229737,-4.890109816254475,-3.0956079319477503,-3.0662115030366284,0.8279698431872164,-1.019189610828445,4.304919778195342,-0.4515226464921155,0.7024576952550962
70.0,76.0,162.12002563476562,-2.064461842927496,1.7935466532309607,-4.901120978795082,-3.037351504864135,-2.9825109954659146,0.8614086155396931,-1.0144580723090246,3.120163282703889,-0.463391761074009,0.7101871668493809
70.0,76.0,187.1539459228516,-1.8565424518352625,1.112689871548055,-4.861316432482858,-3.023067117265984,-2.579075750381332,1.440320136518587,-1.0486022660844316,3.619908206412161,-0.407999070450027,1.240020671212466
70.0,76.0,157.06150817871094,-2.1668333891262144,1.8050523153983689,-4.879919604388298,-3.0940140575821444,-3.067229156974224,0.851277483190287,-1.0255564109008373,4.019563202407274,-0.4600824396962098,0.6922493712776561
70.0,76.0,165.0949249267578,-2.1430933335971862,1.7468090118271338,-4.905180748907829,-3.046386210728684,-3.007232627062506,1.3738084906230097,-1.0119052884588242,2.78786993956882,-0.4453474930019477,0.7449628217751612
70.0,76.0,156.08035278320312,-2.1580996450789263,1.728328627406782,-4.879695436337815,-3.0850529772078543,-3.06587044186364,0.8359929899162684,-1.015638048938622,3.5437633377229565,-0.4462973345896071,0.7233871726910266
70.0,76.0,152.79067993164062,-2.093422370865988,1.7983879442835504,-4.8948872527118885,-3.0935374014388097,-3.065420797499045,0.8243284443811907,-1.029971861721276,3.953504968555522,-0.4515791902618848,0.730269155541836
70.0,76.0,159.1881561279297,-2.089276113178034,1.8952434958222053,-4.902194038491554,-3.1008741198568144,-3.0670334396541303,0.8210064807720935,-1.0583101507127963,3.92187927173132,-0.4672875741641208,0.7114464446594213
70.0,76.0,146.7716827392578,-2.142325059650461,1.7753397627324456,-4.897420265169613,-3.0144280692750502,-2.4551394086200085,0.8678328361622013,-1.0567612074490509,3.9871069044838414,-0.4547257403033298,1.298104302471207
70.0,76.0,169.08489990234375,-2.121440628074116,1.8391977466202043,-4.90633100960668,-3.191362431245664,-3.0587728131295138,0.8384745018189871,-1.039438854831888,4.036453083172007,-0.457183002900791,0.6903595963685812
70.0,76.0,173.5118408203125,-2.0964125734213392,1.8483531205215613,-4.880141972556976,-3.0712298585709146,-3.0680986733343247,1.3849083648103202,-1.020680349559957,3.7205536071077,-0.4536027326502243,0.6837668333969602
70.0,76.0,179.18243408203125,-2.199092185305696,1.6404719974671422,-4.724568068544225,-3.0722807255972344,-3.0689810317395527,0.8240501512673762,-1.06805500822852,4.459399571109845,-0.847233582348144,1.3425941335359584
70.0,76.0,157.1793212890625,-2.17673112323086,1.7630889806315109,-4.947962877204266,-3.1028324367742366,-3.0636519528115214,0.8683887477877932,-1.019159302572574,3.972407963439197,-0.4467512917481424,0.6562931783266163
70.0,76.0,177.90628051757812,-0.9480992037287066,1.6698462529856726,-4.92126265432442,-3.066282443454009,-3.048841576344093,1.9184003846581128,-1.029547548154336,4.407033002134062,-0.5675828178794807,0.7291447687456702
70.0,76.0,161.7685546875,-2.247610655217007,1.8818680821778373,-4.902817275620675,-3.0120343117885806,-1.9831748579954025,0.7774970469952114,-1.0572060889449395,4.002864602190557,-0.4518251658520276,1.2592461014823286
70.0,76.0,153.3836212158203,-2.095158132619135,1.7701695242258908,-4.982490553762315,-3.09637110306975,-3.0694739731178897,0.840899275331245,-1.0237363902894905,3.970859861645056,-0.4513311644062044,0.7170566147272506
70.0,76.0,160.43174743652344,-2.151459286441727,1.90423910518166,-4.8357974123900185,-3.0298650166629133,-3.0903990647852853,1.847914090673568,-1.0054713900790966,4.348106831105531,-0.4774927454416172,0.7122873759067002
70.0,76.0,160.01856994628906,-2.220169854322381,1.7733973193895476,-4.877059725003649,-3.0383700245191645,-3.032693759079466,0.8641455062900459,-1.053383293827007,3.117527630893025,-0.4452152258004726,0.7565709844852148
70.0,76.0,169.77284240722656,-1.8784279188672173,1.801260602993747,-4.903065384166411,-2.951799689035015,-3.096786340243257,-0.2866241683753663,-1.0398635407854897,3.959265746362577,-0.4564096799593146,0.7007790789825445
70.0,76.0,186.8330078125,-1.7853518205863237,1.7579008871512047,-4.88124284597318,-3.1163490117040347,-1.958458825305892,0.9908394891083412,-1.0498054040342644,3.0799726605986453,-0.854878327751711,1.0093736433700458
70.0,76.0,185.2373962402344,-3.0310698794230424,1.8283115044264016,-4.932525301188432,-3.034727311972637,-2.278651441247641,1.8768931278743104,-1.0658396940966706,4.082056778937605,-0.4479352539586935,1.8944261468478871
70.0,76.0,202.11236572265625,-2.3232675121663315,1.995269073018336,-4.886403963184227,-4.253307286126856,-2.685616720888452,-0.855932775562634,-1.0228667816011985,3.571846683142864,-1.82067306700556,1.326899596566416
70.0,76.0,153.1660919189453,-2.121447798556532,1.8336876551817392,-4.9380753146679925,-3.094233202647145,-3.0649950223856144,0.8354321701101891,-1.021508757068139,3.955010029302585,-0.4447028575291981,0.7080551592072115
70.0,76.0,148.9943389892578,-2.167356530646248,1.8652663051115688,-4.89347593332354,-3.094150363079272,-2.448564765456755,0.8236330935174692,-1.0361414333629724,3.949189928809486,-0.4522587159900649,1.3233284017686682
70.0,76.0,157.30677795410156,-2.162990173870915,1.7435576844406988,-4.906684219487809,-3.093292834462877,-3.0553041264270413,0.8378295331787847,-1.0168554836504242,3.121367949811789,-0.4530281572558794,0.7038908090851647
70.0,76.0,173.24264526367188,-2.9723143171659294,1.7467743343781554,-4.8583524109262815,-3.132584168219534,-3.071824124186589,0.826754586818778,-0.0913498623214759,4.733588269388097,-0.4036389269487243,0.6670874524596352
70.0,76.0,167.95028686523438,-2.053766203355511,1.81055492665376,-4.896112133795559,-3.04745109199442,-3.0794549559398434,2.437229294867977,-1.0357834189366355,3.900175821077682,-0.7692155869085179,0.7135283215223838
70.0,76.0,152.54495239257812,-2.086832612940253,1.8064944060961536,-4.898320628368176,-3.093282331284326,-2.607247231069853,0.8639438196690439,-1.041520497359607,4.007325202202917,-0.4570420707428539,1.2979991742476558
70.0,76.0,175.5135955810547,-3.9090488953949887,1.7859067540409015,-4.947877033145323,-2.438215959708819,-3.083639817184455,0.8145819375545251,-0.9752124298710154,3.60916111720354,-0.4453514141807003,1.3071532897292408
70.0,76.0,169.61380004882812,-2.131030903144364,1.7799340653037556,-4.8948526473465925,-2.955645300552109,-3.126206753218884,0.7706131149166859,-1.0266908279200972,3.9006929056126336,-0.4154485525600125,0.7342923104951506
70.0,76.0,159.2979736328125,-1.9945350412863985,1.824678023539944,-4.902035856525711,-3.0917084676796307,-2.625646154291458,0.8120175794309271,-0.9907606726888484,3.9815628184099854,-0.4540345480830779,1.2910521185880492
70.0,76.0,168.62640380859375,-2.09565992958504,1.821398336797137,-4.88320202178986,-3.1302468720103755,-3.11032379218163,0.839100583793134,-1.031078167719383,4.025646976470819,-0.4167068400381631,0.7075424840846941
70.0,76.0,150.866455078125,-2.1476861292853173,1.8333509565353328,-4.957839736312195,-2.949385616421381,-2.5417336658882648,0.813663974548531,-1.0340149514385355,3.980635318549345,-0.4427554382672465,1.6051387152658123
70.0,76.0,152.86680603027344,-2.0507059631710884,1.7673591714078931,-4.899733004755314,-3.0816628892556683,-3.068638544363294,0.8336847469482047,-1.0172520339674622,3.962125953203152,-0.452147481502814,0.7050980546705747
70.0,76.0,144.8328399658203,-2.125887625023052,1.772108043780913,-4.894429050856071,-3.0016699411971515,-2.537182168454329,0.8580550355501241,-1.0582945287836971,3.971476284477525,-0.4543547076459499,1.3318172140772568
70.0,76.0,157.47628784179688,-2.293004799491763,1.758846105190898,-4.902106237222362,-3.053408683396977,-2.4601111641422184,0.8086355900833122,-1.0263960346172134,3.581604668605264,-0.5060757372620084,1.33720201664983
70.0,76.0,155.38917541503906,-2.106011101066618,1.7568846313623323,-4.89888159774952,-3.08733424584246,-3.1035557753149847,0.8756624598537297,-1.0286728116128556,3.56225433086618,-0.4605761417817696,0.7013081579246323
70.0,76.0,150.86605834960938,-2.112016972675165,1.722253164073698,-4.888741568633118,-2.979873506748486,-2.5962601336085607,0.8149828191113487,-1.0362741504986,3.959120971312612,-0.4453575848282136,1.0329503922448942
70.0,76.0,195.22715759277344,-1.416831731333624,1.8545313378343875,-4.910833328583738,-2.932235655136307,-2.558365723067685,1.3538490140674868,-1.049787689812439,3.403383456815939,-1.1469262256330868,0.72574676321569
70.0,76.0,159.69412231445312,-2.21963507341297,1.850328278453232,-4.863205470948095,-3.7754689176902456,-3.045361023325458,0.837599674561319,-1.0212324909712558,3.56024233985072,-0.4482199517405474,0.7422656486335322
70.0,76.0,160.38934326171875,-2.1239526524329047,1.7532778008160277,-4.793683137872873,-2.992665936417859,-3.0883299703921034,0.7444479414625762,-1.0498487622640318,3.959048847339001,-0.7967959506285662,0.7170082799296202
70.0,76.0,167.33126831054688,-2.195243219696053,1.732912456716364,-4.952303408796997,-3.0404810004496574,-2.486837149312666,0.9725129987175968,-1.040432910076463,4.327298931424326,-0.5054700396972046,0.7183652077019171
70.0,76.0,155.30633544921875,-2.110355142561264,1.7355664246072802,-4.897661520156259,-3.0945963635771343,-3.0647722813398968,0.8256285834289196,-1.0204516952792135,4.389633871132414,-0.4667985076585941,0.7287559592886229
70.0,76.0,158.0673828125,-2.13478528945232,1.8441109636686763,-4.929363763692761,-3.1294766675918138,-3.0546509867568057,1.330469986782295,-1.0107985278553162,3.543151829295136,-0.4498499097984712,0.7093224768745058
70.0,76.0,169.85333251953125,-2.055711662093257,1.8659555659339937,-4.855652505076746,-3.0215693665045227,-2.546018628036218,0.8330939374040801,-1.0232626088218308,2.720657633219541,-0.463054370186035,0.7108280334905483
70.0,76.0,166.35174560546875,-2.1839826523029533,1.7317492785414006,-4.863157585567276,-3.029274897849917,-3.064382047472599,1.331655290503512,-1.1420135338704025,4.388284810045576,-0.4504803565165269,0.7005964702626328
70.0,76.0,165.263427734375,-2.025108824505472,1.819420873531608,-4.880777358367313,-3.048511178555349,-3.076473591889685,0.724041054625411,-1.045823708623605,4.79798916193166,-0.408550783489008,0.6991762171530035
70.0,76.0,152.64381408691406,-2.0901784363343694,1.7996446316242254,-4.899252706699094,-3.094029690512522,-3.0680854502609827,0.8332068551577954,-1.0239699127134063,3.974889820226194,-0.4553751126038328,0.7064393748489924
70.0,76.0,160.2692413330078,-1.055922459328694,1.7735920722761906,-4.937958133848109,-1.695201673496223,-3.064020344723154,0.8372423768827528,-1.0608401158966236,4.429729571994304,-0.4561175576200931,0.7202760905369371
70.0,77.0,157.60691833496094,-2.1221509371431435,1.8392303061078088,-4.902514539010984,-3.0864103908050646,-3.0538475418464337,0.8517324402109121,-1.0171489627324086,3.092931355225164,-0.4559853455206131,0.9824460715350812
70.0,77.0,161.15728759765625,-1.9534206856324816,1.7536378394229737,-4.890109816254475,-3.0956079319477503,-3.0662115030366284,0.8279698431872164,-1.019189610828445,4.304919778195342,-0.4515226464921155,0.7024576952550962
70.0,77.0,162.12002563476562,-2.064461842927496,1.7935466532309607,-4.901120978795082,-3.037351504864135,-2.9825109954659146,0.8614086155396931,-1.0144580723090246,3.120163282703889,-0.463391761074009,0.7101871668493809
70.0,77.0,187.1539459228516,-1.8565424518352625,1.112689871548055,-4.861316432482858,-3.023067117265984,-2.579075750381332,1.440320136518587,-1.0486022660844316,3.619908206412161,-0.407999070450027,1.240020671212466
70.0,77.0,157.06150817871094,-2.1668333891262144,1.8050523153983689,-4.879919604388298,-3.0940140575821444,-3.067229156974224,0.851277483190287,-1.0255564109008373,4.019563202407274,-0.4600824396962098,0.6922493712776561
70.0,77.0,165.0949249267578,-2.1430933335971862,1.7468090118271338,-4.905180748907829,-3.046386210728684,-3.007232627062506,1.3738084906230097,-1.0119052884588242,2.78786993956882,-0.4453474930019477,0.7449628217751612
70.0,77.0,156.08035278320312,-2.1580996450789263,1.728328627406782,-4.879695436337815,-3.0850529772078543,-3.06587044186364,0.8359929899162684,-1.015638048938622,3.5437633377229565,-0.4462973345896071,0.7233871726910266
70.0,77.0,152.79067993164062,-2.093422370865988,1.7983879442835504,-4.8948872527118885,-3.0935374014388097,-3.065420797499045,0.8243284443811907,-1.029971861721276,3.953504968555522,-0.4515791902618848,0.730269155541836
70.0,77.0,159.1881561279297,-2.089276113178034,1.8952434958222053,-4.902194038491554,-3.1008741198568144,-3.0670334396541303,0.8210064807720935,-1.0583101507127963,3.92187927173132,-0.4672875741641208,0.7114464446594213
70.0,77.0,146.7716827392578,-2.142325059650461,1.7753397627324456,-4.897420265169613,-3.0144280692750502,-2.4551394086200085,0.8678328361622013,-1.0567612074490509,3.9871069044838414,-0.4547257403033298,1.298104302471207
70.0,77.0,169.08489990234375,-2.121440628074116,1.8391977466202043,-4.90633100960668,-3.191362431245664,-3.0587728131295138,0.8384745018189871,-1.039438854831888,4.036453083172007,-0.457183002900791,0.6903595963685812
70.0,77.0,173.5118408203125,-2.0964125734213392,1.8483531205215613,-4.880141972556976,-3.0712298585709146,-3.0680986733343247,1.3849083648103202,-1.020680349559957,3.7205536071077,-0.4536027326502243,0.6837668333969602
70.0,77.0,179.18243408203125,-2.199092185305696,1.6404719974671422,-4.724568068544225,-3.0722807255972344,-3.0689810317395527,0.8240501512673762,-1.06805500822852,4.459399571109845,-0.847233582348144,1.3425941335359584
70.0,77.0,157.1793212890625,-2.17673112323086,1.7630889806315109,-4.947962877204266,-3.1028324367742366,-3.0636519528115214,0.8683887477877932,-1.019159302572574,3.972407963439197,-0.4467512917481424,0.6562931783266163
70.0,77.0,177.90628051757812,-0.9480992037287066,1.6698462529856726,-4.92126265432442,-3.066282443454009,-3.048841576344093,1.9184003846581128,-1.029547548154336,4.407033002134062,-0.5675828178794807,0.7291447687456702
70.0,77.0,161.7685546875,-2.247610655217007,1.8818680821778373,-4.902817275620675,-3.0120343117885806,-1.9831748579954025,0.7774970469952114,-1.0572060889449395,4.002864602190557,-0.4518251658520276,1.2592461014823286
70.0,77.0,153.3836212158203,-2.095158132619135,1.7701695242258908,-4.982490553762315,-3.09637110306975,-3.0694739731178897,0.840899275331245,-1.0237363902894905,3.970859861645056,-0.4513311644062044,0.7170566147272506
70.0,77.0,160.43174743652344,-2.151459286441727,1.90423910518166,-4.8357974123900185,-3.0298650166629133,-3.0903990647852853,1.847914090673568,-1.0054713900790966,4.348106831105531,-0.4774927454416172,0.7122873759067002
70.0,77.0,160.01856994628906,-2.220169854322381,1.7733973193895476,-4.877059725003649,-3.0383700245191645,-3.032693759079466,0.8641455062900459,-1.053383293827007,3.117527630893025,-0.4452152258004726,0.7565709844852148
70.0,77.0,169.77284240722656,-1.8784279188672173,1.801260602993747,-4.903065384166411,-2.951799689035015,-3.096786340243257,-0.2866241683753663,-1.0398635407854897,3.959265746362577,-0.4564096799593146,0.7007790789825445
70.0,77.0,186.8330078125,-1.7853518205863237,1.7579008871512047,-4.88124284597318,-3.1163490117040347,-1.958458825305892,0.9908394891083412,-1.0498054040342644,3.0799726605986453,-0.854878327751711,1.0093736433700458
70.0,77.0,185.2373962402344,-3.0310698794230424,1.8283115044264016,-4.932525301188432,-3.034727311972637,-2.278651441247641,1.8768931278743104,-1.0658396940966706,4.082056778937605,-0.4479352539586935,1.8944261468478871
70.0,77.0,202.11236572265625,-2.3232675121663315,1.995269073018336,-4.886403963184227,-4.253307286126856,-2.685616720888452,-0.855932775562634,-1.0228667816011985,3.571846683142864,-1.82067306700556,1.326899596566416
70.0,77.0,153.1660919189453,-2.121447798556532,1.8336876551817392,-4.9380753146679925,-3.094233202647145,-3.0649950223856144,0.8354321701101891,-1.021508757068139,3.955010029302585,-0.4447028575291981,0.7080551592072115
70.0,77.0,148.9943389892578,-2.167356530646248,1.8652663051115688,-4.89347593332354,-3.094150363079272,-2.448564765456755,0.8236330935174692,-1.0361414333629724,3.949189928809486,-0.4522587159900649,1.3233284017686682
70.0,77.0,157.30677795410156,-2.162990173870915,1.7435576844406988,-4.906684219487809,-3.093292834462877,-3.0553041264270413,0.8378295331787847,-1.0168554836504242,3.121367949811789,-0.4530281572558794,0.7038908090851647
70.0,77.0,173.24264526367188,-2.9723143171659294,1.7467743343781554,-4.8583524109262815,-3.132584168219534,-3.071824124186589,0.826754586818778,-0.0913498623214759,4.733588269388097,-0.4036389269487243,0.6670874524596352
70.0,77.0,167.95028686523438,-2.053766203355511,1.81055492665376,-4.896112133795559,-3.04745109199442,-3.0794549559398434,2.437229294867977,-1.0357834189366355,3.900175821077682,-0.7692155869085179,0.7135283215223838
70.0,77.0,152.54495239257812,-2.086832612940253,1.8064944060961536,-4.898320628368176,-3.093282331284326,-2.607247231069853,0.8639438196690439,-1.041520497359607,4.007325202202917,-0.4570420707428539,1.2979991742476558
70.0,77.0,175.5135955810547,-3.9090488953949887,1.7859067540409015,-4.947877033145323,-2.438215959708819,-3.083639817184455,0.8145819375545251,-0.9752124298710154,3.60916111720354,-0.4453514141807003,1.3071532897292408
70.0,77.0,169.61380004882812,-2.131030903144364,1.7799340653037556,-4.8948526473465925,-2.955645300552109,-3.126206753218884,0.7706131149166859,-1.0266908279200972,3.9006929056126336,-0.4154485525600125,0.7342923104951506
70.0,77.0,159.2979736328125,-1.9945350412863985,1.824678023539944,-4.902035856525711,-3.0917084676796307,-2.625646154291458,0.8120175794309271,-0.9907606726888484,3.9815628184099854,-0.4540345480830779,1.2910521185880492
70.0,77.0,168.62640380859375,-2.09565992958504,1.821398336797137,-4.88320202178986,-3.1302468720103755,-3.11032379218163,0.839100583793134,-1.031078167719383,4.025646976470819,-0.4167068400381631,0.7075424840846941
70.0,77.0,146.584716796875,-2.103115268970947,1.7773525520170366,-4.8991595252982325,-3.0347150506673737,-2.5711874065489764,0.8116258795517473,-1.035978714195854,3.971544582710554,-0.4467989748149475,1.6285298446205214
70.0,77.0,152.86680603027344,-2.0507059631710884,1.7673591714078931,-4.899733004755314,-3.0816628892556683,-3.068638544363294,0.8336847469482047,-1.0172520339674622,3.962125953203152,-0.452147481502814,0.7050980546705747
70.0,77.0,144.8328399658203,-2.125887625023052,1.772108043780913,-4.894429050856071,-3.0016699411971515,-2.537182168454329,0.8580550355501241,-1.0582945287836971,3.971476284477525,-0.4543547076459499,1.3318172140772568
70.0,77.0,157.47628784179688,-2.293004799491763,1.758846105190898,-4.902106237222362,-3.053408683396977,-2.4601111641422184,0.8086355900833122,-1.0263960346172134,3.581604668605264,-0.5060757372620084,1.33720201664983
70.0,77.0,155.38917541503906,-2.106011101066618,1.7568846313623323,-4.89888159774952,-3.08733424584246,-3.1035557753149847,0.8756624598537297,-1.0286728116128556,3.56225433086618,-0.4605761417817696,0.7013081579246323
70.0,77.0,150.86605834960938,-2.112016972675165,1.722253164073698,-4.888741568633118,-2.979873506748486,-2.5962601336085607,0.8149828191113487,-1.0362741504986,3.959120971312612,-0.4453575848282136,1.0329503922448942
70.0,77.0,195.22715759277344,-1.416831731333624,1.8545313378343875,-4.910833328583738,-2.932235655136307,-2.558365723067685,1.3538490140674868,-1.049787689812439,3.403383456815939,-1.1469262256330868,0.72574676321569
70.0,77.0,159.69412231445312,-2.21963507341297,1.850328278453232,-4.863205470948095,-3.7754689176902456,-3.045361023325458,0.837599674561319,-1.0212324909712558,3.56024233985072,-0.4482199517405474,0.7422656486335322
70.0,77.0,160.38934326171875,-2.1239526524329047,1.7532778008160277,-4.793683137872873,-2.992665936417859,-3.0883299703921034,0.7444479414625762,-1.0498487622640318,3.959048847339001,-0.7967959506285662,0.7170082799296202
70.0,77.0,167.33126831054688,-2.195243219696053,1.732912456716364,-4.952303408796997,-3.0404810004496574,-2.486837149312666,0.9725129987175968,-1.040432910076463,4.327298931424326,-0.5054700396972046,0.7183652077019171
70.0,77.0,155.30633544921875,-2.110355142561264,1.7355664246072802,-4.897661520156259,-3.0945963635771343,-3.0647722813398968,0.8256285834289196,-1.0204516952792135,4.389633871132414,-0.4667985076585941,0.7287559592886229
70.0,77.0,158.0673828125,-2.13478528945232,1.8441109636686763,-4.929363763692761,-3.1294766675918138,-3.0546509867568057,1.330469986782295,-1.0107985278553162,3.543151829295136,-0.4498499097984712,0.7093224768745058
70.0,77.0,169.85333251953125,-2.055711662093257,1.8659555659339937,-4.855652505076746,-3.0215693665045227,-2.546018628036218,0.8330939374040801,-1.0232626088218308,2.720657633219541,-0.463054370186035,0.7108280334905483
70.0,77.0,166.35174560546875,-2.1839826523029533,1.7317492785414006,-4.863157585567276,-3.029274897849917,-3.064382047472599,1.331655290503512,-1.1420135338704025,4.388284810045576,-0.4504803565165269,0.7005964702626328
70.0,77.0,165.263427734375,-2.025108824505472,1.819420873531608,-4.880777358367313,-3.048511178555349,-3.076473591889685,0.724041054625411,-1.045823708623605,4.79798916193166,-0.408550783489008,0.6991762171530035
70.0,77.0,152.64381408691406,-2.0901784363343694,1.7996446316242254,-4.899252706699094,-3.094029690512522,-3.0680854502609827,0.8332068551577954,-1.0239699127134063,3.974889820226194,-0.4553751126038328,0.7064393748489924
70.0,77.0,160.2692413330078,-1.055922459328694,1.7735920722761906,-4.937958133848109,-1.695201673496223,-3.064020344723154,0.8372423768827528,-1.0608401158966236,4.429729571994304,-0.4561175576200931,0.7202760905369371
70.0,78.0,157.60691833496094,-2.1221509371431435,1.8392303061078088,-4.902514539010984,-3.0864103908050646,-3.0538475418464337,0.8517324402109121,-1.0171489627324086,3.092931355225164,-0.4559853455206131,0.9824460715350812
70.0,78.0,161.15728759765625,-1.9534206856324816,1.7536378394229737,-4.890109816254475,-3.0956079319477503,-3.0662115030366284,0.8279698431872164,-1.019189610828445,4.304919778195342,-0.4515226464921155,0.7024576952550962
70.0,78.0,162.12002563476562,-2.064461842927496,1.7935466532309607,-4.901120978795082,-3.037351504864135,-2.9825109954659146,0.8614086155396931,-1.0144580723090246,3.120163282703889,-0.463391761074009,0.7101871668493809
70.0,78.0,187.1539459228516,-1.8565424518352625,1.112689871548055,-4.861316432482858,-3.023067117265984,-2.579075750381332,1.440320136518587,-1.0486022660844316,3.619908206412161,-0.407999070450027,1.240020671212466
70.0,78.0,157.06150817871094,-2.1668333891262144,1.8050523153983689,-4.879919604388298,-3.0940140575821444,-3.067229156974224,0.851277483190287,-1.0255564109008373,4.019563202407274,-0.4600824396962098,0.6922493712776561
70.0,78.0,165.0949249267578,-2.1430933335971862,1.7468090118271338,-4.905180748907829,-3.046386210728684,-3.007232627062506,1.3738084906230097,-1.0119052884588242,2.78786993956882,-0.4453474930019477,0.7449628217751612
70.0,78.0,156.08035278320312,-2.1580996450789263,1.728328627406782,-4.879695436337815,-3.0850529772078543,-3.06587044186364,0.8359929899162684,-1.015638048938622,3.5437633377229565,-0.4462973345896071,0.7233871726910266
70.0,78.0,152.79067993164062,-2.093422370865988,1.7983879442835504,-4.8948872527118885,-3.0935374014388097,-3.065420797499045,0.8243284443811907,-1.029971861721276,3.953504968555522,-0.4515791902618848,0.730269155541836
70.0,78.0,158.5626678466797,-2.124110652210652,1.696449145759637,-4.898893832312946,-2.944986764558804,-2.585767734781218,0.7768585185595549,-1.048083879927987,3.9556064504048174,-0.4644413301880291,0.724317650307109
70.0,78.0,145.28721618652344,-2.142871296595978,1.7732580022956257,-4.899018863321921,-3.0102970103866458,-2.484744981000713,0.8504575319236967,-1.0543434547615145,3.981341440336221,-0.454616196017463,1.2971267125096628
70.0,78.0,169.08489990234375,-2.121440628074116,1.8391977466202043,-4.90633100960668,-3.191362431245664,-3.0587728131295138,0.8384745018189871,-1.039438854831888,4.036453083172007,-0.457183002900791,0.6903595963685812
70.0,78.0,173.5118408203125,-2.0964125734213392,1.8483531205215613,-4.880141972556976,-3.0712298585709146,-3.0680986733343247,1.3849083648103202,-1.020680349559957,3.7205536071077,-0.4536027326502243,0.6837668333969602
70.0,78.0,173.67227172851562,-2.1646056823246886,1.1567331807879595,-4.8105903676060136,-3.013613379534865,-2.583636882198834,0.835287605408539,-1.0938243602283872,4.033555325654239,-0.4065102878837661,1.3551329292515342
70.0,78.0,157.1793212890625,-2.17673112323086,1.7630889806315109,-4.947962877204266,-3.1028324367742366,-3.0636519528115214,0.8683887477877932,-1.019159302572574,3.972407963439197,-0.4467512917481424,0.6562931783266163
70.0,78.0,177.90628051757812,-0.9480992037287066,1.6698462529856726,-4.92126265432442,-3.066282443454009,-3.048841576344093,1.9184003846581128,-1.029547548154336,4.407033002134062,-0.5675828178794807,0.7291447687456702
70.0,78.0,160.54429626464844,-2.2543678807788816,1.7157488507740366,-4.902000133852793,-3.004492006463958,-3.1136684037877504,0.8751536889269794,-1.0728201270226148,3.999955681187629,-0.4570432725258403,1.281627989930176
70.0,78.0,151.11505126953125,-2.141922871684849,1.76284733145418,-4.948932470488158,-3.098069428985139,-2.495859677837108,0.8574922027994303,-1.0754162437453023,3.969849651307235,-0.4534398610246158,0.7098752707418358
70.0,78.0,160.43174743652344,-2.151459286441727,1.90423910518166,-4.8357974123900185,-3.0298650166629133,-3.0903990647852853,1.847914090673568,-1.0054713900790966,4.348106831105531,-0.4774927454416172,0.7122873759067002
70.0,78.0,160.01856994628906,-2.220169854322381,1.7733973193895476,-4.877059725003649,-3.0383700245191645,-3.032693759079466,0.8641455062900459,-1.053383293827007,3.117527630893025,-0.4452152258004726,0.7565709844852148
70.0,78.0,169.77284240722656,-1.8784279188672173,1.801260602993747,-4.903065384166411,-2.951799689035015,-3.096786340243257,-0.2866241683753663,-1.0398635407854897,3.959265746362577,-0.4564096799593146,0.7007790789825445
70.0,78.0,186.8330078125,-1.7853518205863237,1.7579008871512047,-4.88124284597318,-3.1163490117040347,-1.958458825305892,0.9908394891083412,-1.0498054040342644,3.0799726605986453,-0.854878327751711,1.0093736433700458
70.0,78.0,162.42245483398438,-2.276371482216354,1.8430791592060665,-4.9190204701254086,-2.982290361542568,-2.4737315590342943,0.256936230504504,-1.0477901106111365,3.976399032132635,-0.450679882479271,1.583588492787006
70.0,78.0,194.8916778564453,-2.049827407771498,1.718368103202781,-4.888665164641299,-3.854924386485969,-2.391728876499506,-0.2509762345972062,-1.0254218384807812,3.847822319421484,-1.4934398296031557,1.2728815586533822
70.0,78.0,153.1660919189453,-2.121447798556532,1.8336876551817392,-4.9380753146679925,-3.094233202647145,-3.0649950223856144,0.8354321701101891,-1.021508757068139,3.955010029302585,-0.4447028575291981,0.7080551592072115
70.0,78.0,148.9943389892578,-2.167356530646248,1.8652663051115688,-4.89347593332354,-3.094150363079272,-2.448564765456755,0.8236330935174692,-1.0361414333629724,3.949189928809486,-0.4522587159900649,1.3233284017686682
70.0,78.0,157.30677795410156,-2.162990173870915,1.7435576844406988,-4.906684219487809,-3.093292834462877,-3.0553041264270413,0.8378295331787847,-1.0168554836504242,3.121367949811789,-0.4530281572558794,0.7038908090851647
70.0,78.0,173.24264526367188,-2.9723143171659294,1.7467743343781554,-4.8583524109262815,-3.132584168219534,-3.071824124186589,0.826754586818778,-0.0913498623214759,4.733588269388097,-0.4036389269487243,0.6670874524596352
70.0,78.0,158.58740234375,-2.19743009848025,1.7549870770575804,-4.898472339029639,-3.032058110552738,-2.435447897929983,1.8156643454378143,-1.0749176924004848,3.9188793858058464,-0.4611947418582927,1.3724767532011335
70.0,78.0,152.54495239257812,-2.086832612940253,1.8064944060961536,-4.898320628368176,-3.093282331284326,-2.607247231069853,0.8639438196690439,-1.041520497359607,4.007325202202917,-0.4570420707428539,1.2979991742476558
70.0,78.0,175.5135955810547,-3.9090488953949887,1.7859067540409015,-4.947877033145323,-2.438215959708819,-3.083639817184455,0.8145819375545251,-0.9752124298710154,3.60916111720354,-0.4453514141807003,1.3071532897292408
70.0,78.0,169.61380004882812,-2.131030903144364,1.7799340653037556,-4.8948526473465925,-2.955645300552109,-3.126206753218884,0.7706131149166859,-1.0266908279200972,3.9006929056126336,-0.4154485525600125,0.7342923104951506
70.0,78.0,159.2979736328125,-1.9945350412863985,1.824678023539944,-4.902035856525711,-3.0917084676796307,-2.625646154291458,0.8120175794309271,-0.9907606726888484,3.9815628184099854,-0.4540345480830779,1.2910521185880492
70.0,78.0,168.62640380859375,-2.09565992958504,1.821398336797137,-4.88320202178986,-3.1302468720103755,-3.11032379218163,0.839100583793134,-1.031078167719383,4.025646976470819,-0.4167068400381631,0.7075424840846941
70.0,78.0,146.584716796875,-2.103115268970947,1.7773525520170366,-4.8991595252982325,-3.0347150506673737,-2.5711874065489764,0.8116258795517473,-1.035978714195854,3.971544582710554,-0.4467989748149475,1.6285298446205214
70.0,78.0,152.86680603027344,-2.0507059631710884,1.7673591714078931,-4.899733004755314,-3.0816628892556683,-3.068638544363294,0.8336847469482047,-1.0172520339674622,3.962125953203152,-0.452147481502814,0.7050980546705747
70.0,78.0,144.8328399658203,-2.125887625023052,1.772108043780913,-4.894429050856071,-3.0016699411971515,-2.537182168454329,0.8580550355501241,-1.0582945287836971,3.971476284477525,-0.4543547076459499,1.3318172140772568
70.0,78.0,157.47628784179688,-2.293004799491763,1.758846105190898,-4.902106237222362,-3.053408683396977,-2.4601111641422184,0.8086355900833122,-1.0263960346172134,3.581604668605264,-0.5060757372620084,1.33720201664983
70.0,78.0,155.38917541503906,-2.106011101066618,1.7568846313623323,-4.89888159774952,-3.08733424584246,-3.1035557753149847,0.8756624598537297,-1.0286728116128556,3.56225433086618,-0.4605761417817696,0.7013081579246323
70.0,78.0,150.86605834960938,-2.112016972675165,1.722253164073698,-4.888741568633118,-2.979873506748486,-2.5962601336085607,0.8149828191113487,-1.0362741504986,3.959120971312612,-0.4453575848282136,1.0329503922448942
70.0,78.0,195.22715759277344,-1.416831731333624,1.8545313378343875,-4.910833328583738,-2.932235655136307,-2.558365723067685,1.3538490140674868,-1.049787689812439,3.403383456815939,-1.1469262256330868,0.72574676321569
70.0,78.0,159.69412231445312,-2.21963507341297,1.850328278453232,-4.863205470948095,-3.7754689176902456,-3.045361023325458,0.837599674561319,-1.0212324909712558,3.56024233985072,-0.4482199517405474,0.7422656486335322
70.0,78.0,160.38934326171875,-2.1239526524329047,1.7532778008160277,-4.793683137872873,-2.992665936417859,-3.0883299703921034,0.7444479414625762,-1.0498487622640318,3.959048847339001,-0.7967959506285662,0.7170082799296202
70.0,78.0,167.33126831054688,-2.195243219696053,1.732912456716364,-4.952303408796997,-3.0404810004496574,-2.486837149312666,0.9725129987175968,-1.040432910076463,4.327298931424326,-0.5054700396972046,0.7183652077019171
70.0,78.0,155.30633544921875,-2.110355142561264,1.7355664246072802,-4.897661520156259,-3.0945963635771343,-3.0647722813398968,0.8256285834289196,-1.0204516952792135,4.389633871132414,-0.4667985076585941,0.7287559592886229
70.0,78.0,158.0673828125,-2.13478528945232,1.8441109636686763,-4.929363763692761,-3.1294766675918138,-3.0546509867568057,1.330469986782295,-1.0107985278553162,3.543151829295136,-0.4498499097984712,0.7093224768745058
70.0,78.0,169.85333251953125,-2.055711662093257,1.8659555659339937,-4.855652505076746,-3.0215693665045227,-2.546018628036218,0.8330939374040801,-1.0232626088218308,2.720657633219541,-0.463054370186035,0.7108280334905483
70.0,78.0,166.35174560546875,-2.1839826523029533,1.7317492785414006,-4.863157585567276,-3.029274897849917,-3.064382047472599,1.331655290503512,-1.1420135338704025,4.388284810045576,-0.4504803565165269,0.7005964702626328
70.0,78.0,165.263427734375,-2.025108824505472,1.819420873531608,-4.880777358367313,-3.048511178555349,-3.076473591889685,0.724041054625411,-1.045823708623605,4.79798916193166,-0.408550783489008,0.6991762171530035
70.0,78.0,152.64381408691406,-2.0901784363343694,1.7996446316242254,-4.899252706699094,-3.094029690512522,-3.0680854502609827,0.8332068551577954,-1.0239699127134063,3.974889820226194,-0.4553751126038328,0.7064393748489924
70.0,78.0,160.2692413330078,-1.055922459328694,1.7735920722761906,-4.937958133848109,-1.695201673496223,-3.064020344723154,0.8372423768827528,-1.0608401158966236,4.429729571994304,-0.4561175576200931,0.7202760905369371
70.0,79.0,157.60691833496094,-2.1221509371431435,1.8392303061078088,-4.902514539010984,-3.0864103908050646,-3.0538475418464337,0.8517324402109121,-1.0171489627324086,3.092931355225164,-0.4559853455206131,0.9824460715350812
70.0,79.0,161.15728759765625,-1.9534206856324816,1.7536378394229737,-4.890109816254475,-3.0956079319477503,-3.0662115030366284,0.8279698431872164,-1.019189610828445,4.304919778195342,-0.4515226464921155,0.7024576952550962
70.0,79.0,162.12002563476562,-2.064461842927496,1.7935466532309607,-4.901120978795082,-3.037351504864135,-2.9825109954659146,0.8614086155396931,-1.0144580723090246,3.120163282703889,-0.463391761074009,0.7101871668493809
70.0,79.0,181.9515686035156,-2.2277043639636447,1.7342346667889308,-4.854296223601225,-3.019100106172369,-2.529430561560363,1.5092678712008505,-1.059784848395945,4.049433379250709,-0.4409609355020575,1.2278527070108909
70.0,79.0,157.06150817871094,-2.1668333891262144,1.8050523153983689,-4.879919604388298,-3.0940140575821444,-3.067229156974224,0.851277483190287,-1.0255564109008373,4.019563202407274,-0.4600824396962098,0.6922493712776561
70.0,79.0,165.0949249267578,-2.1430933335971862,1.7468090118271338,-4.905180748907829,-3.046386210728684,-3.007232627062506,1.3738084906230097,-1.0119052884588242,2.78786993956882,-0.4453474930019477,0.7449628217751612
70.0,79.0,156.08035278320312,-2.1580996450789263,1.728328627406782,-4.879695436337815,-3.0850529772078543,-3.06587044186364,0.8359929899162684,-1.015638048938622,3.5437633377229565,-0.4462973345896071,0.7233871726910266
70.0,79.0,152.79067993164062,-2.093422370865988,1.7983879442835504,-4.8948872527118885,-3.0935374014388097,-3.065420797499045,0.8243284443811907,-1.029971861721276,3.953504968555522,-0.4515791902618848,0.730269155541836
70.0,79.0,158.5626678466797,-2.124110652210652,1.696449145759637,-4.898893832312946,-2.944986764558804,-2.585767734781218,0.7768585185595549,-1.048083879927987,3.9556064504048174,-0.4644413301880291,0.724317650307109
70.0,79.0,145.28721618652344,-2.142871296595978,1.7732580022956257,-4.899018863321921,-3.0102970103866458,-2.484744981000713,0.8504575319236967,-1.0543434547615145,3.981341440336221,-0.454616196017463,1.2971267125096628
70.0,79.0,169.08489990234375,-2.121440628074116,1.8391977466202043,-4.90633100960668,-3.191362431245664,-3.0587728131295138,0.8384745018189871,-1.039438854831888,4.036453083172007,-0.457183002900791,0.6903595963685812
70.0,79.0,173.5118408203125,-2.0964125734213392,1.8483531205215613,-4.880141972556976,-3.0712298585709146,-3.0680986733343247,1.3849083648103202,-1.020680349559957,3.7205536071077,-0.4536027326502243,0.6837668333969602
70.0,79.0,173.67227172851562,-2.1646056823246886,1.1567331807879595,-4.8105903676060136,-3.013613379534865,-2.583636882198834,0.835287605408539,-1.0938243602283872,4.033555325654239,-0.4065102878837661,1.3551329292515342
70.0,79.0,157.1793212890625,-2.17673112323086,1.7630889806315109,-4.947962877204266,-3.1028324367742366,-3.0636519528115214,0.8683887477877932,-1.019159302572574,3.972407963439197,-0.4467512917481424,0.6562931783266163
70.0,79.0,177.90628051757812,-0.9480992037287066,1.6698462529856726,-4.92126265432442,-3.066282443454009,-3.048841576344093,1.9184003846581128,-1.029547548154336,4.407033002134062,-0.5675828178794807,0.7291447687456702
70.0,79.0,160.54429626464844,-2.2543678807788816,1.7157488507740366,-4.902000133852793,-3.004492006463958,-3.1136684037877504,0.8751536889269794,-1.0728201270226148,3.999955681187629,-0.4570432725258403,1.281627989930176
70.0,79.0,151.11505126953125,-2.141922871684849,1.76284733145418,-4.948932470488158,-3.098069428985139,-2.495859677837108,0.8574922027994303,-1.0754162437453023,3.969849651307235,-0.4534398610246158,0.7098752707418358
70.0,79.0,160.43174743652344,-2.151459286441727,1.90423910518166,-4.8357974123900185,-3.0298650166629133,-3.0903990647852853,1.847914090673568,-1.0054713900790966,4.348106831105531,-0.4774927454416172,0.7122873759067002
70.0,79.0,160.01856994628906,-2.220169854322381,1.7733973193895476,-4.877059725003649,-3.0383700245191645,-3.032693759079466,0.8641455062900459,-1.053383293827007,3.117527630893025,-0.4452152258004726,0.7565709844852148
70.0,79.0,169.77284240722656,-1.8784279188672173,1.801260602993747,-4.903065384166411,-2.951799689035015,-3.096786340243257,-0.2866241683753663,-1.0398635407854897,3.959265746362577,-0.4564096799593146,0.7007790789825445
70.0,79.0,186.8330078125,-1.7853518205863237,1.7579008871512047,-4.88124284597318,-3.1163490117040347,-1.958458825305892,0.9908394891083412,-1.0498054040342644,3.0799726605986453,-0.854878327751711,1.0093736433700458
70.0,79.0,162.42245483398438,-2.276371482216354,1.8430791592060665,-4.9190204701254086,-2.982290361542568,-2.4737315590342943,0.256936230504504,-1.0477901106111365,3.976399032132635,-0.450679882479271,1.583588492787006
70.0,79.0,194.8916778564453,-2.049827407771498,1.718368103202781,-4.888665164641299,-3.854924386485969,-2.391728876499506,-0.2509762345972062,-1.0254218384807812,3.847822319421484,-1.4934398296031557,1.2728815586533822
70.0,79.0,153.1660919189453,-2.121447798556532,1.8336876551817392,-4.9380753146679925,-3.094233202647145,-3.0649950223856144,0.8354321701101891,-1.021508757068139,3.955010029302585,-0.4447028575291981,0.7080551592072115
70.0,79.0,148.9943389892578,-2.167356530646248,1.8652663051115688,-4.89347593332354,-3.094150363079272,-2.448564765456755,0.8236330935174692,-1.0361414333629724,3.949189928809486,-0.4522587159900649,1.3233284017686682
70.0,79.0,157.30677795410156,-2.162990173870915,1.7435576844406988,-4.906684219487809,-3.093292834462877,-3.0553041264270413,0.8378295331787847,-1.0168554836504242,3.121367949811789,-0.4530281572558794,0.7038908090851647
70.0,79.0,173.24264526367188,-2.9723143171659294,1.7467743343781554,-4.8583524109262815,-3.132584168219534,-3.071824124186589,0.826754586818778,-0.0913498623214759,4.733588269388097,-0.4036389269487243,0.6670874524596352
70.0,79.0,158.58740234375,-2.19743009848025,1.7549870770575804,-4.898472339029639,-3.032058110552738,-2.435447897929983,1.8156643454378143,-1.0749176924004848,3.9188793858058464,-0.4611947418582927,1.3724767532011335
70.0,79.0,152.54495239257812,-2.086832612940253,1.8064944060961536,-4.898320628368176,-3.093282331284326,-2.607247231069853,0.8639438196690439,-1.041520497359607,4.007325202202917,-0.4570420707428539,1.2979991742476558
70.0,79.0,175.5135955810547,-3.9090488953949887,1.7859067540409015,-4.947877033145323,-2.438215959708819,-3.083639817184455,0.8145819375545251,-0.9752124298710154,3.60916111720354,-0.4453514141807003,1.3071532897292408
70.0,79.0,169.61380004882812,-2.131030903144364,1.7799340653037556,-4.8948526473465925,-2.955645300552109,-3.126206753218884,0.7706131149166859,-1.0266908279200972,3.9006929056126336,-0.4154485525600125,0.7342923104951506
70.0,79.0,159.2979736328125,-1.9945350412863985,1.824678023539944,-4.902035856525711,-3.0917084676796307,-2.625646154291458,0.8120175794309271,-0.9907606726888484,3.9815628184099854,-0.4540345480830779,1.2910521185880492
70.0,79.0,168.62640380859375,-2.09565992958504,1.821398336797137,-4.88320202178986,-3.1302468720103755,-3.11032379218163,0.839100583793134,-1.031078167719383,4.025646976470819,-0.4167068400381631,0.7075424840846941
70.0,79.0,146.584716796875,-2.103115268970947,1.7773525520170366,-4.8991595252982325,-3.0347150506673737,-2.5711874065489764,0.8116258795517473,-1.035978714195854,3.971544582710554,-0.4467989748149475,1.6285298446205214
70.0,79.0,152.86680603027344,-2.0507059631710884,1.7673591714078931,-4.899733004755314,-3.0816628892556683,-3.068638544363294,0.8336847469482047,-1.0172520339674622,3.962125953203152,-0.452147481502814,0.7050980546705747
70.0,79.0,144.8328399658203,-2.125887625023052,1.772108043780913,-4.894429050856071,-3.0016699411971515,-2.537182168454329,0.8580550355501241,-1.0582945287836971,3.971476284477525,-0.4543547076459499,1.3318172140772568
70.0,79.0,157.47628784179688,-2.293004799491763,1.758846105190898,-4.902106237222362,-3.053408683396977,-2.4601111641422184,0.8086355900833122,-1.0263960346172134,3.581604668605264,-0.5060757372620084,1.33720201664983
70.0,79.0,155.38917541503906,-2.106011101066618,1.7568846313623323,-4.89888159774952,-3.08733424584246,-3.1035557753149847,0.8756624598537297,-1.0286728116128556,3.56225433086618,-0.4605761417817696,0.7013081579246323
70.0,79.0,150.86605834960938,-2.112016972675165,1.722253164073698,-4.888741568633118,-2.979873506748486,-2.5962601336085607,0.8149828191113487,-1.0362741504986,3.959120971312612,-0.4453575848282136,1.0329503922448942
70.0,79.0,195.22715759277344,-1.416831731333624,1.8545313378343875,-4.910833328583738,-2.932235655136307,-2.558365723067685,1.3538490140674868,-1.049787689812439,3.403383456815939,-1.1469262256330868,0.72574676321569
70.0,79.0,159.69412231445312,-2.21963507341297,1.850328278453232,-4.863205470948095,-3.7754689176902456,-3.045361023325458,0.837599674561319,-1.0212324909712558,3.56024233985072,-0.4482199517405474,0.7422656486335322
70.0,79.0,160.38934326171875,-2.1239526524329047,1.7532778008160277,-4.793683137872873,-2.992665936417859,-3.0883299703921034,0.7444479414625762,-1.0498487622640318,3.959048847339001,-0.7967959506285662,0.7170082799296202
70.0,79.0,167.33126831054688,-2.195243219696053,1.732912456716364,-4.952303408796997,-3.0404810004496574,-2.486837149312666,0.9725129987175968,-1.040432910076463,4.327298931424326,-0.5054700396972046,0.7183652077019171
70.0,79.0,155.30633544921875,-2.110355142561264,1.7355664246072802,-4.897661520156259,-3.0945963635771343,-3.0647722813398968,0.8256285834289196,-1.0204516952792135,4.389633871132414,-0.4667985076585941,0.7287559592886229
70.0,79.0,158.0673828125,-2.13478528945232,1.8441109636686763,-4.929363763692761,-3.1294766675918138,-3.0546509867568057,1.330469986782295,-1.0107985278553162,3.543151829295136,-0.4498499097984712,0.7093224768745058
70.0,79.0,169.85333251953125,-2.055711662093257,1.8659555659339937,-4.855652505076746,-3.0215693665045227,-2.546018628036218,0.8330939374040801,-1.0232626088218308,2.720657633219541,-0.463054370186035,0.7108280334905483
70.0,79.0,166.35174560546875,-2.1839826523029533,1.7317492785414006,-4.863157585567276,-3.029274897849917,-3.064382047472599,1.331655290503512,-1.1420135338704025,4.388284810045576,-0.4504803565165269,0.7005964702626328
70.0,79.0,165.263427734375,-2.025108824505472,1.819420873531608,-4.880777358367313,-3.048511178555349,-3.076473591889685,0.724041054625411,-1.045823708623605,4.79798916193166,-0.408550783489008,0.6991762171530035
70.0,79.0,152.64381408691406,-2.0901784363343694,1.7996446316242254,-4.899252706699094,-3.094029690512522,-3.0680854502609827,0.8332068551577954,-1.0239699127134063,3.974889820226194,-0.4553751126038328,0.7064393748489924
70.0,79.0,160.2692413330078,-1.055922459328694,1.7735920722761906,-4.937958133848109,-1.695201673496223,-3.064020344723154,0.8372423768827528,-1.0608401158966236,4.429729571994304,-0.4561175576200931,0.7202760905369371
70.0,80.0,157.60691833496094,-2.1221509371431435,1.8392303061078088,-4.902514539010984,-3.0864103908050646,-3.0538475418464337,0.8517324402109121,-1.0171489627324086,3.092931355225164,-0.4559853455206131,0.9824460715350812
70.0,80.0,161.15728759765625,-1.9534206856324816,1.7536378394229737,-4.890109816254475,-3.0956079319477503,-3.0662115030366284,0.8279698431872164,-1.019189610828445,4.304919778195342,-0.4515226464921155,0.7024576952550962
70.0,80.0,162.12002563476562,-2.064461842927496,1.7935466532309607,-4.901120978795082,-3.037351504864135,-2.9825109954659146,0.8614086155396931,-1.0144580723090246,3.120163282703889,-0.463391761074009,0.7101871668493809
70.0,80.0,180.6221923828125,-1.956465852857665,1.8893005223086927,-4.902637567837167,-3.035183369116704,-2.509961593731936,0.2487242061576917,-1.0626274313558055,4.085600996587232,-0.4619481940285625,1.2462461532095843
70.0,80.0,157.06150817871094,-2.1668333891262144,1.8050523153983689,-4.879919604388298,-3.0940140575821444,-3.067229156974224,0.851277483190287,-1.0255564109008373,4.019563202407274,-0.4600824396962098,0.6922493712776561
70.0,80.0,165.0949249267578,-2.1430933335971862,1.7468090118271338,-4.905180748907829,-3.046386210728684,-3.007232627062506,1.3738084906230097,-1.0119052884588242,2.78786993956882,-0.4453474930019477,0.7449628217751612
70.0,80.0,156.08035278320312,-2.1580996450789263,1.728328627406782,-4.879695436337815,-3.0850529772078543,-3.06587044186364,0.8359929899162684,-1.015638048938622,3.5437633377229565,-0.4462973345896071,0.7233871726910266
70.0,80.0,152.79067993164062,-2.093422370865988,1.7983879442835504,-4.8948872527118885,-3.0935374014388097,-3.065420797499045,0.8243284443811907,-1.029971861721276,3.953504968555522,-0.4515791902618848,0.730269155541836
70.0,80.0,158.5626678466797,-2.124110652210652,1.696449145759637,-4.898893832312946,-2.944986764558804,-2.585767734781218,0.7768585185595549,-1.048083879927987,3.9556064504048174,-0.4644413301880291,0.724317650307109
70.0,80.0,144.51522827148438,-2.144060832172081,1.7712082088934298,-4.893380504118484,-3.0007987864272687,-2.5196624767480027,0.8553075888356051,-1.0554020652660234,3.9726098019486233,-0.4544083046604929,1.3349029804223744
70.0,80.0,169.08489990234375,-2.121440628074116,1.8391977466202043,-4.90633100960668,-3.191362431245664,-3.0587728131295138,0.8384745018189871,-1.039438854831888,4.036453083172007,-0.457183002900791,0.6903595963685812
70.0,80.0,173.5118408203125,-2.0964125734213392,1.8483531205215613,-4.880141972556976,-3.0712298585709146,-3.0680986733343247,1.3849083648103202,-1.020680349559957,3.7205536071077,-0.4536027326502243,0.6837668333969602
70.0,80.0,173.67227172851562,-2.1646056823246886,1.1567331807879595,-4.8105903676060136,-3.013613379534865,-2.583636882198834,0.835287605408539,-1.0938243602283872,4.033555325654239,-0.4065102878837661,1.3551329292515342
70.0,80.0,157.1793212890625,-2.17673112323086,1.7630889806315109,-4.947962877204266,-3.1028324367742366,-3.0636519528115214,0.8683887477877932,-1.019159302572574,3.972407963439197,-0.4467512917481424,0.6562931783266163
70.0,80.0,177.90628051757812,-0.9480992037287066,1.6698462529856726,-4.92126265432442,-3.066282443454009,-3.048841576344093,1.9184003846581128,-1.029547548154336,4.407033002134062,-0.5675828178794807,0.7291447687456702
70.0,80.0,160.54429626464844,-2.2543678807788816,1.7157488507740366,-4.902000133852793,-3.004492006463958,-3.1136684037877504,0.8751536889269794,-1.0728201270226148,3.999955681187629,-0.4570432725258403,1.281627989930176
70.0,80.0,151.11505126953125,-2.141922871684849,1.76284733145418,-4.948932470488158,-3.098069428985139,-2.495859677837108,0.8574922027994303,-1.0754162437453023,3.969849651307235,-0.4534398610246158,0.7098752707418358
70.0,80.0,160.43174743652344,-2.151459286441727,1.90423910518166,-4.8357974123900185,-3.0298650166629133,-3.0903990647852853,1.847914090673568,-1.0054713900790966,4.348106831105531,-0.4774927454416172,0.7122873759067002
70.0,80.0,160.01856994628906,-2.220169854322381,1.7733973193895476,-4.877059725003649,-3.0383700245191645,-3.032693759079466,0.8641455062900459,-1.053383293827007,3.117527630893025,-0.4452152258004726,0.7565709844852148
70.0,80.0,169.77284240722656,-1.8784279188672173,1.801260602993747,-4.903065384166411,-2.951799689035015,-3.096786340243257,-0.2866241683753663,-1.0398635407854897,3.959265746362577,-0.4564096799593146,0.7007790789825445
70.0,80.0,186.8330078125,-1.7853518205863237,1.7579008871512047,-4.88124284597318,-3.1163490117040347,-1.958458825305892,0.9908394891083412,-1.0498054040342644,3.0799726605986453,-0.854878327751711,1.0093736433700458
70.0,80.0,162.42245483398438,-2.276371482216354,1.8430791592060665,-4.9190204701254086,-2.982290361542568,-2.4737315590342943,0.256936230504504,-1.0477901106111365,3.976399032132635,-0.450679882479271,1.583588492787006
70.0,80.0,194.8916778564453,-2.049827407771498,1.718368103202781,-4.888665164641299,-3.854924386485969,-2.391728876499506,-0.2509762345972062,-1.0254218384807812,3.847822319421484,-1.4934398296031557,1.2728815586533822
70.0,80.0,153.1660919189453,-2.121447798556532,1.8336876551817392,-4.9380753146679925,-3.094233202647145,-3.0649950223856144,0.8354321701101891,-1.021508757068139,3.955010029302585,-0.4447028575291981,0.7080551592072115
70.0,80.0,148.9943389892578,-2.167356530646248,1.8652663051115688,-4.89347593332354,-3.094150363079272,-2.448564765456755,0.8236330935174692,-1.0361414333629724,3.949189928809486,-0.4522587159900649,1.3233284017686682
70.0,80.0,157.2208251953125,-2.078902390364004,1.8054088290613584,-4.905215733128651,-3.0228964371605542,-2.4163427433169247,0.8474427340628556,-1.0679686863357087,2.812068160781544,-0.4536887736771893,1.333946024813891
70.0,80.0,173.24264526367188,-2.9723143171659294,1.7467743343781554,-4.8583524109262815,-3.132584168219534,-3.071824124186589,0.826754586818778,-0.0913498623214759,4.733588269388097,-0.4036389269487243,0.6670874524596352
70.0,80.0,158.58740234375,-2.19743009848025,1.7549870770575804,-4.898472339029639,-3.032058110552738,-2.435447897929983,1.8156643454378143,-1.0749176924004848,3.9188793858058464,-0.4611947418582927,1.3724767532011335
70.0,80.0,152.54495239257812,-2.086832612940253,1.8064944060961536,-4.898320628368176,-3.093282331284326,-2.607247231069853,0.8639438196690439,-1.041520497359607,4.007325202202917,-0.4570420707428539,1.2979991742476558
70.0,80.0,175.5135955810547,-3.9090488953949887,1.7859067540409015,-4.947877033145323,-2.438215959708819,-3.083639817184455,0.8145819375545251,-0.9752124298710154,3.60916111720354,-0.4453514141807003,1.3071532897292408
70.0,80.0,169.61380004882812,-2.131030903144364,1.7799340653037556,-4.8948526473465925,-2.955645300552109,-3.126206753218884,0.7706131149166859,-1.0266908279200972,3.9006929056126336,-0.4154485525600125,0.7342923104951506
70.0,80.0,159.2979736328125,-1.9945350412863985,1.824678023539944,-4.902035856525711,-3.0917084676796307,-2.625646154291458,0.8120175794309271,-0.9907606726888484,3.9815628184099854,-0.4540345480830779,1.2910521185880492
70.0,80.0,168.62640380859375,-2.09565992958504,1.821398336797137,-4.88320202178986,-3.1302468720103755,-3.11032379218163,0.839100583793134,-1.031078167719383,4.025646976470819,-0.4167068400381631,0.7075424840846941
70.0,80.0,146.584716796875,-2.103115268970947,1.7773525520170366,-4.8991595252982325,-3.0347150506673737,-2.5711874065489764,0.8116258795517473,-1.035978714195854,3.971544582710554,-0.4467989748149475,1.6285298446205214
70.0,80.0,152.86680603027344,-2.0507059631710884,1.7673591714078931,-4.899733004755314,-3.0816628892556683,-3.068638544363294,0.8336847469482047,-1.0172520339674622,3.962125953203152,-0.452147481502814,0.7050980546705747
70.0,80.0,144.8328399658203,-2.125887625023052,1.772108043780913,-4.894429050856071,-3.0016699411971515,-2.537182168454329,0.8580550355501241,-1.0582945287836971,3.971476284477525,-0.4543547076459499,1.3318172140772568
70.0,80.0,157.47628784179688,-2.293004799491763,1.758846105190898,-4.902106237222362,-3.053408683396977,-2.4601111641422184,0.8086355900833122,-1.0263960346172134,3.581604668605264,-0.5060757372620084,1.33720201664983
70.0,80.0,155.38917541503906,-2.106011101066618,1.7568846313623323,-4.89888159774952,-3.08733424584246,-3.1035557753149847,0.8756624598537297,-1.0286728116128556,3.56225433086618,-0.4605761417817696,0.7013081579246323
70.0,80.0,150.86605834960938,-2.112016972675165,1.722253164073698,-4.888741568633118,-2.979873506748486,-2.5962601336085607,0.8149828191113487,-1.0362741504986,3.959120971312612,-0.4453575848282136,1.0329503922448942
70.0,80.0,195.22715759277344,-1.416831731333624,1.8545313378343875,-4.910833328583738,-2.932235655136307,-2.558365723067685,1.3538490140674868,-1.049787689812439,3.403383456815939,-1.1469262256330868,0.72574676321569
70.0,80.0,159.69412231445312,-2.21963507341297,1.850328278453232,-4.863205470948095,-3.7754689176902456,-3.045361023325458,0.837599674561319,-1.0212324909712558,3.56024233985072,-0.4482199517405474,0.7422656486335322
70.0,80.0,160.38934326171875,-2.1239526524329047,1.7532778008160277,-4.793683137872873,-2.992665936417859,-3.0883299703921034,0.7444479414625762,-1.0498487622640318,3.959048847339001,-0.7967959506285662,0.7170082799296202
70.0,80.0,167.33126831054688,-2.195243219696053,1.732912456716364,-4.952303408796997,-3.0404810004496574,-2.486837149312666,0.9725129987175968,-1.040432910076463,4.327298931424326,-0.5054700396972046,0.7183652077019171
70.0,80.0,155.30633544921875,-2.110355142561264,1.7355664246072802,-4.897661520156259,-3.0945963635771343,-3.0647722813398968,0.8256285834289196,-1.0204516952792135,4.389633871132414,-0.4667985076585941,0.7287559592886229
70.0,80.0,158.0673828125,-2.13478528945232,1.8441109636686763,-4.929363763692761,-3.1294766675918138,-3.0546509867568057,1.330469986782295,-1.0107985278553162,3.543151829295136,-0.4498499097984712,0.7093224768745058
70.0,80.0,169.85333251953125,-2.055711662093257,1.8659555659339937,-4.855652505076746,-3.0215693665045227,-2.546018628036218,0.8330939374040801,-1.0232626088218308,2.720657633219541,-0.463054370186035,0.7108280334905483
70.0,80.0,166.35174560546875,-2.1839826523029533,1.7317492785414006,-4.863157585567276,-3.029274897849917,-3.064382047472599,1.331655290503512,-1.1420135338704025,4.388284810045576,-0.4504803565165269,0.7005964702626328
70.0,80.0,165.263427734375,-2.025108824505472,1.819420873531608,-4.880777358367313,-3.048511178555349,-3.076473591889685,0.724041054625411,-1.045823708623605,4.79798916193166,-0.408550783489008,0.6991762171530035
70.0,80.0,152.64381408691406,-2.0901784363343694,1.7996446316242254,-4.899252706699094,-3.094029690512522,-3.0680854502609827,0.8332068551577954,-1.0239699127134063,3.974889820226194,-0.4553751126038328,0.7064393748489924
70.0,80.0,160.2692413330078,-1.055922459328694,1.7735920722761906,-4.937958133848109,-1.695201673496223,-3.064020344723154,0.8372423768827528,-1.0608401158966236,4.429729571994304,-0.4561175576200931,0.7202760905369371
70.0,81.0,157.60691833496094,-2.1221509371431435,1.8392303061078088,-4.902514539010984,-3.0864103908050646,-3.0538475418464337,0.8517324402109121,-1.0171489627324086,3.092931355225164,-0.4559853455206131,0.9824460715350812
70.0,81.0,161.15728759765625,-1.9534206856324816,1.7536378394229737,-4.890109816254475,-3.0956079319477503,-3.0662115030366284,0.8279698431872164,-1.019189610828445,4.304919778195342,-0.4515226464921155,0.7024576952550962
70.0,81.0,162.12002563476562,-2.064461842927496,1.7935466532309607,-4.901120978795082,-3.037351504864135,-2.9825109954659146,0.8614086155396931,-1.0144580723090246,3.120163282703889,-0.463391761074009,0.7101871668493809
70.0,81.0,166.89797973632812,-2.048815274336256,1.8507800583499487,-4.914685731882032,-3.0304173538806127,-2.503344620793112,-0.1590090840183868,-1.0555849191379767,4.000450250743112,-0.4680466941412674,1.2566907696037166
70.0,81.0,157.06150817871094,-2.1668333891262144,1.8050523153983689,-4.879919604388298,-3.0940140575821444,-3.067229156974224,0.851277483190287,-1.0255564109008373,4.019563202407274,-0.4600824396962098,0.6922493712776561
70.0,81.0,165.0949249267578,-2.1430933335971862,1.7468090118271338,-4.905180748907829,-3.046386210728684,-3.007232627062506,1.3738084906230097,-1.0119052884588242,2.78786993956882,-0.4453474930019477,0.7449628217751612
70.0,81.0,156.08035278320312,-2.1580996450789263,1.728328627406782,-4.879695436337815,-3.0850529772078543,-3.06587044186364,0.8359929899162684,-1.015638048938622,3.5437633377229565,-0.4462973345896071,0.7233871726910266
70.0,81.0,152.79067993164062,-2.093422370865988,1.7983879442835504,-4.8948872527118885,-3.0935374014388097,-3.065420797499045,0.8243284443811907,-1.029971861721276,3.953504968555522,-0.4515791902618848,0.730269155541836
70.0,81.0,158.5626678466797,-2.124110652210652,1.696449145759637,-4.898893832312946,-2.944986764558804,-2.585767734781218,0.7768585185595549,-1.048083879927987,3.9556064504048174,-0.4644413301880291,0.724317650307109
70.0,81.0,144.51522827148438,-2.144060832172081,1.7712082088934298,-4.893380504118484,-3.0007987864272687,-2.5196624767480027,0.8553075888356051,-1.0554020652660234,3.9726098019486233,-0.4544083046604929,1.3349029804223744
70.0,81.0,169.08489990234375,-2.121440628074116,1.8391977466202043,-4.90633100960668,-3.191362431245664,-3.0587728131295138,0.8384745018189871,-1.039438854831888,4.036453083172007,-0.457183002900791,0.6903595963685812
70.0,81.0,170.2739715576172,-2.1836136193466085,1.860432543569419,-4.882111739518141,-3.052913381219876,-2.5718144574025823,1.2070241509447737,-1.0301279964426735,3.875874681406751,-0.4532490226158499,0.6910742995879637
70.0,81.0,173.67227172851562,-2.1646056823246886,1.1567331807879595,-4.8105903676060136,-3.013613379534865,-2.583636882198834,0.835287605408539,-1.0938243602283872,4.033555325654239,-0.4065102878837661,1.3551329292515342
70.0,81.0,157.1793212890625,-2.17673112323086,1.7630889806315109,-4.947962877204266,-3.1028324367742366,-3.0636519528115214,0.8683887477877932,-1.019159302572574,3.972407963439197,-0.4467512917481424,0.6562931783266163
70.0,81.0,177.90628051757812,-0.9480992037287066,1.6698462529856726,-4.92126265432442,-3.066282443454009,-3.048841576344093,1.9184003846581128,-1.029547548154336,4.407033002134062,-0.5675828178794807,0.7291447687456702
70.0,81.0,160.54429626464844,-2.2543678807788816,1.7157488507740366,-4.902000133852793,-3.004492006463958,-3.1136684037877504,0.8751536889269794,-1.0728201270226148,3.999955681187629,-0.4570432725258403,1.281627989930176
70.0,81.0,151.11505126953125,-2.141922871684849,1.76284733145418,-4.948932470488158,-3.098069428985139,-2.495859677837108,0.8574922027994303,-1.0754162437453023,3.969849651307235,-0.4534398610246158,0.7098752707418358
70.0,81.0,160.43174743652344,-2.151459286441727,1.90423910518166,-4.8357974123900185,-3.0298650166629133,-3.0903990647852853,1.847914090673568,-1.0054713900790966,4.348106831105531,-0.4774927454416172,0.7122873759067002
70.0,81.0,160.01856994628906,-2.220169854322381,1.7733973193895476,-4.877059725003649,-3.0383700245191645,-3.032693759079466,0.8641455062900459,-1.053383293827007,3.117527630893025,-0.4452152258004726,0.7565709844852148
70.0,81.0,164.3545379638672,-1.9701342925239496,1.8070678766660897,-4.8871891824939,-3.09103336253199,-2.6608028428642565,1.3844508625882697,-1.0139624968587206,3.966728059489011,-0.4537134741471785,1.065169154753908
70.0,81.0,186.8330078125,-1.7853518205863237,1.7579008871512047,-4.88124284597318,-3.1163490117040347,-1.958458825305892,0.9908394891083412,-1.0498054040342644,3.0799726605986453,-0.854878327751711,1.0093736433700458
70.0,81.0,162.42245483398438,-2.276371482216354,1.8430791592060665,-4.9190204701254086,-2.982290361542568,-2.4737315590342943,0.256936230504504,-1.0477901106111365,3.976399032132635,-0.450679882479271,1.583588492787006
70.0,81.0,194.8916778564453,-2.049827407771498,1.718368103202781,-4.888665164641299,-3.854924386485969,-2.391728876499506,-0.2509762345972062,-1.0254218384807812,3.847822319421484,-1.4934398296031557,1.2728815586533822
70.0,81.0,153.1660919189453,-2.121447798556532,1.8336876551817392,-4.9380753146679925,-3.094233202647145,-3.0649950223856144,0.8354321701101891,-1.021508757068139,3.955010029302585,-0.4447028575291981,0.7080551592072115
70.0,81.0,148.9943389892578,-2.167356530646248,1.8652663051115688,-4.89347593332354,-3.094150363079272,-2.448564765456755,0.8236330935174692,-1.0361414333629724,3.949189928809486,-0.4522587159900649,1.3233284017686682
70.0,81.0,157.2208251953125,-2.078902390364004,1.8054088290613584,-4.905215733128651,-3.0228964371605542,-2.4163427433169247,0.8474427340628556,-1.0679686863357087,2.812068160781544,-0.4536887736771893,1.333946024813891
70.0,81.0,173.24264526367188,-2.9723143171659294,1.7467743343781554,-4.8583524109262815,-3.132584168219534,-3.071824124186589,0.826754586818778,-0.0913498623214759,4.733588269388097,-0.4036389269487243,0.6670874524596352
70.0,81.0,158.58740234375,-2.19743009848025,1.7549870770575804,-4.898472339029639,-3.032058110552738,-2.435447897929983,1.8156643454378143,-1.0749176924004848,3.9188793858058464,-0.4611947418582927,1.3724767532011335
70.0,81.0,149.23629760742188,-2.0927953771682195,1.7632763861135543,-4.893426603924652,-3.043023090447189,-2.48749808114289,0.8704611766927048,-1.0598363598583695,3.934850744609488,-0.4859866471087131,1.3009011736283314
70.0,81.0,175.5135955810547,-3.9090488953949887,1.7859067540409015,-4.947877033145323,-2.438215959708819,-3.083639817184455,0.8145819375545251,-0.9752124298710154,3.60916111720354,-0.4453514141807003,1.3071532897292408
70.0,81.0,161.4113006591797,-2.172676360606893,1.7635506875085185,-4.892228017163345,-3.026597603099842,-2.444066448884473,0.793932859091983,-1.0728000933362756,3.9542344060012935,-0.4021210027279306,0.6468136207301118
70.0,81.0,159.2979736328125,-1.9945350412863985,1.824678023539944,-4.902035856525711,-3.0917084676796307,-2.625646154291458,0.8120175794309271,-0.9907606726888484,3.9815628184099854,-0.4540345480830779,1.2910521185880492
70.0,81.0,168.62640380859375,-2.09565992958504,1.821398336797137,-4.88320202178986,-3.1302468720103755,-3.11032379218163,0.839100583793134,-1.031078167719383,4.025646976470819,-0.4167068400381631,0.7075424840846941
70.0,81.0,146.584716796875,-2.103115268970947,1.7773525520170366,-4.8991595252982325,-3.0347150506673737,-2.5711874065489764,0.8116258795517473,-1.035978714195854,3.971544582710554,-0.4467989748149475,1.6285298446205214
70.0,81.0,152.86680603027344,-2.0507059631710884,1.7673591714078931,-4.899733004755314,-3.0816628892556683,-3.068638544363294,0.8336847469482047,-1.0172520339674622,3.962125953203152,-0.452147481502814,0.7050980546705747
70.0,81.0,144.8328399658203,-2.125887625023052,1.772108043780913,-4.894429050856071,-3.0016699411971515,-2.537182168454329,0.8580550355501241,-1.0582945287836971,3.971476284477525,-0.4543547076459499,1.3318172140772568
70.0,81.0,157.47628784179688,-2.293004799491763,1.758846105190898,-4.902106237222362,-3.053408683396977,-2.4601111641422184,0.8086355900833122,-1.0263960346172134,3.581604668605264,-0.5060757372620084,1.33720201664983
70.0,81.0,155.38917541503906,-2.106011101066618,1.7568846313623323,-4.89888159774952,-3.08733424584246,-3.1035557753149847,0.8756624598537297,-1.0286728116128556,3.56225433086618,-0.4605761417817696,0.7013081579246323
70.0,81.0,150.86605834960938,-2.112016972675165,1.722253164073698,-4.888741568633118,-2.979873506748486,-2.5962601336085607,0.8149828191113487,-1.0362741504986,3.959120971312612,-0.4453575848282136,1.0329503922448942
70.0,81.0,195.22715759277344,-1.416831731333624,1.8545313378343875,-4.910833328583738,-2.932235655136307,-2.558365723067685,1.3538490140674868,-1.049787689812439,3.403383456815939,-1.1469262256330868,0.72574676321569
70.0,81.0,159.69412231445312,-2.21963507341297,1.850328278453232,-4.863205470948095,-3.7754689176902456,-3.045361023325458,0.837599674561319,-1.0212324909712558,3.56024233985072,-0.4482199517405474,0.7422656486335322
70.0,81.0,160.38934326171875,-2.1239526524329047,1.7532778008160277,-4.793683137872873,-2.992665936417859,-3.0883299703921034,0.7444479414625762,-1.0498487622640318,3.959048847339001,-0.7967959506285662,0.7170082799296202
70.0,81.0,167.33126831054688,-2.195243219696053,1.732912456716364,-4.952303408796997,-3.0404810004496574,-2.486837149312666,0.9725129987175968,-1.040432910076463,4.327298931424326,-0.5054700396972046,0.7183652077019171
70.0,81.0,155.30633544921875,-2.110355142561264,1.7355664246072802,-4.897661520156259,-3.0945963635771343,-3.0647722813398968,0.8256285834289196,-1.0204516952792135,4.389633871132414,-0.4667985076585941,0.7287559592886229
70.0,81.0,158.0673828125,-2.13478528945232,1.8441109636686763,-4.929363763692761,-3.1294766675918138,-3.0546509867568057,1.330469986782295,-1.0107985278553162,3.543151829295136,-0.4498499097984712,0.7093224768745058
70.0,81.0,169.85333251953125,-2.055711662093257,1.8659555659339937,-4.855652505076746,-3.0215693665045227,-2.546018628036218,0.8330939374040801,-1.0232626088218308,2.720657633219541,-0.463054370186035,0.7108280334905483
70.0,81.0,166.35174560546875,-2.1839826523029533,1.7317492785414006,-4.863157585567276,-3.029274897849917,-3.064382047472599,1.331655290503512,-1.1420135338704025,4.388284810045576,-0.4504803565165269,0.7005964702626328
70.0,81.0,165.263427734375,-2.025108824505472,1.819420873531608,-4.880777358367313,-3.048511178555349,-3.076473591889685,0.724041054625411,-1.045823708623605,4.79798916193166,-0.408550783489008,0.6991762171530035
70.0,81.0,152.64381408691406,-2.0901784363343694,1.7996446316242254,-4.899252706699094,-3.094029690512522,-3.0680854502609827,0.8332068551577954,-1.0239699127134063,3.974889820226194,-0.4553751126038328,0.7064393748489924
70.0,81.0,160.2692413330078,-1.055922459328694,1.7735920722761906,-4.937958133848109,-1.695201673496223,-3.064020344723154,0.8372423768827528,-1.0608401158966236,4.429729571994304,-0.4561175576200931,0.7202760905369371
70.0,82.0,157.60691833496094,-2.1221509371431435,1.8392303061078088,-4.902514539010984,-3.0864103908050646,-3.0538475418464337,0.8517324402109121,-1.0171489627324086,3.092931355225164,-0.4559853455206131,0.9824460715350812
70.0,82.0,161.15728759765625,-1.9534206856324816,1.7536378394229737,-4.890109816254475,-3.0956079319477503,-3.0662115030366284,0.8279698431872164,-1.019189610828445,4.304919778195342,-0.4515226464921155,0.7024576952550962
70.0,82.0,162.12002563476562,-2.064461842927496,1.7935466532309607,-4.901120978795082,-3.037351504864135,-2.9825109954659146,0.8614086155396931,-1.0144580723090246,3.120163282703889,-0.463391761074009,0.7101871668493809
70.0,82.0,166.89797973632812,-2.048815274336256,1.8507800583499487,-4.914685731882032,-3.0304173538806127,-2.503344620793112,-0.1590090840183868,-1.0555849191379767,4.000450250743112,-0.4680466941412674,1.2566907696037166
70.0,82.0,157.06150817871094,-2.1668333891262144,1.8050523153983689,-4.879919604388298,-3.0940140575821444,-3.067229156974224,0.851277483190287,-1.0255564109008373,4.019563202407274,-0.4600824396962098,0.6922493712776561
70.0,82.0,165.0949249267578,-2.1430933335971862,1.7468090118271338,-4.905180748907829,-3.046386210728684,-3.007232627062506,1.3738084906230097,-1.0119052884588242,2.78786993956882,-0.4453474930019477,0.7449628217751612
70.0,82.0,156.08035278320312,-2.1580996450789263,1.728328627406782,-4.879695436337815,-3.0850529772078543,-3.06587044186364,0.8359929899162684,-1.015638048938622,3.5437633377229565,-0.4462973345896071,0.7233871726910266
70.0,82.0,152.79067993164062,-2.093422370865988,1.7983879442835504,-4.8948872527118885,-3.0935374014388097,-3.065420797499045,0.8243284443811907,-1.029971861721276,3.953504968555522,-0.4515791902618848,0.730269155541836
70.0,82.0,148.01747131347656,-2.13643179196899,1.7860255328039587,-4.9000803762739205,-2.9884968552749007,-2.486438005198867,0.8637225529163732,-1.0477435457522837,3.961003119732546,-0.4550943496577187,1.5944652209362546
70.0,82.0,144.51522827148438,-2.144060832172081,1.7712082088934298,-4.893380504118484,-3.0007987864272687,-2.5196624767480027,0.8553075888356051,-1.0554020652660234,3.9726098019486233,-0.4544083046604929,1.3349029804223744
70.0,82.0,156.44171142578125,-2.1231105778624086,1.6969018088533865,-4.895219297657288,-3.027560961825183,-2.512576511538385,0.9097229783317364,-1.0294255791343536,3.893192140458407,-0.4565115045049354,1.6170039245337786
70.0,82.0,170.2739715576172,-2.1836136193466085,1.860432543569419,-4.882111739518141,-3.052913381219876,-2.5718144574025823,1.2070241509447737,-1.0301279964426735,3.875874681406751,-0.4532490226158499,0.6910742995879637
70.0,82.0,173.67227172851562,-2.1646056823246886,1.1567331807879595,-4.8105903676060136,-3.013613379534865,-2.583636882198834,0.835287605408539,-1.0938243602283872,4.033555325654239,-0.4065102878837661,1.3551329292515342
70.0,82.0,157.1793212890625,-2.17673112323086,1.7630889806315109,-4.947962877204266,-3.1028324367742366,-3.0636519528115214,0.8683887477877932,-1.019159302572574,3.972407963439197,-0.4467512917481424,0.6562931783266163
70.0,82.0,177.90628051757812,-0.9480992037287066,1.6698462529856726,-4.92126265432442,-3.066282443454009,-3.048841576344093,1.9184003846581128,-1.029547548154336,4.407033002134062,-0.5675828178794807,0.7291447687456702
70.0,82.0,160.54429626464844,-2.2543678807788816,1.7157488507740366,-4.902000133852793,-3.004492006463958,-3.1136684037877504,0.8751536889269794,-1.0728201270226148,3.999955681187629,-0.4570432725258403,1.281627989930176
70.0,82.0,151.11505126953125,-2.141922871684849,1.76284733145418,-4.948932470488158,-3.098069428985139,-2.495859677837108,0.8574922027994303,-1.0754162437453023,3.969849651307235,-0.4534398610246158,0.7098752707418358
70.0,82.0,160.43174743652344,-2.151459286441727,1.90423910518166,-4.8357974123900185,-3.0298650166629133,-3.0903990647852853,1.847914090673568,-1.0054713900790966,4.348106831105531,-0.4774927454416172,0.7122873759067002
70.0,82.0,160.01856994628906,-2.220169854322381,1.7733973193895476,-4.877059725003649,-3.0383700245191645,-3.032693759079466,0.8641455062900459,-1.053383293827007,3.117527630893025,-0.4452152258004726,0.7565709844852148
70.0,82.0,164.3545379638672,-1.9701342925239496,1.8070678766660897,-4.8871891824939,-3.09103336253199,-2.6608028428642565,1.3844508625882697,-1.0139624968587206,3.966728059489011,-0.4537134741471785,1.065169154753908
70.0,82.0,186.8330078125,-1.7853518205863237,1.7579008871512047,-4.88124284597318,-3.1163490117040347,-1.958458825305892,0.9908394891083412,-1.0498054040342644,3.0799726605986453,-0.854878327751711,1.0093736433700458
70.0,82.0,162.42245483398438,-2.276371482216354,1.8430791592060665,-4.9190204701254086,-2.982290361542568,-2.4737315590342943,0.256936230504504,-1.0477901106111365,3.976399032132635,-0.450679882479271,1.583588492787006
70.0,82.0,194.8916778564453,-2.049827407771498,1.718368103202781,-4.888665164641299,-3.854924386485969,-2.391728876499506,-0.2509762345972062,-1.0254218384807812,3.847822319421484,-1.4934398296031557,1.2728815586533822
70.0,82.0,153.1660919189453,-2.121447798556532,1.8336876551817392,-4.9380753146679925,-3.094233202647145,-3.0649950223856144,0.8354321701101891,-1.021508757068139,3.955010029302585,-0.4447028575291981,0.7080551592072115
70.0,82.0,148.9943389892578,-2.167356530646248,1.8652663051115688,-4.89347593332354,-3.094150363079272,-2.448564765456755,0.8236330935174692,-1.0361414333629724,3.949189928809486,-0.4522587159900649,1.3233284017686682
70.0,82.0,157.2208251953125,-2.078902390364004,1.8054088290613584,-4.905215733128651,-3.0228964371605542,-2.4163427433169247,0.8474427340628556,-1.0679686863357087,2.812068160781544,-0.4536887736771893,1.333946024813891
70.0,82.0,173.24264526367188,-2.9723143171659294,1.7467743343781554,-4.8583524109262815,-3.132584168219534,-3.071824124186589,0.826754586818778,-0.0913498623214759,4.733588269388097,-0.4036389269487243,0.6670874524596352
70.0,82.0,158.58740234375,-2.19743009848025,1.7549870770575804,-4.898472339029639,-3.032058110552738,-2.435447897929983,1.8156643454378143,-1.0749176924004848,3.9188793858058464,-0.4611947418582927,1.3724767532011335
70.0,82.0,149.23629760742188,-2.0927953771682195,1.7632763861135543,-4.893426603924652,-3.043023090447189,-2.48749808114289,0.8704611766927048,-1.0598363598583695,3.934850744609488,-0.4859866471087131,1.3009011736283314
70.0,82.0,175.5135955810547,-3.9090488953949887,1.7859067540409015,-4.947877033145323,-2.438215959708819,-3.083639817184455,0.8145819375545251,-0.9752124298710154,3.60916111720354,-0.4453514141807003,1.3071532897292408
70.0,82.0,161.4113006591797,-2.172676360606893,1.7635506875085185,-4.892228017163345,-3.026597603099842,-2.444066448884473,0.793932859091983,-1.0728000933362756,3.9542344060012935,-0.4021210027279306,0.6468136207301118
70.0,82.0,159.2979736328125,-1.9945350412863985,1.824678023539944,-4.902035856525711,-3.0917084676796307,-2.625646154291458,0.8120175794309271,-0.9907606726888484,3.9815628184099854,-0.4540345480830779,1.2910521185880492
70.0,82.0,163.6135711669922,-2.076892552782193,1.833096059109261,-4.887795476568548,-3.18470367408577,-2.4169573525694608,0.8317295027868403,-1.0145759126695362,3.995879628567279,-0.4743846797638456,1.6229718242090048
70.0,82.0,146.584716796875,-2.103115268970947,1.7773525520170366,-4.8991595252982325,-3.0347150506673737,-2.5711874065489764,0.8116258795517473,-1.035978714195854,3.971544582710554,-0.4467989748149475,1.6285298446205214
70.0,82.0,152.86680603027344,-2.0507059631710884,1.7673591714078931,-4.899733004755314,-3.0816628892556683,-3.068638544363294,0.8336847469482047,-1.0172520339674622,3.962125953203152,-0.452147481502814,0.7050980546705747
70.0,82.0,144.8328399658203,-2.125887625023052,1.772108043780913,-4.894429050856071,-3.0016699411971515,-2.537182168454329,0.8580550355501241,-1.0582945287836971,3.971476284477525,-0.4543547076459499,1.3318172140772568
70.0,82.0,157.47628784179688,-2.293004799491763,1.758846105190898,-4.902106237222362,-3.053408683396977,-2.4601111641422184,0.8086355900833122,-1.0263960346172134,3.581604668605264,-0.5060757372620084,1.33720201664983
70.0,82.0,155.38917541503906,-2.106011101066618,1.7568846313623323,-4.89888159774952,-3.08733424584246,-3.1035557753149847,0.8756624598537297,-1.0286728116128556,3.56225433086618,-0.4605761417817696,0.7013081579246323
70.0,82.0,150.86605834960938,-2.112016972675165,1.722253164073698,-4.888741568633118,-2.979873506748486,-2.5962601336085607,0.8149828191113487,-1.0362741504986,3.959120971312612,-0.4453575848282136,1.0329503922448942
70.0,82.0,195.22715759277344,-1.416831731333624,1.8545313378343875,-4.910833328583738,-2.932235655136307,-2.558365723067685,1.3538490140674868,-1.049787689812439,3.403383456815939,-1.1469262256330868,0.72574676321569
70.0,82.0,159.69412231445312,-2.21963507341297,1.850328278453232,-4.863205470948095,-3.7754689176902456,-3.045361023325458,0.837599674561319,-1.0212324909712558,3.56024233985072,-0.4482199517405474,0.7422656486335322
70.0,82.0,160.38934326171875,-2.1239526524329047,1.7532778008160277,-4.793683137872873,-2.992665936417859,-3.0883299703921034,0.7444479414625762,-1.0498487622640318,3.959048847339001,-0.7967959506285662,0.7170082799296202
70.0,82.0,167.33126831054688,-2.195243219696053,1.732912456716364,-4.952303408796997,-3.0404810004496574,-2.486837149312666,0.9725129987175968,-1.040432910076463,4.327298931424326,-0.5054700396972046,0.7183652077019171
70.0,82.0,155.30633544921875,-2.110355142561264,1.7355664246072802,-4.897661520156259,-3.0945963635771343,-3.0647722813398968,0.8256285834289196,-1.0204516952792135,4.389633871132414,-0.4667985076585941,0.7287559592886229
70.0,82.0,158.0673828125,-2.13478528945232,1.8441109636686763,-4.929363763692761,-3.1294766675918138,-3.0546509867568057,1.330469986782295,-1.0107985278553162,3.543151829295136,-0.4498499097984712,0.7093224768745058
70.0,82.0,169.85333251953125,-2.055711662093257,1.8659555659339937,-4.855652505076746,-3.0215693665045227,-2.546018628036218,0.8330939374040801,-1.0232626088218308,2.720657633219541,-0.463054370186035,0.7108280334905483
70.0,82.0,166.35174560546875,-2.1839826523029533,1.7317492785414006,-4.863157585567276,-3.029274897849917,-3.064382047472599,1.331655290503512,-1.1420135338704025,4.388284810045576,-0.4504803565165269,0.7005964702626328
70.0,82.0,165.263427734375,-2.025108824505472,1.819420873531608,-4.880777358367313,-3.048511178555349,-3.076473591889685,0.724041054625411,-1.045823708623605,4.79798916193166,-0.408550783489008,0.6991762171530035
70.0,82.0,152.64381408691406,-2.0901784363343694,1.7996446316242254,-4.899252706699094,-3.094029690512522,-3.0680854502609827,0.8332068551577954,-1.0239699127134063,3.974889820226194,-0.4553751126038328,0.7064393748489924
70.0,82.0,160.2692413330078,-1.055922459328694,1.7735920722761906,-4.937958133848109,-1.695201673496223,-3.064020344723154,0.8372423768827528,-1.0608401158966236,4.429729571994304,-0.4561175576200931,0.7202760905369371
70.0,83.0,157.60691833496094,-2.1221509371431435,1.8392303061078088,-4.902514539010984,-3.0864103908050646,-3.0538475418464337,0.8517324402109121,-1.0171489627324086,3.092931355225164,-0.4559853455206131,0.9824460715350812
70.0,83.0,161.15728759765625,-1.9534206856324816,1.7536378394229737,-4.890109816254475,-3.0956079319477503,-3.0662115030366284,0.8279698431872164,-1.019189610828445,4.304919778195342,-0.4515226464921155,0.7024576952550962
70.0,83.0,162.12002563476562,-2.064461842927496,1.7935466532309607,-4.901120978795082,-3.037351504864135,-2.9825109954659146,0.8614086155396931,-1.0144580723090246,3.120163282703889,-0.463391761074009,0.7101871668493809
70.0,83.0,166.89797973632812,-2.048815274336256,1.8507800583499487,-4.914685731882032,-3.0304173538806127,-2.503344620793112,-0.1590090840183868,-1.0555849191379767,4.000450250743112,-0.4680466941412674,1.2566907696037166
70.0,83.0,157.06150817871094,-2.1668333891262144,1.8050523153983689,-4.879919604388298,-3.0940140575821444,-3.067229156974224,0.851277483190287,-1.0255564109008373,4.019563202407274,-0.4600824396962098,0.6922493712776561
70.0,83.0,165.0949249267578,-2.1430933335971862,1.7468090118271338,-4.905180748907829,-3.046386210728684,-3.007232627062506,1.3738084906230097,-1.0119052884588242,2.78786993956882,-0.4453474930019477,0.7449628217751612
70.0,83.0,156.08035278320312,-2.1580996450789263,1.728328627406782,-4.879695436337815,-3.0850529772078543,-3.06587044186364,0.8359929899162684,-1.015638048938622,3.5437633377229565,-0.4462973345896071,0.7233871726910266
70.0,83.0,152.79067993164062,-2.093422370865988,1.7983879442835504,-4.8948872527118885,-3.0935374014388097,-3.065420797499045,0.8243284443811907,-1.029971861721276,3.953504968555522,-0.4515791902618848,0.730269155541836
70.0,83.0,148.01747131347656,-2.13643179196899,1.7860255328039587,-4.9000803762739205,-2.9884968552749007,-2.486438005198867,0.8637225529163732,-1.0477435457522837,3.961003119732546,-0.4550943496577187,1.5944652209362546
70.0,83.0,144.51522827148438,-2.144060832172081,1.7712082088934298,-4.893380504118484,-3.0007987864272687,-2.5196624767480027,0.8553075888356051,-1.0554020652660234,3.9726098019486233,-0.4544083046604929,1.3349029804223744
70.0,83.0,156.44171142578125,-2.1231105778624086,1.6969018088533865,-4.895219297657288,-3.027560961825183,-2.512576511538385,0.9097229783317364,-1.0294255791343536,3.893192140458407,-0.4565115045049354,1.6170039245337786
70.0,83.0,170.2739715576172,-2.1836136193466085,1.860432543569419,-4.882111739518141,-3.052913381219876,-2.5718144574025823,1.2070241509447737,-1.0301279964426735,3.875874681406751,-0.4532490226158499,0.6910742995879637
70.0,83.0,173.67227172851562,-2.1646056823246886,1.1567331807879595,-4.8105903676060136,-3.013613379534865,-2.583636882198834,0.835287605408539,-1.0938243602283872,4.033555325654239,-0.4065102878837661,1.3551329292515342
70.0,83.0,157.1793212890625,-2.17673112323086,1.7630889806315109,-4.947962877204266,-3.1028324367742366,-3.0636519528115214,0.8683887477877932,-1.019159302572574,3.972407963439197,-0.4467512917481424,0.6562931783266163
70.0,83.0,177.90628051757812,-0.9480992037287066,1.6698462529856726,-4.92126265432442,-3.066282443454009,-3.048841576344093,1.9184003846581128,-1.029547548154336,4.407033002134062,-0.5675828178794807,0.7291447687456702
70.0,83.0,160.54429626464844,-2.2543678807788816,1.7157488507740366,-4.902000133852793,-3.004492006463958,-3.1136684037877504,0.8751536889269794,-1.0728201270226148,3.999955681187629,-0.4570432725258403,1.281627989930176
70.0,83.0,151.11505126953125,-2.141922871684849,1.76284733145418,-4.948932470488158,-3.098069428985139,-2.495859677837108,0.8574922027994303,-1.0754162437453023,3.969849651307235,-0.4534398610246158,0.7098752707418358
70.0,83.0,160.43174743652344,-2.151459286441727,1.90423910518166,-4.8357974123900185,-3.0298650166629133,-3.0903990647852853,1.847914090673568,-1.0054713900790966,4.348106831105531,-0.4774927454416172,0.7122873759067002
70.0,83.0,160.01856994628906,-2.220169854322381,1.7733973193895476,-4.877059725003649,-3.0383700245191645,-3.032693759079466,0.8641455062900459,-1.053383293827007,3.117527630893025,-0.4452152258004726,0.7565709844852148
70.0,83.0,164.3545379638672,-1.9701342925239496,1.8070678766660897,-4.8871891824939,-3.09103336253199,-2.6608028428642565,1.3844508625882697,-1.0139624968587206,3.966728059489011,-0.4537134741471785,1.065169154753908
70.0,83.0,186.8330078125,-1.7853518205863237,1.7579008871512047,-4.88124284597318,-3.1163490117040347,-1.958458825305892,0.9908394891083412,-1.0498054040342644,3.0799726605986453,-0.854878327751711,1.0093736433700458
70.0,83.0,162.42245483398438,-2.276371482216354,1.8430791592060665,-4.9190204701254086,-2.982290361542568,-2.4737315590342943,0.256936230504504,-1.0477901106111365,3.976399032132635,-0.450679882479271,1.583588492787006
70.0,83.0,194.8916778564453,-2.049827407771498,1.718368103202781,-4.888665164641299,-3.854924386485969,-2.391728876499506,-0.2509762345972062,-1.0254218384807812,3.847822319421484,-1.4934398296031557,1.2728815586533822
70.0,83.0,153.1660919189453,-2.121447798556532,1.8336876551817392,-4.9380753146679925,-3.094233202647145,-3.0649950223856144,0.8354321701101891,-1.021508757068139,3.955010029302585,-0.4447028575291981,0.7080551592072115
70.0,83.0,148.9943389892578,-2.167356530646248,1.8652663051115688,-4.89347593332354,-3.094150363079272,-2.448564765456755,0.8236330935174692,-1.0361414333629724,3.949189928809486,-0.4522587159900649,1.3233284017686682
70.0,83.0,157.2208251953125,-2.078902390364004,1.8054088290613584,-4.905215733128651,-3.0228964371605542,-2.4163427433169247,0.8474427340628556,-1.0679686863357087,2.812068160781544,-0.4536887736771893,1.333946024813891
70.0,83.0,173.24264526367188,-2.9723143171659294,1.7467743343781554,-4.8583524109262815,-3.132584168219534,-3.071824124186589,0.826754586818778,-0.0913498623214759,4.733588269388097,-0.4036389269487243,0.6670874524596352
70.0,83.0,158.58740234375,-2.19743009848025,1.7549870770575804,-4.898472339029639,-3.032058110552738,-2.435447897929983,1.8156643454378143,-1.0749176924004848,3.9188793858058464,-0.4611947418582927,1.3724767532011335
70.0,83.0,149.23629760742188,-2.0927953771682195,1.7632763861135543,-4.893426603924652,-3.043023090447189,-2.48749808114289,0.8704611766927048,-1.0598363598583695,3.934850744609488,-0.4859866471087131,1.3009011736283314
70.0,83.0,175.5135955810547,-3.9090488953949887,1.7859067540409015,-4.947877033145323,-2.438215959708819,-3.083639817184455,0.8145819375545251,-0.9752124298710154,3.60916111720354,-0.4453514141807003,1.3071532897292408
70.0,83.0,161.4113006591797,-2.172676360606893,1.7635506875085185,-4.892228017163345,-3.026597603099842,-2.444066448884473,0.793932859091983,-1.0728000933362756,3.9542344060012935,-0.4021210027279306,0.6468136207301118
70.0,83.0,159.2979736328125,-1.9945350412863985,1.824678023539944,-4.902035856525711,-3.0917084676796307,-2.625646154291458,0.8120175794309271,-0.9907606726888484,3.9815628184099854,-0.4540345480830779,1.2910521185880492
70.0,83.0,163.6135711669922,-2.076892552782193,1.833096059109261,-4.887795476568548,-3.18470367408577,-2.4169573525694608,0.8317295027868403,-1.0145759126695362,3.995879628567279,-0.4743846797638456,1.6229718242090048
70.0,83.0,146.584716796875,-2.103115268970947,1.7773525520170366,-4.8991595252982325,-3.0347150506673737,-2.5711874065489764,0.8116258795517473,-1.035978714195854,3.971544582710554,-0.4467989748149475,1.6285298446205214
70.0,83.0,152.86680603027344,-2.0507059631710884,1.7673591714078931,-4.899733004755314,-3.0816628892556683,-3.068638544363294,0.8336847469482047,-1.0172520339674622,3.962125953203152,-0.452147481502814,0.7050980546705747
70.0,83.0,144.8328399658203,-2.125887625023052,1.772108043780913,-4.894429050856071,-3.0016699411971515,-2.537182168454329,0.8580550355501241,-1.0582945287836971,3.971476284477525,-0.4543547076459499,1.3318172140772568
70.0,83.0,157.47628784179688,-2.293004799491763,1.758846105190898,-4.902106237222362,-3.053408683396977,-2.4601111641422184,0.8086355900833122,-1.0263960346172134,3.581604668605264,-0.5060757372620084,1.33720201664983
70.0,83.0,155.38917541503906,-2.106011101066618,1.7568846313623323,-4.89888159774952,-3.08733424584246,-3.1035557753149847,0.8756624598537297,-1.0286728116128556,3.56225433086618,-0.4605761417817696,0.7013081579246323
70.0,83.0,150.86605834960938,-2.112016972675165,1.722253164073698,-4.888741568633118,-2.979873506748486,-2.5962601336085607,0.8149828191113487,-1.0362741504986,3.959120971312612,-0.4453575848282136,1.0329503922448942
70.0,83.0,195.22715759277344,-1.416831731333624,1.8545313378343875,-4.910833328583738,-2.932235655136307,-2.558365723067685,1.3538490140674868,-1.049787689812439,3.403383456815939,-1.1469262256330868,0.72574676321569
70.0,83.0,159.69412231445312,-2.21963507341297,1.850328278453232,-4.863205470948095,-3.7754689176902456,-3.045361023325458,0.837599674561319,-1.0212324909712558,3.56024233985072,-0.4482199517405474,0.7422656486335322
70.0,83.0,160.38934326171875,-2.1239526524329047,1.7532778008160277,-4.793683137872873,-2.992665936417859,-3.0883299703921034,0.7444479414625762,-1.0498487622640318,3.959048847339001,-0.7967959506285662,0.7170082799296202
70.0,83.0,167.33126831054688,-2.195243219696053,1.732912456716364,-4.952303408796997,-3.0404810004496574,-2.486837149312666,0.9725129987175968,-1.040432910076463,4.327298931424326,-0.5054700396972046,0.7183652077019171
70.0,83.0,155.30633544921875,-2.110355142561264,1.7355664246072802,-4.897661520156259,-3.0945963635771343,-3.0647722813398968,0.8256285834289196,-1.0204516952792135,4.389633871132414,-0.4667985076585941,0.7287559592886229
70.0,83.0,158.0673828125,-2.13478528945232,1.8441109636686763,-4.929363763692761,-3.1294766675918138,-3.0546509867568057,1.330469986782295,-1.0107985278553162,3.543151829295136,-0.4498499097984712,0.7093224768745058
70.0,83.0,169.85333251953125,-2.055711662093257,1.8659555659339937,-4.855652505076746,-3.0215693665045227,-2.546018628036218,0.8330939374040801,-1.0232626088218308,2.720657633219541,-0.463054370186035,0.7108280334905483
70.0,83.0,166.35174560546875,-2.1839826523029533,1.7317492785414006,-4.863157585567276,-3.029274897849917,-3.064382047472599,1.331655290503512,-1.1420135338704025,4.388284810045576,-0.4504803565165269,0.7005964702626328
70.0,83.0,165.263427734375,-2.025108824505472,1.819420873531608,-4.880777358367313,-3.048511178555349,-3.076473591889685,0.724041054625411,-1.045823708623605,4.79798916193166,-0.408550783489008,0.6991762171530035
70.0,83.0,152.64381408691406,-2.0901784363343694,1.7996446316242254,-4.899252706699094,-3.094029690512522,-3.0680854502609827,0.8332068551577954,-1.0239699127134063,3.974889820226194,-0.4553751126038328,0.7064393748489924
70.0,83.0,160.2692413330078,-1.055922459328694,1.7735920722761906,-4.937958133848109,-1.695201673496223,-3.064020344723154,0.8372423768827528,-1.0608401158966236,4.429729571994304,-0.4561175576200931,0.7202760905369371
70.0,84.0,157.60691833496094,-2.1221509371431435,1.8392303061078088,-4.902514539010984,-3.0864103908050646,-3.0538475418464337,0.8517324402109121,-1.0171489627324086,3.092931355225164,-0.4559853455206131,0.9824460715350812
70.0,84.0,161.15728759765625,-1.9534206856324816,1.7536378394229737,-4.890109816254475,-3.0956079319477503,-3.0662115030366284,0.8279698431872164,-1.019189610828445,4.304919778195342,-0.4515226464921155,0.7024576952550962
70.0,84.0,162.12002563476562,-2.064461842927496,1.7935466532309607,-4.901120978795082,-3.037351504864135,-2.9825109954659146,0.8614086155396931,-1.0144580723090246,3.120163282703889,-0.463391761074009,0.7101871668493809
70.0,84.0,166.89797973632812,-2.048815274336256,1.8507800583499487,-4.914685731882032,-3.0304173538806127,-2.503344620793112,-0.1590090840183868,-1.0555849191379767,4.000450250743112,-0.4680466941412674,1.2566907696037166
70.0,84.0,157.06150817871094,-2.1668333891262144,1.8050523153983689,-4.879919604388298,-3.0940140575821444,-3.067229156974224,0.851277483190287,-1.0255564109008373,4.019563202407274,-0.4600824396962098,0.6922493712776561
70.0,84.0,165.0949249267578,-2.1430933335971862,1.7468090118271338,-4.905180748907829,-3.046386210728684,-3.007232627062506,1.3738084906230097,-1.0119052884588242,2.78786993956882,-0.4453474930019477,0.7449628217751612
70.0,84.0,156.08035278320312,-2.1580996450789263,1.728328627406782,-4.879695436337815,-3.0850529772078543,-3.06587044186364,0.8359929899162684,-1.015638048938622,3.5437633377229565,-0.4462973345896071,0.7233871726910266
70.0,84.0,152.79067993164062,-2.093422370865988,1.7983879442835504,-4.8948872527118885,-3.0935374014388097,-3.065420797499045,0.8243284443811907,-1.029971861721276,3.953504968555522,-0.4515791902618848,0.730269155541836
70.0,84.0,148.01747131347656,-2.13643179196899,1.7860255328039587,-4.9000803762739205,-2.9884968552749007,-2.486438005198867,0.8637225529163732,-1.0477435457522837,3.961003119732546,-0.4550943496577187,1.5944652209362546
70.0,84.0,144.51522827148438,-2.144060832172081,1.7712082088934298,-4.893380504118484,-3.0007987864272687,-2.5196624767480027,0.8553075888356051,-1.0554020652660234,3.9726098019486233,-0.4544083046604929,1.3349029804223744
70.0,84.0,156.44171142578125,-2.1231105778624086,1.6969018088533865,-4.895219297657288,-3.027560961825183,-2.512576511538385,0.9097229783317364,-1.0294255791343536,3.893192140458407,-0.4565115045049354,1.6170039245337786
70.0,84.0,170.2739715576172,-2.1836136193466085,1.860432543569419,-4.882111739518141,-3.052913381219876,-2.5718144574025823,1.2070241509447737,-1.0301279964426735,3.875874681406751,-0.4532490226158499,0.6910742995879637
70.0,84.0,173.67227172851562,-2.1646056823246886,1.1567331807879595,-4.8105903676060136,-3.013613379534865,-2.583636882198834,0.835287605408539,-1.0938243602283872,4.033555325654239,-0.4065102878837661,1.3551329292515342
70.0,84.0,157.1793212890625,-2.17673112323086,1.7630889806315109,-4.947962877204266,-3.1028324367742366,-3.0636519528115214,0.8683887477877932,-1.019159302572574,3.972407963439197,-0.4467512917481424,0.6562931783266163
70.0,84.0,177.90628051757812,-0.9480992037287066,1.6698462529856726,-4.92126265432442,-3.066282443454009,-3.048841576344093,1.9184003846581128,-1.029547548154336,4.407033002134062,-0.5675828178794807,0.7291447687456702
70.0,84.0,160.54429626464844,-2.2543678807788816,1.7157488507740366,-4.902000133852793,-3.004492006463958,-3.1136684037877504,0.8751536889269794,-1.0728201270226148,3.999955681187629,-0.4570432725258403,1.281627989930176
70.0,84.0,151.11505126953125,-2.141922871684849,1.76284733145418,-4.948932470488158,-3.098069428985139,-2.495859677837108,0.8574922027994303,-1.0754162437453023,3.969849651307235,-0.4534398610246158,0.7098752707418358
70.0,84.0,160.43174743652344,-2.151459286441727,1.90423910518166,-4.8357974123900185,-3.0298650166629133,-3.0903990647852853,1.847914090673568,-1.0054713900790966,4.348106831105531,-0.4774927454416172,0.7122873759067002
70.0,84.0,160.01856994628906,-2.220169854322381,1.7733973193895476,-4.877059725003649,-3.0383700245191645,-3.032693759079466,0.8641455062900459,-1.053383293827007,3.117527630893025,-0.4452152258004726,0.7565709844852148
70.0,84.0,164.3545379638672,-1.9701342925239496,1.8070678766660897,-4.8871891824939,-3.09103336253199,-2.6608028428642565,1.3844508625882697,-1.0139624968587206,3.966728059489011,-0.4537134741471785,1.065169154753908
70.0,84.0,186.8330078125,-1.7853518205863237,1.7579008871512047,-4.88124284597318,-3.1163490117040347,-1.958458825305892,0.9908394891083412,-1.0498054040342644,3.0799726605986453,-0.854878327751711,1.0093736433700458
70.0,84.0,162.42245483398438,-2.276371482216354,1.8430791592060665,-4.9190204701254086,-2.982290361542568,-2.4737315590342943,0.256936230504504,-1.0477901106111365,3.976399032132635,-0.450679882479271,1.583588492787006
70.0,84.0,194.8916778564453,-2.049827407771498,1.718368103202781,-4.888665164641299,-3.854924386485969,-2.391728876499506,-0.2509762345972062,-1.0254218384807812,3.847822319421484,-1.4934398296031557,1.2728815586533822
70.0,84.0,153.1660919189453,-2.121447798556532,1.8336876551817392,-4.9380753146679925,-3.094233202647145,-3.0649950223856144,0.8354321701101891,-1.021508757068139,3.955010029302585,-0.4447028575291981,0.7080551592072115
70.0,84.0,148.9943389892578,-2.167356530646248,1.8652663051115688,-4.89347593332354,-3.094150363079272,-2.448564765456755,0.8236330935174692,-1.0361414333629724,3.949189928809486,-0.4522587159900649,1.3233284017686682
70.0,84.0,157.2208251953125,-2.078902390364004,1.8054088290613584,-4.905215733128651,-3.0228964371605542,-2.4163427433169247,0.8474427340628556,-1.0679686863357087,2.812068160781544,-0.4536887736771893,1.333946024813891
70.0,84.0,173.24264526367188,-2.9723143171659294,1.7467743343781554,-4.8583524109262815,-3.132584168219534,-3.071824124186589,0.826754586818778,-0.0913498623214759,4.733588269388097,-0.4036389269487243,0.6670874524596352
70.0,84.0,158.58740234375,-2.19743009848025,1.7549870770575804,-4.898472339029639,-3.032058110552738,-2.435447897929983,1.8156643454378143,-1.0749176924004848,3.9188793858058464,-0.4611947418582927,1.3724767532011335
70.0,84.0,149.23629760742188,-2.0927953771682195,1.7632763861135543,-4.893426603924652,-3.043023090447189,-2.48749808114289,0.8704611766927048,-1.0598363598583695,3.934850744609488,-0.4859866471087131,1.3009011736283314
70.0,84.0,175.5135955810547,-3.9090488953949887,1.7859067540409015,-4.947877033145323,-2.438215959708819,-3.083639817184455,0.8145819375545251,-0.9752124298710154,3.60916111720354,-0.4453514141807003,1.3071532897292408
70.0,84.0,161.4113006591797,-2.172676360606893,1.7635506875085185,-4.892228017163345,-3.026597603099842,-2.444066448884473,0.793932859091983,-1.0728000933362756,3.9542344060012935,-0.4021210027279306,0.6468136207301118
70.0,84.0,159.2979736328125,-1.9945350412863985,1.824678023539944,-4.902035856525711,-3.0917084676796307,-2.625646154291458,0.8120175794309271,-0.9907606726888484,3.9815628184099854,-0.4540345480830779,1.2910521185880492
70.0,84.0,163.6135711669922,-2.076892552782193,1.833096059109261,-4.887795476568548,-3.18470367408577,-2.4169573525694608,0.8317295027868403,-1.0145759126695362,3.995879628567279,-0.4743846797638456,1.6229718242090048
70.0,84.0,146.584716796875,-2.103115268970947,1.7773525520170366,-4.8991595252982325,-3.0347150506673737,-2.5711874065489764,0.8116258795517473,-1.035978714195854,3.971544582710554,-0.4467989748149475,1.6285298446205214
70.0,84.0,152.86680603027344,-2.0507059631710884,1.7673591714078931,-4.899733004755314,-3.0816628892556683,-3.068638544363294,0.8336847469482047,-1.0172520339674622,3.962125953203152,-0.452147481502814,0.7050980546705747
70.0,84.0,144.8328399658203,-2.125887625023052,1.772108043780913,-4.894429050856071,-3.0016699411971515,-2.537182168454329,0.8580550355501241,-1.0582945287836971,3.971476284477525,-0.4543547076459499,1.3318172140772568
70.0,84.0,157.47628784179688,-2.293004799491763,1.758846105190898,-4.902106237222362,-3.053408683396977,-2.4601111641422184,0.8086355900833122,-1.0263960346172134,3.581604668605264,-0.5060757372620084,1.33720201664983
70.0,84.0,155.38917541503906,-2.106011101066618,1.7568846313623323,-4.89888159774952,-3.08733424584246,-3.1035557753149847,0.8756624598537297,-1.0286728116128556,3.56225433086618,-0.4605761417817696,0.7013081579246323
70.0,84.0,150.86605834960938,-2.112016972675165,1.722253164073698,-4.888741568633118,-2.979873506748486,-2.5962601336085607,0.8149828191113487,-1.0362741504986,3.959120971312612,-0.4453575848282136,1.0329503922448942
70.0,84.0,195.22715759277344,-1.416831731333624,1.8545313378343875,-4.910833328583738,-2.932235655136307,-2.558365723067685,1.3538490140674868,-1.049787689812439,3.403383456815939,-1.1469262256330868,0.72574676321569
70.0,84.0,159.69412231445312,-2.21963507341297,1.850328278453232,-4.863205470948095,-3.7754689176902456,-3.045361023325458,0.837599674561319,-1.0212324909712558,3.56024233985072,-0.4482199517405474,0.7422656486335322
70.0,84.0,160.38934326171875,-2.1239526524329047,1.7532778008160277,-4.793683137872873,-2.992665936417859,-3.0883299703921034,0.7444479414625762,-1.0498487622640318,3.959048847339001,-0.7967959506285662,0.7170082799296202
70.0,84.0,167.33126831054688,-2.195243219696053,1.732912456716364,-4.952303408796997,-3.0404810004496574,-2.486837149312666,0.9725129987175968,-1.040432910076463,4.327298931424326,-0.5054700396972046,0.7183652077019171
70.0,84.0,155.30633544921875,-2.110355142561264,1.7355664246072802,-4.897661520156259,-3.0945963635771343,-3.0647722813398968,0.8256285834289196,-1.0204516952792135,4.389633871132414,-0.4667985076585941,0.7287559592886229
70.0,84.0,158.0673828125,-2.13478528945232,1.8441109636686763,-4.929363763692761,-3.1294766675918138,-3.0546509867568057,1.330469986782295,-1.0107985278553162,3.543151829295136,-0.4498499097984712,0.7093224768745058
70.0,84.0,169.85333251953125,-2.055711662093257,1.8659555659339937,-4.855652505076746,-3.0215693665045227,-2.546018628036218,0.8330939374040801,-1.0232626088218308,2.720657633219541,-0.463054370186035,0.7108280334905483
70.0,84.0,166.35174560546875,-2.1839826523029533,1.7317492785414006,-4.863157585567276,-3.029274897849917,-3.064382047472599,1.331655290503512,-1.1420135338704025,4.388284810045576,-0.4504803565165269,0.7005964702626328
70.0,84.0,165.263427734375,-2.025108824505472,1.819420873531608,-4.880777358367313,-3.048511178555349,-3.076473591889685,0.724041054625411,-1.045823708623605,4.79798916193166,-0.408550783489008,0.6991762171530035
70.0,84.0,152.64381408691406,-2.0901784363343694,1.7996446316242254,-4.899252706699094,-3.094029690512522,-3.0680854502609827,0.8332068551577954,-1.0239699127134063,3.974889820226194,-0.4553751126038328,0.7064393748489924
70.0,84.0,160.2692413330078,-1.055922459328694,1.7735920722761906,-4.937958133848109,-1.695201673496223,-3.064020344723154,0.8372423768827528,-1.0608401158966236,4.429729571994304,-0.4561175576200931,0.7202760905369371
70.0,85.0,157.60691833496094,-2.1221509371431435,1.8392303061078088,-4.902514539010984,-3.0864103908050646,-3.0538475418464337,0.8517324402109121,-1.0171489627324086,3.092931355225164,-0.4559853455206131,0.9824460715350812
70.0,85.0,161.15728759765625,-1.9534206856324816,1.7536378394229737,-4.890109816254475,-3.0956079319477503,-3.0662115030366284,0.8279698431872164,-1.019189610828445,4.304919778195342,-0.4515226464921155,0.7024576952550962
70.0,85.0,162.12002563476562,-2.064461842927496,1.7935466532309607,-4.901120978795082,-3.037351504864135,-2.9825109954659146,0.8614086155396931,-1.0144580723090246,3.120163282703889,-0.463391761074009,0.7101871668493809
70.0,85.0,150.92953491210938,-2.2128870618340644,1.7738868622700594,-4.893701528129691,-3.014687995434828,-2.5351567464319342,0.76326006195067,-1.0524761561422915,3.9517876727882766,-0.4707629394436048,1.3362591653674258
70.0,85.0,157.06150817871094,-2.1668333891262144,1.8050523153983689,-4.879919604388298,-3.0940140575821444,-3.067229156974224,0.851277483190287,-1.0255564109008373,4.019563202407274,-0.4600824396962098,0.6922493712776561
70.0,85.0,165.0949249267578,-2.1430933335971862,1.7468090118271338,-4.905180748907829,-3.046386210728684,-3.007232627062506,1.3738084906230097,-1.0119052884588242,2.78786993956882,-0.4453474930019477,0.7449628217751612
70.0,85.0,156.08035278320312,-2.1580996450789263,1.728328627406782,-4.879695436337815,-3.0850529772078543,-3.06587044186364,0.8359929899162684,-1.015638048938622,3.5437633377229565,-0.4462973345896071,0.7233871726910266
70.0,85.0,152.79067993164062,-2.093422370865988,1.7983879442835504,-4.8948872527118885,-3.0935374014388097,-3.065420797499045,0.8243284443811907,-1.029971861721276,3.953504968555522,-0.4515791902618848,0.730269155541836
70.0,85.0,148.01747131347656,-2.13643179196899,1.7860255328039587,-4.9000803762739205,-2.9884968552749007,-2.486438005198867,0.8637225529163732,-1.0477435457522837,3.961003119732546,-0.4550943496577187,1.5944652209362546
70.0,85.0,144.51522827148438,-2.144060832172081,1.7712082088934298,-4.893380504118484,-3.0007987864272687,-2.5196624767480027,0.8553075888356051,-1.0554020652660234,3.9726098019486233,-0.4544083046604929,1.3349029804223744
70.0,85.0,156.44171142578125,-2.1231105778624086,1.6969018088533865,-4.895219297657288,-3.027560961825183,-2.512576511538385,0.9097229783317364,-1.0294255791343536,3.893192140458407,-0.4565115045049354,1.6170039245337786
70.0,85.0,170.2739715576172,-2.1836136193466085,1.860432543569419,-4.882111739518141,-3.052913381219876,-2.5718144574025823,1.2070241509447737,-1.0301279964426735,3.875874681406751,-0.4532490226158499,0.6910742995879637
70.0,85.0,173.67227172851562,-2.1646056823246886,1.1567331807879595,-4.8105903676060136,-3.013613379534865,-2.583636882198834,0.835287605408539,-1.0938243602283872,4.033555325654239,-0.4065102878837661,1.3551329292515342
70.0,85.0,157.1793212890625,-2.17673112323086,1.7630889806315109,-4.947962877204266,-3.1028324367742366,-3.0636519528115214,0.8683887477877932,-1.019159302572574,3.972407963439197,-0.4467512917481424,0.6562931783266163
70.0,85.0,177.90628051757812,-0.9480992037287066,1.6698462529856726,-4.92126265432442,-3.066282443454009,-3.048841576344093,1.9184003846581128,-1.029547548154336,4.407033002134062,-0.5675828178794807,0.7291447687456702
70.0,85.0,160.54429626464844,-2.2543678807788816,1.7157488507740366,-4.902000133852793,-3.004492006463958,-3.1136684037877504,0.8751536889269794,-1.0728201270226148,3.999955681187629,-0.4570432725258403,1.281627989930176
70.0,85.0,151.11505126953125,-2.141922871684849,1.76284733145418,-4.948932470488158,-3.098069428985139,-2.495859677837108,0.8574922027994303,-1.0754162437453023,3.969849651307235,-0.4534398610246158,0.7098752707418358
70.0,85.0,160.43174743652344,-2.151459286441727,1.90423910518166,-4.8357974123900185,-3.0298650166629133,-3.0903990647852853,1.847914090673568,-1.0054713900790966,4.348106831105531,-0.4774927454416172,0.7122873759067002
70.0,85.0,160.01856994628906,-2.220169854322381,1.7733973193895476,-4.877059725003649,-3.0383700245191645,-3.032693759079466,0.8641455062900459,-1.053383293827007,3.117527630893025,-0.4452152258004726,0.7565709844852148
70.0,85.0,164.3545379638672,-1.9701342925239496,1.8070678766660897,-4.8871891824939,-3.09103336253199,-2.6608028428642565,1.3844508625882697,-1.0139624968587206,3.966728059489011,-0.4537134741471785,1.065169154753908
70.0,85.0,186.8330078125,-1.7853518205863237,1.7579008871512047,-4.88124284597318,-3.1163490117040347,-1.958458825305892,0.9908394891083412,-1.0498054040342644,3.0799726605986453,-0.854878327751711,1.0093736433700458
70.0,85.0,162.42245483398438,-2.276371482216354,1.8430791592060665,-4.9190204701254086,-2.982290361542568,-2.4737315590342943,0.256936230504504,-1.0477901106111365,3.976399032132635,-0.450679882479271,1.583588492787006
70.0,85.0,194.8916778564453,-2.049827407771498,1.718368103202781,-4.888665164641299,-3.854924386485969,-2.391728876499506,-0.2509762345972062,-1.0254218384807812,3.847822319421484,-1.4934398296031557,1.2728815586533822
70.0,85.0,153.1660919189453,-2.121447798556532,1.8336876551817392,-4.9380753146679925,-3.094233202647145,-3.0649950223856144,0.8354321701101891,-1.021508757068139,3.955010029302585,-0.4447028575291981,0.7080551592072115
70.0,85.0,146.55056762695312,-2.160992391215305,1.7470472636242365,-4.893663960464797,-3.002754419323916,-2.555845222049446,0.8382523947782078,-1.0194391959689384,3.982979938057485,-0.4536452477815457,1.3315812599240229
70.0,85.0,157.2208251953125,-2.078902390364004,1.8054088290613584,-4.905215733128651,-3.0228964371605542,-2.4163427433169247,0.8474427340628556,-1.0679686863357087,2.812068160781544,-0.4536887736771893,1.333946024813891
70.0,85.0,173.24264526367188,-2.9723143171659294,1.7467743343781554,-4.8583524109262815,-3.132584168219534,-3.071824124186589,0.826754586818778,-0.0913498623214759,4.733588269388097,-0.4036389269487243,0.6670874524596352
70.0,85.0,158.58740234375,-2.19743009848025,1.7549870770575804,-4.898472339029639,-3.032058110552738,-2.435447897929983,1.8156643454378143,-1.0749176924004848,3.9188793858058464,-0.4611947418582927,1.3724767532011335
70.0,85.0,147.44320678710938,-2.1370172024178165,1.7630186594530282,-4.892336330480795,-3.032559180769708,-2.538006851655347,0.8695556638947571,-1.0749596826837673,3.934095632471307,-0.4488037584836665,1.331441534762439
70.0,85.0,175.5135955810547,-3.9090488953949887,1.7859067540409015,-4.947877033145323,-2.438215959708819,-3.083639817184455,0.8145819375545251,-0.9752124298710154,3.60916111720354,-0.4453514141807003,1.3071532897292408
70.0,85.0,161.4113006591797,-2.172676360606893,1.7635506875085185,-4.892228017163345,-3.026597603099842,-2.444066448884473,0.793932859091983,-1.0728000933362756,3.9542344060012935,-0.4021210027279306,0.6468136207301118
70.0,85.0,159.2979736328125,-1.9945350412863985,1.824678023539944,-4.902035856525711,-3.0917084676796307,-2.625646154291458,0.8120175794309271,-0.9907606726888484,3.9815628184099854,-0.4540345480830779,1.2910521185880492
70.0,85.0,163.6135711669922,-2.076892552782193,1.833096059109261,-4.887795476568548,-3.18470367408577,-2.4169573525694608,0.8317295027868403,-1.0145759126695362,3.995879628567279,-0.4743846797638456,1.6229718242090048
70.0,85.0,146.584716796875,-2.103115268970947,1.7773525520170366,-4.8991595252982325,-3.0347150506673737,-2.5711874065489764,0.8116258795517473,-1.035978714195854,3.971544582710554,-0.4467989748149475,1.6285298446205214
70.0,85.0,152.86680603027344,-2.0507059631710884,1.7673591714078931,-4.899733004755314,-3.0816628892556683,-3.068638544363294,0.8336847469482047,-1.0172520339674622,3.962125953203152,-0.452147481502814,0.7050980546705747
70.0,85.0,144.8328399658203,-2.125887625023052,1.772108043780913,-4.894429050856071,-3.0016699411971515,-2.537182168454329,0.8580550355501241,-1.0582945287836971,3.971476284477525,-0.4543547076459499,1.3318172140772568
70.0,85.0,157.47628784179688,-2.293004799491763,1.758846105190898,-4.902106237222362,-3.053408683396977,-2.4601111641422184,0.8086355900833122,-1.0263960346172134,3.581604668605264,-0.5060757372620084,1.33720201664983
70.0,85.0,155.38917541503906,-2.106011101066618,1.7568846313623323,-4.89888159774952,-3.08733424584246,-3.1035557753149847,0.8756624598537297,-1.0286728116128556,3.56225433086618,-0.4605761417817696,0.7013081579246323
70.0,85.0,150.86605834960938,-2.112016972675165,1.722253164073698,-4.888741568633118,-2.979873506748486,-2.5962601336085607,0.8149828191113487,-1.0362741504986,3.959120971312612,-0.4453575848282136,1.0329503922448942
70.0,85.0,195.22715759277344,-1.416831731333624,1.8545313378343875,-4.910833328583738,-2.932235655136307,-2.558365723067685,1.3538490140674868,-1.049787689812439,3.403383456815939,-1.1469262256330868,0.72574676321569
70.0,85.0,159.69412231445312,-2.21963507341297,1.850328278453232,-4.863205470948095,-3.7754689176902456,-3.045361023325458,0.837599674561319,-1.0212324909712558,3.56024233985072,-0.4482199517405474,0.7422656486335322
70.0,85.0,160.38934326171875,-2.1239526524329047,1.7532778008160277,-4.793683137872873,-2.992665936417859,-3.0883299703921034,0.7444479414625762,-1.0498487622640318,3.959048847339001,-0.7967959506285662,0.7170082799296202
70.0,85.0,167.33126831054688,-2.195243219696053,1.732912456716364,-4.952303408796997,-3.0404810004496574,-2.486837149312666,0.9725129987175968,-1.040432910076463,4.327298931424326,-0.5054700396972046,0.7183652077019171
70.0,85.0,155.30633544921875,-2.110355142561264,1.7355664246072802,-4.897661520156259,-3.0945963635771343,-3.0647722813398968,0.8256285834289196,-1.0204516952792135,4.389633871132414,-0.4667985076585941,0.7287559592886229
70.0,85.0,158.0673828125,-2.13478528945232,1.8441109636686763,-4.929363763692761,-3.1294766675918138,-3.0546509867568057,1.330469986782295,-1.0107985278553162,3.543151829295136,-0.4498499097984712,0.7093224768745058
70.0,85.0,169.85333251953125,-2.055711662093257,1.8659555659339937,-4.855652505076746,-3.0215693665045227,-2.546018628036218,0.8330939374040801,-1.0232626088218308,2.720657633219541,-0.463054370186035,0.7108280334905483
70.0,85.0,166.35174560546875,-2.1839826523029533,1.7317492785414006,-4.863157585567276,-3.029274897849917,-3.064382047472599,1.331655290503512,-1.1420135338704025,4.388284810045576,-0.4504803565165269,0.7005964702626328
70.0,85.0,165.263427734375,-2.025108824505472,1.819420873531608,-4.880777358367313,-3.048511178555349,-3.076473591889685,0.724041054625411,-1.045823708623605,4.79798916193166,-0.408550783489008,0.6991762171530035
70.0,85.0,152.64381408691406,-2.0901784363343694,1.7996446316242254,-4.899252706699094,-3.094029690512522,-3.0680854502609827,0.8332068551577954,-1.0239699127134063,3.974889820226194,-0.4553751126038328,0.7064393748489924
70.0,85.0,160.2692413330078,-1.055922459328694,1.7735920722761906,-4.937958133848109,-1.695201673496223,-3.064020344723154,0.8372423768827528,-1.0608401158966236,4.429729571994304,-0.4561175576200931,0.7202760905369371
70.0,86.0,157.60691833496094,-2.1221509371431435,1.8392303061078088,-4.902514539010984,-3.0864103908050646,-3.0538475418464337,0.8517324402109121,-1.0171489627324086,3.092931355225164,-0.4559853455206131,0.9824460715350812
70.0,86.0,161.15728759765625,-1.9534206856324816,1.7536378394229737,-4.890109816254475,-3.0956079319477503,-3.0662115030366284,0.8279698431872164,-1.019189610828445,4.304919778195342,-0.4515226464921155,0.7024576952550962
70.0,86.0,162.12002563476562,-2.064461842927496,1.7935466532309607,-4.901120978795082,-3.037351504864135,-2.9825109954659146,0.8614086155396931,-1.0144580723090246,3.120163282703889,-0.463391761074009,0.7101871668493809
70.0,86.0,150.92953491210938,-2.2128870618340644,1.7738868622700594,-4.893701528129691,-3.014687995434828,-2.5351567464319342,0.76326006195067,-1.0524761561422915,3.9517876727882766,-0.4707629394436048,1.3362591653674258
70.0,86.0,157.06150817871094,-2.1668333891262144,1.8050523153983689,-4.879919604388298,-3.0940140575821444,-3.067229156974224,0.851277483190287,-1.0255564109008373,4.019563202407274,-0.4600824396962098,0.6922493712776561
70.0,86.0,165.0949249267578,-2.1430933335971862,1.7468090118271338,-4.905180748907829,-3.046386210728684,-3.007232627062506,1.3738084906230097,-1.0119052884588242,2.78786993956882,-0.4453474930019477,0.7449628217751612
70.0,86.0,156.08035278320312,-2.1580996450789263,1.728328627406782,-4.879695436337815,-3.0850529772078543,-3.06587044186364,0.8359929899162684,-1.015638048938622,3.5437633377229565,-0.4462973345896071,0.7233871726910266
70.0,86.0,152.79067993164062,-2.093422370865988,1.7983879442835504,-4.8948872527118885,-3.0935374014388097,-3.065420797499045,0.8243284443811907,-1.029971861721276,3.953504968555522,-0.4515791902618848,0.730269155541836
70.0,86.0,148.01747131347656,-2.13643179196899,1.7860255328039587,-4.9000803762739205,-2.9884968552749007,-2.486438005198867,0.8637225529163732,-1.0477435457522837,3.961003119732546,-0.4550943496577187,1.5944652209362546
70.0,86.0,144.51522827148438,-2.144060832172081,1.7712082088934298,-4.893380504118484,-3.0007987864272687,-2.5196624767480027,0.8553075888356051,-1.0554020652660234,3.9726098019486233,-0.4544083046604929,1.3349029804223744
70.0,86.0,156.44171142578125,-2.1231105778624086,1.6969018088533865,-4.895219297657288,-3.027560961825183,-2.512576511538385,0.9097229783317364,-1.0294255791343536,3.893192140458407,-0.4565115045049354,1.6170039245337786
70.0,86.0,170.2739715576172,-2.1836136193466085,1.860432543569419,-4.882111739518141,-3.052913381219876,-2.5718144574025823,1.2070241509447737,-1.0301279964426735,3.875874681406751,-0.4532490226158499,0.6910742995879637
70.0,86.0,173.67227172851562,-2.1646056823246886,1.1567331807879595,-4.8105903676060136,-3.013613379534865,-2.583636882198834,0.835287605408539,-1.0938243602283872,4.033555325654239,-0.4065102878837661,1.3551329292515342
70.0,86.0,157.1793212890625,-2.17673112323086,1.7630889806315109,-4.947962877204266,-3.1028324367742366,-3.0636519528115214,0.8683887477877932,-1.019159302572574,3.972407963439197,-0.4467512917481424,0.6562931783266163
70.0,86.0,177.90628051757812,-0.9480992037287066,1.6698462529856726,-4.92126265432442,-3.066282443454009,-3.048841576344093,1.9184003846581128,-1.029547548154336,4.407033002134062,-0.5675828178794807,0.7291447687456702
70.0,86.0,148.70118713378906,-2.175036762050281,1.7502426505665656,-4.897131695176286,-3.004808928321152,-2.5301640716108205,0.9037154040830094,-1.0510833700900473,3.97173629076736,-0.4566313469377894,1.3003413602881788
70.0,86.0,151.11505126953125,-2.141922871684849,1.76284733145418,-4.948932470488158,-3.098069428985139,-2.495859677837108,0.8574922027994303,-1.0754162437453023,3.969849651307235,-0.4534398610246158,0.7098752707418358
70.0,86.0,160.43174743652344,-2.151459286441727,1.90423910518166,-4.8357974123900185,-3.0298650166629133,-3.0903990647852853,1.847914090673568,-1.0054713900790966,4.348106831105531,-0.4774927454416172,0.7122873759067002
70.0,86.0,160.01856994628906,-2.220169854322381,1.7733973193895476,-4.877059725003649,-3.0383700245191645,-3.032693759079466,0.8641455062900459,-1.053383293827007,3.117527630893025,-0.4452152258004726,0.7565709844852148
70.0,86.0,164.3545379638672,-1.9701342925239496,1.8070678766660897,-4.8871891824939,-3.09103336253199,-2.6608028428642565,1.3844508625882697,-1.0139624968587206,3.966728059489011,-0.4537134741471785,1.065169154753908
70.0,86.0,182.27554321289065,-2.236157338216832,1.8376096500214825,-4.903413699484513,-3.012708327099295,-2.299178592431043,0.8354746752191463,-1.0570736482884855,3.4605027510866035,-0.8017742337494442,1.0473986129238837
70.0,86.0,162.42245483398438,-2.276371482216354,1.8430791592060665,-4.9190204701254086,-2.982290361542568,-2.4737315590342943,0.256936230504504,-1.0477901106111365,3.976399032132635,-0.450679882479271,1.583588492787006
70.0,86.0,194.8916778564453,-2.049827407771498,1.718368103202781,-4.888665164641299,-3.854924386485969,-2.391728876499506,-0.2509762345972062,-1.0254218384807812,3.847822319421484,-1.4934398296031557,1.2728815586533822
70.0,86.0,153.1660919189453,-2.121447798556532,1.8336876551817392,-4.9380753146679925,-3.094233202647145,-3.0649950223856144,0.8354321701101891,-1.021508757068139,3.955010029302585,-0.4447028575291981,0.7080551592072115
70.0,86.0,146.55056762695312,-2.160992391215305,1.7470472636242365,-4.893663960464797,-3.002754419323916,-2.555845222049446,0.8382523947782078,-1.0194391959689384,3.982979938057485,-0.4536452477815457,1.3315812599240229
70.0,86.0,157.2208251953125,-2.078902390364004,1.8054088290613584,-4.905215733128651,-3.0228964371605542,-2.4163427433169247,0.8474427340628556,-1.0679686863357087,2.812068160781544,-0.4536887736771893,1.333946024813891
70.0,86.0,173.24264526367188,-2.9723143171659294,1.7467743343781554,-4.8583524109262815,-3.132584168219534,-3.071824124186589,0.826754586818778,-0.0913498623214759,4.733588269388097,-0.4036389269487243,0.6670874524596352
70.0,86.0,158.58740234375,-2.19743009848025,1.7549870770575804,-4.898472339029639,-3.032058110552738,-2.435447897929983,1.8156643454378143,-1.0749176924004848,3.9188793858058464,-0.4611947418582927,1.3724767532011335
70.0,86.0,147.44320678710938,-2.1370172024178165,1.7630186594530282,-4.892336330480795,-3.032559180769708,-2.538006851655347,0.8695556638947571,-1.0749596826837673,3.934095632471307,-0.4488037584836665,1.331441534762439
70.0,86.0,175.5135955810547,-3.9090488953949887,1.7859067540409015,-4.947877033145323,-2.438215959708819,-3.083639817184455,0.8145819375545251,-0.9752124298710154,3.60916111720354,-0.4453514141807003,1.3071532897292408
70.0,86.0,161.4113006591797,-2.172676360606893,1.7635506875085185,-4.892228017163345,-3.026597603099842,-2.444066448884473,0.793932859091983,-1.0728000933362756,3.9542344060012935,-0.4021210027279306,0.6468136207301118
70.0,86.0,159.2979736328125,-1.9945350412863985,1.824678023539944,-4.902035856525711,-3.0917084676796307,-2.625646154291458,0.8120175794309271,-0.9907606726888484,3.9815628184099854,-0.4540345480830779,1.2910521185880492
70.0,86.0,163.6135711669922,-2.076892552782193,1.833096059109261,-4.887795476568548,-3.18470367408577,-2.4169573525694608,0.8317295027868403,-1.0145759126695362,3.995879628567279,-0.4743846797638456,1.6229718242090048
70.0,86.0,146.584716796875,-2.103115268970947,1.7773525520170366,-4.8991595252982325,-3.0347150506673737,-2.5711874065489764,0.8116258795517473,-1.035978714195854,3.971544582710554,-0.4467989748149475,1.6285298446205214
70.0,86.0,152.86680603027344,-2.0507059631710884,1.7673591714078931,-4.899733004755314,-3.0816628892556683,-3.068638544363294,0.8336847469482047,-1.0172520339674622,3.962125953203152,-0.452147481502814,0.7050980546705747
70.0,86.0,144.8328399658203,-2.125887625023052,1.772108043780913,-4.894429050856071,-3.0016699411971515,-2.537182168454329,0.8580550355501241,-1.0582945287836971,3.971476284477525,-0.4543547076459499,1.3318172140772568
70.0,86.0,157.47628784179688,-2.293004799491763,1.758846105190898,-4.902106237222362,-3.053408683396977,-2.4601111641422184,0.8086355900833122,-1.0263960346172134,3.581604668605264,-0.5060757372620084,1.33720201664983
70.0,86.0,155.38917541503906,-2.106011101066618,1.7568846313623323,-4.89888159774952,-3.08733424584246,-3.1035557753149847,0.8756624598537297,-1.0286728116128556,3.56225433086618,-0.4605761417817696,0.7013081579246323
70.0,86.0,150.86605834960938,-2.112016972675165,1.722253164073698,-4.888741568633118,-2.979873506748486,-2.5962601336085607,0.8149828191113487,-1.0362741504986,3.959120971312612,-0.4453575848282136,1.0329503922448942
70.0,86.0,185.1563415527344,-1.1045015044881543,2.0394914040046315,-4.902741034330899,-3.033056741180545,-2.540287605300343,0.4607351206112166,-1.0469572497918882,4.320673939111806,-0.7875329213001536,0.6335255266750248
70.0,86.0,159.69412231445312,-2.21963507341297,1.850328278453232,-4.863205470948095,-3.7754689176902456,-3.045361023325458,0.837599674561319,-1.0212324909712558,3.56024233985072,-0.4482199517405474,0.7422656486335322
70.0,86.0,160.38934326171875,-2.1239526524329047,1.7532778008160277,-4.793683137872873,-2.992665936417859,-3.0883299703921034,0.7444479414625762,-1.0498487622640318,3.959048847339001,-0.7967959506285662,0.7170082799296202
70.0,86.0,167.33126831054688,-2.195243219696053,1.732912456716364,-4.952303408796997,-3.0404810004496574,-2.486837149312666,0.9725129987175968,-1.040432910076463,4.327298931424326,-0.5054700396972046,0.7183652077019171
70.0,86.0,155.30633544921875,-2.110355142561264,1.7355664246072802,-4.897661520156259,-3.0945963635771343,-3.0647722813398968,0.8256285834289196,-1.0204516952792135,4.389633871132414,-0.4667985076585941,0.7287559592886229
70.0,86.0,158.0673828125,-2.13478528945232,1.8441109636686763,-4.929363763692761,-3.1294766675918138,-3.0546509867568057,1.330469986782295,-1.0107985278553162,3.543151829295136,-0.4498499097984712,0.7093224768745058
70.0,86.0,169.85333251953125,-2.055711662093257,1.8659555659339937,-4.855652505076746,-3.0215693665045227,-2.546018628036218,0.8330939374040801,-1.0232626088218308,2.720657633219541,-0.463054370186035,0.7108280334905483
70.0,86.0,166.35174560546875,-2.1839826523029533,1.7317492785414006,-4.863157585567276,-3.029274897849917,-3.064382047472599,1.331655290503512,-1.1420135338704025,4.388284810045576,-0.4504803565165269,0.7005964702626328
70.0,86.0,165.263427734375,-2.025108824505472,1.819420873531608,-4.880777358367313,-3.048511178555349,-3.076473591889685,0.724041054625411,-1.045823708623605,4.79798916193166,-0.408550783489008,0.6991762171530035
70.0,86.0,152.64381408691406,-2.0901784363343694,1.7996446316242254,-4.899252706699094,-3.094029690512522,-3.0680854502609827,0.8332068551577954,-1.0239699127134063,3.974889820226194,-0.4553751126038328,0.7064393748489924
70.0,86.0,160.2692413330078,-1.055922459328694,1.7735920722761906,-4.937958133848109,-1.695201673496223,-3.064020344723154,0.8372423768827528,-1.0608401158966236,4.429729571994304,-0.4561175576200931,0.7202760905369371
70.0,87.0,157.60691833496094,-2.1221509371431435,1.8392303061078088,-4.902514539010984,-3.0864103908050646,-3.0538475418464337,0.8517324402109121,-1.0171489627324086,3.092931355225164,-0.4559853455206131,0.9824460715350812
70.0,87.0,161.15728759765625,-1.9534206856324816,1.7536378394229737,-4.890109816254475,-3.0956079319477503,-3.0662115030366284,0.8279698431872164,-1.019189610828445,4.304919778195342,-0.4515226464921155,0.7024576952550962
70.0,87.0,162.12002563476562,-2.064461842927496,1.7935466532309607,-4.901120978795082,-3.037351504864135,-2.9825109954659146,0.8614086155396931,-1.0144580723090246,3.120163282703889,-0.463391761074009,0.7101871668493809
70.0,87.0,150.92953491210938,-2.2128870618340644,1.7738868622700594,-4.893701528129691,-3.014687995434828,-2.5351567464319342,0.76326006195067,-1.0524761561422915,3.9517876727882766,-0.4707629394436048,1.3362591653674258
70.0,87.0,157.06150817871094,-2.1668333891262144,1.8050523153983689,-4.879919604388298,-3.0940140575821444,-3.067229156974224,0.851277483190287,-1.0255564109008373,4.019563202407274,-0.4600824396962098,0.6922493712776561
70.0,87.0,165.0949249267578,-2.1430933335971862,1.7468090118271338,-4.905180748907829,-3.046386210728684,-3.007232627062506,1.3738084906230097,-1.0119052884588242,2.78786993956882,-0.4453474930019477,0.7449628217751612
70.0,87.0,156.08035278320312,-2.1580996450789263,1.728328627406782,-4.879695436337815,-3.0850529772078543,-3.06587044186364,0.8359929899162684,-1.015638048938622,3.5437633377229565,-0.4462973345896071,0.7233871726910266
70.0,87.0,152.79067993164062,-2.093422370865988,1.7983879442835504,-4.8948872527118885,-3.0935374014388097,-3.065420797499045,0.8243284443811907,-1.029971861721276,3.953504968555522,-0.4515791902618848,0.730269155541836
70.0,87.0,148.01747131347656,-2.13643179196899,1.7860255328039587,-4.9000803762739205,-2.9884968552749007,-2.486438005198867,0.8637225529163732,-1.0477435457522837,3.961003119732546,-0.4550943496577187,1.5944652209362546
70.0,87.0,144.51522827148438,-2.144060832172081,1.7712082088934298,-4.893380504118484,-3.0007987864272687,-2.5196624767480027,0.8553075888356051,-1.0554020652660234,3.9726098019486233,-0.4544083046604929,1.3349029804223744
70.0,87.0,156.44171142578125,-2.1231105778624086,1.6969018088533865,-4.895219297657288,-3.027560961825183,-2.512576511538385,0.9097229783317364,-1.0294255791343536,3.893192140458407,-0.4565115045049354,1.6170039245337786
70.0,87.0,170.2739715576172,-2.1836136193466085,1.860432543569419,-4.882111739518141,-3.052913381219876,-2.5718144574025823,1.2070241509447737,-1.0301279964426735,3.875874681406751,-0.4532490226158499,0.6910742995879637
70.0,87.0,173.67227172851562,-2.1646056823246886,1.1567331807879595,-4.8105903676060136,-3.013613379534865,-2.583636882198834,0.835287605408539,-1.0938243602283872,4.033555325654239,-0.4065102878837661,1.3551329292515342
70.0,87.0,157.1793212890625,-2.17673112323086,1.7630889806315109,-4.947962877204266,-3.1028324367742366,-3.0636519528115214,0.8683887477877932,-1.019159302572574,3.972407963439197,-0.4467512917481424,0.6562931783266163
70.0,87.0,177.90628051757812,-0.9480992037287066,1.6698462529856726,-4.92126265432442,-3.066282443454009,-3.048841576344093,1.9184003846581128,-1.029547548154336,4.407033002134062,-0.5675828178794807,0.7291447687456702
70.0,87.0,148.70118713378906,-2.175036762050281,1.7502426505665656,-4.897131695176286,-3.004808928321152,-2.5301640716108205,0.9037154040830094,-1.0510833700900473,3.97173629076736,-0.4566313469377894,1.3003413602881788
70.0,87.0,151.11505126953125,-2.141922871684849,1.76284733145418,-4.948932470488158,-3.098069428985139,-2.495859677837108,0.8574922027994303,-1.0754162437453023,3.969849651307235,-0.4534398610246158,0.7098752707418358
70.0,87.0,160.43174743652344,-2.151459286441727,1.90423910518166,-4.8357974123900185,-3.0298650166629133,-3.0903990647852853,1.847914090673568,-1.0054713900790966,4.348106831105531,-0.4774927454416172,0.7122873759067002
70.0,87.0,160.01856994628906,-2.220169854322381,1.7733973193895476,-4.877059725003649,-3.0383700245191645,-3.032693759079466,0.8641455062900459,-1.053383293827007,3.117527630893025,-0.4452152258004726,0.7565709844852148
70.0,87.0,164.3545379638672,-1.9701342925239496,1.8070678766660897,-4.8871891824939,-3.09103336253199,-2.6608028428642565,1.3844508625882697,-1.0139624968587206,3.966728059489011,-0.4537134741471785,1.065169154753908
70.0,87.0,182.27554321289065,-2.236157338216832,1.8376096500214825,-4.903413699484513,-3.012708327099295,-2.299178592431043,0.8354746752191463,-1.0570736482884855,3.4605027510866035,-0.8017742337494442,1.0473986129238837
70.0,87.0,162.42245483398438,-2.276371482216354,1.8430791592060665,-4.9190204701254086,-2.982290361542568,-2.4737315590342943,0.256936230504504,-1.0477901106111365,3.976399032132635,-0.450679882479271,1.583588492787006
70.0,87.0,194.8916778564453,-2.049827407771498,1.718368103202781,-4.888665164641299,-3.854924386485969,-2.391728876499506,-0.2509762345972062,-1.0254218384807812,3.847822319421484,-1.4934398296031557,1.2728815586533822
70.0,87.0,153.1660919189453,-2.121447798556532,1.8336876551817392,-4.9380753146679925,-3.094233202647145,-3.0649950223856144,0.8354321701101891,-1.021508757068139,3.955010029302585,-0.4447028575291981,0.7080551592072115
70.0,87.0,145.85935974121094,-2.168577632074313,1.778094008358865,-4.893608284849606,-3.025543684705776,-2.5005093356396566,0.851520119492863,-1.0690225532494997,3.991659839891952,-0.4520966809418926,1.3310391416652638
70.0,87.0,157.2208251953125,-2.078902390364004,1.8054088290613584,-4.905215733128651,-3.0228964371605542,-2.4163427433169247,0.8474427340628556,-1.0679686863357087,2.812068160781544,-0.4536887736771893,1.333946024813891
70.0,87.0,173.24264526367188,-2.9723143171659294,1.7467743343781554,-4.8583524109262815,-3.132584168219534,-3.071824124186589,0.826754586818778,-0.0913498623214759,4.733588269388097,-0.4036389269487243,0.6670874524596352
70.0,87.0,158.58740234375,-2.19743009848025,1.7549870770575804,-4.898472339029639,-3.032058110552738,-2.435447897929983,1.8156643454378143,-1.0749176924004848,3.9188793858058464,-0.4611947418582927,1.3724767532011335
70.0,87.0,146.77362060546875,-2.130480125645855,1.7664717261809315,-4.892195146344866,-2.990303968641285,-2.518764214557679,0.8385258712180863,-1.0498051094347478,3.952851469258109,-0.4576880361606543,1.359375025549752
70.0,87.0,175.5135955810547,-3.9090488953949887,1.7859067540409015,-4.947877033145323,-2.438215959708819,-3.083639817184455,0.8145819375545251,-0.9752124298710154,3.60916111720354,-0.4453514141807003,1.3071532897292408
70.0,87.0,161.4113006591797,-2.172676360606893,1.7635506875085185,-4.892228017163345,-3.026597603099842,-2.444066448884473,0.793932859091983,-1.0728000933362756,3.9542344060012935,-0.4021210027279306,0.6468136207301118
70.0,87.0,159.2979736328125,-1.9945350412863985,1.824678023539944,-4.902035856525711,-3.0917084676796307,-2.625646154291458,0.8120175794309271,-0.9907606726888484,3.9815628184099854,-0.4540345480830779,1.2910521185880492
70.0,87.0,163.6135711669922,-2.076892552782193,1.833096059109261,-4.887795476568548,-3.18470367408577,-2.4169573525694608,0.8317295027868403,-1.0145759126695362,3.995879628567279,-0.4743846797638456,1.6229718242090048
70.0,87.0,146.584716796875,-2.103115268970947,1.7773525520170366,-4.8991595252982325,-3.0347150506673737,-2.5711874065489764,0.8116258795517473,-1.035978714195854,3.971544582710554,-0.4467989748149475,1.6285298446205214
70.0,87.0,152.86680603027344,-2.0507059631710884,1.7673591714078931,-4.899733004755314,-3.0816628892556683,-3.068638544363294,0.8336847469482047,-1.0172520339674622,3.962125953203152,-0.452147481502814,0.7050980546705747
70.0,87.0,144.8328399658203,-2.125887625023052,1.772108043780913,-4.894429050856071,-3.0016699411971515,-2.537182168454329,0.8580550355501241,-1.0582945287836971,3.971476284477525,-0.4543547076459499,1.3318172140772568
70.0,87.0,157.47628784179688,-2.293004799491763,1.758846105190898,-4.902106237222362,-3.053408683396977,-2.4601111641422184,0.8086355900833122,-1.0263960346172134,3.581604668605264,-0.5060757372620084,1.33720201664983
70.0,87.0,155.38917541503906,-2.106011101066618,1.7568846313623323,-4.89888159774952,-3.08733424584246,-3.1035557753149847,0.8756624598537297,-1.0286728116128556,3.56225433086618,-0.4605761417817696,0.7013081579246323
70.0,87.0,150.86605834960938,-2.112016972675165,1.722253164073698,-4.888741568633118,-2.979873506748486,-2.5962601336085607,0.8149828191113487,-1.0362741504986,3.959120971312612,-0.4453575848282136,1.0329503922448942
70.0,87.0,185.1563415527344,-1.1045015044881543,2.0394914040046315,-4.902741034330899,-3.033056741180545,-2.540287605300343,0.4607351206112166,-1.0469572497918882,4.320673939111806,-0.7875329213001536,0.6335255266750248
70.0,87.0,159.69412231445312,-2.21963507341297,1.850328278453232,-4.863205470948095,-3.7754689176902456,-3.045361023325458,0.837599674561319,-1.0212324909712558,3.56024233985072,-0.4482199517405474,0.7422656486335322
70.0,87.0,160.38934326171875,-2.1239526524329047,1.7532778008160277,-4.793683137872873,-2.992665936417859,-3.0883299703921034,0.7444479414625762,-1.0498487622640318,3.959048847339001,-0.7967959506285662,0.7170082799296202
70.0,87.0,167.33126831054688,-2.195243219696053,1.732912456716364,-4.952303408796997,-3.0404810004496574,-2.486837149312666,0.9725129987175968,-1.040432910076463,4.327298931424326,-0.5054700396972046,0.7183652077019171
70.0,87.0,155.30633544921875,-2.110355142561264,1.7355664246072802,-4.897661520156259,-3.0945963635771343,-3.0647722813398968,0.8256285834289196,-1.0204516952792135,4.389633871132414,-0.4667985076585941,0.7287559592886229
70.0,87.0,158.0673828125,-2.13478528945232,1.8441109636686763,-4.929363763692761,-3.1294766675918138,-3.0546509867568057,1.330469986782295,-1.0107985278553162,3.543151829295136,-0.4498499097984712,0.7093224768745058
70.0,87.0,166.8518524169922,-2.212378550376308,1.789403063735365,-4.878192445969648,-3.042726450999623,-2.543340182055821,0.8592953867377118,-1.017002101288255,4.0377287723329545,-0.4731057142793806,1.0932591395363156
70.0,87.0,166.35174560546875,-2.1839826523029533,1.7317492785414006,-4.863157585567276,-3.029274897849917,-3.064382047472599,1.331655290503512,-1.1420135338704025,4.388284810045576,-0.4504803565165269,0.7005964702626328
70.0,87.0,165.263427734375,-2.025108824505472,1.819420873531608,-4.880777358367313,-3.048511178555349,-3.076473591889685,0.724041054625411,-1.045823708623605,4.79798916193166,-0.408550783489008,0.6991762171530035
70.0,87.0,152.64381408691406,-2.0901784363343694,1.7996446316242254,-4.899252706699094,-3.094029690512522,-3.0680854502609827,0.8332068551577954,-1.0239699127134063,3.974889820226194,-0.4553751126038328,0.7064393748489924
70.0,87.0,160.2692413330078,-1.055922459328694,1.7735920722761906,-4.937958133848109,-1.695201673496223,-3.064020344723154,0.8372423768827528,-1.0608401158966236,4.429729571994304,-0.4561175576200931,0.7202760905369371
70.0,88.0,157.60691833496094,-2.1221509371431435,1.8392303061078088,-4.902514539010984,-3.0864103908050646,-3.0538475418464337,0.8517324402109121,-1.0171489627324086,3.092931355225164,-0.4559853455206131,0.9824460715350812
70.0,88.0,161.15728759765625,-1.9534206856324816,1.7536378394229737,-4.890109816254475,-3.0956079319477503,-3.0662115030366284,0.8279698431872164,-1.019189610828445,4.304919778195342,-0.4515226464921155,0.7024576952550962
70.0,88.0,162.12002563476562,-2.064461842927496,1.7935466532309607,-4.901120978795082,-3.037351504864135,-2.9825109954659146,0.8614086155396931,-1.0144580723090246,3.120163282703889,-0.463391761074009,0.7101871668493809
70.0,88.0,150.92953491210938,-2.2128870618340644,1.7738868622700594,-4.893701528129691,-3.014687995434828,-2.5351567464319342,0.76326006195067,-1.0524761561422915,3.9517876727882766,-0.4707629394436048,1.3362591653674258
70.0,88.0,157.06150817871094,-2.1668333891262144,1.8050523153983689,-4.879919604388298,-3.0940140575821444,-3.067229156974224,0.851277483190287,-1.0255564109008373,4.019563202407274,-0.4600824396962098,0.6922493712776561
70.0,88.0,165.0949249267578,-2.1430933335971862,1.7468090118271338,-4.905180748907829,-3.046386210728684,-3.007232627062506,1.3738084906230097,-1.0119052884588242,2.78786993956882,-0.4453474930019477,0.7449628217751612
70.0,88.0,156.08035278320312,-2.1580996450789263,1.728328627406782,-4.879695436337815,-3.0850529772078543,-3.06587044186364,0.8359929899162684,-1.015638048938622,3.5437633377229565,-0.4462973345896071,0.7233871726910266
70.0,88.0,152.79067993164062,-2.093422370865988,1.7983879442835504,-4.8948872527118885,-3.0935374014388097,-3.065420797499045,0.8243284443811907,-1.029971861721276,3.953504968555522,-0.4515791902618848,0.730269155541836
70.0,88.0,148.01747131347656,-2.13643179196899,1.7860255328039587,-4.9000803762739205,-2.9884968552749007,-2.486438005198867,0.8637225529163732,-1.0477435457522837,3.961003119732546,-0.4550943496577187,1.5944652209362546
70.0,88.0,144.51522827148438,-2.144060832172081,1.7712082088934298,-4.893380504118484,-3.0007987864272687,-2.5196624767480027,0.8553075888356051,-1.0554020652660234,3.9726098019486233,-0.4544083046604929,1.3349029804223744
70.0,88.0,151.96095275878906,-2.143966902311373,1.7054795575188315,-4.899169330451661,-3.021303919604508,-2.479985922594689,0.8037150137299377,-1.0435069805183703,4.018764821403902,-0.4531721248066303,1.6484131308285552
70.0,88.0,170.2739715576172,-2.1836136193466085,1.860432543569419,-4.882111739518141,-3.052913381219876,-2.5718144574025823,1.2070241509447737,-1.0301279964426735,3.875874681406751,-0.4532490226158499,0.6910742995879637
70.0,88.0,166.15147399902344,-2.178430207090877,1.876478335744434,-4.731960317205711,-3.016826067896049,-2.6511473432566235,0.8181060963032915,-1.080545449563309,4.007315591070504,-0.4406137086410853,1.3514005383256589
70.0,88.0,147.0053253173828,-2.098451805113783,1.7556861071980572,-4.9133595333707945,-3.063456787049567,-2.491211478048408,0.7917523753370153,-1.045736149299787,3.98404142629308,-0.4570958596593532,1.0159428153736432
70.0,88.0,177.90628051757812,-0.9480992037287066,1.6698462529856726,-4.92126265432442,-3.066282443454009,-3.048841576344093,1.9184003846581128,-1.029547548154336,4.407033002134062,-0.5675828178794807,0.7291447687456702
70.0,88.0,148.70118713378906,-2.175036762050281,1.7502426505665656,-4.897131695176286,-3.004808928321152,-2.5301640716108205,0.9037154040830094,-1.0510833700900473,3.97173629076736,-0.4566313469377894,1.3003413602881788
70.0,88.0,148.2188720703125,-2.147342163288545,1.756409851680014,-4.915575666784404,-3.0024412634416464,-2.4147971516394566,0.855962262036892,-1.0364302023565777,3.971915357440564,-0.4546921695733917,1.299142441478612
70.0,88.0,160.43174743652344,-2.151459286441727,1.90423910518166,-4.8357974123900185,-3.0298650166629133,-3.0903990647852853,1.847914090673568,-1.0054713900790966,4.348106831105531,-0.4774927454416172,0.7122873759067002
70.0,88.0,160.01856994628906,-2.220169854322381,1.7733973193895476,-4.877059725003649,-3.0383700245191645,-3.032693759079466,0.8641455062900459,-1.053383293827007,3.117527630893025,-0.4452152258004726,0.7565709844852148
70.0,88.0,164.3545379638672,-1.9701342925239496,1.8070678766660897,-4.8871891824939,-3.09103336253199,-2.6608028428642565,1.3844508625882697,-1.0139624968587206,3.966728059489011,-0.4537134741471785,1.065169154753908
70.0,88.0,179.33163452148438,-1.880275749728992,1.8039105801713031,-4.866920558378911,-3.047929128699991,-2.3749511402788444,0.8474381528603032,-1.0565990674170238,4.305572201959306,-0.4548285754792052,1.4384341599993054
70.0,88.0,162.42245483398438,-2.276371482216354,1.8430791592060665,-4.9190204701254086,-2.982290361542568,-2.4737315590342943,0.256936230504504,-1.0477901106111365,3.976399032132635,-0.450679882479271,1.583588492787006
70.0,88.0,194.8916778564453,-2.049827407771498,1.718368103202781,-4.888665164641299,-3.854924386485969,-2.391728876499506,-0.2509762345972062,-1.0254218384807812,3.847822319421484,-1.4934398296031557,1.2728815586533822
70.0,88.0,153.1660919189453,-2.121447798556532,1.8336876551817392,-4.9380753146679925,-3.094233202647145,-3.0649950223856144,0.8354321701101891,-1.021508757068139,3.955010029302585,-0.4447028575291981,0.7080551592072115
70.0,88.0,144.51345825195312,-2.1502382839363734,1.7837654683193436,-4.893613711102304,-3.0084406110865167,-2.4979127996292414,0.8631427214511707,-1.051455708190746,3.9822715555388974,-0.45601633294366,1.3321715191629817
70.0,88.0,157.2208251953125,-2.078902390364004,1.8054088290613584,-4.905215733128651,-3.0228964371605542,-2.4163427433169247,0.8474427340628556,-1.0679686863357087,2.812068160781544,-0.4536887736771893,1.333946024813891
70.0,88.0,173.24264526367188,-2.9723143171659294,1.7467743343781554,-4.8583524109262815,-3.132584168219534,-3.071824124186589,0.826754586818778,-0.0913498623214759,4.733588269388097,-0.4036389269487243,0.6670874524596352
70.0,88.0,158.58740234375,-2.19743009848025,1.7549870770575804,-4.898472339029639,-3.032058110552738,-2.435447897929983,1.8156643454378143,-1.0749176924004848,3.9188793858058464,-0.4611947418582927,1.3724767532011335
70.0,88.0,144.17312622070312,-2.122925511447345,1.7682108005903368,-4.892860841612453,-2.9931664156385223,-2.5136175774043656,0.8474351537170295,-1.0495260142316798,3.9684615080268935,-0.4593006311663573,1.3177578130269203
70.0,88.0,175.5135955810547,-3.9090488953949887,1.7859067540409015,-4.947877033145323,-2.438215959708819,-3.083639817184455,0.8145819375545251,-0.9752124298710154,3.60916111720354,-0.4453514141807003,1.3071532897292408
70.0,88.0,161.4113006591797,-2.172676360606893,1.7635506875085185,-4.892228017163345,-3.026597603099842,-2.444066448884473,0.793932859091983,-1.0728000933362756,3.9542344060012935,-0.4021210027279306,0.6468136207301118
70.0,88.0,153.4196319580078,-2.1475906078293137,1.7791767563193286,-4.895218197736161,-2.945355449875972,-2.6112293550748347,0.9003189400412179,-1.0330522496744492,3.977087610146881,-0.4539468805133058,1.301316686820412
70.0,88.0,163.6135711669922,-2.076892552782193,1.833096059109261,-4.887795476568548,-3.18470367408577,-2.4169573525694608,0.8317295027868403,-1.0145759126695362,3.995879628567279,-0.4743846797638456,1.6229718242090048
70.0,88.0,146.584716796875,-2.103115268970947,1.7773525520170366,-4.8991595252982325,-3.0347150506673737,-2.5711874065489764,0.8116258795517473,-1.035978714195854,3.971544582710554,-0.4467989748149475,1.6285298446205214
70.0,88.0,152.86680603027344,-2.0507059631710884,1.7673591714078931,-4.899733004755314,-3.0816628892556683,-3.068638544363294,0.8336847469482047,-1.0172520339674622,3.962125953203152,-0.452147481502814,0.7050980546705747
70.0,88.0,144.8328399658203,-2.125887625023052,1.772108043780913,-4.894429050856071,-3.0016699411971515,-2.537182168454329,0.8580550355501241,-1.0582945287836971,3.971476284477525,-0.4543547076459499,1.3318172140772568
70.0,88.0,157.47628784179688,-2.293004799491763,1.758846105190898,-4.902106237222362,-3.053408683396977,-2.4601111641422184,0.8086355900833122,-1.0263960346172134,3.581604668605264,-0.5060757372620084,1.33720201664983
70.0,88.0,155.38917541503906,-2.106011101066618,1.7568846313623323,-4.89888159774952,-3.08733424584246,-3.1035557753149847,0.8756624598537297,-1.0286728116128556,3.56225433086618,-0.4605761417817696,0.7013081579246323
70.0,88.0,150.86605834960938,-2.112016972675165,1.722253164073698,-4.888741568633118,-2.979873506748486,-2.5962601336085607,0.8149828191113487,-1.0362741504986,3.959120971312612,-0.4453575848282136,1.0329503922448942
70.0,88.0,185.1563415527344,-1.1045015044881543,2.0394914040046315,-4.902741034330899,-3.033056741180545,-2.540287605300343,0.4607351206112166,-1.0469572497918882,4.320673939111806,-0.7875329213001536,0.6335255266750248
70.0,88.0,159.69412231445312,-2.21963507341297,1.850328278453232,-4.863205470948095,-3.7754689176902456,-3.045361023325458,0.837599674561319,-1.0212324909712558,3.56024233985072,-0.4482199517405474,0.7422656486335322
70.0,88.0,160.38934326171875,-2.1239526524329047,1.7532778008160277,-4.793683137872873,-2.992665936417859,-3.0883299703921034,0.7444479414625762,-1.0498487622640318,3.959048847339001,-0.7967959506285662,0.7170082799296202
70.0,88.0,167.33126831054688,-2.195243219696053,1.732912456716364,-4.952303408796997,-3.0404810004496574,-2.486837149312666,0.9725129987175968,-1.040432910076463,4.327298931424326,-0.5054700396972046,0.7183652077019171
70.0,88.0,155.30633544921875,-2.110355142561264,1.7355664246072802,-4.897661520156259,-3.0945963635771343,-3.0647722813398968,0.8256285834289196,-1.0204516952792135,4.389633871132414,-0.4667985076585941,0.7287559592886229
70.0,88.0,158.0673828125,-2.13478528945232,1.8441109636686763,-4.929363763692761,-3.1294766675918138,-3.0546509867568057,1.330469986782295,-1.0107985278553162,3.543151829295136,-0.4498499097984712,0.7093224768745058
70.0,88.0,151.25607299804688,-2.172037136009037,1.7295055121999343,-4.886813252907739,-3.044272093932116,-2.527211347557737,0.8736419156014977,-1.0803740810791176,4.326682419773425,-0.4568381444550614,1.020613823807618
70.0,88.0,166.35174560546875,-2.1839826523029533,1.7317492785414006,-4.863157585567276,-3.029274897849917,-3.064382047472599,1.331655290503512,-1.1420135338704025,4.388284810045576,-0.4504803565165269,0.7005964702626328
70.0,88.0,165.263427734375,-2.025108824505472,1.819420873531608,-4.880777358367313,-3.048511178555349,-3.076473591889685,0.724041054625411,-1.045823708623605,4.79798916193166,-0.408550783489008,0.6991762171530035
70.0,88.0,152.64381408691406,-2.0901784363343694,1.7996446316242254,-4.899252706699094,-3.094029690512522,-3.0680854502609827,0.8332068551577954,-1.0239699127134063,3.974889820226194,-0.4553751126038328,0.7064393748489924
70.0,88.0,160.2692413330078,-1.055922459328694,1.7735920722761906,-4.937958133848109,-1.695201673496223,-3.064020344723154,0.8372423768827528,-1.0608401158966236,4.429729571994304,-0.4561175576200931,0.7202760905369371
70.0,89.0,157.60691833496094,-2.1221509371431435,1.8392303061078088,-4.902514539010984,-3.0864103908050646,-3.0538475418464337,0.8517324402109121,-1.0171489627324086,3.092931355225164,-0.4559853455206131,0.9824460715350812
70.0,89.0,161.15728759765625,-1.9534206856324816,1.7536378394229737,-4.890109816254475,-3.0956079319477503,-3.0662115030366284,0.8279698431872164,-1.019189610828445,4.304919778195342,-0.4515226464921155,0.7024576952550962
70.0,89.0,162.12002563476562,-2.064461842927496,1.7935466532309607,-4.901120978795082,-3.037351504864135,-2.9825109954659146,0.8614086155396931,-1.0144580723090246,3.120163282703889,-0.463391761074009,0.7101871668493809
70.0,89.0,150.92953491210938,-2.2128870618340644,1.7738868622700594,-4.893701528129691,-3.014687995434828,-2.5351567464319342,0.76326006195067,-1.0524761561422915,3.9517876727882766,-0.4707629394436048,1.3362591653674258
70.0,89.0,157.06150817871094,-2.1668333891262144,1.8050523153983689,-4.879919604388298,-3.0940140575821444,-3.067229156974224,0.851277483190287,-1.0255564109008373,4.019563202407274,-0.4600824396962098,0.6922493712776561
70.0,89.0,165.0949249267578,-2.1430933335971862,1.7468090118271338,-4.905180748907829,-3.046386210728684,-3.007232627062506,1.3738084906230097,-1.0119052884588242,2.78786993956882,-0.4453474930019477,0.7449628217751612
70.0,89.0,156.08035278320312,-2.1580996450789263,1.728328627406782,-4.879695436337815,-3.0850529772078543,-3.06587044186364,0.8359929899162684,-1.015638048938622,3.5437633377229565,-0.4462973345896071,0.7233871726910266
70.0,89.0,152.79067993164062,-2.093422370865988,1.7983879442835504,-4.8948872527118885,-3.0935374014388097,-3.065420797499045,0.8243284443811907,-1.029971861721276,3.953504968555522,-0.4515791902618848,0.730269155541836
70.0,89.0,148.01747131347656,-2.13643179196899,1.7860255328039587,-4.9000803762739205,-2.9884968552749007,-2.486438005198867,0.8637225529163732,-1.0477435457522837,3.961003119732546,-0.4550943496577187,1.5944652209362546
70.0,89.0,144.51522827148438,-2.144060832172081,1.7712082088934298,-4.893380504118484,-3.0007987864272687,-2.5196624767480027,0.8553075888356051,-1.0554020652660234,3.9726098019486233,-0.4544083046604929,1.3349029804223744
70.0,89.0,151.96095275878906,-2.143966902311373,1.7054795575188315,-4.899169330451661,-3.021303919604508,-2.479985922594689,0.8037150137299377,-1.0435069805183703,4.018764821403902,-0.4531721248066303,1.6484131308285552
70.0,89.0,170.2739715576172,-2.1836136193466085,1.860432543569419,-4.882111739518141,-3.052913381219876,-2.5718144574025823,1.2070241509447737,-1.0301279964426735,3.875874681406751,-0.4532490226158499,0.6910742995879637
70.0,89.0,154.6591796875,-2.151190006212042,1.729506839301597,-4.7830072233045495,-2.966763734195653,-2.6013986342317774,0.8290558962520533,-1.042591969644342,3.977262381546526,-0.4830052403296871,1.3232216605101548
70.0,89.0,147.0053253173828,-2.098451805113783,1.7556861071980572,-4.9133595333707945,-3.063456787049567,-2.491211478048408,0.7917523753370153,-1.045736149299787,3.98404142629308,-0.4570958596593532,1.0159428153736432
70.0,89.0,177.90628051757812,-0.9480992037287066,1.6698462529856726,-4.92126265432442,-3.066282443454009,-3.048841576344093,1.9184003846581128,-1.029547548154336,4.407033002134062,-0.5675828178794807,0.7291447687456702
70.0,89.0,148.70118713378906,-2.175036762050281,1.7502426505665656,-4.897131695176286,-3.004808928321152,-2.5301640716108205,0.9037154040830094,-1.0510833700900473,3.97173629076736,-0.4566313469377894,1.3003413602881788
70.0,89.0,148.2188720703125,-2.147342163288545,1.756409851680014,-4.915575666784404,-3.0024412634416464,-2.4147971516394566,0.855962262036892,-1.0364302023565777,3.971915357440564,-0.4546921695733917,1.299142441478612
70.0,89.0,160.43174743652344,-2.151459286441727,1.90423910518166,-4.8357974123900185,-3.0298650166629133,-3.0903990647852853,1.847914090673568,-1.0054713900790966,4.348106831105531,-0.4774927454416172,0.7122873759067002
70.0,89.0,160.01856994628906,-2.220169854322381,1.7733973193895476,-4.877059725003649,-3.0383700245191645,-3.032693759079466,0.8641455062900459,-1.053383293827007,3.117527630893025,-0.4452152258004726,0.7565709844852148
70.0,89.0,164.3545379638672,-1.9701342925239496,1.8070678766660897,-4.8871891824939,-3.09103336253199,-2.6608028428642565,1.3844508625882697,-1.0139624968587206,3.966728059489011,-0.4537134741471785,1.065169154753908
70.0,89.0,179.33163452148438,-1.880275749728992,1.8039105801713031,-4.866920558378911,-3.047929128699991,-2.3749511402788444,0.8474381528603032,-1.0565990674170238,4.305572201959306,-0.4548285754792052,1.4384341599993054
70.0,89.0,162.42245483398438,-2.276371482216354,1.8430791592060665,-4.9190204701254086,-2.982290361542568,-2.4737315590342943,0.256936230504504,-1.0477901106111365,3.976399032132635,-0.450679882479271,1.583588492787006
70.0,89.0,194.8916778564453,-2.049827407771498,1.718368103202781,-4.888665164641299,-3.854924386485969,-2.391728876499506,-0.2509762345972062,-1.0254218384807812,3.847822319421484,-1.4934398296031557,1.2728815586533822
70.0,89.0,153.1660919189453,-2.121447798556532,1.8336876551817392,-4.9380753146679925,-3.094233202647145,-3.0649950223856144,0.8354321701101891,-1.021508757068139,3.955010029302585,-0.4447028575291981,0.7080551592072115
70.0,89.0,144.51345825195312,-2.1502382839363734,1.7837654683193436,-4.893613711102304,-3.0084406110865167,-2.4979127996292414,0.8631427214511707,-1.051455708190746,3.9822715555388974,-0.45601633294366,1.3321715191629817
70.0,89.0,157.2208251953125,-2.078902390364004,1.8054088290613584,-4.905215733128651,-3.0228964371605542,-2.4163427433169247,0.8474427340628556,-1.0679686863357087,2.812068160781544,-0.4536887736771893,1.333946024813891
70.0,89.0,173.24264526367188,-2.9723143171659294,1.7467743343781554,-4.8583524109262815,-3.132584168219534,-3.071824124186589,0.826754586818778,-0.0913498623214759,4.733588269388097,-0.4036389269487243,0.6670874524596352
70.0,89.0,158.58740234375,-2.19743009848025,1.7549870770575804,-4.898472339029639,-3.032058110552738,-2.435447897929983,1.8156643454378143,-1.0749176924004848,3.9188793858058464,-0.4611947418582927,1.3724767532011335
70.0,89.0,144.17312622070312,-2.122925511447345,1.7682108005903368,-4.892860841612453,-2.9931664156385223,-2.5136175774043656,0.8474351537170295,-1.0495260142316798,3.9684615080268935,-0.4593006311663573,1.3177578130269203
70.0,89.0,175.5135955810547,-3.9090488953949887,1.7859067540409015,-4.947877033145323,-2.438215959708819,-3.083639817184455,0.8145819375545251,-0.9752124298710154,3.60916111720354,-0.4453514141807003,1.3071532897292408
70.0,89.0,161.4113006591797,-2.172676360606893,1.7635506875085185,-4.892228017163345,-3.026597603099842,-2.444066448884473,0.793932859091983,-1.0728000933362756,3.9542344060012935,-0.4021210027279306,0.6468136207301118
70.0,89.0,153.4196319580078,-2.1475906078293137,1.7791767563193286,-4.895218197736161,-2.945355449875972,-2.6112293550748347,0.9003189400412179,-1.0330522496744492,3.977087610146881,-0.4539468805133058,1.301316686820412
70.0,89.0,158.95884704589844,-2.1303647089463684,1.7693423162812305,-4.892125463882136,-3.1412304839884504,-2.5379003069608714,0.8375469368232422,-1.0199368515244709,3.957747338547807,-0.4700277775051654,1.2508566208763487
70.0,89.0,146.584716796875,-2.103115268970947,1.7773525520170366,-4.8991595252982325,-3.0347150506673737,-2.5711874065489764,0.8116258795517473,-1.035978714195854,3.971544582710554,-0.4467989748149475,1.6285298446205214
70.0,89.0,152.86680603027344,-2.0507059631710884,1.7673591714078931,-4.899733004755314,-3.0816628892556683,-3.068638544363294,0.8336847469482047,-1.0172520339674622,3.962125953203152,-0.452147481502814,0.7050980546705747
70.0,89.0,144.8328399658203,-2.125887625023052,1.772108043780913,-4.894429050856071,-3.0016699411971515,-2.537182168454329,0.8580550355501241,-1.0582945287836971,3.971476284477525,-0.4543547076459499,1.3318172140772568
70.0,89.0,157.47628784179688,-2.293004799491763,1.758846105190898,-4.902106237222362,-3.053408683396977,-2.4601111641422184,0.8086355900833122,-1.0263960346172134,3.581604668605264,-0.5060757372620084,1.33720201664983
70.0,89.0,155.38917541503906,-2.106011101066618,1.7568846313623323,-4.89888159774952,-3.08733424584246,-3.1035557753149847,0.8756624598537297,-1.0286728116128556,3.56225433086618,-0.4605761417817696,0.7013081579246323
70.0,89.0,150.86605834960938,-2.112016972675165,1.722253164073698,-4.888741568633118,-2.979873506748486,-2.5962601336085607,0.8149828191113487,-1.0362741504986,3.959120971312612,-0.4453575848282136,1.0329503922448942
70.0,89.0,185.1563415527344,-1.1045015044881543,2.0394914040046315,-4.902741034330899,-3.033056741180545,-2.540287605300343,0.4607351206112166,-1.0469572497918882,4.320673939111806,-0.7875329213001536,0.6335255266750248
70.0,89.0,159.69412231445312,-2.21963507341297,1.850328278453232,-4.863205470948095,-3.7754689176902456,-3.045361023325458,0.837599674561319,-1.0212324909712558,3.56024233985072,-0.4482199517405474,0.7422656486335322
70.0,89.0,160.38934326171875,-2.1239526524329047,1.7532778008160277,-4.793683137872873,-2.992665936417859,-3.0883299703921034,0.7444479414625762,-1.0498487622640318,3.959048847339001,-0.7967959506285662,0.7170082799296202
70.0,89.0,167.33126831054688,-2.195243219696053,1.732912456716364,-4.952303408796997,-3.0404810004496574,-2.486837149312666,0.9725129987175968,-1.040432910076463,4.327298931424326,-0.5054700396972046,0.7183652077019171
70.0,89.0,155.30633544921875,-2.110355142561264,1.7355664246072802,-4.897661520156259,-3.0945963635771343,-3.0647722813398968,0.8256285834289196,-1.0204516952792135,4.389633871132414,-0.4667985076585941,0.7287559592886229
70.0,89.0,158.0673828125,-2.13478528945232,1.8441109636686763,-4.929363763692761,-3.1294766675918138,-3.0546509867568057,1.330469986782295,-1.0107985278553162,3.543151829295136,-0.4498499097984712,0.7093224768745058
70.0,89.0,151.25607299804688,-2.172037136009037,1.7295055121999343,-4.886813252907739,-3.044272093932116,-2.527211347557737,0.8736419156014977,-1.0803740810791176,4.326682419773425,-0.4568381444550614,1.020613823807618
70.0,89.0,166.35174560546875,-2.1839826523029533,1.7317492785414006,-4.863157585567276,-3.029274897849917,-3.064382047472599,1.331655290503512,-1.1420135338704025,4.388284810045576,-0.4504803565165269,0.7005964702626328
70.0,89.0,165.263427734375,-2.025108824505472,1.819420873531608,-4.880777358367313,-3.048511178555349,-3.076473591889685,0.724041054625411,-1.045823708623605,4.79798916193166,-0.408550783489008,0.6991762171530035
70.0,89.0,152.64381408691406,-2.0901784363343694,1.7996446316242254,-4.899252706699094,-3.094029690512522,-3.0680854502609827,0.8332068551577954,-1.0239699127134063,3.974889820226194,-0.4553751126038328,0.7064393748489924
70.0,89.0,160.2692413330078,-1.055922459328694,1.7735920722761906,-4.937958133848109,-1.695201673496223,-3.064020344723154,0.8372423768827528,-1.0608401158966236,4.429729571994304,-0.4561175576200931,0.7202760905369371
70.0,90.0,157.60691833496094,-2.1221509371431435,1.8392303061078088,-4.902514539010984,-3.0864103908050646,-3.0538475418464337,0.8517324402109121,-1.0171489627324086,3.092931355225164,-0.4559853455206131,0.9824460715350812
70.0,90.0,161.15728759765625,-1.9534206856324816,1.7536378394229737,-4.890109816254475,-3.0956079319477503,-3.0662115030366284,0.8279698431872164,-1.019189610828445,4.304919778195342,-0.4515226464921155,0.7024576952550962
70.0,90.0,162.12002563476562,-2.064461842927496,1.7935466532309607,-4.901120978795082,-3.037351504864135,-2.9825109954659146,0.8614086155396931,-1.0144580723090246,3.120163282703889,-0.463391761074009,0.7101871668493809
70.0,90.0,147.57850646972656,-2.166994863662588,1.7821547475271284,-4.895316343397751,-3.0102592807854123,-2.5178261606249435,0.9020589677891142,-1.053771240387177,3.980875827604507,-0.4601936190562893,1.3320887463977666
70.0,90.0,157.06150817871094,-2.1668333891262144,1.8050523153983689,-4.879919604388298,-3.0940140575821444,-3.067229156974224,0.851277483190287,-1.0255564109008373,4.019563202407274,-0.4600824396962098,0.6922493712776561
70.0,90.0,165.0949249267578,-2.1430933335971862,1.7468090118271338,-4.905180748907829,-3.046386210728684,-3.007232627062506,1.3738084906230097,-1.0119052884588242,2.78786993956882,-0.4453474930019477,0.7449628217751612
70.0,90.0,156.08035278320312,-2.1580996450789263,1.728328627406782,-4.879695436337815,-3.0850529772078543,-3.06587044186364,0.8359929899162684,-1.015638048938622,3.5437633377229565,-0.4462973345896071,0.7233871726910266
70.0,90.0,152.79067993164062,-2.093422370865988,1.7983879442835504,-4.8948872527118885,-3.0935374014388097,-3.065420797499045,0.8243284443811907,-1.029971861721276,3.953504968555522,-0.4515791902618848,0.730269155541836
70.0,90.0,148.01747131347656,-2.13643179196899,1.7860255328039587,-4.9000803762739205,-2.9884968552749007,-2.486438005198867,0.8637225529163732,-1.0477435457522837,3.961003119732546,-0.4550943496577187,1.5944652209362546
70.0,90.0,144.51522827148438,-2.144060832172081,1.7712082088934298,-4.893380504118484,-3.0007987864272687,-2.5196624767480027,0.8553075888356051,-1.0554020652660234,3.9726098019486233,-0.4544083046604929,1.3349029804223744
70.0,90.0,151.96095275878906,-2.143966902311373,1.7054795575188315,-4.899169330451661,-3.021303919604508,-2.479985922594689,0.8037150137299377,-1.0435069805183703,4.018764821403902,-0.4531721248066303,1.6484131308285552
70.0,90.0,170.2739715576172,-2.1836136193466085,1.860432543569419,-4.882111739518141,-3.052913381219876,-2.5718144574025823,1.2070241509447737,-1.0301279964426735,3.875874681406751,-0.4532490226158499,0.6910742995879637
70.0,90.0,150.23922729492188,-2.1262107065036044,1.7341266016515828,-4.8983257919732175,-2.9616225239355853,-2.560354915900474,0.8605231889913046,-1.0299133082126453,3.9529803388656384,-0.4790492490249003,1.3022591782634994
70.0,90.0,147.0053253173828,-2.098451805113783,1.7556861071980572,-4.9133595333707945,-3.063456787049567,-2.491211478048408,0.7917523753370153,-1.045736149299787,3.98404142629308,-0.4570958596593532,1.0159428153736432
70.0,90.0,177.90628051757812,-0.9480992037287066,1.6698462529856726,-4.92126265432442,-3.066282443454009,-3.048841576344093,1.9184003846581128,-1.029547548154336,4.407033002134062,-0.5675828178794807,0.7291447687456702
70.0,90.0,148.70118713378906,-2.175036762050281,1.7502426505665656,-4.897131695176286,-3.004808928321152,-2.5301640716108205,0.9037154040830094,-1.0510833700900473,3.97173629076736,-0.4566313469377894,1.3003413602881788
70.0,90.0,148.2188720703125,-2.147342163288545,1.756409851680014,-4.915575666784404,-3.0024412634416464,-2.4147971516394566,0.855962262036892,-1.0364302023565777,3.971915357440564,-0.4546921695733917,1.299142441478612
70.0,90.0,160.43174743652344,-2.151459286441727,1.90423910518166,-4.8357974123900185,-3.0298650166629133,-3.0903990647852853,1.847914090673568,-1.0054713900790966,4.348106831105531,-0.4774927454416172,0.7122873759067002
70.0,90.0,160.01856994628906,-2.220169854322381,1.7733973193895476,-4.877059725003649,-3.0383700245191645,-3.032693759079466,0.8641455062900459,-1.053383293827007,3.117527630893025,-0.4452152258004726,0.7565709844852148
70.0,90.0,164.3545379638672,-1.9701342925239496,1.8070678766660897,-4.8871891824939,-3.09103336253199,-2.6608028428642565,1.3844508625882697,-1.0139624968587206,3.966728059489011,-0.4537134741471785,1.065169154753908
70.0,90.0,179.33163452148438,-1.880275749728992,1.8039105801713031,-4.866920558378911,-3.047929128699991,-2.3749511402788444,0.8474381528603032,-1.0565990674170238,4.305572201959306,-0.4548285754792052,1.4384341599993054
70.0,90.0,162.42245483398438,-2.276371482216354,1.8430791592060665,-4.9190204701254086,-2.982290361542568,-2.4737315590342943,0.256936230504504,-1.0477901106111365,3.976399032132635,-0.450679882479271,1.583588492787006
70.0,90.0,194.8916778564453,-2.049827407771498,1.718368103202781,-4.888665164641299,-3.854924386485969,-2.391728876499506,-0.2509762345972062,-1.0254218384807812,3.847822319421484,-1.4934398296031557,1.2728815586533822
70.0,90.0,153.1660919189453,-2.121447798556532,1.8336876551817392,-4.9380753146679925,-3.094233202647145,-3.0649950223856144,0.8354321701101891,-1.021508757068139,3.955010029302585,-0.4447028575291981,0.7080551592072115
70.0,90.0,144.51345825195312,-2.1502382839363734,1.7837654683193436,-4.893613711102304,-3.0084406110865167,-2.4979127996292414,0.8631427214511707,-1.051455708190746,3.9822715555388974,-0.45601633294366,1.3321715191629817
70.0,90.0,157.2208251953125,-2.078902390364004,1.8054088290613584,-4.905215733128651,-3.0228964371605542,-2.4163427433169247,0.8474427340628556,-1.0679686863357087,2.812068160781544,-0.4536887736771893,1.333946024813891
70.0,90.0,173.24264526367188,-2.9723143171659294,1.7467743343781554,-4.8583524109262815,-3.132584168219534,-3.071824124186589,0.826754586818778,-0.0913498623214759,4.733588269388097,-0.4036389269487243,0.6670874524596352
70.0,90.0,158.58740234375,-2.19743009848025,1.7549870770575804,-4.898472339029639,-3.032058110552738,-2.435447897929983,1.8156643454378143,-1.0749176924004848,3.9188793858058464,-0.4611947418582927,1.3724767532011335
70.0,90.0,144.17312622070312,-2.122925511447345,1.7682108005903368,-4.892860841612453,-2.9931664156385223,-2.5136175774043656,0.8474351537170295,-1.0495260142316798,3.9684615080268935,-0.4593006311663573,1.3177578130269203
70.0,90.0,175.5135955810547,-3.9090488953949887,1.7859067540409015,-4.947877033145323,-2.438215959708819,-3.083639817184455,0.8145819375545251,-0.9752124298710154,3.60916111720354,-0.4453514141807003,1.3071532897292408
70.0,90.0,161.4113006591797,-2.172676360606893,1.7635506875085185,-4.892228017163345,-3.026597603099842,-2.444066448884473,0.793932859091983,-1.0728000933362756,3.9542344060012935,-0.4021210027279306,0.6468136207301118
70.0,90.0,149.91162109375,-2.134084290764401,1.7657889359910173,-4.895906023523011,-3.0771842427930034,-2.585940242724761,0.80898738544452,-1.0479272848605654,3.972443145100576,-0.4479930410703885,1.2882097520566185
70.0,90.0,158.95884704589844,-2.1303647089463684,1.7693423162812305,-4.892125463882136,-3.1412304839884504,-2.5379003069608714,0.8375469368232422,-1.0199368515244709,3.957747338547807,-0.4700277775051654,1.2508566208763487
70.0,90.0,146.584716796875,-2.103115268970947,1.7773525520170366,-4.8991595252982325,-3.0347150506673737,-2.5711874065489764,0.8116258795517473,-1.035978714195854,3.971544582710554,-0.4467989748149475,1.6285298446205214
70.0,90.0,152.86680603027344,-2.0507059631710884,1.7673591714078931,-4.899733004755314,-3.0816628892556683,-3.068638544363294,0.8336847469482047,-1.0172520339674622,3.962125953203152,-0.452147481502814,0.7050980546705747
70.0,90.0,144.8328399658203,-2.125887625023052,1.772108043780913,-4.894429050856071,-3.0016699411971515,-2.537182168454329,0.8580550355501241,-1.0582945287836971,3.971476284477525,-0.4543547076459499,1.3318172140772568
70.0,90.0,157.47628784179688,-2.293004799491763,1.758846105190898,-4.902106237222362,-3.053408683396977,-2.4601111641422184,0.8086355900833122,-1.0263960346172134,3.581604668605264,-0.5060757372620084,1.33720201664983
70.0,90.0,155.38917541503906,-2.106011101066618,1.7568846313623323,-4.89888159774952,-3.08733424584246,-3.1035557753149847,0.8756624598537297,-1.0286728116128556,3.56225433086618,-0.4605761417817696,0.7013081579246323
70.0,90.0,150.86605834960938,-2.112016972675165,1.722253164073698,-4.888741568633118,-2.979873506748486,-2.5962601336085607,0.8149828191113487,-1.0362741504986,3.959120971312612,-0.4453575848282136,1.0329503922448942
70.0,90.0,185.1563415527344,-1.1045015044881543,2.0394914040046315,-4.902741034330899,-3.033056741180545,-2.540287605300343,0.4607351206112166,-1.0469572497918882,4.320673939111806,-0.7875329213001536,0.6335255266750248
70.0,90.0,159.69412231445312,-2.21963507341297,1.850328278453232,-4.863205470948095,-3.7754689176902456,-3.045361023325458,0.837599674561319,-1.0212324909712558,3.56024233985072,-0.4482199517405474,0.7422656486335322
70.0,90.0,160.38934326171875,-2.1239526524329047,1.7532778008160277,-4.793683137872873,-2.992665936417859,-3.0883299703921034,0.7444479414625762,-1.0498487622640318,3.959048847339001,-0.7967959506285662,0.7170082799296202
70.0,90.0,167.33126831054688,-2.195243219696053,1.732912456716364,-4.952303408796997,-3.0404810004496574,-2.486837149312666,0.9725129987175968,-1.040432910076463,4.327298931424326,-0.5054700396972046,0.7183652077019171
70.0,90.0,155.30633544921875,-2.110355142561264,1.7355664246072802,-4.897661520156259,-3.0945963635771343,-3.0647722813398968,0.8256285834289196,-1.0204516952792135,4.389633871132414,-0.4667985076585941,0.7287559592886229
70.0,90.0,158.0673828125,-2.13478528945232,1.8441109636686763,-4.929363763692761,-3.1294766675918138,-3.0546509867568057,1.330469986782295,-1.0107985278553162,3.543151829295136,-0.4498499097984712,0.7093224768745058
70.0,90.0,151.25607299804688,-2.172037136009037,1.7295055121999343,-4.886813252907739,-3.044272093932116,-2.527211347557737,0.8736419156014977,-1.0803740810791176,4.326682419773425,-0.4568381444550614,1.020613823807618
70.0,90.0,166.35174560546875,-2.1839826523029533,1.7317492785414006,-4.863157585567276,-3.029274897849917,-3.064382047472599,1.331655290503512,-1.1420135338704025,4.388284810045576,-0.4504803565165269,0.7005964702626328
70.0,90.0,165.263427734375,-2.025108824505472,1.819420873531608,-4.880777358367313,-3.048511178555349,-3.076473591889685,0.724041054625411,-1.045823708623605,4.79798916193166,-0.408550783489008,0.6991762171530035
70.0,90.0,152.64381408691406,-2.0901784363343694,1.7996446316242254,-4.899252706699094,-3.094029690512522,-3.0680854502609827,0.8332068551577954,-1.0239699127134063,3.974889820226194,-0.4553751126038328,0.7064393748489924
70.0,90.0,160.2692413330078,-1.055922459328694,1.7735920722761906,-4.937958133848109,-1.695201673496223,-3.064020344723154,0.8372423768827528,-1.0608401158966236,4.429729571994304,-0.4561175576200931,0.7202760905369371
70.0,91.0,157.60691833496094,-2.1221509371431435,1.8392303061078088,-4.902514539010984,-3.0864103908050646,-3.0538475418464337,0.8517324402109121,-1.0171489627324086,3.092931355225164,-0.4559853455206131,0.9824460715350812
70.0,91.0,161.15728759765625,-1.9534206856324816,1.7536378394229737,-4.890109816254475,-3.0956079319477503,-3.0662115030366284,0.8279698431872164,-1.019189610828445,4.304919778195342,-0.4515226464921155,0.7024576952550962
70.0,91.0,162.12002563476562,-2.064461842927496,1.7935466532309607,-4.901120978795082,-3.037351504864135,-2.9825109954659146,0.8614086155396931,-1.0144580723090246,3.120163282703889,-0.463391761074009,0.7101871668493809
70.0,91.0,146.97166442871094,-2.11370250540034,1.775677840266314,-4.897407165127826,-3.00454409642867,-2.5163782137045554,0.9085224298196748,-1.0461158236436836,3.973318629097964,-0.4553108147469107,1.3243545910188823
70.0,91.0,157.06150817871094,-2.1668333891262144,1.8050523153983689,-4.879919604388298,-3.0940140575821444,-3.067229156974224,0.851277483190287,-1.0255564109008373,4.019563202407274,-0.4600824396962098,0.6922493712776561
70.0,91.0,165.0949249267578,-2.1430933335971862,1.7468090118271338,-4.905180748907829,-3.046386210728684,-3.007232627062506,1.3738084906230097,-1.0119052884588242,2.78786993956882,-0.4453474930019477,0.7449628217751612
70.0,91.0,156.08035278320312,-2.1580996450789263,1.728328627406782,-4.879695436337815,-3.0850529772078543,-3.06587044186364,0.8359929899162684,-1.015638048938622,3.5437633377229565,-0.4462973345896071,0.7233871726910266
70.0,91.0,152.79067993164062,-2.093422370865988,1.7983879442835504,-4.8948872527118885,-3.0935374014388097,-3.065420797499045,0.8243284443811907,-1.029971861721276,3.953504968555522,-0.4515791902618848,0.730269155541836
70.0,91.0,148.01747131347656,-2.13643179196899,1.7860255328039587,-4.9000803762739205,-2.9884968552749007,-2.486438005198867,0.8637225529163732,-1.0477435457522837,3.961003119732546,-0.4550943496577187,1.5944652209362546
70.0,91.0,144.51522827148438,-2.144060832172081,1.7712082088934298,-4.893380504118484,-3.0007987864272687,-2.5196624767480027,0.8553075888356051,-1.0554020652660234,3.9726098019486233,-0.4544083046604929,1.3349029804223744
70.0,91.0,147.2763214111328,-2.139788053505827,1.8132301947105032,-4.897151793491274,-3.0286429549756795,-2.471301647845808,0.836398356571592,-1.0449774302385384,4.004717597717308,-0.4540838413369298,0.9982909324510528
70.0,91.0,170.2739715576172,-2.1836136193466085,1.860432543569419,-4.882111739518141,-3.052913381219876,-2.5718144574025823,1.2070241509447737,-1.0301279964426735,3.875874681406751,-0.4532490226158499,0.6910742995879637
70.0,91.0,144.7860870361328,-2.111277393428701,1.7748256359705554,-4.932087329901537,-3.0032794845965016,-2.487557603996266,0.8577268538894848,-1.052819214476036,3.955424322755966,-0.4716882482290308,1.3240186384809711
70.0,91.0,147.0053253173828,-2.098451805113783,1.7556861071980572,-4.9133595333707945,-3.063456787049567,-2.491211478048408,0.7917523753370153,-1.045736149299787,3.98404142629308,-0.4570958596593532,1.0159428153736432
70.0,91.0,177.90628051757812,-0.9480992037287066,1.6698462529856726,-4.92126265432442,-3.066282443454009,-3.048841576344093,1.9184003846581128,-1.029547548154336,4.407033002134062,-0.5675828178794807,0.7291447687456702
70.0,91.0,148.70118713378906,-2.175036762050281,1.7502426505665656,-4.897131695176286,-3.004808928321152,-2.5301640716108205,0.9037154040830094,-1.0510833700900473,3.97173629076736,-0.4566313469377894,1.3003413602881788
70.0,91.0,148.2188720703125,-2.147342163288545,1.756409851680014,-4.915575666784404,-3.0024412634416464,-2.4147971516394566,0.855962262036892,-1.0364302023565777,3.971915357440564,-0.4546921695733917,1.299142441478612
70.0,91.0,160.43174743652344,-2.151459286441727,1.90423910518166,-4.8357974123900185,-3.0298650166629133,-3.0903990647852853,1.847914090673568,-1.0054713900790966,4.348106831105531,-0.4774927454416172,0.7122873759067002
70.0,91.0,160.01856994628906,-2.220169854322381,1.7733973193895476,-4.877059725003649,-3.0383700245191645,-3.032693759079466,0.8641455062900459,-1.053383293827007,3.117527630893025,-0.4452152258004726,0.7565709844852148
70.0,91.0,164.3545379638672,-1.9701342925239496,1.8070678766660897,-4.8871891824939,-3.09103336253199,-2.6608028428642565,1.3844508625882697,-1.0139624968587206,3.966728059489011,-0.4537134741471785,1.065169154753908
70.0,91.0,179.33163452148438,-1.880275749728992,1.8039105801713031,-4.866920558378911,-3.047929128699991,-2.3749511402788444,0.8474381528603032,-1.0565990674170238,4.305572201959306,-0.4548285754792052,1.4384341599993054
70.0,91.0,162.42245483398438,-2.276371482216354,1.8430791592060665,-4.9190204701254086,-2.982290361542568,-2.4737315590342943,0.256936230504504,-1.0477901106111365,3.976399032132635,-0.450679882479271,1.583588492787006
70.0,91.0,194.8916778564453,-2.049827407771498,1.718368103202781,-4.888665164641299,-3.854924386485969,-2.391728876499506,-0.2509762345972062,-1.0254218384807812,3.847822319421484,-1.4934398296031557,1.2728815586533822
70.0,91.0,153.1660919189453,-2.121447798556532,1.8336876551817392,-4.9380753146679925,-3.094233202647145,-3.0649950223856144,0.8354321701101891,-1.021508757068139,3.955010029302585,-0.4447028575291981,0.7080551592072115
70.0,91.0,144.51345825195312,-2.1502382839363734,1.7837654683193436,-4.893613711102304,-3.0084406110865167,-2.4979127996292414,0.8631427214511707,-1.051455708190746,3.9822715555388974,-0.45601633294366,1.3321715191629817
70.0,91.0,157.2208251953125,-2.078902390364004,1.8054088290613584,-4.905215733128651,-3.0228964371605542,-2.4163427433169247,0.8474427340628556,-1.0679686863357087,2.812068160781544,-0.4536887736771893,1.333946024813891
70.0,91.0,173.24264526367188,-2.9723143171659294,1.7467743343781554,-4.8583524109262815,-3.132584168219534,-3.071824124186589,0.826754586818778,-0.0913498623214759,4.733588269388097,-0.4036389269487243,0.6670874524596352
70.0,91.0,158.58740234375,-2.19743009848025,1.7549870770575804,-4.898472339029639,-3.032058110552738,-2.435447897929983,1.8156643454378143,-1.0749176924004848,3.9188793858058464,-0.4611947418582927,1.3724767532011335
70.0,91.0,144.17312622070312,-2.122925511447345,1.7682108005903368,-4.892860841612453,-2.9931664156385223,-2.5136175774043656,0.8474351537170295,-1.0495260142316798,3.9684615080268935,-0.4593006311663573,1.3177578130269203
70.0,91.0,175.5135955810547,-3.9090488953949887,1.7859067540409015,-4.947877033145323,-2.438215959708819,-3.083639817184455,0.8145819375545251,-0.9752124298710154,3.60916111720354,-0.4453514141807003,1.3071532897292408
70.0,91.0,161.4113006591797,-2.172676360606893,1.7635506875085185,-4.892228017163345,-3.026597603099842,-2.444066448884473,0.793932859091983,-1.0728000933362756,3.9542344060012935,-0.4021210027279306,0.6468136207301118
70.0,91.0,144.577880859375,-2.1226409749964934,1.764181265154653,-4.896763521804709,-3.0566308955100814,-2.528327385242968,0.8553498989389501,-1.040889310096134,3.969114637279369,-0.4478771903224158,1.301868666372441
70.0,91.0,158.04330444335938,-2.170281593591808,1.791196203162819,-4.892456498320202,-2.957661152068796,-2.489969067249281,0.8460055293257105,-1.0303606478903362,3.974152800568881,-0.4747599034309047,1.0812427774635895
70.0,91.0,146.584716796875,-2.103115268970947,1.7773525520170366,-4.8991595252982325,-3.0347150506673737,-2.5711874065489764,0.8116258795517473,-1.035978714195854,3.971544582710554,-0.4467989748149475,1.6285298446205214
70.0,91.0,152.86680603027344,-2.0507059631710884,1.7673591714078931,-4.899733004755314,-3.0816628892556683,-3.068638544363294,0.8336847469482047,-1.0172520339674622,3.962125953203152,-0.452147481502814,0.7050980546705747
70.0,91.0,144.8328399658203,-2.125887625023052,1.772108043780913,-4.894429050856071,-3.0016699411971515,-2.537182168454329,0.8580550355501241,-1.0582945287836971,3.971476284477525,-0.4543547076459499,1.3318172140772568
70.0,91.0,157.47628784179688,-2.293004799491763,1.758846105190898,-4.902106237222362,-3.053408683396977,-2.4601111641422184,0.8086355900833122,-1.0263960346172134,3.581604668605264,-0.5060757372620084,1.33720201664983
70.0,91.0,155.38917541503906,-2.106011101066618,1.7568846313623323,-4.89888159774952,-3.08733424584246,-3.1035557753149847,0.8756624598537297,-1.0286728116128556,3.56225433086618,-0.4605761417817696,0.7013081579246323
70.0,91.0,150.86605834960938,-2.112016972675165,1.722253164073698,-4.888741568633118,-2.979873506748486,-2.5962601336085607,0.8149828191113487,-1.0362741504986,3.959120971312612,-0.4453575848282136,1.0329503922448942
70.0,91.0,185.1563415527344,-1.1045015044881543,2.0394914040046315,-4.902741034330899,-3.033056741180545,-2.540287605300343,0.4607351206112166,-1.0469572497918882,4.320673939111806,-0.7875329213001536,0.6335255266750248
70.0,91.0,159.69412231445312,-2.21963507341297,1.850328278453232,-4.863205470948095,-3.7754689176902456,-3.045361023325458,0.837599674561319,-1.0212324909712558,3.56024233985072,-0.4482199517405474,0.7422656486335322
70.0,91.0,160.38934326171875,-2.1239526524329047,1.7532778008160277,-4.793683137872873,-2.992665936417859,-3.0883299703921034,0.7444479414625762,-1.0498487622640318,3.959048847339001,-0.7967959506285662,0.7170082799296202
70.0,91.0,167.33126831054688,-2.195243219696053,1.732912456716364,-4.952303408796997,-3.0404810004496574,-2.486837149312666,0.9725129987175968,-1.040432910076463,4.327298931424326,-0.5054700396972046,0.7183652077019171
70.0,91.0,155.30633544921875,-2.110355142561264,1.7355664246072802,-4.897661520156259,-3.0945963635771343,-3.0647722813398968,0.8256285834289196,-1.0204516952792135,4.389633871132414,-0.4667985076585941,0.7287559592886229
70.0,91.0,158.0673828125,-2.13478528945232,1.8441109636686763,-4.929363763692761,-3.1294766675918138,-3.0546509867568057,1.330469986782295,-1.0107985278553162,3.543151829295136,-0.4498499097984712,0.7093224768745058
70.0,91.0,151.25607299804688,-2.172037136009037,1.7295055121999343,-4.886813252907739,-3.044272093932116,-2.527211347557737,0.8736419156014977,-1.0803740810791176,4.326682419773425,-0.4568381444550614,1.020613823807618
70.0,91.0,166.35174560546875,-2.1839826523029533,1.7317492785414006,-4.863157585567276,-3.029274897849917,-3.064382047472599,1.331655290503512,-1.1420135338704025,4.388284810045576,-0.4504803565165269,0.7005964702626328
70.0,91.0,165.263427734375,-2.025108824505472,1.819420873531608,-4.880777358367313,-3.048511178555349,-3.076473591889685,0.724041054625411,-1.045823708623605,4.79798916193166,-0.408550783489008,0.6991762171530035
70.0,91.0,152.64381408691406,-2.0901784363343694,1.7996446316242254,-4.899252706699094,-3.094029690512522,-3.0680854502609827,0.8332068551577954,-1.0239699127134063,3.974889820226194,-0.4553751126038328,0.7064393748489924
70.0,91.0,160.2692413330078,-1.055922459328694,1.7735920722761906,-4.937958133848109,-1.695201673496223,-3.064020344723154,0.8372423768827528,-1.0608401158966236,4.429729571994304,-0.4561175576200931,0.7202760905369371
70.0,92.0,157.60691833496094,-2.1221509371431435,1.8392303061078088,-4.902514539010984,-3.0864103908050646,-3.0538475418464337,0.8517324402109121,-1.0171489627324086,3.092931355225164,-0.4559853455206131,0.9824460715350812
70.0,92.0,161.15728759765625,-1.9534206856324816,1.7536378394229737,-4.890109816254475,-3.0956079319477503,-3.0662115030366284,0.8279698431872164,-1.019189610828445,4.304919778195342,-0.4515226464921155,0.7024576952550962
70.0,92.0,162.12002563476562,-2.064461842927496,1.7935466532309607,-4.901120978795082,-3.037351504864135,-2.9825109954659146,0.8614086155396931,-1.0144580723090246,3.120163282703889,-0.463391761074009,0.7101871668493809
70.0,92.0,145.88137817382812,-2.107252660142146,1.7587611728900052,-4.895830709180931,-2.9841088284275186,-2.515170628983926,0.8733345008747009,-1.0488439330289865,3.9601561719602896,-0.4595059887441403,1.305322817833597
70.0,92.0,153.2599639892578,-2.089854011369209,1.8480757826748089,-4.885512096532945,-3.0746739956273714,-2.4596317638602234,0.840097876372831,-1.0492841281415748,3.970730988053041,-0.4594510061609511,1.0620775705803174
70.0,92.0,165.0949249267578,-2.1430933335971862,1.7468090118271338,-4.905180748907829,-3.046386210728684,-3.007232627062506,1.3738084906230097,-1.0119052884588242,2.78786993956882,-0.4453474930019477,0.7449628217751612
70.0,92.0,156.08035278320312,-2.1580996450789263,1.728328627406782,-4.879695436337815,-3.0850529772078543,-3.06587044186364,0.8359929899162684,-1.015638048938622,3.5437633377229565,-0.4462973345896071,0.7233871726910266
70.0,92.0,152.79067993164062,-2.093422370865988,1.7983879442835504,-4.8948872527118885,-3.0935374014388097,-3.065420797499045,0.8243284443811907,-1.029971861721276,3.953504968555522,-0.4515791902618848,0.730269155541836
70.0,92.0,148.01747131347656,-2.13643179196899,1.7860255328039587,-4.9000803762739205,-2.9884968552749007,-2.486438005198867,0.8637225529163732,-1.0477435457522837,3.961003119732546,-0.4550943496577187,1.5944652209362546
70.0,92.0,144.51522827148438,-2.144060832172081,1.7712082088934298,-4.893380504118484,-3.0007987864272687,-2.5196624767480027,0.8553075888356051,-1.0554020652660234,3.9726098019486233,-0.4544083046604929,1.3349029804223744
70.0,92.0,147.2763214111328,-2.139788053505827,1.8132301947105032,-4.897151793491274,-3.0286429549756795,-2.471301647845808,0.836398356571592,-1.0449774302385384,4.004717597717308,-0.4540838413369298,0.9982909324510528
70.0,92.0,170.2739715576172,-2.1836136193466085,1.860432543569419,-4.882111739518141,-3.052913381219876,-2.5718144574025823,1.2070241509447737,-1.0301279964426735,3.875874681406751,-0.4532490226158499,0.6910742995879637
70.0,92.0,143.943115234375,-2.109011061930812,1.7910329688296531,-4.907165984193406,-3.0064768731811693,-2.5063718833350044,0.8455015673202331,-1.0575977925337865,3.9832245754663633,-0.4440455149493664,1.3254099540118438
70.0,92.0,147.0053253173828,-2.098451805113783,1.7556861071980572,-4.9133595333707945,-3.063456787049567,-2.491211478048408,0.7917523753370153,-1.045736149299787,3.98404142629308,-0.4570958596593532,1.0159428153736432
70.0,92.0,177.90628051757812,-0.9480992037287066,1.6698462529856726,-4.92126265432442,-3.066282443454009,-3.048841576344093,1.9184003846581128,-1.029547548154336,4.407033002134062,-0.5675828178794807,0.7291447687456702
70.0,92.0,148.70118713378906,-2.175036762050281,1.7502426505665656,-4.897131695176286,-3.004808928321152,-2.5301640716108205,0.9037154040830094,-1.0510833700900473,3.97173629076736,-0.4566313469377894,1.3003413602881788
70.0,92.0,148.2188720703125,-2.147342163288545,1.756409851680014,-4.915575666784404,-3.0024412634416464,-2.4147971516394566,0.855962262036892,-1.0364302023565777,3.971915357440564,-0.4546921695733917,1.299142441478612
70.0,92.0,160.43174743652344,-2.151459286441727,1.90423910518166,-4.8357974123900185,-3.0298650166629133,-3.0903990647852853,1.847914090673568,-1.0054713900790966,4.348106831105531,-0.4774927454416172,0.7122873759067002
70.0,92.0,160.01856994628906,-2.220169854322381,1.7733973193895476,-4.877059725003649,-3.0383700245191645,-3.032693759079466,0.8641455062900459,-1.053383293827007,3.117527630893025,-0.4452152258004726,0.7565709844852148
70.0,92.0,164.3545379638672,-1.9701342925239496,1.8070678766660897,-4.8871891824939,-3.09103336253199,-2.6608028428642565,1.3844508625882697,-1.0139624968587206,3.966728059489011,-0.4537134741471785,1.065169154753908
70.0,92.0,166.58306884765625,-2.07919277735528,1.7496992691263509,-4.890335443349261,-3.0132096809353643,-2.4549297327620905,0.845045492271289,-1.0487257007797623,4.133823928008315,-0.4671934162012575,1.289736435935241
70.0,92.0,162.42245483398438,-2.276371482216354,1.8430791592060665,-4.9190204701254086,-2.982290361542568,-2.4737315590342943,0.256936230504504,-1.0477901106111365,3.976399032132635,-0.450679882479271,1.583588492787006
70.0,92.0,194.8916778564453,-2.049827407771498,1.718368103202781,-4.888665164641299,-3.854924386485969,-2.391728876499506,-0.2509762345972062,-1.0254218384807812,3.847822319421484,-1.4934398296031557,1.2728815586533822
70.0,92.0,153.1660919189453,-2.121447798556532,1.8336876551817392,-4.9380753146679925,-3.094233202647145,-3.0649950223856144,0.8354321701101891,-1.021508757068139,3.955010029302585,-0.4447028575291981,0.7080551592072115
70.0,92.0,144.51345825195312,-2.1502382839363734,1.7837654683193436,-4.893613711102304,-3.0084406110865167,-2.4979127996292414,0.8631427214511707,-1.051455708190746,3.9822715555388974,-0.45601633294366,1.3321715191629817
70.0,92.0,157.2208251953125,-2.078902390364004,1.8054088290613584,-4.905215733128651,-3.0228964371605542,-2.4163427433169247,0.8474427340628556,-1.0679686863357087,2.812068160781544,-0.4536887736771893,1.333946024813891
70.0,92.0,173.24264526367188,-2.9723143171659294,1.7467743343781554,-4.8583524109262815,-3.132584168219534,-3.071824124186589,0.826754586818778,-0.0913498623214759,4.733588269388097,-0.4036389269487243,0.6670874524596352
70.0,92.0,158.58740234375,-2.19743009848025,1.7549870770575804,-4.898472339029639,-3.032058110552738,-2.435447897929983,1.8156643454378143,-1.0749176924004848,3.9188793858058464,-0.4611947418582927,1.3724767532011335
70.0,92.0,144.17312622070312,-2.122925511447345,1.7682108005903368,-4.892860841612453,-2.9931664156385223,-2.5136175774043656,0.8474351537170295,-1.0495260142316798,3.9684615080268935,-0.4593006311663573,1.3177578130269203
70.0,92.0,175.5135955810547,-3.9090488953949887,1.7859067540409015,-4.947877033145323,-2.438215959708819,-3.083639817184455,0.8145819375545251,-0.9752124298710154,3.60916111720354,-0.4453514141807003,1.3071532897292408
70.0,92.0,161.4113006591797,-2.172676360606893,1.7635506875085185,-4.892228017163345,-3.026597603099842,-2.444066448884473,0.793932859091983,-1.0728000933362756,3.9542344060012935,-0.4021210027279306,0.6468136207301118
70.0,92.0,144.577880859375,-2.1226409749964934,1.764181265154653,-4.896763521804709,-3.0566308955100814,-2.528327385242968,0.8553498989389501,-1.040889310096134,3.969114637279369,-0.4478771903224158,1.301868666372441
70.0,92.0,158.04330444335938,-2.170281593591808,1.791196203162819,-4.892456498320202,-2.957661152068796,-2.489969067249281,0.8460055293257105,-1.0303606478903362,3.974152800568881,-0.4747599034309047,1.0812427774635895
70.0,92.0,146.584716796875,-2.103115268970947,1.7773525520170366,-4.8991595252982325,-3.0347150506673737,-2.5711874065489764,0.8116258795517473,-1.035978714195854,3.971544582710554,-0.4467989748149475,1.6285298446205214
70.0,92.0,152.86680603027344,-2.0507059631710884,1.7673591714078931,-4.899733004755314,-3.0816628892556683,-3.068638544363294,0.8336847469482047,-1.0172520339674622,3.962125953203152,-0.452147481502814,0.7050980546705747
70.0,92.0,144.8328399658203,-2.125887625023052,1.772108043780913,-4.894429050856071,-3.0016699411971515,-2.537182168454329,0.8580550355501241,-1.0582945287836971,3.971476284477525,-0.4543547076459499,1.3318172140772568
70.0,92.0,147.07736206054688,-2.0933395852313788,1.768255194448773,-4.905596786801393,-3.0407285071711327,-2.5767125132202007,0.8283982861017916,-1.024319260769051,3.581886766145868,-0.442479162496965,1.322160803797492
70.0,92.0,155.38917541503906,-2.106011101066618,1.7568846313623323,-4.89888159774952,-3.08733424584246,-3.1035557753149847,0.8756624598537297,-1.0286728116128556,3.56225433086618,-0.4605761417817696,0.7013081579246323
70.0,92.0,150.84104919433594,-2.103567844892527,1.7856260177031409,-4.894497600425841,-2.982605199870336,-2.533887508865168,0.8405420977475977,-1.0313597798456695,3.951126267588119,-0.4369632602337598,1.3312761391094952
70.0,92.0,185.1563415527344,-1.1045015044881543,2.0394914040046315,-4.902741034330899,-3.033056741180545,-2.540287605300343,0.4607351206112166,-1.0469572497918882,4.320673939111806,-0.7875329213001536,0.6335255266750248
70.0,92.0,159.69412231445312,-2.21963507341297,1.850328278453232,-4.863205470948095,-3.7754689176902456,-3.045361023325458,0.837599674561319,-1.0212324909712558,3.56024233985072,-0.4482199517405474,0.7422656486335322
70.0,92.0,160.38934326171875,-2.1239526524329047,1.7532778008160277,-4.793683137872873,-2.992665936417859,-3.0883299703921034,0.7444479414625762,-1.0498487622640318,3.959048847339001,-0.7967959506285662,0.7170082799296202
70.0,92.0,167.33126831054688,-2.195243219696053,1.732912456716364,-4.952303408796997,-3.0404810004496574,-2.486837149312666,0.9725129987175968,-1.040432910076463,4.327298931424326,-0.5054700396972046,0.7183652077019171
70.0,92.0,155.30633544921875,-2.110355142561264,1.7355664246072802,-4.897661520156259,-3.0945963635771343,-3.0647722813398968,0.8256285834289196,-1.0204516952792135,4.389633871132414,-0.4667985076585941,0.7287559592886229
70.0,92.0,158.0673828125,-2.13478528945232,1.8441109636686763,-4.929363763692761,-3.1294766675918138,-3.0546509867568057,1.330469986782295,-1.0107985278553162,3.543151829295136,-0.4498499097984712,0.7093224768745058
70.0,92.0,151.25607299804688,-2.172037136009037,1.7295055121999343,-4.886813252907739,-3.044272093932116,-2.527211347557737,0.8736419156014977,-1.0803740810791176,4.326682419773425,-0.4568381444550614,1.020613823807618
70.0,92.0,166.35174560546875,-2.1839826523029533,1.7317492785414006,-4.863157585567276,-3.029274897849917,-3.064382047472599,1.331655290503512,-1.1420135338704025,4.388284810045576,-0.4504803565165269,0.7005964702626328
70.0,92.0,165.263427734375,-2.025108824505472,1.819420873531608,-4.880777358367313,-3.048511178555349,-3.076473591889685,0.724041054625411,-1.045823708623605,4.79798916193166,-0.408550783489008,0.6991762171530035
70.0,92.0,152.64381408691406,-2.0901784363343694,1.7996446316242254,-4.899252706699094,-3.094029690512522,-3.0680854502609827,0.8332068551577954,-1.0239699127134063,3.974889820226194,-0.4553751126038328,0.7064393748489924
70.0,92.0,160.2692413330078,-1.055922459328694,1.7735920722761906,-4.937958133848109,-1.695201673496223,-3.064020344723154,0.8372423768827528,-1.0608401158966236,4.429729571994304,-0.4561175576200931,0.7202760905369371
70.0,93.0,157.60691833496094,-2.1221509371431435,1.8392303061078088,-4.902514539010984,-3.0864103908050646,-3.0538475418464337,0.8517324402109121,-1.0171489627324086,3.092931355225164,-0.4559853455206131,0.9824460715350812
70.0,93.0,161.15728759765625,-1.9534206856324816,1.7536378394229737,-4.890109816254475,-3.0956079319477503,-3.0662115030366284,0.8279698431872164,-1.019189610828445,4.304919778195342,-0.4515226464921155,0.7024576952550962
70.0,93.0,162.12002563476562,-2.064461842927496,1.7935466532309607,-4.901120978795082,-3.037351504864135,-2.9825109954659146,0.8614086155396931,-1.0144580723090246,3.120163282703889,-0.463391761074009,0.7101871668493809
70.0,93.0,145.88137817382812,-2.107252660142146,1.7587611728900052,-4.895830709180931,-2.9841088284275186,-2.515170628983926,0.8733345008747009,-1.0488439330289865,3.9601561719602896,-0.4595059887441403,1.305322817833597
70.0,93.0,153.2599639892578,-2.089854011369209,1.8480757826748089,-4.885512096532945,-3.0746739956273714,-2.4596317638602234,0.840097876372831,-1.0492841281415748,3.970730988053041,-0.4594510061609511,1.0620775705803174
70.0,93.0,165.0949249267578,-2.1430933335971862,1.7468090118271338,-4.905180748907829,-3.046386210728684,-3.007232627062506,1.3738084906230097,-1.0119052884588242,2.78786993956882,-0.4453474930019477,0.7449628217751612
70.0,93.0,156.08035278320312,-2.1580996450789263,1.728328627406782,-4.879695436337815,-3.0850529772078543,-3.06587044186364,0.8359929899162684,-1.015638048938622,3.5437633377229565,-0.4462973345896071,0.7233871726910266
70.0,93.0,152.79067993164062,-2.093422370865988,1.7983879442835504,-4.8948872527118885,-3.0935374014388097,-3.065420797499045,0.8243284443811907,-1.029971861721276,3.953504968555522,-0.4515791902618848,0.730269155541836
70.0,93.0,148.01747131347656,-2.13643179196899,1.7860255328039587,-4.9000803762739205,-2.9884968552749007,-2.486438005198867,0.8637225529163732,-1.0477435457522837,3.961003119732546,-0.4550943496577187,1.5944652209362546
70.0,93.0,144.51522827148438,-2.144060832172081,1.7712082088934298,-4.893380504118484,-3.0007987864272687,-2.5196624767480027,0.8553075888356051,-1.0554020652660234,3.9726098019486233,-0.4544083046604929,1.3349029804223744
70.0,93.0,147.2763214111328,-2.139788053505827,1.8132301947105032,-4.897151793491274,-3.0286429549756795,-2.471301647845808,0.836398356571592,-1.0449774302385384,4.004717597717308,-0.4540838413369298,0.9982909324510528
70.0,93.0,170.2739715576172,-2.1836136193466085,1.860432543569419,-4.882111739518141,-3.052913381219876,-2.5718144574025823,1.2070241509447737,-1.0301279964426735,3.875874681406751,-0.4532490226158499,0.6910742995879637
70.0,93.0,143.943115234375,-2.109011061930812,1.7910329688296531,-4.907165984193406,-3.0064768731811693,-2.5063718833350044,0.8455015673202331,-1.0575977925337865,3.9832245754663633,-0.4440455149493664,1.3254099540118438
70.0,93.0,147.0053253173828,-2.098451805113783,1.7556861071980572,-4.9133595333707945,-3.063456787049567,-2.491211478048408,0.7917523753370153,-1.045736149299787,3.98404142629308,-0.4570958596593532,1.0159428153736432
70.0,93.0,177.90628051757812,-0.9480992037287066,1.6698462529856726,-4.92126265432442,-3.066282443454009,-3.048841576344093,1.9184003846581128,-1.029547548154336,4.407033002134062,-0.5675828178794807,0.7291447687456702
70.0,93.0,148.70118713378906,-2.175036762050281,1.7502426505665656,-4.897131695176286,-3.004808928321152,-2.5301640716108205,0.9037154040830094,-1.0510833700900473,3.97173629076736,-0.4566313469377894,1.3003413602881788
70.0,93.0,148.2188720703125,-2.147342163288545,1.756409851680014,-4.915575666784404,-3.0024412634416464,-2.4147971516394566,0.855962262036892,-1.0364302023565777,3.971915357440564,-0.4546921695733917,1.299142441478612
70.0,93.0,160.43174743652344,-2.151459286441727,1.90423910518166,-4.8357974123900185,-3.0298650166629133,-3.0903990647852853,1.847914090673568,-1.0054713900790966,4.348106831105531,-0.4774927454416172,0.7122873759067002
70.0,93.0,158.6701202392578,-2.1857370830077456,1.805632466204849,-4.940854356766674,-3.005138807218757,-3.0246378506615588,0.8536471484048354,-1.0576747830684972,4.365038786171499,-0.4655393619409302,1.8763462867536829
70.0,93.0,164.3545379638672,-1.9701342925239496,1.8070678766660897,-4.8871891824939,-3.09103336253199,-2.6608028428642565,1.3844508625882697,-1.0139624968587206,3.966728059489011,-0.4537134741471785,1.065169154753908
70.0,93.0,166.58306884765625,-2.07919277735528,1.7496992691263509,-4.890335443349261,-3.0132096809353643,-2.4549297327620905,0.845045492271289,-1.0487257007797623,4.133823928008315,-0.4671934162012575,1.289736435935241
70.0,93.0,162.42245483398438,-2.276371482216354,1.8430791592060665,-4.9190204701254086,-2.982290361542568,-2.4737315590342943,0.256936230504504,-1.0477901106111365,3.976399032132635,-0.450679882479271,1.583588492787006
70.0,93.0,194.8916778564453,-2.049827407771498,1.718368103202781,-4.888665164641299,-3.854924386485969,-2.391728876499506,-0.2509762345972062,-1.0254218384807812,3.847822319421484,-1.4934398296031557,1.2728815586533822
70.0,93.0,153.1660919189453,-2.121447798556532,1.8336876551817392,-4.9380753146679925,-3.094233202647145,-3.0649950223856144,0.8354321701101891,-1.021508757068139,3.955010029302585,-0.4447028575291981,0.7080551592072115
70.0,93.0,144.51345825195312,-2.1502382839363734,1.7837654683193436,-4.893613711102304,-3.0084406110865167,-2.4979127996292414,0.8631427214511707,-1.051455708190746,3.9822715555388974,-0.45601633294366,1.3321715191629817
70.0,93.0,157.2208251953125,-2.078902390364004,1.8054088290613584,-4.905215733128651,-3.0228964371605542,-2.4163427433169247,0.8474427340628556,-1.0679686863357087,2.812068160781544,-0.4536887736771893,1.333946024813891
70.0,93.0,173.24264526367188,-2.9723143171659294,1.7467743343781554,-4.8583524109262815,-3.132584168219534,-3.071824124186589,0.826754586818778,-0.0913498623214759,4.733588269388097,-0.4036389269487243,0.6670874524596352
70.0,93.0,158.58740234375,-2.19743009848025,1.7549870770575804,-4.898472339029639,-3.032058110552738,-2.435447897929983,1.8156643454378143,-1.0749176924004848,3.9188793858058464,-0.4611947418582927,1.3724767532011335
70.0,93.0,144.17312622070312,-2.122925511447345,1.7682108005903368,-4.892860841612453,-2.9931664156385223,-2.5136175774043656,0.8474351537170295,-1.0495260142316798,3.9684615080268935,-0.4593006311663573,1.3177578130269203
70.0,93.0,175.5135955810547,-3.9090488953949887,1.7859067540409015,-4.947877033145323,-2.438215959708819,-3.083639817184455,0.8145819375545251,-0.9752124298710154,3.60916111720354,-0.4453514141807003,1.3071532897292408
70.0,93.0,161.4113006591797,-2.172676360606893,1.7635506875085185,-4.892228017163345,-3.026597603099842,-2.444066448884473,0.793932859091983,-1.0728000933362756,3.9542344060012935,-0.4021210027279306,0.6468136207301118
70.0,93.0,144.577880859375,-2.1226409749964934,1.764181265154653,-4.896763521804709,-3.0566308955100814,-2.528327385242968,0.8553498989389501,-1.040889310096134,3.969114637279369,-0.4478771903224158,1.301868666372441
70.0,93.0,158.04330444335938,-2.170281593591808,1.791196203162819,-4.892456498320202,-2.957661152068796,-2.489969067249281,0.8460055293257105,-1.0303606478903362,3.974152800568881,-0.4747599034309047,1.0812427774635895
70.0,93.0,146.584716796875,-2.103115268970947,1.7773525520170366,-4.8991595252982325,-3.0347150506673737,-2.5711874065489764,0.8116258795517473,-1.035978714195854,3.971544582710554,-0.4467989748149475,1.6285298446205214
70.0,93.0,152.86680603027344,-2.0507059631710884,1.7673591714078931,-4.899733004755314,-3.0816628892556683,-3.068638544363294,0.8336847469482047,-1.0172520339674622,3.962125953203152,-0.452147481502814,0.7050980546705747
70.0,93.0,144.8328399658203,-2.125887625023052,1.772108043780913,-4.894429050856071,-3.0016699411971515,-2.537182168454329,0.8580550355501241,-1.0582945287836971,3.971476284477525,-0.4543547076459499,1.3318172140772568
70.0,93.0,147.07736206054688,-2.0933395852313788,1.768255194448773,-4.905596786801393,-3.0407285071711327,-2.5767125132202007,0.8283982861017916,-1.024319260769051,3.581886766145868,-0.442479162496965,1.322160803797492
70.0,93.0,155.38917541503906,-2.106011101066618,1.7568846313623323,-4.89888159774952,-3.08733424584246,-3.1035557753149847,0.8756624598537297,-1.0286728116128556,3.56225433086618,-0.4605761417817696,0.7013081579246323
70.0,93.0,150.84104919433594,-2.103567844892527,1.7856260177031409,-4.894497600425841,-2.982605199870336,-2.533887508865168,0.8405420977475977,-1.0313597798456695,3.951126267588119,-0.4369632602337598,1.3312761391094952
70.0,93.0,185.1563415527344,-1.1045015044881543,2.0394914040046315,-4.902741034330899,-3.033056741180545,-2.540287605300343,0.4607351206112166,-1.0469572497918882,4.320673939111806,-0.7875329213001536,0.6335255266750248
70.0,93.0,159.69412231445312,-2.21963507341297,1.850328278453232,-4.863205470948095,-3.7754689176902456,-3.045361023325458,0.837599674561319,-1.0212324909712558,3.56024233985072,-0.4482199517405474,0.7422656486335322
70.0,93.0,160.38934326171875,-2.1239526524329047,1.7532778008160277,-4.793683137872873,-2.992665936417859,-3.0883299703921034,0.7444479414625762,-1.0498487622640318,3.959048847339001,-0.7967959506285662,0.7170082799296202
70.0,93.0,163.56109619140625,-2.158921206597891,1.7502696135005276,-4.978879332584616,-3.0060878649855347,-2.4969528303417983,0.8971502147481437,-1.0480727677428303,3.860190611775384,-0.4765042192910834,1.666623609057417
70.0,93.0,155.30633544921875,-2.110355142561264,1.7355664246072802,-4.897661520156259,-3.0945963635771343,-3.0647722813398968,0.8256285834289196,-1.0204516952792135,4.389633871132414,-0.4667985076585941,0.7287559592886229
70.0,93.0,158.0673828125,-2.13478528945232,1.8441109636686763,-4.929363763692761,-3.1294766675918138,-3.0546509867568057,1.330469986782295,-1.0107985278553162,3.543151829295136,-0.4498499097984712,0.7093224768745058
70.0,93.0,151.25607299804688,-2.172037136009037,1.7295055121999343,-4.886813252907739,-3.044272093932116,-2.527211347557737,0.8736419156014977,-1.0803740810791176,4.326682419773425,-0.4568381444550614,1.020613823807618
70.0,93.0,166.35174560546875,-2.1839826523029533,1.7317492785414006,-4.863157585567276,-3.029274897849917,-3.064382047472599,1.331655290503512,-1.1420135338704025,4.388284810045576,-0.4504803565165269,0.7005964702626328
70.0,93.0,165.263427734375,-2.025108824505472,1.819420873531608,-4.880777358367313,-3.048511178555349,-3.076473591889685,0.724041054625411,-1.045823708623605,4.79798916193166,-0.408550783489008,0.6991762171530035
70.0,93.0,152.64381408691406,-2.0901784363343694,1.7996446316242254,-4.899252706699094,-3.094029690512522,-3.0680854502609827,0.8332068551577954,-1.0239699127134063,3.974889820226194,-0.4553751126038328,0.7064393748489924
70.0,93.0,160.2692413330078,-1.055922459328694,1.7735920722761906,-4.937958133848109,-1.695201673496223,-3.064020344723154,0.8372423768827528,-1.0608401158966236,4.429729571994304,-0.4561175576200931,0.7202760905369371
70.0,94.0,157.60691833496094,-2.1221509371431435,1.8392303061078088,-4.902514539010984,-3.0864103908050646,-3.0538475418464337,0.8517324402109121,-1.0171489627324086,3.092931355225164,-0.4559853455206131,0.9824460715350812
70.0,94.0,161.15728759765625,-1.9534206856324816,1.7536378394229737,-4.890109816254475,-3.0956079319477503,-3.0662115030366284,0.8279698431872164,-1.019189610828445,4.304919778195342,-0.4515226464921155,0.7024576952550962
70.0,94.0,162.12002563476562,-2.064461842927496,1.7935466532309607,-4.901120978795082,-3.037351504864135,-2.9825109954659146,0.8614086155396931,-1.0144580723090246,3.120163282703889,-0.463391761074009,0.7101871668493809
70.0,94.0,145.88137817382812,-2.107252660142146,1.7587611728900052,-4.895830709180931,-2.9841088284275186,-2.515170628983926,0.8733345008747009,-1.0488439330289865,3.9601561719602896,-0.4595059887441403,1.305322817833597
70.0,94.0,153.2599639892578,-2.089854011369209,1.8480757826748089,-4.885512096532945,-3.0746739956273714,-2.4596317638602234,0.840097876372831,-1.0492841281415748,3.970730988053041,-0.4594510061609511,1.0620775705803174
70.0,94.0,165.0949249267578,-2.1430933335971862,1.7468090118271338,-4.905180748907829,-3.046386210728684,-3.007232627062506,1.3738084906230097,-1.0119052884588242,2.78786993956882,-0.4453474930019477,0.7449628217751612
70.0,94.0,156.08035278320312,-2.1580996450789263,1.728328627406782,-4.879695436337815,-3.0850529772078543,-3.06587044186364,0.8359929899162684,-1.015638048938622,3.5437633377229565,-0.4462973345896071,0.7233871726910266
70.0,94.0,152.79067993164062,-2.093422370865988,1.7983879442835504,-4.8948872527118885,-3.0935374014388097,-3.065420797499045,0.8243284443811907,-1.029971861721276,3.953504968555522,-0.4515791902618848,0.730269155541836
70.0,94.0,148.01747131347656,-2.13643179196899,1.7860255328039587,-4.9000803762739205,-2.9884968552749007,-2.486438005198867,0.8637225529163732,-1.0477435457522837,3.961003119732546,-0.4550943496577187,1.5944652209362546
70.0,94.0,144.51522827148438,-2.144060832172081,1.7712082088934298,-4.893380504118484,-3.0007987864272687,-2.5196624767480027,0.8553075888356051,-1.0554020652660234,3.9726098019486233,-0.4544083046604929,1.3349029804223744
70.0,94.0,147.2763214111328,-2.139788053505827,1.8132301947105032,-4.897151793491274,-3.0286429549756795,-2.471301647845808,0.836398356571592,-1.0449774302385384,4.004717597717308,-0.4540838413369298,0.9982909324510528
70.0,94.0,170.2739715576172,-2.1836136193466085,1.860432543569419,-4.882111739518141,-3.052913381219876,-2.5718144574025823,1.2070241509447737,-1.0301279964426735,3.875874681406751,-0.4532490226158499,0.6910742995879637
70.0,94.0,143.943115234375,-2.109011061930812,1.7910329688296531,-4.907165984193406,-3.0064768731811693,-2.5063718833350044,0.8455015673202331,-1.0575977925337865,3.9832245754663633,-0.4440455149493664,1.3254099540118438
70.0,94.0,147.0053253173828,-2.098451805113783,1.7556861071980572,-4.9133595333707945,-3.063456787049567,-2.491211478048408,0.7917523753370153,-1.045736149299787,3.98404142629308,-0.4570958596593532,1.0159428153736432
70.0,94.0,177.90628051757812,-0.9480992037287066,1.6698462529856726,-4.92126265432442,-3.066282443454009,-3.048841576344093,1.9184003846581128,-1.029547548154336,4.407033002134062,-0.5675828178794807,0.7291447687456702
70.0,94.0,148.70118713378906,-2.175036762050281,1.7502426505665656,-4.897131695176286,-3.004808928321152,-2.5301640716108205,0.9037154040830094,-1.0510833700900473,3.97173629076736,-0.4566313469377894,1.3003413602881788
70.0,94.0,148.2188720703125,-2.147342163288545,1.756409851680014,-4.915575666784404,-3.0024412634416464,-2.4147971516394566,0.855962262036892,-1.0364302023565777,3.971915357440564,-0.4546921695733917,1.299142441478612
70.0,94.0,160.43174743652344,-2.151459286441727,1.90423910518166,-4.8357974123900185,-3.0298650166629133,-3.0903990647852853,1.847914090673568,-1.0054713900790966,4.348106831105531,-0.4774927454416172,0.7122873759067002
70.0,94.0,158.6701202392578,-2.1857370830077456,1.805632466204849,-4.940854356766674,-3.005138807218757,-3.0246378506615588,0.8536471484048354,-1.0576747830684972,4.365038786171499,-0.4655393619409302,1.8763462867536829
70.0,94.0,164.3545379638672,-1.9701342925239496,1.8070678766660897,-4.8871891824939,-3.09103336253199,-2.6608028428642565,1.3844508625882697,-1.0139624968587206,3.966728059489011,-0.4537134741471785,1.065169154753908
70.0,94.0,146.33425903320312,-2.07806133090672,1.8093988725236665,-4.907798136126174,-3.01600568787972,-2.53479359686823,0.8452315845134781,-1.0455259736251277,3.9681086884587127,-0.4803968610267046,1.3242136728828566
70.0,94.0,162.42245483398438,-2.276371482216354,1.8430791592060665,-4.9190204701254086,-2.982290361542568,-2.4737315590342943,0.256936230504504,-1.0477901106111365,3.976399032132635,-0.450679882479271,1.583588492787006
70.0,94.0,194.8916778564453,-2.049827407771498,1.718368103202781,-4.888665164641299,-3.854924386485969,-2.391728876499506,-0.2509762345972062,-1.0254218384807812,3.847822319421484,-1.4934398296031557,1.2728815586533822
70.0,94.0,153.1660919189453,-2.121447798556532,1.8336876551817392,-4.9380753146679925,-3.094233202647145,-3.0649950223856144,0.8354321701101891,-1.021508757068139,3.955010029302585,-0.4447028575291981,0.7080551592072115
70.0,94.0,144.51345825195312,-2.1502382839363734,1.7837654683193436,-4.893613711102304,-3.0084406110865167,-2.4979127996292414,0.8631427214511707,-1.051455708190746,3.9822715555388974,-0.45601633294366,1.3321715191629817
70.0,94.0,157.2208251953125,-2.078902390364004,1.8054088290613584,-4.905215733128651,-3.0228964371605542,-2.4163427433169247,0.8474427340628556,-1.0679686863357087,2.812068160781544,-0.4536887736771893,1.333946024813891
70.0,94.0,173.24264526367188,-2.9723143171659294,1.7467743343781554,-4.8583524109262815,-3.132584168219534,-3.071824124186589,0.826754586818778,-0.0913498623214759,4.733588269388097,-0.4036389269487243,0.6670874524596352
70.0,94.0,158.58740234375,-2.19743009848025,1.7549870770575804,-4.898472339029639,-3.032058110552738,-2.435447897929983,1.8156643454378143,-1.0749176924004848,3.9188793858058464,-0.4611947418582927,1.3724767532011335
70.0,94.0,144.17312622070312,-2.122925511447345,1.7682108005903368,-4.892860841612453,-2.9931664156385223,-2.5136175774043656,0.8474351537170295,-1.0495260142316798,3.9684615080268935,-0.4593006311663573,1.3177578130269203
70.0,94.0,175.5135955810547,-3.9090488953949887,1.7859067540409015,-4.947877033145323,-2.438215959708819,-3.083639817184455,0.8145819375545251,-0.9752124298710154,3.60916111720354,-0.4453514141807003,1.3071532897292408
70.0,94.0,161.4113006591797,-2.172676360606893,1.7635506875085185,-4.892228017163345,-3.026597603099842,-2.444066448884473,0.793932859091983,-1.0728000933362756,3.9542344060012935,-0.4021210027279306,0.6468136207301118
70.0,94.0,144.577880859375,-2.1226409749964934,1.764181265154653,-4.896763521804709,-3.0566308955100814,-2.528327385242968,0.8553498989389501,-1.040889310096134,3.969114637279369,-0.4478771903224158,1.301868666372441
70.0,94.0,158.04330444335938,-2.170281593591808,1.791196203162819,-4.892456498320202,-2.957661152068796,-2.489969067249281,0.8460055293257105,-1.0303606478903362,3.974152800568881,-0.4747599034309047,1.0812427774635895
70.0,94.0,146.584716796875,-2.103115268970947,1.7773525520170366,-4.8991595252982325,-3.0347150506673737,-2.5711874065489764,0.8116258795517473,-1.035978714195854,3.971544582710554,-0.4467989748149475,1.6285298446205214
70.0,94.0,150.80116271972656,-2.132729112420196,1.7789248924090082,-4.928418628288919,-3.126716613427562,-1.9802054176789403,0.8429971857144061,-1.055615190263784,4.003041825159475,-0.4495624473651333,1.6105172707804296
70.0,94.0,144.5764923095703,-2.1129752986153845,1.78820185651109,-4.884845481490914,-3.0226997161191496,-2.519540690568034,0.8458059944344665,-1.051714437428625,3.982974708147138,-0.4607190363781382,1.3111612459812636
70.0,94.0,147.07736206054688,-2.0933395852313788,1.768255194448773,-4.905596786801393,-3.0407285071711327,-2.5767125132202007,0.8283982861017916,-1.024319260769051,3.581886766145868,-0.442479162496965,1.322160803797492
70.0,94.0,155.38917541503906,-2.106011101066618,1.7568846313623323,-4.89888159774952,-3.08733424584246,-3.1035557753149847,0.8756624598537297,-1.0286728116128556,3.56225433086618,-0.4605761417817696,0.7013081579246323
70.0,94.0,150.84104919433594,-2.103567844892527,1.7856260177031409,-4.894497600425841,-2.982605199870336,-2.533887508865168,0.8405420977475977,-1.0313597798456695,3.951126267588119,-0.4369632602337598,1.3312761391094952
70.0,94.0,185.1563415527344,-1.1045015044881543,2.0394914040046315,-4.902741034330899,-3.033056741180545,-2.540287605300343,0.4607351206112166,-1.0469572497918882,4.320673939111806,-0.7875329213001536,0.6335255266750248
70.0,94.0,159.69412231445312,-2.21963507341297,1.850328278453232,-4.863205470948095,-3.7754689176902456,-3.045361023325458,0.837599674561319,-1.0212324909712558,3.56024233985072,-0.4482199517405474,0.7422656486335322
70.0,94.0,160.38934326171875,-2.1239526524329047,1.7532778008160277,-4.793683137872873,-2.992665936417859,-3.0883299703921034,0.7444479414625762,-1.0498487622640318,3.959048847339001,-0.7967959506285662,0.7170082799296202
70.0,94.0,163.56109619140625,-2.158921206597891,1.7502696135005276,-4.978879332584616,-3.0060878649855347,-2.4969528303417983,0.8971502147481437,-1.0480727677428303,3.860190611775384,-0.4765042192910834,1.666623609057417
70.0,94.0,155.30633544921875,-2.110355142561264,1.7355664246072802,-4.897661520156259,-3.0945963635771343,-3.0647722813398968,0.8256285834289196,-1.0204516952792135,4.389633871132414,-0.4667985076585941,0.7287559592886229
70.0,94.0,158.0673828125,-2.13478528945232,1.8441109636686763,-4.929363763692761,-3.1294766675918138,-3.0546509867568057,1.330469986782295,-1.0107985278553162,3.543151829295136,-0.4498499097984712,0.7093224768745058
70.0,94.0,151.25607299804688,-2.172037136009037,1.7295055121999343,-4.886813252907739,-3.044272093932116,-2.527211347557737,0.8736419156014977,-1.0803740810791176,4.326682419773425,-0.4568381444550614,1.020613823807618
70.0,94.0,166.35174560546875,-2.1839826523029533,1.7317492785414006,-4.863157585567276,-3.029274897849917,-3.064382047472599,1.331655290503512,-1.1420135338704025,4.388284810045576,-0.4504803565165269,0.7005964702626328
70.0,94.0,165.263427734375,-2.025108824505472,1.819420873531608,-4.880777358367313,-3.048511178555349,-3.076473591889685,0.724041054625411,-1.045823708623605,4.79798916193166,-0.408550783489008,0.6991762171530035
70.0,94.0,152.64381408691406,-2.0901784363343694,1.7996446316242254,-4.899252706699094,-3.094029690512522,-3.0680854502609827,0.8332068551577954,-1.0239699127134063,3.974889820226194,-0.4553751126038328,0.7064393748489924
70.0,94.0,160.2692413330078,-1.055922459328694,1.7735920722761906,-4.937958133848109,-1.695201673496223,-3.064020344723154,0.8372423768827528,-1.0608401158966236,4.429729571994304,-0.4561175576200931,0.7202760905369371
70.0,95.0,157.60691833496094,-2.1221509371431435,1.8392303061078088,-4.902514539010984,-3.0864103908050646,-3.0538475418464337,0.8517324402109121,-1.0171489627324086,3.092931355225164,-0.4559853455206131,0.9824460715350812
70.0,95.0,161.15728759765625,-1.9534206856324816,1.7536378394229737,-4.890109816254475,-3.0956079319477503,-3.0662115030366284,0.8279698431872164,-1.019189610828445,4.304919778195342,-0.4515226464921155,0.7024576952550962
70.0,95.0,162.12002563476562,-2.064461842927496,1.7935466532309607,-4.901120978795082,-3.037351504864135,-2.9825109954659146,0.8614086155396931,-1.0144580723090246,3.120163282703889,-0.463391761074009,0.7101871668493809
70.0,95.0,145.88137817382812,-2.107252660142146,1.7587611728900052,-4.895830709180931,-2.9841088284275186,-2.515170628983926,0.8733345008747009,-1.0488439330289865,3.9601561719602896,-0.4595059887441403,1.305322817833597
70.0,95.0,153.2599639892578,-2.089854011369209,1.8480757826748089,-4.885512096532945,-3.0746739956273714,-2.4596317638602234,0.840097876372831,-1.0492841281415748,3.970730988053041,-0.4594510061609511,1.0620775705803174
70.0,95.0,165.0949249267578,-2.1430933335971862,1.7468090118271338,-4.905180748907829,-3.046386210728684,-3.007232627062506,1.3738084906230097,-1.0119052884588242,2.78786993956882,-0.4453474930019477,0.7449628217751612
70.0,95.0,156.08035278320312,-2.1580996450789263,1.728328627406782,-4.879695436337815,-3.0850529772078543,-3.06587044186364,0.8359929899162684,-1.015638048938622,3.5437633377229565,-0.4462973345896071,0.7233871726910266
70.0,95.0,152.79067993164062,-2.093422370865988,1.7983879442835504,-4.8948872527118885,-3.0935374014388097,-3.065420797499045,0.8243284443811907,-1.029971861721276,3.953504968555522,-0.4515791902618848,0.730269155541836
70.0,95.0,148.01747131347656,-2.13643179196899,1.7860255328039587,-4.9000803762739205,-2.9884968552749007,-2.486438005198867,0.8637225529163732,-1.0477435457522837,3.961003119732546,-0.4550943496577187,1.5944652209362546
70.0,95.0,144.51522827148438,-2.144060832172081,1.7712082088934298,-4.893380504118484,-3.0007987864272687,-2.5196624767480027,0.8553075888356051,-1.0554020652660234,3.9726098019486233,-0.4544083046604929,1.3349029804223744
70.0,95.0,147.2763214111328,-2.139788053505827,1.8132301947105032,-4.897151793491274,-3.0286429549756795,-2.471301647845808,0.836398356571592,-1.0449774302385384,4.004717597717308,-0.4540838413369298,0.9982909324510528
70.0,95.0,163.69961547851562,-2.068842521084702,1.7981490092902286,-4.907850394422541,-3.0802335591716967,-2.3742289023182512,1.2964386815374933,-1.0308971596927596,3.970460903449173,-0.4693940781246348,1.0788973461380162
70.0,95.0,143.943115234375,-2.109011061930812,1.7910329688296531,-4.907165984193406,-3.0064768731811693,-2.5063718833350044,0.8455015673202331,-1.0575977925337865,3.9832245754663633,-0.4440455149493664,1.3254099540118438
70.0,95.0,147.0053253173828,-2.098451805113783,1.7556861071980572,-4.9133595333707945,-3.063456787049567,-2.491211478048408,0.7917523753370153,-1.045736149299787,3.98404142629308,-0.4570958596593532,1.0159428153736432
70.0,95.0,177.90628051757812,-0.9480992037287066,1.6698462529856726,-4.92126265432442,-3.066282443454009,-3.048841576344093,1.9184003846581128,-1.029547548154336,4.407033002134062,-0.5675828178794807,0.7291447687456702
70.0,95.0,148.70118713378906,-2.175036762050281,1.7502426505665656,-4.897131695176286,-3.004808928321152,-2.5301640716108205,0.9037154040830094,-1.0510833700900473,3.97173629076736,-0.4566313469377894,1.3003413602881788
70.0,95.0,145.18736267089844,-2.121701075906751,1.7910207405933938,-4.8749795171967945,-3.01391895904193,-2.50379366669198,0.8579222102016266,-1.0500513754518412,3.988722812619852,-0.4590062160016753,1.336425007055526
70.0,95.0,160.43174743652344,-2.151459286441727,1.90423910518166,-4.8357974123900185,-3.0298650166629133,-3.0903990647852853,1.847914090673568,-1.0054713900790966,4.348106831105531,-0.4774927454416172,0.7122873759067002
70.0,95.0,158.6701202392578,-2.1857370830077456,1.805632466204849,-4.940854356766674,-3.005138807218757,-3.0246378506615588,0.8536471484048354,-1.0576747830684972,4.365038786171499,-0.4655393619409302,1.8763462867536829
70.0,95.0,164.3545379638672,-1.9701342925239496,1.8070678766660897,-4.8871891824939,-3.09103336253199,-2.6608028428642565,1.3844508625882697,-1.0139624968587206,3.966728059489011,-0.4537134741471785,1.065169154753908
70.0,95.0,146.33425903320312,-2.07806133090672,1.8093988725236665,-4.907798136126174,-3.01600568787972,-2.53479359686823,0.8452315845134781,-1.0455259736251277,3.9681086884587127,-0.4803968610267046,1.3242136728828566
70.0,95.0,150.22096252441406,-2.074975056197249,1.735066581943939,-4.862423353362672,-2.9973943214325964,-2.4792414935943703,0.826256150846715,-1.0654215367577962,3.9767968065596406,-0.461549061996327,1.2831307211274954
70.0,95.0,194.8916778564453,-2.049827407771498,1.718368103202781,-4.888665164641299,-3.854924386485969,-2.391728876499506,-0.2509762345972062,-1.0254218384807812,3.847822319421484,-1.4934398296031557,1.2728815586533822
70.0,95.0,153.1660919189453,-2.121447798556532,1.8336876551817392,-4.9380753146679925,-3.094233202647145,-3.0649950223856144,0.8354321701101891,-1.021508757068139,3.955010029302585,-0.4447028575291981,0.7080551592072115
70.0,95.0,144.51345825195312,-2.1502382839363734,1.7837654683193436,-4.893613711102304,-3.0084406110865167,-2.4979127996292414,0.8631427214511707,-1.051455708190746,3.9822715555388974,-0.45601633294366,1.3321715191629817
70.0,95.0,157.2208251953125,-2.078902390364004,1.8054088290613584,-4.905215733128651,-3.0228964371605542,-2.4163427433169247,0.8474427340628556,-1.0679686863357087,2.812068160781544,-0.4536887736771893,1.333946024813891
70.0,95.0,173.24264526367188,-2.9723143171659294,1.7467743343781554,-4.8583524109262815,-3.132584168219534,-3.071824124186589,0.826754586818778,-0.0913498623214759,4.733588269388097,-0.4036389269487243,0.6670874524596352
70.0,95.0,158.58740234375,-2.19743009848025,1.7549870770575804,-4.898472339029639,-3.032058110552738,-2.435447897929983,1.8156643454378143,-1.0749176924004848,3.9188793858058464,-0.4611947418582927,1.3724767532011335
70.0,95.0,144.17312622070312,-2.122925511447345,1.7682108005903368,-4.892860841612453,-2.9931664156385223,-2.5136175774043656,0.8474351537170295,-1.0495260142316798,3.9684615080268935,-0.4593006311663573,1.3177578130269203
70.0,95.0,175.5135955810547,-3.9090488953949887,1.7859067540409015,-4.947877033145323,-2.438215959708819,-3.083639817184455,0.8145819375545251,-0.9752124298710154,3.60916111720354,-0.4453514141807003,1.3071532897292408
70.0,95.0,161.3657989501953,-2.21203643129627,1.7607859257127174,-4.911114560271674,-3.023708475281564,-2.607854272761953,0.8821321742706318,-1.0527775688719114,3.9793809962189135,-0.4003554306421373,1.020642473231394
70.0,95.0,144.577880859375,-2.1226409749964934,1.764181265154653,-4.896763521804709,-3.0566308955100814,-2.528327385242968,0.8553498989389501,-1.040889310096134,3.969114637279369,-0.4478771903224158,1.301868666372441
70.0,95.0,158.04330444335938,-2.170281593591808,1.791196203162819,-4.892456498320202,-2.957661152068796,-2.489969067249281,0.8460055293257105,-1.0303606478903362,3.974152800568881,-0.4747599034309047,1.0812427774635895
70.0,95.0,146.584716796875,-2.103115268970947,1.7773525520170366,-4.8991595252982325,-3.0347150506673737,-2.5711874065489764,0.8116258795517473,-1.035978714195854,3.971544582710554,-0.4467989748149475,1.6285298446205214
70.0,95.0,150.80116271972656,-2.132729112420196,1.7789248924090082,-4.928418628288919,-3.126716613427562,-1.9802054176789403,0.8429971857144061,-1.055615190263784,4.003041825159475,-0.4495624473651333,1.6105172707804296
70.0,95.0,144.5764923095703,-2.1129752986153845,1.78820185651109,-4.884845481490914,-3.0226997161191496,-2.519540690568034,0.8458059944344665,-1.051714437428625,3.982974708147138,-0.4607190363781382,1.3111612459812636
70.0,95.0,147.07736206054688,-2.0933395852313788,1.768255194448773,-4.905596786801393,-3.0407285071711327,-2.5767125132202007,0.8283982861017916,-1.024319260769051,3.581886766145868,-0.442479162496965,1.322160803797492
70.0,95.0,155.38917541503906,-2.106011101066618,1.7568846313623323,-4.89888159774952,-3.08733424584246,-3.1035557753149847,0.8756624598537297,-1.0286728116128556,3.56225433086618,-0.4605761417817696,0.7013081579246323
70.0,95.0,150.84104919433594,-2.103567844892527,1.7856260177031409,-4.894497600425841,-2.982605199870336,-2.533887508865168,0.8405420977475977,-1.0313597798456695,3.951126267588119,-0.4369632602337598,1.3312761391094952
70.0,95.0,185.1563415527344,-1.1045015044881543,2.0394914040046315,-4.902741034330899,-3.033056741180545,-2.540287605300343,0.4607351206112166,-1.0469572497918882,4.320673939111806,-0.7875329213001536,0.6335255266750248
70.0,95.0,159.69412231445312,-2.21963507341297,1.850328278453232,-4.863205470948095,-3.7754689176902456,-3.045361023325458,0.837599674561319,-1.0212324909712558,3.56024233985072,-0.4482199517405474,0.7422656486335322
70.0,95.0,160.38934326171875,-2.1239526524329047,1.7532778008160277,-4.793683137872873,-2.992665936417859,-3.0883299703921034,0.7444479414625762,-1.0498487622640318,3.959048847339001,-0.7967959506285662,0.7170082799296202
70.0,95.0,163.56109619140625,-2.158921206597891,1.7502696135005276,-4.978879332584616,-3.0060878649855347,-2.4969528303417983,0.8971502147481437,-1.0480727677428303,3.860190611775384,-0.4765042192910834,1.666623609057417
70.0,95.0,155.30633544921875,-2.110355142561264,1.7355664246072802,-4.897661520156259,-3.0945963635771343,-3.0647722813398968,0.8256285834289196,-1.0204516952792135,4.389633871132414,-0.4667985076585941,0.7287559592886229
70.0,95.0,158.0673828125,-2.13478528945232,1.8441109636686763,-4.929363763692761,-3.1294766675918138,-3.0546509867568057,1.330469986782295,-1.0107985278553162,3.543151829295136,-0.4498499097984712,0.7093224768745058
70.0,95.0,151.25607299804688,-2.172037136009037,1.7295055121999343,-4.886813252907739,-3.044272093932116,-2.527211347557737,0.8736419156014977,-1.0803740810791176,4.326682419773425,-0.4568381444550614,1.020613823807618
70.0,95.0,166.35174560546875,-2.1839826523029533,1.7317492785414006,-4.863157585567276,-3.029274897849917,-3.064382047472599,1.331655290503512,-1.1420135338704025,4.388284810045576,-0.4504803565165269,0.7005964702626328
70.0,95.0,165.263427734375,-2.025108824505472,1.819420873531608,-4.880777358367313,-3.048511178555349,-3.076473591889685,0.724041054625411,-1.045823708623605,4.79798916193166,-0.408550783489008,0.6991762171530035
70.0,95.0,152.64381408691406,-2.0901784363343694,1.7996446316242254,-4.899252706699094,-3.094029690512522,-3.0680854502609827,0.8332068551577954,-1.0239699127134063,3.974889820226194,-0.4553751126038328,0.7064393748489924
70.0,95.0,160.2692413330078,-1.055922459328694,1.7735920722761906,-4.937958133848109,-1.695201673496223,-3.064020344723154,0.8372423768827528,-1.0608401158966236,4.429729571994304,-0.4561175576200931,0.7202760905369371
70.0,96.0,157.60691833496094,-2.1221509371431435,1.8392303061078088,-4.902514539010984,-3.0864103908050646,-3.0538475418464337,0.8517324402109121,-1.0171489627324086,3.092931355225164,-0.4559853455206131,0.9824460715350812
70.0,96.0,161.15728759765625,-1.9534206856324816,1.7536378394229737,-4.890109816254475,-3.0956079319477503,-3.0662115030366284,0.8279698431872164,-1.019189610828445,4.304919778195342,-0.4515226464921155,0.7024576952550962
70.0,96.0,162.12002563476562,-2.064461842927496,1.7935466532309607,-4.901120978795082,-3.037351504864135,-2.9825109954659146,0.8614086155396931,-1.0144580723090246,3.120163282703889,-0.463391761074009,0.7101871668493809
70.0,96.0,145.88137817382812,-2.107252660142146,1.7587611728900052,-4.895830709180931,-2.9841088284275186,-2.515170628983926,0.8733345008747009,-1.0488439330289865,3.9601561719602896,-0.4595059887441403,1.305322817833597
70.0,96.0,153.2599639892578,-2.089854011369209,1.8480757826748089,-4.885512096532945,-3.0746739956273714,-2.4596317638602234,0.840097876372831,-1.0492841281415748,3.970730988053041,-0.4594510061609511,1.0620775705803174
70.0,96.0,165.0949249267578,-2.1430933335971862,1.7468090118271338,-4.905180748907829,-3.046386210728684,-3.007232627062506,1.3738084906230097,-1.0119052884588242,2.78786993956882,-0.4453474930019477,0.7449628217751612
70.0,96.0,156.08035278320312,-2.1580996450789263,1.728328627406782,-4.879695436337815,-3.0850529772078543,-3.06587044186364,0.8359929899162684,-1.015638048938622,3.5437633377229565,-0.4462973345896071,0.7233871726910266
70.0,96.0,152.79067993164062,-2.093422370865988,1.7983879442835504,-4.8948872527118885,-3.0935374014388097,-3.065420797499045,0.8243284443811907,-1.029971861721276,3.953504968555522,-0.4515791902618848,0.730269155541836
70.0,96.0,148.01747131347656,-2.13643179196899,1.7860255328039587,-4.9000803762739205,-2.9884968552749007,-2.486438005198867,0.8637225529163732,-1.0477435457522837,3.961003119732546,-0.4550943496577187,1.5944652209362546
70.0,96.0,144.51522827148438,-2.144060832172081,1.7712082088934298,-4.893380504118484,-3.0007987864272687,-2.5196624767480027,0.8553075888356051,-1.0554020652660234,3.9726098019486233,-0.4544083046604929,1.3349029804223744
70.0,96.0,147.2763214111328,-2.139788053505827,1.8132301947105032,-4.897151793491274,-3.0286429549756795,-2.471301647845808,0.836398356571592,-1.0449774302385384,4.004717597717308,-0.4540838413369298,0.9982909324510528
70.0,96.0,163.69961547851562,-2.068842521084702,1.7981490092902286,-4.907850394422541,-3.0802335591716967,-2.3742289023182512,1.2964386815374933,-1.0308971596927596,3.970460903449173,-0.4693940781246348,1.0788973461380162
70.0,96.0,143.943115234375,-2.109011061930812,1.7910329688296531,-4.907165984193406,-3.0064768731811693,-2.5063718833350044,0.8455015673202331,-1.0575977925337865,3.9832245754663633,-0.4440455149493664,1.3254099540118438
70.0,96.0,147.0053253173828,-2.098451805113783,1.7556861071980572,-4.9133595333707945,-3.063456787049567,-2.491211478048408,0.7917523753370153,-1.045736149299787,3.98404142629308,-0.4570958596593532,1.0159428153736432
70.0,96.0,177.90628051757812,-0.9480992037287066,1.6698462529856726,-4.92126265432442,-3.066282443454009,-3.048841576344093,1.9184003846581128,-1.029547548154336,4.407033002134062,-0.5675828178794807,0.7291447687456702
70.0,96.0,148.70118713378906,-2.175036762050281,1.7502426505665656,-4.897131695176286,-3.004808928321152,-2.5301640716108205,0.9037154040830094,-1.0510833700900473,3.97173629076736,-0.4566313469377894,1.3003413602881788
70.0,96.0,145.18736267089844,-2.121701075906751,1.7910207405933938,-4.8749795171967945,-3.01391895904193,-2.50379366669198,0.8579222102016266,-1.0500513754518412,3.988722812619852,-0.4590062160016753,1.336425007055526
70.0,96.0,160.43174743652344,-2.151459286441727,1.90423910518166,-4.8357974123900185,-3.0298650166629133,-3.0903990647852853,1.847914090673568,-1.0054713900790966,4.348106831105531,-0.4774927454416172,0.7122873759067002
70.0,96.0,158.6701202392578,-2.1857370830077456,1.805632466204849,-4.940854356766674,-3.005138807218757,-3.0246378506615588,0.8536471484048354,-1.0576747830684972,4.365038786171499,-0.4655393619409302,1.8763462867536829
70.0,96.0,155.9059295654297,-1.9516112251571167,1.7622919185695716,-4.906195532534418,-3.065765869967695,-2.4266564268946365,0.8276655345468977,-1.0747757979033576,3.993824469081936,-0.4535327441244763,1.3572373884290745
70.0,96.0,146.33425903320312,-2.07806133090672,1.8093988725236665,-4.907798136126174,-3.01600568787972,-2.53479359686823,0.8452315845134781,-1.0455259736251277,3.9681086884587127,-0.4803968610267046,1.3242136728828566
70.0,96.0,150.22096252441406,-2.074975056197249,1.735066581943939,-4.862423353362672,-2.9973943214325964,-2.4792414935943703,0.826256150846715,-1.0654215367577962,3.9767968065596406,-0.461549061996327,1.2831307211274954
70.0,96.0,194.8916778564453,-2.049827407771498,1.718368103202781,-4.888665164641299,-3.854924386485969,-2.391728876499506,-0.2509762345972062,-1.0254218384807812,3.847822319421484,-1.4934398296031557,1.2728815586533822
70.0,96.0,153.1660919189453,-2.121447798556532,1.8336876551817392,-4.9380753146679925,-3.094233202647145,-3.0649950223856144,0.8354321701101891,-1.021508757068139,3.955010029302585,-0.4447028575291981,0.7080551592072115
70.0,96.0,144.51345825195312,-2.1502382839363734,1.7837654683193436,-4.893613711102304,-3.0084406110865167,-2.4979127996292414,0.8631427214511707,-1.051455708190746,3.9822715555388974,-0.45601633294366,1.3321715191629817
70.0,96.0,157.2208251953125,-2.078902390364004,1.8054088290613584,-4.905215733128651,-3.0228964371605542,-2.4163427433169247,0.8474427340628556,-1.0679686863357087,2.812068160781544,-0.4536887736771893,1.333946024813891
70.0,96.0,173.24264526367188,-2.9723143171659294,1.7467743343781554,-4.8583524109262815,-3.132584168219534,-3.071824124186589,0.826754586818778,-0.0913498623214759,4.733588269388097,-0.4036389269487243,0.6670874524596352
70.0,96.0,158.58740234375,-2.19743009848025,1.7549870770575804,-4.898472339029639,-3.032058110552738,-2.435447897929983,1.8156643454378143,-1.0749176924004848,3.9188793858058464,-0.4611947418582927,1.3724767532011335
70.0,96.0,144.17312622070312,-2.122925511447345,1.7682108005903368,-4.892860841612453,-2.9931664156385223,-2.5136175774043656,0.8474351537170295,-1.0495260142316798,3.9684615080268935,-0.4593006311663573,1.3177578130269203
70.0,96.0,175.5135955810547,-3.9090488953949887,1.7859067540409015,-4.947877033145323,-2.438215959708819,-3.083639817184455,0.8145819375545251,-0.9752124298710154,3.60916111720354,-0.4453514141807003,1.3071532897292408
70.0,96.0,155.18360900878906,-2.1328400008855257,1.7650294671103497,-4.905828364138031,-3.0063934320151144,-2.450350367032508,0.7934108542236631,-1.0583164340374205,3.996049489639624,-0.4752144169805861,1.266507149624799
70.0,96.0,144.577880859375,-2.1226409749964934,1.764181265154653,-4.896763521804709,-3.0566308955100814,-2.528327385242968,0.8553498989389501,-1.040889310096134,3.969114637279369,-0.4478771903224158,1.301868666372441
70.0,96.0,146.7385711669922,-2.121183687163004,1.7688951727365625,-4.890998826187826,-3.017171778796901,-2.5030467413977218,0.8449971276373408,-1.013018001910173,3.989090005196316,-0.4742568392195581,1.3134320529848504
70.0,96.0,146.584716796875,-2.103115268970947,1.7773525520170366,-4.8991595252982325,-3.0347150506673737,-2.5711874065489764,0.8116258795517473,-1.035978714195854,3.971544582710554,-0.4467989748149475,1.6285298446205214
70.0,96.0,150.80116271972656,-2.132729112420196,1.7789248924090082,-4.928418628288919,-3.126716613427562,-1.9802054176789403,0.8429971857144061,-1.055615190263784,4.003041825159475,-0.4495624473651333,1.6105172707804296
70.0,96.0,144.5764923095703,-2.1129752986153845,1.78820185651109,-4.884845481490914,-3.0226997161191496,-2.519540690568034,0.8458059944344665,-1.051714437428625,3.982974708147138,-0.4607190363781382,1.3111612459812636
70.0,96.0,147.07736206054688,-2.0933395852313788,1.768255194448773,-4.905596786801393,-3.0407285071711327,-2.5767125132202007,0.8283982861017916,-1.024319260769051,3.581886766145868,-0.442479162496965,1.322160803797492
70.0,96.0,155.38917541503906,-2.106011101066618,1.7568846313623323,-4.89888159774952,-3.08733424584246,-3.1035557753149847,0.8756624598537297,-1.0286728116128556,3.56225433086618,-0.4605761417817696,0.7013081579246323
70.0,96.0,150.84104919433594,-2.103567844892527,1.7856260177031409,-4.894497600425841,-2.982605199870336,-2.533887508865168,0.8405420977475977,-1.0313597798456695,3.951126267588119,-0.4369632602337598,1.3312761391094952
70.0,96.0,185.1563415527344,-1.1045015044881543,2.0394914040046315,-4.902741034330899,-3.033056741180545,-2.540287605300343,0.4607351206112166,-1.0469572497918882,4.320673939111806,-0.7875329213001536,0.6335255266750248
70.0,96.0,159.69412231445312,-2.21963507341297,1.850328278453232,-4.863205470948095,-3.7754689176902456,-3.045361023325458,0.837599674561319,-1.0212324909712558,3.56024233985072,-0.4482199517405474,0.7422656486335322
70.0,96.0,160.38934326171875,-2.1239526524329047,1.7532778008160277,-4.793683137872873,-2.992665936417859,-3.0883299703921034,0.7444479414625762,-1.0498487622640318,3.959048847339001,-0.7967959506285662,0.7170082799296202
70.0,96.0,163.56109619140625,-2.158921206597891,1.7502696135005276,-4.978879332584616,-3.0060878649855347,-2.4969528303417983,0.8971502147481437,-1.0480727677428303,3.860190611775384,-0.4765042192910834,1.666623609057417
70.0,96.0,155.30633544921875,-2.110355142561264,1.7355664246072802,-4.897661520156259,-3.0945963635771343,-3.0647722813398968,0.8256285834289196,-1.0204516952792135,4.389633871132414,-0.4667985076585941,0.7287559592886229
70.0,96.0,158.0673828125,-2.13478528945232,1.8441109636686763,-4.929363763692761,-3.1294766675918138,-3.0546509867568057,1.330469986782295,-1.0107985278553162,3.543151829295136,-0.4498499097984712,0.7093224768745058
70.0,96.0,151.25607299804688,-2.172037136009037,1.7295055121999343,-4.886813252907739,-3.044272093932116,-2.527211347557737,0.8736419156014977,-1.0803740810791176,4.326682419773425,-0.4568381444550614,1.020613823807618
70.0,96.0,166.35174560546875,-2.1839826523029533,1.7317492785414006,-4.863157585567276,-3.029274897849917,-3.064382047472599,1.331655290503512,-1.1420135338704025,4.388284810045576,-0.4504803565165269,0.7005964702626328
70.0,96.0,165.263427734375,-2.025108824505472,1.819420873531608,-4.880777358367313,-3.048511178555349,-3.076473591889685,0.724041054625411,-1.045823708623605,4.79798916193166,-0.408550783489008,0.6991762171530035
70.0,96.0,152.64381408691406,-2.0901784363343694,1.7996446316242254,-4.899252706699094,-3.094029690512522,-3.0680854502609827,0.8332068551577954,-1.0239699127134063,3.974889820226194,-0.4553751126038328,0.7064393748489924
70.0,96.0,160.2692413330078,-1.055922459328694,1.7735920722761906,-4.937958133848109,-1.695201673496223,-3.064020344723154,0.8372423768827528,-1.0608401158966236,4.429729571994304,-0.4561175576200931,0.7202760905369371
70.0,97.0,157.60691833496094,-2.1221509371431435,1.8392303061078088,-4.902514539010984,-3.0864103908050646,-3.0538475418464337,0.8517324402109121,-1.0171489627324086,3.092931355225164,-0.4559853455206131,0.9824460715350812
70.0,97.0,161.15728759765625,-1.9534206856324816,1.7536378394229737,-4.890109816254475,-3.0956079319477503,-3.0662115030366284,0.8279698431872164,-1.019189610828445,4.304919778195342,-0.4515226464921155,0.7024576952550962
70.0,97.0,162.12002563476562,-2.064461842927496,1.7935466532309607,-4.901120978795082,-3.037351504864135,-2.9825109954659146,0.8614086155396931,-1.0144580723090246,3.120163282703889,-0.463391761074009,0.7101871668493809
70.0,97.0,145.88137817382812,-2.107252660142146,1.7587611728900052,-4.895830709180931,-2.9841088284275186,-2.515170628983926,0.8733345008747009,-1.0488439330289865,3.9601561719602896,-0.4595059887441403,1.305322817833597
70.0,97.0,153.2599639892578,-2.089854011369209,1.8480757826748089,-4.885512096532945,-3.0746739956273714,-2.4596317638602234,0.840097876372831,-1.0492841281415748,3.970730988053041,-0.4594510061609511,1.0620775705803174
70.0,97.0,165.0949249267578,-2.1430933335971862,1.7468090118271338,-4.905180748907829,-3.046386210728684,-3.007232627062506,1.3738084906230097,-1.0119052884588242,2.78786993956882,-0.4453474930019477,0.7449628217751612
70.0,97.0,156.08035278320312,-2.1580996450789263,1.728328627406782,-4.879695436337815,-3.0850529772078543,-3.06587044186364,0.8359929899162684,-1.015638048938622,3.5437633377229565,-0.4462973345896071,0.7233871726910266
70.0,97.0,152.79067993164062,-2.093422370865988,1.7983879442835504,-4.8948872527118885,-3.0935374014388097,-3.065420797499045,0.8243284443811907,-1.029971861721276,3.953504968555522,-0.4515791902618848,0.730269155541836
70.0,97.0,148.01747131347656,-2.13643179196899,1.7860255328039587,-4.9000803762739205,-2.9884968552749007,-2.486438005198867,0.8637225529163732,-1.0477435457522837,3.961003119732546,-0.4550943496577187,1.5944652209362546
70.0,97.0,144.51522827148438,-2.144060832172081,1.7712082088934298,-4.893380504118484,-3.0007987864272687,-2.5196624767480027,0.8553075888356051,-1.0554020652660234,3.9726098019486233,-0.4544083046604929,1.3349029804223744
70.0,97.0,147.1719207763672,-2.1419823514293657,1.8074916686109264,-4.90217899680392,-3.029739105148096,-2.4958730687082498,0.8458933170949003,-1.0648740169562334,3.989734157004337,-0.4460697080320069,1.2906164327418843
70.0,97.0,163.69961547851562,-2.068842521084702,1.7981490092902286,-4.907850394422541,-3.0802335591716967,-2.3742289023182512,1.2964386815374933,-1.0308971596927596,3.970460903449173,-0.4693940781246348,1.0788973461380162
70.0,97.0,143.943115234375,-2.109011061930812,1.7910329688296531,-4.907165984193406,-3.0064768731811693,-2.5063718833350044,0.8455015673202331,-1.0575977925337865,3.9832245754663633,-0.4440455149493664,1.3254099540118438
70.0,97.0,147.0053253173828,-2.098451805113783,1.7556861071980572,-4.9133595333707945,-3.063456787049567,-2.491211478048408,0.7917523753370153,-1.045736149299787,3.98404142629308,-0.4570958596593532,1.0159428153736432
70.0,97.0,177.90628051757812,-0.9480992037287066,1.6698462529856726,-4.92126265432442,-3.066282443454009,-3.048841576344093,1.9184003846581128,-1.029547548154336,4.407033002134062,-0.5675828178794807,0.7291447687456702
70.0,97.0,148.70118713378906,-2.175036762050281,1.7502426505665656,-4.897131695176286,-3.004808928321152,-2.5301640716108205,0.9037154040830094,-1.0510833700900473,3.97173629076736,-0.4566313469377894,1.3003413602881788
70.0,97.0,143.4422149658203,-2.108643099260973,1.7616501291132716,-4.892370780163157,-3.0047418260573355,-2.5087711353685416,0.8439239451706004,-1.0470563256911407,3.971666318580632,-0.4448628882784647,1.3220945316328958
70.0,97.0,160.43174743652344,-2.151459286441727,1.90423910518166,-4.8357974123900185,-3.0298650166629133,-3.0903990647852853,1.847914090673568,-1.0054713900790966,4.348106831105531,-0.4774927454416172,0.7122873759067002
70.0,97.0,158.6701202392578,-2.1857370830077456,1.805632466204849,-4.940854356766674,-3.005138807218757,-3.0246378506615588,0.8536471484048354,-1.0576747830684972,4.365038786171499,-0.4655393619409302,1.8763462867536829
70.0,97.0,155.9059295654297,-1.9516112251571167,1.7622919185695716,-4.906195532534418,-3.065765869967695,-2.4266564268946365,0.8276655345468977,-1.0747757979033576,3.993824469081936,-0.4535327441244763,1.3572373884290745
70.0,97.0,146.33425903320312,-2.07806133090672,1.8093988725236665,-4.907798136126174,-3.01600568787972,-2.53479359686823,0.8452315845134781,-1.0455259736251277,3.9681086884587127,-0.4803968610267046,1.3242136728828566
70.0,97.0,150.22096252441406,-2.074975056197249,1.735066581943939,-4.862423353362672,-2.9973943214325964,-2.4792414935943703,0.826256150846715,-1.0654215367577962,3.9767968065596406,-0.461549061996327,1.2831307211274954
70.0,97.0,194.8916778564453,-2.049827407771498,1.718368103202781,-4.888665164641299,-3.854924386485969,-2.391728876499506,-0.2509762345972062,-1.0254218384807812,3.847822319421484,-1.4934398296031557,1.2728815586533822
70.0,97.0,153.1660919189453,-2.121447798556532,1.8336876551817392,-4.9380753146679925,-3.094233202647145,-3.0649950223856144,0.8354321701101891,-1.021508757068139,3.955010029302585,-0.4447028575291981,0.7080551592072115
70.0,97.0,144.51345825195312,-2.1502382839363734,1.7837654683193436,-4.893613711102304,-3.0084406110865167,-2.4979127996292414,0.8631427214511707,-1.051455708190746,3.9822715555388974,-0.45601633294366,1.3321715191629817
70.0,97.0,148.6083526611328,-2.068426434810065,1.8350721892974664,-4.905207362994263,-2.985942328325661,-2.527500387577094,0.8520621235814835,-1.0749526784300507,4.370484111682583,-0.4487673253814908,1.3305623437398504
70.0,97.0,173.24264526367188,-2.9723143171659294,1.7467743343781554,-4.8583524109262815,-3.132584168219534,-3.071824124186589,0.826754586818778,-0.0913498623214759,4.733588269388097,-0.4036389269487243,0.6670874524596352
70.0,97.0,158.58740234375,-2.19743009848025,1.7549870770575804,-4.898472339029639,-3.032058110552738,-2.435447897929983,1.8156643454378143,-1.0749176924004848,3.9188793858058464,-0.4611947418582927,1.3724767532011335
70.0,97.0,144.17312622070312,-2.122925511447345,1.7682108005903368,-4.892860841612453,-2.9931664156385223,-2.5136175774043656,0.8474351537170295,-1.0495260142316798,3.9684615080268935,-0.4593006311663573,1.3177578130269203
70.0,97.0,175.5135955810547,-3.9090488953949887,1.7859067540409015,-4.947877033145323,-2.438215959708819,-3.083639817184455,0.8145819375545251,-0.9752124298710154,3.60916111720354,-0.4453514141807003,1.3071532897292408
70.0,97.0,155.18360900878906,-2.1328400008855257,1.7650294671103497,-4.905828364138031,-3.0063934320151144,-2.450350367032508,0.7934108542236631,-1.0583164340374205,3.996049489639624,-0.4752144169805861,1.266507149624799
70.0,97.0,144.577880859375,-2.1226409749964934,1.764181265154653,-4.896763521804709,-3.0566308955100814,-2.528327385242968,0.8553498989389501,-1.040889310096134,3.969114637279369,-0.4478771903224158,1.301868666372441
70.0,97.0,146.7385711669922,-2.121183687163004,1.7688951727365625,-4.890998826187826,-3.017171778796901,-2.5030467413977218,0.8449971276373408,-1.013018001910173,3.989090005196316,-0.4742568392195581,1.3134320529848504
70.0,97.0,146.584716796875,-2.103115268970947,1.7773525520170366,-4.8991595252982325,-3.0347150506673737,-2.5711874065489764,0.8116258795517473,-1.035978714195854,3.971544582710554,-0.4467989748149475,1.6285298446205214
70.0,97.0,150.80116271972656,-2.132729112420196,1.7789248924090082,-4.928418628288919,-3.126716613427562,-1.9802054176789403,0.8429971857144061,-1.055615190263784,4.003041825159475,-0.4495624473651333,1.6105172707804296
70.0,97.0,144.5764923095703,-2.1129752986153845,1.78820185651109,-4.884845481490914,-3.0226997161191496,-2.519540690568034,0.8458059944344665,-1.051714437428625,3.982974708147138,-0.4607190363781382,1.3111612459812636
70.0,97.0,147.07736206054688,-2.0933395852313788,1.768255194448773,-4.905596786801393,-3.0407285071711327,-2.5767125132202007,0.8283982861017916,-1.024319260769051,3.581886766145868,-0.442479162496965,1.322160803797492
70.0,97.0,155.38917541503906,-2.106011101066618,1.7568846313623323,-4.89888159774952,-3.08733424584246,-3.1035557753149847,0.8756624598537297,-1.0286728116128556,3.56225433086618,-0.4605761417817696,0.7013081579246323
70.0,97.0,145.74293518066406,-2.1099455043932,1.7867849062058958,-4.904118680524779,-2.998894146474921,-2.483222706105176,0.8304131732262081,-1.0448628075843671,3.948066641362848,-0.4701801824011342,1.300640811047185
70.0,97.0,185.1563415527344,-1.1045015044881543,2.0394914040046315,-4.902741034330899,-3.033056741180545,-2.540287605300343,0.4607351206112166,-1.0469572497918882,4.320673939111806,-0.7875329213001536,0.6335255266750248
70.0,97.0,159.69412231445312,-2.21963507341297,1.850328278453232,-4.863205470948095,-3.7754689176902456,-3.045361023325458,0.837599674561319,-1.0212324909712558,3.56024233985072,-0.4482199517405474,0.7422656486335322
70.0,97.0,160.38934326171875,-2.1239526524329047,1.7532778008160277,-4.793683137872873,-2.992665936417859,-3.0883299703921034,0.7444479414625762,-1.0498487622640318,3.959048847339001,-0.7967959506285662,0.7170082799296202
70.0,97.0,163.56109619140625,-2.158921206597891,1.7502696135005276,-4.978879332584616,-3.0060878649855347,-2.4969528303417983,0.8971502147481437,-1.0480727677428303,3.860190611775384,-0.4765042192910834,1.666623609057417
70.0,97.0,155.30633544921875,-2.110355142561264,1.7355664246072802,-4.897661520156259,-3.0945963635771343,-3.0647722813398968,0.8256285834289196,-1.0204516952792135,4.389633871132414,-0.4667985076585941,0.7287559592886229
70.0,97.0,158.0673828125,-2.13478528945232,1.8441109636686763,-4.929363763692761,-3.1294766675918138,-3.0546509867568057,1.330469986782295,-1.0107985278553162,3.543151829295136,-0.4498499097984712,0.7093224768745058
70.0,97.0,151.25607299804688,-2.172037136009037,1.7295055121999343,-4.886813252907739,-3.044272093932116,-2.527211347557737,0.8736419156014977,-1.0803740810791176,4.326682419773425,-0.4568381444550614,1.020613823807618
70.0,97.0,166.35174560546875,-2.1839826523029533,1.7317492785414006,-4.863157585567276,-3.029274897849917,-3.064382047472599,1.331655290503512,-1.1420135338704025,4.388284810045576,-0.4504803565165269,0.7005964702626328
70.0,97.0,165.263427734375,-2.025108824505472,1.819420873531608,-4.880777358367313,-3.048511178555349,-3.076473591889685,0.724041054625411,-1.045823708623605,4.79798916193166,-0.408550783489008,0.6991762171530035
70.0,97.0,152.64381408691406,-2.0901784363343694,1.7996446316242254,-4.899252706699094,-3.094029690512522,-3.0680854502609827,0.8332068551577954,-1.0239699127134063,3.974889820226194,-0.4553751126038328,0.7064393748489924
70.0,97.0,160.2692413330078,-1.055922459328694,1.7735920722761906,-4.937958133848109,-1.695201673496223,-3.064020344723154,0.8372423768827528,-1.0608401158966236,4.429729571994304,-0.4561175576200931,0.7202760905369371
70.0,98.0,157.60691833496094,-2.1221509371431435,1.8392303061078088,-4.902514539010984,-3.0864103908050646,-3.0538475418464337,0.8517324402109121,-1.0171489627324086,3.092931355225164,-0.4559853455206131,0.9824460715350812
70.0,98.0,161.15728759765625,-1.9534206856324816,1.7536378394229737,-4.890109816254475,-3.0956079319477503,-3.0662115030366284,0.8279698431872164,-1.019189610828445,4.304919778195342,-0.4515226464921155,0.7024576952550962
70.0,98.0,162.12002563476562,-2.064461842927496,1.7935466532309607,-4.901120978795082,-3.037351504864135,-2.9825109954659146,0.8614086155396931,-1.0144580723090246,3.120163282703889,-0.463391761074009,0.7101871668493809
70.0,98.0,145.88137817382812,-2.107252660142146,1.7587611728900052,-4.895830709180931,-2.9841088284275186,-2.515170628983926,0.8733345008747009,-1.0488439330289865,3.9601561719602896,-0.4595059887441403,1.305322817833597
70.0,98.0,153.2599639892578,-2.089854011369209,1.8480757826748089,-4.885512096532945,-3.0746739956273714,-2.4596317638602234,0.840097876372831,-1.0492841281415748,3.970730988053041,-0.4594510061609511,1.0620775705803174
70.0,98.0,165.0949249267578,-2.1430933335971862,1.7468090118271338,-4.905180748907829,-3.046386210728684,-3.007232627062506,1.3738084906230097,-1.0119052884588242,2.78786993956882,-0.4453474930019477,0.7449628217751612
70.0,98.0,156.08035278320312,-2.1580996450789263,1.728328627406782,-4.879695436337815,-3.0850529772078543,-3.06587044186364,0.8359929899162684,-1.015638048938622,3.5437633377229565,-0.4462973345896071,0.7233871726910266
70.0,98.0,152.79067993164062,-2.093422370865988,1.7983879442835504,-4.8948872527118885,-3.0935374014388097,-3.065420797499045,0.8243284443811907,-1.029971861721276,3.953504968555522,-0.4515791902618848,0.730269155541836
70.0,98.0,148.01747131347656,-2.13643179196899,1.7860255328039587,-4.9000803762739205,-2.9884968552749007,-2.486438005198867,0.8637225529163732,-1.0477435457522837,3.961003119732546,-0.4550943496577187,1.5944652209362546
70.0,98.0,144.51522827148438,-2.144060832172081,1.7712082088934298,-4.893380504118484,-3.0007987864272687,-2.5196624767480027,0.8553075888356051,-1.0554020652660234,3.9726098019486233,-0.4544083046604929,1.3349029804223744
70.0,98.0,147.1719207763672,-2.1419823514293657,1.8074916686109264,-4.90217899680392,-3.029739105148096,-2.4958730687082498,0.8458933170949003,-1.0648740169562334,3.989734157004337,-0.4460697080320069,1.2906164327418843
70.0,98.0,163.69961547851562,-2.068842521084702,1.7981490092902286,-4.907850394422541,-3.0802335591716967,-2.3742289023182512,1.2964386815374933,-1.0308971596927596,3.970460903449173,-0.4693940781246348,1.0788973461380162
70.0,98.0,143.6764373779297,-2.1087920838290777,1.7717808886183253,-4.888442802114708,-3.006312286148011,-2.5079048455273822,0.8622046194461521,-1.0385948292139675,3.955670233330236,-0.4443563278569827,1.3206225685191555
70.0,98.0,147.0053253173828,-2.098451805113783,1.7556861071980572,-4.9133595333707945,-3.063456787049567,-2.491211478048408,0.7917523753370153,-1.045736149299787,3.98404142629308,-0.4570958596593532,1.0159428153736432
70.0,98.0,177.90628051757812,-0.9480992037287066,1.6698462529856726,-4.92126265432442,-3.066282443454009,-3.048841576344093,1.9184003846581128,-1.029547548154336,4.407033002134062,-0.5675828178794807,0.7291447687456702
70.0,98.0,148.70118713378906,-2.175036762050281,1.7502426505665656,-4.897131695176286,-3.004808928321152,-2.5301640716108205,0.9037154040830094,-1.0510833700900473,3.97173629076736,-0.4566313469377894,1.3003413602881788
70.0,98.0,143.4422149658203,-2.108643099260973,1.7616501291132716,-4.892370780163157,-3.0047418260573355,-2.5087711353685416,0.8439239451706004,-1.0470563256911407,3.971666318580632,-0.4448628882784647,1.3220945316328958
70.0,98.0,160.43174743652344,-2.151459286441727,1.90423910518166,-4.8357974123900185,-3.0298650166629133,-3.0903990647852853,1.847914090673568,-1.0054713900790966,4.348106831105531,-0.4774927454416172,0.7122873759067002
70.0,98.0,158.6701202392578,-2.1857370830077456,1.805632466204849,-4.940854356766674,-3.005138807218757,-3.0246378506615588,0.8536471484048354,-1.0576747830684972,4.365038786171499,-0.4655393619409302,1.8763462867536829
70.0,98.0,155.9059295654297,-1.9516112251571167,1.7622919185695716,-4.906195532534418,-3.065765869967695,-2.4266564268946365,0.8276655345468977,-1.0747757979033576,3.993824469081936,-0.4535327441244763,1.3572373884290745
70.0,98.0,146.33425903320312,-2.07806133090672,1.8093988725236665,-4.907798136126174,-3.01600568787972,-2.53479359686823,0.8452315845134781,-1.0455259736251277,3.9681086884587127,-0.4803968610267046,1.3242136728828566
70.0,98.0,150.22096252441406,-2.074975056197249,1.735066581943939,-4.862423353362672,-2.9973943214325964,-2.4792414935943703,0.826256150846715,-1.0654215367577962,3.9767968065596406,-0.461549061996327,1.2831307211274954
70.0,98.0,194.8916778564453,-2.049827407771498,1.718368103202781,-4.888665164641299,-3.854924386485969,-2.391728876499506,-0.2509762345972062,-1.0254218384807812,3.847822319421484,-1.4934398296031557,1.2728815586533822
70.0,98.0,153.1660919189453,-2.121447798556532,1.8336876551817392,-4.9380753146679925,-3.094233202647145,-3.0649950223856144,0.8354321701101891,-1.021508757068139,3.955010029302585,-0.4447028575291981,0.7080551592072115
70.0,98.0,144.32814025878906,-2.0996259198636067,1.7721984803114768,-4.887620433376058,-3.004728940578118,-2.5083307923716105,0.8451476482981338,-1.044974628210437,3.96346822845084,-0.4579569611035792,1.3402688822004445
70.0,98.0,148.6083526611328,-2.068426434810065,1.8350721892974664,-4.905207362994263,-2.985942328325661,-2.527500387577094,0.8520621235814835,-1.0749526784300507,4.370484111682583,-0.4487673253814908,1.3305623437398504
70.0,98.0,173.24264526367188,-2.9723143171659294,1.7467743343781554,-4.8583524109262815,-3.132584168219534,-3.071824124186589,0.826754586818778,-0.0913498623214759,4.733588269388097,-0.4036389269487243,0.6670874524596352
70.0,98.0,158.58740234375,-2.19743009848025,1.7549870770575804,-4.898472339029639,-3.032058110552738,-2.435447897929983,1.8156643454378143,-1.0749176924004848,3.9188793858058464,-0.4611947418582927,1.3724767532011335
70.0,98.0,144.17312622070312,-2.122925511447345,1.7682108005903368,-4.892860841612453,-2.9931664156385223,-2.5136175774043656,0.8474351537170295,-1.0495260142316798,3.9684615080268935,-0.4593006311663573,1.3177578130269203
70.0,98.0,175.5135955810547,-3.9090488953949887,1.7859067540409015,-4.947877033145323,-2.438215959708819,-3.083639817184455,0.8145819375545251,-0.9752124298710154,3.60916111720354,-0.4453514141807003,1.3071532897292408
70.0,98.0,155.18360900878906,-2.1328400008855257,1.7650294671103497,-4.905828364138031,-3.0063934320151144,-2.450350367032508,0.7934108542236631,-1.0583164340374205,3.996049489639624,-0.4752144169805861,1.266507149624799
70.0,98.0,144.577880859375,-2.1226409749964934,1.764181265154653,-4.896763521804709,-3.0566308955100814,-2.528327385242968,0.8553498989389501,-1.040889310096134,3.969114637279369,-0.4478771903224158,1.301868666372441
70.0,98.0,146.7385711669922,-2.121183687163004,1.7688951727365625,-4.890998826187826,-3.017171778796901,-2.5030467413977218,0.8449971276373408,-1.013018001910173,3.989090005196316,-0.4742568392195581,1.3134320529848504
70.0,98.0,146.584716796875,-2.103115268970947,1.7773525520170366,-4.8991595252982325,-3.0347150506673737,-2.5711874065489764,0.8116258795517473,-1.035978714195854,3.971544582710554,-0.4467989748149475,1.6285298446205214
70.0,98.0,150.80116271972656,-2.132729112420196,1.7789248924090082,-4.928418628288919,-3.126716613427562,-1.9802054176789403,0.8429971857144061,-1.055615190263784,4.003041825159475,-0.4495624473651333,1.6105172707804296
70.0,98.0,144.5764923095703,-2.1129752986153845,1.78820185651109,-4.884845481490914,-3.0226997161191496,-2.519540690568034,0.8458059944344665,-1.051714437428625,3.982974708147138,-0.4607190363781382,1.3111612459812636
70.0,98.0,147.07736206054688,-2.0933395852313788,1.768255194448773,-4.905596786801393,-3.0407285071711327,-2.5767125132202007,0.8283982861017916,-1.024319260769051,3.581886766145868,-0.442479162496965,1.322160803797492
70.0,98.0,155.38917541503906,-2.106011101066618,1.7568846313623323,-4.89888159774952,-3.08733424584246,-3.1035557753149847,0.8756624598537297,-1.0286728116128556,3.56225433086618,-0.4605761417817696,0.7013081579246323
70.0,98.0,145.74293518066406,-2.1099455043932,1.7867849062058958,-4.904118680524779,-2.998894146474921,-2.483222706105176,0.8304131732262081,-1.0448628075843671,3.948066641362848,-0.4701801824011342,1.300640811047185
70.0,98.0,185.1563415527344,-1.1045015044881543,2.0394914040046315,-4.902741034330899,-3.033056741180545,-2.540287605300343,0.4607351206112166,-1.0469572497918882,4.320673939111806,-0.7875329213001536,0.6335255266750248
70.0,98.0,159.69412231445312,-2.21963507341297,1.850328278453232,-4.863205470948095,-3.7754689176902456,-3.045361023325458,0.837599674561319,-1.0212324909712558,3.56024233985072,-0.4482199517405474,0.7422656486335322
70.0,98.0,160.38934326171875,-2.1239526524329047,1.7532778008160277,-4.793683137872873,-2.992665936417859,-3.0883299703921034,0.7444479414625762,-1.0498487622640318,3.959048847339001,-0.7967959506285662,0.7170082799296202
70.0,98.0,163.56109619140625,-2.158921206597891,1.7502696135005276,-4.978879332584616,-3.0060878649855347,-2.4969528303417983,0.8971502147481437,-1.0480727677428303,3.860190611775384,-0.4765042192910834,1.666623609057417
70.0,98.0,155.30633544921875,-2.110355142561264,1.7355664246072802,-4.897661520156259,-3.0945963635771343,-3.0647722813398968,0.8256285834289196,-1.0204516952792135,4.389633871132414,-0.4667985076585941,0.7287559592886229
70.0,98.0,158.0673828125,-2.13478528945232,1.8441109636686763,-4.929363763692761,-3.1294766675918138,-3.0546509867568057,1.330469986782295,-1.0107985278553162,3.543151829295136,-0.4498499097984712,0.7093224768745058
70.0,98.0,151.25607299804688,-2.172037136009037,1.7295055121999343,-4.886813252907739,-3.044272093932116,-2.527211347557737,0.8736419156014977,-1.0803740810791176,4.326682419773425,-0.4568381444550614,1.020613823807618
70.0,98.0,166.35174560546875,-2.1839826523029533,1.7317492785414006,-4.863157585567276,-3.029274897849917,-3.064382047472599,1.331655290503512,-1.1420135338704025,4.388284810045576,-0.4504803565165269,0.7005964702626328
70.0,98.0,165.263427734375,-2.025108824505472,1.819420873531608,-4.880777358367313,-3.048511178555349,-3.076473591889685,0.724041054625411,-1.045823708623605,4.79798916193166,-0.408550783489008,0.6991762171530035
70.0,98.0,152.64381408691406,-2.0901784363343694,1.7996446316242254,-4.899252706699094,-3.094029690512522,-3.0680854502609827,0.8332068551577954,-1.0239699127134063,3.974889820226194,-0.4553751126038328,0.7064393748489924
70.0,98.0,160.2692413330078,-1.055922459328694,1.7735920722761906,-4.937958133848109,-1.695201673496223,-3.064020344723154,0.8372423768827528,-1.0608401158966236,4.429729571994304,-0.4561175576200931,0.7202760905369371
70.0,99.0,157.60691833496094,-2.1221509371431435,1.8392303061078088,-4.902514539010984,-3.0864103908050646,-3.0538475418464337,0.8517324402109121,-1.0171489627324086,3.092931355225164,-0.4559853455206131,0.9824460715350812
70.0,99.0,161.15728759765625,-1.9534206856324816,1.7536378394229737,-4.890109816254475,-3.0956079319477503,-3.0662115030366284,0.8279698431872164,-1.019189610828445,4.304919778195342,-0.4515226464921155,0.7024576952550962
70.0,99.0,162.12002563476562,-2.064461842927496,1.7935466532309607,-4.901120978795082,-3.037351504864135,-2.9825109954659146,0.8614086155396931,-1.0144580723090246,3.120163282703889,-0.463391761074009,0.7101871668493809
70.0,99.0,145.88137817382812,-2.107252660142146,1.7587611728900052,-4.895830709180931,-2.9841088284275186,-2.515170628983926,0.8733345008747009,-1.0488439330289865,3.9601561719602896,-0.4595059887441403,1.305322817833597
70.0,99.0,153.2599639892578,-2.089854011369209,1.8480757826748089,-4.885512096532945,-3.0746739956273714,-2.4596317638602234,0.840097876372831,-1.0492841281415748,3.970730988053041,-0.4594510061609511,1.0620775705803174
70.0,99.0,165.0949249267578,-2.1430933335971862,1.7468090118271338,-4.905180748907829,-3.046386210728684,-3.007232627062506,1.3738084906230097,-1.0119052884588242,2.78786993956882,-0.4453474930019477,0.7449628217751612
70.0,99.0,156.08035278320312,-2.1580996450789263,1.728328627406782,-4.879695436337815,-3.0850529772078543,-3.06587044186364,0.8359929899162684,-1.015638048938622,3.5437633377229565,-0.4462973345896071,0.7233871726910266
70.0,99.0,152.79067993164062,-2.093422370865988,1.7983879442835504,-4.8948872527118885,-3.0935374014388097,-3.065420797499045,0.8243284443811907,-1.029971861721276,3.953504968555522,-0.4515791902618848,0.730269155541836
70.0,99.0,144.64962768554688,-2.1225669205236097,1.7526234622576715,-4.89254681261326,-3.050594593552624,-2.508641587920605,0.8526175522623581,-1.0521011867124417,3.9621251989312336,-0.4553990779992472,1.3018248995964596
70.0,99.0,144.51522827148438,-2.144060832172081,1.7712082088934298,-4.893380504118484,-3.0007987864272687,-2.5196624767480027,0.8553075888356051,-1.0554020652660234,3.9726098019486233,-0.4544083046604929,1.3349029804223744
70.0,99.0,147.1719207763672,-2.1419823514293657,1.8074916686109264,-4.90217899680392,-3.029739105148096,-2.4958730687082498,0.8458933170949003,-1.0648740169562334,3.989734157004337,-0.4460697080320069,1.2906164327418843
70.0,99.0,163.69961547851562,-2.068842521084702,1.7981490092902286,-4.907850394422541,-3.0802335591716967,-2.3742289023182512,1.2964386815374933,-1.0308971596927596,3.970460903449173,-0.4693940781246348,1.0788973461380162
70.0,99.0,143.6764373779297,-2.1087920838290777,1.7717808886183253,-4.888442802114708,-3.006312286148011,-2.5079048455273822,0.8622046194461521,-1.0385948292139675,3.955670233330236,-0.4443563278569827,1.3206225685191555
70.0,99.0,147.0053253173828,-2.098451805113783,1.7556861071980572,-4.9133595333707945,-3.063456787049567,-2.491211478048408,0.7917523753370153,-1.045736149299787,3.98404142629308,-0.4570958596593532,1.0159428153736432
70.0,99.0,177.90628051757812,-0.9480992037287066,1.6698462529856726,-4.92126265432442,-3.066282443454009,-3.048841576344093,1.9184003846581128,-1.029547548154336,4.407033002134062,-0.5675828178794807,0.7291447687456702
70.0,99.0,148.70118713378906,-2.175036762050281,1.7502426505665656,-4.897131695176286,-3.004808928321152,-2.5301640716108205,0.9037154040830094,-1.0510833700900473,3.97173629076736,-0.4566313469377894,1.3003413602881788
70.0,99.0,143.4422149658203,-2.108643099260973,1.7616501291132716,-4.892370780163157,-3.0047418260573355,-2.5087711353685416,0.8439239451706004,-1.0470563256911407,3.971666318580632,-0.4448628882784647,1.3220945316328958
70.0,99.0,160.43174743652344,-2.151459286441727,1.90423910518166,-4.8357974123900185,-3.0298650166629133,-3.0903990647852853,1.847914090673568,-1.0054713900790966,4.348106831105531,-0.4774927454416172,0.7122873759067002
70.0,99.0,158.6701202392578,-2.1857370830077456,1.805632466204849,-4.940854356766674,-3.005138807218757,-3.0246378506615588,0.8536471484048354,-1.0576747830684972,4.365038786171499,-0.4655393619409302,1.8763462867536829
70.0,99.0,155.9059295654297,-1.9516112251571167,1.7622919185695716,-4.906195532534418,-3.065765869967695,-2.4266564268946365,0.8276655345468977,-1.0747757979033576,3.993824469081936,-0.4535327441244763,1.3572373884290745
70.0,99.0,146.33425903320312,-2.07806133090672,1.8093988725236665,-4.907798136126174,-3.01600568787972,-2.53479359686823,0.8452315845134781,-1.0455259736251277,3.9681086884587127,-0.4803968610267046,1.3242136728828566
70.0,99.0,150.22096252441406,-2.074975056197249,1.735066581943939,-4.862423353362672,-2.9973943214325964,-2.4792414935943703,0.826256150846715,-1.0654215367577962,3.9767968065596406,-0.461549061996327,1.2831307211274954
70.0,99.0,194.8916778564453,-2.049827407771498,1.718368103202781,-4.888665164641299,-3.854924386485969,-2.391728876499506,-0.2509762345972062,-1.0254218384807812,3.847822319421484,-1.4934398296031557,1.2728815586533822
70.0,99.0,153.1660919189453,-2.121447798556532,1.8336876551817392,-4.9380753146679925,-3.094233202647145,-3.0649950223856144,0.8354321701101891,-1.021508757068139,3.955010029302585,-0.4447028575291981,0.7080551592072115
70.0,99.0,143.77822875976562,-2.0892697315651407,1.7480964187408183,-4.8989377158219245,-3.002901764612675,-2.5125589079776622,0.8407875888469727,-1.0447319697089934,3.965157761916106,-0.4433232936270355,1.323086436751424
70.0,99.0,148.6083526611328,-2.068426434810065,1.8350721892974664,-4.905207362994263,-2.985942328325661,-2.527500387577094,0.8520621235814835,-1.0749526784300507,4.370484111682583,-0.4487673253814908,1.3305623437398504
70.0,99.0,173.24264526367188,-2.9723143171659294,1.7467743343781554,-4.8583524109262815,-3.132584168219534,-3.071824124186589,0.826754586818778,-0.0913498623214759,4.733588269388097,-0.4036389269487243,0.6670874524596352
70.0,99.0,158.58740234375,-2.19743009848025,1.7549870770575804,-4.898472339029639,-3.032058110552738,-2.435447897929983,1.8156643454378143,-1.0749176924004848,3.9188793858058464,-0.4611947418582927,1.3724767532011335
70.0,99.0,144.17312622070312,-2.122925511447345,1.7682108005903368,-4.892860841612453,-2.9931664156385223,-2.5136175774043656,0.8474351537170295,-1.0495260142316798,3.9684615080268935,-0.4593006311663573,1.3177578130269203
70.0,99.0,175.5135955810547,-3.9090488953949887,1.7859067540409015,-4.947877033145323,-2.438215959708819,-3.083639817184455,0.8145819375545251,-0.9752124298710154,3.60916111720354,-0.4453514141807003,1.3071532897292408
70.0,99.0,155.18360900878906,-2.1328400008855257,1.7650294671103497,-4.905828364138031,-3.0063934320151144,-2.450350367032508,0.7934108542236631,-1.0583164340374205,3.996049489639624,-0.4752144169805861,1.266507149624799
70.0,99.0,144.577880859375,-2.1226409749964934,1.764181265154653,-4.896763521804709,-3.0566308955100814,-2.528327385242968,0.8553498989389501,-1.040889310096134,3.969114637279369,-0.4478771903224158,1.301868666372441
70.0,99.0,146.7385711669922,-2.121183687163004,1.7688951727365625,-4.890998826187826,-3.017171778796901,-2.5030467413977218,0.8449971276373408,-1.013018001910173,3.989090005196316,-0.4742568392195581,1.3134320529848504
70.0,99.0,146.584716796875,-2.103115268970947,1.7773525520170366,-4.8991595252982325,-3.0347150506673737,-2.5711874065489764,0.8116258795517473,-1.035978714195854,3.971544582710554,-0.4467989748149475,1.6285298446205214
70.0,99.0,149.22589111328125,-2.128002007546302,1.7775835671501583,-4.906446020325433,-3.061284473130345,-2.5535127709153658,0.8402495680075848,-1.0525665724340618,3.956374777042616,-0.4522490583862534,1.3703628078994745
70.0,99.0,144.21131896972656,-2.139916851034922,1.7798682100619423,-4.969098018438143,-3.014696859151751,-2.511894498117373,0.842401681518446,-1.0569981605912038,3.967515487405666,-0.4528569429229381,1.3207580030397594
70.0,99.0,147.07736206054688,-2.0933395852313788,1.768255194448773,-4.905596786801393,-3.0407285071711327,-2.5767125132202007,0.8283982861017916,-1.024319260769051,3.581886766145868,-0.442479162496965,1.322160803797492
70.0,99.0,155.38917541503906,-2.106011101066618,1.7568846313623323,-4.89888159774952,-3.08733424584246,-3.1035557753149847,0.8756624598537297,-1.0286728116128556,3.56225433086618,-0.4605761417817696,0.7013081579246323
70.0,99.0,145.74293518066406,-2.1099455043932,1.7867849062058958,-4.904118680524779,-2.998894146474921,-2.483222706105176,0.8304131732262081,-1.0448628075843671,3.948066641362848,-0.4701801824011342,1.300640811047185
70.0,99.0,185.1563415527344,-1.1045015044881543,2.0394914040046315,-4.902741034330899,-3.033056741180545,-2.540287605300343,0.4607351206112166,-1.0469572497918882,4.320673939111806,-0.7875329213001536,0.6335255266750248
70.0,99.0,159.69412231445312,-2.21963507341297,1.850328278453232,-4.863205470948095,-3.7754689176902456,-3.045361023325458,0.837599674561319,-1.0212324909712558,3.56024233985072,-0.4482199517405474,0.7422656486335322
70.0,99.0,160.38934326171875,-2.1239526524329047,1.7532778008160277,-4.793683137872873,-2.992665936417859,-3.0883299703921034,0.7444479414625762,-1.0498487622640318,3.959048847339001,-0.7967959506285662,0.7170082799296202
70.0,99.0,151.31707763671875,-2.1830697572090987,1.7412804251505392,-4.923908294802751,-3.006110103588516,-2.489172128529284,0.8464240274416821,-1.0547958080686746,3.914868279500784,-0.492351039047999,1.3269495275538628
70.0,99.0,155.30633544921875,-2.110355142561264,1.7355664246072802,-4.897661520156259,-3.0945963635771343,-3.0647722813398968,0.8256285834289196,-1.0204516952792135,4.389633871132414,-0.4667985076585941,0.7287559592886229
70.0,99.0,158.0673828125,-2.13478528945232,1.8441109636686763,-4.929363763692761,-3.1294766675918138,-3.0546509867568057,1.330469986782295,-1.0107985278553162,3.543151829295136,-0.4498499097984712,0.7093224768745058
70.0,99.0,151.25607299804688,-2.172037136009037,1.7295055121999343,-4.886813252907739,-3.044272093932116,-2.527211347557737,0.8736419156014977,-1.0803740810791176,4.326682419773425,-0.4568381444550614,1.020613823807618
70.0,99.0,166.35174560546875,-2.1839826523029533,1.7317492785414006,-4.863157585567276,-3.029274897849917,-3.064382047472599,1.331655290503512,-1.1420135338704025,4.388284810045576,-0.4504803565165269,0.7005964702626328
70.0,99.0,165.263427734375,-2.025108824505472,1.819420873531608,-4.880777358367313,-3.048511178555349,-3.076473591889685,0.724041054625411,-1.045823708623605,4.79798916193166,-0.408550783489008,0.6991762171530035
70.0,99.0,152.64381408691406,-2.0901784363343694,1.7996446316242254,-4.899252706699094,-3.094029690512522,-3.0680854502609827,0.8332068551577954,-1.0239699127134063,3.974889820226194,-0.4553751126038328,0.7064393748489924
70.0,99.0,160.2692413330078,-1.055922459328694,1.7735920722761906,-4.937958133848109,-1.695201673496223,-3.064020344723154,0.8372423768827528,-1.0608401158966236,4.429729571994304,-0.4561175576200931,0.7202760905369371
70.0,100.0,157.60691833496094,-2.1221509371431435,1.8392303061078088,-4.902514539010984,-3.0864103908050646,-3.0538475418464337,0.8517324402109121,-1.0171489627324086,3.092931355225164,-0.4559853455206131,0.9824460715350812
70.0,100.0,161.15728759765625,-1.9534206856324816,1.7536378394229737,-4.890109816254475,-3.0956079319477503,-3.0662115030366284,0.8279698431872164,-1.019189610828445,4.304919778195342,-0.4515226464921155,0.7024576952550962
70.0,100.0,162.12002563476562,-2.064461842927496,1.7935466532309607,-4.901120978795082,-3.037351504864135,-2.9825109954659146,0.8614086155396931,-1.0144580723090246,3.120163282703889,-0.463391761074009,0.7101871668493809
70.0,100.0,145.88137817382812,-2.107252660142146,1.7587611728900052,-4.895830709180931,-2.9841088284275186,-2.515170628983926,0.8733345008747009,-1.0488439330289865,3.9601561719602896,-0.4595059887441403,1.305322817833597
70.0,100.0,148.31765747070312,-2.108492073599935,1.9078832143590725,-4.888177408764543,-3.080205999707752,-2.5187438100816646,0.843252100333032,-1.0469616927142735,3.968793404449495,-0.4430512820373714,1.3225223587314854
70.0,100.0,165.0949249267578,-2.1430933335971862,1.7468090118271338,-4.905180748907829,-3.046386210728684,-3.007232627062506,1.3738084906230097,-1.0119052884588242,2.78786993956882,-0.4453474930019477,0.7449628217751612
70.0,100.0,156.08035278320312,-2.1580996450789263,1.728328627406782,-4.879695436337815,-3.0850529772078543,-3.06587044186364,0.8359929899162684,-1.015638048938622,3.5437633377229565,-0.4462973345896071,0.7233871726910266
70.0,100.0,152.79067993164062,-2.093422370865988,1.7983879442835504,-4.8948872527118885,-3.0935374014388097,-3.065420797499045,0.8243284443811907,-1.029971861721276,3.953504968555522,-0.4515791902618848,0.730269155541836
70.0,100.0,144.64962768554688,-2.1225669205236097,1.7526234622576715,-4.89254681261326,-3.050594593552624,-2.508641587920605,0.8526175522623581,-1.0521011867124417,3.9621251989312336,-0.4553990779992472,1.3018248995964596
70.0,100.0,144.51522827148438,-2.144060832172081,1.7712082088934298,-4.893380504118484,-3.0007987864272687,-2.5196624767480027,0.8553075888356051,-1.0554020652660234,3.9726098019486233,-0.4544083046604929,1.3349029804223744
70.0,100.0,146.28848266601562,-2.1329029048547867,1.8058866899756227,-4.892573066564316,-3.005390740200573,-2.49601759109172,0.8446838451228273,-1.0606347040926525,4.000608690963718,-0.4471737272502377,1.3030222102258546
70.0,100.0,163.69961547851562,-2.068842521084702,1.7981490092902286,-4.907850394422541,-3.0802335591716967,-2.3742289023182512,1.2964386815374933,-1.0308971596927596,3.970460903449173,-0.4693940781246348,1.0788973461380162
70.0,100.0,143.5810089111328,-2.1085649421701707,1.778641414712931,-4.895811776335349,-3.002139384182491,-2.509224180184754,0.8548599909322677,-1.0392461940074469,3.97696325983742,-0.4442014452969872,1.3231002716868028
70.0,100.0,147.0053253173828,-2.098451805113783,1.7556861071980572,-4.9133595333707945,-3.063456787049567,-2.491211478048408,0.7917523753370153,-1.045736149299787,3.98404142629308,-0.4570958596593532,1.0159428153736432
70.0,100.0,177.90628051757812,-0.9480992037287066,1.6698462529856726,-4.92126265432442,-3.066282443454009,-3.048841576344093,1.9184003846581128,-1.029547548154336,4.407033002134062,-0.5675828178794807,0.7291447687456702
70.0,100.0,148.70118713378906,-2.175036762050281,1.7502426505665656,-4.897131695176286,-3.004808928321152,-2.5301640716108205,0.9037154040830094,-1.0510833700900473,3.97173629076736,-0.4566313469377894,1.3003413602881788
70.0,100.0,143.4422149658203,-2.108643099260973,1.7616501291132716,-4.892370780163157,-3.0047418260573355,-2.5087711353685416,0.8439239451706004,-1.0470563256911407,3.971666318580632,-0.4448628882784647,1.3220945316328958
70.0,100.0,160.43174743652344,-2.151459286441727,1.90423910518166,-4.8357974123900185,-3.0298650166629133,-3.0903990647852853,1.847914090673568,-1.0054713900790966,4.348106831105531,-0.4774927454416172,0.7122873759067002
70.0,100.0,158.6701202392578,-2.1857370830077456,1.805632466204849,-4.940854356766674,-3.005138807218757,-3.0246378506615588,0.8536471484048354,-1.0576747830684972,4.365038786171499,-0.4655393619409302,1.8763462867536829
70.0,100.0,155.9059295654297,-1.9516112251571167,1.7622919185695716,-4.906195532534418,-3.065765869967695,-2.4266564268946365,0.8276655345468977,-1.0747757979033576,3.993824469081936,-0.4535327441244763,1.3572373884290745
70.0,100.0,146.33425903320312,-2.07806133090672,1.8093988725236665,-4.907798136126174,-3.01600568787972,-2.53479359686823,0.8452315845134781,-1.0455259736251277,3.9681086884587127,-0.4803968610267046,1.3242136728828566
70.0,100.0,150.22096252441406,-2.074975056197249,1.735066581943939,-4.862423353362672,-2.9973943214325964,-2.4792414935943703,0.826256150846715,-1.0654215367577962,3.9767968065596406,-0.461549061996327,1.2831307211274954
70.0,100.0,194.8916778564453,-2.049827407771498,1.718368103202781,-4.888665164641299,-3.854924386485969,-2.391728876499506,-0.2509762345972062,-1.0254218384807812,3.847822319421484,-1.4934398296031557,1.2728815586533822
70.0,100.0,153.1660919189453,-2.121447798556532,1.8336876551817392,-4.9380753146679925,-3.094233202647145,-3.0649950223856144,0.8354321701101891,-1.021508757068139,3.955010029302585,-0.4447028575291981,0.7080551592072115
70.0,100.0,143.77822875976562,-2.0892697315651407,1.7480964187408183,-4.8989377158219245,-3.002901764612675,-2.5125589079776622,0.8407875888469727,-1.0447319697089934,3.965157761916106,-0.4433232936270355,1.323086436751424
70.0,100.0,148.6083526611328,-2.068426434810065,1.8350721892974664,-4.905207362994263,-2.985942328325661,-2.527500387577094,0.8520621235814835,-1.0749526784300507,4.370484111682583,-0.4487673253814908,1.3305623437398504
70.0,100.0,173.24264526367188,-2.9723143171659294,1.7467743343781554,-4.8583524109262815,-3.132584168219534,-3.071824124186589,0.826754586818778,-0.0913498623214759,4.733588269388097,-0.4036389269487243,0.6670874524596352
70.0,100.0,158.58740234375,-2.19743009848025,1.7549870770575804,-4.898472339029639,-3.032058110552738,-2.435447897929983,1.8156643454378143,-1.0749176924004848,3.9188793858058464,-0.4611947418582927,1.3724767532011335
70.0,100.0,144.17312622070312,-2.122925511447345,1.7682108005903368,-4.892860841612453,-2.9931664156385223,-2.5136175774043656,0.8474351537170295,-1.0495260142316798,3.9684615080268935,-0.4593006311663573,1.3177578130269203
70.0,100.0,175.5135955810547,-3.9090488953949887,1.7859067540409015,-4.947877033145323,-2.438215959708819,-3.083639817184455,0.8145819375545251,-0.9752124298710154,3.60916111720354,-0.4453514141807003,1.3071532897292408
70.0,100.0,155.18360900878906,-2.1328400008855257,1.7650294671103497,-4.905828364138031,-3.0063934320151144,-2.450350367032508,0.7934108542236631,-1.0583164340374205,3.996049489639624,-0.4752144169805861,1.266507149624799
70.0,100.0,144.577880859375,-2.1226409749964934,1.764181265154653,-4.896763521804709,-3.0566308955100814,-2.528327385242968,0.8553498989389501,-1.040889310096134,3.969114637279369,-0.4478771903224158,1.301868666372441
70.0,100.0,146.7385711669922,-2.121183687163004,1.7688951727365625,-4.890998826187826,-3.017171778796901,-2.5030467413977218,0.8449971276373408,-1.013018001910173,3.989090005196316,-0.4742568392195581,1.3134320529848504
70.0,100.0,146.584716796875,-2.103115268970947,1.7773525520170366,-4.8991595252982325,-3.0347150506673737,-2.5711874065489764,0.8116258795517473,-1.035978714195854,3.971544582710554,-0.4467989748149475,1.6285298446205214
70.0,100.0,149.22589111328125,-2.128002007546302,1.7775835671501583,-4.906446020325433,-3.061284473130345,-2.5535127709153658,0.8402495680075848,-1.0525665724340618,3.956374777042616,-0.4522490583862534,1.3703628078994745
70.0,100.0,144.21131896972656,-2.139916851034922,1.7798682100619423,-4.969098018438143,-3.014696859151751,-2.511894498117373,0.842401681518446,-1.0569981605912038,3.967515487405666,-0.4528569429229381,1.3207580030397594
70.0,100.0,147.07736206054688,-2.0933395852313788,1.768255194448773,-4.905596786801393,-3.0407285071711327,-2.5767125132202007,0.8283982861017916,-1.024319260769051,3.581886766145868,-0.442479162496965,1.322160803797492
70.0,100.0,155.38917541503906,-2.106011101066618,1.7568846313623323,-4.89888159774952,-3.08733424584246,-3.1035557753149847,0.8756624598537297,-1.0286728116128556,3.56225433086618,-0.4605761417817696,0.7013081579246323
70.0,100.0,144.239013671875,-2.109538254235112,1.7628213101754393,-4.8989062982348885,-2.995289164610952,-2.498030368708748,0.8432946620551747,-1.0465546230083056,3.9623729532182455,-0.4641817483507289,1.3333814043684278
70.0,100.0,185.1563415527344,-1.1045015044881543,2.0394914040046315,-4.902741034330899,-3.033056741180545,-2.540287605300343,0.4607351206112166,-1.0469572497918882,4.320673939111806,-0.7875329213001536,0.6335255266750248
70.0,100.0,159.69412231445312,-2.21963507341297,1.850328278453232,-4.863205470948095,-3.7754689176902456,-3.045361023325458,0.837599674561319,-1.0212324909712558,3.56024233985072,-0.4482199517405474,0.7422656486335322
70.0,100.0,160.38934326171875,-2.1239526524329047,1.7532778008160277,-4.793683137872873,-2.992665936417859,-3.0883299703921034,0.7444479414625762,-1.0498487622640318,3.959048847339001,-0.7967959506285662,0.7170082799296202
70.0,100.0,151.31707763671875,-2.1830697572090987,1.7412804251505392,-4.923908294802751,-3.006110103588516,-2.489172128529284,0.8464240274416821,-1.0547958080686746,3.914868279500784,-0.492351039047999,1.3269495275538628
70.0,100.0,155.30633544921875,-2.110355142561264,1.7355664246072802,-4.897661520156259,-3.0945963635771343,-3.0647722813398968,0.8256285834289196,-1.0204516952792135,4.389633871132414,-0.4667985076585941,0.7287559592886229
70.0,100.0,158.0673828125,-2.13478528945232,1.8441109636686763,-4.929363763692761,-3.1294766675918138,-3.0546509867568057,1.330469986782295,-1.0107985278553162,3.543151829295136,-0.4498499097984712,0.7093224768745058
70.0,100.0,151.25607299804688,-2.172037136009037,1.7295055121999343,-4.886813252907739,-3.044272093932116,-2.527211347557737,0.8736419156014977,-1.0803740810791176,4.326682419773425,-0.4568381444550614,1.020613823807618
70.0,100.0,166.35174560546875,-2.1839826523029533,1.7317492785414006,-4.863157585567276,-3.029274897849917,-3.064382047472599,1.331655290503512,-1.1420135338704025,4.388284810045576,-0.4504803565165269,0.7005964702626328
70.0,100.0,165.263427734375,-2.025108824505472,1.819420873531608,-4.880777358367313,-3.048511178555349,-3.076473591889685,0.724041054625411,-1.045823708623605,4.79798916193166,-0.408550783489008,0.6991762171530035
70.0,100.0,152.64381408691406,-2.0901784363343694,1.7996446316242254,-4.899252706699094,-3.094029690512522,-3.0680854502609827,0.8332068551577954,-1.0239699127134063,3.974889820226194,-0.4553751126038328,0.7064393748489924
70.0,100.0,160.2692413330078,-1.055922459328694,1.7735920722761906,-4.937958133848109,-1.695201673496223,-3.064020344723154,0.8372423768827528,-1.0608401158966236,4.429729571994304,-0.4561175576200931,0.7202760905369371
70.0,101.0,157.60691833496094,-2.1221509371431435,1.8392303061078088,-4.902514539010984,-3.0864103908050646,-3.0538475418464337,0.8517324402109121,-1.0171489627324086,3.092931355225164,-0.4559853455206131,0.9824460715350812
70.0,101.0,161.15728759765625,-1.9534206856324816,1.7536378394229737,-4.890109816254475,-3.0956079319477503,-3.0662115030366284,0.8279698431872164,-1.019189610828445,4.304919778195342,-0.4515226464921155,0.7024576952550962
70.0,101.0,162.12002563476562,-2.064461842927496,1.7935466532309607,-4.901120978795082,-3.037351504864135,-2.9825109954659146,0.8614086155396931,-1.0144580723090246,3.120163282703889,-0.463391761074009,0.7101871668493809
70.0,101.0,145.02383422851562,-2.107193527141511,1.7902641129554098,-4.890526514436239,-2.998995192094481,-2.518168756255056,0.8005333007879245,-1.0478005155669516,3.968495978187388,-0.4455329894919814,1.330203862374294
70.0,101.0,148.31765747070312,-2.108492073599935,1.9078832143590725,-4.888177408764543,-3.080205999707752,-2.5187438100816646,0.843252100333032,-1.0469616927142735,3.968793404449495,-0.4430512820373714,1.3225223587314854
70.0,101.0,165.0949249267578,-2.1430933335971862,1.7468090118271338,-4.905180748907829,-3.046386210728684,-3.007232627062506,1.3738084906230097,-1.0119052884588242,2.78786993956882,-0.4453474930019477,0.7449628217751612
70.0,101.0,156.08035278320312,-2.1580996450789263,1.728328627406782,-4.879695436337815,-3.0850529772078543,-3.06587044186364,0.8359929899162684,-1.015638048938622,3.5437633377229565,-0.4462973345896071,0.7233871726910266
70.0,101.0,149.0543975830078,-2.113924678909984,1.760447213516485,-4.892570835040236,-3.0163429020526284,-2.460513357511557,0.8577005817306997,-1.0448336275148562,3.9279150575515818,-0.4503412441133987,1.6582050468325922
70.0,101.0,144.64962768554688,-2.1225669205236097,1.7526234622576715,-4.89254681261326,-3.050594593552624,-2.508641587920605,0.8526175522623581,-1.0521011867124417,3.9621251989312336,-0.4553990779992472,1.3018248995964596
70.0,101.0,144.51522827148438,-2.144060832172081,1.7712082088934298,-4.893380504118484,-3.0007987864272687,-2.5196624767480027,0.8553075888356051,-1.0554020652660234,3.9726098019486233,-0.4544083046604929,1.3349029804223744
70.0,101.0,146.28848266601562,-2.1329029048547867,1.8058866899756227,-4.892573066564316,-3.005390740200573,-2.49601759109172,0.8446838451228273,-1.0606347040926525,4.000608690963718,-0.4471737272502377,1.3030222102258546
70.0,101.0,163.69961547851562,-2.068842521084702,1.7981490092902286,-4.907850394422541,-3.0802335591716967,-2.3742289023182512,1.2964386815374933,-1.0308971596927596,3.970460903449173,-0.4693940781246348,1.0788973461380162
70.0,101.0,143.42184448242188,-2.108681391445299,1.777711238404093,-4.893182332601057,-3.0076298309854703,-2.50836746927892,0.8553555064860989,-1.0490338638099963,3.970027865732322,-0.4447776935385068,1.3221177709803358
70.0,101.0,147.0053253173828,-2.098451805113783,1.7556861071980572,-4.9133595333707945,-3.063456787049567,-2.491211478048408,0.7917523753370153,-1.045736149299787,3.98404142629308,-0.4570958596593532,1.0159428153736432
70.0,101.0,177.90628051757812,-0.9480992037287066,1.6698462529856726,-4.92126265432442,-3.066282443454009,-3.048841576344093,1.9184003846581128,-1.029547548154336,4.407033002134062,-0.5675828178794807,0.7291447687456702
70.0,101.0,148.70118713378906,-2.175036762050281,1.7502426505665656,-4.897131695176286,-3.004808928321152,-2.5301640716108205,0.9037154040830094,-1.0510833700900473,3.97173629076736,-0.4566313469377894,1.3003413602881788
70.0,101.0,143.4422149658203,-2.108643099260973,1.7616501291132716,-4.892370780163157,-3.0047418260573355,-2.5087711353685416,0.8439239451706004,-1.0470563256911407,3.971666318580632,-0.4448628882784647,1.3220945316328958
70.0,101.0,160.43174743652344,-2.151459286441727,1.90423910518166,-4.8357974123900185,-3.0298650166629133,-3.0903990647852853,1.847914090673568,-1.0054713900790966,4.348106831105531,-0.4774927454416172,0.7122873759067002
70.0,101.0,158.6701202392578,-2.1857370830077456,1.805632466204849,-4.940854356766674,-3.005138807218757,-3.0246378506615588,0.8536471484048354,-1.0576747830684972,4.365038786171499,-0.4655393619409302,1.8763462867536829
70.0,101.0,155.9059295654297,-1.9516112251571167,1.7622919185695716,-4.906195532534418,-3.065765869967695,-2.4266564268946365,0.8276655345468977,-1.0747757979033576,3.993824469081936,-0.4535327441244763,1.3572373884290745
70.0,101.0,146.33425903320312,-2.07806133090672,1.8093988725236665,-4.907798136126174,-3.01600568787972,-2.53479359686823,0.8452315845134781,-1.0455259736251277,3.9681086884587127,-0.4803968610267046,1.3242136728828566
70.0,101.0,150.22096252441406,-2.074975056197249,1.735066581943939,-4.862423353362672,-2.9973943214325964,-2.4792414935943703,0.826256150846715,-1.0654215367577962,3.9767968065596406,-0.461549061996327,1.2831307211274954
70.0,101.0,181.37094116210932,-2.102923533412022,1.6891735758338484,-4.882488951078823,-3.099134877765493,-2.3229098742326046,-0.1230231020960328,-1.0441962657551844,3.931191366201813,-0.7450080381634534,1.3192227914868535
70.0,101.0,153.1660919189453,-2.121447798556532,1.8336876551817392,-4.9380753146679925,-3.094233202647145,-3.0649950223856144,0.8354321701101891,-1.021508757068139,3.955010029302585,-0.4447028575291981,0.7080551592072115
70.0,101.0,143.67779541015625,-2.1018177734802173,1.763387870684472,-4.893030306413803,-3.004425934744279,-2.509571457854841,0.839989096058374,-1.0480525771244629,3.9730248840642046,-0.4459915936996511,1.3322757110578136
70.0,101.0,148.6083526611328,-2.068426434810065,1.8350721892974664,-4.905207362994263,-2.985942328325661,-2.527500387577094,0.8520621235814835,-1.0749526784300507,4.370484111682583,-0.4487673253814908,1.3305623437398504
70.0,101.0,173.24264526367188,-2.9723143171659294,1.7467743343781554,-4.8583524109262815,-3.132584168219534,-3.071824124186589,0.826754586818778,-0.0913498623214759,4.733588269388097,-0.4036389269487243,0.6670874524596352
70.0,101.0,158.58740234375,-2.19743009848025,1.7549870770575804,-4.898472339029639,-3.032058110552738,-2.435447897929983,1.8156643454378143,-1.0749176924004848,3.9188793858058464,-0.4611947418582927,1.3724767532011335
70.0,101.0,144.17312622070312,-2.122925511447345,1.7682108005903368,-4.892860841612453,-2.9931664156385223,-2.5136175774043656,0.8474351537170295,-1.0495260142316798,3.9684615080268935,-0.4593006311663573,1.3177578130269203
70.0,101.0,175.5135955810547,-3.9090488953949887,1.7859067540409015,-4.947877033145323,-2.438215959708819,-3.083639817184455,0.8145819375545251,-0.9752124298710154,3.60916111720354,-0.4453514141807003,1.3071532897292408
70.0,101.0,149.47891235351562,-2.1159750448897765,1.7583492340397913,-4.894328862364063,-3.0091631097930467,-2.4948166989130267,0.8414921034954966,-1.0572757793742509,3.973126354737381,-0.4128179156611562,1.041832686113887
70.0,101.0,144.577880859375,-2.1226409749964934,1.764181265154653,-4.896763521804709,-3.0566308955100814,-2.528327385242968,0.8553498989389501,-1.040889310096134,3.969114637279369,-0.4478771903224158,1.301868666372441
70.0,101.0,146.7385711669922,-2.121183687163004,1.7688951727365625,-4.890998826187826,-3.017171778796901,-2.5030467413977218,0.8449971276373408,-1.013018001910173,3.989090005196316,-0.4742568392195581,1.3134320529848504
70.0,101.0,146.584716796875,-2.103115268970947,1.7773525520170366,-4.8991595252982325,-3.0347150506673737,-2.5711874065489764,0.8116258795517473,-1.035978714195854,3.971544582710554,-0.4467989748149475,1.6285298446205214
70.0,101.0,149.22589111328125,-2.128002007546302,1.7775835671501583,-4.906446020325433,-3.061284473130345,-2.5535127709153658,0.8402495680075848,-1.0525665724340618,3.956374777042616,-0.4522490583862534,1.3703628078994745
70.0,101.0,144.21131896972656,-2.139916851034922,1.7798682100619423,-4.969098018438143,-3.014696859151751,-2.511894498117373,0.842401681518446,-1.0569981605912038,3.967515487405666,-0.4528569429229381,1.3207580030397594
70.0,101.0,147.07736206054688,-2.0933395852313788,1.768255194448773,-4.905596786801393,-3.0407285071711327,-2.5767125132202007,0.8283982861017916,-1.024319260769051,3.581886766145868,-0.442479162496965,1.322160803797492
70.0,101.0,155.38917541503906,-2.106011101066618,1.7568846313623323,-4.89888159774952,-3.08733424584246,-3.1035557753149847,0.8756624598537297,-1.0286728116128556,3.56225433086618,-0.4605761417817696,0.7013081579246323
70.0,101.0,144.239013671875,-2.109538254235112,1.7628213101754393,-4.8989062982348885,-2.995289164610952,-2.498030368708748,0.8432946620551747,-1.0465546230083056,3.9623729532182455,-0.4641817483507289,1.3333814043684278
70.0,101.0,185.1563415527344,-1.1045015044881543,2.0394914040046315,-4.902741034330899,-3.033056741180545,-2.540287605300343,0.4607351206112166,-1.0469572497918882,4.320673939111806,-0.7875329213001536,0.6335255266750248
70.0,101.0,159.69412231445312,-2.21963507341297,1.850328278453232,-4.863205470948095,-3.7754689176902456,-3.045361023325458,0.837599674561319,-1.0212324909712558,3.56024233985072,-0.4482199517405474,0.7422656486335322
70.0,101.0,160.38934326171875,-2.1239526524329047,1.7532778008160277,-4.793683137872873,-2.992665936417859,-3.0883299703921034,0.7444479414625762,-1.0498487622640318,3.959048847339001,-0.7967959506285662,0.7170082799296202
70.0,101.0,151.31707763671875,-2.1830697572090987,1.7412804251505392,-4.923908294802751,-3.006110103588516,-2.489172128529284,0.8464240274416821,-1.0547958080686746,3.914868279500784,-0.492351039047999,1.3269495275538628
70.0,101.0,155.30633544921875,-2.110355142561264,1.7355664246072802,-4.897661520156259,-3.0945963635771343,-3.0647722813398968,0.8256285834289196,-1.0204516952792135,4.389633871132414,-0.4667985076585941,0.7287559592886229
70.0,101.0,158.0673828125,-2.13478528945232,1.8441109636686763,-4.929363763692761,-3.1294766675918138,-3.0546509867568057,1.330469986782295,-1.0107985278553162,3.543151829295136,-0.4498499097984712,0.7093224768745058
70.0,101.0,151.25607299804688,-2.172037136009037,1.7295055121999343,-4.886813252907739,-3.044272093932116,-2.527211347557737,0.8736419156014977,-1.0803740810791176,4.326682419773425,-0.4568381444550614,1.020613823807618
70.0,101.0,166.35174560546875,-2.1839826523029533,1.7317492785414006,-4.863157585567276,-3.029274897849917,-3.064382047472599,1.331655290503512,-1.1420135338704025,4.388284810045576,-0.4504803565165269,0.7005964702626328
70.0,101.0,165.263427734375,-2.025108824505472,1.819420873531608,-4.880777358367313,-3.048511178555349,-3.076473591889685,0.724041054625411,-1.045823708623605,4.79798916193166,-0.408550783489008,0.6991762171530035
70.0,101.0,152.64381408691406,-2.0901784363343694,1.7996446316242254,-4.899252706699094,-3.094029690512522,-3.0680854502609827,0.8332068551577954,-1.0239699127134063,3.974889820226194,-0.4553751126038328,0.7064393748489924
70.0,101.0,160.2692413330078,-1.055922459328694,1.7735920722761906,-4.937958133848109,-1.695201673496223,-3.064020344723154,0.8372423768827528,-1.0608401158966236,4.429729571994304,-0.4561175576200931,0.7202760905369371
70.0,102.0,157.60691833496094,-2.1221509371431435,1.8392303061078088,-4.902514539010984,-3.0864103908050646,-3.0538475418464337,0.8517324402109121,-1.0171489627324086,3.092931355225164,-0.4559853455206131,0.9824460715350812
70.0,102.0,161.15728759765625,-1.9534206856324816,1.7536378394229737,-4.890109816254475,-3.0956079319477503,-3.0662115030366284,0.8279698431872164,-1.019189610828445,4.304919778195342,-0.4515226464921155,0.7024576952550962
70.0,102.0,162.12002563476562,-2.064461842927496,1.7935466532309607,-4.901120978795082,-3.037351504864135,-2.9825109954659146,0.8614086155396931,-1.0144580723090246,3.120163282703889,-0.463391761074009,0.7101871668493809
70.0,102.0,145.02383422851562,-2.107193527141511,1.7902641129554098,-4.890526514436239,-2.998995192094481,-2.518168756255056,0.8005333007879245,-1.0478005155669516,3.968495978187388,-0.4455329894919814,1.330203862374294
70.0,102.0,144.54302978515625,-2.1099463048069773,1.8291129771964227,-4.894856295598563,-3.0644975008544493,-2.510267233715815,0.848369867993208,-1.0508377907574664,3.970234758773136,-0.4456875732562513,1.3233672827455016
70.0,102.0,165.0949249267578,-2.1430933335971862,1.7468090118271338,-4.905180748907829,-3.046386210728684,-3.007232627062506,1.3738084906230097,-1.0119052884588242,2.78786993956882,-0.4453474930019477,0.7449628217751612
70.0,102.0,156.08035278320312,-2.1580996450789263,1.728328627406782,-4.879695436337815,-3.0850529772078543,-3.06587044186364,0.8359929899162684,-1.015638048938622,3.5437633377229565,-0.4462973345896071,0.7233871726910266
70.0,102.0,149.0543975830078,-2.113924678909984,1.760447213516485,-4.892570835040236,-3.0163429020526284,-2.460513357511557,0.8577005817306997,-1.0448336275148562,3.9279150575515818,-0.4503412441133987,1.6582050468325922
70.0,102.0,144.64962768554688,-2.1225669205236097,1.7526234622576715,-4.89254681261326,-3.050594593552624,-2.508641587920605,0.8526175522623581,-1.0521011867124417,3.9621251989312336,-0.4553990779992472,1.3018248995964596
70.0,102.0,144.51522827148438,-2.144060832172081,1.7712082088934298,-4.893380504118484,-3.0007987864272687,-2.5196624767480027,0.8553075888356051,-1.0554020652660234,3.9726098019486233,-0.4544083046604929,1.3349029804223744
70.0,102.0,144.90440368652344,-2.136447232564685,1.7714733859406504,-4.895338791232076,-3.0309466732729926,-2.498625792812919,0.8467588881712766,-1.0531592454738596,3.999768751496991,-0.4435638361937475,1.3352320755149238
70.0,102.0,163.69961547851562,-2.068842521084702,1.7981490092902286,-4.907850394422541,-3.0802335591716967,-2.3742289023182512,1.2964386815374933,-1.0308971596927596,3.970460903449173,-0.4693940781246348,1.0788973461380162
70.0,102.0,143.42184448242188,-2.108681391445299,1.777711238404093,-4.893182332601057,-3.0076298309854703,-2.50836746927892,0.8553555064860989,-1.0490338638099963,3.970027865732322,-0.4447776935385068,1.3221177709803358
70.0,102.0,147.0053253173828,-2.098451805113783,1.7556861071980572,-4.9133595333707945,-3.063456787049567,-2.491211478048408,0.7917523753370153,-1.045736149299787,3.98404142629308,-0.4570958596593532,1.0159428153736432
70.0,102.0,177.90628051757812,-0.9480992037287066,1.6698462529856726,-4.92126265432442,-3.066282443454009,-3.048841576344093,1.9184003846581128,-1.029547548154336,4.407033002134062,-0.5675828178794807,0.7291447687456702
70.0,102.0,148.70118713378906,-2.175036762050281,1.7502426505665656,-4.897131695176286,-3.004808928321152,-2.5301640716108205,0.9037154040830094,-1.0510833700900473,3.97173629076736,-0.4566313469377894,1.3003413602881788
70.0,102.0,143.4422149658203,-2.108643099260973,1.7616501291132716,-4.892370780163157,-3.0047418260573355,-2.5087711353685416,0.8439239451706004,-1.0470563256911407,3.971666318580632,-0.4448628882784647,1.3220945316328958
70.0,102.0,159.85707092285156,-2.1261989322769184,1.7881131156507546,-4.812296070947325,-3.025789489037132,-2.4917545276807123,1.2463799160735238,-1.0233571541244506,4.304480526910858,-0.4100579254843168,0.6815145415097246
70.0,102.0,158.6701202392578,-2.1857370830077456,1.805632466204849,-4.940854356766674,-3.005138807218757,-3.0246378506615588,0.8536471484048354,-1.0576747830684972,4.365038786171499,-0.4655393619409302,1.8763462867536829
70.0,102.0,154.95590209960938,-1.895659030993586,1.7632202827689525,-4.844827445606444,-3.0557940679860063,-2.540701825008792,0.8506221393018848,-1.021504759914122,3.925587654448583,-0.4483514386649436,1.3138774417957184
70.0,102.0,146.33425903320312,-2.07806133090672,1.8093988725236665,-4.907798136126174,-3.01600568787972,-2.53479359686823,0.8452315845134781,-1.0455259736251277,3.9681086884587127,-0.4803968610267046,1.3242136728828566
70.0,102.0,150.22096252441406,-2.074975056197249,1.735066581943939,-4.862423353362672,-2.9973943214325964,-2.4792414935943703,0.826256150846715,-1.0654215367577962,3.9767968065596406,-0.461549061996327,1.2831307211274954
70.0,102.0,181.37094116210932,-2.102923533412022,1.6891735758338484,-4.882488951078823,-3.099134877765493,-2.3229098742326046,-0.1230231020960328,-1.0441962657551844,3.931191366201813,-0.7450080381634534,1.3192227914868535
70.0,102.0,153.1660919189453,-2.121447798556532,1.8336876551817392,-4.9380753146679925,-3.094233202647145,-3.0649950223856144,0.8354321701101891,-1.021508757068139,3.955010029302585,-0.4447028575291981,0.7080551592072115
70.0,102.0,143.58480834960938,-2.1026973899248125,1.796827040483404,-4.893232709130681,-3.0090724803835505,-2.5096308427372813,0.8494259804402596,-1.049329529738671,3.967202919910033,-0.4482304499290036,1.316736039947829
70.0,102.0,148.11631774902344,-2.091404253018307,1.862551821894092,-4.926340925685879,-3.0133802375881578,-2.509926078158182,0.8694615004792202,-1.078105551191158,3.956143343639467,-0.4430558605887987,1.3248379003932054
70.0,102.0,173.24264526367188,-2.9723143171659294,1.7467743343781554,-4.8583524109262815,-3.132584168219534,-3.071824124186589,0.826754586818778,-0.0913498623214759,4.733588269388097,-0.4036389269487243,0.6670874524596352
70.0,102.0,158.58740234375,-2.19743009848025,1.7549870770575804,-4.898472339029639,-3.032058110552738,-2.435447897929983,1.8156643454378143,-1.0749176924004848,3.9188793858058464,-0.4611947418582927,1.3724767532011335
70.0,102.0,144.17312622070312,-2.122925511447345,1.7682108005903368,-4.892860841612453,-2.9931664156385223,-2.5136175774043656,0.8474351537170295,-1.0495260142316798,3.9684615080268935,-0.4593006311663573,1.3177578130269203
70.0,102.0,174.61941528320312,-4.050436457910179,1.793307406268548,-4.929449674676225,-3.013880045271172,-2.677846309509013,0.8704555635985485,-0.9982788758230144,3.522987462350456,-0.4458613818552186,1.333805803354819
70.0,102.0,149.47891235351562,-2.1159750448897765,1.7583492340397913,-4.894328862364063,-3.0091631097930467,-2.4948166989130267,0.8414921034954966,-1.0572757793742509,3.973126354737381,-0.4128179156611562,1.041832686113887
70.0,102.0,144.577880859375,-2.1226409749964934,1.764181265154653,-4.896763521804709,-3.0566308955100814,-2.528327385242968,0.8553498989389501,-1.040889310096134,3.969114637279369,-0.4478771903224158,1.301868666372441
70.0,102.0,146.7385711669922,-2.121183687163004,1.7688951727365625,-4.890998826187826,-3.017171778796901,-2.5030467413977218,0.8449971276373408,-1.013018001910173,3.989090005196316,-0.4742568392195581,1.3134320529848504
70.0,102.0,146.584716796875,-2.103115268970947,1.7773525520170366,-4.8991595252982325,-3.0347150506673737,-2.5711874065489764,0.8116258795517473,-1.035978714195854,3.971544582710554,-0.4467989748149475,1.6285298446205214
70.0,102.0,147.42503356933594,-2.119823178426038,1.7834864425696288,-4.887118043981619,-3.079687943346457,-2.422288715198937,0.8655104573333614,-1.0497466580665389,3.961806273499705,-0.4530665218798412,1.3209731158288545
70.0,102.0,144.21131896972656,-2.139916851034922,1.7798682100619423,-4.969098018438143,-3.014696859151751,-2.511894498117373,0.842401681518446,-1.0569981605912038,3.967515487405666,-0.4528569429229381,1.3207580030397594
70.0,102.0,146.9261016845703,-2.0944196690543504,1.7836469709818332,-4.894665192685296,-3.054781941348197,-2.444522620400795,0.8497410496825802,-1.0533376071050498,3.924727342626327,-0.444435600513394,1.3213677989423718
70.0,102.0,155.38917541503906,-2.106011101066618,1.7568846313623323,-4.89888159774952,-3.08733424584246,-3.1035557753149847,0.8756624598537297,-1.0286728116128556,3.56225433086618,-0.4605761417817696,0.7013081579246323
70.0,102.0,144.239013671875,-2.109538254235112,1.7628213101754393,-4.8989062982348885,-2.995289164610952,-2.498030368708748,0.8432946620551747,-1.0465546230083056,3.9623729532182455,-0.4641817483507289,1.3333814043684278
70.0,102.0,185.1563415527344,-1.1045015044881543,2.0394914040046315,-4.902741034330899,-3.033056741180545,-2.540287605300343,0.4607351206112166,-1.0469572497918882,4.320673939111806,-0.7875329213001536,0.6335255266750248
70.0,102.0,159.69412231445312,-2.21963507341297,1.850328278453232,-4.863205470948095,-3.7754689176902456,-3.045361023325458,0.837599674561319,-1.0212324909712558,3.56024233985072,-0.4482199517405474,0.7422656486335322
70.0,102.0,160.38934326171875,-2.1239526524329047,1.7532778008160277,-4.793683137872873,-2.992665936417859,-3.0883299703921034,0.7444479414625762,-1.0498487622640318,3.959048847339001,-0.7967959506285662,0.7170082799296202
70.0,102.0,148.83181762695312,-2.1345774764388303,1.771852700200574,-4.91275020792488,-3.010573137149993,-2.5092340978564143,0.8494177872053408,-1.0570631973411668,4.013069202877581,-0.4602607691862736,1.3543715398087617
70.0,102.0,155.30633544921875,-2.110355142561264,1.7355664246072802,-4.897661520156259,-3.0945963635771343,-3.0647722813398968,0.8256285834289196,-1.0204516952792135,4.389633871132414,-0.4667985076585941,0.7287559592886229
70.0,102.0,158.0673828125,-2.13478528945232,1.8441109636686763,-4.929363763692761,-3.1294766675918138,-3.0546509867568057,1.330469986782295,-1.0107985278553162,3.543151829295136,-0.4498499097984712,0.7093224768745058
70.0,102.0,151.25607299804688,-2.172037136009037,1.7295055121999343,-4.886813252907739,-3.044272093932116,-2.527211347557737,0.8736419156014977,-1.0803740810791176,4.326682419773425,-0.4568381444550614,1.020613823807618
70.0,102.0,166.35174560546875,-2.1839826523029533,1.7317492785414006,-4.863157585567276,-3.029274897849917,-3.064382047472599,1.331655290503512,-1.1420135338704025,4.388284810045576,-0.4504803565165269,0.7005964702626328
70.0,102.0,165.263427734375,-2.025108824505472,1.819420873531608,-4.880777358367313,-3.048511178555349,-3.076473591889685,0.724041054625411,-1.045823708623605,4.79798916193166,-0.408550783489008,0.6991762171530035
70.0,102.0,152.64381408691406,-2.0901784363343694,1.7996446316242254,-4.899252706699094,-3.094029690512522,-3.0680854502609827,0.8332068551577954,-1.0239699127134063,3.974889820226194,-0.4553751126038328,0.7064393748489924
70.0,102.0,160.2692413330078,-1.055922459328694,1.7735920722761906,-4.937958133848109,-1.695201673496223,-3.064020344723154,0.8372423768827528,-1.0608401158966236,4.429729571994304,-0.4561175576200931,0.7202760905369371
70.0,103.0,157.60691833496094,-2.1221509371431435,1.8392303061078088,-4.902514539010984,-3.0864103908050646,-3.0538475418464337,0.8517324402109121,-1.0171489627324086,3.092931355225164,-0.4559853455206131,0.9824460715350812
70.0,103.0,161.15728759765625,-1.9534206856324816,1.7536378394229737,-4.890109816254475,-3.0956079319477503,-3.0662115030366284,0.8279698431872164,-1.019189610828445,4.304919778195342,-0.4515226464921155,0.7024576952550962
70.0,103.0,162.12002563476562,-2.064461842927496,1.7935466532309607,-4.901120978795082,-3.037351504864135,-2.9825109954659146,0.8614086155396931,-1.0144580723090246,3.120163282703889,-0.463391761074009,0.7101871668493809
70.0,103.0,143.49041748046875,-2.107820071960337,1.767255834754116,-4.9077305506354,-3.001662946441092,-2.488665056168045,0.8446685418512413,-1.048362773013453,3.971128561089602,-0.4545637413355824,1.3207237605017172
70.0,103.0,144.54302978515625,-2.1099463048069773,1.8291129771964227,-4.894856295598563,-3.0644975008544493,-2.510267233715815,0.848369867993208,-1.0508377907574664,3.970234758773136,-0.4456875732562513,1.3233672827455016
70.0,103.0,165.0949249267578,-2.1430933335971862,1.7468090118271338,-4.905180748907829,-3.046386210728684,-3.007232627062506,1.3738084906230097,-1.0119052884588242,2.78786993956882,-0.4453474930019477,0.7449628217751612
70.0,103.0,156.08035278320312,-2.1580996450789263,1.728328627406782,-4.879695436337815,-3.0850529772078543,-3.06587044186364,0.8359929899162684,-1.015638048938622,3.5437633377229565,-0.4462973345896071,0.7233871726910266
70.0,103.0,149.0543975830078,-2.113924678909984,1.760447213516485,-4.892570835040236,-3.0163429020526284,-2.460513357511557,0.8577005817306997,-1.0448336275148562,3.9279150575515818,-0.4503412441133987,1.6582050468325922
70.0,103.0,144.64962768554688,-2.1225669205236097,1.7526234622576715,-4.89254681261326,-3.050594593552624,-2.508641587920605,0.8526175522623581,-1.0521011867124417,3.9621251989312336,-0.4553990779992472,1.3018248995964596
70.0,103.0,144.51522827148438,-2.144060832172081,1.7712082088934298,-4.893380504118484,-3.0007987864272687,-2.5196624767480027,0.8553075888356051,-1.0554020652660234,3.9726098019486233,-0.4544083046604929,1.3349029804223744
70.0,103.0,144.22061157226562,-2.106383391411596,1.805084546486172,-4.893145549502485,-3.020886995562363,-2.50329585197007,0.8558342012207365,-1.0476871510453418,3.967465609203532,-0.4449867190940675,1.3431946851248429
70.0,103.0,163.69961547851562,-2.068842521084702,1.7981490092902286,-4.907850394422541,-3.0802335591716967,-2.3742289023182512,1.2964386815374933,-1.0308971596927596,3.970460903449173,-0.4693940781246348,1.0788973461380162
70.0,103.0,143.42184448242188,-2.108681391445299,1.777711238404093,-4.893182332601057,-3.0076298309854703,-2.50836746927892,0.8553555064860989,-1.0490338638099963,3.970027865732322,-0.4447776935385068,1.3221177709803358
70.0,103.0,147.0053253173828,-2.098451805113783,1.7556861071980572,-4.9133595333707945,-3.063456787049567,-2.491211478048408,0.7917523753370153,-1.045736149299787,3.98404142629308,-0.4570958596593532,1.0159428153736432
70.0,103.0,177.90628051757812,-0.9480992037287066,1.6698462529856726,-4.92126265432442,-3.066282443454009,-3.048841576344093,1.9184003846581128,-1.029547548154336,4.407033002134062,-0.5675828178794807,0.7291447687456702
70.0,103.0,148.70118713378906,-2.175036762050281,1.7502426505665656,-4.897131695176286,-3.004808928321152,-2.5301640716108205,0.9037154040830094,-1.0510833700900473,3.97173629076736,-0.4566313469377894,1.3003413602881788
70.0,103.0,143.4422149658203,-2.108643099260973,1.7616501291132716,-4.892370780163157,-3.0047418260573355,-2.5087711353685416,0.8439239451706004,-1.0470563256911407,3.971666318580632,-0.4448628882784647,1.3220945316328958
70.0,103.0,159.85707092285156,-2.1261989322769184,1.7881131156507546,-4.812296070947325,-3.025789489037132,-2.4917545276807123,1.2463799160735238,-1.0233571541244506,4.304480526910858,-0.4100579254843168,0.6815145415097246
70.0,103.0,158.6701202392578,-2.1857370830077456,1.805632466204849,-4.940854356766674,-3.005138807218757,-3.0246378506615588,0.8536471484048354,-1.0576747830684972,4.365038786171499,-0.4655393619409302,1.8763462867536829
70.0,103.0,154.95590209960938,-1.895659030993586,1.7632202827689525,-4.844827445606444,-3.0557940679860063,-2.540701825008792,0.8506221393018848,-1.021504759914122,3.925587654448583,-0.4483514386649436,1.3138774417957184
70.0,103.0,146.33425903320312,-2.07806133090672,1.8093988725236665,-4.907798136126174,-3.01600568787972,-2.53479359686823,0.8452315845134781,-1.0455259736251277,3.9681086884587127,-0.4803968610267046,1.3242136728828566
70.0,103.0,150.22096252441406,-2.074975056197249,1.735066581943939,-4.862423353362672,-2.9973943214325964,-2.4792414935943703,0.826256150846715,-1.0654215367577962,3.9767968065596406,-0.461549061996327,1.2831307211274954
70.0,103.0,181.37094116210932,-2.102923533412022,1.6891735758338484,-4.882488951078823,-3.099134877765493,-2.3229098742326046,-0.1230231020960328,-1.0441962657551844,3.931191366201813,-0.7450080381634534,1.3192227914868535
70.0,103.0,153.1660919189453,-2.121447798556532,1.8336876551817392,-4.9380753146679925,-3.094233202647145,-3.0649950223856144,0.8354321701101891,-1.021508757068139,3.955010029302585,-0.4447028575291981,0.7080551592072115
70.0,103.0,143.58480834960938,-2.1026973899248125,1.796827040483404,-4.893232709130681,-3.0090724803835505,-2.5096308427372813,0.8494259804402596,-1.049329529738671,3.967202919910033,-0.4482304499290036,1.316736039947829
70.0,103.0,148.11631774902344,-2.091404253018307,1.862551821894092,-4.926340925685879,-3.0133802375881578,-2.509926078158182,0.8694615004792202,-1.078105551191158,3.956143343639467,-0.4430558605887987,1.3248379003932054
70.0,103.0,173.24264526367188,-2.9723143171659294,1.7467743343781554,-4.8583524109262815,-3.132584168219534,-3.071824124186589,0.826754586818778,-0.0913498623214759,4.733588269388097,-0.4036389269487243,0.6670874524596352
70.0,103.0,158.58740234375,-2.19743009848025,1.7549870770575804,-4.898472339029639,-3.032058110552738,-2.435447897929983,1.8156643454378143,-1.0749176924004848,3.9188793858058464,-0.4611947418582927,1.3724767532011335
70.0,103.0,144.17312622070312,-2.122925511447345,1.7682108005903368,-4.892860841612453,-2.9931664156385223,-2.5136175774043656,0.8474351537170295,-1.0495260142316798,3.9684615080268935,-0.4593006311663573,1.3177578130269203
70.0,103.0,174.61941528320312,-4.050436457910179,1.793307406268548,-4.929449674676225,-3.013880045271172,-2.677846309509013,0.8704555635985485,-0.9982788758230144,3.522987462350456,-0.4458613818552186,1.333805803354819
70.0,103.0,149.47891235351562,-2.1159750448897765,1.7583492340397913,-4.894328862364063,-3.0091631097930467,-2.4948166989130267,0.8414921034954966,-1.0572757793742509,3.973126354737381,-0.4128179156611562,1.041832686113887
70.0,103.0,144.577880859375,-2.1226409749964934,1.764181265154653,-4.896763521804709,-3.0566308955100814,-2.528327385242968,0.8553498989389501,-1.040889310096134,3.969114637279369,-0.4478771903224158,1.301868666372441
70.0,103.0,146.7385711669922,-2.121183687163004,1.7688951727365625,-4.890998826187826,-3.017171778796901,-2.5030467413977218,0.8449971276373408,-1.013018001910173,3.989090005196316,-0.4742568392195581,1.3134320529848504
70.0,103.0,146.584716796875,-2.103115268970947,1.7773525520170366,-4.8991595252982325,-3.0347150506673737,-2.5711874065489764,0.8116258795517473,-1.035978714195854,3.971544582710554,-0.4467989748149475,1.6285298446205214
70.0,103.0,147.42503356933594,-2.119823178426038,1.7834864425696288,-4.887118043981619,-3.079687943346457,-2.422288715198937,0.8655104573333614,-1.0497466580665389,3.961806273499705,-0.4530665218798412,1.3209731158288545
70.0,103.0,143.25624084472656,-2.126201498395338,1.776447180426718,-4.911038367938904,-3.0189203841660275,-2.5141724623159933,0.8453948594086856,-1.0516125740393008,3.96882708303868,-0.4538285156769916,1.3222958490239185
70.0,103.0,146.9261016845703,-2.0944196690543504,1.7836469709818332,-4.894665192685296,-3.054781941348197,-2.444522620400795,0.8497410496825802,-1.0533376071050498,3.924727342626327,-0.444435600513394,1.3213677989423718
70.0,103.0,155.38917541503906,-2.106011101066618,1.7568846313623323,-4.89888159774952,-3.08733424584246,-3.1035557753149847,0.8756624598537297,-1.0286728116128556,3.56225433086618,-0.4605761417817696,0.7013081579246323
70.0,103.0,144.239013671875,-2.109538254235112,1.7628213101754393,-4.8989062982348885,-2.995289164610952,-2.498030368708748,0.8432946620551747,-1.0465546230083056,3.9623729532182455,-0.4641817483507289,1.3333814043684278
70.0,103.0,185.1563415527344,-1.1045015044881543,2.0394914040046315,-4.902741034330899,-3.033056741180545,-2.540287605300343,0.4607351206112166,-1.0469572497918882,4.320673939111806,-0.7875329213001536,0.6335255266750248
70.0,103.0,159.69412231445312,-2.21963507341297,1.850328278453232,-4.863205470948095,-3.7754689176902456,-3.045361023325458,0.837599674561319,-1.0212324909712558,3.56024233985072,-0.4482199517405474,0.7422656486335322
70.0,103.0,160.38934326171875,-2.1239526524329047,1.7532778008160277,-4.793683137872873,-2.992665936417859,-3.0883299703921034,0.7444479414625762,-1.0498487622640318,3.959048847339001,-0.7967959506285662,0.7170082799296202
70.0,103.0,148.83181762695312,-2.1345774764388303,1.771852700200574,-4.91275020792488,-3.010573137149993,-2.5092340978564143,0.8494177872053408,-1.0570631973411668,4.013069202877581,-0.4602607691862736,1.3543715398087617
70.0,103.0,155.30633544921875,-2.110355142561264,1.7355664246072802,-4.897661520156259,-3.0945963635771343,-3.0647722813398968,0.8256285834289196,-1.0204516952792135,4.389633871132414,-0.4667985076585941,0.7287559592886229
70.0,103.0,158.0673828125,-2.13478528945232,1.8441109636686763,-4.929363763692761,-3.1294766675918138,-3.0546509867568057,1.330469986782295,-1.0107985278553162,3.543151829295136,-0.4498499097984712,0.7093224768745058
70.0,103.0,151.25607299804688,-2.172037136009037,1.7295055121999343,-4.886813252907739,-3.044272093932116,-2.527211347557737,0.8736419156014977,-1.0803740810791176,4.326682419773425,-0.4568381444550614,1.020613823807618
70.0,103.0,166.35174560546875,-2.1839826523029533,1.7317492785414006,-4.863157585567276,-3.029274897849917,-3.064382047472599,1.331655290503512,-1.1420135338704025,4.388284810045576,-0.4504803565165269,0.7005964702626328
70.0,103.0,165.263427734375,-2.025108824505472,1.819420873531608,-4.880777358367313,-3.048511178555349,-3.076473591889685,0.724041054625411,-1.045823708623605,4.79798916193166,-0.408550783489008,0.6991762171530035
70.0,103.0,152.64381408691406,-2.0901784363343694,1.7996446316242254,-4.899252706699094,-3.094029690512522,-3.0680854502609827,0.8332068551577954,-1.0239699127134063,3.974889820226194,-0.4553751126038328,0.7064393748489924
70.0,103.0,160.2692413330078,-1.055922459328694,1.7735920722761906,-4.937958133848109,-1.695201673496223,-3.064020344723154,0.8372423768827528,-1.0608401158966236,4.429729571994304,-0.4561175576200931,0.7202760905369371
70.0,104.0,157.60691833496094,-2.1221509371431435,1.8392303061078088,-4.902514539010984,-3.0864103908050646,-3.0538475418464337,0.8517324402109121,-1.0171489627324086,3.092931355225164,-0.4559853455206131,0.9824460715350812
70.0,104.0,161.15728759765625,-1.9534206856324816,1.7536378394229737,-4.890109816254475,-3.0956079319477503,-3.0662115030366284,0.8279698431872164,-1.019189610828445,4.304919778195342,-0.4515226464921155,0.7024576952550962
70.0,104.0,162.12002563476562,-2.064461842927496,1.7935466532309607,-4.901120978795082,-3.037351504864135,-2.9825109954659146,0.8614086155396931,-1.0144580723090246,3.120163282703889,-0.463391761074009,0.7101871668493809
70.0,104.0,143.49041748046875,-2.107820071960337,1.767255834754116,-4.9077305506354,-3.001662946441092,-2.488665056168045,0.8446685418512413,-1.048362773013453,3.971128561089602,-0.4545637413355824,1.3207237605017172
70.0,104.0,144.54302978515625,-2.1099463048069773,1.8291129771964227,-4.894856295598563,-3.0644975008544493,-2.510267233715815,0.848369867993208,-1.0508377907574664,3.970234758773136,-0.4456875732562513,1.3233672827455016
70.0,104.0,164.93621826171875,-2.1286406472419426,1.7726202259592336,-4.917893485740647,-3.008888351317005,-2.408163680936534,1.452519633185451,-1.0310668488781076,3.9403096059370135,-0.4568035074932582,1.2368590655881495
70.0,104.0,156.08035278320312,-2.1580996450789263,1.728328627406782,-4.879695436337815,-3.0850529772078543,-3.06587044186364,0.8359929899162684,-1.015638048938622,3.5437633377229565,-0.4462973345896071,0.7233871726910266
70.0,104.0,149.0543975830078,-2.113924678909984,1.760447213516485,-4.892570835040236,-3.0163429020526284,-2.460513357511557,0.8577005817306997,-1.0448336275148562,3.9279150575515818,-0.4503412441133987,1.6582050468325922
70.0,104.0,144.64962768554688,-2.1225669205236097,1.7526234622576715,-4.89254681261326,-3.050594593552624,-2.508641587920605,0.8526175522623581,-1.0521011867124417,3.9621251989312336,-0.4553990779992472,1.3018248995964596
70.0,104.0,144.51522827148438,-2.144060832172081,1.7712082088934298,-4.893380504118484,-3.0007987864272687,-2.5196624767480027,0.8553075888356051,-1.0554020652660234,3.9726098019486233,-0.4544083046604929,1.3349029804223744
70.0,104.0,144.22061157226562,-2.106383391411596,1.805084546486172,-4.893145549502485,-3.020886995562363,-2.50329585197007,0.8558342012207365,-1.0476871510453418,3.967465609203532,-0.4449867190940675,1.3431946851248429
70.0,104.0,163.69961547851562,-2.068842521084702,1.7981490092902286,-4.907850394422541,-3.0802335591716967,-2.3742289023182512,1.2964386815374933,-1.0308971596927596,3.970460903449173,-0.4693940781246348,1.0788973461380162
70.0,104.0,143.39480590820312,-2.114946387259757,1.7751844119101448,-4.897834121813322,-3.0277139910909083,-2.517548126130216,0.837700726954281,-1.0526638021194268,3.968637805555309,-0.4534701061270717,1.3222161647508428
70.0,104.0,147.0053253173828,-2.098451805113783,1.7556861071980572,-4.9133595333707945,-3.063456787049567,-2.491211478048408,0.7917523753370153,-1.045736149299787,3.98404142629308,-0.4570958596593532,1.0159428153736432
70.0,104.0,177.90628051757812,-0.9480992037287066,1.6698462529856726,-4.92126265432442,-3.066282443454009,-3.048841576344093,1.9184003846581128,-1.029547548154336,4.407033002134062,-0.5675828178794807,0.7291447687456702
70.0,104.0,148.70118713378906,-2.175036762050281,1.7502426505665656,-4.897131695176286,-3.004808928321152,-2.5301640716108205,0.9037154040830094,-1.0510833700900473,3.97173629076736,-0.4566313469377894,1.3003413602881788
70.0,104.0,143.4422149658203,-2.108643099260973,1.7616501291132716,-4.892370780163157,-3.0047418260573355,-2.5087711353685416,0.8439239451706004,-1.0470563256911407,3.971666318580632,-0.4448628882784647,1.3220945316328958
70.0,104.0,159.85707092285156,-2.1261989322769184,1.7881131156507546,-4.812296070947325,-3.025789489037132,-2.4917545276807123,1.2463799160735238,-1.0233571541244506,4.304480526910858,-0.4100579254843168,0.6815145415097246
70.0,104.0,158.6701202392578,-2.1857370830077456,1.805632466204849,-4.940854356766674,-3.005138807218757,-3.0246378506615588,0.8536471484048354,-1.0576747830684972,4.365038786171499,-0.4655393619409302,1.8763462867536829
70.0,104.0,152.76416015625,-1.99132602872704,1.7653338750688254,-4.895235531211872,-3.051764091371888,-2.4092246406683864,0.8462093104043048,-1.041372090738861,3.920221712540258,-0.4569763229314504,1.312083603457613
70.0,104.0,146.33425903320312,-2.07806133090672,1.8093988725236665,-4.907798136126174,-3.01600568787972,-2.53479359686823,0.8452315845134781,-1.0455259736251277,3.9681086884587127,-0.4803968610267046,1.3242136728828566
70.0,104.0,150.22096252441406,-2.074975056197249,1.735066581943939,-4.862423353362672,-2.9973943214325964,-2.4792414935943703,0.826256150846715,-1.0654215367577962,3.9767968065596406,-0.461549061996327,1.2831307211274954
70.0,104.0,181.37094116210932,-2.102923533412022,1.6891735758338484,-4.882488951078823,-3.099134877765493,-2.3229098742326046,-0.1230231020960328,-1.0441962657551844,3.931191366201813,-0.7450080381634534,1.3192227914868535
70.0,104.0,153.1660919189453,-2.121447798556532,1.8336876551817392,-4.9380753146679925,-3.094233202647145,-3.0649950223856144,0.8354321701101891,-1.021508757068139,3.955010029302585,-0.4447028575291981,0.7080551592072115
70.0,104.0,143.58480834960938,-2.1026973899248125,1.796827040483404,-4.893232709130681,-3.0090724803835505,-2.5096308427372813,0.8494259804402596,-1.049329529738671,3.967202919910033,-0.4482304499290036,1.316736039947829
70.0,104.0,148.11631774902344,-2.091404253018307,1.862551821894092,-4.926340925685879,-3.0133802375881578,-2.509926078158182,0.8694615004792202,-1.078105551191158,3.956143343639467,-0.4430558605887987,1.3248379003932054
70.0,104.0,173.24264526367188,-2.9723143171659294,1.7467743343781554,-4.8583524109262815,-3.132584168219534,-3.071824124186589,0.826754586818778,-0.0913498623214759,4.733588269388097,-0.4036389269487243,0.6670874524596352
70.0,104.0,158.58740234375,-2.19743009848025,1.7549870770575804,-4.898472339029639,-3.032058110552738,-2.435447897929983,1.8156643454378143,-1.0749176924004848,3.9188793858058464,-0.4611947418582927,1.3724767532011335
70.0,104.0,144.17312622070312,-2.122925511447345,1.7682108005903368,-4.892860841612453,-2.9931664156385223,-2.5136175774043656,0.8474351537170295,-1.0495260142316798,3.9684615080268935,-0.4593006311663573,1.3177578130269203
70.0,104.0,174.61941528320312,-4.050436457910179,1.793307406268548,-4.929449674676225,-3.013880045271172,-2.677846309509013,0.8704555635985485,-0.9982788758230144,3.522987462350456,-0.4458613818552186,1.333805803354819
70.0,104.0,149.47891235351562,-2.1159750448897765,1.7583492340397913,-4.894328862364063,-3.0091631097930467,-2.4948166989130267,0.8414921034954966,-1.0572757793742509,3.973126354737381,-0.4128179156611562,1.041832686113887
70.0,104.0,144.577880859375,-2.1226409749964934,1.764181265154653,-4.896763521804709,-3.0566308955100814,-2.528327385242968,0.8553498989389501,-1.040889310096134,3.969114637279369,-0.4478771903224158,1.301868666372441
70.0,104.0,146.7385711669922,-2.121183687163004,1.7688951727365625,-4.890998826187826,-3.017171778796901,-2.5030467413977218,0.8449971276373408,-1.013018001910173,3.989090005196316,-0.4742568392195581,1.3134320529848504
70.0,104.0,146.584716796875,-2.103115268970947,1.7773525520170366,-4.8991595252982325,-3.0347150506673737,-2.5711874065489764,0.8116258795517473,-1.035978714195854,3.971544582710554,-0.4467989748149475,1.6285298446205214
70.0,104.0,147.42503356933594,-2.119823178426038,1.7834864425696288,-4.887118043981619,-3.079687943346457,-2.422288715198937,0.8655104573333614,-1.0497466580665389,3.961806273499705,-0.4530665218798412,1.3209731158288545
70.0,104.0,143.25624084472656,-2.126201498395338,1.776447180426718,-4.911038367938904,-3.0189203841660275,-2.5141724623159933,0.8453948594086856,-1.0516125740393008,3.96882708303868,-0.4538285156769916,1.3222958490239185
70.0,104.0,146.9261016845703,-2.0944196690543504,1.7836469709818332,-4.894665192685296,-3.054781941348197,-2.444522620400795,0.8497410496825802,-1.0533376071050498,3.924727342626327,-0.444435600513394,1.3213677989423718
70.0,104.0,155.14508056640625,-2.144416528898283,1.7532622941419214,-4.910340166670732,-3.045212005694971,-1.9538792327145715,0.8337103093690844,-1.0439633387742353,3.904955445319976,-0.4075869564763927,0.7623833671535221
70.0,104.0,143.77508544921875,-2.115776359922764,1.7801482496298875,-4.912086072480752,-2.989397601611944,-2.498814641758838,0.8344028106681372,-1.04937815822519,3.969741282794831,-0.4521540662007443,1.3301425636298094
70.0,104.0,185.1563415527344,-1.1045015044881543,2.0394914040046315,-4.902741034330899,-3.033056741180545,-2.540287605300343,0.4607351206112166,-1.0469572497918882,4.320673939111806,-0.7875329213001536,0.6335255266750248
70.0,104.0,159.69412231445312,-2.21963507341297,1.850328278453232,-4.863205470948095,-3.7754689176902456,-3.045361023325458,0.837599674561319,-1.0212324909712558,3.56024233985072,-0.4482199517405474,0.7422656486335322
70.0,104.0,160.38934326171875,-2.1239526524329047,1.7532778008160277,-4.793683137872873,-2.992665936417859,-3.0883299703921034,0.7444479414625762,-1.0498487622640318,3.959048847339001,-0.7967959506285662,0.7170082799296202
70.0,104.0,148.77590942382812,-2.1666389185844115,1.7782954247430836,-4.978338681724437,-3.018301634992857,-2.514703820536601,0.8290774591850029,-1.047408884633294,3.948620282403279,-0.457593014712245,1.3662606982005745
70.0,104.0,155.30633544921875,-2.110355142561264,1.7355664246072802,-4.897661520156259,-3.0945963635771343,-3.0647722813398968,0.8256285834289196,-1.0204516952792135,4.389633871132414,-0.4667985076585941,0.7287559592886229
70.0,104.0,158.0673828125,-2.13478528945232,1.8441109636686763,-4.929363763692761,-3.1294766675918138,-3.0546509867568057,1.330469986782295,-1.0107985278553162,3.543151829295136,-0.4498499097984712,0.7093224768745058
70.0,104.0,151.25607299804688,-2.172037136009037,1.7295055121999343,-4.886813252907739,-3.044272093932116,-2.527211347557737,0.8736419156014977,-1.0803740810791176,4.326682419773425,-0.4568381444550614,1.020613823807618
70.0,104.0,166.35174560546875,-2.1839826523029533,1.7317492785414006,-4.863157585567276,-3.029274897849917,-3.064382047472599,1.331655290503512,-1.1420135338704025,4.388284810045576,-0.4504803565165269,0.7005964702626328
70.0,104.0,165.263427734375,-2.025108824505472,1.819420873531608,-4.880777358367313,-3.048511178555349,-3.076473591889685,0.724041054625411,-1.045823708623605,4.79798916193166,-0.408550783489008,0.6991762171530035
70.0,104.0,152.64381408691406,-2.0901784363343694,1.7996446316242254,-4.899252706699094,-3.094029690512522,-3.0680854502609827,0.8332068551577954,-1.0239699127134063,3.974889820226194,-0.4553751126038328,0.7064393748489924
70.0,104.0,160.2692413330078,-1.055922459328694,1.7735920722761906,-4.937958133848109,-1.695201673496223,-3.064020344723154,0.8372423768827528,-1.0608401158966236,4.429729571994304,-0.4561175576200931,0.7202760905369371
70.0,105.0,157.60691833496094,-2.1221509371431435,1.8392303061078088,-4.902514539010984,-3.0864103908050646,-3.0538475418464337,0.8517324402109121,-1.0171489627324086,3.092931355225164,-0.4559853455206131,0.9824460715350812
70.0,105.0,161.15728759765625,-1.9534206856324816,1.7536378394229737,-4.890109816254475,-3.0956079319477503,-3.0662115030366284,0.8279698431872164,-1.019189610828445,4.304919778195342,-0.4515226464921155,0.7024576952550962
70.0,105.0,162.12002563476562,-2.064461842927496,1.7935466532309607,-4.901120978795082,-3.037351504864135,-2.9825109954659146,0.8614086155396931,-1.0144580723090246,3.120163282703889,-0.463391761074009,0.7101871668493809
70.0,105.0,143.40028381347656,-2.1226232313261657,1.7887204654142606,-4.908145578949008,-3.0089711744244063,-2.517552182445846,0.8479453247772036,-1.0508747518015815,3.970591173908796,-0.4485811750269277,1.3217234386420174
70.0,105.0,144.54302978515625,-2.1099463048069773,1.8291129771964227,-4.894856295598563,-3.0644975008544493,-2.510267233715815,0.848369867993208,-1.0508377907574664,3.970234758773136,-0.4456875732562513,1.3233672827455016
70.0,105.0,164.93621826171875,-2.1286406472419426,1.7726202259592336,-4.917893485740647,-3.008888351317005,-2.408163680936534,1.452519633185451,-1.0310668488781076,3.9403096059370135,-0.4568035074932582,1.2368590655881495
70.0,105.0,156.08035278320312,-2.1580996450789263,1.728328627406782,-4.879695436337815,-3.0850529772078543,-3.06587044186364,0.8359929899162684,-1.015638048938622,3.5437633377229565,-0.4462973345896071,0.7233871726910266
70.0,105.0,149.0543975830078,-2.113924678909984,1.760447213516485,-4.892570835040236,-3.0163429020526284,-2.460513357511557,0.8577005817306997,-1.0448336275148562,3.9279150575515818,-0.4503412441133987,1.6582050468325922
70.0,105.0,144.64962768554688,-2.1225669205236097,1.7526234622576715,-4.89254681261326,-3.050594593552624,-2.508641587920605,0.8526175522623581,-1.0521011867124417,3.9621251989312336,-0.4553990779992472,1.3018248995964596
70.0,105.0,144.51522827148438,-2.144060832172081,1.7712082088934298,-4.893380504118484,-3.0007987864272687,-2.5196624767480027,0.8553075888356051,-1.0554020652660234,3.9726098019486233,-0.4544083046604929,1.3349029804223744
70.0,105.0,144.19390869140625,-2.1547827770413788,1.7713262226093989,-4.913854573626859,-3.02678130979873,-2.513496169628412,0.8708442434852274,-1.0525861072626677,3.977778210734924,-0.4476432574122694,1.319209137220659
70.0,105.0,163.69961547851562,-2.068842521084702,1.7981490092902286,-4.907850394422541,-3.0802335591716967,-2.3742289023182512,1.2964386815374933,-1.0308971596927596,3.970460903449173,-0.4693940781246348,1.0788973461380162
70.0,105.0,143.39480590820312,-2.114946387259757,1.7751844119101448,-4.897834121813322,-3.0277139910909083,-2.517548126130216,0.837700726954281,-1.0526638021194268,3.968637805555309,-0.4534701061270717,1.3222161647508428
70.0,105.0,147.0053253173828,-2.098451805113783,1.7556861071980572,-4.9133595333707945,-3.063456787049567,-2.491211478048408,0.7917523753370153,-1.045736149299787,3.98404142629308,-0.4570958596593532,1.0159428153736432
70.0,105.0,177.90628051757812,-0.9480992037287066,1.6698462529856726,-4.92126265432442,-3.066282443454009,-3.048841576344093,1.9184003846581128,-1.029547548154336,4.407033002134062,-0.5675828178794807,0.7291447687456702
70.0,105.0,148.70118713378906,-2.175036762050281,1.7502426505665656,-4.897131695176286,-3.004808928321152,-2.5301640716108205,0.9037154040830094,-1.0510833700900473,3.97173629076736,-0.4566313469377894,1.3003413602881788
70.0,105.0,143.4422149658203,-2.108643099260973,1.7616501291132716,-4.892370780163157,-3.0047418260573355,-2.5087711353685416,0.8439239451706004,-1.0470563256911407,3.971666318580632,-0.4448628882784647,1.3220945316328958
70.0,105.0,159.85707092285156,-2.1261989322769184,1.7881131156507546,-4.812296070947325,-3.025789489037132,-2.4917545276807123,1.2463799160735238,-1.0233571541244506,4.304480526910858,-0.4100579254843168,0.6815145415097246
70.0,105.0,158.6701202392578,-2.1857370830077456,1.805632466204849,-4.940854356766674,-3.005138807218757,-3.0246378506615588,0.8536471484048354,-1.0576747830684972,4.365038786171499,-0.4655393619409302,1.8763462867536829
70.0,105.0,152.5105743408203,-1.999436533425789,1.7639717100190715,-4.92054811149357,-2.999673009221636,-2.383236983985713,0.8457056660535549,-1.0473677320380446,3.963547293204402,-0.4588586491243301,1.3277956891045422
70.0,105.0,144.8219757080078,-2.060225894182167,1.7974059478584594,-4.909807260630148,-3.021238772753156,-2.524851093936276,0.859558424740766,-1.0528634757812207,3.952264584849176,-0.4574787893631638,1.321012796317771
70.0,105.0,150.22096252441406,-2.074975056197249,1.735066581943939,-4.862423353362672,-2.9973943214325964,-2.4792414935943703,0.826256150846715,-1.0654215367577962,3.9767968065596406,-0.461549061996327,1.2831307211274954
70.0,105.0,181.37094116210932,-2.102923533412022,1.6891735758338484,-4.882488951078823,-3.099134877765493,-2.3229098742326046,-0.1230231020960328,-1.0441962657551844,3.931191366201813,-0.7450080381634534,1.3192227914868535
70.0,105.0,153.1660919189453,-2.121447798556532,1.8336876551817392,-4.9380753146679925,-3.094233202647145,-3.0649950223856144,0.8354321701101891,-1.021508757068139,3.955010029302585,-0.4447028575291981,0.7080551592072115
70.0,105.0,143.58480834960938,-2.1026973899248125,1.796827040483404,-4.893232709130681,-3.0090724803835505,-2.5096308427372813,0.8494259804402596,-1.049329529738671,3.967202919910033,-0.4482304499290036,1.316736039947829
70.0,105.0,148.11631774902344,-2.091404253018307,1.862551821894092,-4.926340925685879,-3.0133802375881578,-2.509926078158182,0.8694615004792202,-1.078105551191158,3.956143343639467,-0.4430558605887987,1.3248379003932054
70.0,105.0,173.24264526367188,-2.9723143171659294,1.7467743343781554,-4.8583524109262815,-3.132584168219534,-3.071824124186589,0.826754586818778,-0.0913498623214759,4.733588269388097,-0.4036389269487243,0.6670874524596352
70.0,105.0,158.58740234375,-2.19743009848025,1.7549870770575804,-4.898472339029639,-3.032058110552738,-2.435447897929983,1.8156643454378143,-1.0749176924004848,3.9188793858058464,-0.4611947418582927,1.3724767532011335
70.0,105.0,144.17312622070312,-2.122925511447345,1.7682108005903368,-4.892860841612453,-2.9931664156385223,-2.5136175774043656,0.8474351537170295,-1.0495260142316798,3.9684615080268935,-0.4593006311663573,1.3177578130269203
70.0,105.0,174.19967651367188,-2.9238832273157014,1.8036311034948675,-4.918952789512337,-3.016247242832533,-2.5227059423360174,0.8505544387293517,-1.03378843255089,3.878419312335016,-0.4407065090930466,1.4117371013032012
70.0,105.0,149.47891235351562,-2.1159750448897765,1.7583492340397913,-4.894328862364063,-3.0091631097930467,-2.4948166989130267,0.8414921034954966,-1.0572757793742509,3.973126354737381,-0.4128179156611562,1.041832686113887
70.0,105.0,144.577880859375,-2.1226409749964934,1.764181265154653,-4.896763521804709,-3.0566308955100814,-2.528327385242968,0.8553498989389501,-1.040889310096134,3.969114637279369,-0.4478771903224158,1.301868666372441
70.0,105.0,146.7385711669922,-2.121183687163004,1.7688951727365625,-4.890998826187826,-3.017171778796901,-2.5030467413977218,0.8449971276373408,-1.013018001910173,3.989090005196316,-0.4742568392195581,1.3134320529848504
70.0,105.0,146.584716796875,-2.103115268970947,1.7773525520170366,-4.8991595252982325,-3.0347150506673737,-2.5711874065489764,0.8116258795517473,-1.035978714195854,3.971544582710554,-0.4467989748149475,1.6285298446205214
70.0,105.0,147.42503356933594,-2.119823178426038,1.7834864425696288,-4.887118043981619,-3.079687943346457,-2.422288715198937,0.8655104573333614,-1.0497466580665389,3.961806273499705,-0.4530665218798412,1.3209731158288545
70.0,105.0,143.25624084472656,-2.126201498395338,1.776447180426718,-4.911038367938904,-3.0189203841660275,-2.5141724623159933,0.8453948594086856,-1.0516125740393008,3.96882708303868,-0.4538285156769916,1.3222958490239185
70.0,105.0,146.5296630859375,-2.106469788015298,1.771538361449574,-4.902972237328385,-2.985364860424202,-2.506862271891488,0.8449386493831128,-1.0519032255402845,4.007585047751662,-0.4613763817712497,1.321183304627503
70.0,105.0,155.14508056640625,-2.144416528898283,1.7532622941419214,-4.910340166670732,-3.045212005694971,-1.9538792327145715,0.8337103093690844,-1.0439633387742353,3.904955445319976,-0.4075869564763927,0.7623833671535221
70.0,105.0,143.6835174560547,-2.138230805977686,1.779743681942172,-4.908891596285171,-3.0389805599430804,-2.534728299407246,0.8444181428150002,-1.0500877524902494,3.971576660823707,-0.4510041178045833,1.319338158471687
70.0,105.0,185.1563415527344,-1.1045015044881543,2.0394914040046315,-4.902741034330899,-3.033056741180545,-2.540287605300343,0.4607351206112166,-1.0469572497918882,4.320673939111806,-0.7875329213001536,0.6335255266750248
70.0,105.0,159.69412231445312,-2.21963507341297,1.850328278453232,-4.863205470948095,-3.7754689176902456,-3.045361023325458,0.837599674561319,-1.0212324909712558,3.56024233985072,-0.4482199517405474,0.7422656486335322
70.0,105.0,160.38934326171875,-2.1239526524329047,1.7532778008160277,-4.793683137872873,-2.992665936417859,-3.0883299703921034,0.7444479414625762,-1.0498487622640318,3.959048847339001,-0.7967959506285662,0.7170082799296202
70.0,105.0,148.77590942382812,-2.1666389185844115,1.7782954247430836,-4.978338681724437,-3.018301634992857,-2.514703820536601,0.8290774591850029,-1.047408884633294,3.948620282403279,-0.457593014712245,1.3662606982005745
70.0,105.0,155.30633544921875,-2.110355142561264,1.7355664246072802,-4.897661520156259,-3.0945963635771343,-3.0647722813398968,0.8256285834289196,-1.0204516952792135,4.389633871132414,-0.4667985076585941,0.7287559592886229
70.0,105.0,158.0673828125,-2.13478528945232,1.8441109636686763,-4.929363763692761,-3.1294766675918138,-3.0546509867568057,1.330469986782295,-1.0107985278553162,3.543151829295136,-0.4498499097984712,0.7093224768745058
70.0,105.0,151.25607299804688,-2.172037136009037,1.7295055121999343,-4.886813252907739,-3.044272093932116,-2.527211347557737,0.8736419156014977,-1.0803740810791176,4.326682419773425,-0.4568381444550614,1.020613823807618
70.0,105.0,166.35174560546875,-2.1839826523029533,1.7317492785414006,-4.863157585567276,-3.029274897849917,-3.064382047472599,1.331655290503512,-1.1420135338704025,4.388284810045576,-0.4504803565165269,0.7005964702626328
70.0,105.0,165.263427734375,-2.025108824505472,1.819420873531608,-4.880777358367313,-3.048511178555349,-3.076473591889685,0.724041054625411,-1.045823708623605,4.79798916193166,-0.408550783489008,0.6991762171530035
70.0,105.0,152.64381408691406,-2.0901784363343694,1.7996446316242254,-4.899252706699094,-3.094029690512522,-3.0680854502609827,0.8332068551577954,-1.0239699127134063,3.974889820226194,-0.4553751126038328,0.7064393748489924
70.0,105.0,160.2692413330078,-1.055922459328694,1.7735920722761906,-4.937958133848109,-1.695201673496223,-3.064020344723154,0.8372423768827528,-1.0608401158966236,4.429729571994304,-0.4561175576200931,0.7202760905369371
70.0,106.0,157.60691833496094,-2.1221509371431435,1.8392303061078088,-4.902514539010984,-3.0864103908050646,-3.0538475418464337,0.8517324402109121,-1.0171489627324086,3.092931355225164,-0.4559853455206131,0.9824460715350812
70.0,106.0,161.15728759765625,-1.9534206856324816,1.7536378394229737,-4.890109816254475,-3.0956079319477503,-3.0662115030366284,0.8279698431872164,-1.019189610828445,4.304919778195342,-0.4515226464921155,0.7024576952550962
70.0,106.0,162.12002563476562,-2.064461842927496,1.7935466532309607,-4.901120978795082,-3.037351504864135,-2.9825109954659146,0.8614086155396931,-1.0144580723090246,3.120163282703889,-0.463391761074009,0.7101871668493809
70.0,106.0,143.40028381347656,-2.1226232313261657,1.7887204654142606,-4.908145578949008,-3.0089711744244063,-2.517552182445846,0.8479453247772036,-1.0508747518015815,3.970591173908796,-0.4485811750269277,1.3217234386420174
70.0,106.0,144.54302978515625,-2.1099463048069773,1.8291129771964227,-4.894856295598563,-3.0644975008544493,-2.510267233715815,0.848369867993208,-1.0508377907574664,3.970234758773136,-0.4456875732562513,1.3233672827455016
70.0,106.0,164.93621826171875,-2.1286406472419426,1.7726202259592336,-4.917893485740647,-3.008888351317005,-2.408163680936534,1.452519633185451,-1.0310668488781076,3.9403096059370135,-0.4568035074932582,1.2368590655881495
70.0,106.0,156.08035278320312,-2.1580996450789263,1.728328627406782,-4.879695436337815,-3.0850529772078543,-3.06587044186364,0.8359929899162684,-1.015638048938622,3.5437633377229565,-0.4462973345896071,0.7233871726910266
70.0,106.0,149.0543975830078,-2.113924678909984,1.760447213516485,-4.892570835040236,-3.0163429020526284,-2.460513357511557,0.8577005817306997,-1.0448336275148562,3.9279150575515818,-0.4503412441133987,1.6582050468325922
70.0,106.0,144.64962768554688,-2.1225669205236097,1.7526234622576715,-4.89254681261326,-3.050594593552624,-2.508641587920605,0.8526175522623581,-1.0521011867124417,3.9621251989312336,-0.4553990779992472,1.3018248995964596
70.0,106.0,144.51522827148438,-2.144060832172081,1.7712082088934298,-4.893380504118484,-3.0007987864272687,-2.5196624767480027,0.8553075888356051,-1.0554020652660234,3.9726098019486233,-0.4544083046604929,1.3349029804223744
70.0,106.0,143.8094482421875,-2.122414215116035,1.7568791244962758,-4.904792178402492,-3.023275635342393,-2.512196968567705,0.8298208199888433,-1.051730122568455,3.977734792596491,-0.4467176793947771,1.3120025911383602
70.0,106.0,163.69961547851562,-2.068842521084702,1.7981490092902286,-4.907850394422541,-3.0802335591716967,-2.3742289023182512,1.2964386815374933,-1.0308971596927596,3.970460903449173,-0.4693940781246348,1.0788973461380162
70.0,106.0,143.39480590820312,-2.114946387259757,1.7751844119101448,-4.897834121813322,-3.0277139910909083,-2.517548126130216,0.837700726954281,-1.0526638021194268,3.968637805555309,-0.4534701061270717,1.3222161647508428
70.0,106.0,147.0053253173828,-2.098451805113783,1.7556861071980572,-4.9133595333707945,-3.063456787049567,-2.491211478048408,0.7917523753370153,-1.045736149299787,3.98404142629308,-0.4570958596593532,1.0159428153736432
70.0,106.0,177.90628051757812,-0.9480992037287066,1.6698462529856726,-4.92126265432442,-3.066282443454009,-3.048841576344093,1.9184003846581128,-1.029547548154336,4.407033002134062,-0.5675828178794807,0.7291447687456702
70.0,106.0,148.70118713378906,-2.175036762050281,1.7502426505665656,-4.897131695176286,-3.004808928321152,-2.5301640716108205,0.9037154040830094,-1.0510833700900473,3.97173629076736,-0.4566313469377894,1.3003413602881788
70.0,106.0,143.4422149658203,-2.108643099260973,1.7616501291132716,-4.892370780163157,-3.0047418260573355,-2.5087711353685416,0.8439239451706004,-1.0470563256911407,3.971666318580632,-0.4448628882784647,1.3220945316328958
70.0,106.0,159.85707092285156,-2.1261989322769184,1.7881131156507546,-4.812296070947325,-3.025789489037132,-2.4917545276807123,1.2463799160735238,-1.0233571541244506,4.304480526910858,-0.4100579254843168,0.6815145415097246
70.0,106.0,158.6701202392578,-2.1857370830077456,1.805632466204849,-4.940854356766674,-3.005138807218757,-3.0246378506615588,0.8536471484048354,-1.0576747830684972,4.365038786171499,-0.4655393619409302,1.8763462867536829
70.0,106.0,150.96546936035156,-2.1067317612579703,1.7830780436878382,-4.916184371619676,-3.008090221279222,-2.659744519612295,0.8450369360943221,-1.0591586992175397,3.9808346346117536,-0.4524605949122143,1.3289899227926922
70.0,106.0,144.66119384765625,-2.090801135502998,1.7959978466509716,-4.905303631611762,-3.01847643459158,-2.518845622326096,0.8348632316181708,-1.054610379660506,3.992047734466006,-0.4463731113569587,1.3194348659043766
70.0,106.0,150.22096252441406,-2.074975056197249,1.735066581943939,-4.862423353362672,-2.9973943214325964,-2.4792414935943703,0.826256150846715,-1.0654215367577962,3.9767968065596406,-0.461549061996327,1.2831307211274954
70.0,106.0,173.43307495117188,-2.1399193954306,1.733204784321063,-4.904023608754435,-2.734670116832965,-2.4707647909686488,-0.3410320413280783,-1.044308531206971,4.000298873393338,-0.4756020877937969,1.3170912817608371
70.0,106.0,153.1660919189453,-2.121447798556532,1.8336876551817392,-4.9380753146679925,-3.094233202647145,-3.0649950223856144,0.8354321701101891,-1.021508757068139,3.955010029302585,-0.4447028575291981,0.7080551592072115
70.0,106.0,143.337158203125,-2.127486070882303,1.7969448380181516,-4.905398319892555,-3.0436276962361184,-2.510206224434173,0.8482762570495306,-1.0501937207097694,3.969373731967216,-0.4509921635884115,1.3231896815346962
70.0,106.0,145.73684692382812,-2.132803778722676,1.7605589776146509,-4.910076755196165,-3.015389938110665,-2.517723881988097,0.8551147226630871,-1.064111885828547,3.9442636603562273,-0.4408910217647461,1.3210449861928732
70.0,106.0,173.24264526367188,-2.9723143171659294,1.7467743343781554,-4.8583524109262815,-3.132584168219534,-3.071824124186589,0.826754586818778,-0.0913498623214759,4.733588269388097,-0.4036389269487243,0.6670874524596352
70.0,106.0,158.58740234375,-2.19743009848025,1.7549870770575804,-4.898472339029639,-3.032058110552738,-2.435447897929983,1.8156643454378143,-1.0749176924004848,3.9188793858058464,-0.4611947418582927,1.3724767532011335
70.0,106.0,144.17312622070312,-2.122925511447345,1.7682108005903368,-4.892860841612453,-2.9931664156385223,-2.5136175774043656,0.8474351537170295,-1.0495260142316798,3.9684615080268935,-0.4593006311663573,1.3177578130269203
70.0,106.0,174.19967651367188,-2.9238832273157014,1.8036311034948675,-4.918952789512337,-3.016247242832533,-2.5227059423360174,0.8505544387293517,-1.03378843255089,3.878419312335016,-0.4407065090930466,1.4117371013032012
70.0,106.0,149.47891235351562,-2.1159750448897765,1.7583492340397913,-4.894328862364063,-3.0091631097930467,-2.4948166989130267,0.8414921034954966,-1.0572757793742509,3.973126354737381,-0.4128179156611562,1.041832686113887
70.0,106.0,144.577880859375,-2.1226409749964934,1.764181265154653,-4.896763521804709,-3.0566308955100814,-2.528327385242968,0.8553498989389501,-1.040889310096134,3.969114637279369,-0.4478771903224158,1.301868666372441
70.0,106.0,146.7385711669922,-2.121183687163004,1.7688951727365625,-4.890998826187826,-3.017171778796901,-2.5030467413977218,0.8449971276373408,-1.013018001910173,3.989090005196316,-0.4742568392195581,1.3134320529848504
70.0,106.0,146.584716796875,-2.103115268970947,1.7773525520170366,-4.8991595252982325,-3.0347150506673737,-2.5711874065489764,0.8116258795517473,-1.035978714195854,3.971544582710554,-0.4467989748149475,1.6285298446205214
70.0,106.0,147.42503356933594,-2.119823178426038,1.7834864425696288,-4.887118043981619,-3.079687943346457,-2.422288715198937,0.8655104573333614,-1.0497466580665389,3.961806273499705,-0.4530665218798412,1.3209731158288545
70.0,106.0,143.25624084472656,-2.126201498395338,1.776447180426718,-4.911038367938904,-3.0189203841660275,-2.5141724623159933,0.8453948594086856,-1.0516125740393008,3.96882708303868,-0.4538285156769916,1.3222958490239185
70.0,106.0,146.5296630859375,-2.106469788015298,1.771538361449574,-4.902972237328385,-2.985364860424202,-2.506862271891488,0.8449386493831128,-1.0519032255402845,4.007585047751662,-0.4613763817712497,1.321183304627503
70.0,106.0,155.14508056640625,-2.144416528898283,1.7532622941419214,-4.910340166670732,-3.045212005694971,-1.9538792327145715,0.8337103093690844,-1.0439633387742353,3.904955445319976,-0.4075869564763927,0.7623833671535221
70.0,106.0,143.6835174560547,-2.138230805977686,1.779743681942172,-4.908891596285171,-3.0389805599430804,-2.534728299407246,0.8444181428150002,-1.0500877524902494,3.971576660823707,-0.4510041178045833,1.319338158471687
70.0,106.0,185.1563415527344,-1.1045015044881543,2.0394914040046315,-4.902741034330899,-3.033056741180545,-2.540287605300343,0.4607351206112166,-1.0469572497918882,4.320673939111806,-0.7875329213001536,0.6335255266750248
70.0,106.0,159.69412231445312,-2.21963507341297,1.850328278453232,-4.863205470948095,-3.7754689176902456,-3.045361023325458,0.837599674561319,-1.0212324909712558,3.56024233985072,-0.4482199517405474,0.7422656486335322
70.0,106.0,160.38934326171875,-2.1239526524329047,1.7532778008160277,-4.793683137872873,-2.992665936417859,-3.0883299703921034,0.7444479414625762,-1.0498487622640318,3.959048847339001,-0.7967959506285662,0.7170082799296202
70.0,106.0,148.77590942382812,-2.1666389185844115,1.7782954247430836,-4.978338681724437,-3.018301634992857,-2.514703820536601,0.8290774591850029,-1.047408884633294,3.948620282403279,-0.457593014712245,1.3662606982005745
70.0,106.0,155.30633544921875,-2.110355142561264,1.7355664246072802,-4.897661520156259,-3.0945963635771343,-3.0647722813398968,0.8256285834289196,-1.0204516952792135,4.389633871132414,-0.4667985076585941,0.7287559592886229
70.0,106.0,158.0673828125,-2.13478528945232,1.8441109636686763,-4.929363763692761,-3.1294766675918138,-3.0546509867568057,1.330469986782295,-1.0107985278553162,3.543151829295136,-0.4498499097984712,0.7093224768745058
70.0,106.0,151.25607299804688,-2.172037136009037,1.7295055121999343,-4.886813252907739,-3.044272093932116,-2.527211347557737,0.8736419156014977,-1.0803740810791176,4.326682419773425,-0.4568381444550614,1.020613823807618
70.0,106.0,166.35174560546875,-2.1839826523029533,1.7317492785414006,-4.863157585567276,-3.029274897849917,-3.064382047472599,1.331655290503512,-1.1420135338704025,4.388284810045576,-0.4504803565165269,0.7005964702626328
70.0,106.0,165.263427734375,-2.025108824505472,1.819420873531608,-4.880777358367313,-3.048511178555349,-3.076473591889685,0.724041054625411,-1.045823708623605,4.79798916193166,-0.408550783489008,0.6991762171530035
70.0,106.0,152.64381408691406,-2.0901784363343694,1.7996446316242254,-4.899252706699094,-3.094029690512522,-3.0680854502609827,0.8332068551577954,-1.0239699127134063,3.974889820226194,-0.4553751126038328,0.7064393748489924
70.0,106.0,160.2692413330078,-1.055922459328694,1.7735920722761906,-4.937958133848109,-1.695201673496223,-3.064020344723154,0.8372423768827528,-1.0608401158966236,4.429729571994304,-0.4561175576200931,0.7202760905369371
70.0,107.0,157.60691833496094,-2.1221509371431435,1.8392303061078088,-4.902514539010984,-3.0864103908050646,-3.0538475418464337,0.8517324402109121,-1.0171489627324086,3.092931355225164,-0.4559853455206131,0.9824460715350812
70.0,107.0,161.15728759765625,-1.9534206856324816,1.7536378394229737,-4.890109816254475,-3.0956079319477503,-3.0662115030366284,0.8279698431872164,-1.019189610828445,4.304919778195342,-0.4515226464921155,0.7024576952550962
70.0,107.0,162.12002563476562,-2.064461842927496,1.7935466532309607,-4.901120978795082,-3.037351504864135,-2.9825109954659146,0.8614086155396931,-1.0144580723090246,3.120163282703889,-0.463391761074009,0.7101871668493809
70.0,107.0,143.40028381347656,-2.1226232313261657,1.7887204654142606,-4.908145578949008,-3.0089711744244063,-2.517552182445846,0.8479453247772036,-1.0508747518015815,3.970591173908796,-0.4485811750269277,1.3217234386420174
70.0,107.0,144.54302978515625,-2.1099463048069773,1.8291129771964227,-4.894856295598563,-3.0644975008544493,-2.510267233715815,0.848369867993208,-1.0508377907574664,3.970234758773136,-0.4456875732562513,1.3233672827455016
70.0,107.0,164.93621826171875,-2.1286406472419426,1.7726202259592336,-4.917893485740647,-3.008888351317005,-2.408163680936534,1.452519633185451,-1.0310668488781076,3.9403096059370135,-0.4568035074932582,1.2368590655881495
70.0,107.0,156.08035278320312,-2.1580996450789263,1.728328627406782,-4.879695436337815,-3.0850529772078543,-3.06587044186364,0.8359929899162684,-1.015638048938622,3.5437633377229565,-0.4462973345896071,0.7233871726910266
70.0,107.0,149.0543975830078,-2.113924678909984,1.760447213516485,-4.892570835040236,-3.0163429020526284,-2.460513357511557,0.8577005817306997,-1.0448336275148562,3.9279150575515818,-0.4503412441133987,1.6582050468325922
70.0,107.0,144.64962768554688,-2.1225669205236097,1.7526234622576715,-4.89254681261326,-3.050594593552624,-2.508641587920605,0.8526175522623581,-1.0521011867124417,3.9621251989312336,-0.4553990779992472,1.3018248995964596
70.0,107.0,144.51522827148438,-2.144060832172081,1.7712082088934298,-4.893380504118484,-3.0007987864272687,-2.5196624767480027,0.8553075888356051,-1.0554020652660234,3.9726098019486233,-0.4544083046604929,1.3349029804223744
70.0,107.0,143.8094482421875,-2.122414215116035,1.7568791244962758,-4.904792178402492,-3.023275635342393,-2.512196968567705,0.8298208199888433,-1.051730122568455,3.977734792596491,-0.4467176793947771,1.3120025911383602
70.0,107.0,163.69961547851562,-2.068842521084702,1.7981490092902286,-4.907850394422541,-3.0802335591716967,-2.3742289023182512,1.2964386815374933,-1.0308971596927596,3.970460903449173,-0.4693940781246348,1.0788973461380162
70.0,107.0,143.1424102783203,-2.118617849301672,1.7754008327215896,-4.910530998725212,-3.026378425804186,-2.514886313007107,0.845229835213271,-1.0509631149243837,3.968952896495449,-0.4514594525301999,1.3222304208724922
70.0,107.0,147.0053253173828,-2.098451805113783,1.7556861071980572,-4.9133595333707945,-3.063456787049567,-2.491211478048408,0.7917523753370153,-1.045736149299787,3.98404142629308,-0.4570958596593532,1.0159428153736432
70.0,107.0,177.90628051757812,-0.9480992037287066,1.6698462529856726,-4.92126265432442,-3.066282443454009,-3.048841576344093,1.9184003846581128,-1.029547548154336,4.407033002134062,-0.5675828178794807,0.7291447687456702
70.0,107.0,148.70118713378906,-2.175036762050281,1.7502426505665656,-4.897131695176286,-3.004808928321152,-2.5301640716108205,0.9037154040830094,-1.0510833700900473,3.97173629076736,-0.4566313469377894,1.3003413602881788
70.0,107.0,143.4422149658203,-2.108643099260973,1.7616501291132716,-4.892370780163157,-3.0047418260573355,-2.5087711353685416,0.8439239451706004,-1.0470563256911407,3.971666318580632,-0.4448628882784647,1.3220945316328958
70.0,107.0,159.85707092285156,-2.1261989322769184,1.7881131156507546,-4.812296070947325,-3.025789489037132,-2.4917545276807123,1.2463799160735238,-1.0233571541244506,4.304480526910858,-0.4100579254843168,0.6815145415097246
70.0,107.0,158.6701202392578,-2.1857370830077456,1.805632466204849,-4.940854356766674,-3.005138807218757,-3.0246378506615588,0.8536471484048354,-1.0576747830684972,4.365038786171499,-0.4655393619409302,1.8763462867536829
70.0,107.0,150.96546936035156,-2.1067317612579703,1.7830780436878382,-4.916184371619676,-3.008090221279222,-2.659744519612295,0.8450369360943221,-1.0591586992175397,3.9808346346117536,-0.4524605949122143,1.3289899227926922
70.0,107.0,143.7536163330078,-2.170714657850388,1.7835526552669971,-4.907823634785421,-3.0176032169809672,-2.506333037563184,0.8440241705891339,-1.0530703093699936,3.9626757189136,-0.4547817150147967,1.3225950043860288
70.0,107.0,147.44570922851562,-2.0734298417954333,1.7793966067498663,-4.851850262078486,-3.0459767394528305,-2.502300616771997,0.8778686547139032,-1.0550857884142613,3.959629331223375,-0.4561916926291295,1.351590761741581
70.0,107.0,147.732666015625,-2.129226284493474,1.794948561183719,-4.928015957305518,-3.060761302254257,-2.4820283353734123,1.4189591683472205,-1.050654230389559,3.999420209945351,-0.4463595266217796,1.318098215826905
70.0,107.0,153.1660919189453,-2.121447798556532,1.8336876551817392,-4.9380753146679925,-3.094233202647145,-3.0649950223856144,0.8354321701101891,-1.021508757068139,3.955010029302585,-0.4447028575291981,0.7080551592072115
70.0,107.0,143.337158203125,-2.127486070882303,1.7969448380181516,-4.905398319892555,-3.0436276962361184,-2.510206224434173,0.8482762570495306,-1.0501937207097694,3.969373731967216,-0.4509921635884115,1.3231896815346962
70.0,107.0,145.344970703125,-2.1433164579749326,1.7525461090454713,-4.911179470659648,-3.0194785409866176,-2.5206245104110945,0.8175187450931003,-1.0715202959213035,3.967359658831648,-0.4469292647173746,1.3215650101616006
70.0,107.0,173.24264526367188,-2.9723143171659294,1.7467743343781554,-4.8583524109262815,-3.132584168219534,-3.071824124186589,0.826754586818778,-0.0913498623214759,4.733588269388097,-0.4036389269487243,0.6670874524596352
70.0,107.0,158.58740234375,-2.19743009848025,1.7549870770575804,-4.898472339029639,-3.032058110552738,-2.435447897929983,1.8156643454378143,-1.0749176924004848,3.9188793858058464,-0.4611947418582927,1.3724767532011335
70.0,107.0,144.17312622070312,-2.122925511447345,1.7682108005903368,-4.892860841612453,-2.9931664156385223,-2.5136175774043656,0.8474351537170295,-1.0495260142316798,3.9684615080268935,-0.4593006311663573,1.3177578130269203
70.0,107.0,157.1560516357422,-1.96606944484816,1.7911869999185497,-4.909671238995833,-3.016089888944531,-2.4655970910399803,0.8575308653005649,-1.044236505143332,3.9632883115559694,-0.4501807012562393,1.243537050612921
70.0,107.0,149.47891235351562,-2.1159750448897765,1.7583492340397913,-4.894328862364063,-3.0091631097930467,-2.4948166989130267,0.8414921034954966,-1.0572757793742509,3.973126354737381,-0.4128179156611562,1.041832686113887
70.0,107.0,144.577880859375,-2.1226409749964934,1.764181265154653,-4.896763521804709,-3.0566308955100814,-2.528327385242968,0.8553498989389501,-1.040889310096134,3.969114637279369,-0.4478771903224158,1.301868666372441
70.0,107.0,146.7385711669922,-2.121183687163004,1.7688951727365625,-4.890998826187826,-3.017171778796901,-2.5030467413977218,0.8449971276373408,-1.013018001910173,3.989090005196316,-0.4742568392195581,1.3134320529848504
70.0,107.0,146.584716796875,-2.103115268970947,1.7773525520170366,-4.8991595252982325,-3.0347150506673737,-2.5711874065489764,0.8116258795517473,-1.035978714195854,3.971544582710554,-0.4467989748149475,1.6285298446205214
70.0,107.0,147.42503356933594,-2.119823178426038,1.7834864425696288,-4.887118043981619,-3.079687943346457,-2.422288715198937,0.8655104573333614,-1.0497466580665389,3.961806273499705,-0.4530665218798412,1.3209731158288545
70.0,107.0,143.25624084472656,-2.126201498395338,1.776447180426718,-4.911038367938904,-3.0189203841660275,-2.5141724623159933,0.8453948594086856,-1.0516125740393008,3.96882708303868,-0.4538285156769916,1.3222958490239185
70.0,107.0,146.5296630859375,-2.106469788015298,1.771538361449574,-4.902972237328385,-2.985364860424202,-2.506862271891488,0.8449386493831128,-1.0519032255402845,4.007585047751662,-0.4613763817712497,1.321183304627503
70.0,107.0,155.14508056640625,-2.144416528898283,1.7532622941419214,-4.910340166670732,-3.045212005694971,-1.9538792327145715,0.8337103093690844,-1.0439633387742353,3.904955445319976,-0.4075869564763927,0.7623833671535221
70.0,107.0,143.12521362304688,-2.1206208066887555,1.7764059370972507,-4.911020656709707,-3.0368746893237386,-2.5032559644934875,0.8342495364338044,-1.0514226441478394,3.969764947331801,-0.4518945915702504,1.3222305591896275
70.0,107.0,185.1563415527344,-1.1045015044881543,2.0394914040046315,-4.902741034330899,-3.033056741180545,-2.540287605300343,0.4607351206112166,-1.0469572497918882,4.320673939111806,-0.7875329213001536,0.6335255266750248
70.0,107.0,159.69412231445312,-2.21963507341297,1.850328278453232,-4.863205470948095,-3.7754689176902456,-3.045361023325458,0.837599674561319,-1.0212324909712558,3.56024233985072,-0.4482199517405474,0.7422656486335322
70.0,107.0,160.38934326171875,-2.1239526524329047,1.7532778008160277,-4.793683137872873,-2.992665936417859,-3.0883299703921034,0.7444479414625762,-1.0498487622640318,3.959048847339001,-0.7967959506285662,0.7170082799296202
70.0,107.0,148.77590942382812,-2.1666389185844115,1.7782954247430836,-4.978338681724437,-3.018301634992857,-2.514703820536601,0.8290774591850029,-1.047408884633294,3.948620282403279,-0.457593014712245,1.3662606982005745
70.0,107.0,155.30633544921875,-2.110355142561264,1.7355664246072802,-4.897661520156259,-3.0945963635771343,-3.0647722813398968,0.8256285834289196,-1.0204516952792135,4.389633871132414,-0.4667985076585941,0.7287559592886229
70.0,107.0,158.0673828125,-2.13478528945232,1.8441109636686763,-4.929363763692761,-3.1294766675918138,-3.0546509867568057,1.330469986782295,-1.0107985278553162,3.543151829295136,-0.4498499097984712,0.7093224768745058
70.0,107.0,151.25607299804688,-2.172037136009037,1.7295055121999343,-4.886813252907739,-3.044272093932116,-2.527211347557737,0.8736419156014977,-1.0803740810791176,4.326682419773425,-0.4568381444550614,1.020613823807618
70.0,107.0,166.35174560546875,-2.1839826523029533,1.7317492785414006,-4.863157585567276,-3.029274897849917,-3.064382047472599,1.331655290503512,-1.1420135338704025,4.388284810045576,-0.4504803565165269,0.7005964702626328
70.0,107.0,165.263427734375,-2.025108824505472,1.819420873531608,-4.880777358367313,-3.048511178555349,-3.076473591889685,0.724041054625411,-1.045823708623605,4.79798916193166,-0.408550783489008,0.6991762171530035
70.0,107.0,152.64381408691406,-2.0901784363343694,1.7996446316242254,-4.899252706699094,-3.094029690512522,-3.0680854502609827,0.8332068551577954,-1.0239699127134063,3.974889820226194,-0.4553751126038328,0.7064393748489924
70.0,107.0,160.2692413330078,-1.055922459328694,1.7735920722761906,-4.937958133848109,-1.695201673496223,-3.064020344723154,0.8372423768827528,-1.0608401158966236,4.429729571994304,-0.4561175576200931,0.7202760905369371
70.0,108.0,157.60691833496094,-2.1221509371431435,1.8392303061078088,-4.902514539010984,-3.0864103908050646,-3.0538475418464337,0.8517324402109121,-1.0171489627324086,3.092931355225164,-0.4559853455206131,0.9824460715350812
70.0,108.0,161.15728759765625,-1.9534206856324816,1.7536378394229737,-4.890109816254475,-3.0956079319477503,-3.0662115030366284,0.8279698431872164,-1.019189610828445,4.304919778195342,-0.4515226464921155,0.7024576952550962
70.0,108.0,162.12002563476562,-2.064461842927496,1.7935466532309607,-4.901120978795082,-3.037351504864135,-2.9825109954659146,0.8614086155396931,-1.0144580723090246,3.120163282703889,-0.463391761074009,0.7101871668493809
70.0,108.0,143.24559020996094,-2.118558752334926,1.775043542815421,-4.905423742100226,-3.0178454871084464,-2.489394129890407,0.8435683396320928,-1.05277112586908,3.9734054196788735,-0.4502252978674761,1.3203445212051907
70.0,108.0,144.54302978515625,-2.1099463048069773,1.8291129771964227,-4.894856295598563,-3.0644975008544493,-2.510267233715815,0.848369867993208,-1.0508377907574664,3.970234758773136,-0.4456875732562513,1.3233672827455016
70.0,108.0,164.93621826171875,-2.1286406472419426,1.7726202259592336,-4.917893485740647,-3.008888351317005,-2.408163680936534,1.452519633185451,-1.0310668488781076,3.9403096059370135,-0.4568035074932582,1.2368590655881495
70.0,108.0,156.08035278320312,-2.1580996450789263,1.728328627406782,-4.879695436337815,-3.0850529772078543,-3.06587044186364,0.8359929899162684,-1.015638048938622,3.5437633377229565,-0.4462973345896071,0.7233871726910266
70.0,108.0,149.0543975830078,-2.113924678909984,1.760447213516485,-4.892570835040236,-3.0163429020526284,-2.460513357511557,0.8577005817306997,-1.0448336275148562,3.9279150575515818,-0.4503412441133987,1.6582050468325922
70.0,108.0,144.0831298828125,-2.113419512188707,1.7467240766992245,-4.895214517371122,-3.056086308587335,-2.4844566570511613,0.8343135945167965,-1.0503927188941724,3.96113545810355,-0.456562732041429,1.3205861802205316
70.0,108.0,144.51522827148438,-2.144060832172081,1.7712082088934298,-4.893380504118484,-3.0007987864272687,-2.5196624767480027,0.8553075888356051,-1.0554020652660234,3.9726098019486233,-0.4544083046604929,1.3349029804223744
70.0,108.0,143.47088623046875,-2.1205333854355315,1.777428772434711,-4.907720679730896,-3.030676454468149,-2.497889185287401,0.8532737396068207,-1.0513492928599442,3.971906042395118,-0.4577386372774256,1.3177403018436935
70.0,108.0,154.8007049560547,-2.093713568688138,1.7783408649485135,-4.900082467611648,-2.9530692888461427,-2.3700435034403875,1.351686108591302,-1.0286525609256254,3.96905104926274,-0.4673869539487815,1.0298867690679228
70.0,108.0,143.09107971191406,-2.119514481658792,1.7752703658334068,-4.911756362972399,-3.0365036182503324,-2.4884600076656858,0.8371157498194297,-1.050911091343724,3.9705832476745626,-0.4510023998331023,1.3222486347838016
70.0,108.0,147.0053253173828,-2.098451805113783,1.7556861071980572,-4.9133595333707945,-3.063456787049567,-2.491211478048408,0.7917523753370153,-1.045736149299787,3.98404142629308,-0.4570958596593532,1.0159428153736432
70.0,108.0,177.90628051757812,-0.9480992037287066,1.6698462529856726,-4.92126265432442,-3.066282443454009,-3.048841576344093,1.9184003846581128,-1.029547548154336,4.407033002134062,-0.5675828178794807,0.7291447687456702
70.0,108.0,148.70118713378906,-2.175036762050281,1.7502426505665656,-4.897131695176286,-3.004808928321152,-2.5301640716108205,0.9037154040830094,-1.0510833700900473,3.97173629076736,-0.4566313469377894,1.3003413602881788
70.0,108.0,143.4422149658203,-2.108643099260973,1.7616501291132716,-4.892370780163157,-3.0047418260573355,-2.5087711353685416,0.8439239451706004,-1.0470563256911407,3.971666318580632,-0.4448628882784647,1.3220945316328958
70.0,108.0,159.85707092285156,-2.1261989322769184,1.7881131156507546,-4.812296070947325,-3.025789489037132,-2.4917545276807123,1.2463799160735238,-1.0233571541244506,4.304480526910858,-0.4100579254843168,0.6815145415097246
70.0,108.0,158.6701202392578,-2.1857370830077456,1.805632466204849,-4.940854356766674,-3.005138807218757,-3.0246378506615588,0.8536471484048354,-1.0576747830684972,4.365038786171499,-0.4655393619409302,1.8763462867536829
70.0,108.0,148.83229064941406,-2.111097057301057,1.7830057742059289,-4.912498941580486,-3.0126597822551098,-2.637092360112554,0.8335024774525104,-1.0438501593454643,3.979861065355916,-0.4524485668818619,1.320611383660734
70.0,108.0,143.7536163330078,-2.170714657850388,1.7835526552669971,-4.907823634785421,-3.0176032169809672,-2.506333037563184,0.8440241705891339,-1.0530703093699936,3.9626757189136,-0.4547817150147967,1.3225950043860288
70.0,108.0,145.9196319580078,-2.0672715832396387,1.7846119613343143,-4.935638064764992,-3.034486845107313,-2.486757706643068,0.8936192327033509,-1.0482267796904776,3.948673850887079,-0.4491025364306668,1.3271807396855846
70.0,108.0,147.732666015625,-2.129226284493474,1.794948561183719,-4.928015957305518,-3.060761302254257,-2.4820283353734123,1.4189591683472205,-1.050654230389559,3.999420209945351,-0.4463595266217796,1.318098215826905
70.0,108.0,153.1660919189453,-2.121447798556532,1.8336876551817392,-4.9380753146679925,-3.094233202647145,-3.0649950223856144,0.8354321701101891,-1.021508757068139,3.955010029302585,-0.4447028575291981,0.7080551592072115
70.0,108.0,143.337158203125,-2.127486070882303,1.7969448380181516,-4.905398319892555,-3.0436276962361184,-2.510206224434173,0.8482762570495306,-1.0501937207097694,3.969373731967216,-0.4509921635884115,1.3231896815346962
70.0,108.0,144.48789978027344,-2.141046964113209,1.771880474365917,-4.911381224157521,-3.040130457582591,-2.517262630056656,0.8055665997807893,-1.0369607176572375,3.977882256769657,-0.4549739669163189,1.3219810566530266
70.0,108.0,173.24264526367188,-2.9723143171659294,1.7467743343781554,-4.8583524109262815,-3.132584168219534,-3.071824124186589,0.826754586818778,-0.0913498623214759,4.733588269388097,-0.4036389269487243,0.6670874524596352
70.0,108.0,158.58740234375,-2.19743009848025,1.7549870770575804,-4.898472339029639,-3.032058110552738,-2.435447897929983,1.8156643454378143,-1.0749176924004848,3.9188793858058464,-0.4611947418582927,1.3724767532011335
70.0,108.0,144.17312622070312,-2.122925511447345,1.7682108005903368,-4.892860841612453,-2.9931664156385223,-2.5136175774043656,0.8474351537170295,-1.0495260142316798,3.9684615080268935,-0.4593006311663573,1.3177578130269203
70.0,108.0,157.1560516357422,-1.96606944484816,1.7911869999185497,-4.909671238995833,-3.016089888944531,-2.4655970910399803,0.8575308653005649,-1.044236505143332,3.9632883115559694,-0.4501807012562393,1.243537050612921
70.0,108.0,145.24935913085938,-2.1234466229353863,1.785645062598677,-4.9092235486141,-3.013153273038255,-2.4880217739304897,0.8422117476866249,-1.0594200831223686,3.963751097227078,-0.4533392337226031,0.9979618851533588
70.0,108.0,144.577880859375,-2.1226409749964934,1.764181265154653,-4.896763521804709,-3.0566308955100814,-2.528327385242968,0.8553498989389501,-1.040889310096134,3.969114637279369,-0.4478771903224158,1.301868666372441
70.0,108.0,146.7385711669922,-2.121183687163004,1.7688951727365625,-4.890998826187826,-3.017171778796901,-2.5030467413977218,0.8449971276373408,-1.013018001910173,3.989090005196316,-0.4742568392195581,1.3134320529848504
70.0,108.0,146.584716796875,-2.103115268970947,1.7773525520170366,-4.8991595252982325,-3.0347150506673737,-2.5711874065489764,0.8116258795517473,-1.035978714195854,3.971544582710554,-0.4467989748149475,1.6285298446205214
70.0,108.0,147.42503356933594,-2.119823178426038,1.7834864425696288,-4.887118043981619,-3.079687943346457,-2.422288715198937,0.8655104573333614,-1.0497466580665389,3.961806273499705,-0.4530665218798412,1.3209731158288545
70.0,108.0,143.25624084472656,-2.126201498395338,1.776447180426718,-4.911038367938904,-3.0189203841660275,-2.5141724623159933,0.8453948594086856,-1.0516125740393008,3.96882708303868,-0.4538285156769916,1.3222958490239185
70.0,108.0,146.5296630859375,-2.106469788015298,1.771538361449574,-4.902972237328385,-2.985364860424202,-2.506862271891488,0.8449386493831128,-1.0519032255402845,4.007585047751662,-0.4613763817712497,1.321183304627503
70.0,108.0,155.14508056640625,-2.144416528898283,1.7532622941419214,-4.910340166670732,-3.045212005694971,-1.9538792327145715,0.8337103093690844,-1.0439633387742353,3.904955445319976,-0.4075869564763927,0.7623833671535221
70.0,108.0,143.12521362304688,-2.1206208066887555,1.7764059370972507,-4.911020656709707,-3.0368746893237386,-2.5032559644934875,0.8342495364338044,-1.0514226441478394,3.969764947331801,-0.4518945915702504,1.3222305591896275
70.0,108.0,185.1563415527344,-1.1045015044881543,2.0394914040046315,-4.902741034330899,-3.033056741180545,-2.540287605300343,0.4607351206112166,-1.0469572497918882,4.320673939111806,-0.7875329213001536,0.6335255266750248
70.0,108.0,159.69412231445312,-2.21963507341297,1.850328278453232,-4.863205470948095,-3.7754689176902456,-3.045361023325458,0.837599674561319,-1.0212324909712558,3.56024233985072,-0.4482199517405474,0.7422656486335322
70.0,108.0,160.38934326171875,-2.1239526524329047,1.7532778008160277,-4.793683137872873,-2.992665936417859,-3.0883299703921034,0.7444479414625762,-1.0498487622640318,3.959048847339001,-0.7967959506285662,0.7170082799296202
70.0,108.0,148.08346557617188,-2.132839035673785,1.7774630714414357,-4.935559680616352,-3.030970516524911,-2.4947132036640705,0.83337943447788,-1.049551079756671,3.979754850397714,-0.4546021042597917,1.2749644494710664
70.0,108.0,155.30633544921875,-2.110355142561264,1.7355664246072802,-4.897661520156259,-3.0945963635771343,-3.0647722813398968,0.8256285834289196,-1.0204516952792135,4.389633871132414,-0.4667985076585941,0.7287559592886229
70.0,108.0,158.0673828125,-2.13478528945232,1.8441109636686763,-4.929363763692761,-3.1294766675918138,-3.0546509867568057,1.330469986782295,-1.0107985278553162,3.543151829295136,-0.4498499097984712,0.7093224768745058
70.0,108.0,151.25607299804688,-2.172037136009037,1.7295055121999343,-4.886813252907739,-3.044272093932116,-2.527211347557737,0.8736419156014977,-1.0803740810791176,4.326682419773425,-0.4568381444550614,1.020613823807618
70.0,108.0,166.35174560546875,-2.1839826523029533,1.7317492785414006,-4.863157585567276,-3.029274897849917,-3.064382047472599,1.331655290503512,-1.1420135338704025,4.388284810045576,-0.4504803565165269,0.7005964702626328
70.0,108.0,165.263427734375,-2.025108824505472,1.819420873531608,-4.880777358367313,-3.048511178555349,-3.076473591889685,0.724041054625411,-1.045823708623605,4.79798916193166,-0.408550783489008,0.6991762171530035
70.0,108.0,152.64381408691406,-2.0901784363343694,1.7996446316242254,-4.899252706699094,-3.094029690512522,-3.0680854502609827,0.8332068551577954,-1.0239699127134063,3.974889820226194,-0.4553751126038328,0.7064393748489924
70.0,108.0,160.2692413330078,-1.055922459328694,1.7735920722761906,-4.937958133848109,-1.695201673496223,-3.064020344723154,0.8372423768827528,-1.0608401158966236,4.429729571994304,-0.4561175576200931,0.7202760905369371
70.0,109.0,157.60691833496094,-2.1221509371431435,1.8392303061078088,-4.902514539010984,-3.0864103908050646,-3.0538475418464337,0.8517324402109121,-1.0171489627324086,3.092931355225164,-0.4559853455206131,0.9824460715350812
70.0,109.0,161.15728759765625,-1.9534206856324816,1.7536378394229737,-4.890109816254475,-3.0956079319477503,-3.0662115030366284,0.8279698431872164,-1.019189610828445,4.304919778195342,-0.4515226464921155,0.7024576952550962
70.0,109.0,162.12002563476562,-2.064461842927496,1.7935466532309607,-4.901120978795082,-3.037351504864135,-2.9825109954659146,0.8614086155396931,-1.0144580723090246,3.120163282703889,-0.463391761074009,0.7101871668493809
70.0,109.0,143.24559020996094,-2.118558752334926,1.775043542815421,-4.905423742100226,-3.0178454871084464,-2.489394129890407,0.8435683396320928,-1.05277112586908,3.9734054196788735,-0.4502252978674761,1.3203445212051907
70.0,109.0,144.54302978515625,-2.1099463048069773,1.8291129771964227,-4.894856295598563,-3.0644975008544493,-2.510267233715815,0.848369867993208,-1.0508377907574664,3.970234758773136,-0.4456875732562513,1.3233672827455016
70.0,109.0,164.93621826171875,-2.1286406472419426,1.7726202259592336,-4.917893485740647,-3.008888351317005,-2.408163680936534,1.452519633185451,-1.0310668488781076,3.9403096059370135,-0.4568035074932582,1.2368590655881495
70.0,109.0,156.08035278320312,-2.1580996450789263,1.728328627406782,-4.879695436337815,-3.0850529772078543,-3.06587044186364,0.8359929899162684,-1.015638048938622,3.5437633377229565,-0.4462973345896071,0.7233871726910266
70.0,109.0,149.0543975830078,-2.113924678909984,1.760447213516485,-4.892570835040236,-3.0163429020526284,-2.460513357511557,0.8577005817306997,-1.0448336275148562,3.9279150575515818,-0.4503412441133987,1.6582050468325922
70.0,109.0,143.54254150390625,-2.1043842527432632,1.78848586364357,-4.898376398986795,-3.0286081408857406,-2.476170556088456,0.8349792399895049,-1.048724442535665,3.968964775760409,-0.4509956805973525,1.3324704233270224
70.0,109.0,144.51522827148438,-2.144060832172081,1.7712082088934298,-4.893380504118484,-3.0007987864272687,-2.5196624767480027,0.8553075888356051,-1.0554020652660234,3.9726098019486233,-0.4544083046604929,1.3349029804223744
70.0,109.0,143.47088623046875,-2.1205333854355315,1.777428772434711,-4.907720679730896,-3.030676454468149,-2.497889185287401,0.8532737396068207,-1.0513492928599442,3.971906042395118,-0.4577386372774256,1.3177403018436935
70.0,109.0,154.8007049560547,-2.093713568688138,1.7783408649485135,-4.900082467611648,-2.9530692888461427,-2.3700435034403875,1.351686108591302,-1.0286525609256254,3.96905104926274,-0.4673869539487815,1.0298867690679228
70.0,109.0,143.07864379882812,-2.119514481658792,1.7752703658334068,-4.925570800161373,-3.0365036182503324,-2.4884600076656858,0.8371157498194297,-1.050911091343724,3.9705832476745626,-0.4510023998331023,1.3222486347838016
70.0,109.0,147.0053253173828,-2.098451805113783,1.7556861071980572,-4.9133595333707945,-3.063456787049567,-2.491211478048408,0.7917523753370153,-1.045736149299787,3.98404142629308,-0.4570958596593532,1.0159428153736432
70.0,109.0,177.90628051757812,-0.9480992037287066,1.6698462529856726,-4.92126265432442,-3.066282443454009,-3.048841576344093,1.9184003846581128,-1.029547548154336,4.407033002134062,-0.5675828178794807,0.7291447687456702
70.0,109.0,148.70118713378906,-2.175036762050281,1.7502426505665656,-4.897131695176286,-3.004808928321152,-2.5301640716108205,0.9037154040830094,-1.0510833700900473,3.97173629076736,-0.4566313469377894,1.3003413602881788
70.0,109.0,143.4422149658203,-2.108643099260973,1.7616501291132716,-4.892370780163157,-3.0047418260573355,-2.5087711353685416,0.8439239451706004,-1.0470563256911407,3.971666318580632,-0.4448628882784647,1.3220945316328958
70.0,109.0,159.85707092285156,-2.1261989322769184,1.7881131156507546,-4.812296070947325,-3.025789489037132,-2.4917545276807123,1.2463799160735238,-1.0233571541244506,4.304480526910858,-0.4100579254843168,0.6815145415097246
70.0,109.0,158.6701202392578,-2.1857370830077456,1.805632466204849,-4.940854356766674,-3.005138807218757,-3.0246378506615588,0.8536471484048354,-1.0576747830684972,4.365038786171499,-0.4655393619409302,1.8763462867536829
70.0,109.0,148.83229064941406,-2.111097057301057,1.7830057742059289,-4.912498941580486,-3.0126597822551098,-2.637092360112554,0.8335024774525104,-1.0438501593454643,3.979861065355916,-0.4524485668818619,1.320611383660734
70.0,109.0,143.7536163330078,-2.170714657850388,1.7835526552669971,-4.907823634785421,-3.0176032169809672,-2.506333037563184,0.8440241705891339,-1.0530703093699936,3.9626757189136,-0.4547817150147967,1.3225950043860288
70.0,109.0,144.7788543701172,-2.0731791186635697,1.765422762427568,-4.930259405367064,-3.034592514974982,-2.4821683609650047,0.8811996318453538,-1.0457762511069404,3.961798431139123,-0.4495738771691758,1.31321067266999
70.0,109.0,147.732666015625,-2.129226284493474,1.794948561183719,-4.928015957305518,-3.060761302254257,-2.4820283353734123,1.4189591683472205,-1.050654230389559,3.999420209945351,-0.4463595266217796,1.318098215826905
70.0,109.0,153.1660919189453,-2.121447798556532,1.8336876551817392,-4.9380753146679925,-3.094233202647145,-3.0649950223856144,0.8354321701101891,-1.021508757068139,3.955010029302585,-0.4447028575291981,0.7080551592072115
70.0,109.0,143.337158203125,-2.127486070882303,1.7969448380181516,-4.905398319892555,-3.0436276962361184,-2.510206224434173,0.8482762570495306,-1.0501937207097694,3.969373731967216,-0.4509921635884115,1.3231896815346962
70.0,109.0,144.48789978027344,-2.141046964113209,1.771880474365917,-4.911381224157521,-3.040130457582591,-2.517262630056656,0.8055665997807893,-1.0369607176572375,3.977882256769657,-0.4549739669163189,1.3219810566530266
70.0,109.0,173.24264526367188,-2.9723143171659294,1.7467743343781554,-4.8583524109262815,-3.132584168219534,-3.071824124186589,0.826754586818778,-0.0913498623214759,4.733588269388097,-0.4036389269487243,0.6670874524596352
70.0,109.0,158.58740234375,-2.19743009848025,1.7549870770575804,-4.898472339029639,-3.032058110552738,-2.435447897929983,1.8156643454378143,-1.0749176924004848,3.9188793858058464,-0.4611947418582927,1.3724767532011335
70.0,109.0,144.17312622070312,-2.122925511447345,1.7682108005903368,-4.892860841612453,-2.9931664156385223,-2.5136175774043656,0.8474351537170295,-1.0495260142316798,3.9684615080268935,-0.4593006311663573,1.3177578130269203
70.0,109.0,153.9983673095703,-1.2496000817874673,1.800643588401136,-4.91147748386077,-3.03171395227668,-2.491537441704709,0.8335126394996494,-1.0500608215346534,3.963130897077891,-0.4502230058545098,1.2960055926983107
70.0,109.0,145.24935913085938,-2.1234466229353863,1.785645062598677,-4.9092235486141,-3.013153273038255,-2.4880217739304897,0.8422117476866249,-1.0594200831223686,3.963751097227078,-0.4533392337226031,0.9979618851533588
70.0,109.0,144.577880859375,-2.1226409749964934,1.764181265154653,-4.896763521804709,-3.0566308955100814,-2.528327385242968,0.8553498989389501,-1.040889310096134,3.969114637279369,-0.4478771903224158,1.301868666372441
70.0,109.0,146.7385711669922,-2.121183687163004,1.7688951727365625,-4.890998826187826,-3.017171778796901,-2.5030467413977218,0.8449971276373408,-1.013018001910173,3.989090005196316,-0.4742568392195581,1.3134320529848504
70.0,109.0,146.584716796875,-2.103115268970947,1.7773525520170366,-4.8991595252982325,-3.0347150506673737,-2.5711874065489764,0.8116258795517473,-1.035978714195854,3.971544582710554,-0.4467989748149475,1.6285298446205214
70.0,109.0,147.42503356933594,-2.119823178426038,1.7834864425696288,-4.887118043981619,-3.079687943346457,-2.422288715198937,0.8655104573333614,-1.0497466580665389,3.961806273499705,-0.4530665218798412,1.3209731158288545
70.0,109.0,143.25624084472656,-2.126201498395338,1.776447180426718,-4.911038367938904,-3.0189203841660275,-2.5141724623159933,0.8453948594086856,-1.0516125740393008,3.96882708303868,-0.4538285156769916,1.3222958490239185
70.0,109.0,144.32301330566406,-2.1443596377952328,1.770396230832367,-4.919914010079264,-2.979694315182828,-2.4954434429510672,0.8496066462017968,-1.0493574416119984,3.953914877280329,-0.4425550428530172,1.3237999857324263
70.0,109.0,155.14508056640625,-2.144416528898283,1.7532622941419214,-4.910340166670732,-3.045212005694971,-1.9538792327145715,0.8337103093690844,-1.0439633387742353,3.904955445319976,-0.4075869564763927,0.7623833671535221
70.0,109.0,143.12521362304688,-2.1206208066887555,1.7764059370972507,-4.911020656709707,-3.0368746893237386,-2.5032559644934875,0.8342495364338044,-1.0514226441478394,3.969764947331801,-0.4518945915702504,1.3222305591896275
70.0,109.0,185.1563415527344,-1.1045015044881543,2.0394914040046315,-4.902741034330899,-3.033056741180545,-2.540287605300343,0.4607351206112166,-1.0469572497918882,4.320673939111806,-0.7875329213001536,0.6335255266750248
70.0,109.0,159.69412231445312,-2.21963507341297,1.850328278453232,-4.863205470948095,-3.7754689176902456,-3.045361023325458,0.837599674561319,-1.0212324909712558,3.56024233985072,-0.4482199517405474,0.7422656486335322
70.0,109.0,160.38934326171875,-2.1239526524329047,1.7532778008160277,-4.793683137872873,-2.992665936417859,-3.0883299703921034,0.7444479414625762,-1.0498487622640318,3.959048847339001,-0.7967959506285662,0.7170082799296202
70.0,109.0,146.70538330078125,-2.1000541617401107,1.7745529709609469,-4.880871725744802,-3.0438870247176752,-2.478112533810922,0.8416235198028048,-1.0514531091773585,3.9628441447884506,-0.4523387955612883,1.2849229993655522
70.0,109.0,155.30633544921875,-2.110355142561264,1.7355664246072802,-4.897661520156259,-3.0945963635771343,-3.0647722813398968,0.8256285834289196,-1.0204516952792135,4.389633871132414,-0.4667985076585941,0.7287559592886229
70.0,109.0,158.0673828125,-2.13478528945232,1.8441109636686763,-4.929363763692761,-3.1294766675918138,-3.0546509867568057,1.330469986782295,-1.0107985278553162,3.543151829295136,-0.4498499097984712,0.7093224768745058
70.0,109.0,151.25607299804688,-2.172037136009037,1.7295055121999343,-4.886813252907739,-3.044272093932116,-2.527211347557737,0.8736419156014977,-1.0803740810791176,4.326682419773425,-0.4568381444550614,1.020613823807618
70.0,109.0,166.35174560546875,-2.1839826523029533,1.7317492785414006,-4.863157585567276,-3.029274897849917,-3.064382047472599,1.331655290503512,-1.1420135338704025,4.388284810045576,-0.4504803565165269,0.7005964702626328
70.0,109.0,165.263427734375,-2.025108824505472,1.819420873531608,-4.880777358367313,-3.048511178555349,-3.076473591889685,0.724041054625411,-1.045823708623605,4.79798916193166,-0.408550783489008,0.6991762171530035
70.0,109.0,152.64381408691406,-2.0901784363343694,1.7996446316242254,-4.899252706699094,-3.094029690512522,-3.0680854502609827,0.8332068551577954,-1.0239699127134063,3.974889820226194,-0.4553751126038328,0.7064393748489924
70.0,109.0,160.2692413330078,-1.055922459328694,1.7735920722761906,-4.937958133848109,-1.695201673496223,-3.064020344723154,0.8372423768827528,-1.0608401158966236,4.429729571994304,-0.4561175576200931,0.7202760905369371
70.0,110.0,157.60691833496094,-2.1221509371431435,1.8392303061078088,-4.902514539010984,-3.0864103908050646,-3.0538475418464337,0.8517324402109121,-1.0171489627324086,3.092931355225164,-0.4559853455206131,0.9824460715350812
70.0,110.0,161.15728759765625,-1.9534206856324816,1.7536378394229737,-4.890109816254475,-3.0956079319477503,-3.0662115030366284,0.8279698431872164,-1.019189610828445,4.304919778195342,-0.4515226464921155,0.7024576952550962
70.0,110.0,162.12002563476562,-2.064461842927496,1.7935466532309607,-4.901120978795082,-3.037351504864135,-2.9825109954659146,0.8614086155396931,-1.0144580723090246,3.120163282703889,-0.463391761074009,0.7101871668493809
70.0,110.0,143.00540161132812,-2.119691034602317,1.7814744207772772,-4.930504972533695,-3.031764091509753,-2.4887711209169288,0.8459029843175819,-1.0499725488278104,3.965826232506413,-0.4509873765580536,1.3221658626368595
70.0,110.0,144.54302978515625,-2.1099463048069773,1.8291129771964227,-4.894856295598563,-3.0644975008544493,-2.510267233715815,0.848369867993208,-1.0508377907574664,3.970234758773136,-0.4456875732562513,1.3233672827455016
70.0,110.0,164.93621826171875,-2.1286406472419426,1.7726202259592336,-4.917893485740647,-3.008888351317005,-2.408163680936534,1.452519633185451,-1.0310668488781076,3.9403096059370135,-0.4568035074932582,1.2368590655881495
70.0,110.0,156.08035278320312,-2.1580996450789263,1.728328627406782,-4.879695436337815,-3.0850529772078543,-3.06587044186364,0.8359929899162684,-1.015638048938622,3.5437633377229565,-0.4462973345896071,0.7233871726910266
70.0,110.0,149.0543975830078,-2.113924678909984,1.760447213516485,-4.892570835040236,-3.0163429020526284,-2.460513357511557,0.8577005817306997,-1.0448336275148562,3.9279150575515818,-0.4503412441133987,1.6582050468325922
70.0,110.0,143.54254150390625,-2.1043842527432632,1.78848586364357,-4.898376398986795,-3.0286081408857406,-2.476170556088456,0.8349792399895049,-1.048724442535665,3.968964775760409,-0.4509956805973525,1.3324704233270224
70.0,110.0,144.51522827148438,-2.144060832172081,1.7712082088934298,-4.893380504118484,-3.0007987864272687,-2.5196624767480027,0.8553075888356051,-1.0554020652660234,3.9726098019486233,-0.4544083046604929,1.3349029804223744
70.0,110.0,143.47088623046875,-2.1205333854355315,1.777428772434711,-4.907720679730896,-3.030676454468149,-2.497889185287401,0.8532737396068207,-1.0513492928599442,3.971906042395118,-0.4577386372774256,1.3177403018436935
70.0,110.0,154.8007049560547,-2.093713568688138,1.7783408649485135,-4.900082467611648,-2.9530692888461427,-2.3700435034403875,1.351686108591302,-1.0286525609256254,3.96905104926274,-0.4673869539487815,1.0298867690679228
70.0,110.0,143.07864379882812,-2.119514481658792,1.7752703658334068,-4.925570800161373,-3.0365036182503324,-2.4884600076656858,0.8371157498194297,-1.050911091343724,3.9705832476745626,-0.4510023998331023,1.3222486347838016
70.0,110.0,144.8362274169922,-2.135068576475593,1.782847473160455,-4.93348534676094,-3.081911421723256,-2.4855096009951008,0.8268098044350175,-1.0514175289399386,3.949830069719918,-0.4523406732957628,1.3135918856120643
70.0,110.0,177.90628051757812,-0.9480992037287066,1.6698462529856726,-4.92126265432442,-3.066282443454009,-3.048841576344093,1.9184003846581128,-1.029547548154336,4.407033002134062,-0.5675828178794807,0.7291447687456702
70.0,110.0,147.4257049560547,-2.0914620907609565,1.7424252853871125,-4.9429622279401295,-3.00450297477182,-2.4810343869771,0.8483430187584161,-1.0544480033191526,3.970498082774769,-0.4884107305585733,1.323950256397924
70.0,110.0,143.4422149658203,-2.108643099260973,1.7616501291132716,-4.892370780163157,-3.0047418260573355,-2.5087711353685416,0.8439239451706004,-1.0470563256911407,3.971666318580632,-0.4448628882784647,1.3220945316328958
70.0,110.0,159.85707092285156,-2.1261989322769184,1.7881131156507546,-4.812296070947325,-3.025789489037132,-2.4917545276807123,1.2463799160735238,-1.0233571541244506,4.304480526910858,-0.4100579254843168,0.6815145415097246
70.0,110.0,158.6701202392578,-2.1857370830077456,1.805632466204849,-4.940854356766674,-3.005138807218757,-3.0246378506615588,0.8536471484048354,-1.0576747830684972,4.365038786171499,-0.4655393619409302,1.8763462867536829
70.0,110.0,148.83229064941406,-2.111097057301057,1.7830057742059289,-4.912498941580486,-3.0126597822551098,-2.637092360112554,0.8335024774525104,-1.0438501593454643,3.979861065355916,-0.4524485668818619,1.320611383660734
70.0,110.0,143.44993591308594,-2.120081159908569,1.7763193393895953,-4.912678369152475,-3.05526761194439,-2.5146204721000487,0.8460464398972949,-1.0539596589524975,3.9647987958992927,-0.4500826061369831,1.3246760800148316
70.0,110.0,144.7788543701172,-2.0731791186635697,1.765422762427568,-4.930259405367064,-3.034592514974982,-2.4821683609650047,0.8811996318453538,-1.0457762511069404,3.961798431139123,-0.4495738771691758,1.31321067266999
70.0,110.0,147.732666015625,-2.129226284493474,1.794948561183719,-4.928015957305518,-3.060761302254257,-2.4820283353734123,1.4189591683472205,-1.050654230389559,3.999420209945351,-0.4463595266217796,1.318098215826905
70.0,110.0,153.1660919189453,-2.121447798556532,1.8336876551817392,-4.9380753146679925,-3.094233202647145,-3.0649950223856144,0.8354321701101891,-1.021508757068139,3.955010029302585,-0.4447028575291981,0.7080551592072115
70.0,110.0,143.337158203125,-2.127486070882303,1.7969448380181516,-4.905398319892555,-3.0436276962361184,-2.510206224434173,0.8482762570495306,-1.0501937207097694,3.969373731967216,-0.4509921635884115,1.3231896815346962
70.0,110.0,144.48789978027344,-2.141046964113209,1.771880474365917,-4.911381224157521,-3.040130457582591,-2.517262630056656,0.8055665997807893,-1.0369607176572375,3.977882256769657,-0.4549739669163189,1.3219810566530266
70.0,110.0,173.24264526367188,-2.9723143171659294,1.7467743343781554,-4.8583524109262815,-3.132584168219534,-3.071824124186589,0.826754586818778,-0.0913498623214759,4.733588269388097,-0.4036389269487243,0.6670874524596352
70.0,110.0,158.58740234375,-2.19743009848025,1.7549870770575804,-4.898472339029639,-3.032058110552738,-2.435447897929983,1.8156643454378143,-1.0749176924004848,3.9188793858058464,-0.4611947418582927,1.3724767532011335
70.0,110.0,144.17312622070312,-2.122925511447345,1.7682108005903368,-4.892860841612453,-2.9931664156385223,-2.5136175774043656,0.8474351537170295,-1.0495260142316798,3.9684615080268935,-0.4593006311663573,1.3177578130269203
70.0,110.0,149.43157958984375,-0.8419933087049012,1.7608593778721204,-4.9427412385297655,-3.035373689052569,-2.497148630148024,0.8338109072142155,-1.0516515932911217,3.9760024900753415,-0.4507563419346868,1.3061083477409132
70.0,110.0,145.24935913085938,-2.1234466229353863,1.785645062598677,-4.9092235486141,-3.013153273038255,-2.4880217739304897,0.8422117476866249,-1.0594200831223686,3.963751097227078,-0.4533392337226031,0.9979618851533588
70.0,110.0,143.8768310546875,-2.1152218702913537,1.784253866572815,-4.915345350360213,-3.054849790394773,-2.488146004646154,0.8428733146177348,-1.023232062500539,3.9765709115336345,-0.4512684556661763,1.3205793241511676
70.0,110.0,144.82421875,-2.1264841201724813,1.769600265742386,-4.930586471837423,-3.03613468833276,-2.4884521275327214,0.8485880166617503,-1.0462345328585665,3.981837836162746,-0.4723529696341845,1.311208663761105
70.0,110.0,146.584716796875,-2.103115268970947,1.7773525520170366,-4.8991595252982325,-3.0347150506673737,-2.5711874065489764,0.8116258795517473,-1.035978714195854,3.971544582710554,-0.4467989748149475,1.6285298446205214
70.0,110.0,147.42503356933594,-2.119823178426038,1.7834864425696288,-4.887118043981619,-3.079687943346457,-2.422288715198937,0.8655104573333614,-1.0497466580665389,3.961806273499705,-0.4530665218798412,1.3209731158288545
70.0,110.0,143.25624084472656,-2.126201498395338,1.776447180426718,-4.911038367938904,-3.0189203841660275,-2.5141724623159933,0.8453948594086856,-1.0516125740393008,3.96882708303868,-0.4538285156769916,1.3222958490239185
70.0,110.0,144.32301330566406,-2.1443596377952328,1.770396230832367,-4.919914010079264,-2.979694315182828,-2.4954434429510672,0.8496066462017968,-1.0493574416119984,3.953914877280329,-0.4425550428530172,1.3237999857324263
70.0,110.0,155.14508056640625,-2.144416528898283,1.7532622941419214,-4.910340166670732,-3.045212005694971,-1.9538792327145715,0.8337103093690844,-1.0439633387742353,3.904955445319976,-0.4075869564763927,0.7623833671535221
70.0,110.0,143.10984802246094,-2.12152372765972,1.7759070491589155,-4.921210934277987,-3.037746976082181,-2.5069241983027912,0.8359730288312563,-1.0513346410286533,3.9704966115189175,-0.4514577169837582,1.3222452023535936
70.0,110.0,185.1563415527344,-1.1045015044881543,2.0394914040046315,-4.902741034330899,-3.033056741180545,-2.540287605300343,0.4607351206112166,-1.0469572497918882,4.320673939111806,-0.7875329213001536,0.6335255266750248
70.0,110.0,159.69412231445312,-2.21963507341297,1.850328278453232,-4.863205470948095,-3.7754689176902456,-3.045361023325458,0.837599674561319,-1.0212324909712558,3.56024233985072,-0.4482199517405474,0.7422656486335322
70.0,110.0,160.38934326171875,-2.1239526524329047,1.7532778008160277,-4.793683137872873,-2.992665936417859,-3.0883299703921034,0.7444479414625762,-1.0498487622640318,3.959048847339001,-0.7967959506285662,0.7170082799296202
70.0,110.0,144.43092346191406,-2.107725191092356,1.7743803765916235,-4.933081794911777,-3.033267723472639,-2.490858113750529,0.8383419907525931,-1.0517057267726182,3.965924439413369,-0.4498159594598801,1.3482254346252314
70.0,110.0,155.30633544921875,-2.110355142561264,1.7355664246072802,-4.897661520156259,-3.0945963635771343,-3.0647722813398968,0.8256285834289196,-1.0204516952792135,4.389633871132414,-0.4667985076585941,0.7287559592886229
70.0,110.0,158.0673828125,-2.13478528945232,1.8441109636686763,-4.929363763692761,-3.1294766675918138,-3.0546509867568057,1.330469986782295,-1.0107985278553162,3.543151829295136,-0.4498499097984712,0.7093224768745058
70.0,110.0,151.25607299804688,-2.172037136009037,1.7295055121999343,-4.886813252907739,-3.044272093932116,-2.527211347557737,0.8736419156014977,-1.0803740810791176,4.326682419773425,-0.4568381444550614,1.020613823807618
70.0,110.0,166.35174560546875,-2.1839826523029533,1.7317492785414006,-4.863157585567276,-3.029274897849917,-3.064382047472599,1.331655290503512,-1.1420135338704025,4.388284810045576,-0.4504803565165269,0.7005964702626328
70.0,110.0,165.263427734375,-2.025108824505472,1.819420873531608,-4.880777358367313,-3.048511178555349,-3.076473591889685,0.724041054625411,-1.045823708623605,4.79798916193166,-0.408550783489008,0.6991762171530035
70.0,110.0,152.64381408691406,-2.0901784363343694,1.7996446316242254,-4.899252706699094,-3.094029690512522,-3.0680854502609827,0.8332068551577954,-1.0239699127134063,3.974889820226194,-0.4553751126038328,0.7064393748489924
70.0,110.0,160.2692413330078,-1.055922459328694,1.7735920722761906,-4.937958133848109,-1.695201673496223,-3.064020344723154,0.8372423768827528,-1.0608401158966236,4.429729571994304,-0.4561175576200931,0.7202760905369371
70.0,111.0,157.60691833496094,-2.1221509371431435,1.8392303061078088,-4.902514539010984,-3.0864103908050646,-3.0538475418464337,0.8517324402109121,-1.0171489627324086,3.092931355225164,-0.4559853455206131,0.9824460715350812
70.0,111.0,161.15728759765625,-1.9534206856324816,1.7536378394229737,-4.890109816254475,-3.0956079319477503,-3.0662115030366284,0.8279698431872164,-1.019189610828445,4.304919778195342,-0.4515226464921155,0.7024576952550962
70.0,111.0,162.12002563476562,-2.064461842927496,1.7935466532309607,-4.901120978795082,-3.037351504864135,-2.9825109954659146,0.8614086155396931,-1.0144580723090246,3.120163282703889,-0.463391761074009,0.7101871668493809
70.0,111.0,143.00540161132812,-2.119691034602317,1.7814744207772772,-4.930504972533695,-3.031764091509753,-2.4887711209169288,0.8459029843175819,-1.0499725488278104,3.965826232506413,-0.4509873765580536,1.3221658626368595
70.0,111.0,144.31781005859375,-2.1183718111509235,1.7824889175291554,-4.916721713730179,-3.0741211661496464,-2.5122853682521367,0.8683803608261529,-1.0494629681917171,3.964318565101316,-0.4435379959978988,1.3165604796965384
70.0,111.0,164.93621826171875,-2.1286406472419426,1.7726202259592336,-4.917893485740647,-3.008888351317005,-2.408163680936534,1.452519633185451,-1.0310668488781076,3.9403096059370135,-0.4568035074932582,1.2368590655881495
70.0,111.0,156.08035278320312,-2.1580996450789263,1.728328627406782,-4.879695436337815,-3.0850529772078543,-3.06587044186364,0.8359929899162684,-1.015638048938622,3.5437633377229565,-0.4462973345896071,0.7233871726910266
70.0,111.0,149.0543975830078,-2.113924678909984,1.760447213516485,-4.892570835040236,-3.0163429020526284,-2.460513357511557,0.8577005817306997,-1.0448336275148562,3.9279150575515818,-0.4503412441133987,1.6582050468325922
70.0,111.0,143.54254150390625,-2.1043842527432632,1.78848586364357,-4.898376398986795,-3.0286081408857406,-2.476170556088456,0.8349792399895049,-1.048724442535665,3.968964775760409,-0.4509956805973525,1.3324704233270224
70.0,111.0,144.51522827148438,-2.144060832172081,1.7712082088934298,-4.893380504118484,-3.0007987864272687,-2.5196624767480027,0.8553075888356051,-1.0554020652660234,3.9726098019486233,-0.4544083046604929,1.3349029804223744
70.0,111.0,143.47088623046875,-2.1205333854355315,1.777428772434711,-4.907720679730896,-3.030676454468149,-2.497889185287401,0.8532737396068207,-1.0513492928599442,3.971906042395118,-0.4577386372774256,1.3177403018436935
70.0,111.0,152.52073669433594,-2.1810970799239944,1.791399982523752,-4.9278736082148615,-3.0220258270146245,-2.461518165487745,0.9342207894045216,-1.018076169757094,3.957273296830581,-0.4697704092207882,1.3330804779527117
70.0,111.0,143.07864379882812,-2.119514481658792,1.7752703658334068,-4.925570800161373,-3.0365036182503324,-2.4884600076656858,0.8371157498194297,-1.050911091343724,3.9705832476745626,-0.4510023998331023,1.3222486347838016
70.0,111.0,144.8362274169922,-2.135068576475593,1.782847473160455,-4.93348534676094,-3.081911421723256,-2.4855096009951008,0.8268098044350175,-1.0514175289399386,3.949830069719918,-0.4523406732957628,1.3135918856120643
70.0,111.0,177.90628051757812,-0.9480992037287066,1.6698462529856726,-4.92126265432442,-3.066282443454009,-3.048841576344093,1.9184003846581128,-1.029547548154336,4.407033002134062,-0.5675828178794807,0.7291447687456702
70.0,111.0,147.4257049560547,-2.0914620907609565,1.7424252853871125,-4.9429622279401295,-3.00450297477182,-2.4810343869771,0.8483430187584161,-1.0544480033191526,3.970498082774769,-0.4884107305585733,1.323950256397924
70.0,111.0,143.4422149658203,-2.108643099260973,1.7616501291132716,-4.892370780163157,-3.0047418260573355,-2.5087711353685416,0.8439239451706004,-1.0470563256911407,3.971666318580632,-0.4448628882784647,1.3220945316328958
70.0,111.0,159.85707092285156,-2.1261989322769184,1.7881131156507546,-4.812296070947325,-3.025789489037132,-2.4917545276807123,1.2463799160735238,-1.0233571541244506,4.304480526910858,-0.4100579254843168,0.6815145415097246
70.0,111.0,158.6701202392578,-2.1857370830077456,1.805632466204849,-4.940854356766674,-3.005138807218757,-3.0246378506615588,0.8536471484048354,-1.0576747830684972,4.365038786171499,-0.4655393619409302,1.8763462867536829
70.0,111.0,143.93894958496094,-2.120098751073954,1.7851352940718022,-4.934153986939586,-3.0290122976268283,-2.526437032709394,0.8534953488968039,-1.056542703092023,3.950745177651093,-0.4519288580651661,1.321580379432673
70.0,111.0,143.44993591308594,-2.120081159908569,1.7763193393895953,-4.912678369152475,-3.05526761194439,-2.5146204721000487,0.8460464398972949,-1.0539596589524975,3.9647987958992927,-0.4500826061369831,1.3246760800148316
70.0,111.0,144.7788543701172,-2.0731791186635697,1.765422762427568,-4.930259405367064,-3.034592514974982,-2.4821683609650047,0.8811996318453538,-1.0457762511069404,3.961798431139123,-0.4495738771691758,1.31321067266999
70.0,111.0,147.732666015625,-2.129226284493474,1.794948561183719,-4.928015957305518,-3.060761302254257,-2.4820283353734123,1.4189591683472205,-1.050654230389559,3.999420209945351,-0.4463595266217796,1.318098215826905
70.0,111.0,153.1660919189453,-2.121447798556532,1.8336876551817392,-4.9380753146679925,-3.094233202647145,-3.0649950223856144,0.8354321701101891,-1.021508757068139,3.955010029302585,-0.4447028575291981,0.7080551592072115
70.0,111.0,143.27627563476562,-2.126897598512854,1.7601086670410464,-4.935214898747253,-3.0127666640784816,-2.509441191233457,0.8438297571489485,-1.0495119686133865,3.963944045547365,-0.4514321086571501,1.3211110874163574
70.0,111.0,144.48789978027344,-2.141046964113209,1.771880474365917,-4.911381224157521,-3.040130457582591,-2.517262630056656,0.8055665997807893,-1.0369607176572375,3.977882256769657,-0.4549739669163189,1.3219810566530266
70.0,111.0,173.24264526367188,-2.9723143171659294,1.7467743343781554,-4.8583524109262815,-3.132584168219534,-3.071824124186589,0.826754586818778,-0.0913498623214759,4.733588269388097,-0.4036389269487243,0.6670874524596352
70.0,111.0,158.58740234375,-2.19743009848025,1.7549870770575804,-4.898472339029639,-3.032058110552738,-2.435447897929983,1.8156643454378143,-1.0749176924004848,3.9188793858058464,-0.4611947418582927,1.3724767532011335
70.0,111.0,144.17312622070312,-2.122925511447345,1.7682108005903368,-4.892860841612453,-2.9931664156385223,-2.5136175774043656,0.8474351537170295,-1.0495260142316798,3.9684615080268935,-0.4593006311663573,1.3177578130269203
70.0,111.0,149.43157958984375,-0.8419933087049012,1.7608593778721204,-4.9427412385297655,-3.035373689052569,-2.497148630148024,0.8338109072142155,-1.0516515932911217,3.9760024900753415,-0.4507563419346868,1.3061083477409132
70.0,111.0,145.24935913085938,-2.1234466229353863,1.785645062598677,-4.9092235486141,-3.013153273038255,-2.4880217739304897,0.8422117476866249,-1.0594200831223686,3.963751097227078,-0.4533392337226031,0.9979618851533588
70.0,111.0,143.6717071533203,-2.120154479264057,1.7865248916699132,-4.938454707201876,-3.008746998050617,-2.485794015148355,0.8488307098189117,-1.0556525848176082,3.974166791494963,-0.4522402059249736,1.319771364228035
70.0,111.0,144.82421875,-2.1264841201724813,1.769600265742386,-4.930586471837423,-3.03613468833276,-2.4884521275327214,0.8485880166617503,-1.0462345328585665,3.981837836162746,-0.4723529696341845,1.311208663761105
70.0,111.0,146.584716796875,-2.103115268970947,1.7773525520170366,-4.8991595252982325,-3.0347150506673737,-2.5711874065489764,0.8116258795517473,-1.035978714195854,3.971544582710554,-0.4467989748149475,1.6285298446205214
70.0,111.0,144.69705200195312,-2.1173216874920024,1.785565413683099,-4.932224024328839,-3.0459247788359574,-1.9747917064143776,0.8674389463673462,-1.0502060487295195,3.961320823392658,-0.4523166049787004,1.3419542646435556
70.0,111.0,143.25624084472656,-2.126201498395338,1.776447180426718,-4.911038367938904,-3.0189203841660275,-2.5141724623159933,0.8453948594086856,-1.0516125740393008,3.96882708303868,-0.4538285156769916,1.3222958490239185
70.0,111.0,144.32301330566406,-2.1443596377952328,1.770396230832367,-4.919914010079264,-2.979694315182828,-2.4954434429510672,0.8496066462017968,-1.0493574416119984,3.953914877280329,-0.4425550428530172,1.3237999857324263
70.0,111.0,155.14508056640625,-2.144416528898283,1.7532622941419214,-4.910340166670732,-3.045212005694971,-1.9538792327145715,0.8337103093690844,-1.0439633387742353,3.904955445319976,-0.4075869564763927,0.7623833671535221
70.0,111.0,142.96481323242188,-2.1221692364560094,1.7774399014377515,-4.927819197605345,-3.023361805895581,-2.4943936494295174,0.8436274998230786,-1.0491974135626647,3.959837044366032,-0.4509688648800353,1.3221099471924136
70.0,111.0,185.1563415527344,-1.1045015044881543,2.0394914040046315,-4.902741034330899,-3.033056741180545,-2.540287605300343,0.4607351206112166,-1.0469572497918882,4.320673939111806,-0.7875329213001536,0.6335255266750248
70.0,111.0,159.69412231445312,-2.21963507341297,1.850328278453232,-4.863205470948095,-3.7754689176902456,-3.045361023325458,0.837599674561319,-1.0212324909712558,3.56024233985072,-0.4482199517405474,0.7422656486335322
70.0,111.0,160.38934326171875,-2.1239526524329047,1.7532778008160277,-4.793683137872873,-2.992665936417859,-3.0883299703921034,0.7444479414625762,-1.0498487622640318,3.959048847339001,-0.7967959506285662,0.7170082799296202
70.0,111.0,143.48330688476562,-2.1354423409652945,1.7765901587160395,-4.949279465571805,-3.0273589285479323,-2.492650908935925,0.8500784646270673,-1.048556525793271,3.9671284546531247,-0.4493437837957955,1.3350167766588326
70.0,111.0,155.30633544921875,-2.110355142561264,1.7355664246072802,-4.897661520156259,-3.0945963635771343,-3.0647722813398968,0.8256285834289196,-1.0204516952792135,4.389633871132414,-0.4667985076585941,0.7287559592886229
70.0,111.0,158.0673828125,-2.13478528945232,1.8441109636686763,-4.929363763692761,-3.1294766675918138,-3.0546509867568057,1.330469986782295,-1.0107985278553162,3.543151829295136,-0.4498499097984712,0.7093224768745058
70.0,111.0,151.25607299804688,-2.172037136009037,1.7295055121999343,-4.886813252907739,-3.044272093932116,-2.527211347557737,0.8736419156014977,-1.0803740810791176,4.326682419773425,-0.4568381444550614,1.020613823807618
70.0,111.0,166.35174560546875,-2.1839826523029533,1.7317492785414006,-4.863157585567276,-3.029274897849917,-3.064382047472599,1.331655290503512,-1.1420135338704025,4.388284810045576,-0.4504803565165269,0.7005964702626328
70.0,111.0,165.263427734375,-2.025108824505472,1.819420873531608,-4.880777358367313,-3.048511178555349,-3.076473591889685,0.724041054625411,-1.045823708623605,4.79798916193166,-0.408550783489008,0.6991762171530035
70.0,111.0,152.64381408691406,-2.0901784363343694,1.7996446316242254,-4.899252706699094,-3.094029690512522,-3.0680854502609827,0.8332068551577954,-1.0239699127134063,3.974889820226194,-0.4553751126038328,0.7064393748489924
70.0,111.0,160.2692413330078,-1.055922459328694,1.7735920722761906,-4.937958133848109,-1.695201673496223,-3.064020344723154,0.8372423768827528,-1.0608401158966236,4.429729571994304,-0.4561175576200931,0.7202760905369371
70.0,112.0,157.60691833496094,-2.1221509371431435,1.8392303061078088,-4.902514539010984,-3.0864103908050646,-3.0538475418464337,0.8517324402109121,-1.0171489627324086,3.092931355225164,-0.4559853455206131,0.9824460715350812
70.0,112.0,161.15728759765625,-1.9534206856324816,1.7536378394229737,-4.890109816254475,-3.0956079319477503,-3.0662115030366284,0.8279698431872164,-1.019189610828445,4.304919778195342,-0.4515226464921155,0.7024576952550962
70.0,112.0,162.12002563476562,-2.064461842927496,1.7935466532309607,-4.901120978795082,-3.037351504864135,-2.9825109954659146,0.8614086155396931,-1.0144580723090246,3.120163282703889,-0.463391761074009,0.7101871668493809
70.0,112.0,143.00540161132812,-2.119691034602317,1.7814744207772772,-4.930504972533695,-3.031764091509753,-2.4887711209169288,0.8459029843175819,-1.0499725488278104,3.965826232506413,-0.4509873765580536,1.3221658626368595
70.0,112.0,143.9064483642578,-2.123351053533981,1.76613898821848,-4.941920641396238,-3.058988522093853,-2.501899321547654,0.8219821221487871,-1.0484444753990896,3.955082360188384,-0.454291419689879,1.3209496736059363
70.0,112.0,150.95826721191406,-2.1262525097823337,1.7737189882144293,-4.926724315985826,-3.0259742329384216,-2.437463469842107,1.4099652745982325,-1.0262765149084487,3.9233814230264574,-0.4512474950726279,1.609887845109697
70.0,112.0,156.08035278320312,-2.1580996450789263,1.728328627406782,-4.879695436337815,-3.0850529772078543,-3.06587044186364,0.8359929899162684,-1.015638048938622,3.5437633377229565,-0.4462973345896071,0.7233871726910266
70.0,112.0,149.0543975830078,-2.113924678909984,1.760447213516485,-4.892570835040236,-3.0163429020526284,-2.460513357511557,0.8577005817306997,-1.0448336275148562,3.9279150575515818,-0.4503412441133987,1.6582050468325922
70.0,112.0,143.54254150390625,-2.1043842527432632,1.78848586364357,-4.898376398986795,-3.0286081408857406,-2.476170556088456,0.8349792399895049,-1.048724442535665,3.968964775760409,-0.4509956805973525,1.3324704233270224
70.0,112.0,143.903564453125,-2.129523490861553,1.7643565645614865,-4.913345924550359,-3.010958053218561,-2.4967822530193824,0.8277112361163402,-1.057510453194168,3.9585873723302702,-0.4546580545682345,1.3141128987719592
70.0,112.0,143.47088623046875,-2.1205333854355315,1.777428772434711,-4.907720679730896,-3.030676454468149,-2.497889185287401,0.8532737396068207,-1.0513492928599442,3.971906042395118,-0.4577386372774256,1.3177403018436935
70.0,112.0,152.52073669433594,-2.1810970799239944,1.791399982523752,-4.9278736082148615,-3.0220258270146245,-2.461518165487745,0.9342207894045216,-1.018076169757094,3.957273296830581,-0.4697704092207882,1.3330804779527117
70.0,112.0,143.07864379882812,-2.119514481658792,1.7752703658334068,-4.925570800161373,-3.0365036182503324,-2.4884600076656858,0.8371157498194297,-1.050911091343724,3.9705832476745626,-0.4510023998331023,1.3222486347838016
70.0,112.0,144.3457489013672,-2.077685571546289,1.7631276348232443,-4.930560371461912,-3.0510935905957965,-2.48798108679933,0.8204024582067668,-1.0448174034042543,3.9681260235901497,-0.4533452101279996,1.3372861428764842
70.0,112.0,177.90628051757812,-0.9480992037287066,1.6698462529856726,-4.92126265432442,-3.066282443454009,-3.048841576344093,1.9184003846581128,-1.029547548154336,4.407033002134062,-0.5675828178794807,0.7291447687456702
70.0,112.0,145.30303955078125,-2.165837761246843,1.753848186985358,-4.932898829437654,-3.0033484520607634,-2.486200671765675,0.852990362333105,-1.047506499354727,3.964885895496055,-0.4727093779196787,1.3144911175819003
70.0,112.0,143.4422149658203,-2.108643099260973,1.7616501291132716,-4.892370780163157,-3.0047418260573355,-2.5087711353685416,0.8439239451706004,-1.0470563256911407,3.971666318580632,-0.4448628882784647,1.3220945316328958
70.0,112.0,152.90716552734375,-2.117893970122947,1.759930841852933,-4.923615504679653,-3.023564479556255,-2.4803947828493693,1.2964270728775538,-1.02303775852857,3.570033718543673,-0.4450066944608381,0.9593812749885346
70.0,112.0,158.6701202392578,-2.1857370830077456,1.805632466204849,-4.940854356766674,-3.005138807218757,-3.0246378506615588,0.8536471484048354,-1.0576747830684972,4.365038786171499,-0.4655393619409302,1.8763462867536829
70.0,112.0,143.93894958496094,-2.120098751073954,1.7851352940718022,-4.934153986939586,-3.0290122976268283,-2.526437032709394,0.8534953488968039,-1.056542703092023,3.950745177651093,-0.4519288580651661,1.321580379432673
70.0,112.0,143.44993591308594,-2.120081159908569,1.7763193393895953,-4.912678369152475,-3.05526761194439,-2.5146204721000487,0.8460464398972949,-1.0539596589524975,3.9647987958992927,-0.4500826061369831,1.3246760800148316
70.0,112.0,143.687744140625,-2.119135877622995,1.7858790535117344,-4.926297384148498,-3.0223549026938223,-2.483472264448057,0.867004155890277,-1.0451223867711854,3.9505637829294233,-0.4488945299303529,1.3200439423841328
70.0,112.0,147.732666015625,-2.129226284493474,1.794948561183719,-4.928015957305518,-3.060761302254257,-2.4820283353734123,1.4189591683472205,-1.050654230389559,3.999420209945351,-0.4463595266217796,1.318098215826905
70.0,112.0,153.1660919189453,-2.121447798556532,1.8336876551817392,-4.9380753146679925,-3.094233202647145,-3.0649950223856144,0.8354321701101891,-1.021508757068139,3.955010029302585,-0.4447028575291981,0.7080551592072115
70.0,112.0,143.27627563476562,-2.126897598512854,1.7601086670410464,-4.935214898747253,-3.0127666640784816,-2.509441191233457,0.8438297571489485,-1.0495119686133865,3.963944045547365,-0.4514321086571501,1.3211110874163574
70.0,112.0,144.48789978027344,-2.141046964113209,1.771880474365917,-4.911381224157521,-3.040130457582591,-2.517262630056656,0.8055665997807893,-1.0369607176572375,3.977882256769657,-0.4549739669163189,1.3219810566530266
70.0,112.0,173.24264526367188,-2.9723143171659294,1.7467743343781554,-4.8583524109262815,-3.132584168219534,-3.071824124186589,0.826754586818778,-0.0913498623214759,4.733588269388097,-0.4036389269487243,0.6670874524596352
70.0,112.0,158.58740234375,-2.19743009848025,1.7549870770575804,-4.898472339029639,-3.032058110552738,-2.435447897929983,1.8156643454378143,-1.0749176924004848,3.9188793858058464,-0.4611947418582927,1.3724767532011335
70.0,112.0,144.17312622070312,-2.122925511447345,1.7682108005903368,-4.892860841612453,-2.9931664156385223,-2.5136175774043656,0.8474351537170295,-1.0495260142316798,3.9684615080268935,-0.4593006311663573,1.3177578130269203
70.0,112.0,143.6717529296875,-2.156491978467087,1.7848226430137946,-4.937289081138338,-3.015584518911508,-2.4952668236488216,0.8392536062907989,-1.048874207228421,3.9749121325547967,-0.4509797059062946,1.3121867831926637
70.0,112.0,145.24935913085938,-2.1234466229353863,1.785645062598677,-4.9092235486141,-3.013153273038255,-2.4880217739304897,0.8422117476866249,-1.0594200831223686,3.963751097227078,-0.4533392337226031,0.9979618851533588
70.0,112.0,143.6717071533203,-2.120154479264057,1.7865248916699132,-4.938454707201876,-3.008746998050617,-2.485794015148355,0.8488307098189117,-1.0556525848176082,3.974166791494963,-0.4522402059249736,1.319771364228035
70.0,112.0,144.82421875,-2.1264841201724813,1.769600265742386,-4.930586471837423,-3.03613468833276,-2.4884521275327214,0.8485880166617503,-1.0462345328585665,3.981837836162746,-0.4723529696341845,1.311208663761105
70.0,112.0,146.584716796875,-2.103115268970947,1.7773525520170366,-4.8991595252982325,-3.0347150506673737,-2.5711874065489764,0.8116258795517473,-1.035978714195854,3.971544582710554,-0.4467989748149475,1.6285298446205214
70.0,112.0,144.69705200195312,-2.1173216874920024,1.785565413683099,-4.932224024328839,-3.0459247788359574,-1.9747917064143776,0.8674389463673462,-1.0502060487295195,3.961320823392658,-0.4523166049787004,1.3419542646435556
70.0,112.0,143.25624084472656,-2.126201498395338,1.776447180426718,-4.911038367938904,-3.0189203841660275,-2.5141724623159933,0.8453948594086856,-1.0516125740393008,3.96882708303868,-0.4538285156769916,1.3222958490239185
70.0,112.0,144.32301330566406,-2.1443596377952328,1.770396230832367,-4.919914010079264,-2.979694315182828,-2.4954434429510672,0.8496066462017968,-1.0493574416119984,3.953914877280329,-0.4425550428530172,1.3237999857324263
70.0,112.0,155.14508056640625,-2.144416528898283,1.7532622941419214,-4.910340166670732,-3.045212005694971,-1.9538792327145715,0.8337103093690844,-1.0439633387742353,3.904955445319976,-0.4075869564763927,0.7623833671535221
70.0,112.0,142.96481323242188,-2.1221692364560094,1.7774399014377515,-4.927819197605345,-3.023361805895581,-2.4943936494295174,0.8436274998230786,-1.0491974135626647,3.959837044366032,-0.4509688648800353,1.3221099471924136
70.0,112.0,185.1563415527344,-1.1045015044881543,2.0394914040046315,-4.902741034330899,-3.033056741180545,-2.540287605300343,0.4607351206112166,-1.0469572497918882,4.320673939111806,-0.7875329213001536,0.6335255266750248
70.0,112.0,159.69412231445312,-2.21963507341297,1.850328278453232,-4.863205470948095,-3.7754689176902456,-3.045361023325458,0.837599674561319,-1.0212324909712558,3.56024233985072,-0.4482199517405474,0.7422656486335322
70.0,112.0,160.38934326171875,-2.1239526524329047,1.7532778008160277,-4.793683137872873,-2.992665936417859,-3.0883299703921034,0.7444479414625762,-1.0498487622640318,3.959048847339001,-0.7967959506285662,0.7170082799296202
70.0,112.0,143.48330688476562,-2.1354423409652945,1.7765901587160395,-4.949279465571805,-3.0273589285479323,-2.492650908935925,0.8500784646270673,-1.048556525793271,3.9671284546531247,-0.4493437837957955,1.3350167766588326
70.0,112.0,155.30633544921875,-2.110355142561264,1.7355664246072802,-4.897661520156259,-3.0945963635771343,-3.0647722813398968,0.8256285834289196,-1.0204516952792135,4.389633871132414,-0.4667985076585941,0.7287559592886229
70.0,112.0,158.0673828125,-2.13478528945232,1.8441109636686763,-4.929363763692761,-3.1294766675918138,-3.0546509867568057,1.330469986782295,-1.0107985278553162,3.543151829295136,-0.4498499097984712,0.7093224768745058
70.0,112.0,151.25607299804688,-2.172037136009037,1.7295055121999343,-4.886813252907739,-3.044272093932116,-2.527211347557737,0.8736419156014977,-1.0803740810791176,4.326682419773425,-0.4568381444550614,1.020613823807618
70.0,112.0,166.35174560546875,-2.1839826523029533,1.7317492785414006,-4.863157585567276,-3.029274897849917,-3.064382047472599,1.331655290503512,-1.1420135338704025,4.388284810045576,-0.4504803565165269,0.7005964702626328
70.0,112.0,165.263427734375,-2.025108824505472,1.819420873531608,-4.880777358367313,-3.048511178555349,-3.076473591889685,0.724041054625411,-1.045823708623605,4.79798916193166,-0.408550783489008,0.6991762171530035
70.0,112.0,150.5527801513672,-2.193360174400729,1.8419238292346976,-4.926456125918083,-2.95877923886833,-2.5030407136675787,0.8371443652596852,-1.047130536012119,3.943601305021193,-0.4524206509976466,0.9861369936216592
70.0,112.0,160.2692413330078,-1.055922459328694,1.7735920722761906,-4.937958133848109,-1.695201673496223,-3.064020344723154,0.8372423768827528,-1.0608401158966236,4.429729571994304,-0.4561175576200931,0.7202760905369371
70.0,113.0,157.60691833496094,-2.1221509371431435,1.8392303061078088,-4.902514539010984,-3.0864103908050646,-3.0538475418464337,0.8517324402109121,-1.0171489627324086,3.092931355225164,-0.4559853455206131,0.9824460715350812
70.0,113.0,161.15728759765625,-1.9534206856324816,1.7536378394229737,-4.890109816254475,-3.0956079319477503,-3.0662115030366284,0.8279698431872164,-1.019189610828445,4.304919778195342,-0.4515226464921155,0.7024576952550962
70.0,113.0,160.74684143066406,-2.1944465028430127,1.7831262099553733,-4.953677423767122,-3.021872210020095,-3.0300008998123946,0.8437417309743742,-1.0057360163064937,4.051832972120548,-0.4467352833444877,1.3621030377820014
70.0,113.0,143.00540161132812,-2.119691034602317,1.7814744207772772,-4.930504972533695,-3.031764091509753,-2.4887711209169288,0.8459029843175819,-1.0499725488278104,3.965826232506413,-0.4509873765580536,1.3221658626368595
70.0,113.0,143.3863525390625,-2.123203032730144,1.786505691998899,-4.948416899804335,-3.044215644266625,-2.4857022626721763,0.8441252811058232,-1.0482778872856988,3.955905170627744,-0.4518393524879363,1.3248112849709568
70.0,113.0,150.95826721191406,-2.1262525097823337,1.7737189882144293,-4.926724315985826,-3.0259742329384216,-2.437463469842107,1.4099652745982325,-1.0262765149084487,3.9233814230264574,-0.4512474950726279,1.609887845109697
70.0,113.0,156.08035278320312,-2.1580996450789263,1.728328627406782,-4.879695436337815,-3.0850529772078543,-3.06587044186364,0.8359929899162684,-1.015638048938622,3.5437633377229565,-0.4462973345896071,0.7233871726910266
70.0,113.0,145.83074951171875,-2.1182021524849444,1.8078905911135548,-4.935700425047287,-2.9794937688851824,-2.4827301949732017,0.8507230196630945,-1.052661683502819,3.970937820545013,-0.4537632926829645,1.6362450208066313
70.0,113.0,143.54254150390625,-2.1043842527432632,1.78848586364357,-4.898376398986795,-3.0286081408857406,-2.476170556088456,0.8349792399895049,-1.048724442535665,3.968964775760409,-0.4509956805973525,1.3324704233270224
70.0,113.0,143.32992553710938,-2.1320939182375707,1.7675330970306782,-4.91164592218463,-3.0231316808281448,-2.4862870451226566,0.8218630997735542,-1.0409768230187268,3.9560906832006055,-0.4485415456566896,1.3217370617138429
70.0,113.0,143.47088623046875,-2.1205333854355315,1.777428772434711,-4.907720679730896,-3.030676454468149,-2.497889185287401,0.8532737396068207,-1.0513492928599442,3.971906042395118,-0.4577386372774256,1.3177403018436935
70.0,113.0,152.52073669433594,-2.1810970799239944,1.791399982523752,-4.9278736082148615,-3.0220258270146245,-2.461518165487745,0.9342207894045216,-1.018076169757094,3.957273296830581,-0.4697704092207882,1.3330804779527117
70.0,113.0,142.94737243652344,-2.120137615315529,1.777093561543708,-4.923711234006693,-3.026392272960111,-2.49050383027155,0.8465455107524812,-1.0493004710369247,3.963075486999918,-0.4508871262513568,1.3222507794584584
70.0,113.0,144.3457489013672,-2.077685571546289,1.7631276348232443,-4.930560371461912,-3.0510935905957965,-2.48798108679933,0.8204024582067668,-1.0448174034042543,3.9681260235901497,-0.4533452101279996,1.3372861428764842
70.0,113.0,177.90628051757812,-0.9480992037287066,1.6698462529856726,-4.92126265432442,-3.066282443454009,-3.048841576344093,1.9184003846581128,-1.029547548154336,4.407033002134062,-0.5675828178794807,0.7291447687456702
70.0,113.0,144.6150360107422,-2.16974090874355,1.7334914710593945,-4.921784336869135,-3.022668592675744,-2.499348134538314,0.847531778228662,-1.048036117608358,3.962699219943727,-0.4428084017536994,1.3095804870796952
70.0,113.0,143.33677673339844,-2.111889391388492,1.7776022267693832,-4.90111277439441,-3.0103721951161937,-2.480132180793465,0.8376872407282056,-1.0478546679155822,3.971364592218685,-0.4511612064736338,1.32337497376718
70.0,113.0,152.90716552734375,-2.117893970122947,1.759930841852933,-4.923615504679653,-3.023564479556255,-2.4803947828493693,1.2964270728775538,-1.02303775852857,3.570033718543673,-0.4450066944608381,0.9593812749885346
70.0,113.0,158.6701202392578,-2.1857370830077456,1.805632466204849,-4.940854356766674,-3.005138807218757,-3.0246378506615588,0.8536471484048354,-1.0576747830684972,4.365038786171499,-0.4655393619409302,1.8763462867536829
70.0,113.0,143.93894958496094,-2.120098751073954,1.7851352940718022,-4.934153986939586,-3.0290122976268283,-2.526437032709394,0.8534953488968039,-1.056542703092023,3.950745177651093,-0.4519288580651661,1.321580379432673
70.0,113.0,143.44993591308594,-2.120081159908569,1.7763193393895953,-4.912678369152475,-3.05526761194439,-2.5146204721000487,0.8460464398972949,-1.0539596589524975,3.9647987958992927,-0.4500826061369831,1.3246760800148316
70.0,113.0,143.687744140625,-2.119135877622995,1.7858790535117344,-4.926297384148498,-3.0223549026938223,-2.483472264448057,0.867004155890277,-1.0451223867711854,3.9505637829294233,-0.4488945299303529,1.3200439423841328
70.0,113.0,147.732666015625,-2.129226284493474,1.794948561183719,-4.928015957305518,-3.060761302254257,-2.4820283353734123,1.4189591683472205,-1.050654230389559,3.999420209945351,-0.4463595266217796,1.318098215826905
70.0,113.0,153.1660919189453,-2.121447798556532,1.8336876551817392,-4.9380753146679925,-3.094233202647145,-3.0649950223856144,0.8354321701101891,-1.021508757068139,3.955010029302585,-0.4447028575291981,0.7080551592072115
70.0,113.0,143.27627563476562,-2.126897598512854,1.7601086670410464,-4.935214898747253,-3.0127666640784816,-2.509441191233457,0.8438297571489485,-1.0495119686133865,3.963944045547365,-0.4514321086571501,1.3211110874163574
70.0,113.0,144.48789978027344,-2.141046964113209,1.771880474365917,-4.911381224157521,-3.040130457582591,-2.517262630056656,0.8055665997807893,-1.0369607176572375,3.977882256769657,-0.4549739669163189,1.3219810566530266
70.0,113.0,173.24264526367188,-2.9723143171659294,1.7467743343781554,-4.8583524109262815,-3.132584168219534,-3.071824124186589,0.826754586818778,-0.0913498623214759,4.733588269388097,-0.4036389269487243,0.6670874524596352
70.0,113.0,158.58740234375,-2.19743009848025,1.7549870770575804,-4.898472339029639,-3.032058110552738,-2.435447897929983,1.8156643454378143,-1.0749176924004848,3.9188793858058464,-0.4611947418582927,1.3724767532011335
70.0,113.0,144.17312622070312,-2.122925511447345,1.7682108005903368,-4.892860841612453,-2.9931664156385223,-2.5136175774043656,0.8474351537170295,-1.0495260142316798,3.9684615080268935,-0.4593006311663573,1.3177578130269203
70.0,113.0,143.6717529296875,-2.156491978467087,1.7848226430137946,-4.937289081138338,-3.015584518911508,-2.4952668236488216,0.8392536062907989,-1.048874207228421,3.9749121325547967,-0.4509797059062946,1.3121867831926637
70.0,113.0,145.24935913085938,-2.1234466229353863,1.785645062598677,-4.9092235486141,-3.013153273038255,-2.4880217739304897,0.8422117476866249,-1.0594200831223686,3.963751097227078,-0.4533392337226031,0.9979618851533588
70.0,113.0,143.19265747070312,-2.126404532866061,1.7674415956665304,-4.925976432298107,-3.0410638526315643,-2.488093306590283,0.8465221578659194,-1.0516599132707027,3.973948861493135,-0.4488286637838889,1.3218427540694384
70.0,113.0,144.82421875,-2.1264841201724813,1.769600265742386,-4.930586471837423,-3.03613468833276,-2.4884521275327214,0.8485880166617503,-1.0462345328585665,3.981837836162746,-0.4723529696341845,1.311208663761105
70.0,113.0,146.584716796875,-2.103115268970947,1.7773525520170366,-4.8991595252982325,-3.0347150506673737,-2.5711874065489764,0.8116258795517473,-1.035978714195854,3.971544582710554,-0.4467989748149475,1.6285298446205214
70.0,113.0,144.69705200195312,-2.1173216874920024,1.785565413683099,-4.932224024328839,-3.0459247788359574,-1.9747917064143776,0.8674389463673462,-1.0502060487295195,3.961320823392658,-0.4523166049787004,1.3419542646435556
70.0,113.0,143.25624084472656,-2.126201498395338,1.776447180426718,-4.911038367938904,-3.0189203841660275,-2.5141724623159933,0.8453948594086856,-1.0516125740393008,3.96882708303868,-0.4538285156769916,1.3222958490239185
70.0,113.0,144.32301330566406,-2.1443596377952328,1.770396230832367,-4.919914010079264,-2.979694315182828,-2.4954434429510672,0.8496066462017968,-1.0493574416119984,3.953914877280329,-0.4425550428530172,1.3237999857324263
70.0,113.0,155.14508056640625,-2.144416528898283,1.7532622941419214,-4.910340166670732,-3.045212005694971,-1.9538792327145715,0.8337103093690844,-1.0439633387742353,3.904955445319976,-0.4075869564763927,0.7623833671535221
70.0,113.0,142.96481323242188,-2.1221692364560094,1.7774399014377515,-4.927819197605345,-3.023361805895581,-2.4943936494295174,0.8436274998230786,-1.0491974135626647,3.959837044366032,-0.4509688648800353,1.3221099471924136
70.0,113.0,185.1563415527344,-1.1045015044881543,2.0394914040046315,-4.902741034330899,-3.033056741180545,-2.540287605300343,0.4607351206112166,-1.0469572497918882,4.320673939111806,-0.7875329213001536,0.6335255266750248
70.0,113.0,159.69412231445312,-2.21963507341297,1.850328278453232,-4.863205470948095,-3.7754689176902456,-3.045361023325458,0.837599674561319,-1.0212324909712558,3.56024233985072,-0.4482199517405474,0.7422656486335322
70.0,113.0,160.38934326171875,-2.1239526524329047,1.7532778008160277,-4.793683137872873,-2.992665936417859,-3.0883299703921034,0.7444479414625762,-1.0498487622640318,3.959048847339001,-0.7967959506285662,0.7170082799296202
70.0,113.0,143.48330688476562,-2.1354423409652945,1.7765901587160395,-4.949279465571805,-3.0273589285479323,-2.492650908935925,0.8500784646270673,-1.048556525793271,3.9671284546531247,-0.4493437837957955,1.3350167766588326
70.0,113.0,155.30633544921875,-2.110355142561264,1.7355664246072802,-4.897661520156259,-3.0945963635771343,-3.0647722813398968,0.8256285834289196,-1.0204516952792135,4.389633871132414,-0.4667985076585941,0.7287559592886229
70.0,113.0,158.0673828125,-2.13478528945232,1.8441109636686763,-4.929363763692761,-3.1294766675918138,-3.0546509867568057,1.330469986782295,-1.0107985278553162,3.543151829295136,-0.4498499097984712,0.7093224768745058
70.0,113.0,151.25607299804688,-2.172037136009037,1.7295055121999343,-4.886813252907739,-3.044272093932116,-2.527211347557737,0.8736419156014977,-1.0803740810791176,4.326682419773425,-0.4568381444550614,1.020613823807618
70.0,113.0,166.35174560546875,-2.1839826523029533,1.7317492785414006,-4.863157585567276,-3.029274897849917,-3.064382047472599,1.331655290503512,-1.1420135338704025,4.388284810045576,-0.4504803565165269,0.7005964702626328
70.0,113.0,165.263427734375,-2.025108824505472,1.819420873531608,-4.880777358367313,-3.048511178555349,-3.076473591889685,0.724041054625411,-1.045823708623605,4.79798916193166,-0.408550783489008,0.6991762171530035
70.0,113.0,150.5527801513672,-2.193360174400729,1.8419238292346976,-4.926456125918083,-2.95877923886833,-2.5030407136675787,0.8371443652596852,-1.047130536012119,3.943601305021193,-0.4524206509976466,0.9861369936216592
70.0,113.0,160.2692413330078,-1.055922459328694,1.7735920722761906,-4.937958133848109,-1.695201673496223,-3.064020344723154,0.8372423768827528,-1.0608401158966236,4.429729571994304,-0.4561175576200931,0.7202760905369371
70.0,114.0,157.60691833496094,-2.1221509371431435,1.8392303061078088,-4.902514539010984,-3.0864103908050646,-3.0538475418464337,0.8517324402109121,-1.0171489627324086,3.092931355225164,-0.4559853455206131,0.9824460715350812
70.0,114.0,161.15728759765625,-1.9534206856324816,1.7536378394229737,-4.890109816254475,-3.0956079319477503,-3.0662115030366284,0.8279698431872164,-1.019189610828445,4.304919778195342,-0.4515226464921155,0.7024576952550962
70.0,114.0,160.74684143066406,-2.1944465028430127,1.7831262099553733,-4.953677423767122,-3.021872210020095,-3.0300008998123946,0.8437417309743742,-1.0057360163064937,4.051832972120548,-0.4467352833444877,1.3621030377820014
70.0,114.0,143.00540161132812,-2.119691034602317,1.7814744207772772,-4.930504972533695,-3.031764091509753,-2.4887711209169288,0.8459029843175819,-1.0499725488278104,3.965826232506413,-0.4509873765580536,1.3221658626368595
70.0,114.0,143.3863525390625,-2.123203032730144,1.786505691998899,-4.948416899804335,-3.044215644266625,-2.4857022626721763,0.8441252811058232,-1.0482778872856988,3.955905170627744,-0.4518393524879363,1.3248112849709568
70.0,114.0,150.95826721191406,-2.1262525097823337,1.7737189882144293,-4.926724315985826,-3.0259742329384216,-2.437463469842107,1.4099652745982325,-1.0262765149084487,3.9233814230264574,-0.4512474950726279,1.609887845109697
70.0,114.0,156.08035278320312,-2.1580996450789263,1.728328627406782,-4.879695436337815,-3.0850529772078543,-3.06587044186364,0.8359929899162684,-1.015638048938622,3.5437633377229565,-0.4462973345896071,0.7233871726910266
70.0,114.0,145.83074951171875,-2.1182021524849444,1.8078905911135548,-4.935700425047287,-2.9794937688851824,-2.4827301949732017,0.8507230196630945,-1.052661683502819,3.970937820545013,-0.4537632926829645,1.6362450208066313
70.0,114.0,143.54254150390625,-2.1043842527432632,1.78848586364357,-4.898376398986795,-3.0286081408857406,-2.476170556088456,0.8349792399895049,-1.048724442535665,3.968964775760409,-0.4509956805973525,1.3324704233270224
70.0,114.0,143.32992553710938,-2.1320939182375707,1.7675330970306782,-4.91164592218463,-3.0231316808281448,-2.4862870451226566,0.8218630997735542,-1.0409768230187268,3.9560906832006055,-0.4485415456566896,1.3217370617138429
70.0,114.0,143.47088623046875,-2.1205333854355315,1.777428772434711,-4.907720679730896,-3.030676454468149,-2.497889185287401,0.8532737396068207,-1.0513492928599442,3.971906042395118,-0.4577386372774256,1.3177403018436935
70.0,114.0,152.52073669433594,-2.1810970799239944,1.791399982523752,-4.9278736082148615,-3.0220258270146245,-2.461518165487745,0.9342207894045216,-1.018076169757094,3.957273296830581,-0.4697704092207882,1.3330804779527117
70.0,114.0,142.94737243652344,-2.120137615315529,1.777093561543708,-4.923711234006693,-3.026392272960111,-2.49050383027155,0.8465455107524812,-1.0493004710369247,3.963075486999918,-0.4508871262513568,1.3222507794584584
70.0,114.0,143.77976989746094,-2.090505492232815,1.7746837755457456,-4.927630124357569,-3.0560179816904194,-2.484891176152149,0.8273372251040916,-1.050737962835111,3.954398361079628,-0.4518568018256002,1.3213216143176292
70.0,114.0,177.90628051757812,-0.9480992037287066,1.6698462529856726,-4.92126265432442,-3.066282443454009,-3.048841576344093,1.9184003846581128,-1.029547548154336,4.407033002134062,-0.5675828178794807,0.7291447687456702
70.0,114.0,144.22543334960938,-2.062769038302084,1.7370545875966723,-4.918144722378447,-3.0334417911618914,-2.503214527976088,0.8433359873743543,-1.048950888413175,3.9625548894568063,-0.4450995383345101,1.315238010123126
70.0,114.0,143.29466247558594,-2.124220080174026,1.786790745227112,-4.916188384337593,-3.0290843044732885,-2.473314423875236,0.8493044974476724,-1.048516681845207,3.967746009901164,-0.4529412248969445,1.3232222213059648
70.0,114.0,149.86083984375,-2.12290973532822,1.7678672280638843,-4.933681346827862,-3.0281690041240785,-2.4860633919118627,0.9010736490337464,-1.0043492977172703,4.342770552392945,-0.4457589969867184,1.2979840525979809
70.0,114.0,158.6701202392578,-2.1857370830077456,1.805632466204849,-4.940854356766674,-3.005138807218757,-3.0246378506615588,0.8536471484048354,-1.0576747830684972,4.365038786171499,-0.4655393619409302,1.8763462867536829
70.0,114.0,143.79006958007812,-2.119151549743341,1.777483760867505,-4.939458730128919,-3.033089858492477,-2.535839277924609,0.846765933595472,-1.053592886798372,3.957081615897356,-0.451363636615812,1.32248298589851
70.0,114.0,143.44993591308594,-2.120081159908569,1.7763193393895953,-4.912678369152475,-3.05526761194439,-2.5146204721000487,0.8460464398972949,-1.0539596589524975,3.9647987958992927,-0.4500826061369831,1.3246760800148316
70.0,114.0,143.687744140625,-2.119135877622995,1.7858790535117344,-4.926297384148498,-3.0223549026938223,-2.483472264448057,0.867004155890277,-1.0451223867711854,3.9505637829294233,-0.4488945299303529,1.3200439423841328
70.0,114.0,147.732666015625,-2.129226284493474,1.794948561183719,-4.928015957305518,-3.060761302254257,-2.4820283353734123,1.4189591683472205,-1.050654230389559,3.999420209945351,-0.4463595266217796,1.318098215826905
70.0,114.0,153.1660919189453,-2.121447798556532,1.8336876551817392,-4.9380753146679925,-3.094233202647145,-3.0649950223856144,0.8354321701101891,-1.021508757068139,3.955010029302585,-0.4447028575291981,0.7080551592072115
70.0,114.0,143.02806091308594,-2.121988804978387,1.7776758697998922,-4.930613960040098,-3.0291781664192454,-2.497025317487899,0.8342657644221573,-1.0502174106138844,3.968124081372325,-0.4510296526161787,1.3220300479887914
70.0,114.0,144.48789978027344,-2.141046964113209,1.771880474365917,-4.911381224157521,-3.040130457582591,-2.517262630056656,0.8055665997807893,-1.0369607176572375,3.977882256769657,-0.4549739669163189,1.3219810566530266
70.0,114.0,173.24264526367188,-2.9723143171659294,1.7467743343781554,-4.8583524109262815,-3.132584168219534,-3.071824124186589,0.826754586818778,-0.0913498623214759,4.733588269388097,-0.4036389269487243,0.6670874524596352
70.0,114.0,153.72666931152344,-2.1718213837580027,1.7598643484766312,-4.933747460194611,-3.037144370880392,-2.6158834513159235,0.840472828086704,-1.0973953149184077,3.9428845054734976,-0.4590875703669289,1.3318797186333569
70.0,114.0,144.17312622070312,-2.122925511447345,1.7682108005903368,-4.892860841612453,-2.9931664156385223,-2.5136175774043656,0.8474351537170295,-1.0495260142316798,3.9684615080268935,-0.4593006311663573,1.3177578130269203
70.0,114.0,143.6717529296875,-2.156491978467087,1.7848226430137946,-4.937289081138338,-3.015584518911508,-2.4952668236488216,0.8392536062907989,-1.048874207228421,3.9749121325547967,-0.4509797059062946,1.3121867831926637
70.0,114.0,145.24935913085938,-2.1234466229353863,1.785645062598677,-4.9092235486141,-3.013153273038255,-2.4880217739304897,0.8422117476866249,-1.0594200831223686,3.963751097227078,-0.4533392337226031,0.9979618851533588
70.0,114.0,143.11253356933594,-2.113762815218416,1.7606754062654393,-4.917263786602303,-3.047403702054,-2.4895230484095423,0.8448896758145281,-1.0457960844274317,3.9695965328396,-0.4491318475713507,1.3221272742905803
70.0,114.0,144.82421875,-2.1264841201724813,1.769600265742386,-4.930586471837423,-3.03613468833276,-2.4884521275327214,0.8485880166617503,-1.0462345328585665,3.981837836162746,-0.4723529696341845,1.311208663761105
70.0,114.0,146.584716796875,-2.103115268970947,1.7773525520170366,-4.8991595252982325,-3.0347150506673737,-2.5711874065489764,0.8116258795517473,-1.035978714195854,3.971544582710554,-0.4467989748149475,1.6285298446205214
70.0,114.0,144.69705200195312,-2.1173216874920024,1.785565413683099,-4.932224024328839,-3.0459247788359574,-1.9747917064143776,0.8674389463673462,-1.0502060487295195,3.961320823392658,-0.4523166049787004,1.3419542646435556
70.0,114.0,143.25624084472656,-2.126201498395338,1.776447180426718,-4.911038367938904,-3.0189203841660275,-2.5141724623159933,0.8453948594086856,-1.0516125740393008,3.96882708303868,-0.4538285156769916,1.3222958490239185
70.0,114.0,144.32301330566406,-2.1443596377952328,1.770396230832367,-4.919914010079264,-2.979694315182828,-2.4954434429510672,0.8496066462017968,-1.0493574416119984,3.953914877280329,-0.4425550428530172,1.3237999857324263
70.0,114.0,155.14508056640625,-2.144416528898283,1.7532622941419214,-4.910340166670732,-3.045212005694971,-1.9538792327145715,0.8337103093690844,-1.0439633387742353,3.904955445319976,-0.4075869564763927,0.7623833671535221
70.0,114.0,142.96481323242188,-2.1221692364560094,1.7774399014377515,-4.927819197605345,-3.023361805895581,-2.4943936494295174,0.8436274998230786,-1.0491974135626647,3.959837044366032,-0.4509688648800353,1.3221099471924136
70.0,114.0,183.65969848632807,-1.5338700555787514,1.847762832114995,-4.9100535406756585,-2.976708588161438,-2.538712066989127,0.7725277183395802,-1.0434215777564533,4.28073311359245,-0.5229133794346381,1.0156653556004689
70.0,114.0,159.69412231445312,-2.21963507341297,1.850328278453232,-4.863205470948095,-3.7754689176902456,-3.045361023325458,0.837599674561319,-1.0212324909712558,3.56024233985072,-0.4482199517405474,0.7422656486335322
70.0,114.0,160.38934326171875,-2.1239526524329047,1.7532778008160277,-4.793683137872873,-2.992665936417859,-3.0883299703921034,0.7444479414625762,-1.0498487622640318,3.959048847339001,-0.7967959506285662,0.7170082799296202
70.0,114.0,143.48330688476562,-2.1354423409652945,1.7765901587160395,-4.949279465571805,-3.0273589285479323,-2.492650908935925,0.8500784646270673,-1.048556525793271,3.9671284546531247,-0.4493437837957955,1.3350167766588326
70.0,114.0,155.30633544921875,-2.110355142561264,1.7355664246072802,-4.897661520156259,-3.0945963635771343,-3.0647722813398968,0.8256285834289196,-1.0204516952792135,4.389633871132414,-0.4667985076585941,0.7287559592886229
70.0,114.0,158.0673828125,-2.13478528945232,1.8441109636686763,-4.929363763692761,-3.1294766675918138,-3.0546509867568057,1.330469986782295,-1.0107985278553162,3.543151829295136,-0.4498499097984712,0.7093224768745058
70.0,114.0,151.25607299804688,-2.172037136009037,1.7295055121999343,-4.886813252907739,-3.044272093932116,-2.527211347557737,0.8736419156014977,-1.0803740810791176,4.326682419773425,-0.4568381444550614,1.020613823807618
70.0,114.0,166.35174560546875,-2.1839826523029533,1.7317492785414006,-4.863157585567276,-3.029274897849917,-3.064382047472599,1.331655290503512,-1.1420135338704025,4.388284810045576,-0.4504803565165269,0.7005964702626328
70.0,114.0,165.263427734375,-2.025108824505472,1.819420873531608,-4.880777358367313,-3.048511178555349,-3.076473591889685,0.724041054625411,-1.045823708623605,4.79798916193166,-0.408550783489008,0.6991762171530035
70.0,114.0,150.5527801513672,-2.193360174400729,1.8419238292346976,-4.926456125918083,-2.95877923886833,-2.5030407136675787,0.8371443652596852,-1.047130536012119,3.943601305021193,-0.4524206509976466,0.9861369936216592
70.0,114.0,160.2692413330078,-1.055922459328694,1.7735920722761906,-4.937958133848109,-1.695201673496223,-3.064020344723154,0.8372423768827528,-1.0608401158966236,4.429729571994304,-0.4561175576200931,0.7202760905369371
70.0,115.0,157.60691833496094,-2.1221509371431435,1.8392303061078088,-4.902514539010984,-3.0864103908050646,-3.0538475418464337,0.8517324402109121,-1.0171489627324086,3.092931355225164,-0.4559853455206131,0.9824460715350812
70.0,115.0,161.15728759765625,-1.9534206856324816,1.7536378394229737,-4.890109816254475,-3.0956079319477503,-3.0662115030366284,0.8279698431872164,-1.019189610828445,4.304919778195342,-0.4515226464921155,0.7024576952550962
70.0,115.0,160.74684143066406,-2.1944465028430127,1.7831262099553733,-4.953677423767122,-3.021872210020095,-3.0300008998123946,0.8437417309743742,-1.0057360163064937,4.051832972120548,-0.4467352833444877,1.3621030377820014
70.0,115.0,143.00540161132812,-2.119691034602317,1.7814744207772772,-4.930504972533695,-3.031764091509753,-2.4887711209169288,0.8459029843175819,-1.0499725488278104,3.965826232506413,-0.4509873765580536,1.3221658626368595
70.0,115.0,143.3863525390625,-2.123203032730144,1.786505691998899,-4.948416899804335,-3.044215644266625,-2.4857022626721763,0.8441252811058232,-1.0482778872856988,3.955905170627744,-0.4518393524879363,1.3248112849709568
70.0,115.0,150.95826721191406,-2.1262525097823337,1.7737189882144293,-4.926724315985826,-3.0259742329384216,-2.437463469842107,1.4099652745982325,-1.0262765149084487,3.9233814230264574,-0.4512474950726279,1.609887845109697
70.0,115.0,156.08035278320312,-2.1580996450789263,1.728328627406782,-4.879695436337815,-3.0850529772078543,-3.06587044186364,0.8359929899162684,-1.015638048938622,3.5437633377229565,-0.4462973345896071,0.7233871726910266
70.0,115.0,145.83074951171875,-2.1182021524849444,1.8078905911135548,-4.935700425047287,-2.9794937688851824,-2.4827301949732017,0.8507230196630945,-1.052661683502819,3.970937820545013,-0.4537632926829645,1.6362450208066313
70.0,115.0,143.54254150390625,-2.1043842527432632,1.78848586364357,-4.898376398986795,-3.0286081408857406,-2.476170556088456,0.8349792399895049,-1.048724442535665,3.968964775760409,-0.4509956805973525,1.3324704233270224
70.0,115.0,143.1426239013672,-2.1109329548961138,1.769337828059831,-4.906223148779702,-3.0313467403574927,-2.4914156719983462,0.8407955008207395,-1.0520946929094257,3.963545811070603,-0.4525003235767205,1.3202834677275224
70.0,115.0,143.47088623046875,-2.1205333854355315,1.777428772434711,-4.907720679730896,-3.030676454468149,-2.497889185287401,0.8532737396068207,-1.0513492928599442,3.971906042395118,-0.4577386372774256,1.3177403018436935
70.0,115.0,152.52073669433594,-2.1810970799239944,1.791399982523752,-4.9278736082148615,-3.0220258270146245,-2.461518165487745,0.9342207894045216,-1.018076169757094,3.957273296830581,-0.4697704092207882,1.3330804779527117
70.0,115.0,142.94737243652344,-2.120137615315529,1.777093561543708,-4.923711234006693,-3.026392272960111,-2.49050383027155,0.8465455107524812,-1.0493004710369247,3.963075486999918,-0.4508871262513568,1.3222507794584584
70.0,115.0,143.77976989746094,-2.090505492232815,1.7746837755457456,-4.927630124357569,-3.0560179816904194,-2.484891176152149,0.8273372251040916,-1.050737962835111,3.954398361079628,-0.4518568018256002,1.3213216143176292
70.0,115.0,177.90628051757812,-0.9480992037287066,1.6698462529856726,-4.92126265432442,-3.066282443454009,-3.048841576344093,1.9184003846581128,-1.029547548154336,4.407033002134062,-0.5675828178794807,0.7291447687456702
70.0,115.0,143.7053985595703,-2.155057607924076,1.7496177030741231,-4.923794379005741,-3.0241191132931804,-2.5019500233622587,0.8430125141343748,-1.0500600911109323,3.9632213948337496,-0.4570614596344504,1.3252726133609525
70.0,115.0,143.07717895507812,-2.12008527517698,1.7901282299573753,-4.932327466704069,-3.033629165785748,-2.4887012538401443,0.8471793703447389,-1.0488739114314494,3.963991369225503,-0.4519777986942631,1.3221558174153036
70.0,115.0,149.86083984375,-2.12290973532822,1.7678672280638843,-4.933681346827862,-3.0281690041240785,-2.4860633919118627,0.9010736490337464,-1.0043492977172703,4.342770552392945,-0.4457589969867184,1.2979840525979809
70.0,115.0,158.6701202392578,-2.1857370830077456,1.805632466204849,-4.940854356766674,-3.005138807218757,-3.0246378506615588,0.8536471484048354,-1.0576747830684972,4.365038786171499,-0.4655393619409302,1.8763462867536829
70.0,115.0,143.2933349609375,-2.1203525686859868,1.777169025698231,-4.928499488842603,-3.0297698697712403,-2.469901837381152,0.8512021806158875,-1.0461327264851428,3.959982844588521,-0.4505524709994553,1.3222620643327747
70.0,115.0,143.44993591308594,-2.120081159908569,1.7763193393895953,-4.912678369152475,-3.05526761194439,-2.5146204721000487,0.8460464398972949,-1.0539596589524975,3.9647987958992927,-0.4500826061369831,1.3246760800148316
70.0,115.0,143.687744140625,-2.119135877622995,1.7858790535117344,-4.926297384148498,-3.0223549026938223,-2.483472264448057,0.867004155890277,-1.0451223867711854,3.9505637829294233,-0.4488945299303529,1.3200439423841328
70.0,115.0,147.732666015625,-2.129226284493474,1.794948561183719,-4.928015957305518,-3.060761302254257,-2.4820283353734123,1.4189591683472205,-1.050654230389559,3.999420209945351,-0.4463595266217796,1.318098215826905
70.0,115.0,153.1660919189453,-2.121447798556532,1.8336876551817392,-4.9380753146679925,-3.094233202647145,-3.0649950223856144,0.8354321701101891,-1.021508757068139,3.955010029302585,-0.4447028575291981,0.7080551592072115
70.0,115.0,143.0087432861328,-2.1181598625100886,1.7878476201200646,-4.922314525437352,-3.0270345669571865,-2.487922556341688,0.837447850963427,-1.0490322590194958,3.9644213115160536,-0.4508136788036335,1.3221944872381677
70.0,115.0,144.48789978027344,-2.141046964113209,1.771880474365917,-4.911381224157521,-3.040130457582591,-2.517262630056656,0.8055665997807893,-1.0369607176572375,3.977882256769657,-0.4549739669163189,1.3219810566530266
70.0,115.0,173.24264526367188,-2.9723143171659294,1.7467743343781554,-4.8583524109262815,-3.132584168219534,-3.071824124186589,0.826754586818778,-0.0913498623214759,4.733588269388097,-0.4036389269487243,0.6670874524596352
70.0,115.0,153.72666931152344,-2.1718213837580027,1.7598643484766312,-4.933747460194611,-3.037144370880392,-2.6158834513159235,0.840472828086704,-1.0973953149184077,3.9428845054734976,-0.4590875703669289,1.3318797186333569
70.0,115.0,144.07005310058594,-2.13968300607032,1.7763887034356476,-4.902887464820562,-3.057247004064985,-2.479521618497873,0.8619034642067464,-1.0489254430993644,3.963481051591389,-0.4552226627869735,1.3135102685359437
70.0,115.0,143.6717529296875,-2.156491978467087,1.7848226430137946,-4.937289081138338,-3.015584518911508,-2.4952668236488216,0.8392536062907989,-1.048874207228421,3.9749121325547967,-0.4509797059062946,1.3121867831926637
70.0,115.0,145.24935913085938,-2.1234466229353863,1.785645062598677,-4.9092235486141,-3.013153273038255,-2.4880217739304897,0.8422117476866249,-1.0594200831223686,3.963751097227078,-0.4533392337226031,0.9979618851533588
70.0,115.0,143.11253356933594,-2.113762815218416,1.7606754062654393,-4.917263786602303,-3.047403702054,-2.4895230484095423,0.8448896758145281,-1.0457960844274317,3.9695965328396,-0.4491318475713507,1.3221272742905803
70.0,115.0,144.82421875,-2.1264841201724813,1.769600265742386,-4.930586471837423,-3.03613468833276,-2.4884521275327214,0.8485880166617503,-1.0462345328585665,3.981837836162746,-0.4723529696341845,1.311208663761105
70.0,115.0,146.584716796875,-2.103115268970947,1.7773525520170366,-4.8991595252982325,-3.0347150506673737,-2.5711874065489764,0.8116258795517473,-1.035978714195854,3.971544582710554,-0.4467989748149475,1.6285298446205214
70.0,115.0,143.8277587890625,-2.1248830858866543,1.7802090878779313,-4.936753072080505,-3.0101865241049657,-1.9782824049959105,0.8420858723207358,-1.0500881416038224,3.96241728300316,-0.4534587791217112,1.321746580187323
70.0,115.0,143.25624084472656,-2.126201498395338,1.776447180426718,-4.911038367938904,-3.0189203841660275,-2.5141724623159933,0.8453948594086856,-1.0516125740393008,3.96882708303868,-0.4538285156769916,1.3222958490239185
70.0,115.0,144.32301330566406,-2.1443596377952328,1.770396230832367,-4.919914010079264,-2.979694315182828,-2.4954434429510672,0.8496066462017968,-1.0493574416119984,3.953914877280329,-0.4425550428530172,1.3237999857324263
70.0,115.0,155.14508056640625,-2.144416528898283,1.7532622941419214,-4.910340166670732,-3.045212005694971,-1.9538792327145715,0.8337103093690844,-1.0439633387742353,3.904955445319976,-0.4075869564763927,0.7623833671535221
70.0,115.0,142.96481323242188,-2.1221692364560094,1.7774399014377515,-4.927819197605345,-3.023361805895581,-2.4943936494295174,0.8436274998230786,-1.0491974135626647,3.959837044366032,-0.4509688648800353,1.3221099471924136
70.0,115.0,183.65969848632807,-1.5338700555787514,1.847762832114995,-4.9100535406756585,-2.976708588161438,-2.538712066989127,0.7725277183395802,-1.0434215777564533,4.28073311359245,-0.5229133794346381,1.0156653556004689
70.0,115.0,159.69412231445312,-2.21963507341297,1.850328278453232,-4.863205470948095,-3.7754689176902456,-3.045361023325458,0.837599674561319,-1.0212324909712558,3.56024233985072,-0.4482199517405474,0.7422656486335322
70.0,115.0,160.38934326171875,-2.1239526524329047,1.7532778008160277,-4.793683137872873,-2.992665936417859,-3.0883299703921034,0.7444479414625762,-1.0498487622640318,3.959048847339001,-0.7967959506285662,0.7170082799296202
70.0,115.0,143.48330688476562,-2.1354423409652945,1.7765901587160395,-4.949279465571805,-3.0273589285479323,-2.492650908935925,0.8500784646270673,-1.048556525793271,3.9671284546531247,-0.4493437837957955,1.3350167766588326
70.0,115.0,155.30633544921875,-2.110355142561264,1.7355664246072802,-4.897661520156259,-3.0945963635771343,-3.0647722813398968,0.8256285834289196,-1.0204516952792135,4.389633871132414,-0.4667985076585941,0.7287559592886229
70.0,115.0,158.0673828125,-2.13478528945232,1.8441109636686763,-4.929363763692761,-3.1294766675918138,-3.0546509867568057,1.330469986782295,-1.0107985278553162,3.543151829295136,-0.4498499097984712,0.7093224768745058
70.0,115.0,151.25607299804688,-2.172037136009037,1.7295055121999343,-4.886813252907739,-3.044272093932116,-2.527211347557737,0.8736419156014977,-1.0803740810791176,4.326682419773425,-0.4568381444550614,1.020613823807618
70.0,115.0,166.35174560546875,-2.1839826523029533,1.7317492785414006,-4.863157585567276,-3.029274897849917,-3.064382047472599,1.331655290503512,-1.1420135338704025,4.388284810045576,-0.4504803565165269,0.7005964702626328
70.0,115.0,165.263427734375,-2.025108824505472,1.819420873531608,-4.880777358367313,-3.048511178555349,-3.076473591889685,0.724041054625411,-1.045823708623605,4.79798916193166,-0.408550783489008,0.6991762171530035
70.0,115.0,150.5527801513672,-2.193360174400729,1.8419238292346976,-4.926456125918083,-2.95877923886833,-2.5030407136675787,0.8371443652596852,-1.047130536012119,3.943601305021193,-0.4524206509976466,0.9861369936216592
70.0,115.0,160.2692413330078,-1.055922459328694,1.7735920722761906,-4.937958133848109,-1.695201673496223,-3.064020344723154,0.8372423768827528,-1.0608401158966236,4.429729571994304,-0.4561175576200931,0.7202760905369371
70.0,116.0,157.60691833496094,-2.1221509371431435,1.8392303061078088,-4.902514539010984,-3.0864103908050646,-3.0538475418464337,0.8517324402109121,-1.0171489627324086,3.092931355225164,-0.4559853455206131,0.9824460715350812
70.0,116.0,161.15728759765625,-1.9534206856324816,1.7536378394229737,-4.890109816254475,-3.0956079319477503,-3.0662115030366284,0.8279698431872164,-1.019189610828445,4.304919778195342,-0.4515226464921155,0.7024576952550962
70.0,116.0,160.32391357421875,-1.976638429579872,1.7824955222262646,-4.927334155444517,-3.021464794799097,-2.5288333379259407,0.8464504548854939,-1.0786018014566112,4.02780180804725,-0.4479861566894738,1.2594720613859272
70.0,116.0,140.12632751464844,-2.1215491880816293,1.7792238858973313,-4.920577197043221,-3.027929973928153,-2.4890769664046006,0.8472367759435059,-0.5498216813081094,3.9735488143390736,-0.450876297400725,1.3222903813229892
70.0,116.0,143.24349975585938,-2.128533234080406,1.7868032697988063,-4.940104940010339,-3.034779864246622,-2.489104346534115,0.8435885521224269,-1.049761213277737,3.95519536192777,-0.4527298978945417,1.322804521062937
70.0,116.0,150.95826721191406,-2.1262525097823337,1.7737189882144293,-4.926724315985826,-3.0259742329384216,-2.437463469842107,1.4099652745982325,-1.0262765149084487,3.9233814230264574,-0.4512474950726279,1.609887845109697
70.0,116.0,156.08035278320312,-2.1580996450789263,1.728328627406782,-4.879695436337815,-3.0850529772078543,-3.06587044186364,0.8359929899162684,-1.015638048938622,3.5437633377229565,-0.4462973345896071,0.7233871726910266
70.0,116.0,145.83074951171875,-2.1182021524849444,1.8078905911135548,-4.935700425047287,-2.9794937688851824,-2.4827301949732017,0.8507230196630945,-1.052661683502819,3.970937820545013,-0.4537632926829645,1.6362450208066313
70.0,116.0,142.9798126220703,-2.1220829198845297,1.779816139448701,-4.916527573251591,-3.02469365005042,-2.497106128890054,0.8394429982048441,-1.0497138158275474,3.959478534814511,-0.4503832498699787,1.3264084915991838
70.0,116.0,142.96160888671875,-2.1088126869431023,1.7757864702460786,-4.936276771805709,-3.027067840714522,-2.493190711214472,0.8441494065489914,-1.0449618001428629,3.96442672329767,-0.452008960204116,1.3208275094402109
70.0,116.0,143.47088623046875,-2.1205333854355315,1.777428772434711,-4.907720679730896,-3.030676454468149,-2.497889185287401,0.8532737396068207,-1.0513492928599442,3.971906042395118,-0.4577386372774256,1.3177403018436935
70.0,116.0,152.52073669433594,-2.1810970799239944,1.791399982523752,-4.9278736082148615,-3.0220258270146245,-2.461518165487745,0.9342207894045216,-1.018076169757094,3.957273296830581,-0.4697704092207882,1.3330804779527117
70.0,116.0,142.94737243652344,-2.120137615315529,1.777093561543708,-4.923711234006693,-3.026392272960111,-2.49050383027155,0.8465455107524812,-1.0493004710369247,3.963075486999918,-0.4508871262513568,1.3222507794584584
70.0,116.0,143.77976989746094,-2.090505492232815,1.7746837755457456,-4.927630124357569,-3.0560179816904194,-2.484891176152149,0.8273372251040916,-1.050737962835111,3.954398361079628,-0.4518568018256002,1.3213216143176292
70.0,116.0,177.90628051757812,-0.9480992037287066,1.6698462529856726,-4.92126265432442,-3.066282443454009,-3.048841576344093,1.9184003846581128,-1.029547548154336,4.407033002134062,-0.5675828178794807,0.7291447687456702
70.0,116.0,143.7053985595703,-2.155057607924076,1.7496177030741231,-4.923794379005741,-3.0241191132931804,-2.5019500233622587,0.8430125141343748,-1.0500600911109323,3.9632213948337496,-0.4570614596344504,1.3252726133609525
70.0,116.0,143.07717895507812,-2.12008527517698,1.7901282299573753,-4.932327466704069,-3.033629165785748,-2.4887012538401443,0.8471793703447389,-1.0488739114314494,3.963991369225503,-0.4519777986942631,1.3221558174153036
70.0,116.0,149.86083984375,-2.12290973532822,1.7678672280638843,-4.933681346827862,-3.0281690041240785,-2.4860633919118627,0.9010736490337464,-1.0043492977172703,4.342770552392945,-0.4457589969867184,1.2979840525979809
70.0,116.0,158.6701202392578,-2.1857370830077456,1.805632466204849,-4.940854356766674,-3.005138807218757,-3.0246378506615588,0.8536471484048354,-1.0576747830684972,4.365038786171499,-0.4655393619409302,1.8763462867536829
70.0,116.0,143.2933349609375,-2.1203525686859868,1.777169025698231,-4.928499488842603,-3.0297698697712403,-2.469901837381152,0.8512021806158875,-1.0461327264851428,3.959982844588521,-0.4505524709994553,1.3222620643327747
70.0,116.0,143.44993591308594,-2.120081159908569,1.7763193393895953,-4.912678369152475,-3.05526761194439,-2.5146204721000487,0.8460464398972949,-1.0539596589524975,3.9647987958992927,-0.4500826061369831,1.3246760800148316
70.0,116.0,143.687744140625,-2.119135877622995,1.7858790535117344,-4.926297384148498,-3.0223549026938223,-2.483472264448057,0.867004155890277,-1.0451223867711854,3.9505637829294233,-0.4488945299303529,1.3200439423841328
70.0,116.0,147.732666015625,-2.129226284493474,1.794948561183719,-4.928015957305518,-3.060761302254257,-2.4820283353734123,1.4189591683472205,-1.050654230389559,3.999420209945351,-0.4463595266217796,1.318098215826905
70.0,116.0,153.1660919189453,-2.121447798556532,1.8336876551817392,-4.9380753146679925,-3.094233202647145,-3.0649950223856144,0.8354321701101891,-1.021508757068139,3.955010029302585,-0.4447028575291981,0.7080551592072115
70.0,116.0,142.9967498779297,-2.1197971806168443,1.7769548488431623,-4.919790881390987,-3.02499490551834,-2.486681722502217,0.8388774446552911,-1.049146274132339,3.959822601155616,-0.4507358108704984,1.322265410176045
70.0,116.0,144.48789978027344,-2.141046964113209,1.771880474365917,-4.911381224157521,-3.040130457582591,-2.517262630056656,0.8055665997807893,-1.0369607176572375,3.977882256769657,-0.4549739669163189,1.3219810566530266
70.0,116.0,173.24264526367188,-2.9723143171659294,1.7467743343781554,-4.8583524109262815,-3.132584168219534,-3.071824124186589,0.826754586818778,-0.0913498623214759,4.733588269388097,-0.4036389269487243,0.6670874524596352
70.0,116.0,153.72666931152344,-2.1718213837580027,1.7598643484766312,-4.933747460194611,-3.037144370880392,-2.6158834513159235,0.840472828086704,-1.0973953149184077,3.9428845054734976,-0.4590875703669289,1.3318797186333569
70.0,116.0,144.07005310058594,-2.13968300607032,1.7763887034356476,-4.902887464820562,-3.057247004064985,-2.479521618497873,0.8619034642067464,-1.0489254430993644,3.963481051591389,-0.4552226627869735,1.3135102685359437
70.0,116.0,143.6717529296875,-2.156491978467087,1.7848226430137946,-4.937289081138338,-3.015584518911508,-2.4952668236488216,0.8392536062907989,-1.048874207228421,3.9749121325547967,-0.4509797059062946,1.3121867831926637
70.0,116.0,145.24935913085938,-2.1234466229353863,1.785645062598677,-4.9092235486141,-3.013153273038255,-2.4880217739304897,0.8422117476866249,-1.0594200831223686,3.963751097227078,-0.4533392337226031,0.9979618851533588
70.0,116.0,143.03529357910156,-2.117370256525164,1.7597791063824737,-4.927340402715255,-3.025785378122776,-2.489657218927691,0.8456520171415518,-1.0464888246185713,3.960679051125042,-0.4507665819398203,1.322287064063819
70.0,116.0,144.82421875,-2.1264841201724813,1.769600265742386,-4.930586471837423,-3.03613468833276,-2.4884521275327214,0.8485880166617503,-1.0462345328585665,3.981837836162746,-0.4723529696341845,1.311208663761105
70.0,116.0,146.584716796875,-2.103115268970947,1.7773525520170366,-4.8991595252982325,-3.0347150506673737,-2.5711874065489764,0.8116258795517473,-1.035978714195854,3.971544582710554,-0.4467989748149475,1.6285298446205214
70.0,116.0,143.8277587890625,-2.1248830858866543,1.7802090878779313,-4.936753072080505,-3.0101865241049657,-1.9782824049959105,0.8420858723207358,-1.0500881416038224,3.96241728300316,-0.4534587791217112,1.321746580187323
70.0,116.0,143.25624084472656,-2.126201498395338,1.776447180426718,-4.911038367938904,-3.0189203841660275,-2.5141724623159933,0.8453948594086856,-1.0516125740393008,3.96882708303868,-0.4538285156769916,1.3222958490239185
70.0,116.0,144.32301330566406,-2.1443596377952328,1.770396230832367,-4.919914010079264,-2.979694315182828,-2.4954434429510672,0.8496066462017968,-1.0493574416119984,3.953914877280329,-0.4425550428530172,1.3237999857324263
70.0,116.0,155.14508056640625,-2.144416528898283,1.7532622941419214,-4.910340166670732,-3.045212005694971,-1.9538792327145715,0.8337103093690844,-1.0439633387742353,3.904955445319976,-0.4075869564763927,0.7623833671535221
70.0,116.0,142.96481323242188,-2.1221692364560094,1.7774399014377515,-4.927819197605345,-3.023361805895581,-2.4943936494295174,0.8436274998230786,-1.0491974135626647,3.959837044366032,-0.4509688648800353,1.3221099471924136
70.0,116.0,183.65969848632807,-1.5338700555787514,1.847762832114995,-4.9100535406756585,-2.976708588161438,-2.538712066989127,0.7725277183395802,-1.0434215777564533,4.28073311359245,-0.5229133794346381,1.0156653556004689
70.0,116.0,159.69412231445312,-2.21963507341297,1.850328278453232,-4.863205470948095,-3.7754689176902456,-3.045361023325458,0.837599674561319,-1.0212324909712558,3.56024233985072,-0.4482199517405474,0.7422656486335322
70.0,116.0,160.38934326171875,-2.1239526524329047,1.7532778008160277,-4.793683137872873,-2.992665936417859,-3.0883299703921034,0.7444479414625762,-1.0498487622640318,3.959048847339001,-0.7967959506285662,0.7170082799296202
70.0,116.0,143.48330688476562,-2.1354423409652945,1.7765901587160395,-4.949279465571805,-3.0273589285479323,-2.492650908935925,0.8500784646270673,-1.048556525793271,3.9671284546531247,-0.4493437837957955,1.3350167766588326
70.0,116.0,155.30633544921875,-2.110355142561264,1.7355664246072802,-4.897661520156259,-3.0945963635771343,-3.0647722813398968,0.8256285834289196,-1.0204516952792135,4.389633871132414,-0.4667985076585941,0.7287559592886229
70.0,116.0,158.0673828125,-2.13478528945232,1.8441109636686763,-4.929363763692761,-3.1294766675918138,-3.0546509867568057,1.330469986782295,-1.0107985278553162,3.543151829295136,-0.4498499097984712,0.7093224768745058
70.0,116.0,151.25607299804688,-2.172037136009037,1.7295055121999343,-4.886813252907739,-3.044272093932116,-2.527211347557737,0.8736419156014977,-1.0803740810791176,4.326682419773425,-0.4568381444550614,1.020613823807618
70.0,116.0,166.35174560546875,-2.1839826523029533,1.7317492785414006,-4.863157585567276,-3.029274897849917,-3.064382047472599,1.331655290503512,-1.1420135338704025,4.388284810045576,-0.4504803565165269,0.7005964702626328
70.0,116.0,165.263427734375,-2.025108824505472,1.819420873531608,-4.880777358367313,-3.048511178555349,-3.076473591889685,0.724041054625411,-1.045823708623605,4.79798916193166,-0.408550783489008,0.6991762171530035
70.0,116.0,147.6595916748047,-2.191540710131359,1.7768596351457293,-4.928132938788525,-3.0311465947677627,-2.4551492063965243,0.8559432135813866,-1.0743890442504118,3.948423500283928,-0.4440404965886042,1.3016042613862342
70.0,116.0,160.2692413330078,-1.055922459328694,1.7735920722761906,-4.937958133848109,-1.695201673496223,-3.064020344723154,0.8372423768827528,-1.0608401158966236,4.429729571994304,-0.4561175576200931,0.7202760905369371
70.0,117.0,157.60691833496094,-2.1221509371431435,1.8392303061078088,-4.902514539010984,-3.0864103908050646,-3.0538475418464337,0.8517324402109121,-1.0171489627324086,3.092931355225164,-0.4559853455206131,0.9824460715350812
70.0,117.0,161.15728759765625,-1.9534206856324816,1.7536378394229737,-4.890109816254475,-3.0956079319477503,-3.0662115030366284,0.8279698431872164,-1.019189610828445,4.304919778195342,-0.4515226464921155,0.7024576952550962
70.0,117.0,159.23040771484375,-2.0964026321438194,1.7815641617918885,-4.916595849917589,-3.0260738723328,-2.404785540558507,0.8473485677816784,-0.1774798405407514,3.911181541739648,-0.4470548735461889,1.2561743053775076
70.0,117.0,140.12632751464844,-2.1215491880816293,1.7792238858973313,-4.920577197043221,-3.027929973928153,-2.4890769664046006,0.8472367759435059,-0.5498216813081094,3.9735488143390736,-0.450876297400725,1.3222903813229892
70.0,117.0,143.24349975585938,-2.128533234080406,1.7868032697988063,-4.940104940010339,-3.034779864246622,-2.489104346534115,0.8435885521224269,-1.049761213277737,3.95519536192777,-0.4527298978945417,1.322804521062937
70.0,117.0,150.95826721191406,-2.1262525097823337,1.7737189882144293,-4.926724315985826,-3.0259742329384216,-2.437463469842107,1.4099652745982325,-1.0262765149084487,3.9233814230264574,-0.4512474950726279,1.609887845109697
70.0,117.0,156.08035278320312,-2.1580996450789263,1.728328627406782,-4.879695436337815,-3.0850529772078543,-3.06587044186364,0.8359929899162684,-1.015638048938622,3.5437633377229565,-0.4462973345896071,0.7233871726910266
70.0,117.0,145.83074951171875,-2.1182021524849444,1.8078905911135548,-4.935700425047287,-2.9794937688851824,-2.4827301949732017,0.8507230196630945,-1.052661683502819,3.970937820545013,-0.4537632926829645,1.6362450208066313
70.0,117.0,142.9798126220703,-2.1220829198845297,1.779816139448701,-4.916527573251591,-3.02469365005042,-2.497106128890054,0.8394429982048441,-1.0497138158275474,3.959478534814511,-0.4503832498699787,1.3264084915991838
70.0,117.0,142.96160888671875,-2.1088126869431023,1.7757864702460786,-4.936276771805709,-3.027067840714522,-2.493190711214472,0.8441494065489914,-1.0449618001428629,3.96442672329767,-0.452008960204116,1.3208275094402109
70.0,117.0,142.00851440429688,-2.1226668261747985,1.77301812426643,-4.918393372178939,-3.033592213260248,-2.476133607336268,0.8281757634197449,-0.1435684275274539,3.988111282198529,-0.4543196249293078,1.320546779507941
70.0,117.0,152.52073669433594,-2.1810970799239944,1.791399982523752,-4.9278736082148615,-3.0220258270146245,-2.461518165487745,0.9342207894045216,-1.018076169757094,3.957273296830581,-0.4697704092207882,1.3330804779527117
70.0,117.0,142.94737243652344,-2.120137615315529,1.777093561543708,-4.923711234006693,-3.026392272960111,-2.49050383027155,0.8465455107524812,-1.0493004710369247,3.963075486999918,-0.4508871262513568,1.3222507794584584
70.0,117.0,143.77976989746094,-2.090505492232815,1.7746837755457456,-4.927630124357569,-3.0560179816904194,-2.484891176152149,0.8273372251040916,-1.050737962835111,3.954398361079628,-0.4518568018256002,1.3213216143176292
70.0,117.0,177.90628051757812,-0.9480992037287066,1.6698462529856726,-4.92126265432442,-3.066282443454009,-3.048841576344093,1.9184003846581128,-1.029547548154336,4.407033002134062,-0.5675828178794807,0.7291447687456702
70.0,117.0,143.7053985595703,-2.155057607924076,1.7496177030741231,-4.923794379005741,-3.0241191132931804,-2.5019500233622587,0.8430125141343748,-1.0500600911109323,3.9632213948337496,-0.4570614596344504,1.3252726133609525
70.0,117.0,143.07717895507812,-2.12008527517698,1.7901282299573753,-4.932327466704069,-3.033629165785748,-2.4887012538401443,0.8471793703447389,-1.0488739114314494,3.963991369225503,-0.4519777986942631,1.3221558174153036
70.0,117.0,149.86083984375,-2.12290973532822,1.7678672280638843,-4.933681346827862,-3.0281690041240785,-2.4860633919118627,0.9010736490337464,-1.0043492977172703,4.342770552392945,-0.4457589969867184,1.2979840525979809
70.0,117.0,158.6701202392578,-2.1857370830077456,1.805632466204849,-4.940854356766674,-3.005138807218757,-3.0246378506615588,0.8536471484048354,-1.0576747830684972,4.365038786171499,-0.4655393619409302,1.8763462867536829
70.0,117.0,143.2933349609375,-2.1203525686859868,1.777169025698231,-4.928499488842603,-3.0297698697712403,-2.469901837381152,0.8512021806158875,-1.0461327264851428,3.959982844588521,-0.4505524709994553,1.3222620643327747
70.0,117.0,141.0843048095703,-2.124149455607269,1.7766151066120937,-4.917168928933022,-2.9731319939279293,-2.4790568065844263,0.8520437271489193,-0.0969474955085968,3.978393913173271,-0.4502242409565731,1.3164611436705125
70.0,117.0,143.687744140625,-2.119135877622995,1.7858790535117344,-4.926297384148498,-3.0223549026938223,-2.483472264448057,0.867004155890277,-1.0451223867711854,3.9505637829294233,-0.4488945299303529,1.3200439423841328
70.0,117.0,147.732666015625,-2.129226284493474,1.794948561183719,-4.928015957305518,-3.060761302254257,-2.4820283353734123,1.4189591683472205,-1.050654230389559,3.999420209945351,-0.4463595266217796,1.318098215826905
70.0,117.0,153.1660919189453,-2.121447798556532,1.8336876551817392,-4.9380753146679925,-3.094233202647145,-3.0649950223856144,0.8354321701101891,-1.021508757068139,3.955010029302585,-0.4447028575291981,0.7080551592072115
70.0,117.0,142.9967498779297,-2.1197971806168443,1.7769548488431623,-4.919790881390987,-3.02499490551834,-2.486681722502217,0.8388774446552911,-1.049146274132339,3.959822601155616,-0.4507358108704984,1.322265410176045
70.0,117.0,144.48789978027344,-2.141046964113209,1.771880474365917,-4.911381224157521,-3.040130457582591,-2.517262630056656,0.8055665997807893,-1.0369607176572375,3.977882256769657,-0.4549739669163189,1.3219810566530266
70.0,117.0,173.24264526367188,-2.9723143171659294,1.7467743343781554,-4.8583524109262815,-3.132584168219534,-3.071824124186589,0.826754586818778,-0.0913498623214759,4.733588269388097,-0.4036389269487243,0.6670874524596352
70.0,117.0,153.72666931152344,-2.1718213837580027,1.7598643484766312,-4.933747460194611,-3.037144370880392,-2.6158834513159235,0.840472828086704,-1.0973953149184077,3.9428845054734976,-0.4590875703669289,1.3318797186333569
70.0,117.0,144.07005310058594,-2.13968300607032,1.7763887034356476,-4.902887464820562,-3.057247004064985,-2.479521618497873,0.8619034642067464,-1.0489254430993644,3.963481051591389,-0.4552226627869735,1.3135102685359437
70.0,117.0,143.6717529296875,-2.156491978467087,1.7848226430137946,-4.937289081138338,-3.015584518911508,-2.4952668236488216,0.8392536062907989,-1.048874207228421,3.9749121325547967,-0.4509797059062946,1.3121867831926637
70.0,117.0,145.24935913085938,-2.1234466229353863,1.785645062598677,-4.9092235486141,-3.013153273038255,-2.4880217739304897,0.8422117476866249,-1.0594200831223686,3.963751097227078,-0.4533392337226031,0.9979618851533588
70.0,117.0,143.03529357910156,-2.117370256525164,1.7597791063824737,-4.927340402715255,-3.025785378122776,-2.489657218927691,0.8456520171415518,-1.0464888246185713,3.960679051125042,-0.4507665819398203,1.322287064063819
70.0,117.0,144.82421875,-2.1264841201724813,1.769600265742386,-4.930586471837423,-3.03613468833276,-2.4884521275327214,0.8485880166617503,-1.0462345328585665,3.981837836162746,-0.4723529696341845,1.311208663761105
70.0,117.0,146.584716796875,-2.103115268970947,1.7773525520170366,-4.8991595252982325,-3.0347150506673737,-2.5711874065489764,0.8116258795517473,-1.035978714195854,3.971544582710554,-0.4467989748149475,1.6285298446205214
70.0,117.0,143.8277587890625,-2.1248830858866543,1.7802090878779313,-4.936753072080505,-3.0101865241049657,-1.9782824049959105,0.8420858723207358,-1.0500881416038224,3.96241728300316,-0.4534587791217112,1.321746580187323
70.0,117.0,143.25624084472656,-2.126201498395338,1.776447180426718,-4.911038367938904,-3.0189203841660275,-2.5141724623159933,0.8453948594086856,-1.0516125740393008,3.96882708303868,-0.4538285156769916,1.3222958490239185
70.0,117.0,144.32301330566406,-2.1443596377952328,1.770396230832367,-4.919914010079264,-2.979694315182828,-2.4954434429510672,0.8496066462017968,-1.0493574416119984,3.953914877280329,-0.4425550428530172,1.3237999857324263
70.0,117.0,155.14508056640625,-2.144416528898283,1.7532622941419214,-4.910340166670732,-3.045212005694971,-1.9538792327145715,0.8337103093690844,-1.0439633387742353,3.904955445319976,-0.4075869564763927,0.7623833671535221
70.0,117.0,140.76686096191406,-2.170695841499955,1.7784186373092663,-4.921483408786589,-3.028149773509264,-2.4926401653456747,0.8426221415119702,-0.5194478138776373,3.967601226841812,-0.4507670013439944,1.3222571826987524
70.0,117.0,183.65969848632807,-1.5338700555787514,1.847762832114995,-4.9100535406756585,-2.976708588161438,-2.538712066989127,0.7725277183395802,-1.0434215777564533,4.28073311359245,-0.5229133794346381,1.0156653556004689
70.0,117.0,159.69412231445312,-2.21963507341297,1.850328278453232,-4.863205470948095,-3.7754689176902456,-3.045361023325458,0.837599674561319,-1.0212324909712558,3.56024233985072,-0.4482199517405474,0.7422656486335322
70.0,117.0,160.38934326171875,-2.1239526524329047,1.7532778008160277,-4.793683137872873,-2.992665936417859,-3.0883299703921034,0.7444479414625762,-1.0498487622640318,3.959048847339001,-0.7967959506285662,0.7170082799296202
70.0,117.0,140.86453247070312,-2.1351373310080795,1.7800482052858773,-4.912402077396855,-3.0289206888195275,-2.4879246953700624,0.8622177855849812,-0.5202131899875674,3.978503394477124,-0.4491757029351612,1.3220464120642956
70.0,117.0,155.30633544921875,-2.110355142561264,1.7355664246072802,-4.897661520156259,-3.0945963635771343,-3.0647722813398968,0.8256285834289196,-1.0204516952792135,4.389633871132414,-0.4667985076585941,0.7287559592886229
70.0,117.0,158.0673828125,-2.13478528945232,1.8441109636686763,-4.929363763692761,-3.1294766675918138,-3.0546509867568057,1.330469986782295,-1.0107985278553162,3.543151829295136,-0.4498499097984712,0.7093224768745058
70.0,117.0,151.25607299804688,-2.172037136009037,1.7295055121999343,-4.886813252907739,-3.044272093932116,-2.527211347557737,0.8736419156014977,-1.0803740810791176,4.326682419773425,-0.4568381444550614,1.020613823807618
70.0,117.0,166.35174560546875,-2.1839826523029533,1.7317492785414006,-4.863157585567276,-3.029274897849917,-3.064382047472599,1.331655290503512,-1.1420135338704025,4.388284810045576,-0.4504803565165269,0.7005964702626328
70.0,117.0,165.263427734375,-2.025108824505472,1.819420873531608,-4.880777358367313,-3.048511178555349,-3.076473591889685,0.724041054625411,-1.045823708623605,4.79798916193166,-0.408550783489008,0.6991762171530035
70.0,117.0,147.6595916748047,-2.191540710131359,1.7768596351457293,-4.928132938788525,-3.0311465947677627,-2.4551492063965243,0.8559432135813866,-1.0743890442504118,3.948423500283928,-0.4440404965886042,1.3016042613862342
70.0,117.0,160.2692413330078,-1.055922459328694,1.7735920722761906,-4.937958133848109,-1.695201673496223,-3.064020344723154,0.8372423768827528,-1.0608401158966236,4.429729571994304,-0.4561175576200931,0.7202760905369371
70.0,118.0,157.60691833496094,-2.1221509371431435,1.8392303061078088,-4.902514539010984,-3.0864103908050646,-3.0538475418464337,0.8517324402109121,-1.0171489627324086,3.092931355225164,-0.4559853455206131,0.9824460715350812
70.0,118.0,161.15728759765625,-1.9534206856324816,1.7536378394229737,-4.890109816254475,-3.0956079319477503,-3.0662115030366284,0.8279698431872164,-1.019189610828445,4.304919778195342,-0.4515226464921155,0.7024576952550962
70.0,118.0,152.29713439941406,-2.211739611971412,1.7800366603919449,-4.918909836358044,-3.0316659185815884,-2.537034204749637,0.8476947819057751,-0.5797133880361511,3.9182053575004137,-0.4544105458362923,1.3801835292719122
70.0,118.0,140.12632751464844,-2.1215491880816293,1.7792238858973313,-4.920577197043221,-3.027929973928153,-2.4890769664046006,0.8472367759435059,-0.5498216813081094,3.9735488143390736,-0.450876297400725,1.3222903813229892
70.0,118.0,143.24349975585938,-2.128533234080406,1.7868032697988063,-4.940104940010339,-3.034779864246622,-2.489104346534115,0.8435885521224269,-1.049761213277737,3.95519536192777,-0.4527298978945417,1.322804521062937
70.0,118.0,150.95826721191406,-2.1262525097823337,1.7737189882144293,-4.926724315985826,-3.0259742329384216,-2.437463469842107,1.4099652745982325,-1.0262765149084487,3.9233814230264574,-0.4512474950726279,1.609887845109697
70.0,118.0,156.08035278320312,-2.1580996450789263,1.728328627406782,-4.879695436337815,-3.0850529772078543,-3.06587044186364,0.8359929899162684,-1.015638048938622,3.5437633377229565,-0.4462973345896071,0.7233871726910266
70.0,118.0,145.83074951171875,-2.1182021524849444,1.8078905911135548,-4.935700425047287,-2.9794937688851824,-2.4827301949732017,0.8507230196630945,-1.052661683502819,3.970937820545013,-0.4537632926829645,1.6362450208066313
70.0,118.0,142.9798126220703,-2.1220829198845297,1.779816139448701,-4.916527573251591,-3.02469365005042,-2.497106128890054,0.8394429982048441,-1.0497138158275474,3.959478534814511,-0.4503832498699787,1.3264084915991838
70.0,118.0,140.63870239257812,-2.10679926390394,1.7715796026297312,-4.924155837395888,-3.028278571499607,-2.490646394218512,0.841984296736348,-0.5156651528705621,3.973258449190348,-0.4521359260348891,1.3215050127700307
70.0,118.0,142.00851440429688,-2.1226668261747985,1.77301812426643,-4.918393372178939,-3.033592213260248,-2.476133607336268,0.8281757634197449,-0.1435684275274539,3.988111282198529,-0.4543196249293078,1.320546779507941
70.0,118.0,152.52073669433594,-2.1810970799239944,1.791399982523752,-4.9278736082148615,-3.0220258270146245,-2.461518165487745,0.9342207894045216,-1.018076169757094,3.957273296830581,-0.4697704092207882,1.3330804779527117
70.0,118.0,140.21514892578125,-2.120235039479841,1.7789506769336283,-4.917409813447714,-3.026153654043,-2.4907824386140067,0.8470064904631093,-0.5552659875076951,3.960001451148272,-0.4508998581254807,1.3222946306854524
70.0,118.0,143.77976989746094,-2.090505492232815,1.7746837755457456,-4.927630124357569,-3.0560179816904194,-2.484891176152149,0.8273372251040916,-1.050737962835111,3.954398361079628,-0.4518568018256002,1.3213216143176292
70.0,118.0,177.90628051757812,-0.9480992037287066,1.6698462529856726,-4.92126265432442,-3.066282443454009,-3.048841576344093,1.9184003846581128,-1.029547548154336,4.407033002134062,-0.5675828178794807,0.7291447687456702
70.0,118.0,140.9718475341797,-2.125555403700584,1.834448362948937,-4.923553580627899,-3.027269359781092,-2.496642717177834,0.8452673207663824,-0.5429606047965838,3.964565127773959,-0.449260105867078,1.3287363897385336
70.0,118.0,140.55001831054688,-2.122329315786468,1.802061285371577,-4.931716526883416,-3.0283693764857564,-2.486060058575672,0.8457611210177214,-0.5347108318649818,3.980144941527816,-0.4523532917964609,1.322373004556118
70.0,118.0,149.86083984375,-2.12290973532822,1.7678672280638843,-4.933681346827862,-3.0281690041240785,-2.4860633919118627,0.9010736490337464,-1.0043492977172703,4.342770552392945,-0.4457589969867184,1.2979840525979809
70.0,118.0,158.6701202392578,-2.1857370830077456,1.805632466204849,-4.940854356766674,-3.005138807218757,-3.0246378506615588,0.8536471484048354,-1.0576747830684972,4.365038786171499,-0.4655393619409302,1.8763462867536829
70.0,118.0,143.2933349609375,-2.1203525686859868,1.777169025698231,-4.928499488842603,-3.0297698697712403,-2.469901837381152,0.8512021806158875,-1.0461327264851428,3.959982844588521,-0.4505524709994553,1.3222620643327747
70.0,118.0,141.0843048095703,-2.124149455607269,1.7766151066120937,-4.917168928933022,-2.9731319939279293,-2.4790568065844263,0.8520437271489193,-0.0969474955085968,3.978393913173271,-0.4502242409565731,1.3164611436705125
70.0,118.0,143.687744140625,-2.119135877622995,1.7858790535117344,-4.926297384148498,-3.0223549026938223,-2.483472264448057,0.867004155890277,-1.0451223867711854,3.9505637829294233,-0.4488945299303529,1.3200439423841328
70.0,118.0,147.732666015625,-2.129226284493474,1.794948561183719,-4.928015957305518,-3.060761302254257,-2.4820283353734123,1.4189591683472205,-1.050654230389559,3.999420209945351,-0.4463595266217796,1.318098215826905
70.0,118.0,153.1660919189453,-2.121447798556532,1.8336876551817392,-4.9380753146679925,-3.094233202647145,-3.0649950223856144,0.8354321701101891,-1.021508757068139,3.955010029302585,-0.4447028575291981,0.7080551592072115
70.0,118.0,142.9967498779297,-2.1197971806168443,1.7769548488431623,-4.919790881390987,-3.02499490551834,-2.486681722502217,0.8388774446552911,-1.049146274132339,3.959822601155616,-0.4507358108704984,1.322265410176045
70.0,118.0,144.48789978027344,-2.141046964113209,1.771880474365917,-4.911381224157521,-3.040130457582591,-2.517262630056656,0.8055665997807893,-1.0369607176572375,3.977882256769657,-0.4549739669163189,1.3219810566530266
70.0,118.0,173.24264526367188,-2.9723143171659294,1.7467743343781554,-4.8583524109262815,-3.132584168219534,-3.071824124186589,0.826754586818778,-0.0913498623214759,4.733588269388097,-0.4036389269487243,0.6670874524596352
70.0,118.0,153.72666931152344,-2.1718213837580027,1.7598643484766312,-4.933747460194611,-3.037144370880392,-2.6158834513159235,0.840472828086704,-1.0973953149184077,3.9428845054734976,-0.4590875703669289,1.3318797186333569
70.0,118.0,144.07005310058594,-2.13968300607032,1.7763887034356476,-4.902887464820562,-3.057247004064985,-2.479521618497873,0.8619034642067464,-1.0489254430993644,3.963481051591389,-0.4552226627869735,1.3135102685359437
70.0,118.0,143.6717529296875,-2.156491978467087,1.7848226430137946,-4.937289081138338,-3.015584518911508,-2.4952668236488216,0.8392536062907989,-1.048874207228421,3.9749121325547967,-0.4509797059062946,1.3121867831926637
70.0,118.0,144.7122802734375,-2.1236477188563736,1.760210605317344,-4.968640726013495,-3.0596346114933914,-2.487900905582618,0.8442513975772876,-0.1667482051816308,3.972711114013121,-0.4525342185962696,1.3064277753410942
70.0,118.0,143.03529357910156,-2.117370256525164,1.7597791063824737,-4.927340402715255,-3.025785378122776,-2.489657218927691,0.8456520171415518,-1.0464888246185713,3.960679051125042,-0.4507665819398203,1.322287064063819
70.0,118.0,144.82421875,-2.1264841201724813,1.769600265742386,-4.930586471837423,-3.03613468833276,-2.4884521275327214,0.8485880166617503,-1.0462345328585665,3.981837836162746,-0.4723529696341845,1.311208663761105
70.0,118.0,146.584716796875,-2.103115268970947,1.7773525520170366,-4.8991595252982325,-3.0347150506673737,-2.5711874065489764,0.8116258795517473,-1.035978714195854,3.971544582710554,-0.4467989748149475,1.6285298446205214
70.0,118.0,143.8277587890625,-2.1248830858866543,1.7802090878779313,-4.936753072080505,-3.0101865241049657,-1.9782824049959105,0.8420858723207358,-1.0500881416038224,3.96241728300316,-0.4534587791217112,1.321746580187323
70.0,118.0,143.25624084472656,-2.126201498395338,1.776447180426718,-4.911038367938904,-3.0189203841660275,-2.5141724623159933,0.8453948594086856,-1.0516125740393008,3.96882708303868,-0.4538285156769916,1.3222958490239185
70.0,118.0,144.13926696777344,-2.1426019547486788,1.7785285075021806,-4.923482727226791,-3.024286681977763,-2.500562515375972,0.850187420445199,-1.067556983672573,3.9692619420082407,-0.4484572013252822,1.3290544873768846
70.0,118.0,155.14508056640625,-2.144416528898283,1.7532622941419214,-4.910340166670732,-3.045212005694971,-1.9538792327145715,0.8337103093690844,-1.0439633387742353,3.904955445319976,-0.4075869564763927,0.7623833671535221
70.0,118.0,140.76686096191406,-2.170695841499955,1.7784186373092663,-4.921483408786589,-3.028149773509264,-2.4926401653456747,0.8426221415119702,-0.5194478138776373,3.967601226841812,-0.4507670013439944,1.3222571826987524
70.0,118.0,183.65969848632807,-1.5338700555787514,1.847762832114995,-4.9100535406756585,-2.976708588161438,-2.538712066989127,0.7725277183395802,-1.0434215777564533,4.28073311359245,-0.5229133794346381,1.0156653556004689
70.0,118.0,157.8895721435547,-2.151116586352581,1.7765067177928218,-4.954217446239854,-3.688038395004858,-2.586077377730949,0.8144731752930827,-0.6122097261475492,3.624379146848815,-0.454328507982406,0.9702287003031408
70.0,118.0,160.38934326171875,-2.1239526524329047,1.7532778008160277,-4.793683137872873,-2.992665936417859,-3.0883299703921034,0.7444479414625762,-1.0498487622640318,3.959048847339001,-0.7967959506285662,0.7170082799296202
70.0,118.0,140.86453247070312,-2.1351373310080795,1.7800482052858773,-4.912402077396855,-3.0289206888195275,-2.4879246953700624,0.8622177855849812,-0.5202131899875674,3.978503394477124,-0.4491757029351612,1.3220464120642956
70.0,118.0,155.30633544921875,-2.110355142561264,1.7355664246072802,-4.897661520156259,-3.0945963635771343,-3.0647722813398968,0.8256285834289196,-1.0204516952792135,4.389633871132414,-0.4667985076585941,0.7287559592886229
70.0,118.0,158.0673828125,-2.13478528945232,1.8441109636686763,-4.929363763692761,-3.1294766675918138,-3.0546509867568057,1.330469986782295,-1.0107985278553162,3.543151829295136,-0.4498499097984712,0.7093224768745058
70.0,118.0,151.25607299804688,-2.172037136009037,1.7295055121999343,-4.886813252907739,-3.044272093932116,-2.527211347557737,0.8736419156014977,-1.0803740810791176,4.326682419773425,-0.4568381444550614,1.020613823807618
70.0,118.0,166.35174560546875,-2.1839826523029533,1.7317492785414006,-4.863157585567276,-3.029274897849917,-3.064382047472599,1.331655290503512,-1.1420135338704025,4.388284810045576,-0.4504803565165269,0.7005964702626328
70.0,118.0,165.263427734375,-2.025108824505472,1.819420873531608,-4.880777358367313,-3.048511178555349,-3.076473591889685,0.724041054625411,-1.045823708623605,4.79798916193166,-0.408550783489008,0.6991762171530035
70.0,118.0,147.6595916748047,-2.191540710131359,1.7768596351457293,-4.928132938788525,-3.0311465947677627,-2.4551492063965243,0.8559432135813866,-1.0743890442504118,3.948423500283928,-0.4440404965886042,1.3016042613862342
70.0,118.0,160.2692413330078,-1.055922459328694,1.7735920722761906,-4.937958133848109,-1.695201673496223,-3.064020344723154,0.8372423768827528,-1.0608401158966236,4.429729571994304,-0.4561175576200931,0.7202760905369371
70.0,119.0,157.60691833496094,-2.1221509371431435,1.8392303061078088,-4.902514539010984,-3.0864103908050646,-3.0538475418464337,0.8517324402109121,-1.0171489627324086,3.092931355225164,-0.4559853455206131,0.9824460715350812
70.0,119.0,161.15728759765625,-1.9534206856324816,1.7536378394229737,-4.890109816254475,-3.0956079319477503,-3.0662115030366284,0.8279698431872164,-1.019189610828445,4.304919778195342,-0.4515226464921155,0.7024576952550962
70.0,119.0,152.29713439941406,-2.211739611971412,1.7800366603919449,-4.918909836358044,-3.0316659185815884,-2.537034204749637,0.8476947819057751,-0.5797133880361511,3.9182053575004137,-0.4544105458362923,1.3801835292719122
70.0,119.0,140.12632751464844,-2.1215491880816293,1.7792238858973313,-4.920577197043221,-3.027929973928153,-2.4890769664046006,0.8472367759435059,-0.5498216813081094,3.9735488143390736,-0.450876297400725,1.3222903813229892
70.0,119.0,143.24349975585938,-2.128533234080406,1.7868032697988063,-4.940104940010339,-3.034779864246622,-2.489104346534115,0.8435885521224269,-1.049761213277737,3.95519536192777,-0.4527298978945417,1.322804521062937
70.0,119.0,150.95826721191406,-2.1262525097823337,1.7737189882144293,-4.926724315985826,-3.0259742329384216,-2.437463469842107,1.4099652745982325,-1.0262765149084487,3.9233814230264574,-0.4512474950726279,1.609887845109697
70.0,119.0,156.08035278320312,-2.1580996450789263,1.728328627406782,-4.879695436337815,-3.0850529772078543,-3.06587044186364,0.8359929899162684,-1.015638048938622,3.5437633377229565,-0.4462973345896071,0.7233871726910266
70.0,119.0,145.83074951171875,-2.1182021524849444,1.8078905911135548,-4.935700425047287,-2.9794937688851824,-2.4827301949732017,0.8507230196630945,-1.052661683502819,3.970937820545013,-0.4537632926829645,1.6362450208066313
70.0,119.0,142.9798126220703,-2.1220829198845297,1.779816139448701,-4.916527573251591,-3.02469365005042,-2.497106128890054,0.8394429982048441,-1.0497138158275474,3.959478534814511,-0.4503832498699787,1.3264084915991838
70.0,119.0,140.63870239257812,-2.10679926390394,1.7715796026297312,-4.924155837395888,-3.028278571499607,-2.490646394218512,0.841984296736348,-0.5156651528705621,3.973258449190348,-0.4521359260348891,1.3215050127700307
70.0,119.0,142.00851440429688,-2.1226668261747985,1.77301812426643,-4.918393372178939,-3.033592213260248,-2.476133607336268,0.8281757634197449,-0.1435684275274539,3.988111282198529,-0.4543196249293078,1.320546779507941
70.0,119.0,145.51785278320312,-2.126771842195532,1.7670477007423182,-4.9204922003124985,-3.0347375076084453,-2.5383422307312813,0.8687211962592126,-1.0296164895992543,3.981699626098981,-0.4690457710752135,1.3215946527643532
70.0,119.0,140.21514892578125,-2.120235039479841,1.7789506769336283,-4.917409813447714,-3.026153654043,-2.4907824386140067,0.8470064904631093,-0.5552659875076951,3.960001451148272,-0.4508998581254807,1.3222946306854524
70.0,119.0,143.77976989746094,-2.090505492232815,1.7746837755457456,-4.927630124357569,-3.0560179816904194,-2.484891176152149,0.8273372251040916,-1.050737962835111,3.954398361079628,-0.4518568018256002,1.3213216143176292
70.0,119.0,177.90628051757812,-0.9480992037287066,1.6698462529856726,-4.92126265432442,-3.066282443454009,-3.048841576344093,1.9184003846581128,-1.029547548154336,4.407033002134062,-0.5675828178794807,0.7291447687456702
70.0,119.0,140.9718475341797,-2.125555403700584,1.834448362948937,-4.923553580627899,-3.027269359781092,-2.496642717177834,0.8452673207663824,-0.5429606047965838,3.964565127773959,-0.449260105867078,1.3287363897385336
70.0,119.0,140.55001831054688,-2.122329315786468,1.802061285371577,-4.931716526883416,-3.0283693764857564,-2.486060058575672,0.8457611210177214,-0.5347108318649818,3.980144941527816,-0.4523532917964609,1.322373004556118
70.0,119.0,149.86083984375,-2.12290973532822,1.7678672280638843,-4.933681346827862,-3.0281690041240785,-2.4860633919118627,0.9010736490337464,-1.0043492977172703,4.342770552392945,-0.4457589969867184,1.2979840525979809
70.0,119.0,158.6701202392578,-2.1857370830077456,1.805632466204849,-4.940854356766674,-3.005138807218757,-3.0246378506615588,0.8536471484048354,-1.0576747830684972,4.365038786171499,-0.4655393619409302,1.8763462867536829
70.0,119.0,143.2933349609375,-2.1203525686859868,1.777169025698231,-4.928499488842603,-3.0297698697712403,-2.469901837381152,0.8512021806158875,-1.0461327264851428,3.959982844588521,-0.4505524709994553,1.3222620643327747
70.0,119.0,141.0843048095703,-2.124149455607269,1.7766151066120937,-4.917168928933022,-2.9731319939279293,-2.4790568065844263,0.8520437271489193,-0.0969474955085968,3.978393913173271,-0.4502242409565731,1.3164611436705125
70.0,119.0,143.687744140625,-2.119135877622995,1.7858790535117344,-4.926297384148498,-3.0223549026938223,-2.483472264448057,0.867004155890277,-1.0451223867711854,3.9505637829294233,-0.4488945299303529,1.3200439423841328
70.0,119.0,147.732666015625,-2.129226284493474,1.794948561183719,-4.928015957305518,-3.060761302254257,-2.4820283353734123,1.4189591683472205,-1.050654230389559,3.999420209945351,-0.4463595266217796,1.318098215826905
70.0,119.0,153.1660919189453,-2.121447798556532,1.8336876551817392,-4.9380753146679925,-3.094233202647145,-3.0649950223856144,0.8354321701101891,-1.021508757068139,3.955010029302585,-0.4447028575291981,0.7080551592072115
70.0,119.0,142.9967498779297,-2.1197971806168443,1.7769548488431623,-4.919790881390987,-3.02499490551834,-2.486681722502217,0.8388774446552911,-1.049146274132339,3.959822601155616,-0.4507358108704984,1.322265410176045
70.0,119.0,144.48789978027344,-2.141046964113209,1.771880474365917,-4.911381224157521,-3.040130457582591,-2.517262630056656,0.8055665997807893,-1.0369607176572375,3.977882256769657,-0.4549739669163189,1.3219810566530266
70.0,119.0,173.24264526367188,-2.9723143171659294,1.7467743343781554,-4.8583524109262815,-3.132584168219534,-3.071824124186589,0.826754586818778,-0.0913498623214759,4.733588269388097,-0.4036389269487243,0.6670874524596352
70.0,119.0,153.72666931152344,-2.1718213837580027,1.7598643484766312,-4.933747460194611,-3.037144370880392,-2.6158834513159235,0.840472828086704,-1.0973953149184077,3.9428845054734976,-0.4590875703669289,1.3318797186333569
70.0,119.0,144.07005310058594,-2.13968300607032,1.7763887034356476,-4.902887464820562,-3.057247004064985,-2.479521618497873,0.8619034642067464,-1.0489254430993644,3.963481051591389,-0.4552226627869735,1.3135102685359437
70.0,119.0,143.6717529296875,-2.156491978467087,1.7848226430137946,-4.937289081138338,-3.015584518911508,-2.4952668236488216,0.8392536062907989,-1.048874207228421,3.9749121325547967,-0.4509797059062946,1.3121867831926637
70.0,119.0,144.7122802734375,-2.1236477188563736,1.760210605317344,-4.968640726013495,-3.0596346114933914,-2.487900905582618,0.8442513975772876,-0.1667482051816308,3.972711114013121,-0.4525342185962696,1.3064277753410942
70.0,119.0,143.03529357910156,-2.117370256525164,1.7597791063824737,-4.927340402715255,-3.025785378122776,-2.489657218927691,0.8456520171415518,-1.0464888246185713,3.960679051125042,-0.4507665819398203,1.322287064063819
70.0,119.0,144.82421875,-2.1264841201724813,1.769600265742386,-4.930586471837423,-3.03613468833276,-2.4884521275327214,0.8485880166617503,-1.0462345328585665,3.981837836162746,-0.4723529696341845,1.311208663761105
70.0,119.0,146.584716796875,-2.103115268970947,1.7773525520170366,-4.8991595252982325,-3.0347150506673737,-2.5711874065489764,0.8116258795517473,-1.035978714195854,3.971544582710554,-0.4467989748149475,1.6285298446205214
70.0,119.0,143.8277587890625,-2.1248830858866543,1.7802090878779313,-4.936753072080505,-3.0101865241049657,-1.9782824049959105,0.8420858723207358,-1.0500881416038224,3.96241728300316,-0.4534587791217112,1.321746580187323
70.0,119.0,143.25624084472656,-2.126201498395338,1.776447180426718,-4.911038367938904,-3.0189203841660275,-2.5141724623159933,0.8453948594086856,-1.0516125740393008,3.96882708303868,-0.4538285156769916,1.3222958490239185
70.0,119.0,144.13926696777344,-2.1426019547486788,1.7785285075021806,-4.923482727226791,-3.024286681977763,-2.500562515375972,0.850187420445199,-1.067556983672573,3.9692619420082407,-0.4484572013252822,1.3290544873768846
70.0,119.0,155.14508056640625,-2.144416528898283,1.7532622941419214,-4.910340166670732,-3.045212005694971,-1.9538792327145715,0.8337103093690844,-1.0439633387742353,3.904955445319976,-0.4075869564763927,0.7623833671535221
70.0,119.0,140.76686096191406,-2.170695841499955,1.7784186373092663,-4.921483408786589,-3.028149773509264,-2.4926401653456747,0.8426221415119702,-0.5194478138776373,3.967601226841812,-0.4507670013439944,1.3222571826987524
70.0,119.0,183.65969848632807,-1.5338700555787514,1.847762832114995,-4.9100535406756585,-2.976708588161438,-2.538712066989127,0.7725277183395802,-1.0434215777564533,4.28073311359245,-0.5229133794346381,1.0156653556004689
70.0,119.0,157.8895721435547,-2.151116586352581,1.7765067177928218,-4.954217446239854,-3.688038395004858,-2.586077377730949,0.8144731752930827,-0.6122097261475492,3.624379146848815,-0.454328507982406,0.9702287003031408
70.0,119.0,160.38934326171875,-2.1239526524329047,1.7532778008160277,-4.793683137872873,-2.992665936417859,-3.0883299703921034,0.7444479414625762,-1.0498487622640318,3.959048847339001,-0.7967959506285662,0.7170082799296202
70.0,119.0,140.86453247070312,-2.1351373310080795,1.7800482052858773,-4.912402077396855,-3.0289206888195275,-2.4879246953700624,0.8622177855849812,-0.5202131899875674,3.978503394477124,-0.4491757029351612,1.3220464120642956
70.0,119.0,155.30633544921875,-2.110355142561264,1.7355664246072802,-4.897661520156259,-3.0945963635771343,-3.0647722813398968,0.8256285834289196,-1.0204516952792135,4.389633871132414,-0.4667985076585941,0.7287559592886229
70.0,119.0,158.0673828125,-2.13478528945232,1.8441109636686763,-4.929363763692761,-3.1294766675918138,-3.0546509867568057,1.330469986782295,-1.0107985278553162,3.543151829295136,-0.4498499097984712,0.7093224768745058
70.0,119.0,151.25607299804688,-2.172037136009037,1.7295055121999343,-4.886813252907739,-3.044272093932116,-2.527211347557737,0.8736419156014977,-1.0803740810791176,4.326682419773425,-0.4568381444550614,1.020613823807618
70.0,119.0,166.35174560546875,-2.1839826523029533,1.7317492785414006,-4.863157585567276,-3.029274897849917,-3.064382047472599,1.331655290503512,-1.1420135338704025,4.388284810045576,-0.4504803565165269,0.7005964702626328
70.0,119.0,165.263427734375,-2.025108824505472,1.819420873531608,-4.880777358367313,-3.048511178555349,-3.076473591889685,0.724041054625411,-1.045823708623605,4.79798916193166,-0.408550783489008,0.6991762171530035
70.0,119.0,147.6595916748047,-2.191540710131359,1.7768596351457293,-4.928132938788525,-3.0311465947677627,-2.4551492063965243,0.8559432135813866,-1.0743890442504118,3.948423500283928,-0.4440404965886042,1.3016042613862342
70.0,119.0,160.2692413330078,-1.055922459328694,1.7735920722761906,-4.937958133848109,-1.695201673496223,-3.064020344723154,0.8372423768827528,-1.0608401158966236,4.429729571994304,-0.4561175576200931,0.7202760905369371
70.0,120.0,157.60691833496094,-2.1221509371431435,1.8392303061078088,-4.902514539010984,-3.0864103908050646,-3.0538475418464337,0.8517324402109121,-1.0171489627324086,3.092931355225164,-0.4559853455206131,0.9824460715350812
70.0,120.0,161.15728759765625,-1.9534206856324816,1.7536378394229737,-4.890109816254475,-3.0956079319477503,-3.0662115030366284,0.8279698431872164,-1.019189610828445,4.304919778195342,-0.4515226464921155,0.7024576952550962
70.0,120.0,149.1366424560547,-2.129071860181148,1.7794036825443058,-4.919653572066849,-3.027745110300929,-2.471254562667358,0.8476823295169194,-0.4510965399785827,3.950760631694611,-0.4512920794928105,1.3461806439388548
70.0,120.0,140.12632751464844,-2.1215491880816293,1.7792238858973313,-4.920577197043221,-3.027929973928153,-2.4890769664046006,0.8472367759435059,-0.5498216813081094,3.9735488143390736,-0.450876297400725,1.3222903813229892
70.0,120.0,143.24349975585938,-2.128533234080406,1.7868032697988063,-4.940104940010339,-3.034779864246622,-2.489104346534115,0.8435885521224269,-1.049761213277737,3.95519536192777,-0.4527298978945417,1.322804521062937
70.0,120.0,150.95826721191406,-2.1262525097823337,1.7737189882144293,-4.926724315985826,-3.0259742329384216,-2.437463469842107,1.4099652745982325,-1.0262765149084487,3.9233814230264574,-0.4512474950726279,1.609887845109697
70.0,120.0,156.08035278320312,-2.1580996450789263,1.728328627406782,-4.879695436337815,-3.0850529772078543,-3.06587044186364,0.8359929899162684,-1.015638048938622,3.5437633377229565,-0.4462973345896071,0.7233871726910266
70.0,120.0,145.83074951171875,-2.1182021524849444,1.8078905911135548,-4.935700425047287,-2.9794937688851824,-2.4827301949732017,0.8507230196630945,-1.052661683502819,3.970937820545013,-0.4537632926829645,1.6362450208066313
70.0,120.0,142.9798126220703,-2.1220829198845297,1.779816139448701,-4.916527573251591,-3.02469365005042,-2.497106128890054,0.8394429982048441,-1.0497138158275474,3.959478534814511,-0.4503832498699787,1.3264084915991838
70.0,120.0,140.63870239257812,-2.10679926390394,1.7715796026297312,-4.924155837395888,-3.028278571499607,-2.490646394218512,0.841984296736348,-0.5156651528705621,3.973258449190348,-0.4521359260348891,1.3215050127700307
70.0,120.0,142.00851440429688,-2.1226668261747985,1.77301812426643,-4.918393372178939,-3.033592213260248,-2.476133607336268,0.8281757634197449,-0.1435684275274539,3.988111282198529,-0.4543196249293078,1.320546779507941
70.0,120.0,145.51785278320312,-2.126771842195532,1.7670477007423182,-4.9204922003124985,-3.0347375076084453,-2.5383422307312813,0.8687211962592126,-1.0296164895992543,3.981699626098981,-0.4690457710752135,1.3215946527643532
70.0,120.0,140.21514892578125,-2.120235039479841,1.7789506769336283,-4.917409813447714,-3.026153654043,-2.4907824386140067,0.8470064904631093,-0.5552659875076951,3.960001451148272,-0.4508998581254807,1.3222946306854524
70.0,120.0,143.77976989746094,-2.090505492232815,1.7746837755457456,-4.927630124357569,-3.0560179816904194,-2.484891176152149,0.8273372251040916,-1.050737962835111,3.954398361079628,-0.4518568018256002,1.3213216143176292
70.0,120.0,177.90628051757812,-0.9480992037287066,1.6698462529856726,-4.92126265432442,-3.066282443454009,-3.048841576344093,1.9184003846581128,-1.029547548154336,4.407033002134062,-0.5675828178794807,0.7291447687456702
70.0,120.0,140.9718475341797,-2.125555403700584,1.834448362948937,-4.923553580627899,-3.027269359781092,-2.496642717177834,0.8452673207663824,-0.5429606047965838,3.964565127773959,-0.449260105867078,1.3287363897385336
70.0,120.0,140.55001831054688,-2.122329315786468,1.802061285371577,-4.931716526883416,-3.0283693764857564,-2.486060058575672,0.8457611210177214,-0.5347108318649818,3.980144941527816,-0.4523532917964609,1.322373004556118
70.0,120.0,149.86083984375,-2.12290973532822,1.7678672280638843,-4.933681346827862,-3.0281690041240785,-2.4860633919118627,0.9010736490337464,-1.0043492977172703,4.342770552392945,-0.4457589969867184,1.2979840525979809
70.0,120.0,158.6701202392578,-2.1857370830077456,1.805632466204849,-4.940854356766674,-3.005138807218757,-3.0246378506615588,0.8536471484048354,-1.0576747830684972,4.365038786171499,-0.4655393619409302,1.8763462867536829
70.0,120.0,143.2933349609375,-2.1203525686859868,1.777169025698231,-4.928499488842603,-3.0297698697712403,-2.469901837381152,0.8512021806158875,-1.0461327264851428,3.959982844588521,-0.4505524709994553,1.3222620643327747
70.0,120.0,141.0843048095703,-2.124149455607269,1.7766151066120937,-4.917168928933022,-2.9731319939279293,-2.4790568065844263,0.8520437271489193,-0.0969474955085968,3.978393913173271,-0.4502242409565731,1.3164611436705125
70.0,120.0,143.687744140625,-2.119135877622995,1.7858790535117344,-4.926297384148498,-3.0223549026938223,-2.483472264448057,0.867004155890277,-1.0451223867711854,3.9505637829294233,-0.4488945299303529,1.3200439423841328
70.0,120.0,147.732666015625,-2.129226284493474,1.794948561183719,-4.928015957305518,-3.060761302254257,-2.4820283353734123,1.4189591683472205,-1.050654230389559,3.999420209945351,-0.4463595266217796,1.318098215826905
70.0,120.0,153.1660919189453,-2.121447798556532,1.8336876551817392,-4.9380753146679925,-3.094233202647145,-3.0649950223856144,0.8354321701101891,-1.021508757068139,3.955010029302585,-0.4447028575291981,0.7080551592072115
70.0,120.0,142.9967498779297,-2.1197971806168443,1.7769548488431623,-4.919790881390987,-3.02499490551834,-2.486681722502217,0.8388774446552911,-1.049146274132339,3.959822601155616,-0.4507358108704984,1.322265410176045
70.0,120.0,144.48789978027344,-2.141046964113209,1.771880474365917,-4.911381224157521,-3.040130457582591,-2.517262630056656,0.8055665997807893,-1.0369607176572375,3.977882256769657,-0.4549739669163189,1.3219810566530266
70.0,120.0,172.3175811767578,-2.278957464571469,1.803862315744612,-4.952411569651946,-3.158996863808101,-3.094778434193575,0.8282607679651502,-0.1544410578692941,4.874719110565707,-0.4065243757509901,1.6724782787171233
70.0,120.0,153.72666931152344,-2.1718213837580027,1.7598643484766312,-4.933747460194611,-3.037144370880392,-2.6158834513159235,0.840472828086704,-1.0973953149184077,3.9428845054734976,-0.4590875703669289,1.3318797186333569
70.0,120.0,142.17445373535156,-2.1368041359371355,1.777921433553428,-4.92988721607831,-3.0420484975992363,-2.476057857394816,0.8539634207741298,-0.5801040416803906,3.969942504921521,-0.4522685612910445,1.3213131416006432
70.0,120.0,143.6717529296875,-2.156491978467087,1.7848226430137946,-4.937289081138338,-3.015584518911508,-2.4952668236488216,0.8392536062907989,-1.048874207228421,3.9749121325547967,-0.4509797059062946,1.3121867831926637
70.0,120.0,144.7122802734375,-2.1236477188563736,1.760210605317344,-4.968640726013495,-3.0596346114933914,-2.487900905582618,0.8442513975772876,-0.1667482051816308,3.972711114013121,-0.4525342185962696,1.3064277753410942
70.0,120.0,143.03529357910156,-2.117370256525164,1.7597791063824737,-4.927340402715255,-3.025785378122776,-2.489657218927691,0.8456520171415518,-1.0464888246185713,3.960679051125042,-0.4507665819398203,1.322287064063819
70.0,120.0,144.82421875,-2.1264841201724813,1.769600265742386,-4.930586471837423,-3.03613468833276,-2.4884521275327214,0.8485880166617503,-1.0462345328585665,3.981837836162746,-0.4723529696341845,1.311208663761105
70.0,120.0,146.584716796875,-2.103115268970947,1.7773525520170366,-4.8991595252982325,-3.0347150506673737,-2.5711874065489764,0.8116258795517473,-1.035978714195854,3.971544582710554,-0.4467989748149475,1.6285298446205214
70.0,120.0,143.8277587890625,-2.1248830858866543,1.7802090878779313,-4.936753072080505,-3.0101865241049657,-1.9782824049959105,0.8420858723207358,-1.0500881416038224,3.96241728300316,-0.4534587791217112,1.321746580187323
70.0,120.0,143.25624084472656,-2.126201498395338,1.776447180426718,-4.911038367938904,-3.0189203841660275,-2.5141724623159933,0.8453948594086856,-1.0516125740393008,3.96882708303868,-0.4538285156769916,1.3222958490239185
70.0,120.0,144.13926696777344,-2.1426019547486788,1.7785285075021806,-4.923482727226791,-3.024286681977763,-2.500562515375972,0.850187420445199,-1.067556983672573,3.9692619420082407,-0.4484572013252822,1.3290544873768846
70.0,120.0,155.14508056640625,-2.144416528898283,1.7532622941419214,-4.910340166670732,-3.045212005694971,-1.9538792327145715,0.8337103093690844,-1.0439633387742353,3.904955445319976,-0.4075869564763927,0.7623833671535221
70.0,120.0,140.76686096191406,-2.170695841499955,1.7784186373092663,-4.921483408786589,-3.028149773509264,-2.4926401653456747,0.8426221415119702,-0.5194478138776373,3.967601226841812,-0.4507670013439944,1.3222571826987524
70.0,120.0,183.65969848632807,-1.5338700555787514,1.847762832114995,-4.9100535406756585,-2.976708588161438,-2.538712066989127,0.7725277183395802,-1.0434215777564533,4.28073311359245,-0.5229133794346381,1.0156653556004689
70.0,120.0,157.8895721435547,-2.151116586352581,1.7765067177928218,-4.954217446239854,-3.688038395004858,-2.586077377730949,0.8144731752930827,-0.6122097261475492,3.624379146848815,-0.454328507982406,0.9702287003031408
70.0,120.0,160.38934326171875,-2.1239526524329047,1.7532778008160277,-4.793683137872873,-2.992665936417859,-3.0883299703921034,0.7444479414625762,-1.0498487622640318,3.959048847339001,-0.7967959506285662,0.7170082799296202
70.0,120.0,140.86453247070312,-2.1351373310080795,1.7800482052858773,-4.912402077396855,-3.0289206888195275,-2.4879246953700624,0.8622177855849812,-0.5202131899875674,3.978503394477124,-0.4491757029351612,1.3220464120642956
70.0,120.0,155.30633544921875,-2.110355142561264,1.7355664246072802,-4.897661520156259,-3.0945963635771343,-3.0647722813398968,0.8256285834289196,-1.0204516952792135,4.389633871132414,-0.4667985076585941,0.7287559592886229
70.0,120.0,158.0673828125,-2.13478528945232,1.8441109636686763,-4.929363763692761,-3.1294766675918138,-3.0546509867568057,1.330469986782295,-1.0107985278553162,3.543151829295136,-0.4498499097984712,0.7093224768745058
70.0,120.0,151.25607299804688,-2.172037136009037,1.7295055121999343,-4.886813252907739,-3.044272093932116,-2.527211347557737,0.8736419156014977,-1.0803740810791176,4.326682419773425,-0.4568381444550614,1.020613823807618
70.0,120.0,166.35174560546875,-2.1839826523029533,1.7317492785414006,-4.863157585567276,-3.029274897849917,-3.064382047472599,1.331655290503512,-1.1420135338704025,4.388284810045576,-0.4504803565165269,0.7005964702626328
70.0,120.0,165.263427734375,-2.025108824505472,1.819420873531608,-4.880777358367313,-3.048511178555349,-3.076473591889685,0.724041054625411,-1.045823708623605,4.79798916193166,-0.408550783489008,0.6991762171530035
70.0,120.0,147.6595916748047,-2.191540710131359,1.7768596351457293,-4.928132938788525,-3.0311465947677627,-2.4551492063965243,0.8559432135813866,-1.0743890442504118,3.948423500283928,-0.4440404965886042,1.3016042613862342
70.0,120.0,160.2692413330078,-1.055922459328694,1.7735920722761906,-4.937958133848109,-1.695201673496223,-3.064020344723154,0.8372423768827528,-1.0608401158966236,4.429729571994304,-0.4561175576200931,0.7202760905369371
70.0,121.0,157.60691833496094,-2.1221509371431435,1.8392303061078088,-4.902514539010984,-3.0864103908050646,-3.0538475418464337,0.8517324402109121,-1.0171489627324086,3.092931355225164,-0.4559853455206131,0.9824460715350812
70.0,121.0,161.15728759765625,-1.9534206856324816,1.7536378394229737,-4.890109816254475,-3.0956079319477503,-3.0662115030366284,0.8279698431872164,-1.019189610828445,4.304919778195342,-0.4515226464921155,0.7024576952550962
70.0,121.0,140.29205322265625,-2.092704271842877,1.7796224063623034,-4.921172272670429,-3.0279828456016062,-2.4851918766404864,0.8475471883929954,-0.5277404870213456,3.964425609552989,-0.4513792922172942,1.3172625421912398
70.0,121.0,140.12632751464844,-2.1215491880816293,1.7792238858973313,-4.920577197043221,-3.027929973928153,-2.4890769664046006,0.8472367759435059,-0.5498216813081094,3.9735488143390736,-0.450876297400725,1.3222903813229892
70.0,121.0,143.24349975585938,-2.128533234080406,1.7868032697988063,-4.940104940010339,-3.034779864246622,-2.489104346534115,0.8435885521224269,-1.049761213277737,3.95519536192777,-0.4527298978945417,1.322804521062937
70.0,121.0,150.95826721191406,-2.1262525097823337,1.7737189882144293,-4.926724315985826,-3.0259742329384216,-2.437463469842107,1.4099652745982325,-1.0262765149084487,3.9233814230264574,-0.4512474950726279,1.609887845109697
70.0,121.0,156.08035278320312,-2.1580996450789263,1.728328627406782,-4.879695436337815,-3.0850529772078543,-3.06587044186364,0.8359929899162684,-1.015638048938622,3.5437633377229565,-0.4462973345896071,0.7233871726910266
70.0,121.0,145.83074951171875,-2.1182021524849444,1.8078905911135548,-4.935700425047287,-2.9794937688851824,-2.4827301949732017,0.8507230196630945,-1.052661683502819,3.970937820545013,-0.4537632926829645,1.6362450208066313
70.0,121.0,142.9798126220703,-2.1220829198845297,1.779816139448701,-4.916527573251591,-3.02469365005042,-2.497106128890054,0.8394429982048441,-1.0497138158275474,3.959478534814511,-0.4503832498699787,1.3264084915991838
70.0,121.0,140.63870239257812,-2.10679926390394,1.7715796026297312,-4.924155837395888,-3.028278571499607,-2.490646394218512,0.841984296736348,-0.5156651528705621,3.973258449190348,-0.4521359260348891,1.3215050127700307
70.0,121.0,142.00851440429688,-2.1226668261747985,1.77301812426643,-4.918393372178939,-3.033592213260248,-2.476133607336268,0.8281757634197449,-0.1435684275274539,3.988111282198529,-0.4543196249293078,1.320546779507941
70.0,121.0,145.51785278320312,-2.126771842195532,1.7670477007423182,-4.9204922003124985,-3.0347375076084453,-2.5383422307312813,0.8687211962592126,-1.0296164895992543,3.981699626098981,-0.4690457710752135,1.3215946527643532
70.0,121.0,140.21514892578125,-2.120235039479841,1.7789506769336283,-4.917409813447714,-3.026153654043,-2.4907824386140067,0.8470064904631093,-0.5552659875076951,3.960001451148272,-0.4508998581254807,1.3222946306854524
70.0,121.0,143.77976989746094,-2.090505492232815,1.7746837755457456,-4.927630124357569,-3.0560179816904194,-2.484891176152149,0.8273372251040916,-1.050737962835111,3.954398361079628,-0.4518568018256002,1.3213216143176292
70.0,121.0,177.90628051757812,-0.9480992037287066,1.6698462529856726,-4.92126265432442,-3.066282443454009,-3.048841576344093,1.9184003846581128,-1.029547548154336,4.407033002134062,-0.5675828178794807,0.7291447687456702
70.0,121.0,140.9718475341797,-2.125555403700584,1.834448362948937,-4.923553580627899,-3.027269359781092,-2.496642717177834,0.8452673207663824,-0.5429606047965838,3.964565127773959,-0.449260105867078,1.3287363897385336
70.0,121.0,140.55001831054688,-2.122329315786468,1.802061285371577,-4.931716526883416,-3.0283693764857564,-2.486060058575672,0.8457611210177214,-0.5347108318649818,3.980144941527816,-0.4523532917964609,1.322373004556118
70.0,121.0,149.86083984375,-2.12290973532822,1.7678672280638843,-4.933681346827862,-3.0281690041240785,-2.4860633919118627,0.9010736490337464,-1.0043492977172703,4.342770552392945,-0.4457589969867184,1.2979840525979809
70.0,121.0,158.6701202392578,-2.1857370830077456,1.805632466204849,-4.940854356766674,-3.005138807218757,-3.0246378506615588,0.8536471484048354,-1.0576747830684972,4.365038786171499,-0.4655393619409302,1.8763462867536829
70.0,121.0,143.2933349609375,-2.1203525686859868,1.777169025698231,-4.928499488842603,-3.0297698697712403,-2.469901837381152,0.8512021806158875,-1.0461327264851428,3.959982844588521,-0.4505524709994553,1.3222620643327747
70.0,121.0,141.0843048095703,-2.124149455607269,1.7766151066120937,-4.917168928933022,-2.9731319939279293,-2.4790568065844263,0.8520437271489193,-0.0969474955085968,3.978393913173271,-0.4502242409565731,1.3164611436705125
70.0,121.0,143.687744140625,-2.119135877622995,1.7858790535117344,-4.926297384148498,-3.0223549026938223,-2.483472264448057,0.867004155890277,-1.0451223867711854,3.9505637829294233,-0.4488945299303529,1.3200439423841328
70.0,121.0,147.732666015625,-2.129226284493474,1.794948561183719,-4.928015957305518,-3.060761302254257,-2.4820283353734123,1.4189591683472205,-1.050654230389559,3.999420209945351,-0.4463595266217796,1.318098215826905
70.0,121.0,153.1660919189453,-2.121447798556532,1.8336876551817392,-4.9380753146679925,-3.094233202647145,-3.0649950223856144,0.8354321701101891,-1.021508757068139,3.955010029302585,-0.4447028575291981,0.7080551592072115
70.0,121.0,142.9967498779297,-2.1197971806168443,1.7769548488431623,-4.919790881390987,-3.02499490551834,-2.486681722502217,0.8388774446552911,-1.049146274132339,3.959822601155616,-0.4507358108704984,1.322265410176045
70.0,121.0,144.48789978027344,-2.141046964113209,1.771880474365917,-4.911381224157521,-3.040130457582591,-2.517262630056656,0.8055665997807893,-1.0369607176572375,3.977882256769657,-0.4549739669163189,1.3219810566530266
70.0,121.0,172.3175811767578,-2.278957464571469,1.803862315744612,-4.952411569651946,-3.158996863808101,-3.094778434193575,0.8282607679651502,-0.1544410578692941,4.874719110565707,-0.4065243757509901,1.6724782787171233
70.0,121.0,153.72666931152344,-2.1718213837580027,1.7598643484766312,-4.933747460194611,-3.037144370880392,-2.6158834513159235,0.840472828086704,-1.0973953149184077,3.9428845054734976,-0.4590875703669289,1.3318797186333569
70.0,121.0,142.1044464111328,-2.12349488098361,1.7807852466738592,-4.886249837884463,-3.0147503791499544,-2.4826111852141537,0.8503646544867773,-0.5775452310333831,3.970258421995621,-0.4548018593789166,1.3257696062182085
70.0,121.0,143.6717529296875,-2.156491978467087,1.7848226430137946,-4.937289081138338,-3.015584518911508,-2.4952668236488216,0.8392536062907989,-1.048874207228421,3.9749121325547967,-0.4509797059062946,1.3121867831926637
70.0,121.0,144.7122802734375,-2.1236477188563736,1.760210605317344,-4.968640726013495,-3.0596346114933914,-2.487900905582618,0.8442513975772876,-0.1667482051816308,3.972711114013121,-0.4525342185962696,1.3064277753410942
70.0,121.0,143.03529357910156,-2.117370256525164,1.7597791063824737,-4.927340402715255,-3.025785378122776,-2.489657218927691,0.8456520171415518,-1.0464888246185713,3.960679051125042,-0.4507665819398203,1.322287064063819
70.0,121.0,144.82421875,-2.1264841201724813,1.769600265742386,-4.930586471837423,-3.03613468833276,-2.4884521275327214,0.8485880166617503,-1.0462345328585665,3.981837836162746,-0.4723529696341845,1.311208663761105
70.0,121.0,146.584716796875,-2.103115268970947,1.7773525520170366,-4.8991595252982325,-3.0347150506673737,-2.5711874065489764,0.8116258795517473,-1.035978714195854,3.971544582710554,-0.4467989748149475,1.6285298446205214
70.0,121.0,143.8277587890625,-2.1248830858866543,1.7802090878779313,-4.936753072080505,-3.0101865241049657,-1.9782824049959105,0.8420858723207358,-1.0500881416038224,3.96241728300316,-0.4534587791217112,1.321746580187323
70.0,121.0,143.25624084472656,-2.126201498395338,1.776447180426718,-4.911038367938904,-3.0189203841660275,-2.5141724623159933,0.8453948594086856,-1.0516125740393008,3.96882708303868,-0.4538285156769916,1.3222958490239185
70.0,121.0,144.13926696777344,-2.1426019547486788,1.7785285075021806,-4.923482727226791,-3.024286681977763,-2.500562515375972,0.850187420445199,-1.067556983672573,3.9692619420082407,-0.4484572013252822,1.3290544873768846
70.0,121.0,155.14508056640625,-2.144416528898283,1.7532622941419214,-4.910340166670732,-3.045212005694971,-1.9538792327145715,0.8337103093690844,-1.0439633387742353,3.904955445319976,-0.4075869564763927,0.7623833671535221
70.0,121.0,140.76686096191406,-2.170695841499955,1.7784186373092663,-4.921483408786589,-3.028149773509264,-2.4926401653456747,0.8426221415119702,-0.5194478138776373,3.967601226841812,-0.4507670013439944,1.3222571826987524
70.0,121.0,183.65969848632807,-1.5338700555787514,1.847762832114995,-4.9100535406756585,-2.976708588161438,-2.538712066989127,0.7725277183395802,-1.0434215777564533,4.28073311359245,-0.5229133794346381,1.0156653556004689
70.0,121.0,157.8895721435547,-2.151116586352581,1.7765067177928218,-4.954217446239854,-3.688038395004858,-2.586077377730949,0.8144731752930827,-0.6122097261475492,3.624379146848815,-0.454328507982406,0.9702287003031408
70.0,121.0,160.38934326171875,-2.1239526524329047,1.7532778008160277,-4.793683137872873,-2.992665936417859,-3.0883299703921034,0.7444479414625762,-1.0498487622640318,3.959048847339001,-0.7967959506285662,0.7170082799296202
70.0,121.0,140.86453247070312,-2.1351373310080795,1.7800482052858773,-4.912402077396855,-3.0289206888195275,-2.4879246953700624,0.8622177855849812,-0.5202131899875674,3.978503394477124,-0.4491757029351612,1.3220464120642956
70.0,121.0,155.30633544921875,-2.110355142561264,1.7355664246072802,-4.897661520156259,-3.0945963635771343,-3.0647722813398968,0.8256285834289196,-1.0204516952792135,4.389633871132414,-0.4667985076585941,0.7287559592886229
70.0,121.0,158.0673828125,-2.13478528945232,1.8441109636686763,-4.929363763692761,-3.1294766675918138,-3.0546509867568057,1.330469986782295,-1.0107985278553162,3.543151829295136,-0.4498499097984712,0.7093224768745058
70.0,121.0,151.25607299804688,-2.172037136009037,1.7295055121999343,-4.886813252907739,-3.044272093932116,-2.527211347557737,0.8736419156014977,-1.0803740810791176,4.326682419773425,-0.4568381444550614,1.020613823807618
70.0,121.0,166.35174560546875,-2.1839826523029533,1.7317492785414006,-4.863157585567276,-3.029274897849917,-3.064382047472599,1.331655290503512,-1.1420135338704025,4.388284810045576,-0.4504803565165269,0.7005964702626328
70.0,121.0,165.263427734375,-2.025108824505472,1.819420873531608,-4.880777358367313,-3.048511178555349,-3.076473591889685,0.724041054625411,-1.045823708623605,4.79798916193166,-0.408550783489008,0.6991762171530035
70.0,121.0,147.6595916748047,-2.191540710131359,1.7768596351457293,-4.928132938788525,-3.0311465947677627,-2.4551492063965243,0.8559432135813866,-1.0743890442504118,3.948423500283928,-0.4440404965886042,1.3016042613862342
70.0,121.0,160.2692413330078,-1.055922459328694,1.7735920722761906,-4.937958133848109,-1.695201673496223,-3.064020344723154,0.8372423768827528,-1.0608401158966236,4.429729571994304,-0.4561175576200931,0.7202760905369371
70.0,122.0,157.60691833496094,-2.1221509371431435,1.8392303061078088,-4.902514539010984,-3.0864103908050646,-3.0538475418464337,0.8517324402109121,-1.0171489627324086,3.092931355225164,-0.4559853455206131,0.9824460715350812
70.0,122.0,161.15728759765625,-1.9534206856324816,1.7536378394229737,-4.890109816254475,-3.0956079319477503,-3.0662115030366284,0.8279698431872164,-1.019189610828445,4.304919778195342,-0.4515226464921155,0.7024576952550962
70.0,122.0,140.29205322265625,-2.092704271842877,1.7796224063623034,-4.921172272670429,-3.0279828456016062,-2.4851918766404864,0.8475471883929954,-0.5277404870213456,3.964425609552989,-0.4513792922172942,1.3172625421912398
70.0,122.0,140.12632751464844,-2.1215491880816293,1.7792238858973313,-4.920577197043221,-3.027929973928153,-2.4890769664046006,0.8472367759435059,-0.5498216813081094,3.9735488143390736,-0.450876297400725,1.3222903813229892
70.0,122.0,143.24349975585938,-2.128533234080406,1.7868032697988063,-4.940104940010339,-3.034779864246622,-2.489104346534115,0.8435885521224269,-1.049761213277737,3.95519536192777,-0.4527298978945417,1.322804521062937
70.0,122.0,150.95826721191406,-2.1262525097823337,1.7737189882144293,-4.926724315985826,-3.0259742329384216,-2.437463469842107,1.4099652745982325,-1.0262765149084487,3.9233814230264574,-0.4512474950726279,1.609887845109697
70.0,122.0,156.08035278320312,-2.1580996450789263,1.728328627406782,-4.879695436337815,-3.0850529772078543,-3.06587044186364,0.8359929899162684,-1.015638048938622,3.5437633377229565,-0.4462973345896071,0.7233871726910266
70.0,122.0,145.83074951171875,-2.1182021524849444,1.8078905911135548,-4.935700425047287,-2.9794937688851824,-2.4827301949732017,0.8507230196630945,-1.052661683502819,3.970937820545013,-0.4537632926829645,1.6362450208066313
70.0,122.0,142.9798126220703,-2.1220829198845297,1.779816139448701,-4.916527573251591,-3.02469365005042,-2.497106128890054,0.8394429982048441,-1.0497138158275474,3.959478534814511,-0.4503832498699787,1.3264084915991838
70.0,122.0,140.63870239257812,-2.10679926390394,1.7715796026297312,-4.924155837395888,-3.028278571499607,-2.490646394218512,0.841984296736348,-0.5156651528705621,3.973258449190348,-0.4521359260348891,1.3215050127700307
70.0,122.0,142.00851440429688,-2.1226668261747985,1.77301812426643,-4.918393372178939,-3.033592213260248,-2.476133607336268,0.8281757634197449,-0.1435684275274539,3.988111282198529,-0.4543196249293078,1.320546779507941
70.0,122.0,145.51785278320312,-2.126771842195532,1.7670477007423182,-4.9204922003124985,-3.0347375076084453,-2.5383422307312813,0.8687211962592126,-1.0296164895992543,3.981699626098981,-0.4690457710752135,1.3215946527643532
70.0,122.0,140.0362091064453,-2.121924358678077,1.7792028066075294,-4.918759838099927,-3.032773542817324,-2.490193648566313,0.8467825409558875,-0.5280131587354278,3.967725551798917,-0.4509176876331131,1.322280599399067
70.0,122.0,143.77976989746094,-2.090505492232815,1.7746837755457456,-4.927630124357569,-3.0560179816904194,-2.484891176152149,0.8273372251040916,-1.050737962835111,3.954398361079628,-0.4518568018256002,1.3213216143176292
70.0,122.0,177.90628051757812,-0.9480992037287066,1.6698462529856726,-4.92126265432442,-3.066282443454009,-3.048841576344093,1.9184003846581128,-1.029547548154336,4.407033002134062,-0.5675828178794807,0.7291447687456702
70.0,122.0,140.9718475341797,-2.125555403700584,1.834448362948937,-4.923553580627899,-3.027269359781092,-2.496642717177834,0.8452673207663824,-0.5429606047965838,3.964565127773959,-0.449260105867078,1.3287363897385336
70.0,122.0,140.55001831054688,-2.122329315786468,1.802061285371577,-4.931716526883416,-3.0283693764857564,-2.486060058575672,0.8457611210177214,-0.5347108318649818,3.980144941527816,-0.4523532917964609,1.322373004556118
70.0,122.0,149.86083984375,-2.12290973532822,1.7678672280638843,-4.933681346827862,-3.0281690041240785,-2.4860633919118627,0.9010736490337464,-1.0043492977172703,4.342770552392945,-0.4457589969867184,1.2979840525979809
70.0,122.0,158.6701202392578,-2.1857370830077456,1.805632466204849,-4.940854356766674,-3.005138807218757,-3.0246378506615588,0.8536471484048354,-1.0576747830684972,4.365038786171499,-0.4655393619409302,1.8763462867536829
70.0,122.0,143.2933349609375,-2.1203525686859868,1.777169025698231,-4.928499488842603,-3.0297698697712403,-2.469901837381152,0.8512021806158875,-1.0461327264851428,3.959982844588521,-0.4505524709994553,1.3222620643327747
70.0,122.0,141.0843048095703,-2.124149455607269,1.7766151066120937,-4.917168928933022,-2.9731319939279293,-2.4790568065844263,0.8520437271489193,-0.0969474955085968,3.978393913173271,-0.4502242409565731,1.3164611436705125
70.0,122.0,143.687744140625,-2.119135877622995,1.7858790535117344,-4.926297384148498,-3.0223549026938223,-2.483472264448057,0.867004155890277,-1.0451223867711854,3.9505637829294233,-0.4488945299303529,1.3200439423841328
70.0,122.0,147.732666015625,-2.129226284493474,1.794948561183719,-4.928015957305518,-3.060761302254257,-2.4820283353734123,1.4189591683472205,-1.050654230389559,3.999420209945351,-0.4463595266217796,1.318098215826905
70.0,122.0,153.1660919189453,-2.121447798556532,1.8336876551817392,-4.9380753146679925,-3.094233202647145,-3.0649950223856144,0.8354321701101891,-1.021508757068139,3.955010029302585,-0.4447028575291981,0.7080551592072115
70.0,122.0,142.1283721923828,-2.1192890279676746,1.7984264980446047,-4.92041992272411,-3.023637196291919,-2.4862630705474427,0.8392563093769569,-0.5088082330646075,3.99275164134204,-0.4506043871085918,1.3222941943722175
70.0,122.0,144.48789978027344,-2.141046964113209,1.771880474365917,-4.911381224157521,-3.040130457582591,-2.517262630056656,0.8055665997807893,-1.0369607176572375,3.977882256769657,-0.4549739669163189,1.3219810566530266
70.0,122.0,172.3175811767578,-2.278957464571469,1.803862315744612,-4.952411569651946,-3.158996863808101,-3.094778434193575,0.8282607679651502,-0.1544410578692941,4.874719110565707,-0.4065243757509901,1.6724782787171233
70.0,122.0,150.5499267578125,-2.11968739608623,1.755035030369485,-4.927208819748874,-3.0244678618957064,-2.0218319945465275,0.8106048132035997,-1.0135414794231097,3.9867357123238514,-0.4552261932641993,1.349251448476138
70.0,122.0,140.70806884765625,-2.1170765257260005,1.7786727018614492,-4.886691515714032,-3.0032452423189584,-2.490826029221292,0.8457199841861938,-0.5221104655596113,3.970749928697078,-0.4471574466552951,1.3225873864163096
70.0,122.0,143.6717529296875,-2.156491978467087,1.7848226430137946,-4.937289081138338,-3.015584518911508,-2.4952668236488216,0.8392536062907989,-1.048874207228421,3.9749121325547967,-0.4509797059062946,1.3121867831926637
70.0,122.0,144.7122802734375,-2.1236477188563736,1.760210605317344,-4.968640726013495,-3.0596346114933914,-2.487900905582618,0.8442513975772876,-0.1667482051816308,3.972711114013121,-0.4525342185962696,1.3064277753410942
70.0,122.0,143.03529357910156,-2.117370256525164,1.7597791063824737,-4.927340402715255,-3.025785378122776,-2.489657218927691,0.8456520171415518,-1.0464888246185713,3.960679051125042,-0.4507665819398203,1.322287064063819
70.0,122.0,144.82421875,-2.1264841201724813,1.769600265742386,-4.930586471837423,-3.03613468833276,-2.4884521275327214,0.8485880166617503,-1.0462345328585665,3.981837836162746,-0.4723529696341845,1.311208663761105
70.0,122.0,146.584716796875,-2.103115268970947,1.7773525520170366,-4.8991595252982325,-3.0347150506673737,-2.5711874065489764,0.8116258795517473,-1.035978714195854,3.971544582710554,-0.4467989748149475,1.6285298446205214
70.0,122.0,143.8277587890625,-2.1248830858866543,1.7802090878779313,-4.936753072080505,-3.0101865241049657,-1.9782824049959105,0.8420858723207358,-1.0500881416038224,3.96241728300316,-0.4534587791217112,1.321746580187323
70.0,122.0,143.25624084472656,-2.126201498395338,1.776447180426718,-4.911038367938904,-3.0189203841660275,-2.5141724623159933,0.8453948594086856,-1.0516125740393008,3.96882708303868,-0.4538285156769916,1.3222958490239185
70.0,122.0,144.13926696777344,-2.1426019547486788,1.7785285075021806,-4.923482727226791,-3.024286681977763,-2.500562515375972,0.850187420445199,-1.067556983672573,3.9692619420082407,-0.4484572013252822,1.3290544873768846
70.0,122.0,155.14508056640625,-2.144416528898283,1.7532622941419214,-4.910340166670732,-3.045212005694971,-1.9538792327145715,0.8337103093690844,-1.0439633387742353,3.904955445319976,-0.4075869564763927,0.7623833671535221
70.0,122.0,140.76686096191406,-2.170695841499955,1.7784186373092663,-4.921483408786589,-3.028149773509264,-2.4926401653456747,0.8426221415119702,-0.5194478138776373,3.967601226841812,-0.4507670013439944,1.3222571826987524
70.0,122.0,183.65969848632807,-1.5338700555787514,1.847762832114995,-4.9100535406756585,-2.976708588161438,-2.538712066989127,0.7725277183395802,-1.0434215777564533,4.28073311359245,-0.5229133794346381,1.0156653556004689
70.0,122.0,157.8895721435547,-2.151116586352581,1.7765067177928218,-4.954217446239854,-3.688038395004858,-2.586077377730949,0.8144731752930827,-0.6122097261475492,3.624379146848815,-0.454328507982406,0.9702287003031408
70.0,122.0,160.38934326171875,-2.1239526524329047,1.7532778008160277,-4.793683137872873,-2.992665936417859,-3.0883299703921034,0.7444479414625762,-1.0498487622640318,3.959048847339001,-0.7967959506285662,0.7170082799296202
70.0,122.0,140.86453247070312,-2.1351373310080795,1.7800482052858773,-4.912402077396855,-3.0289206888195275,-2.4879246953700624,0.8622177855849812,-0.5202131899875674,3.978503394477124,-0.4491757029351612,1.3220464120642956
70.0,122.0,155.30633544921875,-2.110355142561264,1.7355664246072802,-4.897661520156259,-3.0945963635771343,-3.0647722813398968,0.8256285834289196,-1.0204516952792135,4.389633871132414,-0.4667985076585941,0.7287559592886229
70.0,122.0,158.0673828125,-2.13478528945232,1.8441109636686763,-4.929363763692761,-3.1294766675918138,-3.0546509867568057,1.330469986782295,-1.0107985278553162,3.543151829295136,-0.4498499097984712,0.7093224768745058
70.0,122.0,151.25607299804688,-2.172037136009037,1.7295055121999343,-4.886813252907739,-3.044272093932116,-2.527211347557737,0.8736419156014977,-1.0803740810791176,4.326682419773425,-0.4568381444550614,1.020613823807618
70.0,122.0,165.35855102539062,-2.0411344005614884,1.8033887960812784,-4.990096883276585,-3.0271535952284765,-1.9850275875294443,0.7502007915430735,-1.0075749577924853,3.0752222344234887,-0.4467256416415724,1.0584411608503208
70.0,122.0,165.263427734375,-2.025108824505472,1.819420873531608,-4.880777358367313,-3.048511178555349,-3.076473591889685,0.724041054625411,-1.045823708623605,4.79798916193166,-0.408550783489008,0.6991762171530035
70.0,122.0,147.6595916748047,-2.191540710131359,1.7768596351457293,-4.928132938788525,-3.0311465947677627,-2.4551492063965243,0.8559432135813866,-1.0743890442504118,3.948423500283928,-0.4440404965886042,1.3016042613862342
70.0,122.0,160.2692413330078,-1.055922459328694,1.7735920722761906,-4.937958133848109,-1.695201673496223,-3.064020344723154,0.8372423768827528,-1.0608401158966236,4.429729571994304,-0.4561175576200931,0.7202760905369371
70.0,123.0,157.60691833496094,-2.1221509371431435,1.8392303061078088,-4.902514539010984,-3.0864103908050646,-3.0538475418464337,0.8517324402109121,-1.0171489627324086,3.092931355225164,-0.4559853455206131,0.9824460715350812
70.0,123.0,161.15728759765625,-1.9534206856324816,1.7536378394229737,-4.890109816254475,-3.0956079319477503,-3.0662115030366284,0.8279698431872164,-1.019189610828445,4.304919778195342,-0.4515226464921155,0.7024576952550962
70.0,123.0,140.29205322265625,-2.092704271842877,1.7796224063623034,-4.921172272670429,-3.0279828456016062,-2.4851918766404864,0.8475471883929954,-0.5277404870213456,3.964425609552989,-0.4513792922172942,1.3172625421912398
70.0,123.0,140.12632751464844,-2.1215491880816293,1.7792238858973313,-4.920577197043221,-3.027929973928153,-2.4890769664046006,0.8472367759435059,-0.5498216813081094,3.9735488143390736,-0.450876297400725,1.3222903813229892
70.0,123.0,143.24349975585938,-2.128533234080406,1.7868032697988063,-4.940104940010339,-3.034779864246622,-2.489104346534115,0.8435885521224269,-1.049761213277737,3.95519536192777,-0.4527298978945417,1.322804521062937
70.0,123.0,150.95826721191406,-2.1262525097823337,1.7737189882144293,-4.926724315985826,-3.0259742329384216,-2.437463469842107,1.4099652745982325,-1.0262765149084487,3.9233814230264574,-0.4512474950726279,1.609887845109697
70.0,123.0,156.08035278320312,-2.1580996450789263,1.728328627406782,-4.879695436337815,-3.0850529772078543,-3.06587044186364,0.8359929899162684,-1.015638048938622,3.5437633377229565,-0.4462973345896071,0.7233871726910266
70.0,123.0,145.83074951171875,-2.1182021524849444,1.8078905911135548,-4.935700425047287,-2.9794937688851824,-2.4827301949732017,0.8507230196630945,-1.052661683502819,3.970937820545013,-0.4537632926829645,1.6362450208066313
70.0,123.0,142.9798126220703,-2.1220829198845297,1.779816139448701,-4.916527573251591,-3.02469365005042,-2.497106128890054,0.8394429982048441,-1.0497138158275474,3.959478534814511,-0.4503832498699787,1.3264084915991838
70.0,123.0,140.63870239257812,-2.10679926390394,1.7715796026297312,-4.924155837395888,-3.028278571499607,-2.490646394218512,0.841984296736348,-0.5156651528705621,3.973258449190348,-0.4521359260348891,1.3215050127700307
70.0,123.0,141.74156188964844,-2.1226740822816854,1.7736387905413424,-4.918288196020484,-3.035982946954099,-2.484936598206667,0.8209326233857932,-0.132630120986342,3.998054089499625,-0.4470700933029762,1.3206793143670754
70.0,123.0,145.51785278320312,-2.126771842195532,1.7670477007423182,-4.9204922003124985,-3.0347375076084453,-2.5383422307312813,0.8687211962592126,-1.0296164895992543,3.981699626098981,-0.4690457710752135,1.3215946527643532
70.0,123.0,139.1177978515625,-2.121924358678077,2.666080249734612,-4.918759838099927,-3.032773542817324,-2.490193648566313,0.8467825409558875,-0.5280131587354278,3.967725551798917,-0.4509176876331131,1.322280599399067
70.0,123.0,143.77976989746094,-2.090505492232815,1.7746837755457456,-4.927630124357569,-3.0560179816904194,-2.484891176152149,0.8273372251040916,-1.050737962835111,3.954398361079628,-0.4518568018256002,1.3213216143176292
70.0,123.0,177.90628051757812,-0.9480992037287066,1.6698462529856726,-4.92126265432442,-3.066282443454009,-3.048841576344093,1.9184003846581128,-1.029547548154336,4.407033002134062,-0.5675828178794807,0.7291447687456702
70.0,123.0,140.9718475341797,-2.125555403700584,1.834448362948937,-4.923553580627899,-3.027269359781092,-2.496642717177834,0.8452673207663824,-0.5429606047965838,3.964565127773959,-0.449260105867078,1.3287363897385336
70.0,123.0,140.55001831054688,-2.122329315786468,1.802061285371577,-4.931716526883416,-3.0283693764857564,-2.486060058575672,0.8457611210177214,-0.5347108318649818,3.980144941527816,-0.4523532917964609,1.322373004556118
70.0,123.0,149.86083984375,-2.12290973532822,1.7678672280638843,-4.933681346827862,-3.0281690041240785,-2.4860633919118627,0.9010736490337464,-1.0043492977172703,4.342770552392945,-0.4457589969867184,1.2979840525979809
70.0,123.0,158.6701202392578,-2.1857370830077456,1.805632466204849,-4.940854356766674,-3.005138807218757,-3.0246378506615588,0.8536471484048354,-1.0576747830684972,4.365038786171499,-0.4655393619409302,1.8763462867536829
70.0,123.0,139.79449462890625,-2.1201880285964942,1.77801030972033,-4.921817138082045,-3.0297155253092694,-2.4721975815964723,0.84885514143139,-0.1232808297474687,3.9728570119508433,-0.4514987954130431,1.322301143745074
70.0,123.0,141.0843048095703,-2.124149455607269,1.7766151066120937,-4.917168928933022,-2.9731319939279293,-2.4790568065844263,0.8520437271489193,-0.0969474955085968,3.978393913173271,-0.4502242409565731,1.3164611436705125
70.0,123.0,143.687744140625,-2.119135877622995,1.7858790535117344,-4.926297384148498,-3.0223549026938223,-2.483472264448057,0.867004155890277,-1.0451223867711854,3.9505637829294233,-0.4488945299303529,1.3200439423841328
70.0,123.0,147.732666015625,-2.129226284493474,1.794948561183719,-4.928015957305518,-3.060761302254257,-2.4820283353734123,1.4189591683472205,-1.050654230389559,3.999420209945351,-0.4463595266217796,1.318098215826905
70.0,123.0,153.1660919189453,-2.121447798556532,1.8336876551817392,-4.9380753146679925,-3.094233202647145,-3.0649950223856144,0.8354321701101891,-1.021508757068139,3.955010029302585,-0.4447028575291981,0.7080551592072115
70.0,123.0,142.1283721923828,-2.1192890279676746,1.7984264980446047,-4.92041992272411,-3.023637196291919,-2.4862630705474427,0.8392563093769569,-0.5088082330646075,3.99275164134204,-0.4506043871085918,1.3222941943722175
70.0,123.0,144.48789978027344,-2.141046964113209,1.771880474365917,-4.911381224157521,-3.040130457582591,-2.517262630056656,0.8055665997807893,-1.0369607176572375,3.977882256769657,-0.4549739669163189,1.3219810566530266
70.0,123.0,172.3175811767578,-2.278957464571469,1.803862315744612,-4.952411569651946,-3.158996863808101,-3.094778434193575,0.8282607679651502,-0.1544410578692941,4.874719110565707,-0.4065243757509901,1.6724782787171233
70.0,123.0,150.5499267578125,-2.11968739608623,1.755035030369485,-4.927208819748874,-3.0244678618957064,-2.0218319945465275,0.8106048132035997,-1.0135414794231097,3.9867357123238514,-0.4552261932641993,1.349251448476138
70.0,123.0,140.70806884765625,-2.1170765257260005,1.7786727018614492,-4.886691515714032,-3.0032452423189584,-2.490826029221292,0.8457199841861938,-0.5221104655596113,3.970749928697078,-0.4471574466552951,1.3225873864163096
70.0,123.0,143.6717529296875,-2.156491978467087,1.7848226430137946,-4.937289081138338,-3.015584518911508,-2.4952668236488216,0.8392536062907989,-1.048874207228421,3.9749121325547967,-0.4509797059062946,1.3121867831926637
70.0,123.0,142.40072631835938,-2.121646521791928,1.753174757011645,-4.956966705710904,-3.097350806547635,-2.492643860680988,0.8491242490777567,-0.0536979377731923,3.96792452732735,-0.449127038362077,1.3230957434348551
70.0,123.0,143.03529357910156,-2.117370256525164,1.7597791063824737,-4.927340402715255,-3.025785378122776,-2.489657218927691,0.8456520171415518,-1.0464888246185713,3.960679051125042,-0.4507665819398203,1.322287064063819
70.0,123.0,140.52117919921875,-2.1272497769988306,1.774468940747441,-4.918171862643308,-3.039466282870276,-2.4890347571925453,0.8476899259151214,-0.521753245229758,3.96549093137469,-0.4572526271482879,1.3258236409937911
70.0,123.0,146.584716796875,-2.103115268970947,1.7773525520170366,-4.8991595252982325,-3.0347150506673737,-2.5711874065489764,0.8116258795517473,-1.035978714195854,3.971544582710554,-0.4467989748149475,1.6285298446205214
70.0,123.0,143.8277587890625,-2.1248830858866543,1.7802090878779313,-4.936753072080505,-3.0101865241049657,-1.9782824049959105,0.8420858723207358,-1.0500881416038224,3.96241728300316,-0.4534587791217112,1.321746580187323
70.0,123.0,143.25624084472656,-2.126201498395338,1.776447180426718,-4.911038367938904,-3.0189203841660275,-2.5141724623159933,0.8453948594086856,-1.0516125740393008,3.96882708303868,-0.4538285156769916,1.3222958490239185
70.0,123.0,144.13926696777344,-2.1426019547486788,1.7785285075021806,-4.923482727226791,-3.024286681977763,-2.500562515375972,0.850187420445199,-1.067556983672573,3.9692619420082407,-0.4484572013252822,1.3290544873768846
70.0,123.0,155.14508056640625,-2.144416528898283,1.7532622941419214,-4.910340166670732,-3.045212005694971,-1.9538792327145715,0.8337103093690844,-1.0439633387742353,3.904955445319976,-0.4075869564763927,0.7623833671535221
70.0,123.0,140.76686096191406,-2.170695841499955,1.7784186373092663,-4.921483408786589,-3.028149773509264,-2.4926401653456747,0.8426221415119702,-0.5194478138776373,3.967601226841812,-0.4507670013439944,1.3222571826987524
70.0,123.0,183.65969848632807,-1.5338700555787514,1.847762832114995,-4.9100535406756585,-2.976708588161438,-2.538712066989127,0.7725277183395802,-1.0434215777564533,4.28073311359245,-0.5229133794346381,1.0156653556004689
70.0,123.0,157.8895721435547,-2.151116586352581,1.7765067177928218,-4.954217446239854,-3.688038395004858,-2.586077377730949,0.8144731752930827,-0.6122097261475492,3.624379146848815,-0.454328507982406,0.9702287003031408
70.0,123.0,160.38934326171875,-2.1239526524329047,1.7532778008160277,-4.793683137872873,-2.992665936417859,-3.0883299703921034,0.7444479414625762,-1.0498487622640318,3.959048847339001,-0.7967959506285662,0.7170082799296202
70.0,123.0,140.86453247070312,-2.1351373310080795,1.7800482052858773,-4.912402077396855,-3.0289206888195275,-2.4879246953700624,0.8622177855849812,-0.5202131899875674,3.978503394477124,-0.4491757029351612,1.3220464120642956
70.0,123.0,155.30633544921875,-2.110355142561264,1.7355664246072802,-4.897661520156259,-3.0945963635771343,-3.0647722813398968,0.8256285834289196,-1.0204516952792135,4.389633871132414,-0.4667985076585941,0.7287559592886229
70.0,123.0,158.0673828125,-2.13478528945232,1.8441109636686763,-4.929363763692761,-3.1294766675918138,-3.0546509867568057,1.330469986782295,-1.0107985278553162,3.543151829295136,-0.4498499097984712,0.7093224768745058
70.0,123.0,151.25607299804688,-2.172037136009037,1.7295055121999343,-4.886813252907739,-3.044272093932116,-2.527211347557737,0.8736419156014977,-1.0803740810791176,4.326682419773425,-0.4568381444550614,1.020613823807618
70.0,123.0,165.35855102539062,-2.0411344005614884,1.8033887960812784,-4.990096883276585,-3.0271535952284765,-1.9850275875294443,0.7502007915430735,-1.0075749577924853,3.0752222344234887,-0.4467256416415724,1.0584411608503208
70.0,123.0,165.263427734375,-2.025108824505472,1.819420873531608,-4.880777358367313,-3.048511178555349,-3.076473591889685,0.724041054625411,-1.045823708623605,4.79798916193166,-0.408550783489008,0.6991762171530035
70.0,123.0,147.6595916748047,-2.191540710131359,1.7768596351457293,-4.928132938788525,-3.0311465947677627,-2.4551492063965243,0.8559432135813866,-1.0743890442504118,3.948423500283928,-0.4440404965886042,1.3016042613862342
70.0,123.0,160.2692413330078,-1.055922459328694,1.7735920722761906,-4.937958133848109,-1.695201673496223,-3.064020344723154,0.8372423768827528,-1.0608401158966236,4.429729571994304,-0.4561175576200931,0.7202760905369371
70.0,124.0,157.60691833496094,-2.1221509371431435,1.8392303061078088,-4.902514539010984,-3.0864103908050646,-3.0538475418464337,0.8517324402109121,-1.0171489627324086,3.092931355225164,-0.4559853455206131,0.9824460715350812
70.0,124.0,161.15728759765625,-1.9534206856324816,1.7536378394229737,-4.890109816254475,-3.0956079319477503,-3.0662115030366284,0.8279698431872164,-1.019189610828445,4.304919778195342,-0.4515226464921155,0.7024576952550962
70.0,124.0,140.29205322265625,-2.092704271842877,1.7796224063623034,-4.921172272670429,-3.0279828456016062,-2.4851918766404864,0.8475471883929954,-0.5277404870213456,3.964425609552989,-0.4513792922172942,1.3172625421912398
70.0,124.0,140.12632751464844,-2.1215491880816293,1.7792238858973313,-4.920577197043221,-3.027929973928153,-2.4890769664046006,0.8472367759435059,-0.5498216813081094,3.9735488143390736,-0.450876297400725,1.3222903813229892
70.0,124.0,143.24349975585938,-2.128533234080406,1.7868032697988063,-4.940104940010339,-3.034779864246622,-2.489104346534115,0.8435885521224269,-1.049761213277737,3.95519536192777,-0.4527298978945417,1.322804521062937
70.0,124.0,150.95826721191406,-2.1262525097823337,1.7737189882144293,-4.926724315985826,-3.0259742329384216,-2.437463469842107,1.4099652745982325,-1.0262765149084487,3.9233814230264574,-0.4512474950726279,1.609887845109697
70.0,124.0,156.08035278320312,-2.1580996450789263,1.728328627406782,-4.879695436337815,-3.0850529772078543,-3.06587044186364,0.8359929899162684,-1.015638048938622,3.5437633377229565,-0.4462973345896071,0.7233871726910266
70.0,124.0,145.83074951171875,-2.1182021524849444,1.8078905911135548,-4.935700425047287,-2.9794937688851824,-2.4827301949732017,0.8507230196630945,-1.052661683502819,3.970937820545013,-0.4537632926829645,1.6362450208066313
70.0,124.0,142.9798126220703,-2.1220829198845297,1.779816139448701,-4.916527573251591,-3.02469365005042,-2.497106128890054,0.8394429982048441,-1.0497138158275474,3.959478534814511,-0.4503832498699787,1.3264084915991838
70.0,124.0,140.63870239257812,-2.10679926390394,1.7715796026297312,-4.924155837395888,-3.028278571499607,-2.490646394218512,0.841984296736348,-0.5156651528705621,3.973258449190348,-0.4521359260348891,1.3215050127700307
70.0,124.0,141.74156188964844,-2.1226740822816854,1.7736387905413424,-4.918288196020484,-3.035982946954099,-2.484936598206667,0.8209326233857932,-0.132630120986342,3.998054089499625,-0.4470700933029762,1.3206793143670754
70.0,124.0,145.51785278320312,-2.126771842195532,1.7670477007423182,-4.9204922003124985,-3.0347375076084453,-2.5383422307312813,0.8687211962592126,-1.0296164895992543,3.981699626098981,-0.4690457710752135,1.3215946527643532
70.0,124.0,139.1177978515625,-2.121924358678077,2.666080249734612,-4.918759838099927,-3.032773542817324,-2.490193648566313,0.8467825409558875,-0.5280131587354278,3.967725551798917,-0.4509176876331131,1.322280599399067
70.0,124.0,143.77976989746094,-2.090505492232815,1.7746837755457456,-4.927630124357569,-3.0560179816904194,-2.484891176152149,0.8273372251040916,-1.050737962835111,3.954398361079628,-0.4518568018256002,1.3213216143176292
70.0,124.0,177.90628051757812,-0.9480992037287066,1.6698462529856726,-4.92126265432442,-3.066282443454009,-3.048841576344093,1.9184003846581128,-1.029547548154336,4.407033002134062,-0.5675828178794807,0.7291447687456702
70.0,124.0,140.9718475341797,-2.125555403700584,1.834448362948937,-4.923553580627899,-3.027269359781092,-2.496642717177834,0.8452673207663824,-0.5429606047965838,3.964565127773959,-0.449260105867078,1.3287363897385336
70.0,124.0,140.55001831054688,-2.122329315786468,1.802061285371577,-4.931716526883416,-3.0283693764857564,-2.486060058575672,0.8457611210177214,-0.5347108318649818,3.980144941527816,-0.4523532917964609,1.322373004556118
70.0,124.0,149.86083984375,-2.12290973532822,1.7678672280638843,-4.933681346827862,-3.0281690041240785,-2.4860633919118627,0.9010736490337464,-1.0043492977172703,4.342770552392945,-0.4457589969867184,1.2979840525979809
70.0,124.0,158.6701202392578,-2.1857370830077456,1.805632466204849,-4.940854356766674,-3.005138807218757,-3.0246378506615588,0.8536471484048354,-1.0576747830684972,4.365038786171499,-0.4655393619409302,1.8763462867536829
70.0,124.0,139.79449462890625,-2.1201880285964942,1.77801030972033,-4.921817138082045,-3.0297155253092694,-2.4721975815964723,0.84885514143139,-0.1232808297474687,3.9728570119508433,-0.4514987954130431,1.322301143745074
70.0,124.0,141.0843048095703,-2.124149455607269,1.7766151066120937,-4.917168928933022,-2.9731319939279293,-2.4790568065844263,0.8520437271489193,-0.0969474955085968,3.978393913173271,-0.4502242409565731,1.3164611436705125
70.0,124.0,142.04434204101562,-2.1210573680121296,2.760012820902653,-4.913159793436586,-3.0330211471215804,-2.48934287054684,0.8480712663332703,-0.5589284878435347,3.997073635648305,-0.4488528281019469,1.323663318159524
70.0,124.0,147.732666015625,-2.129226284493474,1.794948561183719,-4.928015957305518,-3.060761302254257,-2.4820283353734123,1.4189591683472205,-1.050654230389559,3.999420209945351,-0.4463595266217796,1.318098215826905
70.0,124.0,153.1660919189453,-2.121447798556532,1.8336876551817392,-4.9380753146679925,-3.094233202647145,-3.0649950223856144,0.8354321701101891,-1.021508757068139,3.955010029302585,-0.4447028575291981,0.7080551592072115
70.0,124.0,142.1283721923828,-2.1192890279676746,1.7984264980446047,-4.92041992272411,-3.023637196291919,-2.4862630705474427,0.8392563093769569,-0.5088082330646075,3.99275164134204,-0.4506043871085918,1.3222941943722175
70.0,124.0,144.48789978027344,-2.141046964113209,1.771880474365917,-4.911381224157521,-3.040130457582591,-2.517262630056656,0.8055665997807893,-1.0369607176572375,3.977882256769657,-0.4549739669163189,1.3219810566530266
70.0,124.0,172.3175811767578,-2.278957464571469,1.803862315744612,-4.952411569651946,-3.158996863808101,-3.094778434193575,0.8282607679651502,-0.1544410578692941,4.874719110565707,-0.4065243757509901,1.6724782787171233
70.0,124.0,150.5499267578125,-2.11968739608623,1.755035030369485,-4.927208819748874,-3.0244678618957064,-2.0218319945465275,0.8106048132035997,-1.0135414794231097,3.9867357123238514,-0.4552261932641993,1.349251448476138
70.0,124.0,140.70806884765625,-2.1170765257260005,1.7786727018614492,-4.886691515714032,-3.0032452423189584,-2.490826029221292,0.8457199841861938,-0.5221104655596113,3.970749928697078,-0.4471574466552951,1.3225873864163096
70.0,124.0,143.6717529296875,-2.156491978467087,1.7848226430137946,-4.937289081138338,-3.015584518911508,-2.4952668236488216,0.8392536062907989,-1.048874207228421,3.9749121325547967,-0.4509797059062946,1.3121867831926637
70.0,124.0,142.40072631835938,-2.121646521791928,1.753174757011645,-4.956966705710904,-3.097350806547635,-2.492643860680988,0.8491242490777567,-0.0536979377731923,3.96792452732735,-0.449127038362077,1.3230957434348551
70.0,124.0,143.03529357910156,-2.117370256525164,1.7597791063824737,-4.927340402715255,-3.025785378122776,-2.489657218927691,0.8456520171415518,-1.0464888246185713,3.960679051125042,-0.4507665819398203,1.322287064063819
70.0,124.0,140.52117919921875,-2.1272497769988306,1.774468940747441,-4.918171862643308,-3.039466282870276,-2.4890347571925453,0.8476899259151214,-0.521753245229758,3.96549093137469,-0.4572526271482879,1.3258236409937911
70.0,124.0,146.584716796875,-2.103115268970947,1.7773525520170366,-4.8991595252982325,-3.0347150506673737,-2.5711874065489764,0.8116258795517473,-1.035978714195854,3.971544582710554,-0.4467989748149475,1.6285298446205214
70.0,124.0,143.8277587890625,-2.1248830858866543,1.7802090878779313,-4.936753072080505,-3.0101865241049657,-1.9782824049959105,0.8420858723207358,-1.0500881416038224,3.96241728300316,-0.4534587791217112,1.321746580187323
70.0,124.0,143.25624084472656,-2.126201498395338,1.776447180426718,-4.911038367938904,-3.0189203841660275,-2.5141724623159933,0.8453948594086856,-1.0516125740393008,3.96882708303868,-0.4538285156769916,1.3222958490239185
70.0,124.0,144.13926696777344,-2.1426019547486788,1.7785285075021806,-4.923482727226791,-3.024286681977763,-2.500562515375972,0.850187420445199,-1.067556983672573,3.9692619420082407,-0.4484572013252822,1.3290544873768846
70.0,124.0,155.14508056640625,-2.144416528898283,1.7532622941419214,-4.910340166670732,-3.045212005694971,-1.9538792327145715,0.8337103093690844,-1.0439633387742353,3.904955445319976,-0.4075869564763927,0.7623833671535221
70.0,124.0,140.76686096191406,-2.170695841499955,1.7784186373092663,-4.921483408786589,-3.028149773509264,-2.4926401653456747,0.8426221415119702,-0.5194478138776373,3.967601226841812,-0.4507670013439944,1.3222571826987524
70.0,124.0,183.65969848632807,-1.5338700555787514,1.847762832114995,-4.9100535406756585,-2.976708588161438,-2.538712066989127,0.7725277183395802,-1.0434215777564533,4.28073311359245,-0.5229133794346381,1.0156653556004689
70.0,124.0,157.8895721435547,-2.151116586352581,1.7765067177928218,-4.954217446239854,-3.688038395004858,-2.586077377730949,0.8144731752930827,-0.6122097261475492,3.624379146848815,-0.454328507982406,0.9702287003031408
70.0,124.0,160.38934326171875,-2.1239526524329047,1.7532778008160277,-4.793683137872873,-2.992665936417859,-3.0883299703921034,0.7444479414625762,-1.0498487622640318,3.959048847339001,-0.7967959506285662,0.7170082799296202
70.0,124.0,140.86453247070312,-2.1351373310080795,1.7800482052858773,-4.912402077396855,-3.0289206888195275,-2.4879246953700624,0.8622177855849812,-0.5202131899875674,3.978503394477124,-0.4491757029351612,1.3220464120642956
70.0,124.0,155.30633544921875,-2.110355142561264,1.7355664246072802,-4.897661520156259,-3.0945963635771343,-3.0647722813398968,0.8256285834289196,-1.0204516952792135,4.389633871132414,-0.4667985076585941,0.7287559592886229
70.0,124.0,158.0673828125,-2.13478528945232,1.8441109636686763,-4.929363763692761,-3.1294766675918138,-3.0546509867568057,1.330469986782295,-1.0107985278553162,3.543151829295136,-0.4498499097984712,0.7093224768745058
70.0,124.0,151.25607299804688,-2.172037136009037,1.7295055121999343,-4.886813252907739,-3.044272093932116,-2.527211347557737,0.8736419156014977,-1.0803740810791176,4.326682419773425,-0.4568381444550614,1.020613823807618
70.0,124.0,165.35855102539062,-2.0411344005614884,1.8033887960812784,-4.990096883276585,-3.0271535952284765,-1.9850275875294443,0.7502007915430735,-1.0075749577924853,3.0752222344234887,-0.4467256416415724,1.0584411608503208
70.0,124.0,165.263427734375,-2.025108824505472,1.819420873531608,-4.880777358367313,-3.048511178555349,-3.076473591889685,0.724041054625411,-1.045823708623605,4.79798916193166,-0.408550783489008,0.6991762171530035
70.0,124.0,147.6595916748047,-2.191540710131359,1.7768596351457293,-4.928132938788525,-3.0311465947677627,-2.4551492063965243,0.8559432135813866,-1.0743890442504118,3.948423500283928,-0.4440404965886042,1.3016042613862342
70.0,124.0,160.2692413330078,-1.055922459328694,1.7735920722761906,-4.937958133848109,-1.695201673496223,-3.064020344723154,0.8372423768827528,-1.0608401158966236,4.429729571994304,-0.4561175576200931,0.7202760905369371
70.0,125.0,157.60691833496094,-2.1221509371431435,1.8392303061078088,-4.902514539010984,-3.0864103908050646,-3.0538475418464337,0.8517324402109121,-1.0171489627324086,3.092931355225164,-0.4559853455206131,0.9824460715350812
70.0,125.0,161.15728759765625,-1.9534206856324816,1.7536378394229737,-4.890109816254475,-3.0956079319477503,-3.0662115030366284,0.8279698431872164,-1.019189610828445,4.304919778195342,-0.4515226464921155,0.7024576952550962
70.0,125.0,140.29205322265625,-2.092704271842877,1.7796224063623034,-4.921172272670429,-3.0279828456016062,-2.4851918766404864,0.8475471883929954,-0.5277404870213456,3.964425609552989,-0.4513792922172942,1.3172625421912398
70.0,125.0,140.12632751464844,-2.1215491880816293,1.7792238858973313,-4.920577197043221,-3.027929973928153,-2.4890769664046006,0.8472367759435059,-0.5498216813081094,3.9735488143390736,-0.450876297400725,1.3222903813229892
70.0,125.0,143.24349975585938,-2.128533234080406,1.7868032697988063,-4.940104940010339,-3.034779864246622,-2.489104346534115,0.8435885521224269,-1.049761213277737,3.95519536192777,-0.4527298978945417,1.322804521062937
70.0,125.0,150.95826721191406,-2.1262525097823337,1.7737189882144293,-4.926724315985826,-3.0259742329384216,-2.437463469842107,1.4099652745982325,-1.0262765149084487,3.9233814230264574,-0.4512474950726279,1.609887845109697
70.0,125.0,156.08035278320312,-2.1580996450789263,1.728328627406782,-4.879695436337815,-3.0850529772078543,-3.06587044186364,0.8359929899162684,-1.015638048938622,3.5437633377229565,-0.4462973345896071,0.7233871726910266
70.0,125.0,145.83074951171875,-2.1182021524849444,1.8078905911135548,-4.935700425047287,-2.9794937688851824,-2.4827301949732017,0.8507230196630945,-1.052661683502819,3.970937820545013,-0.4537632926829645,1.6362450208066313
70.0,125.0,142.9798126220703,-2.1220829198845297,1.779816139448701,-4.916527573251591,-3.02469365005042,-2.497106128890054,0.8394429982048441,-1.0497138158275474,3.959478534814511,-0.4503832498699787,1.3264084915991838
70.0,125.0,140.63870239257812,-2.10679926390394,1.7715796026297312,-4.924155837395888,-3.028278571499607,-2.490646394218512,0.841984296736348,-0.5156651528705621,3.973258449190348,-0.4521359260348891,1.3215050127700307
70.0,125.0,141.74156188964844,-2.1226740822816854,1.7736387905413424,-4.918288196020484,-3.035982946954099,-2.484936598206667,0.8209326233857932,-0.132630120986342,3.998054089499625,-0.4470700933029762,1.3206793143670754
70.0,125.0,145.51785278320312,-2.126771842195532,1.7670477007423182,-4.9204922003124985,-3.0347375076084453,-2.5383422307312813,0.8687211962592126,-1.0296164895992543,3.981699626098981,-0.4690457710752135,1.3215946527643532
70.0,125.0,139.1177978515625,-2.121924358678077,2.666080249734612,-4.918759838099927,-3.032773542817324,-2.490193648566313,0.8467825409558875,-0.5280131587354278,3.967725551798917,-0.4509176876331131,1.322280599399067
70.0,125.0,143.77976989746094,-2.090505492232815,1.7746837755457456,-4.927630124357569,-3.0560179816904194,-2.484891176152149,0.8273372251040916,-1.050737962835111,3.954398361079628,-0.4518568018256002,1.3213216143176292
70.0,125.0,177.90628051757812,-0.9480992037287066,1.6698462529856726,-4.92126265432442,-3.066282443454009,-3.048841576344093,1.9184003846581128,-1.029547548154336,4.407033002134062,-0.5675828178794807,0.7291447687456702
70.0,125.0,140.9718475341797,-2.125555403700584,1.834448362948937,-4.923553580627899,-3.027269359781092,-2.496642717177834,0.8452673207663824,-0.5429606047965838,3.964565127773959,-0.449260105867078,1.3287363897385336
70.0,125.0,140.55001831054688,-2.122329315786468,1.802061285371577,-4.931716526883416,-3.0283693764857564,-2.486060058575672,0.8457611210177214,-0.5347108318649818,3.980144941527816,-0.4523532917964609,1.322373004556118
70.0,125.0,149.86083984375,-2.12290973532822,1.7678672280638843,-4.933681346827862,-3.0281690041240785,-2.4860633919118627,0.9010736490337464,-1.0043492977172703,4.342770552392945,-0.4457589969867184,1.2979840525979809
70.0,125.0,158.6701202392578,-2.1857370830077456,1.805632466204849,-4.940854356766674,-3.005138807218757,-3.0246378506615588,0.8536471484048354,-1.0576747830684972,4.365038786171499,-0.4655393619409302,1.8763462867536829
70.0,125.0,139.61412048339844,-2.120708309045925,2.646499316157822,-4.919001555223896,-3.0334827950766248,-2.470952181922878,0.8457956422961187,-0.0963203227284782,3.981787003574114,-0.4506643384445651,1.322272781476901
70.0,125.0,141.0843048095703,-2.124149455607269,1.7766151066120937,-4.917168928933022,-2.9731319939279293,-2.4790568065844263,0.8520437271489193,-0.0969474955085968,3.978393913173271,-0.4502242409565731,1.3164611436705125
70.0,125.0,142.04434204101562,-2.1210573680121296,2.760012820902653,-4.913159793436586,-3.0330211471215804,-2.48934287054684,0.8480712663332703,-0.5589284878435347,3.997073635648305,-0.4488528281019469,1.323663318159524
70.0,125.0,147.732666015625,-2.129226284493474,1.794948561183719,-4.928015957305518,-3.060761302254257,-2.4820283353734123,1.4189591683472205,-1.050654230389559,3.999420209945351,-0.4463595266217796,1.318098215826905
70.0,125.0,153.1660919189453,-2.121447798556532,1.8336876551817392,-4.9380753146679925,-3.094233202647145,-3.0649950223856144,0.8354321701101891,-1.021508757068139,3.955010029302585,-0.4447028575291981,0.7080551592072115
70.0,125.0,142.1283721923828,-2.1192890279676746,1.7984264980446047,-4.92041992272411,-3.023637196291919,-2.4862630705474427,0.8392563093769569,-0.5088082330646075,3.99275164134204,-0.4506043871085918,1.3222941943722175
70.0,125.0,144.48789978027344,-2.141046964113209,1.771880474365917,-4.911381224157521,-3.040130457582591,-2.517262630056656,0.8055665997807893,-1.0369607176572375,3.977882256769657,-0.4549739669163189,1.3219810566530266
70.0,125.0,172.3175811767578,-2.278957464571469,1.803862315744612,-4.952411569651946,-3.158996863808101,-3.094778434193575,0.8282607679651502,-0.1544410578692941,4.874719110565707,-0.4065243757509901,1.6724782787171233
70.0,125.0,150.5499267578125,-2.11968739608623,1.755035030369485,-4.927208819748874,-3.0244678618957064,-2.0218319945465275,0.8106048132035997,-1.0135414794231097,3.9867357123238514,-0.4552261932641993,1.349251448476138
70.0,125.0,140.70806884765625,-2.1170765257260005,1.7786727018614492,-4.886691515714032,-3.0032452423189584,-2.490826029221292,0.8457199841861938,-0.5221104655596113,3.970749928697078,-0.4471574466552951,1.3225873864163096
70.0,125.0,143.6717529296875,-2.156491978467087,1.7848226430137946,-4.937289081138338,-3.015584518911508,-2.4952668236488216,0.8392536062907989,-1.048874207228421,3.9749121325547967,-0.4509797059062946,1.3121867831926637
70.0,125.0,142.40072631835938,-2.121646521791928,1.753174757011645,-4.956966705710904,-3.097350806547635,-2.492643860680988,0.8491242490777567,-0.0536979377731923,3.96792452732735,-0.449127038362077,1.3230957434348551
70.0,125.0,142.7872772216797,-2.1181614131370345,2.613775042175564,-4.9288932849424105,-3.0161582075207525,-2.4897375560097164,0.8423664050964915,-0.1627453157365092,3.968798380272048,-0.4508781238799101,1.3221694791872225
70.0,125.0,140.52117919921875,-2.1272497769988306,1.774468940747441,-4.918171862643308,-3.039466282870276,-2.4890347571925453,0.8476899259151214,-0.521753245229758,3.96549093137469,-0.4572526271482879,1.3258236409937911
70.0,125.0,146.584716796875,-2.103115268970947,1.7773525520170366,-4.8991595252982325,-3.0347150506673737,-2.5711874065489764,0.8116258795517473,-1.035978714195854,3.971544582710554,-0.4467989748149475,1.6285298446205214
70.0,125.0,143.8277587890625,-2.1248830858866543,1.7802090878779313,-4.936753072080505,-3.0101865241049657,-1.9782824049959105,0.8420858723207358,-1.0500881416038224,3.96241728300316,-0.4534587791217112,1.321746580187323
70.0,125.0,143.25624084472656,-2.126201498395338,1.776447180426718,-4.911038367938904,-3.0189203841660275,-2.5141724623159933,0.8453948594086856,-1.0516125740393008,3.96882708303868,-0.4538285156769916,1.3222958490239185
70.0,125.0,144.13926696777344,-2.1426019547486788,1.7785285075021806,-4.923482727226791,-3.024286681977763,-2.500562515375972,0.850187420445199,-1.067556983672573,3.9692619420082407,-0.4484572013252822,1.3290544873768846
70.0,125.0,155.14508056640625,-2.144416528898283,1.7532622941419214,-4.910340166670732,-3.045212005694971,-1.9538792327145715,0.8337103093690844,-1.0439633387742353,3.904955445319976,-0.4075869564763927,0.7623833671535221
70.0,125.0,140.76686096191406,-2.170695841499955,1.7784186373092663,-4.921483408786589,-3.028149773509264,-2.4926401653456747,0.8426221415119702,-0.5194478138776373,3.967601226841812,-0.4507670013439944,1.3222571826987524
70.0,125.0,183.65969848632807,-1.5338700555787514,1.847762832114995,-4.9100535406756585,-2.976708588161438,-2.538712066989127,0.7725277183395802,-1.0434215777564533,4.28073311359245,-0.5229133794346381,1.0156653556004689
70.0,125.0,157.8895721435547,-2.151116586352581,1.7765067177928218,-4.954217446239854,-3.688038395004858,-2.586077377730949,0.8144731752930827,-0.6122097261475492,3.624379146848815,-0.454328507982406,0.9702287003031408
70.0,125.0,160.38934326171875,-2.1239526524329047,1.7532778008160277,-4.793683137872873,-2.992665936417859,-3.0883299703921034,0.7444479414625762,-1.0498487622640318,3.959048847339001,-0.7967959506285662,0.7170082799296202
70.0,125.0,140.86453247070312,-2.1351373310080795,1.7800482052858773,-4.912402077396855,-3.0289206888195275,-2.4879246953700624,0.8622177855849812,-0.5202131899875674,3.978503394477124,-0.4491757029351612,1.3220464120642956
70.0,125.0,155.30633544921875,-2.110355142561264,1.7355664246072802,-4.897661520156259,-3.0945963635771343,-3.0647722813398968,0.8256285834289196,-1.0204516952792135,4.389633871132414,-0.4667985076585941,0.7287559592886229
70.0,125.0,158.0673828125,-2.13478528945232,1.8441109636686763,-4.929363763692761,-3.1294766675918138,-3.0546509867568057,1.330469986782295,-1.0107985278553162,3.543151829295136,-0.4498499097984712,0.7093224768745058
70.0,125.0,151.25607299804688,-2.172037136009037,1.7295055121999343,-4.886813252907739,-3.044272093932116,-2.527211347557737,0.8736419156014977,-1.0803740810791176,4.326682419773425,-0.4568381444550614,1.020613823807618
70.0,125.0,165.35855102539062,-2.0411344005614884,1.8033887960812784,-4.990096883276585,-3.0271535952284765,-1.9850275875294443,0.7502007915430735,-1.0075749577924853,3.0752222344234887,-0.4467256416415724,1.0584411608503208
70.0,125.0,165.263427734375,-2.025108824505472,1.819420873531608,-4.880777358367313,-3.048511178555349,-3.076473591889685,0.724041054625411,-1.045823708623605,4.79798916193166,-0.408550783489008,0.6991762171530035
70.0,125.0,147.6595916748047,-2.191540710131359,1.7768596351457293,-4.928132938788525,-3.0311465947677627,-2.4551492063965243,0.8559432135813866,-1.0743890442504118,3.948423500283928,-0.4440404965886042,1.3016042613862342
70.0,125.0,160.2692413330078,-1.055922459328694,1.7735920722761906,-4.937958133848109,-1.695201673496223,-3.064020344723154,0.8372423768827528,-1.0608401158966236,4.429729571994304,-0.4561175576200931,0.7202760905369371
70.0,126.0,157.60691833496094,-2.1221509371431435,1.8392303061078088,-4.902514539010984,-3.0864103908050646,-3.0538475418464337,0.8517324402109121,-1.0171489627324086,3.092931355225164,-0.4559853455206131,0.9824460715350812
70.0,126.0,161.15728759765625,-1.9534206856324816,1.7536378394229737,-4.890109816254475,-3.0956079319477503,-3.0662115030366284,0.8279698431872164,-1.019189610828445,4.304919778195342,-0.4515226464921155,0.7024576952550962
70.0,126.0,140.29205322265625,-2.092704271842877,1.7796224063623034,-4.921172272670429,-3.0279828456016062,-2.4851918766404864,0.8475471883929954,-0.5277404870213456,3.964425609552989,-0.4513792922172942,1.3172625421912398
70.0,126.0,140.12632751464844,-2.1215491880816293,1.7792238858973313,-4.920577197043221,-3.027929973928153,-2.4890769664046006,0.8472367759435059,-0.5498216813081094,3.9735488143390736,-0.450876297400725,1.3222903813229892
70.0,126.0,143.24349975585938,-2.128533234080406,1.7868032697988063,-4.940104940010339,-3.034779864246622,-2.489104346534115,0.8435885521224269,-1.049761213277737,3.95519536192777,-0.4527298978945417,1.322804521062937
70.0,126.0,150.95826721191406,-2.1262525097823337,1.7737189882144293,-4.926724315985826,-3.0259742329384216,-2.437463469842107,1.4099652745982325,-1.0262765149084487,3.9233814230264574,-0.4512474950726279,1.609887845109697
70.0,126.0,156.08035278320312,-2.1580996450789263,1.728328627406782,-4.879695436337815,-3.0850529772078543,-3.06587044186364,0.8359929899162684,-1.015638048938622,3.5437633377229565,-0.4462973345896071,0.7233871726910266
70.0,126.0,145.83074951171875,-2.1182021524849444,1.8078905911135548,-4.935700425047287,-2.9794937688851824,-2.4827301949732017,0.8507230196630945,-1.052661683502819,3.970937820545013,-0.4537632926829645,1.6362450208066313
70.0,126.0,142.9798126220703,-2.1220829198845297,1.779816139448701,-4.916527573251591,-3.02469365005042,-2.497106128890054,0.8394429982048441,-1.0497138158275474,3.959478534814511,-0.4503832498699787,1.3264084915991838
70.0,126.0,140.63870239257812,-2.10679926390394,1.7715796026297312,-4.924155837395888,-3.028278571499607,-2.490646394218512,0.841984296736348,-0.5156651528705621,3.973258449190348,-0.4521359260348891,1.3215050127700307
70.0,126.0,141.74156188964844,-2.1226740822816854,1.7736387905413424,-4.918288196020484,-3.035982946954099,-2.484936598206667,0.8209326233857932,-0.132630120986342,3.998054089499625,-0.4470700933029762,1.3206793143670754
70.0,126.0,145.51785278320312,-2.126771842195532,1.7670477007423182,-4.9204922003124985,-3.0347375076084453,-2.5383422307312813,0.8687211962592126,-1.0296164895992543,3.981699626098981,-0.4690457710752135,1.3215946527643532
70.0,126.0,139.1177978515625,-2.121924358678077,2.666080249734612,-4.918759838099927,-3.032773542817324,-2.490193648566313,0.8467825409558875,-0.5280131587354278,3.967725551798917,-0.4509176876331131,1.322280599399067
70.0,126.0,143.77976989746094,-2.090505492232815,1.7746837755457456,-4.927630124357569,-3.0560179816904194,-2.484891176152149,0.8273372251040916,-1.050737962835111,3.954398361079628,-0.4518568018256002,1.3213216143176292
70.0,126.0,177.90628051757812,-0.9480992037287066,1.6698462529856726,-4.92126265432442,-3.066282443454009,-3.048841576344093,1.9184003846581128,-1.029547548154336,4.407033002134062,-0.5675828178794807,0.7291447687456702
70.0,126.0,140.9718475341797,-2.125555403700584,1.834448362948937,-4.923553580627899,-3.027269359781092,-2.496642717177834,0.8452673207663824,-0.5429606047965838,3.964565127773959,-0.449260105867078,1.3287363897385336
70.0,126.0,140.55001831054688,-2.122329315786468,1.802061285371577,-4.931716526883416,-3.0283693764857564,-2.486060058575672,0.8457611210177214,-0.5347108318649818,3.980144941527816,-0.4523532917964609,1.322373004556118
70.0,126.0,149.86083984375,-2.12290973532822,1.7678672280638843,-4.933681346827862,-3.0281690041240785,-2.4860633919118627,0.9010736490337464,-1.0043492977172703,4.342770552392945,-0.4457589969867184,1.2979840525979809
70.0,126.0,158.6701202392578,-2.1857370830077456,1.805632466204849,-4.940854356766674,-3.005138807218757,-3.0246378506615588,0.8536471484048354,-1.0576747830684972,4.365038786171499,-0.4655393619409302,1.8763462867536829
70.0,126.0,139.61412048339844,-2.120708309045925,2.646499316157822,-4.919001555223896,-3.0334827950766248,-2.470952181922878,0.8457956422961187,-0.0963203227284782,3.981787003574114,-0.4506643384445651,1.322272781476901
70.0,126.0,141.0843048095703,-2.124149455607269,1.7766151066120937,-4.917168928933022,-2.9731319939279293,-2.4790568065844263,0.8520437271489193,-0.0969474955085968,3.978393913173271,-0.4502242409565731,1.3164611436705125
70.0,126.0,142.04434204101562,-2.1210573680121296,2.760012820902653,-4.913159793436586,-3.0330211471215804,-2.48934287054684,0.8480712663332703,-0.5589284878435347,3.997073635648305,-0.4488528281019469,1.323663318159524
70.0,126.0,147.732666015625,-2.129226284493474,1.794948561183719,-4.928015957305518,-3.060761302254257,-2.4820283353734123,1.4189591683472205,-1.050654230389559,3.999420209945351,-0.4463595266217796,1.318098215826905
70.0,126.0,153.1660919189453,-2.121447798556532,1.8336876551817392,-4.9380753146679925,-3.094233202647145,-3.0649950223856144,0.8354321701101891,-1.021508757068139,3.955010029302585,-0.4447028575291981,0.7080551592072115
70.0,126.0,142.1283721923828,-2.1192890279676746,1.7984264980446047,-4.92041992272411,-3.023637196291919,-2.4862630705474427,0.8392563093769569,-0.5088082330646075,3.99275164134204,-0.4506043871085918,1.3222941943722175
70.0,126.0,144.48789978027344,-2.141046964113209,1.771880474365917,-4.911381224157521,-3.040130457582591,-2.517262630056656,0.8055665997807893,-1.0369607176572375,3.977882256769657,-0.4549739669163189,1.3219810566530266
70.0,126.0,172.3175811767578,-2.278957464571469,1.803862315744612,-4.952411569651946,-3.158996863808101,-3.094778434193575,0.8282607679651502,-0.1544410578692941,4.874719110565707,-0.4065243757509901,1.6724782787171233
70.0,126.0,150.5499267578125,-2.11968739608623,1.755035030369485,-4.927208819748874,-3.0244678618957064,-2.0218319945465275,0.8106048132035997,-1.0135414794231097,3.9867357123238514,-0.4552261932641993,1.349251448476138
70.0,126.0,140.70806884765625,-2.1170765257260005,1.7786727018614492,-4.886691515714032,-3.0032452423189584,-2.490826029221292,0.8457199841861938,-0.5221104655596113,3.970749928697078,-0.4471574466552951,1.3225873864163096
70.0,126.0,143.6717529296875,-2.156491978467087,1.7848226430137946,-4.937289081138338,-3.015584518911508,-2.4952668236488216,0.8392536062907989,-1.048874207228421,3.9749121325547967,-0.4509797059062946,1.3121867831926637
70.0,126.0,142.40072631835938,-2.121646521791928,1.753174757011645,-4.956966705710904,-3.097350806547635,-2.492643860680988,0.8491242490777567,-0.0536979377731923,3.96792452732735,-0.449127038362077,1.3230957434348551
70.0,126.0,142.7872772216797,-2.1181614131370345,2.613775042175564,-4.9288932849424105,-3.0161582075207525,-2.4897375560097164,0.8423664050964915,-0.1627453157365092,3.968798380272048,-0.4508781238799101,1.3221694791872225
70.0,126.0,140.52117919921875,-2.1272497769988306,1.774468940747441,-4.918171862643308,-3.039466282870276,-2.4890347571925453,0.8476899259151214,-0.521753245229758,3.96549093137469,-0.4572526271482879,1.3258236409937911
70.0,126.0,146.584716796875,-2.103115268970947,1.7773525520170366,-4.8991595252982325,-3.0347150506673737,-2.5711874065489764,0.8116258795517473,-1.035978714195854,3.971544582710554,-0.4467989748149475,1.6285298446205214
70.0,126.0,143.8277587890625,-2.1248830858866543,1.7802090878779313,-4.936753072080505,-3.0101865241049657,-1.9782824049959105,0.8420858723207358,-1.0500881416038224,3.96241728300316,-0.4534587791217112,1.321746580187323
70.0,126.0,143.25624084472656,-2.126201498395338,1.776447180426718,-4.911038367938904,-3.0189203841660275,-2.5141724623159933,0.8453948594086856,-1.0516125740393008,3.96882708303868,-0.4538285156769916,1.3222958490239185
70.0,126.0,144.13926696777344,-2.1426019547486788,1.7785285075021806,-4.923482727226791,-3.024286681977763,-2.500562515375972,0.850187420445199,-1.067556983672573,3.9692619420082407,-0.4484572013252822,1.3290544873768846
70.0,126.0,155.14508056640625,-2.144416528898283,1.7532622941419214,-4.910340166670732,-3.045212005694971,-1.9538792327145715,0.8337103093690844,-1.0439633387742353,3.904955445319976,-0.4075869564763927,0.7623833671535221
70.0,126.0,140.76686096191406,-2.170695841499955,1.7784186373092663,-4.921483408786589,-3.028149773509264,-2.4926401653456747,0.8426221415119702,-0.5194478138776373,3.967601226841812,-0.4507670013439944,1.3222571826987524
70.0,126.0,183.65969848632807,-1.5338700555787514,1.847762832114995,-4.9100535406756585,-2.976708588161438,-2.538712066989127,0.7725277183395802,-1.0434215777564533,4.28073311359245,-0.5229133794346381,1.0156653556004689
70.0,126.0,157.8895721435547,-2.151116586352581,1.7765067177928218,-4.954217446239854,-3.688038395004858,-2.586077377730949,0.8144731752930827,-0.6122097261475492,3.624379146848815,-0.454328507982406,0.9702287003031408
70.0,126.0,160.38934326171875,-2.1239526524329047,1.7532778008160277,-4.793683137872873,-2.992665936417859,-3.0883299703921034,0.7444479414625762,-1.0498487622640318,3.959048847339001,-0.7967959506285662,0.7170082799296202
70.0,126.0,140.86453247070312,-2.1351373310080795,1.7800482052858773,-4.912402077396855,-3.0289206888195275,-2.4879246953700624,0.8622177855849812,-0.5202131899875674,3.978503394477124,-0.4491757029351612,1.3220464120642956
70.0,126.0,155.30633544921875,-2.110355142561264,1.7355664246072802,-4.897661520156259,-3.0945963635771343,-3.0647722813398968,0.8256285834289196,-1.0204516952792135,4.389633871132414,-0.4667985076585941,0.7287559592886229
70.0,126.0,158.0673828125,-2.13478528945232,1.8441109636686763,-4.929363763692761,-3.1294766675918138,-3.0546509867568057,1.330469986782295,-1.0107985278553162,3.543151829295136,-0.4498499097984712,0.7093224768745058
70.0,126.0,151.25607299804688,-2.172037136009037,1.7295055121999343,-4.886813252907739,-3.044272093932116,-2.527211347557737,0.8736419156014977,-1.0803740810791176,4.326682419773425,-0.4568381444550614,1.020613823807618
70.0,126.0,165.35855102539062,-2.0411344005614884,1.8033887960812784,-4.990096883276585,-3.0271535952284765,-1.9850275875294443,0.7502007915430735,-1.0075749577924853,3.0752222344234887,-0.4467256416415724,1.0584411608503208
70.0,126.0,165.263427734375,-2.025108824505472,1.819420873531608,-4.880777358367313,-3.048511178555349,-3.076473591889685,0.724041054625411,-1.045823708623605,4.79798916193166,-0.408550783489008,0.6991762171530035
70.0,126.0,147.6595916748047,-2.191540710131359,1.7768596351457293,-4.928132938788525,-3.0311465947677627,-2.4551492063965243,0.8559432135813866,-1.0743890442504118,3.948423500283928,-0.4440404965886042,1.3016042613862342
70.0,126.0,160.2692413330078,-1.055922459328694,1.7735920722761906,-4.937958133848109,-1.695201673496223,-3.064020344723154,0.8372423768827528,-1.0608401158966236,4.429729571994304,-0.4561175576200931,0.7202760905369371
70.0,127.0,157.60691833496094,-2.1221509371431435,1.8392303061078088,-4.902514539010984,-3.0864103908050646,-3.0538475418464337,0.8517324402109121,-1.0171489627324086,3.092931355225164,-0.4559853455206131,0.9824460715350812
70.0,127.0,161.15728759765625,-1.9534206856324816,1.7536378394229737,-4.890109816254475,-3.0956079319477503,-3.0662115030366284,0.8279698431872164,-1.019189610828445,4.304919778195342,-0.4515226464921155,0.7024576952550962
70.0,127.0,140.29205322265625,-2.092704271842877,1.7796224063623034,-4.921172272670429,-3.0279828456016062,-2.4851918766404864,0.8475471883929954,-0.5277404870213456,3.964425609552989,-0.4513792922172942,1.3172625421912398
70.0,127.0,140.12632751464844,-2.1215491880816293,1.7792238858973313,-4.920577197043221,-3.027929973928153,-2.4890769664046006,0.8472367759435059,-0.5498216813081094,3.9735488143390736,-0.450876297400725,1.3222903813229892
70.0,127.0,143.24349975585938,-2.128533234080406,1.7868032697988063,-4.940104940010339,-3.034779864246622,-2.489104346534115,0.8435885521224269,-1.049761213277737,3.95519536192777,-0.4527298978945417,1.322804521062937
70.0,127.0,150.95826721191406,-2.1262525097823337,1.7737189882144293,-4.926724315985826,-3.0259742329384216,-2.437463469842107,1.4099652745982325,-1.0262765149084487,3.9233814230264574,-0.4512474950726279,1.609887845109697
70.0,127.0,156.08035278320312,-2.1580996450789263,1.728328627406782,-4.879695436337815,-3.0850529772078543,-3.06587044186364,0.8359929899162684,-1.015638048938622,3.5437633377229565,-0.4462973345896071,0.7233871726910266
70.0,127.0,145.83074951171875,-2.1182021524849444,1.8078905911135548,-4.935700425047287,-2.9794937688851824,-2.4827301949732017,0.8507230196630945,-1.052661683502819,3.970937820545013,-0.4537632926829645,1.6362450208066313
70.0,127.0,142.9798126220703,-2.1220829198845297,1.779816139448701,-4.916527573251591,-3.02469365005042,-2.497106128890054,0.8394429982048441,-1.0497138158275474,3.959478534814511,-0.4503832498699787,1.3264084915991838
70.0,127.0,140.63870239257812,-2.10679926390394,1.7715796026297312,-4.924155837395888,-3.028278571499607,-2.490646394218512,0.841984296736348,-0.5156651528705621,3.973258449190348,-0.4521359260348891,1.3215050127700307
70.0,127.0,141.74156188964844,-2.1226740822816854,1.7736387905413424,-4.918288196020484,-3.035982946954099,-2.484936598206667,0.8209326233857932,-0.132630120986342,3.998054089499625,-0.4470700933029762,1.3206793143670754
70.0,127.0,145.51785278320312,-2.126771842195532,1.7670477007423182,-4.9204922003124985,-3.0347375076084453,-2.5383422307312813,0.8687211962592126,-1.0296164895992543,3.981699626098981,-0.4690457710752135,1.3215946527643532
70.0,127.0,139.1177978515625,-2.121924358678077,2.666080249734612,-4.918759838099927,-3.032773542817324,-2.490193648566313,0.8467825409558875,-0.5280131587354278,3.967725551798917,-0.4509176876331131,1.322280599399067
70.0,127.0,143.77976989746094,-2.090505492232815,1.7746837755457456,-4.927630124357569,-3.0560179816904194,-2.484891176152149,0.8273372251040916,-1.050737962835111,3.954398361079628,-0.4518568018256002,1.3213216143176292
70.0,127.0,177.90628051757812,-0.9480992037287066,1.6698462529856726,-4.92126265432442,-3.066282443454009,-3.048841576344093,1.9184003846581128,-1.029547548154336,4.407033002134062,-0.5675828178794807,0.7291447687456702
70.0,127.0,140.9718475341797,-2.125555403700584,1.834448362948937,-4.923553580627899,-3.027269359781092,-2.496642717177834,0.8452673207663824,-0.5429606047965838,3.964565127773959,-0.449260105867078,1.3287363897385336
70.0,127.0,140.55001831054688,-2.122329315786468,1.802061285371577,-4.931716526883416,-3.0283693764857564,-2.486060058575672,0.8457611210177214,-0.5347108318649818,3.980144941527816,-0.4523532917964609,1.322373004556118
70.0,127.0,149.86083984375,-2.12290973532822,1.7678672280638843,-4.933681346827862,-3.0281690041240785,-2.4860633919118627,0.9010736490337464,-1.0043492977172703,4.342770552392945,-0.4457589969867184,1.2979840525979809
70.0,127.0,155.2960662841797,-2.2266314691725286,1.788375596851226,-4.950584305584922,-3.049071767262101,-2.638683652418841,0.8465118506007967,-0.1054621583886064,4.8594375544309925,-0.4437755791998702,1.355552198023204
70.0,127.0,139.61412048339844,-2.120708309045925,2.646499316157822,-4.919001555223896,-3.0334827950766248,-2.470952181922878,0.8457956422961187,-0.0963203227284782,3.981787003574114,-0.4506643384445651,1.322272781476901
70.0,127.0,141.0843048095703,-2.124149455607269,1.7766151066120937,-4.917168928933022,-2.9731319939279293,-2.4790568065844263,0.8520437271489193,-0.0969474955085968,3.978393913173271,-0.4502242409565731,1.3164611436705125
70.0,127.0,142.04434204101562,-2.1210573680121296,2.760012820902653,-4.913159793436586,-3.0330211471215804,-2.48934287054684,0.8480712663332703,-0.5589284878435347,3.997073635648305,-0.4488528281019469,1.323663318159524
70.0,127.0,147.732666015625,-2.129226284493474,1.794948561183719,-4.928015957305518,-3.060761302254257,-2.4820283353734123,1.4189591683472205,-1.050654230389559,3.999420209945351,-0.4463595266217796,1.318098215826905
70.0,127.0,153.1660919189453,-2.121447798556532,1.8336876551817392,-4.9380753146679925,-3.094233202647145,-3.0649950223856144,0.8354321701101891,-1.021508757068139,3.955010029302585,-0.4447028575291981,0.7080551592072115
70.0,127.0,142.1283721923828,-2.1192890279676746,1.7984264980446047,-4.92041992272411,-3.023637196291919,-2.4862630705474427,0.8392563093769569,-0.5088082330646075,3.99275164134204,-0.4506043871085918,1.3222941943722175
70.0,127.0,144.48789978027344,-2.141046964113209,1.771880474365917,-4.911381224157521,-3.040130457582591,-2.517262630056656,0.8055665997807893,-1.0369607176572375,3.977882256769657,-0.4549739669163189,1.3219810566530266
70.0,127.0,172.3175811767578,-2.278957464571469,1.803862315744612,-4.952411569651946,-3.158996863808101,-3.094778434193575,0.8282607679651502,-0.1544410578692941,4.874719110565707,-0.4065243757509901,1.6724782787171233
70.0,127.0,150.5499267578125,-2.11968739608623,1.755035030369485,-4.927208819748874,-3.0244678618957064,-2.0218319945465275,0.8106048132035997,-1.0135414794231097,3.9867357123238514,-0.4552261932641993,1.349251448476138
70.0,127.0,140.70806884765625,-2.1170765257260005,1.7786727018614492,-4.886691515714032,-3.0032452423189584,-2.490826029221292,0.8457199841861938,-0.5221104655596113,3.970749928697078,-0.4471574466552951,1.3225873864163096
70.0,127.0,143.6717529296875,-2.156491978467087,1.7848226430137946,-4.937289081138338,-3.015584518911508,-2.4952668236488216,0.8392536062907989,-1.048874207228421,3.9749121325547967,-0.4509797059062946,1.3121867831926637
70.0,127.0,142.40072631835938,-2.121646521791928,1.753174757011645,-4.956966705710904,-3.097350806547635,-2.492643860680988,0.8491242490777567,-0.0536979377731923,3.96792452732735,-0.449127038362077,1.3230957434348551
70.0,127.0,142.7872772216797,-2.1181614131370345,2.613775042175564,-4.9288932849424105,-3.0161582075207525,-2.4897375560097164,0.8423664050964915,-0.1627453157365092,3.968798380272048,-0.4508781238799101,1.3221694791872225
70.0,127.0,140.52117919921875,-2.1272497769988306,1.774468940747441,-4.918171862643308,-3.039466282870276,-2.4890347571925453,0.8476899259151214,-0.521753245229758,3.96549093137469,-0.4572526271482879,1.3258236409937911
70.0,127.0,146.584716796875,-2.103115268970947,1.7773525520170366,-4.8991595252982325,-3.0347150506673737,-2.5711874065489764,0.8116258795517473,-1.035978714195854,3.971544582710554,-0.4467989748149475,1.6285298446205214
70.0,127.0,143.8277587890625,-2.1248830858866543,1.7802090878779313,-4.936753072080505,-3.0101865241049657,-1.9782824049959105,0.8420858723207358,-1.0500881416038224,3.96241728300316,-0.4534587791217112,1.321746580187323
70.0,127.0,143.25624084472656,-2.126201498395338,1.776447180426718,-4.911038367938904,-3.0189203841660275,-2.5141724623159933,0.8453948594086856,-1.0516125740393008,3.96882708303868,-0.4538285156769916,1.3222958490239185
70.0,127.0,143.3880157470703,-2.1278496828839097,1.803949790301111,-4.914917093978404,-3.0275212047355486,-2.494102296669033,0.8473783417204833,-0.5576720828168575,3.966465171061431,-0.4395132413915947,1.3320589549118091
70.0,127.0,155.14508056640625,-2.144416528898283,1.7532622941419214,-4.910340166670732,-3.045212005694971,-1.9538792327145715,0.8337103093690844,-1.0439633387742353,3.904955445319976,-0.4075869564763927,0.7623833671535221
70.0,127.0,140.76686096191406,-2.170695841499955,1.7784186373092663,-4.921483408786589,-3.028149773509264,-2.4926401653456747,0.8426221415119702,-0.5194478138776373,3.967601226841812,-0.4507670013439944,1.3222571826987524
70.0,127.0,183.65969848632807,-1.5338700555787514,1.847762832114995,-4.9100535406756585,-2.976708588161438,-2.538712066989127,0.7725277183395802,-1.0434215777564533,4.28073311359245,-0.5229133794346381,1.0156653556004689
70.0,127.0,157.8895721435547,-2.151116586352581,1.7765067177928218,-4.954217446239854,-3.688038395004858,-2.586077377730949,0.8144731752930827,-0.6122097261475492,3.624379146848815,-0.454328507982406,0.9702287003031408
70.0,127.0,160.38934326171875,-2.1239526524329047,1.7532778008160277,-4.793683137872873,-2.992665936417859,-3.0883299703921034,0.7444479414625762,-1.0498487622640318,3.959048847339001,-0.7967959506285662,0.7170082799296202
70.0,127.0,140.86453247070312,-2.1351373310080795,1.7800482052858773,-4.912402077396855,-3.0289206888195275,-2.4879246953700624,0.8622177855849812,-0.5202131899875674,3.978503394477124,-0.4491757029351612,1.3220464120642956
70.0,127.0,155.30633544921875,-2.110355142561264,1.7355664246072802,-4.897661520156259,-3.0945963635771343,-3.0647722813398968,0.8256285834289196,-1.0204516952792135,4.389633871132414,-0.4667985076585941,0.7287559592886229
70.0,127.0,158.0673828125,-2.13478528945232,1.8441109636686763,-4.929363763692761,-3.1294766675918138,-3.0546509867568057,1.330469986782295,-1.0107985278553162,3.543151829295136,-0.4498499097984712,0.7093224768745058
70.0,127.0,151.25607299804688,-2.172037136009037,1.7295055121999343,-4.886813252907739,-3.044272093932116,-2.527211347557737,0.8736419156014977,-1.0803740810791176,4.326682419773425,-0.4568381444550614,1.020613823807618
70.0,127.0,165.35855102539062,-2.0411344005614884,1.8033887960812784,-4.990096883276585,-3.0271535952284765,-1.9850275875294443,0.7502007915430735,-1.0075749577924853,3.0752222344234887,-0.4467256416415724,1.0584411608503208
70.0,127.0,165.263427734375,-2.025108824505472,1.819420873531608,-4.880777358367313,-3.048511178555349,-3.076473591889685,0.724041054625411,-1.045823708623605,4.79798916193166,-0.408550783489008,0.6991762171530035
70.0,127.0,147.6595916748047,-2.191540710131359,1.7768596351457293,-4.928132938788525,-3.0311465947677627,-2.4551492063965243,0.8559432135813866,-1.0743890442504118,3.948423500283928,-0.4440404965886042,1.3016042613862342
70.0,127.0,160.2692413330078,-1.055922459328694,1.7735920722761906,-4.937958133848109,-1.695201673496223,-3.064020344723154,0.8372423768827528,-1.0608401158966236,4.429729571994304,-0.4561175576200931,0.7202760905369371
70.0,128.0,157.60691833496094,-2.1221509371431435,1.8392303061078088,-4.902514539010984,-3.0864103908050646,-3.0538475418464337,0.8517324402109121,-1.0171489627324086,3.092931355225164,-0.4559853455206131,0.9824460715350812
70.0,128.0,161.15728759765625,-1.9534206856324816,1.7536378394229737,-4.890109816254475,-3.0956079319477503,-3.0662115030366284,0.8279698431872164,-1.019189610828445,4.304919778195342,-0.4515226464921155,0.7024576952550962
70.0,128.0,140.29205322265625,-2.092704271842877,1.7796224063623034,-4.921172272670429,-3.0279828456016062,-2.4851918766404864,0.8475471883929954,-0.5277404870213456,3.964425609552989,-0.4513792922172942,1.3172625421912398
70.0,128.0,140.12632751464844,-2.1215491880816293,1.7792238858973313,-4.920577197043221,-3.027929973928153,-2.4890769664046006,0.8472367759435059,-0.5498216813081094,3.9735488143390736,-0.450876297400725,1.3222903813229892
70.0,128.0,143.24349975585938,-2.128533234080406,1.7868032697988063,-4.940104940010339,-3.034779864246622,-2.489104346534115,0.8435885521224269,-1.049761213277737,3.95519536192777,-0.4527298978945417,1.322804521062937
70.0,128.0,150.95826721191406,-2.1262525097823337,1.7737189882144293,-4.926724315985826,-3.0259742329384216,-2.437463469842107,1.4099652745982325,-1.0262765149084487,3.9233814230264574,-0.4512474950726279,1.609887845109697
70.0,128.0,156.08035278320312,-2.1580996450789263,1.728328627406782,-4.879695436337815,-3.0850529772078543,-3.06587044186364,0.8359929899162684,-1.015638048938622,3.5437633377229565,-0.4462973345896071,0.7233871726910266
70.0,128.0,145.83074951171875,-2.1182021524849444,1.8078905911135548,-4.935700425047287,-2.9794937688851824,-2.4827301949732017,0.8507230196630945,-1.052661683502819,3.970937820545013,-0.4537632926829645,1.6362450208066313
70.0,128.0,142.9798126220703,-2.1220829198845297,1.779816139448701,-4.916527573251591,-3.02469365005042,-2.497106128890054,0.8394429982048441,-1.0497138158275474,3.959478534814511,-0.4503832498699787,1.3264084915991838
70.0,128.0,140.63870239257812,-2.10679926390394,1.7715796026297312,-4.924155837395888,-3.028278571499607,-2.490646394218512,0.841984296736348,-0.5156651528705621,3.973258449190348,-0.4521359260348891,1.3215050127700307
70.0,128.0,141.74156188964844,-2.1226740822816854,1.7736387905413424,-4.918288196020484,-3.035982946954099,-2.484936598206667,0.8209326233857932,-0.132630120986342,3.998054089499625,-0.4470700933029762,1.3206793143670754
70.0,128.0,145.51785278320312,-2.126771842195532,1.7670477007423182,-4.9204922003124985,-3.0347375076084453,-2.5383422307312813,0.8687211962592126,-1.0296164895992543,3.981699626098981,-0.4690457710752135,1.3215946527643532
70.0,128.0,139.1177978515625,-2.121924358678077,2.666080249734612,-4.918759838099927,-3.032773542817324,-2.490193648566313,0.8467825409558875,-0.5280131587354278,3.967725551798917,-0.4509176876331131,1.322280599399067
70.0,128.0,143.77976989746094,-2.090505492232815,1.7746837755457456,-4.927630124357569,-3.0560179816904194,-2.484891176152149,0.8273372251040916,-1.050737962835111,3.954398361079628,-0.4518568018256002,1.3213216143176292
70.0,128.0,177.90628051757812,-0.9480992037287066,1.6698462529856726,-4.92126265432442,-3.066282443454009,-3.048841576344093,1.9184003846581128,-1.029547548154336,4.407033002134062,-0.5675828178794807,0.7291447687456702
70.0,128.0,140.9718475341797,-2.125555403700584,1.834448362948937,-4.923553580627899,-3.027269359781092,-2.496642717177834,0.8452673207663824,-0.5429606047965838,3.964565127773959,-0.449260105867078,1.3287363897385336
70.0,128.0,140.55001831054688,-2.122329315786468,1.802061285371577,-4.931716526883416,-3.0283693764857564,-2.486060058575672,0.8457611210177214,-0.5347108318649818,3.980144941527816,-0.4523532917964609,1.322373004556118
70.0,128.0,149.86083984375,-2.12290973532822,1.7678672280638843,-4.933681346827862,-3.0281690041240785,-2.4860633919118627,0.9010736490337464,-1.0043492977172703,4.342770552392945,-0.4457589969867184,1.2979840525979809
70.0,128.0,155.2960662841797,-2.2266314691725286,1.788375596851226,-4.950584305584922,-3.049071767262101,-2.638683652418841,0.8465118506007967,-0.1054621583886064,4.8594375544309925,-0.4437755791998702,1.355552198023204
70.0,128.0,139.61412048339844,-2.120708309045925,2.646499316157822,-4.919001555223896,-3.0334827950766248,-2.470952181922878,0.8457956422961187,-0.0963203227284782,3.981787003574114,-0.4506643384445651,1.322272781476901
70.0,128.0,141.0843048095703,-2.124149455607269,1.7766151066120937,-4.917168928933022,-2.9731319939279293,-2.4790568065844263,0.8520437271489193,-0.0969474955085968,3.978393913173271,-0.4502242409565731,1.3164611436705125
70.0,128.0,142.04434204101562,-2.1210573680121296,2.760012820902653,-4.913159793436586,-3.0330211471215804,-2.48934287054684,0.8480712663332703,-0.5589284878435347,3.997073635648305,-0.4488528281019469,1.323663318159524
70.0,128.0,147.732666015625,-2.129226284493474,1.794948561183719,-4.928015957305518,-3.060761302254257,-2.4820283353734123,1.4189591683472205,-1.050654230389559,3.999420209945351,-0.4463595266217796,1.318098215826905
70.0,128.0,153.1660919189453,-2.121447798556532,1.8336876551817392,-4.9380753146679925,-3.094233202647145,-3.0649950223856144,0.8354321701101891,-1.021508757068139,3.955010029302585,-0.4447028575291981,0.7080551592072115
70.0,128.0,142.1283721923828,-2.1192890279676746,1.7984264980446047,-4.92041992272411,-3.023637196291919,-2.4862630705474427,0.8392563093769569,-0.5088082330646075,3.99275164134204,-0.4506043871085918,1.3222941943722175
70.0,128.0,144.48789978027344,-2.141046964113209,1.771880474365917,-4.911381224157521,-3.040130457582591,-2.517262630056656,0.8055665997807893,-1.0369607176572375,3.977882256769657,-0.4549739669163189,1.3219810566530266
70.0,128.0,172.3175811767578,-2.278957464571469,1.803862315744612,-4.952411569651946,-3.158996863808101,-3.094778434193575,0.8282607679651502,-0.1544410578692941,4.874719110565707,-0.4065243757509901,1.6724782787171233
70.0,128.0,150.5499267578125,-2.11968739608623,1.755035030369485,-4.927208819748874,-3.0244678618957064,-2.0218319945465275,0.8106048132035997,-1.0135414794231097,3.9867357123238514,-0.4552261932641993,1.349251448476138
70.0,128.0,140.70806884765625,-2.1170765257260005,1.7786727018614492,-4.886691515714032,-3.0032452423189584,-2.490826029221292,0.8457199841861938,-0.5221104655596113,3.970749928697078,-0.4471574466552951,1.3225873864163096
70.0,128.0,143.6717529296875,-2.156491978467087,1.7848226430137946,-4.937289081138338,-3.015584518911508,-2.4952668236488216,0.8392536062907989,-1.048874207228421,3.9749121325547967,-0.4509797059062946,1.3121867831926637
70.0,128.0,142.40072631835938,-2.121646521791928,1.753174757011645,-4.956966705710904,-3.097350806547635,-2.492643860680988,0.8491242490777567,-0.0536979377731923,3.96792452732735,-0.449127038362077,1.3230957434348551
70.0,128.0,140.0876007080078,-2.1191143309966978,2.7636275569073043,-4.905674777356533,-3.026477303277875,-2.4896974337100186,0.8491121639496949,-0.122108396708982,3.974043471714972,-0.4508710443122379,1.3222043399083954
70.0,128.0,140.52117919921875,-2.1272497769988306,1.774468940747441,-4.918171862643308,-3.039466282870276,-2.4890347571925453,0.8476899259151214,-0.521753245229758,3.96549093137469,-0.4572526271482879,1.3258236409937911
70.0,128.0,146.584716796875,-2.103115268970947,1.7773525520170366,-4.8991595252982325,-3.0347150506673737,-2.5711874065489764,0.8116258795517473,-1.035978714195854,3.971544582710554,-0.4467989748149475,1.6285298446205214
70.0,128.0,143.8277587890625,-2.1248830858866543,1.7802090878779313,-4.936753072080505,-3.0101865241049657,-1.9782824049959105,0.8420858723207358,-1.0500881416038224,3.96241728300316,-0.4534587791217112,1.321746580187323
70.0,128.0,143.25624084472656,-2.126201498395338,1.776447180426718,-4.911038367938904,-3.0189203841660275,-2.5141724623159933,0.8453948594086856,-1.0516125740393008,3.96882708303868,-0.4538285156769916,1.3222958490239185
70.0,128.0,143.3880157470703,-2.1278496828839097,1.803949790301111,-4.914917093978404,-3.0275212047355486,-2.494102296669033,0.8473783417204833,-0.5576720828168575,3.966465171061431,-0.4395132413915947,1.3320589549118091
70.0,128.0,155.14508056640625,-2.144416528898283,1.7532622941419214,-4.910340166670732,-3.045212005694971,-1.9538792327145715,0.8337103093690844,-1.0439633387742353,3.904955445319976,-0.4075869564763927,0.7623833671535221
70.0,128.0,140.76686096191406,-2.170695841499955,1.7784186373092663,-4.921483408786589,-3.028149773509264,-2.4926401653456747,0.8426221415119702,-0.5194478138776373,3.967601226841812,-0.4507670013439944,1.3222571826987524
70.0,128.0,183.65969848632807,-1.5338700555787514,1.847762832114995,-4.9100535406756585,-2.976708588161438,-2.538712066989127,0.7725277183395802,-1.0434215777564533,4.28073311359245,-0.5229133794346381,1.0156653556004689
70.0,128.0,157.8895721435547,-2.151116586352581,1.7765067177928218,-4.954217446239854,-3.688038395004858,-2.586077377730949,0.8144731752930827,-0.6122097261475492,3.624379146848815,-0.454328507982406,0.9702287003031408
70.0,128.0,160.38934326171875,-2.1239526524329047,1.7532778008160277,-4.793683137872873,-2.992665936417859,-3.0883299703921034,0.7444479414625762,-1.0498487622640318,3.959048847339001,-0.7967959506285662,0.7170082799296202
70.0,128.0,140.86453247070312,-2.1351373310080795,1.7800482052858773,-4.912402077396855,-3.0289206888195275,-2.4879246953700624,0.8622177855849812,-0.5202131899875674,3.978503394477124,-0.4491757029351612,1.3220464120642956
70.0,128.0,155.30633544921875,-2.110355142561264,1.7355664246072802,-4.897661520156259,-3.0945963635771343,-3.0647722813398968,0.8256285834289196,-1.0204516952792135,4.389633871132414,-0.4667985076585941,0.7287559592886229
70.0,128.0,158.0673828125,-2.13478528945232,1.8441109636686763,-4.929363763692761,-3.1294766675918138,-3.0546509867568057,1.330469986782295,-1.0107985278553162,3.543151829295136,-0.4498499097984712,0.7093224768745058
70.0,128.0,151.25607299804688,-2.172037136009037,1.7295055121999343,-4.886813252907739,-3.044272093932116,-2.527211347557737,0.8736419156014977,-1.0803740810791176,4.326682419773425,-0.4568381444550614,1.020613823807618
70.0,128.0,165.35855102539062,-2.0411344005614884,1.8033887960812784,-4.990096883276585,-3.0271535952284765,-1.9850275875294443,0.7502007915430735,-1.0075749577924853,3.0752222344234887,-0.4467256416415724,1.0584411608503208
70.0,128.0,165.263427734375,-2.025108824505472,1.819420873531608,-4.880777358367313,-3.048511178555349,-3.076473591889685,0.724041054625411,-1.045823708623605,4.79798916193166,-0.408550783489008,0.6991762171530035
70.0,128.0,147.6595916748047,-2.191540710131359,1.7768596351457293,-4.928132938788525,-3.0311465947677627,-2.4551492063965243,0.8559432135813866,-1.0743890442504118,3.948423500283928,-0.4440404965886042,1.3016042613862342
70.0,128.0,160.2692413330078,-1.055922459328694,1.7735920722761906,-4.937958133848109,-1.695201673496223,-3.064020344723154,0.8372423768827528,-1.0608401158966236,4.429729571994304,-0.4561175576200931,0.7202760905369371
70.0,129.0,157.60691833496094,-2.1221509371431435,1.8392303061078088,-4.902514539010984,-3.0864103908050646,-3.0538475418464337,0.8517324402109121,-1.0171489627324086,3.092931355225164,-0.4559853455206131,0.9824460715350812
70.0,129.0,161.15728759765625,-1.9534206856324816,1.7536378394229737,-4.890109816254475,-3.0956079319477503,-3.0662115030366284,0.8279698431872164,-1.019189610828445,4.304919778195342,-0.4515226464921155,0.7024576952550962
70.0,129.0,140.29205322265625,-2.092704271842877,1.7796224063623034,-4.921172272670429,-3.0279828456016062,-2.4851918766404864,0.8475471883929954,-0.5277404870213456,3.964425609552989,-0.4513792922172942,1.3172625421912398
70.0,129.0,140.12632751464844,-2.1215491880816293,1.7792238858973313,-4.920577197043221,-3.027929973928153,-2.4890769664046006,0.8472367759435059,-0.5498216813081094,3.9735488143390736,-0.450876297400725,1.3222903813229892
70.0,129.0,143.24349975585938,-2.128533234080406,1.7868032697988063,-4.940104940010339,-3.034779864246622,-2.489104346534115,0.8435885521224269,-1.049761213277737,3.95519536192777,-0.4527298978945417,1.322804521062937
70.0,129.0,150.95826721191406,-2.1262525097823337,1.7737189882144293,-4.926724315985826,-3.0259742329384216,-2.437463469842107,1.4099652745982325,-1.0262765149084487,3.9233814230264574,-0.4512474950726279,1.609887845109697
70.0,129.0,156.08035278320312,-2.1580996450789263,1.728328627406782,-4.879695436337815,-3.0850529772078543,-3.06587044186364,0.8359929899162684,-1.015638048938622,3.5437633377229565,-0.4462973345896071,0.7233871726910266
70.0,129.0,145.83074951171875,-2.1182021524849444,1.8078905911135548,-4.935700425047287,-2.9794937688851824,-2.4827301949732017,0.8507230196630945,-1.052661683502819,3.970937820545013,-0.4537632926829645,1.6362450208066313
70.0,129.0,142.9798126220703,-2.1220829198845297,1.779816139448701,-4.916527573251591,-3.02469365005042,-2.497106128890054,0.8394429982048441,-1.0497138158275474,3.959478534814511,-0.4503832498699787,1.3264084915991838
70.0,129.0,140.63870239257812,-2.10679926390394,1.7715796026297312,-4.924155837395888,-3.028278571499607,-2.490646394218512,0.841984296736348,-0.5156651528705621,3.973258449190348,-0.4521359260348891,1.3215050127700307
70.0,129.0,141.74156188964844,-2.1226740822816854,1.7736387905413424,-4.918288196020484,-3.035982946954099,-2.484936598206667,0.8209326233857932,-0.132630120986342,3.998054089499625,-0.4470700933029762,1.3206793143670754
70.0,129.0,145.51785278320312,-2.126771842195532,1.7670477007423182,-4.9204922003124985,-3.0347375076084453,-2.5383422307312813,0.8687211962592126,-1.0296164895992543,3.981699626098981,-0.4690457710752135,1.3215946527643532
70.0,129.0,139.1177978515625,-2.121924358678077,2.666080249734612,-4.918759838099927,-3.032773542817324,-2.490193648566313,0.8467825409558875,-0.5280131587354278,3.967725551798917,-0.4509176876331131,1.322280599399067
70.0,129.0,143.77976989746094,-2.090505492232815,1.7746837755457456,-4.927630124357569,-3.0560179816904194,-2.484891176152149,0.8273372251040916,-1.050737962835111,3.954398361079628,-0.4518568018256002,1.3213216143176292
70.0,129.0,177.90628051757812,-0.9480992037287066,1.6698462529856726,-4.92126265432442,-3.066282443454009,-3.048841576344093,1.9184003846581128,-1.029547548154336,4.407033002134062,-0.5675828178794807,0.7291447687456702
70.0,129.0,140.9718475341797,-2.125555403700584,1.834448362948937,-4.923553580627899,-3.027269359781092,-2.496642717177834,0.8452673207663824,-0.5429606047965838,3.964565127773959,-0.449260105867078,1.3287363897385336
70.0,129.0,140.55001831054688,-2.122329315786468,1.802061285371577,-4.931716526883416,-3.0283693764857564,-2.486060058575672,0.8457611210177214,-0.5347108318649818,3.980144941527816,-0.4523532917964609,1.322373004556118
70.0,129.0,149.86083984375,-2.12290973532822,1.7678672280638843,-4.933681346827862,-3.0281690041240785,-2.4860633919118627,0.9010736490337464,-1.0043492977172703,4.342770552392945,-0.4457589969867184,1.2979840525979809
70.0,129.0,155.2960662841797,-2.2266314691725286,1.788375596851226,-4.950584305584922,-3.049071767262101,-2.638683652418841,0.8465118506007967,-0.1054621583886064,4.8594375544309925,-0.4437755791998702,1.355552198023204
70.0,129.0,139.61412048339844,-2.120708309045925,2.646499316157822,-4.919001555223896,-3.0334827950766248,-2.470952181922878,0.8457956422961187,-0.0963203227284782,3.981787003574114,-0.4506643384445651,1.322272781476901
70.0,129.0,141.0843048095703,-2.124149455607269,1.7766151066120937,-4.917168928933022,-2.9731319939279293,-2.4790568065844263,0.8520437271489193,-0.0969474955085968,3.978393913173271,-0.4502242409565731,1.3164611436705125
70.0,129.0,142.04434204101562,-2.1210573680121296,2.760012820902653,-4.913159793436586,-3.0330211471215804,-2.48934287054684,0.8480712663332703,-0.5589284878435347,3.997073635648305,-0.4488528281019469,1.323663318159524
70.0,129.0,147.732666015625,-2.129226284493474,1.794948561183719,-4.928015957305518,-3.060761302254257,-2.4820283353734123,1.4189591683472205,-1.050654230389559,3.999420209945351,-0.4463595266217796,1.318098215826905
70.0,129.0,153.1660919189453,-2.121447798556532,1.8336876551817392,-4.9380753146679925,-3.094233202647145,-3.0649950223856144,0.8354321701101891,-1.021508757068139,3.955010029302585,-0.4447028575291981,0.7080551592072115
70.0,129.0,142.1283721923828,-2.1192890279676746,1.7984264980446047,-4.92041992272411,-3.023637196291919,-2.4862630705474427,0.8392563093769569,-0.5088082330646075,3.99275164134204,-0.4506043871085918,1.3222941943722175
70.0,129.0,144.48789978027344,-2.141046964113209,1.771880474365917,-4.911381224157521,-3.040130457582591,-2.517262630056656,0.8055665997807893,-1.0369607176572375,3.977882256769657,-0.4549739669163189,1.3219810566530266
70.0,129.0,172.3175811767578,-2.278957464571469,1.803862315744612,-4.952411569651946,-3.158996863808101,-3.094778434193575,0.8282607679651502,-0.1544410578692941,4.874719110565707,-0.4065243757509901,1.6724782787171233
70.0,129.0,150.5499267578125,-2.11968739608623,1.755035030369485,-4.927208819748874,-3.0244678618957064,-2.0218319945465275,0.8106048132035997,-1.0135414794231097,3.9867357123238514,-0.4552261932641993,1.349251448476138
70.0,129.0,140.70806884765625,-2.1170765257260005,1.7786727018614492,-4.886691515714032,-3.0032452423189584,-2.490826029221292,0.8457199841861938,-0.5221104655596113,3.970749928697078,-0.4471574466552951,1.3225873864163096
70.0,129.0,143.6717529296875,-2.156491978467087,1.7848226430137946,-4.937289081138338,-3.015584518911508,-2.4952668236488216,0.8392536062907989,-1.048874207228421,3.9749121325547967,-0.4509797059062946,1.3121867831926637
70.0,129.0,142.40072631835938,-2.121646521791928,1.753174757011645,-4.956966705710904,-3.097350806547635,-2.492643860680988,0.8491242490777567,-0.0536979377731923,3.96792452732735,-0.449127038362077,1.3230957434348551
70.0,129.0,140.0876007080078,-2.1191143309966978,2.7636275569073043,-4.905674777356533,-3.026477303277875,-2.4896974337100186,0.8491121639496949,-0.122108396708982,3.974043471714972,-0.4508710443122379,1.3222043399083954
70.0,129.0,140.52117919921875,-2.1272497769988306,1.774468940747441,-4.918171862643308,-3.039466282870276,-2.4890347571925453,0.8476899259151214,-0.521753245229758,3.96549093137469,-0.4572526271482879,1.3258236409937911
70.0,129.0,146.584716796875,-2.103115268970947,1.7773525520170366,-4.8991595252982325,-3.0347150506673737,-2.5711874065489764,0.8116258795517473,-1.035978714195854,3.971544582710554,-0.4467989748149475,1.6285298446205214
70.0,129.0,143.8277587890625,-2.1248830858866543,1.7802090878779313,-4.936753072080505,-3.0101865241049657,-1.9782824049959105,0.8420858723207358,-1.0500881416038224,3.96241728300316,-0.4534587791217112,1.321746580187323
70.0,129.0,143.25624084472656,-2.126201498395338,1.776447180426718,-4.911038367938904,-3.0189203841660275,-2.5141724623159933,0.8453948594086856,-1.0516125740393008,3.96882708303868,-0.4538285156769916,1.3222958490239185
70.0,129.0,143.3880157470703,-2.1278496828839097,1.803949790301111,-4.914917093978404,-3.0275212047355486,-2.494102296669033,0.8473783417204833,-0.5576720828168575,3.966465171061431,-0.4395132413915947,1.3320589549118091
70.0,129.0,155.14508056640625,-2.144416528898283,1.7532622941419214,-4.910340166670732,-3.045212005694971,-1.9538792327145715,0.8337103093690844,-1.0439633387742353,3.904955445319976,-0.4075869564763927,0.7623833671535221
70.0,129.0,140.76686096191406,-2.170695841499955,1.7784186373092663,-4.921483408786589,-3.028149773509264,-2.4926401653456747,0.8426221415119702,-0.5194478138776373,3.967601226841812,-0.4507670013439944,1.3222571826987524
70.0,129.0,183.65969848632807,-1.5338700555787514,1.847762832114995,-4.9100535406756585,-2.976708588161438,-2.538712066989127,0.7725277183395802,-1.0434215777564533,4.28073311359245,-0.5229133794346381,1.0156653556004689
70.0,129.0,157.8895721435547,-2.151116586352581,1.7765067177928218,-4.954217446239854,-3.688038395004858,-2.586077377730949,0.8144731752930827,-0.6122097261475492,3.624379146848815,-0.454328507982406,0.9702287003031408
70.0,129.0,160.38934326171875,-2.1239526524329047,1.7532778008160277,-4.793683137872873,-2.992665936417859,-3.0883299703921034,0.7444479414625762,-1.0498487622640318,3.959048847339001,-0.7967959506285662,0.7170082799296202
70.0,129.0,140.86453247070312,-2.1351373310080795,1.7800482052858773,-4.912402077396855,-3.0289206888195275,-2.4879246953700624,0.8622177855849812,-0.5202131899875674,3.978503394477124,-0.4491757029351612,1.3220464120642956
70.0,129.0,155.30633544921875,-2.110355142561264,1.7355664246072802,-4.897661520156259,-3.0945963635771343,-3.0647722813398968,0.8256285834289196,-1.0204516952792135,4.389633871132414,-0.4667985076585941,0.7287559592886229
70.0,129.0,158.0673828125,-2.13478528945232,1.8441109636686763,-4.929363763692761,-3.1294766675918138,-3.0546509867568057,1.330469986782295,-1.0107985278553162,3.543151829295136,-0.4498499097984712,0.7093224768745058
70.0,129.0,151.25607299804688,-2.172037136009037,1.7295055121999343,-4.886813252907739,-3.044272093932116,-2.527211347557737,0.8736419156014977,-1.0803740810791176,4.326682419773425,-0.4568381444550614,1.020613823807618
70.0,129.0,165.35855102539062,-2.0411344005614884,1.8033887960812784,-4.990096883276585,-3.0271535952284765,-1.9850275875294443,0.7502007915430735,-1.0075749577924853,3.0752222344234887,-0.4467256416415724,1.0584411608503208
70.0,129.0,165.263427734375,-2.025108824505472,1.819420873531608,-4.880777358367313,-3.048511178555349,-3.076473591889685,0.724041054625411,-1.045823708623605,4.79798916193166,-0.408550783489008,0.6991762171530035
70.0,129.0,147.6595916748047,-2.191540710131359,1.7768596351457293,-4.928132938788525,-3.0311465947677627,-2.4551492063965243,0.8559432135813866,-1.0743890442504118,3.948423500283928,-0.4440404965886042,1.3016042613862342
70.0,129.0,160.2692413330078,-1.055922459328694,1.7735920722761906,-4.937958133848109,-1.695201673496223,-3.064020344723154,0.8372423768827528,-1.0608401158966236,4.429729571994304,-0.4561175576200931,0.7202760905369371
70.0,130.0,157.60691833496094,-2.1221509371431435,1.8392303061078088,-4.902514539010984,-3.0864103908050646,-3.0538475418464337,0.8517324402109121,-1.0171489627324086,3.092931355225164,-0.4559853455206131,0.9824460715350812
70.0,130.0,161.15728759765625,-1.9534206856324816,1.7536378394229737,-4.890109816254475,-3.0956079319477503,-3.0662115030366284,0.8279698431872164,-1.019189610828445,4.304919778195342,-0.4515226464921155,0.7024576952550962
70.0,130.0,140.29205322265625,-2.092704271842877,1.7796224063623034,-4.921172272670429,-3.0279828456016062,-2.4851918766404864,0.8475471883929954,-0.5277404870213456,3.964425609552989,-0.4513792922172942,1.3172625421912398
70.0,130.0,140.12632751464844,-2.1215491880816293,1.7792238858973313,-4.920577197043221,-3.027929973928153,-2.4890769664046006,0.8472367759435059,-0.5498216813081094,3.9735488143390736,-0.450876297400725,1.3222903813229892
70.0,130.0,143.24349975585938,-2.128533234080406,1.7868032697988063,-4.940104940010339,-3.034779864246622,-2.489104346534115,0.8435885521224269,-1.049761213277737,3.95519536192777,-0.4527298978945417,1.322804521062937
70.0,130.0,150.95826721191406,-2.1262525097823337,1.7737189882144293,-4.926724315985826,-3.0259742329384216,-2.437463469842107,1.4099652745982325,-1.0262765149084487,3.9233814230264574,-0.4512474950726279,1.609887845109697
70.0,130.0,156.08035278320312,-2.1580996450789263,1.728328627406782,-4.879695436337815,-3.0850529772078543,-3.06587044186364,0.8359929899162684,-1.015638048938622,3.5437633377229565,-0.4462973345896071,0.7233871726910266
70.0,130.0,145.83074951171875,-2.1182021524849444,1.8078905911135548,-4.935700425047287,-2.9794937688851824,-2.4827301949732017,0.8507230196630945,-1.052661683502819,3.970937820545013,-0.4537632926829645,1.6362450208066313
70.0,130.0,142.9798126220703,-2.1220829198845297,1.779816139448701,-4.916527573251591,-3.02469365005042,-2.497106128890054,0.8394429982048441,-1.0497138158275474,3.959478534814511,-0.4503832498699787,1.3264084915991838
70.0,130.0,140.63870239257812,-2.10679926390394,1.7715796026297312,-4.924155837395888,-3.028278571499607,-2.490646394218512,0.841984296736348,-0.5156651528705621,3.973258449190348,-0.4521359260348891,1.3215050127700307
70.0,130.0,141.74156188964844,-2.1226740822816854,1.7736387905413424,-4.918288196020484,-3.035982946954099,-2.484936598206667,0.8209326233857932,-0.132630120986342,3.998054089499625,-0.4470700933029762,1.3206793143670754
70.0,130.0,145.51785278320312,-2.126771842195532,1.7670477007423182,-4.9204922003124985,-3.0347375076084453,-2.5383422307312813,0.8687211962592126,-1.0296164895992543,3.981699626098981,-0.4690457710752135,1.3215946527643532
70.0,130.0,139.1177978515625,-2.121924358678077,2.666080249734612,-4.918759838099927,-3.032773542817324,-2.490193648566313,0.8467825409558875,-0.5280131587354278,3.967725551798917,-0.4509176876331131,1.322280599399067
70.0,130.0,143.77976989746094,-2.090505492232815,1.7746837755457456,-4.927630124357569,-3.0560179816904194,-2.484891176152149,0.8273372251040916,-1.050737962835111,3.954398361079628,-0.4518568018256002,1.3213216143176292
70.0,130.0,177.90628051757812,-0.9480992037287066,1.6698462529856726,-4.92126265432442,-3.066282443454009,-3.048841576344093,1.9184003846581128,-1.029547548154336,4.407033002134062,-0.5675828178794807,0.7291447687456702
70.0,130.0,140.9718475341797,-2.125555403700584,1.834448362948937,-4.923553580627899,-3.027269359781092,-2.496642717177834,0.8452673207663824,-0.5429606047965838,3.964565127773959,-0.449260105867078,1.3287363897385336
70.0,130.0,140.55001831054688,-2.122329315786468,1.802061285371577,-4.931716526883416,-3.0283693764857564,-2.486060058575672,0.8457611210177214,-0.5347108318649818,3.980144941527816,-0.4523532917964609,1.322373004556118
70.0,130.0,149.86083984375,-2.12290973532822,1.7678672280638843,-4.933681346827862,-3.0281690041240785,-2.4860633919118627,0.9010736490337464,-1.0043492977172703,4.342770552392945,-0.4457589969867184,1.2979840525979809
70.0,130.0,155.2960662841797,-2.2266314691725286,1.788375596851226,-4.950584305584922,-3.049071767262101,-2.638683652418841,0.8465118506007967,-0.1054621583886064,4.8594375544309925,-0.4437755791998702,1.355552198023204
70.0,130.0,139.61412048339844,-2.120708309045925,2.646499316157822,-4.919001555223896,-3.0334827950766248,-2.470952181922878,0.8457956422961187,-0.0963203227284782,3.981787003574114,-0.4506643384445651,1.322272781476901
70.0,130.0,141.0843048095703,-2.124149455607269,1.7766151066120937,-4.917168928933022,-2.9731319939279293,-2.4790568065844263,0.8520437271489193,-0.0969474955085968,3.978393913173271,-0.4502242409565731,1.3164611436705125
70.0,130.0,142.04434204101562,-2.1210573680121296,2.760012820902653,-4.913159793436586,-3.0330211471215804,-2.48934287054684,0.8480712663332703,-0.5589284878435347,3.997073635648305,-0.4488528281019469,1.323663318159524
70.0,130.0,147.732666015625,-2.129226284493474,1.794948561183719,-4.928015957305518,-3.060761302254257,-2.4820283353734123,1.4189591683472205,-1.050654230389559,3.999420209945351,-0.4463595266217796,1.318098215826905
70.0,130.0,153.1660919189453,-2.121447798556532,1.8336876551817392,-4.9380753146679925,-3.094233202647145,-3.0649950223856144,0.8354321701101891,-1.021508757068139,3.955010029302585,-0.4447028575291981,0.7080551592072115
70.0,130.0,142.1283721923828,-2.1192890279676746,1.7984264980446047,-4.92041992272411,-3.023637196291919,-2.4862630705474427,0.8392563093769569,-0.5088082330646075,3.99275164134204,-0.4506043871085918,1.3222941943722175
70.0,130.0,144.48789978027344,-2.141046964113209,1.771880474365917,-4.911381224157521,-3.040130457582591,-2.517262630056656,0.8055665997807893,-1.0369607176572375,3.977882256769657,-0.4549739669163189,1.3219810566530266
70.0,130.0,172.3175811767578,-2.278957464571469,1.803862315744612,-4.952411569651946,-3.158996863808101,-3.094778434193575,0.8282607679651502,-0.1544410578692941,4.874719110565707,-0.4065243757509901,1.6724782787171233
70.0,130.0,150.5499267578125,-2.11968739608623,1.755035030369485,-4.927208819748874,-3.0244678618957064,-2.0218319945465275,0.8106048132035997,-1.0135414794231097,3.9867357123238514,-0.4552261932641993,1.349251448476138
70.0,130.0,140.70806884765625,-2.1170765257260005,1.7786727018614492,-4.886691515714032,-3.0032452423189584,-2.490826029221292,0.8457199841861938,-0.5221104655596113,3.970749928697078,-0.4471574466552951,1.3225873864163096
70.0,130.0,143.6717529296875,-2.156491978467087,1.7848226430137946,-4.937289081138338,-3.015584518911508,-2.4952668236488216,0.8392536062907989,-1.048874207228421,3.9749121325547967,-0.4509797059062946,1.3121867831926637
70.0,130.0,142.40072631835938,-2.121646521791928,1.753174757011645,-4.956966705710904,-3.097350806547635,-2.492643860680988,0.8491242490777567,-0.0536979377731923,3.96792452732735,-0.449127038362077,1.3230957434348551
70.0,130.0,140.0876007080078,-2.1191143309966978,2.7636275569073043,-4.905674777356533,-3.026477303277875,-2.4896974337100186,0.8491121639496949,-0.122108396708982,3.974043471714972,-0.4508710443122379,1.3222043399083954
70.0,130.0,140.52117919921875,-2.1272497769988306,1.774468940747441,-4.918171862643308,-3.039466282870276,-2.4890347571925453,0.8476899259151214,-0.521753245229758,3.96549093137469,-0.4572526271482879,1.3258236409937911
70.0,130.0,146.584716796875,-2.103115268970947,1.7773525520170366,-4.8991595252982325,-3.0347150506673737,-2.5711874065489764,0.8116258795517473,-1.035978714195854,3.971544582710554,-0.4467989748149475,1.6285298446205214
70.0,130.0,143.8277587890625,-2.1248830858866543,1.7802090878779313,-4.936753072080505,-3.0101865241049657,-1.9782824049959105,0.8420858723207358,-1.0500881416038224,3.96241728300316,-0.4534587791217112,1.321746580187323
70.0,130.0,143.25624084472656,-2.126201498395338,1.776447180426718,-4.911038367938904,-3.0189203841660275,-2.5141724623159933,0.8453948594086856,-1.0516125740393008,3.96882708303868,-0.4538285156769916,1.3222958490239185
70.0,130.0,143.3880157470703,-2.1278496828839097,1.803949790301111,-4.914917093978404,-3.0275212047355486,-2.494102296669033,0.8473783417204833,-0.5576720828168575,3.966465171061431,-0.4395132413915947,1.3320589549118091
70.0,130.0,155.14508056640625,-2.144416528898283,1.7532622941419214,-4.910340166670732,-3.045212005694971,-1.9538792327145715,0.8337103093690844,-1.0439633387742353,3.904955445319976,-0.4075869564763927,0.7623833671535221
70.0,130.0,140.76686096191406,-2.170695841499955,1.7784186373092663,-4.921483408786589,-3.028149773509264,-2.4926401653456747,0.8426221415119702,-0.5194478138776373,3.967601226841812,-0.4507670013439944,1.3222571826987524
70.0,130.0,183.65969848632807,-1.5338700555787514,1.847762832114995,-4.9100535406756585,-2.976708588161438,-2.538712066989127,0.7725277183395802,-1.0434215777564533,4.28073311359245,-0.5229133794346381,1.0156653556004689
70.0,130.0,157.8895721435547,-2.151116586352581,1.7765067177928218,-4.954217446239854,-3.688038395004858,-2.586077377730949,0.8144731752930827,-0.6122097261475492,3.624379146848815,-0.454328507982406,0.9702287003031408
70.0,130.0,160.38934326171875,-2.1239526524329047,1.7532778008160277,-4.793683137872873,-2.992665936417859,-3.0883299703921034,0.7444479414625762,-1.0498487622640318,3.959048847339001,-0.7967959506285662,0.7170082799296202
70.0,130.0,140.86453247070312,-2.1351373310080795,1.7800482052858773,-4.912402077396855,-3.0289206888195275,-2.4879246953700624,0.8622177855849812,-0.5202131899875674,3.978503394477124,-0.4491757029351612,1.3220464120642956
70.0,130.0,155.30633544921875,-2.110355142561264,1.7355664246072802,-4.897661520156259,-3.0945963635771343,-3.0647722813398968,0.8256285834289196,-1.0204516952792135,4.389633871132414,-0.4667985076585941,0.7287559592886229
70.0,130.0,158.0673828125,-2.13478528945232,1.8441109636686763,-4.929363763692761,-3.1294766675918138,-3.0546509867568057,1.330469986782295,-1.0107985278553162,3.543151829295136,-0.4498499097984712,0.7093224768745058
70.0,130.0,151.25607299804688,-2.172037136009037,1.7295055121999343,-4.886813252907739,-3.044272093932116,-2.527211347557737,0.8736419156014977,-1.0803740810791176,4.326682419773425,-0.4568381444550614,1.020613823807618
70.0,130.0,165.35855102539062,-2.0411344005614884,1.8033887960812784,-4.990096883276585,-3.0271535952284765,-1.9850275875294443,0.7502007915430735,-1.0075749577924853,3.0752222344234887,-0.4467256416415724,1.0584411608503208
70.0,130.0,165.263427734375,-2.025108824505472,1.819420873531608,-4.880777358367313,-3.048511178555349,-3.076473591889685,0.724041054625411,-1.045823708623605,4.79798916193166,-0.408550783489008,0.6991762171530035
70.0,130.0,147.6595916748047,-2.191540710131359,1.7768596351457293,-4.928132938788525,-3.0311465947677627,-2.4551492063965243,0.8559432135813866,-1.0743890442504118,3.948423500283928,-0.4440404965886042,1.3016042613862342
70.0,130.0,160.2692413330078,-1.055922459328694,1.7735920722761906,-4.937958133848109,-1.695201673496223,-3.064020344723154,0.8372423768827528,-1.0608401158966236,4.429729571994304,-0.4561175576200931,0.7202760905369371
70.0,131.0,157.60691833496094,-2.1221509371431435,1.8392303061078088,-4.902514539010984,-3.0864103908050646,-3.0538475418464337,0.8517324402109121,-1.0171489627324086,3.092931355225164,-0.4559853455206131,0.9824460715350812
70.0,131.0,161.15728759765625,-1.9534206856324816,1.7536378394229737,-4.890109816254475,-3.0956079319477503,-3.0662115030366284,0.8279698431872164,-1.019189610828445,4.304919778195342,-0.4515226464921155,0.7024576952550962
70.0,131.0,140.29205322265625,-2.092704271842877,1.7796224063623034,-4.921172272670429,-3.0279828456016062,-2.4851918766404864,0.8475471883929954,-0.5277404870213456,3.964425609552989,-0.4513792922172942,1.3172625421912398
70.0,131.0,140.12632751464844,-2.1215491880816293,1.7792238858973313,-4.920577197043221,-3.027929973928153,-2.4890769664046006,0.8472367759435059,-0.5498216813081094,3.9735488143390736,-0.450876297400725,1.3222903813229892
70.0,131.0,143.24349975585938,-2.128533234080406,1.7868032697988063,-4.940104940010339,-3.034779864246622,-2.489104346534115,0.8435885521224269,-1.049761213277737,3.95519536192777,-0.4527298978945417,1.322804521062937
70.0,131.0,150.95826721191406,-2.1262525097823337,1.7737189882144293,-4.926724315985826,-3.0259742329384216,-2.437463469842107,1.4099652745982325,-1.0262765149084487,3.9233814230264574,-0.4512474950726279,1.609887845109697
70.0,131.0,156.08035278320312,-2.1580996450789263,1.728328627406782,-4.879695436337815,-3.0850529772078543,-3.06587044186364,0.8359929899162684,-1.015638048938622,3.5437633377229565,-0.4462973345896071,0.7233871726910266
70.0,131.0,145.83074951171875,-2.1182021524849444,1.8078905911135548,-4.935700425047287,-2.9794937688851824,-2.4827301949732017,0.8507230196630945,-1.052661683502819,3.970937820545013,-0.4537632926829645,1.6362450208066313
70.0,131.0,142.9798126220703,-2.1220829198845297,1.779816139448701,-4.916527573251591,-3.02469365005042,-2.497106128890054,0.8394429982048441,-1.0497138158275474,3.959478534814511,-0.4503832498699787,1.3264084915991838
70.0,131.0,140.63870239257812,-2.10679926390394,1.7715796026297312,-4.924155837395888,-3.028278571499607,-2.490646394218512,0.841984296736348,-0.5156651528705621,3.973258449190348,-0.4521359260348891,1.3215050127700307
70.0,131.0,141.74156188964844,-2.1226740822816854,1.7736387905413424,-4.918288196020484,-3.035982946954099,-2.484936598206667,0.8209326233857932,-0.132630120986342,3.998054089499625,-0.4470700933029762,1.3206793143670754
70.0,131.0,145.51785278320312,-2.126771842195532,1.7670477007423182,-4.9204922003124985,-3.0347375076084453,-2.5383422307312813,0.8687211962592126,-1.0296164895992543,3.981699626098981,-0.4690457710752135,1.3215946527643532
70.0,131.0,139.1177978515625,-2.121924358678077,2.666080249734612,-4.918759838099927,-3.032773542817324,-2.490193648566313,0.8467825409558875,-0.5280131587354278,3.967725551798917,-0.4509176876331131,1.322280599399067
70.0,131.0,143.77976989746094,-2.090505492232815,1.7746837755457456,-4.927630124357569,-3.0560179816904194,-2.484891176152149,0.8273372251040916,-1.050737962835111,3.954398361079628,-0.4518568018256002,1.3213216143176292
70.0,131.0,177.90628051757812,-0.9480992037287066,1.6698462529856726,-4.92126265432442,-3.066282443454009,-3.048841576344093,1.9184003846581128,-1.029547548154336,4.407033002134062,-0.5675828178794807,0.7291447687456702
70.0,131.0,140.9718475341797,-2.125555403700584,1.834448362948937,-4.923553580627899,-3.027269359781092,-2.496642717177834,0.8452673207663824,-0.5429606047965838,3.964565127773959,-0.449260105867078,1.3287363897385336
70.0,131.0,140.55001831054688,-2.122329315786468,1.802061285371577,-4.931716526883416,-3.0283693764857564,-2.486060058575672,0.8457611210177214,-0.5347108318649818,3.980144941527816,-0.4523532917964609,1.322373004556118
70.0,131.0,149.86083984375,-2.12290973532822,1.7678672280638843,-4.933681346827862,-3.0281690041240785,-2.4860633919118627,0.9010736490337464,-1.0043492977172703,4.342770552392945,-0.4457589969867184,1.2979840525979809
70.0,131.0,155.2960662841797,-2.2266314691725286,1.788375596851226,-4.950584305584922,-3.049071767262101,-2.638683652418841,0.8465118506007967,-0.1054621583886064,4.8594375544309925,-0.4437755791998702,1.355552198023204
70.0,131.0,139.61412048339844,-2.120708309045925,2.646499316157822,-4.919001555223896,-3.0334827950766248,-2.470952181922878,0.8457956422961187,-0.0963203227284782,3.981787003574114,-0.4506643384445651,1.322272781476901
70.0,131.0,141.0843048095703,-2.124149455607269,1.7766151066120937,-4.917168928933022,-2.9731319939279293,-2.4790568065844263,0.8520437271489193,-0.0969474955085968,3.978393913173271,-0.4502242409565731,1.3164611436705125
70.0,131.0,142.04434204101562,-2.1210573680121296,2.760012820902653,-4.913159793436586,-3.0330211471215804,-2.48934287054684,0.8480712663332703,-0.5589284878435347,3.997073635648305,-0.4488528281019469,1.323663318159524
70.0,131.0,147.732666015625,-2.129226284493474,1.794948561183719,-4.928015957305518,-3.060761302254257,-2.4820283353734123,1.4189591683472205,-1.050654230389559,3.999420209945351,-0.4463595266217796,1.318098215826905
70.0,131.0,153.1660919189453,-2.121447798556532,1.8336876551817392,-4.9380753146679925,-3.094233202647145,-3.0649950223856144,0.8354321701101891,-1.021508757068139,3.955010029302585,-0.4447028575291981,0.7080551592072115
70.0,131.0,142.1283721923828,-2.1192890279676746,1.7984264980446047,-4.92041992272411,-3.023637196291919,-2.4862630705474427,0.8392563093769569,-0.5088082330646075,3.99275164134204,-0.4506043871085918,1.3222941943722175
70.0,131.0,144.48789978027344,-2.141046964113209,1.771880474365917,-4.911381224157521,-3.040130457582591,-2.517262630056656,0.8055665997807893,-1.0369607176572375,3.977882256769657,-0.4549739669163189,1.3219810566530266
70.0,131.0,172.3175811767578,-2.278957464571469,1.803862315744612,-4.952411569651946,-3.158996863808101,-3.094778434193575,0.8282607679651502,-0.1544410578692941,4.874719110565707,-0.4065243757509901,1.6724782787171233
70.0,131.0,150.5499267578125,-2.11968739608623,1.755035030369485,-4.927208819748874,-3.0244678618957064,-2.0218319945465275,0.8106048132035997,-1.0135414794231097,3.9867357123238514,-0.4552261932641993,1.349251448476138
70.0,131.0,140.70806884765625,-2.1170765257260005,1.7786727018614492,-4.886691515714032,-3.0032452423189584,-2.490826029221292,0.8457199841861938,-0.5221104655596113,3.970749928697078,-0.4471574466552951,1.3225873864163096
70.0,131.0,143.6717529296875,-2.156491978467087,1.7848226430137946,-4.937289081138338,-3.015584518911508,-2.4952668236488216,0.8392536062907989,-1.048874207228421,3.9749121325547967,-0.4509797059062946,1.3121867831926637
70.0,131.0,142.40072631835938,-2.121646521791928,1.753174757011645,-4.956966705710904,-3.097350806547635,-2.492643860680988,0.8491242490777567,-0.0536979377731923,3.96792452732735,-0.449127038362077,1.3230957434348551
70.0,131.0,140.0876007080078,-2.1191143309966978,2.7636275569073043,-4.905674777356533,-3.026477303277875,-2.4896974337100186,0.8491121639496949,-0.122108396708982,3.974043471714972,-0.4508710443122379,1.3222043399083954
70.0,131.0,140.52117919921875,-2.1272497769988306,1.774468940747441,-4.918171862643308,-3.039466282870276,-2.4890347571925453,0.8476899259151214,-0.521753245229758,3.96549093137469,-0.4572526271482879,1.3258236409937911
70.0,131.0,146.584716796875,-2.103115268970947,1.7773525520170366,-4.8991595252982325,-3.0347150506673737,-2.5711874065489764,0.8116258795517473,-1.035978714195854,3.971544582710554,-0.4467989748149475,1.6285298446205214
70.0,131.0,143.8277587890625,-2.1248830858866543,1.7802090878779313,-4.936753072080505,-3.0101865241049657,-1.9782824049959105,0.8420858723207358,-1.0500881416038224,3.96241728300316,-0.4534587791217112,1.321746580187323
70.0,131.0,143.25624084472656,-2.126201498395338,1.776447180426718,-4.911038367938904,-3.0189203841660275,-2.5141724623159933,0.8453948594086856,-1.0516125740393008,3.96882708303868,-0.4538285156769916,1.3222958490239185
70.0,131.0,143.3880157470703,-2.1278496828839097,1.803949790301111,-4.914917093978404,-3.0275212047355486,-2.494102296669033,0.8473783417204833,-0.5576720828168575,3.966465171061431,-0.4395132413915947,1.3320589549118091
70.0,131.0,155.14508056640625,-2.144416528898283,1.7532622941419214,-4.910340166670732,-3.045212005694971,-1.9538792327145715,0.8337103093690844,-1.0439633387742353,3.904955445319976,-0.4075869564763927,0.7623833671535221
70.0,131.0,140.76686096191406,-2.170695841499955,1.7784186373092663,-4.921483408786589,-3.028149773509264,-2.4926401653456747,0.8426221415119702,-0.5194478138776373,3.967601226841812,-0.4507670013439944,1.3222571826987524
70.0,131.0,183.65969848632807,-1.5338700555787514,1.847762832114995,-4.9100535406756585,-2.976708588161438,-2.538712066989127,0.7725277183395802,-1.0434215777564533,4.28073311359245,-0.5229133794346381,1.0156653556004689
70.0,131.0,157.8895721435547,-2.151116586352581,1.7765067177928218,-4.954217446239854,-3.688038395004858,-2.586077377730949,0.8144731752930827,-0.6122097261475492,3.624379146848815,-0.454328507982406,0.9702287003031408
70.0,131.0,160.38934326171875,-2.1239526524329047,1.7532778008160277,-4.793683137872873,-2.992665936417859,-3.0883299703921034,0.7444479414625762,-1.0498487622640318,3.959048847339001,-0.7967959506285662,0.7170082799296202
70.0,131.0,140.86453247070312,-2.1351373310080795,1.7800482052858773,-4.912402077396855,-3.0289206888195275,-2.4879246953700624,0.8622177855849812,-0.5202131899875674,3.978503394477124,-0.4491757029351612,1.3220464120642956
70.0,131.0,155.30633544921875,-2.110355142561264,1.7355664246072802,-4.897661520156259,-3.0945963635771343,-3.0647722813398968,0.8256285834289196,-1.0204516952792135,4.389633871132414,-0.4667985076585941,0.7287559592886229
70.0,131.0,158.0673828125,-2.13478528945232,1.8441109636686763,-4.929363763692761,-3.1294766675918138,-3.0546509867568057,1.330469986782295,-1.0107985278553162,3.543151829295136,-0.4498499097984712,0.7093224768745058
70.0,131.0,151.25607299804688,-2.172037136009037,1.7295055121999343,-4.886813252907739,-3.044272093932116,-2.527211347557737,0.8736419156014977,-1.0803740810791176,4.326682419773425,-0.4568381444550614,1.020613823807618
70.0,131.0,165.35855102539062,-2.0411344005614884,1.8033887960812784,-4.990096883276585,-3.0271535952284765,-1.9850275875294443,0.7502007915430735,-1.0075749577924853,3.0752222344234887,-0.4467256416415724,1.0584411608503208
70.0,131.0,165.263427734375,-2.025108824505472,1.819420873531608,-4.880777358367313,-3.048511178555349,-3.076473591889685,0.724041054625411,-1.045823708623605,4.79798916193166,-0.408550783489008,0.6991762171530035
70.0,131.0,147.6595916748047,-2.191540710131359,1.7768596351457293,-4.928132938788525,-3.0311465947677627,-2.4551492063965243,0.8559432135813866,-1.0743890442504118,3.948423500283928,-0.4440404965886042,1.3016042613862342
70.0,131.0,160.2692413330078,-1.055922459328694,1.7735920722761906,-4.937958133848109,-1.695201673496223,-3.064020344723154,0.8372423768827528,-1.0608401158966236,4.429729571994304,-0.4561175576200931,0.7202760905369371
70.0,132.0,157.60691833496094,-2.1221509371431435,1.8392303061078088,-4.902514539010984,-3.0864103908050646,-3.0538475418464337,0.8517324402109121,-1.0171489627324086,3.092931355225164,-0.4559853455206131,0.9824460715350812
70.0,132.0,161.15728759765625,-1.9534206856324816,1.7536378394229737,-4.890109816254475,-3.0956079319477503,-3.0662115030366284,0.8279698431872164,-1.019189610828445,4.304919778195342,-0.4515226464921155,0.7024576952550962
70.0,132.0,139.32833862304688,-2.08817131902122,2.674483873195172,-4.922319748061662,-3.0287992714960743,-2.513783286141139,0.8496565177450722,-0.5469923913485679,3.96800845936754,-0.4520489752543011,1.3210823692950004
70.0,132.0,140.12632751464844,-2.1215491880816293,1.7792238858973313,-4.920577197043221,-3.027929973928153,-2.4890769664046006,0.8472367759435059,-0.5498216813081094,3.9735488143390736,-0.450876297400725,1.3222903813229892
70.0,132.0,143.24349975585938,-2.128533234080406,1.7868032697988063,-4.940104940010339,-3.034779864246622,-2.489104346534115,0.8435885521224269,-1.049761213277737,3.95519536192777,-0.4527298978945417,1.322804521062937
70.0,132.0,150.95826721191406,-2.1262525097823337,1.7737189882144293,-4.926724315985826,-3.0259742329384216,-2.437463469842107,1.4099652745982325,-1.0262765149084487,3.9233814230264574,-0.4512474950726279,1.609887845109697
70.0,132.0,156.08035278320312,-2.1580996450789263,1.728328627406782,-4.879695436337815,-3.0850529772078543,-3.06587044186364,0.8359929899162684,-1.015638048938622,3.5437633377229565,-0.4462973345896071,0.7233871726910266
70.0,132.0,145.83074951171875,-2.1182021524849444,1.8078905911135548,-4.935700425047287,-2.9794937688851824,-2.4827301949732017,0.8507230196630945,-1.052661683502819,3.970937820545013,-0.4537632926829645,1.6362450208066313
70.0,132.0,142.9798126220703,-2.1220829198845297,1.779816139448701,-4.916527573251591,-3.02469365005042,-2.497106128890054,0.8394429982048441,-1.0497138158275474,3.959478534814511,-0.4503832498699787,1.3264084915991838
70.0,132.0,140.63870239257812,-2.10679926390394,1.7715796026297312,-4.924155837395888,-3.028278571499607,-2.490646394218512,0.841984296736348,-0.5156651528705621,3.973258449190348,-0.4521359260348891,1.3215050127700307
70.0,132.0,141.74156188964844,-2.1226740822816854,1.7736387905413424,-4.918288196020484,-3.035982946954099,-2.484936598206667,0.8209326233857932,-0.132630120986342,3.998054089499625,-0.4470700933029762,1.3206793143670754
70.0,132.0,145.51785278320312,-2.126771842195532,1.7670477007423182,-4.9204922003124985,-3.0347375076084453,-2.5383422307312813,0.8687211962592126,-1.0296164895992543,3.981699626098981,-0.4690457710752135,1.3215946527643532
70.0,132.0,139.1177978515625,-2.121924358678077,2.666080249734612,-4.918759838099927,-3.032773542817324,-2.490193648566313,0.8467825409558875,-0.5280131587354278,3.967725551798917,-0.4509176876331131,1.322280599399067
70.0,132.0,143.77976989746094,-2.090505492232815,1.7746837755457456,-4.927630124357569,-3.0560179816904194,-2.484891176152149,0.8273372251040916,-1.050737962835111,3.954398361079628,-0.4518568018256002,1.3213216143176292
70.0,132.0,177.90628051757812,-0.9480992037287066,1.6698462529856726,-4.92126265432442,-3.066282443454009,-3.048841576344093,1.9184003846581128,-1.029547548154336,4.407033002134062,-0.5675828178794807,0.7291447687456702
70.0,132.0,140.9718475341797,-2.125555403700584,1.834448362948937,-4.923553580627899,-3.027269359781092,-2.496642717177834,0.8452673207663824,-0.5429606047965838,3.964565127773959,-0.449260105867078,1.3287363897385336
70.0,132.0,140.55001831054688,-2.122329315786468,1.802061285371577,-4.931716526883416,-3.0283693764857564,-2.486060058575672,0.8457611210177214,-0.5347108318649818,3.980144941527816,-0.4523532917964609,1.322373004556118
70.0,132.0,149.86083984375,-2.12290973532822,1.7678672280638843,-4.933681346827862,-3.0281690041240785,-2.4860633919118627,0.9010736490337464,-1.0043492977172703,4.342770552392945,-0.4457589969867184,1.2979840525979809
70.0,132.0,155.2960662841797,-2.2266314691725286,1.788375596851226,-4.950584305584922,-3.049071767262101,-2.638683652418841,0.8465118506007967,-0.1054621583886064,4.8594375544309925,-0.4437755791998702,1.355552198023204
70.0,132.0,139.61412048339844,-2.120708309045925,2.646499316157822,-4.919001555223896,-3.0334827950766248,-2.470952181922878,0.8457956422961187,-0.0963203227284782,3.981787003574114,-0.4506643384445651,1.322272781476901
70.0,132.0,141.0843048095703,-2.124149455607269,1.7766151066120937,-4.917168928933022,-2.9731319939279293,-2.4790568065844263,0.8520437271489193,-0.0969474955085968,3.978393913173271,-0.4502242409565731,1.3164611436705125
70.0,132.0,140.43373107910156,-2.1205410068566954,2.6294765548767782,-4.91439760984602,-3.035356492014001,-2.489566060999503,0.8379681772416212,-0.5246367167352105,3.9854723639637055,-0.4506221059803558,1.3254177685166195
70.0,132.0,147.732666015625,-2.129226284493474,1.794948561183719,-4.928015957305518,-3.060761302254257,-2.4820283353734123,1.4189591683472205,-1.050654230389559,3.999420209945351,-0.4463595266217796,1.318098215826905
70.0,132.0,153.1660919189453,-2.121447798556532,1.8336876551817392,-4.9380753146679925,-3.094233202647145,-3.0649950223856144,0.8354321701101891,-1.021508757068139,3.955010029302585,-0.4447028575291981,0.7080551592072115
70.0,132.0,142.1283721923828,-2.1192890279676746,1.7984264980446047,-4.92041992272411,-3.023637196291919,-2.4862630705474427,0.8392563093769569,-0.5088082330646075,3.99275164134204,-0.4506043871085918,1.3222941943722175
70.0,132.0,144.48789978027344,-2.141046964113209,1.771880474365917,-4.911381224157521,-3.040130457582591,-2.517262630056656,0.8055665997807893,-1.0369607176572375,3.977882256769657,-0.4549739669163189,1.3219810566530266
70.0,132.0,172.3175811767578,-2.278957464571469,1.803862315744612,-4.952411569651946,-3.158996863808101,-3.094778434193575,0.8282607679651502,-0.1544410578692941,4.874719110565707,-0.4065243757509901,1.6724782787171233
70.0,132.0,150.5499267578125,-2.11968739608623,1.755035030369485,-4.927208819748874,-3.0244678618957064,-2.0218319945465275,0.8106048132035997,-1.0135414794231097,3.9867357123238514,-0.4552261932641993,1.349251448476138
70.0,132.0,140.70806884765625,-2.1170765257260005,1.7786727018614492,-4.886691515714032,-3.0032452423189584,-2.490826029221292,0.8457199841861938,-0.5221104655596113,3.970749928697078,-0.4471574466552951,1.3225873864163096
70.0,132.0,143.6717529296875,-2.156491978467087,1.7848226430137946,-4.937289081138338,-3.015584518911508,-2.4952668236488216,0.8392536062907989,-1.048874207228421,3.9749121325547967,-0.4509797059062946,1.3121867831926637
70.0,132.0,142.40072631835938,-2.121646521791928,1.753174757011645,-4.956966705710904,-3.097350806547635,-2.492643860680988,0.8491242490777567,-0.0536979377731923,3.96792452732735,-0.449127038362077,1.3230957434348551
70.0,132.0,140.0876007080078,-2.1191143309966978,2.7636275569073043,-4.905674777356533,-3.026477303277875,-2.4896974337100186,0.8491121639496949,-0.122108396708982,3.974043471714972,-0.4508710443122379,1.3222043399083954
70.0,132.0,140.52117919921875,-2.1272497769988306,1.774468940747441,-4.918171862643308,-3.039466282870276,-2.4890347571925453,0.8476899259151214,-0.521753245229758,3.96549093137469,-0.4572526271482879,1.3258236409937911
70.0,132.0,146.584716796875,-2.103115268970947,1.7773525520170366,-4.8991595252982325,-3.0347150506673737,-2.5711874065489764,0.8116258795517473,-1.035978714195854,3.971544582710554,-0.4467989748149475,1.6285298446205214
70.0,132.0,143.8277587890625,-2.1248830858866543,1.7802090878779313,-4.936753072080505,-3.0101865241049657,-1.9782824049959105,0.8420858723207358,-1.0500881416038224,3.96241728300316,-0.4534587791217112,1.321746580187323
70.0,132.0,143.25624084472656,-2.126201498395338,1.776447180426718,-4.911038367938904,-3.0189203841660275,-2.5141724623159933,0.8453948594086856,-1.0516125740393008,3.96882708303868,-0.4538285156769916,1.3222958490239185
70.0,132.0,143.3880157470703,-2.1278496828839097,1.803949790301111,-4.914917093978404,-3.0275212047355486,-2.494102296669033,0.8473783417204833,-0.5576720828168575,3.966465171061431,-0.4395132413915947,1.3320589549118091
70.0,132.0,155.14508056640625,-2.144416528898283,1.7532622941419214,-4.910340166670732,-3.045212005694971,-1.9538792327145715,0.8337103093690844,-1.0439633387742353,3.904955445319976,-0.4075869564763927,0.7623833671535221
70.0,132.0,140.76686096191406,-2.170695841499955,1.7784186373092663,-4.921483408786589,-3.028149773509264,-2.4926401653456747,0.8426221415119702,-0.5194478138776373,3.967601226841812,-0.4507670013439944,1.3222571826987524
70.0,132.0,183.65969848632807,-1.5338700555787514,1.847762832114995,-4.9100535406756585,-2.976708588161438,-2.538712066989127,0.7725277183395802,-1.0434215777564533,4.28073311359245,-0.5229133794346381,1.0156653556004689
70.0,132.0,157.8895721435547,-2.151116586352581,1.7765067177928218,-4.954217446239854,-3.688038395004858,-2.586077377730949,0.8144731752930827,-0.6122097261475492,3.624379146848815,-0.454328507982406,0.9702287003031408
70.0,132.0,160.38934326171875,-2.1239526524329047,1.7532778008160277,-4.793683137872873,-2.992665936417859,-3.0883299703921034,0.7444479414625762,-1.0498487622640318,3.959048847339001,-0.7967959506285662,0.7170082799296202
70.0,132.0,140.86453247070312,-2.1351373310080795,1.7800482052858773,-4.912402077396855,-3.0289206888195275,-2.4879246953700624,0.8622177855849812,-0.5202131899875674,3.978503394477124,-0.4491757029351612,1.3220464120642956
70.0,132.0,155.30633544921875,-2.110355142561264,1.7355664246072802,-4.897661520156259,-3.0945963635771343,-3.0647722813398968,0.8256285834289196,-1.0204516952792135,4.389633871132414,-0.4667985076585941,0.7287559592886229
70.0,132.0,158.0673828125,-2.13478528945232,1.8441109636686763,-4.929363763692761,-3.1294766675918138,-3.0546509867568057,1.330469986782295,-1.0107985278553162,3.543151829295136,-0.4498499097984712,0.7093224768745058
70.0,132.0,151.25607299804688,-2.172037136009037,1.7295055121999343,-4.886813252907739,-3.044272093932116,-2.527211347557737,0.8736419156014977,-1.0803740810791176,4.326682419773425,-0.4568381444550614,1.020613823807618
70.0,132.0,165.35855102539062,-2.0411344005614884,1.8033887960812784,-4.990096883276585,-3.0271535952284765,-1.9850275875294443,0.7502007915430735,-1.0075749577924853,3.0752222344234887,-0.4467256416415724,1.0584411608503208
70.0,132.0,165.263427734375,-2.025108824505472,1.819420873531608,-4.880777358367313,-3.048511178555349,-3.076473591889685,0.724041054625411,-1.045823708623605,4.79798916193166,-0.408550783489008,0.6991762171530035
70.0,132.0,147.6595916748047,-2.191540710131359,1.7768596351457293,-4.928132938788525,-3.0311465947677627,-2.4551492063965243,0.8559432135813866,-1.0743890442504118,3.948423500283928,-0.4440404965886042,1.3016042613862342
70.0,132.0,160.2692413330078,-1.055922459328694,1.7735920722761906,-4.937958133848109,-1.695201673496223,-3.064020344723154,0.8372423768827528,-1.0608401158966236,4.429729571994304,-0.4561175576200931,0.7202760905369371
70.0,133.0,157.60691833496094,-2.1221509371431435,1.8392303061078088,-4.902514539010984,-3.0864103908050646,-3.0538475418464337,0.8517324402109121,-1.0171489627324086,3.092931355225164,-0.4559853455206131,0.9824460715350812
70.0,133.0,161.15728759765625,-1.9534206856324816,1.7536378394229737,-4.890109816254475,-3.0956079319477503,-3.0662115030366284,0.8279698431872164,-1.019189610828445,4.304919778195342,-0.4515226464921155,0.7024576952550962
70.0,133.0,139.32833862304688,-2.08817131902122,2.674483873195172,-4.922319748061662,-3.0287992714960743,-2.513783286141139,0.8496565177450722,-0.5469923913485679,3.96800845936754,-0.4520489752543011,1.3210823692950004
70.0,133.0,140.12632751464844,-2.1215491880816293,1.7792238858973313,-4.920577197043221,-3.027929973928153,-2.4890769664046006,0.8472367759435059,-0.5498216813081094,3.9735488143390736,-0.450876297400725,1.3222903813229892
70.0,133.0,143.24349975585938,-2.128533234080406,1.7868032697988063,-4.940104940010339,-3.034779864246622,-2.489104346534115,0.8435885521224269,-1.049761213277737,3.95519536192777,-0.4527298978945417,1.322804521062937
70.0,133.0,150.95826721191406,-2.1262525097823337,1.7737189882144293,-4.926724315985826,-3.0259742329384216,-2.437463469842107,1.4099652745982325,-1.0262765149084487,3.9233814230264574,-0.4512474950726279,1.609887845109697
70.0,133.0,156.08035278320312,-2.1580996450789263,1.728328627406782,-4.879695436337815,-3.0850529772078543,-3.06587044186364,0.8359929899162684,-1.015638048938622,3.5437633377229565,-0.4462973345896071,0.7233871726910266
70.0,133.0,145.83074951171875,-2.1182021524849444,1.8078905911135548,-4.935700425047287,-2.9794937688851824,-2.4827301949732017,0.8507230196630945,-1.052661683502819,3.970937820545013,-0.4537632926829645,1.6362450208066313
70.0,133.0,142.9798126220703,-2.1220829198845297,1.779816139448701,-4.916527573251591,-3.02469365005042,-2.497106128890054,0.8394429982048441,-1.0497138158275474,3.959478534814511,-0.4503832498699787,1.3264084915991838
70.0,133.0,140.63870239257812,-2.10679926390394,1.7715796026297312,-4.924155837395888,-3.028278571499607,-2.490646394218512,0.841984296736348,-0.5156651528705621,3.973258449190348,-0.4521359260348891,1.3215050127700307
70.0,133.0,141.74156188964844,-2.1226740822816854,1.7736387905413424,-4.918288196020484,-3.035982946954099,-2.484936598206667,0.8209326233857932,-0.132630120986342,3.998054089499625,-0.4470700933029762,1.3206793143670754
70.0,133.0,145.51785278320312,-2.126771842195532,1.7670477007423182,-4.9204922003124985,-3.0347375076084453,-2.5383422307312813,0.8687211962592126,-1.0296164895992543,3.981699626098981,-0.4690457710752135,1.3215946527643532
70.0,133.0,139.1177978515625,-2.121924358678077,2.666080249734612,-4.918759838099927,-3.032773542817324,-2.490193648566313,0.8467825409558875,-0.5280131587354278,3.967725551798917,-0.4509176876331131,1.322280599399067
70.0,133.0,143.77976989746094,-2.090505492232815,1.7746837755457456,-4.927630124357569,-3.0560179816904194,-2.484891176152149,0.8273372251040916,-1.050737962835111,3.954398361079628,-0.4518568018256002,1.3213216143176292
70.0,133.0,177.90628051757812,-0.9480992037287066,1.6698462529856726,-4.92126265432442,-3.066282443454009,-3.048841576344093,1.9184003846581128,-1.029547548154336,4.407033002134062,-0.5675828178794807,0.7291447687456702
70.0,133.0,140.9718475341797,-2.125555403700584,1.834448362948937,-4.923553580627899,-3.027269359781092,-2.496642717177834,0.8452673207663824,-0.5429606047965838,3.964565127773959,-0.449260105867078,1.3287363897385336
70.0,133.0,140.55001831054688,-2.122329315786468,1.802061285371577,-4.931716526883416,-3.0283693764857564,-2.486060058575672,0.8457611210177214,-0.5347108318649818,3.980144941527816,-0.4523532917964609,1.322373004556118
70.0,133.0,149.86083984375,-2.12290973532822,1.7678672280638843,-4.933681346827862,-3.0281690041240785,-2.4860633919118627,0.9010736490337464,-1.0043492977172703,4.342770552392945,-0.4457589969867184,1.2979840525979809
70.0,133.0,155.2960662841797,-2.2266314691725286,1.788375596851226,-4.950584305584922,-3.049071767262101,-2.638683652418841,0.8465118506007967,-0.1054621583886064,4.8594375544309925,-0.4437755791998702,1.355552198023204
70.0,133.0,139.61412048339844,-2.120708309045925,2.646499316157822,-4.919001555223896,-3.0334827950766248,-2.470952181922878,0.8457956422961187,-0.0963203227284782,3.981787003574114,-0.4506643384445651,1.322272781476901
70.0,133.0,141.0843048095703,-2.124149455607269,1.7766151066120937,-4.917168928933022,-2.9731319939279293,-2.4790568065844263,0.8520437271489193,-0.0969474955085968,3.978393913173271,-0.4502242409565731,1.3164611436705125
70.0,133.0,140.43373107910156,-2.1205410068566954,2.6294765548767782,-4.91439760984602,-3.035356492014001,-2.489566060999503,0.8379681772416212,-0.5246367167352105,3.9854723639637055,-0.4506221059803558,1.3254177685166195
70.0,133.0,147.732666015625,-2.129226284493474,1.794948561183719,-4.928015957305518,-3.060761302254257,-2.4820283353734123,1.4189591683472205,-1.050654230389559,3.999420209945351,-0.4463595266217796,1.318098215826905
70.0,133.0,153.1660919189453,-2.121447798556532,1.8336876551817392,-4.9380753146679925,-3.094233202647145,-3.0649950223856144,0.8354321701101891,-1.021508757068139,3.955010029302585,-0.4447028575291981,0.7080551592072115
70.0,133.0,142.1283721923828,-2.1192890279676746,1.7984264980446047,-4.92041992272411,-3.023637196291919,-2.4862630705474427,0.8392563093769569,-0.5088082330646075,3.99275164134204,-0.4506043871085918,1.3222941943722175
70.0,133.0,144.48789978027344,-2.141046964113209,1.771880474365917,-4.911381224157521,-3.040130457582591,-2.517262630056656,0.8055665997807893,-1.0369607176572375,3.977882256769657,-0.4549739669163189,1.3219810566530266
70.0,133.0,172.3175811767578,-2.278957464571469,1.803862315744612,-4.952411569651946,-3.158996863808101,-3.094778434193575,0.8282607679651502,-0.1544410578692941,4.874719110565707,-0.4065243757509901,1.6724782787171233
70.0,133.0,150.5499267578125,-2.11968739608623,1.755035030369485,-4.927208819748874,-3.0244678618957064,-2.0218319945465275,0.8106048132035997,-1.0135414794231097,3.9867357123238514,-0.4552261932641993,1.349251448476138
70.0,133.0,140.70806884765625,-2.1170765257260005,1.7786727018614492,-4.886691515714032,-3.0032452423189584,-2.490826029221292,0.8457199841861938,-0.5221104655596113,3.970749928697078,-0.4471574466552951,1.3225873864163096
70.0,133.0,143.6717529296875,-2.156491978467087,1.7848226430137946,-4.937289081138338,-3.015584518911508,-2.4952668236488216,0.8392536062907989,-1.048874207228421,3.9749121325547967,-0.4509797059062946,1.3121867831926637
70.0,133.0,142.40072631835938,-2.121646521791928,1.753174757011645,-4.956966705710904,-3.097350806547635,-2.492643860680988,0.8491242490777567,-0.0536979377731923,3.96792452732735,-0.449127038362077,1.3230957434348551
70.0,133.0,140.0876007080078,-2.1191143309966978,2.7636275569073043,-4.905674777356533,-3.026477303277875,-2.4896974337100186,0.8491121639496949,-0.122108396708982,3.974043471714972,-0.4508710443122379,1.3222043399083954
70.0,133.0,140.52117919921875,-2.1272497769988306,1.774468940747441,-4.918171862643308,-3.039466282870276,-2.4890347571925453,0.8476899259151214,-0.521753245229758,3.96549093137469,-0.4572526271482879,1.3258236409937911
70.0,133.0,146.584716796875,-2.103115268970947,1.7773525520170366,-4.8991595252982325,-3.0347150506673737,-2.5711874065489764,0.8116258795517473,-1.035978714195854,3.971544582710554,-0.4467989748149475,1.6285298446205214
70.0,133.0,143.8277587890625,-2.1248830858866543,1.7802090878779313,-4.936753072080505,-3.0101865241049657,-1.9782824049959105,0.8420858723207358,-1.0500881416038224,3.96241728300316,-0.4534587791217112,1.321746580187323
70.0,133.0,143.25624084472656,-2.126201498395338,1.776447180426718,-4.911038367938904,-3.0189203841660275,-2.5141724623159933,0.8453948594086856,-1.0516125740393008,3.96882708303868,-0.4538285156769916,1.3222958490239185
70.0,133.0,143.3880157470703,-2.1278496828839097,1.803949790301111,-4.914917093978404,-3.0275212047355486,-2.494102296669033,0.8473783417204833,-0.5576720828168575,3.966465171061431,-0.4395132413915947,1.3320589549118091
70.0,133.0,155.14508056640625,-2.144416528898283,1.7532622941419214,-4.910340166670732,-3.045212005694971,-1.9538792327145715,0.8337103093690844,-1.0439633387742353,3.904955445319976,-0.4075869564763927,0.7623833671535221
70.0,133.0,140.76686096191406,-2.170695841499955,1.7784186373092663,-4.921483408786589,-3.028149773509264,-2.4926401653456747,0.8426221415119702,-0.5194478138776373,3.967601226841812,-0.4507670013439944,1.3222571826987524
70.0,133.0,183.65969848632807,-1.5338700555787514,1.847762832114995,-4.9100535406756585,-2.976708588161438,-2.538712066989127,0.7725277183395802,-1.0434215777564533,4.28073311359245,-0.5229133794346381,1.0156653556004689
70.0,133.0,157.8895721435547,-2.151116586352581,1.7765067177928218,-4.954217446239854,-3.688038395004858,-2.586077377730949,0.8144731752930827,-0.6122097261475492,3.624379146848815,-0.454328507982406,0.9702287003031408
70.0,133.0,160.38934326171875,-2.1239526524329047,1.7532778008160277,-4.793683137872873,-2.992665936417859,-3.0883299703921034,0.7444479414625762,-1.0498487622640318,3.959048847339001,-0.7967959506285662,0.7170082799296202
70.0,133.0,140.86453247070312,-2.1351373310080795,1.7800482052858773,-4.912402077396855,-3.0289206888195275,-2.4879246953700624,0.8622177855849812,-0.5202131899875674,3.978503394477124,-0.4491757029351612,1.3220464120642956
70.0,133.0,155.30633544921875,-2.110355142561264,1.7355664246072802,-4.897661520156259,-3.0945963635771343,-3.0647722813398968,0.8256285834289196,-1.0204516952792135,4.389633871132414,-0.4667985076585941,0.7287559592886229
70.0,133.0,158.0673828125,-2.13478528945232,1.8441109636686763,-4.929363763692761,-3.1294766675918138,-3.0546509867568057,1.330469986782295,-1.0107985278553162,3.543151829295136,-0.4498499097984712,0.7093224768745058
70.0,133.0,151.25607299804688,-2.172037136009037,1.7295055121999343,-4.886813252907739,-3.044272093932116,-2.527211347557737,0.8736419156014977,-1.0803740810791176,4.326682419773425,-0.4568381444550614,1.020613823807618
70.0,133.0,165.35855102539062,-2.0411344005614884,1.8033887960812784,-4.990096883276585,-3.0271535952284765,-1.9850275875294443,0.7502007915430735,-1.0075749577924853,3.0752222344234887,-0.4467256416415724,1.0584411608503208
70.0,133.0,165.263427734375,-2.025108824505472,1.819420873531608,-4.880777358367313,-3.048511178555349,-3.076473591889685,0.724041054625411,-1.045823708623605,4.79798916193166,-0.408550783489008,0.6991762171530035
70.0,133.0,147.6595916748047,-2.191540710131359,1.7768596351457293,-4.928132938788525,-3.0311465947677627,-2.4551492063965243,0.8559432135813866,-1.0743890442504118,3.948423500283928,-0.4440404965886042,1.3016042613862342
70.0,133.0,160.2692413330078,-1.055922459328694,1.7735920722761906,-4.937958133848109,-1.695201673496223,-3.064020344723154,0.8372423768827528,-1.0608401158966236,4.429729571994304,-0.4561175576200931,0.7202760905369371
70.0,134.0,157.60691833496094,-2.1221509371431435,1.8392303061078088,-4.902514539010984,-3.0864103908050646,-3.0538475418464337,0.8517324402109121,-1.0171489627324086,3.092931355225164,-0.4559853455206131,0.9824460715350812
70.0,134.0,161.15728759765625,-1.9534206856324816,1.7536378394229737,-4.890109816254475,-3.0956079319477503,-3.0662115030366284,0.8279698431872164,-1.019189610828445,4.304919778195342,-0.4515226464921155,0.7024576952550962
70.0,134.0,139.32833862304688,-2.08817131902122,2.674483873195172,-4.922319748061662,-3.0287992714960743,-2.513783286141139,0.8496565177450722,-0.5469923913485679,3.96800845936754,-0.4520489752543011,1.3210823692950004
70.0,134.0,140.12632751464844,-2.1215491880816293,1.7792238858973313,-4.920577197043221,-3.027929973928153,-2.4890769664046006,0.8472367759435059,-0.5498216813081094,3.9735488143390736,-0.450876297400725,1.3222903813229892
70.0,134.0,143.24349975585938,-2.128533234080406,1.7868032697988063,-4.940104940010339,-3.034779864246622,-2.489104346534115,0.8435885521224269,-1.049761213277737,3.95519536192777,-0.4527298978945417,1.322804521062937
70.0,134.0,150.95826721191406,-2.1262525097823337,1.7737189882144293,-4.926724315985826,-3.0259742329384216,-2.437463469842107,1.4099652745982325,-1.0262765149084487,3.9233814230264574,-0.4512474950726279,1.609887845109697
70.0,134.0,156.08035278320312,-2.1580996450789263,1.728328627406782,-4.879695436337815,-3.0850529772078543,-3.06587044186364,0.8359929899162684,-1.015638048938622,3.5437633377229565,-0.4462973345896071,0.7233871726910266
70.0,134.0,145.83074951171875,-2.1182021524849444,1.8078905911135548,-4.935700425047287,-2.9794937688851824,-2.4827301949732017,0.8507230196630945,-1.052661683502819,3.970937820545013,-0.4537632926829645,1.6362450208066313
70.0,134.0,142.9798126220703,-2.1220829198845297,1.779816139448701,-4.916527573251591,-3.02469365005042,-2.497106128890054,0.8394429982048441,-1.0497138158275474,3.959478534814511,-0.4503832498699787,1.3264084915991838
70.0,134.0,140.63870239257812,-2.10679926390394,1.7715796026297312,-4.924155837395888,-3.028278571499607,-2.490646394218512,0.841984296736348,-0.5156651528705621,3.973258449190348,-0.4521359260348891,1.3215050127700307
70.0,134.0,141.74156188964844,-2.1226740822816854,1.7736387905413424,-4.918288196020484,-3.035982946954099,-2.484936598206667,0.8209326233857932,-0.132630120986342,3.998054089499625,-0.4470700933029762,1.3206793143670754
70.0,134.0,145.51785278320312,-2.126771842195532,1.7670477007423182,-4.9204922003124985,-3.0347375076084453,-2.5383422307312813,0.8687211962592126,-1.0296164895992543,3.981699626098981,-0.4690457710752135,1.3215946527643532
70.0,134.0,139.1177978515625,-2.121924358678077,2.666080249734612,-4.918759838099927,-3.032773542817324,-2.490193648566313,0.8467825409558875,-0.5280131587354278,3.967725551798917,-0.4509176876331131,1.322280599399067
70.0,134.0,143.77976989746094,-2.090505492232815,1.7746837755457456,-4.927630124357569,-3.0560179816904194,-2.484891176152149,0.8273372251040916,-1.050737962835111,3.954398361079628,-0.4518568018256002,1.3213216143176292
70.0,134.0,177.90628051757812,-0.9480992037287066,1.6698462529856726,-4.92126265432442,-3.066282443454009,-3.048841576344093,1.9184003846581128,-1.029547548154336,4.407033002134062,-0.5675828178794807,0.7291447687456702
70.0,134.0,140.9718475341797,-2.125555403700584,1.834448362948937,-4.923553580627899,-3.027269359781092,-2.496642717177834,0.8452673207663824,-0.5429606047965838,3.964565127773959,-0.449260105867078,1.3287363897385336
70.0,134.0,140.55001831054688,-2.122329315786468,1.802061285371577,-4.931716526883416,-3.0283693764857564,-2.486060058575672,0.8457611210177214,-0.5347108318649818,3.980144941527816,-0.4523532917964609,1.322373004556118
70.0,134.0,149.86083984375,-2.12290973532822,1.7678672280638843,-4.933681346827862,-3.0281690041240785,-2.4860633919118627,0.9010736490337464,-1.0043492977172703,4.342770552392945,-0.4457589969867184,1.2979840525979809
70.0,134.0,155.2960662841797,-2.2266314691725286,1.788375596851226,-4.950584305584922,-3.049071767262101,-2.638683652418841,0.8465118506007967,-0.1054621583886064,4.8594375544309925,-0.4437755791998702,1.355552198023204
70.0,134.0,139.61412048339844,-2.120708309045925,2.646499316157822,-4.919001555223896,-3.0334827950766248,-2.470952181922878,0.8457956422961187,-0.0963203227284782,3.981787003574114,-0.4506643384445651,1.322272781476901
70.0,134.0,141.0843048095703,-2.124149455607269,1.7766151066120937,-4.917168928933022,-2.9731319939279293,-2.4790568065844263,0.8520437271489193,-0.0969474955085968,3.978393913173271,-0.4502242409565731,1.3164611436705125
70.0,134.0,140.43373107910156,-2.1205410068566954,2.6294765548767782,-4.91439760984602,-3.035356492014001,-2.489566060999503,0.8379681772416212,-0.5246367167352105,3.9854723639637055,-0.4506221059803558,1.3254177685166195
70.0,134.0,147.732666015625,-2.129226284493474,1.794948561183719,-4.928015957305518,-3.060761302254257,-2.4820283353734123,1.4189591683472205,-1.050654230389559,3.999420209945351,-0.4463595266217796,1.318098215826905
70.0,134.0,153.1660919189453,-2.121447798556532,1.8336876551817392,-4.9380753146679925,-3.094233202647145,-3.0649950223856144,0.8354321701101891,-1.021508757068139,3.955010029302585,-0.4447028575291981,0.7080551592072115
70.0,134.0,142.1283721923828,-2.1192890279676746,1.7984264980446047,-4.92041992272411,-3.023637196291919,-2.4862630705474427,0.8392563093769569,-0.5088082330646075,3.99275164134204,-0.4506043871085918,1.3222941943722175
70.0,134.0,144.48789978027344,-2.141046964113209,1.771880474365917,-4.911381224157521,-3.040130457582591,-2.517262630056656,0.8055665997807893,-1.0369607176572375,3.977882256769657,-0.4549739669163189,1.3219810566530266
70.0,134.0,172.3175811767578,-2.278957464571469,1.803862315744612,-4.952411569651946,-3.158996863808101,-3.094778434193575,0.8282607679651502,-0.1544410578692941,4.874719110565707,-0.4065243757509901,1.6724782787171233
70.0,134.0,150.5499267578125,-2.11968739608623,1.755035030369485,-4.927208819748874,-3.0244678618957064,-2.0218319945465275,0.8106048132035997,-1.0135414794231097,3.9867357123238514,-0.4552261932641993,1.349251448476138
70.0,134.0,140.70806884765625,-2.1170765257260005,1.7786727018614492,-4.886691515714032,-3.0032452423189584,-2.490826029221292,0.8457199841861938,-0.5221104655596113,3.970749928697078,-0.4471574466552951,1.3225873864163096
70.0,134.0,143.6717529296875,-2.156491978467087,1.7848226430137946,-4.937289081138338,-3.015584518911508,-2.4952668236488216,0.8392536062907989,-1.048874207228421,3.9749121325547967,-0.4509797059062946,1.3121867831926637
70.0,134.0,142.40072631835938,-2.121646521791928,1.753174757011645,-4.956966705710904,-3.097350806547635,-2.492643860680988,0.8491242490777567,-0.0536979377731923,3.96792452732735,-0.449127038362077,1.3230957434348551
70.0,134.0,140.0876007080078,-2.1191143309966978,2.7636275569073043,-4.905674777356533,-3.026477303277875,-2.4896974337100186,0.8491121639496949,-0.122108396708982,3.974043471714972,-0.4508710443122379,1.3222043399083954
70.0,134.0,140.52117919921875,-2.1272497769988306,1.774468940747441,-4.918171862643308,-3.039466282870276,-2.4890347571925453,0.8476899259151214,-0.521753245229758,3.96549093137469,-0.4572526271482879,1.3258236409937911
70.0,134.0,146.584716796875,-2.103115268970947,1.7773525520170366,-4.8991595252982325,-3.0347150506673737,-2.5711874065489764,0.8116258795517473,-1.035978714195854,3.971544582710554,-0.4467989748149475,1.6285298446205214
70.0,134.0,143.8277587890625,-2.1248830858866543,1.7802090878779313,-4.936753072080505,-3.0101865241049657,-1.9782824049959105,0.8420858723207358,-1.0500881416038224,3.96241728300316,-0.4534587791217112,1.321746580187323
70.0,134.0,143.25624084472656,-2.126201498395338,1.776447180426718,-4.911038367938904,-3.0189203841660275,-2.5141724623159933,0.8453948594086856,-1.0516125740393008,3.96882708303868,-0.4538285156769916,1.3222958490239185
70.0,134.0,143.3880157470703,-2.1278496828839097,1.803949790301111,-4.914917093978404,-3.0275212047355486,-2.494102296669033,0.8473783417204833,-0.5576720828168575,3.966465171061431,-0.4395132413915947,1.3320589549118091
70.0,134.0,155.14508056640625,-2.144416528898283,1.7532622941419214,-4.910340166670732,-3.045212005694971,-1.9538792327145715,0.8337103093690844,-1.0439633387742353,3.904955445319976,-0.4075869564763927,0.7623833671535221
70.0,134.0,140.76686096191406,-2.170695841499955,1.7784186373092663,-4.921483408786589,-3.028149773509264,-2.4926401653456747,0.8426221415119702,-0.5194478138776373,3.967601226841812,-0.4507670013439944,1.3222571826987524
70.0,134.0,183.65969848632807,-1.5338700555787514,1.847762832114995,-4.9100535406756585,-2.976708588161438,-2.538712066989127,0.7725277183395802,-1.0434215777564533,4.28073311359245,-0.5229133794346381,1.0156653556004689
70.0,134.0,157.8895721435547,-2.151116586352581,1.7765067177928218,-4.954217446239854,-3.688038395004858,-2.586077377730949,0.8144731752930827,-0.6122097261475492,3.624379146848815,-0.454328507982406,0.9702287003031408
70.0,134.0,160.38934326171875,-2.1239526524329047,1.7532778008160277,-4.793683137872873,-2.992665936417859,-3.0883299703921034,0.7444479414625762,-1.0498487622640318,3.959048847339001,-0.7967959506285662,0.7170082799296202
70.0,134.0,140.86453247070312,-2.1351373310080795,1.7800482052858773,-4.912402077396855,-3.0289206888195275,-2.4879246953700624,0.8622177855849812,-0.5202131899875674,3.978503394477124,-0.4491757029351612,1.3220464120642956
70.0,134.0,155.30633544921875,-2.110355142561264,1.7355664246072802,-4.897661520156259,-3.0945963635771343,-3.0647722813398968,0.8256285834289196,-1.0204516952792135,4.389633871132414,-0.4667985076585941,0.7287559592886229
70.0,134.0,158.0673828125,-2.13478528945232,1.8441109636686763,-4.929363763692761,-3.1294766675918138,-3.0546509867568057,1.330469986782295,-1.0107985278553162,3.543151829295136,-0.4498499097984712,0.7093224768745058
70.0,134.0,151.25607299804688,-2.172037136009037,1.7295055121999343,-4.886813252907739,-3.044272093932116,-2.527211347557737,0.8736419156014977,-1.0803740810791176,4.326682419773425,-0.4568381444550614,1.020613823807618
70.0,134.0,165.35855102539062,-2.0411344005614884,1.8033887960812784,-4.990096883276585,-3.0271535952284765,-1.9850275875294443,0.7502007915430735,-1.0075749577924853,3.0752222344234887,-0.4467256416415724,1.0584411608503208
70.0,134.0,165.263427734375,-2.025108824505472,1.819420873531608,-4.880777358367313,-3.048511178555349,-3.076473591889685,0.724041054625411,-1.045823708623605,4.79798916193166,-0.408550783489008,0.6991762171530035
70.0,134.0,147.6595916748047,-2.191540710131359,1.7768596351457293,-4.928132938788525,-3.0311465947677627,-2.4551492063965243,0.8559432135813866,-1.0743890442504118,3.948423500283928,-0.4440404965886042,1.3016042613862342
70.0,134.0,160.2692413330078,-1.055922459328694,1.7735920722761906,-4.937958133848109,-1.695201673496223,-3.064020344723154,0.8372423768827528,-1.0608401158966236,4.429729571994304,-0.4561175576200931,0.7202760905369371
70.0,135.0,157.60691833496094,-2.1221509371431435,1.8392303061078088,-4.902514539010984,-3.0864103908050646,-3.0538475418464337,0.8517324402109121,-1.0171489627324086,3.092931355225164,-0.4559853455206131,0.9824460715350812
70.0,135.0,161.15728759765625,-1.9534206856324816,1.7536378394229737,-4.890109816254475,-3.0956079319477503,-3.0662115030366284,0.8279698431872164,-1.019189610828445,4.304919778195342,-0.4515226464921155,0.7024576952550962
70.0,135.0,139.32833862304688,-2.08817131902122,2.674483873195172,-4.922319748061662,-3.0287992714960743,-2.513783286141139,0.8496565177450722,-0.5469923913485679,3.96800845936754,-0.4520489752543011,1.3210823692950004
70.0,135.0,140.12632751464844,-2.1215491880816293,1.7792238858973313,-4.920577197043221,-3.027929973928153,-2.4890769664046006,0.8472367759435059,-0.5498216813081094,3.9735488143390736,-0.450876297400725,1.3222903813229892
70.0,135.0,143.24349975585938,-2.128533234080406,1.7868032697988063,-4.940104940010339,-3.034779864246622,-2.489104346534115,0.8435885521224269,-1.049761213277737,3.95519536192777,-0.4527298978945417,1.322804521062937
70.0,135.0,150.95826721191406,-2.1262525097823337,1.7737189882144293,-4.926724315985826,-3.0259742329384216,-2.437463469842107,1.4099652745982325,-1.0262765149084487,3.9233814230264574,-0.4512474950726279,1.609887845109697
70.0,135.0,156.08035278320312,-2.1580996450789263,1.728328627406782,-4.879695436337815,-3.0850529772078543,-3.06587044186364,0.8359929899162684,-1.015638048938622,3.5437633377229565,-0.4462973345896071,0.7233871726910266
70.0,135.0,145.83074951171875,-2.1182021524849444,1.8078905911135548,-4.935700425047287,-2.9794937688851824,-2.4827301949732017,0.8507230196630945,-1.052661683502819,3.970937820545013,-0.4537632926829645,1.6362450208066313
70.0,135.0,142.9798126220703,-2.1220829198845297,1.779816139448701,-4.916527573251591,-3.02469365005042,-2.497106128890054,0.8394429982048441,-1.0497138158275474,3.959478534814511,-0.4503832498699787,1.3264084915991838
70.0,135.0,140.63870239257812,-2.10679926390394,1.7715796026297312,-4.924155837395888,-3.028278571499607,-2.490646394218512,0.841984296736348,-0.5156651528705621,3.973258449190348,-0.4521359260348891,1.3215050127700307
70.0,135.0,141.74156188964844,-2.1226740822816854,1.7736387905413424,-4.918288196020484,-3.035982946954099,-2.484936598206667,0.8209326233857932,-0.132630120986342,3.998054089499625,-0.4470700933029762,1.3206793143670754
70.0,135.0,145.51785278320312,-2.126771842195532,1.7670477007423182,-4.9204922003124985,-3.0347375076084453,-2.5383422307312813,0.8687211962592126,-1.0296164895992543,3.981699626098981,-0.4690457710752135,1.3215946527643532
70.0,135.0,139.1177978515625,-2.121924358678077,2.666080249734612,-4.918759838099927,-3.032773542817324,-2.490193648566313,0.8467825409558875,-0.5280131587354278,3.967725551798917,-0.4509176876331131,1.322280599399067
70.0,135.0,143.77976989746094,-2.090505492232815,1.7746837755457456,-4.927630124357569,-3.0560179816904194,-2.484891176152149,0.8273372251040916,-1.050737962835111,3.954398361079628,-0.4518568018256002,1.3213216143176292
70.0,135.0,177.90628051757812,-0.9480992037287066,1.6698462529856726,-4.92126265432442,-3.066282443454009,-3.048841576344093,1.9184003846581128,-1.029547548154336,4.407033002134062,-0.5675828178794807,0.7291447687456702
70.0,135.0,140.9718475341797,-2.125555403700584,1.834448362948937,-4.923553580627899,-3.027269359781092,-2.496642717177834,0.8452673207663824,-0.5429606047965838,3.964565127773959,-0.449260105867078,1.3287363897385336
70.0,135.0,140.55001831054688,-2.122329315786468,1.802061285371577,-4.931716526883416,-3.0283693764857564,-2.486060058575672,0.8457611210177214,-0.5347108318649818,3.980144941527816,-0.4523532917964609,1.322373004556118
70.0,135.0,149.86083984375,-2.12290973532822,1.7678672280638843,-4.933681346827862,-3.0281690041240785,-2.4860633919118627,0.9010736490337464,-1.0043492977172703,4.342770552392945,-0.4457589969867184,1.2979840525979809
70.0,135.0,155.2960662841797,-2.2266314691725286,1.788375596851226,-4.950584305584922,-3.049071767262101,-2.638683652418841,0.8465118506007967,-0.1054621583886064,4.8594375544309925,-0.4437755791998702,1.355552198023204
70.0,135.0,139.61412048339844,-2.120708309045925,2.646499316157822,-4.919001555223896,-3.0334827950766248,-2.470952181922878,0.8457956422961187,-0.0963203227284782,3.981787003574114,-0.4506643384445651,1.322272781476901
70.0,135.0,141.0843048095703,-2.124149455607269,1.7766151066120937,-4.917168928933022,-2.9731319939279293,-2.4790568065844263,0.8520437271489193,-0.0969474955085968,3.978393913173271,-0.4502242409565731,1.3164611436705125
70.0,135.0,139.24049377441406,-2.122952978603168,2.70020178203428,-4.9094442719968265,-3.03447883586124,-2.4897371704606464,0.8453880164933214,-0.5275536671755963,3.970888576625884,-0.4506163248250027,1.3280531216495697
70.0,135.0,147.732666015625,-2.129226284493474,1.794948561183719,-4.928015957305518,-3.060761302254257,-2.4820283353734123,1.4189591683472205,-1.050654230389559,3.999420209945351,-0.4463595266217796,1.318098215826905
70.0,135.0,153.1660919189453,-2.121447798556532,1.8336876551817392,-4.9380753146679925,-3.094233202647145,-3.0649950223856144,0.8354321701101891,-1.021508757068139,3.955010029302585,-0.4447028575291981,0.7080551592072115
70.0,135.0,142.1283721923828,-2.1192890279676746,1.7984264980446047,-4.92041992272411,-3.023637196291919,-2.4862630705474427,0.8392563093769569,-0.5088082330646075,3.99275164134204,-0.4506043871085918,1.3222941943722175
70.0,135.0,144.48789978027344,-2.141046964113209,1.771880474365917,-4.911381224157521,-3.040130457582591,-2.517262630056656,0.8055665997807893,-1.0369607176572375,3.977882256769657,-0.4549739669163189,1.3219810566530266
70.0,135.0,172.3175811767578,-2.278957464571469,1.803862315744612,-4.952411569651946,-3.158996863808101,-3.094778434193575,0.8282607679651502,-0.1544410578692941,4.874719110565707,-0.4065243757509901,1.6724782787171233
70.0,135.0,150.5499267578125,-2.11968739608623,1.755035030369485,-4.927208819748874,-3.0244678618957064,-2.0218319945465275,0.8106048132035997,-1.0135414794231097,3.9867357123238514,-0.4552261932641993,1.349251448476138
70.0,135.0,140.70806884765625,-2.1170765257260005,1.7786727018614492,-4.886691515714032,-3.0032452423189584,-2.490826029221292,0.8457199841861938,-0.5221104655596113,3.970749928697078,-0.4471574466552951,1.3225873864163096
70.0,135.0,143.6717529296875,-2.156491978467087,1.7848226430137946,-4.937289081138338,-3.015584518911508,-2.4952668236488216,0.8392536062907989,-1.048874207228421,3.9749121325547967,-0.4509797059062946,1.3121867831926637
70.0,135.0,142.40072631835938,-2.121646521791928,1.753174757011645,-4.956966705710904,-3.097350806547635,-2.492643860680988,0.8491242490777567,-0.0536979377731923,3.96792452732735,-0.449127038362077,1.3230957434348551
70.0,135.0,140.0876007080078,-2.1191143309966978,2.7636275569073043,-4.905674777356533,-3.026477303277875,-2.4896974337100186,0.8491121639496949,-0.122108396708982,3.974043471714972,-0.4508710443122379,1.3222043399083954
70.0,135.0,140.52117919921875,-2.1272497769988306,1.774468940747441,-4.918171862643308,-3.039466282870276,-2.4890347571925453,0.8476899259151214,-0.521753245229758,3.96549093137469,-0.4572526271482879,1.3258236409937911
70.0,135.0,146.584716796875,-2.103115268970947,1.7773525520170366,-4.8991595252982325,-3.0347150506673737,-2.5711874065489764,0.8116258795517473,-1.035978714195854,3.971544582710554,-0.4467989748149475,1.6285298446205214
70.0,135.0,143.8277587890625,-2.1248830858866543,1.7802090878779313,-4.936753072080505,-3.0101865241049657,-1.9782824049959105,0.8420858723207358,-1.0500881416038224,3.96241728300316,-0.4534587791217112,1.321746580187323
70.0,135.0,143.25624084472656,-2.126201498395338,1.776447180426718,-4.911038367938904,-3.0189203841660275,-2.5141724623159933,0.8453948594086856,-1.0516125740393008,3.96882708303868,-0.4538285156769916,1.3222958490239185
70.0,135.0,143.3880157470703,-2.1278496828839097,1.803949790301111,-4.914917093978404,-3.0275212047355486,-2.494102296669033,0.8473783417204833,-0.5576720828168575,3.966465171061431,-0.4395132413915947,1.3320589549118091
70.0,135.0,155.14508056640625,-2.144416528898283,1.7532622941419214,-4.910340166670732,-3.045212005694971,-1.9538792327145715,0.8337103093690844,-1.0439633387742353,3.904955445319976,-0.4075869564763927,0.7623833671535221
70.0,135.0,140.76686096191406,-2.170695841499955,1.7784186373092663,-4.921483408786589,-3.028149773509264,-2.4926401653456747,0.8426221415119702,-0.5194478138776373,3.967601226841812,-0.4507670013439944,1.3222571826987524
70.0,135.0,183.65969848632807,-1.5338700555787514,1.847762832114995,-4.9100535406756585,-2.976708588161438,-2.538712066989127,0.7725277183395802,-1.0434215777564533,4.28073311359245,-0.5229133794346381,1.0156653556004689
70.0,135.0,157.8895721435547,-2.151116586352581,1.7765067177928218,-4.954217446239854,-3.688038395004858,-2.586077377730949,0.8144731752930827,-0.6122097261475492,3.624379146848815,-0.454328507982406,0.9702287003031408
70.0,135.0,160.38934326171875,-2.1239526524329047,1.7532778008160277,-4.793683137872873,-2.992665936417859,-3.0883299703921034,0.7444479414625762,-1.0498487622640318,3.959048847339001,-0.7967959506285662,0.7170082799296202
70.0,135.0,140.86453247070312,-2.1351373310080795,1.7800482052858773,-4.912402077396855,-3.0289206888195275,-2.4879246953700624,0.8622177855849812,-0.5202131899875674,3.978503394477124,-0.4491757029351612,1.3220464120642956
70.0,135.0,155.30633544921875,-2.110355142561264,1.7355664246072802,-4.897661520156259,-3.0945963635771343,-3.0647722813398968,0.8256285834289196,-1.0204516952792135,4.389633871132414,-0.4667985076585941,0.7287559592886229
70.0,135.0,158.0673828125,-2.13478528945232,1.8441109636686763,-4.929363763692761,-3.1294766675918138,-3.0546509867568057,1.330469986782295,-1.0107985278553162,3.543151829295136,-0.4498499097984712,0.7093224768745058
70.0,135.0,151.25607299804688,-2.172037136009037,1.7295055121999343,-4.886813252907739,-3.044272093932116,-2.527211347557737,0.8736419156014977,-1.0803740810791176,4.326682419773425,-0.4568381444550614,1.020613823807618
70.0,135.0,165.35855102539062,-2.0411344005614884,1.8033887960812784,-4.990096883276585,-3.0271535952284765,-1.9850275875294443,0.7502007915430735,-1.0075749577924853,3.0752222344234887,-0.4467256416415724,1.0584411608503208
70.0,135.0,165.263427734375,-2.025108824505472,1.819420873531608,-4.880777358367313,-3.048511178555349,-3.076473591889685,0.724041054625411,-1.045823708623605,4.79798916193166,-0.408550783489008,0.6991762171530035
70.0,135.0,147.6595916748047,-2.191540710131359,1.7768596351457293,-4.928132938788525,-3.0311465947677627,-2.4551492063965243,0.8559432135813866,-1.0743890442504118,3.948423500283928,-0.4440404965886042,1.3016042613862342
70.0,135.0,160.2692413330078,-1.055922459328694,1.7735920722761906,-4.937958133848109,-1.695201673496223,-3.064020344723154,0.8372423768827528,-1.0608401158966236,4.429729571994304,-0.4561175576200931,0.7202760905369371
70.0,136.0,157.60691833496094,-2.1221509371431435,1.8392303061078088,-4.902514539010984,-3.0864103908050646,-3.0538475418464337,0.8517324402109121,-1.0171489627324086,3.092931355225164,-0.4559853455206131,0.9824460715350812
70.0,136.0,161.15728759765625,-1.9534206856324816,1.7536378394229737,-4.890109816254475,-3.0956079319477503,-3.0662115030366284,0.8279698431872164,-1.019189610828445,4.304919778195342,-0.4515226464921155,0.7024576952550962
70.0,136.0,139.32833862304688,-2.08817131902122,2.674483873195172,-4.922319748061662,-3.0287992714960743,-2.513783286141139,0.8496565177450722,-0.5469923913485679,3.96800845936754,-0.4520489752543011,1.3210823692950004
70.0,136.0,140.12632751464844,-2.1215491880816293,1.7792238858973313,-4.920577197043221,-3.027929973928153,-2.4890769664046006,0.8472367759435059,-0.5498216813081094,3.9735488143390736,-0.450876297400725,1.3222903813229892
70.0,136.0,143.24349975585938,-2.128533234080406,1.7868032697988063,-4.940104940010339,-3.034779864246622,-2.489104346534115,0.8435885521224269,-1.049761213277737,3.95519536192777,-0.4527298978945417,1.322804521062937
70.0,136.0,150.95826721191406,-2.1262525097823337,1.7737189882144293,-4.926724315985826,-3.0259742329384216,-2.437463469842107,1.4099652745982325,-1.0262765149084487,3.9233814230264574,-0.4512474950726279,1.609887845109697
70.0,136.0,156.08035278320312,-2.1580996450789263,1.728328627406782,-4.879695436337815,-3.0850529772078543,-3.06587044186364,0.8359929899162684,-1.015638048938622,3.5437633377229565,-0.4462973345896071,0.7233871726910266
70.0,136.0,145.83074951171875,-2.1182021524849444,1.8078905911135548,-4.935700425047287,-2.9794937688851824,-2.4827301949732017,0.8507230196630945,-1.052661683502819,3.970937820545013,-0.4537632926829645,1.6362450208066313
70.0,136.0,142.9798126220703,-2.1220829198845297,1.779816139448701,-4.916527573251591,-3.02469365005042,-2.497106128890054,0.8394429982048441,-1.0497138158275474,3.959478534814511,-0.4503832498699787,1.3264084915991838
70.0,136.0,140.63870239257812,-2.10679926390394,1.7715796026297312,-4.924155837395888,-3.028278571499607,-2.490646394218512,0.841984296736348,-0.5156651528705621,3.973258449190348,-0.4521359260348891,1.3215050127700307
70.0,136.0,141.74156188964844,-2.1226740822816854,1.7736387905413424,-4.918288196020484,-3.035982946954099,-2.484936598206667,0.8209326233857932,-0.132630120986342,3.998054089499625,-0.4470700933029762,1.3206793143670754
70.0,136.0,145.51785278320312,-2.126771842195532,1.7670477007423182,-4.9204922003124985,-3.0347375076084453,-2.5383422307312813,0.8687211962592126,-1.0296164895992543,3.981699626098981,-0.4690457710752135,1.3215946527643532
70.0,136.0,139.1177978515625,-2.121924358678077,2.666080249734612,-4.918759838099927,-3.032773542817324,-2.490193648566313,0.8467825409558875,-0.5280131587354278,3.967725551798917,-0.4509176876331131,1.322280599399067
70.0,136.0,143.77976989746094,-2.090505492232815,1.7746837755457456,-4.927630124357569,-3.0560179816904194,-2.484891176152149,0.8273372251040916,-1.050737962835111,3.954398361079628,-0.4518568018256002,1.3213216143176292
70.0,136.0,177.90628051757812,-0.9480992037287066,1.6698462529856726,-4.92126265432442,-3.066282443454009,-3.048841576344093,1.9184003846581128,-1.029547548154336,4.407033002134062,-0.5675828178794807,0.7291447687456702
70.0,136.0,140.4710693359375,-2.115419609154766,2.670281581372291,-4.9220385183530055,-3.042396797381745,-2.500122797575224,0.8456685259911282,-0.5029328695216161,3.96301670518974,-0.4538270591351506,1.32295090030155
70.0,136.0,140.55001831054688,-2.122329315786468,1.802061285371577,-4.931716526883416,-3.0283693764857564,-2.486060058575672,0.8457611210177214,-0.5347108318649818,3.980144941527816,-0.4523532917964609,1.322373004556118
70.0,136.0,149.86083984375,-2.12290973532822,1.7678672280638843,-4.933681346827862,-3.0281690041240785,-2.4860633919118627,0.9010736490337464,-1.0043492977172703,4.342770552392945,-0.4457589969867184,1.2979840525979809
70.0,136.0,155.2960662841797,-2.2266314691725286,1.788375596851226,-4.950584305584922,-3.049071767262101,-2.638683652418841,0.8465118506007967,-0.1054621583886064,4.8594375544309925,-0.4437755791998702,1.355552198023204
70.0,136.0,139.61412048339844,-2.120708309045925,2.646499316157822,-4.919001555223896,-3.0334827950766248,-2.470952181922878,0.8457956422961187,-0.0963203227284782,3.981787003574114,-0.4506643384445651,1.322272781476901
70.0,136.0,141.0843048095703,-2.124149455607269,1.7766151066120937,-4.917168928933022,-2.9731319939279293,-2.4790568065844263,0.8520437271489193,-0.0969474955085968,3.978393913173271,-0.4502242409565731,1.3164611436705125
70.0,136.0,139.24049377441406,-2.122952978603168,2.70020178203428,-4.9094442719968265,-3.03447883586124,-2.4897371704606464,0.8453880164933214,-0.5275536671755963,3.970888576625884,-0.4506163248250027,1.3280531216495697
70.0,136.0,147.732666015625,-2.129226284493474,1.794948561183719,-4.928015957305518,-3.060761302254257,-2.4820283353734123,1.4189591683472205,-1.050654230389559,3.999420209945351,-0.4463595266217796,1.318098215826905
70.0,136.0,153.1660919189453,-2.121447798556532,1.8336876551817392,-4.9380753146679925,-3.094233202647145,-3.0649950223856144,0.8354321701101891,-1.021508757068139,3.955010029302585,-0.4447028575291981,0.7080551592072115
70.0,136.0,142.1283721923828,-2.1192890279676746,1.7984264980446047,-4.92041992272411,-3.023637196291919,-2.4862630705474427,0.8392563093769569,-0.5088082330646075,3.99275164134204,-0.4506043871085918,1.3222941943722175
70.0,136.0,144.48789978027344,-2.141046964113209,1.771880474365917,-4.911381224157521,-3.040130457582591,-2.517262630056656,0.8055665997807893,-1.0369607176572375,3.977882256769657,-0.4549739669163189,1.3219810566530266
70.0,136.0,172.3175811767578,-2.278957464571469,1.803862315744612,-4.952411569651946,-3.158996863808101,-3.094778434193575,0.8282607679651502,-0.1544410578692941,4.874719110565707,-0.4065243757509901,1.6724782787171233
70.0,136.0,150.5499267578125,-2.11968739608623,1.755035030369485,-4.927208819748874,-3.0244678618957064,-2.0218319945465275,0.8106048132035997,-1.0135414794231097,3.9867357123238514,-0.4552261932641993,1.349251448476138
70.0,136.0,140.70806884765625,-2.1170765257260005,1.7786727018614492,-4.886691515714032,-3.0032452423189584,-2.490826029221292,0.8457199841861938,-0.5221104655596113,3.970749928697078,-0.4471574466552951,1.3225873864163096
70.0,136.0,143.6717529296875,-2.156491978467087,1.7848226430137946,-4.937289081138338,-3.015584518911508,-2.4952668236488216,0.8392536062907989,-1.048874207228421,3.9749121325547967,-0.4509797059062946,1.3121867831926637
70.0,136.0,142.40072631835938,-2.121646521791928,1.753174757011645,-4.956966705710904,-3.097350806547635,-2.492643860680988,0.8491242490777567,-0.0536979377731923,3.96792452732735,-0.449127038362077,1.3230957434348551
70.0,136.0,140.0876007080078,-2.1191143309966978,2.7636275569073043,-4.905674777356533,-3.026477303277875,-2.4896974337100186,0.8491121639496949,-0.122108396708982,3.974043471714972,-0.4508710443122379,1.3222043399083954
70.0,136.0,140.52117919921875,-2.1272497769988306,1.774468940747441,-4.918171862643308,-3.039466282870276,-2.4890347571925453,0.8476899259151214,-0.521753245229758,3.96549093137469,-0.4572526271482879,1.3258236409937911
70.0,136.0,146.584716796875,-2.103115268970947,1.7773525520170366,-4.8991595252982325,-3.0347150506673737,-2.5711874065489764,0.8116258795517473,-1.035978714195854,3.971544582710554,-0.4467989748149475,1.6285298446205214
70.0,136.0,143.8277587890625,-2.1248830858866543,1.7802090878779313,-4.936753072080505,-3.0101865241049657,-1.9782824049959105,0.8420858723207358,-1.0500881416038224,3.96241728300316,-0.4534587791217112,1.321746580187323
70.0,136.0,143.25624084472656,-2.126201498395338,1.776447180426718,-4.911038367938904,-3.0189203841660275,-2.5141724623159933,0.8453948594086856,-1.0516125740393008,3.96882708303868,-0.4538285156769916,1.3222958490239185
70.0,136.0,143.3880157470703,-2.1278496828839097,1.803949790301111,-4.914917093978404,-3.0275212047355486,-2.494102296669033,0.8473783417204833,-0.5576720828168575,3.966465171061431,-0.4395132413915947,1.3320589549118091
70.0,136.0,155.14508056640625,-2.144416528898283,1.7532622941419214,-4.910340166670732,-3.045212005694971,-1.9538792327145715,0.8337103093690844,-1.0439633387742353,3.904955445319976,-0.4075869564763927,0.7623833671535221
70.0,136.0,140.76686096191406,-2.170695841499955,1.7784186373092663,-4.921483408786589,-3.028149773509264,-2.4926401653456747,0.8426221415119702,-0.5194478138776373,3.967601226841812,-0.4507670013439944,1.3222571826987524
70.0,136.0,183.65969848632807,-1.5338700555787514,1.847762832114995,-4.9100535406756585,-2.976708588161438,-2.538712066989127,0.7725277183395802,-1.0434215777564533,4.28073311359245,-0.5229133794346381,1.0156653556004689
70.0,136.0,157.8895721435547,-2.151116586352581,1.7765067177928218,-4.954217446239854,-3.688038395004858,-2.586077377730949,0.8144731752930827,-0.6122097261475492,3.624379146848815,-0.454328507982406,0.9702287003031408
70.0,136.0,160.38934326171875,-2.1239526524329047,1.7532778008160277,-4.793683137872873,-2.992665936417859,-3.0883299703921034,0.7444479414625762,-1.0498487622640318,3.959048847339001,-0.7967959506285662,0.7170082799296202
70.0,136.0,139.94009399414062,-2.1249625519960413,2.647465022592172,-4.922554413040449,-3.0175434074719405,-2.489694054616184,0.8292577207293954,-0.5190332063594714,3.9723931283427993,-0.4503137733380253,1.3214450048130568
70.0,136.0,155.30633544921875,-2.110355142561264,1.7355664246072802,-4.897661520156259,-3.0945963635771343,-3.0647722813398968,0.8256285834289196,-1.0204516952792135,4.389633871132414,-0.4667985076585941,0.7287559592886229
70.0,136.0,158.0673828125,-2.13478528945232,1.8441109636686763,-4.929363763692761,-3.1294766675918138,-3.0546509867568057,1.330469986782295,-1.0107985278553162,3.543151829295136,-0.4498499097984712,0.7093224768745058
70.0,136.0,151.25607299804688,-2.172037136009037,1.7295055121999343,-4.886813252907739,-3.044272093932116,-2.527211347557737,0.8736419156014977,-1.0803740810791176,4.326682419773425,-0.4568381444550614,1.020613823807618
70.0,136.0,165.35855102539062,-2.0411344005614884,1.8033887960812784,-4.990096883276585,-3.0271535952284765,-1.9850275875294443,0.7502007915430735,-1.0075749577924853,3.0752222344234887,-0.4467256416415724,1.0584411608503208
70.0,136.0,165.263427734375,-2.025108824505472,1.819420873531608,-4.880777358367313,-3.048511178555349,-3.076473591889685,0.724041054625411,-1.045823708623605,4.79798916193166,-0.408550783489008,0.6991762171530035
70.0,136.0,147.6595916748047,-2.191540710131359,1.7768596351457293,-4.928132938788525,-3.0311465947677627,-2.4551492063965243,0.8559432135813866,-1.0743890442504118,3.948423500283928,-0.4440404965886042,1.3016042613862342
70.0,136.0,160.2692413330078,-1.055922459328694,1.7735920722761906,-4.937958133848109,-1.695201673496223,-3.064020344723154,0.8372423768827528,-1.0608401158966236,4.429729571994304,-0.4561175576200931,0.7202760905369371
70.0,137.0,157.60691833496094,-2.1221509371431435,1.8392303061078088,-4.902514539010984,-3.0864103908050646,-3.0538475418464337,0.8517324402109121,-1.0171489627324086,3.092931355225164,-0.4559853455206131,0.9824460715350812
70.0,137.0,161.15728759765625,-1.9534206856324816,1.7536378394229737,-4.890109816254475,-3.0956079319477503,-3.0662115030366284,0.8279698431872164,-1.019189610828445,4.304919778195342,-0.4515226464921155,0.7024576952550962
70.0,137.0,139.32833862304688,-2.08817131902122,2.674483873195172,-4.922319748061662,-3.0287992714960743,-2.513783286141139,0.8496565177450722,-0.5469923913485679,3.96800845936754,-0.4520489752543011,1.3210823692950004
70.0,137.0,140.0201873779297,-2.119638856146801,2.659114827367397,-4.908051161168608,-3.0298735272823683,-2.4899243684442465,0.8470426465466386,-0.5116793673974819,3.967044459486349,-0.4509050537181907,1.314693515842695
70.0,137.0,143.24349975585938,-2.128533234080406,1.7868032697988063,-4.940104940010339,-3.034779864246622,-2.489104346534115,0.8435885521224269,-1.049761213277737,3.95519536192777,-0.4527298978945417,1.322804521062937
70.0,137.0,150.95826721191406,-2.1262525097823337,1.7737189882144293,-4.926724315985826,-3.0259742329384216,-2.437463469842107,1.4099652745982325,-1.0262765149084487,3.9233814230264574,-0.4512474950726279,1.609887845109697
70.0,137.0,156.08035278320312,-2.1580996450789263,1.728328627406782,-4.879695436337815,-3.0850529772078543,-3.06587044186364,0.8359929899162684,-1.015638048938622,3.5437633377229565,-0.4462973345896071,0.7233871726910266
70.0,137.0,145.83074951171875,-2.1182021524849444,1.8078905911135548,-4.935700425047287,-2.9794937688851824,-2.4827301949732017,0.8507230196630945,-1.052661683502819,3.970937820545013,-0.4537632926829645,1.6362450208066313
70.0,137.0,142.9798126220703,-2.1220829198845297,1.779816139448701,-4.916527573251591,-3.02469365005042,-2.497106128890054,0.8394429982048441,-1.0497138158275474,3.959478534814511,-0.4503832498699787,1.3264084915991838
70.0,137.0,140.63870239257812,-2.10679926390394,1.7715796026297312,-4.924155837395888,-3.028278571499607,-2.490646394218512,0.841984296736348,-0.5156651528705621,3.973258449190348,-0.4521359260348891,1.3215050127700307
70.0,137.0,141.74156188964844,-2.1226740822816854,1.7736387905413424,-4.918288196020484,-3.035982946954099,-2.484936598206667,0.8209326233857932,-0.132630120986342,3.998054089499625,-0.4470700933029762,1.3206793143670754
70.0,137.0,145.51785278320312,-2.126771842195532,1.7670477007423182,-4.9204922003124985,-3.0347375076084453,-2.5383422307312813,0.8687211962592126,-1.0296164895992543,3.981699626098981,-0.4690457710752135,1.3215946527643532
70.0,137.0,139.1177978515625,-2.121924358678077,2.666080249734612,-4.918759838099927,-3.032773542817324,-2.490193648566313,0.8467825409558875,-0.5280131587354278,3.967725551798917,-0.4509176876331131,1.322280599399067
70.0,137.0,143.77976989746094,-2.090505492232815,1.7746837755457456,-4.927630124357569,-3.0560179816904194,-2.484891176152149,0.8273372251040916,-1.050737962835111,3.954398361079628,-0.4518568018256002,1.3213216143176292
70.0,137.0,177.90628051757812,-0.9480992037287066,1.6698462529856726,-4.92126265432442,-3.066282443454009,-3.048841576344093,1.9184003846581128,-1.029547548154336,4.407033002134062,-0.5675828178794807,0.7291447687456702
70.0,137.0,140.4710693359375,-2.115419609154766,2.670281581372291,-4.9220385183530055,-3.042396797381745,-2.500122797575224,0.8456685259911282,-0.5029328695216161,3.96301670518974,-0.4538270591351506,1.32295090030155
70.0,137.0,140.55001831054688,-2.122329315786468,1.802061285371577,-4.931716526883416,-3.0283693764857564,-2.486060058575672,0.8457611210177214,-0.5347108318649818,3.980144941527816,-0.4523532917964609,1.322373004556118
70.0,137.0,149.86083984375,-2.12290973532822,1.7678672280638843,-4.933681346827862,-3.0281690041240785,-2.4860633919118627,0.9010736490337464,-1.0043492977172703,4.342770552392945,-0.4457589969867184,1.2979840525979809
70.0,137.0,155.2960662841797,-2.2266314691725286,1.788375596851226,-4.950584305584922,-3.049071767262101,-2.638683652418841,0.8465118506007967,-0.1054621583886064,4.8594375544309925,-0.4437755791998702,1.355552198023204
70.0,137.0,139.61412048339844,-2.120708309045925,2.646499316157822,-4.919001555223896,-3.0334827950766248,-2.470952181922878,0.8457956422961187,-0.0963203227284782,3.981787003574114,-0.4506643384445651,1.322272781476901
70.0,137.0,141.0843048095703,-2.124149455607269,1.7766151066120937,-4.917168928933022,-2.9731319939279293,-2.4790568065844263,0.8520437271489193,-0.0969474955085968,3.978393913173271,-0.4502242409565731,1.3164611436705125
70.0,137.0,139.24049377441406,-2.122952978603168,2.70020178203428,-4.9094442719968265,-3.03447883586124,-2.4897371704606464,0.8453880164933214,-0.5275536671755963,3.970888576625884,-0.4506163248250027,1.3280531216495697
70.0,137.0,147.732666015625,-2.129226284493474,1.794948561183719,-4.928015957305518,-3.060761302254257,-2.4820283353734123,1.4189591683472205,-1.050654230389559,3.999420209945351,-0.4463595266217796,1.318098215826905
70.0,137.0,153.1660919189453,-2.121447798556532,1.8336876551817392,-4.9380753146679925,-3.094233202647145,-3.0649950223856144,0.8354321701101891,-1.021508757068139,3.955010029302585,-0.4447028575291981,0.7080551592072115
70.0,137.0,142.1283721923828,-2.1192890279676746,1.7984264980446047,-4.92041992272411,-3.023637196291919,-2.4862630705474427,0.8392563093769569,-0.5088082330646075,3.99275164134204,-0.4506043871085918,1.3222941943722175
70.0,137.0,144.48789978027344,-2.141046964113209,1.771880474365917,-4.911381224157521,-3.040130457582591,-2.517262630056656,0.8055665997807893,-1.0369607176572375,3.977882256769657,-0.4549739669163189,1.3219810566530266
70.0,137.0,172.3175811767578,-2.278957464571469,1.803862315744612,-4.952411569651946,-3.158996863808101,-3.094778434193575,0.8282607679651502,-0.1544410578692941,4.874719110565707,-0.4065243757509901,1.6724782787171233
70.0,137.0,150.5499267578125,-2.11968739608623,1.755035030369485,-4.927208819748874,-3.0244678618957064,-2.0218319945465275,0.8106048132035997,-1.0135414794231097,3.9867357123238514,-0.4552261932641993,1.349251448476138
70.0,137.0,140.70806884765625,-2.1170765257260005,1.7786727018614492,-4.886691515714032,-3.0032452423189584,-2.490826029221292,0.8457199841861938,-0.5221104655596113,3.970749928697078,-0.4471574466552951,1.3225873864163096
70.0,137.0,143.6717529296875,-2.156491978467087,1.7848226430137946,-4.937289081138338,-3.015584518911508,-2.4952668236488216,0.8392536062907989,-1.048874207228421,3.9749121325547967,-0.4509797059062946,1.3121867831926637
70.0,137.0,142.40072631835938,-2.121646521791928,1.753174757011645,-4.956966705710904,-3.097350806547635,-2.492643860680988,0.8491242490777567,-0.0536979377731923,3.96792452732735,-0.449127038362077,1.3230957434348551
70.0,137.0,140.0876007080078,-2.1191143309966978,2.7636275569073043,-4.905674777356533,-3.026477303277875,-2.4896974337100186,0.8491121639496949,-0.122108396708982,3.974043471714972,-0.4508710443122379,1.3222043399083954
70.0,137.0,140.52117919921875,-2.1272497769988306,1.774468940747441,-4.918171862643308,-3.039466282870276,-2.4890347571925453,0.8476899259151214,-0.521753245229758,3.96549093137469,-0.4572526271482879,1.3258236409937911
70.0,137.0,146.584716796875,-2.103115268970947,1.7773525520170366,-4.8991595252982325,-3.0347150506673737,-2.5711874065489764,0.8116258795517473,-1.035978714195854,3.971544582710554,-0.4467989748149475,1.6285298446205214
70.0,137.0,143.8277587890625,-2.1248830858866543,1.7802090878779313,-4.936753072080505,-3.0101865241049657,-1.9782824049959105,0.8420858723207358,-1.0500881416038224,3.96241728300316,-0.4534587791217112,1.321746580187323
70.0,137.0,143.25624084472656,-2.126201498395338,1.776447180426718,-4.911038367938904,-3.0189203841660275,-2.5141724623159933,0.8453948594086856,-1.0516125740393008,3.96882708303868,-0.4538285156769916,1.3222958490239185
70.0,137.0,143.3880157470703,-2.1278496828839097,1.803949790301111,-4.914917093978404,-3.0275212047355486,-2.494102296669033,0.8473783417204833,-0.5576720828168575,3.966465171061431,-0.4395132413915947,1.3320589549118091
70.0,137.0,155.14508056640625,-2.144416528898283,1.7532622941419214,-4.910340166670732,-3.045212005694971,-1.9538792327145715,0.8337103093690844,-1.0439633387742353,3.904955445319976,-0.4075869564763927,0.7623833671535221
70.0,137.0,140.76686096191406,-2.170695841499955,1.7784186373092663,-4.921483408786589,-3.028149773509264,-2.4926401653456747,0.8426221415119702,-0.5194478138776373,3.967601226841812,-0.4507670013439944,1.3222571826987524
70.0,137.0,183.65969848632807,-1.5338700555787514,1.847762832114995,-4.9100535406756585,-2.976708588161438,-2.538712066989127,0.7725277183395802,-1.0434215777564533,4.28073311359245,-0.5229133794346381,1.0156653556004689
70.0,137.0,157.8895721435547,-2.151116586352581,1.7765067177928218,-4.954217446239854,-3.688038395004858,-2.586077377730949,0.8144731752930827,-0.6122097261475492,3.624379146848815,-0.454328507982406,0.9702287003031408
70.0,137.0,160.38934326171875,-2.1239526524329047,1.7532778008160277,-4.793683137872873,-2.992665936417859,-3.0883299703921034,0.7444479414625762,-1.0498487622640318,3.959048847339001,-0.7967959506285662,0.7170082799296202
70.0,137.0,139.94009399414062,-2.1249625519960413,2.647465022592172,-4.922554413040449,-3.0175434074719405,-2.489694054616184,0.8292577207293954,-0.5190332063594714,3.9723931283427993,-0.4503137733380253,1.3214450048130568
70.0,137.0,155.30633544921875,-2.110355142561264,1.7355664246072802,-4.897661520156259,-3.0945963635771343,-3.0647722813398968,0.8256285834289196,-1.0204516952792135,4.389633871132414,-0.4667985076585941,0.7287559592886229
70.0,137.0,158.0673828125,-2.13478528945232,1.8441109636686763,-4.929363763692761,-3.1294766675918138,-3.0546509867568057,1.330469986782295,-1.0107985278553162,3.543151829295136,-0.4498499097984712,0.7093224768745058
70.0,137.0,151.25607299804688,-2.172037136009037,1.7295055121999343,-4.886813252907739,-3.044272093932116,-2.527211347557737,0.8736419156014977,-1.0803740810791176,4.326682419773425,-0.4568381444550614,1.020613823807618
70.0,137.0,165.35855102539062,-2.0411344005614884,1.8033887960812784,-4.990096883276585,-3.0271535952284765,-1.9850275875294443,0.7502007915430735,-1.0075749577924853,3.0752222344234887,-0.4467256416415724,1.0584411608503208
70.0,137.0,165.263427734375,-2.025108824505472,1.819420873531608,-4.880777358367313,-3.048511178555349,-3.076473591889685,0.724041054625411,-1.045823708623605,4.79798916193166,-0.408550783489008,0.6991762171530035
70.0,137.0,147.6595916748047,-2.191540710131359,1.7768596351457293,-4.928132938788525,-3.0311465947677627,-2.4551492063965243,0.8559432135813866,-1.0743890442504118,3.948423500283928,-0.4440404965886042,1.3016042613862342
70.0,137.0,160.2692413330078,-1.055922459328694,1.7735920722761906,-4.937958133848109,-1.695201673496223,-3.064020344723154,0.8372423768827528,-1.0608401158966236,4.429729571994304,-0.4561175576200931,0.7202760905369371
70.0,138.0,157.60691833496094,-2.1221509371431435,1.8392303061078088,-4.902514539010984,-3.0864103908050646,-3.0538475418464337,0.8517324402109121,-1.0171489627324086,3.092931355225164,-0.4559853455206131,0.9824460715350812
70.0,138.0,161.15728759765625,-1.9534206856324816,1.7536378394229737,-4.890109816254475,-3.0956079319477503,-3.0662115030366284,0.8279698431872164,-1.019189610828445,4.304919778195342,-0.4515226464921155,0.7024576952550962
70.0,138.0,139.32833862304688,-2.08817131902122,2.674483873195172,-4.922319748061662,-3.0287992714960743,-2.513783286141139,0.8496565177450722,-0.5469923913485679,3.96800845936754,-0.4520489752543011,1.3210823692950004
70.0,138.0,140.0201873779297,-2.119638856146801,2.659114827367397,-4.908051161168608,-3.0298735272823683,-2.4899243684442465,0.8470426465466386,-0.5116793673974819,3.967044459486349,-0.4509050537181907,1.314693515842695
70.0,138.0,143.24349975585938,-2.128533234080406,1.7868032697988063,-4.940104940010339,-3.034779864246622,-2.489104346534115,0.8435885521224269,-1.049761213277737,3.95519536192777,-0.4527298978945417,1.322804521062937
70.0,138.0,150.95826721191406,-2.1262525097823337,1.7737189882144293,-4.926724315985826,-3.0259742329384216,-2.437463469842107,1.4099652745982325,-1.0262765149084487,3.9233814230264574,-0.4512474950726279,1.609887845109697
70.0,138.0,156.08035278320312,-2.1580996450789263,1.728328627406782,-4.879695436337815,-3.0850529772078543,-3.06587044186364,0.8359929899162684,-1.015638048938622,3.5437633377229565,-0.4462973345896071,0.7233871726910266
70.0,138.0,145.83074951171875,-2.1182021524849444,1.8078905911135548,-4.935700425047287,-2.9794937688851824,-2.4827301949732017,0.8507230196630945,-1.052661683502819,3.970937820545013,-0.4537632926829645,1.6362450208066313
70.0,138.0,142.9798126220703,-2.1220829198845297,1.779816139448701,-4.916527573251591,-3.02469365005042,-2.497106128890054,0.8394429982048441,-1.0497138158275474,3.959478534814511,-0.4503832498699787,1.3264084915991838
70.0,138.0,140.63870239257812,-2.10679926390394,1.7715796026297312,-4.924155837395888,-3.028278571499607,-2.490646394218512,0.841984296736348,-0.5156651528705621,3.973258449190348,-0.4521359260348891,1.3215050127700307
70.0,138.0,141.74156188964844,-2.1226740822816854,1.7736387905413424,-4.918288196020484,-3.035982946954099,-2.484936598206667,0.8209326233857932,-0.132630120986342,3.998054089499625,-0.4470700933029762,1.3206793143670754
70.0,138.0,145.51785278320312,-2.126771842195532,1.7670477007423182,-4.9204922003124985,-3.0347375076084453,-2.5383422307312813,0.8687211962592126,-1.0296164895992543,3.981699626098981,-0.4690457710752135,1.3215946527643532
70.0,138.0,139.1177978515625,-2.121924358678077,2.666080249734612,-4.918759838099927,-3.032773542817324,-2.490193648566313,0.8467825409558875,-0.5280131587354278,3.967725551798917,-0.4509176876331131,1.322280599399067
70.0,138.0,143.77976989746094,-2.090505492232815,1.7746837755457456,-4.927630124357569,-3.0560179816904194,-2.484891176152149,0.8273372251040916,-1.050737962835111,3.954398361079628,-0.4518568018256002,1.3213216143176292
70.0,138.0,177.90628051757812,-0.9480992037287066,1.6698462529856726,-4.92126265432442,-3.066282443454009,-3.048841576344093,1.9184003846581128,-1.029547548154336,4.407033002134062,-0.5675828178794807,0.7291447687456702
70.0,138.0,140.13351440429688,-2.1189478498862804,2.6362887517540083,-4.917633729423771,-3.039540364340023,-2.487923279984074,0.8459017768406807,-0.5170531173720647,3.968336748347877,-0.4513383801045014,1.3271253703076806
70.0,138.0,140.55001831054688,-2.122329315786468,1.802061285371577,-4.931716526883416,-3.0283693764857564,-2.486060058575672,0.8457611210177214,-0.5347108318649818,3.980144941527816,-0.4523532917964609,1.322373004556118
70.0,138.0,149.86083984375,-2.12290973532822,1.7678672280638843,-4.933681346827862,-3.0281690041240785,-2.4860633919118627,0.9010736490337464,-1.0043492977172703,4.342770552392945,-0.4457589969867184,1.2979840525979809
70.0,138.0,155.2960662841797,-2.2266314691725286,1.788375596851226,-4.950584305584922,-3.049071767262101,-2.638683652418841,0.8465118506007967,-0.1054621583886064,4.8594375544309925,-0.4437755791998702,1.355552198023204
70.0,138.0,139.61412048339844,-2.120708309045925,2.646499316157822,-4.919001555223896,-3.0334827950766248,-2.470952181922878,0.8457956422961187,-0.0963203227284782,3.981787003574114,-0.4506643384445651,1.322272781476901
70.0,138.0,141.0843048095703,-2.124149455607269,1.7766151066120937,-4.917168928933022,-2.9731319939279293,-2.4790568065844263,0.8520437271489193,-0.0969474955085968,3.978393913173271,-0.4502242409565731,1.3164611436705125
70.0,138.0,139.24049377441406,-2.122952978603168,2.70020178203428,-4.9094442719968265,-3.03447883586124,-2.4897371704606464,0.8453880164933214,-0.5275536671755963,3.970888576625884,-0.4506163248250027,1.3280531216495697
70.0,138.0,147.732666015625,-2.129226284493474,1.794948561183719,-4.928015957305518,-3.060761302254257,-2.4820283353734123,1.4189591683472205,-1.050654230389559,3.999420209945351,-0.4463595266217796,1.318098215826905
70.0,138.0,153.1660919189453,-2.121447798556532,1.8336876551817392,-4.9380753146679925,-3.094233202647145,-3.0649950223856144,0.8354321701101891,-1.021508757068139,3.955010029302585,-0.4447028575291981,0.7080551592072115
70.0,138.0,142.1283721923828,-2.1192890279676746,1.7984264980446047,-4.92041992272411,-3.023637196291919,-2.4862630705474427,0.8392563093769569,-0.5088082330646075,3.99275164134204,-0.4506043871085918,1.3222941943722175
70.0,138.0,144.48789978027344,-2.141046964113209,1.771880474365917,-4.911381224157521,-3.040130457582591,-2.517262630056656,0.8055665997807893,-1.0369607176572375,3.977882256769657,-0.4549739669163189,1.3219810566530266
70.0,138.0,172.3175811767578,-2.278957464571469,1.803862315744612,-4.952411569651946,-3.158996863808101,-3.094778434193575,0.8282607679651502,-0.1544410578692941,4.874719110565707,-0.4065243757509901,1.6724782787171233
70.0,138.0,150.5499267578125,-2.11968739608623,1.755035030369485,-4.927208819748874,-3.0244678618957064,-2.0218319945465275,0.8106048132035997,-1.0135414794231097,3.9867357123238514,-0.4552261932641993,1.349251448476138
70.0,138.0,140.70806884765625,-2.1170765257260005,1.7786727018614492,-4.886691515714032,-3.0032452423189584,-2.490826029221292,0.8457199841861938,-0.5221104655596113,3.970749928697078,-0.4471574466552951,1.3225873864163096
70.0,138.0,143.6717529296875,-2.156491978467087,1.7848226430137946,-4.937289081138338,-3.015584518911508,-2.4952668236488216,0.8392536062907989,-1.048874207228421,3.9749121325547967,-0.4509797059062946,1.3121867831926637
70.0,138.0,142.40072631835938,-2.121646521791928,1.753174757011645,-4.956966705710904,-3.097350806547635,-2.492643860680988,0.8491242490777567,-0.0536979377731923,3.96792452732735,-0.449127038362077,1.3230957434348551
70.0,138.0,140.0876007080078,-2.1191143309966978,2.7636275569073043,-4.905674777356533,-3.026477303277875,-2.4896974337100186,0.8491121639496949,-0.122108396708982,3.974043471714972,-0.4508710443122379,1.3222043399083954
70.0,138.0,140.52117919921875,-2.1272497769988306,1.774468940747441,-4.918171862643308,-3.039466282870276,-2.4890347571925453,0.8476899259151214,-0.521753245229758,3.96549093137469,-0.4572526271482879,1.3258236409937911
70.0,138.0,146.584716796875,-2.103115268970947,1.7773525520170366,-4.8991595252982325,-3.0347150506673737,-2.5711874065489764,0.8116258795517473,-1.035978714195854,3.971544582710554,-0.4467989748149475,1.6285298446205214
70.0,138.0,143.8277587890625,-2.1248830858866543,1.7802090878779313,-4.936753072080505,-3.0101865241049657,-1.9782824049959105,0.8420858723207358,-1.0500881416038224,3.96241728300316,-0.4534587791217112,1.321746580187323
70.0,138.0,143.25624084472656,-2.126201498395338,1.776447180426718,-4.911038367938904,-3.0189203841660275,-2.5141724623159933,0.8453948594086856,-1.0516125740393008,3.96882708303868,-0.4538285156769916,1.3222958490239185
70.0,138.0,143.08763122558594,-2.1247644961339938,2.6035970204019625,-4.912970978836043,-3.029570101497498,-2.508132997329971,0.8466070075078349,-0.5639526111363711,3.967098251603896,-0.4564435398850057,1.2931899441914625
70.0,138.0,155.14508056640625,-2.144416528898283,1.7532622941419214,-4.910340166670732,-3.045212005694971,-1.9538792327145715,0.8337103093690844,-1.0439633387742353,3.904955445319976,-0.4075869564763927,0.7623833671535221
70.0,138.0,140.76686096191406,-2.170695841499955,1.7784186373092663,-4.921483408786589,-3.028149773509264,-2.4926401653456747,0.8426221415119702,-0.5194478138776373,3.967601226841812,-0.4507670013439944,1.3222571826987524
70.0,138.0,183.65969848632807,-1.5338700555787514,1.847762832114995,-4.9100535406756585,-2.976708588161438,-2.538712066989127,0.7725277183395802,-1.0434215777564533,4.28073311359245,-0.5229133794346381,1.0156653556004689
70.0,138.0,157.8895721435547,-2.151116586352581,1.7765067177928218,-4.954217446239854,-3.688038395004858,-2.586077377730949,0.8144731752930827,-0.6122097261475492,3.624379146848815,-0.454328507982406,0.9702287003031408
70.0,138.0,160.38934326171875,-2.1239526524329047,1.7532778008160277,-4.793683137872873,-2.992665936417859,-3.0883299703921034,0.7444479414625762,-1.0498487622640318,3.959048847339001,-0.7967959506285662,0.7170082799296202
70.0,138.0,139.94009399414062,-2.1249625519960413,2.647465022592172,-4.922554413040449,-3.0175434074719405,-2.489694054616184,0.8292577207293954,-0.5190332063594714,3.9723931283427993,-0.4503137733380253,1.3214450048130568
70.0,138.0,155.30633544921875,-2.110355142561264,1.7355664246072802,-4.897661520156259,-3.0945963635771343,-3.0647722813398968,0.8256285834289196,-1.0204516952792135,4.389633871132414,-0.4667985076585941,0.7287559592886229
70.0,138.0,158.0673828125,-2.13478528945232,1.8441109636686763,-4.929363763692761,-3.1294766675918138,-3.0546509867568057,1.330469986782295,-1.0107985278553162,3.543151829295136,-0.4498499097984712,0.7093224768745058
70.0,138.0,151.25607299804688,-2.172037136009037,1.7295055121999343,-4.886813252907739,-3.044272093932116,-2.527211347557737,0.8736419156014977,-1.0803740810791176,4.326682419773425,-0.4568381444550614,1.020613823807618
70.0,138.0,165.35855102539062,-2.0411344005614884,1.8033887960812784,-4.990096883276585,-3.0271535952284765,-1.9850275875294443,0.7502007915430735,-1.0075749577924853,3.0752222344234887,-0.4467256416415724,1.0584411608503208
70.0,138.0,165.263427734375,-2.025108824505472,1.819420873531608,-4.880777358367313,-3.048511178555349,-3.076473591889685,0.724041054625411,-1.045823708623605,4.79798916193166,-0.408550783489008,0.6991762171530035
70.0,138.0,147.6595916748047,-2.191540710131359,1.7768596351457293,-4.928132938788525,-3.0311465947677627,-2.4551492063965243,0.8559432135813866,-1.0743890442504118,3.948423500283928,-0.4440404965886042,1.3016042613862342
70.0,138.0,160.2692413330078,-1.055922459328694,1.7735920722761906,-4.937958133848109,-1.695201673496223,-3.064020344723154,0.8372423768827528,-1.0608401158966236,4.429729571994304,-0.4561175576200931,0.7202760905369371
70.0,139.0,157.60691833496094,-2.1221509371431435,1.8392303061078088,-4.902514539010984,-3.0864103908050646,-3.0538475418464337,0.8517324402109121,-1.0171489627324086,3.092931355225164,-0.4559853455206131,0.9824460715350812
70.0,139.0,161.15728759765625,-1.9534206856324816,1.7536378394229737,-4.890109816254475,-3.0956079319477503,-3.0662115030366284,0.8279698431872164,-1.019189610828445,4.304919778195342,-0.4515226464921155,0.7024576952550962
70.0,139.0,139.32833862304688,-2.08817131902122,2.674483873195172,-4.922319748061662,-3.0287992714960743,-2.513783286141139,0.8496565177450722,-0.5469923913485679,3.96800845936754,-0.4520489752543011,1.3210823692950004
70.0,139.0,140.0201873779297,-2.119638856146801,2.659114827367397,-4.908051161168608,-3.0298735272823683,-2.4899243684442465,0.8470426465466386,-0.5116793673974819,3.967044459486349,-0.4509050537181907,1.314693515842695
70.0,139.0,143.24349975585938,-2.128533234080406,1.7868032697988063,-4.940104940010339,-3.034779864246622,-2.489104346534115,0.8435885521224269,-1.049761213277737,3.95519536192777,-0.4527298978945417,1.322804521062937
70.0,139.0,150.95826721191406,-2.1262525097823337,1.7737189882144293,-4.926724315985826,-3.0259742329384216,-2.437463469842107,1.4099652745982325,-1.0262765149084487,3.9233814230264574,-0.4512474950726279,1.609887845109697
70.0,139.0,156.08035278320312,-2.1580996450789263,1.728328627406782,-4.879695436337815,-3.0850529772078543,-3.06587044186364,0.8359929899162684,-1.015638048938622,3.5437633377229565,-0.4462973345896071,0.7233871726910266
70.0,139.0,145.83074951171875,-2.1182021524849444,1.8078905911135548,-4.935700425047287,-2.9794937688851824,-2.4827301949732017,0.8507230196630945,-1.052661683502819,3.970937820545013,-0.4537632926829645,1.6362450208066313
70.0,139.0,142.9798126220703,-2.1220829198845297,1.779816139448701,-4.916527573251591,-3.02469365005042,-2.497106128890054,0.8394429982048441,-1.0497138158275474,3.959478534814511,-0.4503832498699787,1.3264084915991838
70.0,139.0,140.63870239257812,-2.10679926390394,1.7715796026297312,-4.924155837395888,-3.028278571499607,-2.490646394218512,0.841984296736348,-0.5156651528705621,3.973258449190348,-0.4521359260348891,1.3215050127700307
70.0,139.0,141.74156188964844,-2.1226740822816854,1.7736387905413424,-4.918288196020484,-3.035982946954099,-2.484936598206667,0.8209326233857932,-0.132630120986342,3.998054089499625,-0.4470700933029762,1.3206793143670754
70.0,139.0,145.51785278320312,-2.126771842195532,1.7670477007423182,-4.9204922003124985,-3.0347375076084453,-2.5383422307312813,0.8687211962592126,-1.0296164895992543,3.981699626098981,-0.4690457710752135,1.3215946527643532
70.0,139.0,139.1177978515625,-2.121924358678077,2.666080249734612,-4.918759838099927,-3.032773542817324,-2.490193648566313,0.8467825409558875,-0.5280131587354278,3.967725551798917,-0.4509176876331131,1.322280599399067
70.0,139.0,143.77976989746094,-2.090505492232815,1.7746837755457456,-4.927630124357569,-3.0560179816904194,-2.484891176152149,0.8273372251040916,-1.050737962835111,3.954398361079628,-0.4518568018256002,1.3213216143176292
70.0,139.0,177.90628051757812,-0.9480992037287066,1.6698462529856726,-4.92126265432442,-3.066282443454009,-3.048841576344093,1.9184003846581128,-1.029547548154336,4.407033002134062,-0.5675828178794807,0.7291447687456702
70.0,139.0,140.13351440429688,-2.1189478498862804,2.6362887517540083,-4.917633729423771,-3.039540364340023,-2.487923279984074,0.8459017768406807,-0.5170531173720647,3.968336748347877,-0.4513383801045014,1.3271253703076806
70.0,139.0,140.55001831054688,-2.122329315786468,1.802061285371577,-4.931716526883416,-3.0283693764857564,-2.486060058575672,0.8457611210177214,-0.5347108318649818,3.980144941527816,-0.4523532917964609,1.322373004556118
70.0,139.0,149.86083984375,-2.12290973532822,1.7678672280638843,-4.933681346827862,-3.0281690041240785,-2.4860633919118627,0.9010736490337464,-1.0043492977172703,4.342770552392945,-0.4457589969867184,1.2979840525979809
70.0,139.0,155.2960662841797,-2.2266314691725286,1.788375596851226,-4.950584305584922,-3.049071767262101,-2.638683652418841,0.8465118506007967,-0.1054621583886064,4.8594375544309925,-0.4437755791998702,1.355552198023204
70.0,139.0,139.61412048339844,-2.120708309045925,2.646499316157822,-4.919001555223896,-3.0334827950766248,-2.470952181922878,0.8457956422961187,-0.0963203227284782,3.981787003574114,-0.4506643384445651,1.322272781476901
70.0,139.0,141.0843048095703,-2.124149455607269,1.7766151066120937,-4.917168928933022,-2.9731319939279293,-2.4790568065844263,0.8520437271489193,-0.0969474955085968,3.978393913173271,-0.4502242409565731,1.3164611436705125
70.0,139.0,139.24049377441406,-2.122952978603168,2.70020178203428,-4.9094442719968265,-3.03447883586124,-2.4897371704606464,0.8453880164933214,-0.5275536671755963,3.970888576625884,-0.4506163248250027,1.3280531216495697
70.0,139.0,147.732666015625,-2.129226284493474,1.794948561183719,-4.928015957305518,-3.060761302254257,-2.4820283353734123,1.4189591683472205,-1.050654230389559,3.999420209945351,-0.4463595266217796,1.318098215826905
70.0,139.0,153.1660919189453,-2.121447798556532,1.8336876551817392,-4.9380753146679925,-3.094233202647145,-3.0649950223856144,0.8354321701101891,-1.021508757068139,3.955010029302585,-0.4447028575291981,0.7080551592072115
70.0,139.0,142.1283721923828,-2.1192890279676746,1.7984264980446047,-4.92041992272411,-3.023637196291919,-2.4862630705474427,0.8392563093769569,-0.5088082330646075,3.99275164134204,-0.4506043871085918,1.3222941943722175
70.0,139.0,144.48789978027344,-2.141046964113209,1.771880474365917,-4.911381224157521,-3.040130457582591,-2.517262630056656,0.8055665997807893,-1.0369607176572375,3.977882256769657,-0.4549739669163189,1.3219810566530266
70.0,139.0,172.3175811767578,-2.278957464571469,1.803862315744612,-4.952411569651946,-3.158996863808101,-3.094778434193575,0.8282607679651502,-0.1544410578692941,4.874719110565707,-0.4065243757509901,1.6724782787171233
70.0,139.0,150.5499267578125,-2.11968739608623,1.755035030369485,-4.927208819748874,-3.0244678618957064,-2.0218319945465275,0.8106048132035997,-1.0135414794231097,3.9867357123238514,-0.4552261932641993,1.349251448476138
70.0,139.0,140.70806884765625,-2.1170765257260005,1.7786727018614492,-4.886691515714032,-3.0032452423189584,-2.490826029221292,0.8457199841861938,-0.5221104655596113,3.970749928697078,-0.4471574466552951,1.3225873864163096
70.0,139.0,143.6717529296875,-2.156491978467087,1.7848226430137946,-4.937289081138338,-3.015584518911508,-2.4952668236488216,0.8392536062907989,-1.048874207228421,3.9749121325547967,-0.4509797059062946,1.3121867831926637
70.0,139.0,142.40072631835938,-2.121646521791928,1.753174757011645,-4.956966705710904,-3.097350806547635,-2.492643860680988,0.8491242490777567,-0.0536979377731923,3.96792452732735,-0.449127038362077,1.3230957434348551
70.0,139.0,140.0876007080078,-2.1191143309966978,2.7636275569073043,-4.905674777356533,-3.026477303277875,-2.4896974337100186,0.8491121639496949,-0.122108396708982,3.974043471714972,-0.4508710443122379,1.3222043399083954
70.0,139.0,140.52117919921875,-2.1272497769988306,1.774468940747441,-4.918171862643308,-3.039466282870276,-2.4890347571925453,0.8476899259151214,-0.521753245229758,3.96549093137469,-0.4572526271482879,1.3258236409937911
70.0,139.0,146.584716796875,-2.103115268970947,1.7773525520170366,-4.8991595252982325,-3.0347150506673737,-2.5711874065489764,0.8116258795517473,-1.035978714195854,3.971544582710554,-0.4467989748149475,1.6285298446205214
70.0,139.0,143.8277587890625,-2.1248830858866543,1.7802090878779313,-4.936753072080505,-3.0101865241049657,-1.9782824049959105,0.8420858723207358,-1.0500881416038224,3.96241728300316,-0.4534587791217112,1.321746580187323
70.0,139.0,143.25624084472656,-2.126201498395338,1.776447180426718,-4.911038367938904,-3.0189203841660275,-2.5141724623159933,0.8453948594086856,-1.0516125740393008,3.96882708303868,-0.4538285156769916,1.3222958490239185
70.0,139.0,143.08763122558594,-2.1247644961339938,2.6035970204019625,-4.912970978836043,-3.029570101497498,-2.508132997329971,0.8466070075078349,-0.5639526111363711,3.967098251603896,-0.4564435398850057,1.2931899441914625
70.0,139.0,155.14508056640625,-2.144416528898283,1.7532622941419214,-4.910340166670732,-3.045212005694971,-1.9538792327145715,0.8337103093690844,-1.0439633387742353,3.904955445319976,-0.4075869564763927,0.7623833671535221
70.0,139.0,140.76686096191406,-2.170695841499955,1.7784186373092663,-4.921483408786589,-3.028149773509264,-2.4926401653456747,0.8426221415119702,-0.5194478138776373,3.967601226841812,-0.4507670013439944,1.3222571826987524
70.0,139.0,183.65969848632807,-1.5338700555787514,1.847762832114995,-4.9100535406756585,-2.976708588161438,-2.538712066989127,0.7725277183395802,-1.0434215777564533,4.28073311359245,-0.5229133794346381,1.0156653556004689
70.0,139.0,157.8895721435547,-2.151116586352581,1.7765067177928218,-4.954217446239854,-3.688038395004858,-2.586077377730949,0.8144731752930827,-0.6122097261475492,3.624379146848815,-0.454328507982406,0.9702287003031408
70.0,139.0,160.38934326171875,-2.1239526524329047,1.7532778008160277,-4.793683137872873,-2.992665936417859,-3.0883299703921034,0.7444479414625762,-1.0498487622640318,3.959048847339001,-0.7967959506285662,0.7170082799296202
70.0,139.0,139.94009399414062,-2.1249625519960413,2.647465022592172,-4.922554413040449,-3.0175434074719405,-2.489694054616184,0.8292577207293954,-0.5190332063594714,3.9723931283427993,-0.4503137733380253,1.3214450048130568
70.0,139.0,155.30633544921875,-2.110355142561264,1.7355664246072802,-4.897661520156259,-3.0945963635771343,-3.0647722813398968,0.8256285834289196,-1.0204516952792135,4.389633871132414,-0.4667985076585941,0.7287559592886229
70.0,139.0,158.0673828125,-2.13478528945232,1.8441109636686763,-4.929363763692761,-3.1294766675918138,-3.0546509867568057,1.330469986782295,-1.0107985278553162,3.543151829295136,-0.4498499097984712,0.7093224768745058
70.0,139.0,151.25607299804688,-2.172037136009037,1.7295055121999343,-4.886813252907739,-3.044272093932116,-2.527211347557737,0.8736419156014977,-1.0803740810791176,4.326682419773425,-0.4568381444550614,1.020613823807618
70.0,139.0,165.35855102539062,-2.0411344005614884,1.8033887960812784,-4.990096883276585,-3.0271535952284765,-1.9850275875294443,0.7502007915430735,-1.0075749577924853,3.0752222344234887,-0.4467256416415724,1.0584411608503208
70.0,139.0,165.263427734375,-2.025108824505472,1.819420873531608,-4.880777358367313,-3.048511178555349,-3.076473591889685,0.724041054625411,-1.045823708623605,4.79798916193166,-0.408550783489008,0.6991762171530035
70.0,139.0,147.6595916748047,-2.191540710131359,1.7768596351457293,-4.928132938788525,-3.0311465947677627,-2.4551492063965243,0.8559432135813866,-1.0743890442504118,3.948423500283928,-0.4440404965886042,1.3016042613862342
70.0,139.0,160.2692413330078,-1.055922459328694,1.7735920722761906,-4.937958133848109,-1.695201673496223,-3.064020344723154,0.8372423768827528,-1.0608401158966236,4.429729571994304,-0.4561175576200931,0.7202760905369371
70.0,140.0,157.60691833496094,-2.1221509371431435,1.8392303061078088,-4.902514539010984,-3.0864103908050646,-3.0538475418464337,0.8517324402109121,-1.0171489627324086,3.092931355225164,-0.4559853455206131,0.9824460715350812
70.0,140.0,161.15728759765625,-1.9534206856324816,1.7536378394229737,-4.890109816254475,-3.0956079319477503,-3.0662115030366284,0.8279698431872164,-1.019189610828445,4.304919778195342,-0.4515226464921155,0.7024576952550962
70.0,140.0,139.32833862304688,-2.08817131902122,2.674483873195172,-4.922319748061662,-3.0287992714960743,-2.513783286141139,0.8496565177450722,-0.5469923913485679,3.96800845936754,-0.4520489752543011,1.3210823692950004
70.0,140.0,140.0201873779297,-2.119638856146801,2.659114827367397,-4.908051161168608,-3.0298735272823683,-2.4899243684442465,0.8470426465466386,-0.5116793673974819,3.967044459486349,-0.4509050537181907,1.314693515842695
70.0,140.0,143.24349975585938,-2.128533234080406,1.7868032697988063,-4.940104940010339,-3.034779864246622,-2.489104346534115,0.8435885521224269,-1.049761213277737,3.95519536192777,-0.4527298978945417,1.322804521062937
70.0,140.0,150.95826721191406,-2.1262525097823337,1.7737189882144293,-4.926724315985826,-3.0259742329384216,-2.437463469842107,1.4099652745982325,-1.0262765149084487,3.9233814230264574,-0.4512474950726279,1.609887845109697
70.0,140.0,156.08035278320312,-2.1580996450789263,1.728328627406782,-4.879695436337815,-3.0850529772078543,-3.06587044186364,0.8359929899162684,-1.015638048938622,3.5437633377229565,-0.4462973345896071,0.7233871726910266
70.0,140.0,145.83074951171875,-2.1182021524849444,1.8078905911135548,-4.935700425047287,-2.9794937688851824,-2.4827301949732017,0.8507230196630945,-1.052661683502819,3.970937820545013,-0.4537632926829645,1.6362450208066313
70.0,140.0,142.9798126220703,-2.1220829198845297,1.779816139448701,-4.916527573251591,-3.02469365005042,-2.497106128890054,0.8394429982048441,-1.0497138158275474,3.959478534814511,-0.4503832498699787,1.3264084915991838
70.0,140.0,140.63870239257812,-2.10679926390394,1.7715796026297312,-4.924155837395888,-3.028278571499607,-2.490646394218512,0.841984296736348,-0.5156651528705621,3.973258449190348,-0.4521359260348891,1.3215050127700307
70.0,140.0,141.74156188964844,-2.1226740822816854,1.7736387905413424,-4.918288196020484,-3.035982946954099,-2.484936598206667,0.8209326233857932,-0.132630120986342,3.998054089499625,-0.4470700933029762,1.3206793143670754
70.0,140.0,145.51785278320312,-2.126771842195532,1.7670477007423182,-4.9204922003124985,-3.0347375076084453,-2.5383422307312813,0.8687211962592126,-1.0296164895992543,3.981699626098981,-0.4690457710752135,1.3215946527643532
70.0,140.0,139.1177978515625,-2.121924358678077,2.666080249734612,-4.918759838099927,-3.032773542817324,-2.490193648566313,0.8467825409558875,-0.5280131587354278,3.967725551798917,-0.4509176876331131,1.322280599399067
70.0,140.0,143.77976989746094,-2.090505492232815,1.7746837755457456,-4.927630124357569,-3.0560179816904194,-2.484891176152149,0.8273372251040916,-1.050737962835111,3.954398361079628,-0.4518568018256002,1.3213216143176292
70.0,140.0,177.90628051757812,-0.9480992037287066,1.6698462529856726,-4.92126265432442,-3.066282443454009,-3.048841576344093,1.9184003846581128,-1.029547548154336,4.407033002134062,-0.5675828178794807,0.7291447687456702
70.0,140.0,140.13351440429688,-2.1189478498862804,2.6362887517540083,-4.917633729423771,-3.039540364340023,-2.487923279984074,0.8459017768406807,-0.5170531173720647,3.968336748347877,-0.4513383801045014,1.3271253703076806
70.0,140.0,140.55001831054688,-2.122329315786468,1.802061285371577,-4.931716526883416,-3.0283693764857564,-2.486060058575672,0.8457611210177214,-0.5347108318649818,3.980144941527816,-0.4523532917964609,1.322373004556118
70.0,140.0,149.86083984375,-2.12290973532822,1.7678672280638843,-4.933681346827862,-3.0281690041240785,-2.4860633919118627,0.9010736490337464,-1.0043492977172703,4.342770552392945,-0.4457589969867184,1.2979840525979809
70.0,140.0,155.2960662841797,-2.2266314691725286,1.788375596851226,-4.950584305584922,-3.049071767262101,-2.638683652418841,0.8465118506007967,-0.1054621583886064,4.8594375544309925,-0.4437755791998702,1.355552198023204
70.0,140.0,138.37705993652344,-2.122714904615392,2.670638671875961,-4.919153420636971,-3.031966039581508,-2.5160680906985378,0.846655034123982,-0.1112124613833414,3.97682799674141,-0.4506444637468742,1.3222653053134326
70.0,140.0,141.0843048095703,-2.124149455607269,1.7766151066120937,-4.917168928933022,-2.9731319939279293,-2.4790568065844263,0.8520437271489193,-0.0969474955085968,3.978393913173271,-0.4502242409565731,1.3164611436705125
70.0,140.0,139.24049377441406,-2.122952978603168,2.70020178203428,-4.9094442719968265,-3.03447883586124,-2.4897371704606464,0.8453880164933214,-0.5275536671755963,3.970888576625884,-0.4506163248250027,1.3280531216495697
70.0,140.0,147.732666015625,-2.129226284493474,1.794948561183719,-4.928015957305518,-3.060761302254257,-2.4820283353734123,1.4189591683472205,-1.050654230389559,3.999420209945351,-0.4463595266217796,1.318098215826905
70.0,140.0,153.1660919189453,-2.121447798556532,1.8336876551817392,-4.9380753146679925,-3.094233202647145,-3.0649950223856144,0.8354321701101891,-1.021508757068139,3.955010029302585,-0.4447028575291981,0.7080551592072115
70.0,140.0,142.1283721923828,-2.1192890279676746,1.7984264980446047,-4.92041992272411,-3.023637196291919,-2.4862630705474427,0.8392563093769569,-0.5088082330646075,3.99275164134204,-0.4506043871085918,1.3222941943722175
70.0,140.0,144.48789978027344,-2.141046964113209,1.771880474365917,-4.911381224157521,-3.040130457582591,-2.517262630056656,0.8055665997807893,-1.0369607176572375,3.977882256769657,-0.4549739669163189,1.3219810566530266
70.0,140.0,172.3175811767578,-2.278957464571469,1.803862315744612,-4.952411569651946,-3.158996863808101,-3.094778434193575,0.8282607679651502,-0.1544410578692941,4.874719110565707,-0.4065243757509901,1.6724782787171233
70.0,140.0,150.5499267578125,-2.11968739608623,1.755035030369485,-4.927208819748874,-3.0244678618957064,-2.0218319945465275,0.8106048132035997,-1.0135414794231097,3.9867357123238514,-0.4552261932641993,1.349251448476138
70.0,140.0,140.70806884765625,-2.1170765257260005,1.7786727018614492,-4.886691515714032,-3.0032452423189584,-2.490826029221292,0.8457199841861938,-0.5221104655596113,3.970749928697078,-0.4471574466552951,1.3225873864163096
70.0,140.0,143.6717529296875,-2.156491978467087,1.7848226430137946,-4.937289081138338,-3.015584518911508,-2.4952668236488216,0.8392536062907989,-1.048874207228421,3.9749121325547967,-0.4509797059062946,1.3121867831926637
70.0,140.0,142.40072631835938,-2.121646521791928,1.753174757011645,-4.956966705710904,-3.097350806547635,-2.492643860680988,0.8491242490777567,-0.0536979377731923,3.96792452732735,-0.449127038362077,1.3230957434348551
70.0,140.0,140.0876007080078,-2.1191143309966978,2.7636275569073043,-4.905674777356533,-3.026477303277875,-2.4896974337100186,0.8491121639496949,-0.122108396708982,3.974043471714972,-0.4508710443122379,1.3222043399083954
70.0,140.0,140.52117919921875,-2.1272497769988306,1.774468940747441,-4.918171862643308,-3.039466282870276,-2.4890347571925453,0.8476899259151214,-0.521753245229758,3.96549093137469,-0.4572526271482879,1.3258236409937911
70.0,140.0,146.584716796875,-2.103115268970947,1.7773525520170366,-4.8991595252982325,-3.0347150506673737,-2.5711874065489764,0.8116258795517473,-1.035978714195854,3.971544582710554,-0.4467989748149475,1.6285298446205214
70.0,140.0,143.8277587890625,-2.1248830858866543,1.7802090878779313,-4.936753072080505,-3.0101865241049657,-1.9782824049959105,0.8420858723207358,-1.0500881416038224,3.96241728300316,-0.4534587791217112,1.321746580187323
70.0,140.0,143.25624084472656,-2.126201498395338,1.776447180426718,-4.911038367938904,-3.0189203841660275,-2.5141724623159933,0.8453948594086856,-1.0516125740393008,3.96882708303868,-0.4538285156769916,1.3222958490239185
70.0,140.0,140.36907958984375,-2.125785489392075,2.62684060952887,-4.916112042545208,-3.031216560777274,-2.492580087886872,0.8468719105633098,-0.5412703102721901,3.967306470290896,-0.4520281487904105,1.3057950799848492
70.0,140.0,155.14508056640625,-2.144416528898283,1.7532622941419214,-4.910340166670732,-3.045212005694971,-1.9538792327145715,0.8337103093690844,-1.0439633387742353,3.904955445319976,-0.4075869564763927,0.7623833671535221
70.0,140.0,140.76686096191406,-2.170695841499955,1.7784186373092663,-4.921483408786589,-3.028149773509264,-2.4926401653456747,0.8426221415119702,-0.5194478138776373,3.967601226841812,-0.4507670013439944,1.3222571826987524
70.0,140.0,183.65969848632807,-1.5338700555787514,1.847762832114995,-4.9100535406756585,-2.976708588161438,-2.538712066989127,0.7725277183395802,-1.0434215777564533,4.28073311359245,-0.5229133794346381,1.0156653556004689
70.0,140.0,157.8895721435547,-2.151116586352581,1.7765067177928218,-4.954217446239854,-3.688038395004858,-2.586077377730949,0.8144731752930827,-0.6122097261475492,3.624379146848815,-0.454328507982406,0.9702287003031408
70.0,140.0,160.38934326171875,-2.1239526524329047,1.7532778008160277,-4.793683137872873,-2.992665936417859,-3.0883299703921034,0.7444479414625762,-1.0498487622640318,3.959048847339001,-0.7967959506285662,0.7170082799296202
70.0,140.0,139.94009399414062,-2.1249625519960413,2.647465022592172,-4.922554413040449,-3.0175434074719405,-2.489694054616184,0.8292577207293954,-0.5190332063594714,3.9723931283427993,-0.4503137733380253,1.3214450048130568
70.0,140.0,155.30633544921875,-2.110355142561264,1.7355664246072802,-4.897661520156259,-3.0945963635771343,-3.0647722813398968,0.8256285834289196,-1.0204516952792135,4.389633871132414,-0.4667985076585941,0.7287559592886229
70.0,140.0,158.0673828125,-2.13478528945232,1.8441109636686763,-4.929363763692761,-3.1294766675918138,-3.0546509867568057,1.330469986782295,-1.0107985278553162,3.543151829295136,-0.4498499097984712,0.7093224768745058
70.0,140.0,151.25607299804688,-2.172037136009037,1.7295055121999343,-4.886813252907739,-3.044272093932116,-2.527211347557737,0.8736419156014977,-1.0803740810791176,4.326682419773425,-0.4568381444550614,1.020613823807618
70.0,140.0,165.35855102539062,-2.0411344005614884,1.8033887960812784,-4.990096883276585,-3.0271535952284765,-1.9850275875294443,0.7502007915430735,-1.0075749577924853,3.0752222344234887,-0.4467256416415724,1.0584411608503208
70.0,140.0,165.263427734375,-2.025108824505472,1.819420873531608,-4.880777358367313,-3.048511178555349,-3.076473591889685,0.724041054625411,-1.045823708623605,4.79798916193166,-0.408550783489008,0.6991762171530035
70.0,140.0,147.6595916748047,-2.191540710131359,1.7768596351457293,-4.928132938788525,-3.0311465947677627,-2.4551492063965243,0.8559432135813866,-1.0743890442504118,3.948423500283928,-0.4440404965886042,1.3016042613862342
70.0,140.0,160.2692413330078,-1.055922459328694,1.7735920722761906,-4.937958133848109,-1.695201673496223,-3.064020344723154,0.8372423768827528,-1.0608401158966236,4.429729571994304,-0.4561175576200931,0.7202760905369371
70.0,141.0,157.60691833496094,-2.1221509371431435,1.8392303061078088,-4.902514539010984,-3.0864103908050646,-3.0538475418464337,0.8517324402109121,-1.0171489627324086,3.092931355225164,-0.4559853455206131,0.9824460715350812
70.0,141.0,161.15728759765625,-1.9534206856324816,1.7536378394229737,-4.890109816254475,-3.0956079319477503,-3.0662115030366284,0.8279698431872164,-1.019189610828445,4.304919778195342,-0.4515226464921155,0.7024576952550962
70.0,141.0,139.32833862304688,-2.08817131902122,2.674483873195172,-4.922319748061662,-3.0287992714960743,-2.513783286141139,0.8496565177450722,-0.5469923913485679,3.96800845936754,-0.4520489752543011,1.3210823692950004
70.0,141.0,140.0201873779297,-2.119638856146801,2.659114827367397,-4.908051161168608,-3.0298735272823683,-2.4899243684442465,0.8470426465466386,-0.5116793673974819,3.967044459486349,-0.4509050537181907,1.314693515842695
70.0,141.0,143.24349975585938,-2.128533234080406,1.7868032697988063,-4.940104940010339,-3.034779864246622,-2.489104346534115,0.8435885521224269,-1.049761213277737,3.95519536192777,-0.4527298978945417,1.322804521062937
70.0,141.0,150.95826721191406,-2.1262525097823337,1.7737189882144293,-4.926724315985826,-3.0259742329384216,-2.437463469842107,1.4099652745982325,-1.0262765149084487,3.9233814230264574,-0.4512474950726279,1.609887845109697
70.0,141.0,156.08035278320312,-2.1580996450789263,1.728328627406782,-4.879695436337815,-3.0850529772078543,-3.06587044186364,0.8359929899162684,-1.015638048938622,3.5437633377229565,-0.4462973345896071,0.7233871726910266
70.0,141.0,145.83074951171875,-2.1182021524849444,1.8078905911135548,-4.935700425047287,-2.9794937688851824,-2.4827301949732017,0.8507230196630945,-1.052661683502819,3.970937820545013,-0.4537632926829645,1.6362450208066313
70.0,141.0,142.9798126220703,-2.1220829198845297,1.779816139448701,-4.916527573251591,-3.02469365005042,-2.497106128890054,0.8394429982048441,-1.0497138158275474,3.959478534814511,-0.4503832498699787,1.3264084915991838
70.0,141.0,140.63870239257812,-2.10679926390394,1.7715796026297312,-4.924155837395888,-3.028278571499607,-2.490646394218512,0.841984296736348,-0.5156651528705621,3.973258449190348,-0.4521359260348891,1.3215050127700307
70.0,141.0,141.74156188964844,-2.1226740822816854,1.7736387905413424,-4.918288196020484,-3.035982946954099,-2.484936598206667,0.8209326233857932,-0.132630120986342,3.998054089499625,-0.4470700933029762,1.3206793143670754
70.0,141.0,145.51785278320312,-2.126771842195532,1.7670477007423182,-4.9204922003124985,-3.0347375076084453,-2.5383422307312813,0.8687211962592126,-1.0296164895992543,3.981699626098981,-0.4690457710752135,1.3215946527643532
70.0,141.0,139.1177978515625,-2.121924358678077,2.666080249734612,-4.918759838099927,-3.032773542817324,-2.490193648566313,0.8467825409558875,-0.5280131587354278,3.967725551798917,-0.4509176876331131,1.322280599399067
70.0,141.0,143.77976989746094,-2.090505492232815,1.7746837755457456,-4.927630124357569,-3.0560179816904194,-2.484891176152149,0.8273372251040916,-1.050737962835111,3.954398361079628,-0.4518568018256002,1.3213216143176292
70.0,141.0,177.90628051757812,-0.9480992037287066,1.6698462529856726,-4.92126265432442,-3.066282443454009,-3.048841576344093,1.9184003846581128,-1.029547548154336,4.407033002134062,-0.5675828178794807,0.7291447687456702
70.0,141.0,140.13351440429688,-2.1189478498862804,2.6362887517540083,-4.917633729423771,-3.039540364340023,-2.487923279984074,0.8459017768406807,-0.5170531173720647,3.968336748347877,-0.4513383801045014,1.3271253703076806
70.0,141.0,140.55001831054688,-2.122329315786468,1.802061285371577,-4.931716526883416,-3.0283693764857564,-2.486060058575672,0.8457611210177214,-0.5347108318649818,3.980144941527816,-0.4523532917964609,1.322373004556118
70.0,141.0,149.86083984375,-2.12290973532822,1.7678672280638843,-4.933681346827862,-3.0281690041240785,-2.4860633919118627,0.9010736490337464,-1.0043492977172703,4.342770552392945,-0.4457589969867184,1.2979840525979809
70.0,141.0,155.2960662841797,-2.2266314691725286,1.788375596851226,-4.950584305584922,-3.049071767262101,-2.638683652418841,0.8465118506007967,-0.1054621583886064,4.8594375544309925,-0.4437755791998702,1.355552198023204
70.0,141.0,138.37705993652344,-2.122714904615392,2.670638671875961,-4.919153420636971,-3.031966039581508,-2.5160680906985378,0.846655034123982,-0.1112124613833414,3.97682799674141,-0.4506444637468742,1.3222653053134326
70.0,141.0,141.0843048095703,-2.124149455607269,1.7766151066120937,-4.917168928933022,-2.9731319939279293,-2.4790568065844263,0.8520437271489193,-0.0969474955085968,3.978393913173271,-0.4502242409565731,1.3164611436705125
70.0,141.0,139.24049377441406,-2.122952978603168,2.70020178203428,-4.9094442719968265,-3.03447883586124,-2.4897371704606464,0.8453880164933214,-0.5275536671755963,3.970888576625884,-0.4506163248250027,1.3280531216495697
70.0,141.0,145.9188995361328,-2.1459735504117297,2.596888302384503,-4.919375688355661,-3.0109640771280004,-2.562523617006559,0.3176661651130258,-0.1066196469994336,4.00212132624837,-0.446423268658519,1.3188637483343126
70.0,141.0,153.1660919189453,-2.121447798556532,1.8336876551817392,-4.9380753146679925,-3.094233202647145,-3.0649950223856144,0.8354321701101891,-1.021508757068139,3.955010029302585,-0.4447028575291981,0.7080551592072115
70.0,141.0,142.1283721923828,-2.1192890279676746,1.7984264980446047,-4.92041992272411,-3.023637196291919,-2.4862630705474427,0.8392563093769569,-0.5088082330646075,3.99275164134204,-0.4506043871085918,1.3222941943722175
70.0,141.0,144.48789978027344,-2.141046964113209,1.771880474365917,-4.911381224157521,-3.040130457582591,-2.517262630056656,0.8055665997807893,-1.0369607176572375,3.977882256769657,-0.4549739669163189,1.3219810566530266
70.0,141.0,172.3175811767578,-2.278957464571469,1.803862315744612,-4.952411569651946,-3.158996863808101,-3.094778434193575,0.8282607679651502,-0.1544410578692941,4.874719110565707,-0.4065243757509901,1.6724782787171233
70.0,141.0,150.5499267578125,-2.11968739608623,1.755035030369485,-4.927208819748874,-3.0244678618957064,-2.0218319945465275,0.8106048132035997,-1.0135414794231097,3.9867357123238514,-0.4552261932641993,1.349251448476138
70.0,141.0,140.70806884765625,-2.1170765257260005,1.7786727018614492,-4.886691515714032,-3.0032452423189584,-2.490826029221292,0.8457199841861938,-0.5221104655596113,3.970749928697078,-0.4471574466552951,1.3225873864163096
70.0,141.0,143.6717529296875,-2.156491978467087,1.7848226430137946,-4.937289081138338,-3.015584518911508,-2.4952668236488216,0.8392536062907989,-1.048874207228421,3.9749121325547967,-0.4509797059062946,1.3121867831926637
70.0,141.0,142.40072631835938,-2.121646521791928,1.753174757011645,-4.956966705710904,-3.097350806547635,-2.492643860680988,0.8491242490777567,-0.0536979377731923,3.96792452732735,-0.449127038362077,1.3230957434348551
70.0,141.0,140.0876007080078,-2.1191143309966978,2.7636275569073043,-4.905674777356533,-3.026477303277875,-2.4896974337100186,0.8491121639496949,-0.122108396708982,3.974043471714972,-0.4508710443122379,1.3222043399083954
70.0,141.0,140.52117919921875,-2.1272497769988306,1.774468940747441,-4.918171862643308,-3.039466282870276,-2.4890347571925453,0.8476899259151214,-0.521753245229758,3.96549093137469,-0.4572526271482879,1.3258236409937911
70.0,141.0,146.584716796875,-2.103115268970947,1.7773525520170366,-4.8991595252982325,-3.0347150506673737,-2.5711874065489764,0.8116258795517473,-1.035978714195854,3.971544582710554,-0.4467989748149475,1.6285298446205214
70.0,141.0,143.8277587890625,-2.1248830858866543,1.7802090878779313,-4.936753072080505,-3.0101865241049657,-1.9782824049959105,0.8420858723207358,-1.0500881416038224,3.96241728300316,-0.4534587791217112,1.321746580187323
70.0,141.0,143.25624084472656,-2.126201498395338,1.776447180426718,-4.911038367938904,-3.0189203841660275,-2.5141724623159933,0.8453948594086856,-1.0516125740393008,3.96882708303868,-0.4538285156769916,1.3222958490239185
70.0,141.0,140.36907958984375,-2.125785489392075,2.62684060952887,-4.916112042545208,-3.031216560777274,-2.492580087886872,0.8468719105633098,-0.5412703102721901,3.967306470290896,-0.4520281487904105,1.3057950799848492
70.0,141.0,155.14508056640625,-2.144416528898283,1.7532622941419214,-4.910340166670732,-3.045212005694971,-1.9538792327145715,0.8337103093690844,-1.0439633387742353,3.904955445319976,-0.4075869564763927,0.7623833671535221
70.0,141.0,140.76686096191406,-2.170695841499955,1.7784186373092663,-4.921483408786589,-3.028149773509264,-2.4926401653456747,0.8426221415119702,-0.5194478138776373,3.967601226841812,-0.4507670013439944,1.3222571826987524
70.0,141.0,168.14599609375,-1.916860968974306,2.8659988301268435,-4.902231497460735,-3.019024941441952,-2.567873517307857,0.8586267639887014,-0.516675961325032,4.054143536518378,-0.4041387603081038,0.9934628919535888
70.0,141.0,157.8895721435547,-2.151116586352581,1.7765067177928218,-4.954217446239854,-3.688038395004858,-2.586077377730949,0.8144731752930827,-0.6122097261475492,3.624379146848815,-0.454328507982406,0.9702287003031408
70.0,141.0,160.38934326171875,-2.1239526524329047,1.7532778008160277,-4.793683137872873,-2.992665936417859,-3.0883299703921034,0.7444479414625762,-1.0498487622640318,3.959048847339001,-0.7967959506285662,0.7170082799296202
70.0,141.0,139.94009399414062,-2.1249625519960413,2.647465022592172,-4.922554413040449,-3.0175434074719405,-2.489694054616184,0.8292577207293954,-0.5190332063594714,3.9723931283427993,-0.4503137733380253,1.3214450048130568
70.0,141.0,155.30633544921875,-2.110355142561264,1.7355664246072802,-4.897661520156259,-3.0945963635771343,-3.0647722813398968,0.8256285834289196,-1.0204516952792135,4.389633871132414,-0.4667985076585941,0.7287559592886229
70.0,141.0,158.0673828125,-2.13478528945232,1.8441109636686763,-4.929363763692761,-3.1294766675918138,-3.0546509867568057,1.330469986782295,-1.0107985278553162,3.543151829295136,-0.4498499097984712,0.7093224768745058
70.0,141.0,151.25607299804688,-2.172037136009037,1.7295055121999343,-4.886813252907739,-3.044272093932116,-2.527211347557737,0.8736419156014977,-1.0803740810791176,4.326682419773425,-0.4568381444550614,1.020613823807618
70.0,141.0,165.35855102539062,-2.0411344005614884,1.8033887960812784,-4.990096883276585,-3.0271535952284765,-1.9850275875294443,0.7502007915430735,-1.0075749577924853,3.0752222344234887,-0.4467256416415724,1.0584411608503208
70.0,141.0,165.263427734375,-2.025108824505472,1.819420873531608,-4.880777358367313,-3.048511178555349,-3.076473591889685,0.724041054625411,-1.045823708623605,4.79798916193166,-0.408550783489008,0.6991762171530035
70.0,141.0,147.6595916748047,-2.191540710131359,1.7768596351457293,-4.928132938788525,-3.0311465947677627,-2.4551492063965243,0.8559432135813866,-1.0743890442504118,3.948423500283928,-0.4440404965886042,1.3016042613862342
70.0,141.0,160.2692413330078,-1.055922459328694,1.7735920722761906,-4.937958133848109,-1.695201673496223,-3.064020344723154,0.8372423768827528,-1.0608401158966236,4.429729571994304,-0.4561175576200931,0.7202760905369371
70.0,142.0,157.60691833496094,-2.1221509371431435,1.8392303061078088,-4.902514539010984,-3.0864103908050646,-3.0538475418464337,0.8517324402109121,-1.0171489627324086,3.092931355225164,-0.4559853455206131,0.9824460715350812
70.0,142.0,161.15728759765625,-1.9534206856324816,1.7536378394229737,-4.890109816254475,-3.0956079319477503,-3.0662115030366284,0.8279698431872164,-1.019189610828445,4.304919778195342,-0.4515226464921155,0.7024576952550962
70.0,142.0,139.32833862304688,-2.08817131902122,2.674483873195172,-4.922319748061662,-3.0287992714960743,-2.513783286141139,0.8496565177450722,-0.5469923913485679,3.96800845936754,-0.4520489752543011,1.3210823692950004
70.0,142.0,140.0201873779297,-2.119638856146801,2.659114827367397,-4.908051161168608,-3.0298735272823683,-2.4899243684442465,0.8470426465466386,-0.5116793673974819,3.967044459486349,-0.4509050537181907,1.314693515842695
70.0,142.0,143.24349975585938,-2.128533234080406,1.7868032697988063,-4.940104940010339,-3.034779864246622,-2.489104346534115,0.8435885521224269,-1.049761213277737,3.95519536192777,-0.4527298978945417,1.322804521062937
70.0,142.0,150.95826721191406,-2.1262525097823337,1.7737189882144293,-4.926724315985826,-3.0259742329384216,-2.437463469842107,1.4099652745982325,-1.0262765149084487,3.9233814230264574,-0.4512474950726279,1.609887845109697
70.0,142.0,156.08035278320312,-2.1580996450789263,1.728328627406782,-4.879695436337815,-3.0850529772078543,-3.06587044186364,0.8359929899162684,-1.015638048938622,3.5437633377229565,-0.4462973345896071,0.7233871726910266
70.0,142.0,145.83074951171875,-2.1182021524849444,1.8078905911135548,-4.935700425047287,-2.9794937688851824,-2.4827301949732017,0.8507230196630945,-1.052661683502819,3.970937820545013,-0.4537632926829645,1.6362450208066313
70.0,142.0,142.9798126220703,-2.1220829198845297,1.779816139448701,-4.916527573251591,-3.02469365005042,-2.497106128890054,0.8394429982048441,-1.0497138158275474,3.959478534814511,-0.4503832498699787,1.3264084915991838
70.0,142.0,140.63870239257812,-2.10679926390394,1.7715796026297312,-4.924155837395888,-3.028278571499607,-2.490646394218512,0.841984296736348,-0.5156651528705621,3.973258449190348,-0.4521359260348891,1.3215050127700307
70.0,142.0,141.74156188964844,-2.1226740822816854,1.7736387905413424,-4.918288196020484,-3.035982946954099,-2.484936598206667,0.8209326233857932,-0.132630120986342,3.998054089499625,-0.4470700933029762,1.3206793143670754
70.0,142.0,145.51785278320312,-2.126771842195532,1.7670477007423182,-4.9204922003124985,-3.0347375076084453,-2.5383422307312813,0.8687211962592126,-1.0296164895992543,3.981699626098981,-0.4690457710752135,1.3215946527643532
70.0,142.0,139.1177978515625,-2.121924358678077,2.666080249734612,-4.918759838099927,-3.032773542817324,-2.490193648566313,0.8467825409558875,-0.5280131587354278,3.967725551798917,-0.4509176876331131,1.322280599399067
70.0,142.0,143.77976989746094,-2.090505492232815,1.7746837755457456,-4.927630124357569,-3.0560179816904194,-2.484891176152149,0.8273372251040916,-1.050737962835111,3.954398361079628,-0.4518568018256002,1.3213216143176292
70.0,142.0,177.90628051757812,-0.9480992037287066,1.6698462529856726,-4.92126265432442,-3.066282443454009,-3.048841576344093,1.9184003846581128,-1.029547548154336,4.407033002134062,-0.5675828178794807,0.7291447687456702
70.0,142.0,140.13351440429688,-2.1189478498862804,2.6362887517540083,-4.917633729423771,-3.039540364340023,-2.487923279984074,0.8459017768406807,-0.5170531173720647,3.968336748347877,-0.4513383801045014,1.3271253703076806
70.0,142.0,140.55001831054688,-2.122329315786468,1.802061285371577,-4.931716526883416,-3.0283693764857564,-2.486060058575672,0.8457611210177214,-0.5347108318649818,3.980144941527816,-0.4523532917964609,1.322373004556118
70.0,142.0,149.86083984375,-2.12290973532822,1.7678672280638843,-4.933681346827862,-3.0281690041240785,-2.4860633919118627,0.9010736490337464,-1.0043492977172703,4.342770552392945,-0.4457589969867184,1.2979840525979809
70.0,142.0,155.2960662841797,-2.2266314691725286,1.788375596851226,-4.950584305584922,-3.049071767262101,-2.638683652418841,0.8465118506007967,-0.1054621583886064,4.8594375544309925,-0.4437755791998702,1.355552198023204
70.0,142.0,138.37705993652344,-2.122714904615392,2.670638671875961,-4.919153420636971,-3.031966039581508,-2.5160680906985378,0.846655034123982,-0.1112124613833414,3.97682799674141,-0.4506444637468742,1.3222653053134326
70.0,142.0,141.0843048095703,-2.124149455607269,1.7766151066120937,-4.917168928933022,-2.9731319939279293,-2.4790568065844263,0.8520437271489193,-0.0969474955085968,3.978393913173271,-0.4502242409565731,1.3164611436705125
70.0,142.0,139.24049377441406,-2.122952978603168,2.70020178203428,-4.9094442719968265,-3.03447883586124,-2.4897371704606464,0.8453880164933214,-0.5275536671755963,3.970888576625884,-0.4506163248250027,1.3280531216495697
70.0,142.0,145.9188995361328,-2.1459735504117297,2.596888302384503,-4.919375688355661,-3.0109640771280004,-2.562523617006559,0.3176661651130258,-0.1066196469994336,4.00212132624837,-0.446423268658519,1.3188637483343126
70.0,142.0,153.1660919189453,-2.121447798556532,1.8336876551817392,-4.9380753146679925,-3.094233202647145,-3.0649950223856144,0.8354321701101891,-1.021508757068139,3.955010029302585,-0.4447028575291981,0.7080551592072115
70.0,142.0,142.1283721923828,-2.1192890279676746,1.7984264980446047,-4.92041992272411,-3.023637196291919,-2.4862630705474427,0.8392563093769569,-0.5088082330646075,3.99275164134204,-0.4506043871085918,1.3222941943722175
70.0,142.0,144.48789978027344,-2.141046964113209,1.771880474365917,-4.911381224157521,-3.040130457582591,-2.517262630056656,0.8055665997807893,-1.0369607176572375,3.977882256769657,-0.4549739669163189,1.3219810566530266
70.0,142.0,172.3175811767578,-2.278957464571469,1.803862315744612,-4.952411569651946,-3.158996863808101,-3.094778434193575,0.8282607679651502,-0.1544410578692941,4.874719110565707,-0.4065243757509901,1.6724782787171233
70.0,142.0,150.5499267578125,-2.11968739608623,1.755035030369485,-4.927208819748874,-3.0244678618957064,-2.0218319945465275,0.8106048132035997,-1.0135414794231097,3.9867357123238514,-0.4552261932641993,1.349251448476138
70.0,142.0,140.70806884765625,-2.1170765257260005,1.7786727018614492,-4.886691515714032,-3.0032452423189584,-2.490826029221292,0.8457199841861938,-0.5221104655596113,3.970749928697078,-0.4471574466552951,1.3225873864163096
70.0,142.0,143.6717529296875,-2.156491978467087,1.7848226430137946,-4.937289081138338,-3.015584518911508,-2.4952668236488216,0.8392536062907989,-1.048874207228421,3.9749121325547967,-0.4509797059062946,1.3121867831926637
70.0,142.0,142.40072631835938,-2.121646521791928,1.753174757011645,-4.956966705710904,-3.097350806547635,-2.492643860680988,0.8491242490777567,-0.0536979377731923,3.96792452732735,-0.449127038362077,1.3230957434348551
70.0,142.0,140.0876007080078,-2.1191143309966978,2.7636275569073043,-4.905674777356533,-3.026477303277875,-2.4896974337100186,0.8491121639496949,-0.122108396708982,3.974043471714972,-0.4508710443122379,1.3222043399083954
70.0,142.0,140.52117919921875,-2.1272497769988306,1.774468940747441,-4.918171862643308,-3.039466282870276,-2.4890347571925453,0.8476899259151214,-0.521753245229758,3.96549093137469,-0.4572526271482879,1.3258236409937911
70.0,142.0,146.584716796875,-2.103115268970947,1.7773525520170366,-4.8991595252982325,-3.0347150506673737,-2.5711874065489764,0.8116258795517473,-1.035978714195854,3.971544582710554,-0.4467989748149475,1.6285298446205214
70.0,142.0,143.8277587890625,-2.1248830858866543,1.7802090878779313,-4.936753072080505,-3.0101865241049657,-1.9782824049959105,0.8420858723207358,-1.0500881416038224,3.96241728300316,-0.4534587791217112,1.321746580187323
70.0,142.0,143.25624084472656,-2.126201498395338,1.776447180426718,-4.911038367938904,-3.0189203841660275,-2.5141724623159933,0.8453948594086856,-1.0516125740393008,3.96882708303868,-0.4538285156769916,1.3222958490239185
70.0,142.0,140.36907958984375,-2.125785489392075,2.62684060952887,-4.916112042545208,-3.031216560777274,-2.492580087886872,0.8468719105633098,-0.5412703102721901,3.967306470290896,-0.4520281487904105,1.3057950799848492
70.0,142.0,155.14508056640625,-2.144416528898283,1.7532622941419214,-4.910340166670732,-3.045212005694971,-1.9538792327145715,0.8337103093690844,-1.0439633387742353,3.904955445319976,-0.4075869564763927,0.7623833671535221
70.0,142.0,140.76686096191406,-2.170695841499955,1.7784186373092663,-4.921483408786589,-3.028149773509264,-2.4926401653456747,0.8426221415119702,-0.5194478138776373,3.967601226841812,-0.4507670013439944,1.3222571826987524
70.0,142.0,168.14599609375,-1.916860968974306,2.8659988301268435,-4.902231497460735,-3.019024941441952,-2.567873517307857,0.8586267639887014,-0.516675961325032,4.054143536518378,-0.4041387603081038,0.9934628919535888
70.0,142.0,157.8895721435547,-2.151116586352581,1.7765067177928218,-4.954217446239854,-3.688038395004858,-2.586077377730949,0.8144731752930827,-0.6122097261475492,3.624379146848815,-0.454328507982406,0.9702287003031408
70.0,142.0,160.38934326171875,-2.1239526524329047,1.7532778008160277,-4.793683137872873,-2.992665936417859,-3.0883299703921034,0.7444479414625762,-1.0498487622640318,3.959048847339001,-0.7967959506285662,0.7170082799296202
70.0,142.0,139.94009399414062,-2.1249625519960413,2.647465022592172,-4.922554413040449,-3.0175434074719405,-2.489694054616184,0.8292577207293954,-0.5190332063594714,3.9723931283427993,-0.4503137733380253,1.3214450048130568
70.0,142.0,155.30633544921875,-2.110355142561264,1.7355664246072802,-4.897661520156259,-3.0945963635771343,-3.0647722813398968,0.8256285834289196,-1.0204516952792135,4.389633871132414,-0.4667985076585941,0.7287559592886229
70.0,142.0,158.0673828125,-2.13478528945232,1.8441109636686763,-4.929363763692761,-3.1294766675918138,-3.0546509867568057,1.330469986782295,-1.0107985278553162,3.543151829295136,-0.4498499097984712,0.7093224768745058
70.0,142.0,151.25607299804688,-2.172037136009037,1.7295055121999343,-4.886813252907739,-3.044272093932116,-2.527211347557737,0.8736419156014977,-1.0803740810791176,4.326682419773425,-0.4568381444550614,1.020613823807618
70.0,142.0,165.35855102539062,-2.0411344005614884,1.8033887960812784,-4.990096883276585,-3.0271535952284765,-1.9850275875294443,0.7502007915430735,-1.0075749577924853,3.0752222344234887,-0.4467256416415724,1.0584411608503208
70.0,142.0,165.263427734375,-2.025108824505472,1.819420873531608,-4.880777358367313,-3.048511178555349,-3.076473591889685,0.724041054625411,-1.045823708623605,4.79798916193166,-0.408550783489008,0.6991762171530035
70.0,142.0,147.6595916748047,-2.191540710131359,1.7768596351457293,-4.928132938788525,-3.0311465947677627,-2.4551492063965243,0.8559432135813866,-1.0743890442504118,3.948423500283928,-0.4440404965886042,1.3016042613862342
70.0,142.0,160.2692413330078,-1.055922459328694,1.7735920722761906,-4.937958133848109,-1.695201673496223,-3.064020344723154,0.8372423768827528,-1.0608401158966236,4.429729571994304,-0.4561175576200931,0.7202760905369371
70.0,143.0,157.60691833496094,-2.1221509371431435,1.8392303061078088,-4.902514539010984,-3.0864103908050646,-3.0538475418464337,0.8517324402109121,-1.0171489627324086,3.092931355225164,-0.4559853455206131,0.9824460715350812
70.0,143.0,161.15728759765625,-1.9534206856324816,1.7536378394229737,-4.890109816254475,-3.0956079319477503,-3.0662115030366284,0.8279698431872164,-1.019189610828445,4.304919778195342,-0.4515226464921155,0.7024576952550962
70.0,143.0,139.32833862304688,-2.08817131902122,2.674483873195172,-4.922319748061662,-3.0287992714960743,-2.513783286141139,0.8496565177450722,-0.5469923913485679,3.96800845936754,-0.4520489752543011,1.3210823692950004
70.0,143.0,140.0201873779297,-2.119638856146801,2.659114827367397,-4.908051161168608,-3.0298735272823683,-2.4899243684442465,0.8470426465466386,-0.5116793673974819,3.967044459486349,-0.4509050537181907,1.314693515842695
70.0,143.0,143.24349975585938,-2.128533234080406,1.7868032697988063,-4.940104940010339,-3.034779864246622,-2.489104346534115,0.8435885521224269,-1.049761213277737,3.95519536192777,-0.4527298978945417,1.322804521062937
70.0,143.0,150.95826721191406,-2.1262525097823337,1.7737189882144293,-4.926724315985826,-3.0259742329384216,-2.437463469842107,1.4099652745982325,-1.0262765149084487,3.9233814230264574,-0.4512474950726279,1.609887845109697
70.0,143.0,156.08035278320312,-2.1580996450789263,1.728328627406782,-4.879695436337815,-3.0850529772078543,-3.06587044186364,0.8359929899162684,-1.015638048938622,3.5437633377229565,-0.4462973345896071,0.7233871726910266
70.0,143.0,145.83074951171875,-2.1182021524849444,1.8078905911135548,-4.935700425047287,-2.9794937688851824,-2.4827301949732017,0.8507230196630945,-1.052661683502819,3.970937820545013,-0.4537632926829645,1.6362450208066313
70.0,143.0,142.9798126220703,-2.1220829198845297,1.779816139448701,-4.916527573251591,-3.02469365005042,-2.497106128890054,0.8394429982048441,-1.0497138158275474,3.959478534814511,-0.4503832498699787,1.3264084915991838
70.0,143.0,140.63870239257812,-2.10679926390394,1.7715796026297312,-4.924155837395888,-3.028278571499607,-2.490646394218512,0.841984296736348,-0.5156651528705621,3.973258449190348,-0.4521359260348891,1.3215050127700307
70.0,143.0,141.74156188964844,-2.1226740822816854,1.7736387905413424,-4.918288196020484,-3.035982946954099,-2.484936598206667,0.8209326233857932,-0.132630120986342,3.998054089499625,-0.4470700933029762,1.3206793143670754
70.0,143.0,145.51785278320312,-2.126771842195532,1.7670477007423182,-4.9204922003124985,-3.0347375076084453,-2.5383422307312813,0.8687211962592126,-1.0296164895992543,3.981699626098981,-0.4690457710752135,1.3215946527643532
70.0,143.0,139.1177978515625,-2.121924358678077,2.666080249734612,-4.918759838099927,-3.032773542817324,-2.490193648566313,0.8467825409558875,-0.5280131587354278,3.967725551798917,-0.4509176876331131,1.322280599399067
70.0,143.0,143.77976989746094,-2.090505492232815,1.7746837755457456,-4.927630124357569,-3.0560179816904194,-2.484891176152149,0.8273372251040916,-1.050737962835111,3.954398361079628,-0.4518568018256002,1.3213216143176292
70.0,143.0,177.90628051757812,-0.9480992037287066,1.6698462529856726,-4.92126265432442,-3.066282443454009,-3.048841576344093,1.9184003846581128,-1.029547548154336,4.407033002134062,-0.5675828178794807,0.7291447687456702
70.0,143.0,140.13351440429688,-2.1189478498862804,2.6362887517540083,-4.917633729423771,-3.039540364340023,-2.487923279984074,0.8459017768406807,-0.5170531173720647,3.968336748347877,-0.4513383801045014,1.3271253703076806
70.0,143.0,140.55001831054688,-2.122329315786468,1.802061285371577,-4.931716526883416,-3.0283693764857564,-2.486060058575672,0.8457611210177214,-0.5347108318649818,3.980144941527816,-0.4523532917964609,1.322373004556118
70.0,143.0,149.86083984375,-2.12290973532822,1.7678672280638843,-4.933681346827862,-3.0281690041240785,-2.4860633919118627,0.9010736490337464,-1.0043492977172703,4.342770552392945,-0.4457589969867184,1.2979840525979809
70.0,143.0,155.2960662841797,-2.2266314691725286,1.788375596851226,-4.950584305584922,-3.049071767262101,-2.638683652418841,0.8465118506007967,-0.1054621583886064,4.8594375544309925,-0.4437755791998702,1.355552198023204
70.0,143.0,138.37705993652344,-2.122714904615392,2.670638671875961,-4.919153420636971,-3.031966039581508,-2.5160680906985378,0.846655034123982,-0.1112124613833414,3.97682799674141,-0.4506444637468742,1.3222653053134326
70.0,143.0,141.0843048095703,-2.124149455607269,1.7766151066120937,-4.917168928933022,-2.9731319939279293,-2.4790568065844263,0.8520437271489193,-0.0969474955085968,3.978393913173271,-0.4502242409565731,1.3164611436705125
70.0,143.0,139.24049377441406,-2.122952978603168,2.70020178203428,-4.9094442719968265,-3.03447883586124,-2.4897371704606464,0.8453880164933214,-0.5275536671755963,3.970888576625884,-0.4506163248250027,1.3280531216495697
70.0,143.0,145.9188995361328,-2.1459735504117297,2.596888302384503,-4.919375688355661,-3.0109640771280004,-2.562523617006559,0.3176661651130258,-0.1066196469994336,4.00212132624837,-0.446423268658519,1.3188637483343126
70.0,143.0,153.1660919189453,-2.121447798556532,1.8336876551817392,-4.9380753146679925,-3.094233202647145,-3.0649950223856144,0.8354321701101891,-1.021508757068139,3.955010029302585,-0.4447028575291981,0.7080551592072115
70.0,143.0,142.1283721923828,-2.1192890279676746,1.7984264980446047,-4.92041992272411,-3.023637196291919,-2.4862630705474427,0.8392563093769569,-0.5088082330646075,3.99275164134204,-0.4506043871085918,1.3222941943722175
70.0,143.0,144.48789978027344,-2.141046964113209,1.771880474365917,-4.911381224157521,-3.040130457582591,-2.517262630056656,0.8055665997807893,-1.0369607176572375,3.977882256769657,-0.4549739669163189,1.3219810566530266
70.0,143.0,172.3175811767578,-2.278957464571469,1.803862315744612,-4.952411569651946,-3.158996863808101,-3.094778434193575,0.8282607679651502,-0.1544410578692941,4.874719110565707,-0.4065243757509901,1.6724782787171233
70.0,143.0,150.5499267578125,-2.11968739608623,1.755035030369485,-4.927208819748874,-3.0244678618957064,-2.0218319945465275,0.8106048132035997,-1.0135414794231097,3.9867357123238514,-0.4552261932641993,1.349251448476138
70.0,143.0,140.70806884765625,-2.1170765257260005,1.7786727018614492,-4.886691515714032,-3.0032452423189584,-2.490826029221292,0.8457199841861938,-0.5221104655596113,3.970749928697078,-0.4471574466552951,1.3225873864163096
70.0,143.0,143.6717529296875,-2.156491978467087,1.7848226430137946,-4.937289081138338,-3.015584518911508,-2.4952668236488216,0.8392536062907989,-1.048874207228421,3.9749121325547967,-0.4509797059062946,1.3121867831926637
70.0,143.0,142.40072631835938,-2.121646521791928,1.753174757011645,-4.956966705710904,-3.097350806547635,-2.492643860680988,0.8491242490777567,-0.0536979377731923,3.96792452732735,-0.449127038362077,1.3230957434348551
70.0,143.0,140.0876007080078,-2.1191143309966978,2.7636275569073043,-4.905674777356533,-3.026477303277875,-2.4896974337100186,0.8491121639496949,-0.122108396708982,3.974043471714972,-0.4508710443122379,1.3222043399083954
70.0,143.0,140.52117919921875,-2.1272497769988306,1.774468940747441,-4.918171862643308,-3.039466282870276,-2.4890347571925453,0.8476899259151214,-0.521753245229758,3.96549093137469,-0.4572526271482879,1.3258236409937911
70.0,143.0,146.584716796875,-2.103115268970947,1.7773525520170366,-4.8991595252982325,-3.0347150506673737,-2.5711874065489764,0.8116258795517473,-1.035978714195854,3.971544582710554,-0.4467989748149475,1.6285298446205214
70.0,143.0,143.8277587890625,-2.1248830858866543,1.7802090878779313,-4.936753072080505,-3.0101865241049657,-1.9782824049959105,0.8420858723207358,-1.0500881416038224,3.96241728300316,-0.4534587791217112,1.321746580187323
70.0,143.0,143.25624084472656,-2.126201498395338,1.776447180426718,-4.911038367938904,-3.0189203841660275,-2.5141724623159933,0.8453948594086856,-1.0516125740393008,3.96882708303868,-0.4538285156769916,1.3222958490239185
70.0,143.0,140.36907958984375,-2.125785489392075,2.62684060952887,-4.916112042545208,-3.031216560777274,-2.492580087886872,0.8468719105633098,-0.5412703102721901,3.967306470290896,-0.4520281487904105,1.3057950799848492
70.0,143.0,155.14508056640625,-2.144416528898283,1.7532622941419214,-4.910340166670732,-3.045212005694971,-1.9538792327145715,0.8337103093690844,-1.0439633387742353,3.904955445319976,-0.4075869564763927,0.7623833671535221
70.0,143.0,140.76686096191406,-2.170695841499955,1.7784186373092663,-4.921483408786589,-3.028149773509264,-2.4926401653456747,0.8426221415119702,-0.5194478138776373,3.967601226841812,-0.4507670013439944,1.3222571826987524
70.0,143.0,168.14599609375,-1.916860968974306,2.8659988301268435,-4.902231497460735,-3.019024941441952,-2.567873517307857,0.8586267639887014,-0.516675961325032,4.054143536518378,-0.4041387603081038,0.9934628919535888
70.0,143.0,157.8895721435547,-2.151116586352581,1.7765067177928218,-4.954217446239854,-3.688038395004858,-2.586077377730949,0.8144731752930827,-0.6122097261475492,3.624379146848815,-0.454328507982406,0.9702287003031408
70.0,143.0,160.38934326171875,-2.1239526524329047,1.7532778008160277,-4.793683137872873,-2.992665936417859,-3.0883299703921034,0.7444479414625762,-1.0498487622640318,3.959048847339001,-0.7967959506285662,0.7170082799296202
70.0,143.0,139.94009399414062,-2.1249625519960413,2.647465022592172,-4.922554413040449,-3.0175434074719405,-2.489694054616184,0.8292577207293954,-0.5190332063594714,3.9723931283427993,-0.4503137733380253,1.3214450048130568
70.0,143.0,155.30633544921875,-2.110355142561264,1.7355664246072802,-4.897661520156259,-3.0945963635771343,-3.0647722813398968,0.8256285834289196,-1.0204516952792135,4.389633871132414,-0.4667985076585941,0.7287559592886229
70.0,143.0,158.0673828125,-2.13478528945232,1.8441109636686763,-4.929363763692761,-3.1294766675918138,-3.0546509867568057,1.330469986782295,-1.0107985278553162,3.543151829295136,-0.4498499097984712,0.7093224768745058
70.0,143.0,151.25607299804688,-2.172037136009037,1.7295055121999343,-4.886813252907739,-3.044272093932116,-2.527211347557737,0.8736419156014977,-1.0803740810791176,4.326682419773425,-0.4568381444550614,1.020613823807618
70.0,143.0,165.35855102539062,-2.0411344005614884,1.8033887960812784,-4.990096883276585,-3.0271535952284765,-1.9850275875294443,0.7502007915430735,-1.0075749577924853,3.0752222344234887,-0.4467256416415724,1.0584411608503208
70.0,143.0,165.263427734375,-2.025108824505472,1.819420873531608,-4.880777358367313,-3.048511178555349,-3.076473591889685,0.724041054625411,-1.045823708623605,4.79798916193166,-0.408550783489008,0.6991762171530035
70.0,143.0,147.6595916748047,-2.191540710131359,1.7768596351457293,-4.928132938788525,-3.0311465947677627,-2.4551492063965243,0.8559432135813866,-1.0743890442504118,3.948423500283928,-0.4440404965886042,1.3016042613862342
70.0,143.0,160.2692413330078,-1.055922459328694,1.7735920722761906,-4.937958133848109,-1.695201673496223,-3.064020344723154,0.8372423768827528,-1.0608401158966236,4.429729571994304,-0.4561175576200931,0.7202760905369371
70.0,144.0,157.60691833496094,-2.1221509371431435,1.8392303061078088,-4.902514539010984,-3.0864103908050646,-3.0538475418464337,0.8517324402109121,-1.0171489627324086,3.092931355225164,-0.4559853455206131,0.9824460715350812
70.0,144.0,161.15728759765625,-1.9534206856324816,1.7536378394229737,-4.890109816254475,-3.0956079319477503,-3.0662115030366284,0.8279698431872164,-1.019189610828445,4.304919778195342,-0.4515226464921155,0.7024576952550962
70.0,144.0,139.32833862304688,-2.08817131902122,2.674483873195172,-4.922319748061662,-3.0287992714960743,-2.513783286141139,0.8496565177450722,-0.5469923913485679,3.96800845936754,-0.4520489752543011,1.3210823692950004
70.0,144.0,140.0201873779297,-2.119638856146801,2.659114827367397,-4.908051161168608,-3.0298735272823683,-2.4899243684442465,0.8470426465466386,-0.5116793673974819,3.967044459486349,-0.4509050537181907,1.314693515842695
70.0,144.0,141.79917907714844,-2.131607638519989,2.660234824168329,-4.926304155596871,-3.0322193158822293,-2.5068816707304484,0.8347325252682861,-0.0492123369358135,3.959624406964856,-0.452302116852776,1.322530420972145
70.0,144.0,150.95826721191406,-2.1262525097823337,1.7737189882144293,-4.926724315985826,-3.0259742329384216,-2.437463469842107,1.4099652745982325,-1.0262765149084487,3.9233814230264574,-0.4512474950726279,1.609887845109697
70.0,144.0,156.08035278320312,-2.1580996450789263,1.728328627406782,-4.879695436337815,-3.0850529772078543,-3.06587044186364,0.8359929899162684,-1.015638048938622,3.5437633377229565,-0.4462973345896071,0.7233871726910266
70.0,144.0,145.83074951171875,-2.1182021524849444,1.8078905911135548,-4.935700425047287,-2.9794937688851824,-2.4827301949732017,0.8507230196630945,-1.052661683502819,3.970937820545013,-0.4537632926829645,1.6362450208066313
70.0,144.0,142.9798126220703,-2.1220829198845297,1.779816139448701,-4.916527573251591,-3.02469365005042,-2.497106128890054,0.8394429982048441,-1.0497138158275474,3.959478534814511,-0.4503832498699787,1.3264084915991838
70.0,144.0,140.63870239257812,-2.10679926390394,1.7715796026297312,-4.924155837395888,-3.028278571499607,-2.490646394218512,0.841984296736348,-0.5156651528705621,3.973258449190348,-0.4521359260348891,1.3215050127700307
70.0,144.0,141.74156188964844,-2.1226740822816854,1.7736387905413424,-4.918288196020484,-3.035982946954099,-2.484936598206667,0.8209326233857932,-0.132630120986342,3.998054089499625,-0.4470700933029762,1.3206793143670754
70.0,144.0,145.51785278320312,-2.126771842195532,1.7670477007423182,-4.9204922003124985,-3.0347375076084453,-2.5383422307312813,0.8687211962592126,-1.0296164895992543,3.981699626098981,-0.4690457710752135,1.3215946527643532
70.0,144.0,139.1177978515625,-2.121924358678077,2.666080249734612,-4.918759838099927,-3.032773542817324,-2.490193648566313,0.8467825409558875,-0.5280131587354278,3.967725551798917,-0.4509176876331131,1.322280599399067
70.0,144.0,143.77976989746094,-2.090505492232815,1.7746837755457456,-4.927630124357569,-3.0560179816904194,-2.484891176152149,0.8273372251040916,-1.050737962835111,3.954398361079628,-0.4518568018256002,1.3213216143176292
70.0,144.0,177.90628051757812,-0.9480992037287066,1.6698462529856726,-4.92126265432442,-3.066282443454009,-3.048841576344093,1.9184003846581128,-1.029547548154336,4.407033002134062,-0.5675828178794807,0.7291447687456702
70.0,144.0,140.13351440429688,-2.1189478498862804,2.6362887517540083,-4.917633729423771,-3.039540364340023,-2.487923279984074,0.8459017768406807,-0.5170531173720647,3.968336748347877,-0.4513383801045014,1.3271253703076806
70.0,144.0,140.55001831054688,-2.122329315786468,1.802061285371577,-4.931716526883416,-3.0283693764857564,-2.486060058575672,0.8457611210177214,-0.5347108318649818,3.980144941527816,-0.4523532917964609,1.322373004556118
70.0,144.0,149.86083984375,-2.12290973532822,1.7678672280638843,-4.933681346827862,-3.0281690041240785,-2.4860633919118627,0.9010736490337464,-1.0043492977172703,4.342770552392945,-0.4457589969867184,1.2979840525979809
70.0,144.0,155.2960662841797,-2.2266314691725286,1.788375596851226,-4.950584305584922,-3.049071767262101,-2.638683652418841,0.8465118506007967,-0.1054621583886064,4.8594375544309925,-0.4437755791998702,1.355552198023204
70.0,144.0,138.37705993652344,-2.122714904615392,2.670638671875961,-4.919153420636971,-3.031966039581508,-2.5160680906985378,0.846655034123982,-0.1112124613833414,3.97682799674141,-0.4506444637468742,1.3222653053134326
70.0,144.0,141.0843048095703,-2.124149455607269,1.7766151066120937,-4.917168928933022,-2.9731319939279293,-2.4790568065844263,0.8520437271489193,-0.0969474955085968,3.978393913173271,-0.4502242409565731,1.3164611436705125
70.0,144.0,139.24049377441406,-2.122952978603168,2.70020178203428,-4.9094442719968265,-3.03447883586124,-2.4897371704606464,0.8453880164933214,-0.5275536671755963,3.970888576625884,-0.4506163248250027,1.3280531216495697
70.0,144.0,145.9188995361328,-2.1459735504117297,2.596888302384503,-4.919375688355661,-3.0109640771280004,-2.562523617006559,0.3176661651130258,-0.1066196469994336,4.00212132624837,-0.446423268658519,1.3188637483343126
70.0,144.0,153.1660919189453,-2.121447798556532,1.8336876551817392,-4.9380753146679925,-3.094233202647145,-3.0649950223856144,0.8354321701101891,-1.021508757068139,3.955010029302585,-0.4447028575291981,0.7080551592072115
70.0,144.0,142.1283721923828,-2.1192890279676746,1.7984264980446047,-4.92041992272411,-3.023637196291919,-2.4862630705474427,0.8392563093769569,-0.5088082330646075,3.99275164134204,-0.4506043871085918,1.3222941943722175
70.0,144.0,144.48789978027344,-2.141046964113209,1.771880474365917,-4.911381224157521,-3.040130457582591,-2.517262630056656,0.8055665997807893,-1.0369607176572375,3.977882256769657,-0.4549739669163189,1.3219810566530266
70.0,144.0,172.3175811767578,-2.278957464571469,1.803862315744612,-4.952411569651946,-3.158996863808101,-3.094778434193575,0.8282607679651502,-0.1544410578692941,4.874719110565707,-0.4065243757509901,1.6724782787171233
70.0,144.0,150.5499267578125,-2.11968739608623,1.755035030369485,-4.927208819748874,-3.0244678618957064,-2.0218319945465275,0.8106048132035997,-1.0135414794231097,3.9867357123238514,-0.4552261932641993,1.349251448476138
70.0,144.0,140.70806884765625,-2.1170765257260005,1.7786727018614492,-4.886691515714032,-3.0032452423189584,-2.490826029221292,0.8457199841861938,-0.5221104655596113,3.970749928697078,-0.4471574466552951,1.3225873864163096
70.0,144.0,143.6717529296875,-2.156491978467087,1.7848226430137946,-4.937289081138338,-3.015584518911508,-2.4952668236488216,0.8392536062907989,-1.048874207228421,3.9749121325547967,-0.4509797059062946,1.3121867831926637
70.0,144.0,142.40072631835938,-2.121646521791928,1.753174757011645,-4.956966705710904,-3.097350806547635,-2.492643860680988,0.8491242490777567,-0.0536979377731923,3.96792452732735,-0.449127038362077,1.3230957434348551
70.0,144.0,140.0876007080078,-2.1191143309966978,2.7636275569073043,-4.905674777356533,-3.026477303277875,-2.4896974337100186,0.8491121639496949,-0.122108396708982,3.974043471714972,-0.4508710443122379,1.3222043399083954
70.0,144.0,140.52117919921875,-2.1272497769988306,1.774468940747441,-4.918171862643308,-3.039466282870276,-2.4890347571925453,0.8476899259151214,-0.521753245229758,3.96549093137469,-0.4572526271482879,1.3258236409937911
70.0,144.0,146.584716796875,-2.103115268970947,1.7773525520170366,-4.8991595252982325,-3.0347150506673737,-2.5711874065489764,0.8116258795517473,-1.035978714195854,3.971544582710554,-0.4467989748149475,1.6285298446205214
70.0,144.0,143.8277587890625,-2.1248830858866543,1.7802090878779313,-4.936753072080505,-3.0101865241049657,-1.9782824049959105,0.8420858723207358,-1.0500881416038224,3.96241728300316,-0.4534587791217112,1.321746580187323
70.0,144.0,143.25624084472656,-2.126201498395338,1.776447180426718,-4.911038367938904,-3.0189203841660275,-2.5141724623159933,0.8453948594086856,-1.0516125740393008,3.96882708303868,-0.4538285156769916,1.3222958490239185
70.0,144.0,140.36907958984375,-2.125785489392075,2.62684060952887,-4.916112042545208,-3.031216560777274,-2.492580087886872,0.8468719105633098,-0.5412703102721901,3.967306470290896,-0.4520281487904105,1.3057950799848492
70.0,144.0,155.14508056640625,-2.144416528898283,1.7532622941419214,-4.910340166670732,-3.045212005694971,-1.9538792327145715,0.8337103093690844,-1.0439633387742353,3.904955445319976,-0.4075869564763927,0.7623833671535221
70.0,144.0,140.76686096191406,-2.170695841499955,1.7784186373092663,-4.921483408786589,-3.028149773509264,-2.4926401653456747,0.8426221415119702,-0.5194478138776373,3.967601226841812,-0.4507670013439944,1.3222571826987524
70.0,144.0,164.7838134765625,-2.201287946000103,2.883458157953075,-4.905830637260957,-3.0350057725369286,-2.524327352940692,0.8633945939224033,-0.171740808340323,4.059535154427085,-0.4070383022576078,1.300570495506068
70.0,144.0,157.8895721435547,-2.151116586352581,1.7765067177928218,-4.954217446239854,-3.688038395004858,-2.586077377730949,0.8144731752930827,-0.6122097261475492,3.624379146848815,-0.454328507982406,0.9702287003031408
70.0,144.0,160.38934326171875,-2.1239526524329047,1.7532778008160277,-4.793683137872873,-2.992665936417859,-3.0883299703921034,0.7444479414625762,-1.0498487622640318,3.959048847339001,-0.7967959506285662,0.7170082799296202
70.0,144.0,139.94009399414062,-2.1249625519960413,2.647465022592172,-4.922554413040449,-3.0175434074719405,-2.489694054616184,0.8292577207293954,-0.5190332063594714,3.9723931283427993,-0.4503137733380253,1.3214450048130568
70.0,144.0,155.30633544921875,-2.110355142561264,1.7355664246072802,-4.897661520156259,-3.0945963635771343,-3.0647722813398968,0.8256285834289196,-1.0204516952792135,4.389633871132414,-0.4667985076585941,0.7287559592886229
70.0,144.0,158.0673828125,-2.13478528945232,1.8441109636686763,-4.929363763692761,-3.1294766675918138,-3.0546509867568057,1.330469986782295,-1.0107985278553162,3.543151829295136,-0.4498499097984712,0.7093224768745058
70.0,144.0,151.25607299804688,-2.172037136009037,1.7295055121999343,-4.886813252907739,-3.044272093932116,-2.527211347557737,0.8736419156014977,-1.0803740810791176,4.326682419773425,-0.4568381444550614,1.020613823807618
70.0,144.0,165.35855102539062,-2.0411344005614884,1.8033887960812784,-4.990096883276585,-3.0271535952284765,-1.9850275875294443,0.7502007915430735,-1.0075749577924853,3.0752222344234887,-0.4467256416415724,1.0584411608503208
70.0,144.0,165.263427734375,-2.025108824505472,1.819420873531608,-4.880777358367313,-3.048511178555349,-3.076473591889685,0.724041054625411,-1.045823708623605,4.79798916193166,-0.408550783489008,0.6991762171530035
70.0,144.0,147.6595916748047,-2.191540710131359,1.7768596351457293,-4.928132938788525,-3.0311465947677627,-2.4551492063965243,0.8559432135813866,-1.0743890442504118,3.948423500283928,-0.4440404965886042,1.3016042613862342
70.0,144.0,160.2692413330078,-1.055922459328694,1.7735920722761906,-4.937958133848109,-1.695201673496223,-3.064020344723154,0.8372423768827528,-1.0608401158966236,4.429729571994304,-0.4561175576200931,0.7202760905369371
70.0,145.0,157.60691833496094,-2.1221509371431435,1.8392303061078088,-4.902514539010984,-3.0864103908050646,-3.0538475418464337,0.8517324402109121,-1.0171489627324086,3.092931355225164,-0.4559853455206131,0.9824460715350812
70.0,145.0,161.15728759765625,-1.9534206856324816,1.7536378394229737,-4.890109816254475,-3.0956079319477503,-3.0662115030366284,0.8279698431872164,-1.019189610828445,4.304919778195342,-0.4515226464921155,0.7024576952550962
70.0,145.0,139.32833862304688,-2.08817131902122,2.674483873195172,-4.922319748061662,-3.0287992714960743,-2.513783286141139,0.8496565177450722,-0.5469923913485679,3.96800845936754,-0.4520489752543011,1.3210823692950004
70.0,145.0,140.0201873779297,-2.119638856146801,2.659114827367397,-4.908051161168608,-3.0298735272823683,-2.4899243684442465,0.8470426465466386,-0.5116793673974819,3.967044459486349,-0.4509050537181907,1.314693515842695
70.0,145.0,141.79917907714844,-2.131607638519989,2.660234824168329,-4.926304155596871,-3.0322193158822293,-2.5068816707304484,0.8347325252682861,-0.0492123369358135,3.959624406964856,-0.452302116852776,1.322530420972145
70.0,145.0,150.95826721191406,-2.1262525097823337,1.7737189882144293,-4.926724315985826,-3.0259742329384216,-2.437463469842107,1.4099652745982325,-1.0262765149084487,3.9233814230264574,-0.4512474950726279,1.609887845109697
70.0,145.0,156.08035278320312,-2.1580996450789263,1.728328627406782,-4.879695436337815,-3.0850529772078543,-3.06587044186364,0.8359929899162684,-1.015638048938622,3.5437633377229565,-0.4462973345896071,0.7233871726910266
70.0,145.0,145.83074951171875,-2.1182021524849444,1.8078905911135548,-4.935700425047287,-2.9794937688851824,-2.4827301949732017,0.8507230196630945,-1.052661683502819,3.970937820545013,-0.4537632926829645,1.6362450208066313
70.0,145.0,142.9798126220703,-2.1220829198845297,1.779816139448701,-4.916527573251591,-3.02469365005042,-2.497106128890054,0.8394429982048441,-1.0497138158275474,3.959478534814511,-0.4503832498699787,1.3264084915991838
70.0,145.0,140.63870239257812,-2.10679926390394,1.7715796026297312,-4.924155837395888,-3.028278571499607,-2.490646394218512,0.841984296736348,-0.5156651528705621,3.973258449190348,-0.4521359260348891,1.3215050127700307
70.0,145.0,141.74156188964844,-2.1226740822816854,1.7736387905413424,-4.918288196020484,-3.035982946954099,-2.484936598206667,0.8209326233857932,-0.132630120986342,3.998054089499625,-0.4470700933029762,1.3206793143670754
70.0,145.0,145.51785278320312,-2.126771842195532,1.7670477007423182,-4.9204922003124985,-3.0347375076084453,-2.5383422307312813,0.8687211962592126,-1.0296164895992543,3.981699626098981,-0.4690457710752135,1.3215946527643532
70.0,145.0,139.1177978515625,-2.121924358678077,2.666080249734612,-4.918759838099927,-3.032773542817324,-2.490193648566313,0.8467825409558875,-0.5280131587354278,3.967725551798917,-0.4509176876331131,1.322280599399067
70.0,145.0,143.77976989746094,-2.090505492232815,1.7746837755457456,-4.927630124357569,-3.0560179816904194,-2.484891176152149,0.8273372251040916,-1.050737962835111,3.954398361079628,-0.4518568018256002,1.3213216143176292
70.0,145.0,177.90628051757812,-0.9480992037287066,1.6698462529856726,-4.92126265432442,-3.066282443454009,-3.048841576344093,1.9184003846581128,-1.029547548154336,4.407033002134062,-0.5675828178794807,0.7291447687456702
70.0,145.0,140.13351440429688,-2.1189478498862804,2.6362887517540083,-4.917633729423771,-3.039540364340023,-2.487923279984074,0.8459017768406807,-0.5170531173720647,3.968336748347877,-0.4513383801045014,1.3271253703076806
70.0,145.0,140.55001831054688,-2.122329315786468,1.802061285371577,-4.931716526883416,-3.0283693764857564,-2.486060058575672,0.8457611210177214,-0.5347108318649818,3.980144941527816,-0.4523532917964609,1.322373004556118
70.0,145.0,149.86083984375,-2.12290973532822,1.7678672280638843,-4.933681346827862,-3.0281690041240785,-2.4860633919118627,0.9010736490337464,-1.0043492977172703,4.342770552392945,-0.4457589969867184,1.2979840525979809
70.0,145.0,155.2960662841797,-2.2266314691725286,1.788375596851226,-4.950584305584922,-3.049071767262101,-2.638683652418841,0.8465118506007967,-0.1054621583886064,4.8594375544309925,-0.4437755791998702,1.355552198023204
70.0,145.0,138.37705993652344,-2.122714904615392,2.670638671875961,-4.919153420636971,-3.031966039581508,-2.5160680906985378,0.846655034123982,-0.1112124613833414,3.97682799674141,-0.4506444637468742,1.3222653053134326
70.0,145.0,141.0843048095703,-2.124149455607269,1.7766151066120937,-4.917168928933022,-2.9731319939279293,-2.4790568065844263,0.8520437271489193,-0.0969474955085968,3.978393913173271,-0.4502242409565731,1.3164611436705125
70.0,145.0,139.24049377441406,-2.122952978603168,2.70020178203428,-4.9094442719968265,-3.03447883586124,-2.4897371704606464,0.8453880164933214,-0.5275536671755963,3.970888576625884,-0.4506163248250027,1.3280531216495697
70.0,145.0,145.9188995361328,-2.1459735504117297,2.596888302384503,-4.919375688355661,-3.0109640771280004,-2.562523617006559,0.3176661651130258,-0.1066196469994336,4.00212132624837,-0.446423268658519,1.3188637483343126
70.0,145.0,153.1660919189453,-2.121447798556532,1.8336876551817392,-4.9380753146679925,-3.094233202647145,-3.0649950223856144,0.8354321701101891,-1.021508757068139,3.955010029302585,-0.4447028575291981,0.7080551592072115
70.0,145.0,142.1283721923828,-2.1192890279676746,1.7984264980446047,-4.92041992272411,-3.023637196291919,-2.4862630705474427,0.8392563093769569,-0.5088082330646075,3.99275164134204,-0.4506043871085918,1.3222941943722175
70.0,145.0,144.48789978027344,-2.141046964113209,1.771880474365917,-4.911381224157521,-3.040130457582591,-2.517262630056656,0.8055665997807893,-1.0369607176572375,3.977882256769657,-0.4549739669163189,1.3219810566530266
70.0,145.0,172.3175811767578,-2.278957464571469,1.803862315744612,-4.952411569651946,-3.158996863808101,-3.094778434193575,0.8282607679651502,-0.1544410578692941,4.874719110565707,-0.4065243757509901,1.6724782787171233
70.0,145.0,150.5499267578125,-2.11968739608623,1.755035030369485,-4.927208819748874,-3.0244678618957064,-2.0218319945465275,0.8106048132035997,-1.0135414794231097,3.9867357123238514,-0.4552261932641993,1.349251448476138
70.0,145.0,140.70806884765625,-2.1170765257260005,1.7786727018614492,-4.886691515714032,-3.0032452423189584,-2.490826029221292,0.8457199841861938,-0.5221104655596113,3.970749928697078,-0.4471574466552951,1.3225873864163096
70.0,145.0,143.6717529296875,-2.156491978467087,1.7848226430137946,-4.937289081138338,-3.015584518911508,-2.4952668236488216,0.8392536062907989,-1.048874207228421,3.9749121325547967,-0.4509797059062946,1.3121867831926637
70.0,145.0,142.40072631835938,-2.121646521791928,1.753174757011645,-4.956966705710904,-3.097350806547635,-2.492643860680988,0.8491242490777567,-0.0536979377731923,3.96792452732735,-0.449127038362077,1.3230957434348551
70.0,145.0,140.0876007080078,-2.1191143309966978,2.7636275569073043,-4.905674777356533,-3.026477303277875,-2.4896974337100186,0.8491121639496949,-0.122108396708982,3.974043471714972,-0.4508710443122379,1.3222043399083954
70.0,145.0,140.52117919921875,-2.1272497769988306,1.774468940747441,-4.918171862643308,-3.039466282870276,-2.4890347571925453,0.8476899259151214,-0.521753245229758,3.96549093137469,-0.4572526271482879,1.3258236409937911
70.0,145.0,146.584716796875,-2.103115268970947,1.7773525520170366,-4.8991595252982325,-3.0347150506673737,-2.5711874065489764,0.8116258795517473,-1.035978714195854,3.971544582710554,-0.4467989748149475,1.6285298446205214
70.0,145.0,143.8277587890625,-2.1248830858866543,1.7802090878779313,-4.936753072080505,-3.0101865241049657,-1.9782824049959105,0.8420858723207358,-1.0500881416038224,3.96241728300316,-0.4534587791217112,1.321746580187323
70.0,145.0,143.25624084472656,-2.126201498395338,1.776447180426718,-4.911038367938904,-3.0189203841660275,-2.5141724623159933,0.8453948594086856,-1.0516125740393008,3.96882708303868,-0.4538285156769916,1.3222958490239185
70.0,145.0,140.36907958984375,-2.125785489392075,2.62684060952887,-4.916112042545208,-3.031216560777274,-2.492580087886872,0.8468719105633098,-0.5412703102721901,3.967306470290896,-0.4520281487904105,1.3057950799848492
70.0,145.0,155.14508056640625,-2.144416528898283,1.7532622941419214,-4.910340166670732,-3.045212005694971,-1.9538792327145715,0.8337103093690844,-1.0439633387742353,3.904955445319976,-0.4075869564763927,0.7623833671535221
70.0,145.0,140.76686096191406,-2.170695841499955,1.7784186373092663,-4.921483408786589,-3.028149773509264,-2.4926401653456747,0.8426221415119702,-0.5194478138776373,3.967601226841812,-0.4507670013439944,1.3222571826987524
70.0,145.0,164.7838134765625,-2.201287946000103,2.883458157953075,-4.905830637260957,-3.0350057725369286,-2.524327352940692,0.8633945939224033,-0.171740808340323,4.059535154427085,-0.4070383022576078,1.300570495506068
70.0,145.0,157.8895721435547,-2.151116586352581,1.7765067177928218,-4.954217446239854,-3.688038395004858,-2.586077377730949,0.8144731752930827,-0.6122097261475492,3.624379146848815,-0.454328507982406,0.9702287003031408
70.0,145.0,160.38934326171875,-2.1239526524329047,1.7532778008160277,-4.793683137872873,-2.992665936417859,-3.0883299703921034,0.7444479414625762,-1.0498487622640318,3.959048847339001,-0.7967959506285662,0.7170082799296202
70.0,145.0,139.94009399414062,-2.1249625519960413,2.647465022592172,-4.922554413040449,-3.0175434074719405,-2.489694054616184,0.8292577207293954,-0.5190332063594714,3.9723931283427993,-0.4503137733380253,1.3214450048130568
70.0,145.0,155.30633544921875,-2.110355142561264,1.7355664246072802,-4.897661520156259,-3.0945963635771343,-3.0647722813398968,0.8256285834289196,-1.0204516952792135,4.389633871132414,-0.4667985076585941,0.7287559592886229
70.0,145.0,158.0673828125,-2.13478528945232,1.8441109636686763,-4.929363763692761,-3.1294766675918138,-3.0546509867568057,1.330469986782295,-1.0107985278553162,3.543151829295136,-0.4498499097984712,0.7093224768745058
70.0,145.0,151.25607299804688,-2.172037136009037,1.7295055121999343,-4.886813252907739,-3.044272093932116,-2.527211347557737,0.8736419156014977,-1.0803740810791176,4.326682419773425,-0.4568381444550614,1.020613823807618
70.0,145.0,165.35855102539062,-2.0411344005614884,1.8033887960812784,-4.990096883276585,-3.0271535952284765,-1.9850275875294443,0.7502007915430735,-1.0075749577924853,3.0752222344234887,-0.4467256416415724,1.0584411608503208
70.0,145.0,165.263427734375,-2.025108824505472,1.819420873531608,-4.880777358367313,-3.048511178555349,-3.076473591889685,0.724041054625411,-1.045823708623605,4.79798916193166,-0.408550783489008,0.6991762171530035
70.0,145.0,147.6595916748047,-2.191540710131359,1.7768596351457293,-4.928132938788525,-3.0311465947677627,-2.4551492063965243,0.8559432135813866,-1.0743890442504118,3.948423500283928,-0.4440404965886042,1.3016042613862342
70.0,145.0,160.2692413330078,-1.055922459328694,1.7735920722761906,-4.937958133848109,-1.695201673496223,-3.064020344723154,0.8372423768827528,-1.0608401158966236,4.429729571994304,-0.4561175576200931,0.7202760905369371
70.0,146.0,157.60691833496094,-2.1221509371431435,1.8392303061078088,-4.902514539010984,-3.0864103908050646,-3.0538475418464337,0.8517324402109121,-1.0171489627324086,3.092931355225164,-0.4559853455206131,0.9824460715350812
70.0,146.0,161.15728759765625,-1.9534206856324816,1.7536378394229737,-4.890109816254475,-3.0956079319477503,-3.0662115030366284,0.8279698431872164,-1.019189610828445,4.304919778195342,-0.4515226464921155,0.7024576952550962
70.0,146.0,139.32833862304688,-2.08817131902122,2.674483873195172,-4.922319748061662,-3.0287992714960743,-2.513783286141139,0.8496565177450722,-0.5469923913485679,3.96800845936754,-0.4520489752543011,1.3210823692950004
70.0,146.0,140.0201873779297,-2.119638856146801,2.659114827367397,-4.908051161168608,-3.0298735272823683,-2.4899243684442465,0.8470426465466386,-0.5116793673974819,3.967044459486349,-0.4509050537181907,1.314693515842695
70.0,146.0,141.79917907714844,-2.131607638519989,2.660234824168329,-4.926304155596871,-3.0322193158822293,-2.5068816707304484,0.8347325252682861,-0.0492123369358135,3.959624406964856,-0.452302116852776,1.322530420972145
70.0,146.0,150.95826721191406,-2.1262525097823337,1.7737189882144293,-4.926724315985826,-3.0259742329384216,-2.437463469842107,1.4099652745982325,-1.0262765149084487,3.9233814230264574,-0.4512474950726279,1.609887845109697
70.0,146.0,156.08035278320312,-2.1580996450789263,1.728328627406782,-4.879695436337815,-3.0850529772078543,-3.06587044186364,0.8359929899162684,-1.015638048938622,3.5437633377229565,-0.4462973345896071,0.7233871726910266
70.0,146.0,145.83074951171875,-2.1182021524849444,1.8078905911135548,-4.935700425047287,-2.9794937688851824,-2.4827301949732017,0.8507230196630945,-1.052661683502819,3.970937820545013,-0.4537632926829645,1.6362450208066313
70.0,146.0,142.9798126220703,-2.1220829198845297,1.779816139448701,-4.916527573251591,-3.02469365005042,-2.497106128890054,0.8394429982048441,-1.0497138158275474,3.959478534814511,-0.4503832498699787,1.3264084915991838
70.0,146.0,140.63870239257812,-2.10679926390394,1.7715796026297312,-4.924155837395888,-3.028278571499607,-2.490646394218512,0.841984296736348,-0.5156651528705621,3.973258449190348,-0.4521359260348891,1.3215050127700307
70.0,146.0,141.74156188964844,-2.1226740822816854,1.7736387905413424,-4.918288196020484,-3.035982946954099,-2.484936598206667,0.8209326233857932,-0.132630120986342,3.998054089499625,-0.4470700933029762,1.3206793143670754
70.0,146.0,145.51785278320312,-2.126771842195532,1.7670477007423182,-4.9204922003124985,-3.0347375076084453,-2.5383422307312813,0.8687211962592126,-1.0296164895992543,3.981699626098981,-0.4690457710752135,1.3215946527643532
70.0,146.0,139.1177978515625,-2.121924358678077,2.666080249734612,-4.918759838099927,-3.032773542817324,-2.490193648566313,0.8467825409558875,-0.5280131587354278,3.967725551798917,-0.4509176876331131,1.322280599399067
70.0,146.0,143.77976989746094,-2.090505492232815,1.7746837755457456,-4.927630124357569,-3.0560179816904194,-2.484891176152149,0.8273372251040916,-1.050737962835111,3.954398361079628,-0.4518568018256002,1.3213216143176292
70.0,146.0,177.90628051757812,-0.9480992037287066,1.6698462529856726,-4.92126265432442,-3.066282443454009,-3.048841576344093,1.9184003846581128,-1.029547548154336,4.407033002134062,-0.5675828178794807,0.7291447687456702
70.0,146.0,140.13351440429688,-2.1189478498862804,2.6362887517540083,-4.917633729423771,-3.039540364340023,-2.487923279984074,0.8459017768406807,-0.5170531173720647,3.968336748347877,-0.4513383801045014,1.3271253703076806
70.0,146.0,140.55001831054688,-2.122329315786468,1.802061285371577,-4.931716526883416,-3.0283693764857564,-2.486060058575672,0.8457611210177214,-0.5347108318649818,3.980144941527816,-0.4523532917964609,1.322373004556118
70.0,146.0,149.86083984375,-2.12290973532822,1.7678672280638843,-4.933681346827862,-3.0281690041240785,-2.4860633919118627,0.9010736490337464,-1.0043492977172703,4.342770552392945,-0.4457589969867184,1.2979840525979809
70.0,146.0,155.2960662841797,-2.2266314691725286,1.788375596851226,-4.950584305584922,-3.049071767262101,-2.638683652418841,0.8465118506007967,-0.1054621583886064,4.8594375544309925,-0.4437755791998702,1.355552198023204
70.0,146.0,138.37705993652344,-2.122714904615392,2.670638671875961,-4.919153420636971,-3.031966039581508,-2.5160680906985378,0.846655034123982,-0.1112124613833414,3.97682799674141,-0.4506444637468742,1.3222653053134326
70.0,146.0,141.0843048095703,-2.124149455607269,1.7766151066120937,-4.917168928933022,-2.9731319939279293,-2.4790568065844263,0.8520437271489193,-0.0969474955085968,3.978393913173271,-0.4502242409565731,1.3164611436705125
70.0,146.0,139.24049377441406,-2.122952978603168,2.70020178203428,-4.9094442719968265,-3.03447883586124,-2.4897371704606464,0.8453880164933214,-0.5275536671755963,3.970888576625884,-0.4506163248250027,1.3280531216495697
70.0,146.0,145.9188995361328,-2.1459735504117297,2.596888302384503,-4.919375688355661,-3.0109640771280004,-2.562523617006559,0.3176661651130258,-0.1066196469994336,4.00212132624837,-0.446423268658519,1.3188637483343126
70.0,146.0,153.1660919189453,-2.121447798556532,1.8336876551817392,-4.9380753146679925,-3.094233202647145,-3.0649950223856144,0.8354321701101891,-1.021508757068139,3.955010029302585,-0.4447028575291981,0.7080551592072115
70.0,146.0,142.1283721923828,-2.1192890279676746,1.7984264980446047,-4.92041992272411,-3.023637196291919,-2.4862630705474427,0.8392563093769569,-0.5088082330646075,3.99275164134204,-0.4506043871085918,1.3222941943722175
70.0,146.0,144.48789978027344,-2.141046964113209,1.771880474365917,-4.911381224157521,-3.040130457582591,-2.517262630056656,0.8055665997807893,-1.0369607176572375,3.977882256769657,-0.4549739669163189,1.3219810566530266
70.0,146.0,168.93064880371094,-2.1143543029615848,2.7417360389370447,-4.947112555234055,-2.950462546819259,-2.4983045757484748,0.832187156898341,-0.0723706899640044,3.561794196526201,-0.4126711549953896,1.2696315445852016
70.0,146.0,150.5499267578125,-2.11968739608623,1.755035030369485,-4.927208819748874,-3.0244678618957064,-2.0218319945465275,0.8106048132035997,-1.0135414794231097,3.9867357123238514,-0.4552261932641993,1.349251448476138
70.0,146.0,140.70806884765625,-2.1170765257260005,1.7786727018614492,-4.886691515714032,-3.0032452423189584,-2.490826029221292,0.8457199841861938,-0.5221104655596113,3.970749928697078,-0.4471574466552951,1.3225873864163096
70.0,146.0,143.6717529296875,-2.156491978467087,1.7848226430137946,-4.937289081138338,-3.015584518911508,-2.4952668236488216,0.8392536062907989,-1.048874207228421,3.9749121325547967,-0.4509797059062946,1.3121867831926637
70.0,146.0,142.40072631835938,-2.121646521791928,1.753174757011645,-4.956966705710904,-3.097350806547635,-2.492643860680988,0.8491242490777567,-0.0536979377731923,3.96792452732735,-0.449127038362077,1.3230957434348551
70.0,146.0,140.0876007080078,-2.1191143309966978,2.7636275569073043,-4.905674777356533,-3.026477303277875,-2.4896974337100186,0.8491121639496949,-0.122108396708982,3.974043471714972,-0.4508710443122379,1.3222043399083954
70.0,146.0,140.52117919921875,-2.1272497769988306,1.774468940747441,-4.918171862643308,-3.039466282870276,-2.4890347571925453,0.8476899259151214,-0.521753245229758,3.96549093137469,-0.4572526271482879,1.3258236409937911
70.0,146.0,146.584716796875,-2.103115268970947,1.7773525520170366,-4.8991595252982325,-3.0347150506673737,-2.5711874065489764,0.8116258795517473,-1.035978714195854,3.971544582710554,-0.4467989748149475,1.6285298446205214
70.0,146.0,143.8277587890625,-2.1248830858866543,1.7802090878779313,-4.936753072080505,-3.0101865241049657,-1.9782824049959105,0.8420858723207358,-1.0500881416038224,3.96241728300316,-0.4534587791217112,1.321746580187323
70.0,146.0,143.25624084472656,-2.126201498395338,1.776447180426718,-4.911038367938904,-3.0189203841660275,-2.5141724623159933,0.8453948594086856,-1.0516125740393008,3.96882708303868,-0.4538285156769916,1.3222958490239185
70.0,146.0,140.36907958984375,-2.125785489392075,2.62684060952887,-4.916112042545208,-3.031216560777274,-2.492580087886872,0.8468719105633098,-0.5412703102721901,3.967306470290896,-0.4520281487904105,1.3057950799848492
70.0,146.0,155.14508056640625,-2.144416528898283,1.7532622941419214,-4.910340166670732,-3.045212005694971,-1.9538792327145715,0.8337103093690844,-1.0439633387742353,3.904955445319976,-0.4075869564763927,0.7623833671535221
70.0,146.0,140.76686096191406,-2.170695841499955,1.7784186373092663,-4.921483408786589,-3.028149773509264,-2.4926401653456747,0.8426221415119702,-0.5194478138776373,3.967601226841812,-0.4507670013439944,1.3222571826987524
70.0,146.0,164.7838134765625,-2.201287946000103,2.883458157953075,-4.905830637260957,-3.0350057725369286,-2.524327352940692,0.8633945939224033,-0.171740808340323,4.059535154427085,-0.4070383022576078,1.300570495506068
70.0,146.0,157.8895721435547,-2.151116586352581,1.7765067177928218,-4.954217446239854,-3.688038395004858,-2.586077377730949,0.8144731752930827,-0.6122097261475492,3.624379146848815,-0.454328507982406,0.9702287003031408
70.0,146.0,160.38934326171875,-2.1239526524329047,1.7532778008160277,-4.793683137872873,-2.992665936417859,-3.0883299703921034,0.7444479414625762,-1.0498487622640318,3.959048847339001,-0.7967959506285662,0.7170082799296202
70.0,146.0,139.94009399414062,-2.1249625519960413,2.647465022592172,-4.922554413040449,-3.0175434074719405,-2.489694054616184,0.8292577207293954,-0.5190332063594714,3.9723931283427993,-0.4503137733380253,1.3214450048130568
70.0,146.0,155.30633544921875,-2.110355142561264,1.7355664246072802,-4.897661520156259,-3.0945963635771343,-3.0647722813398968,0.8256285834289196,-1.0204516952792135,4.389633871132414,-0.4667985076585941,0.7287559592886229
70.0,146.0,158.0673828125,-2.13478528945232,1.8441109636686763,-4.929363763692761,-3.1294766675918138,-3.0546509867568057,1.330469986782295,-1.0107985278553162,3.543151829295136,-0.4498499097984712,0.7093224768745058
70.0,146.0,151.25607299804688,-2.172037136009037,1.7295055121999343,-4.886813252907739,-3.044272093932116,-2.527211347557737,0.8736419156014977,-1.0803740810791176,4.326682419773425,-0.4568381444550614,1.020613823807618
70.0,146.0,165.35855102539062,-2.0411344005614884,1.8033887960812784,-4.990096883276585,-3.0271535952284765,-1.9850275875294443,0.7502007915430735,-1.0075749577924853,3.0752222344234887,-0.4467256416415724,1.0584411608503208
70.0,146.0,165.263427734375,-2.025108824505472,1.819420873531608,-4.880777358367313,-3.048511178555349,-3.076473591889685,0.724041054625411,-1.045823708623605,4.79798916193166,-0.408550783489008,0.6991762171530035
70.0,146.0,147.6595916748047,-2.191540710131359,1.7768596351457293,-4.928132938788525,-3.0311465947677627,-2.4551492063965243,0.8559432135813866,-1.0743890442504118,3.948423500283928,-0.4440404965886042,1.3016042613862342
70.0,146.0,160.2692413330078,-1.055922459328694,1.7735920722761906,-4.937958133848109,-1.695201673496223,-3.064020344723154,0.8372423768827528,-1.0608401158966236,4.429729571994304,-0.4561175576200931,0.7202760905369371
70.0,147.0,157.60691833496094,-2.1221509371431435,1.8392303061078088,-4.902514539010984,-3.0864103908050646,-3.0538475418464337,0.8517324402109121,-1.0171489627324086,3.092931355225164,-0.4559853455206131,0.9824460715350812
70.0,147.0,161.15728759765625,-1.9534206856324816,1.7536378394229737,-4.890109816254475,-3.0956079319477503,-3.0662115030366284,0.8279698431872164,-1.019189610828445,4.304919778195342,-0.4515226464921155,0.7024576952550962
70.0,147.0,139.32833862304688,-2.08817131902122,2.674483873195172,-4.922319748061662,-3.0287992714960743,-2.513783286141139,0.8496565177450722,-0.5469923913485679,3.96800845936754,-0.4520489752543011,1.3210823692950004
70.0,147.0,140.0201873779297,-2.119638856146801,2.659114827367397,-4.908051161168608,-3.0298735272823683,-2.4899243684442465,0.8470426465466386,-0.5116793673974819,3.967044459486349,-0.4509050537181907,1.314693515842695
70.0,147.0,141.79917907714844,-2.131607638519989,2.660234824168329,-4.926304155596871,-3.0322193158822293,-2.5068816707304484,0.8347325252682861,-0.0492123369358135,3.959624406964856,-0.452302116852776,1.322530420972145
70.0,147.0,150.95826721191406,-2.1262525097823337,1.7737189882144293,-4.926724315985826,-3.0259742329384216,-2.437463469842107,1.4099652745982325,-1.0262765149084487,3.9233814230264574,-0.4512474950726279,1.609887845109697
70.0,147.0,156.08035278320312,-2.1580996450789263,1.728328627406782,-4.879695436337815,-3.0850529772078543,-3.06587044186364,0.8359929899162684,-1.015638048938622,3.5437633377229565,-0.4462973345896071,0.7233871726910266
70.0,147.0,145.83074951171875,-2.1182021524849444,1.8078905911135548,-4.935700425047287,-2.9794937688851824,-2.4827301949732017,0.8507230196630945,-1.052661683502819,3.970937820545013,-0.4537632926829645,1.6362450208066313
70.0,147.0,142.9798126220703,-2.1220829198845297,1.779816139448701,-4.916527573251591,-3.02469365005042,-2.497106128890054,0.8394429982048441,-1.0497138158275474,3.959478534814511,-0.4503832498699787,1.3264084915991838
70.0,147.0,140.63870239257812,-2.10679926390394,1.7715796026297312,-4.924155837395888,-3.028278571499607,-2.490646394218512,0.841984296736348,-0.5156651528705621,3.973258449190348,-0.4521359260348891,1.3215050127700307
70.0,147.0,140.5314178466797,-2.1225332316435925,2.589982213855886,-4.918210960022838,-3.033499533471317,-2.488314988854922,0.8233686807927709,-0.1102997375651731,3.980278002017088,-0.4492287522574643,1.3225200497035328
70.0,147.0,145.51785278320312,-2.126771842195532,1.7670477007423182,-4.9204922003124985,-3.0347375076084453,-2.5383422307312813,0.8687211962592126,-1.0296164895992543,3.981699626098981,-0.4690457710752135,1.3215946527643532
70.0,147.0,139.1177978515625,-2.121924358678077,2.666080249734612,-4.918759838099927,-3.032773542817324,-2.490193648566313,0.8467825409558875,-0.5280131587354278,3.967725551798917,-0.4509176876331131,1.322280599399067
70.0,147.0,143.77976989746094,-2.090505492232815,1.7746837755457456,-4.927630124357569,-3.0560179816904194,-2.484891176152149,0.8273372251040916,-1.050737962835111,3.954398361079628,-0.4518568018256002,1.3213216143176292
70.0,147.0,177.90628051757812,-0.9480992037287066,1.6698462529856726,-4.92126265432442,-3.066282443454009,-3.048841576344093,1.9184003846581128,-1.029547548154336,4.407033002134062,-0.5675828178794807,0.7291447687456702
70.0,147.0,139.63580322265625,-2.119372260988704,2.6781145760428458,-4.920506122562764,-3.0397936692438314,-2.494398408348066,0.8457987608256683,-0.5133320172470748,3.9609241932323305,-0.4493490344732059,1.3242368638695232
70.0,147.0,140.55001831054688,-2.122329315786468,1.802061285371577,-4.931716526883416,-3.0283693764857564,-2.486060058575672,0.8457611210177214,-0.5347108318649818,3.980144941527816,-0.4523532917964609,1.322373004556118
70.0,147.0,149.86083984375,-2.12290973532822,1.7678672280638843,-4.933681346827862,-3.0281690041240785,-2.4860633919118627,0.9010736490337464,-1.0043492977172703,4.342770552392945,-0.4457589969867184,1.2979840525979809
70.0,147.0,155.2960662841797,-2.2266314691725286,1.788375596851226,-4.950584305584922,-3.049071767262101,-2.638683652418841,0.8465118506007967,-0.1054621583886064,4.8594375544309925,-0.4437755791998702,1.355552198023204
70.0,147.0,138.37705993652344,-2.122714904615392,2.670638671875961,-4.919153420636971,-3.031966039581508,-2.5160680906985378,0.846655034123982,-0.1112124613833414,3.97682799674141,-0.4506444637468742,1.3222653053134326
70.0,147.0,141.0843048095703,-2.124149455607269,1.7766151066120937,-4.917168928933022,-2.9731319939279293,-2.4790568065844263,0.8520437271489193,-0.0969474955085968,3.978393913173271,-0.4502242409565731,1.3164611436705125
70.0,147.0,139.24049377441406,-2.122952978603168,2.70020178203428,-4.9094442719968265,-3.03447883586124,-2.4897371704606464,0.8453880164933214,-0.5275536671755963,3.970888576625884,-0.4506163248250027,1.3280531216495697
70.0,147.0,145.9188995361328,-2.1459735504117297,2.596888302384503,-4.919375688355661,-3.0109640771280004,-2.562523617006559,0.3176661651130258,-0.1066196469994336,4.00212132624837,-0.446423268658519,1.3188637483343126
70.0,147.0,153.1660919189453,-2.121447798556532,1.8336876551817392,-4.9380753146679925,-3.094233202647145,-3.0649950223856144,0.8354321701101891,-1.021508757068139,3.955010029302585,-0.4447028575291981,0.7080551592072115
70.0,147.0,142.1283721923828,-2.1192890279676746,1.7984264980446047,-4.92041992272411,-3.023637196291919,-2.4862630705474427,0.8392563093769569,-0.5088082330646075,3.99275164134204,-0.4506043871085918,1.3222941943722175
70.0,147.0,144.48789978027344,-2.141046964113209,1.771880474365917,-4.911381224157521,-3.040130457582591,-2.517262630056656,0.8055665997807893,-1.0369607176572375,3.977882256769657,-0.4549739669163189,1.3219810566530266
70.0,147.0,168.93064880371094,-2.1143543029615848,2.7417360389370447,-4.947112555234055,-2.950462546819259,-2.4983045757484748,0.832187156898341,-0.0723706899640044,3.561794196526201,-0.4126711549953896,1.2696315445852016
70.0,147.0,150.5499267578125,-2.11968739608623,1.755035030369485,-4.927208819748874,-3.0244678618957064,-2.0218319945465275,0.8106048132035997,-1.0135414794231097,3.9867357123238514,-0.4552261932641993,1.349251448476138
70.0,147.0,140.70806884765625,-2.1170765257260005,1.7786727018614492,-4.886691515714032,-3.0032452423189584,-2.490826029221292,0.8457199841861938,-0.5221104655596113,3.970749928697078,-0.4471574466552951,1.3225873864163096
70.0,147.0,143.6717529296875,-2.156491978467087,1.7848226430137946,-4.937289081138338,-3.015584518911508,-2.4952668236488216,0.8392536062907989,-1.048874207228421,3.9749121325547967,-0.4509797059062946,1.3121867831926637
70.0,147.0,142.40072631835938,-2.121646521791928,1.753174757011645,-4.956966705710904,-3.097350806547635,-2.492643860680988,0.8491242490777567,-0.0536979377731923,3.96792452732735,-0.449127038362077,1.3230957434348551
70.0,147.0,140.0876007080078,-2.1191143309966978,2.7636275569073043,-4.905674777356533,-3.026477303277875,-2.4896974337100186,0.8491121639496949,-0.122108396708982,3.974043471714972,-0.4508710443122379,1.3222043399083954
70.0,147.0,140.52117919921875,-2.1272497769988306,1.774468940747441,-4.918171862643308,-3.039466282870276,-2.4890347571925453,0.8476899259151214,-0.521753245229758,3.96549093137469,-0.4572526271482879,1.3258236409937911
70.0,147.0,146.584716796875,-2.103115268970947,1.7773525520170366,-4.8991595252982325,-3.0347150506673737,-2.5711874065489764,0.8116258795517473,-1.035978714195854,3.971544582710554,-0.4467989748149475,1.6285298446205214
70.0,147.0,143.8277587890625,-2.1248830858866543,1.7802090878779313,-4.936753072080505,-3.0101865241049657,-1.9782824049959105,0.8420858723207358,-1.0500881416038224,3.96241728300316,-0.4534587791217112,1.321746580187323
70.0,147.0,143.25624084472656,-2.126201498395338,1.776447180426718,-4.911038367938904,-3.0189203841660275,-2.5141724623159933,0.8453948594086856,-1.0516125740393008,3.96882708303868,-0.4538285156769916,1.3222958490239185
70.0,147.0,140.36907958984375,-2.125785489392075,2.62684060952887,-4.916112042545208,-3.031216560777274,-2.492580087886872,0.8468719105633098,-0.5412703102721901,3.967306470290896,-0.4520281487904105,1.3057950799848492
70.0,147.0,155.14508056640625,-2.144416528898283,1.7532622941419214,-4.910340166670732,-3.045212005694971,-1.9538792327145715,0.8337103093690844,-1.0439633387742353,3.904955445319976,-0.4075869564763927,0.7623833671535221
70.0,147.0,140.6323699951172,-2.1256533184603748,1.7913874504541694,-4.921465145438036,-3.032042254476908,-2.5458654929240447,0.8418490111006164,-0.1263063865130635,3.975191829727036,-0.4510944692187897,1.3222620290505078
70.0,147.0,164.7838134765625,-2.201287946000103,2.883458157953075,-4.905830637260957,-3.0350057725369286,-2.524327352940692,0.8633945939224033,-0.171740808340323,4.059535154427085,-0.4070383022576078,1.300570495506068
70.0,147.0,157.8895721435547,-2.151116586352581,1.7765067177928218,-4.954217446239854,-3.688038395004858,-2.586077377730949,0.8144731752930827,-0.6122097261475492,3.624379146848815,-0.454328507982406,0.9702287003031408
70.0,147.0,160.38934326171875,-2.1239526524329047,1.7532778008160277,-4.793683137872873,-2.992665936417859,-3.0883299703921034,0.7444479414625762,-1.0498487622640318,3.959048847339001,-0.7967959506285662,0.7170082799296202
70.0,147.0,139.94009399414062,-2.1249625519960413,2.647465022592172,-4.922554413040449,-3.0175434074719405,-2.489694054616184,0.8292577207293954,-0.5190332063594714,3.9723931283427993,-0.4503137733380253,1.3214450048130568
70.0,147.0,155.30633544921875,-2.110355142561264,1.7355664246072802,-4.897661520156259,-3.0945963635771343,-3.0647722813398968,0.8256285834289196,-1.0204516952792135,4.389633871132414,-0.4667985076585941,0.7287559592886229
70.0,147.0,158.0673828125,-2.13478528945232,1.8441109636686763,-4.929363763692761,-3.1294766675918138,-3.0546509867568057,1.330469986782295,-1.0107985278553162,3.543151829295136,-0.4498499097984712,0.7093224768745058
70.0,147.0,151.25607299804688,-2.172037136009037,1.7295055121999343,-4.886813252907739,-3.044272093932116,-2.527211347557737,0.8736419156014977,-1.0803740810791176,4.326682419773425,-0.4568381444550614,1.020613823807618
70.0,147.0,165.35855102539062,-2.0411344005614884,1.8033887960812784,-4.990096883276585,-3.0271535952284765,-1.9850275875294443,0.7502007915430735,-1.0075749577924853,3.0752222344234887,-0.4467256416415724,1.0584411608503208
70.0,147.0,165.263427734375,-2.025108824505472,1.819420873531608,-4.880777358367313,-3.048511178555349,-3.076473591889685,0.724041054625411,-1.045823708623605,4.79798916193166,-0.408550783489008,0.6991762171530035
70.0,147.0,147.6595916748047,-2.191540710131359,1.7768596351457293,-4.928132938788525,-3.0311465947677627,-2.4551492063965243,0.8559432135813866,-1.0743890442504118,3.948423500283928,-0.4440404965886042,1.3016042613862342
70.0,147.0,160.2692413330078,-1.055922459328694,1.7735920722761906,-4.937958133848109,-1.695201673496223,-3.064020344723154,0.8372423768827528,-1.0608401158966236,4.429729571994304,-0.4561175576200931,0.7202760905369371
70.0,148.0,157.60691833496094,-2.1221509371431435,1.8392303061078088,-4.902514539010984,-3.0864103908050646,-3.0538475418464337,0.8517324402109121,-1.0171489627324086,3.092931355225164,-0.4559853455206131,0.9824460715350812
70.0,148.0,161.15728759765625,-1.9534206856324816,1.7536378394229737,-4.890109816254475,-3.0956079319477503,-3.0662115030366284,0.8279698431872164,-1.019189610828445,4.304919778195342,-0.4515226464921155,0.7024576952550962
70.0,148.0,139.32833862304688,-2.08817131902122,2.674483873195172,-4.922319748061662,-3.0287992714960743,-2.513783286141139,0.8496565177450722,-0.5469923913485679,3.96800845936754,-0.4520489752543011,1.3210823692950004
70.0,148.0,140.0201873779297,-2.119638856146801,2.659114827367397,-4.908051161168608,-3.0298735272823683,-2.4899243684442465,0.8470426465466386,-0.5116793673974819,3.967044459486349,-0.4509050537181907,1.314693515842695
70.0,148.0,141.79917907714844,-2.131607638519989,2.660234824168329,-4.926304155596871,-3.0322193158822293,-2.5068816707304484,0.8347325252682861,-0.0492123369358135,3.959624406964856,-0.452302116852776,1.322530420972145
70.0,148.0,150.95826721191406,-2.1262525097823337,1.7737189882144293,-4.926724315985826,-3.0259742329384216,-2.437463469842107,1.4099652745982325,-1.0262765149084487,3.9233814230264574,-0.4512474950726279,1.609887845109697
70.0,148.0,156.08035278320312,-2.1580996450789263,1.728328627406782,-4.879695436337815,-3.0850529772078543,-3.06587044186364,0.8359929899162684,-1.015638048938622,3.5437633377229565,-0.4462973345896071,0.7233871726910266
70.0,148.0,145.83074951171875,-2.1182021524849444,1.8078905911135548,-4.935700425047287,-2.9794937688851824,-2.4827301949732017,0.8507230196630945,-1.052661683502819,3.970937820545013,-0.4537632926829645,1.6362450208066313
70.0,148.0,142.9798126220703,-2.1220829198845297,1.779816139448701,-4.916527573251591,-3.02469365005042,-2.497106128890054,0.8394429982048441,-1.0497138158275474,3.959478534814511,-0.4503832498699787,1.3264084915991838
70.0,148.0,140.63870239257812,-2.10679926390394,1.7715796026297312,-4.924155837395888,-3.028278571499607,-2.490646394218512,0.841984296736348,-0.5156651528705621,3.973258449190348,-0.4521359260348891,1.3215050127700307
70.0,148.0,140.5314178466797,-2.1225332316435925,2.589982213855886,-4.918210960022838,-3.033499533471317,-2.488314988854922,0.8233686807927709,-0.1102997375651731,3.980278002017088,-0.4492287522574643,1.3225200497035328
70.0,148.0,145.51785278320312,-2.126771842195532,1.7670477007423182,-4.9204922003124985,-3.0347375076084453,-2.5383422307312813,0.8687211962592126,-1.0296164895992543,3.981699626098981,-0.4690457710752135,1.3215946527643532
70.0,148.0,139.1177978515625,-2.121924358678077,2.666080249734612,-4.918759838099927,-3.032773542817324,-2.490193648566313,0.8467825409558875,-0.5280131587354278,3.967725551798917,-0.4509176876331131,1.322280599399067
70.0,148.0,143.77976989746094,-2.090505492232815,1.7746837755457456,-4.927630124357569,-3.0560179816904194,-2.484891176152149,0.8273372251040916,-1.050737962835111,3.954398361079628,-0.4518568018256002,1.3213216143176292
70.0,148.0,177.90628051757812,-0.9480992037287066,1.6698462529856726,-4.92126265432442,-3.066282443454009,-3.048841576344093,1.9184003846581128,-1.029547548154336,4.407033002134062,-0.5675828178794807,0.7291447687456702
70.0,148.0,139.63580322265625,-2.119372260988704,2.6781145760428458,-4.920506122562764,-3.0397936692438314,-2.494398408348066,0.8457987608256683,-0.5133320172470748,3.9609241932323305,-0.4493490344732059,1.3242368638695232
70.0,148.0,140.55001831054688,-2.122329315786468,1.802061285371577,-4.931716526883416,-3.0283693764857564,-2.486060058575672,0.8457611210177214,-0.5347108318649818,3.980144941527816,-0.4523532917964609,1.322373004556118
70.0,148.0,149.86083984375,-2.12290973532822,1.7678672280638843,-4.933681346827862,-3.0281690041240785,-2.4860633919118627,0.9010736490337464,-1.0043492977172703,4.342770552392945,-0.4457589969867184,1.2979840525979809
70.0,148.0,155.2960662841797,-2.2266314691725286,1.788375596851226,-4.950584305584922,-3.049071767262101,-2.638683652418841,0.8465118506007967,-0.1054621583886064,4.8594375544309925,-0.4437755791998702,1.355552198023204
70.0,148.0,138.37705993652344,-2.122714904615392,2.670638671875961,-4.919153420636971,-3.031966039581508,-2.5160680906985378,0.846655034123982,-0.1112124613833414,3.97682799674141,-0.4506444637468742,1.3222653053134326
70.0,148.0,141.0843048095703,-2.124149455607269,1.7766151066120937,-4.917168928933022,-2.9731319939279293,-2.4790568065844263,0.8520437271489193,-0.0969474955085968,3.978393913173271,-0.4502242409565731,1.3164611436705125
70.0,148.0,139.24049377441406,-2.122952978603168,2.70020178203428,-4.9094442719968265,-3.03447883586124,-2.4897371704606464,0.8453880164933214,-0.5275536671755963,3.970888576625884,-0.4506163248250027,1.3280531216495697
70.0,148.0,145.9188995361328,-2.1459735504117297,2.596888302384503,-4.919375688355661,-3.0109640771280004,-2.562523617006559,0.3176661651130258,-0.1066196469994336,4.00212132624837,-0.446423268658519,1.3188637483343126
70.0,148.0,153.1660919189453,-2.121447798556532,1.8336876551817392,-4.9380753146679925,-3.094233202647145,-3.0649950223856144,0.8354321701101891,-1.021508757068139,3.955010029302585,-0.4447028575291981,0.7080551592072115
70.0,148.0,142.1283721923828,-2.1192890279676746,1.7984264980446047,-4.92041992272411,-3.023637196291919,-2.4862630705474427,0.8392563093769569,-0.5088082330646075,3.99275164134204,-0.4506043871085918,1.3222941943722175
70.0,148.0,144.48789978027344,-2.141046964113209,1.771880474365917,-4.911381224157521,-3.040130457582591,-2.517262630056656,0.8055665997807893,-1.0369607176572375,3.977882256769657,-0.4549739669163189,1.3219810566530266
70.0,148.0,168.93064880371094,-2.1143543029615848,2.7417360389370447,-4.947112555234055,-2.950462546819259,-2.4983045757484748,0.832187156898341,-0.0723706899640044,3.561794196526201,-0.4126711549953896,1.2696315445852016
70.0,148.0,150.5499267578125,-2.11968739608623,1.755035030369485,-4.927208819748874,-3.0244678618957064,-2.0218319945465275,0.8106048132035997,-1.0135414794231097,3.9867357123238514,-0.4552261932641993,1.349251448476138
70.0,148.0,140.70806884765625,-2.1170765257260005,1.7786727018614492,-4.886691515714032,-3.0032452423189584,-2.490826029221292,0.8457199841861938,-0.5221104655596113,3.970749928697078,-0.4471574466552951,1.3225873864163096
70.0,148.0,143.6717529296875,-2.156491978467087,1.7848226430137946,-4.937289081138338,-3.015584518911508,-2.4952668236488216,0.8392536062907989,-1.048874207228421,3.9749121325547967,-0.4509797059062946,1.3121867831926637
70.0,148.0,142.40072631835938,-2.121646521791928,1.753174757011645,-4.956966705710904,-3.097350806547635,-2.492643860680988,0.8491242490777567,-0.0536979377731923,3.96792452732735,-0.449127038362077,1.3230957434348551
70.0,148.0,140.0876007080078,-2.1191143309966978,2.7636275569073043,-4.905674777356533,-3.026477303277875,-2.4896974337100186,0.8491121639496949,-0.122108396708982,3.974043471714972,-0.4508710443122379,1.3222043399083954
70.0,148.0,140.52117919921875,-2.1272497769988306,1.774468940747441,-4.918171862643308,-3.039466282870276,-2.4890347571925453,0.8476899259151214,-0.521753245229758,3.96549093137469,-0.4572526271482879,1.3258236409937911
70.0,148.0,146.584716796875,-2.103115268970947,1.7773525520170366,-4.8991595252982325,-3.0347150506673737,-2.5711874065489764,0.8116258795517473,-1.035978714195854,3.971544582710554,-0.4467989748149475,1.6285298446205214
70.0,148.0,143.8277587890625,-2.1248830858866543,1.7802090878779313,-4.936753072080505,-3.0101865241049657,-1.9782824049959105,0.8420858723207358,-1.0500881416038224,3.96241728300316,-0.4534587791217112,1.321746580187323
70.0,148.0,143.25624084472656,-2.126201498395338,1.776447180426718,-4.911038367938904,-3.0189203841660275,-2.5141724623159933,0.8453948594086856,-1.0516125740393008,3.96882708303868,-0.4538285156769916,1.3222958490239185
70.0,148.0,140.36907958984375,-2.125785489392075,2.62684060952887,-4.916112042545208,-3.031216560777274,-2.492580087886872,0.8468719105633098,-0.5412703102721901,3.967306470290896,-0.4520281487904105,1.3057950799848492
70.0,148.0,155.14508056640625,-2.144416528898283,1.7532622941419214,-4.910340166670732,-3.045212005694971,-1.9538792327145715,0.8337103093690844,-1.0439633387742353,3.904955445319976,-0.4075869564763927,0.7623833671535221
70.0,148.0,140.6323699951172,-2.1256533184603748,1.7913874504541694,-4.921465145438036,-3.032042254476908,-2.5458654929240447,0.8418490111006164,-0.1263063865130635,3.975191829727036,-0.4510944692187897,1.3222620290505078
70.0,148.0,164.7838134765625,-2.201287946000103,2.883458157953075,-4.905830637260957,-3.0350057725369286,-2.524327352940692,0.8633945939224033,-0.171740808340323,4.059535154427085,-0.4070383022576078,1.300570495506068
70.0,148.0,157.8895721435547,-2.151116586352581,1.7765067177928218,-4.954217446239854,-3.688038395004858,-2.586077377730949,0.8144731752930827,-0.6122097261475492,3.624379146848815,-0.454328507982406,0.9702287003031408
70.0,148.0,160.38934326171875,-2.1239526524329047,1.7532778008160277,-4.793683137872873,-2.992665936417859,-3.0883299703921034,0.7444479414625762,-1.0498487622640318,3.959048847339001,-0.7967959506285662,0.7170082799296202
70.0,148.0,139.94009399414062,-2.1249625519960413,2.647465022592172,-4.922554413040449,-3.0175434074719405,-2.489694054616184,0.8292577207293954,-0.5190332063594714,3.9723931283427993,-0.4503137733380253,1.3214450048130568
70.0,148.0,155.30633544921875,-2.110355142561264,1.7355664246072802,-4.897661520156259,-3.0945963635771343,-3.0647722813398968,0.8256285834289196,-1.0204516952792135,4.389633871132414,-0.4667985076585941,0.7287559592886229
70.0,148.0,158.0673828125,-2.13478528945232,1.8441109636686763,-4.929363763692761,-3.1294766675918138,-3.0546509867568057,1.330469986782295,-1.0107985278553162,3.543151829295136,-0.4498499097984712,0.7093224768745058
70.0,148.0,151.25607299804688,-2.172037136009037,1.7295055121999343,-4.886813252907739,-3.044272093932116,-2.527211347557737,0.8736419156014977,-1.0803740810791176,4.326682419773425,-0.4568381444550614,1.020613823807618
70.0,148.0,165.35855102539062,-2.0411344005614884,1.8033887960812784,-4.990096883276585,-3.0271535952284765,-1.9850275875294443,0.7502007915430735,-1.0075749577924853,3.0752222344234887,-0.4467256416415724,1.0584411608503208
70.0,148.0,165.263427734375,-2.025108824505472,1.819420873531608,-4.880777358367313,-3.048511178555349,-3.076473591889685,0.724041054625411,-1.045823708623605,4.79798916193166,-0.408550783489008,0.6991762171530035
70.0,148.0,147.6595916748047,-2.191540710131359,1.7768596351457293,-4.928132938788525,-3.0311465947677627,-2.4551492063965243,0.8559432135813866,-1.0743890442504118,3.948423500283928,-0.4440404965886042,1.3016042613862342
70.0,148.0,160.2692413330078,-1.055922459328694,1.7735920722761906,-4.937958133848109,-1.695201673496223,-3.064020344723154,0.8372423768827528,-1.0608401158966236,4.429729571994304,-0.4561175576200931,0.7202760905369371
70.0,149.0,157.60691833496094,-2.1221509371431435,1.8392303061078088,-4.902514539010984,-3.0864103908050646,-3.0538475418464337,0.8517324402109121,-1.0171489627324086,3.092931355225164,-0.4559853455206131,0.9824460715350812
70.0,149.0,161.15728759765625,-1.9534206856324816,1.7536378394229737,-4.890109816254475,-3.0956079319477503,-3.0662115030366284,0.8279698431872164,-1.019189610828445,4.304919778195342,-0.4515226464921155,0.7024576952550962
70.0,149.0,139.32833862304688,-2.08817131902122,2.674483873195172,-4.922319748061662,-3.0287992714960743,-2.513783286141139,0.8496565177450722,-0.5469923913485679,3.96800845936754,-0.4520489752543011,1.3210823692950004
70.0,149.0,140.0201873779297,-2.119638856146801,2.659114827367397,-4.908051161168608,-3.0298735272823683,-2.4899243684442465,0.8470426465466386,-0.5116793673974819,3.967044459486349,-0.4509050537181907,1.314693515842695
70.0,149.0,141.79917907714844,-2.131607638519989,2.660234824168329,-4.926304155596871,-3.0322193158822293,-2.5068816707304484,0.8347325252682861,-0.0492123369358135,3.959624406964856,-0.452302116852776,1.322530420972145
70.0,149.0,150.95826721191406,-2.1262525097823337,1.7737189882144293,-4.926724315985826,-3.0259742329384216,-2.437463469842107,1.4099652745982325,-1.0262765149084487,3.9233814230264574,-0.4512474950726279,1.609887845109697
70.0,149.0,156.08035278320312,-2.1580996450789263,1.728328627406782,-4.879695436337815,-3.0850529772078543,-3.06587044186364,0.8359929899162684,-1.015638048938622,3.5437633377229565,-0.4462973345896071,0.7233871726910266
70.0,149.0,145.83074951171875,-2.1182021524849444,1.8078905911135548,-4.935700425047287,-2.9794937688851824,-2.4827301949732017,0.8507230196630945,-1.052661683502819,3.970937820545013,-0.4537632926829645,1.6362450208066313
70.0,149.0,142.9798126220703,-2.1220829198845297,1.779816139448701,-4.916527573251591,-3.02469365005042,-2.497106128890054,0.8394429982048441,-1.0497138158275474,3.959478534814511,-0.4503832498699787,1.3264084915991838
70.0,149.0,140.63870239257812,-2.10679926390394,1.7715796026297312,-4.924155837395888,-3.028278571499607,-2.490646394218512,0.841984296736348,-0.5156651528705621,3.973258449190348,-0.4521359260348891,1.3215050127700307
70.0,149.0,138.98626708984375,-2.122239994463263,2.63185765496106,-4.9195193534670585,-3.029889012938088,-2.5117629384482707,0.8366311465001464,-0.1007517043411925,3.9794420877246783,-0.4516665393079001,1.3224713766733718
70.0,149.0,145.51785278320312,-2.126771842195532,1.7670477007423182,-4.9204922003124985,-3.0347375076084453,-2.5383422307312813,0.8687211962592126,-1.0296164895992543,3.981699626098981,-0.4690457710752135,1.3215946527643532
70.0,149.0,139.1177978515625,-2.121924358678077,2.666080249734612,-4.918759838099927,-3.032773542817324,-2.490193648566313,0.8467825409558875,-0.5280131587354278,3.967725551798917,-0.4509176876331131,1.322280599399067
70.0,149.0,143.77976989746094,-2.090505492232815,1.7746837755457456,-4.927630124357569,-3.0560179816904194,-2.484891176152149,0.8273372251040916,-1.050737962835111,3.954398361079628,-0.4518568018256002,1.3213216143176292
70.0,149.0,177.90628051757812,-0.9480992037287066,1.6698462529856726,-4.92126265432442,-3.066282443454009,-3.048841576344093,1.9184003846581128,-1.029547548154336,4.407033002134062,-0.5675828178794807,0.7291447687456702
70.0,149.0,139.63580322265625,-2.119372260988704,2.6781145760428458,-4.920506122562764,-3.0397936692438314,-2.494398408348066,0.8457987608256683,-0.5133320172470748,3.9609241932323305,-0.4493490344732059,1.3242368638695232
70.0,149.0,140.55001831054688,-2.122329315786468,1.802061285371577,-4.931716526883416,-3.0283693764857564,-2.486060058575672,0.8457611210177214,-0.5347108318649818,3.980144941527816,-0.4523532917964609,1.322373004556118
70.0,149.0,149.86083984375,-2.12290973532822,1.7678672280638843,-4.933681346827862,-3.0281690041240785,-2.4860633919118627,0.9010736490337464,-1.0043492977172703,4.342770552392945,-0.4457589969867184,1.2979840525979809
70.0,149.0,155.2960662841797,-2.2266314691725286,1.788375596851226,-4.950584305584922,-3.049071767262101,-2.638683652418841,0.8465118506007967,-0.1054621583886064,4.8594375544309925,-0.4437755791998702,1.355552198023204
70.0,149.0,138.37705993652344,-2.122714904615392,2.670638671875961,-4.919153420636971,-3.031966039581508,-2.5160680906985378,0.846655034123982,-0.1112124613833414,3.97682799674141,-0.4506444637468742,1.3222653053134326
70.0,149.0,141.0843048095703,-2.124149455607269,1.7766151066120937,-4.917168928933022,-2.9731319939279293,-2.4790568065844263,0.8520437271489193,-0.0969474955085968,3.978393913173271,-0.4502242409565731,1.3164611436705125
70.0,149.0,139.24049377441406,-2.122952978603168,2.70020178203428,-4.9094442719968265,-3.03447883586124,-2.4897371704606464,0.8453880164933214,-0.5275536671755963,3.970888576625884,-0.4506163248250027,1.3280531216495697
70.0,149.0,145.9188995361328,-2.1459735504117297,2.596888302384503,-4.919375688355661,-3.0109640771280004,-2.562523617006559,0.3176661651130258,-0.1066196469994336,4.00212132624837,-0.446423268658519,1.3188637483343126
70.0,149.0,153.1660919189453,-2.121447798556532,1.8336876551817392,-4.9380753146679925,-3.094233202647145,-3.0649950223856144,0.8354321701101891,-1.021508757068139,3.955010029302585,-0.4447028575291981,0.7080551592072115
70.0,149.0,142.1283721923828,-2.1192890279676746,1.7984264980446047,-4.92041992272411,-3.023637196291919,-2.4862630705474427,0.8392563093769569,-0.5088082330646075,3.99275164134204,-0.4506043871085918,1.3222941943722175
70.0,149.0,144.48789978027344,-2.141046964113209,1.771880474365917,-4.911381224157521,-3.040130457582591,-2.517262630056656,0.8055665997807893,-1.0369607176572375,3.977882256769657,-0.4549739669163189,1.3219810566530266
70.0,149.0,168.93064880371094,-2.1143543029615848,2.7417360389370447,-4.947112555234055,-2.950462546819259,-2.4983045757484748,0.832187156898341,-0.0723706899640044,3.561794196526201,-0.4126711549953896,1.2696315445852016
70.0,149.0,150.5499267578125,-2.11968739608623,1.755035030369485,-4.927208819748874,-3.0244678618957064,-2.0218319945465275,0.8106048132035997,-1.0135414794231097,3.9867357123238514,-0.4552261932641993,1.349251448476138
70.0,149.0,140.70806884765625,-2.1170765257260005,1.7786727018614492,-4.886691515714032,-3.0032452423189584,-2.490826029221292,0.8457199841861938,-0.5221104655596113,3.970749928697078,-0.4471574466552951,1.3225873864163096
70.0,149.0,143.6717529296875,-2.156491978467087,1.7848226430137946,-4.937289081138338,-3.015584518911508,-2.4952668236488216,0.8392536062907989,-1.048874207228421,3.9749121325547967,-0.4509797059062946,1.3121867831926637
70.0,149.0,142.40072631835938,-2.121646521791928,1.753174757011645,-4.956966705710904,-3.097350806547635,-2.492643860680988,0.8491242490777567,-0.0536979377731923,3.96792452732735,-0.449127038362077,1.3230957434348551
70.0,149.0,140.0876007080078,-2.1191143309966978,2.7636275569073043,-4.905674777356533,-3.026477303277875,-2.4896974337100186,0.8491121639496949,-0.122108396708982,3.974043471714972,-0.4508710443122379,1.3222043399083954
70.0,149.0,140.52117919921875,-2.1272497769988306,1.774468940747441,-4.918171862643308,-3.039466282870276,-2.4890347571925453,0.8476899259151214,-0.521753245229758,3.96549093137469,-0.4572526271482879,1.3258236409937911
70.0,149.0,146.584716796875,-2.103115268970947,1.7773525520170366,-4.8991595252982325,-3.0347150506673737,-2.5711874065489764,0.8116258795517473,-1.035978714195854,3.971544582710554,-0.4467989748149475,1.6285298446205214
70.0,149.0,143.8277587890625,-2.1248830858866543,1.7802090878779313,-4.936753072080505,-3.0101865241049657,-1.9782824049959105,0.8420858723207358,-1.0500881416038224,3.96241728300316,-0.4534587791217112,1.321746580187323
70.0,149.0,143.25624084472656,-2.126201498395338,1.776447180426718,-4.911038367938904,-3.0189203841660275,-2.5141724623159933,0.8453948594086856,-1.0516125740393008,3.96882708303868,-0.4538285156769916,1.3222958490239185
70.0,149.0,140.36907958984375,-2.125785489392075,2.62684060952887,-4.916112042545208,-3.031216560777274,-2.492580087886872,0.8468719105633098,-0.5412703102721901,3.967306470290896,-0.4520281487904105,1.3057950799848492
70.0,149.0,155.14508056640625,-2.144416528898283,1.7532622941419214,-4.910340166670732,-3.045212005694971,-1.9538792327145715,0.8337103093690844,-1.0439633387742353,3.904955445319976,-0.4075869564763927,0.7623833671535221
70.0,149.0,140.6323699951172,-2.1256533184603748,1.7913874504541694,-4.921465145438036,-3.032042254476908,-2.5458654929240447,0.8418490111006164,-0.1263063865130635,3.975191829727036,-0.4510944692187897,1.3222620290505078
70.0,149.0,164.7838134765625,-2.201287946000103,2.883458157953075,-4.905830637260957,-3.0350057725369286,-2.524327352940692,0.8633945939224033,-0.171740808340323,4.059535154427085,-0.4070383022576078,1.300570495506068
70.0,149.0,157.8895721435547,-2.151116586352581,1.7765067177928218,-4.954217446239854,-3.688038395004858,-2.586077377730949,0.8144731752930827,-0.6122097261475492,3.624379146848815,-0.454328507982406,0.9702287003031408
70.0,149.0,160.38934326171875,-2.1239526524329047,1.7532778008160277,-4.793683137872873,-2.992665936417859,-3.0883299703921034,0.7444479414625762,-1.0498487622640318,3.959048847339001,-0.7967959506285662,0.7170082799296202
70.0,149.0,139.94009399414062,-2.1249625519960413,2.647465022592172,-4.922554413040449,-3.0175434074719405,-2.489694054616184,0.8292577207293954,-0.5190332063594714,3.9723931283427993,-0.4503137733380253,1.3214450048130568
70.0,149.0,155.30633544921875,-2.110355142561264,1.7355664246072802,-4.897661520156259,-3.0945963635771343,-3.0647722813398968,0.8256285834289196,-1.0204516952792135,4.389633871132414,-0.4667985076585941,0.7287559592886229
70.0,149.0,158.0673828125,-2.13478528945232,1.8441109636686763,-4.929363763692761,-3.1294766675918138,-3.0546509867568057,1.330469986782295,-1.0107985278553162,3.543151829295136,-0.4498499097984712,0.7093224768745058
70.0,149.0,151.25607299804688,-2.172037136009037,1.7295055121999343,-4.886813252907739,-3.044272093932116,-2.527211347557737,0.8736419156014977,-1.0803740810791176,4.326682419773425,-0.4568381444550614,1.020613823807618
70.0,149.0,165.35855102539062,-2.0411344005614884,1.8033887960812784,-4.990096883276585,-3.0271535952284765,-1.9850275875294443,0.7502007915430735,-1.0075749577924853,3.0752222344234887,-0.4467256416415724,1.0584411608503208
70.0,149.0,165.263427734375,-2.025108824505472,1.819420873531608,-4.880777358367313,-3.048511178555349,-3.076473591889685,0.724041054625411,-1.045823708623605,4.79798916193166,-0.408550783489008,0.6991762171530035
70.0,149.0,147.6595916748047,-2.191540710131359,1.7768596351457293,-4.928132938788525,-3.0311465947677627,-2.4551492063965243,0.8559432135813866,-1.0743890442504118,3.948423500283928,-0.4440404965886042,1.3016042613862342
70.0,149.0,160.2692413330078,-1.055922459328694,1.7735920722761906,-4.937958133848109,-1.695201673496223,-3.064020344723154,0.8372423768827528,-1.0608401158966236,4.429729571994304,-0.4561175576200931,0.7202760905369371
70.0,150.0,157.60691833496094,-2.1221509371431435,1.8392303061078088,-4.902514539010984,-3.0864103908050646,-3.0538475418464337,0.8517324402109121,-1.0171489627324086,3.092931355225164,-0.4559853455206131,0.9824460715350812
70.0,150.0,161.15728759765625,-1.9534206856324816,1.7536378394229737,-4.890109816254475,-3.0956079319477503,-3.0662115030366284,0.8279698431872164,-1.019189610828445,4.304919778195342,-0.4515226464921155,0.7024576952550962
70.0,150.0,139.32833862304688,-2.08817131902122,2.674483873195172,-4.922319748061662,-3.0287992714960743,-2.513783286141139,0.8496565177450722,-0.5469923913485679,3.96800845936754,-0.4520489752543011,1.3210823692950004
70.0,150.0,140.0201873779297,-2.119638856146801,2.659114827367397,-4.908051161168608,-3.0298735272823683,-2.4899243684442465,0.8470426465466386,-0.5116793673974819,3.967044459486349,-0.4509050537181907,1.314693515842695
70.0,150.0,141.79917907714844,-2.131607638519989,2.660234824168329,-4.926304155596871,-3.0322193158822293,-2.5068816707304484,0.8347325252682861,-0.0492123369358135,3.959624406964856,-0.452302116852776,1.322530420972145
70.0,150.0,150.95826721191406,-2.1262525097823337,1.7737189882144293,-4.926724315985826,-3.0259742329384216,-2.437463469842107,1.4099652745982325,-1.0262765149084487,3.9233814230264574,-0.4512474950726279,1.609887845109697
70.0,150.0,156.08035278320312,-2.1580996450789263,1.728328627406782,-4.879695436337815,-3.0850529772078543,-3.06587044186364,0.8359929899162684,-1.015638048938622,3.5437633377229565,-0.4462973345896071,0.7233871726910266
70.0,150.0,145.83074951171875,-2.1182021524849444,1.8078905911135548,-4.935700425047287,-2.9794937688851824,-2.4827301949732017,0.8507230196630945,-1.052661683502819,3.970937820545013,-0.4537632926829645,1.6362450208066313
70.0,150.0,142.9798126220703,-2.1220829198845297,1.779816139448701,-4.916527573251591,-3.02469365005042,-2.497106128890054,0.8394429982048441,-1.0497138158275474,3.959478534814511,-0.4503832498699787,1.3264084915991838
70.0,150.0,140.63870239257812,-2.10679926390394,1.7715796026297312,-4.924155837395888,-3.028278571499607,-2.490646394218512,0.841984296736348,-0.5156651528705621,3.973258449190348,-0.4521359260348891,1.3215050127700307
70.0,150.0,138.98626708984375,-2.122239994463263,2.63185765496106,-4.9195193534670585,-3.029889012938088,-2.5117629384482707,0.8366311465001464,-0.1007517043411925,3.9794420877246783,-0.4516665393079001,1.3224713766733718
70.0,150.0,145.51785278320312,-2.126771842195532,1.7670477007423182,-4.9204922003124985,-3.0347375076084453,-2.5383422307312813,0.8687211962592126,-1.0296164895992543,3.981699626098981,-0.4690457710752135,1.3215946527643532
70.0,150.0,139.1177978515625,-2.121924358678077,2.666080249734612,-4.918759838099927,-3.032773542817324,-2.490193648566313,0.8467825409558875,-0.5280131587354278,3.967725551798917,-0.4509176876331131,1.322280599399067
70.0,150.0,143.77976989746094,-2.090505492232815,1.7746837755457456,-4.927630124357569,-3.0560179816904194,-2.484891176152149,0.8273372251040916,-1.050737962835111,3.954398361079628,-0.4518568018256002,1.3213216143176292
70.0,150.0,177.90628051757812,-0.9480992037287066,1.6698462529856726,-4.92126265432442,-3.066282443454009,-3.048841576344093,1.9184003846581128,-1.029547548154336,4.407033002134062,-0.5675828178794807,0.7291447687456702
70.0,150.0,139.63580322265625,-2.119372260988704,2.6781145760428458,-4.920506122562764,-3.0397936692438314,-2.494398408348066,0.8457987608256683,-0.5133320172470748,3.9609241932323305,-0.4493490344732059,1.3242368638695232
70.0,150.0,140.55001831054688,-2.122329315786468,1.802061285371577,-4.931716526883416,-3.0283693764857564,-2.486060058575672,0.8457611210177214,-0.5347108318649818,3.980144941527816,-0.4523532917964609,1.322373004556118
70.0,150.0,149.86083984375,-2.12290973532822,1.7678672280638843,-4.933681346827862,-3.0281690041240785,-2.4860633919118627,0.9010736490337464,-1.0043492977172703,4.342770552392945,-0.4457589969867184,1.2979840525979809
70.0,150.0,155.2960662841797,-2.2266314691725286,1.788375596851226,-4.950584305584922,-3.049071767262101,-2.638683652418841,0.8465118506007967,-0.1054621583886064,4.8594375544309925,-0.4437755791998702,1.355552198023204
70.0,150.0,138.37705993652344,-2.122714904615392,2.670638671875961,-4.919153420636971,-3.031966039581508,-2.5160680906985378,0.846655034123982,-0.1112124613833414,3.97682799674141,-0.4506444637468742,1.3222653053134326
70.0,150.0,141.0843048095703,-2.124149455607269,1.7766151066120937,-4.917168928933022,-2.9731319939279293,-2.4790568065844263,0.8520437271489193,-0.0969474955085968,3.978393913173271,-0.4502242409565731,1.3164611436705125
70.0,150.0,139.24049377441406,-2.122952978603168,2.70020178203428,-4.9094442719968265,-3.03447883586124,-2.4897371704606464,0.8453880164933214,-0.5275536671755963,3.970888576625884,-0.4506163248250027,1.3280531216495697
70.0,150.0,145.9188995361328,-2.1459735504117297,2.596888302384503,-4.919375688355661,-3.0109640771280004,-2.562523617006559,0.3176661651130258,-0.1066196469994336,4.00212132624837,-0.446423268658519,1.3188637483343126
70.0,150.0,153.1660919189453,-2.121447798556532,1.8336876551817392,-4.9380753146679925,-3.094233202647145,-3.0649950223856144,0.8354321701101891,-1.021508757068139,3.955010029302585,-0.4447028575291981,0.7080551592072115
70.0,150.0,142.1283721923828,-2.1192890279676746,1.7984264980446047,-4.92041992272411,-3.023637196291919,-2.4862630705474427,0.8392563093769569,-0.5088082330646075,3.99275164134204,-0.4506043871085918,1.3222941943722175
70.0,150.0,144.48789978027344,-2.141046964113209,1.771880474365917,-4.911381224157521,-3.040130457582591,-2.517262630056656,0.8055665997807893,-1.0369607176572375,3.977882256769657,-0.4549739669163189,1.3219810566530266
70.0,150.0,168.93064880371094,-2.1143543029615848,2.7417360389370447,-4.947112555234055,-2.950462546819259,-2.4983045757484748,0.832187156898341,-0.0723706899640044,3.561794196526201,-0.4126711549953896,1.2696315445852016
70.0,150.0,150.5499267578125,-2.11968739608623,1.755035030369485,-4.927208819748874,-3.0244678618957064,-2.0218319945465275,0.8106048132035997,-1.0135414794231097,3.9867357123238514,-0.4552261932641993,1.349251448476138
70.0,150.0,140.70806884765625,-2.1170765257260005,1.7786727018614492,-4.886691515714032,-3.0032452423189584,-2.490826029221292,0.8457199841861938,-0.5221104655596113,3.970749928697078,-0.4471574466552951,1.3225873864163096
70.0,150.0,143.6717529296875,-2.156491978467087,1.7848226430137946,-4.937289081138338,-3.015584518911508,-2.4952668236488216,0.8392536062907989,-1.048874207228421,3.9749121325547967,-0.4509797059062946,1.3121867831926637
70.0,150.0,142.40072631835938,-2.121646521791928,1.753174757011645,-4.956966705710904,-3.097350806547635,-2.492643860680988,0.8491242490777567,-0.0536979377731923,3.96792452732735,-0.449127038362077,1.3230957434348551
70.0,150.0,140.0876007080078,-2.1191143309966978,2.7636275569073043,-4.905674777356533,-3.026477303277875,-2.4896974337100186,0.8491121639496949,-0.122108396708982,3.974043471714972,-0.4508710443122379,1.3222043399083954
70.0,150.0,140.52117919921875,-2.1272497769988306,1.774468940747441,-4.918171862643308,-3.039466282870276,-2.4890347571925453,0.8476899259151214,-0.521753245229758,3.96549093137469,-0.4572526271482879,1.3258236409937911
70.0,150.0,146.584716796875,-2.103115268970947,1.7773525520170366,-4.8991595252982325,-3.0347150506673737,-2.5711874065489764,0.8116258795517473,-1.035978714195854,3.971544582710554,-0.4467989748149475,1.6285298446205214
70.0,150.0,143.8277587890625,-2.1248830858866543,1.7802090878779313,-4.936753072080505,-3.0101865241049657,-1.9782824049959105,0.8420858723207358,-1.0500881416038224,3.96241728300316,-0.4534587791217112,1.321746580187323
70.0,150.0,143.25624084472656,-2.126201498395338,1.776447180426718,-4.911038367938904,-3.0189203841660275,-2.5141724623159933,0.8453948594086856,-1.0516125740393008,3.96882708303868,-0.4538285156769916,1.3222958490239185
70.0,150.0,140.36907958984375,-2.125785489392075,2.62684060952887,-4.916112042545208,-3.031216560777274,-2.492580087886872,0.8468719105633098,-0.5412703102721901,3.967306470290896,-0.4520281487904105,1.3057950799848492
70.0,150.0,155.14508056640625,-2.144416528898283,1.7532622941419214,-4.910340166670732,-3.045212005694971,-1.9538792327145715,0.8337103093690844,-1.0439633387742353,3.904955445319976,-0.4075869564763927,0.7623833671535221
70.0,150.0,140.6323699951172,-2.1256533184603748,1.7913874504541694,-4.921465145438036,-3.032042254476908,-2.5458654929240447,0.8418490111006164,-0.1263063865130635,3.975191829727036,-0.4510944692187897,1.3222620290505078
70.0,150.0,164.7838134765625,-2.201287946000103,2.883458157953075,-4.905830637260957,-3.0350057725369286,-2.524327352940692,0.8633945939224033,-0.171740808340323,4.059535154427085,-0.4070383022576078,1.300570495506068
70.0,150.0,157.8895721435547,-2.151116586352581,1.7765067177928218,-4.954217446239854,-3.688038395004858,-2.586077377730949,0.8144731752930827,-0.6122097261475492,3.624379146848815,-0.454328507982406,0.9702287003031408
70.0,150.0,160.38934326171875,-2.1239526524329047,1.7532778008160277,-4.793683137872873,-2.992665936417859,-3.0883299703921034,0.7444479414625762,-1.0498487622640318,3.959048847339001,-0.7967959506285662,0.7170082799296202
70.0,150.0,139.94009399414062,-2.1249625519960413,2.647465022592172,-4.922554413040449,-3.0175434074719405,-2.489694054616184,0.8292577207293954,-0.5190332063594714,3.9723931283427993,-0.4503137733380253,1.3214450048130568
70.0,150.0,155.30633544921875,-2.110355142561264,1.7355664246072802,-4.897661520156259,-3.0945963635771343,-3.0647722813398968,0.8256285834289196,-1.0204516952792135,4.389633871132414,-0.4667985076585941,0.7287559592886229
70.0,150.0,158.0673828125,-2.13478528945232,1.8441109636686763,-4.929363763692761,-3.1294766675918138,-3.0546509867568057,1.330469986782295,-1.0107985278553162,3.543151829295136,-0.4498499097984712,0.7093224768745058
70.0,150.0,151.25607299804688,-2.172037136009037,1.7295055121999343,-4.886813252907739,-3.044272093932116,-2.527211347557737,0.8736419156014977,-1.0803740810791176,4.326682419773425,-0.4568381444550614,1.020613823807618
70.0,150.0,165.35855102539062,-2.0411344005614884,1.8033887960812784,-4.990096883276585,-3.0271535952284765,-1.9850275875294443,0.7502007915430735,-1.0075749577924853,3.0752222344234887,-0.4467256416415724,1.0584411608503208
70.0,150.0,165.263427734375,-2.025108824505472,1.819420873531608,-4.880777358367313,-3.048511178555349,-3.076473591889685,0.724041054625411,-1.045823708623605,4.79798916193166,-0.408550783489008,0.6991762171530035
70.0,150.0,147.6595916748047,-2.191540710131359,1.7768596351457293,-4.928132938788525,-3.0311465947677627,-2.4551492063965243,0.8559432135813866,-1.0743890442504118,3.948423500283928,-0.4440404965886042,1.3016042613862342
70.0,150.0,160.2692413330078,-1.055922459328694,1.7735920722761906,-4.937958133848109,-1.695201673496223,-3.064020344723154,0.8372423768827528,-1.0608401158966236,4.429729571994304,-0.4561175576200931,0.7202760905369371
70.0,151.0,157.60691833496094,-2.1221509371431435,1.8392303061078088,-4.902514539010984,-3.0864103908050646,-3.0538475418464337,0.8517324402109121,-1.0171489627324086,3.092931355225164,-0.4559853455206131,0.9824460715350812
70.0,151.0,161.15728759765625,-1.9534206856324816,1.7536378394229737,-4.890109816254475,-3.0956079319477503,-3.0662115030366284,0.8279698431872164,-1.019189610828445,4.304919778195342,-0.4515226464921155,0.7024576952550962
70.0,151.0,139.32833862304688,-2.08817131902122,2.674483873195172,-4.922319748061662,-3.0287992714960743,-2.513783286141139,0.8496565177450722,-0.5469923913485679,3.96800845936754,-0.4520489752543011,1.3210823692950004
70.0,151.0,140.0201873779297,-2.119638856146801,2.659114827367397,-4.908051161168608,-3.0298735272823683,-2.4899243684442465,0.8470426465466386,-0.5116793673974819,3.967044459486349,-0.4509050537181907,1.314693515842695
70.0,151.0,141.79917907714844,-2.131607638519989,2.660234824168329,-4.926304155596871,-3.0322193158822293,-2.5068816707304484,0.8347325252682861,-0.0492123369358135,3.959624406964856,-0.452302116852776,1.322530420972145
70.0,151.0,150.95826721191406,-2.1262525097823337,1.7737189882144293,-4.926724315985826,-3.0259742329384216,-2.437463469842107,1.4099652745982325,-1.0262765149084487,3.9233814230264574,-0.4512474950726279,1.609887845109697
70.0,151.0,156.08035278320312,-2.1580996450789263,1.728328627406782,-4.879695436337815,-3.0850529772078543,-3.06587044186364,0.8359929899162684,-1.015638048938622,3.5437633377229565,-0.4462973345896071,0.7233871726910266
70.0,151.0,145.83074951171875,-2.1182021524849444,1.8078905911135548,-4.935700425047287,-2.9794937688851824,-2.4827301949732017,0.8507230196630945,-1.052661683502819,3.970937820545013,-0.4537632926829645,1.6362450208066313
70.0,151.0,142.9798126220703,-2.1220829198845297,1.779816139448701,-4.916527573251591,-3.02469365005042,-2.497106128890054,0.8394429982048441,-1.0497138158275474,3.959478534814511,-0.4503832498699787,1.3264084915991838
70.0,151.0,140.63870239257812,-2.10679926390394,1.7715796026297312,-4.924155837395888,-3.028278571499607,-2.490646394218512,0.841984296736348,-0.5156651528705621,3.973258449190348,-0.4521359260348891,1.3215050127700307
70.0,151.0,138.98626708984375,-2.122239994463263,2.63185765496106,-4.9195193534670585,-3.029889012938088,-2.5117629384482707,0.8366311465001464,-0.1007517043411925,3.9794420877246783,-0.4516665393079001,1.3224713766733718
70.0,151.0,145.51785278320312,-2.126771842195532,1.7670477007423182,-4.9204922003124985,-3.0347375076084453,-2.5383422307312813,0.8687211962592126,-1.0296164895992543,3.981699626098981,-0.4690457710752135,1.3215946527643532
70.0,151.0,139.1177978515625,-2.121924358678077,2.666080249734612,-4.918759838099927,-3.032773542817324,-2.490193648566313,0.8467825409558875,-0.5280131587354278,3.967725551798917,-0.4509176876331131,1.322280599399067
70.0,151.0,143.77976989746094,-2.090505492232815,1.7746837755457456,-4.927630124357569,-3.0560179816904194,-2.484891176152149,0.8273372251040916,-1.050737962835111,3.954398361079628,-0.4518568018256002,1.3213216143176292
70.0,151.0,177.90628051757812,-0.9480992037287066,1.6698462529856726,-4.92126265432442,-3.066282443454009,-3.048841576344093,1.9184003846581128,-1.029547548154336,4.407033002134062,-0.5675828178794807,0.7291447687456702
70.0,151.0,139.63580322265625,-2.119372260988704,2.6781145760428458,-4.920506122562764,-3.0397936692438314,-2.494398408348066,0.8457987608256683,-0.5133320172470748,3.9609241932323305,-0.4493490344732059,1.3242368638695232
70.0,151.0,140.55001831054688,-2.122329315786468,1.802061285371577,-4.931716526883416,-3.0283693764857564,-2.486060058575672,0.8457611210177214,-0.5347108318649818,3.980144941527816,-0.4523532917964609,1.322373004556118
70.0,151.0,149.86083984375,-2.12290973532822,1.7678672280638843,-4.933681346827862,-3.0281690041240785,-2.4860633919118627,0.9010736490337464,-1.0043492977172703,4.342770552392945,-0.4457589969867184,1.2979840525979809
70.0,151.0,155.2960662841797,-2.2266314691725286,1.788375596851226,-4.950584305584922,-3.049071767262101,-2.638683652418841,0.8465118506007967,-0.1054621583886064,4.8594375544309925,-0.4437755791998702,1.355552198023204
70.0,151.0,138.37705993652344,-2.122714904615392,2.670638671875961,-4.919153420636971,-3.031966039581508,-2.5160680906985378,0.846655034123982,-0.1112124613833414,3.97682799674141,-0.4506444637468742,1.3222653053134326
70.0,151.0,141.0843048095703,-2.124149455607269,1.7766151066120937,-4.917168928933022,-2.9731319939279293,-2.4790568065844263,0.8520437271489193,-0.0969474955085968,3.978393913173271,-0.4502242409565731,1.3164611436705125
70.0,151.0,139.24049377441406,-2.122952978603168,2.70020178203428,-4.9094442719968265,-3.03447883586124,-2.4897371704606464,0.8453880164933214,-0.5275536671755963,3.970888576625884,-0.4506163248250027,1.3280531216495697
70.0,151.0,145.9188995361328,-2.1459735504117297,2.596888302384503,-4.919375688355661,-3.0109640771280004,-2.562523617006559,0.3176661651130258,-0.1066196469994336,4.00212132624837,-0.446423268658519,1.3188637483343126
70.0,151.0,153.1660919189453,-2.121447798556532,1.8336876551817392,-4.9380753146679925,-3.094233202647145,-3.0649950223856144,0.8354321701101891,-1.021508757068139,3.955010029302585,-0.4447028575291981,0.7080551592072115
70.0,151.0,142.1283721923828,-2.1192890279676746,1.7984264980446047,-4.92041992272411,-3.023637196291919,-2.4862630705474427,0.8392563093769569,-0.5088082330646075,3.99275164134204,-0.4506043871085918,1.3222941943722175
70.0,151.0,144.48789978027344,-2.141046964113209,1.771880474365917,-4.911381224157521,-3.040130457582591,-2.517262630056656,0.8055665997807893,-1.0369607176572375,3.977882256769657,-0.4549739669163189,1.3219810566530266
70.0,151.0,168.93064880371094,-2.1143543029615848,2.7417360389370447,-4.947112555234055,-2.950462546819259,-2.4983045757484748,0.832187156898341,-0.0723706899640044,3.561794196526201,-0.4126711549953896,1.2696315445852016
70.0,151.0,150.5499267578125,-2.11968739608623,1.755035030369485,-4.927208819748874,-3.0244678618957064,-2.0218319945465275,0.8106048132035997,-1.0135414794231097,3.9867357123238514,-0.4552261932641993,1.349251448476138
70.0,151.0,140.70806884765625,-2.1170765257260005,1.7786727018614492,-4.886691515714032,-3.0032452423189584,-2.490826029221292,0.8457199841861938,-0.5221104655596113,3.970749928697078,-0.4471574466552951,1.3225873864163096
70.0,151.0,143.6717529296875,-2.156491978467087,1.7848226430137946,-4.937289081138338,-3.015584518911508,-2.4952668236488216,0.8392536062907989,-1.048874207228421,3.9749121325547967,-0.4509797059062946,1.3121867831926637
70.0,151.0,142.40072631835938,-2.121646521791928,1.753174757011645,-4.956966705710904,-3.097350806547635,-2.492643860680988,0.8491242490777567,-0.0536979377731923,3.96792452732735,-0.449127038362077,1.3230957434348551
70.0,151.0,139.2125701904297,-2.0926770390765874,2.7235304775360705,-4.9313841083903664,-3.017931850522101,-2.5260119396326184,0.8459250190476252,-0.1097818826242017,3.949801695330146,-0.4503936286766797,1.3222553254924845
70.0,151.0,140.52117919921875,-2.1272497769988306,1.774468940747441,-4.918171862643308,-3.039466282870276,-2.4890347571925453,0.8476899259151214,-0.521753245229758,3.96549093137469,-0.4572526271482879,1.3258236409937911
70.0,151.0,146.584716796875,-2.103115268970947,1.7773525520170366,-4.8991595252982325,-3.0347150506673737,-2.5711874065489764,0.8116258795517473,-1.035978714195854,3.971544582710554,-0.4467989748149475,1.6285298446205214
70.0,151.0,143.8277587890625,-2.1248830858866543,1.7802090878779313,-4.936753072080505,-3.0101865241049657,-1.9782824049959105,0.8420858723207358,-1.0500881416038224,3.96241728300316,-0.4534587791217112,1.321746580187323
70.0,151.0,143.25624084472656,-2.126201498395338,1.776447180426718,-4.911038367938904,-3.0189203841660275,-2.5141724623159933,0.8453948594086856,-1.0516125740393008,3.96882708303868,-0.4538285156769916,1.3222958490239185
70.0,151.0,140.36907958984375,-2.125785489392075,2.62684060952887,-4.916112042545208,-3.031216560777274,-2.492580087886872,0.8468719105633098,-0.5412703102721901,3.967306470290896,-0.4520281487904105,1.3057950799848492
70.0,151.0,155.14508056640625,-2.144416528898283,1.7532622941419214,-4.910340166670732,-3.045212005694971,-1.9538792327145715,0.8337103093690844,-1.0439633387742353,3.904955445319976,-0.4075869564763927,0.7623833671535221
70.0,151.0,140.6323699951172,-2.1256533184603748,1.7913874504541694,-4.921465145438036,-3.032042254476908,-2.5458654929240447,0.8418490111006164,-0.1263063865130635,3.975191829727036,-0.4510944692187897,1.3222620290505078
70.0,151.0,164.7838134765625,-2.201287946000103,2.883458157953075,-4.905830637260957,-3.0350057725369286,-2.524327352940692,0.8633945939224033,-0.171740808340323,4.059535154427085,-0.4070383022576078,1.300570495506068
70.0,151.0,157.8895721435547,-2.151116586352581,1.7765067177928218,-4.954217446239854,-3.688038395004858,-2.586077377730949,0.8144731752930827,-0.6122097261475492,3.624379146848815,-0.454328507982406,0.9702287003031408
70.0,151.0,160.38934326171875,-2.1239526524329047,1.7532778008160277,-4.793683137872873,-2.992665936417859,-3.0883299703921034,0.7444479414625762,-1.0498487622640318,3.959048847339001,-0.7967959506285662,0.7170082799296202
70.0,151.0,139.94009399414062,-2.1249625519960413,2.647465022592172,-4.922554413040449,-3.0175434074719405,-2.489694054616184,0.8292577207293954,-0.5190332063594714,3.9723931283427993,-0.4503137733380253,1.3214450048130568
70.0,151.0,155.30633544921875,-2.110355142561264,1.7355664246072802,-4.897661520156259,-3.0945963635771343,-3.0647722813398968,0.8256285834289196,-1.0204516952792135,4.389633871132414,-0.4667985076585941,0.7287559592886229
70.0,151.0,158.0673828125,-2.13478528945232,1.8441109636686763,-4.929363763692761,-3.1294766675918138,-3.0546509867568057,1.330469986782295,-1.0107985278553162,3.543151829295136,-0.4498499097984712,0.7093224768745058
70.0,151.0,151.25607299804688,-2.172037136009037,1.7295055121999343,-4.886813252907739,-3.044272093932116,-2.527211347557737,0.8736419156014977,-1.0803740810791176,4.326682419773425,-0.4568381444550614,1.020613823807618
70.0,151.0,165.35855102539062,-2.0411344005614884,1.8033887960812784,-4.990096883276585,-3.0271535952284765,-1.9850275875294443,0.7502007915430735,-1.0075749577924853,3.0752222344234887,-0.4467256416415724,1.0584411608503208
70.0,151.0,165.263427734375,-2.025108824505472,1.819420873531608,-4.880777358367313,-3.048511178555349,-3.076473591889685,0.724041054625411,-1.045823708623605,4.79798916193166,-0.408550783489008,0.6991762171530035
70.0,151.0,147.6595916748047,-2.191540710131359,1.7768596351457293,-4.928132938788525,-3.0311465947677627,-2.4551492063965243,0.8559432135813866,-1.0743890442504118,3.948423500283928,-0.4440404965886042,1.3016042613862342
70.0,151.0,160.2692413330078,-1.055922459328694,1.7735920722761906,-4.937958133848109,-1.695201673496223,-3.064020344723154,0.8372423768827528,-1.0608401158966236,4.429729571994304,-0.4561175576200931,0.7202760905369371
70.0,152.0,157.60691833496094,-2.1221509371431435,1.8392303061078088,-4.902514539010984,-3.0864103908050646,-3.0538475418464337,0.8517324402109121,-1.0171489627324086,3.092931355225164,-0.4559853455206131,0.9824460715350812
70.0,152.0,161.15728759765625,-1.9534206856324816,1.7536378394229737,-4.890109816254475,-3.0956079319477503,-3.0662115030366284,0.8279698431872164,-1.019189610828445,4.304919778195342,-0.4515226464921155,0.7024576952550962
70.0,152.0,139.32833862304688,-2.08817131902122,2.674483873195172,-4.922319748061662,-3.0287992714960743,-2.513783286141139,0.8496565177450722,-0.5469923913485679,3.96800845936754,-0.4520489752543011,1.3210823692950004
70.0,152.0,140.0201873779297,-2.119638856146801,2.659114827367397,-4.908051161168608,-3.0298735272823683,-2.4899243684442465,0.8470426465466386,-0.5116793673974819,3.967044459486349,-0.4509050537181907,1.314693515842695
70.0,152.0,141.79917907714844,-2.131607638519989,2.660234824168329,-4.926304155596871,-3.0322193158822293,-2.5068816707304484,0.8347325252682861,-0.0492123369358135,3.959624406964856,-0.452302116852776,1.322530420972145
70.0,152.0,150.95826721191406,-2.1262525097823337,1.7737189882144293,-4.926724315985826,-3.0259742329384216,-2.437463469842107,1.4099652745982325,-1.0262765149084487,3.9233814230264574,-0.4512474950726279,1.609887845109697
70.0,152.0,156.08035278320312,-2.1580996450789263,1.728328627406782,-4.879695436337815,-3.0850529772078543,-3.06587044186364,0.8359929899162684,-1.015638048938622,3.5437633377229565,-0.4462973345896071,0.7233871726910266
70.0,152.0,145.83074951171875,-2.1182021524849444,1.8078905911135548,-4.935700425047287,-2.9794937688851824,-2.4827301949732017,0.8507230196630945,-1.052661683502819,3.970937820545013,-0.4537632926829645,1.6362450208066313
70.0,152.0,142.9798126220703,-2.1220829198845297,1.779816139448701,-4.916527573251591,-3.02469365005042,-2.497106128890054,0.8394429982048441,-1.0497138158275474,3.959478534814511,-0.4503832498699787,1.3264084915991838
70.0,152.0,140.63870239257812,-2.10679926390394,1.7715796026297312,-4.924155837395888,-3.028278571499607,-2.490646394218512,0.841984296736348,-0.5156651528705621,3.973258449190348,-0.4521359260348891,1.3215050127700307
70.0,152.0,138.87648010253906,-2.122603672139402,2.6406613429613683,-4.919273354377118,-3.0312719253415388,-2.5196716950640403,0.8349089881756702,-0.1028582543773234,3.9784682049592193,-0.4516479939025212,1.3224471635293653
70.0,152.0,145.51785278320312,-2.126771842195532,1.7670477007423182,-4.9204922003124985,-3.0347375076084453,-2.5383422307312813,0.8687211962592126,-1.0296164895992543,3.981699626098981,-0.4690457710752135,1.3215946527643532
70.0,152.0,139.1177978515625,-2.121924358678077,2.666080249734612,-4.918759838099927,-3.032773542817324,-2.490193648566313,0.8467825409558875,-0.5280131587354278,3.967725551798917,-0.4509176876331131,1.322280599399067
70.0,152.0,143.77976989746094,-2.090505492232815,1.7746837755457456,-4.927630124357569,-3.0560179816904194,-2.484891176152149,0.8273372251040916,-1.050737962835111,3.954398361079628,-0.4518568018256002,1.3213216143176292
70.0,152.0,177.90628051757812,-0.9480992037287066,1.6698462529856726,-4.92126265432442,-3.066282443454009,-3.048841576344093,1.9184003846581128,-1.029547548154336,4.407033002134062,-0.5675828178794807,0.7291447687456702
70.0,152.0,139.0986328125,-2.1202190005297328,2.6603767719328872,-4.916272184909012,-3.0271665075345195,-2.4963317830343765,0.8464306060483866,-0.5381178853507051,3.963408351432082,-0.448809909078135,1.3141410195988157
70.0,152.0,140.55001831054688,-2.122329315786468,1.802061285371577,-4.931716526883416,-3.0283693764857564,-2.486060058575672,0.8457611210177214,-0.5347108318649818,3.980144941527816,-0.4523532917964609,1.322373004556118
70.0,152.0,149.86083984375,-2.12290973532822,1.7678672280638843,-4.933681346827862,-3.0281690041240785,-2.4860633919118627,0.9010736490337464,-1.0043492977172703,4.342770552392945,-0.4457589969867184,1.2979840525979809
70.0,152.0,155.2960662841797,-2.2266314691725286,1.788375596851226,-4.950584305584922,-3.049071767262101,-2.638683652418841,0.8465118506007967,-0.1054621583886064,4.8594375544309925,-0.4437755791998702,1.355552198023204
70.0,152.0,138.37705993652344,-2.122714904615392,2.670638671875961,-4.919153420636971,-3.031966039581508,-2.5160680906985378,0.846655034123982,-0.1112124613833414,3.97682799674141,-0.4506444637468742,1.3222653053134326
70.0,152.0,141.0843048095703,-2.124149455607269,1.7766151066120937,-4.917168928933022,-2.9731319939279293,-2.4790568065844263,0.8520437271489193,-0.0969474955085968,3.978393913173271,-0.4502242409565731,1.3164611436705125
70.0,152.0,139.24049377441406,-2.122952978603168,2.70020178203428,-4.9094442719968265,-3.03447883586124,-2.4897371704606464,0.8453880164933214,-0.5275536671755963,3.970888576625884,-0.4506163248250027,1.3280531216495697
70.0,152.0,145.9188995361328,-2.1459735504117297,2.596888302384503,-4.919375688355661,-3.0109640771280004,-2.562523617006559,0.3176661651130258,-0.1066196469994336,4.00212132624837,-0.446423268658519,1.3188637483343126
70.0,152.0,153.1660919189453,-2.121447798556532,1.8336876551817392,-4.9380753146679925,-3.094233202647145,-3.0649950223856144,0.8354321701101891,-1.021508757068139,3.955010029302585,-0.4447028575291981,0.7080551592072115
70.0,152.0,142.1283721923828,-2.1192890279676746,1.7984264980446047,-4.92041992272411,-3.023637196291919,-2.4862630705474427,0.8392563093769569,-0.5088082330646075,3.99275164134204,-0.4506043871085918,1.3222941943722175
70.0,152.0,144.48789978027344,-2.141046964113209,1.771880474365917,-4.911381224157521,-3.040130457582591,-2.517262630056656,0.8055665997807893,-1.0369607176572375,3.977882256769657,-0.4549739669163189,1.3219810566530266
70.0,152.0,168.93064880371094,-2.1143543029615848,2.7417360389370447,-4.947112555234055,-2.950462546819259,-2.4983045757484748,0.832187156898341,-0.0723706899640044,3.561794196526201,-0.4126711549953896,1.2696315445852016
70.0,152.0,150.5499267578125,-2.11968739608623,1.755035030369485,-4.927208819748874,-3.0244678618957064,-2.0218319945465275,0.8106048132035997,-1.0135414794231097,3.9867357123238514,-0.4552261932641993,1.349251448476138
70.0,152.0,140.70806884765625,-2.1170765257260005,1.7786727018614492,-4.886691515714032,-3.0032452423189584,-2.490826029221292,0.8457199841861938,-0.5221104655596113,3.970749928697078,-0.4471574466552951,1.3225873864163096
70.0,152.0,143.6717529296875,-2.156491978467087,1.7848226430137946,-4.937289081138338,-3.015584518911508,-2.4952668236488216,0.8392536062907989,-1.048874207228421,3.9749121325547967,-0.4509797059062946,1.3121867831926637
70.0,152.0,142.40072631835938,-2.121646521791928,1.753174757011645,-4.956966705710904,-3.097350806547635,-2.492643860680988,0.8491242490777567,-0.0536979377731923,3.96792452732735,-0.449127038362077,1.3230957434348551
70.0,152.0,139.2125701904297,-2.0926770390765874,2.7235304775360705,-4.9313841083903664,-3.017931850522101,-2.5260119396326184,0.8459250190476252,-0.1097818826242017,3.949801695330146,-0.4503936286766797,1.3222553254924845
70.0,152.0,140.52117919921875,-2.1272497769988306,1.774468940747441,-4.918171862643308,-3.039466282870276,-2.4890347571925453,0.8476899259151214,-0.521753245229758,3.96549093137469,-0.4572526271482879,1.3258236409937911
70.0,152.0,146.584716796875,-2.103115268970947,1.7773525520170366,-4.8991595252982325,-3.0347150506673737,-2.5711874065489764,0.8116258795517473,-1.035978714195854,3.971544582710554,-0.4467989748149475,1.6285298446205214
70.0,152.0,143.8277587890625,-2.1248830858866543,1.7802090878779313,-4.936753072080505,-3.0101865241049657,-1.9782824049959105,0.8420858723207358,-1.0500881416038224,3.96241728300316,-0.4534587791217112,1.321746580187323
70.0,152.0,143.25624084472656,-2.126201498395338,1.776447180426718,-4.911038367938904,-3.0189203841660275,-2.5141724623159933,0.8453948594086856,-1.0516125740393008,3.96882708303868,-0.4538285156769916,1.3222958490239185
70.0,152.0,140.36907958984375,-2.125785489392075,2.62684060952887,-4.916112042545208,-3.031216560777274,-2.492580087886872,0.8468719105633098,-0.5412703102721901,3.967306470290896,-0.4520281487904105,1.3057950799848492
70.0,152.0,155.14508056640625,-2.144416528898283,1.7532622941419214,-4.910340166670732,-3.045212005694971,-1.9538792327145715,0.8337103093690844,-1.0439633387742353,3.904955445319976,-0.4075869564763927,0.7623833671535221
70.0,152.0,140.6323699951172,-2.1256533184603748,1.7913874504541694,-4.921465145438036,-3.032042254476908,-2.5458654929240447,0.8418490111006164,-0.1263063865130635,3.975191829727036,-0.4510944692187897,1.3222620290505078
70.0,152.0,164.7838134765625,-2.201287946000103,2.883458157953075,-4.905830637260957,-3.0350057725369286,-2.524327352940692,0.8633945939224033,-0.171740808340323,4.059535154427085,-0.4070383022576078,1.300570495506068
70.0,152.0,157.8895721435547,-2.151116586352581,1.7765067177928218,-4.954217446239854,-3.688038395004858,-2.586077377730949,0.8144731752930827,-0.6122097261475492,3.624379146848815,-0.454328507982406,0.9702287003031408
70.0,152.0,160.38934326171875,-2.1239526524329047,1.7532778008160277,-4.793683137872873,-2.992665936417859,-3.0883299703921034,0.7444479414625762,-1.0498487622640318,3.959048847339001,-0.7967959506285662,0.7170082799296202
70.0,152.0,139.94009399414062,-2.1249625519960413,2.647465022592172,-4.922554413040449,-3.0175434074719405,-2.489694054616184,0.8292577207293954,-0.5190332063594714,3.9723931283427993,-0.4503137733380253,1.3214450048130568
70.0,152.0,155.30633544921875,-2.110355142561264,1.7355664246072802,-4.897661520156259,-3.0945963635771343,-3.0647722813398968,0.8256285834289196,-1.0204516952792135,4.389633871132414,-0.4667985076585941,0.7287559592886229
70.0,152.0,158.0673828125,-2.13478528945232,1.8441109636686763,-4.929363763692761,-3.1294766675918138,-3.0546509867568057,1.330469986782295,-1.0107985278553162,3.543151829295136,-0.4498499097984712,0.7093224768745058
70.0,152.0,151.25607299804688,-2.172037136009037,1.7295055121999343,-4.886813252907739,-3.044272093932116,-2.527211347557737,0.8736419156014977,-1.0803740810791176,4.326682419773425,-0.4568381444550614,1.020613823807618
70.0,152.0,165.35855102539062,-2.0411344005614884,1.8033887960812784,-4.990096883276585,-3.0271535952284765,-1.9850275875294443,0.7502007915430735,-1.0075749577924853,3.0752222344234887,-0.4467256416415724,1.0584411608503208
70.0,152.0,165.263427734375,-2.025108824505472,1.819420873531608,-4.880777358367313,-3.048511178555349,-3.076473591889685,0.724041054625411,-1.045823708623605,4.79798916193166,-0.408550783489008,0.6991762171530035
70.0,152.0,147.6595916748047,-2.191540710131359,1.7768596351457293,-4.928132938788525,-3.0311465947677627,-2.4551492063965243,0.8559432135813866,-1.0743890442504118,3.948423500283928,-0.4440404965886042,1.3016042613862342
70.0,152.0,160.2692413330078,-1.055922459328694,1.7735920722761906,-4.937958133848109,-1.695201673496223,-3.064020344723154,0.8372423768827528,-1.0608401158966236,4.429729571994304,-0.4561175576200931,0.7202760905369371
70.0,153.0,157.60691833496094,-2.1221509371431435,1.8392303061078088,-4.902514539010984,-3.0864103908050646,-3.0538475418464337,0.8517324402109121,-1.0171489627324086,3.092931355225164,-0.4559853455206131,0.9824460715350812
70.0,153.0,161.15728759765625,-1.9534206856324816,1.7536378394229737,-4.890109816254475,-3.0956079319477503,-3.0662115030366284,0.8279698431872164,-1.019189610828445,4.304919778195342,-0.4515226464921155,0.7024576952550962
70.0,153.0,139.32833862304688,-2.08817131902122,2.674483873195172,-4.922319748061662,-3.0287992714960743,-2.513783286141139,0.8496565177450722,-0.5469923913485679,3.96800845936754,-0.4520489752543011,1.3210823692950004
70.0,153.0,140.0201873779297,-2.119638856146801,2.659114827367397,-4.908051161168608,-3.0298735272823683,-2.4899243684442465,0.8470426465466386,-0.5116793673974819,3.967044459486349,-0.4509050537181907,1.314693515842695
70.0,153.0,141.79917907714844,-2.131607638519989,2.660234824168329,-4.926304155596871,-3.0322193158822293,-2.5068816707304484,0.8347325252682861,-0.0492123369358135,3.959624406964856,-0.452302116852776,1.322530420972145
70.0,153.0,150.95826721191406,-2.1262525097823337,1.7737189882144293,-4.926724315985826,-3.0259742329384216,-2.437463469842107,1.4099652745982325,-1.0262765149084487,3.9233814230264574,-0.4512474950726279,1.609887845109697
70.0,153.0,156.08035278320312,-2.1580996450789263,1.728328627406782,-4.879695436337815,-3.0850529772078543,-3.06587044186364,0.8359929899162684,-1.015638048938622,3.5437633377229565,-0.4462973345896071,0.7233871726910266
70.0,153.0,145.83074951171875,-2.1182021524849444,1.8078905911135548,-4.935700425047287,-2.9794937688851824,-2.4827301949732017,0.8507230196630945,-1.052661683502819,3.970937820545013,-0.4537632926829645,1.6362450208066313
70.0,153.0,142.9798126220703,-2.1220829198845297,1.779816139448701,-4.916527573251591,-3.02469365005042,-2.497106128890054,0.8394429982048441,-1.0497138158275474,3.959478534814511,-0.4503832498699787,1.3264084915991838
70.0,153.0,140.63870239257812,-2.10679926390394,1.7715796026297312,-4.924155837395888,-3.028278571499607,-2.490646394218512,0.841984296736348,-0.5156651528705621,3.973258449190348,-0.4521359260348891,1.3215050127700307
70.0,153.0,138.87648010253906,-2.122603672139402,2.6406613429613683,-4.919273354377118,-3.0312719253415388,-2.5196716950640403,0.8349089881756702,-0.1028582543773234,3.9784682049592193,-0.4516479939025212,1.3224471635293653
70.0,153.0,145.51785278320312,-2.126771842195532,1.7670477007423182,-4.9204922003124985,-3.0347375076084453,-2.5383422307312813,0.8687211962592126,-1.0296164895992543,3.981699626098981,-0.4690457710752135,1.3215946527643532
70.0,153.0,139.1177978515625,-2.121924358678077,2.666080249734612,-4.918759838099927,-3.032773542817324,-2.490193648566313,0.8467825409558875,-0.5280131587354278,3.967725551798917,-0.4509176876331131,1.322280599399067
70.0,153.0,143.77976989746094,-2.090505492232815,1.7746837755457456,-4.927630124357569,-3.0560179816904194,-2.484891176152149,0.8273372251040916,-1.050737962835111,3.954398361079628,-0.4518568018256002,1.3213216143176292
70.0,153.0,177.90628051757812,-0.9480992037287066,1.6698462529856726,-4.92126265432442,-3.066282443454009,-3.048841576344093,1.9184003846581128,-1.029547548154336,4.407033002134062,-0.5675828178794807,0.7291447687456702
70.0,153.0,139.0986328125,-2.1202190005297328,2.6603767719328872,-4.916272184909012,-3.0271665075345195,-2.4963317830343765,0.8464306060483866,-0.5381178853507051,3.963408351432082,-0.448809909078135,1.3141410195988157
70.0,153.0,140.55001831054688,-2.122329315786468,1.802061285371577,-4.931716526883416,-3.0283693764857564,-2.486060058575672,0.8457611210177214,-0.5347108318649818,3.980144941527816,-0.4523532917964609,1.322373004556118
70.0,153.0,149.86083984375,-2.12290973532822,1.7678672280638843,-4.933681346827862,-3.0281690041240785,-2.4860633919118627,0.9010736490337464,-1.0043492977172703,4.342770552392945,-0.4457589969867184,1.2979840525979809
70.0,153.0,155.2960662841797,-2.2266314691725286,1.788375596851226,-4.950584305584922,-3.049071767262101,-2.638683652418841,0.8465118506007967,-0.1054621583886064,4.8594375544309925,-0.4437755791998702,1.355552198023204
70.0,153.0,138.37705993652344,-2.122714904615392,2.670638671875961,-4.919153420636971,-3.031966039581508,-2.5160680906985378,0.846655034123982,-0.1112124613833414,3.97682799674141,-0.4506444637468742,1.3222653053134326
70.0,153.0,140.61312866210938,-2.1234019881184123,2.677710767995356,-4.917797542887788,-2.9783745883737667,-2.5303894728137624,0.8484412872001629,-0.1309051493283523,3.979163878847315,-0.4499652478270182,1.3211772841483735
70.0,153.0,139.24049377441406,-2.122952978603168,2.70020178203428,-4.9094442719968265,-3.03447883586124,-2.4897371704606464,0.8453880164933214,-0.5275536671755963,3.970888576625884,-0.4506163248250027,1.3280531216495697
70.0,153.0,145.9188995361328,-2.1459735504117297,2.596888302384503,-4.919375688355661,-3.0109640771280004,-2.562523617006559,0.3176661651130258,-0.1066196469994336,4.00212132624837,-0.446423268658519,1.3188637483343126
70.0,153.0,153.1660919189453,-2.121447798556532,1.8336876551817392,-4.9380753146679925,-3.094233202647145,-3.0649950223856144,0.8354321701101891,-1.021508757068139,3.955010029302585,-0.4447028575291981,0.7080551592072115
70.0,153.0,142.1283721923828,-2.1192890279676746,1.7984264980446047,-4.92041992272411,-3.023637196291919,-2.4862630705474427,0.8392563093769569,-0.5088082330646075,3.99275164134204,-0.4506043871085918,1.3222941943722175
70.0,153.0,144.48789978027344,-2.141046964113209,1.771880474365917,-4.911381224157521,-3.040130457582591,-2.517262630056656,0.8055665997807893,-1.0369607176572375,3.977882256769657,-0.4549739669163189,1.3219810566530266
70.0,153.0,168.93064880371094,-2.1143543029615848,2.7417360389370447,-4.947112555234055,-2.950462546819259,-2.4983045757484748,0.832187156898341,-0.0723706899640044,3.561794196526201,-0.4126711549953896,1.2696315445852016
70.0,153.0,150.5499267578125,-2.11968739608623,1.755035030369485,-4.927208819748874,-3.0244678618957064,-2.0218319945465275,0.8106048132035997,-1.0135414794231097,3.9867357123238514,-0.4552261932641993,1.349251448476138
70.0,153.0,140.70806884765625,-2.1170765257260005,1.7786727018614492,-4.886691515714032,-3.0032452423189584,-2.490826029221292,0.8457199841861938,-0.5221104655596113,3.970749928697078,-0.4471574466552951,1.3225873864163096
70.0,153.0,143.6717529296875,-2.156491978467087,1.7848226430137946,-4.937289081138338,-3.015584518911508,-2.4952668236488216,0.8392536062907989,-1.048874207228421,3.9749121325547967,-0.4509797059062946,1.3121867831926637
70.0,153.0,141.05267333984375,-2.121848019212392,1.7590523162988032,-4.914678545065333,-3.0100001957880185,-2.543847107423552,0.8479043760340417,-0.1306946964522595,3.969737562813699,-0.450473326203524,1.3166435210568757
70.0,153.0,139.2125701904297,-2.0926770390765874,2.7235304775360705,-4.9313841083903664,-3.017931850522101,-2.5260119396326184,0.8459250190476252,-0.1097818826242017,3.949801695330146,-0.4503936286766797,1.3222553254924845
70.0,153.0,140.52117919921875,-2.1272497769988306,1.774468940747441,-4.918171862643308,-3.039466282870276,-2.4890347571925453,0.8476899259151214,-0.521753245229758,3.96549093137469,-0.4572526271482879,1.3258236409937911
70.0,153.0,146.584716796875,-2.103115268970947,1.7773525520170366,-4.8991595252982325,-3.0347150506673737,-2.5711874065489764,0.8116258795517473,-1.035978714195854,3.971544582710554,-0.4467989748149475,1.6285298446205214
70.0,153.0,143.8277587890625,-2.1248830858866543,1.7802090878779313,-4.936753072080505,-3.0101865241049657,-1.9782824049959105,0.8420858723207358,-1.0500881416038224,3.96241728300316,-0.4534587791217112,1.321746580187323
70.0,153.0,143.25624084472656,-2.126201498395338,1.776447180426718,-4.911038367938904,-3.0189203841660275,-2.5141724623159933,0.8453948594086856,-1.0516125740393008,3.96882708303868,-0.4538285156769916,1.3222958490239185
70.0,153.0,140.36907958984375,-2.125785489392075,2.62684060952887,-4.916112042545208,-3.031216560777274,-2.492580087886872,0.8468719105633098,-0.5412703102721901,3.967306470290896,-0.4520281487904105,1.3057950799848492
70.0,153.0,155.14508056640625,-2.144416528898283,1.7532622941419214,-4.910340166670732,-3.045212005694971,-1.9538792327145715,0.8337103093690844,-1.0439633387742353,3.904955445319976,-0.4075869564763927,0.7623833671535221
70.0,153.0,140.6323699951172,-2.1256533184603748,1.7913874504541694,-4.921465145438036,-3.032042254476908,-2.5458654929240447,0.8418490111006164,-0.1263063865130635,3.975191829727036,-0.4510944692187897,1.3222620290505078
70.0,153.0,164.7838134765625,-2.201287946000103,2.883458157953075,-4.905830637260957,-3.0350057725369286,-2.524327352940692,0.8633945939224033,-0.171740808340323,4.059535154427085,-0.4070383022576078,1.300570495506068
70.0,153.0,157.8895721435547,-2.151116586352581,1.7765067177928218,-4.954217446239854,-3.688038395004858,-2.586077377730949,0.8144731752930827,-0.6122097261475492,3.624379146848815,-0.454328507982406,0.9702287003031408
70.0,153.0,160.38934326171875,-2.1239526524329047,1.7532778008160277,-4.793683137872873,-2.992665936417859,-3.0883299703921034,0.7444479414625762,-1.0498487622640318,3.959048847339001,-0.7967959506285662,0.7170082799296202
70.0,153.0,139.94009399414062,-2.1249625519960413,2.647465022592172,-4.922554413040449,-3.0175434074719405,-2.489694054616184,0.8292577207293954,-0.5190332063594714,3.9723931283427993,-0.4503137733380253,1.3214450048130568
70.0,153.0,155.30633544921875,-2.110355142561264,1.7355664246072802,-4.897661520156259,-3.0945963635771343,-3.0647722813398968,0.8256285834289196,-1.0204516952792135,4.389633871132414,-0.4667985076585941,0.7287559592886229
70.0,153.0,158.0673828125,-2.13478528945232,1.8441109636686763,-4.929363763692761,-3.1294766675918138,-3.0546509867568057,1.330469986782295,-1.0107985278553162,3.543151829295136,-0.4498499097984712,0.7093224768745058
70.0,153.0,151.25607299804688,-2.172037136009037,1.7295055121999343,-4.886813252907739,-3.044272093932116,-2.527211347557737,0.8736419156014977,-1.0803740810791176,4.326682419773425,-0.4568381444550614,1.020613823807618
70.0,153.0,165.35855102539062,-2.0411344005614884,1.8033887960812784,-4.990096883276585,-3.0271535952284765,-1.9850275875294443,0.7502007915430735,-1.0075749577924853,3.0752222344234887,-0.4467256416415724,1.0584411608503208
70.0,153.0,165.263427734375,-2.025108824505472,1.819420873531608,-4.880777358367313,-3.048511178555349,-3.076473591889685,0.724041054625411,-1.045823708623605,4.79798916193166,-0.408550783489008,0.6991762171530035
70.0,153.0,147.6595916748047,-2.191540710131359,1.7768596351457293,-4.928132938788525,-3.0311465947677627,-2.4551492063965243,0.8559432135813866,-1.0743890442504118,3.948423500283928,-0.4440404965886042,1.3016042613862342
70.0,153.0,160.2692413330078,-1.055922459328694,1.7735920722761906,-4.937958133848109,-1.695201673496223,-3.064020344723154,0.8372423768827528,-1.0608401158966236,4.429729571994304,-0.4561175576200931,0.7202760905369371
70.0,154.0,157.60691833496094,-2.1221509371431435,1.8392303061078088,-4.902514539010984,-3.0864103908050646,-3.0538475418464337,0.8517324402109121,-1.0171489627324086,3.092931355225164,-0.4559853455206131,0.9824460715350812
70.0,154.0,161.15728759765625,-1.9534206856324816,1.7536378394229737,-4.890109816254475,-3.0956079319477503,-3.0662115030366284,0.8279698431872164,-1.019189610828445,4.304919778195342,-0.4515226464921155,0.7024576952550962
70.0,154.0,139.32833862304688,-2.08817131902122,2.674483873195172,-4.922319748061662,-3.0287992714960743,-2.513783286141139,0.8496565177450722,-0.5469923913485679,3.96800845936754,-0.4520489752543011,1.3210823692950004
70.0,154.0,139.5731658935547,-2.1198360300836963,2.689085994507524,-4.909377199846109,-3.030862694289888,-2.534973617837269,0.8475450179372452,-0.5385227267409995,3.974292005461645,-0.4513739637226254,1.3228814343240978
70.0,154.0,141.79917907714844,-2.131607638519989,2.660234824168329,-4.926304155596871,-3.0322193158822293,-2.5068816707304484,0.8347325252682861,-0.0492123369358135,3.959624406964856,-0.452302116852776,1.322530420972145
70.0,154.0,150.95826721191406,-2.1262525097823337,1.7737189882144293,-4.926724315985826,-3.0259742329384216,-2.437463469842107,1.4099652745982325,-1.0262765149084487,3.9233814230264574,-0.4512474950726279,1.609887845109697
70.0,154.0,156.08035278320312,-2.1580996450789263,1.728328627406782,-4.879695436337815,-3.0850529772078543,-3.06587044186364,0.8359929899162684,-1.015638048938622,3.5437633377229565,-0.4462973345896071,0.7233871726910266
70.0,154.0,145.83074951171875,-2.1182021524849444,1.8078905911135548,-4.935700425047287,-2.9794937688851824,-2.4827301949732017,0.8507230196630945,-1.052661683502819,3.970937820545013,-0.4537632926829645,1.6362450208066313
70.0,154.0,142.9798126220703,-2.1220829198845297,1.779816139448701,-4.916527573251591,-3.02469365005042,-2.497106128890054,0.8394429982048441,-1.0497138158275474,3.959478534814511,-0.4503832498699787,1.3264084915991838
70.0,154.0,140.63870239257812,-2.10679926390394,1.7715796026297312,-4.924155837395888,-3.028278571499607,-2.490646394218512,0.841984296736348,-0.5156651528705621,3.973258449190348,-0.4521359260348891,1.3215050127700307
70.0,154.0,138.5437469482422,-2.1226993610039835,2.661971870663121,-4.9192209442591865,-3.03222318750818,-2.5154874941589047,0.8265623512677722,-0.1060191056491945,3.97688493465083,-0.4517489829805712,1.3221933508976933
70.0,154.0,145.51785278320312,-2.126771842195532,1.7670477007423182,-4.9204922003124985,-3.0347375076084453,-2.5383422307312813,0.8687211962592126,-1.0296164895992543,3.981699626098981,-0.4690457710752135,1.3215946527643532
70.0,154.0,139.1177978515625,-2.121924358678077,2.666080249734612,-4.918759838099927,-3.032773542817324,-2.490193648566313,0.8467825409558875,-0.5280131587354278,3.967725551798917,-0.4509176876331131,1.322280599399067
70.0,154.0,143.77976989746094,-2.090505492232815,1.7746837755457456,-4.927630124357569,-3.0560179816904194,-2.484891176152149,0.8273372251040916,-1.050737962835111,3.954398361079628,-0.4518568018256002,1.3213216143176292
70.0,154.0,177.90628051757812,-0.9480992037287066,1.6698462529856726,-4.92126265432442,-3.066282443454009,-3.048841576344093,1.9184003846581128,-1.029547548154336,4.407033002134062,-0.5675828178794807,0.7291447687456702
70.0,154.0,139.0986328125,-2.1202190005297328,2.6603767719328872,-4.916272184909012,-3.0271665075345195,-2.4963317830343765,0.8464306060483866,-0.5381178853507051,3.963408351432082,-0.448809909078135,1.3141410195988157
70.0,154.0,140.55001831054688,-2.122329315786468,1.802061285371577,-4.931716526883416,-3.0283693764857564,-2.486060058575672,0.8457611210177214,-0.5347108318649818,3.980144941527816,-0.4523532917964609,1.322373004556118
70.0,154.0,149.86083984375,-2.12290973532822,1.7678672280638843,-4.933681346827862,-3.0281690041240785,-2.4860633919118627,0.9010736490337464,-1.0043492977172703,4.342770552392945,-0.4457589969867184,1.2979840525979809
70.0,154.0,155.2960662841797,-2.2266314691725286,1.788375596851226,-4.950584305584922,-3.049071767262101,-2.638683652418841,0.8465118506007967,-0.1054621583886064,4.8594375544309925,-0.4437755791998702,1.355552198023204
70.0,154.0,138.37705993652344,-2.122714904615392,2.670638671875961,-4.919153420636971,-3.031966039581508,-2.5160680906985378,0.846655034123982,-0.1112124613833414,3.97682799674141,-0.4506444637468742,1.3222653053134326
70.0,154.0,140.61312866210938,-2.1234019881184123,2.677710767995356,-4.917797542887788,-2.9783745883737667,-2.5303894728137624,0.8484412872001629,-0.1309051493283523,3.979163878847315,-0.4499652478270182,1.3211772841483735
70.0,154.0,139.24049377441406,-2.122952978603168,2.70020178203428,-4.9094442719968265,-3.03447883586124,-2.4897371704606464,0.8453880164933214,-0.5275536671755963,3.970888576625884,-0.4506163248250027,1.3280531216495697
70.0,154.0,145.9188995361328,-2.1459735504117297,2.596888302384503,-4.919375688355661,-3.0109640771280004,-2.562523617006559,0.3176661651130258,-0.1066196469994336,4.00212132624837,-0.446423268658519,1.3188637483343126
70.0,154.0,153.1660919189453,-2.121447798556532,1.8336876551817392,-4.9380753146679925,-3.094233202647145,-3.0649950223856144,0.8354321701101891,-1.021508757068139,3.955010029302585,-0.4447028575291981,0.7080551592072115
70.0,154.0,142.1283721923828,-2.1192890279676746,1.7984264980446047,-4.92041992272411,-3.023637196291919,-2.4862630705474427,0.8392563093769569,-0.5088082330646075,3.99275164134204,-0.4506043871085918,1.3222941943722175
70.0,154.0,144.48789978027344,-2.141046964113209,1.771880474365917,-4.911381224157521,-3.040130457582591,-2.517262630056656,0.8055665997807893,-1.0369607176572375,3.977882256769657,-0.4549739669163189,1.3219810566530266
70.0,154.0,168.93064880371094,-2.1143543029615848,2.7417360389370447,-4.947112555234055,-2.950462546819259,-2.4983045757484748,0.832187156898341,-0.0723706899640044,3.561794196526201,-0.4126711549953896,1.2696315445852016
70.0,154.0,150.5499267578125,-2.11968739608623,1.755035030369485,-4.927208819748874,-3.0244678618957064,-2.0218319945465275,0.8106048132035997,-1.0135414794231097,3.9867357123238514,-0.4552261932641993,1.349251448476138
70.0,154.0,140.70806884765625,-2.1170765257260005,1.7786727018614492,-4.886691515714032,-3.0032452423189584,-2.490826029221292,0.8457199841861938,-0.5221104655596113,3.970749928697078,-0.4471574466552951,1.3225873864163096
70.0,154.0,143.6717529296875,-2.156491978467087,1.7848226430137946,-4.937289081138338,-3.015584518911508,-2.4952668236488216,0.8392536062907989,-1.048874207228421,3.9749121325547967,-0.4509797059062946,1.3121867831926637
70.0,154.0,140.90138244628906,-2.121863517848713,2.585209060388152,-4.918909906648255,-3.012347819468753,-2.5282123118204005,0.8464799566976576,-0.1144050382294515,3.9756254074696806,-0.4507484263823653,1.324132271759258
70.0,154.0,139.2125701904297,-2.0926770390765874,2.7235304775360705,-4.9313841083903664,-3.017931850522101,-2.5260119396326184,0.8459250190476252,-0.1097818826242017,3.949801695330146,-0.4503936286766797,1.3222553254924845
70.0,154.0,140.52117919921875,-2.1272497769988306,1.774468940747441,-4.918171862643308,-3.039466282870276,-2.4890347571925453,0.8476899259151214,-0.521753245229758,3.96549093137469,-0.4572526271482879,1.3258236409937911
70.0,154.0,146.584716796875,-2.103115268970947,1.7773525520170366,-4.8991595252982325,-3.0347150506673737,-2.5711874065489764,0.8116258795517473,-1.035978714195854,3.971544582710554,-0.4467989748149475,1.6285298446205214
70.0,154.0,143.8277587890625,-2.1248830858866543,1.7802090878779313,-4.936753072080505,-3.0101865241049657,-1.9782824049959105,0.8420858723207358,-1.0500881416038224,3.96241728300316,-0.4534587791217112,1.321746580187323
70.0,154.0,143.25624084472656,-2.126201498395338,1.776447180426718,-4.911038367938904,-3.0189203841660275,-2.5141724623159933,0.8453948594086856,-1.0516125740393008,3.96882708303868,-0.4538285156769916,1.3222958490239185
70.0,154.0,138.435791015625,-2.123530071628802,2.6532368807691245,-4.918581910047729,-3.031659488614624,-2.5059833607067405,0.8464265743419014,-0.097854404982659,3.963211787272173,-0.4515589590818648,1.330907109373346
70.0,154.0,155.14508056640625,-2.144416528898283,1.7532622941419214,-4.910340166670732,-3.045212005694971,-1.9538792327145715,0.8337103093690844,-1.0439633387742353,3.904955445319976,-0.4075869564763927,0.7623833671535221
70.0,154.0,140.6323699951172,-2.1256533184603748,1.7913874504541694,-4.921465145438036,-3.032042254476908,-2.5458654929240447,0.8418490111006164,-0.1263063865130635,3.975191829727036,-0.4510944692187897,1.3222620290505078
70.0,154.0,164.7838134765625,-2.201287946000103,2.883458157953075,-4.905830637260957,-3.0350057725369286,-2.524327352940692,0.8633945939224033,-0.171740808340323,4.059535154427085,-0.4070383022576078,1.300570495506068
70.0,154.0,157.8895721435547,-2.151116586352581,1.7765067177928218,-4.954217446239854,-3.688038395004858,-2.586077377730949,0.8144731752930827,-0.6122097261475492,3.624379146848815,-0.454328507982406,0.9702287003031408
70.0,154.0,160.38934326171875,-2.1239526524329047,1.7532778008160277,-4.793683137872873,-2.992665936417859,-3.0883299703921034,0.7444479414625762,-1.0498487622640318,3.959048847339001,-0.7967959506285662,0.7170082799296202
70.0,154.0,139.94009399414062,-2.1249625519960413,2.647465022592172,-4.922554413040449,-3.0175434074719405,-2.489694054616184,0.8292577207293954,-0.5190332063594714,3.9723931283427993,-0.4503137733380253,1.3214450048130568
70.0,154.0,155.30633544921875,-2.110355142561264,1.7355664246072802,-4.897661520156259,-3.0945963635771343,-3.0647722813398968,0.8256285834289196,-1.0204516952792135,4.389633871132414,-0.4667985076585941,0.7287559592886229
70.0,154.0,158.0673828125,-2.13478528945232,1.8441109636686763,-4.929363763692761,-3.1294766675918138,-3.0546509867568057,1.330469986782295,-1.0107985278553162,3.543151829295136,-0.4498499097984712,0.7093224768745058
70.0,154.0,151.25607299804688,-2.172037136009037,1.7295055121999343,-4.886813252907739,-3.044272093932116,-2.527211347557737,0.8736419156014977,-1.0803740810791176,4.326682419773425,-0.4568381444550614,1.020613823807618
70.0,154.0,165.35855102539062,-2.0411344005614884,1.8033887960812784,-4.990096883276585,-3.0271535952284765,-1.9850275875294443,0.7502007915430735,-1.0075749577924853,3.0752222344234887,-0.4467256416415724,1.0584411608503208
70.0,154.0,165.263427734375,-2.025108824505472,1.819420873531608,-4.880777358367313,-3.048511178555349,-3.076473591889685,0.724041054625411,-1.045823708623605,4.79798916193166,-0.408550783489008,0.6991762171530035
70.0,154.0,147.6595916748047,-2.191540710131359,1.7768596351457293,-4.928132938788525,-3.0311465947677627,-2.4551492063965243,0.8559432135813866,-1.0743890442504118,3.948423500283928,-0.4440404965886042,1.3016042613862342
70.0,154.0,160.2692413330078,-1.055922459328694,1.7735920722761906,-4.937958133848109,-1.695201673496223,-3.064020344723154,0.8372423768827528,-1.0608401158966236,4.429729571994304,-0.4561175576200931,0.7202760905369371
70.0,155.0,157.60691833496094,-2.1221509371431435,1.8392303061078088,-4.902514539010984,-3.0864103908050646,-3.0538475418464337,0.8517324402109121,-1.0171489627324086,3.092931355225164,-0.4559853455206131,0.9824460715350812
70.0,155.0,161.15728759765625,-1.9534206856324816,1.7536378394229737,-4.890109816254475,-3.0956079319477503,-3.0662115030366284,0.8279698431872164,-1.019189610828445,4.304919778195342,-0.4515226464921155,0.7024576952550962
70.0,155.0,139.32833862304688,-2.08817131902122,2.674483873195172,-4.922319748061662,-3.0287992714960743,-2.513783286141139,0.8496565177450722,-0.5469923913485679,3.96800845936754,-0.4520489752543011,1.3210823692950004
70.0,155.0,139.5731658935547,-2.1198360300836963,2.689085994507524,-4.909377199846109,-3.030862694289888,-2.534973617837269,0.8475450179372452,-0.5385227267409995,3.974292005461645,-0.4513739637226254,1.3228814343240978
70.0,155.0,141.79917907714844,-2.131607638519989,2.660234824168329,-4.926304155596871,-3.0322193158822293,-2.5068816707304484,0.8347325252682861,-0.0492123369358135,3.959624406964856,-0.452302116852776,1.322530420972145
70.0,155.0,150.95826721191406,-2.1262525097823337,1.7737189882144293,-4.926724315985826,-3.0259742329384216,-2.437463469842107,1.4099652745982325,-1.0262765149084487,3.9233814230264574,-0.4512474950726279,1.609887845109697
70.0,155.0,156.08035278320312,-2.1580996450789263,1.728328627406782,-4.879695436337815,-3.0850529772078543,-3.06587044186364,0.8359929899162684,-1.015638048938622,3.5437633377229565,-0.4462973345896071,0.7233871726910266
70.0,155.0,145.83074951171875,-2.1182021524849444,1.8078905911135548,-4.935700425047287,-2.9794937688851824,-2.4827301949732017,0.8507230196630945,-1.052661683502819,3.970937820545013,-0.4537632926829645,1.6362450208066313
70.0,155.0,142.9798126220703,-2.1220829198845297,1.779816139448701,-4.916527573251591,-3.02469365005042,-2.497106128890054,0.8394429982048441,-1.0497138158275474,3.959478534814511,-0.4503832498699787,1.3264084915991838
70.0,155.0,140.63870239257812,-2.10679926390394,1.7715796026297312,-4.924155837395888,-3.028278571499607,-2.490646394218512,0.841984296736348,-0.5156651528705621,3.973258449190348,-0.4521359260348891,1.3215050127700307
70.0,155.0,138.2392120361328,-2.1227412258434466,2.7012639446504543,-4.919102984144208,-3.032125366894064,-2.5094975779625885,0.8428615704720607,-0.1074845291118139,3.97624490950397,-0.4506147177494688,1.3222586778689378
70.0,155.0,145.51785278320312,-2.126771842195532,1.7670477007423182,-4.9204922003124985,-3.0347375076084453,-2.5383422307312813,0.8687211962592126,-1.0296164895992543,3.981699626098981,-0.4690457710752135,1.3215946527643532
70.0,155.0,139.1177978515625,-2.121924358678077,2.666080249734612,-4.918759838099927,-3.032773542817324,-2.490193648566313,0.8467825409558875,-0.5280131587354278,3.967725551798917,-0.4509176876331131,1.322280599399067
70.0,155.0,143.77976989746094,-2.090505492232815,1.7746837755457456,-4.927630124357569,-3.0560179816904194,-2.484891176152149,0.8273372251040916,-1.050737962835111,3.954398361079628,-0.4518568018256002,1.3213216143176292
70.0,155.0,177.90628051757812,-0.9480992037287066,1.6698462529856726,-4.92126265432442,-3.066282443454009,-3.048841576344093,1.9184003846581128,-1.029547548154336,4.407033002134062,-0.5675828178794807,0.7291447687456702
70.0,155.0,139.0986328125,-2.1202190005297328,2.6603767719328872,-4.916272184909012,-3.0271665075345195,-2.4963317830343765,0.8464306060483866,-0.5381178853507051,3.963408351432082,-0.448809909078135,1.3141410195988157
70.0,155.0,140.55001831054688,-2.122329315786468,1.802061285371577,-4.931716526883416,-3.0283693764857564,-2.486060058575672,0.8457611210177214,-0.5347108318649818,3.980144941527816,-0.4523532917964609,1.322373004556118
70.0,155.0,149.86083984375,-2.12290973532822,1.7678672280638843,-4.933681346827862,-3.0281690041240785,-2.4860633919118627,0.9010736490337464,-1.0043492977172703,4.342770552392945,-0.4457589969867184,1.2979840525979809
70.0,155.0,155.2960662841797,-2.2266314691725286,1.788375596851226,-4.950584305584922,-3.049071767262101,-2.638683652418841,0.8465118506007967,-0.1054621583886064,4.8594375544309925,-0.4437755791998702,1.355552198023204
70.0,155.0,138.37705993652344,-2.122714904615392,2.670638671875961,-4.919153420636971,-3.031966039581508,-2.5160680906985378,0.846655034123982,-0.1112124613833414,3.97682799674141,-0.4506444637468742,1.3222653053134326
70.0,155.0,139.59051513671875,-2.123243661393184,2.6043407860870045,-4.919936873031417,-3.034383612325169,-2.500176349850783,0.8463203903863397,-0.1069536629039737,3.976705190236429,-0.4502998856851292,1.3189047561779537
70.0,155.0,139.24049377441406,-2.122952978603168,2.70020178203428,-4.9094442719968265,-3.03447883586124,-2.4897371704606464,0.8453880164933214,-0.5275536671755963,3.970888576625884,-0.4506163248250027,1.3280531216495697
70.0,155.0,145.9188995361328,-2.1459735504117297,2.596888302384503,-4.919375688355661,-3.0109640771280004,-2.562523617006559,0.3176661651130258,-0.1066196469994336,4.00212132624837,-0.446423268658519,1.3188637483343126
70.0,155.0,153.1660919189453,-2.121447798556532,1.8336876551817392,-4.9380753146679925,-3.094233202647145,-3.0649950223856144,0.8354321701101891,-1.021508757068139,3.955010029302585,-0.4447028575291981,0.7080551592072115
70.0,155.0,142.1283721923828,-2.1192890279676746,1.7984264980446047,-4.92041992272411,-3.023637196291919,-2.4862630705474427,0.8392563093769569,-0.5088082330646075,3.99275164134204,-0.4506043871085918,1.3222941943722175
70.0,155.0,144.48789978027344,-2.141046964113209,1.771880474365917,-4.911381224157521,-3.040130457582591,-2.517262630056656,0.8055665997807893,-1.0369607176572375,3.977882256769657,-0.4549739669163189,1.3219810566530266
70.0,155.0,168.93064880371094,-2.1143543029615848,2.7417360389370447,-4.947112555234055,-2.950462546819259,-2.4983045757484748,0.832187156898341,-0.0723706899640044,3.561794196526201,-0.4126711549953896,1.2696315445852016
70.0,155.0,150.5499267578125,-2.11968739608623,1.755035030369485,-4.927208819748874,-3.0244678618957064,-2.0218319945465275,0.8106048132035997,-1.0135414794231097,3.9867357123238514,-0.4552261932641993,1.349251448476138
70.0,155.0,140.70806884765625,-2.1170765257260005,1.7786727018614492,-4.886691515714032,-3.0032452423189584,-2.490826029221292,0.8457199841861938,-0.5221104655596113,3.970749928697078,-0.4471574466552951,1.3225873864163096
70.0,155.0,143.6717529296875,-2.156491978467087,1.7848226430137946,-4.937289081138338,-3.015584518911508,-2.4952668236488216,0.8392536062907989,-1.048874207228421,3.9749121325547967,-0.4509797059062946,1.3121867831926637
70.0,155.0,140.90138244628906,-2.121863517848713,2.585209060388152,-4.918909906648255,-3.012347819468753,-2.5282123118204005,0.8464799566976576,-0.1144050382294515,3.9756254074696806,-0.4507484263823653,1.324132271759258
70.0,155.0,139.2125701904297,-2.0926770390765874,2.7235304775360705,-4.9313841083903664,-3.017931850522101,-2.5260119396326184,0.8459250190476252,-0.1097818826242017,3.949801695330146,-0.4503936286766797,1.3222553254924845
70.0,155.0,140.52117919921875,-2.1272497769988306,1.774468940747441,-4.918171862643308,-3.039466282870276,-2.4890347571925453,0.8476899259151214,-0.521753245229758,3.96549093137469,-0.4572526271482879,1.3258236409937911
70.0,155.0,146.584716796875,-2.103115268970947,1.7773525520170366,-4.8991595252982325,-3.0347150506673737,-2.5711874065489764,0.8116258795517473,-1.035978714195854,3.971544582710554,-0.4467989748149475,1.6285298446205214
70.0,155.0,143.8277587890625,-2.1248830858866543,1.7802090878779313,-4.936753072080505,-3.0101865241049657,-1.9782824049959105,0.8420858723207358,-1.0500881416038224,3.96241728300316,-0.4534587791217112,1.321746580187323
70.0,155.0,143.25624084472656,-2.126201498395338,1.776447180426718,-4.911038367938904,-3.0189203841660275,-2.5141724623159933,0.8453948594086856,-1.0516125740393008,3.96882708303868,-0.4538285156769916,1.3222958490239185
70.0,155.0,138.435791015625,-2.123530071628802,2.6532368807691245,-4.918581910047729,-3.031659488614624,-2.5059833607067405,0.8464265743419014,-0.097854404982659,3.963211787272173,-0.4515589590818648,1.330907109373346
70.0,155.0,155.14508056640625,-2.144416528898283,1.7532622941419214,-4.910340166670732,-3.045212005694971,-1.9538792327145715,0.8337103093690844,-1.0439633387742353,3.904955445319976,-0.4075869564763927,0.7623833671535221
70.0,155.0,140.6323699951172,-2.1256533184603748,1.7913874504541694,-4.921465145438036,-3.032042254476908,-2.5458654929240447,0.8418490111006164,-0.1263063865130635,3.975191829727036,-0.4510944692187897,1.3222620290505078
70.0,155.0,164.7838134765625,-2.201287946000103,2.883458157953075,-4.905830637260957,-3.0350057725369286,-2.524327352940692,0.8633945939224033,-0.171740808340323,4.059535154427085,-0.4070383022576078,1.300570495506068
70.0,155.0,157.8895721435547,-2.151116586352581,1.7765067177928218,-4.954217446239854,-3.688038395004858,-2.586077377730949,0.8144731752930827,-0.6122097261475492,3.624379146848815,-0.454328507982406,0.9702287003031408
70.0,155.0,160.38934326171875,-2.1239526524329047,1.7532778008160277,-4.793683137872873,-2.992665936417859,-3.0883299703921034,0.7444479414625762,-1.0498487622640318,3.959048847339001,-0.7967959506285662,0.7170082799296202
70.0,155.0,139.94009399414062,-2.1249625519960413,2.647465022592172,-4.922554413040449,-3.0175434074719405,-2.489694054616184,0.8292577207293954,-0.5190332063594714,3.9723931283427993,-0.4503137733380253,1.3214450048130568
70.0,155.0,155.30633544921875,-2.110355142561264,1.7355664246072802,-4.897661520156259,-3.0945963635771343,-3.0647722813398968,0.8256285834289196,-1.0204516952792135,4.389633871132414,-0.4667985076585941,0.7287559592886229
70.0,155.0,158.0673828125,-2.13478528945232,1.8441109636686763,-4.929363763692761,-3.1294766675918138,-3.0546509867568057,1.330469986782295,-1.0107985278553162,3.543151829295136,-0.4498499097984712,0.7093224768745058
70.0,155.0,151.25607299804688,-2.172037136009037,1.7295055121999343,-4.886813252907739,-3.044272093932116,-2.527211347557737,0.8736419156014977,-1.0803740810791176,4.326682419773425,-0.4568381444550614,1.020613823807618
70.0,155.0,165.35855102539062,-2.0411344005614884,1.8033887960812784,-4.990096883276585,-3.0271535952284765,-1.9850275875294443,0.7502007915430735,-1.0075749577924853,3.0752222344234887,-0.4467256416415724,1.0584411608503208
70.0,155.0,165.263427734375,-2.025108824505472,1.819420873531608,-4.880777358367313,-3.048511178555349,-3.076473591889685,0.724041054625411,-1.045823708623605,4.79798916193166,-0.408550783489008,0.6991762171530035
70.0,155.0,147.6595916748047,-2.191540710131359,1.7768596351457293,-4.928132938788525,-3.0311465947677627,-2.4551492063965243,0.8559432135813866,-1.0743890442504118,3.948423500283928,-0.4440404965886042,1.3016042613862342
70.0,155.0,160.2692413330078,-1.055922459328694,1.7735920722761906,-4.937958133848109,-1.695201673496223,-3.064020344723154,0.8372423768827528,-1.0608401158966236,4.429729571994304,-0.4561175576200931,0.7202760905369371
70.0,156.0,157.60691833496094,-2.1221509371431435,1.8392303061078088,-4.902514539010984,-3.0864103908050646,-3.0538475418464337,0.8517324402109121,-1.0171489627324086,3.092931355225164,-0.4559853455206131,0.9824460715350812
70.0,156.0,161.15728759765625,-1.9534206856324816,1.7536378394229737,-4.890109816254475,-3.0956079319477503,-3.0662115030366284,0.8279698431872164,-1.019189610828445,4.304919778195342,-0.4515226464921155,0.7024576952550962
70.0,156.0,139.32833862304688,-2.08817131902122,2.674483873195172,-4.922319748061662,-3.0287992714960743,-2.513783286141139,0.8496565177450722,-0.5469923913485679,3.96800845936754,-0.4520489752543011,1.3210823692950004
70.0,156.0,139.5731658935547,-2.1198360300836963,2.689085994507524,-4.909377199846109,-3.030862694289888,-2.534973617837269,0.8475450179372452,-0.5385227267409995,3.974292005461645,-0.4513739637226254,1.3228814343240978
70.0,156.0,141.79917907714844,-2.131607638519989,2.660234824168329,-4.926304155596871,-3.0322193158822293,-2.5068816707304484,0.8347325252682861,-0.0492123369358135,3.959624406964856,-0.452302116852776,1.322530420972145
70.0,156.0,150.95826721191406,-2.1262525097823337,1.7737189882144293,-4.926724315985826,-3.0259742329384216,-2.437463469842107,1.4099652745982325,-1.0262765149084487,3.9233814230264574,-0.4512474950726279,1.609887845109697
70.0,156.0,156.08035278320312,-2.1580996450789263,1.728328627406782,-4.879695436337815,-3.0850529772078543,-3.06587044186364,0.8359929899162684,-1.015638048938622,3.5437633377229565,-0.4462973345896071,0.7233871726910266
70.0,156.0,145.83074951171875,-2.1182021524849444,1.8078905911135548,-4.935700425047287,-2.9794937688851824,-2.4827301949732017,0.8507230196630945,-1.052661683502819,3.970937820545013,-0.4537632926829645,1.6362450208066313
70.0,156.0,142.9798126220703,-2.1220829198845297,1.779816139448701,-4.916527573251591,-3.02469365005042,-2.497106128890054,0.8394429982048441,-1.0497138158275474,3.959478534814511,-0.4503832498699787,1.3264084915991838
70.0,156.0,140.63870239257812,-2.10679926390394,1.7715796026297312,-4.924155837395888,-3.028278571499607,-2.490646394218512,0.841984296736348,-0.5156651528705621,3.973258449190348,-0.4521359260348891,1.3215050127700307
70.0,156.0,138.2392120361328,-2.1227412258434466,2.7012639446504543,-4.919102984144208,-3.032125366894064,-2.5094975779625885,0.8428615704720607,-0.1074845291118139,3.97624490950397,-0.4506147177494688,1.3222586778689378
70.0,156.0,145.51785278320312,-2.126771842195532,1.7670477007423182,-4.9204922003124985,-3.0347375076084453,-2.5383422307312813,0.8687211962592126,-1.0296164895992543,3.981699626098981,-0.4690457710752135,1.3215946527643532
70.0,156.0,139.1177978515625,-2.121924358678077,2.666080249734612,-4.918759838099927,-3.032773542817324,-2.490193648566313,0.8467825409558875,-0.5280131587354278,3.967725551798917,-0.4509176876331131,1.322280599399067
70.0,156.0,143.77976989746094,-2.090505492232815,1.7746837755457456,-4.927630124357569,-3.0560179816904194,-2.484891176152149,0.8273372251040916,-1.050737962835111,3.954398361079628,-0.4518568018256002,1.3213216143176292
70.0,156.0,177.90628051757812,-0.9480992037287066,1.6698462529856726,-4.92126265432442,-3.066282443454009,-3.048841576344093,1.9184003846581128,-1.029547548154336,4.407033002134062,-0.5675828178794807,0.7291447687456702
70.0,156.0,139.0986328125,-2.1202190005297328,2.6603767719328872,-4.916272184909012,-3.0271665075345195,-2.4963317830343765,0.8464306060483866,-0.5381178853507051,3.963408351432082,-0.448809909078135,1.3141410195988157
70.0,156.0,140.55001831054688,-2.122329315786468,1.802061285371577,-4.931716526883416,-3.0283693764857564,-2.486060058575672,0.8457611210177214,-0.5347108318649818,3.980144941527816,-0.4523532917964609,1.322373004556118
70.0,156.0,149.86083984375,-2.12290973532822,1.7678672280638843,-4.933681346827862,-3.0281690041240785,-2.4860633919118627,0.9010736490337464,-1.0043492977172703,4.342770552392945,-0.4457589969867184,1.2979840525979809
70.0,156.0,155.2960662841797,-2.2266314691725286,1.788375596851226,-4.950584305584922,-3.049071767262101,-2.638683652418841,0.8465118506007967,-0.1054621583886064,4.8594375544309925,-0.4437755791998702,1.355552198023204
70.0,156.0,138.37705993652344,-2.122714904615392,2.670638671875961,-4.919153420636971,-3.031966039581508,-2.5160680906985378,0.846655034123982,-0.1112124613833414,3.97682799674141,-0.4506444637468742,1.3222653053134326
70.0,156.0,139.59051513671875,-2.123243661393184,2.6043407860870045,-4.919936873031417,-3.034383612325169,-2.500176349850783,0.8463203903863397,-0.1069536629039737,3.976705190236429,-0.4502998856851292,1.3189047561779537
70.0,156.0,139.24049377441406,-2.122952978603168,2.70020178203428,-4.9094442719968265,-3.03447883586124,-2.4897371704606464,0.8453880164933214,-0.5275536671755963,3.970888576625884,-0.4506163248250027,1.3280531216495697
70.0,156.0,145.9188995361328,-2.1459735504117297,2.596888302384503,-4.919375688355661,-3.0109640771280004,-2.562523617006559,0.3176661651130258,-0.1066196469994336,4.00212132624837,-0.446423268658519,1.3188637483343126
70.0,156.0,153.1660919189453,-2.121447798556532,1.8336876551817392,-4.9380753146679925,-3.094233202647145,-3.0649950223856144,0.8354321701101891,-1.021508757068139,3.955010029302585,-0.4447028575291981,0.7080551592072115
70.0,156.0,142.1283721923828,-2.1192890279676746,1.7984264980446047,-4.92041992272411,-3.023637196291919,-2.4862630705474427,0.8392563093769569,-0.5088082330646075,3.99275164134204,-0.4506043871085918,1.3222941943722175
70.0,156.0,144.48789978027344,-2.141046964113209,1.771880474365917,-4.911381224157521,-3.040130457582591,-2.517262630056656,0.8055665997807893,-1.0369607176572375,3.977882256769657,-0.4549739669163189,1.3219810566530266
70.0,156.0,168.93064880371094,-2.1143543029615848,2.7417360389370447,-4.947112555234055,-2.950462546819259,-2.4983045757484748,0.832187156898341,-0.0723706899640044,3.561794196526201,-0.4126711549953896,1.2696315445852016
70.0,156.0,150.5499267578125,-2.11968739608623,1.755035030369485,-4.927208819748874,-3.0244678618957064,-2.0218319945465275,0.8106048132035997,-1.0135414794231097,3.9867357123238514,-0.4552261932641993,1.349251448476138
70.0,156.0,140.70806884765625,-2.1170765257260005,1.7786727018614492,-4.886691515714032,-3.0032452423189584,-2.490826029221292,0.8457199841861938,-0.5221104655596113,3.970749928697078,-0.4471574466552951,1.3225873864163096
70.0,156.0,143.6717529296875,-2.156491978467087,1.7848226430137946,-4.937289081138338,-3.015584518911508,-2.4952668236488216,0.8392536062907989,-1.048874207228421,3.9749121325547967,-0.4509797059062946,1.3121867831926637
70.0,156.0,140.90138244628906,-2.121863517848713,2.585209060388152,-4.918909906648255,-3.012347819468753,-2.5282123118204005,0.8464799566976576,-0.1144050382294515,3.9756254074696806,-0.4507484263823653,1.324132271759258
70.0,156.0,139.2125701904297,-2.0926770390765874,2.7235304775360705,-4.9313841083903664,-3.017931850522101,-2.5260119396326184,0.8459250190476252,-0.1097818826242017,3.949801695330146,-0.4503936286766797,1.3222553254924845
70.0,156.0,140.52117919921875,-2.1272497769988306,1.774468940747441,-4.918171862643308,-3.039466282870276,-2.4890347571925453,0.8476899259151214,-0.521753245229758,3.96549093137469,-0.4572526271482879,1.3258236409937911
70.0,156.0,146.584716796875,-2.103115268970947,1.7773525520170366,-4.8991595252982325,-3.0347150506673737,-2.5711874065489764,0.8116258795517473,-1.035978714195854,3.971544582710554,-0.4467989748149475,1.6285298446205214
70.0,156.0,143.8277587890625,-2.1248830858866543,1.7802090878779313,-4.936753072080505,-3.0101865241049657,-1.9782824049959105,0.8420858723207358,-1.0500881416038224,3.96241728300316,-0.4534587791217112,1.321746580187323
70.0,156.0,143.25624084472656,-2.126201498395338,1.776447180426718,-4.911038367938904,-3.0189203841660275,-2.5141724623159933,0.8453948594086856,-1.0516125740393008,3.96882708303868,-0.4538285156769916,1.3222958490239185
70.0,156.0,138.435791015625,-2.123530071628802,2.6532368807691245,-4.918581910047729,-3.031659488614624,-2.5059833607067405,0.8464265743419014,-0.097854404982659,3.963211787272173,-0.4515589590818648,1.330907109373346
70.0,156.0,155.14508056640625,-2.144416528898283,1.7532622941419214,-4.910340166670732,-3.045212005694971,-1.9538792327145715,0.8337103093690844,-1.0439633387742353,3.904955445319976,-0.4075869564763927,0.7623833671535221
70.0,156.0,140.6323699951172,-2.1256533184603748,1.7913874504541694,-4.921465145438036,-3.032042254476908,-2.5458654929240447,0.8418490111006164,-0.1263063865130635,3.975191829727036,-0.4510944692187897,1.3222620290505078
70.0,156.0,164.7838134765625,-2.201287946000103,2.883458157953075,-4.905830637260957,-3.0350057725369286,-2.524327352940692,0.8633945939224033,-0.171740808340323,4.059535154427085,-0.4070383022576078,1.300570495506068
70.0,156.0,157.8895721435547,-2.151116586352581,1.7765067177928218,-4.954217446239854,-3.688038395004858,-2.586077377730949,0.8144731752930827,-0.6122097261475492,3.624379146848815,-0.454328507982406,0.9702287003031408
70.0,156.0,160.38934326171875,-2.1239526524329047,1.7532778008160277,-4.793683137872873,-2.992665936417859,-3.0883299703921034,0.7444479414625762,-1.0498487622640318,3.959048847339001,-0.7967959506285662,0.7170082799296202
70.0,156.0,139.94009399414062,-2.1249625519960413,2.647465022592172,-4.922554413040449,-3.0175434074719405,-2.489694054616184,0.8292577207293954,-0.5190332063594714,3.9723931283427993,-0.4503137733380253,1.3214450048130568
70.0,156.0,155.30633544921875,-2.110355142561264,1.7355664246072802,-4.897661520156259,-3.0945963635771343,-3.0647722813398968,0.8256285834289196,-1.0204516952792135,4.389633871132414,-0.4667985076585941,0.7287559592886229
70.0,156.0,158.0673828125,-2.13478528945232,1.8441109636686763,-4.929363763692761,-3.1294766675918138,-3.0546509867568057,1.330469986782295,-1.0107985278553162,3.543151829295136,-0.4498499097984712,0.7093224768745058
70.0,156.0,151.25607299804688,-2.172037136009037,1.7295055121999343,-4.886813252907739,-3.044272093932116,-2.527211347557737,0.8736419156014977,-1.0803740810791176,4.326682419773425,-0.4568381444550614,1.020613823807618
70.0,156.0,165.35855102539062,-2.0411344005614884,1.8033887960812784,-4.990096883276585,-3.0271535952284765,-1.9850275875294443,0.7502007915430735,-1.0075749577924853,3.0752222344234887,-0.4467256416415724,1.0584411608503208
70.0,156.0,165.263427734375,-2.025108824505472,1.819420873531608,-4.880777358367313,-3.048511178555349,-3.076473591889685,0.724041054625411,-1.045823708623605,4.79798916193166,-0.408550783489008,0.6991762171530035
70.0,156.0,145.60594177246094,-2.0453835525834925,2.6159600859338075,-4.929154938678536,-3.030760784538665,-2.5098512327867453,0.8200212772888618,-0.529623032016878,3.959202619530312,-0.4410775715031466,1.2847111762347103
70.0,156.0,160.2692413330078,-1.055922459328694,1.7735920722761906,-4.937958133848109,-1.695201673496223,-3.064020344723154,0.8372423768827528,-1.0608401158966236,4.429729571994304,-0.4561175576200931,0.7202760905369371
70.0,157.0,157.60691833496094,-2.1221509371431435,1.8392303061078088,-4.902514539010984,-3.0864103908050646,-3.0538475418464337,0.8517324402109121,-1.0171489627324086,3.092931355225164,-0.4559853455206131,0.9824460715350812
70.0,157.0,161.15728759765625,-1.9534206856324816,1.7536378394229737,-4.890109816254475,-3.0956079319477503,-3.0662115030366284,0.8279698431872164,-1.019189610828445,4.304919778195342,-0.4515226464921155,0.7024576952550962
70.0,157.0,139.32833862304688,-2.08817131902122,2.674483873195172,-4.922319748061662,-3.0287992714960743,-2.513783286141139,0.8496565177450722,-0.5469923913485679,3.96800845936754,-0.4520489752543011,1.3210823692950004
70.0,157.0,139.5731658935547,-2.1198360300836963,2.689085994507524,-4.909377199846109,-3.030862694289888,-2.534973617837269,0.8475450179372452,-0.5385227267409995,3.974292005461645,-0.4513739637226254,1.3228814343240978
70.0,157.0,141.79917907714844,-2.131607638519989,2.660234824168329,-4.926304155596871,-3.0322193158822293,-2.5068816707304484,0.8347325252682861,-0.0492123369358135,3.959624406964856,-0.452302116852776,1.322530420972145
70.0,157.0,150.95826721191406,-2.1262525097823337,1.7737189882144293,-4.926724315985826,-3.0259742329384216,-2.437463469842107,1.4099652745982325,-1.0262765149084487,3.9233814230264574,-0.4512474950726279,1.609887845109697
70.0,157.0,156.08035278320312,-2.1580996450789263,1.728328627406782,-4.879695436337815,-3.0850529772078543,-3.06587044186364,0.8359929899162684,-1.015638048938622,3.5437633377229565,-0.4462973345896071,0.7233871726910266
70.0,157.0,145.83074951171875,-2.1182021524849444,1.8078905911135548,-4.935700425047287,-2.9794937688851824,-2.4827301949732017,0.8507230196630945,-1.052661683502819,3.970937820545013,-0.4537632926829645,1.6362450208066313
70.0,157.0,142.9798126220703,-2.1220829198845297,1.779816139448701,-4.916527573251591,-3.02469365005042,-2.497106128890054,0.8394429982048441,-1.0497138158275474,3.959478534814511,-0.4503832498699787,1.3264084915991838
70.0,157.0,140.63870239257812,-2.10679926390394,1.7715796026297312,-4.924155837395888,-3.028278571499607,-2.490646394218512,0.841984296736348,-0.5156651528705621,3.973258449190348,-0.4521359260348891,1.3215050127700307
70.0,157.0,138.2392120361328,-2.1227412258434466,2.7012639446504543,-4.919102984144208,-3.032125366894064,-2.5094975779625885,0.8428615704720607,-0.1074845291118139,3.97624490950397,-0.4506147177494688,1.3222586778689378
70.0,157.0,145.51785278320312,-2.126771842195532,1.7670477007423182,-4.9204922003124985,-3.0347375076084453,-2.5383422307312813,0.8687211962592126,-1.0296164895992543,3.981699626098981,-0.4690457710752135,1.3215946527643532
70.0,157.0,139.1177978515625,-2.121924358678077,2.666080249734612,-4.918759838099927,-3.032773542817324,-2.490193648566313,0.8467825409558875,-0.5280131587354278,3.967725551798917,-0.4509176876331131,1.322280599399067
70.0,157.0,143.77976989746094,-2.090505492232815,1.7746837755457456,-4.927630124357569,-3.0560179816904194,-2.484891176152149,0.8273372251040916,-1.050737962835111,3.954398361079628,-0.4518568018256002,1.3213216143176292
70.0,157.0,177.90628051757812,-0.9480992037287066,1.6698462529856726,-4.92126265432442,-3.066282443454009,-3.048841576344093,1.9184003846581128,-1.029547548154336,4.407033002134062,-0.5675828178794807,0.7291447687456702
70.0,157.0,139.0986328125,-2.1202190005297328,2.6603767719328872,-4.916272184909012,-3.0271665075345195,-2.4963317830343765,0.8464306060483866,-0.5381178853507051,3.963408351432082,-0.448809909078135,1.3141410195988157
70.0,157.0,140.55001831054688,-2.122329315786468,1.802061285371577,-4.931716526883416,-3.0283693764857564,-2.486060058575672,0.8457611210177214,-0.5347108318649818,3.980144941527816,-0.4523532917964609,1.322373004556118
70.0,157.0,149.86083984375,-2.12290973532822,1.7678672280638843,-4.933681346827862,-3.0281690041240785,-2.4860633919118627,0.9010736490337464,-1.0043492977172703,4.342770552392945,-0.4457589969867184,1.2979840525979809
70.0,157.0,155.2960662841797,-2.2266314691725286,1.788375596851226,-4.950584305584922,-3.049071767262101,-2.638683652418841,0.8465118506007967,-0.1054621583886064,4.8594375544309925,-0.4437755791998702,1.355552198023204
70.0,157.0,138.37705993652344,-2.122714904615392,2.670638671875961,-4.919153420636971,-3.031966039581508,-2.5160680906985378,0.846655034123982,-0.1112124613833414,3.97682799674141,-0.4506444637468742,1.3222653053134326
70.0,157.0,139.59051513671875,-2.123243661393184,2.6043407860870045,-4.919936873031417,-3.034383612325169,-2.500176349850783,0.8463203903863397,-0.1069536629039737,3.976705190236429,-0.4502998856851292,1.3189047561779537
70.0,157.0,139.24049377441406,-2.122952978603168,2.70020178203428,-4.9094442719968265,-3.03447883586124,-2.4897371704606464,0.8453880164933214,-0.5275536671755963,3.970888576625884,-0.4506163248250027,1.3280531216495697
70.0,157.0,145.9188995361328,-2.1459735504117297,2.596888302384503,-4.919375688355661,-3.0109640771280004,-2.562523617006559,0.3176661651130258,-0.1066196469994336,4.00212132624837,-0.446423268658519,1.3188637483343126
70.0,157.0,153.1660919189453,-2.121447798556532,1.8336876551817392,-4.9380753146679925,-3.094233202647145,-3.0649950223856144,0.8354321701101891,-1.021508757068139,3.955010029302585,-0.4447028575291981,0.7080551592072115
70.0,157.0,142.1283721923828,-2.1192890279676746,1.7984264980446047,-4.92041992272411,-3.023637196291919,-2.4862630705474427,0.8392563093769569,-0.5088082330646075,3.99275164134204,-0.4506043871085918,1.3222941943722175
70.0,157.0,144.48789978027344,-2.141046964113209,1.771880474365917,-4.911381224157521,-3.040130457582591,-2.517262630056656,0.8055665997807893,-1.0369607176572375,3.977882256769657,-0.4549739669163189,1.3219810566530266
70.0,157.0,168.93064880371094,-2.1143543029615848,2.7417360389370447,-4.947112555234055,-2.950462546819259,-2.4983045757484748,0.832187156898341,-0.0723706899640044,3.561794196526201,-0.4126711549953896,1.2696315445852016
70.0,157.0,150.5499267578125,-2.11968739608623,1.755035030369485,-4.927208819748874,-3.0244678618957064,-2.0218319945465275,0.8106048132035997,-1.0135414794231097,3.9867357123238514,-0.4552261932641993,1.349251448476138
70.0,157.0,140.70806884765625,-2.1170765257260005,1.7786727018614492,-4.886691515714032,-3.0032452423189584,-2.490826029221292,0.8457199841861938,-0.5221104655596113,3.970749928697078,-0.4471574466552951,1.3225873864163096
70.0,157.0,143.6717529296875,-2.156491978467087,1.7848226430137946,-4.937289081138338,-3.015584518911508,-2.4952668236488216,0.8392536062907989,-1.048874207228421,3.9749121325547967,-0.4509797059062946,1.3121867831926637
70.0,157.0,140.90138244628906,-2.121863517848713,2.585209060388152,-4.918909906648255,-3.012347819468753,-2.5282123118204005,0.8464799566976576,-0.1144050382294515,3.9756254074696806,-0.4507484263823653,1.324132271759258
70.0,157.0,139.2125701904297,-2.0926770390765874,2.7235304775360705,-4.9313841083903664,-3.017931850522101,-2.5260119396326184,0.8459250190476252,-0.1097818826242017,3.949801695330146,-0.4503936286766797,1.3222553254924845
70.0,157.0,140.52117919921875,-2.1272497769988306,1.774468940747441,-4.918171862643308,-3.039466282870276,-2.4890347571925453,0.8476899259151214,-0.521753245229758,3.96549093137469,-0.4572526271482879,1.3258236409937911
70.0,157.0,146.584716796875,-2.103115268970947,1.7773525520170366,-4.8991595252982325,-3.0347150506673737,-2.5711874065489764,0.8116258795517473,-1.035978714195854,3.971544582710554,-0.4467989748149475,1.6285298446205214
70.0,157.0,143.8277587890625,-2.1248830858866543,1.7802090878779313,-4.936753072080505,-3.0101865241049657,-1.9782824049959105,0.8420858723207358,-1.0500881416038224,3.96241728300316,-0.4534587791217112,1.321746580187323
70.0,157.0,143.25624084472656,-2.126201498395338,1.776447180426718,-4.911038367938904,-3.0189203841660275,-2.5141724623159933,0.8453948594086856,-1.0516125740393008,3.96882708303868,-0.4538285156769916,1.3222958490239185
70.0,157.0,138.2348175048828,-2.124153308589317,2.68965891250709,-4.917731485077325,-3.0320295053783326,-2.4915690251843428,0.8467442528956323,-0.117270585284069,3.961064245141978,-0.4503192027829105,1.3250156147447307
70.0,157.0,155.14508056640625,-2.144416528898283,1.7532622941419214,-4.910340166670732,-3.045212005694971,-1.9538792327145715,0.8337103093690844,-1.0439633387742353,3.904955445319976,-0.4075869564763927,0.7623833671535221
70.0,157.0,140.6323699951172,-2.1256533184603748,1.7913874504541694,-4.921465145438036,-3.032042254476908,-2.5458654929240447,0.8418490111006164,-0.1263063865130635,3.975191829727036,-0.4510944692187897,1.3222620290505078
70.0,157.0,164.7838134765625,-2.201287946000103,2.883458157953075,-4.905830637260957,-3.0350057725369286,-2.524327352940692,0.8633945939224033,-0.171740808340323,4.059535154427085,-0.4070383022576078,1.300570495506068
70.0,157.0,157.8895721435547,-2.151116586352581,1.7765067177928218,-4.954217446239854,-3.688038395004858,-2.586077377730949,0.8144731752930827,-0.6122097261475492,3.624379146848815,-0.454328507982406,0.9702287003031408
70.0,157.0,160.38934326171875,-2.1239526524329047,1.7532778008160277,-4.793683137872873,-2.992665936417859,-3.0883299703921034,0.7444479414625762,-1.0498487622640318,3.959048847339001,-0.7967959506285662,0.7170082799296202
70.0,157.0,139.94009399414062,-2.1249625519960413,2.647465022592172,-4.922554413040449,-3.0175434074719405,-2.489694054616184,0.8292577207293954,-0.5190332063594714,3.9723931283427993,-0.4503137733380253,1.3214450048130568
70.0,157.0,155.30633544921875,-2.110355142561264,1.7355664246072802,-4.897661520156259,-3.0945963635771343,-3.0647722813398968,0.8256285834289196,-1.0204516952792135,4.389633871132414,-0.4667985076585941,0.7287559592886229
70.0,157.0,158.0673828125,-2.13478528945232,1.8441109636686763,-4.929363763692761,-3.1294766675918138,-3.0546509867568057,1.330469986782295,-1.0107985278553162,3.543151829295136,-0.4498499097984712,0.7093224768745058
70.0,157.0,151.25607299804688,-2.172037136009037,1.7295055121999343,-4.886813252907739,-3.044272093932116,-2.527211347557737,0.8736419156014977,-1.0803740810791176,4.326682419773425,-0.4568381444550614,1.020613823807618
70.0,157.0,165.35855102539062,-2.0411344005614884,1.8033887960812784,-4.990096883276585,-3.0271535952284765,-1.9850275875294443,0.7502007915430735,-1.0075749577924853,3.0752222344234887,-0.4467256416415724,1.0584411608503208
70.0,157.0,165.263427734375,-2.025108824505472,1.819420873531608,-4.880777358367313,-3.048511178555349,-3.076473591889685,0.724041054625411,-1.045823708623605,4.79798916193166,-0.408550783489008,0.6991762171530035
70.0,157.0,145.60594177246094,-2.0453835525834925,2.6159600859338075,-4.929154938678536,-3.030760784538665,-2.5098512327867453,0.8200212772888618,-0.529623032016878,3.959202619530312,-0.4410775715031466,1.2847111762347103
70.0,157.0,160.2692413330078,-1.055922459328694,1.7735920722761906,-4.937958133848109,-1.695201673496223,-3.064020344723154,0.8372423768827528,-1.0608401158966236,4.429729571994304,-0.4561175576200931,0.7202760905369371
70.0,158.0,157.60691833496094,-2.1221509371431435,1.8392303061078088,-4.902514539010984,-3.0864103908050646,-3.0538475418464337,0.8517324402109121,-1.0171489627324086,3.092931355225164,-0.4559853455206131,0.9824460715350812
70.0,158.0,161.15728759765625,-1.9534206856324816,1.7536378394229737,-4.890109816254475,-3.0956079319477503,-3.0662115030366284,0.8279698431872164,-1.019189610828445,4.304919778195342,-0.4515226464921155,0.7024576952550962
70.0,158.0,139.32833862304688,-2.08817131902122,2.674483873195172,-4.922319748061662,-3.0287992714960743,-2.513783286141139,0.8496565177450722,-0.5469923913485679,3.96800845936754,-0.4520489752543011,1.3210823692950004
70.0,158.0,139.5731658935547,-2.1198360300836963,2.689085994507524,-4.909377199846109,-3.030862694289888,-2.534973617837269,0.8475450179372452,-0.5385227267409995,3.974292005461645,-0.4513739637226254,1.3228814343240978
70.0,158.0,141.79917907714844,-2.131607638519989,2.660234824168329,-4.926304155596871,-3.0322193158822293,-2.5068816707304484,0.8347325252682861,-0.0492123369358135,3.959624406964856,-0.452302116852776,1.322530420972145
70.0,158.0,150.95826721191406,-2.1262525097823337,1.7737189882144293,-4.926724315985826,-3.0259742329384216,-2.437463469842107,1.4099652745982325,-1.0262765149084487,3.9233814230264574,-0.4512474950726279,1.609887845109697
70.0,158.0,156.08035278320312,-2.1580996450789263,1.728328627406782,-4.879695436337815,-3.0850529772078543,-3.06587044186364,0.8359929899162684,-1.015638048938622,3.5437633377229565,-0.4462973345896071,0.7233871726910266
70.0,158.0,145.83074951171875,-2.1182021524849444,1.8078905911135548,-4.935700425047287,-2.9794937688851824,-2.4827301949732017,0.8507230196630945,-1.052661683502819,3.970937820545013,-0.4537632926829645,1.6362450208066313
70.0,158.0,142.9798126220703,-2.1220829198845297,1.779816139448701,-4.916527573251591,-3.02469365005042,-2.497106128890054,0.8394429982048441,-1.0497138158275474,3.959478534814511,-0.4503832498699787,1.3264084915991838
70.0,158.0,140.63870239257812,-2.10679926390394,1.7715796026297312,-4.924155837395888,-3.028278571499607,-2.490646394218512,0.841984296736348,-0.5156651528705621,3.973258449190348,-0.4521359260348891,1.3215050127700307
70.0,158.0,138.2392120361328,-2.1227412258434466,2.7012639446504543,-4.919102984144208,-3.032125366894064,-2.5094975779625885,0.8428615704720607,-0.1074845291118139,3.97624490950397,-0.4506147177494688,1.3222586778689378
70.0,158.0,145.51785278320312,-2.126771842195532,1.7670477007423182,-4.9204922003124985,-3.0347375076084453,-2.5383422307312813,0.8687211962592126,-1.0296164895992543,3.981699626098981,-0.4690457710752135,1.3215946527643532
70.0,158.0,139.1177978515625,-2.121924358678077,2.666080249734612,-4.918759838099927,-3.032773542817324,-2.490193648566313,0.8467825409558875,-0.5280131587354278,3.967725551798917,-0.4509176876331131,1.322280599399067
70.0,158.0,143.77976989746094,-2.090505492232815,1.7746837755457456,-4.927630124357569,-3.0560179816904194,-2.484891176152149,0.8273372251040916,-1.050737962835111,3.954398361079628,-0.4518568018256002,1.3213216143176292
70.0,158.0,177.90628051757812,-0.9480992037287066,1.6698462529856726,-4.92126265432442,-3.066282443454009,-3.048841576344093,1.9184003846581128,-1.029547548154336,4.407033002134062,-0.5675828178794807,0.7291447687456702
70.0,158.0,139.0986328125,-2.1202190005297328,2.6603767719328872,-4.916272184909012,-3.0271665075345195,-2.4963317830343765,0.8464306060483866,-0.5381178853507051,3.963408351432082,-0.448809909078135,1.3141410195988157
70.0,158.0,140.55001831054688,-2.122329315786468,1.802061285371577,-4.931716526883416,-3.0283693764857564,-2.486060058575672,0.8457611210177214,-0.5347108318649818,3.980144941527816,-0.4523532917964609,1.322373004556118
70.0,158.0,149.86083984375,-2.12290973532822,1.7678672280638843,-4.933681346827862,-3.0281690041240785,-2.4860633919118627,0.9010736490337464,-1.0043492977172703,4.342770552392945,-0.4457589969867184,1.2979840525979809
70.0,158.0,155.2960662841797,-2.2266314691725286,1.788375596851226,-4.950584305584922,-3.049071767262101,-2.638683652418841,0.8465118506007967,-0.1054621583886064,4.8594375544309925,-0.4437755791998702,1.355552198023204
70.0,158.0,138.37705993652344,-2.122714904615392,2.670638671875961,-4.919153420636971,-3.031966039581508,-2.5160680906985378,0.846655034123982,-0.1112124613833414,3.97682799674141,-0.4506444637468742,1.3222653053134326
70.0,158.0,139.59051513671875,-2.123243661393184,2.6043407860870045,-4.919936873031417,-3.034383612325169,-2.500176349850783,0.8463203903863397,-0.1069536629039737,3.976705190236429,-0.4502998856851292,1.3189047561779537
70.0,158.0,139.24049377441406,-2.122952978603168,2.70020178203428,-4.9094442719968265,-3.03447883586124,-2.4897371704606464,0.8453880164933214,-0.5275536671755963,3.970888576625884,-0.4506163248250027,1.3280531216495697
70.0,158.0,145.9188995361328,-2.1459735504117297,2.596888302384503,-4.919375688355661,-3.0109640771280004,-2.562523617006559,0.3176661651130258,-0.1066196469994336,4.00212132624837,-0.446423268658519,1.3188637483343126
70.0,158.0,153.1660919189453,-2.121447798556532,1.8336876551817392,-4.9380753146679925,-3.094233202647145,-3.0649950223856144,0.8354321701101891,-1.021508757068139,3.955010029302585,-0.4447028575291981,0.7080551592072115
70.0,158.0,142.1283721923828,-2.1192890279676746,1.7984264980446047,-4.92041992272411,-3.023637196291919,-2.4862630705474427,0.8392563093769569,-0.5088082330646075,3.99275164134204,-0.4506043871085918,1.3222941943722175
70.0,158.0,144.48789978027344,-2.141046964113209,1.771880474365917,-4.911381224157521,-3.040130457582591,-2.517262630056656,0.8055665997807893,-1.0369607176572375,3.977882256769657,-0.4549739669163189,1.3219810566530266
70.0,158.0,168.93064880371094,-2.1143543029615848,2.7417360389370447,-4.947112555234055,-2.950462546819259,-2.4983045757484748,0.832187156898341,-0.0723706899640044,3.561794196526201,-0.4126711549953896,1.2696315445852016
70.0,158.0,150.5499267578125,-2.11968739608623,1.755035030369485,-4.927208819748874,-3.0244678618957064,-2.0218319945465275,0.8106048132035997,-1.0135414794231097,3.9867357123238514,-0.4552261932641993,1.349251448476138
70.0,158.0,140.70806884765625,-2.1170765257260005,1.7786727018614492,-4.886691515714032,-3.0032452423189584,-2.490826029221292,0.8457199841861938,-0.5221104655596113,3.970749928697078,-0.4471574466552951,1.3225873864163096
70.0,158.0,143.6717529296875,-2.156491978467087,1.7848226430137946,-4.937289081138338,-3.015584518911508,-2.4952668236488216,0.8392536062907989,-1.048874207228421,3.9749121325547967,-0.4509797059062946,1.3121867831926637
70.0,158.0,140.90138244628906,-2.121863517848713,2.585209060388152,-4.918909906648255,-3.012347819468753,-2.5282123118204005,0.8464799566976576,-0.1144050382294515,3.9756254074696806,-0.4507484263823653,1.324132271759258
70.0,158.0,139.2125701904297,-2.0926770390765874,2.7235304775360705,-4.9313841083903664,-3.017931850522101,-2.5260119396326184,0.8459250190476252,-0.1097818826242017,3.949801695330146,-0.4503936286766797,1.3222553254924845
70.0,158.0,140.52117919921875,-2.1272497769988306,1.774468940747441,-4.918171862643308,-3.039466282870276,-2.4890347571925453,0.8476899259151214,-0.521753245229758,3.96549093137469,-0.4572526271482879,1.3258236409937911
70.0,158.0,146.584716796875,-2.103115268970947,1.7773525520170366,-4.8991595252982325,-3.0347150506673737,-2.5711874065489764,0.8116258795517473,-1.035978714195854,3.971544582710554,-0.4467989748149475,1.6285298446205214
70.0,158.0,143.8277587890625,-2.1248830858866543,1.7802090878779313,-4.936753072080505,-3.0101865241049657,-1.9782824049959105,0.8420858723207358,-1.0500881416038224,3.96241728300316,-0.4534587791217112,1.321746580187323
70.0,158.0,143.25624084472656,-2.126201498395338,1.776447180426718,-4.911038367938904,-3.0189203841660275,-2.5141724623159933,0.8453948594086856,-1.0516125740393008,3.96882708303868,-0.4538285156769916,1.3222958490239185
70.0,158.0,138.2348175048828,-2.124153308589317,2.68965891250709,-4.917731485077325,-3.0320295053783326,-2.4915690251843428,0.8467442528956323,-0.117270585284069,3.961064245141978,-0.4503192027829105,1.3250156147447307
70.0,158.0,155.14508056640625,-2.144416528898283,1.7532622941419214,-4.910340166670732,-3.045212005694971,-1.9538792327145715,0.8337103093690844,-1.0439633387742353,3.904955445319976,-0.4075869564763927,0.7623833671535221
70.0,158.0,140.6323699951172,-2.1256533184603748,1.7913874504541694,-4.921465145438036,-3.032042254476908,-2.5458654929240447,0.8418490111006164,-0.1263063865130635,3.975191829727036,-0.4510944692187897,1.3222620290505078
70.0,158.0,164.7838134765625,-2.201287946000103,2.883458157953075,-4.905830637260957,-3.0350057725369286,-2.524327352940692,0.8633945939224033,-0.171740808340323,4.059535154427085,-0.4070383022576078,1.300570495506068
70.0,158.0,157.8895721435547,-2.151116586352581,1.7765067177928218,-4.954217446239854,-3.688038395004858,-2.586077377730949,0.8144731752930827,-0.6122097261475492,3.624379146848815,-0.454328507982406,0.9702287003031408
70.0,158.0,160.38934326171875,-2.1239526524329047,1.7532778008160277,-4.793683137872873,-2.992665936417859,-3.0883299703921034,0.7444479414625762,-1.0498487622640318,3.959048847339001,-0.7967959506285662,0.7170082799296202
70.0,158.0,139.94009399414062,-2.1249625519960413,2.647465022592172,-4.922554413040449,-3.0175434074719405,-2.489694054616184,0.8292577207293954,-0.5190332063594714,3.9723931283427993,-0.4503137733380253,1.3214450048130568
70.0,158.0,155.30633544921875,-2.110355142561264,1.7355664246072802,-4.897661520156259,-3.0945963635771343,-3.0647722813398968,0.8256285834289196,-1.0204516952792135,4.389633871132414,-0.4667985076585941,0.7287559592886229
70.0,158.0,158.0673828125,-2.13478528945232,1.8441109636686763,-4.929363763692761,-3.1294766675918138,-3.0546509867568057,1.330469986782295,-1.0107985278553162,3.543151829295136,-0.4498499097984712,0.7093224768745058
70.0,158.0,151.25607299804688,-2.172037136009037,1.7295055121999343,-4.886813252907739,-3.044272093932116,-2.527211347557737,0.8736419156014977,-1.0803740810791176,4.326682419773425,-0.4568381444550614,1.020613823807618
70.0,158.0,165.35855102539062,-2.0411344005614884,1.8033887960812784,-4.990096883276585,-3.0271535952284765,-1.9850275875294443,0.7502007915430735,-1.0075749577924853,3.0752222344234887,-0.4467256416415724,1.0584411608503208
70.0,158.0,165.263427734375,-2.025108824505472,1.819420873531608,-4.880777358367313,-3.048511178555349,-3.076473591889685,0.724041054625411,-1.045823708623605,4.79798916193166,-0.408550783489008,0.6991762171530035
70.0,158.0,145.60594177246094,-2.0453835525834925,2.6159600859338075,-4.929154938678536,-3.030760784538665,-2.5098512327867453,0.8200212772888618,-0.529623032016878,3.959202619530312,-0.4410775715031466,1.2847111762347103
70.0,158.0,160.2692413330078,-1.055922459328694,1.7735920722761906,-4.937958133848109,-1.695201673496223,-3.064020344723154,0.8372423768827528,-1.0608401158966236,4.429729571994304,-0.4561175576200931,0.7202760905369371
70.0,159.0,157.60691833496094,-2.1221509371431435,1.8392303061078088,-4.902514539010984,-3.0864103908050646,-3.0538475418464337,0.8517324402109121,-1.0171489627324086,3.092931355225164,-0.4559853455206131,0.9824460715350812
70.0,159.0,161.15728759765625,-1.9534206856324816,1.7536378394229737,-4.890109816254475,-3.0956079319477503,-3.0662115030366284,0.8279698431872164,-1.019189610828445,4.304919778195342,-0.4515226464921155,0.7024576952550962
70.0,159.0,139.32833862304688,-2.08817131902122,2.674483873195172,-4.922319748061662,-3.0287992714960743,-2.513783286141139,0.8496565177450722,-0.5469923913485679,3.96800845936754,-0.4520489752543011,1.3210823692950004
70.0,159.0,139.5731658935547,-2.1198360300836963,2.689085994507524,-4.909377199846109,-3.030862694289888,-2.534973617837269,0.8475450179372452,-0.5385227267409995,3.974292005461645,-0.4513739637226254,1.3228814343240978
70.0,159.0,141.79917907714844,-2.131607638519989,2.660234824168329,-4.926304155596871,-3.0322193158822293,-2.5068816707304484,0.8347325252682861,-0.0492123369358135,3.959624406964856,-0.452302116852776,1.322530420972145
70.0,159.0,150.95826721191406,-2.1262525097823337,1.7737189882144293,-4.926724315985826,-3.0259742329384216,-2.437463469842107,1.4099652745982325,-1.0262765149084487,3.9233814230264574,-0.4512474950726279,1.609887845109697
70.0,159.0,156.08035278320312,-2.1580996450789263,1.728328627406782,-4.879695436337815,-3.0850529772078543,-3.06587044186364,0.8359929899162684,-1.015638048938622,3.5437633377229565,-0.4462973345896071,0.7233871726910266
70.0,159.0,145.83074951171875,-2.1182021524849444,1.8078905911135548,-4.935700425047287,-2.9794937688851824,-2.4827301949732017,0.8507230196630945,-1.052661683502819,3.970937820545013,-0.4537632926829645,1.6362450208066313
70.0,159.0,142.9798126220703,-2.1220829198845297,1.779816139448701,-4.916527573251591,-3.02469365005042,-2.497106128890054,0.8394429982048441,-1.0497138158275474,3.959478534814511,-0.4503832498699787,1.3264084915991838
70.0,159.0,140.63870239257812,-2.10679926390394,1.7715796026297312,-4.924155837395888,-3.028278571499607,-2.490646394218512,0.841984296736348,-0.5156651528705621,3.973258449190348,-0.4521359260348891,1.3215050127700307
70.0,159.0,138.2392120361328,-2.1227412258434466,2.7012639446504543,-4.919102984144208,-3.032125366894064,-2.5094975779625885,0.8428615704720607,-0.1074845291118139,3.97624490950397,-0.4506147177494688,1.3222586778689378
70.0,159.0,145.51785278320312,-2.126771842195532,1.7670477007423182,-4.9204922003124985,-3.0347375076084453,-2.5383422307312813,0.8687211962592126,-1.0296164895992543,3.981699626098981,-0.4690457710752135,1.3215946527643532
70.0,159.0,139.1177978515625,-2.121924358678077,2.666080249734612,-4.918759838099927,-3.032773542817324,-2.490193648566313,0.8467825409558875,-0.5280131587354278,3.967725551798917,-0.4509176876331131,1.322280599399067
70.0,159.0,143.77976989746094,-2.090505492232815,1.7746837755457456,-4.927630124357569,-3.0560179816904194,-2.484891176152149,0.8273372251040916,-1.050737962835111,3.954398361079628,-0.4518568018256002,1.3213216143176292
70.0,159.0,177.90628051757812,-0.9480992037287066,1.6698462529856726,-4.92126265432442,-3.066282443454009,-3.048841576344093,1.9184003846581128,-1.029547548154336,4.407033002134062,-0.5675828178794807,0.7291447687456702
70.0,159.0,139.0986328125,-2.1202190005297328,2.6603767719328872,-4.916272184909012,-3.0271665075345195,-2.4963317830343765,0.8464306060483866,-0.5381178853507051,3.963408351432082,-0.448809909078135,1.3141410195988157
70.0,159.0,140.55001831054688,-2.122329315786468,1.802061285371577,-4.931716526883416,-3.0283693764857564,-2.486060058575672,0.8457611210177214,-0.5347108318649818,3.980144941527816,-0.4523532917964609,1.322373004556118
70.0,159.0,149.86083984375,-2.12290973532822,1.7678672280638843,-4.933681346827862,-3.0281690041240785,-2.4860633919118627,0.9010736490337464,-1.0043492977172703,4.342770552392945,-0.4457589969867184,1.2979840525979809
70.0,159.0,155.2960662841797,-2.2266314691725286,1.788375596851226,-4.950584305584922,-3.049071767262101,-2.638683652418841,0.8465118506007967,-0.1054621583886064,4.8594375544309925,-0.4437755791998702,1.355552198023204
70.0,159.0,138.37705993652344,-2.122714904615392,2.670638671875961,-4.919153420636971,-3.031966039581508,-2.5160680906985378,0.846655034123982,-0.1112124613833414,3.97682799674141,-0.4506444637468742,1.3222653053134326
70.0,159.0,139.59051513671875,-2.123243661393184,2.6043407860870045,-4.919936873031417,-3.034383612325169,-2.500176349850783,0.8463203903863397,-0.1069536629039737,3.976705190236429,-0.4502998856851292,1.3189047561779537
70.0,159.0,139.24049377441406,-2.122952978603168,2.70020178203428,-4.9094442719968265,-3.03447883586124,-2.4897371704606464,0.8453880164933214,-0.5275536671755963,3.970888576625884,-0.4506163248250027,1.3280531216495697
70.0,159.0,145.9188995361328,-2.1459735504117297,2.596888302384503,-4.919375688355661,-3.0109640771280004,-2.562523617006559,0.3176661651130258,-0.1066196469994336,4.00212132624837,-0.446423268658519,1.3188637483343126
70.0,159.0,153.1660919189453,-2.121447798556532,1.8336876551817392,-4.9380753146679925,-3.094233202647145,-3.0649950223856144,0.8354321701101891,-1.021508757068139,3.955010029302585,-0.4447028575291981,0.7080551592072115
70.0,159.0,142.1283721923828,-2.1192890279676746,1.7984264980446047,-4.92041992272411,-3.023637196291919,-2.4862630705474427,0.8392563093769569,-0.5088082330646075,3.99275164134204,-0.4506043871085918,1.3222941943722175
70.0,159.0,144.48789978027344,-2.141046964113209,1.771880474365917,-4.911381224157521,-3.040130457582591,-2.517262630056656,0.8055665997807893,-1.0369607176572375,3.977882256769657,-0.4549739669163189,1.3219810566530266
70.0,159.0,168.93064880371094,-2.1143543029615848,2.7417360389370447,-4.947112555234055,-2.950462546819259,-2.4983045757484748,0.832187156898341,-0.0723706899640044,3.561794196526201,-0.4126711549953896,1.2696315445852016
70.0,159.0,150.5499267578125,-2.11968739608623,1.755035030369485,-4.927208819748874,-3.0244678618957064,-2.0218319945465275,0.8106048132035997,-1.0135414794231097,3.9867357123238514,-0.4552261932641993,1.349251448476138
70.0,159.0,140.70806884765625,-2.1170765257260005,1.7786727018614492,-4.886691515714032,-3.0032452423189584,-2.490826029221292,0.8457199841861938,-0.5221104655596113,3.970749928697078,-0.4471574466552951,1.3225873864163096
70.0,159.0,143.6717529296875,-2.156491978467087,1.7848226430137946,-4.937289081138338,-3.015584518911508,-2.4952668236488216,0.8392536062907989,-1.048874207228421,3.9749121325547967,-0.4509797059062946,1.3121867831926637
70.0,159.0,140.90138244628906,-2.121863517848713,2.585209060388152,-4.918909906648255,-3.012347819468753,-2.5282123118204005,0.8464799566976576,-0.1144050382294515,3.9756254074696806,-0.4507484263823653,1.324132271759258
70.0,159.0,139.2125701904297,-2.0926770390765874,2.7235304775360705,-4.9313841083903664,-3.017931850522101,-2.5260119396326184,0.8459250190476252,-0.1097818826242017,3.949801695330146,-0.4503936286766797,1.3222553254924845
70.0,159.0,140.52117919921875,-2.1272497769988306,1.774468940747441,-4.918171862643308,-3.039466282870276,-2.4890347571925453,0.8476899259151214,-0.521753245229758,3.96549093137469,-0.4572526271482879,1.3258236409937911
70.0,159.0,146.584716796875,-2.103115268970947,1.7773525520170366,-4.8991595252982325,-3.0347150506673737,-2.5711874065489764,0.8116258795517473,-1.035978714195854,3.971544582710554,-0.4467989748149475,1.6285298446205214
70.0,159.0,143.8277587890625,-2.1248830858866543,1.7802090878779313,-4.936753072080505,-3.0101865241049657,-1.9782824049959105,0.8420858723207358,-1.0500881416038224,3.96241728300316,-0.4534587791217112,1.321746580187323
70.0,159.0,143.25624084472656,-2.126201498395338,1.776447180426718,-4.911038367938904,-3.0189203841660275,-2.5141724623159933,0.8453948594086856,-1.0516125740393008,3.96882708303868,-0.4538285156769916,1.3222958490239185
70.0,159.0,138.2348175048828,-2.124153308589317,2.68965891250709,-4.917731485077325,-3.0320295053783326,-2.4915690251843428,0.8467442528956323,-0.117270585284069,3.961064245141978,-0.4503192027829105,1.3250156147447307
70.0,159.0,155.14508056640625,-2.144416528898283,1.7532622941419214,-4.910340166670732,-3.045212005694971,-1.9538792327145715,0.8337103093690844,-1.0439633387742353,3.904955445319976,-0.4075869564763927,0.7623833671535221
70.0,159.0,140.6323699951172,-2.1256533184603748,1.7913874504541694,-4.921465145438036,-3.032042254476908,-2.5458654929240447,0.8418490111006164,-0.1263063865130635,3.975191829727036,-0.4510944692187897,1.3222620290505078
70.0,159.0,164.4371337890625,-2.115449564131328,1.999476836337868,-4.893000682277377,-3.0199116615295005,-2.5192619029106247,0.8318393892516645,-0.0404190345220799,4.013890607827122,-0.4781138382485002,1.342657834838901
70.0,159.0,157.8895721435547,-2.151116586352581,1.7765067177928218,-4.954217446239854,-3.688038395004858,-2.586077377730949,0.8144731752930827,-0.6122097261475492,3.624379146848815,-0.454328507982406,0.9702287003031408
70.0,159.0,160.38934326171875,-2.1239526524329047,1.7532778008160277,-4.793683137872873,-2.992665936417859,-3.0883299703921034,0.7444479414625762,-1.0498487622640318,3.959048847339001,-0.7967959506285662,0.7170082799296202
70.0,159.0,139.94009399414062,-2.1249625519960413,2.647465022592172,-4.922554413040449,-3.0175434074719405,-2.489694054616184,0.8292577207293954,-0.5190332063594714,3.9723931283427993,-0.4503137733380253,1.3214450048130568
70.0,159.0,155.30633544921875,-2.110355142561264,1.7355664246072802,-4.897661520156259,-3.0945963635771343,-3.0647722813398968,0.8256285834289196,-1.0204516952792135,4.389633871132414,-0.4667985076585941,0.7287559592886229
70.0,159.0,158.0673828125,-2.13478528945232,1.8441109636686763,-4.929363763692761,-3.1294766675918138,-3.0546509867568057,1.330469986782295,-1.0107985278553162,3.543151829295136,-0.4498499097984712,0.7093224768745058
70.0,159.0,151.25607299804688,-2.172037136009037,1.7295055121999343,-4.886813252907739,-3.044272093932116,-2.527211347557737,0.8736419156014977,-1.0803740810791176,4.326682419773425,-0.4568381444550614,1.020613823807618
70.0,159.0,165.35855102539062,-2.0411344005614884,1.8033887960812784,-4.990096883276585,-3.0271535952284765,-1.9850275875294443,0.7502007915430735,-1.0075749577924853,3.0752222344234887,-0.4467256416415724,1.0584411608503208
70.0,159.0,165.263427734375,-2.025108824505472,1.819420873531608,-4.880777358367313,-3.048511178555349,-3.076473591889685,0.724041054625411,-1.045823708623605,4.79798916193166,-0.408550783489008,0.6991762171530035
70.0,159.0,145.60594177246094,-2.0453835525834925,2.6159600859338075,-4.929154938678536,-3.030760784538665,-2.5098512327867453,0.8200212772888618,-0.529623032016878,3.959202619530312,-0.4410775715031466,1.2847111762347103
70.0,159.0,160.2692413330078,-1.055922459328694,1.7735920722761906,-4.937958133848109,-1.695201673496223,-3.064020344723154,0.8372423768827528,-1.0608401158966236,4.429729571994304,-0.4561175576200931,0.7202760905369371
70.0,160.0,157.60691833496094,-2.1221509371431435,1.8392303061078088,-4.902514539010984,-3.0864103908050646,-3.0538475418464337,0.8517324402109121,-1.0171489627324086,3.092931355225164,-0.4559853455206131,0.9824460715350812
70.0,160.0,161.15728759765625,-1.9534206856324816,1.7536378394229737,-4.890109816254475,-3.0956079319477503,-3.0662115030366284,0.8279698431872164,-1.019189610828445,4.304919778195342,-0.4515226464921155,0.7024576952550962
70.0,160.0,139.32833862304688,-2.08817131902122,2.674483873195172,-4.922319748061662,-3.0287992714960743,-2.513783286141139,0.8496565177450722,-0.5469923913485679,3.96800845936754,-0.4520489752543011,1.3210823692950004
70.0,160.0,139.5731658935547,-2.1198360300836963,2.689085994507524,-4.909377199846109,-3.030862694289888,-2.534973617837269,0.8475450179372452,-0.5385227267409995,3.974292005461645,-0.4513739637226254,1.3228814343240978
70.0,160.0,141.79917907714844,-2.131607638519989,2.660234824168329,-4.926304155596871,-3.0322193158822293,-2.5068816707304484,0.8347325252682861,-0.0492123369358135,3.959624406964856,-0.452302116852776,1.322530420972145
70.0,160.0,150.95826721191406,-2.1262525097823337,1.7737189882144293,-4.926724315985826,-3.0259742329384216,-2.437463469842107,1.4099652745982325,-1.0262765149084487,3.9233814230264574,-0.4512474950726279,1.609887845109697
70.0,160.0,156.08035278320312,-2.1580996450789263,1.728328627406782,-4.879695436337815,-3.0850529772078543,-3.06587044186364,0.8359929899162684,-1.015638048938622,3.5437633377229565,-0.4462973345896071,0.7233871726910266
70.0,160.0,145.83074951171875,-2.1182021524849444,1.8078905911135548,-4.935700425047287,-2.9794937688851824,-2.4827301949732017,0.8507230196630945,-1.052661683502819,3.970937820545013,-0.4537632926829645,1.6362450208066313
70.0,160.0,142.9798126220703,-2.1220829198845297,1.779816139448701,-4.916527573251591,-3.02469365005042,-2.497106128890054,0.8394429982048441,-1.0497138158275474,3.959478534814511,-0.4503832498699787,1.3264084915991838
70.0,160.0,140.63870239257812,-2.10679926390394,1.7715796026297312,-4.924155837395888,-3.028278571499607,-2.490646394218512,0.841984296736348,-0.5156651528705621,3.973258449190348,-0.4521359260348891,1.3215050127700307
70.0,160.0,138.2392120361328,-2.1227412258434466,2.7012639446504543,-4.919102984144208,-3.032125366894064,-2.5094975779625885,0.8428615704720607,-0.1074845291118139,3.97624490950397,-0.4506147177494688,1.3222586778689378
70.0,160.0,145.51785278320312,-2.126771842195532,1.7670477007423182,-4.9204922003124985,-3.0347375076084453,-2.5383422307312813,0.8687211962592126,-1.0296164895992543,3.981699626098981,-0.4690457710752135,1.3215946527643532
70.0,160.0,139.1177978515625,-2.121924358678077,2.666080249734612,-4.918759838099927,-3.032773542817324,-2.490193648566313,0.8467825409558875,-0.5280131587354278,3.967725551798917,-0.4509176876331131,1.322280599399067
70.0,160.0,143.77976989746094,-2.090505492232815,1.7746837755457456,-4.927630124357569,-3.0560179816904194,-2.484891176152149,0.8273372251040916,-1.050737962835111,3.954398361079628,-0.4518568018256002,1.3213216143176292
70.0,160.0,177.90628051757812,-0.9480992037287066,1.6698462529856726,-4.92126265432442,-3.066282443454009,-3.048841576344093,1.9184003846581128,-1.029547548154336,4.407033002134062,-0.5675828178794807,0.7291447687456702
70.0,160.0,138.32513427734375,-2.1256893839874667,2.6667844930378384,-4.915646091626083,-3.0254366805520863,-2.501342208661987,0.8450772304569997,-0.11748496797625,3.967493360296071,-0.4529039989692923,1.323659995227837
70.0,160.0,140.55001831054688,-2.122329315786468,1.802061285371577,-4.931716526883416,-3.0283693764857564,-2.486060058575672,0.8457611210177214,-0.5347108318649818,3.980144941527816,-0.4523532917964609,1.322373004556118
70.0,160.0,149.86083984375,-2.12290973532822,1.7678672280638843,-4.933681346827862,-3.0281690041240785,-2.4860633919118627,0.9010736490337464,-1.0043492977172703,4.342770552392945,-0.4457589969867184,1.2979840525979809
70.0,160.0,155.2960662841797,-2.2266314691725286,1.788375596851226,-4.950584305584922,-3.049071767262101,-2.638683652418841,0.8465118506007967,-0.1054621583886064,4.8594375544309925,-0.4437755791998702,1.355552198023204
70.0,160.0,138.37705993652344,-2.122714904615392,2.670638671875961,-4.919153420636971,-3.031966039581508,-2.5160680906985378,0.846655034123982,-0.1112124613833414,3.97682799674141,-0.4506444637468742,1.3222653053134326
70.0,160.0,139.59051513671875,-2.123243661393184,2.6043407860870045,-4.919936873031417,-3.034383612325169,-2.500176349850783,0.8463203903863397,-0.1069536629039737,3.976705190236429,-0.4502998856851292,1.3189047561779537
70.0,160.0,139.24049377441406,-2.122952978603168,2.70020178203428,-4.9094442719968265,-3.03447883586124,-2.4897371704606464,0.8453880164933214,-0.5275536671755963,3.970888576625884,-0.4506163248250027,1.3280531216495697
70.0,160.0,145.9188995361328,-2.1459735504117297,2.596888302384503,-4.919375688355661,-3.0109640771280004,-2.562523617006559,0.3176661651130258,-0.1066196469994336,4.00212132624837,-0.446423268658519,1.3188637483343126
70.0,160.0,153.1660919189453,-2.121447798556532,1.8336876551817392,-4.9380753146679925,-3.094233202647145,-3.0649950223856144,0.8354321701101891,-1.021508757068139,3.955010029302585,-0.4447028575291981,0.7080551592072115
70.0,160.0,142.1283721923828,-2.1192890279676746,1.7984264980446047,-4.92041992272411,-3.023637196291919,-2.4862630705474427,0.8392563093769569,-0.5088082330646075,3.99275164134204,-0.4506043871085918,1.3222941943722175
70.0,160.0,144.48789978027344,-2.141046964113209,1.771880474365917,-4.911381224157521,-3.040130457582591,-2.517262630056656,0.8055665997807893,-1.0369607176572375,3.977882256769657,-0.4549739669163189,1.3219810566530266
70.0,160.0,168.93064880371094,-2.1143543029615848,2.7417360389370447,-4.947112555234055,-2.950462546819259,-2.4983045757484748,0.832187156898341,-0.0723706899640044,3.561794196526201,-0.4126711549953896,1.2696315445852016
70.0,160.0,150.5499267578125,-2.11968739608623,1.755035030369485,-4.927208819748874,-3.0244678618957064,-2.0218319945465275,0.8106048132035997,-1.0135414794231097,3.9867357123238514,-0.4552261932641993,1.349251448476138
70.0,160.0,140.70806884765625,-2.1170765257260005,1.7786727018614492,-4.886691515714032,-3.0032452423189584,-2.490826029221292,0.8457199841861938,-0.5221104655596113,3.970749928697078,-0.4471574466552951,1.3225873864163096
70.0,160.0,143.6717529296875,-2.156491978467087,1.7848226430137946,-4.937289081138338,-3.015584518911508,-2.4952668236488216,0.8392536062907989,-1.048874207228421,3.9749121325547967,-0.4509797059062946,1.3121867831926637
70.0,160.0,140.90138244628906,-2.121863517848713,2.585209060388152,-4.918909906648255,-3.012347819468753,-2.5282123118204005,0.8464799566976576,-0.1144050382294515,3.9756254074696806,-0.4507484263823653,1.324132271759258
70.0,160.0,139.2125701904297,-2.0926770390765874,2.7235304775360705,-4.9313841083903664,-3.017931850522101,-2.5260119396326184,0.8459250190476252,-0.1097818826242017,3.949801695330146,-0.4503936286766797,1.3222553254924845
70.0,160.0,140.52117919921875,-2.1272497769988306,1.774468940747441,-4.918171862643308,-3.039466282870276,-2.4890347571925453,0.8476899259151214,-0.521753245229758,3.96549093137469,-0.4572526271482879,1.3258236409937911
70.0,160.0,146.584716796875,-2.103115268970947,1.7773525520170366,-4.8991595252982325,-3.0347150506673737,-2.5711874065489764,0.8116258795517473,-1.035978714195854,3.971544582710554,-0.4467989748149475,1.6285298446205214
70.0,160.0,143.8277587890625,-2.1248830858866543,1.7802090878779313,-4.936753072080505,-3.0101865241049657,-1.9782824049959105,0.8420858723207358,-1.0500881416038224,3.96241728300316,-0.4534587791217112,1.321746580187323
70.0,160.0,143.25624084472656,-2.126201498395338,1.776447180426718,-4.911038367938904,-3.0189203841660275,-2.5141724623159933,0.8453948594086856,-1.0516125740393008,3.96882708303868,-0.4538285156769916,1.3222958490239185
70.0,160.0,138.2348175048828,-2.124153308589317,2.68965891250709,-4.917731485077325,-3.0320295053783326,-2.4915690251843428,0.8467442528956323,-0.117270585284069,3.961064245141978,-0.4503192027829105,1.3250156147447307
70.0,160.0,155.14508056640625,-2.144416528898283,1.7532622941419214,-4.910340166670732,-3.045212005694971,-1.9538792327145715,0.8337103093690844,-1.0439633387742353,3.904955445319976,-0.4075869564763927,0.7623833671535221
70.0,160.0,140.6323699951172,-2.1256533184603748,1.7913874504541694,-4.921465145438036,-3.032042254476908,-2.5458654929240447,0.8418490111006164,-0.1263063865130635,3.975191829727036,-0.4510944692187897,1.3222620290505078
70.0,160.0,164.4371337890625,-2.115449564131328,1.999476836337868,-4.893000682277377,-3.0199116615295005,-2.5192619029106247,0.8318393892516645,-0.0404190345220799,4.013890607827122,-0.4781138382485002,1.342657834838901
70.0,160.0,157.8895721435547,-2.151116586352581,1.7765067177928218,-4.954217446239854,-3.688038395004858,-2.586077377730949,0.8144731752930827,-0.6122097261475492,3.624379146848815,-0.454328507982406,0.9702287003031408
70.0,160.0,160.38934326171875,-2.1239526524329047,1.7532778008160277,-4.793683137872873,-2.992665936417859,-3.0883299703921034,0.7444479414625762,-1.0498487622640318,3.959048847339001,-0.7967959506285662,0.7170082799296202
70.0,160.0,139.94009399414062,-2.1249625519960413,2.647465022592172,-4.922554413040449,-3.0175434074719405,-2.489694054616184,0.8292577207293954,-0.5190332063594714,3.9723931283427993,-0.4503137733380253,1.3214450048130568
70.0,160.0,155.30633544921875,-2.110355142561264,1.7355664246072802,-4.897661520156259,-3.0945963635771343,-3.0647722813398968,0.8256285834289196,-1.0204516952792135,4.389633871132414,-0.4667985076585941,0.7287559592886229
70.0,160.0,158.0673828125,-2.13478528945232,1.8441109636686763,-4.929363763692761,-3.1294766675918138,-3.0546509867568057,1.330469986782295,-1.0107985278553162,3.543151829295136,-0.4498499097984712,0.7093224768745058
70.0,160.0,151.25607299804688,-2.172037136009037,1.7295055121999343,-4.886813252907739,-3.044272093932116,-2.527211347557737,0.8736419156014977,-1.0803740810791176,4.326682419773425,-0.4568381444550614,1.020613823807618
70.0,160.0,165.35855102539062,-2.0411344005614884,1.8033887960812784,-4.990096883276585,-3.0271535952284765,-1.9850275875294443,0.7502007915430735,-1.0075749577924853,3.0752222344234887,-0.4467256416415724,1.0584411608503208
70.0,160.0,165.263427734375,-2.025108824505472,1.819420873531608,-4.880777358367313,-3.048511178555349,-3.076473591889685,0.724041054625411,-1.045823708623605,4.79798916193166,-0.408550783489008,0.6991762171530035
70.0,160.0,145.60594177246094,-2.0453835525834925,2.6159600859338075,-4.929154938678536,-3.030760784538665,-2.5098512327867453,0.8200212772888618,-0.529623032016878,3.959202619530312,-0.4410775715031466,1.2847111762347103
70.0,160.0,160.2692413330078,-1.055922459328694,1.7735920722761906,-4.937958133848109,-1.695201673496223,-3.064020344723154,0.8372423768827528,-1.0608401158966236,4.429729571994304,-0.4561175576200931,0.7202760905369371
70.0,161.0,157.60691833496094,-2.1221509371431435,1.8392303061078088,-4.902514539010984,-3.0864103908050646,-3.0538475418464337,0.8517324402109121,-1.0171489627324086,3.092931355225164,-0.4559853455206131,0.9824460715350812
70.0,161.0,161.15728759765625,-1.9534206856324816,1.7536378394229737,-4.890109816254475,-3.0956079319477503,-3.0662115030366284,0.8279698431872164,-1.019189610828445,4.304919778195342,-0.4515226464921155,0.7024576952550962
70.0,161.0,139.32833862304688,-2.08817131902122,2.674483873195172,-4.922319748061662,-3.0287992714960743,-2.513783286141139,0.8496565177450722,-0.5469923913485679,3.96800845936754,-0.4520489752543011,1.3210823692950004
70.0,161.0,139.5731658935547,-2.1198360300836963,2.689085994507524,-4.909377199846109,-3.030862694289888,-2.534973617837269,0.8475450179372452,-0.5385227267409995,3.974292005461645,-0.4513739637226254,1.3228814343240978
70.0,161.0,141.79917907714844,-2.131607638519989,2.660234824168329,-4.926304155596871,-3.0322193158822293,-2.5068816707304484,0.8347325252682861,-0.0492123369358135,3.959624406964856,-0.452302116852776,1.322530420972145
70.0,161.0,150.95826721191406,-2.1262525097823337,1.7737189882144293,-4.926724315985826,-3.0259742329384216,-2.437463469842107,1.4099652745982325,-1.0262765149084487,3.9233814230264574,-0.4512474950726279,1.609887845109697
70.0,161.0,156.08035278320312,-2.1580996450789263,1.728328627406782,-4.879695436337815,-3.0850529772078543,-3.06587044186364,0.8359929899162684,-1.015638048938622,3.5437633377229565,-0.4462973345896071,0.7233871726910266
70.0,161.0,145.83074951171875,-2.1182021524849444,1.8078905911135548,-4.935700425047287,-2.9794937688851824,-2.4827301949732017,0.8507230196630945,-1.052661683502819,3.970937820545013,-0.4537632926829645,1.6362450208066313
70.0,161.0,142.9798126220703,-2.1220829198845297,1.779816139448701,-4.916527573251591,-3.02469365005042,-2.497106128890054,0.8394429982048441,-1.0497138158275474,3.959478534814511,-0.4503832498699787,1.3264084915991838
70.0,161.0,140.63870239257812,-2.10679926390394,1.7715796026297312,-4.924155837395888,-3.028278571499607,-2.490646394218512,0.841984296736348,-0.5156651528705621,3.973258449190348,-0.4521359260348891,1.3215050127700307
70.0,161.0,138.126953125,-2.1272306233272644,2.690066396129517,-4.927198307750801,-3.032003746265965,-2.490070588514618,0.8422034147194823,-0.1131584858197553,3.965080573637964,-0.4503542826379362,1.3242440231654982
70.0,161.0,145.51785278320312,-2.126771842195532,1.7670477007423182,-4.9204922003124985,-3.0347375076084453,-2.5383422307312813,0.8687211962592126,-1.0296164895992543,3.981699626098981,-0.4690457710752135,1.3215946527643532
70.0,161.0,139.1177978515625,-2.121924358678077,2.666080249734612,-4.918759838099927,-3.032773542817324,-2.490193648566313,0.8467825409558875,-0.5280131587354278,3.967725551798917,-0.4509176876331131,1.322280599399067
70.0,161.0,143.77976989746094,-2.090505492232815,1.7746837755457456,-4.927630124357569,-3.0560179816904194,-2.484891176152149,0.8273372251040916,-1.050737962835111,3.954398361079628,-0.4518568018256002,1.3213216143176292
70.0,161.0,177.90628051757812,-0.9480992037287066,1.6698462529856726,-4.92126265432442,-3.066282443454009,-3.048841576344093,1.9184003846581128,-1.029547548154336,4.407033002134062,-0.5675828178794807,0.7291447687456702
70.0,161.0,138.32513427734375,-2.1256893839874667,2.6667844930378384,-4.915646091626083,-3.0254366805520863,-2.501342208661987,0.8450772304569997,-0.11748496797625,3.967493360296071,-0.4529039989692923,1.323659995227837
70.0,161.0,140.55001831054688,-2.122329315786468,1.802061285371577,-4.931716526883416,-3.0283693764857564,-2.486060058575672,0.8457611210177214,-0.5347108318649818,3.980144941527816,-0.4523532917964609,1.322373004556118
70.0,161.0,149.86083984375,-2.12290973532822,1.7678672280638843,-4.933681346827862,-3.0281690041240785,-2.4860633919118627,0.9010736490337464,-1.0043492977172703,4.342770552392945,-0.4457589969867184,1.2979840525979809
70.0,161.0,155.2960662841797,-2.2266314691725286,1.788375596851226,-4.950584305584922,-3.049071767262101,-2.638683652418841,0.8465118506007967,-0.1054621583886064,4.8594375544309925,-0.4437755791998702,1.355552198023204
70.0,161.0,138.37705993652344,-2.122714904615392,2.670638671875961,-4.919153420636971,-3.031966039581508,-2.5160680906985378,0.846655034123982,-0.1112124613833414,3.97682799674141,-0.4506444637468742,1.3222653053134326
70.0,161.0,139.03466796875,-2.124093785915052,2.705153527687594,-4.916764456486165,-3.043737883157421,-2.525833800920392,0.8464824500028444,-0.1147045345830614,3.979672715500997,-0.4502729055998458,1.3171971529547368
70.0,161.0,139.24049377441406,-2.122952978603168,2.70020178203428,-4.9094442719968265,-3.03447883586124,-2.4897371704606464,0.8453880164933214,-0.5275536671755963,3.970888576625884,-0.4506163248250027,1.3280531216495697
70.0,161.0,144.79837036132812,-2.120418202028828,2.702852881634415,-4.917829647122744,-3.031361123196514,-2.453641598600588,0.3506316169712893,-0.1071785873208478,3.9473317624394286,-0.4529752130595609,1.3248755116108986
70.0,161.0,153.1660919189453,-2.121447798556532,1.8336876551817392,-4.9380753146679925,-3.094233202647145,-3.0649950223856144,0.8354321701101891,-1.021508757068139,3.955010029302585,-0.4447028575291981,0.7080551592072115
70.0,161.0,142.1283721923828,-2.1192890279676746,1.7984264980446047,-4.92041992272411,-3.023637196291919,-2.4862630705474427,0.8392563093769569,-0.5088082330646075,3.99275164134204,-0.4506043871085918,1.3222941943722175
70.0,161.0,144.48789978027344,-2.141046964113209,1.771880474365917,-4.911381224157521,-3.040130457582591,-2.517262630056656,0.8055665997807893,-1.0369607176572375,3.977882256769657,-0.4549739669163189,1.3219810566530266
70.0,161.0,168.93064880371094,-2.1143543029615848,2.7417360389370447,-4.947112555234055,-2.950462546819259,-2.4983045757484748,0.832187156898341,-0.0723706899640044,3.561794196526201,-0.4126711549953896,1.2696315445852016
70.0,161.0,150.5499267578125,-2.11968739608623,1.755035030369485,-4.927208819748874,-3.0244678618957064,-2.0218319945465275,0.8106048132035997,-1.0135414794231097,3.9867357123238514,-0.4552261932641993,1.349251448476138
70.0,161.0,140.70806884765625,-2.1170765257260005,1.7786727018614492,-4.886691515714032,-3.0032452423189584,-2.490826029221292,0.8457199841861938,-0.5221104655596113,3.970749928697078,-0.4471574466552951,1.3225873864163096
70.0,161.0,143.6717529296875,-2.156491978467087,1.7848226430137946,-4.937289081138338,-3.015584518911508,-2.4952668236488216,0.8392536062907989,-1.048874207228421,3.9749121325547967,-0.4509797059062946,1.3121867831926637
70.0,161.0,140.90138244628906,-2.121863517848713,2.585209060388152,-4.918909906648255,-3.012347819468753,-2.5282123118204005,0.8464799566976576,-0.1144050382294515,3.9756254074696806,-0.4507484263823653,1.324132271759258
70.0,161.0,139.2125701904297,-2.0926770390765874,2.7235304775360705,-4.9313841083903664,-3.017931850522101,-2.5260119396326184,0.8459250190476252,-0.1097818826242017,3.949801695330146,-0.4503936286766797,1.3222553254924845
70.0,161.0,140.52117919921875,-2.1272497769988306,1.774468940747441,-4.918171862643308,-3.039466282870276,-2.4890347571925453,0.8476899259151214,-0.521753245229758,3.96549093137469,-0.4572526271482879,1.3258236409937911
70.0,161.0,146.584716796875,-2.103115268970947,1.7773525520170366,-4.8991595252982325,-3.0347150506673737,-2.5711874065489764,0.8116258795517473,-1.035978714195854,3.971544582710554,-0.4467989748149475,1.6285298446205214
70.0,161.0,143.8277587890625,-2.1248830858866543,1.7802090878779313,-4.936753072080505,-3.0101865241049657,-1.9782824049959105,0.8420858723207358,-1.0500881416038224,3.96241728300316,-0.4534587791217112,1.321746580187323
70.0,161.0,143.25624084472656,-2.126201498395338,1.776447180426718,-4.911038367938904,-3.0189203841660275,-2.5141724623159933,0.8453948594086856,-1.0516125740393008,3.96882708303868,-0.4538285156769916,1.3222958490239185
70.0,161.0,138.2348175048828,-2.124153308589317,2.68965891250709,-4.917731485077325,-3.0320295053783326,-2.4915690251843428,0.8467442528956323,-0.117270585284069,3.961064245141978,-0.4503192027829105,1.3250156147447307
70.0,161.0,155.14508056640625,-2.144416528898283,1.7532622941419214,-4.910340166670732,-3.045212005694971,-1.9538792327145715,0.8337103093690844,-1.0439633387742353,3.904955445319976,-0.4075869564763927,0.7623833671535221
70.0,161.0,140.6323699951172,-2.1256533184603748,1.7913874504541694,-4.921465145438036,-3.032042254476908,-2.5458654929240447,0.8418490111006164,-0.1263063865130635,3.975191829727036,-0.4510944692187897,1.3222620290505078
70.0,161.0,164.4371337890625,-2.115449564131328,1.999476836337868,-4.893000682277377,-3.0199116615295005,-2.5192619029106247,0.8318393892516645,-0.0404190345220799,4.013890607827122,-0.4781138382485002,1.342657834838901
70.0,161.0,157.8895721435547,-2.151116586352581,1.7765067177928218,-4.954217446239854,-3.688038395004858,-2.586077377730949,0.8144731752930827,-0.6122097261475492,3.624379146848815,-0.454328507982406,0.9702287003031408
70.0,161.0,160.38934326171875,-2.1239526524329047,1.7532778008160277,-4.793683137872873,-2.992665936417859,-3.0883299703921034,0.7444479414625762,-1.0498487622640318,3.959048847339001,-0.7967959506285662,0.7170082799296202
70.0,161.0,139.94009399414062,-2.1249625519960413,2.647465022592172,-4.922554413040449,-3.0175434074719405,-2.489694054616184,0.8292577207293954,-0.5190332063594714,3.9723931283427993,-0.4503137733380253,1.3214450048130568
70.0,161.0,155.30633544921875,-2.110355142561264,1.7355664246072802,-4.897661520156259,-3.0945963635771343,-3.0647722813398968,0.8256285834289196,-1.0204516952792135,4.389633871132414,-0.4667985076585941,0.7287559592886229
70.0,161.0,158.0673828125,-2.13478528945232,1.8441109636686763,-4.929363763692761,-3.1294766675918138,-3.0546509867568057,1.330469986782295,-1.0107985278553162,3.543151829295136,-0.4498499097984712,0.7093224768745058
70.0,161.0,151.25607299804688,-2.172037136009037,1.7295055121999343,-4.886813252907739,-3.044272093932116,-2.527211347557737,0.8736419156014977,-1.0803740810791176,4.326682419773425,-0.4568381444550614,1.020613823807618
70.0,161.0,165.35855102539062,-2.0411344005614884,1.8033887960812784,-4.990096883276585,-3.0271535952284765,-1.9850275875294443,0.7502007915430735,-1.0075749577924853,3.0752222344234887,-0.4467256416415724,1.0584411608503208
70.0,161.0,165.263427734375,-2.025108824505472,1.819420873531608,-4.880777358367313,-3.048511178555349,-3.076473591889685,0.724041054625411,-1.045823708623605,4.79798916193166,-0.408550783489008,0.6991762171530035
70.0,161.0,145.60594177246094,-2.0453835525834925,2.6159600859338075,-4.929154938678536,-3.030760784538665,-2.5098512327867453,0.8200212772888618,-0.529623032016878,3.959202619530312,-0.4410775715031466,1.2847111762347103
70.0,161.0,160.2692413330078,-1.055922459328694,1.7735920722761906,-4.937958133848109,-1.695201673496223,-3.064020344723154,0.8372423768827528,-1.0608401158966236,4.429729571994304,-0.4561175576200931,0.7202760905369371
70.0,162.0,157.60691833496094,-2.1221509371431435,1.8392303061078088,-4.902514539010984,-3.0864103908050646,-3.0538475418464337,0.8517324402109121,-1.0171489627324086,3.092931355225164,-0.4559853455206131,0.9824460715350812
70.0,162.0,161.15728759765625,-1.9534206856324816,1.7536378394229737,-4.890109816254475,-3.0956079319477503,-3.0662115030366284,0.8279698431872164,-1.019189610828445,4.304919778195342,-0.4515226464921155,0.7024576952550962
70.0,162.0,139.32833862304688,-2.08817131902122,2.674483873195172,-4.922319748061662,-3.0287992714960743,-2.513783286141139,0.8496565177450722,-0.5469923913485679,3.96800845936754,-0.4520489752543011,1.3210823692950004
70.0,162.0,139.5731658935547,-2.1198360300836963,2.689085994507524,-4.909377199846109,-3.030862694289888,-2.534973617837269,0.8475450179372452,-0.5385227267409995,3.974292005461645,-0.4513739637226254,1.3228814343240978
70.0,162.0,141.79917907714844,-2.131607638519989,2.660234824168329,-4.926304155596871,-3.0322193158822293,-2.5068816707304484,0.8347325252682861,-0.0492123369358135,3.959624406964856,-0.452302116852776,1.322530420972145
70.0,162.0,150.95826721191406,-2.1262525097823337,1.7737189882144293,-4.926724315985826,-3.0259742329384216,-2.437463469842107,1.4099652745982325,-1.0262765149084487,3.9233814230264574,-0.4512474950726279,1.609887845109697
70.0,162.0,156.08035278320312,-2.1580996450789263,1.728328627406782,-4.879695436337815,-3.0850529772078543,-3.06587044186364,0.8359929899162684,-1.015638048938622,3.5437633377229565,-0.4462973345896071,0.7233871726910266
70.0,162.0,145.83074951171875,-2.1182021524849444,1.8078905911135548,-4.935700425047287,-2.9794937688851824,-2.4827301949732017,0.8507230196630945,-1.052661683502819,3.970937820545013,-0.4537632926829645,1.6362450208066313
70.0,162.0,142.9798126220703,-2.1220829198845297,1.779816139448701,-4.916527573251591,-3.02469365005042,-2.497106128890054,0.8394429982048441,-1.0497138158275474,3.959478534814511,-0.4503832498699787,1.3264084915991838
70.0,162.0,140.63870239257812,-2.10679926390394,1.7715796026297312,-4.924155837395888,-3.028278571499607,-2.490646394218512,0.841984296736348,-0.5156651528705621,3.973258449190348,-0.4521359260348891,1.3215050127700307
70.0,162.0,138.126953125,-2.1272306233272644,2.690066396129517,-4.927198307750801,-3.032003746265965,-2.490070588514618,0.8422034147194823,-0.1131584858197553,3.965080573637964,-0.4503542826379362,1.3242440231654982
70.0,162.0,145.51785278320312,-2.126771842195532,1.7670477007423182,-4.9204922003124985,-3.0347375076084453,-2.5383422307312813,0.8687211962592126,-1.0296164895992543,3.981699626098981,-0.4690457710752135,1.3215946527643532
70.0,162.0,139.1177978515625,-2.121924358678077,2.666080249734612,-4.918759838099927,-3.032773542817324,-2.490193648566313,0.8467825409558875,-0.5280131587354278,3.967725551798917,-0.4509176876331131,1.322280599399067
70.0,162.0,143.77976989746094,-2.090505492232815,1.7746837755457456,-4.927630124357569,-3.0560179816904194,-2.484891176152149,0.8273372251040916,-1.050737962835111,3.954398361079628,-0.4518568018256002,1.3213216143176292
70.0,162.0,177.90628051757812,-0.9480992037287066,1.6698462529856726,-4.92126265432442,-3.066282443454009,-3.048841576344093,1.9184003846581128,-1.029547548154336,4.407033002134062,-0.5675828178794807,0.7291447687456702
70.0,162.0,138.32513427734375,-2.1256893839874667,2.6667844930378384,-4.915646091626083,-3.0254366805520863,-2.501342208661987,0.8450772304569997,-0.11748496797625,3.967493360296071,-0.4529039989692923,1.323659995227837
70.0,162.0,140.55001831054688,-2.122329315786468,1.802061285371577,-4.931716526883416,-3.0283693764857564,-2.486060058575672,0.8457611210177214,-0.5347108318649818,3.980144941527816,-0.4523532917964609,1.322373004556118
70.0,162.0,149.86083984375,-2.12290973532822,1.7678672280638843,-4.933681346827862,-3.0281690041240785,-2.4860633919118627,0.9010736490337464,-1.0043492977172703,4.342770552392945,-0.4457589969867184,1.2979840525979809
70.0,162.0,153.42422485351562,-2.1712822599128625,2.7506921112603933,-4.9357009421419376,-3.0214871446239933,-2.3888446244100923,0.8408622972244227,-0.1085714116586657,4.81794896281856,-0.4513730498314984,0.9819277703972964
70.0,162.0,138.37705993652344,-2.122714904615392,2.670638671875961,-4.919153420636971,-3.031966039581508,-2.5160680906985378,0.846655034123982,-0.1112124613833414,3.97682799674141,-0.4506444637468742,1.3222653053134326
70.0,162.0,139.03466796875,-2.124093785915052,2.705153527687594,-4.916764456486165,-3.043737883157421,-2.525833800920392,0.8464824500028444,-0.1147045345830614,3.979672715500997,-0.4502729055998458,1.3171971529547368
70.0,162.0,139.24049377441406,-2.122952978603168,2.70020178203428,-4.9094442719968265,-3.03447883586124,-2.4897371704606464,0.8453880164933214,-0.5275536671755963,3.970888576625884,-0.4506163248250027,1.3280531216495697
70.0,162.0,144.1287078857422,-2.1287542646444364,2.720623522098074,-4.9249808064290646,-3.029355850372729,-2.4063438539899944,0.883262542170395,-0.1155684009988806,3.967921456210653,-0.4558440352659969,1.326635920869791
70.0,162.0,153.1660919189453,-2.121447798556532,1.8336876551817392,-4.9380753146679925,-3.094233202647145,-3.0649950223856144,0.8354321701101891,-1.021508757068139,3.955010029302585,-0.4447028575291981,0.7080551592072115
70.0,162.0,142.1283721923828,-2.1192890279676746,1.7984264980446047,-4.92041992272411,-3.023637196291919,-2.4862630705474427,0.8392563093769569,-0.5088082330646075,3.99275164134204,-0.4506043871085918,1.3222941943722175
70.0,162.0,144.48789978027344,-2.141046964113209,1.771880474365917,-4.911381224157521,-3.040130457582591,-2.517262630056656,0.8055665997807893,-1.0369607176572375,3.977882256769657,-0.4549739669163189,1.3219810566530266
70.0,162.0,168.93064880371094,-2.1143543029615848,2.7417360389370447,-4.947112555234055,-2.950462546819259,-2.4983045757484748,0.832187156898341,-0.0723706899640044,3.561794196526201,-0.4126711549953896,1.2696315445852016
70.0,162.0,150.5499267578125,-2.11968739608623,1.755035030369485,-4.927208819748874,-3.0244678618957064,-2.0218319945465275,0.8106048132035997,-1.0135414794231097,3.9867357123238514,-0.4552261932641993,1.349251448476138
70.0,162.0,140.70806884765625,-2.1170765257260005,1.7786727018614492,-4.886691515714032,-3.0032452423189584,-2.490826029221292,0.8457199841861938,-0.5221104655596113,3.970749928697078,-0.4471574466552951,1.3225873864163096
70.0,162.0,143.6717529296875,-2.156491978467087,1.7848226430137946,-4.937289081138338,-3.015584518911508,-2.4952668236488216,0.8392536062907989,-1.048874207228421,3.9749121325547967,-0.4509797059062946,1.3121867831926637
70.0,162.0,140.90138244628906,-2.121863517848713,2.585209060388152,-4.918909906648255,-3.012347819468753,-2.5282123118204005,0.8464799566976576,-0.1144050382294515,3.9756254074696806,-0.4507484263823653,1.324132271759258
70.0,162.0,139.2125701904297,-2.0926770390765874,2.7235304775360705,-4.9313841083903664,-3.017931850522101,-2.5260119396326184,0.8459250190476252,-0.1097818826242017,3.949801695330146,-0.4503936286766797,1.3222553254924845
70.0,162.0,140.52117919921875,-2.1272497769988306,1.774468940747441,-4.918171862643308,-3.039466282870276,-2.4890347571925453,0.8476899259151214,-0.521753245229758,3.96549093137469,-0.4572526271482879,1.3258236409937911
70.0,162.0,146.584716796875,-2.103115268970947,1.7773525520170366,-4.8991595252982325,-3.0347150506673737,-2.5711874065489764,0.8116258795517473,-1.035978714195854,3.971544582710554,-0.4467989748149475,1.6285298446205214
70.0,162.0,143.8277587890625,-2.1248830858866543,1.7802090878779313,-4.936753072080505,-3.0101865241049657,-1.9782824049959105,0.8420858723207358,-1.0500881416038224,3.96241728300316,-0.4534587791217112,1.321746580187323
70.0,162.0,143.25624084472656,-2.126201498395338,1.776447180426718,-4.911038367938904,-3.0189203841660275,-2.5141724623159933,0.8453948594086856,-1.0516125740393008,3.96882708303868,-0.4538285156769916,1.3222958490239185
70.0,162.0,138.2348175048828,-2.124153308589317,2.68965891250709,-4.917731485077325,-3.0320295053783326,-2.4915690251843428,0.8467442528956323,-0.117270585284069,3.961064245141978,-0.4503192027829105,1.3250156147447307
70.0,162.0,155.14508056640625,-2.144416528898283,1.7532622941419214,-4.910340166670732,-3.045212005694971,-1.9538792327145715,0.8337103093690844,-1.0439633387742353,3.904955445319976,-0.4075869564763927,0.7623833671535221
70.0,162.0,140.6323699951172,-2.1256533184603748,1.7913874504541694,-4.921465145438036,-3.032042254476908,-2.5458654929240447,0.8418490111006164,-0.1263063865130635,3.975191829727036,-0.4510944692187897,1.3222620290505078
70.0,162.0,164.4371337890625,-2.115449564131328,1.999476836337868,-4.893000682277377,-3.0199116615295005,-2.5192619029106247,0.8318393892516645,-0.0404190345220799,4.013890607827122,-0.4781138382485002,1.342657834838901
70.0,162.0,157.8895721435547,-2.151116586352581,1.7765067177928218,-4.954217446239854,-3.688038395004858,-2.586077377730949,0.8144731752930827,-0.6122097261475492,3.624379146848815,-0.454328507982406,0.9702287003031408
70.0,162.0,160.38934326171875,-2.1239526524329047,1.7532778008160277,-4.793683137872873,-2.992665936417859,-3.0883299703921034,0.7444479414625762,-1.0498487622640318,3.959048847339001,-0.7967959506285662,0.7170082799296202
70.0,162.0,139.48683166503906,-2.127117500294207,2.750616202858815,-4.928265012460451,-3.006539156602196,-2.4963607951971065,0.8395710558087202,-0.1082559356307921,3.97738584709176,-0.4500907834766413,1.321621093888536
70.0,162.0,155.30633544921875,-2.110355142561264,1.7355664246072802,-4.897661520156259,-3.0945963635771343,-3.0647722813398968,0.8256285834289196,-1.0204516952792135,4.389633871132414,-0.4667985076585941,0.7287559592886229
70.0,162.0,158.0673828125,-2.13478528945232,1.8441109636686763,-4.929363763692761,-3.1294766675918138,-3.0546509867568057,1.330469986782295,-1.0107985278553162,3.543151829295136,-0.4498499097984712,0.7093224768745058
70.0,162.0,151.25607299804688,-2.172037136009037,1.7295055121999343,-4.886813252907739,-3.044272093932116,-2.527211347557737,0.8736419156014977,-1.0803740810791176,4.326682419773425,-0.4568381444550614,1.020613823807618
70.0,162.0,165.35855102539062,-2.0411344005614884,1.8033887960812784,-4.990096883276585,-3.0271535952284765,-1.9850275875294443,0.7502007915430735,-1.0075749577924853,3.0752222344234887,-0.4467256416415724,1.0584411608503208
70.0,162.0,165.263427734375,-2.025108824505472,1.819420873531608,-4.880777358367313,-3.048511178555349,-3.076473591889685,0.724041054625411,-1.045823708623605,4.79798916193166,-0.408550783489008,0.6991762171530035
70.0,162.0,145.60594177246094,-2.0453835525834925,2.6159600859338075,-4.929154938678536,-3.030760784538665,-2.5098512327867453,0.8200212772888618,-0.529623032016878,3.959202619530312,-0.4410775715031466,1.2847111762347103
70.0,162.0,160.2692413330078,-1.055922459328694,1.7735920722761906,-4.937958133848109,-1.695201673496223,-3.064020344723154,0.8372423768827528,-1.0608401158966236,4.429729571994304,-0.4561175576200931,0.7202760905369371
70.0,163.0,157.60691833496094,-2.1221509371431435,1.8392303061078088,-4.902514539010984,-3.0864103908050646,-3.0538475418464337,0.8517324402109121,-1.0171489627324086,3.092931355225164,-0.4559853455206131,0.9824460715350812
70.0,163.0,161.15728759765625,-1.9534206856324816,1.7536378394229737,-4.890109816254475,-3.0956079319477503,-3.0662115030366284,0.8279698431872164,-1.019189610828445,4.304919778195342,-0.4515226464921155,0.7024576952550962
70.0,163.0,139.32833862304688,-2.08817131902122,2.674483873195172,-4.922319748061662,-3.0287992714960743,-2.513783286141139,0.8496565177450722,-0.5469923913485679,3.96800845936754,-0.4520489752543011,1.3210823692950004
70.0,163.0,139.5731658935547,-2.1198360300836963,2.689085994507524,-4.909377199846109,-3.030862694289888,-2.534973617837269,0.8475450179372452,-0.5385227267409995,3.974292005461645,-0.4513739637226254,1.3228814343240978
70.0,163.0,141.79917907714844,-2.131607638519989,2.660234824168329,-4.926304155596871,-3.0322193158822293,-2.5068816707304484,0.8347325252682861,-0.0492123369358135,3.959624406964856,-0.452302116852776,1.322530420972145
70.0,163.0,150.95826721191406,-2.1262525097823337,1.7737189882144293,-4.926724315985826,-3.0259742329384216,-2.437463469842107,1.4099652745982325,-1.0262765149084487,3.9233814230264574,-0.4512474950726279,1.609887845109697
70.0,163.0,156.08035278320312,-2.1580996450789263,1.728328627406782,-4.879695436337815,-3.0850529772078543,-3.06587044186364,0.8359929899162684,-1.015638048938622,3.5437633377229565,-0.4462973345896071,0.7233871726910266
70.0,163.0,145.83074951171875,-2.1182021524849444,1.8078905911135548,-4.935700425047287,-2.9794937688851824,-2.4827301949732017,0.8507230196630945,-1.052661683502819,3.970937820545013,-0.4537632926829645,1.6362450208066313
70.0,163.0,142.9798126220703,-2.1220829198845297,1.779816139448701,-4.916527573251591,-3.02469365005042,-2.497106128890054,0.8394429982048441,-1.0497138158275474,3.959478534814511,-0.4503832498699787,1.3264084915991838
70.0,163.0,140.63870239257812,-2.10679926390394,1.7715796026297312,-4.924155837395888,-3.028278571499607,-2.490646394218512,0.841984296736348,-0.5156651528705621,3.973258449190348,-0.4521359260348891,1.3215050127700307
70.0,163.0,138.126953125,-2.1272306233272644,2.690066396129517,-4.927198307750801,-3.032003746265965,-2.490070588514618,0.8422034147194823,-0.1131584858197553,3.965080573637964,-0.4503542826379362,1.3242440231654982
70.0,163.0,145.51785278320312,-2.126771842195532,1.7670477007423182,-4.9204922003124985,-3.0347375076084453,-2.5383422307312813,0.8687211962592126,-1.0296164895992543,3.981699626098981,-0.4690457710752135,1.3215946527643532
70.0,163.0,139.1177978515625,-2.121924358678077,2.666080249734612,-4.918759838099927,-3.032773542817324,-2.490193648566313,0.8467825409558875,-0.5280131587354278,3.967725551798917,-0.4509176876331131,1.322280599399067
70.0,163.0,143.77976989746094,-2.090505492232815,1.7746837755457456,-4.927630124357569,-3.0560179816904194,-2.484891176152149,0.8273372251040916,-1.050737962835111,3.954398361079628,-0.4518568018256002,1.3213216143176292
70.0,163.0,177.90628051757812,-0.9480992037287066,1.6698462529856726,-4.92126265432442,-3.066282443454009,-3.048841576344093,1.9184003846581128,-1.029547548154336,4.407033002134062,-0.5675828178794807,0.7291447687456702
70.0,163.0,138.32513427734375,-2.1256893839874667,2.6667844930378384,-4.915646091626083,-3.0254366805520863,-2.501342208661987,0.8450772304569997,-0.11748496797625,3.967493360296071,-0.4529039989692923,1.323659995227837
70.0,163.0,140.55001831054688,-2.122329315786468,1.802061285371577,-4.931716526883416,-3.0283693764857564,-2.486060058575672,0.8457611210177214,-0.5347108318649818,3.980144941527816,-0.4523532917964609,1.322373004556118
70.0,163.0,149.86083984375,-2.12290973532822,1.7678672280638843,-4.933681346827862,-3.0281690041240785,-2.4860633919118627,0.9010736490337464,-1.0043492977172703,4.342770552392945,-0.4457589969867184,1.2979840525979809
70.0,163.0,153.42422485351562,-2.1712822599128625,2.7506921112603933,-4.9357009421419376,-3.0214871446239933,-2.3888446244100923,0.8408622972244227,-0.1085714116586657,4.81794896281856,-0.4513730498314984,0.9819277703972964
70.0,163.0,138.37705993652344,-2.122714904615392,2.670638671875961,-4.919153420636971,-3.031966039581508,-2.5160680906985378,0.846655034123982,-0.1112124613833414,3.97682799674141,-0.4506444637468742,1.3222653053134326
70.0,163.0,139.03466796875,-2.124093785915052,2.705153527687594,-4.916764456486165,-3.043737883157421,-2.525833800920392,0.8464824500028444,-0.1147045345830614,3.979672715500997,-0.4502729055998458,1.3171971529547368
70.0,163.0,139.24049377441406,-2.122952978603168,2.70020178203428,-4.9094442719968265,-3.03447883586124,-2.4897371704606464,0.8453880164933214,-0.5275536671755963,3.970888576625884,-0.4506163248250027,1.3280531216495697
70.0,163.0,144.1287078857422,-2.1287542646444364,2.720623522098074,-4.9249808064290646,-3.029355850372729,-2.4063438539899944,0.883262542170395,-0.1155684009988806,3.967921456210653,-0.4558440352659969,1.326635920869791
70.0,163.0,153.1660919189453,-2.121447798556532,1.8336876551817392,-4.9380753146679925,-3.094233202647145,-3.0649950223856144,0.8354321701101891,-1.021508757068139,3.955010029302585,-0.4447028575291981,0.7080551592072115
70.0,163.0,142.1283721923828,-2.1192890279676746,1.7984264980446047,-4.92041992272411,-3.023637196291919,-2.4862630705474427,0.8392563093769569,-0.5088082330646075,3.99275164134204,-0.4506043871085918,1.3222941943722175
70.0,163.0,144.48789978027344,-2.141046964113209,1.771880474365917,-4.911381224157521,-3.040130457582591,-2.517262630056656,0.8055665997807893,-1.0369607176572375,3.977882256769657,-0.4549739669163189,1.3219810566530266
70.0,163.0,168.93064880371094,-2.1143543029615848,2.7417360389370447,-4.947112555234055,-2.950462546819259,-2.4983045757484748,0.832187156898341,-0.0723706899640044,3.561794196526201,-0.4126711549953896,1.2696315445852016
70.0,163.0,150.5499267578125,-2.11968739608623,1.755035030369485,-4.927208819748874,-3.0244678618957064,-2.0218319945465275,0.8106048132035997,-1.0135414794231097,3.9867357123238514,-0.4552261932641993,1.349251448476138
70.0,163.0,140.70806884765625,-2.1170765257260005,1.7786727018614492,-4.886691515714032,-3.0032452423189584,-2.490826029221292,0.8457199841861938,-0.5221104655596113,3.970749928697078,-0.4471574466552951,1.3225873864163096
70.0,163.0,143.6717529296875,-2.156491978467087,1.7848226430137946,-4.937289081138338,-3.015584518911508,-2.4952668236488216,0.8392536062907989,-1.048874207228421,3.9749121325547967,-0.4509797059062946,1.3121867831926637
70.0,163.0,140.90138244628906,-2.121863517848713,2.585209060388152,-4.918909906648255,-3.012347819468753,-2.5282123118204005,0.8464799566976576,-0.1144050382294515,3.9756254074696806,-0.4507484263823653,1.324132271759258
70.0,163.0,139.2125701904297,-2.0926770390765874,2.7235304775360705,-4.9313841083903664,-3.017931850522101,-2.5260119396326184,0.8459250190476252,-0.1097818826242017,3.949801695330146,-0.4503936286766797,1.3222553254924845
70.0,163.0,140.52117919921875,-2.1272497769988306,1.774468940747441,-4.918171862643308,-3.039466282870276,-2.4890347571925453,0.8476899259151214,-0.521753245229758,3.96549093137469,-0.4572526271482879,1.3258236409937911
70.0,163.0,146.584716796875,-2.103115268970947,1.7773525520170366,-4.8991595252982325,-3.0347150506673737,-2.5711874065489764,0.8116258795517473,-1.035978714195854,3.971544582710554,-0.4467989748149475,1.6285298446205214
70.0,163.0,143.8277587890625,-2.1248830858866543,1.7802090878779313,-4.936753072080505,-3.0101865241049657,-1.9782824049959105,0.8420858723207358,-1.0500881416038224,3.96241728300316,-0.4534587791217112,1.321746580187323
70.0,163.0,143.25624084472656,-2.126201498395338,1.776447180426718,-4.911038367938904,-3.0189203841660275,-2.5141724623159933,0.8453948594086856,-1.0516125740393008,3.96882708303868,-0.4538285156769916,1.3222958490239185
70.0,163.0,138.2348175048828,-2.124153308589317,2.68965891250709,-4.917731485077325,-3.0320295053783326,-2.4915690251843428,0.8467442528956323,-0.117270585284069,3.961064245141978,-0.4503192027829105,1.3250156147447307
70.0,163.0,155.14508056640625,-2.144416528898283,1.7532622941419214,-4.910340166670732,-3.045212005694971,-1.9538792327145715,0.8337103093690844,-1.0439633387742353,3.904955445319976,-0.4075869564763927,0.7623833671535221
70.0,163.0,140.6323699951172,-2.1256533184603748,1.7913874504541694,-4.921465145438036,-3.032042254476908,-2.5458654929240447,0.8418490111006164,-0.1263063865130635,3.975191829727036,-0.4510944692187897,1.3222620290505078
70.0,163.0,164.4371337890625,-2.115449564131328,1.999476836337868,-4.893000682277377,-3.0199116615295005,-2.5192619029106247,0.8318393892516645,-0.0404190345220799,4.013890607827122,-0.4781138382485002,1.342657834838901
70.0,163.0,157.8895721435547,-2.151116586352581,1.7765067177928218,-4.954217446239854,-3.688038395004858,-2.586077377730949,0.8144731752930827,-0.6122097261475492,3.624379146848815,-0.454328507982406,0.9702287003031408
70.0,163.0,160.38934326171875,-2.1239526524329047,1.7532778008160277,-4.793683137872873,-2.992665936417859,-3.0883299703921034,0.7444479414625762,-1.0498487622640318,3.959048847339001,-0.7967959506285662,0.7170082799296202
70.0,163.0,139.48683166503906,-2.127117500294207,2.750616202858815,-4.928265012460451,-3.006539156602196,-2.4963607951971065,0.8395710558087202,-0.1082559356307921,3.97738584709176,-0.4500907834766413,1.321621093888536
70.0,163.0,155.30633544921875,-2.110355142561264,1.7355664246072802,-4.897661520156259,-3.0945963635771343,-3.0647722813398968,0.8256285834289196,-1.0204516952792135,4.389633871132414,-0.4667985076585941,0.7287559592886229
70.0,163.0,158.0673828125,-2.13478528945232,1.8441109636686763,-4.929363763692761,-3.1294766675918138,-3.0546509867568057,1.330469986782295,-1.0107985278553162,3.543151829295136,-0.4498499097984712,0.7093224768745058
70.0,163.0,151.25607299804688,-2.172037136009037,1.7295055121999343,-4.886813252907739,-3.044272093932116,-2.527211347557737,0.8736419156014977,-1.0803740810791176,4.326682419773425,-0.4568381444550614,1.020613823807618
70.0,163.0,165.35855102539062,-2.0411344005614884,1.8033887960812784,-4.990096883276585,-3.0271535952284765,-1.9850275875294443,0.7502007915430735,-1.0075749577924853,3.0752222344234887,-0.4467256416415724,1.0584411608503208
70.0,163.0,165.263427734375,-2.025108824505472,1.819420873531608,-4.880777358367313,-3.048511178555349,-3.076473591889685,0.724041054625411,-1.045823708623605,4.79798916193166,-0.408550783489008,0.6991762171530035
70.0,163.0,145.60594177246094,-2.0453835525834925,2.6159600859338075,-4.929154938678536,-3.030760784538665,-2.5098512327867453,0.8200212772888618,-0.529623032016878,3.959202619530312,-0.4410775715031466,1.2847111762347103
70.0,163.0,160.2692413330078,-1.055922459328694,1.7735920722761906,-4.937958133848109,-1.695201673496223,-3.064020344723154,0.8372423768827528,-1.0608401158966236,4.429729571994304,-0.4561175576200931,0.7202760905369371
70.0,164.0,157.60691833496094,-2.1221509371431435,1.8392303061078088,-4.902514539010984,-3.0864103908050646,-3.0538475418464337,0.8517324402109121,-1.0171489627324086,3.092931355225164,-0.4559853455206131,0.9824460715350812
70.0,164.0,161.15728759765625,-1.9534206856324816,1.7536378394229737,-4.890109816254475,-3.0956079319477503,-3.0662115030366284,0.8279698431872164,-1.019189610828445,4.304919778195342,-0.4515226464921155,0.7024576952550962
70.0,164.0,139.32833862304688,-2.08817131902122,2.674483873195172,-4.922319748061662,-3.0287992714960743,-2.513783286141139,0.8496565177450722,-0.5469923913485679,3.96800845936754,-0.4520489752543011,1.3210823692950004
70.0,164.0,139.5731658935547,-2.1198360300836963,2.689085994507524,-4.909377199846109,-3.030862694289888,-2.534973617837269,0.8475450179372452,-0.5385227267409995,3.974292005461645,-0.4513739637226254,1.3228814343240978
70.0,164.0,141.79917907714844,-2.131607638519989,2.660234824168329,-4.926304155596871,-3.0322193158822293,-2.5068816707304484,0.8347325252682861,-0.0492123369358135,3.959624406964856,-0.452302116852776,1.322530420972145
70.0,164.0,150.95826721191406,-2.1262525097823337,1.7737189882144293,-4.926724315985826,-3.0259742329384216,-2.437463469842107,1.4099652745982325,-1.0262765149084487,3.9233814230264574,-0.4512474950726279,1.609887845109697
70.0,164.0,156.08035278320312,-2.1580996450789263,1.728328627406782,-4.879695436337815,-3.0850529772078543,-3.06587044186364,0.8359929899162684,-1.015638048938622,3.5437633377229565,-0.4462973345896071,0.7233871726910266
70.0,164.0,145.83074951171875,-2.1182021524849444,1.8078905911135548,-4.935700425047287,-2.9794937688851824,-2.4827301949732017,0.8507230196630945,-1.052661683502819,3.970937820545013,-0.4537632926829645,1.6362450208066313
70.0,164.0,142.9798126220703,-2.1220829198845297,1.779816139448701,-4.916527573251591,-3.02469365005042,-2.497106128890054,0.8394429982048441,-1.0497138158275474,3.959478534814511,-0.4503832498699787,1.3264084915991838
70.0,164.0,140.01576232910156,-2.092413746848589,1.7854388989696246,-4.92640814788355,-3.0024211844084885,-2.483390836829217,0.8386477996562152,-0.0978388492182119,3.9842320910281286,-0.4499910043004868,1.326129821815279
70.0,164.0,138.126953125,-2.1272306233272644,2.690066396129517,-4.927198307750801,-3.032003746265965,-2.490070588514618,0.8422034147194823,-0.1131584858197553,3.965080573637964,-0.4503542826379362,1.3242440231654982
70.0,164.0,145.51785278320312,-2.126771842195532,1.7670477007423182,-4.9204922003124985,-3.0347375076084453,-2.5383422307312813,0.8687211962592126,-1.0296164895992543,3.981699626098981,-0.4690457710752135,1.3215946527643532
70.0,164.0,139.1177978515625,-2.121924358678077,2.666080249734612,-4.918759838099927,-3.032773542817324,-2.490193648566313,0.8467825409558875,-0.5280131587354278,3.967725551798917,-0.4509176876331131,1.322280599399067
70.0,164.0,143.77976989746094,-2.090505492232815,1.7746837755457456,-4.927630124357569,-3.0560179816904194,-2.484891176152149,0.8273372251040916,-1.050737962835111,3.954398361079628,-0.4518568018256002,1.3213216143176292
70.0,164.0,177.90628051757812,-0.9480992037287066,1.6698462529856726,-4.92126265432442,-3.066282443454009,-3.048841576344093,1.9184003846581128,-1.029547548154336,4.407033002134062,-0.5675828178794807,0.7291447687456702
70.0,164.0,138.32513427734375,-2.1256893839874667,2.6667844930378384,-4.915646091626083,-3.0254366805520863,-2.501342208661987,0.8450772304569997,-0.11748496797625,3.967493360296071,-0.4529039989692923,1.323659995227837
70.0,164.0,140.55001831054688,-2.122329315786468,1.802061285371577,-4.931716526883416,-3.0283693764857564,-2.486060058575672,0.8457611210177214,-0.5347108318649818,3.980144941527816,-0.4523532917964609,1.322373004556118
70.0,164.0,149.86083984375,-2.12290973532822,1.7678672280638843,-4.933681346827862,-3.0281690041240785,-2.4860633919118627,0.9010736490337464,-1.0043492977172703,4.342770552392945,-0.4457589969867184,1.2979840525979809
70.0,164.0,149.8558807373047,-2.1111044588044594,2.641686632673826,-4.929163837336221,-3.0199126791404143,-2.620657437733671,0.8422044171890584,-0.113757326940539,4.036803368312294,-0.4510087777343007,0.99886656482351
70.0,164.0,138.37705993652344,-2.122714904615392,2.670638671875961,-4.919153420636971,-3.031966039581508,-2.5160680906985378,0.846655034123982,-0.1112124613833414,3.97682799674141,-0.4506444637468742,1.3222653053134326
70.0,164.0,139.03466796875,-2.124093785915052,2.705153527687594,-4.916764456486165,-3.043737883157421,-2.525833800920392,0.8464824500028444,-0.1147045345830614,3.979672715500997,-0.4502729055998458,1.3171971529547368
70.0,164.0,139.24049377441406,-2.122952978603168,2.70020178203428,-4.9094442719968265,-3.03447883586124,-2.4897371704606464,0.8453880164933214,-0.5275536671755963,3.970888576625884,-0.4506163248250027,1.3280531216495697
70.0,164.0,138.76473999023438,-2.1279732911698743,2.708188033242847,-4.917009534908803,-3.031388821399389,-2.5285953361756457,0.8576916744227981,-0.1119445732281279,3.965719374531597,-0.4488683096698946,1.3242018731923364
70.0,164.0,153.1660919189453,-2.121447798556532,1.8336876551817392,-4.9380753146679925,-3.094233202647145,-3.0649950223856144,0.8354321701101891,-1.021508757068139,3.955010029302585,-0.4447028575291981,0.7080551592072115
70.0,164.0,142.1283721923828,-2.1192890279676746,1.7984264980446047,-4.92041992272411,-3.023637196291919,-2.4862630705474427,0.8392563093769569,-0.5088082330646075,3.99275164134204,-0.4506043871085918,1.3222941943722175
70.0,164.0,144.48789978027344,-2.141046964113209,1.771880474365917,-4.911381224157521,-3.040130457582591,-2.517262630056656,0.8055665997807893,-1.0369607176572375,3.977882256769657,-0.4549739669163189,1.3219810566530266
70.0,164.0,144.30528259277344,-2.1420661159391248,2.735416640427801,-4.969076468075503,-2.970689023368302,-2.475778357540828,0.827362978526701,-0.1067474272316815,3.5897863338032643,-0.4456296868987205,1.2928837134394424
70.0,164.0,150.5499267578125,-2.11968739608623,1.755035030369485,-4.927208819748874,-3.0244678618957064,-2.0218319945465275,0.8106048132035997,-1.0135414794231097,3.9867357123238514,-0.4552261932641993,1.349251448476138
70.0,164.0,140.70806884765625,-2.1170765257260005,1.7786727018614492,-4.886691515714032,-3.0032452423189584,-2.490826029221292,0.8457199841861938,-0.5221104655596113,3.970749928697078,-0.4471574466552951,1.3225873864163096
70.0,164.0,143.6717529296875,-2.156491978467087,1.7848226430137946,-4.937289081138338,-3.015584518911508,-2.4952668236488216,0.8392536062907989,-1.048874207228421,3.9749121325547967,-0.4509797059062946,1.3121867831926637
70.0,164.0,140.90138244628906,-2.121863517848713,2.585209060388152,-4.918909906648255,-3.012347819468753,-2.5282123118204005,0.8464799566976576,-0.1144050382294515,3.9756254074696806,-0.4507484263823653,1.324132271759258
70.0,164.0,139.2125701904297,-2.0926770390765874,2.7235304775360705,-4.9313841083903664,-3.017931850522101,-2.5260119396326184,0.8459250190476252,-0.1097818826242017,3.949801695330146,-0.4503936286766797,1.3222553254924845
70.0,164.0,140.52117919921875,-2.1272497769988306,1.774468940747441,-4.918171862643308,-3.039466282870276,-2.4890347571925453,0.8476899259151214,-0.521753245229758,3.96549093137469,-0.4572526271482879,1.3258236409937911
70.0,164.0,146.584716796875,-2.103115268970947,1.7773525520170366,-4.8991595252982325,-3.0347150506673737,-2.5711874065489764,0.8116258795517473,-1.035978714195854,3.971544582710554,-0.4467989748149475,1.6285298446205214
70.0,164.0,143.8277587890625,-2.1248830858866543,1.7802090878779313,-4.936753072080505,-3.0101865241049657,-1.9782824049959105,0.8420858723207358,-1.0500881416038224,3.96241728300316,-0.4534587791217112,1.321746580187323
70.0,164.0,143.25624084472656,-2.126201498395338,1.776447180426718,-4.911038367938904,-3.0189203841660275,-2.5141724623159933,0.8453948594086856,-1.0516125740393008,3.96882708303868,-0.4538285156769916,1.3222958490239185
70.0,164.0,138.2348175048828,-2.124153308589317,2.68965891250709,-4.917731485077325,-3.0320295053783326,-2.4915690251843428,0.8467442528956323,-0.117270585284069,3.961064245141978,-0.4503192027829105,1.3250156147447307
70.0,164.0,155.14508056640625,-2.144416528898283,1.7532622941419214,-4.910340166670732,-3.045212005694971,-1.9538792327145715,0.8337103093690844,-1.0439633387742353,3.904955445319976,-0.4075869564763927,0.7623833671535221
70.0,164.0,140.6323699951172,-2.1256533184603748,1.7913874504541694,-4.921465145438036,-3.032042254476908,-2.5458654929240447,0.8418490111006164,-0.1263063865130635,3.975191829727036,-0.4510944692187897,1.3222620290505078
70.0,164.0,164.4371337890625,-2.115449564131328,1.999476836337868,-4.893000682277377,-3.0199116615295005,-2.5192619029106247,0.8318393892516645,-0.0404190345220799,4.013890607827122,-0.4781138382485002,1.342657834838901
70.0,164.0,157.8895721435547,-2.151116586352581,1.7765067177928218,-4.954217446239854,-3.688038395004858,-2.586077377730949,0.8144731752930827,-0.6122097261475492,3.624379146848815,-0.454328507982406,0.9702287003031408
70.0,164.0,160.38934326171875,-2.1239526524329047,1.7532778008160277,-4.793683137872873,-2.992665936417859,-3.0883299703921034,0.7444479414625762,-1.0498487622640318,3.959048847339001,-0.7967959506285662,0.7170082799296202
70.0,164.0,139.04788208007812,-2.1270407591605487,2.729195680003256,-4.926561972959326,-3.0359118677067207,-2.4877923529103034,0.8387493801753042,-0.1221941315310498,3.959984662907045,-0.4501508936680046,1.324985239113785
70.0,164.0,155.30633544921875,-2.110355142561264,1.7355664246072802,-4.897661520156259,-3.0945963635771343,-3.0647722813398968,0.8256285834289196,-1.0204516952792135,4.389633871132414,-0.4667985076585941,0.7287559592886229
70.0,164.0,158.0673828125,-2.13478528945232,1.8441109636686763,-4.929363763692761,-3.1294766675918138,-3.0546509867568057,1.330469986782295,-1.0107985278553162,3.543151829295136,-0.4498499097984712,0.7093224768745058
70.0,164.0,151.25607299804688,-2.172037136009037,1.7295055121999343,-4.886813252907739,-3.044272093932116,-2.527211347557737,0.8736419156014977,-1.0803740810791176,4.326682419773425,-0.4568381444550614,1.020613823807618
70.0,164.0,165.35855102539062,-2.0411344005614884,1.8033887960812784,-4.990096883276585,-3.0271535952284765,-1.9850275875294443,0.7502007915430735,-1.0075749577924853,3.0752222344234887,-0.4467256416415724,1.0584411608503208
70.0,164.0,165.263427734375,-2.025108824505472,1.819420873531608,-4.880777358367313,-3.048511178555349,-3.076473591889685,0.724041054625411,-1.045823708623605,4.79798916193166,-0.408550783489008,0.6991762171530035
70.0,164.0,145.60594177246094,-2.0453835525834925,2.6159600859338075,-4.929154938678536,-3.030760784538665,-2.5098512327867453,0.8200212772888618,-0.529623032016878,3.959202619530312,-0.4410775715031466,1.2847111762347103
70.0,164.0,160.2692413330078,-1.055922459328694,1.7735920722761906,-4.937958133848109,-1.695201673496223,-3.064020344723154,0.8372423768827528,-1.0608401158966236,4.429729571994304,-0.4561175576200931,0.7202760905369371
70.0,165.0,157.60691833496094,-2.1221509371431435,1.8392303061078088,-4.902514539010984,-3.0864103908050646,-3.0538475418464337,0.8517324402109121,-1.0171489627324086,3.092931355225164,-0.4559853455206131,0.9824460715350812
70.0,165.0,161.15728759765625,-1.9534206856324816,1.7536378394229737,-4.890109816254475,-3.0956079319477503,-3.0662115030366284,0.8279698431872164,-1.019189610828445,4.304919778195342,-0.4515226464921155,0.7024576952550962
70.0,165.0,139.32833862304688,-2.08817131902122,2.674483873195172,-4.922319748061662,-3.0287992714960743,-2.513783286141139,0.8496565177450722,-0.5469923913485679,3.96800845936754,-0.4520489752543011,1.3210823692950004
70.0,165.0,139.5731658935547,-2.1198360300836963,2.689085994507524,-4.909377199846109,-3.030862694289888,-2.534973617837269,0.8475450179372452,-0.5385227267409995,3.974292005461645,-0.4513739637226254,1.3228814343240978
70.0,165.0,141.51161193847656,-2.127225795607712,2.6720182669023496,-4.930404856151247,-3.032925416122876,-2.5309288021016894,0.8317864794921493,-0.1562299039088733,3.963290427257649,-0.4505837266066537,1.3270898415546688
70.0,165.0,150.95826721191406,-2.1262525097823337,1.7737189882144293,-4.926724315985826,-3.0259742329384216,-2.437463469842107,1.4099652745982325,-1.0262765149084487,3.9233814230264574,-0.4512474950726279,1.609887845109697
70.0,165.0,156.08035278320312,-2.1580996450789263,1.728328627406782,-4.879695436337815,-3.0850529772078543,-3.06587044186364,0.8359929899162684,-1.015638048938622,3.5437633377229565,-0.4462973345896071,0.7233871726910266
70.0,165.0,145.83074951171875,-2.1182021524849444,1.8078905911135548,-4.935700425047287,-2.9794937688851824,-2.4827301949732017,0.8507230196630945,-1.052661683502819,3.970937820545013,-0.4537632926829645,1.6362450208066313
70.0,165.0,142.9798126220703,-2.1220829198845297,1.779816139448701,-4.916527573251591,-3.02469365005042,-2.497106128890054,0.8394429982048441,-1.0497138158275474,3.959478534814511,-0.4503832498699787,1.3264084915991838
70.0,165.0,140.01576232910156,-2.092413746848589,1.7854388989696246,-4.92640814788355,-3.0024211844084885,-2.483390836829217,0.8386477996562152,-0.0978388492182119,3.9842320910281286,-0.4499910043004868,1.326129821815279
70.0,165.0,138.126953125,-2.1272306233272644,2.690066396129517,-4.927198307750801,-3.032003746265965,-2.490070588514618,0.8422034147194823,-0.1131584858197553,3.965080573637964,-0.4503542826379362,1.3242440231654982
70.0,165.0,145.0528106689453,-2.1290054580750333,1.7987073586717457,-4.925498889358786,-3.037063569288797,-2.491713609668984,0.873947106034031,-0.1741554417907541,3.960437084111407,-0.4651392711242669,1.3244330798461958
70.0,165.0,139.1177978515625,-2.121924358678077,2.666080249734612,-4.918759838099927,-3.032773542817324,-2.490193648566313,0.8467825409558875,-0.5280131587354278,3.967725551798917,-0.4509176876331131,1.322280599399067
70.0,165.0,143.77976989746094,-2.090505492232815,1.7746837755457456,-4.927630124357569,-3.0560179816904194,-2.484891176152149,0.8273372251040916,-1.050737962835111,3.954398361079628,-0.4518568018256002,1.3213216143176292
70.0,165.0,177.90628051757812,-0.9480992037287066,1.6698462529856726,-4.92126265432442,-3.066282443454009,-3.048841576344093,1.9184003846581128,-1.029547548154336,4.407033002134062,-0.5675828178794807,0.7291447687456702
70.0,165.0,138.32513427734375,-2.1256893839874667,2.6667844930378384,-4.915646091626083,-3.0254366805520863,-2.501342208661987,0.8450772304569997,-0.11748496797625,3.967493360296071,-0.4529039989692923,1.323659995227837
70.0,165.0,140.55001831054688,-2.122329315786468,1.802061285371577,-4.931716526883416,-3.0283693764857564,-2.486060058575672,0.8457611210177214,-0.5347108318649818,3.980144941527816,-0.4523532917964609,1.322373004556118
70.0,165.0,149.86083984375,-2.12290973532822,1.7678672280638843,-4.933681346827862,-3.0281690041240785,-2.4860633919118627,0.9010736490337464,-1.0043492977172703,4.342770552392945,-0.4457589969867184,1.2979840525979809
70.0,165.0,149.8558807373047,-2.1111044588044594,2.641686632673826,-4.929163837336221,-3.0199126791404143,-2.620657437733671,0.8422044171890584,-0.113757326940539,4.036803368312294,-0.4510087777343007,0.99886656482351
70.0,165.0,138.37705993652344,-2.122714904615392,2.670638671875961,-4.919153420636971,-3.031966039581508,-2.5160680906985378,0.846655034123982,-0.1112124613833414,3.97682799674141,-0.4506444637468742,1.3222653053134326
70.0,165.0,139.03466796875,-2.124093785915052,2.705153527687594,-4.916764456486165,-3.043737883157421,-2.525833800920392,0.8464824500028444,-0.1147045345830614,3.979672715500997,-0.4502729055998458,1.3171971529547368
70.0,165.0,139.24049377441406,-2.122952978603168,2.70020178203428,-4.9094442719968265,-3.03447883586124,-2.4897371704606464,0.8453880164933214,-0.5275536671755963,3.970888576625884,-0.4506163248250027,1.3280531216495697
70.0,165.0,138.76473999023438,-2.1279732911698743,2.708188033242847,-4.917009534908803,-3.031388821399389,-2.5285953361756457,0.8576916744227981,-0.1119445732281279,3.965719374531597,-0.4488683096698946,1.3242018731923364
70.0,165.0,153.1660919189453,-2.121447798556532,1.8336876551817392,-4.9380753146679925,-3.094233202647145,-3.0649950223856144,0.8354321701101891,-1.021508757068139,3.955010029302585,-0.4447028575291981,0.7080551592072115
70.0,165.0,142.1283721923828,-2.1192890279676746,1.7984264980446047,-4.92041992272411,-3.023637196291919,-2.4862630705474427,0.8392563093769569,-0.5088082330646075,3.99275164134204,-0.4506043871085918,1.3222941943722175
70.0,165.0,144.48789978027344,-2.141046964113209,1.771880474365917,-4.911381224157521,-3.040130457582591,-2.517262630056656,0.8055665997807893,-1.0369607176572375,3.977882256769657,-0.4549739669163189,1.3219810566530266
70.0,165.0,144.30528259277344,-2.1420661159391248,2.735416640427801,-4.969076468075503,-2.970689023368302,-2.475778357540828,0.827362978526701,-0.1067474272316815,3.5897863338032643,-0.4456296868987205,1.2928837134394424
70.0,165.0,150.5499267578125,-2.11968739608623,1.755035030369485,-4.927208819748874,-3.0244678618957064,-2.0218319945465275,0.8106048132035997,-1.0135414794231097,3.9867357123238514,-0.4552261932641993,1.349251448476138
70.0,165.0,140.70806884765625,-2.1170765257260005,1.7786727018614492,-4.886691515714032,-3.0032452423189584,-2.490826029221292,0.8457199841861938,-0.5221104655596113,3.970749928697078,-0.4471574466552951,1.3225873864163096
70.0,165.0,143.6717529296875,-2.156491978467087,1.7848226430137946,-4.937289081138338,-3.015584518911508,-2.4952668236488216,0.8392536062907989,-1.048874207228421,3.9749121325547967,-0.4509797059062946,1.3121867831926637
70.0,165.0,140.90138244628906,-2.121863517848713,2.585209060388152,-4.918909906648255,-3.012347819468753,-2.5282123118204005,0.8464799566976576,-0.1144050382294515,3.9756254074696806,-0.4507484263823653,1.324132271759258
70.0,165.0,139.2125701904297,-2.0926770390765874,2.7235304775360705,-4.9313841083903664,-3.017931850522101,-2.5260119396326184,0.8459250190476252,-0.1097818826242017,3.949801695330146,-0.4503936286766797,1.3222553254924845
70.0,165.0,140.52117919921875,-2.1272497769988306,1.774468940747441,-4.918171862643308,-3.039466282870276,-2.4890347571925453,0.8476899259151214,-0.521753245229758,3.96549093137469,-0.4572526271482879,1.3258236409937911
70.0,165.0,146.584716796875,-2.103115268970947,1.7773525520170366,-4.8991595252982325,-3.0347150506673737,-2.5711874065489764,0.8116258795517473,-1.035978714195854,3.971544582710554,-0.4467989748149475,1.6285298446205214
70.0,165.0,143.8277587890625,-2.1248830858866543,1.7802090878779313,-4.936753072080505,-3.0101865241049657,-1.9782824049959105,0.8420858723207358,-1.0500881416038224,3.96241728300316,-0.4534587791217112,1.321746580187323
70.0,165.0,143.25624084472656,-2.126201498395338,1.776447180426718,-4.911038367938904,-3.0189203841660275,-2.5141724623159933,0.8453948594086856,-1.0516125740393008,3.96882708303868,-0.4538285156769916,1.3222958490239185
70.0,165.0,138.2348175048828,-2.124153308589317,2.68965891250709,-4.917731485077325,-3.0320295053783326,-2.4915690251843428,0.8467442528956323,-0.117270585284069,3.961064245141978,-0.4503192027829105,1.3250156147447307
70.0,165.0,155.14508056640625,-2.144416528898283,1.7532622941419214,-4.910340166670732,-3.045212005694971,-1.9538792327145715,0.8337103093690844,-1.0439633387742353,3.904955445319976,-0.4075869564763927,0.7623833671535221
70.0,165.0,140.6323699951172,-2.1256533184603748,1.7913874504541694,-4.921465145438036,-3.032042254476908,-2.5458654929240447,0.8418490111006164,-0.1263063865130635,3.975191829727036,-0.4510944692187897,1.3222620290505078
70.0,165.0,164.4371337890625,-2.115449564131328,1.999476836337868,-4.893000682277377,-3.0199116615295005,-2.5192619029106247,0.8318393892516645,-0.0404190345220799,4.013890607827122,-0.4781138382485002,1.342657834838901
70.0,165.0,157.8895721435547,-2.151116586352581,1.7765067177928218,-4.954217446239854,-3.688038395004858,-2.586077377730949,0.8144731752930827,-0.6122097261475492,3.624379146848815,-0.454328507982406,0.9702287003031408
70.0,165.0,160.38934326171875,-2.1239526524329047,1.7532778008160277,-4.793683137872873,-2.992665936417859,-3.0883299703921034,0.7444479414625762,-1.0498487622640318,3.959048847339001,-0.7967959506285662,0.7170082799296202
70.0,165.0,139.04788208007812,-2.1270407591605487,2.729195680003256,-4.926561972959326,-3.0359118677067207,-2.4877923529103034,0.8387493801753042,-0.1221941315310498,3.959984662907045,-0.4501508936680046,1.324985239113785
70.0,165.0,155.30633544921875,-2.110355142561264,1.7355664246072802,-4.897661520156259,-3.0945963635771343,-3.0647722813398968,0.8256285834289196,-1.0204516952792135,4.389633871132414,-0.4667985076585941,0.7287559592886229
70.0,165.0,158.0673828125,-2.13478528945232,1.8441109636686763,-4.929363763692761,-3.1294766675918138,-3.0546509867568057,1.330469986782295,-1.0107985278553162,3.543151829295136,-0.4498499097984712,0.7093224768745058
70.0,165.0,151.25607299804688,-2.172037136009037,1.7295055121999343,-4.886813252907739,-3.044272093932116,-2.527211347557737,0.8736419156014977,-1.0803740810791176,4.326682419773425,-0.4568381444550614,1.020613823807618
70.0,165.0,165.35855102539062,-2.0411344005614884,1.8033887960812784,-4.990096883276585,-3.0271535952284765,-1.9850275875294443,0.7502007915430735,-1.0075749577924853,3.0752222344234887,-0.4467256416415724,1.0584411608503208
70.0,165.0,165.263427734375,-2.025108824505472,1.819420873531608,-4.880777358367313,-3.048511178555349,-3.076473591889685,0.724041054625411,-1.045823708623605,4.79798916193166,-0.408550783489008,0.6991762171530035
70.0,165.0,145.60594177246094,-2.0453835525834925,2.6159600859338075,-4.929154938678536,-3.030760784538665,-2.5098512327867453,0.8200212772888618,-0.529623032016878,3.959202619530312,-0.4410775715031466,1.2847111762347103
70.0,165.0,160.2692413330078,-1.055922459328694,1.7735920722761906,-4.937958133848109,-1.695201673496223,-3.064020344723154,0.8372423768827528,-1.0608401158966236,4.429729571994304,-0.4561175576200931,0.7202760905369371
70.0,166.0,157.60691833496094,-2.1221509371431435,1.8392303061078088,-4.902514539010984,-3.0864103908050646,-3.0538475418464337,0.8517324402109121,-1.0171489627324086,3.092931355225164,-0.4559853455206131,0.9824460715350812
70.0,166.0,161.15728759765625,-1.9534206856324816,1.7536378394229737,-4.890109816254475,-3.0956079319477503,-3.0662115030366284,0.8279698431872164,-1.019189610828445,4.304919778195342,-0.4515226464921155,0.7024576952550962
70.0,166.0,139.32833862304688,-2.08817131902122,2.674483873195172,-4.922319748061662,-3.0287992714960743,-2.513783286141139,0.8496565177450722,-0.5469923913485679,3.96800845936754,-0.4520489752543011,1.3210823692950004
70.0,166.0,139.5731658935547,-2.1198360300836963,2.689085994507524,-4.909377199846109,-3.030862694289888,-2.534973617837269,0.8475450179372452,-0.5385227267409995,3.974292005461645,-0.4513739637226254,1.3228814343240978
70.0,166.0,141.04263305664062,-2.1242910971439133,2.695835255385935,-4.93534793910779,-3.0328756950656817,-2.497768503088878,0.8485611811498186,-0.1561500308681904,3.965020034536775,-0.4511253156336175,1.3251814417918462
70.0,166.0,150.95826721191406,-2.1262525097823337,1.7737189882144293,-4.926724315985826,-3.0259742329384216,-2.437463469842107,1.4099652745982325,-1.0262765149084487,3.9233814230264574,-0.4512474950726279,1.609887845109697
70.0,166.0,156.08035278320312,-2.1580996450789263,1.728328627406782,-4.879695436337815,-3.0850529772078543,-3.06587044186364,0.8359929899162684,-1.015638048938622,3.5437633377229565,-0.4462973345896071,0.7233871726910266
70.0,166.0,145.83074951171875,-2.1182021524849444,1.8078905911135548,-4.935700425047287,-2.9794937688851824,-2.4827301949732017,0.8507230196630945,-1.052661683502819,3.970937820545013,-0.4537632926829645,1.6362450208066313
70.0,166.0,142.9798126220703,-2.1220829198845297,1.779816139448701,-4.916527573251591,-3.02469365005042,-2.497106128890054,0.8394429982048441,-1.0497138158275474,3.959478534814511,-0.4503832498699787,1.3264084915991838
70.0,166.0,140.01576232910156,-2.092413746848589,1.7854388989696246,-4.92640814788355,-3.0024211844084885,-2.483390836829217,0.8386477996562152,-0.0978388492182119,3.9842320910281286,-0.4499910043004868,1.326129821815279
70.0,166.0,138.126953125,-2.1272306233272644,2.690066396129517,-4.927198307750801,-3.032003746265965,-2.490070588514618,0.8422034147194823,-0.1131584858197553,3.965080573637964,-0.4503542826379362,1.3242440231654982
70.0,166.0,145.0528106689453,-2.1290054580750333,1.7987073586717457,-4.925498889358786,-3.037063569288797,-2.491713609668984,0.873947106034031,-0.1741554417907541,3.960437084111407,-0.4651392711242669,1.3244330798461958
70.0,166.0,139.1177978515625,-2.121924358678077,2.666080249734612,-4.918759838099927,-3.032773542817324,-2.490193648566313,0.8467825409558875,-0.5280131587354278,3.967725551798917,-0.4509176876331131,1.322280599399067
70.0,166.0,143.77976989746094,-2.090505492232815,1.7746837755457456,-4.927630124357569,-3.0560179816904194,-2.484891176152149,0.8273372251040916,-1.050737962835111,3.954398361079628,-0.4518568018256002,1.3213216143176292
70.0,166.0,177.90628051757812,-0.9480992037287066,1.6698462529856726,-4.92126265432442,-3.066282443454009,-3.048841576344093,1.9184003846581128,-1.029547548154336,4.407033002134062,-0.5675828178794807,0.7291447687456702
70.0,166.0,138.32513427734375,-2.1256893839874667,2.6667844930378384,-4.915646091626083,-3.0254366805520863,-2.501342208661987,0.8450772304569997,-0.11748496797625,3.967493360296071,-0.4529039989692923,1.323659995227837
70.0,166.0,140.55001831054688,-2.122329315786468,1.802061285371577,-4.931716526883416,-3.0283693764857564,-2.486060058575672,0.8457611210177214,-0.5347108318649818,3.980144941527816,-0.4523532917964609,1.322373004556118
70.0,166.0,149.86083984375,-2.12290973532822,1.7678672280638843,-4.933681346827862,-3.0281690041240785,-2.4860633919118627,0.9010736490337464,-1.0043492977172703,4.342770552392945,-0.4457589969867184,1.2979840525979809
70.0,166.0,149.8558807373047,-2.1111044588044594,2.641686632673826,-4.929163837336221,-3.0199126791404143,-2.620657437733671,0.8422044171890584,-0.113757326940539,4.036803368312294,-0.4510087777343007,0.99886656482351
70.0,166.0,138.37705993652344,-2.122714904615392,2.670638671875961,-4.919153420636971,-3.031966039581508,-2.5160680906985378,0.846655034123982,-0.1112124613833414,3.97682799674141,-0.4506444637468742,1.3222653053134326
70.0,166.0,139.03466796875,-2.124093785915052,2.705153527687594,-4.916764456486165,-3.043737883157421,-2.525833800920392,0.8464824500028444,-0.1147045345830614,3.979672715500997,-0.4502729055998458,1.3171971529547368
70.0,166.0,139.24049377441406,-2.122952978603168,2.70020178203428,-4.9094442719968265,-3.03447883586124,-2.4897371704606464,0.8453880164933214,-0.5275536671755963,3.970888576625884,-0.4506163248250027,1.3280531216495697
70.0,166.0,138.76473999023438,-2.1279732911698743,2.708188033242847,-4.917009534908803,-3.031388821399389,-2.5285953361756457,0.8576916744227981,-0.1119445732281279,3.965719374531597,-0.4488683096698946,1.3242018731923364
70.0,166.0,153.1660919189453,-2.121447798556532,1.8336876551817392,-4.9380753146679925,-3.094233202647145,-3.0649950223856144,0.8354321701101891,-1.021508757068139,3.955010029302585,-0.4447028575291981,0.7080551592072115
70.0,166.0,142.1283721923828,-2.1192890279676746,1.7984264980446047,-4.92041992272411,-3.023637196291919,-2.4862630705474427,0.8392563093769569,-0.5088082330646075,3.99275164134204,-0.4506043871085918,1.3222941943722175
70.0,166.0,144.48789978027344,-2.141046964113209,1.771880474365917,-4.911381224157521,-3.040130457582591,-2.517262630056656,0.8055665997807893,-1.0369607176572375,3.977882256769657,-0.4549739669163189,1.3219810566530266
70.0,166.0,144.30528259277344,-2.1420661159391248,2.735416640427801,-4.969076468075503,-2.970689023368302,-2.475778357540828,0.827362978526701,-0.1067474272316815,3.5897863338032643,-0.4456296868987205,1.2928837134394424
70.0,166.0,150.5499267578125,-2.11968739608623,1.755035030369485,-4.927208819748874,-3.0244678618957064,-2.0218319945465275,0.8106048132035997,-1.0135414794231097,3.9867357123238514,-0.4552261932641993,1.349251448476138
70.0,166.0,140.70806884765625,-2.1170765257260005,1.7786727018614492,-4.886691515714032,-3.0032452423189584,-2.490826029221292,0.8457199841861938,-0.5221104655596113,3.970749928697078,-0.4471574466552951,1.3225873864163096
70.0,166.0,143.6717529296875,-2.156491978467087,1.7848226430137946,-4.937289081138338,-3.015584518911508,-2.4952668236488216,0.8392536062907989,-1.048874207228421,3.9749121325547967,-0.4509797059062946,1.3121867831926637
70.0,166.0,140.90138244628906,-2.121863517848713,2.585209060388152,-4.918909906648255,-3.012347819468753,-2.5282123118204005,0.8464799566976576,-0.1144050382294515,3.9756254074696806,-0.4507484263823653,1.324132271759258
70.0,166.0,139.2125701904297,-2.0926770390765874,2.7235304775360705,-4.9313841083903664,-3.017931850522101,-2.5260119396326184,0.8459250190476252,-0.1097818826242017,3.949801695330146,-0.4503936286766797,1.3222553254924845
70.0,166.0,140.52117919921875,-2.1272497769988306,1.774468940747441,-4.918171862643308,-3.039466282870276,-2.4890347571925453,0.8476899259151214,-0.521753245229758,3.96549093137469,-0.4572526271482879,1.3258236409937911
70.0,166.0,146.584716796875,-2.103115268970947,1.7773525520170366,-4.8991595252982325,-3.0347150506673737,-2.5711874065489764,0.8116258795517473,-1.035978714195854,3.971544582710554,-0.4467989748149475,1.6285298446205214
70.0,166.0,143.8277587890625,-2.1248830858866543,1.7802090878779313,-4.936753072080505,-3.0101865241049657,-1.9782824049959105,0.8420858723207358,-1.0500881416038224,3.96241728300316,-0.4534587791217112,1.321746580187323
70.0,166.0,143.25624084472656,-2.126201498395338,1.776447180426718,-4.911038367938904,-3.0189203841660275,-2.5141724623159933,0.8453948594086856,-1.0516125740393008,3.96882708303868,-0.4538285156769916,1.3222958490239185
70.0,166.0,138.2348175048828,-2.124153308589317,2.68965891250709,-4.917731485077325,-3.0320295053783326,-2.4915690251843428,0.8467442528956323,-0.117270585284069,3.961064245141978,-0.4503192027829105,1.3250156147447307
70.0,166.0,155.14508056640625,-2.144416528898283,1.7532622941419214,-4.910340166670732,-3.045212005694971,-1.9538792327145715,0.8337103093690844,-1.0439633387742353,3.904955445319976,-0.4075869564763927,0.7623833671535221
70.0,166.0,140.6323699951172,-2.1256533184603748,1.7913874504541694,-4.921465145438036,-3.032042254476908,-2.5458654929240447,0.8418490111006164,-0.1263063865130635,3.975191829727036,-0.4510944692187897,1.3222620290505078
70.0,166.0,163.06390380859375,-2.127634870697456,2.0619264648471303,-4.851475081143222,-3.032315824837624,-2.533645190719677,0.8366765524816984,-0.0573983210231931,3.971499326109941,-0.5236529495586855,1.3375541520090386
70.0,166.0,157.8895721435547,-2.151116586352581,1.7765067177928218,-4.954217446239854,-3.688038395004858,-2.586077377730949,0.8144731752930827,-0.6122097261475492,3.624379146848815,-0.454328507982406,0.9702287003031408
70.0,166.0,160.38934326171875,-2.1239526524329047,1.7532778008160277,-4.793683137872873,-2.992665936417859,-3.0883299703921034,0.7444479414625762,-1.0498487622640318,3.959048847339001,-0.7967959506285662,0.7170082799296202
70.0,166.0,138.32470703125,-2.1272123533238854,2.7160919818163243,-4.926061935088514,-3.033108760598774,-2.49092486166246,0.8415745122620073,-0.1106249293969234,3.9650521452279976,-0.4503183189177751,1.3241124889229603
70.0,166.0,155.30633544921875,-2.110355142561264,1.7355664246072802,-4.897661520156259,-3.0945963635771343,-3.0647722813398968,0.8256285834289196,-1.0204516952792135,4.389633871132414,-0.4667985076585941,0.7287559592886229
70.0,166.0,158.0673828125,-2.13478528945232,1.8441109636686763,-4.929363763692761,-3.1294766675918138,-3.0546509867568057,1.330469986782295,-1.0107985278553162,3.543151829295136,-0.4498499097984712,0.7093224768745058
70.0,166.0,151.25607299804688,-2.172037136009037,1.7295055121999343,-4.886813252907739,-3.044272093932116,-2.527211347557737,0.8736419156014977,-1.0803740810791176,4.326682419773425,-0.4568381444550614,1.020613823807618
70.0,166.0,165.35855102539062,-2.0411344005614884,1.8033887960812784,-4.990096883276585,-3.0271535952284765,-1.9850275875294443,0.7502007915430735,-1.0075749577924853,3.0752222344234887,-0.4467256416415724,1.0584411608503208
70.0,166.0,165.263427734375,-2.025108824505472,1.819420873531608,-4.880777358367313,-3.048511178555349,-3.076473591889685,0.724041054625411,-1.045823708623605,4.79798916193166,-0.408550783489008,0.6991762171530035
70.0,166.0,145.60594177246094,-2.0453835525834925,2.6159600859338075,-4.929154938678536,-3.030760784538665,-2.5098512327867453,0.8200212772888618,-0.529623032016878,3.959202619530312,-0.4410775715031466,1.2847111762347103
70.0,166.0,160.2692413330078,-1.055922459328694,1.7735920722761906,-4.937958133848109,-1.695201673496223,-3.064020344723154,0.8372423768827528,-1.0608401158966236,4.429729571994304,-0.4561175576200931,0.7202760905369371
70.0,167.0,157.60691833496094,-2.1221509371431435,1.8392303061078088,-4.902514539010984,-3.0864103908050646,-3.0538475418464337,0.8517324402109121,-1.0171489627324086,3.092931355225164,-0.4559853455206131,0.9824460715350812
70.0,167.0,161.15728759765625,-1.9534206856324816,1.7536378394229737,-4.890109816254475,-3.0956079319477503,-3.0662115030366284,0.8279698431872164,-1.019189610828445,4.304919778195342,-0.4515226464921155,0.7024576952550962
70.0,167.0,139.32833862304688,-2.08817131902122,2.674483873195172,-4.922319748061662,-3.0287992714960743,-2.513783286141139,0.8496565177450722,-0.5469923913485679,3.96800845936754,-0.4520489752543011,1.3210823692950004
70.0,167.0,139.5731658935547,-2.1198360300836963,2.689085994507524,-4.909377199846109,-3.030862694289888,-2.534973617837269,0.8475450179372452,-0.5385227267409995,3.974292005461645,-0.4513739637226254,1.3228814343240978
70.0,167.0,141.04263305664062,-2.1242910971439133,2.695835255385935,-4.93534793910779,-3.0328756950656817,-2.497768503088878,0.8485611811498186,-0.1561500308681904,3.965020034536775,-0.4511253156336175,1.3251814417918462
70.0,167.0,150.95826721191406,-2.1262525097823337,1.7737189882144293,-4.926724315985826,-3.0259742329384216,-2.437463469842107,1.4099652745982325,-1.0262765149084487,3.9233814230264574,-0.4512474950726279,1.609887845109697
70.0,167.0,156.08035278320312,-2.1580996450789263,1.728328627406782,-4.879695436337815,-3.0850529772078543,-3.06587044186364,0.8359929899162684,-1.015638048938622,3.5437633377229565,-0.4462973345896071,0.7233871726910266
70.0,167.0,145.83074951171875,-2.1182021524849444,1.8078905911135548,-4.935700425047287,-2.9794937688851824,-2.4827301949732017,0.8507230196630945,-1.052661683502819,3.970937820545013,-0.4537632926829645,1.6362450208066313
70.0,167.0,142.9798126220703,-2.1220829198845297,1.779816139448701,-4.916527573251591,-3.02469365005042,-2.497106128890054,0.8394429982048441,-1.0497138158275474,3.959478534814511,-0.4503832498699787,1.3264084915991838
70.0,167.0,140.01576232910156,-2.092413746848589,1.7854388989696246,-4.92640814788355,-3.0024211844084885,-2.483390836829217,0.8386477996562152,-0.0978388492182119,3.9842320910281286,-0.4499910043004868,1.326129821815279
70.0,167.0,138.126953125,-2.1272306233272644,2.690066396129517,-4.927198307750801,-3.032003746265965,-2.490070588514618,0.8422034147194823,-0.1131584858197553,3.965080573637964,-0.4503542826379362,1.3242440231654982
70.0,167.0,145.0528106689453,-2.1290054580750333,1.7987073586717457,-4.925498889358786,-3.037063569288797,-2.491713609668984,0.873947106034031,-0.1741554417907541,3.960437084111407,-0.4651392711242669,1.3244330798461958
70.0,167.0,139.1177978515625,-2.121924358678077,2.666080249734612,-4.918759838099927,-3.032773542817324,-2.490193648566313,0.8467825409558875,-0.5280131587354278,3.967725551798917,-0.4509176876331131,1.322280599399067
70.0,167.0,143.77976989746094,-2.090505492232815,1.7746837755457456,-4.927630124357569,-3.0560179816904194,-2.484891176152149,0.8273372251040916,-1.050737962835111,3.954398361079628,-0.4518568018256002,1.3213216143176292
70.0,167.0,177.90628051757812,-0.9480992037287066,1.6698462529856726,-4.92126265432442,-3.066282443454009,-3.048841576344093,1.9184003846581128,-1.029547548154336,4.407033002134062,-0.5675828178794807,0.7291447687456702
70.0,167.0,138.00404357910156,-2.1289855267137683,2.674140891998539,-4.927024528489207,-3.023008250776695,-2.511678235276863,0.8435753429086758,-0.1007430597659138,3.968179988186906,-0.4492019438770319,1.3244702579263798
70.0,167.0,140.55001831054688,-2.122329315786468,1.802061285371577,-4.931716526883416,-3.0283693764857564,-2.486060058575672,0.8457611210177214,-0.5347108318649818,3.980144941527816,-0.4523532917964609,1.322373004556118
70.0,167.0,149.86083984375,-2.12290973532822,1.7678672280638843,-4.933681346827862,-3.0281690041240785,-2.4860633919118627,0.9010736490337464,-1.0043492977172703,4.342770552392945,-0.4457589969867184,1.2979840525979809
70.0,167.0,149.8558807373047,-2.1111044588044594,2.641686632673826,-4.929163837336221,-3.0199126791404143,-2.620657437733671,0.8422044171890584,-0.113757326940539,4.036803368312294,-0.4510087777343007,0.99886656482351
70.0,167.0,138.37705993652344,-2.122714904615392,2.670638671875961,-4.919153420636971,-3.031966039581508,-2.5160680906985378,0.846655034123982,-0.1112124613833414,3.97682799674141,-0.4506444637468742,1.3222653053134326
70.0,167.0,139.03466796875,-2.124093785915052,2.705153527687594,-4.916764456486165,-3.043737883157421,-2.525833800920392,0.8464824500028444,-0.1147045345830614,3.979672715500997,-0.4502729055998458,1.3171971529547368
70.0,167.0,139.24049377441406,-2.122952978603168,2.70020178203428,-4.9094442719968265,-3.03447883586124,-2.4897371704606464,0.8453880164933214,-0.5275536671755963,3.970888576625884,-0.4506163248250027,1.3280531216495697
70.0,167.0,138.76473999023438,-2.1279732911698743,2.708188033242847,-4.917009534908803,-3.031388821399389,-2.5285953361756457,0.8576916744227981,-0.1119445732281279,3.965719374531597,-0.4488683096698946,1.3242018731923364
70.0,167.0,153.1660919189453,-2.121447798556532,1.8336876551817392,-4.9380753146679925,-3.094233202647145,-3.0649950223856144,0.8354321701101891,-1.021508757068139,3.955010029302585,-0.4447028575291981,0.7080551592072115
70.0,167.0,142.1283721923828,-2.1192890279676746,1.7984264980446047,-4.92041992272411,-3.023637196291919,-2.4862630705474427,0.8392563093769569,-0.5088082330646075,3.99275164134204,-0.4506043871085918,1.3222941943722175
70.0,167.0,144.48789978027344,-2.141046964113209,1.771880474365917,-4.911381224157521,-3.040130457582591,-2.517262630056656,0.8055665997807893,-1.0369607176572375,3.977882256769657,-0.4549739669163189,1.3219810566530266
70.0,167.0,144.30528259277344,-2.1420661159391248,2.735416640427801,-4.969076468075503,-2.970689023368302,-2.475778357540828,0.827362978526701,-0.1067474272316815,3.5897863338032643,-0.4456296868987205,1.2928837134394424
70.0,167.0,150.5499267578125,-2.11968739608623,1.755035030369485,-4.927208819748874,-3.0244678618957064,-2.0218319945465275,0.8106048132035997,-1.0135414794231097,3.9867357123238514,-0.4552261932641993,1.349251448476138
70.0,167.0,140.70806884765625,-2.1170765257260005,1.7786727018614492,-4.886691515714032,-3.0032452423189584,-2.490826029221292,0.8457199841861938,-0.5221104655596113,3.970749928697078,-0.4471574466552951,1.3225873864163096
70.0,167.0,143.6717529296875,-2.156491978467087,1.7848226430137946,-4.937289081138338,-3.015584518911508,-2.4952668236488216,0.8392536062907989,-1.048874207228421,3.9749121325547967,-0.4509797059062946,1.3121867831926637
70.0,167.0,140.90138244628906,-2.121863517848713,2.585209060388152,-4.918909906648255,-3.012347819468753,-2.5282123118204005,0.8464799566976576,-0.1144050382294515,3.9756254074696806,-0.4507484263823653,1.324132271759258
70.0,167.0,139.2125701904297,-2.0926770390765874,2.7235304775360705,-4.9313841083903664,-3.017931850522101,-2.5260119396326184,0.8459250190476252,-0.1097818826242017,3.949801695330146,-0.4503936286766797,1.3222553254924845
70.0,167.0,140.52117919921875,-2.1272497769988306,1.774468940747441,-4.918171862643308,-3.039466282870276,-2.4890347571925453,0.8476899259151214,-0.521753245229758,3.96549093137469,-0.4572526271482879,1.3258236409937911
70.0,167.0,146.584716796875,-2.103115268970947,1.7773525520170366,-4.8991595252982325,-3.0347150506673737,-2.5711874065489764,0.8116258795517473,-1.035978714195854,3.971544582710554,-0.4467989748149475,1.6285298446205214
70.0,167.0,143.8277587890625,-2.1248830858866543,1.7802090878779313,-4.936753072080505,-3.0101865241049657,-1.9782824049959105,0.8420858723207358,-1.0500881416038224,3.96241728300316,-0.4534587791217112,1.321746580187323
70.0,167.0,143.25624084472656,-2.126201498395338,1.776447180426718,-4.911038367938904,-3.0189203841660275,-2.5141724623159933,0.8453948594086856,-1.0516125740393008,3.96882708303868,-0.4538285156769916,1.3222958490239185
70.0,167.0,138.2348175048828,-2.124153308589317,2.68965891250709,-4.917731485077325,-3.0320295053783326,-2.4915690251843428,0.8467442528956323,-0.117270585284069,3.961064245141978,-0.4503192027829105,1.3250156147447307
70.0,167.0,155.14508056640625,-2.144416528898283,1.7532622941419214,-4.910340166670732,-3.045212005694971,-1.9538792327145715,0.8337103093690844,-1.0439633387742353,3.904955445319976,-0.4075869564763927,0.7623833671535221
70.0,167.0,140.58787536621094,-2.1195343794311863,1.7739414720747098,-4.924618637607522,-3.031940156859683,-2.529142905056195,0.8435103435695624,-0.1337611689335374,3.973058904472408,-0.4488663263112497,1.3293848156199288
70.0,167.0,152.3922119140625,-2.134599781991009,2.8774562109154003,-4.944595713259772,-3.03357268199194,-2.5532119043446126,0.8497152397175266,-0.1075842171767268,3.970592885336552,-0.4928201816056093,1.3376017439025494
70.0,167.0,157.8895721435547,-2.151116586352581,1.7765067177928218,-4.954217446239854,-3.688038395004858,-2.586077377730949,0.8144731752930827,-0.6122097261475492,3.624379146848815,-0.454328507982406,0.9702287003031408
70.0,167.0,160.38934326171875,-2.1239526524329047,1.7532778008160277,-4.793683137872873,-2.992665936417859,-3.0883299703921034,0.7444479414625762,-1.0498487622640318,3.959048847339001,-0.7967959506285662,0.7170082799296202
70.0,167.0,138.32470703125,-2.1272123533238854,2.7160919818163243,-4.926061935088514,-3.033108760598774,-2.49092486166246,0.8415745122620073,-0.1106249293969234,3.9650521452279976,-0.4503183189177751,1.3241124889229603
70.0,167.0,155.30633544921875,-2.110355142561264,1.7355664246072802,-4.897661520156259,-3.0945963635771343,-3.0647722813398968,0.8256285834289196,-1.0204516952792135,4.389633871132414,-0.4667985076585941,0.7287559592886229
70.0,167.0,158.0673828125,-2.13478528945232,1.8441109636686763,-4.929363763692761,-3.1294766675918138,-3.0546509867568057,1.330469986782295,-1.0107985278553162,3.543151829295136,-0.4498499097984712,0.7093224768745058
70.0,167.0,151.25607299804688,-2.172037136009037,1.7295055121999343,-4.886813252907739,-3.044272093932116,-2.527211347557737,0.8736419156014977,-1.0803740810791176,4.326682419773425,-0.4568381444550614,1.020613823807618
70.0,167.0,165.35855102539062,-2.0411344005614884,1.8033887960812784,-4.990096883276585,-3.0271535952284765,-1.9850275875294443,0.7502007915430735,-1.0075749577924853,3.0752222344234887,-0.4467256416415724,1.0584411608503208
70.0,167.0,165.263427734375,-2.025108824505472,1.819420873531608,-4.880777358367313,-3.048511178555349,-3.076473591889685,0.724041054625411,-1.045823708623605,4.79798916193166,-0.408550783489008,0.6991762171530035
70.0,167.0,145.60594177246094,-2.0453835525834925,2.6159600859338075,-4.929154938678536,-3.030760784538665,-2.5098512327867453,0.8200212772888618,-0.529623032016878,3.959202619530312,-0.4410775715031466,1.2847111762347103
70.0,167.0,160.2692413330078,-1.055922459328694,1.7735920722761906,-4.937958133848109,-1.695201673496223,-3.064020344723154,0.8372423768827528,-1.0608401158966236,4.429729571994304,-0.4561175576200931,0.7202760905369371
70.0,168.0,157.60691833496094,-2.1221509371431435,1.8392303061078088,-4.902514539010984,-3.0864103908050646,-3.0538475418464337,0.8517324402109121,-1.0171489627324086,3.092931355225164,-0.4559853455206131,0.9824460715350812
70.0,168.0,161.15728759765625,-1.9534206856324816,1.7536378394229737,-4.890109816254475,-3.0956079319477503,-3.0662115030366284,0.8279698431872164,-1.019189610828445,4.304919778195342,-0.4515226464921155,0.7024576952550962
70.0,168.0,139.32833862304688,-2.08817131902122,2.674483873195172,-4.922319748061662,-3.0287992714960743,-2.513783286141139,0.8496565177450722,-0.5469923913485679,3.96800845936754,-0.4520489752543011,1.3210823692950004
70.0,168.0,139.5731658935547,-2.1198360300836963,2.689085994507524,-4.909377199846109,-3.030862694289888,-2.534973617837269,0.8475450179372452,-0.5385227267409995,3.974292005461645,-0.4513739637226254,1.3228814343240978
70.0,168.0,141.04263305664062,-2.1242910971439133,2.695835255385935,-4.93534793910779,-3.0328756950656817,-2.497768503088878,0.8485611811498186,-0.1561500308681904,3.965020034536775,-0.4511253156336175,1.3251814417918462
70.0,168.0,150.95826721191406,-2.1262525097823337,1.7737189882144293,-4.926724315985826,-3.0259742329384216,-2.437463469842107,1.4099652745982325,-1.0262765149084487,3.9233814230264574,-0.4512474950726279,1.609887845109697
70.0,168.0,156.08035278320312,-2.1580996450789263,1.728328627406782,-4.879695436337815,-3.0850529772078543,-3.06587044186364,0.8359929899162684,-1.015638048938622,3.5437633377229565,-0.4462973345896071,0.7233871726910266
70.0,168.0,145.83074951171875,-2.1182021524849444,1.8078905911135548,-4.935700425047287,-2.9794937688851824,-2.4827301949732017,0.8507230196630945,-1.052661683502819,3.970937820545013,-0.4537632926829645,1.6362450208066313
70.0,168.0,142.9798126220703,-2.1220829198845297,1.779816139448701,-4.916527573251591,-3.02469365005042,-2.497106128890054,0.8394429982048441,-1.0497138158275474,3.959478534814511,-0.4503832498699787,1.3264084915991838
70.0,168.0,140.01576232910156,-2.092413746848589,1.7854388989696246,-4.92640814788355,-3.0024211844084885,-2.483390836829217,0.8386477996562152,-0.0978388492182119,3.9842320910281286,-0.4499910043004868,1.326129821815279
70.0,168.0,138.126953125,-2.1272306233272644,2.690066396129517,-4.927198307750801,-3.032003746265965,-2.490070588514618,0.8422034147194823,-0.1131584858197553,3.965080573637964,-0.4503542826379362,1.3242440231654982
70.0,168.0,145.0528106689453,-2.1290054580750333,1.7987073586717457,-4.925498889358786,-3.037063569288797,-2.491713609668984,0.873947106034031,-0.1741554417907541,3.960437084111407,-0.4651392711242669,1.3244330798461958
70.0,168.0,139.1177978515625,-2.121924358678077,2.666080249734612,-4.918759838099927,-3.032773542817324,-2.490193648566313,0.8467825409558875,-0.5280131587354278,3.967725551798917,-0.4509176876331131,1.322280599399067
70.0,168.0,143.77976989746094,-2.090505492232815,1.7746837755457456,-4.927630124357569,-3.0560179816904194,-2.484891176152149,0.8273372251040916,-1.050737962835111,3.954398361079628,-0.4518568018256002,1.3213216143176292
70.0,168.0,177.90628051757812,-0.9480992037287066,1.6698462529856726,-4.92126265432442,-3.066282443454009,-3.048841576344093,1.9184003846581128,-1.029547548154336,4.407033002134062,-0.5675828178794807,0.7291447687456702
70.0,168.0,138.00404357910156,-2.1289855267137683,2.674140891998539,-4.927024528489207,-3.023008250776695,-2.511678235276863,0.8435753429086758,-0.1007430597659138,3.968179988186906,-0.4492019438770319,1.3244702579263798
70.0,168.0,140.55001831054688,-2.122329315786468,1.802061285371577,-4.931716526883416,-3.0283693764857564,-2.486060058575672,0.8457611210177214,-0.5347108318649818,3.980144941527816,-0.4523532917964609,1.322373004556118
70.0,168.0,149.86083984375,-2.12290973532822,1.7678672280638843,-4.933681346827862,-3.0281690041240785,-2.4860633919118627,0.9010736490337464,-1.0043492977172703,4.342770552392945,-0.4457589969867184,1.2979840525979809
70.0,168.0,149.8558807373047,-2.1111044588044594,2.641686632673826,-4.929163837336221,-3.0199126791404143,-2.620657437733671,0.8422044171890584,-0.113757326940539,4.036803368312294,-0.4510087777343007,0.99886656482351
70.0,168.0,138.37705993652344,-2.122714904615392,2.670638671875961,-4.919153420636971,-3.031966039581508,-2.5160680906985378,0.846655034123982,-0.1112124613833414,3.97682799674141,-0.4506444637468742,1.3222653053134326
70.0,168.0,138.67544555664062,-2.124737989530708,2.6692416498465428,-4.932396862421084,-3.015905180396185,-2.5314402481244653,0.848252327879722,-0.1027205854608158,3.975981210828733,-0.4494992993807684,1.3196306168612773
70.0,168.0,139.24049377441406,-2.122952978603168,2.70020178203428,-4.9094442719968265,-3.03447883586124,-2.4897371704606464,0.8453880164933214,-0.5275536671755963,3.970888576625884,-0.4506163248250027,1.3280531216495697
70.0,168.0,138.76473999023438,-2.1279732911698743,2.708188033242847,-4.917009534908803,-3.031388821399389,-2.5285953361756457,0.8576916744227981,-0.1119445732281279,3.965719374531597,-0.4488683096698946,1.3242018731923364
70.0,168.0,153.1660919189453,-2.121447798556532,1.8336876551817392,-4.9380753146679925,-3.094233202647145,-3.0649950223856144,0.8354321701101891,-1.021508757068139,3.955010029302585,-0.4447028575291981,0.7080551592072115
70.0,168.0,142.1283721923828,-2.1192890279676746,1.7984264980446047,-4.92041992272411,-3.023637196291919,-2.4862630705474427,0.8392563093769569,-0.5088082330646075,3.99275164134204,-0.4506043871085918,1.3222941943722175
70.0,168.0,144.48789978027344,-2.141046964113209,1.771880474365917,-4.911381224157521,-3.040130457582591,-2.517262630056656,0.8055665997807893,-1.0369607176572375,3.977882256769657,-0.4549739669163189,1.3219810566530266
70.0,168.0,144.30528259277344,-2.1420661159391248,2.735416640427801,-4.969076468075503,-2.970689023368302,-2.475778357540828,0.827362978526701,-0.1067474272316815,3.5897863338032643,-0.4456296868987205,1.2928837134394424
70.0,168.0,150.5499267578125,-2.11968739608623,1.755035030369485,-4.927208819748874,-3.0244678618957064,-2.0218319945465275,0.8106048132035997,-1.0135414794231097,3.9867357123238514,-0.4552261932641993,1.349251448476138
70.0,168.0,140.70806884765625,-2.1170765257260005,1.7786727018614492,-4.886691515714032,-3.0032452423189584,-2.490826029221292,0.8457199841861938,-0.5221104655596113,3.970749928697078,-0.4471574466552951,1.3225873864163096
70.0,168.0,143.6717529296875,-2.156491978467087,1.7848226430137946,-4.937289081138338,-3.015584518911508,-2.4952668236488216,0.8392536062907989,-1.048874207228421,3.9749121325547967,-0.4509797059062946,1.3121867831926637
70.0,168.0,140.90138244628906,-2.121863517848713,2.585209060388152,-4.918909906648255,-3.012347819468753,-2.5282123118204005,0.8464799566976576,-0.1144050382294515,3.9756254074696806,-0.4507484263823653,1.324132271759258
70.0,168.0,139.2125701904297,-2.0926770390765874,2.7235304775360705,-4.9313841083903664,-3.017931850522101,-2.5260119396326184,0.8459250190476252,-0.1097818826242017,3.949801695330146,-0.4503936286766797,1.3222553254924845
70.0,168.0,140.52117919921875,-2.1272497769988306,1.774468940747441,-4.918171862643308,-3.039466282870276,-2.4890347571925453,0.8476899259151214,-0.521753245229758,3.96549093137469,-0.4572526271482879,1.3258236409937911
70.0,168.0,146.584716796875,-2.103115268970947,1.7773525520170366,-4.8991595252982325,-3.0347150506673737,-2.5711874065489764,0.8116258795517473,-1.035978714195854,3.971544582710554,-0.4467989748149475,1.6285298446205214
70.0,168.0,143.8277587890625,-2.1248830858866543,1.7802090878779313,-4.936753072080505,-3.0101865241049657,-1.9782824049959105,0.8420858723207358,-1.0500881416038224,3.96241728300316,-0.4534587791217112,1.321746580187323
70.0,168.0,143.25624084472656,-2.126201498395338,1.776447180426718,-4.911038367938904,-3.0189203841660275,-2.5141724623159933,0.8453948594086856,-1.0516125740393008,3.96882708303868,-0.4538285156769916,1.3222958490239185
70.0,168.0,138.2348175048828,-2.124153308589317,2.68965891250709,-4.917731485077325,-3.0320295053783326,-2.4915690251843428,0.8467442528956323,-0.117270585284069,3.961064245141978,-0.4503192027829105,1.3250156147447307
70.0,168.0,155.14508056640625,-2.144416528898283,1.7532622941419214,-4.910340166670732,-3.045212005694971,-1.9538792327145715,0.8337103093690844,-1.0439633387742353,3.904955445319976,-0.4075869564763927,0.7623833671535221
70.0,168.0,140.58787536621094,-2.1195343794311863,1.7739414720747098,-4.924618637607522,-3.031940156859683,-2.529142905056195,0.8435103435695624,-0.1337611689335374,3.973058904472408,-0.4488663263112497,1.3293848156199288
70.0,168.0,152.3922119140625,-2.134599781991009,2.8774562109154003,-4.944595713259772,-3.03357268199194,-2.5532119043446126,0.8497152397175266,-0.1075842171767268,3.970592885336552,-0.4928201816056093,1.3376017439025494
70.0,168.0,157.8895721435547,-2.151116586352581,1.7765067177928218,-4.954217446239854,-3.688038395004858,-2.586077377730949,0.8144731752930827,-0.6122097261475492,3.624379146848815,-0.454328507982406,0.9702287003031408
70.0,168.0,160.38934326171875,-2.1239526524329047,1.7532778008160277,-4.793683137872873,-2.992665936417859,-3.0883299703921034,0.7444479414625762,-1.0498487622640318,3.959048847339001,-0.7967959506285662,0.7170082799296202
70.0,168.0,138.32470703125,-2.1272123533238854,2.7160919818163243,-4.926061935088514,-3.033108760598774,-2.49092486166246,0.8415745122620073,-0.1106249293969234,3.9650521452279976,-0.4503183189177751,1.3241124889229603
70.0,168.0,155.30633544921875,-2.110355142561264,1.7355664246072802,-4.897661520156259,-3.0945963635771343,-3.0647722813398968,0.8256285834289196,-1.0204516952792135,4.389633871132414,-0.4667985076585941,0.7287559592886229
70.0,168.0,158.0673828125,-2.13478528945232,1.8441109636686763,-4.929363763692761,-3.1294766675918138,-3.0546509867568057,1.330469986782295,-1.0107985278553162,3.543151829295136,-0.4498499097984712,0.7093224768745058
70.0,168.0,151.25607299804688,-2.172037136009037,1.7295055121999343,-4.886813252907739,-3.044272093932116,-2.527211347557737,0.8736419156014977,-1.0803740810791176,4.326682419773425,-0.4568381444550614,1.020613823807618
70.0,168.0,165.35855102539062,-2.0411344005614884,1.8033887960812784,-4.990096883276585,-3.0271535952284765,-1.9850275875294443,0.7502007915430735,-1.0075749577924853,3.0752222344234887,-0.4467256416415724,1.0584411608503208
70.0,168.0,165.263427734375,-2.025108824505472,1.819420873531608,-4.880777358367313,-3.048511178555349,-3.076473591889685,0.724041054625411,-1.045823708623605,4.79798916193166,-0.408550783489008,0.6991762171530035
70.0,168.0,145.60594177246094,-2.0453835525834925,2.6159600859338075,-4.929154938678536,-3.030760784538665,-2.5098512327867453,0.8200212772888618,-0.529623032016878,3.959202619530312,-0.4410775715031466,1.2847111762347103
70.0,168.0,160.2692413330078,-1.055922459328694,1.7735920722761906,-4.937958133848109,-1.695201673496223,-3.064020344723154,0.8372423768827528,-1.0608401158966236,4.429729571994304,-0.4561175576200931,0.7202760905369371
70.0,169.0,157.60691833496094,-2.1221509371431435,1.8392303061078088,-4.902514539010984,-3.0864103908050646,-3.0538475418464337,0.8517324402109121,-1.0171489627324086,3.092931355225164,-0.4559853455206131,0.9824460715350812
70.0,169.0,161.15728759765625,-1.9534206856324816,1.7536378394229737,-4.890109816254475,-3.0956079319477503,-3.0662115030366284,0.8279698431872164,-1.019189610828445,4.304919778195342,-0.4515226464921155,0.7024576952550962
70.0,169.0,139.32833862304688,-2.08817131902122,2.674483873195172,-4.922319748061662,-3.0287992714960743,-2.513783286141139,0.8496565177450722,-0.5469923913485679,3.96800845936754,-0.4520489752543011,1.3210823692950004
70.0,169.0,139.5731658935547,-2.1198360300836963,2.689085994507524,-4.909377199846109,-3.030862694289888,-2.534973617837269,0.8475450179372452,-0.5385227267409995,3.974292005461645,-0.4513739637226254,1.3228814343240978
70.0,169.0,138.80715942382812,-2.128930818403042,2.6682837168638542,-4.930783110533901,-3.0413880014172907,-2.5394497256506807,0.8482626728091756,-0.1063526876640977,3.968034072400866,-0.4509413282023676,1.3269870042088925
70.0,169.0,150.95826721191406,-2.1262525097823337,1.7737189882144293,-4.926724315985826,-3.0259742329384216,-2.437463469842107,1.4099652745982325,-1.0262765149084487,3.9233814230264574,-0.4512474950726279,1.609887845109697
70.0,169.0,156.08035278320312,-2.1580996450789263,1.728328627406782,-4.879695436337815,-3.0850529772078543,-3.06587044186364,0.8359929899162684,-1.015638048938622,3.5437633377229565,-0.4462973345896071,0.7233871726910266
70.0,169.0,145.83074951171875,-2.1182021524849444,1.8078905911135548,-4.935700425047287,-2.9794937688851824,-2.4827301949732017,0.8507230196630945,-1.052661683502819,3.970937820545013,-0.4537632926829645,1.6362450208066313
70.0,169.0,142.9798126220703,-2.1220829198845297,1.779816139448701,-4.916527573251591,-3.02469365005042,-2.497106128890054,0.8394429982048441,-1.0497138158275474,3.959478534814511,-0.4503832498699787,1.3264084915991838
70.0,169.0,140.01576232910156,-2.092413746848589,1.7854388989696246,-4.92640814788355,-3.0024211844084885,-2.483390836829217,0.8386477996562152,-0.0978388492182119,3.9842320910281286,-0.4499910043004868,1.326129821815279
70.0,169.0,138.126953125,-2.1272306233272644,2.690066396129517,-4.927198307750801,-3.032003746265965,-2.490070588514618,0.8422034147194823,-0.1131584858197553,3.965080573637964,-0.4503542826379362,1.3242440231654982
70.0,169.0,145.0528106689453,-2.1290054580750333,1.7987073586717457,-4.925498889358786,-3.037063569288797,-2.491713609668984,0.873947106034031,-0.1741554417907541,3.960437084111407,-0.4651392711242669,1.3244330798461958
70.0,169.0,139.1177978515625,-2.121924358678077,2.666080249734612,-4.918759838099927,-3.032773542817324,-2.490193648566313,0.8467825409558875,-0.5280131587354278,3.967725551798917,-0.4509176876331131,1.322280599399067
70.0,169.0,143.77976989746094,-2.090505492232815,1.7746837755457456,-4.927630124357569,-3.0560179816904194,-2.484891176152149,0.8273372251040916,-1.050737962835111,3.954398361079628,-0.4518568018256002,1.3213216143176292
70.0,169.0,177.90628051757812,-0.9480992037287066,1.6698462529856726,-4.92126265432442,-3.066282443454009,-3.048841576344093,1.9184003846581128,-1.029547548154336,4.407033002134062,-0.5675828178794807,0.7291447687456702
70.0,169.0,138.00404357910156,-2.1289855267137683,2.674140891998539,-4.927024528489207,-3.023008250776695,-2.511678235276863,0.8435753429086758,-0.1007430597659138,3.968179988186906,-0.4492019438770319,1.3244702579263798
70.0,169.0,140.55001831054688,-2.122329315786468,1.802061285371577,-4.931716526883416,-3.0283693764857564,-2.486060058575672,0.8457611210177214,-0.5347108318649818,3.980144941527816,-0.4523532917964609,1.322373004556118
70.0,169.0,149.86083984375,-2.12290973532822,1.7678672280638843,-4.933681346827862,-3.0281690041240785,-2.4860633919118627,0.9010736490337464,-1.0043492977172703,4.342770552392945,-0.4457589969867184,1.2979840525979809
70.0,169.0,149.8558807373047,-2.1111044588044594,2.641686632673826,-4.929163837336221,-3.0199126791404143,-2.620657437733671,0.8422044171890584,-0.113757326940539,4.036803368312294,-0.4510087777343007,0.99886656482351
70.0,169.0,138.37705993652344,-2.122714904615392,2.670638671875961,-4.919153420636971,-3.031966039581508,-2.5160680906985378,0.846655034123982,-0.1112124613833414,3.97682799674141,-0.4506444637468742,1.3222653053134326
70.0,169.0,138.61990356445312,-2.123149041028049,2.691596847870243,-4.943287282546354,-3.0140737990941613,-2.498300007350377,0.8488654946290364,-0.0968506870513553,3.968491567918767,-0.4488378161021873,1.322297144761323
70.0,169.0,139.24049377441406,-2.122952978603168,2.70020178203428,-4.9094442719968265,-3.03447883586124,-2.4897371704606464,0.8453880164933214,-0.5275536671755963,3.970888576625884,-0.4506163248250027,1.3280531216495697
70.0,169.0,138.76473999023438,-2.1279732911698743,2.708188033242847,-4.917009534908803,-3.031388821399389,-2.5285953361756457,0.8576916744227981,-0.1119445732281279,3.965719374531597,-0.4488683096698946,1.3242018731923364
70.0,169.0,153.1660919189453,-2.121447798556532,1.8336876551817392,-4.9380753146679925,-3.094233202647145,-3.0649950223856144,0.8354321701101891,-1.021508757068139,3.955010029302585,-0.4447028575291981,0.7080551592072115
70.0,169.0,142.1283721923828,-2.1192890279676746,1.7984264980446047,-4.92041992272411,-3.023637196291919,-2.4862630705474427,0.8392563093769569,-0.5088082330646075,3.99275164134204,-0.4506043871085918,1.3222941943722175
70.0,169.0,144.48789978027344,-2.141046964113209,1.771880474365917,-4.911381224157521,-3.040130457582591,-2.517262630056656,0.8055665997807893,-1.0369607176572375,3.977882256769657,-0.4549739669163189,1.3219810566530266
70.0,169.0,139.26524353027344,-2.0760984574557684,2.703104351150979,-4.9602111040320285,-3.0134529166802886,-2.505066979451373,0.8507338381233625,-0.1005103623646785,3.950153379137319,-0.4495753354752854,1.3180264990188637
70.0,169.0,150.5499267578125,-2.11968739608623,1.755035030369485,-4.927208819748874,-3.0244678618957064,-2.0218319945465275,0.8106048132035997,-1.0135414794231097,3.9867357123238514,-0.4552261932641993,1.349251448476138
70.0,169.0,140.70806884765625,-2.1170765257260005,1.7786727018614492,-4.886691515714032,-3.0032452423189584,-2.490826029221292,0.8457199841861938,-0.5221104655596113,3.970749928697078,-0.4471574466552951,1.3225873864163096
70.0,169.0,143.6717529296875,-2.156491978467087,1.7848226430137946,-4.937289081138338,-3.015584518911508,-2.4952668236488216,0.8392536062907989,-1.048874207228421,3.9749121325547967,-0.4509797059062946,1.3121867831926637
70.0,169.0,140.90138244628906,-2.121863517848713,2.585209060388152,-4.918909906648255,-3.012347819468753,-2.5282123118204005,0.8464799566976576,-0.1144050382294515,3.9756254074696806,-0.4507484263823653,1.324132271759258
70.0,169.0,139.2125701904297,-2.0926770390765874,2.7235304775360705,-4.9313841083903664,-3.017931850522101,-2.5260119396326184,0.8459250190476252,-0.1097818826242017,3.949801695330146,-0.4503936286766797,1.3222553254924845
70.0,169.0,140.52117919921875,-2.1272497769988306,1.774468940747441,-4.918171862643308,-3.039466282870276,-2.4890347571925453,0.8476899259151214,-0.521753245229758,3.96549093137469,-0.4572526271482879,1.3258236409937911
70.0,169.0,146.584716796875,-2.103115268970947,1.7773525520170366,-4.8991595252982325,-3.0347150506673737,-2.5711874065489764,0.8116258795517473,-1.035978714195854,3.971544582710554,-0.4467989748149475,1.6285298446205214
70.0,169.0,143.8277587890625,-2.1248830858866543,1.7802090878779313,-4.936753072080505,-3.0101865241049657,-1.9782824049959105,0.8420858723207358,-1.0500881416038224,3.96241728300316,-0.4534587791217112,1.321746580187323
70.0,169.0,143.25624084472656,-2.126201498395338,1.776447180426718,-4.911038367938904,-3.0189203841660275,-2.5141724623159933,0.8453948594086856,-1.0516125740393008,3.96882708303868,-0.4538285156769916,1.3222958490239185
70.0,169.0,138.2348175048828,-2.124153308589317,2.68965891250709,-4.917731485077325,-3.0320295053783326,-2.4915690251843428,0.8467442528956323,-0.117270585284069,3.961064245141978,-0.4503192027829105,1.3250156147447307
70.0,169.0,155.14508056640625,-2.144416528898283,1.7532622941419214,-4.910340166670732,-3.045212005694971,-1.9538792327145715,0.8337103093690844,-1.0439633387742353,3.904955445319976,-0.4075869564763927,0.7623833671535221
70.0,169.0,140.58787536621094,-2.1195343794311863,1.7739414720747098,-4.924618637607522,-3.031940156859683,-2.529142905056195,0.8435103435695624,-0.1337611689335374,3.973058904472408,-0.4488663263112497,1.3293848156199288
70.0,169.0,150.2104034423828,-2.1262867471954734,2.4468004338507736,-4.9447254265451095,-3.0293257198387464,-2.525871279926417,0.846520826408911,-0.1042847768718217,3.972599752374124,-0.4686225586636802,1.3336400766757155
70.0,169.0,157.8895721435547,-2.151116586352581,1.7765067177928218,-4.954217446239854,-3.688038395004858,-2.586077377730949,0.8144731752930827,-0.6122097261475492,3.624379146848815,-0.454328507982406,0.9702287003031408
70.0,169.0,160.38934326171875,-2.1239526524329047,1.7532778008160277,-4.793683137872873,-2.992665936417859,-3.0883299703921034,0.7444479414625762,-1.0498487622640318,3.959048847339001,-0.7967959506285662,0.7170082799296202
70.0,169.0,138.32470703125,-2.1272123533238854,2.7160919818163243,-4.926061935088514,-3.033108760598774,-2.49092486166246,0.8415745122620073,-0.1106249293969234,3.9650521452279976,-0.4503183189177751,1.3241124889229603
70.0,169.0,155.30633544921875,-2.110355142561264,1.7355664246072802,-4.897661520156259,-3.0945963635771343,-3.0647722813398968,0.8256285834289196,-1.0204516952792135,4.389633871132414,-0.4667985076585941,0.7287559592886229
70.0,169.0,158.0673828125,-2.13478528945232,1.8441109636686763,-4.929363763692761,-3.1294766675918138,-3.0546509867568057,1.330469986782295,-1.0107985278553162,3.543151829295136,-0.4498499097984712,0.7093224768745058
70.0,169.0,151.25607299804688,-2.172037136009037,1.7295055121999343,-4.886813252907739,-3.044272093932116,-2.527211347557737,0.8736419156014977,-1.0803740810791176,4.326682419773425,-0.4568381444550614,1.020613823807618
70.0,169.0,165.35855102539062,-2.0411344005614884,1.8033887960812784,-4.990096883276585,-3.0271535952284765,-1.9850275875294443,0.7502007915430735,-1.0075749577924853,3.0752222344234887,-0.4467256416415724,1.0584411608503208
70.0,169.0,165.263427734375,-2.025108824505472,1.819420873531608,-4.880777358367313,-3.048511178555349,-3.076473591889685,0.724041054625411,-1.045823708623605,4.79798916193166,-0.408550783489008,0.6991762171530035
70.0,169.0,145.60594177246094,-2.0453835525834925,2.6159600859338075,-4.929154938678536,-3.030760784538665,-2.5098512327867453,0.8200212772888618,-0.529623032016878,3.959202619530312,-0.4410775715031466,1.2847111762347103
70.0,169.0,160.2692413330078,-1.055922459328694,1.7735920722761906,-4.937958133848109,-1.695201673496223,-3.064020344723154,0.8372423768827528,-1.0608401158966236,4.429729571994304,-0.4561175576200931,0.7202760905369371
70.0,170.0,157.60691833496094,-2.1221509371431435,1.8392303061078088,-4.902514539010984,-3.0864103908050646,-3.0538475418464337,0.8517324402109121,-1.0171489627324086,3.092931355225164,-0.4559853455206131,0.9824460715350812
70.0,170.0,161.15728759765625,-1.9534206856324816,1.7536378394229737,-4.890109816254475,-3.0956079319477503,-3.0662115030366284,0.8279698431872164,-1.019189610828445,4.304919778195342,-0.4515226464921155,0.7024576952550962
70.0,170.0,139.32833862304688,-2.08817131902122,2.674483873195172,-4.922319748061662,-3.0287992714960743,-2.513783286141139,0.8496565177450722,-0.5469923913485679,3.96800845936754,-0.4520489752543011,1.3210823692950004
70.0,170.0,139.5731658935547,-2.1198360300836963,2.689085994507524,-4.909377199846109,-3.030862694289888,-2.534973617837269,0.8475450179372452,-0.5385227267409995,3.974292005461645,-0.4513739637226254,1.3228814343240978
70.0,170.0,138.80715942382812,-2.128930818403042,2.6682837168638542,-4.930783110533901,-3.0413880014172907,-2.5394497256506807,0.8482626728091756,-0.1063526876640977,3.968034072400866,-0.4509413282023676,1.3269870042088925
70.0,170.0,150.95826721191406,-2.1262525097823337,1.7737189882144293,-4.926724315985826,-3.0259742329384216,-2.437463469842107,1.4099652745982325,-1.0262765149084487,3.9233814230264574,-0.4512474950726279,1.609887845109697
70.0,170.0,156.08035278320312,-2.1580996450789263,1.728328627406782,-4.879695436337815,-3.0850529772078543,-3.06587044186364,0.8359929899162684,-1.015638048938622,3.5437633377229565,-0.4462973345896071,0.7233871726910266
70.0,170.0,145.83074951171875,-2.1182021524849444,1.8078905911135548,-4.935700425047287,-2.9794937688851824,-2.4827301949732017,0.8507230196630945,-1.052661683502819,3.970937820545013,-0.4537632926829645,1.6362450208066313
70.0,170.0,142.9798126220703,-2.1220829198845297,1.779816139448701,-4.916527573251591,-3.02469365005042,-2.497106128890054,0.8394429982048441,-1.0497138158275474,3.959478534814511,-0.4503832498699787,1.3264084915991838
70.0,170.0,140.01576232910156,-2.092413746848589,1.7854388989696246,-4.92640814788355,-3.0024211844084885,-2.483390836829217,0.8386477996562152,-0.0978388492182119,3.9842320910281286,-0.4499910043004868,1.326129821815279
70.0,170.0,138.126953125,-2.1272306233272644,2.690066396129517,-4.927198307750801,-3.032003746265965,-2.490070588514618,0.8422034147194823,-0.1131584858197553,3.965080573637964,-0.4503542826379362,1.3242440231654982
70.0,170.0,145.0528106689453,-2.1290054580750333,1.7987073586717457,-4.925498889358786,-3.037063569288797,-2.491713609668984,0.873947106034031,-0.1741554417907541,3.960437084111407,-0.4651392711242669,1.3244330798461958
70.0,170.0,139.1177978515625,-2.121924358678077,2.666080249734612,-4.918759838099927,-3.032773542817324,-2.490193648566313,0.8467825409558875,-0.5280131587354278,3.967725551798917,-0.4509176876331131,1.322280599399067
70.0,170.0,143.77976989746094,-2.090505492232815,1.7746837755457456,-4.927630124357569,-3.0560179816904194,-2.484891176152149,0.8273372251040916,-1.050737962835111,3.954398361079628,-0.4518568018256002,1.3213216143176292
70.0,170.0,177.90628051757812,-0.9480992037287066,1.6698462529856726,-4.92126265432442,-3.066282443454009,-3.048841576344093,1.9184003846581128,-1.029547548154336,4.407033002134062,-0.5675828178794807,0.7291447687456702
70.0,170.0,138.00404357910156,-2.1289855267137683,2.674140891998539,-4.927024528489207,-3.023008250776695,-2.511678235276863,0.8435753429086758,-0.1007430597659138,3.968179988186906,-0.4492019438770319,1.3244702579263798
70.0,170.0,140.55001831054688,-2.122329315786468,1.802061285371577,-4.931716526883416,-3.0283693764857564,-2.486060058575672,0.8457611210177214,-0.5347108318649818,3.980144941527816,-0.4523532917964609,1.322373004556118
70.0,170.0,149.86083984375,-2.12290973532822,1.7678672280638843,-4.933681346827862,-3.0281690041240785,-2.4860633919118627,0.9010736490337464,-1.0043492977172703,4.342770552392945,-0.4457589969867184,1.2979840525979809
70.0,170.0,149.8558807373047,-2.1111044588044594,2.641686632673826,-4.929163837336221,-3.0199126791404143,-2.620657437733671,0.8422044171890584,-0.113757326940539,4.036803368312294,-0.4510087777343007,0.99886656482351
70.0,170.0,138.37705993652344,-2.122714904615392,2.670638671875961,-4.919153420636971,-3.031966039581508,-2.5160680906985378,0.846655034123982,-0.1112124613833414,3.97682799674141,-0.4506444637468742,1.3222653053134326
70.0,170.0,138.61990356445312,-2.123149041028049,2.691596847870243,-4.943287282546354,-3.0140737990941613,-2.498300007350377,0.8488654946290364,-0.0968506870513553,3.968491567918767,-0.4488378161021873,1.322297144761323
70.0,170.0,139.24049377441406,-2.122952978603168,2.70020178203428,-4.9094442719968265,-3.03447883586124,-2.4897371704606464,0.8453880164933214,-0.5275536671755963,3.970888576625884,-0.4506163248250027,1.3280531216495697
70.0,170.0,138.76473999023438,-2.1279732911698743,2.708188033242847,-4.917009534908803,-3.031388821399389,-2.5285953361756457,0.8576916744227981,-0.1119445732281279,3.965719374531597,-0.4488683096698946,1.3242018731923364
70.0,170.0,153.1660919189453,-2.121447798556532,1.8336876551817392,-4.9380753146679925,-3.094233202647145,-3.0649950223856144,0.8354321701101891,-1.021508757068139,3.955010029302585,-0.4447028575291981,0.7080551592072115
70.0,170.0,142.1283721923828,-2.1192890279676746,1.7984264980446047,-4.92041992272411,-3.023637196291919,-2.4862630705474427,0.8392563093769569,-0.5088082330646075,3.99275164134204,-0.4506043871085918,1.3222941943722175
70.0,170.0,144.48789978027344,-2.141046964113209,1.771880474365917,-4.911381224157521,-3.040130457582591,-2.517262630056656,0.8055665997807893,-1.0369607176572375,3.977882256769657,-0.4549739669163189,1.3219810566530266
70.0,170.0,139.26524353027344,-2.0760984574557684,2.703104351150979,-4.9602111040320285,-3.0134529166802886,-2.505066979451373,0.8507338381233625,-0.1005103623646785,3.950153379137319,-0.4495753354752854,1.3180264990188637
70.0,170.0,150.5499267578125,-2.11968739608623,1.755035030369485,-4.927208819748874,-3.0244678618957064,-2.0218319945465275,0.8106048132035997,-1.0135414794231097,3.9867357123238514,-0.4552261932641993,1.349251448476138
70.0,170.0,140.70806884765625,-2.1170765257260005,1.7786727018614492,-4.886691515714032,-3.0032452423189584,-2.490826029221292,0.8457199841861938,-0.5221104655596113,3.970749928697078,-0.4471574466552951,1.3225873864163096
70.0,170.0,143.6717529296875,-2.156491978467087,1.7848226430137946,-4.937289081138338,-3.015584518911508,-2.4952668236488216,0.8392536062907989,-1.048874207228421,3.9749121325547967,-0.4509797059062946,1.3121867831926637
70.0,170.0,140.90138244628906,-2.121863517848713,2.585209060388152,-4.918909906648255,-3.012347819468753,-2.5282123118204005,0.8464799566976576,-0.1144050382294515,3.9756254074696806,-0.4507484263823653,1.324132271759258
70.0,170.0,139.2125701904297,-2.0926770390765874,2.7235304775360705,-4.9313841083903664,-3.017931850522101,-2.5260119396326184,0.8459250190476252,-0.1097818826242017,3.949801695330146,-0.4503936286766797,1.3222553254924845
70.0,170.0,140.52117919921875,-2.1272497769988306,1.774468940747441,-4.918171862643308,-3.039466282870276,-2.4890347571925453,0.8476899259151214,-0.521753245229758,3.96549093137469,-0.4572526271482879,1.3258236409937911
70.0,170.0,146.584716796875,-2.103115268970947,1.7773525520170366,-4.8991595252982325,-3.0347150506673737,-2.5711874065489764,0.8116258795517473,-1.035978714195854,3.971544582710554,-0.4467989748149475,1.6285298446205214
70.0,170.0,143.8277587890625,-2.1248830858866543,1.7802090878779313,-4.936753072080505,-3.0101865241049657,-1.9782824049959105,0.8420858723207358,-1.0500881416038224,3.96241728300316,-0.4534587791217112,1.321746580187323
70.0,170.0,143.25624084472656,-2.126201498395338,1.776447180426718,-4.911038367938904,-3.0189203841660275,-2.5141724623159933,0.8453948594086856,-1.0516125740393008,3.96882708303868,-0.4538285156769916,1.3222958490239185
70.0,170.0,138.2348175048828,-2.124153308589317,2.68965891250709,-4.917731485077325,-3.0320295053783326,-2.4915690251843428,0.8467442528956323,-0.117270585284069,3.961064245141978,-0.4503192027829105,1.3250156147447307
70.0,170.0,155.14508056640625,-2.144416528898283,1.7532622941419214,-4.910340166670732,-3.045212005694971,-1.9538792327145715,0.8337103093690844,-1.0439633387742353,3.904955445319976,-0.4075869564763927,0.7623833671535221
70.0,170.0,140.58787536621094,-2.1195343794311863,1.7739414720747098,-4.924618637607522,-3.031940156859683,-2.529142905056195,0.8435103435695624,-0.1337611689335374,3.973058904472408,-0.4488663263112497,1.3293848156199288
70.0,170.0,140.7174072265625,-2.12737909616131,2.609795952158753,-4.924355322617274,-3.018264536722217,-2.5277518256464857,0.838621323322943,-0.0961246678350993,3.971798008622975,-0.4585494096700957,1.3253747022599485
70.0,170.0,157.8895721435547,-2.151116586352581,1.7765067177928218,-4.954217446239854,-3.688038395004858,-2.586077377730949,0.8144731752930827,-0.6122097261475492,3.624379146848815,-0.454328507982406,0.9702287003031408
70.0,170.0,160.38934326171875,-2.1239526524329047,1.7532778008160277,-4.793683137872873,-2.992665936417859,-3.0883299703921034,0.7444479414625762,-1.0498487622640318,3.959048847339001,-0.7967959506285662,0.7170082799296202
70.0,170.0,138.31887817382812,-2.1268607611403576,2.709509462654071,-4.925193413565729,-3.04111981474046,-2.501616157050196,0.8419296179494451,-0.1124402305731488,3.968192544192312,-0.4493070998489634,1.3236456841198818
70.0,170.0,155.30633544921875,-2.110355142561264,1.7355664246072802,-4.897661520156259,-3.0945963635771343,-3.0647722813398968,0.8256285834289196,-1.0204516952792135,4.389633871132414,-0.4667985076585941,0.7287559592886229
70.0,170.0,158.0673828125,-2.13478528945232,1.8441109636686763,-4.929363763692761,-3.1294766675918138,-3.0546509867568057,1.330469986782295,-1.0107985278553162,3.543151829295136,-0.4498499097984712,0.7093224768745058
70.0,170.0,151.25607299804688,-2.172037136009037,1.7295055121999343,-4.886813252907739,-3.044272093932116,-2.527211347557737,0.8736419156014977,-1.0803740810791176,4.326682419773425,-0.4568381444550614,1.020613823807618
70.0,170.0,165.35855102539062,-2.0411344005614884,1.8033887960812784,-4.990096883276585,-3.0271535952284765,-1.9850275875294443,0.7502007915430735,-1.0075749577924853,3.0752222344234887,-0.4467256416415724,1.0584411608503208
70.0,170.0,165.263427734375,-2.025108824505472,1.819420873531608,-4.880777358367313,-3.048511178555349,-3.076473591889685,0.724041054625411,-1.045823708623605,4.79798916193166,-0.408550783489008,0.6991762171530035
70.0,170.0,145.60594177246094,-2.0453835525834925,2.6159600859338075,-4.929154938678536,-3.030760784538665,-2.5098512327867453,0.8200212772888618,-0.529623032016878,3.959202619530312,-0.4410775715031466,1.2847111762347103
70.0,170.0,160.2692413330078,-1.055922459328694,1.7735920722761906,-4.937958133848109,-1.695201673496223,-3.064020344723154,0.8372423768827528,-1.0608401158966236,4.429729571994304,-0.4561175576200931,0.7202760905369371
70.0,171.0,157.60691833496094,-2.1221509371431435,1.8392303061078088,-4.902514539010984,-3.0864103908050646,-3.0538475418464337,0.8517324402109121,-1.0171489627324086,3.092931355225164,-0.4559853455206131,0.9824460715350812
70.0,171.0,161.15728759765625,-1.9534206856324816,1.7536378394229737,-4.890109816254475,-3.0956079319477503,-3.0662115030366284,0.8279698431872164,-1.019189610828445,4.304919778195342,-0.4515226464921155,0.7024576952550962
70.0,171.0,139.32833862304688,-2.08817131902122,2.674483873195172,-4.922319748061662,-3.0287992714960743,-2.513783286141139,0.8496565177450722,-0.5469923913485679,3.96800845936754,-0.4520489752543011,1.3210823692950004
70.0,171.0,139.5731658935547,-2.1198360300836963,2.689085994507524,-4.909377199846109,-3.030862694289888,-2.534973617837269,0.8475450179372452,-0.5385227267409995,3.974292005461645,-0.4513739637226254,1.3228814343240978
70.0,171.0,138.80715942382812,-2.128930818403042,2.6682837168638542,-4.930783110533901,-3.0413880014172907,-2.5394497256506807,0.8482626728091756,-0.1063526876640977,3.968034072400866,-0.4509413282023676,1.3269870042088925
70.0,171.0,150.95826721191406,-2.1262525097823337,1.7737189882144293,-4.926724315985826,-3.0259742329384216,-2.437463469842107,1.4099652745982325,-1.0262765149084487,3.9233814230264574,-0.4512474950726279,1.609887845109697
70.0,171.0,156.08035278320312,-2.1580996450789263,1.728328627406782,-4.879695436337815,-3.0850529772078543,-3.06587044186364,0.8359929899162684,-1.015638048938622,3.5437633377229565,-0.4462973345896071,0.7233871726910266
70.0,171.0,145.83074951171875,-2.1182021524849444,1.8078905911135548,-4.935700425047287,-2.9794937688851824,-2.4827301949732017,0.8507230196630945,-1.052661683502819,3.970937820545013,-0.4537632926829645,1.6362450208066313
70.0,171.0,142.9798126220703,-2.1220829198845297,1.779816139448701,-4.916527573251591,-3.02469365005042,-2.497106128890054,0.8394429982048441,-1.0497138158275474,3.959478534814511,-0.4503832498699787,1.3264084915991838
70.0,171.0,140.01576232910156,-2.092413746848589,1.7854388989696246,-4.92640814788355,-3.0024211844084885,-2.483390836829217,0.8386477996562152,-0.0978388492182119,3.9842320910281286,-0.4499910043004868,1.326129821815279
70.0,171.0,138.126953125,-2.1272306233272644,2.690066396129517,-4.927198307750801,-3.032003746265965,-2.490070588514618,0.8422034147194823,-0.1131584858197553,3.965080573637964,-0.4503542826379362,1.3242440231654982
70.0,171.0,145.0528106689453,-2.1290054580750333,1.7987073586717457,-4.925498889358786,-3.037063569288797,-2.491713609668984,0.873947106034031,-0.1741554417907541,3.960437084111407,-0.4651392711242669,1.3244330798461958
70.0,171.0,139.1177978515625,-2.121924358678077,2.666080249734612,-4.918759838099927,-3.032773542817324,-2.490193648566313,0.8467825409558875,-0.5280131587354278,3.967725551798917,-0.4509176876331131,1.322280599399067
70.0,171.0,143.77976989746094,-2.090505492232815,1.7746837755457456,-4.927630124357569,-3.0560179816904194,-2.484891176152149,0.8273372251040916,-1.050737962835111,3.954398361079628,-0.4518568018256002,1.3213216143176292
70.0,171.0,177.90628051757812,-0.9480992037287066,1.6698462529856726,-4.92126265432442,-3.066282443454009,-3.048841576344093,1.9184003846581128,-1.029547548154336,4.407033002134062,-0.5675828178794807,0.7291447687456702
70.0,171.0,138.00404357910156,-2.1289855267137683,2.674140891998539,-4.927024528489207,-3.023008250776695,-2.511678235276863,0.8435753429086758,-0.1007430597659138,3.968179988186906,-0.4492019438770319,1.3244702579263798
70.0,171.0,140.55001831054688,-2.122329315786468,1.802061285371577,-4.931716526883416,-3.0283693764857564,-2.486060058575672,0.8457611210177214,-0.5347108318649818,3.980144941527816,-0.4523532917964609,1.322373004556118
70.0,171.0,149.86083984375,-2.12290973532822,1.7678672280638843,-4.933681346827862,-3.0281690041240785,-2.4860633919118627,0.9010736490337464,-1.0043492977172703,4.342770552392945,-0.4457589969867184,1.2979840525979809
70.0,171.0,149.8558807373047,-2.1111044588044594,2.641686632673826,-4.929163837336221,-3.0199126791404143,-2.620657437733671,0.8422044171890584,-0.113757326940539,4.036803368312294,-0.4510087777343007,0.99886656482351
70.0,171.0,138.37705993652344,-2.122714904615392,2.670638671875961,-4.919153420636971,-3.031966039581508,-2.5160680906985378,0.846655034123982,-0.1112124613833414,3.97682799674141,-0.4506444637468742,1.3222653053134326
70.0,171.0,138.06016540527344,-2.123654814216987,2.696608633817108,-4.929292731391789,-3.0271824386760104,-2.489194360691817,0.8461063659640926,-0.1071555339137615,3.9703133778894655,-0.4495758320148997,1.3233014317035152
70.0,171.0,139.24049377441406,-2.122952978603168,2.70020178203428,-4.9094442719968265,-3.03447883586124,-2.4897371704606464,0.8453880164933214,-0.5275536671755963,3.970888576625884,-0.4506163248250027,1.3280531216495697
70.0,171.0,138.76473999023438,-2.1279732911698743,2.708188033242847,-4.917009534908803,-3.031388821399389,-2.5285953361756457,0.8576916744227981,-0.1119445732281279,3.965719374531597,-0.4488683096698946,1.3242018731923364
70.0,171.0,153.1660919189453,-2.121447798556532,1.8336876551817392,-4.9380753146679925,-3.094233202647145,-3.0649950223856144,0.8354321701101891,-1.021508757068139,3.955010029302585,-0.4447028575291981,0.7080551592072115
70.0,171.0,142.1283721923828,-2.1192890279676746,1.7984264980446047,-4.92041992272411,-3.023637196291919,-2.4862630705474427,0.8392563093769569,-0.5088082330646075,3.99275164134204,-0.4506043871085918,1.3222941943722175
70.0,171.0,144.48789978027344,-2.141046964113209,1.771880474365917,-4.911381224157521,-3.040130457582591,-2.517262630056656,0.8055665997807893,-1.0369607176572375,3.977882256769657,-0.4549739669163189,1.3219810566530266
70.0,171.0,139.26524353027344,-2.0760984574557684,2.703104351150979,-4.9602111040320285,-3.0134529166802886,-2.505066979451373,0.8507338381233625,-0.1005103623646785,3.950153379137319,-0.4495753354752854,1.3180264990188637
70.0,171.0,150.5499267578125,-2.11968739608623,1.755035030369485,-4.927208819748874,-3.0244678618957064,-2.0218319945465275,0.8106048132035997,-1.0135414794231097,3.9867357123238514,-0.4552261932641993,1.349251448476138
70.0,171.0,140.70806884765625,-2.1170765257260005,1.7786727018614492,-4.886691515714032,-3.0032452423189584,-2.490826029221292,0.8457199841861938,-0.5221104655596113,3.970749928697078,-0.4471574466552951,1.3225873864163096
70.0,171.0,143.6717529296875,-2.156491978467087,1.7848226430137946,-4.937289081138338,-3.015584518911508,-2.4952668236488216,0.8392536062907989,-1.048874207228421,3.9749121325547967,-0.4509797059062946,1.3121867831926637
70.0,171.0,140.90138244628906,-2.121863517848713,2.585209060388152,-4.918909906648255,-3.012347819468753,-2.5282123118204005,0.8464799566976576,-0.1144050382294515,3.9756254074696806,-0.4507484263823653,1.324132271759258
70.0,171.0,139.2125701904297,-2.0926770390765874,2.7235304775360705,-4.9313841083903664,-3.017931850522101,-2.5260119396326184,0.8459250190476252,-0.1097818826242017,3.949801695330146,-0.4503936286766797,1.3222553254924845
70.0,171.0,140.52117919921875,-2.1272497769988306,1.774468940747441,-4.918171862643308,-3.039466282870276,-2.4890347571925453,0.8476899259151214,-0.521753245229758,3.96549093137469,-0.4572526271482879,1.3258236409937911
70.0,171.0,146.584716796875,-2.103115268970947,1.7773525520170366,-4.8991595252982325,-3.0347150506673737,-2.5711874065489764,0.8116258795517473,-1.035978714195854,3.971544582710554,-0.4467989748149475,1.6285298446205214
70.0,171.0,143.8277587890625,-2.1248830858866543,1.7802090878779313,-4.936753072080505,-3.0101865241049657,-1.9782824049959105,0.8420858723207358,-1.0500881416038224,3.96241728300316,-0.4534587791217112,1.321746580187323
70.0,171.0,143.25624084472656,-2.126201498395338,1.776447180426718,-4.911038367938904,-3.0189203841660275,-2.5141724623159933,0.8453948594086856,-1.0516125740393008,3.96882708303868,-0.4538285156769916,1.3222958490239185
70.0,171.0,138.2348175048828,-2.124153308589317,2.68965891250709,-4.917731485077325,-3.0320295053783326,-2.4915690251843428,0.8467442528956323,-0.117270585284069,3.961064245141978,-0.4503192027829105,1.3250156147447307
70.0,171.0,155.14508056640625,-2.144416528898283,1.7532622941419214,-4.910340166670732,-3.045212005694971,-1.9538792327145715,0.8337103093690844,-1.0439633387742353,3.904955445319976,-0.4075869564763927,0.7623833671535221
70.0,171.0,140.58787536621094,-2.1195343794311863,1.7739414720747098,-4.924618637607522,-3.031940156859683,-2.529142905056195,0.8435103435695624,-0.1337611689335374,3.973058904472408,-0.4488663263112497,1.3293848156199288
70.0,171.0,140.7174072265625,-2.12737909616131,2.609795952158753,-4.924355322617274,-3.018264536722217,-2.5277518256464857,0.838621323322943,-0.0961246678350993,3.971798008622975,-0.4585494096700957,1.3253747022599485
70.0,171.0,157.8895721435547,-2.151116586352581,1.7765067177928218,-4.954217446239854,-3.688038395004858,-2.586077377730949,0.8144731752930827,-0.6122097261475492,3.624379146848815,-0.454328507982406,0.9702287003031408
70.0,171.0,160.38934326171875,-2.1239526524329047,1.7532778008160277,-4.793683137872873,-2.992665936417859,-3.0883299703921034,0.7444479414625762,-1.0498487622640318,3.959048847339001,-0.7967959506285662,0.7170082799296202
70.0,171.0,138.31887817382812,-2.1268607611403576,2.709509462654071,-4.925193413565729,-3.04111981474046,-2.501616157050196,0.8419296179494451,-0.1124402305731488,3.968192544192312,-0.4493070998489634,1.3236456841198818
70.0,171.0,155.30633544921875,-2.110355142561264,1.7355664246072802,-4.897661520156259,-3.0945963635771343,-3.0647722813398968,0.8256285834289196,-1.0204516952792135,4.389633871132414,-0.4667985076585941,0.7287559592886229
70.0,171.0,158.0673828125,-2.13478528945232,1.8441109636686763,-4.929363763692761,-3.1294766675918138,-3.0546509867568057,1.330469986782295,-1.0107985278553162,3.543151829295136,-0.4498499097984712,0.7093224768745058
70.0,171.0,151.25607299804688,-2.172037136009037,1.7295055121999343,-4.886813252907739,-3.044272093932116,-2.527211347557737,0.8736419156014977,-1.0803740810791176,4.326682419773425,-0.4568381444550614,1.020613823807618
70.0,171.0,165.35855102539062,-2.0411344005614884,1.8033887960812784,-4.990096883276585,-3.0271535952284765,-1.9850275875294443,0.7502007915430735,-1.0075749577924853,3.0752222344234887,-0.4467256416415724,1.0584411608503208
70.0,171.0,165.263427734375,-2.025108824505472,1.819420873531608,-4.880777358367313,-3.048511178555349,-3.076473591889685,0.724041054625411,-1.045823708623605,4.79798916193166,-0.408550783489008,0.6991762171530035
70.0,171.0,145.60594177246094,-2.0453835525834925,2.6159600859338075,-4.929154938678536,-3.030760784538665,-2.5098512327867453,0.8200212772888618,-0.529623032016878,3.959202619530312,-0.4410775715031466,1.2847111762347103
70.0,171.0,160.2692413330078,-1.055922459328694,1.7735920722761906,-4.937958133848109,-1.695201673496223,-3.064020344723154,0.8372423768827528,-1.0608401158966236,4.429729571994304,-0.4561175576200931,0.7202760905369371
70.0,172.0,157.60691833496094,-2.1221509371431435,1.8392303061078088,-4.902514539010984,-3.0864103908050646,-3.0538475418464337,0.8517324402109121,-1.0171489627324086,3.092931355225164,-0.4559853455206131,0.9824460715350812
70.0,172.0,161.15728759765625,-1.9534206856324816,1.7536378394229737,-4.890109816254475,-3.0956079319477503,-3.0662115030366284,0.8279698431872164,-1.019189610828445,4.304919778195342,-0.4515226464921155,0.7024576952550962
70.0,172.0,139.32833862304688,-2.08817131902122,2.674483873195172,-4.922319748061662,-3.0287992714960743,-2.513783286141139,0.8496565177450722,-0.5469923913485679,3.96800845936754,-0.4520489752543011,1.3210823692950004
70.0,172.0,139.5731658935547,-2.1198360300836963,2.689085994507524,-4.909377199846109,-3.030862694289888,-2.534973617837269,0.8475450179372452,-0.5385227267409995,3.974292005461645,-0.4513739637226254,1.3228814343240978
70.0,172.0,138.80715942382812,-2.128930818403042,2.6682837168638542,-4.930783110533901,-3.0413880014172907,-2.5394497256506807,0.8482626728091756,-0.1063526876640977,3.968034072400866,-0.4509413282023676,1.3269870042088925
70.0,172.0,150.95826721191406,-2.1262525097823337,1.7737189882144293,-4.926724315985826,-3.0259742329384216,-2.437463469842107,1.4099652745982325,-1.0262765149084487,3.9233814230264574,-0.4512474950726279,1.609887845109697
70.0,172.0,156.08035278320312,-2.1580996450789263,1.728328627406782,-4.879695436337815,-3.0850529772078543,-3.06587044186364,0.8359929899162684,-1.015638048938622,3.5437633377229565,-0.4462973345896071,0.7233871726910266
70.0,172.0,145.83074951171875,-2.1182021524849444,1.8078905911135548,-4.935700425047287,-2.9794937688851824,-2.4827301949732017,0.8507230196630945,-1.052661683502819,3.970937820545013,-0.4537632926829645,1.6362450208066313
70.0,172.0,142.9798126220703,-2.1220829198845297,1.779816139448701,-4.916527573251591,-3.02469365005042,-2.497106128890054,0.8394429982048441,-1.0497138158275474,3.959478534814511,-0.4503832498699787,1.3264084915991838
70.0,172.0,138.84158325195312,-2.0989473448468945,2.650268155282398,-4.924923848138055,-3.019968432753285,-2.5114878344624443,0.8469491800414608,-0.1201647874032994,3.969452801683152,-0.4497416010313131,1.3161092077568268
70.0,172.0,138.126953125,-2.1272306233272644,2.690066396129517,-4.927198307750801,-3.032003746265965,-2.490070588514618,0.8422034147194823,-0.1131584858197553,3.965080573637964,-0.4503542826379362,1.3242440231654982
70.0,172.0,144.71951293945312,-2.1286274214788543,2.8001430089302013,-4.925753982804836,-3.0849155828649093,-2.4831578631761366,0.7926936751112548,-0.120206618253057,3.96529276567022,-0.460451156320868,1.3247247672072682
70.0,172.0,139.1177978515625,-2.121924358678077,2.666080249734612,-4.918759838099927,-3.032773542817324,-2.490193648566313,0.8467825409558875,-0.5280131587354278,3.967725551798917,-0.4509176876331131,1.322280599399067
70.0,172.0,143.77976989746094,-2.090505492232815,1.7746837755457456,-4.927630124357569,-3.0560179816904194,-2.484891176152149,0.8273372251040916,-1.050737962835111,3.954398361079628,-0.4518568018256002,1.3213216143176292
70.0,172.0,177.90628051757812,-0.9480992037287066,1.6698462529856726,-4.92126265432442,-3.066282443454009,-3.048841576344093,1.9184003846581128,-1.029547548154336,4.407033002134062,-0.5675828178794807,0.7291447687456702
70.0,172.0,138.00404357910156,-2.1289855267137683,2.674140891998539,-4.927024528489207,-3.023008250776695,-2.511678235276863,0.8435753429086758,-0.1007430597659138,3.968179988186906,-0.4492019438770319,1.3244702579263798
70.0,172.0,140.55001831054688,-2.122329315786468,1.802061285371577,-4.931716526883416,-3.0283693764857564,-2.486060058575672,0.8457611210177214,-0.5347108318649818,3.980144941527816,-0.4523532917964609,1.322373004556118
70.0,172.0,149.86083984375,-2.12290973532822,1.7678672280638843,-4.933681346827862,-3.0281690041240785,-2.4860633919118627,0.9010736490337464,-1.0043492977172703,4.342770552392945,-0.4457589969867184,1.2979840525979809
70.0,172.0,149.8558807373047,-2.1111044588044594,2.641686632673826,-4.929163837336221,-3.0199126791404143,-2.620657437733671,0.8422044171890584,-0.113757326940539,4.036803368312294,-0.4510087777343007,0.99886656482351
70.0,172.0,138.37705993652344,-2.122714904615392,2.670638671875961,-4.919153420636971,-3.031966039581508,-2.5160680906985378,0.846655034123982,-0.1112124613833414,3.97682799674141,-0.4506444637468742,1.3222653053134326
70.0,172.0,137.98666381835938,-2.127552189352708,2.6924666177669714,-4.925068879683336,-3.027944289175779,-2.4923308102572284,0.8469147077596197,-0.1033920736150634,3.971539601562205,-0.4492742079575614,1.3236334524418647
70.0,172.0,139.24049377441406,-2.122952978603168,2.70020178203428,-4.9094442719968265,-3.03447883586124,-2.4897371704606464,0.8453880164933214,-0.5275536671755963,3.970888576625884,-0.4506163248250027,1.3280531216495697
70.0,172.0,138.76473999023438,-2.1279732911698743,2.708188033242847,-4.917009534908803,-3.031388821399389,-2.5285953361756457,0.8576916744227981,-0.1119445732281279,3.965719374531597,-0.4488683096698946,1.3242018731923364
70.0,172.0,153.1660919189453,-2.121447798556532,1.8336876551817392,-4.9380753146679925,-3.094233202647145,-3.0649950223856144,0.8354321701101891,-1.021508757068139,3.955010029302585,-0.4447028575291981,0.7080551592072115
70.0,172.0,142.1283721923828,-2.1192890279676746,1.7984264980446047,-4.92041992272411,-3.023637196291919,-2.4862630705474427,0.8392563093769569,-0.5088082330646075,3.99275164134204,-0.4506043871085918,1.3222941943722175
70.0,172.0,144.48789978027344,-2.141046964113209,1.771880474365917,-4.911381224157521,-3.040130457582591,-2.517262630056656,0.8055665997807893,-1.0369607176572375,3.977882256769657,-0.4549739669163189,1.3219810566530266
70.0,172.0,139.26524353027344,-2.0760984574557684,2.703104351150979,-4.9602111040320285,-3.0134529166802886,-2.505066979451373,0.8507338381233625,-0.1005103623646785,3.950153379137319,-0.4495753354752854,1.3180264990188637
70.0,172.0,150.5499267578125,-2.11968739608623,1.755035030369485,-4.927208819748874,-3.0244678618957064,-2.0218319945465275,0.8106048132035997,-1.0135414794231097,3.9867357123238514,-0.4552261932641993,1.349251448476138
70.0,172.0,140.70806884765625,-2.1170765257260005,1.7786727018614492,-4.886691515714032,-3.0032452423189584,-2.490826029221292,0.8457199841861938,-0.5221104655596113,3.970749928697078,-0.4471574466552951,1.3225873864163096
70.0,172.0,143.6717529296875,-2.156491978467087,1.7848226430137946,-4.937289081138338,-3.015584518911508,-2.4952668236488216,0.8392536062907989,-1.048874207228421,3.9749121325547967,-0.4509797059062946,1.3121867831926637
70.0,172.0,140.90138244628906,-2.121863517848713,2.585209060388152,-4.918909906648255,-3.012347819468753,-2.5282123118204005,0.8464799566976576,-0.1144050382294515,3.9756254074696806,-0.4507484263823653,1.324132271759258
70.0,172.0,139.2125701904297,-2.0926770390765874,2.7235304775360705,-4.9313841083903664,-3.017931850522101,-2.5260119396326184,0.8459250190476252,-0.1097818826242017,3.949801695330146,-0.4503936286766797,1.3222553254924845
70.0,172.0,140.52117919921875,-2.1272497769988306,1.774468940747441,-4.918171862643308,-3.039466282870276,-2.4890347571925453,0.8476899259151214,-0.521753245229758,3.96549093137469,-0.4572526271482879,1.3258236409937911
70.0,172.0,146.584716796875,-2.103115268970947,1.7773525520170366,-4.8991595252982325,-3.0347150506673737,-2.5711874065489764,0.8116258795517473,-1.035978714195854,3.971544582710554,-0.4467989748149475,1.6285298446205214
70.0,172.0,143.8277587890625,-2.1248830858866543,1.7802090878779313,-4.936753072080505,-3.0101865241049657,-1.9782824049959105,0.8420858723207358,-1.0500881416038224,3.96241728300316,-0.4534587791217112,1.321746580187323
70.0,172.0,141.23512268066406,-2.126867458890179,2.697942025701703,-4.93921923646404,-3.10376979009709,-2.514708128268583,0.8409506164700439,-0.5349565739418167,3.968836422337356,-0.4480740575767829,1.3216737953185296
70.0,172.0,138.2348175048828,-2.124153308589317,2.68965891250709,-4.917731485077325,-3.0320295053783326,-2.4915690251843428,0.8467442528956323,-0.117270585284069,3.961064245141978,-0.4503192027829105,1.3250156147447307
70.0,172.0,155.14508056640625,-2.144416528898283,1.7532622941419214,-4.910340166670732,-3.045212005694971,-1.9538792327145715,0.8337103093690844,-1.0439633387742353,3.904955445319976,-0.4075869564763927,0.7623833671535221
70.0,172.0,140.58787536621094,-2.1195343794311863,1.7739414720747098,-4.924618637607522,-3.031940156859683,-2.529142905056195,0.8435103435695624,-0.1337611689335374,3.973058904472408,-0.4488663263112497,1.3293848156199288
70.0,172.0,140.7174072265625,-2.12737909616131,2.609795952158753,-4.924355322617274,-3.018264536722217,-2.5277518256464857,0.838621323322943,-0.0961246678350993,3.971798008622975,-0.4585494096700957,1.3253747022599485
70.0,172.0,157.8895721435547,-2.151116586352581,1.7765067177928218,-4.954217446239854,-3.688038395004858,-2.586077377730949,0.8144731752930827,-0.6122097261475492,3.624379146848815,-0.454328507982406,0.9702287003031408
70.0,172.0,160.38934326171875,-2.1239526524329047,1.7532778008160277,-4.793683137872873,-2.992665936417859,-3.0883299703921034,0.7444479414625762,-1.0498487622640318,3.959048847339001,-0.7967959506285662,0.7170082799296202
70.0,172.0,137.95419311523438,-2.127510486587058,2.6664213177803657,-4.925946181719729,-3.030718126183132,-2.502510773607647,0.8407793874387863,-0.1007815620198274,3.966536784186372,-0.4492824282483114,1.3246605835724932
70.0,172.0,155.30633544921875,-2.110355142561264,1.7355664246072802,-4.897661520156259,-3.0945963635771343,-3.0647722813398968,0.8256285834289196,-1.0204516952792135,4.389633871132414,-0.4667985076585941,0.7287559592886229
70.0,172.0,158.0673828125,-2.13478528945232,1.8441109636686763,-4.929363763692761,-3.1294766675918138,-3.0546509867568057,1.330469986782295,-1.0107985278553162,3.543151829295136,-0.4498499097984712,0.7093224768745058
70.0,172.0,151.25607299804688,-2.172037136009037,1.7295055121999343,-4.886813252907739,-3.044272093932116,-2.527211347557737,0.8736419156014977,-1.0803740810791176,4.326682419773425,-0.4568381444550614,1.020613823807618
70.0,172.0,165.35855102539062,-2.0411344005614884,1.8033887960812784,-4.990096883276585,-3.0271535952284765,-1.9850275875294443,0.7502007915430735,-1.0075749577924853,3.0752222344234887,-0.4467256416415724,1.0584411608503208
70.0,172.0,165.263427734375,-2.025108824505472,1.819420873531608,-4.880777358367313,-3.048511178555349,-3.076473591889685,0.724041054625411,-1.045823708623605,4.79798916193166,-0.408550783489008,0.6991762171530035
70.0,172.0,145.60594177246094,-2.0453835525834925,2.6159600859338075,-4.929154938678536,-3.030760784538665,-2.5098512327867453,0.8200212772888618,-0.529623032016878,3.959202619530312,-0.4410775715031466,1.2847111762347103
70.0,172.0,160.2692413330078,-1.055922459328694,1.7735920722761906,-4.937958133848109,-1.695201673496223,-3.064020344723154,0.8372423768827528,-1.0608401158966236,4.429729571994304,-0.4561175576200931,0.7202760905369371
70.0,173.0,157.60691833496094,-2.1221509371431435,1.8392303061078088,-4.902514539010984,-3.0864103908050646,-3.0538475418464337,0.8517324402109121,-1.0171489627324086,3.092931355225164,-0.4559853455206131,0.9824460715350812
70.0,173.0,161.15728759765625,-1.9534206856324816,1.7536378394229737,-4.890109816254475,-3.0956079319477503,-3.0662115030366284,0.8279698431872164,-1.019189610828445,4.304919778195342,-0.4515226464921155,0.7024576952550962
70.0,173.0,139.32833862304688,-2.08817131902122,2.674483873195172,-4.922319748061662,-3.0287992714960743,-2.513783286141139,0.8496565177450722,-0.5469923913485679,3.96800845936754,-0.4520489752543011,1.3210823692950004
70.0,173.0,139.5731658935547,-2.1198360300836963,2.689085994507524,-4.909377199846109,-3.030862694289888,-2.534973617837269,0.8475450179372452,-0.5385227267409995,3.974292005461645,-0.4513739637226254,1.3228814343240978
70.0,173.0,138.80715942382812,-2.128930818403042,2.6682837168638542,-4.930783110533901,-3.0413880014172907,-2.5394497256506807,0.8482626728091756,-0.1063526876640977,3.968034072400866,-0.4509413282023676,1.3269870042088925
70.0,173.0,150.95826721191406,-2.1262525097823337,1.7737189882144293,-4.926724315985826,-3.0259742329384216,-2.437463469842107,1.4099652745982325,-1.0262765149084487,3.9233814230264574,-0.4512474950726279,1.609887845109697
70.0,173.0,156.08035278320312,-2.1580996450789263,1.728328627406782,-4.879695436337815,-3.0850529772078543,-3.06587044186364,0.8359929899162684,-1.015638048938622,3.5437633377229565,-0.4462973345896071,0.7233871726910266
70.0,173.0,145.83074951171875,-2.1182021524849444,1.8078905911135548,-4.935700425047287,-2.9794937688851824,-2.4827301949732017,0.8507230196630945,-1.052661683502819,3.970937820545013,-0.4537632926829645,1.6362450208066313
70.0,173.0,142.9798126220703,-2.1220829198845297,1.779816139448701,-4.916527573251591,-3.02469365005042,-2.497106128890054,0.8394429982048441,-1.0497138158275474,3.959478534814511,-0.4503832498699787,1.3264084915991838
70.0,173.0,138.84158325195312,-2.0989473448468945,2.650268155282398,-4.924923848138055,-3.019968432753285,-2.5114878344624443,0.8469491800414608,-0.1201647874032994,3.969452801683152,-0.4497416010313131,1.3161092077568268
70.0,173.0,138.126953125,-2.1272306233272644,2.690066396129517,-4.927198307750801,-3.032003746265965,-2.490070588514618,0.8422034147194823,-0.1131584858197553,3.965080573637964,-0.4503542826379362,1.3242440231654982
70.0,173.0,144.71951293945312,-2.1286274214788543,2.8001430089302013,-4.925753982804836,-3.0849155828649093,-2.4831578631761366,0.7926936751112548,-0.120206618253057,3.96529276567022,-0.460451156320868,1.3247247672072682
70.0,173.0,139.1177978515625,-2.121924358678077,2.666080249734612,-4.918759838099927,-3.032773542817324,-2.490193648566313,0.8467825409558875,-0.5280131587354278,3.967725551798917,-0.4509176876331131,1.322280599399067
70.0,173.0,143.77976989746094,-2.090505492232815,1.7746837755457456,-4.927630124357569,-3.0560179816904194,-2.484891176152149,0.8273372251040916,-1.050737962835111,3.954398361079628,-0.4518568018256002,1.3213216143176292
70.0,173.0,177.90628051757812,-0.9480992037287066,1.6698462529856726,-4.92126265432442,-3.066282443454009,-3.048841576344093,1.9184003846581128,-1.029547548154336,4.407033002134062,-0.5675828178794807,0.7291447687456702
70.0,173.0,138.00404357910156,-2.1289855267137683,2.674140891998539,-4.927024528489207,-3.023008250776695,-2.511678235276863,0.8435753429086758,-0.1007430597659138,3.968179988186906,-0.4492019438770319,1.3244702579263798
70.0,173.0,140.55001831054688,-2.122329315786468,1.802061285371577,-4.931716526883416,-3.0283693764857564,-2.486060058575672,0.8457611210177214,-0.5347108318649818,3.980144941527816,-0.4523532917964609,1.322373004556118
70.0,173.0,149.86083984375,-2.12290973532822,1.7678672280638843,-4.933681346827862,-3.0281690041240785,-2.4860633919118627,0.9010736490337464,-1.0043492977172703,4.342770552392945,-0.4457589969867184,1.2979840525979809
70.0,173.0,149.8558807373047,-2.1111044588044594,2.641686632673826,-4.929163837336221,-3.0199126791404143,-2.620657437733671,0.8422044171890584,-0.113757326940539,4.036803368312294,-0.4510087777343007,0.99886656482351
70.0,173.0,138.37705993652344,-2.122714904615392,2.670638671875961,-4.919153420636971,-3.031966039581508,-2.5160680906985378,0.846655034123982,-0.1112124613833414,3.97682799674141,-0.4506444637468742,1.3222653053134326
70.0,173.0,137.98666381835938,-2.127552189352708,2.6924666177669714,-4.925068879683336,-3.027944289175779,-2.4923308102572284,0.8469147077596197,-0.1033920736150634,3.971539601562205,-0.4492742079575614,1.3236334524418647
70.0,173.0,139.24049377441406,-2.122952978603168,2.70020178203428,-4.9094442719968265,-3.03447883586124,-2.4897371704606464,0.8453880164933214,-0.5275536671755963,3.970888576625884,-0.4506163248250027,1.3280531216495697
70.0,173.0,138.76473999023438,-2.1279732911698743,2.708188033242847,-4.917009534908803,-3.031388821399389,-2.5285953361756457,0.8576916744227981,-0.1119445732281279,3.965719374531597,-0.4488683096698946,1.3242018731923364
70.0,173.0,153.1660919189453,-2.121447798556532,1.8336876551817392,-4.9380753146679925,-3.094233202647145,-3.0649950223856144,0.8354321701101891,-1.021508757068139,3.955010029302585,-0.4447028575291981,0.7080551592072115
70.0,173.0,142.1283721923828,-2.1192890279676746,1.7984264980446047,-4.92041992272411,-3.023637196291919,-2.4862630705474427,0.8392563093769569,-0.5088082330646075,3.99275164134204,-0.4506043871085918,1.3222941943722175
70.0,173.0,144.48789978027344,-2.141046964113209,1.771880474365917,-4.911381224157521,-3.040130457582591,-2.517262630056656,0.8055665997807893,-1.0369607176572375,3.977882256769657,-0.4549739669163189,1.3219810566530266
70.0,173.0,139.26524353027344,-2.0760984574557684,2.703104351150979,-4.9602111040320285,-3.0134529166802886,-2.505066979451373,0.8507338381233625,-0.1005103623646785,3.950153379137319,-0.4495753354752854,1.3180264990188637
70.0,173.0,150.5499267578125,-2.11968739608623,1.755035030369485,-4.927208819748874,-3.0244678618957064,-2.0218319945465275,0.8106048132035997,-1.0135414794231097,3.9867357123238514,-0.4552261932641993,1.349251448476138
70.0,173.0,140.70806884765625,-2.1170765257260005,1.7786727018614492,-4.886691515714032,-3.0032452423189584,-2.490826029221292,0.8457199841861938,-0.5221104655596113,3.970749928697078,-0.4471574466552951,1.3225873864163096
70.0,173.0,143.6717529296875,-2.156491978467087,1.7848226430137946,-4.937289081138338,-3.015584518911508,-2.4952668236488216,0.8392536062907989,-1.048874207228421,3.9749121325547967,-0.4509797059062946,1.3121867831926637
70.0,173.0,140.55072021484375,-2.1208333820732683,2.6226428298263005,-4.907643777179118,-3.0861343000687134,-2.505937047610878,0.8399110390702413,-0.1132973229703165,3.9778538168876585,-0.4502354588665168,1.3270197373708998
70.0,173.0,139.17967224121094,-2.077375834375748,2.637737409693377,-4.926897177668265,-3.024666011740011,-2.5168341153596105,0.8466313702122461,-0.1119758092813595,3.972065116425261,-0.4511116076409174,1.3235017155029265
70.0,173.0,140.52117919921875,-2.1272497769988306,1.774468940747441,-4.918171862643308,-3.039466282870276,-2.4890347571925453,0.8476899259151214,-0.521753245229758,3.96549093137469,-0.4572526271482879,1.3258236409937911
70.0,173.0,146.584716796875,-2.103115268970947,1.7773525520170366,-4.8991595252982325,-3.0347150506673737,-2.5711874065489764,0.8116258795517473,-1.035978714195854,3.971544582710554,-0.4467989748149475,1.6285298446205214
70.0,173.0,143.8277587890625,-2.1248830858866543,1.7802090878779313,-4.936753072080505,-3.0101865241049657,-1.9782824049959105,0.8420858723207358,-1.0500881416038224,3.96241728300316,-0.4534587791217112,1.321746580187323
70.0,173.0,141.23512268066406,-2.126867458890179,2.697942025701703,-4.93921923646404,-3.10376979009709,-2.514708128268583,0.8409506164700439,-0.5349565739418167,3.968836422337356,-0.4480740575767829,1.3216737953185296
70.0,173.0,138.2348175048828,-2.124153308589317,2.68965891250709,-4.917731485077325,-3.0320295053783326,-2.4915690251843428,0.8467442528956323,-0.117270585284069,3.961064245141978,-0.4503192027829105,1.3250156147447307
70.0,173.0,155.14508056640625,-2.144416528898283,1.7532622941419214,-4.910340166670732,-3.045212005694971,-1.9538792327145715,0.8337103093690844,-1.0439633387742353,3.904955445319976,-0.4075869564763927,0.7623833671535221
70.0,173.0,140.58787536621094,-2.1195343794311863,1.7739414720747098,-4.924618637607522,-3.031940156859683,-2.529142905056195,0.8435103435695624,-0.1337611689335374,3.973058904472408,-0.4488663263112497,1.3293848156199288
70.0,173.0,140.7174072265625,-2.12737909616131,2.609795952158753,-4.924355322617274,-3.018264536722217,-2.5277518256464857,0.838621323322943,-0.0961246678350993,3.971798008622975,-0.4585494096700957,1.3253747022599485
70.0,173.0,157.8895721435547,-2.151116586352581,1.7765067177928218,-4.954217446239854,-3.688038395004858,-2.586077377730949,0.8144731752930827,-0.6122097261475492,3.624379146848815,-0.454328507982406,0.9702287003031408
70.0,173.0,160.38934326171875,-2.1239526524329047,1.7532778008160277,-4.793683137872873,-2.992665936417859,-3.0883299703921034,0.7444479414625762,-1.0498487622640318,3.959048847339001,-0.7967959506285662,0.7170082799296202
70.0,173.0,137.95419311523438,-2.127510486587058,2.6664213177803657,-4.925946181719729,-3.030718126183132,-2.502510773607647,0.8407793874387863,-0.1007815620198274,3.966536784186372,-0.4492824282483114,1.3246605835724932
70.0,173.0,155.30633544921875,-2.110355142561264,1.7355664246072802,-4.897661520156259,-3.0945963635771343,-3.0647722813398968,0.8256285834289196,-1.0204516952792135,4.389633871132414,-0.4667985076585941,0.7287559592886229
70.0,173.0,158.0673828125,-2.13478528945232,1.8441109636686763,-4.929363763692761,-3.1294766675918138,-3.0546509867568057,1.330469986782295,-1.0107985278553162,3.543151829295136,-0.4498499097984712,0.7093224768745058
70.0,173.0,151.25607299804688,-2.172037136009037,1.7295055121999343,-4.886813252907739,-3.044272093932116,-2.527211347557737,0.8736419156014977,-1.0803740810791176,4.326682419773425,-0.4568381444550614,1.020613823807618
70.0,173.0,165.35855102539062,-2.0411344005614884,1.8033887960812784,-4.990096883276585,-3.0271535952284765,-1.9850275875294443,0.7502007915430735,-1.0075749577924853,3.0752222344234887,-0.4467256416415724,1.0584411608503208
70.0,173.0,165.263427734375,-2.025108824505472,1.819420873531608,-4.880777358367313,-3.048511178555349,-3.076473591889685,0.724041054625411,-1.045823708623605,4.79798916193166,-0.408550783489008,0.6991762171530035
70.0,173.0,145.60594177246094,-2.0453835525834925,2.6159600859338075,-4.929154938678536,-3.030760784538665,-2.5098512327867453,0.8200212772888618,-0.529623032016878,3.959202619530312,-0.4410775715031466,1.2847111762347103
70.0,173.0,160.2692413330078,-1.055922459328694,1.7735920722761906,-4.937958133848109,-1.695201673496223,-3.064020344723154,0.8372423768827528,-1.0608401158966236,4.429729571994304,-0.4561175576200931,0.7202760905369371
70.0,174.0,157.60691833496094,-2.1221509371431435,1.8392303061078088,-4.902514539010984,-3.0864103908050646,-3.0538475418464337,0.8517324402109121,-1.0171489627324086,3.092931355225164,-0.4559853455206131,0.9824460715350812
70.0,174.0,161.15728759765625,-1.9534206856324816,1.7536378394229737,-4.890109816254475,-3.0956079319477503,-3.0662115030366284,0.8279698431872164,-1.019189610828445,4.304919778195342,-0.4515226464921155,0.7024576952550962
70.0,174.0,139.32833862304688,-2.08817131902122,2.674483873195172,-4.922319748061662,-3.0287992714960743,-2.513783286141139,0.8496565177450722,-0.5469923913485679,3.96800845936754,-0.4520489752543011,1.3210823692950004
70.0,174.0,139.5731658935547,-2.1198360300836963,2.689085994507524,-4.909377199846109,-3.030862694289888,-2.534973617837269,0.8475450179372452,-0.5385227267409995,3.974292005461645,-0.4513739637226254,1.3228814343240978
70.0,174.0,138.27163696289062,-2.1275230304968846,2.6630032044167216,-4.935250417224477,-3.0281886040821866,-2.5188929156998,0.8422081263840866,-0.1061362115462806,3.966964935521589,-0.4498747854439388,1.3267896736626583
70.0,174.0,150.95826721191406,-2.1262525097823337,1.7737189882144293,-4.926724315985826,-3.0259742329384216,-2.437463469842107,1.4099652745982325,-1.0262765149084487,3.9233814230264574,-0.4512474950726279,1.609887845109697
70.0,174.0,156.08035278320312,-2.1580996450789263,1.728328627406782,-4.879695436337815,-3.0850529772078543,-3.06587044186364,0.8359929899162684,-1.015638048938622,3.5437633377229565,-0.4462973345896071,0.7233871726910266
70.0,174.0,145.83074951171875,-2.1182021524849444,1.8078905911135548,-4.935700425047287,-2.9794937688851824,-2.4827301949732017,0.8507230196630945,-1.052661683502819,3.970937820545013,-0.4537632926829645,1.6362450208066313
70.0,174.0,142.9798126220703,-2.1220829198845297,1.779816139448701,-4.916527573251591,-3.02469365005042,-2.497106128890054,0.8394429982048441,-1.0497138158275474,3.959478534814511,-0.4503832498699787,1.3264084915991838
70.0,174.0,138.84158325195312,-2.0989473448468945,2.650268155282398,-4.924923848138055,-3.019968432753285,-2.5114878344624443,0.8469491800414608,-0.1201647874032994,3.969452801683152,-0.4497416010313131,1.3161092077568268
70.0,174.0,138.126953125,-2.1272306233272644,2.690066396129517,-4.927198307750801,-3.032003746265965,-2.490070588514618,0.8422034147194823,-0.1131584858197553,3.965080573637964,-0.4503542826379362,1.3242440231654982
70.0,174.0,144.71951293945312,-2.1286274214788543,2.8001430089302013,-4.925753982804836,-3.0849155828649093,-2.4831578631761366,0.7926936751112548,-0.120206618253057,3.96529276567022,-0.460451156320868,1.3247247672072682
70.0,174.0,139.1177978515625,-2.121924358678077,2.666080249734612,-4.918759838099927,-3.032773542817324,-2.490193648566313,0.8467825409558875,-0.5280131587354278,3.967725551798917,-0.4509176876331131,1.322280599399067
70.0,174.0,143.77976989746094,-2.090505492232815,1.7746837755457456,-4.927630124357569,-3.0560179816904194,-2.484891176152149,0.8273372251040916,-1.050737962835111,3.954398361079628,-0.4518568018256002,1.3213216143176292
70.0,174.0,177.90628051757812,-0.9480992037287066,1.6698462529856726,-4.92126265432442,-3.066282443454009,-3.048841576344093,1.9184003846581128,-1.029547548154336,4.407033002134062,-0.5675828178794807,0.7291447687456702
70.0,174.0,138.00404357910156,-2.1289855267137683,2.674140891998539,-4.927024528489207,-3.023008250776695,-2.511678235276863,0.8435753429086758,-0.1007430597659138,3.968179988186906,-0.4492019438770319,1.3244702579263798
70.0,174.0,140.55001831054688,-2.122329315786468,1.802061285371577,-4.931716526883416,-3.0283693764857564,-2.486060058575672,0.8457611210177214,-0.5347108318649818,3.980144941527816,-0.4523532917964609,1.322373004556118
70.0,174.0,149.86083984375,-2.12290973532822,1.7678672280638843,-4.933681346827862,-3.0281690041240785,-2.4860633919118627,0.9010736490337464,-1.0043492977172703,4.342770552392945,-0.4457589969867184,1.2979840525979809
70.0,174.0,149.8558807373047,-2.1111044588044594,2.641686632673826,-4.929163837336221,-3.0199126791404143,-2.620657437733671,0.8422044171890584,-0.113757326940539,4.036803368312294,-0.4510087777343007,0.99886656482351
70.0,174.0,138.37705993652344,-2.122714904615392,2.670638671875961,-4.919153420636971,-3.031966039581508,-2.5160680906985378,0.846655034123982,-0.1112124613833414,3.97682799674141,-0.4506444637468742,1.3222653053134326
70.0,174.0,137.98666381835938,-2.127552189352708,2.6924666177669714,-4.925068879683336,-3.027944289175779,-2.4923308102572284,0.8469147077596197,-0.1033920736150634,3.971539601562205,-0.4492742079575614,1.3236334524418647
70.0,174.0,139.24049377441406,-2.122952978603168,2.70020178203428,-4.9094442719968265,-3.03447883586124,-2.4897371704606464,0.8453880164933214,-0.5275536671755963,3.970888576625884,-0.4506163248250027,1.3280531216495697
70.0,174.0,138.47996520996094,-2.128993857850936,2.6968664696073708,-4.927774199024916,-3.0188138692832585,-2.50449931009768,0.8183337484987362,-0.1045922432851111,3.9663467991530816,-0.4501047530914263,1.3243165770372398
70.0,174.0,153.1660919189453,-2.121447798556532,1.8336876551817392,-4.9380753146679925,-3.094233202647145,-3.0649950223856144,0.8354321701101891,-1.021508757068139,3.955010029302585,-0.4447028575291981,0.7080551592072115
70.0,174.0,142.1283721923828,-2.1192890279676746,1.7984264980446047,-4.92041992272411,-3.023637196291919,-2.4862630705474427,0.8392563093769569,-0.5088082330646075,3.99275164134204,-0.4506043871085918,1.3222941943722175
70.0,174.0,144.48789978027344,-2.141046964113209,1.771880474365917,-4.911381224157521,-3.040130457582591,-2.517262630056656,0.8055665997807893,-1.0369607176572375,3.977882256769657,-0.4549739669163189,1.3219810566530266
70.0,174.0,139.26524353027344,-2.0760984574557684,2.703104351150979,-4.9602111040320285,-3.0134529166802886,-2.505066979451373,0.8507338381233625,-0.1005103623646785,3.950153379137319,-0.4495753354752854,1.3180264990188637
70.0,174.0,150.5499267578125,-2.11968739608623,1.755035030369485,-4.927208819748874,-3.0244678618957064,-2.0218319945465275,0.8106048132035997,-1.0135414794231097,3.9867357123238514,-0.4552261932641993,1.349251448476138
70.0,174.0,140.70806884765625,-2.1170765257260005,1.7786727018614492,-4.886691515714032,-3.0032452423189584,-2.490826029221292,0.8457199841861938,-0.5221104655596113,3.970749928697078,-0.4471574466552951,1.3225873864163096
70.0,174.0,141.7534637451172,-2.1150125744778934,2.782330133129909,-4.923482768851145,-3.036428083433975,-2.474673278888708,0.8318070409015043,-0.1277600220867935,3.96573718509088,-0.4511672050380028,1.3132387655834052
70.0,174.0,140.55072021484375,-2.1208333820732683,2.6226428298263005,-4.907643777179118,-3.0861343000687134,-2.505937047610878,0.8399110390702413,-0.1132973229703165,3.9778538168876585,-0.4502354588665168,1.3270197373708998
70.0,174.0,139.02381896972656,-2.157225974010564,2.640136823173433,-4.925772382598628,-3.0344730547113885,-2.495420562349546,0.8423976318075149,-0.107293621632731,3.947687987935643,-0.4483316414765341,1.3256195080482072
70.0,174.0,140.52117919921875,-2.1272497769988306,1.774468940747441,-4.918171862643308,-3.039466282870276,-2.4890347571925453,0.8476899259151214,-0.521753245229758,3.96549093137469,-0.4572526271482879,1.3258236409937911
70.0,174.0,146.584716796875,-2.103115268970947,1.7773525520170366,-4.8991595252982325,-3.0347150506673737,-2.5711874065489764,0.8116258795517473,-1.035978714195854,3.971544582710554,-0.4467989748149475,1.6285298446205214
70.0,174.0,143.8277587890625,-2.1248830858866543,1.7802090878779313,-4.936753072080505,-3.0101865241049657,-1.9782824049959105,0.8420858723207358,-1.0500881416038224,3.96241728300316,-0.4534587791217112,1.321746580187323
70.0,174.0,141.02491760253906,-2.127329754768331,2.601655156215789,-4.931068960347191,-3.018122221177111,-2.5158150617210184,0.8420379829523627,-0.1373211366829369,3.965468012597784,-0.4478192497339468,1.32210856949185
70.0,174.0,138.2348175048828,-2.124153308589317,2.68965891250709,-4.917731485077325,-3.0320295053783326,-2.4915690251843428,0.8467442528956323,-0.117270585284069,3.961064245141978,-0.4503192027829105,1.3250156147447307
70.0,174.0,155.14508056640625,-2.144416528898283,1.7532622941419214,-4.910340166670732,-3.045212005694971,-1.9538792327145715,0.8337103093690844,-1.0439633387742353,3.904955445319976,-0.4075869564763927,0.7623833671535221
70.0,174.0,140.58787536621094,-2.1195343794311863,1.7739414720747098,-4.924618637607522,-3.031940156859683,-2.529142905056195,0.8435103435695624,-0.1337611689335374,3.973058904472408,-0.4488663263112497,1.3293848156199288
70.0,174.0,140.7174072265625,-2.12737909616131,2.609795952158753,-4.924355322617274,-3.018264536722217,-2.5277518256464857,0.838621323322943,-0.0961246678350993,3.971798008622975,-0.4585494096700957,1.3253747022599485
70.0,174.0,157.8895721435547,-2.151116586352581,1.7765067177928218,-4.954217446239854,-3.688038395004858,-2.586077377730949,0.8144731752930827,-0.6122097261475492,3.624379146848815,-0.454328507982406,0.9702287003031408
70.0,174.0,160.38934326171875,-2.1239526524329047,1.7532778008160277,-4.793683137872873,-2.992665936417859,-3.0883299703921034,0.7444479414625762,-1.0498487622640318,3.959048847339001,-0.7967959506285662,0.7170082799296202
70.0,174.0,137.95419311523438,-2.127510486587058,2.6664213177803657,-4.925946181719729,-3.030718126183132,-2.502510773607647,0.8407793874387863,-0.1007815620198274,3.966536784186372,-0.4492824282483114,1.3246605835724932
70.0,174.0,155.30633544921875,-2.110355142561264,1.7355664246072802,-4.897661520156259,-3.0945963635771343,-3.0647722813398968,0.8256285834289196,-1.0204516952792135,4.389633871132414,-0.4667985076585941,0.7287559592886229
70.0,174.0,158.0673828125,-2.13478528945232,1.8441109636686763,-4.929363763692761,-3.1294766675918138,-3.0546509867568057,1.330469986782295,-1.0107985278553162,3.543151829295136,-0.4498499097984712,0.7093224768745058
70.0,174.0,151.25607299804688,-2.172037136009037,1.7295055121999343,-4.886813252907739,-3.044272093932116,-2.527211347557737,0.8736419156014977,-1.0803740810791176,4.326682419773425,-0.4568381444550614,1.020613823807618
70.0,174.0,165.35855102539062,-2.0411344005614884,1.8033887960812784,-4.990096883276585,-3.0271535952284765,-1.9850275875294443,0.7502007915430735,-1.0075749577924853,3.0752222344234887,-0.4467256416415724,1.0584411608503208
70.0,174.0,165.263427734375,-2.025108824505472,1.819420873531608,-4.880777358367313,-3.048511178555349,-3.076473591889685,0.724041054625411,-1.045823708623605,4.79798916193166,-0.408550783489008,0.6991762171530035
70.0,174.0,142.5399169921875,-2.1200044705724808,2.619219913877057,-4.926504573056466,-3.0296663257054752,-2.5081252386016137,0.8034550482159336,-0.575277394394627,3.972227325712183,-0.4501805248922657,1.3209400388017527
70.0,174.0,160.2692413330078,-1.055922459328694,1.7735920722761906,-4.937958133848109,-1.695201673496223,-3.064020344723154,0.8372423768827528,-1.0608401158966236,4.429729571994304,-0.4561175576200931,0.7202760905369371
70.0,175.0,157.60691833496094,-2.1221509371431435,1.8392303061078088,-4.902514539010984,-3.0864103908050646,-3.0538475418464337,0.8517324402109121,-1.0171489627324086,3.092931355225164,-0.4559853455206131,0.9824460715350812
70.0,175.0,161.15728759765625,-1.9534206856324816,1.7536378394229737,-4.890109816254475,-3.0956079319477503,-3.0662115030366284,0.8279698431872164,-1.019189610828445,4.304919778195342,-0.4515226464921155,0.7024576952550962
70.0,175.0,139.32833862304688,-2.08817131902122,2.674483873195172,-4.922319748061662,-3.0287992714960743,-2.513783286141139,0.8496565177450722,-0.5469923913485679,3.96800845936754,-0.4520489752543011,1.3210823692950004
70.0,175.0,139.5731658935547,-2.1198360300836963,2.689085994507524,-4.909377199846109,-3.030862694289888,-2.534973617837269,0.8475450179372452,-0.5385227267409995,3.974292005461645,-0.4513739637226254,1.3228814343240978
70.0,175.0,138.10269165039062,-2.127263706738617,2.670318387371022,-4.922702078387213,-3.01777294215268,-2.484361934494449,0.8414111797646511,-0.099008048808685,3.966901888242361,-0.4499598900373155,1.3289009693050338
70.0,175.0,150.95826721191406,-2.1262525097823337,1.7737189882144293,-4.926724315985826,-3.0259742329384216,-2.437463469842107,1.4099652745982325,-1.0262765149084487,3.9233814230264574,-0.4512474950726279,1.609887845109697
70.0,175.0,156.08035278320312,-2.1580996450789263,1.728328627406782,-4.879695436337815,-3.0850529772078543,-3.06587044186364,0.8359929899162684,-1.015638048938622,3.5437633377229565,-0.4462973345896071,0.7233871726910266
70.0,175.0,145.83074951171875,-2.1182021524849444,1.8078905911135548,-4.935700425047287,-2.9794937688851824,-2.4827301949732017,0.8507230196630945,-1.052661683502819,3.970937820545013,-0.4537632926829645,1.6362450208066313
70.0,175.0,142.9798126220703,-2.1220829198845297,1.779816139448701,-4.916527573251591,-3.02469365005042,-2.497106128890054,0.8394429982048441,-1.0497138158275474,3.959478534814511,-0.4503832498699787,1.3264084915991838
70.0,175.0,138.84158325195312,-2.0989473448468945,2.650268155282398,-4.924923848138055,-3.019968432753285,-2.5114878344624443,0.8469491800414608,-0.1201647874032994,3.969452801683152,-0.4497416010313131,1.3161092077568268
70.0,175.0,138.126953125,-2.1272306233272644,2.690066396129517,-4.927198307750801,-3.032003746265965,-2.490070588514618,0.8422034147194823,-0.1131584858197553,3.965080573637964,-0.4503542826379362,1.3242440231654982
70.0,175.0,144.71951293945312,-2.1286274214788543,2.8001430089302013,-4.925753982804836,-3.0849155828649093,-2.4831578631761366,0.7926936751112548,-0.120206618253057,3.96529276567022,-0.460451156320868,1.3247247672072682
70.0,175.0,139.1177978515625,-2.121924358678077,2.666080249734612,-4.918759838099927,-3.032773542817324,-2.490193648566313,0.8467825409558875,-0.5280131587354278,3.967725551798917,-0.4509176876331131,1.322280599399067
70.0,175.0,143.77976989746094,-2.090505492232815,1.7746837755457456,-4.927630124357569,-3.0560179816904194,-2.484891176152149,0.8273372251040916,-1.050737962835111,3.954398361079628,-0.4518568018256002,1.3213216143176292
70.0,175.0,177.90628051757812,-0.9480992037287066,1.6698462529856726,-4.92126265432442,-3.066282443454009,-3.048841576344093,1.9184003846581128,-1.029547548154336,4.407033002134062,-0.5675828178794807,0.7291447687456702
70.0,175.0,138.00404357910156,-2.1289855267137683,2.674140891998539,-4.927024528489207,-3.023008250776695,-2.511678235276863,0.8435753429086758,-0.1007430597659138,3.968179988186906,-0.4492019438770319,1.3244702579263798
70.0,175.0,140.55001831054688,-2.122329315786468,1.802061285371577,-4.931716526883416,-3.0283693764857564,-2.486060058575672,0.8457611210177214,-0.5347108318649818,3.980144941527816,-0.4523532917964609,1.322373004556118
70.0,175.0,149.86083984375,-2.12290973532822,1.7678672280638843,-4.933681346827862,-3.0281690041240785,-2.4860633919118627,0.9010736490337464,-1.0043492977172703,4.342770552392945,-0.4457589969867184,1.2979840525979809
70.0,175.0,149.8558807373047,-2.1111044588044594,2.641686632673826,-4.929163837336221,-3.0199126791404143,-2.620657437733671,0.8422044171890584,-0.113757326940539,4.036803368312294,-0.4510087777343007,0.99886656482351
70.0,175.0,138.37705993652344,-2.122714904615392,2.670638671875961,-4.919153420636971,-3.031966039581508,-2.5160680906985378,0.846655034123982,-0.1112124613833414,3.97682799674141,-0.4506444637468742,1.3222653053134326
70.0,175.0,137.98666381835938,-2.127552189352708,2.6924666177669714,-4.925068879683336,-3.027944289175779,-2.4923308102572284,0.8469147077596197,-0.1033920736150634,3.971539601562205,-0.4492742079575614,1.3236334524418647
70.0,175.0,139.24049377441406,-2.122952978603168,2.70020178203428,-4.9094442719968265,-3.03447883586124,-2.4897371704606464,0.8453880164933214,-0.5275536671755963,3.970888576625884,-0.4506163248250027,1.3280531216495697
70.0,175.0,138.47996520996094,-2.128993857850936,2.6968664696073708,-4.927774199024916,-3.0188138692832585,-2.50449931009768,0.8183337484987362,-0.1045922432851111,3.9663467991530816,-0.4501047530914263,1.3243165770372398
70.0,175.0,153.1660919189453,-2.121447798556532,1.8336876551817392,-4.9380753146679925,-3.094233202647145,-3.0649950223856144,0.8354321701101891,-1.021508757068139,3.955010029302585,-0.4447028575291981,0.7080551592072115
70.0,175.0,142.1283721923828,-2.1192890279676746,1.7984264980446047,-4.92041992272411,-3.023637196291919,-2.4862630705474427,0.8392563093769569,-0.5088082330646075,3.99275164134204,-0.4506043871085918,1.3222941943722175
70.0,175.0,144.48789978027344,-2.141046964113209,1.771880474365917,-4.911381224157521,-3.040130457582591,-2.517262630056656,0.8055665997807893,-1.0369607176572375,3.977882256769657,-0.4549739669163189,1.3219810566530266
70.0,175.0,139.26524353027344,-2.0760984574557684,2.703104351150979,-4.9602111040320285,-3.0134529166802886,-2.505066979451373,0.8507338381233625,-0.1005103623646785,3.950153379137319,-0.4495753354752854,1.3180264990188637
70.0,175.0,150.5499267578125,-2.11968739608623,1.755035030369485,-4.927208819748874,-3.0244678618957064,-2.0218319945465275,0.8106048132035997,-1.0135414794231097,3.9867357123238514,-0.4552261932641993,1.349251448476138
70.0,175.0,140.70806884765625,-2.1170765257260005,1.7786727018614492,-4.886691515714032,-3.0032452423189584,-2.490826029221292,0.8457199841861938,-0.5221104655596113,3.970749928697078,-0.4471574466552951,1.3225873864163096
70.0,175.0,141.7534637451172,-2.1150125744778934,2.782330133129909,-4.923482768851145,-3.036428083433975,-2.474673278888708,0.8318070409015043,-0.1277600220867935,3.96573718509088,-0.4511672050380028,1.3132387655834052
70.0,175.0,139.6619110107422,-2.1213272169055526,2.7635495177017564,-4.894762665621631,-3.0323767856056056,-2.5054144090195423,0.8451034710719062,-0.1055449867053549,3.9591224921165074,-0.4501346838863024,1.32414757239565
70.0,175.0,139.02381896972656,-2.157225974010564,2.640136823173433,-4.925772382598628,-3.0344730547113885,-2.495420562349546,0.8423976318075149,-0.107293621632731,3.947687987935643,-0.4483316414765341,1.3256195080482072
70.0,175.0,140.52117919921875,-2.1272497769988306,1.774468940747441,-4.918171862643308,-3.039466282870276,-2.4890347571925453,0.8476899259151214,-0.521753245229758,3.96549093137469,-0.4572526271482879,1.3258236409937911
70.0,175.0,146.584716796875,-2.103115268970947,1.7773525520170366,-4.8991595252982325,-3.0347150506673737,-2.5711874065489764,0.8116258795517473,-1.035978714195854,3.971544582710554,-0.4467989748149475,1.6285298446205214
70.0,175.0,143.8277587890625,-2.1248830858866543,1.7802090878779313,-4.936753072080505,-3.0101865241049657,-1.9782824049959105,0.8420858723207358,-1.0500881416038224,3.96241728300316,-0.4534587791217112,1.321746580187323
70.0,175.0,141.02491760253906,-2.127329754768331,2.601655156215789,-4.931068960347191,-3.018122221177111,-2.5158150617210184,0.8420379829523627,-0.1373211366829369,3.965468012597784,-0.4478192497339468,1.32210856949185
70.0,175.0,138.2348175048828,-2.124153308589317,2.68965891250709,-4.917731485077325,-3.0320295053783326,-2.4915690251843428,0.8467442528956323,-0.117270585284069,3.961064245141978,-0.4503192027829105,1.3250156147447307
70.0,175.0,155.14508056640625,-2.144416528898283,1.7532622941419214,-4.910340166670732,-3.045212005694971,-1.9538792327145715,0.8337103093690844,-1.0439633387742353,3.904955445319976,-0.4075869564763927,0.7623833671535221
70.0,175.0,140.58787536621094,-2.1195343794311863,1.7739414720747098,-4.924618637607522,-3.031940156859683,-2.529142905056195,0.8435103435695624,-0.1337611689335374,3.973058904472408,-0.4488663263112497,1.3293848156199288
70.0,175.0,140.18118286132812,-2.1278120683066004,2.755158246403125,-4.922501593789402,-3.0378419582957528,-2.5060040986962617,0.8469762778042877,-0.0968800801167165,3.970118602616069,-0.4596540558371146,1.3315506036690834
70.0,175.0,157.8895721435547,-2.151116586352581,1.7765067177928218,-4.954217446239854,-3.688038395004858,-2.586077377730949,0.8144731752930827,-0.6122097261475492,3.624379146848815,-0.454328507982406,0.9702287003031408
70.0,175.0,160.38934326171875,-2.1239526524329047,1.7532778008160277,-4.793683137872873,-2.992665936417859,-3.0883299703921034,0.7444479414625762,-1.0498487622640318,3.959048847339001,-0.7967959506285662,0.7170082799296202
70.0,175.0,137.95419311523438,-2.127510486587058,2.6664213177803657,-4.925946181719729,-3.030718126183132,-2.502510773607647,0.8407793874387863,-0.1007815620198274,3.966536784186372,-0.4492824282483114,1.3246605835724932
70.0,175.0,155.30633544921875,-2.110355142561264,1.7355664246072802,-4.897661520156259,-3.0945963635771343,-3.0647722813398968,0.8256285834289196,-1.0204516952792135,4.389633871132414,-0.4667985076585941,0.7287559592886229
70.0,175.0,158.0673828125,-2.13478528945232,1.8441109636686763,-4.929363763692761,-3.1294766675918138,-3.0546509867568057,1.330469986782295,-1.0107985278553162,3.543151829295136,-0.4498499097984712,0.7093224768745058
70.0,175.0,151.25607299804688,-2.172037136009037,1.7295055121999343,-4.886813252907739,-3.044272093932116,-2.527211347557737,0.8736419156014977,-1.0803740810791176,4.326682419773425,-0.4568381444550614,1.020613823807618
70.0,175.0,165.35855102539062,-2.0411344005614884,1.8033887960812784,-4.990096883276585,-3.0271535952284765,-1.9850275875294443,0.7502007915430735,-1.0075749577924853,3.0752222344234887,-0.4467256416415724,1.0584411608503208
70.0,175.0,165.263427734375,-2.025108824505472,1.819420873531608,-4.880777358367313,-3.048511178555349,-3.076473591889685,0.724041054625411,-1.045823708623605,4.79798916193166,-0.408550783489008,0.6991762171530035
70.0,175.0,142.19989013671875,-2.09697495954835,2.67523552258828,-4.92652985702808,-3.028589616297709,-2.503642857220556,0.8511936966516207,-0.564418021543496,3.965675269627874,-0.4514507472915914,1.2890535641902052
70.0,175.0,160.2692413330078,-1.055922459328694,1.7735920722761906,-4.937958133848109,-1.695201673496223,-3.064020344723154,0.8372423768827528,-1.0608401158966236,4.429729571994304,-0.4561175576200931,0.7202760905369371
70.0,176.0,157.60691833496094,-2.1221509371431435,1.8392303061078088,-4.902514539010984,-3.0864103908050646,-3.0538475418464337,0.8517324402109121,-1.0171489627324086,3.092931355225164,-0.4559853455206131,0.9824460715350812
70.0,176.0,161.15728759765625,-1.9534206856324816,1.7536378394229737,-4.890109816254475,-3.0956079319477503,-3.0662115030366284,0.8279698431872164,-1.019189610828445,4.304919778195342,-0.4515226464921155,0.7024576952550962
70.0,176.0,139.32833862304688,-2.08817131902122,2.674483873195172,-4.922319748061662,-3.0287992714960743,-2.513783286141139,0.8496565177450722,-0.5469923913485679,3.96800845936754,-0.4520489752543011,1.3210823692950004
70.0,176.0,139.5731658935547,-2.1198360300836963,2.689085994507524,-4.909377199846109,-3.030862694289888,-2.534973617837269,0.8475450179372452,-0.5385227267409995,3.974292005461645,-0.4513739637226254,1.3228814343240978
70.0,176.0,138.10269165039062,-2.127263706738617,2.670318387371022,-4.922702078387213,-3.01777294215268,-2.484361934494449,0.8414111797646511,-0.099008048808685,3.966901888242361,-0.4499598900373155,1.3289009693050338
70.0,176.0,150.95826721191406,-2.1262525097823337,1.7737189882144293,-4.926724315985826,-3.0259742329384216,-2.437463469842107,1.4099652745982325,-1.0262765149084487,3.9233814230264574,-0.4512474950726279,1.609887845109697
70.0,176.0,156.08035278320312,-2.1580996450789263,1.728328627406782,-4.879695436337815,-3.0850529772078543,-3.06587044186364,0.8359929899162684,-1.015638048938622,3.5437633377229565,-0.4462973345896071,0.7233871726910266
70.0,176.0,145.83074951171875,-2.1182021524849444,1.8078905911135548,-4.935700425047287,-2.9794937688851824,-2.4827301949732017,0.8507230196630945,-1.052661683502819,3.970937820545013,-0.4537632926829645,1.6362450208066313
70.0,176.0,142.9798126220703,-2.1220829198845297,1.779816139448701,-4.916527573251591,-3.02469365005042,-2.497106128890054,0.8394429982048441,-1.0497138158275474,3.959478534814511,-0.4503832498699787,1.3264084915991838
70.0,176.0,138.84158325195312,-2.0989473448468945,2.650268155282398,-4.924923848138055,-3.019968432753285,-2.5114878344624443,0.8469491800414608,-0.1201647874032994,3.969452801683152,-0.4497416010313131,1.3161092077568268
70.0,176.0,138.126953125,-2.1272306233272644,2.690066396129517,-4.927198307750801,-3.032003746265965,-2.490070588514618,0.8422034147194823,-0.1131584858197553,3.965080573637964,-0.4503542826379362,1.3242440231654982
70.0,176.0,144.71951293945312,-2.1286274214788543,2.8001430089302013,-4.925753982804836,-3.0849155828649093,-2.4831578631761366,0.7926936751112548,-0.120206618253057,3.96529276567022,-0.460451156320868,1.3247247672072682
70.0,176.0,139.1177978515625,-2.121924358678077,2.666080249734612,-4.918759838099927,-3.032773542817324,-2.490193648566313,0.8467825409558875,-0.5280131587354278,3.967725551798917,-0.4509176876331131,1.322280599399067
70.0,176.0,143.77976989746094,-2.090505492232815,1.7746837755457456,-4.927630124357569,-3.0560179816904194,-2.484891176152149,0.8273372251040916,-1.050737962835111,3.954398361079628,-0.4518568018256002,1.3213216143176292
70.0,176.0,177.90628051757812,-0.9480992037287066,1.6698462529856726,-4.92126265432442,-3.066282443454009,-3.048841576344093,1.9184003846581128,-1.029547548154336,4.407033002134062,-0.5675828178794807,0.7291447687456702
70.0,176.0,138.00404357910156,-2.1289855267137683,2.674140891998539,-4.927024528489207,-3.023008250776695,-2.511678235276863,0.8435753429086758,-0.1007430597659138,3.968179988186906,-0.4492019438770319,1.3244702579263798
70.0,176.0,140.55001831054688,-2.122329315786468,1.802061285371577,-4.931716526883416,-3.0283693764857564,-2.486060058575672,0.8457611210177214,-0.5347108318649818,3.980144941527816,-0.4523532917964609,1.322373004556118
70.0,176.0,149.86083984375,-2.12290973532822,1.7678672280638843,-4.933681346827862,-3.0281690041240785,-2.4860633919118627,0.9010736490337464,-1.0043492977172703,4.342770552392945,-0.4457589969867184,1.2979840525979809
70.0,176.0,149.8558807373047,-2.1111044588044594,2.641686632673826,-4.929163837336221,-3.0199126791404143,-2.620657437733671,0.8422044171890584,-0.113757326940539,4.036803368312294,-0.4510087777343007,0.99886656482351
70.0,176.0,138.37705993652344,-2.122714904615392,2.670638671875961,-4.919153420636971,-3.031966039581508,-2.5160680906985378,0.846655034123982,-0.1112124613833414,3.97682799674141,-0.4506444637468742,1.3222653053134326
70.0,176.0,137.98666381835938,-2.127552189352708,2.6924666177669714,-4.925068879683336,-3.027944289175779,-2.4923308102572284,0.8469147077596197,-0.1033920736150634,3.971539601562205,-0.4492742079575614,1.3236334524418647
70.0,176.0,139.24049377441406,-2.122952978603168,2.70020178203428,-4.9094442719968265,-3.03447883586124,-2.4897371704606464,0.8453880164933214,-0.5275536671755963,3.970888576625884,-0.4506163248250027,1.3280531216495697
70.0,176.0,138.2646942138672,-2.127767420698144,2.6726766434875144,-4.921721222526143,-3.0382744349322577,-2.5187256693748,0.8559652753773498,-0.1038623273413765,3.966518462863128,-0.4493144429337752,1.3253843622953247
70.0,176.0,153.1660919189453,-2.121447798556532,1.8336876551817392,-4.9380753146679925,-3.094233202647145,-3.0649950223856144,0.8354321701101891,-1.021508757068139,3.955010029302585,-0.4447028575291981,0.7080551592072115
70.0,176.0,142.1283721923828,-2.1192890279676746,1.7984264980446047,-4.92041992272411,-3.023637196291919,-2.4862630705474427,0.8392563093769569,-0.5088082330646075,3.99275164134204,-0.4506043871085918,1.3222941943722175
70.0,176.0,144.48789978027344,-2.141046964113209,1.771880474365917,-4.911381224157521,-3.040130457582591,-2.517262630056656,0.8055665997807893,-1.0369607176572375,3.977882256769657,-0.4549739669163189,1.3219810566530266
70.0,176.0,139.26524353027344,-2.0760984574557684,2.703104351150979,-4.9602111040320285,-3.0134529166802886,-2.505066979451373,0.8507338381233625,-0.1005103623646785,3.950153379137319,-0.4495753354752854,1.3180264990188637
70.0,176.0,150.5499267578125,-2.11968739608623,1.755035030369485,-4.927208819748874,-3.0244678618957064,-2.0218319945465275,0.8106048132035997,-1.0135414794231097,3.9867357123238514,-0.4552261932641993,1.349251448476138
70.0,176.0,140.70806884765625,-2.1170765257260005,1.7786727018614492,-4.886691515714032,-3.0032452423189584,-2.490826029221292,0.8457199841861938,-0.5221104655596113,3.970749928697078,-0.4471574466552951,1.3225873864163096
70.0,176.0,140.30577087402344,-2.102244296409052,2.708965195838628,-4.940376373682993,-3.046223860585568,-2.47486529436854,0.8306365407684487,-0.1363652906972972,3.96739229195829,-0.448537862990504,1.3115915798321391
70.0,176.0,139.6619110107422,-2.1213272169055526,2.7635495177017564,-4.894762665621631,-3.0323767856056056,-2.5054144090195423,0.8451034710719062,-0.1055449867053549,3.9591224921165074,-0.4501346838863024,1.32414757239565
70.0,176.0,139.02381896972656,-2.157225974010564,2.640136823173433,-4.925772382598628,-3.0344730547113885,-2.495420562349546,0.8423976318075149,-0.107293621632731,3.947687987935643,-0.4483316414765341,1.3256195080482072
70.0,176.0,140.52117919921875,-2.1272497769988306,1.774468940747441,-4.918171862643308,-3.039466282870276,-2.4890347571925453,0.8476899259151214,-0.521753245229758,3.96549093137469,-0.4572526271482879,1.3258236409937911
70.0,176.0,146.584716796875,-2.103115268970947,1.7773525520170366,-4.8991595252982325,-3.0347150506673737,-2.5711874065489764,0.8116258795517473,-1.035978714195854,3.971544582710554,-0.4467989748149475,1.6285298446205214
70.0,176.0,143.8277587890625,-2.1248830858866543,1.7802090878779313,-4.936753072080505,-3.0101865241049657,-1.9782824049959105,0.8420858723207358,-1.0500881416038224,3.96241728300316,-0.4534587791217112,1.321746580187323
70.0,176.0,141.02491760253906,-2.127329754768331,2.601655156215789,-4.931068960347191,-3.018122221177111,-2.5158150617210184,0.8420379829523627,-0.1373211366829369,3.965468012597784,-0.4478192497339468,1.32210856949185
70.0,176.0,138.2348175048828,-2.124153308589317,2.68965891250709,-4.917731485077325,-3.0320295053783326,-2.4915690251843428,0.8467442528956323,-0.117270585284069,3.961064245141978,-0.4503192027829105,1.3250156147447307
70.0,176.0,155.14508056640625,-2.144416528898283,1.7532622941419214,-4.910340166670732,-3.045212005694971,-1.9538792327145715,0.8337103093690844,-1.0439633387742353,3.904955445319976,-0.4075869564763927,0.7623833671535221
70.0,176.0,140.58787536621094,-2.1195343794311863,1.7739414720747098,-4.924618637607522,-3.031940156859683,-2.529142905056195,0.8435103435695624,-0.1337611689335374,3.973058904472408,-0.4488663263112497,1.3293848156199288
70.0,176.0,138.73117065429688,-2.127640141732096,2.637453885549264,-4.924235814530954,-3.031690957182956,-2.482275503493215,0.8455757420481668,-0.1009736155606419,3.9632533623076114,-0.4425297186483556,1.3241829071774391
70.0,176.0,157.8895721435547,-2.151116586352581,1.7765067177928218,-4.954217446239854,-3.688038395004858,-2.586077377730949,0.8144731752930827,-0.6122097261475492,3.624379146848815,-0.454328507982406,0.9702287003031408
70.0,176.0,160.38934326171875,-2.1239526524329047,1.7532778008160277,-4.793683137872873,-2.992665936417859,-3.0883299703921034,0.7444479414625762,-1.0498487622640318,3.959048847339001,-0.7967959506285662,0.7170082799296202
70.0,176.0,137.95419311523438,-2.127510486587058,2.6664213177803657,-4.925946181719729,-3.030718126183132,-2.502510773607647,0.8407793874387863,-0.1007815620198274,3.966536784186372,-0.4492824282483114,1.3246605835724932
70.0,176.0,155.30633544921875,-2.110355142561264,1.7355664246072802,-4.897661520156259,-3.0945963635771343,-3.0647722813398968,0.8256285834289196,-1.0204516952792135,4.389633871132414,-0.4667985076585941,0.7287559592886229
70.0,176.0,158.0673828125,-2.13478528945232,1.8441109636686763,-4.929363763692761,-3.1294766675918138,-3.0546509867568057,1.330469986782295,-1.0107985278553162,3.543151829295136,-0.4498499097984712,0.7093224768745058
70.0,176.0,151.25607299804688,-2.172037136009037,1.7295055121999343,-4.886813252907739,-3.044272093932116,-2.527211347557737,0.8736419156014977,-1.0803740810791176,4.326682419773425,-0.4568381444550614,1.020613823807618
70.0,176.0,165.35855102539062,-2.0411344005614884,1.8033887960812784,-4.990096883276585,-3.0271535952284765,-1.9850275875294443,0.7502007915430735,-1.0075749577924853,3.0752222344234887,-0.4467256416415724,1.0584411608503208
70.0,176.0,165.263427734375,-2.025108824505472,1.819420873531608,-4.880777358367313,-3.048511178555349,-3.076473591889685,0.724041054625411,-1.045823708623605,4.79798916193166,-0.408550783489008,0.6991762171530035
70.0,176.0,142.19989013671875,-2.09697495954835,2.67523552258828,-4.92652985702808,-3.028589616297709,-2.503642857220556,0.8511936966516207,-0.564418021543496,3.965675269627874,-0.4514507472915914,1.2890535641902052
70.0,176.0,160.2692413330078,-1.055922459328694,1.7735920722761906,-4.937958133848109,-1.695201673496223,-3.064020344723154,0.8372423768827528,-1.0608401158966236,4.429729571994304,-0.4561175576200931,0.7202760905369371
70.0,177.0,157.60691833496094,-2.1221509371431435,1.8392303061078088,-4.902514539010984,-3.0864103908050646,-3.0538475418464337,0.8517324402109121,-1.0171489627324086,3.092931355225164,-0.4559853455206131,0.9824460715350812
70.0,177.0,161.15728759765625,-1.9534206856324816,1.7536378394229737,-4.890109816254475,-3.0956079319477503,-3.0662115030366284,0.8279698431872164,-1.019189610828445,4.304919778195342,-0.4515226464921155,0.7024576952550962
70.0,177.0,139.32833862304688,-2.08817131902122,2.674483873195172,-4.922319748061662,-3.0287992714960743,-2.513783286141139,0.8496565177450722,-0.5469923913485679,3.96800845936754,-0.4520489752543011,1.3210823692950004
70.0,177.0,139.5731658935547,-2.1198360300836963,2.689085994507524,-4.909377199846109,-3.030862694289888,-2.534973617837269,0.8475450179372452,-0.5385227267409995,3.974292005461645,-0.4513739637226254,1.3228814343240978
70.0,177.0,138.009521484375,-2.127314281539096,2.670922427006837,-4.930358461537079,-3.034154994079934,-2.4875522485063444,0.8430329074850493,-0.1013913715747443,3.96668683441363,-0.4508383932344059,1.325599146406091
70.0,177.0,150.95826721191406,-2.1262525097823337,1.7737189882144293,-4.926724315985826,-3.0259742329384216,-2.437463469842107,1.4099652745982325,-1.0262765149084487,3.9233814230264574,-0.4512474950726279,1.609887845109697
70.0,177.0,156.08035278320312,-2.1580996450789263,1.728328627406782,-4.879695436337815,-3.0850529772078543,-3.06587044186364,0.8359929899162684,-1.015638048938622,3.5437633377229565,-0.4462973345896071,0.7233871726910266
70.0,177.0,145.83074951171875,-2.1182021524849444,1.8078905911135548,-4.935700425047287,-2.9794937688851824,-2.4827301949732017,0.8507230196630945,-1.052661683502819,3.970937820545013,-0.4537632926829645,1.6362450208066313
70.0,177.0,142.9798126220703,-2.1220829198845297,1.779816139448701,-4.916527573251591,-3.02469365005042,-2.497106128890054,0.8394429982048441,-1.0497138158275474,3.959478534814511,-0.4503832498699787,1.3264084915991838
70.0,177.0,138.84158325195312,-2.0989473448468945,2.650268155282398,-4.924923848138055,-3.019968432753285,-2.5114878344624443,0.8469491800414608,-0.1201647874032994,3.969452801683152,-0.4497416010313131,1.3161092077568268
70.0,177.0,138.126953125,-2.1272306233272644,2.690066396129517,-4.927198307750801,-3.032003746265965,-2.490070588514618,0.8422034147194823,-0.1131584858197553,3.965080573637964,-0.4503542826379362,1.3242440231654982
70.0,177.0,144.71951293945312,-2.1286274214788543,2.8001430089302013,-4.925753982804836,-3.0849155828649093,-2.4831578631761366,0.7926936751112548,-0.120206618253057,3.96529276567022,-0.460451156320868,1.3247247672072682
70.0,177.0,139.1177978515625,-2.121924358678077,2.666080249734612,-4.918759838099927,-3.032773542817324,-2.490193648566313,0.8467825409558875,-0.5280131587354278,3.967725551798917,-0.4509176876331131,1.322280599399067
70.0,177.0,143.77976989746094,-2.090505492232815,1.7746837755457456,-4.927630124357569,-3.0560179816904194,-2.484891176152149,0.8273372251040916,-1.050737962835111,3.954398361079628,-0.4518568018256002,1.3213216143176292
70.0,177.0,177.90628051757812,-0.9480992037287066,1.6698462529856726,-4.92126265432442,-3.066282443454009,-3.048841576344093,1.9184003846581128,-1.029547548154336,4.407033002134062,-0.5675828178794807,0.7291447687456702
70.0,177.0,138.00404357910156,-2.1289855267137683,2.674140891998539,-4.927024528489207,-3.023008250776695,-2.511678235276863,0.8435753429086758,-0.1007430597659138,3.968179988186906,-0.4492019438770319,1.3244702579263798
70.0,177.0,140.55001831054688,-2.122329315786468,1.802061285371577,-4.931716526883416,-3.0283693764857564,-2.486060058575672,0.8457611210177214,-0.5347108318649818,3.980144941527816,-0.4523532917964609,1.322373004556118
70.0,177.0,149.86083984375,-2.12290973532822,1.7678672280638843,-4.933681346827862,-3.0281690041240785,-2.4860633919118627,0.9010736490337464,-1.0043492977172703,4.342770552392945,-0.4457589969867184,1.2979840525979809
70.0,177.0,149.8558807373047,-2.1111044588044594,2.641686632673826,-4.929163837336221,-3.0199126791404143,-2.620657437733671,0.8422044171890584,-0.113757326940539,4.036803368312294,-0.4510087777343007,0.99886656482351
70.0,177.0,138.37705993652344,-2.122714904615392,2.670638671875961,-4.919153420636971,-3.031966039581508,-2.5160680906985378,0.846655034123982,-0.1112124613833414,3.97682799674141,-0.4506444637468742,1.3222653053134326
70.0,177.0,137.98666381835938,-2.127552189352708,2.6924666177669714,-4.925068879683336,-3.027944289175779,-2.4923308102572284,0.8469147077596197,-0.1033920736150634,3.971539601562205,-0.4492742079575614,1.3236334524418647
70.0,177.0,139.24049377441406,-2.122952978603168,2.70020178203428,-4.9094442719968265,-3.03447883586124,-2.4897371704606464,0.8453880164933214,-0.5275536671755963,3.970888576625884,-0.4506163248250027,1.3280531216495697
70.0,177.0,138.2646942138672,-2.127767420698144,2.6726766434875144,-4.921721222526143,-3.0382744349322577,-2.5187256693748,0.8559652753773498,-0.1038623273413765,3.966518462863128,-0.4493144429337752,1.3253843622953247
70.0,177.0,153.1660919189453,-2.121447798556532,1.8336876551817392,-4.9380753146679925,-3.094233202647145,-3.0649950223856144,0.8354321701101891,-1.021508757068139,3.955010029302585,-0.4447028575291981,0.7080551592072115
70.0,177.0,142.1283721923828,-2.1192890279676746,1.7984264980446047,-4.92041992272411,-3.023637196291919,-2.4862630705474427,0.8392563093769569,-0.5088082330646075,3.99275164134204,-0.4506043871085918,1.3222941943722175
70.0,177.0,144.48789978027344,-2.141046964113209,1.771880474365917,-4.911381224157521,-3.040130457582591,-2.517262630056656,0.8055665997807893,-1.0369607176572375,3.977882256769657,-0.4549739669163189,1.3219810566530266
70.0,177.0,138.28472900390625,-2.086522085966583,2.6766218722481487,-4.908173232923059,-3.020851322053217,-2.509133252745072,0.8451036198581006,-0.099900213185718,3.972468773828485,-0.4489362848468409,1.3263203898164266
70.0,177.0,150.5499267578125,-2.11968739608623,1.755035030369485,-4.927208819748874,-3.0244678618957064,-2.0218319945465275,0.8106048132035997,-1.0135414794231097,3.9867357123238514,-0.4552261932641993,1.349251448476138
70.0,177.0,140.70806884765625,-2.1170765257260005,1.7786727018614492,-4.886691515714032,-3.0032452423189584,-2.490826029221292,0.8457199841861938,-0.5221104655596113,3.970749928697078,-0.4471574466552951,1.3225873864163096
70.0,177.0,140.30577087402344,-2.102244296409052,2.708965195838628,-4.940376373682993,-3.046223860585568,-2.47486529436854,0.8306365407684487,-0.1363652906972972,3.96739229195829,-0.448537862990504,1.3115915798321391
70.0,177.0,138.3366241455078,-2.1261242124852915,2.6949247146917177,-4.903933294231887,-3.00249665196588,-2.5014404923572786,0.8389971420734817,-0.1050238870161911,3.9616504217311608,-0.4508044146203747,1.3248938374897763
70.0,177.0,138.43130493164062,-2.135098774732249,2.643450119590193,-4.926136750036889,-3.0374424234117314,-2.507388012954797,0.8407789660863126,-0.1026233308753204,3.970663557485105,-0.4478931878829558,1.3256618470954646
70.0,177.0,140.52117919921875,-2.1272497769988306,1.774468940747441,-4.918171862643308,-3.039466282870276,-2.4890347571925453,0.8476899259151214,-0.521753245229758,3.96549093137469,-0.4572526271482879,1.3258236409937911
70.0,177.0,146.584716796875,-2.103115268970947,1.7773525520170366,-4.8991595252982325,-3.0347150506673737,-2.5711874065489764,0.8116258795517473,-1.035978714195854,3.971544582710554,-0.4467989748149475,1.6285298446205214
70.0,177.0,143.8277587890625,-2.1248830858866543,1.7802090878779313,-4.936753072080505,-3.0101865241049657,-1.9782824049959105,0.8420858723207358,-1.0500881416038224,3.96241728300316,-0.4534587791217112,1.321746580187323
70.0,177.0,141.02491760253906,-2.127329754768331,2.601655156215789,-4.931068960347191,-3.018122221177111,-2.5158150617210184,0.8420379829523627,-0.1373211366829369,3.965468012597784,-0.4478192497339468,1.32210856949185
70.0,177.0,138.2348175048828,-2.124153308589317,2.68965891250709,-4.917731485077325,-3.0320295053783326,-2.4915690251843428,0.8467442528956323,-0.117270585284069,3.961064245141978,-0.4503192027829105,1.3250156147447307
70.0,177.0,155.14508056640625,-2.144416528898283,1.7532622941419214,-4.910340166670732,-3.045212005694971,-1.9538792327145715,0.8337103093690844,-1.0439633387742353,3.904955445319976,-0.4075869564763927,0.7623833671535221
70.0,177.0,140.58787536621094,-2.1195343794311863,1.7739414720747098,-4.924618637607522,-3.031940156859683,-2.529142905056195,0.8435103435695624,-0.1337611689335374,3.973058904472408,-0.4488663263112497,1.3293848156199288
70.0,177.0,138.73117065429688,-2.127640141732096,2.637453885549264,-4.924235814530954,-3.031690957182956,-2.482275503493215,0.8455757420481668,-0.1009736155606419,3.9632533623076114,-0.4425297186483556,1.3241829071774391
70.0,177.0,157.8895721435547,-2.151116586352581,1.7765067177928218,-4.954217446239854,-3.688038395004858,-2.586077377730949,0.8144731752930827,-0.6122097261475492,3.624379146848815,-0.454328507982406,0.9702287003031408
70.0,177.0,160.38934326171875,-2.1239526524329047,1.7532778008160277,-4.793683137872873,-2.992665936417859,-3.0883299703921034,0.7444479414625762,-1.0498487622640318,3.959048847339001,-0.7967959506285662,0.7170082799296202
70.0,177.0,137.95419311523438,-2.127510486587058,2.6664213177803657,-4.925946181719729,-3.030718126183132,-2.502510773607647,0.8407793874387863,-0.1007815620198274,3.966536784186372,-0.4492824282483114,1.3246605835724932
70.0,177.0,155.30633544921875,-2.110355142561264,1.7355664246072802,-4.897661520156259,-3.0945963635771343,-3.0647722813398968,0.8256285834289196,-1.0204516952792135,4.389633871132414,-0.4667985076585941,0.7287559592886229
70.0,177.0,158.0673828125,-2.13478528945232,1.8441109636686763,-4.929363763692761,-3.1294766675918138,-3.0546509867568057,1.330469986782295,-1.0107985278553162,3.543151829295136,-0.4498499097984712,0.7093224768745058
70.0,177.0,151.25607299804688,-2.172037136009037,1.7295055121999343,-4.886813252907739,-3.044272093932116,-2.527211347557737,0.8736419156014977,-1.0803740810791176,4.326682419773425,-0.4568381444550614,1.020613823807618
70.0,177.0,165.35855102539062,-2.0411344005614884,1.8033887960812784,-4.990096883276585,-3.0271535952284765,-1.9850275875294443,0.7502007915430735,-1.0075749577924853,3.0752222344234887,-0.4467256416415724,1.0584411608503208
70.0,177.0,165.263427734375,-2.025108824505472,1.819420873531608,-4.880777358367313,-3.048511178555349,-3.076473591889685,0.724041054625411,-1.045823708623605,4.79798916193166,-0.408550783489008,0.6991762171530035
70.0,177.0,141.7088623046875,-2.136182520181268,2.6797593051430675,-4.926385935772864,-3.031462658516766,-2.504546861212768,0.8367459159976891,-0.1642234645335033,3.9697273371219577,-0.4495070390822624,1.3229882075523955
70.0,177.0,160.2692413330078,-1.055922459328694,1.7735920722761906,-4.937958133848109,-1.695201673496223,-3.064020344723154,0.8372423768827528,-1.0608401158966236,4.429729571994304,-0.4561175576200931,0.7202760905369371
70.0,178.0,157.60691833496094,-2.1221509371431435,1.8392303061078088,-4.902514539010984,-3.0864103908050646,-3.0538475418464337,0.8517324402109121,-1.0171489627324086,3.092931355225164,-0.4559853455206131,0.9824460715350812
70.0,178.0,161.15728759765625,-1.9534206856324816,1.7536378394229737,-4.890109816254475,-3.0956079319477503,-3.0662115030366284,0.8279698431872164,-1.019189610828445,4.304919778195342,-0.4515226464921155,0.7024576952550962
70.0,178.0,139.32833862304688,-2.08817131902122,2.674483873195172,-4.922319748061662,-3.0287992714960743,-2.513783286141139,0.8496565177450722,-0.5469923913485679,3.96800845936754,-0.4520489752543011,1.3210823692950004
70.0,178.0,139.5731658935547,-2.1198360300836963,2.689085994507524,-4.909377199846109,-3.030862694289888,-2.534973617837269,0.8475450179372452,-0.5385227267409995,3.974292005461645,-0.4513739637226254,1.3228814343240978
70.0,178.0,137.97036743164062,-2.1275247205366625,2.6705019787592805,-4.931734995802061,-3.033162434525355,-2.4950527689829785,0.8409758072775599,-0.1016827504360725,3.9667062837482048,-0.4510393112447435,1.3238564636323853
70.0,178.0,150.95826721191406,-2.1262525097823337,1.7737189882144293,-4.926724315985826,-3.0259742329384216,-2.437463469842107,1.4099652745982325,-1.0262765149084487,3.9233814230264574,-0.4512474950726279,1.609887845109697
70.0,178.0,156.08035278320312,-2.1580996450789263,1.728328627406782,-4.879695436337815,-3.0850529772078543,-3.06587044186364,0.8359929899162684,-1.015638048938622,3.5437633377229565,-0.4462973345896071,0.7233871726910266
70.0,178.0,145.83074951171875,-2.1182021524849444,1.8078905911135548,-4.935700425047287,-2.9794937688851824,-2.4827301949732017,0.8507230196630945,-1.052661683502819,3.970937820545013,-0.4537632926829645,1.6362450208066313
70.0,178.0,142.9798126220703,-2.1220829198845297,1.779816139448701,-4.916527573251591,-3.02469365005042,-2.497106128890054,0.8394429982048441,-1.0497138158275474,3.959478534814511,-0.4503832498699787,1.3264084915991838
70.0,178.0,138.84158325195312,-2.0989473448468945,2.650268155282398,-4.924923848138055,-3.019968432753285,-2.5114878344624443,0.8469491800414608,-0.1201647874032994,3.969452801683152,-0.4497416010313131,1.3161092077568268
70.0,178.0,138.126953125,-2.1272306233272644,2.690066396129517,-4.927198307750801,-3.032003746265965,-2.490070588514618,0.8422034147194823,-0.1131584858197553,3.965080573637964,-0.4503542826379362,1.3242440231654982
70.0,178.0,144.6900177001953,-2.127515172686274,2.555079238856164,-4.92584511726969,-3.0887147946621742,-2.4771821099710603,0.8275101615725238,-0.1213666746108741,3.977046544582824,-0.4581086815621595,1.3248746176253086
70.0,178.0,139.1177978515625,-2.121924358678077,2.666080249734612,-4.918759838099927,-3.032773542817324,-2.490193648566313,0.8467825409558875,-0.5280131587354278,3.967725551798917,-0.4509176876331131,1.322280599399067
70.0,178.0,143.77976989746094,-2.090505492232815,1.7746837755457456,-4.927630124357569,-3.0560179816904194,-2.484891176152149,0.8273372251040916,-1.050737962835111,3.954398361079628,-0.4518568018256002,1.3213216143176292
70.0,178.0,177.90628051757812,-0.9480992037287066,1.6698462529856726,-4.92126265432442,-3.066282443454009,-3.048841576344093,1.9184003846581128,-1.029547548154336,4.407033002134062,-0.5675828178794807,0.7291447687456702
70.0,178.0,138.00404357910156,-2.1289855267137683,2.674140891998539,-4.927024528489207,-3.023008250776695,-2.511678235276863,0.8435753429086758,-0.1007430597659138,3.968179988186906,-0.4492019438770319,1.3244702579263798
70.0,178.0,140.55001831054688,-2.122329315786468,1.802061285371577,-4.931716526883416,-3.0283693764857564,-2.486060058575672,0.8457611210177214,-0.5347108318649818,3.980144941527816,-0.4523532917964609,1.322373004556118
70.0,178.0,149.86083984375,-2.12290973532822,1.7678672280638843,-4.933681346827862,-3.0281690041240785,-2.4860633919118627,0.9010736490337464,-1.0043492977172703,4.342770552392945,-0.4457589969867184,1.2979840525979809
70.0,178.0,149.8558807373047,-2.1111044588044594,2.641686632673826,-4.929163837336221,-3.0199126791404143,-2.620657437733671,0.8422044171890584,-0.113757326940539,4.036803368312294,-0.4510087777343007,0.99886656482351
70.0,178.0,138.37705993652344,-2.122714904615392,2.670638671875961,-4.919153420636971,-3.031966039581508,-2.5160680906985378,0.846655034123982,-0.1112124613833414,3.97682799674141,-0.4506444637468742,1.3222653053134326
70.0,178.0,137.98666381835938,-2.127552189352708,2.6924666177669714,-4.925068879683336,-3.027944289175779,-2.4923308102572284,0.8469147077596197,-0.1033920736150634,3.971539601562205,-0.4492742079575614,1.3236334524418647
70.0,178.0,139.24049377441406,-2.122952978603168,2.70020178203428,-4.9094442719968265,-3.03447883586124,-2.4897371704606464,0.8453880164933214,-0.5275536671755963,3.970888576625884,-0.4506163248250027,1.3280531216495697
70.0,178.0,138.11854553222656,-2.1276983403872,2.67792067228441,-4.920591525994007,-3.035449001491869,-2.517153385805645,0.8326095132951419,-0.1014754676994715,3.966580508568944,-0.4493549393051587,1.324646151408241
70.0,178.0,153.1660919189453,-2.121447798556532,1.8336876551817392,-4.9380753146679925,-3.094233202647145,-3.0649950223856144,0.8354321701101891,-1.021508757068139,3.955010029302585,-0.4447028575291981,0.7080551592072115
70.0,178.0,142.1283721923828,-2.1192890279676746,1.7984264980446047,-4.92041992272411,-3.023637196291919,-2.4862630705474427,0.8392563093769569,-0.5088082330646075,3.99275164134204,-0.4506043871085918,1.3222941943722175
70.0,178.0,144.48789978027344,-2.141046964113209,1.771880474365917,-4.911381224157521,-3.040130457582591,-2.517262630056656,0.8055665997807893,-1.0369607176572375,3.977882256769657,-0.4549739669163189,1.3219810566530266
70.0,178.0,138.28472900390625,-2.086522085966583,2.6766218722481487,-4.908173232923059,-3.020851322053217,-2.509133252745072,0.8451036198581006,-0.099900213185718,3.972468773828485,-0.4489362848468409,1.3263203898164266
70.0,178.0,150.5499267578125,-2.11968739608623,1.755035030369485,-4.927208819748874,-3.0244678618957064,-2.0218319945465275,0.8106048132035997,-1.0135414794231097,3.9867357123238514,-0.4552261932641993,1.349251448476138
70.0,178.0,140.70806884765625,-2.1170765257260005,1.7786727018614492,-4.886691515714032,-3.0032452423189584,-2.490826029221292,0.8457199841861938,-0.5221104655596113,3.970749928697078,-0.4471574466552951,1.3225873864163096
70.0,178.0,140.30577087402344,-2.102244296409052,2.708965195838628,-4.940376373682993,-3.046223860585568,-2.47486529436854,0.8306365407684487,-0.1363652906972972,3.96739229195829,-0.448537862990504,1.3115915798321391
70.0,178.0,138.3366241455078,-2.1261242124852915,2.6949247146917177,-4.903933294231887,-3.00249665196588,-2.5014404923572786,0.8389971420734817,-0.1050238870161911,3.9616504217311608,-0.4508044146203747,1.3248938374897763
70.0,178.0,138.43130493164062,-2.135098774732249,2.643450119590193,-4.926136750036889,-3.0374424234117314,-2.507388012954797,0.8407789660863126,-0.1026233308753204,3.970663557485105,-0.4478931878829558,1.3256618470954646
70.0,178.0,140.52117919921875,-2.1272497769988306,1.774468940747441,-4.918171862643308,-3.039466282870276,-2.4890347571925453,0.8476899259151214,-0.521753245229758,3.96549093137469,-0.4572526271482879,1.3258236409937911
70.0,178.0,146.584716796875,-2.103115268970947,1.7773525520170366,-4.8991595252982325,-3.0347150506673737,-2.5711874065489764,0.8116258795517473,-1.035978714195854,3.971544582710554,-0.4467989748149475,1.6285298446205214
70.0,178.0,143.8277587890625,-2.1248830858866543,1.7802090878779313,-4.936753072080505,-3.0101865241049657,-1.9782824049959105,0.8420858723207358,-1.0500881416038224,3.96241728300316,-0.4534587791217112,1.321746580187323
70.0,178.0,139.66854858398438,-2.127234138180026,2.6624038469676,-4.931864845995195,-3.011156836297394,-2.5341234405368,0.8423435453787284,-0.1315816065777431,3.9658958160818383,-0.4488113229875432,1.322478891472932
70.0,178.0,138.2348175048828,-2.124153308589317,2.68965891250709,-4.917731485077325,-3.0320295053783326,-2.4915690251843428,0.8467442528956323,-0.117270585284069,3.961064245141978,-0.4503192027829105,1.3250156147447307
70.0,178.0,155.14508056640625,-2.144416528898283,1.7532622941419214,-4.910340166670732,-3.045212005694971,-1.9538792327145715,0.8337103093690844,-1.0439633387742353,3.904955445319976,-0.4075869564763927,0.7623833671535221
70.0,178.0,140.58787536621094,-2.1195343794311863,1.7739414720747098,-4.924618637607522,-3.031940156859683,-2.529142905056195,0.8435103435695624,-0.1337611689335374,3.973058904472408,-0.4488663263112497,1.3293848156199288
70.0,178.0,138.73117065429688,-2.127640141732096,2.637453885549264,-4.924235814530954,-3.031690957182956,-2.482275503493215,0.8455757420481668,-0.1009736155606419,3.9632533623076114,-0.4425297186483556,1.3241829071774391
70.0,178.0,157.8895721435547,-2.151116586352581,1.7765067177928218,-4.954217446239854,-3.688038395004858,-2.586077377730949,0.8144731752930827,-0.6122097261475492,3.624379146848815,-0.454328507982406,0.9702287003031408
70.0,178.0,160.38934326171875,-2.1239526524329047,1.7532778008160277,-4.793683137872873,-2.992665936417859,-3.0883299703921034,0.7444479414625762,-1.0498487622640318,3.959048847339001,-0.7967959506285662,0.7170082799296202
70.0,178.0,137.95419311523438,-2.127510486587058,2.6664213177803657,-4.925946181719729,-3.030718126183132,-2.502510773607647,0.8407793874387863,-0.1007815620198274,3.966536784186372,-0.4492824282483114,1.3246605835724932
70.0,178.0,155.30633544921875,-2.110355142561264,1.7355664246072802,-4.897661520156259,-3.0945963635771343,-3.0647722813398968,0.8256285834289196,-1.0204516952792135,4.389633871132414,-0.4667985076585941,0.7287559592886229
70.0,178.0,158.0673828125,-2.13478528945232,1.8441109636686763,-4.929363763692761,-3.1294766675918138,-3.0546509867568057,1.330469986782295,-1.0107985278553162,3.543151829295136,-0.4498499097984712,0.7093224768745058
70.0,178.0,151.25607299804688,-2.172037136009037,1.7295055121999343,-4.886813252907739,-3.044272093932116,-2.527211347557737,0.8736419156014977,-1.0803740810791176,4.326682419773425,-0.4568381444550614,1.020613823807618
70.0,178.0,165.35855102539062,-2.0411344005614884,1.8033887960812784,-4.990096883276585,-3.0271535952284765,-1.9850275875294443,0.7502007915430735,-1.0075749577924853,3.0752222344234887,-0.4467256416415724,1.0584411608503208
70.0,178.0,165.263427734375,-2.025108824505472,1.819420873531608,-4.880777358367313,-3.048511178555349,-3.076473591889685,0.724041054625411,-1.045823708623605,4.79798916193166,-0.408550783489008,0.6991762171530035
70.0,178.0,141.7088623046875,-2.136182520181268,2.6797593051430675,-4.926385935772864,-3.031462658516766,-2.504546861212768,0.8367459159976891,-0.1642234645335033,3.9697273371219577,-0.4495070390822624,1.3229882075523955
70.0,178.0,160.2692413330078,-1.055922459328694,1.7735920722761906,-4.937958133848109,-1.695201673496223,-3.064020344723154,0.8372423768827528,-1.0608401158966236,4.429729571994304,-0.4561175576200931,0.7202760905369371
70.0,179.0,157.60691833496094,-2.1221509371431435,1.8392303061078088,-4.902514539010984,-3.0864103908050646,-3.0538475418464337,0.8517324402109121,-1.0171489627324086,3.092931355225164,-0.4559853455206131,0.9824460715350812
70.0,179.0,161.15728759765625,-1.9534206856324816,1.7536378394229737,-4.890109816254475,-3.0956079319477503,-3.0662115030366284,0.8279698431872164,-1.019189610828445,4.304919778195342,-0.4515226464921155,0.7024576952550962
70.0,179.0,138.81558227539062,-2.1035466855289013,2.715736783165546,-4.932268324484618,-3.029418520771467,-2.501400425178074,0.8283768478180767,-0.1192423530852563,3.967684212377785,-0.4528869153958764,1.3239135036945473
70.0,179.0,139.5731658935547,-2.1198360300836963,2.689085994507524,-4.909377199846109,-3.030862694289888,-2.534973617837269,0.8475450179372452,-0.5385227267409995,3.974292005461645,-0.4513739637226254,1.3228814343240978
70.0,179.0,137.97036743164062,-2.1275247205366625,2.6705019787592805,-4.931734995802061,-3.033162434525355,-2.4950527689829785,0.8409758072775599,-0.1016827504360725,3.9667062837482048,-0.4510393112447435,1.3238564636323853
70.0,179.0,150.95826721191406,-2.1262525097823337,1.7737189882144293,-4.926724315985826,-3.0259742329384216,-2.437463469842107,1.4099652745982325,-1.0262765149084487,3.9233814230264574,-0.4512474950726279,1.609887845109697
70.0,179.0,156.08035278320312,-2.1580996450789263,1.728328627406782,-4.879695436337815,-3.0850529772078543,-3.06587044186364,0.8359929899162684,-1.015638048938622,3.5437633377229565,-0.4462973345896071,0.7233871726910266
70.0,179.0,145.83074951171875,-2.1182021524849444,1.8078905911135548,-4.935700425047287,-2.9794937688851824,-2.4827301949732017,0.8507230196630945,-1.052661683502819,3.970937820545013,-0.4537632926829645,1.6362450208066313
70.0,179.0,142.9798126220703,-2.1220829198845297,1.779816139448701,-4.916527573251591,-3.02469365005042,-2.497106128890054,0.8394429982048441,-1.0497138158275474,3.959478534814511,-0.4503832498699787,1.3264084915991838
70.0,179.0,138.84158325195312,-2.0989473448468945,2.650268155282398,-4.924923848138055,-3.019968432753285,-2.5114878344624443,0.8469491800414608,-0.1201647874032994,3.969452801683152,-0.4497416010313131,1.3161092077568268
70.0,179.0,138.126953125,-2.1272306233272644,2.690066396129517,-4.927198307750801,-3.032003746265965,-2.490070588514618,0.8422034147194823,-0.1131584858197553,3.965080573637964,-0.4503542826379362,1.3242440231654982
70.0,179.0,141.4348907470703,-2.127392196484114,2.6275854361135096,-4.925796428255456,-3.0745837077254774,-2.473600408569858,0.8093100346783364,-0.1234301175057547,3.98052121331044,-0.4524160752522125,1.325003703386787
70.0,179.0,139.1177978515625,-2.121924358678077,2.666080249734612,-4.918759838099927,-3.032773542817324,-2.490193648566313,0.8467825409558875,-0.5280131587354278,3.967725551798917,-0.4509176876331131,1.322280599399067
70.0,179.0,143.77976989746094,-2.090505492232815,1.7746837755457456,-4.927630124357569,-3.0560179816904194,-2.484891176152149,0.8273372251040916,-1.050737962835111,3.954398361079628,-0.4518568018256002,1.3213216143176292
70.0,179.0,177.90628051757812,-0.9480992037287066,1.6698462529856726,-4.92126265432442,-3.066282443454009,-3.048841576344093,1.9184003846581128,-1.029547548154336,4.407033002134062,-0.5675828178794807,0.7291447687456702
70.0,179.0,137.994140625,-2.123363694930094,2.6718528234035754,-4.925727839396432,-3.0295099493120228,-2.5127489972764616,0.8479444207628539,-0.1007678719260235,3.9653079262368935,-0.4491538672469425,1.3234804093222825
70.0,179.0,140.55001831054688,-2.122329315786468,1.802061285371577,-4.931716526883416,-3.0283693764857564,-2.486060058575672,0.8457611210177214,-0.5347108318649818,3.980144941527816,-0.4523532917964609,1.322373004556118
70.0,179.0,149.86083984375,-2.12290973532822,1.7678672280638843,-4.933681346827862,-3.0281690041240785,-2.4860633919118627,0.9010736490337464,-1.0043492977172703,4.342770552392945,-0.4457589969867184,1.2979840525979809
70.0,179.0,149.8558807373047,-2.1111044588044594,2.641686632673826,-4.929163837336221,-3.0199126791404143,-2.620657437733671,0.8422044171890584,-0.113757326940539,4.036803368312294,-0.4510087777343007,0.99886656482351
70.0,179.0,138.37705993652344,-2.122714904615392,2.670638671875961,-4.919153420636971,-3.031966039581508,-2.5160680906985378,0.846655034123982,-0.1112124613833414,3.97682799674141,-0.4506444637468742,1.3222653053134326
70.0,179.0,137.98666381835938,-2.127552189352708,2.6924666177669714,-4.925068879683336,-3.027944289175779,-2.4923308102572284,0.8469147077596197,-0.1033920736150634,3.971539601562205,-0.4492742079575614,1.3236334524418647
70.0,179.0,139.24049377441406,-2.122952978603168,2.70020178203428,-4.9094442719968265,-3.03447883586124,-2.4897371704606464,0.8453880164933214,-0.5275536671755963,3.970888576625884,-0.4506163248250027,1.3280531216495697
70.0,179.0,138.11854553222656,-2.1276983403872,2.67792067228441,-4.920591525994007,-3.035449001491869,-2.517153385805645,0.8326095132951419,-0.1014754676994715,3.966580508568944,-0.4493549393051587,1.324646151408241
70.0,179.0,153.1660919189453,-2.121447798556532,1.8336876551817392,-4.9380753146679925,-3.094233202647145,-3.0649950223856144,0.8354321701101891,-1.021508757068139,3.955010029302585,-0.4447028575291981,0.7080551592072115
70.0,179.0,142.1283721923828,-2.1192890279676746,1.7984264980446047,-4.92041992272411,-3.023637196291919,-2.4862630705474427,0.8392563093769569,-0.5088082330646075,3.99275164134204,-0.4506043871085918,1.3222941943722175
70.0,179.0,144.48789978027344,-2.141046964113209,1.771880474365917,-4.911381224157521,-3.040130457582591,-2.517262630056656,0.8055665997807893,-1.0369607176572375,3.977882256769657,-0.4549739669163189,1.3219810566530266
70.0,179.0,138.28472900390625,-2.086522085966583,2.6766218722481487,-4.908173232923059,-3.020851322053217,-2.509133252745072,0.8451036198581006,-0.099900213185718,3.972468773828485,-0.4489362848468409,1.3263203898164266
70.0,179.0,150.5499267578125,-2.11968739608623,1.755035030369485,-4.927208819748874,-3.0244678618957064,-2.0218319945465275,0.8106048132035997,-1.0135414794231097,3.9867357123238514,-0.4552261932641993,1.349251448476138
70.0,179.0,140.70806884765625,-2.1170765257260005,1.7786727018614492,-4.886691515714032,-3.0032452423189584,-2.490826029221292,0.8457199841861938,-0.5221104655596113,3.970749928697078,-0.4471574466552951,1.3225873864163096
70.0,179.0,140.30577087402344,-2.102244296409052,2.708965195838628,-4.940376373682993,-3.046223860585568,-2.47486529436854,0.8306365407684487,-0.1363652906972972,3.96739229195829,-0.448537862990504,1.3115915798321391
70.0,179.0,138.3366241455078,-2.1261242124852915,2.6949247146917177,-4.903933294231887,-3.00249665196588,-2.5014404923572786,0.8389971420734817,-0.1050238870161911,3.9616504217311608,-0.4508044146203747,1.3248938374897763
70.0,179.0,138.43130493164062,-2.135098774732249,2.643450119590193,-4.926136750036889,-3.0374424234117314,-2.507388012954797,0.8407789660863126,-0.1026233308753204,3.970663557485105,-0.4478931878829558,1.3256618470954646
70.0,179.0,140.52117919921875,-2.1272497769988306,1.774468940747441,-4.918171862643308,-3.039466282870276,-2.4890347571925453,0.8476899259151214,-0.521753245229758,3.96549093137469,-0.4572526271482879,1.3258236409937911
70.0,179.0,146.584716796875,-2.103115268970947,1.7773525520170366,-4.8991595252982325,-3.0347150506673737,-2.5711874065489764,0.8116258795517473,-1.035978714195854,3.971544582710554,-0.4467989748149475,1.6285298446205214
70.0,179.0,143.8277587890625,-2.1248830858866543,1.7802090878779313,-4.936753072080505,-3.0101865241049657,-1.9782824049959105,0.8420858723207358,-1.0500881416038224,3.96241728300316,-0.4534587791217112,1.321746580187323
70.0,179.0,139.66854858398438,-2.127234138180026,2.6624038469676,-4.931864845995195,-3.011156836297394,-2.5341234405368,0.8423435453787284,-0.1315816065777431,3.9658958160818383,-0.4488113229875432,1.322478891472932
70.0,179.0,138.2348175048828,-2.124153308589317,2.68965891250709,-4.917731485077325,-3.0320295053783326,-2.4915690251843428,0.8467442528956323,-0.117270585284069,3.961064245141978,-0.4503192027829105,1.3250156147447307
70.0,179.0,155.14508056640625,-2.144416528898283,1.7532622941419214,-4.910340166670732,-3.045212005694971,-1.9538792327145715,0.8337103093690844,-1.0439633387742353,3.904955445319976,-0.4075869564763927,0.7623833671535221
70.0,179.0,140.58787536621094,-2.1195343794311863,1.7739414720747098,-4.924618637607522,-3.031940156859683,-2.529142905056195,0.8435103435695624,-0.1337611689335374,3.973058904472408,-0.4488663263112497,1.3293848156199288
70.0,179.0,138.73117065429688,-2.127640141732096,2.637453885549264,-4.924235814530954,-3.031690957182956,-2.482275503493215,0.8455757420481668,-0.1009736155606419,3.9632533623076114,-0.4425297186483556,1.3241829071774391
70.0,179.0,157.8895721435547,-2.151116586352581,1.7765067177928218,-4.954217446239854,-3.688038395004858,-2.586077377730949,0.8144731752930827,-0.6122097261475492,3.624379146848815,-0.454328507982406,0.9702287003031408
70.0,179.0,160.38934326171875,-2.1239526524329047,1.7532778008160277,-4.793683137872873,-2.992665936417859,-3.0883299703921034,0.7444479414625762,-1.0498487622640318,3.959048847339001,-0.7967959506285662,0.7170082799296202
70.0,179.0,137.95419311523438,-2.127510486587058,2.6664213177803657,-4.925946181719729,-3.030718126183132,-2.502510773607647,0.8407793874387863,-0.1007815620198274,3.966536784186372,-0.4492824282483114,1.3246605835724932
70.0,179.0,155.30633544921875,-2.110355142561264,1.7355664246072802,-4.897661520156259,-3.0945963635771343,-3.0647722813398968,0.8256285834289196,-1.0204516952792135,4.389633871132414,-0.4667985076585941,0.7287559592886229
70.0,179.0,158.0673828125,-2.13478528945232,1.8441109636686763,-4.929363763692761,-3.1294766675918138,-3.0546509867568057,1.330469986782295,-1.0107985278553162,3.543151829295136,-0.4498499097984712,0.7093224768745058
70.0,179.0,151.25607299804688,-2.172037136009037,1.7295055121999343,-4.886813252907739,-3.044272093932116,-2.527211347557737,0.8736419156014977,-1.0803740810791176,4.326682419773425,-0.4568381444550614,1.020613823807618
70.0,179.0,165.35855102539062,-2.0411344005614884,1.8033887960812784,-4.990096883276585,-3.0271535952284765,-1.9850275875294443,0.7502007915430735,-1.0075749577924853,3.0752222344234887,-0.4467256416415724,1.0584411608503208
70.0,179.0,165.263427734375,-2.025108824505472,1.819420873531608,-4.880777358367313,-3.048511178555349,-3.076473591889685,0.724041054625411,-1.045823708623605,4.79798916193166,-0.408550783489008,0.6991762171530035
70.0,179.0,141.7088623046875,-2.136182520181268,2.6797593051430675,-4.926385935772864,-3.031462658516766,-2.504546861212768,0.8367459159976891,-0.1642234645335033,3.9697273371219577,-0.4495070390822624,1.3229882075523955
70.0,179.0,160.2692413330078,-1.055922459328694,1.7735920722761906,-4.937958133848109,-1.695201673496223,-3.064020344723154,0.8372423768827528,-1.0608401158966236,4.429729571994304,-0.4561175576200931,0.7202760905369371
70.0,180.0,157.60691833496094,-2.1221509371431435,1.8392303061078088,-4.902514539010984,-3.0864103908050646,-3.0538475418464337,0.8517324402109121,-1.0171489627324086,3.092931355225164,-0.4559853455206131,0.9824460715350812
70.0,180.0,161.15728759765625,-1.9534206856324816,1.7536378394229737,-4.890109816254475,-3.0956079319477503,-3.0662115030366284,0.8279698431872164,-1.019189610828445,4.304919778195342,-0.4515226464921155,0.7024576952550962
70.0,180.0,138.39222717285156,-2.147838915178415,2.675113046904345,-4.937499699694324,-3.029638422031006,-2.503180089247298,0.8360685317441606,-0.1155532561701419,3.965978411207661,-0.4489472440070116,1.325196645151914
70.0,180.0,139.5731658935547,-2.1198360300836963,2.689085994507524,-4.909377199846109,-3.030862694289888,-2.534973617837269,0.8475450179372452,-0.5385227267409995,3.974292005461645,-0.4513739637226254,1.3228814343240978
70.0,180.0,137.97036743164062,-2.1275247205366625,2.6705019787592805,-4.931734995802061,-3.033162434525355,-2.4950527689829785,0.8409758072775599,-0.1016827504360725,3.9667062837482048,-0.4510393112447435,1.3238564636323853
70.0,180.0,150.95826721191406,-2.1262525097823337,1.7737189882144293,-4.926724315985826,-3.0259742329384216,-2.437463469842107,1.4099652745982325,-1.0262765149084487,3.9233814230264574,-0.4512474950726279,1.609887845109697
70.0,180.0,156.08035278320312,-2.1580996450789263,1.728328627406782,-4.879695436337815,-3.0850529772078543,-3.06587044186364,0.8359929899162684,-1.015638048938622,3.5437633377229565,-0.4462973345896071,0.7233871726910266
70.0,180.0,145.83074951171875,-2.1182021524849444,1.8078905911135548,-4.935700425047287,-2.9794937688851824,-2.4827301949732017,0.8507230196630945,-1.052661683502819,3.970937820545013,-0.4537632926829645,1.6362450208066313
70.0,180.0,142.9798126220703,-2.1220829198845297,1.779816139448701,-4.916527573251591,-3.02469365005042,-2.497106128890054,0.8394429982048441,-1.0497138158275474,3.959478534814511,-0.4503832498699787,1.3264084915991838
70.0,180.0,138.84158325195312,-2.0989473448468945,2.650268155282398,-4.924923848138055,-3.019968432753285,-2.5114878344624443,0.8469491800414608,-0.1201647874032994,3.969452801683152,-0.4497416010313131,1.3161092077568268
70.0,180.0,138.126953125,-2.1272306233272644,2.690066396129517,-4.927198307750801,-3.032003746265965,-2.490070588514618,0.8422034147194823,-0.1131584858197553,3.965080573637964,-0.4503542826379362,1.3242440231654982
70.0,180.0,141.4348907470703,-2.127392196484114,2.6275854361135096,-4.925796428255456,-3.0745837077254774,-2.473600408569858,0.8093100346783364,-0.1234301175057547,3.98052121331044,-0.4524160752522125,1.325003703386787
70.0,180.0,139.1177978515625,-2.121924358678077,2.666080249734612,-4.918759838099927,-3.032773542817324,-2.490193648566313,0.8467825409558875,-0.5280131587354278,3.967725551798917,-0.4509176876331131,1.322280599399067
70.0,180.0,143.77976989746094,-2.090505492232815,1.7746837755457456,-4.927630124357569,-3.0560179816904194,-2.484891176152149,0.8273372251040916,-1.050737962835111,3.954398361079628,-0.4518568018256002,1.3213216143176292
70.0,180.0,177.90628051757812,-0.9480992037287066,1.6698462529856726,-4.92126265432442,-3.066282443454009,-3.048841576344093,1.9184003846581128,-1.029547548154336,4.407033002134062,-0.5675828178794807,0.7291447687456702
70.0,180.0,137.994140625,-2.123363694930094,2.6718528234035754,-4.925727839396432,-3.0295099493120228,-2.5127489972764616,0.8479444207628539,-0.1007678719260235,3.9653079262368935,-0.4491538672469425,1.3234804093222825
70.0,180.0,140.55001831054688,-2.122329315786468,1.802061285371577,-4.931716526883416,-3.0283693764857564,-2.486060058575672,0.8457611210177214,-0.5347108318649818,3.980144941527816,-0.4523532917964609,1.322373004556118
70.0,180.0,149.86083984375,-2.12290973532822,1.7678672280638843,-4.933681346827862,-3.0281690041240785,-2.4860633919118627,0.9010736490337464,-1.0043492977172703,4.342770552392945,-0.4457589969867184,1.2979840525979809
70.0,180.0,149.8558807373047,-2.1111044588044594,2.641686632673826,-4.929163837336221,-3.0199126791404143,-2.620657437733671,0.8422044171890584,-0.113757326940539,4.036803368312294,-0.4510087777343007,0.99886656482351
70.0,180.0,138.37705993652344,-2.122714904615392,2.670638671875961,-4.919153420636971,-3.031966039581508,-2.5160680906985378,0.846655034123982,-0.1112124613833414,3.97682799674141,-0.4506444637468742,1.3222653053134326
70.0,180.0,137.98666381835938,-2.127552189352708,2.6924666177669714,-4.925068879683336,-3.027944289175779,-2.4923308102572284,0.8469147077596197,-0.1033920736150634,3.971539601562205,-0.4492742079575614,1.3236334524418647
70.0,180.0,139.24049377441406,-2.122952978603168,2.70020178203428,-4.9094442719968265,-3.03447883586124,-2.4897371704606464,0.8453880164933214,-0.5275536671755963,3.970888576625884,-0.4506163248250027,1.3280531216495697
70.0,180.0,138.11854553222656,-2.1276983403872,2.67792067228441,-4.920591525994007,-3.035449001491869,-2.517153385805645,0.8326095132951419,-0.1014754676994715,3.966580508568944,-0.4493549393051587,1.324646151408241
70.0,180.0,153.1660919189453,-2.121447798556532,1.8336876551817392,-4.9380753146679925,-3.094233202647145,-3.0649950223856144,0.8354321701101891,-1.021508757068139,3.955010029302585,-0.4447028575291981,0.7080551592072115
70.0,180.0,142.1283721923828,-2.1192890279676746,1.7984264980446047,-4.92041992272411,-3.023637196291919,-2.4862630705474427,0.8392563093769569,-0.5088082330646075,3.99275164134204,-0.4506043871085918,1.3222941943722175
70.0,180.0,144.48789978027344,-2.141046964113209,1.771880474365917,-4.911381224157521,-3.040130457582591,-2.517262630056656,0.8055665997807893,-1.0369607176572375,3.977882256769657,-0.4549739669163189,1.3219810566530266
70.0,180.0,138.28472900390625,-2.086522085966583,2.6766218722481487,-4.908173232923059,-3.020851322053217,-2.509133252745072,0.8451036198581006,-0.099900213185718,3.972468773828485,-0.4489362848468409,1.3263203898164266
70.0,180.0,150.5499267578125,-2.11968739608623,1.755035030369485,-4.927208819748874,-3.0244678618957064,-2.0218319945465275,0.8106048132035997,-1.0135414794231097,3.9867357123238514,-0.4552261932641993,1.349251448476138
70.0,180.0,140.70806884765625,-2.1170765257260005,1.7786727018614492,-4.886691515714032,-3.0032452423189584,-2.490826029221292,0.8457199841861938,-0.5221104655596113,3.970749928697078,-0.4471574466552951,1.3225873864163096
70.0,180.0,140.30577087402344,-2.102244296409052,2.708965195838628,-4.940376373682993,-3.046223860585568,-2.47486529436854,0.8306365407684487,-0.1363652906972972,3.96739229195829,-0.448537862990504,1.3115915798321391
70.0,180.0,138.27711486816406,-2.123909508207779,2.666794267379713,-4.911753686253098,-3.004558533525287,-2.5039803224031285,0.8413279860575524,-0.1045344169051381,3.957611468830933,-0.4488931990139558,1.3246207220010708
70.0,180.0,138.2006378173828,-2.133764254692865,2.67020528012585,-4.925888393543506,-3.044154587717604,-2.5057266842308965,0.8414710792112908,-0.1020570676171104,3.9756614621055006,-0.4498191941527925,1.3244274222104588
70.0,180.0,140.52117919921875,-2.1272497769988306,1.774468940747441,-4.918171862643308,-3.039466282870276,-2.4890347571925453,0.8476899259151214,-0.521753245229758,3.96549093137469,-0.4572526271482879,1.3258236409937911
70.0,180.0,146.584716796875,-2.103115268970947,1.7773525520170366,-4.8991595252982325,-3.0347150506673737,-2.5711874065489764,0.8116258795517473,-1.035978714195854,3.971544582710554,-0.4467989748149475,1.6285298446205214
70.0,180.0,143.8277587890625,-2.1248830858866543,1.7802090878779313,-4.936753072080505,-3.0101865241049657,-1.9782824049959105,0.8420858723207358,-1.0500881416038224,3.96241728300316,-0.4534587791217112,1.321746580187323
70.0,180.0,139.66854858398438,-2.127234138180026,2.6624038469676,-4.931864845995195,-3.011156836297394,-2.5341234405368,0.8423435453787284,-0.1315816065777431,3.9658958160818383,-0.4488113229875432,1.322478891472932
70.0,180.0,138.2348175048828,-2.124153308589317,2.68965891250709,-4.917731485077325,-3.0320295053783326,-2.4915690251843428,0.8467442528956323,-0.117270585284069,3.961064245141978,-0.4503192027829105,1.3250156147447307
70.0,180.0,155.14508056640625,-2.144416528898283,1.7532622941419214,-4.910340166670732,-3.045212005694971,-1.9538792327145715,0.8337103093690844,-1.0439633387742353,3.904955445319976,-0.4075869564763927,0.7623833671535221
70.0,180.0,140.58787536621094,-2.1195343794311863,1.7739414720747098,-4.924618637607522,-3.031940156859683,-2.529142905056195,0.8435103435695624,-0.1337611689335374,3.973058904472408,-0.4488663263112497,1.3293848156199288
70.0,180.0,138.73117065429688,-2.127640141732096,2.637453885549264,-4.924235814530954,-3.031690957182956,-2.482275503493215,0.8455757420481668,-0.1009736155606419,3.9632533623076114,-0.4425297186483556,1.3241829071774391
70.0,180.0,157.8895721435547,-2.151116586352581,1.7765067177928218,-4.954217446239854,-3.688038395004858,-2.586077377730949,0.8144731752930827,-0.6122097261475492,3.624379146848815,-0.454328507982406,0.9702287003031408
70.0,180.0,160.38934326171875,-2.1239526524329047,1.7532778008160277,-4.793683137872873,-2.992665936417859,-3.0883299703921034,0.7444479414625762,-1.0498487622640318,3.959048847339001,-0.7967959506285662,0.7170082799296202
70.0,180.0,137.95419311523438,-2.127510486587058,2.6664213177803657,-4.925946181719729,-3.030718126183132,-2.502510773607647,0.8407793874387863,-0.1007815620198274,3.966536784186372,-0.4492824282483114,1.3246605835724932
70.0,180.0,155.30633544921875,-2.110355142561264,1.7355664246072802,-4.897661520156259,-3.0945963635771343,-3.0647722813398968,0.8256285834289196,-1.0204516952792135,4.389633871132414,-0.4667985076585941,0.7287559592886229
70.0,180.0,158.0673828125,-2.13478528945232,1.8441109636686763,-4.929363763692761,-3.1294766675918138,-3.0546509867568057,1.330469986782295,-1.0107985278553162,3.543151829295136,-0.4498499097984712,0.7093224768745058
70.0,180.0,151.25607299804688,-2.172037136009037,1.7295055121999343,-4.886813252907739,-3.044272093932116,-2.527211347557737,0.8736419156014977,-1.0803740810791176,4.326682419773425,-0.4568381444550614,1.020613823807618
70.0,180.0,165.35855102539062,-2.0411344005614884,1.8033887960812784,-4.990096883276585,-3.0271535952284765,-1.9850275875294443,0.7502007915430735,-1.0075749577924853,3.0752222344234887,-0.4467256416415724,1.0584411608503208
70.0,180.0,165.263427734375,-2.025108824505472,1.819420873531608,-4.880777358367313,-3.048511178555349,-3.076473591889685,0.724041054625411,-1.045823708623605,4.79798916193166,-0.408550783489008,0.6991762171530035
70.0,180.0,141.7088623046875,-2.136182520181268,2.6797593051430675,-4.926385935772864,-3.031462658516766,-2.504546861212768,0.8367459159976891,-0.1642234645335033,3.9697273371219577,-0.4495070390822624,1.3229882075523955
70.0,180.0,160.2692413330078,-1.055922459328694,1.7735920722761906,-4.937958133848109,-1.695201673496223,-3.064020344723154,0.8372423768827528,-1.0608401158966236,4.429729571994304,-0.4561175576200931,0.7202760905369371
70.0,181.0,157.60691833496094,-2.1221509371431435,1.8392303061078088,-4.902514539010984,-3.0864103908050646,-3.0538475418464337,0.8517324402109121,-1.0171489627324086,3.092931355225164,-0.4559853455206131,0.9824460715350812
70.0,181.0,161.15728759765625,-1.9534206856324816,1.7536378394229737,-4.890109816254475,-3.0956079319477503,-3.0662115030366284,0.8279698431872164,-1.019189610828445,4.304919778195342,-0.4515226464921155,0.7024576952550962
70.0,181.0,138.39222717285156,-2.147838915178415,2.675113046904345,-4.937499699694324,-3.029638422031006,-2.503180089247298,0.8360685317441606,-0.1155532561701419,3.965978411207661,-0.4489472440070116,1.325196645151914
70.0,181.0,139.5731658935547,-2.1198360300836963,2.689085994507524,-4.909377199846109,-3.030862694289888,-2.534973617837269,0.8475450179372452,-0.5385227267409995,3.974292005461645,-0.4513739637226254,1.3228814343240978
70.0,181.0,137.95872497558594,-2.127513223767592,2.6677032470786552,-4.933643695546789,-3.0306537928681063,-2.492937554258547,0.8415976703907944,-0.1019183312689692,3.966724003897793,-0.4476768922433805,1.3234244682635183
70.0,181.0,150.95826721191406,-2.1262525097823337,1.7737189882144293,-4.926724315985826,-3.0259742329384216,-2.437463469842107,1.4099652745982325,-1.0262765149084487,3.9233814230264574,-0.4512474950726279,1.609887845109697
70.0,181.0,156.08035278320312,-2.1580996450789263,1.728328627406782,-4.879695436337815,-3.0850529772078543,-3.06587044186364,0.8359929899162684,-1.015638048938622,3.5437633377229565,-0.4462973345896071,0.7233871726910266
70.0,181.0,145.83074951171875,-2.1182021524849444,1.8078905911135548,-4.935700425047287,-2.9794937688851824,-2.4827301949732017,0.8507230196630945,-1.052661683502819,3.970937820545013,-0.4537632926829645,1.6362450208066313
70.0,181.0,142.9798126220703,-2.1220829198845297,1.779816139448701,-4.916527573251591,-3.02469365005042,-2.497106128890054,0.8394429982048441,-1.0497138158275474,3.959478534814511,-0.4503832498699787,1.3264084915991838
70.0,181.0,138.84158325195312,-2.0989473448468945,2.650268155282398,-4.924923848138055,-3.019968432753285,-2.5114878344624443,0.8469491800414608,-0.1201647874032994,3.969452801683152,-0.4497416010313131,1.3161092077568268
70.0,181.0,138.126953125,-2.1272306233272644,2.690066396129517,-4.927198307750801,-3.032003746265965,-2.490070588514618,0.8422034147194823,-0.1131584858197553,3.965080573637964,-0.4503542826379362,1.3242440231654982
70.0,181.0,141.4348907470703,-2.127392196484114,2.6275854361135096,-4.925796428255456,-3.0745837077254774,-2.473600408569858,0.8093100346783364,-0.1234301175057547,3.98052121331044,-0.4524160752522125,1.325003703386787
70.0,181.0,139.1177978515625,-2.121924358678077,2.666080249734612,-4.918759838099927,-3.032773542817324,-2.490193648566313,0.8467825409558875,-0.5280131587354278,3.967725551798917,-0.4509176876331131,1.322280599399067
70.0,181.0,143.77976989746094,-2.090505492232815,1.7746837755457456,-4.927630124357569,-3.0560179816904194,-2.484891176152149,0.8273372251040916,-1.050737962835111,3.954398361079628,-0.4518568018256002,1.3213216143176292
70.0,181.0,177.90628051757812,-0.9480992037287066,1.6698462529856726,-4.92126265432442,-3.066282443454009,-3.048841576344093,1.9184003846581128,-1.029547548154336,4.407033002134062,-0.5675828178794807,0.7291447687456702
70.0,181.0,137.994140625,-2.123363694930094,2.6718528234035754,-4.925727839396432,-3.0295099493120228,-2.5127489972764616,0.8479444207628539,-0.1007678719260235,3.9653079262368935,-0.4491538672469425,1.3234804093222825
70.0,181.0,140.55001831054688,-2.122329315786468,1.802061285371577,-4.931716526883416,-3.0283693764857564,-2.486060058575672,0.8457611210177214,-0.5347108318649818,3.980144941527816,-0.4523532917964609,1.322373004556118
70.0,181.0,149.86083984375,-2.12290973532822,1.7678672280638843,-4.933681346827862,-3.0281690041240785,-2.4860633919118627,0.9010736490337464,-1.0043492977172703,4.342770552392945,-0.4457589969867184,1.2979840525979809
70.0,181.0,149.8558807373047,-2.1111044588044594,2.641686632673826,-4.929163837336221,-3.0199126791404143,-2.620657437733671,0.8422044171890584,-0.113757326940539,4.036803368312294,-0.4510087777343007,0.99886656482351
70.0,181.0,138.37705993652344,-2.122714904615392,2.670638671875961,-4.919153420636971,-3.031966039581508,-2.5160680906985378,0.846655034123982,-0.1112124613833414,3.97682799674141,-0.4506444637468742,1.3222653053134326
70.0,181.0,137.96743774414062,-2.1274250419588414,2.6668460564802303,-4.92573345146802,-3.031037946094062,-2.503047619697832,0.841644956755468,-0.103057373456699,3.964865232879644,-0.4493016004366686,1.3256390362037622
70.0,181.0,139.24049377441406,-2.122952978603168,2.70020178203428,-4.9094442719968265,-3.03447883586124,-2.4897371704606464,0.8453880164933214,-0.5275536671755963,3.970888576625884,-0.4506163248250027,1.3280531216495697
70.0,181.0,138.11854553222656,-2.1276983403872,2.67792067228441,-4.920591525994007,-3.035449001491869,-2.517153385805645,0.8326095132951419,-0.1014754676994715,3.966580508568944,-0.4493549393051587,1.324646151408241
70.0,181.0,153.1660919189453,-2.121447798556532,1.8336876551817392,-4.9380753146679925,-3.094233202647145,-3.0649950223856144,0.8354321701101891,-1.021508757068139,3.955010029302585,-0.4447028575291981,0.7080551592072115
70.0,181.0,142.1283721923828,-2.1192890279676746,1.7984264980446047,-4.92041992272411,-3.023637196291919,-2.4862630705474427,0.8392563093769569,-0.5088082330646075,3.99275164134204,-0.4506043871085918,1.3222941943722175
70.0,181.0,144.48789978027344,-2.141046964113209,1.771880474365917,-4.911381224157521,-3.040130457582591,-2.517262630056656,0.8055665997807893,-1.0369607176572375,3.977882256769657,-0.4549739669163189,1.3219810566530266
70.0,181.0,138.28472900390625,-2.086522085966583,2.6766218722481487,-4.908173232923059,-3.020851322053217,-2.509133252745072,0.8451036198581006,-0.099900213185718,3.972468773828485,-0.4489362848468409,1.3263203898164266
70.0,181.0,150.5499267578125,-2.11968739608623,1.755035030369485,-4.927208819748874,-3.0244678618957064,-2.0218319945465275,0.8106048132035997,-1.0135414794231097,3.9867357123238514,-0.4552261932641993,1.349251448476138
70.0,181.0,140.70806884765625,-2.1170765257260005,1.7786727018614492,-4.886691515714032,-3.0032452423189584,-2.490826029221292,0.8457199841861938,-0.5221104655596113,3.970749928697078,-0.4471574466552951,1.3225873864163096
70.0,181.0,138.91697692871094,-2.171069523432344,2.7008255085143333,-4.917366450886192,-3.026875164034515,-2.468636098468439,0.8367328874352976,-0.1012739458087827,3.9669668734672334,-0.4499516970416585,1.3173893864274326
70.0,181.0,138.1332244873047,-2.1256378786875136,2.68005788288974,-4.926336435611157,-3.005587951077829,-2.504117869027776,0.8415652826284316,-0.1021966648332257,3.96041201494966,-0.4488349782283978,1.324638131182419
70.0,181.0,138.2006378173828,-2.133764254692865,2.67020528012585,-4.925888393543506,-3.044154587717604,-2.5057266842308965,0.8414710792112908,-0.1020570676171104,3.9756614621055006,-0.4498191941527925,1.3244274222104588
70.0,181.0,140.52117919921875,-2.1272497769988306,1.774468940747441,-4.918171862643308,-3.039466282870276,-2.4890347571925453,0.8476899259151214,-0.521753245229758,3.96549093137469,-0.4572526271482879,1.3258236409937911
70.0,181.0,146.584716796875,-2.103115268970947,1.7773525520170366,-4.8991595252982325,-3.0347150506673737,-2.5711874065489764,0.8116258795517473,-1.035978714195854,3.971544582710554,-0.4467989748149475,1.6285298446205214
70.0,181.0,143.8277587890625,-2.1248830858866543,1.7802090878779313,-4.936753072080505,-3.0101865241049657,-1.9782824049959105,0.8420858723207358,-1.0500881416038224,3.96241728300316,-0.4534587791217112,1.321746580187323
70.0,181.0,139.66854858398438,-2.127234138180026,2.6624038469676,-4.931864845995195,-3.011156836297394,-2.5341234405368,0.8423435453787284,-0.1315816065777431,3.9658958160818383,-0.4488113229875432,1.322478891472932
70.0,181.0,138.2348175048828,-2.124153308589317,2.68965891250709,-4.917731485077325,-3.0320295053783326,-2.4915690251843428,0.8467442528956323,-0.117270585284069,3.961064245141978,-0.4503192027829105,1.3250156147447307
70.0,181.0,155.14508056640625,-2.144416528898283,1.7532622941419214,-4.910340166670732,-3.045212005694971,-1.9538792327145715,0.8337103093690844,-1.0439633387742353,3.904955445319976,-0.4075869564763927,0.7623833671535221
70.0,181.0,140.58787536621094,-2.1195343794311863,1.7739414720747098,-4.924618637607522,-3.031940156859683,-2.529142905056195,0.8435103435695624,-0.1337611689335374,3.973058904472408,-0.4488663263112497,1.3293848156199288
70.0,181.0,138.73117065429688,-2.127640141732096,2.637453885549264,-4.924235814530954,-3.031690957182956,-2.482275503493215,0.8455757420481668,-0.1009736155606419,3.9632533623076114,-0.4425297186483556,1.3241829071774391
70.0,181.0,157.8895721435547,-2.151116586352581,1.7765067177928218,-4.954217446239854,-3.688038395004858,-2.586077377730949,0.8144731752930827,-0.6122097261475492,3.624379146848815,-0.454328507982406,0.9702287003031408
70.0,181.0,160.38934326171875,-2.1239526524329047,1.7532778008160277,-4.793683137872873,-2.992665936417859,-3.0883299703921034,0.7444479414625762,-1.0498487622640318,3.959048847339001,-0.7967959506285662,0.7170082799296202
70.0,181.0,137.95419311523438,-2.127510486587058,2.6664213177803657,-4.925946181719729,-3.030718126183132,-2.502510773607647,0.8407793874387863,-0.1007815620198274,3.966536784186372,-0.4492824282483114,1.3246605835724932
70.0,181.0,155.30633544921875,-2.110355142561264,1.7355664246072802,-4.897661520156259,-3.0945963635771343,-3.0647722813398968,0.8256285834289196,-1.0204516952792135,4.389633871132414,-0.4667985076585941,0.7287559592886229
70.0,181.0,158.0673828125,-2.13478528945232,1.8441109636686763,-4.929363763692761,-3.1294766675918138,-3.0546509867568057,1.330469986782295,-1.0107985278553162,3.543151829295136,-0.4498499097984712,0.7093224768745058
70.0,181.0,151.25607299804688,-2.172037136009037,1.7295055121999343,-4.886813252907739,-3.044272093932116,-2.527211347557737,0.8736419156014977,-1.0803740810791176,4.326682419773425,-0.4568381444550614,1.020613823807618
70.0,181.0,165.35855102539062,-2.0411344005614884,1.8033887960812784,-4.990096883276585,-3.0271535952284765,-1.9850275875294443,0.7502007915430735,-1.0075749577924853,3.0752222344234887,-0.4467256416415724,1.0584411608503208
70.0,181.0,165.263427734375,-2.025108824505472,1.819420873531608,-4.880777358367313,-3.048511178555349,-3.076473591889685,0.724041054625411,-1.045823708623605,4.79798916193166,-0.408550783489008,0.6991762171530035
70.0,181.0,139.27032470703125,-2.133569493998931,2.682788083278456,-4.926072157374405,-3.0315640945137288,-2.504630231297893,0.8383390202341009,-0.055479691590501,3.9661007608950354,-0.4495616014565786,1.3315753422516536
70.0,181.0,160.2692413330078,-1.055922459328694,1.7735920722761906,-4.937958133848109,-1.695201673496223,-3.064020344723154,0.8372423768827528,-1.0608401158966236,4.429729571994304,-0.4561175576200931,0.7202760905369371
70.0,182.0,157.60691833496094,-2.1221509371431435,1.8392303061078088,-4.902514539010984,-3.0864103908050646,-3.0538475418464337,0.8517324402109121,-1.0171489627324086,3.092931355225164,-0.4559853455206131,0.9824460715350812
70.0,182.0,161.15728759765625,-1.9534206856324816,1.7536378394229737,-4.890109816254475,-3.0956079319477503,-3.0662115030366284,0.8279698431872164,-1.019189610828445,4.304919778195342,-0.4515226464921155,0.7024576952550962
70.0,182.0,138.0315704345703,-2.1474247688701107,2.677302282586458,-4.914863391332868,-3.0288024033230863,-2.502583854505382,0.8405171994925105,-0.1051390752923731,3.966510736847757,-0.4480887652181722,1.3240836463129646
70.0,182.0,139.5731658935547,-2.1198360300836963,2.689085994507524,-4.909377199846109,-3.030862694289888,-2.534973617837269,0.8475450179372452,-0.5385227267409995,3.974292005461645,-0.4513739637226254,1.3228814343240978
70.0,182.0,137.95872497558594,-2.127513223767592,2.6677032470786552,-4.933643695546789,-3.0306537928681063,-2.492937554258547,0.8415976703907944,-0.1019183312689692,3.966724003897793,-0.4476768922433805,1.3234244682635183
70.0,182.0,150.95826721191406,-2.1262525097823337,1.7737189882144293,-4.926724315985826,-3.0259742329384216,-2.437463469842107,1.4099652745982325,-1.0262765149084487,3.9233814230264574,-0.4512474950726279,1.609887845109697
70.0,182.0,156.08035278320312,-2.1580996450789263,1.728328627406782,-4.879695436337815,-3.0850529772078543,-3.06587044186364,0.8359929899162684,-1.015638048938622,3.5437633377229565,-0.4462973345896071,0.7233871726910266
70.0,182.0,145.83074951171875,-2.1182021524849444,1.8078905911135548,-4.935700425047287,-2.9794937688851824,-2.4827301949732017,0.8507230196630945,-1.052661683502819,3.970937820545013,-0.4537632926829645,1.6362450208066313
70.0,182.0,142.9798126220703,-2.1220829198845297,1.779816139448701,-4.916527573251591,-3.02469365005042,-2.497106128890054,0.8394429982048441,-1.0497138158275474,3.959478534814511,-0.4503832498699787,1.3264084915991838
70.0,182.0,138.84158325195312,-2.0989473448468945,2.650268155282398,-4.924923848138055,-3.019968432753285,-2.5114878344624443,0.8469491800414608,-0.1201647874032994,3.969452801683152,-0.4497416010313131,1.3161092077568268
70.0,182.0,138.126953125,-2.1272306233272644,2.690066396129517,-4.927198307750801,-3.032003746265965,-2.490070588514618,0.8422034147194823,-0.1131584858197553,3.965080573637964,-0.4503542826379362,1.3242440231654982
70.0,182.0,141.4348907470703,-2.127392196484114,2.6275854361135096,-4.925796428255456,-3.0745837077254774,-2.473600408569858,0.8093100346783364,-0.1234301175057547,3.98052121331044,-0.4524160752522125,1.325003703386787
70.0,182.0,139.1177978515625,-2.121924358678077,2.666080249734612,-4.918759838099927,-3.032773542817324,-2.490193648566313,0.8467825409558875,-0.5280131587354278,3.967725551798917,-0.4509176876331131,1.322280599399067
70.0,182.0,143.77976989746094,-2.090505492232815,1.7746837755457456,-4.927630124357569,-3.0560179816904194,-2.484891176152149,0.8273372251040916,-1.050737962835111,3.954398361079628,-0.4518568018256002,1.3213216143176292
70.0,182.0,177.90628051757812,-0.9480992037287066,1.6698462529856726,-4.92126265432442,-3.066282443454009,-3.048841576344093,1.9184003846581128,-1.029547548154336,4.407033002134062,-0.5675828178794807,0.7291447687456702
70.0,182.0,137.994140625,-2.123363694930094,2.6718528234035754,-4.925727839396432,-3.0295099493120228,-2.5127489972764616,0.8479444207628539,-0.1007678719260235,3.9653079262368935,-0.4491538672469425,1.3234804093222825
70.0,182.0,140.55001831054688,-2.122329315786468,1.802061285371577,-4.931716526883416,-3.0283693764857564,-2.486060058575672,0.8457611210177214,-0.5347108318649818,3.980144941527816,-0.4523532917964609,1.322373004556118
70.0,182.0,149.86083984375,-2.12290973532822,1.7678672280638843,-4.933681346827862,-3.0281690041240785,-2.4860633919118627,0.9010736490337464,-1.0043492977172703,4.342770552392945,-0.4457589969867184,1.2979840525979809
70.0,182.0,149.8558807373047,-2.1111044588044594,2.641686632673826,-4.929163837336221,-3.0199126791404143,-2.620657437733671,0.8422044171890584,-0.113757326940539,4.036803368312294,-0.4510087777343007,0.99886656482351
70.0,182.0,138.37705993652344,-2.122714904615392,2.670638671875961,-4.919153420636971,-3.031966039581508,-2.5160680906985378,0.846655034123982,-0.1112124613833414,3.97682799674141,-0.4506444637468742,1.3222653053134326
70.0,182.0,137.96743774414062,-2.1274250419588414,2.6668460564802303,-4.92573345146802,-3.031037946094062,-2.503047619697832,0.841644956755468,-0.103057373456699,3.964865232879644,-0.4493016004366686,1.3256390362037622
70.0,182.0,139.24049377441406,-2.122952978603168,2.70020178203428,-4.9094442719968265,-3.03447883586124,-2.4897371704606464,0.8453880164933214,-0.5275536671755963,3.970888576625884,-0.4506163248250027,1.3280531216495697
70.0,182.0,138.11854553222656,-2.1276983403872,2.67792067228441,-4.920591525994007,-3.035449001491869,-2.517153385805645,0.8326095132951419,-0.1014754676994715,3.966580508568944,-0.4493549393051587,1.324646151408241
70.0,182.0,153.1660919189453,-2.121447798556532,1.8336876551817392,-4.9380753146679925,-3.094233202647145,-3.0649950223856144,0.8354321701101891,-1.021508757068139,3.955010029302585,-0.4447028575291981,0.7080551592072115
70.0,182.0,142.1283721923828,-2.1192890279676746,1.7984264980446047,-4.92041992272411,-3.023637196291919,-2.4862630705474427,0.8392563093769569,-0.5088082330646075,3.99275164134204,-0.4506043871085918,1.3222941943722175
70.0,182.0,144.48789978027344,-2.141046964113209,1.771880474365917,-4.911381224157521,-3.040130457582591,-2.517262630056656,0.8055665997807893,-1.0369607176572375,3.977882256769657,-0.4549739669163189,1.3219810566530266
70.0,182.0,138.1376495361328,-2.093674863254513,2.687295285369588,-4.9165679874917565,-3.014467045526267,-2.5021193670530675,0.8505242042556823,-0.0998397635762971,3.967378266528038,-0.448983503378925,1.3238041688798263
70.0,182.0,150.5499267578125,-2.11968739608623,1.755035030369485,-4.927208819748874,-3.0244678618957064,-2.0218319945465275,0.8106048132035997,-1.0135414794231097,3.9867357123238514,-0.4552261932641993,1.349251448476138
70.0,182.0,140.70806884765625,-2.1170765257260005,1.7786727018614492,-4.886691515714032,-3.0032452423189584,-2.490826029221292,0.8457199841861938,-0.5221104655596113,3.970749928697078,-0.4471574466552951,1.3225873864163096
70.0,182.0,138.91697692871094,-2.171069523432344,2.7008255085143333,-4.917366450886192,-3.026875164034515,-2.468636098468439,0.8367328874352976,-0.1012739458087827,3.9669668734672334,-0.4499516970416585,1.3173893864274326
70.0,182.0,138.0901641845703,-2.1290416865907504,2.660843728847508,-4.931485719950856,-3.0374971840818787,-2.503907272300453,0.8402391229328586,-0.1003047409124074,3.9709437379799377,-0.4492163974149585,1.3246668735252232
70.0,182.0,138.2006378173828,-2.133764254692865,2.67020528012585,-4.925888393543506,-3.044154587717604,-2.5057266842308965,0.8414710792112908,-0.1020570676171104,3.9756614621055006,-0.4498191941527925,1.3244274222104588
70.0,182.0,140.52117919921875,-2.1272497769988306,1.774468940747441,-4.918171862643308,-3.039466282870276,-2.4890347571925453,0.8476899259151214,-0.521753245229758,3.96549093137469,-0.4572526271482879,1.3258236409937911
70.0,182.0,146.584716796875,-2.103115268970947,1.7773525520170366,-4.8991595252982325,-3.0347150506673737,-2.5711874065489764,0.8116258795517473,-1.035978714195854,3.971544582710554,-0.4467989748149475,1.6285298446205214
70.0,182.0,143.8277587890625,-2.1248830858866543,1.7802090878779313,-4.936753072080505,-3.0101865241049657,-1.9782824049959105,0.8420858723207358,-1.0500881416038224,3.96241728300316,-0.4534587791217112,1.321746580187323
70.0,182.0,139.66854858398438,-2.127234138180026,2.6624038469676,-4.931864845995195,-3.011156836297394,-2.5341234405368,0.8423435453787284,-0.1315816065777431,3.9658958160818383,-0.4488113229875432,1.322478891472932
70.0,182.0,138.2348175048828,-2.124153308589317,2.68965891250709,-4.917731485077325,-3.0320295053783326,-2.4915690251843428,0.8467442528956323,-0.117270585284069,3.961064245141978,-0.4503192027829105,1.3250156147447307
70.0,182.0,155.14508056640625,-2.144416528898283,1.7532622941419214,-4.910340166670732,-3.045212005694971,-1.9538792327145715,0.8337103093690844,-1.0439633387742353,3.904955445319976,-0.4075869564763927,0.7623833671535221
70.0,182.0,140.58787536621094,-2.1195343794311863,1.7739414720747098,-4.924618637607522,-3.031940156859683,-2.529142905056195,0.8435103435695624,-0.1337611689335374,3.973058904472408,-0.4488663263112497,1.3293848156199288
70.0,182.0,138.73117065429688,-2.127640141732096,2.637453885549264,-4.924235814530954,-3.031690957182956,-2.482275503493215,0.8455757420481668,-0.1009736155606419,3.9632533623076114,-0.4425297186483556,1.3241829071774391
70.0,182.0,157.8895721435547,-2.151116586352581,1.7765067177928218,-4.954217446239854,-3.688038395004858,-2.586077377730949,0.8144731752930827,-0.6122097261475492,3.624379146848815,-0.454328507982406,0.9702287003031408
70.0,182.0,160.38934326171875,-2.1239526524329047,1.7532778008160277,-4.793683137872873,-2.992665936417859,-3.0883299703921034,0.7444479414625762,-1.0498487622640318,3.959048847339001,-0.7967959506285662,0.7170082799296202
70.0,182.0,137.95419311523438,-2.127510486587058,2.6664213177803657,-4.925946181719729,-3.030718126183132,-2.502510773607647,0.8407793874387863,-0.1007815620198274,3.966536784186372,-0.4492824282483114,1.3246605835724932
70.0,182.0,155.30633544921875,-2.110355142561264,1.7355664246072802,-4.897661520156259,-3.0945963635771343,-3.0647722813398968,0.8256285834289196,-1.0204516952792135,4.389633871132414,-0.4667985076585941,0.7287559592886229
70.0,182.0,158.0673828125,-2.13478528945232,1.8441109636686763,-4.929363763692761,-3.1294766675918138,-3.0546509867568057,1.330469986782295,-1.0107985278553162,3.543151829295136,-0.4498499097984712,0.7093224768745058
70.0,182.0,151.25607299804688,-2.172037136009037,1.7295055121999343,-4.886813252907739,-3.044272093932116,-2.527211347557737,0.8736419156014977,-1.0803740810791176,4.326682419773425,-0.4568381444550614,1.020613823807618
70.0,182.0,165.35855102539062,-2.0411344005614884,1.8033887960812784,-4.990096883276585,-3.0271535952284765,-1.9850275875294443,0.7502007915430735,-1.0075749577924853,3.0752222344234887,-0.4467256416415724,1.0584411608503208
70.0,182.0,165.263427734375,-2.025108824505472,1.819420873531608,-4.880777358367313,-3.048511178555349,-3.076473591889685,0.724041054625411,-1.045823708623605,4.79798916193166,-0.408550783489008,0.6991762171530035
70.0,182.0,139.27032470703125,-2.133569493998931,2.682788083278456,-4.926072157374405,-3.0315640945137288,-2.504630231297893,0.8383390202341009,-0.055479691590501,3.9661007608950354,-0.4495616014565786,1.3315753422516536
70.0,182.0,160.2692413330078,-1.055922459328694,1.7735920722761906,-4.937958133848109,-1.695201673496223,-3.064020344723154,0.8372423768827528,-1.0608401158966236,4.429729571994304,-0.4561175576200931,0.7202760905369371
70.0,183.0,157.60691833496094,-2.1221509371431435,1.8392303061078088,-4.902514539010984,-3.0864103908050646,-3.0538475418464337,0.8517324402109121,-1.0171489627324086,3.092931355225164,-0.4559853455206131,0.9824460715350812
70.0,183.0,161.15728759765625,-1.9534206856324816,1.7536378394229737,-4.890109816254475,-3.0956079319477503,-3.0662115030366284,0.8279698431872164,-1.019189610828445,4.304919778195342,-0.4515226464921155,0.7024576952550962
70.0,183.0,138.0315704345703,-2.1474247688701107,2.677302282586458,-4.914863391332868,-3.0288024033230863,-2.502583854505382,0.8405171994925105,-0.1051390752923731,3.966510736847757,-0.4480887652181722,1.3240836463129646
70.0,183.0,139.5731658935547,-2.1198360300836963,2.689085994507524,-4.909377199846109,-3.030862694289888,-2.534973617837269,0.8475450179372452,-0.5385227267409995,3.974292005461645,-0.4513739637226254,1.3228814343240978
70.0,183.0,137.95872497558594,-2.127513223767592,2.6677032470786552,-4.933643695546789,-3.0306537928681063,-2.492937554258547,0.8415976703907944,-0.1019183312689692,3.966724003897793,-0.4476768922433805,1.3234244682635183
70.0,183.0,150.95826721191406,-2.1262525097823337,1.7737189882144293,-4.926724315985826,-3.0259742329384216,-2.437463469842107,1.4099652745982325,-1.0262765149084487,3.9233814230264574,-0.4512474950726279,1.609887845109697
70.0,183.0,156.08035278320312,-2.1580996450789263,1.728328627406782,-4.879695436337815,-3.0850529772078543,-3.06587044186364,0.8359929899162684,-1.015638048938622,3.5437633377229565,-0.4462973345896071,0.7233871726910266
70.0,183.0,145.83074951171875,-2.1182021524849444,1.8078905911135548,-4.935700425047287,-2.9794937688851824,-2.4827301949732017,0.8507230196630945,-1.052661683502819,3.970937820545013,-0.4537632926829645,1.6362450208066313
70.0,183.0,142.9798126220703,-2.1220829198845297,1.779816139448701,-4.916527573251591,-3.02469365005042,-2.497106128890054,0.8394429982048441,-1.0497138158275474,3.959478534814511,-0.4503832498699787,1.3264084915991838
70.0,183.0,138.84158325195312,-2.0989473448468945,2.650268155282398,-4.924923848138055,-3.019968432753285,-2.5114878344624443,0.8469491800414608,-0.1201647874032994,3.969452801683152,-0.4497416010313131,1.3161092077568268
70.0,183.0,138.126953125,-2.1272306233272644,2.690066396129517,-4.927198307750801,-3.032003746265965,-2.490070588514618,0.8422034147194823,-0.1131584858197553,3.965080573637964,-0.4503542826379362,1.3242440231654982
70.0,183.0,141.4348907470703,-2.127392196484114,2.6275854361135096,-4.925796428255456,-3.0745837077254774,-2.473600408569858,0.8093100346783364,-0.1234301175057547,3.98052121331044,-0.4524160752522125,1.325003703386787
70.0,183.0,139.1177978515625,-2.121924358678077,2.666080249734612,-4.918759838099927,-3.032773542817324,-2.490193648566313,0.8467825409558875,-0.5280131587354278,3.967725551798917,-0.4509176876331131,1.322280599399067
70.0,183.0,143.77976989746094,-2.090505492232815,1.7746837755457456,-4.927630124357569,-3.0560179816904194,-2.484891176152149,0.8273372251040916,-1.050737962835111,3.954398361079628,-0.4518568018256002,1.3213216143176292
70.0,183.0,177.90628051757812,-0.9480992037287066,1.6698462529856726,-4.92126265432442,-3.066282443454009,-3.048841576344093,1.9184003846581128,-1.029547548154336,4.407033002134062,-0.5675828178794807,0.7291447687456702
70.0,183.0,137.89988708496094,-2.119208796704933,2.6730189871682186,-4.9260447995587535,-3.028692131400773,-2.504138027440419,0.8447126133672029,-0.1007716791813029,3.9657354327469454,-0.4491045897008422,1.3211908600311
70.0,183.0,140.55001831054688,-2.122329315786468,1.802061285371577,-4.931716526883416,-3.0283693764857564,-2.486060058575672,0.8457611210177214,-0.5347108318649818,3.980144941527816,-0.4523532917964609,1.322373004556118
70.0,183.0,149.86083984375,-2.12290973532822,1.7678672280638843,-4.933681346827862,-3.0281690041240785,-2.4860633919118627,0.9010736490337464,-1.0043492977172703,4.342770552392945,-0.4457589969867184,1.2979840525979809
70.0,183.0,149.8558807373047,-2.1111044588044594,2.641686632673826,-4.929163837336221,-3.0199126791404143,-2.620657437733671,0.8422044171890584,-0.113757326940539,4.036803368312294,-0.4510087777343007,0.99886656482351
70.0,183.0,138.37705993652344,-2.122714904615392,2.670638671875961,-4.919153420636971,-3.031966039581508,-2.5160680906985378,0.846655034123982,-0.1112124613833414,3.97682799674141,-0.4506444637468742,1.3222653053134326
70.0,183.0,137.9309539794922,-2.127484682894699,2.668876771099447,-4.925773782579125,-3.030763194769192,-2.503371061461359,0.8445621994998258,-0.1010689157074205,3.9657094722831134,-0.4492948648184128,1.323977305625993
70.0,183.0,139.24049377441406,-2.122952978603168,2.70020178203428,-4.9094442719968265,-3.03447883586124,-2.4897371704606464,0.8453880164933214,-0.5275536671755963,3.970888576625884,-0.4506163248250027,1.3280531216495697
70.0,183.0,138.08831787109375,-2.127775966876931,2.676265381476062,-4.919604917629497,-3.014998551828624,-2.5082283512260632,0.8317899429388665,-0.0992686367003852,3.966587068350548,-0.449173560835139,1.3241636602922866
70.0,183.0,153.1660919189453,-2.121447798556532,1.8336876551817392,-4.9380753146679925,-3.094233202647145,-3.0649950223856144,0.8354321701101891,-1.021508757068139,3.955010029302585,-0.4447028575291981,0.7080551592072115
70.0,183.0,142.1283721923828,-2.1192890279676746,1.7984264980446047,-4.92041992272411,-3.023637196291919,-2.4862630705474427,0.8392563093769569,-0.5088082330646075,3.99275164134204,-0.4506043871085918,1.3222941943722175
70.0,183.0,144.48789978027344,-2.141046964113209,1.771880474365917,-4.911381224157521,-3.040130457582591,-2.517262630056656,0.8055665997807893,-1.0369607176572375,3.977882256769657,-0.4549739669163189,1.3219810566530266
70.0,183.0,138.0596923828125,-2.095428375899516,2.6852687142547005,-4.933425347174169,-3.0339323844483976,-2.501450741124599,0.8441375683432698,-0.101441478953811,3.9583072007839335,-0.4489641240671632,1.323293328354065
70.0,183.0,150.5499267578125,-2.11968739608623,1.755035030369485,-4.927208819748874,-3.0244678618957064,-2.0218319945465275,0.8106048132035997,-1.0135414794231097,3.9867357123238514,-0.4552261932641993,1.349251448476138
70.0,183.0,140.70806884765625,-2.1170765257260005,1.7786727018614492,-4.886691515714032,-3.0032452423189584,-2.490826029221292,0.8457199841861938,-0.5221104655596113,3.970749928697078,-0.4471574466552951,1.3225873864163096
70.0,183.0,138.91697692871094,-2.171069523432344,2.7008255085143333,-4.917366450886192,-3.026875164034515,-2.468636098468439,0.8367328874352976,-0.1012739458087827,3.9669668734672334,-0.4499516970416585,1.3173893864274326
70.0,183.0,138.05027770996094,-2.1278295886961462,2.6653155847196643,-4.924384171012676,-3.036102574439508,-2.502730229401602,0.840877641755528,-0.0997030732040484,3.972275655414814,-0.4494502284395207,1.3246690859052168
70.0,183.0,138.2006378173828,-2.133764254692865,2.67020528012585,-4.925888393543506,-3.044154587717604,-2.5057266842308965,0.8414710792112908,-0.1020570676171104,3.9756614621055006,-0.4498191941527925,1.3244274222104588
70.0,183.0,140.52117919921875,-2.1272497769988306,1.774468940747441,-4.918171862643308,-3.039466282870276,-2.4890347571925453,0.8476899259151214,-0.521753245229758,3.96549093137469,-0.4572526271482879,1.3258236409937911
70.0,183.0,146.584716796875,-2.103115268970947,1.7773525520170366,-4.8991595252982325,-3.0347150506673737,-2.5711874065489764,0.8116258795517473,-1.035978714195854,3.971544582710554,-0.4467989748149475,1.6285298446205214
70.0,183.0,139.49063110351562,-2.127036784137281,2.6864341888011003,-4.922580773522917,-3.0061126931140665,-1.94209301285814,0.8409841124852037,-0.5625834980067171,3.962763002701845,-0.4500653814960387,1.3055394714877115
70.0,183.0,139.66854858398438,-2.127234138180026,2.6624038469676,-4.931864845995195,-3.011156836297394,-2.5341234405368,0.8423435453787284,-0.1315816065777431,3.9658958160818383,-0.4488113229875432,1.322478891472932
70.0,183.0,138.2348175048828,-2.124153308589317,2.68965891250709,-4.917731485077325,-3.0320295053783326,-2.4915690251843428,0.8467442528956323,-0.117270585284069,3.961064245141978,-0.4503192027829105,1.3250156147447307
70.0,183.0,155.14508056640625,-2.144416528898283,1.7532622941419214,-4.910340166670732,-3.045212005694971,-1.9538792327145715,0.8337103093690844,-1.0439633387742353,3.904955445319976,-0.4075869564763927,0.7623833671535221
70.0,183.0,140.58787536621094,-2.1195343794311863,1.7739414720747098,-4.924618637607522,-3.031940156859683,-2.529142905056195,0.8435103435695624,-0.1337611689335374,3.973058904472408,-0.4488663263112497,1.3293848156199288
70.0,183.0,138.62855529785156,-2.127725731475798,2.6705933487031244,-4.925557657659667,-3.030567403733977,-2.527922577728063,0.8414312909769314,-0.0996352969382821,3.9654736415388303,-0.4594233107152916,1.3243955782994647
70.0,183.0,157.8895721435547,-2.151116586352581,1.7765067177928218,-4.954217446239854,-3.688038395004858,-2.586077377730949,0.8144731752930827,-0.6122097261475492,3.624379146848815,-0.454328507982406,0.9702287003031408
70.0,183.0,160.38934326171875,-2.1239526524329047,1.7532778008160277,-4.793683137872873,-2.992665936417859,-3.0883299703921034,0.7444479414625762,-1.0498487622640318,3.959048847339001,-0.7967959506285662,0.7170082799296202
70.0,183.0,137.95419311523438,-2.127510486587058,2.6664213177803657,-4.925946181719729,-3.030718126183132,-2.502510773607647,0.8407793874387863,-0.1007815620198274,3.966536784186372,-0.4492824282483114,1.3246605835724932
70.0,183.0,155.30633544921875,-2.110355142561264,1.7355664246072802,-4.897661520156259,-3.0945963635771343,-3.0647722813398968,0.8256285834289196,-1.0204516952792135,4.389633871132414,-0.4667985076585941,0.7287559592886229
70.0,183.0,158.0673828125,-2.13478528945232,1.8441109636686763,-4.929363763692761,-3.1294766675918138,-3.0546509867568057,1.330469986782295,-1.0107985278553162,3.543151829295136,-0.4498499097984712,0.7093224768745058
70.0,183.0,151.25607299804688,-2.172037136009037,1.7295055121999343,-4.886813252907739,-3.044272093932116,-2.527211347557737,0.8736419156014977,-1.0803740810791176,4.326682419773425,-0.4568381444550614,1.020613823807618
70.0,183.0,165.35855102539062,-2.0411344005614884,1.8033887960812784,-4.990096883276585,-3.0271535952284765,-1.9850275875294443,0.7502007915430735,-1.0075749577924853,3.0752222344234887,-0.4467256416415724,1.0584411608503208
70.0,183.0,165.263427734375,-2.025108824505472,1.819420873531608,-4.880777358367313,-3.048511178555349,-3.076473591889685,0.724041054625411,-1.045823708623605,4.79798916193166,-0.408550783489008,0.6991762171530035
70.0,183.0,139.27032470703125,-2.133569493998931,2.682788083278456,-4.926072157374405,-3.0315640945137288,-2.504630231297893,0.8383390202341009,-0.055479691590501,3.9661007608950354,-0.4495616014565786,1.3315753422516536
70.0,183.0,160.2692413330078,-1.055922459328694,1.7735920722761906,-4.937958133848109,-1.695201673496223,-3.064020344723154,0.8372423768827528,-1.0608401158966236,4.429729571994304,-0.4561175576200931,0.7202760905369371
70.0,184.0,157.60691833496094,-2.1221509371431435,1.8392303061078088,-4.902514539010984,-3.0864103908050646,-3.0538475418464337,0.8517324402109121,-1.0171489627324086,3.092931355225164,-0.4559853455206131,0.9824460715350812
70.0,184.0,161.15728759765625,-1.9534206856324816,1.7536378394229737,-4.890109816254475,-3.0956079319477503,-3.0662115030366284,0.8279698431872164,-1.019189610828445,4.304919778195342,-0.4515226464921155,0.7024576952550962
70.0,184.0,137.8869171142578,-2.11954218322664,2.6765767334470567,-4.922794639356351,-3.025910598986874,-2.5025495003102347,0.8469564883252247,-0.0994839966607293,3.966795355397806,-0.4492460077632936,1.3231269838854178
70.0,184.0,139.32821655273438,-2.1180140459754995,2.672157573415032,-4.955136631218495,-3.030889349505865,-2.49179729189102,0.8462879586059928,-0.5276111641118074,3.9616593847090966,-0.4446072916824604,1.3217704748747094
70.0,184.0,137.95872497558594,-2.127513223767592,2.6677032470786552,-4.933643695546789,-3.0306537928681063,-2.492937554258547,0.8415976703907944,-0.1019183312689692,3.966724003897793,-0.4476768922433805,1.3234244682635183
70.0,184.0,150.95826721191406,-2.1262525097823337,1.7737189882144293,-4.926724315985826,-3.0259742329384216,-2.437463469842107,1.4099652745982325,-1.0262765149084487,3.9233814230264574,-0.4512474950726279,1.609887845109697
70.0,184.0,156.08035278320312,-2.1580996450789263,1.728328627406782,-4.879695436337815,-3.0850529772078543,-3.06587044186364,0.8359929899162684,-1.015638048938622,3.5437633377229565,-0.4462973345896071,0.7233871726910266
70.0,184.0,145.83074951171875,-2.1182021524849444,1.8078905911135548,-4.935700425047287,-2.9794937688851824,-2.4827301949732017,0.8507230196630945,-1.052661683502819,3.970937820545013,-0.4537632926829645,1.6362450208066313
70.0,184.0,142.9798126220703,-2.1220829198845297,1.779816139448701,-4.916527573251591,-3.02469365005042,-2.497106128890054,0.8394429982048441,-1.0497138158275474,3.959478534814511,-0.4503832498699787,1.3264084915991838
70.0,184.0,138.84158325195312,-2.0989473448468945,2.650268155282398,-4.924923848138055,-3.019968432753285,-2.5114878344624443,0.8469491800414608,-0.1201647874032994,3.969452801683152,-0.4497416010313131,1.3161092077568268
70.0,184.0,138.126953125,-2.1272306233272644,2.690066396129517,-4.927198307750801,-3.032003746265965,-2.490070588514618,0.8422034147194823,-0.1131584858197553,3.965080573637964,-0.4503542826379362,1.3242440231654982
70.0,184.0,141.4348907470703,-2.127392196484114,2.6275854361135096,-4.925796428255456,-3.0745837077254774,-2.473600408569858,0.8093100346783364,-0.1234301175057547,3.98052121331044,-0.4524160752522125,1.325003703386787
70.0,184.0,139.1177978515625,-2.121924358678077,2.666080249734612,-4.918759838099927,-3.032773542817324,-2.490193648566313,0.8467825409558875,-0.5280131587354278,3.967725551798917,-0.4509176876331131,1.322280599399067
70.0,184.0,143.77976989746094,-2.090505492232815,1.7746837755457456,-4.927630124357569,-3.0560179816904194,-2.484891176152149,0.8273372251040916,-1.050737962835111,3.954398361079628,-0.4518568018256002,1.3213216143176292
70.0,184.0,177.90628051757812,-0.9480992037287066,1.6698462529856726,-4.92126265432442,-3.066282443454009,-3.048841576344093,1.9184003846581128,-1.029547548154336,4.407033002134062,-0.5675828178794807,0.7291447687456702
70.0,184.0,137.89988708496094,-2.119208796704933,2.6730189871682186,-4.9260447995587535,-3.028692131400773,-2.504138027440419,0.8447126133672029,-0.1007716791813029,3.9657354327469454,-0.4491045897008422,1.3211908600311
70.0,184.0,140.55001831054688,-2.122329315786468,1.802061285371577,-4.931716526883416,-3.0283693764857564,-2.486060058575672,0.8457611210177214,-0.5347108318649818,3.980144941527816,-0.4523532917964609,1.322373004556118
70.0,184.0,149.86083984375,-2.12290973532822,1.7678672280638843,-4.933681346827862,-3.0281690041240785,-2.4860633919118627,0.9010736490337464,-1.0043492977172703,4.342770552392945,-0.4457589969867184,1.2979840525979809
70.0,184.0,149.8558807373047,-2.1111044588044594,2.641686632673826,-4.929163837336221,-3.0199126791404143,-2.620657437733671,0.8422044171890584,-0.113757326940539,4.036803368312294,-0.4510087777343007,0.99886656482351
70.0,184.0,138.27182006835938,-2.12037820334944,2.6820094368440124,-4.922592172831072,-3.027350166907599,-2.512273182630655,0.854115650437653,-0.1111999512904054,3.973655504942281,-0.4495794326582662,1.3227870205206902
70.0,184.0,137.9309539794922,-2.127484682894699,2.668876771099447,-4.925773782579125,-3.030763194769192,-2.503371061461359,0.8445621994998258,-0.1010689157074205,3.9657094722831134,-0.4492948648184128,1.323977305625993
70.0,184.0,139.24049377441406,-2.122952978603168,2.70020178203428,-4.9094442719968265,-3.03447883586124,-2.4897371704606464,0.8453880164933214,-0.5275536671755963,3.970888576625884,-0.4506163248250027,1.3280531216495697
70.0,184.0,137.9054718017578,-2.1265259637047187,2.6717622640872025,-4.923794972207378,-3.026000454283213,-2.5016202667328487,0.8405904196048826,-0.1003745290353111,3.96655869639455,-0.4489899438841477,1.3205895250247552
70.0,184.0,153.1660919189453,-2.121447798556532,1.8336876551817392,-4.9380753146679925,-3.094233202647145,-3.0649950223856144,0.8354321701101891,-1.021508757068139,3.955010029302585,-0.4447028575291981,0.7080551592072115
70.0,184.0,142.1283721923828,-2.1192890279676746,1.7984264980446047,-4.92041992272411,-3.023637196291919,-2.4862630705474427,0.8392563093769569,-0.5088082330646075,3.99275164134204,-0.4506043871085918,1.3222941943722175
70.0,184.0,144.48789978027344,-2.141046964113209,1.771880474365917,-4.911381224157521,-3.040130457582591,-2.517262630056656,0.8055665997807893,-1.0369607176572375,3.977882256769657,-0.4549739669163189,1.3219810566530266
70.0,184.0,138.0596923828125,-2.095428375899516,2.6852687142547005,-4.933425347174169,-3.0339323844483976,-2.501450741124599,0.8441375683432698,-0.101441478953811,3.9583072007839335,-0.4489641240671632,1.323293328354065
70.0,184.0,150.5499267578125,-2.11968739608623,1.755035030369485,-4.927208819748874,-3.0244678618957064,-2.0218319945465275,0.8106048132035997,-1.0135414794231097,3.9867357123238514,-0.4552261932641993,1.349251448476138
70.0,184.0,140.70806884765625,-2.1170765257260005,1.7786727018614492,-4.886691515714032,-3.0032452423189584,-2.490826029221292,0.8457199841861938,-0.5221104655596113,3.970749928697078,-0.4471574466552951,1.3225873864163096
70.0,184.0,138.91697692871094,-2.171069523432344,2.7008255085143333,-4.917366450886192,-3.026875164034515,-2.468636098468439,0.8367328874352976,-0.1012739458087827,3.9669668734672334,-0.4499516970416585,1.3173893864274326
70.0,184.0,137.94046020507812,-2.113893239394053,2.668966548242873,-4.924524824018381,-3.031643218142888,-2.5041299639423955,0.8455721792447358,-0.0998421209439764,3.9671222494732814,-0.4495364992566079,1.322338134819422
70.0,184.0,138.156982421875,-2.122995060944978,2.6810320328546813,-4.925932367019511,-3.036099138063255,-2.507492047783941,0.8429926636119932,-0.1028454172885388,3.978226655628779,-0.4491218851554353,1.3228787920400291
70.0,184.0,140.52117919921875,-2.1272497769988306,1.774468940747441,-4.918171862643308,-3.039466282870276,-2.4890347571925453,0.8476899259151214,-0.521753245229758,3.96549093137469,-0.4572526271482879,1.3258236409937911
70.0,184.0,146.584716796875,-2.103115268970947,1.7773525520170366,-4.8991595252982325,-3.0347150506673737,-2.5711874065489764,0.8116258795517473,-1.035978714195854,3.971544582710554,-0.4467989748149475,1.6285298446205214
70.0,184.0,139.49063110351562,-2.127036784137281,2.6864341888011003,-4.922580773522917,-3.0061126931140665,-1.94209301285814,0.8409841124852037,-0.5625834980067171,3.962763002701845,-0.4500653814960387,1.3055394714877115
70.0,184.0,139.66854858398438,-2.127234138180026,2.6624038469676,-4.931864845995195,-3.011156836297394,-2.5341234405368,0.8423435453787284,-0.1315816065777431,3.9658958160818383,-0.4488113229875432,1.322478891472932
70.0,184.0,138.2348175048828,-2.124153308589317,2.68965891250709,-4.917731485077325,-3.0320295053783326,-2.4915690251843428,0.8467442528956323,-0.117270585284069,3.961064245141978,-0.4503192027829105,1.3250156147447307
70.0,184.0,155.14508056640625,-2.144416528898283,1.7532622941419214,-4.910340166670732,-3.045212005694971,-1.9538792327145715,0.8337103093690844,-1.0439633387742353,3.904955445319976,-0.4075869564763927,0.7623833671535221
70.0,184.0,140.58787536621094,-2.1195343794311863,1.7739414720747098,-4.924618637607522,-3.031940156859683,-2.529142905056195,0.8435103435695624,-0.1337611689335374,3.973058904472408,-0.4488663263112497,1.3293848156199288
70.0,184.0,138.62855529785156,-2.127725731475798,2.6705933487031244,-4.925557657659667,-3.030567403733977,-2.527922577728063,0.8414312909769314,-0.0996352969382821,3.9654736415388303,-0.4594233107152916,1.3243955782994647
70.0,184.0,157.8895721435547,-2.151116586352581,1.7765067177928218,-4.954217446239854,-3.688038395004858,-2.586077377730949,0.8144731752930827,-0.6122097261475492,3.624379146848815,-0.454328507982406,0.9702287003031408
70.0,184.0,160.38934326171875,-2.1239526524329047,1.7532778008160277,-4.793683137872873,-2.992665936417859,-3.0883299703921034,0.7444479414625762,-1.0498487622640318,3.959048847339001,-0.7967959506285662,0.7170082799296202
70.0,184.0,137.95419311523438,-2.127510486587058,2.6664213177803657,-4.925946181719729,-3.030718126183132,-2.502510773607647,0.8407793874387863,-0.1007815620198274,3.966536784186372,-0.4492824282483114,1.3246605835724932
70.0,184.0,155.30633544921875,-2.110355142561264,1.7355664246072802,-4.897661520156259,-3.0945963635771343,-3.0647722813398968,0.8256285834289196,-1.0204516952792135,4.389633871132414,-0.4667985076585941,0.7287559592886229
70.0,184.0,158.0673828125,-2.13478528945232,1.8441109636686763,-4.929363763692761,-3.1294766675918138,-3.0546509867568057,1.330469986782295,-1.0107985278553162,3.543151829295136,-0.4498499097984712,0.7093224768745058
70.0,184.0,151.25607299804688,-2.172037136009037,1.7295055121999343,-4.886813252907739,-3.044272093932116,-2.527211347557737,0.8736419156014977,-1.0803740810791176,4.326682419773425,-0.4568381444550614,1.020613823807618
70.0,184.0,165.35855102539062,-2.0411344005614884,1.8033887960812784,-4.990096883276585,-3.0271535952284765,-1.9850275875294443,0.7502007915430735,-1.0075749577924853,3.0752222344234887,-0.4467256416415724,1.0584411608503208
70.0,184.0,165.263427734375,-2.025108824505472,1.819420873531608,-4.880777358367313,-3.048511178555349,-3.076473591889685,0.724041054625411,-1.045823708623605,4.79798916193166,-0.408550783489008,0.6991762171530035
70.0,184.0,139.27032470703125,-2.133569493998931,2.682788083278456,-4.926072157374405,-3.0315640945137288,-2.504630231297893,0.8383390202341009,-0.055479691590501,3.9661007608950354,-0.4495616014565786,1.3315753422516536
70.0,184.0,160.2692413330078,-1.055922459328694,1.7735920722761906,-4.937958133848109,-1.695201673496223,-3.064020344723154,0.8372423768827528,-1.0608401158966236,4.429729571994304,-0.4561175576200931,0.7202760905369371
70.0,185.0,157.60691833496094,-2.1221509371431435,1.8392303061078088,-4.902514539010984,-3.0864103908050646,-3.0538475418464337,0.8517324402109121,-1.0171489627324086,3.092931355225164,-0.4559853455206131,0.9824460715350812
70.0,185.0,161.15728759765625,-1.9534206856324816,1.7536378394229737,-4.890109816254475,-3.0956079319477503,-3.0662115030366284,0.8279698431872164,-1.019189610828445,4.304919778195342,-0.4515226464921155,0.7024576952550962
70.0,185.0,137.8869171142578,-2.11954218322664,2.6765767334470567,-4.922794639356351,-3.025910598986874,-2.5025495003102347,0.8469564883252247,-0.0994839966607293,3.966795355397806,-0.4492460077632936,1.3231269838854178
70.0,185.0,139.32821655273438,-2.1180140459754995,2.672157573415032,-4.955136631218495,-3.030889349505865,-2.49179729189102,0.8462879586059928,-0.5276111641118074,3.9616593847090966,-0.4446072916824604,1.3217704748747094
70.0,185.0,137.88018798828125,-2.1165250777263647,2.682952205899546,-4.925751386419625,-3.02792064819247,-2.487712390720217,0.8435640101310801,-0.0997056675857196,3.9675822154994473,-0.4466272852234623,1.3249290389609638
70.0,185.0,150.95826721191406,-2.1262525097823337,1.7737189882144293,-4.926724315985826,-3.0259742329384216,-2.437463469842107,1.4099652745982325,-1.0262765149084487,3.9233814230264574,-0.4512474950726279,1.609887845109697
70.0,185.0,156.08035278320312,-2.1580996450789263,1.728328627406782,-4.879695436337815,-3.0850529772078543,-3.06587044186364,0.8359929899162684,-1.015638048938622,3.5437633377229565,-0.4462973345896071,0.7233871726910266
70.0,185.0,145.83074951171875,-2.1182021524849444,1.8078905911135548,-4.935700425047287,-2.9794937688851824,-2.4827301949732017,0.8507230196630945,-1.052661683502819,3.970937820545013,-0.4537632926829645,1.6362450208066313
70.0,185.0,142.9798126220703,-2.1220829198845297,1.779816139448701,-4.916527573251591,-3.02469365005042,-2.497106128890054,0.8394429982048441,-1.0497138158275474,3.959478534814511,-0.4503832498699787,1.3264084915991838
70.0,185.0,138.84158325195312,-2.0989473448468945,2.650268155282398,-4.924923848138055,-3.019968432753285,-2.5114878344624443,0.8469491800414608,-0.1201647874032994,3.969452801683152,-0.4497416010313131,1.3161092077568268
70.0,185.0,138.126953125,-2.1272306233272644,2.690066396129517,-4.927198307750801,-3.032003746265965,-2.490070588514618,0.8422034147194823,-0.1131584858197553,3.965080573637964,-0.4503542826379362,1.3242440231654982
70.0,185.0,141.4348907470703,-2.127392196484114,2.6275854361135096,-4.925796428255456,-3.0745837077254774,-2.473600408569858,0.8093100346783364,-0.1234301175057547,3.98052121331044,-0.4524160752522125,1.325003703386787
70.0,185.0,139.1177978515625,-2.121924358678077,2.666080249734612,-4.918759838099927,-3.032773542817324,-2.490193648566313,0.8467825409558875,-0.5280131587354278,3.967725551798917,-0.4509176876331131,1.322280599399067
70.0,185.0,143.77976989746094,-2.090505492232815,1.7746837755457456,-4.927630124357569,-3.0560179816904194,-2.484891176152149,0.8273372251040916,-1.050737962835111,3.954398361079628,-0.4518568018256002,1.3213216143176292
70.0,185.0,177.90628051757812,-0.9480992037287066,1.6698462529856726,-4.92126265432442,-3.066282443454009,-3.048841576344093,1.9184003846581128,-1.029547548154336,4.407033002134062,-0.5675828178794807,0.7291447687456702
70.0,185.0,137.8966064453125,-2.117740934051814,2.678383953618237,-4.921462771003051,-3.021807210206069,-2.5027739094550245,0.8464362638176365,-0.1001803705033577,3.9661325752887606,-0.4492257570517828,1.3227725451181291
70.0,185.0,140.55001831054688,-2.122329315786468,1.802061285371577,-4.931716526883416,-3.0283693764857564,-2.486060058575672,0.8457611210177214,-0.5347108318649818,3.980144941527816,-0.4523532917964609,1.322373004556118
70.0,185.0,149.86083984375,-2.12290973532822,1.7678672280638843,-4.933681346827862,-3.0281690041240785,-2.4860633919118627,0.9010736490337464,-1.0043492977172703,4.342770552392945,-0.4457589969867184,1.2979840525979809
70.0,185.0,149.8558807373047,-2.1111044588044594,2.641686632673826,-4.929163837336221,-3.0199126791404143,-2.620657437733671,0.8422044171890584,-0.113757326940539,4.036803368312294,-0.4510087777343007,0.99886656482351
70.0,185.0,138.27182006835938,-2.12037820334944,2.6820094368440124,-4.922592172831072,-3.027350166907599,-2.512273182630655,0.854115650437653,-0.1111999512904054,3.973655504942281,-0.4495794326582662,1.3227870205206902
70.0,185.0,137.9309539794922,-2.127484682894699,2.668876771099447,-4.925773782579125,-3.030763194769192,-2.503371061461359,0.8445621994998258,-0.1010689157074205,3.9657094722831134,-0.4492948648184128,1.323977305625993
70.0,185.0,139.24049377441406,-2.122952978603168,2.70020178203428,-4.9094442719968265,-3.03447883586124,-2.4897371704606464,0.8453880164933214,-0.5275536671755963,3.970888576625884,-0.4506163248250027,1.3280531216495697
70.0,185.0,137.9054718017578,-2.1265259637047187,2.6717622640872025,-4.923794972207378,-3.026000454283213,-2.5016202667328487,0.8405904196048826,-0.1003745290353111,3.96655869639455,-0.4489899438841477,1.3205895250247552
70.0,185.0,153.1660919189453,-2.121447798556532,1.8336876551817392,-4.9380753146679925,-3.094233202647145,-3.0649950223856144,0.8354321701101891,-1.021508757068139,3.955010029302585,-0.4447028575291981,0.7080551592072115
70.0,185.0,142.1283721923828,-2.1192890279676746,1.7984264980446047,-4.92041992272411,-3.023637196291919,-2.4862630705474427,0.8392563093769569,-0.5088082330646075,3.99275164134204,-0.4506043871085918,1.3222941943722175
70.0,185.0,144.48789978027344,-2.141046964113209,1.771880474365917,-4.911381224157521,-3.040130457582591,-2.517262630056656,0.8055665997807893,-1.0369607176572375,3.977882256769657,-0.4549739669163189,1.3219810566530266
70.0,185.0,137.93943786621094,-2.122061662953001,2.6671451988165007,-4.919130577903133,-3.028601169154594,-2.501573563729401,0.8479280070199793,-0.0997212800137455,3.9627541522817737,-0.4492162017105593,1.3236855637674607
70.0,185.0,150.5499267578125,-2.11968739608623,1.755035030369485,-4.927208819748874,-3.0244678618957064,-2.0218319945465275,0.8106048132035997,-1.0135414794231097,3.9867357123238514,-0.4552261932641993,1.349251448476138
70.0,185.0,140.70806884765625,-2.1170765257260005,1.7786727018614492,-4.886691515714032,-3.0032452423189584,-2.490826029221292,0.8457199841861938,-0.5221104655596113,3.970749928697078,-0.4471574466552951,1.3225873864163096
70.0,185.0,138.91697692871094,-2.171069523432344,2.7008255085143333,-4.917366450886192,-3.026875164034515,-2.468636098468439,0.8367328874352976,-0.1012739458087827,3.9669668734672334,-0.4499516970416585,1.3173893864274326
70.0,185.0,137.94046020507812,-2.113893239394053,2.668966548242873,-4.924524824018381,-3.031643218142888,-2.5041299639423955,0.8455721792447358,-0.0998421209439764,3.9671222494732814,-0.4495364992566079,1.322338134819422
70.0,185.0,138.0879669189453,-2.115344345512604,2.679826771881371,-4.924500791443057,-3.032462712328181,-2.507295609348,0.8480965689611242,-0.0979486128228164,3.9582770498036206,-0.4491226044314809,1.321989128712744
70.0,185.0,140.52117919921875,-2.1272497769988306,1.774468940747441,-4.918171862643308,-3.039466282870276,-2.4890347571925453,0.8476899259151214,-0.521753245229758,3.96549093137469,-0.4572526271482879,1.3258236409937911
70.0,185.0,146.584716796875,-2.103115268970947,1.7773525520170366,-4.8991595252982325,-3.0347150506673737,-2.5711874065489764,0.8116258795517473,-1.035978714195854,3.971544582710554,-0.4467989748149475,1.6285298446205214
70.0,185.0,139.49063110351562,-2.127036784137281,2.6864341888011003,-4.922580773522917,-3.0061126931140665,-1.94209301285814,0.8409841124852037,-0.5625834980067171,3.962763002701845,-0.4500653814960387,1.3055394714877115
70.0,185.0,139.66854858398438,-2.127234138180026,2.6624038469676,-4.931864845995195,-3.011156836297394,-2.5341234405368,0.8423435453787284,-0.1315816065777431,3.9658958160818383,-0.4488113229875432,1.322478891472932
70.0,185.0,138.2348175048828,-2.124153308589317,2.68965891250709,-4.917731485077325,-3.0320295053783326,-2.4915690251843428,0.8467442528956323,-0.117270585284069,3.961064245141978,-0.4503192027829105,1.3250156147447307
70.0,185.0,155.14508056640625,-2.144416528898283,1.7532622941419214,-4.910340166670732,-3.045212005694971,-1.9538792327145715,0.8337103093690844,-1.0439633387742353,3.904955445319976,-0.4075869564763927,0.7623833671535221
70.0,185.0,140.58787536621094,-2.1195343794311863,1.7739414720747098,-4.924618637607522,-3.031940156859683,-2.529142905056195,0.8435103435695624,-0.1337611689335374,3.973058904472408,-0.4488663263112497,1.3293848156199288
70.0,185.0,138.21661376953125,-2.133706838726034,2.676886282597004,-4.925045024236836,-3.026622226599537,-2.520977072153724,0.8460563289969463,-0.0993093245152646,3.966546096811386,-0.4427914507921012,1.3222365526542204
70.0,185.0,157.8895721435547,-2.151116586352581,1.7765067177928218,-4.954217446239854,-3.688038395004858,-2.586077377730949,0.8144731752930827,-0.6122097261475492,3.624379146848815,-0.454328507982406,0.9702287003031408
70.0,185.0,160.38934326171875,-2.1239526524329047,1.7532778008160277,-4.793683137872873,-2.992665936417859,-3.0883299703921034,0.7444479414625762,-1.0498487622640318,3.959048847339001,-0.7967959506285662,0.7170082799296202
70.0,185.0,137.95419311523438,-2.127510486587058,2.6664213177803657,-4.925946181719729,-3.030718126183132,-2.502510773607647,0.8407793874387863,-0.1007815620198274,3.966536784186372,-0.4492824282483114,1.3246605835724932
70.0,185.0,155.30633544921875,-2.110355142561264,1.7355664246072802,-4.897661520156259,-3.0945963635771343,-3.0647722813398968,0.8256285834289196,-1.0204516952792135,4.389633871132414,-0.4667985076585941,0.7287559592886229
70.0,185.0,158.0673828125,-2.13478528945232,1.8441109636686763,-4.929363763692761,-3.1294766675918138,-3.0546509867568057,1.330469986782295,-1.0107985278553162,3.543151829295136,-0.4498499097984712,0.7093224768745058
70.0,185.0,151.25607299804688,-2.172037136009037,1.7295055121999343,-4.886813252907739,-3.044272093932116,-2.527211347557737,0.8736419156014977,-1.0803740810791176,4.326682419773425,-0.4568381444550614,1.020613823807618
70.0,185.0,165.35855102539062,-2.0411344005614884,1.8033887960812784,-4.990096883276585,-3.0271535952284765,-1.9850275875294443,0.7502007915430735,-1.0075749577924853,3.0752222344234887,-0.4467256416415724,1.0584411608503208
70.0,185.0,165.263427734375,-2.025108824505472,1.819420873531608,-4.880777358367313,-3.048511178555349,-3.076473591889685,0.724041054625411,-1.045823708623605,4.79798916193166,-0.408550783489008,0.6991762171530035
70.0,185.0,138.72454833984375,-2.127136335032284,2.689783461259947,-4.920295142833648,-3.025984833284054,-2.5031861750214066,0.8474713464671494,-0.1279918659458461,3.967003970976087,-0.4496418918920901,1.3261057530577751
70.0,185.0,160.2692413330078,-1.055922459328694,1.7735920722761906,-4.937958133848109,-1.695201673496223,-3.064020344723154,0.8372423768827528,-1.0608401158966236,4.429729571994304,-0.4561175576200931,0.7202760905369371
70.0,186.0,157.60691833496094,-2.1221509371431435,1.8392303061078088,-4.902514539010984,-3.0864103908050646,-3.0538475418464337,0.8517324402109121,-1.0171489627324086,3.092931355225164,-0.4559853455206131,0.9824460715350812
70.0,186.0,161.15728759765625,-1.9534206856324816,1.7536378394229737,-4.890109816254475,-3.0956079319477503,-3.0662115030366284,0.8279698431872164,-1.019189610828445,4.304919778195342,-0.4515226464921155,0.7024576952550962
70.0,186.0,137.8869171142578,-2.11954218322664,2.6765767334470567,-4.922794639356351,-3.025910598986874,-2.5025495003102347,0.8469564883252247,-0.0994839966607293,3.966795355397806,-0.4492460077632936,1.3231269838854178
70.0,186.0,139.32821655273438,-2.1180140459754995,2.672157573415032,-4.955136631218495,-3.030889349505865,-2.49179729189102,0.8462879586059928,-0.5276111641118074,3.9616593847090966,-0.4446072916824604,1.3217704748747094
70.0,186.0,137.88018798828125,-2.1165250777263647,2.682952205899546,-4.925751386419625,-3.02792064819247,-2.487712390720217,0.8435640101310801,-0.0997056675857196,3.9675822154994473,-0.4466272852234623,1.3249290389609638
70.0,186.0,150.95826721191406,-2.1262525097823337,1.7737189882144293,-4.926724315985826,-3.0259742329384216,-2.437463469842107,1.4099652745982325,-1.0262765149084487,3.9233814230264574,-0.4512474950726279,1.609887845109697
70.0,186.0,156.08035278320312,-2.1580996450789263,1.728328627406782,-4.879695436337815,-3.0850529772078543,-3.06587044186364,0.8359929899162684,-1.015638048938622,3.5437633377229565,-0.4462973345896071,0.7233871726910266
70.0,186.0,145.83074951171875,-2.1182021524849444,1.8078905911135548,-4.935700425047287,-2.9794937688851824,-2.4827301949732017,0.8507230196630945,-1.052661683502819,3.970937820545013,-0.4537632926829645,1.6362450208066313
70.0,186.0,142.9798126220703,-2.1220829198845297,1.779816139448701,-4.916527573251591,-3.02469365005042,-2.497106128890054,0.8394429982048441,-1.0497138158275474,3.959478534814511,-0.4503832498699787,1.3264084915991838
70.0,186.0,138.84158325195312,-2.0989473448468945,2.650268155282398,-4.924923848138055,-3.019968432753285,-2.5114878344624443,0.8469491800414608,-0.1201647874032994,3.969452801683152,-0.4497416010313131,1.3161092077568268
70.0,186.0,138.126953125,-2.1272306233272644,2.690066396129517,-4.927198307750801,-3.032003746265965,-2.490070588514618,0.8422034147194823,-0.1131584858197553,3.965080573637964,-0.4503542826379362,1.3242440231654982
70.0,186.0,138.89573669433594,-2.115213843229185,2.654874310357398,-4.925347410906462,-3.001988803754849,-2.490839012051247,0.8352820081697727,-0.1083123613331317,3.982994745987456,-0.4506073055758177,1.3256396665817218
70.0,186.0,139.1177978515625,-2.121924358678077,2.666080249734612,-4.918759838099927,-3.032773542817324,-2.490193648566313,0.8467825409558875,-0.5280131587354278,3.967725551798917,-0.4509176876331131,1.322280599399067
70.0,186.0,143.77976989746094,-2.090505492232815,1.7746837755457456,-4.927630124357569,-3.0560179816904194,-2.484891176152149,0.8273372251040916,-1.050737962835111,3.954398361079628,-0.4518568018256002,1.3213216143176292
70.0,186.0,177.90628051757812,-0.9480992037287066,1.6698462529856726,-4.92126265432442,-3.066282443454009,-3.048841576344093,1.9184003846581128,-1.029547548154336,4.407033002134062,-0.5675828178794807,0.7291447687456702
70.0,186.0,137.8966064453125,-2.117740934051814,2.678383953618237,-4.921462771003051,-3.021807210206069,-2.5027739094550245,0.8464362638176365,-0.1001803705033577,3.9661325752887606,-0.4492257570517828,1.3227725451181291
70.0,186.0,140.55001831054688,-2.122329315786468,1.802061285371577,-4.931716526883416,-3.0283693764857564,-2.486060058575672,0.8457611210177214,-0.5347108318649818,3.980144941527816,-0.4523532917964609,1.322373004556118
70.0,186.0,149.86083984375,-2.12290973532822,1.7678672280638843,-4.933681346827862,-3.0281690041240785,-2.4860633919118627,0.9010736490337464,-1.0043492977172703,4.342770552392945,-0.4457589969867184,1.2979840525979809
70.0,186.0,149.8558807373047,-2.1111044588044594,2.641686632673826,-4.929163837336221,-3.0199126791404143,-2.620657437733671,0.8422044171890584,-0.113757326940539,4.036803368312294,-0.4510087777343007,0.99886656482351
70.0,186.0,138.2303466796875,-2.1188433784127008,2.6828591026506703,-4.9258769308103245,-3.0286114121663403,-2.482162857075666,0.8525085238081258,-0.112129037831213,3.971569662863191,-0.4470246918813211,1.3229770030009629
70.0,186.0,137.89016723632812,-2.123013926534018,2.673362773613332,-4.926233636037881,-3.033027227413186,-2.4992636335516423,0.8418259713150014,-0.0999448225247422,3.968024690115213,-0.4480544299418084,1.320194095555283
70.0,186.0,139.24049377441406,-2.122952978603168,2.70020178203428,-4.9094442719968265,-3.03447883586124,-2.4897371704606464,0.8453880164933214,-0.5275536671755963,3.970888576625884,-0.4506163248250027,1.3280531216495697
70.0,186.0,137.9054718017578,-2.1265259637047187,2.6717622640872025,-4.923794972207378,-3.026000454283213,-2.5016202667328487,0.8405904196048826,-0.1003745290353111,3.96655869639455,-0.4489899438841477,1.3205895250247552
70.0,186.0,153.1660919189453,-2.121447798556532,1.8336876551817392,-4.9380753146679925,-3.094233202647145,-3.0649950223856144,0.8354321701101891,-1.021508757068139,3.955010029302585,-0.4447028575291981,0.7080551592072115
70.0,186.0,142.1283721923828,-2.1192890279676746,1.7984264980446047,-4.92041992272411,-3.023637196291919,-2.4862630705474427,0.8392563093769569,-0.5088082330646075,3.99275164134204,-0.4506043871085918,1.3222941943722175
70.0,186.0,144.48789978027344,-2.141046964113209,1.771880474365917,-4.911381224157521,-3.040130457582591,-2.517262630056656,0.8055665997807893,-1.0369607176572375,3.977882256769657,-0.4549739669163189,1.3219810566530266
70.0,186.0,137.93943786621094,-2.122061662953001,2.6671451988165007,-4.919130577903133,-3.028601169154594,-2.501573563729401,0.8479280070199793,-0.0997212800137455,3.9627541522817737,-0.4492162017105593,1.3236855637674607
70.0,186.0,150.5499267578125,-2.11968739608623,1.755035030369485,-4.927208819748874,-3.0244678618957064,-2.0218319945465275,0.8106048132035997,-1.0135414794231097,3.9867357123238514,-0.4552261932641993,1.349251448476138
70.0,186.0,140.70806884765625,-2.1170765257260005,1.7786727018614492,-4.886691515714032,-3.0032452423189584,-2.490826029221292,0.8457199841861938,-0.5221104655596113,3.970749928697078,-0.4471574466552951,1.3225873864163096
70.0,186.0,138.91697692871094,-2.171069523432344,2.7008255085143333,-4.917366450886192,-3.026875164034515,-2.468636098468439,0.8367328874352976,-0.1012739458087827,3.9669668734672334,-0.4499516970416585,1.3173893864274326
70.0,186.0,137.94046020507812,-2.113893239394053,2.668966548242873,-4.924524824018381,-3.031643218142888,-2.5041299639423955,0.8455721792447358,-0.0998421209439764,3.9671222494732814,-0.4495364992566079,1.322338134819422
70.0,186.0,138.0879669189453,-2.115344345512604,2.679826771881371,-4.924500791443057,-3.032462712328181,-2.507295609348,0.8480965689611242,-0.0979486128228164,3.9582770498036206,-0.4491226044314809,1.321989128712744
70.0,186.0,140.52117919921875,-2.1272497769988306,1.774468940747441,-4.918171862643308,-3.039466282870276,-2.4890347571925453,0.8476899259151214,-0.521753245229758,3.96549093137469,-0.4572526271482879,1.3258236409937911
70.0,186.0,146.584716796875,-2.103115268970947,1.7773525520170366,-4.8991595252982325,-3.0347150506673737,-2.5711874065489764,0.8116258795517473,-1.035978714195854,3.971544582710554,-0.4467989748149475,1.6285298446205214
70.0,186.0,139.49063110351562,-2.127036784137281,2.6864341888011003,-4.922580773522917,-3.0061126931140665,-1.94209301285814,0.8409841124852037,-0.5625834980067171,3.962763002701845,-0.4500653814960387,1.3055394714877115
70.0,186.0,138.61581420898438,-2.1158318666360287,2.684572597916533,-4.936925560343807,-3.01969972033007,-2.531930431938753,0.8418390430367473,-0.1137048673100687,3.967218880861747,-0.4461580899896946,1.3254120591706329
70.0,186.0,138.2348175048828,-2.124153308589317,2.68965891250709,-4.917731485077325,-3.0320295053783326,-2.4915690251843428,0.8467442528956323,-0.117270585284069,3.961064245141978,-0.4503192027829105,1.3250156147447307
70.0,186.0,155.14508056640625,-2.144416528898283,1.7532622941419214,-4.910340166670732,-3.045212005694971,-1.9538792327145715,0.8337103093690844,-1.0439633387742353,3.904955445319976,-0.4075869564763927,0.7623833671535221
70.0,186.0,140.58787536621094,-2.1195343794311863,1.7739414720747098,-4.924618637607522,-3.031940156859683,-2.529142905056195,0.8435103435695624,-0.1337611689335374,3.973058904472408,-0.4488663263112497,1.3293848156199288
70.0,186.0,138.21661376953125,-2.133706838726034,2.676886282597004,-4.925045024236836,-3.026622226599537,-2.520977072153724,0.8460563289969463,-0.0993093245152646,3.966546096811386,-0.4427914507921012,1.3222365526542204
70.0,186.0,157.8895721435547,-2.151116586352581,1.7765067177928218,-4.954217446239854,-3.688038395004858,-2.586077377730949,0.8144731752930827,-0.6122097261475492,3.624379146848815,-0.454328507982406,0.9702287003031408
70.0,186.0,160.38934326171875,-2.1239526524329047,1.7532778008160277,-4.793683137872873,-2.992665936417859,-3.0883299703921034,0.7444479414625762,-1.0498487622640318,3.959048847339001,-0.7967959506285662,0.7170082799296202
70.0,186.0,137.95419311523438,-2.127510486587058,2.6664213177803657,-4.925946181719729,-3.030718126183132,-2.502510773607647,0.8407793874387863,-0.1007815620198274,3.966536784186372,-0.4492824282483114,1.3246605835724932
70.0,186.0,155.30633544921875,-2.110355142561264,1.7355664246072802,-4.897661520156259,-3.0945963635771343,-3.0647722813398968,0.8256285834289196,-1.0204516952792135,4.389633871132414,-0.4667985076585941,0.7287559592886229
70.0,186.0,158.0673828125,-2.13478528945232,1.8441109636686763,-4.929363763692761,-3.1294766675918138,-3.0546509867568057,1.330469986782295,-1.0107985278553162,3.543151829295136,-0.4498499097984712,0.7093224768745058
70.0,186.0,151.25607299804688,-2.172037136009037,1.7295055121999343,-4.886813252907739,-3.044272093932116,-2.527211347557737,0.8736419156014977,-1.0803740810791176,4.326682419773425,-0.4568381444550614,1.020613823807618
70.0,186.0,165.35855102539062,-2.0411344005614884,1.8033887960812784,-4.990096883276585,-3.0271535952284765,-1.9850275875294443,0.7502007915430735,-1.0075749577924853,3.0752222344234887,-0.4467256416415724,1.0584411608503208
70.0,186.0,165.263427734375,-2.025108824505472,1.819420873531608,-4.880777358367313,-3.048511178555349,-3.076473591889685,0.724041054625411,-1.045823708623605,4.79798916193166,-0.408550783489008,0.6991762171530035
70.0,186.0,138.72454833984375,-2.127136335032284,2.689783461259947,-4.920295142833648,-3.025984833284054,-2.5031861750214066,0.8474713464671494,-0.1279918659458461,3.967003970976087,-0.4496418918920901,1.3261057530577751
70.0,186.0,160.2692413330078,-1.055922459328694,1.7735920722761906,-4.937958133848109,-1.695201673496223,-3.064020344723154,0.8372423768827528,-1.0608401158966236,4.429729571994304,-0.4561175576200931,0.7202760905369371
70.0,187.0,157.60691833496094,-2.1221509371431435,1.8392303061078088,-4.902514539010984,-3.0864103908050646,-3.0538475418464337,0.8517324402109121,-1.0171489627324086,3.092931355225164,-0.4559853455206131,0.9824460715350812
70.0,187.0,161.15728759765625,-1.9534206856324816,1.7536378394229737,-4.890109816254475,-3.0956079319477503,-3.0662115030366284,0.8279698431872164,-1.019189610828445,4.304919778195342,-0.4515226464921155,0.7024576952550962
70.0,187.0,137.86192321777344,-2.117800296695536,2.675060293822595,-4.922290025193135,-3.027935279981284,-2.5040521871909243,0.8478738732967751,-0.099897556218255,3.966110916736105,-0.4461138680384,1.3219547282552515
70.0,187.0,139.32821655273438,-2.1180140459754995,2.672157573415032,-4.955136631218495,-3.030889349505865,-2.49179729189102,0.8462879586059928,-0.5276111641118074,3.9616593847090966,-0.4446072916824604,1.3217704748747094
70.0,187.0,137.88018798828125,-2.1165250777263647,2.682952205899546,-4.925751386419625,-3.02792064819247,-2.487712390720217,0.8435640101310801,-0.0997056675857196,3.9675822154994473,-0.4466272852234623,1.3249290389609638
70.0,187.0,150.95826721191406,-2.1262525097823337,1.7737189882144293,-4.926724315985826,-3.0259742329384216,-2.437463469842107,1.4099652745982325,-1.0262765149084487,3.9233814230264574,-0.4512474950726279,1.609887845109697
70.0,187.0,156.08035278320312,-2.1580996450789263,1.728328627406782,-4.879695436337815,-3.0850529772078543,-3.06587044186364,0.8359929899162684,-1.015638048938622,3.5437633377229565,-0.4462973345896071,0.7233871726910266
70.0,187.0,145.83074951171875,-2.1182021524849444,1.8078905911135548,-4.935700425047287,-2.9794937688851824,-2.4827301949732017,0.8507230196630945,-1.052661683502819,3.970937820545013,-0.4537632926829645,1.6362450208066313
70.0,187.0,142.9798126220703,-2.1220829198845297,1.779816139448701,-4.916527573251591,-3.02469365005042,-2.497106128890054,0.8394429982048441,-1.0497138158275474,3.959478534814511,-0.4503832498699787,1.3264084915991838
70.0,187.0,138.84158325195312,-2.0989473448468945,2.650268155282398,-4.924923848138055,-3.019968432753285,-2.5114878344624443,0.8469491800414608,-0.1201647874032994,3.969452801683152,-0.4497416010313131,1.3161092077568268
70.0,187.0,138.126953125,-2.1272306233272644,2.690066396129517,-4.927198307750801,-3.032003746265965,-2.490070588514618,0.8422034147194823,-0.1131584858197553,3.965080573637964,-0.4503542826379362,1.3242440231654982
70.0,187.0,138.89573669433594,-2.115213843229185,2.654874310357398,-4.925347410906462,-3.001988803754849,-2.490839012051247,0.8352820081697727,-0.1083123613331317,3.982994745987456,-0.4506073055758177,1.3256396665817218
70.0,187.0,139.1177978515625,-2.121924358678077,2.666080249734612,-4.918759838099927,-3.032773542817324,-2.490193648566313,0.8467825409558875,-0.5280131587354278,3.967725551798917,-0.4509176876331131,1.322280599399067
70.0,187.0,143.77976989746094,-2.090505492232815,1.7746837755457456,-4.927630124357569,-3.0560179816904194,-2.484891176152149,0.8273372251040916,-1.050737962835111,3.954398361079628,-0.4518568018256002,1.3213216143176292
70.0,187.0,177.90628051757812,-0.9480992037287066,1.6698462529856726,-4.92126265432442,-3.066282443454009,-3.048841576344093,1.9184003846581128,-1.029547548154336,4.407033002134062,-0.5675828178794807,0.7291447687456702
70.0,187.0,137.8966064453125,-2.117740934051814,2.678383953618237,-4.921462771003051,-3.021807210206069,-2.5027739094550245,0.8464362638176365,-0.1001803705033577,3.9661325752887606,-0.4492257570517828,1.3227725451181291
70.0,187.0,140.55001831054688,-2.122329315786468,1.802061285371577,-4.931716526883416,-3.0283693764857564,-2.486060058575672,0.8457611210177214,-0.5347108318649818,3.980144941527816,-0.4523532917964609,1.322373004556118
70.0,187.0,149.86083984375,-2.12290973532822,1.7678672280638843,-4.933681346827862,-3.0281690041240785,-2.4860633919118627,0.9010736490337464,-1.0043492977172703,4.342770552392945,-0.4457589969867184,1.2979840525979809
70.0,187.0,149.8558807373047,-2.1111044588044594,2.641686632673826,-4.929163837336221,-3.0199126791404143,-2.620657437733671,0.8422044171890584,-0.113757326940539,4.036803368312294,-0.4510087777343007,0.99886656482351
70.0,187.0,138.06292724609375,-2.1144689070323075,2.6814138624210755,-4.927333901220004,-3.028897348491144,-2.4785470726191847,0.8455872161047829,-0.1023599230710288,3.9710361773648497,-0.4454745089529578,1.3256922819096326
70.0,187.0,137.89016723632812,-2.123013926534018,2.673362773613332,-4.926233636037881,-3.033027227413186,-2.4992636335516423,0.8418259713150014,-0.0999448225247422,3.968024690115213,-0.4480544299418084,1.320194095555283
70.0,187.0,139.24049377441406,-2.122952978603168,2.70020178203428,-4.9094442719968265,-3.03447883586124,-2.4897371704606464,0.8453880164933214,-0.5275536671755963,3.970888576625884,-0.4506163248250027,1.3280531216495697
70.0,187.0,137.9054718017578,-2.1265259637047187,2.6717622640872025,-4.923794972207378,-3.026000454283213,-2.5016202667328487,0.8405904196048826,-0.1003745290353111,3.96655869639455,-0.4489899438841477,1.3205895250247552
70.0,187.0,153.1660919189453,-2.121447798556532,1.8336876551817392,-4.9380753146679925,-3.094233202647145,-3.0649950223856144,0.8354321701101891,-1.021508757068139,3.955010029302585,-0.4447028575291981,0.7080551592072115
70.0,187.0,142.1283721923828,-2.1192890279676746,1.7984264980446047,-4.92041992272411,-3.023637196291919,-2.4862630705474427,0.8392563093769569,-0.5088082330646075,3.99275164134204,-0.4506043871085918,1.3222941943722175
70.0,187.0,144.48789978027344,-2.141046964113209,1.771880474365917,-4.911381224157521,-3.040130457582591,-2.517262630056656,0.8055665997807893,-1.0369607176572375,3.977882256769657,-0.4549739669163189,1.3219810566530266
70.0,187.0,137.93943786621094,-2.122061662953001,2.6671451988165007,-4.919130577903133,-3.028601169154594,-2.501573563729401,0.8479280070199793,-0.0997212800137455,3.9627541522817737,-0.4492162017105593,1.3236855637674607
70.0,187.0,150.5499267578125,-2.11968739608623,1.755035030369485,-4.927208819748874,-3.0244678618957064,-2.0218319945465275,0.8106048132035997,-1.0135414794231097,3.9867357123238514,-0.4552261932641993,1.349251448476138
70.0,187.0,140.70806884765625,-2.1170765257260005,1.7786727018614492,-4.886691515714032,-3.0032452423189584,-2.490826029221292,0.8457199841861938,-0.5221104655596113,3.970749928697078,-0.4471574466552951,1.3225873864163096
70.0,187.0,138.91697692871094,-2.171069523432344,2.7008255085143333,-4.917366450886192,-3.026875164034515,-2.468636098468439,0.8367328874352976,-0.1012739458087827,3.9669668734672334,-0.4499516970416585,1.3173893864274326
70.0,187.0,137.94046020507812,-2.113893239394053,2.668966548242873,-4.924524824018381,-3.031643218142888,-2.5041299639423955,0.8455721792447358,-0.0998421209439764,3.9671222494732814,-0.4495364992566079,1.322338134819422
70.0,187.0,138.0879669189453,-2.115344345512604,2.679826771881371,-4.924500791443057,-3.032462712328181,-2.507295609348,0.8480965689611242,-0.0979486128228164,3.9582770498036206,-0.4491226044314809,1.321989128712744
70.0,187.0,140.52117919921875,-2.1272497769988306,1.774468940747441,-4.918171862643308,-3.039466282870276,-2.4890347571925453,0.8476899259151214,-0.521753245229758,3.96549093137469,-0.4572526271482879,1.3258236409937911
70.0,187.0,146.584716796875,-2.103115268970947,1.7773525520170366,-4.8991595252982325,-3.0347150506673737,-2.5711874065489764,0.8116258795517473,-1.035978714195854,3.971544582710554,-0.4467989748149475,1.6285298446205214
70.0,187.0,139.49063110351562,-2.127036784137281,2.6864341888011003,-4.922580773522917,-3.0061126931140665,-1.94209301285814,0.8409841124852037,-0.5625834980067171,3.962763002701845,-0.4500653814960387,1.3055394714877115
70.0,187.0,138.61581420898438,-2.1158318666360287,2.684572597916533,-4.936925560343807,-3.01969972033007,-2.531930431938753,0.8418390430367473,-0.1137048673100687,3.967218880861747,-0.4461580899896946,1.3254120591706329
70.0,187.0,138.2348175048828,-2.124153308589317,2.68965891250709,-4.917731485077325,-3.0320295053783326,-2.4915690251843428,0.8467442528956323,-0.117270585284069,3.961064245141978,-0.4503192027829105,1.3250156147447307
70.0,187.0,155.14508056640625,-2.144416528898283,1.7532622941419214,-4.910340166670732,-3.045212005694971,-1.9538792327145715,0.8337103093690844,-1.0439633387742353,3.904955445319976,-0.4075869564763927,0.7623833671535221
70.0,187.0,140.58787536621094,-2.1195343794311863,1.7739414720747098,-4.924618637607522,-3.031940156859683,-2.529142905056195,0.8435103435695624,-0.1337611689335374,3.973058904472408,-0.4488663263112497,1.3293848156199288
70.0,187.0,138.0713348388672,-2.128758122592328,2.680765849221207,-4.925705033665791,-3.0246594692006763,-2.480989725771349,0.845690454106572,-0.0995579005092552,3.9659577877578753,-0.4520323926761095,1.3257625303546106
70.0,187.0,157.8895721435547,-2.151116586352581,1.7765067177928218,-4.954217446239854,-3.688038395004858,-2.586077377730949,0.8144731752930827,-0.6122097261475492,3.624379146848815,-0.454328507982406,0.9702287003031408
70.0,187.0,160.38934326171875,-2.1239526524329047,1.7532778008160277,-4.793683137872873,-2.992665936417859,-3.0883299703921034,0.7444479414625762,-1.0498487622640318,3.959048847339001,-0.7967959506285662,0.7170082799296202
70.0,187.0,137.95419311523438,-2.127510486587058,2.6664213177803657,-4.925946181719729,-3.030718126183132,-2.502510773607647,0.8407793874387863,-0.1007815620198274,3.966536784186372,-0.4492824282483114,1.3246605835724932
70.0,187.0,155.30633544921875,-2.110355142561264,1.7355664246072802,-4.897661520156259,-3.0945963635771343,-3.0647722813398968,0.8256285834289196,-1.0204516952792135,4.389633871132414,-0.4667985076585941,0.7287559592886229
70.0,187.0,158.0673828125,-2.13478528945232,1.8441109636686763,-4.929363763692761,-3.1294766675918138,-3.0546509867568057,1.330469986782295,-1.0107985278553162,3.543151829295136,-0.4498499097984712,0.7093224768745058
70.0,187.0,151.25607299804688,-2.172037136009037,1.7295055121999343,-4.886813252907739,-3.044272093932116,-2.527211347557737,0.8736419156014977,-1.0803740810791176,4.326682419773425,-0.4568381444550614,1.020613823807618
70.0,187.0,165.35855102539062,-2.0411344005614884,1.8033887960812784,-4.990096883276585,-3.0271535952284765,-1.9850275875294443,0.7502007915430735,-1.0075749577924853,3.0752222344234887,-0.4467256416415724,1.0584411608503208
70.0,187.0,165.263427734375,-2.025108824505472,1.819420873531608,-4.880777358367313,-3.048511178555349,-3.076473591889685,0.724041054625411,-1.045823708623605,4.79798916193166,-0.408550783489008,0.6991762171530035
70.0,187.0,138.37796020507812,-2.1255747756903727,2.693029735313488,-4.922084749347489,-3.0275412053466497,-2.493870712903155,0.8405767051055789,-0.1191525425413575,3.966333084481677,-0.4484843168929918,1.332109417989921
70.0,187.0,160.2692413330078,-1.055922459328694,1.7735920722761906,-4.937958133848109,-1.695201673496223,-3.064020344723154,0.8372423768827528,-1.0608401158966236,4.429729571994304,-0.4561175576200931,0.7202760905369371
70.0,188.0,157.60691833496094,-2.1221509371431435,1.8392303061078088,-4.902514539010984,-3.0864103908050646,-3.0538475418464337,0.8517324402109121,-1.0171489627324086,3.092931355225164,-0.4559853455206131,0.9824460715350812
70.0,188.0,161.15728759765625,-1.9534206856324816,1.7536378394229737,-4.890109816254475,-3.0956079319477503,-3.0662115030366284,0.8279698431872164,-1.019189610828445,4.304919778195342,-0.4515226464921155,0.7024576952550962
70.0,188.0,137.86192321777344,-2.117800296695536,2.675060293822595,-4.922290025193135,-3.027935279981284,-2.5040521871909243,0.8478738732967751,-0.099897556218255,3.966110916736105,-0.4461138680384,1.3219547282552515
70.0,188.0,139.32821655273438,-2.1180140459754995,2.672157573415032,-4.955136631218495,-3.030889349505865,-2.49179729189102,0.8462879586059928,-0.5276111641118074,3.9616593847090966,-0.4446072916824604,1.3217704748747094
70.0,188.0,137.88018798828125,-2.1165250777263647,2.682952205899546,-4.925751386419625,-3.02792064819247,-2.487712390720217,0.8435640101310801,-0.0997056675857196,3.9675822154994473,-0.4466272852234623,1.3249290389609638
70.0,188.0,150.95826721191406,-2.1262525097823337,1.7737189882144293,-4.926724315985826,-3.0259742329384216,-2.437463469842107,1.4099652745982325,-1.0262765149084487,3.9233814230264574,-0.4512474950726279,1.609887845109697
70.0,188.0,156.08035278320312,-2.1580996450789263,1.728328627406782,-4.879695436337815,-3.0850529772078543,-3.06587044186364,0.8359929899162684,-1.015638048938622,3.5437633377229565,-0.4462973345896071,0.7233871726910266
70.0,188.0,145.83074951171875,-2.1182021524849444,1.8078905911135548,-4.935700425047287,-2.9794937688851824,-2.4827301949732017,0.8507230196630945,-1.052661683502819,3.970937820545013,-0.4537632926829645,1.6362450208066313
70.0,188.0,142.9798126220703,-2.1220829198845297,1.779816139448701,-4.916527573251591,-3.02469365005042,-2.497106128890054,0.8394429982048441,-1.0497138158275474,3.959478534814511,-0.4503832498699787,1.3264084915991838
70.0,188.0,138.3935089111328,-2.1292451655984306,2.661508367297692,-4.918951849721878,-3.0139250627420004,-2.4928023366073937,0.8474999615989752,-0.097749542543615,3.9671561139699634,-0.4467693188693596,1.3137122519192084
70.0,188.0,138.126953125,-2.1272306233272644,2.690066396129517,-4.927198307750801,-3.032003746265965,-2.490070588514618,0.8422034147194823,-0.1131584858197553,3.965080573637964,-0.4503542826379362,1.3242440231654982
70.0,188.0,138.89573669433594,-2.115213843229185,2.654874310357398,-4.925347410906462,-3.001988803754849,-2.490839012051247,0.8352820081697727,-0.1083123613331317,3.982994745987456,-0.4506073055758177,1.3256396665817218
70.0,188.0,139.1177978515625,-2.121924358678077,2.666080249734612,-4.918759838099927,-3.032773542817324,-2.490193648566313,0.8467825409558875,-0.5280131587354278,3.967725551798917,-0.4509176876331131,1.322280599399067
70.0,188.0,142.46267700195312,-2.1232609530412936,2.7566488900240795,-4.918842310309988,-3.023558994006141,-2.501609275844215,0.8462144983208695,-0.1579454035755592,3.9707787410443625,-0.4529763349832271,1.3197779449706493
70.0,188.0,177.90628051757812,-0.9480992037287066,1.6698462529856726,-4.92126265432442,-3.066282443454009,-3.048841576344093,1.9184003846581128,-1.029547548154336,4.407033002134062,-0.5675828178794807,0.7291447687456702
70.0,188.0,137.8966064453125,-2.117740934051814,2.678383953618237,-4.921462771003051,-3.021807210206069,-2.5027739094550245,0.8464362638176365,-0.1001803705033577,3.9661325752887606,-0.4492257570517828,1.3227725451181291
70.0,188.0,140.55001831054688,-2.122329315786468,1.802061285371577,-4.931716526883416,-3.0283693764857564,-2.486060058575672,0.8457611210177214,-0.5347108318649818,3.980144941527816,-0.4523532917964609,1.322373004556118
70.0,188.0,149.86083984375,-2.12290973532822,1.7678672280638843,-4.933681346827862,-3.0281690041240785,-2.4860633919118627,0.9010736490337464,-1.0043492977172703,4.342770552392945,-0.4457589969867184,1.2979840525979809
70.0,188.0,149.8558807373047,-2.1111044588044594,2.641686632673826,-4.929163837336221,-3.0199126791404143,-2.620657437733671,0.8422044171890584,-0.113757326940539,4.036803368312294,-0.4510087777343007,0.99886656482351
70.0,188.0,138.06292724609375,-2.1144689070323075,2.6814138624210755,-4.927333901220004,-3.028897348491144,-2.4785470726191847,0.8455872161047829,-0.1023599230710288,3.9710361773648497,-0.4454745089529578,1.3256922819096326
70.0,188.0,137.89016723632812,-2.123013926534018,2.673362773613332,-4.926233636037881,-3.033027227413186,-2.4992636335516423,0.8418259713150014,-0.0999448225247422,3.968024690115213,-0.4480544299418084,1.320194095555283
70.0,188.0,139.24049377441406,-2.122952978603168,2.70020178203428,-4.9094442719968265,-3.03447883586124,-2.4897371704606464,0.8453880164933214,-0.5275536671755963,3.970888576625884,-0.4506163248250027,1.3280531216495697
70.0,188.0,137.9054718017578,-2.1265259637047187,2.6717622640872025,-4.923794972207378,-3.026000454283213,-2.5016202667328487,0.8405904196048826,-0.1003745290353111,3.96655869639455,-0.4489899438841477,1.3205895250247552
70.0,188.0,153.1660919189453,-2.121447798556532,1.8336876551817392,-4.9380753146679925,-3.094233202647145,-3.0649950223856144,0.8354321701101891,-1.021508757068139,3.955010029302585,-0.4447028575291981,0.7080551592072115
70.0,188.0,142.1283721923828,-2.1192890279676746,1.7984264980446047,-4.92041992272411,-3.023637196291919,-2.4862630705474427,0.8392563093769569,-0.5088082330646075,3.99275164134204,-0.4506043871085918,1.3222941943722175
70.0,188.0,144.48789978027344,-2.141046964113209,1.771880474365917,-4.911381224157521,-3.040130457582591,-2.517262630056656,0.8055665997807893,-1.0369607176572375,3.977882256769657,-0.4549739669163189,1.3219810566530266
70.0,188.0,137.89418029785156,-2.117098662441978,2.681846483238859,-4.920980567109863,-3.0305172067487947,-2.503311126315756,0.8485888495275947,-0.1000764648579264,3.964754236259951,-0.4494575119058683,1.3214568970719287
70.0,188.0,150.5499267578125,-2.11968739608623,1.755035030369485,-4.927208819748874,-3.0244678618957064,-2.0218319945465275,0.8106048132035997,-1.0135414794231097,3.9867357123238514,-0.4552261932641993,1.349251448476138
70.0,188.0,140.70806884765625,-2.1170765257260005,1.7786727018614492,-4.886691515714032,-3.0032452423189584,-2.490826029221292,0.8457199841861938,-0.5221104655596113,3.970749928697078,-0.4471574466552951,1.3225873864163096
70.0,188.0,138.91697692871094,-2.171069523432344,2.7008255085143333,-4.917366450886192,-3.026875164034515,-2.468636098468439,0.8367328874352976,-0.1012739458087827,3.9669668734672334,-0.4499516970416585,1.3173893864274326
70.0,188.0,137.94046020507812,-2.113893239394053,2.668966548242873,-4.924524824018381,-3.031643218142888,-2.5041299639423955,0.8455721792447358,-0.0998421209439764,3.9671222494732814,-0.4495364992566079,1.322338134819422
70.0,188.0,138.0879669189453,-2.115344345512604,2.679826771881371,-4.924500791443057,-3.032462712328181,-2.507295609348,0.8480965689611242,-0.0979486128228164,3.9582770498036206,-0.4491226044314809,1.321989128712744
70.0,188.0,140.52117919921875,-2.1272497769988306,1.774468940747441,-4.918171862643308,-3.039466282870276,-2.4890347571925453,0.8476899259151214,-0.521753245229758,3.96549093137469,-0.4572526271482879,1.3258236409937911
70.0,188.0,146.584716796875,-2.103115268970947,1.7773525520170366,-4.8991595252982325,-3.0347150506673737,-2.5711874065489764,0.8116258795517473,-1.035978714195854,3.971544582710554,-0.4467989748149475,1.6285298446205214
70.0,188.0,139.49063110351562,-2.127036784137281,2.6864341888011003,-4.922580773522917,-3.0061126931140665,-1.94209301285814,0.8409841124852037,-0.5625834980067171,3.962763002701845,-0.4500653814960387,1.3055394714877115
70.0,188.0,138.61581420898438,-2.1158318666360287,2.684572597916533,-4.936925560343807,-3.01969972033007,-2.531930431938753,0.8418390430367473,-0.1137048673100687,3.967218880861747,-0.4461580899896946,1.3254120591706329
70.0,188.0,138.2348175048828,-2.124153308589317,2.68965891250709,-4.917731485077325,-3.0320295053783326,-2.4915690251843428,0.8467442528956323,-0.117270585284069,3.961064245141978,-0.4503192027829105,1.3250156147447307
70.0,188.0,155.14508056640625,-2.144416528898283,1.7532622941419214,-4.910340166670732,-3.045212005694971,-1.9538792327145715,0.8337103093690844,-1.0439633387742353,3.904955445319976,-0.4075869564763927,0.7623833671535221
70.0,188.0,140.02992248535156,-2.1206239158216897,3.5416015937258445,-4.92539878207737,-3.0216228437275667,-2.5297387897126304,0.8426042417290013,-0.116954344959214,3.974087077840529,-0.4455375576460416,1.3222008847944693
70.0,188.0,138.0713348388672,-2.128758122592328,2.680765849221207,-4.925705033665791,-3.0246594692006763,-2.480989725771349,0.845690454106572,-0.0995579005092552,3.9659577877578753,-0.4520323926761095,1.3257625303546106
70.0,188.0,157.8895721435547,-2.151116586352581,1.7765067177928218,-4.954217446239854,-3.688038395004858,-2.586077377730949,0.8144731752930827,-0.6122097261475492,3.624379146848815,-0.454328507982406,0.9702287003031408
70.0,188.0,160.38934326171875,-2.1239526524329047,1.7532778008160277,-4.793683137872873,-2.992665936417859,-3.0883299703921034,0.7444479414625762,-1.0498487622640318,3.959048847339001,-0.7967959506285662,0.7170082799296202
70.0,188.0,137.95419311523438,-2.127510486587058,2.6664213177803657,-4.925946181719729,-3.030718126183132,-2.502510773607647,0.8407793874387863,-0.1007815620198274,3.966536784186372,-0.4492824282483114,1.3246605835724932
70.0,188.0,155.30633544921875,-2.110355142561264,1.7355664246072802,-4.897661520156259,-3.0945963635771343,-3.0647722813398968,0.8256285834289196,-1.0204516952792135,4.389633871132414,-0.4667985076585941,0.7287559592886229
70.0,188.0,158.0673828125,-2.13478528945232,1.8441109636686763,-4.929363763692761,-3.1294766675918138,-3.0546509867568057,1.330469986782295,-1.0107985278553162,3.543151829295136,-0.4498499097984712,0.7093224768745058
70.0,188.0,151.25607299804688,-2.172037136009037,1.7295055121999343,-4.886813252907739,-3.044272093932116,-2.527211347557737,0.8736419156014977,-1.0803740810791176,4.326682419773425,-0.4568381444550614,1.020613823807618
70.0,188.0,165.35855102539062,-2.0411344005614884,1.8033887960812784,-4.990096883276585,-3.0271535952284765,-1.9850275875294443,0.7502007915430735,-1.0075749577924853,3.0752222344234887,-0.4467256416415724,1.0584411608503208
70.0,188.0,165.263427734375,-2.025108824505472,1.819420873531608,-4.880777358367313,-3.048511178555349,-3.076473591889685,0.724041054625411,-1.045823708623605,4.79798916193166,-0.408550783489008,0.6991762171530035
70.0,188.0,138.1123046875,-2.115595199089888,2.692375892804538,-4.920512288149395,-3.027682344582108,-2.4961249152524285,0.8523234972362922,-0.107672443325404,3.965515050159726,-0.4486065415095562,1.315272074958976
70.0,188.0,160.2692413330078,-1.055922459328694,1.7735920722761906,-4.937958133848109,-1.695201673496223,-3.064020344723154,0.8372423768827528,-1.0608401158966236,4.429729571994304,-0.4561175576200931,0.7202760905369371
70.0,189.0,157.60691833496094,-2.1221509371431435,1.8392303061078088,-4.902514539010984,-3.0864103908050646,-3.0538475418464337,0.8517324402109121,-1.0171489627324086,3.092931355225164,-0.4559853455206131,0.9824460715350812
70.0,189.0,161.15728759765625,-1.9534206856324816,1.7536378394229737,-4.890109816254475,-3.0956079319477503,-3.0662115030366284,0.8279698431872164,-1.019189610828445,4.304919778195342,-0.4515226464921155,0.7024576952550962
70.0,189.0,137.86192321777344,-2.117800296695536,2.675060293822595,-4.922290025193135,-3.027935279981284,-2.5040521871909243,0.8478738732967751,-0.099897556218255,3.966110916736105,-0.4461138680384,1.3219547282552515
70.0,189.0,139.32821655273438,-2.1180140459754995,2.672157573415032,-4.955136631218495,-3.030889349505865,-2.49179729189102,0.8462879586059928,-0.5276111641118074,3.9616593847090966,-0.4446072916824604,1.3217704748747094
70.0,189.0,137.88018798828125,-2.1165250777263647,2.682952205899546,-4.925751386419625,-3.02792064819247,-2.487712390720217,0.8435640101310801,-0.0997056675857196,3.9675822154994473,-0.4466272852234623,1.3249290389609638
70.0,189.0,150.95826721191406,-2.1262525097823337,1.7737189882144293,-4.926724315985826,-3.0259742329384216,-2.437463469842107,1.4099652745982325,-1.0262765149084487,3.9233814230264574,-0.4512474950726279,1.609887845109697
70.0,189.0,156.08035278320312,-2.1580996450789263,1.728328627406782,-4.879695436337815,-3.0850529772078543,-3.06587044186364,0.8359929899162684,-1.015638048938622,3.5437633377229565,-0.4462973345896071,0.7233871726910266
70.0,189.0,145.83074951171875,-2.1182021524849444,1.8078905911135548,-4.935700425047287,-2.9794937688851824,-2.4827301949732017,0.8507230196630945,-1.052661683502819,3.970937820545013,-0.4537632926829645,1.6362450208066313
70.0,189.0,142.9798126220703,-2.1220829198845297,1.779816139448701,-4.916527573251591,-3.02469365005042,-2.497106128890054,0.8394429982048441,-1.0497138158275474,3.959478534814511,-0.4503832498699787,1.3264084915991838
70.0,189.0,138.3935089111328,-2.1292451655984306,2.661508367297692,-4.918951849721878,-3.0139250627420004,-2.4928023366073937,0.8474999615989752,-0.097749542543615,3.9671561139699634,-0.4467693188693596,1.3137122519192084
70.0,189.0,138.126953125,-2.1272306233272644,2.690066396129517,-4.927198307750801,-3.032003746265965,-2.490070588514618,0.8422034147194823,-0.1131584858197553,3.965080573637964,-0.4503542826379362,1.3242440231654982
70.0,189.0,138.89573669433594,-2.115213843229185,2.654874310357398,-4.925347410906462,-3.001988803754849,-2.490839012051247,0.8352820081697727,-0.1083123613331317,3.982994745987456,-0.4506073055758177,1.3256396665817218
70.0,189.0,139.1177978515625,-2.121924358678077,2.666080249734612,-4.918759838099927,-3.032773542817324,-2.490193648566313,0.8467825409558875,-0.5280131587354278,3.967725551798917,-0.4509176876331131,1.322280599399067
70.0,189.0,142.46267700195312,-2.1232609530412936,2.7566488900240795,-4.918842310309988,-3.023558994006141,-2.501609275844215,0.8462144983208695,-0.1579454035755592,3.9707787410443625,-0.4529763349832271,1.3197779449706493
70.0,189.0,177.90628051757812,-0.9480992037287066,1.6698462529856726,-4.92126265432442,-3.066282443454009,-3.048841576344093,1.9184003846581128,-1.029547548154336,4.407033002134062,-0.5675828178794807,0.7291447687456702
70.0,189.0,137.84786987304688,-2.1164356176265366,2.68647548476844,-4.918453628375961,-3.028278821911964,-2.499912996330844,0.842639580787254,-0.0998922048236414,3.967844303480267,-0.4432695340415124,1.3234868733948362
70.0,189.0,140.55001831054688,-2.122329315786468,1.802061285371577,-4.931716526883416,-3.0283693764857564,-2.486060058575672,0.8457611210177214,-0.5347108318649818,3.980144941527816,-0.4523532917964609,1.322373004556118
70.0,189.0,149.86083984375,-2.12290973532822,1.7678672280638843,-4.933681346827862,-3.0281690041240785,-2.4860633919118627,0.9010736490337464,-1.0043492977172703,4.342770552392945,-0.4457589969867184,1.2979840525979809
70.0,189.0,149.8558807373047,-2.1111044588044594,2.641686632673826,-4.929163837336221,-3.0199126791404143,-2.620657437733671,0.8422044171890584,-0.113757326940539,4.036803368312294,-0.4510087777343007,0.99886656482351
70.0,189.0,137.96942138671875,-2.1179276642437257,2.6838876015909,-4.921275753622431,-3.0297638456562463,-2.5154028491633253,0.8486591259270991,-0.0995644029246081,3.966380914981974,-0.4459427532612217,1.321831000194081
70.0,189.0,137.89016723632812,-2.123013926534018,2.673362773613332,-4.926233636037881,-3.033027227413186,-2.4992636335516423,0.8418259713150014,-0.0999448225247422,3.968024690115213,-0.4480544299418084,1.320194095555283
70.0,189.0,139.24049377441406,-2.122952978603168,2.70020178203428,-4.9094442719968265,-3.03447883586124,-2.4897371704606464,0.8453880164933214,-0.5275536671755963,3.970888576625884,-0.4506163248250027,1.3280531216495697
70.0,189.0,137.9054718017578,-2.1265259637047187,2.6717622640872025,-4.923794972207378,-3.026000454283213,-2.5016202667328487,0.8405904196048826,-0.1003745290353111,3.96655869639455,-0.4489899438841477,1.3205895250247552
70.0,189.0,153.1660919189453,-2.121447798556532,1.8336876551817392,-4.9380753146679925,-3.094233202647145,-3.0649950223856144,0.8354321701101891,-1.021508757068139,3.955010029302585,-0.4447028575291981,0.7080551592072115
70.0,189.0,142.1283721923828,-2.1192890279676746,1.7984264980446047,-4.92041992272411,-3.023637196291919,-2.4862630705474427,0.8392563093769569,-0.5088082330646075,3.99275164134204,-0.4506043871085918,1.3222941943722175
70.0,189.0,144.48789978027344,-2.141046964113209,1.771880474365917,-4.911381224157521,-3.040130457582591,-2.517262630056656,0.8055665997807893,-1.0369607176572375,3.977882256769657,-0.4549739669163189,1.3219810566530266
70.0,189.0,137.89418029785156,-2.117098662441978,2.681846483238859,-4.920980567109863,-3.0305172067487947,-2.503311126315756,0.8485888495275947,-0.1000764648579264,3.964754236259951,-0.4494575119058683,1.3214568970719287
70.0,189.0,150.5499267578125,-2.11968739608623,1.755035030369485,-4.927208819748874,-3.0244678618957064,-2.0218319945465275,0.8106048132035997,-1.0135414794231097,3.9867357123238514,-0.4552261932641993,1.349251448476138
70.0,189.0,140.70806884765625,-2.1170765257260005,1.7786727018614492,-4.886691515714032,-3.0032452423189584,-2.490826029221292,0.8457199841861938,-0.5221104655596113,3.970749928697078,-0.4471574466552951,1.3225873864163096
70.0,189.0,138.91697692871094,-2.171069523432344,2.7008255085143333,-4.917366450886192,-3.026875164034515,-2.468636098468439,0.8367328874352976,-0.1012739458087827,3.9669668734672334,-0.4499516970416585,1.3173893864274326
70.0,189.0,137.94046020507812,-2.113893239394053,2.668966548242873,-4.924524824018381,-3.031643218142888,-2.5041299639423955,0.8455721792447358,-0.0998421209439764,3.9671222494732814,-0.4495364992566079,1.322338134819422
70.0,189.0,138.0879669189453,-2.115344345512604,2.679826771881371,-4.924500791443057,-3.032462712328181,-2.507295609348,0.8480965689611242,-0.0979486128228164,3.9582770498036206,-0.4491226044314809,1.321989128712744
70.0,189.0,140.52117919921875,-2.1272497769988306,1.774468940747441,-4.918171862643308,-3.039466282870276,-2.4890347571925453,0.8476899259151214,-0.521753245229758,3.96549093137469,-0.4572526271482879,1.3258236409937911
70.0,189.0,146.584716796875,-2.103115268970947,1.7773525520170366,-4.8991595252982325,-3.0347150506673737,-2.5711874065489764,0.8116258795517473,-1.035978714195854,3.971544582710554,-0.4467989748149475,1.6285298446205214
70.0,189.0,139.49063110351562,-2.127036784137281,2.6864341888011003,-4.922580773522917,-3.0061126931140665,-1.94209301285814,0.8409841124852037,-0.5625834980067171,3.962763002701845,-0.4500653814960387,1.3055394714877115
70.0,189.0,138.61581420898438,-2.1158318666360287,2.684572597916533,-4.936925560343807,-3.01969972033007,-2.531930431938753,0.8418390430367473,-0.1137048673100687,3.967218880861747,-0.4461580899896946,1.3254120591706329
70.0,189.0,138.2348175048828,-2.124153308589317,2.68965891250709,-4.917731485077325,-3.0320295053783326,-2.4915690251843428,0.8467442528956323,-0.117270585284069,3.961064245141978,-0.4503192027829105,1.3250156147447307
70.0,189.0,155.14508056640625,-2.144416528898283,1.7532622941419214,-4.910340166670732,-3.045212005694971,-1.9538792327145715,0.8337103093690844,-1.0439633387742353,3.904955445319976,-0.4075869564763927,0.7623833671535221
70.0,189.0,140.02992248535156,-2.1206239158216897,3.5416015937258445,-4.92539878207737,-3.0216228437275667,-2.5297387897126304,0.8426042417290013,-0.116954344959214,3.974087077840529,-0.4455375576460416,1.3222008847944693
70.0,189.0,138.0713348388672,-2.128758122592328,2.680765849221207,-4.925705033665791,-3.0246594692006763,-2.480989725771349,0.845690454106572,-0.0995579005092552,3.9659577877578753,-0.4520323926761095,1.3257625303546106
70.0,189.0,157.8895721435547,-2.151116586352581,1.7765067177928218,-4.954217446239854,-3.688038395004858,-2.586077377730949,0.8144731752930827,-0.6122097261475492,3.624379146848815,-0.454328507982406,0.9702287003031408
70.0,189.0,160.38934326171875,-2.1239526524329047,1.7532778008160277,-4.793683137872873,-2.992665936417859,-3.0883299703921034,0.7444479414625762,-1.0498487622640318,3.959048847339001,-0.7967959506285662,0.7170082799296202
70.0,189.0,137.95419311523438,-2.127510486587058,2.6664213177803657,-4.925946181719729,-3.030718126183132,-2.502510773607647,0.8407793874387863,-0.1007815620198274,3.966536784186372,-0.4492824282483114,1.3246605835724932
70.0,189.0,155.30633544921875,-2.110355142561264,1.7355664246072802,-4.897661520156259,-3.0945963635771343,-3.0647722813398968,0.8256285834289196,-1.0204516952792135,4.389633871132414,-0.4667985076585941,0.7287559592886229
70.0,189.0,158.0673828125,-2.13478528945232,1.8441109636686763,-4.929363763692761,-3.1294766675918138,-3.0546509867568057,1.330469986782295,-1.0107985278553162,3.543151829295136,-0.4498499097984712,0.7093224768745058
70.0,189.0,151.25607299804688,-2.172037136009037,1.7295055121999343,-4.886813252907739,-3.044272093932116,-2.527211347557737,0.8736419156014977,-1.0803740810791176,4.326682419773425,-0.4568381444550614,1.020613823807618
70.0,189.0,165.35855102539062,-2.0411344005614884,1.8033887960812784,-4.990096883276585,-3.0271535952284765,-1.9850275875294443,0.7502007915430735,-1.0075749577924853,3.0752222344234887,-0.4467256416415724,1.0584411608503208
70.0,189.0,165.263427734375,-2.025108824505472,1.819420873531608,-4.880777358367313,-3.048511178555349,-3.076473591889685,0.724041054625411,-1.045823708623605,4.79798916193166,-0.408550783489008,0.6991762171530035
70.0,189.0,138.1123046875,-2.115595199089888,2.692375892804538,-4.920512288149395,-3.027682344582108,-2.4961249152524285,0.8523234972362922,-0.107672443325404,3.965515050159726,-0.4486065415095562,1.315272074958976
70.0,189.0,160.2692413330078,-1.055922459328694,1.7735920722761906,-4.937958133848109,-1.695201673496223,-3.064020344723154,0.8372423768827528,-1.0608401158966236,4.429729571994304,-0.4561175576200931,0.7202760905369371
70.0,190.0,157.60691833496094,-2.1221509371431435,1.8392303061078088,-4.902514539010984,-3.0864103908050646,-3.0538475418464337,0.8517324402109121,-1.0171489627324086,3.092931355225164,-0.4559853455206131,0.9824460715350812
70.0,190.0,161.15728759765625,-1.9534206856324816,1.7536378394229737,-4.890109816254475,-3.0956079319477503,-3.0662115030366284,0.8279698431872164,-1.019189610828445,4.304919778195342,-0.4515226464921155,0.7024576952550962
70.0,190.0,137.86192321777344,-2.117800296695536,2.675060293822595,-4.922290025193135,-3.027935279981284,-2.5040521871909243,0.8478738732967751,-0.099897556218255,3.966110916736105,-0.4461138680384,1.3219547282552515
70.0,190.0,139.32821655273438,-2.1180140459754995,2.672157573415032,-4.955136631218495,-3.030889349505865,-2.49179729189102,0.8462879586059928,-0.5276111641118074,3.9616593847090966,-0.4446072916824604,1.3217704748747094
70.0,190.0,137.88018798828125,-2.1165250777263647,2.682952205899546,-4.925751386419625,-3.02792064819247,-2.487712390720217,0.8435640101310801,-0.0997056675857196,3.9675822154994473,-0.4466272852234623,1.3249290389609638
70.0,190.0,150.95826721191406,-2.1262525097823337,1.7737189882144293,-4.926724315985826,-3.0259742329384216,-2.437463469842107,1.4099652745982325,-1.0262765149084487,3.9233814230264574,-0.4512474950726279,1.609887845109697
70.0,190.0,156.08035278320312,-2.1580996450789263,1.728328627406782,-4.879695436337815,-3.0850529772078543,-3.06587044186364,0.8359929899162684,-1.015638048938622,3.5437633377229565,-0.4462973345896071,0.7233871726910266
70.0,190.0,145.83074951171875,-2.1182021524849444,1.8078905911135548,-4.935700425047287,-2.9794937688851824,-2.4827301949732017,0.8507230196630945,-1.052661683502819,3.970937820545013,-0.4537632926829645,1.6362450208066313
70.0,190.0,142.9798126220703,-2.1220829198845297,1.779816139448701,-4.916527573251591,-3.02469365005042,-2.497106128890054,0.8394429982048441,-1.0497138158275474,3.959478534814511,-0.4503832498699787,1.3264084915991838
70.0,190.0,138.3935089111328,-2.1292451655984306,2.661508367297692,-4.918951849721878,-3.0139250627420004,-2.4928023366073937,0.8474999615989752,-0.097749542543615,3.9671561139699634,-0.4467693188693596,1.3137122519192084
70.0,190.0,137.91786193847656,-2.11956131728669,2.671591592498131,-4.926906906281553,-3.030263991856621,-2.48750420725833,0.8372485312540221,-0.1004894706864319,3.96717778310104,-0.4461709982174499,1.3232512474348723
70.0,190.0,138.89573669433594,-2.115213843229185,2.654874310357398,-4.925347410906462,-3.001988803754849,-2.490839012051247,0.8352820081697727,-0.1083123613331317,3.982994745987456,-0.4506073055758177,1.3256396665817218
70.0,190.0,139.1177978515625,-2.121924358678077,2.666080249734612,-4.918759838099927,-3.032773542817324,-2.490193648566313,0.8467825409558875,-0.5280131587354278,3.967725551798917,-0.4509176876331131,1.322280599399067
70.0,190.0,142.46267700195312,-2.1232609530412936,2.7566488900240795,-4.918842310309988,-3.023558994006141,-2.501609275844215,0.8462144983208695,-0.1579454035755592,3.9707787410443625,-0.4529763349832271,1.3197779449706493
70.0,190.0,177.90628051757812,-0.9480992037287066,1.6698462529856726,-4.92126265432442,-3.066282443454009,-3.048841576344093,1.9184003846581128,-1.029547548154336,4.407033002134062,-0.5675828178794807,0.7291447687456702
70.0,190.0,137.84786987304688,-2.1164356176265366,2.68647548476844,-4.918453628375961,-3.028278821911964,-2.499912996330844,0.842639580787254,-0.0998922048236414,3.967844303480267,-0.4432695340415124,1.3234868733948362
70.0,190.0,140.55001831054688,-2.122329315786468,1.802061285371577,-4.931716526883416,-3.0283693764857564,-2.486060058575672,0.8457611210177214,-0.5347108318649818,3.980144941527816,-0.4523532917964609,1.322373004556118
70.0,190.0,149.86083984375,-2.12290973532822,1.7678672280638843,-4.933681346827862,-3.0281690041240785,-2.4860633919118627,0.9010736490337464,-1.0043492977172703,4.342770552392945,-0.4457589969867184,1.2979840525979809
70.0,190.0,149.8558807373047,-2.1111044588044594,2.641686632673826,-4.929163837336221,-3.0199126791404143,-2.620657437733671,0.8422044171890584,-0.113757326940539,4.036803368312294,-0.4510087777343007,0.99886656482351
70.0,190.0,137.96942138671875,-2.1179276642437257,2.6838876015909,-4.921275753622431,-3.0297638456562463,-2.5154028491633253,0.8486591259270991,-0.0995644029246081,3.966380914981974,-0.4459427532612217,1.321831000194081
70.0,190.0,137.89016723632812,-2.123013926534018,2.673362773613332,-4.926233636037881,-3.033027227413186,-2.4992636335516423,0.8418259713150014,-0.0999448225247422,3.968024690115213,-0.4480544299418084,1.320194095555283
70.0,190.0,139.24049377441406,-2.122952978603168,2.70020178203428,-4.9094442719968265,-3.03447883586124,-2.4897371704606464,0.8453880164933214,-0.5275536671755963,3.970888576625884,-0.4506163248250027,1.3280531216495697
70.0,190.0,137.9054718017578,-2.1265259637047187,2.6717622640872025,-4.923794972207378,-3.026000454283213,-2.5016202667328487,0.8405904196048826,-0.1003745290353111,3.96655869639455,-0.4489899438841477,1.3205895250247552
70.0,190.0,153.1660919189453,-2.121447798556532,1.8336876551817392,-4.9380753146679925,-3.094233202647145,-3.0649950223856144,0.8354321701101891,-1.021508757068139,3.955010029302585,-0.4447028575291981,0.7080551592072115
70.0,190.0,142.1283721923828,-2.1192890279676746,1.7984264980446047,-4.92041992272411,-3.023637196291919,-2.4862630705474427,0.8392563093769569,-0.5088082330646075,3.99275164134204,-0.4506043871085918,1.3222941943722175
70.0,190.0,144.48789978027344,-2.141046964113209,1.771880474365917,-4.911381224157521,-3.040130457582591,-2.517262630056656,0.8055665997807893,-1.0369607176572375,3.977882256769657,-0.4549739669163189,1.3219810566530266
70.0,190.0,137.89418029785156,-2.117098662441978,2.681846483238859,-4.920980567109863,-3.0305172067487947,-2.503311126315756,0.8485888495275947,-0.1000764648579264,3.964754236259951,-0.4494575119058683,1.3214568970719287
70.0,190.0,150.5499267578125,-2.11968739608623,1.755035030369485,-4.927208819748874,-3.0244678618957064,-2.0218319945465275,0.8106048132035997,-1.0135414794231097,3.9867357123238514,-0.4552261932641993,1.349251448476138
70.0,190.0,140.70806884765625,-2.1170765257260005,1.7786727018614492,-4.886691515714032,-3.0032452423189584,-2.490826029221292,0.8457199841861938,-0.5221104655596113,3.970749928697078,-0.4471574466552951,1.3225873864163096
70.0,190.0,138.91697692871094,-2.171069523432344,2.7008255085143333,-4.917366450886192,-3.026875164034515,-2.468636098468439,0.8367328874352976,-0.1012739458087827,3.9669668734672334,-0.4499516970416585,1.3173893864274326
70.0,190.0,137.94046020507812,-2.113893239394053,2.668966548242873,-4.924524824018381,-3.031643218142888,-2.5041299639423955,0.8455721792447358,-0.0998421209439764,3.9671222494732814,-0.4495364992566079,1.322338134819422
70.0,190.0,138.0879669189453,-2.115344345512604,2.679826771881371,-4.924500791443057,-3.032462712328181,-2.507295609348,0.8480965689611242,-0.0979486128228164,3.9582770498036206,-0.4491226044314809,1.321989128712744
70.0,190.0,140.52117919921875,-2.1272497769988306,1.774468940747441,-4.918171862643308,-3.039466282870276,-2.4890347571925453,0.8476899259151214,-0.521753245229758,3.96549093137469,-0.4572526271482879,1.3258236409937911
70.0,190.0,146.584716796875,-2.103115268970947,1.7773525520170366,-4.8991595252982325,-3.0347150506673737,-2.5711874065489764,0.8116258795517473,-1.035978714195854,3.971544582710554,-0.4467989748149475,1.6285298446205214
70.0,190.0,139.49063110351562,-2.127036784137281,2.6864341888011003,-4.922580773522917,-3.0061126931140665,-1.94209301285814,0.8409841124852037,-0.5625834980067171,3.962763002701845,-0.4500653814960387,1.3055394714877115
70.0,190.0,138.61581420898438,-2.1158318666360287,2.684572597916533,-4.936925560343807,-3.01969972033007,-2.531930431938753,0.8418390430367473,-0.1137048673100687,3.967218880861747,-0.4461580899896946,1.3254120591706329
70.0,190.0,138.2348175048828,-2.124153308589317,2.68965891250709,-4.917731485077325,-3.0320295053783326,-2.4915690251843428,0.8467442528956323,-0.117270585284069,3.961064245141978,-0.4503192027829105,1.3250156147447307
70.0,190.0,155.14508056640625,-2.144416528898283,1.7532622941419214,-4.910340166670732,-3.045212005694971,-1.9538792327145715,0.8337103093690844,-1.0439633387742353,3.904955445319976,-0.4075869564763927,0.7623833671535221
70.0,190.0,140.02992248535156,-2.1206239158216897,3.5416015937258445,-4.92539878207737,-3.0216228437275667,-2.5297387897126304,0.8426042417290013,-0.116954344959214,3.974087077840529,-0.4455375576460416,1.3222008847944693
70.0,190.0,138.0713348388672,-2.128758122592328,2.680765849221207,-4.925705033665791,-3.0246594692006763,-2.480989725771349,0.845690454106572,-0.0995579005092552,3.9659577877578753,-0.4520323926761095,1.3257625303546106
70.0,190.0,157.8895721435547,-2.151116586352581,1.7765067177928218,-4.954217446239854,-3.688038395004858,-2.586077377730949,0.8144731752930827,-0.6122097261475492,3.624379146848815,-0.454328507982406,0.9702287003031408
70.0,190.0,160.38934326171875,-2.1239526524329047,1.7532778008160277,-4.793683137872873,-2.992665936417859,-3.0883299703921034,0.7444479414625762,-1.0498487622640318,3.959048847339001,-0.7967959506285662,0.7170082799296202
70.0,190.0,137.95419311523438,-2.127510486587058,2.6664213177803657,-4.925946181719729,-3.030718126183132,-2.502510773607647,0.8407793874387863,-0.1007815620198274,3.966536784186372,-0.4492824282483114,1.3246605835724932
70.0,190.0,155.30633544921875,-2.110355142561264,1.7355664246072802,-4.897661520156259,-3.0945963635771343,-3.0647722813398968,0.8256285834289196,-1.0204516952792135,4.389633871132414,-0.4667985076585941,0.7287559592886229
70.0,190.0,158.0673828125,-2.13478528945232,1.8441109636686763,-4.929363763692761,-3.1294766675918138,-3.0546509867568057,1.330469986782295,-1.0107985278553162,3.543151829295136,-0.4498499097984712,0.7093224768745058
70.0,190.0,151.25607299804688,-2.172037136009037,1.7295055121999343,-4.886813252907739,-3.044272093932116,-2.527211347557737,0.8736419156014977,-1.0803740810791176,4.326682419773425,-0.4568381444550614,1.020613823807618
70.0,190.0,165.35855102539062,-2.0411344005614884,1.8033887960812784,-4.990096883276585,-3.0271535952284765,-1.9850275875294443,0.7502007915430735,-1.0075749577924853,3.0752222344234887,-0.4467256416415724,1.0584411608503208
70.0,190.0,165.263427734375,-2.025108824505472,1.819420873531608,-4.880777358367313,-3.048511178555349,-3.076473591889685,0.724041054625411,-1.045823708623605,4.79798916193166,-0.408550783489008,0.6991762171530035
70.0,190.0,137.98744201660156,-2.1186416840438103,2.686010209415671,-4.919279384215946,-3.02801862124478,-2.4848140944970547,0.8515373149981043,-0.1029912780719104,3.966204247287356,-0.4481591683860312,1.323007917228846
70.0,190.0,160.2692413330078,-1.055922459328694,1.7735920722761906,-4.937958133848109,-1.695201673496223,-3.064020344723154,0.8372423768827528,-1.0608401158966236,4.429729571994304,-0.4561175576200931,0.7202760905369371
70.0,191.0,157.60691833496094,-2.1221509371431435,1.8392303061078088,-4.902514539010984,-3.0864103908050646,-3.0538475418464337,0.8517324402109121,-1.0171489627324086,3.092931355225164,-0.4559853455206131,0.9824460715350812
70.0,191.0,161.15728759765625,-1.9534206856324816,1.7536378394229737,-4.890109816254475,-3.0956079319477503,-3.0662115030366284,0.8279698431872164,-1.019189610828445,4.304919778195342,-0.4515226464921155,0.7024576952550962
70.0,191.0,137.86192321777344,-2.117800296695536,2.675060293822595,-4.922290025193135,-3.027935279981284,-2.5040521871909243,0.8478738732967751,-0.099897556218255,3.966110916736105,-0.4461138680384,1.3219547282552515
70.0,191.0,139.32821655273438,-2.1180140459754995,2.672157573415032,-4.955136631218495,-3.030889349505865,-2.49179729189102,0.8462879586059928,-0.5276111641118074,3.9616593847090966,-0.4446072916824604,1.3217704748747094
70.0,191.0,137.88018798828125,-2.1165250777263647,2.682952205899546,-4.925751386419625,-3.02792064819247,-2.487712390720217,0.8435640101310801,-0.0997056675857196,3.9675822154994473,-0.4466272852234623,1.3249290389609638
70.0,191.0,150.95826721191406,-2.1262525097823337,1.7737189882144293,-4.926724315985826,-3.0259742329384216,-2.437463469842107,1.4099652745982325,-1.0262765149084487,3.9233814230264574,-0.4512474950726279,1.609887845109697
70.0,191.0,156.08035278320312,-2.1580996450789263,1.728328627406782,-4.879695436337815,-3.0850529772078543,-3.06587044186364,0.8359929899162684,-1.015638048938622,3.5437633377229565,-0.4462973345896071,0.7233871726910266
70.0,191.0,145.83074951171875,-2.1182021524849444,1.8078905911135548,-4.935700425047287,-2.9794937688851824,-2.4827301949732017,0.8507230196630945,-1.052661683502819,3.970937820545013,-0.4537632926829645,1.6362450208066313
70.0,191.0,142.9798126220703,-2.1220829198845297,1.779816139448701,-4.916527573251591,-3.02469365005042,-2.497106128890054,0.8394429982048441,-1.0497138158275474,3.959478534814511,-0.4503832498699787,1.3264084915991838
70.0,191.0,138.3935089111328,-2.1292451655984306,2.661508367297692,-4.918951849721878,-3.0139250627420004,-2.4928023366073937,0.8474999615989752,-0.097749542543615,3.9671561139699634,-0.4467693188693596,1.3137122519192084
70.0,191.0,137.91786193847656,-2.11956131728669,2.671591592498131,-4.926906906281553,-3.030263991856621,-2.48750420725833,0.8372485312540221,-0.1004894706864319,3.96717778310104,-0.4461709982174499,1.3232512474348723
70.0,191.0,138.89573669433594,-2.115213843229185,2.654874310357398,-4.925347410906462,-3.001988803754849,-2.490839012051247,0.8352820081697727,-0.1083123613331317,3.982994745987456,-0.4506073055758177,1.3256396665817218
70.0,191.0,139.1177978515625,-2.121924358678077,2.666080249734612,-4.918759838099927,-3.032773542817324,-2.490193648566313,0.8467825409558875,-0.5280131587354278,3.967725551798917,-0.4509176876331131,1.322280599399067
70.0,191.0,142.46267700195312,-2.1232609530412936,2.7566488900240795,-4.918842310309988,-3.023558994006141,-2.501609275844215,0.8462144983208695,-0.1579454035755592,3.9707787410443625,-0.4529763349832271,1.3197779449706493
70.0,191.0,177.90628051757812,-0.9480992037287066,1.6698462529856726,-4.92126265432442,-3.066282443454009,-3.048841576344093,1.9184003846581128,-1.029547548154336,4.407033002134062,-0.5675828178794807,0.7291447687456702
70.0,191.0,137.84786987304688,-2.1164356176265366,2.68647548476844,-4.918453628375961,-3.028278821911964,-2.499912996330844,0.842639580787254,-0.0998922048236414,3.967844303480267,-0.4432695340415124,1.3234868733948362
70.0,191.0,140.55001831054688,-2.122329315786468,1.802061285371577,-4.931716526883416,-3.0283693764857564,-2.486060058575672,0.8457611210177214,-0.5347108318649818,3.980144941527816,-0.4523532917964609,1.322373004556118
70.0,191.0,149.86083984375,-2.12290973532822,1.7678672280638843,-4.933681346827862,-3.0281690041240785,-2.4860633919118627,0.9010736490337464,-1.0043492977172703,4.342770552392945,-0.4457589969867184,1.2979840525979809
70.0,191.0,149.8558807373047,-2.1111044588044594,2.641686632673826,-4.929163837336221,-3.0199126791404143,-2.620657437733671,0.8422044171890584,-0.113757326940539,4.036803368312294,-0.4510087777343007,0.99886656482351
70.0,191.0,137.9443359375,-2.1163156980282225,2.6855323180588515,-4.9286780083897215,-3.0292936086086444,-2.5091526902476105,0.8433424434724296,-0.0983052401311369,3.9667102768816105,-0.4457844787468236,1.3211719496953422
70.0,191.0,137.8746337890625,-2.1205965333095502,2.6745555139150867,-4.923062114835467,-3.025016574741578,-2.4958690219182973,0.843424476558339,-0.0999599086591177,3.966740850840881,-0.4493526830277287,1.323345771847317
70.0,191.0,139.24049377441406,-2.122952978603168,2.70020178203428,-4.9094442719968265,-3.03447883586124,-2.4897371704606464,0.8453880164933214,-0.5275536671755963,3.970888576625884,-0.4506163248250027,1.3280531216495697
70.0,191.0,137.9054718017578,-2.1265259637047187,2.6717622640872025,-4.923794972207378,-3.026000454283213,-2.5016202667328487,0.8405904196048826,-0.1003745290353111,3.96655869639455,-0.4489899438841477,1.3205895250247552
70.0,191.0,153.1660919189453,-2.121447798556532,1.8336876551817392,-4.9380753146679925,-3.094233202647145,-3.0649950223856144,0.8354321701101891,-1.021508757068139,3.955010029302585,-0.4447028575291981,0.7080551592072115
70.0,191.0,142.1283721923828,-2.1192890279676746,1.7984264980446047,-4.92041992272411,-3.023637196291919,-2.4862630705474427,0.8392563093769569,-0.5088082330646075,3.99275164134204,-0.4506043871085918,1.3222941943722175
70.0,191.0,144.48789978027344,-2.141046964113209,1.771880474365917,-4.911381224157521,-3.040130457582591,-2.517262630056656,0.8055665997807893,-1.0369607176572375,3.977882256769657,-0.4549739669163189,1.3219810566530266
70.0,191.0,137.89418029785156,-2.117098662441978,2.681846483238859,-4.920980567109863,-3.0305172067487947,-2.503311126315756,0.8485888495275947,-0.1000764648579264,3.964754236259951,-0.4494575119058683,1.3214568970719287
70.0,191.0,150.5499267578125,-2.11968739608623,1.755035030369485,-4.927208819748874,-3.0244678618957064,-2.0218319945465275,0.8106048132035997,-1.0135414794231097,3.9867357123238514,-0.4552261932641993,1.349251448476138
70.0,191.0,140.70806884765625,-2.1170765257260005,1.7786727018614492,-4.886691515714032,-3.0032452423189584,-2.490826029221292,0.8457199841861938,-0.5221104655596113,3.970749928697078,-0.4471574466552951,1.3225873864163096
70.0,191.0,138.91697692871094,-2.171069523432344,2.7008255085143333,-4.917366450886192,-3.026875164034515,-2.468636098468439,0.8367328874352976,-0.1012739458087827,3.9669668734672334,-0.4499516970416585,1.3173893864274326
70.0,191.0,137.94046020507812,-2.113893239394053,2.668966548242873,-4.924524824018381,-3.031643218142888,-2.5041299639423955,0.8455721792447358,-0.0998421209439764,3.9671222494732814,-0.4495364992566079,1.322338134819422
70.0,191.0,138.0879669189453,-2.115344345512604,2.679826771881371,-4.924500791443057,-3.032462712328181,-2.507295609348,0.8480965689611242,-0.0979486128228164,3.9582770498036206,-0.4491226044314809,1.321989128712744
70.0,191.0,140.52117919921875,-2.1272497769988306,1.774468940747441,-4.918171862643308,-3.039466282870276,-2.4890347571925453,0.8476899259151214,-0.521753245229758,3.96549093137469,-0.4572526271482879,1.3258236409937911
70.0,191.0,146.584716796875,-2.103115268970947,1.7773525520170366,-4.8991595252982325,-3.0347150506673737,-2.5711874065489764,0.8116258795517473,-1.035978714195854,3.971544582710554,-0.4467989748149475,1.6285298446205214
70.0,191.0,139.49063110351562,-2.127036784137281,2.6864341888011003,-4.922580773522917,-3.0061126931140665,-1.94209301285814,0.8409841124852037,-0.5625834980067171,3.962763002701845,-0.4500653814960387,1.3055394714877115
70.0,191.0,138.61581420898438,-2.1158318666360287,2.684572597916533,-4.936925560343807,-3.01969972033007,-2.531930431938753,0.8418390430367473,-0.1137048673100687,3.967218880861747,-0.4461580899896946,1.3254120591706329
70.0,191.0,137.99871826171875,-2.1219359706978977,2.6983519605346182,-4.91365276125987,-3.032488893616102,-2.496985797832152,0.841776391998673,-0.1077954372691717,3.9583726091708233,-0.4454771531257346,1.324300965228809
70.0,191.0,155.14508056640625,-2.144416528898283,1.7532622941419214,-4.910340166670732,-3.045212005694971,-1.9538792327145715,0.8337103093690844,-1.0439633387742353,3.904955445319976,-0.4075869564763927,0.7623833671535221
70.0,191.0,140.02992248535156,-2.1206239158216897,3.5416015937258445,-4.92539878207737,-3.0216228437275667,-2.5297387897126304,0.8426042417290013,-0.116954344959214,3.974087077840529,-0.4455375576460416,1.3222008847944693
70.0,191.0,138.0713348388672,-2.128758122592328,2.680765849221207,-4.925705033665791,-3.0246594692006763,-2.480989725771349,0.845690454106572,-0.0995579005092552,3.9659577877578753,-0.4520323926761095,1.3257625303546106
70.0,191.0,157.8895721435547,-2.151116586352581,1.7765067177928218,-4.954217446239854,-3.688038395004858,-2.586077377730949,0.8144731752930827,-0.6122097261475492,3.624379146848815,-0.454328507982406,0.9702287003031408
70.0,191.0,160.38934326171875,-2.1239526524329047,1.7532778008160277,-4.793683137872873,-2.992665936417859,-3.0883299703921034,0.7444479414625762,-1.0498487622640318,3.959048847339001,-0.7967959506285662,0.7170082799296202
70.0,191.0,137.95419311523438,-2.127510486587058,2.6664213177803657,-4.925946181719729,-3.030718126183132,-2.502510773607647,0.8407793874387863,-0.1007815620198274,3.966536784186372,-0.4492824282483114,1.3246605835724932
70.0,191.0,155.30633544921875,-2.110355142561264,1.7355664246072802,-4.897661520156259,-3.0945963635771343,-3.0647722813398968,0.8256285834289196,-1.0204516952792135,4.389633871132414,-0.4667985076585941,0.7287559592886229
70.0,191.0,158.0673828125,-2.13478528945232,1.8441109636686763,-4.929363763692761,-3.1294766675918138,-3.0546509867568057,1.330469986782295,-1.0107985278553162,3.543151829295136,-0.4498499097984712,0.7093224768745058
70.0,191.0,151.25607299804688,-2.172037136009037,1.7295055121999343,-4.886813252907739,-3.044272093932116,-2.527211347557737,0.8736419156014977,-1.0803740810791176,4.326682419773425,-0.4568381444550614,1.020613823807618
70.0,191.0,165.35855102539062,-2.0411344005614884,1.8033887960812784,-4.990096883276585,-3.0271535952284765,-1.9850275875294443,0.7502007915430735,-1.0075749577924853,3.0752222344234887,-0.4467256416415724,1.0584411608503208
70.0,191.0,165.263427734375,-2.025108824505472,1.819420873531608,-4.880777358367313,-3.048511178555349,-3.076473591889685,0.724041054625411,-1.045823708623605,4.79798916193166,-0.408550783489008,0.6991762171530035
70.0,191.0,137.98744201660156,-2.1186416840438103,2.686010209415671,-4.919279384215946,-3.02801862124478,-2.4848140944970547,0.8515373149981043,-0.1029912780719104,3.966204247287356,-0.4481591683860312,1.323007917228846
70.0,191.0,160.2692413330078,-1.055922459328694,1.7735920722761906,-4.937958133848109,-1.695201673496223,-3.064020344723154,0.8372423768827528,-1.0608401158966236,4.429729571994304,-0.4561175576200931,0.7202760905369371
70.0,192.0,157.60691833496094,-2.1221509371431435,1.8392303061078088,-4.902514539010984,-3.0864103908050646,-3.0538475418464337,0.8517324402109121,-1.0171489627324086,3.092931355225164,-0.4559853455206131,0.9824460715350812
70.0,192.0,161.15728759765625,-1.9534206856324816,1.7536378394229737,-4.890109816254475,-3.0956079319477503,-3.0662115030366284,0.8279698431872164,-1.019189610828445,4.304919778195342,-0.4515226464921155,0.7024576952550962
70.0,192.0,137.86192321777344,-2.117800296695536,2.675060293822595,-4.922290025193135,-3.027935279981284,-2.5040521871909243,0.8478738732967751,-0.099897556218255,3.966110916736105,-0.4461138680384,1.3219547282552515
70.0,192.0,139.32821655273438,-2.1180140459754995,2.672157573415032,-4.955136631218495,-3.030889349505865,-2.49179729189102,0.8462879586059928,-0.5276111641118074,3.9616593847090966,-0.4446072916824604,1.3217704748747094
70.0,192.0,137.88018798828125,-2.1165250777263647,2.682952205899546,-4.925751386419625,-3.02792064819247,-2.487712390720217,0.8435640101310801,-0.0997056675857196,3.9675822154994473,-0.4466272852234623,1.3249290389609638
70.0,192.0,150.95826721191406,-2.1262525097823337,1.7737189882144293,-4.926724315985826,-3.0259742329384216,-2.437463469842107,1.4099652745982325,-1.0262765149084487,3.9233814230264574,-0.4512474950726279,1.609887845109697
70.0,192.0,156.08035278320312,-2.1580996450789263,1.728328627406782,-4.879695436337815,-3.0850529772078543,-3.06587044186364,0.8359929899162684,-1.015638048938622,3.5437633377229565,-0.4462973345896071,0.7233871726910266
70.0,192.0,145.83074951171875,-2.1182021524849444,1.8078905911135548,-4.935700425047287,-2.9794937688851824,-2.4827301949732017,0.8507230196630945,-1.052661683502819,3.970937820545013,-0.4537632926829645,1.6362450208066313
70.0,192.0,142.9798126220703,-2.1220829198845297,1.779816139448701,-4.916527573251591,-3.02469365005042,-2.497106128890054,0.8394429982048441,-1.0497138158275474,3.959478534814511,-0.4503832498699787,1.3264084915991838
70.0,192.0,138.15692138671875,-2.130699462948191,2.6580881572526875,-4.918204912594407,-3.026646957784032,-2.491364092196637,0.8516649012331802,-0.0987346177320604,3.967935660478761,-0.4483530105439526,1.3176919567883822
70.0,192.0,137.91786193847656,-2.11956131728669,2.671591592498131,-4.926906906281553,-3.030263991856621,-2.48750420725833,0.8372485312540221,-0.1004894706864319,3.96717778310104,-0.4461709982174499,1.3232512474348723
70.0,192.0,138.89573669433594,-2.115213843229185,2.654874310357398,-4.925347410906462,-3.001988803754849,-2.490839012051247,0.8352820081697727,-0.1083123613331317,3.982994745987456,-0.4506073055758177,1.3256396665817218
70.0,192.0,139.1177978515625,-2.121924358678077,2.666080249734612,-4.918759838099927,-3.032773542817324,-2.490193648566313,0.8467825409558875,-0.5280131587354278,3.967725551798917,-0.4509176876331131,1.322280599399067
70.0,192.0,142.46267700195312,-2.1232609530412936,2.7566488900240795,-4.918842310309988,-3.023558994006141,-2.501609275844215,0.8462144983208695,-0.1579454035755592,3.9707787410443625,-0.4529763349832271,1.3197779449706493
70.0,192.0,177.90628051757812,-0.9480992037287066,1.6698462529856726,-4.92126265432442,-3.066282443454009,-3.048841576344093,1.9184003846581128,-1.029547548154336,4.407033002134062,-0.5675828178794807,0.7291447687456702
70.0,192.0,137.84786987304688,-2.1164356176265366,2.68647548476844,-4.918453628375961,-3.028278821911964,-2.499912996330844,0.842639580787254,-0.0998922048236414,3.967844303480267,-0.4432695340415124,1.3234868733948362
70.0,192.0,140.55001831054688,-2.122329315786468,1.802061285371577,-4.931716526883416,-3.0283693764857564,-2.486060058575672,0.8457611210177214,-0.5347108318649818,3.980144941527816,-0.4523532917964609,1.322373004556118
70.0,192.0,149.86083984375,-2.12290973532822,1.7678672280638843,-4.933681346827862,-3.0281690041240785,-2.4860633919118627,0.9010736490337464,-1.0043492977172703,4.342770552392945,-0.4457589969867184,1.2979840525979809
70.0,192.0,149.8558807373047,-2.1111044588044594,2.641686632673826,-4.929163837336221,-3.0199126791404143,-2.620657437733671,0.8422044171890584,-0.113757326940539,4.036803368312294,-0.4510087777343007,0.99886656482351
70.0,192.0,137.9443359375,-2.1163156980282225,2.6855323180588515,-4.9286780083897215,-3.0292936086086444,-2.5091526902476105,0.8433424434724296,-0.0983052401311369,3.9667102768816105,-0.4457844787468236,1.3211719496953422
70.0,192.0,137.86859130859375,-2.1195332769722763,2.690923763663412,-4.916344119885842,-3.0227086470524425,-2.502716401668823,0.8429602749913118,-0.0998823320487901,3.9673156723118312,-0.4463608838137833,1.3238211305096232
70.0,192.0,139.24049377441406,-2.122952978603168,2.70020178203428,-4.9094442719968265,-3.03447883586124,-2.4897371704606464,0.8453880164933214,-0.5275536671755963,3.970888576625884,-0.4506163248250027,1.3280531216495697
70.0,192.0,137.9054718017578,-2.1265259637047187,2.6717622640872025,-4.923794972207378,-3.026000454283213,-2.5016202667328487,0.8405904196048826,-0.1003745290353111,3.96655869639455,-0.4489899438841477,1.3205895250247552
70.0,192.0,153.1660919189453,-2.121447798556532,1.8336876551817392,-4.9380753146679925,-3.094233202647145,-3.0649950223856144,0.8354321701101891,-1.021508757068139,3.955010029302585,-0.4447028575291981,0.7080551592072115
70.0,192.0,141.28140258789062,-2.1172388683769983,1.769881668542445,-4.919003233127706,-3.027440509048384,-2.489457119153515,0.8381927552712034,-0.1443274720996776,3.978318042220693,-0.4548642688908862,1.3244578310822652
70.0,192.0,144.48789978027344,-2.141046964113209,1.771880474365917,-4.911381224157521,-3.040130457582591,-2.517262630056656,0.8055665997807893,-1.0369607176572375,3.977882256769657,-0.4549739669163189,1.3219810566530266
70.0,192.0,137.89418029785156,-2.117098662441978,2.681846483238859,-4.920980567109863,-3.0305172067487947,-2.503311126315756,0.8485888495275947,-0.1000764648579264,3.964754236259951,-0.4494575119058683,1.3214568970719287
70.0,192.0,150.5499267578125,-2.11968739608623,1.755035030369485,-4.927208819748874,-3.0244678618957064,-2.0218319945465275,0.8106048132035997,-1.0135414794231097,3.9867357123238514,-0.4552261932641993,1.349251448476138
70.0,192.0,140.70806884765625,-2.1170765257260005,1.7786727018614492,-4.886691515714032,-3.0032452423189584,-2.490826029221292,0.8457199841861938,-0.5221104655596113,3.970749928697078,-0.4471574466552951,1.3225873864163096
70.0,192.0,138.91697692871094,-2.171069523432344,2.7008255085143333,-4.917366450886192,-3.026875164034515,-2.468636098468439,0.8367328874352976,-0.1012739458087827,3.9669668734672334,-0.4499516970416585,1.3173893864274326
70.0,192.0,137.94046020507812,-2.113893239394053,2.668966548242873,-4.924524824018381,-3.031643218142888,-2.5041299639423955,0.8455721792447358,-0.0998421209439764,3.9671222494732814,-0.4495364992566079,1.322338134819422
70.0,192.0,138.0879669189453,-2.115344345512604,2.679826771881371,-4.924500791443057,-3.032462712328181,-2.507295609348,0.8480965689611242,-0.0979486128228164,3.9582770498036206,-0.4491226044314809,1.321989128712744
70.0,192.0,140.52117919921875,-2.1272497769988306,1.774468940747441,-4.918171862643308,-3.039466282870276,-2.4890347571925453,0.8476899259151214,-0.521753245229758,3.96549093137469,-0.4572526271482879,1.3258236409937911
70.0,192.0,146.584716796875,-2.103115268970947,1.7773525520170366,-4.8991595252982325,-3.0347150506673737,-2.5711874065489764,0.8116258795517473,-1.035978714195854,3.971544582710554,-0.4467989748149475,1.6285298446205214
70.0,192.0,139.49063110351562,-2.127036784137281,2.6864341888011003,-4.922580773522917,-3.0061126931140665,-1.94209301285814,0.8409841124852037,-0.5625834980067171,3.962763002701845,-0.4500653814960387,1.3055394714877115
70.0,192.0,138.61581420898438,-2.1158318666360287,2.684572597916533,-4.936925560343807,-3.01969972033007,-2.531930431938753,0.8418390430367473,-0.1137048673100687,3.967218880861747,-0.4461580899896946,1.3254120591706329
70.0,192.0,137.99871826171875,-2.1219359706978977,2.6983519605346182,-4.91365276125987,-3.032488893616102,-2.496985797832152,0.841776391998673,-0.1077954372691717,3.9583726091708233,-0.4454771531257346,1.324300965228809
70.0,192.0,155.14508056640625,-2.144416528898283,1.7532622941419214,-4.910340166670732,-3.045212005694971,-1.9538792327145715,0.8337103093690844,-1.0439633387742353,3.904955445319976,-0.4075869564763927,0.7623833671535221
70.0,192.0,140.02992248535156,-2.1206239158216897,3.5416015937258445,-4.92539878207737,-3.0216228437275667,-2.5297387897126304,0.8426042417290013,-0.116954344959214,3.974087077840529,-0.4455375576460416,1.3222008847944693
70.0,192.0,138.0181884765625,-2.1315704694268587,2.6876272862871566,-4.918340260069339,-3.0165443515908934,-2.510424145262653,0.8448485922248452,-0.0995962401520349,3.967461329770516,-0.4476982284060064,1.3259170993796032
70.0,192.0,157.8895721435547,-2.151116586352581,1.7765067177928218,-4.954217446239854,-3.688038395004858,-2.586077377730949,0.8144731752930827,-0.6122097261475492,3.624379146848815,-0.454328507982406,0.9702287003031408
70.0,192.0,160.38934326171875,-2.1239526524329047,1.7532778008160277,-4.793683137872873,-2.992665936417859,-3.0883299703921034,0.7444479414625762,-1.0498487622640318,3.959048847339001,-0.7967959506285662,0.7170082799296202
70.0,192.0,137.95419311523438,-2.127510486587058,2.6664213177803657,-4.925946181719729,-3.030718126183132,-2.502510773607647,0.8407793874387863,-0.1007815620198274,3.966536784186372,-0.4492824282483114,1.3246605835724932
70.0,192.0,155.30633544921875,-2.110355142561264,1.7355664246072802,-4.897661520156259,-3.0945963635771343,-3.0647722813398968,0.8256285834289196,-1.0204516952792135,4.389633871132414,-0.4667985076585941,0.7287559592886229
70.0,192.0,158.0673828125,-2.13478528945232,1.8441109636686763,-4.929363763692761,-3.1294766675918138,-3.0546509867568057,1.330469986782295,-1.0107985278553162,3.543151829295136,-0.4498499097984712,0.7093224768745058
70.0,192.0,151.25607299804688,-2.172037136009037,1.7295055121999343,-4.886813252907739,-3.044272093932116,-2.527211347557737,0.8736419156014977,-1.0803740810791176,4.326682419773425,-0.4568381444550614,1.020613823807618
70.0,192.0,165.35855102539062,-2.0411344005614884,1.8033887960812784,-4.990096883276585,-3.0271535952284765,-1.9850275875294443,0.7502007915430735,-1.0075749577924853,3.0752222344234887,-0.4467256416415724,1.0584411608503208
70.0,192.0,165.263427734375,-2.025108824505472,1.819420873531608,-4.880777358367313,-3.048511178555349,-3.076473591889685,0.724041054625411,-1.045823708623605,4.79798916193166,-0.408550783489008,0.6991762171530035
70.0,192.0,137.98744201660156,-2.1186416840438103,2.686010209415671,-4.919279384215946,-3.02801862124478,-2.4848140944970547,0.8515373149981043,-0.1029912780719104,3.966204247287356,-0.4481591683860312,1.323007917228846
70.0,192.0,160.2692413330078,-1.055922459328694,1.7735920722761906,-4.937958133848109,-1.695201673496223,-3.064020344723154,0.8372423768827528,-1.0608401158966236,4.429729571994304,-0.4561175576200931,0.7202760905369371
70.0,193.0,157.60691833496094,-2.1221509371431435,1.8392303061078088,-4.902514539010984,-3.0864103908050646,-3.0538475418464337,0.8517324402109121,-1.0171489627324086,3.092931355225164,-0.4559853455206131,0.9824460715350812
70.0,193.0,161.15728759765625,-1.9534206856324816,1.7536378394229737,-4.890109816254475,-3.0956079319477503,-3.0662115030366284,0.8279698431872164,-1.019189610828445,4.304919778195342,-0.4515226464921155,0.7024576952550962
70.0,193.0,137.86192321777344,-2.117800296695536,2.675060293822595,-4.922290025193135,-3.027935279981284,-2.5040521871909243,0.8478738732967751,-0.099897556218255,3.966110916736105,-0.4461138680384,1.3219547282552515
70.0,193.0,139.32821655273438,-2.1180140459754995,2.672157573415032,-4.955136631218495,-3.030889349505865,-2.49179729189102,0.8462879586059928,-0.5276111641118074,3.9616593847090966,-0.4446072916824604,1.3217704748747094
70.0,193.0,137.88018798828125,-2.1165250777263647,2.682952205899546,-4.925751386419625,-3.02792064819247,-2.487712390720217,0.8435640101310801,-0.0997056675857196,3.9675822154994473,-0.4466272852234623,1.3249290389609638
70.0,193.0,150.95826721191406,-2.1262525097823337,1.7737189882144293,-4.926724315985826,-3.0259742329384216,-2.437463469842107,1.4099652745982325,-1.0262765149084487,3.9233814230264574,-0.4512474950726279,1.609887845109697
70.0,193.0,156.08035278320312,-2.1580996450789263,1.728328627406782,-4.879695436337815,-3.0850529772078543,-3.06587044186364,0.8359929899162684,-1.015638048938622,3.5437633377229565,-0.4462973345896071,0.7233871726910266
70.0,193.0,145.83074951171875,-2.1182021524849444,1.8078905911135548,-4.935700425047287,-2.9794937688851824,-2.4827301949732017,0.8507230196630945,-1.052661683502819,3.970937820545013,-0.4537632926829645,1.6362450208066313
70.0,193.0,142.9798126220703,-2.1220829198845297,1.779816139448701,-4.916527573251591,-3.02469365005042,-2.497106128890054,0.8394429982048441,-1.0497138158275474,3.959478534814511,-0.4503832498699787,1.3264084915991838
70.0,193.0,138.15692138671875,-2.130699462948191,2.6580881572526875,-4.918204912594407,-3.026646957784032,-2.491364092196637,0.8516649012331802,-0.0987346177320604,3.967935660478761,-0.4483530105439526,1.3176919567883822
70.0,193.0,137.91786193847656,-2.11956131728669,2.671591592498131,-4.926906906281553,-3.030263991856621,-2.48750420725833,0.8372485312540221,-0.1004894706864319,3.96717778310104,-0.4461709982174499,1.3232512474348723
70.0,193.0,138.89573669433594,-2.115213843229185,2.654874310357398,-4.925347410906462,-3.001988803754849,-2.490839012051247,0.8352820081697727,-0.1083123613331317,3.982994745987456,-0.4506073055758177,1.3256396665817218
70.0,193.0,139.1177978515625,-2.121924358678077,2.666080249734612,-4.918759838099927,-3.032773542817324,-2.490193648566313,0.8467825409558875,-0.5280131587354278,3.967725551798917,-0.4509176876331131,1.322280599399067
70.0,193.0,142.46267700195312,-2.1232609530412936,2.7566488900240795,-4.918842310309988,-3.023558994006141,-2.501609275844215,0.8462144983208695,-0.1579454035755592,3.9707787410443625,-0.4529763349832271,1.3197779449706493
70.0,193.0,177.90628051757812,-0.9480992037287066,1.6698462529856726,-4.92126265432442,-3.066282443454009,-3.048841576344093,1.9184003846581128,-1.029547548154336,4.407033002134062,-0.5675828178794807,0.7291447687456702
70.0,193.0,137.84786987304688,-2.1164356176265366,2.68647548476844,-4.918453628375961,-3.028278821911964,-2.499912996330844,0.842639580787254,-0.0998922048236414,3.967844303480267,-0.4432695340415124,1.3234868733948362
70.0,193.0,140.55001831054688,-2.122329315786468,1.802061285371577,-4.931716526883416,-3.0283693764857564,-2.486060058575672,0.8457611210177214,-0.5347108318649818,3.980144941527816,-0.4523532917964609,1.322373004556118
70.0,193.0,149.86083984375,-2.12290973532822,1.7678672280638843,-4.933681346827862,-3.0281690041240785,-2.4860633919118627,0.9010736490337464,-1.0043492977172703,4.342770552392945,-0.4457589969867184,1.2979840525979809
70.0,193.0,149.8558807373047,-2.1111044588044594,2.641686632673826,-4.929163837336221,-3.0199126791404143,-2.620657437733671,0.8422044171890584,-0.113757326940539,4.036803368312294,-0.4510087777343007,0.99886656482351
70.0,193.0,137.9443359375,-2.1163156980282225,2.6855323180588515,-4.9286780083897215,-3.0292936086086444,-2.5091526902476105,0.8433424434724296,-0.0983052401311369,3.9667102768816105,-0.4457844787468236,1.3211719496953422
70.0,193.0,137.86859130859375,-2.1195332769722763,2.690923763663412,-4.916344119885842,-3.0227086470524425,-2.502716401668823,0.8429602749913118,-0.0998823320487901,3.9673156723118312,-0.4463608838137833,1.3238211305096232
70.0,193.0,139.24049377441406,-2.122952978603168,2.70020178203428,-4.9094442719968265,-3.03447883586124,-2.4897371704606464,0.8453880164933214,-0.5275536671755963,3.970888576625884,-0.4506163248250027,1.3280531216495697
70.0,193.0,137.9054718017578,-2.1265259637047187,2.6717622640872025,-4.923794972207378,-3.026000454283213,-2.5016202667328487,0.8405904196048826,-0.1003745290353111,3.96655869639455,-0.4489899438841477,1.3205895250247552
70.0,193.0,153.1660919189453,-2.121447798556532,1.8336876551817392,-4.9380753146679925,-3.094233202647145,-3.0649950223856144,0.8354321701101891,-1.021508757068139,3.955010029302585,-0.4447028575291981,0.7080551592072115
70.0,193.0,141.28140258789062,-2.1172388683769983,1.769881668542445,-4.919003233127706,-3.027440509048384,-2.489457119153515,0.8381927552712034,-0.1443274720996776,3.978318042220693,-0.4548642688908862,1.3244578310822652
70.0,193.0,144.48789978027344,-2.141046964113209,1.771880474365917,-4.911381224157521,-3.040130457582591,-2.517262630056656,0.8055665997807893,-1.0369607176572375,3.977882256769657,-0.4549739669163189,1.3219810566530266
70.0,193.0,137.89418029785156,-2.117098662441978,2.681846483238859,-4.920980567109863,-3.0305172067487947,-2.503311126315756,0.8485888495275947,-0.1000764648579264,3.964754236259951,-0.4494575119058683,1.3214568970719287
70.0,193.0,150.5499267578125,-2.11968739608623,1.755035030369485,-4.927208819748874,-3.0244678618957064,-2.0218319945465275,0.8106048132035997,-1.0135414794231097,3.9867357123238514,-0.4552261932641993,1.349251448476138
70.0,193.0,140.70806884765625,-2.1170765257260005,1.7786727018614492,-4.886691515714032,-3.0032452423189584,-2.490826029221292,0.8457199841861938,-0.5221104655596113,3.970749928697078,-0.4471574466552951,1.3225873864163096
70.0,193.0,138.91697692871094,-2.171069523432344,2.7008255085143333,-4.917366450886192,-3.026875164034515,-2.468636098468439,0.8367328874352976,-0.1012739458087827,3.9669668734672334,-0.4499516970416585,1.3173893864274326
70.0,193.0,137.94046020507812,-2.113893239394053,2.668966548242873,-4.924524824018381,-3.031643218142888,-2.5041299639423955,0.8455721792447358,-0.0998421209439764,3.9671222494732814,-0.4495364992566079,1.322338134819422
70.0,193.0,138.0879669189453,-2.115344345512604,2.679826771881371,-4.924500791443057,-3.032462712328181,-2.507295609348,0.8480965689611242,-0.0979486128228164,3.9582770498036206,-0.4491226044314809,1.321989128712744
70.0,193.0,140.52117919921875,-2.1272497769988306,1.774468940747441,-4.918171862643308,-3.039466282870276,-2.4890347571925453,0.8476899259151214,-0.521753245229758,3.96549093137469,-0.4572526271482879,1.3258236409937911
70.0,193.0,146.584716796875,-2.103115268970947,1.7773525520170366,-4.8991595252982325,-3.0347150506673737,-2.5711874065489764,0.8116258795517473,-1.035978714195854,3.971544582710554,-0.4467989748149475,1.6285298446205214
70.0,193.0,139.49063110351562,-2.127036784137281,2.6864341888011003,-4.922580773522917,-3.0061126931140665,-1.94209301285814,0.8409841124852037,-0.5625834980067171,3.962763002701845,-0.4500653814960387,1.3055394714877115
70.0,193.0,138.5950469970703,-2.116092615867004,2.679755072143549,-4.927483362225517,-3.010629389115397,-2.534948796975763,0.8435005214243241,-0.1076258188623294,3.96984424912139,-0.4454612319312103,1.3240638635614843
70.0,193.0,137.99871826171875,-2.1219359706978977,2.6983519605346182,-4.91365276125987,-3.032488893616102,-2.496985797832152,0.841776391998673,-0.1077954372691717,3.9583726091708233,-0.4454771531257346,1.324300965228809
70.0,193.0,155.14508056640625,-2.144416528898283,1.7532622941419214,-4.910340166670732,-3.045212005694971,-1.9538792327145715,0.8337103093690844,-1.0439633387742353,3.904955445319976,-0.4075869564763927,0.7623833671535221
70.0,193.0,140.02992248535156,-2.1206239158216897,3.5416015937258445,-4.92539878207737,-3.0216228437275667,-2.5297387897126304,0.8426042417290013,-0.116954344959214,3.974087077840529,-0.4455375576460416,1.3222008847944693
70.0,193.0,137.9352264404297,-2.1083758917423885,2.687636834553288,-4.918261155805535,-3.016025870633854,-2.499948592078908,0.8448071620405802,-0.099841423237336,3.968305103721035,-0.4451058366884095,1.32466908252434
70.0,193.0,157.8895721435547,-2.151116586352581,1.7765067177928218,-4.954217446239854,-3.688038395004858,-2.586077377730949,0.8144731752930827,-0.6122097261475492,3.624379146848815,-0.454328507982406,0.9702287003031408
70.0,193.0,160.38934326171875,-2.1239526524329047,1.7532778008160277,-4.793683137872873,-2.992665936417859,-3.0883299703921034,0.7444479414625762,-1.0498487622640318,3.959048847339001,-0.7967959506285662,0.7170082799296202
70.0,193.0,137.95419311523438,-2.127510486587058,2.6664213177803657,-4.925946181719729,-3.030718126183132,-2.502510773607647,0.8407793874387863,-0.1007815620198274,3.966536784186372,-0.4492824282483114,1.3246605835724932
70.0,193.0,155.30633544921875,-2.110355142561264,1.7355664246072802,-4.897661520156259,-3.0945963635771343,-3.0647722813398968,0.8256285834289196,-1.0204516952792135,4.389633871132414,-0.4667985076585941,0.7287559592886229
70.0,193.0,158.0673828125,-2.13478528945232,1.8441109636686763,-4.929363763692761,-3.1294766675918138,-3.0546509867568057,1.330469986782295,-1.0107985278553162,3.543151829295136,-0.4498499097984712,0.7093224768745058
70.0,193.0,151.25607299804688,-2.172037136009037,1.7295055121999343,-4.886813252907739,-3.044272093932116,-2.527211347557737,0.8736419156014977,-1.0803740810791176,4.326682419773425,-0.4568381444550614,1.020613823807618
70.0,193.0,165.35855102539062,-2.0411344005614884,1.8033887960812784,-4.990096883276585,-3.0271535952284765,-1.9850275875294443,0.7502007915430735,-1.0075749577924853,3.0752222344234887,-0.4467256416415724,1.0584411608503208
70.0,193.0,165.263427734375,-2.025108824505472,1.819420873531608,-4.880777358367313,-3.048511178555349,-3.076473591889685,0.724041054625411,-1.045823708623605,4.79798916193166,-0.408550783489008,0.6991762171530035
70.0,193.0,137.98744201660156,-2.1186416840438103,2.686010209415671,-4.919279384215946,-3.02801862124478,-2.4848140944970547,0.8515373149981043,-0.1029912780719104,3.966204247287356,-0.4481591683860312,1.323007917228846
70.0,193.0,160.2692413330078,-1.055922459328694,1.7735920722761906,-4.937958133848109,-1.695201673496223,-3.064020344723154,0.8372423768827528,-1.0608401158966236,4.429729571994304,-0.4561175576200931,0.7202760905369371
70.0,194.0,157.60691833496094,-2.1221509371431435,1.8392303061078088,-4.902514539010984,-3.0864103908050646,-3.0538475418464337,0.8517324402109121,-1.0171489627324086,3.092931355225164,-0.4559853455206131,0.9824460715350812
70.0,194.0,161.15728759765625,-1.9534206856324816,1.7536378394229737,-4.890109816254475,-3.0956079319477503,-3.0662115030366284,0.8279698431872164,-1.019189610828445,4.304919778195342,-0.4515226464921155,0.7024576952550962
70.0,194.0,137.86192321777344,-2.117800296695536,2.675060293822595,-4.922290025193135,-3.027935279981284,-2.5040521871909243,0.8478738732967751,-0.099897556218255,3.966110916736105,-0.4461138680384,1.3219547282552515
70.0,194.0,139.32821655273438,-2.1180140459754995,2.672157573415032,-4.955136631218495,-3.030889349505865,-2.49179729189102,0.8462879586059928,-0.5276111641118074,3.9616593847090966,-0.4446072916824604,1.3217704748747094
70.0,194.0,137.88018798828125,-2.1165250777263647,2.682952205899546,-4.925751386419625,-3.02792064819247,-2.487712390720217,0.8435640101310801,-0.0997056675857196,3.9675822154994473,-0.4466272852234623,1.3249290389609638
70.0,194.0,150.95826721191406,-2.1262525097823337,1.7737189882144293,-4.926724315985826,-3.0259742329384216,-2.437463469842107,1.4099652745982325,-1.0262765149084487,3.9233814230264574,-0.4512474950726279,1.609887845109697
70.0,194.0,156.08035278320312,-2.1580996450789263,1.728328627406782,-4.879695436337815,-3.0850529772078543,-3.06587044186364,0.8359929899162684,-1.015638048938622,3.5437633377229565,-0.4462973345896071,0.7233871726910266
70.0,194.0,145.83074951171875,-2.1182021524849444,1.8078905911135548,-4.935700425047287,-2.9794937688851824,-2.4827301949732017,0.8507230196630945,-1.052661683502819,3.970937820545013,-0.4537632926829645,1.6362450208066313
70.0,194.0,142.9798126220703,-2.1220829198845297,1.779816139448701,-4.916527573251591,-3.02469365005042,-2.497106128890054,0.8394429982048441,-1.0497138158275474,3.959478534814511,-0.4503832498699787,1.3264084915991838
70.0,194.0,138.06295776367188,-2.107410814804243,2.679672376049689,-4.916857201647437,-3.025250172713281,-2.502992155436108,0.858364771933653,-0.09894360352263,3.9679002123375033,-0.4450324934834584,1.3227003848315546
70.0,194.0,137.91786193847656,-2.11956131728669,2.671591592498131,-4.926906906281553,-3.030263991856621,-2.48750420725833,0.8372485312540221,-0.1004894706864319,3.96717778310104,-0.4461709982174499,1.3232512474348723
70.0,194.0,138.89573669433594,-2.115213843229185,2.654874310357398,-4.925347410906462,-3.001988803754849,-2.490839012051247,0.8352820081697727,-0.1083123613331317,3.982994745987456,-0.4506073055758177,1.3256396665817218
70.0,194.0,139.1177978515625,-2.121924358678077,2.666080249734612,-4.918759838099927,-3.032773542817324,-2.490193648566313,0.8467825409558875,-0.5280131587354278,3.967725551798917,-0.4509176876331131,1.322280599399067
70.0,194.0,142.46267700195312,-2.1232609530412936,2.7566488900240795,-4.918842310309988,-3.023558994006141,-2.501609275844215,0.8462144983208695,-0.1579454035755592,3.9707787410443625,-0.4529763349832271,1.3197779449706493
70.0,194.0,177.90628051757812,-0.9480992037287066,1.6698462529856726,-4.92126265432442,-3.066282443454009,-3.048841576344093,1.9184003846581128,-1.029547548154336,4.407033002134062,-0.5675828178794807,0.7291447687456702
70.0,194.0,137.84786987304688,-2.1164356176265366,2.68647548476844,-4.918453628375961,-3.028278821911964,-2.499912996330844,0.842639580787254,-0.0998922048236414,3.967844303480267,-0.4432695340415124,1.3234868733948362
70.0,194.0,140.55001831054688,-2.122329315786468,1.802061285371577,-4.931716526883416,-3.0283693764857564,-2.486060058575672,0.8457611210177214,-0.5347108318649818,3.980144941527816,-0.4523532917964609,1.322373004556118
70.0,194.0,149.86083984375,-2.12290973532822,1.7678672280638843,-4.933681346827862,-3.0281690041240785,-2.4860633919118627,0.9010736490337464,-1.0043492977172703,4.342770552392945,-0.4457589969867184,1.2979840525979809
70.0,194.0,149.8558807373047,-2.1111044588044594,2.641686632673826,-4.929163837336221,-3.0199126791404143,-2.620657437733671,0.8422044171890584,-0.113757326940539,4.036803368312294,-0.4510087777343007,0.99886656482351
70.0,194.0,137.88400268554688,-2.116412087629394,2.684006675986529,-4.91524400904818,-3.030726875197007,-2.507200481551897,0.8450106944524782,-0.0997305678321422,3.9671368802069686,-0.444628727594564,1.3195963676061304
70.0,194.0,137.83448791503906,-2.1185114864137367,2.681190654795949,-4.920397552328796,-3.027868897199576,-2.498865657409995,0.8437030734803385,-0.0998827367955701,3.967616071972943,-0.4475367063268248,1.3239153918352513
70.0,194.0,139.24049377441406,-2.122952978603168,2.70020178203428,-4.9094442719968265,-3.03447883586124,-2.4897371704606464,0.8453880164933214,-0.5275536671755963,3.970888576625884,-0.4506163248250027,1.3280531216495697
70.0,194.0,137.86976623535156,-2.13018504686979,2.688337003780968,-4.921169124498665,-3.0257264654472102,-2.4967054907297506,0.845363161291577,-0.1016274864022239,3.964857158800944,-0.4476937543579554,1.321560158782641
70.0,194.0,153.1660919189453,-2.121447798556532,1.8336876551817392,-4.9380753146679925,-3.094233202647145,-3.0649950223856144,0.8354321701101891,-1.021508757068139,3.955010029302585,-0.4447028575291981,0.7080551592072115
70.0,194.0,141.28140258789062,-2.1172388683769983,1.769881668542445,-4.919003233127706,-3.027440509048384,-2.489457119153515,0.8381927552712034,-0.1443274720996776,3.978318042220693,-0.4548642688908862,1.3244578310822652
70.0,194.0,144.48789978027344,-2.141046964113209,1.771880474365917,-4.911381224157521,-3.040130457582591,-2.517262630056656,0.8055665997807893,-1.0369607176572375,3.977882256769657,-0.4549739669163189,1.3219810566530266
70.0,194.0,137.89418029785156,-2.117098662441978,2.681846483238859,-4.920980567109863,-3.0305172067487947,-2.503311126315756,0.8485888495275947,-0.1000764648579264,3.964754236259951,-0.4494575119058683,1.3214568970719287
70.0,194.0,150.5499267578125,-2.11968739608623,1.755035030369485,-4.927208819748874,-3.0244678618957064,-2.0218319945465275,0.8106048132035997,-1.0135414794231097,3.9867357123238514,-0.4552261932641993,1.349251448476138
70.0,194.0,140.70806884765625,-2.1170765257260005,1.7786727018614492,-4.886691515714032,-3.0032452423189584,-2.490826029221292,0.8457199841861938,-0.5221104655596113,3.970749928697078,-0.4471574466552951,1.3225873864163096
70.0,194.0,138.91697692871094,-2.171069523432344,2.7008255085143333,-4.917366450886192,-3.026875164034515,-2.468636098468439,0.8367328874352976,-0.1012739458087827,3.9669668734672334,-0.4499516970416585,1.3173893864274326
70.0,194.0,137.94046020507812,-2.113893239394053,2.668966548242873,-4.924524824018381,-3.031643218142888,-2.5041299639423955,0.8455721792447358,-0.0998421209439764,3.9671222494732814,-0.4495364992566079,1.322338134819422
70.0,194.0,138.0879669189453,-2.115344345512604,2.679826771881371,-4.924500791443057,-3.032462712328181,-2.507295609348,0.8480965689611242,-0.0979486128228164,3.9582770498036206,-0.4491226044314809,1.321989128712744
70.0,194.0,140.52117919921875,-2.1272497769988306,1.774468940747441,-4.918171862643308,-3.039466282870276,-2.4890347571925453,0.8476899259151214,-0.521753245229758,3.96549093137469,-0.4572526271482879,1.3258236409937911
70.0,194.0,146.584716796875,-2.103115268970947,1.7773525520170366,-4.8991595252982325,-3.0347150506673737,-2.5711874065489764,0.8116258795517473,-1.035978714195854,3.971544582710554,-0.4467989748149475,1.6285298446205214
70.0,194.0,139.49063110351562,-2.127036784137281,2.6864341888011003,-4.922580773522917,-3.0061126931140665,-1.94209301285814,0.8409841124852037,-0.5625834980067171,3.962763002701845,-0.4500653814960387,1.3055394714877115
70.0,194.0,138.5950469970703,-2.116092615867004,2.679755072143549,-4.927483362225517,-3.010629389115397,-2.534948796975763,0.8435005214243241,-0.1076258188623294,3.96984424912139,-0.4454612319312103,1.3240638635614843
70.0,194.0,137.99871826171875,-2.1219359706978977,2.6983519605346182,-4.91365276125987,-3.032488893616102,-2.496985797832152,0.841776391998673,-0.1077954372691717,3.9583726091708233,-0.4454771531257346,1.324300965228809
70.0,194.0,155.14508056640625,-2.144416528898283,1.7532622941419214,-4.910340166670732,-3.045212005694971,-1.9538792327145715,0.8337103093690844,-1.0439633387742353,3.904955445319976,-0.4075869564763927,0.7623833671535221
70.0,194.0,140.02992248535156,-2.1206239158216897,3.5416015937258445,-4.92539878207737,-3.0216228437275667,-2.5297387897126304,0.8426042417290013,-0.116954344959214,3.974087077840529,-0.4455375576460416,1.3222008847944693
70.0,194.0,137.9352264404297,-2.1083758917423885,2.687636834553288,-4.918261155805535,-3.016025870633854,-2.499948592078908,0.8448071620405802,-0.099841423237336,3.968305103721035,-0.4451058366884095,1.32466908252434
70.0,194.0,157.8895721435547,-2.151116586352581,1.7765067177928218,-4.954217446239854,-3.688038395004858,-2.586077377730949,0.8144731752930827,-0.6122097261475492,3.624379146848815,-0.454328507982406,0.9702287003031408
70.0,194.0,160.38934326171875,-2.1239526524329047,1.7532778008160277,-4.793683137872873,-2.992665936417859,-3.0883299703921034,0.7444479414625762,-1.0498487622640318,3.959048847339001,-0.7967959506285662,0.7170082799296202
70.0,194.0,137.95419311523438,-2.127510486587058,2.6664213177803657,-4.925946181719729,-3.030718126183132,-2.502510773607647,0.8407793874387863,-0.1007815620198274,3.966536784186372,-0.4492824282483114,1.3246605835724932
70.0,194.0,155.30633544921875,-2.110355142561264,1.7355664246072802,-4.897661520156259,-3.0945963635771343,-3.0647722813398968,0.8256285834289196,-1.0204516952792135,4.389633871132414,-0.4667985076585941,0.7287559592886229
70.0,194.0,158.0673828125,-2.13478528945232,1.8441109636686763,-4.929363763692761,-3.1294766675918138,-3.0546509867568057,1.330469986782295,-1.0107985278553162,3.543151829295136,-0.4498499097984712,0.7093224768745058
70.0,194.0,151.25607299804688,-2.172037136009037,1.7295055121999343,-4.886813252907739,-3.044272093932116,-2.527211347557737,0.8736419156014977,-1.0803740810791176,4.326682419773425,-0.4568381444550614,1.020613823807618
70.0,194.0,165.35855102539062,-2.0411344005614884,1.8033887960812784,-4.990096883276585,-3.0271535952284765,-1.9850275875294443,0.7502007915430735,-1.0075749577924853,3.0752222344234887,-0.4467256416415724,1.0584411608503208
70.0,194.0,165.263427734375,-2.025108824505472,1.819420873531608,-4.880777358367313,-3.048511178555349,-3.076473591889685,0.724041054625411,-1.045823708623605,4.79798916193166,-0.408550783489008,0.6991762171530035
70.0,194.0,137.98744201660156,-2.1186416840438103,2.686010209415671,-4.919279384215946,-3.02801862124478,-2.4848140944970547,0.8515373149981043,-0.1029912780719104,3.966204247287356,-0.4481591683860312,1.323007917228846
70.0,194.0,160.2692413330078,-1.055922459328694,1.7735920722761906,-4.937958133848109,-1.695201673496223,-3.064020344723154,0.8372423768827528,-1.0608401158966236,4.429729571994304,-0.4561175576200931,0.7202760905369371
70.0,195.0,157.60691833496094,-2.1221509371431435,1.8392303061078088,-4.902514539010984,-3.0864103908050646,-3.0538475418464337,0.8517324402109121,-1.0171489627324086,3.092931355225164,-0.4559853455206131,0.9824460715350812
70.0,195.0,161.15728759765625,-1.9534206856324816,1.7536378394229737,-4.890109816254475,-3.0956079319477503,-3.0662115030366284,0.8279698431872164,-1.019189610828445,4.304919778195342,-0.4515226464921155,0.7024576952550962
70.0,195.0,137.86192321777344,-2.117800296695536,2.675060293822595,-4.922290025193135,-3.027935279981284,-2.5040521871909243,0.8478738732967751,-0.099897556218255,3.966110916736105,-0.4461138680384,1.3219547282552515
70.0,195.0,139.32821655273438,-2.1180140459754995,2.672157573415032,-4.955136631218495,-3.030889349505865,-2.49179729189102,0.8462879586059928,-0.5276111641118074,3.9616593847090966,-0.4446072916824604,1.3217704748747094
70.0,195.0,137.88018798828125,-2.1165250777263647,2.682952205899546,-4.925751386419625,-3.02792064819247,-2.487712390720217,0.8435640101310801,-0.0997056675857196,3.9675822154994473,-0.4466272852234623,1.3249290389609638
70.0,195.0,150.95826721191406,-2.1262525097823337,1.7737189882144293,-4.926724315985826,-3.0259742329384216,-2.437463469842107,1.4099652745982325,-1.0262765149084487,3.9233814230264574,-0.4512474950726279,1.609887845109697
70.0,195.0,156.08035278320312,-2.1580996450789263,1.728328627406782,-4.879695436337815,-3.0850529772078543,-3.06587044186364,0.8359929899162684,-1.015638048938622,3.5437633377229565,-0.4462973345896071,0.7233871726910266
70.0,195.0,145.83074951171875,-2.1182021524849444,1.8078905911135548,-4.935700425047287,-2.9794937688851824,-2.4827301949732017,0.8507230196630945,-1.052661683502819,3.970937820545013,-0.4537632926829645,1.6362450208066313
70.0,195.0,142.9798126220703,-2.1220829198845297,1.779816139448701,-4.916527573251591,-3.02469365005042,-2.497106128890054,0.8394429982048441,-1.0497138158275474,3.959478534814511,-0.4503832498699787,1.3264084915991838
70.0,195.0,138.06295776367188,-2.107410814804243,2.679672376049689,-4.916857201647437,-3.025250172713281,-2.502992155436108,0.858364771933653,-0.09894360352263,3.9679002123375033,-0.4450324934834584,1.3227003848315546
70.0,195.0,137.91786193847656,-2.11956131728669,2.671591592498131,-4.926906906281553,-3.030263991856621,-2.48750420725833,0.8372485312540221,-0.1004894706864319,3.96717778310104,-0.4461709982174499,1.3232512474348723
70.0,195.0,138.89573669433594,-2.115213843229185,2.654874310357398,-4.925347410906462,-3.001988803754849,-2.490839012051247,0.8352820081697727,-0.1083123613331317,3.982994745987456,-0.4506073055758177,1.3256396665817218
70.0,195.0,139.1177978515625,-2.121924358678077,2.666080249734612,-4.918759838099927,-3.032773542817324,-2.490193648566313,0.8467825409558875,-0.5280131587354278,3.967725551798917,-0.4509176876331131,1.322280599399067
70.0,195.0,142.46267700195312,-2.1232609530412936,2.7566488900240795,-4.918842310309988,-3.023558994006141,-2.501609275844215,0.8462144983208695,-0.1579454035755592,3.9707787410443625,-0.4529763349832271,1.3197779449706493
70.0,195.0,177.90628051757812,-0.9480992037287066,1.6698462529856726,-4.92126265432442,-3.066282443454009,-3.048841576344093,1.9184003846581128,-1.029547548154336,4.407033002134062,-0.5675828178794807,0.7291447687456702
70.0,195.0,137.84786987304688,-2.1164356176265366,2.68647548476844,-4.918453628375961,-3.028278821911964,-2.499912996330844,0.842639580787254,-0.0998922048236414,3.967844303480267,-0.4432695340415124,1.3234868733948362
70.0,195.0,140.55001831054688,-2.122329315786468,1.802061285371577,-4.931716526883416,-3.0283693764857564,-2.486060058575672,0.8457611210177214,-0.5347108318649818,3.980144941527816,-0.4523532917964609,1.322373004556118
70.0,195.0,149.86083984375,-2.12290973532822,1.7678672280638843,-4.933681346827862,-3.0281690041240785,-2.4860633919118627,0.9010736490337464,-1.0043492977172703,4.342770552392945,-0.4457589969867184,1.2979840525979809
70.0,195.0,149.8558807373047,-2.1111044588044594,2.641686632673826,-4.929163837336221,-3.0199126791404143,-2.620657437733671,0.8422044171890584,-0.113757326940539,4.036803368312294,-0.4510087777343007,0.99886656482351
70.0,195.0,137.88400268554688,-2.116412087629394,2.684006675986529,-4.91524400904818,-3.030726875197007,-2.507200481551897,0.8450106944524782,-0.0997305678321422,3.9671368802069686,-0.444628727594564,1.3195963676061304
70.0,195.0,137.83448791503906,-2.1185114864137367,2.681190654795949,-4.920397552328796,-3.027868897199576,-2.498865657409995,0.8437030734803385,-0.0998827367955701,3.967616071972943,-0.4475367063268248,1.3239153918352513
70.0,195.0,139.24049377441406,-2.122952978603168,2.70020178203428,-4.9094442719968265,-3.03447883586124,-2.4897371704606464,0.8453880164933214,-0.5275536671755963,3.970888576625884,-0.4506163248250027,1.3280531216495697
70.0,195.0,137.86976623535156,-2.13018504686979,2.688337003780968,-4.921169124498665,-3.0257264654472102,-2.4967054907297506,0.845363161291577,-0.1016274864022239,3.964857158800944,-0.4476937543579554,1.321560158782641
70.0,195.0,153.1660919189453,-2.121447798556532,1.8336876551817392,-4.9380753146679925,-3.094233202647145,-3.0649950223856144,0.8354321701101891,-1.021508757068139,3.955010029302585,-0.4447028575291981,0.7080551592072115
70.0,195.0,141.28140258789062,-2.1172388683769983,1.769881668542445,-4.919003233127706,-3.027440509048384,-2.489457119153515,0.8381927552712034,-0.1443274720996776,3.978318042220693,-0.4548642688908862,1.3244578310822652
70.0,195.0,144.48789978027344,-2.141046964113209,1.771880474365917,-4.911381224157521,-3.040130457582591,-2.517262630056656,0.8055665997807893,-1.0369607176572375,3.977882256769657,-0.4549739669163189,1.3219810566530266
70.0,195.0,137.89418029785156,-2.117098662441978,2.681846483238859,-4.920980567109863,-3.0305172067487947,-2.503311126315756,0.8485888495275947,-0.1000764648579264,3.964754236259951,-0.4494575119058683,1.3214568970719287
70.0,195.0,150.5499267578125,-2.11968739608623,1.755035030369485,-4.927208819748874,-3.0244678618957064,-2.0218319945465275,0.8106048132035997,-1.0135414794231097,3.9867357123238514,-0.4552261932641993,1.349251448476138
70.0,195.0,140.70806884765625,-2.1170765257260005,1.7786727018614492,-4.886691515714032,-3.0032452423189584,-2.490826029221292,0.8457199841861938,-0.5221104655596113,3.970749928697078,-0.4471574466552951,1.3225873864163096
70.0,195.0,138.91697692871094,-2.171069523432344,2.7008255085143333,-4.917366450886192,-3.026875164034515,-2.468636098468439,0.8367328874352976,-0.1012739458087827,3.9669668734672334,-0.4499516970416585,1.3173893864274326
70.0,195.0,137.94046020507812,-2.113893239394053,2.668966548242873,-4.924524824018381,-3.031643218142888,-2.5041299639423955,0.8455721792447358,-0.0998421209439764,3.9671222494732814,-0.4495364992566079,1.322338134819422
70.0,195.0,138.0879669189453,-2.115344345512604,2.679826771881371,-4.924500791443057,-3.032462712328181,-2.507295609348,0.8480965689611242,-0.0979486128228164,3.9582770498036206,-0.4491226044314809,1.321989128712744
70.0,195.0,140.52117919921875,-2.1272497769988306,1.774468940747441,-4.918171862643308,-3.039466282870276,-2.4890347571925453,0.8476899259151214,-0.521753245229758,3.96549093137469,-0.4572526271482879,1.3258236409937911
70.0,195.0,146.584716796875,-2.103115268970947,1.7773525520170366,-4.8991595252982325,-3.0347150506673737,-2.5711874065489764,0.8116258795517473,-1.035978714195854,3.971544582710554,-0.4467989748149475,1.6285298446205214
70.0,195.0,139.49063110351562,-2.127036784137281,2.6864341888011003,-4.922580773522917,-3.0061126931140665,-1.94209301285814,0.8409841124852037,-0.5625834980067171,3.962763002701845,-0.4500653814960387,1.3055394714877115
70.0,195.0,138.5950469970703,-2.116092615867004,2.679755072143549,-4.927483362225517,-3.010629389115397,-2.534948796975763,0.8435005214243241,-0.1076258188623294,3.96984424912139,-0.4454612319312103,1.3240638635614843
70.0,195.0,137.99871826171875,-2.1219359706978977,2.6983519605346182,-4.91365276125987,-3.032488893616102,-2.496985797832152,0.841776391998673,-0.1077954372691717,3.9583726091708233,-0.4454771531257346,1.324300965228809
70.0,195.0,155.14508056640625,-2.144416528898283,1.7532622941419214,-4.910340166670732,-3.045212005694971,-1.9538792327145715,0.8337103093690844,-1.0439633387742353,3.904955445319976,-0.4075869564763927,0.7623833671535221
70.0,195.0,139.50372314453125,-2.122636484933675,3.5704206891638446,-4.928787274341943,-3.037851658567845,-2.525937593544493,0.8439742794215084,-0.1063149013750094,3.952908931022901,-0.4465054973198427,1.3217229165978648
70.0,195.0,137.9134521484375,-2.119924773072409,2.6811561473956047,-4.92278829155064,-3.020597151053085,-2.501065548357092,0.8444027988510449,-0.0997542888714165,3.967838177960647,-0.4495532785133659,1.3257785941313274
70.0,195.0,157.8895721435547,-2.151116586352581,1.7765067177928218,-4.954217446239854,-3.688038395004858,-2.586077377730949,0.8144731752930827,-0.6122097261475492,3.624379146848815,-0.454328507982406,0.9702287003031408
70.0,195.0,160.38934326171875,-2.1239526524329047,1.7532778008160277,-4.793683137872873,-2.992665936417859,-3.0883299703921034,0.7444479414625762,-1.0498487622640318,3.959048847339001,-0.7967959506285662,0.7170082799296202
70.0,195.0,137.95419311523438,-2.127510486587058,2.6664213177803657,-4.925946181719729,-3.030718126183132,-2.502510773607647,0.8407793874387863,-0.1007815620198274,3.966536784186372,-0.4492824282483114,1.3246605835724932
70.0,195.0,155.30633544921875,-2.110355142561264,1.7355664246072802,-4.897661520156259,-3.0945963635771343,-3.0647722813398968,0.8256285834289196,-1.0204516952792135,4.389633871132414,-0.4667985076585941,0.7287559592886229
70.0,195.0,158.0673828125,-2.13478528945232,1.8441109636686763,-4.929363763692761,-3.1294766675918138,-3.0546509867568057,1.330469986782295,-1.0107985278553162,3.543151829295136,-0.4498499097984712,0.7093224768745058
70.0,195.0,151.25607299804688,-2.172037136009037,1.7295055121999343,-4.886813252907739,-3.044272093932116,-2.527211347557737,0.8736419156014977,-1.0803740810791176,4.326682419773425,-0.4568381444550614,1.020613823807618
70.0,195.0,165.35855102539062,-2.0411344005614884,1.8033887960812784,-4.990096883276585,-3.0271535952284765,-1.9850275875294443,0.7502007915430735,-1.0075749577924853,3.0752222344234887,-0.4467256416415724,1.0584411608503208
70.0,195.0,165.263427734375,-2.025108824505472,1.819420873531608,-4.880777358367313,-3.048511178555349,-3.076473591889685,0.724041054625411,-1.045823708623605,4.79798916193166,-0.408550783489008,0.6991762171530035
70.0,195.0,137.98744201660156,-2.1186416840438103,2.686010209415671,-4.919279384215946,-3.02801862124478,-2.4848140944970547,0.8515373149981043,-0.1029912780719104,3.966204247287356,-0.4481591683860312,1.323007917228846
70.0,195.0,160.2692413330078,-1.055922459328694,1.7735920722761906,-4.937958133848109,-1.695201673496223,-3.064020344723154,0.8372423768827528,-1.0608401158966236,4.429729571994304,-0.4561175576200931,0.7202760905369371
70.0,196.0,157.60691833496094,-2.1221509371431435,1.8392303061078088,-4.902514539010984,-3.0864103908050646,-3.0538475418464337,0.8517324402109121,-1.0171489627324086,3.092931355225164,-0.4559853455206131,0.9824460715350812
70.0,196.0,161.15728759765625,-1.9534206856324816,1.7536378394229737,-4.890109816254475,-3.0956079319477503,-3.0662115030366284,0.8279698431872164,-1.019189610828445,4.304919778195342,-0.4515226464921155,0.7024576952550962
70.0,196.0,137.86192321777344,-2.117800296695536,2.675060293822595,-4.922290025193135,-3.027935279981284,-2.5040521871909243,0.8478738732967751,-0.099897556218255,3.966110916736105,-0.4461138680384,1.3219547282552515
70.0,196.0,139.20184326171875,-2.1191760468044176,2.685470393531013,-4.9760617652555545,-3.0267656113952994,-2.501333714161438,0.8473170720730061,-0.1146589449568619,3.9523692441700846,-0.4463295088422942,1.3210575821253256
70.0,196.0,137.88018798828125,-2.1165250777263647,2.682952205899546,-4.925751386419625,-3.02792064819247,-2.487712390720217,0.8435640101310801,-0.0997056675857196,3.9675822154994473,-0.4466272852234623,1.3249290389609638
70.0,196.0,150.95826721191406,-2.1262525097823337,1.7737189882144293,-4.926724315985826,-3.0259742329384216,-2.437463469842107,1.4099652745982325,-1.0262765149084487,3.9233814230264574,-0.4512474950726279,1.609887845109697
70.0,196.0,156.08035278320312,-2.1580996450789263,1.728328627406782,-4.879695436337815,-3.0850529772078543,-3.06587044186364,0.8359929899162684,-1.015638048938622,3.5437633377229565,-0.4462973345896071,0.7233871726910266
70.0,196.0,145.83074951171875,-2.1182021524849444,1.8078905911135548,-4.935700425047287,-2.9794937688851824,-2.4827301949732017,0.8507230196630945,-1.052661683502819,3.970937820545013,-0.4537632926829645,1.6362450208066313
70.0,196.0,142.9798126220703,-2.1220829198845297,1.779816139448701,-4.916527573251591,-3.02469365005042,-2.497106128890054,0.8394429982048441,-1.0497138158275474,3.959478534814511,-0.4503832498699787,1.3264084915991838
70.0,196.0,138.06295776367188,-2.107410814804243,2.679672376049689,-4.916857201647437,-3.025250172713281,-2.502992155436108,0.858364771933653,-0.09894360352263,3.9679002123375033,-0.4450324934834584,1.3227003848315546
70.0,196.0,137.91786193847656,-2.11956131728669,2.671591592498131,-4.926906906281553,-3.030263991856621,-2.48750420725833,0.8372485312540221,-0.1004894706864319,3.96717778310104,-0.4461709982174499,1.3232512474348723
70.0,196.0,138.89573669433594,-2.115213843229185,2.654874310357398,-4.925347410906462,-3.001988803754849,-2.490839012051247,0.8352820081697727,-0.1083123613331317,3.982994745987456,-0.4506073055758177,1.3256396665817218
70.0,196.0,139.1177978515625,-2.121924358678077,2.666080249734612,-4.918759838099927,-3.032773542817324,-2.490193648566313,0.8467825409558875,-0.5280131587354278,3.967725551798917,-0.4509176876331131,1.322280599399067
70.0,196.0,142.46267700195312,-2.1232609530412936,2.7566488900240795,-4.918842310309988,-3.023558994006141,-2.501609275844215,0.8462144983208695,-0.1579454035755592,3.9707787410443625,-0.4529763349832271,1.3197779449706493
70.0,196.0,177.90628051757812,-0.9480992037287066,1.6698462529856726,-4.92126265432442,-3.066282443454009,-3.048841576344093,1.9184003846581128,-1.029547548154336,4.407033002134062,-0.5675828178794807,0.7291447687456702
70.0,196.0,137.84786987304688,-2.1164356176265366,2.68647548476844,-4.918453628375961,-3.028278821911964,-2.499912996330844,0.842639580787254,-0.0998922048236414,3.967844303480267,-0.4432695340415124,1.3234868733948362
70.0,196.0,140.55001831054688,-2.122329315786468,1.802061285371577,-4.931716526883416,-3.0283693764857564,-2.486060058575672,0.8457611210177214,-0.5347108318649818,3.980144941527816,-0.4523532917964609,1.322373004556118
70.0,196.0,149.86083984375,-2.12290973532822,1.7678672280638843,-4.933681346827862,-3.0281690041240785,-2.4860633919118627,0.9010736490337464,-1.0043492977172703,4.342770552392945,-0.4457589969867184,1.2979840525979809
70.0,196.0,149.8558807373047,-2.1111044588044594,2.641686632673826,-4.929163837336221,-3.0199126791404143,-2.620657437733671,0.8422044171890584,-0.113757326940539,4.036803368312294,-0.4510087777343007,0.99886656482351
70.0,196.0,137.88400268554688,-2.116412087629394,2.684006675986529,-4.91524400904818,-3.030726875197007,-2.507200481551897,0.8450106944524782,-0.0997305678321422,3.9671368802069686,-0.444628727594564,1.3195963676061304
70.0,196.0,137.83448791503906,-2.1185114864137367,2.681190654795949,-4.920397552328796,-3.027868897199576,-2.498865657409995,0.8437030734803385,-0.0998827367955701,3.967616071972943,-0.4475367063268248,1.3239153918352513
70.0,196.0,139.24049377441406,-2.122952978603168,2.70020178203428,-4.9094442719968265,-3.03447883586124,-2.4897371704606464,0.8453880164933214,-0.5275536671755963,3.970888576625884,-0.4506163248250027,1.3280531216495697
70.0,196.0,137.81985473632812,-2.127596216469379,2.682333382264904,-4.921650331642164,-3.032614584228958,-2.4973787577871427,0.8440753688181151,-0.1006959899596506,3.965717501922789,-0.4457134557394261,1.3232025068724664
70.0,196.0,153.1660919189453,-2.121447798556532,1.8336876551817392,-4.9380753146679925,-3.094233202647145,-3.0649950223856144,0.8354321701101891,-1.021508757068139,3.955010029302585,-0.4447028575291981,0.7080551592072115
70.0,196.0,141.28140258789062,-2.1172388683769983,1.769881668542445,-4.919003233127706,-3.027440509048384,-2.489457119153515,0.8381927552712034,-0.1443274720996776,3.978318042220693,-0.4548642688908862,1.3244578310822652
70.0,196.0,144.48789978027344,-2.141046964113209,1.771880474365917,-4.911381224157521,-3.040130457582591,-2.517262630056656,0.8055665997807893,-1.0369607176572375,3.977882256769657,-0.4549739669163189,1.3219810566530266
70.0,196.0,137.89418029785156,-2.117098662441978,2.681846483238859,-4.920980567109863,-3.0305172067487947,-2.503311126315756,0.8485888495275947,-0.1000764648579264,3.964754236259951,-0.4494575119058683,1.3214568970719287
70.0,196.0,150.5499267578125,-2.11968739608623,1.755035030369485,-4.927208819748874,-3.0244678618957064,-2.0218319945465275,0.8106048132035997,-1.0135414794231097,3.9867357123238514,-0.4552261932641993,1.349251448476138
70.0,196.0,140.70806884765625,-2.1170765257260005,1.7786727018614492,-4.886691515714032,-3.0032452423189584,-2.490826029221292,0.8457199841861938,-0.5221104655596113,3.970749928697078,-0.4471574466552951,1.3225873864163096
70.0,196.0,138.91697692871094,-2.171069523432344,2.7008255085143333,-4.917366450886192,-3.026875164034515,-2.468636098468439,0.8367328874352976,-0.1012739458087827,3.9669668734672334,-0.4499516970416585,1.3173893864274326
70.0,196.0,137.85035705566406,-2.1194867411754834,2.684595383442144,-4.921645480456209,-3.0254798522992226,-2.498630006619862,0.8446856400318024,-0.0994071176861525,3.96752966003597,-0.4482797549185011,1.3226649877192365
70.0,196.0,138.0879669189453,-2.115344345512604,2.679826771881371,-4.924500791443057,-3.032462712328181,-2.507295609348,0.8480965689611242,-0.0979486128228164,3.9582770498036206,-0.4491226044314809,1.321989128712744
70.0,196.0,140.52117919921875,-2.1272497769988306,1.774468940747441,-4.918171862643308,-3.039466282870276,-2.4890347571925453,0.8476899259151214,-0.521753245229758,3.96549093137469,-0.4572526271482879,1.3258236409937911
70.0,196.0,146.584716796875,-2.103115268970947,1.7773525520170366,-4.8991595252982325,-3.0347150506673737,-2.5711874065489764,0.8116258795517473,-1.035978714195854,3.971544582710554,-0.4467989748149475,1.6285298446205214
70.0,196.0,139.49063110351562,-2.127036784137281,2.6864341888011003,-4.922580773522917,-3.0061126931140665,-1.94209301285814,0.8409841124852037,-0.5625834980067171,3.962763002701845,-0.4500653814960387,1.3055394714877115
70.0,196.0,138.3278350830078,-2.1179474632969817,2.675917986615019,-4.925925450408344,-3.0122370828082765,-2.521671243488939,0.8424787789180826,-0.1105764565377452,3.9681443447972593,-0.4476572332871914,1.3237379998104848
70.0,196.0,137.99871826171875,-2.1219359706978977,2.6983519605346182,-4.91365276125987,-3.032488893616102,-2.496985797832152,0.841776391998673,-0.1077954372691717,3.9583726091708233,-0.4454771531257346,1.324300965228809
70.0,196.0,155.14508056640625,-2.144416528898283,1.7532622941419214,-4.910340166670732,-3.045212005694971,-1.9538792327145715,0.8337103093690844,-1.0439633387742353,3.904955445319976,-0.4075869564763927,0.7623833671535221
70.0,196.0,139.50372314453125,-2.122636484933675,3.5704206891638446,-4.928787274341943,-3.037851658567845,-2.525937593544493,0.8439742794215084,-0.1063149013750094,3.952908931022901,-0.4465054973198427,1.3217229165978648
70.0,196.0,137.878173828125,-2.11972301942864,2.678986483931724,-4.920121156383319,-3.030244630300812,-2.4982627232683456,0.8444754148080788,-0.0998934832751165,3.9676532838277145,-0.4493554614067966,1.3262651328100552
70.0,196.0,157.8895721435547,-2.151116586352581,1.7765067177928218,-4.954217446239854,-3.688038395004858,-2.586077377730949,0.8144731752930827,-0.6122097261475492,3.624379146848815,-0.454328507982406,0.9702287003031408
70.0,196.0,160.38934326171875,-2.1239526524329047,1.7532778008160277,-4.793683137872873,-2.992665936417859,-3.0883299703921034,0.7444479414625762,-1.0498487622640318,3.959048847339001,-0.7967959506285662,0.7170082799296202
70.0,196.0,137.95419311523438,-2.127510486587058,2.6664213177803657,-4.925946181719729,-3.030718126183132,-2.502510773607647,0.8407793874387863,-0.1007815620198274,3.966536784186372,-0.4492824282483114,1.3246605835724932
70.0,196.0,155.30633544921875,-2.110355142561264,1.7355664246072802,-4.897661520156259,-3.0945963635771343,-3.0647722813398968,0.8256285834289196,-1.0204516952792135,4.389633871132414,-0.4667985076585941,0.7287559592886229
70.0,196.0,158.0673828125,-2.13478528945232,1.8441109636686763,-4.929363763692761,-3.1294766675918138,-3.0546509867568057,1.330469986782295,-1.0107985278553162,3.543151829295136,-0.4498499097984712,0.7093224768745058
70.0,196.0,151.25607299804688,-2.172037136009037,1.7295055121999343,-4.886813252907739,-3.044272093932116,-2.527211347557737,0.8736419156014977,-1.0803740810791176,4.326682419773425,-0.4568381444550614,1.020613823807618
70.0,196.0,165.35855102539062,-2.0411344005614884,1.8033887960812784,-4.990096883276585,-3.0271535952284765,-1.9850275875294443,0.7502007915430735,-1.0075749577924853,3.0752222344234887,-0.4467256416415724,1.0584411608503208
70.0,196.0,165.263427734375,-2.025108824505472,1.819420873531608,-4.880777358367313,-3.048511178555349,-3.076473591889685,0.724041054625411,-1.045823708623605,4.79798916193166,-0.408550783489008,0.6991762171530035
70.0,196.0,137.98744201660156,-2.1186416840438103,2.686010209415671,-4.919279384215946,-3.02801862124478,-2.4848140944970547,0.8515373149981043,-0.1029912780719104,3.966204247287356,-0.4481591683860312,1.323007917228846
70.0,196.0,160.2692413330078,-1.055922459328694,1.7735920722761906,-4.937958133848109,-1.695201673496223,-3.064020344723154,0.8372423768827528,-1.0608401158966236,4.429729571994304,-0.4561175576200931,0.7202760905369371
70.0,197.0,157.60691833496094,-2.1221509371431435,1.8392303061078088,-4.902514539010984,-3.0864103908050646,-3.0538475418464337,0.8517324402109121,-1.0171489627324086,3.092931355225164,-0.4559853455206131,0.9824460715350812
70.0,197.0,161.15728759765625,-1.9534206856324816,1.7536378394229737,-4.890109816254475,-3.0956079319477503,-3.0662115030366284,0.8279698431872164,-1.019189610828445,4.304919778195342,-0.4515226464921155,0.7024576952550962
70.0,197.0,137.86192321777344,-2.117800296695536,2.675060293822595,-4.922290025193135,-3.027935279981284,-2.5040521871909243,0.8478738732967751,-0.099897556218255,3.966110916736105,-0.4461138680384,1.3219547282552515
70.0,197.0,139.20184326171875,-2.1191760468044176,2.685470393531013,-4.9760617652555545,-3.0267656113952994,-2.501333714161438,0.8473170720730061,-0.1146589449568619,3.9523692441700846,-0.4463295088422942,1.3210575821253256
70.0,197.0,137.88018798828125,-2.1165250777263647,2.682952205899546,-4.925751386419625,-3.02792064819247,-2.487712390720217,0.8435640101310801,-0.0997056675857196,3.9675822154994473,-0.4466272852234623,1.3249290389609638
70.0,197.0,150.95826721191406,-2.1262525097823337,1.7737189882144293,-4.926724315985826,-3.0259742329384216,-2.437463469842107,1.4099652745982325,-1.0262765149084487,3.9233814230264574,-0.4512474950726279,1.609887845109697
70.0,197.0,156.08035278320312,-2.1580996450789263,1.728328627406782,-4.879695436337815,-3.0850529772078543,-3.06587044186364,0.8359929899162684,-1.015638048938622,3.5437633377229565,-0.4462973345896071,0.7233871726910266
70.0,197.0,145.83074951171875,-2.1182021524849444,1.8078905911135548,-4.935700425047287,-2.9794937688851824,-2.4827301949732017,0.8507230196630945,-1.052661683502819,3.970937820545013,-0.4537632926829645,1.6362450208066313
70.0,197.0,142.9798126220703,-2.1220829198845297,1.779816139448701,-4.916527573251591,-3.02469365005042,-2.497106128890054,0.8394429982048441,-1.0497138158275474,3.959478534814511,-0.4503832498699787,1.3264084915991838
70.0,197.0,138.06295776367188,-2.107410814804243,2.679672376049689,-4.916857201647437,-3.025250172713281,-2.502992155436108,0.858364771933653,-0.09894360352263,3.9679002123375033,-0.4450324934834584,1.3227003848315546
70.0,197.0,137.91786193847656,-2.11956131728669,2.671591592498131,-4.926906906281553,-3.030263991856621,-2.48750420725833,0.8372485312540221,-0.1004894706864319,3.96717778310104,-0.4461709982174499,1.3232512474348723
70.0,197.0,138.61509704589844,-2.142811906152445,2.699513328504014,-4.922261091473156,-3.053833901242461,-2.485731507053899,0.8352489263517687,-0.1126574029625098,3.971639285605038,-0.4435462362124233,1.328830192750447
70.0,197.0,138.08201599121094,-2.1303118094912508,2.6788862845625725,-4.918185401489764,-3.033085604274728,-2.51042557113541,0.8361963131034399,-0.1112096866462434,3.966255010816096,-0.4471535717185131,1.322356870568094
70.0,197.0,142.46267700195312,-2.1232609530412936,2.7566488900240795,-4.918842310309988,-3.023558994006141,-2.501609275844215,0.8462144983208695,-0.1579454035755592,3.9707787410443625,-0.4529763349832271,1.3197779449706493
70.0,197.0,177.90628051757812,-0.9480992037287066,1.6698462529856726,-4.92126265432442,-3.066282443454009,-3.048841576344093,1.9184003846581128,-1.029547548154336,4.407033002134062,-0.5675828178794807,0.7291447687456702
70.0,197.0,137.84786987304688,-2.1164356176265366,2.68647548476844,-4.918453628375961,-3.028278821911964,-2.499912996330844,0.842639580787254,-0.0998922048236414,3.967844303480267,-0.4432695340415124,1.3234868733948362
70.0,197.0,140.55001831054688,-2.122329315786468,1.802061285371577,-4.931716526883416,-3.0283693764857564,-2.486060058575672,0.8457611210177214,-0.5347108318649818,3.980144941527816,-0.4523532917964609,1.322373004556118
70.0,197.0,142.99522399902344,-2.123885695476875,1.7743101878719294,-4.91198230761888,-3.038744494237296,-2.4827602600683742,0.8460097373858783,-0.1610368484816937,3.9410607732845686,-0.4440028236741681,1.323951171818618
70.0,197.0,149.8558807373047,-2.1111044588044594,2.641686632673826,-4.929163837336221,-3.0199126791404143,-2.620657437733671,0.8422044171890584,-0.113757326940539,4.036803368312294,-0.4510087777343007,0.99886656482351
70.0,197.0,137.88400268554688,-2.116412087629394,2.684006675986529,-4.91524400904818,-3.030726875197007,-2.507200481551897,0.8450106944524782,-0.0997305678321422,3.9671368802069686,-0.444628727594564,1.3195963676061304
70.0,197.0,137.83448791503906,-2.1185114864137367,2.681190654795949,-4.920397552328796,-3.027868897199576,-2.498865657409995,0.8437030734803385,-0.0998827367955701,3.967616071972943,-0.4475367063268248,1.3239153918352513
70.0,197.0,138.8641815185547,-2.1259774252504795,2.6866481315764528,-4.913307029636322,-3.0381702401753325,-2.4989775821221256,0.8432470652243931,-0.5392681935863943,3.9620245058773502,-0.4471463961654572,1.3239367052505442
70.0,197.0,137.81985473632812,-2.127596216469379,2.682333382264904,-4.921650331642164,-3.032614584228958,-2.4973787577871427,0.8440753688181151,-0.1006959899596506,3.965717501922789,-0.4457134557394261,1.3232025068724664
70.0,197.0,153.1660919189453,-2.121447798556532,1.8336876551817392,-4.9380753146679925,-3.094233202647145,-3.0649950223856144,0.8354321701101891,-1.021508757068139,3.955010029302585,-0.4447028575291981,0.7080551592072115
70.0,197.0,141.28140258789062,-2.1172388683769983,1.769881668542445,-4.919003233127706,-3.027440509048384,-2.489457119153515,0.8381927552712034,-0.1443274720996776,3.978318042220693,-0.4548642688908862,1.3244578310822652
70.0,197.0,144.48789978027344,-2.141046964113209,1.771880474365917,-4.911381224157521,-3.040130457582591,-2.517262630056656,0.8055665997807893,-1.0369607176572375,3.977882256769657,-0.4549739669163189,1.3219810566530266
70.0,197.0,137.89418029785156,-2.117098662441978,2.681846483238859,-4.920980567109863,-3.0305172067487947,-2.503311126315756,0.8485888495275947,-0.1000764648579264,3.964754236259951,-0.4494575119058683,1.3214568970719287
70.0,197.0,150.5499267578125,-2.11968739608623,1.755035030369485,-4.927208819748874,-3.0244678618957064,-2.0218319945465275,0.8106048132035997,-1.0135414794231097,3.9867357123238514,-0.4552261932641993,1.349251448476138
70.0,197.0,140.70806884765625,-2.1170765257260005,1.7786727018614492,-4.886691515714032,-3.0032452423189584,-2.490826029221292,0.8457199841861938,-0.5221104655596113,3.970749928697078,-0.4471574466552951,1.3225873864163096
70.0,197.0,138.91697692871094,-2.171069523432344,2.7008255085143333,-4.917366450886192,-3.026875164034515,-2.468636098468439,0.8367328874352976,-0.1012739458087827,3.9669668734672334,-0.4499516970416585,1.3173893864274326
70.0,197.0,137.85035705566406,-2.1194867411754834,2.684595383442144,-4.921645480456209,-3.0254798522992226,-2.498630006619862,0.8446856400318024,-0.0994071176861525,3.96752966003597,-0.4482797549185011,1.3226649877192365
70.0,197.0,138.0879669189453,-2.115344345512604,2.679826771881371,-4.924500791443057,-3.032462712328181,-2.507295609348,0.8480965689611242,-0.0979486128228164,3.9582770498036206,-0.4491226044314809,1.321989128712744
70.0,197.0,140.52117919921875,-2.1272497769988306,1.774468940747441,-4.918171862643308,-3.039466282870276,-2.4890347571925453,0.8476899259151214,-0.521753245229758,3.96549093137469,-0.4572526271482879,1.3258236409937911
70.0,197.0,146.584716796875,-2.103115268970947,1.7773525520170366,-4.8991595252982325,-3.0347150506673737,-2.5711874065489764,0.8116258795517473,-1.035978714195854,3.971544582710554,-0.4467989748149475,1.6285298446205214
70.0,197.0,139.49063110351562,-2.127036784137281,2.6864341888011003,-4.922580773522917,-3.0061126931140665,-1.94209301285814,0.8409841124852037,-0.5625834980067171,3.962763002701845,-0.4500653814960387,1.3055394714877115
70.0,197.0,138.0731658935547,-2.135886896085318,2.6779304447197614,-4.921970873772693,-3.03635346285022,-2.505421037699228,0.8411165708154149,-0.1117228006008604,3.964738550453068,-0.4480710035489146,1.32321645424376
70.0,197.0,137.99871826171875,-2.1219359706978977,2.6983519605346182,-4.91365276125987,-3.032488893616102,-2.496985797832152,0.841776391998673,-0.1077954372691717,3.9583726091708233,-0.4454771531257346,1.324300965228809
70.0,197.0,155.14508056640625,-2.144416528898283,1.7532622941419214,-4.910340166670732,-3.045212005694971,-1.9538792327145715,0.8337103093690844,-1.0439633387742353,3.904955445319976,-0.4075869564763927,0.7623833671535221
70.0,197.0,139.50372314453125,-2.122636484933675,3.5704206891638446,-4.928787274341943,-3.037851658567845,-2.525937593544493,0.8439742794215084,-0.1063149013750094,3.952908931022901,-0.4465054973198427,1.3217229165978648
70.0,197.0,137.878173828125,-2.11972301942864,2.678986483931724,-4.920121156383319,-3.030244630300812,-2.4982627232683456,0.8444754148080788,-0.0998934832751165,3.9676532838277145,-0.4493554614067966,1.3262651328100552
70.0,197.0,157.8895721435547,-2.151116586352581,1.7765067177928218,-4.954217446239854,-3.688038395004858,-2.586077377730949,0.8144731752930827,-0.6122097261475492,3.624379146848815,-0.454328507982406,0.9702287003031408
70.0,197.0,160.38934326171875,-2.1239526524329047,1.7532778008160277,-4.793683137872873,-2.992665936417859,-3.0883299703921034,0.7444479414625762,-1.0498487622640318,3.959048847339001,-0.7967959506285662,0.7170082799296202
70.0,197.0,137.95419311523438,-2.127510486587058,2.6664213177803657,-4.925946181719729,-3.030718126183132,-2.502510773607647,0.8407793874387863,-0.1007815620198274,3.966536784186372,-0.4492824282483114,1.3246605835724932
70.0,197.0,155.30633544921875,-2.110355142561264,1.7355664246072802,-4.897661520156259,-3.0945963635771343,-3.0647722813398968,0.8256285834289196,-1.0204516952792135,4.389633871132414,-0.4667985076585941,0.7287559592886229
70.0,197.0,158.0673828125,-2.13478528945232,1.8441109636686763,-4.929363763692761,-3.1294766675918138,-3.0546509867568057,1.330469986782295,-1.0107985278553162,3.543151829295136,-0.4498499097984712,0.7093224768745058
70.0,197.0,151.25607299804688,-2.172037136009037,1.7295055121999343,-4.886813252907739,-3.044272093932116,-2.527211347557737,0.8736419156014977,-1.0803740810791176,4.326682419773425,-0.4568381444550614,1.020613823807618
70.0,197.0,165.35855102539062,-2.0411344005614884,1.8033887960812784,-4.990096883276585,-3.0271535952284765,-1.9850275875294443,0.7502007915430735,-1.0075749577924853,3.0752222344234887,-0.4467256416415724,1.0584411608503208
70.0,197.0,165.263427734375,-2.025108824505472,1.819420873531608,-4.880777358367313,-3.048511178555349,-3.076473591889685,0.724041054625411,-1.045823708623605,4.79798916193166,-0.408550783489008,0.6991762171530035
70.0,197.0,137.98744201660156,-2.1186416840438103,2.686010209415671,-4.919279384215946,-3.02801862124478,-2.4848140944970547,0.8515373149981043,-0.1029912780719104,3.966204247287356,-0.4481591683860312,1.323007917228846
70.0,197.0,160.2692413330078,-1.055922459328694,1.7735920722761906,-4.937958133848109,-1.695201673496223,-3.064020344723154,0.8372423768827528,-1.0608401158966236,4.429729571994304,-0.4561175576200931,0.7202760905369371
70.0,198.0,157.60691833496094,-2.1221509371431435,1.8392303061078088,-4.902514539010984,-3.0864103908050646,-3.0538475418464337,0.8517324402109121,-1.0171489627324086,3.092931355225164,-0.4559853455206131,0.9824460715350812
70.0,198.0,161.15728759765625,-1.9534206856324816,1.7536378394229737,-4.890109816254475,-3.0956079319477503,-3.0662115030366284,0.8279698431872164,-1.019189610828445,4.304919778195342,-0.4515226464921155,0.7024576952550962
70.0,198.0,137.86192321777344,-2.117800296695536,2.675060293822595,-4.922290025193135,-3.027935279981284,-2.5040521871909243,0.8478738732967751,-0.099897556218255,3.966110916736105,-0.4461138680384,1.3219547282552515
70.0,198.0,139.20184326171875,-2.1191760468044176,2.685470393531013,-4.9760617652555545,-3.0267656113952994,-2.501333714161438,0.8473170720730061,-0.1146589449568619,3.9523692441700846,-0.4463295088422942,1.3210575821253256
70.0,198.0,137.88018798828125,-2.1165250777263647,2.682952205899546,-4.925751386419625,-3.02792064819247,-2.487712390720217,0.8435640101310801,-0.0997056675857196,3.9675822154994473,-0.4466272852234623,1.3249290389609638
70.0,198.0,150.95826721191406,-2.1262525097823337,1.7737189882144293,-4.926724315985826,-3.0259742329384216,-2.437463469842107,1.4099652745982325,-1.0262765149084487,3.9233814230264574,-0.4512474950726279,1.609887845109697
70.0,198.0,156.08035278320312,-2.1580996450789263,1.728328627406782,-4.879695436337815,-3.0850529772078543,-3.06587044186364,0.8359929899162684,-1.015638048938622,3.5437633377229565,-0.4462973345896071,0.7233871726910266
70.0,198.0,145.83074951171875,-2.1182021524849444,1.8078905911135548,-4.935700425047287,-2.9794937688851824,-2.4827301949732017,0.8507230196630945,-1.052661683502819,3.970937820545013,-0.4537632926829645,1.6362450208066313
70.0,198.0,142.9798126220703,-2.1220829198845297,1.779816139448701,-4.916527573251591,-3.02469365005042,-2.497106128890054,0.8394429982048441,-1.0497138158275474,3.959478534814511,-0.4503832498699787,1.3264084915991838
70.0,198.0,138.06295776367188,-2.107410814804243,2.679672376049689,-4.916857201647437,-3.025250172713281,-2.502992155436108,0.858364771933653,-0.09894360352263,3.9679002123375033,-0.4450324934834584,1.3227003848315546
70.0,198.0,137.91786193847656,-2.11956131728669,2.671591592498131,-4.926906906281553,-3.030263991856621,-2.48750420725833,0.8372485312540221,-0.1004894706864319,3.96717778310104,-0.4461709982174499,1.3232512474348723
70.0,198.0,138.61509704589844,-2.142811906152445,2.699513328504014,-4.922261091473156,-3.053833901242461,-2.485731507053899,0.8352489263517687,-0.1126574029625098,3.971639285605038,-0.4435462362124233,1.328830192750447
70.0,198.0,138.08201599121094,-2.1303118094912508,2.6788862845625725,-4.918185401489764,-3.033085604274728,-2.51042557113541,0.8361963131034399,-0.1112096866462434,3.966255010816096,-0.4471535717185131,1.322356870568094
70.0,198.0,142.46267700195312,-2.1232609530412936,2.7566488900240795,-4.918842310309988,-3.023558994006141,-2.501609275844215,0.8462144983208695,-0.1579454035755592,3.9707787410443625,-0.4529763349832271,1.3197779449706493
70.0,198.0,177.90628051757812,-0.9480992037287066,1.6698462529856726,-4.92126265432442,-3.066282443454009,-3.048841576344093,1.9184003846581128,-1.029547548154336,4.407033002134062,-0.5675828178794807,0.7291447687456702
70.0,198.0,137.84786987304688,-2.1164356176265366,2.68647548476844,-4.918453628375961,-3.028278821911964,-2.499912996330844,0.842639580787254,-0.0998922048236414,3.967844303480267,-0.4432695340415124,1.3234868733948362
70.0,198.0,140.55001831054688,-2.122329315786468,1.802061285371577,-4.931716526883416,-3.0283693764857564,-2.486060058575672,0.8457611210177214,-0.5347108318649818,3.980144941527816,-0.4523532917964609,1.322373004556118
70.0,198.0,142.99522399902344,-2.123885695476875,1.7743101878719294,-4.91198230761888,-3.038744494237296,-2.4827602600683742,0.8460097373858783,-0.1610368484816937,3.9410607732845686,-0.4440028236741681,1.323951171818618
70.0,198.0,146.89678955078125,-2.1157274956350207,3.560859139752285,-4.907875006796881,-3.0271400908140613,-2.496080273403039,0.8455741741293783,-0.1175898994876983,4.002245469884065,-0.4485033184712136,1.88932816042122
70.0,198.0,137.88400268554688,-2.116412087629394,2.684006675986529,-4.91524400904818,-3.030726875197007,-2.507200481551897,0.8450106944524782,-0.0997305678321422,3.9671368802069686,-0.444628727594564,1.3195963676061304
70.0,198.0,137.83448791503906,-2.1185114864137367,2.681190654795949,-4.920397552328796,-3.027868897199576,-2.498865657409995,0.8437030734803385,-0.0998827367955701,3.967616071972943,-0.4475367063268248,1.3239153918352513
70.0,198.0,138.8641815185547,-2.1259774252504795,2.6866481315764528,-4.913307029636322,-3.0381702401753325,-2.4989775821221256,0.8432470652243931,-0.5392681935863943,3.9620245058773502,-0.4471463961654572,1.3239367052505442
70.0,198.0,137.81985473632812,-2.127596216469379,2.682333382264904,-4.921650331642164,-3.032614584228958,-2.4973787577871427,0.8440753688181151,-0.1006959899596506,3.965717501922789,-0.4457134557394261,1.3232025068724664
70.0,198.0,153.1660919189453,-2.121447798556532,1.8336876551817392,-4.9380753146679925,-3.094233202647145,-3.0649950223856144,0.8354321701101891,-1.021508757068139,3.955010029302585,-0.4447028575291981,0.7080551592072115
70.0,198.0,141.28140258789062,-2.1172388683769983,1.769881668542445,-4.919003233127706,-3.027440509048384,-2.489457119153515,0.8381927552712034,-0.1443274720996776,3.978318042220693,-0.4548642688908862,1.3244578310822652
70.0,198.0,144.48789978027344,-2.141046964113209,1.771880474365917,-4.911381224157521,-3.040130457582591,-2.517262630056656,0.8055665997807893,-1.0369607176572375,3.977882256769657,-0.4549739669163189,1.3219810566530266
70.0,198.0,137.889892578125,-2.1184613236606427,2.681489316736269,-4.921260307698952,-3.031592367378764,-2.489879733856723,0.846473204338619,-0.1005116314235074,3.9659918032666175,-0.4488220023650606,1.320717580828839
70.0,198.0,150.5499267578125,-2.11968739608623,1.755035030369485,-4.927208819748874,-3.0244678618957064,-2.0218319945465275,0.8106048132035997,-1.0135414794231097,3.9867357123238514,-0.4552261932641993,1.349251448476138
70.0,198.0,140.70806884765625,-2.1170765257260005,1.7786727018614492,-4.886691515714032,-3.0032452423189584,-2.490826029221292,0.8457199841861938,-0.5221104655596113,3.970749928697078,-0.4471574466552951,1.3225873864163096
70.0,198.0,138.91697692871094,-2.171069523432344,2.7008255085143333,-4.917366450886192,-3.026875164034515,-2.468636098468439,0.8367328874352976,-0.1012739458087827,3.9669668734672334,-0.4499516970416585,1.3173893864274326
70.0,198.0,137.85035705566406,-2.1194867411754834,2.684595383442144,-4.921645480456209,-3.0254798522992226,-2.498630006619862,0.8446856400318024,-0.0994071176861525,3.96752966003597,-0.4482797549185011,1.3226649877192365
70.0,198.0,138.0879669189453,-2.115344345512604,2.679826771881371,-4.924500791443057,-3.032462712328181,-2.507295609348,0.8480965689611242,-0.0979486128228164,3.9582770498036206,-0.4491226044314809,1.321989128712744
70.0,198.0,140.52117919921875,-2.1272497769988306,1.774468940747441,-4.918171862643308,-3.039466282870276,-2.4890347571925453,0.8476899259151214,-0.521753245229758,3.96549093137469,-0.4572526271482879,1.3258236409937911
70.0,198.0,146.584716796875,-2.103115268970947,1.7773525520170366,-4.8991595252982325,-3.0347150506673737,-2.5711874065489764,0.8116258795517473,-1.035978714195854,3.971544582710554,-0.4467989748149475,1.6285298446205214
70.0,198.0,139.49063110351562,-2.127036784137281,2.6864341888011003,-4.922580773522917,-3.0061126931140665,-1.94209301285814,0.8409841124852037,-0.5625834980067171,3.962763002701845,-0.4500653814960387,1.3055394714877115
70.0,198.0,137.92755126953125,-2.130576187947203,2.6834689905060043,-4.9203875769960685,-3.040867155910566,-2.492519770933694,0.8471966256563935,-0.1046885090416615,3.96380182641195,-0.4456188697538837,1.3229982157226154
70.0,198.0,137.99871826171875,-2.1219359706978977,2.6983519605346182,-4.91365276125987,-3.032488893616102,-2.496985797832152,0.841776391998673,-0.1077954372691717,3.9583726091708233,-0.4454771531257346,1.324300965228809
70.0,198.0,155.14508056640625,-2.144416528898283,1.7532622941419214,-4.910340166670732,-3.045212005694971,-1.9538792327145715,0.8337103093690844,-1.0439633387742353,3.904955445319976,-0.4075869564763927,0.7623833671535221
70.0,198.0,139.50372314453125,-2.122636484933675,3.5704206891638446,-4.928787274341943,-3.037851658567845,-2.525937593544493,0.8439742794215084,-0.1063149013750094,3.952908931022901,-0.4465054973198427,1.3217229165978648
70.0,198.0,137.878173828125,-2.11972301942864,2.678986483931724,-4.920121156383319,-3.030244630300812,-2.4982627232683456,0.8444754148080788,-0.0998934832751165,3.9676532838277145,-0.4493554614067966,1.3262651328100552
70.0,198.0,157.8895721435547,-2.151116586352581,1.7765067177928218,-4.954217446239854,-3.688038395004858,-2.586077377730949,0.8144731752930827,-0.6122097261475492,3.624379146848815,-0.454328507982406,0.9702287003031408
70.0,198.0,160.38934326171875,-2.1239526524329047,1.7532778008160277,-4.793683137872873,-2.992665936417859,-3.0883299703921034,0.7444479414625762,-1.0498487622640318,3.959048847339001,-0.7967959506285662,0.7170082799296202
70.0,198.0,137.95419311523438,-2.127510486587058,2.6664213177803657,-4.925946181719729,-3.030718126183132,-2.502510773607647,0.8407793874387863,-0.1007815620198274,3.966536784186372,-0.4492824282483114,1.3246605835724932
70.0,198.0,155.30633544921875,-2.110355142561264,1.7355664246072802,-4.897661520156259,-3.0945963635771343,-3.0647722813398968,0.8256285834289196,-1.0204516952792135,4.389633871132414,-0.4667985076585941,0.7287559592886229
70.0,198.0,158.0673828125,-2.13478528945232,1.8441109636686763,-4.929363763692761,-3.1294766675918138,-3.0546509867568057,1.330469986782295,-1.0107985278553162,3.543151829295136,-0.4498499097984712,0.7093224768745058
70.0,198.0,151.25607299804688,-2.172037136009037,1.7295055121999343,-4.886813252907739,-3.044272093932116,-2.527211347557737,0.8736419156014977,-1.0803740810791176,4.326682419773425,-0.4568381444550614,1.020613823807618
70.0,198.0,165.35855102539062,-2.0411344005614884,1.8033887960812784,-4.990096883276585,-3.0271535952284765,-1.9850275875294443,0.7502007915430735,-1.0075749577924853,3.0752222344234887,-0.4467256416415724,1.0584411608503208
70.0,198.0,165.263427734375,-2.025108824505472,1.819420873531608,-4.880777358367313,-3.048511178555349,-3.076473591889685,0.724041054625411,-1.045823708623605,4.79798916193166,-0.408550783489008,0.6991762171530035
70.0,198.0,137.98744201660156,-2.1186416840438103,2.686010209415671,-4.919279384215946,-3.02801862124478,-2.4848140944970547,0.8515373149981043,-0.1029912780719104,3.966204247287356,-0.4481591683860312,1.323007917228846
70.0,198.0,160.2692413330078,-1.055922459328694,1.7735920722761906,-4.937958133848109,-1.695201673496223,-3.064020344723154,0.8372423768827528,-1.0608401158966236,4.429729571994304,-0.4561175576200931,0.7202760905369371
70.0,199.0,157.60691833496094,-2.1221509371431435,1.8392303061078088,-4.902514539010984,-3.0864103908050646,-3.0538475418464337,0.8517324402109121,-1.0171489627324086,3.092931355225164,-0.4559853455206131,0.9824460715350812
70.0,199.0,161.15728759765625,-1.9534206856324816,1.7536378394229737,-4.890109816254475,-3.0956079319477503,-3.0662115030366284,0.8279698431872164,-1.019189610828445,4.304919778195342,-0.4515226464921155,0.7024576952550962
70.0,199.0,137.86192321777344,-2.117800296695536,2.675060293822595,-4.922290025193135,-3.027935279981284,-2.5040521871909243,0.8478738732967751,-0.099897556218255,3.966110916736105,-0.4461138680384,1.3219547282552515
70.0,199.0,139.20184326171875,-2.1191760468044176,2.685470393531013,-4.9760617652555545,-3.0267656113952994,-2.501333714161438,0.8473170720730061,-0.1146589449568619,3.9523692441700846,-0.4463295088422942,1.3210575821253256
70.0,199.0,137.88018798828125,-2.1165250777263647,2.682952205899546,-4.925751386419625,-3.02792064819247,-2.487712390720217,0.8435640101310801,-0.0997056675857196,3.9675822154994473,-0.4466272852234623,1.3249290389609638
70.0,199.0,150.95826721191406,-2.1262525097823337,1.7737189882144293,-4.926724315985826,-3.0259742329384216,-2.437463469842107,1.4099652745982325,-1.0262765149084487,3.9233814230264574,-0.4512474950726279,1.609887845109697
70.0,199.0,156.08035278320312,-2.1580996450789263,1.728328627406782,-4.879695436337815,-3.0850529772078543,-3.06587044186364,0.8359929899162684,-1.015638048938622,3.5437633377229565,-0.4462973345896071,0.7233871726910266
70.0,199.0,145.83074951171875,-2.1182021524849444,1.8078905911135548,-4.935700425047287,-2.9794937688851824,-2.4827301949732017,0.8507230196630945,-1.052661683502819,3.970937820545013,-0.4537632926829645,1.6362450208066313
70.0,199.0,142.9798126220703,-2.1220829198845297,1.779816139448701,-4.916527573251591,-3.02469365005042,-2.497106128890054,0.8394429982048441,-1.0497138158275474,3.959478534814511,-0.4503832498699787,1.3264084915991838
70.0,199.0,138.06295776367188,-2.107410814804243,2.679672376049689,-4.916857201647437,-3.025250172713281,-2.502992155436108,0.858364771933653,-0.09894360352263,3.9679002123375033,-0.4450324934834584,1.3227003848315546
70.0,199.0,137.91786193847656,-2.11956131728669,2.671591592498131,-4.926906906281553,-3.030263991856621,-2.48750420725833,0.8372485312540221,-0.1004894706864319,3.96717778310104,-0.4461709982174499,1.3232512474348723
70.0,199.0,138.61509704589844,-2.142811906152445,2.699513328504014,-4.922261091473156,-3.053833901242461,-2.485731507053899,0.8352489263517687,-0.1126574029625098,3.971639285605038,-0.4435462362124233,1.328830192750447
70.0,199.0,138.08201599121094,-2.1303118094912508,2.6788862845625725,-4.918185401489764,-3.033085604274728,-2.51042557113541,0.8361963131034399,-0.1112096866462434,3.966255010816096,-0.4471535717185131,1.322356870568094
70.0,199.0,142.46267700195312,-2.1232609530412936,2.7566488900240795,-4.918842310309988,-3.023558994006141,-2.501609275844215,0.8462144983208695,-0.1579454035755592,3.9707787410443625,-0.4529763349832271,1.3197779449706493
70.0,199.0,177.90628051757812,-0.9480992037287066,1.6698462529856726,-4.92126265432442,-3.066282443454009,-3.048841576344093,1.9184003846581128,-1.029547548154336,4.407033002134062,-0.5675828178794807,0.7291447687456702
70.0,199.0,137.84786987304688,-2.1164356176265366,2.68647548476844,-4.918453628375961,-3.028278821911964,-2.499912996330844,0.842639580787254,-0.0998922048236414,3.967844303480267,-0.4432695340415124,1.3234868733948362
70.0,199.0,140.55001831054688,-2.122329315786468,1.802061285371577,-4.931716526883416,-3.0283693764857564,-2.486060058575672,0.8457611210177214,-0.5347108318649818,3.980144941527816,-0.4523532917964609,1.322373004556118
70.0,199.0,142.99522399902344,-2.123885695476875,1.7743101878719294,-4.91198230761888,-3.038744494237296,-2.4827602600683742,0.8460097373858783,-0.1610368484816937,3.9410607732845686,-0.4440028236741681,1.323951171818618
70.0,199.0,146.89678955078125,-2.1157274956350207,3.560859139752285,-4.907875006796881,-3.0271400908140613,-2.496080273403039,0.8455741741293783,-0.1175898994876983,4.002245469884065,-0.4485033184712136,1.88932816042122
70.0,199.0,137.88400268554688,-2.116412087629394,2.684006675986529,-4.91524400904818,-3.030726875197007,-2.507200481551897,0.8450106944524782,-0.0997305678321422,3.9671368802069686,-0.444628727594564,1.3195963676061304
70.0,199.0,137.83448791503906,-2.1185114864137367,2.681190654795949,-4.920397552328796,-3.027868897199576,-2.498865657409995,0.8437030734803385,-0.0998827367955701,3.967616071972943,-0.4475367063268248,1.3239153918352513
70.0,199.0,138.8641815185547,-2.1259774252504795,2.6866481315764528,-4.913307029636322,-3.0381702401753325,-2.4989775821221256,0.8432470652243931,-0.5392681935863943,3.9620245058773502,-0.4471463961654572,1.3239367052505442
70.0,199.0,137.81985473632812,-2.127596216469379,2.682333382264904,-4.921650331642164,-3.032614584228958,-2.4973787577871427,0.8440753688181151,-0.1006959899596506,3.965717501922789,-0.4457134557394261,1.3232025068724664
70.0,199.0,153.1660919189453,-2.121447798556532,1.8336876551817392,-4.9380753146679925,-3.094233202647145,-3.0649950223856144,0.8354321701101891,-1.021508757068139,3.955010029302585,-0.4447028575291981,0.7080551592072115
70.0,199.0,141.28140258789062,-2.1172388683769983,1.769881668542445,-4.919003233127706,-3.027440509048384,-2.489457119153515,0.8381927552712034,-0.1443274720996776,3.978318042220693,-0.4548642688908862,1.3244578310822652
70.0,199.0,144.48789978027344,-2.141046964113209,1.771880474365917,-4.911381224157521,-3.040130457582591,-2.517262630056656,0.8055665997807893,-1.0369607176572375,3.977882256769657,-0.4549739669163189,1.3219810566530266
70.0,199.0,137.889892578125,-2.1184613236606427,2.681489316736269,-4.921260307698952,-3.031592367378764,-2.489879733856723,0.846473204338619,-0.1005116314235074,3.9659918032666175,-0.4488220023650606,1.320717580828839
70.0,199.0,150.5499267578125,-2.11968739608623,1.755035030369485,-4.927208819748874,-3.0244678618957064,-2.0218319945465275,0.8106048132035997,-1.0135414794231097,3.9867357123238514,-0.4552261932641993,1.349251448476138
70.0,199.0,140.70806884765625,-2.1170765257260005,1.7786727018614492,-4.886691515714032,-3.0032452423189584,-2.490826029221292,0.8457199841861938,-0.5221104655596113,3.970749928697078,-0.4471574466552951,1.3225873864163096
70.0,199.0,138.91697692871094,-2.171069523432344,2.7008255085143333,-4.917366450886192,-3.026875164034515,-2.468636098468439,0.8367328874352976,-0.1012739458087827,3.9669668734672334,-0.4499516970416585,1.3173893864274326
70.0,199.0,137.85035705566406,-2.1194867411754834,2.684595383442144,-4.921645480456209,-3.0254798522992226,-2.498630006619862,0.8446856400318024,-0.0994071176861525,3.96752966003597,-0.4482797549185011,1.3226649877192365
70.0,199.0,138.0879669189453,-2.115344345512604,2.679826771881371,-4.924500791443057,-3.032462712328181,-2.507295609348,0.8480965689611242,-0.0979486128228164,3.9582770498036206,-0.4491226044314809,1.321989128712744
70.0,199.0,140.52117919921875,-2.1272497769988306,1.774468940747441,-4.918171862643308,-3.039466282870276,-2.4890347571925453,0.8476899259151214,-0.521753245229758,3.96549093137469,-0.4572526271482879,1.3258236409937911
70.0,199.0,146.584716796875,-2.103115268970947,1.7773525520170366,-4.8991595252982325,-3.0347150506673737,-2.5711874065489764,0.8116258795517473,-1.035978714195854,3.971544582710554,-0.4467989748149475,1.6285298446205214
70.0,199.0,139.49063110351562,-2.127036784137281,2.6864341888011003,-4.922580773522917,-3.0061126931140665,-1.94209301285814,0.8409841124852037,-0.5625834980067171,3.962763002701845,-0.4500653814960387,1.3055394714877115
70.0,199.0,137.87222290039062,-2.127864623161001,2.684272914388673,-4.919828801073734,-3.040588625792932,-2.497988521519203,0.8464658202530362,-0.1014842218715562,3.9638731119800665,-0.4447603718734275,1.3231098550747356
70.0,199.0,137.99871826171875,-2.1219359706978977,2.6983519605346182,-4.91365276125987,-3.032488893616102,-2.496985797832152,0.841776391998673,-0.1077954372691717,3.9583726091708233,-0.4454771531257346,1.324300965228809
70.0,199.0,155.14508056640625,-2.144416528898283,1.7532622941419214,-4.910340166670732,-3.045212005694971,-1.9538792327145715,0.8337103093690844,-1.0439633387742353,3.904955445319976,-0.4075869564763927,0.7623833671535221
70.0,199.0,139.50372314453125,-2.122636484933675,3.5704206891638446,-4.928787274341943,-3.037851658567845,-2.525937593544493,0.8439742794215084,-0.1063149013750094,3.952908931022901,-0.4465054973198427,1.3217229165978648
70.0,199.0,137.82894897460938,-2.117995961326582,2.680272331831945,-4.921780608443653,-3.0286885119451736,-2.4986815642905302,0.8443513650598401,-0.0999195298894228,3.9669096576025815,-0.4473149350610035,1.323431542814751
70.0,199.0,157.8895721435547,-2.151116586352581,1.7765067177928218,-4.954217446239854,-3.688038395004858,-2.586077377730949,0.8144731752930827,-0.6122097261475492,3.624379146848815,-0.454328507982406,0.9702287003031408
70.0,199.0,160.38934326171875,-2.1239526524329047,1.7532778008160277,-4.793683137872873,-2.992665936417859,-3.0883299703921034,0.7444479414625762,-1.0498487622640318,3.959048847339001,-0.7967959506285662,0.7170082799296202
70.0,199.0,137.95419311523438,-2.127510486587058,2.6664213177803657,-4.925946181719729,-3.030718126183132,-2.502510773607647,0.8407793874387863,-0.1007815620198274,3.966536784186372,-0.4492824282483114,1.3246605835724932
70.0,199.0,155.30633544921875,-2.110355142561264,1.7355664246072802,-4.897661520156259,-3.0945963635771343,-3.0647722813398968,0.8256285834289196,-1.0204516952792135,4.389633871132414,-0.4667985076585941,0.7287559592886229
70.0,199.0,158.0673828125,-2.13478528945232,1.8441109636686763,-4.929363763692761,-3.1294766675918138,-3.0546509867568057,1.330469986782295,-1.0107985278553162,3.543151829295136,-0.4498499097984712,0.7093224768745058
70.0,199.0,151.25607299804688,-2.172037136009037,1.7295055121999343,-4.886813252907739,-3.044272093932116,-2.527211347557737,0.8736419156014977,-1.0803740810791176,4.326682419773425,-0.4568381444550614,1.020613823807618
70.0,199.0,165.35855102539062,-2.0411344005614884,1.8033887960812784,-4.990096883276585,-3.0271535952284765,-1.9850275875294443,0.7502007915430735,-1.0075749577924853,3.0752222344234887,-0.4467256416415724,1.0584411608503208
70.0,199.0,165.263427734375,-2.025108824505472,1.819420873531608,-4.880777358367313,-3.048511178555349,-3.076473591889685,0.724041054625411,-1.045823708623605,4.79798916193166,-0.408550783489008,0.6991762171530035
70.0,199.0,137.98744201660156,-2.1186416840438103,2.686010209415671,-4.919279384215946,-3.02801862124478,-2.4848140944970547,0.8515373149981043,-0.1029912780719104,3.966204247287356,-0.4481591683860312,1.323007917228846
70.0,199.0,160.2692413330078,-1.055922459328694,1.7735920722761906,-4.937958133848109,-1.695201673496223,-3.064020344723154,0.8372423768827528,-1.0608401158966236,4.429729571994304,-0.4561175576200931,0.7202760905369371
70.0,200.0,157.60691833496094,-2.1221509371431435,1.8392303061078088,-4.902514539010984,-3.0864103908050646,-3.0538475418464337,0.8517324402109121,-1.0171489627324086,3.092931355225164,-0.4559853455206131,0.9824460715350812
70.0,200.0,161.15728759765625,-1.9534206856324816,1.7536378394229737,-4.890109816254475,-3.0956079319477503,-3.0662115030366284,0.8279698431872164,-1.019189610828445,4.304919778195342,-0.4515226464921155,0.7024576952550962
70.0,200.0,137.86192321777344,-2.117800296695536,2.675060293822595,-4.922290025193135,-3.027935279981284,-2.5040521871909243,0.8478738732967751,-0.099897556218255,3.966110916736105,-0.4461138680384,1.3219547282552515
70.0,200.0,139.20184326171875,-2.1191760468044176,2.685470393531013,-4.9760617652555545,-3.0267656113952994,-2.501333714161438,0.8473170720730061,-0.1146589449568619,3.9523692441700846,-0.4463295088422942,1.3210575821253256
70.0,200.0,137.88018798828125,-2.1165250777263647,2.682952205899546,-4.925751386419625,-3.02792064819247,-2.487712390720217,0.8435640101310801,-0.0997056675857196,3.9675822154994473,-0.4466272852234623,1.3249290389609638
70.0,200.0,150.95826721191406,-2.1262525097823337,1.7737189882144293,-4.926724315985826,-3.0259742329384216,-2.437463469842107,1.4099652745982325,-1.0262765149084487,3.9233814230264574,-0.4512474950726279,1.609887845109697
70.0,200.0,156.08035278320312,-2.1580996450789263,1.728328627406782,-4.879695436337815,-3.0850529772078543,-3.06587044186364,0.8359929899162684,-1.015638048938622,3.5437633377229565,-0.4462973345896071,0.7233871726910266
70.0,200.0,145.83074951171875,-2.1182021524849444,1.8078905911135548,-4.935700425047287,-2.9794937688851824,-2.4827301949732017,0.8507230196630945,-1.052661683502819,3.970937820545013,-0.4537632926829645,1.6362450208066313
70.0,200.0,139.6415252685547,-2.129845872692152,2.760716976624,-4.918372751818592,-3.02170140705844,-2.4963698748469314,0.8463314015904304,-0.0984333079447448,3.948468124935751,-0.4461036833448366,1.324238845896177
70.0,200.0,138.06295776367188,-2.107410814804243,2.679672376049689,-4.916857201647437,-3.025250172713281,-2.502992155436108,0.858364771933653,-0.09894360352263,3.9679002123375033,-0.4450324934834584,1.3227003848315546
70.0,200.0,137.91786193847656,-2.11956131728669,2.671591592498131,-4.926906906281553,-3.030263991856621,-2.48750420725833,0.8372485312540221,-0.1004894706864319,3.96717778310104,-0.4461709982174499,1.3232512474348723
70.0,200.0,138.61509704589844,-2.142811906152445,2.699513328504014,-4.922261091473156,-3.053833901242461,-2.485731507053899,0.8352489263517687,-0.1126574029625098,3.971639285605038,-0.4435462362124233,1.328830192750447
70.0,200.0,138.08201599121094,-2.1303118094912508,2.6788862845625725,-4.918185401489764,-3.033085604274728,-2.51042557113541,0.8361963131034399,-0.1112096866462434,3.966255010816096,-0.4471535717185131,1.322356870568094
70.0,200.0,142.46267700195312,-2.1232609530412936,2.7566488900240795,-4.918842310309988,-3.023558994006141,-2.501609275844215,0.8462144983208695,-0.1579454035755592,3.9707787410443625,-0.4529763349832271,1.3197779449706493
70.0,200.0,177.90628051757812,-0.9480992037287066,1.6698462529856726,-4.92126265432442,-3.066282443454009,-3.048841576344093,1.9184003846581128,-1.029547548154336,4.407033002134062,-0.5675828178794807,0.7291447687456702
70.0,200.0,137.84786987304688,-2.1164356176265366,2.68647548476844,-4.918453628375961,-3.028278821911964,-2.499912996330844,0.842639580787254,-0.0998922048236414,3.967844303480267,-0.4432695340415124,1.3234868733948362
70.0,200.0,140.55001831054688,-2.122329315786468,1.802061285371577,-4.931716526883416,-3.0283693764857564,-2.486060058575672,0.8457611210177214,-0.5347108318649818,3.980144941527816,-0.4523532917964609,1.322373004556118
70.0,200.0,142.99522399902344,-2.123885695476875,1.7743101878719294,-4.91198230761888,-3.038744494237296,-2.4827602600683742,0.8460097373858783,-0.1610368484816937,3.9410607732845686,-0.4440028236741681,1.323951171818618
70.0,200.0,146.89678955078125,-2.1157274956350207,3.560859139752285,-4.907875006796881,-3.0271400908140613,-2.496080273403039,0.8455741741293783,-0.1175898994876983,4.002245469884065,-0.4485033184712136,1.88932816042122
70.0,200.0,137.88400268554688,-2.116412087629394,2.684006675986529,-4.91524400904818,-3.030726875197007,-2.507200481551897,0.8450106944524782,-0.0997305678321422,3.9671368802069686,-0.444628727594564,1.3195963676061304
70.0,200.0,137.83448791503906,-2.1185114864137367,2.681190654795949,-4.920397552328796,-3.027868897199576,-2.498865657409995,0.8437030734803385,-0.0998827367955701,3.967616071972943,-0.4475367063268248,1.3239153918352513
70.0,200.0,138.8641815185547,-2.1259774252504795,2.6866481315764528,-4.913307029636322,-3.0381702401753325,-2.4989775821221256,0.8432470652243931,-0.5392681935863943,3.9620245058773502,-0.4471463961654572,1.3239367052505442
70.0,200.0,137.81985473632812,-2.127596216469379,2.682333382264904,-4.921650331642164,-3.032614584228958,-2.4973787577871427,0.8440753688181151,-0.1006959899596506,3.965717501922789,-0.4457134557394261,1.3232025068724664
70.0,200.0,153.1660919189453,-2.121447798556532,1.8336876551817392,-4.9380753146679925,-3.094233202647145,-3.0649950223856144,0.8354321701101891,-1.021508757068139,3.955010029302585,-0.4447028575291981,0.7080551592072115
70.0,200.0,141.28140258789062,-2.1172388683769983,1.769881668542445,-4.919003233127706,-3.027440509048384,-2.489457119153515,0.8381927552712034,-0.1443274720996776,3.978318042220693,-0.4548642688908862,1.3244578310822652
70.0,200.0,144.48789978027344,-2.141046964113209,1.771880474365917,-4.911381224157521,-3.040130457582591,-2.517262630056656,0.8055665997807893,-1.0369607176572375,3.977882256769657,-0.4549739669163189,1.3219810566530266
70.0,200.0,137.889892578125,-2.1184613236606427,2.681489316736269,-4.921260307698952,-3.031592367378764,-2.489879733856723,0.846473204338619,-0.1005116314235074,3.9659918032666175,-0.4488220023650606,1.320717580828839
70.0,200.0,150.5499267578125,-2.11968739608623,1.755035030369485,-4.927208819748874,-3.0244678618957064,-2.0218319945465275,0.8106048132035997,-1.0135414794231097,3.9867357123238514,-0.4552261932641993,1.349251448476138
70.0,200.0,140.70806884765625,-2.1170765257260005,1.7786727018614492,-4.886691515714032,-3.0032452423189584,-2.490826029221292,0.8457199841861938,-0.5221104655596113,3.970749928697078,-0.4471574466552951,1.3225873864163096
70.0,200.0,138.91697692871094,-2.171069523432344,2.7008255085143333,-4.917366450886192,-3.026875164034515,-2.468636098468439,0.8367328874352976,-0.1012739458087827,3.9669668734672334,-0.4499516970416585,1.3173893864274326
70.0,200.0,137.833740234375,-2.125427909326119,2.6713916400177555,-4.9215908901921095,-3.028829306642152,-2.4999788946123767,0.8436118461100742,-0.1004669005122639,3.963982131334695,-0.4443369565387086,1.322280172808877
70.0,200.0,137.92813110351562,-2.1317557686179858,2.6834653295508297,-4.919928146561794,-3.0298253722763224,-2.5111667016252426,0.8376993366165224,-0.0988499396962716,3.9669634844266506,-0.4447164226015738,1.3240562638222009
70.0,200.0,140.52117919921875,-2.1272497769988306,1.774468940747441,-4.918171862643308,-3.039466282870276,-2.4890347571925453,0.8476899259151214,-0.521753245229758,3.96549093137469,-0.4572526271482879,1.3258236409937911
70.0,200.0,146.584716796875,-2.103115268970947,1.7773525520170366,-4.8991595252982325,-3.0347150506673737,-2.5711874065489764,0.8116258795517473,-1.035978714195854,3.971544582710554,-0.4467989748149475,1.6285298446205214
70.0,200.0,139.49063110351562,-2.127036784137281,2.6864341888011003,-4.922580773522917,-3.0061126931140665,-1.94209301285814,0.8409841124852037,-0.5625834980067171,3.962763002701845,-0.4500653814960387,1.3055394714877115
70.0,200.0,137.83314514160156,-2.126266797429078,2.6811902324803274,-4.91973341066088,-3.0224326580641754,-2.499154115961894,0.8435850166824405,-0.0994927985749446,3.966353398332503,-0.4456478343255741,1.323222611043198
70.0,200.0,137.99871826171875,-2.1219359706978977,2.6983519605346182,-4.91365276125987,-3.032488893616102,-2.496985797832152,0.841776391998673,-0.1077954372691717,3.9583726091708233,-0.4454771531257346,1.324300965228809
70.0,200.0,155.14508056640625,-2.144416528898283,1.7532622941419214,-4.910340166670732,-3.045212005694971,-1.9538792327145715,0.8337103093690844,-1.0439633387742353,3.904955445319976,-0.4075869564763927,0.7623833671535221
70.0,200.0,139.50372314453125,-2.122636484933675,3.5704206891638446,-4.928787274341943,-3.037851658567845,-2.525937593544493,0.8439742794215084,-0.1063149013750094,3.952908931022901,-0.4465054973198427,1.3217229165978648
70.0,200.0,137.82894897460938,-2.117995961326582,2.680272331831945,-4.921780608443653,-3.0286885119451736,-2.4986815642905302,0.8443513650598401,-0.0999195298894228,3.9669096576025815,-0.4473149350610035,1.323431542814751
70.0,200.0,157.8895721435547,-2.151116586352581,1.7765067177928218,-4.954217446239854,-3.688038395004858,-2.586077377730949,0.8144731752930827,-0.6122097261475492,3.624379146848815,-0.454328507982406,0.9702287003031408
70.0,200.0,160.38934326171875,-2.1239526524329047,1.7532778008160277,-4.793683137872873,-2.992665936417859,-3.0883299703921034,0.7444479414625762,-1.0498487622640318,3.959048847339001,-0.7967959506285662,0.7170082799296202
70.0,200.0,137.95419311523438,-2.127510486587058,2.6664213177803657,-4.925946181719729,-3.030718126183132,-2.502510773607647,0.8407793874387863,-0.1007815620198274,3.966536784186372,-0.4492824282483114,1.3246605835724932
70.0,200.0,155.30633544921875,-2.110355142561264,1.7355664246072802,-4.897661520156259,-3.0945963635771343,-3.0647722813398968,0.8256285834289196,-1.0204516952792135,4.389633871132414,-0.4667985076585941,0.7287559592886229
70.0,200.0,158.0673828125,-2.13478528945232,1.8441109636686763,-4.929363763692761,-3.1294766675918138,-3.0546509867568057,1.330469986782295,-1.0107985278553162,3.543151829295136,-0.4498499097984712,0.7093224768745058
70.0,200.0,151.25607299804688,-2.172037136009037,1.7295055121999343,-4.886813252907739,-3.044272093932116,-2.527211347557737,0.8736419156014977,-1.0803740810791176,4.326682419773425,-0.4568381444550614,1.020613823807618
70.0,200.0,165.35855102539062,-2.0411344005614884,1.8033887960812784,-4.990096883276585,-3.0271535952284765,-1.9850275875294443,0.7502007915430735,-1.0075749577924853,3.0752222344234887,-0.4467256416415724,1.0584411608503208
70.0,200.0,165.263427734375,-2.025108824505472,1.819420873531608,-4.880777358367313,-3.048511178555349,-3.076473591889685,0.724041054625411,-1.045823708623605,4.79798916193166,-0.408550783489008,0.6991762171530035
70.0,200.0,137.90576171875,-2.117573631647395,2.688077706098404,-4.9216317185308975,-3.031658908668227,-2.499678912660627,0.8491899611779464,-0.1072880618707884,3.965572556977391,-0.4457107947836859,1.3231309561086773
70.0,200.0,160.2692413330078,-1.055922459328694,1.7735920722761906,-4.937958133848109,-1.695201673496223,-3.064020344723154,0.8372423768827528,-1.0608401158966236,4.429729571994304,-0.4561175576200931,0.7202760905369371
70.0,201.0,157.60691833496094,-2.1221509371431435,1.8392303061078088,-4.902514539010984,-3.0864103908050646,-3.0538475418464337,0.8517324402109121,-1.0171489627324086,3.092931355225164,-0.4559853455206131,0.9824460715350812
70.0,201.0,161.15728759765625,-1.9534206856324816,1.7536378394229737,-4.890109816254475,-3.0956079319477503,-3.0662115030366284,0.8279698431872164,-1.019189610828445,4.304919778195342,-0.4515226464921155,0.7024576952550962
70.0,201.0,137.86192321777344,-2.117800296695536,2.675060293822595,-4.922290025193135,-3.027935279981284,-2.5040521871909243,0.8478738732967751,-0.099897556218255,3.966110916736105,-0.4461138680384,1.3219547282552515
70.0,201.0,139.20184326171875,-2.1191760468044176,2.685470393531013,-4.9760617652555545,-3.0267656113952994,-2.501333714161438,0.8473170720730061,-0.1146589449568619,3.9523692441700846,-0.4463295088422942,1.3210575821253256
70.0,201.0,137.85850524902344,-2.1296764680873257,2.681028828962508,-4.919728679681455,-3.0306915099308096,-2.498748686146002,0.8451766432110644,-0.1006079444663432,3.965188296723868,-0.4472901675752594,1.3261290042755984
70.0,201.0,150.95826721191406,-2.1262525097823337,1.7737189882144293,-4.926724315985826,-3.0259742329384216,-2.437463469842107,1.4099652745982325,-1.0262765149084487,3.9233814230264574,-0.4512474950726279,1.609887845109697
70.0,201.0,156.08035278320312,-2.1580996450789263,1.728328627406782,-4.879695436337815,-3.0850529772078543,-3.06587044186364,0.8359929899162684,-1.015638048938622,3.5437633377229565,-0.4462973345896071,0.7233871726910266
70.0,201.0,145.83074951171875,-2.1182021524849444,1.8078905911135548,-4.935700425047287,-2.9794937688851824,-2.4827301949732017,0.8507230196630945,-1.052661683502819,3.970937820545013,-0.4537632926829645,1.6362450208066313
70.0,201.0,139.6415252685547,-2.129845872692152,2.760716976624,-4.918372751818592,-3.02170140705844,-2.4963698748469314,0.8463314015904304,-0.0984333079447448,3.948468124935751,-0.4461036833448366,1.324238845896177
70.0,201.0,138.06295776367188,-2.107410814804243,2.679672376049689,-4.916857201647437,-3.025250172713281,-2.502992155436108,0.858364771933653,-0.09894360352263,3.9679002123375033,-0.4450324934834584,1.3227003848315546
70.0,201.0,137.91786193847656,-2.11956131728669,2.671591592498131,-4.926906906281553,-3.030263991856621,-2.48750420725833,0.8372485312540221,-0.1004894706864319,3.96717778310104,-0.4461709982174499,1.3232512474348723
70.0,201.0,138.61509704589844,-2.142811906152445,2.699513328504014,-4.922261091473156,-3.053833901242461,-2.485731507053899,0.8352489263517687,-0.1126574029625098,3.971639285605038,-0.4435462362124233,1.328830192750447
70.0,201.0,138.08201599121094,-2.1303118094912508,2.6788862845625725,-4.918185401489764,-3.033085604274728,-2.51042557113541,0.8361963131034399,-0.1112096866462434,3.966255010816096,-0.4471535717185131,1.322356870568094
70.0,201.0,142.46267700195312,-2.1232609530412936,2.7566488900240795,-4.918842310309988,-3.023558994006141,-2.501609275844215,0.8462144983208695,-0.1579454035755592,3.9707787410443625,-0.4529763349832271,1.3197779449706493
70.0,201.0,177.90628051757812,-0.9480992037287066,1.6698462529856726,-4.92126265432442,-3.066282443454009,-3.048841576344093,1.9184003846581128,-1.029547548154336,4.407033002134062,-0.5675828178794807,0.7291447687456702
70.0,201.0,137.84786987304688,-2.1164356176265366,2.68647548476844,-4.918453628375961,-3.028278821911964,-2.499912996330844,0.842639580787254,-0.0998922048236414,3.967844303480267,-0.4432695340415124,1.3234868733948362
70.0,201.0,140.55001831054688,-2.122329315786468,1.802061285371577,-4.931716526883416,-3.0283693764857564,-2.486060058575672,0.8457611210177214,-0.5347108318649818,3.980144941527816,-0.4523532917964609,1.322373004556118
70.0,201.0,142.99522399902344,-2.123885695476875,1.7743101878719294,-4.91198230761888,-3.038744494237296,-2.4827602600683742,0.8460097373858783,-0.1610368484816937,3.9410607732845686,-0.4440028236741681,1.323951171818618
70.0,201.0,146.89678955078125,-2.1157274956350207,3.560859139752285,-4.907875006796881,-3.0271400908140613,-2.496080273403039,0.8455741741293783,-0.1175898994876983,4.002245469884065,-0.4485033184712136,1.88932816042122
70.0,201.0,137.8628692626953,-2.1270439359045814,2.679068697532841,-4.917388923856815,-3.029900260775552,-2.5062230587375955,0.8405545663404979,-0.0993792031520025,3.966910732543975,-0.4452535738688007,1.3252732649899606
70.0,201.0,137.83448791503906,-2.1185114864137367,2.681190654795949,-4.920397552328796,-3.027868897199576,-2.498865657409995,0.8437030734803385,-0.0998827367955701,3.967616071972943,-0.4475367063268248,1.3239153918352513
70.0,201.0,138.8641815185547,-2.1259774252504795,2.6866481315764528,-4.913307029636322,-3.0381702401753325,-2.4989775821221256,0.8432470652243931,-0.5392681935863943,3.9620245058773502,-0.4471463961654572,1.3239367052505442
70.0,201.0,137.81985473632812,-2.127596216469379,2.682333382264904,-4.921650331642164,-3.032614584228958,-2.4973787577871427,0.8440753688181151,-0.1006959899596506,3.965717501922789,-0.4457134557394261,1.3232025068724664
70.0,201.0,153.1660919189453,-2.121447798556532,1.8336876551817392,-4.9380753146679925,-3.094233202647145,-3.0649950223856144,0.8354321701101891,-1.021508757068139,3.955010029302585,-0.4447028575291981,0.7080551592072115
70.0,201.0,141.28140258789062,-2.1172388683769983,1.769881668542445,-4.919003233127706,-3.027440509048384,-2.489457119153515,0.8381927552712034,-0.1443274720996776,3.978318042220693,-0.4548642688908862,1.3244578310822652
70.0,201.0,144.48789978027344,-2.141046964113209,1.771880474365917,-4.911381224157521,-3.040130457582591,-2.517262630056656,0.8055665997807893,-1.0369607176572375,3.977882256769657,-0.4549739669163189,1.3219810566530266
70.0,201.0,137.889892578125,-2.1184613236606427,2.681489316736269,-4.921260307698952,-3.031592367378764,-2.489879733856723,0.846473204338619,-0.1005116314235074,3.9659918032666175,-0.4488220023650606,1.320717580828839
70.0,201.0,150.5499267578125,-2.11968739608623,1.755035030369485,-4.927208819748874,-3.0244678618957064,-2.0218319945465275,0.8106048132035997,-1.0135414794231097,3.9867357123238514,-0.4552261932641993,1.349251448476138
70.0,201.0,140.70806884765625,-2.1170765257260005,1.7786727018614492,-4.886691515714032,-3.0032452423189584,-2.490826029221292,0.8457199841861938,-0.5221104655596113,3.970749928697078,-0.4471574466552951,1.3225873864163096
70.0,201.0,138.91697692871094,-2.171069523432344,2.7008255085143333,-4.917366450886192,-3.026875164034515,-2.468636098468439,0.8367328874352976,-0.1012739458087827,3.9669668734672334,-0.4499516970416585,1.3173893864274326
70.0,201.0,137.8301239013672,-2.1290600361500176,2.68232574321061,-4.92151721675018,-3.035721372335161,-2.499630526364592,0.8432898477023375,-0.1014003267763008,3.9637380327374414,-0.4439812974652528,1.3231237055399858
70.0,201.0,137.8832550048828,-2.1285231919604333,2.683556331716332,-4.920222569745168,-3.0305564876517104,-2.49336495394326,0.8371797136389338,-0.1027409248718863,3.9597737769971335,-0.4436559013430811,1.3245295908434005
70.0,201.0,140.52117919921875,-2.1272497769988306,1.774468940747441,-4.918171862643308,-3.039466282870276,-2.4890347571925453,0.8476899259151214,-0.521753245229758,3.96549093137469,-0.4572526271482879,1.3258236409937911
70.0,201.0,146.584716796875,-2.103115268970947,1.7773525520170366,-4.8991595252982325,-3.0347150506673737,-2.5711874065489764,0.8116258795517473,-1.035978714195854,3.971544582710554,-0.4467989748149475,1.6285298446205214
70.0,201.0,139.49063110351562,-2.127036784137281,2.6864341888011003,-4.922580773522917,-3.0061126931140665,-1.94209301285814,0.8409841124852037,-0.5625834980067171,3.962763002701845,-0.4500653814960387,1.3055394714877115
70.0,201.0,137.82815551757812,-2.1285770415558942,2.682505012909927,-4.924082999083509,-3.027547600010199,-2.498914390812322,0.8431358487588684,-0.100093976250024,3.966991408500153,-0.4460989838180932,1.3232386017357411
70.0,201.0,137.99871826171875,-2.1219359706978977,2.6983519605346182,-4.91365276125987,-3.032488893616102,-2.496985797832152,0.841776391998673,-0.1077954372691717,3.9583726091708233,-0.4454771531257346,1.324300965228809
70.0,201.0,155.14508056640625,-2.144416528898283,1.7532622941419214,-4.910340166670732,-3.045212005694971,-1.9538792327145715,0.8337103093690844,-1.0439633387742353,3.904955445319976,-0.4075869564763927,0.7623833671535221
70.0,201.0,139.50372314453125,-2.122636484933675,3.5704206891638446,-4.928787274341943,-3.037851658567845,-2.525937593544493,0.8439742794215084,-0.1063149013750094,3.952908931022901,-0.4465054973198427,1.3217229165978648
70.0,201.0,137.82894897460938,-2.117995961326582,2.680272331831945,-4.921780608443653,-3.0286885119451736,-2.4986815642905302,0.8443513650598401,-0.0999195298894228,3.9669096576025815,-0.4473149350610035,1.323431542814751
70.0,201.0,157.8895721435547,-2.151116586352581,1.7765067177928218,-4.954217446239854,-3.688038395004858,-2.586077377730949,0.8144731752930827,-0.6122097261475492,3.624379146848815,-0.454328507982406,0.9702287003031408
70.0,201.0,160.38934326171875,-2.1239526524329047,1.7532778008160277,-4.793683137872873,-2.992665936417859,-3.0883299703921034,0.7444479414625762,-1.0498487622640318,3.959048847339001,-0.7967959506285662,0.7170082799296202
70.0,201.0,137.95419311523438,-2.127510486587058,2.6664213177803657,-4.925946181719729,-3.030718126183132,-2.502510773607647,0.8407793874387863,-0.1007815620198274,3.966536784186372,-0.4492824282483114,1.3246605835724932
70.0,201.0,155.30633544921875,-2.110355142561264,1.7355664246072802,-4.897661520156259,-3.0945963635771343,-3.0647722813398968,0.8256285834289196,-1.0204516952792135,4.389633871132414,-0.4667985076585941,0.7287559592886229
70.0,201.0,158.0673828125,-2.13478528945232,1.8441109636686763,-4.929363763692761,-3.1294766675918138,-3.0546509867568057,1.330469986782295,-1.0107985278553162,3.543151829295136,-0.4498499097984712,0.7093224768745058
70.0,201.0,151.25607299804688,-2.172037136009037,1.7295055121999343,-4.886813252907739,-3.044272093932116,-2.527211347557737,0.8736419156014977,-1.0803740810791176,4.326682419773425,-0.4568381444550614,1.020613823807618
70.0,201.0,165.35855102539062,-2.0411344005614884,1.8033887960812784,-4.990096883276585,-3.0271535952284765,-1.9850275875294443,0.7502007915430735,-1.0075749577924853,3.0752222344234887,-0.4467256416415724,1.0584411608503208
70.0,201.0,165.263427734375,-2.025108824505472,1.819420873531608,-4.880777358367313,-3.048511178555349,-3.076473591889685,0.724041054625411,-1.045823708623605,4.79798916193166,-0.408550783489008,0.6991762171530035
70.0,201.0,137.90576171875,-2.117573631647395,2.688077706098404,-4.9216317185308975,-3.031658908668227,-2.499678912660627,0.8491899611779464,-0.1072880618707884,3.965572556977391,-0.4457107947836859,1.3231309561086773
70.0,201.0,160.2692413330078,-1.055922459328694,1.7735920722761906,-4.937958133848109,-1.695201673496223,-3.064020344723154,0.8372423768827528,-1.0608401158966236,4.429729571994304,-0.4561175576200931,0.7202760905369371
70.0,202.0,157.60691833496094,-2.1221509371431435,1.8392303061078088,-4.902514539010984,-3.0864103908050646,-3.0538475418464337,0.8517324402109121,-1.0171489627324086,3.092931355225164,-0.4559853455206131,0.9824460715350812
70.0,202.0,161.15728759765625,-1.9534206856324816,1.7536378394229737,-4.890109816254475,-3.0956079319477503,-3.0662115030366284,0.8279698431872164,-1.019189610828445,4.304919778195342,-0.4515226464921155,0.7024576952550962
70.0,202.0,137.86192321777344,-2.117800296695536,2.675060293822595,-4.922290025193135,-3.027935279981284,-2.5040521871909243,0.8478738732967751,-0.099897556218255,3.966110916736105,-0.4461138680384,1.3219547282552515
70.0,202.0,139.20184326171875,-2.1191760468044176,2.685470393531013,-4.9760617652555545,-3.0267656113952994,-2.501333714161438,0.8473170720730061,-0.1146589449568619,3.9523692441700846,-0.4463295088422942,1.3210575821253256
70.0,202.0,137.85850524902344,-2.1296764680873257,2.681028828962508,-4.919728679681455,-3.0306915099308096,-2.498748686146002,0.8451766432110644,-0.1006079444663432,3.965188296723868,-0.4472901675752594,1.3261290042755984
70.0,202.0,150.95826721191406,-2.1262525097823337,1.7737189882144293,-4.926724315985826,-3.0259742329384216,-2.437463469842107,1.4099652745982325,-1.0262765149084487,3.9233814230264574,-0.4512474950726279,1.609887845109697
70.0,202.0,156.08035278320312,-2.1580996450789263,1.728328627406782,-4.879695436337815,-3.0850529772078543,-3.06587044186364,0.8359929899162684,-1.015638048938622,3.5437633377229565,-0.4462973345896071,0.7233871726910266
70.0,202.0,145.83074951171875,-2.1182021524849444,1.8078905911135548,-4.935700425047287,-2.9794937688851824,-2.4827301949732017,0.8507230196630945,-1.052661683502819,3.970937820545013,-0.4537632926829645,1.6362450208066313
70.0,202.0,139.6415252685547,-2.129845872692152,2.760716976624,-4.918372751818592,-3.02170140705844,-2.4963698748469314,0.8463314015904304,-0.0984333079447448,3.948468124935751,-0.4461036833448366,1.324238845896177
70.0,202.0,138.06295776367188,-2.107410814804243,2.679672376049689,-4.916857201647437,-3.025250172713281,-2.502992155436108,0.858364771933653,-0.09894360352263,3.9679002123375033,-0.4450324934834584,1.3227003848315546
70.0,202.0,137.91786193847656,-2.11956131728669,2.671591592498131,-4.926906906281553,-3.030263991856621,-2.48750420725833,0.8372485312540221,-0.1004894706864319,3.96717778310104,-0.4461709982174499,1.3232512474348723
70.0,202.0,138.5369873046875,-2.126205319312512,2.7023375299884336,-4.922369312989724,-3.046323970663437,-2.4991030722182392,0.824848633426034,-0.1130638837954718,3.961124780217301,-0.4487274897140244,1.327602831271615
70.0,202.0,138.08201599121094,-2.1303118094912508,2.6788862845625725,-4.918185401489764,-3.033085604274728,-2.51042557113541,0.8361963131034399,-0.1112096866462434,3.966255010816096,-0.4471535717185131,1.322356870568094
70.0,202.0,142.46267700195312,-2.1232609530412936,2.7566488900240795,-4.918842310309988,-3.023558994006141,-2.501609275844215,0.8462144983208695,-0.1579454035755592,3.9707787410443625,-0.4529763349832271,1.3197779449706493
70.0,202.0,177.90628051757812,-0.9480992037287066,1.6698462529856726,-4.92126265432442,-3.066282443454009,-3.048841576344093,1.9184003846581128,-1.029547548154336,4.407033002134062,-0.5675828178794807,0.7291447687456702
70.0,202.0,137.84786987304688,-2.1164356176265366,2.68647548476844,-4.918453628375961,-3.028278821911964,-2.499912996330844,0.842639580787254,-0.0998922048236414,3.967844303480267,-0.4432695340415124,1.3234868733948362
70.0,202.0,140.55001831054688,-2.122329315786468,1.802061285371577,-4.931716526883416,-3.0283693764857564,-2.486060058575672,0.8457611210177214,-0.5347108318649818,3.980144941527816,-0.4523532917964609,1.322373004556118
70.0,202.0,142.99522399902344,-2.123885695476875,1.7743101878719294,-4.91198230761888,-3.038744494237296,-2.4827602600683742,0.8460097373858783,-0.1610368484816937,3.9410607732845686,-0.4440028236741681,1.323951171818618
70.0,202.0,146.89678955078125,-2.1157274956350207,3.560859139752285,-4.907875006796881,-3.0271400908140613,-2.496080273403039,0.8455741741293783,-0.1175898994876983,4.002245469884065,-0.4485033184712136,1.88932816042122
70.0,202.0,137.83892822265625,-2.1276288879390832,2.678606612961298,-4.922612735392274,-3.033288921674987,-2.4974439395427006,0.8455832522553697,-0.1003430382040253,3.966717647347562,-0.4456066286594616,1.3246911523685403
70.0,202.0,137.83448791503906,-2.1185114864137367,2.681190654795949,-4.920397552328796,-3.027868897199576,-2.498865657409995,0.8437030734803385,-0.0998827367955701,3.967616071972943,-0.4475367063268248,1.3239153918352513
70.0,202.0,138.8641815185547,-2.1259774252504795,2.6866481315764528,-4.913307029636322,-3.0381702401753325,-2.4989775821221256,0.8432470652243931,-0.5392681935863943,3.9620245058773502,-0.4471463961654572,1.3239367052505442
70.0,202.0,137.81985473632812,-2.127596216469379,2.682333382264904,-4.921650331642164,-3.032614584228958,-2.4973787577871427,0.8440753688181151,-0.1006959899596506,3.965717501922789,-0.4457134557394261,1.3232025068724664
70.0,202.0,153.1660919189453,-2.121447798556532,1.8336876551817392,-4.9380753146679925,-3.094233202647145,-3.0649950223856144,0.8354321701101891,-1.021508757068139,3.955010029302585,-0.4447028575291981,0.7080551592072115
70.0,202.0,141.28140258789062,-2.1172388683769983,1.769881668542445,-4.919003233127706,-3.027440509048384,-2.489457119153515,0.8381927552712034,-0.1443274720996776,3.978318042220693,-0.4548642688908862,1.3244578310822652
70.0,202.0,144.48789978027344,-2.141046964113209,1.771880474365917,-4.911381224157521,-3.040130457582591,-2.517262630056656,0.8055665997807893,-1.0369607176572375,3.977882256769657,-0.4549739669163189,1.3219810566530266
70.0,202.0,137.889892578125,-2.1184613236606427,2.681489316736269,-4.921260307698952,-3.031592367378764,-2.489879733856723,0.846473204338619,-0.1005116314235074,3.9659918032666175,-0.4488220023650606,1.320717580828839
70.0,202.0,150.5499267578125,-2.11968739608623,1.755035030369485,-4.927208819748874,-3.0244678618957064,-2.0218319945465275,0.8106048132035997,-1.0135414794231097,3.9867357123238514,-0.4552261932641993,1.349251448476138
70.0,202.0,140.0598907470703,-2.164817701741923,1.7858384313759987,-4.90336352167247,-3.066864914042139,-2.50056923429754,0.8434342846863904,-0.1148784521738972,3.965952049389358,-0.4458007797378894,1.3229520004973705
70.0,202.0,138.49351501464844,-2.160040136845492,2.657416428276602,-4.91873215813522,-3.027594450936446,-2.511247532267939,0.8352683281569356,-0.1015702307999265,3.963006004287783,-0.4525901078788116,1.3202689461309696
70.0,202.0,137.8301239013672,-2.1290600361500176,2.68232574321061,-4.92151721675018,-3.035721372335161,-2.499630526364592,0.8432898477023375,-0.1014003267763008,3.9637380327374414,-0.4439812974652528,1.3231237055399858
70.0,202.0,137.8832550048828,-2.1285231919604333,2.683556331716332,-4.920222569745168,-3.0305564876517104,-2.49336495394326,0.8371797136389338,-0.1027409248718863,3.9597737769971335,-0.4436559013430811,1.3245295908434005
70.0,202.0,140.52117919921875,-2.1272497769988306,1.774468940747441,-4.918171862643308,-3.039466282870276,-2.4890347571925453,0.8476899259151214,-0.521753245229758,3.96549093137469,-0.4572526271482879,1.3258236409937911
70.0,202.0,146.584716796875,-2.103115268970947,1.7773525520170366,-4.8991595252982325,-3.0347150506673737,-2.5711874065489764,0.8116258795517473,-1.035978714195854,3.971544582710554,-0.4467989748149475,1.6285298446205214
70.0,202.0,139.49063110351562,-2.127036784137281,2.6864341888011003,-4.922580773522917,-3.0061126931140665,-1.94209301285814,0.8409841124852037,-0.5625834980067171,3.962763002701845,-0.4500653814960387,1.3055394714877115
70.0,202.0,137.82815551757812,-2.1285770415558942,2.682505012909927,-4.924082999083509,-3.027547600010199,-2.498914390812322,0.8431358487588684,-0.100093976250024,3.966991408500153,-0.4460989838180932,1.3232386017357411
70.0,202.0,137.99871826171875,-2.1219359706978977,2.6983519605346182,-4.91365276125987,-3.032488893616102,-2.496985797832152,0.841776391998673,-0.1077954372691717,3.9583726091708233,-0.4454771531257346,1.324300965228809
70.0,202.0,155.14508056640625,-2.144416528898283,1.7532622941419214,-4.910340166670732,-3.045212005694971,-1.9538792327145715,0.8337103093690844,-1.0439633387742353,3.904955445319976,-0.4075869564763927,0.7623833671535221
70.0,202.0,139.50372314453125,-2.122636484933675,3.5704206891638446,-4.928787274341943,-3.037851658567845,-2.525937593544493,0.8439742794215084,-0.1063149013750094,3.952908931022901,-0.4465054973198427,1.3217229165978648
70.0,202.0,137.82479858398438,-2.1314714381202644,2.681429154031218,-4.921386505956704,-3.029504563300337,-2.49596316527723,0.8442094173299081,-0.1004885165764391,3.96594904190653,-0.4438712485360466,1.3233552310063283
70.0,202.0,157.8895721435547,-2.151116586352581,1.7765067177928218,-4.954217446239854,-3.688038395004858,-2.586077377730949,0.8144731752930827,-0.6122097261475492,3.624379146848815,-0.454328507982406,0.9702287003031408
70.0,202.0,160.38934326171875,-2.1239526524329047,1.7532778008160277,-4.793683137872873,-2.992665936417859,-3.0883299703921034,0.7444479414625762,-1.0498487622640318,3.959048847339001,-0.7967959506285662,0.7170082799296202
70.0,202.0,137.95419311523438,-2.127510486587058,2.6664213177803657,-4.925946181719729,-3.030718126183132,-2.502510773607647,0.8407793874387863,-0.1007815620198274,3.966536784186372,-0.4492824282483114,1.3246605835724932
70.0,202.0,155.30633544921875,-2.110355142561264,1.7355664246072802,-4.897661520156259,-3.0945963635771343,-3.0647722813398968,0.8256285834289196,-1.0204516952792135,4.389633871132414,-0.4667985076585941,0.7287559592886229
70.0,202.0,158.0673828125,-2.13478528945232,1.8441109636686763,-4.929363763692761,-3.1294766675918138,-3.0546509867568057,1.330469986782295,-1.0107985278553162,3.543151829295136,-0.4498499097984712,0.7093224768745058
70.0,202.0,151.25607299804688,-2.172037136009037,1.7295055121999343,-4.886813252907739,-3.044272093932116,-2.527211347557737,0.8736419156014977,-1.0803740810791176,4.326682419773425,-0.4568381444550614,1.020613823807618
70.0,202.0,165.35855102539062,-2.0411344005614884,1.8033887960812784,-4.990096883276585,-3.0271535952284765,-1.9850275875294443,0.7502007915430735,-1.0075749577924853,3.0752222344234887,-0.4467256416415724,1.0584411608503208
70.0,202.0,165.263427734375,-2.025108824505472,1.819420873531608,-4.880777358367313,-3.048511178555349,-3.076473591889685,0.724041054625411,-1.045823708623605,4.79798916193166,-0.408550783489008,0.6991762171530035
70.0,202.0,137.87393188476562,-2.1197384056347337,2.681851637186474,-4.9221508903118485,-3.029656613010984,-2.495091044024245,0.852201968007125,-0.1000493567426583,3.9654608719980047,-0.4449557270421159,1.3230370560145568
70.0,202.0,160.2692413330078,-1.055922459328694,1.7735920722761906,-4.937958133848109,-1.695201673496223,-3.064020344723154,0.8372423768827528,-1.0608401158966236,4.429729571994304,-0.4561175576200931,0.7202760905369371
70.0,203.0,157.60691833496094,-2.1221509371431435,1.8392303061078088,-4.902514539010984,-3.0864103908050646,-3.0538475418464337,0.8517324402109121,-1.0171489627324086,3.092931355225164,-0.4559853455206131,0.9824460715350812
70.0,203.0,161.15728759765625,-1.9534206856324816,1.7536378394229737,-4.890109816254475,-3.0956079319477503,-3.0662115030366284,0.8279698431872164,-1.019189610828445,4.304919778195342,-0.4515226464921155,0.7024576952550962
70.0,203.0,137.86192321777344,-2.117800296695536,2.675060293822595,-4.922290025193135,-3.027935279981284,-2.5040521871909243,0.8478738732967751,-0.099897556218255,3.966110916736105,-0.4461138680384,1.3219547282552515
70.0,203.0,139.20184326171875,-2.1191760468044176,2.685470393531013,-4.9760617652555545,-3.0267656113952994,-2.501333714161438,0.8473170720730061,-0.1146589449568619,3.9523692441700846,-0.4463295088422942,1.3210575821253256
70.0,203.0,137.85850524902344,-2.1296764680873257,2.681028828962508,-4.919728679681455,-3.0306915099308096,-2.498748686146002,0.8451766432110644,-0.1006079444663432,3.965188296723868,-0.4472901675752594,1.3261290042755984
70.0,203.0,150.95826721191406,-2.1262525097823337,1.7737189882144293,-4.926724315985826,-3.0259742329384216,-2.437463469842107,1.4099652745982325,-1.0262765149084487,3.9233814230264574,-0.4512474950726279,1.609887845109697
70.0,203.0,156.08035278320312,-2.1580996450789263,1.728328627406782,-4.879695436337815,-3.0850529772078543,-3.06587044186364,0.8359929899162684,-1.015638048938622,3.5437633377229565,-0.4462973345896071,0.7233871726910266
70.0,203.0,145.83074951171875,-2.1182021524849444,1.8078905911135548,-4.935700425047287,-2.9794937688851824,-2.4827301949732017,0.8507230196630945,-1.052661683502819,3.970937820545013,-0.4537632926829645,1.6362450208066313
70.0,203.0,139.6415252685547,-2.129845872692152,2.760716976624,-4.918372751818592,-3.02170140705844,-2.4963698748469314,0.8463314015904304,-0.0984333079447448,3.948468124935751,-0.4461036833448366,1.324238845896177
70.0,203.0,138.06295776367188,-2.107410814804243,2.679672376049689,-4.916857201647437,-3.025250172713281,-2.502992155436108,0.858364771933653,-0.09894360352263,3.9679002123375033,-0.4450324934834584,1.3227003848315546
70.0,203.0,137.8641357421875,-2.1229939444161565,2.687138593413419,-4.928158435105606,-3.032568463499998,-2.4952880257027603,0.8378775113393152,-0.1005548710740471,3.964178584052432,-0.4471314399496796,1.3216614678400342
70.0,203.0,138.34812927246094,-2.1189593183549302,2.6588756678850984,-4.92170304190058,-3.022506523850178,-2.504579640286059,0.8562919375200744,-0.1091002240068833,3.957621505560024,-0.4456814327709182,1.330023216221514
70.0,203.0,138.08201599121094,-2.1303118094912508,2.6788862845625725,-4.918185401489764,-3.033085604274728,-2.51042557113541,0.8361963131034399,-0.1112096866462434,3.966255010816096,-0.4471535717185131,1.322356870568094
70.0,203.0,142.46267700195312,-2.1232609530412936,2.7566488900240795,-4.918842310309988,-3.023558994006141,-2.501609275844215,0.8462144983208695,-0.1579454035755592,3.9707787410443625,-0.4529763349832271,1.3197779449706493
70.0,203.0,177.90628051757812,-0.9480992037287066,1.6698462529856726,-4.92126265432442,-3.066282443454009,-3.048841576344093,1.9184003846581128,-1.029547548154336,4.407033002134062,-0.5675828178794807,0.7291447687456702
70.0,203.0,137.84786987304688,-2.1164356176265366,2.68647548476844,-4.918453628375961,-3.028278821911964,-2.499912996330844,0.842639580787254,-0.0998922048236414,3.967844303480267,-0.4432695340415124,1.3234868733948362
70.0,203.0,140.55001831054688,-2.122329315786468,1.802061285371577,-4.931716526883416,-3.0283693764857564,-2.486060058575672,0.8457611210177214,-0.5347108318649818,3.980144941527816,-0.4523532917964609,1.322373004556118
70.0,203.0,142.99522399902344,-2.123885695476875,1.7743101878719294,-4.91198230761888,-3.038744494237296,-2.4827602600683742,0.8460097373858783,-0.1610368484816937,3.9410607732845686,-0.4440028236741681,1.323951171818618
70.0,203.0,146.89678955078125,-2.1157274956350207,3.560859139752285,-4.907875006796881,-3.0271400908140613,-2.496080273403039,0.8455741741293783,-0.1175898994876983,4.002245469884065,-0.4485033184712136,1.88932816042122
70.0,203.0,137.83892822265625,-2.1276288879390832,2.678606612961298,-4.922612735392274,-3.033288921674987,-2.4974439395427006,0.8455832522553697,-0.1003430382040253,3.966717647347562,-0.4456066286594616,1.3246911523685403
70.0,203.0,137.83448791503906,-2.1185114864137367,2.681190654795949,-4.920397552328796,-3.027868897199576,-2.498865657409995,0.8437030734803385,-0.0998827367955701,3.967616071972943,-0.4475367063268248,1.3239153918352513
70.0,203.0,138.8641815185547,-2.1259774252504795,2.6866481315764528,-4.913307029636322,-3.0381702401753325,-2.4989775821221256,0.8432470652243931,-0.5392681935863943,3.9620245058773502,-0.4471463961654572,1.3239367052505442
70.0,203.0,137.81985473632812,-2.127596216469379,2.682333382264904,-4.921650331642164,-3.032614584228958,-2.4973787577871427,0.8440753688181151,-0.1006959899596506,3.965717501922789,-0.4457134557394261,1.3232025068724664
70.0,203.0,153.1660919189453,-2.121447798556532,1.8336876551817392,-4.9380753146679925,-3.094233202647145,-3.0649950223856144,0.8354321701101891,-1.021508757068139,3.955010029302585,-0.4447028575291981,0.7080551592072115
70.0,203.0,141.28140258789062,-2.1172388683769983,1.769881668542445,-4.919003233127706,-3.027440509048384,-2.489457119153515,0.8381927552712034,-0.1443274720996776,3.978318042220693,-0.4548642688908862,1.3244578310822652
70.0,203.0,144.48789978027344,-2.141046964113209,1.771880474365917,-4.911381224157521,-3.040130457582591,-2.517262630056656,0.8055665997807893,-1.0369607176572375,3.977882256769657,-0.4549739669163189,1.3219810566530266
70.0,203.0,137.889892578125,-2.1184613236606427,2.681489316736269,-4.921260307698952,-3.031592367378764,-2.489879733856723,0.846473204338619,-0.1005116314235074,3.9659918032666175,-0.4488220023650606,1.320717580828839
70.0,203.0,150.5499267578125,-2.11968739608623,1.755035030369485,-4.927208819748874,-3.0244678618957064,-2.0218319945465275,0.8106048132035997,-1.0135414794231097,3.9867357123238514,-0.4552261932641993,1.349251448476138
70.0,203.0,140.0598907470703,-2.164817701741923,1.7858384313759987,-4.90336352167247,-3.066864914042139,-2.50056923429754,0.8434342846863904,-0.1148784521738972,3.965952049389358,-0.4458007797378894,1.3229520004973705
70.0,203.0,138.49351501464844,-2.160040136845492,2.657416428276602,-4.91873215813522,-3.027594450936446,-2.511247532267939,0.8352683281569356,-0.1015702307999265,3.963006004287783,-0.4525901078788116,1.3202689461309696
70.0,203.0,137.8301239013672,-2.1290600361500176,2.68232574321061,-4.92151721675018,-3.035721372335161,-2.499630526364592,0.8432898477023375,-0.1014003267763008,3.9637380327374414,-0.4439812974652528,1.3231237055399858
70.0,203.0,137.8753662109375,-2.1302992874815563,2.683115136348814,-4.922498778597169,-3.028491841059203,-2.502270594607224,0.840320707034042,-0.1032046138627201,3.969195479446464,-0.4455707741059516,1.323847909439216
70.0,203.0,140.52117919921875,-2.1272497769988306,1.774468940747441,-4.918171862643308,-3.039466282870276,-2.4890347571925453,0.8476899259151214,-0.521753245229758,3.96549093137469,-0.4572526271482879,1.3258236409937911
70.0,203.0,146.584716796875,-2.103115268970947,1.7773525520170366,-4.8991595252982325,-3.0347150506673737,-2.5711874065489764,0.8116258795517473,-1.035978714195854,3.971544582710554,-0.4467989748149475,1.6285298446205214
70.0,203.0,139.49063110351562,-2.127036784137281,2.6864341888011003,-4.922580773522917,-3.0061126931140665,-1.94209301285814,0.8409841124852037,-0.5625834980067171,3.962763002701845,-0.4500653814960387,1.3055394714877115
70.0,203.0,137.81744384765625,-2.1277224404567705,2.681837911661119,-4.924157043995317,-3.031281385129762,-2.4981128105050505,0.8438584129104354,-0.1007129788384623,3.964888576576502,-0.4454803480719521,1.3232394589601535
70.0,203.0,137.99871826171875,-2.1219359706978977,2.6983519605346182,-4.91365276125987,-3.032488893616102,-2.496985797832152,0.841776391998673,-0.1077954372691717,3.9583726091708233,-0.4454771531257346,1.324300965228809
70.0,203.0,155.14508056640625,-2.144416528898283,1.7532622941419214,-4.910340166670732,-3.045212005694971,-1.9538792327145715,0.8337103093690844,-1.0439633387742353,3.904955445319976,-0.4075869564763927,0.7623833671535221
70.0,203.0,139.50372314453125,-2.122636484933675,3.5704206891638446,-4.928787274341943,-3.037851658567845,-2.525937593544493,0.8439742794215084,-0.1063149013750094,3.952908931022901,-0.4465054973198427,1.3217229165978648
70.0,203.0,137.82479858398438,-2.1314714381202644,2.681429154031218,-4.921386505956704,-3.029504563300337,-2.49596316527723,0.8442094173299081,-0.1004885165764391,3.96594904190653,-0.4438712485360466,1.3233552310063283
70.0,203.0,157.8895721435547,-2.151116586352581,1.7765067177928218,-4.954217446239854,-3.688038395004858,-2.586077377730949,0.8144731752930827,-0.6122097261475492,3.624379146848815,-0.454328507982406,0.9702287003031408
70.0,203.0,160.38934326171875,-2.1239526524329047,1.7532778008160277,-4.793683137872873,-2.992665936417859,-3.0883299703921034,0.7444479414625762,-1.0498487622640318,3.959048847339001,-0.7967959506285662,0.7170082799296202
70.0,203.0,137.95419311523438,-2.127510486587058,2.6664213177803657,-4.925946181719729,-3.030718126183132,-2.502510773607647,0.8407793874387863,-0.1007815620198274,3.966536784186372,-0.4492824282483114,1.3246605835724932
70.0,203.0,155.30633544921875,-2.110355142561264,1.7355664246072802,-4.897661520156259,-3.0945963635771343,-3.0647722813398968,0.8256285834289196,-1.0204516952792135,4.389633871132414,-0.4667985076585941,0.7287559592886229
70.0,203.0,158.0673828125,-2.13478528945232,1.8441109636686763,-4.929363763692761,-3.1294766675918138,-3.0546509867568057,1.330469986782295,-1.0107985278553162,3.543151829295136,-0.4498499097984712,0.7093224768745058
70.0,203.0,151.25607299804688,-2.172037136009037,1.7295055121999343,-4.886813252907739,-3.044272093932116,-2.527211347557737,0.8736419156014977,-1.0803740810791176,4.326682419773425,-0.4568381444550614,1.020613823807618
70.0,203.0,165.35855102539062,-2.0411344005614884,1.8033887960812784,-4.990096883276585,-3.0271535952284765,-1.9850275875294443,0.7502007915430735,-1.0075749577924853,3.0752222344234887,-0.4467256416415724,1.0584411608503208
70.0,203.0,165.263427734375,-2.025108824505472,1.819420873531608,-4.880777358367313,-3.048511178555349,-3.076473591889685,0.724041054625411,-1.045823708623605,4.79798916193166,-0.408550783489008,0.6991762171530035
70.0,203.0,137.87393188476562,-2.1197384056347337,2.681851637186474,-4.9221508903118485,-3.029656613010984,-2.495091044024245,0.852201968007125,-0.1000493567426583,3.9654608719980047,-0.4449557270421159,1.3230370560145568
70.0,203.0,160.2692413330078,-1.055922459328694,1.7735920722761906,-4.937958133848109,-1.695201673496223,-3.064020344723154,0.8372423768827528,-1.0608401158966236,4.429729571994304,-0.4561175576200931,0.7202760905369371
70.0,204.0,157.60691833496094,-2.1221509371431435,1.8392303061078088,-4.902514539010984,-3.0864103908050646,-3.0538475418464337,0.8517324402109121,-1.0171489627324086,3.092931355225164,-0.4559853455206131,0.9824460715350812
70.0,204.0,161.15728759765625,-1.9534206856324816,1.7536378394229737,-4.890109816254475,-3.0956079319477503,-3.0662115030366284,0.8279698431872164,-1.019189610828445,4.304919778195342,-0.4515226464921155,0.7024576952550962
70.0,204.0,137.86192321777344,-2.117800296695536,2.675060293822595,-4.922290025193135,-3.027935279981284,-2.5040521871909243,0.8478738732967751,-0.099897556218255,3.966110916736105,-0.4461138680384,1.3219547282552515
70.0,204.0,139.20184326171875,-2.1191760468044176,2.685470393531013,-4.9760617652555545,-3.0267656113952994,-2.501333714161438,0.8473170720730061,-0.1146589449568619,3.9523692441700846,-0.4463295088422942,1.3210575821253256
70.0,204.0,137.83258056640625,-2.124856280890898,2.681021894019914,-4.925520206106904,-3.029977511857492,-2.5007744847664046,0.8406489790872388,-0.1006435646632926,3.964515624790191,-0.4443647059518639,1.326274228820425
70.0,204.0,150.95826721191406,-2.1262525097823337,1.7737189882144293,-4.926724315985826,-3.0259742329384216,-2.437463469842107,1.4099652745982325,-1.0262765149084487,3.9233814230264574,-0.4512474950726279,1.609887845109697
70.0,204.0,156.08035278320312,-2.1580996450789263,1.728328627406782,-4.879695436337815,-3.0850529772078543,-3.06587044186364,0.8359929899162684,-1.015638048938622,3.5437633377229565,-0.4462973345896071,0.7233871726910266
70.0,204.0,145.83074951171875,-2.1182021524849444,1.8078905911135548,-4.935700425047287,-2.9794937688851824,-2.4827301949732017,0.8507230196630945,-1.052661683502819,3.970937820545013,-0.4537632926829645,1.6362450208066313
70.0,204.0,139.6415252685547,-2.129845872692152,2.760716976624,-4.918372751818592,-3.02170140705844,-2.4963698748469314,0.8463314015904304,-0.0984333079447448,3.948468124935751,-0.4461036833448366,1.324238845896177
70.0,204.0,138.03305053710938,-2.1205069559217664,2.69115536595646,-4.921184751603566,-3.0398215840638576,-2.491297563499461,0.8519863967113047,-0.099128255152948,3.963128997681389,-0.4515592211035018,1.3237929271468607
70.0,204.0,137.8641357421875,-2.1229939444161565,2.687138593413419,-4.928158435105606,-3.032568463499998,-2.4952880257027603,0.8378775113393152,-0.1005548710740471,3.964178584052432,-0.4471314399496796,1.3216614678400342
70.0,204.0,138.34812927246094,-2.1189593183549302,2.6588756678850984,-4.92170304190058,-3.022506523850178,-2.504579640286059,0.8562919375200744,-0.1091002240068833,3.957621505560024,-0.4456814327709182,1.330023216221514
70.0,204.0,138.08201599121094,-2.1303118094912508,2.6788862845625725,-4.918185401489764,-3.033085604274728,-2.51042557113541,0.8361963131034399,-0.1112096866462434,3.966255010816096,-0.4471535717185131,1.322356870568094
70.0,204.0,142.46267700195312,-2.1232609530412936,2.7566488900240795,-4.918842310309988,-3.023558994006141,-2.501609275844215,0.8462144983208695,-0.1579454035755592,3.9707787410443625,-0.4529763349832271,1.3197779449706493
70.0,204.0,177.90628051757812,-0.9480992037287066,1.6698462529856726,-4.92126265432442,-3.066282443454009,-3.048841576344093,1.9184003846581128,-1.029547548154336,4.407033002134062,-0.5675828178794807,0.7291447687456702
70.0,204.0,137.84786987304688,-2.1164356176265366,2.68647548476844,-4.918453628375961,-3.028278821911964,-2.499912996330844,0.842639580787254,-0.0998922048236414,3.967844303480267,-0.4432695340415124,1.3234868733948362
70.0,204.0,140.55001831054688,-2.122329315786468,1.802061285371577,-4.931716526883416,-3.0283693764857564,-2.486060058575672,0.8457611210177214,-0.5347108318649818,3.980144941527816,-0.4523532917964609,1.322373004556118
70.0,204.0,142.99522399902344,-2.123885695476875,1.7743101878719294,-4.91198230761888,-3.038744494237296,-2.4827602600683742,0.8460097373858783,-0.1610368484816937,3.9410607732845686,-0.4440028236741681,1.323951171818618
70.0,204.0,146.89678955078125,-2.1157274956350207,3.560859139752285,-4.907875006796881,-3.0271400908140613,-2.496080273403039,0.8455741741293783,-0.1175898994876983,4.002245469884065,-0.4485033184712136,1.88932816042122
70.0,204.0,137.82652282714844,-2.1274890028005893,2.681478736865153,-4.925243718151728,-3.030331530505812,-2.4984135626337447,0.840917493906714,-0.1003555354452973,3.9677289942178575,-0.4446762133357856,1.322327433957577
70.0,204.0,137.83448791503906,-2.1185114864137367,2.681190654795949,-4.920397552328796,-3.027868897199576,-2.498865657409995,0.8437030734803385,-0.0998827367955701,3.967616071972943,-0.4475367063268248,1.3239153918352513
70.0,204.0,138.8641815185547,-2.1259774252504795,2.6866481315764528,-4.913307029636322,-3.0381702401753325,-2.4989775821221256,0.8432470652243931,-0.5392681935863943,3.9620245058773502,-0.4471463961654572,1.3239367052505442
70.0,204.0,137.81985473632812,-2.127596216469379,2.682333382264904,-4.921650331642164,-3.032614584228958,-2.4973787577871427,0.8440753688181151,-0.1006959899596506,3.965717501922789,-0.4457134557394261,1.3232025068724664
70.0,204.0,153.1660919189453,-2.121447798556532,1.8336876551817392,-4.9380753146679925,-3.094233202647145,-3.0649950223856144,0.8354321701101891,-1.021508757068139,3.955010029302585,-0.4447028575291981,0.7080551592072115
70.0,204.0,140.98748779296875,-2.122322188787742,1.749132624391294,-4.927641577528918,-3.0326561531462253,-2.5020076520708585,0.83726203838994,-0.1374035827217274,3.9476077977928687,-0.4471277451574952,1.3237082619254523
70.0,204.0,144.48789978027344,-2.141046964113209,1.771880474365917,-4.911381224157521,-3.040130457582591,-2.517262630056656,0.8055665997807893,-1.0369607176572375,3.977882256769657,-0.4549739669163189,1.3219810566530266
70.0,204.0,137.84840393066406,-2.1239103887682105,2.681252128267132,-4.923940388341969,-3.0310010222910537,-2.4951609502642254,0.844327655441377,-0.1004091003207315,3.963921840004308,-0.4487397127697033,1.3240604623803909
70.0,204.0,150.5499267578125,-2.11968739608623,1.755035030369485,-4.927208819748874,-3.0244678618957064,-2.0218319945465275,0.8106048132035997,-1.0135414794231097,3.9867357123238514,-0.4552261932641993,1.349251448476138
70.0,204.0,140.0598907470703,-2.164817701741923,1.7858384313759987,-4.90336352167247,-3.066864914042139,-2.50056923429754,0.8434342846863904,-0.1148784521738972,3.965952049389358,-0.4458007797378894,1.3229520004973705
70.0,204.0,138.49351501464844,-2.160040136845492,2.657416428276602,-4.91873215813522,-3.027594450936446,-2.511247532267939,0.8352683281569356,-0.1015702307999265,3.963006004287783,-0.4525901078788116,1.3202689461309696
70.0,204.0,137.8301239013672,-2.1290600361500176,2.68232574321061,-4.92151721675018,-3.035721372335161,-2.499630526364592,0.8432898477023375,-0.1014003267763008,3.9637380327374414,-0.4439812974652528,1.3231237055399858
70.0,204.0,137.8474578857422,-2.131330386113813,2.682430583574172,-4.924970167174063,-3.027795555782357,-2.5039131930016385,0.8435864271389409,-0.0990846757006214,3.966713890843166,-0.4446025239090542,1.3235866606320048
70.0,204.0,140.52117919921875,-2.1272497769988306,1.774468940747441,-4.918171862643308,-3.039466282870276,-2.4890347571925453,0.8476899259151214,-0.521753245229758,3.96549093137469,-0.4572526271482879,1.3258236409937911
70.0,204.0,146.584716796875,-2.103115268970947,1.7773525520170366,-4.8991595252982325,-3.0347150506673737,-2.5711874065489764,0.8116258795517473,-1.035978714195854,3.971544582710554,-0.4467989748149475,1.6285298446205214
70.0,204.0,139.49063110351562,-2.127036784137281,2.6864341888011003,-4.922580773522917,-3.0061126931140665,-1.94209301285814,0.8409841124852037,-0.5625834980067171,3.962763002701845,-0.4500653814960387,1.3055394714877115
70.0,204.0,137.81744384765625,-2.1277224404567705,2.681837911661119,-4.924157043995317,-3.031281385129762,-2.4981128105050505,0.8438584129104354,-0.1007129788384623,3.964888576576502,-0.4454803480719521,1.3232394589601535
70.0,204.0,137.99871826171875,-2.1219359706978977,2.6983519605346182,-4.91365276125987,-3.032488893616102,-2.496985797832152,0.841776391998673,-0.1077954372691717,3.9583726091708233,-0.4454771531257346,1.324300965228809
70.0,204.0,155.14508056640625,-2.144416528898283,1.7532622941419214,-4.910340166670732,-3.045212005694971,-1.9538792327145715,0.8337103093690844,-1.0439633387742353,3.904955445319976,-0.4075869564763927,0.7623833671535221
70.0,204.0,139.50372314453125,-2.122636484933675,3.5704206891638446,-4.928787274341943,-3.037851658567845,-2.525937593544493,0.8439742794215084,-0.1063149013750094,3.952908931022901,-0.4465054973198427,1.3217229165978648
70.0,204.0,137.82479858398438,-2.1314714381202644,2.681429154031218,-4.921386505956704,-3.029504563300337,-2.49596316527723,0.8442094173299081,-0.1004885165764391,3.96594904190653,-0.4438712485360466,1.3233552310063283
70.0,204.0,157.8895721435547,-2.151116586352581,1.7765067177928218,-4.954217446239854,-3.688038395004858,-2.586077377730949,0.8144731752930827,-0.6122097261475492,3.624379146848815,-0.454328507982406,0.9702287003031408
70.0,204.0,160.38934326171875,-2.1239526524329047,1.7532778008160277,-4.793683137872873,-2.992665936417859,-3.0883299703921034,0.7444479414625762,-1.0498487622640318,3.959048847339001,-0.7967959506285662,0.7170082799296202
70.0,204.0,137.95419311523438,-2.127510486587058,2.6664213177803657,-4.925946181719729,-3.030718126183132,-2.502510773607647,0.8407793874387863,-0.1007815620198274,3.966536784186372,-0.4492824282483114,1.3246605835724932
70.0,204.0,155.30633544921875,-2.110355142561264,1.7355664246072802,-4.897661520156259,-3.0945963635771343,-3.0647722813398968,0.8256285834289196,-1.0204516952792135,4.389633871132414,-0.4667985076585941,0.7287559592886229
70.0,204.0,158.0673828125,-2.13478528945232,1.8441109636686763,-4.929363763692761,-3.1294766675918138,-3.0546509867568057,1.330469986782295,-1.0107985278553162,3.543151829295136,-0.4498499097984712,0.7093224768745058
70.0,204.0,151.25607299804688,-2.172037136009037,1.7295055121999343,-4.886813252907739,-3.044272093932116,-2.527211347557737,0.8736419156014977,-1.0803740810791176,4.326682419773425,-0.4568381444550614,1.020613823807618
70.0,204.0,165.35855102539062,-2.0411344005614884,1.8033887960812784,-4.990096883276585,-3.0271535952284765,-1.9850275875294443,0.7502007915430735,-1.0075749577924853,3.0752222344234887,-0.4467256416415724,1.0584411608503208
70.0,204.0,165.263427734375,-2.025108824505472,1.819420873531608,-4.880777358367313,-3.048511178555349,-3.076473591889685,0.724041054625411,-1.045823708623605,4.79798916193166,-0.408550783489008,0.6991762171530035
70.0,204.0,137.87393188476562,-2.1197384056347337,2.681851637186474,-4.9221508903118485,-3.029656613010984,-2.495091044024245,0.852201968007125,-0.1000493567426583,3.9654608719980047,-0.4449557270421159,1.3230370560145568
70.0,204.0,160.2692413330078,-1.055922459328694,1.7735920722761906,-4.937958133848109,-1.695201673496223,-3.064020344723154,0.8372423768827528,-1.0608401158966236,4.429729571994304,-0.4561175576200931,0.7202760905369371
70.0,205.0,157.60691833496094,-2.1221509371431435,1.8392303061078088,-4.902514539010984,-3.0864103908050646,-3.0538475418464337,0.8517324402109121,-1.0171489627324086,3.092931355225164,-0.4559853455206131,0.9824460715350812
70.0,205.0,161.15728759765625,-1.9534206856324816,1.7536378394229737,-4.890109816254475,-3.0956079319477503,-3.0662115030366284,0.8279698431872164,-1.019189610828445,4.304919778195342,-0.4515226464921155,0.7024576952550962
70.0,205.0,137.86192321777344,-2.117800296695536,2.675060293822595,-4.922290025193135,-3.027935279981284,-2.5040521871909243,0.8478738732967751,-0.099897556218255,3.966110916736105,-0.4461138680384,1.3219547282552515
70.0,205.0,139.20184326171875,-2.1191760468044176,2.685470393531013,-4.9760617652555545,-3.0267656113952994,-2.501333714161438,0.8473170720730061,-0.1146589449568619,3.9523692441700846,-0.4463295088422942,1.3210575821253256
70.0,205.0,137.83258056640625,-2.124856280890898,2.681021894019914,-4.925520206106904,-3.029977511857492,-2.5007744847664046,0.8406489790872388,-0.1006435646632926,3.964515624790191,-0.4443647059518639,1.326274228820425
70.0,205.0,150.95826721191406,-2.1262525097823337,1.7737189882144293,-4.926724315985826,-3.0259742329384216,-2.437463469842107,1.4099652745982325,-1.0262765149084487,3.9233814230264574,-0.4512474950726279,1.609887845109697
70.0,205.0,156.08035278320312,-2.1580996450789263,1.728328627406782,-4.879695436337815,-3.0850529772078543,-3.06587044186364,0.8359929899162684,-1.015638048938622,3.5437633377229565,-0.4462973345896071,0.7233871726910266
70.0,205.0,145.83074951171875,-2.1182021524849444,1.8078905911135548,-4.935700425047287,-2.9794937688851824,-2.4827301949732017,0.8507230196630945,-1.052661683502819,3.970937820545013,-0.4537632926829645,1.6362450208066313
70.0,205.0,139.6415252685547,-2.129845872692152,2.760716976624,-4.918372751818592,-3.02170140705844,-2.4963698748469314,0.8463314015904304,-0.0984333079447448,3.948468124935751,-0.4461036833448366,1.324238845896177
70.0,205.0,138.03305053710938,-2.1205069559217664,2.69115536595646,-4.921184751603566,-3.0398215840638576,-2.491297563499461,0.8519863967113047,-0.099128255152948,3.963128997681389,-0.4515592211035018,1.3237929271468607
70.0,205.0,137.82449340820312,-2.127730455260499,2.677296430167808,-4.922215437595028,-3.031042048826708,-2.4965526597773966,0.8445938371123954,-0.1006959726646185,3.9652422499415145,-0.4456708221618644,1.3228839364011404
70.0,205.0,138.34812927246094,-2.1189593183549302,2.6588756678850984,-4.92170304190058,-3.022506523850178,-2.504579640286059,0.8562919375200744,-0.1091002240068833,3.957621505560024,-0.4456814327709182,1.330023216221514
70.0,205.0,138.08201599121094,-2.1303118094912508,2.6788862845625725,-4.918185401489764,-3.033085604274728,-2.51042557113541,0.8361963131034399,-0.1112096866462434,3.966255010816096,-0.4471535717185131,1.322356870568094
70.0,205.0,140.24879455566406,-2.159870733938664,2.731115036631711,-4.9260037736587945,-3.026109420242876,-2.4969789903477126,0.8477610668538871,-0.1324560854486751,3.968281489788039,-0.4577944531271202,1.3256317406561045
70.0,205.0,177.90628051757812,-0.9480992037287066,1.6698462529856726,-4.92126265432442,-3.066282443454009,-3.048841576344093,1.9184003846581128,-1.029547548154336,4.407033002134062,-0.5675828178794807,0.7291447687456702
70.0,205.0,137.84786987304688,-2.1164356176265366,2.68647548476844,-4.918453628375961,-3.028278821911964,-2.499912996330844,0.842639580787254,-0.0998922048236414,3.967844303480267,-0.4432695340415124,1.3234868733948362
70.0,205.0,140.55001831054688,-2.122329315786468,1.802061285371577,-4.931716526883416,-3.0283693764857564,-2.486060058575672,0.8457611210177214,-0.5347108318649818,3.980144941527816,-0.4523532917964609,1.322373004556118
70.0,205.0,142.99522399902344,-2.123885695476875,1.7743101878719294,-4.91198230761888,-3.038744494237296,-2.4827602600683742,0.8460097373858783,-0.1610368484816937,3.9410607732845686,-0.4440028236741681,1.323951171818618
70.0,205.0,146.89678955078125,-2.1157274956350207,3.560859139752285,-4.907875006796881,-3.0271400908140613,-2.496080273403039,0.8455741741293783,-0.1175898994876983,4.002245469884065,-0.4485033184712136,1.88932816042122
70.0,205.0,137.8173065185547,-2.1275901724240587,2.681242677054823,-4.924917493193287,-3.030922863189696,-2.4999339750487164,0.8421361691131704,-0.1002583925897743,3.9662315595948456,-0.444361239072035,1.3225336627976334
70.0,205.0,137.83448791503906,-2.1185114864137367,2.681190654795949,-4.920397552328796,-3.027868897199576,-2.498865657409995,0.8437030734803385,-0.0998827367955701,3.967616071972943,-0.4475367063268248,1.3239153918352513
70.0,205.0,138.8641815185547,-2.1259774252504795,2.6866481315764528,-4.913307029636322,-3.0381702401753325,-2.4989775821221256,0.8432470652243931,-0.5392681935863943,3.9620245058773502,-0.4471463961654572,1.3239367052505442
70.0,205.0,137.81985473632812,-2.127596216469379,2.682333382264904,-4.921650331642164,-3.032614584228958,-2.4973787577871427,0.8440753688181151,-0.1006959899596506,3.965717501922789,-0.4457134557394261,1.3232025068724664
70.0,205.0,153.1660919189453,-2.121447798556532,1.8336876551817392,-4.9380753146679925,-3.094233202647145,-3.0649950223856144,0.8354321701101891,-1.021508757068139,3.955010029302585,-0.4447028575291981,0.7080551592072115
70.0,205.0,140.98748779296875,-2.122322188787742,1.749132624391294,-4.927641577528918,-3.0326561531462253,-2.5020076520708585,0.83726203838994,-0.1374035827217274,3.9476077977928687,-0.4471277451574952,1.3237082619254523
70.0,205.0,144.48789978027344,-2.141046964113209,1.771880474365917,-4.911381224157521,-3.040130457582591,-2.517262630056656,0.8055665997807893,-1.0369607176572375,3.977882256769657,-0.4549739669163189,1.3219810566530266
70.0,205.0,137.84840393066406,-2.1239103887682105,2.681252128267132,-4.923940388341969,-3.0310010222910537,-2.4951609502642254,0.844327655441377,-0.1004091003207315,3.963921840004308,-0.4487397127697033,1.3240604623803909
70.0,205.0,150.5499267578125,-2.11968739608623,1.755035030369485,-4.927208819748874,-3.0244678618957064,-2.0218319945465275,0.8106048132035997,-1.0135414794231097,3.9867357123238514,-0.4552261932641993,1.349251448476138
70.0,205.0,140.0598907470703,-2.164817701741923,1.7858384313759987,-4.90336352167247,-3.066864914042139,-2.50056923429754,0.8434342846863904,-0.1148784521738972,3.965952049389358,-0.4458007797378894,1.3229520004973705
70.0,205.0,138.34913635253906,-2.1524621989083466,2.7025022689247065,-4.919449742751766,-3.028288347175881,-2.48183738992124,0.8303182329003554,-0.1030332457741992,3.9645594655168654,-0.4468486172639627,1.32200423438032
70.0,205.0,137.82437133789062,-2.127430589077459,2.682486308096538,-4.922885679018632,-3.0339834026806543,-2.499381619745927,0.843606292146101,-0.1011373633291595,3.965323804389876,-0.44557982615453,1.3232734602715022
70.0,205.0,137.8474578857422,-2.131330386113813,2.682430583574172,-4.924970167174063,-3.027795555782357,-2.5039131930016385,0.8435864271389409,-0.0990846757006214,3.966713890843166,-0.4446025239090542,1.3235866606320048
70.0,205.0,140.52117919921875,-2.1272497769988306,1.774468940747441,-4.918171862643308,-3.039466282870276,-2.4890347571925453,0.8476899259151214,-0.521753245229758,3.96549093137469,-0.4572526271482879,1.3258236409937911
70.0,205.0,146.584716796875,-2.103115268970947,1.7773525520170366,-4.8991595252982325,-3.0347150506673737,-2.5711874065489764,0.8116258795517473,-1.035978714195854,3.971544582710554,-0.4467989748149475,1.6285298446205214
70.0,205.0,139.49063110351562,-2.127036784137281,2.6864341888011003,-4.922580773522917,-3.0061126931140665,-1.94209301285814,0.8409841124852037,-0.5625834980067171,3.962763002701845,-0.4500653814960387,1.3055394714877115
70.0,205.0,137.81744384765625,-2.1277224404567705,2.681837911661119,-4.924157043995317,-3.031281385129762,-2.4981128105050505,0.8438584129104354,-0.1007129788384623,3.964888576576502,-0.4454803480719521,1.3232394589601535
70.0,205.0,137.98794555664062,-2.118254943358953,2.693328967004481,-4.91940858828081,-3.033157210422928,-2.4971311515344814,0.8427811295621633,-0.0978340788555661,3.96523186027833,-0.4447244332085472,1.323407605673059
70.0,205.0,155.14508056640625,-2.144416528898283,1.7532622941419214,-4.910340166670732,-3.045212005694971,-1.9538792327145715,0.8337103093690844,-1.0439633387742353,3.904955445319976,-0.4075869564763927,0.7623833671535221
70.0,205.0,139.50372314453125,-2.122636484933675,3.5704206891638446,-4.928787274341943,-3.037851658567845,-2.525937593544493,0.8439742794215084,-0.1063149013750094,3.952908931022901,-0.4465054973198427,1.3217229165978648
70.0,205.0,137.82479858398438,-2.1314714381202644,2.681429154031218,-4.921386505956704,-3.029504563300337,-2.49596316527723,0.8442094173299081,-0.1004885165764391,3.96594904190653,-0.4438712485360466,1.3233552310063283
70.0,205.0,157.8895721435547,-2.151116586352581,1.7765067177928218,-4.954217446239854,-3.688038395004858,-2.586077377730949,0.8144731752930827,-0.6122097261475492,3.624379146848815,-0.454328507982406,0.9702287003031408
70.0,205.0,160.38934326171875,-2.1239526524329047,1.7532778008160277,-4.793683137872873,-2.992665936417859,-3.0883299703921034,0.7444479414625762,-1.0498487622640318,3.959048847339001,-0.7967959506285662,0.7170082799296202
70.0,205.0,137.95419311523438,-2.127510486587058,2.6664213177803657,-4.925946181719729,-3.030718126183132,-2.502510773607647,0.8407793874387863,-0.1007815620198274,3.966536784186372,-0.4492824282483114,1.3246605835724932
70.0,205.0,155.30633544921875,-2.110355142561264,1.7355664246072802,-4.897661520156259,-3.0945963635771343,-3.0647722813398968,0.8256285834289196,-1.0204516952792135,4.389633871132414,-0.4667985076585941,0.7287559592886229
70.0,205.0,158.0673828125,-2.13478528945232,1.8441109636686763,-4.929363763692761,-3.1294766675918138,-3.0546509867568057,1.330469986782295,-1.0107985278553162,3.543151829295136,-0.4498499097984712,0.7093224768745058
70.0,205.0,151.25607299804688,-2.172037136009037,1.7295055121999343,-4.886813252907739,-3.044272093932116,-2.527211347557737,0.8736419156014977,-1.0803740810791176,4.326682419773425,-0.4568381444550614,1.020613823807618
70.0,205.0,165.35855102539062,-2.0411344005614884,1.8033887960812784,-4.990096883276585,-3.0271535952284765,-1.9850275875294443,0.7502007915430735,-1.0075749577924853,3.0752222344234887,-0.4467256416415724,1.0584411608503208
70.0,205.0,165.263427734375,-2.025108824505472,1.819420873531608,-4.880777358367313,-3.048511178555349,-3.076473591889685,0.724041054625411,-1.045823708623605,4.79798916193166,-0.408550783489008,0.6991762171530035
70.0,205.0,137.85211181640625,-2.111016324943465,2.6829376391799777,-4.925194192230752,-3.028328275344476,-2.495973818294796,0.8479229908556873,-0.1019179969836143,3.9654428328869216,-0.4453352147915472,1.3232137455698685
70.0,205.0,160.2692413330078,-1.055922459328694,1.7735920722761906,-4.937958133848109,-1.695201673496223,-3.064020344723154,0.8372423768827528,-1.0608401158966236,4.429729571994304,-0.4561175576200931,0.7202760905369371
70.0,206.0,157.60691833496094,-2.1221509371431435,1.8392303061078088,-4.902514539010984,-3.0864103908050646,-3.0538475418464337,0.8517324402109121,-1.0171489627324086,3.092931355225164,-0.4559853455206131,0.9824460715350812
70.0,206.0,161.15728759765625,-1.9534206856324816,1.7536378394229737,-4.890109816254475,-3.0956079319477503,-3.0662115030366284,0.8279698431872164,-1.019189610828445,4.304919778195342,-0.4515226464921155,0.7024576952550962
70.0,206.0,137.86192321777344,-2.117800296695536,2.675060293822595,-4.922290025193135,-3.027935279981284,-2.5040521871909243,0.8478738732967751,-0.099897556218255,3.966110916736105,-0.4461138680384,1.3219547282552515
70.0,206.0,138.25323486328125,-2.121313722505504,2.6874706949546936,-4.943722711137914,-3.0278559771258022,-2.502025562363525,0.8442795470184202,-0.1133575063644408,3.958318669535904,-0.443191400092178,1.3218201274065149
70.0,206.0,137.83258056640625,-2.124856280890898,2.681021894019914,-4.925520206106904,-3.029977511857492,-2.5007744847664046,0.8406489790872388,-0.1006435646632926,3.964515624790191,-0.4443647059518639,1.326274228820425
70.0,206.0,150.95826721191406,-2.1262525097823337,1.7737189882144293,-4.926724315985826,-3.0259742329384216,-2.437463469842107,1.4099652745982325,-1.0262765149084487,3.9233814230264574,-0.4512474950726279,1.609887845109697
70.0,206.0,156.08035278320312,-2.1580996450789263,1.728328627406782,-4.879695436337815,-3.0850529772078543,-3.06587044186364,0.8359929899162684,-1.015638048938622,3.5437633377229565,-0.4462973345896071,0.7233871726910266
70.0,206.0,145.83074951171875,-2.1182021524849444,1.8078905911135548,-4.935700425047287,-2.9794937688851824,-2.4827301949732017,0.8507230196630945,-1.052661683502819,3.970937820545013,-0.4537632926829645,1.6362450208066313
70.0,206.0,139.6415252685547,-2.129845872692152,2.760716976624,-4.918372751818592,-3.02170140705844,-2.4963698748469314,0.8463314015904304,-0.0984333079447448,3.948468124935751,-0.4461036833448366,1.324238845896177
70.0,206.0,138.03305053710938,-2.1205069559217664,2.69115536595646,-4.921184751603566,-3.0398215840638576,-2.491297563499461,0.8519863967113047,-0.099128255152948,3.963128997681389,-0.4515592211035018,1.3237929271468607
70.0,206.0,137.82449340820312,-2.127730455260499,2.677296430167808,-4.922215437595028,-3.031042048826708,-2.4965526597773966,0.8445938371123954,-0.1006959726646185,3.9652422499415145,-0.4456708221618644,1.3228839364011404
70.0,206.0,138.12118530273438,-2.127665238823484,2.674375932883586,-4.925135263939686,-3.019985702232036,-2.505489507648343,0.8533682713255277,-0.1091619382877444,3.9589235079389655,-0.4459724986036327,1.325729792671536
70.0,206.0,138.08201599121094,-2.1303118094912508,2.6788862845625725,-4.918185401489764,-3.033085604274728,-2.51042557113541,0.8361963131034399,-0.1112096866462434,3.966255010816096,-0.4471535717185131,1.322356870568094
70.0,206.0,140.24879455566406,-2.159870733938664,2.731115036631711,-4.9260037736587945,-3.026109420242876,-2.4969789903477126,0.8477610668538871,-0.1324560854486751,3.968281489788039,-0.4577944531271202,1.3256317406561045
70.0,206.0,177.90628051757812,-0.9480992037287066,1.6698462529856726,-4.92126265432442,-3.066282443454009,-3.048841576344093,1.9184003846581128,-1.029547548154336,4.407033002134062,-0.5675828178794807,0.7291447687456702
70.0,206.0,137.84786987304688,-2.1164356176265366,2.68647548476844,-4.918453628375961,-3.028278821911964,-2.499912996330844,0.842639580787254,-0.0998922048236414,3.967844303480267,-0.4432695340415124,1.3234868733948362
70.0,206.0,140.55001831054688,-2.122329315786468,1.802061285371577,-4.931716526883416,-3.0283693764857564,-2.486060058575672,0.8457611210177214,-0.5347108318649818,3.980144941527816,-0.4523532917964609,1.322373004556118
70.0,206.0,142.99522399902344,-2.123885695476875,1.7743101878719294,-4.91198230761888,-3.038744494237296,-2.4827602600683742,0.8460097373858783,-0.1610368484816937,3.9410607732845686,-0.4440028236741681,1.323951171818618
70.0,206.0,146.2761688232422,-2.133225175979208,3.462281879243472,-4.921855251414705,-3.028719476917402,-2.4961408509963485,0.8355252825089647,-0.1071358924429066,3.933548224370167,-0.4463564359981862,1.905561247710163
70.0,206.0,137.8173065185547,-2.1275901724240587,2.681242677054823,-4.924917493193287,-3.030922863189696,-2.4999339750487164,0.8421361691131704,-0.1002583925897743,3.9662315595948456,-0.444361239072035,1.3225336627976334
70.0,206.0,137.83448791503906,-2.1185114864137367,2.681190654795949,-4.920397552328796,-3.027868897199576,-2.498865657409995,0.8437030734803385,-0.0998827367955701,3.967616071972943,-0.4475367063268248,1.3239153918352513
70.0,206.0,138.8641815185547,-2.1259774252504795,2.6866481315764528,-4.913307029636322,-3.0381702401753325,-2.4989775821221256,0.8432470652243931,-0.5392681935863943,3.9620245058773502,-0.4471463961654572,1.3239367052505442
70.0,206.0,137.81985473632812,-2.127596216469379,2.682333382264904,-4.921650331642164,-3.032614584228958,-2.4973787577871427,0.8440753688181151,-0.1006959899596506,3.965717501922789,-0.4457134557394261,1.3232025068724664
70.0,206.0,153.1660919189453,-2.121447798556532,1.8336876551817392,-4.9380753146679925,-3.094233202647145,-3.0649950223856144,0.8354321701101891,-1.021508757068139,3.955010029302585,-0.4447028575291981,0.7080551592072115
70.0,206.0,140.98748779296875,-2.122322188787742,1.749132624391294,-4.927641577528918,-3.0326561531462253,-2.5020076520708585,0.83726203838994,-0.1374035827217274,3.9476077977928687,-0.4471277451574952,1.3237082619254523
70.0,206.0,144.48789978027344,-2.141046964113209,1.771880474365917,-4.911381224157521,-3.040130457582591,-2.517262630056656,0.8055665997807893,-1.0369607176572375,3.977882256769657,-0.4549739669163189,1.3219810566530266
70.0,206.0,137.84840393066406,-2.1239103887682105,2.681252128267132,-4.923940388341969,-3.0310010222910537,-2.4951609502642254,0.844327655441377,-0.1004091003207315,3.963921840004308,-0.4487397127697033,1.3240604623803909
70.0,206.0,150.5499267578125,-2.11968739608623,1.755035030369485,-4.927208819748874,-3.0244678618957064,-2.0218319945465275,0.8106048132035997,-1.0135414794231097,3.9867357123238514,-0.4552261932641993,1.349251448476138
70.0,206.0,140.0598907470703,-2.164817701741923,1.7858384313759987,-4.90336352167247,-3.066864914042139,-2.50056923429754,0.8434342846863904,-0.1148784521738972,3.965952049389358,-0.4458007797378894,1.3229520004973705
70.0,206.0,137.99356079101562,-2.108253064459358,2.680262188192457,-4.928524267229009,-3.028250343482084,-2.4931422404452337,0.8511342367349748,-0.0988279767148833,3.968105801732404,-0.4504482799309796,1.3220506233205334
70.0,206.0,137.82437133789062,-2.127430589077459,2.682486308096538,-4.922885679018632,-3.0339834026806543,-2.499381619745927,0.843606292146101,-0.1011373633291595,3.965323804389876,-0.44557982615453,1.3232734602715022
70.0,206.0,137.8474578857422,-2.131330386113813,2.682430583574172,-4.924970167174063,-3.027795555782357,-2.5039131930016385,0.8435864271389409,-0.0990846757006214,3.966713890843166,-0.4446025239090542,1.3235866606320048
70.0,206.0,140.52117919921875,-2.1272497769988306,1.774468940747441,-4.918171862643308,-3.039466282870276,-2.4890347571925453,0.8476899259151214,-0.521753245229758,3.96549093137469,-0.4572526271482879,1.3258236409937911
70.0,206.0,146.584716796875,-2.103115268970947,1.7773525520170366,-4.8991595252982325,-3.0347150506673737,-2.5711874065489764,0.8116258795517473,-1.035978714195854,3.971544582710554,-0.4467989748149475,1.6285298446205214
70.0,206.0,139.49063110351562,-2.127036784137281,2.6864341888011003,-4.922580773522917,-3.0061126931140665,-1.94209301285814,0.8409841124852037,-0.5625834980067171,3.962763002701845,-0.4500653814960387,1.3055394714877115
70.0,206.0,137.81744384765625,-2.1277224404567705,2.681837911661119,-4.924157043995317,-3.031281385129762,-2.4981128105050505,0.8438584129104354,-0.1007129788384623,3.964888576576502,-0.4454803480719521,1.3232394589601535
70.0,206.0,137.98794555664062,-2.118254943358953,2.693328967004481,-4.91940858828081,-3.033157210422928,-2.4971311515344814,0.8427811295621633,-0.0978340788555661,3.96523186027833,-0.4447244332085472,1.323407605673059
70.0,206.0,155.14508056640625,-2.144416528898283,1.7532622941419214,-4.910340166670732,-3.045212005694971,-1.9538792327145715,0.8337103093690844,-1.0439633387742353,3.904955445319976,-0.4075869564763927,0.7623833671535221
70.0,206.0,139.50372314453125,-2.122636484933675,3.5704206891638446,-4.928787274341943,-3.037851658567845,-2.525937593544493,0.8439742794215084,-0.1063149013750094,3.952908931022901,-0.4465054973198427,1.3217229165978648
70.0,206.0,137.82479858398438,-2.1314714381202644,2.681429154031218,-4.921386505956704,-3.029504563300337,-2.49596316527723,0.8442094173299081,-0.1004885165764391,3.96594904190653,-0.4438712485360466,1.3233552310063283
70.0,206.0,157.8895721435547,-2.151116586352581,1.7765067177928218,-4.954217446239854,-3.688038395004858,-2.586077377730949,0.8144731752930827,-0.6122097261475492,3.624379146848815,-0.454328507982406,0.9702287003031408
70.0,206.0,160.38934326171875,-2.1239526524329047,1.7532778008160277,-4.793683137872873,-2.992665936417859,-3.0883299703921034,0.7444479414625762,-1.0498487622640318,3.959048847339001,-0.7967959506285662,0.7170082799296202
70.0,206.0,137.95419311523438,-2.127510486587058,2.6664213177803657,-4.925946181719729,-3.030718126183132,-2.502510773607647,0.8407793874387863,-0.1007815620198274,3.966536784186372,-0.4492824282483114,1.3246605835724932
70.0,206.0,155.30633544921875,-2.110355142561264,1.7355664246072802,-4.897661520156259,-3.0945963635771343,-3.0647722813398968,0.8256285834289196,-1.0204516952792135,4.389633871132414,-0.4667985076585941,0.7287559592886229
70.0,206.0,158.0673828125,-2.13478528945232,1.8441109636686763,-4.929363763692761,-3.1294766675918138,-3.0546509867568057,1.330469986782295,-1.0107985278553162,3.543151829295136,-0.4498499097984712,0.7093224768745058
70.0,206.0,151.25607299804688,-2.172037136009037,1.7295055121999343,-4.886813252907739,-3.044272093932116,-2.527211347557737,0.8736419156014977,-1.0803740810791176,4.326682419773425,-0.4568381444550614,1.020613823807618
70.0,206.0,165.35855102539062,-2.0411344005614884,1.8033887960812784,-4.990096883276585,-3.0271535952284765,-1.9850275875294443,0.7502007915430735,-1.0075749577924853,3.0752222344234887,-0.4467256416415724,1.0584411608503208
70.0,206.0,165.263427734375,-2.025108824505472,1.819420873531608,-4.880777358367313,-3.048511178555349,-3.076473591889685,0.724041054625411,-1.045823708623605,4.79798916193166,-0.408550783489008,0.6991762171530035
70.0,206.0,137.85211181640625,-2.111016324943465,2.6829376391799777,-4.925194192230752,-3.028328275344476,-2.495973818294796,0.8479229908556873,-0.1019179969836143,3.9654428328869216,-0.4453352147915472,1.3232137455698685
70.0,206.0,160.2692413330078,-1.055922459328694,1.7735920722761906,-4.937958133848109,-1.695201673496223,-3.064020344723154,0.8372423768827528,-1.0608401158966236,4.429729571994304,-0.4561175576200931,0.7202760905369371
70.0,207.0,157.60691833496094,-2.1221509371431435,1.8392303061078088,-4.902514539010984,-3.0864103908050646,-3.0538475418464337,0.8517324402109121,-1.0171489627324086,3.092931355225164,-0.4559853455206131,0.9824460715350812
70.0,207.0,161.15728759765625,-1.9534206856324816,1.7536378394229737,-4.890109816254475,-3.0956079319477503,-3.0662115030366284,0.8279698431872164,-1.019189610828445,4.304919778195342,-0.4515226464921155,0.7024576952550962
70.0,207.0,137.86192321777344,-2.117800296695536,2.675060293822595,-4.922290025193135,-3.027935279981284,-2.5040521871909243,0.8478738732967751,-0.099897556218255,3.966110916736105,-0.4461138680384,1.3219547282552515
70.0,207.0,138.25323486328125,-2.121313722505504,2.6874706949546936,-4.943722711137914,-3.0278559771258022,-2.502025562363525,0.8442795470184202,-0.1133575063644408,3.958318669535904,-0.443191400092178,1.3218201274065149
70.0,207.0,137.83258056640625,-2.124856280890898,2.681021894019914,-4.925520206106904,-3.029977511857492,-2.5007744847664046,0.8406489790872388,-0.1006435646632926,3.964515624790191,-0.4443647059518639,1.326274228820425
70.0,207.0,150.95826721191406,-2.1262525097823337,1.7737189882144293,-4.926724315985826,-3.0259742329384216,-2.437463469842107,1.4099652745982325,-1.0262765149084487,3.9233814230264574,-0.4512474950726279,1.609887845109697
70.0,207.0,156.08035278320312,-2.1580996450789263,1.728328627406782,-4.879695436337815,-3.0850529772078543,-3.06587044186364,0.8359929899162684,-1.015638048938622,3.5437633377229565,-0.4462973345896071,0.7233871726910266
70.0,207.0,145.83074951171875,-2.1182021524849444,1.8078905911135548,-4.935700425047287,-2.9794937688851824,-2.4827301949732017,0.8507230196630945,-1.052661683502819,3.970937820545013,-0.4537632926829645,1.6362450208066313
70.0,207.0,139.6415252685547,-2.129845872692152,2.760716976624,-4.918372751818592,-3.02170140705844,-2.4963698748469314,0.8463314015904304,-0.0984333079447448,3.948468124935751,-0.4461036833448366,1.324238845896177
70.0,207.0,138.03305053710938,-2.1205069559217664,2.69115536595646,-4.921184751603566,-3.0398215840638576,-2.491297563499461,0.8519863967113047,-0.099128255152948,3.963128997681389,-0.4515592211035018,1.3237929271468607
70.0,207.0,137.81752014160156,-2.1258420236701148,2.677902479434571,-4.918157576297594,-3.030944737741428,-2.501016481837457,0.8439181226481252,-0.10040341035796,3.962891179566743,-0.4438419959793073,1.3227836971633824
70.0,207.0,138.12118530273438,-2.127665238823484,2.674375932883586,-4.925135263939686,-3.019985702232036,-2.505489507648343,0.8533682713255277,-0.1091619382877444,3.9589235079389655,-0.4459724986036327,1.325729792671536
70.0,207.0,138.04507446289062,-2.1300086785032173,2.680708384903912,-4.923266398750811,-3.031856876070159,-2.501412713140941,0.8374638623983394,-0.1115453826087529,3.965754575580639,-0.4438036823650985,1.3178355366742418
70.0,207.0,140.24879455566406,-2.159870733938664,2.731115036631711,-4.9260037736587945,-3.026109420242876,-2.4969789903477126,0.8477610668538871,-0.1324560854486751,3.968281489788039,-0.4577944531271202,1.3256317406561045
70.0,207.0,177.90628051757812,-0.9480992037287066,1.6698462529856726,-4.92126265432442,-3.066282443454009,-3.048841576344093,1.9184003846581128,-1.029547548154336,4.407033002134062,-0.5675828178794807,0.7291447687456702
70.0,207.0,137.84786987304688,-2.1164356176265366,2.68647548476844,-4.918453628375961,-3.028278821911964,-2.499912996330844,0.842639580787254,-0.0998922048236414,3.967844303480267,-0.4432695340415124,1.3234868733948362
70.0,207.0,140.55001831054688,-2.122329315786468,1.802061285371577,-4.931716526883416,-3.0283693764857564,-2.486060058575672,0.8457611210177214,-0.5347108318649818,3.980144941527816,-0.4523532917964609,1.322373004556118
70.0,207.0,142.99522399902344,-2.123885695476875,1.7743101878719294,-4.91198230761888,-3.038744494237296,-2.4827602600683742,0.8460097373858783,-0.1610368484816937,3.9410607732845686,-0.4440028236741681,1.323951171818618
70.0,207.0,146.2761688232422,-2.133225175979208,3.462281879243472,-4.921855251414705,-3.028719476917402,-2.4961408509963485,0.8355252825089647,-0.1071358924429066,3.933548224370167,-0.4463564359981862,1.905561247710163
70.0,207.0,137.8173065185547,-2.1275901724240587,2.681242677054823,-4.924917493193287,-3.030922863189696,-2.4999339750487164,0.8421361691131704,-0.1002583925897743,3.9662315595948456,-0.444361239072035,1.3225336627976334
70.0,207.0,137.83448791503906,-2.1185114864137367,2.681190654795949,-4.920397552328796,-3.027868897199576,-2.498865657409995,0.8437030734803385,-0.0998827367955701,3.967616071972943,-0.4475367063268248,1.3239153918352513
70.0,207.0,138.8641815185547,-2.1259774252504795,2.6866481315764528,-4.913307029636322,-3.0381702401753325,-2.4989775821221256,0.8432470652243931,-0.5392681935863943,3.9620245058773502,-0.4471463961654572,1.3239367052505442
70.0,207.0,137.81985473632812,-2.127596216469379,2.682333382264904,-4.921650331642164,-3.032614584228958,-2.4973787577871427,0.8440753688181151,-0.1006959899596506,3.965717501922789,-0.4457134557394261,1.3232025068724664
70.0,207.0,153.1660919189453,-2.121447798556532,1.8336876551817392,-4.9380753146679925,-3.094233202647145,-3.0649950223856144,0.8354321701101891,-1.021508757068139,3.955010029302585,-0.4447028575291981,0.7080551592072115
70.0,207.0,139.02899169921875,-2.116680644044904,1.7765322336896483,-4.92446911086017,-3.03451167358634,-2.4973989430045243,0.8426549891252214,-0.1020728079898156,3.951844479960629,-0.4475878626756762,1.324240196570777
70.0,207.0,144.48789978027344,-2.141046964113209,1.771880474365917,-4.911381224157521,-3.040130457582591,-2.517262630056656,0.8055665997807893,-1.0369607176572375,3.977882256769657,-0.4549739669163189,1.3219810566530266
70.0,207.0,137.84840393066406,-2.1239103887682105,2.681252128267132,-4.923940388341969,-3.0310010222910537,-2.4951609502642254,0.844327655441377,-0.1004091003207315,3.963921840004308,-0.4487397127697033,1.3240604623803909
70.0,207.0,150.5499267578125,-2.11968739608623,1.755035030369485,-4.927208819748874,-3.0244678618957064,-2.0218319945465275,0.8106048132035997,-1.0135414794231097,3.9867357123238514,-0.4552261932641993,1.349251448476138
70.0,207.0,140.0598907470703,-2.164817701741923,1.7858384313759987,-4.90336352167247,-3.066864914042139,-2.50056923429754,0.8434342846863904,-0.1148784521738972,3.965952049389358,-0.4458007797378894,1.3229520004973705
70.0,207.0,137.9683380126953,-2.1123311443064567,2.673141763197344,-4.925924928511091,-3.0292191838889706,-2.4991628637840084,0.8423424189733423,-0.0981235237540937,3.9692324267013457,-0.4474982058519143,1.3226134271878087
70.0,207.0,137.81642150878906,-2.1281000021872223,2.6807667653307434,-4.919252336013385,-3.0271771356460007,-2.499487481908939,0.8418452474154398,-0.1008066668226346,3.965700937898565,-0.4442308684745134,1.3239051677896634
70.0,207.0,137.8474578857422,-2.131330386113813,2.682430583574172,-4.924970167174063,-3.027795555782357,-2.5039131930016385,0.8435864271389409,-0.0990846757006214,3.966713890843166,-0.4446025239090542,1.3235866606320048
70.0,207.0,140.52117919921875,-2.1272497769988306,1.774468940747441,-4.918171862643308,-3.039466282870276,-2.4890347571925453,0.8476899259151214,-0.521753245229758,3.96549093137469,-0.4572526271482879,1.3258236409937911
70.0,207.0,146.584716796875,-2.103115268970947,1.7773525520170366,-4.8991595252982325,-3.0347150506673737,-2.5711874065489764,0.8116258795517473,-1.035978714195854,3.971544582710554,-0.4467989748149475,1.6285298446205214
70.0,207.0,139.49063110351562,-2.127036784137281,2.6864341888011003,-4.922580773522917,-3.0061126931140665,-1.94209301285814,0.8409841124852037,-0.5625834980067171,3.962763002701845,-0.4500653814960387,1.3055394714877115
70.0,207.0,137.81744384765625,-2.1277224404567705,2.681837911661119,-4.924157043995317,-3.031281385129762,-2.4981128105050505,0.8438584129104354,-0.1007129788384623,3.964888576576502,-0.4454803480719521,1.3232394589601535
70.0,207.0,137.89271545410156,-2.133136279799639,2.675083703756798,-4.91675819206676,-3.02840074751398,-2.498910779238432,0.8416381310369287,-0.1060252198162117,3.9667556215440674,-0.444763304643441,1.3224403543266536
70.0,207.0,155.14508056640625,-2.144416528898283,1.7532622941419214,-4.910340166670732,-3.045212005694971,-1.9538792327145715,0.8337103093690844,-1.0439633387742353,3.904955445319976,-0.4075869564763927,0.7623833671535221
70.0,207.0,139.50372314453125,-2.122636484933675,3.5704206891638446,-4.928787274341943,-3.037851658567845,-2.525937593544493,0.8439742794215084,-0.1063149013750094,3.952908931022901,-0.4465054973198427,1.3217229165978648
70.0,207.0,137.82479858398438,-2.1314714381202644,2.681429154031218,-4.921386505956704,-3.029504563300337,-2.49596316527723,0.8442094173299081,-0.1004885165764391,3.96594904190653,-0.4438712485360466,1.3233552310063283
70.0,207.0,157.8895721435547,-2.151116586352581,1.7765067177928218,-4.954217446239854,-3.688038395004858,-2.586077377730949,0.8144731752930827,-0.6122097261475492,3.624379146848815,-0.454328507982406,0.9702287003031408
70.0,207.0,160.38934326171875,-2.1239526524329047,1.7532778008160277,-4.793683137872873,-2.992665936417859,-3.0883299703921034,0.7444479414625762,-1.0498487622640318,3.959048847339001,-0.7967959506285662,0.7170082799296202
70.0,207.0,137.95419311523438,-2.127510486587058,2.6664213177803657,-4.925946181719729,-3.030718126183132,-2.502510773607647,0.8407793874387863,-0.1007815620198274,3.966536784186372,-0.4492824282483114,1.3246605835724932
70.0,207.0,155.30633544921875,-2.110355142561264,1.7355664246072802,-4.897661520156259,-3.0945963635771343,-3.0647722813398968,0.8256285834289196,-1.0204516952792135,4.389633871132414,-0.4667985076585941,0.7287559592886229
70.0,207.0,158.0673828125,-2.13478528945232,1.8441109636686763,-4.929363763692761,-3.1294766675918138,-3.0546509867568057,1.330469986782295,-1.0107985278553162,3.543151829295136,-0.4498499097984712,0.7093224768745058
70.0,207.0,151.25607299804688,-2.172037136009037,1.7295055121999343,-4.886813252907739,-3.044272093932116,-2.527211347557737,0.8736419156014977,-1.0803740810791176,4.326682419773425,-0.4568381444550614,1.020613823807618
70.0,207.0,165.35855102539062,-2.0411344005614884,1.8033887960812784,-4.990096883276585,-3.0271535952284765,-1.9850275875294443,0.7502007915430735,-1.0075749577924853,3.0752222344234887,-0.4467256416415724,1.0584411608503208
70.0,207.0,165.263427734375,-2.025108824505472,1.819420873531608,-4.880777358367313,-3.048511178555349,-3.076473591889685,0.724041054625411,-1.045823708623605,4.79798916193166,-0.408550783489008,0.6991762171530035
70.0,207.0,137.85211181640625,-2.111016324943465,2.6829376391799777,-4.925194192230752,-3.028328275344476,-2.495973818294796,0.8479229908556873,-0.1019179969836143,3.9654428328869216,-0.4453352147915472,1.3232137455698685
70.0,207.0,160.2692413330078,-1.055922459328694,1.7735920722761906,-4.937958133848109,-1.695201673496223,-3.064020344723154,0.8372423768827528,-1.0608401158966236,4.429729571994304,-0.4561175576200931,0.7202760905369371
70.0,208.0,157.60691833496094,-2.1221509371431435,1.8392303061078088,-4.902514539010984,-3.0864103908050646,-3.0538475418464337,0.8517324402109121,-1.0171489627324086,3.092931355225164,-0.4559853455206131,0.9824460715350812
70.0,208.0,161.15728759765625,-1.9534206856324816,1.7536378394229737,-4.890109816254475,-3.0956079319477503,-3.0662115030366284,0.8279698431872164,-1.019189610828445,4.304919778195342,-0.4515226464921155,0.7024576952550962
70.0,208.0,137.86192321777344,-2.117800296695536,2.675060293822595,-4.922290025193135,-3.027935279981284,-2.5040521871909243,0.8478738732967751,-0.099897556218255,3.966110916736105,-0.4461138680384,1.3219547282552515
70.0,208.0,138.25323486328125,-2.121313722505504,2.6874706949546936,-4.943722711137914,-3.0278559771258022,-2.502025562363525,0.8442795470184202,-0.1133575063644408,3.958318669535904,-0.443191400092178,1.3218201274065149
70.0,208.0,137.83258056640625,-2.124856280890898,2.681021894019914,-4.925520206106904,-3.029977511857492,-2.5007744847664046,0.8406489790872388,-0.1006435646632926,3.964515624790191,-0.4443647059518639,1.326274228820425
70.0,208.0,150.95826721191406,-2.1262525097823337,1.7737189882144293,-4.926724315985826,-3.0259742329384216,-2.437463469842107,1.4099652745982325,-1.0262765149084487,3.9233814230264574,-0.4512474950726279,1.609887845109697
70.0,208.0,156.08035278320312,-2.1580996450789263,1.728328627406782,-4.879695436337815,-3.0850529772078543,-3.06587044186364,0.8359929899162684,-1.015638048938622,3.5437633377229565,-0.4462973345896071,0.7233871726910266
70.0,208.0,145.83074951171875,-2.1182021524849444,1.8078905911135548,-4.935700425047287,-2.9794937688851824,-2.4827301949732017,0.8507230196630945,-1.052661683502819,3.970937820545013,-0.4537632926829645,1.6362450208066313
70.0,208.0,139.23602294921875,-2.124386965066761,2.716316093722829,-4.917433618061569,-3.045723931389169,-2.4932869589555344,0.8422125785906374,-0.5433452579127146,3.964741335102909,-0.4451178811796737,1.3247974284651758
70.0,208.0,138.03305053710938,-2.1205069559217664,2.69115536595646,-4.921184751603566,-3.0398215840638576,-2.491297563499461,0.8519863967113047,-0.099128255152948,3.963128997681389,-0.4515592211035018,1.3237929271468607
70.0,208.0,137.81752014160156,-2.1258420236701148,2.677902479434571,-4.918157576297594,-3.030944737741428,-2.501016481837457,0.8439181226481252,-0.10040341035796,3.962891179566743,-0.4438419959793073,1.3227836971633824
70.0,208.0,138.12118530273438,-2.127665238823484,2.674375932883586,-4.925135263939686,-3.019985702232036,-2.505489507648343,0.8533682713255277,-0.1091619382877444,3.9589235079389655,-0.4459724986036327,1.325729792671536
70.0,208.0,138.04507446289062,-2.1300086785032173,2.680708384903912,-4.923266398750811,-3.031856876070159,-2.501412713140941,0.8374638623983394,-0.1115453826087529,3.965754575580639,-0.4438036823650985,1.3178355366742418
70.0,208.0,140.24879455566406,-2.159870733938664,2.731115036631711,-4.9260037736587945,-3.026109420242876,-2.4969789903477126,0.8477610668538871,-0.1324560854486751,3.968281489788039,-0.4577944531271202,1.3256317406561045
70.0,208.0,177.90628051757812,-0.9480992037287066,1.6698462529856726,-4.92126265432442,-3.066282443454009,-3.048841576344093,1.9184003846581128,-1.029547548154336,4.407033002134062,-0.5675828178794807,0.7291447687456702
70.0,208.0,137.84786987304688,-2.1164356176265366,2.68647548476844,-4.918453628375961,-3.028278821911964,-2.499912996330844,0.842639580787254,-0.0998922048236414,3.967844303480267,-0.4432695340415124,1.3234868733948362
70.0,208.0,140.55001831054688,-2.122329315786468,1.802061285371577,-4.931716526883416,-3.0283693764857564,-2.486060058575672,0.8457611210177214,-0.5347108318649818,3.980144941527816,-0.4523532917964609,1.322373004556118
70.0,208.0,142.99522399902344,-2.123885695476875,1.7743101878719294,-4.91198230761888,-3.038744494237296,-2.4827602600683742,0.8460097373858783,-0.1610368484816937,3.9410607732845686,-0.4440028236741681,1.323951171818618
70.0,208.0,146.2761688232422,-2.133225175979208,3.462281879243472,-4.921855251414705,-3.028719476917402,-2.4961408509963485,0.8355252825089647,-0.1071358924429066,3.933548224370167,-0.4463564359981862,1.905561247710163
70.0,208.0,137.8173065185547,-2.1275901724240587,2.681242677054823,-4.924917493193287,-3.030922863189696,-2.4999339750487164,0.8421361691131704,-0.1002583925897743,3.9662315595948456,-0.444361239072035,1.3225336627976334
70.0,208.0,137.83448791503906,-2.1185114864137367,2.681190654795949,-4.920397552328796,-3.027868897199576,-2.498865657409995,0.8437030734803385,-0.0998827367955701,3.967616071972943,-0.4475367063268248,1.3239153918352513
70.0,208.0,138.8641815185547,-2.1259774252504795,2.6866481315764528,-4.913307029636322,-3.0381702401753325,-2.4989775821221256,0.8432470652243931,-0.5392681935863943,3.9620245058773502,-0.4471463961654572,1.3239367052505442
70.0,208.0,137.81985473632812,-2.127596216469379,2.682333382264904,-4.921650331642164,-3.032614584228958,-2.4973787577871427,0.8440753688181151,-0.1006959899596506,3.965717501922789,-0.4457134557394261,1.3232025068724664
70.0,208.0,153.1660919189453,-2.121447798556532,1.8336876551817392,-4.9380753146679925,-3.094233202647145,-3.0649950223856144,0.8354321701101891,-1.021508757068139,3.955010029302585,-0.4447028575291981,0.7080551592072115
70.0,208.0,139.02899169921875,-2.116680644044904,1.7765322336896483,-4.92446911086017,-3.03451167358634,-2.4973989430045243,0.8426549891252214,-0.1020728079898156,3.951844479960629,-0.4475878626756762,1.324240196570777
70.0,208.0,144.48789978027344,-2.141046964113209,1.771880474365917,-4.911381224157521,-3.040130457582591,-2.517262630056656,0.8055665997807893,-1.0369607176572375,3.977882256769657,-0.4549739669163189,1.3219810566530266
70.0,208.0,137.84840393066406,-2.1239103887682105,2.681252128267132,-4.923940388341969,-3.0310010222910537,-2.4951609502642254,0.844327655441377,-0.1004091003207315,3.963921840004308,-0.4487397127697033,1.3240604623803909
70.0,208.0,150.5499267578125,-2.11968739608623,1.755035030369485,-4.927208819748874,-3.0244678618957064,-2.0218319945465275,0.8106048132035997,-1.0135414794231097,3.9867357123238514,-0.4552261932641993,1.349251448476138
70.0,208.0,140.0598907470703,-2.164817701741923,1.7858384313759987,-4.90336352167247,-3.066864914042139,-2.50056923429754,0.8434342846863904,-0.1148784521738972,3.965952049389358,-0.4458007797378894,1.3229520004973705
70.0,208.0,137.9683380126953,-2.1123311443064567,2.673141763197344,-4.925924928511091,-3.0292191838889706,-2.4991628637840084,0.8423424189733423,-0.0981235237540937,3.9692324267013457,-0.4474982058519143,1.3226134271878087
70.0,208.0,137.81642150878906,-2.1281000021872223,2.6807667653307434,-4.919252336013385,-3.0271771356460007,-2.499487481908939,0.8418452474154398,-0.1008066668226346,3.965700937898565,-0.4442308684745134,1.3239051677896634
70.0,208.0,137.8474578857422,-2.131330386113813,2.682430583574172,-4.924970167174063,-3.027795555782357,-2.5039131930016385,0.8435864271389409,-0.0990846757006214,3.966713890843166,-0.4446025239090542,1.3235866606320048
70.0,208.0,140.52117919921875,-2.1272497769988306,1.774468940747441,-4.918171862643308,-3.039466282870276,-2.4890347571925453,0.8476899259151214,-0.521753245229758,3.96549093137469,-0.4572526271482879,1.3258236409937911
70.0,208.0,146.584716796875,-2.103115268970947,1.7773525520170366,-4.8991595252982325,-3.0347150506673737,-2.5711874065489764,0.8116258795517473,-1.035978714195854,3.971544582710554,-0.4467989748149475,1.6285298446205214
70.0,208.0,139.49063110351562,-2.127036784137281,2.6864341888011003,-4.922580773522917,-3.0061126931140665,-1.94209301285814,0.8409841124852037,-0.5625834980067171,3.962763002701845,-0.4500653814960387,1.3055394714877115
70.0,208.0,137.81744384765625,-2.1277224404567705,2.681837911661119,-4.924157043995317,-3.031281385129762,-2.4981128105050505,0.8438584129104354,-0.1007129788384623,3.964888576576502,-0.4454803480719521,1.3232394589601535
70.0,208.0,137.87655639648438,-2.1297426054583872,2.673887941166792,-4.913177690923334,-3.025616800988624,-2.499644100463834,0.8416124299008388,-0.1025596355471105,3.966543803127283,-0.4440092456337154,1.3252858520827868
70.0,208.0,155.14508056640625,-2.144416528898283,1.7532622941419214,-4.910340166670732,-3.045212005694971,-1.9538792327145715,0.8337103093690844,-1.0439633387742353,3.904955445319976,-0.4075869564763927,0.7623833671535221
70.0,208.0,139.50372314453125,-2.122636484933675,3.5704206891638446,-4.928787274341943,-3.037851658567845,-2.525937593544493,0.8439742794215084,-0.1063149013750094,3.952908931022901,-0.4465054973198427,1.3217229165978648
70.0,208.0,137.82479858398438,-2.1314714381202644,2.681429154031218,-4.921386505956704,-3.029504563300337,-2.49596316527723,0.8442094173299081,-0.1004885165764391,3.96594904190653,-0.4438712485360466,1.3233552310063283
70.0,208.0,157.8895721435547,-2.151116586352581,1.7765067177928218,-4.954217446239854,-3.688038395004858,-2.586077377730949,0.8144731752930827,-0.6122097261475492,3.624379146848815,-0.454328507982406,0.9702287003031408
70.0,208.0,160.38934326171875,-2.1239526524329047,1.7532778008160277,-4.793683137872873,-2.992665936417859,-3.0883299703921034,0.7444479414625762,-1.0498487622640318,3.959048847339001,-0.7967959506285662,0.7170082799296202
70.0,208.0,137.95419311523438,-2.127510486587058,2.6664213177803657,-4.925946181719729,-3.030718126183132,-2.502510773607647,0.8407793874387863,-0.1007815620198274,3.966536784186372,-0.4492824282483114,1.3246605835724932
70.0,208.0,155.30633544921875,-2.110355142561264,1.7355664246072802,-4.897661520156259,-3.0945963635771343,-3.0647722813398968,0.8256285834289196,-1.0204516952792135,4.389633871132414,-0.4667985076585941,0.7287559592886229
70.0,208.0,158.0673828125,-2.13478528945232,1.8441109636686763,-4.929363763692761,-3.1294766675918138,-3.0546509867568057,1.330469986782295,-1.0107985278553162,3.543151829295136,-0.4498499097984712,0.7093224768745058
70.0,208.0,151.25607299804688,-2.172037136009037,1.7295055121999343,-4.886813252907739,-3.044272093932116,-2.527211347557737,0.8736419156014977,-1.0803740810791176,4.326682419773425,-0.4568381444550614,1.020613823807618
70.0,208.0,165.35855102539062,-2.0411344005614884,1.8033887960812784,-4.990096883276585,-3.0271535952284765,-1.9850275875294443,0.7502007915430735,-1.0075749577924853,3.0752222344234887,-0.4467256416415724,1.0584411608503208
70.0,208.0,165.263427734375,-2.025108824505472,1.819420873531608,-4.880777358367313,-3.048511178555349,-3.076473591889685,0.724041054625411,-1.045823708623605,4.79798916193166,-0.408550783489008,0.6991762171530035
70.0,208.0,137.85211181640625,-2.111016324943465,2.6829376391799777,-4.925194192230752,-3.028328275344476,-2.495973818294796,0.8479229908556873,-0.1019179969836143,3.9654428328869216,-0.4453352147915472,1.3232137455698685
70.0,208.0,160.2692413330078,-1.055922459328694,1.7735920722761906,-4.937958133848109,-1.695201673496223,-3.064020344723154,0.8372423768827528,-1.0608401158966236,4.429729571994304,-0.4561175576200931,0.7202760905369371
70.0,209.0,157.60691833496094,-2.1221509371431435,1.8392303061078088,-4.902514539010984,-3.0864103908050646,-3.0538475418464337,0.8517324402109121,-1.0171489627324086,3.092931355225164,-0.4559853455206131,0.9824460715350812
70.0,209.0,161.15728759765625,-1.9534206856324816,1.7536378394229737,-4.890109816254475,-3.0956079319477503,-3.0662115030366284,0.8279698431872164,-1.019189610828445,4.304919778195342,-0.4515226464921155,0.7024576952550962
70.0,209.0,137.86192321777344,-2.117800296695536,2.675060293822595,-4.922290025193135,-3.027935279981284,-2.5040521871909243,0.8478738732967751,-0.099897556218255,3.966110916736105,-0.4461138680384,1.3219547282552515
70.0,209.0,137.90806579589844,-2.125227819367544,2.688692053781676,-4.93550242471018,-3.026154147784045,-2.497943065442179,0.8448556145477325,-0.1042085336335539,3.9659099689994384,-0.4446132253598062,1.3245755030408113
70.0,209.0,137.83258056640625,-2.124856280890898,2.681021894019914,-4.925520206106904,-3.029977511857492,-2.5007744847664046,0.8406489790872388,-0.1006435646632926,3.964515624790191,-0.4443647059518639,1.326274228820425
70.0,209.0,150.95826721191406,-2.1262525097823337,1.7737189882144293,-4.926724315985826,-3.0259742329384216,-2.437463469842107,1.4099652745982325,-1.0262765149084487,3.9233814230264574,-0.4512474950726279,1.609887845109697
70.0,209.0,156.08035278320312,-2.1580996450789263,1.728328627406782,-4.879695436337815,-3.0850529772078543,-3.06587044186364,0.8359929899162684,-1.015638048938622,3.5437633377229565,-0.4462973345896071,0.7233871726910266
70.0,209.0,145.83074951171875,-2.1182021524849444,1.8078905911135548,-4.935700425047287,-2.9794937688851824,-2.4827301949732017,0.8507230196630945,-1.052661683502819,3.970937820545013,-0.4537632926829645,1.6362450208066313
70.0,209.0,139.23602294921875,-2.124386965066761,2.716316093722829,-4.917433618061569,-3.045723931389169,-2.4932869589555344,0.8422125785906374,-0.5433452579127146,3.964741335102909,-0.4451178811796737,1.3247974284651758
70.0,209.0,137.94061279296875,-2.1201737786848915,2.6844728592017515,-4.920950010166242,-3.0245020152415543,-2.5038139347702577,0.8509469165540751,-0.0989928507142733,3.967679212718207,-0.4493854862796682,1.3244161657790348
70.0,209.0,137.81752014160156,-2.1258420236701148,2.677902479434571,-4.918157576297594,-3.030944737741428,-2.501016481837457,0.8439181226481252,-0.10040341035796,3.962891179566743,-0.4438419959793073,1.3227836971633824
70.0,209.0,138.12118530273438,-2.127665238823484,2.674375932883586,-4.925135263939686,-3.019985702232036,-2.505489507648343,0.8533682713255277,-0.1091619382877444,3.9589235079389655,-0.4459724986036327,1.325729792671536
70.0,209.0,138.04507446289062,-2.1300086785032173,2.680708384903912,-4.923266398750811,-3.031856876070159,-2.501412713140941,0.8374638623983394,-0.1115453826087529,3.965754575580639,-0.4438036823650985,1.3178355366742418
70.0,209.0,140.24879455566406,-2.159870733938664,2.731115036631711,-4.9260037736587945,-3.026109420242876,-2.4969789903477126,0.8477610668538871,-0.1324560854486751,3.968281489788039,-0.4577944531271202,1.3256317406561045
70.0,209.0,177.90628051757812,-0.9480992037287066,1.6698462529856726,-4.92126265432442,-3.066282443454009,-3.048841576344093,1.9184003846581128,-1.029547548154336,4.407033002134062,-0.5675828178794807,0.7291447687456702
70.0,209.0,137.82069396972656,-2.125302849782451,2.686442873494065,-4.921449807760831,-3.03324745579171,-2.4991443506592765,0.8425821925933515,-0.1003467246855283,3.966578924460738,-0.4445055761958668,1.324269949095121
70.0,209.0,140.55001831054688,-2.122329315786468,1.802061285371577,-4.931716526883416,-3.0283693764857564,-2.486060058575672,0.8457611210177214,-0.5347108318649818,3.980144941527816,-0.4523532917964609,1.322373004556118
70.0,209.0,142.99522399902344,-2.123885695476875,1.7743101878719294,-4.91198230761888,-3.038744494237296,-2.4827602600683742,0.8460097373858783,-0.1610368484816937,3.9410607732845686,-0.4440028236741681,1.323951171818618
70.0,209.0,146.2761688232422,-2.133225175979208,3.462281879243472,-4.921855251414705,-3.028719476917402,-2.4961408509963485,0.8355252825089647,-0.1071358924429066,3.933548224370167,-0.4463564359981862,1.905561247710163
70.0,209.0,137.8173065185547,-2.1275901724240587,2.681242677054823,-4.924917493193287,-3.030922863189696,-2.4999339750487164,0.8421361691131704,-0.1002583925897743,3.9662315595948456,-0.444361239072035,1.3225336627976334
70.0,209.0,137.83448791503906,-2.1185114864137367,2.681190654795949,-4.920397552328796,-3.027868897199576,-2.498865657409995,0.8437030734803385,-0.0998827367955701,3.967616071972943,-0.4475367063268248,1.3239153918352513
70.0,209.0,138.8641815185547,-2.1259774252504795,2.6866481315764528,-4.913307029636322,-3.0381702401753325,-2.4989775821221256,0.8432470652243931,-0.5392681935863943,3.9620245058773502,-0.4471463961654572,1.3239367052505442
70.0,209.0,137.81985473632812,-2.127596216469379,2.682333382264904,-4.921650331642164,-3.032614584228958,-2.4973787577871427,0.8440753688181151,-0.1006959899596506,3.965717501922789,-0.4457134557394261,1.3232025068724664
70.0,209.0,153.1660919189453,-2.121447798556532,1.8336876551817392,-4.9380753146679925,-3.094233202647145,-3.0649950223856144,0.8354321701101891,-1.021508757068139,3.955010029302585,-0.4447028575291981,0.7080551592072115
70.0,209.0,139.02899169921875,-2.116680644044904,1.7765322336896483,-4.92446911086017,-3.03451167358634,-2.4973989430045243,0.8426549891252214,-0.1020728079898156,3.951844479960629,-0.4475878626756762,1.324240196570777
70.0,209.0,144.48789978027344,-2.141046964113209,1.771880474365917,-4.911381224157521,-3.040130457582591,-2.517262630056656,0.8055665997807893,-1.0369607176572375,3.977882256769657,-0.4549739669163189,1.3219810566530266
70.0,209.0,137.83628845214844,-2.12529714290652,2.681292734158553,-4.926472732537879,-3.036177973903256,-2.498850633483283,0.8421165951632944,-0.1004552194805849,3.962825729920284,-0.4453884520437717,1.323768080070053
70.0,209.0,150.5499267578125,-2.11968739608623,1.755035030369485,-4.927208819748874,-3.0244678618957064,-2.0218319945465275,0.8106048132035997,-1.0135414794231097,3.9867357123238514,-0.4552261932641993,1.349251448476138
70.0,209.0,140.0598907470703,-2.164817701741923,1.7858384313759987,-4.90336352167247,-3.066864914042139,-2.50056923429754,0.8434342846863904,-0.1148784521738972,3.965952049389358,-0.4458007797378894,1.3229520004973705
70.0,209.0,137.93931579589844,-2.119790403526273,2.680289762957374,-4.921983923844458,-3.0272035463983205,-2.49659845420772,0.8421138534264567,-0.1022085340663147,3.964432971103954,-0.4533863692170046,1.3238246597220968
70.0,209.0,137.81642150878906,-2.1281000021872223,2.6807667653307434,-4.919252336013385,-3.0271771356460007,-2.499487481908939,0.8418452474154398,-0.1008066668226346,3.965700937898565,-0.4442308684745134,1.3239051677896634
70.0,209.0,137.8474578857422,-2.131330386113813,2.682430583574172,-4.924970167174063,-3.027795555782357,-2.5039131930016385,0.8435864271389409,-0.0990846757006214,3.966713890843166,-0.4446025239090542,1.3235866606320048
70.0,209.0,140.52117919921875,-2.1272497769988306,1.774468940747441,-4.918171862643308,-3.039466282870276,-2.4890347571925453,0.8476899259151214,-0.521753245229758,3.96549093137469,-0.4572526271482879,1.3258236409937911
70.0,209.0,145.3743896484375,-2.055715787756611,3.5459383446779773,-4.926743274509718,-3.033548482115602,-2.496961460418813,0.8144829614976842,-0.053820621728324,3.954244038928831,-0.4430671415972534,1.6597223734601851
70.0,209.0,139.49063110351562,-2.127036784137281,2.6864341888011003,-4.922580773522917,-3.0061126931140665,-1.94209301285814,0.8409841124852037,-0.5625834980067171,3.962763002701845,-0.4500653814960387,1.3055394714877115
70.0,209.0,137.81744384765625,-2.1277224404567705,2.681837911661119,-4.924157043995317,-3.031281385129762,-2.4981128105050505,0.8438584129104354,-0.1007129788384623,3.964888576576502,-0.4454803480719521,1.3232394589601535
70.0,209.0,137.85324096679688,-2.1258717828989195,2.687491346535268,-4.913866246895141,-3.024672862555976,-2.499867058818171,0.842082725196558,-0.0986187902031044,3.966147902978808,-0.4441005422369084,1.324505337708063
70.0,209.0,155.14508056640625,-2.144416528898283,1.7532622941419214,-4.910340166670732,-3.045212005694971,-1.9538792327145715,0.8337103093690844,-1.0439633387742353,3.904955445319976,-0.4075869564763927,0.7623833671535221
70.0,209.0,139.50372314453125,-2.122636484933675,3.5704206891638446,-4.928787274341943,-3.037851658567845,-2.525937593544493,0.8439742794215084,-0.1063149013750094,3.952908931022901,-0.4465054973198427,1.3217229165978648
70.0,209.0,137.82479858398438,-2.1314714381202644,2.681429154031218,-4.921386505956704,-3.029504563300337,-2.49596316527723,0.8442094173299081,-0.1004885165764391,3.96594904190653,-0.4438712485360466,1.3233552310063283
70.0,209.0,157.8895721435547,-2.151116586352581,1.7765067177928218,-4.954217446239854,-3.688038395004858,-2.586077377730949,0.8144731752930827,-0.6122097261475492,3.624379146848815,-0.454328507982406,0.9702287003031408
70.0,209.0,160.38934326171875,-2.1239526524329047,1.7532778008160277,-4.793683137872873,-2.992665936417859,-3.0883299703921034,0.7444479414625762,-1.0498487622640318,3.959048847339001,-0.7967959506285662,0.7170082799296202
70.0,209.0,137.95419311523438,-2.127510486587058,2.6664213177803657,-4.925946181719729,-3.030718126183132,-2.502510773607647,0.8407793874387863,-0.1007815620198274,3.966536784186372,-0.4492824282483114,1.3246605835724932
70.0,209.0,155.30633544921875,-2.110355142561264,1.7355664246072802,-4.897661520156259,-3.0945963635771343,-3.0647722813398968,0.8256285834289196,-1.0204516952792135,4.389633871132414,-0.4667985076585941,0.7287559592886229
70.0,209.0,158.0673828125,-2.13478528945232,1.8441109636686763,-4.929363763692761,-3.1294766675918138,-3.0546509867568057,1.330469986782295,-1.0107985278553162,3.543151829295136,-0.4498499097984712,0.7093224768745058
70.0,209.0,151.25607299804688,-2.172037136009037,1.7295055121999343,-4.886813252907739,-3.044272093932116,-2.527211347557737,0.8736419156014977,-1.0803740810791176,4.326682419773425,-0.4568381444550614,1.020613823807618
70.0,209.0,165.35855102539062,-2.0411344005614884,1.8033887960812784,-4.990096883276585,-3.0271535952284765,-1.9850275875294443,0.7502007915430735,-1.0075749577924853,3.0752222344234887,-0.4467256416415724,1.0584411608503208
70.0,209.0,165.263427734375,-2.025108824505472,1.819420873531608,-4.880777358367313,-3.048511178555349,-3.076473591889685,0.724041054625411,-1.045823708623605,4.79798916193166,-0.408550783489008,0.6991762171530035
70.0,209.0,137.85211181640625,-2.111016324943465,2.6829376391799777,-4.925194192230752,-3.028328275344476,-2.495973818294796,0.8479229908556873,-0.1019179969836143,3.9654428328869216,-0.4453352147915472,1.3232137455698685
70.0,209.0,160.2692413330078,-1.055922459328694,1.7735920722761906,-4.937958133848109,-1.695201673496223,-3.064020344723154,0.8372423768827528,-1.0608401158966236,4.429729571994304,-0.4561175576200931,0.7202760905369371
70.0,210.0,157.60691833496094,-2.1221509371431435,1.8392303061078088,-4.902514539010984,-3.0864103908050646,-3.0538475418464337,0.8517324402109121,-1.0171489627324086,3.092931355225164,-0.4559853455206131,0.9824460715350812
70.0,210.0,161.15728759765625,-1.9534206856324816,1.7536378394229737,-4.890109816254475,-3.0956079319477503,-3.0662115030366284,0.8279698431872164,-1.019189610828445,4.304919778195342,-0.4515226464921155,0.7024576952550962
70.0,210.0,137.86192321777344,-2.117800296695536,2.675060293822595,-4.922290025193135,-3.027935279981284,-2.5040521871909243,0.8478738732967751,-0.099897556218255,3.966110916736105,-0.4461138680384,1.3219547282552515
70.0,210.0,137.89718627929688,-2.129504063540552,2.685246273217523,-4.93226875577002,-3.027768120588953,-2.501001573695466,0.8445666391376077,-0.103881275819829,3.9672208795427375,-0.4434547191570092,1.323399274233063
70.0,210.0,137.83258056640625,-2.124856280890898,2.681021894019914,-4.925520206106904,-3.029977511857492,-2.5007744847664046,0.8406489790872388,-0.1006435646632926,3.964515624790191,-0.4443647059518639,1.326274228820425
70.0,210.0,150.95826721191406,-2.1262525097823337,1.7737189882144293,-4.926724315985826,-3.0259742329384216,-2.437463469842107,1.4099652745982325,-1.0262765149084487,3.9233814230264574,-0.4512474950726279,1.609887845109697
70.0,210.0,156.08035278320312,-2.1580996450789263,1.728328627406782,-4.879695436337815,-3.0850529772078543,-3.06587044186364,0.8359929899162684,-1.015638048938622,3.5437633377229565,-0.4462973345896071,0.7233871726910266
70.0,210.0,145.83074951171875,-2.1182021524849444,1.8078905911135548,-4.935700425047287,-2.9794937688851824,-2.4827301949732017,0.8507230196630945,-1.052661683502819,3.970937820545013,-0.4537632926829645,1.6362450208066313
70.0,210.0,139.23602294921875,-2.124386965066761,2.716316093722829,-4.917433618061569,-3.045723931389169,-2.4932869589555344,0.8422125785906374,-0.5433452579127146,3.964741335102909,-0.4451178811796737,1.3247974284651758
70.0,210.0,137.88394165039062,-2.123231109583445,2.681761137965191,-4.923502229694019,-3.029274413634937,-2.50598316337386,0.8434831098812867,-0.1021009711377894,3.9657377051492126,-0.4491665711094364,1.323365282939068
70.0,210.0,137.81752014160156,-2.1258420236701148,2.677902479434571,-4.918157576297594,-3.030944737741428,-2.501016481837457,0.8439181226481252,-0.10040341035796,3.962891179566743,-0.4438419959793073,1.3227836971633824
70.0,210.0,138.12118530273438,-2.127665238823484,2.674375932883586,-4.925135263939686,-3.019985702232036,-2.505489507648343,0.8533682713255277,-0.1091619382877444,3.9589235079389655,-0.4459724986036327,1.325729792671536
70.0,210.0,138.04507446289062,-2.1300086785032173,2.680708384903912,-4.923266398750811,-3.031856876070159,-2.501412713140941,0.8374638623983394,-0.1115453826087529,3.965754575580639,-0.4438036823650985,1.3178355366742418
70.0,210.0,140.24879455566406,-2.159870733938664,2.731115036631711,-4.9260037736587945,-3.026109420242876,-2.4969789903477126,0.8477610668538871,-0.1324560854486751,3.968281489788039,-0.4577944531271202,1.3256317406561045
70.0,210.0,177.90628051757812,-0.9480992037287066,1.6698462529856726,-4.92126265432442,-3.066282443454009,-3.048841576344093,1.9184003846581128,-1.029547548154336,4.407033002134062,-0.5675828178794807,0.7291447687456702
70.0,210.0,137.8192901611328,-2.123363205693459,2.6798742634451904,-4.921691518142047,-3.023489793298315,-2.4990705280169543,0.8426383380898866,-0.100996484285,3.9656642838262055,-0.4445182247309041,1.3236738776554822
70.0,210.0,140.55001831054688,-2.122329315786468,1.802061285371577,-4.931716526883416,-3.0283693764857564,-2.486060058575672,0.8457611210177214,-0.5347108318649818,3.980144941527816,-0.4523532917964609,1.322373004556118
70.0,210.0,142.99522399902344,-2.123885695476875,1.7743101878719294,-4.91198230761888,-3.038744494237296,-2.4827602600683742,0.8460097373858783,-0.1610368484816937,3.9410607732845686,-0.4440028236741681,1.323951171818618
70.0,210.0,146.2761688232422,-2.133225175979208,3.462281879243472,-4.921855251414705,-3.028719476917402,-2.4961408509963485,0.8355252825089647,-0.1071358924429066,3.933548224370167,-0.4463564359981862,1.905561247710163
70.0,210.0,137.8173065185547,-2.1275901724240587,2.681242677054823,-4.924917493193287,-3.030922863189696,-2.4999339750487164,0.8421361691131704,-0.1002583925897743,3.9662315595948456,-0.444361239072035,1.3225336627976334
70.0,210.0,137.83448791503906,-2.1185114864137367,2.681190654795949,-4.920397552328796,-3.027868897199576,-2.498865657409995,0.8437030734803385,-0.0998827367955701,3.967616071972943,-0.4475367063268248,1.3239153918352513
70.0,210.0,137.90185546875,-2.123208482587378,2.681381833789675,-4.901664570795591,-3.033973112586292,-2.498950184738068,0.8409612847710842,-0.1024883203382251,3.964985449042335,-0.4436768751200105,1.3238238823365809
70.0,210.0,137.81985473632812,-2.127596216469379,2.682333382264904,-4.921650331642164,-3.032614584228958,-2.4973787577871427,0.8440753688181151,-0.1006959899596506,3.965717501922789,-0.4457134557394261,1.3232025068724664
70.0,210.0,153.1660919189453,-2.121447798556532,1.8336876551817392,-4.9380753146679925,-3.094233202647145,-3.0649950223856144,0.8354321701101891,-1.021508757068139,3.955010029302585,-0.4447028575291981,0.7080551592072115
70.0,210.0,139.02899169921875,-2.116680644044904,1.7765322336896483,-4.92446911086017,-3.03451167358634,-2.4973989430045243,0.8426549891252214,-0.1020728079898156,3.951844479960629,-0.4475878626756762,1.324240196570777
70.0,210.0,144.48789978027344,-2.141046964113209,1.771880474365917,-4.911381224157521,-3.040130457582591,-2.517262630056656,0.8055665997807893,-1.0369607176572375,3.977882256769657,-0.4549739669163189,1.3219810566530266
70.0,210.0,137.83628845214844,-2.12529714290652,2.681292734158553,-4.926472732537879,-3.036177973903256,-2.498850633483283,0.8421165951632944,-0.1004552194805849,3.962825729920284,-0.4453884520437717,1.323768080070053
70.0,210.0,150.5499267578125,-2.11968739608623,1.755035030369485,-4.927208819748874,-3.0244678618957064,-2.0218319945465275,0.8106048132035997,-1.0135414794231097,3.9867357123238514,-0.4552261932641993,1.349251448476138
70.0,210.0,140.0598907470703,-2.164817701741923,1.7858384313759987,-4.90336352167247,-3.066864914042139,-2.50056923429754,0.8434342846863904,-0.1148784521738972,3.965952049389358,-0.4458007797378894,1.3229520004973705
70.0,210.0,137.93931579589844,-2.119790403526273,2.680289762957374,-4.921983923844458,-3.0272035463983205,-2.49659845420772,0.8421138534264567,-0.1022085340663147,3.964432971103954,-0.4533863692170046,1.3238246597220968
70.0,210.0,137.81642150878906,-2.1281000021872223,2.6807667653307434,-4.919252336013385,-3.0271771356460007,-2.499487481908939,0.8418452474154398,-0.1008066668226346,3.965700937898565,-0.4442308684745134,1.3239051677896634
70.0,210.0,137.8474578857422,-2.131330386113813,2.682430583574172,-4.924970167174063,-3.027795555782357,-2.5039131930016385,0.8435864271389409,-0.0990846757006214,3.966713890843166,-0.4446025239090542,1.3235866606320048
70.0,210.0,140.52117919921875,-2.1272497769988306,1.774468940747441,-4.918171862643308,-3.039466282870276,-2.4890347571925453,0.8476899259151214,-0.521753245229758,3.96549093137469,-0.4572526271482879,1.3258236409937911
70.0,210.0,145.3743896484375,-2.055715787756611,3.5459383446779773,-4.926743274509718,-3.033548482115602,-2.496961460418813,0.8144829614976842,-0.053820621728324,3.954244038928831,-0.4430671415972534,1.6597223734601851
70.0,210.0,139.49063110351562,-2.127036784137281,2.6864341888011003,-4.922580773522917,-3.0061126931140665,-1.94209301285814,0.8409841124852037,-0.5625834980067171,3.962763002701845,-0.4500653814960387,1.3055394714877115
70.0,210.0,137.81744384765625,-2.1277224404567705,2.681837911661119,-4.924157043995317,-3.031281385129762,-2.4981128105050505,0.8438584129104354,-0.1007129788384623,3.964888576576502,-0.4454803480719521,1.3232394589601535
70.0,210.0,137.80738830566406,-2.124823656412992,2.685976061315521,-4.922415902586214,-3.0293809780473264,-2.49943301943963,0.8419689970643467,-0.1002958835263397,3.965724486233514,-0.444294678412925,1.3232536061695117
70.0,210.0,155.14508056640625,-2.144416528898283,1.7532622941419214,-4.910340166670732,-3.045212005694971,-1.9538792327145715,0.8337103093690844,-1.0439633387742353,3.904955445319976,-0.4075869564763927,0.7623833671535221
70.0,210.0,139.50372314453125,-2.122636484933675,3.5704206891638446,-4.928787274341943,-3.037851658567845,-2.525937593544493,0.8439742794215084,-0.1063149013750094,3.952908931022901,-0.4465054973198427,1.3217229165978648
70.0,210.0,137.82479858398438,-2.1314714381202644,2.681429154031218,-4.921386505956704,-3.029504563300337,-2.49596316527723,0.8442094173299081,-0.1004885165764391,3.96594904190653,-0.4438712485360466,1.3233552310063283
70.0,210.0,157.8895721435547,-2.151116586352581,1.7765067177928218,-4.954217446239854,-3.688038395004858,-2.586077377730949,0.8144731752930827,-0.6122097261475492,3.624379146848815,-0.454328507982406,0.9702287003031408
70.0,210.0,160.38934326171875,-2.1239526524329047,1.7532778008160277,-4.793683137872873,-2.992665936417859,-3.0883299703921034,0.7444479414625762,-1.0498487622640318,3.959048847339001,-0.7967959506285662,0.7170082799296202
70.0,210.0,137.95419311523438,-2.127510486587058,2.6664213177803657,-4.925946181719729,-3.030718126183132,-2.502510773607647,0.8407793874387863,-0.1007815620198274,3.966536784186372,-0.4492824282483114,1.3246605835724932
70.0,210.0,155.30633544921875,-2.110355142561264,1.7355664246072802,-4.897661520156259,-3.0945963635771343,-3.0647722813398968,0.8256285834289196,-1.0204516952792135,4.389633871132414,-0.4667985076585941,0.7287559592886229
70.0,210.0,158.0673828125,-2.13478528945232,1.8441109636686763,-4.929363763692761,-3.1294766675918138,-3.0546509867568057,1.330469986782295,-1.0107985278553162,3.543151829295136,-0.4498499097984712,0.7093224768745058
70.0,210.0,151.25607299804688,-2.172037136009037,1.7295055121999343,-4.886813252907739,-3.044272093932116,-2.527211347557737,0.8736419156014977,-1.0803740810791176,4.326682419773425,-0.4568381444550614,1.020613823807618
70.0,210.0,165.35855102539062,-2.0411344005614884,1.8033887960812784,-4.990096883276585,-3.0271535952284765,-1.9850275875294443,0.7502007915430735,-1.0075749577924853,3.0752222344234887,-0.4467256416415724,1.0584411608503208
70.0,210.0,165.263427734375,-2.025108824505472,1.819420873531608,-4.880777358367313,-3.048511178555349,-3.076473591889685,0.724041054625411,-1.045823708623605,4.79798916193166,-0.408550783489008,0.6991762171530035
70.0,210.0,137.85211181640625,-2.111016324943465,2.6829376391799777,-4.925194192230752,-3.028328275344476,-2.495973818294796,0.8479229908556873,-0.1019179969836143,3.9654428328869216,-0.4453352147915472,1.3232137455698685
70.0,210.0,160.2692413330078,-1.055922459328694,1.7735920722761906,-4.937958133848109,-1.695201673496223,-3.064020344723154,0.8372423768827528,-1.0608401158966236,4.429729571994304,-0.4561175576200931,0.7202760905369371
70.0,211.0,157.60691833496094,-2.1221509371431435,1.8392303061078088,-4.902514539010984,-3.0864103908050646,-3.0538475418464337,0.8517324402109121,-1.0171489627324086,3.092931355225164,-0.4559853455206131,0.9824460715350812
70.0,211.0,161.15728759765625,-1.9534206856324816,1.7536378394229737,-4.890109816254475,-3.0956079319477503,-3.0662115030366284,0.8279698431872164,-1.019189610828445,4.304919778195342,-0.4515226464921155,0.7024576952550962
70.0,211.0,137.86192321777344,-2.117800296695536,2.675060293822595,-4.922290025193135,-3.027935279981284,-2.5040521871909243,0.8478738732967751,-0.099897556218255,3.966110916736105,-0.4461138680384,1.3219547282552515
70.0,211.0,137.82711791992188,-2.1289631024918374,2.684681998781161,-4.921786268944279,-3.031479487165446,-2.50170095964169,0.8398002621955034,-0.099117704993516,3.965828024769053,-0.4445514730170064,1.322790915646265
70.0,211.0,137.83258056640625,-2.124856280890898,2.681021894019914,-4.925520206106904,-3.029977511857492,-2.5007744847664046,0.8406489790872388,-0.1006435646632926,3.964515624790191,-0.4443647059518639,1.326274228820425
70.0,211.0,150.95826721191406,-2.1262525097823337,1.7737189882144293,-4.926724315985826,-3.0259742329384216,-2.437463469842107,1.4099652745982325,-1.0262765149084487,3.9233814230264574,-0.4512474950726279,1.609887845109697
70.0,211.0,156.08035278320312,-2.1580996450789263,1.728328627406782,-4.879695436337815,-3.0850529772078543,-3.06587044186364,0.8359929899162684,-1.015638048938622,3.5437633377229565,-0.4462973345896071,0.7233871726910266
70.0,211.0,145.83074951171875,-2.1182021524849444,1.8078905911135548,-4.935700425047287,-2.9794937688851824,-2.4827301949732017,0.8507230196630945,-1.052661683502819,3.970937820545013,-0.4537632926829645,1.6362450208066313
70.0,211.0,139.23602294921875,-2.124386965066761,2.716316093722829,-4.917433618061569,-3.045723931389169,-2.4932869589555344,0.8422125785906374,-0.5433452579127146,3.964741335102909,-0.4451178811796737,1.3247974284651758
70.0,211.0,137.88394165039062,-2.123231109583445,2.681761137965191,-4.923502229694019,-3.029274413634937,-2.50598316337386,0.8434831098812867,-0.1021009711377894,3.9657377051492126,-0.4491665711094364,1.323365282939068
70.0,211.0,137.81752014160156,-2.1258420236701148,2.677902479434571,-4.918157576297594,-3.030944737741428,-2.501016481837457,0.8439181226481252,-0.10040341035796,3.962891179566743,-0.4438419959793073,1.3227836971633824
70.0,211.0,138.12118530273438,-2.127665238823484,2.674375932883586,-4.925135263939686,-3.019985702232036,-2.505489507648343,0.8533682713255277,-0.1091619382877444,3.9589235079389655,-0.4459724986036327,1.325729792671536
70.0,211.0,138.04507446289062,-2.1300086785032173,2.680708384903912,-4.923266398750811,-3.031856876070159,-2.501412713140941,0.8374638623983394,-0.1115453826087529,3.965754575580639,-0.4438036823650985,1.3178355366742418
70.0,211.0,140.24879455566406,-2.159870733938664,2.731115036631711,-4.9260037736587945,-3.026109420242876,-2.4969789903477126,0.8477610668538871,-0.1324560854486751,3.968281489788039,-0.4577944531271202,1.3256317406561045
70.0,211.0,177.90628051757812,-0.9480992037287066,1.6698462529856726,-4.92126265432442,-3.066282443454009,-3.048841576344093,1.9184003846581128,-1.029547548154336,4.407033002134062,-0.5675828178794807,0.7291447687456702
70.0,211.0,137.8192901611328,-2.123363205693459,2.6798742634451904,-4.921691518142047,-3.023489793298315,-2.4990705280169543,0.8426383380898866,-0.100996484285,3.9656642838262055,-0.4445182247309041,1.3236738776554822
70.0,211.0,140.55001831054688,-2.122329315786468,1.802061285371577,-4.931716526883416,-3.0283693764857564,-2.486060058575672,0.8457611210177214,-0.5347108318649818,3.980144941527816,-0.4523532917964609,1.322373004556118
70.0,211.0,142.99522399902344,-2.123885695476875,1.7743101878719294,-4.91198230761888,-3.038744494237296,-2.4827602600683742,0.8460097373858783,-0.1610368484816937,3.9410607732845686,-0.4440028236741681,1.323951171818618
70.0,211.0,146.2761688232422,-2.133225175979208,3.462281879243472,-4.921855251414705,-3.028719476917402,-2.4961408509963485,0.8355252825089647,-0.1071358924429066,3.933548224370167,-0.4463564359981862,1.905561247710163
70.0,211.0,137.8173065185547,-2.1275901724240587,2.681242677054823,-4.924917493193287,-3.030922863189696,-2.4999339750487164,0.8421361691131704,-0.1002583925897743,3.9662315595948456,-0.444361239072035,1.3225336627976334
70.0,211.0,137.83448791503906,-2.1185114864137367,2.681190654795949,-4.920397552328796,-3.027868897199576,-2.498865657409995,0.8437030734803385,-0.0998827367955701,3.967616071972943,-0.4475367063268248,1.3239153918352513
70.0,211.0,137.90185546875,-2.123208482587378,2.681381833789675,-4.901664570795591,-3.033973112586292,-2.498950184738068,0.8409612847710842,-0.1024883203382251,3.964985449042335,-0.4436768751200105,1.3238238823365809
70.0,211.0,137.81985473632812,-2.127596216469379,2.682333382264904,-4.921650331642164,-3.032614584228958,-2.4973787577871427,0.8440753688181151,-0.1006959899596506,3.965717501922789,-0.4457134557394261,1.3232025068724664
70.0,211.0,153.1660919189453,-2.121447798556532,1.8336876551817392,-4.9380753146679925,-3.094233202647145,-3.0649950223856144,0.8354321701101891,-1.021508757068139,3.955010029302585,-0.4447028575291981,0.7080551592072115
70.0,211.0,139.02899169921875,-2.116680644044904,1.7765322336896483,-4.92446911086017,-3.03451167358634,-2.4973989430045243,0.8426549891252214,-0.1020728079898156,3.951844479960629,-0.4475878626756762,1.324240196570777
70.0,211.0,144.48789978027344,-2.141046964113209,1.771880474365917,-4.911381224157521,-3.040130457582591,-2.517262630056656,0.8055665997807893,-1.0369607176572375,3.977882256769657,-0.4549739669163189,1.3219810566530266
70.0,211.0,137.83628845214844,-2.12529714290652,2.681292734158553,-4.926472732537879,-3.036177973903256,-2.498850633483283,0.8421165951632944,-0.1004552194805849,3.962825729920284,-0.4453884520437717,1.323768080070053
70.0,211.0,150.5499267578125,-2.11968739608623,1.755035030369485,-4.927208819748874,-3.0244678618957064,-2.0218319945465275,0.8106048132035997,-1.0135414794231097,3.9867357123238514,-0.4552261932641993,1.349251448476138
70.0,211.0,140.0598907470703,-2.164817701741923,1.7858384313759987,-4.90336352167247,-3.066864914042139,-2.50056923429754,0.8434342846863904,-0.1148784521738972,3.965952049389358,-0.4458007797378894,1.3229520004973705
70.0,211.0,137.81439208984375,-2.1221045545761603,2.684901341712753,-4.923352344758549,-3.0284278703933,-2.5015736951342467,0.8413844609602693,-0.0988163641159081,3.965571854464297,-0.4445000913060603,1.3236941852536457
70.0,211.0,137.81642150878906,-2.1281000021872223,2.6807667653307434,-4.919252336013385,-3.0271771356460007,-2.499487481908939,0.8418452474154398,-0.1008066668226346,3.965700937898565,-0.4442308684745134,1.3239051677896634
70.0,211.0,137.8474578857422,-2.131330386113813,2.682430583574172,-4.924970167174063,-3.027795555782357,-2.5039131930016385,0.8435864271389409,-0.0990846757006214,3.966713890843166,-0.4446025239090542,1.3235866606320048
70.0,211.0,140.52117919921875,-2.1272497769988306,1.774468940747441,-4.918171862643308,-3.039466282870276,-2.4890347571925453,0.8476899259151214,-0.521753245229758,3.96549093137469,-0.4572526271482879,1.3258236409937911
70.0,211.0,145.3743896484375,-2.055715787756611,3.5459383446779773,-4.926743274509718,-3.033548482115602,-2.496961460418813,0.8144829614976842,-0.053820621728324,3.954244038928831,-0.4430671415972534,1.6597223734601851
70.0,211.0,139.49063110351562,-2.127036784137281,2.6864341888011003,-4.922580773522917,-3.0061126931140665,-1.94209301285814,0.8409841124852037,-0.5625834980067171,3.962763002701845,-0.4500653814960387,1.3055394714877115
70.0,211.0,137.81744384765625,-2.1277224404567705,2.681837911661119,-4.924157043995317,-3.031281385129762,-2.4981128105050505,0.8438584129104354,-0.1007129788384623,3.964888576576502,-0.4454803480719521,1.3232394589601535
70.0,211.0,137.80738830566406,-2.124823656412992,2.685976061315521,-4.922415902586214,-3.0293809780473264,-2.49943301943963,0.8419689970643467,-0.1002958835263397,3.965724486233514,-0.444294678412925,1.3232536061695117
70.0,211.0,155.14508056640625,-2.144416528898283,1.7532622941419214,-4.910340166670732,-3.045212005694971,-1.9538792327145715,0.8337103093690844,-1.0439633387742353,3.904955445319976,-0.4075869564763927,0.7623833671535221
70.0,211.0,139.50372314453125,-2.122636484933675,3.5704206891638446,-4.928787274341943,-3.037851658567845,-2.525937593544493,0.8439742794215084,-0.1063149013750094,3.952908931022901,-0.4465054973198427,1.3217229165978648
70.0,211.0,137.82479858398438,-2.1314714381202644,2.681429154031218,-4.921386505956704,-3.029504563300337,-2.49596316527723,0.8442094173299081,-0.1004885165764391,3.96594904190653,-0.4438712485360466,1.3233552310063283
70.0,211.0,157.8895721435547,-2.151116586352581,1.7765067177928218,-4.954217446239854,-3.688038395004858,-2.586077377730949,0.8144731752930827,-0.6122097261475492,3.624379146848815,-0.454328507982406,0.9702287003031408
70.0,211.0,160.38934326171875,-2.1239526524329047,1.7532778008160277,-4.793683137872873,-2.992665936417859,-3.0883299703921034,0.7444479414625762,-1.0498487622640318,3.959048847339001,-0.7967959506285662,0.7170082799296202
70.0,211.0,137.95419311523438,-2.127510486587058,2.6664213177803657,-4.925946181719729,-3.030718126183132,-2.502510773607647,0.8407793874387863,-0.1007815620198274,3.966536784186372,-0.4492824282483114,1.3246605835724932
70.0,211.0,155.30633544921875,-2.110355142561264,1.7355664246072802,-4.897661520156259,-3.0945963635771343,-3.0647722813398968,0.8256285834289196,-1.0204516952792135,4.389633871132414,-0.4667985076585941,0.7287559592886229
70.0,211.0,158.0673828125,-2.13478528945232,1.8441109636686763,-4.929363763692761,-3.1294766675918138,-3.0546509867568057,1.330469986782295,-1.0107985278553162,3.543151829295136,-0.4498499097984712,0.7093224768745058
70.0,211.0,151.25607299804688,-2.172037136009037,1.7295055121999343,-4.886813252907739,-3.044272093932116,-2.527211347557737,0.8736419156014977,-1.0803740810791176,4.326682419773425,-0.4568381444550614,1.020613823807618
70.0,211.0,165.35855102539062,-2.0411344005614884,1.8033887960812784,-4.990096883276585,-3.0271535952284765,-1.9850275875294443,0.7502007915430735,-1.0075749577924853,3.0752222344234887,-0.4467256416415724,1.0584411608503208
70.0,211.0,165.263427734375,-2.025108824505472,1.819420873531608,-4.880777358367313,-3.048511178555349,-3.076473591889685,0.724041054625411,-1.045823708623605,4.79798916193166,-0.408550783489008,0.6991762171530035
70.0,211.0,137.81533813476562,-2.124081687039049,2.684024898109017,-4.922706294854894,-3.028914930970598,-2.5026431938634093,0.8419578506023868,-0.1006779748765339,3.965848003497824,-0.4446472439372244,1.3231145439482004
70.0,211.0,160.2692413330078,-1.055922459328694,1.7735920722761906,-4.937958133848109,-1.695201673496223,-3.064020344723154,0.8372423768827528,-1.0608401158966236,4.429729571994304,-0.4561175576200931,0.7202760905369371
70.0,212.0,157.60691833496094,-2.1221509371431435,1.8392303061078088,-4.902514539010984,-3.0864103908050646,-3.0538475418464337,0.8517324402109121,-1.0171489627324086,3.092931355225164,-0.4559853455206131,0.9824460715350812
70.0,212.0,161.15728759765625,-1.9534206856324816,1.7536378394229737,-4.890109816254475,-3.0956079319477503,-3.0662115030366284,0.8279698431872164,-1.019189610828445,4.304919778195342,-0.4515226464921155,0.7024576952550962
70.0,212.0,137.86192321777344,-2.117800296695536,2.675060293822595,-4.922290025193135,-3.027935279981284,-2.5040521871909243,0.8478738732967751,-0.099897556218255,3.966110916736105,-0.4461138680384,1.3219547282552515
70.0,212.0,137.82711791992188,-2.1289631024918374,2.684681998781161,-4.921786268944279,-3.031479487165446,-2.50170095964169,0.8398002621955034,-0.099117704993516,3.965828024769053,-0.4445514730170064,1.322790915646265
70.0,212.0,137.82838439941406,-2.126228561418605,2.688063557708698,-4.921474836782737,-3.026092746477064,-2.499313343625041,0.838952182417584,-0.1003806428731905,3.964446729453448,-0.4441679280238822,1.3219473045937564
70.0,212.0,150.95826721191406,-2.1262525097823337,1.7737189882144293,-4.926724315985826,-3.0259742329384216,-2.437463469842107,1.4099652745982325,-1.0262765149084487,3.9233814230264574,-0.4512474950726279,1.609887845109697
70.0,212.0,156.08035278320312,-2.1580996450789263,1.728328627406782,-4.879695436337815,-3.0850529772078543,-3.06587044186364,0.8359929899162684,-1.015638048938622,3.5437633377229565,-0.4462973345896071,0.7233871726910266
70.0,212.0,145.83074951171875,-2.1182021524849444,1.8078905911135548,-4.935700425047287,-2.9794937688851824,-2.4827301949732017,0.8507230196630945,-1.052661683502819,3.970937820545013,-0.4537632926829645,1.6362450208066313
70.0,212.0,139.23602294921875,-2.124386965066761,2.716316093722829,-4.917433618061569,-3.045723931389169,-2.4932869589555344,0.8422125785906374,-0.5433452579127146,3.964741335102909,-0.4451178811796737,1.3247974284651758
70.0,212.0,137.88394165039062,-2.123231109583445,2.681761137965191,-4.923502229694019,-3.029274413634937,-2.50598316337386,0.8434831098812867,-0.1021009711377894,3.9657377051492126,-0.4491665711094364,1.323365282939068
70.0,212.0,137.81752014160156,-2.1258420236701148,2.677902479434571,-4.918157576297594,-3.030944737741428,-2.501016481837457,0.8439181226481252,-0.10040341035796,3.962891179566743,-0.4438419959793073,1.3227836971633824
70.0,212.0,138.12118530273438,-2.127665238823484,2.674375932883586,-4.925135263939686,-3.019985702232036,-2.505489507648343,0.8533682713255277,-0.1091619382877444,3.9589235079389655,-0.4459724986036327,1.325729792671536
70.0,212.0,137.88987731933594,-2.126449971255131,2.683029141749252,-4.917179043599508,-3.030910972398294,-2.5021064520300014,0.837755276577524,-0.1063720921448636,3.966054890487524,-0.4447012612819539,1.3208536685398713
70.0,212.0,140.24879455566406,-2.159870733938664,2.731115036631711,-4.9260037736587945,-3.026109420242876,-2.4969789903477126,0.8477610668538871,-0.1324560854486751,3.968281489788039,-0.4577944531271202,1.3256317406561045
70.0,212.0,177.90628051757812,-0.9480992037287066,1.6698462529856726,-4.92126265432442,-3.066282443454009,-3.048841576344093,1.9184003846581128,-1.029547548154336,4.407033002134062,-0.5675828178794807,0.7291447687456702
70.0,212.0,137.8192901611328,-2.123363205693459,2.6798742634451904,-4.921691518142047,-3.023489793298315,-2.4990705280169543,0.8426383380898866,-0.100996484285,3.9656642838262055,-0.4445182247309041,1.3236738776554822
70.0,212.0,140.55001831054688,-2.122329315786468,1.802061285371577,-4.931716526883416,-3.0283693764857564,-2.486060058575672,0.8457611210177214,-0.5347108318649818,3.980144941527816,-0.4523532917964609,1.322373004556118
70.0,212.0,142.99522399902344,-2.123885695476875,1.7743101878719294,-4.91198230761888,-3.038744494237296,-2.4827602600683742,0.8460097373858783,-0.1610368484816937,3.9410607732845686,-0.4440028236741681,1.323951171818618
70.0,212.0,146.2761688232422,-2.133225175979208,3.462281879243472,-4.921855251414705,-3.028719476917402,-2.4961408509963485,0.8355252825089647,-0.1071358924429066,3.933548224370167,-0.4463564359981862,1.905561247710163
70.0,212.0,137.8173065185547,-2.1275901724240587,2.681242677054823,-4.924917493193287,-3.030922863189696,-2.4999339750487164,0.8421361691131704,-0.1002583925897743,3.9662315595948456,-0.444361239072035,1.3225336627976334
70.0,212.0,137.83448791503906,-2.1185114864137367,2.681190654795949,-4.920397552328796,-3.027868897199576,-2.498865657409995,0.8437030734803385,-0.0998827367955701,3.967616071972943,-0.4475367063268248,1.3239153918352513
70.0,212.0,137.90185546875,-2.123208482587378,2.681381833789675,-4.901664570795591,-3.033973112586292,-2.498950184738068,0.8409612847710842,-0.1024883203382251,3.964985449042335,-0.4436768751200105,1.3238238823365809
70.0,212.0,137.81985473632812,-2.127596216469379,2.682333382264904,-4.921650331642164,-3.032614584228958,-2.4973787577871427,0.8440753688181151,-0.1006959899596506,3.965717501922789,-0.4457134557394261,1.3232025068724664
70.0,212.0,153.1660919189453,-2.121447798556532,1.8336876551817392,-4.9380753146679925,-3.094233202647145,-3.0649950223856144,0.8354321701101891,-1.021508757068139,3.955010029302585,-0.4447028575291981,0.7080551592072115
70.0,212.0,139.02899169921875,-2.116680644044904,1.7765322336896483,-4.92446911086017,-3.03451167358634,-2.4973989430045243,0.8426549891252214,-0.1020728079898156,3.951844479960629,-0.4475878626756762,1.324240196570777
70.0,212.0,144.48789978027344,-2.141046964113209,1.771880474365917,-4.911381224157521,-3.040130457582591,-2.517262630056656,0.8055665997807893,-1.0369607176572375,3.977882256769657,-0.4549739669163189,1.3219810566530266
70.0,212.0,137.83628845214844,-2.12529714290652,2.681292734158553,-4.926472732537879,-3.036177973903256,-2.498850633483283,0.8421165951632944,-0.1004552194805849,3.962825729920284,-0.4453884520437717,1.323768080070053
70.0,212.0,150.5499267578125,-2.11968739608623,1.755035030369485,-4.927208819748874,-3.0244678618957064,-2.0218319945465275,0.8106048132035997,-1.0135414794231097,3.9867357123238514,-0.4552261932641993,1.349251448476138
70.0,212.0,140.0598907470703,-2.164817701741923,1.7858384313759987,-4.90336352167247,-3.066864914042139,-2.50056923429754,0.8434342846863904,-0.1148784521738972,3.965952049389358,-0.4458007797378894,1.3229520004973705
70.0,212.0,137.81439208984375,-2.1221045545761603,2.684901341712753,-4.923352344758549,-3.0284278703933,-2.5015736951342467,0.8413844609602693,-0.0988163641159081,3.965571854464297,-0.4445000913060603,1.3236941852536457
70.0,212.0,137.81642150878906,-2.1281000021872223,2.6807667653307434,-4.919252336013385,-3.0271771356460007,-2.499487481908939,0.8418452474154398,-0.1008066668226346,3.965700937898565,-0.4442308684745134,1.3239051677896634
70.0,212.0,137.8474578857422,-2.131330386113813,2.682430583574172,-4.924970167174063,-3.027795555782357,-2.5039131930016385,0.8435864271389409,-0.0990846757006214,3.966713890843166,-0.4446025239090542,1.3235866606320048
70.0,212.0,140.52117919921875,-2.1272497769988306,1.774468940747441,-4.918171862643308,-3.039466282870276,-2.4890347571925453,0.8476899259151214,-0.521753245229758,3.96549093137469,-0.4572526271482879,1.3258236409937911
70.0,212.0,145.3743896484375,-2.055715787756611,3.5459383446779773,-4.926743274509718,-3.033548482115602,-2.496961460418813,0.8144829614976842,-0.053820621728324,3.954244038928831,-0.4430671415972534,1.6597223734601851
70.0,212.0,139.49063110351562,-2.127036784137281,2.6864341888011003,-4.922580773522917,-3.0061126931140665,-1.94209301285814,0.8409841124852037,-0.5625834980067171,3.962763002701845,-0.4500653814960387,1.3055394714877115
70.0,212.0,137.81744384765625,-2.1277224404567705,2.681837911661119,-4.924157043995317,-3.031281385129762,-2.4981128105050505,0.8438584129104354,-0.1007129788384623,3.964888576576502,-0.4454803480719521,1.3232394589601535
70.0,212.0,137.80738830566406,-2.124823656412992,2.685976061315521,-4.922415902586214,-3.0293809780473264,-2.49943301943963,0.8419689970643467,-0.1002958835263397,3.965724486233514,-0.444294678412925,1.3232536061695117
70.0,212.0,155.14508056640625,-2.144416528898283,1.7532622941419214,-4.910340166670732,-3.045212005694971,-1.9538792327145715,0.8337103093690844,-1.0439633387742353,3.904955445319976,-0.4075869564763927,0.7623833671535221
70.0,212.0,139.50372314453125,-2.122636484933675,3.5704206891638446,-4.928787274341943,-3.037851658567845,-2.525937593544493,0.8439742794215084,-0.1063149013750094,3.952908931022901,-0.4465054973198427,1.3217229165978648
70.0,212.0,137.81832885742188,-2.124596873640611,2.676573591690265,-4.921672364039729,-3.026931642316862,-2.4985747767728648,0.842666226741276,-0.1002362542247581,3.965349992582458,-0.4460491403716956,1.3235222893004586
70.0,212.0,157.8895721435547,-2.151116586352581,1.7765067177928218,-4.954217446239854,-3.688038395004858,-2.586077377730949,0.8144731752930827,-0.6122097261475492,3.624379146848815,-0.454328507982406,0.9702287003031408
70.0,212.0,160.38934326171875,-2.1239526524329047,1.7532778008160277,-4.793683137872873,-2.992665936417859,-3.0883299703921034,0.7444479414625762,-1.0498487622640318,3.959048847339001,-0.7967959506285662,0.7170082799296202
70.0,212.0,137.94174194335938,-2.1258112031241234,2.665242294255403,-4.922548899577751,-3.03041930610744,-2.5035876728704203,0.8379374779677173,-0.1018700845868636,3.966466290762007,-0.444321145738292,1.3200110251756736
70.0,212.0,155.30633544921875,-2.110355142561264,1.7355664246072802,-4.897661520156259,-3.0945963635771343,-3.0647722813398968,0.8256285834289196,-1.0204516952792135,4.389633871132414,-0.4667985076585941,0.7287559592886229
70.0,212.0,158.0673828125,-2.13478528945232,1.8441109636686763,-4.929363763692761,-3.1294766675918138,-3.0546509867568057,1.330469986782295,-1.0107985278553162,3.543151829295136,-0.4498499097984712,0.7093224768745058
70.0,212.0,151.25607299804688,-2.172037136009037,1.7295055121999343,-4.886813252907739,-3.044272093932116,-2.527211347557737,0.8736419156014977,-1.0803740810791176,4.326682419773425,-0.4568381444550614,1.020613823807618
70.0,212.0,165.35855102539062,-2.0411344005614884,1.8033887960812784,-4.990096883276585,-3.0271535952284765,-1.9850275875294443,0.7502007915430735,-1.0075749577924853,3.0752222344234887,-0.4467256416415724,1.0584411608503208
70.0,212.0,165.263427734375,-2.025108824505472,1.819420873531608,-4.880777358367313,-3.048511178555349,-3.076473591889685,0.724041054625411,-1.045823708623605,4.79798916193166,-0.408550783489008,0.6991762171530035
70.0,212.0,137.81533813476562,-2.124081687039049,2.684024898109017,-4.922706294854894,-3.028914930970598,-2.5026431938634093,0.8419578506023868,-0.1006779748765339,3.965848003497824,-0.4446472439372244,1.3231145439482004
70.0,212.0,160.2692413330078,-1.055922459328694,1.7735920722761906,-4.937958133848109,-1.695201673496223,-3.064020344723154,0.8372423768827528,-1.0608401158966236,4.429729571994304,-0.4561175576200931,0.7202760905369371
70.0,213.0,157.60691833496094,-2.1221509371431435,1.8392303061078088,-4.902514539010984,-3.0864103908050646,-3.0538475418464337,0.8517324402109121,-1.0171489627324086,3.092931355225164,-0.4559853455206131,0.9824460715350812
70.0,213.0,161.15728759765625,-1.9534206856324816,1.7536378394229737,-4.890109816254475,-3.0956079319477503,-3.0662115030366284,0.8279698431872164,-1.019189610828445,4.304919778195342,-0.4515226464921155,0.7024576952550962
70.0,213.0,137.86192321777344,-2.117800296695536,2.675060293822595,-4.922290025193135,-3.027935279981284,-2.5040521871909243,0.8478738732967751,-0.099897556218255,3.966110916736105,-0.4461138680384,1.3219547282552515
70.0,213.0,137.82711791992188,-2.1289631024918374,2.684681998781161,-4.921786268944279,-3.031479487165446,-2.50170095964169,0.8398002621955034,-0.099117704993516,3.965828024769053,-0.4445514730170064,1.322790915646265
70.0,213.0,137.82838439941406,-2.126228561418605,2.688063557708698,-4.921474836782737,-3.026092746477064,-2.499313343625041,0.838952182417584,-0.1003806428731905,3.964446729453448,-0.4441679280238822,1.3219473045937564
70.0,213.0,150.95826721191406,-2.1262525097823337,1.7737189882144293,-4.926724315985826,-3.0259742329384216,-2.437463469842107,1.4099652745982325,-1.0262765149084487,3.9233814230264574,-0.4512474950726279,1.609887845109697
70.0,213.0,156.08035278320312,-2.1580996450789263,1.728328627406782,-4.879695436337815,-3.0850529772078543,-3.06587044186364,0.8359929899162684,-1.015638048938622,3.5437633377229565,-0.4462973345896071,0.7233871726910266
70.0,213.0,145.83074951171875,-2.1182021524849444,1.8078905911135548,-4.935700425047287,-2.9794937688851824,-2.4827301949732017,0.8507230196630945,-1.052661683502819,3.970937820545013,-0.4537632926829645,1.6362450208066313
70.0,213.0,139.23602294921875,-2.124386965066761,2.716316093722829,-4.917433618061569,-3.045723931389169,-2.4932869589555344,0.8422125785906374,-0.5433452579127146,3.964741335102909,-0.4451178811796737,1.3247974284651758
70.0,213.0,137.88394165039062,-2.123231109583445,2.681761137965191,-4.923502229694019,-3.029274413634937,-2.50598316337386,0.8434831098812867,-0.1021009711377894,3.9657377051492126,-0.4491665711094364,1.323365282939068
70.0,213.0,137.81100463867188,-2.1262492979030427,2.683139476337268,-4.9185248145305325,-3.032155399389432,-2.499529866425294,0.8412397850266196,-0.1004920108833427,3.963473581501015,-0.4446781294252085,1.3231878646109283
70.0,213.0,138.12118530273438,-2.127665238823484,2.674375932883586,-4.925135263939686,-3.019985702232036,-2.505489507648343,0.8533682713255277,-0.1091619382877444,3.9589235079389655,-0.4459724986036327,1.325729792671536
70.0,213.0,137.84164428710938,-2.12804670038902,2.6847064657165047,-4.917691392838313,-3.030188335067299,-2.5025195689461563,0.8389571044026485,-0.1023476779682109,3.9649090227339663,-0.444245099893632,1.322082321992583
70.0,213.0,140.24879455566406,-2.159870733938664,2.731115036631711,-4.9260037736587945,-3.026109420242876,-2.4969789903477126,0.8477610668538871,-0.1324560854486751,3.968281489788039,-0.4577944531271202,1.3256317406561045
70.0,213.0,177.90628051757812,-0.9480992037287066,1.6698462529856726,-4.92126265432442,-3.066282443454009,-3.048841576344093,1.9184003846581128,-1.029547548154336,4.407033002134062,-0.5675828178794807,0.7291447687456702
70.0,213.0,137.8192901611328,-2.123363205693459,2.6798742634451904,-4.921691518142047,-3.023489793298315,-2.4990705280169543,0.8426383380898866,-0.100996484285,3.9656642838262055,-0.4445182247309041,1.3236738776554822
70.0,213.0,140.55001831054688,-2.122329315786468,1.802061285371577,-4.931716526883416,-3.0283693764857564,-2.486060058575672,0.8457611210177214,-0.5347108318649818,3.980144941527816,-0.4523532917964609,1.322373004556118
70.0,213.0,142.99522399902344,-2.123885695476875,1.7743101878719294,-4.91198230761888,-3.038744494237296,-2.4827602600683742,0.8460097373858783,-0.1610368484816937,3.9410607732845686,-0.4440028236741681,1.323951171818618
70.0,213.0,146.2761688232422,-2.133225175979208,3.462281879243472,-4.921855251414705,-3.028719476917402,-2.4961408509963485,0.8355252825089647,-0.1071358924429066,3.933548224370167,-0.4463564359981862,1.905561247710163
70.0,213.0,137.8173065185547,-2.1275901724240587,2.681242677054823,-4.924917493193287,-3.030922863189696,-2.4999339750487164,0.8421361691131704,-0.1002583925897743,3.9662315595948456,-0.444361239072035,1.3225336627976334
70.0,213.0,137.83448791503906,-2.1185114864137367,2.681190654795949,-4.920397552328796,-3.027868897199576,-2.498865657409995,0.8437030734803385,-0.0998827367955701,3.967616071972943,-0.4475367063268248,1.3239153918352513
70.0,213.0,137.90185546875,-2.123208482587378,2.681381833789675,-4.901664570795591,-3.033973112586292,-2.498950184738068,0.8409612847710842,-0.1024883203382251,3.964985449042335,-0.4436768751200105,1.3238238823365809
70.0,213.0,137.81985473632812,-2.127596216469379,2.682333382264904,-4.921650331642164,-3.032614584228958,-2.4973787577871427,0.8440753688181151,-0.1006959899596506,3.965717501922789,-0.4457134557394261,1.3232025068724664
70.0,213.0,153.1660919189453,-2.121447798556532,1.8336876551817392,-4.9380753146679925,-3.094233202647145,-3.0649950223856144,0.8354321701101891,-1.021508757068139,3.955010029302585,-0.4447028575291981,0.7080551592072115
70.0,213.0,139.02899169921875,-2.116680644044904,1.7765322336896483,-4.92446911086017,-3.03451167358634,-2.4973989430045243,0.8426549891252214,-0.1020728079898156,3.951844479960629,-0.4475878626756762,1.324240196570777
70.0,213.0,144.48789978027344,-2.141046964113209,1.771880474365917,-4.911381224157521,-3.040130457582591,-2.517262630056656,0.8055665997807893,-1.0369607176572375,3.977882256769657,-0.4549739669163189,1.3219810566530266
70.0,213.0,137.83628845214844,-2.12529714290652,2.681292734158553,-4.926472732537879,-3.036177973903256,-2.498850633483283,0.8421165951632944,-0.1004552194805849,3.962825729920284,-0.4453884520437717,1.323768080070053
70.0,213.0,150.5499267578125,-2.11968739608623,1.755035030369485,-4.927208819748874,-3.0244678618957064,-2.0218319945465275,0.8106048132035997,-1.0135414794231097,3.9867357123238514,-0.4552261932641993,1.349251448476138
70.0,213.0,140.0598907470703,-2.164817701741923,1.7858384313759987,-4.90336352167247,-3.066864914042139,-2.50056923429754,0.8434342846863904,-0.1148784521738972,3.965952049389358,-0.4458007797378894,1.3229520004973705
70.0,213.0,137.81439208984375,-2.1221045545761603,2.684901341712753,-4.923352344758549,-3.0284278703933,-2.5015736951342467,0.8413844609602693,-0.0988163641159081,3.965571854464297,-0.4445000913060603,1.3236941852536457
70.0,213.0,137.81642150878906,-2.1281000021872223,2.6807667653307434,-4.919252336013385,-3.0271771356460007,-2.499487481908939,0.8418452474154398,-0.1008066668226346,3.965700937898565,-0.4442308684745134,1.3239051677896634
70.0,213.0,137.8474578857422,-2.131330386113813,2.682430583574172,-4.924970167174063,-3.027795555782357,-2.5039131930016385,0.8435864271389409,-0.0990846757006214,3.966713890843166,-0.4446025239090542,1.3235866606320048
70.0,213.0,140.52117919921875,-2.1272497769988306,1.774468940747441,-4.918171862643308,-3.039466282870276,-2.4890347571925453,0.8476899259151214,-0.521753245229758,3.96549093137469,-0.4572526271482879,1.3258236409937911
70.0,213.0,145.3743896484375,-2.055715787756611,3.5459383446779773,-4.926743274509718,-3.033548482115602,-2.496961460418813,0.8144829614976842,-0.053820621728324,3.954244038928831,-0.4430671415972534,1.6597223734601851
70.0,213.0,139.49063110351562,-2.127036784137281,2.6864341888011003,-4.922580773522917,-3.0061126931140665,-1.94209301285814,0.8409841124852037,-0.5625834980067171,3.962763002701845,-0.4500653814960387,1.3055394714877115
70.0,213.0,137.81744384765625,-2.1277224404567705,2.681837911661119,-4.924157043995317,-3.031281385129762,-2.4981128105050505,0.8438584129104354,-0.1007129788384623,3.964888576576502,-0.4454803480719521,1.3232394589601535
70.0,213.0,137.80738830566406,-2.124823656412992,2.685976061315521,-4.922415902586214,-3.0293809780473264,-2.49943301943963,0.8419689970643467,-0.1002958835263397,3.965724486233514,-0.444294678412925,1.3232536061695117
70.0,213.0,155.14508056640625,-2.144416528898283,1.7532622941419214,-4.910340166670732,-3.045212005694971,-1.9538792327145715,0.8337103093690844,-1.0439633387742353,3.904955445319976,-0.4075869564763927,0.7623833671535221
70.0,213.0,139.50372314453125,-2.122636484933675,3.5704206891638446,-4.928787274341943,-3.037851658567845,-2.525937593544493,0.8439742794215084,-0.1063149013750094,3.952908931022901,-0.4465054973198427,1.3217229165978648
70.0,213.0,137.81832885742188,-2.124596873640611,2.676573591690265,-4.921672364039729,-3.026931642316862,-2.4985747767728648,0.842666226741276,-0.1002362542247581,3.965349992582458,-0.4460491403716956,1.3235222893004586
70.0,213.0,157.8895721435547,-2.151116586352581,1.7765067177928218,-4.954217446239854,-3.688038395004858,-2.586077377730949,0.8144731752930827,-0.6122097261475492,3.624379146848815,-0.454328507982406,0.9702287003031408
70.0,213.0,160.38934326171875,-2.1239526524329047,1.7532778008160277,-4.793683137872873,-2.992665936417859,-3.0883299703921034,0.7444479414625762,-1.0498487622640318,3.959048847339001,-0.7967959506285662,0.7170082799296202
70.0,213.0,137.94174194335938,-2.1258112031241234,2.665242294255403,-4.922548899577751,-3.03041930610744,-2.5035876728704203,0.8379374779677173,-0.1018700845868636,3.966466290762007,-0.444321145738292,1.3200110251756736
70.0,213.0,155.30633544921875,-2.110355142561264,1.7355664246072802,-4.897661520156259,-3.0945963635771343,-3.0647722813398968,0.8256285834289196,-1.0204516952792135,4.389633871132414,-0.4667985076585941,0.7287559592886229
70.0,213.0,158.0673828125,-2.13478528945232,1.8441109636686763,-4.929363763692761,-3.1294766675918138,-3.0546509867568057,1.330469986782295,-1.0107985278553162,3.543151829295136,-0.4498499097984712,0.7093224768745058
70.0,213.0,151.25607299804688,-2.172037136009037,1.7295055121999343,-4.886813252907739,-3.044272093932116,-2.527211347557737,0.8736419156014977,-1.0803740810791176,4.326682419773425,-0.4568381444550614,1.020613823807618
70.0,213.0,165.35855102539062,-2.0411344005614884,1.8033887960812784,-4.990096883276585,-3.0271535952284765,-1.9850275875294443,0.7502007915430735,-1.0075749577924853,3.0752222344234887,-0.4467256416415724,1.0584411608503208
70.0,213.0,165.263427734375,-2.025108824505472,1.819420873531608,-4.880777358367313,-3.048511178555349,-3.076473591889685,0.724041054625411,-1.045823708623605,4.79798916193166,-0.408550783489008,0.6991762171530035
70.0,213.0,137.81533813476562,-2.124081687039049,2.684024898109017,-4.922706294854894,-3.028914930970598,-2.5026431938634093,0.8419578506023868,-0.1006779748765339,3.965848003497824,-0.4446472439372244,1.3231145439482004
70.0,213.0,160.2692413330078,-1.055922459328694,1.7735920722761906,-4.937958133848109,-1.695201673496223,-3.064020344723154,0.8372423768827528,-1.0608401158966236,4.429729571994304,-0.4561175576200931,0.7202760905369371
70.0,214.0,157.60691833496094,-2.1221509371431435,1.8392303061078088,-4.902514539010984,-3.0864103908050646,-3.0538475418464337,0.8517324402109121,-1.0171489627324086,3.092931355225164,-0.4559853455206131,0.9824460715350812
70.0,214.0,161.15728759765625,-1.9534206856324816,1.7536378394229737,-4.890109816254475,-3.0956079319477503,-3.0662115030366284,0.8279698431872164,-1.019189610828445,4.304919778195342,-0.4515226464921155,0.7024576952550962
70.0,214.0,137.86192321777344,-2.117800296695536,2.675060293822595,-4.922290025193135,-3.027935279981284,-2.5040521871909243,0.8478738732967751,-0.099897556218255,3.966110916736105,-0.4461138680384,1.3219547282552515
70.0,214.0,137.82711791992188,-2.1289631024918374,2.684681998781161,-4.921786268944279,-3.031479487165446,-2.50170095964169,0.8398002621955034,-0.099117704993516,3.965828024769053,-0.4445514730170064,1.322790915646265
70.0,214.0,137.82838439941406,-2.126228561418605,2.688063557708698,-4.921474836782737,-3.026092746477064,-2.499313343625041,0.838952182417584,-0.1003806428731905,3.964446729453448,-0.4441679280238822,1.3219473045937564
70.0,214.0,150.95826721191406,-2.1262525097823337,1.7737189882144293,-4.926724315985826,-3.0259742329384216,-2.437463469842107,1.4099652745982325,-1.0262765149084487,3.9233814230264574,-0.4512474950726279,1.609887845109697
70.0,214.0,156.08035278320312,-2.1580996450789263,1.728328627406782,-4.879695436337815,-3.0850529772078543,-3.06587044186364,0.8359929899162684,-1.015638048938622,3.5437633377229565,-0.4462973345896071,0.7233871726910266
70.0,214.0,145.83074951171875,-2.1182021524849444,1.8078905911135548,-4.935700425047287,-2.9794937688851824,-2.4827301949732017,0.8507230196630945,-1.052661683502819,3.970937820545013,-0.4537632926829645,1.6362450208066313
70.0,214.0,139.23602294921875,-2.124386965066761,2.716316093722829,-4.917433618061569,-3.045723931389169,-2.4932869589555344,0.8422125785906374,-0.5433452579127146,3.964741335102909,-0.4451178811796737,1.3247974284651758
70.0,214.0,137.88394165039062,-2.123231109583445,2.681761137965191,-4.923502229694019,-3.029274413634937,-2.50598316337386,0.8434831098812867,-0.1021009711377894,3.9657377051492126,-0.4491665711094364,1.323365282939068
70.0,214.0,137.81100463867188,-2.1262492979030427,2.683139476337268,-4.9185248145305325,-3.032155399389432,-2.499529866425294,0.8412397850266196,-0.1004920108833427,3.963473581501015,-0.4446781294252085,1.3231878646109283
70.0,214.0,138.12118530273438,-2.127665238823484,2.674375932883586,-4.925135263939686,-3.019985702232036,-2.505489507648343,0.8533682713255277,-0.1091619382877444,3.9589235079389655,-0.4459724986036327,1.325729792671536
70.0,214.0,137.84164428710938,-2.12804670038902,2.6847064657165047,-4.917691392838313,-3.030188335067299,-2.5025195689461563,0.8389571044026485,-0.1023476779682109,3.9649090227339663,-0.444245099893632,1.322082321992583
70.0,214.0,140.24879455566406,-2.159870733938664,2.731115036631711,-4.9260037736587945,-3.026109420242876,-2.4969789903477126,0.8477610668538871,-0.1324560854486751,3.968281489788039,-0.4577944531271202,1.3256317406561045
70.0,214.0,177.90628051757812,-0.9480992037287066,1.6698462529856726,-4.92126265432442,-3.066282443454009,-3.048841576344093,1.9184003846581128,-1.029547548154336,4.407033002134062,-0.5675828178794807,0.7291447687456702
70.0,214.0,137.8192901611328,-2.123363205693459,2.6798742634451904,-4.921691518142047,-3.023489793298315,-2.4990705280169543,0.8426383380898866,-0.100996484285,3.9656642838262055,-0.4445182247309041,1.3236738776554822
70.0,214.0,140.55001831054688,-2.122329315786468,1.802061285371577,-4.931716526883416,-3.0283693764857564,-2.486060058575672,0.8457611210177214,-0.5347108318649818,3.980144941527816,-0.4523532917964609,1.322373004556118
70.0,214.0,142.99522399902344,-2.123885695476875,1.7743101878719294,-4.91198230761888,-3.038744494237296,-2.4827602600683742,0.8460097373858783,-0.1610368484816937,3.9410607732845686,-0.4440028236741681,1.323951171818618
70.0,214.0,146.2761688232422,-2.133225175979208,3.462281879243472,-4.921855251414705,-3.028719476917402,-2.4961408509963485,0.8355252825089647,-0.1071358924429066,3.933548224370167,-0.4463564359981862,1.905561247710163
70.0,214.0,137.8173065185547,-2.1275901724240587,2.681242677054823,-4.924917493193287,-3.030922863189696,-2.4999339750487164,0.8421361691131704,-0.1002583925897743,3.9662315595948456,-0.444361239072035,1.3225336627976334
70.0,214.0,137.83448791503906,-2.1185114864137367,2.681190654795949,-4.920397552328796,-3.027868897199576,-2.498865657409995,0.8437030734803385,-0.0998827367955701,3.967616071972943,-0.4475367063268248,1.3239153918352513
70.0,214.0,137.90185546875,-2.123208482587378,2.681381833789675,-4.901664570795591,-3.033973112586292,-2.498950184738068,0.8409612847710842,-0.1024883203382251,3.964985449042335,-0.4436768751200105,1.3238238823365809
70.0,214.0,137.81985473632812,-2.127596216469379,2.682333382264904,-4.921650331642164,-3.032614584228958,-2.4973787577871427,0.8440753688181151,-0.1006959899596506,3.965717501922789,-0.4457134557394261,1.3232025068724664
70.0,214.0,153.1660919189453,-2.121447798556532,1.8336876551817392,-4.9380753146679925,-3.094233202647145,-3.0649950223856144,0.8354321701101891,-1.021508757068139,3.955010029302585,-0.4447028575291981,0.7080551592072115
70.0,214.0,139.02899169921875,-2.116680644044904,1.7765322336896483,-4.92446911086017,-3.03451167358634,-2.4973989430045243,0.8426549891252214,-0.1020728079898156,3.951844479960629,-0.4475878626756762,1.324240196570777
70.0,214.0,144.48789978027344,-2.141046964113209,1.771880474365917,-4.911381224157521,-3.040130457582591,-2.517262630056656,0.8055665997807893,-1.0369607176572375,3.977882256769657,-0.4549739669163189,1.3219810566530266
70.0,214.0,137.83628845214844,-2.12529714290652,2.681292734158553,-4.926472732537879,-3.036177973903256,-2.498850633483283,0.8421165951632944,-0.1004552194805849,3.962825729920284,-0.4453884520437717,1.323768080070053
70.0,214.0,150.5499267578125,-2.11968739608623,1.755035030369485,-4.927208819748874,-3.0244678618957064,-2.0218319945465275,0.8106048132035997,-1.0135414794231097,3.9867357123238514,-0.4552261932641993,1.349251448476138
70.0,214.0,140.0598907470703,-2.164817701741923,1.7858384313759987,-4.90336352167247,-3.066864914042139,-2.50056923429754,0.8434342846863904,-0.1148784521738972,3.965952049389358,-0.4458007797378894,1.3229520004973705
70.0,214.0,137.81439208984375,-2.1221045545761603,2.684901341712753,-4.923352344758549,-3.0284278703933,-2.5015736951342467,0.8413844609602693,-0.0988163641159081,3.965571854464297,-0.4445000913060603,1.3236941852536457
70.0,214.0,137.81642150878906,-2.1281000021872223,2.6807667653307434,-4.919252336013385,-3.0271771356460007,-2.499487481908939,0.8418452474154398,-0.1008066668226346,3.965700937898565,-0.4442308684745134,1.3239051677896634
70.0,214.0,137.8474578857422,-2.131330386113813,2.682430583574172,-4.924970167174063,-3.027795555782357,-2.5039131930016385,0.8435864271389409,-0.0990846757006214,3.966713890843166,-0.4446025239090542,1.3235866606320048
70.0,214.0,140.52117919921875,-2.1272497769988306,1.774468940747441,-4.918171862643308,-3.039466282870276,-2.4890347571925453,0.8476899259151214,-0.521753245229758,3.96549093137469,-0.4572526271482879,1.3258236409937911
70.0,214.0,145.3743896484375,-2.055715787756611,3.5459383446779773,-4.926743274509718,-3.033548482115602,-2.496961460418813,0.8144829614976842,-0.053820621728324,3.954244038928831,-0.4430671415972534,1.6597223734601851
70.0,214.0,139.49063110351562,-2.127036784137281,2.6864341888011003,-4.922580773522917,-3.0061126931140665,-1.94209301285814,0.8409841124852037,-0.5625834980067171,3.962763002701845,-0.4500653814960387,1.3055394714877115
70.0,214.0,137.81744384765625,-2.1277224404567705,2.681837911661119,-4.924157043995317,-3.031281385129762,-2.4981128105050505,0.8438584129104354,-0.1007129788384623,3.964888576576502,-0.4454803480719521,1.3232394589601535
70.0,214.0,137.80738830566406,-2.124823656412992,2.685976061315521,-4.922415902586214,-3.0293809780473264,-2.49943301943963,0.8419689970643467,-0.1002958835263397,3.965724486233514,-0.444294678412925,1.3232536061695117
70.0,214.0,155.14508056640625,-2.144416528898283,1.7532622941419214,-4.910340166670732,-3.045212005694971,-1.9538792327145715,0.8337103093690844,-1.0439633387742353,3.904955445319976,-0.4075869564763927,0.7623833671535221
70.0,214.0,139.50372314453125,-2.122636484933675,3.5704206891638446,-4.928787274341943,-3.037851658567845,-2.525937593544493,0.8439742794215084,-0.1063149013750094,3.952908931022901,-0.4465054973198427,1.3217229165978648
70.0,214.0,137.81338500976562,-2.1246806534038623,2.688669855214336,-4.921089175899242,-3.0271688343437813,-2.4985824374790577,0.842406826569257,-0.1004724801191772,3.965582141590309,-0.4437008755909745,1.3235105134741014
70.0,214.0,157.8895721435547,-2.151116586352581,1.7765067177928218,-4.954217446239854,-3.688038395004858,-2.586077377730949,0.8144731752930827,-0.6122097261475492,3.624379146848815,-0.454328507982406,0.9702287003031408
70.0,214.0,160.38934326171875,-2.1239526524329047,1.7532778008160277,-4.793683137872873,-2.992665936417859,-3.0883299703921034,0.7444479414625762,-1.0498487622640318,3.959048847339001,-0.7967959506285662,0.7170082799296202
70.0,214.0,137.94174194335938,-2.1258112031241234,2.665242294255403,-4.922548899577751,-3.03041930610744,-2.5035876728704203,0.8379374779677173,-0.1018700845868636,3.966466290762007,-0.444321145738292,1.3200110251756736
70.0,214.0,155.30633544921875,-2.110355142561264,1.7355664246072802,-4.897661520156259,-3.0945963635771343,-3.0647722813398968,0.8256285834289196,-1.0204516952792135,4.389633871132414,-0.4667985076585941,0.7287559592886229
70.0,214.0,158.0673828125,-2.13478528945232,1.8441109636686763,-4.929363763692761,-3.1294766675918138,-3.0546509867568057,1.330469986782295,-1.0107985278553162,3.543151829295136,-0.4498499097984712,0.7093224768745058
70.0,214.0,151.25607299804688,-2.172037136009037,1.7295055121999343,-4.886813252907739,-3.044272093932116,-2.527211347557737,0.8736419156014977,-1.0803740810791176,4.326682419773425,-0.4568381444550614,1.020613823807618
70.0,214.0,165.35855102539062,-2.0411344005614884,1.8033887960812784,-4.990096883276585,-3.0271535952284765,-1.9850275875294443,0.7502007915430735,-1.0075749577924853,3.0752222344234887,-0.4467256416415724,1.0584411608503208
70.0,214.0,165.263427734375,-2.025108824505472,1.819420873531608,-4.880777358367313,-3.048511178555349,-3.076473591889685,0.724041054625411,-1.045823708623605,4.79798916193166,-0.408550783489008,0.6991762171530035
70.0,214.0,137.8143768310547,-2.123170944037153,2.6851493607364065,-4.923532941914329,-3.029549423304749,-2.5010574563429,0.8407574962591109,-0.1009749081787276,3.965756156925766,-0.4448629616123069,1.3232699110310857
70.0,214.0,160.2692413330078,-1.055922459328694,1.7735920722761906,-4.937958133848109,-1.695201673496223,-3.064020344723154,0.8372423768827528,-1.0608401158966236,4.429729571994304,-0.4561175576200931,0.7202760905369371
70.0,215.0,157.60691833496094,-2.1221509371431435,1.8392303061078088,-4.902514539010984,-3.0864103908050646,-3.0538475418464337,0.8517324402109121,-1.0171489627324086,3.092931355225164,-0.4559853455206131,0.9824460715350812
70.0,215.0,161.15728759765625,-1.9534206856324816,1.7536378394229737,-4.890109816254475,-3.0956079319477503,-3.0662115030366284,0.8279698431872164,-1.019189610828445,4.304919778195342,-0.4515226464921155,0.7024576952550962
70.0,215.0,137.86192321777344,-2.117800296695536,2.675060293822595,-4.922290025193135,-3.027935279981284,-2.5040521871909243,0.8478738732967751,-0.099897556218255,3.966110916736105,-0.4461138680384,1.3219547282552515
70.0,215.0,137.82711791992188,-2.1289631024918374,2.684681998781161,-4.921786268944279,-3.031479487165446,-2.50170095964169,0.8398002621955034,-0.099117704993516,3.965828024769053,-0.4445514730170064,1.322790915646265
70.0,215.0,137.81980895996094,-2.126063397789914,2.6872113628475773,-4.924562330344004,-3.0266635678828937,-2.499577818897924,0.8442354182649456,-0.1000549076582908,3.965713714180426,-0.4442461966298358,1.322745917773493
70.0,215.0,150.95826721191406,-2.1262525097823337,1.7737189882144293,-4.926724315985826,-3.0259742329384216,-2.437463469842107,1.4099652745982325,-1.0262765149084487,3.9233814230264574,-0.4512474950726279,1.609887845109697
70.0,215.0,156.08035278320312,-2.1580996450789263,1.728328627406782,-4.879695436337815,-3.0850529772078543,-3.06587044186364,0.8359929899162684,-1.015638048938622,3.5437633377229565,-0.4462973345896071,0.7233871726910266
70.0,215.0,141.4826202392578,-2.1261160085963327,2.6745115592972386,-4.932130452961332,-3.0058479524365764,-2.487836886697602,0.8532757011427905,-0.1386712797695375,3.976572900333153,-0.4512150426770004,1.61386797347447
70.0,215.0,139.23602294921875,-2.124386965066761,2.716316093722829,-4.917433618061569,-3.045723931389169,-2.4932869589555344,0.8422125785906374,-0.5433452579127146,3.964741335102909,-0.4451178811796737,1.3247974284651758
70.0,215.0,137.88394165039062,-2.123231109583445,2.681761137965191,-4.923502229694019,-3.029274413634937,-2.50598316337386,0.8434831098812867,-0.1021009711377894,3.9657377051492126,-0.4491665711094364,1.323365282939068
70.0,215.0,137.81100463867188,-2.1262492979030427,2.683139476337268,-4.9185248145305325,-3.032155399389432,-2.499529866425294,0.8412397850266196,-0.1004920108833427,3.963473581501015,-0.4446781294252085,1.3231878646109283
70.0,215.0,138.09750366210938,-2.1252774234452425,2.7037494365189185,-4.92337648973222,-3.0163830749281075,-2.4993271836869533,0.8467470956086813,-0.1079657317076397,3.960341678728928,-0.4445312097254383,1.3241034575511192
70.0,215.0,137.84164428710938,-2.12804670038902,2.6847064657165047,-4.917691392838313,-3.030188335067299,-2.5025195689461563,0.8389571044026485,-0.1023476779682109,3.9649090227339663,-0.444245099893632,1.322082321992583
70.0,215.0,140.24879455566406,-2.159870733938664,2.731115036631711,-4.9260037736587945,-3.026109420242876,-2.4969789903477126,0.8477610668538871,-0.1324560854486751,3.968281489788039,-0.4577944531271202,1.3256317406561045
70.0,215.0,177.90628051757812,-0.9480992037287066,1.6698462529856726,-4.92126265432442,-3.066282443454009,-3.048841576344093,1.9184003846581128,-1.029547548154336,4.407033002134062,-0.5675828178794807,0.7291447687456702
70.0,215.0,137.8192901611328,-2.123363205693459,2.6798742634451904,-4.921691518142047,-3.023489793298315,-2.4990705280169543,0.8426383380898866,-0.100996484285,3.9656642838262055,-0.4445182247309041,1.3236738776554822
70.0,215.0,140.55001831054688,-2.122329315786468,1.802061285371577,-4.931716526883416,-3.0283693764857564,-2.486060058575672,0.8457611210177214,-0.5347108318649818,3.980144941527816,-0.4523532917964609,1.322373004556118
70.0,215.0,142.99522399902344,-2.123885695476875,1.7743101878719294,-4.91198230761888,-3.038744494237296,-2.4827602600683742,0.8460097373858783,-0.1610368484816937,3.9410607732845686,-0.4440028236741681,1.323951171818618
70.0,215.0,146.2761688232422,-2.133225175979208,3.462281879243472,-4.921855251414705,-3.028719476917402,-2.4961408509963485,0.8355252825089647,-0.1071358924429066,3.933548224370167,-0.4463564359981862,1.905561247710163
70.0,215.0,137.8173065185547,-2.1275901724240587,2.681242677054823,-4.924917493193287,-3.030922863189696,-2.4999339750487164,0.8421361691131704,-0.1002583925897743,3.9662315595948456,-0.444361239072035,1.3225336627976334
70.0,215.0,137.83448791503906,-2.1185114864137367,2.681190654795949,-4.920397552328796,-3.027868897199576,-2.498865657409995,0.8437030734803385,-0.0998827367955701,3.967616071972943,-0.4475367063268248,1.3239153918352513
70.0,215.0,137.90185546875,-2.123208482587378,2.681381833789675,-4.901664570795591,-3.033973112586292,-2.498950184738068,0.8409612847710842,-0.1024883203382251,3.964985449042335,-0.4436768751200105,1.3238238823365809
70.0,215.0,137.81985473632812,-2.127596216469379,2.682333382264904,-4.921650331642164,-3.032614584228958,-2.4973787577871427,0.8440753688181151,-0.1006959899596506,3.965717501922789,-0.4457134557394261,1.3232025068724664
70.0,215.0,153.1660919189453,-2.121447798556532,1.8336876551817392,-4.9380753146679925,-3.094233202647145,-3.0649950223856144,0.8354321701101891,-1.021508757068139,3.955010029302585,-0.4447028575291981,0.7080551592072115
70.0,215.0,139.02899169921875,-2.116680644044904,1.7765322336896483,-4.92446911086017,-3.03451167358634,-2.4973989430045243,0.8426549891252214,-0.1020728079898156,3.951844479960629,-0.4475878626756762,1.324240196570777
70.0,215.0,144.48789978027344,-2.141046964113209,1.771880474365917,-4.911381224157521,-3.040130457582591,-2.517262630056656,0.8055665997807893,-1.0369607176572375,3.977882256769657,-0.4549739669163189,1.3219810566530266
70.0,215.0,137.83628845214844,-2.12529714290652,2.681292734158553,-4.926472732537879,-3.036177973903256,-2.498850633483283,0.8421165951632944,-0.1004552194805849,3.962825729920284,-0.4453884520437717,1.323768080070053
70.0,215.0,150.5499267578125,-2.11968739608623,1.755035030369485,-4.927208819748874,-3.0244678618957064,-2.0218319945465275,0.8106048132035997,-1.0135414794231097,3.9867357123238514,-0.4552261932641993,1.349251448476138
70.0,215.0,140.0598907470703,-2.164817701741923,1.7858384313759987,-4.90336352167247,-3.066864914042139,-2.50056923429754,0.8434342846863904,-0.1148784521738972,3.965952049389358,-0.4458007797378894,1.3229520004973705
70.0,215.0,137.81439208984375,-2.1221045545761603,2.684901341712753,-4.923352344758549,-3.0284278703933,-2.5015736951342467,0.8413844609602693,-0.0988163641159081,3.965571854464297,-0.4445000913060603,1.3236941852536457
70.0,215.0,137.81642150878906,-2.1281000021872223,2.6807667653307434,-4.919252336013385,-3.0271771356460007,-2.499487481908939,0.8418452474154398,-0.1008066668226346,3.965700937898565,-0.4442308684745134,1.3239051677896634
70.0,215.0,137.8474578857422,-2.131330386113813,2.682430583574172,-4.924970167174063,-3.027795555782357,-2.5039131930016385,0.8435864271389409,-0.0990846757006214,3.966713890843166,-0.4446025239090542,1.3235866606320048
70.0,215.0,140.52117919921875,-2.1272497769988306,1.774468940747441,-4.918171862643308,-3.039466282870276,-2.4890347571925453,0.8476899259151214,-0.521753245229758,3.96549093137469,-0.4572526271482879,1.3258236409937911
70.0,215.0,145.3743896484375,-2.055715787756611,3.5459383446779773,-4.926743274509718,-3.033548482115602,-2.496961460418813,0.8144829614976842,-0.053820621728324,3.954244038928831,-0.4430671415972534,1.6597223734601851
70.0,215.0,139.49063110351562,-2.127036784137281,2.6864341888011003,-4.922580773522917,-3.0061126931140665,-1.94209301285814,0.8409841124852037,-0.5625834980067171,3.962763002701845,-0.4500653814960387,1.3055394714877115
70.0,215.0,137.81744384765625,-2.1277224404567705,2.681837911661119,-4.924157043995317,-3.031281385129762,-2.4981128105050505,0.8438584129104354,-0.1007129788384623,3.964888576576502,-0.4454803480719521,1.3232394589601535
70.0,215.0,137.80738830566406,-2.124823656412992,2.685976061315521,-4.922415902586214,-3.0293809780473264,-2.49943301943963,0.8419689970643467,-0.1002958835263397,3.965724486233514,-0.444294678412925,1.3232536061695117
70.0,215.0,155.14508056640625,-2.144416528898283,1.7532622941419214,-4.910340166670732,-3.045212005694971,-1.9538792327145715,0.8337103093690844,-1.0439633387742353,3.904955445319976,-0.4075869564763927,0.7623833671535221
70.0,215.0,139.50372314453125,-2.122636484933675,3.5704206891638446,-4.928787274341943,-3.037851658567845,-2.525937593544493,0.8439742794215084,-0.1063149013750094,3.952908931022901,-0.4465054973198427,1.3217229165978648
70.0,215.0,137.81338500976562,-2.1246806534038623,2.688669855214336,-4.921089175899242,-3.0271688343437813,-2.4985824374790577,0.842406826569257,-0.1004724801191772,3.965582141590309,-0.4437008755909745,1.3235105134741014
70.0,215.0,157.8895721435547,-2.151116586352581,1.7765067177928218,-4.954217446239854,-3.688038395004858,-2.586077377730949,0.8144731752930827,-0.6122097261475492,3.624379146848815,-0.454328507982406,0.9702287003031408
70.0,215.0,160.38934326171875,-2.1239526524329047,1.7532778008160277,-4.793683137872873,-2.992665936417859,-3.0883299703921034,0.7444479414625762,-1.0498487622640318,3.959048847339001,-0.7967959506285662,0.7170082799296202
70.0,215.0,137.91741943359375,-2.124545419959256,2.661413939250162,-4.922158773400536,-3.028414696435153,-2.497567896095099,0.8415035297960286,-0.1019771291222979,3.966849908399741,-0.4435926125293871,1.3231812076895375
70.0,215.0,155.30633544921875,-2.110355142561264,1.7355664246072802,-4.897661520156259,-3.0945963635771343,-3.0647722813398968,0.8256285834289196,-1.0204516952792135,4.389633871132414,-0.4667985076585941,0.7287559592886229
70.0,215.0,158.0673828125,-2.13478528945232,1.8441109636686763,-4.929363763692761,-3.1294766675918138,-3.0546509867568057,1.330469986782295,-1.0107985278553162,3.543151829295136,-0.4498499097984712,0.7093224768745058
70.0,215.0,151.25607299804688,-2.172037136009037,1.7295055121999343,-4.886813252907739,-3.044272093932116,-2.527211347557737,0.8736419156014977,-1.0803740810791176,4.326682419773425,-0.4568381444550614,1.020613823807618
70.0,215.0,165.35855102539062,-2.0411344005614884,1.8033887960812784,-4.990096883276585,-3.0271535952284765,-1.9850275875294443,0.7502007915430735,-1.0075749577924853,3.0752222344234887,-0.4467256416415724,1.0584411608503208
70.0,215.0,165.263427734375,-2.025108824505472,1.819420873531608,-4.880777358367313,-3.048511178555349,-3.076473591889685,0.724041054625411,-1.045823708623605,4.79798916193166,-0.408550783489008,0.6991762171530035
70.0,215.0,137.8143768310547,-2.123170944037153,2.6851493607364065,-4.923532941914329,-3.029549423304749,-2.5010574563429,0.8407574962591109,-0.1009749081787276,3.965756156925766,-0.4448629616123069,1.3232699110310857
70.0,215.0,160.2692413330078,-1.055922459328694,1.7735920722761906,-4.937958133848109,-1.695201673496223,-3.064020344723154,0.8372423768827528,-1.0608401158966236,4.429729571994304,-0.4561175576200931,0.7202760905369371
70.0,216.0,157.60691833496094,-2.1221509371431435,1.8392303061078088,-4.902514539010984,-3.0864103908050646,-3.0538475418464337,0.8517324402109121,-1.0171489627324086,3.092931355225164,-0.4559853455206131,0.9824460715350812
70.0,216.0,161.15728759765625,-1.9534206856324816,1.7536378394229737,-4.890109816254475,-3.0956079319477503,-3.0662115030366284,0.8279698431872164,-1.019189610828445,4.304919778195342,-0.4515226464921155,0.7024576952550962
70.0,216.0,137.86192321777344,-2.117800296695536,2.675060293822595,-4.922290025193135,-3.027935279981284,-2.5040521871909243,0.8478738732967751,-0.099897556218255,3.966110916736105,-0.4461138680384,1.3219547282552515
70.0,216.0,137.80984497070312,-2.121195999172497,2.683724913726353,-4.921178678895296,-3.031195003325342,-2.4998178660678807,0.8411989701421253,-0.1019645368211645,3.966085956407941,-0.4443536533710101,1.3231246855437488
70.0,216.0,137.81454467773438,-2.123460929684593,2.687099503559711,-4.92118617882127,-3.027828903547398,-2.499559709603428,0.8442675664622706,-0.100044251526803,3.966859327823789,-0.4442865912523274,1.3225530565539565
70.0,216.0,150.95826721191406,-2.1262525097823337,1.7737189882144293,-4.926724315985826,-3.0259742329384216,-2.437463469842107,1.4099652745982325,-1.0262765149084487,3.9233814230264574,-0.4512474950726279,1.609887845109697
70.0,216.0,156.08035278320312,-2.1580996450789263,1.728328627406782,-4.879695436337815,-3.0850529772078543,-3.06587044186364,0.8359929899162684,-1.015638048938622,3.5437633377229565,-0.4462973345896071,0.7233871726910266
70.0,216.0,141.4826202392578,-2.1261160085963327,2.6745115592972386,-4.932130452961332,-3.0058479524365764,-2.487836886697602,0.8532757011427905,-0.1386712797695375,3.976572900333153,-0.4512150426770004,1.61386797347447
70.0,216.0,139.23602294921875,-2.124386965066761,2.716316093722829,-4.917433618061569,-3.045723931389169,-2.4932869589555344,0.8422125785906374,-0.5433452579127146,3.964741335102909,-0.4451178811796737,1.3247974284651758
70.0,216.0,137.88394165039062,-2.123231109583445,2.681761137965191,-4.923502229694019,-3.029274413634937,-2.50598316337386,0.8434831098812867,-0.1021009711377894,3.9657377051492126,-0.4491665711094364,1.323365282939068
70.0,216.0,137.81100463867188,-2.1262492979030427,2.683139476337268,-4.9185248145305325,-3.032155399389432,-2.499529866425294,0.8412397850266196,-0.1004920108833427,3.963473581501015,-0.4446781294252085,1.3231878646109283
70.0,216.0,138.09750366210938,-2.1252774234452425,2.7037494365189185,-4.92337648973222,-3.0163830749281075,-2.4993271836869533,0.8467470956086813,-0.1079657317076397,3.960341678728928,-0.4445312097254383,1.3241034575511192
70.0,216.0,137.84164428710938,-2.12804670038902,2.6847064657165047,-4.917691392838313,-3.030188335067299,-2.5025195689461563,0.8389571044026485,-0.1023476779682109,3.9649090227339663,-0.444245099893632,1.322082321992583
70.0,216.0,140.24879455566406,-2.159870733938664,2.731115036631711,-4.9260037736587945,-3.026109420242876,-2.4969789903477126,0.8477610668538871,-0.1324560854486751,3.968281489788039,-0.4577944531271202,1.3256317406561045
70.0,216.0,177.90628051757812,-0.9480992037287066,1.6698462529856726,-4.92126265432442,-3.066282443454009,-3.048841576344093,1.9184003846581128,-1.029547548154336,4.407033002134062,-0.5675828178794807,0.7291447687456702
70.0,216.0,137.81613159179688,-2.124824197703826,2.68336736969136,-4.922167734638176,-3.025221760804816,-2.498886923077994,0.8423737693659313,-0.1019705919753763,3.965648335159033,-0.4441046609540398,1.3231552806177305
70.0,216.0,140.55001831054688,-2.122329315786468,1.802061285371577,-4.931716526883416,-3.0283693764857564,-2.486060058575672,0.8457611210177214,-0.5347108318649818,3.980144941527816,-0.4523532917964609,1.322373004556118
70.0,216.0,142.99522399902344,-2.123885695476875,1.7743101878719294,-4.91198230761888,-3.038744494237296,-2.4827602600683742,0.8460097373858783,-0.1610368484816937,3.9410607732845686,-0.4440028236741681,1.323951171818618
70.0,216.0,146.2761688232422,-2.133225175979208,3.462281879243472,-4.921855251414705,-3.028719476917402,-2.4961408509963485,0.8355252825089647,-0.1071358924429066,3.933548224370167,-0.4463564359981862,1.905561247710163
70.0,216.0,137.8173065185547,-2.1275901724240587,2.681242677054823,-4.924917493193287,-3.030922863189696,-2.4999339750487164,0.8421361691131704,-0.1002583925897743,3.9662315595948456,-0.444361239072035,1.3225336627976334
70.0,216.0,137.83448791503906,-2.1185114864137367,2.681190654795949,-4.920397552328796,-3.027868897199576,-2.498865657409995,0.8437030734803385,-0.0998827367955701,3.967616071972943,-0.4475367063268248,1.3239153918352513
70.0,216.0,137.90185546875,-2.123208482587378,2.681381833789675,-4.901664570795591,-3.033973112586292,-2.498950184738068,0.8409612847710842,-0.1024883203382251,3.964985449042335,-0.4436768751200105,1.3238238823365809
70.0,216.0,137.81985473632812,-2.127596216469379,2.682333382264904,-4.921650331642164,-3.032614584228958,-2.4973787577871427,0.8440753688181151,-0.1006959899596506,3.965717501922789,-0.4457134557394261,1.3232025068724664
70.0,216.0,153.1660919189453,-2.121447798556532,1.8336876551817392,-4.9380753146679925,-3.094233202647145,-3.0649950223856144,0.8354321701101891,-1.021508757068139,3.955010029302585,-0.4447028575291981,0.7080551592072115
70.0,216.0,139.02899169921875,-2.116680644044904,1.7765322336896483,-4.92446911086017,-3.03451167358634,-2.4973989430045243,0.8426549891252214,-0.1020728079898156,3.951844479960629,-0.4475878626756762,1.324240196570777
70.0,216.0,144.48789978027344,-2.141046964113209,1.771880474365917,-4.911381224157521,-3.040130457582591,-2.517262630056656,0.8055665997807893,-1.0369607176572375,3.977882256769657,-0.4549739669163189,1.3219810566530266
70.0,216.0,137.8336181640625,-2.125168205830352,2.6878407282432573,-4.923917737038467,-3.0326946840628395,-2.4998700724647818,0.8419479071890559,-0.0997608380501621,3.968272902014761,-0.4437080572701076,1.3233470501380022
70.0,216.0,150.5499267578125,-2.11968739608623,1.755035030369485,-4.927208819748874,-3.0244678618957064,-2.0218319945465275,0.8106048132035997,-1.0135414794231097,3.9867357123238514,-0.4552261932641993,1.349251448476138
70.0,216.0,140.0598907470703,-2.164817701741923,1.7858384313759987,-4.90336352167247,-3.066864914042139,-2.50056923429754,0.8434342846863904,-0.1148784521738972,3.965952049389358,-0.4458007797378894,1.3229520004973705
70.0,216.0,137.81439208984375,-2.1221045545761603,2.684901341712753,-4.923352344758549,-3.0284278703933,-2.5015736951342467,0.8413844609602693,-0.0988163641159081,3.965571854464297,-0.4445000913060603,1.3236941852536457
70.0,216.0,137.80862426757812,-2.126357229026779,2.6815540783963203,-4.923910402943254,-3.028654154862906,-2.499441810277803,0.8419021448847853,-0.0998990783856178,3.965253897981892,-0.444303191778522,1.3240209497614972
70.0,216.0,137.8474578857422,-2.131330386113813,2.682430583574172,-4.924970167174063,-3.027795555782357,-2.5039131930016385,0.8435864271389409,-0.0990846757006214,3.966713890843166,-0.4446025239090542,1.3235866606320048
70.0,216.0,140.52117919921875,-2.1272497769988306,1.774468940747441,-4.918171862643308,-3.039466282870276,-2.4890347571925453,0.8476899259151214,-0.521753245229758,3.96549093137469,-0.4572526271482879,1.3258236409937911
70.0,216.0,145.3743896484375,-2.055715787756611,3.5459383446779773,-4.926743274509718,-3.033548482115602,-2.496961460418813,0.8144829614976842,-0.053820621728324,3.954244038928831,-0.4430671415972534,1.6597223734601851
70.0,216.0,139.49063110351562,-2.127036784137281,2.6864341888011003,-4.922580773522917,-3.0061126931140665,-1.94209301285814,0.8409841124852037,-0.5625834980067171,3.962763002701845,-0.4500653814960387,1.3055394714877115
70.0,216.0,137.81744384765625,-2.1277224404567705,2.681837911661119,-4.924157043995317,-3.031281385129762,-2.4981128105050505,0.8438584129104354,-0.1007129788384623,3.964888576576502,-0.4454803480719521,1.3232394589601535
70.0,216.0,137.80738830566406,-2.124823656412992,2.685976061315521,-4.922415902586214,-3.0293809780473264,-2.49943301943963,0.8419689970643467,-0.1002958835263397,3.965724486233514,-0.444294678412925,1.3232536061695117
70.0,216.0,155.14508056640625,-2.144416528898283,1.7532622941419214,-4.910340166670732,-3.045212005694971,-1.9538792327145715,0.8337103093690844,-1.0439633387742353,3.904955445319976,-0.4075869564763927,0.7623833671535221
70.0,216.0,139.50372314453125,-2.122636484933675,3.5704206891638446,-4.928787274341943,-3.037851658567845,-2.525937593544493,0.8439742794215084,-0.1063149013750094,3.952908931022901,-0.4465054973198427,1.3217229165978648
70.0,216.0,137.804443359375,-2.124670019467279,2.679893225039872,-4.921389507959089,-3.02878719430555,-2.499496458552039,0.8416799446429538,-0.1001391488084174,3.9658734146100656,-0.4442398044905637,1.3231366446137922
70.0,216.0,157.8895721435547,-2.151116586352581,1.7765067177928218,-4.954217446239854,-3.688038395004858,-2.586077377730949,0.8144731752930827,-0.6122097261475492,3.624379146848815,-0.454328507982406,0.9702287003031408
70.0,216.0,160.38934326171875,-2.1239526524329047,1.7532778008160277,-4.793683137872873,-2.992665936417859,-3.0883299703921034,0.7444479414625762,-1.0498487622640318,3.959048847339001,-0.7967959506285662,0.7170082799296202
70.0,216.0,137.87831115722656,-2.124510098693175,2.6663050235718373,-4.922328526078624,-3.028564700986247,-2.4991499710345955,0.8451651867040735,-0.0993807048223387,3.9659859589655735,-0.4438588727688385,1.32365610500549
70.0,216.0,155.30633544921875,-2.110355142561264,1.7355664246072802,-4.897661520156259,-3.0945963635771343,-3.0647722813398968,0.8256285834289196,-1.0204516952792135,4.389633871132414,-0.4667985076585941,0.7287559592886229
70.0,216.0,158.0673828125,-2.13478528945232,1.8441109636686763,-4.929363763692761,-3.1294766675918138,-3.0546509867568057,1.330469986782295,-1.0107985278553162,3.543151829295136,-0.4498499097984712,0.7093224768745058
70.0,216.0,151.25607299804688,-2.172037136009037,1.7295055121999343,-4.886813252907739,-3.044272093932116,-2.527211347557737,0.8736419156014977,-1.0803740810791176,4.326682419773425,-0.4568381444550614,1.020613823807618
70.0,216.0,165.35855102539062,-2.0411344005614884,1.8033887960812784,-4.990096883276585,-3.0271535952284765,-1.9850275875294443,0.7502007915430735,-1.0075749577924853,3.0752222344234887,-0.4467256416415724,1.0584411608503208
70.0,216.0,165.263427734375,-2.025108824505472,1.819420873531608,-4.880777358367313,-3.048511178555349,-3.076473591889685,0.724041054625411,-1.045823708623605,4.79798916193166,-0.408550783489008,0.6991762171530035
70.0,216.0,137.8065948486328,-2.12305164274626,2.683972517465892,-4.920964716460563,-3.0296081263261456,-2.500754984013579,0.8405043929348875,-0.1003479088769314,3.9656589641166224,-0.4441023495333972,1.3231253480620222
70.0,216.0,160.2692413330078,-1.055922459328694,1.7735920722761906,-4.937958133848109,-1.695201673496223,-3.064020344723154,0.8372423768827528,-1.0608401158966236,4.429729571994304,-0.4561175576200931,0.7202760905369371
70.0,217.0,157.60691833496094,-2.1221509371431435,1.8392303061078088,-4.902514539010984,-3.0864103908050646,-3.0538475418464337,0.8517324402109121,-1.0171489627324086,3.092931355225164,-0.4559853455206131,0.9824460715350812
70.0,217.0,161.15728759765625,-1.9534206856324816,1.7536378394229737,-4.890109816254475,-3.0956079319477503,-3.0662115030366284,0.8279698431872164,-1.019189610828445,4.304919778195342,-0.4515226464921155,0.7024576952550962
70.0,217.0,137.86192321777344,-2.117800296695536,2.675060293822595,-4.922290025193135,-3.027935279981284,-2.5040521871909243,0.8478738732967751,-0.099897556218255,3.966110916736105,-0.4461138680384,1.3219547282552515
70.0,217.0,137.80984497070312,-2.121195999172497,2.683724913726353,-4.921178678895296,-3.031195003325342,-2.4998178660678807,0.8411989701421253,-0.1019645368211645,3.966085956407941,-0.4443536533710101,1.3231246855437488
70.0,217.0,137.81454467773438,-2.123460929684593,2.687099503559711,-4.92118617882127,-3.027828903547398,-2.499559709603428,0.8442675664622706,-0.100044251526803,3.966859327823789,-0.4442865912523274,1.3225530565539565
70.0,217.0,150.95826721191406,-2.1262525097823337,1.7737189882144293,-4.926724315985826,-3.0259742329384216,-2.437463469842107,1.4099652745982325,-1.0262765149084487,3.9233814230264574,-0.4512474950726279,1.609887845109697
70.0,217.0,156.08035278320312,-2.1580996450789263,1.728328627406782,-4.879695436337815,-3.0850529772078543,-3.06587044186364,0.8359929899162684,-1.015638048938622,3.5437633377229565,-0.4462973345896071,0.7233871726910266
70.0,217.0,141.4826202392578,-2.1261160085963327,2.6745115592972386,-4.932130452961332,-3.0058479524365764,-2.487836886697602,0.8532757011427905,-0.1386712797695375,3.976572900333153,-0.4512150426770004,1.61386797347447
70.0,217.0,139.23602294921875,-2.124386965066761,2.716316093722829,-4.917433618061569,-3.045723931389169,-2.4932869589555344,0.8422125785906374,-0.5433452579127146,3.964741335102909,-0.4451178811796737,1.3247974284651758
70.0,217.0,137.88394165039062,-2.123231109583445,2.681761137965191,-4.923502229694019,-3.029274413634937,-2.50598316337386,0.8434831098812867,-0.1021009711377894,3.9657377051492126,-0.4491665711094364,1.323365282939068
70.0,217.0,137.81100463867188,-2.1262492979030427,2.683139476337268,-4.9185248145305325,-3.032155399389432,-2.499529866425294,0.8412397850266196,-0.1004920108833427,3.963473581501015,-0.4446781294252085,1.3231878646109283
70.0,217.0,138.03582763671875,-2.124689543612708,2.702840805304718,-4.921887814602444,-3.0215537109947,-2.5004530716185784,0.8501463301415095,-0.1053728059958813,3.966210512626777,-0.447210579807624,1.32296401448563
70.0,217.0,137.84164428710938,-2.12804670038902,2.6847064657165047,-4.917691392838313,-3.030188335067299,-2.5025195689461563,0.8389571044026485,-0.1023476779682109,3.9649090227339663,-0.444245099893632,1.322082321992583
70.0,217.0,140.24879455566406,-2.159870733938664,2.731115036631711,-4.9260037736587945,-3.026109420242876,-2.4969789903477126,0.8477610668538871,-0.1324560854486751,3.968281489788039,-0.4577944531271202,1.3256317406561045
70.0,217.0,177.90628051757812,-0.9480992037287066,1.6698462529856726,-4.92126265432442,-3.066282443454009,-3.048841576344093,1.9184003846581128,-1.029547548154336,4.407033002134062,-0.5675828178794807,0.7291447687456702
70.0,217.0,137.81613159179688,-2.124824197703826,2.68336736969136,-4.922167734638176,-3.025221760804816,-2.498886923077994,0.8423737693659313,-0.1019705919753763,3.965648335159033,-0.4441046609540398,1.3231552806177305
70.0,217.0,140.55001831054688,-2.122329315786468,1.802061285371577,-4.931716526883416,-3.0283693764857564,-2.486060058575672,0.8457611210177214,-0.5347108318649818,3.980144941527816,-0.4523532917964609,1.322373004556118
70.0,217.0,142.99522399902344,-2.123885695476875,1.7743101878719294,-4.91198230761888,-3.038744494237296,-2.4827602600683742,0.8460097373858783,-0.1610368484816937,3.9410607732845686,-0.4440028236741681,1.323951171818618
70.0,217.0,146.2761688232422,-2.133225175979208,3.462281879243472,-4.921855251414705,-3.028719476917402,-2.4961408509963485,0.8355252825089647,-0.1071358924429066,3.933548224370167,-0.4463564359981862,1.905561247710163
70.0,217.0,137.8173065185547,-2.1275901724240587,2.681242677054823,-4.924917493193287,-3.030922863189696,-2.4999339750487164,0.8421361691131704,-0.1002583925897743,3.9662315595948456,-0.444361239072035,1.3225336627976334
70.0,217.0,137.83448791503906,-2.1185114864137367,2.681190654795949,-4.920397552328796,-3.027868897199576,-2.498865657409995,0.8437030734803385,-0.0998827367955701,3.967616071972943,-0.4475367063268248,1.3239153918352513
70.0,217.0,137.90185546875,-2.123208482587378,2.681381833789675,-4.901664570795591,-3.033973112586292,-2.498950184738068,0.8409612847710842,-0.1024883203382251,3.964985449042335,-0.4436768751200105,1.3238238823365809
70.0,217.0,137.81985473632812,-2.127596216469379,2.682333382264904,-4.921650331642164,-3.032614584228958,-2.4973787577871427,0.8440753688181151,-0.1006959899596506,3.965717501922789,-0.4457134557394261,1.3232025068724664
70.0,217.0,153.1660919189453,-2.121447798556532,1.8336876551817392,-4.9380753146679925,-3.094233202647145,-3.0649950223856144,0.8354321701101891,-1.021508757068139,3.955010029302585,-0.4447028575291981,0.7080551592072115
70.0,217.0,139.02899169921875,-2.116680644044904,1.7765322336896483,-4.92446911086017,-3.03451167358634,-2.4973989430045243,0.8426549891252214,-0.1020728079898156,3.951844479960629,-0.4475878626756762,1.324240196570777
70.0,217.0,144.48789978027344,-2.141046964113209,1.771880474365917,-4.911381224157521,-3.040130457582591,-2.517262630056656,0.8055665997807893,-1.0369607176572375,3.977882256769657,-0.4549739669163189,1.3219810566530266
70.0,217.0,137.8336181640625,-2.125168205830352,2.6878407282432573,-4.923917737038467,-3.0326946840628395,-2.4998700724647818,0.8419479071890559,-0.0997608380501621,3.968272902014761,-0.4437080572701076,1.3233470501380022
70.0,217.0,150.5499267578125,-2.11968739608623,1.755035030369485,-4.927208819748874,-3.0244678618957064,-2.0218319945465275,0.8106048132035997,-1.0135414794231097,3.9867357123238514,-0.4552261932641993,1.349251448476138
70.0,217.0,140.0598907470703,-2.164817701741923,1.7858384313759987,-4.90336352167247,-3.066864914042139,-2.50056923429754,0.8434342846863904,-0.1148784521738972,3.965952049389358,-0.4458007797378894,1.3229520004973705
70.0,217.0,137.81439208984375,-2.1221045545761603,2.684901341712753,-4.923352344758549,-3.0284278703933,-2.5015736951342467,0.8413844609602693,-0.0988163641159081,3.965571854464297,-0.4445000913060603,1.3236941852536457
70.0,217.0,137.80862426757812,-2.126357229026779,2.6815540783963203,-4.923910402943254,-3.028654154862906,-2.499441810277803,0.8419021448847853,-0.0998990783856178,3.965253897981892,-0.444303191778522,1.3240209497614972
70.0,217.0,137.8474578857422,-2.131330386113813,2.682430583574172,-4.924970167174063,-3.027795555782357,-2.5039131930016385,0.8435864271389409,-0.0990846757006214,3.966713890843166,-0.4446025239090542,1.3235866606320048
70.0,217.0,140.52117919921875,-2.1272497769988306,1.774468940747441,-4.918171862643308,-3.039466282870276,-2.4890347571925453,0.8476899259151214,-0.521753245229758,3.96549093137469,-0.4572526271482879,1.3258236409937911
70.0,217.0,145.3743896484375,-2.055715787756611,3.5459383446779773,-4.926743274509718,-3.033548482115602,-2.496961460418813,0.8144829614976842,-0.053820621728324,3.954244038928831,-0.4430671415972534,1.6597223734601851
70.0,217.0,139.49063110351562,-2.127036784137281,2.6864341888011003,-4.922580773522917,-3.0061126931140665,-1.94209301285814,0.8409841124852037,-0.5625834980067171,3.962763002701845,-0.4500653814960387,1.3055394714877115
70.0,217.0,137.81744384765625,-2.1277224404567705,2.681837911661119,-4.924157043995317,-3.031281385129762,-2.4981128105050505,0.8438584129104354,-0.1007129788384623,3.964888576576502,-0.4454803480719521,1.3232394589601535
70.0,217.0,137.80738830566406,-2.124823656412992,2.685976061315521,-4.922415902586214,-3.0293809780473264,-2.49943301943963,0.8419689970643467,-0.1002958835263397,3.965724486233514,-0.444294678412925,1.3232536061695117
70.0,217.0,155.14508056640625,-2.144416528898283,1.7532622941419214,-4.910340166670732,-3.045212005694971,-1.9538792327145715,0.8337103093690844,-1.0439633387742353,3.904955445319976,-0.4075869564763927,0.7623833671535221
70.0,217.0,139.50372314453125,-2.122636484933675,3.5704206891638446,-4.928787274341943,-3.037851658567845,-2.525937593544493,0.8439742794215084,-0.1063149013750094,3.952908931022901,-0.4465054973198427,1.3217229165978648
70.0,217.0,137.804443359375,-2.124670019467279,2.679893225039872,-4.921389507959089,-3.02878719430555,-2.499496458552039,0.8416799446429538,-0.1001391488084174,3.9658734146100656,-0.4442398044905637,1.3231366446137922
70.0,217.0,157.8895721435547,-2.151116586352581,1.7765067177928218,-4.954217446239854,-3.688038395004858,-2.586077377730949,0.8144731752930827,-0.6122097261475492,3.624379146848815,-0.454328507982406,0.9702287003031408
70.0,217.0,160.38934326171875,-2.1239526524329047,1.7532778008160277,-4.793683137872873,-2.992665936417859,-3.0883299703921034,0.7444479414625762,-1.0498487622640318,3.959048847339001,-0.7967959506285662,0.7170082799296202
70.0,217.0,137.84182739257812,-2.1247149407309327,2.694296361513511,-4.921492896593847,-3.028843895301477,-2.499794089932558,0.8410435611015418,-0.0997679256217796,3.965593410748723,-0.4442341974719738,1.3233500556829068
70.0,217.0,155.30633544921875,-2.110355142561264,1.7355664246072802,-4.897661520156259,-3.0945963635771343,-3.0647722813398968,0.8256285834289196,-1.0204516952792135,4.389633871132414,-0.4667985076585941,0.7287559592886229
70.0,217.0,158.0673828125,-2.13478528945232,1.8441109636686763,-4.929363763692761,-3.1294766675918138,-3.0546509867568057,1.330469986782295,-1.0107985278553162,3.543151829295136,-0.4498499097984712,0.7093224768745058
70.0,217.0,151.25607299804688,-2.172037136009037,1.7295055121999343,-4.886813252907739,-3.044272093932116,-2.527211347557737,0.8736419156014977,-1.0803740810791176,4.326682419773425,-0.4568381444550614,1.020613823807618
70.0,217.0,165.35855102539062,-2.0411344005614884,1.8033887960812784,-4.990096883276585,-3.0271535952284765,-1.9850275875294443,0.7502007915430735,-1.0075749577924853,3.0752222344234887,-0.4467256416415724,1.0584411608503208
70.0,217.0,165.263427734375,-2.025108824505472,1.819420873531608,-4.880777358367313,-3.048511178555349,-3.076473591889685,0.724041054625411,-1.045823708623605,4.79798916193166,-0.408550783489008,0.6991762171530035
70.0,217.0,137.80636596679688,-2.122915562680437,2.680808291807184,-4.9201214756726,-3.0279946977012537,-2.5008340981583577,0.8409008821851086,-0.0996253010801343,3.966166775670181,-0.444089566975385,1.323048463184353
70.0,217.0,160.2692413330078,-1.055922459328694,1.7735920722761906,-4.937958133848109,-1.695201673496223,-3.064020344723154,0.8372423768827528,-1.0608401158966236,4.429729571994304,-0.4561175576200931,0.7202760905369371
70.0,218.0,157.60691833496094,-2.1221509371431435,1.8392303061078088,-4.902514539010984,-3.0864103908050646,-3.0538475418464337,0.8517324402109121,-1.0171489627324086,3.092931355225164,-0.4559853455206131,0.9824460715350812
70.0,218.0,161.15728759765625,-1.9534206856324816,1.7536378394229737,-4.890109816254475,-3.0956079319477503,-3.0662115030366284,0.8279698431872164,-1.019189610828445,4.304919778195342,-0.4515226464921155,0.7024576952550962
70.0,218.0,137.86192321777344,-2.117800296695536,2.675060293822595,-4.922290025193135,-3.027935279981284,-2.5040521871909243,0.8478738732967751,-0.099897556218255,3.966110916736105,-0.4461138680384,1.3219547282552515
70.0,218.0,137.80984497070312,-2.121195999172497,2.683724913726353,-4.921178678895296,-3.031195003325342,-2.4998178660678807,0.8411989701421253,-0.1019645368211645,3.966085956407941,-0.4443536533710101,1.3231246855437488
70.0,218.0,137.81454467773438,-2.123460929684593,2.687099503559711,-4.92118617882127,-3.027828903547398,-2.499559709603428,0.8442675664622706,-0.100044251526803,3.966859327823789,-0.4442865912523274,1.3225530565539565
70.0,218.0,150.95826721191406,-2.1262525097823337,1.7737189882144293,-4.926724315985826,-3.0259742329384216,-2.437463469842107,1.4099652745982325,-1.0262765149084487,3.9233814230264574,-0.4512474950726279,1.609887845109697
70.0,218.0,156.08035278320312,-2.1580996450789263,1.728328627406782,-4.879695436337815,-3.0850529772078543,-3.06587044186364,0.8359929899162684,-1.015638048938622,3.5437633377229565,-0.4462973345896071,0.7233871726910266
70.0,218.0,141.4826202392578,-2.1261160085963327,2.6745115592972386,-4.932130452961332,-3.0058479524365764,-2.487836886697602,0.8532757011427905,-0.1386712797695375,3.976572900333153,-0.4512150426770004,1.61386797347447
70.0,218.0,139.23602294921875,-2.124386965066761,2.716316093722829,-4.917433618061569,-3.045723931389169,-2.4932869589555344,0.8422125785906374,-0.5433452579127146,3.964741335102909,-0.4451178811796737,1.3247974284651758
70.0,218.0,137.8523406982422,-2.1245271616941883,2.6864018553509785,-4.92226843301032,-3.029786096087027,-2.5042831186101235,0.8433049839461498,-0.1034974031266464,3.965948627306062,-0.4462387513196498,1.3233764516383502
70.0,218.0,137.80642700195312,-2.125618611474429,2.6784178966284418,-4.918893249922101,-3.029081125327927,-2.4995102028453755,0.8419417937928138,-0.1001976183390108,3.964207792701794,-0.4439862098666912,1.323142429952738
70.0,218.0,138.00900268554688,-2.124445660997503,2.700627362102398,-4.920747261161442,-3.02271513272405,-2.5008419987972146,0.8497059691362052,-0.1040766294136099,3.9676430459507137,-0.4482391904155214,1.323140821630569
70.0,218.0,137.84164428710938,-2.12804670038902,2.6847064657165047,-4.917691392838313,-3.030188335067299,-2.5025195689461563,0.8389571044026485,-0.1023476779682109,3.9649090227339663,-0.444245099893632,1.322082321992583
70.0,218.0,140.24879455566406,-2.159870733938664,2.731115036631711,-4.9260037736587945,-3.026109420242876,-2.4969789903477126,0.8477610668538871,-0.1324560854486751,3.968281489788039,-0.4577944531271202,1.3256317406561045
70.0,218.0,177.90628051757812,-0.9480992037287066,1.6698462529856726,-4.92126265432442,-3.066282443454009,-3.048841576344093,1.9184003846581128,-1.029547548154336,4.407033002134062,-0.5675828178794807,0.7291447687456702
70.0,218.0,137.8144073486328,-2.124290776708156,2.681263095763781,-4.921525578331918,-3.026731778483701,-2.498858741865207,0.8416662070104133,-0.1022928511460173,3.965965697570583,-0.4441831247575188,1.323204001206607
70.0,218.0,140.55001831054688,-2.122329315786468,1.802061285371577,-4.931716526883416,-3.0283693764857564,-2.486060058575672,0.8457611210177214,-0.5347108318649818,3.980144941527816,-0.4523532917964609,1.322373004556118
70.0,218.0,142.99522399902344,-2.123885695476875,1.7743101878719294,-4.91198230761888,-3.038744494237296,-2.4827602600683742,0.8460097373858783,-0.1610368484816937,3.9410607732845686,-0.4440028236741681,1.323951171818618
70.0,218.0,146.2761688232422,-2.133225175979208,3.462281879243472,-4.921855251414705,-3.028719476917402,-2.4961408509963485,0.8355252825089647,-0.1071358924429066,3.933548224370167,-0.4463564359981862,1.905561247710163
70.0,218.0,137.8173065185547,-2.1275901724240587,2.681242677054823,-4.924917493193287,-3.030922863189696,-2.4999339750487164,0.8421361691131704,-0.1002583925897743,3.9662315595948456,-0.444361239072035,1.3225336627976334
70.0,218.0,137.83448791503906,-2.1185114864137367,2.681190654795949,-4.920397552328796,-3.027868897199576,-2.498865657409995,0.8437030734803385,-0.0998827367955701,3.967616071972943,-0.4475367063268248,1.3239153918352513
70.0,218.0,137.90185546875,-2.123208482587378,2.681381833789675,-4.901664570795591,-3.033973112586292,-2.498950184738068,0.8409612847710842,-0.1024883203382251,3.964985449042335,-0.4436768751200105,1.3238238823365809
70.0,218.0,137.81985473632812,-2.127596216469379,2.682333382264904,-4.921650331642164,-3.032614584228958,-2.4973787577871427,0.8440753688181151,-0.1006959899596506,3.965717501922789,-0.4457134557394261,1.3232025068724664
70.0,218.0,153.1660919189453,-2.121447798556532,1.8336876551817392,-4.9380753146679925,-3.094233202647145,-3.0649950223856144,0.8354321701101891,-1.021508757068139,3.955010029302585,-0.4447028575291981,0.7080551592072115
70.0,218.0,139.02899169921875,-2.116680644044904,1.7765322336896483,-4.92446911086017,-3.03451167358634,-2.4973989430045243,0.8426549891252214,-0.1020728079898156,3.951844479960629,-0.4475878626756762,1.324240196570777
70.0,218.0,144.48789978027344,-2.141046964113209,1.771880474365917,-4.911381224157521,-3.040130457582591,-2.517262630056656,0.8055665997807893,-1.0369607176572375,3.977882256769657,-0.4549739669163189,1.3219810566530266
70.0,218.0,137.8165283203125,-2.126081894596424,2.679335493692008,-4.920630106226465,-3.025735157028953,-2.4989366580893555,0.841878688234777,-0.0998634773037259,3.9669623876210416,-0.4437851927162106,1.32315461685406
70.0,218.0,150.5499267578125,-2.11968739608623,1.755035030369485,-4.927208819748874,-3.0244678618957064,-2.0218319945465275,0.8106048132035997,-1.0135414794231097,3.9867357123238514,-0.4552261932641993,1.349251448476138
70.0,218.0,140.0598907470703,-2.164817701741923,1.7858384313759987,-4.90336352167247,-3.066864914042139,-2.50056923429754,0.8434342846863904,-0.1148784521738972,3.965952049389358,-0.4458007797378894,1.3229520004973705
70.0,218.0,137.81439208984375,-2.1221045545761603,2.684901341712753,-4.923352344758549,-3.0284278703933,-2.5015736951342467,0.8413844609602693,-0.0988163641159081,3.965571854464297,-0.4445000913060603,1.3236941852536457
70.0,218.0,137.80862426757812,-2.126357229026779,2.6815540783963203,-4.923910402943254,-3.028654154862906,-2.499441810277803,0.8419021448847853,-0.0998990783856178,3.965253897981892,-0.444303191778522,1.3240209497614972
70.0,218.0,137.8474578857422,-2.131330386113813,2.682430583574172,-4.924970167174063,-3.027795555782357,-2.5039131930016385,0.8435864271389409,-0.0990846757006214,3.966713890843166,-0.4446025239090542,1.3235866606320048
70.0,218.0,140.52117919921875,-2.1272497769988306,1.774468940747441,-4.918171862643308,-3.039466282870276,-2.4890347571925453,0.8476899259151214,-0.521753245229758,3.96549093137469,-0.4572526271482879,1.3258236409937911
70.0,218.0,145.3743896484375,-2.055715787756611,3.5459383446779773,-4.926743274509718,-3.033548482115602,-2.496961460418813,0.8144829614976842,-0.053820621728324,3.954244038928831,-0.4430671415972534,1.6597223734601851
70.0,218.0,139.49063110351562,-2.127036784137281,2.6864341888011003,-4.922580773522917,-3.0061126931140665,-1.94209301285814,0.8409841124852037,-0.5625834980067171,3.962763002701845,-0.4500653814960387,1.3055394714877115
70.0,218.0,137.81744384765625,-2.1277224404567705,2.681837911661119,-4.924157043995317,-3.031281385129762,-2.4981128105050505,0.8438584129104354,-0.1007129788384623,3.964888576576502,-0.4454803480719521,1.3232394589601535
70.0,218.0,137.80738830566406,-2.124823656412992,2.685976061315521,-4.922415902586214,-3.0293809780473264,-2.49943301943963,0.8419689970643467,-0.1002958835263397,3.965724486233514,-0.444294678412925,1.3232536061695117
70.0,218.0,155.14508056640625,-2.144416528898283,1.7532622941419214,-4.910340166670732,-3.045212005694971,-1.9538792327145715,0.8337103093690844,-1.0439633387742353,3.904955445319976,-0.4075869564763927,0.7623833671535221
70.0,218.0,139.50372314453125,-2.122636484933675,3.5704206891638446,-4.928787274341943,-3.037851658567845,-2.525937593544493,0.8439742794215084,-0.1063149013750094,3.952908931022901,-0.4465054973198427,1.3217229165978648
70.0,218.0,137.804443359375,-2.124670019467279,2.679893225039872,-4.921389507959089,-3.02878719430555,-2.499496458552039,0.8416799446429538,-0.1001391488084174,3.9658734146100656,-0.4442398044905637,1.3231366446137922
70.0,218.0,157.8895721435547,-2.151116586352581,1.7765067177928218,-4.954217446239854,-3.688038395004858,-2.586077377730949,0.8144731752930827,-0.6122097261475492,3.624379146848815,-0.454328507982406,0.9702287003031408
70.0,218.0,160.38934326171875,-2.1239526524329047,1.7532778008160277,-4.793683137872873,-2.992665936417859,-3.0883299703921034,0.7444479414625762,-1.0498487622640318,3.959048847339001,-0.7967959506285662,0.7170082799296202
70.0,218.0,137.82225036621094,-2.124755068595115,2.6895974064895967,-4.921105755537936,-3.0288326038987843,-2.499516603824,0.8404953327606955,-0.1006951227503055,3.965819902896772,-0.4443930226730913,1.3229146463968022
70.0,218.0,155.30633544921875,-2.110355142561264,1.7355664246072802,-4.897661520156259,-3.0945963635771343,-3.0647722813398968,0.8256285834289196,-1.0204516952792135,4.389633871132414,-0.4667985076585941,0.7287559592886229
70.0,218.0,158.0673828125,-2.13478528945232,1.8441109636686763,-4.929363763692761,-3.1294766675918138,-3.0546509867568057,1.330469986782295,-1.0107985278553162,3.543151829295136,-0.4498499097984712,0.7093224768745058
70.0,218.0,151.25607299804688,-2.172037136009037,1.7295055121999343,-4.886813252907739,-3.044272093932116,-2.527211347557737,0.8736419156014977,-1.0803740810791176,4.326682419773425,-0.4568381444550614,1.020613823807618
70.0,218.0,165.35855102539062,-2.0411344005614884,1.8033887960812784,-4.990096883276585,-3.0271535952284765,-1.9850275875294443,0.7502007915430735,-1.0075749577924853,3.0752222344234887,-0.4467256416415724,1.0584411608503208
70.0,218.0,165.263427734375,-2.025108824505472,1.819420873531608,-4.880777358367313,-3.048511178555349,-3.076473591889685,0.724041054625411,-1.045823708623605,4.79798916193166,-0.408550783489008,0.6991762171530035
70.0,218.0,137.80636596679688,-2.122915562680437,2.680808291807184,-4.9201214756726,-3.0279946977012537,-2.5008340981583577,0.8409008821851086,-0.0996253010801343,3.966166775670181,-0.444089566975385,1.323048463184353
70.0,218.0,160.2692413330078,-1.055922459328694,1.7735920722761906,-4.937958133848109,-1.695201673496223,-3.064020344723154,0.8372423768827528,-1.0608401158966236,4.429729571994304,-0.4561175576200931,0.7202760905369371
70.0,219.0,157.60691833496094,-2.1221509371431435,1.8392303061078088,-4.902514539010984,-3.0864103908050646,-3.0538475418464337,0.8517324402109121,-1.0171489627324086,3.092931355225164,-0.4559853455206131,0.9824460715350812
70.0,219.0,161.15728759765625,-1.9534206856324816,1.7536378394229737,-4.890109816254475,-3.0956079319477503,-3.0662115030366284,0.8279698431872164,-1.019189610828445,4.304919778195342,-0.4515226464921155,0.7024576952550962
70.0,219.0,137.86192321777344,-2.117800296695536,2.675060293822595,-4.922290025193135,-3.027935279981284,-2.5040521871909243,0.8478738732967751,-0.099897556218255,3.966110916736105,-0.4461138680384,1.3219547282552515
70.0,219.0,137.8007354736328,-2.11874858425824,2.6830495050636785,-4.921572170529264,-3.029930532135108,-2.500044037785152,0.8417896551606292,-0.0995665239623932,3.9660535743448713,-0.4443549889952953,1.3231351745149451
70.0,219.0,137.81454467773438,-2.123460929684593,2.687099503559711,-4.92118617882127,-3.027828903547398,-2.499559709603428,0.8442675664622706,-0.100044251526803,3.966859327823789,-0.4442865912523274,1.3225530565539565
70.0,219.0,150.95826721191406,-2.1262525097823337,1.7737189882144293,-4.926724315985826,-3.0259742329384216,-2.437463469842107,1.4099652745982325,-1.0262765149084487,3.9233814230264574,-0.4512474950726279,1.609887845109697
70.0,219.0,156.08035278320312,-2.1580996450789263,1.728328627406782,-4.879695436337815,-3.0850529772078543,-3.06587044186364,0.8359929899162684,-1.015638048938622,3.5437633377229565,-0.4462973345896071,0.7233871726910266
70.0,219.0,141.4826202392578,-2.1261160085963327,2.6745115592972386,-4.932130452961332,-3.0058479524365764,-2.487836886697602,0.8532757011427905,-0.1386712797695375,3.976572900333153,-0.4512150426770004,1.61386797347447
70.0,219.0,139.23602294921875,-2.124386965066761,2.716316093722829,-4.917433618061569,-3.045723931389169,-2.4932869589555344,0.8422125785906374,-0.5433452579127146,3.964741335102909,-0.4451178811796737,1.3247974284651758
70.0,219.0,137.8385009765625,-2.1245603097201133,2.6898679846257503,-4.920561307374896,-3.02776508514825,-2.4952284989701283,0.8423393324392949,-0.1031144334588134,3.96596865647948,-0.4449668201672571,1.3234646930677405
70.0,219.0,137.80642700195312,-2.125618611474429,2.6784178966284418,-4.918893249922101,-3.029081125327927,-2.4995102028453755,0.8419417937928138,-0.1001976183390108,3.964207792701794,-0.4439862098666912,1.323142429952738
70.0,219.0,138.00900268554688,-2.124445660997503,2.700627362102398,-4.920747261161442,-3.02271513272405,-2.5008419987972146,0.8497059691362052,-0.1040766294136099,3.9676430459507137,-0.4482391904155214,1.323140821630569
70.0,219.0,137.84164428710938,-2.12804670038902,2.6847064657165047,-4.917691392838313,-3.030188335067299,-2.5025195689461563,0.8389571044026485,-0.1023476779682109,3.9649090227339663,-0.444245099893632,1.322082321992583
70.0,219.0,140.24879455566406,-2.159870733938664,2.731115036631711,-4.9260037736587945,-3.026109420242876,-2.4969789903477126,0.8477610668538871,-0.1324560854486751,3.968281489788039,-0.4577944531271202,1.3256317406561045
70.0,219.0,177.90628051757812,-0.9480992037287066,1.6698462529856726,-4.92126265432442,-3.066282443454009,-3.048841576344093,1.9184003846581128,-1.029547548154336,4.407033002134062,-0.5675828178794807,0.7291447687456702
70.0,219.0,137.802490234375,-2.1245541016964227,2.680659821901315,-4.921156818087162,-3.029968195597984,-2.499320566785325,0.8415610213347058,-0.0992569907843801,3.9658391853489694,-0.4443143594915415,1.3232999825729386
70.0,219.0,140.55001831054688,-2.122329315786468,1.802061285371577,-4.931716526883416,-3.0283693764857564,-2.486060058575672,0.8457611210177214,-0.5347108318649818,3.980144941527816,-0.4523532917964609,1.322373004556118
70.0,219.0,142.99522399902344,-2.123885695476875,1.7743101878719294,-4.91198230761888,-3.038744494237296,-2.4827602600683742,0.8460097373858783,-0.1610368484816937,3.9410607732845686,-0.4440028236741681,1.323951171818618
70.0,219.0,146.2761688232422,-2.133225175979208,3.462281879243472,-4.921855251414705,-3.028719476917402,-2.4961408509963485,0.8355252825089647,-0.1071358924429066,3.933548224370167,-0.4463564359981862,1.905561247710163
70.0,219.0,137.8173065185547,-2.1275901724240587,2.681242677054823,-4.924917493193287,-3.030922863189696,-2.4999339750487164,0.8421361691131704,-0.1002583925897743,3.9662315595948456,-0.444361239072035,1.3225336627976334
70.0,219.0,137.83448791503906,-2.1185114864137367,2.681190654795949,-4.920397552328796,-3.027868897199576,-2.498865657409995,0.8437030734803385,-0.0998827367955701,3.967616071972943,-0.4475367063268248,1.3239153918352513
70.0,219.0,137.90185546875,-2.123208482587378,2.681381833789675,-4.901664570795591,-3.033973112586292,-2.498950184738068,0.8409612847710842,-0.1024883203382251,3.964985449042335,-0.4436768751200105,1.3238238823365809
70.0,219.0,137.81985473632812,-2.127596216469379,2.682333382264904,-4.921650331642164,-3.032614584228958,-2.4973787577871427,0.8440753688181151,-0.1006959899596506,3.965717501922789,-0.4457134557394261,1.3232025068724664
70.0,219.0,153.1660919189453,-2.121447798556532,1.8336876551817392,-4.9380753146679925,-3.094233202647145,-3.0649950223856144,0.8354321701101891,-1.021508757068139,3.955010029302585,-0.4447028575291981,0.7080551592072115
70.0,219.0,139.02899169921875,-2.116680644044904,1.7765322336896483,-4.92446911086017,-3.03451167358634,-2.4973989430045243,0.8426549891252214,-0.1020728079898156,3.951844479960629,-0.4475878626756762,1.324240196570777
70.0,219.0,144.48789978027344,-2.141046964113209,1.771880474365917,-4.911381224157521,-3.040130457582591,-2.517262630056656,0.8055665997807893,-1.0369607176572375,3.977882256769657,-0.4549739669163189,1.3219810566530266
70.0,219.0,137.81539916992188,-2.12639264078589,2.6773080788805554,-4.921094188469166,-3.026405984689953,-2.498894349600861,0.8416891809435486,-0.100283263533296,3.9654526061456967,-0.4445509548044696,1.3231845872775398
70.0,219.0,150.5499267578125,-2.11968739608623,1.755035030369485,-4.927208819748874,-3.0244678618957064,-2.0218319945465275,0.8106048132035997,-1.0135414794231097,3.9867357123238514,-0.4552261932641993,1.349251448476138
70.0,219.0,140.0598907470703,-2.164817701741923,1.7858384313759987,-4.90336352167247,-3.066864914042139,-2.50056923429754,0.8434342846863904,-0.1148784521738972,3.965952049389358,-0.4458007797378894,1.3229520004973705
70.0,219.0,137.81439208984375,-2.1221045545761603,2.684901341712753,-4.923352344758549,-3.0284278703933,-2.5015736951342467,0.8413844609602693,-0.0988163641159081,3.965571854464297,-0.4445000913060603,1.3236941852536457
70.0,219.0,137.80862426757812,-2.126357229026779,2.6815540783963203,-4.923910402943254,-3.028654154862906,-2.499441810277803,0.8419021448847853,-0.0998990783856178,3.965253897981892,-0.444303191778522,1.3240209497614972
70.0,219.0,137.8474578857422,-2.131330386113813,2.682430583574172,-4.924970167174063,-3.027795555782357,-2.5039131930016385,0.8435864271389409,-0.0990846757006214,3.966713890843166,-0.4446025239090542,1.3235866606320048
70.0,219.0,140.52117919921875,-2.1272497769988306,1.774468940747441,-4.918171862643308,-3.039466282870276,-2.4890347571925453,0.8476899259151214,-0.521753245229758,3.96549093137469,-0.4572526271482879,1.3258236409937911
70.0,219.0,145.3743896484375,-2.055715787756611,3.5459383446779773,-4.926743274509718,-3.033548482115602,-2.496961460418813,0.8144829614976842,-0.053820621728324,3.954244038928831,-0.4430671415972534,1.6597223734601851
70.0,219.0,139.49063110351562,-2.127036784137281,2.6864341888011003,-4.922580773522917,-3.0061126931140665,-1.94209301285814,0.8409841124852037,-0.5625834980067171,3.962763002701845,-0.4500653814960387,1.3055394714877115
70.0,219.0,137.81744384765625,-2.1277224404567705,2.681837911661119,-4.924157043995317,-3.031281385129762,-2.4981128105050505,0.8438584129104354,-0.1007129788384623,3.964888576576502,-0.4454803480719521,1.3232394589601535
70.0,219.0,137.80738830566406,-2.124823656412992,2.685976061315521,-4.922415902586214,-3.0293809780473264,-2.49943301943963,0.8419689970643467,-0.1002958835263397,3.965724486233514,-0.444294678412925,1.3232536061695117
70.0,219.0,155.14508056640625,-2.144416528898283,1.7532622941419214,-4.910340166670732,-3.045212005694971,-1.9538792327145715,0.8337103093690844,-1.0439633387742353,3.904955445319976,-0.4075869564763927,0.7623833671535221
70.0,219.0,138.63873291015625,-2.1368682109999457,2.7062366505201223,-4.921194150472536,-3.037370917849949,-2.50180679900615,0.8461352424764279,-0.0999577831131224,3.9599112423323,-0.4418579737694652,1.3216623326141
70.0,219.0,137.804443359375,-2.124670019467279,2.679893225039872,-4.921389507959089,-3.02878719430555,-2.499496458552039,0.8416799446429538,-0.1001391488084174,3.9658734146100656,-0.4442398044905637,1.3231366446137922
70.0,219.0,157.8895721435547,-2.151116586352581,1.7765067177928218,-4.954217446239854,-3.688038395004858,-2.586077377730949,0.8144731752930827,-0.6122097261475492,3.624379146848815,-0.454328507982406,0.9702287003031408
70.0,219.0,160.38934326171875,-2.1239526524329047,1.7532778008160277,-4.793683137872873,-2.992665936417859,-3.0883299703921034,0.7444479414625762,-1.0498487622640318,3.959048847339001,-0.7967959506285662,0.7170082799296202
70.0,219.0,137.82225036621094,-2.124755068595115,2.6895974064895967,-4.921105755537936,-3.0288326038987843,-2.499516603824,0.8404953327606955,-0.1006951227503055,3.965819902896772,-0.4443930226730913,1.3229146463968022
70.0,219.0,155.30633544921875,-2.110355142561264,1.7355664246072802,-4.897661520156259,-3.0945963635771343,-3.0647722813398968,0.8256285834289196,-1.0204516952792135,4.389633871132414,-0.4667985076585941,0.7287559592886229
70.0,219.0,158.0673828125,-2.13478528945232,1.8441109636686763,-4.929363763692761,-3.1294766675918138,-3.0546509867568057,1.330469986782295,-1.0107985278553162,3.543151829295136,-0.4498499097984712,0.7093224768745058
70.0,219.0,151.25607299804688,-2.172037136009037,1.7295055121999343,-4.886813252907739,-3.044272093932116,-2.527211347557737,0.8736419156014977,-1.0803740810791176,4.326682419773425,-0.4568381444550614,1.020613823807618
70.0,219.0,165.35855102539062,-2.0411344005614884,1.8033887960812784,-4.990096883276585,-3.0271535952284765,-1.9850275875294443,0.7502007915430735,-1.0075749577924853,3.0752222344234887,-0.4467256416415724,1.0584411608503208
70.0,219.0,165.263427734375,-2.025108824505472,1.819420873531608,-4.880777358367313,-3.048511178555349,-3.076473591889685,0.724041054625411,-1.045823708623605,4.79798916193166,-0.408550783489008,0.6991762171530035
70.0,219.0,137.80636596679688,-2.122915562680437,2.680808291807184,-4.9201214756726,-3.0279946977012537,-2.5008340981583577,0.8409008821851086,-0.0996253010801343,3.966166775670181,-0.444089566975385,1.323048463184353
70.0,219.0,160.2692413330078,-1.055922459328694,1.7735920722761906,-4.937958133848109,-1.695201673496223,-3.064020344723154,0.8372423768827528,-1.0608401158966236,4.429729571994304,-0.4561175576200931,0.7202760905369371
70.0,220.0,157.60691833496094,-2.1221509371431435,1.8392303061078088,-4.902514539010984,-3.0864103908050646,-3.0538475418464337,0.8517324402109121,-1.0171489627324086,3.092931355225164,-0.4559853455206131,0.9824460715350812
70.0,220.0,161.15728759765625,-1.9534206856324816,1.7536378394229737,-4.890109816254475,-3.0956079319477503,-3.0662115030366284,0.8279698431872164,-1.019189610828445,4.304919778195342,-0.4515226464921155,0.7024576952550962
70.0,220.0,137.86192321777344,-2.117800296695536,2.675060293822595,-4.922290025193135,-3.027935279981284,-2.5040521871909243,0.8478738732967751,-0.099897556218255,3.966110916736105,-0.4461138680384,1.3219547282552515
70.0,220.0,137.8007354736328,-2.11874858425824,2.6830495050636785,-4.921572170529264,-3.029930532135108,-2.500044037785152,0.8417896551606292,-0.0995665239623932,3.9660535743448713,-0.4443549889952953,1.3231351745149451
70.0,220.0,137.81454467773438,-2.123460929684593,2.687099503559711,-4.92118617882127,-3.027828903547398,-2.499559709603428,0.8442675664622706,-0.100044251526803,3.966859327823789,-0.4442865912523274,1.3225530565539565
70.0,220.0,150.95826721191406,-2.1262525097823337,1.7737189882144293,-4.926724315985826,-3.0259742329384216,-2.437463469842107,1.4099652745982325,-1.0262765149084487,3.9233814230264574,-0.4512474950726279,1.609887845109697
70.0,220.0,156.08035278320312,-2.1580996450789263,1.728328627406782,-4.879695436337815,-3.0850529772078543,-3.06587044186364,0.8359929899162684,-1.015638048938622,3.5437633377229565,-0.4462973345896071,0.7233871726910266
70.0,220.0,141.4826202392578,-2.1261160085963327,2.6745115592972386,-4.932130452961332,-3.0058479524365764,-2.487836886697602,0.8532757011427905,-0.1386712797695375,3.976572900333153,-0.4512150426770004,1.61386797347447
70.0,220.0,139.23602294921875,-2.124386965066761,2.716316093722829,-4.917433618061569,-3.045723931389169,-2.4932869589555344,0.8422125785906374,-0.5433452579127146,3.964741335102909,-0.4451178811796737,1.3247974284651758
70.0,220.0,137.8385009765625,-2.1245603097201133,2.6898679846257503,-4.920561307374896,-3.02776508514825,-2.4952284989701283,0.8423393324392949,-0.1031144334588134,3.96596865647948,-0.4449668201672571,1.3234646930677405
70.0,220.0,137.80642700195312,-2.125618611474429,2.6784178966284418,-4.918893249922101,-3.029081125327927,-2.4995102028453755,0.8419417937928138,-0.1001976183390108,3.964207792701794,-0.4439862098666912,1.323142429952738
70.0,220.0,138.00900268554688,-2.124445660997503,2.700627362102398,-4.920747261161442,-3.02271513272405,-2.5008419987972146,0.8497059691362052,-0.1040766294136099,3.9676430459507137,-0.4482391904155214,1.323140821630569
70.0,220.0,137.84164428710938,-2.12804670038902,2.6847064657165047,-4.917691392838313,-3.030188335067299,-2.5025195689461563,0.8389571044026485,-0.1023476779682109,3.9649090227339663,-0.444245099893632,1.322082321992583
70.0,220.0,140.24879455566406,-2.159870733938664,2.731115036631711,-4.9260037736587945,-3.026109420242876,-2.4969789903477126,0.8477610668538871,-0.1324560854486751,3.968281489788039,-0.4577944531271202,1.3256317406561045
70.0,220.0,177.90628051757812,-0.9480992037287066,1.6698462529856726,-4.92126265432442,-3.066282443454009,-3.048841576344093,1.9184003846581128,-1.029547548154336,4.407033002134062,-0.5675828178794807,0.7291447687456702
70.0,220.0,137.802490234375,-2.1245541016964227,2.680659821901315,-4.921156818087162,-3.029968195597984,-2.499320566785325,0.8415610213347058,-0.0992569907843801,3.9658391853489694,-0.4443143594915415,1.3232999825729386
70.0,220.0,140.55001831054688,-2.122329315786468,1.802061285371577,-4.931716526883416,-3.0283693764857564,-2.486060058575672,0.8457611210177214,-0.5347108318649818,3.980144941527816,-0.4523532917964609,1.322373004556118
70.0,220.0,142.5392608642578,-2.104376428582444,1.7283865544756785,-4.922585846125028,-3.0131007958376936,-2.4765371018804103,0.8358347861679476,-0.0939824430640884,3.950506920652797,-0.4456611252073059,1.3226208757819555
70.0,220.0,146.2761688232422,-2.133225175979208,3.462281879243472,-4.921855251414705,-3.028719476917402,-2.4961408509963485,0.8355252825089647,-0.1071358924429066,3.933548224370167,-0.4463564359981862,1.905561247710163
70.0,220.0,137.8173065185547,-2.1275901724240587,2.681242677054823,-4.924917493193287,-3.030922863189696,-2.4999339750487164,0.8421361691131704,-0.1002583925897743,3.9662315595948456,-0.444361239072035,1.3225336627976334
70.0,220.0,137.83448791503906,-2.1185114864137367,2.681190654795949,-4.920397552328796,-3.027868897199576,-2.498865657409995,0.8437030734803385,-0.0998827367955701,3.967616071972943,-0.4475367063268248,1.3239153918352513
70.0,220.0,137.90185546875,-2.123208482587378,2.681381833789675,-4.901664570795591,-3.033973112586292,-2.498950184738068,0.8409612847710842,-0.1024883203382251,3.964985449042335,-0.4436768751200105,1.3238238823365809
70.0,220.0,137.81985473632812,-2.127596216469379,2.682333382264904,-4.921650331642164,-3.032614584228958,-2.4973787577871427,0.8440753688181151,-0.1006959899596506,3.965717501922789,-0.4457134557394261,1.3232025068724664
70.0,220.0,153.1660919189453,-2.121447798556532,1.8336876551817392,-4.9380753146679925,-3.094233202647145,-3.0649950223856144,0.8354321701101891,-1.021508757068139,3.955010029302585,-0.4447028575291981,0.7080551592072115
70.0,220.0,139.02899169921875,-2.116680644044904,1.7765322336896483,-4.92446911086017,-3.03451167358634,-2.4973989430045243,0.8426549891252214,-0.1020728079898156,3.951844479960629,-0.4475878626756762,1.324240196570777
70.0,220.0,144.48789978027344,-2.141046964113209,1.771880474365917,-4.911381224157521,-3.040130457582591,-2.517262630056656,0.8055665997807893,-1.0369607176572375,3.977882256769657,-0.4549739669163189,1.3219810566530266
70.0,220.0,137.8123779296875,-2.1255446175747648,2.684080225673523,-4.9219799715346335,-3.032585685060826,-2.499782051458153,0.841843133427981,-0.09890324134377,3.966046440800766,-0.4446241260210057,1.323137330351524
70.0,220.0,150.5499267578125,-2.11968739608623,1.755035030369485,-4.927208819748874,-3.0244678618957064,-2.0218319945465275,0.8106048132035997,-1.0135414794231097,3.9867357123238514,-0.4552261932641993,1.349251448476138
70.0,220.0,140.0598907470703,-2.164817701741923,1.7858384313759987,-4.90336352167247,-3.066864914042139,-2.50056923429754,0.8434342846863904,-0.1148784521738972,3.965952049389358,-0.4458007797378894,1.3229520004973705
70.0,220.0,137.81439208984375,-2.1221045545761603,2.684901341712753,-4.923352344758549,-3.0284278703933,-2.5015736951342467,0.8413844609602693,-0.0988163641159081,3.965571854464297,-0.4445000913060603,1.3236941852536457
70.0,220.0,137.80862426757812,-2.126357229026779,2.6815540783963203,-4.923910402943254,-3.028654154862906,-2.499441810277803,0.8419021448847853,-0.0998990783856178,3.965253897981892,-0.444303191778522,1.3240209497614972
70.0,220.0,137.8474578857422,-2.131330386113813,2.682430583574172,-4.924970167174063,-3.027795555782357,-2.5039131930016385,0.8435864271389409,-0.0990846757006214,3.966713890843166,-0.4446025239090542,1.3235866606320048
70.0,220.0,140.52117919921875,-2.1272497769988306,1.774468940747441,-4.918171862643308,-3.039466282870276,-2.4890347571925453,0.8476899259151214,-0.521753245229758,3.96549093137469,-0.4572526271482879,1.3258236409937911
70.0,220.0,145.3743896484375,-2.055715787756611,3.5459383446779773,-4.926743274509718,-3.033548482115602,-2.496961460418813,0.8144829614976842,-0.053820621728324,3.954244038928831,-0.4430671415972534,1.6597223734601851
70.0,220.0,139.49063110351562,-2.127036784137281,2.6864341888011003,-4.922580773522917,-3.0061126931140665,-1.94209301285814,0.8409841124852037,-0.5625834980067171,3.962763002701845,-0.4500653814960387,1.3055394714877115
70.0,220.0,137.81744384765625,-2.1277224404567705,2.681837911661119,-4.924157043995317,-3.031281385129762,-2.4981128105050505,0.8438584129104354,-0.1007129788384623,3.964888576576502,-0.4454803480719521,1.3232394589601535
70.0,220.0,137.80738830566406,-2.124823656412992,2.685976061315521,-4.922415902586214,-3.0293809780473264,-2.49943301943963,0.8419689970643467,-0.1002958835263397,3.965724486233514,-0.444294678412925,1.3232536061695117
70.0,220.0,155.14508056640625,-2.144416528898283,1.7532622941419214,-4.910340166670732,-3.045212005694971,-1.9538792327145715,0.8337103093690844,-1.0439633387742353,3.904955445319976,-0.4075869564763927,0.7623833671535221
70.0,220.0,138.63873291015625,-2.1368682109999457,2.7062366505201223,-4.921194150472536,-3.037370917849949,-2.50180679900615,0.8461352424764279,-0.0999577831131224,3.9599112423323,-0.4418579737694652,1.3216623326141
70.0,220.0,137.804443359375,-2.124670019467279,2.679893225039872,-4.921389507959089,-3.02878719430555,-2.499496458552039,0.8416799446429538,-0.1001391488084174,3.9658734146100656,-0.4442398044905637,1.3231366446137922
70.0,220.0,157.8895721435547,-2.151116586352581,1.7765067177928218,-4.954217446239854,-3.688038395004858,-2.586077377730949,0.8144731752930827,-0.6122097261475492,3.624379146848815,-0.454328507982406,0.9702287003031408
70.0,220.0,160.38934326171875,-2.1239526524329047,1.7532778008160277,-4.793683137872873,-2.992665936417859,-3.0883299703921034,0.7444479414625762,-1.0498487622640318,3.959048847339001,-0.7967959506285662,0.7170082799296202
70.0,220.0,137.82225036621094,-2.124755068595115,2.6895974064895967,-4.921105755537936,-3.0288326038987843,-2.499516603824,0.8404953327606955,-0.1006951227503055,3.965819902896772,-0.4443930226730913,1.3229146463968022
70.0,220.0,155.30633544921875,-2.110355142561264,1.7355664246072802,-4.897661520156259,-3.0945963635771343,-3.0647722813398968,0.8256285834289196,-1.0204516952792135,4.389633871132414,-0.4667985076585941,0.7287559592886229
70.0,220.0,158.0673828125,-2.13478528945232,1.8441109636686763,-4.929363763692761,-3.1294766675918138,-3.0546509867568057,1.330469986782295,-1.0107985278553162,3.543151829295136,-0.4498499097984712,0.7093224768745058
70.0,220.0,151.25607299804688,-2.172037136009037,1.7295055121999343,-4.886813252907739,-3.044272093932116,-2.527211347557737,0.8736419156014977,-1.0803740810791176,4.326682419773425,-0.4568381444550614,1.020613823807618
70.0,220.0,165.35855102539062,-2.0411344005614884,1.8033887960812784,-4.990096883276585,-3.0271535952284765,-1.9850275875294443,0.7502007915430735,-1.0075749577924853,3.0752222344234887,-0.4467256416415724,1.0584411608503208
70.0,220.0,165.263427734375,-2.025108824505472,1.819420873531608,-4.880777358367313,-3.048511178555349,-3.076473591889685,0.724041054625411,-1.045823708623605,4.79798916193166,-0.408550783489008,0.6991762171530035
70.0,220.0,137.80636596679688,-2.122915562680437,2.680808291807184,-4.9201214756726,-3.0279946977012537,-2.5008340981583577,0.8409008821851086,-0.0996253010801343,3.966166775670181,-0.444089566975385,1.323048463184353
70.0,220.0,160.2692413330078,-1.055922459328694,1.7735920722761906,-4.937958133848109,-1.695201673496223,-3.064020344723154,0.8372423768827528,-1.0608401158966236,4.429729571994304,-0.4561175576200931,0.7202760905369371
70.0,221.0,157.60691833496094,-2.1221509371431435,1.8392303061078088,-4.902514539010984,-3.0864103908050646,-3.0538475418464337,0.8517324402109121,-1.0171489627324086,3.092931355225164,-0.4559853455206131,0.9824460715350812
70.0,221.0,161.15728759765625,-1.9534206856324816,1.7536378394229737,-4.890109816254475,-3.0956079319477503,-3.0662115030366284,0.8279698431872164,-1.019189610828445,4.304919778195342,-0.4515226464921155,0.7024576952550962
70.0,221.0,137.86192321777344,-2.117800296695536,2.675060293822595,-4.922290025193135,-3.027935279981284,-2.5040521871909243,0.8478738732967751,-0.099897556218255,3.966110916736105,-0.4461138680384,1.3219547282552515
70.0,221.0,137.8007354736328,-2.11874858425824,2.6830495050636785,-4.921572170529264,-3.029930532135108,-2.500044037785152,0.8417896551606292,-0.0995665239623932,3.9660535743448713,-0.4443549889952953,1.3231351745149451
70.0,221.0,137.81454467773438,-2.123460929684593,2.687099503559711,-4.92118617882127,-3.027828903547398,-2.499559709603428,0.8442675664622706,-0.100044251526803,3.966859327823789,-0.4442865912523274,1.3225530565539565
70.0,221.0,150.95826721191406,-2.1262525097823337,1.7737189882144293,-4.926724315985826,-3.0259742329384216,-2.437463469842107,1.4099652745982325,-1.0262765149084487,3.9233814230264574,-0.4512474950726279,1.609887845109697
70.0,221.0,156.08035278320312,-2.1580996450789263,1.728328627406782,-4.879695436337815,-3.0850529772078543,-3.06587044186364,0.8359929899162684,-1.015638048938622,3.5437633377229565,-0.4462973345896071,0.7233871726910266
70.0,221.0,141.4826202392578,-2.1261160085963327,2.6745115592972386,-4.932130452961332,-3.0058479524365764,-2.487836886697602,0.8532757011427905,-0.1386712797695375,3.976572900333153,-0.4512150426770004,1.61386797347447
70.0,221.0,139.20106506347656,-2.1199739835576423,2.6898290910166045,-4.916988834789176,-3.005067378190795,-2.496670913935388,0.8419866759851501,-0.5270396711964354,3.965192878104608,-0.4448206686832281,1.3230972284349678
70.0,221.0,137.8385009765625,-2.1245603097201133,2.6898679846257503,-4.920561307374896,-3.02776508514825,-2.4952284989701283,0.8423393324392949,-0.1031144334588134,3.96596865647948,-0.4449668201672571,1.3234646930677405
70.0,221.0,137.80642700195312,-2.125618611474429,2.6784178966284418,-4.918893249922101,-3.029081125327927,-2.4995102028453755,0.8419417937928138,-0.1001976183390108,3.964207792701794,-0.4439862098666912,1.323142429952738
70.0,221.0,137.87188720703125,-2.1240824739541035,2.6866164442567286,-4.920968180276025,-3.0237048232066104,-2.5011199145753507,0.8473365415417217,-0.1016269113949813,3.968658690608164,-0.4458068287309766,1.3230531238209489
70.0,221.0,137.84164428710938,-2.12804670038902,2.6847064657165047,-4.917691392838313,-3.030188335067299,-2.5025195689461563,0.8389571044026485,-0.1023476779682109,3.9649090227339663,-0.444245099893632,1.322082321992583
70.0,221.0,140.24879455566406,-2.159870733938664,2.731115036631711,-4.9260037736587945,-3.026109420242876,-2.4969789903477126,0.8477610668538871,-0.1324560854486751,3.968281489788039,-0.4577944531271202,1.3256317406561045
70.0,221.0,177.90628051757812,-0.9480992037287066,1.6698462529856726,-4.92126265432442,-3.066282443454009,-3.048841576344093,1.9184003846581128,-1.029547548154336,4.407033002134062,-0.5675828178794807,0.7291447687456702
70.0,221.0,137.802490234375,-2.1245541016964227,2.680659821901315,-4.921156818087162,-3.029968195597984,-2.499320566785325,0.8415610213347058,-0.0992569907843801,3.9658391853489694,-0.4443143594915415,1.3232999825729386
70.0,221.0,140.55001831054688,-2.122329315786468,1.802061285371577,-4.931716526883416,-3.0283693764857564,-2.486060058575672,0.8457611210177214,-0.5347108318649818,3.980144941527816,-0.4523532917964609,1.322373004556118
70.0,221.0,142.5392608642578,-2.104376428582444,1.7283865544756785,-4.922585846125028,-3.0131007958376936,-2.4765371018804103,0.8358347861679476,-0.0939824430640884,3.950506920652797,-0.4456611252073059,1.3226208757819555
70.0,221.0,146.2761688232422,-2.133225175979208,3.462281879243472,-4.921855251414705,-3.028719476917402,-2.4961408509963485,0.8355252825089647,-0.1071358924429066,3.933548224370167,-0.4463564359981862,1.905561247710163
70.0,221.0,137.8173065185547,-2.1275901724240587,2.681242677054823,-4.924917493193287,-3.030922863189696,-2.4999339750487164,0.8421361691131704,-0.1002583925897743,3.9662315595948456,-0.444361239072035,1.3225336627976334
70.0,221.0,137.83448791503906,-2.1185114864137367,2.681190654795949,-4.920397552328796,-3.027868897199576,-2.498865657409995,0.8437030734803385,-0.0998827367955701,3.967616071972943,-0.4475367063268248,1.3239153918352513
70.0,221.0,137.90185546875,-2.123208482587378,2.681381833789675,-4.901664570795591,-3.033973112586292,-2.498950184738068,0.8409612847710842,-0.1024883203382251,3.964985449042335,-0.4436768751200105,1.3238238823365809
70.0,221.0,137.81985473632812,-2.127596216469379,2.682333382264904,-4.921650331642164,-3.032614584228958,-2.4973787577871427,0.8440753688181151,-0.1006959899596506,3.965717501922789,-0.4457134557394261,1.3232025068724664
70.0,221.0,153.1660919189453,-2.121447798556532,1.8336876551817392,-4.9380753146679925,-3.094233202647145,-3.0649950223856144,0.8354321701101891,-1.021508757068139,3.955010029302585,-0.4447028575291981,0.7080551592072115
70.0,221.0,139.02899169921875,-2.116680644044904,1.7765322336896483,-4.92446911086017,-3.03451167358634,-2.4973989430045243,0.8426549891252214,-0.1020728079898156,3.951844479960629,-0.4475878626756762,1.324240196570777
70.0,221.0,144.48789978027344,-2.141046964113209,1.771880474365917,-4.911381224157521,-3.040130457582591,-2.517262630056656,0.8055665997807893,-1.0369607176572375,3.977882256769657,-0.4549739669163189,1.3219810566530266
70.0,221.0,137.8123779296875,-2.1255446175747648,2.684080225673523,-4.9219799715346335,-3.032585685060826,-2.499782051458153,0.841843133427981,-0.09890324134377,3.966046440800766,-0.4446241260210057,1.323137330351524
70.0,221.0,150.5499267578125,-2.11968739608623,1.755035030369485,-4.927208819748874,-3.0244678618957064,-2.0218319945465275,0.8106048132035997,-1.0135414794231097,3.9867357123238514,-0.4552261932641993,1.349251448476138
70.0,221.0,140.0598907470703,-2.164817701741923,1.7858384313759987,-4.90336352167247,-3.066864914042139,-2.50056923429754,0.8434342846863904,-0.1148784521738972,3.965952049389358,-0.4458007797378894,1.3229520004973705
70.0,221.0,137.81439208984375,-2.1221045545761603,2.684901341712753,-4.923352344758549,-3.0284278703933,-2.5015736951342467,0.8413844609602693,-0.0988163641159081,3.965571854464297,-0.4445000913060603,1.3236941852536457
70.0,221.0,137.80862426757812,-2.126357229026779,2.6815540783963203,-4.923910402943254,-3.028654154862906,-2.499441810277803,0.8419021448847853,-0.0998990783856178,3.965253897981892,-0.444303191778522,1.3240209497614972
70.0,221.0,137.84524536132812,-2.1248720405283086,2.685389265796076,-4.91778661268747,-3.028784789920048,-2.506302968091929,0.8456296039357771,-0.0996342876124549,3.966294805132537,-0.4438695447733448,1.3232534750461775
70.0,221.0,140.52117919921875,-2.1272497769988306,1.774468940747441,-4.918171862643308,-3.039466282870276,-2.4890347571925453,0.8476899259151214,-0.521753245229758,3.96549093137469,-0.4572526271482879,1.3258236409937911
70.0,221.0,145.3743896484375,-2.055715787756611,3.5459383446779773,-4.926743274509718,-3.033548482115602,-2.496961460418813,0.8144829614976842,-0.053820621728324,3.954244038928831,-0.4430671415972534,1.6597223734601851
70.0,221.0,139.49063110351562,-2.127036784137281,2.6864341888011003,-4.922580773522917,-3.0061126931140665,-1.94209301285814,0.8409841124852037,-0.5625834980067171,3.962763002701845,-0.4500653814960387,1.3055394714877115
70.0,221.0,137.81744384765625,-2.1277224404567705,2.681837911661119,-4.924157043995317,-3.031281385129762,-2.4981128105050505,0.8438584129104354,-0.1007129788384623,3.964888576576502,-0.4454803480719521,1.3232394589601535
70.0,221.0,137.80738830566406,-2.124823656412992,2.685976061315521,-4.922415902586214,-3.0293809780473264,-2.49943301943963,0.8419689970643467,-0.1002958835263397,3.965724486233514,-0.444294678412925,1.3232536061695117
70.0,221.0,155.14508056640625,-2.144416528898283,1.7532622941419214,-4.910340166670732,-3.045212005694971,-1.9538792327145715,0.8337103093690844,-1.0439633387742353,3.904955445319976,-0.4075869564763927,0.7623833671535221
70.0,221.0,138.63873291015625,-2.1368682109999457,2.7062366505201223,-4.921194150472536,-3.037370917849949,-2.50180679900615,0.8461352424764279,-0.0999577831131224,3.9599112423323,-0.4418579737694652,1.3216623326141
70.0,221.0,137.804443359375,-2.124670019467279,2.679893225039872,-4.921389507959089,-3.02878719430555,-2.499496458552039,0.8416799446429538,-0.1001391488084174,3.9658734146100656,-0.4442398044905637,1.3231366446137922
70.0,221.0,157.8895721435547,-2.151116586352581,1.7765067177928218,-4.954217446239854,-3.688038395004858,-2.586077377730949,0.8144731752930827,-0.6122097261475492,3.624379146848815,-0.454328507982406,0.9702287003031408
70.0,221.0,160.38934326171875,-2.1239526524329047,1.7532778008160277,-4.793683137872873,-2.992665936417859,-3.0883299703921034,0.7444479414625762,-1.0498487622640318,3.959048847339001,-0.7967959506285662,0.7170082799296202
70.0,221.0,137.82225036621094,-2.124755068595115,2.6895974064895967,-4.921105755537936,-3.0288326038987843,-2.499516603824,0.8404953327606955,-0.1006951227503055,3.965819902896772,-0.4443930226730913,1.3229146463968022
70.0,221.0,155.30633544921875,-2.110355142561264,1.7355664246072802,-4.897661520156259,-3.0945963635771343,-3.0647722813398968,0.8256285834289196,-1.0204516952792135,4.389633871132414,-0.4667985076585941,0.7287559592886229
70.0,221.0,158.0673828125,-2.13478528945232,1.8441109636686763,-4.929363763692761,-3.1294766675918138,-3.0546509867568057,1.330469986782295,-1.0107985278553162,3.543151829295136,-0.4498499097984712,0.7093224768745058
70.0,221.0,151.25607299804688,-2.172037136009037,1.7295055121999343,-4.886813252907739,-3.044272093932116,-2.527211347557737,0.8736419156014977,-1.0803740810791176,4.326682419773425,-0.4568381444550614,1.020613823807618
70.0,221.0,165.35855102539062,-2.0411344005614884,1.8033887960812784,-4.990096883276585,-3.0271535952284765,-1.9850275875294443,0.7502007915430735,-1.0075749577924853,3.0752222344234887,-0.4467256416415724,1.0584411608503208
70.0,221.0,165.263427734375,-2.025108824505472,1.819420873531608,-4.880777358367313,-3.048511178555349,-3.076473591889685,0.724041054625411,-1.045823708623605,4.79798916193166,-0.408550783489008,0.6991762171530035
70.0,221.0,137.80636596679688,-2.122915562680437,2.680808291807184,-4.9201214756726,-3.0279946977012537,-2.5008340981583577,0.8409008821851086,-0.0996253010801343,3.966166775670181,-0.444089566975385,1.323048463184353
70.0,221.0,160.2692413330078,-1.055922459328694,1.7735920722761906,-4.937958133848109,-1.695201673496223,-3.064020344723154,0.8372423768827528,-1.0608401158966236,4.429729571994304,-0.4561175576200931,0.7202760905369371
70.0,222.0,157.60691833496094,-2.1221509371431435,1.8392303061078088,-4.902514539010984,-3.0864103908050646,-3.0538475418464337,0.8517324402109121,-1.0171489627324086,3.092931355225164,-0.4559853455206131,0.9824460715350812
70.0,222.0,161.15728759765625,-1.9534206856324816,1.7536378394229737,-4.890109816254475,-3.0956079319477503,-3.0662115030366284,0.8279698431872164,-1.019189610828445,4.304919778195342,-0.4515226464921155,0.7024576952550962
70.0,222.0,137.86192321777344,-2.117800296695536,2.675060293822595,-4.922290025193135,-3.027935279981284,-2.5040521871909243,0.8478738732967751,-0.099897556218255,3.966110916736105,-0.4461138680384,1.3219547282552515
70.0,222.0,137.8007354736328,-2.11874858425824,2.6830495050636785,-4.921572170529264,-3.029930532135108,-2.500044037785152,0.8417896551606292,-0.0995665239623932,3.9660535743448713,-0.4443549889952953,1.3231351745149451
70.0,222.0,137.81454467773438,-2.123460929684593,2.687099503559711,-4.92118617882127,-3.027828903547398,-2.499559709603428,0.8442675664622706,-0.100044251526803,3.966859327823789,-0.4442865912523274,1.3225530565539565
70.0,222.0,150.95826721191406,-2.1262525097823337,1.7737189882144293,-4.926724315985826,-3.0259742329384216,-2.437463469842107,1.4099652745982325,-1.0262765149084487,3.9233814230264574,-0.4512474950726279,1.609887845109697
70.0,222.0,156.08035278320312,-2.1580996450789263,1.728328627406782,-4.879695436337815,-3.0850529772078543,-3.06587044186364,0.8359929899162684,-1.015638048938622,3.5437633377229565,-0.4462973345896071,0.7233871726910266
70.0,222.0,141.4826202392578,-2.1261160085963327,2.6745115592972386,-4.932130452961332,-3.0058479524365764,-2.487836886697602,0.8532757011427905,-0.1386712797695375,3.976572900333153,-0.4512150426770004,1.61386797347447
70.0,222.0,139.20106506347656,-2.1199739835576423,2.6898290910166045,-4.916988834789176,-3.005067378190795,-2.496670913935388,0.8419866759851501,-0.5270396711964354,3.965192878104608,-0.4448206686832281,1.3230972284349678
70.0,222.0,137.8385009765625,-2.1245603097201133,2.6898679846257503,-4.920561307374896,-3.02776508514825,-2.4952284989701283,0.8423393324392949,-0.1031144334588134,3.96596865647948,-0.4449668201672571,1.3234646930677405
70.0,222.0,137.80642700195312,-2.125618611474429,2.6784178966284418,-4.918893249922101,-3.029081125327927,-2.4995102028453755,0.8419417937928138,-0.1001976183390108,3.964207792701794,-0.4439862098666912,1.323142429952738
70.0,222.0,137.87188720703125,-2.1240824739541035,2.6866164442567286,-4.920968180276025,-3.0237048232066104,-2.5011199145753507,0.8473365415417217,-0.1016269113949813,3.968658690608164,-0.4458068287309766,1.3230531238209489
70.0,222.0,137.84164428710938,-2.12804670038902,2.6847064657165047,-4.917691392838313,-3.030188335067299,-2.5025195689461563,0.8389571044026485,-0.1023476779682109,3.9649090227339663,-0.444245099893632,1.322082321992583
70.0,222.0,140.24879455566406,-2.159870733938664,2.731115036631711,-4.9260037736587945,-3.026109420242876,-2.4969789903477126,0.8477610668538871,-0.1324560854486751,3.968281489788039,-0.4577944531271202,1.3256317406561045
70.0,222.0,177.90628051757812,-0.9480992037287066,1.6698462529856726,-4.92126265432442,-3.066282443454009,-3.048841576344093,1.9184003846581128,-1.029547548154336,4.407033002134062,-0.5675828178794807,0.7291447687456702
70.0,222.0,137.802490234375,-2.1245541016964227,2.680659821901315,-4.921156818087162,-3.029968195597984,-2.499320566785325,0.8415610213347058,-0.0992569907843801,3.9658391853489694,-0.4443143594915415,1.3232999825729386
70.0,222.0,140.55001831054688,-2.122329315786468,1.802061285371577,-4.931716526883416,-3.0283693764857564,-2.486060058575672,0.8457611210177214,-0.5347108318649818,3.980144941527816,-0.4523532917964609,1.322373004556118
70.0,222.0,142.5392608642578,-2.104376428582444,1.7283865544756785,-4.922585846125028,-3.0131007958376936,-2.4765371018804103,0.8358347861679476,-0.0939824430640884,3.950506920652797,-0.4456611252073059,1.3226208757819555
70.0,222.0,146.2761688232422,-2.133225175979208,3.462281879243472,-4.921855251414705,-3.028719476917402,-2.4961408509963485,0.8355252825089647,-0.1071358924429066,3.933548224370167,-0.4463564359981862,1.905561247710163
70.0,222.0,137.8173065185547,-2.1275901724240587,2.681242677054823,-4.924917493193287,-3.030922863189696,-2.4999339750487164,0.8421361691131704,-0.1002583925897743,3.9662315595948456,-0.444361239072035,1.3225336627976334
70.0,222.0,137.83448791503906,-2.1185114864137367,2.681190654795949,-4.920397552328796,-3.027868897199576,-2.498865657409995,0.8437030734803385,-0.0998827367955701,3.967616071972943,-0.4475367063268248,1.3239153918352513
70.0,222.0,137.90185546875,-2.123208482587378,2.681381833789675,-4.901664570795591,-3.033973112586292,-2.498950184738068,0.8409612847710842,-0.1024883203382251,3.964985449042335,-0.4436768751200105,1.3238238823365809
70.0,222.0,137.81985473632812,-2.127596216469379,2.682333382264904,-4.921650331642164,-3.032614584228958,-2.4973787577871427,0.8440753688181151,-0.1006959899596506,3.965717501922789,-0.4457134557394261,1.3232025068724664
70.0,222.0,153.1660919189453,-2.121447798556532,1.8336876551817392,-4.9380753146679925,-3.094233202647145,-3.0649950223856144,0.8354321701101891,-1.021508757068139,3.955010029302585,-0.4447028575291981,0.7080551592072115
70.0,222.0,139.02899169921875,-2.116680644044904,1.7765322336896483,-4.92446911086017,-3.03451167358634,-2.4973989430045243,0.8426549891252214,-0.1020728079898156,3.951844479960629,-0.4475878626756762,1.324240196570777
70.0,222.0,144.48789978027344,-2.141046964113209,1.771880474365917,-4.911381224157521,-3.040130457582591,-2.517262630056656,0.8055665997807893,-1.0369607176572375,3.977882256769657,-0.4549739669163189,1.3219810566530266
70.0,222.0,137.8053436279297,-2.1236145520215586,2.683263199553434,-4.921923880613059,-3.0326204321970005,-2.499406192022738,0.8418087525216471,-0.0999553443080809,3.966013845806611,-0.4442112265927065,1.3231595314279816
70.0,222.0,150.5499267578125,-2.11968739608623,1.755035030369485,-4.927208819748874,-3.0244678618957064,-2.0218319945465275,0.8106048132035997,-1.0135414794231097,3.9867357123238514,-0.4552261932641993,1.349251448476138
70.0,222.0,140.0598907470703,-2.164817701741923,1.7858384313759987,-4.90336352167247,-3.066864914042139,-2.50056923429754,0.8434342846863904,-0.1148784521738972,3.965952049389358,-0.4458007797378894,1.3229520004973705
70.0,222.0,137.81044006347656,-2.120278446621936,2.6847847899258426,-4.921800015743185,-3.0302920495715733,-2.5021614700923225,0.8414222480321608,-0.1004065344840689,3.965504328927371,-0.4445278032593352,1.3237612400909389
70.0,222.0,137.80784606933594,-2.1194752483914576,2.6798135168177355,-4.9230245595724895,-3.028660093960964,-2.499760612535688,0.8419178259214887,-0.0998486631366,3.96614066203801,-0.4443564084134918,1.3246940355454029
70.0,222.0,137.81027221679688,-2.119614045280008,2.6830158671695568,-4.919820359988591,-3.029893811484156,-2.4956308064303,0.8387797148737481,-0.0999064562885199,3.9659414875879726,-0.4442144301615191,1.3232071328694606
70.0,222.0,140.52117919921875,-2.1272497769988306,1.774468940747441,-4.918171862643308,-3.039466282870276,-2.4890347571925453,0.8476899259151214,-0.521753245229758,3.96549093137469,-0.4572526271482879,1.3258236409937911
70.0,222.0,145.3743896484375,-2.055715787756611,3.5459383446779773,-4.926743274509718,-3.033548482115602,-2.496961460418813,0.8144829614976842,-0.053820621728324,3.954244038928831,-0.4430671415972534,1.6597223734601851
70.0,222.0,139.49063110351562,-2.127036784137281,2.6864341888011003,-4.922580773522917,-3.0061126931140665,-1.94209301285814,0.8409841124852037,-0.5625834980067171,3.962763002701845,-0.4500653814960387,1.3055394714877115
70.0,222.0,137.81744384765625,-2.1277224404567705,2.681837911661119,-4.924157043995317,-3.031281385129762,-2.4981128105050505,0.8438584129104354,-0.1007129788384623,3.964888576576502,-0.4454803480719521,1.3232394589601535
70.0,222.0,137.80738830566406,-2.124823656412992,2.685976061315521,-4.922415902586214,-3.0293809780473264,-2.49943301943963,0.8419689970643467,-0.1002958835263397,3.965724486233514,-0.444294678412925,1.3232536061695117
70.0,222.0,155.14508056640625,-2.144416528898283,1.7532622941419214,-4.910340166670732,-3.045212005694971,-1.9538792327145715,0.8337103093690844,-1.0439633387742353,3.904955445319976,-0.4075869564763927,0.7623833671535221
70.0,222.0,138.63873291015625,-2.1368682109999457,2.7062366505201223,-4.921194150472536,-3.037370917849949,-2.50180679900615,0.8461352424764279,-0.0999577831131224,3.9599112423323,-0.4418579737694652,1.3216623326141
70.0,222.0,137.804443359375,-2.124670019467279,2.679893225039872,-4.921389507959089,-3.02878719430555,-2.499496458552039,0.8416799446429538,-0.1001391488084174,3.9658734146100656,-0.4442398044905637,1.3231366446137922
70.0,222.0,157.8895721435547,-2.151116586352581,1.7765067177928218,-4.954217446239854,-3.688038395004858,-2.586077377730949,0.8144731752930827,-0.6122097261475492,3.624379146848815,-0.454328507982406,0.9702287003031408
70.0,222.0,160.38934326171875,-2.1239526524329047,1.7532778008160277,-4.793683137872873,-2.992665936417859,-3.0883299703921034,0.7444479414625762,-1.0498487622640318,3.959048847339001,-0.7967959506285662,0.7170082799296202
70.0,222.0,137.82225036621094,-2.124755068595115,2.6895974064895967,-4.921105755537936,-3.0288326038987843,-2.499516603824,0.8404953327606955,-0.1006951227503055,3.965819902896772,-0.4443930226730913,1.3229146463968022
70.0,222.0,155.30633544921875,-2.110355142561264,1.7355664246072802,-4.897661520156259,-3.0945963635771343,-3.0647722813398968,0.8256285834289196,-1.0204516952792135,4.389633871132414,-0.4667985076585941,0.7287559592886229
70.0,222.0,158.0673828125,-2.13478528945232,1.8441109636686763,-4.929363763692761,-3.1294766675918138,-3.0546509867568057,1.330469986782295,-1.0107985278553162,3.543151829295136,-0.4498499097984712,0.7093224768745058
70.0,222.0,151.25607299804688,-2.172037136009037,1.7295055121999343,-4.886813252907739,-3.044272093932116,-2.527211347557737,0.8736419156014977,-1.0803740810791176,4.326682419773425,-0.4568381444550614,1.020613823807618
70.0,222.0,165.35855102539062,-2.0411344005614884,1.8033887960812784,-4.990096883276585,-3.0271535952284765,-1.9850275875294443,0.7502007915430735,-1.0075749577924853,3.0752222344234887,-0.4467256416415724,1.0584411608503208
70.0,222.0,165.263427734375,-2.025108824505472,1.819420873531608,-4.880777358367313,-3.048511178555349,-3.076473591889685,0.724041054625411,-1.045823708623605,4.79798916193166,-0.408550783489008,0.6991762171530035
70.0,222.0,137.80636596679688,-2.122915562680437,2.680808291807184,-4.9201214756726,-3.0279946977012537,-2.5008340981583577,0.8409008821851086,-0.0996253010801343,3.966166775670181,-0.444089566975385,1.323048463184353
70.0,222.0,160.2692413330078,-1.055922459328694,1.7735920722761906,-4.937958133848109,-1.695201673496223,-3.064020344723154,0.8372423768827528,-1.0608401158966236,4.429729571994304,-0.4561175576200931,0.7202760905369371
70.0,223.0,157.60691833496094,-2.1221509371431435,1.8392303061078088,-4.902514539010984,-3.0864103908050646,-3.0538475418464337,0.8517324402109121,-1.0171489627324086,3.092931355225164,-0.4559853455206131,0.9824460715350812
70.0,223.0,161.15728759765625,-1.9534206856324816,1.7536378394229737,-4.890109816254475,-3.0956079319477503,-3.0662115030366284,0.8279698431872164,-1.019189610828445,4.304919778195342,-0.4515226464921155,0.7024576952550962
70.0,223.0,137.86192321777344,-2.117800296695536,2.675060293822595,-4.922290025193135,-3.027935279981284,-2.5040521871909243,0.8478738732967751,-0.099897556218255,3.966110916736105,-0.4461138680384,1.3219547282552515
70.0,223.0,137.8007354736328,-2.11874858425824,2.6830495050636785,-4.921572170529264,-3.029930532135108,-2.500044037785152,0.8417896551606292,-0.0995665239623932,3.9660535743448713,-0.4443549889952953,1.3231351745149451
70.0,223.0,137.81454467773438,-2.123460929684593,2.687099503559711,-4.92118617882127,-3.027828903547398,-2.499559709603428,0.8442675664622706,-0.100044251526803,3.966859327823789,-0.4442865912523274,1.3225530565539565
70.0,223.0,150.95826721191406,-2.1262525097823337,1.7737189882144293,-4.926724315985826,-3.0259742329384216,-2.437463469842107,1.4099652745982325,-1.0262765149084487,3.9233814230264574,-0.4512474950726279,1.609887845109697
70.0,223.0,156.08035278320312,-2.1580996450789263,1.728328627406782,-4.879695436337815,-3.0850529772078543,-3.06587044186364,0.8359929899162684,-1.015638048938622,3.5437633377229565,-0.4462973345896071,0.7233871726910266
70.0,223.0,141.4826202392578,-2.1261160085963327,2.6745115592972386,-4.932130452961332,-3.0058479524365764,-2.487836886697602,0.8532757011427905,-0.1386712797695375,3.976572900333153,-0.4512150426770004,1.61386797347447
70.0,223.0,139.20106506347656,-2.1199739835576423,2.6898290910166045,-4.916988834789176,-3.005067378190795,-2.496670913935388,0.8419866759851501,-0.5270396711964354,3.965192878104608,-0.4448206686832281,1.3230972284349678
70.0,223.0,137.81729125976562,-2.124902263580916,2.6792880793012506,-4.921151043440877,-3.0320426830742746,-2.501825670185947,0.8421897990445466,-0.1014052601295434,3.966129570331567,-0.4437344101285745,1.323299032013309
70.0,223.0,137.80642700195312,-2.125618611474429,2.6784178966284418,-4.918893249922101,-3.029081125327927,-2.4995102028453755,0.8419417937928138,-0.1001976183390108,3.964207792701794,-0.4439862098666912,1.323142429952738
70.0,223.0,137.87188720703125,-2.1240824739541035,2.6866164442567286,-4.920968180276025,-3.0237048232066104,-2.5011199145753507,0.8473365415417217,-0.1016269113949813,3.968658690608164,-0.4458068287309766,1.3230531238209489
70.0,223.0,137.84164428710938,-2.12804670038902,2.6847064657165047,-4.917691392838313,-3.030188335067299,-2.5025195689461563,0.8389571044026485,-0.1023476779682109,3.9649090227339663,-0.444245099893632,1.322082321992583
70.0,223.0,140.24879455566406,-2.159870733938664,2.731115036631711,-4.9260037736587945,-3.026109420242876,-2.4969789903477126,0.8477610668538871,-0.1324560854486751,3.968281489788039,-0.4577944531271202,1.3256317406561045
70.0,223.0,177.90628051757812,-0.9480992037287066,1.6698462529856726,-4.92126265432442,-3.066282443454009,-3.048841576344093,1.9184003846581128,-1.029547548154336,4.407033002134062,-0.5675828178794807,0.7291447687456702
70.0,223.0,137.802490234375,-2.1245541016964227,2.680659821901315,-4.921156818087162,-3.029968195597984,-2.499320566785325,0.8415610213347058,-0.0992569907843801,3.9658391853489694,-0.4443143594915415,1.3232999825729386
70.0,223.0,140.55001831054688,-2.122329315786468,1.802061285371577,-4.931716526883416,-3.0283693764857564,-2.486060058575672,0.8457611210177214,-0.5347108318649818,3.980144941527816,-0.4523532917964609,1.322373004556118
70.0,223.0,142.5392608642578,-2.104376428582444,1.7283865544756785,-4.922585846125028,-3.0131007958376936,-2.4765371018804103,0.8358347861679476,-0.0939824430640884,3.950506920652797,-0.4456611252073059,1.3226208757819555
70.0,223.0,146.2761688232422,-2.133225175979208,3.462281879243472,-4.921855251414705,-3.028719476917402,-2.4961408509963485,0.8355252825089647,-0.1071358924429066,3.933548224370167,-0.4463564359981862,1.905561247710163
70.0,223.0,137.8173065185547,-2.1275901724240587,2.681242677054823,-4.924917493193287,-3.030922863189696,-2.4999339750487164,0.8421361691131704,-0.1002583925897743,3.9662315595948456,-0.444361239072035,1.3225336627976334
70.0,223.0,137.83448791503906,-2.1185114864137367,2.681190654795949,-4.920397552328796,-3.027868897199576,-2.498865657409995,0.8437030734803385,-0.0998827367955701,3.967616071972943,-0.4475367063268248,1.3239153918352513
70.0,223.0,137.90185546875,-2.123208482587378,2.681381833789675,-4.901664570795591,-3.033973112586292,-2.498950184738068,0.8409612847710842,-0.1024883203382251,3.964985449042335,-0.4436768751200105,1.3238238823365809
70.0,223.0,137.81985473632812,-2.127596216469379,2.682333382264904,-4.921650331642164,-3.032614584228958,-2.4973787577871427,0.8440753688181151,-0.1006959899596506,3.965717501922789,-0.4457134557394261,1.3232025068724664
70.0,223.0,153.1660919189453,-2.121447798556532,1.8336876551817392,-4.9380753146679925,-3.094233202647145,-3.0649950223856144,0.8354321701101891,-1.021508757068139,3.955010029302585,-0.4447028575291981,0.7080551592072115
70.0,223.0,139.02899169921875,-2.116680644044904,1.7765322336896483,-4.92446911086017,-3.03451167358634,-2.4973989430045243,0.8426549891252214,-0.1020728079898156,3.951844479960629,-0.4475878626756762,1.324240196570777
70.0,223.0,144.48789978027344,-2.141046964113209,1.771880474365917,-4.911381224157521,-3.040130457582591,-2.517262630056656,0.8055665997807893,-1.0369607176572375,3.977882256769657,-0.4549739669163189,1.3219810566530266
70.0,223.0,137.8053436279297,-2.1236145520215586,2.683263199553434,-4.921923880613059,-3.0326204321970005,-2.499406192022738,0.8418087525216471,-0.0999553443080809,3.966013845806611,-0.4442112265927065,1.3231595314279816
70.0,223.0,150.5499267578125,-2.11968739608623,1.755035030369485,-4.927208819748874,-3.0244678618957064,-2.0218319945465275,0.8106048132035997,-1.0135414794231097,3.9867357123238514,-0.4552261932641993,1.349251448476138
70.0,223.0,140.0598907470703,-2.164817701741923,1.7858384313759987,-4.90336352167247,-3.066864914042139,-2.50056923429754,0.8434342846863904,-0.1148784521738972,3.965952049389358,-0.4458007797378894,1.3229520004973705
70.0,223.0,137.81044006347656,-2.120278446621936,2.6847847899258426,-4.921800015743185,-3.0302920495715733,-2.5021614700923225,0.8414222480321608,-0.1004065344840689,3.965504328927371,-0.4445278032593352,1.3237612400909389
70.0,223.0,137.80401611328125,-2.1177529539655646,2.68378246556814,-4.9212547925871375,-3.030886143439164,-2.500039168581924,0.8417636336783293,-0.0995020455563817,3.966301841797128,-0.4443570014966389,1.3228466285513012
70.0,223.0,137.804443359375,-2.116163372474563,2.682126079509702,-4.922883918434598,-3.0304076239123896,-2.4990257612707283,0.8411311682083029,-0.0993475493709867,3.9659667470180775,-0.4446261564345192,1.323080090972426
70.0,223.0,140.52117919921875,-2.1272497769988306,1.774468940747441,-4.918171862643308,-3.039466282870276,-2.4890347571925453,0.8476899259151214,-0.521753245229758,3.96549093137469,-0.4572526271482879,1.3258236409937911
70.0,223.0,145.3743896484375,-2.055715787756611,3.5459383446779773,-4.926743274509718,-3.033548482115602,-2.496961460418813,0.8144829614976842,-0.053820621728324,3.954244038928831,-0.4430671415972534,1.6597223734601851
70.0,223.0,139.49063110351562,-2.127036784137281,2.6864341888011003,-4.922580773522917,-3.0061126931140665,-1.94209301285814,0.8409841124852037,-0.5625834980067171,3.962763002701845,-0.4500653814960387,1.3055394714877115
70.0,223.0,137.81744384765625,-2.1277224404567705,2.681837911661119,-4.924157043995317,-3.031281385129762,-2.4981128105050505,0.8438584129104354,-0.1007129788384623,3.964888576576502,-0.4454803480719521,1.3232394589601535
70.0,223.0,137.80738830566406,-2.124823656412992,2.685976061315521,-4.922415902586214,-3.0293809780473264,-2.49943301943963,0.8419689970643467,-0.1002958835263397,3.965724486233514,-0.444294678412925,1.3232536061695117
70.0,223.0,155.14508056640625,-2.144416528898283,1.7532622941419214,-4.910340166670732,-3.045212005694971,-1.9538792327145715,0.8337103093690844,-1.0439633387742353,3.904955445319976,-0.4075869564763927,0.7623833671535221
70.0,223.0,138.63873291015625,-2.1368682109999457,2.7062366505201223,-4.921194150472536,-3.037370917849949,-2.50180679900615,0.8461352424764279,-0.0999577831131224,3.9599112423323,-0.4418579737694652,1.3216623326141
70.0,223.0,137.804443359375,-2.124670019467279,2.679893225039872,-4.921389507959089,-3.02878719430555,-2.499496458552039,0.8416799446429538,-0.1001391488084174,3.9658734146100656,-0.4442398044905637,1.3231366446137922
70.0,223.0,157.8895721435547,-2.151116586352581,1.7765067177928218,-4.954217446239854,-3.688038395004858,-2.586077377730949,0.8144731752930827,-0.6122097261475492,3.624379146848815,-0.454328507982406,0.9702287003031408
70.0,223.0,160.38934326171875,-2.1239526524329047,1.7532778008160277,-4.793683137872873,-2.992665936417859,-3.0883299703921034,0.7444479414625762,-1.0498487622640318,3.959048847339001,-0.7967959506285662,0.7170082799296202
70.0,223.0,137.80760192871094,-2.126132818051347,2.68162027502828,-4.921710607838846,-3.029510657307585,-2.499903410839914,0.8414072468537326,-0.0996107271997522,3.966211295639164,-0.4443534619677784,1.3229024659428368
70.0,223.0,155.30633544921875,-2.110355142561264,1.7355664246072802,-4.897661520156259,-3.0945963635771343,-3.0647722813398968,0.8256285834289196,-1.0204516952792135,4.389633871132414,-0.4667985076585941,0.7287559592886229
70.0,223.0,158.0673828125,-2.13478528945232,1.8441109636686763,-4.929363763692761,-3.1294766675918138,-3.0546509867568057,1.330469986782295,-1.0107985278553162,3.543151829295136,-0.4498499097984712,0.7093224768745058
70.0,223.0,151.25607299804688,-2.172037136009037,1.7295055121999343,-4.886813252907739,-3.044272093932116,-2.527211347557737,0.8736419156014977,-1.0803740810791176,4.326682419773425,-0.4568381444550614,1.020613823807618
70.0,223.0,165.35855102539062,-2.0411344005614884,1.8033887960812784,-4.990096883276585,-3.0271535952284765,-1.9850275875294443,0.7502007915430735,-1.0075749577924853,3.0752222344234887,-0.4467256416415724,1.0584411608503208
70.0,223.0,165.263427734375,-2.025108824505472,1.819420873531608,-4.880777358367313,-3.048511178555349,-3.076473591889685,0.724041054625411,-1.045823708623605,4.79798916193166,-0.408550783489008,0.6991762171530035
70.0,223.0,137.80433654785156,-2.1170905112987253,2.6823288393133646,-4.919431488521202,-3.027391137514813,-2.4997895607207936,0.8410116673652943,-0.0997678266064662,3.965809638046761,-0.4441093718643824,1.32313429975771
70.0,223.0,160.2692413330078,-1.055922459328694,1.7735920722761906,-4.937958133848109,-1.695201673496223,-3.064020344723154,0.8372423768827528,-1.0608401158966236,4.429729571994304,-0.4561175576200931,0.7202760905369371
70.0,224.0,157.60691833496094,-2.1221509371431435,1.8392303061078088,-4.902514539010984,-3.0864103908050646,-3.0538475418464337,0.8517324402109121,-1.0171489627324086,3.092931355225164,-0.4559853455206131,0.9824460715350812
70.0,224.0,161.15728759765625,-1.9534206856324816,1.7536378394229737,-4.890109816254475,-3.0956079319477503,-3.0662115030366284,0.8279698431872164,-1.019189610828445,4.304919778195342,-0.4515226464921155,0.7024576952550962
70.0,224.0,137.86192321777344,-2.117800296695536,2.675060293822595,-4.922290025193135,-3.027935279981284,-2.5040521871909243,0.8478738732967751,-0.099897556218255,3.966110916736105,-0.4461138680384,1.3219547282552515
70.0,224.0,137.8007354736328,-2.11874858425824,2.6830495050636785,-4.921572170529264,-3.029930532135108,-2.500044037785152,0.8417896551606292,-0.0995665239623932,3.9660535743448713,-0.4443549889952953,1.3231351745149451
70.0,224.0,137.81454467773438,-2.123460929684593,2.687099503559711,-4.92118617882127,-3.027828903547398,-2.499559709603428,0.8442675664622706,-0.100044251526803,3.966859327823789,-0.4442865912523274,1.3225530565539565
70.0,224.0,150.95826721191406,-2.1262525097823337,1.7737189882144293,-4.926724315985826,-3.0259742329384216,-2.437463469842107,1.4099652745982325,-1.0262765149084487,3.9233814230264574,-0.4512474950726279,1.609887845109697
70.0,224.0,156.08035278320312,-2.1580996450789263,1.728328627406782,-4.879695436337815,-3.0850529772078543,-3.06587044186364,0.8359929899162684,-1.015638048938622,3.5437633377229565,-0.4462973345896071,0.7233871726910266
70.0,224.0,141.4826202392578,-2.1261160085963327,2.6745115592972386,-4.932130452961332,-3.0058479524365764,-2.487836886697602,0.8532757011427905,-0.1386712797695375,3.976572900333153,-0.4512150426770004,1.61386797347447
70.0,224.0,139.20106506347656,-2.1199739835576423,2.6898290910166045,-4.916988834789176,-3.005067378190795,-2.496670913935388,0.8419866759851501,-0.5270396711964354,3.965192878104608,-0.4448206686832281,1.3230972284349678
70.0,224.0,137.81729125976562,-2.124902263580916,2.6792880793012506,-4.921151043440877,-3.0320426830742746,-2.501825670185947,0.8421897990445466,-0.1014052601295434,3.966129570331567,-0.4437344101285745,1.323299032013309
70.0,224.0,137.80642700195312,-2.125618611474429,2.6784178966284418,-4.918893249922101,-3.029081125327927,-2.4995102028453755,0.8419417937928138,-0.1001976183390108,3.964207792701794,-0.4439862098666912,1.323142429952738
70.0,224.0,137.87188720703125,-2.1240824739541035,2.6866164442567286,-4.920968180276025,-3.0237048232066104,-2.5011199145753507,0.8473365415417217,-0.1016269113949813,3.968658690608164,-0.4458068287309766,1.3230531238209489
70.0,224.0,137.84164428710938,-2.12804670038902,2.6847064657165047,-4.917691392838313,-3.030188335067299,-2.5025195689461563,0.8389571044026485,-0.1023476779682109,3.9649090227339663,-0.444245099893632,1.322082321992583
70.0,224.0,140.24879455566406,-2.159870733938664,2.731115036631711,-4.9260037736587945,-3.026109420242876,-2.4969789903477126,0.8477610668538871,-0.1324560854486751,3.968281489788039,-0.4577944531271202,1.3256317406561045
70.0,224.0,177.90628051757812,-0.9480992037287066,1.6698462529856726,-4.92126265432442,-3.066282443454009,-3.048841576344093,1.9184003846581128,-1.029547548154336,4.407033002134062,-0.5675828178794807,0.7291447687456702
70.0,224.0,137.802490234375,-2.1245541016964227,2.680659821901315,-4.921156818087162,-3.029968195597984,-2.499320566785325,0.8415610213347058,-0.0992569907843801,3.9658391853489694,-0.4443143594915415,1.3232999825729386
70.0,224.0,140.55001831054688,-2.122329315786468,1.802061285371577,-4.931716526883416,-3.0283693764857564,-2.486060058575672,0.8457611210177214,-0.5347108318649818,3.980144941527816,-0.4523532917964609,1.322373004556118
70.0,224.0,142.5392608642578,-2.104376428582444,1.7283865544756785,-4.922585846125028,-3.0131007958376936,-2.4765371018804103,0.8358347861679476,-0.0939824430640884,3.950506920652797,-0.4456611252073059,1.3226208757819555
70.0,224.0,145.70840454101562,-2.135465472985876,2.725659697926672,-4.9214457615482265,-3.0284517959044184,-2.4994643766402773,0.8435176585208813,-0.1046214647093083,3.928412229701504,-0.4546961447626682,1.2696231765194868
70.0,224.0,137.8173065185547,-2.1275901724240587,2.681242677054823,-4.924917493193287,-3.030922863189696,-2.4999339750487164,0.8421361691131704,-0.1002583925897743,3.9662315595948456,-0.444361239072035,1.3225336627976334
70.0,224.0,137.83448791503906,-2.1185114864137367,2.681190654795949,-4.920397552328796,-3.027868897199576,-2.498865657409995,0.8437030734803385,-0.0998827367955701,3.967616071972943,-0.4475367063268248,1.3239153918352513
70.0,224.0,137.90185546875,-2.123208482587378,2.681381833789675,-4.901664570795591,-3.033973112586292,-2.498950184738068,0.8409612847710842,-0.1024883203382251,3.964985449042335,-0.4436768751200105,1.3238238823365809
70.0,224.0,137.81985473632812,-2.127596216469379,2.682333382264904,-4.921650331642164,-3.032614584228958,-2.4973787577871427,0.8440753688181151,-0.1006959899596506,3.965717501922789,-0.4457134557394261,1.3232025068724664
70.0,224.0,153.1660919189453,-2.121447798556532,1.8336876551817392,-4.9380753146679925,-3.094233202647145,-3.0649950223856144,0.8354321701101891,-1.021508757068139,3.955010029302585,-0.4447028575291981,0.7080551592072115
70.0,224.0,139.02899169921875,-2.116680644044904,1.7765322336896483,-4.92446911086017,-3.03451167358634,-2.4973989430045243,0.8426549891252214,-0.1020728079898156,3.951844479960629,-0.4475878626756762,1.324240196570777
70.0,224.0,144.48789978027344,-2.141046964113209,1.771880474365917,-4.911381224157521,-3.040130457582591,-2.517262630056656,0.8055665997807893,-1.0369607176572375,3.977882256769657,-0.4549739669163189,1.3219810566530266
70.0,224.0,137.80355834960938,-2.1182296029696324,2.683322177165349,-4.921762738205465,-3.032643472955117,-2.498621886762079,0.8417987802446691,-0.0996521507259836,3.966160138303045,-0.4443629453970802,1.3231422635407069
70.0,224.0,150.5499267578125,-2.11968739608623,1.755035030369485,-4.927208819748874,-3.0244678618957064,-2.0218319945465275,0.8106048132035997,-1.0135414794231097,3.9867357123238514,-0.4552261932641993,1.349251448476138
70.0,224.0,140.0598907470703,-2.164817701741923,1.7858384313759987,-4.90336352167247,-3.066864914042139,-2.50056923429754,0.8434342846863904,-0.1148784521738972,3.965952049389358,-0.4458007797378894,1.3229520004973705
70.0,224.0,137.81044006347656,-2.120278446621936,2.6847847899258426,-4.921800015743185,-3.0302920495715733,-2.5021614700923225,0.8414222480321608,-0.1004065344840689,3.965504328927371,-0.4445278032593352,1.3237612400909389
70.0,224.0,137.8036346435547,-2.118341115330645,2.6851038612055103,-4.9208520436165575,-3.0301339940214733,-2.5001544971258256,0.8417295389234615,-0.0994806149021495,3.9660281603969647,-0.4443545068608928,1.3224557753975663
70.0,224.0,137.80421447753906,-2.121044567417369,2.682014615916584,-4.923055864901511,-3.02995121146894,-2.501120853874171,0.8429746419758147,-0.09950643180708,3.966176180879754,-0.4442685848888745,1.323143137647849
70.0,224.0,140.52117919921875,-2.1272497769988306,1.774468940747441,-4.918171862643308,-3.039466282870276,-2.4890347571925453,0.8476899259151214,-0.521753245229758,3.96549093137469,-0.4572526271482879,1.3258236409937911
70.0,224.0,145.3743896484375,-2.055715787756611,3.5459383446779773,-4.926743274509718,-3.033548482115602,-2.496961460418813,0.8144829614976842,-0.053820621728324,3.954244038928831,-0.4430671415972534,1.6597223734601851
70.0,224.0,139.49063110351562,-2.127036784137281,2.6864341888011003,-4.922580773522917,-3.0061126931140665,-1.94209301285814,0.8409841124852037,-0.5625834980067171,3.962763002701845,-0.4500653814960387,1.3055394714877115
70.0,224.0,137.81744384765625,-2.1277224404567705,2.681837911661119,-4.924157043995317,-3.031281385129762,-2.4981128105050505,0.8438584129104354,-0.1007129788384623,3.964888576576502,-0.4454803480719521,1.3232394589601535
70.0,224.0,137.80738830566406,-2.124823656412992,2.685976061315521,-4.922415902586214,-3.0293809780473264,-2.49943301943963,0.8419689970643467,-0.1002958835263397,3.965724486233514,-0.444294678412925,1.3232536061695117
70.0,224.0,155.14508056640625,-2.144416528898283,1.7532622941419214,-4.910340166670732,-3.045212005694971,-1.9538792327145715,0.8337103093690844,-1.0439633387742353,3.904955445319976,-0.4075869564763927,0.7623833671535221
70.0,224.0,137.95794677734375,-2.1343631128490768,2.6902133208711687,-4.921933449087105,-3.037796939777982,-2.5020372629880416,0.8425318109300233,-0.0989070407652706,3.959701598654234,-0.4431945258330154,1.3239415677207869
70.0,224.0,137.804443359375,-2.124670019467279,2.679893225039872,-4.921389507959089,-3.02878719430555,-2.499496458552039,0.8416799446429538,-0.1001391488084174,3.9658734146100656,-0.4442398044905637,1.3231366446137922
70.0,224.0,157.8895721435547,-2.151116586352581,1.7765067177928218,-4.954217446239854,-3.688038395004858,-2.586077377730949,0.8144731752930827,-0.6122097261475492,3.624379146848815,-0.454328507982406,0.9702287003031408
70.0,224.0,160.38934326171875,-2.1239526524329047,1.7532778008160277,-4.793683137872873,-2.992665936417859,-3.0883299703921034,0.7444479414625762,-1.0498487622640318,3.959048847339001,-0.7967959506285662,0.7170082799296202
70.0,224.0,137.80760192871094,-2.126132818051347,2.68162027502828,-4.921710607838846,-3.029510657307585,-2.499903410839914,0.8414072468537326,-0.0996107271997522,3.966211295639164,-0.4443534619677784,1.3229024659428368
70.0,224.0,155.30633544921875,-2.110355142561264,1.7355664246072802,-4.897661520156259,-3.0945963635771343,-3.0647722813398968,0.8256285834289196,-1.0204516952792135,4.389633871132414,-0.4667985076585941,0.7287559592886229
70.0,224.0,158.0673828125,-2.13478528945232,1.8441109636686763,-4.929363763692761,-3.1294766675918138,-3.0546509867568057,1.330469986782295,-1.0107985278553162,3.543151829295136,-0.4498499097984712,0.7093224768745058
70.0,224.0,151.25607299804688,-2.172037136009037,1.7295055121999343,-4.886813252907739,-3.044272093932116,-2.527211347557737,0.8736419156014977,-1.0803740810791176,4.326682419773425,-0.4568381444550614,1.020613823807618
70.0,224.0,165.35855102539062,-2.0411344005614884,1.8033887960812784,-4.990096883276585,-3.0271535952284765,-1.9850275875294443,0.7502007915430735,-1.0075749577924853,3.0752222344234887,-0.4467256416415724,1.0584411608503208
70.0,224.0,165.263427734375,-2.025108824505472,1.819420873531608,-4.880777358367313,-3.048511178555349,-3.076473591889685,0.724041054625411,-1.045823708623605,4.79798916193166,-0.408550783489008,0.6991762171530035
70.0,224.0,137.80335998535156,-2.1155522222707908,2.6829039424917327,-4.91996093094672,-3.0318518312332983,-2.499532505064996,0.8425681794766411,-0.0991331908830997,3.9655932133276703,-0.4441165641931224,1.3231466095447304
70.0,224.0,160.2692413330078,-1.055922459328694,1.7735920722761906,-4.937958133848109,-1.695201673496223,-3.064020344723154,0.8372423768827528,-1.0608401158966236,4.429729571994304,-0.4561175576200931,0.7202760905369371
70.0,225.0,157.60691833496094,-2.1221509371431435,1.8392303061078088,-4.902514539010984,-3.0864103908050646,-3.0538475418464337,0.8517324402109121,-1.0171489627324086,3.092931355225164,-0.4559853455206131,0.9824460715350812
70.0,225.0,161.15728759765625,-1.9534206856324816,1.7536378394229737,-4.890109816254475,-3.0956079319477503,-3.0662115030366284,0.8279698431872164,-1.019189610828445,4.304919778195342,-0.4515226464921155,0.7024576952550962
70.0,225.0,137.86192321777344,-2.117800296695536,2.675060293822595,-4.922290025193135,-3.027935279981284,-2.5040521871909243,0.8478738732967751,-0.099897556218255,3.966110916736105,-0.4461138680384,1.3219547282552515
70.0,225.0,137.8007354736328,-2.11874858425824,2.6830495050636785,-4.921572170529264,-3.029930532135108,-2.500044037785152,0.8417896551606292,-0.0995665239623932,3.9660535743448713,-0.4443549889952953,1.3231351745149451
70.0,225.0,137.8094940185547,-2.118696324931999,2.6863369671997743,-4.921507909259438,-3.027731975896941,-2.4991739941379354,0.8394082879638051,-0.0991778339342868,3.964396156586885,-0.4443486844907374,1.3227913978743155
70.0,225.0,150.95826721191406,-2.1262525097823337,1.7737189882144293,-4.926724315985826,-3.0259742329384216,-2.437463469842107,1.4099652745982325,-1.0262765149084487,3.9233814230264574,-0.4512474950726279,1.609887845109697
70.0,225.0,156.08035278320312,-2.1580996450789263,1.728328627406782,-4.879695436337815,-3.0850529772078543,-3.06587044186364,0.8359929899162684,-1.015638048938622,3.5437633377229565,-0.4462973345896071,0.7233871726910266
70.0,225.0,141.4826202392578,-2.1261160085963327,2.6745115592972386,-4.932130452961332,-3.0058479524365764,-2.487836886697602,0.8532757011427905,-0.1386712797695375,3.976572900333153,-0.4512150426770004,1.61386797347447
70.0,225.0,138.00877380371094,-2.120862019447812,2.685910205809817,-4.928790942919243,-3.012909468926208,-2.49687958373608,0.841666371309482,-0.1087915644119663,3.9653413973941207,-0.4448554457002244,1.323172818752841
70.0,225.0,137.81729125976562,-2.124902263580916,2.6792880793012506,-4.921151043440877,-3.0320426830742746,-2.501825670185947,0.8421897990445466,-0.1014052601295434,3.966129570331567,-0.4437344101285745,1.323299032013309
70.0,225.0,137.80642700195312,-2.125618611474429,2.6784178966284418,-4.918893249922101,-3.029081125327927,-2.4995102028453755,0.8419417937928138,-0.1001976183390108,3.964207792701794,-0.4439862098666912,1.323142429952738
70.0,225.0,137.87188720703125,-2.1240824739541035,2.6866164442567286,-4.920968180276025,-3.0237048232066104,-2.5011199145753507,0.8473365415417217,-0.1016269113949813,3.968658690608164,-0.4458068287309766,1.3230531238209489
70.0,225.0,137.84164428710938,-2.12804670038902,2.6847064657165047,-4.917691392838313,-3.030188335067299,-2.5025195689461563,0.8389571044026485,-0.1023476779682109,3.9649090227339663,-0.444245099893632,1.322082321992583
70.0,225.0,140.08370971679688,-2.111923046133186,2.7163754427168483,-4.935586518857221,-3.027765351904081,-2.499909772101564,0.8489084250831992,-0.1426444009924306,3.966177651308612,-0.4438992978989253,1.3216609354781654
70.0,225.0,177.90628051757812,-0.9480992037287066,1.6698462529856726,-4.92126265432442,-3.066282443454009,-3.048841576344093,1.9184003846581128,-1.029547548154336,4.407033002134062,-0.5675828178794807,0.7291447687456702
70.0,225.0,137.7987060546875,-2.1223923018161126,2.681219517143308,-4.92151875378752,-3.028962715722171,-2.498920612952801,0.8421843033118905,-0.0995879351728055,3.965857188574928,-0.4443398385675991,1.3230672578934803
70.0,225.0,140.55001831054688,-2.122329315786468,1.802061285371577,-4.931716526883416,-3.0283693764857564,-2.486060058575672,0.8457611210177214,-0.5347108318649818,3.980144941527816,-0.4523532917964609,1.322373004556118
70.0,225.0,142.5392608642578,-2.104376428582444,1.7283865544756785,-4.922585846125028,-3.0131007958376936,-2.4765371018804103,0.8358347861679476,-0.0939824430640884,3.950506920652797,-0.4456611252073059,1.3226208757819555
70.0,225.0,145.70840454101562,-2.135465472985876,2.725659697926672,-4.9214457615482265,-3.0284517959044184,-2.4994643766402773,0.8435176585208813,-0.1046214647093083,3.928412229701504,-0.4546961447626682,1.2696231765194868
70.0,225.0,137.8173065185547,-2.1275901724240587,2.681242677054823,-4.924917493193287,-3.030922863189696,-2.4999339750487164,0.8421361691131704,-0.1002583925897743,3.9662315595948456,-0.444361239072035,1.3225336627976334
70.0,225.0,137.8294219970703,-2.1179460686958542,2.684286539973552,-4.919859304774289,-3.0300084465680377,-2.500480655295571,0.8377311614780762,-0.0998540948027956,3.966710050041612,-0.4454292944297675,1.323430920204345
70.0,225.0,137.90185546875,-2.123208482587378,2.681381833789675,-4.901664570795591,-3.033973112586292,-2.498950184738068,0.8409612847710842,-0.1024883203382251,3.964985449042335,-0.4436768751200105,1.3238238823365809
70.0,225.0,137.81985473632812,-2.127596216469379,2.682333382264904,-4.921650331642164,-3.032614584228958,-2.4973787577871427,0.8440753688181151,-0.1006959899596506,3.965717501922789,-0.4457134557394261,1.3232025068724664
70.0,225.0,153.1660919189453,-2.121447798556532,1.8336876551817392,-4.9380753146679925,-3.094233202647145,-3.0649950223856144,0.8354321701101891,-1.021508757068139,3.955010029302585,-0.4447028575291981,0.7080551592072115
70.0,225.0,139.02899169921875,-2.116680644044904,1.7765322336896483,-4.92446911086017,-3.03451167358634,-2.4973989430045243,0.8426549891252214,-0.1020728079898156,3.951844479960629,-0.4475878626756762,1.324240196570777
70.0,225.0,144.48789978027344,-2.141046964113209,1.771880474365917,-4.911381224157521,-3.040130457582591,-2.517262630056656,0.8055665997807893,-1.0369607176572375,3.977882256769657,-0.4549739669163189,1.3219810566530266
70.0,225.0,137.80032348632812,-2.119931633971896,2.683200367960933,-4.921464991356993,-3.0289202312767864,-2.4999817284203742,0.8418053421426628,-0.0995159637103932,3.965997910608068,-0.4444260622458356,1.3231411245438172
70.0,225.0,150.5499267578125,-2.11968739608623,1.755035030369485,-4.927208819748874,-3.0244678618957064,-2.0218319945465275,0.8106048132035997,-1.0135414794231097,3.9867357123238514,-0.4552261932641993,1.349251448476138
70.0,225.0,140.0598907470703,-2.164817701741923,1.7858384313759987,-4.90336352167247,-3.066864914042139,-2.50056923429754,0.8434342846863904,-0.1148784521738972,3.965952049389358,-0.4458007797378894,1.3229520004973705
70.0,225.0,137.81044006347656,-2.120278446621936,2.6847847899258426,-4.921800015743185,-3.0302920495715733,-2.5021614700923225,0.8414222480321608,-0.1004065344840689,3.965504328927371,-0.4445278032593352,1.3237612400909389
70.0,225.0,137.8007049560547,-2.119048748654653,2.681988779581016,-4.921516151350349,-3.029792913150881,-2.5000330146769425,0.8417321017330114,-0.099546101790442,3.965965918103801,-0.4443546443093603,1.3226092729402346
70.0,225.0,137.80279541015625,-2.117811876024234,2.6822735609593384,-4.9202525876430965,-3.0297489007068457,-2.500798653220114,0.8424794745458014,-0.0996895418932269,3.966172912311852,-0.4442405894326073,1.323164743043331
70.0,225.0,140.52117919921875,-2.1272497769988306,1.774468940747441,-4.918171862643308,-3.039466282870276,-2.4890347571925453,0.8476899259151214,-0.521753245229758,3.96549093137469,-0.4572526271482879,1.3258236409937911
70.0,225.0,145.3743896484375,-2.055715787756611,3.5459383446779773,-4.926743274509718,-3.033548482115602,-2.496961460418813,0.8144829614976842,-0.053820621728324,3.954244038928831,-0.4430671415972534,1.6597223734601851
70.0,225.0,139.49063110351562,-2.127036784137281,2.6864341888011003,-4.922580773522917,-3.0061126931140665,-1.94209301285814,0.8409841124852037,-0.5625834980067171,3.962763002701845,-0.4500653814960387,1.3055394714877115
70.0,225.0,137.81744384765625,-2.1277224404567705,2.681837911661119,-4.924157043995317,-3.031281385129762,-2.4981128105050505,0.8438584129104354,-0.1007129788384623,3.964888576576502,-0.4454803480719521,1.3232394589601535
70.0,225.0,137.80738830566406,-2.124823656412992,2.685976061315521,-4.922415902586214,-3.0293809780473264,-2.49943301943963,0.8419689970643467,-0.1002958835263397,3.965724486233514,-0.444294678412925,1.3232536061695117
70.0,225.0,155.14508056640625,-2.144416528898283,1.7532622941419214,-4.910340166670732,-3.045212005694971,-1.9538792327145715,0.8337103093690844,-1.0439633387742353,3.904955445319976,-0.4075869564763927,0.7623833671535221
70.0,225.0,137.95794677734375,-2.1343631128490768,2.6902133208711687,-4.921933449087105,-3.037796939777982,-2.5020372629880416,0.8425318109300233,-0.0989070407652706,3.959701598654234,-0.4431945258330154,1.3239415677207869
70.0,225.0,137.804443359375,-2.124670019467279,2.679893225039872,-4.921389507959089,-3.02878719430555,-2.499496458552039,0.8416799446429538,-0.1001391488084174,3.9658734146100656,-0.4442398044905637,1.3231366446137922
70.0,225.0,157.8895721435547,-2.151116586352581,1.7765067177928218,-4.954217446239854,-3.688038395004858,-2.586077377730949,0.8144731752930827,-0.6122097261475492,3.624379146848815,-0.454328507982406,0.9702287003031408
70.0,225.0,160.38934326171875,-2.1239526524329047,1.7532778008160277,-4.793683137872873,-2.992665936417859,-3.0883299703921034,0.7444479414625762,-1.0498487622640318,3.959048847339001,-0.7967959506285662,0.7170082799296202
70.0,225.0,137.8031463623047,-2.122290900996716,2.6831180243201884,-4.921149373447412,-3.029045207192689,-2.499967042167862,0.8416558827645093,-0.0998500531593455,3.9663626667073135,-0.4443609891983401,1.3231175474660088
70.0,225.0,155.30633544921875,-2.110355142561264,1.7355664246072802,-4.897661520156259,-3.0945963635771343,-3.0647722813398968,0.8256285834289196,-1.0204516952792135,4.389633871132414,-0.4667985076585941,0.7287559592886229
70.0,225.0,158.0673828125,-2.13478528945232,1.8441109636686763,-4.929363763692761,-3.1294766675918138,-3.0546509867568057,1.330469986782295,-1.0107985278553162,3.543151829295136,-0.4498499097984712,0.7093224768745058
70.0,225.0,151.25607299804688,-2.172037136009037,1.7295055121999343,-4.886813252907739,-3.044272093932116,-2.527211347557737,0.8736419156014977,-1.0803740810791176,4.326682419773425,-0.4568381444550614,1.020613823807618
70.0,225.0,165.35855102539062,-2.0411344005614884,1.8033887960812784,-4.990096883276585,-3.0271535952284765,-1.9850275875294443,0.7502007915430735,-1.0075749577924853,3.0752222344234887,-0.4467256416415724,1.0584411608503208
70.0,225.0,165.263427734375,-2.025108824505472,1.819420873531608,-4.880777358367313,-3.048511178555349,-3.076473591889685,0.724041054625411,-1.045823708623605,4.79798916193166,-0.408550783489008,0.6991762171530035
70.0,225.0,137.80335998535156,-2.1155522222707908,2.6829039424917327,-4.91996093094672,-3.0318518312332983,-2.499532505064996,0.8425681794766411,-0.0991331908830997,3.9655932133276703,-0.4441165641931224,1.3231466095447304
70.0,225.0,160.2692413330078,-1.055922459328694,1.7735920722761906,-4.937958133848109,-1.695201673496223,-3.064020344723154,0.8372423768827528,-1.0608401158966236,4.429729571994304,-0.4561175576200931,0.7202760905369371
70.0,226.0,157.60691833496094,-2.1221509371431435,1.8392303061078088,-4.902514539010984,-3.0864103908050646,-3.0538475418464337,0.8517324402109121,-1.0171489627324086,3.092931355225164,-0.4559853455206131,0.9824460715350812
70.0,226.0,161.15728759765625,-1.9534206856324816,1.7536378394229737,-4.890109816254475,-3.0956079319477503,-3.0662115030366284,0.8279698431872164,-1.019189610828445,4.304919778195342,-0.4515226464921155,0.7024576952550962
70.0,226.0,137.86192321777344,-2.117800296695536,2.675060293822595,-4.922290025193135,-3.027935279981284,-2.5040521871909243,0.8478738732967751,-0.099897556218255,3.966110916736105,-0.4461138680384,1.3219547282552515
70.0,226.0,137.8007354736328,-2.11874858425824,2.6830495050636785,-4.921572170529264,-3.029930532135108,-2.500044037785152,0.8417896551606292,-0.0995665239623932,3.9660535743448713,-0.4443549889952953,1.3231351745149451
70.0,226.0,137.8094940185547,-2.118696324931999,2.6863369671997743,-4.921507909259438,-3.027731975896941,-2.4991739941379354,0.8394082879638051,-0.0991778339342868,3.964396156586885,-0.4443486844907374,1.3227913978743155
70.0,226.0,150.95826721191406,-2.1262525097823337,1.7737189882144293,-4.926724315985826,-3.0259742329384216,-2.437463469842107,1.4099652745982325,-1.0262765149084487,3.9233814230264574,-0.4512474950726279,1.609887845109697
70.0,226.0,156.08035278320312,-2.1580996450789263,1.728328627406782,-4.879695436337815,-3.0850529772078543,-3.06587044186364,0.8359929899162684,-1.015638048938622,3.5437633377229565,-0.4462973345896071,0.7233871726910266
70.0,226.0,141.4826202392578,-2.1261160085963327,2.6745115592972386,-4.932130452961332,-3.0058479524365764,-2.487836886697602,0.8532757011427905,-0.1386712797695375,3.976572900333153,-0.4512150426770004,1.61386797347447
70.0,226.0,138.00877380371094,-2.120862019447812,2.685910205809817,-4.928790942919243,-3.012909468926208,-2.49687958373608,0.841666371309482,-0.1087915644119663,3.9653413973941207,-0.4448554457002244,1.323172818752841
70.0,226.0,137.81130981445312,-2.128332678711012,2.6797522659038044,-4.92125730009501,-3.029709258276704,-2.4983380755141926,0.8426413367013205,-0.100213574901414,3.9657776115440617,-0.4445297489583884,1.3231810163156028
70.0,226.0,137.80642700195312,-2.125618611474429,2.6784178966284418,-4.918893249922101,-3.029081125327927,-2.4995102028453755,0.8419417937928138,-0.1001976183390108,3.964207792701794,-0.4439862098666912,1.323142429952738
70.0,226.0,137.87188720703125,-2.1240824739541035,2.6866164442567286,-4.920968180276025,-3.0237048232066104,-2.5011199145753507,0.8473365415417217,-0.1016269113949813,3.968658690608164,-0.4458068287309766,1.3230531238209489
70.0,226.0,137.82070922851562,-2.1250023498783763,2.680294867932317,-4.923116103106921,-3.0294217007389563,-2.5011550739302706,0.8428400541082642,-0.1012842796612952,3.964858331116472,-0.4442278081512933,1.3206326803543986
70.0,226.0,137.91026306152344,-2.127397020116272,2.691192119322745,-4.915083969238558,-3.027403062734846,-2.4975227967236515,0.8507614806821493,-0.1039384458771165,3.965570191532559,-0.4441751686124904,1.322136082437864
70.0,226.0,177.90628051757812,-0.9480992037287066,1.6698462529856726,-4.92126265432442,-3.066282443454009,-3.048841576344093,1.9184003846581128,-1.029547548154336,4.407033002134062,-0.5675828178794807,0.7291447687456702
70.0,226.0,137.7987060546875,-2.1223923018161126,2.681219517143308,-4.92151875378752,-3.028962715722171,-2.498920612952801,0.8421843033118905,-0.0995879351728055,3.965857188574928,-0.4443398385675991,1.3230672578934803
70.0,226.0,140.55001831054688,-2.122329315786468,1.802061285371577,-4.931716526883416,-3.0283693764857564,-2.486060058575672,0.8457611210177214,-0.5347108318649818,3.980144941527816,-0.4523532917964609,1.322373004556118
70.0,226.0,142.5392608642578,-2.104376428582444,1.7283865544756785,-4.922585846125028,-3.0131007958376936,-2.4765371018804103,0.8358347861679476,-0.0939824430640884,3.950506920652797,-0.4456611252073059,1.3226208757819555
70.0,226.0,145.70840454101562,-2.135465472985876,2.725659697926672,-4.9214457615482265,-3.0284517959044184,-2.4994643766402773,0.8435176585208813,-0.1046214647093083,3.928412229701504,-0.4546961447626682,1.2696231765194868
70.0,226.0,137.8173065185547,-2.1275901724240587,2.681242677054823,-4.924917493193287,-3.030922863189696,-2.4999339750487164,0.8421361691131704,-0.1002583925897743,3.9662315595948456,-0.444361239072035,1.3225336627976334
70.0,226.0,137.8294219970703,-2.1179460686958542,2.684286539973552,-4.919859304774289,-3.0300084465680377,-2.500480655295571,0.8377311614780762,-0.0998540948027956,3.966710050041612,-0.4454292944297675,1.323430920204345
70.0,226.0,137.90185546875,-2.123208482587378,2.681381833789675,-4.901664570795591,-3.033973112586292,-2.498950184738068,0.8409612847710842,-0.1024883203382251,3.964985449042335,-0.4436768751200105,1.3238238823365809
70.0,226.0,137.81985473632812,-2.127596216469379,2.682333382264904,-4.921650331642164,-3.032614584228958,-2.4973787577871427,0.8440753688181151,-0.1006959899596506,3.965717501922789,-0.4457134557394261,1.3232025068724664
70.0,226.0,153.1660919189453,-2.121447798556532,1.8336876551817392,-4.9380753146679925,-3.094233202647145,-3.0649950223856144,0.8354321701101891,-1.021508757068139,3.955010029302585,-0.4447028575291981,0.7080551592072115
70.0,226.0,139.02899169921875,-2.116680644044904,1.7765322336896483,-4.92446911086017,-3.03451167358634,-2.4973989430045243,0.8426549891252214,-0.1020728079898156,3.951844479960629,-0.4475878626756762,1.324240196570777
70.0,226.0,144.48789978027344,-2.141046964113209,1.771880474365917,-4.911381224157521,-3.040130457582591,-2.517262630056656,0.8055665997807893,-1.0369607176572375,3.977882256769657,-0.4549739669163189,1.3219810566530266
70.0,226.0,137.80032348632812,-2.119931633971896,2.683200367960933,-4.921464991356993,-3.0289202312767864,-2.4999817284203742,0.8418053421426628,-0.0995159637103932,3.965997910608068,-0.4444260622458356,1.3231411245438172
70.0,226.0,150.5499267578125,-2.11968739608623,1.755035030369485,-4.927208819748874,-3.0244678618957064,-2.0218319945465275,0.8106048132035997,-1.0135414794231097,3.9867357123238514,-0.4552261932641993,1.349251448476138
70.0,226.0,140.0598907470703,-2.164817701741923,1.7858384313759987,-4.90336352167247,-3.066864914042139,-2.50056923429754,0.8434342846863904,-0.1148784521738972,3.965952049389358,-0.4458007797378894,1.3229520004973705
70.0,226.0,137.80296325683594,-2.122479911918542,2.6807621632539647,-4.921463725601644,-3.0298123306063025,-2.500692848100333,0.8425071099748231,-0.0997638493389947,3.9654182462363146,-0.444371627941471,1.3220534540944855
70.0,226.0,137.8007049560547,-2.119048748654653,2.681988779581016,-4.921516151350349,-3.029792913150881,-2.5000330146769425,0.8417321017330114,-0.099546101790442,3.965965918103801,-0.4443546443093603,1.3226092729402346
70.0,226.0,137.80279541015625,-2.117811876024234,2.6822735609593384,-4.9202525876430965,-3.0297489007068457,-2.500798653220114,0.8424794745458014,-0.0996895418932269,3.966172912311852,-0.4442405894326073,1.323164743043331
70.0,226.0,140.52117919921875,-2.1272497769988306,1.774468940747441,-4.918171862643308,-3.039466282870276,-2.4890347571925453,0.8476899259151214,-0.521753245229758,3.96549093137469,-0.4572526271482879,1.3258236409937911
70.0,226.0,145.3743896484375,-2.055715787756611,3.5459383446779773,-4.926743274509718,-3.033548482115602,-2.496961460418813,0.8144829614976842,-0.053820621728324,3.954244038928831,-0.4430671415972534,1.6597223734601851
70.0,226.0,139.49063110351562,-2.127036784137281,2.6864341888011003,-4.922580773522917,-3.0061126931140665,-1.94209301285814,0.8409841124852037,-0.5625834980067171,3.962763002701845,-0.4500653814960387,1.3055394714877115
70.0,226.0,137.81744384765625,-2.1277224404567705,2.681837911661119,-4.924157043995317,-3.031281385129762,-2.4981128105050505,0.8438584129104354,-0.1007129788384623,3.964888576576502,-0.4454803480719521,1.3232394589601535
70.0,226.0,137.80738830566406,-2.124823656412992,2.685976061315521,-4.922415902586214,-3.0293809780473264,-2.49943301943963,0.8419689970643467,-0.1002958835263397,3.965724486233514,-0.444294678412925,1.3232536061695117
70.0,226.0,155.14508056640625,-2.144416528898283,1.7532622941419214,-4.910340166670732,-3.045212005694971,-1.9538792327145715,0.8337103093690844,-1.0439633387742353,3.904955445319976,-0.4075869564763927,0.7623833671535221
70.0,226.0,137.95794677734375,-2.1343631128490768,2.6902133208711687,-4.921933449087105,-3.037796939777982,-2.5020372629880416,0.8425318109300233,-0.0989070407652706,3.959701598654234,-0.4431945258330154,1.3239415677207869
70.0,226.0,137.804443359375,-2.124670019467279,2.679893225039872,-4.921389507959089,-3.02878719430555,-2.499496458552039,0.8416799446429538,-0.1001391488084174,3.9658734146100656,-0.4442398044905637,1.3231366446137922
70.0,226.0,157.8895721435547,-2.151116586352581,1.7765067177928218,-4.954217446239854,-3.688038395004858,-2.586077377730949,0.8144731752930827,-0.6122097261475492,3.624379146848815,-0.454328507982406,0.9702287003031408
70.0,226.0,160.38934326171875,-2.1239526524329047,1.7532778008160277,-4.793683137872873,-2.992665936417859,-3.0883299703921034,0.7444479414625762,-1.0498487622640318,3.959048847339001,-0.7967959506285662,0.7170082799296202
70.0,226.0,137.8031463623047,-2.122290900996716,2.6831180243201884,-4.921149373447412,-3.029045207192689,-2.499967042167862,0.8416558827645093,-0.0998500531593455,3.9663626667073135,-0.4443609891983401,1.3231175474660088
70.0,226.0,155.30633544921875,-2.110355142561264,1.7355664246072802,-4.897661520156259,-3.0945963635771343,-3.0647722813398968,0.8256285834289196,-1.0204516952792135,4.389633871132414,-0.4667985076585941,0.7287559592886229
70.0,226.0,158.0673828125,-2.13478528945232,1.8441109636686763,-4.929363763692761,-3.1294766675918138,-3.0546509867568057,1.330469986782295,-1.0107985278553162,3.543151829295136,-0.4498499097984712,0.7093224768745058
70.0,226.0,151.25607299804688,-2.172037136009037,1.7295055121999343,-4.886813252907739,-3.044272093932116,-2.527211347557737,0.8736419156014977,-1.0803740810791176,4.326682419773425,-0.4568381444550614,1.020613823807618
70.0,226.0,165.35855102539062,-2.0411344005614884,1.8033887960812784,-4.990096883276585,-3.0271535952284765,-1.9850275875294443,0.7502007915430735,-1.0075749577924853,3.0752222344234887,-0.4467256416415724,1.0584411608503208
70.0,226.0,165.263427734375,-2.025108824505472,1.819420873531608,-4.880777358367313,-3.048511178555349,-3.076473591889685,0.724041054625411,-1.045823708623605,4.79798916193166,-0.408550783489008,0.6991762171530035
70.0,226.0,137.80335998535156,-2.1155522222707908,2.6829039424917327,-4.91996093094672,-3.0318518312332983,-2.499532505064996,0.8425681794766411,-0.0991331908830997,3.9655932133276703,-0.4441165641931224,1.3231466095447304
70.0,226.0,160.2692413330078,-1.055922459328694,1.7735920722761906,-4.937958133848109,-1.695201673496223,-3.064020344723154,0.8372423768827528,-1.0608401158966236,4.429729571994304,-0.4561175576200931,0.7202760905369371
70.0,227.0,157.60691833496094,-2.1221509371431435,1.8392303061078088,-4.902514539010984,-3.0864103908050646,-3.0538475418464337,0.8517324402109121,-1.0171489627324086,3.092931355225164,-0.4559853455206131,0.9824460715350812
70.0,227.0,161.15728759765625,-1.9534206856324816,1.7536378394229737,-4.890109816254475,-3.0956079319477503,-3.0662115030366284,0.8279698431872164,-1.019189610828445,4.304919778195342,-0.4515226464921155,0.7024576952550962
70.0,227.0,137.86192321777344,-2.117800296695536,2.675060293822595,-4.922290025193135,-3.027935279981284,-2.5040521871909243,0.8478738732967751,-0.099897556218255,3.966110916736105,-0.4461138680384,1.3219547282552515
70.0,227.0,137.8007354736328,-2.11874858425824,2.6830495050636785,-4.921572170529264,-3.029930532135108,-2.500044037785152,0.8417896551606292,-0.0995665239623932,3.9660535743448713,-0.4443549889952953,1.3231351745149451
70.0,227.0,137.8094940185547,-2.118696324931999,2.6863369671997743,-4.921507909259438,-3.027731975896941,-2.4991739941379354,0.8394082879638051,-0.0991778339342868,3.964396156586885,-0.4443486844907374,1.3227913978743155
70.0,227.0,150.95826721191406,-2.1262525097823337,1.7737189882144293,-4.926724315985826,-3.0259742329384216,-2.437463469842107,1.4099652745982325,-1.0262765149084487,3.9233814230264574,-0.4512474950726279,1.609887845109697
70.0,227.0,156.08035278320312,-2.1580996450789263,1.728328627406782,-4.879695436337815,-3.0850529772078543,-3.06587044186364,0.8359929899162684,-1.015638048938622,3.5437633377229565,-0.4462973345896071,0.7233871726910266
70.0,227.0,141.4826202392578,-2.1261160085963327,2.6745115592972386,-4.932130452961332,-3.0058479524365764,-2.487836886697602,0.8532757011427905,-0.1386712797695375,3.976572900333153,-0.4512150426770004,1.61386797347447
70.0,227.0,137.8142852783203,-2.1239997204675807,2.682062449712567,-4.920146743742367,-3.025958206184079,-2.496572923346182,0.8424196701669544,-0.1022452489700058,3.966022563682012,-0.4439904327991957,1.3232216508482948
70.0,227.0,137.81130981445312,-2.128332678711012,2.6797522659038044,-4.92125730009501,-3.029709258276704,-2.4983380755141926,0.8426413367013205,-0.100213574901414,3.9657776115440617,-0.4445297489583884,1.3231810163156028
70.0,227.0,137.80642700195312,-2.125618611474429,2.6784178966284418,-4.918893249922101,-3.029081125327927,-2.4995102028453755,0.8419417937928138,-0.1001976183390108,3.964207792701794,-0.4439862098666912,1.323142429952738
70.0,227.0,137.87188720703125,-2.1240824739541035,2.6866164442567286,-4.920968180276025,-3.0237048232066104,-2.5011199145753507,0.8473365415417217,-0.1016269113949813,3.968658690608164,-0.4458068287309766,1.3230531238209489
70.0,227.0,137.80677795410156,-2.123827594373848,2.6783170251224178,-4.919932733119505,-3.028445332272549,-2.496969858734057,0.8436446414264162,-0.1002953028201438,3.965687227716695,-0.4441446276633128,1.3239672014561414
70.0,227.0,137.91026306152344,-2.127397020116272,2.691192119322745,-4.915083969238558,-3.027403062734846,-2.4975227967236515,0.8507614806821493,-0.1039384458771165,3.965570191532559,-0.4441751686124904,1.322136082437864
70.0,227.0,177.90628051757812,-0.9480992037287066,1.6698462529856726,-4.92126265432442,-3.066282443454009,-3.048841576344093,1.9184003846581128,-1.029547548154336,4.407033002134062,-0.5675828178794807,0.7291447687456702
70.0,227.0,137.7987060546875,-2.1223923018161126,2.681219517143308,-4.92151875378752,-3.028962715722171,-2.498920612952801,0.8421843033118905,-0.0995879351728055,3.965857188574928,-0.4443398385675991,1.3230672578934803
70.0,227.0,140.55001831054688,-2.122329315786468,1.802061285371577,-4.931716526883416,-3.0283693764857564,-2.486060058575672,0.8457611210177214,-0.5347108318649818,3.980144941527816,-0.4523532917964609,1.322373004556118
70.0,227.0,142.5392608642578,-2.104376428582444,1.7283865544756785,-4.922585846125028,-3.0131007958376936,-2.4765371018804103,0.8358347861679476,-0.0939824430640884,3.950506920652797,-0.4456611252073059,1.3226208757819555
70.0,227.0,145.70840454101562,-2.135465472985876,2.725659697926672,-4.9214457615482265,-3.0284517959044184,-2.4994643766402773,0.8435176585208813,-0.1046214647093083,3.928412229701504,-0.4546961447626682,1.2696231765194868
70.0,227.0,137.8173065185547,-2.1275901724240587,2.681242677054823,-4.924917493193287,-3.030922863189696,-2.4999339750487164,0.8421361691131704,-0.1002583925897743,3.9662315595948456,-0.444361239072035,1.3225336627976334
70.0,227.0,137.81103515625,-2.124644370523591,2.685296184755668,-4.922153923865448,-3.027954227552547,-2.5004156435980835,0.8416001792153761,-0.0995314731286674,3.9665369950345135,-0.4443140799785195,1.3231844732012883
70.0,227.0,137.90185546875,-2.123208482587378,2.681381833789675,-4.901664570795591,-3.033973112586292,-2.498950184738068,0.8409612847710842,-0.1024883203382251,3.964985449042335,-0.4436768751200105,1.3238238823365809
70.0,227.0,137.81985473632812,-2.127596216469379,2.682333382264904,-4.921650331642164,-3.032614584228958,-2.4973787577871427,0.8440753688181151,-0.1006959899596506,3.965717501922789,-0.4457134557394261,1.3232025068724664
70.0,227.0,153.1660919189453,-2.121447798556532,1.8336876551817392,-4.9380753146679925,-3.094233202647145,-3.0649950223856144,0.8354321701101891,-1.021508757068139,3.955010029302585,-0.4447028575291981,0.7080551592072115
70.0,227.0,139.02899169921875,-2.116680644044904,1.7765322336896483,-4.92446911086017,-3.03451167358634,-2.4973989430045243,0.8426549891252214,-0.1020728079898156,3.951844479960629,-0.4475878626756762,1.324240196570777
70.0,227.0,144.48789978027344,-2.141046964113209,1.771880474365917,-4.911381224157521,-3.040130457582591,-2.517262630056656,0.8055665997807893,-1.0369607176572375,3.977882256769657,-0.4549739669163189,1.3219810566530266
70.0,227.0,137.80032348632812,-2.119931633971896,2.683200367960933,-4.921464991356993,-3.0289202312767864,-2.4999817284203742,0.8418053421426628,-0.0995159637103932,3.965997910608068,-0.4444260622458356,1.3231411245438172
70.0,227.0,150.5499267578125,-2.11968739608623,1.755035030369485,-4.927208819748874,-3.0244678618957064,-2.0218319945465275,0.8106048132035997,-1.0135414794231097,3.9867357123238514,-0.4552261932641993,1.349251448476138
70.0,227.0,140.0598907470703,-2.164817701741923,1.7858384313759987,-4.90336352167247,-3.066864914042139,-2.50056923429754,0.8434342846863904,-0.1148784521738972,3.965952049389358,-0.4458007797378894,1.3229520004973705
70.0,227.0,137.80296325683594,-2.122479911918542,2.6807621632539647,-4.921463725601644,-3.0298123306063025,-2.500692848100333,0.8425071099748231,-0.0997638493389947,3.9654182462363146,-0.444371627941471,1.3220534540944855
70.0,227.0,137.8007049560547,-2.119048748654653,2.681988779581016,-4.921516151350349,-3.029792913150881,-2.5000330146769425,0.8417321017330114,-0.099546101790442,3.965965918103801,-0.4443546443093603,1.3226092729402346
70.0,227.0,137.80279541015625,-2.117811876024234,2.6822735609593384,-4.9202525876430965,-3.0297489007068457,-2.500798653220114,0.8424794745458014,-0.0996895418932269,3.966172912311852,-0.4442405894326073,1.323164743043331
70.0,227.0,140.52117919921875,-2.1272497769988306,1.774468940747441,-4.918171862643308,-3.039466282870276,-2.4890347571925453,0.8476899259151214,-0.521753245229758,3.96549093137469,-0.4572526271482879,1.3258236409937911
70.0,227.0,145.3743896484375,-2.055715787756611,3.5459383446779773,-4.926743274509718,-3.033548482115602,-2.496961460418813,0.8144829614976842,-0.053820621728324,3.954244038928831,-0.4430671415972534,1.6597223734601851
70.0,227.0,139.49063110351562,-2.127036784137281,2.6864341888011003,-4.922580773522917,-3.0061126931140665,-1.94209301285814,0.8409841124852037,-0.5625834980067171,3.962763002701845,-0.4500653814960387,1.3055394714877115
70.0,227.0,137.81744384765625,-2.1277224404567705,2.681837911661119,-4.924157043995317,-3.031281385129762,-2.4981128105050505,0.8438584129104354,-0.1007129788384623,3.964888576576502,-0.4454803480719521,1.3232394589601535
70.0,227.0,137.80738830566406,-2.124823656412992,2.685976061315521,-4.922415902586214,-3.0293809780473264,-2.49943301943963,0.8419689970643467,-0.1002958835263397,3.965724486233514,-0.444294678412925,1.3232536061695117
70.0,227.0,155.14508056640625,-2.144416528898283,1.7532622941419214,-4.910340166670732,-3.045212005694971,-1.9538792327145715,0.8337103093690844,-1.0439633387742353,3.904955445319976,-0.4075869564763927,0.7623833671535221
70.0,227.0,137.95794677734375,-2.1343631128490768,2.6902133208711687,-4.921933449087105,-3.037796939777982,-2.5020372629880416,0.8425318109300233,-0.0989070407652706,3.959701598654234,-0.4431945258330154,1.3239415677207869
70.0,227.0,137.804443359375,-2.124670019467279,2.679893225039872,-4.921389507959089,-3.02878719430555,-2.499496458552039,0.8416799446429538,-0.1001391488084174,3.9658734146100656,-0.4442398044905637,1.3231366446137922
70.0,227.0,157.8895721435547,-2.151116586352581,1.7765067177928218,-4.954217446239854,-3.688038395004858,-2.586077377730949,0.8144731752930827,-0.6122097261475492,3.624379146848815,-0.454328507982406,0.9702287003031408
70.0,227.0,160.38934326171875,-2.1239526524329047,1.7532778008160277,-4.793683137872873,-2.992665936417859,-3.0883299703921034,0.7444479414625762,-1.0498487622640318,3.959048847339001,-0.7967959506285662,0.7170082799296202
70.0,227.0,137.8005828857422,-2.1220361373061616,2.681793310790008,-4.9213321235515375,-3.028327048272572,-2.500263408209846,0.8420738094714378,-0.0998268863972694,3.9655895113866975,-0.4444218019371829,1.3230634198427795
70.0,227.0,155.30633544921875,-2.110355142561264,1.7355664246072802,-4.897661520156259,-3.0945963635771343,-3.0647722813398968,0.8256285834289196,-1.0204516952792135,4.389633871132414,-0.4667985076585941,0.7287559592886229
70.0,227.0,158.0673828125,-2.13478528945232,1.8441109636686763,-4.929363763692761,-3.1294766675918138,-3.0546509867568057,1.330469986782295,-1.0107985278553162,3.543151829295136,-0.4498499097984712,0.7093224768745058
70.0,227.0,151.25607299804688,-2.172037136009037,1.7295055121999343,-4.886813252907739,-3.044272093932116,-2.527211347557737,0.8736419156014977,-1.0803740810791176,4.326682419773425,-0.4568381444550614,1.020613823807618
70.0,227.0,165.35855102539062,-2.0411344005614884,1.8033887960812784,-4.990096883276585,-3.0271535952284765,-1.9850275875294443,0.7502007915430735,-1.0075749577924853,3.0752222344234887,-0.4467256416415724,1.0584411608503208
70.0,227.0,165.263427734375,-2.025108824505472,1.819420873531608,-4.880777358367313,-3.048511178555349,-3.076473591889685,0.724041054625411,-1.045823708623605,4.79798916193166,-0.408550783489008,0.6991762171530035
70.0,227.0,137.79685974121094,-2.1188577341668045,2.6817979321782657,-4.919330743711032,-3.0294039664759804,-2.4989281424400915,0.8423454962684058,-0.099163222022016,3.9655553952862816,-0.4441561925229879,1.3233133840012052
70.0,227.0,160.2692413330078,-1.055922459328694,1.7735920722761906,-4.937958133848109,-1.695201673496223,-3.064020344723154,0.8372423768827528,-1.0608401158966236,4.429729571994304,-0.4561175576200931,0.7202760905369371
70.0,228.0,157.60691833496094,-2.1221509371431435,1.8392303061078088,-4.902514539010984,-3.0864103908050646,-3.0538475418464337,0.8517324402109121,-1.0171489627324086,3.092931355225164,-0.4559853455206131,0.9824460715350812
70.0,228.0,161.15728759765625,-1.9534206856324816,1.7536378394229737,-4.890109816254475,-3.0956079319477503,-3.0662115030366284,0.8279698431872164,-1.019189610828445,4.304919778195342,-0.4515226464921155,0.7024576952550962
70.0,228.0,137.86192321777344,-2.117800296695536,2.675060293822595,-4.922290025193135,-3.027935279981284,-2.5040521871909243,0.8478738732967751,-0.099897556218255,3.966110916736105,-0.4461138680384,1.3219547282552515
70.0,228.0,137.8007354736328,-2.11874858425824,2.6830495050636785,-4.921572170529264,-3.029930532135108,-2.500044037785152,0.8417896551606292,-0.0995665239623932,3.9660535743448713,-0.4443549889952953,1.3231351745149451
70.0,228.0,137.8094940185547,-2.118696324931999,2.6863369671997743,-4.921507909259438,-3.027731975896941,-2.4991739941379354,0.8394082879638051,-0.0991778339342868,3.964396156586885,-0.4443486844907374,1.3227913978743155
70.0,228.0,150.95826721191406,-2.1262525097823337,1.7737189882144293,-4.926724315985826,-3.0259742329384216,-2.437463469842107,1.4099652745982325,-1.0262765149084487,3.9233814230264574,-0.4512474950726279,1.609887845109697
70.0,228.0,156.08035278320312,-2.1580996450789263,1.728328627406782,-4.879695436337815,-3.0850529772078543,-3.06587044186364,0.8359929899162684,-1.015638048938622,3.5437633377229565,-0.4462973345896071,0.7233871726910266
70.0,228.0,141.4826202392578,-2.1261160085963327,2.6745115592972386,-4.932130452961332,-3.0058479524365764,-2.487836886697602,0.8532757011427905,-0.1386712797695375,3.976572900333153,-0.4512150426770004,1.61386797347447
70.0,228.0,137.8142852783203,-2.1239997204675807,2.682062449712567,-4.920146743742367,-3.025958206184079,-2.496572923346182,0.8424196701669544,-0.1022452489700058,3.966022563682012,-0.4439904327991957,1.3232216508482948
70.0,228.0,137.81130981445312,-2.128332678711012,2.6797522659038044,-4.92125730009501,-3.029709258276704,-2.4983380755141926,0.8426413367013205,-0.100213574901414,3.9657776115440617,-0.4445297489583884,1.3231810163156028
70.0,228.0,137.80642700195312,-2.125618611474429,2.6784178966284418,-4.918893249922101,-3.029081125327927,-2.4995102028453755,0.8419417937928138,-0.1001976183390108,3.964207792701794,-0.4439862098666912,1.323142429952738
70.0,228.0,137.849609375,-2.1176940471887886,2.6872471615048896,-4.916543514232939,-3.033466382803139,-2.4988868093168013,0.8457813439498433,-0.0988165462549546,3.968752919987446,-0.4449031209685501,1.323495296620104
70.0,228.0,137.80677795410156,-2.123827594373848,2.6783170251224178,-4.919932733119505,-3.028445332272549,-2.496969858734057,0.8436446414264162,-0.1002953028201438,3.965687227716695,-0.4441446276633128,1.3239672014561414
70.0,228.0,137.91026306152344,-2.127397020116272,2.691192119322745,-4.915083969238558,-3.027403062734846,-2.4975227967236515,0.8507614806821493,-0.1039384458771165,3.965570191532559,-0.4441751686124904,1.322136082437864
70.0,228.0,177.90628051757812,-0.9480992037287066,1.6698462529856726,-4.92126265432442,-3.066282443454009,-3.048841576344093,1.9184003846581128,-1.029547548154336,4.407033002134062,-0.5675828178794807,0.7291447687456702
70.0,228.0,137.7987060546875,-2.1223923018161126,2.681219517143308,-4.92151875378752,-3.028962715722171,-2.498920612952801,0.8421843033118905,-0.0995879351728055,3.965857188574928,-0.4443398385675991,1.3230672578934803
70.0,228.0,140.55001831054688,-2.122329315786468,1.802061285371577,-4.931716526883416,-3.0283693764857564,-2.486060058575672,0.8457611210177214,-0.5347108318649818,3.980144941527816,-0.4523532917964609,1.322373004556118
70.0,228.0,142.5392608642578,-2.104376428582444,1.7283865544756785,-4.922585846125028,-3.0131007958376936,-2.4765371018804103,0.8358347861679476,-0.0939824430640884,3.950506920652797,-0.4456611252073059,1.3226208757819555
70.0,228.0,145.70840454101562,-2.135465472985876,2.725659697926672,-4.9214457615482265,-3.0284517959044184,-2.4994643766402773,0.8435176585208813,-0.1046214647093083,3.928412229701504,-0.4546961447626682,1.2696231765194868
70.0,228.0,137.8173065185547,-2.1275901724240587,2.681242677054823,-4.924917493193287,-3.030922863189696,-2.4999339750487164,0.8421361691131704,-0.1002583925897743,3.9662315595948456,-0.444361239072035,1.3225336627976334
70.0,228.0,137.81103515625,-2.124644370523591,2.685296184755668,-4.922153923865448,-3.027954227552547,-2.5004156435980835,0.8416001792153761,-0.0995314731286674,3.9665369950345135,-0.4443140799785195,1.3231844732012883
70.0,228.0,137.90185546875,-2.123208482587378,2.681381833789675,-4.901664570795591,-3.033973112586292,-2.498950184738068,0.8409612847710842,-0.1024883203382251,3.964985449042335,-0.4436768751200105,1.3238238823365809
70.0,228.0,137.81985473632812,-2.127596216469379,2.682333382264904,-4.921650331642164,-3.032614584228958,-2.4973787577871427,0.8440753688181151,-0.1006959899596506,3.965717501922789,-0.4457134557394261,1.3232025068724664
70.0,228.0,153.1660919189453,-2.121447798556532,1.8336876551817392,-4.9380753146679925,-3.094233202647145,-3.0649950223856144,0.8354321701101891,-1.021508757068139,3.955010029302585,-0.4447028575291981,0.7080551592072115
70.0,228.0,139.02899169921875,-2.116680644044904,1.7765322336896483,-4.92446911086017,-3.03451167358634,-2.4973989430045243,0.8426549891252214,-0.1020728079898156,3.951844479960629,-0.4475878626756762,1.324240196570777
70.0,228.0,144.48789978027344,-2.141046964113209,1.771880474365917,-4.911381224157521,-3.040130457582591,-2.517262630056656,0.8055665997807893,-1.0369607176572375,3.977882256769657,-0.4549739669163189,1.3219810566530266
70.0,228.0,137.80032348632812,-2.119931633971896,2.683200367960933,-4.921464991356993,-3.0289202312767864,-2.4999817284203742,0.8418053421426628,-0.0995159637103932,3.965997910608068,-0.4444260622458356,1.3231411245438172
70.0,228.0,150.5499267578125,-2.11968739608623,1.755035030369485,-4.927208819748874,-3.0244678618957064,-2.0218319945465275,0.8106048132035997,-1.0135414794231097,3.9867357123238514,-0.4552261932641993,1.349251448476138
70.0,228.0,140.0598907470703,-2.164817701741923,1.7858384313759987,-4.90336352167247,-3.066864914042139,-2.50056923429754,0.8434342846863904,-0.1148784521738972,3.965952049389358,-0.4458007797378894,1.3229520004973705
70.0,228.0,137.80296325683594,-2.122479911918542,2.6807621632539647,-4.921463725601644,-3.0298123306063025,-2.500692848100333,0.8425071099748231,-0.0997638493389947,3.9654182462363146,-0.444371627941471,1.3220534540944855
70.0,228.0,137.8007049560547,-2.119048748654653,2.681988779581016,-4.921516151350349,-3.029792913150881,-2.5000330146769425,0.8417321017330114,-0.099546101790442,3.965965918103801,-0.4443546443093603,1.3226092729402346
70.0,228.0,137.80279541015625,-2.117811876024234,2.6822735609593384,-4.9202525876430965,-3.0297489007068457,-2.500798653220114,0.8424794745458014,-0.0996895418932269,3.966172912311852,-0.4442405894326073,1.323164743043331
70.0,228.0,140.52117919921875,-2.1272497769988306,1.774468940747441,-4.918171862643308,-3.039466282870276,-2.4890347571925453,0.8476899259151214,-0.521753245229758,3.96549093137469,-0.4572526271482879,1.3258236409937911
70.0,228.0,145.3743896484375,-2.055715787756611,3.5459383446779773,-4.926743274509718,-3.033548482115602,-2.496961460418813,0.8144829614976842,-0.053820621728324,3.954244038928831,-0.4430671415972534,1.6597223734601851
70.0,228.0,139.49063110351562,-2.127036784137281,2.6864341888011003,-4.922580773522917,-3.0061126931140665,-1.94209301285814,0.8409841124852037,-0.5625834980067171,3.962763002701845,-0.4500653814960387,1.3055394714877115
70.0,228.0,137.81744384765625,-2.1277224404567705,2.681837911661119,-4.924157043995317,-3.031281385129762,-2.4981128105050505,0.8438584129104354,-0.1007129788384623,3.964888576576502,-0.4454803480719521,1.3232394589601535
70.0,228.0,137.80738830566406,-2.124823656412992,2.685976061315521,-4.922415902586214,-3.0293809780473264,-2.49943301943963,0.8419689970643467,-0.1002958835263397,3.965724486233514,-0.444294678412925,1.3232536061695117
70.0,228.0,155.14508056640625,-2.144416528898283,1.7532622941419214,-4.910340166670732,-3.045212005694971,-1.9538792327145715,0.8337103093690844,-1.0439633387742353,3.904955445319976,-0.4075869564763927,0.7623833671535221
70.0,228.0,137.95794677734375,-2.1343631128490768,2.6902133208711687,-4.921933449087105,-3.037796939777982,-2.5020372629880416,0.8425318109300233,-0.0989070407652706,3.959701598654234,-0.4431945258330154,1.3239415677207869
70.0,228.0,137.804443359375,-2.124670019467279,2.679893225039872,-4.921389507959089,-3.02878719430555,-2.499496458552039,0.8416799446429538,-0.1001391488084174,3.9658734146100656,-0.4442398044905637,1.3231366446137922
70.0,228.0,157.8895721435547,-2.151116586352581,1.7765067177928218,-4.954217446239854,-3.688038395004858,-2.586077377730949,0.8144731752930827,-0.6122097261475492,3.624379146848815,-0.454328507982406,0.9702287003031408
70.0,228.0,160.38934326171875,-2.1239526524329047,1.7532778008160277,-4.793683137872873,-2.992665936417859,-3.0883299703921034,0.7444479414625762,-1.0498487622640318,3.959048847339001,-0.7967959506285662,0.7170082799296202
70.0,228.0,137.8005828857422,-2.1220361373061616,2.681793310790008,-4.9213321235515375,-3.028327048272572,-2.500263408209846,0.8420738094714378,-0.0998268863972694,3.9655895113866975,-0.4444218019371829,1.3230634198427795
70.0,228.0,155.30633544921875,-2.110355142561264,1.7355664246072802,-4.897661520156259,-3.0945963635771343,-3.0647722813398968,0.8256285834289196,-1.0204516952792135,4.389633871132414,-0.4667985076585941,0.7287559592886229
70.0,228.0,158.0673828125,-2.13478528945232,1.8441109636686763,-4.929363763692761,-3.1294766675918138,-3.0546509867568057,1.330469986782295,-1.0107985278553162,3.543151829295136,-0.4498499097984712,0.7093224768745058
70.0,228.0,151.25607299804688,-2.172037136009037,1.7295055121999343,-4.886813252907739,-3.044272093932116,-2.527211347557737,0.8736419156014977,-1.0803740810791176,4.326682419773425,-0.4568381444550614,1.020613823807618
70.0,228.0,165.35855102539062,-2.0411344005614884,1.8033887960812784,-4.990096883276585,-3.0271535952284765,-1.9850275875294443,0.7502007915430735,-1.0075749577924853,3.0752222344234887,-0.4467256416415724,1.0584411608503208
70.0,228.0,165.263427734375,-2.025108824505472,1.819420873531608,-4.880777358367313,-3.048511178555349,-3.076473591889685,0.724041054625411,-1.045823708623605,4.79798916193166,-0.408550783489008,0.6991762171530035
70.0,228.0,137.79685974121094,-2.1188577341668045,2.6817979321782657,-4.919330743711032,-3.0294039664759804,-2.4989281424400915,0.8423454962684058,-0.099163222022016,3.9655553952862816,-0.4441561925229879,1.3233133840012052
70.0,228.0,160.2692413330078,-1.055922459328694,1.7735920722761906,-4.937958133848109,-1.695201673496223,-3.064020344723154,0.8372423768827528,-1.0608401158966236,4.429729571994304,-0.4561175576200931,0.7202760905369371
70.0,229.0,157.60691833496094,-2.1221509371431435,1.8392303061078088,-4.902514539010984,-3.0864103908050646,-3.0538475418464337,0.8517324402109121,-1.0171489627324086,3.092931355225164,-0.4559853455206131,0.9824460715350812
70.0,229.0,161.15728759765625,-1.9534206856324816,1.7536378394229737,-4.890109816254475,-3.0956079319477503,-3.0662115030366284,0.8279698431872164,-1.019189610828445,4.304919778195342,-0.4515226464921155,0.7024576952550962
70.0,229.0,137.86192321777344,-2.117800296695536,2.675060293822595,-4.922290025193135,-3.027935279981284,-2.5040521871909243,0.8478738732967751,-0.099897556218255,3.966110916736105,-0.4461138680384,1.3219547282552515
70.0,229.0,137.8007354736328,-2.11874858425824,2.6830495050636785,-4.921572170529264,-3.029930532135108,-2.500044037785152,0.8417896551606292,-0.0995665239623932,3.9660535743448713,-0.4443549889952953,1.3231351745149451
70.0,229.0,137.8094940185547,-2.118696324931999,2.6863369671997743,-4.921507909259438,-3.027731975896941,-2.4991739941379354,0.8394082879638051,-0.0991778339342868,3.964396156586885,-0.4443486844907374,1.3227913978743155
70.0,229.0,150.95826721191406,-2.1262525097823337,1.7737189882144293,-4.926724315985826,-3.0259742329384216,-2.437463469842107,1.4099652745982325,-1.0262765149084487,3.9233814230264574,-0.4512474950726279,1.609887845109697
70.0,229.0,156.08035278320312,-2.1580996450789263,1.728328627406782,-4.879695436337815,-3.0850529772078543,-3.06587044186364,0.8359929899162684,-1.015638048938622,3.5437633377229565,-0.4462973345896071,0.7233871726910266
70.0,229.0,141.4826202392578,-2.1261160085963327,2.6745115592972386,-4.932130452961332,-3.0058479524365764,-2.487836886697602,0.8532757011427905,-0.1386712797695375,3.976572900333153,-0.4512150426770004,1.61386797347447
70.0,229.0,137.8142852783203,-2.1239997204675807,2.682062449712567,-4.920146743742367,-3.025958206184079,-2.496572923346182,0.8424196701669544,-0.1022452489700058,3.966022563682012,-0.4439904327991957,1.3232216508482948
70.0,229.0,137.81130981445312,-2.128332678711012,2.6797522659038044,-4.92125730009501,-3.029709258276704,-2.4983380755141926,0.8426413367013205,-0.100213574901414,3.9657776115440617,-0.4445297489583884,1.3231810163156028
70.0,229.0,137.80642700195312,-2.125618611474429,2.6784178966284418,-4.918893249922101,-3.029081125327927,-2.4995102028453755,0.8419417937928138,-0.1001976183390108,3.964207792701794,-0.4439862098666912,1.323142429952738
70.0,229.0,137.8250732421875,-2.1189869629046387,2.67957500112786,-4.917116913524949,-3.0363152324503737,-2.498103630641244,0.8432335934301164,-0.0988598098085881,3.9660133195491305,-0.4446927661814134,1.3235567334875349
70.0,229.0,137.80677795410156,-2.123827594373848,2.6783170251224178,-4.919932733119505,-3.028445332272549,-2.496969858734057,0.8436446414264162,-0.1002953028201438,3.965687227716695,-0.4441446276633128,1.3239672014561414
70.0,229.0,137.91026306152344,-2.127397020116272,2.691192119322745,-4.915083969238558,-3.027403062734846,-2.4975227967236515,0.8507614806821493,-0.1039384458771165,3.965570191532559,-0.4441751686124904,1.322136082437864
70.0,229.0,177.90628051757812,-0.9480992037287066,1.6698462529856726,-4.92126265432442,-3.066282443454009,-3.048841576344093,1.9184003846581128,-1.029547548154336,4.407033002134062,-0.5675828178794807,0.7291447687456702
70.0,229.0,137.7987060546875,-2.1223923018161126,2.681219517143308,-4.92151875378752,-3.028962715722171,-2.498920612952801,0.8421843033118905,-0.0995879351728055,3.965857188574928,-0.4443398385675991,1.3230672578934803
70.0,229.0,140.55001831054688,-2.122329315786468,1.802061285371577,-4.931716526883416,-3.0283693764857564,-2.486060058575672,0.8457611210177214,-0.5347108318649818,3.980144941527816,-0.4523532917964609,1.322373004556118
70.0,229.0,142.5392608642578,-2.104376428582444,1.7283865544756785,-4.922585846125028,-3.0131007958376936,-2.4765371018804103,0.8358347861679476,-0.0939824430640884,3.950506920652797,-0.4456611252073059,1.3226208757819555
70.0,229.0,145.70840454101562,-2.135465472985876,2.725659697926672,-4.9214457615482265,-3.0284517959044184,-2.4994643766402773,0.8435176585208813,-0.1046214647093083,3.928412229701504,-0.4546961447626682,1.2696231765194868
70.0,229.0,137.8173065185547,-2.1275901724240587,2.681242677054823,-4.924917493193287,-3.030922863189696,-2.4999339750487164,0.8421361691131704,-0.1002583925897743,3.9662315595948456,-0.444361239072035,1.3225336627976334
70.0,229.0,137.81103515625,-2.124644370523591,2.685296184755668,-4.922153923865448,-3.027954227552547,-2.5004156435980835,0.8416001792153761,-0.0995314731286674,3.9665369950345135,-0.4443140799785195,1.3231844732012883
70.0,229.0,137.90185546875,-2.123208482587378,2.681381833789675,-4.901664570795591,-3.033973112586292,-2.498950184738068,0.8409612847710842,-0.1024883203382251,3.964985449042335,-0.4436768751200105,1.3238238823365809
70.0,229.0,137.81985473632812,-2.127596216469379,2.682333382264904,-4.921650331642164,-3.032614584228958,-2.4973787577871427,0.8440753688181151,-0.1006959899596506,3.965717501922789,-0.4457134557394261,1.3232025068724664
70.0,229.0,153.1660919189453,-2.121447798556532,1.8336876551817392,-4.9380753146679925,-3.094233202647145,-3.0649950223856144,0.8354321701101891,-1.021508757068139,3.955010029302585,-0.4447028575291981,0.7080551592072115
70.0,229.0,139.02899169921875,-2.116680644044904,1.7765322336896483,-4.92446911086017,-3.03451167358634,-2.4973989430045243,0.8426549891252214,-0.1020728079898156,3.951844479960629,-0.4475878626756762,1.324240196570777
70.0,229.0,144.48789978027344,-2.141046964113209,1.771880474365917,-4.911381224157521,-3.040130457582591,-2.517262630056656,0.8055665997807893,-1.0369607176572375,3.977882256769657,-0.4549739669163189,1.3219810566530266
70.0,229.0,137.80032348632812,-2.119931633971896,2.683200367960933,-4.921464991356993,-3.0289202312767864,-2.4999817284203742,0.8418053421426628,-0.0995159637103932,3.965997910608068,-0.4444260622458356,1.3231411245438172
70.0,229.0,150.5499267578125,-2.11968739608623,1.755035030369485,-4.927208819748874,-3.0244678618957064,-2.0218319945465275,0.8106048132035997,-1.0135414794231097,3.9867357123238514,-0.4552261932641993,1.349251448476138
70.0,229.0,139.81898498535156,-2.102899099266756,1.7830221877508603,-4.912908595011734,-3.074584875148485,-2.4992213342045475,0.8429050007370582,-0.111300689389205,3.9655395789438574,-0.4479147065901088,1.3231905826042392
70.0,229.0,137.80296325683594,-2.122479911918542,2.6807621632539647,-4.921463725601644,-3.0298123306063025,-2.500692848100333,0.8425071099748231,-0.0997638493389947,3.9654182462363146,-0.444371627941471,1.3220534540944855
70.0,229.0,137.8007049560547,-2.119048748654653,2.681988779581016,-4.921516151350349,-3.029792913150881,-2.5000330146769425,0.8417321017330114,-0.099546101790442,3.965965918103801,-0.4443546443093603,1.3226092729402346
70.0,229.0,137.79592895507812,-2.1208607084101394,2.6828759074665944,-4.919259877714114,-3.028038106234152,-2.4988226898578216,0.8423254220716548,-0.0990312024840967,3.964410555505152,-0.444271943602834,1.3229901886987678
70.0,229.0,140.52117919921875,-2.1272497769988306,1.774468940747441,-4.918171862643308,-3.039466282870276,-2.4890347571925453,0.8476899259151214,-0.521753245229758,3.96549093137469,-0.4572526271482879,1.3258236409937911
70.0,229.0,145.3743896484375,-2.055715787756611,3.5459383446779773,-4.926743274509718,-3.033548482115602,-2.496961460418813,0.8144829614976842,-0.053820621728324,3.954244038928831,-0.4430671415972534,1.6597223734601851
70.0,229.0,139.49063110351562,-2.127036784137281,2.6864341888011003,-4.922580773522917,-3.0061126931140665,-1.94209301285814,0.8409841124852037,-0.5625834980067171,3.962763002701845,-0.4500653814960387,1.3055394714877115
70.0,229.0,137.81744384765625,-2.1277224404567705,2.681837911661119,-4.924157043995317,-3.031281385129762,-2.4981128105050505,0.8438584129104354,-0.1007129788384623,3.964888576576502,-0.4454803480719521,1.3232394589601535
70.0,229.0,137.80738830566406,-2.124823656412992,2.685976061315521,-4.922415902586214,-3.0293809780473264,-2.49943301943963,0.8419689970643467,-0.1002958835263397,3.965724486233514,-0.444294678412925,1.3232536061695117
70.0,229.0,155.14508056640625,-2.144416528898283,1.7532622941419214,-4.910340166670732,-3.045212005694971,-1.9538792327145715,0.8337103093690844,-1.0439633387742353,3.904955445319976,-0.4075869564763927,0.7623833671535221
70.0,229.0,137.95794677734375,-2.1343631128490768,2.6902133208711687,-4.921933449087105,-3.037796939777982,-2.5020372629880416,0.8425318109300233,-0.0989070407652706,3.959701598654234,-0.4431945258330154,1.3239415677207869
70.0,229.0,137.804443359375,-2.124670019467279,2.679893225039872,-4.921389507959089,-3.02878719430555,-2.499496458552039,0.8416799446429538,-0.1001391488084174,3.9658734146100656,-0.4442398044905637,1.3231366446137922
70.0,229.0,157.8895721435547,-2.151116586352581,1.7765067177928218,-4.954217446239854,-3.688038395004858,-2.586077377730949,0.8144731752930827,-0.6122097261475492,3.624379146848815,-0.454328507982406,0.9702287003031408
70.0,229.0,160.38934326171875,-2.1239526524329047,1.7532778008160277,-4.793683137872873,-2.992665936417859,-3.0883299703921034,0.7444479414625762,-1.0498487622640318,3.959048847339001,-0.7967959506285662,0.7170082799296202
70.0,229.0,137.8005828857422,-2.1220361373061616,2.681793310790008,-4.9213321235515375,-3.028327048272572,-2.500263408209846,0.8420738094714378,-0.0998268863972694,3.9655895113866975,-0.4444218019371829,1.3230634198427795
70.0,229.0,155.30633544921875,-2.110355142561264,1.7355664246072802,-4.897661520156259,-3.0945963635771343,-3.0647722813398968,0.8256285834289196,-1.0204516952792135,4.389633871132414,-0.4667985076585941,0.7287559592886229
70.0,229.0,158.0673828125,-2.13478528945232,1.8441109636686763,-4.929363763692761,-3.1294766675918138,-3.0546509867568057,1.330469986782295,-1.0107985278553162,3.543151829295136,-0.4498499097984712,0.7093224768745058
70.0,229.0,151.25607299804688,-2.172037136009037,1.7295055121999343,-4.886813252907739,-3.044272093932116,-2.527211347557737,0.8736419156014977,-1.0803740810791176,4.326682419773425,-0.4568381444550614,1.020613823807618
70.0,229.0,165.35855102539062,-2.0411344005614884,1.8033887960812784,-4.990096883276585,-3.0271535952284765,-1.9850275875294443,0.7502007915430735,-1.0075749577924853,3.0752222344234887,-0.4467256416415724,1.0584411608503208
70.0,229.0,165.263427734375,-2.025108824505472,1.819420873531608,-4.880777358367313,-3.048511178555349,-3.076473591889685,0.724041054625411,-1.045823708623605,4.79798916193166,-0.408550783489008,0.6991762171530035
70.0,229.0,137.79685974121094,-2.1188577341668045,2.6817979321782657,-4.919330743711032,-3.0294039664759804,-2.4989281424400915,0.8423454962684058,-0.099163222022016,3.9655553952862816,-0.4441561925229879,1.3233133840012052
70.0,229.0,160.2692413330078,-1.055922459328694,1.7735920722761906,-4.937958133848109,-1.695201673496223,-3.064020344723154,0.8372423768827528,-1.0608401158966236,4.429729571994304,-0.4561175576200931,0.7202760905369371
70.0,230.0,157.60691833496094,-2.1221509371431435,1.8392303061078088,-4.902514539010984,-3.0864103908050646,-3.0538475418464337,0.8517324402109121,-1.0171489627324086,3.092931355225164,-0.4559853455206131,0.9824460715350812
70.0,230.0,161.15728759765625,-1.9534206856324816,1.7536378394229737,-4.890109816254475,-3.0956079319477503,-3.0662115030366284,0.8279698431872164,-1.019189610828445,4.304919778195342,-0.4515226464921155,0.7024576952550962
70.0,230.0,137.86192321777344,-2.117800296695536,2.675060293822595,-4.922290025193135,-3.027935279981284,-2.5040521871909243,0.8478738732967751,-0.099897556218255,3.966110916736105,-0.4461138680384,1.3219547282552515
70.0,230.0,137.8007354736328,-2.11874858425824,2.6830495050636785,-4.921572170529264,-3.029930532135108,-2.500044037785152,0.8417896551606292,-0.0995665239623932,3.9660535743448713,-0.4443549889952953,1.3231351745149451
70.0,230.0,137.8094940185547,-2.118696324931999,2.6863369671997743,-4.921507909259438,-3.027731975896941,-2.4991739941379354,0.8394082879638051,-0.0991778339342868,3.964396156586885,-0.4443486844907374,1.3227913978743155
70.0,230.0,150.95826721191406,-2.1262525097823337,1.7737189882144293,-4.926724315985826,-3.0259742329384216,-2.437463469842107,1.4099652745982325,-1.0262765149084487,3.9233814230264574,-0.4512474950726279,1.609887845109697
70.0,230.0,156.08035278320312,-2.1580996450789263,1.728328627406782,-4.879695436337815,-3.0850529772078543,-3.06587044186364,0.8359929899162684,-1.015638048938622,3.5437633377229565,-0.4462973345896071,0.7233871726910266
70.0,230.0,141.4826202392578,-2.1261160085963327,2.6745115592972386,-4.932130452961332,-3.0058479524365764,-2.487836886697602,0.8532757011427905,-0.1386712797695375,3.976572900333153,-0.4512150426770004,1.61386797347447
70.0,230.0,137.8142852783203,-2.1239997204675807,2.682062449712567,-4.920146743742367,-3.025958206184079,-2.496572923346182,0.8424196701669544,-0.1022452489700058,3.966022563682012,-0.4439904327991957,1.3232216508482948
70.0,230.0,137.79782104492188,-2.1209152745924524,2.6820840031245696,-4.919018724305148,-3.0291462302597734,-2.498765281540705,0.8422096193823752,-0.099875993600041,3.963591262574636,-0.4448459741869575,1.3231594795410262
70.0,230.0,137.80642700195312,-2.125618611474429,2.6784178966284418,-4.918893249922101,-3.029081125327927,-2.4995102028453755,0.8419417937928138,-0.1001976183390108,3.964207792701794,-0.4439862098666912,1.323142429952738
70.0,230.0,137.81178283691406,-2.123899138081499,2.68131334715577,-4.921273463387752,-3.0241204515167595,-2.49911351935736,0.8408894831600647,-0.0992872962054584,3.964568670487016,-0.4441276262604922,1.322513069601267
70.0,230.0,137.80677795410156,-2.123827594373848,2.6783170251224178,-4.919932733119505,-3.028445332272549,-2.496969858734057,0.8436446414264162,-0.1002953028201438,3.965687227716695,-0.4441446276633128,1.3239672014561414
70.0,230.0,137.91026306152344,-2.127397020116272,2.691192119322745,-4.915083969238558,-3.027403062734846,-2.4975227967236515,0.8507614806821493,-0.1039384458771165,3.965570191532559,-0.4441751686124904,1.322136082437864
70.0,230.0,177.90628051757812,-0.9480992037287066,1.6698462529856726,-4.92126265432442,-3.066282443454009,-3.048841576344093,1.9184003846581128,-1.029547548154336,4.407033002134062,-0.5675828178794807,0.7291447687456702
70.0,230.0,137.7987060546875,-2.1223923018161126,2.681219517143308,-4.92151875378752,-3.028962715722171,-2.498920612952801,0.8421843033118905,-0.0995879351728055,3.965857188574928,-0.4443398385675991,1.3230672578934803
70.0,230.0,140.55001831054688,-2.122329315786468,1.802061285371577,-4.931716526883416,-3.0283693764857564,-2.486060058575672,0.8457611210177214,-0.5347108318649818,3.980144941527816,-0.4523532917964609,1.322373004556118
70.0,230.0,142.5392608642578,-2.104376428582444,1.7283865544756785,-4.922585846125028,-3.0131007958376936,-2.4765371018804103,0.8358347861679476,-0.0939824430640884,3.950506920652797,-0.4456611252073059,1.3226208757819555
70.0,230.0,143.46710205078125,-2.106590726512744,2.697704702306316,-4.919919609596811,-3.027286481570562,-2.4980073839259105,0.8424899386801499,-0.09986192194693,3.916503312563505,-0.441139067231625,1.293885381401856
70.0,230.0,137.81246948242188,-2.121391016525083,2.6889557610683985,-4.921248632529606,-3.027050437316589,-2.4985524178799428,0.8420794145242753,-0.100321968833719,3.963113379688177,-0.4444727151871565,1.3225751290709882
70.0,230.0,137.81103515625,-2.124644370523591,2.685296184755668,-4.922153923865448,-3.027954227552547,-2.5004156435980835,0.8416001792153761,-0.0995314731286674,3.9665369950345135,-0.4443140799785195,1.3231844732012883
70.0,230.0,137.8914031982422,-2.1280640268976,2.683094049804508,-4.929531998996765,-3.0274892320926026,-2.497912819092224,0.8423238452582327,-0.0983625744982643,3.967915662708014,-0.4440635403872544,1.323723817828583
70.0,230.0,137.81985473632812,-2.127596216469379,2.682333382264904,-4.921650331642164,-3.032614584228958,-2.4973787577871427,0.8440753688181151,-0.1006959899596506,3.965717501922789,-0.4457134557394261,1.3232025068724664
70.0,230.0,153.1660919189453,-2.121447798556532,1.8336876551817392,-4.9380753146679925,-3.094233202647145,-3.0649950223856144,0.8354321701101891,-1.021508757068139,3.955010029302585,-0.4447028575291981,0.7080551592072115
70.0,230.0,139.02899169921875,-2.116680644044904,1.7765322336896483,-4.92446911086017,-3.03451167358634,-2.4973989430045243,0.8426549891252214,-0.1020728079898156,3.951844479960629,-0.4475878626756762,1.324240196570777
70.0,230.0,144.48789978027344,-2.141046964113209,1.771880474365917,-4.911381224157521,-3.040130457582591,-2.517262630056656,0.8055665997807893,-1.0369607176572375,3.977882256769657,-0.4549739669163189,1.3219810566530266
70.0,230.0,137.80032348632812,-2.119931633971896,2.683200367960933,-4.921464991356993,-3.0289202312767864,-2.4999817284203742,0.8418053421426628,-0.0995159637103932,3.965997910608068,-0.4444260622458356,1.3231411245438172
70.0,230.0,150.5499267578125,-2.11968739608623,1.755035030369485,-4.927208819748874,-3.0244678618957064,-2.0218319945465275,0.8106048132035997,-1.0135414794231097,3.9867357123238514,-0.4552261932641993,1.349251448476138
70.0,230.0,139.81898498535156,-2.102899099266756,1.7830221877508603,-4.912908595011734,-3.074584875148485,-2.4992213342045475,0.8429050007370582,-0.111300689389205,3.9655395789438574,-0.4479147065901088,1.3231905826042392
70.0,230.0,137.80296325683594,-2.122479911918542,2.6807621632539647,-4.921463725601644,-3.0298123306063025,-2.500692848100333,0.8425071099748231,-0.0997638493389947,3.9654182462363146,-0.444371627941471,1.3220534540944855
70.0,230.0,137.8007049560547,-2.119048748654653,2.681988779581016,-4.921516151350349,-3.029792913150881,-2.5000330146769425,0.8417321017330114,-0.099546101790442,3.965965918103801,-0.4443546443093603,1.3226092729402346
70.0,230.0,137.79592895507812,-2.1208607084101394,2.6828759074665944,-4.919259877714114,-3.028038106234152,-2.4988226898578216,0.8423254220716548,-0.0990312024840967,3.964410555505152,-0.444271943602834,1.3229901886987678
70.0,230.0,140.52117919921875,-2.1272497769988306,1.774468940747441,-4.918171862643308,-3.039466282870276,-2.4890347571925453,0.8476899259151214,-0.521753245229758,3.96549093137469,-0.4572526271482879,1.3258236409937911
70.0,230.0,145.3743896484375,-2.055715787756611,3.5459383446779773,-4.926743274509718,-3.033548482115602,-2.496961460418813,0.8144829614976842,-0.053820621728324,3.954244038928831,-0.4430671415972534,1.6597223734601851
70.0,230.0,139.49063110351562,-2.127036784137281,2.6864341888011003,-4.922580773522917,-3.0061126931140665,-1.94209301285814,0.8409841124852037,-0.5625834980067171,3.962763002701845,-0.4500653814960387,1.3055394714877115
70.0,230.0,137.81744384765625,-2.1277224404567705,2.681837911661119,-4.924157043995317,-3.031281385129762,-2.4981128105050505,0.8438584129104354,-0.1007129788384623,3.964888576576502,-0.4454803480719521,1.3232394589601535
70.0,230.0,137.80738830566406,-2.124823656412992,2.685976061315521,-4.922415902586214,-3.0293809780473264,-2.49943301943963,0.8419689970643467,-0.1002958835263397,3.965724486233514,-0.444294678412925,1.3232536061695117
70.0,230.0,155.14508056640625,-2.144416528898283,1.7532622941419214,-4.910340166670732,-3.045212005694971,-1.9538792327145715,0.8337103093690844,-1.0439633387742353,3.904955445319976,-0.4075869564763927,0.7623833671535221
70.0,230.0,137.95794677734375,-2.1343631128490768,2.6902133208711687,-4.921933449087105,-3.037796939777982,-2.5020372629880416,0.8425318109300233,-0.0989070407652706,3.959701598654234,-0.4431945258330154,1.3239415677207869
70.0,230.0,137.804443359375,-2.124670019467279,2.679893225039872,-4.921389507959089,-3.02878719430555,-2.499496458552039,0.8416799446429538,-0.1001391488084174,3.9658734146100656,-0.4442398044905637,1.3231366446137922
70.0,230.0,157.8895721435547,-2.151116586352581,1.7765067177928218,-4.954217446239854,-3.688038395004858,-2.586077377730949,0.8144731752930827,-0.6122097261475492,3.624379146848815,-0.454328507982406,0.9702287003031408
70.0,230.0,160.38934326171875,-2.1239526524329047,1.7532778008160277,-4.793683137872873,-2.992665936417859,-3.0883299703921034,0.7444479414625762,-1.0498487622640318,3.959048847339001,-0.7967959506285662,0.7170082799296202
70.0,230.0,137.8005828857422,-2.1220361373061616,2.681793310790008,-4.9213321235515375,-3.028327048272572,-2.500263408209846,0.8420738094714378,-0.0998268863972694,3.9655895113866975,-0.4444218019371829,1.3230634198427795
70.0,230.0,155.30633544921875,-2.110355142561264,1.7355664246072802,-4.897661520156259,-3.0945963635771343,-3.0647722813398968,0.8256285834289196,-1.0204516952792135,4.389633871132414,-0.4667985076585941,0.7287559592886229
70.0,230.0,158.0673828125,-2.13478528945232,1.8441109636686763,-4.929363763692761,-3.1294766675918138,-3.0546509867568057,1.330469986782295,-1.0107985278553162,3.543151829295136,-0.4498499097984712,0.7093224768745058
70.0,230.0,151.25607299804688,-2.172037136009037,1.7295055121999343,-4.886813252907739,-3.044272093932116,-2.527211347557737,0.8736419156014977,-1.0803740810791176,4.326682419773425,-0.4568381444550614,1.020613823807618
70.0,230.0,165.35855102539062,-2.0411344005614884,1.8033887960812784,-4.990096883276585,-3.0271535952284765,-1.9850275875294443,0.7502007915430735,-1.0075749577924853,3.0752222344234887,-0.4467256416415724,1.0584411608503208
70.0,230.0,165.263427734375,-2.025108824505472,1.819420873531608,-4.880777358367313,-3.048511178555349,-3.076473591889685,0.724041054625411,-1.045823708623605,4.79798916193166,-0.408550783489008,0.6991762171530035
70.0,230.0,137.79685974121094,-2.1188577341668045,2.6817979321782657,-4.919330743711032,-3.0294039664759804,-2.4989281424400915,0.8423454962684058,-0.099163222022016,3.9655553952862816,-0.4441561925229879,1.3233133840012052
70.0,230.0,160.2692413330078,-1.055922459328694,1.7735920722761906,-4.937958133848109,-1.695201673496223,-3.064020344723154,0.8372423768827528,-1.0608401158966236,4.429729571994304,-0.4561175576200931,0.7202760905369371
70.0,231.0,157.60691833496094,-2.1221509371431435,1.8392303061078088,-4.902514539010984,-3.0864103908050646,-3.0538475418464337,0.8517324402109121,-1.0171489627324086,3.092931355225164,-0.4559853455206131,0.9824460715350812
70.0,231.0,161.15728759765625,-1.9534206856324816,1.7536378394229737,-4.890109816254475,-3.0956079319477503,-3.0662115030366284,0.8279698431872164,-1.019189610828445,4.304919778195342,-0.4515226464921155,0.7024576952550962
70.0,231.0,137.86192321777344,-2.117800296695536,2.675060293822595,-4.922290025193135,-3.027935279981284,-2.5040521871909243,0.8478738732967751,-0.099897556218255,3.966110916736105,-0.4461138680384,1.3219547282552515
70.0,231.0,137.8007354736328,-2.11874858425824,2.6830495050636785,-4.921572170529264,-3.029930532135108,-2.500044037785152,0.8417896551606292,-0.0995665239623932,3.9660535743448713,-0.4443549889952953,1.3231351745149451
70.0,231.0,137.8094940185547,-2.118696324931999,2.6863369671997743,-4.921507909259438,-3.027731975896941,-2.4991739941379354,0.8394082879638051,-0.0991778339342868,3.964396156586885,-0.4443486844907374,1.3227913978743155
70.0,231.0,150.95826721191406,-2.1262525097823337,1.7737189882144293,-4.926724315985826,-3.0259742329384216,-2.437463469842107,1.4099652745982325,-1.0262765149084487,3.9233814230264574,-0.4512474950726279,1.609887845109697
70.0,231.0,156.08035278320312,-2.1580996450789263,1.728328627406782,-4.879695436337815,-3.0850529772078543,-3.06587044186364,0.8359929899162684,-1.015638048938622,3.5437633377229565,-0.4462973345896071,0.7233871726910266
70.0,231.0,141.4826202392578,-2.1261160085963327,2.6745115592972386,-4.932130452961332,-3.0058479524365764,-2.487836886697602,0.8532757011427905,-0.1386712797695375,3.976572900333153,-0.4512150426770004,1.61386797347447
70.0,231.0,137.8142852783203,-2.1239997204675807,2.682062449712567,-4.920146743742367,-3.025958206184079,-2.496572923346182,0.8424196701669544,-0.1022452489700058,3.966022563682012,-0.4439904327991957,1.3232216508482948
70.0,231.0,137.79782104492188,-2.1209152745924524,2.6820840031245696,-4.919018724305148,-3.0291462302597734,-2.498765281540705,0.8422096193823752,-0.099875993600041,3.963591262574636,-0.4448459741869575,1.3231594795410262
70.0,231.0,137.80642700195312,-2.125618611474429,2.6784178966284418,-4.918893249922101,-3.029081125327927,-2.4995102028453755,0.8419417937928138,-0.1001976183390108,3.964207792701794,-0.4439862098666912,1.323142429952738
70.0,231.0,137.80859375,-2.1253962597502123,2.6825133989950354,-4.919929716585529,-3.0249738363273058,-2.4992753686878806,0.8425832588424533,-0.0993791714848158,3.9637409507036985,-0.4440700504050206,1.322809584708872
70.0,231.0,137.80677795410156,-2.123827594373848,2.6783170251224178,-4.919932733119505,-3.028445332272549,-2.496969858734057,0.8436446414264162,-0.1002953028201438,3.965687227716695,-0.4441446276633128,1.3239672014561414
70.0,231.0,137.91026306152344,-2.127397020116272,2.691192119322745,-4.915083969238558,-3.027403062734846,-2.4975227967236515,0.8507614806821493,-0.1039384458771165,3.965570191532559,-0.4441751686124904,1.322136082437864
70.0,231.0,177.90628051757812,-0.9480992037287066,1.6698462529856726,-4.92126265432442,-3.066282443454009,-3.048841576344093,1.9184003846581128,-1.029547548154336,4.407033002134062,-0.5675828178794807,0.7291447687456702
70.0,231.0,137.7987060546875,-2.1223923018161126,2.681219517143308,-4.92151875378752,-3.028962715722171,-2.498920612952801,0.8421843033118905,-0.0995879351728055,3.965857188574928,-0.4443398385675991,1.3230672578934803
70.0,231.0,140.55001831054688,-2.122329315786468,1.802061285371577,-4.931716526883416,-3.0283693764857564,-2.486060058575672,0.8457611210177214,-0.5347108318649818,3.980144941527816,-0.4523532917964609,1.322373004556118
70.0,231.0,142.5392608642578,-2.104376428582444,1.7283865544756785,-4.922585846125028,-3.0131007958376936,-2.4765371018804103,0.8358347861679476,-0.0939824430640884,3.950506920652797,-0.4456611252073059,1.3226208757819555
70.0,231.0,140.4996337890625,-2.119632650749325,2.6039056360756883,-4.9197086349859935,-3.027547916897527,-2.4986822226043874,0.8415298495834705,-0.0999673966755437,3.945726546283254,-0.4414109290467807,1.320221064205945
70.0,231.0,137.81246948242188,-2.121391016525083,2.6889557610683985,-4.921248632529606,-3.027050437316589,-2.4985524178799428,0.8420794145242753,-0.100321968833719,3.963113379688177,-0.4444727151871565,1.3225751290709882
70.0,231.0,137.802734375,-2.121064011193594,2.684822330691503,-4.918521543861801,-3.028056420138061,-2.497893413660353,0.8417552938143743,-0.0993576145991313,3.966360149124667,-0.4442130420925558,1.3230025327554775
70.0,231.0,137.83999633789062,-2.117581926221968,2.6831149218040933,-4.920242373101707,-3.0264217285539003,-2.5000840576624093,0.8423805852450633,-0.1007094416927341,3.959072153112352,-0.4441497075012452,1.3237406655632526
70.0,231.0,137.81985473632812,-2.127596216469379,2.682333382264904,-4.921650331642164,-3.032614584228958,-2.4973787577871427,0.8440753688181151,-0.1006959899596506,3.965717501922789,-0.4457134557394261,1.3232025068724664
70.0,231.0,153.1660919189453,-2.121447798556532,1.8336876551817392,-4.9380753146679925,-3.094233202647145,-3.0649950223856144,0.8354321701101891,-1.021508757068139,3.955010029302585,-0.4447028575291981,0.7080551592072115
70.0,231.0,139.02899169921875,-2.116680644044904,1.7765322336896483,-4.92446911086017,-3.03451167358634,-2.4973989430045243,0.8426549891252214,-0.1020728079898156,3.951844479960629,-0.4475878626756762,1.324240196570777
70.0,231.0,144.48789978027344,-2.141046964113209,1.771880474365917,-4.911381224157521,-3.040130457582591,-2.517262630056656,0.8055665997807893,-1.0369607176572375,3.977882256769657,-0.4549739669163189,1.3219810566530266
70.0,231.0,137.80032348632812,-2.119931633971896,2.683200367960933,-4.921464991356993,-3.0289202312767864,-2.4999817284203742,0.8418053421426628,-0.0995159637103932,3.965997910608068,-0.4444260622458356,1.3231411245438172
70.0,231.0,150.5499267578125,-2.11968739608623,1.755035030369485,-4.927208819748874,-3.0244678618957064,-2.0218319945465275,0.8106048132035997,-1.0135414794231097,3.9867357123238514,-0.4552261932641993,1.349251448476138
70.0,231.0,139.81898498535156,-2.102899099266756,1.7830221877508603,-4.912908595011734,-3.074584875148485,-2.4992213342045475,0.8429050007370582,-0.111300689389205,3.9655395789438574,-0.4479147065901088,1.3231905826042392
70.0,231.0,137.80296325683594,-2.122479911918542,2.6807621632539647,-4.921463725601644,-3.0298123306063025,-2.500692848100333,0.8425071099748231,-0.0997638493389947,3.9654182462363146,-0.444371627941471,1.3220534540944855
70.0,231.0,137.8007049560547,-2.119048748654653,2.681988779581016,-4.921516151350349,-3.029792913150881,-2.5000330146769425,0.8417321017330114,-0.099546101790442,3.965965918103801,-0.4443546443093603,1.3226092729402346
70.0,231.0,137.79592895507812,-2.1208607084101394,2.6828759074665944,-4.919259877714114,-3.028038106234152,-2.4988226898578216,0.8423254220716548,-0.0990312024840967,3.964410555505152,-0.444271943602834,1.3229901886987678
70.0,231.0,140.52117919921875,-2.1272497769988306,1.774468940747441,-4.918171862643308,-3.039466282870276,-2.4890347571925453,0.8476899259151214,-0.521753245229758,3.96549093137469,-0.4572526271482879,1.3258236409937911
70.0,231.0,145.3743896484375,-2.055715787756611,3.5459383446779773,-4.926743274509718,-3.033548482115602,-2.496961460418813,0.8144829614976842,-0.053820621728324,3.954244038928831,-0.4430671415972534,1.6597223734601851
70.0,231.0,139.49063110351562,-2.127036784137281,2.6864341888011003,-4.922580773522917,-3.0061126931140665,-1.94209301285814,0.8409841124852037,-0.5625834980067171,3.962763002701845,-0.4500653814960387,1.3055394714877115
70.0,231.0,137.81744384765625,-2.1277224404567705,2.681837911661119,-4.924157043995317,-3.031281385129762,-2.4981128105050505,0.8438584129104354,-0.1007129788384623,3.964888576576502,-0.4454803480719521,1.3232394589601535
70.0,231.0,137.80738830566406,-2.124823656412992,2.685976061315521,-4.922415902586214,-3.0293809780473264,-2.49943301943963,0.8419689970643467,-0.1002958835263397,3.965724486233514,-0.444294678412925,1.3232536061695117
70.0,231.0,155.14508056640625,-2.144416528898283,1.7532622941419214,-4.910340166670732,-3.045212005694971,-1.9538792327145715,0.8337103093690844,-1.0439633387742353,3.904955445319976,-0.4075869564763927,0.7623833671535221
70.0,231.0,137.95794677734375,-2.1343631128490768,2.6902133208711687,-4.921933449087105,-3.037796939777982,-2.5020372629880416,0.8425318109300233,-0.0989070407652706,3.959701598654234,-0.4431945258330154,1.3239415677207869
70.0,231.0,137.804443359375,-2.124670019467279,2.679893225039872,-4.921389507959089,-3.02878719430555,-2.499496458552039,0.8416799446429538,-0.1001391488084174,3.9658734146100656,-0.4442398044905637,1.3231366446137922
70.0,231.0,157.8895721435547,-2.151116586352581,1.7765067177928218,-4.954217446239854,-3.688038395004858,-2.586077377730949,0.8144731752930827,-0.6122097261475492,3.624379146848815,-0.454328507982406,0.9702287003031408
70.0,231.0,160.38934326171875,-2.1239526524329047,1.7532778008160277,-4.793683137872873,-2.992665936417859,-3.0883299703921034,0.7444479414625762,-1.0498487622640318,3.959048847339001,-0.7967959506285662,0.7170082799296202
70.0,231.0,137.8005828857422,-2.1220361373061616,2.681793310790008,-4.9213321235515375,-3.028327048272572,-2.500263408209846,0.8420738094714378,-0.0998268863972694,3.9655895113866975,-0.4444218019371829,1.3230634198427795
70.0,231.0,155.30633544921875,-2.110355142561264,1.7355664246072802,-4.897661520156259,-3.0945963635771343,-3.0647722813398968,0.8256285834289196,-1.0204516952792135,4.389633871132414,-0.4667985076585941,0.7287559592886229
70.0,231.0,158.0673828125,-2.13478528945232,1.8441109636686763,-4.929363763692761,-3.1294766675918138,-3.0546509867568057,1.330469986782295,-1.0107985278553162,3.543151829295136,-0.4498499097984712,0.7093224768745058
70.0,231.0,151.25607299804688,-2.172037136009037,1.7295055121999343,-4.886813252907739,-3.044272093932116,-2.527211347557737,0.8736419156014977,-1.0803740810791176,4.326682419773425,-0.4568381444550614,1.020613823807618
70.0,231.0,165.35855102539062,-2.0411344005614884,1.8033887960812784,-4.990096883276585,-3.0271535952284765,-1.9850275875294443,0.7502007915430735,-1.0075749577924853,3.0752222344234887,-0.4467256416415724,1.0584411608503208
70.0,231.0,165.263427734375,-2.025108824505472,1.819420873531608,-4.880777358367313,-3.048511178555349,-3.076473591889685,0.724041054625411,-1.045823708623605,4.79798916193166,-0.408550783489008,0.6991762171530035
70.0,231.0,137.79685974121094,-2.1188577341668045,2.6817979321782657,-4.919330743711032,-3.0294039664759804,-2.4989281424400915,0.8423454962684058,-0.099163222022016,3.9655553952862816,-0.4441561925229879,1.3233133840012052
70.0,231.0,160.2692413330078,-1.055922459328694,1.7735920722761906,-4.937958133848109,-1.695201673496223,-3.064020344723154,0.8372423768827528,-1.0608401158966236,4.429729571994304,-0.4561175576200931,0.7202760905369371
70.0,232.0,157.60691833496094,-2.1221509371431435,1.8392303061078088,-4.902514539010984,-3.0864103908050646,-3.0538475418464337,0.8517324402109121,-1.0171489627324086,3.092931355225164,-0.4559853455206131,0.9824460715350812
70.0,232.0,161.15728759765625,-1.9534206856324816,1.7536378394229737,-4.890109816254475,-3.0956079319477503,-3.0662115030366284,0.8279698431872164,-1.019189610828445,4.304919778195342,-0.4515226464921155,0.7024576952550962
70.0,232.0,137.86192321777344,-2.117800296695536,2.675060293822595,-4.922290025193135,-3.027935279981284,-2.5040521871909243,0.8478738732967751,-0.099897556218255,3.966110916736105,-0.4461138680384,1.3219547282552515
70.0,232.0,137.8007354736328,-2.11874858425824,2.6830495050636785,-4.921572170529264,-3.029930532135108,-2.500044037785152,0.8417896551606292,-0.0995665239623932,3.9660535743448713,-0.4443549889952953,1.3231351745149451
70.0,232.0,137.8094940185547,-2.118696324931999,2.6863369671997743,-4.921507909259438,-3.027731975896941,-2.4991739941379354,0.8394082879638051,-0.0991778339342868,3.964396156586885,-0.4443486844907374,1.3227913978743155
70.0,232.0,150.95826721191406,-2.1262525097823337,1.7737189882144293,-4.926724315985826,-3.0259742329384216,-2.437463469842107,1.4099652745982325,-1.0262765149084487,3.9233814230264574,-0.4512474950726279,1.609887845109697
70.0,232.0,156.08035278320312,-2.1580996450789263,1.728328627406782,-4.879695436337815,-3.0850529772078543,-3.06587044186364,0.8359929899162684,-1.015638048938622,3.5437633377229565,-0.4462973345896071,0.7233871726910266
70.0,232.0,141.4826202392578,-2.1261160085963327,2.6745115592972386,-4.932130452961332,-3.0058479524365764,-2.487836886697602,0.8532757011427905,-0.1386712797695375,3.976572900333153,-0.4512150426770004,1.61386797347447
70.0,232.0,137.8142852783203,-2.1239997204675807,2.682062449712567,-4.920146743742367,-3.025958206184079,-2.496572923346182,0.8424196701669544,-0.1022452489700058,3.966022563682012,-0.4439904327991957,1.3232216508482948
70.0,232.0,137.79782104492188,-2.1209152745924524,2.6820840031245696,-4.919018724305148,-3.0291462302597734,-2.498765281540705,0.8422096193823752,-0.099875993600041,3.963591262574636,-0.4448459741869575,1.3231594795410262
70.0,232.0,137.80642700195312,-2.125618611474429,2.6784178966284418,-4.918893249922101,-3.029081125327927,-2.4995102028453755,0.8419417937928138,-0.1001976183390108,3.964207792701794,-0.4439862098666912,1.323142429952738
70.0,232.0,137.7964630126953,-2.1188716782041217,2.683089497886098,-4.918579271117449,-3.0308827646210683,-2.4983280724419266,0.8431871825299946,-0.0994031494329654,3.964807910824165,-0.4440790544409935,1.3229603897328894
70.0,232.0,137.79830932617188,-2.1199015947154605,2.682706528409024,-4.919518379655406,-3.028263709956862,-2.4983687089003075,0.8435685087540201,-0.0996019145330012,3.9656256351179167,-0.4441640974400176,1.3236439262716213
70.0,232.0,137.91026306152344,-2.127397020116272,2.691192119322745,-4.915083969238558,-3.027403062734846,-2.4975227967236515,0.8507614806821493,-0.1039384458771165,3.965570191532559,-0.4441751686124904,1.322136082437864
70.0,232.0,177.90628051757812,-0.9480992037287066,1.6698462529856726,-4.92126265432442,-3.066282443454009,-3.048841576344093,1.9184003846581128,-1.029547548154336,4.407033002134062,-0.5675828178794807,0.7291447687456702
70.0,232.0,137.7987060546875,-2.1223923018161126,2.681219517143308,-4.92151875378752,-3.028962715722171,-2.498920612952801,0.8421843033118905,-0.0995879351728055,3.965857188574928,-0.4443398385675991,1.3230672578934803
70.0,232.0,140.55001831054688,-2.122329315786468,1.802061285371577,-4.931716526883416,-3.0283693764857564,-2.486060058575672,0.8457611210177214,-0.5347108318649818,3.980144941527816,-0.4523532917964609,1.322373004556118
70.0,232.0,142.5392608642578,-2.104376428582444,1.7283865544756785,-4.922585846125028,-3.0131007958376936,-2.4765371018804103,0.8358347861679476,-0.0939824430640884,3.950506920652797,-0.4456611252073059,1.3226208757819555
70.0,232.0,139.99920654296875,-2.125429479606151,2.7181740014135607,-4.9187751272616325,-3.0276766907741184,-2.4991705820329737,0.8421898655660844,-0.0985715715725741,3.9996657960746096,-0.4463968413850268,1.3371545525963104
70.0,232.0,137.81246948242188,-2.121391016525083,2.6889557610683985,-4.921248632529606,-3.027050437316589,-2.4985524178799428,0.8420794145242753,-0.100321968833719,3.963113379688177,-0.4444727151871565,1.3225751290709882
70.0,232.0,137.79885864257812,-2.117419655721475,2.6836372601524725,-4.919095545524338,-3.028382304724975,-2.498299855145864,0.8425897900170529,-0.0992661821111271,3.9632291453618382,-0.4442740588539355,1.3231021396670428
70.0,232.0,137.83999633789062,-2.117581926221968,2.6831149218040933,-4.920242373101707,-3.0264217285539003,-2.5000840576624093,0.8423805852450633,-0.1007094416927341,3.959072153112352,-0.4441497075012452,1.3237406655632526
70.0,232.0,137.81985473632812,-2.127596216469379,2.682333382264904,-4.921650331642164,-3.032614584228958,-2.4973787577871427,0.8440753688181151,-0.1006959899596506,3.965717501922789,-0.4457134557394261,1.3232025068724664
70.0,232.0,153.1660919189453,-2.121447798556532,1.8336876551817392,-4.9380753146679925,-3.094233202647145,-3.0649950223856144,0.8354321701101891,-1.021508757068139,3.955010029302585,-0.4447028575291981,0.7080551592072115
70.0,232.0,139.02899169921875,-2.116680644044904,1.7765322336896483,-4.92446911086017,-3.03451167358634,-2.4973989430045243,0.8426549891252214,-0.1020728079898156,3.951844479960629,-0.4475878626756762,1.324240196570777
70.0,232.0,144.48789978027344,-2.141046964113209,1.771880474365917,-4.911381224157521,-3.040130457582591,-2.517262630056656,0.8055665997807893,-1.0369607176572375,3.977882256769657,-0.4549739669163189,1.3219810566530266
70.0,232.0,137.80032348632812,-2.119931633971896,2.683200367960933,-4.921464991356993,-3.0289202312767864,-2.4999817284203742,0.8418053421426628,-0.0995159637103932,3.965997910608068,-0.4444260622458356,1.3231411245438172
70.0,232.0,150.5499267578125,-2.11968739608623,1.755035030369485,-4.927208819748874,-3.0244678618957064,-2.0218319945465275,0.8106048132035997,-1.0135414794231097,3.9867357123238514,-0.4552261932641993,1.349251448476138
70.0,232.0,139.81898498535156,-2.102899099266756,1.7830221877508603,-4.912908595011734,-3.074584875148485,-2.4992213342045475,0.8429050007370582,-0.111300689389205,3.9655395789438574,-0.4479147065901088,1.3231905826042392
70.0,232.0,137.80296325683594,-2.122479911918542,2.6807621632539647,-4.921463725601644,-3.0298123306063025,-2.500692848100333,0.8425071099748231,-0.0997638493389947,3.9654182462363146,-0.444371627941471,1.3220534540944855
70.0,232.0,137.8007049560547,-2.119048748654653,2.681988779581016,-4.921516151350349,-3.029792913150881,-2.5000330146769425,0.8417321017330114,-0.099546101790442,3.965965918103801,-0.4443546443093603,1.3226092729402346
70.0,232.0,137.79592895507812,-2.1208607084101394,2.6828759074665944,-4.919259877714114,-3.028038106234152,-2.4988226898578216,0.8423254220716548,-0.0990312024840967,3.964410555505152,-0.444271943602834,1.3229901886987678
70.0,232.0,140.52117919921875,-2.1272497769988306,1.774468940747441,-4.918171862643308,-3.039466282870276,-2.4890347571925453,0.8476899259151214,-0.521753245229758,3.96549093137469,-0.4572526271482879,1.3258236409937911
70.0,232.0,145.3743896484375,-2.055715787756611,3.5459383446779773,-4.926743274509718,-3.033548482115602,-2.496961460418813,0.8144829614976842,-0.053820621728324,3.954244038928831,-0.4430671415972534,1.6597223734601851
70.0,232.0,139.49063110351562,-2.127036784137281,2.6864341888011003,-4.922580773522917,-3.0061126931140665,-1.94209301285814,0.8409841124852037,-0.5625834980067171,3.962763002701845,-0.4500653814960387,1.3055394714877115
70.0,232.0,137.81744384765625,-2.1277224404567705,2.681837911661119,-4.924157043995317,-3.031281385129762,-2.4981128105050505,0.8438584129104354,-0.1007129788384623,3.964888576576502,-0.4454803480719521,1.3232394589601535
70.0,232.0,137.80738830566406,-2.124823656412992,2.685976061315521,-4.922415902586214,-3.0293809780473264,-2.49943301943963,0.8419689970643467,-0.1002958835263397,3.965724486233514,-0.444294678412925,1.3232536061695117
70.0,232.0,155.14508056640625,-2.144416528898283,1.7532622941419214,-4.910340166670732,-3.045212005694971,-1.9538792327145715,0.8337103093690844,-1.0439633387742353,3.904955445319976,-0.4075869564763927,0.7623833671535221
70.0,232.0,137.95794677734375,-2.1343631128490768,2.6902133208711687,-4.921933449087105,-3.037796939777982,-2.5020372629880416,0.8425318109300233,-0.0989070407652706,3.959701598654234,-0.4431945258330154,1.3239415677207869
70.0,232.0,137.804443359375,-2.124670019467279,2.679893225039872,-4.921389507959089,-3.02878719430555,-2.499496458552039,0.8416799446429538,-0.1001391488084174,3.9658734146100656,-0.4442398044905637,1.3231366446137922
70.0,232.0,157.8895721435547,-2.151116586352581,1.7765067177928218,-4.954217446239854,-3.688038395004858,-2.586077377730949,0.8144731752930827,-0.6122097261475492,3.624379146848815,-0.454328507982406,0.9702287003031408
70.0,232.0,160.38934326171875,-2.1239526524329047,1.7532778008160277,-4.793683137872873,-2.992665936417859,-3.0883299703921034,0.7444479414625762,-1.0498487622640318,3.959048847339001,-0.7967959506285662,0.7170082799296202
70.0,232.0,137.7980194091797,-2.1206757702168693,2.680888706178013,-4.919721048554744,-3.0295426905167773,-2.4992574940981007,0.8424634616535305,-0.0993319142975665,3.965664696770304,-0.4443728416232791,1.3226330395579056
70.0,232.0,155.30633544921875,-2.110355142561264,1.7355664246072802,-4.897661520156259,-3.0945963635771343,-3.0647722813398968,0.8256285834289196,-1.0204516952792135,4.389633871132414,-0.4667985076585941,0.7287559592886229
70.0,232.0,158.0673828125,-2.13478528945232,1.8441109636686763,-4.929363763692761,-3.1294766675918138,-3.0546509867568057,1.330469986782295,-1.0107985278553162,3.543151829295136,-0.4498499097984712,0.7093224768745058
70.0,232.0,151.25607299804688,-2.172037136009037,1.7295055121999343,-4.886813252907739,-3.044272093932116,-2.527211347557737,0.8736419156014977,-1.0803740810791176,4.326682419773425,-0.4568381444550614,1.020613823807618
70.0,232.0,165.35855102539062,-2.0411344005614884,1.8033887960812784,-4.990096883276585,-3.0271535952284765,-1.9850275875294443,0.7502007915430735,-1.0075749577924853,3.0752222344234887,-0.4467256416415724,1.0584411608503208
70.0,232.0,165.263427734375,-2.025108824505472,1.819420873531608,-4.880777358367313,-3.048511178555349,-3.076473591889685,0.724041054625411,-1.045823708623605,4.79798916193166,-0.408550783489008,0.6991762171530035
70.0,232.0,137.79685974121094,-2.1188577341668045,2.6817979321782657,-4.919330743711032,-3.0294039664759804,-2.4989281424400915,0.8423454962684058,-0.099163222022016,3.9655553952862816,-0.4441561925229879,1.3233133840012052
70.0,232.0,160.2692413330078,-1.055922459328694,1.7735920722761906,-4.937958133848109,-1.695201673496223,-3.064020344723154,0.8372423768827528,-1.0608401158966236,4.429729571994304,-0.4561175576200931,0.7202760905369371
70.0,233.0,157.60691833496094,-2.1221509371431435,1.8392303061078088,-4.902514539010984,-3.0864103908050646,-3.0538475418464337,0.8517324402109121,-1.0171489627324086,3.092931355225164,-0.4559853455206131,0.9824460715350812
70.0,233.0,161.15728759765625,-1.9534206856324816,1.7536378394229737,-4.890109816254475,-3.0956079319477503,-3.0662115030366284,0.8279698431872164,-1.019189610828445,4.304919778195342,-0.4515226464921155,0.7024576952550962
70.0,233.0,137.86192321777344,-2.117800296695536,2.675060293822595,-4.922290025193135,-3.027935279981284,-2.5040521871909243,0.8478738732967751,-0.099897556218255,3.966110916736105,-0.4461138680384,1.3219547282552515
70.0,233.0,137.8007354736328,-2.11874858425824,2.6830495050636785,-4.921572170529264,-3.029930532135108,-2.500044037785152,0.8417896551606292,-0.0995665239623932,3.9660535743448713,-0.4443549889952953,1.3231351745149451
70.0,233.0,137.80276489257812,-2.122114099427008,2.682747858182985,-4.91937003092447,-3.0283848674407348,-2.4986812189668,0.8436892999608453,-0.099271395125431,3.96205042290273,-0.4441616174814526,1.3231176618054683
70.0,233.0,150.95826721191406,-2.1262525097823337,1.7737189882144293,-4.926724315985826,-3.0259742329384216,-2.437463469842107,1.4099652745982325,-1.0262765149084487,3.9233814230264574,-0.4512474950726279,1.609887845109697
70.0,233.0,156.08035278320312,-2.1580996450789263,1.728328627406782,-4.879695436337815,-3.0850529772078543,-3.06587044186364,0.8359929899162684,-1.015638048938622,3.5437633377229565,-0.4462973345896071,0.7233871726910266
70.0,233.0,141.4826202392578,-2.1261160085963327,2.6745115592972386,-4.932130452961332,-3.0058479524365764,-2.487836886697602,0.8532757011427905,-0.1386712797695375,3.976572900333153,-0.4512150426770004,1.61386797347447
70.0,233.0,137.8142852783203,-2.1239997204675807,2.682062449712567,-4.920146743742367,-3.025958206184079,-2.496572923346182,0.8424196701669544,-0.1022452489700058,3.966022563682012,-0.4439904327991957,1.3232216508482948
70.0,233.0,137.79782104492188,-2.1209152745924524,2.6820840031245696,-4.919018724305148,-3.0291462302597734,-2.498765281540705,0.8422096193823752,-0.099875993600041,3.963591262574636,-0.4448459741869575,1.3231594795410262
70.0,233.0,137.80642700195312,-2.125618611474429,2.6784178966284418,-4.918893249922101,-3.029081125327927,-2.4995102028453755,0.8419417937928138,-0.1001976183390108,3.964207792701794,-0.4439862098666912,1.323142429952738
70.0,233.0,137.7964630126953,-2.1188716782041217,2.683089497886098,-4.918579271117449,-3.0308827646210683,-2.4983280724419266,0.8431871825299946,-0.0994031494329654,3.964807910824165,-0.4440790544409935,1.3229603897328894
70.0,233.0,137.79830932617188,-2.1199015947154605,2.682706528409024,-4.919518379655406,-3.028263709956862,-2.4983687089003075,0.8435685087540201,-0.0996019145330012,3.9656256351179167,-0.4441640974400176,1.3236439262716213
70.0,233.0,137.91026306152344,-2.127397020116272,2.691192119322745,-4.915083969238558,-3.027403062734846,-2.4975227967236515,0.8507614806821493,-0.1039384458771165,3.965570191532559,-0.4441751686124904,1.322136082437864
70.0,233.0,177.90628051757812,-0.9480992037287066,1.6698462529856726,-4.92126265432442,-3.066282443454009,-3.048841576344093,1.9184003846581128,-1.029547548154336,4.407033002134062,-0.5675828178794807,0.7291447687456702
70.0,233.0,137.7987060546875,-2.1223923018161126,2.681219517143308,-4.92151875378752,-3.028962715722171,-2.498920612952801,0.8421843033118905,-0.0995879351728055,3.965857188574928,-0.4443398385675991,1.3230672578934803
70.0,233.0,140.55001831054688,-2.122329315786468,1.802061285371577,-4.931716526883416,-3.0283693764857564,-2.486060058575672,0.8457611210177214,-0.5347108318649818,3.980144941527816,-0.4523532917964609,1.322373004556118
70.0,233.0,142.5392608642578,-2.104376428582444,1.7283865544756785,-4.922585846125028,-3.0131007958376936,-2.4765371018804103,0.8358347861679476,-0.0939824430640884,3.950506920652797,-0.4456611252073059,1.3226208757819555
70.0,233.0,139.99920654296875,-2.125429479606151,2.7181740014135607,-4.9187751272616325,-3.0276766907741184,-2.4991705820329737,0.8421898655660844,-0.0985715715725741,3.9996657960746096,-0.4463968413850268,1.3371545525963104
70.0,233.0,137.80162048339844,-2.122603241380417,2.6825615029221206,-4.921594997290826,-3.029319225571472,-2.498792187998759,0.8421028703844531,-0.0989340906297557,3.9627638412679342,-0.444496765026569,1.3226715269937168
70.0,233.0,137.79885864257812,-2.117419655721475,2.6836372601524725,-4.919095545524338,-3.028382304724975,-2.498299855145864,0.8425897900170529,-0.0992661821111271,3.9632291453618382,-0.4442740588539355,1.3231021396670428
70.0,233.0,137.82272338867188,-2.124688619146456,2.683035244798227,-4.922201089663259,-3.025380492683156,-2.4986918268162537,0.8423710645924684,-0.1000582473382136,3.96091508246921,-0.4441768734089936,1.3228106506504138
70.0,233.0,137.81985473632812,-2.127596216469379,2.682333382264904,-4.921650331642164,-3.032614584228958,-2.4973787577871427,0.8440753688181151,-0.1006959899596506,3.965717501922789,-0.4457134557394261,1.3232025068724664
70.0,233.0,153.1660919189453,-2.121447798556532,1.8336876551817392,-4.9380753146679925,-3.094233202647145,-3.0649950223856144,0.8354321701101891,-1.021508757068139,3.955010029302585,-0.4447028575291981,0.7080551592072115
70.0,233.0,139.02899169921875,-2.116680644044904,1.7765322336896483,-4.92446911086017,-3.03451167358634,-2.4973989430045243,0.8426549891252214,-0.1020728079898156,3.951844479960629,-0.4475878626756762,1.324240196570777
70.0,233.0,144.48789978027344,-2.141046964113209,1.771880474365917,-4.911381224157521,-3.040130457582591,-2.517262630056656,0.8055665997807893,-1.0369607176572375,3.977882256769657,-0.4549739669163189,1.3219810566530266
70.0,233.0,137.80032348632812,-2.119931633971896,2.683200367960933,-4.921464991356993,-3.0289202312767864,-2.4999817284203742,0.8418053421426628,-0.0995159637103932,3.965997910608068,-0.4444260622458356,1.3231411245438172
70.0,233.0,150.5499267578125,-2.11968739608623,1.755035030369485,-4.927208819748874,-3.0244678618957064,-2.0218319945465275,0.8106048132035997,-1.0135414794231097,3.9867357123238514,-0.4552261932641993,1.349251448476138
70.0,233.0,139.81898498535156,-2.102899099266756,1.7830221877508603,-4.912908595011734,-3.074584875148485,-2.4992213342045475,0.8429050007370582,-0.111300689389205,3.9655395789438574,-0.4479147065901088,1.3231905826042392
70.0,233.0,137.7996368408203,-2.119775494070597,2.6819759843184223,-4.919682137488363,-3.0297307010040138,-2.500064875028174,0.842447891561472,-0.1003223967840491,3.963811214201542,-0.4442973181034107,1.3222416104324364
70.0,233.0,137.8007049560547,-2.119048748654653,2.681988779581016,-4.921516151350349,-3.029792913150881,-2.5000330146769425,0.8417321017330114,-0.099546101790442,3.965965918103801,-0.4443546443093603,1.3226092729402346
70.0,233.0,137.79592895507812,-2.1208607084101394,2.6828759074665944,-4.919259877714114,-3.028038106234152,-2.4988226898578216,0.8423254220716548,-0.0990312024840967,3.964410555505152,-0.444271943602834,1.3229901886987678
70.0,233.0,140.52117919921875,-2.1272497769988306,1.774468940747441,-4.918171862643308,-3.039466282870276,-2.4890347571925453,0.8476899259151214,-0.521753245229758,3.96549093137469,-0.4572526271482879,1.3258236409937911
70.0,233.0,145.3743896484375,-2.055715787756611,3.5459383446779773,-4.926743274509718,-3.033548482115602,-2.496961460418813,0.8144829614976842,-0.053820621728324,3.954244038928831,-0.4430671415972534,1.6597223734601851
70.0,233.0,139.49063110351562,-2.127036784137281,2.6864341888011003,-4.922580773522917,-3.0061126931140665,-1.94209301285814,0.8409841124852037,-0.5625834980067171,3.962763002701845,-0.4500653814960387,1.3055394714877115
70.0,233.0,137.81744384765625,-2.1277224404567705,2.681837911661119,-4.924157043995317,-3.031281385129762,-2.4981128105050505,0.8438584129104354,-0.1007129788384623,3.964888576576502,-0.4454803480719521,1.3232394589601535
70.0,233.0,137.80738830566406,-2.124823656412992,2.685976061315521,-4.922415902586214,-3.0293809780473264,-2.49943301943963,0.8419689970643467,-0.1002958835263397,3.965724486233514,-0.444294678412925,1.3232536061695117
70.0,233.0,155.14508056640625,-2.144416528898283,1.7532622941419214,-4.910340166670732,-3.045212005694971,-1.9538792327145715,0.8337103093690844,-1.0439633387742353,3.904955445319976,-0.4075869564763927,0.7623833671535221
70.0,233.0,137.95794677734375,-2.1343631128490768,2.6902133208711687,-4.921933449087105,-3.037796939777982,-2.5020372629880416,0.8425318109300233,-0.0989070407652706,3.959701598654234,-0.4431945258330154,1.3239415677207869
70.0,233.0,137.804443359375,-2.124670019467279,2.679893225039872,-4.921389507959089,-3.02878719430555,-2.499496458552039,0.8416799446429538,-0.1001391488084174,3.9658734146100656,-0.4442398044905637,1.3231366446137922
70.0,233.0,157.8895721435547,-2.151116586352581,1.7765067177928218,-4.954217446239854,-3.688038395004858,-2.586077377730949,0.8144731752930827,-0.6122097261475492,3.624379146848815,-0.454328507982406,0.9702287003031408
70.0,233.0,160.38934326171875,-2.1239526524329047,1.7532778008160277,-4.793683137872873,-2.992665936417859,-3.0883299703921034,0.7444479414625762,-1.0498487622640318,3.959048847339001,-0.7967959506285662,0.7170082799296202
70.0,233.0,137.7980194091797,-2.1206757702168693,2.680888706178013,-4.919721048554744,-3.0295426905167773,-2.4992574940981007,0.8424634616535305,-0.0993319142975665,3.965664696770304,-0.4443728416232791,1.3226330395579056
70.0,233.0,155.30633544921875,-2.110355142561264,1.7355664246072802,-4.897661520156259,-3.0945963635771343,-3.0647722813398968,0.8256285834289196,-1.0204516952792135,4.389633871132414,-0.4667985076585941,0.7287559592886229
70.0,233.0,158.0673828125,-2.13478528945232,1.8441109636686763,-4.929363763692761,-3.1294766675918138,-3.0546509867568057,1.330469986782295,-1.0107985278553162,3.543151829295136,-0.4498499097984712,0.7093224768745058
70.0,233.0,151.25607299804688,-2.172037136009037,1.7295055121999343,-4.886813252907739,-3.044272093932116,-2.527211347557737,0.8736419156014977,-1.0803740810791176,4.326682419773425,-0.4568381444550614,1.020613823807618
70.0,233.0,165.35855102539062,-2.0411344005614884,1.8033887960812784,-4.990096883276585,-3.0271535952284765,-1.9850275875294443,0.7502007915430735,-1.0075749577924853,3.0752222344234887,-0.4467256416415724,1.0584411608503208
70.0,233.0,165.263427734375,-2.025108824505472,1.819420873531608,-4.880777358367313,-3.048511178555349,-3.076473591889685,0.724041054625411,-1.045823708623605,4.79798916193166,-0.408550783489008,0.6991762171530035
70.0,233.0,137.79685974121094,-2.1188577341668045,2.6817979321782657,-4.919330743711032,-3.0294039664759804,-2.4989281424400915,0.8423454962684058,-0.099163222022016,3.9655553952862816,-0.4441561925229879,1.3233133840012052
70.0,233.0,160.2692413330078,-1.055922459328694,1.7735920722761906,-4.937958133848109,-1.695201673496223,-3.064020344723154,0.8372423768827528,-1.0608401158966236,4.429729571994304,-0.4561175576200931,0.7202760905369371
70.0,234.0,157.60691833496094,-2.1221509371431435,1.8392303061078088,-4.902514539010984,-3.0864103908050646,-3.0538475418464337,0.8517324402109121,-1.0171489627324086,3.092931355225164,-0.4559853455206131,0.9824460715350812
70.0,234.0,161.15728759765625,-1.9534206856324816,1.7536378394229737,-4.890109816254475,-3.0956079319477503,-3.0662115030366284,0.8279698431872164,-1.019189610828445,4.304919778195342,-0.4515226464921155,0.7024576952550962
70.0,234.0,137.86192321777344,-2.117800296695536,2.675060293822595,-4.922290025193135,-3.027935279981284,-2.5040521871909243,0.8478738732967751,-0.099897556218255,3.966110916736105,-0.4461138680384,1.3219547282552515
70.0,234.0,137.8007354736328,-2.11874858425824,2.6830495050636785,-4.921572170529264,-3.029930532135108,-2.500044037785152,0.8417896551606292,-0.0995665239623932,3.9660535743448713,-0.4443549889952953,1.3231351745149451
70.0,234.0,137.80276489257812,-2.122114099427008,2.682747858182985,-4.91937003092447,-3.0283848674407348,-2.4986812189668,0.8436892999608453,-0.099271395125431,3.96205042290273,-0.4441616174814526,1.3231176618054683
70.0,234.0,150.95826721191406,-2.1262525097823337,1.7737189882144293,-4.926724315985826,-3.0259742329384216,-2.437463469842107,1.4099652745982325,-1.0262765149084487,3.9233814230264574,-0.4512474950726279,1.609887845109697
70.0,234.0,156.08035278320312,-2.1580996450789263,1.728328627406782,-4.879695436337815,-3.0850529772078543,-3.06587044186364,0.8359929899162684,-1.015638048938622,3.5437633377229565,-0.4462973345896071,0.7233871726910266
70.0,234.0,141.4826202392578,-2.1261160085963327,2.6745115592972386,-4.932130452961332,-3.0058479524365764,-2.487836886697602,0.8532757011427905,-0.1386712797695375,3.976572900333153,-0.4512150426770004,1.61386797347447
70.0,234.0,137.8142852783203,-2.1239997204675807,2.682062449712567,-4.920146743742367,-3.025958206184079,-2.496572923346182,0.8424196701669544,-0.1022452489700058,3.966022563682012,-0.4439904327991957,1.3232216508482948
70.0,234.0,137.79782104492188,-2.1209152745924524,2.6820840031245696,-4.919018724305148,-3.0291462302597734,-2.498765281540705,0.8422096193823752,-0.099875993600041,3.963591262574636,-0.4448459741869575,1.3231594795410262
70.0,234.0,137.80642700195312,-2.125618611474429,2.6784178966284418,-4.918893249922101,-3.029081125327927,-2.4995102028453755,0.8419417937928138,-0.1001976183390108,3.964207792701794,-0.4439862098666912,1.323142429952738
70.0,234.0,137.79531860351562,-2.119206980935165,2.682737089791202,-4.919857430918961,-3.0308233717267936,-2.4987901078515904,0.8429557813973608,-0.0990549007965121,3.964233640112052,-0.4441224572232222,1.3229789570764952
70.0,234.0,137.79830932617188,-2.1199015947154605,2.682706528409024,-4.919518379655406,-3.028263709956862,-2.4983687089003075,0.8435685087540201,-0.0996019145330012,3.9656256351179167,-0.4441640974400176,1.3236439262716213
70.0,234.0,137.91026306152344,-2.127397020116272,2.691192119322745,-4.915083969238558,-3.027403062734846,-2.4975227967236515,0.8507614806821493,-0.1039384458771165,3.965570191532559,-0.4441751686124904,1.322136082437864
70.0,234.0,177.90628051757812,-0.9480992037287066,1.6698462529856726,-4.92126265432442,-3.066282443454009,-3.048841576344093,1.9184003846581128,-1.029547548154336,4.407033002134062,-0.5675828178794807,0.7291447687456702
70.0,234.0,137.7987060546875,-2.1223923018161126,2.681219517143308,-4.92151875378752,-3.028962715722171,-2.498920612952801,0.8421843033118905,-0.0995879351728055,3.965857188574928,-0.4443398385675991,1.3230672578934803
70.0,234.0,140.55001831054688,-2.122329315786468,1.802061285371577,-4.931716526883416,-3.0283693764857564,-2.486060058575672,0.8457611210177214,-0.5347108318649818,3.980144941527816,-0.4523532917964609,1.322373004556118
70.0,234.0,142.5392608642578,-2.104376428582444,1.7283865544756785,-4.922585846125028,-3.0131007958376936,-2.4765371018804103,0.8358347861679476,-0.0939824430640884,3.950506920652797,-0.4456611252073059,1.3226208757819555
70.0,234.0,139.99920654296875,-2.125429479606151,2.7181740014135607,-4.9187751272616325,-3.0276766907741184,-2.4991705820329737,0.8421898655660844,-0.0985715715725741,3.9996657960746096,-0.4463968413850268,1.3371545525963104
70.0,234.0,137.80149841308594,-2.124146233714269,2.682239956834456,-4.916588165774707,-3.0287416203132067,-2.498861914898657,0.8422263179993759,-0.0992509824214932,3.964550153994453,-0.4443271706917829,1.3233171351933597
70.0,234.0,137.79885864257812,-2.117419655721475,2.6836372601524725,-4.919095545524338,-3.028382304724975,-2.498299855145864,0.8425897900170529,-0.0992661821111271,3.9632291453618382,-0.4442740588539355,1.3231021396670428
70.0,234.0,137.79690551757812,-2.119185349835864,2.683062103883606,-4.921459232887711,-3.029417757028749,-2.498525627580594,0.8422702439861355,-0.1002111821473977,3.965409483107983,-0.4440990262976812,1.3228247079618858
70.0,234.0,137.81985473632812,-2.127596216469379,2.682333382264904,-4.921650331642164,-3.032614584228958,-2.4973787577871427,0.8440753688181151,-0.1006959899596506,3.965717501922789,-0.4457134557394261,1.3232025068724664
70.0,234.0,153.1660919189453,-2.121447798556532,1.8336876551817392,-4.9380753146679925,-3.094233202647145,-3.0649950223856144,0.8354321701101891,-1.021508757068139,3.955010029302585,-0.4447028575291981,0.7080551592072115
70.0,234.0,139.02899169921875,-2.116680644044904,1.7765322336896483,-4.92446911086017,-3.03451167358634,-2.4973989430045243,0.8426549891252214,-0.1020728079898156,3.951844479960629,-0.4475878626756762,1.324240196570777
70.0,234.0,144.48789978027344,-2.141046964113209,1.771880474365917,-4.911381224157521,-3.040130457582591,-2.517262630056656,0.8055665997807893,-1.0369607176572375,3.977882256769657,-0.4549739669163189,1.3219810566530266
70.0,234.0,137.80032348632812,-2.119931633971896,2.683200367960933,-4.921464991356993,-3.0289202312767864,-2.4999817284203742,0.8418053421426628,-0.0995159637103932,3.965997910608068,-0.4444260622458356,1.3231411245438172
70.0,234.0,150.5499267578125,-2.11968739608623,1.755035030369485,-4.927208819748874,-3.0244678618957064,-2.0218319945465275,0.8106048132035997,-1.0135414794231097,3.9867357123238514,-0.4552261932641993,1.349251448476138
70.0,234.0,139.81898498535156,-2.102899099266756,1.7830221877508603,-4.912908595011734,-3.074584875148485,-2.4992213342045475,0.8429050007370582,-0.111300689389205,3.9655395789438574,-0.4479147065901088,1.3231905826042392
70.0,234.0,137.7996368408203,-2.119775494070597,2.6819759843184223,-4.919682137488363,-3.0297307010040138,-2.500064875028174,0.842447891561472,-0.1003223967840491,3.963811214201542,-0.4442973181034107,1.3222416104324364
70.0,234.0,137.80044555664062,-2.1223149552422163,2.6821707127269603,-4.919634817350512,-3.029699948897076,-2.4981242732348905,0.8419695420775225,-0.0990371160652446,3.9662656850810674,-0.4442647033307235,1.3221966920822956
70.0,234.0,137.79592895507812,-2.1208607084101394,2.6828759074665944,-4.919259877714114,-3.028038106234152,-2.4988226898578216,0.8423254220716548,-0.0990312024840967,3.964410555505152,-0.444271943602834,1.3229901886987678
70.0,234.0,140.52117919921875,-2.1272497769988306,1.774468940747441,-4.918171862643308,-3.039466282870276,-2.4890347571925453,0.8476899259151214,-0.521753245229758,3.96549093137469,-0.4572526271482879,1.3258236409937911
70.0,234.0,145.3743896484375,-2.055715787756611,3.5459383446779773,-4.926743274509718,-3.033548482115602,-2.496961460418813,0.8144829614976842,-0.053820621728324,3.954244038928831,-0.4430671415972534,1.6597223734601851
70.0,234.0,139.49063110351562,-2.127036784137281,2.6864341888011003,-4.922580773522917,-3.0061126931140665,-1.94209301285814,0.8409841124852037,-0.5625834980067171,3.962763002701845,-0.4500653814960387,1.3055394714877115
70.0,234.0,137.81744384765625,-2.1277224404567705,2.681837911661119,-4.924157043995317,-3.031281385129762,-2.4981128105050505,0.8438584129104354,-0.1007129788384623,3.964888576576502,-0.4454803480719521,1.3232394589601535
70.0,234.0,137.80738830566406,-2.124823656412992,2.685976061315521,-4.922415902586214,-3.0293809780473264,-2.49943301943963,0.8419689970643467,-0.1002958835263397,3.965724486233514,-0.444294678412925,1.3232536061695117
70.0,234.0,155.14508056640625,-2.144416528898283,1.7532622941419214,-4.910340166670732,-3.045212005694971,-1.9538792327145715,0.8337103093690844,-1.0439633387742353,3.904955445319976,-0.4075869564763927,0.7623833671535221
70.0,234.0,137.95794677734375,-2.1343631128490768,2.6902133208711687,-4.921933449087105,-3.037796939777982,-2.5020372629880416,0.8425318109300233,-0.0989070407652706,3.959701598654234,-0.4431945258330154,1.3239415677207869
70.0,234.0,137.804443359375,-2.124670019467279,2.679893225039872,-4.921389507959089,-3.02878719430555,-2.499496458552039,0.8416799446429538,-0.1001391488084174,3.9658734146100656,-0.4442398044905637,1.3231366446137922
70.0,234.0,157.8895721435547,-2.151116586352581,1.7765067177928218,-4.954217446239854,-3.688038395004858,-2.586077377730949,0.8144731752930827,-0.6122097261475492,3.624379146848815,-0.454328507982406,0.9702287003031408
70.0,234.0,160.38934326171875,-2.1239526524329047,1.7532778008160277,-4.793683137872873,-2.992665936417859,-3.0883299703921034,0.7444479414625762,-1.0498487622640318,3.959048847339001,-0.7967959506285662,0.7170082799296202
70.0,234.0,137.7980194091797,-2.1206757702168693,2.680888706178013,-4.919721048554744,-3.0295426905167773,-2.4992574940981007,0.8424634616535305,-0.0993319142975665,3.965664696770304,-0.4443728416232791,1.3226330395579056
70.0,234.0,155.30633544921875,-2.110355142561264,1.7355664246072802,-4.897661520156259,-3.0945963635771343,-3.0647722813398968,0.8256285834289196,-1.0204516952792135,4.389633871132414,-0.4667985076585941,0.7287559592886229
70.0,234.0,158.0673828125,-2.13478528945232,1.8441109636686763,-4.929363763692761,-3.1294766675918138,-3.0546509867568057,1.330469986782295,-1.0107985278553162,3.543151829295136,-0.4498499097984712,0.7093224768745058
70.0,234.0,151.25607299804688,-2.172037136009037,1.7295055121999343,-4.886813252907739,-3.044272093932116,-2.527211347557737,0.8736419156014977,-1.0803740810791176,4.326682419773425,-0.4568381444550614,1.020613823807618
70.0,234.0,165.35855102539062,-2.0411344005614884,1.8033887960812784,-4.990096883276585,-3.0271535952284765,-1.9850275875294443,0.7502007915430735,-1.0075749577924853,3.0752222344234887,-0.4467256416415724,1.0584411608503208
70.0,234.0,165.263427734375,-2.025108824505472,1.819420873531608,-4.880777358367313,-3.048511178555349,-3.076473591889685,0.724041054625411,-1.045823708623605,4.79798916193166,-0.408550783489008,0.6991762171530035
70.0,234.0,137.79685974121094,-2.1188577341668045,2.6817979321782657,-4.919330743711032,-3.0294039664759804,-2.4989281424400915,0.8423454962684058,-0.099163222022016,3.9655553952862816,-0.4441561925229879,1.3233133840012052
70.0,234.0,160.2692413330078,-1.055922459328694,1.7735920722761906,-4.937958133848109,-1.695201673496223,-3.064020344723154,0.8372423768827528,-1.0608401158966236,4.429729571994304,-0.4561175576200931,0.7202760905369371
70.0,235.0,157.60691833496094,-2.1221509371431435,1.8392303061078088,-4.902514539010984,-3.0864103908050646,-3.0538475418464337,0.8517324402109121,-1.0171489627324086,3.092931355225164,-0.4559853455206131,0.9824460715350812
70.0,235.0,161.15728759765625,-1.9534206856324816,1.7536378394229737,-4.890109816254475,-3.0956079319477503,-3.0662115030366284,0.8279698431872164,-1.019189610828445,4.304919778195342,-0.4515226464921155,0.7024576952550962
70.0,235.0,137.86192321777344,-2.117800296695536,2.675060293822595,-4.922290025193135,-3.027935279981284,-2.5040521871909243,0.8478738732967751,-0.099897556218255,3.966110916736105,-0.4461138680384,1.3219547282552515
70.0,235.0,137.8007354736328,-2.11874858425824,2.6830495050636785,-4.921572170529264,-3.029930532135108,-2.500044037785152,0.8417896551606292,-0.0995665239623932,3.9660535743448713,-0.4443549889952953,1.3231351745149451
70.0,235.0,137.80050659179688,-2.115776985725981,2.6830902351080472,-4.921632514406092,-3.031598168904871,-2.4987902416400085,0.8424632591278269,-0.0992880724322572,3.963921559225238,-0.4441943671064289,1.3230862101560217
70.0,235.0,150.95826721191406,-2.1262525097823337,1.7737189882144293,-4.926724315985826,-3.0259742329384216,-2.437463469842107,1.4099652745982325,-1.0262765149084487,3.9233814230264574,-0.4512474950726279,1.609887845109697
70.0,235.0,156.08035278320312,-2.1580996450789263,1.728328627406782,-4.879695436337815,-3.0850529772078543,-3.06587044186364,0.8359929899162684,-1.015638048938622,3.5437633377229565,-0.4462973345896071,0.7233871726910266
70.0,235.0,141.4826202392578,-2.1261160085963327,2.6745115592972386,-4.932130452961332,-3.0058479524365764,-2.487836886697602,0.8532757011427905,-0.1386712797695375,3.976572900333153,-0.4512150426770004,1.61386797347447
70.0,235.0,137.8142852783203,-2.1239997204675807,2.682062449712567,-4.920146743742367,-3.025958206184079,-2.496572923346182,0.8424196701669544,-0.1022452489700058,3.966022563682012,-0.4439904327991957,1.3232216508482948
70.0,235.0,137.7975616455078,-2.1200051690081816,2.682039502429435,-4.922347302884,-3.030584532254485,-2.4988611130798017,0.842815055458344,-0.100033090067188,3.963602655295147,-0.4444899818084075,1.3232248241471731
70.0,235.0,137.80642700195312,-2.125618611474429,2.6784178966284418,-4.918893249922101,-3.029081125327927,-2.4995102028453755,0.8419417937928138,-0.1001976183390108,3.964207792701794,-0.4439862098666912,1.323142429952738
70.0,235.0,137.79531860351562,-2.119206980935165,2.682737089791202,-4.919857430918961,-3.0308233717267936,-2.4987901078515904,0.8429557813973608,-0.0990549007965121,3.964233640112052,-0.4441224572232222,1.3229789570764952
70.0,235.0,137.79830932617188,-2.1199015947154605,2.682706528409024,-4.919518379655406,-3.028263709956862,-2.4983687089003075,0.8435685087540201,-0.0996019145330012,3.9656256351179167,-0.4441640974400176,1.3236439262716213
70.0,235.0,137.91026306152344,-2.127397020116272,2.691192119322745,-4.915083969238558,-3.027403062734846,-2.4975227967236515,0.8507614806821493,-0.1039384458771165,3.965570191532559,-0.4441751686124904,1.322136082437864
70.0,235.0,177.90628051757812,-0.9480992037287066,1.6698462529856726,-4.92126265432442,-3.066282443454009,-3.048841576344093,1.9184003846581128,-1.029547548154336,4.407033002134062,-0.5675828178794807,0.7291447687456702
70.0,235.0,137.7987060546875,-2.1223923018161126,2.681219517143308,-4.92151875378752,-3.028962715722171,-2.498920612952801,0.8421843033118905,-0.0995879351728055,3.965857188574928,-0.4443398385675991,1.3230672578934803
70.0,235.0,140.55001831054688,-2.122329315786468,1.802061285371577,-4.931716526883416,-3.0283693764857564,-2.486060058575672,0.8457611210177214,-0.5347108318649818,3.980144941527816,-0.4523532917964609,1.322373004556118
70.0,235.0,141.6404266357422,-2.1084047565903354,3.4534861629668634,-4.924996472270591,-3.0242428607016927,-2.470941775044578,0.8425522188352217,-0.0968509181972718,3.956855477934052,-0.4438554935314584,1.322391899368296
70.0,235.0,139.99920654296875,-2.125429479606151,2.7181740014135607,-4.9187751272616325,-3.0276766907741184,-2.4991705820329737,0.8421898655660844,-0.0985715715725741,3.9996657960746096,-0.4463968413850268,1.3371545525963104
70.0,235.0,137.80149841308594,-2.124146233714269,2.682239956834456,-4.916588165774707,-3.0287416203132067,-2.498861914898657,0.8422263179993759,-0.0992509824214932,3.964550153994453,-0.4443271706917829,1.3233171351933597
70.0,235.0,137.79885864257812,-2.117419655721475,2.6836372601524725,-4.919095545524338,-3.028382304724975,-2.498299855145864,0.8425897900170529,-0.0992661821111271,3.9632291453618382,-0.4442740588539355,1.3231021396670428
70.0,235.0,137.79690551757812,-2.119185349835864,2.683062103883606,-4.921459232887711,-3.029417757028749,-2.498525627580594,0.8422702439861355,-0.1002111821473977,3.965409483107983,-0.4440990262976812,1.3228247079618858
70.0,235.0,137.81985473632812,-2.127596216469379,2.682333382264904,-4.921650331642164,-3.032614584228958,-2.4973787577871427,0.8440753688181151,-0.1006959899596506,3.965717501922789,-0.4457134557394261,1.3232025068724664
70.0,235.0,153.1660919189453,-2.121447798556532,1.8336876551817392,-4.9380753146679925,-3.094233202647145,-3.0649950223856144,0.8354321701101891,-1.021508757068139,3.955010029302585,-0.4447028575291981,0.7080551592072115
70.0,235.0,139.02899169921875,-2.116680644044904,1.7765322336896483,-4.92446911086017,-3.03451167358634,-2.4973989430045243,0.8426549891252214,-0.1020728079898156,3.951844479960629,-0.4475878626756762,1.324240196570777
70.0,235.0,144.48789978027344,-2.141046964113209,1.771880474365917,-4.911381224157521,-3.040130457582591,-2.517262630056656,0.8055665997807893,-1.0369607176572375,3.977882256769657,-0.4549739669163189,1.3219810566530266
70.0,235.0,137.80032348632812,-2.119931633971896,2.683200367960933,-4.921464991356993,-3.0289202312767864,-2.4999817284203742,0.8418053421426628,-0.0995159637103932,3.965997910608068,-0.4444260622458356,1.3231411245438172
70.0,235.0,150.5499267578125,-2.11968739608623,1.755035030369485,-4.927208819748874,-3.0244678618957064,-2.0218319945465275,0.8106048132035997,-1.0135414794231097,3.9867357123238514,-0.4552261932641993,1.349251448476138
70.0,235.0,139.81898498535156,-2.102899099266756,1.7830221877508603,-4.912908595011734,-3.074584875148485,-2.4992213342045475,0.8429050007370582,-0.111300689389205,3.9655395789438574,-0.4479147065901088,1.3231905826042392
70.0,235.0,137.7996368408203,-2.119775494070597,2.6819759843184223,-4.919682137488363,-3.0297307010040138,-2.500064875028174,0.842447891561472,-0.1003223967840491,3.963811214201542,-0.4442973181034107,1.3222416104324364
70.0,235.0,137.80044555664062,-2.1223149552422163,2.6821707127269603,-4.919634817350512,-3.029699948897076,-2.4981242732348905,0.8419695420775225,-0.0990371160652446,3.9662656850810674,-0.4442647033307235,1.3221966920822956
70.0,235.0,137.79592895507812,-2.1208607084101394,2.6828759074665944,-4.919259877714114,-3.028038106234152,-2.4988226898578216,0.8423254220716548,-0.0990312024840967,3.964410555505152,-0.444271943602834,1.3229901886987678
70.0,235.0,140.52117919921875,-2.1272497769988306,1.774468940747441,-4.918171862643308,-3.039466282870276,-2.4890347571925453,0.8476899259151214,-0.521753245229758,3.96549093137469,-0.4572526271482879,1.3258236409937911
70.0,235.0,145.3743896484375,-2.055715787756611,3.5459383446779773,-4.926743274509718,-3.033548482115602,-2.496961460418813,0.8144829614976842,-0.053820621728324,3.954244038928831,-0.4430671415972534,1.6597223734601851
70.0,235.0,139.49063110351562,-2.127036784137281,2.6864341888011003,-4.922580773522917,-3.0061126931140665,-1.94209301285814,0.8409841124852037,-0.5625834980067171,3.962763002701845,-0.4500653814960387,1.3055394714877115
70.0,235.0,137.81744384765625,-2.1277224404567705,2.681837911661119,-4.924157043995317,-3.031281385129762,-2.4981128105050505,0.8438584129104354,-0.1007129788384623,3.964888576576502,-0.4454803480719521,1.3232394589601535
70.0,235.0,137.80738830566406,-2.124823656412992,2.685976061315521,-4.922415902586214,-3.0293809780473264,-2.49943301943963,0.8419689970643467,-0.1002958835263397,3.965724486233514,-0.444294678412925,1.3232536061695117
70.0,235.0,155.14508056640625,-2.144416528898283,1.7532622941419214,-4.910340166670732,-3.045212005694971,-1.9538792327145715,0.8337103093690844,-1.0439633387742353,3.904955445319976,-0.4075869564763927,0.7623833671535221
70.0,235.0,137.95794677734375,-2.1343631128490768,2.6902133208711687,-4.921933449087105,-3.037796939777982,-2.5020372629880416,0.8425318109300233,-0.0989070407652706,3.959701598654234,-0.4431945258330154,1.3239415677207869
70.0,235.0,137.804443359375,-2.124670019467279,2.679893225039872,-4.921389507959089,-3.02878719430555,-2.499496458552039,0.8416799446429538,-0.1001391488084174,3.9658734146100656,-0.4442398044905637,1.3231366446137922
70.0,235.0,157.8895721435547,-2.151116586352581,1.7765067177928218,-4.954217446239854,-3.688038395004858,-2.586077377730949,0.8144731752930827,-0.6122097261475492,3.624379146848815,-0.454328507982406,0.9702287003031408
70.0,235.0,160.38934326171875,-2.1239526524329047,1.7532778008160277,-4.793683137872873,-2.992665936417859,-3.0883299703921034,0.7444479414625762,-1.0498487622640318,3.959048847339001,-0.7967959506285662,0.7170082799296202
70.0,235.0,137.7980194091797,-2.1206757702168693,2.680888706178013,-4.919721048554744,-3.0295426905167773,-2.4992574940981007,0.8424634616535305,-0.0993319142975665,3.965664696770304,-0.4443728416232791,1.3226330395579056
70.0,235.0,155.30633544921875,-2.110355142561264,1.7355664246072802,-4.897661520156259,-3.0945963635771343,-3.0647722813398968,0.8256285834289196,-1.0204516952792135,4.389633871132414,-0.4667985076585941,0.7287559592886229
70.0,235.0,158.0673828125,-2.13478528945232,1.8441109636686763,-4.929363763692761,-3.1294766675918138,-3.0546509867568057,1.330469986782295,-1.0107985278553162,3.543151829295136,-0.4498499097984712,0.7093224768745058
70.0,235.0,151.25607299804688,-2.172037136009037,1.7295055121999343,-4.886813252907739,-3.044272093932116,-2.527211347557737,0.8736419156014977,-1.0803740810791176,4.326682419773425,-0.4568381444550614,1.020613823807618
70.0,235.0,165.35855102539062,-2.0411344005614884,1.8033887960812784,-4.990096883276585,-3.0271535952284765,-1.9850275875294443,0.7502007915430735,-1.0075749577924853,3.0752222344234887,-0.4467256416415724,1.0584411608503208
70.0,235.0,165.263427734375,-2.025108824505472,1.819420873531608,-4.880777358367313,-3.048511178555349,-3.076473591889685,0.724041054625411,-1.045823708623605,4.79798916193166,-0.408550783489008,0.6991762171530035
70.0,235.0,137.79685974121094,-2.1188577341668045,2.6817979321782657,-4.919330743711032,-3.0294039664759804,-2.4989281424400915,0.8423454962684058,-0.099163222022016,3.9655553952862816,-0.4441561925229879,1.3233133840012052
70.0,235.0,160.2692413330078,-1.055922459328694,1.7735920722761906,-4.937958133848109,-1.695201673496223,-3.064020344723154,0.8372423768827528,-1.0608401158966236,4.429729571994304,-0.4561175576200931,0.7202760905369371
70.0,236.0,157.60691833496094,-2.1221509371431435,1.8392303061078088,-4.902514539010984,-3.0864103908050646,-3.0538475418464337,0.8517324402109121,-1.0171489627324086,3.092931355225164,-0.4559853455206131,0.9824460715350812
70.0,236.0,161.15728759765625,-1.9534206856324816,1.7536378394229737,-4.890109816254475,-3.0956079319477503,-3.0662115030366284,0.8279698431872164,-1.019189610828445,4.304919778195342,-0.4515226464921155,0.7024576952550962
70.0,236.0,137.86192321777344,-2.117800296695536,2.675060293822595,-4.922290025193135,-3.027935279981284,-2.5040521871909243,0.8478738732967751,-0.099897556218255,3.966110916736105,-0.4461138680384,1.3219547282552515
70.0,236.0,137.8007354736328,-2.11874858425824,2.6830495050636785,-4.921572170529264,-3.029930532135108,-2.500044037785152,0.8417896551606292,-0.0995665239623932,3.9660535743448713,-0.4443549889952953,1.3231351745149451
70.0,236.0,137.80050659179688,-2.115776985725981,2.6830902351080472,-4.921632514406092,-3.031598168904871,-2.4987902416400085,0.8424632591278269,-0.0992880724322572,3.963921559225238,-0.4441943671064289,1.3230862101560217
70.0,236.0,150.95826721191406,-2.1262525097823337,1.7737189882144293,-4.926724315985826,-3.0259742329384216,-2.437463469842107,1.4099652745982325,-1.0262765149084487,3.9233814230264574,-0.4512474950726279,1.609887845109697
70.0,236.0,156.08035278320312,-2.1580996450789263,1.728328627406782,-4.879695436337815,-3.0850529772078543,-3.06587044186364,0.8359929899162684,-1.015638048938622,3.5437633377229565,-0.4462973345896071,0.7233871726910266
70.0,236.0,141.4826202392578,-2.1261160085963327,2.6745115592972386,-4.932130452961332,-3.0058479524365764,-2.487836886697602,0.8532757011427905,-0.1386712797695375,3.976572900333153,-0.4512150426770004,1.61386797347447
70.0,236.0,137.8142852783203,-2.1239997204675807,2.682062449712567,-4.920146743742367,-3.025958206184079,-2.496572923346182,0.8424196701669544,-0.1022452489700058,3.966022563682012,-0.4439904327991957,1.3232216508482948
70.0,236.0,137.7975616455078,-2.1200051690081816,2.682039502429435,-4.922347302884,-3.030584532254485,-2.4988611130798017,0.842815055458344,-0.100033090067188,3.963602655295147,-0.4444899818084075,1.3232248241471731
70.0,236.0,137.80642700195312,-2.125618611474429,2.6784178966284418,-4.918893249922101,-3.029081125327927,-2.4995102028453755,0.8419417937928138,-0.1001976183390108,3.964207792701794,-0.4439862098666912,1.323142429952738
70.0,236.0,137.79531860351562,-2.119206980935165,2.682737089791202,-4.919857430918961,-3.0308233717267936,-2.4987901078515904,0.8429557813973608,-0.0990549007965121,3.964233640112052,-0.4441224572232222,1.3229789570764952
70.0,236.0,137.79830932617188,-2.1199015947154605,2.682706528409024,-4.919518379655406,-3.028263709956862,-2.4983687089003075,0.8435685087540201,-0.0996019145330012,3.9656256351179167,-0.4441640974400176,1.3236439262716213
70.0,236.0,137.91026306152344,-2.127397020116272,2.691192119322745,-4.915083969238558,-3.027403062734846,-2.4975227967236515,0.8507614806821493,-0.1039384458771165,3.965570191532559,-0.4441751686124904,1.322136082437864
70.0,236.0,177.90628051757812,-0.9480992037287066,1.6698462529856726,-4.92126265432442,-3.066282443454009,-3.048841576344093,1.9184003846581128,-1.029547548154336,4.407033002134062,-0.5675828178794807,0.7291447687456702
70.0,236.0,137.7987060546875,-2.1223923018161126,2.681219517143308,-4.92151875378752,-3.028962715722171,-2.498920612952801,0.8421843033118905,-0.0995879351728055,3.965857188574928,-0.4443398385675991,1.3230672578934803
70.0,236.0,140.55001831054688,-2.122329315786468,1.802061285371577,-4.931716526883416,-3.0283693764857564,-2.486060058575672,0.8457611210177214,-0.5347108318649818,3.980144941527816,-0.4523532917964609,1.322373004556118
70.0,236.0,141.6404266357422,-2.1084047565903354,3.4534861629668634,-4.924996472270591,-3.0242428607016927,-2.470941775044578,0.8425522188352217,-0.0968509181972718,3.956855477934052,-0.4438554935314584,1.322391899368296
70.0,236.0,139.99920654296875,-2.125429479606151,2.7181740014135607,-4.9187751272616325,-3.0276766907741184,-2.4991705820329737,0.8421898655660844,-0.0985715715725741,3.9996657960746096,-0.4463968413850268,1.3371545525963104
70.0,236.0,137.80149841308594,-2.124146233714269,2.682239956834456,-4.916588165774707,-3.0287416203132067,-2.498861914898657,0.8422263179993759,-0.0992509824214932,3.964550153994453,-0.4443271706917829,1.3233171351933597
70.0,236.0,137.79885864257812,-2.117419655721475,2.6836372601524725,-4.919095545524338,-3.028382304724975,-2.498299855145864,0.8425897900170529,-0.0992661821111271,3.9632291453618382,-0.4442740588539355,1.3231021396670428
70.0,236.0,137.79690551757812,-2.119185349835864,2.683062103883606,-4.921459232887711,-3.029417757028749,-2.498525627580594,0.8422702439861355,-0.1002111821473977,3.965409483107983,-0.4440990262976812,1.3228247079618858
70.0,236.0,137.81985473632812,-2.127596216469379,2.682333382264904,-4.921650331642164,-3.032614584228958,-2.4973787577871427,0.8440753688181151,-0.1006959899596506,3.965717501922789,-0.4457134557394261,1.3232025068724664
70.0,236.0,153.1660919189453,-2.121447798556532,1.8336876551817392,-4.9380753146679925,-3.094233202647145,-3.0649950223856144,0.8354321701101891,-1.021508757068139,3.955010029302585,-0.4447028575291981,0.7080551592072115
70.0,236.0,139.02899169921875,-2.116680644044904,1.7765322336896483,-4.92446911086017,-3.03451167358634,-2.4973989430045243,0.8426549891252214,-0.1020728079898156,3.951844479960629,-0.4475878626756762,1.324240196570777
70.0,236.0,144.48789978027344,-2.141046964113209,1.771880474365917,-4.911381224157521,-3.040130457582591,-2.517262630056656,0.8055665997807893,-1.0369607176572375,3.977882256769657,-0.4549739669163189,1.3219810566530266
70.0,236.0,137.80032348632812,-2.119931633971896,2.683200367960933,-4.921464991356993,-3.0289202312767864,-2.4999817284203742,0.8418053421426628,-0.0995159637103932,3.965997910608068,-0.4444260622458356,1.3231411245438172
70.0,236.0,150.5499267578125,-2.11968739608623,1.755035030369485,-4.927208819748874,-3.0244678618957064,-2.0218319945465275,0.8106048132035997,-1.0135414794231097,3.9867357123238514,-0.4552261932641993,1.349251448476138
70.0,236.0,139.81898498535156,-2.102899099266756,1.7830221877508603,-4.912908595011734,-3.074584875148485,-2.4992213342045475,0.8429050007370582,-0.111300689389205,3.9655395789438574,-0.4479147065901088,1.3231905826042392
70.0,236.0,137.79798889160156,-2.1193767232387946,2.684750935753682,-4.919643596209723,-3.029736893160015,-2.4989292902156746,0.8431186012085639,-0.1001692490798729,3.964032978266298,-0.4440542724669129,1.3226753933342068
70.0,236.0,137.80044555664062,-2.1223149552422163,2.6821707127269603,-4.919634817350512,-3.029699948897076,-2.4981242732348905,0.8419695420775225,-0.0990371160652446,3.9662656850810674,-0.4442647033307235,1.3221966920822956
70.0,236.0,137.79592895507812,-2.1208607084101394,2.6828759074665944,-4.919259877714114,-3.028038106234152,-2.4988226898578216,0.8423254220716548,-0.0990312024840967,3.964410555505152,-0.444271943602834,1.3229901886987678
70.0,236.0,140.52117919921875,-2.1272497769988306,1.774468940747441,-4.918171862643308,-3.039466282870276,-2.4890347571925453,0.8476899259151214,-0.521753245229758,3.96549093137469,-0.4572526271482879,1.3258236409937911
70.0,236.0,145.3743896484375,-2.055715787756611,3.5459383446779773,-4.926743274509718,-3.033548482115602,-2.496961460418813,0.8144829614976842,-0.053820621728324,3.954244038928831,-0.4430671415972534,1.6597223734601851
70.0,236.0,139.49063110351562,-2.127036784137281,2.6864341888011003,-4.922580773522917,-3.0061126931140665,-1.94209301285814,0.8409841124852037,-0.5625834980067171,3.962763002701845,-0.4500653814960387,1.3055394714877115
70.0,236.0,137.81744384765625,-2.1277224404567705,2.681837911661119,-4.924157043995317,-3.031281385129762,-2.4981128105050505,0.8438584129104354,-0.1007129788384623,3.964888576576502,-0.4454803480719521,1.3232394589601535
70.0,236.0,137.80738830566406,-2.124823656412992,2.685976061315521,-4.922415902586214,-3.0293809780473264,-2.49943301943963,0.8419689970643467,-0.1002958835263397,3.965724486233514,-0.444294678412925,1.3232536061695117
70.0,236.0,155.14508056640625,-2.144416528898283,1.7532622941419214,-4.910340166670732,-3.045212005694971,-1.9538792327145715,0.8337103093690844,-1.0439633387742353,3.904955445319976,-0.4075869564763927,0.7623833671535221
70.0,236.0,137.95794677734375,-2.1343631128490768,2.6902133208711687,-4.921933449087105,-3.037796939777982,-2.5020372629880416,0.8425318109300233,-0.0989070407652706,3.959701598654234,-0.4431945258330154,1.3239415677207869
70.0,236.0,137.804443359375,-2.124670019467279,2.679893225039872,-4.921389507959089,-3.02878719430555,-2.499496458552039,0.8416799446429538,-0.1001391488084174,3.9658734146100656,-0.4442398044905637,1.3231366446137922
70.0,236.0,157.8895721435547,-2.151116586352581,1.7765067177928218,-4.954217446239854,-3.688038395004858,-2.586077377730949,0.8144731752930827,-0.6122097261475492,3.624379146848815,-0.454328507982406,0.9702287003031408
70.0,236.0,160.38934326171875,-2.1239526524329047,1.7532778008160277,-4.793683137872873,-2.992665936417859,-3.0883299703921034,0.7444479414625762,-1.0498487622640318,3.959048847339001,-0.7967959506285662,0.7170082799296202
70.0,236.0,137.7980194091797,-2.1206757702168693,2.680888706178013,-4.919721048554744,-3.0295426905167773,-2.4992574940981007,0.8424634616535305,-0.0993319142975665,3.965664696770304,-0.4443728416232791,1.3226330395579056
70.0,236.0,155.30633544921875,-2.110355142561264,1.7355664246072802,-4.897661520156259,-3.0945963635771343,-3.0647722813398968,0.8256285834289196,-1.0204516952792135,4.389633871132414,-0.4667985076585941,0.7287559592886229
70.0,236.0,158.0673828125,-2.13478528945232,1.8441109636686763,-4.929363763692761,-3.1294766675918138,-3.0546509867568057,1.330469986782295,-1.0107985278553162,3.543151829295136,-0.4498499097984712,0.7093224768745058
70.0,236.0,151.25607299804688,-2.172037136009037,1.7295055121999343,-4.886813252907739,-3.044272093932116,-2.527211347557737,0.8736419156014977,-1.0803740810791176,4.326682419773425,-0.4568381444550614,1.020613823807618
70.0,236.0,165.35855102539062,-2.0411344005614884,1.8033887960812784,-4.990096883276585,-3.0271535952284765,-1.9850275875294443,0.7502007915430735,-1.0075749577924853,3.0752222344234887,-0.4467256416415724,1.0584411608503208
70.0,236.0,165.263427734375,-2.025108824505472,1.819420873531608,-4.880777358367313,-3.048511178555349,-3.076473591889685,0.724041054625411,-1.045823708623605,4.79798916193166,-0.408550783489008,0.6991762171530035
70.0,236.0,137.79685974121094,-2.1188577341668045,2.6817979321782657,-4.919330743711032,-3.0294039664759804,-2.4989281424400915,0.8423454962684058,-0.099163222022016,3.9655553952862816,-0.4441561925229879,1.3233133840012052
70.0,236.0,160.2692413330078,-1.055922459328694,1.7735920722761906,-4.937958133848109,-1.695201673496223,-3.064020344723154,0.8372423768827528,-1.0608401158966236,4.429729571994304,-0.4561175576200931,0.7202760905369371
70.0,237.0,157.60691833496094,-2.1221509371431435,1.8392303061078088,-4.902514539010984,-3.0864103908050646,-3.0538475418464337,0.8517324402109121,-1.0171489627324086,3.092931355225164,-0.4559853455206131,0.9824460715350812
70.0,237.0,161.15728759765625,-1.9534206856324816,1.7536378394229737,-4.890109816254475,-3.0956079319477503,-3.0662115030366284,0.8279698431872164,-1.019189610828445,4.304919778195342,-0.4515226464921155,0.7024576952550962
70.0,237.0,137.86192321777344,-2.117800296695536,2.675060293822595,-4.922290025193135,-3.027935279981284,-2.5040521871909243,0.8478738732967751,-0.099897556218255,3.966110916736105,-0.4461138680384,1.3219547282552515
70.0,237.0,137.8007354736328,-2.11874858425824,2.6830495050636785,-4.921572170529264,-3.029930532135108,-2.500044037785152,0.8417896551606292,-0.0995665239623932,3.9660535743448713,-0.4443549889952953,1.3231351745149451
70.0,237.0,137.79676818847656,-2.1181261045208646,2.682655924512961,-4.91829930013698,-3.029175744035499,-2.498946666330728,0.8422925731509747,-0.0990983674604239,3.9639912802176527,-0.4440656952440461,1.3231632965382412
70.0,237.0,150.95826721191406,-2.1262525097823337,1.7737189882144293,-4.926724315985826,-3.0259742329384216,-2.437463469842107,1.4099652745982325,-1.0262765149084487,3.9233814230264574,-0.4512474950726279,1.609887845109697
70.0,237.0,156.08035278320312,-2.1580996450789263,1.728328627406782,-4.879695436337815,-3.0850529772078543,-3.06587044186364,0.8359929899162684,-1.015638048938622,3.5437633377229565,-0.4462973345896071,0.7233871726910266
70.0,237.0,141.4826202392578,-2.1261160085963327,2.6745115592972386,-4.932130452961332,-3.0058479524365764,-2.487836886697602,0.8532757011427905,-0.1386712797695375,3.976572900333153,-0.4512150426770004,1.61386797347447
70.0,237.0,137.8142852783203,-2.1239997204675807,2.682062449712567,-4.920146743742367,-3.025958206184079,-2.496572923346182,0.8424196701669544,-0.1022452489700058,3.966022563682012,-0.4439904327991957,1.3232216508482948
70.0,237.0,137.7975616455078,-2.1200051690081816,2.682039502429435,-4.922347302884,-3.030584532254485,-2.4988611130798017,0.842815055458344,-0.100033090067188,3.963602655295147,-0.4444899818084075,1.3232248241471731
70.0,237.0,137.80642700195312,-2.125618611474429,2.6784178966284418,-4.918893249922101,-3.029081125327927,-2.4995102028453755,0.8419417937928138,-0.1001976183390108,3.964207792701794,-0.4439862098666912,1.323142429952738
70.0,237.0,137.79531860351562,-2.119206980935165,2.682737089791202,-4.919857430918961,-3.0308233717267936,-2.4987901078515904,0.8429557813973608,-0.0990549007965121,3.964233640112052,-0.4441224572232222,1.3229789570764952
70.0,237.0,137.79827880859375,-2.1196548946632108,2.6831611163783458,-4.91963243464556,-3.0310338587844345,-2.4987867540253434,0.8430777969427179,-0.0991959144446306,3.965867503524082,-0.4441688546251025,1.3230316377074902
70.0,237.0,137.91026306152344,-2.127397020116272,2.691192119322745,-4.915083969238558,-3.027403062734846,-2.4975227967236515,0.8507614806821493,-0.1039384458771165,3.965570191532559,-0.4441751686124904,1.322136082437864
70.0,237.0,177.90628051757812,-0.9480992037287066,1.6698462529856726,-4.92126265432442,-3.066282443454009,-3.048841576344093,1.9184003846581128,-1.029547548154336,4.407033002134062,-0.5675828178794807,0.7291447687456702
70.0,237.0,137.7987060546875,-2.1223923018161126,2.681219517143308,-4.92151875378752,-3.028962715722171,-2.498920612952801,0.8421843033118905,-0.0995879351728055,3.965857188574928,-0.4443398385675991,1.3230672578934803
70.0,237.0,140.55001831054688,-2.122329315786468,1.802061285371577,-4.931716526883416,-3.0283693764857564,-2.486060058575672,0.8457611210177214,-0.5347108318649818,3.980144941527816,-0.4523532917964609,1.322373004556118
70.0,237.0,141.6404266357422,-2.1084047565903354,3.4534861629668634,-4.924996472270591,-3.0242428607016927,-2.470941775044578,0.8425522188352217,-0.0968509181972718,3.956855477934052,-0.4438554935314584,1.322391899368296
70.0,237.0,139.1970672607422,-2.1185306904843206,2.710352705123848,-4.919162712432934,-3.0273255307763955,-2.498554783191872,0.8419001598299687,-0.0985981167029957,3.958839515494306,-0.4413484067239596,1.3343256006367947
70.0,237.0,137.80149841308594,-2.124146233714269,2.682239956834456,-4.916588165774707,-3.0287416203132067,-2.498861914898657,0.8422263179993759,-0.0992509824214932,3.964550153994453,-0.4443271706917829,1.3233171351933597
70.0,237.0,137.79885864257812,-2.117419655721475,2.6836372601524725,-4.919095545524338,-3.028382304724975,-2.498299855145864,0.8425897900170529,-0.0992661821111271,3.9632291453618382,-0.4442740588539355,1.3231021396670428
70.0,237.0,137.79690551757812,-2.119185349835864,2.683062103883606,-4.921459232887711,-3.029417757028749,-2.498525627580594,0.8422702439861355,-0.1002111821473977,3.965409483107983,-0.4440990262976812,1.3228247079618858
70.0,237.0,137.81985473632812,-2.127596216469379,2.682333382264904,-4.921650331642164,-3.032614584228958,-2.4973787577871427,0.8440753688181151,-0.1006959899596506,3.965717501922789,-0.4457134557394261,1.3232025068724664
70.0,237.0,153.1660919189453,-2.121447798556532,1.8336876551817392,-4.9380753146679925,-3.094233202647145,-3.0649950223856144,0.8354321701101891,-1.021508757068139,3.955010029302585,-0.4447028575291981,0.7080551592072115
70.0,237.0,139.02899169921875,-2.116680644044904,1.7765322336896483,-4.92446911086017,-3.03451167358634,-2.4973989430045243,0.8426549891252214,-0.1020728079898156,3.951844479960629,-0.4475878626756762,1.324240196570777
70.0,237.0,144.48789978027344,-2.141046964113209,1.771880474365917,-4.911381224157521,-3.040130457582591,-2.517262630056656,0.8055665997807893,-1.0369607176572375,3.977882256769657,-0.4549739669163189,1.3219810566530266
70.0,237.0,137.80032348632812,-2.119931633971896,2.683200367960933,-4.921464991356993,-3.0289202312767864,-2.4999817284203742,0.8418053421426628,-0.0995159637103932,3.965997910608068,-0.4444260622458356,1.3231411245438172
70.0,237.0,150.5499267578125,-2.11968739608623,1.755035030369485,-4.927208819748874,-3.0244678618957064,-2.0218319945465275,0.8106048132035997,-1.0135414794231097,3.9867357123238514,-0.4552261932641993,1.349251448476138
70.0,237.0,139.81898498535156,-2.102899099266756,1.7830221877508603,-4.912908595011734,-3.074584875148485,-2.4992213342045475,0.8429050007370582,-0.111300689389205,3.9655395789438574,-0.4479147065901088,1.3231905826042392
70.0,237.0,137.79798889160156,-2.1193767232387946,2.684750935753682,-4.919643596209723,-3.029736893160015,-2.4989292902156746,0.8431186012085639,-0.1001692490798729,3.964032978266298,-0.4440542724669129,1.3226753933342068
70.0,237.0,137.80044555664062,-2.1223149552422163,2.6821707127269603,-4.919634817350512,-3.029699948897076,-2.4981242732348905,0.8419695420775225,-0.0990371160652446,3.9662656850810674,-0.4442647033307235,1.3221966920822956
70.0,237.0,137.79592895507812,-2.1208607084101394,2.6828759074665944,-4.919259877714114,-3.028038106234152,-2.4988226898578216,0.8423254220716548,-0.0990312024840967,3.964410555505152,-0.444271943602834,1.3229901886987678
70.0,237.0,140.52117919921875,-2.1272497769988306,1.774468940747441,-4.918171862643308,-3.039466282870276,-2.4890347571925453,0.8476899259151214,-0.521753245229758,3.96549093137469,-0.4572526271482879,1.3258236409937911
70.0,237.0,145.3743896484375,-2.055715787756611,3.5459383446779773,-4.926743274509718,-3.033548482115602,-2.496961460418813,0.8144829614976842,-0.053820621728324,3.954244038928831,-0.4430671415972534,1.6597223734601851
70.0,237.0,139.49063110351562,-2.127036784137281,2.6864341888011003,-4.922580773522917,-3.0061126931140665,-1.94209301285814,0.8409841124852037,-0.5625834980067171,3.962763002701845,-0.4500653814960387,1.3055394714877115
70.0,237.0,137.81744384765625,-2.1277224404567705,2.681837911661119,-4.924157043995317,-3.031281385129762,-2.4981128105050505,0.8438584129104354,-0.1007129788384623,3.964888576576502,-0.4454803480719521,1.3232394589601535
70.0,237.0,137.80738830566406,-2.124823656412992,2.685976061315521,-4.922415902586214,-3.0293809780473264,-2.49943301943963,0.8419689970643467,-0.1002958835263397,3.965724486233514,-0.444294678412925,1.3232536061695117
70.0,237.0,155.14508056640625,-2.144416528898283,1.7532622941419214,-4.910340166670732,-3.045212005694971,-1.9538792327145715,0.8337103093690844,-1.0439633387742353,3.904955445319976,-0.4075869564763927,0.7623833671535221
70.0,237.0,137.95794677734375,-2.1343631128490768,2.6902133208711687,-4.921933449087105,-3.037796939777982,-2.5020372629880416,0.8425318109300233,-0.0989070407652706,3.959701598654234,-0.4431945258330154,1.3239415677207869
70.0,237.0,137.804443359375,-2.124670019467279,2.679893225039872,-4.921389507959089,-3.02878719430555,-2.499496458552039,0.8416799446429538,-0.1001391488084174,3.9658734146100656,-0.4442398044905637,1.3231366446137922
70.0,237.0,157.8895721435547,-2.151116586352581,1.7765067177928218,-4.954217446239854,-3.688038395004858,-2.586077377730949,0.8144731752930827,-0.6122097261475492,3.624379146848815,-0.454328507982406,0.9702287003031408
70.0,237.0,160.38934326171875,-2.1239526524329047,1.7532778008160277,-4.793683137872873,-2.992665936417859,-3.0883299703921034,0.7444479414625762,-1.0498487622640318,3.959048847339001,-0.7967959506285662,0.7170082799296202
70.0,237.0,137.7980194091797,-2.1206757702168693,2.680888706178013,-4.919721048554744,-3.0295426905167773,-2.4992574940981007,0.8424634616535305,-0.0993319142975665,3.965664696770304,-0.4443728416232791,1.3226330395579056
70.0,237.0,155.30633544921875,-2.110355142561264,1.7355664246072802,-4.897661520156259,-3.0945963635771343,-3.0647722813398968,0.8256285834289196,-1.0204516952792135,4.389633871132414,-0.4667985076585941,0.7287559592886229
70.0,237.0,158.0673828125,-2.13478528945232,1.8441109636686763,-4.929363763692761,-3.1294766675918138,-3.0546509867568057,1.330469986782295,-1.0107985278553162,3.543151829295136,-0.4498499097984712,0.7093224768745058
70.0,237.0,151.25607299804688,-2.172037136009037,1.7295055121999343,-4.886813252907739,-3.044272093932116,-2.527211347557737,0.8736419156014977,-1.0803740810791176,4.326682419773425,-0.4568381444550614,1.020613823807618
70.0,237.0,165.35855102539062,-2.0411344005614884,1.8033887960812784,-4.990096883276585,-3.0271535952284765,-1.9850275875294443,0.7502007915430735,-1.0075749577924853,3.0752222344234887,-0.4467256416415724,1.0584411608503208
70.0,237.0,165.263427734375,-2.025108824505472,1.819420873531608,-4.880777358367313,-3.048511178555349,-3.076473591889685,0.724041054625411,-1.045823708623605,4.79798916193166,-0.408550783489008,0.6991762171530035
70.0,237.0,137.79685974121094,-2.1188577341668045,2.6817979321782657,-4.919330743711032,-3.0294039664759804,-2.4989281424400915,0.8423454962684058,-0.099163222022016,3.9655553952862816,-0.4441561925229879,1.3233133840012052
70.0,237.0,160.2692413330078,-1.055922459328694,1.7735920722761906,-4.937958133848109,-1.695201673496223,-3.064020344723154,0.8372423768827528,-1.0608401158966236,4.429729571994304,-0.4561175576200931,0.7202760905369371
70.0,238.0,157.60691833496094,-2.1221509371431435,1.8392303061078088,-4.902514539010984,-3.0864103908050646,-3.0538475418464337,0.8517324402109121,-1.0171489627324086,3.092931355225164,-0.4559853455206131,0.9824460715350812
70.0,238.0,161.15728759765625,-1.9534206856324816,1.7536378394229737,-4.890109816254475,-3.0956079319477503,-3.0662115030366284,0.8279698431872164,-1.019189610828445,4.304919778195342,-0.4515226464921155,0.7024576952550962
70.0,238.0,137.86192321777344,-2.117800296695536,2.675060293822595,-4.922290025193135,-3.027935279981284,-2.5040521871909243,0.8478738732967751,-0.099897556218255,3.966110916736105,-0.4461138680384,1.3219547282552515
70.0,238.0,137.8007354736328,-2.11874858425824,2.6830495050636785,-4.921572170529264,-3.029930532135108,-2.500044037785152,0.8417896551606292,-0.0995665239623932,3.9660535743448713,-0.4443549889952953,1.3231351745149451
70.0,238.0,137.7953338623047,-2.120679895091411,2.682655952843356,-4.920568733017785,-3.028321507417813,-2.49873201131035,0.8430747714415814,-0.0990012056601324,3.964129079744085,-0.4441319633307639,1.323038883341649
70.0,238.0,150.95826721191406,-2.1262525097823337,1.7737189882144293,-4.926724315985826,-3.0259742329384216,-2.437463469842107,1.4099652745982325,-1.0262765149084487,3.9233814230264574,-0.4512474950726279,1.609887845109697
70.0,238.0,156.08035278320312,-2.1580996450789263,1.728328627406782,-4.879695436337815,-3.0850529772078543,-3.06587044186364,0.8359929899162684,-1.015638048938622,3.5437633377229565,-0.4462973345896071,0.7233871726910266
70.0,238.0,141.4826202392578,-2.1261160085963327,2.6745115592972386,-4.932130452961332,-3.0058479524365764,-2.487836886697602,0.8532757011427905,-0.1386712797695375,3.976572900333153,-0.4512150426770004,1.61386797347447
70.0,238.0,137.8142852783203,-2.1239997204675807,2.682062449712567,-4.920146743742367,-3.025958206184079,-2.496572923346182,0.8424196701669544,-0.1022452489700058,3.966022563682012,-0.4439904327991957,1.3232216508482948
70.0,238.0,137.7975616455078,-2.1200051690081816,2.682039502429435,-4.922347302884,-3.030584532254485,-2.4988611130798017,0.842815055458344,-0.100033090067188,3.963602655295147,-0.4444899818084075,1.3232248241471731
70.0,238.0,137.80642700195312,-2.125618611474429,2.6784178966284418,-4.918893249922101,-3.029081125327927,-2.4995102028453755,0.8419417937928138,-0.1001976183390108,3.964207792701794,-0.4439862098666912,1.323142429952738
70.0,238.0,137.79531860351562,-2.119206980935165,2.682737089791202,-4.919857430918961,-3.0308233717267936,-2.4987901078515904,0.8429557813973608,-0.0990549007965121,3.964233640112052,-0.4441224572232222,1.3229789570764952
70.0,238.0,137.7958221435547,-2.120312267396578,2.683351926182894,-4.919980522751201,-3.030682526139366,-2.499147325309842,0.8427941326749419,-0.0991408923217226,3.964229262055911,-0.4441118750359666,1.3226753628878885
70.0,238.0,137.91026306152344,-2.127397020116272,2.691192119322745,-4.915083969238558,-3.027403062734846,-2.4975227967236515,0.8507614806821493,-0.1039384458771165,3.965570191532559,-0.4441751686124904,1.322136082437864
70.0,238.0,177.90628051757812,-0.9480992037287066,1.6698462529856726,-4.92126265432442,-3.066282443454009,-3.048841576344093,1.9184003846581128,-1.029547548154336,4.407033002134062,-0.5675828178794807,0.7291447687456702
70.0,238.0,137.7987060546875,-2.1223923018161126,2.681219517143308,-4.92151875378752,-3.028962715722171,-2.498920612952801,0.8421843033118905,-0.0995879351728055,3.965857188574928,-0.4443398385675991,1.3230672578934803
70.0,238.0,140.55001831054688,-2.122329315786468,1.802061285371577,-4.931716526883416,-3.0283693764857564,-2.486060058575672,0.8457611210177214,-0.5347108318649818,3.980144941527816,-0.4523532917964609,1.322373004556118
70.0,238.0,141.6404266357422,-2.1084047565903354,3.4534861629668634,-4.924996472270591,-3.0242428607016927,-2.470941775044578,0.8425522188352217,-0.0968509181972718,3.956855477934052,-0.4438554935314584,1.322391899368296
70.0,238.0,139.1970672607422,-2.1185306904843206,2.710352705123848,-4.919162712432934,-3.0273255307763955,-2.498554783191872,0.8419001598299687,-0.0985981167029957,3.958839515494306,-0.4413484067239596,1.3343256006367947
70.0,238.0,137.80126953125,-2.1201750977959146,2.6819442180730846,-4.9169968616731685,-3.030000418993801,-2.498845427972985,0.8434409216026306,-0.0992282435475075,3.965733224902956,-0.4436567932039984,1.3236775212900629
70.0,238.0,137.7962188720703,-2.1200293358583417,2.683736994403547,-4.919803673642698,-3.031367956763274,-2.4986300645329003,0.8427372864742194,-0.0992170322782381,3.964216649820469,-0.4442646185732069,1.3230820149281273
70.0,238.0,137.79690551757812,-2.119185349835864,2.683062103883606,-4.921459232887711,-3.029417757028749,-2.498525627580594,0.8422702439861355,-0.1002111821473977,3.965409483107983,-0.4440990262976812,1.3228247079618858
70.0,238.0,137.81985473632812,-2.127596216469379,2.682333382264904,-4.921650331642164,-3.032614584228958,-2.4973787577871427,0.8440753688181151,-0.1006959899596506,3.965717501922789,-0.4457134557394261,1.3232025068724664
70.0,238.0,153.1660919189453,-2.121447798556532,1.8336876551817392,-4.9380753146679925,-3.094233202647145,-3.0649950223856144,0.8354321701101891,-1.021508757068139,3.955010029302585,-0.4447028575291981,0.7080551592072115
70.0,238.0,139.02899169921875,-2.116680644044904,1.7765322336896483,-4.92446911086017,-3.03451167358634,-2.4973989430045243,0.8426549891252214,-0.1020728079898156,3.951844479960629,-0.4475878626756762,1.324240196570777
70.0,238.0,144.48789978027344,-2.141046964113209,1.771880474365917,-4.911381224157521,-3.040130457582591,-2.517262630056656,0.8055665997807893,-1.0369607176572375,3.977882256769657,-0.4549739669163189,1.3219810566530266
70.0,238.0,137.80032348632812,-2.119931633971896,2.683200367960933,-4.921464991356993,-3.0289202312767864,-2.4999817284203742,0.8418053421426628,-0.0995159637103932,3.965997910608068,-0.4444260622458356,1.3231411245438172
70.0,238.0,150.5499267578125,-2.11968739608623,1.755035030369485,-4.927208819748874,-3.0244678618957064,-2.0218319945465275,0.8106048132035997,-1.0135414794231097,3.9867357123238514,-0.4552261932641993,1.349251448476138
70.0,238.0,139.81898498535156,-2.102899099266756,1.7830221877508603,-4.912908595011734,-3.074584875148485,-2.4992213342045475,0.8429050007370582,-0.111300689389205,3.9655395789438574,-0.4479147065901088,1.3231905826042392
70.0,238.0,137.79798889160156,-2.1193767232387946,2.684750935753682,-4.919643596209723,-3.029736893160015,-2.4989292902156746,0.8431186012085639,-0.1001692490798729,3.964032978266298,-0.4440542724669129,1.3226753933342068
70.0,238.0,137.80044555664062,-2.1223149552422163,2.6821707127269603,-4.919634817350512,-3.029699948897076,-2.4981242732348905,0.8419695420775225,-0.0990371160652446,3.9662656850810674,-0.4442647033307235,1.3221966920822956
70.0,238.0,137.79592895507812,-2.1208607084101394,2.6828759074665944,-4.919259877714114,-3.028038106234152,-2.4988226898578216,0.8423254220716548,-0.0990312024840967,3.964410555505152,-0.444271943602834,1.3229901886987678
70.0,238.0,140.52117919921875,-2.1272497769988306,1.774468940747441,-4.918171862643308,-3.039466282870276,-2.4890347571925453,0.8476899259151214,-0.521753245229758,3.96549093137469,-0.4572526271482879,1.3258236409937911
70.0,238.0,145.3743896484375,-2.055715787756611,3.5459383446779773,-4.926743274509718,-3.033548482115602,-2.496961460418813,0.8144829614976842,-0.053820621728324,3.954244038928831,-0.4430671415972534,1.6597223734601851
70.0,238.0,139.49063110351562,-2.127036784137281,2.6864341888011003,-4.922580773522917,-3.0061126931140665,-1.94209301285814,0.8409841124852037,-0.5625834980067171,3.962763002701845,-0.4500653814960387,1.3055394714877115
70.0,238.0,137.81744384765625,-2.1277224404567705,2.681837911661119,-4.924157043995317,-3.031281385129762,-2.4981128105050505,0.8438584129104354,-0.1007129788384623,3.964888576576502,-0.4454803480719521,1.3232394589601535
70.0,238.0,137.80738830566406,-2.124823656412992,2.685976061315521,-4.922415902586214,-3.0293809780473264,-2.49943301943963,0.8419689970643467,-0.1002958835263397,3.965724486233514,-0.444294678412925,1.3232536061695117
70.0,238.0,155.14508056640625,-2.144416528898283,1.7532622941419214,-4.910340166670732,-3.045212005694971,-1.9538792327145715,0.8337103093690844,-1.0439633387742353,3.904955445319976,-0.4075869564763927,0.7623833671535221
70.0,238.0,137.9501190185547,-2.132112422976117,2.6775535283771594,-4.919837510330707,-3.0331154988236304,-2.501241846771747,0.8427629725831771,-0.0989782272848863,3.954298417332199,-0.4436603951586179,1.3234696614658998
70.0,238.0,137.804443359375,-2.124670019467279,2.679893225039872,-4.921389507959089,-3.02878719430555,-2.499496458552039,0.8416799446429538,-0.1001391488084174,3.9658734146100656,-0.4442398044905637,1.3231366446137922
70.0,238.0,157.8895721435547,-2.151116586352581,1.7765067177928218,-4.954217446239854,-3.688038395004858,-2.586077377730949,0.8144731752930827,-0.6122097261475492,3.624379146848815,-0.454328507982406,0.9702287003031408
70.0,238.0,160.38934326171875,-2.1239526524329047,1.7532778008160277,-4.793683137872873,-2.992665936417859,-3.0883299703921034,0.7444479414625762,-1.0498487622640318,3.959048847339001,-0.7967959506285662,0.7170082799296202
70.0,238.0,137.79603576660156,-2.1203695252486066,2.6815276212271484,-4.919817337149159,-3.0282113607829904,-2.498883024494018,0.8429027886604817,-0.0991366947833645,3.964500448658526,-0.4444542969651466,1.3226485722264796
70.0,238.0,155.30633544921875,-2.110355142561264,1.7355664246072802,-4.897661520156259,-3.0945963635771343,-3.0647722813398968,0.8256285834289196,-1.0204516952792135,4.389633871132414,-0.4667985076585941,0.7287559592886229
70.0,238.0,158.0673828125,-2.13478528945232,1.8441109636686763,-4.929363763692761,-3.1294766675918138,-3.0546509867568057,1.330469986782295,-1.0107985278553162,3.543151829295136,-0.4498499097984712,0.7093224768745058
70.0,238.0,151.25607299804688,-2.172037136009037,1.7295055121999343,-4.886813252907739,-3.044272093932116,-2.527211347557737,0.8736419156014977,-1.0803740810791176,4.326682419773425,-0.4568381444550614,1.020613823807618
70.0,238.0,165.35855102539062,-2.0411344005614884,1.8033887960812784,-4.990096883276585,-3.0271535952284765,-1.9850275875294443,0.7502007915430735,-1.0075749577924853,3.0752222344234887,-0.4467256416415724,1.0584411608503208
70.0,238.0,165.263427734375,-2.025108824505472,1.819420873531608,-4.880777358367313,-3.048511178555349,-3.076473591889685,0.724041054625411,-1.045823708623605,4.79798916193166,-0.408550783489008,0.6991762171530035
70.0,238.0,137.79685974121094,-2.1188577341668045,2.6817979321782657,-4.919330743711032,-3.0294039664759804,-2.4989281424400915,0.8423454962684058,-0.099163222022016,3.9655553952862816,-0.4441561925229879,1.3233133840012052
70.0,238.0,160.2692413330078,-1.055922459328694,1.7735920722761906,-4.937958133848109,-1.695201673496223,-3.064020344723154,0.8372423768827528,-1.0608401158966236,4.429729571994304,-0.4561175576200931,0.7202760905369371
70.0,239.0,157.60691833496094,-2.1221509371431435,1.8392303061078088,-4.902514539010984,-3.0864103908050646,-3.0538475418464337,0.8517324402109121,-1.0171489627324086,3.092931355225164,-0.4559853455206131,0.9824460715350812
70.0,239.0,161.15728759765625,-1.9534206856324816,1.7536378394229737,-4.890109816254475,-3.0956079319477503,-3.0662115030366284,0.8279698431872164,-1.019189610828445,4.304919778195342,-0.4515226464921155,0.7024576952550962
70.0,239.0,137.86192321777344,-2.117800296695536,2.675060293822595,-4.922290025193135,-3.027935279981284,-2.5040521871909243,0.8478738732967751,-0.099897556218255,3.966110916736105,-0.4461138680384,1.3219547282552515
70.0,239.0,137.8007354736328,-2.11874858425824,2.6830495050636785,-4.921572170529264,-3.029930532135108,-2.500044037785152,0.8417896551606292,-0.0995665239623932,3.9660535743448713,-0.4443549889952953,1.3231351745149451
70.0,239.0,137.79486083984375,-2.120463693307168,2.682762110525274,-4.919981954198319,-3.0288144225882023,-2.4986580172813566,0.8432068684197771,-0.099025581348673,3.9643721719891625,-0.444152493210058,1.322893630431409
70.0,239.0,150.95826721191406,-2.1262525097823337,1.7737189882144293,-4.926724315985826,-3.0259742329384216,-2.437463469842107,1.4099652745982325,-1.0262765149084487,3.9233814230264574,-0.4512474950726279,1.609887845109697
70.0,239.0,156.08035278320312,-2.1580996450789263,1.728328627406782,-4.879695436337815,-3.0850529772078543,-3.06587044186364,0.8359929899162684,-1.015638048938622,3.5437633377229565,-0.4462973345896071,0.7233871726910266
70.0,239.0,141.4826202392578,-2.1261160085963327,2.6745115592972386,-4.932130452961332,-3.0058479524365764,-2.487836886697602,0.8532757011427905,-0.1386712797695375,3.976572900333153,-0.4512150426770004,1.61386797347447
70.0,239.0,137.8142852783203,-2.1239997204675807,2.682062449712567,-4.920146743742367,-3.025958206184079,-2.496572923346182,0.8424196701669544,-0.1022452489700058,3.966022563682012,-0.4439904327991957,1.3232216508482948
70.0,239.0,137.7975616455078,-2.1200051690081816,2.682039502429435,-4.922347302884,-3.030584532254485,-2.4988611130798017,0.842815055458344,-0.100033090067188,3.963602655295147,-0.4444899818084075,1.3232248241471731
70.0,239.0,137.80642700195312,-2.125618611474429,2.6784178966284418,-4.918893249922101,-3.029081125327927,-2.4995102028453755,0.8419417937928138,-0.1001976183390108,3.964207792701794,-0.4439862098666912,1.323142429952738
70.0,239.0,137.79531860351562,-2.119206980935165,2.682737089791202,-4.919857430918961,-3.0308233717267936,-2.4987901078515904,0.8429557813973608,-0.0990549007965121,3.964233640112052,-0.4441224572232222,1.3229789570764952
70.0,239.0,137.7958221435547,-2.120312267396578,2.683351926182894,-4.919980522751201,-3.030682526139366,-2.499147325309842,0.8427941326749419,-0.0991408923217226,3.964229262055911,-0.4441118750359666,1.3226753628878885
70.0,239.0,137.91026306152344,-2.127397020116272,2.691192119322745,-4.915083969238558,-3.027403062734846,-2.4975227967236515,0.8507614806821493,-0.1039384458771165,3.965570191532559,-0.4441751686124904,1.322136082437864
70.0,239.0,177.90628051757812,-0.9480992037287066,1.6698462529856726,-4.92126265432442,-3.066282443454009,-3.048841576344093,1.9184003846581128,-1.029547548154336,4.407033002134062,-0.5675828178794807,0.7291447687456702
70.0,239.0,137.7987060546875,-2.1223923018161126,2.681219517143308,-4.92151875378752,-3.028962715722171,-2.498920612952801,0.8421843033118905,-0.0995879351728055,3.965857188574928,-0.4443398385675991,1.3230672578934803
70.0,239.0,140.55001831054688,-2.122329315786468,1.802061285371577,-4.931716526883416,-3.0283693764857564,-2.486060058575672,0.8457611210177214,-0.5347108318649818,3.980144941527816,-0.4523532917964609,1.322373004556118
70.0,239.0,141.6404266357422,-2.1084047565903354,3.4534861629668634,-4.924996472270591,-3.0242428607016927,-2.470941775044578,0.8425522188352217,-0.0968509181972718,3.956855477934052,-0.4438554935314584,1.322391899368296
70.0,239.0,139.1970672607422,-2.1185306904843206,2.710352705123848,-4.919162712432934,-3.0273255307763955,-2.498554783191872,0.8419001598299687,-0.0985981167029957,3.958839515494306,-0.4413484067239596,1.3343256006367947
70.0,239.0,137.80126953125,-2.1201750977959146,2.6819442180730846,-4.9169968616731685,-3.030000418993801,-2.498845427972985,0.8434409216026306,-0.0992282435475075,3.965733224902956,-0.4436567932039984,1.3236775212900629
70.0,239.0,137.7962188720703,-2.1200293358583417,2.683736994403547,-4.919803673642698,-3.031367956763274,-2.4986300645329003,0.8427372864742194,-0.0992170322782381,3.964216649820469,-0.4442646185732069,1.3230820149281273
70.0,239.0,137.7958526611328,-2.118086056905423,2.682828858888348,-4.919877997077471,-3.029000444032573,-2.498396050746557,0.8421418355466808,-0.0996880741520759,3.963974529202539,-0.4441206220153927,1.3228518551935018
70.0,239.0,137.81985473632812,-2.127596216469379,2.682333382264904,-4.921650331642164,-3.032614584228958,-2.4973787577871427,0.8440753688181151,-0.1006959899596506,3.965717501922789,-0.4457134557394261,1.3232025068724664
70.0,239.0,153.1660919189453,-2.121447798556532,1.8336876551817392,-4.9380753146679925,-3.094233202647145,-3.0649950223856144,0.8354321701101891,-1.021508757068139,3.955010029302585,-0.4447028575291981,0.7080551592072115
70.0,239.0,139.02899169921875,-2.116680644044904,1.7765322336896483,-4.92446911086017,-3.03451167358634,-2.4973989430045243,0.8426549891252214,-0.1020728079898156,3.951844479960629,-0.4475878626756762,1.324240196570777
70.0,239.0,144.48789978027344,-2.141046964113209,1.771880474365917,-4.911381224157521,-3.040130457582591,-2.517262630056656,0.8055665997807893,-1.0369607176572375,3.977882256769657,-0.4549739669163189,1.3219810566530266
70.0,239.0,137.80032348632812,-2.119931633971896,2.683200367960933,-4.921464991356993,-3.0289202312767864,-2.4999817284203742,0.8418053421426628,-0.0995159637103932,3.965997910608068,-0.4444260622458356,1.3231411245438172
70.0,239.0,150.5499267578125,-2.11968739608623,1.755035030369485,-4.927208819748874,-3.0244678618957064,-2.0218319945465275,0.8106048132035997,-1.0135414794231097,3.9867357123238514,-0.4552261932641993,1.349251448476138
70.0,239.0,139.08932495117188,-2.1070969131073616,1.7829835110425978,-4.891359663348329,-3.022594315990799,-2.4990185651960486,0.8429606420313613,-0.1048111344693404,3.9668039948711247,-0.446659459268727,1.3232299894827289
70.0,239.0,137.79798889160156,-2.1193767232387946,2.684750935753682,-4.919643596209723,-3.029736893160015,-2.4989292902156746,0.8431186012085639,-0.1001692490798729,3.964032978266298,-0.4440542724669129,1.3226753933342068
70.0,239.0,137.80044555664062,-2.1223149552422163,2.6821707127269603,-4.919634817350512,-3.029699948897076,-2.4981242732348905,0.8419695420775225,-0.0990371160652446,3.9662656850810674,-0.4442647033307235,1.3221966920822956
70.0,239.0,137.79592895507812,-2.1208607084101394,2.6828759074665944,-4.919259877714114,-3.028038106234152,-2.4988226898578216,0.8423254220716548,-0.0990312024840967,3.964410555505152,-0.444271943602834,1.3229901886987678
70.0,239.0,140.52117919921875,-2.1272497769988306,1.774468940747441,-4.918171862643308,-3.039466282870276,-2.4890347571925453,0.8476899259151214,-0.521753245229758,3.96549093137469,-0.4572526271482879,1.3258236409937911
70.0,239.0,145.3743896484375,-2.055715787756611,3.5459383446779773,-4.926743274509718,-3.033548482115602,-2.496961460418813,0.8144829614976842,-0.053820621728324,3.954244038928831,-0.4430671415972534,1.6597223734601851
70.0,239.0,139.49063110351562,-2.127036784137281,2.6864341888011003,-4.922580773522917,-3.0061126931140665,-1.94209301285814,0.8409841124852037,-0.5625834980067171,3.962763002701845,-0.4500653814960387,1.3055394714877115
70.0,239.0,137.81744384765625,-2.1277224404567705,2.681837911661119,-4.924157043995317,-3.031281385129762,-2.4981128105050505,0.8438584129104354,-0.1007129788384623,3.964888576576502,-0.4454803480719521,1.3232394589601535
70.0,239.0,137.80738830566406,-2.124823656412992,2.685976061315521,-4.922415902586214,-3.0293809780473264,-2.49943301943963,0.8419689970643467,-0.1002958835263397,3.965724486233514,-0.444294678412925,1.3232536061695117
70.0,239.0,155.14508056640625,-2.144416528898283,1.7532622941419214,-4.910340166670732,-3.045212005694971,-1.9538792327145715,0.8337103093690844,-1.0439633387742353,3.904955445319976,-0.4075869564763927,0.7623833671535221
70.0,239.0,137.9501190185547,-2.132112422976117,2.6775535283771594,-4.919837510330707,-3.0331154988236304,-2.501241846771747,0.8427629725831771,-0.0989782272848863,3.954298417332199,-0.4436603951586179,1.3234696614658998
70.0,239.0,137.804443359375,-2.124670019467279,2.679893225039872,-4.921389507959089,-3.02878719430555,-2.499496458552039,0.8416799446429538,-0.1001391488084174,3.9658734146100656,-0.4442398044905637,1.3231366446137922
70.0,239.0,157.8895721435547,-2.151116586352581,1.7765067177928218,-4.954217446239854,-3.688038395004858,-2.586077377730949,0.8144731752930827,-0.6122097261475492,3.624379146848815,-0.454328507982406,0.9702287003031408
70.0,239.0,160.38934326171875,-2.1239526524329047,1.7532778008160277,-4.793683137872873,-2.992665936417859,-3.0883299703921034,0.7444479414625762,-1.0498487622640318,3.959048847339001,-0.7967959506285662,0.7170082799296202
70.0,239.0,137.79603576660156,-2.1203695252486066,2.6815276212271484,-4.919817337149159,-3.0282113607829904,-2.498883024494018,0.8429027886604817,-0.0991366947833645,3.964500448658526,-0.4444542969651466,1.3226485722264796
70.0,239.0,155.30633544921875,-2.110355142561264,1.7355664246072802,-4.897661520156259,-3.0945963635771343,-3.0647722813398968,0.8256285834289196,-1.0204516952792135,4.389633871132414,-0.4667985076585941,0.7287559592886229
70.0,239.0,158.0673828125,-2.13478528945232,1.8441109636686763,-4.929363763692761,-3.1294766675918138,-3.0546509867568057,1.330469986782295,-1.0107985278553162,3.543151829295136,-0.4498499097984712,0.7093224768745058
70.0,239.0,151.25607299804688,-2.172037136009037,1.7295055121999343,-4.886813252907739,-3.044272093932116,-2.527211347557737,0.8736419156014977,-1.0803740810791176,4.326682419773425,-0.4568381444550614,1.020613823807618
70.0,239.0,165.35855102539062,-2.0411344005614884,1.8033887960812784,-4.990096883276585,-3.0271535952284765,-1.9850275875294443,0.7502007915430735,-1.0075749577924853,3.0752222344234887,-0.4467256416415724,1.0584411608503208
70.0,239.0,165.263427734375,-2.025108824505472,1.819420873531608,-4.880777358367313,-3.048511178555349,-3.076473591889685,0.724041054625411,-1.045823708623605,4.79798916193166,-0.408550783489008,0.6991762171530035
70.0,239.0,137.79685974121094,-2.1188577341668045,2.6817979321782657,-4.919330743711032,-3.0294039664759804,-2.4989281424400915,0.8423454962684058,-0.099163222022016,3.9655553952862816,-0.4441561925229879,1.3233133840012052
70.0,239.0,160.2692413330078,-1.055922459328694,1.7735920722761906,-4.937958133848109,-1.695201673496223,-3.064020344723154,0.8372423768827528,-1.0608401158966236,4.429729571994304,-0.4561175576200931,0.7202760905369371
70.0,240.0,157.60691833496094,-2.1221509371431435,1.8392303061078088,-4.902514539010984,-3.0864103908050646,-3.0538475418464337,0.8517324402109121,-1.0171489627324086,3.092931355225164,-0.4559853455206131,0.9824460715350812
70.0,240.0,161.15728759765625,-1.9534206856324816,1.7536378394229737,-4.890109816254475,-3.0956079319477503,-3.0662115030366284,0.8279698431872164,-1.019189610828445,4.304919778195342,-0.4515226464921155,0.7024576952550962
70.0,240.0,137.86192321777344,-2.117800296695536,2.675060293822595,-4.922290025193135,-3.027935279981284,-2.5040521871909243,0.8478738732967751,-0.099897556218255,3.966110916736105,-0.4461138680384,1.3219547282552515
70.0,240.0,137.8007354736328,-2.11874858425824,2.6830495050636785,-4.921572170529264,-3.029930532135108,-2.500044037785152,0.8417896551606292,-0.0995665239623932,3.9660535743448713,-0.4443549889952953,1.3231351745149451
70.0,240.0,137.79486083984375,-2.120463693307168,2.682762110525274,-4.919981954198319,-3.0288144225882023,-2.4986580172813566,0.8432068684197771,-0.099025581348673,3.9643721719891625,-0.444152493210058,1.322893630431409
70.0,240.0,150.95826721191406,-2.1262525097823337,1.7737189882144293,-4.926724315985826,-3.0259742329384216,-2.437463469842107,1.4099652745982325,-1.0262765149084487,3.9233814230264574,-0.4512474950726279,1.609887845109697
70.0,240.0,156.08035278320312,-2.1580996450789263,1.728328627406782,-4.879695436337815,-3.0850529772078543,-3.06587044186364,0.8359929899162684,-1.015638048938622,3.5437633377229565,-0.4462973345896071,0.7233871726910266
70.0,240.0,140.3011474609375,-2.137152220579477,2.6562380628102864,-4.923127557633037,-3.017260987304274,-2.490244857012401,0.8633750383471248,-0.1273207141100578,3.97997047656476,-0.4469138262459632,1.3022614592388275
70.0,240.0,137.8142852783203,-2.1239997204675807,2.682062449712567,-4.920146743742367,-3.025958206184079,-2.496572923346182,0.8424196701669544,-0.1022452489700058,3.966022563682012,-0.4439904327991957,1.3232216508482948
70.0,240.0,137.7975616455078,-2.1200051690081816,2.682039502429435,-4.922347302884,-3.030584532254485,-2.4988611130798017,0.842815055458344,-0.100033090067188,3.963602655295147,-0.4444899818084075,1.3232248241471731
70.0,240.0,137.80642700195312,-2.125618611474429,2.6784178966284418,-4.918893249922101,-3.029081125327927,-2.4995102028453755,0.8419417937928138,-0.1001976183390108,3.964207792701794,-0.4439862098666912,1.323142429952738
70.0,240.0,137.79531860351562,-2.119206980935165,2.682737089791202,-4.919857430918961,-3.0308233717267936,-2.4987901078515904,0.8429557813973608,-0.0990549007965121,3.964233640112052,-0.4441224572232222,1.3229789570764952
70.0,240.0,137.7944793701172,-2.119162478023433,2.6825651503848307,-4.919924049246924,-3.029384472437976,-2.4982430495717534,0.8428730614028238,-0.0990688787811511,3.963910834088728,-0.4441692886711708,1.3230902943666496
70.0,240.0,137.91026306152344,-2.127397020116272,2.691192119322745,-4.915083969238558,-3.027403062734846,-2.4975227967236515,0.8507614806821493,-0.1039384458771165,3.965570191532559,-0.4441751686124904,1.322136082437864
70.0,240.0,177.90628051757812,-0.9480992037287066,1.6698462529856726,-4.92126265432442,-3.066282443454009,-3.048841576344093,1.9184003846581128,-1.029547548154336,4.407033002134062,-0.5675828178794807,0.7291447687456702
70.0,240.0,137.7987060546875,-2.1223923018161126,2.681219517143308,-4.92151875378752,-3.028962715722171,-2.498920612952801,0.8421843033118905,-0.0995879351728055,3.965857188574928,-0.4443398385675991,1.3230672578934803
70.0,240.0,140.55001831054688,-2.122329315786468,1.802061285371577,-4.931716526883416,-3.0283693764857564,-2.486060058575672,0.8457611210177214,-0.5347108318649818,3.980144941527816,-0.4523532917964609,1.322373004556118
70.0,240.0,139.6806640625,-2.120178283722922,3.553097690172008,-4.904791929790173,-3.042536821889681,-2.471677978643228,0.8414147542025964,-0.099156511445024,3.952640799138501,-0.4448035051311772,1.322272350894304
70.0,240.0,139.1970672607422,-2.1185306904843206,2.710352705123848,-4.919162712432934,-3.0273255307763955,-2.498554783191872,0.8419001598299687,-0.0985981167029957,3.958839515494306,-0.4413484067239596,1.3343256006367947
70.0,240.0,137.80126953125,-2.1201750977959146,2.6819442180730846,-4.9169968616731685,-3.030000418993801,-2.498845427972985,0.8434409216026306,-0.0992282435475075,3.965733224902956,-0.4436567932039984,1.3236775212900629
70.0,240.0,137.7962188720703,-2.1200293358583417,2.683736994403547,-4.919803673642698,-3.031367956763274,-2.4986300645329003,0.8427372864742194,-0.0992170322782381,3.964216649820469,-0.4442646185732069,1.3230820149281273
70.0,240.0,137.7958526611328,-2.118086056905423,2.682828858888348,-4.919877997077471,-3.029000444032573,-2.498396050746557,0.8421418355466808,-0.0996880741520759,3.963974529202539,-0.4441206220153927,1.3228518551935018
70.0,240.0,137.81985473632812,-2.127596216469379,2.682333382264904,-4.921650331642164,-3.032614584228958,-2.4973787577871427,0.8440753688181151,-0.1006959899596506,3.965717501922789,-0.4457134557394261,1.3232025068724664
70.0,240.0,153.1660919189453,-2.121447798556532,1.8336876551817392,-4.9380753146679925,-3.094233202647145,-3.0649950223856144,0.8354321701101891,-1.021508757068139,3.955010029302585,-0.4447028575291981,0.7080551592072115
70.0,240.0,139.02899169921875,-2.116680644044904,1.7765322336896483,-4.92446911086017,-3.03451167358634,-2.4973989430045243,0.8426549891252214,-0.1020728079898156,3.951844479960629,-0.4475878626756762,1.324240196570777
70.0,240.0,144.48789978027344,-2.141046964113209,1.771880474365917,-4.911381224157521,-3.040130457582591,-2.517262630056656,0.8055665997807893,-1.0369607176572375,3.977882256769657,-0.4549739669163189,1.3219810566530266
70.0,240.0,137.80032348632812,-2.119931633971896,2.683200367960933,-4.921464991356993,-3.0289202312767864,-2.4999817284203742,0.8418053421426628,-0.0995159637103932,3.965997910608068,-0.4444260622458356,1.3231411245438172
70.0,240.0,150.5499267578125,-2.11968739608623,1.755035030369485,-4.927208819748874,-3.0244678618957064,-2.0218319945465275,0.8106048132035997,-1.0135414794231097,3.9867357123238514,-0.4552261932641993,1.349251448476138
70.0,240.0,139.08932495117188,-2.1070969131073616,1.7829835110425978,-4.891359663348329,-3.022594315990799,-2.4990185651960486,0.8429606420313613,-0.1048111344693404,3.9668039948711247,-0.446659459268727,1.3232299894827289
70.0,240.0,137.79798889160156,-2.1193767232387946,2.684750935753682,-4.919643596209723,-3.029736893160015,-2.4989292902156746,0.8431186012085639,-0.1001692490798729,3.964032978266298,-0.4440542724669129,1.3226753933342068
70.0,240.0,137.80044555664062,-2.1223149552422163,2.6821707127269603,-4.919634817350512,-3.029699948897076,-2.4981242732348905,0.8419695420775225,-0.0990371160652446,3.9662656850810674,-0.4442647033307235,1.3221966920822956
70.0,240.0,137.79592895507812,-2.1208607084101394,2.6828759074665944,-4.919259877714114,-3.028038106234152,-2.4988226898578216,0.8423254220716548,-0.0990312024840967,3.964410555505152,-0.444271943602834,1.3229901886987678
70.0,240.0,140.52117919921875,-2.1272497769988306,1.774468940747441,-4.918171862643308,-3.039466282870276,-2.4890347571925453,0.8476899259151214,-0.521753245229758,3.96549093137469,-0.4572526271482879,1.3258236409937911
70.0,240.0,145.3743896484375,-2.055715787756611,3.5459383446779773,-4.926743274509718,-3.033548482115602,-2.496961460418813,0.8144829614976842,-0.053820621728324,3.954244038928831,-0.4430671415972534,1.6597223734601851
70.0,240.0,139.49063110351562,-2.127036784137281,2.6864341888011003,-4.922580773522917,-3.0061126931140665,-1.94209301285814,0.8409841124852037,-0.5625834980067171,3.962763002701845,-0.4500653814960387,1.3055394714877115
70.0,240.0,137.81744384765625,-2.1277224404567705,2.681837911661119,-4.924157043995317,-3.031281385129762,-2.4981128105050505,0.8438584129104354,-0.1007129788384623,3.964888576576502,-0.4454803480719521,1.3232394589601535
70.0,240.0,137.80738830566406,-2.124823656412992,2.685976061315521,-4.922415902586214,-3.0293809780473264,-2.49943301943963,0.8419689970643467,-0.1002958835263397,3.965724486233514,-0.444294678412925,1.3232536061695117
70.0,240.0,155.14508056640625,-2.144416528898283,1.7532622941419214,-4.910340166670732,-3.045212005694971,-1.9538792327145715,0.8337103093690844,-1.0439633387742353,3.904955445319976,-0.4075869564763927,0.7623833671535221
70.0,240.0,137.9501190185547,-2.132112422976117,2.6775535283771594,-4.919837510330707,-3.0331154988236304,-2.501241846771747,0.8427629725831771,-0.0989782272848863,3.954298417332199,-0.4436603951586179,1.3234696614658998
70.0,240.0,137.804443359375,-2.124670019467279,2.679893225039872,-4.921389507959089,-3.02878719430555,-2.499496458552039,0.8416799446429538,-0.1001391488084174,3.9658734146100656,-0.4442398044905637,1.3231366446137922
70.0,240.0,157.8895721435547,-2.151116586352581,1.7765067177928218,-4.954217446239854,-3.688038395004858,-2.586077377730949,0.8144731752930827,-0.6122097261475492,3.624379146848815,-0.454328507982406,0.9702287003031408
70.0,240.0,160.38934326171875,-2.1239526524329047,1.7532778008160277,-4.793683137872873,-2.992665936417859,-3.0883299703921034,0.7444479414625762,-1.0498487622640318,3.959048847339001,-0.7967959506285662,0.7170082799296202
70.0,240.0,137.79603576660156,-2.1203695252486066,2.6815276212271484,-4.919817337149159,-3.0282113607829904,-2.498883024494018,0.8429027886604817,-0.0991366947833645,3.964500448658526,-0.4444542969651466,1.3226485722264796
70.0,240.0,155.30633544921875,-2.110355142561264,1.7355664246072802,-4.897661520156259,-3.0945963635771343,-3.0647722813398968,0.8256285834289196,-1.0204516952792135,4.389633871132414,-0.4667985076585941,0.7287559592886229
70.0,240.0,158.0673828125,-2.13478528945232,1.8441109636686763,-4.929363763692761,-3.1294766675918138,-3.0546509867568057,1.330469986782295,-1.0107985278553162,3.543151829295136,-0.4498499097984712,0.7093224768745058
70.0,240.0,151.25607299804688,-2.172037136009037,1.7295055121999343,-4.886813252907739,-3.044272093932116,-2.527211347557737,0.8736419156014977,-1.0803740810791176,4.326682419773425,-0.4568381444550614,1.020613823807618
70.0,240.0,165.35855102539062,-2.0411344005614884,1.8033887960812784,-4.990096883276585,-3.0271535952284765,-1.9850275875294443,0.7502007915430735,-1.0075749577924853,3.0752222344234887,-0.4467256416415724,1.0584411608503208
70.0,240.0,165.263427734375,-2.025108824505472,1.819420873531608,-4.880777358367313,-3.048511178555349,-3.076473591889685,0.724041054625411,-1.045823708623605,4.79798916193166,-0.408550783489008,0.6991762171530035
70.0,240.0,137.79685974121094,-2.1188577341668045,2.6817979321782657,-4.919330743711032,-3.0294039664759804,-2.4989281424400915,0.8423454962684058,-0.099163222022016,3.9655553952862816,-0.4441561925229879,1.3233133840012052
70.0,240.0,160.2692413330078,-1.055922459328694,1.7735920722761906,-4.937958133848109,-1.695201673496223,-3.064020344723154,0.8372423768827528,-1.0608401158966236,4.429729571994304,-0.4561175576200931,0.7202760905369371
70.0,241.0,157.60691833496094,-2.1221509371431435,1.8392303061078088,-4.902514539010984,-3.0864103908050646,-3.0538475418464337,0.8517324402109121,-1.0171489627324086,3.092931355225164,-0.4559853455206131,0.9824460715350812
70.0,241.0,161.15728759765625,-1.9534206856324816,1.7536378394229737,-4.890109816254475,-3.0956079319477503,-3.0662115030366284,0.8279698431872164,-1.019189610828445,4.304919778195342,-0.4515226464921155,0.7024576952550962
70.0,241.0,137.84690856933594,-2.1189170257875065,2.680301502631789,-4.9208452004631065,-3.028703077052832,-2.489028539519328,0.8457994300630413,-0.1003740813875272,3.962267752915959,-0.4451078168106112,1.323706981372012
70.0,241.0,137.8007354736328,-2.11874858425824,2.6830495050636785,-4.921572170529264,-3.029930532135108,-2.500044037785152,0.8417896551606292,-0.0995665239623932,3.9660535743448713,-0.4443549889952953,1.3231351745149451
70.0,241.0,137.79486083984375,-2.120463693307168,2.682762110525274,-4.919981954198319,-3.0288144225882023,-2.4986580172813566,0.8432068684197771,-0.099025581348673,3.9643721719891625,-0.444152493210058,1.322893630431409
70.0,241.0,150.95826721191406,-2.1262525097823337,1.7737189882144293,-4.926724315985826,-3.0259742329384216,-2.437463469842107,1.4099652745982325,-1.0262765149084487,3.9233814230264574,-0.4512474950726279,1.609887845109697
70.0,241.0,156.08035278320312,-2.1580996450789263,1.728328627406782,-4.879695436337815,-3.0850529772078543,-3.06587044186364,0.8359929899162684,-1.015638048938622,3.5437633377229565,-0.4462973345896071,0.7233871726910266
70.0,241.0,140.3011474609375,-2.137152220579477,2.6562380628102864,-4.923127557633037,-3.017260987304274,-2.490244857012401,0.8633750383471248,-0.1273207141100578,3.97997047656476,-0.4469138262459632,1.3022614592388275
70.0,241.0,137.8142852783203,-2.1239997204675807,2.682062449712567,-4.920146743742367,-3.025958206184079,-2.496572923346182,0.8424196701669544,-0.1022452489700058,3.966022563682012,-0.4439904327991957,1.3232216508482948
70.0,241.0,137.7975616455078,-2.1200051690081816,2.682039502429435,-4.922347302884,-3.030584532254485,-2.4988611130798017,0.842815055458344,-0.100033090067188,3.963602655295147,-0.4444899818084075,1.3232248241471731
70.0,241.0,137.80642700195312,-2.125618611474429,2.6784178966284418,-4.918893249922101,-3.029081125327927,-2.4995102028453755,0.8419417937928138,-0.1001976183390108,3.964207792701794,-0.4439862098666912,1.323142429952738
70.0,241.0,137.79531860351562,-2.119206980935165,2.682737089791202,-4.919857430918961,-3.0308233717267936,-2.4987901078515904,0.8429557813973608,-0.0990549007965121,3.964233640112052,-0.4441224572232222,1.3229789570764952
70.0,241.0,137.7944793701172,-2.119162478023433,2.6825651503848307,-4.919924049246924,-3.029384472437976,-2.4982430495717534,0.8428730614028238,-0.0990688787811511,3.963910834088728,-0.4441692886711708,1.3230902943666496
70.0,241.0,137.91026306152344,-2.127397020116272,2.691192119322745,-4.915083969238558,-3.027403062734846,-2.4975227967236515,0.8507614806821493,-0.1039384458771165,3.965570191532559,-0.4441751686124904,1.322136082437864
70.0,241.0,177.90628051757812,-0.9480992037287066,1.6698462529856726,-4.92126265432442,-3.066282443454009,-3.048841576344093,1.9184003846581128,-1.029547548154336,4.407033002134062,-0.5675828178794807,0.7291447687456702
70.0,241.0,137.7987060546875,-2.1223923018161126,2.681219517143308,-4.92151875378752,-3.028962715722171,-2.498920612952801,0.8421843033118905,-0.0995879351728055,3.965857188574928,-0.4443398385675991,1.3230672578934803
70.0,241.0,140.55001831054688,-2.122329315786468,1.802061285371577,-4.931716526883416,-3.0283693764857564,-2.486060058575672,0.8457611210177214,-0.5347108318649818,3.980144941527816,-0.4523532917964609,1.322373004556118
70.0,241.0,139.6806640625,-2.120178283722922,3.553097690172008,-4.904791929790173,-3.042536821889681,-2.471677978643228,0.8414147542025964,-0.099156511445024,3.952640799138501,-0.4448035051311772,1.322272350894304
70.0,241.0,139.1970672607422,-2.1185306904843206,2.710352705123848,-4.919162712432934,-3.0273255307763955,-2.498554783191872,0.8419001598299687,-0.0985981167029957,3.958839515494306,-0.4413484067239596,1.3343256006367947
70.0,241.0,137.80126953125,-2.1201750977959146,2.6819442180730846,-4.9169968616731685,-3.030000418993801,-2.498845427972985,0.8434409216026306,-0.0992282435475075,3.965733224902956,-0.4436567932039984,1.3236775212900629
70.0,241.0,137.79493713378906,-2.120625892614479,2.682768553567293,-4.91972577924423,-3.028662432568717,-2.498231949271006,0.8427172221020808,-0.0991467611796814,3.963980476978727,-0.444081494721453,1.3235644566626634
70.0,241.0,137.7958526611328,-2.118086056905423,2.682828858888348,-4.919877997077471,-3.029000444032573,-2.498396050746557,0.8421418355466808,-0.0996880741520759,3.963974529202539,-0.4441206220153927,1.3228518551935018
70.0,241.0,137.81985473632812,-2.127596216469379,2.682333382264904,-4.921650331642164,-3.032614584228958,-2.4973787577871427,0.8440753688181151,-0.1006959899596506,3.965717501922789,-0.4457134557394261,1.3232025068724664
70.0,241.0,153.1660919189453,-2.121447798556532,1.8336876551817392,-4.9380753146679925,-3.094233202647145,-3.0649950223856144,0.8354321701101891,-1.021508757068139,3.955010029302585,-0.4447028575291981,0.7080551592072115
70.0,241.0,139.02899169921875,-2.116680644044904,1.7765322336896483,-4.92446911086017,-3.03451167358634,-2.4973989430045243,0.8426549891252214,-0.1020728079898156,3.951844479960629,-0.4475878626756762,1.324240196570777
70.0,241.0,144.48789978027344,-2.141046964113209,1.771880474365917,-4.911381224157521,-3.040130457582591,-2.517262630056656,0.8055665997807893,-1.0369607176572375,3.977882256769657,-0.4549739669163189,1.3219810566530266
70.0,241.0,137.80032348632812,-2.119931633971896,2.683200367960933,-4.921464991356993,-3.0289202312767864,-2.4999817284203742,0.8418053421426628,-0.0995159637103932,3.965997910608068,-0.4444260622458356,1.3231411245438172
70.0,241.0,150.5499267578125,-2.11968739608623,1.755035030369485,-4.927208819748874,-3.0244678618957064,-2.0218319945465275,0.8106048132035997,-1.0135414794231097,3.9867357123238514,-0.4552261932641993,1.349251448476138
70.0,241.0,139.08932495117188,-2.1070969131073616,1.7829835110425978,-4.891359663348329,-3.022594315990799,-2.4990185651960486,0.8429606420313613,-0.1048111344693404,3.9668039948711247,-0.446659459268727,1.3232299894827289
70.0,241.0,137.79798889160156,-2.1193767232387946,2.684750935753682,-4.919643596209723,-3.029736893160015,-2.4989292902156746,0.8431186012085639,-0.1001692490798729,3.964032978266298,-0.4440542724669129,1.3226753933342068
70.0,241.0,137.80044555664062,-2.1223149552422163,2.6821707127269603,-4.919634817350512,-3.029699948897076,-2.4981242732348905,0.8419695420775225,-0.0990371160652446,3.9662656850810674,-0.4442647033307235,1.3221966920822956
70.0,241.0,137.79592895507812,-2.1208607084101394,2.6828759074665944,-4.919259877714114,-3.028038106234152,-2.4988226898578216,0.8423254220716548,-0.0990312024840967,3.964410555505152,-0.444271943602834,1.3229901886987678
70.0,241.0,140.52117919921875,-2.1272497769988306,1.774468940747441,-4.918171862643308,-3.039466282870276,-2.4890347571925453,0.8476899259151214,-0.521753245229758,3.96549093137469,-0.4572526271482879,1.3258236409937911
70.0,241.0,145.3743896484375,-2.055715787756611,3.5459383446779773,-4.926743274509718,-3.033548482115602,-2.496961460418813,0.8144829614976842,-0.053820621728324,3.954244038928831,-0.4430671415972534,1.6597223734601851
70.0,241.0,139.49063110351562,-2.127036784137281,2.6864341888011003,-4.922580773522917,-3.0061126931140665,-1.94209301285814,0.8409841124852037,-0.5625834980067171,3.962763002701845,-0.4500653814960387,1.3055394714877115
70.0,241.0,137.81744384765625,-2.1277224404567705,2.681837911661119,-4.924157043995317,-3.031281385129762,-2.4981128105050505,0.8438584129104354,-0.1007129788384623,3.964888576576502,-0.4454803480719521,1.3232394589601535
70.0,241.0,137.80738830566406,-2.124823656412992,2.685976061315521,-4.922415902586214,-3.0293809780473264,-2.49943301943963,0.8419689970643467,-0.1002958835263397,3.965724486233514,-0.444294678412925,1.3232536061695117
70.0,241.0,155.14508056640625,-2.144416528898283,1.7532622941419214,-4.910340166670732,-3.045212005694971,-1.9538792327145715,0.8337103093690844,-1.0439633387742353,3.904955445319976,-0.4075869564763927,0.7623833671535221
70.0,241.0,137.9501190185547,-2.132112422976117,2.6775535283771594,-4.919837510330707,-3.0331154988236304,-2.501241846771747,0.8427629725831771,-0.0989782272848863,3.954298417332199,-0.4436603951586179,1.3234696614658998
70.0,241.0,137.804443359375,-2.124670019467279,2.679893225039872,-4.921389507959089,-3.02878719430555,-2.499496458552039,0.8416799446429538,-0.1001391488084174,3.9658734146100656,-0.4442398044905637,1.3231366446137922
70.0,241.0,157.8895721435547,-2.151116586352581,1.7765067177928218,-4.954217446239854,-3.688038395004858,-2.586077377730949,0.8144731752930827,-0.6122097261475492,3.624379146848815,-0.454328507982406,0.9702287003031408
70.0,241.0,160.38934326171875,-2.1239526524329047,1.7532778008160277,-4.793683137872873,-2.992665936417859,-3.0883299703921034,0.7444479414625762,-1.0498487622640318,3.959048847339001,-0.7967959506285662,0.7170082799296202
70.0,241.0,137.79603576660156,-2.1203695252486066,2.6815276212271484,-4.919817337149159,-3.0282113607829904,-2.498883024494018,0.8429027886604817,-0.0991366947833645,3.964500448658526,-0.4444542969651466,1.3226485722264796
70.0,241.0,155.30633544921875,-2.110355142561264,1.7355664246072802,-4.897661520156259,-3.0945963635771343,-3.0647722813398968,0.8256285834289196,-1.0204516952792135,4.389633871132414,-0.4667985076585941,0.7287559592886229
70.0,241.0,158.0673828125,-2.13478528945232,1.8441109636686763,-4.929363763692761,-3.1294766675918138,-3.0546509867568057,1.330469986782295,-1.0107985278553162,3.543151829295136,-0.4498499097984712,0.7093224768745058
70.0,241.0,151.25607299804688,-2.172037136009037,1.7295055121999343,-4.886813252907739,-3.044272093932116,-2.527211347557737,0.8736419156014977,-1.0803740810791176,4.326682419773425,-0.4568381444550614,1.020613823807618
70.0,241.0,165.35855102539062,-2.0411344005614884,1.8033887960812784,-4.990096883276585,-3.0271535952284765,-1.9850275875294443,0.7502007915430735,-1.0075749577924853,3.0752222344234887,-0.4467256416415724,1.0584411608503208
70.0,241.0,165.263427734375,-2.025108824505472,1.819420873531608,-4.880777358367313,-3.048511178555349,-3.076473591889685,0.724041054625411,-1.045823708623605,4.79798916193166,-0.408550783489008,0.6991762171530035
70.0,241.0,137.79685974121094,-2.1188577341668045,2.6817979321782657,-4.919330743711032,-3.0294039664759804,-2.4989281424400915,0.8423454962684058,-0.099163222022016,3.9655553952862816,-0.4441561925229879,1.3233133840012052
70.0,241.0,160.2692413330078,-1.055922459328694,1.7735920722761906,-4.937958133848109,-1.695201673496223,-3.064020344723154,0.8372423768827528,-1.0608401158966236,4.429729571994304,-0.4561175576200931,0.7202760905369371
70.0,242.0,157.60691833496094,-2.1221509371431435,1.8392303061078088,-4.902514539010984,-3.0864103908050646,-3.0538475418464337,0.8517324402109121,-1.0171489627324086,3.092931355225164,-0.4559853455206131,0.9824460715350812
70.0,242.0,161.15728759765625,-1.9534206856324816,1.7536378394229737,-4.890109816254475,-3.0956079319477503,-3.0662115030366284,0.8279698431872164,-1.019189610828445,4.304919778195342,-0.4515226464921155,0.7024576952550962
70.0,242.0,137.80189514160156,-2.118472292565864,2.6832948057445734,-4.919062795301337,-3.029001813102865,-2.5004121233021226,0.8441797777328118,-0.1002235070217236,3.963793790655305,-0.4437592054902869,1.3232682550521324
70.0,242.0,137.8007354736328,-2.11874858425824,2.6830495050636785,-4.921572170529264,-3.029930532135108,-2.500044037785152,0.8417896551606292,-0.0995665239623932,3.9660535743448713,-0.4443549889952953,1.3231351745149451
70.0,242.0,137.79486083984375,-2.120463693307168,2.682762110525274,-4.919981954198319,-3.0288144225882023,-2.4986580172813566,0.8432068684197771,-0.099025581348673,3.9643721719891625,-0.444152493210058,1.322893630431409
70.0,242.0,150.95826721191406,-2.1262525097823337,1.7737189882144293,-4.926724315985826,-3.0259742329384216,-2.437463469842107,1.4099652745982325,-1.0262765149084487,3.9233814230264574,-0.4512474950726279,1.609887845109697
70.0,242.0,156.08035278320312,-2.1580996450789263,1.728328627406782,-4.879695436337815,-3.0850529772078543,-3.06587044186364,0.8359929899162684,-1.015638048938622,3.5437633377229565,-0.4462973345896071,0.7233871726910266
70.0,242.0,140.3011474609375,-2.137152220579477,2.6562380628102864,-4.923127557633037,-3.017260987304274,-2.490244857012401,0.8633750383471248,-0.1273207141100578,3.97997047656476,-0.4469138262459632,1.3022614592388275
70.0,242.0,137.8142852783203,-2.1239997204675807,2.682062449712567,-4.920146743742367,-3.025958206184079,-2.496572923346182,0.8424196701669544,-0.1022452489700058,3.966022563682012,-0.4439904327991957,1.3232216508482948
70.0,242.0,137.7975616455078,-2.1200051690081816,2.682039502429435,-4.922347302884,-3.030584532254485,-2.4988611130798017,0.842815055458344,-0.100033090067188,3.963602655295147,-0.4444899818084075,1.3232248241471731
70.0,242.0,137.80642700195312,-2.125618611474429,2.6784178966284418,-4.918893249922101,-3.029081125327927,-2.4995102028453755,0.8419417937928138,-0.1001976183390108,3.964207792701794,-0.4439862098666912,1.323142429952738
70.0,242.0,137.79531860351562,-2.119206980935165,2.682737089791202,-4.919857430918961,-3.0308233717267936,-2.4987901078515904,0.8429557813973608,-0.0990549007965121,3.964233640112052,-0.4441224572232222,1.3229789570764952
70.0,242.0,137.7944793701172,-2.119162478023433,2.6825651503848307,-4.919924049246924,-3.029384472437976,-2.4982430495717534,0.8428730614028238,-0.0990688787811511,3.963910834088728,-0.4441692886711708,1.3230902943666496
70.0,242.0,137.82359313964844,-2.1290379951710032,2.680530845217693,-4.9139595340043325,-3.0305647666276205,-2.4976995690843387,0.8426423533113254,-0.1006485714896935,3.964449896900888,-0.4441846631774251,1.3221495382758508
70.0,242.0,177.90628051757812,-0.9480992037287066,1.6698462529856726,-4.92126265432442,-3.066282443454009,-3.048841576344093,1.9184003846581128,-1.029547548154336,4.407033002134062,-0.5675828178794807,0.7291447687456702
70.0,242.0,137.7987060546875,-2.1223923018161126,2.681219517143308,-4.92151875378752,-3.028962715722171,-2.498920612952801,0.8421843033118905,-0.0995879351728055,3.965857188574928,-0.4443398385675991,1.3230672578934803
70.0,242.0,140.55001831054688,-2.122329315786468,1.802061285371577,-4.931716526883416,-3.0283693764857564,-2.486060058575672,0.8457611210177214,-0.5347108318649818,3.980144941527816,-0.4523532917964609,1.322373004556118
70.0,242.0,139.07772827148438,-2.1215243441246683,1.7835501049977416,-4.904830252517905,-3.0088668408356845,-2.491262353172285,0.8440627021944005,-0.0989063003208481,3.959972317444002,-0.4440852734227963,1.3225160390957862
70.0,242.0,138.12677001953125,-2.118555014786572,2.6601701209691826,-4.919357522917396,-3.0293256759805542,-2.498644348539207,0.8427438951019578,-0.0991148548356707,3.972487556545562,-0.4439287695384628,1.31448732671774
70.0,242.0,137.80126953125,-2.1201750977959146,2.6819442180730846,-4.9169968616731685,-3.030000418993801,-2.498845427972985,0.8434409216026306,-0.0992282435475075,3.965733224902956,-0.4436567932039984,1.3236775212900629
70.0,242.0,137.79493713378906,-2.120625892614479,2.682768553567293,-4.91972577924423,-3.028662432568717,-2.498231949271006,0.8427172221020808,-0.0991467611796814,3.963980476978727,-0.444081494721453,1.3235644566626634
70.0,242.0,137.7958526611328,-2.118086056905423,2.682828858888348,-4.919877997077471,-3.029000444032573,-2.498396050746557,0.8421418355466808,-0.0996880741520759,3.963974529202539,-0.4441206220153927,1.3228518551935018
70.0,242.0,137.81985473632812,-2.127596216469379,2.682333382264904,-4.921650331642164,-3.032614584228958,-2.4973787577871427,0.8440753688181151,-0.1006959899596506,3.965717501922789,-0.4457134557394261,1.3232025068724664
70.0,242.0,153.1660919189453,-2.121447798556532,1.8336876551817392,-4.9380753146679925,-3.094233202647145,-3.0649950223856144,0.8354321701101891,-1.021508757068139,3.955010029302585,-0.4447028575291981,0.7080551592072115
70.0,242.0,139.02899169921875,-2.116680644044904,1.7765322336896483,-4.92446911086017,-3.03451167358634,-2.4973989430045243,0.8426549891252214,-0.1020728079898156,3.951844479960629,-0.4475878626756762,1.324240196570777
70.0,242.0,144.48789978027344,-2.141046964113209,1.771880474365917,-4.911381224157521,-3.040130457582591,-2.517262630056656,0.8055665997807893,-1.0369607176572375,3.977882256769657,-0.4549739669163189,1.3219810566530266
70.0,242.0,137.80032348632812,-2.119931633971896,2.683200367960933,-4.921464991356993,-3.0289202312767864,-2.4999817284203742,0.8418053421426628,-0.0995159637103932,3.965997910608068,-0.4444260622458356,1.3231411245438172
70.0,242.0,150.5499267578125,-2.11968739608623,1.755035030369485,-4.927208819748874,-3.0244678618957064,-2.0218319945465275,0.8106048132035997,-1.0135414794231097,3.9867357123238514,-0.4552261932641993,1.349251448476138
70.0,242.0,139.08932495117188,-2.1070969131073616,1.7829835110425978,-4.891359663348329,-3.022594315990799,-2.4990185651960486,0.8429606420313613,-0.1048111344693404,3.9668039948711247,-0.446659459268727,1.3232299894827289
70.0,242.0,137.79798889160156,-2.1193767232387946,2.684750935753682,-4.919643596209723,-3.029736893160015,-2.4989292902156746,0.8431186012085639,-0.1001692490798729,3.964032978266298,-0.4440542724669129,1.3226753933342068
70.0,242.0,137.80044555664062,-2.1223149552422163,2.6821707127269603,-4.919634817350512,-3.029699948897076,-2.4981242732348905,0.8419695420775225,-0.0990371160652446,3.9662656850810674,-0.4442647033307235,1.3221966920822956
70.0,242.0,137.79592895507812,-2.1208607084101394,2.6828759074665944,-4.919259877714114,-3.028038106234152,-2.4988226898578216,0.8423254220716548,-0.0990312024840967,3.964410555505152,-0.444271943602834,1.3229901886987678
70.0,242.0,140.52117919921875,-2.1272497769988306,1.774468940747441,-4.918171862643308,-3.039466282870276,-2.4890347571925453,0.8476899259151214,-0.521753245229758,3.96549093137469,-0.4572526271482879,1.3258236409937911
70.0,242.0,145.3743896484375,-2.055715787756611,3.5459383446779773,-4.926743274509718,-3.033548482115602,-2.496961460418813,0.8144829614976842,-0.053820621728324,3.954244038928831,-0.4430671415972534,1.6597223734601851
70.0,242.0,139.49063110351562,-2.127036784137281,2.6864341888011003,-4.922580773522917,-3.0061126931140665,-1.94209301285814,0.8409841124852037,-0.5625834980067171,3.962763002701845,-0.4500653814960387,1.3055394714877115
70.0,242.0,137.81744384765625,-2.1277224404567705,2.681837911661119,-4.924157043995317,-3.031281385129762,-2.4981128105050505,0.8438584129104354,-0.1007129788384623,3.964888576576502,-0.4454803480719521,1.3232394589601535
70.0,242.0,137.79837036132812,-2.123373891877418,2.682587582496074,-4.922339972295107,-3.0282333885585,-2.498791103322163,0.843581709590431,-0.0996585884390423,3.96464608978655,-0.4441283080645394,1.323065227809353
70.0,242.0,155.14508056640625,-2.144416528898283,1.7532622941419214,-4.910340166670732,-3.045212005694971,-1.9538792327145715,0.8337103093690844,-1.0439633387742353,3.904955445319976,-0.4075869564763927,0.7623833671535221
70.0,242.0,137.9501190185547,-2.132112422976117,2.6775535283771594,-4.919837510330707,-3.0331154988236304,-2.501241846771747,0.8427629725831771,-0.0989782272848863,3.954298417332199,-0.4436603951586179,1.3234696614658998
70.0,242.0,137.804443359375,-2.124670019467279,2.679893225039872,-4.921389507959089,-3.02878719430555,-2.499496458552039,0.8416799446429538,-0.1001391488084174,3.9658734146100656,-0.4442398044905637,1.3231366446137922
70.0,242.0,157.8895721435547,-2.151116586352581,1.7765067177928218,-4.954217446239854,-3.688038395004858,-2.586077377730949,0.8144731752930827,-0.6122097261475492,3.624379146848815,-0.454328507982406,0.9702287003031408
70.0,242.0,160.38934326171875,-2.1239526524329047,1.7532778008160277,-4.793683137872873,-2.992665936417859,-3.0883299703921034,0.7444479414625762,-1.0498487622640318,3.959048847339001,-0.7967959506285662,0.7170082799296202
70.0,242.0,137.79603576660156,-2.1203695252486066,2.6815276212271484,-4.919817337149159,-3.0282113607829904,-2.498883024494018,0.8429027886604817,-0.0991366947833645,3.964500448658526,-0.4444542969651466,1.3226485722264796
70.0,242.0,155.30633544921875,-2.110355142561264,1.7355664246072802,-4.897661520156259,-3.0945963635771343,-3.0647722813398968,0.8256285834289196,-1.0204516952792135,4.389633871132414,-0.4667985076585941,0.7287559592886229
70.0,242.0,158.0673828125,-2.13478528945232,1.8441109636686763,-4.929363763692761,-3.1294766675918138,-3.0546509867568057,1.330469986782295,-1.0107985278553162,3.543151829295136,-0.4498499097984712,0.7093224768745058
70.0,242.0,151.25607299804688,-2.172037136009037,1.7295055121999343,-4.886813252907739,-3.044272093932116,-2.527211347557737,0.8736419156014977,-1.0803740810791176,4.326682419773425,-0.4568381444550614,1.020613823807618
70.0,242.0,165.35855102539062,-2.0411344005614884,1.8033887960812784,-4.990096883276585,-3.0271535952284765,-1.9850275875294443,0.7502007915430735,-1.0075749577924853,3.0752222344234887,-0.4467256416415724,1.0584411608503208
70.0,242.0,165.263427734375,-2.025108824505472,1.819420873531608,-4.880777358367313,-3.048511178555349,-3.076473591889685,0.724041054625411,-1.045823708623605,4.79798916193166,-0.408550783489008,0.6991762171530035
70.0,242.0,137.79685974121094,-2.1188577341668045,2.6817979321782657,-4.919330743711032,-3.0294039664759804,-2.4989281424400915,0.8423454962684058,-0.099163222022016,3.9655553952862816,-0.4441561925229879,1.3233133840012052
70.0,242.0,160.2692413330078,-1.055922459328694,1.7735920722761906,-4.937958133848109,-1.695201673496223,-3.064020344723154,0.8372423768827528,-1.0608401158966236,4.429729571994304,-0.4561175576200931,0.7202760905369371
70.0,243.0,157.60691833496094,-2.1221509371431435,1.8392303061078088,-4.902514539010984,-3.0864103908050646,-3.0538475418464337,0.8517324402109121,-1.0171489627324086,3.092931355225164,-0.4559853455206131,0.9824460715350812
70.0,243.0,161.15728759765625,-1.9534206856324816,1.7536378394229737,-4.890109816254475,-3.0956079319477503,-3.0662115030366284,0.8279698431872164,-1.019189610828445,4.304919778195342,-0.4515226464921155,0.7024576952550962
70.0,243.0,137.80189514160156,-2.118472292565864,2.6832948057445734,-4.919062795301337,-3.029001813102865,-2.5004121233021226,0.8441797777328118,-0.1002235070217236,3.963793790655305,-0.4437592054902869,1.3232682550521324
70.0,243.0,137.8007354736328,-2.11874858425824,2.6830495050636785,-4.921572170529264,-3.029930532135108,-2.500044037785152,0.8417896551606292,-0.0995665239623932,3.9660535743448713,-0.4443549889952953,1.3231351745149451
70.0,243.0,137.79486083984375,-2.120463693307168,2.682762110525274,-4.919981954198319,-3.0288144225882023,-2.4986580172813566,0.8432068684197771,-0.099025581348673,3.9643721719891625,-0.444152493210058,1.322893630431409
70.0,243.0,150.95826721191406,-2.1262525097823337,1.7737189882144293,-4.926724315985826,-3.0259742329384216,-2.437463469842107,1.4099652745982325,-1.0262765149084487,3.9233814230264574,-0.4512474950726279,1.609887845109697
70.0,243.0,156.08035278320312,-2.1580996450789263,1.728328627406782,-4.879695436337815,-3.0850529772078543,-3.06587044186364,0.8359929899162684,-1.015638048938622,3.5437633377229565,-0.4462973345896071,0.7233871726910266
70.0,243.0,140.3011474609375,-2.137152220579477,2.6562380628102864,-4.923127557633037,-3.017260987304274,-2.490244857012401,0.8633750383471248,-0.1273207141100578,3.97997047656476,-0.4469138262459632,1.3022614592388275
70.0,243.0,137.8142852783203,-2.1239997204675807,2.682062449712567,-4.920146743742367,-3.025958206184079,-2.496572923346182,0.8424196701669544,-0.1022452489700058,3.966022563682012,-0.4439904327991957,1.3232216508482948
70.0,243.0,137.7975616455078,-2.1200051690081816,2.682039502429435,-4.922347302884,-3.030584532254485,-2.4988611130798017,0.842815055458344,-0.100033090067188,3.963602655295147,-0.4444899818084075,1.3232248241471731
70.0,243.0,137.80642700195312,-2.125618611474429,2.6784178966284418,-4.918893249922101,-3.029081125327927,-2.4995102028453755,0.8419417937928138,-0.1001976183390108,3.964207792701794,-0.4439862098666912,1.323142429952738
70.0,243.0,137.79531860351562,-2.119206980935165,2.682737089791202,-4.919857430918961,-3.0308233717267936,-2.4987901078515904,0.8429557813973608,-0.0990549007965121,3.964233640112052,-0.4441224572232222,1.3229789570764952
70.0,243.0,137.7944793701172,-2.119162478023433,2.6825651503848307,-4.919924049246924,-3.029384472437976,-2.4982430495717534,0.8428730614028238,-0.0990688787811511,3.963910834088728,-0.4441692886711708,1.3230902943666496
70.0,243.0,137.82359313964844,-2.1290379951710032,2.680530845217693,-4.9139595340043325,-3.0305647666276205,-2.4976995690843387,0.8426423533113254,-0.1006485714896935,3.964449896900888,-0.4441846631774251,1.3221495382758508
70.0,243.0,177.90628051757812,-0.9480992037287066,1.6698462529856726,-4.92126265432442,-3.066282443454009,-3.048841576344093,1.9184003846581128,-1.029547548154336,4.407033002134062,-0.5675828178794807,0.7291447687456702
70.0,243.0,137.7987060546875,-2.1223923018161126,2.681219517143308,-4.92151875378752,-3.028962715722171,-2.498920612952801,0.8421843033118905,-0.0995879351728055,3.965857188574928,-0.4443398385675991,1.3230672578934803
70.0,243.0,140.55001831054688,-2.122329315786468,1.802061285371577,-4.931716526883416,-3.0283693764857564,-2.486060058575672,0.8457611210177214,-0.5347108318649818,3.980144941527816,-0.4523532917964609,1.322373004556118
70.0,243.0,139.07772827148438,-2.1215243441246683,1.7835501049977416,-4.904830252517905,-3.0088668408356845,-2.491262353172285,0.8440627021944005,-0.0989063003208481,3.959972317444002,-0.4440852734227963,1.3225160390957862
70.0,243.0,138.12677001953125,-2.118555014786572,2.6601701209691826,-4.919357522917396,-3.0293256759805542,-2.498644348539207,0.8427438951019578,-0.0991148548356707,3.972487556545562,-0.4439287695384628,1.31448732671774
70.0,243.0,137.79776000976562,-2.1234558873301728,2.683826945438082,-4.921179501589808,-3.029499668527272,-2.4987809969677133,0.8433309473010737,-0.0992770236636599,3.964664285402984,-0.4444340115475427,1.3234388495746667
70.0,243.0,137.79493713378906,-2.120625892614479,2.682768553567293,-4.91972577924423,-3.028662432568717,-2.498231949271006,0.8427172221020808,-0.0991467611796814,3.963980476978727,-0.444081494721453,1.3235644566626634
70.0,243.0,137.7958526611328,-2.118086056905423,2.682828858888348,-4.919877997077471,-3.029000444032573,-2.498396050746557,0.8421418355466808,-0.0996880741520759,3.963974529202539,-0.4441206220153927,1.3228518551935018
70.0,243.0,137.81985473632812,-2.127596216469379,2.682333382264904,-4.921650331642164,-3.032614584228958,-2.4973787577871427,0.8440753688181151,-0.1006959899596506,3.965717501922789,-0.4457134557394261,1.3232025068724664
70.0,243.0,153.1660919189453,-2.121447798556532,1.8336876551817392,-4.9380753146679925,-3.094233202647145,-3.0649950223856144,0.8354321701101891,-1.021508757068139,3.955010029302585,-0.4447028575291981,0.7080551592072115
70.0,243.0,139.02899169921875,-2.116680644044904,1.7765322336896483,-4.92446911086017,-3.03451167358634,-2.4973989430045243,0.8426549891252214,-0.1020728079898156,3.951844479960629,-0.4475878626756762,1.324240196570777
70.0,243.0,144.48789978027344,-2.141046964113209,1.771880474365917,-4.911381224157521,-3.040130457582591,-2.517262630056656,0.8055665997807893,-1.0369607176572375,3.977882256769657,-0.4549739669163189,1.3219810566530266
70.0,243.0,137.80032348632812,-2.119931633971896,2.683200367960933,-4.921464991356993,-3.0289202312767864,-2.4999817284203742,0.8418053421426628,-0.0995159637103932,3.965997910608068,-0.4444260622458356,1.3231411245438172
70.0,243.0,150.5499267578125,-2.11968739608623,1.755035030369485,-4.927208819748874,-3.0244678618957064,-2.0218319945465275,0.8106048132035997,-1.0135414794231097,3.9867357123238514,-0.4552261932641993,1.349251448476138
70.0,243.0,139.08932495117188,-2.1070969131073616,1.7829835110425978,-4.891359663348329,-3.022594315990799,-2.4990185651960486,0.8429606420313613,-0.1048111344693404,3.9668039948711247,-0.446659459268727,1.3232299894827289
70.0,243.0,137.79798889160156,-2.1193767232387946,2.684750935753682,-4.919643596209723,-3.029736893160015,-2.4989292902156746,0.8431186012085639,-0.1001692490798729,3.964032978266298,-0.4440542724669129,1.3226753933342068
70.0,243.0,137.80044555664062,-2.1223149552422163,2.6821707127269603,-4.919634817350512,-3.029699948897076,-2.4981242732348905,0.8419695420775225,-0.0990371160652446,3.9662656850810674,-0.4442647033307235,1.3221966920822956
70.0,243.0,137.79592895507812,-2.1208607084101394,2.6828759074665944,-4.919259877714114,-3.028038106234152,-2.4988226898578216,0.8423254220716548,-0.0990312024840967,3.964410555505152,-0.444271943602834,1.3229901886987678
70.0,243.0,140.52117919921875,-2.1272497769988306,1.774468940747441,-4.918171862643308,-3.039466282870276,-2.4890347571925453,0.8476899259151214,-0.521753245229758,3.96549093137469,-0.4572526271482879,1.3258236409937911
70.0,243.0,145.3743896484375,-2.055715787756611,3.5459383446779773,-4.926743274509718,-3.033548482115602,-2.496961460418813,0.8144829614976842,-0.053820621728324,3.954244038928831,-0.4430671415972534,1.6597223734601851
70.0,243.0,139.49063110351562,-2.127036784137281,2.6864341888011003,-4.922580773522917,-3.0061126931140665,-1.94209301285814,0.8409841124852037,-0.5625834980067171,3.962763002701845,-0.4500653814960387,1.3055394714877115
70.0,243.0,137.81744384765625,-2.1277224404567705,2.681837911661119,-4.924157043995317,-3.031281385129762,-2.4981128105050505,0.8438584129104354,-0.1007129788384623,3.964888576576502,-0.4454803480719521,1.3232394589601535
70.0,243.0,137.79837036132812,-2.123373891877418,2.682587582496074,-4.922339972295107,-3.0282333885585,-2.498791103322163,0.843581709590431,-0.0996585884390423,3.96464608978655,-0.4441283080645394,1.323065227809353
70.0,243.0,155.14508056640625,-2.144416528898283,1.7532622941419214,-4.910340166670732,-3.045212005694971,-1.9538792327145715,0.8337103093690844,-1.0439633387742353,3.904955445319976,-0.4075869564763927,0.7623833671535221
70.0,243.0,137.9501190185547,-2.132112422976117,2.6775535283771594,-4.919837510330707,-3.0331154988236304,-2.501241846771747,0.8427629725831771,-0.0989782272848863,3.954298417332199,-0.4436603951586179,1.3234696614658998
70.0,243.0,137.804443359375,-2.124670019467279,2.679893225039872,-4.921389507959089,-3.02878719430555,-2.499496458552039,0.8416799446429538,-0.1001391488084174,3.9658734146100656,-0.4442398044905637,1.3231366446137922
70.0,243.0,157.8895721435547,-2.151116586352581,1.7765067177928218,-4.954217446239854,-3.688038395004858,-2.586077377730949,0.8144731752930827,-0.6122097261475492,3.624379146848815,-0.454328507982406,0.9702287003031408
70.0,243.0,160.38934326171875,-2.1239526524329047,1.7532778008160277,-4.793683137872873,-2.992665936417859,-3.0883299703921034,0.7444479414625762,-1.0498487622640318,3.959048847339001,-0.7967959506285662,0.7170082799296202
70.0,243.0,137.79603576660156,-2.1203695252486066,2.6815276212271484,-4.919817337149159,-3.0282113607829904,-2.498883024494018,0.8429027886604817,-0.0991366947833645,3.964500448658526,-0.4444542969651466,1.3226485722264796
70.0,243.0,155.30633544921875,-2.110355142561264,1.7355664246072802,-4.897661520156259,-3.0945963635771343,-3.0647722813398968,0.8256285834289196,-1.0204516952792135,4.389633871132414,-0.4667985076585941,0.7287559592886229
70.0,243.0,158.0673828125,-2.13478528945232,1.8441109636686763,-4.929363763692761,-3.1294766675918138,-3.0546509867568057,1.330469986782295,-1.0107985278553162,3.543151829295136,-0.4498499097984712,0.7093224768745058
70.0,243.0,151.25607299804688,-2.172037136009037,1.7295055121999343,-4.886813252907739,-3.044272093932116,-2.527211347557737,0.8736419156014977,-1.0803740810791176,4.326682419773425,-0.4568381444550614,1.020613823807618
70.0,243.0,165.35855102539062,-2.0411344005614884,1.8033887960812784,-4.990096883276585,-3.0271535952284765,-1.9850275875294443,0.7502007915430735,-1.0075749577924853,3.0752222344234887,-0.4467256416415724,1.0584411608503208
70.0,243.0,165.263427734375,-2.025108824505472,1.819420873531608,-4.880777358367313,-3.048511178555349,-3.076473591889685,0.724041054625411,-1.045823708623605,4.79798916193166,-0.408550783489008,0.6991762171530035
70.0,243.0,137.79685974121094,-2.1188577341668045,2.6817979321782657,-4.919330743711032,-3.0294039664759804,-2.4989281424400915,0.8423454962684058,-0.099163222022016,3.9655553952862816,-0.4441561925229879,1.3233133840012052
70.0,243.0,160.2692413330078,-1.055922459328694,1.7735920722761906,-4.937958133848109,-1.695201673496223,-3.064020344723154,0.8372423768827528,-1.0608401158966236,4.429729571994304,-0.4561175576200931,0.7202760905369371
70.0,244.0,157.60691833496094,-2.1221509371431435,1.8392303061078088,-4.902514539010984,-3.0864103908050646,-3.0538475418464337,0.8517324402109121,-1.0171489627324086,3.092931355225164,-0.4559853455206131,0.9824460715350812
70.0,244.0,161.15728759765625,-1.9534206856324816,1.7536378394229737,-4.890109816254475,-3.0956079319477503,-3.0662115030366284,0.8279698431872164,-1.019189610828445,4.304919778195342,-0.4515226464921155,0.7024576952550962
70.0,244.0,137.80189514160156,-2.118472292565864,2.6832948057445734,-4.919062795301337,-3.029001813102865,-2.5004121233021226,0.8441797777328118,-0.1002235070217236,3.963793790655305,-0.4437592054902869,1.3232682550521324
70.0,244.0,137.8007354736328,-2.11874858425824,2.6830495050636785,-4.921572170529264,-3.029930532135108,-2.500044037785152,0.8417896551606292,-0.0995665239623932,3.9660535743448713,-0.4443549889952953,1.3231351745149451
70.0,244.0,137.79486083984375,-2.120463693307168,2.682762110525274,-4.919981954198319,-3.0288144225882023,-2.4986580172813566,0.8432068684197771,-0.099025581348673,3.9643721719891625,-0.444152493210058,1.322893630431409
70.0,244.0,150.95826721191406,-2.1262525097823337,1.7737189882144293,-4.926724315985826,-3.0259742329384216,-2.437463469842107,1.4099652745982325,-1.0262765149084487,3.9233814230264574,-0.4512474950726279,1.609887845109697
70.0,244.0,156.08035278320312,-2.1580996450789263,1.728328627406782,-4.879695436337815,-3.0850529772078543,-3.06587044186364,0.8359929899162684,-1.015638048938622,3.5437633377229565,-0.4462973345896071,0.7233871726910266
70.0,244.0,140.3011474609375,-2.137152220579477,2.6562380628102864,-4.923127557633037,-3.017260987304274,-2.490244857012401,0.8633750383471248,-0.1273207141100578,3.97997047656476,-0.4469138262459632,1.3022614592388275
70.0,244.0,137.8142852783203,-2.1239997204675807,2.682062449712567,-4.920146743742367,-3.025958206184079,-2.496572923346182,0.8424196701669544,-0.1022452489700058,3.966022563682012,-0.4439904327991957,1.3232216508482948
70.0,244.0,137.7975616455078,-2.1200051690081816,2.682039502429435,-4.922347302884,-3.030584532254485,-2.4988611130798017,0.842815055458344,-0.100033090067188,3.963602655295147,-0.4444899818084075,1.3232248241471731
70.0,244.0,137.79779052734375,-2.1239476791359344,2.681504324224554,-4.921323489957406,-3.0290510959833226,-2.4982666780809435,0.8418587057544359,-0.0993217894369075,3.965100535044297,-0.4441787392560765,1.3234561357863734
70.0,244.0,137.79531860351562,-2.119206980935165,2.682737089791202,-4.919857430918961,-3.0308233717267936,-2.4987901078515904,0.8429557813973608,-0.0990549007965121,3.964233640112052,-0.4441224572232222,1.3229789570764952
70.0,244.0,137.7944793701172,-2.119162478023433,2.6825651503848307,-4.919924049246924,-3.029384472437976,-2.4982430495717534,0.8428730614028238,-0.0990688787811511,3.963910834088728,-0.4441692886711708,1.3230902943666496
70.0,244.0,137.8201446533203,-2.11359367474052,2.687422014213356,-4.9148832720709805,-3.02989203994432,-2.498386379055584,0.8434673157116942,-0.0992469980960055,3.965643449000501,-0.4441613099336535,1.3222759679436555
70.0,244.0,177.90628051757812,-0.9480992037287066,1.6698462529856726,-4.92126265432442,-3.066282443454009,-3.048841576344093,1.9184003846581128,-1.029547548154336,4.407033002134062,-0.5675828178794807,0.7291447687456702
70.0,244.0,137.7987060546875,-2.1223923018161126,2.681219517143308,-4.92151875378752,-3.028962715722171,-2.498920612952801,0.8421843033118905,-0.0995879351728055,3.965857188574928,-0.4443398385675991,1.3230672578934803
70.0,244.0,140.55001831054688,-2.122329315786468,1.802061285371577,-4.931716526883416,-3.0283693764857564,-2.486060058575672,0.8457611210177214,-0.5347108318649818,3.980144941527816,-0.4523532917964609,1.322373004556118
70.0,244.0,138.8553466796875,-2.1222250184014344,1.7859582697313516,-4.911992513925983,-3.027397375175113,-2.4919192799355665,0.8416130100114549,-0.0993832010494219,3.9665571402770703,-0.4440650734784624,1.323007832844661
70.0,244.0,138.12677001953125,-2.118555014786572,2.6601701209691826,-4.919357522917396,-3.0293256759805542,-2.498644348539207,0.8427438951019578,-0.0991148548356707,3.972487556545562,-0.4439287695384628,1.31448732671774
70.0,244.0,137.79776000976562,-2.1234558873301728,2.683826945438082,-4.921179501589808,-3.029499668527272,-2.4987809969677133,0.8433309473010737,-0.0992770236636599,3.964664285402984,-0.4444340115475427,1.3234388495746667
70.0,244.0,137.79493713378906,-2.120625892614479,2.682768553567293,-4.91972577924423,-3.028662432568717,-2.498231949271006,0.8427172221020808,-0.0991467611796814,3.963980476978727,-0.444081494721453,1.3235644566626634
70.0,244.0,137.7958526611328,-2.118086056905423,2.682828858888348,-4.919877997077471,-3.029000444032573,-2.498396050746557,0.8421418355466808,-0.0996880741520759,3.963974529202539,-0.4441206220153927,1.3228518551935018
70.0,244.0,137.81985473632812,-2.127596216469379,2.682333382264904,-4.921650331642164,-3.032614584228958,-2.4973787577871427,0.8440753688181151,-0.1006959899596506,3.965717501922789,-0.4457134557394261,1.3232025068724664
70.0,244.0,153.1660919189453,-2.121447798556532,1.8336876551817392,-4.9380753146679925,-3.094233202647145,-3.0649950223856144,0.8354321701101891,-1.021508757068139,3.955010029302585,-0.4447028575291981,0.7080551592072115
70.0,244.0,139.02899169921875,-2.116680644044904,1.7765322336896483,-4.92446911086017,-3.03451167358634,-2.4973989430045243,0.8426549891252214,-0.1020728079898156,3.951844479960629,-0.4475878626756762,1.324240196570777
70.0,244.0,144.48789978027344,-2.141046964113209,1.771880474365917,-4.911381224157521,-3.040130457582591,-2.517262630056656,0.8055665997807893,-1.0369607176572375,3.977882256769657,-0.4549739669163189,1.3219810566530266
70.0,244.0,137.80032348632812,-2.119931633971896,2.683200367960933,-4.921464991356993,-3.0289202312767864,-2.4999817284203742,0.8418053421426628,-0.0995159637103932,3.965997910608068,-0.4444260622458356,1.3231411245438172
70.0,244.0,150.5499267578125,-2.11968739608623,1.755035030369485,-4.927208819748874,-3.0244678618957064,-2.0218319945465275,0.8106048132035997,-1.0135414794231097,3.9867357123238514,-0.4552261932641993,1.349251448476138
70.0,244.0,139.08932495117188,-2.1070969131073616,1.7829835110425978,-4.891359663348329,-3.022594315990799,-2.4990185651960486,0.8429606420313613,-0.1048111344693404,3.9668039948711247,-0.446659459268727,1.3232299894827289
70.0,244.0,137.79798889160156,-2.1193767232387946,2.684750935753682,-4.919643596209723,-3.029736893160015,-2.4989292902156746,0.8431186012085639,-0.1001692490798729,3.964032978266298,-0.4440542724669129,1.3226753933342068
70.0,244.0,137.80044555664062,-2.1223149552422163,2.6821707127269603,-4.919634817350512,-3.029699948897076,-2.4981242732348905,0.8419695420775225,-0.0990371160652446,3.9662656850810674,-0.4442647033307235,1.3221966920822956
70.0,244.0,137.79592895507812,-2.1208607084101394,2.6828759074665944,-4.919259877714114,-3.028038106234152,-2.4988226898578216,0.8423254220716548,-0.0990312024840967,3.964410555505152,-0.444271943602834,1.3229901886987678
70.0,244.0,140.52117919921875,-2.1272497769988306,1.774468940747441,-4.918171862643308,-3.039466282870276,-2.4890347571925453,0.8476899259151214,-0.521753245229758,3.96549093137469,-0.4572526271482879,1.3258236409937911
70.0,244.0,145.3743896484375,-2.055715787756611,3.5459383446779773,-4.926743274509718,-3.033548482115602,-2.496961460418813,0.8144829614976842,-0.053820621728324,3.954244038928831,-0.4430671415972534,1.6597223734601851
70.0,244.0,139.49063110351562,-2.127036784137281,2.6864341888011003,-4.922580773522917,-3.0061126931140665,-1.94209301285814,0.8409841124852037,-0.5625834980067171,3.962763002701845,-0.4500653814960387,1.3055394714877115
70.0,244.0,137.81744384765625,-2.1277224404567705,2.681837911661119,-4.924157043995317,-3.031281385129762,-2.4981128105050505,0.8438584129104354,-0.1007129788384623,3.964888576576502,-0.4454803480719521,1.3232394589601535
70.0,244.0,137.79837036132812,-2.123373891877418,2.682587582496074,-4.922339972295107,-3.0282333885585,-2.498791103322163,0.843581709590431,-0.0996585884390423,3.96464608978655,-0.4441283080645394,1.323065227809353
70.0,244.0,155.14508056640625,-2.144416528898283,1.7532622941419214,-4.910340166670732,-3.045212005694971,-1.9538792327145715,0.8337103093690844,-1.0439633387742353,3.904955445319976,-0.4075869564763927,0.7623833671535221
70.0,244.0,137.9501190185547,-2.132112422976117,2.6775535283771594,-4.919837510330707,-3.0331154988236304,-2.501241846771747,0.8427629725831771,-0.0989782272848863,3.954298417332199,-0.4436603951586179,1.3234696614658998
70.0,244.0,137.804443359375,-2.124670019467279,2.679893225039872,-4.921389507959089,-3.02878719430555,-2.499496458552039,0.8416799446429538,-0.1001391488084174,3.9658734146100656,-0.4442398044905637,1.3231366446137922
70.0,244.0,157.8895721435547,-2.151116586352581,1.7765067177928218,-4.954217446239854,-3.688038395004858,-2.586077377730949,0.8144731752930827,-0.6122097261475492,3.624379146848815,-0.454328507982406,0.9702287003031408
70.0,244.0,160.38934326171875,-2.1239526524329047,1.7532778008160277,-4.793683137872873,-2.992665936417859,-3.0883299703921034,0.7444479414625762,-1.0498487622640318,3.959048847339001,-0.7967959506285662,0.7170082799296202
70.0,244.0,137.79603576660156,-2.1203695252486066,2.6815276212271484,-4.919817337149159,-3.0282113607829904,-2.498883024494018,0.8429027886604817,-0.0991366947833645,3.964500448658526,-0.4444542969651466,1.3226485722264796
70.0,244.0,155.30633544921875,-2.110355142561264,1.7355664246072802,-4.897661520156259,-3.0945963635771343,-3.0647722813398968,0.8256285834289196,-1.0204516952792135,4.389633871132414,-0.4667985076585941,0.7287559592886229
70.0,244.0,158.0673828125,-2.13478528945232,1.8441109636686763,-4.929363763692761,-3.1294766675918138,-3.0546509867568057,1.330469986782295,-1.0107985278553162,3.543151829295136,-0.4498499097984712,0.7093224768745058
70.0,244.0,151.25607299804688,-2.172037136009037,1.7295055121999343,-4.886813252907739,-3.044272093932116,-2.527211347557737,0.8736419156014977,-1.0803740810791176,4.326682419773425,-0.4568381444550614,1.020613823807618
70.0,244.0,165.35855102539062,-2.0411344005614884,1.8033887960812784,-4.990096883276585,-3.0271535952284765,-1.9850275875294443,0.7502007915430735,-1.0075749577924853,3.0752222344234887,-0.4467256416415724,1.0584411608503208
70.0,244.0,165.263427734375,-2.025108824505472,1.819420873531608,-4.880777358367313,-3.048511178555349,-3.076473591889685,0.724041054625411,-1.045823708623605,4.79798916193166,-0.408550783489008,0.6991762171530035
70.0,244.0,137.79685974121094,-2.1188577341668045,2.6817979321782657,-4.919330743711032,-3.0294039664759804,-2.4989281424400915,0.8423454962684058,-0.099163222022016,3.9655553952862816,-0.4441561925229879,1.3233133840012052
70.0,244.0,160.2692413330078,-1.055922459328694,1.7735920722761906,-4.937958133848109,-1.695201673496223,-3.064020344723154,0.8372423768827528,-1.0608401158966236,4.429729571994304,-0.4561175576200931,0.7202760905369371
70.0,245.0,157.60691833496094,-2.1221509371431435,1.8392303061078088,-4.902514539010984,-3.0864103908050646,-3.0538475418464337,0.8517324402109121,-1.0171489627324086,3.092931355225164,-0.4559853455206131,0.9824460715350812
70.0,245.0,161.15728759765625,-1.9534206856324816,1.7536378394229737,-4.890109816254475,-3.0956079319477503,-3.0662115030366284,0.8279698431872164,-1.019189610828445,4.304919778195342,-0.4515226464921155,0.7024576952550962
70.0,245.0,137.80189514160156,-2.118472292565864,2.6832948057445734,-4.919062795301337,-3.029001813102865,-2.5004121233021226,0.8441797777328118,-0.1002235070217236,3.963793790655305,-0.4437592054902869,1.3232682550521324
70.0,245.0,137.8007354736328,-2.11874858425824,2.6830495050636785,-4.921572170529264,-3.029930532135108,-2.500044037785152,0.8417896551606292,-0.0995665239623932,3.9660535743448713,-0.4443549889952953,1.3231351745149451
70.0,245.0,137.79486083984375,-2.120463693307168,2.682762110525274,-4.919981954198319,-3.0288144225882023,-2.4986580172813566,0.8432068684197771,-0.099025581348673,3.9643721719891625,-0.444152493210058,1.322893630431409
70.0,245.0,150.95826721191406,-2.1262525097823337,1.7737189882144293,-4.926724315985826,-3.0259742329384216,-2.437463469842107,1.4099652745982325,-1.0262765149084487,3.9233814230264574,-0.4512474950726279,1.609887845109697
70.0,245.0,156.08035278320312,-2.1580996450789263,1.728328627406782,-4.879695436337815,-3.0850529772078543,-3.06587044186364,0.8359929899162684,-1.015638048938622,3.5437633377229565,-0.4462973345896071,0.7233871726910266
70.0,245.0,140.3011474609375,-2.137152220579477,2.6562380628102864,-4.923127557633037,-3.017260987304274,-2.490244857012401,0.8633750383471248,-0.1273207141100578,3.97997047656476,-0.4469138262459632,1.3022614592388275
70.0,245.0,137.8142852783203,-2.1239997204675807,2.682062449712567,-4.920146743742367,-3.025958206184079,-2.496572923346182,0.8424196701669544,-0.1022452489700058,3.966022563682012,-0.4439904327991957,1.3232216508482948
70.0,245.0,137.7975616455078,-2.1200051690081816,2.682039502429435,-4.922347302884,-3.030584532254485,-2.4988611130798017,0.842815055458344,-0.100033090067188,3.963602655295147,-0.4444899818084075,1.3232248241471731
70.0,245.0,137.79779052734375,-2.1239476791359344,2.681504324224554,-4.921323489957406,-3.0290510959833226,-2.4982666780809435,0.8418587057544359,-0.0993217894369075,3.965100535044297,-0.4441787392560765,1.3234561357863734
70.0,245.0,137.79531860351562,-2.119206980935165,2.682737089791202,-4.919857430918961,-3.0308233717267936,-2.4987901078515904,0.8429557813973608,-0.0990549007965121,3.964233640112052,-0.4441224572232222,1.3229789570764952
70.0,245.0,137.7944793701172,-2.119162478023433,2.6825651503848307,-4.919924049246924,-3.029384472437976,-2.4982430495717534,0.8428730614028238,-0.0990688787811511,3.963910834088728,-0.4441692886711708,1.3230902943666496
70.0,245.0,137.8201446533203,-2.11359367474052,2.687422014213356,-4.9148832720709805,-3.02989203994432,-2.498386379055584,0.8434673157116942,-0.0992469980960055,3.965643449000501,-0.4441613099336535,1.3222759679436555
70.0,245.0,177.90628051757812,-0.9480992037287066,1.6698462529856726,-4.92126265432442,-3.066282443454009,-3.048841576344093,1.9184003846581128,-1.029547548154336,4.407033002134062,-0.5675828178794807,0.7291447687456702
70.0,245.0,137.7987060546875,-2.1223923018161126,2.681219517143308,-4.92151875378752,-3.028962715722171,-2.498920612952801,0.8421843033118905,-0.0995879351728055,3.965857188574928,-0.4443398385675991,1.3230672578934803
70.0,245.0,140.55001831054688,-2.122329315786468,1.802061285371577,-4.931716526883416,-3.0283693764857564,-2.486060058575672,0.8457611210177214,-0.5347108318649818,3.980144941527816,-0.4523532917964609,1.322373004556118
70.0,245.0,138.8553466796875,-2.1222250184014344,1.7859582697313516,-4.911992513925983,-3.027397375175113,-2.4919192799355665,0.8416130100114549,-0.0993832010494219,3.9665571402770703,-0.4440650734784624,1.323007832844661
70.0,245.0,138.12677001953125,-2.118555014786572,2.6601701209691826,-4.919357522917396,-3.0293256759805542,-2.498644348539207,0.8427438951019578,-0.0991148548356707,3.972487556545562,-0.4439287695384628,1.31448732671774
70.0,245.0,137.79776000976562,-2.1234558873301728,2.683826945438082,-4.921179501589808,-3.029499668527272,-2.4987809969677133,0.8433309473010737,-0.0992770236636599,3.964664285402984,-0.4444340115475427,1.3234388495746667
70.0,245.0,137.794677734375,-2.1204772033422303,2.6816225209288715,-4.920015226821173,-3.0285311154577634,-2.4982121189968773,0.8427487455011594,-0.099132154934084,3.9639207041562976,-0.4442351735785377,1.3231529506776607
70.0,245.0,137.7958526611328,-2.118086056905423,2.682828858888348,-4.919877997077471,-3.029000444032573,-2.498396050746557,0.8421418355466808,-0.0996880741520759,3.963974529202539,-0.4441206220153927,1.3228518551935018
70.0,245.0,137.81985473632812,-2.127596216469379,2.682333382264904,-4.921650331642164,-3.032614584228958,-2.4973787577871427,0.8440753688181151,-0.1006959899596506,3.965717501922789,-0.4457134557394261,1.3232025068724664
70.0,245.0,153.1660919189453,-2.121447798556532,1.8336876551817392,-4.9380753146679925,-3.094233202647145,-3.0649950223856144,0.8354321701101891,-1.021508757068139,3.955010029302585,-0.4447028575291981,0.7080551592072115
70.0,245.0,139.02899169921875,-2.116680644044904,1.7765322336896483,-4.92446911086017,-3.03451167358634,-2.4973989430045243,0.8426549891252214,-0.1020728079898156,3.951844479960629,-0.4475878626756762,1.324240196570777
70.0,245.0,144.48789978027344,-2.141046964113209,1.771880474365917,-4.911381224157521,-3.040130457582591,-2.517262630056656,0.8055665997807893,-1.0369607176572375,3.977882256769657,-0.4549739669163189,1.3219810566530266
70.0,245.0,137.80032348632812,-2.119931633971896,2.683200367960933,-4.921464991356993,-3.0289202312767864,-2.4999817284203742,0.8418053421426628,-0.0995159637103932,3.965997910608068,-0.4444260622458356,1.3231411245438172
70.0,245.0,150.5499267578125,-2.11968739608623,1.755035030369485,-4.927208819748874,-3.0244678618957064,-2.0218319945465275,0.8106048132035997,-1.0135414794231097,3.9867357123238514,-0.4552261932641993,1.349251448476138
70.0,245.0,139.08932495117188,-2.1070969131073616,1.7829835110425978,-4.891359663348329,-3.022594315990799,-2.4990185651960486,0.8429606420313613,-0.1048111344693404,3.9668039948711247,-0.446659459268727,1.3232299894827289
70.0,245.0,137.79798889160156,-2.1193767232387946,2.684750935753682,-4.919643596209723,-3.029736893160015,-2.4989292902156746,0.8431186012085639,-0.1001692490798729,3.964032978266298,-0.4440542724669129,1.3226753933342068
70.0,245.0,137.80044555664062,-2.1223149552422163,2.6821707127269603,-4.919634817350512,-3.029699948897076,-2.4981242732348905,0.8419695420775225,-0.0990371160652446,3.9662656850810674,-0.4442647033307235,1.3221966920822956
70.0,245.0,137.79592895507812,-2.1208607084101394,2.6828759074665944,-4.919259877714114,-3.028038106234152,-2.4988226898578216,0.8423254220716548,-0.0990312024840967,3.964410555505152,-0.444271943602834,1.3229901886987678
70.0,245.0,140.52117919921875,-2.1272497769988306,1.774468940747441,-4.918171862643308,-3.039466282870276,-2.4890347571925453,0.8476899259151214,-0.521753245229758,3.96549093137469,-0.4572526271482879,1.3258236409937911
70.0,245.0,145.3743896484375,-2.055715787756611,3.5459383446779773,-4.926743274509718,-3.033548482115602,-2.496961460418813,0.8144829614976842,-0.053820621728324,3.954244038928831,-0.4430671415972534,1.6597223734601851
70.0,245.0,139.49063110351562,-2.127036784137281,2.6864341888011003,-4.922580773522917,-3.0061126931140665,-1.94209301285814,0.8409841124852037,-0.5625834980067171,3.962763002701845,-0.4500653814960387,1.3055394714877115
70.0,245.0,137.81744384765625,-2.1277224404567705,2.681837911661119,-4.924157043995317,-3.031281385129762,-2.4981128105050505,0.8438584129104354,-0.1007129788384623,3.964888576576502,-0.4454803480719521,1.3232394589601535
70.0,245.0,137.79837036132812,-2.123373891877418,2.682587582496074,-4.922339972295107,-3.0282333885585,-2.498791103322163,0.843581709590431,-0.0996585884390423,3.96464608978655,-0.4441283080645394,1.323065227809353
70.0,245.0,155.14508056640625,-2.144416528898283,1.7532622941419214,-4.910340166670732,-3.045212005694971,-1.9538792327145715,0.8337103093690844,-1.0439633387742353,3.904955445319976,-0.4075869564763927,0.7623833671535221
70.0,245.0,137.9501190185547,-2.132112422976117,2.6775535283771594,-4.919837510330707,-3.0331154988236304,-2.501241846771747,0.8427629725831771,-0.0989782272848863,3.954298417332199,-0.4436603951586179,1.3234696614658998
70.0,245.0,137.804443359375,-2.124670019467279,2.679893225039872,-4.921389507959089,-3.02878719430555,-2.499496458552039,0.8416799446429538,-0.1001391488084174,3.9658734146100656,-0.4442398044905637,1.3231366446137922
70.0,245.0,157.8895721435547,-2.151116586352581,1.7765067177928218,-4.954217446239854,-3.688038395004858,-2.586077377730949,0.8144731752930827,-0.6122097261475492,3.624379146848815,-0.454328507982406,0.9702287003031408
70.0,245.0,160.38934326171875,-2.1239526524329047,1.7532778008160277,-4.793683137872873,-2.992665936417859,-3.0883299703921034,0.7444479414625762,-1.0498487622640318,3.959048847339001,-0.7967959506285662,0.7170082799296202
70.0,245.0,137.79603576660156,-2.1203695252486066,2.6815276212271484,-4.919817337149159,-3.0282113607829904,-2.498883024494018,0.8429027886604817,-0.0991366947833645,3.964500448658526,-0.4444542969651466,1.3226485722264796
70.0,245.0,155.30633544921875,-2.110355142561264,1.7355664246072802,-4.897661520156259,-3.0945963635771343,-3.0647722813398968,0.8256285834289196,-1.0204516952792135,4.389633871132414,-0.4667985076585941,0.7287559592886229
70.0,245.0,158.0673828125,-2.13478528945232,1.8441109636686763,-4.929363763692761,-3.1294766675918138,-3.0546509867568057,1.330469986782295,-1.0107985278553162,3.543151829295136,-0.4498499097984712,0.7093224768745058
70.0,245.0,151.25607299804688,-2.172037136009037,1.7295055121999343,-4.886813252907739,-3.044272093932116,-2.527211347557737,0.8736419156014977,-1.0803740810791176,4.326682419773425,-0.4568381444550614,1.020613823807618
70.0,245.0,165.35855102539062,-2.0411344005614884,1.8033887960812784,-4.990096883276585,-3.0271535952284765,-1.9850275875294443,0.7502007915430735,-1.0075749577924853,3.0752222344234887,-0.4467256416415724,1.0584411608503208
70.0,245.0,165.263427734375,-2.025108824505472,1.819420873531608,-4.880777358367313,-3.048511178555349,-3.076473591889685,0.724041054625411,-1.045823708623605,4.79798916193166,-0.408550783489008,0.6991762171530035
70.0,245.0,137.79685974121094,-2.1188577341668045,2.6817979321782657,-4.919330743711032,-3.0294039664759804,-2.4989281424400915,0.8423454962684058,-0.099163222022016,3.9655553952862816,-0.4441561925229879,1.3233133840012052
70.0,245.0,160.2692413330078,-1.055922459328694,1.7735920722761906,-4.937958133848109,-1.695201673496223,-3.064020344723154,0.8372423768827528,-1.0608401158966236,4.429729571994304,-0.4561175576200931,0.7202760905369371
70.0,246.0,157.60691833496094,-2.1221509371431435,1.8392303061078088,-4.902514539010984,-3.0864103908050646,-3.0538475418464337,0.8517324402109121,-1.0171489627324086,3.092931355225164,-0.4559853455206131,0.9824460715350812
70.0,246.0,161.15728759765625,-1.9534206856324816,1.7536378394229737,-4.890109816254475,-3.0956079319477503,-3.0662115030366284,0.8279698431872164,-1.019189610828445,4.304919778195342,-0.4515226464921155,0.7024576952550962
70.0,246.0,137.79689025878906,-2.119185092017305,2.6840050565517672,-4.920281940930522,-3.0286983856870706,-2.497509135150326,0.84306892885397,-0.1001374642481462,3.963679751026608,-0.4441916483771871,1.3227945121380444
70.0,246.0,137.8007354736328,-2.11874858425824,2.6830495050636785,-4.921572170529264,-3.029930532135108,-2.500044037785152,0.8417896551606292,-0.0995665239623932,3.9660535743448713,-0.4443549889952953,1.3231351745149451
70.0,246.0,137.79486083984375,-2.120463693307168,2.682762110525274,-4.919981954198319,-3.0288144225882023,-2.4986580172813566,0.8432068684197771,-0.099025581348673,3.9643721719891625,-0.444152493210058,1.322893630431409
70.0,246.0,150.95826721191406,-2.1262525097823337,1.7737189882144293,-4.926724315985826,-3.0259742329384216,-2.437463469842107,1.4099652745982325,-1.0262765149084487,3.9233814230264574,-0.4512474950726279,1.609887845109697
70.0,246.0,156.08035278320312,-2.1580996450789263,1.728328627406782,-4.879695436337815,-3.0850529772078543,-3.06587044186364,0.8359929899162684,-1.015638048938622,3.5437633377229565,-0.4462973345896071,0.7233871726910266
70.0,246.0,140.3011474609375,-2.137152220579477,2.6562380628102864,-4.923127557633037,-3.017260987304274,-2.490244857012401,0.8633750383471248,-0.1273207141100578,3.97997047656476,-0.4469138262459632,1.3022614592388275
70.0,246.0,137.8142852783203,-2.1239997204675807,2.682062449712567,-4.920146743742367,-3.025958206184079,-2.496572923346182,0.8424196701669544,-0.1022452489700058,3.966022563682012,-0.4439904327991957,1.3232216508482948
70.0,246.0,137.7975616455078,-2.1200051690081816,2.682039502429435,-4.922347302884,-3.030584532254485,-2.4988611130798017,0.842815055458344,-0.100033090067188,3.963602655295147,-0.4444899818084075,1.3232248241471731
70.0,246.0,137.79608154296875,-2.122533973063049,2.680329146249875,-4.919765137709203,-3.029447871391619,-2.498222787525168,0.8427144406316471,-0.0990054606588483,3.9646810938873727,-0.4441270341093495,1.3230365227778145
70.0,246.0,137.79531860351562,-2.119206980935165,2.682737089791202,-4.919857430918961,-3.0308233717267936,-2.4987901078515904,0.8429557813973608,-0.0990549007965121,3.964233640112052,-0.4441224572232222,1.3229789570764952
70.0,246.0,137.7944793701172,-2.119162478023433,2.6825651503848307,-4.919924049246924,-3.029384472437976,-2.4982430495717534,0.8428730614028238,-0.0990688787811511,3.963910834088728,-0.4441692886711708,1.3230902943666496
70.0,246.0,137.81695556640625,-2.1210505391085377,2.6840279121536503,-4.927433346987974,-3.0294395914803687,-2.498759022275253,0.843338104196347,-0.0992461096758958,3.966955257666698,-0.4441765323325971,1.322041009743515
70.0,246.0,177.90628051757812,-0.9480992037287066,1.6698462529856726,-4.92126265432442,-3.066282443454009,-3.048841576344093,1.9184003846581128,-1.029547548154336,4.407033002134062,-0.5675828178794807,0.7291447687456702
70.0,246.0,137.7987060546875,-2.1223923018161126,2.681219517143308,-4.92151875378752,-3.028962715722171,-2.498920612952801,0.8421843033118905,-0.0995879351728055,3.965857188574928,-0.4443398385675991,1.3230672578934803
70.0,246.0,140.55001831054688,-2.122329315786468,1.802061285371577,-4.931716526883416,-3.0283693764857564,-2.486060058575672,0.8457611210177214,-0.5347108318649818,3.980144941527816,-0.4523532917964609,1.322373004556118
70.0,246.0,138.8553466796875,-2.1222250184014344,1.7859582697313516,-4.911992513925983,-3.027397375175113,-2.4919192799355665,0.8416130100114549,-0.0993832010494219,3.9665571402770703,-0.4440650734784624,1.323007832844661
70.0,246.0,138.12677001953125,-2.118555014786572,2.6601701209691826,-4.919357522917396,-3.0293256759805542,-2.498644348539207,0.8427438951019578,-0.0991148548356707,3.972487556545562,-0.4439287695384628,1.31448732671774
70.0,246.0,137.79776000976562,-2.1234558873301728,2.683826945438082,-4.921179501589808,-3.029499668527272,-2.4987809969677133,0.8433309473010737,-0.0992770236636599,3.964664285402984,-0.4444340115475427,1.3234388495746667
70.0,246.0,137.794677734375,-2.1204772033422303,2.6816225209288715,-4.920015226821173,-3.0285311154577634,-2.4982121189968773,0.8427487455011594,-0.099132154934084,3.9639207041562976,-0.4442351735785377,1.3231529506776607
70.0,246.0,137.7958526611328,-2.118086056905423,2.682828858888348,-4.919877997077471,-3.029000444032573,-2.498396050746557,0.8421418355466808,-0.0996880741520759,3.963974529202539,-0.4441206220153927,1.3228518551935018
70.0,246.0,137.81985473632812,-2.127596216469379,2.682333382264904,-4.921650331642164,-3.032614584228958,-2.4973787577871427,0.8440753688181151,-0.1006959899596506,3.965717501922789,-0.4457134557394261,1.3232025068724664
70.0,246.0,153.1660919189453,-2.121447798556532,1.8336876551817392,-4.9380753146679925,-3.094233202647145,-3.0649950223856144,0.8354321701101891,-1.021508757068139,3.955010029302585,-0.4447028575291981,0.7080551592072115
70.0,246.0,138.351318359375,-2.11924226515204,2.686947542934586,-4.91953112143019,-3.032925807569768,-2.4975467645667195,0.8427797619357766,-0.1237538069052016,3.961243059531385,-0.4450559819642385,1.3242200539442353
70.0,246.0,144.48789978027344,-2.141046964113209,1.771880474365917,-4.911381224157521,-3.040130457582591,-2.517262630056656,0.8055665997807893,-1.0369607176572375,3.977882256769657,-0.4549739669163189,1.3219810566530266
70.0,246.0,137.80032348632812,-2.119931633971896,2.683200367960933,-4.921464991356993,-3.0289202312767864,-2.4999817284203742,0.8418053421426628,-0.0995159637103932,3.965997910608068,-0.4444260622458356,1.3231411245438172
70.0,246.0,150.5499267578125,-2.11968739608623,1.755035030369485,-4.927208819748874,-3.0244678618957064,-2.0218319945465275,0.8106048132035997,-1.0135414794231097,3.9867357123238514,-0.4552261932641993,1.349251448476138
70.0,246.0,139.08932495117188,-2.1070969131073616,1.7829835110425978,-4.891359663348329,-3.022594315990799,-2.4990185651960486,0.8429606420313613,-0.1048111344693404,3.9668039948711247,-0.446659459268727,1.3232299894827289
70.0,246.0,137.79798889160156,-2.1193767232387946,2.684750935753682,-4.919643596209723,-3.029736893160015,-2.4989292902156746,0.8431186012085639,-0.1001692490798729,3.964032978266298,-0.4440542724669129,1.3226753933342068
70.0,246.0,137.80044555664062,-2.1223149552422163,2.6821707127269603,-4.919634817350512,-3.029699948897076,-2.4981242732348905,0.8419695420775225,-0.0990371160652446,3.9662656850810674,-0.4442647033307235,1.3221966920822956
70.0,246.0,137.79592895507812,-2.1208607084101394,2.6828759074665944,-4.919259877714114,-3.028038106234152,-2.4988226898578216,0.8423254220716548,-0.0990312024840967,3.964410555505152,-0.444271943602834,1.3229901886987678
70.0,246.0,140.52117919921875,-2.1272497769988306,1.774468940747441,-4.918171862643308,-3.039466282870276,-2.4890347571925453,0.8476899259151214,-0.521753245229758,3.96549093137469,-0.4572526271482879,1.3258236409937911
70.0,246.0,145.3743896484375,-2.055715787756611,3.5459383446779773,-4.926743274509718,-3.033548482115602,-2.496961460418813,0.8144829614976842,-0.053820621728324,3.954244038928831,-0.4430671415972534,1.6597223734601851
70.0,246.0,139.49063110351562,-2.127036784137281,2.6864341888011003,-4.922580773522917,-3.0061126931140665,-1.94209301285814,0.8409841124852037,-0.5625834980067171,3.962763002701845,-0.4500653814960387,1.3055394714877115
70.0,246.0,137.81744384765625,-2.1277224404567705,2.681837911661119,-4.924157043995317,-3.031281385129762,-2.4981128105050505,0.8438584129104354,-0.1007129788384623,3.964888576576502,-0.4454803480719521,1.3232394589601535
70.0,246.0,137.79837036132812,-2.123373891877418,2.682587582496074,-4.922339972295107,-3.0282333885585,-2.498791103322163,0.843581709590431,-0.0996585884390423,3.96464608978655,-0.4441283080645394,1.323065227809353
70.0,246.0,155.14508056640625,-2.144416528898283,1.7532622941419214,-4.910340166670732,-3.045212005694971,-1.9538792327145715,0.8337103093690844,-1.0439633387742353,3.904955445319976,-0.4075869564763927,0.7623833671535221
70.0,246.0,137.9501190185547,-2.132112422976117,2.6775535283771594,-4.919837510330707,-3.0331154988236304,-2.501241846771747,0.8427629725831771,-0.0989782272848863,3.954298417332199,-0.4436603951586179,1.3234696614658998
70.0,246.0,137.804443359375,-2.124670019467279,2.679893225039872,-4.921389507959089,-3.02878719430555,-2.499496458552039,0.8416799446429538,-0.1001391488084174,3.9658734146100656,-0.4442398044905637,1.3231366446137922
70.0,246.0,157.8895721435547,-2.151116586352581,1.7765067177928218,-4.954217446239854,-3.688038395004858,-2.586077377730949,0.8144731752930827,-0.6122097261475492,3.624379146848815,-0.454328507982406,0.9702287003031408
70.0,246.0,160.38934326171875,-2.1239526524329047,1.7532778008160277,-4.793683137872873,-2.992665936417859,-3.0883299703921034,0.7444479414625762,-1.0498487622640318,3.959048847339001,-0.7967959506285662,0.7170082799296202
70.0,246.0,137.79603576660156,-2.1203695252486066,2.6815276212271484,-4.919817337149159,-3.0282113607829904,-2.498883024494018,0.8429027886604817,-0.0991366947833645,3.964500448658526,-0.4444542969651466,1.3226485722264796
70.0,246.0,155.30633544921875,-2.110355142561264,1.7355664246072802,-4.897661520156259,-3.0945963635771343,-3.0647722813398968,0.8256285834289196,-1.0204516952792135,4.389633871132414,-0.4667985076585941,0.7287559592886229
70.0,246.0,158.0673828125,-2.13478528945232,1.8441109636686763,-4.929363763692761,-3.1294766675918138,-3.0546509867568057,1.330469986782295,-1.0107985278553162,3.543151829295136,-0.4498499097984712,0.7093224768745058
70.0,246.0,151.25607299804688,-2.172037136009037,1.7295055121999343,-4.886813252907739,-3.044272093932116,-2.527211347557737,0.8736419156014977,-1.0803740810791176,4.326682419773425,-0.4568381444550614,1.020613823807618
70.0,246.0,165.35855102539062,-2.0411344005614884,1.8033887960812784,-4.990096883276585,-3.0271535952284765,-1.9850275875294443,0.7502007915430735,-1.0075749577924853,3.0752222344234887,-0.4467256416415724,1.0584411608503208
70.0,246.0,165.263427734375,-2.025108824505472,1.819420873531608,-4.880777358367313,-3.048511178555349,-3.076473591889685,0.724041054625411,-1.045823708623605,4.79798916193166,-0.408550783489008,0.6991762171530035
70.0,246.0,137.7963104248047,-2.118860865252324,2.682851175020234,-4.918620986343305,-3.029398981392492,-2.49773369902793,0.8429829209892669,-0.099302062487105,3.965464044411943,-0.4440043158990932,1.323081595889618
70.0,246.0,160.2692413330078,-1.055922459328694,1.7735920722761906,-4.937958133848109,-1.695201673496223,-3.064020344723154,0.8372423768827528,-1.0608401158966236,4.429729571994304,-0.4561175576200931,0.7202760905369371
70.0,247.0,157.60691833496094,-2.1221509371431435,1.8392303061078088,-4.902514539010984,-3.0864103908050646,-3.0538475418464337,0.8517324402109121,-1.0171489627324086,3.092931355225164,-0.4559853455206131,0.9824460715350812
70.0,247.0,161.15728759765625,-1.9534206856324816,1.7536378394229737,-4.890109816254475,-3.0956079319477503,-3.0662115030366284,0.8279698431872164,-1.019189610828445,4.304919778195342,-0.4515226464921155,0.7024576952550962
70.0,247.0,137.79519653320312,-2.119224388901571,2.682822288100392,-4.920864412310364,-3.029171707655157,-2.496805674102149,0.8427592944059575,-0.0994897809242982,3.96410401030228,-0.4443048864031413,1.3225953185703414
70.0,247.0,137.8007354736328,-2.11874858425824,2.6830495050636785,-4.921572170529264,-3.029930532135108,-2.500044037785152,0.8417896551606292,-0.0995665239623932,3.9660535743448713,-0.4443549889952953,1.3231351745149451
70.0,247.0,137.79486083984375,-2.120463693307168,2.682762110525274,-4.919981954198319,-3.0288144225882023,-2.4986580172813566,0.8432068684197771,-0.099025581348673,3.9643721719891625,-0.444152493210058,1.322893630431409
70.0,247.0,150.95826721191406,-2.1262525097823337,1.7737189882144293,-4.926724315985826,-3.0259742329384216,-2.437463469842107,1.4099652745982325,-1.0262765149084487,3.9233814230264574,-0.4512474950726279,1.609887845109697
70.0,247.0,156.08035278320312,-2.1580996450789263,1.728328627406782,-4.879695436337815,-3.0850529772078543,-3.06587044186364,0.8359929899162684,-1.015638048938622,3.5437633377229565,-0.4462973345896071,0.7233871726910266
70.0,247.0,140.3011474609375,-2.137152220579477,2.6562380628102864,-4.923127557633037,-3.017260987304274,-2.490244857012401,0.8633750383471248,-0.1273207141100578,3.97997047656476,-0.4469138262459632,1.3022614592388275
70.0,247.0,137.8142852783203,-2.1239997204675807,2.682062449712567,-4.920146743742367,-3.025958206184079,-2.496572923346182,0.8424196701669544,-0.1022452489700058,3.966022563682012,-0.4439904327991957,1.3232216508482948
70.0,247.0,137.79672241210938,-2.119775522680929,2.682062532267105,-4.921520149502548,-3.027806708546468,-2.498205189139709,0.8428771217767951,-0.0993246217852434,3.963579159019339,-0.4445335280043385,1.3231416127529787
70.0,247.0,137.79608154296875,-2.122533973063049,2.680329146249875,-4.919765137709203,-3.029447871391619,-2.498222787525168,0.8427144406316471,-0.0990054606588483,3.9646810938873727,-0.4441270341093495,1.3230365227778145
70.0,247.0,137.79531860351562,-2.119206980935165,2.682737089791202,-4.919857430918961,-3.0308233717267936,-2.4987901078515904,0.8429557813973608,-0.0990549007965121,3.964233640112052,-0.4441224572232222,1.3229789570764952
70.0,247.0,137.7944793701172,-2.119162478023433,2.6825651503848307,-4.919924049246924,-3.029384472437976,-2.4982430495717534,0.8428730614028238,-0.0990688787811511,3.963910834088728,-0.4441692886711708,1.3230902943666496
70.0,247.0,137.81695556640625,-2.1210505391085377,2.6840279121536503,-4.927433346987974,-3.0294395914803687,-2.498759022275253,0.843338104196347,-0.0992461096758958,3.966955257666698,-0.4441765323325971,1.322041009743515
70.0,247.0,177.90628051757812,-0.9480992037287066,1.6698462529856726,-4.92126265432442,-3.066282443454009,-3.048841576344093,1.9184003846581128,-1.029547548154336,4.407033002134062,-0.5675828178794807,0.7291447687456702
70.0,247.0,137.7987060546875,-2.1223923018161126,2.681219517143308,-4.92151875378752,-3.028962715722171,-2.498920612952801,0.8421843033118905,-0.0995879351728055,3.965857188574928,-0.4443398385675991,1.3230672578934803
70.0,247.0,140.55001831054688,-2.122329315786468,1.802061285371577,-4.931716526883416,-3.0283693764857564,-2.486060058575672,0.8457611210177214,-0.5347108318649818,3.980144941527816,-0.4523532917964609,1.322373004556118
70.0,247.0,138.8553466796875,-2.1222250184014344,1.7859582697313516,-4.911992513925983,-3.027397375175113,-2.4919192799355665,0.8416130100114549,-0.0993832010494219,3.9665571402770703,-0.4440650734784624,1.323007832844661
70.0,247.0,138.0026092529297,-2.1179921793624863,2.695561002684674,-4.919750060151972,-3.029483843265463,-2.498601029145301,0.8427265010344746,-0.0990467812332728,3.95307521925324,-0.4443729859848325,1.325475268983242
70.0,247.0,137.79776000976562,-2.1234558873301728,2.683826945438082,-4.921179501589808,-3.029499668527272,-2.4987809969677133,0.8433309473010737,-0.0992770236636599,3.964664285402984,-0.4444340115475427,1.3234388495746667
70.0,247.0,137.794677734375,-2.1204772033422303,2.6816225209288715,-4.920015226821173,-3.0285311154577634,-2.4982121189968773,0.8427487455011594,-0.099132154934084,3.9639207041562976,-0.4442351735785377,1.3231529506776607
70.0,247.0,137.7958526611328,-2.118086056905423,2.682828858888348,-4.919877997077471,-3.029000444032573,-2.498396050746557,0.8421418355466808,-0.0996880741520759,3.963974529202539,-0.4441206220153927,1.3228518551935018
70.0,247.0,137.81985473632812,-2.127596216469379,2.682333382264904,-4.921650331642164,-3.032614584228958,-2.4973787577871427,0.8440753688181151,-0.1006959899596506,3.965717501922789,-0.4457134557394261,1.3232025068724664
70.0,247.0,153.1660919189453,-2.121447798556532,1.8336876551817392,-4.9380753146679925,-3.094233202647145,-3.0649950223856144,0.8354321701101891,-1.021508757068139,3.955010029302585,-0.4447028575291981,0.7080551592072115
70.0,247.0,138.351318359375,-2.11924226515204,2.686947542934586,-4.91953112143019,-3.032925807569768,-2.4975467645667195,0.8427797619357766,-0.1237538069052016,3.961243059531385,-0.4450559819642385,1.3242200539442353
70.0,247.0,144.48789978027344,-2.141046964113209,1.771880474365917,-4.911381224157521,-3.040130457582591,-2.517262630056656,0.8055665997807893,-1.0369607176572375,3.977882256769657,-0.4549739669163189,1.3219810566530266
70.0,247.0,137.80032348632812,-2.119931633971896,2.683200367960933,-4.921464991356993,-3.0289202312767864,-2.4999817284203742,0.8418053421426628,-0.0995159637103932,3.965997910608068,-0.4444260622458356,1.3231411245438172
70.0,247.0,150.5499267578125,-2.11968739608623,1.755035030369485,-4.927208819748874,-3.0244678618957064,-2.0218319945465275,0.8106048132035997,-1.0135414794231097,3.9867357123238514,-0.4552261932641993,1.349251448476138
70.0,247.0,139.08932495117188,-2.1070969131073616,1.7829835110425978,-4.891359663348329,-3.022594315990799,-2.4990185651960486,0.8429606420313613,-0.1048111344693404,3.9668039948711247,-0.446659459268727,1.3232299894827289
70.0,247.0,137.79798889160156,-2.1193767232387946,2.684750935753682,-4.919643596209723,-3.029736893160015,-2.4989292902156746,0.8431186012085639,-0.1001692490798729,3.964032978266298,-0.4440542724669129,1.3226753933342068
70.0,247.0,137.80044555664062,-2.1223149552422163,2.6821707127269603,-4.919634817350512,-3.029699948897076,-2.4981242732348905,0.8419695420775225,-0.0990371160652446,3.9662656850810674,-0.4442647033307235,1.3221966920822956
70.0,247.0,137.79592895507812,-2.1208607084101394,2.6828759074665944,-4.919259877714114,-3.028038106234152,-2.4988226898578216,0.8423254220716548,-0.0990312024840967,3.964410555505152,-0.444271943602834,1.3229901886987678
70.0,247.0,140.52117919921875,-2.1272497769988306,1.774468940747441,-4.918171862643308,-3.039466282870276,-2.4890347571925453,0.8476899259151214,-0.521753245229758,3.96549093137469,-0.4572526271482879,1.3258236409937911
70.0,247.0,145.3743896484375,-2.055715787756611,3.5459383446779773,-4.926743274509718,-3.033548482115602,-2.496961460418813,0.8144829614976842,-0.053820621728324,3.954244038928831,-0.4430671415972534,1.6597223734601851
70.0,247.0,139.49063110351562,-2.127036784137281,2.6864341888011003,-4.922580773522917,-3.0061126931140665,-1.94209301285814,0.8409841124852037,-0.5625834980067171,3.962763002701845,-0.4500653814960387,1.3055394714877115
70.0,247.0,137.81744384765625,-2.1277224404567705,2.681837911661119,-4.924157043995317,-3.031281385129762,-2.4981128105050505,0.8438584129104354,-0.1007129788384623,3.964888576576502,-0.4454803480719521,1.3232394589601535
70.0,247.0,137.79837036132812,-2.123373891877418,2.682587582496074,-4.922339972295107,-3.0282333885585,-2.498791103322163,0.843581709590431,-0.0996585884390423,3.96464608978655,-0.4441283080645394,1.323065227809353
70.0,247.0,155.14508056640625,-2.144416528898283,1.7532622941419214,-4.910340166670732,-3.045212005694971,-1.9538792327145715,0.8337103093690844,-1.0439633387742353,3.904955445319976,-0.4075869564763927,0.7623833671535221
70.0,247.0,137.9501190185547,-2.132112422976117,2.6775535283771594,-4.919837510330707,-3.0331154988236304,-2.501241846771747,0.8427629725831771,-0.0989782272848863,3.954298417332199,-0.4436603951586179,1.3234696614658998
70.0,247.0,137.804443359375,-2.124670019467279,2.679893225039872,-4.921389507959089,-3.02878719430555,-2.499496458552039,0.8416799446429538,-0.1001391488084174,3.9658734146100656,-0.4442398044905637,1.3231366446137922
70.0,247.0,157.8895721435547,-2.151116586352581,1.7765067177928218,-4.954217446239854,-3.688038395004858,-2.586077377730949,0.8144731752930827,-0.6122097261475492,3.624379146848815,-0.454328507982406,0.9702287003031408
70.0,247.0,160.38934326171875,-2.1239526524329047,1.7532778008160277,-4.793683137872873,-2.992665936417859,-3.0883299703921034,0.7444479414625762,-1.0498487622640318,3.959048847339001,-0.7967959506285662,0.7170082799296202
70.0,247.0,137.79603576660156,-2.1203695252486066,2.6815276212271484,-4.919817337149159,-3.0282113607829904,-2.498883024494018,0.8429027886604817,-0.0991366947833645,3.964500448658526,-0.4444542969651466,1.3226485722264796
70.0,247.0,155.30633544921875,-2.110355142561264,1.7355664246072802,-4.897661520156259,-3.0945963635771343,-3.0647722813398968,0.8256285834289196,-1.0204516952792135,4.389633871132414,-0.4667985076585941,0.7287559592886229
70.0,247.0,158.0673828125,-2.13478528945232,1.8441109636686763,-4.929363763692761,-3.1294766675918138,-3.0546509867568057,1.330469986782295,-1.0107985278553162,3.543151829295136,-0.4498499097984712,0.7093224768745058
70.0,247.0,151.25607299804688,-2.172037136009037,1.7295055121999343,-4.886813252907739,-3.044272093932116,-2.527211347557737,0.8736419156014977,-1.0803740810791176,4.326682419773425,-0.4568381444550614,1.020613823807618
70.0,247.0,165.35855102539062,-2.0411344005614884,1.8033887960812784,-4.990096883276585,-3.0271535952284765,-1.9850275875294443,0.7502007915430735,-1.0075749577924853,3.0752222344234887,-0.4467256416415724,1.0584411608503208
70.0,247.0,165.263427734375,-2.025108824505472,1.819420873531608,-4.880777358367313,-3.048511178555349,-3.076473591889685,0.724041054625411,-1.045823708623605,4.79798916193166,-0.408550783489008,0.6991762171530035
70.0,247.0,137.79627990722656,-2.119568594198646,2.6832137342267472,-4.9187487150082285,-3.029466798261556,-2.498468411038831,0.8431375745505252,-0.0990810760897957,3.963514778973762,-0.4442027016863057,1.3229903755819274
70.0,247.0,160.2692413330078,-1.055922459328694,1.7735920722761906,-4.937958133848109,-1.695201673496223,-3.064020344723154,0.8372423768827528,-1.0608401158966236,4.429729571994304,-0.4561175576200931,0.7202760905369371
70.0,248.0,157.60691833496094,-2.1221509371431435,1.8392303061078088,-4.902514539010984,-3.0864103908050646,-3.0538475418464337,0.8517324402109121,-1.0171489627324086,3.092931355225164,-0.4559853455206131,0.9824460715350812
70.0,248.0,161.15728759765625,-1.9534206856324816,1.7536378394229737,-4.890109816254475,-3.0956079319477503,-3.0662115030366284,0.8279698431872164,-1.019189610828445,4.304919778195342,-0.4515226464921155,0.7024576952550962
70.0,248.0,137.79519653320312,-2.119224388901571,2.682822288100392,-4.920864412310364,-3.029171707655157,-2.496805674102149,0.8427592944059575,-0.0994897809242982,3.96410401030228,-0.4443048864031413,1.3225953185703414
70.0,248.0,137.8007354736328,-2.11874858425824,2.6830495050636785,-4.921572170529264,-3.029930532135108,-2.500044037785152,0.8417896551606292,-0.0995665239623932,3.9660535743448713,-0.4443549889952953,1.3231351745149451
70.0,248.0,137.79486083984375,-2.120463693307168,2.682762110525274,-4.919981954198319,-3.0288144225882023,-2.4986580172813566,0.8432068684197771,-0.099025581348673,3.9643721719891625,-0.444152493210058,1.322893630431409
70.0,248.0,150.95826721191406,-2.1262525097823337,1.7737189882144293,-4.926724315985826,-3.0259742329384216,-2.437463469842107,1.4099652745982325,-1.0262765149084487,3.9233814230264574,-0.4512474950726279,1.609887845109697
70.0,248.0,156.08035278320312,-2.1580996450789263,1.728328627406782,-4.879695436337815,-3.0850529772078543,-3.06587044186364,0.8359929899162684,-1.015638048938622,3.5437633377229565,-0.4462973345896071,0.7233871726910266
70.0,248.0,140.3011474609375,-2.137152220579477,2.6562380628102864,-4.923127557633037,-3.017260987304274,-2.490244857012401,0.8633750383471248,-0.1273207141100578,3.97997047656476,-0.4469138262459632,1.3022614592388275
70.0,248.0,137.8142852783203,-2.1239997204675807,2.682062449712567,-4.920146743742367,-3.025958206184079,-2.496572923346182,0.8424196701669544,-0.1022452489700058,3.966022563682012,-0.4439904327991957,1.3232216508482948
70.0,248.0,137.79672241210938,-2.119775522680929,2.682062532267105,-4.921520149502548,-3.027806708546468,-2.498205189139709,0.8428771217767951,-0.0993246217852434,3.963579159019339,-0.4445335280043385,1.3231416127529787
70.0,248.0,137.79518127441406,-2.1228034747136606,2.6827521331080773,-4.920233826983846,-3.0294540929610783,-2.498077659625756,0.8427077573305544,-0.0990925553495871,3.9639367919339374,-0.4441869157022173,1.3231264707389818
70.0,248.0,137.79531860351562,-2.119206980935165,2.682737089791202,-4.919857430918961,-3.0308233717267936,-2.4987901078515904,0.8429557813973608,-0.0990549007965121,3.964233640112052,-0.4441224572232222,1.3229789570764952
70.0,248.0,137.7944793701172,-2.119162478023433,2.6825651503848307,-4.919924049246924,-3.029384472437976,-2.4982430495717534,0.8428730614028238,-0.0990688787811511,3.963910834088728,-0.4441692886711708,1.3230902943666496
70.0,248.0,137.81695556640625,-2.1210505391085377,2.6840279121536503,-4.927433346987974,-3.0294395914803687,-2.498759022275253,0.843338104196347,-0.0992461096758958,3.966955257666698,-0.4441765323325971,1.322041009743515
70.0,248.0,177.90628051757812,-0.9480992037287066,1.6698462529856726,-4.92126265432442,-3.066282443454009,-3.048841576344093,1.9184003846581128,-1.029547548154336,4.407033002134062,-0.5675828178794807,0.7291447687456702
70.0,248.0,137.7987060546875,-2.1223923018161126,2.681219517143308,-4.92151875378752,-3.028962715722171,-2.498920612952801,0.8421843033118905,-0.0995879351728055,3.965857188574928,-0.4443398385675991,1.3230672578934803
70.0,248.0,140.55001831054688,-2.122329315786468,1.802061285371577,-4.931716526883416,-3.0283693764857564,-2.486060058575672,0.8457611210177214,-0.5347108318649818,3.980144941527816,-0.4523532917964609,1.322373004556118
70.0,248.0,138.8553466796875,-2.1222250184014344,1.7859582697313516,-4.911992513925983,-3.027397375175113,-2.4919192799355665,0.8416130100114549,-0.0993832010494219,3.9665571402770703,-0.4440650734784624,1.323007832844661
70.0,248.0,138.0026092529297,-2.1179921793624863,2.695561002684674,-4.919750060151972,-3.029483843265463,-2.498601029145301,0.8427265010344746,-0.0990467812332728,3.95307521925324,-0.4443729859848325,1.325475268983242
70.0,248.0,137.79776000976562,-2.1234558873301728,2.683826945438082,-4.921179501589808,-3.029499668527272,-2.4987809969677133,0.8433309473010737,-0.0992770236636599,3.964664285402984,-0.4444340115475427,1.3234388495746667
70.0,248.0,137.794677734375,-2.1204772033422303,2.6816225209288715,-4.920015226821173,-3.0285311154577634,-2.4982121189968773,0.8427487455011594,-0.099132154934084,3.9639207041562976,-0.4442351735785377,1.3231529506776607
70.0,248.0,137.7958526611328,-2.118086056905423,2.682828858888348,-4.919877997077471,-3.029000444032573,-2.498396050746557,0.8421418355466808,-0.0996880741520759,3.963974529202539,-0.4441206220153927,1.3228518551935018
70.0,248.0,137.81985473632812,-2.127596216469379,2.682333382264904,-4.921650331642164,-3.032614584228958,-2.4973787577871427,0.8440753688181151,-0.1006959899596506,3.965717501922789,-0.4457134557394261,1.3232025068724664
70.0,248.0,153.1660919189453,-2.121447798556532,1.8336876551817392,-4.9380753146679925,-3.094233202647145,-3.0649950223856144,0.8354321701101891,-1.021508757068139,3.955010029302585,-0.4447028575291981,0.7080551592072115
70.0,248.0,138.351318359375,-2.11924226515204,2.686947542934586,-4.91953112143019,-3.032925807569768,-2.4975467645667195,0.8427797619357766,-0.1237538069052016,3.961243059531385,-0.4450559819642385,1.3242200539442353
70.0,248.0,144.48789978027344,-2.141046964113209,1.771880474365917,-4.911381224157521,-3.040130457582591,-2.517262630056656,0.8055665997807893,-1.0369607176572375,3.977882256769657,-0.4549739669163189,1.3219810566530266
70.0,248.0,137.80032348632812,-2.119931633971896,2.683200367960933,-4.921464991356993,-3.0289202312767864,-2.4999817284203742,0.8418053421426628,-0.0995159637103932,3.965997910608068,-0.4444260622458356,1.3231411245438172
70.0,248.0,150.5499267578125,-2.11968739608623,1.755035030369485,-4.927208819748874,-3.0244678618957064,-2.0218319945465275,0.8106048132035997,-1.0135414794231097,3.9867357123238514,-0.4552261932641993,1.349251448476138
70.0,248.0,139.08932495117188,-2.1070969131073616,1.7829835110425978,-4.891359663348329,-3.022594315990799,-2.4990185651960486,0.8429606420313613,-0.1048111344693404,3.9668039948711247,-0.446659459268727,1.3232299894827289
70.0,248.0,137.79798889160156,-2.1193767232387946,2.684750935753682,-4.919643596209723,-3.029736893160015,-2.4989292902156746,0.8431186012085639,-0.1001692490798729,3.964032978266298,-0.4440542724669129,1.3226753933342068
70.0,248.0,137.80044555664062,-2.1223149552422163,2.6821707127269603,-4.919634817350512,-3.029699948897076,-2.4981242732348905,0.8419695420775225,-0.0990371160652446,3.9662656850810674,-0.4442647033307235,1.3221966920822956
70.0,248.0,137.79592895507812,-2.1208607084101394,2.6828759074665944,-4.919259877714114,-3.028038106234152,-2.4988226898578216,0.8423254220716548,-0.0990312024840967,3.964410555505152,-0.444271943602834,1.3229901886987678
70.0,248.0,140.52117919921875,-2.1272497769988306,1.774468940747441,-4.918171862643308,-3.039466282870276,-2.4890347571925453,0.8476899259151214,-0.521753245229758,3.96549093137469,-0.4572526271482879,1.3258236409937911
70.0,248.0,145.3743896484375,-2.055715787756611,3.5459383446779773,-4.926743274509718,-3.033548482115602,-2.496961460418813,0.8144829614976842,-0.053820621728324,3.954244038928831,-0.4430671415972534,1.6597223734601851
70.0,248.0,139.49063110351562,-2.127036784137281,2.6864341888011003,-4.922580773522917,-3.0061126931140665,-1.94209301285814,0.8409841124852037,-0.5625834980067171,3.962763002701845,-0.4500653814960387,1.3055394714877115
70.0,248.0,137.81744384765625,-2.1277224404567705,2.681837911661119,-4.924157043995317,-3.031281385129762,-2.4981128105050505,0.8438584129104354,-0.1007129788384623,3.964888576576502,-0.4454803480719521,1.3232394589601535
70.0,248.0,137.79837036132812,-2.123373891877418,2.682587582496074,-4.922339972295107,-3.0282333885585,-2.498791103322163,0.843581709590431,-0.0996585884390423,3.96464608978655,-0.4441283080645394,1.323065227809353
70.0,248.0,155.14508056640625,-2.144416528898283,1.7532622941419214,-4.910340166670732,-3.045212005694971,-1.9538792327145715,0.8337103093690844,-1.0439633387742353,3.904955445319976,-0.4075869564763927,0.7623833671535221
70.0,248.0,137.9501190185547,-2.132112422976117,2.6775535283771594,-4.919837510330707,-3.0331154988236304,-2.501241846771747,0.8427629725831771,-0.0989782272848863,3.954298417332199,-0.4436603951586179,1.3234696614658998
70.0,248.0,137.804443359375,-2.124670019467279,2.679893225039872,-4.921389507959089,-3.02878719430555,-2.499496458552039,0.8416799446429538,-0.1001391488084174,3.9658734146100656,-0.4442398044905637,1.3231366446137922
70.0,248.0,157.8895721435547,-2.151116586352581,1.7765067177928218,-4.954217446239854,-3.688038395004858,-2.586077377730949,0.8144731752930827,-0.6122097261475492,3.624379146848815,-0.454328507982406,0.9702287003031408
70.0,248.0,160.38934326171875,-2.1239526524329047,1.7532778008160277,-4.793683137872873,-2.992665936417859,-3.0883299703921034,0.7444479414625762,-1.0498487622640318,3.959048847339001,-0.7967959506285662,0.7170082799296202
70.0,248.0,137.79603576660156,-2.1203695252486066,2.6815276212271484,-4.919817337149159,-3.0282113607829904,-2.498883024494018,0.8429027886604817,-0.0991366947833645,3.964500448658526,-0.4444542969651466,1.3226485722264796
70.0,248.0,155.30633544921875,-2.110355142561264,1.7355664246072802,-4.897661520156259,-3.0945963635771343,-3.0647722813398968,0.8256285834289196,-1.0204516952792135,4.389633871132414,-0.4667985076585941,0.7287559592886229
70.0,248.0,158.0673828125,-2.13478528945232,1.8441109636686763,-4.929363763692761,-3.1294766675918138,-3.0546509867568057,1.330469986782295,-1.0107985278553162,3.543151829295136,-0.4498499097984712,0.7093224768745058
70.0,248.0,151.25607299804688,-2.172037136009037,1.7295055121999343,-4.886813252907739,-3.044272093932116,-2.527211347557737,0.8736419156014977,-1.0803740810791176,4.326682419773425,-0.4568381444550614,1.020613823807618
70.0,248.0,165.35855102539062,-2.0411344005614884,1.8033887960812784,-4.990096883276585,-3.0271535952284765,-1.9850275875294443,0.7502007915430735,-1.0075749577924853,3.0752222344234887,-0.4467256416415724,1.0584411608503208
70.0,248.0,165.263427734375,-2.025108824505472,1.819420873531608,-4.880777358367313,-3.048511178555349,-3.076473591889685,0.724041054625411,-1.045823708623605,4.79798916193166,-0.408550783489008,0.6991762171530035
70.0,248.0,137.79627990722656,-2.119568594198646,2.6832137342267472,-4.9187487150082285,-3.029466798261556,-2.498468411038831,0.8431375745505252,-0.0990810760897957,3.963514778973762,-0.4442027016863057,1.3229903755819274
70.0,248.0,160.2692413330078,-1.055922459328694,1.7735920722761906,-4.937958133848109,-1.695201673496223,-3.064020344723154,0.8372423768827528,-1.0608401158966236,4.429729571994304,-0.4561175576200931,0.7202760905369371
70.0,249.0,157.60691833496094,-2.1221509371431435,1.8392303061078088,-4.902514539010984,-3.0864103908050646,-3.0538475418464337,0.8517324402109121,-1.0171489627324086,3.092931355225164,-0.4559853455206131,0.9824460715350812
70.0,249.0,161.15728759765625,-1.9534206856324816,1.7536378394229737,-4.890109816254475,-3.0956079319477503,-3.0662115030366284,0.8279698431872164,-1.019189610828445,4.304919778195342,-0.4515226464921155,0.7024576952550962
70.0,249.0,137.79519653320312,-2.119224388901571,2.682822288100392,-4.920864412310364,-3.029171707655157,-2.496805674102149,0.8427592944059575,-0.0994897809242982,3.96410401030228,-0.4443048864031413,1.3225953185703414
70.0,249.0,137.8007354736328,-2.11874858425824,2.6830495050636785,-4.921572170529264,-3.029930532135108,-2.500044037785152,0.8417896551606292,-0.0995665239623932,3.9660535743448713,-0.4443549889952953,1.3231351745149451
70.0,249.0,137.79486083984375,-2.120463693307168,2.682762110525274,-4.919981954198319,-3.0288144225882023,-2.4986580172813566,0.8432068684197771,-0.099025581348673,3.9643721719891625,-0.444152493210058,1.322893630431409
70.0,249.0,150.95826721191406,-2.1262525097823337,1.7737189882144293,-4.926724315985826,-3.0259742329384216,-2.437463469842107,1.4099652745982325,-1.0262765149084487,3.9233814230264574,-0.4512474950726279,1.609887845109697
70.0,249.0,156.08035278320312,-2.1580996450789263,1.728328627406782,-4.879695436337815,-3.0850529772078543,-3.06587044186364,0.8359929899162684,-1.015638048938622,3.5437633377229565,-0.4462973345896071,0.7233871726910266
70.0,249.0,140.3011474609375,-2.137152220579477,2.6562380628102864,-4.923127557633037,-3.017260987304274,-2.490244857012401,0.8633750383471248,-0.1273207141100578,3.97997047656476,-0.4469138262459632,1.3022614592388275
70.0,249.0,137.8142852783203,-2.1239997204675807,2.682062449712567,-4.920146743742367,-3.025958206184079,-2.496572923346182,0.8424196701669544,-0.1022452489700058,3.966022563682012,-0.4439904327991957,1.3232216508482948
70.0,249.0,137.79672241210938,-2.119775522680929,2.682062532267105,-4.921520149502548,-3.027806708546468,-2.498205189139709,0.8428771217767951,-0.0993246217852434,3.963579159019339,-0.4445335280043385,1.3231416127529787
70.0,249.0,137.79518127441406,-2.1228034747136606,2.6827521331080773,-4.920233826983846,-3.0294540929610783,-2.498077659625756,0.8427077573305544,-0.0990925553495871,3.9639367919339374,-0.4441869157022173,1.3231264707389818
70.0,249.0,137.79531860351562,-2.119206980935165,2.682737089791202,-4.919857430918961,-3.0308233717267936,-2.4987901078515904,0.8429557813973608,-0.0990549007965121,3.964233640112052,-0.4441224572232222,1.3229789570764952
70.0,249.0,137.7944793701172,-2.119162478023433,2.6825651503848307,-4.919924049246924,-3.029384472437976,-2.4982430495717534,0.8428730614028238,-0.0990688787811511,3.963910834088728,-0.4441692886711708,1.3230902943666496
70.0,249.0,137.81027221679688,-2.119485416515867,2.684612774355331,-4.926874981325661,-3.0297430433043964,-2.498225530834025,0.8435873485401395,-0.0992024823711524,3.964067560444071,-0.4441767005956588,1.321697708396372
70.0,249.0,177.90628051757812,-0.9480992037287066,1.6698462529856726,-4.92126265432442,-3.066282443454009,-3.048841576344093,1.9184003846581128,-1.029547548154336,4.407033002134062,-0.5675828178794807,0.7291447687456702
70.0,249.0,137.7987060546875,-2.1223923018161126,2.681219517143308,-4.92151875378752,-3.028962715722171,-2.498920612952801,0.8421843033118905,-0.0995879351728055,3.965857188574928,-0.4443398385675991,1.3230672578934803
70.0,249.0,140.55001831054688,-2.122329315786468,1.802061285371577,-4.931716526883416,-3.0283693764857564,-2.486060058575672,0.8457611210177214,-0.5347108318649818,3.980144941527816,-0.4523532917964609,1.322373004556118
70.0,249.0,138.8553466796875,-2.1222250184014344,1.7859582697313516,-4.911992513925983,-3.027397375175113,-2.4919192799355665,0.8416130100114549,-0.0993832010494219,3.9665571402770703,-0.4440650734784624,1.323007832844661
70.0,249.0,138.0026092529297,-2.1179921793624863,2.695561002684674,-4.919750060151972,-3.029483843265463,-2.498601029145301,0.8427265010344746,-0.0990467812332728,3.95307521925324,-0.4443729859848325,1.325475268983242
70.0,249.0,137.79776000976562,-2.1234558873301728,2.683826945438082,-4.921179501589808,-3.029499668527272,-2.4987809969677133,0.8433309473010737,-0.0992770236636599,3.964664285402984,-0.4444340115475427,1.3234388495746667
70.0,249.0,137.794677734375,-2.1204772033422303,2.6816225209288715,-4.920015226821173,-3.0285311154577634,-2.4982121189968773,0.8427487455011594,-0.099132154934084,3.9639207041562976,-0.4442351735785377,1.3231529506776607
70.0,249.0,137.7958526611328,-2.118086056905423,2.682828858888348,-4.919877997077471,-3.029000444032573,-2.498396050746557,0.8421418355466808,-0.0996880741520759,3.963974529202539,-0.4441206220153927,1.3228518551935018
70.0,249.0,137.80027770996094,-2.1187727483013363,2.6826870146241206,-4.919671082371818,-3.0312069604769905,-2.49740709451844,0.8434487085883261,-0.1012107620787774,3.9637173514288366,-0.4437369600656051,1.323224649174624
70.0,249.0,153.1660919189453,-2.121447798556532,1.8336876551817392,-4.9380753146679925,-3.094233202647145,-3.0649950223856144,0.8354321701101891,-1.021508757068139,3.955010029302585,-0.4447028575291981,0.7080551592072115
70.0,249.0,138.351318359375,-2.11924226515204,2.686947542934586,-4.91953112143019,-3.032925807569768,-2.4975467645667195,0.8427797619357766,-0.1237538069052016,3.961243059531385,-0.4450559819642385,1.3242200539442353
70.0,249.0,144.48789978027344,-2.141046964113209,1.771880474365917,-4.911381224157521,-3.040130457582591,-2.517262630056656,0.8055665997807893,-1.0369607176572375,3.977882256769657,-0.4549739669163189,1.3219810566530266
70.0,249.0,137.80032348632812,-2.119931633971896,2.683200367960933,-4.921464991356993,-3.0289202312767864,-2.4999817284203742,0.8418053421426628,-0.0995159637103932,3.965997910608068,-0.4444260622458356,1.3231411245438172
70.0,249.0,150.5499267578125,-2.11968739608623,1.755035030369485,-4.927208819748874,-3.0244678618957064,-2.0218319945465275,0.8106048132035997,-1.0135414794231097,3.9867357123238514,-0.4552261932641993,1.349251448476138
70.0,249.0,139.08932495117188,-2.1070969131073616,1.7829835110425978,-4.891359663348329,-3.022594315990799,-2.4990185651960486,0.8429606420313613,-0.1048111344693404,3.9668039948711247,-0.446659459268727,1.3232299894827289
70.0,249.0,137.79678344726562,-2.1188404445101785,2.6821635085172177,-4.919944316912106,-3.028018529044718,-2.4985161614516302,0.8429843219688248,-0.1000354608452682,3.963747607928229,-0.4440112818000191,1.3227342664688253
70.0,249.0,137.80044555664062,-2.1223149552422163,2.6821707127269603,-4.919634817350512,-3.029699948897076,-2.4981242732348905,0.8419695420775225,-0.0990371160652446,3.9662656850810674,-0.4442647033307235,1.3221966920822956
70.0,249.0,137.79592895507812,-2.1208607084101394,2.6828759074665944,-4.919259877714114,-3.028038106234152,-2.4988226898578216,0.8423254220716548,-0.0990312024840967,3.964410555505152,-0.444271943602834,1.3229901886987678
70.0,249.0,140.52117919921875,-2.1272497769988306,1.774468940747441,-4.918171862643308,-3.039466282870276,-2.4890347571925453,0.8476899259151214,-0.521753245229758,3.96549093137469,-0.4572526271482879,1.3258236409937911
70.0,249.0,145.3743896484375,-2.055715787756611,3.5459383446779773,-4.926743274509718,-3.033548482115602,-2.496961460418813,0.8144829614976842,-0.053820621728324,3.954244038928831,-0.4430671415972534,1.6597223734601851
70.0,249.0,139.49063110351562,-2.127036784137281,2.6864341888011003,-4.922580773522917,-3.0061126931140665,-1.94209301285814,0.8409841124852037,-0.5625834980067171,3.962763002701845,-0.4500653814960387,1.3055394714877115
70.0,249.0,137.81744384765625,-2.1277224404567705,2.681837911661119,-4.924157043995317,-3.031281385129762,-2.4981128105050505,0.8438584129104354,-0.1007129788384623,3.964888576576502,-0.4454803480719521,1.3232394589601535
70.0,249.0,137.79837036132812,-2.123373891877418,2.682587582496074,-4.922339972295107,-3.0282333885585,-2.498791103322163,0.843581709590431,-0.0996585884390423,3.96464608978655,-0.4441283080645394,1.323065227809353
70.0,249.0,155.14508056640625,-2.144416528898283,1.7532622941419214,-4.910340166670732,-3.045212005694971,-1.9538792327145715,0.8337103093690844,-1.0439633387742353,3.904955445319976,-0.4075869564763927,0.7623833671535221
70.0,249.0,137.9501190185547,-2.132112422976117,2.6775535283771594,-4.919837510330707,-3.0331154988236304,-2.501241846771747,0.8427629725831771,-0.0989782272848863,3.954298417332199,-0.4436603951586179,1.3234696614658998
70.0,249.0,137.804443359375,-2.124670019467279,2.679893225039872,-4.921389507959089,-3.02878719430555,-2.499496458552039,0.8416799446429538,-0.1001391488084174,3.9658734146100656,-0.4442398044905637,1.3231366446137922
70.0,249.0,157.8895721435547,-2.151116586352581,1.7765067177928218,-4.954217446239854,-3.688038395004858,-2.586077377730949,0.8144731752930827,-0.6122097261475492,3.624379146848815,-0.454328507982406,0.9702287003031408
70.0,249.0,159.0294189453125,-2.117713025129498,1.7006288086641086,-4.910839946617725,-3.020695606011796,-2.40708695301651,0.8779486630535245,-0.1408862767463208,3.969066312563719,-0.5243844905052852,1.0409317934004996
70.0,249.0,137.79603576660156,-2.1203695252486066,2.6815276212271484,-4.919817337149159,-3.0282113607829904,-2.498883024494018,0.8429027886604817,-0.0991366947833645,3.964500448658526,-0.4444542969651466,1.3226485722264796
70.0,249.0,155.30633544921875,-2.110355142561264,1.7355664246072802,-4.897661520156259,-3.0945963635771343,-3.0647722813398968,0.8256285834289196,-1.0204516952792135,4.389633871132414,-0.4667985076585941,0.7287559592886229
70.0,249.0,158.0673828125,-2.13478528945232,1.8441109636686763,-4.929363763692761,-3.1294766675918138,-3.0546509867568057,1.330469986782295,-1.0107985278553162,3.543151829295136,-0.4498499097984712,0.7093224768745058
70.0,249.0,151.25607299804688,-2.172037136009037,1.7295055121999343,-4.886813252907739,-3.044272093932116,-2.527211347557737,0.8736419156014977,-1.0803740810791176,4.326682419773425,-0.4568381444550614,1.020613823807618
70.0,249.0,165.35855102539062,-2.0411344005614884,1.8033887960812784,-4.990096883276585,-3.0271535952284765,-1.9850275875294443,0.7502007915430735,-1.0075749577924853,3.0752222344234887,-0.4467256416415724,1.0584411608503208
70.0,249.0,165.263427734375,-2.025108824505472,1.819420873531608,-4.880777358367313,-3.048511178555349,-3.076473591889685,0.724041054625411,-1.045823708623605,4.79798916193166,-0.408550783489008,0.6991762171530035
70.0,249.0,137.7952117919922,-2.119620757645532,2.682928105112646,-4.920407188317806,-3.0293007949204287,-2.49834254074619,0.8436913402316712,-0.0992036311996519,3.9648135047178736,-0.4442493318675645,1.3230694551077633
70.0,249.0,160.2692413330078,-1.055922459328694,1.7735920722761906,-4.937958133848109,-1.695201673496223,-3.064020344723154,0.8372423768827528,-1.0608401158966236,4.429729571994304,-0.4561175576200931,0.7202760905369371
70.0,250.0,157.60691833496094,-2.1221509371431435,1.8392303061078088,-4.902514539010984,-3.0864103908050646,-3.0538475418464337,0.8517324402109121,-1.0171489627324086,3.092931355225164,-0.4559853455206131,0.9824460715350812
70.0,250.0,161.15728759765625,-1.9534206856324816,1.7536378394229737,-4.890109816254475,-3.0956079319477503,-3.0662115030366284,0.8279698431872164,-1.019189610828445,4.304919778195342,-0.4515226464921155,0.7024576952550962
70.0,250.0,137.79519653320312,-2.119224388901571,2.682822288100392,-4.920864412310364,-3.029171707655157,-2.496805674102149,0.8427592944059575,-0.0994897809242982,3.96410401030228,-0.4443048864031413,1.3225953185703414
70.0,250.0,137.8007354736328,-2.11874858425824,2.6830495050636785,-4.921572170529264,-3.029930532135108,-2.500044037785152,0.8417896551606292,-0.0995665239623932,3.9660535743448713,-0.4443549889952953,1.3231351745149451
70.0,250.0,137.79486083984375,-2.120463693307168,2.682762110525274,-4.919981954198319,-3.0288144225882023,-2.4986580172813566,0.8432068684197771,-0.099025581348673,3.9643721719891625,-0.444152493210058,1.322893630431409
70.0,250.0,150.95826721191406,-2.1262525097823337,1.7737189882144293,-4.926724315985826,-3.0259742329384216,-2.437463469842107,1.4099652745982325,-1.0262765149084487,3.9233814230264574,-0.4512474950726279,1.609887845109697
70.0,250.0,156.08035278320312,-2.1580996450789263,1.728328627406782,-4.879695436337815,-3.0850529772078543,-3.06587044186364,0.8359929899162684,-1.015638048938622,3.5437633377229565,-0.4462973345896071,0.7233871726910266
70.0,250.0,140.3011474609375,-2.137152220579477,2.6562380628102864,-4.923127557633037,-3.017260987304274,-2.490244857012401,0.8633750383471248,-0.1273207141100578,3.97997047656476,-0.4469138262459632,1.3022614592388275
70.0,250.0,137.8142852783203,-2.1239997204675807,2.682062449712567,-4.920146743742367,-3.025958206184079,-2.496572923346182,0.8424196701669544,-0.1022452489700058,3.966022563682012,-0.4439904327991957,1.3232216508482948
70.0,250.0,137.79559326171875,-2.119856716322821,2.682879368903634,-4.920694113920463,-3.0280786945227143,-2.498288890929242,0.8428717877285152,-0.0990244422442826,3.9637508780419353,-0.4442543547270431,1.3231322935199314
70.0,250.0,137.79518127441406,-2.1228034747136606,2.6827521331080773,-4.920233826983846,-3.0294540929610783,-2.498077659625756,0.8427077573305544,-0.0990925553495871,3.9639367919339374,-0.4441869157022173,1.3231264707389818
70.0,250.0,137.79531860351562,-2.119206980935165,2.682737089791202,-4.919857430918961,-3.0308233717267936,-2.4987901078515904,0.8429557813973608,-0.0990549007965121,3.964233640112052,-0.4441224572232222,1.3229789570764952
70.0,250.0,137.7944793701172,-2.119162478023433,2.6825651503848307,-4.919924049246924,-3.029384472437976,-2.4982430495717534,0.8428730614028238,-0.0990688787811511,3.963910834088728,-0.4441692886711708,1.3230902943666496
70.0,250.0,137.80642700195312,-2.119551690359786,2.68115117485141,-4.923002626532576,-3.029251601848622,-2.498314313801313,0.8434089383879325,-0.0990100103725193,3.967252223076913,-0.4441739379836809,1.3236833583944998
70.0,250.0,177.90628051757812,-0.9480992037287066,1.6698462529856726,-4.92126265432442,-3.066282443454009,-3.048841576344093,1.9184003846581128,-1.029547548154336,4.407033002134062,-0.5675828178794807,0.7291447687456702
70.0,250.0,137.7987060546875,-2.1223923018161126,2.681219517143308,-4.92151875378752,-3.028962715722171,-2.498920612952801,0.8421843033118905,-0.0995879351728055,3.965857188574928,-0.4443398385675991,1.3230672578934803
70.0,250.0,140.55001831054688,-2.122329315786468,1.802061285371577,-4.931716526883416,-3.0283693764857564,-2.486060058575672,0.8457611210177214,-0.5347108318649818,3.980144941527816,-0.4523532917964609,1.322373004556118
70.0,250.0,138.8553466796875,-2.1222250184014344,1.7859582697313516,-4.911992513925983,-3.027397375175113,-2.4919192799355665,0.8416130100114549,-0.0993832010494219,3.9665571402770703,-0.4440650734784624,1.323007832844661
70.0,250.0,138.0026092529297,-2.1179921793624863,2.695561002684674,-4.919750060151972,-3.029483843265463,-2.498601029145301,0.8427265010344746,-0.0990467812332728,3.95307521925324,-0.4443729859848325,1.325475268983242
70.0,250.0,137.79776000976562,-2.1234558873301728,2.683826945438082,-4.921179501589808,-3.029499668527272,-2.4987809969677133,0.8433309473010737,-0.0992770236636599,3.964664285402984,-0.4444340115475427,1.3234388495746667
70.0,250.0,137.79457092285156,-2.120790470606574,2.681693820579236,-4.919865656173575,-3.0293484296320496,-2.4982184362169004,0.8430813212671533,-0.0990721547824271,3.9639117149725855,-0.4442140678199923,1.323301848152604
70.0,250.0,137.7958526611328,-2.118086056905423,2.682828858888348,-4.919877997077471,-3.029000444032573,-2.498396050746557,0.8421418355466808,-0.0996880741520759,3.963974529202539,-0.4441206220153927,1.3228518551935018
70.0,250.0,137.80027770996094,-2.1187727483013363,2.6826870146241206,-4.919671082371818,-3.0312069604769905,-2.49740709451844,0.8434487085883261,-0.1012107620787774,3.9637173514288366,-0.4437369600656051,1.323224649174624
70.0,250.0,153.1660919189453,-2.121447798556532,1.8336876551817392,-4.9380753146679925,-3.094233202647145,-3.0649950223856144,0.8354321701101891,-1.021508757068139,3.955010029302585,-0.4447028575291981,0.7080551592072115
70.0,250.0,138.351318359375,-2.11924226515204,2.686947542934586,-4.91953112143019,-3.032925807569768,-2.4975467645667195,0.8427797619357766,-0.1237538069052016,3.961243059531385,-0.4450559819642385,1.3242200539442353
70.0,250.0,144.48789978027344,-2.141046964113209,1.771880474365917,-4.911381224157521,-3.040130457582591,-2.517262630056656,0.8055665997807893,-1.0369607176572375,3.977882256769657,-0.4549739669163189,1.3219810566530266
70.0,250.0,137.79502868652344,-2.1195459081714683,2.683170961341537,-4.920900436156873,-3.0289789918169814,-2.497166078323632,0.8418334143453621,-0.0993533398890526,3.964991679559623,-0.4441900084663588,1.3230676252868458
70.0,250.0,150.5499267578125,-2.11968739608623,1.755035030369485,-4.927208819748874,-3.0244678618957064,-2.0218319945465275,0.8106048132035997,-1.0135414794231097,3.9867357123238514,-0.4552261932641993,1.349251448476138
70.0,250.0,139.08932495117188,-2.1070969131073616,1.7829835110425978,-4.891359663348329,-3.022594315990799,-2.4990185651960486,0.8429606420313613,-0.1048111344693404,3.9668039948711247,-0.446659459268727,1.3232299894827289
70.0,250.0,137.79678344726562,-2.1188404445101785,2.6821635085172177,-4.919944316912106,-3.028018529044718,-2.4985161614516302,0.8429843219688248,-0.1000354608452682,3.963747607928229,-0.4440112818000191,1.3227342664688253
70.0,250.0,137.80044555664062,-2.1223149552422163,2.6821707127269603,-4.919634817350512,-3.029699948897076,-2.4981242732348905,0.8419695420775225,-0.0990371160652446,3.9662656850810674,-0.4442647033307235,1.3221966920822956
70.0,250.0,137.79592895507812,-2.1208607084101394,2.6828759074665944,-4.919259877714114,-3.028038106234152,-2.4988226898578216,0.8423254220716548,-0.0990312024840967,3.964410555505152,-0.444271943602834,1.3229901886987678
70.0,250.0,140.52117919921875,-2.1272497769988306,1.774468940747441,-4.918171862643308,-3.039466282870276,-2.4890347571925453,0.8476899259151214,-0.521753245229758,3.96549093137469,-0.4572526271482879,1.3258236409937911
70.0,250.0,145.3743896484375,-2.055715787756611,3.5459383446779773,-4.926743274509718,-3.033548482115602,-2.496961460418813,0.8144829614976842,-0.053820621728324,3.954244038928831,-0.4430671415972534,1.6597223734601851
70.0,250.0,139.49063110351562,-2.127036784137281,2.6864341888011003,-4.922580773522917,-3.0061126931140665,-1.94209301285814,0.8409841124852037,-0.5625834980067171,3.962763002701845,-0.4500653814960387,1.3055394714877115
70.0,250.0,137.81744384765625,-2.1277224404567705,2.681837911661119,-4.924157043995317,-3.031281385129762,-2.4981128105050505,0.8438584129104354,-0.1007129788384623,3.964888576576502,-0.4454803480719521,1.3232394589601535
70.0,250.0,137.79837036132812,-2.123373891877418,2.682587582496074,-4.922339972295107,-3.0282333885585,-2.498791103322163,0.843581709590431,-0.0996585884390423,3.96464608978655,-0.4441283080645394,1.323065227809353
70.0,250.0,155.14508056640625,-2.144416528898283,1.7532622941419214,-4.910340166670732,-3.045212005694971,-1.9538792327145715,0.8337103093690844,-1.0439633387742353,3.904955445319976,-0.4075869564763927,0.7623833671535221
70.0,250.0,137.88775634765625,-2.098781286933264,2.6804182212892,-4.919896071625408,-3.0281907286604715,-2.498020518588222,0.8430245976550328,-0.099058140788224,3.966561209908804,-0.4446128692918288,1.3232717523336313
70.0,250.0,137.804443359375,-2.124670019467279,2.679893225039872,-4.921389507959089,-3.02878719430555,-2.499496458552039,0.8416799446429538,-0.1001391488084174,3.9658734146100656,-0.4442398044905637,1.3231366446137922
70.0,250.0,157.8895721435547,-2.151116586352581,1.7765067177928218,-4.954217446239854,-3.688038395004858,-2.586077377730949,0.8144731752930827,-0.6122097261475492,3.624379146848815,-0.454328507982406,0.9702287003031408
70.0,250.0,159.0294189453125,-2.117713025129498,1.7006288086641086,-4.910839946617725,-3.020695606011796,-2.40708695301651,0.8779486630535245,-0.1408862767463208,3.969066312563719,-0.5243844905052852,1.0409317934004996
70.0,250.0,137.79603576660156,-2.1203695252486066,2.6815276212271484,-4.919817337149159,-3.0282113607829904,-2.498883024494018,0.8429027886604817,-0.0991366947833645,3.964500448658526,-0.4444542969651466,1.3226485722264796
70.0,250.0,155.30633544921875,-2.110355142561264,1.7355664246072802,-4.897661520156259,-3.0945963635771343,-3.0647722813398968,0.8256285834289196,-1.0204516952792135,4.389633871132414,-0.4667985076585941,0.7287559592886229
70.0,250.0,158.0673828125,-2.13478528945232,1.8441109636686763,-4.929363763692761,-3.1294766675918138,-3.0546509867568057,1.330469986782295,-1.0107985278553162,3.543151829295136,-0.4498499097984712,0.7093224768745058
70.0,250.0,151.25607299804688,-2.172037136009037,1.7295055121999343,-4.886813252907739,-3.044272093932116,-2.527211347557737,0.8736419156014977,-1.0803740810791176,4.326682419773425,-0.4568381444550614,1.020613823807618
70.0,250.0,165.35855102539062,-2.0411344005614884,1.8033887960812784,-4.990096883276585,-3.0271535952284765,-1.9850275875294443,0.7502007915430735,-1.0075749577924853,3.0752222344234887,-0.4467256416415724,1.0584411608503208
70.0,250.0,165.263427734375,-2.025108824505472,1.819420873531608,-4.880777358367313,-3.048511178555349,-3.076473591889685,0.724041054625411,-1.045823708623605,4.79798916193166,-0.408550783489008,0.6991762171530035
70.0,250.0,137.79388427734375,-2.1197969233219003,2.682501248865924,-4.920949556040982,-3.029357062199896,-2.498212685336491,0.8427023980871142,-0.0990543932277764,3.9646719084198985,-0.444199569359356,1.3230862715750584
70.0,250.0,160.2692413330078,-1.055922459328694,1.7735920722761906,-4.937958133848109,-1.695201673496223,-3.064020344723154,0.8372423768827528,-1.0608401158966236,4.429729571994304,-0.4561175576200931,0.7202760905369371
70.0,251.0,157.60691833496094,-2.1221509371431435,1.8392303061078088,-4.902514539010984,-3.0864103908050646,-3.0538475418464337,0.8517324402109121,-1.0171489627324086,3.092931355225164,-0.4559853455206131,0.9824460715350812
70.0,251.0,161.15728759765625,-1.9534206856324816,1.7536378394229737,-4.890109816254475,-3.0956079319477503,-3.0662115030366284,0.8279698431872164,-1.019189610828445,4.304919778195342,-0.4515226464921155,0.7024576952550962
70.0,251.0,137.79519653320312,-2.119224388901571,2.682822288100392,-4.920864412310364,-3.029171707655157,-2.496805674102149,0.8427592944059575,-0.0994897809242982,3.96410401030228,-0.4443048864031413,1.3225953185703414
70.0,251.0,137.8007354736328,-2.11874858425824,2.6830495050636785,-4.921572170529264,-3.029930532135108,-2.500044037785152,0.8417896551606292,-0.0995665239623932,3.9660535743448713,-0.4443549889952953,1.3231351745149451
70.0,251.0,137.79486083984375,-2.120463693307168,2.682762110525274,-4.919981954198319,-3.0288144225882023,-2.4986580172813566,0.8432068684197771,-0.099025581348673,3.9643721719891625,-0.444152493210058,1.322893630431409
70.0,251.0,150.95826721191406,-2.1262525097823337,1.7737189882144293,-4.926724315985826,-3.0259742329384216,-2.437463469842107,1.4099652745982325,-1.0262765149084487,3.9233814230264574,-0.4512474950726279,1.609887845109697
70.0,251.0,156.08035278320312,-2.1580996450789263,1.728328627406782,-4.879695436337815,-3.0850529772078543,-3.06587044186364,0.8359929899162684,-1.015638048938622,3.5437633377229565,-0.4462973345896071,0.7233871726910266
70.0,251.0,140.3011474609375,-2.137152220579477,2.6562380628102864,-4.923127557633037,-3.017260987304274,-2.490244857012401,0.8633750383471248,-0.1273207141100578,3.97997047656476,-0.4469138262459632,1.3022614592388275
70.0,251.0,137.8142852783203,-2.1239997204675807,2.682062449712567,-4.920146743742367,-3.025958206184079,-2.496572923346182,0.8424196701669544,-0.1022452489700058,3.966022563682012,-0.4439904327991957,1.3232216508482948
70.0,251.0,137.79559326171875,-2.119856716322821,2.682879368903634,-4.920694113920463,-3.0280786945227143,-2.498288890929242,0.8428717877285152,-0.0990244422442826,3.9637508780419353,-0.4442543547270431,1.3231322935199314
70.0,251.0,137.79518127441406,-2.1228034747136606,2.6827521331080773,-4.920233826983846,-3.0294540929610783,-2.498077659625756,0.8427077573305544,-0.0990925553495871,3.9639367919339374,-0.4441869157022173,1.3231264707389818
70.0,251.0,137.79531860351562,-2.119206980935165,2.682737089791202,-4.919857430918961,-3.0308233717267936,-2.4987901078515904,0.8429557813973608,-0.0990549007965121,3.964233640112052,-0.4441224572232222,1.3229789570764952
70.0,251.0,137.7944793701172,-2.119162478023433,2.6825651503848307,-4.919924049246924,-3.029384472437976,-2.4982430495717534,0.8428730614028238,-0.0990688787811511,3.963910834088728,-0.4441692886711708,1.3230902943666496
70.0,251.0,137.80101013183594,-2.120108192897495,2.680083665647759,-4.917326736357967,-3.029092436684008,-2.498189610566462,0.8427014261532135,-0.0989605754536391,3.965785587318276,-0.4441784068235968,1.3233124825655784
70.0,251.0,177.90628051757812,-0.9480992037287066,1.6698462529856726,-4.92126265432442,-3.066282443454009,-3.048841576344093,1.9184003846581128,-1.029547548154336,4.407033002134062,-0.5675828178794807,0.7291447687456702
70.0,251.0,137.7987060546875,-2.1223923018161126,2.681219517143308,-4.92151875378752,-3.028962715722171,-2.498920612952801,0.8421843033118905,-0.0995879351728055,3.965857188574928,-0.4443398385675991,1.3230672578934803
70.0,251.0,139.657958984375,-2.1191696681628387,1.7886992556635786,-4.946751580340669,-3.026300339192434,-2.4917939222109333,0.8437094851000643,-0.1152504021556239,3.950013222802635,-0.4511005345913878,1.3222210936382524
70.0,251.0,138.8553466796875,-2.1222250184014344,1.7859582697313516,-4.911992513925983,-3.027397375175113,-2.4919192799355665,0.8416130100114549,-0.0993832010494219,3.9665571402770703,-0.4440650734784624,1.323007832844661
70.0,251.0,138.0026092529297,-2.1179921793624863,2.695561002684674,-4.919750060151972,-3.029483843265463,-2.498601029145301,0.8427265010344746,-0.0990467812332728,3.95307521925324,-0.4443729859848325,1.325475268983242
70.0,251.0,137.79776000976562,-2.1234558873301728,2.683826945438082,-4.921179501589808,-3.029499668527272,-2.4987809969677133,0.8433309473010737,-0.0992770236636599,3.964664285402984,-0.4444340115475427,1.3234388495746667
70.0,251.0,137.79457092285156,-2.120790470606574,2.681693820579236,-4.919865656173575,-3.0293484296320496,-2.4982184362169004,0.8430813212671533,-0.0990721547824271,3.9639117149725855,-0.4442140678199923,1.323301848152604
70.0,251.0,137.79559326171875,-2.1202740217468894,2.682866498673992,-4.921765539796052,-3.028902199223176,-2.498448342366007,0.8416502376898901,-0.0995308374491254,3.964729796734989,-0.444164404564986,1.322748464163551
70.0,251.0,137.79879760742188,-2.119258381213632,2.6826504904660062,-4.922187462135893,-3.0311917017662777,-2.4978101704615607,0.8426505489451253,-0.1008180770621914,3.963798149572576,-0.4438986981030424,1.323014206789088
70.0,251.0,153.1660919189453,-2.121447798556532,1.8336876551817392,-4.9380753146679925,-3.094233202647145,-3.0649950223856144,0.8354321701101891,-1.021508757068139,3.955010029302585,-0.4447028575291981,0.7080551592072115
70.0,251.0,138.351318359375,-2.11924226515204,2.686947542934586,-4.91953112143019,-3.032925807569768,-2.4975467645667195,0.8427797619357766,-0.1237538069052016,3.961243059531385,-0.4450559819642385,1.3242200539442353
70.0,251.0,144.48789978027344,-2.141046964113209,1.771880474365917,-4.911381224157521,-3.040130457582591,-2.517262630056656,0.8055665997807893,-1.0369607176572375,3.977882256769657,-0.4549739669163189,1.3219810566530266
70.0,251.0,137.79502868652344,-2.1195459081714683,2.683170961341537,-4.920900436156873,-3.0289789918169814,-2.497166078323632,0.8418334143453621,-0.0993533398890526,3.964991679559623,-0.4441900084663588,1.3230676252868458
70.0,251.0,150.5499267578125,-2.11968739608623,1.755035030369485,-4.927208819748874,-3.0244678618957064,-2.0218319945465275,0.8106048132035997,-1.0135414794231097,3.9867357123238514,-0.4552261932641993,1.349251448476138
70.0,251.0,139.08932495117188,-2.1070969131073616,1.7829835110425978,-4.891359663348329,-3.022594315990799,-2.4990185651960486,0.8429606420313613,-0.1048111344693404,3.9668039948711247,-0.446659459268727,1.3232299894827289
70.0,251.0,137.79678344726562,-2.1188404445101785,2.6821635085172177,-4.919944316912106,-3.028018529044718,-2.4985161614516302,0.8429843219688248,-0.1000354608452682,3.963747607928229,-0.4440112818000191,1.3227342664688253
70.0,251.0,137.79798889160156,-2.120134214355396,2.683388457017545,-4.921521252026703,-3.031132794309282,-2.4981569968429063,0.8432424760825791,-0.0990414492531282,3.9657531548639833,-0.4442348947341011,1.3231987175715658
70.0,251.0,137.79592895507812,-2.1208607084101394,2.6828759074665944,-4.919259877714114,-3.028038106234152,-2.4988226898578216,0.8423254220716548,-0.0990312024840967,3.964410555505152,-0.444271943602834,1.3229901886987678
70.0,251.0,140.52117919921875,-2.1272497769988306,1.774468940747441,-4.918171862643308,-3.039466282870276,-2.4890347571925453,0.8476899259151214,-0.521753245229758,3.96549093137469,-0.4572526271482879,1.3258236409937911
70.0,251.0,145.3743896484375,-2.055715787756611,3.5459383446779773,-4.926743274509718,-3.033548482115602,-2.496961460418813,0.8144829614976842,-0.053820621728324,3.954244038928831,-0.4430671415972534,1.6597223734601851
70.0,251.0,139.49063110351562,-2.127036784137281,2.6864341888011003,-4.922580773522917,-3.0061126931140665,-1.94209301285814,0.8409841124852037,-0.5625834980067171,3.962763002701845,-0.4500653814960387,1.3055394714877115
70.0,251.0,137.81744384765625,-2.1277224404567705,2.681837911661119,-4.924157043995317,-3.031281385129762,-2.4981128105050505,0.8438584129104354,-0.1007129788384623,3.964888576576502,-0.4454803480719521,1.3232394589601535
70.0,251.0,137.79837036132812,-2.123373891877418,2.682587582496074,-4.922339972295107,-3.0282333885585,-2.498791103322163,0.843581709590431,-0.0996585884390423,3.96464608978655,-0.4441283080645394,1.323065227809353
70.0,251.0,155.14508056640625,-2.144416528898283,1.7532622941419214,-4.910340166670732,-3.045212005694971,-1.9538792327145715,0.8337103093690844,-1.0439633387742353,3.904955445319976,-0.4075869564763927,0.7623833671535221
70.0,251.0,137.88775634765625,-2.098781286933264,2.6804182212892,-4.919896071625408,-3.0281907286604715,-2.498020518588222,0.8430245976550328,-0.099058140788224,3.966561209908804,-0.4446128692918288,1.3232717523336313
70.0,251.0,137.804443359375,-2.124670019467279,2.679893225039872,-4.921389507959089,-3.02878719430555,-2.499496458552039,0.8416799446429538,-0.1001391488084174,3.9658734146100656,-0.4442398044905637,1.3231366446137922
70.0,251.0,157.8895721435547,-2.151116586352581,1.7765067177928218,-4.954217446239854,-3.688038395004858,-2.586077377730949,0.8144731752930827,-0.6122097261475492,3.624379146848815,-0.454328507982406,0.9702287003031408
70.0,251.0,159.0294189453125,-2.117713025129498,1.7006288086641086,-4.910839946617725,-3.020695606011796,-2.40708695301651,0.8779486630535245,-0.1408862767463208,3.969066312563719,-0.5243844905052852,1.0409317934004996
70.0,251.0,137.79603576660156,-2.1203695252486066,2.6815276212271484,-4.919817337149159,-3.0282113607829904,-2.498883024494018,0.8429027886604817,-0.0991366947833645,3.964500448658526,-0.4444542969651466,1.3226485722264796
70.0,251.0,155.30633544921875,-2.110355142561264,1.7355664246072802,-4.897661520156259,-3.0945963635771343,-3.0647722813398968,0.8256285834289196,-1.0204516952792135,4.389633871132414,-0.4667985076585941,0.7287559592886229
70.0,251.0,158.0673828125,-2.13478528945232,1.8441109636686763,-4.929363763692761,-3.1294766675918138,-3.0546509867568057,1.330469986782295,-1.0107985278553162,3.543151829295136,-0.4498499097984712,0.7093224768745058
70.0,251.0,151.25607299804688,-2.172037136009037,1.7295055121999343,-4.886813252907739,-3.044272093932116,-2.527211347557737,0.8736419156014977,-1.0803740810791176,4.326682419773425,-0.4568381444550614,1.020613823807618
70.0,251.0,165.35855102539062,-2.0411344005614884,1.8033887960812784,-4.990096883276585,-3.0271535952284765,-1.9850275875294443,0.7502007915430735,-1.0075749577924853,3.0752222344234887,-0.4467256416415724,1.0584411608503208
70.0,251.0,165.263427734375,-2.025108824505472,1.819420873531608,-4.880777358367313,-3.048511178555349,-3.076473591889685,0.724041054625411,-1.045823708623605,4.79798916193166,-0.408550783489008,0.6991762171530035
70.0,251.0,137.79388427734375,-2.1197969233219003,2.682501248865924,-4.920949556040982,-3.029357062199896,-2.498212685336491,0.8427023980871142,-0.0990543932277764,3.9646719084198985,-0.444199569359356,1.3230862715750584
70.0,251.0,160.2692413330078,-1.055922459328694,1.7735920722761906,-4.937958133848109,-1.695201673496223,-3.064020344723154,0.8372423768827528,-1.0608401158966236,4.429729571994304,-0.4561175576200931,0.7202760905369371
70.0,252.0,157.60691833496094,-2.1221509371431435,1.8392303061078088,-4.902514539010984,-3.0864103908050646,-3.0538475418464337,0.8517324402109121,-1.0171489627324086,3.092931355225164,-0.4559853455206131,0.9824460715350812
70.0,252.0,161.15728759765625,-1.9534206856324816,1.7536378394229737,-4.890109816254475,-3.0956079319477503,-3.0662115030366284,0.8279698431872164,-1.019189610828445,4.304919778195342,-0.4515226464921155,0.7024576952550962
70.0,252.0,137.79519653320312,-2.119224388901571,2.682822288100392,-4.920864412310364,-3.029171707655157,-2.496805674102149,0.8427592944059575,-0.0994897809242982,3.96410401030228,-0.4443048864031413,1.3225953185703414
70.0,252.0,137.8007354736328,-2.11874858425824,2.6830495050636785,-4.921572170529264,-3.029930532135108,-2.500044037785152,0.8417896551606292,-0.0995665239623932,3.9660535743448713,-0.4443549889952953,1.3231351745149451
70.0,252.0,137.79486083984375,-2.120463693307168,2.682762110525274,-4.919981954198319,-3.0288144225882023,-2.4986580172813566,0.8432068684197771,-0.099025581348673,3.9643721719891625,-0.444152493210058,1.322893630431409
70.0,252.0,150.95826721191406,-2.1262525097823337,1.7737189882144293,-4.926724315985826,-3.0259742329384216,-2.437463469842107,1.4099652745982325,-1.0262765149084487,3.9233814230264574,-0.4512474950726279,1.609887845109697
70.0,252.0,156.08035278320312,-2.1580996450789263,1.728328627406782,-4.879695436337815,-3.0850529772078543,-3.06587044186364,0.8359929899162684,-1.015638048938622,3.5437633377229565,-0.4462973345896071,0.7233871726910266
70.0,252.0,140.3011474609375,-2.137152220579477,2.6562380628102864,-4.923127557633037,-3.017260987304274,-2.490244857012401,0.8633750383471248,-0.1273207141100578,3.97997047656476,-0.4469138262459632,1.3022614592388275
70.0,252.0,137.8142852783203,-2.1239997204675807,2.682062449712567,-4.920146743742367,-3.025958206184079,-2.496572923346182,0.8424196701669544,-0.1022452489700058,3.966022563682012,-0.4439904327991957,1.3232216508482948
70.0,252.0,137.79444885253906,-2.1198047270198583,2.68254777259866,-4.920764685053092,-3.03054585217809,-2.498168462240768,0.8427099548707722,-0.0990996510025727,3.963958478911956,-0.4441854976463981,1.3231329626774884
70.0,252.0,137.79518127441406,-2.1228034747136606,2.6827521331080773,-4.920233826983846,-3.0294540929610783,-2.498077659625756,0.8427077573305544,-0.0990925553495871,3.9639367919339374,-0.4441869157022173,1.3231264707389818
70.0,252.0,137.79531860351562,-2.119206980935165,2.682737089791202,-4.919857430918961,-3.0308233717267936,-2.4987901078515904,0.8429557813973608,-0.0990549007965121,3.964233640112052,-0.4441224572232222,1.3229789570764952
70.0,252.0,137.7944793701172,-2.119162478023433,2.6825651503848307,-4.919924049246924,-3.029384472437976,-2.4982430495717534,0.8428730614028238,-0.0990688787811511,3.963910834088728,-0.4441692886711708,1.3230902943666496
70.0,252.0,137.7981414794922,-2.11969086147459,2.680313420512664,-4.917908733503329,-3.029232220390768,-2.4981664894113536,0.8424221506407461,-0.0989605912874756,3.964045973292229,-0.4441979283139642,1.3226806060489789
70.0,252.0,177.90628051757812,-0.9480992037287066,1.6698462529856726,-4.92126265432442,-3.066282443454009,-3.048841576344093,1.9184003846581128,-1.029547548154336,4.407033002134062,-0.5675828178794807,0.7291447687456702
70.0,252.0,137.7987060546875,-2.1223923018161126,2.681219517143308,-4.92151875378752,-3.028962715722171,-2.498920612952801,0.8421843033118905,-0.0995879351728055,3.965857188574928,-0.4443398385675991,1.3230672578934803
70.0,252.0,139.657958984375,-2.1191696681628387,1.7886992556635786,-4.946751580340669,-3.026300339192434,-2.4917939222109333,0.8437094851000643,-0.1152504021556239,3.950013222802635,-0.4511005345913878,1.3222210936382524
70.0,252.0,138.8553466796875,-2.1222250184014344,1.7859582697313516,-4.911992513925983,-3.027397375175113,-2.4919192799355665,0.8416130100114549,-0.0993832010494219,3.9665571402770703,-0.4440650734784624,1.323007832844661
70.0,252.0,137.8329620361328,-2.1183858429918705,2.682896746813201,-4.919828767090044,-3.0293361734283373,-2.498066854268292,0.8427138869737364,-0.0990279191362013,3.968627270145927,-0.4443044006244686,1.3259230177337216
70.0,252.0,137.79776000976562,-2.1234558873301728,2.683826945438082,-4.921179501589808,-3.029499668527272,-2.4987809969677133,0.8433309473010737,-0.0992770236636599,3.964664285402984,-0.4444340115475427,1.3234388495746667
70.0,252.0,137.79457092285156,-2.120790470606574,2.681693820579236,-4.919865656173575,-3.0293484296320496,-2.4982184362169004,0.8430813212671533,-0.0990721547824271,3.9639117149725855,-0.4442140678199923,1.323301848152604
70.0,252.0,137.79537963867188,-2.119797431011384,2.682975837363691,-4.92115091018553,-3.0289909180503,-2.498242373124851,0.8434973797473541,-0.0994089041082413,3.964961354908522,-0.4442484075168196,1.3233367301103045
70.0,252.0,137.79879760742188,-2.119258381213632,2.6826504904660062,-4.922187462135893,-3.0311917017662777,-2.4978101704615607,0.8426505489451253,-0.1008180770621914,3.963798149572576,-0.4438986981030424,1.323014206789088
70.0,252.0,153.1660919189453,-2.121447798556532,1.8336876551817392,-4.9380753146679925,-3.094233202647145,-3.0649950223856144,0.8354321701101891,-1.021508757068139,3.955010029302585,-0.4447028575291981,0.7080551592072115
70.0,252.0,138.351318359375,-2.11924226515204,2.686947542934586,-4.91953112143019,-3.032925807569768,-2.4975467645667195,0.8427797619357766,-0.1237538069052016,3.961243059531385,-0.4450559819642385,1.3242200539442353
70.0,252.0,144.48789978027344,-2.141046964113209,1.771880474365917,-4.911381224157521,-3.040130457582591,-2.517262630056656,0.8055665997807893,-1.0369607176572375,3.977882256769657,-0.4549739669163189,1.3219810566530266
70.0,252.0,137.79502868652344,-2.1195459081714683,2.683170961341537,-4.920900436156873,-3.0289789918169814,-2.497166078323632,0.8418334143453621,-0.0993533398890526,3.964991679559623,-0.4441900084663588,1.3230676252868458
70.0,252.0,150.5499267578125,-2.11968739608623,1.755035030369485,-4.927208819748874,-3.0244678618957064,-2.0218319945465275,0.8106048132035997,-1.0135414794231097,3.9867357123238514,-0.4552261932641993,1.349251448476138
70.0,252.0,139.08932495117188,-2.1070969131073616,1.7829835110425978,-4.891359663348329,-3.022594315990799,-2.4990185651960486,0.8429606420313613,-0.1048111344693404,3.9668039948711247,-0.446659459268727,1.3232299894827289
70.0,252.0,137.79678344726562,-2.1188404445101785,2.6821635085172177,-4.919944316912106,-3.028018529044718,-2.4985161614516302,0.8429843219688248,-0.1000354608452682,3.963747607928229,-0.4440112818000191,1.3227342664688253
70.0,252.0,137.79798889160156,-2.120134214355396,2.683388457017545,-4.921521252026703,-3.031132794309282,-2.4981569968429063,0.8432424760825791,-0.0990414492531282,3.9657531548639833,-0.4442348947341011,1.3231987175715658
70.0,252.0,137.79592895507812,-2.1208607084101394,2.6828759074665944,-4.919259877714114,-3.028038106234152,-2.4988226898578216,0.8423254220716548,-0.0990312024840967,3.964410555505152,-0.444271943602834,1.3229901886987678
70.0,252.0,140.52117919921875,-2.1272497769988306,1.774468940747441,-4.918171862643308,-3.039466282870276,-2.4890347571925453,0.8476899259151214,-0.521753245229758,3.96549093137469,-0.4572526271482879,1.3258236409937911
70.0,252.0,145.3743896484375,-2.055715787756611,3.5459383446779773,-4.926743274509718,-3.033548482115602,-2.496961460418813,0.8144829614976842,-0.053820621728324,3.954244038928831,-0.4430671415972534,1.6597223734601851
70.0,252.0,139.49063110351562,-2.127036784137281,2.6864341888011003,-4.922580773522917,-3.0061126931140665,-1.94209301285814,0.8409841124852037,-0.5625834980067171,3.962763002701845,-0.4500653814960387,1.3055394714877115
70.0,252.0,137.81744384765625,-2.1277224404567705,2.681837911661119,-4.924157043995317,-3.031281385129762,-2.4981128105050505,0.8438584129104354,-0.1007129788384623,3.964888576576502,-0.4454803480719521,1.3232394589601535
70.0,252.0,137.79837036132812,-2.123373891877418,2.682587582496074,-4.922339972295107,-3.0282333885585,-2.498791103322163,0.843581709590431,-0.0996585884390423,3.96464608978655,-0.4441283080645394,1.323065227809353
70.0,252.0,155.14508056640625,-2.144416528898283,1.7532622941419214,-4.910340166670732,-3.045212005694971,-1.9538792327145715,0.8337103093690844,-1.0439633387742353,3.904955445319976,-0.4075869564763927,0.7623833671535221
70.0,252.0,137.80690002441406,-2.127200197539026,2.683063207956285,-4.920829183750004,-3.028206722063952,-2.4994357813006824,0.8427792009068454,-0.0990760164869704,3.965608810922399,-0.444479575249882,1.3231627879790075
70.0,252.0,137.804443359375,-2.124670019467279,2.679893225039872,-4.921389507959089,-3.02878719430555,-2.499496458552039,0.8416799446429538,-0.1001391488084174,3.9658734146100656,-0.4442398044905637,1.3231366446137922
70.0,252.0,157.8895721435547,-2.151116586352581,1.7765067177928218,-4.954217446239854,-3.688038395004858,-2.586077377730949,0.8144731752930827,-0.6122097261475492,3.624379146848815,-0.454328507982406,0.9702287003031408
70.0,252.0,159.0294189453125,-2.117713025129498,1.7006288086641086,-4.910839946617725,-3.020695606011796,-2.40708695301651,0.8779486630535245,-0.1408862767463208,3.969066312563719,-0.5243844905052852,1.0409317934004996
70.0,252.0,137.79603576660156,-2.1203695252486066,2.6815276212271484,-4.919817337149159,-3.0282113607829904,-2.498883024494018,0.8429027886604817,-0.0991366947833645,3.964500448658526,-0.4444542969651466,1.3226485722264796
70.0,252.0,155.30633544921875,-2.110355142561264,1.7355664246072802,-4.897661520156259,-3.0945963635771343,-3.0647722813398968,0.8256285834289196,-1.0204516952792135,4.389633871132414,-0.4667985076585941,0.7287559592886229
70.0,252.0,158.0673828125,-2.13478528945232,1.8441109636686763,-4.929363763692761,-3.1294766675918138,-3.0546509867568057,1.330469986782295,-1.0107985278553162,3.543151829295136,-0.4498499097984712,0.7093224768745058
70.0,252.0,151.25607299804688,-2.172037136009037,1.7295055121999343,-4.886813252907739,-3.044272093932116,-2.527211347557737,0.8736419156014977,-1.0803740810791176,4.326682419773425,-0.4568381444550614,1.020613823807618
70.0,252.0,165.35855102539062,-2.0411344005614884,1.8033887960812784,-4.990096883276585,-3.0271535952284765,-1.9850275875294443,0.7502007915430735,-1.0075749577924853,3.0752222344234887,-0.4467256416415724,1.0584411608503208
70.0,252.0,165.263427734375,-2.025108824505472,1.819420873531608,-4.880777358367313,-3.048511178555349,-3.076473591889685,0.724041054625411,-1.045823708623605,4.79798916193166,-0.408550783489008,0.6991762171530035
70.0,252.0,137.79388427734375,-2.1197969233219003,2.682501248865924,-4.920949556040982,-3.029357062199896,-2.498212685336491,0.8427023980871142,-0.0990543932277764,3.9646719084198985,-0.444199569359356,1.3230862715750584
70.0,252.0,160.2692413330078,-1.055922459328694,1.7735920722761906,-4.937958133848109,-1.695201673496223,-3.064020344723154,0.8372423768827528,-1.0608401158966236,4.429729571994304,-0.4561175576200931,0.7202760905369371
70.0,253.0,157.60691833496094,-2.1221509371431435,1.8392303061078088,-4.902514539010984,-3.0864103908050646,-3.0538475418464337,0.8517324402109121,-1.0171489627324086,3.092931355225164,-0.4559853455206131,0.9824460715350812
70.0,253.0,161.15728759765625,-1.9534206856324816,1.7536378394229737,-4.890109816254475,-3.0956079319477503,-3.0662115030366284,0.8279698431872164,-1.019189610828445,4.304919778195342,-0.4515226464921155,0.7024576952550962
70.0,253.0,137.79519653320312,-2.119224388901571,2.682822288100392,-4.920864412310364,-3.029171707655157,-2.496805674102149,0.8427592944059575,-0.0994897809242982,3.96410401030228,-0.4443048864031413,1.3225953185703414
70.0,253.0,137.8007354736328,-2.11874858425824,2.6830495050636785,-4.921572170529264,-3.029930532135108,-2.500044037785152,0.8417896551606292,-0.0995665239623932,3.9660535743448713,-0.4443549889952953,1.3231351745149451
70.0,253.0,137.79486083984375,-2.120463693307168,2.682762110525274,-4.919981954198319,-3.0288144225882023,-2.4986580172813566,0.8432068684197771,-0.099025581348673,3.9643721719891625,-0.444152493210058,1.322893630431409
70.0,253.0,150.95826721191406,-2.1262525097823337,1.7737189882144293,-4.926724315985826,-3.0259742329384216,-2.437463469842107,1.4099652745982325,-1.0262765149084487,3.9233814230264574,-0.4512474950726279,1.609887845109697
70.0,253.0,156.08035278320312,-2.1580996450789263,1.728328627406782,-4.879695436337815,-3.0850529772078543,-3.06587044186364,0.8359929899162684,-1.015638048938622,3.5437633377229565,-0.4462973345896071,0.7233871726910266
70.0,253.0,140.3011474609375,-2.137152220579477,2.6562380628102864,-4.923127557633037,-3.017260987304274,-2.490244857012401,0.8633750383471248,-0.1273207141100578,3.97997047656476,-0.4469138262459632,1.3022614592388275
70.0,253.0,137.8142852783203,-2.1239997204675807,2.682062449712567,-4.920146743742367,-3.025958206184079,-2.496572923346182,0.8424196701669544,-0.1022452489700058,3.966022563682012,-0.4439904327991957,1.3232216508482948
70.0,253.0,137.79444885253906,-2.1198047270198583,2.68254777259866,-4.920764685053092,-3.03054585217809,-2.498168462240768,0.8427099548707722,-0.0990996510025727,3.963958478911956,-0.4441854976463981,1.3231329626774884
70.0,253.0,137.79518127441406,-2.1228034747136606,2.6827521331080773,-4.920233826983846,-3.0294540929610783,-2.498077659625756,0.8427077573305544,-0.0990925553495871,3.9639367919339374,-0.4441869157022173,1.3231264707389818
70.0,253.0,137.79531860351562,-2.119206980935165,2.682737089791202,-4.919857430918961,-3.0308233717267936,-2.4987901078515904,0.8429557813973608,-0.0990549007965121,3.964233640112052,-0.4441224572232222,1.3229789570764952
70.0,253.0,137.7944793701172,-2.119162478023433,2.6825651503848307,-4.919924049246924,-3.029384472437976,-2.4982430495717534,0.8428730614028238,-0.0990688787811511,3.963910834088728,-0.4441692886711708,1.3230902943666496
70.0,253.0,137.79656982421875,-2.1196461239613096,2.680418547985119,-4.923087486710905,-3.0295278476366385,-2.4982036721879424,0.8423430052458215,-0.0991826877208081,3.964568190190533,-0.4442095027858251,1.3233923112776
70.0,253.0,177.90628051757812,-0.9480992037287066,1.6698462529856726,-4.92126265432442,-3.066282443454009,-3.048841576344093,1.9184003846581128,-1.029547548154336,4.407033002134062,-0.5675828178794807,0.7291447687456702
70.0,253.0,137.7987060546875,-2.1223923018161126,2.681219517143308,-4.92151875378752,-3.028962715722171,-2.498920612952801,0.8421843033118905,-0.0995879351728055,3.965857188574928,-0.4443398385675991,1.3230672578934803
70.0,253.0,139.657958984375,-2.1191696681628387,1.7886992556635786,-4.946751580340669,-3.026300339192434,-2.4917939222109333,0.8437094851000643,-0.1152504021556239,3.950013222802635,-0.4511005345913878,1.3222210936382524
70.0,253.0,138.8553466796875,-2.1222250184014344,1.7859582697313516,-4.911992513925983,-3.027397375175113,-2.4919192799355665,0.8416130100114549,-0.0993832010494219,3.9665571402770703,-0.4440650734784624,1.323007832844661
70.0,253.0,137.80673217773438,-2.1199919426619767,2.6784525666850074,-4.920544364117542,-3.0293540843099813,-2.498293741305593,0.8426924919673736,-0.0990684379105614,3.961680149592486,-0.4440884432194618,1.3227200837894766
70.0,253.0,137.79776000976562,-2.1234558873301728,2.683826945438082,-4.921179501589808,-3.029499668527272,-2.4987809969677133,0.8433309473010737,-0.0992770236636599,3.964664285402984,-0.4444340115475427,1.3234388495746667
70.0,253.0,137.79434204101562,-2.120616692639467,2.681405019934809,-4.9216054552820845,-3.0291175250755504,-2.4982134134524348,0.8424266904530952,-0.0990845862867174,3.964180832274957,-0.4441878435281388,1.3232361698047848
70.0,253.0,137.79537963867188,-2.119797431011384,2.682975837363691,-4.92115091018553,-3.0289909180503,-2.498242373124851,0.8434973797473541,-0.0994089041082413,3.964961354908522,-0.4442484075168196,1.3233367301103045
70.0,253.0,137.79879760742188,-2.119258381213632,2.6826504904660062,-4.922187462135893,-3.0311917017662777,-2.4978101704615607,0.8426505489451253,-0.1008180770621914,3.963798149572576,-0.4438986981030424,1.323014206789088
70.0,253.0,153.1660919189453,-2.121447798556532,1.8336876551817392,-4.9380753146679925,-3.094233202647145,-3.0649950223856144,0.8354321701101891,-1.021508757068139,3.955010029302585,-0.4447028575291981,0.7080551592072115
70.0,253.0,138.351318359375,-2.11924226515204,2.686947542934586,-4.91953112143019,-3.032925807569768,-2.4975467645667195,0.8427797619357766,-0.1237538069052016,3.961243059531385,-0.4450559819642385,1.3242200539442353
70.0,253.0,144.48789978027344,-2.141046964113209,1.771880474365917,-4.911381224157521,-3.040130457582591,-2.517262630056656,0.8055665997807893,-1.0369607176572375,3.977882256769657,-0.4549739669163189,1.3219810566530266
70.0,253.0,137.79502868652344,-2.1195459081714683,2.683170961341537,-4.920900436156873,-3.0289789918169814,-2.497166078323632,0.8418334143453621,-0.0993533398890526,3.964991679559623,-0.4441900084663588,1.3230676252868458
70.0,253.0,150.5499267578125,-2.11968739608623,1.755035030369485,-4.927208819748874,-3.0244678618957064,-2.0218319945465275,0.8106048132035997,-1.0135414794231097,3.9867357123238514,-0.4552261932641993,1.349251448476138
70.0,253.0,139.08932495117188,-2.1070969131073616,1.7829835110425978,-4.891359663348329,-3.022594315990799,-2.4990185651960486,0.8429606420313613,-0.1048111344693404,3.9668039948711247,-0.446659459268727,1.3232299894827289
70.0,253.0,137.79678344726562,-2.1188404445101785,2.6821635085172177,-4.919944316912106,-3.028018529044718,-2.4985161614516302,0.8429843219688248,-0.1000354608452682,3.963747607928229,-0.4440112818000191,1.3227342664688253
70.0,253.0,137.79798889160156,-2.120134214355396,2.683388457017545,-4.921521252026703,-3.031132794309282,-2.4981569968429063,0.8432424760825791,-0.0990414492531282,3.9657531548639833,-0.4442348947341011,1.3231987175715658
70.0,253.0,137.79592895507812,-2.1208607084101394,2.6828759074665944,-4.919259877714114,-3.028038106234152,-2.4988226898578216,0.8423254220716548,-0.0990312024840967,3.964410555505152,-0.444271943602834,1.3229901886987678
70.0,253.0,140.52117919921875,-2.1272497769988306,1.774468940747441,-4.918171862643308,-3.039466282870276,-2.4890347571925453,0.8476899259151214,-0.521753245229758,3.96549093137469,-0.4572526271482879,1.3258236409937911
70.0,253.0,145.3743896484375,-2.055715787756611,3.5459383446779773,-4.926743274509718,-3.033548482115602,-2.496961460418813,0.8144829614976842,-0.053820621728324,3.954244038928831,-0.4430671415972534,1.6597223734601851
70.0,253.0,139.49063110351562,-2.127036784137281,2.6864341888011003,-4.922580773522917,-3.0061126931140665,-1.94209301285814,0.8409841124852037,-0.5625834980067171,3.962763002701845,-0.4500653814960387,1.3055394714877115
70.0,253.0,137.81744384765625,-2.1277224404567705,2.681837911661119,-4.924157043995317,-3.031281385129762,-2.4981128105050505,0.8438584129104354,-0.1007129788384623,3.964888576576502,-0.4454803480719521,1.3232394589601535
70.0,253.0,137.79837036132812,-2.123373891877418,2.682587582496074,-4.922339972295107,-3.0282333885585,-2.498791103322163,0.843581709590431,-0.0996585884390423,3.96464608978655,-0.4441283080645394,1.323065227809353
70.0,253.0,155.14508056640625,-2.144416528898283,1.7532622941419214,-4.910340166670732,-3.045212005694971,-1.9538792327145715,0.8337103093690844,-1.0439633387742353,3.904955445319976,-0.4075869564763927,0.7623833671535221
70.0,253.0,137.80690002441406,-2.127200197539026,2.683063207956285,-4.920829183750004,-3.028206722063952,-2.4994357813006824,0.8427792009068454,-0.0990760164869704,3.965608810922399,-0.444479575249882,1.3231627879790075
70.0,253.0,137.804443359375,-2.124670019467279,2.679893225039872,-4.921389507959089,-3.02878719430555,-2.499496458552039,0.8416799446429538,-0.1001391488084174,3.9658734146100656,-0.4442398044905637,1.3231366446137922
70.0,253.0,157.8895721435547,-2.151116586352581,1.7765067177928218,-4.954217446239854,-3.688038395004858,-2.586077377730949,0.8144731752930827,-0.6122097261475492,3.624379146848815,-0.454328507982406,0.9702287003031408
70.0,253.0,159.0294189453125,-2.117713025129498,1.7006288086641086,-4.910839946617725,-3.020695606011796,-2.40708695301651,0.8779486630535245,-0.1408862767463208,3.969066312563719,-0.5243844905052852,1.0409317934004996
70.0,253.0,137.79603576660156,-2.1203695252486066,2.6815276212271484,-4.919817337149159,-3.0282113607829904,-2.498883024494018,0.8429027886604817,-0.0991366947833645,3.964500448658526,-0.4444542969651466,1.3226485722264796
70.0,253.0,155.30633544921875,-2.110355142561264,1.7355664246072802,-4.897661520156259,-3.0945963635771343,-3.0647722813398968,0.8256285834289196,-1.0204516952792135,4.389633871132414,-0.4667985076585941,0.7287559592886229
70.0,253.0,158.0673828125,-2.13478528945232,1.8441109636686763,-4.929363763692761,-3.1294766675918138,-3.0546509867568057,1.330469986782295,-1.0107985278553162,3.543151829295136,-0.4498499097984712,0.7093224768745058
70.0,253.0,151.25607299804688,-2.172037136009037,1.7295055121999343,-4.886813252907739,-3.044272093932116,-2.527211347557737,0.8736419156014977,-1.0803740810791176,4.326682419773425,-0.4568381444550614,1.020613823807618
70.0,253.0,165.35855102539062,-2.0411344005614884,1.8033887960812784,-4.990096883276585,-3.0271535952284765,-1.9850275875294443,0.7502007915430735,-1.0075749577924853,3.0752222344234887,-0.4467256416415724,1.0584411608503208
70.0,253.0,165.263427734375,-2.025108824505472,1.819420873531608,-4.880777358367313,-3.048511178555349,-3.076473591889685,0.724041054625411,-1.045823708623605,4.79798916193166,-0.408550783489008,0.6991762171530035
70.0,253.0,137.79388427734375,-2.1197969233219003,2.682501248865924,-4.920949556040982,-3.029357062199896,-2.498212685336491,0.8427023980871142,-0.0990543932277764,3.9646719084198985,-0.444199569359356,1.3230862715750584
70.0,253.0,160.2692413330078,-1.055922459328694,1.7735920722761906,-4.937958133848109,-1.695201673496223,-3.064020344723154,0.8372423768827528,-1.0608401158966236,4.429729571994304,-0.4561175576200931,0.7202760905369371
70.0,254.0,157.60691833496094,-2.1221509371431435,1.8392303061078088,-4.902514539010984,-3.0864103908050646,-3.0538475418464337,0.8517324402109121,-1.0171489627324086,3.092931355225164,-0.4559853455206131,0.9824460715350812
70.0,254.0,161.15728759765625,-1.9534206856324816,1.7536378394229737,-4.890109816254475,-3.0956079319477503,-3.0662115030366284,0.8279698431872164,-1.019189610828445,4.304919778195342,-0.4515226464921155,0.7024576952550962
70.0,254.0,137.79519653320312,-2.119224388901571,2.682822288100392,-4.920864412310364,-3.029171707655157,-2.496805674102149,0.8427592944059575,-0.0994897809242982,3.96410401030228,-0.4443048864031413,1.3225953185703414
70.0,254.0,137.8007354736328,-2.11874858425824,2.6830495050636785,-4.921572170529264,-3.029930532135108,-2.500044037785152,0.8417896551606292,-0.0995665239623932,3.9660535743448713,-0.4443549889952953,1.3231351745149451
70.0,254.0,137.79486083984375,-2.120463693307168,2.682762110525274,-4.919981954198319,-3.0288144225882023,-2.4986580172813566,0.8432068684197771,-0.099025581348673,3.9643721719891625,-0.444152493210058,1.322893630431409
70.0,254.0,150.95826721191406,-2.1262525097823337,1.7737189882144293,-4.926724315985826,-3.0259742329384216,-2.437463469842107,1.4099652745982325,-1.0262765149084487,3.9233814230264574,-0.4512474950726279,1.609887845109697
70.0,254.0,156.08035278320312,-2.1580996450789263,1.728328627406782,-4.879695436337815,-3.0850529772078543,-3.06587044186364,0.8359929899162684,-1.015638048938622,3.5437633377229565,-0.4462973345896071,0.7233871726910266
70.0,254.0,140.3011474609375,-2.137152220579477,2.6562380628102864,-4.923127557633037,-3.017260987304274,-2.490244857012401,0.8633750383471248,-0.1273207141100578,3.97997047656476,-0.4469138262459632,1.3022614592388275
70.0,254.0,137.8142852783203,-2.1239997204675807,2.682062449712567,-4.920146743742367,-3.025958206184079,-2.496572923346182,0.8424196701669544,-0.1022452489700058,3.966022563682012,-0.4439904327991957,1.3232216508482948
70.0,254.0,137.79444885253906,-2.1198047270198583,2.68254777259866,-4.920764685053092,-3.03054585217809,-2.498168462240768,0.8427099548707722,-0.0990996510025727,3.963958478911956,-0.4441854976463981,1.3231329626774884
70.0,254.0,137.79518127441406,-2.1228034747136606,2.6827521331080773,-4.920233826983846,-3.0294540929610783,-2.498077659625756,0.8427077573305544,-0.0990925553495871,3.9639367919339374,-0.4441869157022173,1.3231264707389818
70.0,254.0,137.79531860351562,-2.119206980935165,2.682737089791202,-4.919857430918961,-3.0308233717267936,-2.4987901078515904,0.8429557813973608,-0.0990549007965121,3.964233640112052,-0.4441224572232222,1.3229789570764952
70.0,254.0,137.7944793701172,-2.119162478023433,2.6825651503848307,-4.919924049246924,-3.029384472437976,-2.4982430495717534,0.8428730614028238,-0.0990688787811511,3.963910834088728,-0.4441692886711708,1.3230902943666496
70.0,254.0,137.7947998046875,-2.119742396454631,2.6827879060263697,-4.922271924462023,-3.029320709907063,-2.498219174408656,0.8425982670866028,-0.0992228978309861,3.964865686479437,-0.4441996033482605,1.323043301710509
70.0,254.0,177.90628051757812,-0.9480992037287066,1.6698462529856726,-4.92126265432442,-3.066282443454009,-3.048841576344093,1.9184003846581128,-1.029547548154336,4.407033002134062,-0.5675828178794807,0.7291447687456702
70.0,254.0,137.7974853515625,-2.1190473567600083,2.683123432368007,-4.921811841334847,-3.0275231903174884,-2.497573874903796,0.8424637367734538,-0.0991339925859329,3.964949891786575,-0.4441801806528775,1.3237725589460398
70.0,254.0,139.657958984375,-2.1191696681628387,1.7886992556635786,-4.946751580340669,-3.026300339192434,-2.4917939222109333,0.8437094851000643,-0.1152504021556239,3.950013222802635,-0.4511005345913878,1.3222210936382524
70.0,254.0,138.8553466796875,-2.1222250184014344,1.7859582697313516,-4.911992513925983,-3.027397375175113,-2.4919192799355665,0.8416130100114549,-0.0993832010494219,3.9665571402770703,-0.4440650734784624,1.323007832844661
70.0,254.0,137.8002166748047,-2.120162121968442,2.6866321295114983,-4.921545736839164,-3.0293667681778387,-2.49820588360113,0.8426927698549086,-0.0990642114119129,3.964213829765014,-0.4440238777650973,1.3221730723946623
70.0,254.0,137.79776000976562,-2.1234558873301728,2.683826945438082,-4.921179501589808,-3.029499668527272,-2.4987809969677133,0.8433309473010737,-0.0992770236636599,3.964664285402984,-0.4444340115475427,1.3234388495746667
70.0,254.0,137.79420471191406,-2.120651534554402,2.681707186206835,-4.9213549356722615,-3.029254153643943,-2.498210468542239,0.8429256641184281,-0.0990411160268222,3.9641731142555288,-0.4442000002255457,1.32296681161138
70.0,254.0,137.79537963867188,-2.119797431011384,2.682975837363691,-4.92115091018553,-3.0289909180503,-2.498242373124851,0.8434973797473541,-0.0994089041082413,3.964961354908522,-0.4442484075168196,1.3233367301103045
70.0,254.0,137.7954559326172,-2.11923743252075,2.682693277792867,-4.921703626026688,-3.0301892155384587,-2.498093611815436,0.842761202824941,-0.0991843906966641,3.964258046870061,-0.4436314337059969,1.3230201724806283
70.0,254.0,153.1660919189453,-2.121447798556532,1.8336876551817392,-4.9380753146679925,-3.094233202647145,-3.0649950223856144,0.8354321701101891,-1.021508757068139,3.955010029302585,-0.4447028575291981,0.7080551592072115
70.0,254.0,138.351318359375,-2.11924226515204,2.686947542934586,-4.91953112143019,-3.032925807569768,-2.4975467645667195,0.8427797619357766,-0.1237538069052016,3.961243059531385,-0.4450559819642385,1.3242200539442353
70.0,254.0,144.48789978027344,-2.141046964113209,1.771880474365917,-4.911381224157521,-3.040130457582591,-2.517262630056656,0.8055665997807893,-1.0369607176572375,3.977882256769657,-0.4549739669163189,1.3219810566530266
70.0,254.0,137.79502868652344,-2.1195459081714683,2.683170961341537,-4.920900436156873,-3.0289789918169814,-2.497166078323632,0.8418334143453621,-0.0993533398890526,3.964991679559623,-0.4441900084663588,1.3230676252868458
70.0,254.0,150.5499267578125,-2.11968739608623,1.755035030369485,-4.927208819748874,-3.0244678618957064,-2.0218319945465275,0.8106048132035997,-1.0135414794231097,3.9867357123238514,-0.4552261932641993,1.349251448476138
70.0,254.0,138.04493713378906,-2.121015142062417,2.6885317310937697,-4.911241501764085,-3.0399609159715344,-2.4970017337104085,0.8429165434689223,-0.1008868083300534,3.966950444366653,-0.4427201218302202,1.3231128528820075
70.0,254.0,137.79678344726562,-2.1188404445101785,2.6821635085172177,-4.919944316912106,-3.028018529044718,-2.4985161614516302,0.8429843219688248,-0.1000354608452682,3.963747607928229,-0.4440112818000191,1.3227342664688253
70.0,254.0,137.79798889160156,-2.120134214355396,2.683388457017545,-4.921521252026703,-3.031132794309282,-2.4981569968429063,0.8432424760825791,-0.0990414492531282,3.9657531548639833,-0.4442348947341011,1.3231987175715658
70.0,254.0,137.79592895507812,-2.1208607084101394,2.6828759074665944,-4.919259877714114,-3.028038106234152,-2.4988226898578216,0.8423254220716548,-0.0990312024840967,3.964410555505152,-0.444271943602834,1.3229901886987678
70.0,254.0,140.52117919921875,-2.1272497769988306,1.774468940747441,-4.918171862643308,-3.039466282870276,-2.4890347571925453,0.8476899259151214,-0.521753245229758,3.96549093137469,-0.4572526271482879,1.3258236409937911
70.0,254.0,145.3743896484375,-2.055715787756611,3.5459383446779773,-4.926743274509718,-3.033548482115602,-2.496961460418813,0.8144829614976842,-0.053820621728324,3.954244038928831,-0.4430671415972534,1.6597223734601851
70.0,254.0,139.49063110351562,-2.127036784137281,2.6864341888011003,-4.922580773522917,-3.0061126931140665,-1.94209301285814,0.8409841124852037,-0.5625834980067171,3.962763002701845,-0.4500653814960387,1.3055394714877115
70.0,254.0,137.81744384765625,-2.1277224404567705,2.681837911661119,-4.924157043995317,-3.031281385129762,-2.4981128105050505,0.8438584129104354,-0.1007129788384623,3.964888576576502,-0.4454803480719521,1.3232394589601535
70.0,254.0,137.79837036132812,-2.123373891877418,2.682587582496074,-4.922339972295107,-3.0282333885585,-2.498791103322163,0.843581709590431,-0.0996585884390423,3.96464608978655,-0.4441283080645394,1.323065227809353
70.0,254.0,155.14508056640625,-2.144416528898283,1.7532622941419214,-4.910340166670732,-3.045212005694971,-1.9538792327145715,0.8337103093690844,-1.0439633387742353,3.904955445319976,-0.4075869564763927,0.7623833671535221
70.0,254.0,137.80690002441406,-2.127200197539026,2.683063207956285,-4.920829183750004,-3.028206722063952,-2.4994357813006824,0.8427792009068454,-0.0990760164869704,3.965608810922399,-0.444479575249882,1.3231627879790075
70.0,254.0,137.804443359375,-2.124670019467279,2.679893225039872,-4.921389507959089,-3.02878719430555,-2.499496458552039,0.8416799446429538,-0.1001391488084174,3.9658734146100656,-0.4442398044905637,1.3231366446137922
70.0,254.0,157.8895721435547,-2.151116586352581,1.7765067177928218,-4.954217446239854,-3.688038395004858,-2.586077377730949,0.8144731752930827,-0.6122097261475492,3.624379146848815,-0.454328507982406,0.9702287003031408
70.0,254.0,159.0294189453125,-2.117713025129498,1.7006288086641086,-4.910839946617725,-3.020695606011796,-2.40708695301651,0.8779486630535245,-0.1408862767463208,3.969066312563719,-0.5243844905052852,1.0409317934004996
70.0,254.0,137.79603576660156,-2.1203695252486066,2.6815276212271484,-4.919817337149159,-3.0282113607829904,-2.498883024494018,0.8429027886604817,-0.0991366947833645,3.964500448658526,-0.4444542969651466,1.3226485722264796
70.0,254.0,155.30633544921875,-2.110355142561264,1.7355664246072802,-4.897661520156259,-3.0945963635771343,-3.0647722813398968,0.8256285834289196,-1.0204516952792135,4.389633871132414,-0.4667985076585941,0.7287559592886229
70.0,254.0,158.0673828125,-2.13478528945232,1.8441109636686763,-4.929363763692761,-3.1294766675918138,-3.0546509867568057,1.330469986782295,-1.0107985278553162,3.543151829295136,-0.4498499097984712,0.7093224768745058
70.0,254.0,151.25607299804688,-2.172037136009037,1.7295055121999343,-4.886813252907739,-3.044272093932116,-2.527211347557737,0.8736419156014977,-1.0803740810791176,4.326682419773425,-0.4568381444550614,1.020613823807618
70.0,254.0,165.35855102539062,-2.0411344005614884,1.8033887960812784,-4.990096883276585,-3.0271535952284765,-1.9850275875294443,0.7502007915430735,-1.0075749577924853,3.0752222344234887,-0.4467256416415724,1.0584411608503208
70.0,254.0,165.263427734375,-2.025108824505472,1.819420873531608,-4.880777358367313,-3.048511178555349,-3.076473591889685,0.724041054625411,-1.045823708623605,4.79798916193166,-0.408550783489008,0.6991762171530035
70.0,254.0,137.79388427734375,-2.1197969233219003,2.682501248865924,-4.920949556040982,-3.029357062199896,-2.498212685336491,0.8427023980871142,-0.0990543932277764,3.9646719084198985,-0.444199569359356,1.3230862715750584
70.0,254.0,160.2692413330078,-1.055922459328694,1.7735920722761906,-4.937958133848109,-1.695201673496223,-3.064020344723154,0.8372423768827528,-1.0608401158966236,4.429729571994304,-0.4561175576200931,0.7202760905369371
70.0,255.0,157.60691833496094,-2.1221509371431435,1.8392303061078088,-4.902514539010984,-3.0864103908050646,-3.0538475418464337,0.8517324402109121,-1.0171489627324086,3.092931355225164,-0.4559853455206131,0.9824460715350812
70.0,255.0,161.15728759765625,-1.9534206856324816,1.7536378394229737,-4.890109816254475,-3.0956079319477503,-3.0662115030366284,0.8279698431872164,-1.019189610828445,4.304919778195342,-0.4515226464921155,0.7024576952550962
70.0,255.0,137.79519653320312,-2.119224388901571,2.682822288100392,-4.920864412310364,-3.029171707655157,-2.496805674102149,0.8427592944059575,-0.0994897809242982,3.96410401030228,-0.4443048864031413,1.3225953185703414
70.0,255.0,137.8007354736328,-2.11874858425824,2.6830495050636785,-4.921572170529264,-3.029930532135108,-2.500044037785152,0.8417896551606292,-0.0995665239623932,3.9660535743448713,-0.4443549889952953,1.3231351745149451
70.0,255.0,137.79486083984375,-2.120463693307168,2.682762110525274,-4.919981954198319,-3.0288144225882023,-2.4986580172813566,0.8432068684197771,-0.099025581348673,3.9643721719891625,-0.444152493210058,1.322893630431409
70.0,255.0,150.95826721191406,-2.1262525097823337,1.7737189882144293,-4.926724315985826,-3.0259742329384216,-2.437463469842107,1.4099652745982325,-1.0262765149084487,3.9233814230264574,-0.4512474950726279,1.609887845109697
70.0,255.0,156.08035278320312,-2.1580996450789263,1.728328627406782,-4.879695436337815,-3.0850529772078543,-3.06587044186364,0.8359929899162684,-1.015638048938622,3.5437633377229565,-0.4462973345896071,0.7233871726910266
70.0,255.0,140.3011474609375,-2.137152220579477,2.6562380628102864,-4.923127557633037,-3.017260987304274,-2.490244857012401,0.8633750383471248,-0.1273207141100578,3.97997047656476,-0.4469138262459632,1.3022614592388275
70.0,255.0,137.8142852783203,-2.1239997204675807,2.682062449712567,-4.920146743742367,-3.025958206184079,-2.496572923346182,0.8424196701669544,-0.1022452489700058,3.966022563682012,-0.4439904327991957,1.3232216508482948
70.0,255.0,137.79444885253906,-2.1198047270198583,2.68254777259866,-4.920764685053092,-3.03054585217809,-2.498168462240768,0.8427099548707722,-0.0990996510025727,3.963958478911956,-0.4441854976463981,1.3231329626774884
70.0,255.0,137.79518127441406,-2.1228034747136606,2.6827521331080773,-4.920233826983846,-3.0294540929610783,-2.498077659625756,0.8427077573305544,-0.0990925553495871,3.9639367919339374,-0.4441869157022173,1.3231264707389818
70.0,255.0,137.79531860351562,-2.119206980935165,2.682737089791202,-4.919857430918961,-3.0308233717267936,-2.4987901078515904,0.8429557813973608,-0.0990549007965121,3.964233640112052,-0.4441224572232222,1.3229789570764952
70.0,255.0,137.7944793701172,-2.119162478023433,2.6825651503848307,-4.919924049246924,-3.029384472437976,-2.4982430495717534,0.8428730614028238,-0.0990688787811511,3.963910834088728,-0.4441692886711708,1.3230902943666496
70.0,255.0,137.7947998046875,-2.119742396454631,2.6827879060263697,-4.922271924462023,-3.029320709907063,-2.498219174408656,0.8425982670866028,-0.0992228978309861,3.964865686479437,-0.4441996033482605,1.323043301710509
70.0,255.0,177.90628051757812,-0.9480992037287066,1.6698462529856726,-4.92126265432442,-3.066282443454009,-3.048841576344093,1.9184003846581128,-1.029547548154336,4.407033002134062,-0.5675828178794807,0.7291447687456702
70.0,255.0,137.7974853515625,-2.1190473567600083,2.683123432368007,-4.921811841334847,-3.0275231903174884,-2.497573874903796,0.8424637367734538,-0.0991339925859329,3.964949891786575,-0.4441801806528775,1.3237725589460398
70.0,255.0,139.657958984375,-2.1191696681628387,1.7886992556635786,-4.946751580340669,-3.026300339192434,-2.4917939222109333,0.8437094851000643,-0.1152504021556239,3.950013222802635,-0.4511005345913878,1.3222210936382524
70.0,255.0,138.8553466796875,-2.1222250184014344,1.7859582697313516,-4.911992513925983,-3.027397375175113,-2.4919192799355665,0.8416130100114549,-0.0993832010494219,3.9665571402770703,-0.4440650734784624,1.323007832844661
70.0,255.0,137.8002166748047,-2.120162121968442,2.6866321295114983,-4.921545736839164,-3.0293667681778387,-2.49820588360113,0.8426927698549086,-0.0990642114119129,3.964213829765014,-0.4440238777650973,1.3221730723946623
70.0,255.0,137.79776000976562,-2.1234558873301728,2.683826945438082,-4.921179501589808,-3.029499668527272,-2.4987809969677133,0.8433309473010737,-0.0992770236636599,3.964664285402984,-0.4444340115475427,1.3234388495746667
70.0,255.0,137.79420471191406,-2.120651534554402,2.681707186206835,-4.9213549356722615,-3.029254153643943,-2.498210468542239,0.8429256641184281,-0.0990411160268222,3.9641731142555288,-0.4442000002255457,1.32296681161138
70.0,255.0,137.79537963867188,-2.119797431011384,2.682975837363691,-4.92115091018553,-3.0289909180503,-2.498242373124851,0.8434973797473541,-0.0994089041082413,3.964961354908522,-0.4442484075168196,1.3233367301103045
70.0,255.0,137.79458618164062,-2.1201411252328155,2.682383960378368,-4.9210797175332655,-3.02988683521307,-2.498128656380678,0.8427661692572341,-0.0989613871167583,3.964297739998057,-0.4439621474668563,1.3230520356607136
70.0,255.0,153.1660919189453,-2.121447798556532,1.8336876551817392,-4.9380753146679925,-3.094233202647145,-3.0649950223856144,0.8354321701101891,-1.021508757068139,3.955010029302585,-0.4447028575291981,0.7080551592072115
70.0,255.0,138.351318359375,-2.11924226515204,2.686947542934586,-4.91953112143019,-3.032925807569768,-2.4975467645667195,0.8427797619357766,-0.1237538069052016,3.961243059531385,-0.4450559819642385,1.3242200539442353
70.0,255.0,144.48789978027344,-2.141046964113209,1.771880474365917,-4.911381224157521,-3.040130457582591,-2.517262630056656,0.8055665997807893,-1.0369607176572375,3.977882256769657,-0.4549739669163189,1.3219810566530266
70.0,255.0,137.79502868652344,-2.1195459081714683,2.683170961341537,-4.920900436156873,-3.0289789918169814,-2.497166078323632,0.8418334143453621,-0.0993533398890526,3.964991679559623,-0.4441900084663588,1.3230676252868458
70.0,255.0,150.5499267578125,-2.11968739608623,1.755035030369485,-4.927208819748874,-3.0244678618957064,-2.0218319945465275,0.8106048132035997,-1.0135414794231097,3.9867357123238514,-0.4552261932641993,1.349251448476138
70.0,255.0,138.04493713378906,-2.121015142062417,2.6885317310937697,-4.911241501764085,-3.0399609159715344,-2.4970017337104085,0.8429165434689223,-0.1008868083300534,3.966950444366653,-0.4427201218302202,1.3231128528820075
70.0,255.0,137.79678344726562,-2.1188404445101785,2.6821635085172177,-4.919944316912106,-3.028018529044718,-2.4985161614516302,0.8429843219688248,-0.1000354608452682,3.963747607928229,-0.4440112818000191,1.3227342664688253
70.0,255.0,137.79798889160156,-2.120134214355396,2.683388457017545,-4.921521252026703,-3.031132794309282,-2.4981569968429063,0.8432424760825791,-0.0990414492531282,3.9657531548639833,-0.4442348947341011,1.3231987175715658
70.0,255.0,137.79592895507812,-2.1208607084101394,2.6828759074665944,-4.919259877714114,-3.028038106234152,-2.4988226898578216,0.8423254220716548,-0.0990312024840967,3.964410555505152,-0.444271943602834,1.3229901886987678
70.0,255.0,140.52117919921875,-2.1272497769988306,1.774468940747441,-4.918171862643308,-3.039466282870276,-2.4890347571925453,0.8476899259151214,-0.521753245229758,3.96549093137469,-0.4572526271482879,1.3258236409937911
70.0,255.0,145.3743896484375,-2.055715787756611,3.5459383446779773,-4.926743274509718,-3.033548482115602,-2.496961460418813,0.8144829614976842,-0.053820621728324,3.954244038928831,-0.4430671415972534,1.6597223734601851
70.0,255.0,139.49063110351562,-2.127036784137281,2.6864341888011003,-4.922580773522917,-3.0061126931140665,-1.94209301285814,0.8409841124852037,-0.5625834980067171,3.962763002701845,-0.4500653814960387,1.3055394714877115
70.0,255.0,137.81744384765625,-2.1277224404567705,2.681837911661119,-4.924157043995317,-3.031281385129762,-2.4981128105050505,0.8438584129104354,-0.1007129788384623,3.964888576576502,-0.4454803480719521,1.3232394589601535
70.0,255.0,137.79837036132812,-2.123373891877418,2.682587582496074,-4.922339972295107,-3.0282333885585,-2.498791103322163,0.843581709590431,-0.0996585884390423,3.96464608978655,-0.4441283080645394,1.323065227809353
70.0,255.0,155.14508056640625,-2.144416528898283,1.7532622941419214,-4.910340166670732,-3.045212005694971,-1.9538792327145715,0.8337103093690844,-1.0439633387742353,3.904955445319976,-0.4075869564763927,0.7623833671535221
70.0,255.0,137.80690002441406,-2.127200197539026,2.683063207956285,-4.920829183750004,-3.028206722063952,-2.4994357813006824,0.8427792009068454,-0.0990760164869704,3.965608810922399,-0.444479575249882,1.3231627879790075
70.0,255.0,137.804443359375,-2.124670019467279,2.679893225039872,-4.921389507959089,-3.02878719430555,-2.499496458552039,0.8416799446429538,-0.1001391488084174,3.9658734146100656,-0.4442398044905637,1.3231366446137922
70.0,255.0,157.8895721435547,-2.151116586352581,1.7765067177928218,-4.954217446239854,-3.688038395004858,-2.586077377730949,0.8144731752930827,-0.6122097261475492,3.624379146848815,-0.454328507982406,0.9702287003031408
70.0,255.0,159.0294189453125,-2.117713025129498,1.7006288086641086,-4.910839946617725,-3.020695606011796,-2.40708695301651,0.8779486630535245,-0.1408862767463208,3.969066312563719,-0.5243844905052852,1.0409317934004996
70.0,255.0,137.79409790039062,-2.119880664027544,2.682056343821154,-4.920466396799344,-3.0288568718971947,-2.4977122170257915,0.8427925475750381,-0.0990587507192328,3.9645052899929367,-0.4441896384501065,1.3234364756432375
70.0,255.0,155.30633544921875,-2.110355142561264,1.7355664246072802,-4.897661520156259,-3.0945963635771343,-3.0647722813398968,0.8256285834289196,-1.0204516952792135,4.389633871132414,-0.4667985076585941,0.7287559592886229
70.0,255.0,158.0673828125,-2.13478528945232,1.8441109636686763,-4.929363763692761,-3.1294766675918138,-3.0546509867568057,1.330469986782295,-1.0107985278553162,3.543151829295136,-0.4498499097984712,0.7093224768745058
70.0,255.0,151.25607299804688,-2.172037136009037,1.7295055121999343,-4.886813252907739,-3.044272093932116,-2.527211347557737,0.8736419156014977,-1.0803740810791176,4.326682419773425,-0.4568381444550614,1.020613823807618
70.0,255.0,165.35855102539062,-2.0411344005614884,1.8033887960812784,-4.990096883276585,-3.0271535952284765,-1.9850275875294443,0.7502007915430735,-1.0075749577924853,3.0752222344234887,-0.4467256416415724,1.0584411608503208
70.0,255.0,165.263427734375,-2.025108824505472,1.819420873531608,-4.880777358367313,-3.048511178555349,-3.076473591889685,0.724041054625411,-1.045823708623605,4.79798916193166,-0.408550783489008,0.6991762171530035
70.0,255.0,137.79388427734375,-2.1197969233219003,2.682501248865924,-4.920949556040982,-3.029357062199896,-2.498212685336491,0.8427023980871142,-0.0990543932277764,3.9646719084198985,-0.444199569359356,1.3230862715750584
70.0,255.0,160.2692413330078,-1.055922459328694,1.7735920722761906,-4.937958133848109,-1.695201673496223,-3.064020344723154,0.8372423768827528,-1.0608401158966236,4.429729571994304,-0.4561175576200931,0.7202760905369371
70.0,256.0,157.60691833496094,-2.1221509371431435,1.8392303061078088,-4.902514539010984,-3.0864103908050646,-3.0538475418464337,0.8517324402109121,-1.0171489627324086,3.092931355225164,-0.4559853455206131,0.9824460715350812
70.0,256.0,161.15728759765625,-1.9534206856324816,1.7536378394229737,-4.890109816254475,-3.0956079319477503,-3.0662115030366284,0.8279698431872164,-1.019189610828445,4.304919778195342,-0.4515226464921155,0.7024576952550962
70.0,256.0,137.79519653320312,-2.119224388901571,2.682822288100392,-4.920864412310364,-3.029171707655157,-2.496805674102149,0.8427592944059575,-0.0994897809242982,3.96410401030228,-0.4443048864031413,1.3225953185703414
70.0,256.0,137.8007354736328,-2.11874858425824,2.6830495050636785,-4.921572170529264,-3.029930532135108,-2.500044037785152,0.8417896551606292,-0.0995665239623932,3.9660535743448713,-0.4443549889952953,1.3231351745149451
70.0,256.0,137.79486083984375,-2.120463693307168,2.682762110525274,-4.919981954198319,-3.0288144225882023,-2.4986580172813566,0.8432068684197771,-0.099025581348673,3.9643721719891625,-0.444152493210058,1.322893630431409
70.0,256.0,150.95826721191406,-2.1262525097823337,1.7737189882144293,-4.926724315985826,-3.0259742329384216,-2.437463469842107,1.4099652745982325,-1.0262765149084487,3.9233814230264574,-0.4512474950726279,1.609887845109697
70.0,256.0,156.08035278320312,-2.1580996450789263,1.728328627406782,-4.879695436337815,-3.0850529772078543,-3.06587044186364,0.8359929899162684,-1.015638048938622,3.5437633377229565,-0.4462973345896071,0.7233871726910266
70.0,256.0,140.3011474609375,-2.137152220579477,2.6562380628102864,-4.923127557633037,-3.017260987304274,-2.490244857012401,0.8633750383471248,-0.1273207141100578,3.97997047656476,-0.4469138262459632,1.3022614592388275
70.0,256.0,137.8142852783203,-2.1239997204675807,2.682062449712567,-4.920146743742367,-3.025958206184079,-2.496572923346182,0.8424196701669544,-0.1022452489700058,3.966022563682012,-0.4439904327991957,1.3232216508482948
70.0,256.0,137.7938690185547,-2.1197894820019507,2.682556644507335,-4.920920810427868,-3.0296890412534268,-2.4982021859095966,0.8427044705104604,-0.099069203409774,3.9642380925266063,-0.4441895330021806,1.323046092863299
70.0,256.0,137.79518127441406,-2.1228034747136606,2.6827521331080773,-4.920233826983846,-3.0294540929610783,-2.498077659625756,0.8427077573305544,-0.0990925553495871,3.9639367919339374,-0.4441869157022173,1.3231264707389818
70.0,256.0,137.79531860351562,-2.119206980935165,2.682737089791202,-4.919857430918961,-3.0308233717267936,-2.4987901078515904,0.8429557813973608,-0.0990549007965121,3.964233640112052,-0.4441224572232222,1.3229789570764952
70.0,256.0,137.7944793701172,-2.119162478023433,2.6825651503848307,-4.919924049246924,-3.029384472437976,-2.4982430495717534,0.8428730614028238,-0.0990688787811511,3.963910834088728,-0.4441692886711708,1.3230902943666496
70.0,256.0,137.7947998046875,-2.119742396454631,2.6827879060263697,-4.922271924462023,-3.029320709907063,-2.498219174408656,0.8425982670866028,-0.0992228978309861,3.964865686479437,-0.4441996033482605,1.323043301710509
70.0,256.0,177.90628051757812,-0.9480992037287066,1.6698462529856726,-4.92126265432442,-3.066282443454009,-3.048841576344093,1.9184003846581128,-1.029547548154336,4.407033002134062,-0.5675828178794807,0.7291447687456702
70.0,256.0,137.7974853515625,-2.1190473567600083,2.683123432368007,-4.921811841334847,-3.0275231903174884,-2.497573874903796,0.8424637367734538,-0.0991339925859329,3.964949891786575,-0.4441801806528775,1.3237725589460398
70.0,256.0,138.464599609375,-2.1197110059524875,2.644587694694703,-4.902065250819624,-3.028862130899959,-2.492915511746725,0.8447257695834517,-0.1049457185183187,3.972820377376156,-0.4498914074786763,1.3225831055742705
70.0,256.0,138.8553466796875,-2.1222250184014344,1.7859582697313516,-4.911992513925983,-3.027397375175113,-2.4919192799355665,0.8416130100114549,-0.0993832010494219,3.9665571402770703,-0.4440650734784624,1.323007832844661
70.0,256.0,137.8002166748047,-2.120162121968442,2.6866321295114983,-4.921545736839164,-3.0293667681778387,-2.49820588360113,0.8426927698549086,-0.0990642114119129,3.964213829765014,-0.4440238777650973,1.3221730723946623
70.0,256.0,137.79776000976562,-2.1234558873301728,2.683826945438082,-4.921179501589808,-3.029499668527272,-2.4987809969677133,0.8433309473010737,-0.0992770236636599,3.964664285402984,-0.4444340115475427,1.3234388495746667
70.0,256.0,137.79412841796875,-2.120033920924216,2.683151041030292,-4.921004384179375,-3.029074523723016,-2.498214700650846,0.8426753448674621,-0.0990581036987752,3.964581665300042,-0.4441977059504848,1.323145364692445
70.0,256.0,137.79537963867188,-2.119797431011384,2.682975837363691,-4.92115091018553,-3.0289909180503,-2.498242373124851,0.8434973797473541,-0.0994089041082413,3.964961354908522,-0.4442484075168196,1.3233367301103045
70.0,256.0,137.79458618164062,-2.1201411252328155,2.682383960378368,-4.9210797175332655,-3.02988683521307,-2.498128656380678,0.8427661692572341,-0.0989613871167583,3.964297739998057,-0.4439621474668563,1.3230520356607136
70.0,256.0,153.1660919189453,-2.121447798556532,1.8336876551817392,-4.9380753146679925,-3.094233202647145,-3.0649950223856144,0.8354321701101891,-1.021508757068139,3.955010029302585,-0.4447028575291981,0.7080551592072115
70.0,256.0,138.31285095214844,-2.1197833816133724,2.6884618171729,-4.919654148753492,-3.0358741653251813,-2.497983769759862,0.842834476559036,-0.1225614890643665,3.959986228116211,-0.4442392354255461,1.3225858415645917
70.0,256.0,144.48789978027344,-2.141046964113209,1.771880474365917,-4.911381224157521,-3.040130457582591,-2.517262630056656,0.8055665997807893,-1.0369607176572375,3.977882256769657,-0.4549739669163189,1.3219810566530266
70.0,256.0,137.79502868652344,-2.1195459081714683,2.683170961341537,-4.920900436156873,-3.0289789918169814,-2.497166078323632,0.8418334143453621,-0.0993533398890526,3.964991679559623,-0.4441900084663588,1.3230676252868458
70.0,256.0,150.5499267578125,-2.11968739608623,1.755035030369485,-4.927208819748874,-3.0244678618957064,-2.0218319945465275,0.8106048132035997,-1.0135414794231097,3.9867357123238514,-0.4552261932641993,1.349251448476138
70.0,256.0,138.04493713378906,-2.121015142062417,2.6885317310937697,-4.911241501764085,-3.0399609159715344,-2.4970017337104085,0.8429165434689223,-0.1008868083300534,3.966950444366653,-0.4427201218302202,1.3231128528820075
70.0,256.0,137.79678344726562,-2.1188404445101785,2.6821635085172177,-4.919944316912106,-3.028018529044718,-2.4985161614516302,0.8429843219688248,-0.1000354608452682,3.963747607928229,-0.4440112818000191,1.3227342664688253
70.0,256.0,137.79798889160156,-2.120134214355396,2.683388457017545,-4.921521252026703,-3.031132794309282,-2.4981569968429063,0.8432424760825791,-0.0990414492531282,3.9657531548639833,-0.4442348947341011,1.3231987175715658
70.0,256.0,137.79592895507812,-2.1208607084101394,2.6828759074665944,-4.919259877714114,-3.028038106234152,-2.4988226898578216,0.8423254220716548,-0.0990312024840967,3.964410555505152,-0.444271943602834,1.3229901886987678
70.0,256.0,140.52117919921875,-2.1272497769988306,1.774468940747441,-4.918171862643308,-3.039466282870276,-2.4890347571925453,0.8476899259151214,-0.521753245229758,3.96549093137469,-0.4572526271482879,1.3258236409937911
70.0,256.0,145.3743896484375,-2.055715787756611,3.5459383446779773,-4.926743274509718,-3.033548482115602,-2.496961460418813,0.8144829614976842,-0.053820621728324,3.954244038928831,-0.4430671415972534,1.6597223734601851
70.0,256.0,139.49063110351562,-2.127036784137281,2.6864341888011003,-4.922580773522917,-3.0061126931140665,-1.94209301285814,0.8409841124852037,-0.5625834980067171,3.962763002701845,-0.4500653814960387,1.3055394714877115
70.0,256.0,137.80477905273438,-2.122119042914417,2.6825357998363093,-4.920919588341772,-3.0324037548750824,-2.498251954007153,0.8429565705344344,-0.0999146740202868,3.964582148335378,-0.4458702439555118,1.3231953987526155
70.0,256.0,137.79837036132812,-2.123373891877418,2.682587582496074,-4.922339972295107,-3.0282333885585,-2.498791103322163,0.843581709590431,-0.0996585884390423,3.96464608978655,-0.4441283080645394,1.323065227809353
70.0,256.0,155.14508056640625,-2.144416528898283,1.7532622941419214,-4.910340166670732,-3.045212005694971,-1.9538792327145715,0.8337103093690844,-1.0439633387742353,3.904955445319976,-0.4075869564763927,0.7623833671535221
70.0,256.0,137.80615234375,-2.112795778729748,2.682641157368121,-4.9208344390961045,-3.030250704173223,-2.499257862870771,0.8427125465596398,-0.0990467392699851,3.96505471746548,-0.4443286877562206,1.323082707014313
70.0,256.0,137.804443359375,-2.124670019467279,2.679893225039872,-4.921389507959089,-3.02878719430555,-2.499496458552039,0.8416799446429538,-0.1001391488084174,3.9658734146100656,-0.4442398044905637,1.3231366446137922
70.0,256.0,157.8895721435547,-2.151116586352581,1.7765067177928218,-4.954217446239854,-3.688038395004858,-2.586077377730949,0.8144731752930827,-0.6122097261475492,3.624379146848815,-0.454328507982406,0.9702287003031408
70.0,256.0,159.0294189453125,-2.117713025129498,1.7006288086641086,-4.910839946617725,-3.020695606011796,-2.40708695301651,0.8779486630535245,-0.1408862767463208,3.969066312563719,-0.5243844905052852,1.0409317934004996
70.0,256.0,137.79409790039062,-2.119880664027544,2.682056343821154,-4.920466396799344,-3.0288568718971947,-2.4977122170257915,0.8427925475750381,-0.0990587507192328,3.9645052899929367,-0.4441896384501065,1.3234364756432375
70.0,256.0,155.30633544921875,-2.110355142561264,1.7355664246072802,-4.897661520156259,-3.0945963635771343,-3.0647722813398968,0.8256285834289196,-1.0204516952792135,4.389633871132414,-0.4667985076585941,0.7287559592886229
70.0,256.0,158.0673828125,-2.13478528945232,1.8441109636686763,-4.929363763692761,-3.1294766675918138,-3.0546509867568057,1.330469986782295,-1.0107985278553162,3.543151829295136,-0.4498499097984712,0.7093224768745058
70.0,256.0,151.25607299804688,-2.172037136009037,1.7295055121999343,-4.886813252907739,-3.044272093932116,-2.527211347557737,0.8736419156014977,-1.0803740810791176,4.326682419773425,-0.4568381444550614,1.020613823807618
70.0,256.0,165.35855102539062,-2.0411344005614884,1.8033887960812784,-4.990096883276585,-3.0271535952284765,-1.9850275875294443,0.7502007915430735,-1.0075749577924853,3.0752222344234887,-0.4467256416415724,1.0584411608503208
70.0,256.0,165.263427734375,-2.025108824505472,1.819420873531608,-4.880777358367313,-3.048511178555349,-3.076473591889685,0.724041054625411,-1.045823708623605,4.79798916193166,-0.408550783489008,0.6991762171530035
70.0,256.0,137.79388427734375,-2.1197969233219003,2.682501248865924,-4.920949556040982,-3.029357062199896,-2.498212685336491,0.8427023980871142,-0.0990543932277764,3.9646719084198985,-0.444199569359356,1.3230862715750584
70.0,256.0,160.2692413330078,-1.055922459328694,1.7735920722761906,-4.937958133848109,-1.695201673496223,-3.064020344723154,0.8372423768827528,-1.0608401158966236,4.429729571994304,-0.4561175576200931,0.7202760905369371
70.0,257.0,157.60691833496094,-2.1221509371431435,1.8392303061078088,-4.902514539010984,-3.0864103908050646,-3.0538475418464337,0.8517324402109121,-1.0171489627324086,3.092931355225164,-0.4559853455206131,0.9824460715350812
70.0,257.0,161.15728759765625,-1.9534206856324816,1.7536378394229737,-4.890109816254475,-3.0956079319477503,-3.0662115030366284,0.8279698431872164,-1.019189610828445,4.304919778195342,-0.4515226464921155,0.7024576952550962
70.0,257.0,137.79519653320312,-2.119224388901571,2.682822288100392,-4.920864412310364,-3.029171707655157,-2.496805674102149,0.8427592944059575,-0.0994897809242982,3.96410401030228,-0.4443048864031413,1.3225953185703414
70.0,257.0,137.8007354736328,-2.11874858425824,2.6830495050636785,-4.921572170529264,-3.029930532135108,-2.500044037785152,0.8417896551606292,-0.0995665239623932,3.9660535743448713,-0.4443549889952953,1.3231351745149451
70.0,257.0,137.79486083984375,-2.120463693307168,2.682762110525274,-4.919981954198319,-3.0288144225882023,-2.4986580172813566,0.8432068684197771,-0.099025581348673,3.9643721719891625,-0.444152493210058,1.322893630431409
70.0,257.0,150.95826721191406,-2.1262525097823337,1.7737189882144293,-4.926724315985826,-3.0259742329384216,-2.437463469842107,1.4099652745982325,-1.0262765149084487,3.9233814230264574,-0.4512474950726279,1.609887845109697
70.0,257.0,156.08035278320312,-2.1580996450789263,1.728328627406782,-4.879695436337815,-3.0850529772078543,-3.06587044186364,0.8359929899162684,-1.015638048938622,3.5437633377229565,-0.4462973345896071,0.7233871726910266
70.0,257.0,140.3011474609375,-2.137152220579477,2.6562380628102864,-4.923127557633037,-3.017260987304274,-2.490244857012401,0.8633750383471248,-0.1273207141100578,3.97997047656476,-0.4469138262459632,1.3022614592388275
70.0,257.0,137.8142852783203,-2.1239997204675807,2.682062449712567,-4.920146743742367,-3.025958206184079,-2.496572923346182,0.8424196701669544,-0.1022452489700058,3.966022563682012,-0.4439904327991957,1.3232216508482948
70.0,257.0,137.7938690185547,-2.1197894820019507,2.682556644507335,-4.920920810427868,-3.0296890412534268,-2.4982021859095966,0.8427044705104604,-0.099069203409774,3.9642380925266063,-0.4441895330021806,1.323046092863299
70.0,257.0,137.79518127441406,-2.1228034747136606,2.6827521331080773,-4.920233826983846,-3.0294540929610783,-2.498077659625756,0.8427077573305544,-0.0990925553495871,3.9639367919339374,-0.4441869157022173,1.3231264707389818
70.0,257.0,137.79531860351562,-2.119206980935165,2.682737089791202,-4.919857430918961,-3.0308233717267936,-2.4987901078515904,0.8429557813973608,-0.0990549007965121,3.964233640112052,-0.4441224572232222,1.3229789570764952
70.0,257.0,137.7944793701172,-2.119162478023433,2.6825651503848307,-4.919924049246924,-3.029384472437976,-2.4982430495717534,0.8428730614028238,-0.0990688787811511,3.963910834088728,-0.4441692886711708,1.3230902943666496
70.0,257.0,137.7947998046875,-2.119742396454631,2.6827879060263697,-4.922271924462023,-3.029320709907063,-2.498219174408656,0.8425982670866028,-0.0992228978309861,3.964865686479437,-0.4441996033482605,1.323043301710509
70.0,257.0,177.90628051757812,-0.9480992037287066,1.6698462529856726,-4.92126265432442,-3.066282443454009,-3.048841576344093,1.9184003846581128,-1.029547548154336,4.407033002134062,-0.5675828178794807,0.7291447687456702
70.0,257.0,137.7974853515625,-2.1190473567600083,2.683123432368007,-4.921811841334847,-3.0275231903174884,-2.497573874903796,0.8424637367734538,-0.0991339925859329,3.964949891786575,-0.4441801806528775,1.3237725589460398
70.0,257.0,138.464599609375,-2.1197110059524875,2.644587694694703,-4.902065250819624,-3.028862130899959,-2.492915511746725,0.8447257695834517,-0.1049457185183187,3.972820377376156,-0.4498914074786763,1.3225831055742705
70.0,257.0,138.8553466796875,-2.1222250184014344,1.7859582697313516,-4.911992513925983,-3.027397375175113,-2.4919192799355665,0.8416130100114549,-0.0993832010494219,3.9665571402770703,-0.4440650734784624,1.323007832844661
70.0,257.0,137.7943115234375,-2.120511794307469,2.6833396780684766,-4.920685266635219,-3.0294071837666614,-2.498182264388642,0.8426881986815686,-0.0990696641263483,3.964544795530399,-0.4441732172243621,1.3227036836017123
70.0,257.0,137.79776000976562,-2.1234558873301728,2.683826945438082,-4.921179501589808,-3.029499668527272,-2.4987809969677133,0.8433309473010737,-0.0992770236636599,3.964664285402984,-0.4444340115475427,1.3234388495746667
70.0,257.0,137.79412841796875,-2.120033920924216,2.683151041030292,-4.921004384179375,-3.029074523723016,-2.498214700650846,0.8426753448674621,-0.0990581036987752,3.964581665300042,-0.4441977059504848,1.323145364692445
70.0,257.0,137.79537963867188,-2.119797431011384,2.682975837363691,-4.92115091018553,-3.0289909180503,-2.498242373124851,0.8434973797473541,-0.0994089041082413,3.964961354908522,-0.4442484075168196,1.3233367301103045
70.0,257.0,137.7944793701172,-2.119906626028549,2.682583860850358,-4.921119430886561,-3.030427830369854,-2.498083733209876,0.8427095730499504,-0.0990019001943797,3.963962922155557,-0.4439708799635082,1.3230748744583338
70.0,257.0,153.1660919189453,-2.121447798556532,1.8336876551817392,-4.9380753146679925,-3.094233202647145,-3.0649950223856144,0.8354321701101891,-1.021508757068139,3.955010029302585,-0.4447028575291981,0.7080551592072115
70.0,257.0,138.31285095214844,-2.1197833816133724,2.6884618171729,-4.919654148753492,-3.0358741653251813,-2.497983769759862,0.842834476559036,-0.1225614890643665,3.959986228116211,-0.4442392354255461,1.3225858415645917
70.0,257.0,144.48789978027344,-2.141046964113209,1.771880474365917,-4.911381224157521,-3.040130457582591,-2.517262630056656,0.8055665997807893,-1.0369607176572375,3.977882256769657,-0.4549739669163189,1.3219810566530266
70.0,257.0,137.79502868652344,-2.1195459081714683,2.683170961341537,-4.920900436156873,-3.0289789918169814,-2.497166078323632,0.8418334143453621,-0.0993533398890526,3.964991679559623,-0.4441900084663588,1.3230676252868458
70.0,257.0,150.5499267578125,-2.11968739608623,1.755035030369485,-4.927208819748874,-3.0244678618957064,-2.0218319945465275,0.8106048132035997,-1.0135414794231097,3.9867357123238514,-0.4552261932641993,1.349251448476138
70.0,257.0,138.04493713378906,-2.121015142062417,2.6885317310937697,-4.911241501764085,-3.0399609159715344,-2.4970017337104085,0.8429165434689223,-0.1008868083300534,3.966950444366653,-0.4427201218302202,1.3231128528820075
70.0,257.0,137.79678344726562,-2.1188404445101785,2.6821635085172177,-4.919944316912106,-3.028018529044718,-2.4985161614516302,0.8429843219688248,-0.1000354608452682,3.963747607928229,-0.4440112818000191,1.3227342664688253
70.0,257.0,137.79798889160156,-2.120134214355396,2.683388457017545,-4.921521252026703,-3.031132794309282,-2.4981569968429063,0.8432424760825791,-0.0990414492531282,3.9657531548639833,-0.4442348947341011,1.3231987175715658
70.0,257.0,137.79592895507812,-2.1208607084101394,2.6828759074665944,-4.919259877714114,-3.028038106234152,-2.4988226898578216,0.8423254220716548,-0.0990312024840967,3.964410555505152,-0.444271943602834,1.3229901886987678
70.0,257.0,140.52117919921875,-2.1272497769988306,1.774468940747441,-4.918171862643308,-3.039466282870276,-2.4890347571925453,0.8476899259151214,-0.521753245229758,3.96549093137469,-0.4572526271482879,1.3258236409937911
70.0,257.0,145.3743896484375,-2.055715787756611,3.5459383446779773,-4.926743274509718,-3.033548482115602,-2.496961460418813,0.8144829614976842,-0.053820621728324,3.954244038928831,-0.4430671415972534,1.6597223734601851
70.0,257.0,139.49063110351562,-2.127036784137281,2.6864341888011003,-4.922580773522917,-3.0061126931140665,-1.94209301285814,0.8409841124852037,-0.5625834980067171,3.962763002701845,-0.4500653814960387,1.3055394714877115
70.0,257.0,137.80377197265625,-2.118603957680668,2.682657622112796,-4.921211674975853,-3.031919192536176,-2.4982467288757566,0.8428142773751908,-0.1013711790025697,3.96399263930651,-0.4450080812863519,1.3228448596912414
70.0,257.0,137.79837036132812,-2.123373891877418,2.682587582496074,-4.922339972295107,-3.0282333885585,-2.498791103322163,0.843581709590431,-0.0996585884390423,3.96464608978655,-0.4441283080645394,1.323065227809353
70.0,257.0,155.14508056640625,-2.144416528898283,1.7532622941419214,-4.910340166670732,-3.045212005694971,-1.9538792327145715,0.8337103093690844,-1.0439633387742353,3.904955445319976,-0.4075869564763927,0.7623833671535221
70.0,257.0,137.7950439453125,-2.119744244996133,2.682435783296845,-4.9209806386119785,-3.03076947790299,-2.497527090986978,0.8427058469954917,-0.099049829449504,3.963622304025877,-0.4442018869534857,1.32300122813776
70.0,257.0,137.804443359375,-2.124670019467279,2.679893225039872,-4.921389507959089,-3.02878719430555,-2.499496458552039,0.8416799446429538,-0.1001391488084174,3.9658734146100656,-0.4442398044905637,1.3231366446137922
70.0,257.0,157.8895721435547,-2.151116586352581,1.7765067177928218,-4.954217446239854,-3.688038395004858,-2.586077377730949,0.8144731752930827,-0.6122097261475492,3.624379146848815,-0.454328507982406,0.9702287003031408
70.0,257.0,159.0294189453125,-2.117713025129498,1.7006288086641086,-4.910839946617725,-3.020695606011796,-2.40708695301651,0.8779486630535245,-0.1408862767463208,3.969066312563719,-0.5243844905052852,1.0409317934004996
70.0,257.0,137.79400634765625,-2.119884158036408,2.681947378717135,-4.920782735460644,-3.0300967370300267,-2.498249991063528,0.8427131675931492,-0.099073616300307,3.964618659313543,-0.4440669212340772,1.3227255286352355
70.0,257.0,155.30633544921875,-2.110355142561264,1.7355664246072802,-4.897661520156259,-3.0945963635771343,-3.0647722813398968,0.8256285834289196,-1.0204516952792135,4.389633871132414,-0.4667985076585941,0.7287559592886229
70.0,257.0,158.0673828125,-2.13478528945232,1.8441109636686763,-4.929363763692761,-3.1294766675918138,-3.0546509867568057,1.330469986782295,-1.0107985278553162,3.543151829295136,-0.4498499097984712,0.7093224768745058
70.0,257.0,151.25607299804688,-2.172037136009037,1.7295055121999343,-4.886813252907739,-3.044272093932116,-2.527211347557737,0.8736419156014977,-1.0803740810791176,4.326682419773425,-0.4568381444550614,1.020613823807618
70.0,257.0,165.35855102539062,-2.0411344005614884,1.8033887960812784,-4.990096883276585,-3.0271535952284765,-1.9850275875294443,0.7502007915430735,-1.0075749577924853,3.0752222344234887,-0.4467256416415724,1.0584411608503208
70.0,257.0,165.263427734375,-2.025108824505472,1.819420873531608,-4.880777358367313,-3.048511178555349,-3.076473591889685,0.724041054625411,-1.045823708623605,4.79798916193166,-0.408550783489008,0.6991762171530035
70.0,257.0,137.79388427734375,-2.1197969233219003,2.682501248865924,-4.920949556040982,-3.029357062199896,-2.498212685336491,0.8427023980871142,-0.0990543932277764,3.9646719084198985,-0.444199569359356,1.3230862715750584
70.0,257.0,160.2692413330078,-1.055922459328694,1.7735920722761906,-4.937958133848109,-1.695201673496223,-3.064020344723154,0.8372423768827528,-1.0608401158966236,4.429729571994304,-0.4561175576200931,0.7202760905369371
70.0,258.0,157.60691833496094,-2.1221509371431435,1.8392303061078088,-4.902514539010984,-3.0864103908050646,-3.0538475418464337,0.8517324402109121,-1.0171489627324086,3.092931355225164,-0.4559853455206131,0.9824460715350812
70.0,258.0,161.15728759765625,-1.9534206856324816,1.7536378394229737,-4.890109816254475,-3.0956079319477503,-3.0662115030366284,0.8279698431872164,-1.019189610828445,4.304919778195342,-0.4515226464921155,0.7024576952550962
70.0,258.0,137.79519653320312,-2.119224388901571,2.682822288100392,-4.920864412310364,-3.029171707655157,-2.496805674102149,0.8427592944059575,-0.0994897809242982,3.96410401030228,-0.4443048864031413,1.3225953185703414
70.0,258.0,137.8007354736328,-2.11874858425824,2.6830495050636785,-4.921572170529264,-3.029930532135108,-2.500044037785152,0.8417896551606292,-0.0995665239623932,3.9660535743448713,-0.4443549889952953,1.3231351745149451
70.0,258.0,137.79486083984375,-2.120463693307168,2.682762110525274,-4.919981954198319,-3.0288144225882023,-2.4986580172813566,0.8432068684197771,-0.099025581348673,3.9643721719891625,-0.444152493210058,1.322893630431409
70.0,258.0,150.95826721191406,-2.1262525097823337,1.7737189882144293,-4.926724315985826,-3.0259742329384216,-2.437463469842107,1.4099652745982325,-1.0262765149084487,3.9233814230264574,-0.4512474950726279,1.609887845109697
70.0,258.0,156.08035278320312,-2.1580996450789263,1.728328627406782,-4.879695436337815,-3.0850529772078543,-3.06587044186364,0.8359929899162684,-1.015638048938622,3.5437633377229565,-0.4462973345896071,0.7233871726910266
70.0,258.0,140.3011474609375,-2.137152220579477,2.6562380628102864,-4.923127557633037,-3.017260987304274,-2.490244857012401,0.8633750383471248,-0.1273207141100578,3.97997047656476,-0.4469138262459632,1.3022614592388275
70.0,258.0,137.8142852783203,-2.1239997204675807,2.682062449712567,-4.920146743742367,-3.025958206184079,-2.496572923346182,0.8424196701669544,-0.1022452489700058,3.966022563682012,-0.4439904327991957,1.3232216508482948
70.0,258.0,137.7938690185547,-2.1197894820019507,2.682556644507335,-4.920920810427868,-3.0296890412534268,-2.4982021859095966,0.8427044705104604,-0.099069203409774,3.9642380925266063,-0.4441895330021806,1.323046092863299
70.0,258.0,137.79518127441406,-2.1228034747136606,2.6827521331080773,-4.920233826983846,-3.0294540929610783,-2.498077659625756,0.8427077573305544,-0.0990925553495871,3.9639367919339374,-0.4441869157022173,1.3231264707389818
70.0,258.0,137.79531860351562,-2.119206980935165,2.682737089791202,-4.919857430918961,-3.0308233717267936,-2.4987901078515904,0.8429557813973608,-0.0990549007965121,3.964233640112052,-0.4441224572232222,1.3229789570764952
70.0,258.0,137.7944793701172,-2.119162478023433,2.6825651503848307,-4.919924049246924,-3.029384472437976,-2.4982430495717534,0.8428730614028238,-0.0990688787811511,3.963910834088728,-0.4441692886711708,1.3230902943666496
70.0,258.0,137.7947998046875,-2.119742396454631,2.6827879060263697,-4.922271924462023,-3.029320709907063,-2.498219174408656,0.8425982670866028,-0.0992228978309861,3.964865686479437,-0.4441996033482605,1.323043301710509
70.0,258.0,177.90628051757812,-0.9480992037287066,1.6698462529856726,-4.92126265432442,-3.066282443454009,-3.048841576344093,1.9184003846581128,-1.029547548154336,4.407033002134062,-0.5675828178794807,0.7291447687456702
70.0,258.0,137.7974853515625,-2.1190473567600083,2.683123432368007,-4.921811841334847,-3.0275231903174884,-2.497573874903796,0.8424637367734538,-0.0991339925859329,3.964949891786575,-0.4441801806528775,1.3237725589460398
70.0,258.0,137.90975952148438,-2.1199541828971347,2.6898478635614125,-4.91004557044332,-3.0298592058544687,-2.4974304484881493,0.8427880237632345,-0.1024030660329906,3.969288060654384,-0.4485206756257643,1.3228018209740342
70.0,258.0,138.8553466796875,-2.1222250184014344,1.7859582697313516,-4.911992513925983,-3.027397375175113,-2.4919192799355665,0.8416130100114549,-0.0993832010494219,3.9665571402770703,-0.4440650734784624,1.323007832844661
70.0,258.0,137.7943115234375,-2.120511794307469,2.6833396780684766,-4.920685266635219,-3.0294071837666614,-2.498182264388642,0.8426881986815686,-0.0990696641263483,3.964544795530399,-0.4441732172243621,1.3227036836017123
70.0,258.0,137.79498291015625,-2.1201009413231966,2.68062940920797,-4.921901581790112,-3.0293738042257283,-2.4982372982680414,0.8427046067986448,-0.0991533696990499,3.964516745504648,-0.4442621340809284,1.3230538399003022
70.0,258.0,137.79396057128906,-2.119754338378496,2.6828728095306014,-4.92069923646218,-3.029364572515325,-2.4982074350516537,0.8426535586269777,-0.0990488291085788,3.964495304575579,-0.4442154319897936,1.323195184648341
70.0,258.0,137.79537963867188,-2.119797431011384,2.682975837363691,-4.92115091018553,-3.0289909180503,-2.498242373124851,0.8434973797473541,-0.0994089041082413,3.964961354908522,-0.4442484075168196,1.3233367301103045
70.0,258.0,137.79388427734375,-2.1196401905961104,2.682654754690154,-4.921238827427762,-3.029366325266844,-2.4980338099098374,0.8427187178382193,-0.0991358641520996,3.963899345166616,-0.4437720090333498,1.322998160819677
70.0,258.0,145.42514038085938,-2.120591016492801,2.6905883757295106,-4.91983183971075,-3.0175254191703447,-2.52715796656276,0.845469779407672,-0.105095278270824,3.979702242198777,-0.4445655386722492,0.758845752026637
70.0,258.0,138.31285095214844,-2.1197833816133724,2.6884618171729,-4.919654148753492,-3.0358741653251813,-2.497983769759862,0.842834476559036,-0.1225614890643665,3.959986228116211,-0.4442392354255461,1.3225858415645917
70.0,258.0,144.48789978027344,-2.141046964113209,1.771880474365917,-4.911381224157521,-3.040130457582591,-2.517262630056656,0.8055665997807893,-1.0369607176572375,3.977882256769657,-0.4549739669163189,1.3219810566530266
70.0,258.0,137.79502868652344,-2.1195459081714683,2.683170961341537,-4.920900436156873,-3.0289789918169814,-2.497166078323632,0.8418334143453621,-0.0993533398890526,3.964991679559623,-0.4441900084663588,1.3230676252868458
70.0,258.0,150.5499267578125,-2.11968739608623,1.755035030369485,-4.927208819748874,-3.0244678618957064,-2.0218319945465275,0.8106048132035997,-1.0135414794231097,3.9867357123238514,-0.4552261932641993,1.349251448476138
70.0,258.0,138.04493713378906,-2.121015142062417,2.6885317310937697,-4.911241501764085,-3.0399609159715344,-2.4970017337104085,0.8429165434689223,-0.1008868083300534,3.966950444366653,-0.4427201218302202,1.3231128528820075
70.0,258.0,137.79678344726562,-2.1188404445101785,2.6821635085172177,-4.919944316912106,-3.028018529044718,-2.4985161614516302,0.8429843219688248,-0.1000354608452682,3.963747607928229,-0.4440112818000191,1.3227342664688253
70.0,258.0,137.79556274414062,-2.119163006750657,2.682919079711968,-4.921030894268001,-3.03112809508376,-2.4981563538582714,0.8422523790279067,-0.0990356336638879,3.9647904402217846,-0.4442241024514635,1.3228382668081806
70.0,258.0,137.79592895507812,-2.1208607084101394,2.6828759074665944,-4.919259877714114,-3.028038106234152,-2.4988226898578216,0.8423254220716548,-0.0990312024840967,3.964410555505152,-0.444271943602834,1.3229901886987678
70.0,258.0,140.52117919921875,-2.1272497769988306,1.774468940747441,-4.918171862643308,-3.039466282870276,-2.4890347571925453,0.8476899259151214,-0.521753245229758,3.96549093137469,-0.4572526271482879,1.3258236409937911
70.0,258.0,145.3743896484375,-2.055715787756611,3.5459383446779773,-4.926743274509718,-3.033548482115602,-2.496961460418813,0.8144829614976842,-0.053820621728324,3.954244038928831,-0.4430671415972534,1.6597223734601851
70.0,258.0,139.49063110351562,-2.127036784137281,2.6864341888011003,-4.922580773522917,-3.0061126931140665,-1.94209301285814,0.8409841124852037,-0.5625834980067171,3.962763002701845,-0.4500653814960387,1.3055394714877115
70.0,258.0,137.79421997070312,-2.1189868715747737,2.682549979513901,-4.920670241462028,-3.0302704446005766,-2.4982192045174587,0.8425124714781553,-0.0991423271125396,3.964072354957248,-0.4438491837674572,1.3228568917405887
70.0,258.0,137.79837036132812,-2.123373891877418,2.682587582496074,-4.922339972295107,-3.0282333885585,-2.498791103322163,0.843581709590431,-0.0996585884390423,3.96464608978655,-0.4441283080645394,1.323065227809353
70.0,258.0,155.14508056640625,-2.144416528898283,1.7532622941419214,-4.910340166670732,-3.045212005694971,-1.9538792327145715,0.8337103093690844,-1.0439633387742353,3.904955445319976,-0.4075869564763927,0.7623833671535221
70.0,258.0,137.7950439453125,-2.119744244996133,2.682435783296845,-4.9209806386119785,-3.03076947790299,-2.497527090986978,0.8427058469954917,-0.099049829449504,3.963622304025877,-0.4442018869534857,1.32300122813776
70.0,258.0,137.804443359375,-2.124670019467279,2.679893225039872,-4.921389507959089,-3.02878719430555,-2.499496458552039,0.8416799446429538,-0.1001391488084174,3.9658734146100656,-0.4442398044905637,1.3231366446137922
70.0,258.0,157.8895721435547,-2.151116586352581,1.7765067177928218,-4.954217446239854,-3.688038395004858,-2.586077377730949,0.8144731752930827,-0.6122097261475492,3.624379146848815,-0.454328507982406,0.9702287003031408
70.0,258.0,159.0294189453125,-2.117713025129498,1.7006288086641086,-4.910839946617725,-3.020695606011796,-2.40708695301651,0.8779486630535245,-0.1408862767463208,3.969066312563719,-0.5243844905052852,1.0409317934004996
70.0,258.0,137.79364013671875,-2.1198532737005245,2.682325336237589,-4.920848662442082,-3.029985362527924,-2.498213817076804,0.8427103615300588,-0.0990778278213711,3.96433709148904,-0.4440320415389963,1.323060783100609
70.0,258.0,155.30633544921875,-2.110355142561264,1.7355664246072802,-4.897661520156259,-3.0945963635771343,-3.0647722813398968,0.8256285834289196,-1.0204516952792135,4.389633871132414,-0.4667985076585941,0.7287559592886229
70.0,258.0,158.0673828125,-2.13478528945232,1.8441109636686763,-4.929363763692761,-3.1294766675918138,-3.0546509867568057,1.330469986782295,-1.0107985278553162,3.543151829295136,-0.4498499097984712,0.7093224768745058
70.0,258.0,151.25607299804688,-2.172037136009037,1.7295055121999343,-4.886813252907739,-3.044272093932116,-2.527211347557737,0.8736419156014977,-1.0803740810791176,4.326682419773425,-0.4568381444550614,1.020613823807618
70.0,258.0,165.35855102539062,-2.0411344005614884,1.8033887960812784,-4.990096883276585,-3.0271535952284765,-1.9850275875294443,0.7502007915430735,-1.0075749577924853,3.0752222344234887,-0.4467256416415724,1.0584411608503208
70.0,258.0,165.263427734375,-2.025108824505472,1.819420873531608,-4.880777358367313,-3.048511178555349,-3.076473591889685,0.724041054625411,-1.045823708623605,4.79798916193166,-0.408550783489008,0.6991762171530035
70.0,258.0,137.79388427734375,-2.1197969233219003,2.682501248865924,-4.920949556040982,-3.029357062199896,-2.498212685336491,0.8427023980871142,-0.0990543932277764,3.9646719084198985,-0.444199569359356,1.3230862715750584
70.0,258.0,160.2692413330078,-1.055922459328694,1.7735920722761906,-4.937958133848109,-1.695201673496223,-3.064020344723154,0.8372423768827528,-1.0608401158966236,4.429729571994304,-0.4561175576200931,0.7202760905369371
70.0,259.0,157.60691833496094,-2.1221509371431435,1.8392303061078088,-4.902514539010984,-3.0864103908050646,-3.0538475418464337,0.8517324402109121,-1.0171489627324086,3.092931355225164,-0.4559853455206131,0.9824460715350812
70.0,259.0,161.15728759765625,-1.9534206856324816,1.7536378394229737,-4.890109816254475,-3.0956079319477503,-3.0662115030366284,0.8279698431872164,-1.019189610828445,4.304919778195342,-0.4515226464921155,0.7024576952550962
70.0,259.0,137.79519653320312,-2.119224388901571,2.682822288100392,-4.920864412310364,-3.029171707655157,-2.496805674102149,0.8427592944059575,-0.0994897809242982,3.96410401030228,-0.4443048864031413,1.3225953185703414
70.0,259.0,137.8007354736328,-2.11874858425824,2.6830495050636785,-4.921572170529264,-3.029930532135108,-2.500044037785152,0.8417896551606292,-0.0995665239623932,3.9660535743448713,-0.4443549889952953,1.3231351745149451
70.0,259.0,137.79486083984375,-2.120463693307168,2.682762110525274,-4.919981954198319,-3.0288144225882023,-2.4986580172813566,0.8432068684197771,-0.099025581348673,3.9643721719891625,-0.444152493210058,1.322893630431409
70.0,259.0,150.95826721191406,-2.1262525097823337,1.7737189882144293,-4.926724315985826,-3.0259742329384216,-2.437463469842107,1.4099652745982325,-1.0262765149084487,3.9233814230264574,-0.4512474950726279,1.609887845109697
70.0,259.0,156.08035278320312,-2.1580996450789263,1.728328627406782,-4.879695436337815,-3.0850529772078543,-3.06587044186364,0.8359929899162684,-1.015638048938622,3.5437633377229565,-0.4462973345896071,0.7233871726910266
70.0,259.0,139.54425048828125,-2.1434488113789523,2.687705661282381,-4.916345305223007,-3.0240061590142027,-2.495551943169588,0.8713244161519476,-0.0978984388471829,3.977462134584506,-0.4436873041385596,1.305491688591468
70.0,259.0,137.8142852783203,-2.1239997204675807,2.682062449712567,-4.920146743742367,-3.025958206184079,-2.496572923346182,0.8424196701669544,-0.1022452489700058,3.966022563682012,-0.4439904327991957,1.3232216508482948
70.0,259.0,137.7938690185547,-2.1197894820019507,2.682556644507335,-4.920920810427868,-3.0296890412534268,-2.4982021859095966,0.8427044705104604,-0.099069203409774,3.9642380925266063,-0.4441895330021806,1.323046092863299
70.0,259.0,137.79518127441406,-2.1228034747136606,2.6827521331080773,-4.920233826983846,-3.0294540929610783,-2.498077659625756,0.8427077573305544,-0.0990925553495871,3.9639367919339374,-0.4441869157022173,1.3231264707389818
70.0,259.0,137.79531860351562,-2.119206980935165,2.682737089791202,-4.919857430918961,-3.0308233717267936,-2.4987901078515904,0.8429557813973608,-0.0990549007965121,3.964233640112052,-0.4441224572232222,1.3229789570764952
70.0,259.0,137.7944793701172,-2.119162478023433,2.6825651503848307,-4.919924049246924,-3.029384472437976,-2.4982430495717534,0.8428730614028238,-0.0990688787811511,3.963910834088728,-0.4441692886711708,1.3230902943666496
70.0,259.0,137.7947998046875,-2.119742396454631,2.6827879060263697,-4.922271924462023,-3.029320709907063,-2.498219174408656,0.8425982670866028,-0.0992228978309861,3.964865686479437,-0.4441996033482605,1.323043301710509
70.0,259.0,177.90628051757812,-0.9480992037287066,1.6698462529856726,-4.92126265432442,-3.066282443454009,-3.048841576344093,1.9184003846581128,-1.029547548154336,4.407033002134062,-0.5675828178794807,0.7291447687456702
70.0,259.0,137.7974853515625,-2.1190473567600083,2.683123432368007,-4.921811841334847,-3.0275231903174884,-2.497573874903796,0.8424637367734538,-0.0991339925859329,3.964949891786575,-0.4441801806528775,1.3237725589460398
70.0,259.0,137.90975952148438,-2.1199541828971347,2.6898478635614125,-4.91004557044332,-3.0298592058544687,-2.4974304484881493,0.8427880237632345,-0.1024030660329906,3.969288060654384,-0.4485206756257643,1.3228018209740342
70.0,259.0,138.8553466796875,-2.1222250184014344,1.7859582697313516,-4.911992513925983,-3.027397375175113,-2.4919192799355665,0.8416130100114549,-0.0993832010494219,3.9665571402770703,-0.4440650734784624,1.323007832844661
70.0,259.0,137.7943115234375,-2.120511794307469,2.6833396780684766,-4.920685266635219,-3.0294071837666614,-2.498182264388642,0.8426881986815686,-0.0990696641263483,3.964544795530399,-0.4441732172243621,1.3227036836017123
70.0,259.0,137.79498291015625,-2.1201009413231966,2.68062940920797,-4.921901581790112,-3.0293738042257283,-2.4982372982680414,0.8427046067986448,-0.0991533696990499,3.964516745504648,-0.4442621340809284,1.3230538399003022
70.0,259.0,137.79396057128906,-2.119754338378496,2.6828728095306014,-4.92069923646218,-3.029364572515325,-2.4982074350516537,0.8426535586269777,-0.0990488291085788,3.964495304575579,-0.4442154319897936,1.323195184648341
70.0,259.0,137.79537963867188,-2.119797431011384,2.682975837363691,-4.92115091018553,-3.0289909180503,-2.498242373124851,0.8434973797473541,-0.0994089041082413,3.964961354908522,-0.4442484075168196,1.3233367301103045
70.0,259.0,137.79379272460938,-2.1195895504255864,2.6820881498840343,-4.920479901373732,-3.0297510129256326,-2.498112958028754,0.8427033686585996,-0.0990874925178246,3.964941586757489,-0.4439320357341887,1.3230780174831949
70.0,259.0,145.42514038085938,-2.120591016492801,2.6905883757295106,-4.91983183971075,-3.0175254191703447,-2.52715796656276,0.845469779407672,-0.105095278270824,3.979702242198777,-0.4445655386722492,0.758845752026637
70.0,259.0,138.31285095214844,-2.1197833816133724,2.6884618171729,-4.919654148753492,-3.0358741653251813,-2.497983769759862,0.842834476559036,-0.1225614890643665,3.959986228116211,-0.4442392354255461,1.3225858415645917
70.0,259.0,141.12399291992188,-2.1349543386688614,2.7396372451349507,-4.918683035812357,-3.0337495404546666,-2.4897321287521588,0.8072492792348052,-0.5300368927550796,3.984677542156798,-0.444792546274367,1.323546676900769
70.0,259.0,137.79502868652344,-2.1195459081714683,2.683170961341537,-4.920900436156873,-3.0289789918169814,-2.497166078323632,0.8418334143453621,-0.0993533398890526,3.964991679559623,-0.4441900084663588,1.3230676252868458
70.0,259.0,150.5499267578125,-2.11968739608623,1.755035030369485,-4.927208819748874,-3.0244678618957064,-2.0218319945465275,0.8106048132035997,-1.0135414794231097,3.9867357123238514,-0.4552261932641993,1.349251448476138
70.0,259.0,138.04493713378906,-2.121015142062417,2.6885317310937697,-4.911241501764085,-3.0399609159715344,-2.4970017337104085,0.8429165434689223,-0.1008868083300534,3.966950444366653,-0.4427201218302202,1.3231128528820075
70.0,259.0,137.79678344726562,-2.1188404445101785,2.6821635085172177,-4.919944316912106,-3.028018529044718,-2.4985161614516302,0.8429843219688248,-0.1000354608452682,3.963747607928229,-0.4440112818000191,1.3227342664688253
70.0,259.0,137.79556274414062,-2.119163006750657,2.682919079711968,-4.921030894268001,-3.03112809508376,-2.4981563538582714,0.8422523790279067,-0.0990356336638879,3.9647904402217846,-0.4442241024514635,1.3228382668081806
70.0,259.0,137.79592895507812,-2.1208607084101394,2.6828759074665944,-4.919259877714114,-3.028038106234152,-2.4988226898578216,0.8423254220716548,-0.0990312024840967,3.964410555505152,-0.444271943602834,1.3229901886987678
70.0,259.0,140.52117919921875,-2.1272497769988306,1.774468940747441,-4.918171862643308,-3.039466282870276,-2.4890347571925453,0.8476899259151214,-0.521753245229758,3.96549093137469,-0.4572526271482879,1.3258236409937911
70.0,259.0,145.3743896484375,-2.055715787756611,3.5459383446779773,-4.926743274509718,-3.033548482115602,-2.496961460418813,0.8144829614976842,-0.053820621728324,3.954244038928831,-0.4430671415972534,1.6597223734601851
70.0,259.0,139.49063110351562,-2.127036784137281,2.6864341888011003,-4.922580773522917,-3.0061126931140665,-1.94209301285814,0.8409841124852037,-0.5625834980067171,3.962763002701845,-0.4500653814960387,1.3055394714877115
70.0,259.0,137.79421997070312,-2.1189868715747737,2.682549979513901,-4.920670241462028,-3.0302704446005766,-2.4982192045174587,0.8425124714781553,-0.0991423271125396,3.964072354957248,-0.4438491837674572,1.3228568917405887
70.0,259.0,137.79837036132812,-2.123373891877418,2.682587582496074,-4.922339972295107,-3.0282333885585,-2.498791103322163,0.843581709590431,-0.0996585884390423,3.96464608978655,-0.4441283080645394,1.323065227809353
70.0,259.0,155.14508056640625,-2.144416528898283,1.7532622941419214,-4.910340166670732,-3.045212005694971,-1.9538792327145715,0.8337103093690844,-1.0439633387742353,3.904955445319976,-0.4075869564763927,0.7623833671535221
70.0,259.0,137.79441833496094,-2.121263146808595,2.682415419830631,-4.920811728521473,-3.029933956593494,-2.4975714945656704,0.84271484691273,-0.099015060214455,3.963790475426311,-0.4441087585511382,1.32305026673318
70.0,259.0,137.80091857910156,-2.1205005505491954,2.681182016126982,-4.9193156314675015,-3.0300870626146885,-2.500923524174656,0.8421185888747535,-0.0999170782521142,3.965500716350185,-0.4439523688991069,1.3231052605509614
70.0,259.0,157.8895721435547,-2.151116586352581,1.7765067177928218,-4.954217446239854,-3.688038395004858,-2.586077377730949,0.8144731752930827,-0.6122097261475492,3.624379146848815,-0.454328507982406,0.9702287003031408
70.0,259.0,159.0294189453125,-2.117713025129498,1.7006288086641086,-4.910839946617725,-3.020695606011796,-2.40708695301651,0.8779486630535245,-0.1408862767463208,3.969066312563719,-0.5243844905052852,1.0409317934004996
70.0,259.0,137.79364013671875,-2.1198532737005245,2.682325336237589,-4.920848662442082,-3.029985362527924,-2.498213817076804,0.8427103615300588,-0.0990778278213711,3.96433709148904,-0.4440320415389963,1.323060783100609
70.0,259.0,155.30633544921875,-2.110355142561264,1.7355664246072802,-4.897661520156259,-3.0945963635771343,-3.0647722813398968,0.8256285834289196,-1.0204516952792135,4.389633871132414,-0.4667985076585941,0.7287559592886229
70.0,259.0,158.0673828125,-2.13478528945232,1.8441109636686763,-4.929363763692761,-3.1294766675918138,-3.0546509867568057,1.330469986782295,-1.0107985278553162,3.543151829295136,-0.4498499097984712,0.7093224768745058
70.0,259.0,151.25607299804688,-2.172037136009037,1.7295055121999343,-4.886813252907739,-3.044272093932116,-2.527211347557737,0.8736419156014977,-1.0803740810791176,4.326682419773425,-0.4568381444550614,1.020613823807618
70.0,259.0,165.35855102539062,-2.0411344005614884,1.8033887960812784,-4.990096883276585,-3.0271535952284765,-1.9850275875294443,0.7502007915430735,-1.0075749577924853,3.0752222344234887,-0.4467256416415724,1.0584411608503208
70.0,259.0,165.263427734375,-2.025108824505472,1.819420873531608,-4.880777358367313,-3.048511178555349,-3.076473591889685,0.724041054625411,-1.045823708623605,4.79798916193166,-0.408550783489008,0.6991762171530035
70.0,259.0,137.79388427734375,-2.1197969233219003,2.682501248865924,-4.920949556040982,-3.029357062199896,-2.498212685336491,0.8427023980871142,-0.0990543932277764,3.9646719084198985,-0.444199569359356,1.3230862715750584
70.0,259.0,160.2692413330078,-1.055922459328694,1.7735920722761906,-4.937958133848109,-1.695201673496223,-3.064020344723154,0.8372423768827528,-1.0608401158966236,4.429729571994304,-0.4561175576200931,0.7202760905369371
70.0,260.0,157.60691833496094,-2.1221509371431435,1.8392303061078088,-4.902514539010984,-3.0864103908050646,-3.0538475418464337,0.8517324402109121,-1.0171489627324086,3.092931355225164,-0.4559853455206131,0.9824460715350812
70.0,260.0,161.15728759765625,-1.9534206856324816,1.7536378394229737,-4.890109816254475,-3.0956079319477503,-3.0662115030366284,0.8279698431872164,-1.019189610828445,4.304919778195342,-0.4515226464921155,0.7024576952550962
70.0,260.0,137.79490661621094,-2.119701059889143,2.6829553915410416,-4.920695489899108,-3.0295258490307577,-2.4983578270148654,0.8428091062914986,-0.0994161345911564,3.964226968535726,-0.444288199820825,1.3225093310613691
70.0,260.0,137.8007354736328,-2.11874858425824,2.6830495050636785,-4.921572170529264,-3.029930532135108,-2.500044037785152,0.8417896551606292,-0.0995665239623932,3.9660535743448713,-0.4443549889952953,1.3231351745149451
70.0,260.0,137.79486083984375,-2.120463693307168,2.682762110525274,-4.919981954198319,-3.0288144225882023,-2.4986580172813566,0.8432068684197771,-0.099025581348673,3.9643721719891625,-0.444152493210058,1.322893630431409
70.0,260.0,150.95826721191406,-2.1262525097823337,1.7737189882144293,-4.926724315985826,-3.0259742329384216,-2.437463469842107,1.4099652745982325,-1.0262765149084487,3.9233814230264574,-0.4512474950726279,1.609887845109697
70.0,260.0,156.08035278320312,-2.1580996450789263,1.728328627406782,-4.879695436337815,-3.0850529772078543,-3.06587044186364,0.8359929899162684,-1.015638048938622,3.5437633377229565,-0.4462973345896071,0.7233871726910266
70.0,260.0,138.32281494140625,-2.146965788250419,2.710996246515723,-4.920415716971298,-3.026359195553475,-2.500964451910641,0.847770784845666,-0.1018351425020072,3.956344505917486,-0.443560305050899,1.3283736769431242
70.0,260.0,137.8142852783203,-2.1239997204675807,2.682062449712567,-4.920146743742367,-3.025958206184079,-2.496572923346182,0.8424196701669544,-0.1022452489700058,3.966022563682012,-0.4439904327991957,1.3232216508482948
70.0,260.0,137.7938690185547,-2.1197894820019507,2.682556644507335,-4.920920810427868,-3.0296890412534268,-2.4982021859095966,0.8427044705104604,-0.099069203409774,3.9642380925266063,-0.4441895330021806,1.323046092863299
70.0,260.0,137.79518127441406,-2.1228034747136606,2.6827521331080773,-4.920233826983846,-3.0294540929610783,-2.498077659625756,0.8427077573305544,-0.0990925553495871,3.9639367919339374,-0.4441869157022173,1.3231264707389818
70.0,260.0,137.79531860351562,-2.119206980935165,2.682737089791202,-4.919857430918961,-3.0308233717267936,-2.4987901078515904,0.8429557813973608,-0.0990549007965121,3.964233640112052,-0.4441224572232222,1.3229789570764952
70.0,260.0,137.7944793701172,-2.119162478023433,2.6825651503848307,-4.919924049246924,-3.029384472437976,-2.4982430495717534,0.8428730614028238,-0.0990688787811511,3.963910834088728,-0.4441692886711708,1.3230902943666496
70.0,260.0,137.79420471191406,-2.119735781910763,2.681921357773748,-4.921700431699702,-3.029718814013688,-2.4982201021246504,0.8426222174148081,-0.0995535817047018,3.964457448739445,-0.4440967846778456,1.323056922824913
70.0,260.0,177.90628051757812,-0.9480992037287066,1.6698462529856726,-4.92126265432442,-3.066282443454009,-3.048841576344093,1.9184003846581128,-1.029547548154336,4.407033002134062,-0.5675828178794807,0.7291447687456702
70.0,260.0,137.7970428466797,-2.1196378226953034,2.6827514149964364,-4.920435877574895,-3.0293295486131004,-2.4954172135370656,0.8428267280519601,-0.0992489257531424,3.964948751188215,-0.4440730030131764,1.323711498505262
70.0,260.0,137.90975952148438,-2.1199541828971347,2.6898478635614125,-4.91004557044332,-3.0298592058544687,-2.4974304484881493,0.8427880237632345,-0.1024030660329906,3.969288060654384,-0.4485206756257643,1.3228018209740342
70.0,260.0,138.8553466796875,-2.1222250184014344,1.7859582697313516,-4.911992513925983,-3.027397375175113,-2.4919192799355665,0.8416130100114549,-0.0993832010494219,3.9665571402770703,-0.4440650734784624,1.323007832844661
70.0,260.0,137.7943115234375,-2.120511794307469,2.6833396780684766,-4.920685266635219,-3.0294071837666614,-2.498182264388642,0.8426881986815686,-0.0990696641263483,3.964544795530399,-0.4441732172243621,1.3227036836017123
70.0,260.0,137.79498291015625,-2.1201009413231966,2.68062940920797,-4.921901581790112,-3.0293738042257283,-2.4982372982680414,0.8427046067986448,-0.0991533696990499,3.964516745504648,-0.4442621340809284,1.3230538399003022
70.0,260.0,137.79385375976562,-2.1198036234258293,2.682850237585015,-4.920868124796135,-3.030249719357285,-2.498211491146666,0.8426581698144674,-0.0990509318739013,3.9643856758998512,-0.4439536813794516,1.322914648223516
70.0,260.0,137.79469299316406,-2.119796297893464,2.682757510814974,-4.920080196049001,-3.029830766667608,-2.4981073665576297,0.8416370651879098,-0.0990381257931557,3.964583109242535,-0.444231252273144,1.3230829610829211
70.0,260.0,137.7936248779297,-2.120104102156044,2.682348376340466,-4.920916566413463,-3.030047968651232,-2.498193076935676,0.8427079317706333,-0.099055176224852,3.9645555910924646,-0.4440161045576272,1.3230966809037252
70.0,260.0,145.42514038085938,-2.120591016492801,2.6905883757295106,-4.91983183971075,-3.0175254191703447,-2.52715796656276,0.845469779407672,-0.105095278270824,3.979702242198777,-0.4445655386722492,0.758845752026637
70.0,260.0,138.31285095214844,-2.1197833816133724,2.6884618171729,-4.919654148753492,-3.0358741653251813,-2.497983769759862,0.842834476559036,-0.1225614890643665,3.959986228116211,-0.4442392354255461,1.3225858415645917
70.0,260.0,141.12399291992188,-2.1349543386688614,2.7396372451349507,-4.918683035812357,-3.0337495404546666,-2.4897321287521588,0.8072492792348052,-0.5300368927550796,3.984677542156798,-0.444792546274367,1.323546676900769
70.0,260.0,137.7940216064453,-2.121005515582695,2.6816334538873434,-4.920894331043501,-3.030263816472996,-2.497095083801661,0.8425986082451221,-0.099185833493415,3.96453003663436,-0.444139871321871,1.3231221552534655
70.0,260.0,150.5499267578125,-2.11968739608623,1.755035030369485,-4.927208819748874,-3.0244678618957064,-2.0218319945465275,0.8106048132035997,-1.0135414794231097,3.9867357123238514,-0.4552261932641993,1.349251448476138
70.0,260.0,138.04493713378906,-2.121015142062417,2.6885317310937697,-4.911241501764085,-3.0399609159715344,-2.4970017337104085,0.8429165434689223,-0.1008868083300534,3.966950444366653,-0.4427201218302202,1.3231128528820075
70.0,260.0,137.79678344726562,-2.1188404445101785,2.6821635085172177,-4.919944316912106,-3.028018529044718,-2.4985161614516302,0.8429843219688248,-0.1000354608452682,3.963747607928229,-0.4440112818000191,1.3227342664688253
70.0,260.0,137.7940673828125,-2.119020218154976,2.6819736630034705,-4.92080047173924,-3.029358364800075,-2.4980852761381827,0.8419280303409046,-0.0990720015095911,3.964497131796111,-0.4439615405992526,1.323125904538215
70.0,260.0,137.79525756835938,-2.12015680561528,2.6835140895402154,-4.921216315190688,-3.029308104634908,-2.4985952418310604,0.8434839534149489,-0.0990644784427772,3.964318012248988,-0.4442345044536105,1.3231806291077215
70.0,260.0,140.52117919921875,-2.1272497769988306,1.774468940747441,-4.918171862643308,-3.039466282870276,-2.4890347571925453,0.8476899259151214,-0.521753245229758,3.96549093137469,-0.4572526271482879,1.3258236409937911
70.0,260.0,145.3743896484375,-2.055715787756611,3.5459383446779773,-4.926743274509718,-3.033548482115602,-2.496961460418813,0.8144829614976842,-0.053820621728324,3.954244038928831,-0.4430671415972534,1.6597223734601851
70.0,260.0,139.49063110351562,-2.127036784137281,2.6864341888011003,-4.922580773522917,-3.0061126931140665,-1.94209301285814,0.8409841124852037,-0.5625834980067171,3.962763002701845,-0.4500653814960387,1.3055394714877115
70.0,260.0,137.79421997070312,-2.1189868715747737,2.682549979513901,-4.920670241462028,-3.0302704446005766,-2.4982192045174587,0.8425124714781553,-0.0991423271125396,3.964072354957248,-0.4438491837674572,1.3228568917405887
70.0,260.0,137.79837036132812,-2.123373891877418,2.682587582496074,-4.922339972295107,-3.0282333885585,-2.498791103322163,0.843581709590431,-0.0996585884390423,3.96464608978655,-0.4441283080645394,1.323065227809353
70.0,260.0,155.14508056640625,-2.144416528898283,1.7532622941419214,-4.910340166670732,-3.045212005694971,-1.9538792327145715,0.8337103093690844,-1.0439633387742353,3.904955445319976,-0.4075869564763927,0.7623833671535221
70.0,260.0,137.79429626464844,-2.11948051894241,2.682239260232356,-4.920770854651899,-3.030015615447756,-2.497465748275228,0.842710141440075,-0.0990949459273381,3.965233707172,-0.444048451392788,1.3230840781659712
70.0,260.0,137.80091857910156,-2.1205005505491954,2.681182016126982,-4.9193156314675015,-3.0300870626146885,-2.500923524174656,0.8421185888747535,-0.0999170782521142,3.965500716350185,-0.4439523688991069,1.3231052605509614
70.0,260.0,157.8895721435547,-2.151116586352581,1.7765067177928218,-4.954217446239854,-3.688038395004858,-2.586077377730949,0.8144731752930827,-0.6122097261475492,3.624379146848815,-0.454328507982406,0.9702287003031408
70.0,260.0,155.00601196289062,-2.121067953623014,2.6740037129531027,-4.922195185010763,-3.0190657808472925,-2.4640390886720698,0.8874022978772951,-0.0888972283107288,3.966218500342375,-0.4744916951471489,1.058795787494893
70.0,260.0,137.79364013671875,-2.1198532737005245,2.682325336237589,-4.920848662442082,-3.029985362527924,-2.498213817076804,0.8427103615300588,-0.0990778278213711,3.96433709148904,-0.4440320415389963,1.323060783100609
70.0,260.0,155.30633544921875,-2.110355142561264,1.7355664246072802,-4.897661520156259,-3.0945963635771343,-3.0647722813398968,0.8256285834289196,-1.0204516952792135,4.389633871132414,-0.4667985076585941,0.7287559592886229
70.0,260.0,158.0673828125,-2.13478528945232,1.8441109636686763,-4.929363763692761,-3.1294766675918138,-3.0546509867568057,1.330469986782295,-1.0107985278553162,3.543151829295136,-0.4498499097984712,0.7093224768745058
70.0,260.0,151.25607299804688,-2.172037136009037,1.7295055121999343,-4.886813252907739,-3.044272093932116,-2.527211347557737,0.8736419156014977,-1.0803740810791176,4.326682419773425,-0.4568381444550614,1.020613823807618
70.0,260.0,165.35855102539062,-2.0411344005614884,1.8033887960812784,-4.990096883276585,-3.0271535952284765,-1.9850275875294443,0.7502007915430735,-1.0075749577924853,3.0752222344234887,-0.4467256416415724,1.0584411608503208
70.0,260.0,165.263427734375,-2.025108824505472,1.819420873531608,-4.880777358367313,-3.048511178555349,-3.076473591889685,0.724041054625411,-1.045823708623605,4.79798916193166,-0.408550783489008,0.6991762171530035
70.0,260.0,137.79388427734375,-2.1197969233219003,2.682501248865924,-4.920949556040982,-3.029357062199896,-2.498212685336491,0.8427023980871142,-0.0990543932277764,3.9646719084198985,-0.444199569359356,1.3230862715750584
70.0,260.0,160.2692413330078,-1.055922459328694,1.7735920722761906,-4.937958133848109,-1.695201673496223,-3.064020344723154,0.8372423768827528,-1.0608401158966236,4.429729571994304,-0.4561175576200931,0.7202760905369371
70.0,261.0,157.60691833496094,-2.1221509371431435,1.8392303061078088,-4.902514539010984,-3.0864103908050646,-3.0538475418464337,0.8517324402109121,-1.0171489627324086,3.092931355225164,-0.4559853455206131,0.9824460715350812
70.0,261.0,161.15728759765625,-1.9534206856324816,1.7536378394229737,-4.890109816254475,-3.0956079319477503,-3.0662115030366284,0.8279698431872164,-1.019189610828445,4.304919778195342,-0.4515226464921155,0.7024576952550962
70.0,261.0,137.79490661621094,-2.119701059889143,2.6829553915410416,-4.920695489899108,-3.0295258490307577,-2.4983578270148654,0.8428091062914986,-0.0994161345911564,3.964226968535726,-0.444288199820825,1.3225093310613691
70.0,261.0,137.8007354736328,-2.11874858425824,2.6830495050636785,-4.921572170529264,-3.029930532135108,-2.500044037785152,0.8417896551606292,-0.0995665239623932,3.9660535743448713,-0.4443549889952953,1.3231351745149451
70.0,261.0,137.79486083984375,-2.120463693307168,2.682762110525274,-4.919981954198319,-3.0288144225882023,-2.4986580172813566,0.8432068684197771,-0.099025581348673,3.9643721719891625,-0.444152493210058,1.322893630431409
70.0,261.0,150.95826721191406,-2.1262525097823337,1.7737189882144293,-4.926724315985826,-3.0259742329384216,-2.437463469842107,1.4099652745982325,-1.0262765149084487,3.9233814230264574,-0.4512474950726279,1.609887845109697
70.0,261.0,156.08035278320312,-2.1580996450789263,1.728328627406782,-4.879695436337815,-3.0850529772078543,-3.06587044186364,0.8359929899162684,-1.015638048938622,3.5437633377229565,-0.4462973345896071,0.7233871726910266
70.0,261.0,138.139892578125,-2.102835259179048,2.6820872661500466,-4.922284757595618,-3.030301307623584,-2.501098628128288,0.8369946133289486,-0.1004359847791483,3.957467877405626,-0.4437851951885532,1.3334802413822688
70.0,261.0,137.8142852783203,-2.1239997204675807,2.682062449712567,-4.920146743742367,-3.025958206184079,-2.496572923346182,0.8424196701669544,-0.1022452489700058,3.966022563682012,-0.4439904327991957,1.3232216508482948
70.0,261.0,137.7938690185547,-2.1197894820019507,2.682556644507335,-4.920920810427868,-3.0296890412534268,-2.4982021859095966,0.8427044705104604,-0.099069203409774,3.9642380925266063,-0.4441895330021806,1.323046092863299
70.0,261.0,137.79518127441406,-2.1228034747136606,2.6827521331080773,-4.920233826983846,-3.0294540929610783,-2.498077659625756,0.8427077573305544,-0.0990925553495871,3.9639367919339374,-0.4441869157022173,1.3231264707389818
70.0,261.0,137.79531860351562,-2.119206980935165,2.682737089791202,-4.919857430918961,-3.0308233717267936,-2.4987901078515904,0.8429557813973608,-0.0990549007965121,3.964233640112052,-0.4441224572232222,1.3229789570764952
70.0,261.0,137.7944793701172,-2.119162478023433,2.6825651503848307,-4.919924049246924,-3.029384472437976,-2.4982430495717534,0.8428730614028238,-0.0990688787811511,3.963910834088728,-0.4441692886711708,1.3230902943666496
70.0,261.0,137.7939910888672,-2.119830026727368,2.6814204060821902,-4.921184256273081,-3.030183801316084,-2.498192013906842,0.8426905126438458,-0.0990539974601792,3.9645827813639016,-0.444046333029051,1.3231485851383
70.0,261.0,177.90628051757812,-0.9480992037287066,1.6698462529856726,-4.92126265432442,-3.066282443454009,-3.048841576344093,1.9184003846581128,-1.029547548154336,4.407033002134062,-0.5675828178794807,0.7291447687456702
70.0,261.0,137.7970428466797,-2.1196378226953034,2.6827514149964364,-4.920435877574895,-3.0293295486131004,-2.4954172135370656,0.8428267280519601,-0.0992489257531424,3.964948751188215,-0.4440730030131764,1.323711498505262
70.0,261.0,137.90975952148438,-2.1199541828971347,2.6898478635614125,-4.91004557044332,-3.0298592058544687,-2.4974304484881493,0.8427880237632345,-0.1024030660329906,3.969288060654384,-0.4485206756257643,1.3228018209740342
70.0,261.0,138.8553466796875,-2.1222250184014344,1.7859582697313516,-4.911992513925983,-3.027397375175113,-2.4919192799355665,0.8416130100114549,-0.0993832010494219,3.9665571402770703,-0.4440650734784624,1.323007832844661
70.0,261.0,137.7943115234375,-2.120511794307469,2.6833396780684766,-4.920685266635219,-3.0294071837666614,-2.498182264388642,0.8426881986815686,-0.0990696641263483,3.964544795530399,-0.4441732172243621,1.3227036836017123
70.0,261.0,137.79498291015625,-2.1201009413231966,2.68062940920797,-4.921901581790112,-3.0293738042257283,-2.4982372982680414,0.8427046067986448,-0.0991533696990499,3.964516745504648,-0.4442621340809284,1.3230538399003022
70.0,261.0,137.79367065429688,-2.120418317440568,2.6820466708976105,-4.920957571825909,-3.03001417810391,-2.4981898503630946,0.8426374012869566,-0.0990454144694379,3.964729995961344,-0.4439652521994738,1.3231774124277802
70.0,261.0,137.79469299316406,-2.119796297893464,2.682757510814974,-4.920080196049001,-3.029830766667608,-2.4981073665576297,0.8416370651879098,-0.0990381257931557,3.964583109242535,-0.444231252273144,1.3230829610829211
70.0,261.0,137.7936248779297,-2.120104102156044,2.682348376340466,-4.920916566413463,-3.030047968651232,-2.498193076935676,0.8427079317706333,-0.099055176224852,3.9645555910924646,-0.4440161045576272,1.3230966809037252
70.0,261.0,145.42514038085938,-2.120591016492801,2.6905883757295106,-4.91983183971075,-3.0175254191703447,-2.52715796656276,0.845469779407672,-0.105095278270824,3.979702242198777,-0.4445655386722492,0.758845752026637
70.0,261.0,138.09800720214844,-2.120038638207479,2.713331736885092,-4.919510302570144,-3.0388967895369645,-2.4980761576892445,0.8426936840503679,-0.0989856965455644,3.965111801335605,-0.4438335497247514,1.3231885136059682
70.0,261.0,141.12399291992188,-2.1349543386688614,2.7396372451349507,-4.918683035812357,-3.0337495404546666,-2.4897321287521588,0.8072492792348052,-0.5300368927550796,3.984677542156798,-0.444792546274367,1.323546676900769
70.0,261.0,137.7940216064453,-2.121005515582695,2.6816334538873434,-4.920894331043501,-3.030263816472996,-2.497095083801661,0.8425986082451221,-0.099185833493415,3.96453003663436,-0.444139871321871,1.3231221552534655
70.0,261.0,150.5499267578125,-2.11968739608623,1.755035030369485,-4.927208819748874,-3.0244678618957064,-2.0218319945465275,0.8106048132035997,-1.0135414794231097,3.9867357123238514,-0.4552261932641993,1.349251448476138
70.0,261.0,138.04493713378906,-2.121015142062417,2.6885317310937697,-4.911241501764085,-3.0399609159715344,-2.4970017337104085,0.8429165434689223,-0.1008868083300534,3.966950444366653,-0.4427201218302202,1.3231128528820075
70.0,261.0,137.79678344726562,-2.1188404445101785,2.6821635085172177,-4.919944316912106,-3.028018529044718,-2.4985161614516302,0.8429843219688248,-0.1000354608452682,3.963747607928229,-0.4440112818000191,1.3227342664688253
70.0,261.0,137.7940673828125,-2.119020218154976,2.6819736630034705,-4.92080047173924,-3.029358364800075,-2.4980852761381827,0.8419280303409046,-0.0990720015095911,3.964497131796111,-0.4439615405992526,1.323125904538215
70.0,261.0,137.79525756835938,-2.12015680561528,2.6835140895402154,-4.921216315190688,-3.029308104634908,-2.4985952418310604,0.8434839534149489,-0.0990644784427772,3.964318012248988,-0.4442345044536105,1.3231806291077215
70.0,261.0,140.52117919921875,-2.1272497769988306,1.774468940747441,-4.918171862643308,-3.039466282870276,-2.4890347571925453,0.8476899259151214,-0.521753245229758,3.96549093137469,-0.4572526271482879,1.3258236409937911
70.0,261.0,145.3743896484375,-2.055715787756611,3.5459383446779773,-4.926743274509718,-3.033548482115602,-2.496961460418813,0.8144829614976842,-0.053820621728324,3.954244038928831,-0.4430671415972534,1.6597223734601851
70.0,261.0,139.49063110351562,-2.127036784137281,2.6864341888011003,-4.922580773522917,-3.0061126931140665,-1.94209301285814,0.8409841124852037,-0.5625834980067171,3.962763002701845,-0.4500653814960387,1.3055394714877115
70.0,261.0,137.79421997070312,-2.1189868715747737,2.682549979513901,-4.920670241462028,-3.0302704446005766,-2.4982192045174587,0.8425124714781553,-0.0991423271125396,3.964072354957248,-0.4438491837674572,1.3228568917405887
70.0,261.0,137.7944793701172,-2.121401283886955,2.6823574223890825,-4.920815181534709,-3.0292818018924046,-2.497635351732756,0.8431063034448447,-0.0997629484117043,3.964084366349168,-0.4440731210705346,1.3229223250036826
70.0,261.0,155.14508056640625,-2.144416528898283,1.7532622941419214,-4.910340166670732,-3.045212005694971,-1.9538792327145715,0.8337103093690844,-1.0439633387742353,3.904955445319976,-0.4075869564763927,0.7623833671535221
70.0,261.0,137.79429626464844,-2.11948051894241,2.682239260232356,-4.920770854651899,-3.030015615447756,-2.497465748275228,0.842710141440075,-0.0990949459273381,3.965233707172,-0.444048451392788,1.3230840781659712
70.0,261.0,137.80091857910156,-2.1205005505491954,2.681182016126982,-4.9193156314675015,-3.0300870626146885,-2.500923524174656,0.8421185888747535,-0.0999170782521142,3.965500716350185,-0.4439523688991069,1.3231052605509614
70.0,261.0,157.8895721435547,-2.151116586352581,1.7765067177928218,-4.954217446239854,-3.688038395004858,-2.586077377730949,0.8144731752930827,-0.6122097261475492,3.624379146848815,-0.454328507982406,0.9702287003031408
70.0,261.0,155.00601196289062,-2.121067953623014,2.6740037129531027,-4.922195185010763,-3.0190657808472925,-2.4640390886720698,0.8874022978772951,-0.0888972283107288,3.966218500342375,-0.4744916951471489,1.058795787494893
70.0,261.0,137.79364013671875,-2.1198532737005245,2.682325336237589,-4.920848662442082,-3.029985362527924,-2.498213817076804,0.8427103615300588,-0.0990778278213711,3.96433709148904,-0.4440320415389963,1.323060783100609
70.0,261.0,155.30633544921875,-2.110355142561264,1.7355664246072802,-4.897661520156259,-3.0945963635771343,-3.0647722813398968,0.8256285834289196,-1.0204516952792135,4.389633871132414,-0.4667985076585941,0.7287559592886229
70.0,261.0,158.0673828125,-2.13478528945232,1.8441109636686763,-4.929363763692761,-3.1294766675918138,-3.0546509867568057,1.330469986782295,-1.0107985278553162,3.543151829295136,-0.4498499097984712,0.7093224768745058
70.0,261.0,151.25607299804688,-2.172037136009037,1.7295055121999343,-4.886813252907739,-3.044272093932116,-2.527211347557737,0.8736419156014977,-1.0803740810791176,4.326682419773425,-0.4568381444550614,1.020613823807618
70.0,261.0,165.35855102539062,-2.0411344005614884,1.8033887960812784,-4.990096883276585,-3.0271535952284765,-1.9850275875294443,0.7502007915430735,-1.0075749577924853,3.0752222344234887,-0.4467256416415724,1.0584411608503208
70.0,261.0,165.263427734375,-2.025108824505472,1.819420873531608,-4.880777358367313,-3.048511178555349,-3.076473591889685,0.724041054625411,-1.045823708623605,4.79798916193166,-0.408550783489008,0.6991762171530035
70.0,261.0,137.79388427734375,-2.1197969233219003,2.682501248865924,-4.920949556040982,-3.029357062199896,-2.498212685336491,0.8427023980871142,-0.0990543932277764,3.9646719084198985,-0.444199569359356,1.3230862715750584
70.0,261.0,160.2692413330078,-1.055922459328694,1.7735920722761906,-4.937958133848109,-1.695201673496223,-3.064020344723154,0.8372423768827528,-1.0608401158966236,4.429729571994304,-0.4561175576200931,0.7202760905369371
70.0,262.0,157.60691833496094,-2.1221509371431435,1.8392303061078088,-4.902514539010984,-3.0864103908050646,-3.0538475418464337,0.8517324402109121,-1.0171489627324086,3.092931355225164,-0.4559853455206131,0.9824460715350812
70.0,262.0,161.15728759765625,-1.9534206856324816,1.7536378394229737,-4.890109816254475,-3.0956079319477503,-3.0662115030366284,0.8279698431872164,-1.019189610828445,4.304919778195342,-0.4515226464921155,0.7024576952550962
70.0,262.0,137.79428100585938,-2.119783935109113,2.68199883612094,-4.920791255228204,-3.0302030289134008,-2.4982046635914696,0.842710252766224,-0.0992809748337155,3.964488867926892,-0.4440926142988468,1.322624315397875
70.0,262.0,137.8007354736328,-2.11874858425824,2.6830495050636785,-4.921572170529264,-3.029930532135108,-2.500044037785152,0.8417896551606292,-0.0995665239623932,3.9660535743448713,-0.4443549889952953,1.3231351745149451
70.0,262.0,137.79486083984375,-2.120463693307168,2.682762110525274,-4.919981954198319,-3.0288144225882023,-2.4986580172813566,0.8432068684197771,-0.099025581348673,3.9643721719891625,-0.444152493210058,1.322893630431409
70.0,262.0,150.95826721191406,-2.1262525097823337,1.7737189882144293,-4.926724315985826,-3.0259742329384216,-2.437463469842107,1.4099652745982325,-1.0262765149084487,3.9233814230264574,-0.4512474950726279,1.609887845109697
70.0,262.0,156.08035278320312,-2.1580996450789263,1.728328627406782,-4.879695436337815,-3.0850529772078543,-3.06587044186364,0.8359929899162684,-1.015638048938622,3.5437633377229565,-0.4462973345896071,0.7233871726910266
70.0,262.0,138.139892578125,-2.102835259179048,2.6820872661500466,-4.922284757595618,-3.030301307623584,-2.501098628128288,0.8369946133289486,-0.1004359847791483,3.957467877405626,-0.4437851951885532,1.3334802413822688
70.0,262.0,137.8142852783203,-2.1239997204675807,2.682062449712567,-4.920146743742367,-3.025958206184079,-2.496572923346182,0.8424196701669544,-0.1022452489700058,3.966022563682012,-0.4439904327991957,1.3232216508482948
70.0,262.0,137.7938690185547,-2.1197894820019507,2.682556644507335,-4.920920810427868,-3.0296890412534268,-2.4982021859095966,0.8427044705104604,-0.099069203409774,3.9642380925266063,-0.4441895330021806,1.323046092863299
70.0,262.0,137.79518127441406,-2.1228034747136606,2.6827521331080773,-4.920233826983846,-3.0294540929610783,-2.498077659625756,0.8427077573305544,-0.0990925553495871,3.9639367919339374,-0.4441869157022173,1.3231264707389818
70.0,262.0,137.7949676513672,-2.120493149055475,2.682328813627996,-4.919805815828365,-3.0287721901348235,-2.498749345472932,0.8428981306236166,-0.0994739302100558,3.9646979566812406,-0.443977991233718,1.3226026395045671
70.0,262.0,137.7944793701172,-2.119162478023433,2.6825651503848307,-4.919924049246924,-3.029384472437976,-2.4982430495717534,0.8428730614028238,-0.0990688787811511,3.963910834088728,-0.4441692886711708,1.3230902943666496
70.0,262.0,137.7939910888672,-2.119830026727368,2.6814204060821902,-4.921184256273081,-3.030183801316084,-2.498192013906842,0.8426905126438458,-0.0990539974601792,3.9645827813639016,-0.444046333029051,1.3231485851383
70.0,262.0,177.90628051757812,-0.9480992037287066,1.6698462529856726,-4.92126265432442,-3.066282443454009,-3.048841576344093,1.9184003846581128,-1.029547548154336,4.407033002134062,-0.5675828178794807,0.7291447687456702
70.0,262.0,137.7970428466797,-2.1196378226953034,2.6827514149964364,-4.920435877574895,-3.0293295486131004,-2.4954172135370656,0.8428267280519601,-0.0992489257531424,3.964948751188215,-0.4440730030131764,1.323711498505262
70.0,262.0,137.90975952148438,-2.1199541828971347,2.6898478635614125,-4.91004557044332,-3.0298592058544687,-2.4974304484881493,0.8427880237632345,-0.1024030660329906,3.969288060654384,-0.4485206756257643,1.3228018209740342
70.0,262.0,138.8553466796875,-2.1222250184014344,1.7859582697313516,-4.911992513925983,-3.027397375175113,-2.4919192799355665,0.8416130100114549,-0.0993832010494219,3.9665571402770703,-0.4440650734784624,1.323007832844661
70.0,262.0,137.79408264160156,-2.1211571971384084,2.6821265583438363,-4.920704755838647,-3.02964981449016,-2.4982260728925683,0.8427094931445636,-0.0990563387183945,3.964583107321873,-0.4442298280391634,1.3227559979703785
70.0,262.0,137.79498291015625,-2.1201009413231966,2.68062940920797,-4.921901581790112,-3.0293738042257283,-2.4982372982680414,0.8427046067986448,-0.0991533696990499,3.964516745504648,-0.4442621340809284,1.3230538399003022
70.0,262.0,137.79367065429688,-2.120418317440568,2.6820466708976105,-4.920957571825909,-3.03001417810391,-2.4981898503630946,0.8426374012869566,-0.0990454144694379,3.964729995961344,-0.4439652521994738,1.3231774124277802
70.0,262.0,137.7942352294922,-2.1197526278406844,2.682534679064678,-4.919722498174685,-3.029864355025154,-2.498281377465336,0.8420817346354966,-0.0991634333190932,3.964075065773284,-0.4440498718544391,1.323009079920848
70.0,262.0,137.7936248779297,-2.120104102156044,2.682348376340466,-4.920916566413463,-3.030047968651232,-2.498193076935676,0.8427079317706333,-0.099055176224852,3.9645555910924646,-0.4440161045576272,1.3230966809037252
70.0,262.0,145.42514038085938,-2.120591016492801,2.6905883757295106,-4.91983183971075,-3.0175254191703447,-2.52715796656276,0.845469779407672,-0.105095278270824,3.979702242198777,-0.4445655386722492,0.758845752026637
70.0,262.0,138.09800720214844,-2.120038638207479,2.713331736885092,-4.919510302570144,-3.0388967895369645,-2.4980761576892445,0.8426936840503679,-0.0989856965455644,3.965111801335605,-0.4438335497247514,1.3231885136059682
70.0,262.0,141.12399291992188,-2.1349543386688614,2.7396372451349507,-4.918683035812357,-3.0337495404546666,-2.4897321287521588,0.8072492792348052,-0.5300368927550796,3.984677542156798,-0.444792546274367,1.323546676900769
70.0,262.0,137.7940216064453,-2.121005515582695,2.6816334538873434,-4.920894331043501,-3.030263816472996,-2.497095083801661,0.8425986082451221,-0.099185833493415,3.96453003663436,-0.444139871321871,1.3231221552534655
70.0,262.0,150.5499267578125,-2.11968739608623,1.755035030369485,-4.927208819748874,-3.0244678618957064,-2.0218319945465275,0.8106048132035997,-1.0135414794231097,3.9867357123238514,-0.4552261932641993,1.349251448476138
70.0,262.0,138.04493713378906,-2.121015142062417,2.6885317310937697,-4.911241501764085,-3.0399609159715344,-2.4970017337104085,0.8429165434689223,-0.1008868083300534,3.966950444366653,-0.4427201218302202,1.3231128528820075
70.0,262.0,137.79678344726562,-2.1188404445101785,2.6821635085172177,-4.919944316912106,-3.028018529044718,-2.4985161614516302,0.8429843219688248,-0.1000354608452682,3.963747607928229,-0.4440112818000191,1.3227342664688253
70.0,262.0,137.79380798339844,-2.119825100316721,2.6823700783455893,-4.920818651517441,-3.0292159222419093,-2.498255563440354,0.8426715857573166,-0.09908928477203,3.9640200336256046,-0.443990096959467,1.323108061907952
70.0,262.0,137.79525756835938,-2.12015680561528,2.6835140895402154,-4.921216315190688,-3.029308104634908,-2.4985952418310604,0.8434839534149489,-0.0990644784427772,3.964318012248988,-0.4442345044536105,1.3231806291077215
70.0,262.0,140.52117919921875,-2.1272497769988306,1.774468940747441,-4.918171862643308,-3.039466282870276,-2.4890347571925453,0.8476899259151214,-0.521753245229758,3.96549093137469,-0.4572526271482879,1.3258236409937911
70.0,262.0,145.3743896484375,-2.055715787756611,3.5459383446779773,-4.926743274509718,-3.033548482115602,-2.496961460418813,0.8144829614976842,-0.053820621728324,3.954244038928831,-0.4430671415972534,1.6597223734601851
70.0,262.0,139.49063110351562,-2.127036784137281,2.6864341888011003,-4.922580773522917,-3.0061126931140665,-1.94209301285814,0.8409841124852037,-0.5625834980067171,3.962763002701845,-0.4500653814960387,1.3055394714877115
70.0,262.0,137.79421997070312,-2.1189868715747737,2.682549979513901,-4.920670241462028,-3.0302704446005766,-2.4982192045174587,0.8425124714781553,-0.0991423271125396,3.964072354957248,-0.4438491837674572,1.3228568917405887
70.0,262.0,137.7944793701172,-2.121401283886955,2.6823574223890825,-4.920815181534709,-3.0292818018924046,-2.497635351732756,0.8431063034448447,-0.0997629484117043,3.964084366349168,-0.4440731210705346,1.3229223250036826
70.0,262.0,155.14508056640625,-2.144416528898283,1.7532622941419214,-4.910340166670732,-3.045212005694971,-1.9538792327145715,0.8337103093690844,-1.0439633387742353,3.904955445319976,-0.4075869564763927,0.7623833671535221
70.0,262.0,137.79429626464844,-2.11948051894241,2.682239260232356,-4.920770854651899,-3.030015615447756,-2.497465748275228,0.842710141440075,-0.0990949459273381,3.965233707172,-0.444048451392788,1.3230840781659712
70.0,262.0,137.80091857910156,-2.1205005505491954,2.681182016126982,-4.9193156314675015,-3.0300870626146885,-2.500923524174656,0.8421185888747535,-0.0999170782521142,3.965500716350185,-0.4439523688991069,1.3231052605509614
70.0,262.0,157.8895721435547,-2.151116586352581,1.7765067177928218,-4.954217446239854,-3.688038395004858,-2.586077377730949,0.8144731752930827,-0.6122097261475492,3.624379146848815,-0.454328507982406,0.9702287003031408
70.0,262.0,155.00601196289062,-2.121067953623014,2.6740037129531027,-4.922195185010763,-3.0190657808472925,-2.4640390886720698,0.8874022978772951,-0.0888972283107288,3.966218500342375,-0.4744916951471489,1.058795787494893
70.0,262.0,137.79364013671875,-2.1198532737005245,2.682325336237589,-4.920848662442082,-3.029985362527924,-2.498213817076804,0.8427103615300588,-0.0990778278213711,3.96433709148904,-0.4440320415389963,1.323060783100609
70.0,262.0,155.30633544921875,-2.110355142561264,1.7355664246072802,-4.897661520156259,-3.0945963635771343,-3.0647722813398968,0.8256285834289196,-1.0204516952792135,4.389633871132414,-0.4667985076585941,0.7287559592886229
70.0,262.0,158.0673828125,-2.13478528945232,1.8441109636686763,-4.929363763692761,-3.1294766675918138,-3.0546509867568057,1.330469986782295,-1.0107985278553162,3.543151829295136,-0.4498499097984712,0.7093224768745058
70.0,262.0,151.25607299804688,-2.172037136009037,1.7295055121999343,-4.886813252907739,-3.044272093932116,-2.527211347557737,0.8736419156014977,-1.0803740810791176,4.326682419773425,-0.4568381444550614,1.020613823807618
70.0,262.0,165.35855102539062,-2.0411344005614884,1.8033887960812784,-4.990096883276585,-3.0271535952284765,-1.9850275875294443,0.7502007915430735,-1.0075749577924853,3.0752222344234887,-0.4467256416415724,1.0584411608503208
70.0,262.0,165.263427734375,-2.025108824505472,1.819420873531608,-4.880777358367313,-3.048511178555349,-3.076473591889685,0.724041054625411,-1.045823708623605,4.79798916193166,-0.408550783489008,0.6991762171530035
70.0,262.0,137.79388427734375,-2.1197969233219003,2.682501248865924,-4.920949556040982,-3.029357062199896,-2.498212685336491,0.8427023980871142,-0.0990543932277764,3.9646719084198985,-0.444199569359356,1.3230862715750584
70.0,262.0,160.2692413330078,-1.055922459328694,1.7735920722761906,-4.937958133848109,-1.695201673496223,-3.064020344723154,0.8372423768827528,-1.0608401158966236,4.429729571994304,-0.4561175576200931,0.7202760905369371
70.0,263.0,157.60691833496094,-2.1221509371431435,1.8392303061078088,-4.902514539010984,-3.0864103908050646,-3.0538475418464337,0.8517324402109121,-1.0171489627324086,3.092931355225164,-0.4559853455206131,0.9824460715350812
70.0,263.0,161.15728759765625,-1.9534206856324816,1.7536378394229737,-4.890109816254475,-3.0956079319477503,-3.0662115030366284,0.8279698431872164,-1.019189610828445,4.304919778195342,-0.4515226464921155,0.7024576952550962
70.0,263.0,137.79428100585938,-2.119783935109113,2.68199883612094,-4.920791255228204,-3.0302030289134008,-2.4982046635914696,0.842710252766224,-0.0992809748337155,3.964488867926892,-0.4440926142988468,1.322624315397875
70.0,263.0,137.8007354736328,-2.11874858425824,2.6830495050636785,-4.921572170529264,-3.029930532135108,-2.500044037785152,0.8417896551606292,-0.0995665239623932,3.9660535743448713,-0.4443549889952953,1.3231351745149451
70.0,263.0,137.79486083984375,-2.120463693307168,2.682762110525274,-4.919981954198319,-3.0288144225882023,-2.4986580172813566,0.8432068684197771,-0.099025581348673,3.9643721719891625,-0.444152493210058,1.322893630431409
70.0,263.0,150.95826721191406,-2.1262525097823337,1.7737189882144293,-4.926724315985826,-3.0259742329384216,-2.437463469842107,1.4099652745982325,-1.0262765149084487,3.9233814230264574,-0.4512474950726279,1.609887845109697
70.0,263.0,156.08035278320312,-2.1580996450789263,1.728328627406782,-4.879695436337815,-3.0850529772078543,-3.06587044186364,0.8359929899162684,-1.015638048938622,3.5437633377229565,-0.4462973345896071,0.7233871726910266
70.0,263.0,138.0702362060547,-2.1224396643027146,2.6963593551810567,-4.9241531702896015,-3.0286837047122965,-2.508695190455553,0.8411584478310626,-0.1003285546867717,3.954336848012919,-0.4439563961424854,1.3284180510983694
70.0,263.0,137.8142852783203,-2.1239997204675807,2.682062449712567,-4.920146743742367,-3.025958206184079,-2.496572923346182,0.8424196701669544,-0.1022452489700058,3.966022563682012,-0.4439904327991957,1.3232216508482948
70.0,263.0,137.7938690185547,-2.1197894820019507,2.682556644507335,-4.920920810427868,-3.0296890412534268,-2.4982021859095966,0.8427044705104604,-0.099069203409774,3.9642380925266063,-0.4441895330021806,1.323046092863299
70.0,263.0,137.79518127441406,-2.1228034747136606,2.6827521331080773,-4.920233826983846,-3.0294540929610783,-2.498077659625756,0.8427077573305544,-0.0990925553495871,3.9639367919339374,-0.4441869157022173,1.3231264707389818
70.0,263.0,137.7949676513672,-2.120493149055475,2.682328813627996,-4.919805815828365,-3.0287721901348235,-2.498749345472932,0.8428981306236166,-0.0994739302100558,3.9646979566812406,-0.443977991233718,1.3226026395045671
70.0,263.0,137.7944793701172,-2.119162478023433,2.6825651503848307,-4.919924049246924,-3.029384472437976,-2.4982430495717534,0.8428730614028238,-0.0990688787811511,3.963910834088728,-0.4441692886711708,1.3230902943666496
70.0,263.0,137.7939910888672,-2.119830026727368,2.6814204060821902,-4.921184256273081,-3.030183801316084,-2.498192013906842,0.8426905126438458,-0.0990539974601792,3.9645827813639016,-0.444046333029051,1.3231485851383
70.0,263.0,177.90628051757812,-0.9480992037287066,1.6698462529856726,-4.92126265432442,-3.066282443454009,-3.048841576344093,1.9184003846581128,-1.029547548154336,4.407033002134062,-0.5675828178794807,0.7291447687456702
70.0,263.0,137.79522705078125,-2.120366865843476,2.682430330288557,-4.921559553504755,-3.0298796121203404,-2.499183271195151,0.842794112901041,-0.0990167460431751,3.964624645869504,-0.444057366341399,1.3233854494277095
70.0,263.0,137.90975952148438,-2.1199541828971347,2.6898478635614125,-4.91004557044332,-3.0298592058544687,-2.4974304484881493,0.8427880237632345,-0.1024030660329906,3.969288060654384,-0.4485206756257643,1.3228018209740342
70.0,263.0,138.8553466796875,-2.1222250184014344,1.7859582697313516,-4.911992513925983,-3.027397375175113,-2.4919192799355665,0.8416130100114549,-0.0993832010494219,3.9665571402770703,-0.4440650734784624,1.323007832844661
70.0,263.0,137.79379272460938,-2.1206828343563786,2.6826329349690994,-4.92063625418814,-3.030161395118815,-2.49817519363455,0.8427121009943318,-0.0990505492011123,3.964650384114339,-0.4439664434217893,1.323302608719818
70.0,263.0,137.79498291015625,-2.1201009413231966,2.68062940920797,-4.921901581790112,-3.0293738042257283,-2.4982372982680414,0.8427046067986448,-0.0991533696990499,3.964516745504648,-0.4442621340809284,1.3230538399003022
70.0,263.0,137.79367065429688,-2.120418317440568,2.6820466708976105,-4.920957571825909,-3.03001417810391,-2.4981898503630946,0.8426374012869566,-0.0990454144694379,3.964729995961344,-0.4439652521994738,1.3231774124277802
70.0,263.0,137.7942352294922,-2.1197526278406844,2.682534679064678,-4.919722498174685,-3.029864355025154,-2.498281377465336,0.8420817346354966,-0.0991634333190932,3.964075065773284,-0.4440498718544391,1.323009079920848
70.0,263.0,137.7936248779297,-2.120104102156044,2.682348376340466,-4.920916566413463,-3.030047968651232,-2.498193076935676,0.8427079317706333,-0.099055176224852,3.9645555910924646,-0.4440161045576272,1.3230966809037252
70.0,263.0,143.145263671875,-2.119735409397416,2.690219410212409,-4.922042281489972,-3.020383305562973,-2.548225616953541,0.8452929250305586,-0.1388284923547707,3.966036731729944,-0.4448910806831384,1.286715879685113
70.0,263.0,138.09800720214844,-2.120038638207479,2.713331736885092,-4.919510302570144,-3.0388967895369645,-2.4980761576892445,0.8426936840503679,-0.0989856965455644,3.965111801335605,-0.4438335497247514,1.3231885136059682
70.0,263.0,141.12399291992188,-2.1349543386688614,2.7396372451349507,-4.918683035812357,-3.0337495404546666,-2.4897321287521588,0.8072492792348052,-0.5300368927550796,3.984677542156798,-0.444792546274367,1.323546676900769
70.0,263.0,137.7940216064453,-2.121005515582695,2.6816334538873434,-4.920894331043501,-3.030263816472996,-2.497095083801661,0.8425986082451221,-0.099185833493415,3.96453003663436,-0.444139871321871,1.3231221552534655
70.0,263.0,150.5499267578125,-2.11968739608623,1.755035030369485,-4.927208819748874,-3.0244678618957064,-2.0218319945465275,0.8106048132035997,-1.0135414794231097,3.9867357123238514,-0.4552261932641993,1.349251448476138
70.0,263.0,138.04493713378906,-2.121015142062417,2.6885317310937697,-4.911241501764085,-3.0399609159715344,-2.4970017337104085,0.8429165434689223,-0.1008868083300534,3.966950444366653,-0.4427201218302202,1.3231128528820075
70.0,263.0,137.79678344726562,-2.1188404445101785,2.6821635085172177,-4.919944316912106,-3.028018529044718,-2.4985161614516302,0.8429843219688248,-0.1000354608452682,3.963747607928229,-0.4440112818000191,1.3227342664688253
70.0,263.0,137.79380798339844,-2.119825100316721,2.6823700783455893,-4.920818651517441,-3.0292159222419093,-2.498255563440354,0.8426715857573166,-0.09908928477203,3.9640200336256046,-0.443990096959467,1.323108061907952
70.0,263.0,137.7947998046875,-2.120113613853389,2.6828769639635737,-4.921171832890729,-3.0288938824343887,-2.4984861056694343,0.8434764429028179,-0.099070436659596,3.964575339329995,-0.4441136933792424,1.32316011164708
70.0,263.0,140.52117919921875,-2.1272497769988306,1.774468940747441,-4.918171862643308,-3.039466282870276,-2.4890347571925453,0.8476899259151214,-0.521753245229758,3.96549093137469,-0.4572526271482879,1.3258236409937911
70.0,263.0,145.3743896484375,-2.055715787756611,3.5459383446779773,-4.926743274509718,-3.033548482115602,-2.496961460418813,0.8144829614976842,-0.053820621728324,3.954244038928831,-0.4430671415972534,1.6597223734601851
70.0,263.0,139.49063110351562,-2.127036784137281,2.6864341888011003,-4.922580773522917,-3.0061126931140665,-1.94209301285814,0.8409841124852037,-0.5625834980067171,3.962763002701845,-0.4500653814960387,1.3055394714877115
70.0,263.0,137.7938690185547,-2.1192176764827004,2.682457975948681,-4.920892361758078,-3.029897163062224,-2.498217157507705,0.8425022380987964,-0.0991178043864225,3.964049899203908,-0.4437794511309786,1.3230803765718266
70.0,263.0,137.7944793701172,-2.121401283886955,2.6823574223890825,-4.920815181534709,-3.0292818018924046,-2.497635351732756,0.8431063034448447,-0.0997629484117043,3.964084366349168,-0.4440731210705346,1.3229223250036826
70.0,263.0,155.14508056640625,-2.144416528898283,1.7532622941419214,-4.910340166670732,-3.045212005694971,-1.9538792327145715,0.8337103093690844,-1.0439633387742353,3.904955445319976,-0.4075869564763927,0.7623833671535221
70.0,263.0,137.7941436767578,-2.119349721271248,2.682354747490199,-4.921194854219767,-3.030055114045147,-2.497160515188468,0.8427075482577865,-0.0990556494518184,3.9638960274472463,-0.4439964590984813,1.3230908166767947
70.0,263.0,137.80091857910156,-2.1205005505491954,2.681182016126982,-4.9193156314675015,-3.0300870626146885,-2.500923524174656,0.8421185888747535,-0.0999170782521142,3.965500716350185,-0.4439523688991069,1.3231052605509614
70.0,263.0,157.8895721435547,-2.151116586352581,1.7765067177928218,-4.954217446239854,-3.688038395004858,-2.586077377730949,0.8144731752930827,-0.6122097261475492,3.624379146848815,-0.454328507982406,0.9702287003031408
70.0,263.0,155.00601196289062,-2.121067953623014,2.6740037129531027,-4.922195185010763,-3.0190657808472925,-2.4640390886720698,0.8874022978772951,-0.0888972283107288,3.966218500342375,-0.4744916951471489,1.058795787494893
70.0,263.0,137.79364013671875,-2.1198532737005245,2.682325336237589,-4.920848662442082,-3.029985362527924,-2.498213817076804,0.8427103615300588,-0.0990778278213711,3.96433709148904,-0.4440320415389963,1.323060783100609
70.0,263.0,155.30633544921875,-2.110355142561264,1.7355664246072802,-4.897661520156259,-3.0945963635771343,-3.0647722813398968,0.8256285834289196,-1.0204516952792135,4.389633871132414,-0.4667985076585941,0.7287559592886229
70.0,263.0,158.0673828125,-2.13478528945232,1.8441109636686763,-4.929363763692761,-3.1294766675918138,-3.0546509867568057,1.330469986782295,-1.0107985278553162,3.543151829295136,-0.4498499097984712,0.7093224768745058
70.0,263.0,151.25607299804688,-2.172037136009037,1.7295055121999343,-4.886813252907739,-3.044272093932116,-2.527211347557737,0.8736419156014977,-1.0803740810791176,4.326682419773425,-0.4568381444550614,1.020613823807618
70.0,263.0,165.35855102539062,-2.0411344005614884,1.8033887960812784,-4.990096883276585,-3.0271535952284765,-1.9850275875294443,0.7502007915430735,-1.0075749577924853,3.0752222344234887,-0.4467256416415724,1.0584411608503208
70.0,263.0,165.263427734375,-2.025108824505472,1.819420873531608,-4.880777358367313,-3.048511178555349,-3.076473591889685,0.724041054625411,-1.045823708623605,4.79798916193166,-0.408550783489008,0.6991762171530035
70.0,263.0,137.79388427734375,-2.1197969233219003,2.682501248865924,-4.920949556040982,-3.029357062199896,-2.498212685336491,0.8427023980871142,-0.0990543932277764,3.9646719084198985,-0.444199569359356,1.3230862715750584
70.0,263.0,160.2692413330078,-1.055922459328694,1.7735920722761906,-4.937958133848109,-1.695201673496223,-3.064020344723154,0.8372423768827528,-1.0608401158966236,4.429729571994304,-0.4561175576200931,0.7202760905369371
70.0,264.0,157.60691833496094,-2.1221509371431435,1.8392303061078088,-4.902514539010984,-3.0864103908050646,-3.0538475418464337,0.8517324402109121,-1.0171489627324086,3.092931355225164,-0.4559853455206131,0.9824460715350812
70.0,264.0,161.15728759765625,-1.9534206856324816,1.7536378394229737,-4.890109816254475,-3.0956079319477503,-3.0662115030366284,0.8279698431872164,-1.019189610828445,4.304919778195342,-0.4515226464921155,0.7024576952550962
70.0,264.0,137.79428100585938,-2.119783935109113,2.68199883612094,-4.920791255228204,-3.0302030289134008,-2.4982046635914696,0.842710252766224,-0.0992809748337155,3.964488867926892,-0.4440926142988468,1.322624315397875
70.0,264.0,137.8007354736328,-2.11874858425824,2.6830495050636785,-4.921572170529264,-3.029930532135108,-2.500044037785152,0.8417896551606292,-0.0995665239623932,3.9660535743448713,-0.4443549889952953,1.3231351745149451
70.0,264.0,137.79486083984375,-2.120463693307168,2.682762110525274,-4.919981954198319,-3.0288144225882023,-2.4986580172813566,0.8432068684197771,-0.099025581348673,3.9643721719891625,-0.444152493210058,1.322893630431409
70.0,264.0,150.95826721191406,-2.1262525097823337,1.7737189882144293,-4.926724315985826,-3.0259742329384216,-2.437463469842107,1.4099652745982325,-1.0262765149084487,3.9233814230264574,-0.4512474950726279,1.609887845109697
70.0,264.0,156.08035278320312,-2.1580996450789263,1.728328627406782,-4.879695436337815,-3.0850529772078543,-3.06587044186364,0.8359929899162684,-1.015638048938622,3.5437633377229565,-0.4462973345896071,0.7233871726910266
70.0,264.0,138.0702362060547,-2.1224396643027146,2.6963593551810567,-4.9241531702896015,-3.0286837047122965,-2.508695190455553,0.8411584478310626,-0.1003285546867717,3.954336848012919,-0.4439563961424854,1.3284180510983694
70.0,264.0,137.8142852783203,-2.1239997204675807,2.682062449712567,-4.920146743742367,-3.025958206184079,-2.496572923346182,0.8424196701669544,-0.1022452489700058,3.966022563682012,-0.4439904327991957,1.3232216508482948
70.0,264.0,137.7938690185547,-2.1197894820019507,2.682556644507335,-4.920920810427868,-3.0296890412534268,-2.4982021859095966,0.8427044705104604,-0.099069203409774,3.9642380925266063,-0.4441895330021806,1.323046092863299
70.0,264.0,137.79518127441406,-2.1228034747136606,2.6827521331080773,-4.920233826983846,-3.0294540929610783,-2.498077659625756,0.8427077573305544,-0.0990925553495871,3.9639367919339374,-0.4441869157022173,1.3231264707389818
70.0,264.0,137.7943572998047,-2.1201108568235383,2.682311358238728,-4.920593586896232,-3.028178336542262,-2.49816260385424,0.842852053689539,-0.0993763232914107,3.9646137836358624,-0.4439054036338646,1.322912099584866
70.0,264.0,137.7944793701172,-2.119162478023433,2.6825651503848307,-4.919924049246924,-3.029384472437976,-2.4982430495717534,0.8428730614028238,-0.0990688787811511,3.963910834088728,-0.4441692886711708,1.3230902943666496
70.0,264.0,137.79396057128906,-2.1199624184651014,2.68291732070542,-4.920961197701408,-3.030104663224686,-2.498196221790761,0.8426803589899571,-0.0992546583615498,3.964723874953628,-0.4440520537727922,1.3231389697188247
70.0,264.0,177.90628051757812,-0.9480992037287066,1.6698462529856726,-4.92126265432442,-3.066282443454009,-3.048841576344093,1.9184003846581128,-1.029547548154336,4.407033002134062,-0.5675828178794807,0.7291447687456702
70.0,264.0,137.79434204101562,-2.120513689035461,2.6823804370558992,-4.920894706602429,-3.0298878857334093,-2.498748613460698,0.8427633276048206,-0.0990609212251656,3.9646166422739686,-0.4440313683923921,1.3234903896430146
70.0,264.0,137.90975952148438,-2.1199541828971347,2.6898478635614125,-4.91004557044332,-3.0298592058544687,-2.4974304484881493,0.8427880237632345,-0.1024030660329906,3.969288060654384,-0.4485206756257643,1.3228018209740342
70.0,264.0,138.8553466796875,-2.1222250184014344,1.7859582697313516,-4.911992513925983,-3.027397375175113,-2.4919192799355665,0.8416130100114549,-0.0993832010494219,3.9665571402770703,-0.4440650734784624,1.323007832844661
70.0,264.0,137.79373168945312,-2.1201734445512823,2.682746026852669,-4.920676955254511,-3.0301022492973524,-2.498162937878834,0.8427128643681587,-0.0990556696681563,3.964498332131496,-0.4439454748955051,1.3233272684904571
70.0,264.0,137.79498291015625,-2.1201009413231966,2.68062940920797,-4.921901581790112,-3.0293738042257283,-2.4982372982680414,0.8427046067986448,-0.0991533696990499,3.964516745504648,-0.4442621340809284,1.3230538399003022
70.0,264.0,137.79367065429688,-2.120418317440568,2.6820466708976105,-4.920957571825909,-3.03001417810391,-2.4981898503630946,0.8426374012869566,-0.0990454144694379,3.964729995961344,-0.4439652521994738,1.3231774124277802
70.0,264.0,137.7942352294922,-2.1197526278406844,2.682534679064678,-4.919722498174685,-3.029864355025154,-2.498281377465336,0.8420817346354966,-0.0991634333190932,3.964075065773284,-0.4440498718544391,1.323009079920848
70.0,264.0,137.7936248779297,-2.120104102156044,2.682348376340466,-4.920916566413463,-3.030047968651232,-2.498193076935676,0.8427079317706333,-0.099055176224852,3.9645555910924646,-0.4440161045576272,1.3230966809037252
70.0,264.0,143.145263671875,-2.119735409397416,2.690219410212409,-4.922042281489972,-3.020383305562973,-2.548225616953541,0.8452929250305586,-0.1388284923547707,3.966036731729944,-0.4448910806831384,1.286715879685113
70.0,264.0,138.09800720214844,-2.120038638207479,2.713331736885092,-4.919510302570144,-3.0388967895369645,-2.4980761576892445,0.8426936840503679,-0.0989856965455644,3.965111801335605,-0.4438335497247514,1.3231885136059682
70.0,264.0,141.12399291992188,-2.1349543386688614,2.7396372451349507,-4.918683035812357,-3.0337495404546666,-2.4897321287521588,0.8072492792348052,-0.5300368927550796,3.984677542156798,-0.444792546274367,1.323546676900769
70.0,264.0,137.7940216064453,-2.121005515582695,2.6816334538873434,-4.920894331043501,-3.030263816472996,-2.497095083801661,0.8425986082451221,-0.099185833493415,3.96453003663436,-0.444139871321871,1.3231221552534655
70.0,264.0,150.5499267578125,-2.11968739608623,1.755035030369485,-4.927208819748874,-3.0244678618957064,-2.0218319945465275,0.8106048132035997,-1.0135414794231097,3.9867357123238514,-0.4552261932641993,1.349251448476138
70.0,264.0,138.04493713378906,-2.121015142062417,2.6885317310937697,-4.911241501764085,-3.0399609159715344,-2.4970017337104085,0.8429165434689223,-0.1008868083300534,3.966950444366653,-0.4427201218302202,1.3231128528820075
70.0,264.0,137.79678344726562,-2.1188404445101785,2.6821635085172177,-4.919944316912106,-3.028018529044718,-2.4985161614516302,0.8429843219688248,-0.1000354608452682,3.963747607928229,-0.4440112818000191,1.3227342664688253
70.0,264.0,137.79380798339844,-2.119825100316721,2.6823700783455893,-4.920818651517441,-3.0292159222419093,-2.498255563440354,0.8426715857573166,-0.09908928477203,3.9640200336256046,-0.443990096959467,1.323108061907952
70.0,264.0,137.7947998046875,-2.120113613853389,2.6828769639635737,-4.921171832890729,-3.0288938824343887,-2.4984861056694343,0.8434764429028179,-0.099070436659596,3.964575339329995,-0.4441136933792424,1.32316011164708
70.0,264.0,140.52117919921875,-2.1272497769988306,1.774468940747441,-4.918171862643308,-3.039466282870276,-2.4890347571925453,0.8476899259151214,-0.521753245229758,3.96549093137469,-0.4572526271482879,1.3258236409937911
70.0,264.0,145.3743896484375,-2.055715787756611,3.5459383446779773,-4.926743274509718,-3.033548482115602,-2.496961460418813,0.8144829614976842,-0.053820621728324,3.954244038928831,-0.4430671415972534,1.6597223734601851
70.0,264.0,139.49063110351562,-2.127036784137281,2.6864341888011003,-4.922580773522917,-3.0061126931140665,-1.94209301285814,0.8409841124852037,-0.5625834980067171,3.962763002701845,-0.4500653814960387,1.3055394714877115
70.0,264.0,137.7938690185547,-2.1192176764827004,2.682457975948681,-4.920892361758078,-3.029897163062224,-2.498217157507705,0.8425022380987964,-0.0991178043864225,3.964049899203908,-0.4437794511309786,1.3230803765718266
70.0,264.0,137.7944793701172,-2.121401283886955,2.6823574223890825,-4.920815181534709,-3.0292818018924046,-2.497635351732756,0.8431063034448447,-0.0997629484117043,3.964084366349168,-0.4440731210705346,1.3229223250036826
70.0,264.0,155.14508056640625,-2.144416528898283,1.7532622941419214,-4.910340166670732,-3.045212005694971,-1.9538792327145715,0.8337103093690844,-1.0439633387742353,3.904955445319976,-0.4075869564763927,0.7623833671535221
70.0,264.0,137.7935333251953,-2.120377244223988,2.68232573130396,-4.9210422060078125,-3.030108672030188,-2.497761896142653,0.8427064838873964,-0.0990477371153467,3.964536814449924,-0.4440003785934701,1.3231058869317396
70.0,264.0,137.80091857910156,-2.1205005505491954,2.681182016126982,-4.9193156314675015,-3.0300870626146885,-2.500923524174656,0.8421185888747535,-0.0999170782521142,3.965500716350185,-0.4439523688991069,1.3231052605509614
70.0,264.0,157.8895721435547,-2.151116586352581,1.7765067177928218,-4.954217446239854,-3.688038395004858,-2.586077377730949,0.8144731752930827,-0.6122097261475492,3.624379146848815,-0.454328507982406,0.9702287003031408
70.0,264.0,155.00601196289062,-2.121067953623014,2.6740037129531027,-4.922195185010763,-3.0190657808472925,-2.4640390886720698,0.8874022978772951,-0.0888972283107288,3.966218500342375,-0.4744916951471489,1.058795787494893
70.0,264.0,137.79364013671875,-2.1198532737005245,2.682325336237589,-4.920848662442082,-3.029985362527924,-2.498213817076804,0.8427103615300588,-0.0990778278213711,3.96433709148904,-0.4440320415389963,1.323060783100609
70.0,264.0,155.30633544921875,-2.110355142561264,1.7355664246072802,-4.897661520156259,-3.0945963635771343,-3.0647722813398968,0.8256285834289196,-1.0204516952792135,4.389633871132414,-0.4667985076585941,0.7287559592886229
70.0,264.0,158.0673828125,-2.13478528945232,1.8441109636686763,-4.929363763692761,-3.1294766675918138,-3.0546509867568057,1.330469986782295,-1.0107985278553162,3.543151829295136,-0.4498499097984712,0.7093224768745058
70.0,264.0,151.25607299804688,-2.172037136009037,1.7295055121999343,-4.886813252907739,-3.044272093932116,-2.527211347557737,0.8736419156014977,-1.0803740810791176,4.326682419773425,-0.4568381444550614,1.020613823807618
70.0,264.0,165.35855102539062,-2.0411344005614884,1.8033887960812784,-4.990096883276585,-3.0271535952284765,-1.9850275875294443,0.7502007915430735,-1.0075749577924853,3.0752222344234887,-0.4467256416415724,1.0584411608503208
70.0,264.0,165.263427734375,-2.025108824505472,1.819420873531608,-4.880777358367313,-3.048511178555349,-3.076473591889685,0.724041054625411,-1.045823708623605,4.79798916193166,-0.408550783489008,0.6991762171530035
70.0,264.0,137.79388427734375,-2.1197969233219003,2.682501248865924,-4.920949556040982,-3.029357062199896,-2.498212685336491,0.8427023980871142,-0.0990543932277764,3.9646719084198985,-0.444199569359356,1.3230862715750584
70.0,264.0,160.2692413330078,-1.055922459328694,1.7735920722761906,-4.937958133848109,-1.695201673496223,-3.064020344723154,0.8372423768827528,-1.0608401158966236,4.429729571994304,-0.4561175576200931,0.7202760905369371
70.0,265.0,157.60691833496094,-2.1221509371431435,1.8392303061078088,-4.902514539010984,-3.0864103908050646,-3.0538475418464337,0.8517324402109121,-1.0171489627324086,3.092931355225164,-0.4559853455206131,0.9824460715350812
70.0,265.0,161.15728759765625,-1.9534206856324816,1.7536378394229737,-4.890109816254475,-3.0956079319477503,-3.0662115030366284,0.8279698431872164,-1.019189610828445,4.304919778195342,-0.4515226464921155,0.7024576952550962
70.0,265.0,137.79428100585938,-2.119783935109113,2.68199883612094,-4.920791255228204,-3.0302030289134008,-2.4982046635914696,0.842710252766224,-0.0992809748337155,3.964488867926892,-0.4440926142988468,1.322624315397875
70.0,265.0,137.8007354736328,-2.11874858425824,2.6830495050636785,-4.921572170529264,-3.029930532135108,-2.500044037785152,0.8417896551606292,-0.0995665239623932,3.9660535743448713,-0.4443549889952953,1.3231351745149451
70.0,265.0,137.79486083984375,-2.120463693307168,2.682762110525274,-4.919981954198319,-3.0288144225882023,-2.4986580172813566,0.8432068684197771,-0.099025581348673,3.9643721719891625,-0.444152493210058,1.322893630431409
70.0,265.0,150.95826721191406,-2.1262525097823337,1.7737189882144293,-4.926724315985826,-3.0259742329384216,-2.437463469842107,1.4099652745982325,-1.0262765149084487,3.9233814230264574,-0.4512474950726279,1.609887845109697
70.0,265.0,156.08035278320312,-2.1580996450789263,1.728328627406782,-4.879695436337815,-3.0850529772078543,-3.06587044186364,0.8359929899162684,-1.015638048938622,3.5437633377229565,-0.4462973345896071,0.7233871726910266
70.0,265.0,137.99356079101562,-2.1218564510809013,2.684416649922384,-4.922258416505844,-3.029194870968841,-2.497763666339793,0.8399579706049639,-0.0979324699343835,3.957266270547056,-0.4439488198440127,1.3217104216086135
70.0,265.0,137.80593872070312,-2.1205746190380985,2.682018676451919,-4.921203081544391,-3.027227483773335,-2.495420748584317,0.8426980012078976,-0.0991142874446214,3.967066445086115,-0.4440341126553822,1.3230089641608913
70.0,265.0,137.7938690185547,-2.1197894820019507,2.682556644507335,-4.920920810427868,-3.0296890412534268,-2.4982021859095966,0.8427044705104604,-0.099069203409774,3.9642380925266063,-0.4441895330021806,1.323046092863299
70.0,265.0,137.79518127441406,-2.1228034747136606,2.6827521331080773,-4.920233826983846,-3.0294540929610783,-2.498077659625756,0.8427077573305544,-0.0990925553495871,3.9639367919339374,-0.4441869157022173,1.3231264707389818
70.0,265.0,137.7943572998047,-2.1201108568235383,2.682311358238728,-4.920593586896232,-3.028178336542262,-2.49816260385424,0.842852053689539,-0.0993763232914107,3.9646137836358624,-0.4439054036338646,1.322912099584866
70.0,265.0,137.7944793701172,-2.119162478023433,2.6825651503848307,-4.919924049246924,-3.029384472437976,-2.4982430495717534,0.8428730614028238,-0.0990688787811511,3.963910834088728,-0.4441692886711708,1.3230902943666496
70.0,265.0,137.7938232421875,-2.120373870818724,2.682413867466168,-4.921048833869779,-3.0301468503681783,-2.497204100846347,0.8426913194288687,-0.0990248885412803,3.964464427800431,-0.4440537287187391,1.3230854770769658
70.0,265.0,177.90628051757812,-0.9480992037287066,1.6698462529856726,-4.92126265432442,-3.066282443454009,-3.048841576344093,1.9184003846581128,-1.029547548154336,4.407033002134062,-0.5675828178794807,0.7291447687456702
70.0,265.0,137.79379272460938,-2.120419682156032,2.682286668673957,-4.920659550656651,-3.030319182597307,-2.4981182094799808,0.8427372568609627,-0.0990780822947328,3.964584744344212,-0.4440144537102173,1.3228439461007908
70.0,265.0,137.90975952148438,-2.1199541828971347,2.6898478635614125,-4.91004557044332,-3.0298592058544687,-2.4974304484881493,0.8427880237632345,-0.1024030660329906,3.969288060654384,-0.4485206756257643,1.3228018209740342
70.0,265.0,138.8553466796875,-2.1222250184014344,1.7859582697313516,-4.911992513925983,-3.027397375175113,-2.4919192799355665,0.8416130100114549,-0.0993832010494219,3.9665571402770703,-0.4440650734784624,1.323007832844661
70.0,265.0,137.79359436035156,-2.1200598880086,2.682318917679589,-4.92100162968748,-3.0300797104518225,-2.497267367040481,0.842699643222938,-0.0990510006983923,3.964478821867449,-0.4439573810964476,1.3229051051259004
70.0,265.0,137.7940673828125,-2.120477976098749,2.680819674613737,-4.921182676049034,-3.0299590053030854,-2.49723351464882,0.8427096921672858,-0.0990866078577405,3.964497900180824,-0.443993019480747,1.3231339645376872
70.0,265.0,137.79364013671875,-2.120709792166511,2.6823779078462944,-4.921400981378984,-3.030046680635761,-2.497642944794478,0.8427246465160424,-0.0990448145128056,3.9644081088494594,-0.4439859829698374,1.3231454017128603
70.0,265.0,137.7942352294922,-2.1197526278406844,2.682534679064678,-4.919722498174685,-3.029864355025154,-2.498281377465336,0.8420817346354966,-0.0991634333190932,3.964075065773284,-0.4440498718544391,1.323009079920848
70.0,265.0,137.7936248779297,-2.120104102156044,2.682348376340466,-4.920916566413463,-3.030047968651232,-2.498193076935676,0.8427079317706333,-0.099055176224852,3.9645555910924646,-0.4440161045576272,1.3230966809037252
70.0,265.0,141.70193481445312,-2.122330337050029,2.685030599151155,-4.920290390885628,-3.0252095323627666,-2.555994278885128,0.8427837351898709,-0.1436817681767082,3.9694111127567138,-0.4441966454573812,1.3039206630745932
70.0,265.0,138.09800720214844,-2.120038638207479,2.713331736885092,-4.919510302570144,-3.0388967895369645,-2.4980761576892445,0.8426936840503679,-0.0989856965455644,3.965111801335605,-0.4438335497247514,1.3231885136059682
70.0,265.0,141.12399291992188,-2.1349543386688614,2.7396372451349507,-4.918683035812357,-3.0337495404546666,-2.4897321287521588,0.8072492792348052,-0.5300368927550796,3.984677542156798,-0.444792546274367,1.323546676900769
70.0,265.0,137.7940216064453,-2.121005515582695,2.6816334538873434,-4.920894331043501,-3.030263816472996,-2.497095083801661,0.8425986082451221,-0.099185833493415,3.96453003663436,-0.444139871321871,1.3231221552534655
70.0,265.0,150.5499267578125,-2.11968739608623,1.755035030369485,-4.927208819748874,-3.0244678618957064,-2.0218319945465275,0.8106048132035997,-1.0135414794231097,3.9867357123238514,-0.4552261932641993,1.349251448476138
70.0,265.0,138.04493713378906,-2.121015142062417,2.6885317310937697,-4.911241501764085,-3.0399609159715344,-2.4970017337104085,0.8429165434689223,-0.1008868083300534,3.966950444366653,-0.4427201218302202,1.3231128528820075
70.0,265.0,137.79678344726562,-2.1188404445101785,2.6821635085172177,-4.919944316912106,-3.028018529044718,-2.4985161614516302,0.8429843219688248,-0.1000354608452682,3.963747607928229,-0.4440112818000191,1.3227342664688253
70.0,265.0,137.79380798339844,-2.119825100316721,2.6823700783455893,-4.920818651517441,-3.0292159222419093,-2.498255563440354,0.8426715857573166,-0.09908928477203,3.9640200336256046,-0.443990096959467,1.323108061907952
70.0,265.0,137.79432678222656,-2.120524643530808,2.6819649978108018,-4.921025458021449,-3.028221601829591,-2.4972767505597897,0.8423628252492203,-0.099037249156446,3.9643664733209,-0.4440433942632347,1.3230970697849365
70.0,265.0,140.52117919921875,-2.1272497769988306,1.774468940747441,-4.918171862643308,-3.039466282870276,-2.4890347571925453,0.8476899259151214,-0.521753245229758,3.96549093137469,-0.4572526271482879,1.3258236409937911
70.0,265.0,145.3743896484375,-2.055715787756611,3.5459383446779773,-4.926743274509718,-3.033548482115602,-2.496961460418813,0.8144829614976842,-0.053820621728324,3.954244038928831,-0.4430671415972534,1.6597223734601851
70.0,265.0,139.49063110351562,-2.127036784137281,2.6864341888011003,-4.922580773522917,-3.0061126931140665,-1.94209301285814,0.8409841124852037,-0.5625834980067171,3.962763002701845,-0.4500653814960387,1.3055394714877115
70.0,265.0,137.7938690185547,-2.1192176764827004,2.682457975948681,-4.920892361758078,-3.029897163062224,-2.498217157507705,0.8425022380987964,-0.0991178043864225,3.964049899203908,-0.4437794511309786,1.3230803765718266
70.0,265.0,137.79417419433594,-2.119814472786634,2.682341837243317,-4.921006701252027,-3.029261049555429,-2.497395460710654,0.8422802238245711,-0.0990217796212424,3.963932665607359,-0.4440534566051589,1.3228627713958667
70.0,265.0,155.14508056640625,-2.144416528898283,1.7532622941419214,-4.910340166670732,-3.045212005694971,-1.9538792327145715,0.8337103093690844,-1.0439633387742353,3.904955445319976,-0.4075869564763927,0.7623833671535221
70.0,265.0,137.7935333251953,-2.120377244223988,2.68232573130396,-4.9210422060078125,-3.030108672030188,-2.497761896142653,0.8427064838873964,-0.0990477371153467,3.964536814449924,-0.4440003785934701,1.3231058869317396
70.0,265.0,137.8001708984375,-2.1205393638722585,2.6815906395722395,-4.922236909913503,-3.0301445121304686,-2.4999833399161777,0.8422923239223854,-0.1005562333603234,3.965444021339196,-0.4439992254818284,1.323048419452779
70.0,265.0,157.8895721435547,-2.151116586352581,1.7765067177928218,-4.954217446239854,-3.688038395004858,-2.586077377730949,0.8144731752930827,-0.6122097261475492,3.624379146848815,-0.454328507982406,0.9702287003031408
70.0,265.0,155.00601196289062,-2.121067953623014,2.6740037129531027,-4.922195185010763,-3.0190657808472925,-2.4640390886720698,0.8874022978772951,-0.0888972283107288,3.966218500342375,-0.4744916951471489,1.058795787494893
70.0,265.0,137.79364013671875,-2.1198532737005245,2.682325336237589,-4.920848662442082,-3.029985362527924,-2.498213817076804,0.8427103615300588,-0.0990778278213711,3.96433709148904,-0.4440320415389963,1.323060783100609
70.0,265.0,155.30633544921875,-2.110355142561264,1.7355664246072802,-4.897661520156259,-3.0945963635771343,-3.0647722813398968,0.8256285834289196,-1.0204516952792135,4.389633871132414,-0.4667985076585941,0.7287559592886229
70.0,265.0,158.0673828125,-2.13478528945232,1.8441109636686763,-4.929363763692761,-3.1294766675918138,-3.0546509867568057,1.330469986782295,-1.0107985278553162,3.543151829295136,-0.4498499097984712,0.7093224768745058
70.0,265.0,151.25607299804688,-2.172037136009037,1.7295055121999343,-4.886813252907739,-3.044272093932116,-2.527211347557737,0.8736419156014977,-1.0803740810791176,4.326682419773425,-0.4568381444550614,1.020613823807618
70.0,265.0,165.35855102539062,-2.0411344005614884,1.8033887960812784,-4.990096883276585,-3.0271535952284765,-1.9850275875294443,0.7502007915430735,-1.0075749577924853,3.0752222344234887,-0.4467256416415724,1.0584411608503208
70.0,265.0,165.263427734375,-2.025108824505472,1.819420873531608,-4.880777358367313,-3.048511178555349,-3.076473591889685,0.724041054625411,-1.045823708623605,4.79798916193166,-0.408550783489008,0.6991762171530035
70.0,265.0,137.79388427734375,-2.1197969233219003,2.682501248865924,-4.920949556040982,-3.029357062199896,-2.498212685336491,0.8427023980871142,-0.0990543932277764,3.9646719084198985,-0.444199569359356,1.3230862715750584
70.0,265.0,160.2692413330078,-1.055922459328694,1.7735920722761906,-4.937958133848109,-1.695201673496223,-3.064020344723154,0.8372423768827528,-1.0608401158966236,4.429729571994304,-0.4561175576200931,0.7202760905369371
70.0,266.0,157.60691833496094,-2.1221509371431435,1.8392303061078088,-4.902514539010984,-3.0864103908050646,-3.0538475418464337,0.8517324402109121,-1.0171489627324086,3.092931355225164,-0.4559853455206131,0.9824460715350812
70.0,266.0,161.15728759765625,-1.9534206856324816,1.7536378394229737,-4.890109816254475,-3.0956079319477503,-3.0662115030366284,0.8279698431872164,-1.019189610828445,4.304919778195342,-0.4515226464921155,0.7024576952550962
70.0,266.0,137.79428100585938,-2.119783935109113,2.68199883612094,-4.920791255228204,-3.0302030289134008,-2.4982046635914696,0.842710252766224,-0.0992809748337155,3.964488867926892,-0.4440926142988468,1.322624315397875
70.0,266.0,137.8007354736328,-2.11874858425824,2.6830495050636785,-4.921572170529264,-3.029930532135108,-2.500044037785152,0.8417896551606292,-0.0995665239623932,3.9660535743448713,-0.4443549889952953,1.3231351745149451
70.0,266.0,137.79486083984375,-2.120463693307168,2.682762110525274,-4.919981954198319,-3.0288144225882023,-2.4986580172813566,0.8432068684197771,-0.099025581348673,3.9643721719891625,-0.444152493210058,1.322893630431409
70.0,266.0,150.95826721191406,-2.1262525097823337,1.7737189882144293,-4.926724315985826,-3.0259742329384216,-2.437463469842107,1.4099652745982325,-1.0262765149084487,3.9233814230264574,-0.4512474950726279,1.609887845109697
70.0,266.0,156.08035278320312,-2.1580996450789263,1.728328627406782,-4.879695436337815,-3.0850529772078543,-3.06587044186364,0.8359929899162684,-1.015638048938622,3.5437633377229565,-0.4462973345896071,0.7233871726910266
70.0,266.0,137.9759063720703,-2.1218052351766694,2.6773120467058336,-4.92008376164119,-3.030352622752865,-2.500722423840411,0.8413292139648272,-0.0991753024088253,3.976322775697008,-0.443972404489916,1.323409195452826
70.0,266.0,137.80593872070312,-2.1205746190380985,2.682018676451919,-4.921203081544391,-3.027227483773335,-2.495420748584317,0.8426980012078976,-0.0991142874446214,3.967066445086115,-0.4440341126553822,1.3230089641608913
70.0,266.0,137.7938690185547,-2.1197894820019507,2.682556644507335,-4.920920810427868,-3.0296890412534268,-2.4982021859095966,0.8427044705104604,-0.099069203409774,3.9642380925266063,-0.4441895330021806,1.323046092863299
70.0,266.0,137.79518127441406,-2.1228034747136606,2.6827521331080773,-4.920233826983846,-3.0294540929610783,-2.498077659625756,0.8427077573305544,-0.0990925553495871,3.9639367919339374,-0.4441869157022173,1.3231264707389818
70.0,266.0,137.7943572998047,-2.1201108568235383,2.682311358238728,-4.920593586896232,-3.028178336542262,-2.49816260385424,0.842852053689539,-0.0993763232914107,3.9646137836358624,-0.4439054036338646,1.322912099584866
70.0,266.0,137.7944793701172,-2.119162478023433,2.6825651503848307,-4.919924049246924,-3.029384472437976,-2.4982430495717534,0.8428730614028238,-0.0990688787811511,3.963910834088728,-0.4441692886711708,1.3230902943666496
70.0,266.0,137.7938232421875,-2.120373870818724,2.682413867466168,-4.921048833869779,-3.0301468503681783,-2.497204100846347,0.8426913194288687,-0.0990248885412803,3.964464427800431,-0.4440537287187391,1.3230854770769658
70.0,266.0,177.90628051757812,-0.9480992037287066,1.6698462529856726,-4.92126265432442,-3.066282443454009,-3.048841576344093,1.9184003846581128,-1.029547548154336,4.407033002134062,-0.5675828178794807,0.7291447687456702
70.0,266.0,137.79351806640625,-2.120298119441322,2.6822680121533686,-4.920577418333323,-3.0300509115343663,-2.49753214168146,0.8426657571689374,-0.0990649789387761,3.964469045471155,-0.4439777394118968,1.3228025124895249
70.0,266.0,137.85206604003906,-2.120364702489786,2.692500336150154,-4.9187793789172,-3.029844827326878,-2.497698781469573,0.8426404605986934,-0.1026922856868963,3.9652735031142754,-0.4470411181861826,1.3230810591839288
70.0,266.0,138.8553466796875,-2.1222250184014344,1.7859582697313516,-4.911992513925983,-3.027397375175113,-2.4919192799355665,0.8416130100114549,-0.0993832010494219,3.9665571402770703,-0.4440650734784624,1.323007832844661
70.0,266.0,137.79359436035156,-2.1200598880086,2.682318917679589,-4.92100162968748,-3.0300797104518225,-2.497267367040481,0.842699643222938,-0.0990510006983923,3.964478821867449,-0.4439573810964476,1.3229051051259004
70.0,266.0,137.7940673828125,-2.120477976098749,2.680819674613737,-4.921182676049034,-3.0299590053030854,-2.49723351464882,0.8427096921672858,-0.0990866078577405,3.964497900180824,-0.443993019480747,1.3231339645376872
70.0,266.0,137.79354858398438,-2.120314602975409,2.6824558223528707,-4.920895762059587,-3.030159211273243,-2.497466977019023,0.8427451867429173,-0.0990474964780738,3.964402803105049,-0.443999870059964,1.323133211854125
70.0,266.0,137.7942352294922,-2.1197526278406844,2.682534679064678,-4.919722498174685,-3.029864355025154,-2.498281377465336,0.8420817346354966,-0.0991634333190932,3.964075065773284,-0.4440498718544391,1.323009079920848
70.0,266.0,137.7936248779297,-2.120104102156044,2.682348376340466,-4.920916566413463,-3.030047968651232,-2.498193076935676,0.8427079317706333,-0.099055176224852,3.9645555910924646,-0.4440161045576272,1.3230966809037252
70.0,266.0,141.70193481445312,-2.122330337050029,2.685030599151155,-4.920290390885628,-3.0252095323627666,-2.555994278885128,0.8427837351898709,-0.1436817681767082,3.9694111127567138,-0.4441966454573812,1.3039206630745932
70.0,266.0,138.09800720214844,-2.120038638207479,2.713331736885092,-4.919510302570144,-3.0388967895369645,-2.4980761576892445,0.8426936840503679,-0.0989856965455644,3.965111801335605,-0.4438335497247514,1.3231885136059682
70.0,266.0,141.12399291992188,-2.1349543386688614,2.7396372451349507,-4.918683035812357,-3.0337495404546666,-2.4897321287521588,0.8072492792348052,-0.5300368927550796,3.984677542156798,-0.444792546274367,1.323546676900769
70.0,266.0,137.7940216064453,-2.121005515582695,2.6816334538873434,-4.920894331043501,-3.030263816472996,-2.497095083801661,0.8425986082451221,-0.099185833493415,3.96453003663436,-0.444139871321871,1.3231221552534655
70.0,266.0,150.5499267578125,-2.11968739608623,1.755035030369485,-4.927208819748874,-3.0244678618957064,-2.0218319945465275,0.8106048132035997,-1.0135414794231097,3.9867357123238514,-0.4552261932641993,1.349251448476138
70.0,266.0,138.04493713378906,-2.121015142062417,2.6885317310937697,-4.911241501764085,-3.0399609159715344,-2.4970017337104085,0.8429165434689223,-0.1008868083300534,3.966950444366653,-0.4427201218302202,1.3231128528820075
70.0,266.0,137.79678344726562,-2.1188404445101785,2.6821635085172177,-4.919944316912106,-3.028018529044718,-2.4985161614516302,0.8429843219688248,-0.1000354608452682,3.963747607928229,-0.4440112818000191,1.3227342664688253
70.0,266.0,137.79380798339844,-2.119825100316721,2.6823700783455893,-4.920818651517441,-3.0292159222419093,-2.498255563440354,0.8426715857573166,-0.09908928477203,3.9640200336256046,-0.443990096959467,1.323108061907952
70.0,266.0,137.79429626464844,-2.120361365278033,2.682617805780326,-4.920944835752023,-3.030998823307565,-2.4978117657251664,0.8424864764317956,-0.0990491375323666,3.9646136506126153,-0.4439953615027918,1.3231280079428578
70.0,266.0,140.52117919921875,-2.1272497769988306,1.774468940747441,-4.918171862643308,-3.039466282870276,-2.4890347571925453,0.8476899259151214,-0.521753245229758,3.96549093137469,-0.4572526271482879,1.3258236409937911
70.0,266.0,145.3743896484375,-2.055715787756611,3.5459383446779773,-4.926743274509718,-3.033548482115602,-2.496961460418813,0.8144829614976842,-0.053820621728324,3.954244038928831,-0.4430671415972534,1.6597223734601851
70.0,266.0,139.49063110351562,-2.127036784137281,2.6864341888011003,-4.922580773522917,-3.0061126931140665,-1.94209301285814,0.8409841124852037,-0.5625834980067171,3.962763002701845,-0.4500653814960387,1.3055394714877115
70.0,266.0,137.7938690185547,-2.1192176764827004,2.682457975948681,-4.920892361758078,-3.029897163062224,-2.498217157507705,0.8425022380987964,-0.0991178043864225,3.964049899203908,-0.4437794511309786,1.3230803765718266
70.0,266.0,137.79417419433594,-2.119814472786634,2.682341837243317,-4.921006701252027,-3.029261049555429,-2.497395460710654,0.8422802238245711,-0.0990217796212424,3.963932665607359,-0.4440534566051589,1.3228627713958667
70.0,266.0,155.14508056640625,-2.144416528898283,1.7532622941419214,-4.910340166670732,-3.045212005694971,-1.9538792327145715,0.8337103093690844,-1.0439633387742353,3.904955445319976,-0.4075869564763927,0.7623833671535221
70.0,266.0,137.7935333251953,-2.120377244223988,2.68232573130396,-4.9210422060078125,-3.030108672030188,-2.497761896142653,0.8427064838873964,-0.0990477371153467,3.964536814449924,-0.4440003785934701,1.3231058869317396
70.0,266.0,137.79527282714844,-2.120285637366809,2.6821434161213378,-4.922893654476608,-3.030151941957249,-2.4970675330145515,0.8430158761377754,-0.0994844693539494,3.964375825005208,-0.4440000128252152,1.3231413218991162
70.0,266.0,157.8895721435547,-2.151116586352581,1.7765067177928218,-4.954217446239854,-3.688038395004858,-2.586077377730949,0.8144731752930827,-0.6122097261475492,3.624379146848815,-0.454328507982406,0.9702287003031408
70.0,266.0,155.00601196289062,-2.121067953623014,2.6740037129531027,-4.922195185010763,-3.0190657808472925,-2.4640390886720698,0.8874022978772951,-0.0888972283107288,3.966218500342375,-0.4744916951471489,1.058795787494893
70.0,266.0,137.79364013671875,-2.1198532737005245,2.682325336237589,-4.920848662442082,-3.029985362527924,-2.498213817076804,0.8427103615300588,-0.0990778278213711,3.96433709148904,-0.4440320415389963,1.323060783100609
70.0,266.0,155.30633544921875,-2.110355142561264,1.7355664246072802,-4.897661520156259,-3.0945963635771343,-3.0647722813398968,0.8256285834289196,-1.0204516952792135,4.389633871132414,-0.4667985076585941,0.7287559592886229
70.0,266.0,158.0673828125,-2.13478528945232,1.8441109636686763,-4.929363763692761,-3.1294766675918138,-3.0546509867568057,1.330469986782295,-1.0107985278553162,3.543151829295136,-0.4498499097984712,0.7093224768745058
70.0,266.0,151.25607299804688,-2.172037136009037,1.7295055121999343,-4.886813252907739,-3.044272093932116,-2.527211347557737,0.8736419156014977,-1.0803740810791176,4.326682419773425,-0.4568381444550614,1.020613823807618
70.0,266.0,165.35855102539062,-2.0411344005614884,1.8033887960812784,-4.990096883276585,-3.0271535952284765,-1.9850275875294443,0.7502007915430735,-1.0075749577924853,3.0752222344234887,-0.4467256416415724,1.0584411608503208
70.0,266.0,165.263427734375,-2.025108824505472,1.819420873531608,-4.880777358367313,-3.048511178555349,-3.076473591889685,0.724041054625411,-1.045823708623605,4.79798916193166,-0.408550783489008,0.6991762171530035
70.0,266.0,137.79388427734375,-2.1197969233219003,2.682501248865924,-4.920949556040982,-3.029357062199896,-2.498212685336491,0.8427023980871142,-0.0990543932277764,3.9646719084198985,-0.444199569359356,1.3230862715750584
70.0,266.0,160.2692413330078,-1.055922459328694,1.7735920722761906,-4.937958133848109,-1.695201673496223,-3.064020344723154,0.8372423768827528,-1.0608401158966236,4.429729571994304,-0.4561175576200931,0.7202760905369371
70.0,267.0,157.60691833496094,-2.1221509371431435,1.8392303061078088,-4.902514539010984,-3.0864103908050646,-3.0538475418464337,0.8517324402109121,-1.0171489627324086,3.092931355225164,-0.4559853455206131,0.9824460715350812
70.0,267.0,161.15728759765625,-1.9534206856324816,1.7536378394229737,-4.890109816254475,-3.0956079319477503,-3.0662115030366284,0.8279698431872164,-1.019189610828445,4.304919778195342,-0.4515226464921155,0.7024576952550962
70.0,267.0,137.79428100585938,-2.119783935109113,2.68199883612094,-4.920791255228204,-3.0302030289134008,-2.4982046635914696,0.842710252766224,-0.0992809748337155,3.964488867926892,-0.4440926142988468,1.322624315397875
70.0,267.0,137.8007354736328,-2.11874858425824,2.6830495050636785,-4.921572170529264,-3.029930532135108,-2.500044037785152,0.8417896551606292,-0.0995665239623932,3.9660535743448713,-0.4443549889952953,1.3231351745149451
70.0,267.0,137.79486083984375,-2.120463693307168,2.682762110525274,-4.919981954198319,-3.0288144225882023,-2.4986580172813566,0.8432068684197771,-0.099025581348673,3.9643721719891625,-0.444152493210058,1.322893630431409
70.0,267.0,150.95826721191406,-2.1262525097823337,1.7737189882144293,-4.926724315985826,-3.0259742329384216,-2.437463469842107,1.4099652745982325,-1.0262765149084487,3.9233814230264574,-0.4512474950726279,1.609887845109697
70.0,267.0,156.08035278320312,-2.1580996450789263,1.728328627406782,-4.879695436337815,-3.0850529772078543,-3.06587044186364,0.8359929899162684,-1.015638048938622,3.5437633377229565,-0.4462973345896071,0.7233871726910266
70.0,267.0,137.81527709960938,-2.1185084885736654,2.6847727975871267,-4.919352177977959,-3.0305521947766936,-2.4980482409379325,0.8428766569721037,-0.0994684322713426,3.96076729417285,-0.4439823014457964,1.3236634080640173
70.0,267.0,137.80593872070312,-2.1205746190380985,2.682018676451919,-4.921203081544391,-3.027227483773335,-2.495420748584317,0.8426980012078976,-0.0991142874446214,3.967066445086115,-0.4440341126553822,1.3230089641608913
70.0,267.0,137.7938690185547,-2.1197894820019507,2.682556644507335,-4.920920810427868,-3.0296890412534268,-2.4982021859095966,0.8427044705104604,-0.099069203409774,3.9642380925266063,-0.4441895330021806,1.323046092863299
70.0,267.0,137.79518127441406,-2.1228034747136606,2.6827521331080773,-4.920233826983846,-3.0294540929610783,-2.498077659625756,0.8427077573305544,-0.0990925553495871,3.9639367919339374,-0.4441869157022173,1.3231264707389818
70.0,267.0,137.7943572998047,-2.1201108568235383,2.682311358238728,-4.920593586896232,-3.028178336542262,-2.49816260385424,0.842852053689539,-0.0993763232914107,3.9646137836358624,-0.4439054036338646,1.322912099584866
70.0,267.0,137.7944793701172,-2.119162478023433,2.6825651503848307,-4.919924049246924,-3.029384472437976,-2.4982430495717534,0.8428730614028238,-0.0990688787811511,3.963910834088728,-0.4441692886711708,1.3230902943666496
70.0,267.0,137.7938232421875,-2.120373870818724,2.682413867466168,-4.921048833869779,-3.0301468503681783,-2.497204100846347,0.8426913194288687,-0.0990248885412803,3.964464427800431,-0.4440537287187391,1.3230854770769658
70.0,267.0,177.90628051757812,-0.9480992037287066,1.6698462529856726,-4.92126265432442,-3.066282443454009,-3.048841576344093,1.9184003846581128,-1.029547548154336,4.407033002134062,-0.5675828178794807,0.7291447687456702
70.0,267.0,137.79351806640625,-2.120298119441322,2.6822680121533686,-4.920577418333323,-3.0300509115343663,-2.49753214168146,0.8426657571689374,-0.0990649789387761,3.964469045471155,-0.4439777394118968,1.3228025124895249
70.0,267.0,137.85206604003906,-2.120364702489786,2.692500336150154,-4.9187793789172,-3.029844827326878,-2.497698781469573,0.8426404605986934,-0.1026922856868963,3.9652735031142754,-0.4470411181861826,1.3230810591839288
70.0,267.0,138.8553466796875,-2.1222250184014344,1.7859582697313516,-4.911992513925983,-3.027397375175113,-2.4919192799355665,0.8416130100114549,-0.0993832010494219,3.9665571402770703,-0.4440650734784624,1.323007832844661
70.0,267.0,137.79356384277344,-2.120006285765177,2.682255517910939,-4.920277437860446,-3.029921583298038,-2.4982044801017103,0.8426708901042395,-0.099074991817808,3.964437893086116,-0.4439673302047334,1.3229134491799996
70.0,267.0,137.7940673828125,-2.120477976098749,2.680819674613737,-4.921182676049034,-3.0299590053030854,-2.49723351464882,0.8427096921672858,-0.0990866078577405,3.964497900180824,-0.443993019480747,1.3231339645376872
70.0,267.0,137.7933807373047,-2.1201206268199977,2.6821652157304543,-4.92032988438328,-3.029977086176535,-2.4974789996436755,0.8425959019621837,-0.0990848702270648,3.964487884784493,-0.4439679623752829,1.3230451231065106
70.0,267.0,137.7942352294922,-2.1197526278406844,2.682534679064678,-4.919722498174685,-3.029864355025154,-2.498281377465336,0.8420817346354966,-0.0991634333190932,3.964075065773284,-0.4440498718544391,1.323009079920848
70.0,267.0,137.7936248779297,-2.120104102156044,2.682348376340466,-4.920916566413463,-3.030047968651232,-2.498193076935676,0.8427079317706333,-0.099055176224852,3.9645555910924646,-0.4440161045576272,1.3230966809037252
70.0,267.0,141.70193481445312,-2.122330337050029,2.685030599151155,-4.920290390885628,-3.0252095323627666,-2.555994278885128,0.8427837351898709,-0.1436817681767082,3.9694111127567138,-0.4441966454573812,1.3039206630745932
70.0,267.0,138.09800720214844,-2.120038638207479,2.713331736885092,-4.919510302570144,-3.0388967895369645,-2.4980761576892445,0.8426936840503679,-0.0989856965455644,3.965111801335605,-0.4438335497247514,1.3231885136059682
70.0,267.0,138.94480895996094,-2.121671452571338,2.6954275836869366,-4.920232600477681,-3.030676475607427,-2.4936130290067995,0.8102492318485224,-0.1119714379548824,3.9761927157555137,-0.446184332755745,1.323397181473446
70.0,267.0,137.79393005371094,-2.1194736660863773,2.681887702569376,-4.920502130335561,-3.029740264246752,-2.497692110775984,0.8426002965986998,-0.0989963595300718,3.964485076938428,-0.4440236780775455,1.3229526435547947
70.0,267.0,150.5499267578125,-2.11968739608623,1.755035030369485,-4.927208819748874,-3.0244678618957064,-2.0218319945465275,0.8106048132035997,-1.0135414794231097,3.9867357123238514,-0.4552261932641993,1.349251448476138
70.0,267.0,138.04493713378906,-2.121015142062417,2.6885317310937697,-4.911241501764085,-3.0399609159715344,-2.4970017337104085,0.8429165434689223,-0.1008868083300534,3.966950444366653,-0.4427201218302202,1.3231128528820075
70.0,267.0,137.79678344726562,-2.1188404445101785,2.6821635085172177,-4.919944316912106,-3.028018529044718,-2.4985161614516302,0.8429843219688248,-0.1000354608452682,3.963747607928229,-0.4440112818000191,1.3227342664688253
70.0,267.0,137.79380798339844,-2.119825100316721,2.6823700783455893,-4.920818651517441,-3.0292159222419093,-2.498255563440354,0.8426715857573166,-0.09908928477203,3.9640200336256046,-0.443990096959467,1.323108061907952
70.0,267.0,137.79429626464844,-2.120361365278033,2.682617805780326,-4.920944835752023,-3.030998823307565,-2.4978117657251664,0.8424864764317956,-0.0990491375323666,3.9646136506126153,-0.4439953615027918,1.3231280079428578
70.0,267.0,140.52117919921875,-2.1272497769988306,1.774468940747441,-4.918171862643308,-3.039466282870276,-2.4890347571925453,0.8476899259151214,-0.521753245229758,3.96549093137469,-0.4572526271482879,1.3258236409937911
70.0,267.0,145.3743896484375,-2.055715787756611,3.5459383446779773,-4.926743274509718,-3.033548482115602,-2.496961460418813,0.8144829614976842,-0.053820621728324,3.954244038928831,-0.4430671415972534,1.6597223734601851
70.0,267.0,139.49063110351562,-2.127036784137281,2.6864341888011003,-4.922580773522917,-3.0061126931140665,-1.94209301285814,0.8409841124852037,-0.5625834980067171,3.962763002701845,-0.4500653814960387,1.3055394714877115
70.0,267.0,137.7938690185547,-2.1192176764827004,2.682457975948681,-4.920892361758078,-3.029897163062224,-2.498217157507705,0.8425022380987964,-0.0991178043864225,3.964049899203908,-0.4437794511309786,1.3230803765718266
70.0,267.0,137.79417419433594,-2.119814472786634,2.682341837243317,-4.921006701252027,-3.029261049555429,-2.497395460710654,0.8422802238245711,-0.0990217796212424,3.963932665607359,-0.4440534566051589,1.3228627713958667
70.0,267.0,155.14508056640625,-2.144416528898283,1.7532622941419214,-4.910340166670732,-3.045212005694971,-1.9538792327145715,0.8337103093690844,-1.0439633387742353,3.904955445319976,-0.4075869564763927,0.7623833671535221
70.0,267.0,137.7935333251953,-2.120377244223988,2.68232573130396,-4.9210422060078125,-3.030108672030188,-2.497761896142653,0.8427064838873964,-0.0990477371153467,3.964536814449924,-0.4440003785934701,1.3231058869317396
70.0,267.0,137.79527282714844,-2.120285637366809,2.6821434161213378,-4.922893654476608,-3.030151941957249,-2.4970675330145515,0.8430158761377754,-0.0994844693539494,3.964375825005208,-0.4440000128252152,1.3231413218991162
70.0,267.0,157.8895721435547,-2.151116586352581,1.7765067177928218,-4.954217446239854,-3.688038395004858,-2.586077377730949,0.8144731752930827,-0.6122097261475492,3.624379146848815,-0.454328507982406,0.9702287003031408
70.0,267.0,155.00601196289062,-2.121067953623014,2.6740037129531027,-4.922195185010763,-3.0190657808472925,-2.4640390886720698,0.8874022978772951,-0.0888972283107288,3.966218500342375,-0.4744916951471489,1.058795787494893
70.0,267.0,137.79364013671875,-2.1198532737005245,2.682325336237589,-4.920848662442082,-3.029985362527924,-2.498213817076804,0.8427103615300588,-0.0990778278213711,3.96433709148904,-0.4440320415389963,1.323060783100609
70.0,267.0,155.30633544921875,-2.110355142561264,1.7355664246072802,-4.897661520156259,-3.0945963635771343,-3.0647722813398968,0.8256285834289196,-1.0204516952792135,4.389633871132414,-0.4667985076585941,0.7287559592886229
70.0,267.0,158.0673828125,-2.13478528945232,1.8441109636686763,-4.929363763692761,-3.1294766675918138,-3.0546509867568057,1.330469986782295,-1.0107985278553162,3.543151829295136,-0.4498499097984712,0.7093224768745058
70.0,267.0,151.25607299804688,-2.172037136009037,1.7295055121999343,-4.886813252907739,-3.044272093932116,-2.527211347557737,0.8736419156014977,-1.0803740810791176,4.326682419773425,-0.4568381444550614,1.020613823807618
70.0,267.0,165.35855102539062,-2.0411344005614884,1.8033887960812784,-4.990096883276585,-3.0271535952284765,-1.9850275875294443,0.7502007915430735,-1.0075749577924853,3.0752222344234887,-0.4467256416415724,1.0584411608503208
70.0,267.0,165.263427734375,-2.025108824505472,1.819420873531608,-4.880777358367313,-3.048511178555349,-3.076473591889685,0.724041054625411,-1.045823708623605,4.79798916193166,-0.408550783489008,0.6991762171530035
70.0,267.0,137.79388427734375,-2.1197969233219003,2.682501248865924,-4.920949556040982,-3.029357062199896,-2.498212685336491,0.8427023980871142,-0.0990543932277764,3.9646719084198985,-0.444199569359356,1.3230862715750584
70.0,267.0,160.2692413330078,-1.055922459328694,1.7735920722761906,-4.937958133848109,-1.695201673496223,-3.064020344723154,0.8372423768827528,-1.0608401158966236,4.429729571994304,-0.4561175576200931,0.7202760905369371
70.0,268.0,157.60691833496094,-2.1221509371431435,1.8392303061078088,-4.902514539010984,-3.0864103908050646,-3.0538475418464337,0.8517324402109121,-1.0171489627324086,3.092931355225164,-0.4559853455206131,0.9824460715350812
70.0,268.0,161.15728759765625,-1.9534206856324816,1.7536378394229737,-4.890109816254475,-3.0956079319477503,-3.0662115030366284,0.8279698431872164,-1.019189610828445,4.304919778195342,-0.4515226464921155,0.7024576952550962
70.0,268.0,137.79428100585938,-2.119783935109113,2.68199883612094,-4.920791255228204,-3.0302030289134008,-2.4982046635914696,0.842710252766224,-0.0992809748337155,3.964488867926892,-0.4440926142988468,1.322624315397875
70.0,268.0,137.8007354736328,-2.11874858425824,2.6830495050636785,-4.921572170529264,-3.029930532135108,-2.500044037785152,0.8417896551606292,-0.0995665239623932,3.9660535743448713,-0.4443549889952953,1.3231351745149451
70.0,268.0,137.79486083984375,-2.120463693307168,2.682762110525274,-4.919981954198319,-3.0288144225882023,-2.4986580172813566,0.8432068684197771,-0.099025581348673,3.9643721719891625,-0.444152493210058,1.322893630431409
70.0,268.0,150.95826721191406,-2.1262525097823337,1.7737189882144293,-4.926724315985826,-3.0259742329384216,-2.437463469842107,1.4099652745982325,-1.0262765149084487,3.9233814230264574,-0.4512474950726279,1.609887845109697
70.0,268.0,156.08035278320312,-2.1580996450789263,1.728328627406782,-4.879695436337815,-3.0850529772078543,-3.06587044186364,0.8359929899162684,-1.015638048938622,3.5437633377229565,-0.4462973345896071,0.7233871726910266
70.0,268.0,137.81527709960938,-2.1185084885736654,2.6847727975871267,-4.919352177977959,-3.0305521947766936,-2.4980482409379325,0.8428766569721037,-0.0994684322713426,3.96076729417285,-0.4439823014457964,1.3236634080640173
70.0,268.0,137.80593872070312,-2.1205746190380985,2.682018676451919,-4.921203081544391,-3.027227483773335,-2.495420748584317,0.8426980012078976,-0.0991142874446214,3.967066445086115,-0.4440341126553822,1.3230089641608913
70.0,268.0,137.7938690185547,-2.1197894820019507,2.682556644507335,-4.920920810427868,-3.0296890412534268,-2.4982021859095966,0.8427044705104604,-0.099069203409774,3.9642380925266063,-0.4441895330021806,1.323046092863299
70.0,268.0,137.79518127441406,-2.1228034747136606,2.6827521331080773,-4.920233826983846,-3.0294540929610783,-2.498077659625756,0.8427077573305544,-0.0990925553495871,3.9639367919339374,-0.4441869157022173,1.3231264707389818
70.0,268.0,137.7943572998047,-2.1201108568235383,2.682311358238728,-4.920593586896232,-3.028178336542262,-2.49816260385424,0.842852053689539,-0.0993763232914107,3.9646137836358624,-0.4439054036338646,1.322912099584866
70.0,268.0,137.7944793701172,-2.119162478023433,2.6825651503848307,-4.919924049246924,-3.029384472437976,-2.4982430495717534,0.8428730614028238,-0.0990688787811511,3.963910834088728,-0.4441692886711708,1.3230902943666496
70.0,268.0,137.7938232421875,-2.120373870818724,2.682413867466168,-4.921048833869779,-3.0301468503681783,-2.497204100846347,0.8426913194288687,-0.0990248885412803,3.964464427800431,-0.4440537287187391,1.3230854770769658
70.0,268.0,177.90628051757812,-0.9480992037287066,1.6698462529856726,-4.92126265432442,-3.066282443454009,-3.048841576344093,1.9184003846581128,-1.029547548154336,4.407033002134062,-0.5675828178794807,0.7291447687456702
70.0,268.0,137.79351806640625,-2.120298119441322,2.6822680121533686,-4.920577418333323,-3.0300509115343663,-2.49753214168146,0.8426657571689374,-0.0990649789387761,3.964469045471155,-0.4439777394118968,1.3228025124895249
70.0,268.0,137.8190460205078,-2.119756465684699,2.682521801469272,-4.926393217148463,-3.0299361230138904,-2.49742163880104,0.8425528683793952,-0.1023201056243363,3.9665827793433768,-0.444028421534713,1.3235991603776194
70.0,268.0,138.8553466796875,-2.1222250184014344,1.7859582697313516,-4.911992513925983,-3.027397375175113,-2.4919192799355665,0.8416130100114549,-0.0993832010494219,3.9665571402770703,-0.4440650734784624,1.323007832844661
70.0,268.0,137.79356384277344,-2.120006285765177,2.682255517910939,-4.920277437860446,-3.029921583298038,-2.4982044801017103,0.8426708901042395,-0.099074991817808,3.964437893086116,-0.4439673302047334,1.3229134491799996
70.0,268.0,137.7940673828125,-2.120477976098749,2.680819674613737,-4.921182676049034,-3.0299590053030854,-2.49723351464882,0.8427096921672858,-0.0990866078577405,3.964497900180824,-0.443993019480747,1.3231339645376872
70.0,268.0,137.7933807373047,-2.1201206268199977,2.6821652157304543,-4.92032988438328,-3.029977086176535,-2.4974789996436755,0.8425959019621837,-0.0990848702270648,3.964487884784493,-0.4439679623752829,1.3230451231065106
70.0,268.0,137.7942352294922,-2.1197526278406844,2.682534679064678,-4.919722498174685,-3.029864355025154,-2.498281377465336,0.8420817346354966,-0.0991634333190932,3.964075065773284,-0.4440498718544391,1.323009079920848
70.0,268.0,137.7936248779297,-2.120104102156044,2.682348376340466,-4.920916566413463,-3.030047968651232,-2.498193076935676,0.8427079317706333,-0.099055176224852,3.9645555910924646,-0.4440161045576272,1.3230966809037252
70.0,268.0,140.16932678222656,-2.121711369012814,2.682911057879528,-4.923568712375926,-3.020978542514654,-2.515522908568898,0.8433911805339334,-0.1397577573226078,3.964874201754242,-0.4443475965328947,1.3067374672253982
70.0,268.0,138.09800720214844,-2.120038638207479,2.713331736885092,-4.919510302570144,-3.0388967895369645,-2.4980761576892445,0.8426936840503679,-0.0989856965455644,3.965111801335605,-0.4438335497247514,1.3231885136059682
70.0,268.0,138.94480895996094,-2.121671452571338,2.6954275836869366,-4.920232600477681,-3.030676475607427,-2.4936130290067995,0.8102492318485224,-0.1119714379548824,3.9761927157555137,-0.446184332755745,1.323397181473446
70.0,268.0,137.79393005371094,-2.1194736660863773,2.681887702569376,-4.920502130335561,-3.029740264246752,-2.497692110775984,0.8426002965986998,-0.0989963595300718,3.964485076938428,-0.4440236780775455,1.3229526435547947
70.0,268.0,150.5499267578125,-2.11968739608623,1.755035030369485,-4.927208819748874,-3.0244678618957064,-2.0218319945465275,0.8106048132035997,-1.0135414794231097,3.9867357123238514,-0.4552261932641993,1.349251448476138
70.0,268.0,137.9720458984375,-2.1207154801647383,2.6781139699212697,-4.899934448847171,-3.042439334844026,-2.497089407775124,0.8423587977215047,-0.0994393472411363,3.966999243320188,-0.4440544358951547,1.3240251287009803
70.0,268.0,137.79678344726562,-2.1188404445101785,2.6821635085172177,-4.919944316912106,-3.028018529044718,-2.4985161614516302,0.8429843219688248,-0.1000354608452682,3.963747607928229,-0.4440112818000191,1.3227342664688253
70.0,268.0,137.79380798339844,-2.119825100316721,2.6823700783455893,-4.920818651517441,-3.0292159222419093,-2.498255563440354,0.8426715857573166,-0.09908928477203,3.9640200336256046,-0.443990096959467,1.323108061907952
70.0,268.0,137.79429626464844,-2.120361365278033,2.682617805780326,-4.920944835752023,-3.030998823307565,-2.4978117657251664,0.8424864764317956,-0.0990491375323666,3.9646136506126153,-0.4439953615027918,1.3231280079428578
70.0,268.0,140.52117919921875,-2.1272497769988306,1.774468940747441,-4.918171862643308,-3.039466282870276,-2.4890347571925453,0.8476899259151214,-0.521753245229758,3.96549093137469,-0.4572526271482879,1.3258236409937911
70.0,268.0,145.3743896484375,-2.055715787756611,3.5459383446779773,-4.926743274509718,-3.033548482115602,-2.496961460418813,0.8144829614976842,-0.053820621728324,3.954244038928831,-0.4430671415972534,1.6597223734601851
70.0,268.0,139.49063110351562,-2.127036784137281,2.6864341888011003,-4.922580773522917,-3.0061126931140665,-1.94209301285814,0.8409841124852037,-0.5625834980067171,3.962763002701845,-0.4500653814960387,1.3055394714877115
70.0,268.0,137.7938690185547,-2.1192176764827004,2.682457975948681,-4.920892361758078,-3.029897163062224,-2.498217157507705,0.8425022380987964,-0.0991178043864225,3.964049899203908,-0.4437794511309786,1.3230803765718266
70.0,268.0,137.79417419433594,-2.119814472786634,2.682341837243317,-4.921006701252027,-3.029261049555429,-2.497395460710654,0.8422802238245711,-0.0990217796212424,3.963932665607359,-0.4440534566051589,1.3228627713958667
70.0,268.0,155.14508056640625,-2.144416528898283,1.7532622941419214,-4.910340166670732,-3.045212005694971,-1.9538792327145715,0.8337103093690844,-1.0439633387742353,3.904955445319976,-0.4075869564763927,0.7623833671535221
70.0,268.0,137.7935333251953,-2.120377244223988,2.68232573130396,-4.9210422060078125,-3.030108672030188,-2.497761896142653,0.8427064838873964,-0.0990477371153467,3.964536814449924,-0.4440003785934701,1.3231058869317396
70.0,268.0,137.79527282714844,-2.120285637366809,2.6821434161213378,-4.922893654476608,-3.030151941957249,-2.4970675330145515,0.8430158761377754,-0.0994844693539494,3.964375825005208,-0.4440000128252152,1.3231413218991162
70.0,268.0,157.8895721435547,-2.151116586352581,1.7765067177928218,-4.954217446239854,-3.688038395004858,-2.586077377730949,0.8144731752930827,-0.6122097261475492,3.624379146848815,-0.454328507982406,0.9702287003031408
70.0,268.0,155.00601196289062,-2.121067953623014,2.6740037129531027,-4.922195185010763,-3.0190657808472925,-2.4640390886720698,0.8874022978772951,-0.0888972283107288,3.966218500342375,-0.4744916951471489,1.058795787494893
70.0,268.0,137.79364013671875,-2.1198532737005245,2.682325336237589,-4.920848662442082,-3.029985362527924,-2.498213817076804,0.8427103615300588,-0.0990778278213711,3.96433709148904,-0.4440320415389963,1.323060783100609
70.0,268.0,155.30633544921875,-2.110355142561264,1.7355664246072802,-4.897661520156259,-3.0945963635771343,-3.0647722813398968,0.8256285834289196,-1.0204516952792135,4.389633871132414,-0.4667985076585941,0.7287559592886229
70.0,268.0,158.0673828125,-2.13478528945232,1.8441109636686763,-4.929363763692761,-3.1294766675918138,-3.0546509867568057,1.330469986782295,-1.0107985278553162,3.543151829295136,-0.4498499097984712,0.7093224768745058
70.0,268.0,151.25607299804688,-2.172037136009037,1.7295055121999343,-4.886813252907739,-3.044272093932116,-2.527211347557737,0.8736419156014977,-1.0803740810791176,4.326682419773425,-0.4568381444550614,1.020613823807618
70.0,268.0,165.35855102539062,-2.0411344005614884,1.8033887960812784,-4.990096883276585,-3.0271535952284765,-1.9850275875294443,0.7502007915430735,-1.0075749577924853,3.0752222344234887,-0.4467256416415724,1.0584411608503208
70.0,268.0,165.263427734375,-2.025108824505472,1.819420873531608,-4.880777358367313,-3.048511178555349,-3.076473591889685,0.724041054625411,-1.045823708623605,4.79798916193166,-0.408550783489008,0.6991762171530035
70.0,268.0,137.79388427734375,-2.1197969233219003,2.682501248865924,-4.920949556040982,-3.029357062199896,-2.498212685336491,0.8427023980871142,-0.0990543932277764,3.9646719084198985,-0.444199569359356,1.3230862715750584
70.0,268.0,160.2692413330078,-1.055922459328694,1.7735920722761906,-4.937958133848109,-1.695201673496223,-3.064020344723154,0.8372423768827528,-1.0608401158966236,4.429729571994304,-0.4561175576200931,0.7202760905369371
70.0,269.0,157.60691833496094,-2.1221509371431435,1.8392303061078088,-4.902514539010984,-3.0864103908050646,-3.0538475418464337,0.8517324402109121,-1.0171489627324086,3.092931355225164,-0.4559853455206131,0.9824460715350812
70.0,269.0,161.15728759765625,-1.9534206856324816,1.7536378394229737,-4.890109816254475,-3.0956079319477503,-3.0662115030366284,0.8279698431872164,-1.019189610828445,4.304919778195342,-0.4515226464921155,0.7024576952550962
70.0,269.0,137.79428100585938,-2.119783935109113,2.68199883612094,-4.920791255228204,-3.0302030289134008,-2.4982046635914696,0.842710252766224,-0.0992809748337155,3.964488867926892,-0.4440926142988468,1.322624315397875
70.0,269.0,137.8007354736328,-2.11874858425824,2.6830495050636785,-4.921572170529264,-3.029930532135108,-2.500044037785152,0.8417896551606292,-0.0995665239623932,3.9660535743448713,-0.4443549889952953,1.3231351745149451
70.0,269.0,137.79486083984375,-2.120463693307168,2.682762110525274,-4.919981954198319,-3.0288144225882023,-2.4986580172813566,0.8432068684197771,-0.099025581348673,3.9643721719891625,-0.444152493210058,1.322893630431409
70.0,269.0,150.95826721191406,-2.1262525097823337,1.7737189882144293,-4.926724315985826,-3.0259742329384216,-2.437463469842107,1.4099652745982325,-1.0262765149084487,3.9233814230264574,-0.4512474950726279,1.609887845109697
70.0,269.0,156.08035278320312,-2.1580996450789263,1.728328627406782,-4.879695436337815,-3.0850529772078543,-3.06587044186364,0.8359929899162684,-1.015638048938622,3.5437633377229565,-0.4462973345896071,0.7233871726910266
70.0,269.0,137.7958526611328,-2.1192436443493534,2.6819821120208744,-4.919801976779109,-3.03043082740472,-2.498528770008803,0.8426980026157961,-0.098992012230094,3.9634958106108487,-0.4439625461625476,1.3228889061679532
70.0,269.0,137.80593872070312,-2.1205746190380985,2.682018676451919,-4.921203081544391,-3.027227483773335,-2.495420748584317,0.8426980012078976,-0.0991142874446214,3.967066445086115,-0.4440341126553822,1.3230089641608913
70.0,269.0,137.7938690185547,-2.1197894820019507,2.682556644507335,-4.920920810427868,-3.0296890412534268,-2.4982021859095966,0.8427044705104604,-0.099069203409774,3.9642380925266063,-0.4441895330021806,1.323046092863299
70.0,269.0,137.7947540283203,-2.1220166734046395,2.6817737337115783,-4.920242722570776,-3.0305433503515613,-2.497825577662853,0.8426599414021443,-0.099169288125921,3.964331692394227,-0.4443012221460889,1.3232067703747263
70.0,269.0,137.7943572998047,-2.1201108568235383,2.682311358238728,-4.920593586896232,-3.028178336542262,-2.49816260385424,0.842852053689539,-0.0993763232914107,3.9646137836358624,-0.4439054036338646,1.322912099584866
70.0,269.0,137.7944793701172,-2.119162478023433,2.6825651503848307,-4.919924049246924,-3.029384472437976,-2.4982430495717534,0.8428730614028238,-0.0990688787811511,3.963910834088728,-0.4441692886711708,1.3230902943666496
70.0,269.0,137.7938232421875,-2.120373870818724,2.682413867466168,-4.921048833869779,-3.0301468503681783,-2.497204100846347,0.8426913194288687,-0.0990248885412803,3.964464427800431,-0.4440537287187391,1.3230854770769658
70.0,269.0,177.90628051757812,-0.9480992037287066,1.6698462529856726,-4.92126265432442,-3.066282443454009,-3.048841576344093,1.9184003846581128,-1.029547548154336,4.407033002134062,-0.5675828178794807,0.7291447687456702
70.0,269.0,137.79351806640625,-2.120298119441322,2.6822680121533686,-4.920577418333323,-3.0300509115343663,-2.49753214168146,0.8426657571689374,-0.0990649789387761,3.964469045471155,-0.4439777394118968,1.3228025124895249
70.0,269.0,137.8190460205078,-2.119756465684699,2.682521801469272,-4.926393217148463,-3.0299361230138904,-2.49742163880104,0.8425528683793952,-0.1023201056243363,3.9665827793433768,-0.444028421534713,1.3235991603776194
70.0,269.0,138.8553466796875,-2.1222250184014344,1.7859582697313516,-4.911992513925983,-3.027397375175113,-2.4919192799355665,0.8416130100114549,-0.0993832010494219,3.9665571402770703,-0.4440650734784624,1.323007832844661
70.0,269.0,137.79339599609375,-2.12004466374068,2.682085516376966,-4.920557096914852,-3.029961323849114,-2.4977540846526423,0.8426848333045567,-0.0991131645103521,3.9645449717784738,-0.4439672251577741,1.3230220939843678
70.0,269.0,137.7940673828125,-2.120477976098749,2.680819674613737,-4.921182676049034,-3.0299590053030854,-2.49723351464882,0.8427096921672858,-0.0990866078577405,3.964497900180824,-0.443993019480747,1.3231339645376872
70.0,269.0,137.7933807373047,-2.1201206268199977,2.6821652157304543,-4.92032988438328,-3.029977086176535,-2.4974789996436755,0.8425959019621837,-0.0990848702270648,3.964487884784493,-0.4439679623752829,1.3230451231065106
70.0,269.0,137.79383850097656,-2.120329920598407,2.682587921477122,-4.920975802741544,-3.0300571930776083,-2.498405806975404,0.8426850571324589,-0.0991269668330343,3.964435409353384,-0.4440310574952438,1.3232342023537025
70.0,269.0,137.7936248779297,-2.120104102156044,2.682348376340466,-4.920916566413463,-3.030047968651232,-2.498193076935676,0.8427079317706333,-0.099055176224852,3.9645555910924646,-0.4440161045576272,1.3230966809037252
70.0,269.0,140.16932678222656,-2.121711369012814,2.682911057879528,-4.923568712375926,-3.020978542514654,-2.515522908568898,0.8433911805339334,-0.1397577573226078,3.964874201754242,-0.4443475965328947,1.3067374672253982
70.0,269.0,137.81268310546875,-2.120248449906659,2.6776890004039906,-4.9198288385413536,-3.0318178576342447,-2.4985763221804658,0.8428036019454086,-0.1023320396202784,3.963658177110844,-0.443856870174718,1.3230174163168076
70.0,269.0,138.94480895996094,-2.121671452571338,2.6954275836869366,-4.920232600477681,-3.030676475607427,-2.4936130290067995,0.8102492318485224,-0.1119714379548824,3.9761927157555137,-0.446184332755745,1.323397181473446
70.0,269.0,137.79393005371094,-2.1194736660863773,2.681887702569376,-4.920502130335561,-3.029740264246752,-2.497692110775984,0.8426002965986998,-0.0989963595300718,3.964485076938428,-0.4440236780775455,1.3229526435547947
70.0,269.0,150.5499267578125,-2.11968739608623,1.755035030369485,-4.927208819748874,-3.0244678618957064,-2.0218319945465275,0.8106048132035997,-1.0135414794231097,3.9867357123238514,-0.4552261932641993,1.349251448476138
70.0,269.0,137.84341430664062,-2.119486393391406,2.6816044844001325,-4.928579422413769,-3.0372127267639684,-2.4977830952963336,0.8426039489493078,-0.0988621168364495,3.966044970786612,-0.4440413216462295,1.324343657862977
70.0,269.0,137.79678344726562,-2.1188404445101785,2.6821635085172177,-4.919944316912106,-3.028018529044718,-2.4985161614516302,0.8429843219688248,-0.1000354608452682,3.963747607928229,-0.4440112818000191,1.3227342664688253
70.0,269.0,137.79380798339844,-2.119825100316721,2.6823700783455893,-4.920818651517441,-3.0292159222419093,-2.498255563440354,0.8426715857573166,-0.09908928477203,3.9640200336256046,-0.443990096959467,1.323108061907952
70.0,269.0,137.7939910888672,-2.120431252259336,2.682347017928704,-4.920483505251863,-3.028258738419174,-2.4973631514250787,0.8425212740328103,-0.0990546497302466,3.964502196069211,-0.4439356584694061,1.3231145000032247
70.0,269.0,140.52117919921875,-2.1272497769988306,1.774468940747441,-4.918171862643308,-3.039466282870276,-2.4890347571925453,0.8476899259151214,-0.521753245229758,3.96549093137469,-0.4572526271482879,1.3258236409937911
70.0,269.0,145.3743896484375,-2.055715787756611,3.5459383446779773,-4.926743274509718,-3.033548482115602,-2.496961460418813,0.8144829614976842,-0.053820621728324,3.954244038928831,-0.4430671415972534,1.6597223734601851
70.0,269.0,139.49063110351562,-2.127036784137281,2.6864341888011003,-4.922580773522917,-3.0061126931140665,-1.94209301285814,0.8409841124852037,-0.5625834980067171,3.962763002701845,-0.4500653814960387,1.3055394714877115
70.0,269.0,137.7938690185547,-2.1192176764827004,2.682457975948681,-4.920892361758078,-3.029897163062224,-2.498217157507705,0.8425022380987964,-0.0991178043864225,3.964049899203908,-0.4437794511309786,1.3230803765718266
70.0,269.0,137.79417419433594,-2.119814472786634,2.682341837243317,-4.921006701252027,-3.029261049555429,-2.497395460710654,0.8422802238245711,-0.0990217796212424,3.963932665607359,-0.4440534566051589,1.3228627713958667
70.0,269.0,155.14508056640625,-2.144416528898283,1.7532622941419214,-4.910340166670732,-3.045212005694971,-1.9538792327145715,0.8337103093690844,-1.0439633387742353,3.904955445319976,-0.4075869564763927,0.7623833671535221
70.0,269.0,137.7935333251953,-2.120377244223988,2.68232573130396,-4.9210422060078125,-3.030108672030188,-2.497761896142653,0.8427064838873964,-0.0990477371153467,3.964536814449924,-0.4440003785934701,1.3231058869317396
70.0,269.0,137.79527282714844,-2.120285637366809,2.6821434161213378,-4.922893654476608,-3.030151941957249,-2.4970675330145515,0.8430158761377754,-0.0994844693539494,3.964375825005208,-0.4440000128252152,1.3231413218991162
70.0,269.0,157.8895721435547,-2.151116586352581,1.7765067177928218,-4.954217446239854,-3.688038395004858,-2.586077377730949,0.8144731752930827,-0.6122097261475492,3.624379146848815,-0.454328507982406,0.9702287003031408
70.0,269.0,155.00601196289062,-2.121067953623014,2.6740037129531027,-4.922195185010763,-3.0190657808472925,-2.4640390886720698,0.8874022978772951,-0.0888972283107288,3.966218500342375,-0.4744916951471489,1.058795787494893
70.0,269.0,137.79364013671875,-2.1198532737005245,2.682325336237589,-4.920848662442082,-3.029985362527924,-2.498213817076804,0.8427103615300588,-0.0990778278213711,3.96433709148904,-0.4440320415389963,1.323060783100609
70.0,269.0,155.30633544921875,-2.110355142561264,1.7355664246072802,-4.897661520156259,-3.0945963635771343,-3.0647722813398968,0.8256285834289196,-1.0204516952792135,4.389633871132414,-0.4667985076585941,0.7287559592886229
70.0,269.0,158.0673828125,-2.13478528945232,1.8441109636686763,-4.929363763692761,-3.1294766675918138,-3.0546509867568057,1.330469986782295,-1.0107985278553162,3.543151829295136,-0.4498499097984712,0.7093224768745058
70.0,269.0,151.25607299804688,-2.172037136009037,1.7295055121999343,-4.886813252907739,-3.044272093932116,-2.527211347557737,0.8736419156014977,-1.0803740810791176,4.326682419773425,-0.4568381444550614,1.020613823807618
70.0,269.0,165.35855102539062,-2.0411344005614884,1.8033887960812784,-4.990096883276585,-3.0271535952284765,-1.9850275875294443,0.7502007915430735,-1.0075749577924853,3.0752222344234887,-0.4467256416415724,1.0584411608503208
70.0,269.0,165.263427734375,-2.025108824505472,1.819420873531608,-4.880777358367313,-3.048511178555349,-3.076473591889685,0.724041054625411,-1.045823708623605,4.79798916193166,-0.408550783489008,0.6991762171530035
70.0,269.0,137.79388427734375,-2.1197969233219003,2.682501248865924,-4.920949556040982,-3.029357062199896,-2.498212685336491,0.8427023980871142,-0.0990543932277764,3.9646719084198985,-0.444199569359356,1.3230862715750584
70.0,269.0,160.2692413330078,-1.055922459328694,1.7735920722761906,-4.937958133848109,-1.695201673496223,-3.064020344723154,0.8372423768827528,-1.0608401158966236,4.429729571994304,-0.4561175576200931,0.7202760905369371
70.0,270.0,157.60691833496094,-2.1221509371431435,1.8392303061078088,-4.902514539010984,-3.0864103908050646,-3.0538475418464337,0.8517324402109121,-1.0171489627324086,3.092931355225164,-0.4559853455206131,0.9824460715350812
70.0,270.0,161.15728759765625,-1.9534206856324816,1.7536378394229737,-4.890109816254475,-3.0956079319477503,-3.0662115030366284,0.8279698431872164,-1.019189610828445,4.304919778195342,-0.4515226464921155,0.7024576952550962
70.0,270.0,137.79428100585938,-2.119783935109113,2.68199883612094,-4.920791255228204,-3.0302030289134008,-2.4982046635914696,0.842710252766224,-0.0992809748337155,3.964488867926892,-0.4440926142988468,1.322624315397875
70.0,270.0,137.8007354736328,-2.11874858425824,2.6830495050636785,-4.921572170529264,-3.029930532135108,-2.500044037785152,0.8417896551606292,-0.0995665239623932,3.9660535743448713,-0.4443549889952953,1.3231351745149451
70.0,270.0,137.79486083984375,-2.120463693307168,2.682762110525274,-4.919981954198319,-3.0288144225882023,-2.4986580172813566,0.8432068684197771,-0.099025581348673,3.9643721719891625,-0.444152493210058,1.322893630431409
70.0,270.0,150.95826721191406,-2.1262525097823337,1.7737189882144293,-4.926724315985826,-3.0259742329384216,-2.437463469842107,1.4099652745982325,-1.0262765149084487,3.9233814230264574,-0.4512474950726279,1.609887845109697
70.0,270.0,156.08035278320312,-2.1580996450789263,1.728328627406782,-4.879695436337815,-3.0850529772078543,-3.06587044186364,0.8359929899162684,-1.015638048938622,3.5437633377229565,-0.4462973345896071,0.7233871726910266
70.0,270.0,137.7955780029297,-2.120667834567724,2.680285207296357,-4.920383537272851,-3.029745829020554,-2.498914071741963,0.8424355988458696,-0.0990804926491607,3.965096170708007,-0.4439662723311421,1.323151127565218
70.0,270.0,137.80593872070312,-2.1205746190380985,2.682018676451919,-4.921203081544391,-3.027227483773335,-2.495420748584317,0.8426980012078976,-0.0991142874446214,3.967066445086115,-0.4440341126553822,1.3230089641608913
70.0,270.0,137.7938690185547,-2.1197894820019507,2.682556644507335,-4.920920810427868,-3.0296890412534268,-2.4982021859095966,0.8427044705104604,-0.099069203409774,3.9642380925266063,-0.4441895330021806,1.323046092863299
70.0,270.0,137.7947540283203,-2.1220166734046395,2.6817737337115783,-4.920242722570776,-3.0305433503515613,-2.497825577662853,0.8426599414021443,-0.099169288125921,3.964331692394227,-0.4443012221460889,1.3232067703747263
70.0,270.0,137.7943572998047,-2.1201108568235383,2.682311358238728,-4.920593586896232,-3.028178336542262,-2.49816260385424,0.842852053689539,-0.0993763232914107,3.9646137836358624,-0.4439054036338646,1.322912099584866
70.0,270.0,137.7944793701172,-2.119162478023433,2.6825651503848307,-4.919924049246924,-3.029384472437976,-2.4982430495717534,0.8428730614028238,-0.0990688787811511,3.963910834088728,-0.4441692886711708,1.3230902943666496
70.0,270.0,137.7938232421875,-2.120373870818724,2.682413867466168,-4.921048833869779,-3.0301468503681783,-2.497204100846347,0.8426913194288687,-0.0990248885412803,3.964464427800431,-0.4440537287187391,1.3230854770769658
70.0,270.0,177.90628051757812,-0.9480992037287066,1.6698462529856726,-4.92126265432442,-3.066282443454009,-3.048841576344093,1.9184003846581128,-1.029547548154336,4.407033002134062,-0.5675828178794807,0.7291447687456702
70.0,270.0,137.79351806640625,-2.120298119441322,2.6822680121533686,-4.920577418333323,-3.0300509115343663,-2.49753214168146,0.8426657571689374,-0.0990649789387761,3.964469045471155,-0.4439777394118968,1.3228025124895249
70.0,270.0,137.8190460205078,-2.119756465684699,2.682521801469272,-4.926393217148463,-3.0299361230138904,-2.49742163880104,0.8425528683793952,-0.1023201056243363,3.9665827793433768,-0.444028421534713,1.3235991603776194
70.0,270.0,138.8553466796875,-2.1222250184014344,1.7859582697313516,-4.911992513925983,-3.027397375175113,-2.4919192799355665,0.8416130100114549,-0.0993832010494219,3.9665571402770703,-0.4440650734784624,1.323007832844661
70.0,270.0,137.79339599609375,-2.12004466374068,2.682085516376966,-4.920557096914852,-3.029961323849114,-2.4977540846526423,0.8426848333045567,-0.0991131645103521,3.9645449717784738,-0.4439672251577741,1.3230220939843678
70.0,270.0,137.7940673828125,-2.120477976098749,2.680819674613737,-4.921182676049034,-3.0299590053030854,-2.49723351464882,0.8427096921672858,-0.0990866078577405,3.964497900180824,-0.443993019480747,1.3231339645376872
70.0,270.0,137.7933807373047,-2.1201206268199977,2.6821652157304543,-4.92032988438328,-3.029977086176535,-2.4974789996436755,0.8425959019621837,-0.0990848702270648,3.964487884784493,-0.4439679623752829,1.3230451231065106
70.0,270.0,137.79383850097656,-2.120329920598407,2.682587921477122,-4.920975802741544,-3.0300571930776083,-2.498405806975404,0.8426850571324589,-0.0991269668330343,3.964435409353384,-0.4440310574952438,1.3232342023537025
70.0,270.0,137.7936248779297,-2.120104102156044,2.682348376340466,-4.920916566413463,-3.030047968651232,-2.498193076935676,0.8427079317706333,-0.099055176224852,3.9645555910924646,-0.4440161045576272,1.3230966809037252
70.0,270.0,140.16932678222656,-2.121711369012814,2.682911057879528,-4.923568712375926,-3.020978542514654,-2.515522908568898,0.8433911805339334,-0.1397577573226078,3.964874201754242,-0.4443475965328947,1.3067374672253982
70.0,270.0,137.81268310546875,-2.120248449906659,2.6776890004039906,-4.9198288385413536,-3.0318178576342447,-2.4985763221804658,0.8428036019454086,-0.1023320396202784,3.963658177110844,-0.443856870174718,1.3230174163168076
70.0,270.0,138.94480895996094,-2.121671452571338,2.6954275836869366,-4.920232600477681,-3.030676475607427,-2.4936130290067995,0.8102492318485224,-0.1119714379548824,3.9761927157555137,-0.446184332755745,1.323397181473446
70.0,270.0,137.79393005371094,-2.1194736660863773,2.681887702569376,-4.920502130335561,-3.029740264246752,-2.497692110775984,0.8426002965986998,-0.0989963595300718,3.964485076938428,-0.4440236780775455,1.3229526435547947
70.0,270.0,150.5499267578125,-2.11968739608623,1.755035030369485,-4.927208819748874,-3.0244678618957064,-2.0218319945465275,0.8106048132035997,-1.0135414794231097,3.9867357123238514,-0.4552261932641993,1.349251448476138
70.0,270.0,137.8331298828125,-2.1195719189266087,2.683521389336625,-4.931823345578954,-3.031034902822465,-2.497370337275874,0.8426890118298086,-0.0990551321321241,3.96328459128786,-0.4438706717939848,1.321686771847252
70.0,270.0,137.79678344726562,-2.1188404445101785,2.6821635085172177,-4.919944316912106,-3.028018529044718,-2.4985161614516302,0.8429843219688248,-0.1000354608452682,3.963747607928229,-0.4440112818000191,1.3227342664688253
70.0,270.0,137.79380798339844,-2.119825100316721,2.6823700783455893,-4.920818651517441,-3.0292159222419093,-2.498255563440354,0.8426715857573166,-0.09908928477203,3.9640200336256046,-0.443990096959467,1.323108061907952
70.0,270.0,137.7937774658203,-2.120298577123379,2.681903920753049,-4.920259791950228,-3.0306131715406512,-2.497621156642265,0.8425742154647355,-0.0990614325701831,3.964445575033394,-0.4439307905427649,1.3229715793465997
70.0,270.0,140.52117919921875,-2.1272497769988306,1.774468940747441,-4.918171862643308,-3.039466282870276,-2.4890347571925453,0.8476899259151214,-0.521753245229758,3.96549093137469,-0.4572526271482879,1.3258236409937911
70.0,270.0,145.3743896484375,-2.055715787756611,3.5459383446779773,-4.926743274509718,-3.033548482115602,-2.496961460418813,0.8144829614976842,-0.053820621728324,3.954244038928831,-0.4430671415972534,1.6597223734601851
70.0,270.0,139.49063110351562,-2.127036784137281,2.6864341888011003,-4.922580773522917,-3.0061126931140665,-1.94209301285814,0.8409841124852037,-0.5625834980067171,3.962763002701845,-0.4500653814960387,1.3055394714877115
70.0,270.0,137.7938690185547,-2.1192176764827004,2.682457975948681,-4.920892361758078,-3.029897163062224,-2.498217157507705,0.8425022380987964,-0.0991178043864225,3.964049899203908,-0.4437794511309786,1.3230803765718266
70.0,270.0,137.79417419433594,-2.119814472786634,2.682341837243317,-4.921006701252027,-3.029261049555429,-2.497395460710654,0.8422802238245711,-0.0990217796212424,3.963932665607359,-0.4440534566051589,1.3228627713958667
70.0,270.0,155.14508056640625,-2.144416528898283,1.7532622941419214,-4.910340166670732,-3.045212005694971,-1.9538792327145715,0.8337103093690844,-1.0439633387742353,3.904955445319976,-0.4075869564763927,0.7623833671535221
70.0,270.0,137.7935333251953,-2.120377244223988,2.68232573130396,-4.9210422060078125,-3.030108672030188,-2.497761896142653,0.8427064838873964,-0.0990477371153467,3.964536814449924,-0.4440003785934701,1.3231058869317396
70.0,270.0,137.79527282714844,-2.120285637366809,2.6821434161213378,-4.922893654476608,-3.030151941957249,-2.4970675330145515,0.8430158761377754,-0.0994844693539494,3.964375825005208,-0.4440000128252152,1.3231413218991162
70.0,270.0,157.8895721435547,-2.151116586352581,1.7765067177928218,-4.954217446239854,-3.688038395004858,-2.586077377730949,0.8144731752930827,-0.6122097261475492,3.624379146848815,-0.454328507982406,0.9702287003031408
70.0,270.0,155.00601196289062,-2.121067953623014,2.6740037129531027,-4.922195185010763,-3.0190657808472925,-2.4640390886720698,0.8874022978772951,-0.0888972283107288,3.966218500342375,-0.4744916951471489,1.058795787494893
70.0,270.0,137.79364013671875,-2.1198532737005245,2.682325336237589,-4.920848662442082,-3.029985362527924,-2.498213817076804,0.8427103615300588,-0.0990778278213711,3.96433709148904,-0.4440320415389963,1.323060783100609
70.0,270.0,155.30633544921875,-2.110355142561264,1.7355664246072802,-4.897661520156259,-3.0945963635771343,-3.0647722813398968,0.8256285834289196,-1.0204516952792135,4.389633871132414,-0.4667985076585941,0.7287559592886229
70.0,270.0,158.0673828125,-2.13478528945232,1.8441109636686763,-4.929363763692761,-3.1294766675918138,-3.0546509867568057,1.330469986782295,-1.0107985278553162,3.543151829295136,-0.4498499097984712,0.7093224768745058
70.0,270.0,151.25607299804688,-2.172037136009037,1.7295055121999343,-4.886813252907739,-3.044272093932116,-2.527211347557737,0.8736419156014977,-1.0803740810791176,4.326682419773425,-0.4568381444550614,1.020613823807618
70.0,270.0,165.35855102539062,-2.0411344005614884,1.8033887960812784,-4.990096883276585,-3.0271535952284765,-1.9850275875294443,0.7502007915430735,-1.0075749577924853,3.0752222344234887,-0.4467256416415724,1.0584411608503208
70.0,270.0,165.263427734375,-2.025108824505472,1.819420873531608,-4.880777358367313,-3.048511178555349,-3.076473591889685,0.724041054625411,-1.045823708623605,4.79798916193166,-0.408550783489008,0.6991762171530035
70.0,270.0,137.79388427734375,-2.1197969233219003,2.682501248865924,-4.920949556040982,-3.029357062199896,-2.498212685336491,0.8427023980871142,-0.0990543932277764,3.9646719084198985,-0.444199569359356,1.3230862715750584
70.0,270.0,160.2692413330078,-1.055922459328694,1.7735920722761906,-4.937958133848109,-1.695201673496223,-3.064020344723154,0.8372423768827528,-1.0608401158966236,4.429729571994304,-0.4561175576200931,0.7202760905369371
70.0,271.0,157.60691833496094,-2.1221509371431435,1.8392303061078088,-4.902514539010984,-3.0864103908050646,-3.0538475418464337,0.8517324402109121,-1.0171489627324086,3.092931355225164,-0.4559853455206131,0.9824460715350812
70.0,271.0,161.15728759765625,-1.9534206856324816,1.7536378394229737,-4.890109816254475,-3.0956079319477503,-3.0662115030366284,0.8279698431872164,-1.019189610828445,4.304919778195342,-0.4515226464921155,0.7024576952550962
70.0,271.0,137.79428100585938,-2.119783935109113,2.68199883612094,-4.920791255228204,-3.0302030289134008,-2.4982046635914696,0.842710252766224,-0.0992809748337155,3.964488867926892,-0.4440926142988468,1.322624315397875
70.0,271.0,137.8007354736328,-2.11874858425824,2.6830495050636785,-4.921572170529264,-3.029930532135108,-2.500044037785152,0.8417896551606292,-0.0995665239623932,3.9660535743448713,-0.4443549889952953,1.3231351745149451
70.0,271.0,137.79486083984375,-2.120463693307168,2.682762110525274,-4.919981954198319,-3.0288144225882023,-2.4986580172813566,0.8432068684197771,-0.099025581348673,3.9643721719891625,-0.444152493210058,1.322893630431409
70.0,271.0,150.95826721191406,-2.1262525097823337,1.7737189882144293,-4.926724315985826,-3.0259742329384216,-2.437463469842107,1.4099652745982325,-1.0262765149084487,3.9233814230264574,-0.4512474950726279,1.609887845109697
70.0,271.0,156.08035278320312,-2.1580996450789263,1.728328627406782,-4.879695436337815,-3.0850529772078543,-3.06587044186364,0.8359929899162684,-1.015638048938622,3.5437633377229565,-0.4462973345896071,0.7233871726910266
70.0,271.0,137.79464721679688,-2.1209217714774726,2.6799806977639022,-4.920502715856413,-3.029926712714416,-2.497512567117377,0.8423904152354318,-0.0991170080246862,3.964527679095972,-0.4439679438056086,1.323118384925749
70.0,271.0,137.80593872070312,-2.1205746190380985,2.682018676451919,-4.921203081544391,-3.027227483773335,-2.495420748584317,0.8426980012078976,-0.0991142874446214,3.967066445086115,-0.4440341126553822,1.3230089641608913
70.0,271.0,137.7938690185547,-2.1197894820019507,2.682556644507335,-4.920920810427868,-3.0296890412534268,-2.4982021859095966,0.8427044705104604,-0.099069203409774,3.9642380925266063,-0.4441895330021806,1.323046092863299
70.0,271.0,137.79385375976562,-2.121386211199063,2.682191672499578,-4.919580195156134,-3.030013945137862,-2.4976744220086182,0.8426019356180225,-0.0991502025845555,3.964213999275042,-0.4438981341773938,1.3230415505083375
70.0,271.0,137.7943572998047,-2.1201108568235383,2.682311358238728,-4.920593586896232,-3.028178336542262,-2.49816260385424,0.842852053689539,-0.0993763232914107,3.9646137836358624,-0.4439054036338646,1.322912099584866
70.0,271.0,137.7944793701172,-2.119162478023433,2.6825651503848307,-4.919924049246924,-3.029384472437976,-2.4982430495717534,0.8428730614028238,-0.0990688787811511,3.963910834088728,-0.4441692886711708,1.3230902943666496
70.0,271.0,137.7938232421875,-2.120373870818724,2.682413867466168,-4.921048833869779,-3.0301468503681783,-2.497204100846347,0.8426913194288687,-0.0990248885412803,3.964464427800431,-0.4440537287187391,1.3230854770769658
70.0,271.0,177.90628051757812,-0.9480992037287066,1.6698462529856726,-4.92126265432442,-3.066282443454009,-3.048841576344093,1.9184003846581128,-1.029547548154336,4.407033002134062,-0.5675828178794807,0.7291447687456702
70.0,271.0,137.79351806640625,-2.120298119441322,2.6822680121533686,-4.920577418333323,-3.0300509115343663,-2.49753214168146,0.8426657571689374,-0.0990649789387761,3.964469045471155,-0.4439777394118968,1.3228025124895249
70.0,271.0,137.8190460205078,-2.119756465684699,2.682521801469272,-4.926393217148463,-3.0299361230138904,-2.49742163880104,0.8425528683793952,-0.1023201056243363,3.9665827793433768,-0.444028421534713,1.3235991603776194
70.0,271.0,138.8553466796875,-2.1222250184014344,1.7859582697313516,-4.911992513925983,-3.027397375175113,-2.4919192799355665,0.8416130100114549,-0.0993832010494219,3.9665571402770703,-0.4440650734784624,1.323007832844661
70.0,271.0,137.79339599609375,-2.12004466374068,2.682085516376966,-4.920557096914852,-3.029961323849114,-2.4977540846526423,0.8426848333045567,-0.0991131645103521,3.9645449717784738,-0.4439672251577741,1.3230220939843678
70.0,271.0,137.7940673828125,-2.120477976098749,2.680819674613737,-4.921182676049034,-3.0299590053030854,-2.49723351464882,0.8427096921672858,-0.0990866078577405,3.964497900180824,-0.443993019480747,1.3231339645376872
70.0,271.0,137.7933807373047,-2.1201206268199977,2.6821652157304543,-4.92032988438328,-3.029977086176535,-2.4974789996436755,0.8425959019621837,-0.0990848702270648,3.964487884784493,-0.4439679623752829,1.3230451231065106
70.0,271.0,137.79383850097656,-2.120329920598407,2.682587921477122,-4.920975802741544,-3.0300571930776083,-2.498405806975404,0.8426850571324589,-0.0991269668330343,3.964435409353384,-0.4440310574952438,1.3232342023537025
70.0,271.0,137.7936248779297,-2.120104102156044,2.682348376340466,-4.920916566413463,-3.030047968651232,-2.498193076935676,0.8427079317706333,-0.099055176224852,3.9645555910924646,-0.4440161045576272,1.3230966809037252
70.0,271.0,140.16932678222656,-2.121711369012814,2.682911057879528,-4.923568712375926,-3.020978542514654,-2.515522908568898,0.8433911805339334,-0.1397577573226078,3.964874201754242,-0.4443475965328947,1.3067374672253982
70.0,271.0,137.81268310546875,-2.120248449906659,2.6776890004039906,-4.9198288385413536,-3.0318178576342447,-2.4985763221804658,0.8428036019454086,-0.1023320396202784,3.963658177110844,-0.443856870174718,1.3230174163168076
70.0,271.0,138.94480895996094,-2.121671452571338,2.6954275836869366,-4.920232600477681,-3.030676475607427,-2.4936130290067995,0.8102492318485224,-0.1119714379548824,3.9761927157555137,-0.446184332755745,1.323397181473446
70.0,271.0,137.79393005371094,-2.1194736660863773,2.681887702569376,-4.920502130335561,-3.029740264246752,-2.497692110775984,0.8426002965986998,-0.0989963595300718,3.964485076938428,-0.4440236780775455,1.3229526435547947
70.0,271.0,150.5499267578125,-2.11968739608623,1.755035030369485,-4.927208819748874,-3.0244678618957064,-2.0218319945465275,0.8106048132035997,-1.0135414794231097,3.9867357123238514,-0.4552261932641993,1.349251448476138
70.0,271.0,137.7976531982422,-2.120458185802213,2.6828038614196474,-4.921498776655657,-3.0275832000195426,-2.497306532323815,0.8426322010132938,-0.0991650781326035,3.963881550684408,-0.4438257106127903,1.3219894023850889
70.0,271.0,137.79678344726562,-2.1188404445101785,2.6821635085172177,-4.919944316912106,-3.028018529044718,-2.4985161614516302,0.8429843219688248,-0.1000354608452682,3.963747607928229,-0.4440112818000191,1.3227342664688253
70.0,271.0,137.79380798339844,-2.119825100316721,2.6823700783455893,-4.920818651517441,-3.0292159222419093,-2.498255563440354,0.8426715857573166,-0.09908928477203,3.9640200336256046,-0.443990096959467,1.323108061907952
70.0,271.0,137.793701171875,-2.1201137748023027,2.681914110627897,-4.92025986327014,-3.030481307766185,-2.4974452573103685,0.8425992948768682,-0.0990871260367698,3.964460219234939,-0.4439350693013782,1.3230083884557198
70.0,271.0,140.52117919921875,-2.1272497769988306,1.774468940747441,-4.918171862643308,-3.039466282870276,-2.4890347571925453,0.8476899259151214,-0.521753245229758,3.96549093137469,-0.4572526271482879,1.3258236409937911
70.0,271.0,145.3743896484375,-2.055715787756611,3.5459383446779773,-4.926743274509718,-3.033548482115602,-2.496961460418813,0.8144829614976842,-0.053820621728324,3.954244038928831,-0.4430671415972534,1.6597223734601851
70.0,271.0,139.49063110351562,-2.127036784137281,2.6864341888011003,-4.922580773522917,-3.0061126931140665,-1.94209301285814,0.8409841124852037,-0.5625834980067171,3.962763002701845,-0.4500653814960387,1.3055394714877115
70.0,271.0,137.7938690185547,-2.1192176764827004,2.682457975948681,-4.920892361758078,-3.029897163062224,-2.498217157507705,0.8425022380987964,-0.0991178043864225,3.964049899203908,-0.4437794511309786,1.3230803765718266
70.0,271.0,137.79371643066406,-2.119592888835652,2.682255541629252,-4.921417633405637,-3.0295965567188965,-2.497425893272802,0.8426919693459544,-0.0990381236850388,3.96442485737496,-0.4440327637003587,1.323107147724064
70.0,271.0,155.14508056640625,-2.144416528898283,1.7532622941419214,-4.910340166670732,-3.045212005694971,-1.9538792327145715,0.8337103093690844,-1.0439633387742353,3.904955445319976,-0.4075869564763927,0.7623833671535221
70.0,271.0,137.7935333251953,-2.120377244223988,2.68232573130396,-4.9210422060078125,-3.030108672030188,-2.497761896142653,0.8427064838873964,-0.0990477371153467,3.964536814449924,-0.4440003785934701,1.3231058869317396
70.0,271.0,137.79527282714844,-2.120285637366809,2.6821434161213378,-4.922893654476608,-3.030151941957249,-2.4970675330145515,0.8430158761377754,-0.0994844693539494,3.964375825005208,-0.4440000128252152,1.3231413218991162
70.0,271.0,157.8895721435547,-2.151116586352581,1.7765067177928218,-4.954217446239854,-3.688038395004858,-2.586077377730949,0.8144731752930827,-0.6122097261475492,3.624379146848815,-0.454328507982406,0.9702287003031408
70.0,271.0,144.25840759277344,-2.1205812611711767,1.8939934790208948,-4.91887351733549,-3.0514871499131906,-2.4958625503112413,0.8462989658910076,-0.1234872513247548,3.963771008824374,-0.4581941757039363,1.6290300132492803
70.0,271.0,137.79364013671875,-2.1198532737005245,2.682325336237589,-4.920848662442082,-3.029985362527924,-2.498213817076804,0.8427103615300588,-0.0990778278213711,3.96433709148904,-0.4440320415389963,1.323060783100609
70.0,271.0,155.30633544921875,-2.110355142561264,1.7355664246072802,-4.897661520156259,-3.0945963635771343,-3.0647722813398968,0.8256285834289196,-1.0204516952792135,4.389633871132414,-0.4667985076585941,0.7287559592886229
70.0,271.0,158.0673828125,-2.13478528945232,1.8441109636686763,-4.929363763692761,-3.1294766675918138,-3.0546509867568057,1.330469986782295,-1.0107985278553162,3.543151829295136,-0.4498499097984712,0.7093224768745058
70.0,271.0,151.25607299804688,-2.172037136009037,1.7295055121999343,-4.886813252907739,-3.044272093932116,-2.527211347557737,0.8736419156014977,-1.0803740810791176,4.326682419773425,-0.4568381444550614,1.020613823807618
70.0,271.0,165.35855102539062,-2.0411344005614884,1.8033887960812784,-4.990096883276585,-3.0271535952284765,-1.9850275875294443,0.7502007915430735,-1.0075749577924853,3.0752222344234887,-0.4467256416415724,1.0584411608503208
70.0,271.0,165.263427734375,-2.025108824505472,1.819420873531608,-4.880777358367313,-3.048511178555349,-3.076473591889685,0.724041054625411,-1.045823708623605,4.79798916193166,-0.408550783489008,0.6991762171530035
70.0,271.0,137.79388427734375,-2.1197969233219003,2.682501248865924,-4.920949556040982,-3.029357062199896,-2.498212685336491,0.8427023980871142,-0.0990543932277764,3.9646719084198985,-0.444199569359356,1.3230862715750584
70.0,271.0,160.2692413330078,-1.055922459328694,1.7735920722761906,-4.937958133848109,-1.695201673496223,-3.064020344723154,0.8372423768827528,-1.0608401158966236,4.429729571994304,-0.4561175576200931,0.7202760905369371
70.0,272.0,157.60691833496094,-2.1221509371431435,1.8392303061078088,-4.902514539010984,-3.0864103908050646,-3.0538475418464337,0.8517324402109121,-1.0171489627324086,3.092931355225164,-0.4559853455206131,0.9824460715350812
70.0,272.0,161.15728759765625,-1.9534206856324816,1.7536378394229737,-4.890109816254475,-3.0956079319477503,-3.0662115030366284,0.8279698431872164,-1.019189610828445,4.304919778195342,-0.4515226464921155,0.7024576952550962
70.0,272.0,137.79428100585938,-2.119783935109113,2.68199883612094,-4.920791255228204,-3.0302030289134008,-2.4982046635914696,0.842710252766224,-0.0992809748337155,3.964488867926892,-0.4440926142988468,1.322624315397875
70.0,272.0,137.8007354736328,-2.11874858425824,2.6830495050636785,-4.921572170529264,-3.029930532135108,-2.500044037785152,0.8417896551606292,-0.0995665239623932,3.9660535743448713,-0.4443549889952953,1.3231351745149451
70.0,272.0,137.79486083984375,-2.120463693307168,2.682762110525274,-4.919981954198319,-3.0288144225882023,-2.4986580172813566,0.8432068684197771,-0.099025581348673,3.9643721719891625,-0.444152493210058,1.322893630431409
70.0,272.0,150.95826721191406,-2.1262525097823337,1.7737189882144293,-4.926724315985826,-3.0259742329384216,-2.437463469842107,1.4099652745982325,-1.0262765149084487,3.9233814230264574,-0.4512474950726279,1.609887845109697
70.0,272.0,156.08035278320312,-2.1580996450789263,1.728328627406782,-4.879695436337815,-3.0850529772078543,-3.06587044186364,0.8359929899162684,-1.015638048938622,3.5437633377229565,-0.4462973345896071,0.7233871726910266
70.0,272.0,137.79464721679688,-2.1209217714774726,2.6799806977639022,-4.920502715856413,-3.029926712714416,-2.497512567117377,0.8423904152354318,-0.0991170080246862,3.964527679095972,-0.4439679438056086,1.323118384925749
70.0,272.0,137.80593872070312,-2.1205746190380985,2.682018676451919,-4.921203081544391,-3.027227483773335,-2.495420748584317,0.8426980012078976,-0.0991142874446214,3.967066445086115,-0.4440341126553822,1.3230089641608913
70.0,272.0,137.7938690185547,-2.1197894820019507,2.682556644507335,-4.920920810427868,-3.0296890412534268,-2.4982021859095966,0.8427044705104604,-0.099069203409774,3.9642380925266063,-0.4441895330021806,1.323046092863299
70.0,272.0,137.79368591308594,-2.120759081304953,2.682252216929604,-4.919441020943342,-3.0296552334784304,-2.497382662494809,0.8425807884586392,-0.0990688048264806,3.964168429291402,-0.4438262620885329,1.3229971440478516
70.0,272.0,137.7943572998047,-2.1201108568235383,2.682311358238728,-4.920593586896232,-3.028178336542262,-2.49816260385424,0.842852053689539,-0.0993763232914107,3.9646137836358624,-0.4439054036338646,1.322912099584866
70.0,272.0,137.7944793701172,-2.119162478023433,2.6825651503848307,-4.919924049246924,-3.029384472437976,-2.4982430495717534,0.8428730614028238,-0.0990688787811511,3.963910834088728,-0.4441692886711708,1.3230902943666496
70.0,272.0,137.7938232421875,-2.120373870818724,2.682413867466168,-4.921048833869779,-3.0301468503681783,-2.497204100846347,0.8426913194288687,-0.0990248885412803,3.964464427800431,-0.4440537287187391,1.3230854770769658
70.0,272.0,177.90628051757812,-0.9480992037287066,1.6698462529856726,-4.92126265432442,-3.066282443454009,-3.048841576344093,1.9184003846581128,-1.029547548154336,4.407033002134062,-0.5675828178794807,0.7291447687456702
70.0,272.0,137.79351806640625,-2.120298119441322,2.6822680121533686,-4.920577418333323,-3.0300509115343663,-2.49753214168146,0.8426657571689374,-0.0990649789387761,3.964469045471155,-0.4439777394118968,1.3228025124895249
70.0,272.0,137.80307006835938,-2.120005277520318,2.682263702323844,-4.91488710619628,-3.0300761028618206,-2.497474676494212,0.8425390606900689,-0.0991718334381567,3.965543597047165,-0.444088833264807,1.323146508574222
70.0,272.0,138.8553466796875,-2.1222250184014344,1.7859582697313516,-4.911992513925983,-3.027397375175113,-2.4919192799355665,0.8416130100114549,-0.0993832010494219,3.9665571402770703,-0.4440650734784624,1.323007832844661
70.0,272.0,137.79339599609375,-2.12004466374068,2.682085516376966,-4.920557096914852,-3.029961323849114,-2.4977540846526423,0.8426848333045567,-0.0991131645103521,3.9645449717784738,-0.4439672251577741,1.3230220939843678
70.0,272.0,137.7940673828125,-2.120477976098749,2.680819674613737,-4.921182676049034,-3.0299590053030854,-2.49723351464882,0.8427096921672858,-0.0990866078577405,3.964497900180824,-0.443993019480747,1.3231339645376872
70.0,272.0,137.7933807373047,-2.1201206268199977,2.6821652157304543,-4.92032988438328,-3.029977086176535,-2.4974789996436755,0.8425959019621837,-0.0990848702270648,3.964487884784493,-0.4439679623752829,1.3230451231065106
70.0,272.0,137.79383850097656,-2.120329920598407,2.682587921477122,-4.920975802741544,-3.0300571930776083,-2.498405806975404,0.8426850571324589,-0.0991269668330343,3.964435409353384,-0.4440310574952438,1.3232342023537025
70.0,272.0,137.7936248779297,-2.120104102156044,2.682348376340466,-4.920916566413463,-3.030047968651232,-2.498193076935676,0.8427079317706333,-0.099055176224852,3.9645555910924646,-0.4440161045576272,1.3230966809037252
70.0,272.0,140.16932678222656,-2.121711369012814,2.682911057879528,-4.923568712375926,-3.020978542514654,-2.515522908568898,0.8433911805339334,-0.1397577573226078,3.964874201754242,-0.4443475965328947,1.3067374672253982
70.0,272.0,137.81268310546875,-2.120248449906659,2.6776890004039906,-4.9198288385413536,-3.0318178576342447,-2.4985763221804658,0.8428036019454086,-0.1023320396202784,3.963658177110844,-0.443856870174718,1.3230174163168076
70.0,272.0,138.74327087402344,-2.118978772324865,2.655740990285247,-4.9202434845117775,-3.030109294221386,-2.499121701363457,0.8391777404135009,-0.1206322138029716,3.982138495269146,-0.4451552329399167,1.3232017750905791
70.0,272.0,137.79351806640625,-2.1193640787670858,2.682082403117421,-4.920421657224255,-3.0298420292317942,-2.49772084306054,0.8424367870329476,-0.0992326515290065,3.964463239498516,-0.4439214732667647,1.32309354764107
70.0,272.0,150.5499267578125,-2.11968739608623,1.755035030369485,-4.927208819748874,-3.0244678618957064,-2.0218319945465275,0.8106048132035997,-1.0135414794231097,3.9867357123238514,-0.4552261932641993,1.349251448476138
70.0,272.0,137.7976531982422,-2.120458185802213,2.6828038614196474,-4.921498776655657,-3.0275832000195426,-2.497306532323815,0.8426322010132938,-0.0991650781326035,3.963881550684408,-0.4438257106127903,1.3219894023850889
70.0,272.0,137.79678344726562,-2.1188404445101785,2.6821635085172177,-4.919944316912106,-3.028018529044718,-2.4985161614516302,0.8429843219688248,-0.1000354608452682,3.963747607928229,-0.4440112818000191,1.3227342664688253
70.0,272.0,137.79380798339844,-2.119825100316721,2.6823700783455893,-4.920818651517441,-3.0292159222419093,-2.498255563440354,0.8426715857573166,-0.09908928477203,3.9640200336256046,-0.443990096959467,1.323108061907952
70.0,272.0,137.79345703125,-2.120041393230362,2.682204977387162,-4.920389233204388,-3.03008541063985,-2.4974189428265654,0.8426057855943019,-0.0990925300382516,3.964532586004253,-0.4439847096003882,1.3230479486600315
70.0,272.0,140.52117919921875,-2.1272497769988306,1.774468940747441,-4.918171862643308,-3.039466282870276,-2.4890347571925453,0.8476899259151214,-0.521753245229758,3.96549093137469,-0.4572526271482879,1.3258236409937911
70.0,272.0,145.3743896484375,-2.055715787756611,3.5459383446779773,-4.926743274509718,-3.033548482115602,-2.496961460418813,0.8144829614976842,-0.053820621728324,3.954244038928831,-0.4430671415972534,1.6597223734601851
70.0,272.0,139.49063110351562,-2.127036784137281,2.6864341888011003,-4.922580773522917,-3.0061126931140665,-1.94209301285814,0.8409841124852037,-0.5625834980067171,3.962763002701845,-0.4500653814960387,1.3055394714877115
70.0,272.0,137.7938690185547,-2.1192176764827004,2.682457975948681,-4.920892361758078,-3.029897163062224,-2.498217157507705,0.8425022380987964,-0.0991178043864225,3.964049899203908,-0.4437794511309786,1.3230803765718266
70.0,272.0,137.79371643066406,-2.119592888835652,2.682255541629252,-4.921417633405637,-3.0295965567188965,-2.497425893272802,0.8426919693459544,-0.0990381236850388,3.96442485737496,-0.4440327637003587,1.323107147724064
70.0,272.0,155.14508056640625,-2.144416528898283,1.7532622941419214,-4.910340166670732,-3.045212005694971,-1.9538792327145715,0.8337103093690844,-1.0439633387742353,3.904955445319976,-0.4075869564763927,0.7623833671535221
70.0,272.0,137.7935333251953,-2.120377244223988,2.68232573130396,-4.9210422060078125,-3.030108672030188,-2.497761896142653,0.8427064838873964,-0.0990477371153467,3.964536814449924,-0.4440003785934701,1.3231058869317396
70.0,272.0,137.79527282714844,-2.120285637366809,2.6821434161213378,-4.922893654476608,-3.030151941957249,-2.4970675330145515,0.8430158761377754,-0.0994844693539494,3.964375825005208,-0.4440000128252152,1.3231413218991162
70.0,272.0,157.8895721435547,-2.151116586352581,1.7765067177928218,-4.954217446239854,-3.688038395004858,-2.586077377730949,0.8144731752930827,-0.6122097261475492,3.624379146848815,-0.454328507982406,0.9702287003031408
70.0,272.0,144.25840759277344,-2.1205812611711767,1.8939934790208948,-4.91887351733549,-3.0514871499131906,-2.4958625503112413,0.8462989658910076,-0.1234872513247548,3.963771008824374,-0.4581941757039363,1.6290300132492803
70.0,272.0,137.79364013671875,-2.1198532737005245,2.682325336237589,-4.920848662442082,-3.029985362527924,-2.498213817076804,0.8427103615300588,-0.0990778278213711,3.96433709148904,-0.4440320415389963,1.323060783100609
70.0,272.0,155.30633544921875,-2.110355142561264,1.7355664246072802,-4.897661520156259,-3.0945963635771343,-3.0647722813398968,0.8256285834289196,-1.0204516952792135,4.389633871132414,-0.4667985076585941,0.7287559592886229
70.0,272.0,158.0673828125,-2.13478528945232,1.8441109636686763,-4.929363763692761,-3.1294766675918138,-3.0546509867568057,1.330469986782295,-1.0107985278553162,3.543151829295136,-0.4498499097984712,0.7093224768745058
70.0,272.0,151.25607299804688,-2.172037136009037,1.7295055121999343,-4.886813252907739,-3.044272093932116,-2.527211347557737,0.8736419156014977,-1.0803740810791176,4.326682419773425,-0.4568381444550614,1.020613823807618
70.0,272.0,165.35855102539062,-2.0411344005614884,1.8033887960812784,-4.990096883276585,-3.0271535952284765,-1.9850275875294443,0.7502007915430735,-1.0075749577924853,3.0752222344234887,-0.4467256416415724,1.0584411608503208
70.0,272.0,165.263427734375,-2.025108824505472,1.819420873531608,-4.880777358367313,-3.048511178555349,-3.076473591889685,0.724041054625411,-1.045823708623605,4.79798916193166,-0.408550783489008,0.6991762171530035
70.0,272.0,137.79388427734375,-2.1197969233219003,2.682501248865924,-4.920949556040982,-3.029357062199896,-2.498212685336491,0.8427023980871142,-0.0990543932277764,3.9646719084198985,-0.444199569359356,1.3230862715750584
70.0,272.0,160.2692413330078,-1.055922459328694,1.7735920722761906,-4.937958133848109,-1.695201673496223,-3.064020344723154,0.8372423768827528,-1.0608401158966236,4.429729571994304,-0.4561175576200931,0.7202760905369371
70.0,273.0,157.60691833496094,-2.1221509371431435,1.8392303061078088,-4.902514539010984,-3.0864103908050646,-3.0538475418464337,0.8517324402109121,-1.0171489627324086,3.092931355225164,-0.4559853455206131,0.9824460715350812
70.0,273.0,161.15728759765625,-1.9534206856324816,1.7536378394229737,-4.890109816254475,-3.0956079319477503,-3.0662115030366284,0.8279698431872164,-1.019189610828445,4.304919778195342,-0.4515226464921155,0.7024576952550962
70.0,273.0,137.79428100585938,-2.119783935109113,2.68199883612094,-4.920791255228204,-3.0302030289134008,-2.4982046635914696,0.842710252766224,-0.0992809748337155,3.964488867926892,-0.4440926142988468,1.322624315397875
70.0,273.0,137.8007354736328,-2.11874858425824,2.6830495050636785,-4.921572170529264,-3.029930532135108,-2.500044037785152,0.8417896551606292,-0.0995665239623932,3.9660535743448713,-0.4443549889952953,1.3231351745149451
70.0,273.0,137.79486083984375,-2.120463693307168,2.682762110525274,-4.919981954198319,-3.0288144225882023,-2.4986580172813566,0.8432068684197771,-0.099025581348673,3.9643721719891625,-0.444152493210058,1.322893630431409
70.0,273.0,150.95826721191406,-2.1262525097823337,1.7737189882144293,-4.926724315985826,-3.0259742329384216,-2.437463469842107,1.4099652745982325,-1.0262765149084487,3.9233814230264574,-0.4512474950726279,1.609887845109697
70.0,273.0,156.08035278320312,-2.1580996450789263,1.728328627406782,-4.879695436337815,-3.0850529772078543,-3.06587044186364,0.8359929899162684,-1.015638048938622,3.5437633377229565,-0.4462973345896071,0.7233871726910266
70.0,273.0,137.7938232421875,-2.1188572433119064,2.6825226937564266,-4.920429280848648,-3.030030914489997,-2.4978777724504644,0.8426261255231807,-0.0991074234934247,3.964496612187239,-0.4439675554811538,1.3230830518279555
70.0,273.0,137.80593872070312,-2.1205746190380985,2.682018676451919,-4.921203081544391,-3.027227483773335,-2.495420748584317,0.8426980012078976,-0.0991142874446214,3.967066445086115,-0.4440341126553822,1.3230089641608913
70.0,273.0,137.7938690185547,-2.1197894820019507,2.682556644507335,-4.920920810427868,-3.0296890412534268,-2.4982021859095966,0.8427044705104604,-0.099069203409774,3.9642380925266063,-0.4441895330021806,1.323046092863299
70.0,273.0,137.79368591308594,-2.120759081304953,2.682252216929604,-4.919441020943342,-3.0296552334784304,-2.497382662494809,0.8425807884586392,-0.0990688048264806,3.964168429291402,-0.4438262620885329,1.3229971440478516
70.0,273.0,137.7943572998047,-2.1201108568235383,2.682311358238728,-4.920593586896232,-3.028178336542262,-2.49816260385424,0.842852053689539,-0.0993763232914107,3.9646137836358624,-0.4439054036338646,1.322912099584866
70.0,273.0,137.7944793701172,-2.119162478023433,2.6825651503848307,-4.919924049246924,-3.029384472437976,-2.4982430495717534,0.8428730614028238,-0.0990688787811511,3.963910834088728,-0.4441692886711708,1.3230902943666496
70.0,273.0,137.7938232421875,-2.120373870818724,2.682413867466168,-4.921048833869779,-3.0301468503681783,-2.497204100846347,0.8426913194288687,-0.0990248885412803,3.964464427800431,-0.4440537287187391,1.3230854770769658
70.0,273.0,177.90628051757812,-0.9480992037287066,1.6698462529856726,-4.92126265432442,-3.066282443454009,-3.048841576344093,1.9184003846581128,-1.029547548154336,4.407033002134062,-0.5675828178794807,0.7291447687456702
70.0,273.0,137.79351806640625,-2.120298119441322,2.6822680121533686,-4.920577418333323,-3.0300509115343663,-2.49753214168146,0.8426657571689374,-0.0990649789387761,3.964469045471155,-0.4439777394118968,1.3228025124895249
70.0,273.0,137.80307006835938,-2.120005277520318,2.682263702323844,-4.91488710619628,-3.0300761028618206,-2.497474676494212,0.8425390606900689,-0.0991718334381567,3.965543597047165,-0.444088833264807,1.323146508574222
70.0,273.0,138.8553466796875,-2.1222250184014344,1.7859582697313516,-4.911992513925983,-3.027397375175113,-2.4919192799355665,0.8416130100114549,-0.0993832010494219,3.9665571402770703,-0.4440650734784624,1.323007832844661
70.0,273.0,137.79339599609375,-2.12004466374068,2.682085516376966,-4.920557096914852,-3.029961323849114,-2.4977540846526423,0.8426848333045567,-0.0991131645103521,3.9645449717784738,-0.4439672251577741,1.3230220939843678
70.0,273.0,137.7940673828125,-2.120477976098749,2.680819674613737,-4.921182676049034,-3.0299590053030854,-2.49723351464882,0.8427096921672858,-0.0990866078577405,3.964497900180824,-0.443993019480747,1.3231339645376872
70.0,273.0,137.7933807373047,-2.1201206268199977,2.6821652157304543,-4.92032988438328,-3.029977086176535,-2.4974789996436755,0.8425959019621837,-0.0990848702270648,3.964487884784493,-0.4439679623752829,1.3230451231065106
70.0,273.0,137.79383850097656,-2.120329920598407,2.682587921477122,-4.920975802741544,-3.0300571930776083,-2.498405806975404,0.8426850571324589,-0.0991269668330343,3.964435409353384,-0.4440310574952438,1.3232342023537025
70.0,273.0,137.7936248779297,-2.120104102156044,2.682348376340466,-4.920916566413463,-3.030047968651232,-2.498193076935676,0.8427079317706333,-0.099055176224852,3.9645555910924646,-0.4440161045576272,1.3230966809037252
70.0,273.0,140.16932678222656,-2.121711369012814,2.682911057879528,-4.923568712375926,-3.020978542514654,-2.515522908568898,0.8433911805339334,-0.1397577573226078,3.964874201754242,-0.4443475965328947,1.3067374672253982
70.0,273.0,137.81268310546875,-2.120248449906659,2.6776890004039906,-4.9198288385413536,-3.0318178576342447,-2.4985763221804658,0.8428036019454086,-0.1023320396202784,3.963658177110844,-0.443856870174718,1.3230174163168076
70.0,273.0,138.74327087402344,-2.118978772324865,2.655740990285247,-4.9202434845117775,-3.030109294221386,-2.499121701363457,0.8391777404135009,-0.1206322138029716,3.982138495269146,-0.4451552329399167,1.3232017750905791
70.0,273.0,137.79347229003906,-2.120875828412689,2.6821377571465854,-4.920330393627026,-3.029808701702509,-2.4973316174590514,0.8425045721254478,-0.0992715339244338,3.9645065882896606,-0.4439804716485085,1.323079333507163
70.0,273.0,150.5499267578125,-2.11968739608623,1.755035030369485,-4.927208819748874,-3.0244678618957064,-2.0218319945465275,0.8106048132035997,-1.0135414794231097,3.9867357123238514,-0.4552261932641993,1.349251448476138
70.0,273.0,137.7976531982422,-2.120458185802213,2.6828038614196474,-4.921498776655657,-3.0275832000195426,-2.497306532323815,0.8426322010132938,-0.0991650781326035,3.963881550684408,-0.4438257106127903,1.3219894023850889
70.0,273.0,137.79678344726562,-2.1188404445101785,2.6821635085172177,-4.919944316912106,-3.028018529044718,-2.4985161614516302,0.8429843219688248,-0.1000354608452682,3.963747607928229,-0.4440112818000191,1.3227342664688253
70.0,273.0,137.79380798339844,-2.119825100316721,2.6823700783455893,-4.920818651517441,-3.0292159222419093,-2.498255563440354,0.8426715857573166,-0.09908928477203,3.9640200336256046,-0.443990096959467,1.323108061907952
70.0,273.0,137.79336547851562,-2.120108572674395,2.6822669965577166,-4.9203478139813965,-3.0298842440880684,-2.4975453057890107,0.8425872167240545,-0.0990879854907296,3.964519913536592,-0.4439841996087609,1.323062607298512
70.0,273.0,140.52117919921875,-2.1272497769988306,1.774468940747441,-4.918171862643308,-3.039466282870276,-2.4890347571925453,0.8476899259151214,-0.521753245229758,3.96549093137469,-0.4572526271482879,1.3258236409937911
70.0,273.0,145.3743896484375,-2.055715787756611,3.5459383446779773,-4.926743274509718,-3.033548482115602,-2.496961460418813,0.8144829614976842,-0.053820621728324,3.954244038928831,-0.4430671415972534,1.6597223734601851
70.0,273.0,139.49063110351562,-2.127036784137281,2.6864341888011003,-4.922580773522917,-3.0061126931140665,-1.94209301285814,0.8409841124852037,-0.5625834980067171,3.962763002701845,-0.4500653814960387,1.3055394714877115
70.0,273.0,137.7938690185547,-2.1192176764827004,2.682457975948681,-4.920892361758078,-3.029897163062224,-2.498217157507705,0.8425022380987964,-0.0991178043864225,3.964049899203908,-0.4437794511309786,1.3230803765718266
70.0,273.0,137.79371643066406,-2.119592888835652,2.682255541629252,-4.921417633405637,-3.0295965567188965,-2.497425893272802,0.8426919693459544,-0.0990381236850388,3.96442485737496,-0.4440327637003587,1.323107147724064
70.0,273.0,155.14508056640625,-2.144416528898283,1.7532622941419214,-4.910340166670732,-3.045212005694971,-1.9538792327145715,0.8337103093690844,-1.0439633387742353,3.904955445319976,-0.4075869564763927,0.7623833671535221
70.0,273.0,137.7935333251953,-2.120377244223988,2.68232573130396,-4.9210422060078125,-3.030108672030188,-2.497761896142653,0.8427064838873964,-0.0990477371153467,3.964536814449924,-0.4440003785934701,1.3231058869317396
70.0,273.0,137.79527282714844,-2.120285637366809,2.6821434161213378,-4.922893654476608,-3.030151941957249,-2.4970675330145515,0.8430158761377754,-0.0994844693539494,3.964375825005208,-0.4440000128252152,1.3231413218991162
70.0,273.0,157.8895721435547,-2.151116586352581,1.7765067177928218,-4.954217446239854,-3.688038395004858,-2.586077377730949,0.8144731752930827,-0.6122097261475492,3.624379146848815,-0.454328507982406,0.9702287003031408
70.0,273.0,144.25840759277344,-2.1205812611711767,1.8939934790208948,-4.91887351733549,-3.0514871499131906,-2.4958625503112413,0.8462989658910076,-0.1234872513247548,3.963771008824374,-0.4581941757039363,1.6290300132492803
70.0,273.0,137.79364013671875,-2.1198532737005245,2.682325336237589,-4.920848662442082,-3.029985362527924,-2.498213817076804,0.8427103615300588,-0.0990778278213711,3.96433709148904,-0.4440320415389963,1.323060783100609
70.0,273.0,155.30633544921875,-2.110355142561264,1.7355664246072802,-4.897661520156259,-3.0945963635771343,-3.0647722813398968,0.8256285834289196,-1.0204516952792135,4.389633871132414,-0.4667985076585941,0.7287559592886229
70.0,273.0,158.0673828125,-2.13478528945232,1.8441109636686763,-4.929363763692761,-3.1294766675918138,-3.0546509867568057,1.330469986782295,-1.0107985278553162,3.543151829295136,-0.4498499097984712,0.7093224768745058
70.0,273.0,151.25607299804688,-2.172037136009037,1.7295055121999343,-4.886813252907739,-3.044272093932116,-2.527211347557737,0.8736419156014977,-1.0803740810791176,4.326682419773425,-0.4568381444550614,1.020613823807618
70.0,273.0,165.35855102539062,-2.0411344005614884,1.8033887960812784,-4.990096883276585,-3.0271535952284765,-1.9850275875294443,0.7502007915430735,-1.0075749577924853,3.0752222344234887,-0.4467256416415724,1.0584411608503208
70.0,273.0,165.263427734375,-2.025108824505472,1.819420873531608,-4.880777358367313,-3.048511178555349,-3.076473591889685,0.724041054625411,-1.045823708623605,4.79798916193166,-0.408550783489008,0.6991762171530035
70.0,273.0,137.79388427734375,-2.1197969233219003,2.682501248865924,-4.920949556040982,-3.029357062199896,-2.498212685336491,0.8427023980871142,-0.0990543932277764,3.9646719084198985,-0.444199569359356,1.3230862715750584
70.0,273.0,160.2692413330078,-1.055922459328694,1.7735920722761906,-4.937958133848109,-1.695201673496223,-3.064020344723154,0.8372423768827528,-1.0608401158966236,4.429729571994304,-0.4561175576200931,0.7202760905369371
70.0,274.0,157.60691833496094,-2.1221509371431435,1.8392303061078088,-4.902514539010984,-3.0864103908050646,-3.0538475418464337,0.8517324402109121,-1.0171489627324086,3.092931355225164,-0.4559853455206131,0.9824460715350812
70.0,274.0,161.15728759765625,-1.9534206856324816,1.7536378394229737,-4.890109816254475,-3.0956079319477503,-3.0662115030366284,0.8279698431872164,-1.019189610828445,4.304919778195342,-0.4515226464921155,0.7024576952550962
70.0,274.0,137.79428100585938,-2.119783935109113,2.68199883612094,-4.920791255228204,-3.0302030289134008,-2.4982046635914696,0.842710252766224,-0.0992809748337155,3.964488867926892,-0.4440926142988468,1.322624315397875
70.0,274.0,137.8007354736328,-2.11874858425824,2.6830495050636785,-4.921572170529264,-3.029930532135108,-2.500044037785152,0.8417896551606292,-0.0995665239623932,3.9660535743448713,-0.4443549889952953,1.3231351745149451
70.0,274.0,137.79481506347656,-2.1201319120065496,2.682491904078496,-4.9202484061812015,-3.028852538142804,-2.4976777264058234,0.8429985183205179,-0.0990401891338586,3.964594557195188,-0.4438968219646892,1.323787542699959
70.0,274.0,150.95826721191406,-2.1262525097823337,1.7737189882144293,-4.926724315985826,-3.0259742329384216,-2.437463469842107,1.4099652745982325,-1.0262765149084487,3.9233814230264574,-0.4512474950726279,1.609887845109697
70.0,274.0,156.08035278320312,-2.1580996450789263,1.728328627406782,-4.879695436337815,-3.0850529772078543,-3.06587044186364,0.8359929899162684,-1.015638048938622,3.5437633377229565,-0.4462973345896071,0.7233871726910266
70.0,274.0,137.7935791015625,-2.119830044324211,2.682822325249434,-4.920365318300877,-3.030013542933005,-2.49754514670035,0.8425413576598056,-0.0991152895431376,3.964651999453527,-0.4439754862238189,1.3230465962758964
70.0,274.0,137.80593872070312,-2.1205746190380985,2.682018676451919,-4.921203081544391,-3.027227483773335,-2.495420748584317,0.8426980012078976,-0.0991142874446214,3.967066445086115,-0.4440341126553822,1.3230089641608913
70.0,274.0,137.7938690185547,-2.1197894820019507,2.682556644507335,-4.920920810427868,-3.0296890412534268,-2.4982021859095966,0.8427044705104604,-0.099069203409774,3.9642380925266063,-0.4441895330021806,1.323046092863299
70.0,274.0,137.79368591308594,-2.120759081304953,2.682252216929604,-4.919441020943342,-3.0296552334784304,-2.497382662494809,0.8425807884586392,-0.0990688048264806,3.964168429291402,-0.4438262620885329,1.3229971440478516
70.0,274.0,137.7943572998047,-2.1201108568235383,2.682311358238728,-4.920593586896232,-3.028178336542262,-2.49816260385424,0.842852053689539,-0.0993763232914107,3.9646137836358624,-0.4439054036338646,1.322912099584866
70.0,274.0,137.7944793701172,-2.119162478023433,2.6825651503848307,-4.919924049246924,-3.029384472437976,-2.4982430495717534,0.8428730614028238,-0.0990688787811511,3.963910834088728,-0.4441692886711708,1.3230902943666496
70.0,274.0,137.7938232421875,-2.120373870818724,2.682413867466168,-4.921048833869779,-3.0301468503681783,-2.497204100846347,0.8426913194288687,-0.0990248885412803,3.964464427800431,-0.4440537287187391,1.3230854770769658
70.0,274.0,177.90628051757812,-0.9480992037287066,1.6698462529856726,-4.92126265432442,-3.066282443454009,-3.048841576344093,1.9184003846581128,-1.029547548154336,4.407033002134062,-0.5675828178794807,0.7291447687456702
70.0,274.0,137.79351806640625,-2.120298119441322,2.6822680121533686,-4.920577418333323,-3.0300509115343663,-2.49753214168146,0.8426657571689374,-0.0990649789387761,3.964469045471155,-0.4439777394118968,1.3228025124895249
70.0,274.0,137.80307006835938,-2.120005277520318,2.682263702323844,-4.91488710619628,-3.0300761028618206,-2.497474676494212,0.8425390606900689,-0.0991718334381567,3.965543597047165,-0.444088833264807,1.323146508574222
70.0,274.0,138.8553466796875,-2.1222250184014344,1.7859582697313516,-4.911992513925983,-3.027397375175113,-2.4919192799355665,0.8416130100114549,-0.0993832010494219,3.9665571402770703,-0.4440650734784624,1.323007832844661
70.0,274.0,137.79339599609375,-2.12004466374068,2.682085516376966,-4.920557096914852,-3.029961323849114,-2.4977540846526423,0.8426848333045567,-0.0991131645103521,3.9645449717784738,-0.4439672251577741,1.3230220939843678
70.0,274.0,137.7940673828125,-2.120477976098749,2.680819674613737,-4.921182676049034,-3.0299590053030854,-2.49723351464882,0.8427096921672858,-0.0990866078577405,3.964497900180824,-0.443993019480747,1.3231339645376872
70.0,274.0,137.7933807373047,-2.1201206268199977,2.6821652157304543,-4.92032988438328,-3.029977086176535,-2.4974789996436755,0.8425959019621837,-0.0990848702270648,3.964487884784493,-0.4439679623752829,1.3230451231065106
70.0,274.0,137.7935028076172,-2.1203250839563066,2.681921424406452,-4.920267595483379,-3.029898095468861,-2.4982956533230745,0.8426092915435244,-0.0991181704865384,3.96458660240263,-0.4438303962884082,1.3230732415972344
70.0,274.0,137.7936248779297,-2.120104102156044,2.682348376340466,-4.920916566413463,-3.030047968651232,-2.498193076935676,0.8427079317706333,-0.099055176224852,3.9645555910924646,-0.4440161045576272,1.3230966809037252
70.0,274.0,140.16932678222656,-2.121711369012814,2.682911057879528,-4.923568712375926,-3.020978542514654,-2.515522908568898,0.8433911805339334,-0.1397577573226078,3.964874201754242,-0.4443475965328947,1.3067374672253982
70.0,274.0,137.81268310546875,-2.120248449906659,2.6776890004039906,-4.9198288385413536,-3.0318178576342447,-2.4985763221804658,0.8428036019454086,-0.1023320396202784,3.963658177110844,-0.443856870174718,1.3230174163168076
70.0,274.0,138.74327087402344,-2.118978772324865,2.655740990285247,-4.9202434845117775,-3.030109294221386,-2.499121701363457,0.8391777404135009,-0.1206322138029716,3.982138495269146,-0.4451552329399167,1.3232017750905791
70.0,274.0,137.79347229003906,-2.120875828412689,2.6821377571465854,-4.920330393627026,-3.029808701702509,-2.4973316174590514,0.8425045721254478,-0.0992715339244338,3.9645065882896606,-0.4439804716485085,1.323079333507163
70.0,274.0,150.5499267578125,-2.11968739608623,1.755035030369485,-4.927208819748874,-3.0244678618957064,-2.0218319945465275,0.8106048132035997,-1.0135414794231097,3.9867357123238514,-0.4552261932641993,1.349251448476138
70.0,274.0,137.7976531982422,-2.120458185802213,2.6828038614196474,-4.921498776655657,-3.0275832000195426,-2.497306532323815,0.8426322010132938,-0.0991650781326035,3.963881550684408,-0.4438257106127903,1.3219894023850889
70.0,274.0,137.79678344726562,-2.1188404445101785,2.6821635085172177,-4.919944316912106,-3.028018529044718,-2.4985161614516302,0.8429843219688248,-0.1000354608452682,3.963747607928229,-0.4440112818000191,1.3227342664688253
70.0,274.0,137.79380798339844,-2.119825100316721,2.6823700783455893,-4.920818651517441,-3.0292159222419093,-2.498255563440354,0.8426715857573166,-0.09908928477203,3.9640200336256046,-0.443990096959467,1.323108061907952
70.0,274.0,137.79336547851562,-2.120108572674395,2.6822669965577166,-4.9203478139813965,-3.0298842440880684,-2.4975453057890107,0.8425872167240545,-0.0990879854907296,3.964519913536592,-0.4439841996087609,1.323062607298512
70.0,274.0,140.52117919921875,-2.1272497769988306,1.774468940747441,-4.918171862643308,-3.039466282870276,-2.4890347571925453,0.8476899259151214,-0.521753245229758,3.96549093137469,-0.4572526271482879,1.3258236409937911
70.0,274.0,145.3743896484375,-2.055715787756611,3.5459383446779773,-4.926743274509718,-3.033548482115602,-2.496961460418813,0.8144829614976842,-0.053820621728324,3.954244038928831,-0.4430671415972534,1.6597223734601851
70.0,274.0,139.49063110351562,-2.127036784137281,2.6864341888011003,-4.922580773522917,-3.0061126931140665,-1.94209301285814,0.8409841124852037,-0.5625834980067171,3.962763002701845,-0.4500653814960387,1.3055394714877115
70.0,274.0,137.7938690185547,-2.1192176764827004,2.682457975948681,-4.920892361758078,-3.029897163062224,-2.498217157507705,0.8425022380987964,-0.0991178043864225,3.964049899203908,-0.4437794511309786,1.3230803765718266
70.0,274.0,137.79371643066406,-2.119592888835652,2.682255541629252,-4.921417633405637,-3.0295965567188965,-2.497425893272802,0.8426919693459544,-0.0990381236850388,3.96442485737496,-0.4440327637003587,1.323107147724064
70.0,274.0,155.14508056640625,-2.144416528898283,1.7532622941419214,-4.910340166670732,-3.045212005694971,-1.9538792327145715,0.8337103093690844,-1.0439633387742353,3.904955445319976,-0.4075869564763927,0.7623833671535221
70.0,274.0,137.7935333251953,-2.120377244223988,2.68232573130396,-4.9210422060078125,-3.030108672030188,-2.497761896142653,0.8427064838873964,-0.0990477371153467,3.964536814449924,-0.4440003785934701,1.3231058869317396
70.0,274.0,137.79527282714844,-2.120285637366809,2.6821434161213378,-4.922893654476608,-3.030151941957249,-2.4970675330145515,0.8430158761377754,-0.0994844693539494,3.964375825005208,-0.4440000128252152,1.3231413218991162
70.0,274.0,157.8895721435547,-2.151116586352581,1.7765067177928218,-4.954217446239854,-3.688038395004858,-2.586077377730949,0.8144731752930827,-0.6122097261475492,3.624379146848815,-0.454328507982406,0.9702287003031408
70.0,274.0,144.25840759277344,-2.1205812611711767,1.8939934790208948,-4.91887351733549,-3.0514871499131906,-2.4958625503112413,0.8462989658910076,-0.1234872513247548,3.963771008824374,-0.4581941757039363,1.6290300132492803
70.0,274.0,137.79364013671875,-2.1198532737005245,2.682325336237589,-4.920848662442082,-3.029985362527924,-2.498213817076804,0.8427103615300588,-0.0990778278213711,3.96433709148904,-0.4440320415389963,1.323060783100609
70.0,274.0,155.30633544921875,-2.110355142561264,1.7355664246072802,-4.897661520156259,-3.0945963635771343,-3.0647722813398968,0.8256285834289196,-1.0204516952792135,4.389633871132414,-0.4667985076585941,0.7287559592886229
70.0,274.0,158.0673828125,-2.13478528945232,1.8441109636686763,-4.929363763692761,-3.1294766675918138,-3.0546509867568057,1.330469986782295,-1.0107985278553162,3.543151829295136,-0.4498499097984712,0.7093224768745058
70.0,274.0,151.25607299804688,-2.172037136009037,1.7295055121999343,-4.886813252907739,-3.044272093932116,-2.527211347557737,0.8736419156014977,-1.0803740810791176,4.326682419773425,-0.4568381444550614,1.020613823807618
70.0,274.0,165.35855102539062,-2.0411344005614884,1.8033887960812784,-4.990096883276585,-3.0271535952284765,-1.9850275875294443,0.7502007915430735,-1.0075749577924853,3.0752222344234887,-0.4467256416415724,1.0584411608503208
70.0,274.0,165.263427734375,-2.025108824505472,1.819420873531608,-4.880777358367313,-3.048511178555349,-3.076473591889685,0.724041054625411,-1.045823708623605,4.79798916193166,-0.408550783489008,0.6991762171530035
70.0,274.0,137.79388427734375,-2.1197969233219003,2.682501248865924,-4.920949556040982,-3.029357062199896,-2.498212685336491,0.8427023980871142,-0.0990543932277764,3.9646719084198985,-0.444199569359356,1.3230862715750584
70.0,274.0,160.2692413330078,-1.055922459328694,1.7735920722761906,-4.937958133848109,-1.695201673496223,-3.064020344723154,0.8372423768827528,-1.0608401158966236,4.429729571994304,-0.4561175576200931,0.7202760905369371
70.0,275.0,157.60691833496094,-2.1221509371431435,1.8392303061078088,-4.902514539010984,-3.0864103908050646,-3.0538475418464337,0.8517324402109121,-1.0171489627324086,3.092931355225164,-0.4559853455206131,0.9824460715350812
70.0,275.0,161.15728759765625,-1.9534206856324816,1.7536378394229737,-4.890109816254475,-3.0956079319477503,-3.0662115030366284,0.8279698431872164,-1.019189610828445,4.304919778195342,-0.4515226464921155,0.7024576952550962
70.0,275.0,137.79428100585938,-2.119783935109113,2.68199883612094,-4.920791255228204,-3.0302030289134008,-2.4982046635914696,0.842710252766224,-0.0992809748337155,3.964488867926892,-0.4440926142988468,1.322624315397875
70.0,275.0,137.8007354736328,-2.11874858425824,2.6830495050636785,-4.921572170529264,-3.029930532135108,-2.500044037785152,0.8417896551606292,-0.0995665239623932,3.9660535743448713,-0.4443549889952953,1.3231351745149451
70.0,275.0,137.79437255859375,-2.1199626221164105,2.6819712982580475,-4.920395099723371,-3.0297021587096418,-2.497049037503949,0.8421543539446962,-0.0991115223245511,3.964555162001489,-0.444433770284894,1.3233048214286005
70.0,275.0,150.95826721191406,-2.1262525097823337,1.7737189882144293,-4.926724315985826,-3.0259742329384216,-2.437463469842107,1.4099652745982325,-1.0262765149084487,3.9233814230264574,-0.4512474950726279,1.609887845109697
70.0,275.0,156.08035278320312,-2.1580996450789263,1.728328627406782,-4.879695436337815,-3.0850529772078543,-3.06587044186364,0.8359929899162684,-1.015638048938622,3.5437633377229565,-0.4462973345896071,0.7233871726910266
70.0,275.0,137.79339599609375,-2.120606645945195,2.682577311322295,-4.920306435797177,-3.029713315643168,-2.497413551208936,0.8425795396930307,-0.0990950299567852,3.964482444424119,-0.4439840144629263,1.3230353445724925
70.0,275.0,137.80593872070312,-2.1205746190380985,2.682018676451919,-4.921203081544391,-3.027227483773335,-2.495420748584317,0.8426980012078976,-0.0991142874446214,3.967066445086115,-0.4440341126553822,1.3230089641608913
70.0,275.0,137.7938690185547,-2.1197894820019507,2.682556644507335,-4.920920810427868,-3.0296890412534268,-2.4982021859095966,0.8427044705104604,-0.099069203409774,3.9642380925266063,-0.4441895330021806,1.323046092863299
70.0,275.0,137.79368591308594,-2.120759081304953,2.682252216929604,-4.919441020943342,-3.0296552334784304,-2.497382662494809,0.8425807884586392,-0.0990688048264806,3.964168429291402,-0.4438262620885329,1.3229971440478516
70.0,275.0,137.79383850097656,-2.1201086311162345,2.682275514467757,-4.920729700364895,-3.029734707478531,-2.49852153589854,0.8429032524521627,-0.0992980240807537,3.9647049068598825,-0.4438253792156099,1.3232305924004084
70.0,275.0,137.7944793701172,-2.119162478023433,2.6825651503848307,-4.919924049246924,-3.029384472437976,-2.4982430495717534,0.8428730614028238,-0.0990688787811511,3.963910834088728,-0.4441692886711708,1.3230902943666496
70.0,275.0,137.7938232421875,-2.120373870818724,2.682413867466168,-4.921048833869779,-3.0301468503681783,-2.497204100846347,0.8426913194288687,-0.0990248885412803,3.964464427800431,-0.4440537287187391,1.3230854770769658
70.0,275.0,177.90628051757812,-0.9480992037287066,1.6698462529856726,-4.92126265432442,-3.066282443454009,-3.048841576344093,1.9184003846581128,-1.029547548154336,4.407033002134062,-0.5675828178794807,0.7291447687456702
70.0,275.0,137.79351806640625,-2.120298119441322,2.6822680121533686,-4.920577418333323,-3.0300509115343663,-2.49753214168146,0.8426657571689374,-0.0990649789387761,3.964469045471155,-0.4439777394118968,1.3228025124895249
70.0,275.0,137.8000946044922,-2.120112076778385,2.682310846614325,-4.9154555549102135,-3.0300456761396863,-2.4975162859209137,0.8425908604694394,-0.0995991228898584,3.9644993216930073,-0.4440031028546888,1.3230357826954775
70.0,275.0,138.8553466796875,-2.1222250184014344,1.7859582697313516,-4.911992513925983,-3.027397375175113,-2.4919192799355665,0.8416130100114549,-0.0993832010494219,3.9665571402770703,-0.4440650734784624,1.323007832844661
70.0,275.0,137.79339599609375,-2.12004466374068,2.682085516376966,-4.920557096914852,-3.029961323849114,-2.4977540846526423,0.8426848333045567,-0.0991131645103521,3.9645449717784738,-0.4439672251577741,1.3230220939843678
70.0,275.0,137.7940673828125,-2.120477976098749,2.680819674613737,-4.921182676049034,-3.0299590053030854,-2.49723351464882,0.8427096921672858,-0.0990866078577405,3.964497900180824,-0.443993019480747,1.3231339645376872
70.0,275.0,137.7933807373047,-2.1201206268199977,2.6821652157304543,-4.92032988438328,-3.029977086176535,-2.4974789996436755,0.8425959019621837,-0.0990848702270648,3.964487884784493,-0.4439679623752829,1.3230451231065106
70.0,275.0,137.7935028076172,-2.1203250839563066,2.681921424406452,-4.920267595483379,-3.029898095468861,-2.4982956533230745,0.8426092915435244,-0.0991181704865384,3.96458660240263,-0.4438303962884082,1.3230732415972344
70.0,275.0,137.7936248779297,-2.120104102156044,2.682348376340466,-4.920916566413463,-3.030047968651232,-2.498193076935676,0.8427079317706333,-0.099055176224852,3.9645555910924646,-0.4440161045576272,1.3230966809037252
70.0,275.0,140.16932678222656,-2.121711369012814,2.682911057879528,-4.923568712375926,-3.020978542514654,-2.515522908568898,0.8433911805339334,-0.1397577573226078,3.964874201754242,-0.4443475965328947,1.3067374672253982
70.0,275.0,137.81268310546875,-2.120248449906659,2.6776890004039906,-4.9198288385413536,-3.0318178576342447,-2.4985763221804658,0.8428036019454086,-0.1023320396202784,3.963658177110844,-0.443856870174718,1.3230174163168076
70.0,275.0,138.74327087402344,-2.118978772324865,2.655740990285247,-4.9202434845117775,-3.030109294221386,-2.499121701363457,0.8391777404135009,-0.1206322138029716,3.982138495269146,-0.4451552329399167,1.3232017750905791
70.0,275.0,137.79347229003906,-2.120875828412689,2.6821377571465854,-4.920330393627026,-3.029808701702509,-2.4973316174590514,0.8425045721254478,-0.0992715339244338,3.9645065882896606,-0.4439804716485085,1.323079333507163
70.0,275.0,150.20993041992188,-2.119977125671072,2.72807538584261,-4.925133036743352,-3.0220425393401995,-1.7533335043468845,0.8105386029847512,-0.1433369904410759,3.967086929468189,-0.4626098841195374,1.3287440845611092
70.0,275.0,137.7976531982422,-2.120458185802213,2.6828038614196474,-4.921498776655657,-3.0275832000195426,-2.497306532323815,0.8426322010132938,-0.0991650781326035,3.963881550684408,-0.4438257106127903,1.3219894023850889
70.0,275.0,137.79678344726562,-2.1188404445101785,2.6821635085172177,-4.919944316912106,-3.028018529044718,-2.4985161614516302,0.8429843219688248,-0.1000354608452682,3.963747607928229,-0.4440112818000191,1.3227342664688253
70.0,275.0,137.79380798339844,-2.119825100316721,2.6823700783455893,-4.920818651517441,-3.0292159222419093,-2.498255563440354,0.8426715857573166,-0.09908928477203,3.9640200336256046,-0.443990096959467,1.323108061907952
70.0,275.0,137.79336547851562,-2.120108572674395,2.6822669965577166,-4.9203478139813965,-3.0298842440880684,-2.4975453057890107,0.8425872167240545,-0.0990879854907296,3.964519913536592,-0.4439841996087609,1.323062607298512
70.0,275.0,140.52117919921875,-2.1272497769988306,1.774468940747441,-4.918171862643308,-3.039466282870276,-2.4890347571925453,0.8476899259151214,-0.521753245229758,3.96549093137469,-0.4572526271482879,1.3258236409937911
70.0,275.0,145.3743896484375,-2.055715787756611,3.5459383446779773,-4.926743274509718,-3.033548482115602,-2.496961460418813,0.8144829614976842,-0.053820621728324,3.954244038928831,-0.4430671415972534,1.6597223734601851
70.0,275.0,139.49063110351562,-2.127036784137281,2.6864341888011003,-4.922580773522917,-3.0061126931140665,-1.94209301285814,0.8409841124852037,-0.5625834980067171,3.962763002701845,-0.4500653814960387,1.3055394714877115
70.0,275.0,137.7938690185547,-2.1192176764827004,2.682457975948681,-4.920892361758078,-3.029897163062224,-2.498217157507705,0.8425022380987964,-0.0991178043864225,3.964049899203908,-0.4437794511309786,1.3230803765718266
70.0,275.0,137.79371643066406,-2.119592888835652,2.682255541629252,-4.921417633405637,-3.0295965567188965,-2.497425893272802,0.8426919693459544,-0.0990381236850388,3.96442485737496,-0.4440327637003587,1.323107147724064
70.0,275.0,155.14508056640625,-2.144416528898283,1.7532622941419214,-4.910340166670732,-3.045212005694971,-1.9538792327145715,0.8337103093690844,-1.0439633387742353,3.904955445319976,-0.4075869564763927,0.7623833671535221
70.0,275.0,137.7935333251953,-2.120377244223988,2.68232573130396,-4.9210422060078125,-3.030108672030188,-2.497761896142653,0.8427064838873964,-0.0990477371153467,3.964536814449924,-0.4440003785934701,1.3231058869317396
70.0,275.0,137.7935333251953,-2.119952772881428,2.6822987937414067,-4.920999477602973,-3.029992188316855,-2.497484141058762,0.8426589410058227,-0.099139918095882,3.964674606073076,-0.4440063944044309,1.3231210387389964
70.0,275.0,157.8895721435547,-2.151116586352581,1.7765067177928218,-4.954217446239854,-3.688038395004858,-2.586077377730949,0.8144731752930827,-0.6122097261475492,3.624379146848815,-0.454328507982406,0.9702287003031408
70.0,275.0,144.25840759277344,-2.1205812611711767,1.8939934790208948,-4.91887351733549,-3.0514871499131906,-2.4958625503112413,0.8462989658910076,-0.1234872513247548,3.963771008824374,-0.4581941757039363,1.6290300132492803
70.0,275.0,137.79364013671875,-2.1198532737005245,2.682325336237589,-4.920848662442082,-3.029985362527924,-2.498213817076804,0.8427103615300588,-0.0990778278213711,3.96433709148904,-0.4440320415389963,1.323060783100609
70.0,275.0,155.30633544921875,-2.110355142561264,1.7355664246072802,-4.897661520156259,-3.0945963635771343,-3.0647722813398968,0.8256285834289196,-1.0204516952792135,4.389633871132414,-0.4667985076585941,0.7287559592886229
70.0,275.0,158.0673828125,-2.13478528945232,1.8441109636686763,-4.929363763692761,-3.1294766675918138,-3.0546509867568057,1.330469986782295,-1.0107985278553162,3.543151829295136,-0.4498499097984712,0.7093224768745058
70.0,275.0,151.25607299804688,-2.172037136009037,1.7295055121999343,-4.886813252907739,-3.044272093932116,-2.527211347557737,0.8736419156014977,-1.0803740810791176,4.326682419773425,-0.4568381444550614,1.020613823807618
70.0,275.0,165.35855102539062,-2.0411344005614884,1.8033887960812784,-4.990096883276585,-3.0271535952284765,-1.9850275875294443,0.7502007915430735,-1.0075749577924853,3.0752222344234887,-0.4467256416415724,1.0584411608503208
70.0,275.0,165.263427734375,-2.025108824505472,1.819420873531608,-4.880777358367313,-3.048511178555349,-3.076473591889685,0.724041054625411,-1.045823708623605,4.79798916193166,-0.408550783489008,0.6991762171530035
70.0,275.0,137.79388427734375,-2.1197969233219003,2.682501248865924,-4.920949556040982,-3.029357062199896,-2.498212685336491,0.8427023980871142,-0.0990543932277764,3.9646719084198985,-0.444199569359356,1.3230862715750584
70.0,275.0,160.2692413330078,-1.055922459328694,1.7735920722761906,-4.937958133848109,-1.695201673496223,-3.064020344723154,0.8372423768827528,-1.0608401158966236,4.429729571994304,-0.4561175576200931,0.7202760905369371
70.0,276.0,157.60691833496094,-2.1221509371431435,1.8392303061078088,-4.902514539010984,-3.0864103908050646,-3.0538475418464337,0.8517324402109121,-1.0171489627324086,3.092931355225164,-0.4559853455206131,0.9824460715350812
70.0,276.0,161.15728759765625,-1.9534206856324816,1.7536378394229737,-4.890109816254475,-3.0956079319477503,-3.0662115030366284,0.8279698431872164,-1.019189610828445,4.304919778195342,-0.4515226464921155,0.7024576952550962
70.0,276.0,137.79428100585938,-2.119783935109113,2.68199883612094,-4.920791255228204,-3.0302030289134008,-2.4982046635914696,0.842710252766224,-0.0992809748337155,3.964488867926892,-0.4440926142988468,1.322624315397875
70.0,276.0,137.8007354736328,-2.11874858425824,2.6830495050636785,-4.921572170529264,-3.029930532135108,-2.500044037785152,0.8417896551606292,-0.0995665239623932,3.9660535743448713,-0.4443549889952953,1.3231351745149451
70.0,276.0,137.79437255859375,-2.1199626221164105,2.6819712982580475,-4.920395099723371,-3.0297021587096418,-2.497049037503949,0.8421543539446962,-0.0991115223245511,3.964555162001489,-0.444433770284894,1.3233048214286005
70.0,276.0,150.95826721191406,-2.1262525097823337,1.7737189882144293,-4.926724315985826,-3.0259742329384216,-2.437463469842107,1.4099652745982325,-1.0262765149084487,3.9233814230264574,-0.4512474950726279,1.609887845109697
70.0,276.0,156.08035278320312,-2.1580996450789263,1.728328627406782,-4.879695436337815,-3.0850529772078543,-3.06587044186364,0.8359929899162684,-1.015638048938622,3.5437633377229565,-0.4462973345896071,0.7233871726910266
70.0,276.0,137.79339599609375,-2.120606645945195,2.682577311322295,-4.920306435797177,-3.029713315643168,-2.497413551208936,0.8425795396930307,-0.0990950299567852,3.964482444424119,-0.4439840144629263,1.3230353445724925
70.0,276.0,137.80593872070312,-2.1205746190380985,2.682018676451919,-4.921203081544391,-3.027227483773335,-2.495420748584317,0.8426980012078976,-0.0991142874446214,3.967066445086115,-0.4440341126553822,1.3230089641608913
70.0,276.0,137.7938690185547,-2.1197894820019507,2.682556644507335,-4.920920810427868,-3.0296890412534268,-2.4982021859095966,0.8427044705104604,-0.099069203409774,3.9642380925266063,-0.4441895330021806,1.323046092863299
70.0,276.0,137.79368591308594,-2.120759081304953,2.682252216929604,-4.919441020943342,-3.0296552334784304,-2.497382662494809,0.8425807884586392,-0.0990688048264806,3.964168429291402,-0.4438262620885329,1.3229971440478516
70.0,276.0,137.79383850097656,-2.1201086311162345,2.682275514467757,-4.920729700364895,-3.029734707478531,-2.49852153589854,0.8429032524521627,-0.0992980240807537,3.9647049068598825,-0.4438253792156099,1.3232305924004084
70.0,276.0,137.7944793701172,-2.119162478023433,2.6825651503848307,-4.919924049246924,-3.029384472437976,-2.4982430495717534,0.8428730614028238,-0.0990688787811511,3.963910834088728,-0.4441692886711708,1.3230902943666496
70.0,276.0,137.7938232421875,-2.120373870818724,2.682413867466168,-4.921048833869779,-3.0301468503681783,-2.497204100846347,0.8426913194288687,-0.0990248885412803,3.964464427800431,-0.4440537287187391,1.3230854770769658
70.0,276.0,177.90628051757812,-0.9480992037287066,1.6698462529856726,-4.92126265432442,-3.066282443454009,-3.048841576344093,1.9184003846581128,-1.029547548154336,4.407033002134062,-0.5675828178794807,0.7291447687456702
70.0,276.0,137.79351806640625,-2.120298119441322,2.6822680121533686,-4.920577418333323,-3.0300509115343663,-2.49753214168146,0.8426657571689374,-0.0990649789387761,3.964469045471155,-0.4439777394118968,1.3228025124895249
70.0,276.0,137.79620361328125,-2.1201321528606765,2.682185055069392,-4.923882846151621,-3.0298466331051523,-2.4975721135137205,0.8426126203113686,-0.0993172275695183,3.964115032583274,-0.4438674942426921,1.3230303037178957
70.0,276.0,138.8553466796875,-2.1222250184014344,1.7859582697313516,-4.911992513925983,-3.027397375175113,-2.4919192799355665,0.8416130100114549,-0.0993832010494219,3.9665571402770703,-0.4440650734784624,1.323007832844661
70.0,276.0,137.79339599609375,-2.12004466374068,2.682085516376966,-4.920557096914852,-3.029961323849114,-2.4977540846526423,0.8426848333045567,-0.0991131645103521,3.9645449717784738,-0.4439672251577741,1.3230220939843678
70.0,276.0,137.7940673828125,-2.120477976098749,2.680819674613737,-4.921182676049034,-3.0299590053030854,-2.49723351464882,0.8427096921672858,-0.0990866078577405,3.964497900180824,-0.443993019480747,1.3231339645376872
70.0,276.0,137.7933807373047,-2.1201206268199977,2.6821652157304543,-4.92032988438328,-3.029977086176535,-2.4974789996436755,0.8425959019621837,-0.0990848702270648,3.964487884784493,-0.4439679623752829,1.3230451231065106
70.0,276.0,137.79331970214844,-2.1199329869511327,2.6821992524730525,-4.920335922472014,-3.029888652580921,-2.4977355957713288,0.8425843343684373,-0.0990729909705054,3.9645885190047134,-0.4438327503502813,1.3230582975476453
70.0,276.0,137.7936248779297,-2.120104102156044,2.682348376340466,-4.920916566413463,-3.030047968651232,-2.498193076935676,0.8427079317706333,-0.099055176224852,3.9645555910924646,-0.4440161045576272,1.3230966809037252
70.0,276.0,140.16932678222656,-2.121711369012814,2.682911057879528,-4.923568712375926,-3.020978542514654,-2.515522908568898,0.8433911805339334,-0.1397577573226078,3.964874201754242,-0.4443475965328947,1.3067374672253982
70.0,276.0,137.81268310546875,-2.120248449906659,2.6776890004039906,-4.9198288385413536,-3.0318178576342447,-2.4985763221804658,0.8428036019454086,-0.1023320396202784,3.963658177110844,-0.443856870174718,1.3230174163168076
70.0,276.0,138.74327087402344,-2.118978772324865,2.655740990285247,-4.9202434845117775,-3.030109294221386,-2.499121701363457,0.8391777404135009,-0.1206322138029716,3.982138495269146,-0.4451552329399167,1.3232017750905791
70.0,276.0,137.79347229003906,-2.120875828412689,2.6821377571465854,-4.920330393627026,-3.029808701702509,-2.4973316174590514,0.8425045721254478,-0.0992715339244338,3.9645065882896606,-0.4439804716485085,1.323079333507163
70.0,276.0,150.20993041992188,-2.119977125671072,2.72807538584261,-4.925133036743352,-3.0220425393401995,-1.7533335043468845,0.8105386029847512,-0.1433369904410759,3.967086929468189,-0.4626098841195374,1.3287440845611092
70.0,276.0,137.7976531982422,-2.120458185802213,2.6828038614196474,-4.921498776655657,-3.0275832000195426,-2.497306532323815,0.8426322010132938,-0.0991650781326035,3.963881550684408,-0.4438257106127903,1.3219894023850889
70.0,276.0,137.79678344726562,-2.1188404445101785,2.6821635085172177,-4.919944316912106,-3.028018529044718,-2.4985161614516302,0.8429843219688248,-0.1000354608452682,3.963747607928229,-0.4440112818000191,1.3227342664688253
70.0,276.0,137.79380798339844,-2.119825100316721,2.6823700783455893,-4.920818651517441,-3.0292159222419093,-2.498255563440354,0.8426715857573166,-0.09908928477203,3.9640200336256046,-0.443990096959467,1.323108061907952
70.0,276.0,137.79336547851562,-2.120108572674395,2.6822669965577166,-4.9203478139813965,-3.0298842440880684,-2.4975453057890107,0.8425872167240545,-0.0990879854907296,3.964519913536592,-0.4439841996087609,1.323062607298512
70.0,276.0,140.52117919921875,-2.1272497769988306,1.774468940747441,-4.918171862643308,-3.039466282870276,-2.4890347571925453,0.8476899259151214,-0.521753245229758,3.96549093137469,-0.4572526271482879,1.3258236409937911
70.0,276.0,145.3743896484375,-2.055715787756611,3.5459383446779773,-4.926743274509718,-3.033548482115602,-2.496961460418813,0.8144829614976842,-0.053820621728324,3.954244038928831,-0.4430671415972534,1.6597223734601851
70.0,276.0,139.49063110351562,-2.127036784137281,2.6864341888011003,-4.922580773522917,-3.0061126931140665,-1.94209301285814,0.8409841124852037,-0.5625834980067171,3.962763002701845,-0.4500653814960387,1.3055394714877115
70.0,276.0,137.7938690185547,-2.1192176764827004,2.682457975948681,-4.920892361758078,-3.029897163062224,-2.498217157507705,0.8425022380987964,-0.0991178043864225,3.964049899203908,-0.4437794511309786,1.3230803765718266
70.0,276.0,137.79371643066406,-2.119592888835652,2.682255541629252,-4.921417633405637,-3.0295965567188965,-2.497425893272802,0.8426919693459544,-0.0990381236850388,3.96442485737496,-0.4440327637003587,1.323107147724064
70.0,276.0,155.14508056640625,-2.144416528898283,1.7532622941419214,-4.910340166670732,-3.045212005694971,-1.9538792327145715,0.8337103093690844,-1.0439633387742353,3.904955445319976,-0.4075869564763927,0.7623833671535221
70.0,276.0,137.7935333251953,-2.120377244223988,2.68232573130396,-4.9210422060078125,-3.030108672030188,-2.497761896142653,0.8427064838873964,-0.0990477371153467,3.964536814449924,-0.4440003785934701,1.3231058869317396
70.0,276.0,137.7935333251953,-2.119952772881428,2.6822987937414067,-4.920999477602973,-3.029992188316855,-2.497484141058762,0.8426589410058227,-0.099139918095882,3.964674606073076,-0.4440063944044309,1.3231210387389964
70.0,276.0,157.8895721435547,-2.151116586352581,1.7765067177928218,-4.954217446239854,-3.688038395004858,-2.586077377730949,0.8144731752930827,-0.6122097261475492,3.624379146848815,-0.454328507982406,0.9702287003031408
70.0,276.0,144.25840759277344,-2.1205812611711767,1.8939934790208948,-4.91887351733549,-3.0514871499131906,-2.4958625503112413,0.8462989658910076,-0.1234872513247548,3.963771008824374,-0.4581941757039363,1.6290300132492803
70.0,276.0,137.79364013671875,-2.1198532737005245,2.682325336237589,-4.920848662442082,-3.029985362527924,-2.498213817076804,0.8427103615300588,-0.0990778278213711,3.96433709148904,-0.4440320415389963,1.323060783100609
70.0,276.0,155.30633544921875,-2.110355142561264,1.7355664246072802,-4.897661520156259,-3.0945963635771343,-3.0647722813398968,0.8256285834289196,-1.0204516952792135,4.389633871132414,-0.4667985076585941,0.7287559592886229
70.0,276.0,158.0673828125,-2.13478528945232,1.8441109636686763,-4.929363763692761,-3.1294766675918138,-3.0546509867568057,1.330469986782295,-1.0107985278553162,3.543151829295136,-0.4498499097984712,0.7093224768745058
70.0,276.0,151.25607299804688,-2.172037136009037,1.7295055121999343,-4.886813252907739,-3.044272093932116,-2.527211347557737,0.8736419156014977,-1.0803740810791176,4.326682419773425,-0.4568381444550614,1.020613823807618
70.0,276.0,165.35855102539062,-2.0411344005614884,1.8033887960812784,-4.990096883276585,-3.0271535952284765,-1.9850275875294443,0.7502007915430735,-1.0075749577924853,3.0752222344234887,-0.4467256416415724,1.0584411608503208
70.0,276.0,165.263427734375,-2.025108824505472,1.819420873531608,-4.880777358367313,-3.048511178555349,-3.076473591889685,0.724041054625411,-1.045823708623605,4.79798916193166,-0.408550783489008,0.6991762171530035
70.0,276.0,137.79388427734375,-2.1197969233219003,2.682501248865924,-4.920949556040982,-3.029357062199896,-2.498212685336491,0.8427023980871142,-0.0990543932277764,3.9646719084198985,-0.444199569359356,1.3230862715750584
70.0,276.0,160.2692413330078,-1.055922459328694,1.7735920722761906,-4.937958133848109,-1.695201673496223,-3.064020344723154,0.8372423768827528,-1.0608401158966236,4.429729571994304,-0.4561175576200931,0.7202760905369371
70.0,277.0,157.60691833496094,-2.1221509371431435,1.8392303061078088,-4.902514539010984,-3.0864103908050646,-3.0538475418464337,0.8517324402109121,-1.0171489627324086,3.092931355225164,-0.4559853455206131,0.9824460715350812
70.0,277.0,161.15728759765625,-1.9534206856324816,1.7536378394229737,-4.890109816254475,-3.0956079319477503,-3.0662115030366284,0.8279698431872164,-1.019189610828445,4.304919778195342,-0.4515226464921155,0.7024576952550962
70.0,277.0,137.79428100585938,-2.119783935109113,2.68199883612094,-4.920791255228204,-3.0302030289134008,-2.4982046635914696,0.842710252766224,-0.0992809748337155,3.964488867926892,-0.4440926142988468,1.322624315397875
70.0,277.0,137.8007354736328,-2.11874858425824,2.6830495050636785,-4.921572170529264,-3.029930532135108,-2.500044037785152,0.8417896551606292,-0.0995665239623932,3.9660535743448713,-0.4443549889952953,1.3231351745149451
70.0,277.0,137.79356384277344,-2.119889022279676,2.6819293309845573,-4.920362874087469,-3.0297775473753297,-2.4979317383109043,0.8426745636218153,-0.0990616741297744,3.964784646485304,-0.4437385965879608,1.323291136537609
70.0,277.0,150.95826721191406,-2.1262525097823337,1.7737189882144293,-4.926724315985826,-3.0259742329384216,-2.437463469842107,1.4099652745982325,-1.0262765149084487,3.9233814230264574,-0.4512474950726279,1.609887845109697
70.0,277.0,156.08035278320312,-2.1580996450789263,1.728328627406782,-4.879695436337815,-3.0850529772078543,-3.06587044186364,0.8359929899162684,-1.015638048938622,3.5437633377229565,-0.4462973345896071,0.7233871726910266
70.0,277.0,137.79336547851562,-2.12001384083382,2.6822086564042444,-4.920372612956296,-3.029848759828921,-2.49739063685173,0.8425528434124234,-0.0990612881602742,3.964587463932052,-0.4439224001892577,1.3230430934925148
70.0,277.0,137.80593872070312,-2.1205746190380985,2.682018676451919,-4.921203081544391,-3.027227483773335,-2.495420748584317,0.8426980012078976,-0.0991142874446214,3.967066445086115,-0.4440341126553822,1.3230089641608913
70.0,277.0,137.7938690185547,-2.1197894820019507,2.682556644507335,-4.920920810427868,-3.0296890412534268,-2.4982021859095966,0.8427044705104604,-0.099069203409774,3.9642380925266063,-0.4441895330021806,1.323046092863299
70.0,277.0,137.79368591308594,-2.120759081304953,2.682252216929604,-4.919441020943342,-3.0296552334784304,-2.497382662494809,0.8425807884586392,-0.0990688048264806,3.964168429291402,-0.4438262620885329,1.3229971440478516
70.0,277.0,137.79383850097656,-2.1201086311162345,2.682275514467757,-4.920729700364895,-3.029734707478531,-2.49852153589854,0.8429032524521627,-0.0992980240807537,3.9647049068598825,-0.4438253792156099,1.3232305924004084
70.0,277.0,137.7944793701172,-2.119162478023433,2.6825651503848307,-4.919924049246924,-3.029384472437976,-2.4982430495717534,0.8428730614028238,-0.0990688787811511,3.963910834088728,-0.4441692886711708,1.3230902943666496
70.0,277.0,137.7938232421875,-2.120373870818724,2.682413867466168,-4.921048833869779,-3.0301468503681783,-2.497204100846347,0.8426913194288687,-0.0990248885412803,3.964464427800431,-0.4440537287187391,1.3230854770769658
70.0,277.0,177.90628051757812,-0.9480992037287066,1.6698462529856726,-4.92126265432442,-3.066282443454009,-3.048841576344093,1.9184003846581128,-1.029547548154336,4.407033002134062,-0.5675828178794807,0.7291447687456702
70.0,277.0,137.79351806640625,-2.120298119441322,2.6822680121533686,-4.920577418333323,-3.0300509115343663,-2.49753214168146,0.8426657571689374,-0.0990649789387761,3.964469045471155,-0.4439777394118968,1.3228025124895249
70.0,277.0,137.79620361328125,-2.1201321528606765,2.682185055069392,-4.923882846151621,-3.0298466331051523,-2.4975721135137205,0.8426126203113686,-0.0993172275695183,3.964115032583274,-0.4438674942426921,1.3230303037178957
70.0,277.0,138.8553466796875,-2.1222250184014344,1.7859582697313516,-4.911992513925983,-3.027397375175113,-2.4919192799355665,0.8416130100114549,-0.0993832010494219,3.9665571402770703,-0.4440650734784624,1.323007832844661
70.0,277.0,137.79339599609375,-2.12004466374068,2.682085516376966,-4.920557096914852,-3.029961323849114,-2.4977540846526423,0.8426848333045567,-0.0991131645103521,3.9645449717784738,-0.4439672251577741,1.3230220939843678
70.0,277.0,137.79367065429688,-2.1203327922634068,2.680980406265004,-4.920574740298478,-3.029839867653569,-2.4978574781621687,0.8426932768366034,-0.0990815833348049,3.964640255694732,-0.4437560451046863,1.3230856172136705
70.0,277.0,137.7933807373047,-2.1201206268199977,2.6821652157304543,-4.92032988438328,-3.029977086176535,-2.4974789996436755,0.8425959019621837,-0.0990848702270648,3.964487884784493,-0.4439679623752829,1.3230451231065106
70.0,277.0,137.79331970214844,-2.1199329869511327,2.6821992524730525,-4.920335922472014,-3.029888652580921,-2.4977355957713288,0.8425843343684373,-0.0990729909705054,3.9645885190047134,-0.4438327503502813,1.3230582975476453
70.0,277.0,137.7936248779297,-2.120104102156044,2.682348376340466,-4.920916566413463,-3.030047968651232,-2.498193076935676,0.8427079317706333,-0.099055176224852,3.9645555910924646,-0.4440161045576272,1.3230966809037252
70.0,277.0,140.16932678222656,-2.121711369012814,2.682911057879528,-4.923568712375926,-3.020978542514654,-2.515522908568898,0.8433911805339334,-0.1397577573226078,3.964874201754242,-0.4443475965328947,1.3067374672253982
70.0,277.0,137.8094482421875,-2.11984929975471,2.675659109569044,-4.920129080447193,-3.029297252682277,-2.498588040224579,0.8423255519824606,-0.1013113423761477,3.965221529546604,-0.4439072649361658,1.3228812664189549
70.0,277.0,138.74327087402344,-2.118978772324865,2.655740990285247,-4.9202434845117775,-3.030109294221386,-2.499121701363457,0.8391777404135009,-0.1206322138029716,3.982138495269146,-0.4451552329399167,1.3232017750905791
70.0,277.0,137.79347229003906,-2.120875828412689,2.6821377571465854,-4.920330393627026,-3.029808701702509,-2.4973316174590514,0.8425045721254478,-0.0992715339244338,3.9645065882896606,-0.4439804716485085,1.323079333507163
70.0,277.0,150.20993041992188,-2.119977125671072,2.72807538584261,-4.925133036743352,-3.0220425393401995,-1.7533335043468845,0.8105386029847512,-0.1433369904410759,3.967086929468189,-0.4626098841195374,1.3287440845611092
70.0,277.0,137.7958526611328,-2.119865858186355,2.6827390308017014,-4.922144651164237,-3.030584018730939,-2.4980472676685386,0.842595396424561,-0.0990697990653387,3.964099657519253,-0.4436572696084666,1.3224579870150537
70.0,277.0,137.79678344726562,-2.1188404445101785,2.6821635085172177,-4.919944316912106,-3.028018529044718,-2.4985161614516302,0.8429843219688248,-0.1000354608452682,3.963747607928229,-0.4440112818000191,1.3227342664688253
70.0,277.0,137.7935791015625,-2.119478197135864,2.682218815371034,-4.919981598346353,-3.0299359104734385,-2.498039915808098,0.8425644799905188,-0.0990958868051638,3.964629974020261,-0.4437278662710676,1.3230949831388283
70.0,277.0,137.79336547851562,-2.120108572674395,2.6822669965577166,-4.9203478139813965,-3.0298842440880684,-2.4975453057890107,0.8425872167240545,-0.0990879854907296,3.964519913536592,-0.4439841996087609,1.323062607298512
70.0,277.0,140.52117919921875,-2.1272497769988306,1.774468940747441,-4.918171862643308,-3.039466282870276,-2.4890347571925453,0.8476899259151214,-0.521753245229758,3.96549093137469,-0.4572526271482879,1.3258236409937911
70.0,277.0,145.3743896484375,-2.055715787756611,3.5459383446779773,-4.926743274509718,-3.033548482115602,-2.496961460418813,0.8144829614976842,-0.053820621728324,3.954244038928831,-0.4430671415972534,1.6597223734601851
70.0,277.0,139.49063110351562,-2.127036784137281,2.6864341888011003,-4.922580773522917,-3.0061126931140665,-1.94209301285814,0.8409841124852037,-0.5625834980067171,3.962763002701845,-0.4500653814960387,1.3055394714877115
70.0,277.0,137.7938690185547,-2.1192176764827004,2.682457975948681,-4.920892361758078,-3.029897163062224,-2.498217157507705,0.8425022380987964,-0.0991178043864225,3.964049899203908,-0.4437794511309786,1.3230803765718266
70.0,277.0,137.79371643066406,-2.119592888835652,2.682255541629252,-4.921417633405637,-3.0295965567188965,-2.497425893272802,0.8426919693459544,-0.0990381236850388,3.96442485737496,-0.4440327637003587,1.323107147724064
70.0,277.0,155.14508056640625,-2.144416528898283,1.7532622941419214,-4.910340166670732,-3.045212005694971,-1.9538792327145715,0.8337103093690844,-1.0439633387742353,3.904955445319976,-0.4075869564763927,0.7623833671535221
70.0,277.0,137.7935333251953,-2.120377244223988,2.68232573130396,-4.9210422060078125,-3.030108672030188,-2.497761896142653,0.8427064838873964,-0.0990477371153467,3.964536814449924,-0.4440003785934701,1.3231058869317396
70.0,277.0,137.7935333251953,-2.119952772881428,2.6822987937414067,-4.920999477602973,-3.029992188316855,-2.497484141058762,0.8426589410058227,-0.099139918095882,3.964674606073076,-0.4440063944044309,1.3231210387389964
70.0,277.0,157.8895721435547,-2.151116586352581,1.7765067177928218,-4.954217446239854,-3.688038395004858,-2.586077377730949,0.8144731752930827,-0.6122097261475492,3.624379146848815,-0.454328507982406,0.9702287003031408
70.0,277.0,144.25840759277344,-2.1205812611711767,1.8939934790208948,-4.91887351733549,-3.0514871499131906,-2.4958625503112413,0.8462989658910076,-0.1234872513247548,3.963771008824374,-0.4581941757039363,1.6290300132492803
70.0,277.0,137.79364013671875,-2.1198532737005245,2.682325336237589,-4.920848662442082,-3.029985362527924,-2.498213817076804,0.8427103615300588,-0.0990778278213711,3.96433709148904,-0.4440320415389963,1.323060783100609
70.0,277.0,155.30633544921875,-2.110355142561264,1.7355664246072802,-4.897661520156259,-3.0945963635771343,-3.0647722813398968,0.8256285834289196,-1.0204516952792135,4.389633871132414,-0.4667985076585941,0.7287559592886229
70.0,277.0,158.0673828125,-2.13478528945232,1.8441109636686763,-4.929363763692761,-3.1294766675918138,-3.0546509867568057,1.330469986782295,-1.0107985278553162,3.543151829295136,-0.4498499097984712,0.7093224768745058
70.0,277.0,151.25607299804688,-2.172037136009037,1.7295055121999343,-4.886813252907739,-3.044272093932116,-2.527211347557737,0.8736419156014977,-1.0803740810791176,4.326682419773425,-0.4568381444550614,1.020613823807618
70.0,277.0,165.35855102539062,-2.0411344005614884,1.8033887960812784,-4.990096883276585,-3.0271535952284765,-1.9850275875294443,0.7502007915430735,-1.0075749577924853,3.0752222344234887,-0.4467256416415724,1.0584411608503208
70.0,277.0,165.263427734375,-2.025108824505472,1.819420873531608,-4.880777358367313,-3.048511178555349,-3.076473591889685,0.724041054625411,-1.045823708623605,4.79798916193166,-0.408550783489008,0.6991762171530035
70.0,277.0,137.79388427734375,-2.1197969233219003,2.682501248865924,-4.920949556040982,-3.029357062199896,-2.498212685336491,0.8427023980871142,-0.0990543932277764,3.9646719084198985,-0.444199569359356,1.3230862715750584
70.0,277.0,160.2692413330078,-1.055922459328694,1.7735920722761906,-4.937958133848109,-1.695201673496223,-3.064020344723154,0.8372423768827528,-1.0608401158966236,4.429729571994304,-0.4561175576200931,0.7202760905369371
70.0,278.0,157.60691833496094,-2.1221509371431435,1.8392303061078088,-4.902514539010984,-3.0864103908050646,-3.0538475418464337,0.8517324402109121,-1.0171489627324086,3.092931355225164,-0.4559853455206131,0.9824460715350812
70.0,278.0,161.15728759765625,-1.9534206856324816,1.7536378394229737,-4.890109816254475,-3.0956079319477503,-3.0662115030366284,0.8279698431872164,-1.019189610828445,4.304919778195342,-0.4515226464921155,0.7024576952550962
70.0,278.0,137.79428100585938,-2.119783935109113,2.68199883612094,-4.920791255228204,-3.0302030289134008,-2.4982046635914696,0.842710252766224,-0.0992809748337155,3.964488867926892,-0.4440926142988468,1.322624315397875
70.0,278.0,137.8007354736328,-2.11874858425824,2.6830495050636785,-4.921572170529264,-3.029930532135108,-2.500044037785152,0.8417896551606292,-0.0995665239623932,3.9660535743448713,-0.4443549889952953,1.3231351745149451
70.0,278.0,137.79356384277344,-2.119889022279676,2.6819293309845573,-4.920362874087469,-3.0297775473753297,-2.4979317383109043,0.8426745636218153,-0.0990616741297744,3.964784646485304,-0.4437385965879608,1.323291136537609
70.0,278.0,150.95826721191406,-2.1262525097823337,1.7737189882144293,-4.926724315985826,-3.0259742329384216,-2.437463469842107,1.4099652745982325,-1.0262765149084487,3.9233814230264574,-0.4512474950726279,1.609887845109697
70.0,278.0,156.08035278320312,-2.1580996450789263,1.728328627406782,-4.879695436337815,-3.0850529772078543,-3.06587044186364,0.8359929899162684,-1.015638048938622,3.5437633377229565,-0.4462973345896071,0.7233871726910266
70.0,278.0,137.79336547851562,-2.12001384083382,2.6822086564042444,-4.920372612956296,-3.029848759828921,-2.49739063685173,0.8425528434124234,-0.0990612881602742,3.964587463932052,-0.4439224001892577,1.3230430934925148
70.0,278.0,137.80593872070312,-2.1205746190380985,2.682018676451919,-4.921203081544391,-3.027227483773335,-2.495420748584317,0.8426980012078976,-0.0991142874446214,3.967066445086115,-0.4440341126553822,1.3230089641608913
70.0,278.0,137.7938690185547,-2.1197894820019507,2.682556644507335,-4.920920810427868,-3.0296890412534268,-2.4982021859095966,0.8427044705104604,-0.099069203409774,3.9642380925266063,-0.4441895330021806,1.323046092863299
70.0,278.0,137.79368591308594,-2.120759081304953,2.682252216929604,-4.919441020943342,-3.0296552334784304,-2.497382662494809,0.8425807884586392,-0.0990688048264806,3.964168429291402,-0.4438262620885329,1.3229971440478516
70.0,278.0,137.79383850097656,-2.1201086311162345,2.682275514467757,-4.920729700364895,-3.029734707478531,-2.49852153589854,0.8429032524521627,-0.0992980240807537,3.9647049068598825,-0.4438253792156099,1.3232305924004084
70.0,278.0,137.7944793701172,-2.119162478023433,2.6825651503848307,-4.919924049246924,-3.029384472437976,-2.4982430495717534,0.8428730614028238,-0.0990688787811511,3.963910834088728,-0.4441692886711708,1.3230902943666496
70.0,278.0,137.7938232421875,-2.120373870818724,2.682413867466168,-4.921048833869779,-3.0301468503681783,-2.497204100846347,0.8426913194288687,-0.0990248885412803,3.964464427800431,-0.4440537287187391,1.3230854770769658
70.0,278.0,177.90628051757812,-0.9480992037287066,1.6698462529856726,-4.92126265432442,-3.066282443454009,-3.048841576344093,1.9184003846581128,-1.029547548154336,4.407033002134062,-0.5675828178794807,0.7291447687456702
70.0,278.0,137.79351806640625,-2.120298119441322,2.6822680121533686,-4.920577418333323,-3.0300509115343663,-2.49753214168146,0.8426657571689374,-0.0990649789387761,3.964469045471155,-0.4439777394118968,1.3228025124895249
70.0,278.0,137.79457092285156,-2.1203593932360465,2.682238930841459,-4.918528030556566,-3.0299799895258603,-2.4971059450623128,0.842667321702045,-0.0993995570735257,3.9645305759709566,-0.4438287560290011,1.3230823380732668
70.0,278.0,138.8553466796875,-2.1222250184014344,1.7859582697313516,-4.911992513925983,-3.027397375175113,-2.4919192799355665,0.8416130100114549,-0.0993832010494219,3.9665571402770703,-0.4440650734784624,1.323007832844661
70.0,278.0,137.79339599609375,-2.12004466374068,2.682085516376966,-4.920557096914852,-3.029961323849114,-2.4977540846526423,0.8426848333045567,-0.0991131645103521,3.9645449717784738,-0.4439672251577741,1.3230220939843678
70.0,278.0,137.79367065429688,-2.1203327922634068,2.680980406265004,-4.920574740298478,-3.029839867653569,-2.4978574781621687,0.8426932768366034,-0.0990815833348049,3.964640255694732,-0.4437560451046863,1.3230856172136705
70.0,278.0,137.7933807373047,-2.1201206268199977,2.6821652157304543,-4.92032988438328,-3.029977086176535,-2.4974789996436755,0.8425959019621837,-0.0990848702270648,3.964487884784493,-0.4439679623752829,1.3230451231065106
70.0,278.0,137.79331970214844,-2.1199329869511327,2.6821992524730525,-4.920335922472014,-3.029888652580921,-2.4977355957713288,0.8425843343684373,-0.0990729909705054,3.9645885190047134,-0.4438327503502813,1.3230582975476453
70.0,278.0,137.7936248779297,-2.120104102156044,2.682348376340466,-4.920916566413463,-3.030047968651232,-2.498193076935676,0.8427079317706333,-0.099055176224852,3.9645555910924646,-0.4440161045576272,1.3230966809037252
70.0,278.0,140.16932678222656,-2.121711369012814,2.682911057879528,-4.923568712375926,-3.020978542514654,-2.515522908568898,0.8433911805339334,-0.1397577573226078,3.964874201754242,-0.4443475965328947,1.3067374672253982
70.0,278.0,137.8040771484375,-2.119963126844156,2.677895959234465,-4.92061862327873,-3.0289422103667683,-2.4967935740315923,0.8426489630985964,-0.1014536689802815,3.9649908249881713,-0.4438313189369255,1.323264087676487
70.0,278.0,138.74327087402344,-2.118978772324865,2.655740990285247,-4.9202434845117775,-3.030109294221386,-2.499121701363457,0.8391777404135009,-0.1206322138029716,3.982138495269146,-0.4451552329399167,1.3232017750905791
70.0,278.0,137.79347229003906,-2.120875828412689,2.6821377571465854,-4.920330393627026,-3.029808701702509,-2.4973316174590514,0.8425045721254478,-0.0992715339244338,3.9645065882896606,-0.4439804716485085,1.323079333507163
70.0,278.0,150.20993041992188,-2.119977125671072,2.72807538584261,-4.925133036743352,-3.0220425393401995,-1.7533335043468845,0.8105386029847512,-0.1433369904410759,3.967086929468189,-0.4626098841195374,1.3287440845611092
70.0,278.0,137.7958526611328,-2.119865858186355,2.6827390308017014,-4.922144651164237,-3.030584018730939,-2.4980472676685386,0.842595396424561,-0.0990697990653387,3.964099657519253,-0.4436572696084666,1.3224579870150537
70.0,278.0,137.79678344726562,-2.1188404445101785,2.6821635085172177,-4.919944316912106,-3.028018529044718,-2.4985161614516302,0.8429843219688248,-0.1000354608452682,3.963747607928229,-0.4440112818000191,1.3227342664688253
70.0,278.0,137.7935791015625,-2.119478197135864,2.682218815371034,-4.919981598346353,-3.0299359104734385,-2.498039915808098,0.8425644799905188,-0.0990958868051638,3.964629974020261,-0.4437278662710676,1.3230949831388283
70.0,278.0,137.79336547851562,-2.120108572674395,2.6822669965577166,-4.9203478139813965,-3.0298842440880684,-2.4975453057890107,0.8425872167240545,-0.0990879854907296,3.964519913536592,-0.4439841996087609,1.323062607298512
70.0,278.0,140.52117919921875,-2.1272497769988306,1.774468940747441,-4.918171862643308,-3.039466282870276,-2.4890347571925453,0.8476899259151214,-0.521753245229758,3.96549093137469,-0.4572526271482879,1.3258236409937911
70.0,278.0,145.3743896484375,-2.055715787756611,3.5459383446779773,-4.926743274509718,-3.033548482115602,-2.496961460418813,0.8144829614976842,-0.053820621728324,3.954244038928831,-0.4430671415972534,1.6597223734601851
70.0,278.0,139.49063110351562,-2.127036784137281,2.6864341888011003,-4.922580773522917,-3.0061126931140665,-1.94209301285814,0.8409841124852037,-0.5625834980067171,3.962763002701845,-0.4500653814960387,1.3055394714877115
70.0,278.0,137.7938690185547,-2.1192176764827004,2.682457975948681,-4.920892361758078,-3.029897163062224,-2.498217157507705,0.8425022380987964,-0.0991178043864225,3.964049899203908,-0.4437794511309786,1.3230803765718266
70.0,278.0,137.79371643066406,-2.119592888835652,2.682255541629252,-4.921417633405637,-3.0295965567188965,-2.497425893272802,0.8426919693459544,-0.0990381236850388,3.96442485737496,-0.4440327637003587,1.323107147724064
70.0,278.0,155.14508056640625,-2.144416528898283,1.7532622941419214,-4.910340166670732,-3.045212005694971,-1.9538792327145715,0.8337103093690844,-1.0439633387742353,3.904955445319976,-0.4075869564763927,0.7623833671535221
70.0,278.0,137.7935333251953,-2.120377244223988,2.68232573130396,-4.9210422060078125,-3.030108672030188,-2.497761896142653,0.8427064838873964,-0.0990477371153467,3.964536814449924,-0.4440003785934701,1.3231058869317396
70.0,278.0,137.7935333251953,-2.119952772881428,2.6822987937414067,-4.920999477602973,-3.029992188316855,-2.497484141058762,0.8426589410058227,-0.099139918095882,3.964674606073076,-0.4440063944044309,1.3231210387389964
70.0,278.0,157.8895721435547,-2.151116586352581,1.7765067177928218,-4.954217446239854,-3.688038395004858,-2.586077377730949,0.8144731752930827,-0.6122097261475492,3.624379146848815,-0.454328507982406,0.9702287003031408
70.0,278.0,144.25840759277344,-2.1205812611711767,1.8939934790208948,-4.91887351733549,-3.0514871499131906,-2.4958625503112413,0.8462989658910076,-0.1234872513247548,3.963771008824374,-0.4581941757039363,1.6290300132492803
70.0,278.0,137.79364013671875,-2.1198532737005245,2.682325336237589,-4.920848662442082,-3.029985362527924,-2.498213817076804,0.8427103615300588,-0.0990778278213711,3.96433709148904,-0.4440320415389963,1.323060783100609
70.0,278.0,155.30633544921875,-2.110355142561264,1.7355664246072802,-4.897661520156259,-3.0945963635771343,-3.0647722813398968,0.8256285834289196,-1.0204516952792135,4.389633871132414,-0.4667985076585941,0.7287559592886229
70.0,278.0,158.0673828125,-2.13478528945232,1.8441109636686763,-4.929363763692761,-3.1294766675918138,-3.0546509867568057,1.330469986782295,-1.0107985278553162,3.543151829295136,-0.4498499097984712,0.7093224768745058
70.0,278.0,151.25607299804688,-2.172037136009037,1.7295055121999343,-4.886813252907739,-3.044272093932116,-2.527211347557737,0.8736419156014977,-1.0803740810791176,4.326682419773425,-0.4568381444550614,1.020613823807618
70.0,278.0,165.35855102539062,-2.0411344005614884,1.8033887960812784,-4.990096883276585,-3.0271535952284765,-1.9850275875294443,0.7502007915430735,-1.0075749577924853,3.0752222344234887,-0.4467256416415724,1.0584411608503208
70.0,278.0,165.263427734375,-2.025108824505472,1.819420873531608,-4.880777358367313,-3.048511178555349,-3.076473591889685,0.724041054625411,-1.045823708623605,4.79798916193166,-0.408550783489008,0.6991762171530035
70.0,278.0,137.79388427734375,-2.1197969233219003,2.682501248865924,-4.920949556040982,-3.029357062199896,-2.498212685336491,0.8427023980871142,-0.0990543932277764,3.9646719084198985,-0.444199569359356,1.3230862715750584
70.0,278.0,160.2692413330078,-1.055922459328694,1.7735920722761906,-4.937958133848109,-1.695201673496223,-3.064020344723154,0.8372423768827528,-1.0608401158966236,4.429729571994304,-0.4561175576200931,0.7202760905369371
70.0,279.0,157.60691833496094,-2.1221509371431435,1.8392303061078088,-4.902514539010984,-3.0864103908050646,-3.0538475418464337,0.8517324402109121,-1.0171489627324086,3.092931355225164,-0.4559853455206131,0.9824460715350812
70.0,279.0,161.15728759765625,-1.9534206856324816,1.7536378394229737,-4.890109816254475,-3.0956079319477503,-3.0662115030366284,0.8279698431872164,-1.019189610828445,4.304919778195342,-0.4515226464921155,0.7024576952550962
70.0,279.0,137.79428100585938,-2.119783935109113,2.68199883612094,-4.920791255228204,-3.0302030289134008,-2.4982046635914696,0.842710252766224,-0.0992809748337155,3.964488867926892,-0.4440926142988468,1.322624315397875
70.0,279.0,137.8007354736328,-2.11874858425824,2.6830495050636785,-4.921572170529264,-3.029930532135108,-2.500044037785152,0.8417896551606292,-0.0995665239623932,3.9660535743448713,-0.4443549889952953,1.3231351745149451
70.0,279.0,137.79356384277344,-2.119889022279676,2.6819293309845573,-4.920362874087469,-3.0297775473753297,-2.4979317383109043,0.8426745636218153,-0.0990616741297744,3.964784646485304,-0.4437385965879608,1.323291136537609
70.0,279.0,150.95826721191406,-2.1262525097823337,1.7737189882144293,-4.926724315985826,-3.0259742329384216,-2.437463469842107,1.4099652745982325,-1.0262765149084487,3.9233814230264574,-0.4512474950726279,1.609887845109697
70.0,279.0,156.08035278320312,-2.1580996450789263,1.728328627406782,-4.879695436337815,-3.0850529772078543,-3.06587044186364,0.8359929899162684,-1.015638048938622,3.5437633377229565,-0.4462973345896071,0.7233871726910266
70.0,279.0,137.79330444335938,-2.120696509983701,2.6822104329555336,-4.920336073690678,-3.029892649252469,-2.4976110268228457,0.8425509630793415,-0.0990645091868631,3.964573624667045,-0.4438091402407816,1.323075237657091
70.0,279.0,137.80593872070312,-2.1205746190380985,2.682018676451919,-4.921203081544391,-3.027227483773335,-2.495420748584317,0.8426980012078976,-0.0991142874446214,3.967066445086115,-0.4440341126553822,1.3230089641608913
70.0,279.0,137.7938690185547,-2.1197894820019507,2.682556644507335,-4.920920810427868,-3.0296890412534268,-2.4982021859095966,0.8427044705104604,-0.099069203409774,3.9642380925266063,-0.4441895330021806,1.323046092863299
70.0,279.0,137.79368591308594,-2.120759081304953,2.682252216929604,-4.919441020943342,-3.0296552334784304,-2.497382662494809,0.8425807884586392,-0.0990688048264806,3.964168429291402,-0.4438262620885329,1.3229971440478516
70.0,279.0,137.79383850097656,-2.1201086311162345,2.682275514467757,-4.920729700364895,-3.029734707478531,-2.49852153589854,0.8429032524521627,-0.0992980240807537,3.9647049068598825,-0.4438253792156099,1.3232305924004084
70.0,279.0,137.7944793701172,-2.119162478023433,2.6825651503848307,-4.919924049246924,-3.029384472437976,-2.4982430495717534,0.8428730614028238,-0.0990688787811511,3.963910834088728,-0.4441692886711708,1.3230902943666496
70.0,279.0,137.7938232421875,-2.120373870818724,2.682413867466168,-4.921048833869779,-3.0301468503681783,-2.497204100846347,0.8426913194288687,-0.0990248885412803,3.964464427800431,-0.4440537287187391,1.3230854770769658
70.0,279.0,177.90628051757812,-0.9480992037287066,1.6698462529856726,-4.92126265432442,-3.066282443454009,-3.048841576344093,1.9184003846581128,-1.029547548154336,4.407033002134062,-0.5675828178794807,0.7291447687456702
70.0,279.0,137.79351806640625,-2.120298119441322,2.6822680121533686,-4.920577418333323,-3.0300509115343663,-2.49753214168146,0.8426657571689374,-0.0990649789387761,3.964469045471155,-0.4439777394118968,1.3228025124895249
70.0,279.0,137.79376220703125,-2.1202592938307543,2.682245134863045,-4.91968907596383,-3.029904202458659,-2.497105230436193,0.8425656430984244,-0.0993543995865529,3.964745927929272,-0.4438445936962369,1.3230826049722413
70.0,279.0,138.8553466796875,-2.1222250184014344,1.7859582697313516,-4.911992513925983,-3.027397375175113,-2.4919192799355665,0.8416130100114549,-0.0993832010494219,3.9665571402770703,-0.4440650734784624,1.323007832844661
70.0,279.0,137.7933807373047,-2.120046847960077,2.6822057243695734,-4.920101450408651,-3.029924080310562,-2.497980049867198,0.8425446440738517,-0.0991123321390507,3.9645456526915552,-0.4437969301584512,1.323059551960977
70.0,279.0,137.79367065429688,-2.1203327922634068,2.680980406265004,-4.920574740298478,-3.029839867653569,-2.4978574781621687,0.8426932768366034,-0.0990815833348049,3.964640255694732,-0.4437560451046863,1.3230856172136705
70.0,279.0,137.7933807373047,-2.1201206268199977,2.6821652157304543,-4.92032988438328,-3.029977086176535,-2.4974789996436755,0.8425959019621837,-0.0990848702270648,3.964487884784493,-0.4439679623752829,1.3230451231065106
70.0,279.0,137.79331970214844,-2.1199329869511327,2.6821992524730525,-4.920335922472014,-3.029888652580921,-2.4977355957713288,0.8425843343684373,-0.0990729909705054,3.9645885190047134,-0.4438327503502813,1.3230582975476453
70.0,279.0,137.7936248779297,-2.120104102156044,2.682348376340466,-4.920916566413463,-3.030047968651232,-2.498193076935676,0.8427079317706333,-0.099055176224852,3.9645555910924646,-0.4440161045576272,1.3230966809037252
70.0,279.0,140.16932678222656,-2.121711369012814,2.682911057879528,-4.923568712375926,-3.020978542514654,-2.515522908568898,0.8433911805339334,-0.1397577573226078,3.964874201754242,-0.4443475965328947,1.3067374672253982
70.0,279.0,137.8040771484375,-2.119963126844156,2.677895959234465,-4.92061862327873,-3.0289422103667683,-2.4967935740315923,0.8426489630985964,-0.1014536689802815,3.9649908249881713,-0.4438313189369255,1.323264087676487
70.0,279.0,138.55491638183594,-2.122165984899949,2.6739326856591967,-4.920178101037892,-3.030106880160333,-2.498490888234822,0.862951463675787,-0.1197339422770266,3.971068168167705,-0.4458812415091092,1.3237261495936972
70.0,279.0,137.79347229003906,-2.120875828412689,2.6821377571465854,-4.920330393627026,-3.029808701702509,-2.4973316174590514,0.8425045721254478,-0.0992715339244338,3.9645065882896606,-0.4439804716485085,1.323079333507163
70.0,279.0,150.20993041992188,-2.119977125671072,2.72807538584261,-4.925133036743352,-3.0220425393401995,-1.7533335043468845,0.8105386029847512,-0.1433369904410759,3.967086929468189,-0.4626098841195374,1.3287440845611092
70.0,279.0,137.7958526611328,-2.119865858186355,2.6827390308017014,-4.922144651164237,-3.030584018730939,-2.4980472676685386,0.842595396424561,-0.0990697990653387,3.964099657519253,-0.4436572696084666,1.3224579870150537
70.0,279.0,137.7959747314453,-2.120644216931636,2.6820150369451445,-4.920181814991527,-3.0317785891318687,-2.4980966353545173,0.84304016850987,-0.0997957617019394,3.964441247354891,-0.443718257821251,1.3232111881822135
70.0,279.0,137.7935791015625,-2.119478197135864,2.682218815371034,-4.919981598346353,-3.0299359104734385,-2.498039915808098,0.8425644799905188,-0.0990958868051638,3.964629974020261,-0.4437278662710676,1.3230949831388283
70.0,279.0,137.79336547851562,-2.120108572674395,2.6822669965577166,-4.9203478139813965,-3.0298842440880684,-2.4975453057890107,0.8425872167240545,-0.0990879854907296,3.964519913536592,-0.4439841996087609,1.323062607298512
70.0,279.0,140.52117919921875,-2.1272497769988306,1.774468940747441,-4.918171862643308,-3.039466282870276,-2.4890347571925453,0.8476899259151214,-0.521753245229758,3.96549093137469,-0.4572526271482879,1.3258236409937911
70.0,279.0,145.3743896484375,-2.055715787756611,3.5459383446779773,-4.926743274509718,-3.033548482115602,-2.496961460418813,0.8144829614976842,-0.053820621728324,3.954244038928831,-0.4430671415972534,1.6597223734601851
70.0,279.0,139.49063110351562,-2.127036784137281,2.6864341888011003,-4.922580773522917,-3.0061126931140665,-1.94209301285814,0.8409841124852037,-0.5625834980067171,3.962763002701845,-0.4500653814960387,1.3055394714877115
70.0,279.0,137.7938690185547,-2.1192176764827004,2.682457975948681,-4.920892361758078,-3.029897163062224,-2.498217157507705,0.8425022380987964,-0.0991178043864225,3.964049899203908,-0.4437794511309786,1.3230803765718266
70.0,279.0,137.79371643066406,-2.119592888835652,2.682255541629252,-4.921417633405637,-3.0295965567188965,-2.497425893272802,0.8426919693459544,-0.0990381236850388,3.96442485737496,-0.4440327637003587,1.323107147724064
70.0,279.0,155.14508056640625,-2.144416528898283,1.7532622941419214,-4.910340166670732,-3.045212005694971,-1.9538792327145715,0.8337103093690844,-1.0439633387742353,3.904955445319976,-0.4075869564763927,0.7623833671535221
70.0,279.0,137.7935333251953,-2.120377244223988,2.68232573130396,-4.9210422060078125,-3.030108672030188,-2.497761896142653,0.8427064838873964,-0.0990477371153467,3.964536814449924,-0.4440003785934701,1.3231058869317396
70.0,279.0,137.7935333251953,-2.119952772881428,2.6822987937414067,-4.920999477602973,-3.029992188316855,-2.497484141058762,0.8426589410058227,-0.099139918095882,3.964674606073076,-0.4440063944044309,1.3231210387389964
70.0,279.0,157.8895721435547,-2.151116586352581,1.7765067177928218,-4.954217446239854,-3.688038395004858,-2.586077377730949,0.8144731752930827,-0.6122097261475492,3.624379146848815,-0.454328507982406,0.9702287003031408
70.0,279.0,144.25840759277344,-2.1205812611711767,1.8939934790208948,-4.91887351733549,-3.0514871499131906,-2.4958625503112413,0.8462989658910076,-0.1234872513247548,3.963771008824374,-0.4581941757039363,1.6290300132492803
70.0,279.0,137.79364013671875,-2.1198532737005245,2.682325336237589,-4.920848662442082,-3.029985362527924,-2.498213817076804,0.8427103615300588,-0.0990778278213711,3.96433709148904,-0.4440320415389963,1.323060783100609
70.0,279.0,155.30633544921875,-2.110355142561264,1.7355664246072802,-4.897661520156259,-3.0945963635771343,-3.0647722813398968,0.8256285834289196,-1.0204516952792135,4.389633871132414,-0.4667985076585941,0.7287559592886229
70.0,279.0,158.0673828125,-2.13478528945232,1.8441109636686763,-4.929363763692761,-3.1294766675918138,-3.0546509867568057,1.330469986782295,-1.0107985278553162,3.543151829295136,-0.4498499097984712,0.7093224768745058
70.0,279.0,151.25607299804688,-2.172037136009037,1.7295055121999343,-4.886813252907739,-3.044272093932116,-2.527211347557737,0.8736419156014977,-1.0803740810791176,4.326682419773425,-0.4568381444550614,1.020613823807618
70.0,279.0,165.35855102539062,-2.0411344005614884,1.8033887960812784,-4.990096883276585,-3.0271535952284765,-1.9850275875294443,0.7502007915430735,-1.0075749577924853,3.0752222344234887,-0.4467256416415724,1.0584411608503208
70.0,279.0,165.263427734375,-2.025108824505472,1.819420873531608,-4.880777358367313,-3.048511178555349,-3.076473591889685,0.724041054625411,-1.045823708623605,4.79798916193166,-0.408550783489008,0.6991762171530035
70.0,279.0,137.79388427734375,-2.1197969233219003,2.682501248865924,-4.920949556040982,-3.029357062199896,-2.498212685336491,0.8427023980871142,-0.0990543932277764,3.9646719084198985,-0.444199569359356,1.3230862715750584
70.0,279.0,160.2692413330078,-1.055922459328694,1.7735920722761906,-4.937958133848109,-1.695201673496223,-3.064020344723154,0.8372423768827528,-1.0608401158966236,4.429729571994304,-0.4561175576200931,0.7202760905369371
70.0,280.0,157.60691833496094,-2.1221509371431435,1.8392303061078088,-4.902514539010984,-3.0864103908050646,-3.0538475418464337,0.8517324402109121,-1.0171489627324086,3.092931355225164,-0.4559853455206131,0.9824460715350812
70.0,280.0,161.15728759765625,-1.9534206856324816,1.7536378394229737,-4.890109816254475,-3.0956079319477503,-3.0662115030366284,0.8279698431872164,-1.019189610828445,4.304919778195342,-0.4515226464921155,0.7024576952550962
70.0,280.0,137.79428100585938,-2.119783935109113,2.68199883612094,-4.920791255228204,-3.0302030289134008,-2.4982046635914696,0.842710252766224,-0.0992809748337155,3.964488867926892,-0.4440926142988468,1.322624315397875
70.0,280.0,137.8007354736328,-2.11874858425824,2.6830495050636785,-4.921572170529264,-3.029930532135108,-2.500044037785152,0.8417896551606292,-0.0995665239623932,3.9660535743448713,-0.4443549889952953,1.3231351745149451
70.0,280.0,137.79356384277344,-2.119889022279676,2.6819293309845573,-4.920362874087469,-3.0297775473753297,-2.4979317383109043,0.8426745636218153,-0.0990616741297744,3.964784646485304,-0.4437385965879608,1.323291136537609
70.0,280.0,150.95826721191406,-2.1262525097823337,1.7737189882144293,-4.926724315985826,-3.0259742329384216,-2.437463469842107,1.4099652745982325,-1.0262765149084487,3.9233814230264574,-0.4512474950726279,1.609887845109697
70.0,280.0,156.08035278320312,-2.1580996450789263,1.728328627406782,-4.879695436337815,-3.0850529772078543,-3.06587044186364,0.8359929899162684,-1.015638048938622,3.5437633377229565,-0.4462973345896071,0.7233871726910266
70.0,280.0,137.79330444335938,-2.120696509983701,2.6822104329555336,-4.920336073690678,-3.029892649252469,-2.4976110268228457,0.8425509630793415,-0.0990645091868631,3.964573624667045,-0.4438091402407816,1.323075237657091
70.0,280.0,137.80593872070312,-2.1205746190380985,2.682018676451919,-4.921203081544391,-3.027227483773335,-2.495420748584317,0.8426980012078976,-0.0991142874446214,3.967066445086115,-0.4440341126553822,1.3230089641608913
70.0,280.0,137.7938690185547,-2.1197894820019507,2.682556644507335,-4.920920810427868,-3.0296890412534268,-2.4982021859095966,0.8427044705104604,-0.099069203409774,3.9642380925266063,-0.4441895330021806,1.323046092863299
70.0,280.0,137.79368591308594,-2.120759081304953,2.682252216929604,-4.919441020943342,-3.0296552334784304,-2.497382662494809,0.8425807884586392,-0.0990688048264806,3.964168429291402,-0.4438262620885329,1.3229971440478516
70.0,280.0,137.79383850097656,-2.1201086311162345,2.682275514467757,-4.920729700364895,-3.029734707478531,-2.49852153589854,0.8429032524521627,-0.0992980240807537,3.9647049068598825,-0.4438253792156099,1.3232305924004084
70.0,280.0,137.7944793701172,-2.119162478023433,2.6825651503848307,-4.919924049246924,-3.029384472437976,-2.4982430495717534,0.8428730614028238,-0.0990688787811511,3.963910834088728,-0.4441692886711708,1.3230902943666496
70.0,280.0,137.7938232421875,-2.120373870818724,2.682413867466168,-4.921048833869779,-3.0301468503681783,-2.497204100846347,0.8426913194288687,-0.0990248885412803,3.964464427800431,-0.4440537287187391,1.3230854770769658
70.0,280.0,177.90628051757812,-0.9480992037287066,1.6698462529856726,-4.92126265432442,-3.066282443454009,-3.048841576344093,1.9184003846581128,-1.029547548154336,4.407033002134062,-0.5675828178794807,0.7291447687456702
70.0,280.0,137.79351806640625,-2.120298119441322,2.6822680121533686,-4.920577418333323,-3.0300509115343663,-2.49753214168146,0.8426657571689374,-0.0990649789387761,3.964469045471155,-0.4439777394118968,1.3228025124895249
70.0,280.0,137.79376220703125,-2.1202592938307543,2.682245134863045,-4.91968907596383,-3.029904202458659,-2.497105230436193,0.8425656430984244,-0.0993543995865529,3.964745927929272,-0.4438445936962369,1.3230826049722413
70.0,280.0,138.8553466796875,-2.1222250184014344,1.7859582697313516,-4.911992513925983,-3.027397375175113,-2.4919192799355665,0.8416130100114549,-0.0993832010494219,3.9665571402770703,-0.4440650734784624,1.323007832844661
70.0,280.0,137.7933349609375,-2.120185383123652,2.682208015382859,-4.920594690796094,-3.0298524718546176,-2.497354728083358,0.8425139056362526,-0.099044571271228,3.9645706054431566,-0.4437648190463871,1.3230904413029585
70.0,280.0,137.79367065429688,-2.1203327922634068,2.680980406265004,-4.920574740298478,-3.029839867653569,-2.4978574781621687,0.8426932768366034,-0.0990815833348049,3.964640255694732,-0.4437560451046863,1.3230856172136705
70.0,280.0,137.7933807373047,-2.1201206268199977,2.6821652157304543,-4.92032988438328,-3.029977086176535,-2.4974789996436755,0.8425959019621837,-0.0990848702270648,3.964487884784493,-0.4439679623752829,1.3230451231065106
70.0,280.0,137.7932891845703,-2.120562381905317,2.6822087174236,-4.9203419476407,-3.0298977692037297,-2.497638024204418,0.8425636850525982,-0.099063671328882,3.9645885010399655,-0.4437697581120619,1.3230808312242437
70.0,280.0,137.7936248779297,-2.120104102156044,2.682348376340466,-4.920916566413463,-3.030047968651232,-2.498193076935676,0.8427079317706333,-0.099055176224852,3.9645555910924646,-0.4440161045576272,1.3230966809037252
70.0,280.0,139.40902709960938,-2.123914283926776,2.6808344432809164,-4.973335357602556,-3.004323738411632,-2.515685227184537,0.8434959719414213,-0.1147145787756663,3.965100711911916,-0.4440540355962338,1.3145922958789704
70.0,280.0,137.8040771484375,-2.119963126844156,2.677895959234465,-4.92061862327873,-3.0289422103667683,-2.4967935740315923,0.8426489630985964,-0.1014536689802815,3.9649908249881713,-0.4438313189369255,1.323264087676487
70.0,280.0,138.55491638183594,-2.122165984899949,2.6739326856591967,-4.920178101037892,-3.030106880160333,-2.498490888234822,0.862951463675787,-0.1197339422770266,3.971068168167705,-0.4458812415091092,1.3237261495936972
70.0,280.0,137.79347229003906,-2.120875828412689,2.6821377571465854,-4.920330393627026,-3.029808701702509,-2.4973316174590514,0.8425045721254478,-0.0992715339244338,3.9645065882896606,-0.4439804716485085,1.323079333507163
70.0,280.0,150.20993041992188,-2.119977125671072,2.72807538584261,-4.925133036743352,-3.0220425393401995,-1.7533335043468845,0.8105386029847512,-0.1433369904410759,3.967086929468189,-0.4626098841195374,1.3287440845611092
70.0,280.0,137.79458618164062,-2.1215470374728187,2.682119232310885,-4.922227839098469,-3.0291070881263766,-2.497419811080675,0.8424829659931483,-0.0990613389373712,3.963987155881117,-0.4436983610325894,1.3230490817352614
70.0,280.0,137.7959747314453,-2.120644216931636,2.6820150369451445,-4.920181814991527,-3.0317785891318687,-2.4980966353545173,0.84304016850987,-0.0997957617019394,3.964441247354891,-0.443718257821251,1.3232111881822135
70.0,280.0,137.7933349609375,-2.1199869894701884,2.682222514167556,-4.92037074188082,-3.0299266788900936,-2.4978118410783803,0.8425273476888344,-0.0991123825566088,3.964610906889033,-0.4437927036740228,1.3231201469876324
70.0,280.0,137.79336547851562,-2.120108572674395,2.6822669965577166,-4.9203478139813965,-3.0298842440880684,-2.4975453057890107,0.8425872167240545,-0.0990879854907296,3.964519913536592,-0.4439841996087609,1.323062607298512
70.0,280.0,140.52117919921875,-2.1272497769988306,1.774468940747441,-4.918171862643308,-3.039466282870276,-2.4890347571925453,0.8476899259151214,-0.521753245229758,3.96549093137469,-0.4572526271482879,1.3258236409937911
70.0,280.0,145.3743896484375,-2.055715787756611,3.5459383446779773,-4.926743274509718,-3.033548482115602,-2.496961460418813,0.8144829614976842,-0.053820621728324,3.954244038928831,-0.4430671415972534,1.6597223734601851
70.0,280.0,139.49063110351562,-2.127036784137281,2.6864341888011003,-4.922580773522917,-3.0061126931140665,-1.94209301285814,0.8409841124852037,-0.5625834980067171,3.962763002701845,-0.4500653814960387,1.3055394714877115
70.0,280.0,137.7938690185547,-2.1192176764827004,2.682457975948681,-4.920892361758078,-3.029897163062224,-2.498217157507705,0.8425022380987964,-0.0991178043864225,3.964049899203908,-0.4437794511309786,1.3230803765718266
70.0,280.0,137.79371643066406,-2.119592888835652,2.682255541629252,-4.921417633405637,-3.0295965567188965,-2.497425893272802,0.8426919693459544,-0.0990381236850388,3.96442485737496,-0.4440327637003587,1.323107147724064
70.0,280.0,155.14508056640625,-2.144416528898283,1.7532622941419214,-4.910340166670732,-3.045212005694971,-1.9538792327145715,0.8337103093690844,-1.0439633387742353,3.904955445319976,-0.4075869564763927,0.7623833671535221
70.0,280.0,137.7935333251953,-2.120377244223988,2.68232573130396,-4.9210422060078125,-3.030108672030188,-2.497761896142653,0.8427064838873964,-0.0990477371153467,3.964536814449924,-0.4440003785934701,1.3231058869317396
70.0,280.0,137.7935333251953,-2.119952772881428,2.6822987937414067,-4.920999477602973,-3.029992188316855,-2.497484141058762,0.8426589410058227,-0.099139918095882,3.964674606073076,-0.4440063944044309,1.3231210387389964
70.0,280.0,157.8895721435547,-2.151116586352581,1.7765067177928218,-4.954217446239854,-3.688038395004858,-2.586077377730949,0.8144731752930827,-0.6122097261475492,3.624379146848815,-0.454328507982406,0.9702287003031408
70.0,280.0,144.25840759277344,-2.1205812611711767,1.8939934790208948,-4.91887351733549,-3.0514871499131906,-2.4958625503112413,0.8462989658910076,-0.1234872513247548,3.963771008824374,-0.4581941757039363,1.6290300132492803
70.0,280.0,137.79364013671875,-2.1198532737005245,2.682325336237589,-4.920848662442082,-3.029985362527924,-2.498213817076804,0.8427103615300588,-0.0990778278213711,3.96433709148904,-0.4440320415389963,1.323060783100609
70.0,280.0,155.30633544921875,-2.110355142561264,1.7355664246072802,-4.897661520156259,-3.0945963635771343,-3.0647722813398968,0.8256285834289196,-1.0204516952792135,4.389633871132414,-0.4667985076585941,0.7287559592886229
70.0,280.0,158.0673828125,-2.13478528945232,1.8441109636686763,-4.929363763692761,-3.1294766675918138,-3.0546509867568057,1.330469986782295,-1.0107985278553162,3.543151829295136,-0.4498499097984712,0.7093224768745058
70.0,280.0,151.25607299804688,-2.172037136009037,1.7295055121999343,-4.886813252907739,-3.044272093932116,-2.527211347557737,0.8736419156014977,-1.0803740810791176,4.326682419773425,-0.4568381444550614,1.020613823807618
70.0,280.0,165.35855102539062,-2.0411344005614884,1.8033887960812784,-4.990096883276585,-3.0271535952284765,-1.9850275875294443,0.7502007915430735,-1.0075749577924853,3.0752222344234887,-0.4467256416415724,1.0584411608503208
70.0,280.0,165.263427734375,-2.025108824505472,1.819420873531608,-4.880777358367313,-3.048511178555349,-3.076473591889685,0.724041054625411,-1.045823708623605,4.79798916193166,-0.408550783489008,0.6991762171530035
70.0,280.0,137.79388427734375,-2.1197969233219003,2.682501248865924,-4.920949556040982,-3.029357062199896,-2.498212685336491,0.8427023980871142,-0.0990543932277764,3.9646719084198985,-0.444199569359356,1.3230862715750584
70.0,280.0,160.2692413330078,-1.055922459328694,1.7735920722761906,-4.937958133848109,-1.695201673496223,-3.064020344723154,0.8372423768827528,-1.0608401158966236,4.429729571994304,-0.4561175576200931,0.7202760905369371
70.0,281.0,157.60691833496094,-2.1221509371431435,1.8392303061078088,-4.902514539010984,-3.0864103908050646,-3.0538475418464337,0.8517324402109121,-1.0171489627324086,3.092931355225164,-0.4559853455206131,0.9824460715350812
70.0,281.0,161.15728759765625,-1.9534206856324816,1.7536378394229737,-4.890109816254475,-3.0956079319477503,-3.0662115030366284,0.8279698431872164,-1.019189610828445,4.304919778195342,-0.4515226464921155,0.7024576952550962
70.0,281.0,137.79428100585938,-2.119783935109113,2.68199883612094,-4.920791255228204,-3.0302030289134008,-2.4982046635914696,0.842710252766224,-0.0992809748337155,3.964488867926892,-0.4440926142988468,1.322624315397875
70.0,281.0,137.79881286621094,-2.119669692036001,2.6811326094218835,-4.920886611873569,-3.0299275304974165,-2.498711389202668,0.8426128809874882,-0.0992747121596211,3.9663282595420593,-0.4440047088496884,1.3231356733272677
70.0,281.0,137.79356384277344,-2.119889022279676,2.6819293309845573,-4.920362874087469,-3.0297775473753297,-2.4979317383109043,0.8426745636218153,-0.0990616741297744,3.964784646485304,-0.4437385965879608,1.323291136537609
70.0,281.0,150.95826721191406,-2.1262525097823337,1.7737189882144293,-4.926724315985826,-3.0259742329384216,-2.437463469842107,1.4099652745982325,-1.0262765149084487,3.9233814230264574,-0.4512474950726279,1.609887845109697
70.0,281.0,156.08035278320312,-2.1580996450789263,1.728328627406782,-4.879695436337815,-3.0850529772078543,-3.06587044186364,0.8359929899162684,-1.015638048938622,3.5437633377229565,-0.4462973345896071,0.7233871726910266
70.0,281.0,137.7932891845703,-2.120554274250577,2.6822056173959563,-4.920332985536434,-3.0299020365454563,-2.4975792081499244,0.8425545587399356,-0.0990635911997232,3.964582992355759,-0.4437529054915898,1.3230924336125232
70.0,281.0,137.80593872070312,-2.1205746190380985,2.682018676451919,-4.921203081544391,-3.027227483773335,-2.495420748584317,0.8426980012078976,-0.0991142874446214,3.967066445086115,-0.4440341126553822,1.3230089641608913
70.0,281.0,137.7938690185547,-2.1197894820019507,2.682556644507335,-4.920920810427868,-3.0296890412534268,-2.4982021859095966,0.8427044705104604,-0.099069203409774,3.9642380925266063,-0.4441895330021806,1.323046092863299
70.0,281.0,137.79331970214844,-2.120019524119394,2.682201887656055,-4.920341904716381,-3.029675238964624,-2.497903027649397,0.8426384551801569,-0.0990626580418674,3.964679984712283,-0.4437193769866062,1.323105960604851
70.0,281.0,137.79383850097656,-2.1201086311162345,2.682275514467757,-4.920729700364895,-3.029734707478531,-2.49852153589854,0.8429032524521627,-0.0992980240807537,3.9647049068598825,-0.4438253792156099,1.3232305924004084
70.0,281.0,137.7944793701172,-2.119162478023433,2.6825651503848307,-4.919924049246924,-3.029384472437976,-2.4982430495717534,0.8428730614028238,-0.0990688787811511,3.963910834088728,-0.4441692886711708,1.3230902943666496
70.0,281.0,137.7938232421875,-2.120373870818724,2.682413867466168,-4.921048833869779,-3.0301468503681783,-2.497204100846347,0.8426913194288687,-0.0990248885412803,3.964464427800431,-0.4440537287187391,1.3230854770769658
70.0,281.0,177.90628051757812,-0.9480992037287066,1.6698462529856726,-4.92126265432442,-3.066282443454009,-3.048841576344093,1.9184003846581128,-1.029547548154336,4.407033002134062,-0.5675828178794807,0.7291447687456702
70.0,281.0,137.79351806640625,-2.120298119441322,2.6822680121533686,-4.920577418333323,-3.0300509115343663,-2.49753214168146,0.8426657571689374,-0.0990649789387761,3.964469045471155,-0.4439777394118968,1.3228025124895249
70.0,281.0,137.79376220703125,-2.1202592938307543,2.682245134863045,-4.91968907596383,-3.029904202458659,-2.497105230436193,0.8425656430984244,-0.0993543995865529,3.964745927929272,-0.4438445936962369,1.3230826049722413
70.0,281.0,138.8553466796875,-2.1222250184014344,1.7859582697313516,-4.911992513925983,-3.027397375175113,-2.4919192799355665,0.8416130100114549,-0.0993832010494219,3.9665571402770703,-0.4440650734784624,1.323007832844661
70.0,281.0,137.7933349609375,-2.120185383123652,2.682208015382859,-4.920594690796094,-3.0298524718546176,-2.497354728083358,0.8425139056362526,-0.099044571271228,3.9645706054431566,-0.4437648190463871,1.3230904413029585
70.0,281.0,137.79367065429688,-2.1203327922634068,2.680980406265004,-4.920574740298478,-3.029839867653569,-2.4978574781621687,0.8426932768366034,-0.0990815833348049,3.964640255694732,-0.4437560451046863,1.3230856172136705
70.0,281.0,137.7933807373047,-2.1201206268199977,2.6821652157304543,-4.92032988438328,-3.029977086176535,-2.4974789996436755,0.8425959019621837,-0.0990848702270648,3.964487884784493,-0.4439679623752829,1.3230451231065106
70.0,281.0,137.7932891845703,-2.120562381905317,2.6822087174236,-4.9203419476407,-3.0298977692037297,-2.497638024204418,0.8425636850525982,-0.099063671328882,3.9645885010399655,-0.4437697581120619,1.3230808312242437
70.0,281.0,137.7936248779297,-2.120104102156044,2.682348376340466,-4.920916566413463,-3.030047968651232,-2.498193076935676,0.8427079317706333,-0.099055176224852,3.9645555910924646,-0.4440161045576272,1.3230966809037252
70.0,281.0,139.40902709960938,-2.123914283926776,2.6808344432809164,-4.973335357602556,-3.004323738411632,-2.515685227184537,0.8434959719414213,-0.1147145787756663,3.965100711911916,-0.4440540355962338,1.3145922958789704
70.0,281.0,137.8040771484375,-2.119963126844156,2.677895959234465,-4.92061862327873,-3.0289422103667683,-2.4967935740315923,0.8426489630985964,-0.1014536689802815,3.9649908249881713,-0.4438313189369255,1.323264087676487
70.0,281.0,138.55491638183594,-2.122165984899949,2.6739326856591967,-4.920178101037892,-3.030106880160333,-2.498490888234822,0.862951463675787,-0.1197339422770266,3.971068168167705,-0.4458812415091092,1.3237261495936972
70.0,281.0,137.79347229003906,-2.120875828412689,2.6821377571465854,-4.920330393627026,-3.029808701702509,-2.4973316174590514,0.8425045721254478,-0.0992715339244338,3.9645065882896606,-0.4439804716485085,1.323079333507163
70.0,281.0,150.20993041992188,-2.119977125671072,2.72807538584261,-4.925133036743352,-3.0220425393401995,-1.7533335043468845,0.8105386029847512,-0.1433369904410759,3.967086929468189,-0.4626098841195374,1.3287440845611092
70.0,281.0,137.79458618164062,-2.1215470374728187,2.682119232310885,-4.922227839098469,-3.0291070881263766,-2.497419811080675,0.8424829659931483,-0.0990613389373712,3.963987155881117,-0.4436983610325894,1.3230490817352614
70.0,281.0,137.7959747314453,-2.120644216931636,2.6820150369451445,-4.920181814991527,-3.0317785891318687,-2.4980966353545173,0.84304016850987,-0.0997957617019394,3.964441247354891,-0.443718257821251,1.3232111881822135
70.0,281.0,137.7933349609375,-2.1199869894701884,2.682222514167556,-4.92037074188082,-3.0299266788900936,-2.4978118410783803,0.8425273476888344,-0.0991123825566088,3.964610906889033,-0.4437927036740228,1.3231201469876324
70.0,281.0,137.79336547851562,-2.120108572674395,2.6822669965577166,-4.9203478139813965,-3.0298842440880684,-2.4975453057890107,0.8425872167240545,-0.0990879854907296,3.964519913536592,-0.4439841996087609,1.323062607298512
70.0,281.0,140.52117919921875,-2.1272497769988306,1.774468940747441,-4.918171862643308,-3.039466282870276,-2.4890347571925453,0.8476899259151214,-0.521753245229758,3.96549093137469,-0.4572526271482879,1.3258236409937911
70.0,281.0,145.3743896484375,-2.055715787756611,3.5459383446779773,-4.926743274509718,-3.033548482115602,-2.496961460418813,0.8144829614976842,-0.053820621728324,3.954244038928831,-0.4430671415972534,1.6597223734601851
70.0,281.0,139.49063110351562,-2.127036784137281,2.6864341888011003,-4.922580773522917,-3.0061126931140665,-1.94209301285814,0.8409841124852037,-0.5625834980067171,3.962763002701845,-0.4500653814960387,1.3055394714877115
70.0,281.0,137.7938690185547,-2.1192176764827004,2.682457975948681,-4.920892361758078,-3.029897163062224,-2.498217157507705,0.8425022380987964,-0.0991178043864225,3.964049899203908,-0.4437794511309786,1.3230803765718266
70.0,281.0,137.79371643066406,-2.119592888835652,2.682255541629252,-4.921417633405637,-3.0295965567188965,-2.497425893272802,0.8426919693459544,-0.0990381236850388,3.96442485737496,-0.4440327637003587,1.323107147724064
70.0,281.0,155.14508056640625,-2.144416528898283,1.7532622941419214,-4.910340166670732,-3.045212005694971,-1.9538792327145715,0.8337103093690844,-1.0439633387742353,3.904955445319976,-0.4075869564763927,0.7623833671535221
70.0,281.0,137.7935333251953,-2.120377244223988,2.68232573130396,-4.9210422060078125,-3.030108672030188,-2.497761896142653,0.8427064838873964,-0.0990477371153467,3.964536814449924,-0.4440003785934701,1.3231058869317396
70.0,281.0,137.7935333251953,-2.119952772881428,2.6822987937414067,-4.920999477602973,-3.029992188316855,-2.497484141058762,0.8426589410058227,-0.099139918095882,3.964674606073076,-0.4440063944044309,1.3231210387389964
70.0,281.0,157.8895721435547,-2.151116586352581,1.7765067177928218,-4.954217446239854,-3.688038395004858,-2.586077377730949,0.8144731752930827,-0.6122097261475492,3.624379146848815,-0.454328507982406,0.9702287003031408
70.0,281.0,144.25840759277344,-2.1205812611711767,1.8939934790208948,-4.91887351733549,-3.0514871499131906,-2.4958625503112413,0.8462989658910076,-0.1234872513247548,3.963771008824374,-0.4581941757039363,1.6290300132492803
70.0,281.0,137.79360961914062,-2.120472768838186,2.682970384381997,-4.92054059585436,-3.029886582194452,-2.497448046393489,0.842686530165563,-0.0990395887417375,3.964771762117992,-0.4437877891760375,1.3230756193089197
70.0,281.0,155.30633544921875,-2.110355142561264,1.7355664246072802,-4.897661520156259,-3.0945963635771343,-3.0647722813398968,0.8256285834289196,-1.0204516952792135,4.389633871132414,-0.4667985076585941,0.7287559592886229
70.0,281.0,158.0673828125,-2.13478528945232,1.8441109636686763,-4.929363763692761,-3.1294766675918138,-3.0546509867568057,1.330469986782295,-1.0107985278553162,3.543151829295136,-0.4498499097984712,0.7093224768745058
70.0,281.0,151.25607299804688,-2.172037136009037,1.7295055121999343,-4.886813252907739,-3.044272093932116,-2.527211347557737,0.8736419156014977,-1.0803740810791176,4.326682419773425,-0.4568381444550614,1.020613823807618
70.0,281.0,161.64561462402344,-2.0907104113109063,3.4111353629807355,-4.9818330168432166,-3.029534449754439,-2.439648505258743,0.7708512127133247,-1.112704951575796,3.9552686350756057,-0.4460401416355501,1.300175202948463
70.0,281.0,165.263427734375,-2.025108824505472,1.819420873531608,-4.880777358367313,-3.048511178555349,-3.076473591889685,0.724041054625411,-1.045823708623605,4.79798916193166,-0.408550783489008,0.6991762171530035
70.0,281.0,137.79388427734375,-2.1197969233219003,2.682501248865924,-4.920949556040982,-3.029357062199896,-2.498212685336491,0.8427023980871142,-0.0990543932277764,3.9646719084198985,-0.444199569359356,1.3230862715750584
70.0,281.0,160.2692413330078,-1.055922459328694,1.7735920722761906,-4.937958133848109,-1.695201673496223,-3.064020344723154,0.8372423768827528,-1.0608401158966236,4.429729571994304,-0.4561175576200931,0.7202760905369371
70.0,282.0,157.60691833496094,-2.1221509371431435,1.8392303061078088,-4.902514539010984,-3.0864103908050646,-3.0538475418464337,0.8517324402109121,-1.0171489627324086,3.092931355225164,-0.4559853455206131,0.9824460715350812
70.0,282.0,161.15728759765625,-1.9534206856324816,1.7536378394229737,-4.890109816254475,-3.0956079319477503,-3.0662115030366284,0.8279698431872164,-1.019189610828445,4.304919778195342,-0.4515226464921155,0.7024576952550962
70.0,282.0,137.79428100585938,-2.119783935109113,2.68199883612094,-4.920791255228204,-3.0302030289134008,-2.4982046635914696,0.842710252766224,-0.0992809748337155,3.964488867926892,-0.4440926142988468,1.322624315397875
70.0,282.0,137.79881286621094,-2.119669692036001,2.6811326094218835,-4.920886611873569,-3.0299275304974165,-2.498711389202668,0.8426128809874882,-0.0992747121596211,3.9663282595420593,-0.4440047088496884,1.3231356733272677
70.0,282.0,137.79356384277344,-2.119889022279676,2.6819293309845573,-4.920362874087469,-3.0297775473753297,-2.4979317383109043,0.8426745636218153,-0.0990616741297744,3.964784646485304,-0.4437385965879608,1.323291136537609
70.0,282.0,150.95826721191406,-2.1262525097823337,1.7737189882144293,-4.926724315985826,-3.0259742329384216,-2.437463469842107,1.4099652745982325,-1.0262765149084487,3.9233814230264574,-0.4512474950726279,1.609887845109697
70.0,282.0,156.08035278320312,-2.1580996450789263,1.728328627406782,-4.879695436337815,-3.0850529772078543,-3.06587044186364,0.8359929899162684,-1.015638048938622,3.5437633377229565,-0.4462973345896071,0.7233871726910266
70.0,282.0,137.7932891845703,-2.120554274250577,2.6822056173959563,-4.920332985536434,-3.0299020365454563,-2.4975792081499244,0.8425545587399356,-0.0990635911997232,3.964582992355759,-0.4437529054915898,1.3230924336125232
70.0,282.0,137.79722595214844,-2.1206508389845773,2.6820858474954905,-4.9205500012809935,-3.0322137037801733,-2.4973962502143543,0.8426337735088305,-0.0994269800372231,3.963492984732052,-0.4438089169912209,1.3230023807083902
70.0,282.0,137.7938690185547,-2.1197894820019507,2.682556644507335,-4.920920810427868,-3.0296890412534268,-2.4982021859095966,0.8427044705104604,-0.099069203409774,3.9642380925266063,-0.4441895330021806,1.323046092863299
70.0,282.0,137.79331970214844,-2.120019524119394,2.682201887656055,-4.920341904716381,-3.029675238964624,-2.497903027649397,0.8426384551801569,-0.0990626580418674,3.964679984712283,-0.4437193769866062,1.323105960604851
70.0,282.0,137.79383850097656,-2.1201086311162345,2.682275514467757,-4.920729700364895,-3.029734707478531,-2.49852153589854,0.8429032524521627,-0.0992980240807537,3.9647049068598825,-0.4438253792156099,1.3232305924004084
70.0,282.0,137.7944793701172,-2.119162478023433,2.6825651503848307,-4.919924049246924,-3.029384472437976,-2.4982430495717534,0.8428730614028238,-0.0990688787811511,3.963910834088728,-0.4441692886711708,1.3230902943666496
70.0,282.0,137.7938232421875,-2.120373870818724,2.682413867466168,-4.921048833869779,-3.0301468503681783,-2.497204100846347,0.8426913194288687,-0.0990248885412803,3.964464427800431,-0.4440537287187391,1.3230854770769658
70.0,282.0,177.90628051757812,-0.9480992037287066,1.6698462529856726,-4.92126265432442,-3.066282443454009,-3.048841576344093,1.9184003846581128,-1.029547548154336,4.407033002134062,-0.5675828178794807,0.7291447687456702
70.0,282.0,137.79351806640625,-2.120298119441322,2.6822680121533686,-4.920577418333323,-3.0300509115343663,-2.49753214168146,0.8426657571689374,-0.0990649789387761,3.964469045471155,-0.4439777394118968,1.3228025124895249
70.0,282.0,137.79376220703125,-2.1202592938307543,2.682245134863045,-4.91968907596383,-3.029904202458659,-2.497105230436193,0.8425656430984244,-0.0993543995865529,3.964745927929272,-0.4438445936962369,1.3230826049722413
70.0,282.0,138.8553466796875,-2.1222250184014344,1.7859582697313516,-4.911992513925983,-3.027397375175113,-2.4919192799355665,0.8416130100114549,-0.0993832010494219,3.9665571402770703,-0.4440650734784624,1.323007832844661
70.0,282.0,137.79327392578125,-2.120353672841077,2.682205702282233,-4.920480445173131,-3.02993519660937,-2.497557783639797,0.8425648626467779,-0.0990841540670413,3.964553196461206,-0.4437592636856133,1.3231052057287809
70.0,282.0,137.79367065429688,-2.1203327922634068,2.680980406265004,-4.920574740298478,-3.029839867653569,-2.4978574781621687,0.8426932768366034,-0.0990815833348049,3.964640255694732,-0.4437560451046863,1.3230856172136705
70.0,282.0,137.7933807373047,-2.1201206268199977,2.6821652157304543,-4.92032988438328,-3.029977086176535,-2.4974789996436755,0.8425959019621837,-0.0990848702270648,3.964487884784493,-0.4439679623752829,1.3230451231065106
70.0,282.0,137.7932891845703,-2.120562381905317,2.6822087174236,-4.9203419476407,-3.0298977692037297,-2.497638024204418,0.8425636850525982,-0.099063671328882,3.9645885010399655,-0.4437697581120619,1.3230808312242437
70.0,282.0,137.7936248779297,-2.120104102156044,2.682348376340466,-4.920916566413463,-3.030047968651232,-2.498193076935676,0.8427079317706333,-0.099055176224852,3.9645555910924646,-0.4440161045576272,1.3230966809037252
70.0,282.0,138.78680419921875,-2.12368921956168,2.6827804448891897,-4.860001060360651,-3.013302845680478,-2.492686940556287,0.843000702974078,-0.1095210666560691,3.964270102266236,-0.4440641593048009,1.3285575765347124
70.0,282.0,137.8040771484375,-2.119963126844156,2.677895959234465,-4.92061862327873,-3.0289422103667683,-2.4967935740315923,0.8426489630985964,-0.1014536689802815,3.9649908249881713,-0.4438313189369255,1.323264087676487
70.0,282.0,138.49481201171875,-2.121707440023169,2.6809317973565623,-4.920247856932304,-3.029839421842791,-2.5003660111688046,0.844417045122621,-0.0963949092628084,3.962089405460704,-0.4489863992044393,1.323215117891985
70.0,282.0,137.79347229003906,-2.120875828412689,2.6821377571465854,-4.920330393627026,-3.029808701702509,-2.4973316174590514,0.8425045721254478,-0.0992715339244338,3.9645065882896606,-0.4439804716485085,1.323079333507163
70.0,282.0,150.20993041992188,-2.119977125671072,2.72807538584261,-4.925133036743352,-3.0220425393401995,-1.7533335043468845,0.8105386029847512,-0.1433369904410759,3.967086929468189,-0.4626098841195374,1.3287440845611092
70.0,282.0,137.7938995361328,-2.12099234339722,2.6818399989174933,-4.919416587567597,-3.030064131272709,-2.49751457048478,0.8424896174015192,-0.0990644725178427,3.9644018548453466,-0.4436959364778378,1.3229268751064416
70.0,282.0,137.7959747314453,-2.120644216931636,2.6820150369451445,-4.920181814991527,-3.0317785891318687,-2.4980966353545173,0.84304016850987,-0.0997957617019394,3.964441247354891,-0.443718257821251,1.3232111881822135
70.0,282.0,137.7933349609375,-2.1199869894701884,2.682222514167556,-4.92037074188082,-3.0299266788900936,-2.4978118410783803,0.8425273476888344,-0.0991123825566088,3.964610906889033,-0.4437927036740228,1.3231201469876324
70.0,282.0,137.79336547851562,-2.120108572674395,2.6822669965577166,-4.9203478139813965,-3.0298842440880684,-2.4975453057890107,0.8425872167240545,-0.0990879854907296,3.964519913536592,-0.4439841996087609,1.323062607298512
70.0,282.0,140.52117919921875,-2.1272497769988306,1.774468940747441,-4.918171862643308,-3.039466282870276,-2.4890347571925453,0.8476899259151214,-0.521753245229758,3.96549093137469,-0.4572526271482879,1.3258236409937911
70.0,282.0,145.3743896484375,-2.055715787756611,3.5459383446779773,-4.926743274509718,-3.033548482115602,-2.496961460418813,0.8144829614976842,-0.053820621728324,3.954244038928831,-0.4430671415972534,1.6597223734601851
70.0,282.0,139.49063110351562,-2.127036784137281,2.6864341888011003,-4.922580773522917,-3.0061126931140665,-1.94209301285814,0.8409841124852037,-0.5625834980067171,3.962763002701845,-0.4500653814960387,1.3055394714877115
70.0,282.0,137.7938690185547,-2.1192176764827004,2.682457975948681,-4.920892361758078,-3.029897163062224,-2.498217157507705,0.8425022380987964,-0.0991178043864225,3.964049899203908,-0.4437794511309786,1.3230803765718266
70.0,282.0,137.79371643066406,-2.119592888835652,2.682255541629252,-4.921417633405637,-3.0295965567188965,-2.497425893272802,0.8426919693459544,-0.0990381236850388,3.96442485737496,-0.4440327637003587,1.323107147724064
70.0,282.0,155.14508056640625,-2.144416528898283,1.7532622941419214,-4.910340166670732,-3.045212005694971,-1.9538792327145715,0.8337103093690844,-1.0439633387742353,3.904955445319976,-0.4075869564763927,0.7623833671535221
70.0,282.0,137.7935333251953,-2.120377244223988,2.68232573130396,-4.9210422060078125,-3.030108672030188,-2.497761896142653,0.8427064838873964,-0.0990477371153467,3.964536814449924,-0.4440003785934701,1.3231058869317396
70.0,282.0,137.7935333251953,-2.119952772881428,2.6822987937414067,-4.920999477602973,-3.029992188316855,-2.497484141058762,0.8426589410058227,-0.099139918095882,3.964674606073076,-0.4440063944044309,1.3231210387389964
70.0,282.0,157.8895721435547,-2.151116586352581,1.7765067177928218,-4.954217446239854,-3.688038395004858,-2.586077377730949,0.8144731752930827,-0.6122097261475492,3.624379146848815,-0.454328507982406,0.9702287003031408
70.0,282.0,144.25840759277344,-2.1205812611711767,1.8939934790208948,-4.91887351733549,-3.0514871499131906,-2.4958625503112413,0.8462989658910076,-0.1234872513247548,3.963771008824374,-0.4581941757039363,1.6290300132492803
70.0,282.0,137.79360961914062,-2.120472768838186,2.682970384381997,-4.92054059585436,-3.029886582194452,-2.497448046393489,0.842686530165563,-0.0990395887417375,3.964771762117992,-0.4437877891760375,1.3230756193089197
70.0,282.0,155.30633544921875,-2.110355142561264,1.7355664246072802,-4.897661520156259,-3.0945963635771343,-3.0647722813398968,0.8256285834289196,-1.0204516952792135,4.389633871132414,-0.4667985076585941,0.7287559592886229
70.0,282.0,158.0673828125,-2.13478528945232,1.8441109636686763,-4.929363763692761,-3.1294766675918138,-3.0546509867568057,1.330469986782295,-1.0107985278553162,3.543151829295136,-0.4498499097984712,0.7093224768745058
70.0,282.0,151.25607299804688,-2.172037136009037,1.7295055121999343,-4.886813252907739,-3.044272093932116,-2.527211347557737,0.8736419156014977,-1.0803740810791176,4.326682419773425,-0.4568381444550614,1.020613823807618
70.0,282.0,161.64561462402344,-2.0907104113109063,3.4111353629807355,-4.9818330168432166,-3.029534449754439,-2.439648505258743,0.7708512127133247,-1.112704951575796,3.9552686350756057,-0.4460401416355501,1.300175202948463
70.0,282.0,165.263427734375,-2.025108824505472,1.819420873531608,-4.880777358367313,-3.048511178555349,-3.076473591889685,0.724041054625411,-1.045823708623605,4.79798916193166,-0.408550783489008,0.6991762171530035
70.0,282.0,137.79388427734375,-2.1197969233219003,2.682501248865924,-4.920949556040982,-3.029357062199896,-2.498212685336491,0.8427023980871142,-0.0990543932277764,3.9646719084198985,-0.444199569359356,1.3230862715750584
70.0,282.0,160.2692413330078,-1.055922459328694,1.7735920722761906,-4.937958133848109,-1.695201673496223,-3.064020344723154,0.8372423768827528,-1.0608401158966236,4.429729571994304,-0.4561175576200931,0.7202760905369371
70.0,283.0,157.60691833496094,-2.1221509371431435,1.8392303061078088,-4.902514539010984,-3.0864103908050646,-3.0538475418464337,0.8517324402109121,-1.0171489627324086,3.092931355225164,-0.4559853455206131,0.9824460715350812
70.0,283.0,161.15728759765625,-1.9534206856324816,1.7536378394229737,-4.890109816254475,-3.0956079319477503,-3.0662115030366284,0.8279698431872164,-1.019189610828445,4.304919778195342,-0.4515226464921155,0.7024576952550962
70.0,283.0,137.79428100585938,-2.119783935109113,2.68199883612094,-4.920791255228204,-3.0302030289134008,-2.4982046635914696,0.842710252766224,-0.0992809748337155,3.964488867926892,-0.4440926142988468,1.322624315397875
70.0,283.0,137.79881286621094,-2.119669692036001,2.6811326094218835,-4.920886611873569,-3.0299275304974165,-2.498711389202668,0.8426128809874882,-0.0992747121596211,3.9663282595420593,-0.4440047088496884,1.3231356733272677
70.0,283.0,137.79356384277344,-2.119889022279676,2.6819293309845573,-4.920362874087469,-3.0297775473753297,-2.4979317383109043,0.8426745636218153,-0.0990616741297744,3.964784646485304,-0.4437385965879608,1.323291136537609
70.0,283.0,150.95826721191406,-2.1262525097823337,1.7737189882144293,-4.926724315985826,-3.0259742329384216,-2.437463469842107,1.4099652745982325,-1.0262765149084487,3.9233814230264574,-0.4512474950726279,1.609887845109697
70.0,283.0,156.08035278320312,-2.1580996450789263,1.728328627406782,-4.879695436337815,-3.0850529772078543,-3.06587044186364,0.8359929899162684,-1.015638048938622,3.5437633377229565,-0.4462973345896071,0.7233871726910266
70.0,283.0,137.7932891845703,-2.120554274250577,2.6822056173959563,-4.920332985536434,-3.0299020365454563,-2.4975792081499244,0.8425545587399356,-0.0990635911997232,3.964582992355759,-0.4437529054915898,1.3230924336125232
70.0,283.0,137.7953643798828,-2.120353359982204,2.682199948546184,-4.920500831043364,-3.030435169941926,-2.4977528922100127,0.8425400445098593,-0.0998206784481003,3.965468624946773,-0.4437885379936461,1.3229776563574502
70.0,283.0,137.7938690185547,-2.1197894820019507,2.682556644507335,-4.920920810427868,-3.0296890412534268,-2.4982021859095966,0.8427044705104604,-0.099069203409774,3.9642380925266063,-0.4441895330021806,1.323046092863299
70.0,283.0,137.79331970214844,-2.120019524119394,2.682201887656055,-4.920341904716381,-3.029675238964624,-2.497903027649397,0.8426384551801569,-0.0990626580418674,3.964679984712283,-0.4437193769866062,1.323105960604851
70.0,283.0,137.79383850097656,-2.1201086311162345,2.682275514467757,-4.920729700364895,-3.029734707478531,-2.49852153589854,0.8429032524521627,-0.0992980240807537,3.9647049068598825,-0.4438253792156099,1.3232305924004084
70.0,283.0,137.7944793701172,-2.119162478023433,2.6825651503848307,-4.919924049246924,-3.029384472437976,-2.4982430495717534,0.8428730614028238,-0.0990688787811511,3.963910834088728,-0.4441692886711708,1.3230902943666496
70.0,283.0,137.7938232421875,-2.120373870818724,2.682413867466168,-4.921048833869779,-3.0301468503681783,-2.497204100846347,0.8426913194288687,-0.0990248885412803,3.964464427800431,-0.4440537287187391,1.3230854770769658
70.0,283.0,177.90628051757812,-0.9480992037287066,1.6698462529856726,-4.92126265432442,-3.066282443454009,-3.048841576344093,1.9184003846581128,-1.029547548154336,4.407033002134062,-0.5675828178794807,0.7291447687456702
70.0,283.0,137.79351806640625,-2.120298119441322,2.6822680121533686,-4.920577418333323,-3.0300509115343663,-2.49753214168146,0.8426657571689374,-0.0990649789387761,3.964469045471155,-0.4439777394118968,1.3228025124895249
70.0,283.0,137.79376220703125,-2.1202592938307543,2.682245134863045,-4.91968907596383,-3.029904202458659,-2.497105230436193,0.8425656430984244,-0.0993543995865529,3.964745927929272,-0.4438445936962369,1.3230826049722413
70.0,283.0,138.8553466796875,-2.1222250184014344,1.7859582697313516,-4.911992513925983,-3.027397375175113,-2.4919192799355665,0.8416130100114549,-0.0993832010494219,3.9665571402770703,-0.4440650734784624,1.323007832844661
70.0,283.0,137.79327392578125,-2.120353672841077,2.682205702282233,-4.920480445173131,-3.02993519660937,-2.497557783639797,0.8425648626467779,-0.0990841540670413,3.964553196461206,-0.4437592636856133,1.3231052057287809
70.0,283.0,137.79359436035156,-2.1202601009641566,2.683080466795344,-4.920437054226085,-3.029871801426495,-2.4977171982967903,0.8429953892791657,-0.0990951569431568,3.964634190451421,-0.4437759704194412,1.3231105044608458
70.0,283.0,137.7933807373047,-2.1201206268199977,2.6821652157304543,-4.92032988438328,-3.029977086176535,-2.4974789996436755,0.8425959019621837,-0.0990848702270648,3.964487884784493,-0.4439679623752829,1.3230451231065106
70.0,283.0,137.7932891845703,-2.120562381905317,2.6822087174236,-4.9203419476407,-3.0298977692037297,-2.497638024204418,0.8425636850525982,-0.099063671328882,3.9645885010399655,-0.4437697581120619,1.3230808312242437
70.0,283.0,137.7936248779297,-2.120104102156044,2.682348376340466,-4.920916566413463,-3.030047968651232,-2.498193076935676,0.8427079317706333,-0.099055176224852,3.9645555910924646,-0.4440161045576272,1.3230966809037252
70.0,283.0,138.2440185546875,-2.1201590169065447,2.681988286142238,-4.8881091020772445,-3.031522370192433,-2.491292857127982,0.8431939475720855,-0.097636161237271,3.964437886307914,-0.4438561454107389,1.3239545604053895
70.0,283.0,137.8040313720703,-2.120408970109815,2.677194219865795,-4.920518178759566,-3.0295522651027453,-2.497923889322704,0.8424846120769206,-0.1005671066814537,3.965627857050385,-0.4437767576905014,1.3232356654583088
70.0,283.0,137.93846130371094,-2.122046878087932,2.677641577173838,-4.920602455968298,-3.029978158549268,-2.495796250834045,0.8417996238056165,-0.1067952808542396,3.96007407014457,-0.45017115451499,1.3229740009029425
70.0,283.0,137.79347229003906,-2.120875828412689,2.6821377571465854,-4.920330393627026,-3.029808701702509,-2.4973316174590514,0.8425045721254478,-0.0992715339244338,3.9645065882896606,-0.4439804716485085,1.323079333507163
70.0,283.0,150.20993041992188,-2.119977125671072,2.72807538584261,-4.925133036743352,-3.0220425393401995,-1.7533335043468845,0.8105386029847512,-0.1433369904410759,3.967086929468189,-0.4626098841195374,1.3287440845611092
70.0,283.0,137.7933349609375,-2.1208385462331814,2.68204542892692,-4.920799521319208,-3.029985045761085,-2.497608688864111,0.8425507551356405,-0.0991093832442536,3.964389166966398,-0.4437633536216315,1.3230187503262434
70.0,283.0,137.7959747314453,-2.120644216931636,2.6820150369451445,-4.920181814991527,-3.0317785891318687,-2.4980966353545173,0.84304016850987,-0.0997957617019394,3.964441247354891,-0.443718257821251,1.3232111881822135
70.0,283.0,137.7933349609375,-2.1199869894701884,2.682222514167556,-4.92037074188082,-3.0299266788900936,-2.4978118410783803,0.8425273476888344,-0.0991123825566088,3.964610906889033,-0.4437927036740228,1.3231201469876324
70.0,283.0,137.79336547851562,-2.120108572674395,2.6822669965577166,-4.9203478139813965,-3.0298842440880684,-2.4975453057890107,0.8425872167240545,-0.0990879854907296,3.964519913536592,-0.4439841996087609,1.323062607298512
70.0,283.0,140.52117919921875,-2.1272497769988306,1.774468940747441,-4.918171862643308,-3.039466282870276,-2.4890347571925453,0.8476899259151214,-0.521753245229758,3.96549093137469,-0.4572526271482879,1.3258236409937911
70.0,283.0,145.3743896484375,-2.055715787756611,3.5459383446779773,-4.926743274509718,-3.033548482115602,-2.496961460418813,0.8144829614976842,-0.053820621728324,3.954244038928831,-0.4430671415972534,1.6597223734601851
70.0,283.0,139.49063110351562,-2.127036784137281,2.6864341888011003,-4.922580773522917,-3.0061126931140665,-1.94209301285814,0.8409841124852037,-0.5625834980067171,3.962763002701845,-0.4500653814960387,1.3055394714877115
70.0,283.0,137.7938690185547,-2.1192176764827004,2.682457975948681,-4.920892361758078,-3.029897163062224,-2.498217157507705,0.8425022380987964,-0.0991178043864225,3.964049899203908,-0.4437794511309786,1.3230803765718266
70.0,283.0,137.79371643066406,-2.119592888835652,2.682255541629252,-4.921417633405637,-3.0295965567188965,-2.497425893272802,0.8426919693459544,-0.0990381236850388,3.96442485737496,-0.4440327637003587,1.323107147724064
70.0,283.0,155.14508056640625,-2.144416528898283,1.7532622941419214,-4.910340166670732,-3.045212005694971,-1.9538792327145715,0.8337103093690844,-1.0439633387742353,3.904955445319976,-0.4075869564763927,0.7623833671535221
70.0,283.0,137.7935333251953,-2.120377244223988,2.68232573130396,-4.9210422060078125,-3.030108672030188,-2.497761896142653,0.8427064838873964,-0.0990477371153467,3.964536814449924,-0.4440003785934701,1.3231058869317396
70.0,283.0,137.7935333251953,-2.119952772881428,2.6822987937414067,-4.920999477602973,-3.029992188316855,-2.497484141058762,0.8426589410058227,-0.099139918095882,3.964674606073076,-0.4440063944044309,1.3231210387389964
70.0,283.0,157.8895721435547,-2.151116586352581,1.7765067177928218,-4.954217446239854,-3.688038395004858,-2.586077377730949,0.8144731752930827,-0.6122097261475492,3.624379146848815,-0.454328507982406,0.9702287003031408
70.0,283.0,144.25840759277344,-2.1205812611711767,1.8939934790208948,-4.91887351733549,-3.0514871499131906,-2.4958625503112413,0.8462989658910076,-0.1234872513247548,3.963771008824374,-0.4581941757039363,1.6290300132492803
70.0,283.0,137.79335021972656,-2.1201699480263763,2.682069948942382,-4.920910644900615,-3.0299094781495475,-2.497690991615283,0.8427073858395657,-0.0990889811281261,3.9646423890823232,-0.4437742022334314,1.3231149609564257
70.0,283.0,155.30633544921875,-2.110355142561264,1.7355664246072802,-4.897661520156259,-3.0945963635771343,-3.0647722813398968,0.8256285834289196,-1.0204516952792135,4.389633871132414,-0.4667985076585941,0.7287559592886229
70.0,283.0,158.0673828125,-2.13478528945232,1.8441109636686763,-4.929363763692761,-3.1294766675918138,-3.0546509867568057,1.330469986782295,-1.0107985278553162,3.543151829295136,-0.4498499097984712,0.7093224768745058
70.0,283.0,151.25607299804688,-2.172037136009037,1.7295055121999343,-4.886813252907739,-3.044272093932116,-2.527211347557737,0.8736419156014977,-1.0803740810791176,4.326682419773425,-0.4568381444550614,1.020613823807618
70.0,283.0,161.64561462402344,-2.0907104113109063,3.4111353629807355,-4.9818330168432166,-3.029534449754439,-2.439648505258743,0.7708512127133247,-1.112704951575796,3.9552686350756057,-0.4460401416355501,1.300175202948463
70.0,283.0,165.263427734375,-2.025108824505472,1.819420873531608,-4.880777358367313,-3.048511178555349,-3.076473591889685,0.724041054625411,-1.045823708623605,4.79798916193166,-0.408550783489008,0.6991762171530035
70.0,283.0,137.79388427734375,-2.1197969233219003,2.682501248865924,-4.920949556040982,-3.029357062199896,-2.498212685336491,0.8427023980871142,-0.0990543932277764,3.9646719084198985,-0.444199569359356,1.3230862715750584
70.0,283.0,160.2692413330078,-1.055922459328694,1.7735920722761906,-4.937958133848109,-1.695201673496223,-3.064020344723154,0.8372423768827528,-1.0608401158966236,4.429729571994304,-0.4561175576200931,0.7202760905369371
70.0,284.0,157.60691833496094,-2.1221509371431435,1.8392303061078088,-4.902514539010984,-3.0864103908050646,-3.0538475418464337,0.8517324402109121,-1.0171489627324086,3.092931355225164,-0.4559853455206131,0.9824460715350812
70.0,284.0,161.15728759765625,-1.9534206856324816,1.7536378394229737,-4.890109816254475,-3.0956079319477503,-3.0662115030366284,0.8279698431872164,-1.019189610828445,4.304919778195342,-0.4515226464921155,0.7024576952550962
70.0,284.0,137.79428100585938,-2.119783935109113,2.68199883612094,-4.920791255228204,-3.0302030289134008,-2.4982046635914696,0.842710252766224,-0.0992809748337155,3.964488867926892,-0.4440926142988468,1.322624315397875
70.0,284.0,137.79881286621094,-2.119669692036001,2.6811326094218835,-4.920886611873569,-3.0299275304974165,-2.498711389202668,0.8426128809874882,-0.0992747121596211,3.9663282595420593,-0.4440047088496884,1.3231356733272677
70.0,284.0,137.79356384277344,-2.119889022279676,2.6819293309845573,-4.920362874087469,-3.0297775473753297,-2.4979317383109043,0.8426745636218153,-0.0990616741297744,3.964784646485304,-0.4437385965879608,1.323291136537609
70.0,284.0,150.95826721191406,-2.1262525097823337,1.7737189882144293,-4.926724315985826,-3.0259742329384216,-2.437463469842107,1.4099652745982325,-1.0262765149084487,3.9233814230264574,-0.4512474950726279,1.609887845109697
70.0,284.0,156.08035278320312,-2.1580996450789263,1.728328627406782,-4.879695436337815,-3.0850529772078543,-3.06587044186364,0.8359929899162684,-1.015638048938622,3.5437633377229565,-0.4462973345896071,0.7233871726910266
70.0,284.0,137.7932891845703,-2.120554274250577,2.6822056173959563,-4.920332985536434,-3.0299020365454563,-2.4975792081499244,0.8425545587399356,-0.0990635911997232,3.964582992355759,-0.4437529054915898,1.3230924336125232
70.0,284.0,137.79385375976562,-2.1202361810825265,2.6822502789625746,-4.920457202114066,-3.0292095398391443,-2.497870463679527,0.8425030053114725,-0.0997443597017648,3.9648674098030248,-0.4437325438145791,1.3230258894201004
70.0,284.0,137.7938690185547,-2.1197894820019507,2.682556644507335,-4.920920810427868,-3.0296890412534268,-2.4982021859095966,0.8427044705104604,-0.099069203409774,3.9642380925266063,-0.4441895330021806,1.323046092863299
70.0,284.0,137.79331970214844,-2.120019524119394,2.682201887656055,-4.920341904716381,-3.029675238964624,-2.497903027649397,0.8426384551801569,-0.0990626580418674,3.964679984712283,-0.4437193769866062,1.323105960604851
70.0,284.0,137.79383850097656,-2.1201086311162345,2.682275514467757,-4.920729700364895,-3.029734707478531,-2.49852153589854,0.8429032524521627,-0.0992980240807537,3.9647049068598825,-0.4438253792156099,1.3232305924004084
70.0,284.0,137.7944793701172,-2.119162478023433,2.6825651503848307,-4.919924049246924,-3.029384472437976,-2.4982430495717534,0.8428730614028238,-0.0990688787811511,3.963910834088728,-0.4441692886711708,1.3230902943666496
70.0,284.0,137.7938232421875,-2.120373870818724,2.682413867466168,-4.921048833869779,-3.0301468503681783,-2.497204100846347,0.8426913194288687,-0.0990248885412803,3.964464427800431,-0.4440537287187391,1.3230854770769658
70.0,284.0,177.90628051757812,-0.9480992037287066,1.6698462529856726,-4.92126265432442,-3.066282443454009,-3.048841576344093,1.9184003846581128,-1.029547548154336,4.407033002134062,-0.5675828178794807,0.7291447687456702
70.0,284.0,137.79351806640625,-2.120298119441322,2.6822680121533686,-4.920577418333323,-3.0300509115343663,-2.49753214168146,0.8426657571689374,-0.0990649789387761,3.964469045471155,-0.4439777394118968,1.3228025124895249
70.0,284.0,137.79376220703125,-2.1202592938307543,2.682245134863045,-4.91968907596383,-3.029904202458659,-2.497105230436193,0.8425656430984244,-0.0993543995865529,3.964745927929272,-0.4438445936962369,1.3230826049722413
70.0,284.0,138.8553466796875,-2.1222250184014344,1.7859582697313516,-4.911992513925983,-3.027397375175113,-2.4919192799355665,0.8416130100114549,-0.0993832010494219,3.9665571402770703,-0.4440650734784624,1.323007832844661
70.0,284.0,137.79327392578125,-2.120353672841077,2.682205702282233,-4.920480445173131,-3.02993519660937,-2.497557783639797,0.8425648626467779,-0.0990841540670413,3.964553196461206,-0.4437592636856133,1.3231052057287809
70.0,284.0,137.79359436035156,-2.1202601009641566,2.683080466795344,-4.920437054226085,-3.029871801426495,-2.4977171982967903,0.8429953892791657,-0.0990951569431568,3.964634190451421,-0.4437759704194412,1.3231105044608458
70.0,284.0,137.7933807373047,-2.1201206268199977,2.6821652157304543,-4.92032988438328,-3.029977086176535,-2.4974789996436755,0.8425959019621837,-0.0990848702270648,3.964487884784493,-0.4439679623752829,1.3230451231065106
70.0,284.0,137.7932891845703,-2.120562381905317,2.6822087174236,-4.9203419476407,-3.0298977692037297,-2.497638024204418,0.8425636850525982,-0.099063671328882,3.9645885010399655,-0.4437697581120619,1.3230808312242437
70.0,284.0,137.7936248779297,-2.120104102156044,2.682348376340466,-4.920916566413463,-3.030047968651232,-2.498193076935676,0.8427079317706333,-0.099055176224852,3.9645555910924646,-0.4440161045576272,1.3230966809037252
70.0,284.0,138.2440185546875,-2.1201590169065447,2.681988286142238,-4.8881091020772445,-3.031522370192433,-2.491292857127982,0.8431939475720855,-0.097636161237271,3.964437886307914,-0.4438561454107389,1.3239545604053895
70.0,284.0,137.8040313720703,-2.120408970109815,2.677194219865795,-4.920518178759566,-3.0295522651027453,-2.497923889322704,0.8424846120769206,-0.1005671066814537,3.965627857050385,-0.4437767576905014,1.3232356654583088
70.0,284.0,137.93846130371094,-2.122046878087932,2.677641577173838,-4.920602455968298,-3.029978158549268,-2.495796250834045,0.8417996238056165,-0.1067952808542396,3.96007407014457,-0.45017115451499,1.3229740009029425
70.0,284.0,137.79347229003906,-2.120875828412689,2.6821377571465854,-4.920330393627026,-3.029808701702509,-2.4973316174590514,0.8425045721254478,-0.0992715339244338,3.9645065882896606,-0.4439804716485085,1.323079333507163
70.0,284.0,150.20993041992188,-2.119977125671072,2.72807538584261,-4.925133036743352,-3.0220425393401995,-1.7533335043468845,0.8105386029847512,-0.1433369904410759,3.967086929468189,-0.4626098841195374,1.3287440845611092
70.0,284.0,137.7933349609375,-2.1208385462331814,2.68204542892692,-4.920799521319208,-3.029985045761085,-2.497608688864111,0.8425507551356405,-0.0991093832442536,3.964389166966398,-0.4437633536216315,1.3230187503262434
70.0,284.0,137.7959747314453,-2.120644216931636,2.6820150369451445,-4.920181814991527,-3.0317785891318687,-2.4980966353545173,0.84304016850987,-0.0997957617019394,3.964441247354891,-0.443718257821251,1.3232111881822135
70.0,284.0,137.79327392578125,-2.120131347770663,2.682221082619977,-4.920431713772275,-3.0298498572681685,-2.497601764058193,0.8425448871217996,-0.0990795806782855,3.964575385980043,-0.4437766102626975,1.3231070159122875
70.0,284.0,137.79336547851562,-2.120108572674395,2.6822669965577166,-4.9203478139813965,-3.0298842440880684,-2.4975453057890107,0.8425872167240545,-0.0990879854907296,3.964519913536592,-0.4439841996087609,1.323062607298512
70.0,284.0,140.52117919921875,-2.1272497769988306,1.774468940747441,-4.918171862643308,-3.039466282870276,-2.4890347571925453,0.8476899259151214,-0.521753245229758,3.96549093137469,-0.4572526271482879,1.3258236409937911
70.0,284.0,145.3743896484375,-2.055715787756611,3.5459383446779773,-4.926743274509718,-3.033548482115602,-2.496961460418813,0.8144829614976842,-0.053820621728324,3.954244038928831,-0.4430671415972534,1.6597223734601851
70.0,284.0,139.49063110351562,-2.127036784137281,2.6864341888011003,-4.922580773522917,-3.0061126931140665,-1.94209301285814,0.8409841124852037,-0.5625834980067171,3.962763002701845,-0.4500653814960387,1.3055394714877115
70.0,284.0,137.7938690185547,-2.1192176764827004,2.682457975948681,-4.920892361758078,-3.029897163062224,-2.498217157507705,0.8425022380987964,-0.0991178043864225,3.964049899203908,-0.4437794511309786,1.3230803765718266
70.0,284.0,137.79371643066406,-2.119592888835652,2.682255541629252,-4.921417633405637,-3.0295965567188965,-2.497425893272802,0.8426919693459544,-0.0990381236850388,3.96442485737496,-0.4440327637003587,1.323107147724064
70.0,284.0,155.14508056640625,-2.144416528898283,1.7532622941419214,-4.910340166670732,-3.045212005694971,-1.9538792327145715,0.8337103093690844,-1.0439633387742353,3.904955445319976,-0.4075869564763927,0.7623833671535221
70.0,284.0,137.7935333251953,-2.120377244223988,2.68232573130396,-4.9210422060078125,-3.030108672030188,-2.497761896142653,0.8427064838873964,-0.0990477371153467,3.964536814449924,-0.4440003785934701,1.3231058869317396
70.0,284.0,137.7935333251953,-2.119952772881428,2.6822987937414067,-4.920999477602973,-3.029992188316855,-2.497484141058762,0.8426589410058227,-0.099139918095882,3.964674606073076,-0.4440063944044309,1.3231210387389964
70.0,284.0,157.8895721435547,-2.151116586352581,1.7765067177928218,-4.954217446239854,-3.688038395004858,-2.586077377730949,0.8144731752930827,-0.6122097261475492,3.624379146848815,-0.454328507982406,0.9702287003031408
70.0,284.0,144.25840759277344,-2.1205812611711767,1.8939934790208948,-4.91887351733549,-3.0514871499131906,-2.4958625503112413,0.8462989658910076,-0.1234872513247548,3.963771008824374,-0.4581941757039363,1.6290300132492803
70.0,284.0,137.7933349609375,-2.120375522469653,2.682386922831325,-4.920967360272557,-3.029941492274356,-2.497519373080153,0.8427742249212508,-0.0990928426423479,3.964338980730429,-0.4437520590597402,1.323110512453333
70.0,284.0,155.30633544921875,-2.110355142561264,1.7355664246072802,-4.897661520156259,-3.0945963635771343,-3.0647722813398968,0.8256285834289196,-1.0204516952792135,4.389633871132414,-0.4667985076585941,0.7287559592886229
70.0,284.0,158.0673828125,-2.13478528945232,1.8441109636686763,-4.929363763692761,-3.1294766675918138,-3.0546509867568057,1.330469986782295,-1.0107985278553162,3.543151829295136,-0.4498499097984712,0.7093224768745058
70.0,284.0,151.25607299804688,-2.172037136009037,1.7295055121999343,-4.886813252907739,-3.044272093932116,-2.527211347557737,0.8736419156014977,-1.0803740810791176,4.326682419773425,-0.4568381444550614,1.020613823807618
70.0,284.0,161.64561462402344,-2.0907104113109063,3.4111353629807355,-4.9818330168432166,-3.029534449754439,-2.439648505258743,0.7708512127133247,-1.112704951575796,3.9552686350756057,-0.4460401416355501,1.300175202948463
70.0,284.0,165.263427734375,-2.025108824505472,1.819420873531608,-4.880777358367313,-3.048511178555349,-3.076473591889685,0.724041054625411,-1.045823708623605,4.79798916193166,-0.408550783489008,0.6991762171530035
70.0,284.0,137.79388427734375,-2.1197969233219003,2.682501248865924,-4.920949556040982,-3.029357062199896,-2.498212685336491,0.8427023980871142,-0.0990543932277764,3.9646719084198985,-0.444199569359356,1.3230862715750584
70.0,284.0,160.2692413330078,-1.055922459328694,1.7735920722761906,-4.937958133848109,-1.695201673496223,-3.064020344723154,0.8372423768827528,-1.0608401158966236,4.429729571994304,-0.4561175576200931,0.7202760905369371
70.0,285.0,157.60691833496094,-2.1221509371431435,1.8392303061078088,-4.902514539010984,-3.0864103908050646,-3.0538475418464337,0.8517324402109121,-1.0171489627324086,3.092931355225164,-0.4559853455206131,0.9824460715350812
70.0,285.0,161.15728759765625,-1.9534206856324816,1.7536378394229737,-4.890109816254475,-3.0956079319477503,-3.0662115030366284,0.8279698431872164,-1.019189610828445,4.304919778195342,-0.4515226464921155,0.7024576952550962
70.0,285.0,137.79428100585938,-2.119783935109113,2.68199883612094,-4.920791255228204,-3.0302030289134008,-2.4982046635914696,0.842710252766224,-0.0992809748337155,3.964488867926892,-0.4440926142988468,1.322624315397875
70.0,285.0,137.79881286621094,-2.119669692036001,2.6811326094218835,-4.920886611873569,-3.0299275304974165,-2.498711389202668,0.8426128809874882,-0.0992747121596211,3.9663282595420593,-0.4440047088496884,1.3231356733272677
70.0,285.0,137.79356384277344,-2.119889022279676,2.6819293309845573,-4.920362874087469,-3.0297775473753297,-2.4979317383109043,0.8426745636218153,-0.0990616741297744,3.964784646485304,-0.4437385965879608,1.323291136537609
70.0,285.0,150.95826721191406,-2.1262525097823337,1.7737189882144293,-4.926724315985826,-3.0259742329384216,-2.437463469842107,1.4099652745982325,-1.0262765149084487,3.9233814230264574,-0.4512474950726279,1.609887845109697
70.0,285.0,156.08035278320312,-2.1580996450789263,1.728328627406782,-4.879695436337815,-3.0850529772078543,-3.06587044186364,0.8359929899162684,-1.015638048938622,3.5437633377229565,-0.4462973345896071,0.7233871726910266
70.0,285.0,137.7932891845703,-2.120554274250577,2.6822056173959563,-4.920332985536434,-3.0299020365454563,-2.4975792081499244,0.8425545587399356,-0.0990635911997232,3.964582992355759,-0.4437529054915898,1.3230924336125232
70.0,285.0,137.79331970214844,-2.120207816155446,2.682210242738818,-4.920484413915191,-3.029413853908795,-2.4973644526338554,0.8425945757749556,-0.0993008411023954,3.964265520785848,-0.4437498126935945,1.323137060883834
70.0,285.0,137.7938690185547,-2.1197894820019507,2.682556644507335,-4.920920810427868,-3.0296890412534268,-2.4982021859095966,0.8427044705104604,-0.099069203409774,3.9642380925266063,-0.4441895330021806,1.323046092863299
70.0,285.0,137.79331970214844,-2.120019524119394,2.682201887656055,-4.920341904716381,-3.029675238964624,-2.497903027649397,0.8426384551801569,-0.0990626580418674,3.964679984712283,-0.4437193769866062,1.323105960604851
70.0,285.0,137.79383850097656,-2.1201086311162345,2.682275514467757,-4.920729700364895,-3.029734707478531,-2.49852153589854,0.8429032524521627,-0.0992980240807537,3.9647049068598825,-0.4438253792156099,1.3232305924004084
70.0,285.0,137.7944793701172,-2.119162478023433,2.6825651503848307,-4.919924049246924,-3.029384472437976,-2.4982430495717534,0.8428730614028238,-0.0990688787811511,3.963910834088728,-0.4441692886711708,1.3230902943666496
70.0,285.0,137.79335021972656,-2.1203919218146394,2.682437231997905,-4.920485125262747,-3.029881366247386,-2.497622868673018,0.8422871311207045,-0.0990812156975447,3.9645027646809248,-0.4438647995019399,1.3230205560713335
70.0,285.0,177.90628051757812,-0.9480992037287066,1.6698462529856726,-4.92126265432442,-3.066282443454009,-3.048841576344093,1.9184003846581128,-1.029547548154336,4.407033002134062,-0.5675828178794807,0.7291447687456702
70.0,285.0,137.79351806640625,-2.120298119441322,2.6822680121533686,-4.920577418333323,-3.0300509115343663,-2.49753214168146,0.8426657571689374,-0.0990649789387761,3.964469045471155,-0.4439777394118968,1.3228025124895249
70.0,285.0,137.79376220703125,-2.1202592938307543,2.682245134863045,-4.91968907596383,-3.029904202458659,-2.497105230436193,0.8425656430984244,-0.0993543995865529,3.964745927929272,-0.4438445936962369,1.3230826049722413
70.0,285.0,138.8553466796875,-2.1222250184014344,1.7859582697313516,-4.911992513925983,-3.027397375175113,-2.4919192799355665,0.8416130100114549,-0.0993832010494219,3.9665571402770703,-0.4440650734784624,1.323007832844661
70.0,285.0,137.79327392578125,-2.120353672841077,2.682205702282233,-4.920480445173131,-3.02993519660937,-2.497557783639797,0.8425648626467779,-0.0990841540670413,3.964553196461206,-0.4437592636856133,1.3231052057287809
70.0,285.0,137.79335021972656,-2.120310222673132,2.681803610253903,-4.920534582533029,-3.0299351038551774,-2.4975994315974206,0.842454786567718,-0.0991130744668482,3.964629091535953,-0.443765401417845,1.323113417226924
70.0,285.0,137.7933807373047,-2.1201206268199977,2.6821652157304543,-4.92032988438328,-3.029977086176535,-2.4974789996436755,0.8425959019621837,-0.0990848702270648,3.964487884784493,-0.4439679623752829,1.3230451231065106
70.0,285.0,137.7932891845703,-2.120562381905317,2.6822087174236,-4.9203419476407,-3.0298977692037297,-2.497638024204418,0.8425636850525982,-0.099063671328882,3.9645885010399655,-0.4437697581120619,1.3230808312242437
70.0,285.0,137.7936248779297,-2.120104102156044,2.682348376340466,-4.920916566413463,-3.030047968651232,-2.498193076935676,0.8427079317706333,-0.099055176224852,3.9645555910924646,-0.4440161045576272,1.3230966809037252
70.0,285.0,137.92092895507812,-2.120700916845522,2.6822753463336744,-4.901005521110854,-3.021503547485462,-2.49568141386372,0.8446161647865681,-0.1020132680560614,3.9643885677022617,-0.4437237665559642,1.323489748664109
70.0,285.0,137.8040313720703,-2.120408970109815,2.677194219865795,-4.920518178759566,-3.0295522651027453,-2.497923889322704,0.8424846120769206,-0.1005671066814537,3.965627857050385,-0.4437767576905014,1.3232356654583088
70.0,285.0,137.93846130371094,-2.122046878087932,2.677641577173838,-4.920602455968298,-3.029978158549268,-2.495796250834045,0.8417996238056165,-0.1067952808542396,3.96007407014457,-0.45017115451499,1.3229740009029425
70.0,285.0,137.79347229003906,-2.120875828412689,2.6821377571465854,-4.920330393627026,-3.029808701702509,-2.4973316174590514,0.8425045721254478,-0.0992715339244338,3.9645065882896606,-0.4439804716485085,1.323079333507163
70.0,285.0,150.20993041992188,-2.119977125671072,2.72807538584261,-4.925133036743352,-3.0220425393401995,-1.7533335043468845,0.8105386029847512,-0.1433369904410759,3.967086929468189,-0.4626098841195374,1.3287440845611092
70.0,285.0,137.7933349609375,-2.1208385462331814,2.68204542892692,-4.920799521319208,-3.029985045761085,-2.497608688864111,0.8425507551356405,-0.0991093832442536,3.964389166966398,-0.4437633536216315,1.3230187503262434
70.0,285.0,137.7959747314453,-2.120644216931636,2.6820150369451445,-4.920181814991527,-3.0317785891318687,-2.4980966353545173,0.84304016850987,-0.0997957617019394,3.964441247354891,-0.443718257821251,1.3232111881822135
70.0,285.0,137.79327392578125,-2.120131347770663,2.682221082619977,-4.920431713772275,-3.0298498572681685,-2.497601764058193,0.8425448871217996,-0.0990795806782855,3.964575385980043,-0.4437766102626975,1.3231070159122875
70.0,285.0,137.79336547851562,-2.120108572674395,2.6822669965577166,-4.9203478139813965,-3.0298842440880684,-2.4975453057890107,0.8425872167240545,-0.0990879854907296,3.964519913536592,-0.4439841996087609,1.323062607298512
70.0,285.0,140.52117919921875,-2.1272497769988306,1.774468940747441,-4.918171862643308,-3.039466282870276,-2.4890347571925453,0.8476899259151214,-0.521753245229758,3.96549093137469,-0.4572526271482879,1.3258236409937911
70.0,285.0,145.3743896484375,-2.055715787756611,3.5459383446779773,-4.926743274509718,-3.033548482115602,-2.496961460418813,0.8144829614976842,-0.053820621728324,3.954244038928831,-0.4430671415972534,1.6597223734601851
70.0,285.0,139.49063110351562,-2.127036784137281,2.6864341888011003,-4.922580773522917,-3.0061126931140665,-1.94209301285814,0.8409841124852037,-0.5625834980067171,3.962763002701845,-0.4500653814960387,1.3055394714877115
70.0,285.0,137.7938690185547,-2.1192176764827004,2.682457975948681,-4.920892361758078,-3.029897163062224,-2.498217157507705,0.8425022380987964,-0.0991178043864225,3.964049899203908,-0.4437794511309786,1.3230803765718266
70.0,285.0,137.79371643066406,-2.119592888835652,2.682255541629252,-4.921417633405637,-3.0295965567188965,-2.497425893272802,0.8426919693459544,-0.0990381236850388,3.96442485737496,-0.4440327637003587,1.323107147724064
70.0,285.0,155.14508056640625,-2.144416528898283,1.7532622941419214,-4.910340166670732,-3.045212005694971,-1.9538792327145715,0.8337103093690844,-1.0439633387742353,3.904955445319976,-0.4075869564763927,0.7623833671535221
70.0,285.0,137.7935333251953,-2.120377244223988,2.68232573130396,-4.9210422060078125,-3.030108672030188,-2.497761896142653,0.8427064838873964,-0.0990477371153467,3.964536814449924,-0.4440003785934701,1.3231058869317396
70.0,285.0,137.7935333251953,-2.119952772881428,2.6822987937414067,-4.920999477602973,-3.029992188316855,-2.497484141058762,0.8426589410058227,-0.099139918095882,3.964674606073076,-0.4440063944044309,1.3231210387389964
70.0,285.0,157.8895721435547,-2.151116586352581,1.7765067177928218,-4.954217446239854,-3.688038395004858,-2.586077377730949,0.8144731752930827,-0.6122097261475492,3.624379146848815,-0.454328507982406,0.9702287003031408
70.0,285.0,144.25840759277344,-2.1205812611711767,1.8939934790208948,-4.91887351733549,-3.0514871499131906,-2.4958625503112413,0.8462989658910076,-0.1234872513247548,3.963771008824374,-0.4581941757039363,1.6290300132492803
70.0,285.0,137.7933349609375,-2.120375522469653,2.682386922831325,-4.920967360272557,-3.029941492274356,-2.497519373080153,0.8427742249212508,-0.0990928426423479,3.964338980730429,-0.4437520590597402,1.323110512453333
70.0,285.0,155.30633544921875,-2.110355142561264,1.7355664246072802,-4.897661520156259,-3.0945963635771343,-3.0647722813398968,0.8256285834289196,-1.0204516952792135,4.389633871132414,-0.4667985076585941,0.7287559592886229
70.0,285.0,158.0673828125,-2.13478528945232,1.8441109636686763,-4.929363763692761,-3.1294766675918138,-3.0546509867568057,1.330469986782295,-1.0107985278553162,3.543151829295136,-0.4498499097984712,0.7093224768745058
70.0,285.0,151.25607299804688,-2.172037136009037,1.7295055121999343,-4.886813252907739,-3.044272093932116,-2.527211347557737,0.8736419156014977,-1.0803740810791176,4.326682419773425,-0.4568381444550614,1.020613823807618
70.0,285.0,161.64561462402344,-2.0907104113109063,3.4111353629807355,-4.9818330168432166,-3.029534449754439,-2.439648505258743,0.7708512127133247,-1.112704951575796,3.9552686350756057,-0.4460401416355501,1.300175202948463
70.0,285.0,165.263427734375,-2.025108824505472,1.819420873531608,-4.880777358367313,-3.048511178555349,-3.076473591889685,0.724041054625411,-1.045823708623605,4.79798916193166,-0.408550783489008,0.6991762171530035
70.0,285.0,137.79388427734375,-2.1197969233219003,2.682501248865924,-4.920949556040982,-3.029357062199896,-2.498212685336491,0.8427023980871142,-0.0990543932277764,3.9646719084198985,-0.444199569359356,1.3230862715750584
70.0,285.0,160.2692413330078,-1.055922459328694,1.7735920722761906,-4.937958133848109,-1.695201673496223,-3.064020344723154,0.8372423768827528,-1.0608401158966236,4.429729571994304,-0.4561175576200931,0.7202760905369371
70.0,286.0,157.60691833496094,-2.1221509371431435,1.8392303061078088,-4.902514539010984,-3.0864103908050646,-3.0538475418464337,0.8517324402109121,-1.0171489627324086,3.092931355225164,-0.4559853455206131,0.9824460715350812
70.0,286.0,161.15728759765625,-1.9534206856324816,1.7536378394229737,-4.890109816254475,-3.0956079319477503,-3.0662115030366284,0.8279698431872164,-1.019189610828445,4.304919778195342,-0.4515226464921155,0.7024576952550962
70.0,286.0,137.79428100585938,-2.119783935109113,2.68199883612094,-4.920791255228204,-3.0302030289134008,-2.4982046635914696,0.842710252766224,-0.0992809748337155,3.964488867926892,-0.4440926142988468,1.322624315397875
70.0,286.0,137.79881286621094,-2.119669692036001,2.6811326094218835,-4.920886611873569,-3.0299275304974165,-2.498711389202668,0.8426128809874882,-0.0992747121596211,3.9663282595420593,-0.4440047088496884,1.3231356733272677
70.0,286.0,137.79356384277344,-2.119889022279676,2.6819293309845573,-4.920362874087469,-3.0297775473753297,-2.4979317383109043,0.8426745636218153,-0.0990616741297744,3.964784646485304,-0.4437385965879608,1.323291136537609
70.0,286.0,150.95826721191406,-2.1262525097823337,1.7737189882144293,-4.926724315985826,-3.0259742329384216,-2.437463469842107,1.4099652745982325,-1.0262765149084487,3.9233814230264574,-0.4512474950726279,1.609887845109697
70.0,286.0,156.08035278320312,-2.1580996450789263,1.728328627406782,-4.879695436337815,-3.0850529772078543,-3.06587044186364,0.8359929899162684,-1.015638048938622,3.5437633377229565,-0.4462973345896071,0.7233871726910266
70.0,286.0,137.7932891845703,-2.120554274250577,2.6822056173959563,-4.920332985536434,-3.0299020365454563,-2.4975792081499244,0.8425545587399356,-0.0990635911997232,3.964582992355759,-0.4437529054915898,1.3230924336125232
70.0,286.0,137.79331970214844,-2.120207816155446,2.682210242738818,-4.920484413915191,-3.029413853908795,-2.4973644526338554,0.8425945757749556,-0.0993008411023954,3.964265520785848,-0.4437498126935945,1.323137060883834
70.0,286.0,137.7938690185547,-2.1197894820019507,2.682556644507335,-4.920920810427868,-3.0296890412534268,-2.4982021859095966,0.8427044705104604,-0.099069203409774,3.9642380925266063,-0.4441895330021806,1.323046092863299
70.0,286.0,137.79331970214844,-2.120019524119394,2.682201887656055,-4.920341904716381,-3.029675238964624,-2.497903027649397,0.8426384551801569,-0.0990626580418674,3.964679984712283,-0.4437193769866062,1.323105960604851
70.0,286.0,137.79383850097656,-2.1201086311162345,2.682275514467757,-4.920729700364895,-3.029734707478531,-2.49852153589854,0.8429032524521627,-0.0992980240807537,3.9647049068598825,-0.4438253792156099,1.3232305924004084
70.0,286.0,137.7944793701172,-2.119162478023433,2.6825651503848307,-4.919924049246924,-3.029384472437976,-2.4982430495717534,0.8428730614028238,-0.0990688787811511,3.963910834088728,-0.4441692886711708,1.3230902943666496
70.0,286.0,137.79335021972656,-2.1203919218146394,2.682437231997905,-4.920485125262747,-3.029881366247386,-2.497622868673018,0.8422871311207045,-0.0990812156975447,3.9645027646809248,-0.4438647995019399,1.3230205560713335
70.0,286.0,177.90628051757812,-0.9480992037287066,1.6698462529856726,-4.92126265432442,-3.066282443454009,-3.048841576344093,1.9184003846581128,-1.029547548154336,4.407033002134062,-0.5675828178794807,0.7291447687456702
70.0,286.0,137.79351806640625,-2.120298119441322,2.6822680121533686,-4.920577418333323,-3.0300509115343663,-2.49753214168146,0.8426657571689374,-0.0990649789387761,3.964469045471155,-0.4439777394118968,1.3228025124895249
70.0,286.0,137.79376220703125,-2.1202592938307543,2.682245134863045,-4.91968907596383,-3.029904202458659,-2.497105230436193,0.8425656430984244,-0.0993543995865529,3.964745927929272,-0.4438445936962369,1.3230826049722413
70.0,286.0,138.8553466796875,-2.1222250184014344,1.7859582697313516,-4.911992513925983,-3.027397375175113,-2.4919192799355665,0.8416130100114549,-0.0993832010494219,3.9665571402770703,-0.4440650734784624,1.323007832844661
70.0,286.0,137.79327392578125,-2.120353672841077,2.682205702282233,-4.920480445173131,-3.02993519660937,-2.497557783639797,0.8425648626467779,-0.0990841540670413,3.964553196461206,-0.4437592636856133,1.3231052057287809
70.0,286.0,137.79335021972656,-2.120310222673132,2.681803610253903,-4.920534582533029,-3.0299351038551774,-2.4975994315974206,0.842454786567718,-0.0991130744668482,3.964629091535953,-0.443765401417845,1.323113417226924
70.0,286.0,137.7933807373047,-2.1201206268199977,2.6821652157304543,-4.92032988438328,-3.029977086176535,-2.4974789996436755,0.8425959019621837,-0.0990848702270648,3.964487884784493,-0.4439679623752829,1.3230451231065106
70.0,286.0,137.7932891845703,-2.120562381905317,2.6822087174236,-4.9203419476407,-3.0298977692037297,-2.497638024204418,0.8425636850525982,-0.099063671328882,3.9645885010399655,-0.4437697581120619,1.3230808312242437
70.0,286.0,137.7936248779297,-2.120104102156044,2.682348376340466,-4.920916566413463,-3.030047968651232,-2.498193076935676,0.8427079317706333,-0.099055176224852,3.9645555910924646,-0.4440161045576272,1.3230966809037252
70.0,286.0,137.8399200439453,-2.1211200712606617,2.6822034077757544,-4.9158084096551695,-3.0204577670391863,-2.49712709016506,0.8425570738553552,-0.1017673932133979,3.964590421281808,-0.4437234504502901,1.3239076866072546
70.0,286.0,137.8040313720703,-2.120408970109815,2.677194219865795,-4.920518178759566,-3.0295522651027453,-2.497923889322704,0.8424846120769206,-0.1005671066814537,3.965627857050385,-0.4437767576905014,1.3232356654583088
70.0,286.0,137.91989135742188,-2.121821073873792,2.6810986143435054,-4.920619672360555,-3.0299416399731176,-2.497616974535176,0.8417145908241109,-0.1028992596269516,3.967478854603882,-0.4428789910235698,1.3231613196179048
70.0,286.0,137.79347229003906,-2.120875828412689,2.6821377571465854,-4.920330393627026,-3.029808701702509,-2.4973316174590514,0.8425045721254478,-0.0992715339244338,3.9645065882896606,-0.4439804716485085,1.323079333507163
70.0,286.0,150.20993041992188,-2.119977125671072,2.72807538584261,-4.925133036743352,-3.0220425393401995,-1.7533335043468845,0.8105386029847512,-0.1433369904410759,3.967086929468189,-0.4626098841195374,1.3287440845611092
70.0,286.0,137.79331970214844,-2.1204732432831803,2.682026030334399,-4.920505942713563,-3.030025417702344,-2.497602768048812,0.8425100407326932,-0.0990636938230478,3.964355860094157,-0.4437595856130612,1.3229893611184735
70.0,286.0,137.79559326171875,-2.120592559674991,2.682168672159962,-4.9205707856655145,-3.0318279457194297,-2.4981723588410945,0.8430250891717523,-0.0992257083487418,3.964298281906597,-0.4437232883435294,1.3230391732815583
70.0,286.0,137.79327392578125,-2.120131347770663,2.682221082619977,-4.920431713772275,-3.0298498572681685,-2.497601764058193,0.8425448871217996,-0.0990795806782855,3.964575385980043,-0.4437766102626975,1.3231070159122875
70.0,286.0,137.79336547851562,-2.120108572674395,2.6822669965577166,-4.9203478139813965,-3.0298842440880684,-2.4975453057890107,0.8425872167240545,-0.0990879854907296,3.964519913536592,-0.4439841996087609,1.323062607298512
70.0,286.0,140.52117919921875,-2.1272497769988306,1.774468940747441,-4.918171862643308,-3.039466282870276,-2.4890347571925453,0.8476899259151214,-0.521753245229758,3.96549093137469,-0.4572526271482879,1.3258236409937911
70.0,286.0,145.3743896484375,-2.055715787756611,3.5459383446779773,-4.926743274509718,-3.033548482115602,-2.496961460418813,0.8144829614976842,-0.053820621728324,3.954244038928831,-0.4430671415972534,1.6597223734601851
70.0,286.0,139.49063110351562,-2.127036784137281,2.6864341888011003,-4.922580773522917,-3.0061126931140665,-1.94209301285814,0.8409841124852037,-0.5625834980067171,3.962763002701845,-0.4500653814960387,1.3055394714877115
70.0,286.0,137.79342651367188,-2.119810943209325,2.682239360428624,-4.920388439705506,-3.029909738701231,-2.4979280560792554,0.8424971735477493,-0.0991491523452573,3.964173346241567,-0.4437891863570984,1.3230665448450365
70.0,286.0,137.79371643066406,-2.119592888835652,2.682255541629252,-4.921417633405637,-3.0295965567188965,-2.497425893272802,0.8426919693459544,-0.0990381236850388,3.96442485737496,-0.4440327637003587,1.323107147724064
70.0,286.0,155.14508056640625,-2.144416528898283,1.7532622941419214,-4.910340166670732,-3.045212005694971,-1.9538792327145715,0.8337103093690844,-1.0439633387742353,3.904955445319976,-0.4075869564763927,0.7623833671535221
70.0,286.0,137.7935333251953,-2.120377244223988,2.68232573130396,-4.9210422060078125,-3.030108672030188,-2.497761896142653,0.8427064838873964,-0.0990477371153467,3.964536814449924,-0.4440003785934701,1.3231058869317396
70.0,286.0,137.7935333251953,-2.119952772881428,2.6822987937414067,-4.920999477602973,-3.029992188316855,-2.497484141058762,0.8426589410058227,-0.099139918095882,3.964674606073076,-0.4440063944044309,1.3231210387389964
70.0,286.0,157.8895721435547,-2.151116586352581,1.7765067177928218,-4.954217446239854,-3.688038395004858,-2.586077377730949,0.8144731752930827,-0.6122097261475492,3.624379146848815,-0.454328507982406,0.9702287003031408
70.0,286.0,144.25840759277344,-2.1205812611711767,1.8939934790208948,-4.91887351733549,-3.0514871499131906,-2.4958625503112413,0.8462989658910076,-0.1234872513247548,3.963771008824374,-0.4581941757039363,1.6290300132492803
70.0,286.0,137.7933349609375,-2.120375522469653,2.682386922831325,-4.920967360272557,-3.029941492274356,-2.497519373080153,0.8427742249212508,-0.0990928426423479,3.964338980730429,-0.4437520590597402,1.323110512453333
70.0,286.0,155.30633544921875,-2.110355142561264,1.7355664246072802,-4.897661520156259,-3.0945963635771343,-3.0647722813398968,0.8256285834289196,-1.0204516952792135,4.389633871132414,-0.4667985076585941,0.7287559592886229
70.0,286.0,158.0673828125,-2.13478528945232,1.8441109636686763,-4.929363763692761,-3.1294766675918138,-3.0546509867568057,1.330469986782295,-1.0107985278553162,3.543151829295136,-0.4498499097984712,0.7093224768745058
70.0,286.0,151.25607299804688,-2.172037136009037,1.7295055121999343,-4.886813252907739,-3.044272093932116,-2.527211347557737,0.8736419156014977,-1.0803740810791176,4.326682419773425,-0.4568381444550614,1.020613823807618
70.0,286.0,161.64561462402344,-2.0907104113109063,3.4111353629807355,-4.9818330168432166,-3.029534449754439,-2.439648505258743,0.7708512127133247,-1.112704951575796,3.9552686350756057,-0.4460401416355501,1.300175202948463
70.0,286.0,165.263427734375,-2.025108824505472,1.819420873531608,-4.880777358367313,-3.048511178555349,-3.076473591889685,0.724041054625411,-1.045823708623605,4.79798916193166,-0.408550783489008,0.6991762171530035
70.0,286.0,137.79388427734375,-2.1197969233219003,2.682501248865924,-4.920949556040982,-3.029357062199896,-2.498212685336491,0.8427023980871142,-0.0990543932277764,3.9646719084198985,-0.444199569359356,1.3230862715750584
70.0,286.0,160.2692413330078,-1.055922459328694,1.7735920722761906,-4.937958133848109,-1.695201673496223,-3.064020344723154,0.8372423768827528,-1.0608401158966236,4.429729571994304,-0.4561175576200931,0.7202760905369371
70.0,287.0,157.60691833496094,-2.1221509371431435,1.8392303061078088,-4.902514539010984,-3.0864103908050646,-3.0538475418464337,0.8517324402109121,-1.0171489627324086,3.092931355225164,-0.4559853455206131,0.9824460715350812
70.0,287.0,161.15728759765625,-1.9534206856324816,1.7536378394229737,-4.890109816254475,-3.0956079319477503,-3.0662115030366284,0.8279698431872164,-1.019189610828445,4.304919778195342,-0.4515226464921155,0.7024576952550962
70.0,287.0,137.79371643066406,-2.12030586968822,2.682413293841489,-4.920227426832305,-3.030188336185122,-2.497939616992205,0.8423509394905905,-0.0991855804170234,3.964421321704065,-0.4440406578953628,1.323271528528721
70.0,287.0,137.79881286621094,-2.119669692036001,2.6811326094218835,-4.920886611873569,-3.0299275304974165,-2.498711389202668,0.8426128809874882,-0.0992747121596211,3.9663282595420593,-0.4440047088496884,1.3231356733272677
70.0,287.0,137.79356384277344,-2.119889022279676,2.6819293309845573,-4.920362874087469,-3.0297775473753297,-2.4979317383109043,0.8426745636218153,-0.0990616741297744,3.964784646485304,-0.4437385965879608,1.323291136537609
70.0,287.0,150.95826721191406,-2.1262525097823337,1.7737189882144293,-4.926724315985826,-3.0259742329384216,-2.437463469842107,1.4099652745982325,-1.0262765149084487,3.9233814230264574,-0.4512474950726279,1.609887845109697
70.0,287.0,156.08035278320312,-2.1580996450789263,1.728328627406782,-4.879695436337815,-3.0850529772078543,-3.06587044186364,0.8359929899162684,-1.015638048938622,3.5437633377229565,-0.4462973345896071,0.7233871726910266
70.0,287.0,137.7932891845703,-2.120554274250577,2.6822056173959563,-4.920332985536434,-3.0299020365454563,-2.4975792081499244,0.8425545587399356,-0.0990635911997232,3.964582992355759,-0.4437529054915898,1.3230924336125232
70.0,287.0,137.79331970214844,-2.120207816155446,2.682210242738818,-4.920484413915191,-3.029413853908795,-2.4973644526338554,0.8425945757749556,-0.0993008411023954,3.964265520785848,-0.4437498126935945,1.323137060883834
70.0,287.0,137.7938690185547,-2.1197894820019507,2.682556644507335,-4.920920810427868,-3.0296890412534268,-2.4982021859095966,0.8427044705104604,-0.099069203409774,3.9642380925266063,-0.4441895330021806,1.323046092863299
70.0,287.0,137.79331970214844,-2.120019524119394,2.682201887656055,-4.920341904716381,-3.029675238964624,-2.497903027649397,0.8426384551801569,-0.0990626580418674,3.964679984712283,-0.4437193769866062,1.323105960604851
70.0,287.0,137.79383850097656,-2.1201086311162345,2.682275514467757,-4.920729700364895,-3.029734707478531,-2.49852153589854,0.8429032524521627,-0.0992980240807537,3.9647049068598825,-0.4438253792156099,1.3232305924004084
70.0,287.0,137.7944793701172,-2.119162478023433,2.6825651503848307,-4.919924049246924,-3.029384472437976,-2.4982430495717534,0.8428730614028238,-0.0990688787811511,3.963910834088728,-0.4441692886711708,1.3230902943666496
70.0,287.0,137.79331970214844,-2.1203801009003245,2.682584814078236,-4.920714253335815,-3.029854935609569,-2.497776817396101,0.8425550669605997,-0.0990865876068884,3.9645365496601097,-0.4437568756461603,1.323191728120497
70.0,287.0,177.90628051757812,-0.9480992037287066,1.6698462529856726,-4.92126265432442,-3.066282443454009,-3.048841576344093,1.9184003846581128,-1.029547548154336,4.407033002134062,-0.5675828178794807,0.7291447687456702
70.0,287.0,137.79351806640625,-2.120298119441322,2.6822680121533686,-4.920577418333323,-3.0300509115343663,-2.49753214168146,0.8426657571689374,-0.0990649789387761,3.964469045471155,-0.4439777394118968,1.3228025124895249
70.0,287.0,137.7934112548828,-2.1205734641714225,2.682254918379184,-4.920780214308109,-3.029957147031415,-2.497254643488962,0.8425525273796168,-0.0992632620961706,3.964487302890329,-0.4438575705715746,1.3230736045355211
70.0,287.0,138.8553466796875,-2.1222250184014344,1.7859582697313516,-4.911992513925983,-3.027397375175113,-2.4919192799355665,0.8416130100114549,-0.0993832010494219,3.9665571402770703,-0.4440650734784624,1.323007832844661
70.0,287.0,137.79327392578125,-2.120353672841077,2.682205702282233,-4.920480445173131,-3.02993519660937,-2.497557783639797,0.8425648626467779,-0.0990841540670413,3.964553196461206,-0.4437592636856133,1.3231052057287809
70.0,287.0,137.79327392578125,-2.1203372182803406,2.682234338681103,-4.920430657421634,-3.0299492837426767,-2.497518870131844,0.8425470308851409,-0.0991020914534942,3.964455486566559,-0.4437659229575926,1.32311064410208
70.0,287.0,137.7933807373047,-2.1201206268199977,2.6821652157304543,-4.92032988438328,-3.029977086176535,-2.4974789996436755,0.8425959019621837,-0.0990848702270648,3.964487884784493,-0.4439679623752829,1.3230451231065106
70.0,287.0,137.7932891845703,-2.120562381905317,2.6822087174236,-4.9203419476407,-3.0298977692037297,-2.497638024204418,0.8425636850525982,-0.099063671328882,3.9645885010399655,-0.4437697581120619,1.3230808312242437
70.0,287.0,137.7936248779297,-2.120104102156044,2.682348376340466,-4.920916566413463,-3.030047968651232,-2.498193076935676,0.8427079317706333,-0.099055176224852,3.9645555910924646,-0.4440161045576272,1.3230966809037252
70.0,287.0,137.8399200439453,-2.1211200712606617,2.6822034077757544,-4.9158084096551695,-3.0204577670391863,-2.49712709016506,0.8425570738553552,-0.1017673932133979,3.964590421281808,-0.4437234504502901,1.3239076866072546
70.0,287.0,137.8040313720703,-2.120408970109815,2.677194219865795,-4.920518178759566,-3.0295522651027453,-2.497923889322704,0.8424846120769206,-0.1005671066814537,3.965627857050385,-0.4437767576905014,1.3232356654583088
70.0,287.0,137.91989135742188,-2.121821073873792,2.6810986143435054,-4.920619672360555,-3.0299416399731176,-2.497616974535176,0.8417145908241109,-0.1028992596269516,3.967478854603882,-0.4428789910235698,1.3231613196179048
70.0,287.0,137.79347229003906,-2.120875828412689,2.6821377571465854,-4.920330393627026,-3.029808701702509,-2.4973316174590514,0.8425045721254478,-0.0992715339244338,3.9645065882896606,-0.4439804716485085,1.323079333507163
70.0,287.0,150.20993041992188,-2.119977125671072,2.72807538584261,-4.925133036743352,-3.0220425393401995,-1.7533335043468845,0.8105386029847512,-0.1433369904410759,3.967086929468189,-0.4626098841195374,1.3287440845611092
70.0,287.0,137.79331970214844,-2.1204732432831803,2.682026030334399,-4.920505942713563,-3.030025417702344,-2.497602768048812,0.8425100407326932,-0.0990636938230478,3.964355860094157,-0.4437595856130612,1.3229893611184735
70.0,287.0,137.79408264160156,-2.1200480701910904,2.6822733969969605,-4.920624634714197,-3.029725874301019,-2.497953894223228,0.8422832764638813,-0.0991980572701051,3.9636280209801455,-0.4437563152853723,1.3230165687477744
70.0,287.0,137.79327392578125,-2.120131347770663,2.682221082619977,-4.920431713772275,-3.0298498572681685,-2.497601764058193,0.8425448871217996,-0.0990795806782855,3.964575385980043,-0.4437766102626975,1.3231070159122875
70.0,287.0,137.79336547851562,-2.120108572674395,2.6822669965577166,-4.9203478139813965,-3.0298842440880684,-2.4975453057890107,0.8425872167240545,-0.0990879854907296,3.964519913536592,-0.4439841996087609,1.323062607298512
70.0,287.0,140.52117919921875,-2.1272497769988306,1.774468940747441,-4.918171862643308,-3.039466282870276,-2.4890347571925453,0.8476899259151214,-0.521753245229758,3.96549093137469,-0.4572526271482879,1.3258236409937911
70.0,287.0,145.3743896484375,-2.055715787756611,3.5459383446779773,-4.926743274509718,-3.033548482115602,-2.496961460418813,0.8144829614976842,-0.053820621728324,3.954244038928831,-0.4430671415972534,1.6597223734601851
70.0,287.0,139.49063110351562,-2.127036784137281,2.6864341888011003,-4.922580773522917,-3.0061126931140665,-1.94209301285814,0.8409841124852037,-0.5625834980067171,3.962763002701845,-0.4500653814960387,1.3055394714877115
70.0,287.0,137.7933807373047,-2.1207768040507897,2.682133411510795,-4.9202806016438885,-3.02993672708181,-2.4978302219858435,0.8425520058583094,-0.0991589795111696,3.9646308636304592,-0.4437938144671052,1.323063775178182
70.0,287.0,137.79371643066406,-2.119592888835652,2.682255541629252,-4.921417633405637,-3.0295965567188965,-2.497425893272802,0.8426919693459544,-0.0990381236850388,3.96442485737496,-0.4440327637003587,1.323107147724064
70.0,287.0,155.14508056640625,-2.144416528898283,1.7532622941419214,-4.910340166670732,-3.045212005694971,-1.9538792327145715,0.8337103093690844,-1.0439633387742353,3.904955445319976,-0.4075869564763927,0.7623833671535221
70.0,287.0,137.7935333251953,-2.120377244223988,2.68232573130396,-4.9210422060078125,-3.030108672030188,-2.497761896142653,0.8427064838873964,-0.0990477371153467,3.964536814449924,-0.4440003785934701,1.3231058869317396
70.0,287.0,137.7935333251953,-2.119952772881428,2.6822987937414067,-4.920999477602973,-3.029992188316855,-2.497484141058762,0.8426589410058227,-0.099139918095882,3.964674606073076,-0.4440063944044309,1.3231210387389964
70.0,287.0,157.8895721435547,-2.151116586352581,1.7765067177928218,-4.954217446239854,-3.688038395004858,-2.586077377730949,0.8144731752930827,-0.6122097261475492,3.624379146848815,-0.454328507982406,0.9702287003031408
70.0,287.0,144.25840759277344,-2.1205812611711767,1.8939934790208948,-4.91887351733549,-3.0514871499131906,-2.4958625503112413,0.8462989658910076,-0.1234872513247548,3.963771008824374,-0.4581941757039363,1.6290300132492803
70.0,287.0,137.7933349609375,-2.120375522469653,2.682386922831325,-4.920967360272557,-3.029941492274356,-2.497519373080153,0.8427742249212508,-0.0990928426423479,3.964338980730429,-0.4437520590597402,1.323110512453333
70.0,287.0,155.30633544921875,-2.110355142561264,1.7355664246072802,-4.897661520156259,-3.0945963635771343,-3.0647722813398968,0.8256285834289196,-1.0204516952792135,4.389633871132414,-0.4667985076585941,0.7287559592886229
70.0,287.0,158.0673828125,-2.13478528945232,1.8441109636686763,-4.929363763692761,-3.1294766675918138,-3.0546509867568057,1.330469986782295,-1.0107985278553162,3.543151829295136,-0.4498499097984712,0.7093224768745058
70.0,287.0,151.25607299804688,-2.172037136009037,1.7295055121999343,-4.886813252907739,-3.044272093932116,-2.527211347557737,0.8736419156014977,-1.0803740810791176,4.326682419773425,-0.4568381444550614,1.020613823807618
70.0,287.0,161.64561462402344,-2.0907104113109063,3.4111353629807355,-4.9818330168432166,-3.029534449754439,-2.439648505258743,0.7708512127133247,-1.112704951575796,3.9552686350756057,-0.4460401416355501,1.300175202948463
70.0,287.0,165.263427734375,-2.025108824505472,1.819420873531608,-4.880777358367313,-3.048511178555349,-3.076473591889685,0.724041054625411,-1.045823708623605,4.79798916193166,-0.408550783489008,0.6991762171530035
70.0,287.0,137.79388427734375,-2.1197969233219003,2.682501248865924,-4.920949556040982,-3.029357062199896,-2.498212685336491,0.8427023980871142,-0.0990543932277764,3.9646719084198985,-0.444199569359356,1.3230862715750584
70.0,287.0,160.2692413330078,-1.055922459328694,1.7735920722761906,-4.937958133848109,-1.695201673496223,-3.064020344723154,0.8372423768827528,-1.0608401158966236,4.429729571994304,-0.4561175576200931,0.7202760905369371
70.0,288.0,157.60691833496094,-2.1221509371431435,1.8392303061078088,-4.902514539010984,-3.0864103908050646,-3.0538475418464337,0.8517324402109121,-1.0171489627324086,3.092931355225164,-0.4559853455206131,0.9824460715350812
70.0,288.0,161.15728759765625,-1.9534206856324816,1.7536378394229737,-4.890109816254475,-3.0956079319477503,-3.0662115030366284,0.8279698431872164,-1.019189610828445,4.304919778195342,-0.4515226464921155,0.7024576952550962
70.0,288.0,137.79371643066406,-2.12030586968822,2.682413293841489,-4.920227426832305,-3.030188336185122,-2.497939616992205,0.8423509394905905,-0.0991855804170234,3.964421321704065,-0.4440406578953628,1.323271528528721
70.0,288.0,137.79881286621094,-2.119669692036001,2.6811326094218835,-4.920886611873569,-3.0299275304974165,-2.498711389202668,0.8426128809874882,-0.0992747121596211,3.9663282595420593,-0.4440047088496884,1.3231356733272677
70.0,288.0,137.79356384277344,-2.119889022279676,2.6819293309845573,-4.920362874087469,-3.0297775473753297,-2.4979317383109043,0.8426745636218153,-0.0990616741297744,3.964784646485304,-0.4437385965879608,1.323291136537609
70.0,288.0,150.95826721191406,-2.1262525097823337,1.7737189882144293,-4.926724315985826,-3.0259742329384216,-2.437463469842107,1.4099652745982325,-1.0262765149084487,3.9233814230264574,-0.4512474950726279,1.609887845109697
70.0,288.0,156.08035278320312,-2.1580996450789263,1.728328627406782,-4.879695436337815,-3.0850529772078543,-3.06587044186364,0.8359929899162684,-1.015638048938622,3.5437633377229565,-0.4462973345896071,0.7233871726910266
70.0,288.0,137.7932891845703,-2.120554274250577,2.6822056173959563,-4.920332985536434,-3.0299020365454563,-2.4975792081499244,0.8425545587399356,-0.0990635911997232,3.964582992355759,-0.4437529054915898,1.3230924336125232
70.0,288.0,137.79331970214844,-2.120207816155446,2.682210242738818,-4.920484413915191,-3.029413853908795,-2.4973644526338554,0.8425945757749556,-0.0993008411023954,3.964265520785848,-0.4437498126935945,1.323137060883834
70.0,288.0,137.7938690185547,-2.1197894820019507,2.682556644507335,-4.920920810427868,-3.0296890412534268,-2.4982021859095966,0.8427044705104604,-0.099069203409774,3.9642380925266063,-0.4441895330021806,1.323046092863299
70.0,288.0,137.79331970214844,-2.120019524119394,2.682201887656055,-4.920341904716381,-3.029675238964624,-2.497903027649397,0.8426384551801569,-0.0990626580418674,3.964679984712283,-0.4437193769866062,1.323105960604851
70.0,288.0,137.79383850097656,-2.1201086311162345,2.682275514467757,-4.920729700364895,-3.029734707478531,-2.49852153589854,0.8429032524521627,-0.0992980240807537,3.9647049068598825,-0.4438253792156099,1.3232305924004084
70.0,288.0,137.7944793701172,-2.119162478023433,2.6825651503848307,-4.919924049246924,-3.029384472437976,-2.4982430495717534,0.8428730614028238,-0.0990688787811511,3.963910834088728,-0.4441692886711708,1.3230902943666496
70.0,288.0,137.79331970214844,-2.1203801009003245,2.682584814078236,-4.920714253335815,-3.029854935609569,-2.497776817396101,0.8425550669605997,-0.0990865876068884,3.9645365496601097,-0.4437568756461603,1.323191728120497
70.0,288.0,177.90628051757812,-0.9480992037287066,1.6698462529856726,-4.92126265432442,-3.066282443454009,-3.048841576344093,1.9184003846581128,-1.029547548154336,4.407033002134062,-0.5675828178794807,0.7291447687456702
70.0,288.0,137.79351806640625,-2.120298119441322,2.6822680121533686,-4.920577418333323,-3.0300509115343663,-2.49753214168146,0.8426657571689374,-0.0990649789387761,3.964469045471155,-0.4439777394118968,1.3228025124895249
70.0,288.0,137.7934112548828,-2.1205734641714225,2.682254918379184,-4.920780214308109,-3.029957147031415,-2.497254643488962,0.8425525273796168,-0.0992632620961706,3.964487302890329,-0.4438575705715746,1.3230736045355211
70.0,288.0,138.8553466796875,-2.1222250184014344,1.7859582697313516,-4.911992513925983,-3.027397375175113,-2.4919192799355665,0.8416130100114549,-0.0993832010494219,3.9665571402770703,-0.4440650734784624,1.323007832844661
70.0,288.0,137.79327392578125,-2.120353672841077,2.682205702282233,-4.920480445173131,-3.02993519660937,-2.497557783639797,0.8425648626467779,-0.0990841540670413,3.964553196461206,-0.4437592636856133,1.3231052057287809
70.0,288.0,137.79327392578125,-2.1203372182803406,2.682234338681103,-4.920430657421634,-3.0299492837426767,-2.497518870131844,0.8425470308851409,-0.0991020914534942,3.964455486566559,-0.4437659229575926,1.32311064410208
70.0,288.0,137.7933807373047,-2.1201206268199977,2.6821652157304543,-4.92032988438328,-3.029977086176535,-2.4974789996436755,0.8425959019621837,-0.0990848702270648,3.964487884784493,-0.4439679623752829,1.3230451231065106
70.0,288.0,137.7932891845703,-2.120562381905317,2.6822087174236,-4.9203419476407,-3.0298977692037297,-2.497638024204418,0.8425636850525982,-0.099063671328882,3.9645885010399655,-0.4437697581120619,1.3230808312242437
70.0,288.0,137.7936248779297,-2.120104102156044,2.682348376340466,-4.920916566413463,-3.030047968651232,-2.498193076935676,0.8427079317706333,-0.099055176224852,3.9645555910924646,-0.4440161045576272,1.3230966809037252
70.0,288.0,137.8399200439453,-2.1211200712606617,2.6822034077757544,-4.9158084096551695,-3.0204577670391863,-2.49712709016506,0.8425570738553552,-0.1017673932133979,3.964590421281808,-0.4437234504502901,1.3239076866072546
70.0,288.0,137.8040313720703,-2.120408970109815,2.677194219865795,-4.920518178759566,-3.0295522651027453,-2.497923889322704,0.8424846120769206,-0.1005671066814537,3.965627857050385,-0.4437767576905014,1.3232356654583088
70.0,288.0,137.85903930664062,-2.122557778821333,2.6846700662426053,-4.920441983659665,-3.029894327936524,-2.497557623100269,0.84236175176014,-0.1037125777615082,3.9643420761229615,-0.4489384195398858,1.323111526607716
70.0,288.0,137.79347229003906,-2.120875828412689,2.6821377571465854,-4.920330393627026,-3.029808701702509,-2.4973316174590514,0.8425045721254478,-0.0992715339244338,3.9645065882896606,-0.4439804716485085,1.323079333507163
70.0,288.0,149.90969848632812,-2.120687773224076,2.470901889899653,-4.920636658163512,-3.026583337083572,-2.477534242293383,0.8357723793689146,-0.1086415514361803,3.964541467825039,-0.4390158167112594,1.3229635036775351
70.0,288.0,137.79331970214844,-2.1204732432831803,2.682026030334399,-4.920505942713563,-3.030025417702344,-2.497602768048812,0.8425100407326932,-0.0990636938230478,3.964355860094157,-0.4437595856130612,1.3229893611184735
70.0,288.0,137.79403686523438,-2.1202717198443164,2.6822941754328373,-4.920358732065621,-3.02933069569253,-2.497594730280061,0.8420460387644264,-0.0991327442981468,3.963714908060156,-0.4437714880632057,1.3231175992206283
70.0,288.0,137.79327392578125,-2.120131347770663,2.682221082619977,-4.920431713772275,-3.0298498572681685,-2.497601764058193,0.8425448871217996,-0.0990795806782855,3.964575385980043,-0.4437766102626975,1.3231070159122875
70.0,288.0,137.79336547851562,-2.120108572674395,2.6822669965577166,-4.9203478139813965,-3.0298842440880684,-2.4975453057890107,0.8425872167240545,-0.0990879854907296,3.964519913536592,-0.4439841996087609,1.323062607298512
70.0,288.0,140.52117919921875,-2.1272497769988306,1.774468940747441,-4.918171862643308,-3.039466282870276,-2.4890347571925453,0.8476899259151214,-0.521753245229758,3.96549093137469,-0.4572526271482879,1.3258236409937911
70.0,288.0,145.3743896484375,-2.055715787756611,3.5459383446779773,-4.926743274509718,-3.033548482115602,-2.496961460418813,0.8144829614976842,-0.053820621728324,3.954244038928831,-0.4430671415972534,1.6597223734601851
70.0,288.0,139.49063110351562,-2.127036784137281,2.6864341888011003,-4.922580773522917,-3.0061126931140665,-1.94209301285814,0.8409841124852037,-0.5625834980067171,3.962763002701845,-0.4500653814960387,1.3055394714877115
70.0,288.0,137.7933807373047,-2.1207768040507897,2.682133411510795,-4.9202806016438885,-3.02993672708181,-2.4978302219858435,0.8425520058583094,-0.0991589795111696,3.9646308636304592,-0.4437938144671052,1.323063775178182
70.0,288.0,137.79331970214844,-2.1201703363691853,2.6822343324636413,-4.920482935128388,-3.029076955056172,-2.497440077425805,0.8425494786908989,-0.099133349565222,3.9645532639331424,-0.443713438618343,1.323095153069533
70.0,288.0,155.14508056640625,-2.144416528898283,1.7532622941419214,-4.910340166670732,-3.045212005694971,-1.9538792327145715,0.8337103093690844,-1.0439633387742353,3.904955445319976,-0.4075869564763927,0.7623833671535221
70.0,288.0,137.7935333251953,-2.120377244223988,2.68232573130396,-4.9210422060078125,-3.030108672030188,-2.497761896142653,0.8427064838873964,-0.0990477371153467,3.964536814449924,-0.4440003785934701,1.3231058869317396
70.0,288.0,137.7935333251953,-2.119952772881428,2.6822987937414067,-4.920999477602973,-3.029992188316855,-2.497484141058762,0.8426589410058227,-0.099139918095882,3.964674606073076,-0.4440063944044309,1.3231210387389964
70.0,288.0,157.8895721435547,-2.151116586352581,1.7765067177928218,-4.954217446239854,-3.688038395004858,-2.586077377730949,0.8144731752930827,-0.6122097261475492,3.624379146848815,-0.454328507982406,0.9702287003031408
70.0,288.0,144.25840759277344,-2.1205812611711767,1.8939934790208948,-4.91887351733549,-3.0514871499131906,-2.4958625503112413,0.8462989658910076,-0.1234872513247548,3.963771008824374,-0.4581941757039363,1.6290300132492803
70.0,288.0,137.7933349609375,-2.120375522469653,2.682386922831325,-4.920967360272557,-3.029941492274356,-2.497519373080153,0.8427742249212508,-0.0990928426423479,3.964338980730429,-0.4437520590597402,1.323110512453333
70.0,288.0,155.30633544921875,-2.110355142561264,1.7355664246072802,-4.897661520156259,-3.0945963635771343,-3.0647722813398968,0.8256285834289196,-1.0204516952792135,4.389633871132414,-0.4667985076585941,0.7287559592886229
70.0,288.0,158.0673828125,-2.13478528945232,1.8441109636686763,-4.929363763692761,-3.1294766675918138,-3.0546509867568057,1.330469986782295,-1.0107985278553162,3.543151829295136,-0.4498499097984712,0.7093224768745058
70.0,288.0,151.25607299804688,-2.172037136009037,1.7295055121999343,-4.886813252907739,-3.044272093932116,-2.527211347557737,0.8736419156014977,-1.0803740810791176,4.326682419773425,-0.4568381444550614,1.020613823807618
70.0,288.0,161.64561462402344,-2.0907104113109063,3.4111353629807355,-4.9818330168432166,-3.029534449754439,-2.439648505258743,0.7708512127133247,-1.112704951575796,3.9552686350756057,-0.4460401416355501,1.300175202948463
70.0,288.0,165.263427734375,-2.025108824505472,1.819420873531608,-4.880777358367313,-3.048511178555349,-3.076473591889685,0.724041054625411,-1.045823708623605,4.79798916193166,-0.408550783489008,0.6991762171530035
70.0,288.0,137.79388427734375,-2.1197969233219003,2.682501248865924,-4.920949556040982,-3.029357062199896,-2.498212685336491,0.8427023980871142,-0.0990543932277764,3.9646719084198985,-0.444199569359356,1.3230862715750584
70.0,288.0,160.2692413330078,-1.055922459328694,1.7735920722761906,-4.937958133848109,-1.695201673496223,-3.064020344723154,0.8372423768827528,-1.0608401158966236,4.429729571994304,-0.4561175576200931,0.7202760905369371
70.0,289.0,157.60691833496094,-2.1221509371431435,1.8392303061078088,-4.902514539010984,-3.0864103908050646,-3.0538475418464337,0.8517324402109121,-1.0171489627324086,3.092931355225164,-0.4559853455206131,0.9824460715350812
70.0,289.0,161.15728759765625,-1.9534206856324816,1.7536378394229737,-4.890109816254475,-3.0956079319477503,-3.0662115030366284,0.8279698431872164,-1.019189610828445,4.304919778195342,-0.4515226464921155,0.7024576952550962
70.0,289.0,137.79345703125,-2.1203609848314344,2.6822425869553266,-4.920324554030359,-3.02988635463489,-2.497347753275747,0.8425167322440958,-0.0990983757048344,3.964586456288573,-0.4439423433403696,1.322880492455272
70.0,289.0,137.79881286621094,-2.119669692036001,2.6811326094218835,-4.920886611873569,-3.0299275304974165,-2.498711389202668,0.8426128809874882,-0.0992747121596211,3.9663282595420593,-0.4440047088496884,1.3231356733272677
70.0,289.0,137.79356384277344,-2.119889022279676,2.6819293309845573,-4.920362874087469,-3.0297775473753297,-2.4979317383109043,0.8426745636218153,-0.0990616741297744,3.964784646485304,-0.4437385965879608,1.323291136537609
70.0,289.0,150.95826721191406,-2.1262525097823337,1.7737189882144293,-4.926724315985826,-3.0259742329384216,-2.437463469842107,1.4099652745982325,-1.0262765149084487,3.9233814230264574,-0.4512474950726279,1.609887845109697
70.0,289.0,156.08035278320312,-2.1580996450789263,1.728328627406782,-4.879695436337815,-3.0850529772078543,-3.06587044186364,0.8359929899162684,-1.015638048938622,3.5437633377229565,-0.4462973345896071,0.7233871726910266
70.0,289.0,137.7932891845703,-2.120554274250577,2.6822056173959563,-4.920332985536434,-3.0299020365454563,-2.4975792081499244,0.8425545587399356,-0.0990635911997232,3.964582992355759,-0.4437529054915898,1.3230924336125232
70.0,289.0,137.79331970214844,-2.120207816155446,2.682210242738818,-4.920484413915191,-3.029413853908795,-2.4973644526338554,0.8425945757749556,-0.0993008411023954,3.964265520785848,-0.4437498126935945,1.323137060883834
70.0,289.0,137.7938690185547,-2.1197894820019507,2.682556644507335,-4.920920810427868,-3.0296890412534268,-2.4982021859095966,0.8427044705104604,-0.099069203409774,3.9642380925266063,-0.4441895330021806,1.323046092863299
70.0,289.0,137.79331970214844,-2.120019524119394,2.682201887656055,-4.920341904716381,-3.029675238964624,-2.497903027649397,0.8426384551801569,-0.0990626580418674,3.964679984712283,-0.4437193769866062,1.323105960604851
70.0,289.0,137.79383850097656,-2.1201086311162345,2.682275514467757,-4.920729700364895,-3.029734707478531,-2.49852153589854,0.8429032524521627,-0.0992980240807537,3.9647049068598825,-0.4438253792156099,1.3232305924004084
70.0,289.0,137.79364013671875,-2.120854208980961,2.682221285242944,-4.9202974332831255,-3.029412255752713,-2.497570761055991,0.8424901600865607,-0.0992263493981077,3.964435710675168,-0.4437780837784957,1.3226713883785526
70.0,289.0,137.79331970214844,-2.1203801009003245,2.682584814078236,-4.920714253335815,-3.029854935609569,-2.497776817396101,0.8425550669605997,-0.0990865876068884,3.9645365496601097,-0.4437568756461603,1.323191728120497
70.0,289.0,177.90628051757812,-0.9480992037287066,1.6698462529856726,-4.92126265432442,-3.066282443454009,-3.048841576344093,1.9184003846581128,-1.029547548154336,4.407033002134062,-0.5675828178794807,0.7291447687456702
70.0,289.0,137.79351806640625,-2.120298119441322,2.6822680121533686,-4.920577418333323,-3.0300509115343663,-2.49753214168146,0.8426657571689374,-0.0990649789387761,3.964469045471155,-0.4439777394118968,1.3228025124895249
70.0,289.0,137.7934112548828,-2.1205734641714225,2.682254918379184,-4.920780214308109,-3.029957147031415,-2.497254643488962,0.8425525273796168,-0.0992632620961706,3.964487302890329,-0.4438575705715746,1.3230736045355211
70.0,289.0,138.8553466796875,-2.1222250184014344,1.7859582697313516,-4.911992513925983,-3.027397375175113,-2.4919192799355665,0.8416130100114549,-0.0993832010494219,3.9665571402770703,-0.4440650734784624,1.323007832844661
70.0,289.0,137.79327392578125,-2.120353672841077,2.682205702282233,-4.920480445173131,-3.02993519660937,-2.497557783639797,0.8425648626467779,-0.0990841540670413,3.964553196461206,-0.4437592636856133,1.3231052057287809
70.0,289.0,137.79327392578125,-2.1203372182803406,2.682234338681103,-4.920430657421634,-3.0299492837426767,-2.497518870131844,0.8425470308851409,-0.0991020914534942,3.964455486566559,-0.4437659229575926,1.32311064410208
70.0,289.0,137.7933807373047,-2.1201206268199977,2.6821652157304543,-4.92032988438328,-3.029977086176535,-2.4974789996436755,0.8425959019621837,-0.0990848702270648,3.964487884784493,-0.4439679623752829,1.3230451231065106
70.0,289.0,137.7932891845703,-2.120562381905317,2.6822087174236,-4.9203419476407,-3.0298977692037297,-2.497638024204418,0.8425636850525982,-0.099063671328882,3.9645885010399655,-0.4437697581120619,1.3230808312242437
70.0,289.0,137.7936248779297,-2.120104102156044,2.682348376340466,-4.920916566413463,-3.030047968651232,-2.498193076935676,0.8427079317706333,-0.099055176224852,3.9645555910924646,-0.4440161045576272,1.3230966809037252
70.0,289.0,137.8399200439453,-2.1211200712606617,2.6822034077757544,-4.9158084096551695,-3.0204577670391863,-2.49712709016506,0.8425570738553552,-0.1017673932133979,3.964590421281808,-0.4437234504502901,1.3239076866072546
70.0,289.0,137.8040313720703,-2.120408970109815,2.677194219865795,-4.920518178759566,-3.0295522651027453,-2.497923889322704,0.8424846120769206,-0.1005671066814537,3.965627857050385,-0.4437767576905014,1.3232356654583088
70.0,289.0,137.83572387695312,-2.122652920491721,2.6860266308471434,-4.920491933516713,-3.0299134190942265,-2.497539240076407,0.8426826547416194,-0.1022713702593774,3.963689547232095,-0.4476957433217876,1.323091054050101
70.0,289.0,137.79347229003906,-2.120875828412689,2.6821377571465854,-4.920330393627026,-3.029808701702509,-2.4973316174590514,0.8425045721254478,-0.0992715339244338,3.9645065882896606,-0.4439804716485085,1.323079333507163
70.0,289.0,149.90969848632812,-2.120687773224076,2.470901889899653,-4.920636658163512,-3.026583337083572,-2.477534242293383,0.8357723793689146,-0.1086415514361803,3.964541467825039,-0.4390158167112594,1.3229635036775351
70.0,289.0,137.79331970214844,-2.1204732432831803,2.682026030334399,-4.920505942713563,-3.030025417702344,-2.497602768048812,0.8425100407326932,-0.0990636938230478,3.964355860094157,-0.4437595856130612,1.3229893611184735
70.0,289.0,137.79403686523438,-2.1202717198443164,2.6822941754328373,-4.920358732065621,-3.02933069569253,-2.497594730280061,0.8420460387644264,-0.0991327442981468,3.963714908060156,-0.4437714880632057,1.3231175992206283
70.0,289.0,137.7932586669922,-2.120036149058624,2.6822102573907034,-4.920579652066272,-3.029853805796409,-2.4975165605839407,0.842535814917811,-0.099093286038777,3.964518597248628,-0.443767212851432,1.3231053505021644
70.0,289.0,137.79336547851562,-2.120108572674395,2.6822669965577166,-4.9203478139813965,-3.0298842440880684,-2.4975453057890107,0.8425872167240545,-0.0990879854907296,3.964519913536592,-0.4439841996087609,1.323062607298512
70.0,289.0,140.52117919921875,-2.1272497769988306,1.774468940747441,-4.918171862643308,-3.039466282870276,-2.4890347571925453,0.8476899259151214,-0.521753245229758,3.96549093137469,-0.4572526271482879,1.3258236409937911
70.0,289.0,145.3743896484375,-2.055715787756611,3.5459383446779773,-4.926743274509718,-3.033548482115602,-2.496961460418813,0.8144829614976842,-0.053820621728324,3.954244038928831,-0.4430671415972534,1.6597223734601851
70.0,289.0,139.49063110351562,-2.127036784137281,2.6864341888011003,-4.922580773522917,-3.0061126931140665,-1.94209301285814,0.8409841124852037,-0.5625834980067171,3.962763002701845,-0.4500653814960387,1.3055394714877115
70.0,289.0,137.79330444335938,-2.1205072922646147,2.682064321270928,-4.920369395921201,-3.0299204482077644,-2.497825939393929,0.8424958966073361,-0.099087126434485,3.964536159563605,-0.4437594353988583,1.3230140321519634
70.0,289.0,137.79331970214844,-2.1201703363691853,2.6822343324636413,-4.920482935128388,-3.029076955056172,-2.497440077425805,0.8425494786908989,-0.099133349565222,3.9645532639331424,-0.443713438618343,1.323095153069533
70.0,289.0,155.14508056640625,-2.144416528898283,1.7532622941419214,-4.910340166670732,-3.045212005694971,-1.9538792327145715,0.8337103093690844,-1.0439633387742353,3.904955445319976,-0.4075869564763927,0.7623833671535221
70.0,289.0,137.7935333251953,-2.120377244223988,2.68232573130396,-4.9210422060078125,-3.030108672030188,-2.497761896142653,0.8427064838873964,-0.0990477371153467,3.964536814449924,-0.4440003785934701,1.3231058869317396
70.0,289.0,137.7935333251953,-2.119952772881428,2.6822987937414067,-4.920999477602973,-3.029992188316855,-2.497484141058762,0.8426589410058227,-0.099139918095882,3.964674606073076,-0.4440063944044309,1.3231210387389964
70.0,289.0,157.8895721435547,-2.151116586352581,1.7765067177928218,-4.954217446239854,-3.688038395004858,-2.586077377730949,0.8144731752930827,-0.6122097261475492,3.624379146848815,-0.454328507982406,0.9702287003031408
70.0,289.0,144.25840759277344,-2.1205812611711767,1.8939934790208948,-4.91887351733549,-3.0514871499131906,-2.4958625503112413,0.8462989658910076,-0.1234872513247548,3.963771008824374,-0.4581941757039363,1.6290300132492803
70.0,289.0,137.7933349609375,-2.120375522469653,2.682386922831325,-4.920967360272557,-3.029941492274356,-2.497519373080153,0.8427742249212508,-0.0990928426423479,3.964338980730429,-0.4437520590597402,1.323110512453333
70.0,289.0,155.30633544921875,-2.110355142561264,1.7355664246072802,-4.897661520156259,-3.0945963635771343,-3.0647722813398968,0.8256285834289196,-1.0204516952792135,4.389633871132414,-0.4667985076585941,0.7287559592886229
70.0,289.0,158.0673828125,-2.13478528945232,1.8441109636686763,-4.929363763692761,-3.1294766675918138,-3.0546509867568057,1.330469986782295,-1.0107985278553162,3.543151829295136,-0.4498499097984712,0.7093224768745058
70.0,289.0,151.25607299804688,-2.172037136009037,1.7295055121999343,-4.886813252907739,-3.044272093932116,-2.527211347557737,0.8736419156014977,-1.0803740810791176,4.326682419773425,-0.4568381444550614,1.020613823807618
70.0,289.0,161.64561462402344,-2.0907104113109063,3.4111353629807355,-4.9818330168432166,-3.029534449754439,-2.439648505258743,0.7708512127133247,-1.112704951575796,3.9552686350756057,-0.4460401416355501,1.300175202948463
70.0,289.0,165.263427734375,-2.025108824505472,1.819420873531608,-4.880777358367313,-3.048511178555349,-3.076473591889685,0.724041054625411,-1.045823708623605,4.79798916193166,-0.408550783489008,0.6991762171530035
70.0,289.0,137.79388427734375,-2.1197969233219003,2.682501248865924,-4.920949556040982,-3.029357062199896,-2.498212685336491,0.8427023980871142,-0.0990543932277764,3.9646719084198985,-0.444199569359356,1.3230862715750584
70.0,289.0,160.2692413330078,-1.055922459328694,1.7735920722761906,-4.937958133848109,-1.695201673496223,-3.064020344723154,0.8372423768827528,-1.0608401158966236,4.429729571994304,-0.4561175576200931,0.7202760905369371
70.0,290.0,157.60691833496094,-2.1221509371431435,1.8392303061078088,-4.902514539010984,-3.0864103908050646,-3.0538475418464337,0.8517324402109121,-1.0171489627324086,3.092931355225164,-0.4559853455206131,0.9824460715350812
70.0,290.0,161.15728759765625,-1.9534206856324816,1.7536378394229737,-4.890109816254475,-3.0956079319477503,-3.0662115030366284,0.8279698431872164,-1.019189610828445,4.304919778195342,-0.4515226464921155,0.7024576952550962
70.0,290.0,137.79345703125,-2.1203609848314344,2.6822425869553266,-4.920324554030359,-3.02988635463489,-2.497347753275747,0.8425167322440958,-0.0990983757048344,3.964586456288573,-0.4439423433403696,1.322880492455272
70.0,290.0,137.79881286621094,-2.119669692036001,2.6811326094218835,-4.920886611873569,-3.0299275304974165,-2.498711389202668,0.8426128809874882,-0.0992747121596211,3.9663282595420593,-0.4440047088496884,1.3231356733272677
70.0,290.0,137.79356384277344,-2.119889022279676,2.6819293309845573,-4.920362874087469,-3.0297775473753297,-2.4979317383109043,0.8426745636218153,-0.0990616741297744,3.964784646485304,-0.4437385965879608,1.323291136537609
70.0,290.0,150.95826721191406,-2.1262525097823337,1.7737189882144293,-4.926724315985826,-3.0259742329384216,-2.437463469842107,1.4099652745982325,-1.0262765149084487,3.9233814230264574,-0.4512474950726279,1.609887845109697
70.0,290.0,156.08035278320312,-2.1580996450789263,1.728328627406782,-4.879695436337815,-3.0850529772078543,-3.06587044186364,0.8359929899162684,-1.015638048938622,3.5437633377229565,-0.4462973345896071,0.7233871726910266
70.0,290.0,137.7932891845703,-2.120554274250577,2.6822056173959563,-4.920332985536434,-3.0299020365454563,-2.4975792081499244,0.8425545587399356,-0.0990635911997232,3.964582992355759,-0.4437529054915898,1.3230924336125232
70.0,290.0,137.79331970214844,-2.120207816155446,2.682210242738818,-4.920484413915191,-3.029413853908795,-2.4973644526338554,0.8425945757749556,-0.0993008411023954,3.964265520785848,-0.4437498126935945,1.323137060883834
70.0,290.0,137.7938690185547,-2.1197894820019507,2.682556644507335,-4.920920810427868,-3.0296890412534268,-2.4982021859095966,0.8427044705104604,-0.099069203409774,3.9642380925266063,-0.4441895330021806,1.323046092863299
70.0,290.0,137.79331970214844,-2.120019524119394,2.682201887656055,-4.920341904716381,-3.029675238964624,-2.497903027649397,0.8426384551801569,-0.0990626580418674,3.964679984712283,-0.4437193769866062,1.323105960604851
70.0,290.0,137.79383850097656,-2.1201086311162345,2.682275514467757,-4.920729700364895,-3.029734707478531,-2.49852153589854,0.8429032524521627,-0.0992980240807537,3.9647049068598825,-0.4438253792156099,1.3232305924004084
70.0,290.0,137.79364013671875,-2.120854208980961,2.682221285242944,-4.9202974332831255,-3.029412255752713,-2.497570761055991,0.8424901600865607,-0.0992263493981077,3.964435710675168,-0.4437780837784957,1.3226713883785526
70.0,290.0,137.79331970214844,-2.1203801009003245,2.682584814078236,-4.920714253335815,-3.029854935609569,-2.497776817396101,0.8425550669605997,-0.0990865876068884,3.9645365496601097,-0.4437568756461603,1.323191728120497
70.0,290.0,177.90628051757812,-0.9480992037287066,1.6698462529856726,-4.92126265432442,-3.066282443454009,-3.048841576344093,1.9184003846581128,-1.029547548154336,4.407033002134062,-0.5675828178794807,0.7291447687456702
70.0,290.0,137.79351806640625,-2.120298119441322,2.6822680121533686,-4.920577418333323,-3.0300509115343663,-2.49753214168146,0.8426657571689374,-0.0990649789387761,3.964469045471155,-0.4439777394118968,1.3228025124895249
70.0,290.0,137.7934112548828,-2.1205734641714225,2.682254918379184,-4.920780214308109,-3.029957147031415,-2.497254643488962,0.8425525273796168,-0.0992632620961706,3.964487302890329,-0.4438575705715746,1.3230736045355211
70.0,290.0,138.8553466796875,-2.1222250184014344,1.7859582697313516,-4.911992513925983,-3.027397375175113,-2.4919192799355665,0.8416130100114549,-0.0993832010494219,3.9665571402770703,-0.4440650734784624,1.323007832844661
70.0,290.0,137.79327392578125,-2.120353672841077,2.682205702282233,-4.920480445173131,-3.02993519660937,-2.497557783639797,0.8425648626467779,-0.0990841540670413,3.964553196461206,-0.4437592636856133,1.3231052057287809
70.0,290.0,137.79327392578125,-2.1203372182803406,2.682234338681103,-4.920430657421634,-3.0299492837426767,-2.497518870131844,0.8425470308851409,-0.0991020914534942,3.964455486566559,-0.4437659229575926,1.32311064410208
70.0,290.0,137.7933807373047,-2.1201206268199977,2.6821652157304543,-4.92032988438328,-3.029977086176535,-2.4974789996436755,0.8425959019621837,-0.0990848702270648,3.964487884784493,-0.4439679623752829,1.3230451231065106
70.0,290.0,137.7932891845703,-2.120562381905317,2.6822087174236,-4.9203419476407,-3.0298977692037297,-2.497638024204418,0.8425636850525982,-0.099063671328882,3.9645885010399655,-0.4437697581120619,1.3230808312242437
70.0,290.0,137.7936248779297,-2.120104102156044,2.682348376340466,-4.920916566413463,-3.030047968651232,-2.498193076935676,0.8427079317706333,-0.099055176224852,3.9645555910924646,-0.4440161045576272,1.3230966809037252
70.0,290.0,137.8399200439453,-2.1211200712606617,2.6822034077757544,-4.9158084096551695,-3.0204577670391863,-2.49712709016506,0.8425570738553552,-0.1017673932133979,3.964590421281808,-0.4437234504502901,1.3239076866072546
70.0,290.0,137.8040313720703,-2.120408970109815,2.677194219865795,-4.920518178759566,-3.0295522651027453,-2.497923889322704,0.8424846120769206,-0.1005671066814537,3.965627857050385,-0.4437767576905014,1.3232356654583088
70.0,290.0,137.80950927734375,-2.119410914511985,2.680718176348643,-4.920612664856732,-3.029877140555656,-2.497511509613911,0.842481137051393,-0.0990117463569586,3.96492945380685,-0.4467745175236106,1.3231069643453022
70.0,290.0,137.79347229003906,-2.120875828412689,2.6821377571465854,-4.920330393627026,-3.029808701702509,-2.4973316174590514,0.8425045721254478,-0.0992715339244338,3.9645065882896606,-0.4439804716485085,1.323079333507163
70.0,290.0,142.65586853027344,-2.120217357588948,2.5776038391995773,-4.921640451545408,-3.028756471454678,-2.4332480393734857,0.825111926564502,-0.1040684608434276,3.964384853794576,-0.443827256960741,1.3231967229636057
70.0,290.0,137.79331970214844,-2.1204732432831803,2.682026030334399,-4.920505942713563,-3.030025417702344,-2.497602768048812,0.8425100407326932,-0.0990636938230478,3.964355860094157,-0.4437595856130612,1.3229893611184735
70.0,290.0,137.79403686523438,-2.1202717198443164,2.6822941754328373,-4.920358732065621,-3.02933069569253,-2.497594730280061,0.8420460387644264,-0.0991327442981468,3.963714908060156,-0.4437714880632057,1.3231175992206283
70.0,290.0,137.7932586669922,-2.120036149058624,2.6822102573907034,-4.920579652066272,-3.029853805796409,-2.4975165605839407,0.842535814917811,-0.099093286038777,3.964518597248628,-0.443767212851432,1.3231053505021644
70.0,290.0,137.79336547851562,-2.120108572674395,2.6822669965577166,-4.9203478139813965,-3.0298842440880684,-2.4975453057890107,0.8425872167240545,-0.0990879854907296,3.964519913536592,-0.4439841996087609,1.323062607298512
70.0,290.0,140.52117919921875,-2.1272497769988306,1.774468940747441,-4.918171862643308,-3.039466282870276,-2.4890347571925453,0.8476899259151214,-0.521753245229758,3.96549093137469,-0.4572526271482879,1.3258236409937911
70.0,290.0,145.3743896484375,-2.055715787756611,3.5459383446779773,-4.926743274509718,-3.033548482115602,-2.496961460418813,0.8144829614976842,-0.053820621728324,3.954244038928831,-0.4430671415972534,1.6597223734601851
70.0,290.0,139.49063110351562,-2.127036784137281,2.6864341888011003,-4.922580773522917,-3.0061126931140665,-1.94209301285814,0.8409841124852037,-0.5625834980067171,3.962763002701845,-0.4500653814960387,1.3055394714877115
70.0,290.0,137.79330444335938,-2.1205072922646147,2.682064321270928,-4.920369395921201,-3.0299204482077644,-2.497825939393929,0.8424958966073361,-0.099087126434485,3.964536159563605,-0.4437594353988583,1.3230140321519634
70.0,290.0,137.7932891845703,-2.1205404265261723,2.68220349082822,-4.920289933701006,-3.029794982874211,-2.497459557746736,0.8425448932265954,-0.0991189434566975,3.964537381491658,-0.4438112146538757,1.323086676349906
70.0,290.0,155.14508056640625,-2.144416528898283,1.7532622941419214,-4.910340166670732,-3.045212005694971,-1.9538792327145715,0.8337103093690844,-1.0439633387742353,3.904955445319976,-0.4075869564763927,0.7623833671535221
70.0,290.0,137.7935333251953,-2.120377244223988,2.68232573130396,-4.9210422060078125,-3.030108672030188,-2.497761896142653,0.8427064838873964,-0.0990477371153467,3.964536814449924,-0.4440003785934701,1.3231058869317396
70.0,290.0,137.7935333251953,-2.119952772881428,2.6822987937414067,-4.920999477602973,-3.029992188316855,-2.497484141058762,0.8426589410058227,-0.099139918095882,3.964674606073076,-0.4440063944044309,1.3231210387389964
70.0,290.0,157.8895721435547,-2.151116586352581,1.7765067177928218,-4.954217446239854,-3.688038395004858,-2.586077377730949,0.8144731752930827,-0.6122097261475492,3.624379146848815,-0.454328507982406,0.9702287003031408
70.0,290.0,144.25840759277344,-2.1205812611711767,1.8939934790208948,-4.91887351733549,-3.0514871499131906,-2.4958625503112413,0.8462989658910076,-0.1234872513247548,3.963771008824374,-0.4581941757039363,1.6290300132492803
70.0,290.0,137.7933349609375,-2.120375522469653,2.682386922831325,-4.920967360272557,-3.029941492274356,-2.497519373080153,0.8427742249212508,-0.0990928426423479,3.964338980730429,-0.4437520590597402,1.323110512453333
70.0,290.0,155.30633544921875,-2.110355142561264,1.7355664246072802,-4.897661520156259,-3.0945963635771343,-3.0647722813398968,0.8256285834289196,-1.0204516952792135,4.389633871132414,-0.4667985076585941,0.7287559592886229
70.0,290.0,158.0673828125,-2.13478528945232,1.8441109636686763,-4.929363763692761,-3.1294766675918138,-3.0546509867568057,1.330469986782295,-1.0107985278553162,3.543151829295136,-0.4498499097984712,0.7093224768745058
70.0,290.0,151.25607299804688,-2.172037136009037,1.7295055121999343,-4.886813252907739,-3.044272093932116,-2.527211347557737,0.8736419156014977,-1.0803740810791176,4.326682419773425,-0.4568381444550614,1.020613823807618
70.0,290.0,161.64561462402344,-2.0907104113109063,3.4111353629807355,-4.9818330168432166,-3.029534449754439,-2.439648505258743,0.7708512127133247,-1.112704951575796,3.9552686350756057,-0.4460401416355501,1.300175202948463
70.0,290.0,165.263427734375,-2.025108824505472,1.819420873531608,-4.880777358367313,-3.048511178555349,-3.076473591889685,0.724041054625411,-1.045823708623605,4.79798916193166,-0.408550783489008,0.6991762171530035
70.0,290.0,137.79388427734375,-2.1197969233219003,2.682501248865924,-4.920949556040982,-3.029357062199896,-2.498212685336491,0.8427023980871142,-0.0990543932277764,3.9646719084198985,-0.444199569359356,1.3230862715750584
70.0,290.0,160.2692413330078,-1.055922459328694,1.7735920722761906,-4.937958133848109,-1.695201673496223,-3.064020344723154,0.8372423768827528,-1.0608401158966236,4.429729571994304,-0.4561175576200931,0.7202760905369371
70.0,291.0,157.60691833496094,-2.1221509371431435,1.8392303061078088,-4.902514539010984,-3.0864103908050646,-3.0538475418464337,0.8517324402109121,-1.0171489627324086,3.092931355225164,-0.4559853455206131,0.9824460715350812
70.0,291.0,161.15728759765625,-1.9534206856324816,1.7536378394229737,-4.890109816254475,-3.0956079319477503,-3.0662115030366284,0.8279698431872164,-1.019189610828445,4.304919778195342,-0.4515226464921155,0.7024576952550962
70.0,291.0,137.79344177246094,-2.1196962010130527,2.6824182941647936,-4.920251678688344,-3.029913344719134,-2.4975185358559897,0.8423831987635177,-0.0990963602355691,3.964544836697913,-0.4438546572251493,1.323025839042994
70.0,291.0,137.79881286621094,-2.119669692036001,2.6811326094218835,-4.920886611873569,-3.0299275304974165,-2.498711389202668,0.8426128809874882,-0.0992747121596211,3.9663282595420593,-0.4440047088496884,1.3231356733272677
70.0,291.0,137.79356384277344,-2.119889022279676,2.6819293309845573,-4.920362874087469,-3.0297775473753297,-2.4979317383109043,0.8426745636218153,-0.0990616741297744,3.964784646485304,-0.4437385965879608,1.323291136537609
70.0,291.0,150.95826721191406,-2.1262525097823337,1.7737189882144293,-4.926724315985826,-3.0259742329384216,-2.437463469842107,1.4099652745982325,-1.0262765149084487,3.9233814230264574,-0.4512474950726279,1.609887845109697
70.0,291.0,156.08035278320312,-2.1580996450789263,1.728328627406782,-4.879695436337815,-3.0850529772078543,-3.06587044186364,0.8359929899162684,-1.015638048938622,3.5437633377229565,-0.4462973345896071,0.7233871726910266
70.0,291.0,137.7932891845703,-2.120554274250577,2.6822056173959563,-4.920332985536434,-3.0299020365454563,-2.4975792081499244,0.8425545587399356,-0.0990635911997232,3.964582992355759,-0.4437529054915898,1.3230924336125232
70.0,291.0,137.793212890625,-2.1201717088171903,2.682207771963805,-4.9205603535743085,-3.02963570458936,-2.497635949209001,0.8425224553612974,-0.0991499436640892,3.964430873556541,-0.4437621599486824,1.3231093250216794
70.0,291.0,137.7938690185547,-2.1197894820019507,2.682556644507335,-4.920920810427868,-3.0296890412534268,-2.4982021859095966,0.8427044705104604,-0.099069203409774,3.9642380925266063,-0.4441895330021806,1.323046092863299
70.0,291.0,137.79331970214844,-2.120019524119394,2.682201887656055,-4.920341904716381,-3.029675238964624,-2.497903027649397,0.8426384551801569,-0.0990626580418674,3.964679984712283,-0.4437193769866062,1.323105960604851
70.0,291.0,137.79383850097656,-2.1201086311162345,2.682275514467757,-4.920729700364895,-3.029734707478531,-2.49852153589854,0.8429032524521627,-0.0992980240807537,3.9647049068598825,-0.4438253792156099,1.3232305924004084
70.0,291.0,137.79364013671875,-2.120854208980961,2.682221285242944,-4.9202974332831255,-3.029412255752713,-2.497570761055991,0.8424901600865607,-0.0992263493981077,3.964435710675168,-0.4437780837784957,1.3226713883785526
70.0,291.0,137.79331970214844,-2.1203801009003245,2.682584814078236,-4.920714253335815,-3.029854935609569,-2.497776817396101,0.8425550669605997,-0.0990865876068884,3.9645365496601097,-0.4437568756461603,1.323191728120497
70.0,291.0,177.90628051757812,-0.9480992037287066,1.6698462529856726,-4.92126265432442,-3.066282443454009,-3.048841576344093,1.9184003846581128,-1.029547548154336,4.407033002134062,-0.5675828178794807,0.7291447687456702
70.0,291.0,137.79351806640625,-2.120298119441322,2.6822680121533686,-4.920577418333323,-3.0300509115343663,-2.49753214168146,0.8426657571689374,-0.0990649789387761,3.964469045471155,-0.4439777394118968,1.3228025124895249
70.0,291.0,137.79339599609375,-2.1206482130794133,2.6822381211709763,-4.920927556370099,-3.029861485447367,-2.4972156950655293,0.8425598705115961,-0.0991564189840444,3.964466718550859,-0.4438324681439415,1.3231558298939026
70.0,291.0,138.8553466796875,-2.1222250184014344,1.7859582697313516,-4.911992513925983,-3.027397375175113,-2.4919192799355665,0.8416130100114549,-0.0993832010494219,3.9665571402770703,-0.4440650734784624,1.323007832844661
70.0,291.0,137.79327392578125,-2.120353672841077,2.682205702282233,-4.920480445173131,-3.02993519660937,-2.497557783639797,0.8425648626467779,-0.0990841540670413,3.964553196461206,-0.4437592636856133,1.3231052057287809
70.0,291.0,137.79327392578125,-2.1203372182803406,2.682234338681103,-4.920430657421634,-3.0299492837426767,-2.497518870131844,0.8425470308851409,-0.0991020914534942,3.964455486566559,-0.4437659229575926,1.32311064410208
70.0,291.0,137.7933807373047,-2.1201206268199977,2.6821652157304543,-4.92032988438328,-3.029977086176535,-2.4974789996436755,0.8425959019621837,-0.0990848702270648,3.964487884784493,-0.4439679623752829,1.3230451231065106
70.0,291.0,137.7932891845703,-2.120562381905317,2.6822087174236,-4.9203419476407,-3.0298977692037297,-2.497638024204418,0.8425636850525982,-0.099063671328882,3.9645885010399655,-0.4437697581120619,1.3230808312242437
70.0,291.0,137.7936248779297,-2.120104102156044,2.682348376340466,-4.920916566413463,-3.030047968651232,-2.498193076935676,0.8427079317706333,-0.099055176224852,3.9645555910924646,-0.4440161045576272,1.3230966809037252
70.0,291.0,137.80665588378906,-2.1201630389128976,2.682202501457696,-4.918613780954603,-3.032939052293872,-2.4975007374748546,0.8426906963996821,-0.1018370005457823,3.96448140955042,-0.4437074927660615,1.3237499378912851
70.0,291.0,137.80194091796875,-2.120144459404065,2.6773766907915983,-4.920555022666428,-3.029395330538444,-2.4985540390546213,0.8424943154112776,-0.0996162094509633,3.965593866907625,-0.4437770869273184,1.323345832904549
70.0,291.0,137.80950927734375,-2.119410914511985,2.680718176348643,-4.920612664856732,-3.029877140555656,-2.497511509613911,0.842481137051393,-0.0990117463569586,3.96492945380685,-0.4467745175236106,1.3231069643453022
70.0,291.0,137.79347229003906,-2.120875828412689,2.6821377571465854,-4.920330393627026,-3.029808701702509,-2.4973316174590514,0.8425045721254478,-0.0992715339244338,3.9645065882896606,-0.4439804716485085,1.323079333507163
70.0,291.0,142.65586853027344,-2.120217357588948,2.5776038391995773,-4.921640451545408,-3.028756471454678,-2.4332480393734857,0.825111926564502,-0.1040684608434276,3.964384853794576,-0.443827256960741,1.3231967229636057
70.0,291.0,137.79327392578125,-2.1205509358041565,2.6824042651523,-4.920650596328844,-3.0299150813608056,-2.4975413603345054,0.8425068369902384,-0.099095663367576,3.9644401682277177,-0.4437600667055122,1.3230323715016283
70.0,291.0,137.79403686523438,-2.1202717198443164,2.6822941754328373,-4.920358732065621,-3.02933069569253,-2.497594730280061,0.8420460387644264,-0.0991327442981468,3.963714908060156,-0.4437714880632057,1.3231175992206283
70.0,291.0,137.7932586669922,-2.120036149058624,2.6822102573907034,-4.920579652066272,-3.029853805796409,-2.4975165605839407,0.842535814917811,-0.099093286038777,3.964518597248628,-0.443767212851432,1.3231053505021644
70.0,291.0,137.79336547851562,-2.120108572674395,2.6822669965577166,-4.9203478139813965,-3.0298842440880684,-2.4975453057890107,0.8425872167240545,-0.0990879854907296,3.964519913536592,-0.4439841996087609,1.323062607298512
70.0,291.0,140.52117919921875,-2.1272497769988306,1.774468940747441,-4.918171862643308,-3.039466282870276,-2.4890347571925453,0.8476899259151214,-0.521753245229758,3.96549093137469,-0.4572526271482879,1.3258236409937911
70.0,291.0,145.3743896484375,-2.055715787756611,3.5459383446779773,-4.926743274509718,-3.033548482115602,-2.496961460418813,0.8144829614976842,-0.053820621728324,3.954244038928831,-0.4430671415972534,1.6597223734601851
70.0,291.0,139.49063110351562,-2.127036784137281,2.6864341888011003,-4.922580773522917,-3.0061126931140665,-1.94209301285814,0.8409841124852037,-0.5625834980067171,3.962763002701845,-0.4500653814960387,1.3055394714877115
70.0,291.0,137.79330444335938,-2.1205072922646147,2.682064321270928,-4.920369395921201,-3.0299204482077644,-2.497825939393929,0.8424958966073361,-0.099087126434485,3.964536159563605,-0.4437594353988583,1.3230140321519634
70.0,291.0,137.7932891845703,-2.1205404265261723,2.68220349082822,-4.920289933701006,-3.029794982874211,-2.497459557746736,0.8425448932265954,-0.0991189434566975,3.964537381491658,-0.4438112146538757,1.323086676349906
70.0,291.0,155.14508056640625,-2.144416528898283,1.7532622941419214,-4.910340166670732,-3.045212005694971,-1.9538792327145715,0.8337103093690844,-1.0439633387742353,3.904955445319976,-0.4075869564763927,0.7623833671535221
70.0,291.0,137.7935333251953,-2.120377244223988,2.68232573130396,-4.9210422060078125,-3.030108672030188,-2.497761896142653,0.8427064838873964,-0.0990477371153467,3.964536814449924,-0.4440003785934701,1.3231058869317396
70.0,291.0,137.7935333251953,-2.119952772881428,2.6822987937414067,-4.920999477602973,-3.029992188316855,-2.497484141058762,0.8426589410058227,-0.099139918095882,3.964674606073076,-0.4440063944044309,1.3231210387389964
70.0,291.0,157.8895721435547,-2.151116586352581,1.7765067177928218,-4.954217446239854,-3.688038395004858,-2.586077377730949,0.8144731752930827,-0.6122097261475492,3.624379146848815,-0.454328507982406,0.9702287003031408
70.0,291.0,141.17755126953125,-2.11967355119222,1.7442453505596198,-4.921948054964021,-3.0350822811853315,-2.4976544704582087,0.8450160020041073,-0.1419427065156299,3.964377470099744,-0.449857504495278,1.3290373491300749
70.0,291.0,137.7932586669922,-2.120093557254993,2.682227506188662,-4.920678766224418,-3.029842356212791,-2.49750364843086,0.8426648649000589,-0.0990891890810462,3.964453284181107,-0.4437826674894526,1.3231109371403864
70.0,291.0,155.30633544921875,-2.110355142561264,1.7355664246072802,-4.897661520156259,-3.0945963635771343,-3.0647722813398968,0.8256285834289196,-1.0204516952792135,4.389633871132414,-0.4667985076585941,0.7287559592886229
70.0,291.0,158.0673828125,-2.13478528945232,1.8441109636686763,-4.929363763692761,-3.1294766675918138,-3.0546509867568057,1.330469986782295,-1.0107985278553162,3.543151829295136,-0.4498499097984712,0.7093224768745058
70.0,291.0,151.25607299804688,-2.172037136009037,1.7295055121999343,-4.886813252907739,-3.044272093932116,-2.527211347557737,0.8736419156014977,-1.0803740810791176,4.326682419773425,-0.4568381444550614,1.020613823807618
70.0,291.0,161.64561462402344,-2.0907104113109063,3.4111353629807355,-4.9818330168432166,-3.029534449754439,-2.439648505258743,0.7708512127133247,-1.112704951575796,3.9552686350756057,-0.4460401416355501,1.300175202948463
70.0,291.0,165.263427734375,-2.025108824505472,1.819420873531608,-4.880777358367313,-3.048511178555349,-3.076473591889685,0.724041054625411,-1.045823708623605,4.79798916193166,-0.408550783489008,0.6991762171530035
70.0,291.0,137.79388427734375,-2.1197969233219003,2.682501248865924,-4.920949556040982,-3.029357062199896,-2.498212685336491,0.8427023980871142,-0.0990543932277764,3.9646719084198985,-0.444199569359356,1.3230862715750584
70.0,291.0,160.2692413330078,-1.055922459328694,1.7735920722761906,-4.937958133848109,-1.695201673496223,-3.064020344723154,0.8372423768827528,-1.0608401158966236,4.429729571994304,-0.4561175576200931,0.7202760905369371
70.0,292.0,157.60691833496094,-2.1221509371431435,1.8392303061078088,-4.902514539010984,-3.0864103908050646,-3.0538475418464337,0.8517324402109121,-1.0171489627324086,3.092931355225164,-0.4559853455206131,0.9824460715350812
70.0,292.0,161.15728759765625,-1.9534206856324816,1.7536378394229737,-4.890109816254475,-3.0956079319477503,-3.0662115030366284,0.8279698431872164,-1.019189610828445,4.304919778195342,-0.4515226464921155,0.7024576952550962
70.0,292.0,137.79344177246094,-2.1196962010130527,2.6824182941647936,-4.920251678688344,-3.029913344719134,-2.4975185358559897,0.8423831987635177,-0.0990963602355691,3.964544836697913,-0.4438546572251493,1.323025839042994
70.0,292.0,137.79574584960938,-2.1204767372902302,2.68146299522793,-4.9205939441229285,-3.02935297580614,-2.497099334556552,0.8424222567663061,-0.0992616115392849,3.963197004562196,-0.4441726793303034,1.3231398646961994
70.0,292.0,137.79348754882812,-2.120965665698058,2.682207963755649,-4.920435809583425,-3.0295676766504496,-2.497686063089874,0.8426508067615694,-0.0990925451449406,3.964284645902,-0.4436847178654345,1.3230715007048786
70.0,292.0,150.95826721191406,-2.1262525097823337,1.7737189882144293,-4.926724315985826,-3.0259742329384216,-2.437463469842107,1.4099652745982325,-1.0262765149084487,3.9233814230264574,-0.4512474950726279,1.609887845109697
70.0,292.0,156.08035278320312,-2.1580996450789263,1.728328627406782,-4.879695436337815,-3.0850529772078543,-3.06587044186364,0.8359929899162684,-1.015638048938622,3.5437633377229565,-0.4462973345896071,0.7233871726910266
70.0,292.0,137.7932891845703,-2.120554274250577,2.6822056173959563,-4.920332985536434,-3.0299020365454563,-2.4975792081499244,0.8425545587399356,-0.0990635911997232,3.964582992355759,-0.4437529054915898,1.3230924336125232
70.0,292.0,137.793212890625,-2.1201717088171903,2.682207771963805,-4.9205603535743085,-3.02963570458936,-2.497635949209001,0.8425224553612974,-0.0991499436640892,3.964430873556541,-0.4437621599486824,1.3231093250216794
70.0,292.0,137.7938690185547,-2.1197894820019507,2.682556644507335,-4.920920810427868,-3.0296890412534268,-2.4982021859095966,0.8427044705104604,-0.099069203409774,3.9642380925266063,-0.4441895330021806,1.323046092863299
70.0,292.0,137.79331970214844,-2.120019524119394,2.682201887656055,-4.920341904716381,-3.029675238964624,-2.497903027649397,0.8426384551801569,-0.0990626580418674,3.964679984712283,-0.4437193769866062,1.323105960604851
70.0,292.0,137.79383850097656,-2.1201086311162345,2.682275514467757,-4.920729700364895,-3.029734707478531,-2.49852153589854,0.8429032524521627,-0.0992980240807537,3.9647049068598825,-0.4438253792156099,1.3232305924004084
70.0,292.0,137.79356384277344,-2.1197735800656305,2.682250800722687,-4.921384803199688,-3.029826918559565,-2.4976879928779625,0.8424741720514258,-0.0992519837412337,3.964402307160245,-0.4439395044596464,1.3231171287314585
70.0,292.0,137.79331970214844,-2.1203801009003245,2.682584814078236,-4.920714253335815,-3.029854935609569,-2.497776817396101,0.8425550669605997,-0.0990865876068884,3.9645365496601097,-0.4437568756461603,1.323191728120497
70.0,292.0,177.90628051757812,-0.9480992037287066,1.6698462529856726,-4.92126265432442,-3.066282443454009,-3.048841576344093,1.9184003846581128,-1.029547548154336,4.407033002134062,-0.5675828178794807,0.7291447687456702
70.0,292.0,137.79330444335938,-2.120299130047134,2.682291499340609,-4.920597286568651,-3.0299733239046454,-2.4976308185759315,0.8426913243862614,-0.0991100695578868,3.964499819061552,-0.4438765828300547,1.3231057141115927
70.0,292.0,137.79339599609375,-2.1206482130794133,2.6822381211709763,-4.920927556370099,-3.029861485447367,-2.4972156950655293,0.8425598705115961,-0.0991564189840444,3.964466718550859,-0.4438324681439415,1.3231558298939026
70.0,292.0,138.8553466796875,-2.1222250184014344,1.7859582697313516,-4.911992513925983,-3.027397375175113,-2.4919192799355665,0.8416130100114549,-0.0993832010494219,3.9665571402770703,-0.4440650734784624,1.323007832844661
70.0,292.0,137.79327392578125,-2.120353672841077,2.682205702282233,-4.920480445173131,-3.02993519660937,-2.497557783639797,0.8425648626467779,-0.0990841540670413,3.964553196461206,-0.4437592636856133,1.3231052057287809
70.0,292.0,137.79327392578125,-2.1203372182803406,2.682234338681103,-4.920430657421634,-3.0299492837426767,-2.497518870131844,0.8425470308851409,-0.0991020914534942,3.964455486566559,-0.4437659229575926,1.32311064410208
70.0,292.0,137.7933807373047,-2.1201206268199977,2.6821652157304543,-4.92032988438328,-3.029977086176535,-2.4974789996436755,0.8425959019621837,-0.0990848702270648,3.964487884784493,-0.4439679623752829,1.3230451231065106
70.0,292.0,137.7932891845703,-2.120562381905317,2.6822087174236,-4.9203419476407,-3.0298977692037297,-2.497638024204418,0.8425636850525982,-0.099063671328882,3.9645885010399655,-0.4437697581120619,1.3230808312242437
70.0,292.0,137.7936248779297,-2.120104102156044,2.682348376340466,-4.920916566413463,-3.030047968651232,-2.498193076935676,0.8427079317706333,-0.099055176224852,3.9645555910924646,-0.4440161045576272,1.3230966809037252
70.0,292.0,137.80665588378906,-2.1201630389128976,2.682202501457696,-4.918613780954603,-3.032939052293872,-2.4975007374748546,0.8426906963996821,-0.1018370005457823,3.96448140955042,-0.4437074927660615,1.3237499378912851
70.0,292.0,137.8011474609375,-2.1202793143019667,2.6814406821215964,-4.9205481230498815,-3.0292747702400504,-2.4970701298139475,0.8425343928276399,-0.101898628889194,3.964154278591063,-0.4437732821160359,1.323455734610066
70.0,292.0,137.80950927734375,-2.119410914511985,2.680718176348643,-4.920612664856732,-3.029877140555656,-2.497511509613911,0.842481137051393,-0.0990117463569586,3.96492945380685,-0.4467745175236106,1.3231069643453022
70.0,292.0,137.79347229003906,-2.120875828412689,2.6821377571465854,-4.920330393627026,-3.029808701702509,-2.4973316174590514,0.8425045721254478,-0.0992715339244338,3.9645065882896606,-0.4439804716485085,1.323079333507163
70.0,292.0,142.65586853027344,-2.120217357588948,2.5776038391995773,-4.921640451545408,-3.028756471454678,-2.4332480393734857,0.825111926564502,-0.1040684608434276,3.964384853794576,-0.443827256960741,1.3231967229636057
70.0,292.0,137.79327392578125,-2.1205509358041565,2.6824042651523,-4.920650596328844,-3.0299150813608056,-2.4975413603345054,0.8425068369902384,-0.099095663367576,3.9644401682277177,-0.4437600667055122,1.3230323715016283
70.0,292.0,137.7933349609375,-2.121028101288648,2.682284729674981,-4.920464200456292,-3.02962680892166,-2.49768146878225,0.8423586999305762,-0.0991736516226529,3.9644012858795614,-0.4437674226703751,1.323093455181844
70.0,292.0,137.7932586669922,-2.120036149058624,2.6822102573907034,-4.920579652066272,-3.029853805796409,-2.4975165605839407,0.842535814917811,-0.099093286038777,3.964518597248628,-0.443767212851432,1.3231053505021644
70.0,292.0,137.79336547851562,-2.120108572674395,2.6822669965577166,-4.9203478139813965,-3.0298842440880684,-2.4975453057890107,0.8425872167240545,-0.0990879854907296,3.964519913536592,-0.4439841996087609,1.323062607298512
70.0,292.0,140.52117919921875,-2.1272497769988306,1.774468940747441,-4.918171862643308,-3.039466282870276,-2.4890347571925453,0.8476899259151214,-0.521753245229758,3.96549093137469,-0.4572526271482879,1.3258236409937911
70.0,292.0,145.3743896484375,-2.055715787756611,3.5459383446779773,-4.926743274509718,-3.033548482115602,-2.496961460418813,0.8144829614976842,-0.053820621728324,3.954244038928831,-0.4430671415972534,1.6597223734601851
70.0,292.0,139.49063110351562,-2.127036784137281,2.6864341888011003,-4.922580773522917,-3.0061126931140665,-1.94209301285814,0.8409841124852037,-0.5625834980067171,3.962763002701845,-0.4500653814960387,1.3055394714877115
70.0,292.0,137.79330444335938,-2.1205072922646147,2.682064321270928,-4.920369395921201,-3.0299204482077644,-2.497825939393929,0.8424958966073361,-0.099087126434485,3.964536159563605,-0.4437594353988583,1.3230140321519634
70.0,292.0,137.79327392578125,-2.120198425938202,2.682208769444446,-4.920358075380968,-3.029222253172972,-2.4975300538062304,0.8425252832403858,-0.099173263346461,3.964407213230317,-0.4437512268757145,1.323113218931352
70.0,292.0,155.14508056640625,-2.144416528898283,1.7532622941419214,-4.910340166670732,-3.045212005694971,-1.9538792327145715,0.8337103093690844,-1.0439633387742353,3.904955445319976,-0.4075869564763927,0.7623833671535221
70.0,292.0,137.7935333251953,-2.120377244223988,2.68232573130396,-4.9210422060078125,-3.030108672030188,-2.497761896142653,0.8427064838873964,-0.0990477371153467,3.964536814449924,-0.4440003785934701,1.3231058869317396
70.0,292.0,137.79351806640625,-2.12024130572534,2.682110456383989,-4.921274135276084,-3.029492928895542,-2.497233114056082,0.842697875412911,-0.0991351991720143,3.964340345884384,-0.4440033680744763,1.3231273647913704
70.0,292.0,157.8895721435547,-2.151116586352581,1.7765067177928218,-4.954217446239854,-3.688038395004858,-2.586077377730949,0.8144731752930827,-0.6122097261475492,3.624379146848815,-0.454328507982406,0.9702287003031408
70.0,292.0,141.17755126953125,-2.11967355119222,1.7442453505596198,-4.921948054964021,-3.0350822811853315,-2.4976544704582087,0.8450160020041073,-0.1419427065156299,3.964377470099744,-0.449857504495278,1.3290373491300749
70.0,292.0,137.79324340820312,-2.1203103416673166,2.6821414796812166,-4.920383587507713,-3.029520249605862,-2.4977662330130688,0.842658473792187,-0.0992314729962495,3.964413794563956,-0.4437558273218226,1.3231124324819323
70.0,292.0,155.30633544921875,-2.110355142561264,1.7355664246072802,-4.897661520156259,-3.0945963635771343,-3.0647722813398968,0.8256285834289196,-1.0204516952792135,4.389633871132414,-0.4667985076585941,0.7287559592886229
70.0,292.0,158.0673828125,-2.13478528945232,1.8441109636686763,-4.929363763692761,-3.1294766675918138,-3.0546509867568057,1.330469986782295,-1.0107985278553162,3.543151829295136,-0.4498499097984712,0.7093224768745058
70.0,292.0,151.25607299804688,-2.172037136009037,1.7295055121999343,-4.886813252907739,-3.044272093932116,-2.527211347557737,0.8736419156014977,-1.0803740810791176,4.326682419773425,-0.4568381444550614,1.020613823807618
70.0,292.0,161.64561462402344,-2.0907104113109063,3.4111353629807355,-4.9818330168432166,-3.029534449754439,-2.439648505258743,0.7708512127133247,-1.112704951575796,3.9552686350756057,-0.4460401416355501,1.300175202948463
70.0,292.0,165.263427734375,-2.025108824505472,1.819420873531608,-4.880777358367313,-3.048511178555349,-3.076473591889685,0.724041054625411,-1.045823708623605,4.79798916193166,-0.408550783489008,0.6991762171530035
70.0,292.0,137.79388427734375,-2.1197969233219003,2.682501248865924,-4.920949556040982,-3.029357062199896,-2.498212685336491,0.8427023980871142,-0.0990543932277764,3.9646719084198985,-0.444199569359356,1.3230862715750584
70.0,292.0,160.2692413330078,-1.055922459328694,1.7735920722761906,-4.937958133848109,-1.695201673496223,-3.064020344723154,0.8372423768827528,-1.0608401158966236,4.429729571994304,-0.4561175576200931,0.7202760905369371
70.0,293.0,157.60691833496094,-2.1221509371431435,1.8392303061078088,-4.902514539010984,-3.0864103908050646,-3.0538475418464337,0.8517324402109121,-1.0171489627324086,3.092931355225164,-0.4559853455206131,0.9824460715350812
70.0,293.0,161.15728759765625,-1.9534206856324816,1.7536378394229737,-4.890109816254475,-3.0956079319477503,-3.0662115030366284,0.8279698431872164,-1.019189610828445,4.304919778195342,-0.4515226464921155,0.7024576952550962
70.0,293.0,137.79344177246094,-2.1196962010130527,2.6824182941647936,-4.920251678688344,-3.029913344719134,-2.4975185358559897,0.8423831987635177,-0.0990963602355691,3.964544836697913,-0.4438546572251493,1.323025839042994
70.0,293.0,137.79464721679688,-2.1201220467121265,2.682605362660131,-4.92056904278047,-3.029372761779105,-2.497701949469892,0.8426273295757192,-0.0991478327882664,3.963515646825648,-0.4442534858547382,1.3231480128821105
70.0,293.0,137.7933349609375,-2.120504258201333,2.682297197332479,-4.92050932392784,-3.029566929834779,-2.4976160108935934,0.8425451936859423,-0.0992031287542452,3.964227974433918,-0.4437009027370583,1.323054007741962
70.0,293.0,150.95826721191406,-2.1262525097823337,1.7737189882144293,-4.926724315985826,-3.0259742329384216,-2.437463469842107,1.4099652745982325,-1.0262765149084487,3.9233814230264574,-0.4512474950726279,1.609887845109697
70.0,293.0,156.08035278320312,-2.1580996450789263,1.728328627406782,-4.879695436337815,-3.0850529772078543,-3.06587044186364,0.8359929899162684,-1.015638048938622,3.5437633377229565,-0.4462973345896071,0.7233871726910266
70.0,293.0,137.7932891845703,-2.120554274250577,2.6822056173959563,-4.920332985536434,-3.0299020365454563,-2.4975792081499244,0.8425545587399356,-0.0990635911997232,3.964582992355759,-0.4437529054915898,1.3230924336125232
70.0,293.0,137.793212890625,-2.1201717088171903,2.682207771963805,-4.9205603535743085,-3.02963570458936,-2.497635949209001,0.8425224553612974,-0.0991499436640892,3.964430873556541,-0.4437621599486824,1.3231093250216794
70.0,293.0,137.7938690185547,-2.1197894820019507,2.682556644507335,-4.920920810427868,-3.0296890412534268,-2.4982021859095966,0.8427044705104604,-0.099069203409774,3.9642380925266063,-0.4441895330021806,1.323046092863299
70.0,293.0,137.7932586669922,-2.1200277724004377,2.6822007651043585,-4.920786482166958,-3.029701534161439,-2.4977626666520405,0.8425602282935594,-0.0990520476916044,3.964481914666192,-0.4437879806483412,1.3231084346095738
70.0,293.0,137.79368591308594,-2.1201000611602394,2.68221031531474,-4.920644282681797,-3.0296187650054547,-2.497458406970763,0.8432809507136859,-0.0993109610442498,3.964484534942986,-0.4438333268586676,1.3231638679908468
70.0,293.0,137.79356384277344,-2.1197735800656305,2.682250800722687,-4.921384803199688,-3.029826918559565,-2.4976879928779625,0.8424741720514258,-0.0992519837412337,3.964402307160245,-0.4439395044596464,1.3231171287314585
70.0,293.0,137.79331970214844,-2.1203801009003245,2.682584814078236,-4.920714253335815,-3.029854935609569,-2.497776817396101,0.8425550669605997,-0.0990865876068884,3.9645365496601097,-0.4437568756461603,1.323191728120497
70.0,293.0,177.90628051757812,-0.9480992037287066,1.6698462529856726,-4.92126265432442,-3.066282443454009,-3.048841576344093,1.9184003846581128,-1.029547548154336,4.407033002134062,-0.5675828178794807,0.7291447687456702
70.0,293.0,137.79327392578125,-2.1203818613110874,2.682324532905972,-4.920548860776674,-3.029934451808169,-2.4977037018849635,0.8424356573489801,-0.0991256046818762,3.964450134138952,-0.4437479932653285,1.3231225117010477
70.0,293.0,137.79339599609375,-2.1206482130794133,2.6822381211709763,-4.920927556370099,-3.029861485447367,-2.4972156950655293,0.8425598705115961,-0.0991564189840444,3.964466718550859,-0.4438324681439415,1.3231558298939026
70.0,293.0,138.8553466796875,-2.1222250184014344,1.7859582697313516,-4.911992513925983,-3.027397375175113,-2.4919192799355665,0.8416130100114549,-0.0993832010494219,3.9665571402770703,-0.4440650734784624,1.323007832844661
70.0,293.0,137.79327392578125,-2.120353672841077,2.682205702282233,-4.920480445173131,-3.02993519660937,-2.497557783639797,0.8425648626467779,-0.0990841540670413,3.964553196461206,-0.4437592636856133,1.3231052057287809
70.0,293.0,137.7932586669922,-2.119989024514122,2.682324500174945,-4.920607936867654,-3.029801537536011,-2.497622324667958,0.8425328906717031,-0.099194698709798,3.964449126728973,-0.4437517334164281,1.3231115823369064
70.0,293.0,137.7933807373047,-2.1201206268199977,2.6821652157304543,-4.92032988438328,-3.029977086176535,-2.4974789996436755,0.8425959019621837,-0.0990848702270648,3.964487884784493,-0.4439679623752829,1.3230451231065106
70.0,293.0,137.7932891845703,-2.120562381905317,2.6822087174236,-4.9203419476407,-3.0298977692037297,-2.497638024204418,0.8425636850525982,-0.099063671328882,3.9645885010399655,-0.4437697581120619,1.3230808312242437
70.0,293.0,137.7936248779297,-2.120104102156044,2.682348376340466,-4.920916566413463,-3.030047968651232,-2.498193076935676,0.8427079317706333,-0.099055176224852,3.9645555910924646,-0.4440161045576272,1.3230966809037252
70.0,293.0,137.80665588378906,-2.1201630389128976,2.682202501457696,-4.918613780954603,-3.032939052293872,-2.4975007374748546,0.8426906963996821,-0.1018370005457823,3.96448140955042,-0.4437074927660615,1.3237499378912851
70.0,293.0,137.8011474609375,-2.1202793143019667,2.6814406821215964,-4.9205481230498815,-3.0292747702400504,-2.4970701298139475,0.8425343928276399,-0.101898628889194,3.964154278591063,-0.4437732821160359,1.323455734610066
70.0,293.0,137.80819702148438,-2.121255331239793,2.6839531644869843,-4.92064309860777,-3.0297616295415097,-2.497751660424643,0.8424852451868491,-0.0986579934493408,3.96472520141326,-0.4438320533421571,1.32310722983036
70.0,293.0,137.79347229003906,-2.120875828412689,2.6821377571465854,-4.920330393627026,-3.029808701702509,-2.4973316174590514,0.8425045721254478,-0.0992715339244338,3.9645065882896606,-0.4439804716485085,1.323079333507163
70.0,293.0,142.65586853027344,-2.120217357588948,2.5776038391995773,-4.921640451545408,-3.028756471454678,-2.4332480393734857,0.825111926564502,-0.1040684608434276,3.964384853794576,-0.443827256960741,1.3231967229636057
70.0,293.0,137.79327392578125,-2.1205509358041565,2.6824042651523,-4.920650596328844,-3.0299150813608056,-2.4975413603345054,0.8425068369902384,-0.099095663367576,3.9644401682277177,-0.4437600667055122,1.3230323715016283
70.0,293.0,137.7933349609375,-2.121028101288648,2.682284729674981,-4.920464200456292,-3.02962680892166,-2.49768146878225,0.8423586999305762,-0.0991736516226529,3.9644012858795614,-0.4437674226703751,1.323093455181844
70.0,293.0,137.7932586669922,-2.120036149058624,2.6822102573907034,-4.920579652066272,-3.029853805796409,-2.4975165605839407,0.842535814917811,-0.099093286038777,3.964518597248628,-0.443767212851432,1.3231053505021644
70.0,293.0,137.79336547851562,-2.120108572674395,2.6822669965577166,-4.9203478139813965,-3.0298842440880684,-2.4975453057890107,0.8425872167240545,-0.0990879854907296,3.964519913536592,-0.4439841996087609,1.323062607298512
70.0,293.0,140.52117919921875,-2.1272497769988306,1.774468940747441,-4.918171862643308,-3.039466282870276,-2.4890347571925453,0.8476899259151214,-0.521753245229758,3.96549093137469,-0.4572526271482879,1.3258236409937911
70.0,293.0,145.3743896484375,-2.055715787756611,3.5459383446779773,-4.926743274509718,-3.033548482115602,-2.496961460418813,0.8144829614976842,-0.053820621728324,3.954244038928831,-0.4430671415972534,1.6597223734601851
70.0,293.0,139.49063110351562,-2.127036784137281,2.6864341888011003,-4.922580773522917,-3.0061126931140665,-1.94209301285814,0.8409841124852037,-0.5625834980067171,3.962763002701845,-0.4500653814960387,1.3055394714877115
70.0,293.0,137.79330444335938,-2.1205072922646147,2.682064321270928,-4.920369395921201,-3.0299204482077644,-2.497825939393929,0.8424958966073361,-0.099087126434485,3.964536159563605,-0.4437594353988583,1.3230140321519634
70.0,293.0,137.79327392578125,-2.120198425938202,2.682208769444446,-4.920358075380968,-3.029222253172972,-2.4975300538062304,0.8425252832403858,-0.099173263346461,3.964407213230317,-0.4437512268757145,1.323113218931352
70.0,293.0,155.14508056640625,-2.144416528898283,1.7532622941419214,-4.910340166670732,-3.045212005694971,-1.9538792327145715,0.8337103093690844,-1.0439633387742353,3.904955445319976,-0.4075869564763927,0.7623833671535221
70.0,293.0,137.7935333251953,-2.120377244223988,2.68232573130396,-4.9210422060078125,-3.030108672030188,-2.497761896142653,0.8427064838873964,-0.0990477371153467,3.964536814449924,-0.4440003785934701,1.3231058869317396
70.0,293.0,137.79345703125,-2.120252568217357,2.6820410432520707,-4.920895688271396,-3.0294730075153704,-2.4978956760459345,0.8422778238244956,-0.0991608437165173,3.964241422563549,-0.4439479395393315,1.3230855246278792
70.0,293.0,157.8895721435547,-2.151116586352581,1.7765067177928218,-4.954217446239854,-3.688038395004858,-2.586077377730949,0.8144731752930827,-0.6122097261475492,3.624379146848815,-0.454328507982406,0.9702287003031408
70.0,293.0,141.17755126953125,-2.11967355119222,1.7442453505596198,-4.921948054964021,-3.0350822811853315,-2.4976544704582087,0.8450160020041073,-0.1419427065156299,3.964377470099744,-0.449857504495278,1.3290373491300749
70.0,293.0,137.79324340820312,-2.1203103416673166,2.6821414796812166,-4.920383587507713,-3.029520249605862,-2.4977662330130688,0.842658473792187,-0.0992314729962495,3.964413794563956,-0.4437558273218226,1.3231124324819323
70.0,293.0,155.30633544921875,-2.110355142561264,1.7355664246072802,-4.897661520156259,-3.0945963635771343,-3.0647722813398968,0.8256285834289196,-1.0204516952792135,4.389633871132414,-0.4667985076585941,0.7287559592886229
70.0,293.0,158.0673828125,-2.13478528945232,1.8441109636686763,-4.929363763692761,-3.1294766675918138,-3.0546509867568057,1.330469986782295,-1.0107985278553162,3.543151829295136,-0.4498499097984712,0.7093224768745058
70.0,293.0,151.25607299804688,-2.172037136009037,1.7295055121999343,-4.886813252907739,-3.044272093932116,-2.527211347557737,0.8736419156014977,-1.0803740810791176,4.326682419773425,-0.4568381444550614,1.020613823807618
70.0,293.0,161.64561462402344,-2.0907104113109063,3.4111353629807355,-4.9818330168432166,-3.029534449754439,-2.439648505258743,0.7708512127133247,-1.112704951575796,3.9552686350756057,-0.4460401416355501,1.300175202948463
70.0,293.0,165.263427734375,-2.025108824505472,1.819420873531608,-4.880777358367313,-3.048511178555349,-3.076473591889685,0.724041054625411,-1.045823708623605,4.79798916193166,-0.408550783489008,0.6991762171530035
70.0,293.0,137.79388427734375,-2.1197969233219003,2.682501248865924,-4.920949556040982,-3.029357062199896,-2.498212685336491,0.8427023980871142,-0.0990543932277764,3.9646719084198985,-0.444199569359356,1.3230862715750584
70.0,293.0,160.2692413330078,-1.055922459328694,1.7735920722761906,-4.937958133848109,-1.695201673496223,-3.064020344723154,0.8372423768827528,-1.0608401158966236,4.429729571994304,-0.4561175576200931,0.7202760905369371
70.0,294.0,157.60691833496094,-2.1221509371431435,1.8392303061078088,-4.902514539010984,-3.0864103908050646,-3.0538475418464337,0.8517324402109121,-1.0171489627324086,3.092931355225164,-0.4559853455206131,0.9824460715350812
70.0,294.0,161.15728759765625,-1.9534206856324816,1.7536378394229737,-4.890109816254475,-3.0956079319477503,-3.0662115030366284,0.8279698431872164,-1.019189610828445,4.304919778195342,-0.4515226464921155,0.7024576952550962
70.0,294.0,137.79344177246094,-2.1196962010130527,2.6824182941647936,-4.920251678688344,-3.029913344719134,-2.4975185358559897,0.8423831987635177,-0.0990963602355691,3.964544836697913,-0.4438546572251493,1.323025839042994
70.0,294.0,137.793701171875,-2.120030376622767,2.6830103283145585,-4.920555287634625,-3.0296987301949434,-2.4978050147394155,0.8425503949758874,-0.0991029927603667,3.963993014102881,-0.4439102268699724,1.323076906571388
70.0,294.0,137.79322814941406,-2.1199599756739143,2.6821712650791856,-4.920570109911532,-3.0296015850167537,-2.497604626239145,0.8424856991165853,-0.0991576374468793,3.964489354866397,-0.4437793226536522,1.3231125156413772
70.0,294.0,150.95826721191406,-2.1262525097823337,1.7737189882144293,-4.926724315985826,-3.0259742329384216,-2.437463469842107,1.4099652745982325,-1.0262765149084487,3.9233814230264574,-0.4512474950726279,1.609887845109697
70.0,294.0,156.08035278320312,-2.1580996450789263,1.728328627406782,-4.879695436337815,-3.0850529772078543,-3.06587044186364,0.8359929899162684,-1.015638048938622,3.5437633377229565,-0.4462973345896071,0.7233871726910266
70.0,294.0,137.7932891845703,-2.120554274250577,2.6822056173959563,-4.920332985536434,-3.0299020365454563,-2.4975792081499244,0.8425545587399356,-0.0990635911997232,3.964582992355759,-0.4437529054915898,1.3230924336125232
70.0,294.0,137.793212890625,-2.1201717088171903,2.682207771963805,-4.9205603535743085,-3.02963570458936,-2.497635949209001,0.8425224553612974,-0.0991499436640892,3.964430873556541,-0.4437621599486824,1.3231093250216794
70.0,294.0,137.7938690185547,-2.1197894820019507,2.682556644507335,-4.920920810427868,-3.0296890412534268,-2.4982021859095966,0.8427044705104604,-0.099069203409774,3.9642380925266063,-0.4441895330021806,1.323046092863299
70.0,294.0,137.7932586669922,-2.1200277724004377,2.6822007651043585,-4.920786482166958,-3.029701534161439,-2.4977626666520405,0.8425602282935594,-0.0990520476916044,3.964481914666192,-0.4437879806483412,1.3231084346095738
70.0,294.0,137.79330444335938,-2.120045643627815,2.682196341220472,-4.920446039064661,-3.029605312501078,-2.497302356588784,0.8425120243090869,-0.0992355569018397,3.9644056117952906,-0.4437614057944,1.323125017430714
70.0,294.0,137.79356384277344,-2.1197735800656305,2.682250800722687,-4.921384803199688,-3.029826918559565,-2.4976879928779625,0.8424741720514258,-0.0992519837412337,3.964402307160245,-0.4439395044596464,1.3231171287314585
70.0,294.0,137.79331970214844,-2.1203801009003245,2.682584814078236,-4.920714253335815,-3.029854935609569,-2.497776817396101,0.8425550669605997,-0.0990865876068884,3.9645365496601097,-0.4437568756461603,1.323191728120497
70.0,294.0,177.90628051757812,-0.9480992037287066,1.6698462529856726,-4.92126265432442,-3.066282443454009,-3.048841576344093,1.9184003846581128,-1.029547548154336,4.407033002134062,-0.5675828178794807,0.7291447687456702
70.0,294.0,137.79327392578125,-2.1203818613110874,2.682324532905972,-4.920548860776674,-3.029934451808169,-2.4977037018849635,0.8424356573489801,-0.0991256046818762,3.964450134138952,-0.4437479932653285,1.3231225117010477
70.0,294.0,137.79339599609375,-2.1206482130794133,2.6822381211709763,-4.920927556370099,-3.029861485447367,-2.4972156950655293,0.8425598705115961,-0.0991564189840444,3.964466718550859,-0.4438324681439415,1.3231558298939026
70.0,294.0,138.8553466796875,-2.1222250184014344,1.7859582697313516,-4.911992513925983,-3.027397375175113,-2.4919192799355665,0.8416130100114549,-0.0993832010494219,3.9665571402770703,-0.4440650734784624,1.323007832844661
70.0,294.0,137.79327392578125,-2.120353672841077,2.682205702282233,-4.920480445173131,-3.02993519660937,-2.497557783639797,0.8425648626467779,-0.0990841540670413,3.964553196461206,-0.4437592636856133,1.3231052057287809
70.0,294.0,137.79322814941406,-2.120211997126026,2.682132965784993,-4.920604182535984,-3.029786129025824,-2.497509911869556,0.8425367204567848,-0.0991810340499003,3.964432145641896,-0.4437547959624399,1.3231110371994494
70.0,294.0,137.7933807373047,-2.1201206268199977,2.6821652157304543,-4.92032988438328,-3.029977086176535,-2.4974789996436755,0.8425959019621837,-0.0990848702270648,3.964487884784493,-0.4439679623752829,1.3230451231065106
70.0,294.0,137.7932891845703,-2.120562381905317,2.6822087174236,-4.9203419476407,-3.0298977692037297,-2.497638024204418,0.8425636850525982,-0.099063671328882,3.9645885010399655,-0.4437697581120619,1.3230808312242437
70.0,294.0,137.7936248779297,-2.120104102156044,2.682348376340466,-4.920916566413463,-3.030047968651232,-2.498193076935676,0.8427079317706333,-0.099055176224852,3.9645555910924646,-0.4440161045576272,1.3230966809037252
70.0,294.0,137.80653381347656,-2.12013025406183,2.682206437265251,-4.916876166157021,-3.0316659225560776,-2.497818633536909,0.842712363651831,-0.1020180498295427,3.964484662681617,-0.4437588294334049,1.3230368696705703
70.0,294.0,137.79627990722656,-2.120137275710442,2.681366986857036,-4.920566503900825,-3.0293413537138068,-2.497153116729557,0.8425246002612545,-0.1007023916942838,3.964246913098469,-0.4437640518175358,1.3230785505542482
70.0,294.0,137.7942352294922,-2.120809969431753,2.6827412192367466,-4.920539058608568,-3.0297032946089506,-2.4975622312804,0.8425192875029476,-0.0991742738736226,3.9643753243792648,-0.4445204638354653,1.3231111289047672
70.0,294.0,137.79347229003906,-2.120875828412689,2.6821377571465854,-4.920330393627026,-3.029808701702509,-2.4973316174590514,0.8425045721254478,-0.0992715339244338,3.9645065882896606,-0.4439804716485085,1.323079333507163
70.0,294.0,142.65586853027344,-2.120217357588948,2.5776038391995773,-4.921640451545408,-3.028756471454678,-2.4332480393734857,0.825111926564502,-0.1040684608434276,3.964384853794576,-0.443827256960741,1.3231967229636057
70.0,294.0,137.79327392578125,-2.1205509358041565,2.6824042651523,-4.920650596328844,-3.0299150813608056,-2.4975413603345054,0.8425068369902384,-0.099095663367576,3.9644401682277177,-0.4437600667055122,1.3230323715016283
70.0,294.0,137.7933349609375,-2.121028101288648,2.682284729674981,-4.920464200456292,-3.02962680892166,-2.49768146878225,0.8423586999305762,-0.0991736516226529,3.9644012858795614,-0.4437674226703751,1.323093455181844
70.0,294.0,137.7932586669922,-2.120036149058624,2.6822102573907034,-4.920579652066272,-3.029853805796409,-2.4975165605839407,0.842535814917811,-0.099093286038777,3.964518597248628,-0.443767212851432,1.3231053505021644
70.0,294.0,137.79336547851562,-2.120108572674395,2.6822669965577166,-4.9203478139813965,-3.0298842440880684,-2.4975453057890107,0.8425872167240545,-0.0990879854907296,3.964519913536592,-0.4439841996087609,1.323062607298512
70.0,294.0,139.74215698242188,-2.1131709218476176,1.803630278508068,-4.918073236718287,-3.043100270232393,-2.49046803911063,0.8417378841259242,-0.1237817804067514,3.9645439207694975,-0.4500913416675831,1.324582817570424
70.0,294.0,145.3743896484375,-2.055715787756611,3.5459383446779773,-4.926743274509718,-3.033548482115602,-2.496961460418813,0.8144829614976842,-0.053820621728324,3.954244038928831,-0.4430671415972534,1.6597223734601851
70.0,294.0,139.49063110351562,-2.127036784137281,2.6864341888011003,-4.922580773522917,-3.0061126931140665,-1.94209301285814,0.8409841124852037,-0.5625834980067171,3.962763002701845,-0.4500653814960387,1.3055394714877115
70.0,294.0,137.79330444335938,-2.1205072922646147,2.682064321270928,-4.920369395921201,-3.0299204482077644,-2.497825939393929,0.8424958966073361,-0.099087126434485,3.964536159563605,-0.4437594353988583,1.3230140321519634
70.0,294.0,137.79327392578125,-2.120198425938202,2.682208769444446,-4.920358075380968,-3.029222253172972,-2.4975300538062304,0.8425252832403858,-0.099173263346461,3.964407213230317,-0.4437512268757145,1.323113218931352
70.0,294.0,155.14508056640625,-2.144416528898283,1.7532622941419214,-4.910340166670732,-3.045212005694971,-1.9538792327145715,0.8337103093690844,-1.0439633387742353,3.904955445319976,-0.4075869564763927,0.7623833671535221
70.0,294.0,137.7935333251953,-2.120377244223988,2.68232573130396,-4.9210422060078125,-3.030108672030188,-2.497761896142653,0.8427064838873964,-0.0990477371153467,3.964536814449924,-0.4440003785934701,1.3231058869317396
70.0,294.0,137.79345703125,-2.120252568217357,2.6820410432520707,-4.920895688271396,-3.0294730075153704,-2.4978956760459345,0.8422778238244956,-0.0991608437165173,3.964241422563549,-0.4439479395393315,1.3230855246278792
70.0,294.0,157.8895721435547,-2.151116586352581,1.7765067177928218,-4.954217446239854,-3.688038395004858,-2.586077377730949,0.8144731752930827,-0.6122097261475492,3.624379146848815,-0.454328507982406,0.9702287003031408
70.0,294.0,141.17755126953125,-2.11967355119222,1.7442453505596198,-4.921948054964021,-3.0350822811853315,-2.4976544704582087,0.8450160020041073,-0.1419427065156299,3.964377470099744,-0.449857504495278,1.3290373491300749
70.0,294.0,137.79324340820312,-2.1203103416673166,2.6821414796812166,-4.920383587507713,-3.029520249605862,-2.4977662330130688,0.842658473792187,-0.0992314729962495,3.964413794563956,-0.4437558273218226,1.3231124324819323
70.0,294.0,155.30633544921875,-2.110355142561264,1.7355664246072802,-4.897661520156259,-3.0945963635771343,-3.0647722813398968,0.8256285834289196,-1.0204516952792135,4.389633871132414,-0.4667985076585941,0.7287559592886229
70.0,294.0,158.0673828125,-2.13478528945232,1.8441109636686763,-4.929363763692761,-3.1294766675918138,-3.0546509867568057,1.330469986782295,-1.0107985278553162,3.543151829295136,-0.4498499097984712,0.7093224768745058
70.0,294.0,151.25607299804688,-2.172037136009037,1.7295055121999343,-4.886813252907739,-3.044272093932116,-2.527211347557737,0.8736419156014977,-1.0803740810791176,4.326682419773425,-0.4568381444550614,1.020613823807618
70.0,294.0,161.64561462402344,-2.0907104113109063,3.4111353629807355,-4.9818330168432166,-3.029534449754439,-2.439648505258743,0.7708512127133247,-1.112704951575796,3.9552686350756057,-0.4460401416355501,1.300175202948463
70.0,294.0,165.263427734375,-2.025108824505472,1.819420873531608,-4.880777358367313,-3.048511178555349,-3.076473591889685,0.724041054625411,-1.045823708623605,4.79798916193166,-0.408550783489008,0.6991762171530035
70.0,294.0,137.79388427734375,-2.1197969233219003,2.682501248865924,-4.920949556040982,-3.029357062199896,-2.498212685336491,0.8427023980871142,-0.0990543932277764,3.9646719084198985,-0.444199569359356,1.3230862715750584
70.0,294.0,160.2692413330078,-1.055922459328694,1.7735920722761906,-4.937958133848109,-1.695201673496223,-3.064020344723154,0.8372423768827528,-1.0608401158966236,4.429729571994304,-0.4561175576200931,0.7202760905369371
70.0,295.0,157.60691833496094,-2.1221509371431435,1.8392303061078088,-4.902514539010984,-3.0864103908050646,-3.0538475418464337,0.8517324402109121,-1.0171489627324086,3.092931355225164,-0.4559853455206131,0.9824460715350812
70.0,295.0,161.15728759765625,-1.9534206856324816,1.7536378394229737,-4.890109816254475,-3.0956079319477503,-3.0662115030366284,0.8279698431872164,-1.019189610828445,4.304919778195342,-0.4515226464921155,0.7024576952550962
70.0,295.0,137.79344177246094,-2.1196962010130527,2.6824182941647936,-4.920251678688344,-3.029913344719134,-2.4975185358559897,0.8423831987635177,-0.0990963602355691,3.964544836697913,-0.4438546572251493,1.323025839042994
70.0,295.0,137.793701171875,-2.120030376622767,2.6830103283145585,-4.920555287634625,-3.0296987301949434,-2.4978050147394155,0.8425503949758874,-0.0991029927603667,3.963993014102881,-0.4439102268699724,1.323076906571388
70.0,295.0,137.79322814941406,-2.1199599756739143,2.6821712650791856,-4.920570109911532,-3.0296015850167537,-2.497604626239145,0.8424856991165853,-0.0991576374468793,3.964489354866397,-0.4437793226536522,1.3231125156413772
70.0,295.0,150.95826721191406,-2.1262525097823337,1.7737189882144293,-4.926724315985826,-3.0259742329384216,-2.437463469842107,1.4099652745982325,-1.0262765149084487,3.9233814230264574,-0.4512474950726279,1.609887845109697
70.0,295.0,156.08035278320312,-2.1580996450789263,1.728328627406782,-4.879695436337815,-3.0850529772078543,-3.06587044186364,0.8359929899162684,-1.015638048938622,3.5437633377229565,-0.4462973345896071,0.7233871726910266
70.0,295.0,137.7932891845703,-2.120554274250577,2.6822056173959563,-4.920332985536434,-3.0299020365454563,-2.4975792081499244,0.8425545587399356,-0.0990635911997232,3.964582992355759,-0.4437529054915898,1.3230924336125232
70.0,295.0,137.793212890625,-2.1201717088171903,2.682207771963805,-4.9205603535743085,-3.02963570458936,-2.497635949209001,0.8425224553612974,-0.0991499436640892,3.964430873556541,-0.4437621599486824,1.3231093250216794
70.0,295.0,137.7938690185547,-2.1197894820019507,2.682556644507335,-4.920920810427868,-3.0296890412534268,-2.4982021859095966,0.8427044705104604,-0.099069203409774,3.9642380925266063,-0.4441895330021806,1.323046092863299
70.0,295.0,137.7932586669922,-2.1200277724004377,2.6822007651043585,-4.920786482166958,-3.029701534161439,-2.4977626666520405,0.8425602282935594,-0.0990520476916044,3.964481914666192,-0.4437879806483412,1.3231084346095738
70.0,295.0,137.79330444335938,-2.120045643627815,2.682196341220472,-4.920446039064661,-3.029605312501078,-2.497302356588784,0.8425120243090869,-0.0992355569018397,3.9644056117952906,-0.4437614057944,1.323125017430714
70.0,295.0,137.79356384277344,-2.1197735800656305,2.682250800722687,-4.921384803199688,-3.029826918559565,-2.4976879928779625,0.8424741720514258,-0.0992519837412337,3.964402307160245,-0.4439395044596464,1.3231171287314585
70.0,295.0,137.79331970214844,-2.1203801009003245,2.682584814078236,-4.920714253335815,-3.029854935609569,-2.497776817396101,0.8425550669605997,-0.0990865876068884,3.9645365496601097,-0.4437568756461603,1.323191728120497
70.0,295.0,177.90628051757812,-0.9480992037287066,1.6698462529856726,-4.92126265432442,-3.066282443454009,-3.048841576344093,1.9184003846581128,-1.029547548154336,4.407033002134062,-0.5675828178794807,0.7291447687456702
70.0,295.0,137.79322814941406,-2.1202108067058334,2.6823134501941395,-4.920570777297905,-3.0296769225000952,-2.4976327347705527,0.8427315476247936,-0.099111005130239,3.9644494245581727,-0.4437236698652992,1.3231255561296469
70.0,295.0,137.79339599609375,-2.1206482130794133,2.6822381211709763,-4.920927556370099,-3.029861485447367,-2.4972156950655293,0.8425598705115961,-0.0991564189840444,3.964466718550859,-0.4438324681439415,1.3231558298939026
70.0,295.0,138.8553466796875,-2.1222250184014344,1.7859582697313516,-4.911992513925983,-3.027397375175113,-2.4919192799355665,0.8416130100114549,-0.0993832010494219,3.9665571402770703,-0.4440650734784624,1.323007832844661
70.0,295.0,137.79327392578125,-2.120353672841077,2.682205702282233,-4.920480445173131,-3.02993519660937,-2.497557783639797,0.8425648626467779,-0.0990841540670413,3.964553196461206,-0.4437592636856133,1.3231052057287809
70.0,295.0,137.793212890625,-2.120240487719681,2.682223086914593,-4.920550387804266,-3.029701133706604,-2.497747936119382,0.842523539264097,-0.0991201871370545,3.9644247286759686,-0.4437705023598492,1.3231076708182017
70.0,295.0,137.7933807373047,-2.1201206268199977,2.6821652157304543,-4.92032988438328,-3.029977086176535,-2.4974789996436755,0.8425959019621837,-0.0990848702270648,3.964487884784493,-0.4439679623752829,1.3230451231065106
70.0,295.0,137.7932891845703,-2.120562381905317,2.6822087174236,-4.9203419476407,-3.0298977692037297,-2.497638024204418,0.8425636850525982,-0.099063671328882,3.9645885010399655,-0.4437697581120619,1.3230808312242437
70.0,295.0,137.79339599609375,-2.1199049803381915,2.6820596417220024,-4.920864856054417,-3.029707853630392,-2.497646064220397,0.8427504741843709,-0.0991461546040347,3.964551937497121,-0.4439715383138943,1.32311642695694
70.0,295.0,137.80287170410156,-2.120138487081769,2.682208256282772,-4.92425547008952,-3.031102657211429,-2.497304813239352,0.8423418031609889,-0.1014199657795322,3.9645044095600976,-0.4437801787073447,1.3225293394219992
70.0,295.0,137.79627990722656,-2.120137275710442,2.681366986857036,-4.920566503900825,-3.0293413537138068,-2.497153116729557,0.8425246002612545,-0.1007023916942838,3.964246913098469,-0.4437640518175358,1.3230785505542482
70.0,295.0,137.7942352294922,-2.120809969431753,2.6827412192367466,-4.920539058608568,-3.0297032946089506,-2.4975622312804,0.8425192875029476,-0.0991742738736226,3.9643753243792648,-0.4445204638354653,1.3231111289047672
70.0,295.0,137.79347229003906,-2.120875828412689,2.6821377571465854,-4.920330393627026,-3.029808701702509,-2.4973316174590514,0.8425045721254478,-0.0992715339244338,3.9645065882896606,-0.4439804716485085,1.323079333507163
70.0,295.0,142.65586853027344,-2.120217357588948,2.5776038391995773,-4.921640451545408,-3.028756471454678,-2.4332480393734857,0.825111926564502,-0.1040684608434276,3.964384853794576,-0.443827256960741,1.3231967229636057
70.0,295.0,137.79327392578125,-2.1205509358041565,2.6824042651523,-4.920650596328844,-3.0299150813608056,-2.4975413603345054,0.8425068369902384,-0.099095663367576,3.9644401682277177,-0.4437600667055122,1.3230323715016283
70.0,295.0,137.7933349609375,-2.121028101288648,2.682284729674981,-4.920464200456292,-3.02962680892166,-2.49768146878225,0.8423586999305762,-0.0991736516226529,3.9644012858795614,-0.4437674226703751,1.323093455181844
70.0,295.0,137.7932586669922,-2.120036149058624,2.6822102573907034,-4.920579652066272,-3.029853805796409,-2.4975165605839407,0.842535814917811,-0.099093286038777,3.964518597248628,-0.443767212851432,1.3231053505021644
70.0,295.0,137.79336547851562,-2.120108572674395,2.6822669965577166,-4.9203478139813965,-3.0298842440880684,-2.4975453057890107,0.8425872167240545,-0.0990879854907296,3.964519913536592,-0.4439841996087609,1.323062607298512
70.0,295.0,139.74215698242188,-2.1131709218476176,1.803630278508068,-4.918073236718287,-3.043100270232393,-2.49046803911063,0.8417378841259242,-0.1237817804067514,3.9645439207694975,-0.4500913416675831,1.324582817570424
70.0,295.0,145.3743896484375,-2.055715787756611,3.5459383446779773,-4.926743274509718,-3.033548482115602,-2.496961460418813,0.8144829614976842,-0.053820621728324,3.954244038928831,-0.4430671415972534,1.6597223734601851
70.0,295.0,139.49063110351562,-2.127036784137281,2.6864341888011003,-4.922580773522917,-3.0061126931140665,-1.94209301285814,0.8409841124852037,-0.5625834980067171,3.962763002701845,-0.4500653814960387,1.3055394714877115
70.0,295.0,137.79330444335938,-2.1205072922646147,2.682064321270928,-4.920369395921201,-3.0299204482077644,-2.497825939393929,0.8424958966073361,-0.099087126434485,3.964536159563605,-0.4437594353988583,1.3230140321519634
70.0,295.0,137.79327392578125,-2.120198425938202,2.682208769444446,-4.920358075380968,-3.029222253172972,-2.4975300538062304,0.8425252832403858,-0.099173263346461,3.964407213230317,-0.4437512268757145,1.323113218931352
70.0,295.0,155.14508056640625,-2.144416528898283,1.7532622941419214,-4.910340166670732,-3.045212005694971,-1.9538792327145715,0.8337103093690844,-1.0439633387742353,3.904955445319976,-0.4075869564763927,0.7623833671535221
70.0,295.0,137.7935333251953,-2.120377244223988,2.68232573130396,-4.9210422060078125,-3.030108672030188,-2.497761896142653,0.8427064838873964,-0.0990477371153467,3.964536814449924,-0.4440003785934701,1.3231058869317396
70.0,295.0,137.79345703125,-2.120252568217357,2.6820410432520707,-4.920895688271396,-3.0294730075153704,-2.4978956760459345,0.8422778238244956,-0.0991608437165173,3.964241422563549,-0.4439479395393315,1.3230855246278792
70.0,295.0,157.8895721435547,-2.151116586352581,1.7765067177928218,-4.954217446239854,-3.688038395004858,-2.586077377730949,0.8144731752930827,-0.6122097261475492,3.624379146848815,-0.454328507982406,0.9702287003031408
70.0,295.0,141.17755126953125,-2.11967355119222,1.7442453505596198,-4.921948054964021,-3.0350822811853315,-2.4976544704582087,0.8450160020041073,-0.1419427065156299,3.964377470099744,-0.449857504495278,1.3290373491300749
70.0,295.0,137.79324340820312,-2.1203103416673166,2.6821414796812166,-4.920383587507713,-3.029520249605862,-2.4977662330130688,0.842658473792187,-0.0992314729962495,3.964413794563956,-0.4437558273218226,1.3231124324819323
70.0,295.0,155.30633544921875,-2.110355142561264,1.7355664246072802,-4.897661520156259,-3.0945963635771343,-3.0647722813398968,0.8256285834289196,-1.0204516952792135,4.389633871132414,-0.4667985076585941,0.7287559592886229
70.0,295.0,158.0673828125,-2.13478528945232,1.8441109636686763,-4.929363763692761,-3.1294766675918138,-3.0546509867568057,1.330469986782295,-1.0107985278553162,3.543151829295136,-0.4498499097984712,0.7093224768745058
70.0,295.0,151.25607299804688,-2.172037136009037,1.7295055121999343,-4.886813252907739,-3.044272093932116,-2.527211347557737,0.8736419156014977,-1.0803740810791176,4.326682419773425,-0.4568381444550614,1.020613823807618
70.0,295.0,161.64561462402344,-2.0907104113109063,3.4111353629807355,-4.9818330168432166,-3.029534449754439,-2.439648505258743,0.7708512127133247,-1.112704951575796,3.9552686350756057,-0.4460401416355501,1.300175202948463
70.0,295.0,165.263427734375,-2.025108824505472,1.819420873531608,-4.880777358367313,-3.048511178555349,-3.076473591889685,0.724041054625411,-1.045823708623605,4.79798916193166,-0.408550783489008,0.6991762171530035
70.0,295.0,137.79388427734375,-2.1197969233219003,2.682501248865924,-4.920949556040982,-3.029357062199896,-2.498212685336491,0.8427023980871142,-0.0990543932277764,3.9646719084198985,-0.444199569359356,1.3230862715750584
70.0,295.0,160.2692413330078,-1.055922459328694,1.7735920722761906,-4.937958133848109,-1.695201673496223,-3.064020344723154,0.8372423768827528,-1.0608401158966236,4.429729571994304,-0.4561175576200931,0.7202760905369371
70.0,296.0,157.60691833496094,-2.1221509371431435,1.8392303061078088,-4.902514539010984,-3.0864103908050646,-3.0538475418464337,0.8517324402109121,-1.0171489627324086,3.092931355225164,-0.4559853455206131,0.9824460715350812
70.0,296.0,161.15728759765625,-1.9534206856324816,1.7536378394229737,-4.890109816254475,-3.0956079319477503,-3.0662115030366284,0.8279698431872164,-1.019189610828445,4.304919778195342,-0.4515226464921155,0.7024576952550962
70.0,296.0,137.79344177246094,-2.1196962010130527,2.6824182941647936,-4.920251678688344,-3.029913344719134,-2.4975185358559897,0.8423831987635177,-0.0990963602355691,3.964544836697913,-0.4438546572251493,1.323025839042994
70.0,296.0,137.79364013671875,-2.1200331609705803,2.681971725998077,-4.920565478430844,-3.029588375876678,-2.4977141989336227,0.8425526746150436,-0.099126495762549,3.96384694978284,-0.4437243110846922,1.3231060665429315
70.0,296.0,137.79322814941406,-2.1199599756739143,2.6821712650791856,-4.920570109911532,-3.0296015850167537,-2.497604626239145,0.8424856991165853,-0.0991576374468793,3.964489354866397,-0.4437793226536522,1.3231125156413772
70.0,296.0,150.95826721191406,-2.1262525097823337,1.7737189882144293,-4.926724315985826,-3.0259742329384216,-2.437463469842107,1.4099652745982325,-1.0262765149084487,3.9233814230264574,-0.4512474950726279,1.609887845109697
70.0,296.0,156.08035278320312,-2.1580996450789263,1.728328627406782,-4.879695436337815,-3.0850529772078543,-3.06587044186364,0.8359929899162684,-1.015638048938622,3.5437633377229565,-0.4462973345896071,0.7233871726910266
70.0,296.0,137.7932891845703,-2.120554274250577,2.6822056173959563,-4.920332985536434,-3.0299020365454563,-2.4975792081499244,0.8425545587399356,-0.0990635911997232,3.964582992355759,-0.4437529054915898,1.3230924336125232
70.0,296.0,137.793212890625,-2.1201717088171903,2.682207771963805,-4.9205603535743085,-3.02963570458936,-2.497635949209001,0.8425224553612974,-0.0991499436640892,3.964430873556541,-0.4437621599486824,1.3231093250216794
70.0,296.0,137.7938690185547,-2.1197894820019507,2.682556644507335,-4.920920810427868,-3.0296890412534268,-2.4982021859095966,0.8427044705104604,-0.099069203409774,3.9642380925266063,-0.4441895330021806,1.323046092863299
70.0,296.0,137.7932586669922,-2.1200277724004377,2.6822007651043585,-4.920786482166958,-3.029701534161439,-2.4977626666520405,0.8425602282935594,-0.0990520476916044,3.964481914666192,-0.4437879806483412,1.3231084346095738
70.0,296.0,137.7932891845703,-2.119970851951477,2.6822018288896543,-4.920627514989084,-3.0296302107014257,-2.4973366795938627,0.8423844221302595,-0.0991373329845054,3.9644394822279407,-0.4437809544051518,1.3230943732093026
70.0,296.0,137.79356384277344,-2.1197735800656305,2.682250800722687,-4.921384803199688,-3.029826918559565,-2.4976879928779625,0.8424741720514258,-0.0992519837412337,3.964402307160245,-0.4439395044596464,1.3231171287314585
70.0,296.0,137.79331970214844,-2.1203801009003245,2.682584814078236,-4.920714253335815,-3.029854935609569,-2.497776817396101,0.8425550669605997,-0.0990865876068884,3.9645365496601097,-0.4437568756461603,1.323191728120497
70.0,296.0,177.90628051757812,-0.9480992037287066,1.6698462529856726,-4.92126265432442,-3.066282443454009,-3.048841576344093,1.9184003846581128,-1.029547548154336,4.407033002134062,-0.5675828178794807,0.7291447687456702
70.0,296.0,137.79322814941406,-2.1202108067058334,2.6823134501941395,-4.920570777297905,-3.0296769225000952,-2.4976327347705527,0.8427315476247936,-0.099111005130239,3.9644494245581727,-0.4437236698652992,1.3231255561296469
70.0,296.0,137.79327392578125,-2.1203323214497813,2.682223153233484,-4.920311163405944,-3.0295974677220903,-2.4980037263286627,0.8425675137503569,-0.0991352840809883,3.964440567464328,-0.4437160111900268,1.3231301517447895
70.0,296.0,138.8553466796875,-2.1222250184014344,1.7859582697313516,-4.911992513925983,-3.027397375175113,-2.4919192799355665,0.8416130100114549,-0.0993832010494219,3.9665571402770703,-0.4440650734784624,1.323007832844661
70.0,296.0,137.79327392578125,-2.120353672841077,2.682205702282233,-4.920480445173131,-3.02993519660937,-2.497557783639797,0.8425648626467779,-0.0990841540670413,3.964553196461206,-0.4437592636856133,1.3231052057287809
70.0,296.0,137.793212890625,-2.120240487719681,2.682223086914593,-4.920550387804266,-3.029701133706604,-2.497747936119382,0.842523539264097,-0.0991201871370545,3.9644247286759686,-0.4437705023598492,1.3231076708182017
70.0,296.0,137.7933807373047,-2.1201206268199977,2.6821652157304543,-4.92032988438328,-3.029977086176535,-2.4974789996436755,0.8425959019621837,-0.0990848702270648,3.964487884784493,-0.4439679623752829,1.3230451231065106
70.0,296.0,137.7932891845703,-2.120562381905317,2.6822087174236,-4.9203419476407,-3.0298977692037297,-2.497638024204418,0.8425636850525982,-0.099063671328882,3.9645885010399655,-0.4437697581120619,1.3230808312242437
70.0,296.0,137.79339599609375,-2.1199049803381915,2.6820596417220024,-4.920864856054417,-3.029707853630392,-2.497646064220397,0.8427504741843709,-0.0991461546040347,3.964551937497121,-0.4439715383138943,1.32311642695694
70.0,296.0,137.80287170410156,-2.120138487081769,2.682208256282772,-4.92425547008952,-3.031102657211429,-2.497304813239352,0.8423418031609889,-0.1014199657795322,3.9645044095600976,-0.4437801787073447,1.3225293394219992
70.0,296.0,137.79627990722656,-2.120137275710442,2.681366986857036,-4.920566503900825,-3.0293413537138068,-2.497153116729557,0.8425246002612545,-0.1007023916942838,3.964246913098469,-0.4437640518175358,1.3230785505542482
70.0,296.0,137.7942352294922,-2.120809969431753,2.6827412192367466,-4.920539058608568,-3.0297032946089506,-2.4975622312804,0.8425192875029476,-0.0991742738736226,3.9643753243792648,-0.4445204638354653,1.3231111289047672
70.0,296.0,137.79347229003906,-2.120875828412689,2.6821377571465854,-4.920330393627026,-3.029808701702509,-2.4973316174590514,0.8425045721254478,-0.0992715339244338,3.9645065882896606,-0.4439804716485085,1.323079333507163
70.0,296.0,142.65586853027344,-2.120217357588948,2.5776038391995773,-4.921640451545408,-3.028756471454678,-2.4332480393734857,0.825111926564502,-0.1040684608434276,3.964384853794576,-0.443827256960741,1.3231967229636057
70.0,296.0,137.79327392578125,-2.1205509358041565,2.6824042651523,-4.920650596328844,-3.0299150813608056,-2.4975413603345054,0.8425068369902384,-0.099095663367576,3.9644401682277177,-0.4437600667055122,1.3230323715016283
70.0,296.0,137.79327392578125,-2.1201339558111245,2.682507166988284,-4.920653284149365,-3.029720718837052,-2.497819904942082,0.8427502855408648,-0.0991974223399202,3.964474682686042,-0.443764540044836,1.323095062705089
70.0,296.0,137.7932586669922,-2.120036149058624,2.6822102573907034,-4.920579652066272,-3.029853805796409,-2.4975165605839407,0.842535814917811,-0.099093286038777,3.964518597248628,-0.443767212851432,1.3231053505021644
70.0,296.0,137.79336547851562,-2.120108572674395,2.6822669965577166,-4.9203478139813965,-3.0298842440880684,-2.4975453057890107,0.8425872167240545,-0.0990879854907296,3.964519913536592,-0.4439841996087609,1.323062607298512
70.0,296.0,139.74215698242188,-2.1131709218476176,1.803630278508068,-4.918073236718287,-3.043100270232393,-2.49046803911063,0.8417378841259242,-0.1237817804067514,3.9645439207694975,-0.4500913416675831,1.324582817570424
70.0,296.0,145.3743896484375,-2.055715787756611,3.5459383446779773,-4.926743274509718,-3.033548482115602,-2.496961460418813,0.8144829614976842,-0.053820621728324,3.954244038928831,-0.4430671415972534,1.6597223734601851
70.0,296.0,139.49063110351562,-2.127036784137281,2.6864341888011003,-4.922580773522917,-3.0061126931140665,-1.94209301285814,0.8409841124852037,-0.5625834980067171,3.962763002701845,-0.4500653814960387,1.3055394714877115
70.0,296.0,137.7932891845703,-2.119993197623028,2.6820673226367444,-4.920301880446871,-3.029629696763205,-2.4976523968086064,0.8425235158392279,-0.0990882926471457,3.964665685460108,-0.4437579369118415,1.3230067681237343
70.0,296.0,137.79327392578125,-2.120198425938202,2.682208769444446,-4.920358075380968,-3.029222253172972,-2.4975300538062304,0.8425252832403858,-0.099173263346461,3.964407213230317,-0.4437512268757145,1.323113218931352
70.0,296.0,155.14508056640625,-2.144416528898283,1.7532622941419214,-4.910340166670732,-3.045212005694971,-1.9538792327145715,0.8337103093690844,-1.0439633387742353,3.904955445319976,-0.4075869564763927,0.7623833671535221
70.0,296.0,137.7935333251953,-2.120377244223988,2.68232573130396,-4.9210422060078125,-3.030108672030188,-2.497761896142653,0.8427064838873964,-0.0990477371153467,3.964536814449924,-0.4440003785934701,1.3231058869317396
70.0,296.0,137.79345703125,-2.120252568217357,2.6820410432520707,-4.920895688271396,-3.0294730075153704,-2.4978956760459345,0.8422778238244956,-0.0991608437165173,3.964241422563549,-0.4439479395393315,1.3230855246278792
70.0,296.0,157.8895721435547,-2.151116586352581,1.7765067177928218,-4.954217446239854,-3.688038395004858,-2.586077377730949,0.8144731752930827,-0.6122097261475492,3.624379146848815,-0.454328507982406,0.9702287003031408
70.0,296.0,141.17755126953125,-2.11967355119222,1.7442453505596198,-4.921948054964021,-3.0350822811853315,-2.4976544704582087,0.8450160020041073,-0.1419427065156299,3.964377470099744,-0.449857504495278,1.3290373491300749
70.0,296.0,137.79324340820312,-2.1203103416673166,2.6821414796812166,-4.920383587507713,-3.029520249605862,-2.4977662330130688,0.842658473792187,-0.0992314729962495,3.964413794563956,-0.4437558273218226,1.3231124324819323
70.0,296.0,155.30633544921875,-2.110355142561264,1.7355664246072802,-4.897661520156259,-3.0945963635771343,-3.0647722813398968,0.8256285834289196,-1.0204516952792135,4.389633871132414,-0.4667985076585941,0.7287559592886229
70.0,296.0,158.0673828125,-2.13478528945232,1.8441109636686763,-4.929363763692761,-3.1294766675918138,-3.0546509867568057,1.330469986782295,-1.0107985278553162,3.543151829295136,-0.4498499097984712,0.7093224768745058
70.0,296.0,151.25607299804688,-2.172037136009037,1.7295055121999343,-4.886813252907739,-3.044272093932116,-2.527211347557737,0.8736419156014977,-1.0803740810791176,4.326682419773425,-0.4568381444550614,1.020613823807618
70.0,296.0,161.64561462402344,-2.0907104113109063,3.4111353629807355,-4.9818330168432166,-3.029534449754439,-2.439648505258743,0.7708512127133247,-1.112704951575796,3.9552686350756057,-0.4460401416355501,1.300175202948463
70.0,296.0,165.263427734375,-2.025108824505472,1.819420873531608,-4.880777358367313,-3.048511178555349,-3.076473591889685,0.724041054625411,-1.045823708623605,4.79798916193166,-0.408550783489008,0.6991762171530035
70.0,296.0,137.79388427734375,-2.1197969233219003,2.682501248865924,-4.920949556040982,-3.029357062199896,-2.498212685336491,0.8427023980871142,-0.0990543932277764,3.9646719084198985,-0.444199569359356,1.3230862715750584
70.0,296.0,160.2692413330078,-1.055922459328694,1.7735920722761906,-4.937958133848109,-1.695201673496223,-3.064020344723154,0.8372423768827528,-1.0608401158966236,4.429729571994304,-0.4561175576200931,0.7202760905369371
70.0,297.0,157.60691833496094,-2.1221509371431435,1.8392303061078088,-4.902514539010984,-3.0864103908050646,-3.0538475418464337,0.8517324402109121,-1.0171489627324086,3.092931355225164,-0.4559853455206131,0.9824460715350812
70.0,297.0,161.15728759765625,-1.9534206856324816,1.7536378394229737,-4.890109816254475,-3.0956079319477503,-3.0662115030366284,0.8279698431872164,-1.019189610828445,4.304919778195342,-0.4515226464921155,0.7024576952550962
70.0,297.0,137.79344177246094,-2.1196962010130527,2.6824182941647936,-4.920251678688344,-3.029913344719134,-2.4975185358559897,0.8423831987635177,-0.0990963602355691,3.964544836697913,-0.4438546572251493,1.323025839042994
70.0,297.0,137.79324340820312,-2.1201705844545944,2.6821057371721144,-4.920567793090759,-3.0296186169720194,-2.4976295696406594,0.8425356230408321,-0.0991360850336303,3.964336570406613,-0.4438161013122789,1.3231255230057295
70.0,297.0,137.79322814941406,-2.1199599756739143,2.6821712650791856,-4.920570109911532,-3.0296015850167537,-2.497604626239145,0.8424856991165853,-0.0991576374468793,3.964489354866397,-0.4437793226536522,1.3231125156413772
70.0,297.0,150.95826721191406,-2.1262525097823337,1.7737189882144293,-4.926724315985826,-3.0259742329384216,-2.437463469842107,1.4099652745982325,-1.0262765149084487,3.9233814230264574,-0.4512474950726279,1.609887845109697
70.0,297.0,156.08035278320312,-2.1580996450789263,1.728328627406782,-4.879695436337815,-3.0850529772078543,-3.06587044186364,0.8359929899162684,-1.015638048938622,3.5437633377229565,-0.4462973345896071,0.7233871726910266
70.0,297.0,137.7932891845703,-2.120554274250577,2.6822056173959563,-4.920332985536434,-3.0299020365454563,-2.4975792081499244,0.8425545587399356,-0.0990635911997232,3.964582992355759,-0.4437529054915898,1.3230924336125232
70.0,297.0,137.793212890625,-2.1201717088171903,2.682207771963805,-4.9205603535743085,-3.02963570458936,-2.497635949209001,0.8425224553612974,-0.0991499436640892,3.964430873556541,-0.4437621599486824,1.3231093250216794
70.0,297.0,137.7938690185547,-2.1197894820019507,2.682556644507335,-4.920920810427868,-3.0296890412534268,-2.4982021859095966,0.8427044705104604,-0.099069203409774,3.9642380925266063,-0.4441895330021806,1.323046092863299
70.0,297.0,137.7932586669922,-2.1200277724004377,2.6822007651043585,-4.920786482166958,-3.029701534161439,-2.4977626666520405,0.8425602282935594,-0.0990520476916044,3.964481914666192,-0.4437879806483412,1.3231084346095738
70.0,297.0,137.7932891845703,-2.119970851951477,2.6822018288896543,-4.920627514989084,-3.0296302107014257,-2.4973366795938627,0.8423844221302595,-0.0991373329845054,3.9644394822279407,-0.4437809544051518,1.3230943732093026
70.0,297.0,137.79335021972656,-2.1199190626822486,2.682203591060266,-4.920260448684684,-3.029798102868518,-2.4976717201947096,0.8425759409382381,-0.0993082990815605,3.964294944468016,-0.4437657072559021,1.323055492315527
70.0,297.0,137.79331970214844,-2.1203801009003245,2.682584814078236,-4.920714253335815,-3.029854935609569,-2.497776817396101,0.8425550669605997,-0.0990865876068884,3.9645365496601097,-0.4437568756461603,1.323191728120497
70.0,297.0,177.90628051757812,-0.9480992037287066,1.6698462529856726,-4.92126265432442,-3.066282443454009,-3.048841576344093,1.9184003846581128,-1.029547548154336,4.407033002134062,-0.5675828178794807,0.7291447687456702
70.0,297.0,137.793212890625,-2.120249498271009,2.682333910135368,-4.920560766005659,-3.0296784996231767,-2.497627770591702,0.8426418613395619,-0.0991577932024162,3.964446385669595,-0.4437222389710967,1.3231082466367
70.0,297.0,137.79327392578125,-2.1203323214497813,2.682223153233484,-4.920311163405944,-3.0295974677220903,-2.4980037263286627,0.8425675137503569,-0.0991352840809883,3.964440567464328,-0.4437160111900268,1.3231301517447895
70.0,297.0,138.8553466796875,-2.1222250184014344,1.7859582697313516,-4.911992513925983,-3.027397375175113,-2.4919192799355665,0.8416130100114549,-0.0993832010494219,3.9665571402770703,-0.4440650734784624,1.323007832844661
70.0,297.0,137.79327392578125,-2.120353672841077,2.682205702282233,-4.920480445173131,-3.02993519660937,-2.497557783639797,0.8425648626467779,-0.0990841540670413,3.964553196461206,-0.4437592636856133,1.3231052057287809
70.0,297.0,137.793212890625,-2.120240487719681,2.682223086914593,-4.920550387804266,-3.029701133706604,-2.497747936119382,0.842523539264097,-0.0991201871370545,3.9644247286759686,-0.4437705023598492,1.3231076708182017
70.0,297.0,137.7933807373047,-2.1201206268199977,2.6821652157304543,-4.92032988438328,-3.029977086176535,-2.4974789996436755,0.8425959019621837,-0.0990848702270648,3.964487884784493,-0.4439679623752829,1.3230451231065106
70.0,297.0,137.7932891845703,-2.120562381905317,2.6822087174236,-4.9203419476407,-3.0298977692037297,-2.497638024204418,0.8425636850525982,-0.099063671328882,3.9645885010399655,-0.4437697581120619,1.3230808312242437
70.0,297.0,137.79339599609375,-2.1199049803381915,2.6820596417220024,-4.920864856054417,-3.029707853630392,-2.497646064220397,0.8427504741843709,-0.0991461546040347,3.964551937497121,-0.4439715383138943,1.32311642695694
70.0,297.0,137.79832458496094,-2.1201853055982016,2.6822082122784945,-4.922912390892754,-3.030169000160941,-2.4973677120331508,0.8423864520685306,-0.0988965096281869,3.9644425968268986,-0.4437714186178551,1.323623977813243
70.0,297.0,137.79627990722656,-2.120137275710442,2.681366986857036,-4.920566503900825,-3.0293413537138068,-2.497153116729557,0.8425246002612545,-0.1007023916942838,3.964246913098469,-0.4437640518175358,1.3230785505542482
70.0,297.0,137.7942352294922,-2.120809969431753,2.6827412192367466,-4.920539058608568,-3.0297032946089506,-2.4975622312804,0.8425192875029476,-0.0991742738736226,3.9643753243792648,-0.4445204638354653,1.3231111289047672
70.0,297.0,137.79347229003906,-2.120875828412689,2.6821377571465854,-4.920330393627026,-3.029808701702509,-2.4973316174590514,0.8425045721254478,-0.0992715339244338,3.9645065882896606,-0.4439804716485085,1.323079333507163
70.0,297.0,142.65586853027344,-2.120217357588948,2.5776038391995773,-4.921640451545408,-3.028756471454678,-2.4332480393734857,0.825111926564502,-0.1040684608434276,3.964384853794576,-0.443827256960741,1.3231967229636057
70.0,297.0,137.793212890625,-2.120183161629277,2.682301911955808,-4.920571683357341,-3.029442872211317,-2.497514231798758,0.842515508596723,-0.0990614634398245,3.9644254532425847,-0.4437618760031204,1.3230742318849065
70.0,297.0,137.79327392578125,-2.1201339558111245,2.682507166988284,-4.920653284149365,-3.029720718837052,-2.497819904942082,0.8427502855408648,-0.0991974223399202,3.964474682686042,-0.443764540044836,1.323095062705089
70.0,297.0,137.7932586669922,-2.120036149058624,2.6822102573907034,-4.920579652066272,-3.029853805796409,-2.4975165605839407,0.842535814917811,-0.099093286038777,3.964518597248628,-0.443767212851432,1.3231053505021644
70.0,297.0,137.79336547851562,-2.120108572674395,2.6822669965577166,-4.9203478139813965,-3.0298842440880684,-2.4975453057890107,0.8425872167240545,-0.0990879854907296,3.964519913536592,-0.4439841996087609,1.323062607298512
70.0,297.0,139.74215698242188,-2.1131709218476176,1.803630278508068,-4.918073236718287,-3.043100270232393,-2.49046803911063,0.8417378841259242,-0.1237817804067514,3.9645439207694975,-0.4500913416675831,1.324582817570424
70.0,297.0,145.3743896484375,-2.055715787756611,3.5459383446779773,-4.926743274509718,-3.033548482115602,-2.496961460418813,0.8144829614976842,-0.053820621728324,3.954244038928831,-0.4430671415972534,1.6597223734601851
70.0,297.0,139.49063110351562,-2.127036784137281,2.6864341888011003,-4.922580773522917,-3.0061126931140665,-1.94209301285814,0.8409841124852037,-0.5625834980067171,3.962763002701845,-0.4500653814960387,1.3055394714877115
70.0,297.0,137.7932891845703,-2.119993197623028,2.6820673226367444,-4.920301880446871,-3.029629696763205,-2.4976523968086064,0.8425235158392279,-0.0990882926471457,3.964665685460108,-0.4437579369118415,1.3230067681237343
70.0,297.0,137.79327392578125,-2.120198425938202,2.682208769444446,-4.920358075380968,-3.029222253172972,-2.4975300538062304,0.8425252832403858,-0.099173263346461,3.964407213230317,-0.4437512268757145,1.323113218931352
70.0,297.0,155.14508056640625,-2.144416528898283,1.7532622941419214,-4.910340166670732,-3.045212005694971,-1.9538792327145715,0.8337103093690844,-1.0439633387742353,3.904955445319976,-0.4075869564763927,0.7623833671535221
70.0,297.0,137.7935333251953,-2.120377244223988,2.68232573130396,-4.9210422060078125,-3.030108672030188,-2.497761896142653,0.8427064838873964,-0.0990477371153467,3.964536814449924,-0.4440003785934701,1.3231058869317396
70.0,297.0,137.79345703125,-2.120252568217357,2.6820410432520707,-4.920895688271396,-3.0294730075153704,-2.4978956760459345,0.8422778238244956,-0.0991608437165173,3.964241422563549,-0.4439479395393315,1.3230855246278792
70.0,297.0,157.8895721435547,-2.151116586352581,1.7765067177928218,-4.954217446239854,-3.688038395004858,-2.586077377730949,0.8144731752930827,-0.6122097261475492,3.624379146848815,-0.454328507982406,0.9702287003031408
70.0,297.0,141.17755126953125,-2.11967355119222,1.7442453505596198,-4.921948054964021,-3.0350822811853315,-2.4976544704582087,0.8450160020041073,-0.1419427065156299,3.964377470099744,-0.449857504495278,1.3290373491300749
70.0,297.0,137.79324340820312,-2.1203103416673166,2.6821414796812166,-4.920383587507713,-3.029520249605862,-2.4977662330130688,0.842658473792187,-0.0992314729962495,3.964413794563956,-0.4437558273218226,1.3231124324819323
70.0,297.0,155.30633544921875,-2.110355142561264,1.7355664246072802,-4.897661520156259,-3.0945963635771343,-3.0647722813398968,0.8256285834289196,-1.0204516952792135,4.389633871132414,-0.4667985076585941,0.7287559592886229
70.0,297.0,158.0673828125,-2.13478528945232,1.8441109636686763,-4.929363763692761,-3.1294766675918138,-3.0546509867568057,1.330469986782295,-1.0107985278553162,3.543151829295136,-0.4498499097984712,0.7093224768745058
70.0,297.0,151.25607299804688,-2.172037136009037,1.7295055121999343,-4.886813252907739,-3.044272093932116,-2.527211347557737,0.8736419156014977,-1.0803740810791176,4.326682419773425,-0.4568381444550614,1.020613823807618
70.0,297.0,161.64561462402344,-2.0907104113109063,3.4111353629807355,-4.9818330168432166,-3.029534449754439,-2.439648505258743,0.7708512127133247,-1.112704951575796,3.9552686350756057,-0.4460401416355501,1.300175202948463
70.0,297.0,165.263427734375,-2.025108824505472,1.819420873531608,-4.880777358367313,-3.048511178555349,-3.076473591889685,0.724041054625411,-1.045823708623605,4.79798916193166,-0.408550783489008,0.6991762171530035
70.0,297.0,137.79388427734375,-2.1197969233219003,2.682501248865924,-4.920949556040982,-3.029357062199896,-2.498212685336491,0.8427023980871142,-0.0990543932277764,3.9646719084198985,-0.444199569359356,1.3230862715750584
70.0,297.0,160.2692413330078,-1.055922459328694,1.7735920722761906,-4.937958133848109,-1.695201673496223,-3.064020344723154,0.8372423768827528,-1.0608401158966236,4.429729571994304,-0.4561175576200931,0.7202760905369371
70.0,298.0,157.60691833496094,-2.1221509371431435,1.8392303061078088,-4.902514539010984,-3.0864103908050646,-3.0538475418464337,0.8517324402109121,-1.0171489627324086,3.092931355225164,-0.4559853455206131,0.9824460715350812
70.0,298.0,161.15728759765625,-1.9534206856324816,1.7536378394229737,-4.890109816254475,-3.0956079319477503,-3.0662115030366284,0.8279698431872164,-1.019189610828445,4.304919778195342,-0.4515226464921155,0.7024576952550962
70.0,298.0,137.7933807373047,-2.1200058271272333,2.6823709307225627,-4.920580409795156,-3.030032356009697,-2.497670759120496,0.8425261922725042,-0.0991031818825111,3.964433655497567,-0.443943834719987,1.323067768166161
70.0,298.0,137.79324340820312,-2.1201705844545944,2.6821057371721144,-4.920567793090759,-3.0296186169720194,-2.4976295696406594,0.8425356230408321,-0.0991360850336303,3.964336570406613,-0.4438161013122789,1.3231255230057295
70.0,298.0,137.79322814941406,-2.1199599756739143,2.6821712650791856,-4.920570109911532,-3.0296015850167537,-2.497604626239145,0.8424856991165853,-0.0991576374468793,3.964489354866397,-0.4437793226536522,1.3231125156413772
70.0,298.0,150.95826721191406,-2.1262525097823337,1.7737189882144293,-4.926724315985826,-3.0259742329384216,-2.437463469842107,1.4099652745982325,-1.0262765149084487,3.9233814230264574,-0.4512474950726279,1.609887845109697
70.0,298.0,156.08035278320312,-2.1580996450789263,1.728328627406782,-4.879695436337815,-3.0850529772078543,-3.06587044186364,0.8359929899162684,-1.015638048938622,3.5437633377229565,-0.4462973345896071,0.7233871726910266
70.0,298.0,137.7932891845703,-2.120554274250577,2.6822056173959563,-4.920332985536434,-3.0299020365454563,-2.4975792081499244,0.8425545587399356,-0.0990635911997232,3.964582992355759,-0.4437529054915898,1.3230924336125232
70.0,298.0,137.793212890625,-2.1201717088171903,2.682207771963805,-4.9205603535743085,-3.02963570458936,-2.497635949209001,0.8425224553612974,-0.0991499436640892,3.964430873556541,-0.4437621599486824,1.3231093250216794
70.0,298.0,137.7938690185547,-2.1197894820019507,2.682556644507335,-4.920920810427868,-3.0296890412534268,-2.4982021859095966,0.8427044705104604,-0.099069203409774,3.9642380925266063,-0.4441895330021806,1.323046092863299
70.0,298.0,137.79322814941406,-2.120393856488555,2.682201709008296,-4.920786612166096,-3.029664392178036,-2.4975635047787232,0.8425899836931521,-0.0990856611226839,3.964582548223096,-0.443760516256471,1.3231086378832004
70.0,298.0,137.7932586669922,-2.1198967761438574,2.682205625074381,-4.920598993714273,-3.0296370524774177,-2.497503299680674,0.8425331668207564,-0.0991444887858803,3.964429643096068,-0.4437687276594954,1.3231034339141603
70.0,298.0,137.7932891845703,-2.119917070636318,2.6822021955455235,-4.920666018979111,-3.029416494139992,-2.497646919841699,0.8425109080026427,-0.0991457136047686,3.964267078950339,-0.4437354669805994,1.32314698049459
70.0,298.0,137.79331970214844,-2.1203801009003245,2.682584814078236,-4.920714253335815,-3.029854935609569,-2.497776817396101,0.8425550669605997,-0.0990865876068884,3.9645365496601097,-0.4437568756461603,1.323191728120497
70.0,298.0,177.90628051757812,-0.9480992037287066,1.6698462529856726,-4.92126265432442,-3.066282443454009,-3.048841576344093,1.9184003846581128,-1.029547548154336,4.407033002134062,-0.5675828178794807,0.7291447687456702
70.0,298.0,137.793212890625,-2.120249498271009,2.682333910135368,-4.920560766005659,-3.0296784996231767,-2.497627770591702,0.8426418613395619,-0.0991577932024162,3.964446385669595,-0.4437222389710967,1.3231082466367
70.0,298.0,137.7932586669922,-2.120255123996556,2.6821910673812,-4.9210076086309735,-3.0296426333838893,-2.497788450004893,0.8425436623962481,-0.0991409116961005,3.964425358347128,-0.4437816307475312,1.3231135690217308
70.0,298.0,138.8553466796875,-2.1222250184014344,1.7859582697313516,-4.911992513925983,-3.027397375175113,-2.4919192799355665,0.8416130100114549,-0.0993832010494219,3.9665571402770703,-0.4440650734784624,1.323007832844661
70.0,298.0,137.79327392578125,-2.120353672841077,2.682205702282233,-4.920480445173131,-3.02993519660937,-2.497557783639797,0.8425648626467779,-0.0990841540670413,3.964553196461206,-0.4437592636856133,1.3231052057287809
70.0,298.0,137.793212890625,-2.120240487719681,2.682223086914593,-4.920550387804266,-3.029701133706604,-2.497747936119382,0.842523539264097,-0.0991201871370545,3.9644247286759686,-0.4437705023598492,1.3231076708182017
70.0,298.0,137.7933807373047,-2.1201206268199977,2.6821652157304543,-4.92032988438328,-3.029977086176535,-2.4974789996436755,0.8425959019621837,-0.0990848702270648,3.964487884784493,-0.4439679623752829,1.3230451231065106
70.0,298.0,137.7932891845703,-2.120562381905317,2.6822087174236,-4.9203419476407,-3.0298977692037297,-2.497638024204418,0.8425636850525982,-0.099063671328882,3.9645885010399655,-0.4437697581120619,1.3230808312242437
70.0,298.0,137.79339599609375,-2.1199049803381915,2.6820596417220024,-4.920864856054417,-3.029707853630392,-2.497646064220397,0.8427504741843709,-0.0991461546040347,3.964551937497121,-0.4439715383138943,1.32311642695694
70.0,298.0,137.7949676513672,-2.12015754698023,2.6822077554017207,-4.918592919726052,-3.0305749626455296,-2.4975072783886696,0.8427314823366889,-0.0995271237011249,3.964411552828391,-0.4437593934737328,1.3233486970305015
70.0,298.0,137.79627990722656,-2.120137275710442,2.681366986857036,-4.920566503900825,-3.0293413537138068,-2.497153116729557,0.8425246002612545,-0.1007023916942838,3.964246913098469,-0.4437640518175358,1.3230785505542482
70.0,298.0,137.7942352294922,-2.120809969431753,2.6827412192367466,-4.920539058608568,-3.0297032946089506,-2.4975622312804,0.8425192875029476,-0.0991742738736226,3.9643753243792648,-0.4445204638354653,1.3231111289047672
70.0,298.0,137.79347229003906,-2.120875828412689,2.6821377571465854,-4.920330393627026,-3.029808701702509,-2.4973316174590514,0.8425045721254478,-0.0992715339244338,3.9645065882896606,-0.4439804716485085,1.323079333507163
70.0,298.0,142.65586853027344,-2.120217357588948,2.5776038391995773,-4.921640451545408,-3.028756471454678,-2.4332480393734857,0.825111926564502,-0.1040684608434276,3.964384853794576,-0.443827256960741,1.3231967229636057
70.0,298.0,137.793212890625,-2.120183161629277,2.682301911955808,-4.920571683357341,-3.029442872211317,-2.497514231798758,0.842515508596723,-0.0990614634398245,3.9644254532425847,-0.4437618760031204,1.3230742318849065
70.0,298.0,137.793212890625,-2.1203518835526585,2.682286115150176,-4.920531563950616,-3.0295062759578184,-2.49760378974308,0.8425698340156919,-0.0992028478362311,3.964431223210139,-0.4437641651368171,1.3230987699132553
70.0,298.0,137.7932586669922,-2.120036149058624,2.6822102573907034,-4.920579652066272,-3.029853805796409,-2.4975165605839407,0.842535814917811,-0.099093286038777,3.964518597248628,-0.443767212851432,1.3231053505021644
70.0,298.0,137.79336547851562,-2.120108572674395,2.6822669965577166,-4.9203478139813965,-3.0298842440880684,-2.4975453057890107,0.8425872167240545,-0.0990879854907296,3.964519913536592,-0.4439841996087609,1.323062607298512
70.0,298.0,139.74215698242188,-2.1131709218476176,1.803630278508068,-4.918073236718287,-3.043100270232393,-2.49046803911063,0.8417378841259242,-0.1237817804067514,3.9645439207694975,-0.4500913416675831,1.324582817570424
70.0,298.0,145.3743896484375,-2.055715787756611,3.5459383446779773,-4.926743274509718,-3.033548482115602,-2.496961460418813,0.8144829614976842,-0.053820621728324,3.954244038928831,-0.4430671415972534,1.6597223734601851
70.0,298.0,139.49063110351562,-2.127036784137281,2.6864341888011003,-4.922580773522917,-3.0061126931140665,-1.94209301285814,0.8409841124852037,-0.5625834980067171,3.962763002701845,-0.4500653814960387,1.3055394714877115
70.0,298.0,137.7932891845703,-2.119993197623028,2.6820673226367444,-4.920301880446871,-3.029629696763205,-2.4976523968086064,0.8425235158392279,-0.0990882926471457,3.964665685460108,-0.4437579369118415,1.3230067681237343
70.0,298.0,137.793212890625,-2.1201323253272006,2.6822066293643148,-4.920539788570173,-3.029428421759131,-2.4977230253051514,0.8425214472640613,-0.0991258462079179,3.964426181665944,-0.4437529508608694,1.3231100916358105
70.0,298.0,155.14508056640625,-2.144416528898283,1.7532622941419214,-4.910340166670732,-3.045212005694971,-1.9538792327145715,0.8337103093690844,-1.0439633387742353,3.904955445319976,-0.4075869564763927,0.7623833671535221
70.0,298.0,137.7935333251953,-2.120377244223988,2.68232573130396,-4.9210422060078125,-3.030108672030188,-2.497761896142653,0.8427064838873964,-0.0990477371153467,3.964536814449924,-0.4440003785934701,1.3231058869317396
70.0,298.0,137.79345703125,-2.120252568217357,2.6820410432520707,-4.920895688271396,-3.0294730075153704,-2.4978956760459345,0.8422778238244956,-0.0991608437165173,3.964241422563549,-0.4439479395393315,1.3230855246278792
70.0,298.0,157.8895721435547,-2.151116586352581,1.7765067177928218,-4.954217446239854,-3.688038395004858,-2.586077377730949,0.8144731752930827,-0.6122097261475492,3.624379146848815,-0.454328507982406,0.9702287003031408
70.0,298.0,141.17755126953125,-2.11967355119222,1.7442453505596198,-4.921948054964021,-3.0350822811853315,-2.4976544704582087,0.8450160020041073,-0.1419427065156299,3.964377470099744,-0.449857504495278,1.3290373491300749
70.0,298.0,137.79324340820312,-2.1203103416673166,2.6821414796812166,-4.920383587507713,-3.029520249605862,-2.4977662330130688,0.842658473792187,-0.0992314729962495,3.964413794563956,-0.4437558273218226,1.3231124324819323
70.0,298.0,155.30633544921875,-2.110355142561264,1.7355664246072802,-4.897661520156259,-3.0945963635771343,-3.0647722813398968,0.8256285834289196,-1.0204516952792135,4.389633871132414,-0.4667985076585941,0.7287559592886229
70.0,298.0,158.0673828125,-2.13478528945232,1.8441109636686763,-4.929363763692761,-3.1294766675918138,-3.0546509867568057,1.330469986782295,-1.0107985278553162,3.543151829295136,-0.4498499097984712,0.7093224768745058
70.0,298.0,151.25607299804688,-2.172037136009037,1.7295055121999343,-4.886813252907739,-3.044272093932116,-2.527211347557737,0.8736419156014977,-1.0803740810791176,4.326682419773425,-0.4568381444550614,1.020613823807618
70.0,298.0,161.64561462402344,-2.0907104113109063,3.4111353629807355,-4.9818330168432166,-3.029534449754439,-2.439648505258743,0.7708512127133247,-1.112704951575796,3.9552686350756057,-0.4460401416355501,1.300175202948463
70.0,298.0,165.263427734375,-2.025108824505472,1.819420873531608,-4.880777358367313,-3.048511178555349,-3.076473591889685,0.724041054625411,-1.045823708623605,4.79798916193166,-0.408550783489008,0.6991762171530035
70.0,298.0,137.79388427734375,-2.1197969233219003,2.682501248865924,-4.920949556040982,-3.029357062199896,-2.498212685336491,0.8427023980871142,-0.0990543932277764,3.9646719084198985,-0.444199569359356,1.3230862715750584
70.0,298.0,160.2692413330078,-1.055922459328694,1.7735920722761906,-4.937958133848109,-1.695201673496223,-3.064020344723154,0.8372423768827528,-1.0608401158966236,4.429729571994304,-0.4561175576200931,0.7202760905369371
70.0,299.0,157.60691833496094,-2.1221509371431435,1.8392303061078088,-4.902514539010984,-3.0864103908050646,-3.0538475418464337,0.8517324402109121,-1.0171489627324086,3.092931355225164,-0.4559853455206131,0.9824460715350812
70.0,299.0,161.15728759765625,-1.9534206856324816,1.7536378394229737,-4.890109816254475,-3.0956079319477503,-3.0662115030366284,0.8279698431872164,-1.019189610828445,4.304919778195342,-0.4515226464921155,0.7024576952550962
70.0,299.0,137.7932891845703,-2.120245338865009,2.6822883985099204,-4.920633091746642,-3.029997241596765,-2.497698312225384,0.8425375090547405,-0.0991374921456654,3.964401278344516,-0.4437180660421697,1.3231422461505813
70.0,299.0,137.79322814941406,-2.1202257007882244,2.6822277330301385,-4.920564732830558,-3.029601559218067,-2.497629297007425,0.8425152014189782,-0.0991701939855478,3.9644759137790735,-0.4438076224535619,1.3231279204624449
70.0,299.0,137.79322814941406,-2.1199599756739143,2.6821712650791856,-4.920570109911532,-3.0296015850167537,-2.497604626239145,0.8424856991165853,-0.0991576374468793,3.964489354866397,-0.4437793226536522,1.3231125156413772
70.0,299.0,150.95826721191406,-2.1262525097823337,1.7737189882144293,-4.926724315985826,-3.0259742329384216,-2.437463469842107,1.4099652745982325,-1.0262765149084487,3.9233814230264574,-0.4512474950726279,1.609887845109697
70.0,299.0,156.08035278320312,-2.1580996450789263,1.728328627406782,-4.879695436337815,-3.0850529772078543,-3.06587044186364,0.8359929899162684,-1.015638048938622,3.5437633377229565,-0.4462973345896071,0.7233871726910266
70.0,299.0,137.7932891845703,-2.120554274250577,2.6822056173959563,-4.920332985536434,-3.0299020365454563,-2.4975792081499244,0.8425545587399356,-0.0990635911997232,3.964582992355759,-0.4437529054915898,1.3230924336125232
70.0,299.0,137.793212890625,-2.1201717088171903,2.682207771963805,-4.9205603535743085,-3.02963570458936,-2.497635949209001,0.8425224553612974,-0.0991499436640892,3.964430873556541,-0.4437621599486824,1.3231093250216794
70.0,299.0,137.7938690185547,-2.1197894820019507,2.682556644507335,-4.920920810427868,-3.0296890412534268,-2.4982021859095966,0.8427044705104604,-0.099069203409774,3.9642380925266063,-0.4441895330021806,1.323046092863299
70.0,299.0,137.793212890625,-2.1202195650207094,2.6822099579494423,-4.9207313386832015,-3.029649483681874,-2.4975233463656235,0.8426500829747485,-0.0991268942897079,3.964388591752301,-0.4437703502977023,1.3231088475667625
70.0,299.0,137.79322814941406,-2.12002028977018,2.682207075184915,-4.920563642519524,-3.029635557652264,-2.497649049568698,0.8424742565755288,-0.0991309249400834,3.964427245648075,-0.443764932643059,1.323103417958458
70.0,299.0,137.79322814941406,-2.1203356301246674,2.682204100194736,-4.920716410750491,-3.0297504555653707,-2.497619641962415,0.8425055373076176,-0.0990861055828589,3.9644895386086594,-0.4437679422967233,1.3231181342968847
70.0,299.0,137.79331970214844,-2.1203801009003245,2.682584814078236,-4.920714253335815,-3.029854935609569,-2.497776817396101,0.8425550669605997,-0.0990865876068884,3.9645365496601097,-0.4437568756461603,1.323191728120497
70.0,299.0,177.90628051757812,-0.9480992037287066,1.6698462529856726,-4.92126265432442,-3.066282443454009,-3.048841576344093,1.9184003846581128,-1.029547548154336,4.407033002134062,-0.5675828178794807,0.7291447687456702
70.0,299.0,137.793212890625,-2.120249498271009,2.682333910135368,-4.920560766005659,-3.0296784996231767,-2.497627770591702,0.8426418613395619,-0.0991577932024162,3.964446385669595,-0.4437222389710967,1.3231082466367
70.0,299.0,137.7932586669922,-2.120255123996556,2.6821910673812,-4.9210076086309735,-3.0296426333838893,-2.497788450004893,0.8425436623962481,-0.0991409116961005,3.964425358347128,-0.4437816307475312,1.3231135690217308
70.0,299.0,138.8553466796875,-2.1222250184014344,1.7859582697313516,-4.911992513925983,-3.027397375175113,-2.4919192799355665,0.8416130100114549,-0.0993832010494219,3.9665571402770703,-0.4440650734784624,1.323007832844661
70.0,299.0,137.79327392578125,-2.120353672841077,2.682205702282233,-4.920480445173131,-3.02993519660937,-2.497557783639797,0.8425648626467779,-0.0990841540670413,3.964553196461206,-0.4437592636856133,1.3231052057287809
70.0,299.0,137.79319763183594,-2.1202495836625515,2.682216280026915,-4.920553908601295,-3.029575074418988,-2.497706424091299,0.8425332430529536,-0.099128228529161,3.9644308295275983,-0.4437700300359636,1.3231107284320136
70.0,299.0,137.7933807373047,-2.1201206268199977,2.6821652157304543,-4.92032988438328,-3.029977086176535,-2.4974789996436755,0.8425959019621837,-0.0990848702270648,3.964487884784493,-0.4439679623752829,1.3230451231065106
70.0,299.0,137.7932586669922,-2.1203869209058195,2.6822075768879405,-4.920263315081807,-3.029766952758165,-2.497631859398011,0.8425423222980718,-0.0991631119530006,3.964583627000853,-0.4437658603508254,1.323056119531096
70.0,299.0,137.79339599609375,-2.1199049803381915,2.6820596417220024,-4.920864856054417,-3.029707853630392,-2.497646064220397,0.8427504741843709,-0.0991461546040347,3.964551937497121,-0.4439715383138943,1.32311642695694
70.0,299.0,137.7949676513672,-2.12015754698023,2.6822077554017207,-4.918592919726052,-3.0305749626455296,-2.4975072783886696,0.8427314823366889,-0.0995271237011249,3.964411552828391,-0.4437593934737328,1.3233486970305015
70.0,299.0,137.793701171875,-2.12021220106043,2.682114685849194,-4.92055747349198,-3.0294050810968947,-2.497555697515244,0.8425270303166519,-0.0995554966785105,3.9639920436184695,-0.4437695777650624,1.323123745825897
70.0,299.0,137.7942352294922,-2.120809969431753,2.6827412192367466,-4.920539058608568,-3.0297032946089506,-2.4975622312804,0.8425192875029476,-0.0991742738736226,3.9643753243792648,-0.4445204638354653,1.3231111289047672
70.0,299.0,137.79347229003906,-2.120875828412689,2.6821377571465854,-4.920330393627026,-3.029808701702509,-2.4973316174590514,0.8425045721254478,-0.0992715339244338,3.9645065882896606,-0.4439804716485085,1.323079333507163
70.0,299.0,142.65586853027344,-2.120217357588948,2.5776038391995773,-4.921640451545408,-3.028756471454678,-2.4332480393734857,0.825111926564502,-0.1040684608434276,3.964384853794576,-0.443827256960741,1.3231967229636057
70.0,299.0,137.793212890625,-2.120183161629277,2.682301911955808,-4.920571683357341,-3.029442872211317,-2.497514231798758,0.842515508596723,-0.0990614634398245,3.9644254532425847,-0.4437618760031204,1.3230742318849065
70.0,299.0,137.793212890625,-2.1203518835526585,2.682286115150176,-4.920531563950616,-3.0295062759578184,-2.49760378974308,0.8425698340156919,-0.0992028478362311,3.964431223210139,-0.4437641651368171,1.3230987699132553
70.0,299.0,137.7932586669922,-2.120036149058624,2.6822102573907034,-4.920579652066272,-3.029853805796409,-2.4975165605839407,0.842535814917811,-0.099093286038777,3.964518597248628,-0.443767212851432,1.3231053505021644
70.0,299.0,137.79336547851562,-2.120108572674395,2.6822669965577166,-4.9203478139813965,-3.0298842440880684,-2.4975453057890107,0.8425872167240545,-0.0990879854907296,3.964519913536592,-0.4439841996087609,1.323062607298512
70.0,299.0,139.74215698242188,-2.1131709218476176,1.803630278508068,-4.918073236718287,-3.043100270232393,-2.49046803911063,0.8417378841259242,-0.1237817804067514,3.9645439207694975,-0.4500913416675831,1.324582817570424
70.0,299.0,145.3743896484375,-2.055715787756611,3.5459383446779773,-4.926743274509718,-3.033548482115602,-2.496961460418813,0.8144829614976842,-0.053820621728324,3.954244038928831,-0.4430671415972534,1.6597223734601851
70.0,299.0,139.49063110351562,-2.127036784137281,2.6864341888011003,-4.922580773522917,-3.0061126931140665,-1.94209301285814,0.8409841124852037,-0.5625834980067171,3.962763002701845,-0.4500653814960387,1.3055394714877115
70.0,299.0,137.7932891845703,-2.119993197623028,2.6820673226367444,-4.920301880446871,-3.029629696763205,-2.4976523968086064,0.8425235158392279,-0.0990882926471457,3.964665685460108,-0.4437579369118415,1.3230067681237343
70.0,299.0,137.793212890625,-2.1201323253272006,2.6822066293643148,-4.920539788570173,-3.029428421759131,-2.4977230253051514,0.8425214472640613,-0.0991258462079179,3.964426181665944,-0.4437529508608694,1.3231100916358105
70.0,299.0,155.14508056640625,-2.144416528898283,1.7532622941419214,-4.910340166670732,-3.045212005694971,-1.9538792327145715,0.8337103093690844,-1.0439633387742353,3.904955445319976,-0.4075869564763927,0.7623833671535221
70.0,299.0,137.7935333251953,-2.120377244223988,2.68232573130396,-4.9210422060078125,-3.030108672030188,-2.497761896142653,0.8427064838873964,-0.0990477371153467,3.964536814449924,-0.4440003785934701,1.3231058869317396
70.0,299.0,137.79345703125,-2.120252568217357,2.6820410432520707,-4.920895688271396,-3.0294730075153704,-2.4978956760459345,0.8422778238244956,-0.0991608437165173,3.964241422563549,-0.4439479395393315,1.3230855246278792
70.0,299.0,157.8895721435547,-2.151116586352581,1.7765067177928218,-4.954217446239854,-3.688038395004858,-2.586077377730949,0.8144731752930827,-0.6122097261475492,3.624379146848815,-0.454328507982406,0.9702287003031408
70.0,299.0,141.17755126953125,-2.11967355119222,1.7442453505596198,-4.921948054964021,-3.0350822811853315,-2.4976544704582087,0.8450160020041073,-0.1419427065156299,3.964377470099744,-0.449857504495278,1.3290373491300749
70.0,299.0,137.79324340820312,-2.1203103416673166,2.6821414796812166,-4.920383587507713,-3.029520249605862,-2.4977662330130688,0.842658473792187,-0.0992314729962495,3.964413794563956,-0.4437558273218226,1.3231124324819323
70.0,299.0,155.30633544921875,-2.110355142561264,1.7355664246072802,-4.897661520156259,-3.0945963635771343,-3.0647722813398968,0.8256285834289196,-1.0204516952792135,4.389633871132414,-0.4667985076585941,0.7287559592886229
70.0,299.0,158.0673828125,-2.13478528945232,1.8441109636686763,-4.929363763692761,-3.1294766675918138,-3.0546509867568057,1.330469986782295,-1.0107985278553162,3.543151829295136,-0.4498499097984712,0.7093224768745058
70.0,299.0,151.25607299804688,-2.172037136009037,1.7295055121999343,-4.886813252907739,-3.044272093932116,-2.527211347557737,0.8736419156014977,-1.0803740810791176,4.326682419773425,-0.4568381444550614,1.020613823807618
70.0,299.0,161.64561462402344,-2.0907104113109063,3.4111353629807355,-4.9818330168432166,-3.029534449754439,-2.439648505258743,0.7708512127133247,-1.112704951575796,3.9552686350756057,-0.4460401416355501,1.300175202948463
70.0,299.0,165.263427734375,-2.025108824505472,1.819420873531608,-4.880777358367313,-3.048511178555349,-3.076473591889685,0.724041054625411,-1.045823708623605,4.79798916193166,-0.408550783489008,0.6991762171530035
70.0,299.0,137.79388427734375,-2.1197969233219003,2.682501248865924,-4.920949556040982,-3.029357062199896,-2.498212685336491,0.8427023980871142,-0.0990543932277764,3.9646719084198985,-0.444199569359356,1.3230862715750584
70.0,299.0,160.2692413330078,-1.055922459328694,1.7735920722761906,-4.937958133848109,-1.695201673496223,-3.064020344723154,0.8372423768827528,-1.0608401158966236,4.429729571994304,-0.4561175576200931,0.7202760905369371
