Run,Gen,F,1,2,3,4,5,6,7,8,9,10
44.0,0.0,5216.09130859375,0.6364914419910049,0.7220443415701026,0.0691214176585426,0.2496188158400557,0.1765644110597796,0.0766412149747067,0.3958040573532163,0.8316129820890935,0.1375279300098449,0.7116425065142699
44.0,0.0,7129.197265625,0.4457491942736968,0.9054940525872464,0.5416432181014028,0.8682547118440481,0.5148153395884687,0.6680935978160829,0.1285244046470195,0.5653521612237471,0.8278587816331723,0.2644374533773845
44.0,0.0,6836.60888671875,0.7601359571032302,0.0619870288964744,0.3008660201015536,0.2649936835741772,0.9986383745048014,0.6259059976372014,0.332055257186349,0.3958195569778326,0.4743331719997311,0.8981537356038813
44.0,0.0,5997.34033203125,0.2912914039163183,0.7822447944291457,0.9913094271012468,0.7844503674556315,0.1969042206834075,0.2101948263859194,0.1661221704162606,0.7511294723360272,0.0988896093000982,0.9678540120696434
44.0,0.0,6420.02294921875,0.068768121372539,0.3888449330882473,0.5546869612105044,0.2809865579451075,0.6802380656329324,0.4083943315024205,0.6785816531048895,0.9373094005647564,0.0455463026335334,0.2700991503373874
44.0,0.0,6863.96240234375,0.7702573341113886,0.8719122037506705,0.2580940301969876,0.6692146400221239,0.7243021144619753,0.6964619448517625,0.1761535021875956,0.3720815289424297,0.742527309368846,0.3698329867833337
44.0,0.0,6833.076171875,0.8880613725970606,0.8045658838981902,0.146917428119894,0.991858734107782,0.8112507745781911,0.8171551889920161,0.0592345001373449,0.0561322336139918,0.7825640501382052,0.5879480333364169
44.0,0.0,6805.88330078125,0.9727422323241453,0.3361337330614702,0.9630814011830238,0.7989029848700234,0.488067565530533,0.909903906242436,0.1708514316428158,0.5371745113694262,0.5208886012184103,0.1398631036482344
44.0,0.0,6507.0341796875,0.1867815793843694,0.918080051983356,0.4891933747489406,0.8312271340267274,0.4916937992535626,0.3537854931191547,0.6340183067018985,0.2418461583048934,0.3057891056679577,0.6656882012437009
44.0,0.0,7013.98486328125,0.4496406421489538,0.5197424936241747,0.3941145631113488,0.6159844459234948,0.1863276174868345,0.2119422628425891,0.995605605845864,0.0160920163435686,0.6164443987743946,0.7631988075537801
44.0,0.0,6999.349609375,0.5819317210208753,0.3211104865014662,0.7889503653832473,0.2702264857318079,0.8752620613912073,0.8574594821664377,0.7350901921772133,0.7498271177236217,0.2374116817109731,0.5957621236769038
44.0,0.0,6202.61083984375,0.4632520171623462,0.1032946992628172,0.3276505951173939,0.7398044355424584,0.1082225676656251,0.765452959124628,0.9294282254060215,0.850406207389031,0.3603139167535543,0.9210817904323648
44.0,0.0,6756.45947265625,0.5876660625005972,0.9761815189464652,0.2302451860479905,0.5920211284690639,0.2956854715696607,0.3283394794264327,0.4337276984480028,0.1042472835980836,0.8404419838574876,0.6940221505007355
44.0,0.0,6576.72265625,0.5279808563820049,0.8196179803164431,0.42946515036774,0.6710422281690506,0.5418034505910958,0.6223705920237945,0.8489910686262292,0.2830770355022465,0.2384320304371284,0.6151489910002174
44.0,0.0,7179.0419921875,0.5822480124473073,0.0255086119882995,0.4646199783547059,0.0306216482380444,0.3911501368862621,0.7268344687416375,0.2700324504483867,0.8354472333345359,0.8950451298619864,0.4585517706500827
44.0,0.0,6100.4052734375,0.8074238799067667,0.6233713221243345,0.046298627132876,0.3401170648970945,0.0628554525383273,0.4399499168614511,0.1003925071153459,0.4185603069443077,0.9923463477513328,0.6100433947263512
44.0,0.0,6998.662109375,0.7109956658575531,0.696778442531147,0.0960965222583065,0.3934309708678538,0.9901137594445832,0.8900448742179063,0.773834170199761,0.9635990436356908,0.608113746864018,0.8915159219450337
44.0,0.0,6025.8681640625,0.130873934225526,0.6433849982549317,0.9403648277753948,0.7709908857171172,0.058810803437948,0.9778708716162804,0.0779556401692972,0.1450942411904189,0.451472035425703,0.8399717294659045
44.0,0.0,6893.09130859375,0.2625390588299253,0.7444730704787984,0.4827991627651249,0.7888181443045226,0.8561792119208722,0.1087757072291102,0.82256991262274,0.9063802544492432,0.279929703807667,0.9291904766731997
44.0,0.0,6360.94970703125,0.944171882092147,0.4346391355845197,0.2731070184382228,0.2448793455175141,0.3069656336568628,0.3210444508689205,0.2973315855806353,0.5079281839530715,0.5533400381156844,0.8498729311262918
44.0,0.0,6876.67578125,0.0086292208999756,0.9632453025993464,0.7975832752193868,0.6614011179016259,0.5126833200097731,0.4804230576923787,0.2160320484978892,0.5574983062999977,0.6024572766426184,0.7136728337240693
44.0,0.0,7321.88134765625,0.1236891904960224,0.0939716049427772,0.5116600804360957,0.6412536183911477,0.410033504272108,9.17066935768318e-06,0.3541698724425773,0.3389397010440688,0.951300693277664,0.516301497608449
44.0,0.0,6735.70947265625,0.7551270004628641,0.3441551841278616,0.8064178084095902,0.0705324349231638,0.2642993987489292,0.7906996722723957,0.8846176207454876,0.7682143576518938,0.348770639590246,0.1139166894687143
44.0,0.0,6785.07568359375,0.8990306903122153,0.4462739851146077,0.2357510444034378,0.467588588952195,0.7300901293791019,0.3321966534288411,0.3056662376966953,0.7739846216385822,0.6571939752532625,0.1577294397615902
44.0,0.0,7496.23291015625,0.605728707785433,0.6133609484239068,0.7564046677032983,0.7751526094745006,0.9694352762651366,0.407275098943274,0.7961392637967096,0.9552025001395104,0.5280096920776854,0.7083771076661209
44.0,0.0,6893.96337890625,0.7102832762965348,0.4371284663394543,0.845809274483562,0.7292009551471768,0.6173327832412386,0.0359759223697736,0.9818686474733228,0.5544884621133103,0.0816212666195832,0.8988420068032791
44.0,0.0,5936.97998046875,0.6947476745788206,0.0140491238665797,0.1730290832419277,0.7896985195487479,0.7808113082247677,0.0602965251680194,0.3596522694644078,0.973872591305706,0.1103949446760534,0.7759190960674032
44.0,0.0,6471.27197265625,0.6476944603642978,0.475646945690284,0.0128865409808923,0.9194059052238628,0.4702079274925994,0.5025519792771045,0.506742768732411,0.6222380809664638,0.8466931623614454,0.7957972223490427
44.0,0.0,6008.57080078125,0.6861847127060574,0.1313783063736024,0.0054768009216857,0.6352345280251432,0.747571436684218,0.4224300038191051,0.7621170651174459,0.3324432267781807,0.3369889955659909,0.7027218018111476
44.0,0.0,6788.55859375,0.907821352021498,0.508471767509515,0.4267253000775913,0.9925043241327156,0.1327176392629112,0.567948373521662,0.0396566493029812,0.1892837577080444,0.9071565579215708,0.968678650534886
44.0,0.0,6309.99267578125,0.7021857200289084,0.2446308968831365,0.1012925761820785,0.3657868172611798,0.3961718611463679,0.9233447175499796,0.3035319504975603,0.967168005363232,0.6875308568000839,0.8341126688420136
44.0,0.0,7189.69091796875,0.2814152219676276,0.138686082358727,0.3805647754892431,0.2103973364135728,0.7580572618071354,0.3587750509244842,0.5370946838309895,0.4641519705420592,0.706597484549782,0.3586796166277892
44.0,0.0,7454.3193359375,0.1658000320203057,0.8974954904573552,0.6673401048867184,0.926063130743825,0.6762962201840905,0.3784178632956158,0.7789343967125658,0.1307691632471481,0.7096948991810144,0.8550646863074138
44.0,0.0,7798.1181640625,0.0513316640622207,0.8230343219537378,0.778374783281566,0.6947012733705408,0.7838372864181087,0.2670599866256912,0.5376236619215446,0.4779337170374943,0.9751036976163092,0.5655507399707678
44.0,0.0,5976.72607421875,0.0517381132685611,0.8040762522297389,0.1698021101678584,0.1934751719992711,0.4898544201276303,0.3876510068494215,0.4849534091634079,0.5705556447598096,0.3655269237785171,0.1463443098988693
44.0,0.0,6438.47900390625,0.3719872902395746,0.9013911769501218,0.0965425688928984,0.375994379359471,0.5700889721980766,0.4283078745694588,0.1663000644017936,0.447381724266194,0.7947675421809665,0.8566618427819626
44.0,0.0,6544.35205078125,0.011887941158465,0.738410080193223,0.3860021385353156,0.1061870600797669,0.5371792380072603,0.1876840507343943,0.9046578571213122,0.1775760309325703,0.2098444403626127,0.684044133369701
44.0,0.0,6972.13037109375,0.8103035427027817,0.3123118628646395,0.3153801950998514,0.3211407120423841,0.4213724403448313,0.8557524297350001,0.5301131123835023,0.089157181885709,0.7336221296763599,0.3151774100763387
44.0,0.0,6950.20849609375,0.0357689408578213,0.4833057115048403,0.7631327505638777,0.0001703374792578,0.722918900932477,0.7587748919168075,0.9468064332821464,0.282541304683878,0.2093903834784231,0.7671993134301944
44.0,0.0,6641.60107421875,0.7443782784298987,0.9034811435206096,0.165507476114895,0.9053845402362816,0.4529450870352731,0.6224372504127553,0.1871197623953323,0.937885257616636,0.8754863804056472,0.3966006856102499
44.0,0.0,6424.4912109375,0.0867427949154523,0.2372458243004072,0.7093229161622272,0.5140525567909907,0.3141109932378384,0.3491382106998237,0.0702448266297046,0.8613737692473239,0.4783558727961834,0.7575980200917007
44.0,0.0,5903.880859375,0.1579007102214973,0.8530082162349554,0.0591991703529636,0.276770720968012,0.9220488439931972,0.6412180792908707,0.3995535812264557,0.0978964001164192,0.1122235016563376,0.6092553324882828
44.0,0.0,7049.96142578125,0.2342952499699423,0.3033738980235375,0.4452538066373142,0.948810862996916,0.3309643010045956,0.9111790543936532,0.3795360973241111,0.6788707897701435,0.8635363975758327,0.8025703526608984
44.0,0.0,6305.83251953125,0.8976900389407452,0.0248794646220927,0.2797889564962081,0.4383451956277755,0.7606282448332755,0.4654710419046899,0.6547349044123931,0.4916095090060007,0.0708394070995019,0.433268280706984
44.0,0.0,5523.5966796875,0.8489193157970296,0.3121612281328487,0.473525187029154,0.3674637159705735,0.024584082295409,0.9648775059242782,0.411099498621775,0.9497964007814752,0.0472224275475753,0.7367753325649612
44.0,0.0,6364.26171875,0.0051715406704987,0.1282365269015714,0.617466706822373,0.5674352754450682,0.1313157934339182,0.0206359898131079,0.6579650715988985,0.1789070800067342,0.4599546884059312,0.3642044919646265
44.0,0.0,6927.03662109375,0.5164990525245604,0.889102911222384,0.8005997103028248,0.6135465697585378,0.8289585562395669,0.9911049563769296,0.7818822842053492,0.9088129541512528,0.2397216240372032,0.7861545788378449
44.0,0.0,6393.2724609375,0.8037408049886413,0.5806641708489809,0.1509571130917342,0.0944350968604958,0.8750524425906852,0.8511297546566926,0.7076421124456457,0.6345294718632335,0.2512835002673752,0.3650428104627561
44.0,0.0,6953.6171875,0.1360410435784887,0.8035983012836182,0.7060378758159476,0.2773541289986547,0.8467633874337399,0.9063139104225928,0.9617048058902736,0.0524371239081843,0.0445098585599884,0.103997162837803
44.0,0.0,6527.9365234375,0.0802774208616203,0.2016332402357123,0.3846992353166494,0.7812314767953754,0.5722231186582422,0.6005153956426389,0.2799568585620809,0.1022820077925668,0.5365417065430739,0.7759551531362971
44.0,0.0,6692.2763671875,0.0988205614984538,0.769465954716936,0.0816825891572741,0.4830062398104633,0.7676294790956782,0.1672986485593393,0.2009867860287626,0.528902297187024,0.8765624418880461,0.588907770131856
44.0,0.0,7598.15625,0.6483893318765958,0.965791063580006,0.9680090807896272,0.2469154958318575,0.4462708341508598,0.242582630002922,0.7988123304536473,0.661389106530035,0.8479667723722923,0.8179497807299824
44.0,0.0,8232.1103515625,0.9905961102191796,0.6227081753630562,0.7390881232918152,0.5680598531038683,0.9106048710341672,0.6793953060562519,0.9437636696106388,0.0680017174688838,0.8258336365799911,0.3478837271663277
44.0,0.0,5830.45556640625,0.9929520345581904,0.4672553318355756,0.2136454038746843,0.4333376449072461,0.6626334539728981,0.3035752027297393,0.239765051174298,0.3574571412030864,0.0130319050071618,0.3231004431800369
44.0,0.0,6196.40478515625,0.1029260428066347,0.1453900490747085,0.3211043363879143,0.6754824908849442,0.557106425998103,0.5310809210209325,0.3655314986325617,0.4057078289022082,0.2790071117480035,0.4734091014463741
44.0,0.0,6393.26171875,0.1861670297942799,0.2329000000936187,0.4111484574078526,0.2170067673126778,0.6772333571735364,0.0248014849888699,0.6221670023778344,0.9366601721979828,0.1805505340595884,0.6426328793751638
44.0,0.0,6746.4580078125,0.7151012059380233,0.3964320037281694,0.5253127125623889,0.7397815297736751,0.1387504896916646,0.4763435123492658,0.5856474009440403,0.7827042591493529,0.6450205688524413,0.7371173663776716
44.0,0.0,7333.87646484375,0.4571482451229022,0.5706294337897411,0.6261920357116375,0.9387117412037328,0.4813286699858002,0.2938324008502253,0.5914786499742544,0.0602383365259793,0.7765844500124893,0.6114795308603874
44.0,0.0,6657.544921875,0.0478418231864593,0.2227737826279733,0.8314083832049349,0.7014453464633299,0.3582515121076048,0.1226821873891053,0.4161234925463942,0.9362235602320352,0.5085979605124249,0.3363607628464886
44.0,0.0,6189.2880859375,0.0679161956845048,0.1918356206763383,0.629754314169948,0.9815964155151844,0.228181786270994,0.91841017122663,0.4881558616846958,0.9815278741247514,0.223884990076445,0.6371672526892129
44.0,0.0,7291.4931640625,0.6791479717013769,0.8707886867155504,0.9000708397290904,0.6156498060595654,0.3848617508946595,0.9174801682400244,0.6527223703289399,0.921069423521596,0.6743416971645224,0.808348503495678
44.0,0.0,6640.6923828125,0.0506729497727959,0.5895858473382688,0.3547569696758051,0.6437870527643069,0.1234425996786738,0.5034165829157968,0.4694219667837011,0.4663637541026731,0.8373310127309029,0.3706572955640791
44.0,0.0,6272.07373046875,0.6831910844019508,0.2721837001500522,0.8985435743334095,0.5782421329253145,0.195555706670059,0.3289793433711349,0.65017589543919,0.4931231388002299,0.0860576225823793,0.6620480174830722
44.0,0.0,6298.97900390625,0.0247875640281223,0.9200423452365684,0.4479845878297402,0.1251327854904974,0.3080294650342149,0.0685329419911532,0.5051937024076747,0.7863712997611869,0.2949874544160379,0.4114154083024965
44.0,0.0,6753.8642578125,0.0576405295121685,0.1414279953372305,0.8084689610186827,0.0270335879581463,0.7307092978374533,0.1901678911326825,0.7168365817427926,0.8949363599348952,0.2234103048062515,0.927894255560738
44.0,0.0,6713.724609375,0.2900562470004221,0.0477480380081654,0.9071546680378112,0.6465944174611366,0.3202941162716632,0.0455172715473534,0.5220323236990455,0.5190286575883535,0.4764345185830676,0.1550683292017217
44.0,0.0,6750.07666015625,0.884632137511453,0.3818170127760075,0.2839217805835884,0.6527225370187659,0.9612102803962688,0.2205691608843609,0.7039203784229321,0.9017772368544296,0.1766997916268864,0.2853102165716253
44.0,0.0,6167.126953125,0.7842349031470953,0.8272727213910596,0.2924542700716951,0.3960361970389204,0.3791130507309289,0.7401108202713789,0.5313220664988921,0.7215452220489507,0.3045672028446669,0.3436964376744698
44.0,0.0,6920.69140625,0.7380679758281407,0.607666614701186,0.3996456566866659,0.2862873971910659,0.4631393432351134,0.0793190109407472,0.0673155178233753,0.5814913963768753,0.7570876661164726,0.8632272751262088
44.0,0.0,6254.67919921875,0.0689264039939654,0.6744988549205029,0.3093499304244441,0.4566142242396392,0.0857908021703787,0.4560357152187775,0.1956023722201003,0.4998392869759529,0.7157812597936745,0.9661631560529138
44.0,0.0,5902.517578125,0.9902735768613964,0.3596683833937637,0.1543325765650974,0.89192941306552,0.2502285302081936,0.3283260458500528,0.8330701465537804,0.8237817702852129,0.1570674487434047,0.9740371174299116
44.0,0.0,5316.51513671875,0.6326431499307292,0.7364536917070522,0.1291158859491024,0.6697501044974833,0.0873213873004106,0.6042695761284874,0.504026846608468,0.1506389372119186,0.169293686474625,0.6126831239090916
44.0,0.0,5906.666015625,0.0804483029417663,0.417057361978147,0.7173359561353582,0.8393592045612177,0.013036827009214,0.7740199972754943,0.4130497559203913,0.3331693684227612,0.3497023903874497,0.2827722756376737
44.0,0.0,6051.2041015625,0.357706437068308,0.572064518309027,0.5588386402776535,0.271174232797988,0.1397774240179525,0.7371075479303303,0.4727276224225246,0.4514342060097329,0.2812013266653962,0.7281871453055789
44.0,0.0,6852.474609375,0.7860093805301748,0.3619569084042309,0.6709747503274306,0.9789310810840072,0.6811692879078626,0.4594458771140717,0.9655124627242436,0.1427769513590856,0.0224096369586405,0.2724303166426005
44.0,0.0,7040.98828125,0.8291724649685652,0.2022479850037286,0.407584868443655,0.2093499103712246,0.36110838109094,0.3566199025855207,0.9724177217741332,0.5792153995056729,0.5397275898339654,0.1488133191916896
44.0,0.0,7314.43896484375,0.5853226398576682,0.394132493047341,0.3532806722828082,0.852727400987597,0.284228360631639,0.7716321162386269,0.7456425033415826,0.7021281608564114,0.9695183624511228,0.4341468944992352
44.0,0.0,7950.81640625,0.582848760028304,0.6332618074631425,0.3414375001956443,0.036616312798837,0.9962317237487558,0.1762315845626115,0.7012153417719451,0.9451904314672692,0.954502845387689,0.3143238416246335
44.0,0.0,6486.18603515625,0.2763159280201399,0.6031863000082721,0.363873465315976,0.77736869363098,0.6383964679022892,0.08322129892309,0.4215904522004831,0.1775573682896196,0.4551460470691463,0.4656777216894093
44.0,0.0,7479.01513671875,0.1120867241920411,0.3538385863206029,0.8600701939234632,0.239321285368924,0.7413166609991048,0.3506982231911388,0.6833740214017103,0.0545533786131914,0.6613906134641026,0.8344981982663404
44.0,0.0,6831.31396484375,0.8028009482705241,0.5837605957909621,0.9659687250918408,0.8833543254240999,0.1540521988226498,0.4209249327424059,0.9721838920523856,0.1456746984899393,0.3721170874856743,0.9799817654569988
44.0,0.0,7012.36669921875,0.4458069734656846,0.1780752041349996,0.3749484453198723,0.8612249975901282,0.4749693975454674,0.6888076472649982,0.309370271903846,0.983285333454868,0.8600025642892526,0.2078178399142701
44.0,0.0,6645.48486328125,0.7910212064137462,0.5310708072380396,0.4119266151970593,0.3891823809002116,0.5011510803502984,0.0884262538239811,0.5084052681117402,0.8316789085813675,0.5097932949028711,0.6883651841685106
44.0,0.0,5887.70166015625,0.1639796668643851,0.5122999855598837,0.0958155846854015,0.4102196276926403,0.230147745540728,0.7753631488827868,0.0330360802650501,0.0829979127057214,0.6023810253935673,0.7680741103184652
44.0,0.0,7185.85400390625,0.9066294569529524,0.6888123713537663,0.3382696191089158,0.8332920822405357,0.9177516784083593,0.8314481833432451,0.0805087786883809,0.0977698580511983,0.6529990644556454,0.9145527532618016
44.0,0.0,6773.54638671875,0.6805012969529199,0.0744428660227051,0.7712577162358063,0.9462974700312732,0.8663886608467237,0.1006598693754662,0.6103762077091996,0.9973570641673086,0.0676305484720611,0.3154387691033858
44.0,0.0,7600.39697265625,0.9492254993738558,0.8860179217438778,0.3191031150480266,0.9722262394974658,0.931777457997934,0.0233755748823379,0.7195426079693517,0.812440174622698,0.716007945484138,0.0134206912739633
44.0,0.0,6159.46435546875,0.410673383443957,0.4953586820837429,0.4839707945941456,0.7969404140098589,0.1125803139345181,0.1157153902428329,0.5476320047515701,0.191658901425616,0.3559265222644616,0.019906145620138
44.0,0.0,6883.51708984375,0.1919972980402196,0.7576849833697061,0.737142501252111,0.1232511848082781,0.7556533509585561,0.022350298219286,0.7542390988813207,0.6887718421860715,0.3525987668923878,0.9549518829817312
44.0,0.0,6546.38720703125,0.8242283131065286,0.3979254806292196,0.0821313340166918,0.0778621241864371,0.2139071576886415,0.7774261544929542,0.5007116260225913,0.0551700477586946,0.9120441181667476,0.375079323136076
44.0,0.0,6527.46337890625,0.0423134222839358,0.6310732415569199,0.2845766257452371,0.7966734007233516,0.7339895915404887,0.879502597342912,0.7392269766202061,0.2748660245445863,0.3928702371356712,0.0782047923004416
44.0,0.0,6434.67431640625,0.1139145902112952,0.4466963375336927,0.0387369716195669,0.2307237129259256,0.7064177452997319,0.1950327040777065,0.8482136845600846,0.1235596282615313,0.5764255710435084,0.943979127161522
44.0,0.0,6455.41552734375,0.5277933989035755,0.4363439536630681,0.636397671063426,0.7568551804576059,0.1784011310863098,0.7582311821532158,0.6221191532896425,0.8747740968368624,0.4875411910391845,0.7361593746158354
44.0,0.0,6346.42138671875,0.3971334982489973,0.2097576888421201,0.4802512303056983,0.9348174848829666,0.1768958900301388,0.9850018027416526,0.95298168621848,0.755666977237483,0.1253000711749631,0.2080680595291673
44.0,0.0,7166.43798828125,0.7345747845355234,0.4596683777733112,0.580096780685863,0.8198108395228075,0.1906100147752917,0.8014922345965323,0.3752728513754981,0.7229805251683281,0.9691596862002492,0.8715638918620204
44.0,0.0,6674.23193359375,0.1831829242796095,0.961001610081859,0.1373432930857067,0.7268877848595546,0.3232513244053843,0.1822695826256987,0.2328021015432057,0.6107236387381405,0.9666153477397484,0.3379674089729519
44.0,0.0,7523.1630859375,0.3904610677448045,0.4023053737465201,0.4867410558060359,0.9792316275593986,0.9465518841045276,0.0991152735969164,0.6086662452574141,0.874694340047005,0.6344005659121302,0.6697341938458483
44.0,0.0,7226.10595703125,0.8258033640567999,0.8721703835507789,0.4498869686057121,0.8806061654484423,0.587284934110029,0.797497430677226,0.2810020394044464,0.5316677256198941,0.8718118808572559,0.0367934471893799
44.0,0.0,6333.4609375,0.851340258601388,0.3287615588124324,0.5008409379501872,0.7623993610237426,0.6458469863484719,0.4391854074458289,0.3624836698873733,0.2186613864808063,0.081459112505189,0.5097164446025725
44.0,0.0,6463.498046875,0.9382008444261352,0.232687087745041,0.61888302220635,0.52865156065933,0.792703304458412,0.5500525273786057,0.2567600343079688,0.2396032727533884,0.016090360836366,0.3985860551511373
44.0,1.0,6942.25,-0.2201191566055547,-0.0783524970363451,1.2194717737526863,2.208218974670533,0.7152562547571968,-0.4190521738674055,0.0513321300849911,-0.5871860672929525,0.2754314981603745,1.004070328463459
44.0,1.0,4656.255859375,0.2304215188808562,0.7901319885042044,0.4073696742054267,1.8892749428454527,-0.9748985998670392,-2.1259641126051942,0.6142948075682844,0.5821667454873154,-1.909995256092245,0.2966552786779601
44.0,1.0,3589.4130859375,0.9033724617035884,0.1343054168047031,-0.7557608711848927,-2.344863019725516,0.0804764014514471,0.0088227752160001,0.5656048101197699,0.0093512432261411,-0.1722928302810205,0.6795814215440306
44.0,1.0,5732.8037109375,1.850041171740541,0.3554078632632667,-1.1604733333676522,0.5236940943782926,1.0342768176842227,-0.3126260674985328,1.7279009372212588,1.1906326207615834,-0.2318142305788022,1.468813141900844
44.0,1.0,5147.71728515625,1.0618500824512385,0.9803438988108946,-0.4440715084307234,1.4852264883214996,0.6976980355625164,1.7690094887740235,0.4189498717735063,2.403704676408692,0.5162508727437212,0.3787664665427979
44.0,1.0,3374.7763671875,-0.4536646290862114,2.075416183355125,-1.416117127114723,-0.2569792919882401,0.8462491230830178,0.4071462104885937,-0.0814467815822341,1.436873245086451,-0.3877255035708646,-0.16551820993568
44.0,1.0,4581.18017578125,-0.089325628896578,1.068230267909282,0.0215872466627873,0.1694603305339228,-0.2956892370680357,-0.8775985052545883,0.9708488649758902,2.956575714897528,-0.7019250087221813,0.0326609292734225
44.0,1.0,6868.88330078125,1.807416750394468,0.8026952935982656,0.7833371388340806,0.2777091283645836,0.4762039249566383,-0.0995331750290438,-2.386801516443863,0.4815678047456035,0.5029280158022846,1.0552676448169072
44.0,1.0,3284.353759765625,0.516858709081629,0.876029154946818,-0.8898816913185952,0.5267484654644132,-0.2796599803722017,0.08546837174163,0.7910692211377519,1.085962607240324,0.0899991430352189,1.584412114343504
44.0,1.0,6049.16650390625,0.5155295409481369,0.3285900382669524,-0.4583365585298047,-1.1050725912062331,1.3907045171576868,1.2701950967592524,-0.0043649120788815,0.0395931305370638,0.4981222511852685,1.3713545977196269
44.0,1.0,6032.45654296875,-0.0148743405869415,0.5921270345160057,0.0524499283170847,-0.5017061470878179,-0.3597424535700018,-1.0300326815441094,1.9256975272938,0.1727771152415433,-0.7480842597533428,-0.3511207429463061
44.0,1.0,3975.61083984375,-0.2930972134047014,1.3400268485925757,-0.0612314193826737,-0.9474727205926284,-0.1159833067953739,-1.0228528647916697,-0.9091729601422768,1.850384432425498,-1.2556003061774734,0.6706172372340182
44.0,1.0,5270.71630859375,1.5956657580075395,0.2686676078021204,0.8928820907250525,0.654121662449441,-1.3303964110439548,-0.7769050141744396,0.5586752835526401,1.6142687477263529,0.2468067294286413,1.3667722725440834
44.0,1.0,8744.9130859375,0.6970712823746537,1.790875635060906,-1.9259308319975,-0.0947303214496866,0.2235672054743176,0.1025385606443531,1.699222725880106,1.5027228614915256,2.139469285139169,0.9985507308356204
44.0,1.0,3612.458984375,-0.4591753667320155,1.6452444314716883,-1.152317120284741,0.6912697512390773,0.6588155131917173,1.0038200285471586,-0.1309994987188663,1.76172448381653,0.0933216913016572,1.3881992329341468
44.0,1.0,5030.27685546875,-0.6558658307306073,2.888599237791885,-0.7919794996747065,-0.6074851075536083,1.4509039491295734,0.490249943820551,-0.2128090035829313,1.5263177313292786,-0.4450032819699085,0.6045695398602637
44.0,1.0,5736.00732421875,0.429857669255167,-0.1796379354346013,0.2161999767745923,-0.7652211169662664,-0.3964443725715947,-0.6031978959330129,0.3975385016004313,1.1837618333840494,0.8324196762933322,1.868011087773073
44.0,1.0,7299.521484375,-0.8409361042158174,0.9731867094541364,-0.186620715049905,1.5437627542042571,1.55726478229223,-1.7581217282164774,-0.1954129213462785,1.2892376580754927,0.7121925837654706,0.1050219607684708
44.0,1.0,4411.23876953125,0.957305304043686,-0.5700418321253888,-1.9462078033302568,1.1510406021019897,1.3613694100599698,0.3044517320539466,0.18335661331737,0.174349006951112,0.0440322324858204,0.6433384604150394
44.0,1.0,4180.80029296875,-1.0933654785284554,0.9960569850102328,0.1790526988864691,1.1348054467265118,-0.7967754037121333,0.1464184988167405,-0.0837068502413256,-0.9527886506212376,-1.2469253732376249,1.6282287265320416
44.0,1.0,6026.32421875,-0.8327551221279075,1.21514182277076,0.863226628921244,-0.5327757285792991,-0.5290917250215363,-0.5317390646633067,1.1426727442426534,-1.3579579242454178,0.2213844385665204,0.621856529521966
44.0,1.0,6356.72314453125,0.5683665832549281,1.5729064085682332,0.5209083825221628,-0.4209463093284524,-0.2768981016186229,0.1120539960493278,0.9928088584018492,1.4371154191380144,0.5829350674171803,0.7573398783553484
44.0,1.0,5298.841796875,1.5933438194388303,0.8756476438431129,0.3915815929222717,0.7928631927632859,-0.9363695434233428,0.5194942114733223,1.0400191507531753,1.3646946316349915,-0.2056650399185002,-0.9372059920491028
44.0,1.0,4711.2626953125,0.8896745362976883,-0.4088178366521937,-2.5529932843459764,-0.0330981271728898,0.4929969243522469,-0.1137120361574082,-0.2042574756438329,0.3571820485405039,1.3473738282307304,1.4913568029060258
44.0,1.0,4147.50537109375,0.1811486016711896,1.569684449658264,-0.8865900718698851,-0.6401061223836688,-0.0579202144763622,-0.1641796015632284,1.6719853804456726,1.0011721428145073,-0.5461130669314347,1.3166632841002714
44.0,1.0,7839.1005859375,1.4114037866078553,0.8692118824247537,0.7145875636628718,1.2977732739907388,-0.9303598883688,-0.2314498553089796,1.0191216336449216,-0.2073759293627208,1.3933773988104816,-1.0383145995405627
44.0,1.0,4772.66455078125,1.3644963318594918,0.5167654410352007,-2.518232051349208,0.3453130459590383,0.9947921585911336,0.4893783201087593,1.1182348734793963,0.4715273213947846,0.618353241856533,0.9200163158539548
44.0,1.0,2346.3115234375,-0.132335008619747,0.168714008080423,-1.5237188037016325,0.6650765792996429,-0.3291296059720592,-1.1232953603548057,0.6632675144863684,0.0122744195481949,-1.0988533132269571,1.3365148014135455
44.0,1.0,5567.43359375,1.1834281907546025,2.142949042179257,0.0128071996747278,0.7674265186425497,0.5029983291248872,-1.2258453979365616,0.289343843151002,-0.1019868208839565,0.136056178871712,3.019144632342165
44.0,1.0,4733.806640625,0.2066134631708358,-1.2945974062139132,-1.5564092866733903,-0.3387588352657396,-0.939506231437309,0.2401826038614878,-0.6164086762253191,-0.2437433308194005,1.5488847073862215,0.2127187104717078
44.0,1.0,5542.615234375,0.79770420825397,1.1488260569347863,-0.2210877147346766,-0.0388517971526694,1.1755490298557405,-1.9670934702756564,-0.2189428265472699,-0.0398606331542952,-2.112610271563564,0.8880933349616082
44.0,1.0,7914.38623046875,0.0650661834696304,0.0694135892092893,1.1676849474002724,-0.1322871406054657,0.151392865696696,0.7342122914450826,1.049187473040897,-0.2044860360431313,0.936957437546832,1.4696028579493952
44.0,1.0,5089.796875,1.010188670260698,0.1432092276769747,-0.3984905122834083,0.8922009587651978,-0.9110376767222164,-1.3507600624897789,0.9735245180433028,1.677469837303864,1.0008861815872123,-0.2013026949366896
44.0,1.0,4289.595703125,1.8448416739756937,1.4459235834033768,-0.7760787645227456,-0.4198584337500364,-0.972997022387502,-0.4186427375108934,0.583825028209243,2.67115575837628,0.9684569242791206,1.7562647532551807
44.0,1.0,6248.40185546875,0.6160723266183856,0.7887002603739921,0.0340054855144753,0.8769106350619627,0.0167385977458067,-1.2323678019960729,1.4764896767879865,1.4299330160800905,0.5491933221314174,0.9762852141034184
44.0,1.0,3932.96435546875,-0.0810337424072873,2.230569636839532,-0.4612265151816013,1.0428481591370191,-0.4534714429541306,0.2876151546585017,-0.7684539135950281,1.629545050226211,0.591978172935022,0.5667846271245569
44.0,1.0,6508.83544921875,1.001896324226779,1.2715519130512618,0.4972090442236236,-1.4739614477009075,0.9713147825516604,1.862369381639562,0.2771913032822173,0.5550840797886734,-1.104297133671844,0.0319492941043222
44.0,1.0,6034.416015625,1.7673490610358078,1.820963549427592,-1.2112548972406048,-0.1434090848900924,0.3884857127436874,1.2294006523201615,1.743119285477894,-0.209674032467376,0.6774451428405488,-0.0129643956186473
44.0,1.0,8118.6884765625,-0.1843880642123636,0.4387996399485159,-1.555154531271711,-0.7120256139531937,1.8130794219412936,-0.8161085690103089,1.5939429897233062,0.7261784913160394,1.1420645431768168,1.346831802586177
44.0,1.0,5492.82958984375,-0.4572469273623056,0.6747280235892461,-0.8149547426275712,1.3412217111669475,1.496141698384612,-1.352892882651819,0.6701305417968397,-0.0228105848270843,-1.2852723198419702,1.521181214090717
44.0,1.0,6900.07470703125,-0.8882018986737821,1.25969279792616,0.8960973024386387,1.5187377029565798,-0.4171796433242347,-0.0114099959006628,1.6419656253628911,-1.3070923519585476,0.4482253273891263,0.0850383921817732
44.0,1.0,6733.01416015625,0.974347949003688,0.4383661730496389,-0.589464636477067,0.8367660124785559,0.9414719533297884,-0.3448106561840811,0.9553022421479538,0.3123498383881014,1.048237479521557,-1.017141613975574
44.0,1.0,6077.23583984375,0.864812049752973,1.884621139891145,0.7212967138532189,-0.1037626598172138,-0.809288066534041,-0.4907873425021813,1.2604777033280516,0.3663352645779349,0.4131291426854178,0.3864026928012958
44.0,1.0,1428.8834228515625,0.4881470585182388,-1.4157759319025844,-1.772678732384966,-1.37316270940918,-1.6570098277242042,0.7206840431043693,0.1092796078439857,0.7906323142418659,-0.2612971398908783,0.523473612944203
44.0,1.0,7365.080078125,0.5038227550684669,-0.3374040205646702,0.3816059629169928,0.0761878549371424,0.9797638513115832,0.4698149244970304,-0.3438581184629079,2.4383001428965434,0.7402083087015976,0.9175427041884844
44.0,1.0,5181.2109375,0.8961404601590592,2.151107180554797,1.2725017941780798,1.3111030418169998,-0.8671902674586205,1.952000881936624,-0.6400742138373534,0.7657422149107909,-0.5480284620589639,0.1312754779394387
44.0,1.0,8347.603515625,1.1898901978567729,1.1778616082210016,2.197613333528098,0.5513564801678275,-2.831507304966766,-0.7166464754005428,-0.988808514501928,1.758825969387181,0.5903879273513191,0.4412066645850867
44.0,1.0,6006.3115234375,1.027895163300542,0.3651292902648881,-0.7910357131659875,-0.0418223678500586,-0.9717044135233176,1.0799488090004754,1.7285573720938636,1.3092181939603442,1.3061072704362855,1.7525303099025755
44.0,1.0,8470.3701171875,0.4496503491445072,-0.6491612322829372,-0.4401801700471512,-0.6025840893087802,-0.2645887064628951,-0.1020631801761497,0.4982498046645034,0.1806955145024735,2.226829349419618,1.9487679046858533
44.0,1.0,6235.65576171875,2.013680910734924,1.3700846896208452,-1.1903836188997796,0.0277074893183399,0.0997041588388008,-1.1215020512412366,1.372185721003273,0.3309106864262059,1.2555031122045666,1.3510132412394054
44.0,2.0,2592.978515625,-1.9291817857181013,1.5958088888891648,-0.4278886662457903,0.908466028004332,-1.5604258925886771,-0.948540981134669,-0.8941868292297457,1.2025342936646393,-1.152117778000358,1.522768703890839
44.0,2.0,3109.5615234375,0.1502785955699002,0.4389392559841187,-1.582516906630373,-1.082949454226151,-0.1024289009308327,-0.5266735312949038,-1.7614945992797626,3.2141169703297514,0.6260403901149285,1.0914607102513791
44.0,2.0,2921.53173828125,2.01336776572367,0.5015345755054508,-3.2872883104044783,0.8346552621503971,0.2226025037622339,1.4247409598435947,1.0125588081967596,1.0846127973248576,-0.9355181447423772,1.137942640998847
44.0,2.0,5633.2724609375,0.0499874588667399,1.5145628417456267,0.2937812194780074,-0.767398816526689,-0.7750407277754867,-0.0916012911949923,1.3674599205090896,1.6247987213095128,0.2683992108979982,-0.1526430023474558
44.0,2.0,2892.0341796875,0.7939781577584739,1.1793383433893014,-0.6139738413548148,1.7579995555450427,-1.5341575914392114,-1.4947217457016126,0.2498529151233572,1.1802019831703523,0.234755672066715,0.1473204432348707
44.0,2.0,3925.03173828125,-0.9124187321621572,0.3333481101446089,-2.0943290079088035,0.5433708830114785,-1.5435933124253802,1.619070886503894,2.07564495367682,1.2892685132293096,0.2079884383078099,-1.3914236648102007
44.0,2.0,4846.88330078125,0.671303720791907,-0.0337655134533223,0.8498614103718669,-0.7454145527350517,-1.0063512437960034,-0.8099238244331692,0.8328472689280506,2.7582327455611013,-0.8616128843497446,1.1186348357639853
44.0,2.0,7434.58251953125,1.1469894575614052,1.2181971065776669,-0.2227602795133707,-1.529508257326925,1.841966184245473,1.3350117623565243,-0.223625261797097,1.0358761938311511,0.3877637643554807,-1.2774235208056473
44.0,2.0,10728.4111328125,0.0275887386459015,0.5839589914544163,0.2073956873233768,-0.0239547364255505,3.1157247776924635,0.3449747821608753,0.7270413903145041,0.5349600966661079,-1.108253823645191,0.370541443930974
44.0,2.0,5673.70703125,2.208713517596075,0.2550615660670878,1.205572047554048,0.962213469519579,-0.7349293874563978,-1.1921932756504994,-1.6561484949687646,0.6214691257553797,-1.3342287954710308,2.210728304469153
44.0,2.0,1387.7093505859375,-0.6152118162149458,1.909047216016619,-1.4719947216748026,0.4989296017358668,-1.5490187348956388,0.7264770998041357,-0.0193049056402214,3.632618135981561,-0.5200479743938189,1.0178686497217129
44.0,2.0,2343.265625,2.691223366495686,0.2299255991385687,-3.160660193299151,-0.3352827014702644,-0.0501102435435685,-0.4046899106814088,-0.7208806835966293,-1.0504793072878291,0.0663879201123709,1.3697930766442037
44.0,2.0,2045.88671875,2.351815090598075,0.8789430861721206,-1.9085891273606783,-0.1967525322357994,-0.9414091930759464,2.333242537938391,-0.8448206178049942,0.3298770318879276,-1.053258771246088,0.4060167758265809
44.0,2.0,2937.41455078125,-0.6967329425140019,1.2947650456605144,-2.2739236049569485,0.0315218687152016,0.9400983318684696,-0.785244721586702,0.01536310383735,2.0094239733775616,-0.2881911265956907,1.6105070678735869
44.0,2.0,7837.9560546875,-0.0524768951696668,2.174872909576435,0.7872819510209297,0.0581942421218126,1.4198938522075322,-0.9128363089293492,0.2086825224801618,-0.1069178221909741,0.4010772972302128,2.088700163630316
44.0,2.0,4791.158203125,-1.2651899075797557,2.872483799107071,-0.8747830711975553,0.5523862109476863,-0.2892333569388068,1.0837327597801938,1.4886255387924097,1.92677916419958,0.6803781303235246,1.473284982175013
44.0,2.0,1529.7752685546875,-1.7806178805840682,0.4279571116182818,-1.407867795484214,0.3031300963038141,-2.2505019292887543,-0.4399520826597705,-1.3544594462402304,2.0624566779574662,-1.678948131015647,-1.1083262346213063
44.0,2.0,2639.310546875,1.3668032122570182,0.64472256517017,-3.005124886553832,-0.235569895438866,-0.278642759069923,0.792361550614844,1.333408004711364,1.738962465195785,0.2194411017698971,0.2555770914410811
44.0,2.0,1881.8931884765625,-0.3652169284455278,1.459715920595876,-2.826628064865952,1.034962285437297,-0.2814514954109395,1.0754947477793475,-0.0972226405080718,2.567743624850599,0.4708248474864662,0.1073606484186218
44.0,2.0,2820.23974609375,1.319018739847997,-0.1901732627866659,-2.323996191601405,-0.0085442186678452,0.6606782570144158,-1.1245171105893377,0.3037575648428152,0.4228640395615191,-1.0597521232303713,0.7396559628579347
44.0,2.0,4100.90673828125,0.9315892792977208,1.7134784294854013,-1.8194714604232345,-2.5239886798677778,0.5761366601840257,2.089584440802951,0.2039755819243343,1.60876473456541,0.6916144835267959,2.342249592013278
44.0,2.0,4657.455078125,3.052359226963828,0.2798321922603737,-2.2565302162945846,-0.1692803968410245,0.2233725171278466,-0.1192407060274804,1.7339817065521963,-0.5385094183826826,-1.8083326867591265,0.0630563037771239
44.0,2.0,8245.6845703125,1.1109302085150965,1.5763568474626322,2.499239156619195,0.6614407872524533,-1.9453654803197893,1.842573651289026,-0.5119174747532984,1.5576128008555117,-0.5699673004784609,0.3273366690674963
44.0,2.0,6167.2158203125,1.5109341541959287,0.5571795859012338,1.0375369794266316,2.0558410039145203,0.2882690107813186,0.4586014844240278,-1.1373402943154811,2.445579864938052,-0.4264039511986004,3.3703187580342977
44.0,2.0,3184.84912109375,-2.8054260835064406,-0.3664997249065767,-1.7732241777725344,-1.7742385460777892,-3.2347738487540205,-3.1060430418888894,-0.380691343329433,1.847622405569184,1.1678641707862605,0.2546857296737892
44.0,2.0,4502.26220703125,0.7360342522810139,0.8240276736364578,-0.6238306753190574,-1.3510682832487229,-1.739452880949481,1.0923415558015472,1.9741784383513616,0.561712967548508,-0.7004283079201121,-1.661691581355798
44.0,2.0,4456.5205078125,-0.0261745847788583,0.819004831442836,-0.86775248009197,-0.947278366147362,-1.1672339920328372,-0.7862264382454036,2.044462646726708,0.7629126631216323,-0.3501783032203809,2.045014931292452
44.0,2.0,2658.337158203125,-0.8083469687299347,1.7857170722872766,-1.3209095334940235,-0.1903903051372015,-0.5243000331311825,-0.467582962999673,1.0306862911512047,0.6675935546118472,-1.1984640790212584,1.941069976470456
44.0,2.0,2542.147705078125,0.1539512073062789,0.6722357884218431,-1.235250631195402,-1.5963788898878772,-0.119927501173028,0.6088773649447177,0.5146849782048726,2.6401797977073542,-1.4411089443918836,1.5254184031339424
44.0,2.0,3076.58935546875,0.5830068743217716,-1.11675738175859,-2.7855625831219,1.279687400620264,0.2887783588942003,1.3716274748705892,1.350750733810779,1.4444454517023717,-2.014943558685948,1.0721119544239466
44.0,2.0,7020.22119140625,0.7700611746431916,1.325325008012218,-0.6037710927057098,0.2626068592628279,-0.2077946917406636,1.017377122458523,2.2985183779468823,1.86799931007915,0.788987380759318,-1.1358765290856154
44.0,2.0,5497.7509765625,1.0473279191257865,0.9166045936321998,0.7150404718030927,-0.9013488734226796,-1.2967351137233,0.0673312722095422,0.7183480650887217,1.4989168195978009,0.5435965065093988,1.2445470966464818
44.0,2.0,2287.96728515625,0.2975626753688747,1.150021245670847,-1.9087618746003283,1.3495803998296907,-0.4376110989216339,0.8538467277404047,0.7254442656352982,-0.0521541989403342,-0.0437541947790993,1.2647808078533416
44.0,2.0,3149.6884765625,-2.726276887280372,1.6101102149990805,-1.0888704156233642,0.744682368084499,-0.1404551435951271,1.514941885718283,-0.5145487687516672,-1.081757910526124,0.305551809295908,0.4453150368166723
44.0,2.0,2668.589599609375,0.2941165957167726,-0.4927947440271527,-1.4437453026830926,-3.3387538999185224,-1.7718456612355429,0.0298019468451915,1.6035289565323172,1.5605360855270467,-0.2984067982534286,-0.3670490307345639
44.0,2.0,3708.03759765625,3.2926807128663533,0.4246257329915437,-0.8023615828539601,-0.2647285837784432,-0.7229744777474165,1.2690957278432062,0.4581930364745501,1.0450986333280283,-0.5722388898676654,-0.0762524336213719
44.0,2.0,3093.1103515625,-1.014948430734648,0.3881494927330564,-1.7150214881394592,0.4762076095492222,-0.8768645819823977,1.2366565678094998,-0.1039677015270132,2.467887217509431,0.977515388374468,-1.012416429758149
44.0,2.0,6122.16259765625,-2.6339310207704263,0.2404457107525326,-0.4114943011166687,0.4985892510353151,1.3771168052464455,1.9825699773770504,-0.0773455246136114,-0.0775674097963605,0.439635629491395,-0.9331746422286128
44.0,2.0,5791.20361328125,2.2387532842099027,0.3822462467716256,-0.7191657826719755,-0.8350051082856744,1.503074602167441,0.7503216396919896,-1.552905986424559,0.5662892694155559,-0.4616644186638696,1.243642202132377
44.0,2.0,3420.742431640625,-1.059185217165255,1.8334329864068248,-0.4005345379289489,1.559774724681389,-0.5613034307279268,-1.4938372752458964,-1.866366415145,-0.3407350835845744,0.1023920164395972,2.6159621358262752
44.0,2.0,2246.1953125,-0.2875667809749975,0.0299736565099459,-1.491663596679908,-0.5127955360771441,-1.212010494020892,-1.4883298244233272,0.0821708891319161,-0.8996697561486302,0.357935988776326,-1.1235063142541568
44.0,2.0,5104.87548828125,0.957017876798143,-1.596122522164673,-2.134328968459896,-0.5928336073427181,-0.0150115416964764,0.6102074111095321,1.11515695033893,0.3146689444657937,1.385540599120219,0.8095612698296168
44.0,2.0,1745.8975830078125,1.3248111422420823,-0.2401530708518091,-2.1702632240597857,2.018226040080389,-0.3861888711116448,-0.696380284019491,-0.1781913414334273,1.0122486630301717,-0.3733734326386964,1.875660055966101
44.0,2.0,2416.53173828125,-1.087121393484598,1.7367263808551812,-3.691434692437438,-0.752708476770966,0.92278654618947,-0.5931459366914815,-0.2474314635476906,2.529869965246516,-0.842178590137407,-0.9517291199200004
44.0,2.0,4095.524658203125,-0.2844508313609388,0.2681128950092173,-0.0009550839533218,-0.4637304411012284,-0.1388140601586975,-0.3899232409970574,-1.0759444288956477,2.513994041555909,-0.4895617048851424,0.1783841302149191
44.0,2.0,2345.253173828125,-0.5015006640324042,0.4835115478048477,-2.6760359703889463,1.0432325915672616,0.5638855879168103,0.0003960121825219,-0.2239717163257735,1.2282461583231887,-0.6725599474011847,0.8494298423667939
44.0,2.0,2967.3623046875,-0.2033748520855747,0.9867101495964086,-0.6535625113644521,0.0677321025350385,-0.2543528063762501,-1.7022068067328155,0.2212286609120317,2.45176738328474,-1.1261679467863543,0.6517343818129255
44.0,2.0,2720.1201171875,1.087704734809023,1.1978697552556117,-1.574845476656198,-1.1875740050507195,0.0281048966900332,0.2778063432885416,0.2782134525070114,-1.841444201641246,-2.057743388356207,1.3215069167843332
44.0,2.0,3075.101806640625,0.0152861154252459,3.914866703118873,-1.5259652507721655,-1.6940647050673436,-0.5019855296186639,0.7189635118734925,1.5076658674157803,1.364737112197716,-0.4885611473756635,-2.5092328633545806
44.0,2.0,2901.52392578125,-0.7529961068408157,2.423394330090712,-1.829932308956984,0.2286349839402168,0.0446109655580651,-0.2234662361769226,-0.744613307247346,-1.4168842475182135,0.2879064636528241,0.0787036491328452
44.0,3.0,1815.2391357421875,2.392524474838174,2.5123684493424205,-2.168185758541913,3.74696539232496,-1.0817565250931094,-0.7189205726053727,-0.7885252050693845,2.084508602600338,-0.3215945146658105,0.8240404875025238
44.0,3.0,3717.31201171875,1.402630535119954,0.2940866036431604,-0.8483956208702876,0.0113316881876492,0.2644131641872604,-0.2683501146590963,0.0407467233842346,2.435079724236755,-1.6965965170419608,-1.55135589788697
44.0,3.0,2725.471435546875,-1.0534748286554936,-1.4888706945645067,-0.6737195288846696,0.751030875585041,-1.3308176730707553,-2.8666944123770417,0.6924736863716552,1.479026932337236,-2.092018434537112,0.0123118826351475
44.0,3.0,2316.99267578125,0.9177846716394678,-1.9298884793676343,-2.8269052809361668,0.5048344780530929,0.0118835786684332,1.490143473556902,-2.309805337449367,0.9707605009763292,0.4251159313653758,2.589584759982259
44.0,3.0,5508.2861328125,0.1736279283571127,0.9244738865768056,-2.524073772775957,-1.7075425932491504,1.5797392413984497,-1.6385021649831617,-2.5336525333024147,1.651757742021509,1.0135206662108276,0.7761269889866043
44.0,3.0,6193.21923828125,-3.2527199409309944,2.3761682585073505,0.6707689880784562,0.4772259463998809,0.8267554275228051,-0.6129353219527625,-1.3700061910013257,0.354622357340344,-1.5106319683401708,0.7322445476843757
44.0,3.0,980.0125732421876,-1.130570817900499,1.0741535974430896,-3.3935399666998505,-1.93143148556106,-0.5364705194086907,1.1873091715312023,-0.7243330841741393,0.550368418595677,-0.9930307341784044,-0.0437542119985892
44.0,3.0,3041.00927734375,-3.441737408375698,1.803540066127684,-0.435794652513648,-0.1239790026430931,-0.7133281932092261,0.9745278498786334,0.3787759875836745,1.11663744590979,-2.05434989589386,0.5758398768200843
44.0,3.0,4418.16162109375,0.0171969376820513,0.9974313330486684,-1.980499798788829,-0.1449368344764865,0.6822587721175912,-0.6689781041103622,0.1997901595811093,2.1584982420561083,1.0048676354818111,-0.300864134278008
44.0,3.0,16986.216796875,-0.4696520743233998,2.2641908391008947,0.107652520959447,-1.9537974295231568,1.4796333183208272,0.7977170108138694,2.0158148126934865,1.9930964806364084,2.8989142112847883,1.961883647094545
44.0,3.0,2681.40234375,-0.5728189548347062,0.2322522406843097,-1.895231795890852,0.3181905746800284,-2.0391646591115578,-0.7186360230470097,-0.5085600207768355,3.617255650307685,0.9749268346595272,-0.5000007895389951
44.0,3.0,2778.2744140625,-0.0934512269615179,-0.2707363371252729,-1.7234805423937924,2.4790670587260184,-0.5068541096453956,1.955300958962269,0.8994826536339007,1.6954370847944382,0.2965121781298681,3.115365511057864
44.0,3.0,4127.21875,-1.764547043410409,1.6252691276097684,0.3561026940673191,-2.600634142898417,-2.319960719063688,-2.1728578179813858,-1.738411549225555,0.4947837733154845,-3.269631218207355,1.2973674022823405
44.0,3.0,1893.3857421875,0.0242848724970663,-1.0021530361096145,-4.991590805025981,-1.0231141860477488,-2.029142768169904,-1.2509104423462514,0.1590048766052829,-0.3660278918300648,0.9584601021393632,-0.92224748087191
44.0,3.0,2413.44384765625,-1.4083247024484469,-1.2997853818249396,-4.489249696426987,-0.3234246895833008,0.9272835564758832,0.7423682396260496,-0.9668248105124791,1.9441763570763868,-1.7582721694363448,1.7666319291820631
44.0,3.0,6426.42333984375,-0.0547401755662999,-1.1056632563224644,-0.6837226333175641,-0.919205008519234,1.9282650991936905,-0.910828166494662,-0.4555819176117461,3.371793714452192,-0.03031020798179,2.60567279777932
44.0,3.0,2473.376220703125,2.2550331748593635,1.3682943176708031,-3.764352939583016,1.1955933930035254,0.2054093946323103,-1.529367856178545,-1.1094267304591223,-1.2097809858928883,-1.2841501159561188,-0.3645480488178299
44.0,3.0,7779.2275390625,2.290240554405424,1.3342088652711397,-1.594998539472539,-0.4105768741115287,-0.1542473456136885,0.1239078069471686,0.6247472851068387,-0.2474709731593343,2.1420390993267784,2.0440746530376552
44.0,3.0,2736.63037109375,1.5776160878260417,-1.176978648859662,-2.886144894470793,2.9402470517151835,-2.9739825806738245,0.5600030154740487,-0.5631021321685727,1.014491123444076,1.1678527908665544,2.632309455110285
44.0,3.0,1825.06103515625,-0.392368689366477,0.9605749360813354,-2.103260802039056,3.285928877762704,-0.2565230350903809,1.6749101267925257,-2.218449637862729,1.16390577460482,-1.929172820817332,1.4144798907817249
44.0,3.0,5150.51904296875,-0.1938280319314529,0.9803974411438574,-0.5096965938365301,3.931052658290517,-2.169323564167676,1.600612661842562,1.5034052669058813,2.504415449066117,1.0085497450965484,-1.2412533065286468
44.0,3.0,5145.740234375,2.01151473708492,0.1170620305875491,-3.1122008943014148,-1.9394351826123013,0.1991693017352851,-1.7262223051949483,-1.011038957157131,0.6989555580491968,1.518970099952032,1.5576381628683649
44.0,3.0,1425.7093505859375,-0.5542421183782107,1.0895894306010598,-3.9333815890148527,-0.9466941670124588,0.0489425151216318,-1.7493147206685045,-0.8894062435406216,1.5725871296197846,-0.3269925361803221,0.5384082421378098
44.0,3.0,4285.10107421875,0.3343151383366169,-0.975798452589947,-1.0896103972600342,-0.8214768833762651,-0.4099940175150003,2.748262780501692,-0.4842732238628375,1.5197047126230148,1.2138857433960162,-0.0031891696736323
44.0,3.0,3633.565185546875,0.6563036876907109,1.3276188290914357,-0.9783798841712484,1.519001630661876,-0.9524681231948016,0.65856738058865,0.8428950769520966,1.2971272104783615,0.6723434799456793,2.001470352075573
44.0,3.0,393.01165771484375,-3.2190033188397065,0.1257989830756152,-4.4732229690987015,0.15558096968424,-2.014270888213636,-1.019634934531083,-2.3852437051223987,0.9353105139383802,-0.8465030605065236,-0.2242942095511653
44.0,3.0,6909.7119140625,0.8552164805969129,1.0472604139541382,-1.4109904156870376,0.6800672668597549,2.2347275804268563,0.3867384874934876,0.5896265874015096,1.716170916612234,-2.025793635869068,1.1457276408520691
44.0,3.0,1154.66650390625,1.636046348116662,2.338326813784124,-3.709757052640025,0.8973987121800402,-1.5649257255413174,-1.12489386813242,-1.2100566632562677,-4.035653356244119,0.0116506062799883,2.3994497181314607
44.0,3.0,496.456298828125,1.122538921310977,1.2878032171650418,-3.915728126142879,2.256856175545715,-3.0965231385790446,-0.2420123765521369,-1.9548787448501912,1.340583644275812,-0.3459388350130563,1.3265615058942215
44.0,3.0,4859.4150390625,3.56421278019843,2.879143241314443,0.1121577670349154,-1.0818946837827816,-2.544503936748797,1.7528955883477852,-1.8742064998692527,-0.1625818336613234,-1.4896284832857094,2.997728152131412
44.0,3.0,2163.076171875,-1.6064646354575758,-0.487995467509478,-2.2572311047987688,0.9741865450231142,0.0587705956512687,2.658381416212292,-1.2916848092093345,-2.239598203162525,-1.2460883411062595,-0.1979875619652649
44.0,3.0,758.3890380859375,-2.1050429699944626,3.428693890373655,-2.8043908763247365,1.8903780533071128,-2.378251732208213,0.3480552595709447,-2.0025813352975903,-1.2266992985754528,-0.8138185071208266,-0.1083040132891186
44.0,3.0,7811.84375,-1.0742831376829356,3.0089477008846046,1.0061149740004272,0.7614294533393604,1.436777607150388,-0.3087611464657778,0.9245723814938672,2.6171883567936085,-1.0945725313300727,1.650393257274068
44.0,3.0,4407.69384765625,-0.7223694964013125,1.5428300240222503,-0.1107157878383899,2.4511086947741747,0.1376508584928792,1.5173905906037677,-0.7824960182707263,1.0438002373348247,-2.046345714621587,0.8488751051148462
44.0,3.0,1454.3099365234375,1.893545897219552,1.8475406301892765,-2.299533024412942,2.749551532237668,-3.8732409105729975,-0.7156705746835534,-0.5288265228366127,-2.511296406055981,-1.8075857407159823,-0.3101057915485965
44.0,3.0,999.1490478515624,-1.0048665694169912,3.601163004587552,-3.587454538631505,0.8003517877952859,-0.9737042974690588,-1.328498120214634,-2.451373596619008,2.272123059387781,0.2679021564996553,1.4063115847542749
44.0,3.0,4066.2265625,0.5560433212268219,2.397236468545546,-2.200398033970835,0.6703632783013695,-1.0465048218763084,-1.9394219220667908,0.8406835260845256,4.565794732033039,1.441665960426228,1.7654982227862686
44.0,3.0,3246.889892578125,0.8570967080355176,0.0658236763192423,-3.794058261953466,0.4616406038404168,0.4913086419640633,2.465453297036801,-3.222519435398536,4.198622430672025,0.7125779511251187,-1.2033679060156368
44.0,3.0,7139.765625,0.9066772605131188,1.3047235013068228,-0.6474805131624235,-1.0766809171368452,0.5225429404215536,-0.0438033122631376,-2.681380245362676,-0.4955583815541464,1.5590741288572696,1.0053903895376255
44.0,3.0,3644.561279296875,0.9379886834536012,1.925425922585408,-2.6660069181894337,1.853125506176843,0.4161101638287618,2.48527832301658,-0.4790608005889183,2.773526033671507,0.9037231279712898,1.477681850994621
44.0,3.0,10089.5546875,3.669798601888262,2.645192497266152,1.1250532789793288,4.021784310902209,-0.6883075416822955,1.1629734397258489,0.6000764957103133,3.51287973307104,1.640430172520151,0.3449397311800979
44.0,3.0,2496.0361328125,0.4648729369761648,-2.07279338577641,-3.106252145010512,0.3859505737302795,-2.131379938013134,1.4619215629486773,1.6883778359794857,2.7757523444829326,0.519466095276087,1.2278856364959614
44.0,3.0,709.5621337890625,-0.4991757817237623,0.2785189919576458,-4.079708773176457,-1.9719735146805348,-1.0273318211501294,-1.1652870181364792,-0.8630332788228916,2.455022512810878,-0.0328046144348386,-0.1731786114931139
44.0,3.0,2358.287841796875,-1.8081400966878776,-0.6167032735810851,-2.065906614613316,-0.5881158880438626,0.168149692359635,-0.4148331649388517,0.2115561111393642,3.3674197374879924,-1.745987411786362,0.9232767606818229
44.0,3.0,575.57275390625,-0.0901632971887789,2.6396433106862016,-3.825628114363251,2.999426749583039,-2.5083135851065066,1.6127356597564289,0.5882853213541095,2.444703212364436,-1.8264092851362488,1.632156369986438
44.0,3.0,2394.489990234375,-1.772780572960496,-0.5849883004380771,-2.608326143087055,1.5484528935542432,0.4807324272333346,-0.3520067194011131,0.2630579449138581,3.3337040220291883,-2.0209988229456166,0.0907755551559112
44.0,3.0,951.36962890625,0.2488162504540447,3.419284863502499,-3.2759673143452583,0.6553758622142523,-0.6286053107167229,0.4116403138309019,0.2268343744234418,1.6523219655773769,-1.561075991793675,1.6578566643261023
44.0,3.0,816.9833984375,-1.9591027876595035,0.2427917428176371,-2.33568631916612,-0.832049614267719,-1.5193786968009206,0.0590307412661701,-2.925558480946146,3.161016471632572,-2.035059522672741,0.3767997892445649
44.0,3.0,3870.719482421875,-0.0569308933487793,0.2163432322139851,-0.5228242841346571,0.2403962384181373,0.2207762684697503,2.4840235108731576,-1.8508868281115824,1.05006460836573,-2.740230203808766,-0.091131825122332
44.0,3.0,648.3203125,1.2965549159317025,1.8982014877344755,-4.92499772518783,-3.819139443109494,-1.2224119620757956,1.872089615391188,-2.605888071414384,3.200602824404505,-0.0644695034951912,0.3321989427259666
44.0,4.0,3800.16796875,4.223385561134936,1.656947368762104,-3.5584568547277167,-1.0131778044750073,-0.5768838336835058,-3.5964694012275027,0.8787150197259832,-1.9822069711892576,-0.4627724222392926,-3.9651605183352063
44.0,4.0,1308.9471435546875,0.3103786341474981,0.2034985602666577,-1.9588752367905609,-0.9991572786392062,-2.161698010548774,-0.1720668484463274,-0.7506523539072694,-0.447657019295419,-2.9614867047685616,1.6766591709922984
44.0,4.0,1229.1376953125,-4.731212420596952,-1.9213232799774544,-2.2619620410791863,1.6434052144360622,-3.0714225765895407,-4.6619322742487865,-1.691160610745925,1.1103581542666203,-4.878970001717844,1.187438081843137
44.0,4.0,1459.3201904296875,0.647559683859809,2.520215270572165,-4.55317500748535,2.625406758059274,-0.2387049895214863,2.8791876615863865,-2.212144727173028,-3.0570891771297544,-0.5912199389610953,-0.8617888509719949
44.0,4.0,7994.24755859375,1.643811936991999,-3.918357764867229,-2.3821651855412744,1.2906112593289194,2.1445531009350383,0.4485211340434967,-3.7948500226436575,0.7607925806183191,1.2389451148653698,1.5546619359126446
44.0,4.0,2372.129150390625,0.5025038873620655,3.2086755714703123,-0.6329771723317243,-0.6040350667244923,-2.2532728146681618,-0.2810280015837412,-3.0096096674911634,1.067890343177206,-0.7530166757788672,4.16641126436417
44.0,4.0,921.1524658203124,-1.871491664603805,3.0568247002625952,-2.607975650880171,-0.6512292995687501,-2.706473702861795,2.7876084421108738,0.2829263889257829,0.9532836340888896,-3.207494816845992,4.453912896635687
44.0,4.0,10480.3720703125,-0.5765356099497483,3.681440221100417,-3.9266823393837225,4.045777199933413,-4.892212850724267,-0.5765228698845419,-4.274387672679284,2.522040835847122,3.1765699157822347,-2.5207869799071467
44.0,4.0,914.713134765625,-0.4441120221756129,3.634293401745621,-3.990839682753181,-0.2994388122976046,-0.5116201634842552,2.4825816622746544,-1.969941400672269,2.605940438708494,-3.2212755557483344,-0.501010626711806
44.0,4.0,1755.7523193359375,3.513375880799419,1.875605740999973,-4.975314952629283,-4.172386426112664,-2.7836825245605064,-2.656356512467304,0.3631522526354374,3.726305568423241,-3.0087694427784344,-2.2153237341698024
44.0,4.0,6611.21240234375,-2.5548594577113364,-0.0328371897880961,1.8619828373623808,-2.483803103163355,-1.76461359166111,-1.1364680745447089,0.6042134031335369,4.4408544090647055,-0.5597519279156744,-1.840838779594232
44.0,4.0,4423.87353515625,2.059224431742124,2.7510953767264645,0.3179302152051093,0.9206349362824175,-2.2020042588791378,-1.3475077664901858,0.1219798674539829,4.580055964495923,-0.9994983991872584,0.6649757896144664
44.0,4.0,6867.94384765625,1.3428578065057195,1.108580383547423,-1.1926794574693114,3.60767491572984,-0.506951113334698,3.7955398706005177,-0.4059790515282557,-1.4833797935002453,1.7790294835176663,4.297261453850688
44.0,4.0,2361.98779296875,-1.5610047905771154,3.475547416935653,-0.9790336976687436,0.081860731795408,-1.756588950460201,-3.1557819876865456,-2.8901192593627862,-3.550871162426014,-2.4493267592571275,-1.743957249677242
44.0,4.0,2347.289306640625,-1.6317126424995538,4.5202286108902605,-3.088434500315803,3.776424532605308,0.4224438607356866,-4.841914011102011,0.0391758455711475,4.988803993054294,-0.6408680041840595,0.2396226500652574
44.0,4.0,636.29345703125,-4.310824513279774,-1.6635812525323157,-2.9731139179912534,-1.63482936207417,-3.372340055118208,-1.497561673976095,-2.6307117992331595,1.1305625149564484,-0.5610406963236967,1.9047062272692648
44.0,4.0,4118.46337890625,-0.4713875166568355,3.3692508934461447,-1.5886731400570913,4.749518110171678,0.6151001518910721,2.31429599584134,-1.62071149942354,-4.986900036075145,0.4039810754121653,-1.0601426701922638
44.0,4.0,1054.9376220703125,-3.014078091121456,3.1146505184941624,-2.169270266172243,4.564036543418862,-4.199826509140364,2.1045514600275395,-0.1354971358450827,2.7560362308956154,-1.40948715791703,0.8108589113098921
44.0,4.0,963.580078125,-0.7169969520328001,-0.986068998290108,-3.643825112579752,4.6783068436218205,-2.460781514863142,4.795124915943656,0.6472891408251353,1.5003402007359048,0.041971655063774,1.6856638948674971
44.0,4.0,7095.3076171875,0.353802005225809,2.9097699853767747,-2.017316472474379,-1.3556903336520207,0.5897411973379354,3.4793830612664465,0.0010290376419135,-1.9234323249834824,1.750583757659216,3.868106045955367
44.0,4.0,677.5408935546875,-4.984605653202793,2.2964329340683696,-4.157199414585829,0.2859780424594991,-4.962704861057237,-2.7047249272428138,-4.707470322991574,-0.8024827077732697,-2.810405891402036,2.068739924640491
44.0,4.0,1679.8719482421875,-1.7427313282415104,3.0452379001742464,-1.488731259610088,-1.4827589990772003,-2.50839212063688,-3.010299534853158,-4.762550808512592,1.9337916977591068,-0.1275729044127329,-1.2017796989482594
44.0,4.0,5823.0517578125,3.4054735747266047,1.1119914669767503,-3.277231366067116,-1.4967739273054317,0.2540748586286181,-1.7551263177510623,-1.6084116939094395,0.0836567781702246,1.4612864526700653,4.512543962834894
44.0,4.0,1797.1717529296875,0.9834302041855184,-0.8529435661584293,-4.411377988686999,1.2521048350275512,-1.899379264264388,0.6792140220850937,-1.169030221377544,0.6585949116366541,0.813626737654408,-2.138414211381966
44.0,4.0,1725.7064208984375,1.3571641958249805,1.5761165690661656,-4.943372417180568,1.7492998493180387,-1.5547700925778738,0.04390674148003,-0.3257237594923268,-2.4923091846438794,0.5883715425377467,3.1855882833563083
44.0,4.0,6920.43310546875,-1.5994678589806206,1.1139624089111884,-3.760245838456001,0.9117195843130704,-0.2236771516512075,-2.859399211323346,-3.2550585873253994,-1.7918892088596556,2.353110912147124,-0.9584884631304966
44.0,4.0,428.9021301269531,-0.3261089377960493,2.2903005672027845,-4.998230601858858,0.6072689348783298,-3.00999714562649,-0.747293601211684,-1.557509784592427,2.6741466440501984,-2.8681423064577456,-1.1043510482140777
44.0,4.0,1434.8194580078125,-4.434895335082784,0.0897237491756648,-3.093681833328592,4.661813245827647,-0.2695041912874423,-2.703789442020426,-2.3888409465794687,2.449716922397202,-1.7214244739327311,1.7649387139626782
44.0,4.0,1453.0892333984375,0.6270619114793998,-0.2502981763329703,-2.287142659863437,2.1295681871411976,-4.989354027622161,-1.8009093494116335,0.6464732661341639,-1.955436625301388,-2.643181302408747,0.5538950822349076
44.0,4.0,640.14794921875,-2.122336978801904,-1.7153354315195712,-3.813546357357536,0.0378265070623076,-4.017406190680986,0.4327692564182195,-0.7715485395037431,-0.1222034186307325,-4.661635102732302,-1.1432433467943923
44.0,4.0,316.13946533203125,-2.9392187700937646,-1.223817150830237,-4.933651688086052,-2.485732538523836,-2.407966657931937,0.2692448254795927,-3.7472804941404094,3.5648740344993204,-1.0818349275432304,-0.14654479889154
44.0,4.0,11805.5498046875,-0.2738401366339333,1.499739776439207,-0.4609090465774512,-0.3400759868048029,1.771579977461065,3.5073563899168487,1.0786661055932676,3.2965716794458206,2.218075595210676,1.8466751447945216
44.0,4.0,2117.82080078125,-1.136056475150932,0.2846311138609376,-4.806877120816435,-0.8411260796061049,0.5900555938361451,3.1767020529496577,-1.3564972505734012,1.5441372872004226,-0.0806058961209412,-1.2959565907340345
44.0,4.0,917.333984375,0.5272346984160841,1.657281791715385,-3.091641613472418,2.752866777044126,-1.3197178381410262,-0.4078817491339368,-3.869755977545412,1.5502914011382076,-4.596124040099764,-0.3254445017820586
44.0,4.0,1205.058349609375,1.125912887396443,-1.809476920581485,-4.247663591867859,4.722503183737231,-0.3831564363952964,0.7894039679443363,-0.0083793426263012,3.1720746806158253,-0.1588360849301118,0.335167751587802
44.0,4.0,891.4381103515625,-0.876032052803323,1.80616308482319,-3.27838829933669,2.098997419543699,-4.7743441611846125,1.8895890453154625,-4.6232517411533935,-1.1237842482721123,-1.5486879186624836,-2.7926006913675234
44.0,4.0,1971.236328125,3.6328119852104974,1.8732201487375384,-3.688394625385056,0.4476627214576876,-2.176716631127012,-4.868943398748694,-1.8577776426955368,-0.9131084408926,-0.3207113035631215,2.3975307755844995
44.0,4.0,527.0477294921875,-2.271978995060389,2.78182166667981,-3.736022100507596,1.726465787780973,-1.4632958808164425,-2.13901145210732,-1.0141714300193805,1.1315464773507795,-0.3941319700329035,-1.3143485774896653
44.0,4.0,1225.5355224609375,0.1553786924833566,-3.726129764628696,-2.8263763433248914,3.694189773793994,-2.591518931857966,0.3936906035173857,-4.688851135154121,0.1352538213501164,0.1551969187539867,2.911611447296492
44.0,4.0,2624.61279296875,-0.3501745568950563,-1.3188403345326989,-2.6856087670269737,-0.4972768529808524,0.6727771050591533,-0.1604746191567061,-1.9158647225760328,-2.9249262026656653,-1.5236177114327432,1.4942521193526694
44.0,4.0,564.2278442382812,-4.1783543440111455,-3.9868848304796254,-3.6326026655714063,-1.644834763814881,-1.9496096701697625,-1.20293133868884,-0.7258338243171423,1.4665532935765118,-4.162737017467412,-1.280738827557879
44.0,4.0,3295.154052734375,3.516559025166549,-1.7966784250469598,-1.4086819232958026,1.5531622610095113,-1.1050277265673951,-3.936658181433856,-4.081306640063119,-0.8045867277569769,-0.1118552143224356,2.70411649555208
44.0,4.0,1663.17138671875,3.410589848487806,1.954356644405468,-4.390975305083966,-0.2318007549906982,-1.234675556656763,-2.3331706851353804,-4.261156594400519,3.8909430621663006,-2.103548389232721,1.8614596241779733
44.0,4.0,5521.89013671875,0.3787196636463772,3.875274906867608,1.4146559617455,3.1235785674381304,-2.13209210313102,-4.7295198424584655,-1.120247436596502,-2.549586051861138,-2.004819983608368,2.824901301388283
44.0,4.0,1700.0704345703125,3.358102168170303,-1.0882977476338898,-3.265392935317469,1.38328661629005,-2.7439113538734445,-1.9960669528141843,-2.865111683309509,0.262153675152609,-0.900397307330068,-0.5835018339160323
44.0,4.0,2140.650146484375,1.807427519676219,3.59487232124507,-4.824298482751332,2.909028409772465,0.0863903148601608,-2.8844500242087188,-2.301616710352384,-3.092581317395708,-1.0905548700219194,1.4929657813198922
44.0,4.0,400.31353759765625,0.1074518057412312,1.3060698590747268,-3.743546138596651,-3.2354505912275435,-2.817867486272646,2.620466446734655,-3.12251794436358,2.935546990046144,-1.4952386573703031,3.443890320829235
44.0,4.0,4649.61572265625,-2.9158300696033863,-1.8214698393668431,-3.223185117522578,-0.2912134874316425,1.3599592017765074,-3.1517757263014423,-4.085659735288829,-0.348727904289368,0.7654327141572459,1.552528169876794
44.0,4.0,3664.68017578125,1.1495163853809327,1.391370974117045,-2.7790878174201907,1.817894336193112,1.1031938777806074,0.3843277642367511,0.8260935365088624,-1.1193194355660192,-0.3988906622929997,-1.2080109071316525
44.0,4.0,3395.368408203125,-4.951173500879914,2.920291627762788,-4.432171947599506,-0.1153060926251843,-2.15033529286024,2.49072933135049,2.3665428834319986,-2.938670252610071,-0.2803258288391888,-1.1308754696359031
44.0,5.0,1137.52880859375,-2.7394149726669745,-3.227738496422065,-2.213302603356029,0.5134928791342173,-3.498546664304911,-1.7465654159498256,-2.594222365727255,3.1031432982341034,-4.876243107804508,2.883405253491519
44.0,5.0,1062.9732666015625,-3.214863404302789,4.480577090301575,-2.802217409779525,0.4446823510253503,-4.9752547410364905,0.3057556848898031,-4.773688130176192,2.1741565556610887,-3.153224520112447,-3.953515238869088
44.0,5.0,2836.014404296875,-4.602416077740365,0.2962668569592566,-0.6353101128103038,4.324681936179887,-4.968561760384239,-0.8737147404525798,-4.799156472562817,3.351539563628449,-4.067170705668027,-3.3609658031154845
44.0,5.0,2925.832275390625,0.0444214002121707,-1.7136846935894532,-0.3050022291597045,-3.740516587934584,-4.750542620120484,2.285270630726334,-4.018491578896276,2.0558695599161148,-3.7525877221096193,-1.568786731502689
44.0,5.0,542.26904296875,-4.501110639491422,0.732645563243608,-3.6488960411163447,-3.892586274189232,-4.08575148640842,0.757853093373198,-2.995546850353228,1.9515987676056048,-4.914337579215558,-0.6260317630280889
44.0,5.0,540.3242797851562,-4.171767251419227,4.829071926024858,-3.8129279704911214,-0.320714563421312,-3.01885096016669,1.5518759095438392,-1.402810784196019,1.5999842978871968,-3.221910015624298,4.998609624211937
44.0,5.0,1072.4388427734375,-0.583392472239308,-2.666876744899365,-3.0386743442826964,2.2109061270716355,-1.743223246691175,4.839353679567406,0.464943178956406,4.770573414487911,-3.5599244978112803,-2.855625311974914
44.0,5.0,4191.18310546875,-2.9233516433715137,-2.091079883404501,-1.4241368321752996,-0.7423416530087366,-1.676838949496775,0.7973347054752224,2.2903591541240225,1.701253723859332,-3.502526655959893,2.803330940032276
44.0,5.0,989.5831298828124,0.5557830986012791,-3.782479895198306,-4.999845639926679,1.0409789830689302,-4.207298675284232,1.414341911015904,-0.6549305118157358,-4.357815235956271,-4.456519490679543,-1.7053353871346897
44.0,5.0,1126.5736083984375,-3.628719791914663,-4.865929881459913,-2.086528309246196,-4.356360538266983,-4.513259606698929,-2.470382998223907,-0.3988229737049185,3.394654536086639,-1.0017228577306678,0.0466388019686059
44.0,5.0,3977.615234375,1.881861967609158,-4.656299250625347,-0.3270085404130975,-0.0994186312434122,-3.555142050023337,-1.5661880841224414,1.0658269574166912,-1.0542561949831706,-3.8021696811221632,0.417127918251337
44.0,5.0,405.1106872558594,-1.3864477002467002,-3.242996664537951,-4.52520130521418,-4.998042289988896,-2.642079270499337,0.611795910009933,-2.395688998544925,4.903712616173081,-3.563120422946469,1.1882910693512496
44.0,5.0,741.802734375,-4.020491239917784,0.3823433103359264,-4.885967886731144,0.1139137687584925,-2.904552457808483,-0.1916854977918998,-4.101847801651038,2.3125296479717905,-0.4896389597100175,-4.7056059537600206
44.0,5.0,935.830810546875,-2.118549467959219,3.037681422735517,-2.313390740379755,-0.4491472430246714,-4.151086870678637,-0.636944105671037,-2.1367784643922327,4.434545953833167,-0.1942227941445837,4.5207475403746695
44.0,5.0,5636.7490234375,-3.823031900172734,-2.1194201396749293,-2.6951574488771914,-0.4567697160513218,-4.936213120818052,-2.028871095469694,-3.761198703739181,3.656585108924285,2.151355996209663,-2.093807108982292
44.0,5.0,606.4896240234375,-0.7817669394172757,-1.5412684907806478,-4.98712789388071,0.8650740165625184,-2.476575118380677,-1.884492501632678,-4.254654337604041,4.587567367299092,-1.4629696932968557,-3.1532978781471668
44.0,5.0,5901.07373046875,3.1945462420905795,-0.2959549801603831,1.3381143916454077,-0.3528432504571119,-3.695410315270127,-2.3023610862071395,-1.646779014152067,4.106805173839145,-1.3910302005194222,2.371766503313604
44.0,5.0,3083.652099609375,-3.957285065128248,-0.36954727567465,-0.7213696304463557,4.746133123310655,-0.1871666360691009,3.0331751769210697,-2.05760875055986,1.3155101243254226,-1.478848845215729,-0.7458674712030273
44.0,5.0,854.30322265625,-4.20588694212536,1.8843815602425344,-3.499470088332941,4.24687468484883,-4.599583078493781,2.844539474801408,-2.919901170449057,3.996652680934522,0.1712708881033542,-0.0699722790135801
44.0,5.0,1779.1231689453125,-4.801138711107234,-3.395199615491556,-2.7109356968407337,0.8186666357641208,-0.3358982360402729,4.873915901366754,-4.850208860299401,2.179191068749855,-0.8908318055711009,-3.8715163833590194
44.0,5.0,9961.2314453125,3.510692714252846,2.203296231701911,-4.122680660042805,-1.4997114522823347,1.819861219666772,1.1616185558680536,0.7234951687978715,4.983570275574037,1.8025001032919088,-1.5904311386445915
44.0,5.0,7933.39111328125,2.971535715191697,-4.058088230278013,0.6216027507115438,-1.1476239431770563,-3.8357355735481953,0.637894573140998,2.2656097039302807,0.6278676500497626,-4.556142258824918,2.9535486776385085
44.0,5.0,1893.5225830078125,-2.6931218992527417,-2.2503625127295965,-1.0473926489746344,-3.520157889068813,-2.309483722789159,4.600338477652805,-4.3031590484024544,3.568585124720276,-2.426144555385989,0.8969769967574814
44.0,5.0,1394.3369140625,-3.173372775300705,2.1215993693289805,-1.9175814667866584,0.5885501320242916,-2.113325739186965,-1.4604491355847604,-3.413209606353367,2.073178793383176,-1.994494187878304,-2.1163880525056
44.0,5.0,7881.5126953125,-4.808923845807863,-4.387959253222049,-2.166028666962289,-1.449414761086988,0.660037990544379,4.253292231224071,-4.185972960898627,-0.7941396434394745,2.0551362145320065,-4.973369838897777
44.0,5.0,1505.432373046875,2.8920506484226927,1.1669185107415627,-4.776380327719645,3.612309348966189,-4.820256944472713,-1.1957432445485958,-4.791819044377908,1.939999723820404,-3.859248413018965,4.209184315715426
44.0,5.0,823.451904296875,-1.9536854407991453,0.1494658384322846,-3.366565507838778,4.992920514552687,-3.1698967909759013,0.9128030752357076,-4.765222997289105,2.6239316154019203,-2.967425703058803,4.96469236519404
44.0,5.0,2332.993408203125,-4.400549737848692,-1.7284320339719894,-1.08619187052182,-1.5149139820906972,-1.826937159870897,-4.450067966541929,-3.439090374681631,2.5329626755649928,-4.98261945476665,-3.312435294564664
44.0,5.0,629.3922119140625,-2.2821021216418726,1.265834188995535,-3.4137686988722544,-1.4985564121593429,-2.551748180929423,2.9797306321313943,-0.479346533740987,4.131909158700825,-4.79650334509236,4.908698411028436
44.0,5.0,1096.92041015625,1.6081374226183875,4.657412482297978,-4.9182460447491465,0.699631710663918,-1.166978639670868,-3.461100154756074,-0.640895151713055,0.3764995201902792,-4.619716185420335,4.738575235602617
44.0,5.0,513.5589599609375,-1.604463987305513,0.5548214188911746,-4.99304655226327,0.7997907583232964,-4.979730378964693,4.435369848077835,-0.7589647005540083,4.910229005083735,-4.809895079663155,0.6301829964964432
44.0,5.0,2164.38525390625,-4.6797502867071445,4.058594543074989,-0.7337902895198543,-3.629556167245428,-3.480764027475659,1.724367200893127,-2.2738122649702337,3.650998331724436,-2.0707564562032137,2.83209140628534
44.0,5.0,1073.2374267578125,-3.975100976195277,-4.990938174859439,-4.298154136999425,2.0817243562725007,-2.4272899161414783,0.4459530442563642,-4.579910003984405,-1.2162357181968837,-2.0281445861059777,-4.906796995931876
44.0,5.0,814.9583740234375,0.6682041877290867,-3.785663032755254,-4.998214780697768,4.905765046974565,-1.5328744510502568,-2.5158903929593484,-4.210208385604757,4.983196155829132,-0.6575499217364733,-1.7464060657065303
44.0,5.0,644.79541015625,-4.935792175553775,0.1099866914103202,-3.074142180805599,-3.952784385638976,-3.567411298113848,0.1439456170695674,-4.990819185077082,4.2454816033822524,-3.116546350165245,0.1466828664978825
44.0,5.0,1772.0018310546875,0.1900294837943805,1.4078644015198811,-1.732894576702186,0.1339741725499523,-4.614540075767086,-4.316848217610142,-3.051011580446394,4.09669165513726,-4.605554608462431,-3.0730900004655783
44.0,5.0,3858.6162109375,-4.994763269423085,-1.954677786149676,-0.1701168684497149,-1.6522042358974391,-0.1899304355024034,-2.3018261703708216,-2.9207548187128767,2.1892766789916296,-3.7103540491612166,2.269616029339403
44.0,5.0,1134.5916748046875,-3.7834443097143593,-2.594026244770565,-2.422602883944432,-2.483746993337028,-1.2657868831655374,1.852179092033604,-4.571325798591616,4.120974563610883,-4.875471804179812,3.103804924196832
44.0,5.0,2805.01611328125,-3.8941081364458174,2.257900494290263,-1.074690118001679,-1.7972046062004754,-0.011446151346905,-0.5690199910973606,-4.627101533377572,4.035803870713966,-2.069325697423184,-0.0698556979046864
44.0,5.0,992.348388671875,-2.91855533624158,-0.8574952892881171,-2.1927151471035766,-1.7911799735954324,-4.922610751443783,4.307252773659339,-0.5403378909197407,4.539644632430727,-4.066519103974815,2.484905846715665
44.0,5.0,956.7249755859376,-0.8681570491132913,4.862101720853419,-3.529706644009793,3.728114125909672,-3.3221357991236022,0.8420817132742053,-4.859765448327259,-1.2745607983470504,-4.411866039262076,-1.6748238856551745
44.0,5.0,465.8558654785156,-1.0009317719568591,1.7672486070415472,-3.9723050408127945,0.3064933362457029,-1.826122878302192,1.4973166159195443,-4.954989515029667,-0.3463297311369642,-0.4555430779379108,0.3142492548995088
44.0,5.0,1107.76904296875,-4.831879032782451,1.891066587420954,-4.343334627593652,1.2447035403845463,-4.767823548310511,1.2648188848708628,1.2176130835524388,2.126818902286381,-0.9475487909308208,0.6457298347233928
44.0,5.0,1864.423583984375,-0.1955898405694753,4.999940390597974,-1.0010990243398026,-1.7824261391046503,-1.703907790093988,1.3655412392786657,-1.435673226126437,1.312864950813312,-0.866437689283587,3.5863489888199034
44.0,5.0,4479.841796875,-3.507244629530482,-4.818824084528943,0.5902128355712417,3.131770193663005,-1.80921636540236,2.808115903819523,-4.973459716422076,3.9538985850860415,-1.7633935748959373,-0.7345240684941521
44.0,5.0,2762.131591796875,1.5302769000289196,2.9736548128961893,-3.19830200749944,1.2685813589044417,0.5662463880593105,1.532251079002389,-1.9707376059255632,1.3897727670913067,0.2590690177625445,-0.6221730874228202
44.0,5.0,3047.7890625,-1.5424265320806851,1.667404852625193,-1.4305414052621024,-2.71366266615076,-4.180674887630982,0.4765702201085462,1.8249818440432384,3.880188702227077,-2.832779712738931,1.1886250588574256
44.0,5.0,16682.03515625,-1.892334744757846,-0.226051194751915,1.09261517417929,1.7315177276214824,-4.902411962021715,2.8441316700578074,-4.4847088087544735,1.102579237987051,3.436291086287639,-4.99870053498113
44.0,5.0,1160.46435546875,-4.934007038772557,3.1481049423740703,-4.236556856485669,4.851271864100413,-4.673222357698423,-4.535632609195452,-3.548894841278245,1.7307848986963918,-4.954894429893451,-3.9849355482382376
44.0,5.0,2356.11279296875,-0.7909013487497365,3.845489600971062,-3.3585365798078897,-1.6973022924326502,0.126995158702428,-4.047412294418711,-0.0057754352410501,-0.6112649176137177,0.3484885574451768,-1.6257549183868258
44.0,6.0,1498.2718505859375,-4.651524281856359,0.2785057422555725,-1.876683809576957,-3.108647040062204,-3.24084785727866,0.6331513741464709,-1.4481561726490844,-0.9352714173900436,-4.136388838717092,-0.6455733315477277
44.0,6.0,670.2650146484375,-2.128538257758483,4.989408004176749,-4.793380022936473,3.501888456667256,-1.932802409522771,1.8139020846400271,-4.814380868270549,4.927472028571756,-4.889850342380772,3.643492719640639
44.0,6.0,2147.317626953125,0.2555810627575283,3.4281597492295663,-4.614713223126946,-2.0903378174649445,-4.245120359440239,4.405964682284466,1.7107626384152557,4.250540863207272,-4.875141097274557,-3.9894354480047856
44.0,6.0,1787.60546875,-4.875950891134223,1.962701364080352,-2.7255900899859125,-3.033317523592998,-0.0002994959615945,-2.502455307920343,0.4446397022216519,4.830048620129213,-0.2010583220999144,1.3995428129038556
44.0,6.0,743.749267578125,-1.6726841808549775,-4.8476387275566175,-3.63340072525244,-3.723552163339559,-4.556191443123374,4.890227379192835,-4.378114226355293,3.3930467252807723,-4.477102573974586,4.454771083312449
44.0,6.0,29859.125,-3.2383267546048184,-3.951993715025681,2.7212100948940163,-4.997359716078295,-3.195081572767333,-4.854880187474553,-3.2239132464363696,-4.493013558379748,4.939293689945654,-2.918191311059681
44.0,6.0,1117.679931640625,1.3514397379190468,-4.987259159032144,-4.832847358575756,2.272242531540733,-2.518386806424485,1.8631050785942769,0.3076514520730056,4.011288465632829,-4.770525269740453,-4.280052111443985
44.0,6.0,3363.88525390625,1.737878598624789,-3.850804512179573,-2.7986673424248973,-0.6630942747985893,-1.039693217571671,-1.3234420450918003,1.9453806504310889,-2.6099966765901006,-0.1966008429374355,1.1927685861411828
44.0,6.0,2739.42578125,-0.4881923511449724,0.423117529808394,-0.6184296396769708,1.7991119213695628,-4.313419597116922,4.8573473925287445,-2.0892215605428177,-1.398286710398684,-4.920095628852041,4.014840661439928
44.0,6.0,2239.04296875,-4.985267138968972,-4.135727155899005,-0.9781086970426278,-3.812149102079176,-4.6749465072005645,-3.1218981142523723,-3.4773222907529022,1.0333674310970489,-4.570208607006164,-1.3118246219408023
44.0,6.0,710.369140625,-1.806988802058168,4.322434077752988,-4.369825669450761,-2.535188482535109,-4.667071170498711,4.745890113096834,-4.70711457290683,-2.833249474429257,-1.7094342479091376,1.1455954564937922
44.0,6.0,1699.7152099609375,-4.663738870149428,3.977452225533343,-1.9761302799088565,-2.954080107198838,-0.8410177531332863,3.460145778981774,-3.1154612976102376,3.741304199655696,-4.9888714022965885,-0.4066942967010947
44.0,6.0,1650.0185546875,-0.0439578219758605,4.338002310159341,-1.2779228357295258,-4.474189591745716,-2.283974071771036,1.644636040296357,-0.5758832051866651,3.277827835309143,-1.9814950923425068,-2.9124459994645777
44.0,6.0,19228.953125,0.1595162481070122,-2.603139585641109,-2.8325551222598406,-1.012876418584591,-2.409221169146523,1.4167359781274491,-2.651442292420989,3.0551548657267613,4.616713253854833,-1.7086332808580962
44.0,6.0,4827.2275390625,1.4232361971671903,-2.005406651620789,-1.918558781568303,-1.4433403857125788,-3.0777135226815155,-2.832258724211451,2.581548435265171,4.182745484404917,-4.866863053820947,-3.14367744772784
44.0,6.0,1034.4998779296875,-2.978453620056488,-3.967012089147449,-4.659177889911736,-3.753359829696216,-0.7816688922502149,4.996682064233289,-4.756795191949436,2.6025984384892293,-4.1458664945780885,3.638801429858306
44.0,6.0,4231.51318359375,-3.5673562746655927,-0.600541078741502,-3.5325477502696123,4.733974237956108,-0.3130327498559886,1.6599300915683657,-3.804474502876937,-1.80884530711336,1.4898223860392923,3.89909942257321
44.0,6.0,4507.97119140625,-0.6433318717855814,1.126235011912696,0.4050033511948232,-3.152097444024014,-3.927693438470734,4.146828328537715,0.8178356369363833,1.3357433867763309,-3.931657087807636,0.0108222691214177
44.0,6.0,1527.3941650390625,-1.6060252182183183,3.637313409796096,-1.4737215129054562,-3.1831705388327345,-4.973877753442119,0.1927538835971844,-2.5637966660161347,1.7612710910906788,-4.64831568030848,-0.6929937106001081
44.0,6.0,671.9344482421875,-3.190752512838216,2.6179029044324995,-3.576998778495222,3.583149456820891,-4.5979753414512645,1.9342099994891493,-2.7922539912180646,-1.4638980545831777,-1.8462316539471169,-0.0318742830327209
44.0,6.0,2626.469970703125,-1.0042443450026797,1.8096081252090013,-0.5633743114754992,4.233738755809771,-1.7237870560004742,2.7411168176825296,0.3154881018932016,0.5117232565933332,-0.1982035494446465,-0.6252594422026814
44.0,6.0,1086.2958984375,1.349511977205761,1.1081405634029835,-3.4400993672349207,1.852501550368471,-4.992303958719341,-3.952373151973756,-3.376707837058964,-2.5672043098430883,-3.644324648363042,3.1225178840357657
44.0,6.0,695.6494140625,0.7246155174094904,3.316342588707199,-4.705641699778231,1.597902328844966,-3.3754228445300845,-2.2596601003062275,-1.6577692890066364,3.792349806038666,0.0281695807870363,4.642980342387023
44.0,6.0,1113.5123291015625,-3.7907559012613454,-3.638292292444065,-3.4972599345981505,2.471549410765893,-4.970652480012139,-1.6545145214487973,-4.110178988594755,2.061187472639487,0.0445012986274937,-4.214219894890388
44.0,6.0,1851.1051025390625,-4.340097887680258,0.8932815191574281,-1.4579060336520628,3.881531031384221,-1.90451392361714,-2.5807033921598963,-4.802537735360253,-0.5418814246712227,-2.107682894430878,3.2354946637260724
44.0,6.0,6415.03125,-0.4021464539765693,1.0958705436241578,-1.5579203203383925,-3.503022302874228,2.155016213605512,4.99995054158426,-3.351107362105228,4.67986759559648,-0.1962053990233192,-3.0080956585982204
44.0,6.0,850.05126953125,-4.348322804768834,2.888184383213492,-4.317424672874337,-0.4373256629331923,-2.2908123060287378,4.967578586500661,-3.653579445644923,4.533778576923922,-3.3548925478740435,-4.759299613594271
44.0,6.0,9628.935546875,-1.7954321029787863,-2.870182276133273,-4.635283949812052,-0.2874118332802613,-4.970273684115904,-1.6712749167445304,-2.172476595462945,-4.998001774186716,2.983839935012621,-2.3866157700963857
44.0,6.0,1057.33349609375,-1.1996271171618085,-3.5644961033697573,-2.839304449982292,-2.9432171050776703,-2.7056909912638964,-1.6473958206795878,-3.9761213785957352,3.6565901521487465,0.2038322881530234,-0.8734493634813632
44.0,6.0,821.7393798828125,-4.987560166101165,1.284654110386727,-4.990115800025995,2.684245329085422,-3.9218159765387086,1.7673348527062285,-1.9778759278862648,-0.9370354087748334,-4.984016594528224,4.904697507311969
44.0,6.0,761.4405517578125,-1.6754806904066806,-2.637734345572445,-4.499158673763112,2.14499840326035,-4.546110573526667,4.945128648191993,-1.945834062546207,-0.937799258633584,-3.953112325727087,-0.8343508638260975
44.0,6.0,1389.9652099609375,-0.9907983610483376,2.2301882666121635,-3.64947311572617,-0.0070733083464711,-0.031626382132587,0.8431268706133821,-4.8643060773216,4.407953148638146,-2.8481522420653924,0.8908702237186983
44.0,6.0,360.39544677734375,-2.0688083958076,-1.1960596366242662,-4.735992961129418,-0.3827082158853034,-4.8284208596162,-0.2684954913934776,0.1299952249827995,2.6569416663148733,-0.9860848174243788,2.042033036659081
44.0,6.0,591.9505615234375,-1.115184838338854,-4.9973747937286905,-3.747201625946423,-3.7528024272800304,-4.968057334345176,-2.416793990685552,-4.965865670828618,1.3114022912927776,-3.267095292372057,0.3240337205160104
44.0,6.0,7316.630859375,1.820272574919932,-2.60689396472727,-4.533699045992144,-1.6434915909595849,-4.387811290943845,4.807571153998293,3.282709159267421,-4.9644673948955855,0.6751954102438962,4.857078012616864
44.0,6.0,794.8521728515625,-0.475487685492256,1.2863767644367217,-4.98802185762258,-3.504099131288495,-0.8932549974117965,4.929396061600336,-3.981452308071829,2.16349438130673,-3.451517647406772,3.27601549725111
44.0,6.0,662.07373046875,-3.18036462373136,-0.0300700277063601,-4.9883356677364805,-4.601622077282201,-1.258784609466903,0.5113062437489884,-4.881662149466249,4.706111747636616,-1.590882932690457,-2.510865284639816
44.0,6.0,1040.1690673828125,-0.7268935407570067,-2.928662819940218,-3.1482676488186194,-3.225297896936297,-2.822150730926768,-1.5359392392139282,-3.94368174712661,3.0998469462512794,0.2240828193314881,4.834997079022282
44.0,6.0,1183.7862548828125,-4.573795529146683,2.3233455077146576,-4.97610369165688,4.4011799370796325,-4.989570952293258,-2.51353554545592,-4.113901264167227,-2.825116948738078,-4.143065762471489,-3.3782894606379226
44.0,6.0,8771.408203125,-4.905796349073742,-4.174355470630477,-2.7475974956994023,3.818817917206074,-4.594585285173409,-1.3697483425354546,-2.513394362970072,-4.0419258913026415,2.747806990773465,-3.122052729299281
44.0,6.0,10843.1103515625,-3.421110416858016,-0.9304099373856652,-3.215173359611137,0.9762367811457427,-3.056262553790603,-2.623326640245894,-3.625838735459057,3.125581320781434,3.2168067505488374,-3.356939376402412
44.0,6.0,13195.4990234375,-0.6251327199515551,-3.424019400658762,-2.1893142476941825,1.9139498484323525,-3.158724253263869,-2.8566143107099125,-3.1687295346173654,-2.318916550343635,3.4225344142718264,-4.611938348995902
44.0,6.0,620.5257568359375,-3.238997816458251,-4.909567636742489,-3.273404486983812,-4.673397674638287,-3.311913987049653,-0.8489376068964969,-3.665688030992468,3.726523321500439,-3.932133240771132,1.556320336380832
44.0,6.0,1134.8929443359375,-3.737835939131479,-0.7485132067308173,-4.872261047428833,-4.394255775297843,-0.5748902368660396,3.4586631810654573,-3.7142098026321033,2.8353626230596243,-0.9087438414691408,-4.434443291084112
44.0,6.0,1077.4664306640625,-0.343551022896932,1.4109237437030373,-4.714935823015114,4.659056772871296,-0.6681594144055705,1.8192269769965816,-2.9739468529016384,0.4447438127438623,-3.795773751353737,3.762099826865695
44.0,6.0,1068.4827880859375,-4.092335385735408,0.2984715291951083,-2.5130583519481404,4.15971439922793,-4.963548846465568,-1.1573585692187272,-4.997880507229351,3.7650719049914088,-1.3174760462135129,-2.1455274916061224
44.0,6.0,882.438720703125,-1.4382549750700817,-2.1646981187124545,-4.093302775882417,4.925848037069329,-1.3665356405736508,3.6291439101245535,-1.582455147390771,0.1379655262568064,-4.999882628090864,2.733645866096328
44.0,6.0,12503.41015625,-4.1642839106611245,0.329372436690253,-1.588668688805086,-1.119813017392079,-4.21827700390319,2.6929270317016663,4.684456807001663,-0.1314208344601057,-1.6600256413692405,-2.52991150492352
44.0,6.0,2168.787353515625,-3.231067908060598,-3.185484252874828,-4.490512690859436,0.1844025149899479,0.419629991320666,-0.1950024824564398,-1.4155519892008095,4.429985829183032,-0.1958028905006799,-3.0833495848997665
44.0,6.0,8168.29638671875,-0.28014383229862,-2.0054203206172083,-1.6819274871574597,2.2709782257545257,-0.5042282718768778,-4.637432699466056,-1.3433295444052713,2.523536643133225,2.413520979180765,-4.980980372113836
44.0,7.0,10215.982421875,-2.514187190438525,4.220241293292034,-4.228288642344506,-2.937384115124474,3.949388134284902,-2.575467332507216,-0.1375443119340396,1.9338255317026736,0.2347310560015998,3.181429071610527
44.0,7.0,1183.4810791015625,-1.6413711528950103,-4.194358044693842,-4.435088924069962,-3.874660099174076,-0.3216405119365264,-0.2775602132437207,-4.66589971021318,3.205560388296398,-3.53299560867642,2.4268835229293595
44.0,7.0,4672.39208984375,-3.005124921059209,-0.8755877297533639,1.1469239853745714,2.0268604084138966,-3.054262505840925,2.1155969658833307,-2.693514902329585,2.7520985453557305,-1.8344054036393465,4.971815065225261
44.0,7.0,514.238037109375,-1.5487836199375815,-3.8264938398305,-4.076730428755256,3.393488393804469,-4.924324772909188,4.660852103837058,-1.6485876167927058,3.434887139755716,-1.859575070481036,2.369126946940914
44.0,7.0,6845.806640625,-4.060987410717388,3.947346677406596,0.7342750814258672,2.3228931305241947,1.1316777278792456,-0.2064676642995602,-0.4370596340041812,4.924860868670262,-4.955806949484505,1.7269561677300445
44.0,7.0,668.9210205078125,-3.035117599289453,2.011262703921072,-4.438329046452434,-4.064064478412276,-4.670595288333535,3.4632048473228654,-4.119093047542848,0.0492099959273595,-4.974146026629067,3.47804464658412
44.0,7.0,8821.0810546875,-3.2709054597195486,-4.7514372630716535,2.367166643607331,-4.05619573186831,-3.4675808261314245,1.888625185829694,-1.6990404009738191,-1.834786877942821,0.3305967418792619,-4.603328885810035
44.0,7.0,763.3604736328125,1.6522296571630823,-0.7761651798201905,-4.1660573502044445,-3.038905959515644,-3.948509354230196,-1.4453942762541248,-0.6171512445910299,4.99175358170044,-4.077512435013049,-2.499423535991732
44.0,7.0,3780.93994140625,0.0160888270077252,1.3692016127329998,0.1592212017455434,-2.354841611558776,-4.671436688407661,1.1383244617414423,-3.4174840131757804,2.395333528395966,-3.8132489736402606,-0.4469019433107988
44.0,7.0,11964.501953125,-1.4382857165270968,1.6249936522619048,1.7642274842540324,1.821278466074849,2.3659212896948203,-4.996217209785722,-4.1817803663774455,4.875647070390347,-4.979778123312828,0.3081792234021403
44.0,7.0,2948.043701171875,4.494422534957119,-2.094268657373839,-4.6772616269138725,4.537920539767054,-4.397652889822504,4.757440258471871,-2.2254046079972847,0.9905672304620694,-3.0600368860307405,-1.942561421275288
44.0,7.0,3941.18212890625,-2.8855170756163693,2.9245014923640813,0.2775663594918072,0.4364352766105721,-4.679150971585189,1.9110306301901945,-2.709300996699529,3.8778550585877305,-1.9398379402101185,-1.0368553345876426
44.0,7.0,3945.7392578125,-1.7936063160153362,-2.07398297861595,0.20855461296164,-4.798744311678928,-2.597638901687999,2.6407962634251545,-4.408107912212996,3.898234590558431,-2.0795087390332947,4.823277805189461
44.0,7.0,1460.3011474609375,-3.5123295075227485,-2.635811632426686,-2.8552683441123987,-2.759256212893748,-1.4838853449520872,-3.005603471139384,-1.4971931522842166,3.771485152503152,0.5438485697586692,2.853820360001402
44.0,7.0,19545.72265625,3.893284840801037,-0.0812371055422929,0.759141852576084,-3.977592336967177,0.1290271966931842,4.526305124337075,-2.914013902302344,2.6075973513099555,3.531762298568978,0.1464994360220837
44.0,7.0,2451.846923828125,-4.54921225310654,-2.2196334105349083,-3.959848898409063,-3.428953311656892,0.5752367580002016,-3.430414696159411,-3.3199178721529887,1.9976307647632696,-4.458376223361764,-3.037962283801896
44.0,7.0,3031.915771484375,-3.7095425772457262,-4.98358086125314,-0.2992525531383991,-2.5956421474981086,-4.605496058227498,-3.5950741054126825,-4.942889064709882,0.9304432795298184,-1.849234521911022,0.1844576278990466
44.0,7.0,4422.43505859375,-1.729621297545112,3.79312699086141,-4.1062386516754,-4.069437053865877,-2.4581468854979125,-2.677048795836505,-3.4812338992144367,4.824539784796421,1.744396845039244,1.9917421958822457
44.0,7.0,1396.0802001953125,1.9049864250172928,1.642697228781608,-4.867046560420752,-1.6769210726143329,-4.511908673536116,-1.0116304567184575,-4.917280879219343,-3.182365376642508,0.2561048160398673,0.3263370712578961
44.0,7.0,3149.212158203125,4.296414748070873,3.4395714999640887,-2.3812871991140327,3.342016913427795,-3.923622306021493,1.3768063077802095,-2.5065088138332565,2.279141949333699,0.1009178616616619,2.1323990510504807
44.0,7.0,15273.166015625,-4.635967212687622,-4.855041246679461,-1.6583965810521404,-4.970527217300827,4.831601459357053,1.729040657884492,-4.598472799632386,2.3777295875959448,-4.369312338692225,4.465140047092493
44.0,7.0,5490.99853515625,0.4398549188196803,3.554528145489797,-4.630005613421868,-2.7405510618520204,-0.414853708457338,2.103244298757745,-3.445257163952572,2.4476029222159674,1.9621356681848048,-1.2020656520651074
44.0,7.0,1267.31689453125,-1.7428046625020608,-1.5525468262404862,-1.907599028995678,-3.6050787528383808,-3.762330386236007,1.9091838108578845,-3.312712908870473,4.997755216042718,-1.947590209461978,4.23362712091015
44.0,7.0,637.797119140625,-2.408457845148556,0.3072578404652919,-3.145820728250158,-0.7094440102077719,-4.98876528850462,4.493798055802614,-1.6402269792311568,2.084381184142221,-3.704147049293122,3.6051006199543054
44.0,7.0,5676.46630859375,1.6496284420685925,-1.998555445170326,-4.771015066307105,4.403918971945736,-4.434467440537117,1.0901478569501402,-4.964728087753737,-1.1871354773660192,2.048027020730524,4.797505079363315
44.0,7.0,2697.185302734375,-1.757886810067968,-0.4396403253769181,-4.993300062117507,-1.624498782455782,-2.174883282298326,-4.50475631305861,-3.1991134440574465,3.384607546444622,1.1736775324494184,-4.719084161826675
44.0,7.0,8996.017578125,-4.312198765226343,-4.923475500444523,-3.237262421369657,-4.083165821051804,3.738213871274175,-0.3390892877921887,-4.192812437809104,4.99574234733007,-1.817190459555631,0.4998732084026329
44.0,7.0,1726.9317626953125,1.2364734146761114,4.907343662625937,-2.6287270239531155,-2.638538972210118,-0.7946537068650024,-3.016102416146136,-4.191608901961793,3.20084256136196,-4.970968942837745,-3.334878537192788
44.0,7.0,1239.7490234375,-3.131836934628426,-2.7346630397104934,-2.180096843352929,-4.84390861941709,-4.932332434549588,0.4573705992474783,-2.450808670312578,4.8076694899903405,-3.748656429002892,-3.4229944466459576
44.0,7.0,1607.416015625,-4.387394657149358,-2.0630710331058832,-1.626334658132475,-4.116037559685081,-2.336956568982697,1.263690526188208,-1.3010251496724925,2.563982920953366,-4.233495100941667,-2.606794890065371
44.0,7.0,1110.8104248046875,1.2163927616858414,-2.0518788606601506,-2.479144217034615,-4.430084689962609,-2.7247274183562635,4.895479476372612,-1.31449824914474,0.544332846801848,-4.660124244737888,2.2952228770273333
44.0,7.0,1759.5582275390625,-3.7020570019260286,-1.84857525589553,-1.2615414805050418,-3.995483749626144,-1.6679069907065172,4.937410556181689,-3.9880366938206624,3.2134154339544203,-3.323290026990677,1.166470958713182
44.0,7.0,900.20166015625,-4.785706682129801,0.1205676496434495,-3.8262542259971775,-3.3410545555981304,-4.836501168386135,1.8837952953292536,-4.5097814310015725,4.998358419257096,-4.959428505947624,-4.468774237054464
44.0,7.0,11718.6669921875,-3.810683511252666,-2.266290937122471,-4.890449466111376,0.0287477339805946,-0.9468101861978262,1.652258973592298,4.933636359647117,4.933543563804482,-2.970797399380406,2.8457777540586635
44.0,7.0,898.8983154296875,-2.879490687016172,2.0662057031916,-3.983621491146896,-4.994698649680198,-4.936655048052873,2.261456672882299,-4.981901163872308,-4.749171009952473,-2.3503440886500435,3.6743167787499047
44.0,7.0,1661.3956298828125,-4.63113655987963,-4.292280687140215,-1.3583683945271785,-3.5686347508705336,-2.756381998385597,4.806366112459676,-3.3181540919684025,1.4695651796976836,-3.519097695299787,1.1772614053429056
44.0,7.0,1611.6485595703125,0.6547114216941115,-1.8900265351271628,-1.9624793096547104,-3.876154127179605,-3.9883044616636014,-2.836063614876182,-4.82030246519358,-2.821271417783623,-0.713681917226813,2.215327057009519
44.0,7.0,1889.7364501953125,0.8504305708315947,-4.897302955764318,-2.356089486757727,-2.3530160216235907,-3.9501259634631487,3.1422906548783374,1.3823826584741568,2.920794662404262,-0.6800806427650974,3.7545591062622936
44.0,7.0,2907.8388671875,2.272224885945411,2.922023252671311,-3.687266275183776,4.948202238330618,0.5368964782324639,2.388620515725438,-3.451343982933317,-0.2062733612670406,-3.936828636736848,1.0587430987818554
44.0,7.0,4962.423828125,-0.7737124429932276,2.3904660387131846,1.159947546425264,-2.003043898382272,-0.8732641240372114,0.9529460036954164,-1.59891068368549,0.5395485847752957,-3.942515688888806,1.927941607369272
44.0,7.0,5415.9326171875,2.799774521564052,4.792129351394447,0.7703732216857953,2.679931624616767,-4.809943616474579,-4.169209684155692,-4.29388449483333,4.670036122086232,-0.1375347166356109,4.814258499114555
44.0,7.0,1266.1011962890625,-4.632612119619578,0.6156745149270302,-4.968713871084233,1.5231359934801425,-0.4400382446000881,4.376204559674324,-4.990188424931688,0.485306419692959,-3.3554626039512305,4.8842713539746025
44.0,7.0,6695.91064453125,4.925623704964529,-2.7399551075874964,-3.655525194920508,-0.2210641960685979,-0.9683824173992388,4.860767913622734,2.672026535489774,-3.913438273892632,-4.266132579659686,1.7696360839397185
44.0,7.0,715.88916015625,-1.573356503361811,4.051582275663447,-4.661401000928399,1.8294104613915536,-3.591662203264093,0.3054219897893517,-1.5865387186309192,-1.9562356884774177,-4.955755522744641,0.0777523716203845
44.0,7.0,9041.283203125,-1.8114648993672984,1.983522540367245,-0.0506743333891872,3.76862649891374,-4.064775777764343,4.944223823140023,3.410514775146524,4.999684123073772,-3.255566297702026,-2.98628336670242
44.0,7.0,2224.153564453125,-2.428487890537536,-0.2522182607316905,-2.439031981644237,-2.6924752222979462,-0.0416383929903085,2.9108120058184657,0.2791433360831652,2.977626881103025,-4.595755476837008,-4.978833583870244
44.0,7.0,1266.02978515625,1.8094079019059093,1.6032524152508598,-2.2461384684475765,-4.918686506515263,-1.8461319750943108,0.7860660701774158,-3.645435456956784,2.849700605968445,-3.934810556451205,2.813502232966229
44.0,7.0,3918.16064453125,1.3022345916348037,-4.993432898535091,-3.13401316469049,-3.364333907469886,0.2702256193125762,-1.256180011536618,1.580449922841341,-4.71407968956588,-4.310270302839415,-0.665782326335262
44.0,7.0,7333.6103515625,-3.1649222368457064,0.5500853358463136,-0.0640233030242267,2.17138504638386,0.8567746824093083,-1.592867949055496,1.851358388292716,3.9310484797137786,-4.698198587167713,-4.137745984437116
44.0,7.0,700.943359375,-0.7892691869291992,3.074606573245786,-3.699260513749656,-1.566910278563257,-4.749248015858193,-2.573027907164356,-4.77295969344013,3.914106552638529,-3.209542228841571,4.992317887541564
44.0,8.0,1959.7210693359373,2.3682932725999795,2.406527843512918,-4.763311987551929,-4.821732534694928,-4.5797055243241935,3.145382792176082,1.397370795020299,3.073638697700723,-2.729518030184869,4.9572549679246
44.0,8.0,617.1500854492188,0.60604111771557,4.282083698300678,-3.835988113317032,-3.4269249569299047,-2.9996516033801184,4.999832675040345,-4.87873139188096,0.7845255524248724,-1.898642435328421,4.594688334475681
44.0,8.0,838.1851806640625,-4.681866197005195,3.0113609833581627,-3.0698958820269744,-2.881849422218348,-2.616526559674002,-4.781827099476415,-3.237989005800043,4.984811954069558,-4.213956579794703,-1.4432559545529782
44.0,8.0,3639.0322265625,-4.999967530044524,-3.605074411572224,-0.0447004314376178,-3.6130818667594697,-4.140666005652553,2.315401445644115,-4.985984778593426,0.912424802622498,-4.957922958466536,4.661442709062243
44.0,8.0,585.2749633789062,-4.940527653586852,-4.116620435295042,-3.7500923628185534,-4.977261790140252,-4.911396348419371,1.856647138791585,-1.5780192650835456,2.312704627547988,-4.22092869110155,4.728981546403704
44.0,8.0,705.617919921875,-1.480357331409771,-4.526103605090331,-3.2452528882090093,3.5225850081224426,-3.57082963381658,0.6322266489437576,-2.929911162701844,4.998003967012522,-4.273351029742575,0.0525430667853656
44.0,8.0,590.3211059570312,-4.958576319922476,-2.557383517800462,-4.961005731943458,-2.500743165776645,-4.396165839796364,4.992722346909662,-3.164675930994822,0.1979841336088732,-2.59808529152036,-1.4767515679561378
44.0,8.0,4274.5693359375,-1.069179743457911,-0.6586016090000051,0.7599426093353738,-1.78849484168851,-4.299522718853332,4.775404800123207,-0.902645640690226,4.957734393675095,-0.5074995488440894,-0.126616229030172
44.0,8.0,1565.27294921875,-0.8741074080468332,3.2904692869135914,-1.595003935583054,-3.096497171732868,-3.324136563971537,4.845664370627151,-0.1042105845667524,4.8059507507503,-4.983862581711294,4.74134030814888
44.0,8.0,5466.0859375,-1.7525052797470455,0.9961303899249804,1.3843833843882214,-3.2099257052704724,-4.999998088671169,-4.036229587070488,-3.659547988043908,1.0364769718986064,-4.946750039031104,-2.776740371596312
44.0,8.0,575.039306640625,-3.3257051336244645,0.332934114065476,-3.656161723704698,-1.323374006334315,-4.442347991682109,-0.0386188454442884,-0.7603092451286493,0.8425865722500125,-3.2060713333470887,4.460925478444008
44.0,8.0,435.9676513671875,-2.4288230997594407,-0.2300998582352598,-4.330265764595339,-4.881575276952285,-4.999561674813247,4.441699238424329,-1.8527796729439137,0.4064795062646675,-2.012354287350744,2.891766986573105
44.0,8.0,672.837646484375,-1.7102241745283586,4.847913869568746,-3.9051444546915657,-3.9046916002224497,-3.991469326126916,4.556049080006137,-0.3543657829569806,-3.7126757662325,-2.477943794301245,0.326646873429417
44.0,8.0,1684.141845703125,-4.878089473942361,0.8895038665094157,-1.182343603721642,-4.917763930489287,-1.476878784345177,4.4632007405744325,-0.8832403205928756,3.097199605320574,-2.5759820033339484,0.961982905074562
44.0,8.0,2319.9423828125,-3.242229947394966,0.4227850172482128,-0.6643329859458769,-3.7256744834626856,-4.559615792280199,-2.611723617744456,-4.068670611606658,3.611422736363464,-2.042980624478636,0.4039356795443822
44.0,8.0,1292.0196533203125,-3.6363381912249455,3.83658226979364,-2.88672132876336,0.6118693678648723,-1.190049384867173,2.5600350268517813,-3.967513696136287,0.5132241684625409,0.1676463794043776,4.584137206733146
44.0,8.0,485.7223205566406,-3.116643087057388,1.2376431138338777,-4.992735441282547,0.8458213256546543,-4.324964431135928,3.5869746648127645,-1.9845905933624663,4.827675978675352,-4.824330043795483,2.1852290644031207
44.0,8.0,995.529541015625,-4.330052494202376,-3.523900230227795,-4.45221253685695,-2.764465132030157,-4.102267700991974,-4.9105961926823065,-4.923037652014539,-1.7100087569956075,-4.976130447532655,-0.5549450846122861
44.0,8.0,7272.3662109375,0.687676345303454,-2.58193590109106,0.212817522250404,4.037132805881615,-3.983264677151397,2.182901513354824,0.0972934198797066,2.1340178938922154,1.5742493004900204,-2.0002927149024923
44.0,8.0,959.0225830078124,-1.348271687503523,-3.6285526023295738,-2.178163271163437,-3.93213904368237,-4.233662867365561,1.1787503733916722,-3.0733129919534123,4.9315784673994205,-1.281726555092133,1.6350374199003967
44.0,8.0,733.5919189453125,-3.404505990250441,-3.722628455248322,-4.096255123322833,-3.3818045483344865,-1.1223018390018975,-1.9585038825087115,-0.7491513101743683,2.143108313546607,-3.39036297784525,4.753787656720405
44.0,8.0,3620.1796875,-3.183793771178056,-3.002244800980133,-3.800485718732231,-0.7990987325777148,1.3887075188107652,4.130915473882027,-4.923932980079813,2.2976653175241823,-2.108836457545223,-3.609764904862693
44.0,8.0,493.7691345214844,-2.1293121370495216,-2.095982198268546,-4.845810568417826,-1.6212164758916645,-3.122650396124464,1.6080049815702893,-3.139195594230156,2.189725277493796,-4.5321308075331785,3.294649198507578
44.0,8.0,1536.75244140625,-3.4827333130618543,-2.328206708781681,-1.925891683946761,-4.9235929617177945,-3.322953317262786,-2.4645320708253173,-1.7619621622371264,0.4293401501379366,-1.5171485494156514,-3.1735799401413587
44.0,8.0,1073.8681640625,-3.658389129526874,-1.045587720187437,-4.351240724871847,-2.788102202666292,-0.5560951008251873,2.70344740831284,-4.9839020030959365,1.854802427494692,-4.820897367679585,0.9714309062743977
44.0,8.0,5061.23193359375,-4.810551938503412,4.914095931436158,1.305680667274201,0.854221686037862,-4.05023745446086,4.581095054978041,-4.023731014752897,2.586734576487295,-3.8706050851172575,3.530458765873405
44.0,8.0,4776.78076171875,1.86964922770988,1.1157326262703613,0.5303355584912346,1.9863232229389016,-3.928673854350457,4.2605045900680505,-3.419669987982817,0.8557565577961483,-4.464094955012636,0.7210483773698044
44.0,8.0,1331.07861328125,2.935733511741776,-1.1878734137314422,-3.243211044501918,-0.7723031008940424,-4.76925552361607,4.799146990377732,-2.2471322928386703,3.222694168042299,-0.6576702524004636,2.0519838275239533
44.0,8.0,1530.0767822265625,-1.6113568435451295,0.6097331392411167,-1.6157325802571898,-4.889214094706838,-4.736058204436128,3.642157085079433,0.043735680693528,4.696300438035511,-4.802202390991802,3.6778261496391256
44.0,8.0,508.1516418457031,-4.251300392888161,-4.82287942850429,-3.8299724043016585,-3.1838154894875625,-4.997472575887802,4.048453660879591,-2.376068777447189,4.842984936583438,-1.835075042928287,-2.2150012635825305
44.0,8.0,890.9056396484375,0.3755492433171703,1.111517450284559,-2.895467177534737,1.1796609938788567,-2.1112289966475064,1.2934279261800743,-2.8021362112678143,-0.0546559964520421,-4.250413299913269,4.754878618687465
44.0,8.0,580.3458251953125,-3.257259007024736,1.34169187572288,-3.2903117111536235,-2.989827198252878,-4.943355127938912,3.202148169707913,-4.261222832995238,2.3956955726226603,-0.1463032579360472,1.459954258036413
44.0,8.0,785.8316650390625,-4.924207451395759,1.2999414467505457,-4.9800672420808745,4.645239651026026,-3.233186607265064,3.381600940106237,0.7014727365630993,3.163126364541453,-0.8507342797842794,3.551822392882599
44.0,8.0,680.4287109375,-3.764118936153509,-2.112569506586857,-4.700355377502703,-3.696809190653522,-4.849711373939394,4.547566321140481,-4.564561809463318,2.556091253257586,-4.028165722794033,-2.598402271211726
44.0,8.0,9778.17578125,2.2328672065911785,3.0261110179682618,2.7404072911845763,4.95529580211144,-2.626360220618867,-3.14518722242397,-3.61176197977463,2.9745194324054136,-3.794321369329555,4.661838940915613
44.0,8.0,860.6129150390625,-1.733355495023651,4.640954323949375,-2.55331651706379,3.3512382067717343,-3.898508524935518,4.919122092480642,0.1597833609704269,3.688239104118731,-1.2488782952265822,3.243813784840896
44.0,8.0,1036.238525390625,-4.993886609065312,1.104283399191635,-4.088269158447917,-1.2913485190229324,-1.1764424277596164,4.7455975917761055,-4.588731997801029,0.7093246628221621,0.2543704210372066,1.8528527233940748
44.0,8.0,12695.8818359375,0.4133993185336688,2.7084649127711025,-3.4630127725262034,0.5232189668629754,-0.0954743069904626,3.6360229709986704,4.9984950958026495,3.4261137919223543,-0.0368934880100644,4.73163255535904
44.0,8.0,12321.5859375,-3.618265739870028,-2.5841322489594214,3.914170143771802,-2.883863798299626,-2.8232981985670818,2.7310579644400885,-2.4932580088203915,0.7728712789968935,-2.4183919319572107,4.586746148901382
44.0,8.0,1684.0477294921875,-1.3914103312678394,-2.8060181288259,-2.487542739485976,4.958783789539073,-4.653908749525375,4.099109769817243,-3.562490437671338,0.7484531155939376,0.4930896426670319,-0.0519565815198097
44.0,8.0,498.5852355957031,-4.993011822367174,3.071912346174443,-4.891199539060254,-0.6354410587131278,-4.905568397396817,-0.921828846874809,-4.981559241475615,4.472315609125296,-0.2307483785401762,3.3934309197640644
44.0,8.0,2330.94970703125,-1.8114662264515773,3.346656377664696,-0.7957552409862965,-0.5523289475406647,-3.111896519470637,-3.802181787268145,-4.671090158942398,0.0708935472176168,-1.2443584405705836,-0.0672989851611349
44.0,8.0,551.8606567382812,0.6475924250573968,-1.0181176413898587,-3.9906032551521777,-0.7976096187906911,-4.05323130081295,2.583879041971305,-4.671276564161423,2.208891904547894,-3.493975777146697,-0.2344446397347486
44.0,8.0,798.5595703125,-1.4171373695514773,0.7927286916911296,-4.94482298574658,2.6584027284601275,-1.2931792410650274,0.0646808744429368,-4.534693410264685,1.9720805987071657,-4.989585295648952,-1.0760620792636262
44.0,8.0,3427.982177734375,-4.9926970193362585,1.4450705537721849,-0.0113969517078889,2.9542368937663843,-1.8683010193032288,4.149598303485755,-2.0688966582330446,3.915329955020919,-3.168491024998972,3.067294379864164
44.0,8.0,7790.75146484375,1.403787448272591,0.5006973155773515,-1.426983114609237,-2.3822400831047936,-3.3222325553545096,4.717524687785859,-1.6553549095941975,-0.2071636609391083,2.4800858677951387,0.9356165669931062
44.0,8.0,3811.729736328125,-4.9999847321493895,-4.016490410742818,-2.5857547412817072,-2.2726852064059813,-4.987649928006252,4.531266808982135,2.112108612648312,-4.823693867276416,-2.6105968392060035,4.834132727667026
44.0,8.0,1142.3076171875,-2.257528031624764,-0.8352325982861846,-3.5447961506817007,-4.927066701611245,-4.285465994800491,2.574155203215838,0.9216059959919516,-1.0329912846726943,-4.95338746485781,0.3474691082967673
44.0,8.0,2600.580078125,-2.1845389040720327,-2.278661249870884,-0.5307268004292034,-3.2356495539405703,-4.073288103105651,2.5638158383163674,-1.7856731532108592,3.927383610222222,-4.65362131788431,4.365319312890861
44.0,8.0,5563.619140625,-0.7309459150194746,-2.4619269641520014,-2.960399609698688,-4.682674897248316,2.1472248509099128,4.90299798129621,-2.32566425660915,2.789101363532226,-0.5673753880197019,4.718653341108185
44.0,9.0,503.8631286621094,-4.431103755444839,-4.977561696729548,-4.403006512725101,-3.72899292068771,-4.9741954593390245,1.274897030969142,-3.94791759796246,2.616716048386573,-1.0722251216714538,-1.354068779591775
44.0,9.0,383.6177062988281,-4.925203449860472,2.297228322968216,-4.9784465934318165,-0.2928399781688,-4.801900054974146,-1.005681310417744,-0.9709965636995372,4.982817374396586,-2.5146021703451167,0.184231022398734
44.0,9.0,569.6082763671875,-3.729059558484517,-0.6712139512332973,-4.170615448525656,-4.181583456788237,-4.8173074150247945,2.8862993515689164,-4.985135746064159,3.88231214597093,-4.8679365822937015,-0.3820501534834175
44.0,9.0,1658.3560791015625,-1.8110080220251823,-4.106292547394717,-2.08880162987628,-0.0027073828596879,-0.6867922937954765,0.5697842900318415,-3.822363257071001,4.795490234963729,-3.606573489213422,-0.8419119672187625
44.0,9.0,596.9595336914062,-2.861081739222314,4.294795365527159,-3.4151537766695066,-3.291692130206375,-4.868737644564498,2.177818504881385,-4.494152433696725,4.63727723032069,-0.9345732595455284,-2.193277550367312
44.0,9.0,761.236328125,-4.768997608711448,-2.838606044162062,-2.8329233559808915,0.7220375349351116,-1.3814500807889414,-0.4161739687964223,-1.9007286045094256,4.248150815432121,-0.6317016418547556,1.825416500123432
44.0,9.0,610.2957763671875,-0.7607574146258731,-3.842695342062856,-3.6832329761324,-2.3347164467473043,-2.441064035725163,0.5133488202819532,-4.052300079321988,1.4533419124623066,-2.021366707730764,-2.6674041206647585
44.0,9.0,622.1840209960938,-3.1693437980460555,2.5960952874611207,-3.488459698331904,-2.220446436058663,-2.6957571788519306,4.847401465300186,-4.960380305764887,2.9565821961400163,-1.813675541911394,-2.361702200009602
44.0,9.0,1046.899658203125,-2.217101604111037,-3.835548639269275,-4.05737030815014,-2.689890088501718,-3.112143411963456,1.1241017776932258,0.4995983007180191,-2.97252634553709,-2.780457109165684,-3.4086949886981985
44.0,9.0,1760.3023681640625,-1.5050415806455653,-4.995210481866458,-4.65993239901962,-4.746129880508075,-3.86200449667042,4.235434640180925,0.4907586411567344,-0.1502847525641781,0.6772641692779588,-0.9845150918355214
44.0,9.0,6635.5615234375,2.642772462911741,-0.9370396335544592,-4.999832132449412,-4.995113708669335,-3.0484234575334828,3.6769113336766672,-4.659595919322003,1.0033855805274472,2.353992708088404,3.958464998317496
44.0,9.0,927.5462646484376,-4.801766052539419,-2.653371765444182,-2.543025336853232,-2.277200895189896,-4.9946208778070185,-1.0354766030755205,0.4341530534166598,4.454170490359129,-2.362683620922427,3.5782857351856805
44.0,9.0,449.5800476074219,-4.997060796166926,4.893180037660914,-4.882038626517404,-0.3213280733888242,-4.6450425251103535,2.3415176503122703,-1.978222441345412,4.076457555997873,-3.635416305009305,-1.11627288078675
44.0,9.0,1691.1776123046875,0.2276917480684641,-1.7745380837095843,-1.5958105870164752,1.099504128914317,-4.928692465067943,-2.448607076735936,-3.969269127971316,1.0069140557541,-2.866255330671557,4.949494898959772
44.0,9.0,9615.0458984375,1.6151928417468442,4.946404158231694,1.190043592879675,4.222476199629456,0.9138847427736598,3.3907525823208307,2.11119953358736,4.554628856000086,-3.128751657529456,4.437173603131493
44.0,9.0,20027.181640625,1.3669038489918233,-3.454518158677122,-1.9659440489299045,-4.899686851726592,-4.901865018350692,2.846272780932312,-4.101246735211829,1.557889503398071,4.579973995555406,4.979559984790672
44.0,9.0,663.719970703125,-1.4987964306722343,4.999967503304807,-4.988008524984473,4.410590773180621,-4.180649255423018,4.993899974207201,-2.713309585996056,0.7819805977683121,-0.6294703982430754,4.124779666554128
44.0,9.0,1892.1961669921875,-1.8664227350343576,-3.018594960997488,-2.082675458151875,-4.427368263315144,-0.2628244171531051,4.639527067793637,-4.952703684980802,2.4606297961621504,-2.696564880599684,2.940303886376652
44.0,9.0,653.1175537109375,-1.6028390733428894,-1.5293287984754986,-4.757326349626762,-4.201593200846419,-3.2254912062022747,2.821692732630762,-2.8548843411866502,-0.7964543464878213,-4.6677477933062255,3.6626110616879055
44.0,9.0,4674.361328125,-1.3561473062534208,2.05276306381783,-1.0618727592655826,-2.639947500635515,1.2081272074680474,4.991649626774247,-4.850309736106306,2.338457740945257,-4.510192855137259,4.7442626912939545
44.0,9.0,794.624755859375,-3.055824439848905,-0.7468406812201369,-4.874699806415612,1.5579632758616295,-1.209406543996451,4.640993531135022,-3.897689584261564,-0.8871388032481899,-0.129877908963115,1.7953907997075529
44.0,9.0,971.0777587890624,-4.617414512785395,-3.507004609345063,-2.438264711319879,-4.780230265710999,-4.359467505182529,-2.702192414055281,-2.6157675345241764,3.026539721248376,-0.11501782532833,3.921468371824135
44.0,9.0,575.1121826171875,-3.7438829643598455,-4.706205236472103,-3.904251578446394,-2.210241869165124,-3.123637508067234,3.7071562446510864,-4.993136585861985,4.988469734472005,-2.215256130616493,4.530503706603046
44.0,9.0,608.6429443359375,-4.719927345731589,-4.91800264006103,-4.99551174974215,-2.9855198450515696,-3.830594269328105,1.7308297779918602,-2.6811332143866435,1.4020771134016874,-4.542614924655361,4.873753220295876
44.0,9.0,745.8153076171875,-4.110204266795126,2.692838980025152,-4.156334385054798,1.9308191841662368,-1.7036580585917385,-3.5451918341906232,-4.993568952657824,-1.09482161674514,-2.2417459759210123,4.011864638825532
44.0,9.0,676.42578125,-4.16473173271763,-1.852018422449868,-3.6800220811312654,0.3013163941318941,-4.437226000759869,1.530150528268206,-4.749916454764985,4.577278784526719,-3.0719014010923305,4.999992731196112
44.0,9.0,707.5272216796875,-1.709708442089525,-4.731860957244505,-3.4092860899869057,-0.7739725835421378,-4.986048555615544,0.6850867639390668,-2.49429336661192,4.995250399867418,-4.185004351216134,-2.464432965835934
44.0,9.0,1444.148681640625,-4.993209895780419,3.518445395137608,-1.530073190921228,-1.2717279321305237,-3.72916898925232,0.833521028181301,-1.5172555047928835,4.878534871893553,-4.865422527458046,0.5921200674728659
44.0,9.0,383.4822387695313,-2.899822599720736,-3.392458832156916,-4.240416727260341,-4.9853463269701415,-4.999786335751587,-0.7937808746354902,-2.51436573941067,3.20412113766597,-3.987293416642373,1.6043877422904016
44.0,9.0,851.66552734375,1.7019329851707994,1.7068653238481524,-4.086790025554089,-3.855203172955644,-2.9720045154691963,3.664501026699952,-0.4512880480470631,4.507037697031318,-3.651994893508567,-3.2639321434293738
44.0,9.0,425.2054748535156,-1.9479866457990769,0.6705989672141,-4.586152674519394,3.237908605302655,-4.94723718831754,2.8407864018055315,0.0312194961490339,4.6713708228333655,-2.2262760679889064,2.451942006233132
44.0,9.0,1269.2364501953125,-1.3919283140553929,1.500293501530655,-1.8532691656171376,-4.887904685700748,-4.995749056438628,4.042180406581824,-2.5738050032378226,3.1423354411877806,-1.4347397664502497,2.803241577689958
44.0,9.0,1149.4776611328125,-4.842592894861269,4.844020701714266,-3.3091499613108937,4.70712398342604,-3.7479665042551327,1.7591270061391429,-3.8873676323167192,4.3363190850824935,-4.973466762556293,-4.97863712879535
44.0,9.0,595.4297485351562,-0.1222052696860362,-0.7250403843103737,-4.918410550393063,-0.7955534127970285,-4.9284257979866295,-2.57375467764002,-4.999998372373693,2.0101462221416444,-2.6650201192349665,4.893442276522485
44.0,9.0,1388.1907958984375,1.8178091266043257,4.701636495988836,-4.9999998283948255,3.60145895369352,-4.944180419707249,4.983066603483074,-4.911065295322919,-3.598171334813988,-4.216288875966833,4.929815377675105
44.0,9.0,534.0601806640625,-4.604694145499069,3.9583985314878216,-4.549749252245049,-3.7323254326749593,-3.1841655937320845,-0.4212660763341871,-2.9049774776256108,0.6014226845665425,-4.626757662700477,-0.9621396011496176
44.0,9.0,1729.746337890625,-3.8978104741107793,-3.502810589607605,-1.4261454911205536,-2.5920209158361263,-4.270760126391659,4.0149811175542425,-4.964299693324754,-1.72454985606353,-1.548045893412389,1.04406176386723
44.0,9.0,1276.68017578125,-4.501952563628937,0.041046924094541,-3.414923131614984,-0.881210628697068,-0.2951940876130354,2.408763252632742,-4.016136815965615,2.41709994873911,-4.559938921486199,0.2165099360207643
44.0,9.0,897.6435546875,-2.4730330763864563,-4.085755585805119,-2.865132824007408,-4.396818189799959,-3.8643367889025546,2.5042263882830893,-3.82883034513772,2.20547601468412,-2.1379045661131526,-3.305193672876894
44.0,9.0,1583.8057861328125,-1.4402659590097366,-0.031940662085673,-1.4493757583031113,-1.070613334528503,-3.501693241422604,0.6498224189862505,-2.331669061504658,2.243354629499689,-4.277254844081004,-1.883740305244696
44.0,9.0,518.968017578125,0.1975431587016149,-0.6787013485366513,-4.900805422756438,-4.593249520868326,-1.521089422602505,-0.3304806043771906,-2.356603400969221,4.525008753491429,-4.745643723141138,-0.7308446052609385
44.0,9.0,2847.9228515625,-1.0374188011963832,0.4791708462547195,-0.3916873743982103,-4.915921650075958,-3.11223848892538,4.978192031405355,-1.6514121712682983,-1.327801557968499,-3.724550222093222,-0.4573662173748936
44.0,9.0,2049.31787109375,-2.3748381891485426,3.696892926528719,-1.2778861258639918,-4.569439333472018,-0.7078331831608784,1.9139507232731368,-4.901680043656526,4.89158474649637,-3.4483216561183125,1.081851467569857
44.0,9.0,1680.6822509765625,-4.225961706997782,-2.857130023280194,-1.5105424270467296,-1.5460004844443258,-4.257505355730683,2.9996614050653303,-2.6987513645892465,1.1459136411345083,-4.199276505517399,4.648671771069159
44.0,9.0,703.1353759765625,-4.585479679109279,4.915868595282742,-4.0052690764961465,3.580621960082045,-4.614039064526168,4.8680176875272,-2.237434617365354,4.92350236703799,-4.197321337255131,-1.4555483244047185
44.0,9.0,762.0462646484375,-1.6115374486840328,-4.946102370050692,-4.739644063538647,-1.1883129365280245,-4.34781636502123,4.99820323884445,-4.217876849480405,3.849919183950261,-4.815680794486952,4.99402080522894
44.0,9.0,691.2679443359375,-0.6099156149467877,2.460861030184472,-3.217465460937019,1.3866397507513986,-4.653519677516425,4.400209279582617,-2.739977321124976,0.7481339189709661,-1.281997116056368,4.919793551694582
44.0,9.0,499.3564758300781,-0.2036511087457446,-3.169131529727785,-4.8894623988524994,0.4179407493422911,-4.573917706363202,4.97434500684283,-4.759718046746996,4.877426652401903,-1.9790215657831325,1.5094900599626264
44.0,9.0,3442.27392578125,-4.987677820378029,-0.703475912152193,-3.1503555346211303,-1.716800002590881,-2.230456783783591,3.5480129214857463,2.4966695627870266,4.286274356223359,-4.420960509446829,1.874342519995988
44.0,9.0,715.5096435546875,-3.955385753920563,-4.983598662722724,-4.844553335580806,-3.1409054484603574,-1.9562204736605373,-2.827259644335625,-3.095086425619167,-1.9631544669455403,-3.906958896042754,0.90906363361354
44.0,10.0,850.1441650390625,-3.4164735916785545,1.7556756802979343,-2.768266680806366,-1.905002684581116,-2.9196495323144145,-0.6937596355274076,-4.5352541031820754,3.545348612473598,-3.897161855815289,4.824348936261112
44.0,10.0,389.4436950683594,-2.625483497637867,-4.614920025487961,-4.980175499204655,-4.601754408861795,-4.222463128408709,-1.4075891953023207,-0.449036516938321,2.119739279293638,-3.067985575286924,0.7406378964190088
44.0,10.0,903.924560546875,-3.457363164632328,-3.013538981337006,-2.2791575978828247,-3.521796284230261,-4.653211337855695,1.0892031469373435,-3.2975041237377534,4.605184277839879,-0.4817920093578189,1.4906083819933036
44.0,10.0,669.2918701171875,-3.992129783297758,-1.9157743601053168,-4.840811913304661,-3.710998700669905,-4.944675030459811,4.987806789677796,-1.9032576311480656,-2.920350611715373,-1.6249656639163246,3.3578928272823507
44.0,10.0,586.4208984375,-2.635577003722689,2.354896661787822,-4.0182985967411495,3.308253826120904,-4.3067129479564565,-2.124085476575189,-1.6450980556194734,1.5226006851901257,-3.288497056703738,-0.4936366280916751
44.0,10.0,457.74310302734375,-4.926730379283283,-4.988771402089402,-4.943382552646884,1.1514243763640062,-3.010107427304182,3.4695373048946454,-2.189283540597396,4.985075670447504,-2.372432814215882,2.835080519095631
44.0,10.0,587.5906372070312,-4.619383722768327,3.964206263984378,-4.313686464399709,-1.0388526539334544,-4.969352774355254,3.656336333029067,-4.0504574576757975,1.2841177844049811,-1.4422274202230154,4.966372487301452
44.0,10.0,370.22454833984375,-3.282404990937949,4.626636502276876,-4.9837614430960535,-1.210948418061319,-4.1538217258150265,3.805736193782508,-2.071018176577357,4.691235285424959,-3.1373703628085168,0.1684776334399309
44.0,10.0,656.18603515625,-4.399737855328646,3.3581224917867765,-3.3709930414703093,-0.3387208027936426,-4.98943848069846,1.3432185218503667,-4.285774325178601,4.529466773159074,-0.0088772298124508,3.4077944914161744
44.0,10.0,1354.269775390625,-4.995489955285041,4.997727172347874,-2.048085950254431,-0.306437231150487,-3.3209462281979203,4.44989924879523,-2.471216740580421,3.158230484045138,-4.74015752486279,4.442154190957428
44.0,10.0,616.3353271484375,-3.2182020635910167,-1.5242679165680082,-4.956673338734453,-2.191070931306059,-4.92300404419533,2.7047372153084943,-4.476376839000267,3.7825835256695264,-4.262338181265831,-2.431816346155059
44.0,10.0,440.3254699707031,-0.7956845777107606,-4.949895973273349,-4.99882539364769,-0.2039234734795565,-2.0301834500000377,-1.5166834721330136,-1.0382077661207685,1.5875593353322826,-1.8336561235983737,3.584317220183124
44.0,10.0,425.0371398925781,-4.853934060697463,-4.344966332004432,-4.968219180529186,-4.638803018520017,-3.97336880608462,-2.325133072304447,-1.9101200197703792,2.5039078682086817,-2.2902098304357112,2.161630031484072
44.0,10.0,428.4773559570313,-3.072569511400061,-0.0530338914798287,-4.612277067943807,-4.999971714895429,-4.9777500645836055,-3.1361398486940626,-2.7006322616238774,3.425326985450262,-3.407550541067064,0.4451934801401345
44.0,10.0,551.6611328125,-1.898301834226564,2.314946086199205,-3.5832152777454365,-4.865267254718501,-1.5601762766234333,4.611383037600557,-4.6914858943831135,4.885830067063964,-3.760088786673648,1.9830814556186669
44.0,10.0,1337.712890625,-2.1850749239990943,-1.5852441322079658,-2.083359062776524,-3.836429888685529,-1.2255747126598022,0.9551305295092236,-1.3350617822678994,4.722827215325147,-4.339376563477117,4.985592594541485
44.0,10.0,578.3333129882812,-2.230793303501394,-0.075958412937255,-4.059241259945182,-0.7572219203070691,-4.919660317891307,4.459236902652624,-3.314051905634856,3.556189352890573,-4.966131906486615,-1.6864388712946732
44.0,10.0,513.0291748046875,-4.989896436275753,0.1508584375046906,-4.919181052761514,-2.1352306867301314,-2.866362593258738,2.1181161158919988,-2.8542282556413023,4.985891953763614,-4.946540694885533,3.2624154410811865
44.0,10.0,627.662841796875,-4.182583940034284,-1.3195396080036217,-3.31953983609786,-4.771416984240809,-3.25473567733028,1.295029115890765,-2.5132971824670984,4.737051629412692,-4.921924185555396,3.539220874729935
44.0,10.0,380.3775024414063,-4.809269308988147,0.6616746519115493,-4.965608340865805,-3.464190626813311,-3.784701617501148,3.368686477061699,-4.150613194476911,3.6203568643742496,-2.4162654002607296,3.414025849507468
44.0,10.0,678.1231689453125,-4.043670828426976,1.3288312433645455,-3.0260553573145943,2.2480609353772376,-3.014812977969811,4.517914874918077,-4.45223467378462,3.7134641062388383,-0.7457808714625669,-0.2683992648055122
44.0,10.0,1170.98046875,-3.2718918125581684,-1.0333796193535156,-2.4737058927893587,-3.1504735356454283,-2.87228332914601,3.739046872151837,-2.5546140828176496,-3.548378400542833,-2.6891123729874726,4.631803432093232
44.0,10.0,553.519287109375,-2.792044430900777,-3.301164448326189,-4.991750020584012,-3.3475746352945417,-4.913708128067405,-1.6237064303453872,-4.231110764362575,4.796258708187459,-3.6269299321556927,3.7170465159551096
44.0,10.0,525.637451171875,-1.3419798931845683,-3.590356869489444,-4.631817987996832,-4.653735994472237,-4.964366411603399,1.4098597516009024,-4.836271934189244,4.41893898114807,-0.7152402191290257,-1.990669502138016
44.0,10.0,466.7566833496094,-2.043415837811424,1.8232236067673704,-4.371650819496845,-2.383744936416493,-4.912485882500294,-2.625238741242834,-4.849231616377091,4.891417133125058,-2.638712846786591,-0.0194129760130534
44.0,10.0,481.9841003417969,-4.975419985259722,4.993662651421516,-3.73201435779829,-4.979999499692183,-4.999661648583893,4.92961488848233,-0.8559795804380057,4.8275579011315575,-4.266756628526912,2.415246303474623
44.0,10.0,493.3526306152344,-4.786691199603944,-4.370962461800147,-4.8449567349622304,-0.5860734030733097,-4.741727278730371,-0.6532752001148738,-4.2292499640854455,4.999070938656111,-0.9719073435286898,0.8670717681244886
44.0,10.0,4543.6171875,-1.772687041426968,-0.920333697108954,0.7025100065146432,-4.997190112549534,-4.998443302370459,2.9997699861953446,-4.582642730424167,-0.3604332397905141,-3.3398261045995623,4.8005212778799145
44.0,10.0,443.61474609375,-3.865114754161185,-3.269081464056569,-4.46923846918946,-4.594911730318595,-4.823284446153762,4.23548483635806,-4.947886259306452,3.916471829239697,-1.1942041518524968,2.266781994719029
44.0,10.0,589.974365234375,-4.782105745043213,-4.994228087976545,-4.390417749518779,-3.1837950565079947,-4.780294917289993,4.177027389041369,-3.137866270513585,1.13910218567481,-4.1738392091030265,0.3626375408071158
44.0,10.0,536.3990478515625,-1.4853792168767708,4.132116913147449,-4.921283617606966,-0.1894953785632243,-4.493720444376273,3.3078956203762964,-3.426728610583451,0.6387684067575137,-4.411003939087937,2.388313755301476
44.0,10.0,847.3265380859375,0.8626572416101652,-4.99289614834323,-3.4568418954876297,-2.317963098104514,-3.8869680154559,0.0508777207923767,-3.0031948236016497,0.7062292270565056,-4.9888623985068135,4.735594885858012
44.0,10.0,550.9453125,-4.834921906005233,-3.248365728173737,-4.9985033638804826,-2.915715273319341,-2.785904723931144,3.0340263744665936,-4.780157976766804,0.5357916928206716,-3.622446222516943,0.977203160719908
44.0,10.0,7000.94287109375,-2.470338230555272,1.143318633417277,-1.1877041060780136,-1.5925880195629505,-4.882958274054856,-3.1909184093868537,-3.631322098636825,2.981284820884458,2.295635088558038,0.7568534497739581
44.0,10.0,619.0621337890625,1.0908876622484538,-2.175994411266164,-3.602382343169177,-4.884304437913829,-4.907868467966033,1.8986230082423337,-3.197047262236215,4.881995353231384,-4.575096300012795,1.3286961840118918
44.0,10.0,567.1693115234375,-3.710144288644981,-0.1576731413311956,-4.831445170883832,3.136296012746021,-4.72619013064258,4.91000721695611,-3.551189192575905,4.963854609994108,-3.0574649766554987,0.4325225055568591
44.0,10.0,1829.7626953125,-4.998348151575536,1.4589281566031298,-4.602295109497288,-4.958032578283716,-1.3107689123916906,-0.5683875505826697,-0.2150929116596511,4.835451055220746,0.9632388113933156,2.311007351849379
44.0,10.0,632.498291015625,-3.3813926654032973,0.0986207869076167,-4.334050204224111,-4.997850677961563,-4.975545057931765,0.3271351600364109,-4.644452600652143,4.089629445144272,-4.999719346991945,4.484532147698218
44.0,10.0,565.9715576171875,-4.639808495468387,0.5788477516630719,-3.6077766351913887,-3.400223458598643,-4.955800642571757,-1.5089226369021125,-2.238851423927857,3.797747351814897,-4.99980317064492,1.264399322022892
44.0,10.0,1219.9193115234375,-3.9774979341923338,3.665022555253444,-2.641626269873857,-2.602276412968477,-4.730001419669155,-0.9693564071810004,-4.998091128051097,4.422453560182975,-4.645128019001404,-4.546584042217857
44.0,10.0,735.69580078125,-3.960831778047633,-2.3981072046282845,-4.226188616384168,-3.3349358228299497,-3.516201296861445,-0.5564704255415442,-4.992997041788078,2.52229297963694,-4.9997328632484725,4.7488933176584815
44.0,10.0,1359.729248046875,-2.4774420387821845,-1.3631133762971674,-1.798042107635236,-4.3720863123655,-4.086857430719387,-0.59629937784318,-2.1169694894626505,4.282932581196473,-3.454912319318252,3.4748405864976544
44.0,10.0,806.523681640625,-4.988272565486467,-1.7985758569270185,-4.987054940546489,-4.258407963310602,-2.1827024741989174,-2.000250471947276,-2.736227371314746,3.0632076000797888,0.2802919957017904,-0.2112510141205064
44.0,10.0,336.21929931640625,-4.088134534124036,0.4567018312126381,-3.893083222968227,-1.5904088301418136,-4.93158167803543,3.0400415029869645,-0.12422116661212,3.2103343728230254,-3.35199580032004,2.5898699109730803
44.0,10.0,402.8900451660156,-2.6402801456729192,-0.3763268678010716,-4.308493422303465,-1.0469794032194306,-4.93796156639872,1.7205371292551428,-1.802742255840259,4.9543796466920185,-1.278699787689206,3.606877583720159
44.0,10.0,1444.1068115234375,3.006881359598193,-3.1719306036007326,-3.6014120573384694,-3.565872350521508,-4.118112865293982,-0.6209166718713526,-3.1573033435976194,0.2174671010374869,-2.210608472416868,-1.2264161668677076
44.0,10.0,702.63916015625,-4.947166872075821,4.528483590740594,-4.5794049370541785,-0.4511770052211457,-4.121667915692643,3.383974185378205,-4.958233900786285,4.923352514653333,-4.994032718087725,4.449706474069643
44.0,10.0,412.1423034667969,-4.85454379167913,0.6275404422940412,-4.258911691676788,-3.730591913303976,-3.899141486766972,3.233220456555077,-4.179720355957906,0.3450335424226534,-1.272563473502136,1.7254196716292365
44.0,10.0,490.0080871582031,-4.934453246540524,1.0001122826420945,-4.107096560752022,-0.7119620551952606,-3.927065985679943,-0.5152998314506929,-2.072061678409065,-0.5331384414469618,-1.5232619618339562,-1.3377376391454874
44.0,10.0,912.378662109375,-0.1410969758127587,1.8563109725046656,-2.335254134231881,-3.2170253247346343,-4.401168012977363,1.539456696086603,-3.31276465761043,4.997037937604459,-4.693866757479311,1.4159172946276577
44.0,11.0,4962.59912109375,-3.2366360229306195,-0.8115857773029624,-4.994371120072549,-2.697701280569845,-4.117980725585652,0.3911220655323246,-4.786985065398714,3.053881778388309,1.8942603450041169,4.98779457647662
44.0,11.0,745.695068359375,-4.9507736330353245,-4.453379237024021,-2.965803247223921,-0.4428074005422013,-4.374212861424427,2.3635096010413825,-4.905211785559908,4.975698667402037,-1.0284293387366388,3.271471982159163
44.0,11.0,525.5814208984375,-1.0298505742994637,-4.980558436163166,-4.9996429628826045,-3.5936703392100804,-3.602893411391335,-1.082175254513016,-3.872052503201956,4.143700871047528,-3.5085207511811847,3.5097298319220567
44.0,11.0,773.2257080078125,-4.912312382708119,-1.36865625501833,-4.492840537172855,-2.587725069314133,-4.88254038595308,-2.858608931237077,-4.431932588196245,-2.2460825166762577,-3.547500032527122,1.6111821976839569
44.0,11.0,373.7398376464844,-4.78038478814515,-1.79912920631737,-4.866613103212842,-4.991762330431736,-4.9566667055810765,-0.3118785513721436,-1.7272053337733944,4.988769912394513,-2.044955555176442,-0.7237605948182093
44.0,11.0,570.0555419921875,-2.460097378833775,-2.7473770255740684,-4.460634087253174,-3.619262960473701,-2.337669163614617,4.603256975580386,-4.999918197373629,3.5198386893019205,0.0001766640830709,2.005738346354474
44.0,11.0,5138.7275390625,0.9440144270951728,2.786115786791965,-0.7836716652233804,-4.907556233297623,-1.102074748436242,1.997294110739749,2.331018831984755,4.797635542165814,-2.8289106936031354,4.992969835248282
44.0,11.0,612.9796142578125,-4.180440656101407,3.0086578233323475,-3.183046028454547,-0.596498295539746,-4.327135135395735,2.23034067395991,-3.008624003358701,4.430830163602927,-4.419666720069193,-0.2837203072215457
44.0,11.0,422.3514709472656,-4.11637041722106,-0.9572720479701315,-4.973606582368242,-2.3786656231864303,-4.272174734550559,-0.0123721470972713,-4.415740732634314,2.4258565185881142,-1.2247841171170817,-0.9146261254309164
44.0,11.0,561.2803955078125,-0.289754095678143,4.428731686813162,-3.4423187900101127,-3.889377326986339,-4.499121226021451,4.5194832733084205,-3.857925819928156,4.975703557442422,-4.44394666905704,2.5794577055409365
44.0,11.0,863.8319091796875,2.05186912323125,-4.993151733558142,-4.985721592605297,-2.398246699588805,-3.5690918207313165,1.8470290670645708,-2.7354302744806143,4.231445862998573,-1.6482842671904874,3.0623522630860727
44.0,11.0,453.2142333984375,-1.570707801178934,4.797641168541503,-4.479541818089509,-2.1478063311007203,-4.232200541732883,4.999139098309852,-3.397065716552053,4.371757498387511,-3.3260512365718187,3.4554492486439017
44.0,11.0,718.3109130859375,-4.8939336356686445,-4.882288993894348,-3.167081192709211,-3.340587032878657,-3.816848223650585,4.4439214702413015,0.0098436508996453,-0.5020185026718496,-1.980142653880374,3.547889819462405
44.0,11.0,736.2806396484375,-4.747210821826605,-0.057245522377797,-3.805900652455047,-0.7499688262010258,-1.0214218732272244,3.9157197423124974,-4.384203680354908,2.504711474198705,-0.5004692167861347,4.786708967995699
44.0,11.0,566.747314453125,-2.957009844040084,-4.942015037098479,-4.547328658887573,-4.728014814717283,-4.039353616802381,-4.125995230278327,-3.335715810321504,4.695966253020421,-3.2769306949288204,2.6803767095164632
44.0,11.0,897.975341796875,-4.743875232052599,-4.9999515639906775,-2.6603086844895034,-3.8440610724028654,-4.588320706079387,3.249070682224932,-4.98335685768601,4.975985936594045,-2.892786627414041,2.856299865378668
44.0,11.0,988.53955078125,2.03469904654826,4.266998712584876,-3.71548774386408,-2.2630031108313786,-3.907307003315368,-1.639425448732712,-2.70502867185578,0.8652390645985459,-1.155828180352061,4.962898061944848
44.0,11.0,9439.8515625,-3.3425865415505345,-3.379733162566235,-4.643149851450032,-3.5110156179112595,-4.0872055452162055,4.501039506649077,-2.920823110439678,2.572383580284489,3.046831860123218,3.773145601543275
44.0,11.0,598.042236328125,1.207684714055505,0.3661150102079302,-4.836288933876297,-0.345656962585573,-4.954374133505076,1.95599553690494,-3.594109204513928,0.7985183901073256,-1.7437899298855717,2.4339156001213755
44.0,11.0,577.3250732421875,-4.998032766495324,-0.5786963694172584,-4.991728305271224,-4.981813124375623,-4.910542784294139,0.3433562731572372,-2.0815610680474066,-0.9608279719893248,-2.395596458054123,-2.123816634458845
44.0,11.0,455.2524108886719,-4.27466336236067,-0.8682877600922891,-3.733834372230685,-1.3676357677839404,-3.355314466007936,4.989704330308701,-2.832521766480384,4.566712353049132,-1.7615342149366682,-0.4353716149393101
44.0,11.0,1491.6229248046875,2.6417555104708104,-3.831722461812273,-3.2637209106289164,2.1224358715355605,-4.8534440825563365,-4.682453503762684,-4.567424368851988,2.448673986369057,-1.1697663171162,4.558334640315941
44.0,11.0,406.0918884277344,-4.756346425648085,-0.7330041889311838,-4.601572163669346,-1.6916777940377004,-4.886865604980002,2.7744288455252244,-2.653879316995143,4.99939972276912,-3.380166047014625,0.4788022174207178
44.0,11.0,610.93994140625,-0.4446463943121266,0.3792395609453507,-4.999299655307225,-4.984511404154706,-3.183880102290588,3.799984241000136,-4.314372527978717,4.999855797571977,-4.6055358632778205,4.487191898852931
44.0,11.0,345.7982177734375,-4.782592962154444,1.0379471708603925,-4.996110761601191,-4.988928926704085,-2.712319844740355,1.794763510889524,-3.68553093931434,4.970217314888995,-0.2788501606326132,2.47673480574385
44.0,11.0,472.3511657714844,0.604565785745736,-2.766532813932083,-4.400759024277468,-4.814570716138233,-3.542462715127048,4.921254980896446,-1.6604882863275163,3.257011038070914,-2.5563307655736187,2.2065495439594507
44.0,11.0,367.251220703125,-4.999978326393425,1.5972693564433085,-4.979284004004776,0.1908694015531811,-3.194334352904678,4.943829485851893,-2.035506404636401,2.8873795330496,-0.8501141417939166,2.901829046379809
44.0,11.0,563.4503173828125,-0.0678392962591614,2.0391036714374167,-4.908310749648674,-4.334870497183527,-4.886614835745164,-3.5249547932838765,-4.812300590589302,4.9960723240159695,-3.642820239609402,-0.4674539798276313
44.0,11.0,752.5965576171875,-3.105532253542988,2.012998233488364,-4.641624895790755,-3.5404892940986805,-3.176528287579709,0.7462261598763025,-2.838699180116377,4.582855173869241,0.1988733525208408,4.950420392571441
44.0,11.0,1025.583740234375,-2.40117638434556,1.806558884124856,-4.046899748376226,-2.393921093130211,-2.347864145264224,-1.27872252960054,-3.564584179122572,0.0279393104251335,0.49619941711215,0.559236843900905
44.0,11.0,1400.97509765625,-2.773717603444996,4.895545253486414,-1.8916591479873937,-0.0897499081147152,-3.6343498563470393,0.2896289951659527,-3.510431842552054,0.0795222784186133,-3.2572307462749976,1.93905732996798
44.0,11.0,464.7661437988281,-1.6682921352071474,-4.764696839615016,-4.999980141722514,-4.029354113365759,-4.390488230051057,-1.0681945812074076,-4.143517165905691,3.760774109011809,-2.193242334879245,3.268217176913783
44.0,11.0,565.8404541015625,-4.915650200594422,-2.8815859942828697,-4.561827848150831,1.538173411212373,-4.848382786303909,1.1086204131291044,-1.248199201051528,4.722962209319602,-4.538757011073894,2.4246419273990414
44.0,11.0,8028.1474609375,0.529344498381672,0.4715969213650526,-4.01043941954782,-3.135472857802653,-4.907734893089374,-4.398205172775763,-2.7359288762118856,3.6923099940301833,2.7734689585834644,-0.814710456626174
44.0,11.0,2735.334716796875,-4.848926678622086,-4.957749081899932,-1.5390577668573684,-2.886397617816034,-0.0269898360060167,-2.992088247357227,-2.901986089036777,1.1864560781829248,-4.237386919200786,-2.841729055455109
44.0,11.0,334.6707763671875,-3.0491067738639828,0.1207267412733124,-4.62644031371541,-2.41627660476216,-4.989409723762418,0.0283699664394188,-3.443816783320872,4.761031376833845,-1.3401138066453029,-0.2348273734752162
44.0,11.0,339.10205078125,-4.08749306134856,-3.415060008421117,-4.82957373455157,-4.374249301150497,-4.972980712120582,0.2529593175784894,-2.139381586205681,4.918989233112704,-0.7286151116170885,3.325326543109279
44.0,11.0,675.7838134765625,-4.707362772132236,2.4103717981422896,-4.89197473844782,0.5707286432923819,-4.829860915373558,3.729702102807982,-3.5867191229170885,-0.3940705371144357,-2.5302085239905803,4.843285003306114
44.0,11.0,456.4949645996094,-1.1851026925255417,4.479729259711503,-4.704889639915742,-4.931831166375154,-3.5386295432484083,-3.6027424884377126,-2.2967123247471104,4.703822542245881,-2.2341495481931704,4.584303528136163
44.0,11.0,901.3741455078124,-4.799486903940616,4.994272958856502,-4.82821889528722,-3.16870178442422,-1.0742191003586274,4.999650341126779,-4.752119657672409,1.4972075205475497,0.1221173695445667,0.3595961558918805
44.0,11.0,541.268798828125,-3.619657967661042,-1.969590497620152,-3.5454777384380387,-4.956781720920005,-3.4383915301656924,4.070296115178712,-4.870081694651068,3.450229114690483,-0.2371238973250031,0.5290711632582257
44.0,11.0,832.1107177734375,-3.764363528904568,-0.5568867946323781,-3.202332293062289,-4.984092201089148,-4.837023616783213,4.068877026081299,-3.1698649385255893,-1.5415781739062906,-4.964963481968479,1.527042629472696
44.0,11.0,614.1760864257812,-4.971203560794416,-1.4058958545774,-4.999807402884375,-2.806344143889577,-4.942039369461977,2.22312219935795,-3.739272771651506,4.987312950837776,-4.580636939257543,4.7008698830538425
44.0,11.0,592.061279296875,-2.5763513036103323,1.5122685462405263,-4.690089987567795,-3.4579927261515566,-3.622415168645313,2.333777678618837,-4.790311528352744,1.7245322123352516,-3.076299661239683,4.998090332487484
44.0,11.0,2334.9033203125,-4.812335912816854,-2.8460439856901667,-3.559864745979013,-4.987991228329069,-2.549044841074561,2.0667604183697232,-1.3598626044390194,4.856451031321484,1.2247486490923,0.3632808294094296
44.0,11.0,736.1480712890625,-3.4017139352930075,-3.4313788912907954,-3.1845294008142884,-3.520751754954976,-4.4832553300158615,-1.7838579782333213,-4.980445229112956,3.0813035329902334,-4.911829189424707,0.5881084586201091
44.0,11.0,990.228271484375,-4.974420741326627,-3.1951109735794887,-3.8924970543377526,0.0005656531881426,-4.996692816458769,1.155115832494424,-2.162089477720619,4.947099503376283,0.3897037800319856,-1.881376645672233
44.0,11.0,1032.1395263671875,-4.161871951719311,-1.1510141225881498,-4.913817166722334,-4.616955734034134,-0.325314006517142,1.2409650714031226,-3.638262156926838,4.549575228402173,-2.631438665023815,0.6638433633022593
44.0,11.0,3653.465087890625,-4.9230876919305215,2.27480383141571,-3.855402492895792,-0.5330034278763449,-2.584009398443747,-0.7687864862634335,-1.8531552465856391,4.088782477753446,1.596878496036565,0.5495506979588125
44.0,11.0,610.4362182617188,0.9651824938089462,-2.3191105114443085,-4.326894911264728,-4.547689720726771,-3.8831812027728727,2.140475192618311,-2.767407191733348,4.140420899166287,-3.781528113986092,4.790130902499332
44.0,12.0,395.5480041503906,-4.793751162555743,-3.1750384282015105,-4.985392212123325,-3.445925774076089,-4.618631243460207,-1.5848342721893798,-3.5373039728113804,3.573716599202962,-0.5419871309056834,0.6865351912532747
44.0,12.0,357.3630676269531,-4.858340512346232,-1.4579827658766953,-4.996600054762267,-2.059976917676265,-3.772233001208294,-0.0721964947281801,-2.707837921646352,4.835865150219368,-0.1671628113424175,0.963230717491382
44.0,12.0,2375.885986328125,-4.880647226622242,-1.9437729380283164,-4.774393012111865,-0.7703235050216612,0.8239471623372294,1.9396715602180088,-4.989531288775323,4.025307031597844,-2.259719961811957,-1.0839150262954602
44.0,12.0,533.0415649414062,-4.888434858586081,-4.664811784219753,-4.999663541075468,-2.802733599433762,-4.645614243744692,2.905074634835623,-3.1558765426391786,4.98672397652496,-1.8334745897510984,4.967673976741255
44.0,12.0,427.46820068359375,-3.618501092830612,-0.994155813712876,-4.380983729458243,-4.642421328705391,-2.9082738969150803,-1.0226987771377165,-4.140087442277083,4.617825824703614,-0.6412976043119478,2.851094196727073
44.0,12.0,919.084228515625,-1.1332834456171763,-4.764805023079091,-2.522590467161075,-1.246523598559941,-2.4216107542489667,0.8971193631519654,-3.2442016584681976,4.3900400165227005,-2.367961144956289,-2.928419958617989
44.0,12.0,379.879638671875,-1.5604445560222011,-2.0305991257896263,-4.488634615961874,-3.905778613848663,-4.137501867196237,-1.342860407524602,-2.576555197756198,4.211871072676946,-1.868401153588976,2.1927153298787907
44.0,12.0,472.3382263183594,-4.990225723075066,-4.1093822703858445,-4.086507221505671,-4.7055382888756245,-4.50471967739225,2.1203135336619647,-4.913100474951912,4.831320230811629,-0.869350634528864,0.3982598091032097
44.0,12.0,400.6993713378906,-4.984680170361875,2.0710242003092016,-4.6431061709407855,-4.075575740924978,-3.008508846296354,4.184819955262871,-2.1039796493858427,3.899538569212593,-2.2496287959185297,-1.8976491781688205
44.0,12.0,501.482177734375,-4.751046855788762,-3.958766324069354,-4.822319488960674,-3.816138914445147,-3.3198980581400543,0.0320282039413175,-4.214327234194218,2.6414169858403733,-3.420642353948832,-0.3848429304456875
44.0,12.0,1171.988037109375,-3.431580509946804,3.802053715947004,-1.994217565502146,-4.775451682165013,-4.3502266111199965,4.010064842698801,-3.16362530182324,3.95412878825492,-0.9684649251819186,1.179826162641012
44.0,12.0,563.517822265625,-4.934894639282278,4.999407368803947,-4.8550618582475815,-2.536290437684729,-4.223761073075209,-3.87740665472885,-4.56433822950925,4.976624580750837,-3.033807446193425,2.804370773957457
44.0,12.0,460.0989074707031,-2.6415004413397627,-3.4926871080446285,-4.814898618765606,-1.1293606550551551,-4.085431129982059,2.088774903258823,-2.6128062012069373,1.892167177398216,-1.723373531117975,4.2684934665646175
44.0,12.0,455.1307678222656,-4.454136172192824,-1.9978816892627995,-4.68932082368306,1.7514102195711567,-3.330077762510468,-1.0834682161999163,-2.713218332610764,3.280940909279879,-0.4122462476539246,0.8679610031118337
44.0,12.0,963.768310546875,-2.934004124856328,-0.9239549006844427,-3.878963448898322,-3.6090288746149457,-4.999961259251765,4.211431233389543,-3.466681657540933,2.7447086194892067,0.4831473968329947,-0.3875751514249517
44.0,12.0,607.5255126953125,-2.608968686602837,1.3910780603790052,-4.973115078262815,-3.623104148221125,-1.154706976624611,1.0469161162376732,-4.932135444283708,0.3055675176908758,-1.0609257125451297,2.492594333975024
44.0,12.0,600.281494140625,-2.926661404991027,-4.677002348035925,-4.641142528070191,-2.236859489848465,-2.416883583698666,0.2904665014972538,-3.4306799031242137,-1.1534034299137366,-3.427605859485673,3.99315966753236
44.0,12.0,539.1363525390625,-4.994200368892224,-1.4726400885739157,-3.3462811312377654,-2.67652962895525,-4.992710973989355,-0.2747477711549475,-2.434074666881928,4.426408613834576,-4.421109082037425,0.6097658717323053
44.0,12.0,572.2723999023438,-4.993704172585266,4.047527800888213,-4.92044911030795,-2.7094587051165675,-4.247974990356682,-1.0997726874005314,-4.998023981815371,4.999594710868889,-4.2563018447213805,2.150603533069764
44.0,12.0,702.6505126953125,-4.992083833410904,3.054164037420655,-2.7715434215867107,-4.999991532048072,-2.6601657674378365,-1.523580062016331,-2.854495608606773,4.969765065821539,-3.1706417252497405,-0.0608405250820673
44.0,12.0,349.5353088378906,-4.154143418480923,-1.694525301379108,-4.905191000772716,-4.976192585317889,-2.7615766353438493,4.662557458803322,-3.4321892255375364,4.847222472994714,-2.2120898675705374,1.954433449392022
44.0,12.0,452.1100769042969,-4.269317669105908,-2.5219143671895985,-3.744646972691744,-4.511309046667712,-3.185452362996135,1.7311129479647294,-4.631627922727354,4.999990257596142,-1.0576892047438196,-0.0236851817318166
44.0,12.0,4280.408203125,-4.336513151132164,-3.8311540973952223,-4.020866043401499,-4.84886039216829,-3.33064596898312,-1.579034348108766,-4.670052863528223,4.476493425706909,1.684200093366779,1.431984960382633
44.0,12.0,416.5092468261719,-4.236609090966271,-4.7995479799982,-4.486016198094379,-3.8918062679000736,-4.607317428722462,3.402689524591942,-2.9479154187995174,4.836180519070817,-0.9271186249995296,2.7893164583692265
44.0,12.0,315.2446594238281,-2.0995394374999705,0.282332936455111,-3.9261007984035,-4.827219738022191,-4.590584749460502,4.205566633297128,-2.4393046716579403,4.328733555037411,-1.0794764334650877,1.0955748482434349
44.0,12.0,539.3634033203125,-3.9946884958569857,-2.9010209919874206,-4.021531796006721,-2.733351487820768,-3.0547074611940217,0.5532018925120896,-4.998805594587853,4.462772753755832,-2.560215061323568,4.338794080269249
44.0,12.0,571.7492065429688,-3.805348569267962,2.1344024372623416,-4.984295439086803,-1.0615619105566951,-3.1437892573120574,-1.5609588938185714,-4.510585944431902,4.619879048221241,-3.8298293688841376,-1.835445175031798
44.0,12.0,460.0165710449219,-4.886133974162704,-0.3624921134590471,-4.330519816032758,-2.1350350134933005,-4.140808018491967,-1.1388687836327844,-4.276121838891938,4.6615315104720665,-1.4729453962381815,3.3354702507512606
44.0,12.0,388.6837463378906,-4.248513525420197,0.3958214265993618,-3.979583128450126,-2.928026761505964,-4.313405782062599,-0.9773911881865942,-0.4011637470504077,2.6080054337269143,-2.2332778469755583,-0.7694100857797457
44.0,12.0,424.2096252441406,-4.602863541371908,2.342846737536073,-4.204778751143458,-4.997824721451863,-1.5408067159656331,2.943501747189876,-4.048717649180672,4.996429759317376,-2.7492508825968214,0.4226898638239742
44.0,12.0,1853.020263671875,-4.406978135850176,-0.4129625221032604,-4.024239534836315,-1.3151223012114786,-2.624161824218201,0.8624912972572361,-3.981451422425451,0.5167805892627246,0.939630966478716,0.6900904560474119
44.0,12.0,398.3131408691406,-3.721794635911935,-2.5080634030150906,-4.785587192882689,-2.3337488054694253,-2.8000775286530084,3.146395733099938,-3.280820619430713,1.987207222580572,-2.082423881410339,1.0979260611432178
44.0,12.0,509.3507995605469,-3.3566752025766853,0.269608355151627,-3.8323536552822217,-3.9215188340993934,-4.094001077620171,4.37334082181351,-3.618667463800525,4.214282608574106,-0.2188439547476903,4.287524789480987
44.0,12.0,588.5977783203125,-4.868160060251865,-0.6569018142215741,-4.217854911463025,-1.2691795647803716,-3.0114815697646264,-3.3733285200077763,-4.909748265478764,3.750419282733194,-3.604586695137813,2.393211407100692
44.0,12.0,3498.809326171875,-1.0362203643510917,-1.1432872038931046,-3.6855292216259534,-4.9437410370154655,-4.471111334847162,2.792626296241365,-4.881023568105505,4.586870743598579,1.5465396266838418,-1.0871319539966469
44.0,12.0,301.5288391113281,-3.785379741379275,-2.450668025081648,-4.998520682420444,-3.062258485442623,-3.830218447594767,0.4368620829920875,0.0435149451217196,4.761817568901311,-2.4059644897090497,2.422249191573393
44.0,12.0,466.68450927734375,-4.717798557729898,4.293513633372484,-4.193771332045177,-1.454391334779336,-1.6883281430663342,1.8864545943095603,-3.182384847324264,4.7883293392306925,-3.069232279324096,4.698841095034043
44.0,12.0,606.3900756835938,-4.185626979543991,-3.6968822735578586,-3.231870241406231,-4.847487347128103,-3.152609978444498,-2.999756136219985,-4.993144742994184,4.296487591642617,-1.4648882203172011,1.5080236647621392
44.0,12.0,744.0887451171875,-4.987960925864152,-1.9118826865056315,-2.947817750439447,-1.2275586948292396,-1.4766833312690308,3.34412384569472,-3.675811199941764,3.657872846767047,-2.5491275613026625,2.400679933430146
44.0,12.0,1170.901123046875,-4.902562908584665,-0.2610884993612652,-2.061019027324311,-2.723498346903199,-1.7650210483835922,4.658533578998899,-4.99355681794652,4.999931019476289,-1.372141409928945,1.6600006691026472
44.0,12.0,402.2731323242188,-4.819533784983547,0.1110882915801267,-4.564767917270237,-0.7911407594505899,-4.989874554200347,0.7840140292709599,-3.575406291157908,0.6764926463770156,-1.47810108544577,0.8906549718334116
44.0,12.0,1486.019287109375,-0.4997061634165627,1.7371830028780133,-4.690271377902279,-0.8340807479817514,-2.103565126016443,1.761959476394784,-3.438171707952682,0.5678840112933532,0.7511455893102177,1.0708475696720594
44.0,12.0,460.8088073730469,-2.0293147003269256,-4.53945627193381,-4.150680961074782,-0.8068039558108655,-3.540653253785211,3.5614951031831605,-4.999423272127903,3.957444132344325,-0.6479425309384643,-0.6543599246122938
44.0,12.0,552.1815185546875,-4.562006877722052,-1.5976499720358968,-4.815589928635512,-4.999955846592994,-4.365585330768575,0.5477260383667648,-3.8857594898947534,3.9282649651646633,-2.4880795814956427,-2.7690798205337246
44.0,12.0,550.7967529296875,-3.127604087994254,-2.630285090720694,-4.818963309576031,-3.226979799193384,-4.959033102729796,3.754450273613969,-4.374524406142185,4.928144873745911,-2.3033036237164244,4.853040244624104
44.0,12.0,255.7710723876953,-2.9640216506680312,3.3690693183160505,-4.949076371218143,-3.9896640614980514,-3.09851859200889,0.3759457721761796,-1.9246577936966465,4.254826525495869,-0.6956325967677426,2.185073770470356
44.0,12.0,1777.5914306640625,-1.8608798954483288,-1.987245042971297,-4.50490086810736,-1.6918608034092475,-2.078766703839112,0.4135712115399101,-4.385264927937971,0.6029079861041389,0.8705563489488437,3.4980266169906784
44.0,12.0,438.1946716308594,-0.6359472587092796,-1.7964130787956236,-4.997748013431784,-0.3607882203113082,-4.322797864297374,4.339364376178304,-3.546984887050004,4.884855172954557,-2.4867090463022032,1.7127828478203255
44.0,12.0,619.6056518554688,-4.428212972150218,0.8902532248856669,-4.767123507677082,-3.6818433284121546,-2.3527938799440973,-2.3625405647874755,-4.071523067618571,-0.1237213033947082,-4.909009371122196,0.7667570128217163
44.0,12.0,476.8083190917969,-2.615573087871383,0.4493781366076614,-4.909046999608814,-4.998602885984295,-4.932934479254527,4.54780849505641,-2.9827553425893294,4.924286422651193,-4.909322445683135,1.258625374178946
44.0,13.0,484.3818054199219,-3.521986645431645,-4.680004081631107,-4.598197024959548,-4.244531740314764,-4.760219544986608,1.1747649934663895,-4.789929414410473,2.4626127104899265,-1.5805547795683856,0.7001463559903485
44.0,13.0,398.2227783203125,-4.341788717914136,-4.999941532048887,-4.916257821244924,-2.1990482261162123,-2.9787279270117764,-0.9526750402871232,-1.907001892657754,3.755405273052064,-2.758618108326964,0.5937895789880727
44.0,13.0,956.47998046875,-4.174445885252776,1.943387377406132,-3.443377680362248,-1.7888438506098083,-1.6497042112024136,-1.1337251196955993,-0.8932561528694141,3.865688475842557,0.4332670430707868,1.5211764202122566
44.0,13.0,531.4915771484375,-1.7727233774434343,-4.067898496191555,-3.23336092359618,-4.1293858326240125,-2.9176862701260187,-0.3578781784458993,-4.584826330321811,4.357357490953536,-1.417413615890442,1.159937655069224
44.0,13.0,429.5438537597656,-2.766190555131133,-1.2690116024339773,-4.279343690542966,-4.493878024062399,-4.998910027986563,2.452641236362385,-2.578862262385541,1.049520018218737,-2.838028845913068,-0.9675585255952326
44.0,13.0,654.8302001953125,-3.5337286875358567,1.799342659311371,-2.7844557551369493,-2.7884069358648587,-2.6555488301615804,0.1853802403440561,-3.309609258279965,4.993825932121533,-0.5362221879889955,4.285189203699941
44.0,13.0,334.35382080078125,-3.6209811676926114,-4.629127612731658,-4.03371063943336,-3.998497111904849,-2.006500112533669,2.3553494013724645,-0.9223519005950296,3.285223202206417,-1.6968576894999017,0.0909495354477822
44.0,13.0,359.5703125,-3.3104321927787788,-0.928292612930103,-4.976942973587278,-1.7795361727774672,-3.1936373619029403,-0.4689656445854275,-2.901568284253529,3.640497209219271,-3.2064242390992588,0.3369849349076927
44.0,13.0,501.3990173339844,-4.444672520762103,-4.379146247903261,-4.572095871866566,-4.872397814737958,-4.050548034552704,-1.3666180323865014,-4.617649834234873,3.781295813857433,-1.0076490762274846,2.736254917861128
44.0,13.0,2547.09765625,-0.8041048525807701,3.114462105508215,-4.799081203873548,-0.2012968241273887,0.6246145161110386,4.663763894570835,0.9072516219522476,4.962930236325926,-0.1954777536625576,3.786620480539071
44.0,13.0,1312.2001953125,-4.959927314758568,-4.840813983244762,-4.974376069486087,-3.81238393009368,-4.4296447978146185,1.3475553411145436,-4.632667478149898,4.969608208380137,0.597281978139379,0.081047509387508
44.0,13.0,401.8879699707031,-4.4761723309182,-1.471715576856246,-4.394482280088427,-3.539029195852023,-4.214587429639503,4.687239482472437,-2.4143454038924106,4.880744984252676,-3.0020458626762374,2.2008816368659865
44.0,13.0,606.0379028320312,-1.447320429752723,-4.949938810594831,-4.873592777527553,-4.755476155615813,-4.801222645387912,3.8337318804040894,-2.7424022183995205,3.4771665479677587,0.0332869968091724,3.169790184810811
44.0,13.0,1775.765380859375,-3.725473214346237,-1.538274438134585,-4.195954136066226,-4.994757536022029,-2.2238517850168984,1.834615199416918,-1.7040711495530978,4.475379327068202,1.004567523212188,0.6515910023198312
44.0,13.0,9007.66796875,-4.998906452170981,-4.992464809986915,-3.658296732738536,-2.046722815672395,-4.962310435573164,-1.893477255550536,4.055885093177954,4.961125172397095,-1.731928202781874,0.4957990831596444
44.0,13.0,1416.37353515625,-4.708979106184493,-1.139262759418279,-4.542596345745596,-2.7073684941406007,-4.981659366980945,0.1504506483826526,-3.528268285417446,3.4596588934949057,0.6418270448397951,2.776917936861077
44.0,13.0,448.84466552734375,-1.3685644562851,-4.963315690212295,-4.904691091525069,-3.8918571897019167,-3.9552961609278334,1.5914895919063865,-2.743068459103227,4.844922240627385,-2.206080972413317,3.7037371702348416
44.0,13.0,470.7738342285156,-2.9680357826375623,-4.391736742486033,-4.58384310160069,-1.849647037779244,-4.9081780771470624,0.5849318354055608,-3.957133984106789,2.9291626452824264,-2.4457106341045245,0.944747472875064
44.0,13.0,454.1854553222656,-2.681560982754072,-2.6524450948580287,-4.315015771826573,-4.512984095727834,-3.7348560368871735,0.5301852449310669,-4.856472724982905,3.8608904563840767,-2.087782037526178,2.2111177095361523
44.0,13.0,356.4437255859375,-3.241359436438422,-4.974939132662689,-4.821029935048683,-4.465178047067243,-4.80295572138477,0.5304498419466537,-0.8478236752683701,4.846082068461236,-1.812349156135257,0.1773109928726572
44.0,13.0,461.0552673339844,-3.968452679828776,-2.535848155702064,-4.963357236669062,-2.470699959762687,-3.4847852764764,-2.7537358832639853,-3.8257371724499967,4.822177086014408,-2.2033956321433577,-0.8648694372423904
44.0,13.0,598.6953125,-4.983319356728807,-3.974196726308594,-3.992098809446051,-2.614774198533815,-4.351760763663056,0.7310478114666896,-4.386347052052061,3.212149852479376,-4.449717381727039,0.0425520639277987
44.0,13.0,540.4854125976562,-4.937343424533942,-0.0533149955140785,-3.4245068142853583,-4.958599883360551,-2.485046079613306,3.080237408142793,-4.586733262875851,3.630464570793208,-0.2593754332899607,4.532886114361904
44.0,13.0,709.6951904296875,-4.980063353086748,-4.295617264966213,-4.89199925323891,-4.903279856340429,-4.989164136733769,1.4890451123582815,-2.392367477857821,4.983125781393239,0.1788276007765086,-0.6969141588797161
44.0,13.0,724.937255859375,-3.388852266582255,0.4745289112517792,-2.581408164299802,-2.410544113610022,-2.438818678656956,2.488888930835744,0.112597694880244,4.994304027691904,-0.8840524561422152,3.732983528832488
44.0,13.0,652.6390380859375,-3.7418513020313537,-2.0085578988805475,-2.9159377839415663,-3.0181207015237232,-3.0304664712115805,4.639742120045032,-3.121348273063976,3.5202105838806794,-3.2443797972854425,1.2402609652468568
44.0,13.0,439.3179016113281,-4.999190680005721,-2.349998457044756,-4.620954747251036,0.5350790254609938,-4.947031804747813,3.0445105636804684,-2.717804005109348,3.630725954788424,-2.474579614475065,2.973078299853105
44.0,13.0,459.1129760742188,-2.014314229134522,-0.3614289409410078,-3.83152205797705,-4.9893243407528685,-4.889891018636585,1.7168431064238678,-4.844030386043315,4.991972221567886,-0.3598801936852718,-1.050373243938418
44.0,13.0,457.9596252441406,-3.205022783019082,-0.1075291412074221,-4.501029157677918,-4.958355609120727,-4.985656962254217,3.6729734922582935,-0.2036054584909452,2.9914086068703334,-3.887500967525233,3.686128883570918
44.0,13.0,364.0478820800781,-3.643712217335324,0.5764406121730614,-4.876858758088168,-4.808459498430196,-3.090701240324532,0.4373702505223287,-4.983193766493038,3.125894605477992,-1.1589082223457785,2.61675275019064
44.0,13.0,1391.0867919921875,-3.245821349458958,0.2978316170425321,-3.529420288449967,2.687070599976477,-3.4566407913477084,-0.9905018569058824,1.378536132183303,2.516209976687046,-0.7153001091935849,1.3692850679788595
44.0,13.0,441.34466552734375,-4.924682361701298,1.891813447683896,-4.771095618022524,-3.802884421269732,-4.473160448784856,3.318741996360582,-3.861822616751674,4.499034576201416,-3.7970087822585374,2.3867608892211125
44.0,13.0,1124.234130859375,-0.0258924525854933,0.7246233213292284,-4.357933020749817,-4.100790528328655,-0.1735418680323803,1.8722665746988625,-3.752442979317247,4.1260076259054586,-0.1259297919834203,0.660066047721739
44.0,13.0,2130.10595703125,-4.909792997461592,0.721227450809554,-4.998923842297099,-4.463347732336228,-4.761547771380008,4.469679213719889,-4.975743555833753,0.5719925806536219,1.0787397111383878,0.3707264846632654
44.0,13.0,687.2825927734375,-1.055306417209673,-4.938136554799633,-4.7585130709235335,2.073452569963134,-4.748812676188632,2.0006655748971083,-4.829630627328231,4.176770235667529,-4.836550016355614,0.322722537566257
44.0,13.0,423.1769409179688,-1.915513869040562,2.5083249535937338,-3.4425561723854905,-4.269243171636358,-4.88435689480887,-0.5133477122771355,-3.606245357605826,4.999976310237116,-1.874612447161819,0.1639824155478155
44.0,13.0,384.061279296875,-2.775538898432048,-3.757274435497655,-4.342436111307862,-4.506935466974642,-4.197056197473688,-2.209648153875148,-2.379759288421393,4.7687998162582,-1.200429631946212,-0.2913015403678329
44.0,13.0,480.7370300292969,-4.947994722225907,-3.2909971491403,-4.940367255266225,-4.455941333348257,-4.941789353037047,3.180343446898201,-3.465741026647402,3.460938332628165,-1.5492761439688896,4.808683862951979
44.0,13.0,1831.52099609375,-4.992860210376166,-2.378691607654537,-4.64902823899525,-4.444900483394008,-3.645145137901349,-2.797294041860718,-3.948465628954271,4.604708707885834,0.9414067537284972,0.6989280067616725
44.0,13.0,421.5763549804688,0.6399531578323501,1.9075092335107708,-4.876109753288822,-4.909127591987402,-3.6705994894511593,0.6089307770873811,-4.942038516692195,3.8919530134471394,-3.2928614132665506,1.6092272457902856
44.0,13.0,370.85064697265625,-4.589372471298283,-0.0537415300310808,-4.805444484644456,-4.931265047045375,-4.396256995527231,1.0901494431321632,-4.945630685131947,4.84150024222105,-1.2673907791080987,1.1557906501124997
44.0,13.0,470.1941223144531,-1.9410988070711053,1.7686973890613338,-4.5296297504490255,-4.3035502154842336,-1.884193478687313,2.8620017764556405,-4.735991915709168,4.429831096539955,-0.0696262752661081,-0.2233734134276037
44.0,13.0,1207.30029296875,-4.481154755847563,-1.2199945709837825,-4.997019761598712,-2.2901963372262726,-4.856429756211801,-2.458815109884036,-1.985121200827069,4.981939127205697,0.5670374087325936,0.5049875654926952
44.0,13.0,552.87548828125,-4.632495335453833,-3.996029224620668,-4.998522961271507,2.254746954591276,-2.2342678133547174,-2.5209055939646268,-3.899840024980641,3.728113232572397,-1.890957088788507,2.533799712764191
44.0,13.0,573.4427490234375,-4.071264850674435,-4.338587287095234,-4.991494088211088,-3.065692434810574,-3.998716414055579,2.1496551457126323,-4.82170906728388,4.318251683403105,-3.810561376612266,3.8325851688125
44.0,13.0,481.9245910644531,-4.763161003219957,-0.1586950671436158,-4.826245870846468,-1.932275479061805,-4.484979851324666,4.91546121932782,-4.472048949002805,3.3883496384747893,-0.2656995840819816,3.407836700125932
44.0,13.0,429.6129760742188,-4.623261755657686,-2.13679767927915,-4.697466945144508,-4.95257846237643,-4.903609173948867,0.4725575454945812,-4.682053139685819,4.6630248349207335,-1.981766006419692,1.950805822795345
44.0,13.0,431.3991394042969,-4.938337779634441,-3.941543140114568,-4.93812790613184,-4.871661443752526,-4.989509093990322,-2.132077137572642,-2.746091563836816,4.958854465153097,-1.94875188748337,0.7471132514079581
44.0,13.0,327.0935974121094,-4.982455785625857,-2.604820589601626,-4.901396173214079,-4.2080272223262885,-2.086949915996042,-1.024452927948865,-1.015148361528342,3.9595798242881663,-1.658836848443789,0.3013597346936727
44.0,13.0,459.9971008300781,-4.680737956867744,-1.5717777542929825,-4.913707223630192,-3.141101937219522,-3.784851155956559,2.9513112987111967,-4.835602288708215,4.617969992749471,-3.807523008120661,2.2706544652747764
44.0,14.0,409.8432312011719,-3.318317274125236,-3.10230802305868,-4.859948555136726,-3.0182187480704488,-1.9350707444420112,0.5493675130888231,-4.716268864048914,4.916049819848755,-1.4015745983981818,0.3268400095999766
44.0,14.0,384.547607421875,-4.958546433822171,2.8132778020863203,-4.916423088169441,-4.341847253434594,-4.924279144809132,1.843229800649775,-4.236188504610501,4.593678090418244,-2.3439754845821126,-1.0225108870301869
44.0,14.0,454.9338684082031,-2.74071056429905,2.410852469569935,-4.437143178836622,-3.635986252811008,-4.1325619111275245,-0.1397895077703292,-4.628287213662413,3.640826022587614,-2.582180802002613,-1.0449995986482996
44.0,14.0,564.271728515625,-3.3900694251064483,-0.2452949019943222,-4.827809873145705,-4.933558280616632,-1.3561233517170757,0.515311405607326,-4.794417245304779,3.401612906538311,-3.7944834329457526,1.5588150287067393
44.0,14.0,420.8550720214844,-2.848587760257656,-0.57451896530592,-4.788650279429843,-4.196501652488851,-4.993000116656964,3.493305273925218,-3.855304741398833,4.52995911437122,-3.4133886904959425,1.2118369913922784
44.0,14.0,451.0587463378906,-3.227599877108319,-2.544033200091903,-4.92166912940194,-4.752719989786476,-3.581530118012886,1.9581395116687448,-4.964555266570273,4.039834091978133,-3.3511898933626973,1.2086399748632193
44.0,14.0,422.4584655761719,-3.381231919436792,1.339907596788121,-4.018144291722699,-4.515552535943295,-4.07914118193804,0.6220579795361347,-4.998894569768216,4.996573807568771,-0.4102594951526752,2.9650633947535754
44.0,14.0,478.6651306152344,-4.934567635576913,-0.895247120289727,-4.844699879483184,-4.670664657601291,-2.482532906381349,1.7152635195408497,-3.728689350588001,-0.4845370308322749,-1.0413260357136291,2.8159337239947817
44.0,14.0,447.5866394042969,-3.576293432535689,1.709017499976257,-4.050292944193354,-3.073774839556644,-4.903748934559418,-1.928257594756348,-4.1837669430096405,4.515939001812741,-1.6038528953331026,3.688879825692785
44.0,14.0,534.8037109375,-2.29243898360922,1.7712616067249076,-3.263246672166293,-4.973248981458358,-2.737560423917463,2.075902752519622,-2.437338154276279,4.998904329346946,-2.772588019494144,-2.211428199548803
44.0,14.0,580.1058349609375,-3.1077981159561654,0.6244043787031215,-4.474319537014619,-2.128912608911271,-2.5296809517912315,4.7305030713618965,-3.092168819413412,0.8081769460703594,0.0045669859598342,-1.346211299312622
44.0,14.0,522.25,-2.123799290616652,1.4303431420156674,-4.973841999908421,-1.566060052347105,-4.8264879252175055,4.850396913701768,-4.837695189688853,3.0793310382774965,-2.0656616198941258,-1.5747859673366635
44.0,14.0,524.2061767578125,-4.522481821497874,1.0047129274101607,-3.5100162864014166,-4.585058783643825,-3.66445685939501,-2.288841963342661,-2.055322893401716,3.98680070300988,-3.3857192408624126,-2.144361592356903
44.0,14.0,563.8692016601562,-4.844702016897089,-1.3513046910649829,-4.871638803940057,-4.036970532759387,-3.663061653956495,4.898148381983331,-4.94490857056978,4.854399943571515,-4.26882379755078,2.699655780263493
44.0,14.0,417.1674499511719,-2.845495179771709,-4.562006362588519,-4.000850845127711,-0.9507178299126364,-4.9839150348292005,0.4191614546138993,-3.2746119684399875,4.607984001406299,-1.0939384671142784,2.806596594925148
44.0,14.0,458.7515563964844,-2.4654989838827834,-1.5397277883215308,-4.928218170877416,-3.982612778399356,-1.6929744022189732,-3.513194690613257,-3.9437229848813327,4.903136114146951,-1.4842430629894636,2.034732366084234
44.0,14.0,422.6758117675781,-2.065923230671632,-2.023117523745239,-4.968122505477654,-3.5507182418922527,-4.991790832730782,1.792608099574414,-4.996797016960643,4.222157526996295,-1.6374220604743916,0.4764701490532115
44.0,14.0,443.29730224609375,-0.1843564267664215,4.879965268034695,-3.387849605734772,-3.396297175215155,-1.836520091463248,0.2723122923669949,-4.204770739248693,3.20498979001694,-2.262063359563315,1.5670675388235846
44.0,14.0,373.1095275878906,-4.935399166032066,-1.5589169485497534,-4.99577161241729,-4.990445537416376,-1.8821081906278527,-0.204952513436508,-4.9106772389442845,3.8926923884351634,-1.5833628053073356,0.7744883979051798
44.0,14.0,463.95166015625,0.4142544855009831,2.947552881729245,-3.948470175758144,1.5824608388742083,-3.661660797120956,1.8435428981262088,-3.3537174413890125,4.688693638705777,-0.1156451452655131,-0.2931402299765437
44.0,14.0,517.617919921875,-3.363359691657741,-1.5866008614314089,-4.454709947650002,-4.770971606181724,-4.9630737116290025,2.9851126672743176,-4.999095181868916,1.600014005747033,-2.067862361083548,3.4064130963609287
44.0,14.0,668.5616455078125,-4.771128597404496,-1.7283789923428832,-3.2547861389517765,-4.867920283795538,-2.912702782730048,-1.8167599228018405,-1.6994939587188265,4.693520021256333,-1.7223399196541878,-3.1016909409392617
44.0,14.0,999.61376953125,-4.107565560828965,-2.426467787064154,-4.701845424248145,1.4015504840441562,-3.58139931988092,2.6754917560959672,-4.506663437472563,4.823437721802923,0.42674381551869,2.0753158219803254
44.0,14.0,356.51934814453125,-3.2527095737597262,-3.296042558204366,-4.964988721165611,-4.094628458007669,-4.887198448804047,2.5834021228488915,-2.46734929260954,4.6547523097033885,-2.663066293869184,2.516062882793624
44.0,14.0,356.0372314453125,-3.9067515408251072,-0.5702600459652505,-4.591595218827875,-2.363018645005744,-3.360934619310897,1.4237676644085342,-4.548600988757423,4.783320309974702,-1.9351609126902232,0.6897891552206117
44.0,14.0,758.749755859375,-1.385945184989727,0.6371194938018387,-2.7644998490316324,-3.7271829518411255,-4.9498492231806495,3.0430616786135936,-4.914286197686586,4.646249852405685,-3.757629386394465,-0.4680397351944858
44.0,14.0,421.5992126464844,-2.0965264003579813,-1.7751181019438826,-4.774690024920088,-4.140894486170773,-4.694632383825966,-0.5763185669669033,-4.539497440470291,4.728020264854999,-1.8934016983751705,-0.6309646344513773
44.0,14.0,338.7473449707031,-4.1424571331823286,0.871593844085055,-4.969342398303235,-4.456542801383688,-2.8911389921801405,2.305177629609769,0.0497644152617944,1.7157462665819034,-3.327114224579185,2.9439297718341564
44.0,14.0,353.75421142578125,-3.9474503669113736,-2.5958536089131483,-4.751113025270157,-4.437095170254906,-2.1701591937154205,2.6568230256408114,-1.8418992949841693,4.85473815310208,-3.033647596750813,1.8282215911213031
44.0,14.0,518.5179443359375,-2.046467082052448,-4.998242387457394,-4.327108959656794,-4.985682572645746,-4.7932962496405285,0.5672040839036381,-4.591251328517712,4.985504045415231,-1.745825307950648,3.71412294001167
44.0,14.0,449.5824279785156,-4.115069871172462,-3.042403578882884,-4.457322795546997,-3.875398613395247,-4.727183366200085,0.3951180198993036,-4.831281363504004,4.801005937692485,-1.9201606562625144,0.7074222846196365
44.0,14.0,469.0552673339844,-3.0946306131893406,-0.8682365793749742,-4.818096088861731,-3.555817032652336,-3.2274986055889867,2.6921234254761472,-3.434101927666748,4.958798571522962,-4.872775737289091,0.1361485817758119
44.0,14.0,419.5343933105469,-4.111405108893733,-4.955034681842345,-4.9999255433096845,-2.959056188397816,-4.9943632502299815,-1.2852604820310036,-0.1642074636968091,3.528170602249471,-3.355681639095343,3.320807900248034
44.0,14.0,412.9719543457031,-3.444837587333965,2.399076955372648,-4.157699840153689,-3.052856684301904,-4.560154651110588,2.6967121907389924,-3.575983327780582,4.167746939710053,-3.205002401207828,1.7008704205437652
44.0,14.0,801.088134765625,-2.7482227011885256,0.7297475819821528,-4.702436025339654,-4.974032700123822,-3.2161751690716383,-0.0527018558529226,-2.71087166685174,4.959362401266832,0.3443955953073896,0.3012251371591956
44.0,14.0,632.1837158203125,-4.090501074824489,-4.723844645274794,-4.597714072977597,-1.215693291659754,-4.550595691907102,0.5400688441270249,-4.912008095652308,0.0603288420358296,-3.2284575219347014,1.1978418095257588
44.0,14.0,405.414794921875,-4.985315247102282,-4.940926510842011,-4.652662050396595,-3.109603987525827,-4.963578764393028,1.4063278228748477,-2.8720431967334403,1.4240510840787213,-2.2802182169621927,0.5856226252723893
44.0,14.0,426.5617980957031,-4.481630293473473,-0.7363539779288129,-4.815768615030348,-4.661004578062994,-4.196758946059289,3.580855378455409,-3.563430815350841,4.984018557611703,-2.2243234937335803,1.724987863473226
44.0,14.0,414.3491821289063,-3.1709017147332528,1.0250347563695446,-4.994994374163579,-2.5475412919734426,-2.7479106652009726,-1.0972324536733922,-4.304370723802679,4.223713362357627,-2.8992163713605104,0.3360233070776814
44.0,14.0,348.590576171875,-4.864090620063736,0.5969106605543351,-4.688986547153584,-4.366156957478456,-3.5694012437745446,0.543631351545061,-1.7525346616933102,2.8252447460485115,-1.3170236889180758,3.4965384427667807
44.0,14.0,425.7980651855469,-4.071457777517753,-3.52978668216255,-4.366673056765682,-4.999541018467594,-4.999431424284806,2.1943291448251,-3.998454614062648,4.263001648226304,-1.0264489452984753,3.0752812817741386
44.0,14.0,506.056640625,-4.591843449440156,-0.638382868036377,-3.794333921489693,-3.082547651274504,-3.503528280236773,3.9946831398822127,-4.98469272845887,3.612778660517925,-1.8655895729210377,4.180703005011591
44.0,14.0,367.1876220703125,-4.780885208695838,-4.401823540642761,-4.924737324861162,-4.983552235283094,-3.2135610414150912,2.080125236316434,-3.4638168286419915,4.809168586761984,-0.9348109921216824,1.7461125501759938
44.0,14.0,394.5248718261719,-2.951262746817159,-3.041932317874276,-4.35687990086336,-4.823553126681124,-3.9007367346399615,-0.1648262402940741,-4.009091176654939,4.872929140009065,-2.2179164824412947,1.5615252547034233
44.0,14.0,460.6764831542969,-3.982700554139631,-3.3601229781049016,-3.918250062279525,-4.824420764862796,-4.801504863765453,-1.1843013464334669,-3.907677061657495,4.3333494893218525,-2.7927494036938043,2.2110559299958554
44.0,14.0,314.198974609375,-3.736094138191441,1.7757162245011386,-4.854358377910747,-4.641492308292662,-2.977580475984088,1.0719727338622311,-1.5545666419204585,4.89982727341884,-2.143304268099574,-0.0869042260434982
44.0,14.0,697.038330078125,-3.318481083637364,3.256543427228509,-4.997952680598331,-4.034374126277839,-0.9391391830375112,0.0552310590312297,-4.547144653111294,1.056115203396768,-1.659404285478257,-0.2601794176425818
44.0,14.0,452.4875793457031,-0.6354500166255761,-3.0209709457316456,-4.3887683365626895,-4.980350176412628,-3.811713597041257,-0.0552546479660263,-4.492829724214674,4.678128684641287,-2.926697102432785,-0.213255266062446
44.0,14.0,391.0825805664063,-4.99243140249611,-4.611895225826469,-4.880366385798295,-4.958006460510366,-4.937776054784682,0.829067464702657,0.1327969262606423,4.216736475406663,-2.0541672174649555,3.0992875354786875
44.0,14.0,358.2958984375,-2.9878627019769506,-1.7125391617075847,-4.462958346847552,-3.500141648469316,-4.99916883842378,-1.7622290440745445,-2.4215856513567227,4.939416788779473,-0.4925184931877915,0.022169286985358
44.0,15.0,432.6584167480469,-4.964271069036649,-0.0430383427820029,-4.469114316475432,-4.173731850643828,-4.205739490641226,-0.0791827660111703,-4.997659969715511,4.998833813559093,-0.8354561577006638,2.360690109303186
44.0,15.0,403.0071411132813,-1.2041147082048504,0.9861045922131284,-4.908825621725804,-2.774653509006341,-3.453027564956206,1.983760949523842,-4.779965629573848,4.880660581853704,-2.1449747155707417,2.129746175336232
44.0,15.0,365.5057678222656,-3.026755794129098,-0.161277366149716,-4.91929633795268,-3.866645482074083,-2.2571927548509225,-3.725802975992685,-2.1738345151963143,2.639551627024144,-0.3317496633657093,1.6909432309828123
44.0,15.0,542.8980712890625,-3.753745972012579,1.900335318845774,-4.914581021102826,-3.677886173818687,-4.35543290785373,-0.3201162968936346,-4.999343720315936,3.975347444717768,0.052250785049301,0.0012088508052956
44.0,15.0,775.4586181640625,-2.961655575072657,2.4685404883612065,-4.878041868542557,-4.698438005186035,-0.784164142457751,2.0133151576062414,-3.680586255083747,4.912173648783224,-0.1709882208446647,2.8660326686245527
44.0,15.0,287.4322509765625,-2.3790507246059915,1.7624063565710362,-4.725182819151092,-4.977131205449382,-3.879059333632048,-0.1363624532274148,-3.095962321968594,4.479753605874919,-0.7838689431693808,-0.1551669373226634
44.0,15.0,384.7853393554688,-3.9058631337874967,-2.10262926150228,-4.985114213629776,-4.009829547339498,-2.75302915600198,-0.4982022583690417,-3.726185284161341,4.59352056250026,-1.460646898627572,0.2410952572592508
44.0,15.0,367.7788391113281,-2.22051065385733,-2.027127144301061,-4.507151621549329,-4.988222143183176,-3.742156062407337,0.6547374555672905,-2.878322814856366,4.985670667773826,-2.375090524902533,2.787910008256209
44.0,15.0,1522.9124755859375,-4.898025498893283,3.6885693948483897,-3.698344476642071,-4.3128166339286125,-1.8475954162830857,1.9223514197511724,-4.941751626330838,3.0540989070840467,0.7444604337486371,0.8829750064547266
44.0,15.0,364.218505859375,-4.683872582052242,-0.4347473658542462,-4.643876607432313,-4.4228009764410805,-4.431290004851245,1.5118528285815724,-3.6170835758766673,4.482300072093707,-1.2151437219232686,-0.1617023208010337
44.0,15.0,355.61871337890625,-2.774092842687222,1.6153295261891234,-4.091395728395988,-2.5864555664209705,-4.997991446506241,1.7454635121098043,-3.4056277021372354,2.6214765075778512,-1.417439808795633,2.136977733261056
44.0,15.0,430.25091552734375,-4.921395273082723,-0.0518349936181374,-4.472649793749367,-3.468540143042133,-4.17975807570044,-0.0889431886862146,-4.976743039726125,4.671517213784805,-2.198765042012093,0.3373635155497787
44.0,15.0,514.9559936523438,-4.774320510063265,-2.7777825149351982,-4.876507746838101,-4.914119170992055,-2.9491491691151093,-4.980227836039733,-3.612470337747804,4.984695376309343,-1.785495230859473,1.2148661185684082
44.0,15.0,523.4014892578125,-4.340746752918602,-4.100295035769502,-4.826484011065273,-4.594022522171988,-4.57846193370689,2.534196499051397,-4.996411014156912,4.989950516660368,-2.344839074397824,2.7388695271299053
44.0,15.0,498.7589111328125,-2.7379908994536133,1.177586272091066,-4.810328116050539,-4.950994366008191,-4.300029237603083,2.487025762969701,-4.166260300039937,4.944724097614522,-4.520163868426532,2.397073240801447
44.0,15.0,425.90814208984375,-4.922415020117136,-1.256473754362621,-4.574073127838156,-3.8102803581341385,-3.4268213465669235,0.818596068393739,-4.999675830212053,4.940682555831042,-0.7820195838855728,-0.2471787998950372
44.0,15.0,465.8471374511719,-0.3513738497347312,-3.435423861791266,-4.771492820978748,-3.5117406417878723,-4.880782125862262,2.7220759046719927,-4.745440910013624,3.742004507290684,-3.024792276868093,1.270468131283402
44.0,15.0,554.0084228515625,-2.4554667745069745,-4.879548352512751,-4.956549500483711,-0.2906738696823545,-4.5290203951333465,0.7874133152864369,-1.6121083518521222,-0.9121501807917856,-2.1756986320997003,2.820396568210491
44.0,15.0,369.6737060546875,-2.977747882352081,-0.4841364604120866,-4.995307378995928,-4.148071675345009,-4.771566776227846,-0.7160386266215424,-1.8135764737342628,4.396804995426885,-2.843690307499224,0.0526317406279099
44.0,15.0,363.1513977050781,-4.69147538878054,-3.1456271438162946,-4.811783669617308,-4.296477899204156,-4.4102277324839,-0.6660009121278545,-3.1694933741615543,3.691308303011376,-1.313825080905468,0.7541147419464629
44.0,15.0,359.14422607421875,-2.509508206425064,0.0510523228216053,-4.815719808132451,-2.8237827928340047,-4.812651039410438,0.2437948439164099,-3.702275483135929,4.059514629876173,-2.1253740297905788,0.8507487795126316
44.0,15.0,419.0490417480469,-2.9915945376256627,-2.0870507554828697,-3.3249435381274712,-4.9955422108622765,-3.9604859346445536,0.2675967916376187,-1.8149631480588369,3.0685915372491177,-2.3239249321769577,1.1948745547714896
44.0,15.0,497.1219787597656,-4.643889283016147,-0.503385114904594,-4.907004843325936,-4.6026833900528406,-3.959877564239768,1.179613128240577,-1.8170301227536985,1.2689029715812143,-0.6894332134917551,4.999818539129755
44.0,15.0,443.091552734375,-4.330375357728488,4.760138609590799,-4.622761609180971,-3.90431982262036,-4.857676961948669,4.736414608046108,-0.9680797179801957,4.689093144681394,-1.5978850119043648,4.335313708076519
44.0,15.0,415.9660034179688,-3.4719945589347088,-1.882551299234524,-4.942360117212822,-4.977285677924171,-2.750416261522448,0.7574125824141476,-4.844962327205567,4.8691982494970265,-1.7878898195922206,2.40123982416248
44.0,15.0,326.3967590332031,-2.434648855067957,0.0839626617583348,-4.774151257440256,-3.233201817930746,-3.084350171448458,1.7281162201861653,-4.128338879549784,4.810451615399815,-1.907882591198708,0.2864218722251372
44.0,15.0,401.6355895996094,-3.5730092812900525,-0.7461750200743875,-4.94198370526016,-4.85652647265722,-4.943350825127775,4.2896297227070495,-1.2009020327188722,4.53954321223925,-3.36887129895781,3.0174578103465066
44.0,15.0,371.59759521484375,-4.806367954214828,0.1532092004440342,-4.201493514730862,-4.195701234289319,-2.297916572059575,3.5388641680680184,-3.808600503526008,4.961609181793948,-2.09118080877821,1.8851005506658567
44.0,15.0,378.07330322265625,-4.096612290319423,1.3944993830821648,-4.741354675330317,-0.2782872029801666,-4.872035886497778,1.8703264654227727,-4.421849219286002,4.676249485370736,-1.812026143323803,0.6637511907491342
44.0,15.0,518.78076171875,-4.999960974854354,1.592664200248506,-4.968743440029965,0.1025227925112783,-3.3841903437923406,3.307545299429343,-4.991371827520209,2.509892864134152,-2.1909565961263806,3.089079345515769
44.0,15.0,402.4781188964844,-3.620726629281639,-3.267316184222043,-4.662689607708582,-4.358308361659645,-2.9418891763656125,-1.1928771998167509,-3.5663691514832734,4.628881208591483,-0.9826454859312364,1.4168049630702375
44.0,15.0,408.4557495117188,-4.92034400233972,0.2101616353243072,-4.48499684386104,-2.233111854938437,-4.05283333314291,0.3475466623392185,-4.6127467403873865,4.999576791561113,-1.8420515398011943,1.1675153542490468
44.0,15.0,339.152099609375,-4.944442414677093,1.8722701957243928,-4.963357256175015,-2.835588855391134,-4.5196344948882405,-0.3027505079546024,-4.467820056839193,4.677072913073507,-0.7676640740308507,1.7448725727847112
44.0,15.0,256.6555480957031,-3.3735047912453995,2.883594674287089,-4.928983541668113,-4.968673230184822,-3.342302094937444,-0.1801331915593902,-0.7161112652600394,4.706386179535514,-1.3063932718112885,2.2818444310024324
44.0,15.0,377.8780212402344,-3.434443292351075,-2.903559259503217,-4.995093588663251,-3.282751246644436,-4.990635079314335,1.673526302449229,-1.902730598053804,4.954529496965776,-2.589564884099524,1.349108699552735
44.0,15.0,324.74676513671875,-4.165111725871481,1.3675548466181198,-4.9824058677166505,-4.793812995528656,-3.852408058208741,0.8109955069648809,-3.707458286771459,2.864232758202609,-2.268097934890962,1.0641626243938689
44.0,15.0,429.3544006347656,-4.56280841371588,3.003890617959115,-4.585262221436291,-3.9259003372967074,-3.155387688030768,3.470144786399846,0.3304939600291217,4.462329688284676,-1.0493739229011645,3.624420368445588
44.0,15.0,441.7244873046875,-4.424991393393915,-2.379674986454517,-4.875266183647391,-3.7177425600986855,-4.667572307402614,0.3285783730643912,-4.710149284062375,4.939874578520449,-1.3562757992949064,1.7438016538406362
44.0,15.0,488.7456359863281,-4.293542113626617,-1.3654855238821235,-3.2762719026459486,-3.68041554878186,-2.234294059670362,2.1562639550907248,-3.120328334164973,4.961080356498043,-1.5379242170006586,1.4630988384974133
44.0,15.0,331.01983642578125,-4.607428416574313,-2.93482540387007,-4.859104586226892,-2.697858439814576,-4.793134288858467,-1.345911724878678,-1.9501793670086287,4.800118420446683,-0.781709259993951,1.315558492215276
44.0,15.0,374.6325988769531,-4.7237227364154855,4.299558526620062,-4.896132913246776,-4.050533720079681,-3.578289374684218,0.3362987650448676,-4.313550432038914,4.31372773856404,-1.8200579225395817,2.850631501602763
44.0,15.0,384.5337829589844,-4.644026576399588,-2.4759071522725224,-4.968337084980165,-4.805496867646089,-1.800292407051303,-0.4759686063465516,-4.26763307770357,3.810560488021734,-1.5666826889637764,1.0453696350898003
44.0,15.0,336.5077514648437,-3.312591335800659,0.8342595832342408,-4.352507468017629,-3.042089705099566,-4.70157004872457,-0.6067956138120403,-3.4896688872955703,4.890908980976292,-0.9878328289650904,0.9990532011050686
44.0,15.0,473.6473693847656,-4.9973986565328445,-1.3411086091286109,-4.338865096909601,-3.419949227260494,-4.988095308284861,1.1424350508203318,-4.850557562658078,4.932408234109625,-1.5849736737535638,2.388534856666496
44.0,15.0,344.8821105957031,-3.088582720693226,3.0176374201303595,-4.992626431697338,-3.247714661947741,-4.998821275997319,4.98554054941266,-1.7225559814216989,4.173401587963395,-0.8794427243435274,2.119218385216717
44.0,15.0,647.69091796875,-4.1999684202589975,-0.0899371163395228,-4.618633859590035,-3.7973692867641216,-2.5930635144137604,2.1361008380796687,-2.959414345120464,3.602919942907164,0.1478749096553198,4.236295061430695
44.0,15.0,442.5509338378906,-1.058487968529347,-1.313599406146004,-4.982757771446604,-1.807273000278219,-4.149788370870578,-2.202388309903946,-4.334751284991803,4.804374316994457,-2.732853329474617,0.3580292228413295
44.0,15.0,329.2250671386719,-1.2292197487659724,1.2950341552309013,-4.0294159615699146,-1.8170767664522367,-2.172543875818292,-0.1890838481960051,-1.9646331606863765,4.438146307100061,-2.0616144342349463,-0.9431765089167978
44.0,15.0,477.7596130371094,-4.085303486471391,-4.947555363451723,-4.863818138190686,-4.347323292785917,-1.435540861394001,1.279536305134064,-4.999451931158661,3.338744460996315,-1.7503637163115031,1.9274635585980828
44.0,15.0,362.3872680664063,-4.995426478824119,2.412963126141852,-4.443701729317676,-4.91249379305339,-4.854461900260071,3.237278883802661,-3.3118185504739213,4.40688439440982,-1.6509958935487743,0.9452366294151756
44.0,16.0,395.9158020019531,-4.433498232764222,-1.36214206269607,-4.952793903834915,-3.426773335621709,-3.238448112852053,0.1400094505756497,-3.262842669435995,2.2453741735068755,-2.104271730824011,2.64285867114354
44.0,16.0,410.2588806152344,-3.802403307211472,4.385523590827171,-4.6213054953266575,-2.8416456921327664,-4.642065487158939,-1.6261776185033132,0.1169809318818115,4.823117686061385,-2.5640062761685747,-0.4679601663820865
44.0,16.0,449.4238586425781,-4.980542935297593,4.956210124954458,-4.122088394135202,1.743756322967811,-2.1306835418532137,-0.0811070451466005,-4.928986689830972,4.747851171535601,-1.6980000777528943,1.8945226121541288
44.0,16.0,411.2960510253906,-3.802268649849083,-2.1106901567395213,-3.597433025893576,-3.5153413672766187,-4.815659766809808,1.4879791258689723,-3.422504076845272,3.3817724449798945,-1.6540704952795942,0.6729111984722058
44.0,16.0,4238.29541015625,-4.996891154499802,3.84234947005827,-4.241459903411865,-4.137006145061655,-3.4761995662485017,-0.7518280075031702,2.925937471654139,2.335837162076824,-0.4926843437374808,2.1012804722405747
44.0,16.0,821.6162109375,-2.7401847020624426,4.752863808903896,-4.964546740388481,-4.961330021550868,-4.999418387652607,0.3482549457944728,-2.634000461190542,4.995443970054005,0.381798127621348,0.8285087926706431
44.0,16.0,504.3073425292969,1.2619330591175242,0.1350751297852621,-4.990869816463037,-3.354613727981728,-2.05261488453121,0.0145495121726124,-4.549511253204266,4.480135061001775,-1.5455980121907045,1.9088782571375449
44.0,16.0,410.8066711425781,-4.2593556148136,1.7808131825110705,-4.7932767657554365,-2.717093509740405,-3.4220355783496625,-0.2363527024184737,-4.988721720961517,4.975264639325266,-1.4662066714539803,2.1482160291263908
44.0,16.0,2302.154052734375,-2.8110284857806755,-4.997487566186816,-4.563513491415836,-3.3663596451552538,-4.456420485873719,-1.1143160672449426,-4.184015397729038,3.5484692486109832,1.173707598392351,1.7548603520140702
44.0,16.0,891.852294921875,-3.900941751397582,4.664949511311367,-4.5228353464903845,-4.948517925775436,-3.95039804283095,4.282453546097454,-0.7324534996563115,4.764389743834949,0.4096384004373332,4.286083701934192
44.0,16.0,428.0210876464844,-3.394857321872725,-1.0861006993442035,-4.993120996862838,-3.376392102295698,-4.987659964910094,-1.4195291055949155,-4.571862033454451,4.982777831629644,-0.6554672455900343,0.1443894123835392
44.0,16.0,362.6169738769531,-4.999485521864124,3.387411426318172,-4.842662655091412,-4.856195974794072,-3.0397048959221213,2.9882906859121183,-2.572864987434796,4.258986313003973,-2.7893484434857783,3.637823336532836
44.0,16.0,386.7492980957031,-3.923442498819993,4.995941103339437,-4.965398274043929,-4.794246417124194,-4.233597243812633,-0.8020929380025565,-1.98585820746178,0.9459255033425018,-1.0388541994883915,3.894401389682624
44.0,16.0,391.2337036132813,-1.8074568003872145,4.985288941344869,-3.911361596262151,-3.693931972904468,-4.511617553414482,1.061716189662265,-4.937696860532872,2.3901742192025672,-1.440699071117673,1.5882975761317306
44.0,16.0,339.8863525390625,-3.2548140844828715,-2.634371583888236,-4.96062954714704,-4.896826755004015,-4.516274744536213,1.4007957729424645,-2.8375105376684244,1.751347727805463,-1.1345167144049646,0.4610324833334083
44.0,16.0,420.3354187011719,-4.319755950744977,-2.388899788649681,-4.87433101350605,-2.00814727066407,-2.129038894157521,-1.491363173307012,-0.7326203339619131,4.935904286490738,-1.0425548748267466,4.204529511445948
44.0,16.0,1220.8299560546875,-3.8550668378445616,4.514291505161328,-2.884008106209288,-4.3088730818752605,-2.633986490483444,4.729919198462392,1.0750675884070322,3.24188183981526,-0.7767123272011602,3.98173392032016
44.0,16.0,396.7524108886719,-4.997994567727589,-1.167304472152919,-4.760841942079588,-3.1637198630257526,-1.5397779041598332,-0.3803405892658951,-2.751736845018826,3.448086786350665,-1.42391463154304,1.7976867136804326
44.0,16.0,330.522216796875,-3.3988339071755207,4.797155754390008,-4.838334745790301,-4.983661108217118,-1.9607822858328303,3.2456175301464345,-1.4044100668238082,4.990457617339812,-0.8075566075124705,3.7875773729071422
44.0,16.0,289.2645874023437,-4.963675364501743,2.7450502111029103,-4.7014908905200805,-3.300245560838081,-4.241057918650021,-0.800291557254365,-1.5935134378772315,4.486782309667138,-0.5272841357531348,0.6282884760062224
44.0,16.0,455.0048522949219,-4.140324450845193,-0.1483710583933737,-4.05270730166432,-4.97553102294672,-1.389964450560337,2.268667466161504,-4.730567803079189,4.420889165093893,-0.9898459236795408,1.3647832364898873
44.0,16.0,404.1598815917969,-3.606168760276328,-0.7169125603637099,-4.715777177643439,-3.027494745467428,-3.8365666686805584,-2.459107581385218,-4.100214372558254,4.929398703118487,-1.5846905283209782,0.6153923230167466
44.0,16.0,410.9353942871094,-4.179463782384472,4.565997752836715,-4.957729634726791,-3.734036646743358,-4.7411667971846185,0.8459892623105851,-4.891142443176851,4.99302871168347,-1.400135110808591,0.0103354421856618
44.0,16.0,699.7630615234375,-3.855846372300878,-0.7213831298718842,-4.7707896591283,-4.98680013838268,-3.100266261163104,-1.5859980725190588,-2.039104411827984,4.928588091352106,0.2819701784217994,1.027327022273265
44.0,16.0,429.0562438964844,-3.54853784250405,-0.0089241364724017,-4.825921927285597,-0.0940862852472843,-3.9842994509166623,2.2657097414876386,-4.989358260178328,3.710590515503005,-1.830846623044484,-0.2530688108186671
44.0,16.0,381.54638671875,-4.865070551251668,3.926759409670364,-4.124056495321223,-4.058375350535702,-3.861081165534816,0.4257320638621689,-4.484652858956071,4.7239373794440365,-2.594723085614928,1.38449050402527
44.0,16.0,347.487060546875,-4.925822503106627,-0.9317039397988448,-4.988722105383171,-4.98586076001201,-3.079344087512707,0.2116259633857495,-2.290391948725646,4.911163824999033,-3.1345186066493307,2.1482719069721146
44.0,16.0,383.9422607421875,0.0551411560993102,-0.9069972768726408,-4.90230956411224,-4.222372159737003,-4.413955458253705,0.7758877084191358,-4.703171953015503,2.5976814528443697,-0.6039294297386792,2.885929184552971
44.0,16.0,942.942626953125,-1.4427245301201963,4.932541257493373,-4.955128334091662,-4.606834436251217,-2.617403716519258,2.3179892298183,1.0120163180249602,4.997226259937177,-2.1970061695576155,-0.7179821586226245
44.0,16.0,704.6954345703125,-4.108104519222255,-2.8416314935139777,-4.999974499568953,-1.1159473215038074,-1.0180049299135123,0.4416173644930241,-2.676900479852348,3.155916562820531,-2.2317318877474355,-2.0639699801415468
44.0,16.0,791.6070556640625,-1.3025448880508703,2.709970600157286,-4.829177103329629,-4.951790078517718,-3.022184151159112,1.3675486525701084,-1.769651454620309,2.6394169925804167,0.3924557109944429,-0.4607690034897906
44.0,16.0,376.8482666015625,-1.9305985032557311,1.8762440702030023,-4.883712614141204,-4.74678934772718,-4.589821083732346,1.542264617890627,-4.075101748773852,3.647395242695904,-2.7744189613360613,0.8659984356311465
44.0,16.0,1990.617919921875,-3.469908164876391,0.8666386948523987,-4.669308724081247,-3.034628995075175,-4.93349348433478,-1.344748326517144,-0.8555738723503934,4.844235469899093,1.100516018705858,0.3498963878920662
44.0,16.0,352.5638427734375,-4.082371437571054,-1.3501375772960769,-4.981427174406621,-3.6994775441986674,-2.052452458459092,0.5372895577304799,0.2593998962563422,3.366408407684672,-1.2053494681168706,3.227191732968306
44.0,16.0,419.8206787109375,-4.994743257030401,-0.8060481789508103,-4.872423976638553,0.4454419626222083,-4.27019154277251,2.8198480441585687,-1.801514766141251,4.987427317634543,-1.6753417295582884,-0.7814002763152574
44.0,16.0,314.123291015625,-4.472206928688395,2.763916701986897,-4.810512497299282,-3.44036037889972,-4.082398207142545,-0.1181418302161843,-0.1765775196839776,4.702291139521863,-1.2050535544462386,3.944385057674598
44.0,16.0,403.4778137207031,-4.4777095271233485,0.2036525174441852,-4.772313988790789,-4.216286828480647,-3.644425693267669,1.053101261922067,-4.94085572629902,4.620390126145148,-1.4853449235248313,2.184556582442399
44.0,16.0,380.3432312011719,-4.66963119374438,-3.174193362204819,-4.980520233318615,-4.7585803702835845,-4.39447006185687,0.1104824610615793,-2.6002941316975035,2.3053392752137185,-2.436942621172953,2.230367865148052
44.0,16.0,532.8931884765625,-4.237635974025396,-2.431349728355141,-4.999999412341121,-2.155013276770648,-3.6413952467727713,0.1057362828769363,-4.999230071759326,4.980093505325684,-0.2842934569725663,4.098211532624443
44.0,16.0,996.2655029296876,-4.740851277710241,2.012440998819801,-4.829080492945738,-1.251575822952936,-2.0931870094009284,0.0611963377591093,0.4038758543464809,1.1486129903328868,0.4105505284242809,3.296049494564833
44.0,16.0,406.1475524902344,-4.09560660501231,-0.0761004101442761,-4.468820065469485,-4.662527726396975,-1.7485146268081286,2.3044579367225992,-4.9926027939890245,4.9998983063960285,-1.692043887947917,0.7096914558579712
44.0,16.0,1917.2181396484373,-2.9833601282546103,-1.4081457360677736,-4.88661212525371,-0.7208011546080941,0.2015302962712919,-2.4142760909168364,-1.7863671419482143,4.486247645194251,-1.327809437168623,-3.133704175255008
44.0,16.0,405.7318420410156,-2.1043693843018314,1.2609220003550838,-4.4176155232245655,0.462394408216225,-1.8610004306162669,-0.0283046147372996,-4.846636418097691,3.083022457142553,-0.8188243938976942,2.916747628792999
44.0,16.0,2395.1708984375,-3.754450818056334,4.989815810295539,-4.584284305983563,-4.237206341750872,-4.419138135201328,2.5163616924165257,1.944409335627865,2.9491810127818656,-4.0194125054554455,3.211579441682934
44.0,16.0,389.1941223144531,-2.835632176047053,0.649756605891211,-4.905035991290615,-2.012746506546243,-4.94249448556271,1.540680500862618,-4.622807869849126,3.001913279776636,-1.168060393456296,2.7092308503028555
44.0,16.0,2922.2724609375,-4.868782719555346,2.573773839850258,-4.650996068871725,-4.892501408036498,-3.378328168300966,1.513481542865744,2.175107562625403,2.8692074309782285,-1.3775320721211242,-0.7338885040522047
44.0,16.0,651.03466796875,-4.831579618125022,1.1371395259648809,-2.9537407586227005,-4.554894729336537,-3.006930642367193,4.9987345166466,-3.354933347650376,4.925756713712223,-2.7326555202814347,-0.4673282243464127
44.0,16.0,381.1938171386719,-4.951316307640615,1.9720574009967056,-4.885202325211909,-3.951447410457471,-2.755222483052258,-0.5033040613777668,-3.452980069627411,3.7141650372690265,-3.021446237464612,2.957955297168477
44.0,16.0,806.6116943359375,-4.827348089522133,-3.618337126725251,-4.991821916644279,-4.9623833324838165,-4.049663265005998,0.6873262848038095,-2.471417608735771,3.72404304805941,0.2899453975815262,3.911069833777289
44.0,16.0,506.4878845214844,-3.9703737742672063,-2.198995498511706,-4.484533226139309,-4.324322650821809,-4.999754473923941,2.993912633493567,-4.978310220808768,4.21142835078755,-1.2377127138122463,-1.9619600736585423
44.0,17.0,423.1839599609375,-4.948898508486346,2.051051792120731,-4.661942273238897,-4.156623811734985,-3.942502245155823,1.8779105896237347,-4.686682778591503,1.7844812128535033,-1.012092421027436,2.8406042761619066
44.0,17.0,384.583740234375,-4.024522841435707,-3.1633642911892905,-4.998003049307716,-2.454489430038351,-3.49708065867464,0.6323256502960355,-4.091614421119703,3.9159354773966015,-2.4480447384161823,1.6327558003264997
44.0,17.0,334.54962158203125,-1.388326481162132,0.1960433508421317,-4.915604051973683,-2.690462887771913,-3.384297537633457,-0.4928401055646221,0.1565874659079114,3.9417256979445447,-1.492846188496955,0.255121180811888
44.0,17.0,472.6394348144531,0.8878288897637399,-4.569381431757472,-4.343399174739351,-2.768914623074933,-4.667250599316315,0.1859476323844173,-4.564454046901445,4.690179472012167,-1.1466226802122654,1.3137325816196412
44.0,17.0,389.9931945800781,-4.982821449675654,-0.7907000201381003,-4.991712798773022,-4.995998830314039,-3.426394170076085,0.2238273798451695,-1.822796340104318,4.569305571243149,-2.14304203124716,3.80466278854335
44.0,17.0,497.4767761230469,-4.46433271624746,-3.131054143532588,-4.975560264192181,-4.007588727436144,-2.6394042745867385,0.3221822768029305,-4.389236661853053,4.96376765073892,-1.204132346737075,4.513574264766355
44.0,17.0,1014.8216552734376,-3.7723084608888047,-2.801452461295868,-4.427511839642306,-3.87553935108166,-0.4027806995296403,-0.4487187233221759,-2.7207297589062125,3.9627037381970354,-1.5205250365644485,3.833936954039656
44.0,17.0,517.0191650390625,-4.747674413657547,-2.7431840603524806,-3.6805044642377234,-4.968659163140574,-4.663549743218638,1.3611649268477208,-3.3335581159127563,4.785403957795388,-1.6438475027369428,4.798073754209293
44.0,17.0,310.5697937011719,-3.081973034394053,1.4830205062520945,-4.342456302188552,-4.984208157493105,-2.584237212966096,1.178553493263399,-0.3654862093080151,2.928406645451007,-1.1438306663326498,3.8649183494930135
44.0,17.0,536.84716796875,-3.066218697697287,-4.2803237949613,-4.6526790572546535,-0.534718000221508,-4.4824384682822345,3.412179810447677,0.4484825583516061,3.2427727738977925,-2.2292641725602165,1.1878363098469027
44.0,17.0,672.0206298828125,-4.708819653393291,2.3987817665833244,-4.142984490828637,-4.345893923676544,-3.529753015680717,0.2708880007889513,0.202726393105741,4.492850015373502,0.2473916656879531,1.3199522196683011
44.0,17.0,371.0232849121094,-3.433028645646268,0.6071778060045059,-4.579085659057912,-3.9229728231667575,-4.540848337562959,2.0104479393552053,-1.311087683960039,4.976246491694225,-2.518908681035121,2.704823131681488
44.0,17.0,398.3657531738281,-2.790782638113603,2.3913390031275323,-4.978127295198285,-4.999997645827743,-4.59444969351942,-2.249140952257039,-3.0332443207527024,4.978868787300158,-2.134959409524255,2.3925386167846385
44.0,17.0,443.2486267089844,-2.441477128276258,-2.6998357871018803,-4.701708464285932,-4.892688325301313,-4.979468599255329,-0.8137863148919742,-3.770218024397796,4.941118138197163,-2.839361493512752,-0.1535642939252479
44.0,17.0,270.6311340332031,-2.9116736760461985,4.502331838396238,-4.474559393297495,-4.705224469440196,-1.59101535389641,1.934041291396772,-0.2621123339658364,4.858831606626776,-0.8216655896014782,0.770195221011357
44.0,17.0,590.8525390625,-2.868888598614111,-4.052503103101578,-4.920957457275427,-4.813649031834148,-3.336754575592203,2.1052202997920126,-4.974495706808388,2.8955053727121367,-2.089324548673439,4.782153144650582
44.0,17.0,2120.939208984375,0.5487892987632028,-0.3163715069399693,-4.754732818059993,-0.4068657154609267,-4.340915501091479,-4.5173507429478565,-4.518145209004822,4.970643629935251,1.0258013054036086,2.616099701484078
44.0,17.0,713.6646728515625,-1.7686747871026167,0.9045867725779422,-4.988979363290718,-4.364982341806135,-3.483128986225016,1.4944341249326332,-2.5570803524184944,4.534740500228224,0.2933639931461478,2.0616389656815564
44.0,17.0,365.2234497070313,-4.50458021047182,0.0950003740348126,-3.855604515435125,-4.131815515525072,-4.454601800049458,0.9459273114415891,-2.1893351033467425,4.727244392342007,-1.4242773011768088,3.5000699126149097
44.0,17.0,644.5869140625,-3.5151532304226185,-1.6256702404200514,-4.732764121702539,0.3892413423376446,-1.7378334026115354,3.241587184643583,-4.735224132707243,4.508160080628178,-3.104085553377743,-2.358327681481394
44.0,17.0,434.1866760253906,-4.085333913089286,-3.915706153296053,-4.935780122609089,-2.564816373763485,-4.921476905734502,0.4715011424911282,-3.0650919482741408,0.9121677465160216,-1.592480433232093,1.9576032997237285
44.0,17.0,2934.9814453125,-1.6465205036622228,4.854601835128541,-4.694171415413087,-2.344246789368744,-2.8706598290773107,3.220220717189374,1.977008360741717,0.4633532263657809,0.3120798896489898,2.619342956724955
44.0,17.0,415.967041015625,-4.6876912786253015,4.799364533863372,-3.7133991292862,-4.725181026247852,-3.6827615674101786,2.4848405473442625,-2.5881468595462733,4.999790488841054,-2.9924563480117325,2.8759880430565694
44.0,17.0,360.816650390625,-4.866077297140496,1.9698269557204773,-4.928674101226251,-3.2004039447360766,-3.488997718553062,3.778827431580982,-2.2728077684331915,4.654954771015943,-2.4398967733745143,0.5450895185735867
44.0,17.0,399.7872009277344,-3.797217725490307,2.263652749270224,-4.88931676637747,-4.985212028786973,-4.739148340555761,3.493981687192872,-4.089574257549595,1.9922415694317424,-2.308536802275241,1.381631911483754
44.0,17.0,305.88995361328125,-4.88482450968966,2.612080850776948,-4.53055253135568,-4.989125030641259,-1.789011726197713,0.7969704652635183,-2.7652600195804187,4.492099467161987,-0.8261266657394897,-0.1130385994591396
44.0,17.0,456.8669128417969,-4.815849090877921,1.5269679616106648,-4.974470513063513,-4.392085511113646,-2.084601109920652,-1.407278002404838,-2.807957666828364,4.8200992041980015,0.0386196831172123,1.100643236475383
44.0,17.0,2607.818603515625,-3.95739629062644,4.928002641769588,-4.956356125485495,-2.7081989673376103,-1.6921607364032214,0.8798655558695456,2.0374343257390715,4.8858355656568015,-0.8206969418498637,3.773206929027209
44.0,17.0,352.06866455078125,-3.298112245220598,1.7043566555125036,-4.992437549372708,-4.815713237391619,-3.133143423756928,0.9151351814276554,-4.373743638765369,3.234165959972003,-2.217118287346734,1.5315962218975496
44.0,17.0,441.8098449707031,-4.385957795179334,1.0905500299004798,-4.888138076992747,-4.809806108462899,-3.67113943812003,-1.1237747431062717,-2.3682606008248497,1.889400704902816,-1.072170629263665,4.657062402183774
44.0,17.0,400.8347473144531,-1.2409279152441903,-0.2087258193852017,-3.2008261388513946,-4.368818276167961,-4.0945368345927164,1.3575987794987752,0.071915629986961,3.532188806235201,-0.3941937240339994,2.217596038593646
44.0,17.0,2148.95947265625,-1.164617341492332,-1.0665826866496475,-3.738657475948624,-4.896685953567556,-4.1592279765365285,-3.927991765535037,1.8662134745581955,4.71995934513604,-2.303656189980994,0.3421595539734827
44.0,17.0,4465.65625,-1.4862204157164314,4.963443765939314,-4.954769425234218,-3.0095584238568107,-4.725189931205832,0.5796950014285915,2.350861099115276,3.6128506444233626,0.9181395460527576,4.935328686846443
44.0,17.0,367.0595703125,-4.332370365477332,2.368908394161996,-4.775270729438649,-4.321176506814118,-1.4947798532598249,1.807751060939874,-0.2585280877872664,3.792860730149041,-1.623809886054973,3.3962112002943545
44.0,17.0,351.9852294921875,-4.759324201107711,0.58338691141034,-4.943236319142983,-3.165246817437696,-3.2399361959122155,-1.0061681503927562,-1.9925261390360576,4.994832065426003,-0.1677235572819384,2.5999507839309954
44.0,17.0,395.519287109375,-4.699935628128115,-0.4544684764253031,-4.226276338408017,-4.722335826977664,-1.4765849441698875,-1.850446555474932,-3.2180852020290147,4.787374911891284,-0.766768648809089,2.677945289865113
44.0,17.0,433.80804443359375,-4.987583470050024,4.731528521898227,-4.864310425877874,-3.5265668698308685,-3.625107923645959,-1.3154592842978028,-2.1243333073578445,3.962593584412449,-0.0449948266789466,2.2085124466942467
44.0,17.0,927.0146484375,-4.541313119115257,4.660519488424875,-4.417137805010087,-4.839608199446802,-3.5121472872470307,2.301035416959857,0.960158481037312,1.0404642638892074,-2.543907035766847,2.578921972254987
44.0,17.0,550.6331787109375,-4.92780671766609,2.482366019405939,-4.101964502489578,-3.7103453997220406,-4.988189633365506,1.6571223038608185,-2.281410789476812,-1.7779354615775924,-2.7752727916494693,2.638588326486656
44.0,17.0,338.69512939453125,-2.688023336298398,1.376242808011499,-4.467172359158533,-1.8626714818507173,-4.99302671600618,0.944131156484488,-2.4380072687382084,4.793054661140776,-2.039391949470951,0.8012673438303697
44.0,17.0,238.2948608398437,-1.3436525717961318,0.7981499638347564,-4.999058586444376,-3.810089064957345,-3.628067115726852,0.8122026853423403,-0.5548785513721164,4.832980698668486,-1.1089656180164047,3.295600115768666
44.0,17.0,802.0103759765625,-4.810745630645332,3.329486430204972,-3.933903756903514,-4.001671762895922,-3.3611297746687274,1.4713402572372054,0.7966937896025001,4.958132473847916,-1.5950123803513372,4.970383509330734
44.0,17.0,751.4400634765625,-2.535596961948909,-4.980216075994832,-4.987643057325798,0.7504136537866906,-4.285388043531592,1.0843631484598015,0.7081538987551443,4.697538943739351,-2.9266297326592348,2.4156471602598018
44.0,17.0,967.2056884765624,0.4519338608506116,3.102653121248068,-4.884822359598214,-2.337398379352515,-0.465725324811518,-1.566705103466581,-3.3448486896923213,4.642474374457766,-0.2335457520691664,3.3451034603427683
44.0,17.0,897.9979248046875,-4.401505187733835,-0.2732906698253403,-3.976229815143003,-4.6894976678271085,-1.2850212871244515,0.0612202265309855,-1.835021525727139,3.750598615275633,0.2962924037659729,0.6336648351501655
44.0,17.0,295.3741149902344,-4.839007865157411,2.6957922260099494,-4.643717573707205,-4.36746041331899,-2.125593518459888,0.219299516661553,-2.07153979663384,4.917609549841661,-1.029159250857842,-0.7494972041610524
44.0,17.0,878.614501953125,-4.632993192104154,-4.064015207304984,-4.353955019279828,-3.2731421030890235,-0.7143777831978362,0.5352369096974048,-4.50809310887053,3.269733585636171,-1.6045140858362013,0.3563114027408778
44.0,17.0,1810.9761962890625,-3.665311737081785,1.3730796547852977,-4.606352451647188,-4.209406438948546,-4.151914853938624,-0.4696568303386828,-3.5650867426803865,2.586995058707844,0.957822172046856,1.5377590481224086
44.0,17.0,370.8663024902344,-0.8493123434976413,2.2506678908606617,-4.126400110997312,-4.735961857081321,-1.3601718925677564,-0.7502636009500279,-0.736983615692326,2.6522108842334,-1.0752495653266596,1.5585444385905758
44.0,17.0,491.3374328613281,-4.712411002723366,-1.7875965230827182,-3.691299296881041,-3.821886229397553,-3.5222614048678405,0.5009705749369431,-4.999709386639041,4.982141541478235,-2.080015827046096,1.3572976986182947
44.0,18.0,1049.2862548828125,-4.309803513623836,1.5920294904407424,-4.333524856903967,-4.937120601372394,-4.974923728467743,2.807924945517329,1.1608397334222431,4.467786035667938,-2.4740967519543355,1.1516761330191685
44.0,18.0,622.34423828125,-4.365335689179337,4.927919778646478,-4.852740755036412,-2.595299690492637,-4.9978435665386485,1.4925117239093568,0.7257537030729626,2.9068495341124816,-0.8859603051425946,0.6151366133689198
44.0,18.0,1894.6470947265625,-4.7613607947676,3.4726406627769286,-3.7548952548243046,-3.896931698036735,-4.703812719675216,0.3274632861971476,0.9393698402911932,3.650914658068938,0.6957636736621176,2.607425626844657
44.0,18.0,11519.9423828125,-3.953589008460377,3.2173488356346844,-4.999999986123503,-4.637701174934413,-2.3392406068132257,-0.463645983508993,4.412134047332909,4.888721997930913,0.5902986374424399,2.4371385887977866
44.0,18.0,1020.6397705078124,-4.742813148889569,0.0310641283023018,-4.859679086982236,-2.0021081469451474,-0.5565842650532984,0.65624429832509,-3.578299856359481,3.615023977120455,-2.6469291477211425,-2.9638255356555736
44.0,18.0,483.7755432128906,-2.6279827757695786,-2.505705830314917,-3.347557229040252,-2.8937327262618986,-4.232738022115083,0.1136288842718968,-4.114842565296828,3.9255872248320127,-0.5957399157671581,2.5883316052744485
44.0,18.0,430.4734802246094,-3.690677566890188,3.880227134801048,-4.996370243605376,-3.5650509606237333,-3.595037042616908,1.8576430693307184,-2.7604277174026026,4.992277087820167,-2.6367518828468666,4.634270166464958
44.0,18.0,457.3852844238281,-3.462556243181619,-4.12612170455907,-4.354265525445951,-3.784523419034471,-4.374373633052879,1.2196622220587503,-3.5547784575220165,4.997931571113021,-3.389351694030029,1.2110949945973593
44.0,18.0,1603.0089111328125,-4.930940196317792,2.311571763641579,-4.998637298417739,-3.818960301737793,-0.6944364871563558,-0.7337309154890805,1.3135119496387944,2.8311200873615183,-0.2796596330981815,1.98840378026257
44.0,18.0,425.0814208984375,-4.634745099476474,2.39625565610811,-4.299696930375218,-3.336043013579104,-4.92398147553167,-0.5706947125106758,-4.416399286868618,2.505982596411423,-1.514186794463618,1.106588821005036
44.0,18.0,680.503662109375,-4.1982235225077735,0.5634839367017896,-4.988683481345468,-1.7921738725061438,-1.026433947506722,-4.978789210938524,-0.7758742348757819,4.989702943061236,-0.8707943625210763,-1.0355649256343984
44.0,18.0,595.5009765625,-4.204642229486821,1.8687523941160915,-4.1043620854019895,-3.970913037957648,-1.1470680275728364,2.2194635611061395,-1.2007938941178995,2.903681339026938,-1.510006739739283,-2.27725380827828
44.0,18.0,333.20556640625,-0.0914165971511753,3.056461490795435,-4.228883432353369,-3.774899323006131,-3.5035774189359365,1.1207102784546177,-2.890212205006443,4.539699506146626,-0.1823195539058897,0.6914662616155578
44.0,18.0,256.263427734375,-3.596318750756037,3.783545719358108,-4.969392045479259,-4.837626369962335,-1.820162962995485,2.5577500036805523,-0.9848381683478564,4.395679561009985,-0.5521042320099188,0.3587172880654634
44.0,18.0,401.6973571777344,-4.919793985613886,4.310965765501235,-4.501892067544285,-4.9856781245689,-4.473369016153063,3.00602367694178,-0.3051068163221355,0.9624799309797004,-1.7678385061566173,4.243394948970806
44.0,18.0,490.9784851074219,-4.486975309392208,0.7747605662878865,-4.07617233448397,-4.062175975144218,-3.942923185193,-1.7487130791463177,-4.70141545106365,4.998753479659269,-0.2454217568877927,2.060648670078801
44.0,18.0,500.0924987792969,-2.705642809718711,4.681950320989639,-4.204501147363153,-4.392958786833582,-1.1488939345210565,-1.5241259475519815,-1.4181971830553408,4.791175916674391,-0.1834627526884293,2.4277891395774462
44.0,18.0,299.443359375,-3.795491867629253,1.4632068953498347,-4.748509753453562,-4.421562720033435,-3.412804648544845,2.483696001154561,-1.176309204738819,4.867451470076649,-2.6836232707262,1.861044022674276
44.0,18.0,448.70599365234375,-3.981418115648001,-4.111999561229727,-4.999998604821449,-2.7962320462987167,-3.0125132493338938,-1.303985406645492,-4.848358089477512,4.180559656533816,-1.3609857187494412,1.8742136149932431
44.0,18.0,791.924560546875,-4.8614444505748144,0.8907924796443121,-3.3498201007067587,-4.894596094965067,-2.6992576257919656,4.0291228568528,0.8420467107738583,4.999731878588218,-2.483899218035249,2.3195329545531056
44.0,18.0,382.2987365722656,-3.485524437948641,-4.099419384193518,-4.049077163604328,-2.5749064717144243,-4.718630849374658,2.758372993550714,-0.6870171011598201,4.424179137645863,-2.0128021654630985,1.2427538085088683
44.0,18.0,2005.968505859375,-4.909309254674739,4.15470484584541,-4.168231571040431,-1.4032920810654217,-3.759609939801189,-0.8616622695255955,1.8326203591820072,4.9950055259435295,-0.9363891356948032,3.98175690259529
44.0,18.0,337.805419921875,-0.0526758122147672,2.343024983794713,-4.91810958830693,-4.36510306988379,-4.9699099862773535,-0.1313801711797424,-4.910365502081432,3.98867750321946,-0.432630365541832,1.4268313987604708
44.0,18.0,453.6159973144531,-4.985444963329665,2.546607350228557,-4.905692526894758,-3.675423495304717,-3.480712543266832,0.1462310390097414,-1.9357230543454265,-1.1374273951124485,-1.3627383260766313,1.4066532680034711
44.0,18.0,409.1304016113281,-2.718358404842113,2.359682837979121,-4.99619655605523,-1.631189788205611,-4.869829280053365,-0.2394861909921406,-4.97862651184817,1.370672007226947,-0.3488913904961155,1.379180774050564
44.0,18.0,400.4002075195313,-0.3365024788403907,-2.2911984852228944,-3.7549891729650136,-1.5811035788223626,-2.6563513956120914,3.2136066599233573,-3.583121558380921,2.1643002353946628,-1.1126890505993623,2.399164915706149
44.0,18.0,826.237060546875,-2.4312733578304924,0.6978246419597287,-4.818226253691019,-0.3780665208637401,-4.556254061075314,2.5276285772187475,0.9358783711301832,3.861700951774729,-1.7233440704524576,2.073252389858977
44.0,18.0,470.0792541503906,-4.11656843269968,0.2737538480136736,-4.99947590525738,-3.787508630460894,-4.956873196895728,-0.3752571898090151,-3.762236058491211,4.996860177856316,0.0098092808923508,2.254666855709048
44.0,18.0,345.3507080078125,-4.545584699111519,-1.4772543418150623,-4.979447944757589,-3.822908343898921,-1.9312653982465104,-0.2485400899333552,-3.1508973968832743,4.787704799745487,-3.0839999957443043,0.5769551845438139
44.0,18.0,3486.984619140625,-4.871106922032882,2.5328888453012075,-4.367056179502177,-4.952979391808098,-3.463645896789353,0.8267270630397183,-1.7149753071299214,3.240182920130966,1.576459652219131,2.3967551135957263
44.0,18.0,1386.931884765625,-4.610055267428636,3.583714502929736,-4.9461532813463815,-3.256171361202015,-1.9880228504094093,-3.726558596268141,-4.982577103596324,4.292551707307123,0.6128004918332906,1.797213531245168
44.0,18.0,388.7554016113281,-1.468310323881595,-4.937870222516893,-4.958680816457272,-4.395867749799329,-3.58698444778104,-0.0237601246251841,-2.602771139094504,4.750905580458797,-2.9391595619433835,2.5666314418053187
44.0,18.0,407.6743469238281,-2.89130520616609,1.9725397075750413,-4.062898369931754,-4.663603245086231,-3.9578485683954656,3.621237448731669,-0.7170851869772452,1.1848477934529082,-2.332304069193183,3.4039643690210912
44.0,18.0,1020.9139404296876,-3.787705329736757,3.08435848375691,-4.895847506351666,-2.5858729152688524,-2.568954330651683,1.9507428717848343,1.2296493322346258,4.342939159348347,-1.290155718853149,1.7830178831185286
44.0,18.0,486.2409057617188,-4.623433499679578,0.7734266732709649,-3.5152140351867898,-3.905114282833256,-2.0933697443772434,1.484548796254714,-1.9673629637810424,4.884402762214689,-0.0301812668101479,-0.0066665347422851
44.0,18.0,3457.04931640625,-1.9252662080650904,4.908259699435176,-4.684483472918554,-4.972323659613494,-0.6919236259363748,3.1602782569737524,2.3351404921952827,2.523936532414841,-3.037348618457433,0.8344782134172943
44.0,18.0,317.6188049316406,-2.9387368765002493,1.078890767491267,-4.983025065340255,-3.0225148184047974,-1.9316485920113744,-0.0209525676684885,-2.732151184279731,4.912329162398979,-1.7222532223669331,-0.9523241256919645
44.0,18.0,348.3539428710937,-4.9982868265808,-1.008485881224035,-4.60754454625074,-4.603109069818005,-1.9121161757619,3.363104153397513,-2.7886872422177373,4.546027293601037,-1.754598711342612,0.9691664566788124
44.0,18.0,485.4115295410156,-1.203855854366103,1.12151591754989,-4.97417924115096,-2.342431170741501,-3.1393891989276232,0.0184501495224349,-4.977497129924089,4.371687068884109,-0.0454838860629642,2.210349504312448
44.0,18.0,577.4998779296875,-3.878282132976436,2.220004353114452,-4.995989923281673,-4.222505402335958,-2.1234151541081565,-1.2934359113831388,0.4899834234359463,4.76988202320331,-2.684696314111719,-2.0664113824383827
44.0,18.0,4387.734375,-2.37819719677814,2.038895215061763,-4.470427045704149,-4.793562645344597,-2.449636339743174,0.8483068735773545,-0.4769085198527047,4.561409337788637,1.752006802546627,3.0383458788384843
44.0,18.0,4720.97021484375,-4.64206147960793,1.87858523876584,-3.934301925970799,-2.4323742249943408,-2.013065263821194,0.0256737730320741,3.1002455980239247,3.0477933557953136,-0.863939497587281,2.548608605581463
44.0,18.0,2565.051513671875,-0.1002315479754312,0.0362056669584482,-4.533874054154353,-3.5207917887322986,-0.931127124658902,0.1709762138468749,1.9514321340195864,3.4921960591449537,-0.3542482725861458,3.261385863326068
44.0,18.0,319.065185546875,-3.665685621779688,-2.3751043378042853,-4.994219817338058,-2.8015151902493374,-3.836690424355127,4.997775580775688,-0.9448161814439952,3.621579006477125,-2.272369256234084,0.6864486261238243
44.0,18.0,492.7519836425781,-2.540613366225055,1.519595271010937,-3.6642268991542624,-4.994251127204008,-2.782119360396274,-1.2306448453526189,-4.354930840222991,2.3824008422251346,-2.773073168251577,-0.0034712223583248
44.0,18.0,379.2259521484375,-3.1050837776202647,-0.0293317791431668,-4.870024708204987,-1.293803168484247,-4.0981214493732505,3.137869455070483,-4.062213749455013,4.982943639814319,-1.8297687364455584,1.5341682893010251
44.0,18.0,922.8233642578124,-2.150652142392727,1.3796234943098735,-4.3657918601613925,-3.048335147351908,-3.324595485366586,1.767412376596158,-4.061177917316426,4.014696300507817,0.4851368337115698,2.268698783319305
44.0,18.0,2074.338623046875,2.773534193474587,4.820881964466661,-4.997896446324406,-1.4154192756542767,-3.728799895370276,0.5291325554547308,-0.9836753276477772,4.455453238683571,0.6534865053608829,4.248905139479508
44.0,18.0,366.5367126464844,-3.17277385296275,-4.4853286399665855,-4.156204256832091,-3.885766333556831,-2.5860094281009225,1.2583714823032333,-1.976486086623443,3.319644372419715,-0.8495036024464495,4.13814256423885
44.0,18.0,352.1121826171875,-4.154928777129773,2.729169881148131,-4.995961901328001,-4.092554458873419,-4.645087729777034,3.932628572257759,-0.6001475394571774,4.455172131626066,-1.5561698212669557,3.54086235944822
44.0,19.0,3739.64404296875,-4.999990866534876,2.9006195477080983,-4.147414350377106,-4.051494359647825,-3.967546309564319,2.164749293640228,2.723248190921748,3.704575967386173,-0.9971986542000444,-1.6337510660972003
44.0,19.0,395.0952758789063,-3.374502917941906,0.1496311126432505,-4.98675810715015,-4.9349088180605145,-2.7891064050202456,3.1541514057622955,-3.663938317240007,0.2949370149043933,-1.8090801079989447,0.973962753474277
44.0,19.0,331.713623046875,-4.733559005880776,3.963906552166424,-4.239535898462387,-2.6630148487428684,-1.6479841009677942,0.7898526549503524,-0.4103442439830749,3.319301092128546,-0.7961710484678104,-0.901882201652528
44.0,19.0,595.1807861328125,-0.7555173743470718,4.998998749179101,-4.794243375386277,-4.998856619693887,-2.772711794488711,2.697280551936572,0.7151007352517329,4.241106840255181,-2.1879697915959326,0.7557728591094905
44.0,19.0,373.8720397949219,-4.478467923708042,-0.7966902839395669,-4.985671899958554,-4.309905445761352,-4.98078886603474,2.6957537267555365,-3.785405162027253,4.709623787203993,-1.7259669694866844,-0.0675320234529435
44.0,19.0,335.0752868652344,-3.594544987191334,-2.4649930558331903,-4.303943107734106,-4.392341444669668,-3.6547381648585286,2.4758010789810347,-1.0843617407438852,4.99866115395276,-1.4184763073684483,2.766567764164071
44.0,19.0,4198.984375,-3.169849704715044,1.4310853253489195,-4.771027873266188,-1.1864442659461116,-3.47426782145045,1.0652323628717744,2.8332016768344896,4.997300410720465,0.050092868391709,-0.4823947281871357
44.0,19.0,368.2252197265625,-1.9432105776319908,-1.977677449185273,-4.674833162794148,-4.854819819863375,-3.760414861735316,2.4360895095986432,-1.3492149120610175,4.676146045308441,-3.716493015814468,-0.665815595739967
44.0,19.0,436.3221130371094,-0.2158055102980451,1.0041297031237857,-4.974310340336803,-3.726770131608508,-1.9465243014721525,-0.5117179355111361,-2.8384845791846445,4.565893454569622,0.0369963951477094,2.929801311042983
44.0,19.0,454.5471496582031,-4.158691378682134,-2.840745722415238,-4.544619741627696,-4.8910064723423,-4.11643012206321,4.6778838416915285,-2.912605421241476,4.997270672195288,-0.8554938116715496,-1.3076475000605905
44.0,19.0,336.2643127441406,-4.3084893247752944,2.7932487791849283,-4.658154913591685,-4.976798835431558,-3.985802094786688,2.598490581429216,-0.5140278294825515,4.994674347063654,-2.063579628893324,2.7811225131298727
44.0,19.0,441.6459045410156,-0.4913041541242435,-3.37408464850266,-4.953949793721946,-3.4780194732409337,-2.450677510012731,4.938253380532991,-4.8765083258563005,3.1337527525475384,-0.9464772316857336,2.040594068935146
44.0,19.0,401.0542602539063,-3.397133981170808,-1.3025952434014565,-4.887228024370739,-0.6832432486571447,-1.57702203319909,1.1649910573175584,-3.6493919484113535,4.847135478365685,-1.3919110199313112,1.787179402776106
44.0,19.0,398.8799743652344,-0.2411466412036595,-1.6160066500672543,-4.988666752383008,-4.37660370804286,-4.8624749337418764,4.595726430092688,-4.94603284636425,4.998235176943469,-0.4239160566701692,1.0278424051546011
44.0,19.0,478.1609497070313,-4.9777850954747045,1.692901600658148,-4.627273510705435,-4.995475018866307,-3.230152725367443,3.871323516353245,-4.9994965524748665,4.517557793592973,-1.896742711720813,3.734860144593784
44.0,19.0,417.6377868652344,-2.248899594539464,-3.547073101458493,-4.156993244263899,-4.456561026872629,-4.880691198343769,-0.1110177371729488,-4.987674614643865,2.827244371161644,-2.0415797680509806,0.335426572141758
44.0,19.0,407.9466857910156,-3.3539749298318458,-2.518223016068621,-4.995743966930656,-4.990139927345984,-2.845062155087545,3.0492091148173994,-0.338879640271319,4.635021659252683,-1.97105216434178,4.3941876874037575
44.0,19.0,893.3031005859375,-3.3007675870820288,-0.5132248204549983,-4.514854940044603,-4.934614072502273,-0.410239150096455,1.8327119877578548,-1.93147485871124,4.078026316888689,-2.2521910936960845,0.9341992515621688
44.0,19.0,442.5334777832031,-1.5821624617476338,-1.415728463801063,-4.296751547914742,-4.494061818244195,-3.0052442036491,-2.238608970956764,-4.502039178983328,4.956623302930263,-1.8555605405400928,-0.7371124379884746
44.0,19.0,340.0360107421875,-4.667529810155373,4.956558404454153,-4.477680415014792,-1.9767725352828955,-4.989908299023829,-0.1239860656890687,-1.3051244882723685,4.638635539180742,-1.426045542331309,0.2042827620813021
44.0,19.0,469.3596801757813,-0.9369246528406618,2.3101608323058525,-4.7411910347925375,-4.325201538029997,-4.588207363090723,-0.2996909423536298,0.365361529970178,3.785349049065277,-1.5262917437917336,4.781317176651653
44.0,19.0,327.5550537109375,-2.8846587454008628,-1.2808357038254117,-4.9544096549664856,-4.977054419652093,-4.998913439405918,2.761690136477638,0.1422598057992585,4.902195525322785,-1.462756579990088,3.278240387992934
44.0,19.0,237.4631500244141,-3.231529071289586,1.0659266119309123,-4.786681655466056,-4.99982757243291,-2.0617742114129065,2.6331889131781407,-0.9205433428679956,4.68473770919123,-1.0435564719433792,1.642955296179455
44.0,19.0,443.3034973144531,-3.550131505828242,1.2179221287835862,-4.66097500942241,-4.995438756181635,-4.8526795982471285,1.6139960550982932,-4.91844433174679,4.860014242878668,-2.669888054340948,-0.6496307611297141
44.0,19.0,291.0977783203125,-1.6080864310767566,1.9900076767176031,-4.738854386045148,-4.922576888000096,-3.9903425915001822,2.6680987656357145,-1.5952122710416416,2.677898845945527,-0.9577377040580756,1.378209288450769
44.0,19.0,1290.69921875,-4.816567670422527,0.3870608920287921,-4.6476613106335085,-1.7161830365813362,-3.6042515936370094,2.4624416597912333,1.4074764204856045,3.930698274727552,-2.2461902590529874,2.109948840911997
44.0,19.0,616.4505615234375,-4.476159333555101,3.067320949420754,-4.868831072685633,-4.8182293953230335,-3.5236825003568493,-1.6034095398013468,-0.4629011597589212,0.3839328416678551,0.0718537224982434,2.1755037887053223
44.0,19.0,10991.3798828125,-2.215073150281333,4.348493266488834,-4.999606785577264,-4.994341195409058,-4.767269146649637,2.1952484975729822,4.505412616778049,3.8333778818123,-3.679689759978988,2.938719664370719
44.0,19.0,3105.165283203125,-1.8876806158874,0.2639589809872991,-4.991823213668309,-4.999004719543342,-2.111289739788252,2.9542230865043884,2.420203576560591,4.8783412645687445,-0.1104221333594832,0.1531437394923118
44.0,19.0,432.5768737792969,1.3644105370759307,1.5914686134255724,-4.873667250708221,-3.660278671118956,-2.873202679134364,0.8610642036611829,-2.1973827969160404,4.298827077224399,-1.280362941112358,1.0866913906537343
44.0,19.0,335.0502319335937,-0.8116120613730242,-0.0011144350583887,-4.97397847406188,-1.9385831341287032,-3.1276028230607147,1.0492004175631786,-2.124808664784024,4.8637055428276845,-3.4655736786785254,2.938840105566447
44.0,19.0,1122.4539794921875,-4.905707513145691,2.962633696652645,-4.9519030515285785,-3.650476548584959,-1.8478445902354244,3.7349995332559054,0.7174301523072053,4.998493201483548,0.3680570982077826,0.8946302214546842
44.0,19.0,10762.3720703125,-4.6108575097427655,2.810165271994097,-4.9864027158224085,-3.638104054413708,-3.548466381824781,0.0385853418414781,4.45540655842955,3.3777729367299525,-0.7493315434821373,1.3939741294547012
44.0,19.0,343.9281005859375,-4.952758985566646,-0.4999265156978518,-4.587699169797545,-3.682279329284879,-4.029987801983142,0.8218419939110735,-3.0984303831372326,4.243163840435376,-1.879856838571745,1.1352173721475634
44.0,19.0,1402.7879638671875,-1.9773941444167624,-2.438096553912554,-4.8382551212207145,-4.700775626279974,-1.4393692700790508,1.1288188395591403,1.467395522529456,4.521176241455807,-2.3347150825194385,1.293992723780616
44.0,19.0,2499.122314453125,-2.539800139567632,3.542864989781293,-4.841019120467399,-4.871026414073369,-1.700637591034977,-1.6577032097873268,1.941292549932811,4.52666644352221,0.0693378678497014,1.893212291341527
44.0,19.0,426.37701416015625,-3.4758626694125185,-0.1630394728189443,-4.736152786057658,-1.8271218761306232,-3.569700054305784,0.3873361557016626,-4.989565002844353,4.896820262846775,-1.3647954173691437,-0.323068089170186
44.0,19.0,2033.156494140625,-4.036075557896785,-0.2568961381337322,-4.9061036537391125,-4.858543128383977,-4.97548385958603,4.089758561547264,1.8507945342837,4.827825771136583,-2.0440258391646142,3.362958397174147
44.0,19.0,281.3360595703125,-4.014934222477875,2.575738286156093,-4.956824248455352,-2.734860497493594,-4.190874817449235,2.446223114329986,-1.2342732555056863,4.90618677848569,-1.359838311603771,0.6655984781840951
44.0,19.0,1144.852294921875,-4.712082083490973,-0.3693142665894218,-4.801332281281981,-3.689507294343444,-0.3561178000657996,4.727256904995599,-4.551167552176628,3.167837354852068,-3.14717095722141,-1.4500682046420152
44.0,19.0,371.7672424316406,-3.5156800326528272,0.5047389066672201,-3.5518082374968047,-3.5363664811871094,-2.014022910268227,0.8649913767419424,-3.8910639475088495,3.1824375566602203,-0.7594489659146886,0.7869002254353008
44.0,19.0,1386.943603515625,-3.9474473528840752,4.030451325192212,-4.999094180625501,-4.65813359930372,-4.690883755930766,2.7918020299816995,1.432231539451367,3.082067422609061,-1.7004202579865826,-1.6348337029530629
44.0,19.0,559.300048828125,-1.5189405291739355,3.5108160636384227,-4.824413153218436,-3.739352502885528,-3.101369493463315,2.602713412430246,-1.7585056790478322,4.976809631408596,0.1348345911094117,2.90407554377433
44.0,19.0,297.3438415527344,-0.6124749794197397,4.444473379798776,-4.928531368222153,-4.990736696275806,-4.666731190495066,2.2629961721679663,-0.7344349092305471,4.9343233116094805,-2.3349679656618507,1.1154046597983989
44.0,19.0,338.1414489746094,-1.851023271124104,3.864793420548308,-3.7438823841149342,-4.899686333830441,-2.516327605040271,2.808813519498776,-1.4308641900188968,4.663658479918983,-2.104397464656262,3.349050189667466
44.0,19.0,492.9086608886719,-2.56584219730355,4.436674247643197,-4.954988919573843,-4.723932683485346,-2.904771674191654,2.886739216859172,0.4866527575356683,4.993273481838186,-2.445194591525284,2.340507468468786
44.0,19.0,313.33746337890625,-4.979607515937544,2.604072527400225,-4.5421474417962,-4.996638982007886,-4.60966945897434,1.3056669984806053,-1.4806092626826022,4.685585775434863,-2.7848923852371925,0.179820708802052
44.0,19.0,1159.2845458984375,-2.6074023502265544,3.9381976340645535,-4.87773722342784,-4.887783907110682,-0.0511862277079355,3.109953069692315,-1.424718516372283,4.998487451079472,-0.8769462576723424,0.7515478019385853
44.0,19.0,11461.5,-0.495472816014944,4.739898501214423,-4.488791626479962,-4.999988783404479,-4.522276264884619,1.5252706064216612,4.985556894200711,3.2120104896815924,-0.4872720652871143,3.1115092412747014
44.0,19.0,982.0965576171876,0.5887806046410287,-2.008322814910517,-4.852674404963839,-1.600162292869685,-4.992170350978247,2.5207243678630427,0.9948324497880384,3.207598683922523,-1.5980928614992649,2.945321774382512
44.0,20.0,3959.899658203125,-1.5235041860344314,-0.4486192194058294,-4.036887648525639,-4.996791397736258,-4.010469875489528,4.47476904481039,2.7958223730508847,4.7722970556550575,-2.641820648975518,4.151075725471372
44.0,20.0,332.46270751953125,-2.3607756352816023,0.6158948178166117,-4.259859514205515,-4.460761329753597,-3.074447951390741,4.968435563078117,-2.366014445117377,2.51035048997432,-1.3432922064107349,1.7278958180265818
44.0,20.0,1534.3251953125,-1.142594826410321,3.9169951090521984,-4.55926260294501,-2.49156277358329,-4.7008657159926175,2.5574182472674254,0.6616258192127251,2.544194661319792,0.6101125139233172,1.826512901085216
44.0,20.0,393.9700927734375,-4.277610364152507,1.4455192748217185,-4.78439651220146,-4.129273725512201,-4.510758164970505,-0.5014931474664888,-2.219962370677427,4.98664533271646,-2.078553255162169,2.8450772548214323
44.0,20.0,475.8215026855469,-4.143028255899587,-4.230909786327427,-4.957031902067856,-3.477044766161969,-4.761987014120574,0.2298108013987416,-3.918143017958553,4.893811998828426,-2.5897472247978843,-0.1165247562097029
44.0,20.0,398.2740173339844,-0.8129193605909357,-1.8858215531649964,-3.620424243949216,-4.538445175307352,-2.399787279932757,1.5944858083786064,-1.8559677823446696,1.883968568526142,-1.9563099557385115,3.2633854987249684
44.0,20.0,1505.3582763671875,-1.4486558498506117,4.996578843958114,-4.818240051326093,-1.3486940105579763,-4.388910108963013,-0.5957724256273691,0.98069774996433,4.97670292188875,0.398867160504027,-1.391035863304264
44.0,20.0,549.371826171875,-4.346184466573003,0.8859085413543681,-4.981736612400158,-2.752147264698324,-4.08081994478391,2.1261430300660367,0.5629304381417217,4.96828226673469,-2.4912850410857788,0.6535069912185145
44.0,20.0,297.686279296875,-1.401411362662862,4.312128434263634,-4.997598495252556,-4.992691548455932,-4.4415937492003605,4.314468421362452,-0.3187657472727618,4.783654745520797,-0.9807863241609898,0.1632932347176821
44.0,20.0,474.8878784179688,-4.924795363706397,3.472855410211503,-4.968840970348942,-1.9352395685958177,-2.36798777026085,-1.8089777835990284,-4.413089780047388,4.72357794814361,-1.8541687365742727,-1.7320851613024018
44.0,20.0,428.5249328613281,-4.973976178493654,-2.998154031272698,-3.7318685907258953,-3.826646637384412,-4.987277321301329,3.026265086240773,-1.47263074985734,4.999440604007349,-3.4558563617955413,2.492451091090234
44.0,20.0,316.2611083984375,-4.8854844025563,4.641689357821685,-4.999559083431537,-2.095649988979999,-3.820549401452877,2.7355951103039544,-1.7566719010470195,2.759202617271363,-2.203068143665668,2.6263399928514763
44.0,20.0,339.92431640625,-3.722674694898768,-0.7849777613079425,-4.021570031556136,-4.1010194219129765,-2.2173988213576523,1.330601005065894,-2.6992081094929707,4.382211791653297,-1.092709479718593,-0.8094681236390695
44.0,20.0,10065.2333984375,-4.371696868704992,4.949415736091225,-4.890530476430585,-4.340845446225228,-2.097748601179207,4.309604106617394,4.257647524412644,0.9060546723691748,-1.7964056446853172,0.0628116562025136
44.0,20.0,232.802963256836,-3.805156243584814,1.0212385211807185,-4.983610133811274,-3.705835816733971,-1.9736049743193549,2.8507828037983574,-0.4173995197869287,4.912158240586681,-1.1025102895850725,2.6433489584505345
44.0,20.0,766.0452880859375,-4.102444098958005,3.4001543110742887,-4.9511567632600055,-2.4916637275469293,-0.5716553715196913,1.2645737229103349,-0.1765099386155411,4.9916534108616055,-0.1910053133560234,3.014584805212305
44.0,20.0,326.69244384765625,-2.059513492133076,2.738433325862668,-3.7763418962433946,-3.2329647893994347,-4.938863650487359,4.296858412545991,0.1352923202366707,3.4369663902527083,-1.1261512309057902,1.8618328499398944
44.0,20.0,356.9260559082031,-0.2184993820418634,2.8988594192640385,-4.514426499390009,-4.42747137871987,-4.999366962333833,1.8751974962659728,-0.968246285816516,1.2616160788874264,-2.155791550629745,-0.9134275603742612
44.0,20.0,377.6292419433594,-1.7878103187918004,0.5559332452735513,-4.700621404634852,-4.577435313399899,-4.839994931085392,1.9861705908476333,-4.980122210094931,4.418984094775505,-1.7776456951937556,1.6130566580832737
44.0,20.0,340.76568603515625,-0.4344381315776111,0.059181497369436,-4.999669787483838,-2.0406775036355422,-4.709541885287848,3.5197457249156354,-1.087467101700458,4.998996571024188,-0.6550425592960085,-0.1706635873012443
44.0,20.0,532.381591796875,-2.689541946151065,-4.879887678822079,-4.133090764771088,-4.982965496269895,-4.961049375056801,4.958918282883046,-3.7048744234337416,0.7421804209683724,-2.875261702881279,2.476539492979457
44.0,20.0,1093.7857666015625,-4.403618070067683,3.424030031290343,-4.81260022134992,-0.6792331252994872,-3.316183401151633,4.577826537076859,1.135083294530748,2.854592001717153,-1.0556198592918165,4.225151586557725
44.0,20.0,2262.606201171875,-3.916375833857548,2.1572316620867795,-4.798660132638917,-4.934531799012809,-2.928278521550627,2.954784761731264,1.9383313152947368,4.980363793648879,-2.648076728064518,1.8535699507402985
44.0,20.0,341.2159423828125,-1.181897608931331,-1.467274584330951,-4.228769824497139,1.029853645145633,-4.991053931838766,0.5753062051991042,-0.6814085362399336,4.083976895049316,-2.024896367793318,1.8527210182432103
44.0,20.0,376.80560302734375,-2.30309766625009,3.110367616349304,-4.556368895796551,-4.793857505544048,-1.359767365890419,-0.4244563146769406,-2.469858967155063,3.0228547005459827,-0.437752547737456,0.8334553492989176
44.0,20.0,1192.333251953125,-3.3697901257138727,-2.7801395965163804,-3.899625591435005,-2.3638098216593835,-4.427866410672967,1.57757291623245,-1.085174065759115,4.339857424520012,0.5861957627075682,0.2938787972474976
44.0,20.0,341.83984375,-2.4215187764795387,3.5849041907274195,-4.999196809593547,-4.836549243654803,-3.220680738674929,2.409423476601588,-1.9767873987923803,4.91464608531926,-0.1071600186800978,1.4762535722444072
44.0,20.0,306.51971435546875,-4.90283878449415,-0.9480358439425968,-4.128289196790593,-0.7959047326310111,-3.7574746223645112,2.1499412642769,0.0512338577144682,4.071939323086374,-2.024778361851264,1.14684435702007
44.0,20.0,548.3050537109375,-4.999999984397096,0.0901749846310808,-3.1866433018187497,-3.008662985086197,-4.177822095000392,2.4211022323297087,-3.185101288936049,4.610903766644244,-2.56998043663301,-0.4975045338307122
44.0,20.0,316.64306640625,-2.182964271369641,2.218949186780117,-4.714473261190047,-4.316940828249388,-4.107564966707629,4.519310127474197,-1.3676719515022526,4.953889256026475,-1.6864890493882685,2.0244250353626985
44.0,20.0,393.3316040039063,-0.2215042283719359,4.630181310387124,-4.16707730601633,-4.626825757939282,-3.6411331480615,0.912316746403132,-0.2320336959474831,4.683052129452424,-0.0258581730760019,0.011645534667581
44.0,20.0,3016.51416015625,-2.8549512951420577,2.66313524136007,-4.497168052692837,-4.755625586880108,-1.4282592853188332,0.6758188386926554,2.157571170112236,2.8252745723483663,-2.136184182083875,4.575591526936661
44.0,20.0,8455.923828125,-2.6903706704241546,4.624691795641692,-4.899848072185123,-4.190406768730315,-3.725792535821607,-1.7966119433893946,3.9989208205736944,4.6433625747982425,-1.2616595613137838,1.619830987943792
44.0,20.0,852.0701904296875,-2.403933890240487,1.465896198432394,-3.765399529206968,-1.74952206972491,-0.4323680094261348,1.7728709577149075,-1.46160057092776,4.323884173122659,-1.0364999303519795,0.8879201186084398
44.0,20.0,360.7344055175781,-4.822118833634521,-0.7869913068578596,-4.988997754037819,-3.651171452204928,-4.997162012828391,-0.2942791762212717,0.3394264774712834,4.919041962841991,-3.0314123461968894,1.6552099595395218
44.0,20.0,466.5018005371094,-3.566546178305397,-0.5245642191672388,-3.504985509856146,-2.873445929899064,-4.329127519709127,1.9345752500529048,-4.9987271439538175,3.2489435178526733,-1.807552659707716,1.9046506061640391
44.0,20.0,1592.9571533203125,0.0986376371955266,1.1687984300845713,-4.894256052528578,-2.3408440334576497,-4.994799819933292,4.8649409283086005,1.6592537555044569,4.864441091122183,-1.4820168089481016,1.109110437240611
44.0,20.0,326.71417236328125,-3.780406319937542,1.2093968409783562,-4.661971996831781,-4.569115204489079,-2.826911627622395,1.501256205789704,-1.5729623978055556,4.999181043469843,-0.2379719099880137,2.604803175064445
44.0,20.0,352.6683654785156,-1.1178731846278387,4.918910317466105,-4.887655950574956,-4.057205025136399,-4.538295376151678,0.865661556109039,-1.587026394419197,1.0957322769814652,-2.381883026938156,3.421001731305596
44.0,20.0,3726.362060546875,-3.772379291395183,4.734717960987094,-4.3549673210670345,-3.537700017797804,-1.2326524616574468,2.478878062352704,2.681585012089021,4.542873011508576,-0.8911992313336885,3.356108927069023
44.0,20.0,513.4744873046875,-2.5574778861953087,1.809060325721075,-3.035235872732593,-4.509313748135544,-2.841206509421458,-0.4417939094065124,-2.0878941368530435,4.979102561094672,-2.020013898064412,1.6486614999228235
44.0,20.0,3543.40966796875,-0.6926801429548011,2.0628183232267734,-4.531742249078631,-3.979550228265144,-0.2222736928124993,2.562369089547232,2.1108941412047466,4.934634536642598,-2.1510829574622403,0.3025108554968003
44.0,20.0,357.529541015625,-4.804693880204746,0.1111270464584919,-4.999727577111654,-4.285258181133219,-3.5611796087367646,-1.0945796775679275,-3.218437916759985,4.747434124183934,-1.627775618914684,2.4420416130964986
44.0,20.0,344.5224304199219,-4.982189179969511,2.4849056333664503,-4.279606856845689,1.0368030510764807,-2.605576767620504,0.7162879008253871,-2.572674769844676,3.757893497426705,-2.245121787987535,1.8287170710966207
44.0,20.0,1136.95458984375,-0.2109678397917642,4.784792857168741,-4.999066369935128,-3.4917833624945773,-4.42384254188109,1.844659593148784,1.3362100272389306,3.752425043181794,-0.8101038428077034,3.000430658457745
44.0,20.0,478.1882629394531,-4.455351148195119,-4.649122235213077,-4.684135678825051,-4.123967739136544,-4.515787377765903,0.9816794187318808,-4.782906601055368,3.7898300944155423,-2.6826347792426724,1.3513035661732786
44.0,20.0,357.874267578125,-3.0359325797329024,4.979725465942774,-4.918417784471563,-4.999491057295466,-4.884993580546601,1.5044503241124554,-1.7642773145028183,4.747603827091279,-3.590975260011588,0.1937643316061246
44.0,20.0,3255.636962890625,-0.9228331847895196,4.428386251161308,-4.049569241331548,-4.959335636886692,-2.995310614092702,4.995412337645984,2.547622508066687,2.624794058634034,-1.9784901085879896,2.269267461250691
44.0,20.0,317.84332275390625,-2.5728956207603053,0.6059689037866924,-3.9818113324525495,-3.211139185654908,-2.024781318766155,1.8718416687096209,-2.1689997069975044,0.9321986705181224,-1.5331947429733075,1.3212919121323583
44.0,20.0,416.1238403320313,-0.6230112063404185,1.4479442172846522,-3.744313415344181,-4.99045104896472,-2.6154436904410168,-0.2004883939617761,-2.610939104279512,1.1973011311859576,-0.1076760784174082,1.3175481645773166
44.0,21.0,4530.927734375,-2.61149796594405,1.134829623224629,-4.676598579013168,-4.980168815607884,-3.6795453441272494,3.8489480561011256,3.021734911031807,2.123478346480727,-1.4588259926175162,1.17253426613987
44.0,21.0,420.9194641113281,-4.235069371702417,-1.9849111481859487,-4.84790930680719,-0.9991380359279391,-4.997997711682609,3.3277095782046846,-1.125251282832989,3.7189488557936974,-3.3013382643513483,2.3615580652589294
44.0,21.0,335.4144592285156,-4.311612684232093,0.0030638151550421,-4.9164734435047,-3.734293731183552,-3.5497837598051136,3.860618817294565,-3.2093320695243244,4.743266097346574,-1.6040444151527948,1.3180392850457876
44.0,21.0,1061.726806640625,-2.6132215280554,4.559802472613612,-4.683906857354503,-2.535525254864117,-2.6529338479820868,2.633247806417933,1.1658197380295494,4.887973638416575,-1.9797750677727608,3.627296712649642
44.0,21.0,877.1656494140625,-4.745663895269796,3.302084036375282,-4.949019656446372,-2.54861333349508,-2.750733718072569,3.216197735025313,0.994347538037001,4.185384821823982,-1.1118409732291972,1.2720957317709694
44.0,21.0,315.3634033203125,-3.3614855468655973,4.998863597976337,-4.484212785874423,-4.25403659782095,-4.9559078213582985,4.04293602627085,-1.075083546791669,4.336129082374541,-2.689853988401256,2.0783128641868
44.0,21.0,3081.7294921875,-1.493734736622308,4.316885619298772,-4.986232509700014,-4.922738866366325,-4.141662560950101,4.966228457780115,2.4020322963748413,4.777557482137173,-2.304315063193987,2.139556243532538
44.0,21.0,389.1017761230469,-2.5914612033370483,1.0555296340503952,-4.94326795829939,-3.739644888856144,-4.0623428076542805,3.575769400049621,-1.836579927229232,1.5221015343678097,-2.1195701653454115,2.8338929208388013
44.0,21.0,262.38592529296875,-4.908601879512516,3.79823440483829,-4.811747707970918,-3.061355770603579,-3.5713522648215856,1.454781767770246,-1.0110563154570276,3.046116168983936,-1.6323686227532497,1.8968411970988388
44.0,21.0,339.8573913574219,-2.101453851711274,2.385930783547748,-4.774154434866833,-4.557882727613219,-3.280721524469039,4.705320910363554,-3.397809069916806,4.920172014059986,-1.9938509475054176,1.229757373385091
44.0,21.0,297.113525390625,-2.222936934850778,4.480941109006356,-4.1763277648190735,-4.856576957691867,-4.693270871218805,4.046217798769829,0.0768597239456898,4.303059806085878,-2.59647208122072,2.578891092789437
44.0,21.0,375.185791015625,-4.999995844783214,-1.4333821321118183,-4.937535507941604,-4.739931794413869,-4.959308375596348,2.2500748032122537,-3.635886411874874,4.829638369279564,-1.4924108657803845,2.696800050344268
44.0,21.0,984.434814453125,-1.8760486313454336,1.7326513922746063,-4.999862118131916,-4.81609160491038,-4.756486480069637,4.417614329670167,1.063448644335347,4.535210187066085,-0.8463258606036224,2.8208008593275498
44.0,21.0,444.2445983886719,-2.081752165737254,3.5244005078282594,-4.045926767550298,-3.3527908669193134,-3.087751396912512,4.979992121030559,0.4925400780388749,4.258851430221586,-0.4293453440812422,1.020708120731272
44.0,21.0,954.737060546875,-3.3224280467578327,-0.0152257073985273,-4.976005764191459,-4.989442874855325,-3.056342208099633,3.0671777388292725,1.1585552796788656,4.113175179204607,-1.1553923805802366,2.6948330877070727
44.0,21.0,402.1914367675781,-3.805273510836409,2.8962578909443906,-4.979293254934036,-3.5415428332082297,-3.470916422557077,2.538325388394133,-2.416398708618008,4.969003405761363,-1.6001505623224173,-1.8140122546114807
44.0,21.0,538.8194580078125,-2.293612490393725,3.274195374025581,-3.811636009714294,-4.909590090184758,-4.763641797965473,1.4934572518001454,0.5673959517026272,4.902722639470031,-2.4379769996550973,-0.6874876681614035
44.0,21.0,517.00439453125,-4.693098546964351,4.849592726336626,-4.866278169397779,-2.887948000333777,-4.238328036947303,0.1192404139468052,-2.396502891605492,3.861013686301604,0.0460167240080799,0.0183995902117022
44.0,21.0,279.2098999023437,-1.4900915707331095,2.0703887998482537,-4.993825340601795,-4.977019487386768,-3.1382315095138305,3.794967246151554,-1.3729766645274792,4.561548452513311,-1.871959493158988,1.9912867028504733
44.0,21.0,341.4366760253906,-3.899430059103856,-0.5018632540196002,-4.204759650346256,-4.986975154716088,-4.584200039637267,3.020718636888338,-2.2916443253756498,3.05276998507097,-2.37382510757385,-0.0165098009305166
44.0,21.0,429.2366943359375,-1.416205568109032,4.991873435330135,-3.47710178274349,-4.044378419026518,-3.4897273699460385,3.809787358771974,0.0170466450566735,4.995284176516865,-1.8507120004776407,1.784497540328016
44.0,21.0,372.17962646484375,-2.4619306450265226,2.207726877740953,-4.937725364622572,-1.7741381571695736,-3.4086856973784694,4.1866968803353934,-0.6827097724225126,4.723017361232557,-0.2491108121388583,3.328797518648836
44.0,21.0,1962.4090576171875,-3.269876993756667,4.30998702481271,-4.96144259756085,-0.765219686832709,-3.382940565079356,4.448095212312062,1.8362138207692684,4.846100145547613,-0.9726371083089704,2.07973938609096
44.0,21.0,389.9190368652344,-4.474257133384348,0.9177990189561412,-4.962983777878312,-1.8140654681372144,-4.987351914330732,3.697179256957472,-1.209926732025925,4.669923923577834,-3.452405866581101,2.325402148672941
44.0,21.0,352.9008483886719,-3.313767267169758,0.5081771053052719,-4.998126625715575,-4.748998567330008,-2.0243482608948926,2.0049475180871106,-3.921603200754917,3.019145888085097,-1.8400546234221715,0.9015168755775652
44.0,21.0,446.8616638183594,-2.751995965666312,2.662837577881435,-4.952848409729032,-3.5523731426395466,-4.984926138662424,4.983725872305541,-4.665265644739475,3.249921093436562,-2.454133696053661,0.0197865621805508
44.0,21.0,286.295654296875,-0.0086450022452835,3.1148204563509108,-4.839513939952237,-4.957153554276612,-4.481425458354818,2.578735857961928,-0.9524608051123096,4.993721629253056,-2.3865212402627654,1.384115311211537
44.0,21.0,420.0392456054688,-2.615395779173177,2.9818222102901544,-4.674665782264537,-3.567748762114081,-4.901954519465171,1.4241537769382564,-4.621160887046721,4.998250776723875,-1.904285477494997,-0.9579182921705574
44.0,21.0,338.42388916015625,-3.942242718998317,0.4035853953816222,-4.999960279852315,-3.956662406571874,-4.669242576532072,0.8823050831929136,-2.187520213829873,4.9770850550589945,-1.4142198036753788,2.1599376430202746
44.0,21.0,290.3406982421875,-3.108096491408663,1.704500989644309,-4.876811875291666,-1.3972163055248932,-2.2652605753479937,2.156930483122351,-1.1089902844846438,4.621756746288568,-1.1047051707370037,2.842067216403602
44.0,21.0,458.4466552734375,-4.6668232732508494,-4.987016061262512,-4.864431864420782,-3.0608974345978623,-3.1034897886321304,0.6406899292395991,-3.2355461547636963,1.9163564206962465,-3.4418258371935586,2.3985001492375835
44.0,21.0,330.8104553222656,-2.4655260305979496,-0.6647245577742442,-4.841036071642932,-3.804934337041635,-3.876424035500367,4.314065359047548,-1.929686159752644,4.885652317034857,-0.9280294038385026,2.75444709110353
44.0,21.0,3062.40673828125,-1.6724860332910847,2.12088134030323,-4.348170254429075,-4.815006127820109,-1.075632633635042,4.734619691661994,2.151064177094817,4.22550686552189,-1.7507548289232795,1.983859335714186
44.0,21.0,1092.9808349609375,-0.3876762951337751,3.301578036542121,-4.188341072938667,-3.5812441541107134,-2.921843477822719,1.2174356579087051,1.313653897726999,3.941851739556398,-0.7046208778308696,1.6267992919511531
44.0,21.0,931.04931640625,-3.475155287109591,3.4249549473828385,-4.997459402376052,-3.984064654488751,-4.574640200065842,1.9332878327042813,1.04697573005053,2.604307645028189,-1.113435080884963,1.3210996695640134
44.0,21.0,631.8917236328125,-3.6996396333279176,3.502122480754105,-3.934710541404718,-2.530757929733163,-4.990820438015154,3.282204597914092,0.7438062725808692,3.2028692304638646,-2.0117925310398133,2.583813941643479
44.0,21.0,2727.47998046875,-2.8385948272573693,4.521452377986762,-4.993772357622922,-4.5576635794390885,-4.514387575362014,2.8116621314269183,2.087135118405872,4.06344197623104,-2.120649400893808,1.2710763933000555
44.0,21.0,430.6836853027344,-4.689457026976775,0.8460007270342302,-4.740573528355337,-4.358678531728376,-2.637437760385069,2.9245809294663783,-4.8468976883542885,2.5987600141442506,-0.5853710734427011,3.541794773420744
44.0,21.0,393.7021789550781,-0.7560035972537094,-0.4256176776407754,-4.995797593817459,-4.84737550985988,-4.345057673478547,-0.4314991178380998,-4.893399351516654,4.690135161557876,-1.7805567396416224,0.5501179633778905
44.0,21.0,354.61334228515625,-4.035099947438577,2.564828419831673,-4.4514836929517765,-4.595833226279642,-1.9155572355009425,3.158078779378892,-4.313369905777127,4.079583776264066,-0.6459830887306168,1.2832242919633652
44.0,21.0,429.8296203613281,-1.4664145989887754,-1.0267036112624854,-4.257665773512648,-3.623227647433247,-2.5156716429908905,3.2881516063419163,-4.988779695543268,4.923051677478158,-2.231830369642052,2.776727324844673
44.0,21.0,267.84039306640625,-0.9296706991435268,-2.3301595128227643,-4.96682929697104,-2.863045587969406,-2.961336349632578,2.4952058967466693,-1.606906248572126,4.884058159430737,-0.7700713580259047,2.4261825603745404
44.0,21.0,2441.47314453125,-3.928310666836608,4.706028367229617,-4.947164624525886,-3.9011364321203015,-2.941868889372324,0.7418649698824611,1.9833226718982804,3.974641675791217,-1.6037866252704511,3.6264199773639145
44.0,21.0,279.51519775390625,-4.984814453406071,4.8856663049537765,-4.963085574000201,-3.760454307399884,-2.0946141203349686,1.7545457887331786,-0.8245151792879701,2.832358458791955,-1.90922661022306,2.3246905178245525
44.0,21.0,315.852783203125,-2.6227293927177726,-0.0306712265445394,-4.364776692732081,-4.338464346817359,-4.91520462215806,2.290969034815032,-1.1901236078975992,3.495347189047859,-2.196907983699,0.2034917850439033
44.0,21.0,370.1848449707031,-2.20422468752324,-0.0483507319415608,-4.897744651147441,-0.6068172504585609,-3.7939675501435257,0.0850634645932091,-4.864917332313171,4.703834898028815,-0.6348009729155999,0.9778798217775996
44.0,21.0,582.382080078125,1.5590637116488093,4.84358383779464,-4.753188018844671,-2.078950228974843,-4.29388823803341,2.804910907788571,-0.8414972948853974,3.2286509812648525,-0.6862077974224778,-0.8256512801384179
44.0,21.0,311.0483703613281,-2.441226529356792,1.0140611670239776,-4.9999466604556,-4.568202587815045,-2.7605903244991685,4.860680611458758,-0.3003779580795793,4.739351646942275,-1.906205793276039,2.5207965796270795
44.0,21.0,354.2206115722656,-4.976103178089104,4.8022495049287794,-4.45087932820068,-3.365797073677874,-4.341284517299708,2.0423423466896846,-0.3240125579841448,4.519512691865945,-1.9394062317410536,0.4555742664177709
44.0,21.0,587.3345336914062,0.7837744650526712,4.291433669300785,-4.67687012828628,-4.894768761091779,-2.8964251122396947,1.7276338022734503,0.6340108987806374,4.500639041093319,-1.7820035768550868,1.8503019160923024
44.0,22.0,494.9180603027344,-1.840240838152754,4.955543799008192,-4.557904948264473,-4.27479886814393,-3.995535116645537,4.316392965959079,0.5033462158279756,4.689004612964599,-1.7367660307920127,1.9256815754519776
44.0,22.0,436.3702697753906,-0.6126285041479616,4.269803862282487,-4.851095302611823,-4.9766686379677685,-1.3327407813272654,2.4462068300761537,-3.830681521387525,4.362795154777379,-2.095582981610153,0.8506192363766054
44.0,22.0,329.90484619140625,-2.6444453609428846,2.342598277852656,-4.388899281757729,-4.456470655317023,-4.972428614666591,1.4139739430909977,-2.0874835166880725,4.999976859723219,-0.7632693048596373,3.964082103303348
44.0,22.0,711.706787109375,-4.105289492405385,2.156955933497917,-4.967162537179864,-4.269244419522669,-0.691887769971661,1.953369182531232,-2.622374645930805,3.823486184004963,-1.3527905138184804,1.2433917064028712
44.0,22.0,1969.486083984375,-0.1670614664896321,2.82032881388933,-4.566235304914151,-3.033990518511747,-4.060092615090809,4.281940412549947,1.8387623618302769,2.724906539090375,-1.311328274776324,2.7868892650536043
44.0,22.0,375.7917175292969,-4.704729206087674,0.4486753002523986,-4.71658937046946,-3.516265204281683,-2.331700144916065,1.0394106000693952,-1.2331180065281844,4.337415281138714,-2.799784028373793,3.8759086216175938
44.0,22.0,474.9112854003906,-2.620598526110511,1.0398206776745074,-4.916938690997734,-2.5909264852290192,-2.7029124835141825,4.99567507866456,0.4134115308903112,4.566507868228975,-1.9983031051503168,2.852345442050962
44.0,22.0,368.22021484375,-4.493778921108257,-1.9876018894614689,-4.979241279666471,-1.5136320111793964,-2.9858513074177915,2.386465744279297,-1.9077557949263155,4.9921730131404,-2.169090026220355,1.8219758957087688
44.0,22.0,283.1779479980469,-3.1866858938634537,3.971506823074705,-4.994412723013729,-4.999607260071837,-1.6620084024753123,1.9745527707198205,-0.7441218324822803,4.388755888858462,-1.4476060731778446,2.9257826024312763
44.0,22.0,301.34716796875,-3.458721572649548,0.844519564609242,-4.997402167554797,-3.076723186711197,-4.122114092088804,2.220530321461806,-2.853451895363552,3.6037166507796776,-1.9188658103660128,2.0108099754182884
44.0,22.0,2008.0618896484373,-4.996662238221061,4.464139471464213,-4.81196739704149,-4.048834961839684,0.624460646483108,3.4503117878319483,-1.743117855308408,4.429629838908948,-1.9742931080154733,3.098399051751757
44.0,22.0,374.8735656738281,-1.241179091215212,-1.250415530151601,-4.987137399242952,-4.887060437520391,-1.827917894206755,3.5920200783066907,-4.593368475840284,4.7490679385319865,-1.474977616146865,0.7712259550984601
44.0,22.0,421.2203063964844,-4.636038941036021,-1.2851273688825509,-4.068957667846696,-4.91426943282597,-1.52004539668937,2.014312100449118,-4.111017744144751,1.4960350198493302,-1.13027989620646,0.954546020720766
44.0,22.0,347.7055053710937,-2.7471321732603107,2.988025295589129,-4.945894575463647,-3.1741778751087595,-4.790091771836868,3.237741512686327,-1.5380849705983692,4.991144530316557,-2.0406737290057126,0.8681310003674199
44.0,22.0,302.16180419921875,-4.191321841332744,4.026360414566453,-4.09119489567717,-4.477402440436998,-3.54506548851392,1.4510023122620035,-0.2878301334287165,4.902138078724105,-0.3219799360481712,0.8518912621155703
44.0,22.0,2407.126708984375,-3.784155419061592,3.205914369143482,-4.816900886297925,-4.3301845466875015,0.3754806151026644,2.4365426153250667,0.9207653236493796,4.991556772637152,-3.312798817904502,2.423690581234597
44.0,22.0,3133.2294921875,-4.60090968605897,3.9709739862978193,-4.995487030068046,-0.7967547005275568,-2.547109276825497,4.360287869993684,2.343602860489444,2.9392995195647487,-2.1879616888292097,4.333308675807196
44.0,22.0,393.0683898925781,-2.5782282387338693,-1.3360709303129004,-4.780914525766661,-4.977194125777011,-4.546441544640076,3.613943369548606,-2.7502651096380646,4.351957910718813,-2.506560812900371,2.1312071189479864
44.0,22.0,336.0296630859375,-1.2626519404035328,1.0609524616759334,-4.641008487567173,-3.870380313745768,-4.424612097988967,3.949638756472325,0.1764392958865768,4.618700746420071,-2.751266630120175,1.4115140646595972
44.0,22.0,279.3065185546875,-1.315739624141992,0.0894135976305863,-4.557307725728515,-4.993949933762578,-2.453547775360793,1.73690795545415,-2.3576119805388,2.6318858289647062,-1.4423779791659768,1.6695916632124683
44.0,22.0,312.87078857421875,-3.711179647292846,-0.3303370087023776,-4.416650507752067,-2.2502252686363144,-4.349414876873255,1.380049804388496,-2.150147835500676,4.9959342500373385,-1.864448233884505,0.8899696166658222
44.0,22.0,344.3752136230469,-4.983051568022759,-0.0086354652100677,-4.954870459474128,-3.131554604433266,-3.966990256665573,4.3905195765125455,-2.103934619178367,3.77269668216212,-2.20181369801311,0.5557975041453522
44.0,22.0,294.6053466796875,-3.9786424313669992,-0.6527074065853853,-4.862498030520559,-4.356296956540715,-2.9860045618603577,1.6338047858921012,-2.065007386296933,2.86184836783246,-2.0105809738520053,2.404060974457119
44.0,22.0,2872.824462890625,-3.4275126785067864,1.910691516774276,-3.393418204133134,-0.7685291992911845,-4.833481950262715,2.7074516345367208,2.061617616991942,1.922976092548474,-1.285587779783544,4.560782806012435
44.0,22.0,276.9063720703125,-3.396139035496214,0.1995946890531748,-4.910153105591051,-3.74942419686466,-1.745334676009187,2.583714774625026,-1.246759430757591,4.221766791168255,-1.8009346144220872,1.9167419659741285
44.0,22.0,538.248779296875,-1.8266381372797893,-3.855611596925735,-4.912841417494001,-4.951354749715962,-4.86682511094683,4.806474679482808,0.4745312937480346,4.847391623214563,-1.404205826021574,3.050599313960374
44.0,22.0,357.762939453125,-4.424927720797776,3.063231010016402,-4.940234741763638,-4.98124027179272,-4.956130107553386,3.6541981910734513,-1.2538409653248306,4.895403399854736,-2.837112589745759,1.276166968936434
44.0,22.0,385.9973449707031,-3.670823050382683,-1.5012649348950688,-4.695370246521275,-4.430301196300719,-3.7054000963476574,3.0601939518377907,-0.886798709387211,4.020737237139354,-1.7427523043198103,4.822299725074391
44.0,22.0,1727.1173095703125,-0.5679275665930081,1.5038572615160533,-4.6183568150355,-4.165275912362585,-1.4833834322866069,-0.7969744446560831,1.716313088026742,4.337744010027757,-1.38978297000804,2.3522884206309405
44.0,22.0,355.67626953125,-1.3565655000223065,3.1738389869642045,-4.988874646420542,-2.627546672389493,-3.941341625265128,4.471435656262781,-2.192365269546671,2.054264591931717,-2.3859615417511497,1.3028007720351091
44.0,22.0,353.9666748046875,-4.239432121042263,3.880714535014544,-3.6116897198909568,-3.608471828643916,-3.753489680531951,2.277573022688813,-2.177671828782972,4.798721211678968,-0.7973045641890684,-0.4436128752924322
44.0,22.0,983.4383544921876,-3.834493230719095,3.6015712793790264,-4.980292530688119,-3.148392493342751,-2.149986103490817,0.9036974134431128,1.1778242695915804,4.926881049018824,-1.192494139679889,0.0230725965185429
44.0,22.0,846.897705078125,-2.9002832791860254,3.137501559426795,-4.940474851134913,-4.999433276476739,-1.8855889478842,2.3535879130446515,0.9254572498956666,4.497134740158375,-1.3191802644531254,4.168223090504643
44.0,22.0,2914.32421875,-0.2999380851787823,1.5776543102532194,-4.348912570648722,-3.9311591735565785,-3.066205500952016,2.695917875420177,2.2185986328504947,4.827794299158356,-1.3088237607491426,0.9519505262526176
44.0,22.0,362.6065673828125,-1.9267333816239869,1.7230784640070054,-4.868432417503872,-4.469586105493038,-4.67609706780282,-0.6413569938631634,-3.682504967589496,4.948342029683566,-2.4225997950675566,0.6018194168134556
44.0,22.0,319.1865234375,0.0414169894357794,2.417273788774189,-4.608588564930438,-3.42938467149568,-1.8156336471157328,4.716614152616627,-0.6737225169357428,4.670246667903779,-1.0625887718092026,-0.0153701868597009
44.0,22.0,1259.9561767578125,1.197567294967909,2.9742653090971816,-3.888653619194091,-4.639203699848726,-2.738344311660331,2.540361997298076,1.2763821349425548,4.269180996533136,-0.5136148253017607,-0.2273112027374235
44.0,22.0,398.6947326660156,-0.0351894353916506,-2.4135574356851643,-4.998021281830655,-4.983118177878955,-1.7958907076504236,1.5781534447783985,-2.5429557019162696,-0.6718367720010612,-1.4549440793473964,1.7540643538057503
44.0,22.0,360.55609130859375,-1.5211867053021777,0.1848848352779715,-4.94745833587078,-3.762483133242883,-1.5676233326450948,1.4936975683540332,-2.349493538842672,3.034592245299637,-2.188160506052629,3.056020963212028
44.0,22.0,373.78619384765625,-2.0237381500788745,-0.4479861179510731,-4.984700213228221,-4.717678469794356,-4.30737718333194,3.368059022351508,-0.7304890729955327,4.615722350653245,-3.6142217487190025,1.7722050641567622
44.0,22.0,323.88104248046875,-3.1115262623687787,4.097366842775774,-4.043937609670008,-3.672233987251423,-2.973988096740569,3.135122358400533,-0.1709888436752171,4.44507998118242,-3.6450748498897614,2.864811027933511
44.0,22.0,254.60055541992188,-4.886124756073652,1.1803211293689762,-4.836842443017554,-2.943860217622942,-3.919731174253464,1.1583265035065526,-0.5780933838582758,3.566959169170083,-1.7423245604335813,1.7731808518047254
44.0,22.0,408.2727966308594,-3.83088430655447,2.733017662455657,-4.745199701515721,-4.93212698740425,-4.98957155947384,2.152030691194621,-2.36596399301908,4.157110928462394,-3.329351535794891,4.059432681940216
44.0,22.0,264.12945556640625,-1.995065731596299,3.408703938308962,-4.743469332697751,-1.924532656890612,-2.988142170396542,3.1937283883593928,-1.1713799016987123,3.9986549151229607,-1.873692214462487,1.413158987694569
44.0,22.0,616.841552734375,1.6351495550176691,1.56527862646346,-4.137698111065625,-2.790049004050988,-4.726301629531961,2.860134412802425,-1.413986192955699,4.969389677645074,-1.4871475898136737,4.504218686545126
44.0,22.0,311.4373779296875,-4.95933437558552,1.1890052264121254,-4.998286597014539,-3.668067968358185,-4.214171614837387,2.2709234556573605,-1.9546442276974585,4.685993353021477,-1.7911389111716751,2.833872505376805
44.0,22.0,424.5353698730469,-4.515472450042894,3.5601413884381845,-3.8915838246805112,-1.926712777562417,-4.939197581799012,1.5885709667409644,-1.2245770528329754,3.3870090547733334,-3.018778835861881,3.778941237469299
44.0,22.0,1101.9049072265625,-1.3108103650473124,-0.6620414110235755,-4.9881378129013,-4.784304891256871,-2.577514621780241,4.973692190909512,1.2628743298737906,4.214105324389548,-1.2298601419237776,1.624574116014089
44.0,22.0,335.5792541503906,-4.744546498917906,3.163082500533685,-4.378391896874159,-4.970718805745235,-3.029426984714612,2.733459995232196,-1.7895873744260622,4.477393273088499,-2.079233250535591,2.137661299681919
44.0,22.0,1358.9149169921875,0.2865147439655437,1.0156456850307514,-4.762765884478308,-3.53100920565896,-4.313461665229938,4.863542642184576,1.4473556919093795,4.885517070887413,-2.060224980588764,2.2039948960097906
44.0,23.0,320.322998046875,-1.495539855398972,-0.803002390012387,-4.998225139420583,-4.781724303417092,-3.1388696785588848,1.7552184218301683,-2.137544125271921,4.976727868899598,-1.977968019493432,2.769772024689709
44.0,23.0,315.9031982421875,-3.6514972525365073,2.8879324230883885,-4.953506512074382,-4.627915385279311,-1.6312451469755462,3.44654803792046,-2.3632096085532552,4.241374183102524,-1.254516931982652,0.5557202849083565
44.0,23.0,335.69537353515625,-4.270204953883698,3.267534463510785,-4.883261663312959,-3.6017253937719658,-2.70642237314994,4.530753013891825,-1.138397007046347,4.824532928415019,-1.0387300000050432,3.8817585928965457
44.0,23.0,1237.5743408203125,-1.5947398988422377,4.961815021630317,-4.530212371271393,-0.931758174412188,-3.960186242283432,1.678392257624787,1.3255040945487746,4.4179100546445405,-1.5817572308829164,3.6447304789121127
44.0,23.0,1010.2877197265624,-3.341471085406745,2.96982326865462,-4.996829863327467,-3.5682000773596823,-0.3604531292112858,3.59970191328936,-0.3192760183202301,2.115926745989194,-1.6457366312356552,3.700923018541099
44.0,23.0,430.1307678222656,-1.2866073752061324,1.9878256262581704,-4.883078669798759,-4.452662376212085,-1.233090193361143,2.0629390535958265,-2.6531016924526423,4.537052626113102,-1.7506441313262582,0.538849176880488
44.0,23.0,624.6826171875,-4.746723815206773,3.670399627991616,-4.528414805424795,-4.980859102489531,-3.428260252169784,4.872547695682991,0.6988081001345847,4.975006902916819,-1.5376964317117707,1.6274207163217502
44.0,23.0,348.3026428222656,-4.815599691452421,2.274835572018656,-4.512627982039644,-4.882106006926757,-3.1107372104728195,1.111410952588006,-3.5779122202679585,4.957489795481473,-0.7724837220640319,0.0867996685917411
44.0,23.0,268.27227783203125,-1.8881672003660503,4.823507812633409,-4.302267584157551,-3.7085803255827967,-2.609551635170447,4.704773677378432,-0.0331844515693591,3.9512049792178594,-1.4498727391471808,1.0608931631342475
44.0,23.0,321.62811279296875,-0.4634606115034776,3.855671890901412,-4.994548917673955,-3.4325613738635097,-2.4195210746239404,4.423039117909415,-0.8080301616295449,4.714196102891428,-1.9291280434299232,-0.1701683986272426
44.0,23.0,266.1905517578125,-4.140352935122701,0.37090743521766,-3.984347117280631,-3.130702223035416,-1.819371235543992,2.2961989169015284,-0.1893845213222267,3.787740419308319,-1.185925343504577,1.2797633004330835
44.0,23.0,290.6025390625,-3.8433427704168017,4.834499318265472,-4.95096092964403,-4.979816082596715,-4.755000684591599,3.098555715810761,-0.7468957944357175,4.808548909910099,-1.4829271179657266,0.8650312411546217
44.0,23.0,322.5160522460937,-3.9478017222512176,-1.2765396037940553,-4.950995906103659,-4.498334080395217,-2.022971844949314,1.1822381602824903,-2.7806110616506627,4.15783987167432,-1.7872300855015109,0.2883717273039456
44.0,23.0,288.2476501464844,-4.917995772393109,1.1099126312981236,-4.755159787278753,-2.042444202024219,-2.103372200288751,1.9834198512999703,-0.5609496207328579,4.594005374213591,-1.9142771663335632,2.075480202931839
44.0,23.0,257.36651611328125,-2.077493125656509,0.522300503158398,-4.99565595792973,-3.768510068389968,-3.120557949088684,3.45043281772581,-1.2248014784076,4.918842252038681,-1.0968479755747729,1.5052385576081555
44.0,23.0,252.8404235839844,-2.4208578528369094,2.7767789866757484,-4.663183405148563,-3.053119439338563,-2.701971232105494,0.7126567056738615,-1.1927462878897117,4.825501546505484,-1.889547729054991,1.8063745767266115
44.0,23.0,263.131591796875,-0.9680577634777592,-0.7807413747912202,-4.341217506787562,-4.959689547033985,-3.961699030089973,-0.1361152153361029,-0.6067273429208822,4.9889168842524185,-1.2861748974159477,2.64617172878463
44.0,23.0,376.6990051269531,-2.7674670720786763,-0.1304140694365498,-4.888451992918292,-2.9429111088775595,-3.860997406514509,1.00947578947447,0.2698541820723381,3.893218126437789,-2.398694052256309,3.40414595081802
44.0,23.0,663.5250244140625,-3.8407947829872,2.933691188345924,-4.675525775318935,-4.744261997854016,-2.5195767873766,1.6797812114208703,-0.2013485446139293,-3.923791603125367,-1.0494614665661195,3.7690185181083553
44.0,23.0,380.8577270507813,-2.415635041456878,0.8034441829377741,-4.398301204277685,-4.604202377521691,-1.5496938015589323,0.927162654325203,-1.700526291349873,1.6112726700229638,-0.2680385251611108,2.1721778989652254
44.0,23.0,349.0307006835937,-2.222075597296545,0.931636174305499,-4.969541732413013,-4.74391800405678,-3.222689715467991,2.7255906628940263,-3.587715269278526,4.595286938224369,-1.138871747423846,3.089756004787024
44.0,23.0,562.8310546875,-1.0820302858248905,2.3999625084892937,-4.999524199648234,-4.957338820226785,-3.8064154866324658,2.7132741265827365,0.7747415163753857,4.917119948602576,-1.413107634375436,1.9089002261036017
44.0,23.0,274.41357421875,-1.4541667534784102,4.9704953601534445,-4.921701621140271,-3.6308852315153626,-2.738814548810792,1.9333042896947263,-0.5861657517744492,4.972031092545517,-0.9785394677279218,2.357608629771528
44.0,23.0,365.0759582519531,-3.9307139876647152,-1.592360529331894,-4.837013952834603,-4.53754695984384,-3.611221266862005,2.197446514569683,-3.616915182210349,4.265537935917273,-2.266318973031438,2.716759592317553
44.0,23.0,383.7088623046875,-4.792989731112081,1.296125074458585,-4.72360728169978,-3.4659412144413144,-4.978904582463486,2.854944708585614,-2.0117541229465896,4.8925756984633,-3.031984289998212,3.5476881498650563
44.0,23.0,681.80810546875,-3.2866915181346603,1.937512862731904,-4.900366896579249,-4.442445686611837,-2.375450143425727,2.567641325351289,-0.1995128111961763,4.975600501065561,0.2736834085635902,0.8881945199753352
44.0,23.0,371.2868347167969,-2.9847716004176865,4.984567133085861,-4.943329392719966,-4.738237124673529,-1.4508582109713948,4.493182798939118,-0.0256344759181459,4.59244105589117,-0.8766986954344338,2.2080862268229744
44.0,23.0,584.8984375,-0.3972236006953054,4.739859012698195,-4.702438500437103,-4.8816361166189095,-2.6180291097249206,3.2244112505812588,0.7192255873842868,4.217078706165228,-1.4310326040342298,1.6270245683464823
44.0,23.0,340.83746337890625,-4.987314963429044,3.8949019711989976,-4.846537181986266,-4.921169741795665,-4.801102735230018,1.6142229018228544,-1.312821452311738,4.989634968161571,-2.21625871142171,2.021567678327517
44.0,23.0,321.85418701171875,-4.492007158611374,-0.1767887940325216,-4.9047063204796135,-4.829998740670928,-3.1770896766248127,0.2545695764550526,-2.9495332874684648,3.401437151860252,-1.744329238874197,2.910032776925888
44.0,23.0,378.691650390625,-4.316486783912375,0.7872981470841403,-4.980065491871081,-3.1136751361323016,-1.4658818233007609,0.5594130159871344,-2.900803684000985,4.939237357901424,-1.5619500954440904,2.4033548855894216
44.0,23.0,241.48703002929688,-4.0571043765536166,2.786924460832445,-4.773522187861007,-4.895745616857157,-2.594429926146,4.029798627359,-1.5212533511681232,4.783982557697469,-0.3420573047983506,1.1829749273636816
44.0,23.0,340.9812316894531,-3.0906057668156928,2.991023286570912,-4.902993259137771,-3.3572831202176263,-2.878708308519387,4.963660721818568,-1.1306358228456297,4.228214385161236,-2.4332268441310365,2.5638134850089926
44.0,23.0,544.7108154296875,-2.428759456318357,4.932252639156511,-4.601586390402358,-1.7357419400070389,-1.1780142500558457,1.939046640915452,0.4047070802539103,2.2396217126485016,-1.3584511966053672,1.9117098293735584
44.0,23.0,563.3671875,-2.7356396622357755,-0.3816534327411105,-4.835527528315033,-3.422240116639967,-4.566119511248689,3.798905395877471,0.4767088388791158,4.916273201593519,-2.901317201917042,3.200859777937552
44.0,23.0,337.8081970214844,-4.333545466911506,0.2276804717233052,-4.962245472927353,-1.7089983331477177,-2.889658315548872,3.2944131960105043,-2.055449478884886,4.72719119516298,-2.416389350390664,2.445314918623965
44.0,23.0,319.4229431152344,-4.937998736030036,3.026513037901065,-4.767726096559532,-3.3957290786077703,-4.691617637534015,2.3087095404163493,-0.6759054346837159,4.999450685754656,-0.9472738160471436,0.6895939875274308
44.0,23.0,3374.05078125,-2.12352930725055,3.996304509132136,-4.926529781278815,-2.012642954285932,-2.346255375436219,4.50309737290338,2.592569961937656,4.9749055660917065,-2.327617351954723,2.98450778458834
44.0,23.0,402.72998046875,-3.186732993702467,-1.9601546055911576,-4.919694058322979,-4.817534524009636,-3.528391040747708,1.4942799559189908,-3.617690007785411,3.025588808908381,-2.1624296729894605,2.3921059062607988
44.0,23.0,317.4820556640625,-0.6629141765244455,-0.1918172119313546,-4.657288790605837,-4.98499614383559,-2.912599951324889,2.664649145611211,-1.2430010120158783,4.730327184270811,-2.367483157638855,2.859662712331029
44.0,23.0,538.8543090820312,-1.6649084853528475,1.593898787211165,-3.111342881050353,-4.112961686619884,-2.881067045632559,3.642219451190355,-2.8695155865784896,3.583825338090163,-2.941161955364303,3.012449077481272
44.0,23.0,538.3920288085938,-2.8455088402626303,4.677884571744821,-4.994826362750646,-3.468534437051,-0.9869847687492576,1.4196189640566068,0.3058737850980897,4.981564982523599,-0.3625553100514889,2.3119889965688856
44.0,23.0,310.0277709960937,-2.827509933092779,4.977415783297614,-4.992812776822197,-4.864468103919413,-3.852140035621473,2.819685599195698,-0.0251990191732218,4.315656183232425,-1.667307270354221,3.0910955717067488
44.0,23.0,341.358642578125,-1.3797960606766315,4.768527779218823,-4.96129186133158,-4.229063163601216,-3.490127735462651,3.500146757748313,-0.6731473813260989,2.576889159598954,-2.051866754460632,0.3075644608490364
44.0,23.0,257.57391357421875,-4.795584844508283,0.9105103255586896,-4.587989561991489,-4.95922881846858,-2.0102530335874995,1.5876855532842713,-1.080024497048079,4.815158090442894,-2.156483604603778,1.0535122024037316
44.0,23.0,326.27197265625,-4.552620360250696,2.362078545613823,-4.910766045205368,-3.2632020708263547,-3.5448463760865385,2.98484088154636,-2.62820457977464,4.975708190946067,-0.9033443803816938,1.8549535363231755
44.0,23.0,251.6591796875,-4.80171886483558,4.281893119849215,-4.926593817672307,-2.454596630618818,-3.2710102504697183,4.037835901860303,-0.2116609268008398,4.334735699676479,-0.4592255007524679,2.5897157177546664
44.0,23.0,368.720947265625,-2.639483314191136,0.1595415307189229,-4.855726748353239,-1.978199813694616,-1.5702807812629658,3.20850778214294,-2.0788189254272926,4.745592644513026,-0.2018658141714642,0.3740645331237502
44.0,23.0,431.1805725097656,-4.625939407341949,-2.4046656534565765,-4.801390497800755,-0.8422134049943688,-4.996794808328458,4.378663202705283,-4.228263923237791,4.655709851177505,-1.5526039912413117,1.4849269554960325
44.0,23.0,804.109619140625,-3.246049758508308,0.361462469851455,-4.970667837521097,0.8215741595399395,-0.8220256168289293,2.8959142697645843,0.2835997942387376,4.905437647674411,-2.625194422612706,3.247488063631458
44.0,24.0,2411.833984375,-2.794185662107756,2.397501443336159,-3.788815947632952,-3.27963689145394,-2.077784037579869,2.5030045472130924,1.9771885681520656,4.166139428635947,-0.3026605781492844,1.7677478010847612
44.0,24.0,237.3289794921875,-2.9001770222394514,1.854078573586736,-4.035633626488545,-4.186707244907238,-2.406585220894372,1.9771753888660468,-0.2355154971257311,4.756318586068167,-0.5663258209543436,2.421980592477219
44.0,24.0,585.7575073242188,-4.541985350966618,1.891825603503742,-4.121465688539346,-0.7813215872530783,-3.1228965476386112,0.8997151046979237,0.683945305208626,4.81686495030587,-0.9689731334050826,3.523775233042411
44.0,24.0,267.2746276855469,-4.080288249721342,4.648389504542848,-4.898799458754783,-3.338164277189785,-4.062583080429314,1.2642741445099457,-0.3404254429998188,3.9232779425342414,-0.5448197035798277,1.7316103972835837
44.0,24.0,491.53619384765625,-3.90329105669828,2.99430341886694,-4.976180770172117,-3.291287069806246,-1.3887602121834508,4.09255148916113,0.3502402738770094,4.818796689946424,-0.2528221493861924,3.0192067766575565
44.0,24.0,262.8548278808594,-2.6020104101598074,1.995947525326908,-4.996543367322029,-3.6792619225982697,-3.0112585565887224,1.8062824207114208,-1.8377798800233889,3.46831479981978,-0.9607253413062864,1.768339257520597
44.0,24.0,262.30303955078125,-4.014994003723797,3.599735525681055,-4.52518621996429,-2.8066790860776614,-2.6352483793158603,1.2681218994052736,-0.1726271886386463,4.659212284249946,-1.7496088332755502,3.258412272859289
44.0,24.0,307.60711669921875,-2.785632510572143,3.5695381746082955,-4.8589496562728645,-3.1841905642785493,-4.065825583406563,0.9553898089106748,-2.3409277447772894,4.989762649322497,-1.400912787456961,0.936001861871306
44.0,24.0,278.2847900390625,-3.347999337158503,2.6094523520471906,-4.425071798412876,-4.034887139307789,-3.6887122420181617,2.321220733234793,-1.976281154779448,4.944168376764816,-0.7488631141742088,1.1629498574680834
44.0,24.0,950.6141357421876,-4.894085006211447,2.3304668855849577,-4.205912394731891,-3.5854024744222985,-2.1093935217099142,0.5907254343124606,1.0452589446825993,2.354180807466836,-2.163111298960993,0.950947196622394
44.0,24.0,653.22607421875,-1.0475093269193838,-0.0967317156582101,-4.866568076933252,-3.157866286661714,-2.515095899020398,4.666869336640451,0.8622367530830051,2.294153472484089,-0.9517139543349762,1.4377029108682642
44.0,24.0,393.38861083984375,-4.080992763533671,-0.3782638545809842,-4.997406678000686,-4.591114416837903,-3.682876432438648,2.1137401575444423,-2.979837099477127,4.853459793019772,-2.8246447648784145,3.492183228152556
44.0,24.0,3628.8857421875,-4.804917181406885,3.975428082005626,-4.999037365464916,-4.910462748223469,-0.3972388619269491,1.1634697554908993,2.378935060721832,4.544377596277686,-1.0367897737935587,2.249899987966949
44.0,24.0,418.4094848632813,-4.733825679671583,1.5377446564709674,-4.9642274523291645,-2.739969492778589,-1.357219452287545,2.5516500874867374,-1.920466004657112,4.802725966453757,-1.6531807208426814,3.432764402227745
44.0,24.0,321.7473449707031,-1.1474079703442124,0.0925118557774107,-4.729302629444532,-2.180134026738703,-2.6873038541007093,-1.1710687013674304,-1.77879063203352,4.589976183950304,-2.462306110158244,1.9931863992426369
44.0,24.0,299.00927734375,-1.5953635500251426,2.977066299043801,-4.987363236732662,-2.774434952526514,-4.218526106379984,2.926600298742265,-0.7633981083980661,4.94547841206569,-1.3221776729403103,1.7027599857523104
44.0,24.0,998.200927734375,-0.6113079241778694,3.2340556711180817,-4.995963471629278,-4.069914000794478,-3.748788500983739,0.7848112094671738,1.0281584702346986,4.949015894242008,-0.2085823402887889,3.381404073570877
44.0,24.0,738.74853515625,-3.241950671719509,3.3124482491459784,-3.882359298452279,-4.422914466846204,-1.180382370511536,3.819418158175802,0.7147427783461975,4.44578074341219,-0.8452644288412037,0.5151699616129797
44.0,24.0,276.6156005859375,-0.4186026853802289,3.587615990805986,-4.797364651031775,-2.8903043118240817,-2.1362417649994963,2.335082772213568,-3.030413499846314,2.7825766754430825,-0.95607861204933,2.661268495312425
44.0,24.0,295.3974609375,-2.93832994932146,1.950530370522011,-4.998751685300435,-0.3739947974361612,-4.316807423358068,4.844206252419127,-1.1017145219185642,3.47736114005018,-1.2046523839992855,1.6314601612992288
44.0,24.0,334.0878295898437,-4.995491691436651,1.1169814779410672,-4.888697813033805,-4.561821937153992,-2.218889225029113,2.877204359414751,0.1607780156069038,4.928903685039163,-2.280618939656737,1.1123361710251825
44.0,24.0,1538.9488525390625,-2.9319189220093507,4.840139800474054,-4.99999109972255,-4.119653291263377,-3.663880848443972,2.2082610146684427,1.6096796670695015,4.81979112801395,-2.022732220729897,-0.032318426743032
44.0,24.0,301.79693603515625,-1.5266522093763069,2.429408281766987,-4.378212142339195,-4.550320695368766,-1.810708738873524,2.164520249629006,-2.8530334428139192,4.592871329064794,-1.17519363080185,0.1276230389573296
44.0,24.0,290.03973388671875,-2.2732939239503107,3.1601533296378896,-4.963618903585232,-4.999175321926856,-3.384325564688281,3.587735994304113,-0.7832828957392826,2.931881777764099,-1.4584359042909956,1.6305115802717696
44.0,24.0,1026.455322265625,-4.824029902671474,4.531416034804341,-4.720515106166608,-2.0954369614237685,-4.851289701718655,1.7176441020749875,1.2115102606430828,4.352069582369465,-0.7183661005822097,1.7716811247388105
44.0,24.0,322.1488037109375,-3.7832605071168937,1.0714071789217892,-4.935623604677042,-4.661443882121926,-4.078726857985126,3.924221929520444,-2.402312830154628,4.259948998180519,-1.2075388542343417,2.1485151526554063
44.0,24.0,925.9388427734376,-2.0790903711584283,-2.0094161487712032,-4.909108076084186,-4.994689216687292,-2.7132272251927576,2.6822176244031573,1.048948916582793,4.645706189985251,-1.1737240949406311,1.0889884375130334
44.0,24.0,323.2508544921875,-4.224523190933354,1.1648280501760002,-4.835892699637414,-3.6755564174013418,-2.305582236249364,0.3474230677623353,-3.21123434594485,3.743413070997154,-1.5761585464786083,2.5860818556167464
44.0,24.0,329.087890625,-2.412775496864199,3.4287687155603024,-4.982639574920846,-4.994176787739756,-2.3538025233048483,3.546258896193919,-2.291280989495084,3.662756871958672,-2.5197041395533475,2.4658618599768323
44.0,24.0,310.6972961425781,-4.105070439812324,1.0370793258359168,-4.81273272965953,-4.617942405027314,-3.3558113469561643,4.205566177479904,-1.342091701012648,4.925101353771881,-0.7787328566517369,3.237965286224121
44.0,24.0,308.8661193847656,-3.160833034080775,-0.4071600410784395,-4.809944950336953,-3.0412621796900146,-4.090200356041977,2.080173250257996,-2.1661592309716307,3.5679234251268994,-2.539924475125113,1.0098270220594785
44.0,24.0,295.5557861328125,-2.7508977060922986,0.041985365091044,-4.93727040314223,-4.850156822255746,-3.219470960236175,1.822350629934208,-1.5398886618667214,4.925728825427258,-2.7955910063353024,1.4751228360968929
44.0,24.0,294.5758361816406,-4.974328744393386,3.372175783701513,-4.995835853835853,-4.995384842114335,-3.735195355083855,2.568966097864144,-1.2972655811937752,4.551905201190053,-1.217407859377002,-0.0386306893384684
44.0,24.0,334.4584045410156,-1.5874732574300623,2.490528925044665,-4.88219912528473,-2.600084647158964,-2.310132700062741,3.661482802724682,-2.2369557882089475,4.193953673458134,-1.5462654069403396,2.9263523453114324
44.0,24.0,264.31719970703125,-1.036941824501878,3.940808102497192,-4.958911075597897,-4.137568222674738,-3.8349600844258167,4.2019523427361065,-0.7491013027047995,4.0362069293794285,-1.7370140741478974,1.3757380004640485
44.0,24.0,227.09385681152344,-4.696133031959057,0.8255287537053233,-4.989234700844832,-2.230835350287617,-3.790699041069169,2.874714947151752,-1.1724112892917744,4.319634937490177,-1.4744149565490638,1.6231492978461892
44.0,24.0,360.3594970703125,-3.3131420990107765,1.1073165555118312,-4.877394050340794,-4.63877331892324,-1.439385802491132,4.017032037880135,-2.861757697876328,4.994870905346748,-1.0327250560427863,0.9768133734837772
44.0,24.0,308.945068359375,-3.498451258556574,3.839427672236337,-4.959446871897813,-2.906017095882344,-2.821112189799787,3.126112542064689,0.0116629713402627,4.310190986289145,-2.45181118986624,1.5240244746025509
44.0,24.0,285.7998046875,-3.507733569613603,2.6970752233493336,-4.97993997160249,-4.048528044774974,-2.610483411019865,1.8173277069901903,-1.484263658710692,3.259345866714785,-1.1560149036029004,3.9729302649646048
44.0,24.0,260.33135986328125,-3.0117864597263555,0.0849717297077203,-4.982361552323358,-4.295828898828733,-2.3168114882272883,2.806078479685695,-1.5057436063140015,4.869184912229306,-1.1873843004771172,3.1889153260523777
44.0,24.0,307.4433288574219,-1.015403358257453,2.2471837918355497,-4.688567386515539,-4.627049632958686,-3.489031915791654,3.1020240200115765,-2.0246103927716246,4.719901869421182,-1.9932951784861304,2.745506859164662
44.0,24.0,1525.421142578125,-1.994851154524226,4.996118448814988,-4.286643719838302,-2.944191122648764,-2.88414833021114,0.7411263511643416,-0.1911641146823299,4.106669898470457,0.8663849729274444,2.9236118602045007
44.0,24.0,335.57763671875,-2.3164412639016523,2.1442723859178594,-4.9556975016698726,-4.206208035115109,-4.120790744100428,1.747189304298688,-2.9817288496715326,4.995928493719839,-2.530708970742262,1.5115026451835032
44.0,24.0,1189.0023193359375,-4.979225459223219,1.232710092134521,-4.894158423504499,-1.2070315556497837,-1.844640880772684,0.4631561155596353,1.2801143553956518,4.999629016780339,-0.6815022249131522,3.977002691352656
44.0,24.0,304.9860534667969,-4.2010020152819525,1.7841036177677694,-4.956806244166823,-4.654572188308516,-3.5515207750198337,3.5240311997416622,-1.2459098072684465,4.727155627207042,-1.3307379627358509,1.691992274492291
44.0,24.0,297.4384155273437,-1.3432101236354104,4.901229361791362,-4.951739863988355,-2.073992813170941,-2.8274781251421914,2.160713713381844,-2.013828286602365,4.849723522817383,-1.63943105309641,0.3377312428531374
44.0,24.0,334.7647399902344,-3.689861449982991,1.912794367225925,-3.8497009762984655,-4.64358014766944,-3.780823776986848,-0.4042941017643562,-2.877532614736653,4.647854942307131,-2.2498895487408395,1.2253798303665595
44.0,24.0,302.5148620605469,-4.819552322282703,1.0393565073109334,-4.332647604651927,-3.5748156026550704,-4.572171329876771,1.0446105554061935,-2.3159136002539107,4.675754873696231,-0.4964978647381048,1.1877527016907423
44.0,24.0,1087.761474609375,-2.8179075005750494,2.171012769121919,-4.807254085179837,-4.954044122118965,-3.174716990369224,0.9221133304059724,1.2632510426353445,3.507837239860637,-1.3927738114756254,2.389934606274693
44.0,24.0,361.4656372070313,-3.5362423552076145,-1.8331558387184312,-4.795805945515335,-4.900321302805367,-1.6011855502033585,2.095712466510765,-3.0316121703061927,4.784387508877119,-1.8260642144116,1.987497539177592
44.0,25.0,271.5999450683594,-2.254323769439776,2.053796206551511,-4.977771224892379,-2.1078256012120224,-3.055949604834977,3.768094134739029,-0.3967435394139649,4.9667925571690965,-1.2789557912246696,1.871067952650379
44.0,25.0,259.8187561035156,-1.0839853405045607,3.4633203280066294,-4.986721465017227,-4.7155726870229255,-3.541893156753912,4.351815609488424,-0.1586360504362485,4.9094923186164205,-0.7879883341404925,1.5689864051584168
44.0,25.0,327.4267578125,-3.073315154801072,2.9433699312043258,-4.985335810505897,-4.743133526800113,-4.169686950538741,1.737814271311194,-3.144904794755311,4.92518815710687,-1.516323402994483,0.2944815503110112
44.0,25.0,297.852294921875,-0.3639801750391163,3.756197295649111,-4.985347187068409,-4.843892014614784,-3.2039176757316614,4.327525850615372,-0.3062360467453775,4.985109003686572,-0.7666215594163726,1.2126522150205288
44.0,25.0,321.96759033203125,-1.8722770813489973,3.045098546483869,-4.600327709805216,-4.102136882448059,-3.532600063941001,2.955117547246547,-3.068225558280455,4.650761968419191,-1.982894360768603,1.278331641269352
44.0,25.0,293.3421630859375,-3.487569764258114,0.8075865823958939,-4.947128253613113,-3.9594739974556594,-3.032916084293346,1.3194086320661995,-2.3729992794505823,4.994386107207742,-0.3213576765038777,1.7981865770282113
44.0,25.0,275.2221069335937,-2.5372861804159226,3.835771395151646,-4.943649785287926,-4.603039228011463,-2.9718950293684387,2.889116548047456,-1.253828115944795,4.3974449388648935,-1.9492194098104032,1.7028083170084385
44.0,25.0,288.1437072753906,-1.6733767322471365,-1.1231612453751545,-4.925694375193453,-4.739154792373787,-2.283537875285964,1.2093784325914578,-1.5056701612932717,4.885616300602472,-1.1695575735451138,2.114736785541236
44.0,25.0,304.0489196777344,-0.599216073026061,2.6964397826132025,-4.9903174969464,-3.669394662625252,-4.000507676985555,1.5673396528459185,-1.6727381934695416,2.212066600195385,-1.6683918909527675,2.4041247336690086
44.0,25.0,305.1390380859375,-1.4799858619429624,1.7658415657625053,-4.643466325284834,-3.3413535827194507,-3.595012747648677,2.73017239530042,-0.9747507325709072,4.944794967919998,-0.3886847398833826,1.1511322986923511
44.0,25.0,322.7105712890625,-2.544982414280622,3.9385682450786654,-4.777098172471211,-4.998713000265915,-3.4132439234602785,2.5389971827470355,-1.913226786518274,4.944955016322206,-1.7209124405303444,0.3010198415256093
44.0,25.0,572.86962890625,-3.688949203531225,4.480358667553034,-4.233848028375623,-4.982565188921744,-2.9657614077221703,2.471918883162121,0.7293309063419562,4.99942201753521,-0.7347130351576308,1.493564333547912
44.0,25.0,287.6274108886719,-4.208597836216018,1.0405916281216865,-4.943656871631171,-2.2261517599527503,-3.752163771131461,1.9843965526744825,-1.3100583925216842,4.827490166725818,-1.3810128423825008,3.220860032356189
44.0,25.0,284.3714599609375,-3.2612095059425577,3.3587244028294965,-4.682530611915985,-4.048752865606132,-2.767028231979779,3.24888938879916,-0.0054344536641215,4.807680095122098,-0.6732945893227082,0.0666202159849564
44.0,25.0,322.018798828125,-3.6453517772192825,1.8062957205297048,-4.877296584002057,-4.316067494984996,-1.3890069422372662,1.6401581363197968,-1.34465398067676,4.757877771685662,-1.534061032443948,1.5956015551557554
44.0,25.0,304.4451599121094,-2.504814261439705,3.0353760383270814,-4.973332942321639,-4.774263017265369,-3.3879947863708497,3.5906734468892605,-2.4970197363662554,4.775518309327971,-0.4661032684536295,1.1233682842897483
44.0,25.0,332.50494384765625,-2.6979851049357344,4.646872942951978,-4.47090988570775,-4.641358538691546,-3.4766823732195054,3.909446332775824,-0.478669451758746,4.599988386253353,-1.914612466956544,1.4792474341736632
44.0,25.0,366.9863586425781,-0.998859765668759,3.897263295730072,-4.91826906076734,-3.1464027913356163,-3.1040493720594142,2.2358922142660296,-1.5445165338506817,4.3154692061684194,0.0115659677647954,2.332053177588814
44.0,25.0,557.9988403320312,-2.348338359140836,3.3888352499853696,-4.984148255036235,-4.928248324285167,-2.556950582671897,4.62460850004539,0.7261529462778737,4.337626538897458,-0.8492290885397038,2.417980013815323
44.0,25.0,239.00491333007807,-2.2369359236339434,1.8318269234801845,-4.7485073718189845,-4.991128356271561,-2.503599351874673,4.501946580235835,-1.754755395430739,4.365318002555679,-0.8088195448380304,2.242026754306721
44.0,25.0,347.82159423828125,-0.7249956562922026,3.750784007957158,-4.643101996572253,-4.964246004210922,-3.5735714526780145,3.509756571981848,-0.7369176331736762,4.973688904588688,-1.686839308284021,3.090176891724038
44.0,25.0,271.5374755859375,-2.0039756859060764,0.5387473867318517,-4.674123664484648,-4.958986328134432,-4.874131808399852,2.4149213777985707,-0.6281480947928131,4.399368997781664,-1.877483979709643,3.059126215085543
44.0,25.0,355.4161682128906,-1.8700479222414828,0.1086028902464182,-4.652318156175109,-4.931251072561084,-4.316572333810552,1.8004681200321446,-2.193085490375747,4.991418907025672,-1.909669242314258,4.067809737874196
44.0,25.0,262.5233764648437,-3.8961492861441984,2.517089507801873,-4.755796419727387,-3.612600233379422,-2.894881914240082,2.799208936163141,-1.9232654689182027,4.533764685061177,-1.273220251337964,1.93470833247824
44.0,25.0,309.6917724609375,-2.630389855294136,4.705979382266747,-4.985663397170138,-3.007787868078858,-2.858263058230768,3.818223755862212,-2.0687094324708384,4.922341915616727,-1.535406215053393,0.8788435318439349
44.0,25.0,467.0704345703125,-4.799647035526649,2.687209770001239,-4.915640646659117,-4.870005797663677,-2.868492747212537,2.452151367094681,0.5626574547291359,4.405128267285843,-1.7017945855055494,1.5367108086699233
44.0,25.0,317.9232788085937,-3.5074408872629697,0.4022108010672873,-4.986637201258742,-4.851959076425313,-2.7493564851468686,0.7140619750472794,-0.3198024918590736,4.545461299173532,-1.612666423049153,2.6618546512496657
44.0,25.0,308.5979309082031,-3.4314951770039404,3.221551747844213,-4.755222171907272,-3.6753791866712353,-3.670059412818505,0.955601026827761,-3.1711400181554072,4.994169410021881,-1.4563374069901167,1.9380159534826025
44.0,25.0,297.1514587402344,-2.1058831540231706,3.3674838440370234,-4.005275339702618,-4.445570970812151,-3.942927035417872,2.851400420112194,-0.0713054989329622,4.994457780279172,-1.648178497629777,2.087101617390717
44.0,25.0,295.0321960449219,-3.665688423926369,4.352453162814523,-4.912697021141662,-4.730171109419903,-3.904221829009523,2.9674115672296244,-1.8503984328539245,4.634942364599088,-1.327610137153019,1.716226096949126
44.0,25.0,264.72393798828125,-2.7102851387549736,0.6662947872386944,-4.811761060255345,-4.86569504903955,-4.005191143789902,2.3340518601601428,-1.2240980324153936,4.538672123479298,-1.182200250011328,0.7198305215080509
44.0,25.0,305.50811767578125,-4.996435420308799,-0.1902170002290013,-4.908534801575032,-2.8093332044220976,-3.9293320148758815,3.79214604892414,-0.4365381137806023,4.68766654028483,-1.5676320772479406,1.7397340461048714
44.0,25.0,597.0572509765625,-4.683429267834898,-0.1933841806313481,-4.861710399721724,-4.455881610372437,-3.1007575881773493,0.8064347859962187,0.8247088930409374,4.771433664715543,-1.639300669757235,2.016171978018888
44.0,25.0,346.9901733398437,-3.4537015778877955,-0.413787194301852,-4.897044630625251,-2.2778210952239912,-2.337871869318981,4.134487521660335,-1.6642874510518717,4.77580054359594,-1.0189520120151534,3.917395907683165
44.0,25.0,371.7423095703125,-4.254313808738738,4.845842110976349,-4.434284498779987,-4.466820944068559,-3.5225757226130034,2.736916541984211,-0.2924556149377117,4.940497953432363,-0.7186996249777069,3.3795713433170054
44.0,25.0,281.8835754394531,-4.663668266168949,2.1164858395118493,-4.7378700978322925,-4.92422506786942,-2.1473735949492987,0.7871669988147048,-1.3084550663894283,4.921024920560999,-1.174759756180983,3.077185535105261
44.0,25.0,339.66876220703125,-3.950861156765305,1.6421573709271522,-4.999414508155097,-0.3358284054477582,-2.429249059855487,2.417582313972142,0.3671091122298549,4.666147415474299,-1.2527926634394282,1.989998136561014
44.0,25.0,292.6726379394531,-1.9872556328115305,3.1978607528971423,-4.976762650696878,-2.89716775115212,-4.249733279436817,1.619027202948578,-0.999911975847958,4.169698489641554,-2.2022647295951026,2.6736802579604726
44.0,25.0,337.3436279296875,-4.871064014065976,0.5181739303796356,-4.9942671686376405,-4.6207860429579535,-4.20210899801661,1.598145736336325,-0.6122790539728848,3.491776675380029,-2.0171946798971376,2.783737688324239
44.0,25.0,314.791015625,-4.304855065733337,4.667379371623916,-4.957932825389248,-4.855104814699208,-3.145310472818465,3.050103929623578,-2.7232646005378163,4.78685386848097,-1.6054416005760055,0.9092997800901256
44.0,25.0,310.6272888183594,-4.288503246803302,1.748237518236026,-4.946024707863113,-3.779199745991449,-4.415019343398169,4.335652928269241,-1.2693496204823689,4.876192291390591,-1.801872236584881,2.1687356293983227
44.0,25.0,242.5662841796875,-2.360407989406253,4.299669702684556,-4.970036288895099,-4.657619696442181,-2.389635603378473,2.381054887385905,-0.5979866223094268,4.55223716015089,-1.351159629335037,1.6222661949008277
44.0,25.0,374.50970458984375,0.1280708371436016,4.7993696723244526,-4.985443766418152,-3.7681669773486246,-2.9953701886588417,1.881179827388548,-0.8084705543081148,4.9316738427605,-0.1102116071617445,3.0508425946159328
44.0,25.0,242.4226837158203,-3.615879975433991,0.8387264549248306,-4.297910330491201,-4.380466224824797,-4.134137794380406,1.3440921534860468,-1.3782958391250109,3.5748245982688776,-1.1936058913075058,0.4315956524690056
44.0,25.0,380.477294921875,-2.6223476766899143,1.3508141965270202,-4.968772529103566,-4.04080587071536,-2.6661918041496424,4.059213714409372,-4.522033161976857,4.482783485205044,-1.0707539176505,2.467815176938112
44.0,25.0,350.1517944335937,-1.422432060461328,2.326366432540476,-4.895286758340052,-4.944790771428283,-1.8660847778729843,1.6300174428745882,-2.7454821650135908,1.2393251922144692,-0.9267384973170952,0.8638244678490468
44.0,25.0,289.0190124511719,-2.985149957779979,0.7628517164502311,-4.96855885234235,-4.953040744280575,-3.3737977445641105,1.8125315085927085,-2.397370384859583,4.912745200394532,-1.1032848961680313,3.469804771182787
44.0,25.0,1217.1815185546875,-2.346437937273857,3.69385431567221,-4.978187706798932,-4.552703542376238,-0.0581234539608965,0.9913127378628196,0.2707301745082606,3.513575309265084,-0.5799010335210673,2.853774696494975
44.0,25.0,925.5726318359376,-4.481679600493169,1.8064275866755777,-4.916882204249954,-1.7917759085606535,-3.3749478180124206,3.576698931326103,0.9926684196944376,4.925607487481399,-1.5951710294481103,1.585710386662571
44.0,25.0,287.9903564453125,-4.094023466576333,3.349464256931764,-4.955058773411547,-4.835294375492947,-2.6976684814314704,2.592337872190279,-0.942531909773928,4.356544578034715,-1.859517796794456,3.462287856883705
44.0,26.0,295.3568115234375,-4.979790547443348,-1.0117373001906542,-4.98960336953756,-2.7839884062396987,-3.788504350312892,3.4434326330262586,-2.1325904365106405,4.381764233002301,-0.9401290003175742,2.003926713111676
44.0,26.0,282.37567138671875,-3.665476474904844,1.937490578657864,-4.960566005189324,-2.7864146781311354,-4.0796315587977885,1.0364973213467763,-1.000232397329241,4.884613044487725,-1.2595741114534365,2.4217287201584945
44.0,26.0,295.455322265625,-1.5270812486306768,-0.1185321327487667,-4.952481052178081,-4.689626238647109,-4.430546947566947,2.1128711563977065,-2.473420198296317,4.914305779267313,-1.2909389623622365,1.7207228302021775
44.0,26.0,332.6914367675781,-4.647203175932908,1.704959040789774,-4.800744152069759,-3.269032180597039,-3.39674829743867,4.706422757740244,-0.9059445922977636,4.998380219255305,-1.4501095533364312,1.825145666344752
44.0,26.0,316.5816650390625,-1.3076659417950856,4.312874107079125,-4.975068883654678,-4.999735178940338,-1.6314362488087832,3.6347525300554224,-0.9896743048453178,4.940788681522893,-1.3940301979466896,3.0366408139715126
44.0,26.0,365.35296630859375,-4.663424608166585,2.349697176850687,-4.719506516930947,-4.533208602323247,-4.016286924423152,3.210718196998468,-0.3088193276420172,4.929519849683588,-0.720742208775139,3.540824958004073
44.0,26.0,296.6956481933594,-3.739872394957275,1.7163725171402202,-4.913148171196087,-3.412518957619428,-2.578759948209317,3.643688031309392,-1.172538696343182,4.373655575678118,-0.9419831934023276,2.368695527683585
44.0,26.0,262.2062683105469,-2.8057746454123134,4.545836982694036,-4.93846960220272,-4.890434309587847,-2.199777357338793,4.062618955229446,-0.4051749604142536,4.481026627735357,-0.7421778336266778,2.507835120731685
44.0,26.0,282.2431335449219,-0.5708351661881652,2.54834422223335,-4.9352063787074725,-3.553503661243578,-1.8993081075061435,1.898266175825059,-1.712011059413629,4.82661936599748,-1.5939523794034782,3.052115922705072
44.0,26.0,343.0834045410156,-4.9851516790062,1.4601701463243888,-4.940578249298962,-4.158027997821495,-1.504156636860658,0.7894012439291256,-0.897716325344132,4.570173377408878,-1.6845227456822045,2.0503142812929074
44.0,26.0,366.1207885742188,-3.85746849202585,4.145939059142217,-4.350736897936963,-3.2341291602068685,-3.532418319000084,4.077293826464013,0.3600923832583369,4.750465921738009,-0.7455890281588857,1.032408350779655
44.0,26.0,303.583984375,-2.6583009012089445,1.6375304720735206,-4.662680279555703,-4.788258756755881,-3.4251517706071897,3.22468597464086,0.0895275461370275,3.970382556103109,-1.1113624079528472,1.7581282165286467
44.0,26.0,273.677001953125,-2.21498147312655,4.639660500771463,-4.982488273504631,-4.957106245164238,-2.282727483306421,1.211216578215339,-2.1548353307562995,3.26711311380857,-1.3694349779523436,2.1836596020058447
44.0,26.0,338.6283569335937,-1.518266270726497,3.926890386686935,-4.988175933714984,-4.981063967385282,-1.5510160448418349,3.5897780837597075,-1.6114057774083568,4.63880093938482,-1.1054485156562874,1.7230096142668463
44.0,26.0,553.58935546875,-4.514719034225623,4.21590770982203,-4.7273782469751096,-3.427999324827831,-1.4279247076214423,1.7097868499931774,0.4705760303436452,4.902896218416354,-0.190252586113452,2.6778525882091664
44.0,26.0,301.97705078125,-4.17490377165638,3.3217268534763686,-4.7089615254339074,-3.9441803028390927,-3.392781535911241,2.605867673311547,-1.493059949699138,4.593704835996,-1.2492770849819852,1.465559120384755
44.0,26.0,355.82421875,-3.645615974823595,0.2941005052663827,-4.551090989620766,-4.563300401445421,-4.054211306773541,2.6737108249386594,-2.9105766934289568,4.82585523683715,-1.3585527011576506,0.9082495498253708
44.0,26.0,284.5612487792969,-4.378719647888728,0.3436224277844619,-4.942415914982533,-3.0080545154766467,-2.273348383149872,2.738696611327613,-0.9062450930424104,4.797052200910791,-1.168437109708817,2.610820586136525
44.0,26.0,308.2853698730469,-4.324172644595036,1.390647994051628,-4.865047692250536,-4.186854428576291,-4.182950356443661,3.2975202098002203,-1.8876043848759405,3.513312637902189,-1.4734790901843926,1.2729635732478268
44.0,26.0,291.0136108398437,-3.920237577228716,0.4543510208764045,-4.415937498284354,-3.877900532776114,-3.052973294485504,3.2104667653259487,-1.3375073218652882,4.999613289676258,-1.0851663835106349,1.3981150370941409
44.0,26.0,266.7210693359375,-1.4448294919178957,2.8875487493634955,-4.7645541361211725,-3.652740992238467,-2.919336197451796,1.5643100137256107,-0.3211623229060567,4.992797202238377,-0.7316289321766067,1.994737685582696
44.0,26.0,330.3040771484375,-4.24065402736368,-1.4432413783681843,-4.95176392869205,-4.271728603505261,-3.041610965411654,3.186944586941204,-0.7212013706624134,4.855271528973258,-1.5545523393196796,3.386890091180799
44.0,26.0,235.20431518554688,-1.0800034011808677,4.063340114662804,-4.777029319160708,-4.2775296256577775,-2.973454115817128,2.275229505329164,-0.5383665019839956,4.955681804330265,-1.27758543012418,2.2988386869110933
44.0,26.0,311.7810363769531,-2.544764920394204,1.454075898694046,-4.999736582149392,-4.7445365584721815,-4.086569534547101,1.41745185176001,-1.8369085990012264,4.809264310360067,-1.3621558415057504,1.4417655577910802
44.0,26.0,302.3326110839844,-3.266085816917849,1.4395264727751345,-4.907417695168661,-4.968376101626318,-3.340073507928436,3.4711298106814503,-1.0805325840267983,4.968525951212829,-1.0852283972482146,2.7561046712569484
44.0,26.0,354.9097595214844,-4.2451817658182,-0.5935274291737711,-4.928883004266244,-4.996382552747222,-4.31788511420488,2.217549259663178,-2.8237348745683355,4.9995677347050105,-2.428188520143533,1.2487140546619084
44.0,26.0,333.20733642578125,-2.4846101026039635,3.0429885382190243,-4.797179998252905,-4.92384583130568,-3.377424164041228,4.706455822123768,-0.8061753943739047,4.957797256931277,-1.0124538054445005,1.2132389040003826
44.0,26.0,283.009765625,-3.050257672403565,2.1152613861586547,-4.71020540213066,-3.97550503024428,-2.5879289860506085,3.3147020267911014,-0.7722245097862181,4.059657078000125,-1.3981999962743163,2.582080483525554
44.0,26.0,207.7653350830078,-2.95244050727855,2.090287632297695,-4.998230857930286,-4.9494301814446295,-2.486174535282008,2.036779839093068,-0.5958366345653392,4.8936764130727255,-0.7544643415888084,1.963677488118644
44.0,26.0,255.7578125,-2.8546095023373304,1.9153023419544324,-4.948353043191451,-3.85791398906765,-2.710114099955173,2.719156807840452,-0.4542605848043211,4.910039567788964,-0.9173097799004876,2.263400756220534
44.0,26.0,290.6619873046875,-2.925450902274279,4.522353820463302,-4.893584012772531,-3.707357473922893,-4.614750653719696,3.634606360113066,-0.8849805134772213,4.898568742975353,-0.5628992387451461,1.4855347929747769
44.0,26.0,260.7360534667969,-2.1500223977360777,2.7918603921855087,-4.887818092260679,-3.877497195738835,-4.471510860446528,1.6419969549680076,-0.297242225596559,4.851483915257283,-1.3617973415429638,0.2967916299828577
44.0,26.0,560.2969970703125,-4.998618718394627,2.683383542889696,-4.817871500889156,-2.3131307236165184,-3.2708547616696992,3.498047732239243,0.6406025900940655,4.973755312257351,-1.3180296936929583,1.592470705010555
44.0,26.0,270.3167724609375,-3.938043197274072,2.080214920612457,-4.7343576105364,-2.7561174045715737,-3.422158153906717,2.9944277721908,-0.4621524386869602,4.959405498997153,-0.3742166280118528,2.2372802977845208
44.0,26.0,247.9620056152344,-3.41837918545166,4.829337557374359,-4.774869861010638,-4.833891219030172,-3.0778020987902552,3.340380636320541,-0.6306610555082113,4.744868985682302,-0.7190211734942196,1.3113920966291257
44.0,26.0,323.7781677246094,-4.979779901265104,1.9380089798119784,-4.966529190285177,-1.2064045452099363,-4.286376482236666,4.05031617128753,-0.7454060801767968,4.21026384736164,-1.3806933005044535,1.882454577027476
44.0,26.0,319.97235107421875,-1.472948314683416,3.341959282796404,-4.568221670362726,-4.005700535909339,-3.0163186673721736,3.494690308509,-0.5323481440963915,4.998439710350906,-2.005774180979202,2.4244312221636566
44.0,26.0,258.22900390625,-1.3482184507440145,3.88615242917588,-4.990533730499279,-4.352708983625202,-2.4464985084021844,3.6249816245794406,-0.4604299563608238,4.714226259788745,-0.5586130907762445,1.5245653627314262
44.0,26.0,296.4954833984375,-2.825029025363728,1.7140505430516946,-4.83967489025001,-4.998201761606093,-2.886094283738156,2.8961969474185345,-0.4433576206131828,4.983487426621782,-0.6473660423372447,3.17544266322372
44.0,26.0,278.9091796875,-4.357103374300035,2.3018407004315344,-4.998026555840058,-3.75881074040545,-3.068985692174002,3.3751376669278894,-1.2633066396773565,4.93155722969307,-1.1439429690820186,1.7454388027571657
44.0,26.0,309.3226928710937,-2.295500502604584,2.475342312488793,-4.839827300140252,-2.690564197773053,-3.1310014920060514,2.28563151379491,-1.480920580396814,4.957982223246759,-1.6393332836114096,3.451181845575184
44.0,26.0,213.41876220703125,-3.1528564525952087,3.639001164597765,-4.915856302679923,-4.483994535489283,-3.791718234684573,2.0480041130298083,-1.5096369844087687,4.802452871812271,-0.5163709805692598,2.0084582599465017
44.0,26.0,293.1261291503906,-3.354271462904938,-0.5875887871774417,-4.970135066038666,-4.783516808111783,-2.9762915840049184,2.8608014891805205,-1.8431518424680835,4.005502315512988,-0.9962287861928356,1.7328358436438096
44.0,26.0,266.87237548828125,-4.860226938059648,2.7023523418942705,-4.873587696793449,-3.049774611060652,-3.534652940230412,3.2156113875480976,-1.0028207776434908,4.99302134901362,-1.4568919174915391,0.7774000555009986
44.0,26.0,383.100341796875,-3.296687045416356,-2.1117299394501248,-4.642940547510692,-3.2108207300094,-4.470880813650688,3.212106959190532,-2.206071113925241,3.2235482365825696,-1.6628576287030317,2.857046837566058
44.0,26.0,239.05905151367188,-3.867923890505733,3.71968556736711,-4.610662843248373,-3.859786938569735,-3.067144008949861,2.04419857395118,-0.5993067776475005,4.8224166711100285,-1.0111699748810947,1.9542523190390524
44.0,26.0,487.6370544433594,-3.1718601617815274,4.145471130715416,-4.9033717918365065,-4.7132204413920125,-1.116026536753382,3.2412059160948115,-0.9027052849334938,4.966734821639815,-0.7317419685473769,1.4577082465150113
44.0,26.0,356.4991455078125,-4.017154930976307,0.9531171676151526,-4.494051297039116,-4.717568768238509,-3.54850275048491,1.7017402163578763,-0.8113923243267003,4.897833498257109,-1.6248718413412453,3.3496151775047185
44.0,26.0,336.078369140625,-4.755377162117596,0.571497766269137,-4.9911130984226695,-3.969930952515165,-4.6762658381435065,2.9170387064744965,-2.301424092844146,4.881234122210543,-1.665103814729691,1.4082828271254009
44.0,26.0,718.771240234375,-4.161295325496298,3.88955760096268,-4.999924684963812,-3.840364438386168,-4.055549577860214,3.347730523514544,-1.8088445777989344,4.367238297411896,0.2849455951918784,0.9491879338184176
44.0,27.0,254.93719482421875,-3.76200914548958,4.120859449957639,-4.850142768734622,-4.916685441439292,-2.6852236761442523,1.850073226426705,0.1049047256035784,4.9039947748525226,-0.807602430201257,1.6898716358841217
44.0,27.0,737.767822265625,2.111858835896485,4.804369698508509,-4.999999673125767,-3.083745709919257,-2.901215340590855,3.06132604480403,-0.5278710874098111,4.037408476475367,-0.4925095783443804,1.075445106076243
44.0,27.0,407.4190979003906,-2.0885543734713337,4.096718454074887,-4.997304941425056,-4.964340356067394,-3.735964403105934,0.1003448575552656,0.4326510300989694,4.992934127572813,-1.6951715087454384,1.0884625967334838
44.0,27.0,1411.6068115234375,-4.269704211509768,3.247812000463004,-4.7847993906530935,-4.509594105437684,-2.425179091271896,3.220868305155948,1.547095014264257,4.814445619106886,-0.467206481854153,2.902603465237517
44.0,27.0,269.979736328125,-3.4755932139298027,3.8623076815106057,-4.8955853983744335,-4.937994181049395,-1.970413909587709,2.941599892678056,-0.9533859980279322,4.96232074916948,-1.3813193908244603,1.691431360980137
44.0,27.0,215.34097290039065,-0.9059996977341562,1.488125549684213,-4.647432006937644,-4.430271427078752,-3.078295320376074,2.188931924585251,-0.92057380778777,3.584391942461057,-0.7788880291449578,1.3230695001329762
44.0,27.0,253.1960906982422,-3.9028856144429738,1.3663672748666036,-4.938834347134451,-4.889867820994997,-2.585708130059884,2.0193193709497645,-2.439448924483909,4.792535659185976,-1.4189200564370696,1.9049272803914
44.0,27.0,241.2374267578125,-1.9801987384079296,4.505767777644349,-4.700713436808096,-4.470864259868374,-2.4204464342295244,2.6522357734675417,-1.9173403304851024,4.79821844674613,-1.0186229726135387,1.7116159188666824
44.0,27.0,304.9632568359375,-4.326823368843162,3.3436125864088044,-4.994479308452842,-4.047890047490547,-1.839362887941189,0.7715337526216723,-0.162021154684159,4.991753806069735,-0.3933131304710464,3.0130679293261355
44.0,27.0,335.1048583984375,-4.673223819091421,0.9720391712055134,-4.902452085690383,-1.654876579243667,-4.286824122648009,3.910739844789447,-3.4091940715222147,4.947984058608999,-1.986137296543216,1.6036381215301274
44.0,27.0,281.0694580078125,-2.9048305441990343,2.156776730764028,-4.994769659764436,-4.957309529563231,-3.8557321430157288,0.7608780621101454,-0.2554460321051142,4.979855875527997,-0.5681458543845563,2.839557941630507
44.0,27.0,260.4993896484375,-4.99983922134254,2.880666037166063,-4.546825052836473,-3.743287027808475,-3.839051290063384,3.187516260537548,-0.3259266261346276,4.82128813907744,-0.7771048992683474,1.292742528710474
44.0,27.0,314.3192443847656,-4.119346400188952,4.8918685466476735,-4.62087602598498,-4.814266836731983,-3.329181099916092,1.7761993044377746,0.0002896558447833,4.580056854565157,-1.047677956970794,0.2310177974870146
44.0,27.0,305.96417236328125,-3.9124899667024855,1.702290208108329,-4.720634903669352,-3.910442500574596,-2.964801155319064,3.8830029555798777,-0.6673825149282067,4.9820738033239,-1.4156997914524947,2.146826812290477
44.0,27.0,319.52166748046875,-4.573624605478362,0.3661638045027988,-4.960896859403178,-4.225805191688623,-3.592736713689677,0.8156681770350582,-2.8191531776120424,4.991846815108062,-1.834239027535084,1.7303735563364588
44.0,27.0,293.4017028808594,-2.4517437007516927,4.002529275961535,-4.965700025219681,-4.783247380250239,-1.4986419065635137,3.442717412171106,-0.1276037338533209,4.999646730284988,-0.4170390967755342,1.0134062431905733
44.0,27.0,266.55865478515625,-2.9061595111981906,3.173781534342522,-4.638320439000219,-3.825592196359602,-3.69161257808306,2.233305494268344,-0.6306457356292663,4.7332515276246525,-1.1885634635028297,2.717382053881609
44.0,27.0,266.1133728027344,-1.6261481915131974,4.383618333672642,-4.971820650037562,-3.819135714352084,-3.357207981240113,2.264300298872164,-1.4171707818421773,4.984571039784502,-0.4154701667956386,1.7146556256760253
44.0,27.0,332.3749084472656,-3.817223665379226,4.720096327454176,-4.178481155969289,-4.77780827289846,-3.587173381802859,1.9924391844269984,-0.0520100794068243,4.572247416565325,-0.8974811013892756,3.522877109355928
44.0,27.0,330.54010009765625,-1.519096950545535,2.423225108701724,-4.858901825696885,-4.586586233550636,-4.880137202618802,1.6478679397969511,-0.7066936326495155,4.998720329508975,-2.148884971123153,2.201903390592806
44.0,27.0,323.5170288085937,-2.779577388865904,3.863094114934992,-4.9997879703742925,-2.243681856657762,-1.6119366354496294,2.4981857527712856,-1.4116136378984976,3.1209955947000783,-0.2360039292925133,2.345198721536609
44.0,27.0,299.5577392578125,-3.6220149481941815,2.6933329294632955,-4.947143781591255,-2.342377738480584,-4.1744475425245415,4.416934050104947,-1.527566729480832,4.531723829710357,-0.8233892640103431,1.537435079678879
44.0,27.0,234.6595764160156,0.0283643222331075,4.973935084353512,-4.743634871109701,-2.813254264255888,-3.7136200252351297,1.087402436911331,-0.2177416910003309,4.750702311724119,-0.8026156749311628,1.9372757036403048
44.0,27.0,333.12432861328125,-3.671314429815002,2.4924204952711024,-4.9556168280032304,-4.141842384060691,-1.7778713636633925,4.359572665345738,-0.2737193395623656,4.728944300698322,-0.6755337133056711,2.809653114464153
44.0,27.0,277.4397277832031,-4.025489615524303,-0.3787933240683347,-4.464492248318431,-2.159408661183193,-1.916315194316394,1.4112632444201043,-2.353344062861187,4.309452520589577,-0.7496734114358974,2.5169228110814865
44.0,27.0,312.1821594238281,-4.468918871186912,1.7574680266683878,-4.376015575381684,-1.5741442930693212,-4.397672958807137,1.4525133384374165,0.0687823211055977,4.106014346781553,-1.5829074085690746,1.8417327230545928
44.0,27.0,300.7728271484375,-2.0606645174488483,4.611715124760977,-4.989405304606563,-4.625308171689527,-4.999718393389842,4.173495832271591,-0.2239054634630104,4.996188066888083,-2.16427882310346,0.6596970460197591
44.0,27.0,1204.32763671875,-2.1268469688963183,4.84625842490791,-4.855066910903891,-4.959432376504021,-2.581585267101242,3.598562987465648,1.3268044165271853,4.401778007024296,-0.1754111128465094,2.900688716521405
44.0,27.0,844.6513671875,-2.089366514542731,4.607238065458914,-4.952115349913437,-4.439692971165449,-3.4706167826312804,1.9456809606902408,0.9706590675327752,4.9488910719541135,-0.7449523921802008,3.4294411046760302
44.0,27.0,570.53515625,-2.9139288785144988,4.267650467899456,-4.994692759869288,-3.20971472325563,-2.596545634705758,2.368762288226824,-1.7319497740198662,4.997336621326081,0.1735680486605275,2.291686372376387
44.0,27.0,265.4386901855469,-2.329978868895568,1.3907761780602002,-4.7429722060717046,-3.723902682292017,-3.771598483025686,1.752196195550364,0.0885105138082327,4.3987820608934936,-0.5820451486517282,0.2728471378914694
44.0,27.0,290.3363342285156,-3.9272085309743145,1.935463278441501,-4.992202062645946,-3.471164046829041,-2.5251122975574973,2.459039858141182,0.2581538271553141,4.998929127810239,-0.3424057925439596,1.2764739970123395
44.0,27.0,271.1678466796875,-4.987346128655506,-0.7857422531051501,-4.69462848233319,-3.521933461712168,-4.87512460552434,1.769456629735191,-0.426820771248904,4.62129246566243,-1.132148999003189,1.6268831139122018
44.0,27.0,245.7973175048828,-1.034242525312648,2.412283387369669,-4.830143117487683,-4.997658225528724,-3.636941841372351,2.329053890151096,-2.326912816470579,4.298590022248126,-1.4839986904420015,2.6373690064018698
44.0,27.0,350.77020263671875,-4.7332078929050505,-0.6670589224307202,-4.942271072176878,-3.8295884039902113,-3.9778867158625353,3.3084071642389805,-1.7233981821509614,4.989028641884168,-2.653189667864509,0.8491463517850706
44.0,27.0,491.2147521972656,-4.158568561752883,-0.1914594038560739,-4.606529834315573,-4.945382428322461,-3.247360541169855,2.111031609967151,0.5589889953508536,4.057670444573656,-0.8473218779447205,2.610907317793661
44.0,27.0,315.46826171875,-3.4628359764047234,4.4076428155475735,-4.769112944030948,-2.8024798484456745,-2.842946393161952,3.5470837871941647,-0.0209154500457042,4.939309533791434,-0.617782822745184,1.8565213977310544
44.0,27.0,276.7078857421875,-3.956170498598988,-0.2057055068044144,-4.9607257938898925,-2.9282080354636464,-2.813395006133012,1.0966027910534146,-1.989660774394177,4.513740123124393,-0.8749367332712641,2.5395118910485177
44.0,27.0,563.3173828125,-3.259309180335495,2.3458818277145195,-4.918304047112024,-4.185558259310298,-1.9857175976303587,2.936503468362827,0.669247347529927,4.556067391444676,-0.183099073609231,1.939298435695756
44.0,27.0,336.7864685058594,-4.963275504447955,0.9295927025586704,-4.644559575727301,-1.5290387260100462,-4.315719660556005,1.564003431400387,-0.0373004613555592,3.347178543053208,-1.7159091889239215,2.407076597430453
44.0,27.0,297.5702514648437,-2.5048810175430907,-0.1453384313076533,-4.879031472633851,-4.658061474220691,-3.0572218810943275,3.2986436596990494,-2.186784745763052,4.8153131379642815,-1.853128781345566,2.44611142268822
44.0,27.0,207.54498291015625,-2.922871452680533,1.846345010086191,-4.913318191248094,-4.904114757740712,-2.594161272520921,2.4965533275397656,-1.3218660856535127,4.724157387037321,-0.868398014920456,1.6439548044196617
44.0,27.0,480.3733215332031,1.4552256603565257,2.4458737543699627,-4.881824865009843,-2.5734262537218324,-3.749213350330345,0.8874939057165419,-1.6899801370821763,4.953760858228726,-1.8352622197589168,2.013359533790208
44.0,27.0,322.833740234375,-2.3015104846520766,3.010348090852622,-4.725798713887764,-2.9044638869356505,-3.543739045739465,2.7293129494376984,-2.2182126396514183,4.963181576947143,-1.7256301358582178,1.1211633880971703
44.0,27.0,260.1234741210937,-4.819599534851544,2.5157360442570784,-4.931567690095872,-4.9671538216660185,-2.709455320893079,3.722306315824952,-0.5237253489972886,4.386413542584929,-2.3170680426410604,2.3219853226109777
44.0,27.0,297.8228454589844,-0.8580384332712319,4.961314722951423,-4.687643152182389,-4.070545488972111,-3.5281334878918003,2.1348842670517456,0.0707743799548037,4.98734415190599,-1.232409501734113,1.958142494269044
44.0,27.0,366.7752685546875,-3.318020268521133,3.155594339007335,-4.88611335547419,-4.655889039363736,-2.3728010496537486,1.864734194426268,0.3682754652735092,4.923561249767783,-0.92000490121574,1.479525358183338
44.0,27.0,250.5411376953125,-1.132710019672519,2.232580389021612,-4.316410851334817,-4.946008071231009,-2.265286275404872,2.4044844026281966,-1.9169266769712576,4.915026158118517,-1.089984792729707,1.685631967458515
44.0,27.0,932.14794921875,-3.773045528494441,4.801690300818173,-4.810585137790649,-3.755848830358064,-3.016366225157385,2.9970218883460253,1.093933265030529,4.989622174164969,-0.4989534488070593,1.3802100902885606
44.0,27.0,261.10577392578125,-0.858725898512942,3.1226167611840925,-4.363240875556064,-4.14747471625859,-3.789663249632592,1.7293638984960067,-1.3376339040340115,4.685574000455175,-1.8773239936246435,2.2294802578887687
44.0,28.0,219.11602783203125,-0.976347793921553,0.7902636148828188,-4.370701755419303,-4.878922140011232,-3.100563274957078,0.8557133351321875,-1.9901896918164903,3.977207585504464,-0.6139350994006074,0.9186986561997744
44.0,28.0,261.99981689453125,0.2680848179382709,4.950589004052127,-4.899258806413025,-4.752405679111533,-2.4398799224620085,2.9887600764080986,-0.4806667773037807,3.828136123935117,-1.031918965313008,2.35710975921907
44.0,28.0,304.56219482421875,-2.027362928419292,3.180184266056406,-4.111569917341235,-3.9349020219787016,-2.307040376624212,2.540122846045362,-0.0888182553945853,4.859347457432497,-0.1770630374201633,1.6781232605631755
44.0,28.0,291.68731689453125,-1.7803343250133263,2.61207035345974,-4.527400616724218,-4.813138082393719,-3.412413185780117,1.5966227709488967,-1.7000484483008238,3.94453421296482,-0.9075978687847456,1.7554991241373008
44.0,28.0,293.0301513671875,-1.5910744487904092,4.94991501865176,-4.778969617230128,-3.3698607963975435,-3.3491430976594287,2.97793215120346,-0.686791576791852,4.995521630796505,-0.9760659140808476,1.3412901739801182
44.0,28.0,263.4375305175781,-1.4105018871065078,2.663281096740641,-4.470956032066535,-1.5129904529154126,-2.924618514516662,2.073865463322438,-0.4775873703711131,3.524834811803185,-0.4466714366764872,1.835837861540308
44.0,28.0,540.5167846679688,-0.2022943998300208,2.703709047307928,-4.098273246225011,-4.215057813446691,-2.5628004657094188,4.096179744162628,-0.3541769957749299,4.276565492490361,0.1798054113143568,1.909891584205761
44.0,28.0,294.01123046875,-1.9068286182673573,0.4179986484737306,-4.767358131974204,-1.88761242955522,-3.2689220739043163,2.4061151915189347,-0.8503181729821927,4.753143399053592,-1.1954449191205905,2.81339801846888
44.0,28.0,299.5036315917969,-4.980908084124685,0.5921841070649876,-4.9094069474752855,-2.9403375865691794,-4.338653845886924,2.191837134842311,-1.3291878674899866,4.136560967682122,-2.143430664710555,1.3436061551814458
44.0,28.0,285.2430725097656,-1.073248177962196,3.88846491839856,-4.868092451855945,-4.962406451857047,-3.246738297525108,2.5740539291249886,-2.252974819659443,4.164551151943357,-1.5386155042051346,1.102517936999206
44.0,28.0,282.53033447265625,-1.5689397996150758,4.446584054754377,-4.462570394556019,-4.561293530431335,-3.0866787224310945,1.887206984704976,-1.6688911427508355,4.999827512932521,-1.2926942971251345,2.4841376392631584
44.0,28.0,335.45806884765625,-3.510407915649904,2.198925598149043,-4.88051664513102,-4.749056754804117,-3.4994934490415206,1.7475378660047785,-3.4131716557955505,3.954985903513519,-2.229329990570413,0.9140462497558914
44.0,28.0,316.0364990234375,-4.303807661621247,1.360751839666518,-4.936485438675852,-2.961971227009834,-2.255812537425704,2.075229575927376,-1.9196288084674853,2.964616379039282,-1.0214229366646783,1.844243471764604
44.0,28.0,310.15087890625,-4.822718449881048,2.026599151214896,-4.990712686076592,-2.253514379207655,-3.5769963000974028,2.79417219535182,-0.8437934747014744,3.664009089067912,-2.078649485406358,2.674798220455456
44.0,28.0,295.9038391113281,-4.901562076992871,2.693533059791033,-4.630811526888811,-4.994791603105396,-3.40799304998332,2.456665732143186,-1.1736668108354626,4.971781367291792,-1.4770245231916874,2.039608931218329
44.0,28.0,305.433349609375,-2.259111452573171,2.2916614602952983,-4.670673616998111,-4.875497184632915,-3.4799488022749148,3.0897207402486337,-0.7822529684447463,4.646631925426096,-1.0476792368450365,2.820172479274333
44.0,28.0,297.0121459960937,0.4423402572124137,0.6152116389256124,-4.70906229510061,-4.76735842334532,-2.5998237636800376,1.0987735275355437,-1.310243075178971,4.26334814873983,-1.024398218322578,2.666188667459024
44.0,28.0,327.6890869140625,-0.782219429734945,4.162741939298893,-4.619620864390578,-4.962911854488634,-2.836837426601874,1.7396493064947585,0.3136244202959348,4.794367503737595,-0.7767649816819873,2.372375753853304
44.0,28.0,369.6383056640625,-3.722446532287684,3.28664688012964,-4.983495256199562,-4.071912213903647,-3.9241518516792886,2.247368598595992,-2.3575994304498487,4.694613621187786,-0.1367638542589233,1.83370042140635
44.0,28.0,215.164794921875,-3.1265875385598902,1.8063910738850284,-4.998632613770942,-4.805376327914396,-2.367332879921729,2.47116666270708,-0.1713989144359917,4.692763074301769,-0.8366495664543168,2.0134671645452347
44.0,28.0,276.688232421875,-0.0980538081289097,4.842738155060523,-4.89644549291267,-4.596064228250718,-2.6098137707504216,3.2588393211444675,-0.4662244349844506,4.501544704539173,-0.5640925348798591,2.928165585089287
44.0,28.0,255.688720703125,-1.6606687842357122,4.339038540634848,-4.841676804015628,-4.349996095483987,-3.1887464543535,1.1756945463128288,-0.8726190703705052,4.560833724274268,-0.8556589634326732,1.848094451720959
44.0,28.0,269.3256530761719,-2.5275154816751257,0.3105619888757696,-4.96675307337095,-1.6959899631391862,-3.893238596369912,0.8002359275544997,-1.2673643681466933,4.439580259299818,-0.3851954998949471,1.8456163896627933
44.0,28.0,570.737548828125,-4.3800700070554415,2.5277166032591865,-4.730117206776816,-4.976093056599857,-2.375775011434245,2.7334617265774828,0.693605518358364,4.203850353818847,-0.6166626636957071,1.94519080262598
44.0,28.0,274.932861328125,-3.453416312679681,4.29070840619648,-4.990536095981041,-4.996039197369604,-2.059804268058617,2.886177341705248,-1.831107651671664,4.866178254149142,-0.9202595690539788,2.5617243023928165
44.0,28.0,252.01852416992188,-1.933691324552262,3.5636768816162085,-4.833972669680963,-4.779222405883562,-2.1851361196162697,0.96990221387534,-2.149858018308257,4.4096372508246535,-1.83578788227458,2.5264719336803303
44.0,28.0,467.9290466308594,-4.356938784081372,3.890178117616678,-4.988435183964771,-3.226849745165987,-2.641933311500479,2.021610630771078,0.4648443075562998,4.998569312107383,-1.087975331094036,0.2337920906253838
44.0,28.0,264.12017822265625,-2.9171375724010566,3.502565184118092,-4.850571991609202,-4.684956577525001,-3.1959365631644787,2.094681795838479,-0.7977209718146021,4.917379394564083,-1.7636533213894303,1.025547680894359
44.0,28.0,309.6884155273437,0.5674794838090058,0.2204675976743733,-4.996879396090835,-2.931178952480729,-3.801855536726486,0.3709727194256382,-0.4735371051983685,4.715340067957058,-1.6582990316030082,2.862940014865406
44.0,28.0,263.697509765625,-3.0267049632923726,-0.0959713373885025,-4.337899997866736,-4.916950421621642,-3.0526802467201,3.657731035263241,-1.4938752584251676,4.861517027127666,-0.8623121825034845,2.9934009650954074
44.0,28.0,1004.1846923828124,0.3404075398916095,3.256448464354316,-4.64972875337006,-4.9487309552413175,-2.5051700493638287,0.8478379483578768,-0.5864934745769981,4.96835397295219,0.5482103697470144,2.140227746300228
44.0,28.0,249.9118194580078,-2.3208478300694453,1.9643887216876248,-4.999296009180205,-4.0045915459850425,-3.738708822138528,2.0756504541296845,-2.4162608325379127,3.5420699689273665,-1.127610881893364,0.956532824612343
44.0,28.0,268.5631103515625,-3.74384646252492,3.665434782826949,-4.933133912869547,-3.532283128646659,-2.792416987476958,4.476451035916904,-0.0013894337213056,4.805037568897049,-0.9651237132813096,1.0467757296025972
44.0,28.0,293.4233093261719,-1.3638701105101396,4.479117667170103,-4.964359745239555,-4.140382202182812,-3.3953823321712866,4.0158123512247,-0.966775319566838,4.987894291007015,-1.473354842215005,2.6913379581619843
44.0,28.0,245.5711212158203,-2.8768702881506103,3.4412817376435925,-4.980379488828172,-4.994054000493453,-3.362623659624126,1.9259135883004816,-1.1660121348400394,4.887995394685245,-0.933016522705346,0.7455061310784199
44.0,28.0,266.4984741210937,-2.6326171278453216,2.9286735753922235,-4.948845935501015,-4.959016439772982,-2.6400248239240427,3.799073787440408,-1.3041601736037882,4.417100594825877,-1.5163291993174417,2.6275721875198874
44.0,28.0,317.0001525878906,-3.5521645684027447,3.2862602366804303,-4.9998813370589605,-3.52762265048038,-4.1607095638190925,2.8896642886771007,-2.016655299959096,4.551370648203427,-1.3119448545606822,0.2155239850772776
44.0,28.0,242.14389038085932,-2.015927522098877,1.6440880131407951,-4.245236920941049,-2.891377937237951,-2.82391921563834,2.762397470647642,-1.405150498920122,4.811838829556066,-0.6061272498643984,1.6756357658321246
44.0,28.0,263.5995483398437,-4.768964521653843,1.1256836193557245,-4.999891589282624,-4.951408777232386,-2.4885984257420173,2.074535363468044,-1.2593839357408934,4.645632792852943,-1.3189380869903555,1.5749139088039064
44.0,28.0,303.382568359375,-2.6768151367348554,4.227204435006415,-4.795676789075417,-4.42319277665109,-3.5274461515275184,1.9273679504943664,-1.7310409695875242,4.774132679162609,-0.9687333691619332,-0.1180514595330333
44.0,28.0,271.4623413085937,-2.012429411370691,-1.218867027689683,-4.82291055454505,-3.5458784443206506,-2.563083961586095,3.5367426426219275,-1.8449850011626632,4.859604597697745,-1.2610477707437462,1.6205158644206827
44.0,28.0,248.0001220703125,-4.989321598775759,-0.1026513636865464,-4.884000554720938,-4.999860950386092,-3.043414161349648,0.951111803285011,-2.0870238376963006,4.571896033241664,-1.1807119215458624,1.5698200661574615
44.0,28.0,312.5616455078125,-1.798651629911621,4.996146459967697,-4.614164365260995,-2.05028634096648,-2.7024158518494303,4.317124700996606,-1.2684031514837502,4.890603871417145,-0.3645803867998873,1.7250847982980222
44.0,28.0,291.6921691894531,-2.8373442792144754,3.28434014532682,-4.914097981826272,-4.029055054923717,-2.616049726335294,0.9907919997887832,0.147142073800655,4.912790305701975,-1.6617025054385803,2.281952858835393
44.0,28.0,366.6873474121094,-1.5850791719578403,2.1884932209811945,-4.975753379056147,-3.3599612358483126,-2.55136605395568,3.1418934463562,-2.297481382199067,4.915459825547389,-1.0017857275216766,3.662535099312677
44.0,28.0,838.584228515625,2.443426563064415,4.0691642174244365,-4.834412333769789,-4.950210555275694,-3.710763609372037,2.181321527238529,-0.9401185014330355,4.409740545314811,-1.2542942717666357,2.246840298633153
44.0,28.0,324.4750366210937,-4.235921182596309,2.6008602978991373,-4.535874864165154,-2.6853077911003043,-4.643489035636582,2.8812030319259065,-2.0388940269503184,4.552330139117126,-1.3283659432523374,0.9651953170594584
44.0,28.0,452.2759704589844,0.403505945751923,4.781947985335084,-4.374967803644683,-3.966958019433188,-2.81381471915596,3.084468959984584,0.3600391132201004,4.940972783721753,-0.2077578407375178,0.8091226612808322
44.0,28.0,313.2872009277344,-3.413209823972081,-1.7458432074944263,-4.982588747070063,-2.429169314903884,-3.229797059741701,4.123469063442389,-1.889195246944321,4.705385359993224,-0.6056631541511504,2.3181421384651744
44.0,28.0,311.86932373046875,-2.6795810600576977,3.836231967434205,-4.751693055694203,-4.915285555017429,-2.860377709512816,3.150435780932032,-0.7979785011890375,4.404735560296601,-1.581098879666842,2.734019711652853
44.0,29.0,262.5185546875,-3.6625254713332014,1.4999314551592748,-4.654951716908959,-2.896460195823276,-2.641949781438107,2.4054083627879663,-1.2636691523773158,4.659492540057471,-1.2127492437848932,1.23787268139381
44.0,29.0,258.83746337890625,-2.478847957533165,3.3667198523878064,-4.51228114020032,-4.407583194523584,-3.053584358881279,0.7827501161197548,-2.457038379012297,4.940205642654961,-0.5435691294793514,0.6113406447218308
44.0,29.0,246.8903350830078,-0.9337955348322398,4.7897902116332585,-4.417592235460212,-4.879611779709959,-1.6490317680288866,1.3650596708082403,-1.4652094072692703,4.728041734677312,-0.7559133015218302,2.289525709851345
44.0,29.0,241.28326416015625,0.2551474458644245,4.648922956623565,-4.860761974412462,-4.144912575556129,-3.11477772353999,2.7859574331927384,-0.3512928677464169,4.832739654855201,-1.2314674349012191,1.7519158237104708
44.0,29.0,255.6989288330078,-1.6366301924641178,2.708636131717631,-4.967505434012928,-3.7009662911684686,-2.25222797522259,2.8585159359874392,0.049680228959188,2.911970161393871,-0.6859394624209845,1.5286102275225044
44.0,29.0,238.79586791992188,-2.161759169551331,0.6640234153368318,-4.850629521636174,-3.420890965249628,-2.063705053917232,2.340736561060927,-0.4387106675311623,3.515084743352631,-0.8500164853899781,2.8583220513913288
44.0,29.0,274.21392822265625,0.4858481536203989,2.8229493956382647,-4.982514641149722,-4.729037407135876,-2.5455226349531834,3.14754188180798,-1.370857369935346,4.026452277117151,-1.2433317219156308,0.5513139486969889
44.0,29.0,261.41754150390625,-2.961053576695439,0.8696876880118882,-4.998777043523847,-4.559618175290304,-3.2003933199527075,1.1323202660989198,-0.9798895787505044,4.637747840108753,-1.3478965702007666,2.200204872059012
44.0,29.0,307.27349853515625,-3.145024160280108,2.271103738790843,-4.664559749030266,-4.548201363523399,-3.358980670310419,2.235508564524036,-1.7944204520281053,4.955859990084207,-1.0815577299751835,2.2436711208332385
44.0,29.0,272.3675537109375,-2.966250533548425,0.4582792413448526,-4.764533735699056,-4.999923715336613,-2.414034717550152,2.8563644710588543,-2.393285272842597,4.77847689790433,-0.6930576591990798,2.14516973892977
44.0,29.0,272.9825134277344,-2.9081813141973,4.462386176767803,-4.926899879864552,-2.7056026752901188,-2.291471519733672,3.0591637711685937,-0.6224941744708712,4.986004227048518,-0.6637359558123093,2.0403738634407445
44.0,29.0,362.4648742675781,-4.458499937718659,3.861907824991921,-4.9798417155689645,-1.896370747984779,-2.7548557075185216,1.5545865428726025,-1.3069711903522625,4.999852137892617,-0.2602591958749771,2.143763505906352
44.0,29.0,275.0556640625,-1.5229653043591949,-0.2407882752915204,-4.512004938194279,-3.081904337236418,-3.068889280929201,2.8582590130109384,-0.8243051729865316,2.731450447157373,-0.7499791525176009,1.1960981195540574
44.0,29.0,259.55029296875,-3.973569866647744,1.1884403525248333,-4.676159834857645,-4.05118379481114,-2.6647792048485623,2.152529226396348,-1.0654873930771132,3.015975887225851,-0.6863038542411619,1.3182048330843283
44.0,29.0,270.006591796875,-1.6811226441687808,4.5501157299431,-4.423260851658717,-4.715690636135246,-3.1186515086333104,2.726362528824345,-0.081553789871867,4.735364916969427,-0.7857074696823183,1.4676971852897482
44.0,29.0,296.876708984375,-2.925798359905682,0.6070882943508726,-4.525211294944935,-2.0264872151778714,-2.7499757439951784,2.2579757431721825,-1.9538448300239697,4.94216710066739,-1.30584174320109,1.5878634447066933
44.0,29.0,280.5599365234375,-1.0350937529585735,4.54853878651404,-4.5465256141350885,-4.999073506722123,-3.6589856649335992,3.1998007481135406,-0.73070955047121,4.963901119753183,-0.90672307200194,1.7234528544685457
44.0,29.0,285.2428283691406,-4.69228443311425,0.9512210142071176,-4.990295712816866,-4.975906155960358,-2.907561290307,3.0767095555836885,-1.102352241853847,4.951776579752279,-1.6985617039970786,1.8125120031723088
44.0,29.0,268.05206298828125,-1.59305560148008,3.870759599418927,-4.93177066325928,-4.827906093449245,-2.6370559376887663,2.4476024331900126,-0.76758820533981,4.853249880736371,-0.650012585437878,1.1202648921885832
44.0,29.0,274.38055419921875,-0.3668060893012468,2.68587309364826,-4.999999652639906,-4.09464016531528,-1.8991153701474204,2.601713969246262,-0.4727287522567414,3.412249504699057,-1.0475998521614986,0.4810646385416559
44.0,29.0,280.18426513671875,-0.7650066433155844,1.5450105120558408,-4.48284987549372,-4.843125326949439,-2.2632134664822963,2.5329901895369,-0.0235853008870705,4.093516547477714,-0.7397987615377932,2.276394283480121
44.0,29.0,311.9091186523437,-2.6315815064122745,2.3081603565395845,-4.940994871791754,-4.012883243333446,-2.837150661024906,2.7079278370627744,-0.8230520482778552,4.656666238713015,-0.4002392976217113,0.5518331852244431
44.0,29.0,289.1721496582031,-3.158774240849363,4.183150126493572,-4.849792835629062,-2.9851038305028785,-4.620249420010936,2.99516008932934,-1.1878713975504112,4.926995680338198,-1.0428957914568944,2.9479207121611424
44.0,29.0,268.2305603027344,-2.347786132092104,0.8323121118696477,-4.999774279523429,-3.697138325252726,-3.7535663605107774,3.018088571438458,-0.8145014813880334,4.993859650664614,-1.624000351416714,1.1640579687970458
44.0,29.0,258.9149780273437,-2.792406095834239,2.499871859219322,-4.999998407270594,-4.844022251582282,-3.611600346483481,1.1278209266460395,-1.143479008451461,4.053008869805732,-1.1620514460575588,1.1799115951463444
44.0,29.0,296.37188720703125,-3.605097290713673,-0.2268513153877132,-4.995817376830833,-4.48743720705836,-1.9569572042759908,0.5276423317878018,-2.308835684993209,2.8095439321786326,-1.6073850693089673,1.5786720436165682
44.0,29.0,325.125,-2.7478533506751104,1.5544303191133864,-4.846614240279696,-4.511025474560116,-2.4021996201508653,2.1094545098248707,-2.780529555800393,4.977271168318104,-1.710740112122127,1.526250726227123
44.0,29.0,255.10484313964844,-2.855495930086895,0.9378407739679276,-4.999314014187952,-4.350034322442423,-2.080969894956469,2.854459610017344,-2.6166589804368328,4.8556021564921785,-1.2791168465743663,1.5327589602036813
44.0,29.0,304.8711853027344,-2.512388932199915,1.7681945366439056,-4.990295942936099,-3.807576803942755,-3.6571143271801487,2.735820482819744,-1.8021976926556864,4.982760978930408,-0.9839530047143724,2.203700815941633
44.0,29.0,271.4038391113281,-0.8618641919112227,2.851283290827485,-4.91935217729542,-4.820161068442452,-1.5945998612174064,1.9672654020245712,-0.8002584801489663,2.504586293564495,-0.5078763625296485,1.305653822310596
44.0,29.0,248.6479034423828,-2.483055740840112,1.5386621975410597,-4.709823603374112,-3.8753131980645854,-2.063839949816132,2.2824846915123045,-1.5805298233094267,4.784459900394793,-0.7951281020600884,1.8572902749020548
44.0,29.0,289.38299560546875,-4.878825422774226,0.2956944277521387,-4.984005115444533,-4.225966547575459,-2.80444823200082,2.6404325430808715,-1.0402798657568373,4.678576960056581,-0.9721136196433432,1.50127556136923
44.0,29.0,272.44171142578125,-1.6509351144392157,3.9105344638940593,-4.9774257945918,-4.4031803393719215,-2.8894034851153907,0.3364930069359948,-0.3638846256264907,4.8328297038901695,-0.6033090798339629,2.9149481037302705
44.0,29.0,284.19287109375,-1.923740016697165,1.3927919406140044,-4.732271997577263,-4.239616815471422,-3.696969828090959,1.106679366501807,-0.8732232620285272,4.547848993559189,-0.5846411681919248,2.642212432674521
44.0,29.0,266.7470703125,-1.5669459888227752,1.998327077478442,-4.976623112958952,-4.29713096852105,-1.8422789869786893,2.6261306941853544,-2.0283676437699216,4.830344695351606,-0.9603010931184404,1.7458048598961753
44.0,29.0,256.9091186523437,-1.8828844091656896,3.267159026302066,-4.99981903492518,-3.3068988187534427,-3.2202148546236806,1.8434115686852064,-0.2493982037980027,3.773261729688439,-1.366726071444603,1.2953714146992903
44.0,29.0,265.7020568847656,-4.567528976288077,0.7004708255017755,-4.831781292739039,-4.8413372832010415,-3.1456063664158584,2.740728052086067,-0.2873537691843495,3.908451688575756,-1.1226289606881503,1.1444658738127833
44.0,29.0,278.8958740234375,-3.3968644658928087,3.1350802088672385,-4.746556497589093,-4.935210688087292,-2.238600465080693,2.199510969633208,-0.940049909752191,4.994993750146691,-0.7940631781816361,0.6247631133943727
44.0,29.0,295.34454345703125,-3.5268597839224163,-0.1917186865467552,-4.883145099521539,-4.251052036611236,-2.3325947543668937,2.0874557636497943,-2.394719155114851,4.863360005318501,-0.973453115571127,1.5238551565191036
44.0,29.0,303.757568359375,-1.8059751693685653,2.173412118388618,-4.768972619417412,-4.626761179221777,-1.9919192380783504,2.6405920705472106,-2.275721330269445,4.030935624622725,-0.9308111924317206,2.1682188201390016
44.0,29.0,274.3013916015625,-1.5278586531850626,-0.6761691346411229,-4.996941757616931,-4.842253508210738,-3.074375855746516,2.9428851371132145,-0.9309244725086714,2.0889808177316382,-1.0369290006050136,1.057688217856164
44.0,29.0,296.940185546875,-1.631739977967888,0.7005115590207467,-4.999866042253795,-3.3376125952733355,-3.7284589895185176,3.8198937251727534,-0.9230946656567998,3.7389374452585127,-1.4154581492552154,1.3864015030550227
44.0,29.0,288.5117492675781,-2.088803648283556,1.5555262470172595,-4.961881036524055,-1.659906559491184,-3.375058690849716,3.3296233682585594,-1.9126092794429144,4.992098245583573,-1.2772197361372857,1.7429663482727475
44.0,29.0,265.4911499023437,-1.192309549309123,1.357973793878978,-4.974166704084355,-4.995791142727499,-1.975764774616989,2.2015025273840543,-0.9117019535855224,4.225851770769044,-1.0562222157709176,-0.2022023635685341
44.0,29.0,327.2374572753906,-4.346675460384495,4.126958545006511,-4.3240546121518015,-4.788337843901616,-3.531644734637653,4.021341806448506,0.0773483468579989,4.5992155091167,-0.795239518192945,0.8532752551910647
44.0,29.0,276.7045593261719,-3.41767584974544,-0.0384297971292939,-4.9998175481718405,-4.723583575626751,-2.854439934294396,1.3860577406743992,-1.892847685057081,3.9520319956487855,-0.5534666827072847,1.805712644266702
44.0,29.0,311.332275390625,-4.626995359540492,-0.8696428112687578,-4.993140126342815,-4.889578827586835,-3.4490305229383496,0.1412986745082154,-2.386438051840192,3.416370566312408,-0.5657309801302652,1.6735075933966908
44.0,29.0,253.568603515625,-2.565802780020777,0.7319613361770649,-4.914419970168959,-4.299166244104551,-2.9689669749212846,2.4844221760022265,-1.996434682519952,4.623083510619793,-1.0088158687662236,0.7716120737374501
44.0,29.0,222.9754638671875,-1.8903389883894723,2.906329808354168,-4.909468310017636,-4.958543384041737,-3.0090306203328354,2.721853398287342,-0.4849355367301715,4.345950549411164,-0.5059117658157426,2.1770650280868704
44.0,29.0,317.04449462890625,-3.6802455935160463,2.0490916028789874,-4.471758772189275,-3.468857455640268,-3.725074427586119,1.358101865328578,-1.484661228028564,4.973738340599315,-1.6850140362481647,2.751436629601683
44.0,30.0,268.3812255859375,-3.200761160072617,1.5377175982700608,-4.996991273065499,-4.999168966893309,-2.6525518039151184,1.488559714227506,-2.631528172836356,4.892758679940064,-1.0198302757745077,1.2137250976386094
44.0,30.0,281.4329833984375,-2.5944129332282744,2.034848485347206,-4.99963467859612,-4.632095530290096,-3.3928250044469666,2.2710699124236164,-1.162742106969992,4.776887991815862,-1.0823271571380588,1.102225804824438
44.0,30.0,231.98800659179688,-2.061660202180236,3.010269900347792,-4.891922566078311,-4.371849393823952,-3.2807906214260822,2.838203769325561,-0.9797688416585704,4.83234599047112,-0.9871116252164392,1.591032377509391
44.0,30.0,283.352294921875,-1.6519135316585585,1.2774849150457648,-4.776960127529026,-4.961204329540608,-1.846232917056867,2.0908526613752167,-0.9196206259521756,4.999979581297612,-1.524231940372291,2.543770308324329
44.0,30.0,223.0231475830078,-0.8066074571626007,4.328158095601845,-4.991642196879169,-3.725336497838581,-3.0299962650451744,1.1131581497674403,-0.1991458095772547,4.975114735105267,-1.098364106481335,1.6022930207670294
44.0,30.0,248.2962646484375,-2.765666728843592,1.745923740910726,-4.64988656230668,-4.898003998142241,-3.1409765610223443,2.660771609310085,-0.8869187431606669,3.236055549442053,-0.8459911155383271,1.0410000226447416
44.0,30.0,739.2191162109375,-1.923774065460325,0.0283659057522971,-4.860948863254224,-4.864381156666198,-0.6002625909856709,1.7267521149323128,-1.1953695201578869,2.699833031229568,-0.9491193388578844,1.790778290846733
44.0,30.0,300.93280029296875,-0.7548269454379071,3.286630014422535,-4.469785231871343,-4.822783860046902,-3.118646992188233,1.671249457929008,-1.144262050512495,4.997588996480278,-1.029712001140088,2.3710095779818987
44.0,30.0,249.0013732910156,-2.3502199493849925,2.6812696022113647,-4.582900394636402,-4.919994208521799,-3.690830372483541,1.7792915164278122,-0.3975102169106526,4.948159274252763,-1.1218443198915322,1.5030175942253656
44.0,30.0,234.37872314453125,-2.2284635862216624,3.532636806509359,-4.610717113128351,-4.9707579885478586,-2.7765913466296923,0.785082566417965,-0.8520834498897321,4.796602815907681,-0.714013611992633,2.490337320567352
44.0,30.0,310.28759765625,-2.678912894447856,0.7144195550333805,-4.998548654540195,-4.847806716073611,-3.046755900229045,1.5546556196664143,-3.136400505788174,4.998674534903078,-0.6087167440843961,1.0660174892288454
44.0,30.0,294.873291015625,-2.646150983902428,-1.3337280076185665,-4.987072855598747,-3.2105886971518984,-3.481284173393088,3.023220454997184,-0.255363795064957,4.73659040147872,-1.3353971183588715,1.2705450033397216
44.0,30.0,277.7547607421875,-3.4479461823622173,0.6523240146726401,-4.999830873393902,-4.984860277259459,-2.368814017543316,2.260416301121298,-1.4801214981580637,2.9924528912081243,-1.4056752708713134,0.5769493548447047
44.0,30.0,253.59100341796875,0.3821905409731236,2.068283578332755,-4.990759648997696,-4.420251776139865,-2.193061644719632,2.342792973382256,-0.3657522212285968,3.352612422443139,-0.6854700213005431,1.289513928636767
44.0,30.0,253.5609893798828,-0.5228527016564124,4.280649765224172,-4.961457531219386,-4.667360970276695,-3.0843090823204484,2.934543101942316,-0.0760908884673146,2.789597271174829,-1.1974166464037843,1.830992011168037
44.0,30.0,240.1625518798828,-1.954357588307604,3.3716219042679327,-4.990307790475153,-4.949439984459878,-2.918798321075699,0.9575022712365032,-2.163109805712015,4.462984066920352,-0.8132657696282477,0.8390434465434948
44.0,30.0,251.55026245117188,-2.5413898505484496,2.420821090208687,-4.947323864279207,-3.532194208288791,-3.4935341750059177,2.4910267995987843,-0.5889542155135246,4.7191158994949,-0.6947594116925391,0.7831524052249836
44.0,30.0,365.4695739746094,-1.3114533242073634,3.214619988563696,-4.950120073641829,-4.141655318399703,-1.3840163693421026,2.0253787713126705,-0.6372164359177557,4.699171185819303,-0.5192130168708644,2.7521089434608843
44.0,30.0,220.7954864501953,-2.330130898357827,4.999997517040226,-4.843481258146653,-4.3392002197525645,-1.7396803427916057,1.3877753942681537,-1.1124864015045608,3.862674186533376,-1.4649340381109963,1.6367171090417845
44.0,30.0,255.5736846923828,-2.241852192429537,1.906638967120872,-4.871884317753598,-4.927451955904592,-2.4473928783174177,0.8579857248216776,-2.15137156995901,4.958302151912951,-1.7221698372123528,2.357402741426672
44.0,30.0,319.9041442871094,-1.8691007337065364,3.578122393595521,-4.9942890002234375,-4.044595151056936,-1.3961019848123035,3.3945013235125465,-0.7215834280953981,4.526760701823827,-1.1258493311048623,1.336585651666493
44.0,30.0,249.90509033203125,-3.0420631595712457,3.06793492984702,-4.962740325638986,-4.965579228714858,-3.31150583201252,2.3747960842814173,-1.1459802328023327,4.846925655746899,-1.0665192357346251,0.538084415173139
44.0,30.0,273.8621826171875,-1.866571134671404,2.657159374983193,-4.47246129691858,-4.768651733169116,-2.345421672797724,-0.1711256583879015,-1.408816815996773,1.7095009217525403,-0.8670537190460257,1.569900849964915
44.0,30.0,299.3316345214844,-2.874605248485365,3.952171047871433,-4.623867196338146,-3.798193204171279,-3.899189616133485,1.5560477441757268,-0.8039432065594623,3.33541978363381,-0.5659388102605298,2.4934249835243314
44.0,30.0,283.5027770996094,-4.91851062917939,0.0434199998093607,-4.99797107272981,-3.024476102758399,-4.334136334537561,0.9791000126891936,-2.5866022904037305,4.879186783999005,-1.4087788048217966,1.107284117337418
44.0,30.0,254.5281982421875,-1.955939345865627,4.975054997874903,-4.9396154114850725,-4.855552907382959,-2.994685503389898,3.045234615477275,-1.4603362414203185,4.583340012037278,-1.2126286728105438,2.376748135342392
44.0,30.0,260.5009155273437,-1.7728937143900865,1.719464784474769,-4.984440312775647,-4.717335944436419,-2.395018596776126,1.693062039378833,-2.1943709078735454,4.4685065956322685,-0.7916333981771926,1.809975428058248
44.0,30.0,237.47471618652344,-3.678264774277389,2.694034646202645,-4.978808090939103,-4.46233449700545,-3.018168651654675,2.030980505767273,-1.5551170842622204,4.182391440084231,-1.5006947618437931,1.6691810957105204
44.0,30.0,355.6374816894531,-1.6661589367418743,2.2092944228125297,-4.991225403064803,-4.908834214717772,-1.5438415186307592,4.19786340565083,-0.0366845658904537,4.950281867719008,-1.3680050713703236,2.654683461853545
44.0,30.0,332.6819152832031,-4.76223941065888,-0.2131532366056907,-4.364678203517044,-4.941925895184733,-3.374619137804495,3.615775393069887,-1.3713652725916257,4.972335753996889,-0.8875702553158273,2.167427015101744
44.0,30.0,249.8259735107422,-3.925112470475841,3.167171519407784,-4.999158108787069,-3.697631535649719,-3.0806492706139266,1.7677802803069165,-0.7380190728759226,4.967506206859758,-0.7772419319325303,2.2030565843329963
44.0,30.0,233.79998779296875,-2.880133366443628,3.5680365573924515,-4.870813709243391,-3.667884430436021,-2.2556729124754944,2.3790625352845325,-0.8367247449958493,4.99409296508113,-0.4355373547807755,1.9035644282925808
44.0,30.0,276.9205322265625,-4.908633013142522,0.5163072061292429,-4.647364923268557,-4.964733679374319,-3.7622354418671513,1.8857885716933944,-1.029986454502681,3.551238489720829,-2.051005331596066,0.2903501680827958
44.0,30.0,321.4649353027344,-3.493739134757474,-0.7093219377822875,-4.99761062716692,-4.764925575930225,-2.810181694537659,3.199200203673632,-1.8625873034361733,3.28979353819787,-1.5126427324266127,2.260377033796601
44.0,30.0,264.9309997558594,-1.976424480183523,1.2433123794871008,-4.830354368093507,-4.769921716767345,-3.446761891264763,1.9883485644830527,-0.6896166266570027,4.957128693534564,-1.1891115664088554,1.940695279831257
44.0,30.0,294.1943054199219,-1.3168974158804585,2.654798721731435,-4.999380896252974,-4.998038924600836,-2.74240124500063,2.035229291516238,-0.7834086691067998,4.995174263796278,-1.3369329656521014,3.2467667855934863
44.0,30.0,201.1244506835937,-0.1360005024148156,3.5517733330072527,-4.929720546929086,-4.775626124067649,-1.9583616593763349,3.126087072939832,-0.5911935027518815,4.850321587612198,-1.2475458098700472,1.4103036152946302
44.0,30.0,574.0955810546875,-2.480995092884143,1.015322406282852,-4.807386276663787,-3.965760427915699,-3.415731974763308,4.18334519354503,0.6934432229767573,3.9226774004302367,-1.154148256552788,2.672735317474886
44.0,30.0,345.69873046875,-0.2270029670784161,3.724870322463637,-4.962870291930211,-4.785271542105648,-1.96069464546461,4.566495948481567,0.2899376053113052,4.507736829080596,-0.9964427031541084,1.461180873741621
44.0,30.0,257.97564697265625,-1.8430410192895328,1.7604694894580604,-4.9959156342290685,-4.744041829405695,-2.802960133294192,1.5913768423597627,-1.6813355124013052,4.732523706261532,-0.817009622796272,1.427025619113281
44.0,30.0,264.6815490722656,-2.8057206222137383,3.261434551654407,-4.787967795442685,-4.933431484446649,-3.5640695150575565,1.9951034714515,-0.0427930695069846,4.207592458074201,-0.631942251551993,1.5780160245167192
44.0,30.0,261.1182556152344,-2.57175437309187,2.292431619005981,-4.999172214182591,-4.994966473908585,-2.457818255741351,2.404512568344117,-0.284340437573114,4.955366582245157,-1.7655173177468138,1.3970762589340406
44.0,30.0,285.19561767578125,-2.4256245073525777,1.6167888749046986,-4.998453999832918,-4.733692734927231,-2.898859528815461,2.1768852594089347,-0.6266464792047977,4.213076046356484,-1.4205377400366173,1.4137441515695226
44.0,30.0,309.6845703125,-1.281812487342147,3.48103231706013,-4.999654125497068,-4.724117334781711,-1.953682900244804,4.495235721528845,-0.837793232974418,4.992715730974236,-0.9836677112640392,2.4222064772380447
44.0,30.0,255.0152740478516,0.0778988913625822,2.908094742066983,-4.868478541127103,-3.3798105568996704,-3.367463220551208,2.793515962345412,-0.6745430604029767,4.859083064665748,-1.407322648237468,1.3356396026898052
44.0,30.0,248.2040100097656,-3.9766361503415135,0.980997774508074,-4.978805011185435,-4.920212143699291,-2.7844797856782946,0.131184679218224,-1.529802092094907,4.900825116203087,-0.6385030576659547,1.338429441274405
44.0,30.0,261.2809143066406,-3.6951204117527534,3.193979988128401,-4.991131724099224,-4.903650794892734,-3.238709554947089,2.766222624552832,-0.4237295287649045,3.981321227133946,-0.9020845531392389,0.9708856458359651
44.0,30.0,240.2237091064453,-2.3310543849292777,4.287385358037156,-4.99394585925628,-3.547404899604023,-2.368675837996861,2.758442395350114,-0.1518697457977005,4.831353023809964,-1.3225006920530822,1.72320597757233
44.0,30.0,376.090087890625,-0.0102417142118653,1.9660624158920044,-4.99954581197527,-4.649090075950988,-1.234836888515105,2.5096050553070404,-1.990297377785217,4.776945391263618,-0.2995580649852076,1.6610580019541397
44.0,30.0,294.32305908203125,-4.384453646750477,3.8844473839535496,-4.991762818735266,-4.007316729460093,-3.5652069226917567,2.0103422177221173,-0.3916821408513353,4.321780717570441,-0.8915163032285971,2.2999606893561566
44.0,31.0,248.1068115234375,-3.727077744609504,1.968946606203953,-4.999997423217535,-3.114207231727653,-3.1215853052782405,2.5878225863016047,-0.2022209570074462,4.268750050634033,-1.0484092332048074,1.7751285152447904
44.0,31.0,311.9760131835937,-3.904078388286961,4.378527755469111,-4.998311897232552,-3.624490025870178,-3.253727842192798,2.347179551140904,-0.194826096091198,0.2784535878014171,-0.9633038052112406,0.5797304935473235
44.0,31.0,596.794677734375,-2.169106318427592,4.960474012750542,-4.732195874713743,-4.859898999632929,-1.7423449619547091,1.7511560482411737,0.1204311812361051,4.92229904808841,0.1565373660621993,1.7783468235772002
44.0,31.0,268.76220703125,-1.574224247865637,4.367805317293467,-4.931880140012838,-4.794478626175654,-2.9607781597170453,2.9311697633696934,-1.1008170093497929,4.903932692020959,-1.5862223612581925,0.5540336404386146
44.0,31.0,268.563720703125,-3.172318376831328,4.527928619606724,-4.409048653624676,-4.422559690169163,-4.216301756216415,3.041215591774169,-0.6510547837020031,4.646286671807342,-0.9128514567271012,2.2099524184350035
44.0,31.0,229.585205078125,-1.0113899640467316,4.402705971034891,-4.999727540664924,-4.911220799950184,-2.9604417896466195,3.021271556976579,-1.2390949721356574,4.8981432866518535,-0.716818839157658,1.4199716559600717
44.0,31.0,271.52740478515625,-3.253023256895172,3.7481143297396535,-4.999961174304388,-4.831081756879587,-2.0499846657125635,2.5930135942783146,-1.583371402133411,4.730727681154514,-1.636601902626165,1.998396348344551
44.0,31.0,381.2003479003906,-1.309427944141639,3.3248087250479443,-4.999553190697362,-4.899774262834202,-1.7191796306533005,2.035650367212366,0.4123576083661078,4.355348357881727,-0.7885192875154283,2.1157324805210145
44.0,31.0,212.67886352539065,-1.2773653173811956,2.428145266763705,-4.9999469486969135,-4.973741837089322,-2.0395249340002253,1.6433929762887765,-0.9849419048287108,4.370495352399804,-0.725030817135683,1.5849551713495575
44.0,31.0,206.83200073242188,-2.361473933532621,3.457918598128554,-4.12031299487377,-4.971744906434285,-2.5421969190259848,-0.0688581654388018,-1.3796617289846411,4.999666602779545,-0.4541454010617407,1.6213260036196075
44.0,31.0,273.58203125,-1.2175856937828442,2.0626328307250983,-4.582521841923283,-3.5070367943066234,-2.6083382777111552,1.113063949971779,-1.2308921347482915,3.589563420472036,-0.9215739545432218,1.800657968831568
44.0,31.0,213.97531127929688,-1.673818155891056,3.633474773833124,-4.794861178224193,-4.865700928531228,-3.0950162555634853,2.5441407341429443,-0.0875284799395403,4.730678223873873,-1.1784755193667538,1.580707909221532
44.0,31.0,290.7838439941406,-2.543700912511131,2.7484950471302296,-4.456953255895934,-4.999190919772411,-2.250750985092116,1.2019894609445585,-1.89986710799562,4.534287165091053,-1.012752418169642,2.0053027249345714
44.0,31.0,248.1179962158203,-2.2625370552824906,4.2596772286007045,-4.998516988388558,-3.3025308298682265,-1.9743430444859864,3.3586640378924173,-0.4975931302296734,4.881635941337134,-1.58964620423819,1.538057662712481
44.0,31.0,278.3951110839844,-2.226987149041097,4.842273698771889,-4.960204927859769,-4.606373820093952,-1.6797250645331916,2.960009017969867,-1.0207662501867354,4.977022174945239,-1.3630733900728096,2.5456277123333244
44.0,31.0,323.4192199707031,-1.2491414616815657,1.6181715789305953,-4.958046232616374,-4.732403001900742,-2.1869175460534955,4.689962350207479,-0.7449017434822691,4.990829281352212,-1.4340998935250755,1.4646670979610257
44.0,31.0,555.230224609375,1.662326258104252,3.572687772931856,-3.9192433026129407,-3.59061182501239,-3.344404723723013,2.324815888595809,-0.8597943913364823,2.512596220916977,-0.9841782114255002,1.4525000221018995
44.0,31.0,267.1949462890625,-3.913186573460459,2.763788020176473,-4.95439470580892,-4.668050942372102,-3.298619855025516,0.4691960652808848,-1.6876127841293762,3.5590735276592405,-0.9670570675022524,1.357391164579013
44.0,31.0,326.2903747558594,-3.201456375193382,3.279134343954315,-4.8505008937454255,-3.988685948470964,-2.7007432681970083,2.2966431029227934,0.2052460003826457,4.99619793346794,-1.6416175106110478,0.8038720916877686
44.0,31.0,258.5570068359375,-2.7657318214832043,0.1601073553000258,-4.757432425002417,-4.987442847628737,-2.807830643783102,0.7905918814406467,-1.8572825728464,4.784055416928648,-0.733056469918937,1.757984190219509
44.0,31.0,245.5837554931641,-2.18253151921134,4.494463286443857,-4.70417067692374,-4.999986870892391,-2.2422343052600056,2.57847004325686,-0.3130943466989357,4.829407661046524,-0.6102940736442868,2.290410458332664
44.0,31.0,273.18341064453125,-3.263527520348913,4.446071749236548,-4.9129689299724655,-4.671273716861723,-4.196698315048852,1.7629089480069426,-1.6124602793362488,4.814124406386577,-2.01054653860039,0.7051069695368568
44.0,31.0,261.27520751953125,-3.8048000232667927,2.172659078564381,-4.702009880898266,-2.4998053521441226,-2.713453700412121,0.881033850770442,-1.9966859592136128,4.900314994437311,-0.6946990569074636,1.523986306883323
44.0,31.0,301.86065673828125,-3.533730602229149,4.160192343273318,-4.557564082088746,-3.3876559819989565,-3.100929749246622,2.530208701332067,-0.7696714780005243,3.914827968620408,-1.689388802124796,1.05098328609437
44.0,31.0,262.5868835449219,-2.66877236494987,3.0961873880157,-4.724853671852956,-4.4082044033292185,-1.812353768122127,1.2665227979519988,-0.319701045118502,3.397264722946126,-1.2618960043691176,0.3295149177219478
44.0,31.0,258.23016357421875,-3.9569021759078615,1.1043454785434488,-4.954082218549183,-3.44724305241062,-2.672493069052245,1.8863203985538293,-1.891336423783493,4.406854414651194,-1.226468141624764,2.820240471081986
44.0,31.0,666.1070556640625,-3.2799970620903984,0.7103259651691172,-4.656199648730878,-2.629820000707511,-1.7328880131660984,0.7256802236356581,-0.8581885277730645,2.829868690935573,0.2494198549701316,2.261814523625562
44.0,31.0,215.8002319335937,-1.1438355729830678,3.120921579932265,-4.98481068543492,-4.476669724039933,-2.5014614373228223,1.7994451192220495,-0.8035803337884762,3.33327690042832,-0.7734183087804034,1.0346489352751052
44.0,31.0,240.7752685546875,-2.3130912309679093,2.4914335836433343,-4.995969647863272,-3.250151610896462,-2.4495662324074976,1.8654006244302608,-2.008173690647496,2.7997829652618726,-1.7348550045607194,1.4867888416988515
44.0,31.0,258.97576904296875,-4.410206964519018,3.9471539660307737,-4.978335887109227,-3.1488825258093103,-3.4067253938775632,1.209152579635001,-0.963982436886064,3.0835593016256144,-1.12584560087392,1.3141148886479934
44.0,31.0,243.94650268554688,-0.2833216683931905,2.7059702681399864,-4.831485150075518,-4.775386661936219,-2.752527931107388,1.9472742331144093,-1.969499244503651,4.926029740709447,-0.6394381618052494,1.04626413224171
44.0,31.0,393.274169921875,0.8851466967375625,3.549293591455936,-4.87450724021458,-4.870579347997715,-1.3874759194048631,0.4138587692885496,-0.0412575558741377,3.867085628445327,-1.254495663538476,1.1449249250463005
44.0,31.0,286.5993347167969,-2.089666414398545,3.7998711906775977,-4.956194767255902,-4.995207628375177,-2.2946866294534884,3.246450559521328,-1.246096978836225,4.871231461744825,-1.341548275222504,2.954578253543449
44.0,31.0,228.0843963623047,-1.129977282262308,0.312889437711215,-4.6891316792119655,-3.3864013602031724,-2.012899616723597,1.243178343095793,-0.5385867274144305,3.43497640192464,-0.5035802392511997,1.8905992604758213
44.0,31.0,254.7199249267578,-0.2814131714380412,3.914998715063632,-4.974879699499772,-4.844049407526881,-2.2762378508000047,1.191503729611698,-1.4945430593434206,4.927627189583264,-0.8024240000138496,1.7996245378410434
44.0,31.0,481.2840881347656,-0.7572465528024566,4.672621069989418,-4.364241239718459,-4.997322009764183,-1.2499111737646658,1.6745830947541869,-0.1638767447163234,4.552954601894896,-0.1152076844891167,1.667296021802887
44.0,31.0,278.85430908203125,-0.7855408106623027,1.334100552920611,-4.972862440339999,-4.990381008813055,-2.026914709927077,3.8276075305502735,-0.5141701822040643,4.999953649322045,-0.6318801208843352,1.7895336922990603
44.0,31.0,203.5547332763672,-0.8746641490378586,4.440602377067119,-4.973839417258096,-2.999196969320559,-3.162559359227224,2.3268089530097216,-0.6929054707691087,4.465315586124859,-1.1645818916863613,1.5706411161466107
44.0,31.0,239.5204467773437,-1.7092265198173229,3.378406552657061,-4.869775028996484,-3.4264238118112047,-2.231320069768928,1.884810432921233,-1.1098658486725772,4.03311117880558,-1.121619061648892,1.170058950007652
44.0,31.0,416.1219177246094,-3.525155908490919,-0.1143500990528147,-4.997154096202071,-4.903389485172508,-1.547424544506061,2.442924423070723,0.0188108014653991,4.087233347355552,-0.1005781929765765,2.4411232077345844
44.0,31.0,250.7186279296875,-4.019385514357792,0.8496180384610579,-4.639071222299011,-3.1308369028435648,-4.128201407644128,1.4186143296323088,-0.5258032286173018,4.929755976716542,-0.7446260103531959,2.485246741885061
44.0,31.0,222.80455017089844,-2.2335441179226,4.87895093197352,-4.975000270088539,-4.939467359840874,-2.399738304298771,1.936022348110073,-0.4583253365106676,4.298825273695117,-0.9005472388634024,1.5508220104085488
44.0,31.0,568.0982666015625,-0.6743066549400512,4.696918503676631,-4.95360713895398,-4.760840985093576,-3.033122567865667,2.367827879864586,0.6929566713417445,2.378978007524889,-0.3103764064218675,2.6263861026254105
44.0,31.0,223.21731567382807,-2.1978885525969263,4.640580471057559,-4.926770872303485,-4.357772047596978,-2.336726380425336,1.251345372651082,-0.6976757407821745,4.470141969003922,-1.395015755642293,1.932945956083838
44.0,31.0,250.33204650878903,-2.8169488266488485,1.2953194745842032,-4.927767209183485,-4.992115701630753,-3.691892772945578,1.8635753899731489,-1.224398814079808,4.896128881216381,-1.2729673588483357,1.7037478762599578
44.0,31.0,278.135986328125,-1.397293361756323,2.4007567571823056,-4.972172924834152,-4.783810235675833,-2.7856753284454765,2.8466641856642667,-0.7064237411687184,4.317363098733525,-1.1869811813598146,2.862359741142013
44.0,31.0,224.5203857421875,-0.0448348596086347,4.283861335710668,-4.882827053526596,-3.643033635082144,-3.252607592547092,1.3911086057020832,-0.0190307801234856,4.261863600106578,-1.0064789177216982,1.4094654765596175
44.0,31.0,237.34750366210932,-0.1507799172885207,4.404390071362968,-4.5639952411917015,-4.74126906754294,-2.7991079011243434,2.497215236393469,-0.0419556176803244,4.74277443348141,-0.797229443140183,1.8772072263348
44.0,31.0,292.6576232910156,-3.926845775370504,1.2469953205185984,-4.7231789753761335,-4.676087451965794,-2.240086284753083,2.8596966680284126,-0.6400823545661112,4.943504104887936,-1.0890800639012554,2.1815753196579486
44.0,31.0,277.5892333984375,-1.5244815390193405,3.738046991126806,-4.998660319520936,-4.907001692378947,-2.898551310480549,2.0638896569908063,-1.8858241664668656,4.3483755171177325,-0.907975059359634,0.4268467431817191
44.0,32.0,296.4906616210937,-2.454353830667965,1.3334305299964342,-4.857234506914321,-4.938353471291906,-3.383382724877414,2.633485416202824,-1.7163079620130786,4.843237399474624,-1.3023008904952418,1.7528056440738702
44.0,32.0,325.5047302246094,-0.4682730416990495,4.684659372792893,-4.782631410231239,-4.350411806165094,-3.1041654161719574,1.2443713178850233,0.3090977662415088,4.965203891591688,-0.6901522309623802,1.8062114395280595
44.0,32.0,264.0254821777344,-3.475555939592918,0.9525996950214156,-4.944444181914114,-3.5720832656842605,-3.6384743751452966,1.2217976584638794,-1.1807741143455497,4.998994525387275,-0.7587248527024961,1.7310454531176012
44.0,32.0,250.0298767089844,-1.8242462121183995,2.861181892617548,-4.199950316851122,-4.493779826463489,-2.9355418817334384,2.147379657893235,-1.8856935154287324,4.387714360222123,-0.4202389022809303,1.691904283321097
44.0,32.0,279.53271484375,-1.2445585276026865,4.958450607397506,-4.861404795291224,-4.727326803415519,-3.682380289840741,2.0544953919605105,-1.3209317724912757,4.999788835930849,-1.1036244268382256,1.2299281678813123
44.0,32.0,262.3262939453125,-0.5013233649913804,2.890583143885101,-4.941154746166856,-3.6178790125240967,-3.1721835280201782,1.1013632887488978,-0.4036705950772701,4.637592864094449,-1.004692451382621,0.5604163847396793
44.0,32.0,286.3900451660156,0.4747100106513882,4.825415806059581,-4.979694168551048,-3.810828572557697,-3.152324283026095,1.0709816979905522,-0.217742075012314,4.66318586381507,-1.233887459898792,2.1189763761607434
44.0,32.0,513.7060546875,-3.4659464596994005,2.051320127433139,-4.714649037333563,-3.4939763347688406,-0.9750683576946066,1.5171757866431337,-0.3199565991818955,3.902044070312181,-0.8875696538831246,1.824788119339658
44.0,32.0,271.7706298828125,-2.0243463059378373,3.1303988371030496,-4.992452491248471,-4.89415527824805,-2.7836719625765034,2.772799937838437,-0.715458079538303,3.85792247884072,-0.6480207992852023,1.745916671850015
44.0,32.0,335.76531982421875,-2.527745534254364,1.206777502208373,-4.989357037116437,-3.680067469446216,-2.7987944360780186,1.764926103726041,0.3742188714775967,4.993696473951573,-1.1997913210620492,1.3782243542017758
44.0,32.0,263.8739013671875,-1.24894222402036,3.9796664195095257,-4.80229283893093,-4.07821256952022,-2.413922237611843,0.7363494079313799,-0.734404614245757,4.661674236895033,-1.0765625117346684,2.344573588122537
44.0,32.0,243.2123565673828,-1.3656402937028114,3.104863715861855,-4.252445485543184,-4.300116142928227,-3.0782199175587968,2.4346159042746187,-1.3891701214987455,4.16118425111668,-1.2115340787985636,1.5284889683489622
44.0,32.0,294.3182373046875,-3.488898340973113,1.198044516345914,-4.990240695903602,-3.2982528156008426,-3.3047206585377573,3.0036495931916143,-0.7400224842256105,4.998767936502263,-0.5616632010311164,1.908778290311356
44.0,32.0,276.4098205566406,-2.740136607774039,1.4555504383290463,-4.482613139654719,-4.3754397661914215,-3.131950406144004,1.35687207718491,-2.3787336575568974,2.5525195009460084,-0.8073695359564859,0.9824250704150472
44.0,32.0,247.82061767578125,0.201414172000387,2.999571217845739,-4.610732542174136,-4.893571750088189,-2.9695655490663504,0.4641502364030181,-0.664142509704333,4.896935892554952,-1.1860740686503175,1.3153200893486332
44.0,32.0,238.5077972412109,-0.0586367030858001,4.308953041165598,-4.689405770772953,-4.602511711737354,-2.123281644754564,2.281153176284625,-0.4528096544932261,4.766126128642922,-0.3408853116472361,2.028486525141954
44.0,32.0,268.31597900390625,-1.5678923459233451,4.676790695133423,-4.821514591389585,-4.921613476776784,-1.9650018382866736,3.394438707923684,-1.336779115920082,4.99990005482392,-1.3944987846339476,1.0896725780045011
44.0,32.0,244.4015655517578,-1.431963584770901,4.541387969573464,-4.977937130185531,-4.298114286483358,-1.990870304020828,2.243048099382408,-1.2197646502012849,4.8492528683995655,-1.2596080241071093,0.8678018356140917
44.0,32.0,286.99810791015625,-2.4489320968653905,2.2265288863967534,-4.846625712444694,-4.821841968868814,-2.6290856647871235,-0.2010582831483791,-1.7846473221322965,4.621651249440816,-0.9844082127717044,1.5247651470104353
44.0,32.0,411.5601501464844,0.4298653697389749,2.713740493567479,-4.732708541304124,-4.989755386997316,-3.2090826602643787,1.0260592540862472,-0.8095782844457471,4.889018232600451,-0.0302539512609865,1.42098150383966
44.0,32.0,352.40399169921875,0.9897061351291434,4.784501740511411,-4.999942461261112,-3.709478047159858,-2.468258543345942,1.0750772875982548,-0.0938211520507268,4.7697561562897,-0.7185178918504569,2.139316564157136
44.0,32.0,236.9188995361328,-2.236220640559552,1.604754091256554,-4.896985443629716,-3.928113603676003,-2.1834057745078628,0.8153552653278586,-1.0697972473408934,4.207067935997422,-0.5934889915229649,0.75391868115166
44.0,32.0,223.81005859375,-1.2511827095607435,3.835561650413093,-4.97689744353594,-4.920516801433608,-1.9213812905355527,1.4143544663452223,-0.2486568550174652,3.8922526177025976,-0.9380722688573204,1.974980716219723
44.0,32.0,273.8130187988281,-1.5483923074612085,2.9145292724384406,-4.998886100823661,-4.995874533554427,-2.3552387330013005,2.071764013287013,-0.7097343138048071,1.4504388073325316,-0.8670554034965736,0.7707144494598701
44.0,32.0,278.8123779296875,0.8267383110380431,4.5131332979244725,-4.949818198280487,-4.8774053662177055,-1.9418225673676293,1.8207993349797305,-0.2769852443649139,4.29843715912406,-0.9609281354405076,1.6474061387960113
44.0,32.0,287.0170288085937,-0.9132124635789332,4.183506893863649,-4.42877668244158,-3.9201761651663407,-4.302569482259615,2.234801917882895,-1.1168172874577245,4.431377381052066,-1.3405267456366774,1.1232336131032046
44.0,32.0,261.8055419921875,-3.4137554487225508,1.9841252535532528,-4.90630835240761,-3.5306865635403675,-2.996678888916074,0.5771887382220084,-1.73968799991865,4.999669639642917,-0.7536765957189875,1.3103863210913334
44.0,32.0,283.1192626953125,-1.819393827483513,2.921917817572578,-4.988731361635094,-4.303870552961241,-1.8513661443007128,2.6221992871568567,-2.1554178670615745,4.293993436398564,-1.7396486779850298,3.056270028859608
44.0,32.0,299.598388671875,-1.3967471377015266,2.378606328513598,-4.992587822214969,-4.803123582838187,-1.5613860424878712,2.3170807324821743,-0.5358167548288773,4.563012146050502,-0.4426703175902204,2.071893537012368
44.0,32.0,214.2740020751953,-2.369918950163795,3.332367091613108,-4.9761058273042,-4.995909884108185,-2.563172380156355,2.786244665266264,-1.0284396159089453,4.719245318688143,-1.118978696549398,1.5536270873070377
44.0,32.0,260.2341003417969,-1.3759599929256652,4.204976985381878,-4.998483218863022,-3.77602664901952,-2.54249995708162,1.8265319122082024,-1.3560757633513183,4.906958428245007,-0.2320920361610952,1.7395345223984453
44.0,32.0,274.37078857421875,-2.274968272687224,2.33856941121026,-4.983928294685849,-4.981974938410607,-2.8920908765963773,1.845262512329344,-1.700298707538994,4.6164846898122445,-1.3045694529289693,2.953154101849837
44.0,32.0,293.16217041015625,0.0090740540780487,3.495760064098329,-4.521712221134741,-4.999947688309852,-2.965155500472531,2.4636861360608178,-0.9088087355131408,4.963457774300073,-0.9408038320137742,2.0967456848162893
44.0,32.0,405.3757019042969,1.2553614825452115,3.087205294258199,-4.980600654095015,-4.900862176522601,-2.875626203649873,2.8526578153007964,-0.5422293949410575,4.25487488432927,-0.9771135063775328,1.367729821025243
44.0,32.0,286.07940673828125,-1.867185878162597,2.2473194568719768,-4.8443295371650485,-4.660549948254659,-3.065764231635943,1.6550429208424156,0.2069362582706668,3.128253776130516,-0.8141700904602978,1.143913584353399
44.0,32.0,253.58645629882807,-2.245644571864271,0.5134727408770701,-4.941559948505796,-4.320054101630309,-2.726722341858231,1.9078400629995589,-0.7336362265094154,4.744153000851847,-0.968555996064654,0.2111379955775465
44.0,32.0,292.870849609375,-0.5691058703452452,4.592184198894522,-4.983334584821071,-4.793904575582908,-2.0829604765871297,4.641685323717763,-0.6693639954012296,4.978771552406926,-1.517458801576086,2.227694361903173
44.0,32.0,259.64764404296875,-2.686114348681163,1.1020452004745804,-4.995133033341511,-2.81529066618332,-2.9496546987995464,2.121907757472279,-0.527562852251525,4.847614659178847,-1.3758451486781738,1.6907775129459743
44.0,32.0,263.7763366699219,-4.118017682400595,3.781454409964869,-4.924036052423369,-4.276518572754825,-2.226099287782469,3.079951798033417,-1.5842226233320424,4.425625386969113,-0.6374123231468527,1.7397711785077652
44.0,32.0,562.112060546875,0.7141296227706837,2.7909240922249943,-4.432007459163019,-4.999635346464493,-0.9674374356544364,2.4004179744402885,-1.2021323613084682,4.366179736565673,-0.9345945952073168,0.8536077175695009
44.0,32.0,270.4681091308594,-0.7177048557085488,3.932449266176473,-4.315955896232775,-4.976394599076539,-2.116643947437113,1.3800461876487615,-0.4939421936810086,4.982710046848425,-0.2800858443914009,1.0654092147963858
44.0,32.0,255.343017578125,-2.3179891050754504,2.8976158263915908,-4.976976841698473,-4.990451172983817,-3.561306488581773,1.5914343183816984,-1.7283308579579026,4.229722863632965,-0.510817865148522,1.2771090381018482
44.0,32.0,247.436752319336,0.3868160364216413,2.4636653974871408,-4.891759310814573,-4.71566040232144,-2.573961275134451,2.6135575134146656,-1.0548008698364724,4.280608207780778,-1.2396211647762372,0.584478580071119
44.0,32.0,266.98443603515625,-2.8637681710191987,4.981801918572739,-4.966696090100711,-4.888705498993234,-3.129576599528284,1.998319627349589,-0.2374081815288162,4.204761643500554,-1.4493184821887015,2.18427532145872
44.0,32.0,240.49655151367188,-0.968789532880944,3.8085104658233497,-4.98598764673953,-4.707695718044402,-1.930603812118549,2.143615158075592,-1.020653703446868,4.732715712246208,-0.6603636762749368,1.7342169413996702
44.0,32.0,224.063720703125,-0.2193896426281911,4.662050929666526,-4.838233406803413,-4.990868084588795,-2.490353272629185,1.861357632861832,-0.8809376404119549,4.998080651341745,-1.3185549230835374,1.6149592749507704
44.0,32.0,317.12139892578125,0.3678623553276665,4.056704122444279,-4.996650618919275,-4.606769314938693,-1.5575296309040887,2.570397681478781,-0.5392518343618304,4.993120728057486,-0.8701796118709719,1.056386725685858
44.0,32.0,236.9654998779297,-2.4683084140505325,2.6777365326351763,-4.987053755473478,-3.9330586477750833,-2.6583790947799764,1.7715441447819398,-1.3947502820043791,4.583130579936549,-0.9093655334995684,1.6497900439889746
44.0,32.0,284.85968017578125,0.6626457237055172,4.967221084573435,-4.681520686042743,-4.238230731335617,-1.792847679765099,1.5034173962476682,-1.362159420189875,4.915578238655717,-0.4372369223574228,0.7339294045994302
44.0,32.0,334.79296875,0.8450751704602224,2.4395538782266426,-4.67546414642812,-4.78883344503344,-3.303592528349666,1.097542811333705,-0.1213593672719852,4.860867533152867,-0.8035537562850346,2.1271433865924845
44.0,33.0,295.1293334960937,-4.7996827762176535,2.332073508305012,-4.628014898681338,-4.999998300718401,-3.3404258630709704,2.372550019938352,-1.1816711467559768,4.953644826780284,-0.9219619172342046,1.964975732981852
44.0,33.0,283.6453552246094,0.2295114846324839,4.708760033797447,-4.703334050561796,-3.9781754186300535,-2.259857294834652,0.6889491965375969,-0.4448429406457199,4.9418623792480805,-1.5007353356074615,1.4288704285040683
44.0,33.0,399.4018859863281,-1.1655543578136092,2.8252460008903,-4.665879586304553,-4.906922054429193,-1.1891116210174384,1.908748230806844,-1.5503275049126666,4.536201323758723,-0.4388607759733673,1.807994866308232
44.0,33.0,251.672592163086,-0.2820704908280715,4.91477271957787,-4.889068001892118,-4.62661712385393,-1.69959273335469,1.3629434399131934,-0.4800204778634711,4.887064437370446,-0.8690783395347346,1.217648280221555
44.0,33.0,244.4969787597656,-0.2304935000873449,4.243813052985974,-4.45053373792425,-4.034052003093976,-3.079442083381059,3.045498574555312,-1.5212528926620417,4.838506300901384,-1.5596636250510478,1.0173651961655663
44.0,33.0,239.3095550537109,-0.6732574537593523,2.351888423245912,-4.839439872102326,-4.511457620036588,-2.681538824204816,2.686091533876024,-1.086948176062478,4.266899452262535,-1.1506406381926308,0.3795747468962096
44.0,33.0,253.26693725585932,-1.5411014054868426,2.053644316008314,-4.824143298473005,-4.290855765219267,-2.2606282684746426,1.2403804778868863,-1.3051736059432528,3.890093030385208,-1.0173147489366334,1.1178508965583456
44.0,33.0,206.025390625,-1.0118968094669012,3.745986744842307,-4.898862242898597,-3.774298625819575,-2.7570989130829933,0.6458045741471743,-0.0995930413141055,4.775775497561945,-0.7301681182845279,1.544975268978491
44.0,33.0,242.70162963867188,-0.1452053963054451,1.671729101773332,-4.5781387013419055,-3.50144268464495,-3.1933165571397524,1.6808304702921113,-0.6593793907291783,4.9478815916451335,-1.5202199542404515,0.9982940444483868
44.0,33.0,211.45135498046875,-1.9204256700498243,3.606201955963904,-4.7820689115087065,-4.886659591139545,-1.7487588970308448,2.1828415753137174,-1.511773995200728,4.764424490185009,-1.2357155441699592,1.2676574863650298
44.0,33.0,225.3690643310547,-0.6742463668417296,2.646656305003173,-4.763185548823447,-4.943378624926029,-3.1143953194275587,3.0634106635427525,-0.3989885704048959,2.7193972038615764,-1.102981709741222,1.2402894104469917
44.0,33.0,259.345458984375,-1.2541176783355006,3.421028660786696,-4.871113224975247,-2.8434339944391533,-2.1389286552132414,2.0966960321040187,-0.2656302346263643,4.944224341766322,-0.8731841363830313,1.094123437305675
44.0,33.0,253.27789306640625,-3.718329264767939,0.151862429236429,-4.889133915426316,-4.988223108067307,-2.720241705671765,3.0528326055381108,-0.7663519371870828,4.555844841416478,-1.1252865196032524,1.354897440789319
44.0,33.0,685.957275390625,-1.3012819655787822,4.471528295685765,-4.893330702100148,-4.953671353447235,-0.7343175381700542,3.433161073032956,-0.312425880638485,4.989346485693307,-0.6598465354547303,2.201324109976955
44.0,33.0,238.38482666015625,-0.1706465630671072,3.3795185679123314,-4.682552267450123,-4.4256385472656525,-2.8977791687248327,1.0435977645462984,-0.3406805887784134,4.857529681699887,-1.2294065697899486,1.4272428719240755
44.0,33.0,220.40353393554688,-2.0589603315356007,0.6523573906292519,-4.994619371216551,-4.455620173577431,-1.9895640766907672,2.09092759095078,-1.1220112272583544,4.758896592068984,-0.7236910985335179,1.450278804343334
44.0,33.0,293.42047119140625,-1.5974889118228397,0.9246351380402816,-4.863336606482929,-4.784535053327494,-1.893530242170803,4.217592051706397,-1.4044058272628217,4.995739477166055,-0.8459063339607962,2.0447424201098965
44.0,33.0,262.5726318359375,-1.9675762906738337,1.698648775965749,-4.1768781394630885,-4.9212996977725165,-1.761273150342253,2.677585979659761,-0.9299745994603584,4.7217739531593335,-0.2454845494752886,1.0506321957793858
44.0,33.0,237.2069396972656,-0.5293590155374126,4.090487370319307,-4.81234433850131,-2.8129349588953456,-2.913617091572918,2.3716595578902293,-1.3522709286293175,4.892368005331411,-0.8142227512122187,1.049330843549817
44.0,33.0,234.8370513916016,-2.2731244238886807,2.805065172782818,-4.65703113551859,-4.275040237880526,-3.549502348362568,1.273988553885799,-0.3270320982527694,4.427490388724809,-1.502019780594015,2.4772549344498787
44.0,33.0,278.03692626953125,-0.0516740675638081,4.706361543716339,-4.411959749439786,-4.625665140407884,-2.4221662568931546,2.205322162865615,-0.2749632616211563,4.964203246024052,-1.3371624409252272,1.6144126012278806
44.0,33.0,255.07687377929688,-1.426526466797191,2.786218713875151,-4.976157348227147,-4.20121473966182,-2.5134610849943098,2.8037831396694965,-0.8685425655799346,4.886181301583552,-0.6311990860961574,2.034760057326899
44.0,33.0,247.27197265625,-0.869354858917422,4.638753985831324,-4.683696079876308,-4.930504205779204,-3.0386945258108944,2.629586277160396,-0.5322814191720617,4.991503292598612,-1.109016586754246,0.8599433767757549
44.0,33.0,207.7758178710937,-1.910049578321055,2.671219291211245,-4.271986465529728,-4.965214354448002,-2.71050561713466,1.6733040703787392,-0.5775704534690798,3.8160270777916914,-1.1593551903124002,1.2779782611715262
44.0,33.0,1473.20654296875,1.842225312693396,4.837642635975588,-4.643779242082887,-4.098585895164173,-1.405568806708465,1.7578302711686629,1.286241371204893,4.864200688002807,-0.6560895807851095,1.2734881098033322
44.0,33.0,332.79571533203125,-0.1358314617577445,3.764149484046401,-4.913663537874415,-4.338766044716459,-1.4016691958848737,2.195006946736279,-1.1960552450389677,4.941093412736189,-0.9333160578512044,0.9383257717805532
44.0,33.0,250.83338928222656,-1.1721680304892357,1.0495971941118878,-4.984449657328616,-4.817321227156192,-2.671152722647072,2.2936978661947807,-2.029276070536575,4.901175722412248,-0.9008001065073304,0.8796605530363095
44.0,33.0,241.29217529296875,-1.1896749705371428,3.54707868804492,-4.944391125719168,-3.091708674727033,-2.2942440745743555,3.1910930588306474,-0.451870520473566,4.7270891735482685,-0.975882137869278,2.539209909138364
44.0,33.0,271.2366638183594,-2.6323323300715726,4.094214689668343,-4.936385943459469,-4.961086742264213,-1.6363512515847756,1.2737389267691182,-0.8906511873157976,4.963630490821544,-0.5258221213111156,1.257561180844997
44.0,33.0,286.98028564453125,-1.6358416485982,4.154277806308627,-4.496434146688367,-4.421366132693495,-3.196714187249684,1.9983576429053096,-0.6661397069512489,4.990576493553506,-0.933308875004248,1.6717649435741109
44.0,33.0,259.849365234375,-2.5265518912655334,2.4429092670724284,-4.778354535881903,-4.657805849639017,-2.6974257080587267,0.6974450012533442,-0.4575233026942857,4.830507148814252,-0.9599753726484774,1.711104996809663
44.0,33.0,258.1439208984375,-0.8955496842868902,3.101182254162495,-4.962139279681453,-4.9994651601872375,-2.9472042755137355,1.9905455139231216,-1.6452363519247637,4.998546417034429,-0.6952395412945753,0.9730782089054112
44.0,33.0,312.01324462890625,-1.2293485673192968,4.233769488076755,-4.873603935308474,-2.6900906902660893,-2.967532755813303,2.475707779723938,0.2903152810444487,3.653383846487122,-0.4737961786689757,0.7686319929038632
44.0,33.0,270.61260986328125,-0.7753723637644594,4.353642525973314,-4.620116102334318,-2.7937828426276603,-2.434924251430584,2.920675878507629,-0.7140794989704276,4.579095768661643,-0.9072274429939258,2.339760395114033
44.0,33.0,242.54025268554688,-0.2719943480033606,3.9833434441920375,-4.663221939998865,-3.7605851857580816,-2.216551253510812,2.2436469955238376,-0.485483775532388,4.59629836201117,-0.7812812653286478,1.9166826090474656
44.0,33.0,262.3206787109375,-0.6026797137399704,3.9655515539682114,-4.913484555068059,-4.724145031157245,-1.7804685717412685,1.7956158098132438,-0.565555769470091,4.946841578707836,-1.4372402719123856,1.6139779889935078
44.0,33.0,276.0236511230469,-2.508854515792262,2.9773946010787498,-4.986888881326639,-4.746025405425447,-2.288804774241636,1.7332530653486575,-0.3096695681899151,4.97081621683944,-1.0770595876834617,1.0394716977181293
44.0,33.0,229.30032348632807,-2.062520889508863,3.268410383038148,-4.968928722088457,-4.9012670768110125,-2.0996404802479107,2.807594617303188,-0.7805022448957057,3.875713674067186,-1.1498216184595336,0.7604979706157868
44.0,33.0,258.4349670410156,-0.2170672192866378,4.976836859621766,-4.938779348468285,-4.601791165120973,-2.3775840867544784,2.3613448403907285,-0.7392010013157915,4.986340476053687,-1.01691663214803,0.9463420661090174
44.0,33.0,230.40866088867188,0.2682344652313091,3.490142212673188,-4.989027030710965,-4.983721904322379,-3.095260436540596,2.4788921669190707,-0.7787940802411208,4.63871882721836,-0.8327597961461466,1.1083121806545506
44.0,33.0,266.7607421875,-3.212530291275519,1.4889252076658297,-4.967178246540577,-4.094018322684333,-2.605949824366423,2.187930439789657,-1.7765214053453642,4.878601754290715,-1.298241822756534,1.6161803894951712
44.0,33.0,226.082763671875,-1.286400242349322,1.1415481483585035,-4.946938149053445,-3.9727747577025054,-2.4255894335352086,1.5867405961961598,-1.065926716415663,4.46987520061794,-0.7534351692770915,0.989552213993666
44.0,33.0,279.94879150390625,-1.5810686273855996,2.3748374134861283,-4.668403697831607,-4.992704458755775,-2.057557006363636,1.8393553023756304,-2.517820700416038,4.985733912702742,-0.6889751318612589,1.8254981493895304
44.0,33.0,262.9021911621094,-2.330878736992501,2.567987869505844,-4.271663558274802,-4.980223594118777,-2.924755355584029,2.058861185376343,-1.2031735381442403,4.439819891300216,-0.6165128381984148,1.4580463115490154
44.0,33.0,277.08868408203125,-0.3167527286603908,3.1600204241588816,-4.735138460522852,-4.829116754483833,-2.536055917333296,2.203134133810643,-0.6913009204547373,4.9447127960155655,-0.9419599681567624,1.849756810366728
44.0,33.0,273.56103515625,-3.5566114541575864,2.2525826650134846,-4.999670116707874,-2.9353150605387883,-3.01724059957316,1.7529651906084007,-0.6848172203209906,3.465344429081741,-0.9750313392527464,1.4578932380181602
44.0,33.0,259.56158447265625,-3.1875593019997472,3.592232994607881,-4.93773039854826,-3.891838230273122,-3.435894702264359,1.84133307218068,-0.8142925295636214,4.665325737905631,-0.2166209777304972,1.6696577007776794
44.0,33.0,382.8775939941406,-0.5775028426161466,4.966380803423608,-4.775689412982246,-4.726393333519395,-1.3993261097509189,2.800449315468933,-0.8594403394011305,4.942723887709258,-1.0017082681016336,1.1205110727546057
44.0,33.0,235.4830780029297,-1.562794096638708,3.212608204295208,-4.928671626724711,-4.29708985008791,-1.87289490612764,3.34799617327818,-1.5037920410429448,4.762109920904798,-0.7631547282600035,1.8140515470864795
44.0,33.0,335.4974670410156,-1.7655919430051004,2.2977416116885188,-4.895855949540017,-4.298600301385775,-3.030198329220683,1.5653580588101406,-1.1460192228833814,4.643089385445133,-0.1192514671854647,1.9206334854220364
44.0,34.0,259.81591796875,-0.3987724643334598,4.566020775218927,-4.988032502266929,-4.840468413719363,-2.1723376745974265,1.7351748455458544,-0.5789330370907129,4.999929289823156,-0.9719176761847512,1.505312499070409
44.0,34.0,245.46224975585932,-1.5617935774449867,2.070944669172976,-4.988943703604827,-4.439249707847901,-2.338208926383334,1.7164300903125689,-0.6269134026539502,4.654563534756122,-0.9007530875863984,2.2471849455061967
44.0,34.0,323.45166015625,-2.488869654304264,4.898459467357951,-4.916078038918679,-4.926681348036666,-1.590795094231114,3.574898221445938,-0.1768887993878154,4.929923069798871,-0.9781755172698868,1.4700014474128755
44.0,34.0,255.36627197265625,-2.3983573914698537,2.806280927531745,-4.875940196788112,-4.755900606222551,-2.324698519967038,1.8504801555893329,-1.1661460795532737,4.909911268935328,-0.8858505599429645,1.1476544123878796
44.0,34.0,288.2630920410156,-0.2906178789379838,1.3419185939636824,-4.807193860794646,-4.9855324757208725,-3.079901844489383,3.607453074356762,-0.7905411328930239,4.9985384726997175,-0.8849234779701955,1.7246640771946495
44.0,34.0,241.46473693847656,-2.1855444443336496,2.7059540229352264,-4.97127750666148,-4.991272391776328,-1.8932661926691408,2.3067812518294604,-0.7704536833852016,4.964363824025504,-1.1227656224002875,2.0187195597911067
44.0,34.0,216.25689697265625,-0.2206207270730411,2.712023603427544,-4.585611574400246,-4.908456355603517,-1.962379063592848,2.053170482433422,-0.2688988021798444,4.370798373633157,-1.008930637214665,1.3448427956580336
44.0,34.0,380.2097473144531,-1.3061066903773906,3.225049218134533,-4.856716240175997,-4.566403158084103,-1.2927174896164333,2.131078759561785,-0.9513608477195444,4.056154407363495,-0.646573811718449,1.1992349801304103
44.0,34.0,292.8236694335937,-1.680261916048849,1.5918421846262565,-4.526193050584461,-4.990520700025471,-1.7043788070058294,2.115550677438299,-1.5399221883945469,4.911814959093835,-1.1300661750870882,1.7632457966587225
44.0,34.0,263.09503173828125,-1.3615662898643324,2.986682945323789,-4.999211716697595,-4.882420978253779,-2.5428653078331225,2.662066925003156,-0.7201673140991547,3.792248439292596,-1.0999960587308275,0.9283206968731434
44.0,34.0,251.32827758789065,-0.1057125061516641,3.709842212685574,-4.5948200036141165,-4.784377625874139,-2.917674866966353,2.323414291694106,-0.2519572033895398,4.525779813707935,-1.1721303879027207,0.7924847290956727
44.0,34.0,268.98699951171875,0.2595702057880462,2.440900253503809,-4.32327345768681,-4.42568508952173,-2.7957722173572592,2.6734002139033404,-1.5072310996832743,4.6061653354604,-0.8676429540289323,1.198602418843839
44.0,34.0,252.1636505126953,-2.5706785329490125,1.7005163523301476,-4.999960642933146,-4.907482401446595,-3.495809995293292,3.0685509214896385,-0.5517933294816384,4.073485358003094,-1.0216991998382885,1.4490442063896722
44.0,34.0,303.0744934082031,-0.8376537994411546,2.520678833609871,-4.990334569851725,-4.087058283940136,-2.931314458895719,2.8299307317548124,-0.7668070487258305,4.980936412594168,-1.39713962320567,2.3646839277199616
44.0,34.0,232.70877075195312,-1.103232086142655,4.631121845604136,-4.998892464958124,-4.786801181135227,-2.316414161186115,1.0441314245665625,-0.7123437007634736,4.850289510634898,-0.8380089541616043,0.9620475894658131
44.0,34.0,277.87158203125,-0.9218805048781586,2.223439574394595,-4.573757617495676,-4.943849848888648,-2.840961590448442,1.6690202513338113,-0.7721663968743773,3.383029202505641,-0.910421248533364,1.3409545254092672
44.0,34.0,221.4573516845703,-1.1208533617023764,1.9820212100795336,-4.260028542473742,-4.543803013987421,-3.020384219989145,1.7088886440477458,-0.6359161662886113,4.644324573049591,-0.8129242578056957,0.5554230056357792
44.0,34.0,290.8492431640625,-1.8297619577498727,1.5271037639785936,-4.5334559592375285,-4.823960081014405,-3.3559517084981123,2.4220976503054503,-0.2519150895498567,4.054994605734731,-1.59709337797949,1.073866973163879
44.0,34.0,251.97169494628903,-0.961992461305778,3.96849574012981,-4.99745960999478,-4.906031023387457,-2.1344886874825013,1.721776171181788,-1.091143035879119,4.957414652397578,-1.0763772074634428,1.8217402675313945
44.0,34.0,264.86090087890625,0.2247986988278141,2.857441577681975,-4.990332281946371,-4.928672873372923,-2.080138746370958,2.6633110828928857,-0.8465107889147756,3.897403272664356,-0.6556406866906261,0.5979848676178214
44.0,34.0,243.1524353027344,-0.2171311457815354,2.3057026659306725,-4.821845714008565,-4.890770835022927,-2.9337767430792354,1.9204384656739373,-1.4299194616167084,4.917541213520458,-1.3065584367515823,1.84964813212156
44.0,34.0,252.16783142089844,-1.964646367059624,3.680309006187583,-4.992075783523039,-4.980098633983257,-2.45002042699453,2.999983740773593,0.1259564458327577,4.99829609534369,-1.0197677794967874,1.6998063648179782
44.0,34.0,271.7425231933594,-1.6879269943583963,3.380776822936159,-4.842184877975139,-4.151351531676222,-2.85145658984559,3.371337594881457,-1.4206954930613422,4.932826972557274,-1.2772206831605608,0.1753650351294116
44.0,34.0,243.90798950195312,-1.8533053266373605,2.7853935578653912,-4.97404516774662,-4.795819280288345,-2.1953561003053075,1.4798920744888422,-0.6979095937854538,4.267055984545776,-0.812818532464366,2.0479410381425485
44.0,34.0,311.3631591796875,-0.479784906473923,4.490195792953477,-4.467214838653483,-2.655509397013671,-2.544502262032369,3.505573067258389,-1.2100863338339165,4.908991686883173,-1.0051943395175948,0.8667651858041223
44.0,34.0,236.10536193847656,-2.1364635727641765,1.3177175715576608,-4.908468226687921,-4.992594228188249,-2.7047060141868933,2.088847657298364,-1.217567926226724,3.972161904286685,-1.5436178123916244,1.6207228490432604
44.0,34.0,240.3223876953125,-2.240392613422528,1.8763436272913427,-4.997033428271008,-3.208446729533178,-2.08386579063024,1.90387403265394,-1.147784289780707,4.856603737935119,-1.378672071925584,1.2149363287761883
44.0,34.0,263.6752624511719,0.5231506491786,4.49079141616506,-4.9921704712355455,-4.941700410138803,-3.0170620659921763,2.924778737209934,-0.762671165252435,4.906523177691657,-1.6187085805698849,0.6880234060327064
44.0,34.0,236.81298828125,-0.7762555423876343,1.6113846537190346,-4.5711012914259,-3.775646903124254,-2.3283922705638203,2.2009735854390904,-1.0988683114622635,4.000607234777034,-1.0688257137824642,0.7396184873923559
44.0,34.0,258.4120178222656,-1.1383942680321053,2.8331436283601583,-4.93196647218533,-4.289121788580635,-2.1017924069327654,2.2400840165609326,-0.8667233241527601,4.953272066390559,-0.6517028520381221,1.5016065498765885
44.0,34.0,233.9864196777344,0.2220740947165644,1.1450358664192883,-3.874844025248765,-4.968493487516876,-2.23507410187032,1.250113322996734,-1.064507615541737,4.315855432420152,-0.5681654415773663,1.3660088634891316
44.0,34.0,213.5795288085937,-0.9192531743752984,3.64659915506091,-4.497880536655341,-4.99839073260061,-1.987709168205652,0.9058015362728452,-0.3634144644346193,4.442304568062754,-0.9280461142389642,1.6213195199047696
44.0,34.0,297.80230712890625,0.4303853156914883,3.961216393397329,-4.895971234678985,-4.999701505009367,-2.100660935934494,3.2895129471686886,-0.3958574893701625,4.905596730861998,-1.148071469756465,2.145064272300917
44.0,34.0,240.6586456298828,-0.844244668906498,1.7272026324574794,-4.779224668382788,-4.87839393339424,-2.769843209909889,1.1289263956497333,-1.0045625852517497,4.999941333224195,-0.7286743179628816,2.007639538247168
44.0,34.0,232.40798950195312,-0.1008185855774579,1.4419112539840784,-4.993634296565434,-4.208770885820906,-2.613664461534569,2.540168652881696,-0.8047482373059047,2.724504804690606,-1.1640060309870233,1.3628928400232478
44.0,34.0,202.06866455078125,-0.9270792628573056,1.7264906941824654,-4.104501467036176,-4.999907991094992,-3.0500022956674595,1.8157613941572703,-0.747092283644788,4.864452846087328,-1.1573781739034854,1.7762669898562509
44.0,34.0,222.1805419921875,-0.7392972612100337,4.963610116841458,-4.999571015269263,-4.908829441082057,-1.9999137033293164,1.988222818717444,-0.4269754798567451,4.8299702319219335,-1.0388327164457016,1.6124126143959376
44.0,34.0,262.10552978515625,-0.3816724851037776,3.738956795323981,-4.993939816060608,-4.999976331964084,-2.445187407680941,1.610684222691666,-0.2219745146783296,4.980843215028676,-0.9630064731137002,1.2178480079613454
44.0,34.0,576.9757080078125,1.305052836707615,4.081009655683662,-4.906610852263401,-4.442025037488297,-2.1512121281388104,2.8303369981313,-0.258762206627412,4.976804808698013,-0.0136969215990108,0.565934219482731
44.0,34.0,282.49981689453125,-0.7723387529216525,4.229242057078448,-4.792918963356873,-4.952009153911245,-2.889367919346281,2.312015982170484,-0.0264380549134868,4.662648584018424,-1.6730029434844251,1.1554990049100482
44.0,34.0,236.79690551757807,-3.098761161835604,3.606552164028168,-4.970842590255271,-4.806399289832528,-3.38820485371715,3.255824743940737,-0.1448681773269369,3.767327004459229,-0.7886737541806275,1.3245680160151796
44.0,34.0,385.37200927734375,1.0310055421876418,4.9040963785279565,-4.722067200827432,-4.845068999281216,-2.2474672040986943,1.5326974067589427,-0.0891520690529787,4.775341834012925,-1.2760452742718271,1.808779934735039
44.0,34.0,223.431396484375,-0.4882542558146561,2.010223873299582,-4.945714704074828,-4.991033390002732,-2.3336129555357825,1.8296303513410728,-1.0690265834951305,3.352206374563023,-1.037098924735615,1.6218292544558377
44.0,34.0,368.5476989746094,1.08482611624221,3.517216174861515,-4.893611351601442,-4.901834288872703,-2.5710405317705263,2.915484697412637,-1.0288942390445923,4.959237538596511,-1.345351710212415,1.522870765493753
44.0,34.0,274.08349609375,-1.130903204741549,3.578082871193411,-4.946247679862296,-4.54312670226423,-2.329654378773266,1.4926643824884431,-0.4242880931963668,4.832746781606913,-0.1814353274944871,1.1042385638515515
44.0,34.0,229.83084106445312,-1.9997695372712805,1.4984906592928198,-4.750828783907436,-4.959229583129351,-2.532668849018287,2.0243645781314923,-1.327561445602777,4.822315693373319,-1.4422342166514652,1.3998487358844924
44.0,34.0,298.1348571777344,0.5416170707358354,3.197570260201406,-4.800061778719112,-4.842320327589139,-1.670831016183456,1.7121889794941154,-0.3852094442171063,3.731078966855579,-1.1783118035404885,1.8374634963059064
44.0,34.0,274.15203857421875,-0.4644669094722093,2.5181594667487524,-4.219277871158516,-4.995260918578649,-2.9165920110379364,1.5540212061266452,0.0990680201821287,4.630541774523177,-1.2576169574792069,0.7848842418272834
44.0,34.0,265.9921264648437,-1.9567042497532308,0.3798888753462854,-4.952754480302517,-4.06962422438453,-2.3806748677943195,1.778579458526501,-0.9745738442674536,1.4519238592817985,-1.2683561268166788,1.5681099533709286
44.0,34.0,273.4229736328125,-0.9740992211755186,2.233409146559598,-4.51391286869675,-3.6945261577619553,-2.185893211706425,2.6279087915295243,-0.345554393785223,4.659803468599877,-0.9069489975525942,0.65439044585119
44.0,35.0,249.84719848632807,-1.0609548211311215,4.613560949934861,-4.831591887471632,-4.420542540382353,-2.3215131870324424,2.020459781495494,-1.5664249162328805,4.999625734410035,-0.9807633319058686,0.6112267833039677
44.0,35.0,236.7067413330078,-0.3157493779113141,4.527615519231604,-4.925253186763197,-4.796586485223974,-2.088795885617216,1.6640213617776558,-0.5465409084638324,4.601258715405729,-0.6627190114725847,1.580739154236788
44.0,35.0,232.4117584228516,-0.7021723694323825,3.447437734287602,-4.890188694535856,-3.2876128331327643,-2.5345935980530765,1.627640081457126,-1.107461899334119,3.1714984685089966,-1.1229718620060465,1.4658646675024531
44.0,35.0,263.0121765136719,-1.0918872745709205,4.940919820431414,-4.876314264331247,-4.8305687958032255,-1.8937774690008409,1.5794523059109071,-0.3135811815810454,4.99444562474554,-1.0898197355415469,1.9086713684383727
44.0,35.0,250.7355194091797,-0.4350138661173544,4.214182044767842,-4.21860900473506,-3.8968282851255536,-1.902478791129269,1.8975944579975657,-1.0883438978307822,4.320575772949036,-0.9487639860599452,1.0982481743100188
44.0,35.0,289.785888671875,-0.3016547740894317,4.714031683238536,-4.438903584646599,-4.170125195893653,-2.3940062543052942,1.6814112572901738,-0.8278245666332893,4.8014461038820375,-1.607195266660871,0.880117934037151
44.0,35.0,249.07107543945312,-1.159925470745894,2.4485177770172264,-4.997085169958644,-4.011140519236989,-2.619836176630874,2.56273888380634,-0.002351223814248,4.997587366559106,-1.1265075272756722,2.2624192594048225
44.0,35.0,260.569091796875,-2.7150555886065737,3.355461538431161,-4.82697108158551,-4.987936483117943,-2.687079105211228,2.3994491894860195,-0.6891423635815199,4.052376671621662,-1.0688135676226782,2.784758002703547
44.0,35.0,236.23358154296875,-1.2174001006840407,-0.8873511615552214,-4.30994362975067,-4.05149469448321,-2.5955289174743363,2.37152984929433,-0.6819647146219987,4.4454963901228695,-1.294080079243765,0.7316035985014269
44.0,35.0,288.6834411621094,0.731083193943828,2.15412614358932,-4.931020996452615,-4.459727048214363,-1.766328782796092,1.016387213654392,-0.4813835423133126,4.896723531302872,-1.071912521294769,1.9127120014179613
44.0,35.0,316.05145263671875,0.8407925238375968,2.6734116703279103,-4.875009295538726,-4.806390217417941,-1.6427422476153684,2.4947271634642227,-1.084458042271057,4.401605237272474,-1.2570416716998354,1.116969619098363
44.0,35.0,258.7830810546875,-0.974845651108054,2.33997865816944,-4.558407034641903,-4.482701349117049,-2.702271227781813,2.943794878009963,-1.0460469031349606,3.3374534302948824,-0.9301187097395304,1.1999588396863556
44.0,35.0,218.8640594482422,-0.1277983472761388,4.6065009997749335,-4.769852475291271,-4.191180148654298,-2.3725512763191863,1.1966207056905152,-0.2747146245600014,4.834325977502585,-1.19689265040173,1.4811851018611364
44.0,35.0,373.4010314941406,0.9379319251874972,4.704338596195802,-4.95981651460088,-4.795440357391407,-2.087333839827829,2.168602028684808,0.0905867287044053,4.6575936028929945,-1.0342940244286996,0.9768851377778356
44.0,35.0,275.1090087890625,-1.163713612778987,4.818478050734766,-4.941958720915237,-4.400904559695315,-2.7922463459801965,2.1857157106139145,-0.318139685422782,4.909369696515212,-1.4814703805043503,2.1089786802710897
44.0,35.0,267.89080810546875,-1.6977322352043949,2.584330913703478,-4.235859899068387,-4.906545261251571,-2.013538197595865,1.1797291331929003,-1.681604550226152,2.497958945717908,-0.8659979635989359,1.4760814727132576
44.0,35.0,227.872314453125,-0.453203050111596,2.732691617240852,-4.597476614406731,-4.905975766879918,-2.342565647876362,1.8730570067647712,-0.3345378422666361,4.804905705430089,-0.4789869865154701,1.5229931819612643
44.0,35.0,381.5083618164063,1.13862774530861,4.947691871293422,-4.943424903377622,-3.655683737291953,-2.530239325497602,2.357931684659526,0.0661766807741131,4.576640095056485,-1.2902787479360556,1.066529224198451
44.0,35.0,383.5680541992188,1.05268036926984,3.829197998967613,-4.932138690524528,-4.997959313012481,-2.5479912581073143,1.475562511662556,-0.3771518541981224,4.893235020548957,-1.6513763667724204,1.96394377008054
44.0,35.0,256.0632019042969,-1.8774174174971563,1.8330351915556973,-4.55370008110706,-4.436090101381904,-2.2367998497827206,2.608430622363861,-0.1394081088000813,3.6703581439474657,-1.0628111612190287,1.8087578640065471
44.0,35.0,422.6252746582031,1.241962476318048,3.068846960379384,-4.901374640293204,-4.906222784124588,-1.764021635844701,0.5765868225283333,-0.8767427067398215,4.90622950998586,-1.0522241068498863,1.3660321403266575
44.0,35.0,281.14532470703125,-1.7708287406692351,1.8936207034177808,-4.473422544570891,-4.862712750745885,-2.1475890051440434,1.9696431386169,-1.4850603727363263,3.293534473194766,-0.957027931518831,0.8787838427641583
44.0,35.0,273.806640625,-1.5021461839850785,1.26498528118079,-4.783607084259963,-3.7606811218017215,-2.397580823771839,1.9301095303615217,-1.1167864922770585,4.976997155338113,-1.3449338788873613,1.4923086947675674
44.0,35.0,309.54071044921875,0.4864801873035045,3.3278896874138937,-4.960232144934219,-4.202215774133821,-1.7097952280796376,2.0092874329527497,-0.4154749557728081,2.83029205093494,-0.9639860482622168,1.130522001953686
44.0,35.0,238.79544067382807,-0.1360936726499639,1.8631888796091616,-4.1463289205372895,-4.153116171187081,-2.244323409233809,2.050565003702931,-1.3926041451559397,4.887093811998479,-1.6364427693236436,1.6343437908303269
44.0,35.0,187.4358367919922,-0.0214149113720942,2.451138150120916,-4.896326006103105,-4.999052572861424,-3.0036133870181474,1.9296092874895168,-1.0056284880515975,4.679323176197944,-1.1313958644396505,1.6058134204538437
44.0,35.0,273.79443359375,-0.779230203163829,1.90451688297967,-4.474509947740362,-4.883233979705128,-2.3677508821363307,1.5242819731243262,-0.0288776829227321,4.562582076179524,-0.5662168890558794,2.318293795729808
44.0,35.0,259.7841186523437,-2.239396534558402,0.4669309659057763,-4.256428861768006,-4.922853477016949,-2.0909469263849068,1.6895249535602108,-1.5215315187099103,4.063187280070865,-1.721562853516632,1.848669567143128
44.0,35.0,265.7626037597656,-0.8032214636253148,2.548550894379802,-4.944601183936041,-4.229920636531811,-1.5360766507812986,1.661704470972528,-1.246064194606075,4.724494371208541,-1.52451797928852,1.3391199546973684
44.0,35.0,278.9276733398437,0.1122530504759025,3.538730237775095,-4.994682686472687,-3.9157559884009263,-2.767339781156416,2.2563160162396168,-0.6151652011412665,4.9939028708964734,-1.282992386726725,2.4323776656389127
44.0,35.0,257.3055114746094,-0.6454748110043225,2.4273376055402487,-4.570924663754055,-4.274656179522308,-2.459605726942346,1.0333632818431315,-0.6465098279554695,4.865327524965897,-0.6559631138219322,1.4834551452232567
44.0,35.0,230.0390167236328,-0.4834345458510221,2.047511022152344,-4.627984518690727,-4.8532879384273855,-2.07145024076374,1.3117414944050276,-1.3002251229481656,4.360576957324028,-1.2763921004138936,0.9920195635064212
44.0,35.0,236.89749145507807,-1.9439816649799373,0.2216699712035161,-4.023837006596989,-4.945686670133156,-2.4380888858669065,2.3204566881147484,-1.3423281076519111,4.862690296627946,-0.8745754874644582,1.461141048216512
44.0,35.0,293.9312438964844,-2.034538964971102,2.3434970787157603,-4.857064216657999,-4.6630946927509855,-3.3788047738381315,2.2425245225696155,-0.4093892068616078,4.979760099018028,-1.4497553347319387,1.2022912534205252
44.0,35.0,319.4281311035156,-0.6800765781204419,4.055883353861141,-4.9950922442319605,-4.055003484887553,-1.9959358482628509,3.1919418665169736,0.189770495522124,4.479360759737869,-1.152457847305218,1.791316859540455
44.0,35.0,263.4190673828125,-0.018343799935506,1.781318927274934,-4.530694439507092,-4.858362114799197,-2.193360554633008,1.8160589074207487,-0.8035445575816125,2.943308336600782,-1.0444216562082245,1.70101774041175
44.0,35.0,248.63357543945312,-2.647377167704964,3.7220451220328137,-4.583286676012867,-3.769054429566383,-2.13651192683142,2.046408900230727,-1.0336335264439578,4.897568217298639,-1.2538108861042412,1.3676458494983148
44.0,35.0,293.1524658203125,-1.284540896091904,2.2051893107185947,-4.969945958407473,-4.86316365617728,-2.010585886154405,3.646677912132388,-0.5896977990783769,4.587172758600499,-1.3493462945703278,2.1517582780079696
44.0,35.0,254.44004821777344,-1.3865300437595869,3.1404118781723724,-4.806211783874637,-4.746017904188036,-2.471667397370018,1.4447870109201686,-1.1955509601385614,4.521635758094925,-1.208987814516628,1.0259026339983706
44.0,35.0,235.94461059570312,-0.7742667197748263,2.978551414298309,-4.84577918806207,-4.021211793301175,-1.9548732628138548,2.3282203533255217,-0.6834817647200095,4.71850857095391,-0.8609442405255425,1.448535155450407
44.0,35.0,227.1031494140625,-2.22188485366066,2.491056953259858,-4.990346266388197,-3.99033469258208,-1.640895622208547,1.3560312252657951,-0.3112762268086442,4.347486819529351,-0.8558599366911777,0.7510019823302745
44.0,35.0,983.6826171875,2.7220929927485704,3.4939872139633934,-4.639969403132699,-4.944138272954865,-1.488180481667296,2.194342761214239,-0.2121676094965829,3.784877316080829,-1.0739737786258612,1.5247893720146743
44.0,35.0,265.208740234375,-1.9063175342374183,1.728622994172218,-4.820910550571099,-4.7810029033594,-1.9301322336691864,2.538978136424077,-0.8837696137421673,4.985884734955334,-1.4093391038593013,1.4332863164990517
44.0,35.0,450.9812927246094,1.34311636594194,4.131421209781976,-4.568591841826903,-4.3319987472266375,-1.6385610349115365,1.8731445582176496,-0.3604866046280719,3.579771571661645,-1.4150297065125104,1.0920972814999086
44.0,35.0,247.488525390625,-1.5761238390152132,2.267192536387334,-4.817486710081725,-4.58804196145881,-2.046056687632285,1.678924459751884,-0.2658709949543079,4.781514562608306,-1.2577738950785116,1.953686203965134
44.0,35.0,236.8685302734375,-1.1178182295007622,4.725019504565378,-4.998158828694308,-4.461798380203945,-2.689143621947644,2.2377565358793987,-0.524790416239127,4.795190828615672,-1.57482696643941,0.9203932111640308
44.0,35.0,243.7348022460937,0.0567686165217544,3.618646462830542,-4.851367206576589,-4.612317760208416,-3.268881853687664,1.4476366515236858,0.1180641379469094,4.736690413811081,-0.5627304483381499,0.6692607125655394
44.0,35.0,258.4249267578125,-3.1126599594498336,0.1200120454078224,-4.970570313036713,-2.1209630928937457,-2.9016074653333632,2.6977708229684163,-1.829291958057631,3.967112664837568,-1.132766113090102,1.977091724105204
44.0,35.0,255.1122589111328,-0.7421302623229113,3.341869151254297,-4.857081298553217,-4.83740744228775,-2.2629685001443134,1.585258030341416,-0.8410016524792665,4.032511508094828,-1.0976398434889338,1.2103805831733006
44.0,35.0,255.57455444335932,-1.1093735364753377,3.1746657344176743,-4.736609469833975,-4.997584972843842,-2.9263052615763714,3.2363867175026826,-1.1524701447040426,4.920449549963658,-1.1129760683101098,1.3100058211489154
44.0,36.0,262.1729736328125,-1.257135857635841,2.927027153516782,-4.681346682826882,-4.997706843834108,-2.985829121965794,2.440238424703866,-0.8696245992220151,4.994053086783175,-1.077210036670281,1.2098040888054165
44.0,36.0,261.7825012207031,-1.064134309439468,1.1480875198957374,-4.836886024079545,-4.279154957173109,-2.864293268798296,1.7864613169387713,-1.1799073111699498,4.225120412262877,-0.9974653145579806,0.8849642685694654
44.0,36.0,315.48809814453125,0.7014320198694435,1.510353856080462,-4.792529753147908,-3.5417295922554595,-2.3604337320530613,1.0661301268275842,-0.418904283383207,3.778905075490808,-0.7867094945800543,0.8132998515447039
44.0,36.0,235.4482269287109,-0.4121500717060042,1.9402740544260748,-4.783370082774742,-4.335732140597855,-3.169140578948672,2.012786200707307,-1.0899826150268197,3.3537288806613788,-1.0296279827815185,1.0428072088637288
44.0,36.0,260.4771728515625,0.1018791268510614,1.4618924060491398,-4.851785771755903,-4.94352071614986,-2.21751841261903,1.3472135068921718,-1.4659828538686588,4.986844740188703,-1.2430002435682797,0.872591052828426
44.0,36.0,306.0648803710937,-0.010011969772008,2.9833746423598253,-4.650086313133844,-4.617657167100404,-2.6139440392507933,0.4837763390882656,-1.198946019460156,4.975620296895409,-0.9839998699596356,1.1195738436252531
44.0,36.0,215.6758270263672,-0.1009126681741738,1.639230782530405,-4.5946654691742,-4.130086468607429,-2.4441122058363414,1.839156363936663,-0.2405063210550579,3.809464255069836,-1.0779125378450145,1.3206379650740503
44.0,36.0,263.4293518066406,0.2331264894122426,2.3008497834604817,-4.599226104247104,-4.945657290382988,-2.2765883343469846,3.1129314622840774,-0.4734848711560495,4.331678216455908,-1.3023219172392029,0.5891163517353295
44.0,36.0,274.27655029296875,-0.8117717104625468,4.795563356471671,-4.990260284791972,-4.304721061742284,-2.405995497839932,1.9437176223732104,-0.3071947299000532,4.994870180345593,-1.395655444449928,0.8452538061868262
44.0,36.0,233.27511596679688,-0.2447191897823657,3.5927582123609376,-4.508305912934119,-4.444683843545097,-2.5116134907541947,2.459377361618592,-0.6228780323786278,4.953787208353274,-1.0531809071743674,1.7098210719849334
44.0,36.0,214.9405212402344,-0.5293075811426498,2.182616413064567,-4.862972585075247,-4.993241958255639,-2.5736719701156288,1.4708692119111897,-0.8850965484091047,3.6313934490155138,-0.7966362651344099,0.991666121051292
44.0,36.0,263.0668334960937,-1.671637205856105,4.630345199421505,-4.654461967303757,-4.984354612476493,-2.581001316604386,1.2082979310815851,-0.3581521388992295,4.678368652944274,-1.3226858388834364,0.8556517330296014
44.0,36.0,253.6602783203125,-0.0035491481517038,4.489835721265479,-4.864932675939819,-4.658055977556731,-2.386569195597479,2.646659654514957,-0.509910433570405,4.727733765085336,-0.955557772755391,1.4939235668675472
44.0,36.0,228.23410034179688,-0.7350269379312193,1.9177916049353207,-4.219285420616673,-4.979779058670562,-3.102628451678255,1.5980688566128007,-1.123759898010524,4.790491580494315,-0.9162110840751954,0.6418494073466423
44.0,36.0,260.3924560546875,-2.561789967568729,2.589400854736658,-4.927677007501385,-4.488499698611927,-1.9332699063640293,2.116644530579671,-1.697511317025028,2.684909645241952,-0.984990913015004,1.6013922162773555
44.0,36.0,221.41558837890625,-0.2961438159019742,1.836928303624284,-4.2786330882268215,-4.986854949805901,-3.151721942149487,1.91862831286898,-0.8528172646216516,4.749838128867001,-1.5279107873587554,1.7195584787636466
44.0,36.0,283.06744384765625,-0.9638754983287868,4.557590708808007,-3.997343250247177,-4.415704001678592,-2.554430371816109,1.1126001789332791,0.1937196854951643,4.696569758621656,-0.9034293482083956,1.421316182815966
44.0,36.0,197.41928100585932,-0.7938452443732453,1.663805097823225,-4.888534015522179,-4.940061186705789,-2.6060588244548413,1.1757848966773636,-0.5919095380964947,3.970722850254736,-1.046086440049784,1.3892493666627548
44.0,36.0,300.8482360839844,0.6607060444170294,3.099584466477376,-4.913758077565327,-4.474799373464611,-2.183445587888137,1.561046866853144,-0.6378296840931004,4.61641364046905,-1.0763938406706313,0.7761746106411804
44.0,36.0,267.66094970703125,0.3448120274373174,2.5590839876375355,-4.659338129694972,-4.46564218001745,-2.1877373996684764,0.8312469562783313,-1.6155156836618834,4.983922597380495,-1.0302244475673668,1.1337147978434938
44.0,36.0,244.14910888671875,0.0636350605844535,4.00990313129962,-4.489510590304297,-3.694303933274981,-2.5931262178275696,1.6281203850559267,-0.4589677452740321,2.171037462703554,-1.0575767589586684,1.020905955654122
44.0,36.0,285.2357177734375,-1.621267976698313,2.784959470128877,-4.499932232943824,-4.896591787142725,-2.3619294296858406,2.1434182481172206,-1.1840695999659747,4.972677912562277,-1.1137313895345176,1.7316939537638714
44.0,36.0,300.17822265625,0.2555121572878773,4.368059736015663,-4.95021123668389,-4.069626545978943,-2.306521999962512,2.1092221861507268,0.2544479955055951,4.585480776904872,-0.7416534948972515,1.376969207710804
44.0,36.0,252.5766448974609,-1.4924807298165108,2.003236381324033,-4.897994419877633,-3.59986158292382,-2.3625829540250627,1.0612862809794432,-0.2017408651885111,4.978651261829668,-0.856313269798127,1.213899635222505
44.0,36.0,321.1386108398437,0.8570214704026649,3.570578144453366,-4.824470846272357,-4.695484502218966,-1.942304309117464,2.8302739748070653,-0.4883135067824531,4.8203521666148,-1.3673019694601214,1.7851474626249626
44.0,36.0,201.6825256347656,-0.9867773537549588,1.788889581122202,-4.9892509289234495,-3.4818259079825453,-2.017469262462852,1.4473296256152093,-1.0723303062933147,4.999994357375478,-1.060041881179219,1.3378232709065072
44.0,36.0,270.4423217773437,0.5131911122628612,3.493163101298748,-4.763266965525556,-4.9130081053832,-2.9192013314896488,1.1161756858186245,-0.5084535130505285,4.55587026220689,-1.3527296427829372,1.6209309095286537
44.0,36.0,247.86749267578125,-1.7200948603840829,2.557859127889309,-4.959249957322324,-3.8678237958686,-3.3789455834377686,2.036878014492192,-1.0631568423092523,4.7557132273208165,-0.9949057471360216,1.0726129227090355
44.0,36.0,273.22198486328125,-1.377533912048582,1.268447721311957,-4.626110060316334,-4.6696785365294025,-2.1808062975107543,1.4529655834640938,-0.7183620858931121,4.904470317900021,-0.5370383673084698,1.033205453890332
44.0,36.0,321.6855773925781,0.477107885975335,3.814010072295019,-4.790251184377631,-3.701319148734052,-2.334799425073907,2.8440662765398628,0.1886994122711272,4.885324271121004,-1.6065994169144804,1.940660298829334
44.0,36.0,309.1979064941406,-0.3952878739481562,4.928417161565831,-4.713043717108486,-4.779175223460016,-2.6110877305455547,2.043205170089056,0.1606388547998278,3.750395804416328,-0.7251189530738609,1.4289049969881331
44.0,36.0,253.8555603027344,-1.4108852881066722,3.422214776413924,-4.870631176552335,-4.053769869129775,-2.137532465956585,1.1782824833610226,-0.4069262574019818,4.899475435691787,-0.9843189564066748,1.030576474787816
44.0,36.0,261.27642822265625,-0.0762594033023011,2.972653706610368,-4.489712240376781,-4.936711993415423,-2.0973958555690864,1.1608233460310835,-0.6551694271680395,4.946582884642341,-0.6709067778146673,1.4085066581556198
44.0,36.0,237.76004028320312,-2.262184604657223,1.2537072336828423,-4.905162948655945,-4.868198401789549,-3.128692023815333,2.461479219879016,-1.5819095656904558,2.60784583530822,-0.8120754164576152,1.3478098393328732
44.0,36.0,232.33221435546875,-0.6928876744293593,4.535641224172151,-4.815198389653614,-3.763599560545552,-1.897786265746028,0.9122826260214536,-0.3371129305245404,4.995836125152293,-1.1369824696038906,1.3535134972855385
44.0,36.0,280.2010803222656,-0.63519194505509,4.106206950940104,-4.310873119887108,-4.993597443769606,-3.343537076571128,1.709444520332149,-0.2775422747434497,4.915127253294205,-0.6700624179536216,1.6997148317176745
44.0,36.0,302.6239624023437,-2.6011131900633195,3.905395749949321,-4.913805430191146,-4.749741832893956,-2.8810016220659214,2.691237753084587,-1.2398445900486317,4.686416823465354,-0.8410603770570466,1.2017899756279655
44.0,36.0,272.3205261230469,-0.3511501583096494,3.275487757177874,-4.480200626821008,-4.999373815269122,-2.695412605141781,0.9593302143386976,0.1916372424707653,4.809159699830021,-0.8281797127380219,1.6324624483866828
44.0,36.0,214.65899658203125,-0.968429743573136,1.8418230087861032,-4.770950979055622,-4.769289473735956,-1.9886409065708763,2.434001725331659,-0.5223761199940853,4.84358873455318,-0.6393018286862846,1.4503240075970547
44.0,36.0,264.7066345214844,-1.8209466269396977,1.672172986180458,-4.941554723677814,-3.310166720127236,-2.3206513858158324,1.594126713431522,-1.3926706511945697,4.571356177706836,-1.0422169696842758,1.0908830791654731
44.0,36.0,270.1342468261719,0.192749443010527,4.112853763453588,-4.940309615951092,-4.854752855057715,-2.149651036880652,1.3135955948552436,-0.79519418431929,4.989651366674689,-1.3960725934187646,1.0657590342972938
44.0,36.0,354.97686767578125,0.6508539969063287,2.151392440023264,-4.965749098908,-4.940628423709763,-2.120882290679257,2.254227838437496,0.2493786267967079,3.3507805441206706,-0.6539509560706671,1.6859764950995313
44.0,36.0,262.83447265625,-0.6999686870590089,1.163010120988507,-4.7122066068609065,-4.755058586883623,-2.527564600257444,2.4178654230969574,-0.9706143704895408,3.8219683137582,-1.7760523174605298,1.4765761225461729
44.0,36.0,296.3836364746094,0.6956819081423893,4.996529377571118,-4.409306113772868,-4.867085641049408,-2.33762674122176,0.8318073401154402,-0.1907104196778011,4.301212892999406,-0.8992879630565316,0.6886803187634083
44.0,36.0,273.2484741210937,-0.6498615585386487,4.281420412580719,-4.596035416609437,-4.813314543479607,-2.469961136327864,1.1268995055748396,-0.3328507808931373,3.795867892067968,-1.087141037441821,1.5192336755831786
44.0,36.0,240.11392211914065,-1.0584620487955538,3.888746859417607,-4.823492036446169,-4.990977656161542,-1.778193828215028,1.8198668479032865,-0.7663582562959554,4.268013542035728,-0.9659711346823344,1.0433275633846613
44.0,36.0,294.6952514648437,0.5117883662748195,4.838074493370749,-4.867209346609705,-4.833034688342935,-2.7892344940472977,2.4065232085992925,-0.6587709585085255,4.99874475721615,-0.6007853150605653,1.6496763781250117
44.0,36.0,216.8197021484375,-1.155870859504375,0.7653467760634447,-4.973820268881767,-3.6618796900037407,-2.798753642609979,1.342783296228767,-1.1754384171991723,3.0389232933570405,-1.0630802190785222,1.0563224766224666
44.0,36.0,228.2205810546875,-0.0552128732884851,2.927300495429365,-4.890028597671288,-3.777153998452058,-2.155864141914981,1.5324633969864614,-0.4285680235041482,4.765011944164444,-0.6541691413591391,0.9411560098598172
44.0,36.0,242.70346069335932,-2.3725503036928104,1.8946708271970767,-4.796081541466132,-4.923032491826801,-2.3291323985372543,2.232866345325732,-1.0607583409341492,4.55262800800053,-0.6666793757182763,0.9637993478384344
44.0,37.0,289.83062744140625,-0.4509547760276442,3.948886049118789,-4.5423789527836655,-3.995003222974849,-2.8122875025909573,2.1885608298908856,-0.2487879987516521,4.796923327995483,-1.5152994417871437,1.2517304359401855
44.0,37.0,247.38629150390625,-1.1618277293006338,1.130377373767236,-4.901413886388637,-4.991584398991893,-2.749178648597409,1.6979498569133264,-1.0801422201885122,4.595534003091537,-1.0215131176970758,1.4769888302555163
44.0,37.0,247.7754821777344,-0.7076958971604279,1.7571404490599631,-4.610476212939478,-4.613987523786085,-2.398833366351208,2.405895708528864,-0.9215505837383572,4.99419657225484,-1.259728465020871,1.2703463981286571
44.0,37.0,214.644287109375,-1.0008930079288303,2.550914687568429,-4.712835226742637,-4.30038790080002,-2.2197077830660863,1.7104578185422366,-0.1013355188683746,4.419507619176045,-0.9589769603187984,2.0023363799457456
44.0,37.0,452.271484375,1.4713378163265831,3.650399721317117,-4.701574647028472,-4.90750959772676,-2.584413028818126,1.2483481849391298,-0.7668504464540691,2.6155760549444214,-0.8687755622587705,1.0544101750513608
44.0,37.0,313.1448669433594,0.6743655412140708,0.7765955366551154,-4.943855259673132,-3.444958558233336,-2.270564622514973,1.0746803339723645,-0.950119317476382,3.858900674367385,-0.8908676300114857,1.0949342430039248
44.0,37.0,246.7277984619141,-1.0931801314792562,0.8102529978117401,-4.890078801356672,-4.690549615719161,-2.8507662007219485,3.132424093171535,-1.1043507810847395,4.281255243932826,-1.2298455745352048,1.1660813476379597
44.0,37.0,255.77005004882807,0.181630289398198,4.243365106792028,-4.847651021229879,-3.3912140904112933,-3.235863155653317,2.021785855169683,-0.5063148886448108,4.254298128453328,-1.424533671871235,1.1013811246913878
44.0,37.0,285.7521057128906,-0.5420579191775419,2.289974892799345,-4.403655656308709,-3.3907442493434248,-1.7855395686550546,1.0113831651771843,-0.6986355275209286,3.902976226064334,-0.9992375486239506,1.5833434852955257
44.0,37.0,265.9411926269531,0.3183879902178121,2.200321416315232,-4.588656820803465,-4.120769318376157,-2.4455584642682098,1.3801893140025705,-0.5531633726788989,4.975246065961311,-1.093481648723285,2.045263415453787
44.0,37.0,204.2639312744141,-0.2511075460073257,1.7380621263846994,-4.880670504290219,-4.968435261577057,-2.7931127191814307,1.7838504351583353,-1.2896462499283907,4.726307602863205,-1.1923982928063763,1.9211809917629488
44.0,37.0,242.70318603515625,-0.5304002844679561,1.2574115464174351,-4.904996632641707,-4.98541974712364,-3.1497124590004515,1.90736749738032,-0.8344686569030859,4.100118592404195,-0.813100225779344,0.8207912923082752
44.0,37.0,243.21746826171875,-0.2749222043539179,1.3357217541723525,-4.980406718999743,-3.5111325795459685,-3.229032765297879,1.5063513235004071,-1.3523743025763628,4.864508620454366,-1.1348878279615255,1.5199427178933362
44.0,37.0,219.05157470703125,0.4191894586017977,2.57104388658148,-4.937269471041953,-4.901958555700657,-3.756218961913179,1.915233012185125,-0.4709472301560353,3.9102808463342136,-1.034798295327965,1.59251099557172
44.0,37.0,225.2846527099609,-1.2119481409651174,0.1930069401052003,-4.82519940369807,-4.9971996248551305,-2.928690870741711,1.268687211647098,-1.3021296277048615,4.291869982790573,-1.0509054075110322,1.0120644587033798
44.0,37.0,246.27528381347656,0.0564087367561629,3.0331756969645056,-4.733848338412674,-4.307189631731877,-2.8021147224915057,1.5411714264233511,-0.6177390007811923,4.208727408885414,-1.078055900487172,1.5487023250243397
44.0,37.0,248.84898376464844,-0.9021681524456256,1.333896259085872,-4.993664067065411,-4.783807899557474,-2.915721336954188,1.820030664879196,-0.7076426965211802,3.556448981555894,-0.7083294079075131,0.4327831076907005
44.0,37.0,198.5540313720703,-1.38126991239354,1.9069677738324435,-4.972339003548042,-3.719466483108384,-3.0460663308505467,1.7276274956528912,-0.5791063326019295,3.64099999204746,-0.8727915102861221,1.6743713928525352
44.0,37.0,338.74267578125,-1.8044226142795925,0.8038911731820919,-4.936824127018004,-3.701169917523936,-1.3215929943710454,0.2177871688425821,-0.9744236900754996,4.603378280715837,-1.0520732047102088,1.6118880855350852
44.0,37.0,211.921875,-0.1288389732330834,2.743933643949809,-4.9895675779643645,-3.680354328747198,-2.669257936305576,1.3773348295065515,-1.3630205036757477,3.690796636146137,-0.9387076386507172,1.196703869577373
44.0,37.0,244.7242431640625,0.040364641954989,1.8965147845721744,-4.328446319351511,-4.7229127704557206,-3.1893112240671377,1.9201483014667728,-0.510403362906974,4.943543570551363,-1.3441257241601692,1.3193075049784089
44.0,37.0,255.3265686035156,-1.2230597496693814,1.0834111727419238,-4.99989440981129,-3.86632386101621,-2.239404300111854,1.0445708680360202,-0.8498824617659473,4.64049892491807,-0.8754402457611032,1.019814375537532
44.0,37.0,231.59922790527344,-2.146834464157803,1.28085601495874,-4.893014045699389,-4.232496359208142,-2.6547195115411606,2.400740641681831,-0.1853267595748757,4.992815701175783,-1.1286765922397053,0.8551352371585166
44.0,37.0,227.1463623046875,-1.6725929841130247,0.6923055306791781,-4.8519128570157415,-2.875339895331652,-2.714670540185882,0.8379980531286844,-0.5100526669712426,4.744124817218397,-0.5882443975978893,1.1338609002348754
44.0,37.0,260.6573181152344,-0.3457112219587053,1.356212720941434,-4.6499033178199225,-4.997843836965211,-2.5972780867419805,0.9364959027260404,-0.9053010622351908,3.3283373399190594,-0.8761582786101139,1.532147314906589
44.0,37.0,269.3387145996094,-0.0520593361836603,2.933374440714167,-4.724723755801874,-4.375691410924532,-2.841532172670012,1.681806973769886,0.0963690112002328,4.958842689761095,-1.1684047169510476,1.4405764482542818
44.0,37.0,287.58709716796875,0.0819556699632642,1.6476382476755855,-4.989769309344748,-4.683870676800103,-1.576779893138116,0.6027013890608934,-0.553807408042224,2.0069947995703448,-1.2377234326977926,1.4245113457143468
44.0,37.0,238.96099853515625,-1.111278587213965,1.0771630888100523,-4.88230388119474,-4.966912636626148,-2.154821086013328,1.2955575493435862,-0.9520314019182764,2.962810821864073,-0.9588054034877178,1.565940455609777
44.0,37.0,223.1755523681641,-0.850126276586149,2.6229762109961587,-4.524147126428838,-4.9999193440602365,-2.635193122427078,1.724398497769548,-0.7193700211793876,3.903109708105422,-0.830890706310444,0.921512227547896
44.0,37.0,222.0140991210937,-0.2486831053421392,1.926779250378269,-4.778463128814766,-4.558876438684086,-2.565144060611377,1.945269612857356,-0.4079504836497474,4.941964284572617,-1.2460581772139196,1.6845008272090611
44.0,37.0,275.3086242675781,-1.6148809358336984,2.00750392943016,-4.952667094002342,-4.7010373555629545,-2.37415266261352,0.3707902821929654,-1.095779407577719,1.89011944840674,-0.6191204905103298,1.1132957531309255
44.0,37.0,272.3055114746094,-0.6598985474267218,2.7296149315884257,-4.504957917710287,-4.638505118333912,-2.166035455599338,1.2273111795744738,-1.2637887613305154,4.918351573332579,-1.0434243406866068,1.0587402112125837
44.0,37.0,274.49713134765625,-1.0771667440375383,3.0932746645019584,-4.976288609053554,-3.7263515246941616,-2.8673453306707564,2.472116784386368,-0.370478390440601,3.2966526172982373,-1.3459181226569727,1.164052867609663
44.0,37.0,270.1567077636719,0.2044276988535163,0.177807453258449,-4.979497544918108,-4.853839212369781,-3.235542251588563,1.180585415350727,-1.2168095148817843,3.1139421784577195,-1.1166569199127796,0.1827721162454167
44.0,37.0,278.21746826171875,0.3799952940706044,4.092296102644626,-4.985104293215663,-4.83710605363614,-2.6952969333152508,2.14842588638306,-0.976456302022238,4.988605867062212,-1.0420864686376747,1.5728167574496332
44.0,37.0,216.0790100097656,-1.116123874863424,1.3559568282894912,-4.743122358373888,-4.985106062310268,-2.2876341804479035,0.8777257241890046,-0.5241701273421837,4.540560015363052,-1.1783740390710369,1.6639385545474354
44.0,37.0,247.92672729492188,-1.391448023292932,1.7134569679330145,-4.999023290136741,-3.835629943481945,-2.8280884794764107,1.3508698964770147,-0.5548540328184632,4.538464619777328,-1.027921690363991,2.4776397177539256
44.0,37.0,233.68048095703125,-0.1226469530568401,2.7866817563969137,-4.309132913350569,-4.035077286199203,-2.20300777992048,2.1902019696128416,-1.0810787231985075,4.757200533137336,-0.8917207607034481,0.985158884290782
44.0,37.0,240.7543487548828,-1.5432017246494087,2.718775242134295,-4.915058437324427,-3.8101775657132895,-2.809144024349735,0.3445554564132704,-1.821947007405453,4.347308250500461,-0.730897452795908,1.5505937109582968
44.0,37.0,219.11183166503903,-0.6397877570667099,2.999836534631121,-4.927633994173164,-4.331857849068888,-2.7690050420737315,2.347987589746616,-0.5120888428795922,3.624113386200991,-1.058133668857808,0.3932093279696875
44.0,37.0,419.1889343261719,1.3243543489453868,3.894752930346536,-4.531088708900166,-3.4880641795148133,-2.047500277600156,1.0932711534023394,-0.0497508647038245,4.731930470401068,-1.248315491682455,1.9423213861647728
44.0,37.0,233.38232421875,-0.5323895112105905,2.429939273846097,-4.999946172564712,-4.573995926560404,-2.3707536825075044,2.485713640107983,-0.1412718389535925,4.413809603887406,-0.8791269354471938,1.7196233907379916
44.0,37.0,246.14556884765625,-0.7797729939948992,0.4075107289006077,-4.669804177107723,-4.232484988196642,-2.42177901616798,1.4270019765820816,-0.8210584016001397,3.093640008889292,-0.556281117486737,1.0913143248741477
44.0,37.0,208.10792541503903,0.45160432001913,4.411400234319569,-4.982971455439968,-4.910256130338048,-3.058043375440492,1.296915570501309,-0.8609187659402204,4.308582757279767,-0.7478455039372669,1.3542849836357638
44.0,37.0,262.51385498046875,-1.5498695084444236,0.9999776214897648,-4.946475587515279,-3.897387322816413,-2.629041974171353,0.6514629129144698,-0.8014033520952024,4.957432878389742,-0.6539099005989435,1.6371447145440987
44.0,37.0,310.5763244628906,0.9547583114938832,3.318364817897999,-4.886543505570295,-4.983150056582672,-2.9841905079898035,1.7295267545203128,-0.2178785909663467,4.732912765562368,-1.266056350000104,1.1735218961703895
44.0,37.0,266.6010437011719,0.837616389984392,2.8537652282272905,-4.775638426063949,-4.272676124735483,-2.4219138412700945,1.4246339400920591,-1.0521147615414894,4.388394651060864,-1.5479120682393366,1.3581303414619033
44.0,37.0,244.3282470703125,0.0290253213917086,0.7202193033070898,-4.720618982984865,-4.938289706514483,-2.358327683397869,1.9283324688470271,-1.3133932087055378,4.213454737102667,-1.507505224151254,1.1122850634312096
44.0,37.0,202.7207489013672,-0.7705552526825619,3.232925262971566,-4.977831985722962,-4.933139044994748,-3.194784117528946,2.917008191930023,-0.5603398135275572,4.3300635903949125,-1.2580088026409304,1.6261078602344554
44.0,37.0,247.4849853515625,-1.869546284058932,3.816056759857343,-4.926178538406244,-4.366760275435684,-2.7119774317995136,1.5867200429005957,-0.5355091497486377,4.9850995226797625,-1.2337176516133304,1.185101591076844
44.0,38.0,207.6791076660156,-1.1051679035298023,3.235135098004511,-4.967944148219526,-4.995640319694012,-3.859880752188196,1.3486445801143925,-0.6551013905055925,4.812167827243281,-1.0184300575279686,1.573491429005447
44.0,38.0,224.82614135742188,-0.5951987813258173,1.0882234950670489,-4.997401243834749,-3.7942017840506432,-2.515153336633056,1.3139017025341495,-1.23799891350346,3.483772050704415,-1.1655984387168292,1.549479242782601
44.0,38.0,184.2386932373047,-0.8728211759813673,1.6592345784354912,-4.999437321267051,-4.969306281985593,-2.388543633256962,2.3151761548580296,-0.6352702805118184,4.348264881793938,-0.7958396363388225,1.8960631930915
44.0,38.0,248.15945434570312,0.0450124998680845,3.497157306362549,-4.819241677465614,-4.5531904519915845,-2.20536038039727,1.4984971949709625,-0.2457803746152134,4.573153887877298,-0.747815207533904,0.4467666703458999
44.0,38.0,214.41680908203125,-2.0212297369242407,2.2193139608334755,-4.9940321612944825,-3.8097288654316888,-2.567661481385887,1.2526371590344567,-0.9998142219215448,4.779608464265179,-1.1178451255731217,2.1424208607525728
44.0,38.0,241.90744018554688,-1.6043846497838836,0.6806084443770661,-4.642764971532179,-3.827319521707879,-2.723063518777593,1.460731291807229,-0.6581170567821149,4.884865168161776,-0.7027215776258329,1.9194358437617165
44.0,38.0,239.3797912597656,-0.7085255290969492,1.7140145170012566,-4.977695872121528,-4.188476085441852,-2.627325681271545,1.9803901396546024,0.0224069538411271,4.165644292254081,-1.1809183653144113,0.9386889028858824
44.0,38.0,233.109619140625,-0.5050973496775786,1.4701507832367309,-4.973836046584884,-3.675246895906316,-2.257886762481113,1.4148128931337087,-0.887637774289697,4.309788846576172,-1.1472669372576785,1.6883392313622103
44.0,38.0,275.6989440917969,0.5450604950266538,1.2715800234383714,-4.811690574419919,-4.991556524602669,-3.818184666642624,1.7656583402395205,-0.7872848031421515,3.161159992342405,-0.9978958021734758,0.8002332238519934
44.0,38.0,179.70880126953125,-0.9718638095808848,2.1213383366988747,-4.916898184109417,-3.764214264089437,-3.1316575928592503,0.9359097251206254,-1.0666954100490438,4.331848654471953,-1.1200845169733729,1.6165039599999762
44.0,38.0,328.6025390625,0.7735783965138836,2.135727130836943,-4.581184668485438,-4.927731235456456,-2.7785071937339767,0.6724060822271856,-0.7573294378463267,4.341089702586846,-1.054317511933116,0.4975282518056811
44.0,38.0,209.5006103515625,-2.022884601967218,1.0061491027333211,-4.903207052476094,-3.877159074365781,-2.634082271634762,0.8517455719366875,-0.6807586739631422,3.745211233101114,-1.1205974816428927,1.668728170430378
44.0,38.0,227.542236328125,-2.0068044728315924,1.688804000928097,-4.959780550267269,-4.822504708051518,-2.9996369019757325,1.5396541503993555,-0.4707422062039033,3.826930736401215,-0.9450523726659324,1.5945080349976006
44.0,38.0,248.9324493408203,-0.8754898857799445,3.1449852710943933,-4.925577671843906,-4.153307866229683,-2.3715643546371528,1.7110431137553794,-1.0605168382407704,4.95537866907023,-0.9331050097442244,1.9748489213668288
44.0,38.0,261.116943359375,-0.4541850611844369,4.260330907956767,-4.829122773112874,-4.833629034762359,-2.375664743550142,2.583217918619834,-0.2067694283219188,4.432447903972186,-1.4158155610197412,1.486956229636598
44.0,38.0,267.68280029296875,-0.4328147189112821,3.450948486435552,-4.926137822376682,-3.3485293969593983,-3.391952848066141,0.7919686934410173,-1.4246219287255646,4.654772662571901,-1.1913099682402803,3.0748924021585218
44.0,38.0,257.8275756835937,-1.6863479680825375,2.1849965495055725,-4.989520176664038,-3.898209355357582,-2.3142074315475814,2.9364966963328234,-0.1837644323432661,4.909920967740089,-1.221387894914518,2.182258346726302
44.0,38.0,482.9491271972656,0.6519894128543955,4.243915256187593,-4.857282240352787,-4.323287351330277,-2.8545194819473085,1.429593743612411,0.5133419018662817,4.972281286743938,-0.9422946740969432,0.9576573889452716
44.0,38.0,253.92330932617188,-0.1204714453330888,3.215229766289955,-4.982559875972248,-4.978803289470702,-2.9163198582372423,2.243497506399571,-0.5723196286536494,4.95995882571261,-1.397009148948655,2.275194656209297
44.0,38.0,254.1071319580078,0.0664105050855177,0.330037792258441,-4.966510010849566,-4.982666808065264,-2.727937131394285,0.5057372107477232,-0.8091323104318651,4.840094719407382,-0.7347508475334195,0.8591314217760582
44.0,38.0,299.2816772460937,0.5420903942264559,2.795046502147068,-4.992874743462023,-3.361080164961603,-3.913237676994484,1.4566171661111855,-0.3600170186377589,2.0221579207616625,-0.9341950823871628,1.621059263078358
44.0,38.0,233.72052001953125,-1.5532063413399166,2.598822213801389,-4.826959678403459,-4.987906444829371,-2.6915396846245976,1.5142100865305022,-0.8356178650623747,4.801718353389184,-0.8267786195040676,1.201023944307381
44.0,38.0,246.5903167724609,-0.1510387258544394,2.88856867830258,-4.994418631690253,-3.3546027036551185,-2.960014077048309,1.45740715160845,-1.2226174326631971,4.7344974207309605,-0.8629688652904344,0.8926163310483934
44.0,38.0,272.5008544921875,-1.3080646708309065,2.103676991953404,-4.950524133543628,-4.55253221756746,-2.6444905728624764,1.6004371345545918,-0.8380757679197881,4.11600852250621,-0.3197858619314733,0.6269619096552947
44.0,38.0,200.46066284179688,-1.344350395621948,2.5112177238710345,-4.905821040225059,-4.329128189307351,-2.4237514396615687,0.7531848469102131,-1.021862880618774,4.865097846309043,-0.7157473197671891,1.8553291745204028
44.0,38.0,242.55763244628903,-0.3866845438472399,2.371368296753316,-4.81365454154184,-4.107075709821384,-2.7284931929385907,2.538847170741572,-1.143011816352784,4.738996674500584,-0.4576962460297897,1.9434068602441368
44.0,38.0,400.3808288574219,1.4000807660476493,3.28585187957777,-4.891100202023959,-3.616087033177231,-3.0372134572036007,1.876730141414793,-0.6033554270408104,3.356864040435685,-0.8794477152098334,1.4265449179567238
44.0,38.0,216.5124664306641,-1.7782277374153992,2.617948234731702,-4.984962214002179,-4.556132215983941,-2.719781704418298,0.9402145546793904,-1.0291171979973406,4.870520879400434,-1.238926323703731,1.753513631979927
44.0,38.0,265.6363220214844,0.3824817486132739,3.879365284545248,-4.95531529174526,-4.079920345023535,-2.4007674271996606,0.4525043155523676,-1.1238404137808806,4.696773639717414,-1.06567234287904,1.5407738678884346
44.0,38.0,270.79217529296875,-0.5965161030717683,2.1097464501536978,-4.500981811772817,-4.770823524350992,-2.9640839506370336,1.568893006796415,-0.3085798888704243,4.822192812711432,-0.8780611115322401,1.6136521775015131
44.0,38.0,185.68663024902344,-0.0798112088099083,2.5032583004661824,-4.902952990959007,-4.487817629678031,-3.121192753316017,1.6569728806570172,-0.1691671660177469,4.3641635247776005,-1.461151350764866,1.648630510981758
44.0,38.0,229.9232177734375,-0.0848821534021055,-0.0758120418672589,-4.961623132408358,-4.99996811012141,-2.810665752982708,1.2380942557504433,-1.230214346493506,3.130786769604656,-1.2371758843642775,1.827344649396564
44.0,38.0,330.63250732421875,0.9530308750767188,4.268255966904484,-4.884936760804491,-3.8830187451543177,-1.8879252615880384,2.2870160110574824,-0.6419211721583098,4.892734344900406,-0.4741642995663415,1.7758060536713405
44.0,38.0,258.7245178222656,-0.7596983498226155,3.718538302407131,-4.802517444721229,-4.9819626481239005,-2.0749973744639,1.595340427070636,-0.7528709431083112,4.053278901609096,-1.5561806320261362,1.4752046996414698
44.0,38.0,420.520751953125,1.3044071213212831,4.443293831685676,-4.670756617198998,-4.927477665869086,-2.472686211617505,2.377700810961027,0.2522866514482587,4.436003882301181,-1.0482060418259662,1.6875077456205665
44.0,38.0,267.47125244140625,-1.633873988933145,2.3513819660745146,-4.866624805018415,-4.993725318452932,-3.048695621809581,2.192438047017734,-1.0739896251040038,2.6569657934149182,-1.039218745835731,1.1528760149811053
44.0,38.0,208.57937622070312,-0.9879190356463932,2.844226191774686,-4.996832611574885,-4.677970588330541,-3.0254760440828594,1.4699250677610871,-0.6350521275505869,4.294381968550891,-0.8282271513267867,1.7122162708695825
44.0,38.0,242.12710571289065,-0.731237375156927,2.1619318534385794,-4.737034206680803,-4.823850018731705,-2.9810419995480526,1.91594642659294,-1.0136610500985217,4.769055545233092,-0.9470493273885854,1.732139334307595
44.0,38.0,207.416732788086,-1.742844990583687,0.8956026950886811,-4.997612754906388,-3.767915869703141,-2.5501036088637763,2.004789032224089,-1.3405723703046897,4.687534305453461,-1.096791927262577,1.010960939467747
44.0,38.0,279.3666687011719,0.2992732499807484,1.0693616905694627,-4.807440206870727,-4.983510486577671,-2.907743510673446,1.5701198355463406,-1.324992158798874,4.251005902301763,-0.9558443095688238,1.083572414714709
44.0,38.0,265.28271484375,0.3462477074778007,1.9196582593138265,-4.932935407243882,-4.999858029222742,-2.820111487719088,1.4257262604260372,-0.3862654680605413,3.789402384690261,-1.253958214778867,-0.0175655957404536
44.0,38.0,247.64382934570312,-1.5823572024552597,3.043244558708686,-4.977184546523609,-3.0945814567294114,-1.88569148033,1.9494181617752504,-0.4703194692964061,4.992054457438497,-0.5151146163067324,0.9573087921751088
44.0,38.0,258.3219299316406,-1.259296380662727,2.497654331423077,-4.890214129925719,-4.683560142325643,-2.566962149147268,1.3466435811633648,-1.140319520505344,4.999978018578631,-1.424730184631955,1.1605373433064037
44.0,38.0,192.71131896972656,0.1624122042107973,3.5234115714721863,-4.990532268519488,-3.5679367821995087,-2.049369526809192,1.099974892800364,-0.9500099506176748,4.720122146389581,-0.8157021237738036,1.0058970188951566
44.0,38.0,299.85650634765625,0.5739036089533291,2.0059760068308474,-4.988407748182459,-3.830582037754184,-2.800589349945212,2.215330419126772,0.1057273245245209,4.452924555708421,-0.7721634318937367,1.3494622433146723
44.0,38.0,248.674560546875,0.3329093119113917,1.2207508116716,-4.96293631932456,-4.523450317836689,-2.610596242972338,2.485879536623673,-1.3112091188385544,3.8659202797951,-0.9920351095822416,1.3937639719924366
44.0,38.0,261.59527587890625,-0.6815129995017406,3.3078450206933283,-4.674518323171782,-4.695529092536108,-3.0484967122217057,3.398095237375644,-0.3203885246726816,4.425140765506137,-0.9489641647373634,1.068405178138839
44.0,38.0,271.86981201171875,-1.3112822708548948,3.956062970995824,-4.760422431778311,-4.976943277000457,-1.7702540127874684,1.4154446628680812,-0.6530105852139467,4.9919675143143145,-0.8495651682064018,2.481862071610756
44.0,38.0,213.65753173828125,-1.8264333758950824,1.6842535237887208,-4.871906264244129,-4.93378809758196,-2.263351209867131,1.8095480946863896,-0.5904724320676857,4.302574843221947,-0.3404794144441201,1.7297138871420117
44.0,38.0,250.4083251953125,-0.5485845845366724,0.9771251598833626,-4.49815574315338,-4.878942716348702,-2.35679555572126,1.908770334071849,-0.5024714221931585,4.965284846371837,-0.8748020214167731,1.562699827879093
44.0,39.0,253.41864013671875,-0.6529697574405819,-0.9664303370540503,-4.982984771750347,-4.563080184235321,-2.552224856214572,-0.4043369990061833,-2.0282740446163574,2.617028212102877,-1.190234176387773,1.002804456280451
44.0,39.0,202.6243896484375,-0.4814873573709874,4.490473373410831,-4.997429696119829,-4.429365745705185,-1.8655161446447808,1.691639004056956,-0.1964687065870816,4.229905466925288,-1.2275232220199277,1.3290425631995229
44.0,39.0,271.3236389160156,-0.5985894583746525,1.4220217653061231,-4.710208126379044,-4.6207441705338965,-2.4343794385608835,0.3545677564243563,-1.6634079182194976,4.119139237284147,-1.0160130393577846,1.922138901443456
44.0,39.0,236.784912109375,-2.329846502042916,3.630233328111734,-4.907788349768074,-4.397185045135612,-2.2380545964104743,2.57430302019435,-0.8936965244344801,4.712959792999952,-1.14384567127773,1.4839687731819549
44.0,39.0,278.86871337890625,-1.1488932318255691,1.14263384779814,-4.978717436750521,-2.703170936548612,-3.2076861803902985,0.6313823426837493,-1.1554807221471526,4.163285374515777,-1.3030903257789412,1.770760294693802
44.0,39.0,244.3784637451172,-1.0831845075097537,3.8263123734401656,-4.999971976613932,-4.854387161988634,-3.1784914807911484,2.02078893204334,-0.7400924739278789,3.603012491482208,-0.8940577362566913,1.4323876010461871
44.0,39.0,279.913818359375,0.6735342297415912,2.3479184917374045,-4.983395948411669,-4.257090959676173,-2.966497716431551,2.482581635439187,-1.5485309912497909,3.942260496126552,-1.0581944390205065,1.0187294892576615
44.0,39.0,200.3331451416016,-0.8423269248562999,2.5918995310073534,-4.898492067210118,-4.917505076976471,-2.323145500171523,1.369709229530164,-0.6533168379950638,2.882913386417268,-0.7400190907772952,1.0416797771228108
44.0,39.0,263.5246887207031,-1.4109633797806014,-0.6561045813540893,-4.813411364748763,-3.830952633861312,-3.641614798769304,0.7655567297503705,-0.3091038979040439,3.8434171736450224,-1.1178225022872623,2.0230624023150803
44.0,39.0,237.36666870117188,-1.600709671933911,1.7557871808029937,-4.784271256061474,-4.998791580362414,-3.1860709176348534,1.190160887731091,-0.9239323513044716,3.6829630806308913,-0.5216373700289312,0.9347715788966068
44.0,39.0,243.4096221923828,-2.0134441673965315,4.06649200590422,-4.99985128767092,-4.547972304897082,-2.607881170879168,0.319354302924637,-1.462921652868609,4.97563356118402,-1.2481335665016875,1.1520378432840293
44.0,39.0,231.88607788085932,-0.6767271349214337,1.9770263476497991,-4.975654488378988,-4.554379280518416,-1.674124603468028,1.493890489436012,-1.3980920891930793,4.872973689728015,-1.0586687681439284,1.2936508263577409
44.0,39.0,262.9605712890625,-0.397367887159092,1.1094546740517472,-4.94541667118126,-4.58439925103107,-2.9484857274987304,1.8904732375428568,-1.6474808472858884,4.26877972700288,-1.033598412214967,1.8013033363292044
44.0,39.0,227.0130615234375,-0.9626635432207058,2.577775909399304,-4.9919935001966085,-4.545181282258557,-2.5372493000427165,2.692750636008729,-0.645442417495512,4.645185079247529,-0.7309935425701397,1.4780211547212314
44.0,39.0,231.42274475097656,-2.0717821418205773,3.745569228712357,-4.97550687187427,-4.996586761438187,-2.990615746359756,1.0141167550536156,-0.154599916005262,4.9761552205997575,-0.9433517580250436,1.6083555043213045
44.0,39.0,239.19793701171875,-1.4014351762464463,0.1232216210221501,-4.991891822062254,-4.6372341275812,-3.031759378817476,1.1227715659058042,-0.5894738055240509,4.113474252383755,-0.4723914068249062,1.0717160151456255
44.0,39.0,255.58432006835932,-0.0982134351958317,0.5175015049734579,-4.997065181634302,-4.905350503512866,-3.2699023834316177,2.572899277126739,-0.3978818819115073,4.332490791609418,-1.4368626499565016,2.030299765207376
44.0,39.0,267.1543273925781,-1.8550234659824367,2.168111949319097,-4.9748276962566935,-4.6072679339071145,-2.807234783344373,0.3643525834412671,-0.9868039295234592,4.997330875170556,-0.5096688035276911,1.788879735382885
44.0,39.0,233.11245727539065,-0.7122399648424675,2.233673996656292,-4.998867348009747,-2.839163043385176,-3.054055643003605,-0.3202922117602202,-0.8568827959694918,4.755027032188178,-1.0392000956814589,1.002364016662999
44.0,39.0,257.3598937988281,-0.6002106034238146,1.7856292625948385,-4.998492230540625,-4.86558117928798,-2.903216292098195,1.0323434036760393,-1.738541781400385,3.494220745696176,-1.0520306348110884,0.7173611029046825
44.0,39.0,297.6540222167969,-0.831238066524647,3.795152735564031,-4.550986299746435,-2.0448519674279164,-2.9251243992976765,0.1933464065514636,-1.124701766549573,3.83148555628604,-0.6944085403126223,2.1560381782465745
44.0,39.0,269.3648376464844,0.19838847087395,1.632524974210341,-4.655076764905949,-4.730747415071147,-2.968248325428258,2.0830279292671783,-0.745281721343984,3.89075317538328,-0.616706415986032,1.631688350589534
44.0,39.0,252.65548706054688,-1.0650918968919538,4.282038029941614,-4.165618937661417,-4.603592532550087,-3.828769641050262,1.434926569879388,-0.9443657948116836,4.92429611994514,-0.5934762278310357,2.132957760871564
44.0,39.0,278.886962890625,0.6139409840001182,0.0329055609139805,-4.380931258559572,-4.83958041993878,-2.6812469716089,1.8006880934420213,-0.7054714116237824,2.2982052729098177,-0.7228994913845721,1.2904021839570472
44.0,39.0,232.5267333984375,0.1593477507134348,2.1889460228615647,-4.999810935709717,-4.124668292764243,-2.5702556210940206,3.103420174800881,-0.6928469873619232,4.3182013866351365,-0.8650916794438537,1.711560787332855
44.0,39.0,233.63563537597656,-2.3325139459979285,1.5066386001549643,-4.833458942197826,-4.952053802741479,-3.087447924923275,1.166151909706202,-1.2925529886500664,4.093046051733433,-0.4365270965817105,1.887926832091611
44.0,39.0,309.1089782714844,-0.4996729354326055,3.9353077155364993,-4.989882177624999,-2.504100200140717,-4.327524583830173,1.6201827206549266,-0.4133620443502384,4.5640527661264745,-1.6207023400280036,1.5066975543752363
44.0,39.0,264.1795959472656,-1.5564053844214758,0.963406608251156,-4.938587643656124,-4.234197447771676,-2.4461507701921,0.2753992524343402,-0.7163209614449269,4.603345046265998,-0.6006468147920865,2.742694093074012
44.0,39.0,343.318359375,-3.152504142821158,2.0840312184615506,-4.90673270737995,-3.928465331474593,-1.5048768453614687,1.5625181017597578,-0.46589479494809,4.787041276652001,-0.1805321198098797,2.461469057211467
44.0,39.0,234.22311401367188,-0.2091928812776196,4.638858001069671,-4.932635911997615,-4.646062158346438,-2.772473526991756,0.9108758320868472,-0.4206251018685369,4.017338761625666,-0.9669070014621256,0.7543793321647172
44.0,39.0,258.6351623535156,-0.4156119167301684,-0.9843755411299266,-4.477479961420217,-4.257949168310168,-3.244167159539555,1.4173324239322138,-0.5299512819168157,3.9030811663878735,-0.6299670561890247,2.5708567169317407
44.0,39.0,231.80453491210932,-0.1983188197233909,2.1979378138788963,-4.930836416510621,-3.941578969938009,-3.032371216023215,1.5129400020380892,-1.3915562537779698,4.850974518529139,-1.1864496766679942,1.490472872657041
44.0,39.0,245.2213134765625,-2.530810849331197,2.942844656377529,-4.823873419423205,-3.5244200394105567,-2.9698342666704973,0.6981686713023922,-1.4175137474922743,4.900694781683985,-1.4499685348935398,2.270293697877089
44.0,39.0,211.66165161132807,-0.7875586281817473,3.441458577957981,-4.921911517400899,-2.350215700238063,-2.9282679405873004,1.8558418811698385,-1.2662261645642738,4.8879498665398415,-0.8534288153349046,1.6074793632926685
44.0,39.0,260.0919189453125,-1.362643662346776,-0.5051566442735114,-4.250183311431054,-4.4741796887505725,-3.028300168370829,0.9509614764473292,-2.3479069176779346,4.814978216929537,-0.8197865289499715,1.985265574142364
44.0,39.0,262.83551025390625,-0.8486983218311952,3.2454687758792584,-4.92440195319344,-3.956570881470327,-2.8528169353939243,1.2097403294115248,0.178912120063468,4.4649237715228765,-0.8072881265881975,1.911476652432274
44.0,39.0,250.50213623046875,-1.787089490726388,0.4463214166556657,-4.783733702726335,-3.5932988467431324,-2.2284860779502926,1.0820395928616904,-0.5168587366255686,4.265157244220886,-0.5866033293930268,1.3461704046990484
44.0,39.0,252.59616088867188,-1.7242564796314015,2.6362441430015746,-4.943929396512813,-3.2532331122080107,-2.736605264546621,1.5615159077662693,-0.5063714415672376,4.9982456763455065,-1.4960508632463476,1.737651976418885
44.0,39.0,228.06900024414065,-2.0139087336514665,3.486174674404392,-4.519978426141757,-4.176640253684468,-1.996396741428899,1.686242794927475,-0.4423216811719523,4.909310163786163,-1.0336971717099948,1.9013193673939472
44.0,39.0,272.8647766113281,0.4176934990150416,-0.6367647084754848,-4.662803428118078,-2.826217910048514,-3.0368247207059387,0.2971612928582932,-1.1646413114989294,4.777680850976807,-0.6631855582011648,1.2440201547892693
44.0,39.0,231.66329956054688,-1.9209973446522444,0.0199146950776887,-4.807144944944285,-3.3142065647407906,-2.4996946419692785,0.7591863675679109,-1.6140191606901038,4.277569738187465,-1.2360971727569154,2.2325786697152044
44.0,39.0,250.8594665527344,-0.9117689847189404,1.033766502108671,-4.991278693889644,-4.989504140842701,-3.330417775858776,2.2201388821468315,-1.0875636881507993,3.1815548207507565,-1.3481212770765731,1.738972655751997
44.0,39.0,270.35943603515625,-2.369193327944669,0.7113084537092789,-4.9999925063620445,-4.77611874415167,-2.929754957769731,0.6611969539726301,-0.5918646620969037,4.484111324697169,-1.5995597108555026,2.642473489695104
44.0,39.0,217.79751586914065,-1.3666287381726838,2.974259711598632,-4.999140753570315,-4.272740157907112,-3.204961127657659,0.6833028813961199,-0.1791839010189813,4.7764368765421015,-1.166563072165308,1.3958990022074964
44.0,39.0,253.22970581054688,-1.461778011525943,3.206108902840201,-4.982406363419656,-4.607555894960456,-2.175372989934087,1.8093631724619064,0.0631448671903012,4.722124098582075,-0.4726765527575232,0.7058651933235192
44.0,39.0,267.4595031738281,0.1066622581010534,1.2479256357658297,-4.998529401038299,-4.14813264954367,-2.691030051878305,0.6220634726068504,-1.9226611832471447,3.5782705707604645,-0.952850708237257,1.8610275877779792
44.0,39.0,276.9598083496094,-1.8184936621475007,1.679385195343804,-4.997184517672724,-4.811869326666369,-3.1328943332181765,1.1166247115968897,0.1734706915426587,4.81081463699466,-0.8773837195317205,2.376430905515231
44.0,39.0,224.24053955078125,-1.2292369399105163,-0.1696124146504765,-4.993177677325865,-4.501769306352086,-1.99987778861188,1.1300237320356343,-0.5315743658524594,4.245286090120665,-0.7443624805616524,1.4757496462775634
44.0,39.0,272.9520874023437,-1.3318229578987104,3.092526584157792,-4.706553244718364,-3.163021497117976,-2.972209750052225,2.425652470055065,-1.2452229570361384,4.744060652882366,-1.3384861654081437,1.7182534174670998
44.0,39.0,290.16943359375,0.2093867437978787,4.377838798035626,-4.660219816573472,-4.802099959424262,-1.6638591759630792,1.9182205377416928,-0.6842668685416768,3.3036821328107493,-0.7463708614537303,0.9054928702538136
44.0,40.0,267.703125,0.3495299146036519,2.034449894569362,-4.81091159384524,-4.101333846412234,-1.883636185478193,1.4134560583516524,-0.4174319889003968,4.195677135192694,-0.9347020658761068,0.8323982079406207
44.0,40.0,239.0120086669922,-1.5012239438430508,1.5486212557218684,-4.742191673699825,-3.9789006104068014,-2.559245665078447,0.4253830965961436,-0.4786355936651656,3.216039336876795,-0.7577520668451125,1.6694907523357614
44.0,40.0,264.94781494140625,-1.5976340848820736,3.3287033979205223,-4.984869083468933,-4.142027244212913,-1.9593868892220805,1.59595056438358,0.0472534015919485,3.412328974561813,-1.0151169809945233,1.4997994235108
44.0,40.0,246.1822509765625,-0.6543459402349514,4.401492247928921,-4.978546942878435,-4.847500944196465,-2.9445497094773945,1.842695159830965,-0.3730759773921299,4.841652940965496,-1.389256985928156,1.101720652840017
44.0,40.0,260.58563232421875,-1.1737410964608408,1.5747019664643327,-4.9635086829362045,-2.959354270888197,-2.2289795875481544,2.278260592150076,-0.3480063136096536,3.7167988808373327,-0.9365344780694338,1.3880691803761014
44.0,40.0,251.5682830810547,-0.4623337566162639,0.6941197559860912,-4.87303064799807,-3.554076620863248,-2.3624063546716503,1.7878690841445355,-0.8416229262064778,4.998940694854968,-1.1253967356276555,1.5115757016960307
44.0,40.0,258.2484130859375,-2.5487100158465386,3.2361350391753767,-4.952449550981054,-4.032340931394925,-2.308027461926608,2.109331564384488,-0.5917445751105674,4.784321238153993,-1.1540630393611533,1.84037539433966
44.0,40.0,249.6502685546875,-0.6853923907124679,2.420303115416824,-4.939477844196304,-4.986927835246969,-3.402255976639566,1.5174620875840592,-1.421198332595877,4.229514584834632,-0.771653091483512,2.0199007303893293
44.0,40.0,242.426498413086,-0.2373529958560025,1.5510287027500826,-4.846056510228015,-4.923720987384262,-1.97340126582728,2.713169719689965,-0.1429341680838085,1.956451566160688,-0.8910880699276023,1.0326214244025698
44.0,40.0,290.8624267578125,-1.4589037893007224,-0.7475746425108483,-4.679242233145796,-4.9937619640651,-3.275487605346376,0.7188042468845959,-1.2217021997232205,4.975381507334983,-0.8969638792419952,1.6914930221400128
44.0,40.0,237.60763549804688,-0.2049318292956199,1.1376784912170743,-4.8687902417161775,-4.913559034038394,-2.0823598268190584,1.6055107907507518,-0.3013462356210725,4.491584195310015,-1.2105575868385705,1.0787853110740269
44.0,40.0,255.1298217773437,-1.1718073977096917,0.2495129102497415,-4.998654191751354,-4.633409370895333,-1.9748518295564967,0.3185494588228224,-1.497370560589089,3.3684261284142227,-1.0215578448461402,1.4470870253295942
44.0,40.0,308.509033203125,-0.6286539018593524,-0.9292248484285724,-4.414279234801775,-2.972292202485157,-3.0057635576267074,1.4128903874834204,-1.232983198680771,4.963808912488098,-0.2447615803118896,1.7186385594827849
44.0,40.0,312.674560546875,-1.2687416470367423,0.9369872465319364,-4.991661964008308,-2.7375137038915893,-2.2527101543211985,1.6927710527953614,-0.9218615085375026,4.934327328508589,-0.1984446052979747,0.9202091013177514
44.0,40.0,235.576171875,-0.8763362446279519,1.91478351299145,-4.624872753710506,-4.98954684989951,-3.1725040108209903,1.406638254222293,-1.078168063437583,4.557776211390204,-1.2564195787816683,2.178038095769216
44.0,40.0,273.6649780273437,-1.250270332737076,3.132720218599319,-4.861583033889652,-4.281779311098983,-2.8499421357243366,1.0749189379266122,-0.3269657699046462,4.751694974847746,-0.9466166357451424,1.4484508471106636
44.0,40.0,233.4076690673828,-0.8140889375702631,4.02843155429373,-4.998257671677036,-3.741537899648527,-2.634521319983795,1.1368055961056367,-1.5594343813890124,4.298562054060195,-0.920942232511849,1.037466965416157
44.0,40.0,258.2145080566406,-1.800921992014617,1.4759054012449973,-4.993927176558806,-1.5493506864935824,-2.446287609899108,1.839989124217816,0.1456922419677848,4.778888700682749,-0.8973193157456922,1.2346144935768084
44.0,40.0,223.72848510742188,0.2542054895946632,3.579229355249052,-4.938001251936911,-4.271851288100432,-2.09828252162274,1.647222558925887,-0.5933520095542342,3.407429897540254,-0.9945339738382328,1.9130375506886568
44.0,40.0,193.0482940673828,-1.277732040649803,0.9538315019886808,-4.999336541268218,-4.999872192975078,-2.689309155941812,0.7309342506264116,-1.4074109054227293,4.447852719250193,-0.7952188578651196,1.345550986025419
44.0,40.0,232.036376953125,-0.1864579935290669,1.7937459142277206,-4.852911820454424,-4.998484181875072,-2.7043371286020483,0.5907097457731156,-0.9658704309835766,3.3924358729362663,-0.7109266821689584,0.9207821446356776
44.0,40.0,189.1729736328125,-1.784518188326868,4.340274422094174,-4.896392556001619,-4.843305563950416,-1.865288694321512,0.2956509864252492,-0.1846562484924625,4.30260149466989,-0.7787168423568867,1.6687131109339577
44.0,40.0,277.7682800292969,-1.5298053307962474,0.5921165458495272,-4.974903762828007,-4.341360949190361,-2.748045233543122,1.1028337063416285,-1.0693517705810365,3.732995389617704,-0.2873688812904786,0.9102359500603096
44.0,40.0,264.71441650390625,-1.4034430773631406,-0.8425265051257584,-4.953158900384808,-4.0086645237014125,-3.099752103592154,1.3320872764696592,-1.7784753201382837,3.937403915293306,-0.9101051678764582,0.8401034740273206
44.0,40.0,300.18951416015625,-0.5912937833471155,3.9034721506124894,-4.4373615375162725,-4.229994305145154,-3.2165118490793656,0.5440156557370592,-0.7144251508000821,3.68663343481354,-0.985817684099251,1.5298125526677795
44.0,40.0,284.5570068359375,-1.3114661699344614,1.9371882810999808,-4.75359544863782,-4.9902306844127855,-3.261994192961631,0.6253200228162958,-2.011646944395649,3.366062083718816,-1.6583949181764686,1.5348886194424691
44.0,40.0,268.1944580078125,-0.7634246035823917,4.99090874507236,-4.974859444416255,-4.541285930489116,-2.971428818207305,1.6824078913405414,-0.6684481433976668,4.9337511342203015,-0.6549995020312052,1.841299292222668
44.0,40.0,316.3526611328125,0.8577072898220619,3.542391568679337,-4.78646898399593,-4.450658728244926,-2.7490836081339345,3.312413290838132,-0.6508469839787692,4.99920932400839,-1.0937519578725334,1.3175385470468113
44.0,40.0,260.8025207519531,-2.1467107687148794,1.70999632593404,-4.841286079400835,-4.017964612784738,-3.4422254682458755,1.549960204780504,-0.1895896492371553,4.127890808798663,-0.3474720495901415,1.1259866816730844
44.0,40.0,258.8582763671875,-2.053957643944485,3.080684920886627,-4.51183972520925,-1.699037720924239,-2.5189793888011875,2.0234364395307844,-0.9216557953578556,4.494210637129877,-0.7905469836982997,1.1877365166647085
44.0,40.0,231.546630859375,-1.7907600352651842,2.554252081765698,-4.928153232266726,-2.9473058900892104,-2.3702422974362056,2.2830388295661663,-0.884388106310702,4.817575146145117,-1.0851049247723594,1.78013879475459
44.0,40.0,251.80972290039065,-0.7073862177786614,0.6612758526938549,-4.999999501494219,-4.877198260026339,-2.161596071070368,1.5882028385535598,-1.2926214260369,4.939191440402306,-0.7625850835036712,1.5921405119522376
44.0,40.0,280.73419189453125,-1.758156727182996,4.600409416786549,-4.395188827924551,-3.806190995744054,-3.031881739083388,0.6427819322780506,-0.7699156402257836,3.743198160321034,-1.038146936387005,2.0755715382327287
44.0,40.0,239.06411743164065,-2.180715819451525,-0.1098764879736471,-4.991403303655741,-4.4258364985041565,-2.147840952277267,2.684222742535269,-2.063669613877845,4.57999474996776,-1.2334854888746485,0.993143597261282
44.0,40.0,263.4623413085937,-1.5271751150463029,2.9802916168131013,-4.41444073764057,-3.992818206400841,-3.064251377331035,1.4929611021049451,-0.9027668196956052,3.963482556485225,-0.9127350415262728,1.5911447486295058
44.0,40.0,222.4020538330078,-0.3248894644845714,2.4262894553669536,-4.727854267872378,-3.886322410469147,-3.082031104559768,1.3219902621251522,-0.9433195523041072,4.585601646331529,-1.201100750341079,1.2739823687959009
44.0,40.0,363.8792724609375,-1.4939411728439067,3.6734374584737406,-4.99873212369463,-3.797919076188173,-2.1856525925206323,0.3462994826412959,-0.9145435331431342,4.99064251607399,-0.0597391543143253,1.313660794442583
44.0,40.0,219.3040771484375,-0.9819707986764028,2.55232134422786,-4.822314564338312,-4.217783882342212,-3.1559880917918366,0.9300643936704917,-0.772841490300733,4.891013504276948,-1.044762302957328,1.411957260199416
44.0,40.0,254.18728637695312,-1.778868914453238,2.298549149595978,-4.832683524694257,-3.0922116933891504,-2.987767783421805,1.780310458324433,-0.5499141171047821,4.9964801343238445,-0.9585116276711664,0.9123600413366244
44.0,40.0,227.8658905029297,-0.8276275169628242,1.5075599725033424,-4.972986395989028,-4.999995405875381,-2.268948817626498,0.8671443650447124,-1.5892046215914588,3.5542471456124414,-1.0308630830262455,1.8960690254915304
44.0,40.0,238.43185424804688,-2.446401853358393,4.4873622490028335,-4.989040814388048,-4.980857444807275,-2.8108581959047663,1.6028200338416545,-0.7855918017761896,4.33042294450885,-1.104791841187664,1.2621848235501627
44.0,40.0,248.8170318603516,-1.6825044947688863,2.528705946954384,-4.710966414808392,-3.7399441699038585,-3.1688359815390905,1.3060970681405344,-0.6976914788223194,4.6547002596968845,-1.3671348481338357,2.6098439146248644
44.0,40.0,268.94293212890625,0.4164547914667107,3.750548868778795,-4.660795922523166,-4.538443737907599,-2.365508745447307,1.156889521537626,-0.5566172229673914,4.975660607947342,-0.4087600985474635,1.1299236236628012
44.0,40.0,235.537841796875,-1.586352384515664,3.468459785245969,-4.446522069716976,-2.860770101889395,-2.4607465910371795,0.6377896645678671,-1.3445414947943553,4.693810086830281,-0.4920373443748822,2.2690628256714547
44.0,40.0,281.1974792480469,-1.7729348803190694,1.6950477847193586,-4.928549522438943,-3.354663620399554,-2.7678954097151736,0.8374067731188468,-1.2014392571626775,4.946633064524226,-0.9485802732849552,1.1464117479539526
44.0,40.0,212.08322143554688,-1.3239879682885434,2.642959835104084,-4.873176446773721,-4.432854368056377,-3.072235028776149,0.143784873280925,-1.4278491487074367,4.855174239438531,-0.9013694260626828,1.6392444196834122
44.0,40.0,336.32830810546875,-1.9711965805985727,2.003959441212676,-3.495122708680964,-3.966600014035116,-3.9112674264955625,0.1210588948999271,-1.136131248361293,3.2869678340977817,-1.1565095995616383,1.9350189145578955
44.0,40.0,242.90353393554688,-1.9537831779175856,2.953138394121706,-4.817602488778078,-4.790209345457127,-2.1005208739709085,1.405775626465429,-0.6967822372900461,4.653128660108202,-1.0098039176267777,1.25207953308609
44.0,40.0,269.4014892578125,-1.4795994288704484,1.0952616866013525,-4.703219763716331,-1.162266610441982,-2.6632157368496894,1.414874624030709,-1.3725133392333944,4.478064332393707,-1.036461970878559,1.847731724227773
44.0,40.0,219.85107421875,-0.6193177011672555,1.8861691432082413,-4.973087547273188,-3.728785555597336,-2.8949317566099224,1.260448070520753,-0.9919752491760488,4.793879248003028,-0.9018816317101476,1.0846430144989272
44.0,41.0,210.1239776611328,-1.2534987260847927,3.664343441880821,-4.9844193106478025,-3.474388420240106,-2.9354944167763524,-0.1623659006043389,-0.1198183058090718,4.902930926738206,-0.7802378840739994,1.6721556826865935
44.0,41.0,260.56695556640625,-0.658001860930927,3.459472942710631,-4.726258297459904,-4.6647493893791125,-3.00587833485202,2.1024897403741063,-1.0658610344998278,3.240533920658633,-0.954028684637346,1.9964909239737365
44.0,41.0,448.5223693847656,-1.296897668708847,2.781321800587392,-4.99811896257049,-4.444962760335014,-1.1270591260867957,1.0470144279074969,-1.5972730551511525,4.95840059592207,-1.4627698120923345,0.8512559134450832
44.0,41.0,227.7057342529297,-0.729035117304325,1.539876999454199,-4.980211866499486,-4.387304727670213,-3.014742055570029,1.19036466258121,-0.5163097465270008,3.883734467004047,-1.5298717690372392,1.8041769023088072
44.0,41.0,232.31851196289065,-0.3324160321412117,1.8700953482746483,-4.994060132844546,-4.892313964951776,-2.921658820293941,1.3458384266777426,-0.7683917879154656,4.033078267835359,-1.0540296460240928,1.1915972629478695
44.0,41.0,222.7964782714844,-1.0660325668753226,1.9753153940539128,-4.946716341074235,-3.138681430409723,-2.0001530980570523,0.4303507073648056,-0.5596095840317803,3.6837198036208254,-0.982373215847966,1.1939239852161796
44.0,41.0,242.1336669921875,-0.3516793521755472,2.690291975601484,-4.896805078550518,-3.3831688263511617,-2.505929175687268,2.343953459328928,-1.325214273794337,3.498534483679612,-1.4121493131721987,2.1548999531067654
44.0,41.0,236.056396484375,-0.2748050887131397,1.6766807670170252,-4.99983221891253,-4.210022167550292,-2.721882264893044,1.828532259510931,-0.7694511372628865,4.756736573140044,-0.9357240305979132,1.183035625024572
44.0,41.0,273.8205871582031,-1.421631280052825,1.216410156528629,-4.609875861327969,-3.764293851108668,-3.049070616597928,0.1379255029467474,-0.996540801314465,4.909609990157813,-0.4256167974832578,1.4967280971938273
44.0,41.0,232.9952392578125,-1.805502884083379,3.409677519662015,-4.989317727502471,-4.5768295273149615,-1.9165519365463235,1.2853543712048268,-0.1843347366149412,4.99913502676136,-0.6831523978101455,1.1001155878983635
44.0,41.0,218.1419677734375,0.1238113595787027,2.7396738815315285,-4.993438354705054,-4.424067995511336,-2.4429996689837234,1.2197695993197533,-1.0182493669358674,2.7139654063334646,-0.6509432670621038,1.578152791538285
44.0,41.0,272.67645263671875,0.3027348027098338,3.828236940721059,-4.824330715675331,-4.999945492234222,-1.8111818908703192,1.4541433970457804,-0.8764414577842121,4.978435452391279,-1.2341405217102586,1.4453946693978938
44.0,41.0,248.42811584472656,-0.1860488831757365,0.6333509106620916,-4.964015537860622,-4.766870560197541,-2.7498325886244097,0.8510940092624733,-1.3616125601059237,4.5483055528925735,-0.9114713673871764,1.4086028506591235
44.0,41.0,254.296875,-0.9895492530987796,3.906622340005963,-4.976817162790412,-4.514646382687337,-2.306168698804952,1.1874691232465129,-0.4237579749759446,3.722921228856478,-0.9428694564451474,1.85961754280344
44.0,41.0,246.39376831054688,-1.030273006081488,2.4374266580136403,-4.972922851725725,-4.7942445482715454,-2.318446406398293,0.3381594771588982,-1.2304240098324977,4.676655397483982,-1.035432091732797,1.7335243924092243
44.0,41.0,292.93341064453125,0.4821195439952745,3.235012027437854,-4.9801234743055325,-4.828359637495221,-1.96968912173661,2.1369396441893205,-0.1382156164995738,4.9318342680675045,-0.9568490071076584,1.7998145283328038
44.0,41.0,233.1367034912109,-1.7390197619847654,4.6707293485305375,-4.990315987685692,-4.38384567638796,-2.3235747702644707,0.8594648260411404,-1.2482458029136545,4.929193216449795,-0.8421657183824944,1.6110392490289938
44.0,41.0,224.6970672607422,-1.3304070908634396,4.27160358818019,-4.825629079260943,-4.947005601635481,-2.2462795963066364,0.6984887385808118,-0.2296388264991069,4.7377780248636725,-0.5225148980681436,1.3075093916130944
44.0,41.0,209.79269409179688,-0.980195386401144,2.912336602095026,-4.987044724319237,-3.7731791264656,-2.0555549552594554,0.9042393533115084,-0.86232439206404,4.7365500926147455,-1.1641932312115817,1.783697137318053
44.0,41.0,216.14434814453125,-1.5767932302631578,2.8814768470351773,-4.793753579640436,-4.933891446546439,-1.8744022483555869,1.828726396292908,-0.5550922570623653,4.26226986245238,-0.7558397562338008,0.5023907813513002
44.0,41.0,262.3475036621094,0.2882592379439934,3.121485059198802,-4.816731130164551,-4.9484032605450885,-3.1168274638356475,2.027587729112703,-1.0248082344323368,4.753854754924621,-0.9418593446281402,0.8613221906118316
44.0,41.0,301.73193359375,-1.7687301324630464,4.536651562432285,-4.663747705215541,-4.84675362081319,-1.6492789860914692,0.7545054469737478,-1.2437777300020345,4.912292474116871,-1.377721455263953,2.057425835406668
44.0,41.0,236.23074340820312,-1.7965625286343785,1.645247665879234,-4.92670157619936,-4.805289943573102,-1.8745677935112328,0.3065654917900318,-1.0500506741604942,4.916173201461973,-1.2814727530816112,2.118058918742612
44.0,41.0,290.0487670898437,-1.5653058718833277,2.106253046662485,-4.71232836803549,-2.714014149573601,-2.9472430305219355,0.4076711347576269,-1.6467978172772837,3.5150221136142417,-1.0387789103787195,1.810621369718472
44.0,41.0,264.11865234375,-0.3130399325719679,0.7423247689956156,-4.841780204307245,-3.4030442314019216,-3.107209209936557,0.0833503681763581,-1.1468786741630907,4.180649523646494,-0.91732947032546,1.0530440875554063
44.0,41.0,253.27508544921875,-1.462106189188332,3.200154688524856,-4.8771378404393975,-4.526672124904832,-2.3061182944992185,0.8004086619934805,-0.7199794057003759,3.294795238260175,-0.8585102294036693,0.3476611775238938
44.0,41.0,243.21173095703125,-2.082716790505632,4.524140663305253,-4.224291180110871,-3.798278442129852,-2.840173738950301,1.3557767147086182,-1.1379066611811997,4.982450974412355,-1.5945625344972325,1.2881416370780494
44.0,41.0,229.2608337402344,-2.016497877467212,2.089651146504509,-4.943325399082155,-3.573111121380986,-2.836729647644015,0.8139118533501541,-0.59957718793226,4.516496285776332,-0.6253557524543831,1.8974651654898047
44.0,41.0,200.2207946777344,-0.1396682068549317,3.609903698229129,-4.994612333889983,-4.702254177296537,-2.4366133368305043,1.2168214141916378,-1.0016161673510244,4.461631392156081,-1.1832530493545033,1.4042987655846435
44.0,41.0,245.87091064453125,-2.5960481925330674,3.239822554310358,-4.7258969639826205,-4.901239442819322,-3.138216694435467,1.289038323425013,-0.9595658637877644,3.2795391989419453,-1.1548842441156042,1.8326641647005093
44.0,41.0,254.1786956787109,-0.8038886840804951,3.72876500858858,-4.8099880476191625,-4.9351032723792425,-2.076808386695909,1.0602011690867243,-0.4491263893197539,3.338016118937772,-0.6108821905046566,1.8507871499274915
44.0,41.0,258.1653137207031,-1.2286271370721864,4.058429521393588,-4.680429560734213,-4.3296094441740784,-3.012209770831026,1.663029032411707,-1.3797333953882125,4.979355309961871,-1.2698763817315624,1.4093015043457306
44.0,41.0,279.5817565917969,-0.7077101549582467,2.027764948812959,-4.999976711052295,-4.714947442564827,-2.908563442636685,1.5292756526450422,-1.121338800067858,4.8907353726205205,-0.9253406344895412,1.83405286538851
44.0,41.0,238.59556579589844,-2.184727401950704,3.897176967145168,-4.884496145182538,-4.999402660624023,-3.057258220605924,0.97789511451224,-0.155850541472132,4.996093939317953,-1.382968230227669,1.971852697889912
44.0,41.0,287.9686889648437,-0.1857870172547429,2.252448838095649,-4.868322159797491,-3.4108444094762334,-2.406194067909569,1.5991617730157204,0.1573181956857716,4.922149102258025,-1.1386375548032208,2.0155125934535247
44.0,41.0,216.926513671875,-1.0884528595216514,2.607778879206053,-4.933826370181705,-4.99248390633364,-2.1837200287319147,-0.2192948119703279,-1.1767429484459893,4.022674127798819,-0.933824100611406,1.01292142170103
44.0,41.0,270.5492248535156,-0.4397293638323791,1.8871104564589736,-4.834978992000038,-4.610630857504454,-2.271532123668658,0.3367532751118585,-0.7841057617572602,2.910996192411764,-0.6556166503059249,1.5674663760475465
44.0,41.0,229.6070556640625,-1.3205496945319497,1.5179482571751717,-4.938215081321427,-4.97647241132073,-2.5689469828557816,2.0266278337923023,-1.055732714913196,4.702595463826185,-0.9392365181168358,1.6638843592266896
44.0,41.0,288.3293151855469,0.6619415973446818,3.9140655212838578,-4.953455856095138,-4.919716246068655,-2.199722282461381,1.7332602298779405,-1.19172373333506,4.806166898465188,-1.1357128165147818,1.3802216843547477
44.0,41.0,253.46192932128903,-1.859554426232755,2.786395546399268,-4.956976197867837,-3.819265450047367,-3.287757793920018,1.1433441556658348,-1.2136060186048525,4.384118314717281,-0.6302465296303073,0.6054489545088417
44.0,41.0,224.55514526367188,-1.091706798978194,2.7916608472298066,-4.201464536908486,-4.286182837646407,-2.433679077763477,2.025830014464536,-1.2031037607043866,4.134763989080037,-0.6673792865979484,1.636258680309158
44.0,41.0,201.7533569335937,-2.197830401601776,1.764943926887085,-4.986570311579465,-4.97512898779677,-2.4534248427617804,1.961356513326919,-1.456337686486444,4.061188774125929,-0.9737789835891056,1.887470215718508
44.0,41.0,220.99620056152344,-1.1048441316177864,3.930980793846601,-4.969826247774101,-3.516660212913264,-2.261232690301891,0.7452438946830933,-1.9334902669241627,4.784405500309626,-1.20533029747766,1.3100376114704488
44.0,41.0,251.7977600097656,-0.4603928691416206,2.7260611961281125,-4.696889127302294,-4.951265458218744,-3.551898503561463,1.141879698983402,-0.1359341272310912,2.4381931608197336,-0.711375071369333,1.0863576937930288
44.0,41.0,253.79251098632807,-1.4768885241406942,1.339887385477434,-4.978658418272441,-4.82877999884252,-3.097303844456645,-0.3003212078475563,-1.584861293816568,3.9897161468238593,-0.5552806621749182,1.1479952816109045
44.0,41.0,273.749267578125,-1.3548967119883093,1.4247327553652989,-4.997300717191631,-4.452487570955944,-2.912284789919368,0.2572032309735803,-0.7939591882431083,4.972334195746361,-0.8902550346046887,1.8805223609034825
44.0,41.0,223.03175354003903,-0.2989098873150233,2.216292355062865,-4.606560721157103,-4.379384199129391,-2.4277780328500502,0.2352402863589455,-1.020244285612932,3.1678785169960424,-0.7766271466760974,1.140672871661189
44.0,41.0,235.71261596679688,-2.3550479321170603,2.7049567766821525,-4.833378074739326,-4.705909937446444,-1.7428915502494329,0.7015304676284471,-1.0720352598853298,4.333995345154738,-0.5446956905434259,1.8105951852317768
44.0,41.0,200.9234771728516,-1.0575240959035108,3.416187831240565,-4.999811401849185,-4.387447272641492,-3.0234270853155607,2.531105383964216,-1.0151595460867084,4.915044788660724,-1.0306314564620966,1.3436000733045814
44.0,41.0,192.3309783935547,-0.9582451523784848,1.7282928711226369,-4.692316233811993,-3.7374522195801134,-2.03187451251611,1.685724351605132,-0.6216148372334533,4.87509563167826,-0.7732837800044949,0.9469383190150636
44.0,42.0,248.54049682617188,-0.2928609504609873,2.631958334189833,-4.5685657183825,-4.825613195182565,-2.9189165841518374,1.9872000057865344,-0.3731109282304432,4.318479644619419,-1.2133666506704572,1.1485281385574675
44.0,42.0,259.1410522460937,-1.875427763784395,3.219866804495199,-4.98968453870647,-3.4318380581239545,-1.7060174780983592,0.2679785948367073,-0.3455614431373739,4.747944467446537,-0.457660442154741,0.8241175876727791
44.0,42.0,218.5084381103516,-1.0331509429280987,0.8769592145953133,-4.985070056308379,-4.183757078291288,-2.575152382543125,0.8065270733017336,-0.8421339907638821,4.5292919193797605,-0.9640348498858292,1.6460783760154485
44.0,42.0,233.1183013916016,-1.7294221151588165,2.57947176444874,-4.997825287341014,-4.681632965076031,-2.6929568265959567,1.429749687268048,-0.8603964008986029,4.397580649619886,-1.0422499435101915,1.0477892734538417
44.0,42.0,252.6759490966797,-1.4875063941770428,2.5936649497936983,-4.999908554016041,-4.373067527854654,-2.29181949865806,-0.1656382203067439,-1.308182343737008,4.556217726219552,-0.739899298337658,1.1622216591038672
44.0,42.0,282.2548217773437,-1.6355143183950176,4.002707612849491,-4.444468755384767,-4.785454729677719,-1.9815464055440368,0.9735686846749044,-1.2601805113835385,4.999933705943159,-0.8640236426840868,1.6253801587293362
44.0,42.0,187.6788330078125,-1.079984737785885,3.5713021136019165,-4.880482129689642,-4.35089000940906,-3.2301800513803416,1.2756802702227876,-0.5352918704489431,4.438710775027841,-0.9781979725199657,1.887604722862802
44.0,42.0,216.10986328125,-0.4212123368685754,3.062016607428516,-4.999774618027552,-4.96964690744967,-2.4084524588303813,0.186967428215075,-1.0069011310227287,4.761868076851808,-0.7680679198738929,1.5820116895154888
44.0,42.0,199.06771850585932,-0.974595092613245,2.5102806910887274,-4.923349211365772,-4.375587835160687,-2.977684598657126,2.289643319941633,-1.104572692721943,4.768240331118431,-0.6632817285292401,1.622422524819371
44.0,42.0,230.6841278076172,-1.7289364233096332,2.549842596119732,-4.982586992173919,-3.7826732688880136,-2.6383254325723464,0.8428560554350684,-0.8540871390262259,4.803592039264624,-0.9053601209073668,1.1578448211721497
44.0,42.0,229.54823303222656,-0.9036532566384858,1.4341947317291526,-4.971404463774586,-4.920561751296468,-2.328496877677201,0.4617683365622147,-1.5252662668778818,2.7638353213587763,-1.1385404212302346,1.6443096732052895
44.0,42.0,241.4019775390625,-0.5722345247773211,3.271123364530755,-4.900608992134723,-4.36666164701403,-2.532828206944886,2.699022727938792,-0.6000029547236876,4.745796616285094,-0.98460284280005,1.1240441870605054
44.0,42.0,232.68438720703125,-1.1304464002125831,3.139599644898434,-4.988885314178415,-3.6083686670232646,-3.092252970966716,0.7856491055336292,-0.7762287780537243,4.99869532810407,-0.4712632524478062,1.505112081672868
44.0,42.0,231.3181610107422,-1.1499160217137383,2.0509820946918733,-4.9968967285940575,-4.998856745279901,-2.7126744292246663,1.3620023572254567,-1.0199945532975536,4.144045754191593,-1.348999588067226,1.4267687103291775
44.0,42.0,280.9665832519531,-0.5440401185319104,2.154459301156651,-4.987058001136616,-4.250375753442928,-2.9373548713157893,2.1847504812941043,-0.7327279703128706,4.98706876973108,-1.1899099410245029,2.211260387620852
44.0,42.0,276.72540283203125,-1.7990002703287251,2.937696325456038,-4.898665144626176,-2.7044957162935948,-2.9279510397317448,0.1652848873865728,-0.3215031146644804,4.5554252138812,-1.2895208852106084,1.0275449108658243
44.0,42.0,227.5489654541016,-1.8257812288142363,2.07095147080346,-4.698901693634543,-4.924764479523441,-2.692157011608006,0.5711355821242803,-1.079962156724931,4.781268425926111,-0.4397362722138558,0.9356859383746264
44.0,42.0,241.4222869873047,-0.7815738660717351,3.9475728642525887,-4.564651799632236,-4.515001321959398,-3.129437253600228,1.374863125866307,-1.4259540651365177,4.473661212790066,-0.9665073868838804,1.3511564688231903
44.0,42.0,203.754150390625,-0.8152013289235418,1.8151718797715024,-4.947174064962612,-4.511404865804045,-2.620183369521691,0.8461424248954028,-0.5926031037526283,4.56007982890528,-0.7709731644222684,1.1473561498177354
44.0,42.0,233.43753051757807,-0.4699835720301486,2.01095574118244,-4.943646869461378,-4.194417705221521,-2.4618808167176365,1.395061123988124,-0.8831141678955241,2.9328746240984565,-0.688739587454295,1.3049732937649825
44.0,42.0,256.9359741210937,-1.9393830120897348,3.051405148002484,-4.986547312557766,-4.96341119916594,-2.5857803082738995,0.5716633253874601,-0.7722641900754752,4.997674051004893,-0.9920366551397226,1.6413670989699538
44.0,42.0,215.66433715820312,-1.3342746198018167,4.49675757759268,-4.631262547765703,-4.953539534662111,-2.424258894862579,1.2085913731264435,-0.5578865970126001,4.859610172609013,-0.980015063760704,1.037606808954222
44.0,42.0,237.0509033203125,-0.8433017232842541,4.234696372430026,-4.988482547087442,-4.016654260480795,-2.320902388702382,0.8424577198928027,-0.8204273221916285,4.782328833151031,-1.0680957298776712,1.6755668488259443
44.0,42.0,291.94677734375,-0.4364134619176427,1.5522849647315828,-4.9932433327387935,-4.407456433834637,-2.2054941469034577,1.104702551735902,-1.19203478729034,4.595374394320643,-1.0085243166389883,1.5075347285911214
44.0,42.0,253.19989013671875,-0.486818741514698,1.9557918317320693,-4.909092448948475,-4.997146401996335,-1.8163214498411269,1.1183464962832108,-0.6512483104278939,3.732834433667509,-0.9799153391774676,1.3926162504842914
44.0,42.0,230.6468963623047,0.1067249191554839,0.9863679016314038,-4.9993739004294175,-4.997529659614342,-2.230949653920007,1.4625017630371158,-0.9997480548108992,3.478466873879458,-1.0144559846952332,1.0373462380191212
44.0,42.0,281.2084350585937,-2.027965775674329,1.8136445637419245,-4.998628265496493,-4.616686567075156,-1.6139693931956225,0.5203556960340139,-1.279386208563591,4.239403333622294,-1.1911763491468623,1.4364157288702737
44.0,42.0,253.60467529296875,-0.5665224416397123,3.801897770035344,-4.969135937112154,-4.735602646463556,-1.9510923183496256,1.4739238369024594,-0.9221525705758644,4.598755922302161,-0.4583789684382404,0.9129534718361264
44.0,42.0,194.7433013916016,-0.6483305669684452,2.8151891667671567,-4.965386401688264,-4.983053126090422,-2.557027075919796,0.8660214928868504,-1.4944798757308728,4.423819580390857,-1.2180083028850763,1.524990274773712
44.0,42.0,244.5504150390625,-0.797098964842589,3.755852041159821,-4.939725058711839,-4.64782200052355,-2.434227673231373,0.2099187091066223,-0.8160790204424568,4.744775815874755,-0.7269837961772811,1.2129510381237916
44.0,42.0,230.35137939453125,-1.0818759271440117,1.5011980137838323,-4.998521541803109,-3.834085905444754,-3.133208939241589,0.8340242259821959,-1.6909652819670509,4.268549766364705,-1.441001380744784,0.7268027205449856
44.0,42.0,195.9336395263672,-1.95206768259336,1.8139982416209663,-4.9939946931930645,-4.87758755456322,-1.8074686019303263,0.9266024920518916,-1.135036907225317,3.99738559745092,-0.5167018839598638,0.954772840786302
44.0,42.0,232.72003173828125,-1.18881762734956,4.283653643114137,-4.978586661849877,-3.890854085037419,-2.0321297540383227,1.3651427853482143,-0.2841087185541671,4.774874737478841,-0.9225198060986806,1.4551325754930078
44.0,42.0,237.49012756347656,-0.9442141487270704,4.420018581792721,-4.693037915661447,-2.968183350427137,-1.991363719052316,1.1085746845739086,-0.855248713572502,4.610720927017628,-1.2150956086988347,1.1625529829959866
44.0,42.0,228.68948364257807,-0.9951022317133332,2.8965820594817027,-4.959530208474664,-4.767568528656476,-2.704704196462541,1.20682512033901,-1.0184031206926232,4.946141130640303,-1.2978041942719107,1.2942270615365192
44.0,42.0,208.262939453125,-0.3673866922681519,2.7162852296085074,-4.936688121287644,-4.4476248519517325,-3.210207956499784,1.1617725269093704,-0.5761038328144839,3.8667076347254863,-1.1819366463405756,1.2197292770522985
44.0,42.0,250.2123260498047,-0.4325542572266201,2.35307753175133,-4.870759627817607,-4.188515000834801,-2.706283686001203,0.6793194693191396,-0.7282911562914718,3.760959215483679,-0.7200440414116693,1.0242761234767297
44.0,42.0,195.82427978515625,-0.1443230355828468,4.223197141848232,-4.995046751007637,-4.999563155729224,-2.4507450899685663,0.8410439053210244,-0.535548493685698,4.638671204954797,-1.0252663658828567,1.6651017063645543
44.0,42.0,261.6622314453125,-0.9014965996815744,3.000245648157037,-4.718280598684289,-4.772931672216561,-3.4791859525128297,-0.3677227067760729,-0.8849088814307535,4.271491095035097,-1.121707289185529,1.6907599057536382
44.0,42.0,214.50680541992188,-0.3260535551092136,3.789610969655264,-4.9776915137948095,-4.970077340435987,-2.548051573638093,1.3357077434378954,-1.1109022167792109,4.637339508545393,-1.503724021415478,1.5616572545623022
44.0,42.0,251.28062438964844,-0.884726433368022,3.300188036488059,-4.996163083707631,-3.908130380423154,-2.276875556398596,1.0914498251280316,-0.0398672518174976,4.944197507252561,-1.075965109398529,1.6533465329927255
44.0,42.0,245.69732666015625,-1.904783742131909,1.9710029404111984,-4.990513490283106,-4.99635948881626,-2.0210784812724656,0.984322906818864,-1.4827756343141014,4.996235519611927,-0.3880568245931197,1.741324999926657
44.0,42.0,251.88438415527344,-1.9113720693574097,3.599175805961508,-4.9992290539153394,-4.881833953043269,-2.3859698406201297,1.6480220100312746,-0.7862128720782513,4.577865793131196,-0.9427794384606152,1.2433385101571606
44.0,42.0,241.77169799804688,-1.4270732204144525,2.070423088904012,-4.9745974713242855,-4.117074642434792,-2.388016204649104,0.4445164925115898,-1.4976887596365844,3.789525618742232,-0.829044902213341,1.6460526540715108
44.0,42.0,232.1349029541016,-0.3375954623283546,2.941336754151541,-4.98239769885732,-3.5461680683681154,-2.401727862424808,1.7817577190124014,-0.7325493005934058,4.552137539655575,-0.8424971414698037,1.676259675636783
44.0,42.0,276.195556640625,-1.3703950329477022,2.878937842101311,-4.812108652185437,-3.928212341853752,-2.81328051407326,0.5513324051851303,-0.7206989720013546,3.88395923994244,-1.3611223527520226,1.5872413722898209
44.0,42.0,224.5095977783203,-0.1443627924620791,3.247317089064728,-4.948352764769665,-4.872523367501182,-2.6689634600450294,1.1700183147284768,-1.515322559589905,3.3637798187965178,-0.836202314111147,1.580634436853372
44.0,42.0,257.38427734375,-1.845422339765003,2.949531647906266,-4.996668216881576,-4.740062306970405,-2.403310753873161,1.482984862974491,-0.8840405713613411,4.471696545499713,-0.6008462067134079,1.398126998940162
44.0,42.0,209.0283966064453,-1.0331329567021177,2.7760011518925527,-4.996657843806573,-4.532075523652723,-2.091016197078516,1.134586159355684,-0.4692998115248876,4.999689511377559,-0.7747207241529717,0.6954293438224335
44.0,42.0,241.03501892089844,0.247379131370006,3.0102500199593045,-4.906634183661182,-4.462478123987976,-2.153811449610139,-0.0260448135374149,-0.9705949938158912,4.765994675352674,-0.8478101483839495,1.1455316284998416
44.0,43.0,210.7244110107422,-0.266073226196772,2.9474673979410166,-4.954254607526719,-4.861540102769188,-2.634169496156144,1.1805377933883596,-0.5239185034133538,3.958604408304939,-1.0919900991590832,1.467339669768175
44.0,43.0,234.3238677978516,-0.3543080699264163,3.533131299930851,-4.953476092513741,-4.315588580948564,-2.4794580969255176,1.091556834347993,-0.0223793065458357,4.993359639394878,-1.0247313716012596,1.617672110908318
44.0,43.0,287.54815673828125,-1.069076367393066,3.508108165960953,-4.376275920084659,-3.9982883578407256,-2.9126023031962087,0.5526524058644071,-1.203658977898839,4.932128901668497,-1.0006769294810465,1.7134641214150914
44.0,43.0,248.6981506347656,-1.1668831938457265,2.8459507449069834,-4.965096956704997,-4.505485262181877,-2.7992070254588253,1.0071997972237217,-1.0988503616734668,4.232352756066451,-0.987508808709828,1.5340701097289875
44.0,43.0,258.4121398925781,-0.8694259328542291,3.767759811331573,-4.666352169301167,-4.633816123676682,-3.032889691204576,0.7138267045875155,-0.8943187934918679,4.4647266430132895,-0.9085547686473828,1.4178981899687653
44.0,43.0,244.82162475585932,-0.2177144805066335,3.0000434306331485,-4.990895898875073,-4.675773547541326,-2.601847809760088,-0.1218385708036589,-0.9186136821725776,4.388713527900464,-1.0028207961191455,1.5633786565273224
44.0,43.0,235.0057830810547,-1.4316129632225922,2.5447688217261435,-4.957012295344571,-4.886424480788079,-2.428213819193213,1.0930263151152522,-0.7274286469748104,3.649754377947288,-0.6786295806047526,1.0417998611054324
44.0,43.0,307.0486755371094,-0.4946507229608974,3.986429661042891,-4.9050988779332245,-4.776687458329544,-1.851930894355017,0.6390221512682182,-1.2283901768438117,4.981174234261177,-0.9362548597796804,1.48236646601847
44.0,43.0,247.2681579589844,-0.8171680415366591,2.9810922837047027,-4.970791691758281,-4.999977543508203,-3.295956675479486,1.3827964963311077,-0.6958505599122429,4.113854229469805,-0.9841763482341904,1.5757676338005178
44.0,43.0,217.13427734375,-0.7722144533323769,4.671702782931757,-4.675399339467006,-4.977347274358463,-2.2147599007538368,1.4066725576571582,-0.4965449003091962,4.81712120746262,-0.8606998727685369,1.380711703422164
44.0,43.0,226.9467163085937,-1.067776759132149,1.898529339349864,-4.970035650328579,-3.805621069034936,-2.586674317089239,0.985032539463914,-0.747474341463958,4.736429263327654,-0.9208890126188632,1.1500000294991608
44.0,43.0,253.03424072265625,-1.145056282719569,2.04505222249261,-4.999976956236624,-4.223774950361962,-3.16679203609487,1.673001889574051,-0.8143406139648164,4.081473717151162,-0.9378972027059912,1.7450071219600227
44.0,43.0,221.6415100097656,-1.058774684048008,3.372171854874564,-4.981491707908325,-4.982999585520695,-2.924843714372865,1.5857492865327956,-0.2180107425890955,4.633113809794851,-0.7997018102990712,1.0889645897087163
44.0,43.0,229.09487915039065,-1.0766335824710622,3.396355443450714,-4.917968109796345,-4.89886419805917,-2.744990248600076,1.5288933694684417,-0.8853519815655408,4.436609174356702,-1.1082949953206072,1.803499249851232
44.0,43.0,253.57305908203125,-1.0138444302529233,1.6584895814884382,-4.912105433419408,-4.741700976799002,-2.761249757850244,2.1826950847825133,-1.1603155129491065,3.45436357907656,-1.194373942458637,1.2186097254819082
44.0,43.0,272.1336669921875,-1.2980603920525335,2.603831254046672,-4.838620716848943,-4.5532499645934585,-3.391115186133685,1.0259621483865915,-1.1829144085230965,4.246922477318668,-0.8730857959218961,1.460799003944924
44.0,43.0,277.9032592773437,-0.2960109676991971,2.1519184322145684,-4.823798852845904,-3.958019303673813,-2.4145288843599384,0.1454948286736082,-0.7882424893949604,4.875866333508707,-0.6496813217927944,0.8808183899757154
44.0,43.0,226.794921875,-1.1627252921787532,2.7480064191872007,-4.931808694534428,-4.673230287988292,-2.390069087492455,1.4016630330889637,-0.9295355988203512,4.4472481262902654,-0.904304789599058,1.2023795645206174
44.0,43.0,222.58038330078125,-0.934964963127766,1.7629443820935355,-4.964578407677642,-4.954247077465554,-2.960506591663736,1.5222993112288794,-0.361263459900786,4.56632113768632,-1.083728765257271,1.6444883310756282
44.0,43.0,251.06121826171875,-0.6542215490395433,3.656612764013369,-4.926328248256081,-4.561869922479064,-2.918842337641236,1.3247440004135482,-0.6474844307390013,4.987332548547677,-0.8861202241470272,1.8280448228221056
44.0,43.0,273.1910400390625,-1.870585739720968,1.5027688032381112,-4.955859212374751,-4.990647321215162,-2.214227575914613,0.4650120310356378,-0.5149300394894949,4.579569545155408,-0.9817455805673054,1.1902755655686643
44.0,43.0,221.5412750244141,-1.1428443553642902,1.1245383882844902,-4.968475090323574,-3.974896151624592,-2.501591468447532,1.0309969860130854,-1.4741463330273277,4.288214630974723,-0.8457841351806614,1.6922657915600414
44.0,43.0,261.2708740234375,-1.5044657325543498,2.353703630567791,-4.908747100350519,-4.585499244007057,-2.7196053406069747,1.4024350019916811,-0.8156827884161739,4.499718944024458,-1.0718031156513177,1.2428359996459148
44.0,43.0,232.8529052734375,-0.6073651394175084,2.9121107696037027,-4.9999282499004565,-4.292714146175563,-3.185164621119561,0.7655178788140873,-0.9897591553986178,4.607423341686642,-0.9746161185649188,1.278596958260824
44.0,43.0,239.89752197265625,-1.0297537598799056,1.653455060889871,-4.88937395994497,-4.921613370967613,-2.8171578367073087,1.2024484810451863,-1.3730933227991575,3.2293631494025696,-1.4047751281396454,1.7293080059677504
44.0,43.0,242.7924652099609,-0.3673983187713556,2.4707618607373707,-4.940919920761852,-4.986614604898867,-2.282653565832564,1.4668295534711415,-0.6276209450733958,4.204912558210044,-1.0231641899112724,0.93925395931739
44.0,43.0,249.1639709472656,-1.3094524211547158,3.027617681562548,-4.926954212108857,-4.9911622593404985,-2.846556714462422,0.4298281944761859,-0.7706029470761582,4.861622453387957,-0.7245541784898819,1.6015106945025297
44.0,43.0,264.7474975585937,-1.499632436880396,1.6632848051881624,-4.989464680881219,-3.6538057862157856,-3.2724360964062424,1.0516536524889926,-1.2726009535401397,4.74999232448392,-0.963820482971899,1.4280841107225282
44.0,43.0,245.3263702392578,-0.8278620542911259,2.9471389483094503,-4.997393985547918,-4.992060921736994,-2.5252720392369192,1.1803053219874844,-1.3398786001338472,4.544954053688455,-0.8833086308669049,1.1793616615960882
44.0,43.0,264.7691650390625,-0.6895104194433479,3.1426160948693145,-4.722893754389956,-4.687138986768001,-2.4695164068221325,1.4765895042335426,-0.9011687595813624,3.2000920330429885,-0.6071710668560169,1.984567893926784
44.0,43.0,207.1771240234375,-2.1228999887183795,1.7389574063894295,-4.915878810202182,-3.542259772437178,-2.3990208092443965,1.3525068688417292,-1.1478107038598575,4.909157767230667,-1.000274021276529,1.058938355064523
44.0,43.0,258.2890625,-1.5375978951003932,2.1905063746290647,-4.999903842916181,-4.958639976496446,-2.5276579415296694,1.5909758435977892,-1.3076465052686936,4.845405159535346,-1.020933182702639,1.1216375936881553
44.0,43.0,241.78707885742188,-0.8923372951451647,1.41154573210168,-4.998390148863898,-4.124126198113796,-2.64293923893102,1.103204431915584,-1.607495336671552,4.907987019630667,-0.8275636485804405,1.604260442472753
44.0,43.0,193.2601623535156,-1.1267555851180533,3.276064271807904,-4.996088223757062,-4.497121259028499,-2.492531320541172,1.5585317601494575,-0.9797219256746894,4.8046602059519845,-1.1923808134126856,1.0279686487517683
44.0,43.0,235.65773010253903,-1.0556206283088998,2.013791847057923,-4.991706720398915,-2.9539910252690715,-2.6150368549708687,1.5780434706804156,-0.7820047373661545,4.2026984944888,-0.9045807164234114,1.952113485387408
44.0,43.0,235.9501495361328,-0.0368881848765099,3.251460276868583,-4.977576485839722,-3.802610837831053,-3.140829903678205,1.6079165906949768,-0.245746905679784,3.869396911395558,-0.9190642439700828,1.4105708277656612
44.0,43.0,265.9479675292969,-1.3836529078465274,3.577792305178938,-4.802493483891042,-4.511797934037497,-2.813869273943705,0.5686262674018892,-0.9226002583265238,4.578191010158935,-0.8957560150212398,1.6928537562107255
44.0,43.0,249.28030395507807,-0.79096028551694,3.761329226043417,-4.805939108550519,-3.0384979196430297,-2.8884254216397687,0.8810318706415767,-0.8296933949036056,4.799218413082622,-0.9232240576173424,1.4675771872757537
44.0,43.0,224.6279296875,-0.72032023331567,2.258353448743529,-4.87257721139806,-4.979173767314814,-2.2844804199833835,0.303482169704572,-1.10037807826054,4.252419211283552,-0.71701687310361,1.0195999293513598
44.0,43.0,241.58233642578125,-0.3153071689213371,4.148827816438777,-4.99399877963991,-4.87677976716851,-2.5896807737650964,1.074906371148253,-0.9662694772400808,4.488093269982231,-0.7649056531350427,1.747160815462891
44.0,43.0,240.2530670166016,-1.258826764736154,3.873147283787525,-4.9999999884475965,-3.961151835291695,-2.5141605497872104,1.3325410935040765,-0.4346175743268237,4.106900505629044,-1.0181724198429245,1.2412239624493615
44.0,43.0,217.6957397460937,-0.4030916357755849,4.445492181627886,-4.966242641351768,-4.582580433265644,-2.964260307741453,-0.2873528999674324,-1.0422090949523586,4.839245186775578,-1.184223455638686,1.742979110214212
44.0,43.0,272.7216796875,-1.2617408323511157,0.5450619272187183,-4.999559438136255,-3.877852498822792,-2.857359956385648,1.2454817951401953,-1.2434100625311393,3.1662651753489826,-1.0188430365559382,1.4459030575412797
44.0,43.0,233.71240234375,0.0772067208699569,3.2794664015376256,-4.826157483061882,-4.30161534409956,-2.70555009038843,0.3371033163375978,-0.7271323936994012,4.204288773215634,-0.8676496596905388,1.7690591691617863
44.0,43.0,198.57354736328125,-0.3065349205448804,2.685012466066185,-4.94251246869909,-4.998379346333604,-2.510559263372963,2.1663773025249675,-0.5014679742801604,4.329772132155634,-0.7563624420512269,0.8775662842147458
44.0,43.0,261.3060302734375,-0.8055275112188909,4.704357309332005,-4.998002241301066,-4.985172164124579,-2.873780404753046,0.6752441780095255,-0.8742278753362989,4.875734814531796,-0.9657564273478868,1.571694293357682
44.0,43.0,235.560302734375,-0.1657987329067296,3.200790234188153,-4.998535884278493,-4.620056518031182,-2.668944050688604,1.1270174936002562,-0.8812557821088207,3.8758933629138888,-1.1535000428758266,1.586464434974678
44.0,43.0,250.888916015625,-0.7261849667632827,3.0495453459083315,-4.976095922591465,-3.689076896713909,-2.785136793714624,0.8463548884303211,-0.6309789017386516,4.99257265676108,-1.0607959436212877,1.4994275999098896
44.0,43.0,230.38214111328125,-0.0764652950177469,3.7263794428700834,-4.995741200571801,-4.994287455285986,-2.926099072619832,0.054340884573671,-0.9522919606894584,4.7071407256270135,-1.049997821186781,1.2612441827618506
44.0,43.0,251.5697479248047,-1.1241937810160652,3.9415297795219377,-4.897695040303349,-4.209011712159399,-3.241950940955975,0.4690034211896634,-0.9098333563756568,4.785984918983598,-0.957015165797002,1.0613128924257111
44.0,44.0,222.5646209716797,-0.3032941087480703,2.886297120624384,-4.994962858092635,-4.973877759069585,-2.575349904174544,1.5199222861769446,-0.4492256649782176,4.794251090495687,-0.9332503150806524,1.5582830789752655
44.0,44.0,270.8348693847656,-1.4892483226421511,0.9857118327032488,-4.9250441230012285,-4.033761733794091,-2.845365416827438,1.5204404460629295,-1.6275235179187135,3.8763383031730623,-0.9642027565057552,1.6257753643047703
44.0,44.0,247.18960571289065,-1.1961703046129153,2.5709376329984632,-4.9720223688814045,-4.572000634129464,-2.5550854060263206,2.0708104857830385,-0.322189131608674,4.933045898953095,-1.016788818695029,1.404897007938687
44.0,44.0,246.59829711914065,-1.0924381665640404,3.375368088195227,-4.896590584959594,-4.873218837771404,-3.2787691200576217,2.0728813968420496,-0.3706866021666588,4.887989549309921,-1.3274875588714163,0.9641917717986406
44.0,44.0,224.7633514404297,-1.7159201657958434,2.702606308109755,-4.996362708763781,-4.6477049521812575,-2.314033830330237,0.9541401662264528,-0.962905230863333,4.793753562171355,-0.7364752063163316,1.3820609464546774
44.0,44.0,219.65245056152344,-1.2234068252660024,3.1351577357541824,-4.924614206306165,-3.508901337739577,-2.703875787063604,1.928998550206158,-0.5158259170903108,4.446379046211108,-1.0615332835405065,1.074693766510637
44.0,44.0,226.94265747070312,-0.6691870621856388,1.8729672569458835,-4.943744775071802,-4.994978433561258,-2.601154213422134,2.218148339322972,-0.9939841570916252,3.879561373255221,-1.0061374271146222,1.711818180952477
44.0,44.0,213.1493225097656,-1.3949650241971885,1.925366677163304,-4.937584911352533,-4.853762062144829,-1.94503335440805,0.7556340953874505,-0.2028257381020441,4.152920194577467,-0.5314868312051697,0.9800949046054992
44.0,44.0,264.8000793457031,-1.2631531794223334,3.806853376256459,-4.998826616468658,-4.00103786239003,-3.113231918289002,1.2690702325907788,-0.8896274307424008,4.999756302379261,-0.856185492804225,1.7799246179658992
44.0,44.0,245.70054626464844,-0.7909824202958289,2.7567639420511814,-4.850993862207257,-3.707725571115672,-2.3331550348760146,0.9329890717449576,-0.3677764926709859,4.184123998057201,-0.9856646432042035,1.144319867827578
44.0,44.0,234.6490020751953,-1.5618283832047224,2.9632630121953074,-4.991095058843739,-4.983021488480225,-2.0562293604803084,1.033872476946426,-0.6283483919053179,4.778497528299232,-1.0700744601410928,1.2384252841110683
44.0,44.0,248.512924194336,-1.804600722795156,1.864578668565669,-4.965314082328916,-3.446649546631291,-2.740426735490481,1.4446183205436045,-1.1942283615012128,4.346054272798535,-0.908255967934374,1.7632094596736945
44.0,44.0,247.07101440429688,-0.3893818157434481,2.2419077671494927,-4.971336064349622,-4.948651027620988,-2.2711370556938766,1.1882016319696636,-1.188054952676128,4.039389800984303,-0.875611891798771,1.320820048095631
44.0,44.0,205.7082977294922,-0.8001623790702768,2.72874463739368,-4.9959557491622855,-4.972940576822556,-3.157797324103126,1.4805822775194422,-0.5026663202972017,4.672395627573611,-1.1619650605473892,1.480645215087134
44.0,44.0,237.77212524414065,-1.2467122375233417,2.11944451748482,-4.914131394983065,-4.687309337019929,-2.5626714170490352,0.631625818275019,-1.044932995963307,4.087964095937869,-0.987950703079016,1.326863102438793
44.0,44.0,216.0058135986328,-1.2482898523483534,2.086325086616955,-4.997354941586585,-3.8657325695697,-2.528208543003196,1.93889768805628,-0.1289389899993818,3.9002741007875343,-0.8749401369393102,1.1291998923978692
44.0,44.0,205.4998779296875,-0.8751489019907019,2.252060734248745,-4.978285280436511,-4.905010860442328,-2.536965100604444,1.2990512471841225,-0.630748502064165,4.722287305141409,-1.0914726129156738,1.098959429540706
44.0,44.0,269.5521850585937,-0.6713509598471044,2.588234261199042,-4.9560193804386765,-4.003909743050155,-2.317568252443017,1.0948156214779807,-1.19624050000265,3.4871339517865447,-0.9929130185492276,1.0720751156524475
44.0,44.0,222.15057373046875,-0.7236111967142476,2.496903889812784,-4.746965838718159,-4.981645529497964,-2.588021815572979,1.6097189461190542,-0.7866856564633462,4.362697518220768,-1.1150104064156467,1.6802277060053488
44.0,44.0,263.841552734375,-1.240239366521156,3.754867425428978,-4.887162391405776,-4.143823662097864,-2.710799222770729,-0.005825853451717,-0.7466593294960884,4.876562364373676,-1.0799973894574162,2.036532213941406
44.0,44.0,223.7832794189453,-1.2662201212935265,3.0983181722494315,-4.997781514018572,-4.127181472581871,-2.552362410704806,0.9645390864585116,-1.057223910328346,4.793149825980212,-0.9011286527724742,1.2805965783129514
44.0,44.0,262.5753173828125,0.1141068920958909,3.99997581277413,-4.983564612520103,-3.894552008071048,-2.460222502213319,1.5866583237229737,-0.4334010095122576,4.800927560299908,-1.00595807337148,0.9175955369105138
44.0,44.0,210.61215209960932,-0.8286447205940686,2.7815455871900783,-4.983923017474268,-4.978539138769054,-2.945566710425468,1.9665847830865948,-1.102574728155465,4.8375046817672605,-1.0958066506576678,0.9365812970068834
44.0,44.0,243.5803680419922,-0.2220696315923573,4.847816875923325,-4.918396735800887,-4.983516879662545,-2.813165212780114,0.8405057513619232,-0.7090719174544766,4.804800310453135,-1.0448816781934402,1.782824420010246
44.0,44.0,222.71041870117188,-0.9274559882926744,4.149215843721624,-4.859301445122744,-4.99597510122679,-2.298133103273294,0.5152640686877756,-0.2544368688993614,4.011003830111385,-0.7423543292550674,1.3313019421081045
44.0,44.0,272.3987121582031,-0.6502190384861821,2.221424839119253,-4.912056488754283,-4.5978094716809705,-2.6786323664134537,1.5912533281316597,-0.8404925933695999,4.284877695733576,-0.9143437988325208,1.7017068887198308
44.0,44.0,194.5453491210937,-1.0307614768840296,1.8037683442782635,-4.997749710616536,-4.667183692064329,-2.514623171016912,1.3676856441229577,-0.9114051342180414,4.357469314127641,-1.0178888880080477,1.3185561354465989
44.0,44.0,255.3392944335937,-0.8367039034118973,4.324580324838225,-4.9828049780374,-4.69788998776786,-2.250851902380534,1.784002176742253,-1.2298394515289657,4.825118973691488,-0.9536350279824132,1.00754607828247
44.0,44.0,227.40121459960932,-1.1619144604188825,3.43312765658758,-4.987331397204595,-4.188531297110191,-2.978579680127557,1.4766766730133671,-0.4589109602718917,4.6261926856293165,-0.9864663094378008,1.2355485709979188
44.0,44.0,254.58970642089844,-1.805096737228351,3.298480908079952,-4.992579719630054,-4.586028797780987,-2.3911152047199287,0.6338033563289613,-1.1876755774602406,4.645989482608574,-0.8677835480391813,1.0711688685855485
44.0,44.0,255.30030822753903,-0.6927429020583835,3.5862432893009544,-4.999967003914882,-4.186538594816476,-2.842058752363927,1.0080376182914552,-0.9851003484852514,4.864840663785016,-0.9551133857952464,0.887153267461116
44.0,44.0,242.12698364257807,-0.5838702786889725,3.2575881828974715,-4.98490330030862,-4.962040293259015,-2.300054800234266,1.1887756938904517,-0.9265698806832434,4.824364042739127,-0.901687115359488,1.057126371214726
44.0,44.0,272.1395874023437,-1.2304026994489852,1.2731496213534277,-4.975233459739905,-4.732673607321048,-2.815521310214009,1.2323024901615076,-1.1585243208442932,4.086848234170329,-0.9781808833309108,1.0527084631132713
44.0,44.0,184.33233642578125,-1.07537031552467,2.504514839967064,-4.997430866605245,-3.742937576117557,-3.191128632464592,1.670913652779053,-0.575540225210462,4.415269426290044,-1.1715881912736623,0.977315599714105
44.0,44.0,242.23190307617188,0.2594106586999949,3.2302728053894203,-4.999981176233127,-4.608134145247168,-2.45265303262801,1.558758330353335,-0.4055290501275523,4.493820320849268,-0.8606627547142436,1.0514618292970752
44.0,44.0,258.195556640625,-0.3382603604530825,3.9530513356881816,-4.96578018482177,-4.947492964190645,-2.7964030053643207,0.7018197395324925,-0.4292625911062266,4.806441708409308,-0.9271991002948816,1.791525538388754
44.0,44.0,236.5770721435547,-1.0011078513241185,3.155745559044483,-4.960823817881489,-4.562384173864936,-2.765115584534124,1.4430533990696848,-0.3900855877698355,4.65394504154944,-1.013983946101921,1.307929436680534
44.0,44.0,211.63406372070312,-0.1942571347915151,2.5291224214470045,-4.999727960224067,-4.942749958864888,-2.6098517349834074,1.108350603196886,-0.9918268898480154,4.726956290142034,-1.103433350546989,1.1794542283635998
44.0,44.0,227.02493286132807,-1.0385645907302372,1.424842150137308,-4.919812350476915,-3.840572967974202,-2.690124307597822,0.509204609581472,-1.0101667886602907,4.540210311865881,-0.8150945983201527,1.6402140993858607
44.0,44.0,222.6463165283203,-0.2246791316578731,3.2440075951950327,-4.999468618525224,-4.977184213030406,-2.6672309044193443,1.9111426653551329,-0.6423764116243476,4.597419551882044,-1.01703758558487,1.5958773342532968
44.0,44.0,225.4659881591797,-0.167650848585545,2.8962587652540748,-4.993457298620448,-4.317734544852821,-2.6440077519159075,0.4586208161668592,-0.9664897027016908,4.572506097327873,-0.9149296812463632,1.3202456307960198
44.0,44.0,242.2205810546875,-0.6427506002833674,3.2691300078388235,-4.99202050604223,-4.779355655485663,-2.136591802738204,1.271943222167037,-0.5345630371269836,4.852744280001208,-0.9429708842769848,1.5496908354177084
44.0,44.0,264.34820556640625,-1.4074477255107465,3.030337897954178,-4.838176793968042,-3.160817941509144,-3.2059576648279284,0.6706128731892775,-0.8561838788733578,4.528873482772159,-1.0530855919303308,1.6281334509546266
44.0,44.0,248.5829925537109,-0.5444984578415104,2.946810948140527,-4.998043502496548,-4.303147764328027,-2.7572228336142124,0.7232143288691368,-0.5723464619284959,4.197764755133484,-0.9157278445295862,1.2188321721091064
44.0,44.0,250.9184417724609,-0.6182620231717451,3.894130035992948,-4.999909328242982,-4.996262855495637,-2.6062949338844965,1.5285019347895652,-0.7127888119974237,4.525641464522362,-1.2209473277643146,1.0718972930299673
44.0,44.0,229.3539581298828,0.0409927760349866,2.094004414322188,-4.997422608033176,-4.893263360011344,-2.5100280282942573,0.6143076332313875,-0.4054557955128963,4.490599231888652,-0.8840567947578357,1.6271091662444084
44.0,44.0,249.18569946289065,-0.5437665861977505,1.886050026313812,-4.950131440678973,-4.9970389209094455,-2.8733234780561085,0.9236363201545386,-1.304077565713789,4.772994257348959,-1.3227194992301268,1.1239638248855544
44.0,44.0,229.8251037597656,-0.3109525423257491,1.9890273667837377,-4.981560643488986,-4.173675067475218,-3.200949844022148,1.4189050833584904,-0.7249290896686658,3.788896554122058,-1.2164389679566994,1.2593297272596873
44.0,44.0,250.94825744628903,-1.223248601705733,3.120505458522336,-4.998545716689933,-4.810446767288077,-2.455633715686381,1.655824382071983,-0.2335544749841851,4.609483811362242,-0.8990909850994742,0.978004430252054
44.0,44.0,215.0274658203125,-0.6287046991987841,4.509897326619688,-4.909166144129261,-4.923515555572119,-3.364752514583551,1.8696864609511847,-0.0442456834501268,4.813214427601315,-1.3111706498763946,1.3281075862169
44.0,45.0,224.2743530273437,-1.457727631341669,1.4758087896658312,-4.85035400160623,-4.799657145151002,-3.0019441482231866,1.816465330175248,-1.0103768403225537,4.448659314953476,-1.0997435744393735,1.0482082355448377
44.0,45.0,216.6917724609375,-0.142867788402202,1.723758126740497,-4.7571206850728,-4.499170148271576,-3.825538588758895,2.364403839638393,-0.8681678205534569,4.752892009284912,-1.3458401545190766,1.8710108307603937
44.0,45.0,248.4610595703125,-1.427348280530116,1.6505348386261147,-4.924470346185892,-3.489124843872093,-3.2943998303222144,1.5059045175639971,-1.0442381720673586,4.289737769737567,-1.4470519866444391,1.439771824073354
44.0,45.0,244.74317932128903,-0.3972258703914697,2.1737159238249664,-4.87430550596964,-4.598028290238033,-3.159971162902198,1.2940443500868837,-0.8821594558318422,4.148228352074394,-1.0961688047639209,1.5965522130155163
44.0,45.0,261.08837890625,-0.8108427191802061,2.1798189265149803,-4.970431125788742,-3.4744090953034568,-2.7964457037230246,0.5718520471682318,-1.499386422426121,4.152059368874394,-0.7191065571249382,1.673485390517965
44.0,45.0,269.28289794921875,-0.563686821981781,3.858084450225302,-4.919472127416909,-3.634380216545453,-3.382768803963831,1.7596360521975196,-0.4527015652580548,3.82996732322672,-0.9732320183877992,1.196447302546158
44.0,45.0,209.0847930908203,-0.3175834830467439,1.8605175920293744,-4.897280463844815,-4.587284994607166,-3.316871757185292,1.2534647388634663,-1.3786907434157571,4.358472281437233,-1.250044142216653,1.3480923073242472
44.0,45.0,241.82159423828125,-0.2354280918649536,2.466523882895463,-4.99039336425437,-3.396979597900105,-2.8007659297547822,1.349736470304638,0.1266129340539485,4.861208738713163,-1.098313299531492,1.286097951850075
44.0,45.0,238.7259826660156,-1.1924018095503048,1.007405428959184,-4.991317241000059,-3.912504813370463,-3.001035403131742,1.3274199659820347,-1.1803373198091238,4.201411130537888,-1.24990569862053,1.4259707347068478
44.0,45.0,239.63092041015625,-1.0425354128636948,3.802981083612076,-4.990775918656596,-4.834817078687498,-2.637945509703528,1.8424670104421264,-0.0206921989558939,4.544099202433136,-0.8539223845179036,1.1484739922228826
44.0,45.0,213.55062866210932,-0.2195649593990589,3.182818883512944,-4.696206471378763,-4.879339154391365,-2.3657780172477683,1.367966958718462,-0.4594829637751543,3.1465906854281744,-0.6016923481428895,1.0140445546005026
44.0,45.0,265.06890869140625,-0.5912493906197422,2.543294581111634,-4.999989020349494,-4.757064860552902,-2.8566877376312485,1.4951785003588336,-0.6208809164593987,4.465648821363306,-1.299811863813194,1.194312677211272
44.0,45.0,234.63824462890625,-1.6032902331133982,1.9178022586350263,-4.99946858616387,-4.893356857789906,-3.0555040661712,2.015523599407232,-0.8317606879354997,4.661138787495123,-0.8747130517292243,1.296355674925989
44.0,45.0,227.3680725097656,-0.7795666108576693,2.301226392553021,-4.9963648854497,-4.362182960401634,-2.9885787456510986,1.4831336322452149,-0.5164291395234724,4.346186804464125,-1.021422849792835,0.8790587343799672
44.0,45.0,211.56118774414065,-0.751226008401269,4.5612825729595095,-4.95984078519936,-4.819130007014589,-2.4466704742931187,1.3461114946632795,-0.731355402157984,4.94756737210939,-0.8056970317844039,1.6540950533311118
44.0,45.0,271.427978515625,-1.6609688833820435,1.57260239706663,-4.9992561388969525,-4.8037330222612376,-3.034537461355326,2.0922374142139955,-0.0144797050787719,4.558314462320466,-0.6274240428647575,1.0732229069836077
44.0,45.0,230.0526123046875,-0.5567081744337212,2.935828812815819,-4.994543296627294,-4.497689016388822,-3.0978786605729414,0.9230962225990522,-0.8095053964609065,4.432201993596813,-1.015719847253318,1.8925468783725128
44.0,45.0,246.338623046875,-0.9938530472371312,3.3375940502869934,-4.701278705726305,-4.949071728679575,-2.798767837710454,1.478182143177201,-0.7950723290763753,4.65721446012196,-1.305065734601076,1.8625358758429789
44.0,45.0,228.3326416015625,-0.8271098450436911,3.097180341224707,-4.923145393060944,-4.779604240770508,-2.537427673124568,1.1216148377160629,-0.5612028676153589,4.828308181904582,-1.195566764070521,1.4941099563545883
44.0,45.0,219.92791748046875,-1.2849887720838389,2.6358854665779985,-4.99982933012855,-4.974087324558279,-2.7006291268987064,1.324943844349935,-0.3456641075051481,4.560289735356166,-1.1877427290829452,1.2461015900550017
44.0,45.0,234.4237365722656,-1.6264436416661017,2.328941828274721,-4.995833879041999,-3.2546161651696,-2.6962920136459694,1.6908906368738226,-0.4734824061185039,4.81197283488839,-0.8595825271084339,1.327603499137843
44.0,45.0,193.51026916503903,-1.8274747128734936,1.716034632142975,-4.888611920443796,-3.842992679656253,-3.0299578174669985,1.8705106011841508,-1.1282301051210162,4.293414305541424,-1.107006181620016,0.9995701878906392
44.0,45.0,244.1302490234375,0.0422217700986768,2.954708561895547,-4.9842259467893895,-4.370469587240284,-2.653294830211124,1.6064368158146962,-1.397028388797945,4.600708701854151,-1.0788443291768104,1.1706201483840717
44.0,45.0,224.8998107910156,-1.0239298349176431,2.450864368428305,-4.887335704608728,-4.9982376087435805,-2.716570772508284,1.0208623629271871,-0.7389299811180505,4.7486316771134405,-0.9379745116924108,1.6488413661036183
44.0,45.0,245.71652221679688,-0.7842812746297669,1.318138364416777,-4.999926096123647,-2.995186986581309,-3.3546098985057147,1.9456257284112048,-0.718109260447565,4.335810514022187,-1.308617710594107,1.3861849735802458
44.0,45.0,329.91070556640625,-0.6887056900292219,2.105639890776548,-4.980179960106964,-4.905877903533838,-3.2583631076051915,1.5457263601521714,0.3721795723779291,4.370607502904303,-1.1599414353708997,1.2055025062303848
44.0,45.0,206.789306640625,-1.029061551510317,3.498546223009132,-4.971214124840503,-4.397180058766674,-2.5747235230614023,1.7456439776148098,-0.8146858182953896,4.717412834247908,-1.0501028595460955,1.1191696881874176
44.0,45.0,294.7123107910156,-1.5423337603107816,3.875779496526541,-4.769638075725773,-2.594526605079375,-2.7980265586715265,1.6760402448942715,-0.3717886550112448,4.527581931290056,-1.0843690235706065,1.5368393532504545
44.0,45.0,240.6650390625,-1.1367946573964072,1.3271122706612557,-4.997434226395116,-4.296314299396073,-2.70505376458938,1.9049864830442589,-0.3558338048081335,4.465119327899323,-1.0484028546573496,1.491359399175927
44.0,45.0,191.72772216796875,-0.6146259879871243,2.759187885920324,-4.982982754358485,-4.927933495649055,-2.533689027805889,1.0526870761388407,-0.5330908250273181,4.890939617342564,-0.7731400170600136,1.0263217877621535
44.0,45.0,268.4018859863281,-1.9823750624056844,2.972289187014717,-4.894433494801661,-4.143641883031116,-2.9187165735816305,1.777461292582009,-0.6412330033355351,4.957024348943884,-0.998460261214066,0.8551489564737222
44.0,45.0,254.9955139160156,-1.1682598873904664,3.79416724881674,-4.767901398194405,-3.417106335660638,-3.174019186187964,1.6987534346772692,-0.980204679172374,4.563112018731884,-1.211911827522937,1.1947374989611177
44.0,45.0,231.7256622314453,-0.4377260680542303,2.3552219370884835,-4.934720876404596,-4.99461156099752,-2.468338154989042,2.144509140593085,-0.5093643026761665,4.656798603457924,-0.8833365715528245,0.6424832602327086
44.0,45.0,213.28875732421875,-0.5113362403707269,1.7134801601873253,-4.837487508570626,-4.424658744025586,-2.6871076400379112,1.4746871864388114,-0.6378134231269881,3.9166283754300224,-1.1904357516081203,1.4888425764171416
44.0,45.0,231.5697021484375,-1.237836007733348,2.996002294455745,-4.974072384431528,-4.996482330954589,-2.3866154903132,1.4796096109144337,-0.6511703854272852,4.646716667449148,-0.8291299052625778,1.14958667577506
44.0,45.0,222.91732788085932,-0.1731358947047381,3.394793625873728,-4.952774815050361,-4.935770716916993,-2.987433845055478,1.1833500353053497,-0.4020952458468185,3.751155059276055,-0.8879135695065079,1.587527635008784
44.0,45.0,247.07955932617188,-1.478322536266571,3.4486186338838625,-4.977310636964615,-4.480297648976203,-2.316234747218442,0.5933080427823132,-0.2756537775386434,4.227017200129225,-1.1340203927552666,1.4163354831400383
44.0,45.0,244.2236328125,-1.0178504263671595,3.785271335915589,-4.992082440686699,-4.8865330700353615,-2.6126013180268286,2.141239144635443,-0.8280167557000606,4.756062583879558,-1.4033742388762116,1.081998209989747
44.0,45.0,248.22787475585932,-0.9481000228402784,1.951831630827068,-4.998991036842408,-4.969788032652781,-2.86457996590506,1.6424538380030418,-0.9657472651136124,4.523239977325627,-1.2522127685776607,1.463730984764167
44.0,45.0,195.1107940673828,-0.978048690186661,2.134720393105873,-4.986567836787208,-4.991547982808844,-2.651188726745106,1.8747593697048952,-0.9756243272375676,4.420911286306176,-1.0076812843555485,1.626466189125976
44.0,45.0,233.37469482421875,-0.5661214101825092,3.596698731506024,-4.984038958732289,-4.986481454681043,-3.21767528303573,1.283153910719018,-0.6502881620618641,4.959070535285488,-0.9151114761145988,1.5961955171354774
44.0,45.0,208.22662353515625,-1.0329082159077756,2.3803785273583244,-4.83102234172505,-4.999555170442221,-2.3156185248235173,1.210026185988104,-0.5473193553362599,4.372753835351595,-1.102715645361798,1.1399632821762768
44.0,45.0,236.6947021484375,-1.121974490644508,3.288911684380338,-4.959369793525615,-4.883227002734462,-2.573578910310215,0.5908235074773689,-0.6114559707700176,4.11368195443122,-0.9868014647814184,1.209403494853527
44.0,45.0,192.98733520507807,-1.1888610126540362,2.631114982336572,-4.968989681172852,-4.779994807240394,-2.46368740203552,0.8624734807443595,0.0492231020381677,4.7884789623186,-1.056172139897924,1.9216214524514816
44.0,45.0,259.4071350097656,-1.0334065207349576,2.1906430013588825,-4.998976567655151,-3.32543239451915,-2.945948302056556,1.2603149339384156,-0.3667191791049751,4.832206342047922,-0.9408019192159864,0.8710576018299419
44.0,45.0,227.35731506347656,-1.6021455689098807,2.6793696586400664,-4.996424420393034,-3.6550825486524063,-2.388323042665172,1.1775504526342848,-1.158643225467876,4.681214461835269,-1.0531308370084775,0.7691288185150116
44.0,45.0,258.9142150878906,-0.6024049803753497,2.3432084131388056,-4.842923377638433,-4.707902377117015,-2.56416546759187,1.0687775796918464,-0.904090408270946,4.1483726390177065,-0.8417574091727271,1.0221210928144222
44.0,45.0,210.17849731445312,-1.1511622777024186,2.1070575580459616,-4.977836052434366,-4.893018093347105,-2.51594653948751,1.7225978409467153,-0.9259935977342746,4.0271479235446375,-0.7042675591480752,1.3915670045996542
44.0,45.0,236.8798675537109,-1.9910642759118176,1.1443365210263057,-4.920569806788789,-4.697363510573328,-2.53474650794397,0.8477277009762139,-0.8436763261930347,4.495685905425438,-1.0087445077129376,1.608320220439997
44.0,45.0,239.03054809570312,-1.6628257795323718,2.9233386910869914,-4.996962113874164,-3.8570413183558654,-2.763941446103403,2.0987703099393427,-0.115420465879783,4.732161119734933,-1.029869524180112,1.2812443054176228
44.0,46.0,242.46994018554688,-1.374525924714623,1.6280016947862936,-4.977448189049302,-4.454466267071381,-2.854439976973581,1.0593271317607842,-1.0271706475384637,4.1983673886959245,-1.1625045706195198,1.5768971498861823
44.0,46.0,227.7211303710937,-0.6919888696264183,3.162328787590079,-4.904392489874117,-4.328758279839433,-2.960259551670021,1.2187173455907416,-0.78688039159867,4.672101593316734,-1.172150501307217,1.02456186020901
44.0,46.0,219.7498779296875,-0.4971674140389961,2.946304141993731,-4.993443821451615,-4.5082943894960135,-2.997230414857768,0.9692012845971752,-0.7051139694819568,4.800437246978159,-1.1397737332359623,1.3484562542445069
44.0,46.0,225.2709350585937,-0.3557119719926538,2.5653294677152854,-4.926637301686383,-4.974724174602673,-2.8813088048751743,0.8843775222554315,-0.7693759194581142,4.842693269210216,-1.2310563011750042,1.728586465217857
44.0,46.0,245.86865234375,-1.4811869557644617,3.3144165513220987,-4.990362986770704,-4.857838012306639,-2.722980313437088,1.91023085539086,-0.3125432535027448,4.900765019842728,-0.9442979802675416,1.6340290554459769
44.0,46.0,254.15707397460932,-1.4399945041804063,2.52228036371618,-4.933872077568059,-4.9331277304735925,-3.085469798301824,2.004953522003021,-0.7419335138385899,4.4621894677007,-1.337639989190352,1.4520971080558471
44.0,46.0,194.14382934570312,-1.0891006345672234,2.025356535128787,-4.99701260898782,-4.376230833069709,-2.8576216808751846,1.4616192135902857,-0.5682487082347629,4.293676053328271,-0.8603967484844279,1.3015826000767987
44.0,46.0,250.73654174804688,-0.9285905759015964,2.218166423721607,-4.999999113499889,-4.861327318079542,-3.021483514711921,1.194077629222963,-0.8069254286031144,4.45393767569742,-0.9443436409937904,1.4319544717338175
44.0,46.0,233.5589599609375,-0.5001221025128739,3.4887739524245536,-4.943415444835695,-4.927155678308028,-2.7428321653267207,1.1752701683883735,-0.3091765145823881,4.769792141206604,-1.095656068609932,1.54490912743689
44.0,46.0,209.3116607666016,-1.2164785172970536,2.776501570234239,-4.939141053585398,-4.998577094637205,-2.911034911462333,1.3824258996987195,-0.5707451098605514,4.343570279193635,-0.9656924452535014,1.4330800936312658
44.0,46.0,245.4711761474609,-1.7087698037011818,2.5630150925664203,-4.999506795806714,-3.789513857851994,-2.916468423308068,1.84325571832077,-0.2518849924395319,4.932789502567047,-1.2760020560153895,1.449911446026336
44.0,46.0,228.21044921875,-0.8207963859667071,2.897318688662857,-4.975848509876653,-4.381714631073644,-2.43926481905056,0.4376606757503465,-0.6513329368860195,4.594932733106191,-0.946010546016125,1.3459858584614626
44.0,46.0,212.23541259765625,-0.8301133872788373,2.5693629812970267,-4.9144397468113885,-4.34519169269756,-3.174729914740462,1.2886286246211407,-0.6540571586497288,4.866653312428808,-1.3063870492314775,1.2061353033469766
44.0,46.0,226.8165740966797,-1.4380496767702136,2.436409045062371,-4.993333470356252,-4.884113415783094,-2.6367226224023668,0.9547837326930216,-0.4270045020394528,4.354874033836428,-0.9620881787062928,1.2854394128772595
44.0,46.0,250.8070526123047,-1.4483626151534268,2.030788302923713,-4.999731669508443,-4.780592977227462,-2.403887976921771,1.2108334737603474,-0.4486884403506055,4.411295161453939,-0.9581619201044154,1.1603105795620916
44.0,46.0,243.07330322265625,-0.2524024722263993,2.2350021159824287,-4.997466780760213,-4.966967304167787,-3.494871482220557,0.7378360601983349,-1.0018190451162146,4.209472195858163,-1.2299478104787838,1.7261690760326234
44.0,46.0,253.84591674804688,0.019084159775109,2.157632644701816,-4.998686210051691,-4.991527581975462,-3.661208465139573,1.696867091126001,-0.321517109756245,4.028459645352163,-1.245092655615644,1.1822167996094528
44.0,46.0,255.7745513916016,-0.8966494253475012,2.1284694367916,-4.997119010421586,-4.992781401789781,-2.85996140786766,1.0042963607011366,-0.8962810810469248,4.229057690783135,-0.9053434532304864,1.6726127951917942
44.0,46.0,220.9942321777344,-0.594084394717072,2.7081642682060405,-4.985275835624502,-4.945580874021004,-2.364650779835938,1.7219103157883175,-0.3996092369444,4.387226065092163,-0.6133185123474592,1.3992440004589666
44.0,46.0,227.19786071777344,-0.5057643165401924,2.906302677567499,-4.995772766194701,-4.980953151371966,-3.0801460398240605,1.4409895480503652,-0.8504135153784285,4.02673698538713,-1.1842412668940474,1.1729528993800926
44.0,46.0,251.45950317382807,-0.5168942804519787,2.591946916326674,-4.853527808581971,-4.620104647997343,-1.8960856381437583,2.259697435961515,-0.4781312500401817,4.02668870171166,-0.9120886087841172,0.932357932731966
44.0,46.0,193.02978515625,-1.118488106476495,1.6749491650121335,-4.873556401856634,-2.426466269001362,-2.64373212729295,0.8478259562900279,-1.0734812651424708,4.445036808364966,-0.9533531986185028,1.5993099976672838
44.0,46.0,254.0706024169922,-0.6027730150097588,2.4033216439608776,-4.949500796968918,-4.899112035088082,-2.4303161878774344,0.7270862464178132,-0.8680033338341762,4.194110240967996,-1.0512875123268692,1.455878295106766
44.0,46.0,218.0845642089844,-1.044513527357766,2.2672442266290647,-4.952725295055651,-4.967364080729057,-3.02871923234122,1.233470024628863,-0.4277038441389882,4.683270141567977,-0.9822330909857016,1.6779724060788626
44.0,46.0,271.9088134765625,-1.5986594039693545,1.4794385198481184,-4.999546670763358,-4.767691421387516,-2.700800138779732,2.36783640326614,-1.0933758210922608,4.613212075423242,-0.9773188662668176,1.2217523724964146
44.0,46.0,226.4146728515625,-1.1916072946719511,2.6342350798742764,-4.9755116437174784,-4.526777549439728,-2.8819436071760203,0.9606067223819784,-0.6014578125920895,4.821460580866216,-1.021702268017866,1.7743279853988287
44.0,46.0,243.0726318359375,-1.4770481836378666,1.7719153510402927,-4.975090770040946,-4.1043198243459145,-2.8594588710803746,0.9825651727932838,-1.1613341397348051,4.7328393556731925,-1.1265547325821332,1.3712997087738703
44.0,46.0,244.70327758789065,-1.3484135374917543,1.868427988381268,-4.898076976703602,-4.594232543474655,-3.138116316260441,1.5178853885702237,-1.0568374865548185,4.258099668378184,-1.02197317191761,1.789439271918721
44.0,46.0,236.76544189453125,-1.472985094250613,1.0955353876276757,-4.977294375435936,-4.274094245149205,-3.2741316078874605,2.0310034367016607,-1.0069588372571308,3.8380708570634816,-1.1923593832961754,1.959079744491224
44.0,46.0,205.65977478027344,-1.0479081705537403,2.7733222828402813,-4.997342856007918,-4.537834875277732,-2.9032659207200453,1.1935007837869858,-1.0015347553174738,4.77847571374604,-0.6942565307285911,0.980625158926637
44.0,46.0,263.0384521484375,-0.3561419383729989,2.2537082337607206,-4.999995984389331,-4.994036777048711,-2.2469685678563174,1.0845007412495915,-0.6771167007116388,4.130549994213393,-0.7574338501617008,1.1014989475226855
44.0,46.0,225.04986572265625,-1.1849283350676665,2.264774376652096,-4.946324799815739,-4.811050165242456,-2.940366081984319,2.003475055208309,-0.6194845710564634,4.817853830198283,-1.1056068074022458,1.2930803316820674
44.0,46.0,250.7698974609375,-1.6241981121582598,2.0375040185706093,-4.96950765512298,-4.332579768029245,-2.9946703453554884,1.938402586726528,-0.6436614239631737,4.968738388219947,-1.2804207559639735,1.4919856311174104
44.0,46.0,200.9029235839844,-0.6630525357452912,2.4366338406395203,-4.990853657602716,-4.997743938388268,-3.1159850868310968,1.9861119365329936,-0.4784347694388327,4.322845030521101,-1.1017858518850772,1.3595257071791682
44.0,46.0,198.0698699951172,-1.1367235001232636,2.558025457887534,-4.988132229904305,-4.501169704952367,-2.935786089646802,1.34141161433151,-0.6090395866730596,4.445779447144783,-1.2431273108955532,1.5334987709610548
44.0,46.0,229.51007080078125,-0.0521759626444797,3.088677354182286,-4.984009477898021,-4.927404234379662,-2.817618036388429,1.154213710825328,-0.4207185324610529,4.788383663284767,-1.1057864909965094,1.0850343764019588
44.0,46.0,245.9091186523437,-1.791611759102973,1.0744794271099245,-4.985674014845573,-4.256257725787914,-2.590647838394056,0.7089049376285326,-1.238618181859001,4.195217386490095,-1.0261266400781666,1.2575535763576535
44.0,46.0,229.4063873291016,-1.4276463882617545,2.989752216277366,-4.999991861977956,-4.963820918679551,-2.829077116134948,1.768549749579995,-0.6323959261173364,4.787481120613085,-1.058541412811302,1.3236180239944897
44.0,46.0,248.455078125,-0.6204170110712548,1.5402105295873172,-4.91888065068674,-4.057503956620964,-2.477573015808193,1.5397274952519515,-0.973477427671047,4.22691499578206,-1.2189753211039105,1.0842225079105443
44.0,46.0,223.8066253662109,-1.447656203833318,2.8563797950078262,-4.886523028929465,-3.772470933058632,-2.707525337681868,0.9233693460170852,-1.075419288811374,4.27286656077454,-1.2428616371056576,1.793626110136329
44.0,46.0,200.74090576171875,-1.346059578209177,1.999739705711452,-4.90266812304242,-4.431177146482133,-2.5538371422085424,1.266157066481295,-0.9070290701507568,4.3094687592241225,-0.8269470892564552,0.9505190489896816
44.0,46.0,277.1386108398437,-1.5533351283116523,1.377905978204213,-4.987173086513563,-3.4344793344554594,-2.392115042238765,1.0344727956182638,-0.8512215011182569,4.473672625651821,-1.1438553316858877,1.1798944744278694
44.0,46.0,210.2686309814453,-0.9522734231978474,2.752318764103835,-4.993544806091815,-4.35667334545396,-3.1695629814971333,1.3869989765569954,-0.6378541464534937,4.267783860153495,-0.9796090184926828,1.4668553719102544
44.0,46.0,299.791259765625,-1.6385544296590155,3.212414129603424,-4.993042293594519,-4.066777318955591,-2.8233742421867585,0.5320906817461655,-0.701776493102134,4.631173346122095,-1.0029517951026774,1.4151180561258574
44.0,46.0,268.694091796875,-1.4613096379499426,2.2301465117645227,-4.994293694241626,-4.081796513984531,-2.1683923865658383,0.8386979956367107,-0.9567512088609736,4.599079609342791,-0.8691629192684234,1.2171851835410576
44.0,46.0,257.3788757324219,-0.5257985671715542,2.8420286884491475,-4.98036997703573,-4.970316525079496,-2.7332991206791126,1.5401844745432631,-1.25979176387166,4.585814594299778,-1.0472868742208608,1.5878291101098307
44.0,46.0,196.4467620849609,-1.1516041551673766,3.3480063931245034,-4.993927726912912,-4.349086721043878,-2.35945366314683,2.198608226057093,-0.5739007557921392,4.748808867787624,-1.1131057446646375,0.9789518812834536
44.0,46.0,237.273681640625,-0.7077786286372971,3.3080267931611083,-4.8792404323338205,-4.561363186079702,-2.722201470298771,0.5535607829368931,-0.3123758068064237,4.387383541301251,-0.7343285702407698,1.3907386021367376
44.0,46.0,210.649642944336,-0.4146457697252064,2.5917473616296043,-4.899840287218056,-3.652738187557805,-3.241095785984572,0.77470554744467,-0.908963124143046,4.280163940714425,-1.0837748492113124,1.5960129019734417
44.0,46.0,196.1717834472656,-0.9537844993044348,3.995017053846686,-4.999419767675183,-4.552539350828441,-2.6112554653351627,1.4463251239496566,-0.6236947604048924,4.339761783805416,-0.739110027890443,0.9961675792649052
44.0,47.0,205.1572265625,-0.8970348493858635,2.4367515165705207,-4.952172673104757,-4.996750905473803,-2.332369589797813,1.7353958447903253,-0.9825366226433648,4.022609949964274,-0.8561210579036471,1.4026071142977434
44.0,47.0,204.10299682617188,-0.6354704153509552,4.03888333885069,-4.989865517098059,-4.984986291008932,-2.466966673124078,0.8494434803083992,-0.4941672118479747,4.29971894046378,-0.7963381172445496,1.4425265411571058
44.0,47.0,253.4725341796875,-0.987280514745878,2.9679731377108727,-4.991521932126436,-4.727341797574089,-2.779208606055332,1.386950791150885,-0.7196238195928251,4.548875380230081,-1.0562627384798793,0.954298231678962
44.0,47.0,226.80918884277344,-1.191449022329325,2.6167362701003496,-4.884699458852719,-4.0895048388456186,-2.798545881440012,1.811655706700652,-0.2473414402247851,4.6077651944923925,-0.8260062040063278,1.2622174996427074
44.0,47.0,235.0428466796875,-1.3625790422813964,1.5992807161049605,-4.906095432858957,-3.451121706124292,-3.1292089206357363,1.073551522164351,-0.8139105011019971,4.3344475298171385,-1.1804593826257737,1.040856567177599
44.0,47.0,168.8837890625,-1.0322561330802364,1.6710376117017027,-4.985369130366862,-3.134004365288259,-2.669915504652701,1.3660261905735558,-0.6061035595122881,4.379850363541012,-1.1276562421269642,1.2838342008607349
44.0,47.0,209.4110717773437,-0.6923557618009415,2.8889669699040743,-4.904036575965828,-4.201405513810248,-3.1329957473554773,1.361175506230766,-0.6413941386235784,4.590331498239502,-0.8223097087159976,1.3781839585247555
44.0,47.0,227.82046508789065,-1.1650489322073874,1.8929909468290376,-4.948561312803291,-2.797809545113501,-2.6537934173562903,1.219800430291614,-0.9452092473841828,3.7752812940793152,-0.944886057763668,1.356547966525531
44.0,47.0,230.8565368652344,-0.7052745637090716,3.134308524545612,-4.974500924935606,-4.9475076127757855,-3.1179126219816427,1.2672259520779168,-0.5061659776462459,4.535328070944914,-0.9844505798616224,1.6645815028339968
44.0,47.0,251.29087829589844,-0.4900931947240554,2.4378783645498228,-4.988876128105342,-4.496067412311284,-2.819447600652947,0.7403318026117915,-0.946057880631229,4.502022784177532,-0.807022799576222,1.474807404772296
44.0,47.0,254.49005126953125,-1.2988615651954492,1.8630683689464889,-4.999412300699225,-3.794591415333705,-2.7833454621843154,1.08254650883731,-1.1110615265908748,4.168728173026498,-0.9408017564444596,1.3700551839320916
44.0,47.0,237.8532257080078,-0.7700180484310053,2.589224729267597,-4.78057826635472,-2.9108103062946977,-2.791270774893502,1.5337622264522386,-0.6457133782057936,4.807344764395063,-0.9561493224941522,1.2436838737245566
44.0,47.0,241.38668823242188,-1.796412816423794,2.971201597477324,-4.998954207803765,-3.485613356907154,-2.489091344786148,1.460724923240095,-0.3506597467992298,4.3666453961746345,-0.9690990987668276,0.6186893829554752
44.0,47.0,263.0922241210937,0.0459719024334912,3.087415515122608,-4.9810807152684,-2.476420404928418,-2.8992369247104444,0.5865491285295121,-0.8700701571025284,4.3177713113234,-0.8833350350752598,1.5077621194514084
44.0,47.0,226.7231903076172,-1.2391413640280309,1.278763103966777,-4.946836207070593,-4.8535099664911465,-2.600562227000615,1.493528273351879,-0.9409523351715788,4.377922508546492,-0.822554103296607,1.4721195588952067
44.0,47.0,266.59747314453125,-0.4807207416612797,3.1470780804095924,-4.978373008756948,-4.060216328915729,-2.793175837106192,1.216414765074756,-0.7723826104175515,4.38776175082328,-1.0414015455254972,1.684484068646718
44.0,47.0,221.40481567382807,-1.3633435956627933,3.441335783265693,-4.964857574287423,-4.356842207466487,-2.5941355118532097,2.146289011657255,0.0349762466810377,4.358553245321176,-0.9653793345130416,1.0059478198968534
44.0,47.0,251.53958129882807,-1.1149752102484864,1.4274590318050429,-4.845321732166333,-3.867609552778413,-3.092581380276864,1.340762869978218,-0.8345162852552734,4.187892758825505,-0.8934125585134183,1.1649518097336309
44.0,47.0,244.90386962890625,-1.0321480256584574,2.275744353962432,-4.943378658310912,-4.743293820912923,-3.2128595809063625,1.735220496813645,-0.7795915919789733,4.8093667199590335,-0.9173315480182308,1.3630373639571038
44.0,47.0,198.79177856445312,-0.9710719692847388,3.3675809676132857,-4.960273821797285,-3.706599469377294,-3.0098086150059062,0.994174712195969,-0.1214963279068754,4.655251703447817,-1.1858901678910545,1.1337790057854755
44.0,47.0,212.189697265625,-1.9700706483345245,1.9592714033831853,-4.977664486207996,-3.434163896796434,-3.0295211571953926,0.7603172211085631,-0.6480945093930481,4.275492787282181,-1.0040367167536282,1.3377138338837593
44.0,47.0,187.0643615722656,-0.91687974642124,2.7633698387517818,-4.985578641288141,-3.6919684426364623,-3.0589856701474605,1.3350280403610428,-0.7153920557546094,4.70288716798178,-1.0174367801436297,1.3012010328861905
44.0,47.0,242.6510772705078,-1.0781766694200936,3.309278734242511,-4.966156373327407,-4.82717768831646,-2.8229514496524706,1.2691805469449695,-1.138767625987902,4.582260681647592,-0.9681214435712776,1.6207625105907404
44.0,47.0,287.2050476074219,-0.7100876544916019,2.2849153870937453,-4.991335068464226,-3.32242033892173,-3.305908453531793,2.0203529347485008,-0.8553358274701264,4.71737016513517,-1.0014208238372295,1.222777340162704
44.0,47.0,228.21163940429688,-1.0579285467183026,3.264895449144916,-4.8582984192897225,-4.304524244974689,-2.8495330132364765,1.9671283007475369,-0.5135737240371938,3.7023553039154304,-0.9467831745441116,1.0596705857060007
44.0,47.0,234.76220703125,-1.650123052017685,1.5715841537307815,-4.931773448131788,-3.796516766443517,-2.36554675562083,1.7527966712197616,-0.4435566827483939,4.292922912807205,-0.8595406376270169,0.903255725926055
44.0,47.0,280.6998596191406,-0.5989133537746953,2.190544826579802,-4.961024889701761,-3.92446170527028,-2.9539911022285903,1.1073809524427911,-0.7926094630057925,4.568858296660524,-0.7966925086669585,1.118035077962083
44.0,47.0,252.7874755859375,-0.9066552050493372,1.6980238551071103,-4.987009251020398,-4.168539995846476,-2.873942748003784,1.3631415637042146,-0.8141207184919832,4.574868488566287,-0.9898187822514136,1.0963873187898423
44.0,47.0,219.99737548828125,-1.027833819573047,1.5106924256519916,-4.987869640430554,-4.993780265849311,-2.9999961706106166,1.7386971469078976,-0.711545126634129,4.761603554391202,-1.206141439733925,1.1916644728257264
44.0,47.0,243.0542755126953,-1.2676845571190496,2.1171276691443053,-4.989436361847673,-4.939163629994333,-2.360796632545164,1.6886454681595984,-0.8046348990793364,4.490707213283351,-0.7058749390810224,1.6192044978357345
44.0,47.0,214.4349975585937,-0.5259124676940674,2.5581337771791954,-4.988389566100859,-4.45415811313874,-3.3215501115547053,1.3924832196188597,-0.5609013329102623,4.343936902477823,-0.991185024952693,1.385606499543691
44.0,47.0,251.8018035888672,-0.7515136732334007,2.2082708957607657,-4.984734649068826,-3.789542048821152,-2.810795843268692,1.1100360924180244,-0.9453489075343756,4.470376403029817,-0.8928004970013168,1.008923732892148
44.0,47.0,212.38314819335932,-0.3833698755261698,3.2366811103015376,-4.997340480387949,-4.436787420022768,-2.757185831206593,1.3368987588693502,-0.5664105950493425,4.792841347864483,-0.984841176714478,1.6481686558148656
44.0,47.0,233.48843383789065,-1.4760451520207352,1.822610168881818,-4.798715295995749,-3.889860512559944,-3.300851150434041,1.5777892533898488,-1.0663097923933025,4.3113756719533765,-1.120606224648216,1.6835312337448831
44.0,47.0,213.96511840820312,-0.8788480831177301,3.5205372671603268,-4.963912382430952,-3.92250587489981,-3.173830970869145,0.644251956863295,-0.6483523512354985,4.682650732508332,-1.080714087816001,1.3497400837668805
44.0,47.0,247.3331298828125,-0.973751791652429,2.3037300852960048,-4.991810416496294,-4.594919237264301,-3.128217331591232,1.4862051135277916,-0.7485971322259495,3.779000041054969,-1.1374373236562798,1.5468457826962982
44.0,47.0,230.13302612304688,-1.2406944230559351,2.5956561218850247,-4.994897350065297,-3.6389699973466487,-3.01282679041624,1.2063732526345283,-0.8532058740995936,4.697760688319194,-0.9888018736705853,1.2164286753091869
44.0,47.0,268.4354248046875,-1.2936127474036714,3.3318448424598675,-4.9899046653032615,-4.711827300250641,-2.723907045230776,2.02822104023193,-0.603108925515575,4.976184964450198,-0.992764622265372,1.0578568715243142
44.0,47.0,200.4976501464844,-0.6456304339821326,2.5386426693202164,-4.985599625796723,-4.357777120428954,-2.60777250831716,0.7497147872240797,-0.4497348819607953,4.700528777483985,-0.8624082522906606,1.5738853289607295
44.0,47.0,231.246826171875,-1.0089215333449224,2.8110353137481745,-4.861789546171783,-3.834991157725216,-3.050507392085823,0.8804835551057515,-0.7810140419264053,4.500796564442055,-1.010965165897051,1.479100787913902
44.0,47.0,263.4384155273437,-0.8783817576994855,1.9821477455542569,-4.999843528642651,-3.3235593402838965,-3.333443319599718,1.0311185335562731,-0.795605684729721,4.435455265602734,-1.3882800883348585,1.6141205908631404
44.0,47.0,228.5394287109375,-1.5926295465891815,2.534073402021608,-4.998322067241102,-4.10761001092512,-2.497127733127643,1.2267565252954604,-0.8444470677997753,4.43183430568714,-0.7757776234123845,1.1128155857099422
44.0,47.0,244.3988647460937,-0.9450544095719176,3.297034343904981,-4.905076380054922,-4.918806573024219,-2.8176723994840147,1.91670759068219,-0.3191161564171407,4.425325119462091,-0.963867124863122,0.8638041852662157
44.0,47.0,227.802734375,-0.5685993210469782,3.638493745433877,-4.983609552144924,-4.959767457712719,-2.7220633822183378,0.8569330988776214,-0.6750226057975919,4.6781965466522095,-1.0582234474957697,1.4955865762962457
44.0,47.0,242.9566802978516,-0.3123388043089354,3.396124186647836,-4.863019927506161,-4.222186815355685,-2.737674954468321,0.2269899379667483,-1.1683208886829035,4.980891695571714,-1.056825742237315,1.6216370511651768
44.0,47.0,258.75341796875,-0.6214697675262846,2.325720562213568,-4.93313074808528,-4.951120405827859,-2.815969179111092,0.9874650124141766,-0.9051624938507664,4.283306276477637,-1.118610808490434,1.4824465701560454
44.0,47.0,249.95535278320312,-0.4237839404915915,3.246690813213334,-4.982869507469361,-3.3830954658257824,-2.536471429381192,1.6023973960313542,-0.1306138243112267,4.42496649614794,-0.9970351937117928,1.1899094178422152
44.0,47.0,249.5110015869141,-1.157260881286199,1.422403099896563,-4.997498476855914,-3.648550277566308,-2.7284025043634035,2.336806270069566,-0.6997154154115872,3.461959642684418,-1.0299206627047282,1.4889018219287529
44.0,47.0,218.9774169921875,-0.4712799106155145,2.7731548878823107,-4.942859735120498,-3.501612376485752,-3.15537573668648,1.1850733691091513,-0.7367515821556125,4.035444329493451,-1.199568702123122,1.653216659099222
44.0,47.0,239.0263519287109,-0.9175347849975974,2.549835223652525,-4.977007947664407,-2.7393106217291,-3.442189618767334,1.3523171742403566,-0.9408408095326308,4.529201550569894,-1.0201958415669763,1.3497850992332836
44.0,48.0,212.85064697265625,-0.807839784308193,2.5519754399471246,-4.999544620424587,-4.883482578866907,-3.0649071095412257,1.2038678436972354,-0.6281141471469907,4.448437877052935,-1.2800614589404558,1.4194293097738973
44.0,48.0,251.7924194335937,-1.370780416951324,1.3436633129006277,-4.965254812392091,-4.465423682615208,-2.824382089118153,0.2956054871870881,-0.4839162214350354,4.052209120915299,-0.9180587859720148,1.4572710593417462
44.0,48.0,239.58157348632807,-0.4384621797141754,3.596289105081622,-4.96454701926255,-4.662532949812778,-2.5149505818072746,1.2243506533510198,-0.2666295668518987,3.460302364091594,-0.9776905363196756,1.6652301707140822
44.0,48.0,212.4068298339844,-0.3898545873490509,3.230893828809672,-4.933811520459982,-3.878903297484329,-2.7293957338768498,1.3381476532513483,-0.2446463353210459,3.95394666793597,-0.8492422247643274,1.0037280733180456
44.0,48.0,281.7756652832031,-0.5911436261841247,2.931463079193424,-4.995602148890939,-4.713253926280832,-2.861887535648134,1.4898267619659595,-0.2750153925613201,3.764554045106749,-0.743231875882187,1.1662108610654869
44.0,48.0,259.5816650390625,-1.3650035115778083,4.107146993846676,-4.999687692056643,-3.917594453965348,-2.7987473482566614,1.0700063327467726,-0.5309589379231845,4.799015339403244,-0.7390840421324798,1.1913852566813956
44.0,48.0,242.4872131347656,-0.7415290124595142,2.280517992004154,-4.999628299369156,-3.941282876871328,-3.1924676757669666,1.6717638105641175,-0.4488406840645034,4.425397069899548,-1.0847735135411742,1.397739311430315
44.0,48.0,239.2677001953125,-1.2841102058361913,3.08922511513037,-4.898748249989911,-2.739833136441687,-2.879715175142494,1.9076598459295149,-0.5502712656606876,4.278385097337692,-1.0085130162043106,1.2883838512420818
44.0,48.0,194.5587615966797,-0.8117537043067191,1.821975150766313,-4.998558927489286,-4.999999977668598,-2.259152225417707,1.2869387883204917,-0.5356477490952658,4.433016407835028,-1.0084688561833506,1.335813046210915
44.0,48.0,225.1905517578125,-0.9821691183650384,2.3757912017511726,-4.99678775470284,-3.854903227002668,-3.4202764663197702,1.2638121827755997,-0.4760032491264345,3.6230608747230058,-1.2104921430637523,1.1461996710951352
44.0,48.0,179.87449645996094,-0.215105102830023,3.683699181369118,-4.977486803480508,-4.966195810976117,-2.5021670726581218,1.2362348980888518,-0.5331988491257729,3.9816205030571545,-0.9115793479864482,1.3810258648259657
44.0,48.0,215.95025634765625,-1.035236017555607,2.312894024036093,-4.924682916749624,-4.22130141981461,-2.7573199880125867,0.9261470944762298,-0.5516872916281752,4.299094981467448,-0.9645757088218884,1.2508063854322344
44.0,48.0,216.1633453369141,-1.4865560493045915,2.336406297357988,-4.73690083158721,-4.00682280447882,-3.035601935758796,1.3172134348688092,-0.5652128377899635,4.414020134923705,-1.259062825039825,1.6165559036415456
44.0,48.0,251.22311401367188,-1.4880319033342646,1.955750412369972,-4.961261612439605,-4.400178496807642,-2.366226124990757,1.6835746256957584,-0.8514966875654197,4.175665474311241,-0.7500270834212426,1.1413184207082114
44.0,48.0,232.1173095703125,-0.6932801057402411,2.3647277045978843,-4.980159932150648,-4.1778339083656615,-2.9778057942172227,0.8483180567754722,-0.6669257161314164,4.634884065215891,-0.8742537057303466,1.3827664723926514
44.0,48.0,261.00164794921875,-1.3685810302366417,3.4474811875281723,-4.742209284394587,-3.909293815020512,-3.563752297174731,1.4886097141951176,-0.4065523754445985,4.914503295069602,-1.1424261321760385,1.4789954886590442
44.0,48.0,232.04833984375,-0.725149455480433,3.073780539688196,-4.722392608945739,-3.790732169768432,-2.723000466791152,0.6388185376593123,-0.5652432388801056,4.610602955549071,-0.7947548701649163,1.5846058462404935
44.0,48.0,235.4902191162109,-0.937094072737434,1.4197911399651852,-4.995656396845015,-4.036337881926835,-2.5860348034217795,1.4079529173493297,-0.5614297247981268,4.174029344629679,-1.0917095075781091,1.4711555112425785
44.0,48.0,243.5800018310547,-1.4923426547274743,1.353928812615842,-4.966903896939401,-4.438949398591388,-2.785119412135203,1.530303058040829,-1.0648117464355007,4.070281920168348,-1.0723546414724885,1.9126098179471924
44.0,48.0,241.99755859375,-0.4599216745794185,2.0328865444245032,-4.999664408840648,-4.353484338271271,-3.081218540172922,1.3143194934772184,-0.7911201659994607,3.84227682034196,-1.0188423959033193,1.4972321380961242
44.0,48.0,235.60650634765625,-0.9917961186237704,1.84828616020987,-4.992836770028902,-4.491417064929614,-2.924028139134231,1.7401570111056357,-0.0725713227112434,4.129054078566851,-0.9491961143837058,1.5720803251561175
44.0,48.0,228.8172912597656,-0.7034895738230196,3.642539585502597,-4.987034541983356,-4.506971273622584,-2.3650467080853543,1.5788032714438405,-0.4407918019090324,4.1075459232736335,-0.8766654351747718,1.261761699912257
44.0,48.0,204.55323791503903,-0.5902574129145535,2.540044377015695,-4.922010299853241,-4.761995065793559,-2.406012646550313,1.4423439061117325,-0.5924838895278253,4.355761733420128,-1.0678263397588337,1.0377989877344005
44.0,48.0,262.47052001953125,-0.553574982165081,3.893128127089705,-4.889320290410711,-4.696134809577835,-3.0469062035708125,1.2000270645052122,-0.7091830862841224,3.664383886779023,-0.9272760599854956,1.5948038523680292
44.0,48.0,216.59066772460932,-0.6466908970514664,2.309762286465686,-4.910494024076312,-4.781558660087037,-2.517163262658473,0.8139503885125876,-0.6444765993017931,4.048937457159807,-0.8718701940901807,1.3230475696420214
44.0,48.0,227.39825439453125,-1.1742695428723144,2.9589698555145327,-4.9720622500476575,-4.734925944522349,-2.584071454604526,1.4245161339946415,-0.1529893410962728,4.802710289209635,-0.9298242235073636,0.8168782044702594
44.0,48.0,222.99200439453125,-1.428478727834959,1.9665885954992195,-4.988245077312017,-3.541164774990224,-3.1028251954939177,1.208755130826752,-0.5131662614089718,4.34400767376323,-1.0296129843330992,1.1658590254899348
44.0,48.0,230.58924865722656,-1.1774515230843194,1.992304943997234,-4.985953584986883,-4.537568927393584,-2.099759171041291,1.5946867157525553,-0.4480866966535801,3.6228831645404753,-0.9632611493982992,1.3753715290277937
44.0,48.0,215.2718963623047,-0.3850872034717048,2.6729016886961565,-4.926636871112394,-4.553947617229558,-3.252774296102005,1.7973827605732478,-1.0984830938434058,4.055460871371322,-1.0478400657607685,1.6295618649324304
44.0,48.0,248.0767364501953,-0.818580264477486,2.598409308275926,-4.80021144229435,-4.994020944851725,-2.633506185860452,2.442668267546129,0.2176377248193839,4.04576573247445,-0.7089937452384021,1.231145316883114
44.0,48.0,229.9747314453125,-0.8577869193092216,2.204956478063014,-4.900926617163893,-4.073099521032486,-2.6950025397669752,0.8954600791928149,-0.3306547163833082,3.8187414493225056,-0.7716413739918879,1.3280163162194114
44.0,48.0,269.7924499511719,-0.597646774114847,1.5689623985912915,-4.99516485920515,-3.660619666346881,-3.391907769871932,0.7608247493888936,-0.8031622759854251,4.061613253566618,-1.331586053285838,1.7492217298630577
44.0,48.0,210.9522399902344,-0.6056383350455574,2.7315985285250752,-4.991882567882353,-4.99875528019146,-3.024074124864126,1.740476402951339,-0.2059629893036509,4.566216009475124,-1.0802168497298543,1.308123028370673
44.0,48.0,209.36550903320312,-0.738824938636613,2.7380715541809426,-4.996558012679869,-4.403600634678423,-2.631776383518621,1.6111174116584197,-0.4200700737497289,4.120148281465841,-0.8207973619769717,1.6175567035225669
44.0,48.0,245.08465576171875,-0.7707939122115972,2.981849118440248,-4.994572701332484,-4.734786939929976,-2.274332755953668,1.092513146853583,-0.5579370520859293,4.423143185242203,-0.904422901392798,1.2847491382822307
44.0,48.0,242.5584716796875,-0.7835354361557387,3.148415318844741,-4.985685941275283,-4.949627746028235,-2.913450447334609,1.8412722251896323,-0.6464298601131269,4.096780065967955,-0.8875293093298247,1.4218863204045735
44.0,48.0,249.24513244628903,-1.1023184399205914,2.886960883324315,-4.950110599030433,-3.9223345606898095,-2.885753940257025,1.4176178126025611,-0.7528101439920469,4.682107316267558,-0.971582940780972,0.798117294631191
44.0,48.0,237.68267822265625,-0.4345878547260939,3.002564510069991,-4.941225949199241,-3.366332883256709,-3.020390590657009,1.5189159801123653,-1.005835983746142,4.620409318133451,-1.1911879070376674,1.6416328956605195
44.0,48.0,190.45046997070312,-0.8271684032199103,2.718711403367545,-4.98177041827175,-2.869274763612733,-3.1301588580484534,0.910977413467906,-0.8135276771427558,4.319943049659569,-1.164353876257489,1.3195564517677862
44.0,48.0,229.88140869140625,-0.9257076611060118,2.414884015559724,-4.996551573442502,-3.8611536270615554,-3.1956609953201767,1.8995771168013489,-0.6821442909416895,4.611554599428123,-1.24469668832866,0.94835167996629
44.0,48.0,265.93524169921875,-1.3755329408230803,1.603132543751057,-4.999089423413992,-3.699787844995397,-2.805442183596748,0.9941443146427104,-1.1325003852434294,4.451663846825369,-0.9539128401069464,1.481753536449249
44.0,48.0,233.358139038086,-1.3155622479585238,2.1125948365555134,-4.945292971517411,-4.438075649348452,-3.0996926556237696,1.3674574538934658,-1.0121515632212184,4.1738142710007775,-0.9897325754096258,1.211940068945232
44.0,48.0,269.7772521972656,-1.1820991224677142,3.686187520916413,-4.93649542393016,-3.2414078309571503,-2.907132562921092,0.5963685050787646,-0.8582603513010643,4.528798736074338,-1.0832706001689507,1.4436706064154483
44.0,48.0,262.47686767578125,-1.5236253811811018,2.2954144664764886,-4.996770565435912,-3.9106183097195455,-2.657763173567039,1.307275711916449,-1.1953036622544682,4.280998296981451,-0.8831775597352509,1.2054400590325711
44.0,48.0,245.68197631835932,-0.7539454716533278,3.045966465573249,-4.98875418476573,-4.393851283552372,-2.648173523437202,1.124537423910824,-0.7818272274120535,4.209725464976648,-0.7288312211136025,1.5842420205516792
44.0,48.0,235.00259399414065,-1.0317775939841771,2.160485039130773,-4.958961422501969,-3.8019420762097735,-3.1357598635025536,0.3553553247993077,-0.6573732343086522,4.935448014655053,-1.0350686062885828,2.237097365469025
44.0,48.0,239.89645385742188,-0.1591494891513338,2.9096676029962767,-4.998791735916538,-3.8995387248854,-3.2152045927479387,1.644037821963412,-0.8959945057938778,4.173218831288857,-1.1412054663763267,1.3624446354743336
44.0,48.0,241.4612579345703,-1.149258216783454,3.6857852573842216,-4.983180685784745,-3.19261177818758,-2.377508158649635,0.4429371336314966,-0.7230857197197507,4.638798855439191,-0.8812840500239085,1.4058969472763412
44.0,48.0,253.81805419921875,-1.2716282047870655,2.831130891589005,-4.944849375596822,-4.808031348807276,-3.102687529727437,2.008718620929318,-0.339038250039585,4.452917824029981,-1.0101071763779808,1.7995143046678752
44.0,48.0,228.7548828125,-0.5148009626375112,3.6321201461760815,-4.9700125298247055,-4.244664737834254,-2.6301654881441268,1.1529662435037675,-0.4122215012871946,4.729973309086029,-1.044194088419601,1.4401135457537952
44.0,49.0,225.3455810546875,-1.293885548091608,2.950381295713723,-4.885571980825094,-4.802906940209653,-2.479752054014817,1.8647187003373125,-0.9234685625665068,4.505876911502666,-1.1516737803013886,1.3897964049896352
44.0,49.0,253.4525909423828,-0.717409235162985,3.2992457680713336,-4.939466025169127,-4.456091023058489,-2.618757829518766,1.098712407074749,-0.8118852122562012,4.698044525270088,-0.9535474792598304,1.4414508156094188
44.0,49.0,310.188720703125,-1.4856102461115976,2.106317335746869,-4.992127009512508,-4.0638981786277695,-2.8427440226175573,1.5972279753170229,-0.8426264031522459,4.164331136928643,-0.9043702396589408,1.1664151997131276
44.0,49.0,247.20278930664065,-1.3943019656942788,1.802522356281632,-4.999989087299873,-4.586940674019551,-2.833655582772173,2.039100777738864,-0.0892771755802055,4.2932598202501655,-1.1199397361962138,1.1909859044647677
44.0,49.0,259.9350891113281,-1.0219915076019443,2.250220705095641,-4.791335074559696,-3.4977599232087098,-3.2297354141887915,1.5035173043775163,-1.1130351339885882,4.24377747276565,-0.992811531159962,1.1136351840427663
44.0,49.0,236.181381225586,-0.8977304764979719,2.181134692694205,-4.994514407613342,-3.07072257834775,-3.210329722502353,0.4935214197234927,-0.5897124610206026,4.629586400702632,-1.1596764237961894,1.754613397584201
44.0,49.0,215.47007751464844,-0.9039300840046652,2.947187706356964,-4.883733427687493,-2.4770543838409926,-2.767494216930738,1.5175029307722625,-0.1083267386824466,4.045555194581029,-1.0730879795095416,1.3698953829633052
44.0,49.0,244.6815795898437,-1.2159993707019852,0.6210482494874494,-4.974510106854367,-3.3765160288982536,-3.0260157335476485,1.772196028911292,-0.7184708496614833,4.046106649163809,-1.2891841551092798,1.0994667217015897
44.0,49.0,234.10940551757807,-0.8035656847759736,3.469384741823127,-4.896912958999353,-4.279055500978417,-1.918758099990412,0.945910700584066,-0.2351931161799978,4.518185115130166,-0.9285476539247552,1.1647482990813076
44.0,49.0,267.357177734375,-0.951453572801392,2.461737543377035,-4.839605415982293,-3.455622069422507,-3.3281719030998764,0.5406059529674234,-0.7364002433991246,4.447678356580422,-1.4331194304361137,1.828624402997324
44.0,49.0,217.15008544921875,-0.0166038043797716,3.518392801183092,-4.851702623939444,-4.8374061095200815,-2.571057663466253,0.7783649697311663,-0.1809319574604186,4.114403359099025,-0.6181468902978073,1.5118268070051064
44.0,49.0,254.505859375,-0.83758398894041,1.562657463120532,-4.999991634200157,-3.429199417859557,-2.432770807555327,1.5477281238750198,-0.8239694164179863,3.802338887293408,-1.0573324549305911,1.6667657363856332
44.0,49.0,323.6600341796875,-0.7562417302791573,3.129173407633472,-4.997543397868444,-4.816666046280021,-2.683152188519288,1.83442100922432,0.357289854356388,3.985007585480673,-1.04067554786214,0.941107069875838
44.0,49.0,192.523178100586,-0.8061127895378162,3.531421309475593,-4.99721728689947,-4.930689831383281,-2.899705656036167,1.9078958988888104,-0.6080103839899733,4.86816474631342,-1.2016884323888517,1.34180090361928
44.0,49.0,216.9990081787109,-1.0368844420570404,1.874445375684834,-4.999936082668436,-3.288117978884353,-2.462712661686449,0.9940756539200084,-0.6093831706795116,3.6252898436748415,-0.8988316812860937,1.1159318219203591
44.0,49.0,235.6237030029297,-0.4012085977784698,2.9661362518060344,-4.79573646539525,-4.9211258919833165,-2.729938825898513,1.9076107141274488,-0.3891886974673237,3.7300680911520327,-1.0912546923956974,1.0215309020206451
44.0,49.0,226.1352996826172,-1.0587593768800447,3.0971175039110417,-4.995776759966712,-3.086548047158577,-2.520752162389874,0.6231783282997654,-0.7608638622437365,4.561409734451958,-0.8089639316638948,1.386393860586712
44.0,49.0,253.8131866455078,-0.8963627529647376,2.951968063519965,-4.9997519782303845,-4.986634225155633,-2.838179067807644,1.8429316571983725,-0.9127622204373812,4.538562887583948,-1.2868602357980552,1.1390964863515354
44.0,49.0,235.9798889160156,-1.3060401881190842,1.150453895885435,-4.998132609761291,-3.530427311250265,-3.097651868027377,1.7167614313513777,-0.8783825263559351,4.205877255273631,-1.0897830485908515,1.0077290872728035
44.0,49.0,265.6368103027344,-0.3745868358639068,1.210940711126856,-4.997918739063183,-4.1507124155166855,-3.495495928606199,1.1637400807270284,-0.5787090014677121,4.184431339964506,-1.2274236480356828,1.1356851720870385
44.0,49.0,229.2458038330078,-1.3150430092811085,2.821695293218772,-4.999992060300884,-4.299020643710184,-2.526041188304664,1.663771308611155,-0.2685159806751649,4.477643902876048,-1.1187273767296286,1.1220110653512636
44.0,49.0,276.42987060546875,-0.4448296868418984,2.3002553281834874,-4.858026962314837,-4.805067457853499,-2.3620414593814028,1.541579562207679,-0.7175944195801858,4.452283992663517,-0.9423672077213912,1.109079601570344
44.0,49.0,225.77313232421875,-0.9268178247147656,1.973851258087544,-4.999143444159781,-3.5889200120820712,-2.297144269046274,1.6611507549589923,-0.5944544788584984,3.965068226750466,-0.9485212725981764,1.2094513220353376
44.0,49.0,254.57830810546875,-1.160412193542362,2.601413918462589,-4.956701895045564,-3.869700956251767,-2.842773028297062,1.5792568722374254,-0.812183622763115,4.756048060192526,-1.2912686129786195,0.8426496201997393
44.0,49.0,252.91891479492188,-0.2278768540325861,3.136319884179056,-4.896169646144732,-3.901192673392957,-3.1835165626447006,0.892776387226081,-1.2942671107120205,4.623144543724711,-0.9148065417713552,1.861991759486309
44.0,49.0,287.44757080078125,-0.5931394025034047,3.741415076995864,-4.994124525115331,-4.998082315419651,-2.2257555969185354,1.5784896145470872,0.1845334091967165,3.502078094186139,-0.9191144736842212,1.6049382756388615
44.0,49.0,239.14669799804688,-0.3920897569904928,2.759439573847291,-4.999996543582593,-4.7813687841283015,-2.997960901567689,0.7744236031247,-0.8267570589677771,4.7533817500658735,-0.8903003726839724,1.50862636466087
44.0,49.0,190.1156311035156,-1.1751603597901843,2.3934642038654186,-4.970425617201327,-3.665957136646399,-3.038492756671118,1.3937335986375317,-0.5645463880339472,3.765668344522169,-1.2154754950475493,0.9917457468238152
44.0,49.0,232.2550048828125,-0.633975674133989,2.0062571778989344,-4.996045760490122,-4.175159079633768,-2.949442545308225,1.7696787750335785,-0.5478973820702171,4.268486677626267,-0.9963337647947804,1.241730277781997
44.0,49.0,213.7589111328125,-0.7849129687157284,3.14945604929746,-4.987368323971617,-4.477528849295106,-2.4397999183961265,0.9742973503539156,-0.3147030217969258,4.352980893685125,-0.8574637997733854,1.3006424253061564
44.0,49.0,251.497802734375,-0.7054008813359385,2.1053567080544617,-4.997475462301625,-4.0995741274620725,-2.5029856819887613,1.2394304446193791,-0.4493254445453161,4.520770770031401,-0.8961978925719825,1.4621378797097249
44.0,49.0,248.2391967773437,-0.2388434147147053,2.457489512218122,-4.8721534316833335,-4.978595938787359,-2.2277940435416994,1.6207044594761113,-0.3715975032087639,4.554227521393939,-0.8276259983568126,1.085634908088451
44.0,49.0,168.76055908203125,-1.066460167200356,2.8305974248740142,-4.998015321379456,-4.9865012587196,-2.4990304415266835,1.841450837496812,-0.54304575234816,4.729501834979772,-0.8803771826790712,1.049159761791274
44.0,49.0,216.5933074951172,-0.8808544512277869,2.525117986252342,-4.999702423287374,-3.429806994721263,-3.03923021024742,1.5510984269497774,-0.4937961603514917,4.46770523745267,-1.130413212929506,0.7888002528879969
44.0,49.0,249.7434234619141,-0.4510361088722501,2.94051220277224,-4.907598969526846,-4.833078529376608,-3.1778316223063183,1.6285818955395062,-0.4151936981627324,3.881110647199312,-0.998232370646546,1.0464653977101293
44.0,49.0,212.874755859375,-1.2389858189204772,1.672690500154701,-4.954307292825757,-2.9474690520269977,-3.09083968298916,1.3071664102056904,-1.126061584294174,4.158502186348773,-1.0123667899422322,1.6210420958683098
44.0,49.0,229.52737426757807,-0.2325364812039758,3.128845512556488,-4.998888670284988,-4.470191084091245,-2.674465122188011,2.1246135749683788,-0.2236345799445791,4.264155771561718,-1.184911267962066,1.2457375848743268
44.0,49.0,230.8330841064453,-0.3814936402026445,3.471449598259049,-4.948771260240107,-4.460495446849707,-2.9685282943950733,1.6303086373683715,-0.7413429299837286,4.7487185825193965,-0.9287781810072396,1.0268947803150494
44.0,49.0,252.8616943359375,-0.7130710106054208,2.674023940749484,-4.996738977210435,-4.998835576793372,-2.783296405530887,1.601461420955486,-0.8971398269017428,4.395201584994387,-0.9707688358964628,1.174054255809204
44.0,49.0,216.64100646972656,-0.230709833945097,2.694737289968706,-4.986730565135221,-2.900148833961815,-3.226477386996793,1.1120229285524852,-0.9641251050811964,4.343242805816288,-1.109438943464662,1.4536841448631843
44.0,49.0,228.0083923339844,-0.7598623703229617,2.9736998751735086,-4.992508463785962,-4.747987631340539,-2.475626251630586,1.955677526004152,-0.6539261966482455,3.8956810752063102,-1.0623360357732432,1.5789743011030932
44.0,49.0,222.0054626464844,-1.2402255099549468,2.5980133289861893,-4.981826330908142,-3.310446422023412,-2.3064596637318786,0.9206932133917896,-0.4806866990572223,4.42807980399037,-1.068587453278795,1.2105813465930666
44.0,49.0,259.7496337890625,-1.3180887345118029,1.5042645714684806,-4.985816642199968,-4.029179752532701,-2.619834812291744,1.8204198525184976,-0.8611901601382979,4.065070198851457,-1.014886707259906,0.9417815817242232
44.0,49.0,242.27651977539065,-0.7497795186815823,2.34711549742293,-4.986562758826276,-4.1829274658823525,-2.4773588749266864,0.8747445147426527,-0.7388037213742944,4.509449751213392,-0.9867048978843505,1.5859392921808722
44.0,49.0,214.0970764160156,-0.9258098585901572,3.251996297006104,-4.99947512971506,-4.23250939120256,-2.5254686427375885,1.00700627397884,-0.5162096011446469,3.3847438592116994,-1.056609650274834,1.283964034168383
44.0,49.0,223.07086181640625,-1.0614903335056396,2.647933345828922,-4.999277799827135,-4.543062393611704,-1.8245020155476288,1.5727312012485886,-0.7570575240572044,3.944861410925349,-1.284033256836803,1.2439690338390674
44.0,49.0,237.45465087890625,-0.7545199553979751,2.1420813400408107,-4.989879798786883,-3.46130108506985,-2.071119278845179,2.006614529151362,-0.1409043123858468,3.5780798072435243,-0.9941744846916905,0.939236681780776
44.0,49.0,213.6788024902344,-0.9447200750243754,2.4714420828955603,-4.99419674838889,-4.976383240442113,-2.972529340964128,2.022840296783426,-0.7869366478467583,4.4348456259727005,-1.1737948426134528,1.3873405483276784
44.0,49.0,245.76318359375,-0.3686994174592222,3.353471406966529,-4.9932327046531295,-4.765638023735965,-2.7323631656149128,0.999036540539092,-0.5396468842937674,4.232867052661902,-0.9169562066283774,1.3818714869164026
44.0,49.0,253.03958129882807,-0.2634783751210854,1.8398442890103093,-4.998127053661273,-3.812068719945256,-2.9804230785003845,0.1264015756998802,-1.1776064621594349,4.479063556657174,-1.0833740688234368,1.1612887690636515
44.0,50.0,251.46365356445312,-1.441308697096226,2.1944256792008066,-4.863025757562152,-3.678632740603145,-3.0833562923656284,1.176078928373495,-0.8262506107246459,4.582701645887306,-1.210266560888729,1.7104873675461487
44.0,50.0,275.0162353515625,-0.8018736065130962,3.083456632139569,-4.97796588149333,-3.793166955673941,-2.844957440919884,1.945660302181656,-0.7724589214422366,4.131302372468312,-1.334513406299843,1.227876751232655
44.0,50.0,247.8389892578125,-0.6391457702951939,3.035626134838917,-4.99538576900222,-3.4902539490824025,-2.812385715517581,1.192666563790783,-0.4980929344375653,4.168202967486451,-1.2144403033743585,1.3685431390651868
44.0,50.0,252.7539825439453,-0.5198990712016673,3.252689136717745,-4.996683385594878,-4.411648228990492,-2.753373470299529,1.934055291076513,-0.3631105365130604,4.257670397688383,-0.9650145321749592,1.0671830197837062
44.0,50.0,293.9055480957031,-0.6683968530992201,4.056948662573811,-4.990599210684772,-4.100691801444933,-2.874497581965379,1.5963219365632186,-0.3459633488225275,4.112848991753079,-0.9220386411898058,1.255073919692964
44.0,50.0,251.3305511474609,-0.5327805165133848,3.672147426277318,-4.998123028044872,-4.703861113452445,-2.895603906231245,1.7676228973213703,-0.6796418308722192,3.692855855870784,-1.0864626600908416,1.0492994947314438
44.0,50.0,206.729232788086,-1.361260850342,3.593275959665254,-4.874405853007744,-2.8077514707842366,-3.064133698409151,1.744089922078727,-0.9860058955505338,4.407667385646002,-1.1145627134078868,1.5253367448934831
44.0,50.0,249.5405731201172,-1.3520296524445683,1.95059527801852,-4.828872640862092,-3.405971090193983,-3.186113158830395,1.627518498849727,-0.6771560359881139,4.437318537907121,-1.0984154469932372,1.4244112078267417
44.0,50.0,207.63284301757807,-0.3896395643684851,3.635432222104928,-4.971937769910602,-4.983076702268519,-2.907977471677032,1.914304868648042,-0.634527080757187,4.746046472706359,-1.071988346366988,1.3733137302628684
44.0,50.0,230.54714965820312,-0.7332795049276921,2.414593384731808,-4.999607337028186,-4.122131544085942,-2.540404032673926,1.7575269628162005,-0.3923505406535952,4.251992855104925,-1.0714944266476016,1.2681081205082665
44.0,50.0,263.7611694335937,-0.5424494719969113,2.293583159719005,-4.915502108945896,-3.6448176291561154,-2.8954783852991026,2.04210285125792,-0.935746647954657,3.923400183133402,-1.025394523660932,1.4617991108040398
44.0,50.0,225.0415954589844,-1.0559221048815832,3.296728042347638,-4.993744300902629,-4.858577072638184,-2.757115319902956,2.312641653274894,-0.2885450649379368,4.5267947427125925,-1.2080072991265265,1.3124091051359752
44.0,50.0,256.2705078125,-1.1868892526021662,3.1318869286648834,-4.909275459400407,-4.624979453832594,-2.357742473558803,1.6490318738770062,0.0581377478808686,4.868168983773536,-0.7972178877970917,1.1123384758373651
44.0,50.0,246.95968627929688,-0.8651522543388719,2.5439702873890733,-4.805756603614307,-2.6991702552457344,-2.9011137037306,1.525860508188627,-1.0046654482080433,4.717121386349554,-1.2778980152485977,1.504755427951924
44.0,50.0,238.78233337402344,-0.7156448999769385,3.316398403981669,-4.7295496492786935,-4.357681822973204,-2.869228910693456,0.7878290074046843,-0.6605933353257871,4.608947656758637,-1.003976233317423,1.311208685090116
44.0,50.0,217.33004760742188,-1.1613993531309492,3.2600251084536644,-4.993762275434225,-3.87866068158475,-2.636612904631079,0.7757460445993569,-0.6743726127117444,3.999216008879058,-1.009313681684386,1.259978076758685
44.0,50.0,215.5969390869141,-0.4612497960579125,3.173331022659889,-4.958046758205856,-4.920868878472684,-2.5483091656367383,1.3822767964000915,-0.1940885440793902,4.533865942106013,-0.7565184503386169,0.6806728144400607
44.0,50.0,249.83108520507807,-1.4692528025166365,1.970834112055449,-4.871475374189982,-4.765114060528643,-2.5127246627355846,1.600884608826016,-0.3699864239716453,4.621634020471296,-1.171013965451218,1.249324678963573
44.0,50.0,209.47039794921875,-0.776480271431689,3.383848823764218,-4.828485998454903,-3.5137785700057416,-2.402377480463548,1.7004514111357043,-0.8687288247094136,4.727474488822093,-0.7594343120456184,1.0360559740257609
44.0,50.0,221.20523071289065,-0.8198450194439157,3.220369874878513,-4.924577601662855,-4.909638148968849,-2.6386109121389474,1.7741727735102997,-0.3095261854020625,4.29608161049212,-1.0342172975931485,1.2831689181009691
44.0,50.0,234.1128692626953,-0.6089248176828432,2.070363817822317,-4.995196660713392,-4.997427472936718,-2.720178019640312,1.715251289320323,-1.022087486011129,4.678818399904639,-1.2585656612294005,1.4594921557841536
44.0,50.0,211.633056640625,-0.8038002580363397,2.5383585238426143,-4.987323766290754,-4.489241879420818,-3.0109877373443528,0.8486179330508161,-0.6596889288300627,4.656419227256794,-1.0433859708308244,1.6970482054416554
44.0,50.0,251.63064575195312,-0.9463883583756764,3.1610339568026937,-4.979266752390257,-3.410615746883191,-2.352811496083868,1.4041987708003507,-0.2803169884521326,4.124569266822563,-0.9731533643318908,1.2573389481755717
44.0,50.0,213.8585205078125,-1.1687967980603942,1.9254868040577493,-4.938343498678074,-4.247461920710179,-2.8907949647629323,1.6978688104933486,-0.7867181694455034,4.422883502290913,-1.1973304416089876,1.595585548112867
44.0,50.0,228.9937896728516,-0.7448339170652574,3.031160735372272,-4.9780454614012,-4.458901500032898,-3.260867986861785,1.0325955405147216,-1.0481505585158213,4.469712481128065,-1.0997692394687553,1.3185490541596456
44.0,50.0,281.7142333984375,-0.7159430176117789,3.223813274474896,-4.997097030896057,-4.983952524392389,-2.7406195550746903,2.125443986676821,-0.7887961157701726,3.8440478630571473,-1.325956341672477,0.8323891835978099
44.0,50.0,285.02197265625,-0.7621958778891571,3.09216474185064,-4.972804045185529,-3.9531733490121135,-3.376473328691985,1.7608372312905385,-0.7521252411073807,4.572635693430518,-1.230416641031717,1.4677355329518793
44.0,50.0,266.51275634765625,-1.0303034194974543,2.203930474397864,-4.975046760597441,-3.278013967244831,-3.29801687207191,1.065347535699166,-0.6637285037767331,3.815241234972884,-0.965082046403043,1.6097345069063254
44.0,50.0,274.30133056640625,-1.130889917448321,3.562467308464601,-4.97792821862189,-2.63519296602827,-2.7198465853241576,1.012635235706746,-0.8133747828094631,3.733626259801357,-0.9744224788972372,0.8795799135583149
44.0,50.0,255.84866333007807,-0.4250871888057439,2.552402046451369,-4.999025683937792,-4.010687682823547,-2.347105957823339,1.1111441993333449,-0.6371573418596324,2.999269110211241,-0.7144273191303698,1.07369884563985
44.0,50.0,246.05157470703125,-0.8031069625771368,1.3872800440528454,-4.998198286387726,-3.12905639543825,-2.525574941731061,1.6482389334239684,-0.368205014988689,3.436332288580635,-0.8423204835526592,0.9401492048550484
44.0,50.0,226.86962890625,-0.7198625245292458,2.691191530675296,-4.975183200673541,-4.610575600107494,-3.080735294608954,1.3391208982729026,-0.8208396722936326,3.845925679190854,-1.1828271812292064,1.485779624161804
44.0,50.0,209.5316467285156,-1.0876707725261516,2.344516239243938,-4.991081508766386,-4.902490590899613,-2.53784822677309,2.431805610343102,-0.6938796671731069,4.755488972675703,-1.061357743759606,1.2652318947393066
44.0,50.0,250.2801055908203,-1.3669681099384323,2.3286844495708934,-4.921757333753782,-4.233597297402294,-3.188944168160602,1.3966641992171116,-0.7906552748860545,4.266844520391119,-0.9602394398005528,1.3939696545966962
44.0,50.0,250.0807037353516,-0.4538265372786414,3.0729772522382124,-4.957085091774987,-4.229633186908005,-2.288243784618537,0.8719568701627365,-0.1652173224326052,4.462336820261008,-0.9422962796349116,1.4733333316267814
44.0,50.0,232.62271118164065,-0.4962027735374166,3.492332501991788,-4.990626091459701,-4.911306737768944,-2.847148456895884,1.6876919947715177,-0.2819358995680492,4.014633648556179,-1.0777636485567066,1.379184838559442
44.0,50.0,257.6658935546875,0.1055456828652525,1.8876137945828404,-4.986564827370932,-4.17081583805125,-3.1229613984779263,1.6285951615004466,-0.7734459785030481,4.904294825184115,-1.2997929322454431,1.7254003410629837
44.0,50.0,224.92434692382807,-1.0659942047891915,2.249130699060336,-4.998989169974466,-4.278860587634767,-2.469865420404989,1.5602754974313902,-0.3145269032778843,3.625152545430417,-0.831734401923149,1.1491046574103525
44.0,50.0,262.0865173339844,-0.5653108154075168,2.0561030564366973,-4.999961489479688,-4.028199437070576,-2.6897624715366373,1.1930198023820875,-0.3551695604228397,4.340345258609537,-0.933711563476364,1.4110843096101888
44.0,50.0,196.4298095703125,-0.7755569196400733,3.604169761132317,-4.994897572410714,-4.863712917856374,-2.3719911365036515,1.4355829204873602,-0.3371493677729109,4.376178698600983,-0.774374213658028,0.7210063504783779
44.0,50.0,253.2784881591797,-0.3143825385525387,2.506583022255315,-4.951770175043124,-4.849711486558101,-2.8143154144825258,2.13667369214198,-0.5857437328477761,4.157404207499656,-0.999943020757546,1.3902790466418056
44.0,50.0,221.0553131103516,-0.9219202259538202,2.543173535723668,-4.983860958514601,-4.097213157237693,-2.200961483240099,1.5513074385251038,-0.6435884403916701,4.426659223449619,-1.0707347112754588,1.302540860954541
44.0,50.0,251.30630493164065,-0.5893990506782627,2.473837736123679,-4.99011750446681,-3.264930220614944,-2.6106414436757284,0.8582858227406023,-0.369976545945633,3.864473180039832,-1.0165301285677346,0.8940952599836667
44.0,50.0,227.0126495361328,-0.8875573219599531,1.9856601667067209,-4.912732297793329,-4.771153532198482,-2.637003821800911,1.952461479593952,-0.2330342083639403,4.085907381271845,-0.931166641792684,1.3088794378054516
44.0,50.0,222.36264038085932,-1.3050736861968208,2.730625555343032,-4.983599277903361,-4.200109459089862,-2.865053510713102,1.7425126977311125,-0.6094482044565037,3.853305793420928,-0.8982538756974021,1.0139178102354682
44.0,50.0,218.65753173828125,-0.4043267604192486,2.291446308688081,-4.992046886149962,-4.129475856952015,-3.090381122215061,1.413532630290046,-0.5177760439358767,3.851141717818331,-1.176339902371062,1.243738844704211
44.0,50.0,215.31936645507807,-1.0610164718503468,3.0896233042056647,-4.945880670355688,-3.880646556543646,-3.1243869883700803,0.9621620266236768,-0.1625673906385945,4.386234614961939,-1.074248059038858,1.2014072118590151
44.0,50.0,250.2561492919922,-1.094200434778017,2.5713990005245924,-4.8929074442825,-2.3621332926494736,-3.4743383061700257,1.06125885280092,-0.8417401537666294,4.61187445915097,-1.250817048984621,1.554593332108665
44.0,50.0,244.99371337890625,-0.7845516182543371,2.267084121837547,-4.98240349480002,-4.702353166479507,-2.550868369113748,1.855787963648169,-0.4188528511244644,4.492538879541673,-0.928833706644431,1.5945858441173666
44.0,50.0,253.93490600585932,-1.1769543676021628,3.548372173995256,-4.96068475983132,-3.9386319123063367,-2.8767360833716262,0.7729692927725988,-0.8057530795047994,4.678611517388674,-0.9772768881270631,1.5179269116614371
44.0,51.0,205.1265563964844,-1.355098987218608,3.605186619231004,-4.839591354011892,-4.324798354497126,-2.7862063903124974,0.8479656897526962,-0.6081763441593049,4.415956999235602,-1.125789959375545,1.8321832084916831
44.0,51.0,240.70169067382807,-0.3415793492546228,2.7465030814962894,-4.999643434569546,-4.968044439126903,-3.3360251733244217,1.1525118718154346,-1.1997408643913432,4.259069447948331,-1.1692812936642918,1.398985465384165
44.0,51.0,223.40367126464844,-0.7935490652136163,3.2007712513538547,-4.94394596671222,-4.309658162480174,-2.37845622574012,1.6592468136871874,-0.4695821059822522,4.938576502749031,-1.2310058194681606,1.287786867139232
44.0,51.0,244.98985290527344,-1.2693181053965217,3.346896539768201,-4.966896883566438,-4.965046582258442,-2.798549594708456,1.63318760452234,-1.1623765953002514,4.640991490974484,-1.083799040052703,1.0283907231931098
44.0,51.0,263.4258117675781,-0.7226892361472066,3.1159498500663982,-4.999952646389301,-4.997448263088574,-2.863207570546381,2.1877101832110624,-0.7065065901627996,4.718964678370895,-1.0068121787263138,1.3793992984326406
44.0,51.0,238.36236572265625,-1.093447061847507,3.699842129785442,-4.9997811971598765,-4.44854671708457,-2.8762232439309368,1.652950074128766,-0.6847818742532255,4.6278714558479965,-1.0169837679338256,1.0469189614057903
44.0,51.0,198.59112548828125,-1.1564265339474344,2.3986449933052354,-4.993112499980636,-4.936521327011985,-2.420084881845096,2.319868377811492,-0.657710091505094,4.350191542726764,-0.8007546814202868,1.2227331804623711
44.0,51.0,205.98880004882807,-0.9777897492909132,3.194588151713978,-4.979502706854683,-3.8091669551277794,-1.996237638332223,2.103092437541237,-0.2057716172712096,4.897748142815358,-0.7728234288162508,1.3386759114488989
44.0,51.0,253.08905029296875,-0.776962517894928,3.1831204527203845,-4.990791807164169,-4.999929306680204,-2.743505594623796,1.5360856797244162,-0.4248421859988429,4.315139316443057,-0.9838063563339956,1.539275306008186
44.0,51.0,187.83697509765625,-0.0771525592641833,3.3807692862578183,-4.784386510746338,-4.989318391770989,-2.396944920430635,1.887313798114505,-0.5866453626537949,4.522506600827535,-1.0805319141870569,1.3134644505066628
44.0,51.0,258.8797607421875,-0.5348893572537232,3.197802897604268,-4.792588076955974,-4.746819642680414,-2.064770296454812,1.1438487516605864,-0.0793727038722948,4.330508796639542,-0.7347505171323174,1.2207697166084417
44.0,51.0,219.60205078125,-0.4722193816965188,3.5519969295983174,-4.915522373520126,-4.92595335524316,-2.3091644694608835,1.5566996990252857,-0.4955767509553705,4.010706387959736,-0.8712523891207784,0.9406444590154148
44.0,51.0,253.3511199951172,-0.8551910996980085,3.1061267607172613,-4.990897101997391,-4.4013384615634,-2.253847466550401,1.7610787338512726,-0.2857490545819461,4.212102329869252,-0.9317099971903692,1.5844257645221846
44.0,51.0,237.214599609375,-0.6938847171400528,2.4503938959426392,-4.951076155822701,-4.788232386109821,-3.0829066078046283,1.7675232289094651,-0.5916580297530967,4.483253698844914,-0.9980598543666944,1.4109372567806258
44.0,51.0,235.013427734375,-0.4555662760705132,3.1862843667145,-4.996405737741719,-4.793140455409577,-2.6849398329884573,1.7218646861274935,-0.6219450965500766,4.435728023121131,-1.0823943306640742,1.3907715586635143
44.0,51.0,267.53857421875,-0.6420383555161049,4.0047906109296605,-4.95080600906179,-4.999066436714658,-2.684824362011836,1.7050736944065277,-0.3712476347828675,4.140778616939947,-1.029172099300078,1.529681625249694
44.0,51.0,228.4172821044922,-0.1567231741466654,3.8157691696157023,-4.986005663064378,-4.208907475881626,-2.7378465924970925,1.1740209822601706,-0.4789033409334466,4.437943835903701,-0.9910018579594286,1.4078070234700402
44.0,51.0,233.07394409179688,-0.5358879368708465,3.405991531330015,-4.885241616388978,-4.651736059436398,-2.734935779656901,0.7606327248886382,-0.4959809296418926,4.533844079229048,-0.8342220748324429,1.3913664714409872
44.0,51.0,212.08517456054688,-0.9668978487064104,3.5783348980580456,-4.984107899176971,-4.20973290967861,-2.7477840314848603,1.6660969324877284,-0.6130453450216056,4.30410152348222,-1.3445735110044057,1.3634456405983926
44.0,51.0,248.232666015625,-0.6516924792725085,2.5340112167156734,-4.965156477632659,-4.944107331198635,-2.131347143291762,2.2148274432015533,-0.9258483499154968,4.553015433502383,-0.6852080262444833,1.3350274904142123
44.0,51.0,224.23712158203125,-0.713214022361262,3.105304848400284,-4.805137109706149,-4.9749964822665005,-2.43250309888545,1.9879248122690096,-0.4947095422011118,4.619523260647842,-0.8078746448162644,1.093262490230802
44.0,51.0,231.5292053222656,-0.8067186178583379,3.3040185101458555,-4.818760678435272,-4.97993051198127,-2.307999641743957,1.1182280360565129,-0.550865239507516,4.4483054322463005,-0.578037373723947,0.9359534351799734
44.0,51.0,218.1617584228516,-1.0010969337007536,2.51573240567428,-4.992730947530959,-3.875221896464394,-2.870541572708288,1.7821564072754985,-0.5119442097833895,3.94824335701318,-0.9932505271621644,1.4215843203931398
44.0,51.0,215.04966735839844,-1.1108345997575135,2.22271476614276,-4.997962502138915,-4.459808605577559,-2.701401579993556,1.312731836325332,-0.1592555347054967,4.930000117405276,-0.8483997597064192,1.2156223566501358
44.0,51.0,236.93234252929688,-0.8981804811114564,2.806310143061622,-4.99766997138948,-4.751422790706037,-2.1229862075172328,2.0988104095660614,-0.5822527858162028,4.943447758802867,-0.8337299443857678,1.0745907919795696
44.0,51.0,245.33139038085932,-0.5579224549137143,3.088111705754104,-4.930820574132434,-4.759486748008849,-3.0008890857864268,1.3645330051754885,-0.8110138780889482,4.494240884343242,-1.1165495462362984,1.6205002316381982
44.0,51.0,256.4333190917969,-0.4893255042621298,3.002639279585832,-4.85948657385687,-4.918639363807451,-2.9592818712843414,1.996976834937884,-0.3876974221305591,4.308553922617602,-1.047416148470547,1.1596659905993123
44.0,51.0,203.1614990234375,-0.8319463005086094,3.750636331563168,-4.994148271965014,-4.940517277468962,-2.704996775455061,1.3749453619577476,-0.4803924306772451,4.716041871007278,-0.8969919835741171,0.7146475092497218
44.0,51.0,229.68707275390625,-0.995285596901895,3.1802657360391766,-4.804446045356298,-4.170687414970954,-2.946114190720193,1.534167318306161,-0.591658251645022,4.729714478062085,-0.8319203969026736,1.1593217564895983
44.0,51.0,273.4385986328125,-0.4630411738526838,4.00117124706223,-4.974677617362768,-4.199999046179001,-2.912512825083724,1.2954280953452315,0.1337284111426946,3.4032888235313017,-0.7979216004912111,0.8962342279293978
44.0,51.0,206.89486694335932,-0.8399998542285232,3.199342181687509,-4.995141455097308,-4.400080586916858,-2.47721898806819,0.9770946547096502,-0.7045403898993898,4.258396439695547,-0.7927683399365808,1.351107504054187
44.0,51.0,215.9060211181641,-0.9528535873273576,3.8720552490818623,-4.99980096531004,-4.857667097656084,-2.5280893538304143,1.747023597510454,-0.5424550592502628,4.711068560370734,-1.00783711601951,0.8090529957028112
44.0,51.0,223.41323852539065,-0.8619412898496854,3.816713559254353,-4.979472778215035,-4.111807638116017,-2.323562005542777,1.4052459280207916,-0.4086879192810722,4.6368442735670055,-0.7878297543639343,1.036558709710401
44.0,51.0,238.5236968994141,-1.3750319703842375,3.627243720170106,-4.988280507049683,-3.491746007524718,-2.540078570030261,1.0784253056157311,-0.4163809530316786,4.665433874254699,-0.958298944847467,1.2810801960325344
44.0,51.0,253.60366821289065,-1.1763837729190325,2.998418517397683,-4.988945484387674,-3.0473336813144742,-2.847196858858242,2.128477794304468,-0.7932135586001667,4.826821462234852,-0.9649805954813404,1.3509583094780968
44.0,51.0,233.01394653320312,-0.8708041580061634,2.413334282027341,-4.999998729179562,-4.507653649197327,-2.7742474822882315,1.252310622937821,-1.0039371175617935,4.645356310996844,-0.8749493074203647,1.2023369283895509
44.0,51.0,189.9568634033203,-0.7587875828427313,3.6177240630250367,-4.992983917861447,-4.9426634544034,-2.521443182242048,1.7382515838768144,-0.4445655693189598,4.7933915885192455,-0.8872666354877525,1.304466007326396
44.0,51.0,263.4644775390625,-0.5806226109645172,3.6189827483215584,-4.7675744777473765,-3.404796482255549,-2.8062499204693734,1.028235745784663,-0.2604519851225237,4.794050104161077,-0.915166594679418,1.6994758832274697
44.0,51.0,249.2103271484375,-1.063414284032243,3.6164820802914894,-4.976070834504747,-4.15148203750003,-2.821466866072101,1.4261551762145253,-0.82982315837606,4.520680466946219,-0.9183421042750232,1.4172023447699624
44.0,51.0,204.9620819091797,-0.9794794922348586,3.594641276424511,-4.979562622111997,-4.881428017921624,-2.2686187014928825,1.55371651492917,-0.5629245822507922,4.481559809868166,-0.7380571867483727,1.0449500835851175
44.0,51.0,219.1644744873047,-0.6999653369819656,2.9571875821158065,-4.992117666015481,-4.997659910917486,-2.943696668593712,1.9697972249463425,-0.5123915824038496,3.83166073372311,-1.1561355807044331,1.2734481262181898
44.0,51.0,249.500732421875,-0.6591296981770274,3.042577566458757,-4.958744303363205,-3.762529586478084,-2.75716044446146,1.4670652371032666,-0.5661037609079598,4.6214896325672346,-1.0101563534097917,0.8161130034783302
44.0,51.0,247.2743682861328,-1.155844115808487,3.952665207226705,-4.988232248136866,-3.883647605325656,-2.643116408273291,1.4933998345138688,-0.4016273350304891,4.647348624142122,-0.9213048570360484,1.3858627734687552
44.0,51.0,259.20770263671875,-0.2679006787596787,4.673960777354145,-4.955221679507944,-4.996706891355858,-2.8831209627270367,1.675469597130678,-0.6485849030054771,4.979858320618755,-0.968695423914979,1.2800226398496974
44.0,51.0,235.51971435546875,-1.1461406672943109,2.715816379713364,-4.961250192232708,-3.911790910655943,-3.181579167087893,1.6083013377039324,-0.5871598317894646,4.636676640506991,-1.002762366594702,1.557138599953765
44.0,51.0,256.7700500488281,-1.023575862234687,3.1761783833429096,-4.973635073809463,-4.160458242265805,-2.176724232930477,1.6796159632221697,-0.5347413577719609,4.487603300872916,-0.9435351117299282,1.1656145922064771
44.0,51.0,260.286865234375,-0.5420299086320028,3.198627532348194,-4.904569711039576,-4.284681311670933,-2.1791510390570226,1.7025036418355537,-0.3693349890411994,4.092680111452008,-0.8393561061344244,0.8378477551288785
44.0,51.0,273.5663146972656,-0.7962875024305793,3.078687059905484,-4.982172779966617,-3.759851998485574,-2.8515442356380207,2.1345765331594606,-0.3848640772097065,4.596198179218527,-0.9829992273398344,1.3674599088232142
44.0,51.0,211.739013671875,-0.4150366042530775,4.001388212058028,-4.991644742216142,-4.991264489437935,-2.3681376506396146,1.4652983888769846,-0.6114985768457801,4.80872398595673,-0.7332707006637262,1.338702623561666
44.0,51.0,200.65640258789065,-0.9202481689368645,3.201987065538246,-4.990447567721408,-4.378604291350116,-2.190691015242309,1.888195924224747,-0.9820769716833057,4.265446823110976,-0.7644908898413174,1.0218356749985809
44.0,52.0,229.8106842041016,-0.5026331901957848,2.527558871557956,-4.998398514756524,-4.150357674731028,-2.5513562059365817,1.7554372054773415,-0.7783218937349421,4.8482956523094565,-1.009533529608111,1.3618618247813377
44.0,52.0,287.8555908203125,-0.6072444705298583,3.9279224163527022,-4.542606682159772,-4.809416180017804,-2.67535021406207,2.26012574244844,-0.5723584924237279,4.930583890475212,-0.901773386629305,0.8970843098293448
44.0,52.0,229.44351196289065,-0.7055618305661522,3.545611354770968,-4.859521102785039,-4.413843447249791,-2.000345055418507,2.2178987967290817,-0.2543292523694589,4.628809748709269,-0.8351358725868394,1.1425487697594967
44.0,52.0,220.5519561767578,-1.199377917158719,3.829262255105167,-4.9603135120935615,-4.813658231854198,-2.309548191046382,1.880550523730344,-0.4476188970598835,4.865940885840402,-0.5358185409502534,0.9744364136363828
44.0,52.0,267.2681884765625,-0.6649190520495427,2.2749501853577234,-4.907383008140656,-3.195946595363996,-2.2062961477404586,1.6225896926657732,-0.6829416121476797,3.8642668508820144,-1.1854572151482037,0.8202707294574152
44.0,52.0,251.477294921875,-0.9896971746140002,2.1554883406934646,-4.984481561736767,-4.9456115433343655,-2.3259124476938338,2.300876831596721,-0.7589568944617948,4.297327918182621,-1.3727723563605747,1.1212669019616852
44.0,52.0,270.470703125,-1.238887073545519,2.5057945550931606,-4.973950029543529,-4.035187924627131,-2.3992096139216383,2.603711840260975,-0.8436498749258572,4.50791769203564,-0.8746146672364361,1.1125379266569162
44.0,52.0,233.8549652099609,-1.0692265225567898,3.03899629985866,-4.954968125400102,-3.143963803725253,-2.8577210539135938,1.7984883605032778,-0.1756571620280826,4.640923513579025,-1.0597315677671697,1.1057426837752793
44.0,52.0,191.4281616210937,-1.1155587935297366,2.005059857060826,-4.901660248250921,-4.888806763869036,-2.4040117976651687,1.920157305285724,-0.6403480700297406,4.392889011907171,-0.8710469966843659,1.578033814329471
44.0,52.0,222.1558532714844,-0.7186394552214406,3.630114267155747,-4.996992111776989,-4.994064360656723,-2.4166607492605325,1.7306499960287365,-0.6131783072194299,4.960985904717482,-1.1409684870098498,1.1347971851966685
44.0,52.0,215.0048675537109,-0.8621422615994865,3.556753573535905,-4.801443668800123,-4.32509416583787,-2.5397527127414192,1.6265191302643478,-0.7255397346737222,4.764809434258506,-0.6824600368733886,1.241542117607727
44.0,52.0,249.57066345214844,-0.5247313781728247,1.661992996673142,-4.979078039732326,-3.500968332997215,-3.3411837500573824,1.2119417320778585,-0.9180525812176256,3.567473117243466,-1.0919326398588658,1.454437436787929
44.0,52.0,247.4252319335937,-1.17326771785496,3.133946987563686,-4.989234618286154,-4.8507166573874905,-2.7037949108145702,1.960571068157738,-0.8692161522402433,3.845947785470116,-0.9829552831744968,1.3037198785264597
44.0,52.0,212.67010498046875,-1.019070890859033,3.814668482338835,-4.945379952208163,-3.821277988888582,-3.0943624915681904,1.6102734199190252,-0.7074868439054836,4.819616749687857,-1.1266052685924377,1.290410369403611
44.0,52.0,244.7290954589844,-0.6080538555981008,3.4155977739941434,-4.999028981174527,-4.9755507476130365,-2.7414521573681507,1.7230693431789854,-0.8437514757303664,4.30711364026404,-0.6256755917646792,1.4244264493288643
44.0,52.0,238.85580444335932,-1.485376521812532,3.968323532649544,-4.887525379847419,-4.86022491427747,-1.9237344070933609,1.2447302565147575,-0.5767238871121929,4.996989909694294,-0.5977852651686772,0.9846362974328562
44.0,52.0,199.9195556640625,-0.7291149386954574,2.6018922155030566,-4.827771809901003,-4.99998329175852,-2.5812789413525867,1.9258478610044536,-0.5973598829597329,4.323793319929022,-1.039808304552981,0.8158374969827333
44.0,52.0,272.1253967285156,-1.4914888356294904,2.090139721667823,-4.929842605600631,-3.803235800399896,-3.032003482469303,1.541893014769114,-0.8023985852856699,4.503785600757302,-0.950919438579235,1.4124822723274466
44.0,52.0,189.21746826171875,-0.9224927923922364,4.186813184761244,-4.982017931282895,-4.483399321800739,-2.4347459570347105,0.7518655005093953,-0.5439313593046222,4.84481300659292,-0.7545724055909595,1.564618046818703
44.0,52.0,193.6055450439453,-0.7241183438932346,2.8103943485590097,-4.99996020484809,-4.88542776102829,-2.495887989549395,0.8650412908444292,-0.2195666499514104,4.38446765385485,-0.8649193800065209,0.9460256393910952
44.0,52.0,236.80963134765625,-0.812960938308958,3.13692714615174,-4.991412122605503,-4.915674284211106,-3.1064380427665483,1.4548606139374778,-0.0641657193561808,4.980869756248636,-1.0764250072233734,1.250573273322262
44.0,52.0,241.55465698242188,-1.1366849848149585,3.189687068682012,-4.999164683857616,-4.575373454033318,-2.460553707030668,2.565150792545815,-0.6177230103604057,4.669382187345114,-0.9773531753513608,0.9492246745296038
44.0,52.0,206.57644653320312,-0.6836374464729431,3.727585263514284,-4.993914007333983,-4.543097830129858,-2.4221068556330354,1.898119022113046,-0.4785004134037329,4.783652584731943,-0.7999057504392626,0.8942178430458796
44.0,52.0,238.0670928955078,0.390583613303745,4.001115435720116,-4.87060596767516,-4.989002429737099,-2.1429761762676995,0.7628748945068233,-0.2135469697481333,4.767096882003752,-0.9941861155025896,1.2944148273435028
44.0,52.0,258.37847900390625,-0.8056944786478804,3.6515199425501983,-4.991555670447647,-4.054556212945276,-2.873007090172068,2.126520606111882,-0.3423964393476622,4.3873684264540405,-1.2461336512413892,1.1391956689028158
44.0,52.0,262.9311218261719,-1.00575174904949,3.1314323659420875,-4.999133619776049,-4.254755266994102,-2.329370390336627,1.1858552558713171,-0.2813430337577731,4.188629567260255,-0.9485857893212416,0.9079671011091291
44.0,52.0,213.85885620117188,-0.8073878614129697,2.9888300334192985,-4.897365624258328,-4.996986144330957,-2.763194601603345,1.1903471461297324,-1.0898454975470862,4.806991856565576,-1.2083267140015463,1.3726016260638223
44.0,52.0,234.29415893554688,-0.3587426486199092,2.3489819560206264,-4.996660705235271,-4.942666248726239,-2.8055981997907136,1.8258395100145977,-0.5492866280054383,4.230078962431445,-1.2838786464323726,1.0808082258452263
44.0,52.0,234.96041870117188,-0.9181761339706664,3.086729572562671,-4.99830689448888,-4.999368113019648,-2.8108888738869457,2.199803454265707,-0.3632637448761304,4.452033824159841,-0.8269283579762252,1.014650222087604
44.0,52.0,222.7265014648437,-0.120075175169374,3.4564920476387577,-4.996937818081963,-4.861551452219045,-2.739804102885002,1.0496967245718514,-0.3889960782278674,4.151809307548573,-1.1302251490432529,1.3272547352708024
44.0,52.0,243.60858154296875,-0.5718196870536447,3.2410785952892045,-4.937509359501969,-3.950478678285823,-2.491801271622945,1.4664511329723426,-0.464258864929512,4.856752036852267,-0.592000763947989,1.4537485035783293
44.0,52.0,252.5343017578125,-0.7059787517523679,2.9311655283853995,-4.99978054654188,-4.06251936616468,-2.298312883422639,1.699429875558241,-0.354334330132855,4.850544104040923,-0.757529485246053,0.9244714360688588
44.0,52.0,237.43820190429688,-1.0705759935232688,3.269101720027889,-4.962613017747266,-4.989070543093592,-2.194200835269754,2.5554312560128656,-0.5530275150321282,4.619090837686624,-1.0684544401932206,1.1129225173788502
44.0,52.0,228.58609008789065,-1.211723228645612,3.745032724486828,-4.999599409521763,-4.884012728777752,-2.1642589980108955,2.370118970059996,-0.8289312812419256,4.779393981341331,-0.6793887082326675,1.301428286205378
44.0,52.0,230.0023956298828,-1.2223429581019234,3.225593395010222,-4.998440219769476,-4.968695090173524,-2.909661441537421,1.7712178009612325,-1.1429170312195125,4.808746583650311,-1.0329074093847144,1.3169194396740025
44.0,52.0,228.5428466796875,-0.6039011367187106,2.417936048733999,-4.866601553156787,-3.5332127208387485,-2.920299845273917,1.2811940297099706,-0.898074276872995,4.098313023155672,-1.1640703303025073,1.337107478237276
44.0,52.0,211.51779174804688,-1.1258321682423111,3.563462573552353,-4.777441665137259,-4.617373660391506,-2.6064227747027715,1.923330796597095,-0.5009575337163641,4.088799706697188,-0.941301715007084,1.0627686043558162
44.0,52.0,255.76397705078125,-1.3568219345298012,2.4179919448878326,-4.974495180926807,-3.43886926287258,-2.274073931012307,1.6491246543532796,-0.5558356652545733,4.270306402955203,-0.7131196601784247,0.9102699614140528
44.0,52.0,194.5595550537109,-1.0848497120706635,2.8988209858841394,-4.993616479395596,-4.242584713596115,-2.483619241938699,1.2984719503169373,-0.6537813469915612,4.885023136852714,-0.7823739797404494,1.8051084416713667
44.0,52.0,211.959213256836,-1.2070557488880245,3.41611055418406,-4.955489785695526,-4.556522992762667,-2.507613121433203,2.01299184342595,-0.7056252244626595,3.9995067817035945,-0.7835955102673218,1.2023633448241495
44.0,52.0,245.9773101806641,-1.1036213831596324,3.0150601540028106,-4.986299717907142,-4.869899018501717,-2.0531556847874417,1.8549891597211907,-0.2745838649126551,3.726689823739278,-0.6004113343112056,0.9045906474618324
44.0,52.0,222.4110717773437,-1.2073833151898494,2.873128067587201,-4.7002948408957765,-4.2553733147709565,-3.041159182609465,0.9302603885964124,-0.8203134837473138,4.114701882715449,-1.1551239466304877,1.3920848817576967
44.0,52.0,311.9010314941406,-0.955468935154161,4.353221965757465,-4.8920643876111,-4.544515828945704,-1.396484077183957,2.177605595034483,-0.095311138199591,4.678339213903124,-0.6035732154224096,0.9209441671930492
44.0,52.0,201.5212554931641,-0.5270729347183618,2.5577850440350245,-4.944003251709222,-4.920244958711215,-2.3606040970465862,1.7917269450626634,-1.1071441961945534,4.387120407734482,-0.840132949210096,1.390123827862543
44.0,52.0,242.62228393554688,-0.2848358881527879,4.382189168651648,-4.921506741857966,-4.974619640439796,-2.692872330869683,1.4734661641033089,-0.3475859966471617,4.983069492473216,-0.9065614712237996,1.88593157993545
44.0,52.0,230.45932006835932,-0.8277953647667049,3.320846069013445,-4.989232427033574,-4.989659865609454,-2.681470994463195,2.032856672746953,-0.7837575999381654,3.964539449833577,-1.1447601782920551,1.1356759332986668
44.0,52.0,224.0005645751953,-1.2741152853858757,2.875784973406608,-4.959929671467528,-3.638106531771521,-2.7035438036627086,0.3715960562270677,-0.6577292046090442,4.502503528757785,-0.8283014465455905,1.0906884071008838
44.0,52.0,220.24050903320312,-0.34483330843128,2.520785773013829,-4.8423190120434665,-4.965594881369292,-2.05398563179413,1.557295887784326,-0.2894576857513788,4.356143633484894,-0.9040578257172244,1.0220469077125358
44.0,52.0,210.81423950195312,-1.1532682687894038,3.681980689021167,-4.88148216379363,-3.544831380345931,-1.9987041986767056,2.2513699066653654,-0.4772773092699465,4.915214921571371,-0.7398802375031543,1.1025930029451425
44.0,52.0,221.94078063964844,-1.717920060978884,2.673784653953214,-4.956602357792567,-4.262062550834094,-2.8801474333442973,1.9691733236981737,-0.6820791537444713,4.382668737085579,-1.0733947479025212,0.9563780565350992
44.0,53.0,231.825927734375,-1.0010634923244552,3.230224589512474,-4.921450462546753,-4.469948189981284,-2.3155710270716003,1.3822602932969,-0.8410104972413057,4.289919476556305,-1.0325385308874746,1.488115500871836
44.0,53.0,228.05191040039065,-0.9971502578099328,3.4440082163538985,-4.932882611315853,-4.305683200386538,-2.315416185343617,1.1006286436821018,0.0326040549420518,4.596061688328224,-0.7891905878784353,0.9216168442541272
44.0,53.0,271.4897155761719,-0.8432997063721501,3.054028488311588,-4.997582843198085,-4.753661132744028,-2.917577022644348,2.023196117955392,-0.7779357354745899,4.967450915107376,-1.1148894075153488,1.3324670993162968
44.0,53.0,242.6009521484375,-0.5998973273709414,3.386648899144234,-4.852493207351779,-3.9138415738789054,-2.537609762029944,2.1958855778427218,-0.4922148250681788,4.955600690123267,-0.8133173810593206,1.50530070282191
44.0,53.0,205.380126953125,-1.305879390037603,3.4635808078344645,-4.986994849304263,-3.60941529793454,-3.0117661117899703,1.166634864196583,-1.073755216598391,4.688020813339456,-1.1261763116843726,1.2344567770531203
44.0,53.0,211.92979431152344,-0.4687211265134623,2.561560970765057,-4.716214217765117,-4.95733578184265,-2.596906898704205,2.003452138337149,-0.7614540245945145,4.398714553223616,-0.7800347477389353,0.7173108656333627
44.0,53.0,231.22232055664065,-0.999861700278049,3.7959337049061457,-4.981446998019466,-4.9457829886253935,-2.2565432204236284,1.4356833531801572,-0.5083845448063293,4.59435989164847,-0.7211647993342591,1.142582509349558
44.0,53.0,192.90806579589844,-0.0986730658257375,3.08810694086602,-4.704090943845285,-4.993066700890503,-2.569949210661308,1.385406012460841,-0.3054059192613021,4.331202551574405,-0.8026739745972096,1.0480058524879956
44.0,53.0,200.75799560546875,-0.8748294714842837,2.718579239621696,-4.990656885061847,-3.474978280341801,-2.508519964867667,1.29308843421411,-0.7293132005468062,4.307712991164111,-0.7744052912289616,1.4945994323515386
44.0,53.0,224.08477783203125,-0.7784128233712533,3.5395973653767587,-4.997845623341776,-4.79496164328865,-2.386973724152245,1.4295079438866845,-0.805852661604205,4.626621329476954,-0.7787949211717793,1.5700279763482703
44.0,53.0,225.46987915039065,-1.3942514405499895,3.351485660434633,-4.999469987790661,-4.809737220208771,-2.708449507870364,0.7890233965611406,-0.4083382015203494,4.195508908011883,-0.7907484183023961,1.3217525717780498
44.0,53.0,215.8289794921875,-1.034139098101586,4.0674748725594245,-4.9996412293424175,-4.902922685383953,-2.322296225243204,1.338671330010223,-0.622498722812999,4.734422190468612,-1.0249684625229705,1.2378841544658945
44.0,53.0,218.9697265625,-1.2766255394534665,2.255690657431259,-4.978994245978118,-4.987940379368944,-2.4048107822039007,2.3991467204301644,-0.7612576127734059,4.401458109736087,-0.8197450370894934,1.2345827987893774
44.0,53.0,233.53854370117188,-1.2046108695479516,1.2647602103268838,-4.8854737951668,-3.918245436164516,-2.713120691709549,1.1622501576450217,-0.4346789662987422,3.975320681603496,-0.9132425639700524,1.303317620020577
44.0,53.0,233.35873413085932,-0.6131335952861683,3.424832738083323,-4.997136153315277,-4.820286852527017,-2.371319459087586,2.095999285414853,-0.9780364251928572,4.819400204131041,-0.789131738127848,1.1701213532376356
44.0,53.0,236.71014404296875,-0.8197693428389847,3.613201773025569,-4.994300685866437,-4.9844509797932925,-2.3374078875092232,1.5813768149314384,-0.4120017934852251,4.565781074408889,-0.5885903757001305,1.3475370702083769
44.0,53.0,230.11358642578125,-0.6621523639705504,3.525360543242641,-4.907045515069215,-4.970773772006317,-2.390873721794617,1.5950093338112827,-0.7888052776832541,4.509456547869229,-0.815573183077718,1.2680769004979986
44.0,53.0,212.69500732421875,-1.700205724389023,2.77625908809066,-4.994963895656378,-4.425334391283708,-2.410749906028946,1.0640476235031615,-0.3379491543233843,4.8721533619993735,-0.7570846074877933,1.312130972433426
44.0,53.0,252.77325439453125,-1.340591335790688,2.557306342153339,-4.96644719584442,-3.532879510663087,-2.340515074456459,1.9457052755863904,-0.6441403841158646,4.995460318943298,-0.8914298947048351,1.169106790936639
44.0,53.0,255.53219604492188,-0.7836436942052334,2.62184735851363,-4.970286605695702,-4.685201705404568,-2.5424146675536914,2.144359802971131,-0.9070498202773524,4.606855800578664,-1.097320780101274,1.1845219645259846
44.0,53.0,244.1626892089844,-0.5834775854368317,2.8862520130533644,-4.90306057005119,-4.9323924748735,-2.389735127116277,1.7154172677364157,-0.3039097409688374,4.7216893126378086,-0.9960481805196376,1.2023048115756405
44.0,53.0,231.2955017089844,-0.5213986412028957,3.387770396509085,-4.9956058394153,-4.864622557202057,-2.7916414411375623,1.3128892877050706,-0.3366626050105905,4.846022053939249,-0.8033845060668456,1.512178978729323
44.0,53.0,270.2921447753906,-0.6681595808895588,2.2439728677084574,-4.995882759596056,-3.4533221369276297,-2.734327209377446,0.4961085441647146,-1.0139248085923147,3.28077829764858,-1.0201218645660424,0.9494750032837233
44.0,53.0,229.74038696289065,-1.5395615780027456,3.330036469697012,-4.8611139583506855,-4.988441243042816,-2.647391998515454,1.3048648679049937,-0.7709904185651961,4.913746543687342,-0.8080948494304883,1.5177103438003865
44.0,53.0,214.65216064453125,-0.7385283487221788,3.1505423844909792,-4.952995238290402,-4.997551101201364,-2.4149606415250946,1.5841420519810605,-0.5451903335424992,4.385180058120415,-0.6869175817521853,1.283482551868631
44.0,53.0,268.0456237792969,-1.1852642282893266,2.1954091895800207,-4.999999581450146,-3.979170441120181,-2.6572241376652035,1.5333288886790388,-0.5335531917479654,3.730795623373663,-0.9734423540540008,1.144488495907062
44.0,53.0,258.1059265136719,-0.7598546213915309,2.17231318907673,-4.869527916389865,-4.892060494025139,-2.120118889357572,1.7437840782471214,-0.6531524241837801,4.174086078743436,-0.9593169455743292,1.0899593655638051
44.0,53.0,236.37255859375,-0.4978564038424622,3.785540093658037,-4.999998976375742,-4.990688475763455,-2.660460278122276,1.0406162896168685,-0.4581513068358278,4.858538605939728,-0.8172835798589846,1.1482121099394431
44.0,53.0,195.9916381835937,-0.8786869638815702,2.650566538108557,-4.98164286471899,-4.975806302162362,-2.5423456617237914,0.8957164280458683,-0.6259135986254112,4.851794290087886,-1.0109427209405375,1.1019700334301934
44.0,53.0,242.0364990234375,-0.6565913670853316,3.188915792274827,-4.9346385640436505,-4.923173025874604,-2.4645541556384902,1.0678877519617238,-0.2589980495814252,4.673100188344327,-0.9075229345574752,1.9365183644860864
44.0,53.0,243.12942504882807,-0.9436422445841384,2.4009579078679755,-4.909470659164041,-3.656966233848032,-2.3382332531394026,1.1174996411342717,-0.8301883168090187,4.438396978028719,-0.996779678153743,1.517679887516966
44.0,53.0,268.6327514648437,-1.3165775157605744,1.3764746333443156,-4.942709654781955,-3.485017825161065,-2.5944502904515403,2.123380797172482,-0.8888848360852633,4.453996455782503,-0.9544280776978836,1.241247501521224
44.0,53.0,223.72998046875,-0.930205474702789,1.5171072073913914,-4.96774652016201,-4.878929299488313,-2.410874888004068,1.5098081475624268,-0.6629430848927855,3.6746526221444338,-1.063374174589172,1.2773546470905872
44.0,53.0,247.62969970703125,-1.3571540527647925,3.173807851496509,-4.960140604901108,-4.394195221630439,-2.0536467663579607,0.9819661322516886,-0.5410977222822755,4.597939403953436,-0.5810786483639676,1.2146982229567724
44.0,53.0,250.0088806152344,-0.8503860641774184,2.749466116859133,-4.983554912934134,-4.769833117589826,-2.152462657810692,1.6475604016636236,-0.476180967164451,4.58684090871413,-1.0890649883686527,1.7836883562164818
44.0,53.0,267.1870422363281,-0.937545817512568,3.2797514106666767,-4.660942998531088,-4.819819965331387,-1.5830939581000978,2.3816218024935267,-0.4291204421149333,4.653319904894996,-0.7095829464630423,0.8993060700587918
44.0,53.0,255.24169921875,-0.4802471453898596,3.1761213876799914,-4.995132821024353,-4.867311023069964,-2.539902863648967,1.8151145541566027,-0.8534924337832752,4.717849172605373,-0.9426360240314652,1.1590985546675867
44.0,53.0,187.3333740234375,-1.08318621184105,1.8496721897926616,-4.967163572754976,-4.87510517036622,-2.6133938334518545,1.3417887336719243,-0.5415428812661238,4.637405348241881,-0.638301069201618,1.0358548788617885
44.0,53.0,250.00619506835932,-0.7541857119613224,3.407550855255666,-4.733114133702214,-4.044976750371919,-2.052536161009584,2.513168083128896,0.0142862705908104,4.757576540738528,-0.6705141305112141,0.660035322106129
44.0,53.0,252.0296936035156,-0.9512151354142588,4.153337939730573,-4.940807090184434,-4.812285603686281,-2.450351288492873,2.092235886079622,-0.8559274287953862,4.936482360391231,-0.7966623363422789,1.1176796060146463
44.0,53.0,219.4745941162109,-1.0940251596123236,3.2422040834352543,-4.939526347129505,-4.785362235312851,-2.8243286761233217,1.7642468080449625,-1.0038157053469043,4.887350247496977,-1.1936911167514763,1.2716642643746567
44.0,53.0,240.0780029296875,-0.999853173659953,3.2321420474979554,-4.98239928028214,-4.922460728142554,-2.398523220710367,1.6006851222799598,-0.2851886337397067,4.479921470052862,-0.6970136002757101,0.6054917643485549
44.0,53.0,220.21044921875,-0.8087807844118933,2.574245385113437,-4.994218953191809,-3.156684969677237,-2.7080175903621817,1.1800588024045569,-0.5289403371461301,4.111226400050281,-1.086187191465526,1.549474652182882
44.0,53.0,233.04595947265625,-0.7228495335090743,3.265373926322603,-4.850765184488089,-4.439268444789459,-2.4045534440852427,1.531766301374046,-0.3903539023444571,4.535885405359949,-0.8321787237030813,1.051883305868813
44.0,53.0,231.1529235839844,-1.3485838156103336,3.0438270103721177,-4.997079966009649,-4.949993080517465,-2.94857536733788,1.301969673264222,-0.5247649121456668,4.671616163214724,-1.1103036795749754,0.872607581093364
44.0,53.0,208.85379028320312,-0.3606545809578998,2.7284504907932403,-4.996432418797881,-4.973266379988362,-2.6942172328937897,1.579352808786357,-0.4426404988963339,4.2595089767770045,-1.21693490150595,1.3051403544402431
44.0,53.0,207.28277587890625,-1.1960478045235892,2.756837353927547,-4.998955440700798,-4.999631826219646,-2.3719954854052205,1.0856832029649333,-0.5969603810635427,4.744716709785267,-0.7432372028895813,1.4448829108868289
44.0,53.0,251.5145263671875,-1.3784516361893226,1.7055616563989735,-4.925074915873485,-4.037031407638093,-2.8296408583369272,1.686958012030613,-0.593148993804105,4.317401342689418,-0.9913843634020898,1.5487210832745566
44.0,53.0,216.08287048339844,-0.9657240410946768,2.6637994443600066,-4.995638430886254,-4.203025342141703,-2.900614846018039,1.5135240103868686,-0.6730438061373203,4.755077549155187,-0.9091327981904715,1.2934490669091003
44.0,53.0,249.1257781982422,-1.0565984353337736,2.748738594416425,-4.942931173306033,-4.762406730656796,-2.301970355378505,1.461288519785727,-0.7319113410611724,4.929914571508647,-1.0144911383638853,1.1076316427319846
44.0,54.0,260.11700439453125,-1.4788963869922085,3.3997573416351408,-4.982421351963009,-4.036462990436717,-2.301301505685224,2.2367196989539337,-0.4071311253770746,4.430169876372235,-0.9924625496469694,1.262614886777361
44.0,54.0,224.29379272460932,-0.7121548251036609,2.8344449755482763,-4.889479438534938,-4.833580517952335,-2.480977906502532,1.9425552703582465,-0.4004366663643957,4.234527376155707,-0.8113370815840328,1.1884715224438531
44.0,54.0,230.2561187744141,-0.8049307512406445,2.5602332090556548,-4.997935083799976,-4.955459587760116,-2.5733503003551377,2.181557435904661,-0.3780340257749861,4.678207662714719,-0.7060255564673747,0.9338084325899628
44.0,54.0,209.48602294921875,-0.9233369018507434,2.7577200416717176,-4.93112723281528,-4.299230428949022,-2.8738349913938395,1.2677011598792278,-0.7875733568740575,4.396063982095761,-1.1471817126026609,1.2045714507234964
44.0,54.0,187.002685546875,-1.0465102115558804,1.7344632541695884,-4.9855623375455735,-4.997005068474267,-2.4796986449666933,0.7958601053286678,-0.8860934104574261,4.663248118468108,-0.777268235346007,1.2317156664671902
44.0,54.0,179.51327514648438,-1.021430447819642,2.4199991587784018,-4.956068601593633,-4.940596309308339,-2.7327686993824365,1.384220335255697,-0.4863668768172271,4.739605527108321,-1.1778669033638267,1.034769609860397
44.0,54.0,220.25698852539065,-0.9037782399664164,3.1057873360696657,-4.965083003658588,-4.850388296912045,-2.348517612269906,1.595035273430682,-0.2356331596379322,4.424884531655447,-0.8008388765811638,0.9764303506729012
44.0,54.0,234.43788146972656,-1.4245713498127763,1.7926955021447988,-4.86670945952419,-4.717681059290361,-2.6887959671195496,1.253613714148857,-0.8708865620719326,4.540984600279074,-0.7780958486681486,1.3098222589541848
44.0,54.0,201.68801879882807,-2.08307153482453,2.042981065933721,-4.869600011588862,-4.994979043008398,-2.442046243924165,1.3884920780133916,-0.5658328508219501,4.9505504447845965,-0.7967468001567388,1.1622766543327805
44.0,54.0,187.7574157714844,-0.8076754453784964,3.6598033774747454,-4.841797283393976,-4.992826715164633,-2.43638778200458,1.3599354255239249,-0.7052861138776558,4.8649383809048246,-0.830512355898664,1.0621048142721925
44.0,54.0,228.01736450195312,-1.7329428863421708,1.7232521428259462,-4.932532534858577,-3.910013472431535,-2.439995310656333,1.503556110106043,-0.8703500558001611,4.2383796440687895,-0.7811895690225077,1.3995144253058935
44.0,54.0,188.6464233398437,-1.0906751286106875,2.1290489323109307,-4.976794359684157,-4.395703186942307,-2.361972246440844,1.822845611602717,-0.4884006712486162,4.445918466230879,-0.7665183927401911,1.092603285579239
44.0,54.0,232.41928100585932,-0.6879438961355282,3.5525190929725703,-4.998620884833,-4.366394306488557,-2.761780649871068,1.5830968418881677,-0.4821585436106357,4.272528789640544,-0.959671410755928,1.5693517434021889
44.0,54.0,244.69070434570312,-0.8222604073824185,1.835536458047697,-4.900705365541715,-4.778768084431735,-2.2660901930682424,1.5134362043025398,-0.451066585804492,4.024664647585659,-0.6625226691016026,1.199006849065447
44.0,54.0,244.13720703125,-1.1770625814551146,2.6577270668036608,-4.998841353380472,-4.898632500382508,-2.5424142530968066,0.8085586119063004,0.2606360006219388,4.773185833116717,-0.8247360918659128,0.8113897151928793
44.0,54.0,238.8310546875,-1.0617586697355024,3.6382308392162592,-4.967934838105898,-4.668222306404092,-2.18942900031986,1.6346709704793607,-0.4334142915775167,4.847034703995854,-0.9493660804045234,1.2706594154665574
44.0,54.0,212.04473876953125,-1.4215481294700414,3.6224320671408776,-4.9644914592003,-4.8542587009192815,-2.3773829632299748,1.492784022545779,-0.5984187894395969,4.682217442818931,-0.7207482094237889,1.2645608060382596
44.0,54.0,277.96075439453125,-0.7785109738148721,3.772398390664725,-4.970617921586432,-4.706550432358883,-2.8436311749317182,0.5136915375311268,-0.5185015840527836,4.938243201326731,-1.0022070502300506,1.6934495733845285
44.0,54.0,219.6807556152344,-1.410345650687117,2.5316828222863528,-4.998684773323859,-4.999942362767042,-2.685444638061686,2.098492431001805,-0.4728415847972265,4.816780735378647,-0.8869799534608589,1.3114179066057303
44.0,54.0,208.2210235595703,-0.7091515986437198,2.5558911688119323,-4.99988803748379,-4.996632954124824,-2.519379897991319,1.1540092699582498,-0.4967382136350871,4.8381057462767725,-0.915566138537626,1.069228510721004
44.0,54.0,218.7429962158203,-0.9848989279250188,3.198718669061249,-4.959407537097635,-4.968266279464452,-2.505955038414341,1.5412192552278174,-0.3664440362227594,4.857011573859284,-0.7494230719488977,0.8073450314716935
44.0,54.0,193.721420288086,-1.0731655521431094,2.3159109785876044,-4.999276946047374,-4.919174324374039,-2.619181094013344,1.1761242444505928,-0.4829033605252935,4.452000001362213,-0.8236662230864011,1.00561695909337
44.0,54.0,204.033935546875,-0.3564865206207868,1.996184614947088,-4.608949724071607,-4.885350132070347,-2.4336286139915506,1.7674045983690148,-0.4858407308506507,4.363607783338232,-0.7640270533088263,0.9488876448107444
44.0,54.0,206.20245361328125,-1.1631961175530114,2.584916121804257,-4.971401268284341,-4.977323540852996,-2.104774796125855,1.4453100948268292,-0.543587276390312,4.516647795613872,-0.6758109836729851,1.3637478575215587
44.0,54.0,202.572021484375,-0.7307413931282127,2.948881625887376,-4.980662100780127,-4.974835323837438,-2.4446090608870588,1.3232681575751355,-0.5496881591786797,4.508436027088358,-0.8818873447365911,1.2948302867916386
44.0,54.0,246.77801513671875,-0.7562863470199499,1.320321720069285,-4.988546745578365,-4.443654322162063,-2.917299550228076,0.9218584046564686,-0.5419251293327214,4.260900747781056,-0.9440930106203912,1.487623672980888
44.0,54.0,212.20704650878903,-1.039534072622442,4.441432491818633,-4.992151244705677,-4.999856684054306,-2.278721931030284,1.814173822820596,-0.17571329886289,4.9425811860914575,-0.680812091116505,0.9786939950233968
44.0,54.0,227.6473846435547,-0.784945391167386,3.24844889120412,-4.963652499695245,-4.856111167897235,-2.62461395258366,1.2707388396154051,-0.5285415684019314,4.694001211380801,-0.953876434403921,1.4908857980350645
44.0,54.0,209.9473571777344,-1.316961455971415,2.304200737946428,-4.9714409730679945,-4.979360863125943,-2.4433103146391897,1.4455513183265278,-0.399565653258179,4.687823062560705,-0.7679984134746674,1.2925117355334494
44.0,54.0,233.16783142089844,-0.5908233524609043,1.9652175619761856,-4.970168151431908,-4.465940688828376,-2.397019613624068,1.822186020248763,-0.5379708804611418,3.747038056761566,-0.9784914430198004,1.1886968802349882
44.0,54.0,232.91485595703125,-1.471312645906818,3.5349490057064763,-4.997806648190318,-4.738418879315297,-2.531711196078585,1.6755206592685932,-0.4615452654415897,4.823342225976367,-0.9846795847162566,1.060094727232782
44.0,54.0,229.15481567382807,-1.6421542768358406,2.8093719188578605,-4.996187928341346,-4.190494381811861,-2.324672703868589,0.900961428390988,-0.4068338943446132,4.404145764674475,-0.9310243577897,1.396806076663748
44.0,54.0,224.7807006835937,-1.244192716697889,1.959777401215524,-4.999740791021511,-4.46914629862897,-2.302548476914727,1.0268687646149246,-0.5437087369155149,4.62889034010546,-0.7595672272310487,0.9342566555589203
44.0,54.0,182.7009735107422,-1.069704571608419,3.348591313544169,-4.995506232508603,-4.9867912044471305,-2.671440429293962,1.4818376175460903,-0.4848182441390891,4.768688518147657,-0.8243233065441933,1.0574525793691327
44.0,54.0,212.0139312744141,-1.213750745920978,2.902412983301083,-4.974891439327052,-4.787631296630194,-2.3555460589969126,1.8485343142328468,-0.4359729628353781,4.7654663729729165,-1.0559891418635772,0.7351550640101596
44.0,54.0,220.25035095214844,-0.8218251854862331,2.259481259124665,-4.857260146212263,-4.955847010739642,-2.419780187820828,1.810591626833963,-0.3534757154749801,4.77103653044807,-0.9001883150091814,0.6887441649890178
44.0,54.0,225.93487548828125,-0.7261439318806628,2.610639820933879,-4.95835672566233,-3.7383574091241023,-2.845257445451537,0.9400579399912684,-0.4577349874364236,4.109494221347244,-1.1402541362835397,1.133203113114054
44.0,54.0,250.70086669921875,-0.8814516057629955,3.205475018057003,-4.999904939574783,-3.2334553378284085,-3.11155300339758,1.537072874741881,-0.8425765827330185,4.434197196552956,-0.9110628621688316,1.5750171002987292
44.0,54.0,252.7186584472656,-1.2275481964065529,2.8704762197660614,-4.937125342348767,-4.658621020779389,-2.335489650656662,1.5739801942047134,-0.7079194770851895,4.388902844317432,-0.7279249896269677,0.857263889866231
44.0,54.0,207.96481323242188,-0.8426643305920987,2.7185029884779057,-4.973901138986639,-4.995153882126539,-2.767015225674005,0.8148970530252599,-0.6152431286444537,4.91091014361653,-1.0822153528511298,1.0949955077664333
44.0,54.0,235.8463287353516,-0.8820193306030077,3.069378103738874,-4.8700089462388085,-4.845765524939797,-2.598896550993019,0.8465538701375861,-0.3842306544653171,4.887602397624319,-1.0090402294795937,1.5276063180553034
44.0,54.0,192.4747772216797,-1.6560642866364872,2.755771692773891,-4.9963649394725405,-4.3194191479075466,-2.61067990506534,1.325630371450723,-0.4826603509440481,4.796118100650675,-0.8326859596121681,1.2004017782496037
44.0,54.0,237.6710205078125,-0.8739927976714679,2.7502188627690085,-4.939263397628467,-4.94778755167248,-2.672092591887142,1.7207266978909894,-0.954649571686427,3.802559920227175,-0.9664534259849172,0.8691767628082792
44.0,54.0,243.7489013671875,-0.5928589454634086,2.26674851063018,-4.961700004449683,-4.955735965067811,-2.5345859696755784,1.6878994218991537,-0.9282226819365728,4.219286313764117,-0.9051256507250924,1.359060000024538
44.0,54.0,217.1892242431641,-1.1160890562122794,2.6884555063062496,-4.999450762051156,-4.7554282766265406,-2.397397233663696,1.3972903129148442,-0.6992286685327151,4.566425570721666,-0.8182207614205286,1.0848760768655366
44.0,54.0,205.761962890625,-1.4751532758772177,2.688373963330484,-4.994665273467692,-3.8760254967747247,-3.01658284769277,1.9680498783027245,-0.6054185953924911,4.386769912750525,-1.1178115036745775,0.9505908158674146
44.0,54.0,220.78240966796875,-0.4596696960254123,2.919998066626464,-4.969569064532115,-4.38549923252126,-3.046255777475181,1.752226707728525,-0.8304832771001767,3.8672181163759127,-1.1028588956729752,1.2612445570895945
44.0,54.0,209.4085235595703,-0.872075268416987,3.200230436535577,-4.886762365906266,-4.999604917288145,-2.544177605546878,0.8932168263001135,-0.6444488670148232,4.497808231363527,-0.7563011054926996,1.084355827321862
44.0,54.0,215.40045166015625,-0.63168640739441,2.763096639658176,-4.897067913931575,-4.87249241392385,-2.439187705571444,1.5269485582615303,-0.2907801078976693,4.742017827533219,-0.8413088637678836,1.2460506587018774
44.0,54.0,213.9812469482422,-0.4541444527942975,1.8237542875675568,-4.8098030667177305,-4.975086205990191,-2.3050191059988574,1.8273235657767817,-0.9120752545180676,3.7092340741560186,-0.7707898479290245,1.303606552142826
44.0,55.0,228.154052734375,-0.1267905797654789,3.399883803906312,-4.862139524827333,-4.995867609315124,-2.516719694206084,1.5458278598976696,-0.4432506523755393,4.554001065183851,-0.8923631763692894,1.13687560000844
44.0,55.0,240.332275390625,-1.1307635472670996,3.2869114696645134,-4.997477157573452,-4.167635097246464,-3.2658291142772087,1.6308091709327517,-0.4348686598561482,4.782213682848731,-1.22859201617565,1.1667938216926208
44.0,55.0,267.37286376953125,-1.4771058347563724,2.377389803127887,-4.996238588036739,-4.999993994571979,-2.147866367360516,1.4091721559026151,-0.3858871835090642,4.976416695983801,-0.9375862829376151,1.254804022999739
44.0,55.0,231.17100524902344,-1.03050793538758,2.209444745595885,-4.9660137896402246,-4.112629448222101,-2.129274945551831,1.966884679200522,-0.7383243775283574,4.407876051692055,-0.804332373632163,1.4336374185080123
44.0,55.0,244.5590209960937,-0.7462841725259315,2.9684823905552813,-4.79401033750758,-3.6213554575597753,-2.072966208002103,1.2217464384586911,-0.7936614754599516,4.591987860823336,-0.4817879182644757,1.442811444389088
44.0,55.0,255.92877197265625,-1.1408083883325455,3.3413414141986983,-4.993785990497164,-4.96984674299715,-2.767190596615716,1.705290992623838,-0.6937333161817882,4.977105432077631,-1.0593685310405836,0.8476388446971157
44.0,55.0,206.572998046875,-1.148272027979353,3.383521428783851,-4.999641241062669,-4.274800303081467,-2.99281414019936,1.2542140710394385,-0.5326622110679669,4.7003623027275,-0.905406473200646,1.1660818759651592
44.0,55.0,193.3380126953125,-0.9171753337830796,2.642622758993988,-4.999757231065024,-4.999597449196109,-2.554910504791507,1.0106319284038037,-0.3658775217007362,4.710647856931885,-0.8087769883326903,0.9751679021157456
44.0,55.0,237.2777404785156,-1.8079626590293727,2.657746693888736,-4.994594181676616,-3.7128242519317647,-3.0417415845300626,0.9957896922605514,-0.829998572085592,4.698296480961039,-0.9684335144652908,1.4477652228340334
44.0,55.0,226.9906463623047,-0.9924849529960804,2.842439180157812,-4.911859817972274,-4.857234602177993,-1.6429713042389542,1.748838423170323,-0.4643691128134293,4.858871015529042,-0.5402829212707463,1.1455874020890562
44.0,55.0,199.01531982421875,-1.0403048865508966,2.755495456091092,-4.970357210330128,-4.628572235032812,-2.542972329837036,1.779425217509834,-0.9729147240181648,4.796208752439501,-0.992376659755295,1.2861681784897805
44.0,55.0,215.5669860839844,-0.961278119732726,3.4562583721478948,-4.97388151305368,-4.522396942999897,-2.566660743989492,1.7353540245611532,-0.7048064818587552,4.849967987325789,-0.9014232330077574,1.1315591977571309
44.0,55.0,236.96470642089844,-1.0332007064926252,1.766753871806844,-4.920440812624872,-3.9431737149987214,-3.310664059079929,1.6337696660645626,-0.4923987101760643,4.003089639868367,-1.3124172948366477,1.16745013889655
44.0,55.0,229.03271484375,-1.6008609655618065,2.8051868282996653,-4.895151161619469,-4.95580152894367,-2.488973022488288,2.4069435497232856,-0.7580509525375225,4.776042890646636,-0.9678275749214738,1.224296818866928
44.0,55.0,255.8140411376953,-1.1843219472929871,2.67978490083268,-4.999394433463306,-3.368937649567248,-2.9202085291906204,1.067738231092238,-0.7929223627390023,4.777022750517368,-0.9345554342927612,0.9559794237152932
44.0,55.0,207.49917602539065,-1.200830026480178,3.617268883028146,-4.987494569530559,-4.293498909930076,-3.168643636385336,1.1345135659149674,-0.5107253248887194,4.434386482688721,-0.8915315764072131,1.0963023678185913
44.0,55.0,223.5182647705078,-1.6553542416630758,1.6247429182182982,-4.996320584425513,-3.752361682438043,-2.7206423991609503,1.3500840501549494,-0.7906756416675522,4.596698299020151,-0.7691594314124863,1.3335988431560502
44.0,55.0,230.98263549804688,-1.5457626735960428,1.5906068364113342,-4.891535427313725,-4.112158978249839,-2.62829823733606,1.4050358744005536,-0.7122653258914315,4.830660393896316,-1.0613009439632122,1.3708835483292177
44.0,55.0,263.3680419921875,-1.4978595883129735,1.7028264633910286,-4.999623379909781,-4.99999840064545,-2.917144274561144,1.1749156948440476,-0.3841638511409497,4.932492884325692,-1.0848117949598328,0.864058128621723
44.0,55.0,225.50259399414065,-1.61338220368713,2.909241698067304,-4.983187652401453,-4.915886529365452,-2.347476600952244,1.409475325044359,-0.5570823158304483,4.826335540887023,-0.6694747867112287,0.9131095495255952
44.0,55.0,243.65679931640625,-1.4407271693761152,3.654138613787232,-4.990649721374431,-4.288911540535343,-2.3974337784072026,1.160502793159547,-0.7699680453345561,4.903139318933583,-0.8782174106261031,1.1208745506890194
44.0,55.0,239.9832763671875,-1.8850589862068856,1.2701575995031718,-4.9905954969823085,-3.952885679359935,-2.515041649246151,1.1377279204572854,-1.0619077980916498,4.707872425839227,-0.9748382995378826,1.3903976301131935
44.0,55.0,226.3682403564453,-1.1599955638469046,1.754148701074608,-4.983167241781211,-4.844776318530888,-2.3569715021503823,1.6644483475478724,-0.4652224386788903,4.228524955217672,-0.8328440574757963,0.8811515354165103
44.0,55.0,280.3618469238281,-1.371478657648983,3.3158043812871334,-4.898420262175221,-4.866707448003604,-2.837385423329187,1.042283089334509,-0.3739602127428671,4.672189212384248,-0.9696581103171988,0.8293157349421065
44.0,55.0,256.5252990722656,-1.0014350672679262,2.2835853368441903,-4.992764776061957,-4.363693097914934,-2.8147017994109644,1.21698198770083,-0.7543077342770008,4.6455060710868885,-0.9333697871262734,1.0991843963486714
44.0,55.0,205.7821044921875,-1.151799645180589,2.688009741845652,-4.820035953459652,-4.437936913395932,-2.5177740185876867,1.0072337734459689,-0.2636622555983301,4.85196177820068,-0.635836231907275,0.7423015468539482
44.0,55.0,245.2895355224609,-1.6779142686146642,2.49215521703447,-4.975744995139101,-4.492831595719279,-2.537033917812221,2.049387752982506,-0.7568489347012051,4.813387590845583,-0.6127177395831191,0.8016960729673652
44.0,55.0,194.8048553466797,-1.0413177987495543,2.1613672961309227,-4.986446069309991,-4.798261043667107,-2.549858614278344,1.771484929279695,-0.174719646916853,3.891145395734956,-0.8493746941190432,1.0305044793624365
44.0,55.0,192.5526885986328,-1.0469708423727333,2.4201407553999967,-4.999992551309674,-4.934889750495978,-2.5764710373020754,1.4280311571053517,-0.2696510665639176,4.322919531038224,-1.0521229147927569,1.01652469943605
44.0,55.0,240.06863403320312,-1.431268482379548,1.739898983459268,-4.98819777652274,-4.684223299735479,-2.61472642734176,1.3896892292633778,-0.2146805362250639,4.749887638329922,-0.983088410105336,1.1720407040364194
44.0,55.0,242.5816345214844,-1.6512119121300102,2.580125041348361,-4.999968382798242,-4.999973652740327,-2.158122286265799,1.3063905107359304,-0.4615127869538113,4.93159636672706,-0.6661648777883791,0.8309720045638365
44.0,55.0,244.1307983398437,-1.1992947861159011,3.84829362683864,-4.959561573798944,-4.978798872812904,-2.5760645267839464,1.9964208012614453,-0.3467123584291798,4.8265752450397095,-0.9079055088266256,0.8369249070416824
44.0,55.0,261.11187744140625,-1.6568152135233485,3.3947278467500226,-4.9912937643014486,-4.898668176290755,-2.4146729043996555,1.117930763799154,-0.1971095954958244,4.969770694499685,-0.6468468798250351,0.8377117467695712
44.0,55.0,270.17926025390625,-1.3881567649233535,3.024140881505941,-4.947722730327914,-4.181346513534515,-2.69338747659576,1.557661606750241,-0.374597042011743,4.818207737539243,-0.6502752059929051,1.1535960648207428
44.0,55.0,273.01422119140625,-1.7636240508516683,2.1015009615351845,-4.966093004582538,-4.80670079887875,-2.426557256298953,2.147343467115052,-0.316427344111803,4.573486584465977,-0.7493236100174485,0.5273233707271316
44.0,55.0,247.67999267578125,-1.038198917390153,2.858498077993641,-4.990519539342129,-4.998354613547297,-2.6578119565054275,1.0515565596381844,-0.9014377072000004,4.94346128441841,-0.8940171681002811,1.1308635579410362
44.0,55.0,243.569091796875,-0.9004131635917769,2.8900733884687577,-4.935551996885146,-4.652182454763916,-2.6009304531249184,1.1897349689165129,-0.6799191338812705,4.471541840955368,-0.9645434690070278,1.6919649245394108
44.0,55.0,245.78659057617188,-0.9284978187143896,3.309116503765651,-4.911093159975815,-4.601954621807312,-2.867907523469779,1.4877974510342025,-0.2853346900959206,4.329154621771323,-0.8698181563788534,1.177649773187719
44.0,55.0,216.4202880859375,-1.7496880130385866,2.712622480604104,-4.97968895145179,-4.9880667945011234,-2.507693864400469,0.4178973091625284,-0.5906395648384084,4.850400919275046,-0.6818519059704862,1.1326024688947287
44.0,55.0,254.17987060546875,-1.1491505199265268,2.212318455567216,-4.921402654792971,-4.712636832192005,-2.101091597255408,1.2100838678991792,-0.6993502208588254,4.646101875786272,-0.7710183166750593,1.153243788400009
44.0,55.0,265.400634765625,-1.7857302660684264,2.1290130087403387,-4.977268050834244,-4.950782983841831,-2.349265511012397,1.628087286374483,-0.6575799047451261,4.968878990693925,-0.6703645610937032,1.242656690531895
44.0,55.0,220.15023803710932,-1.8692709793394664,2.935730290495945,-4.997570134796939,-4.998032012171609,-2.473817912483512,1.170415822747079,-0.4955659600261608,4.805001654318572,-0.6747784172502449,1.1209769007676451
44.0,55.0,261.99322509765625,-0.9177932227925742,2.220336520650882,-4.756804963928529,-4.9697965551812135,-2.195124063867722,1.7153329190701123,0.1059528108479952,4.408508527899523,-0.7416052879687465,0.8846437690939215
44.0,55.0,224.8435211181641,-1.7994167650045738,2.0779383340880706,-4.973707426055671,-4.996349229335469,-2.5076965284939643,1.8862757707641944,-0.6268100006032951,4.4637773505498295,-1.0182401262345215,1.1714440398027106
44.0,55.0,237.1805419921875,-0.7936842361945393,2.8211321061538417,-4.992870072942034,-4.67507492951432,-2.062411655716975,1.1161318900759871,-0.7126068796656595,4.709741044190634,-0.5289662772894568,1.0571703676176387
44.0,55.0,226.5742645263672,-1.0211289549429337,3.247919470443496,-4.994513080221069,-4.832681233013465,-2.5754157930316754,0.9415287752017516,-0.413490495109464,4.912816135421966,-0.9246855111382316,1.262878808119229
44.0,55.0,274.8283996582031,-1.4684987652974215,2.425435194751717,-4.999031829967355,-4.942620993457334,-2.2053594854171585,2.1529879324271235,-0.6421053017214629,4.50982507325995,-1.0070665826551035,1.2300945072432947
44.0,55.0,256.2987976074219,-1.390474873160299,1.359969946707479,-4.994667141078203,-4.987242168861546,-2.7780639580317583,1.186200563744113,-0.7819819629084854,4.800047313168264,-0.8858687685347935,1.38414855720887
44.0,55.0,234.65328979492188,-1.4333699450744146,0.7244228591954203,-4.894718524790537,-2.8925339155763985,-3.324463046554456,0.8475528245265815,-0.6544936757147122,4.680790664969617,-1.4268605472322289,1.368164242812795
44.0,55.0,223.55084228515625,-1.517162466129678,2.863991784724913,-4.9900409610493535,-4.892937175653608,-2.243645729916139,1.4718434725192786,-0.1472735306784942,4.84662805328972,-0.7598946745580877,1.1009528686163712
44.0,56.0,239.4746551513672,-1.395586374100573,2.7490772724675185,-4.9884101822919975,-4.849306684609775,-2.922043086715137,1.6931141703662789,-0.5177750573175803,4.365682152936069,-0.9536932428589004,1.149816634607194
44.0,56.0,214.62094116210932,-1.2205105598376509,2.435658898922119,-4.9629349449146165,-4.929913254394243,-3.16093801875556,0.9951536433025776,-0.5098605321552521,4.71135379967593,-0.9860032571677744,0.9985050887174518
44.0,56.0,219.3863525390625,-1.3019476068836222,3.7846656646971866,-4.973720393565107,-4.990511703329469,-2.4373892803703203,1.1530730716108089,-0.6446207582534091,4.658625379119837,-0.8585827226281699,1.348763505189999
44.0,56.0,187.9979858398437,-1.3092854441892388,2.914127760477818,-4.979116347562415,-4.880624551655329,-2.524604375314798,1.2218350148730313,-0.5878650426165439,4.842449330388138,-0.7857110551437163,0.995344873386964
44.0,56.0,236.6685485839844,-1.26923191619903,2.8943004628039573,-4.997816397571492,-4.961557776768404,-2.063939605092177,0.892760962283397,-0.4868210844260057,4.948710478170886,-0.6080379809962109,1.5173607653211176
44.0,56.0,201.6644744873047,-1.8392600742186485,2.527243934418707,-4.98707725617341,-4.960311014023831,-2.4340392828895627,1.345376184856649,-0.2055032746502316,4.666969990560073,-0.7154490542310405,0.9384948570892416
44.0,56.0,285.93194580078125,-1.4951838920235878,2.970889040901172,-4.999011623395948,-4.130973525771406,-2.928863940173384,0.5905690858319304,-0.4061384226232745,4.628841940842984,-1.0595000364126954,0.8798893088692417
44.0,56.0,201.01431274414065,-1.0643142760594468,2.2805400287189013,-4.989317904968674,-4.812938863319178,-3.013053032805701,1.2761910572554012,-0.5674366715661092,3.9835245884919104,-0.9382365302486404,1.307140333001385
44.0,56.0,231.99038696289065,-0.8481447610745949,3.3121675014420795,-4.991932115900633,-3.81669842116478,-2.7084035935533604,0.912905630556593,-0.2966870383662625,4.629668419934285,-0.8772233122525055,1.070058892205374
44.0,56.0,261.79156494140625,-1.2298458203171374,3.176853892607511,-4.938202775757961,-3.94368726583038,-2.526244053295672,1.9190189375857507,-0.3051733387110902,4.487428535996843,-0.575776302660369,0.8516883331670027
44.0,56.0,201.5562744140625,-1.0683521515356746,3.4725514067434773,-4.999197920279116,-4.880270766164678,-2.5102325087054487,1.7366498284071792,-0.6134520383329809,4.774652541606931,-0.933023197639046,1.1068468720270772
44.0,56.0,215.6862030029297,-0.9316655695211632,3.026799968004985,-4.991255226896828,-4.258747367139359,-3.07540781301093,1.739441358424363,-0.539270481239889,4.607307891582357,-1.10027123439857,1.1101023540990518
44.0,56.0,198.98785400390625,-0.8756475090762628,2.655510484939869,-4.991890460045373,-4.947341163138343,-2.605346016231272,0.6308236580157098,-0.6236357566285626,4.712930342427983,-0.8389427680852783,0.9292960926313584
44.0,56.0,259.9744873046875,-1.3611859681256542,3.235880618766812,-4.989607840718254,-4.759500734106784,-2.8085925074025564,1.1927602571982012,-0.5128270328091746,4.23961919168258,-0.838529887156354,1.1336575621631804
44.0,56.0,223.3204345703125,-0.9107236291341616,2.813646338029341,-4.970686767559718,-4.7521813686267285,-2.6406268708898653,1.5273779674080936,-0.3857146127897701,4.397221490287258,-0.6818630192624315,1.2813387993925265
44.0,56.0,203.1810607910156,-0.9272807809010128,2.909580999797541,-4.97359565122525,-4.975037701627673,-2.5608901666347847,1.41825224824339,-0.2100268019445472,4.663546965830291,-0.9033574576045442,1.3983537751724384
44.0,56.0,247.06802368164065,-1.2933285519848656,2.046919827180213,-4.989505745887041,-3.8583002871595102,-2.5920531412580026,0.7431961605330759,-0.2357068442076553,4.499222223853847,-0.6173849135096265,0.9324595316819392
44.0,56.0,219.3575134277344,-1.1733349678660003,2.102715516478881,-4.921548536474019,-4.812828974890901,-2.558540816085921,1.567834460206293,-0.8611290061782793,4.307614954238595,-0.8228734670155093,1.2772474594507628
44.0,56.0,224.79981994628903,-1.7582922993082857,2.31046987189056,-4.89967008702388,-4.313843740674143,-2.313381906812935,1.5263021840900146,-0.7203964080600089,4.343921495068896,-0.8140301352329322,1.019653655372483
44.0,56.0,248.4153289794922,-0.3689453933950615,2.2378896111807087,-4.999917307902738,-4.993520096906744,-2.783385415020235,1.6480306533293456,-0.4059873029216305,4.755047099099409,-1.0615740824582165,0.9610684448283447
44.0,56.0,212.44744873046875,-1.0316003343616869,2.5045102178888854,-4.849717515106091,-4.817912523522747,-3.057001050948971,0.9686933073846388,-0.6631012153857352,4.07265401562127,-1.053830012428207,1.2556647240120524
44.0,56.0,253.7007751464844,-0.9229246453452592,2.356910725533962,-4.9985225339770425,-4.726836590399008,-2.6944327509237604,1.122951288599543,-0.4864065512833058,4.4425366987193335,-0.9985909526897884,1.139762895284168
44.0,56.0,236.030517578125,-0.8190865669562548,2.7199922993619365,-4.9471441128619285,-4.570864022434431,-2.867743796305557,1.3418146777727689,-0.8358810156602905,4.432214396560664,-0.8868882856901426,1.1649614096223049
44.0,56.0,223.54556274414065,-0.9319140655872422,2.398823774898398,-4.910039771736207,-4.9872093063087695,-2.4285074486934137,1.6281182977362825,-0.5711748839783759,4.251801692071966,-0.9780572976580916,1.2362459929499137
44.0,56.0,200.08023071289065,-0.4674386543521933,2.9138344979155653,-4.934666005285228,-4.99030852178006,-2.565087026403553,2.287226678298204,-0.4830516771386079,4.370490939791807,-1.0913358766670944,0.728573590325805
44.0,56.0,196.7357788085937,-1.06263133067616,3.13648539825202,-4.996723792999047,-4.988485420137746,-2.5464850047329914,1.5744608637555857,-0.4627909858243617,4.7649337645363765,-0.8114001633090346,1.052441360221667
44.0,56.0,248.2570953369141,-0.8214339442418908,3.378067325576005,-4.96616591629091,-4.9589413011719286,-2.266408582591652,1.1123548057669002,-0.3418596077287184,4.716045601254187,-0.7071162538779854,1.475878228227229
44.0,56.0,200.36715698242188,-0.8735491445525065,2.377156709698842,-4.95332523524434,-4.302238369088608,-2.54751400584548,1.2450743931668835,-0.2099840804130437,4.385439284103745,-0.6933110367410436,1.0840396055805268
44.0,56.0,249.19757080078125,-0.563495832936928,4.143064857269756,-4.999440542488565,-4.999876553816623,-2.336229268926217,1.2606948234399882,-0.371681958336727,4.429611328970781,-0.7072386866364084,0.8831546495520746
44.0,56.0,215.3970947265625,-1.0690789727754568,3.265469682664703,-4.998799504921798,-4.517335647265368,-2.060664715704688,1.5089293818096907,-0.1797522766486947,4.86746324815919,-0.8491063613483982,1.1189302463252462
44.0,56.0,241.48239135742188,-1.5597466075245645,3.613196962299101,-4.942576880985298,-4.834514926599523,-3.01855495320418,0.9480109121239488,-0.7861805393881438,4.654716261450721,-0.9683017730325378,0.9771092976145912
44.0,56.0,212.84060668945312,-0.7652769489823799,3.070489528558104,-4.938399058145996,-4.999995885123301,-2.019519053608704,1.3947758635788876,-0.2097510427950544,4.702858651108556,-0.6625765127124223,1.04589366666546
44.0,56.0,237.73667907714844,-0.6264334601586556,3.4396062759136043,-4.969742876353887,-4.79927182402132,-2.566563682368082,1.5390586153371704,-0.4746515207748203,4.883086124297272,-0.6290802223570084,0.8074089323988218
44.0,56.0,217.1061248779297,-0.9172163291862532,2.186163431035199,-4.991726878303716,-4.971978505207408,-2.4593142980479525,1.7699439175637854,-0.3959717345793665,4.3115802637077945,-0.8436197880991312,0.8830908133248885
44.0,56.0,210.27618408203125,-0.9002900281861432,2.466023544090921,-4.989131427487935,-4.833116375523162,-2.5593666367672907,1.3618644138932687,-0.5067947668889197,4.470874984168008,-0.8989958040090107,1.4495592492729514
44.0,56.0,230.82760620117188,-0.9103185982797122,3.0496827454909727,-4.999804663858062,-4.90355513203715,-2.1861096856476667,1.440989047819686,-0.2592888469966583,3.705178938618282,-1.1124318475783443,1.2960486927073154
44.0,56.0,235.54307556152344,-1.259759225383732,2.5198100684310383,-4.992660585926507,-4.980088053285784,-2.220876853449476,1.6868209885951613,-0.2832326234868718,4.332302919611886,-0.7327243929921448,1.125981904468068
44.0,56.0,225.54998779296875,-1.5323626597087934,2.763411504322244,-4.861132952106222,-4.352239933679294,-2.87995209231262,0.8903103053352908,-0.6471489690488248,4.404640264015866,-0.8858003074117935,1.1998597762111558
44.0,56.0,225.12319946289065,-1.3734250031682187,3.4772774092567342,-4.932101053633973,-4.873553738280899,-2.581742013752512,1.4669282337013598,-0.320860439484453,4.792309221954687,-0.952324766454459,1.2634494963922671
44.0,56.0,229.10299682617188,-1.385176543442244,3.6639696171601024,-4.990927610173463,-4.704606490215372,-2.867106601255351,1.2881405766864216,-0.5732651535470845,4.736589876613742,-1.0318770343371253,1.591510352119375
44.0,56.0,220.8365020751953,-1.0760419388039684,2.5635014048198803,-4.941637602796893,-4.106563374418894,-2.5146807318750843,1.0891607515184587,-0.2862299704960556,4.702432213826153,-0.594233462091684,1.0445355513304913
44.0,56.0,231.61477661132807,-1.0244910756873151,3.318691504848756,-4.948887368316464,-4.807498166036674,-2.743283700989321,2.03828050980807,-0.378146183153305,4.4328498152225055,-0.8933308848413617,0.722926062006179
44.0,56.0,222.441146850586,-0.75498349353155,3.843124590176864,-4.997217847157018,-4.983882871057057,-2.704577895493173,1.0851082467485045,-0.5031486036782518,4.810991637021086,-0.8558292101615779,0.6556815044487969
44.0,56.0,250.12713623046875,-1.6752605844978836,2.197821387237381,-4.950768992210442,-4.970489308453891,-2.4531762380592808,1.5867461226770256,-0.5528147888175239,4.544715815573344,-0.903453637525466,0.9383349829062428
44.0,56.0,256.0367431640625,-1.1295169491052803,3.3369874840265723,-4.98269632888916,-4.616088399176323,-2.712173499375856,1.3554069794919243,-0.8286926727563602,4.154795187578726,-1.009420750708887,1.1892586034998152
44.0,56.0,239.593505859375,-1.3742933480905095,3.227844884429352,-4.899190328718441,-3.077340174520928,-2.931607945123996,1.787153041593542,-0.8029090597009025,4.806791783962211,-0.9213652893718632,1.3004326095269103
44.0,56.0,244.4667358398437,-1.459038952494952,1.4089445542017405,-4.999999931572559,-4.759501114562223,-2.957056851111913,0.769713766327409,-0.5630201871489904,4.392341683604323,-0.9754250741352806,0.6634816035497861
44.0,56.0,217.00587463378903,-1.3335453187142663,1.941987145971744,-4.985352747408424,-4.199694327253198,-2.547328341388349,0.3412333646738936,-0.8809347016696103,4.8187915672781685,-0.8160167056679866,1.1963034353119395
44.0,56.0,244.29791259765625,-0.2490335324254342,3.264479219837842,-4.963936453677898,-4.993703052912597,-2.5708282573159504,1.5112209411733124,-0.2965547753284037,4.192461149503771,-1.0603750969330616,1.4683224778903323
44.0,56.0,238.62857055664065,-1.987435552375981,3.00290858417322,-4.747431003375625,-4.372010266267171,-2.2898371994488977,1.7165537729562397,-0.3791189285688041,4.727837728222946,-0.8400774146458296,0.8918767049994925
44.0,57.0,230.0546264648437,-0.4146279618312656,2.144288075487337,-4.987182050853961,-4.181808799947343,-2.4311373134904124,0.990255134833598,-0.66473998445829,4.289270184772974,-1.0743549180355938,0.9630367606010868
44.0,57.0,222.6995849609375,-1.0319612611971096,2.529615546868503,-4.95086863655187,-4.5455707600891415,-2.5945830019580662,1.5385264677386354,-0.3301543154320452,4.59936308643176,-0.8367789509214489,0.9546030861370084
44.0,57.0,255.8904571533203,-0.9265067617257968,3.150222591854467,-4.979825853950881,-4.990870596763999,-2.2622754173682456,1.6345752368317594,-0.6718644561792084,4.357456373410184,-0.6210472658933801,0.8527906994772296
44.0,57.0,239.14096069335932,-1.0635293030150583,2.427781988518668,-4.943455353518112,-4.897165841945185,-2.35902865045065,1.5387044557201044,-0.7360507983443787,4.390260799393609,-0.6036008548479552,1.1886825378109815
44.0,57.0,218.61851501464844,-0.7365219393335725,3.71315874257378,-4.95350953106275,-4.995366598835506,-2.4557133421298856,1.784425525563594,-0.4581409224116664,4.684234768341742,-0.6834515383328741,1.1299362843107987
44.0,57.0,231.54684448242188,-1.1304547590716756,3.5271393086932594,-4.990989985247986,-4.693134452965232,-2.366075352387801,1.5737474953491004,-0.4434083470122152,4.890460313418124,-0.7824848110910425,0.8558160538761257
44.0,57.0,259.6686706542969,-0.7026119889370941,3.0864468302983443,-4.9964990906413815,-4.891477779824878,-2.7246388373653345,1.892377194549492,-0.3532508594190888,4.534186045649939,-1.035965889776965,0.9438579972317998
44.0,57.0,237.4869842529297,-1.1441839773708224,2.56560141818105,-4.92941128545376,-4.760526254880679,-2.833223802476295,1.5730528189858948,-0.342214222065599,4.410042952060936,-1.107404053785777,1.248790494064024
44.0,57.0,242.743896484375,-0.2215452189680204,2.5212295513083305,-4.994017355204363,-4.676575382406592,-2.834395123016303,1.3967615726773177,-0.1544981324619669,3.695841213492404,-0.923959446128185,1.0928761598748649
44.0,57.0,215.384033203125,-0.8526052817187928,2.517067039217171,-4.995258147892463,-4.461534493640792,-2.307115959196713,1.8930773638250928,-0.4775679637606629,4.682761301106343,-0.7188596687702384,0.8794156899770442
44.0,57.0,237.83058166503903,-0.96711428132902,2.791148758903387,-4.991620418938617,-4.869977572850313,-2.333455840060284,2.028592065107997,-0.7070796325195357,4.572652134880126,-0.8164394383381754,1.1899262635459698
44.0,57.0,215.7285919189453,-0.7859266027097256,3.2321580265825283,-4.969703594700581,-4.237328867483649,-2.381961729463076,2.003684929280644,-0.158051295190468,4.7964657555363,-0.8849781554564577,0.6531798720523474
44.0,57.0,252.3173828125,-1.2456182079897116,2.588636235704854,-4.991708457384671,-4.8987453130680825,-2.667090180094476,1.064910160979232,-0.3228415426714823,4.63725024144237,-0.90231464865583,1.509340514663755
44.0,57.0,221.4552764892578,-0.9375868137940512,2.835053736272952,-4.845449398565711,-3.863509001432974,-2.6805204382205146,0.9962872194257936,-0.4943216968619683,4.606252043932319,-0.937507759558624,1.026465492869976
44.0,57.0,188.1287078857422,-0.8997641859517644,2.6053782664487946,-4.881233237201619,-4.992007730090517,-2.502683492778666,1.313004885870285,-0.6811880150800249,4.743855825511727,-0.8487749681143271,1.2060229154283144
44.0,57.0,248.7579040527344,-1.0098158685397456,2.269237269838732,-4.999649842893785,-4.672303216868052,-2.64622068066911,1.0876627200042988,-0.7388619011275788,4.821782374240021,-0.9954390222647468,1.339623318457832
44.0,57.0,216.47967529296875,-1.1475370423592106,2.254745605269669,-4.875818483945916,-4.9710190879074245,-2.6285631912601644,1.6440951467616207,-0.5806095248870689,4.212963296125235,-1.0967091376236748,1.0235696329813369
44.0,57.0,218.86769104003903,-1.1304617310985456,2.8077380701941754,-4.98093874201366,-4.998828949151838,-2.721699609505236,1.409823986927783,-0.370399998750635,4.683009230699891,-0.983534874218808,0.9527213398238884
44.0,57.0,204.98825073242188,-1.056552387416991,2.764080640611006,-4.997521863667081,-4.638254240627767,-2.261441688921609,1.4099230215378444,-0.5779808552064667,4.783841835427298,-0.9300897295301098,1.3176366204987673
44.0,57.0,214.91241455078125,-1.3575458300726968,2.5498559047233176,-4.943971907750429,-4.982226615985526,-2.418127816643844,0.8159118082133476,-0.6458733343380976,4.94671670529268,-0.7084611577458801,1.0585598522945494
44.0,57.0,227.6425170898437,-1.157513009333369,2.61297619803229,-4.998585464655615,-4.570022975411864,-2.6211117793699428,1.5121448823846917,-0.6839461082136742,4.563225710441973,-0.9000380178340581,1.3351621834848242
44.0,57.0,234.83111572265625,-1.2338414292444986,3.0521241304944464,-4.96214703490275,-4.657699392029654,-2.4829897929009537,2.0911174011610463,-0.1538155553567124,4.770260832128999,-0.8258689384038806,0.5772679623665731
44.0,57.0,189.305419921875,-1.1266211106451185,2.862423943766024,-4.999058367866905,-4.993683173280911,-2.384415534285806,1.4090874043256276,-0.5465128571743714,4.740813330539993,-0.7152909206159457,0.9318593886202996
44.0,57.0,228.8034820556641,-0.988645988774647,3.0008715225832354,-4.995287585518193,-4.7523934906618255,-2.972940580596303,0.9760602636805462,-0.5325026265896771,4.784716130576669,-1.072197991099708,1.4537397494734527
44.0,57.0,224.57778930664065,-0.9395648329269476,3.2599694315796945,-4.998555485082479,-4.264146164018266,-2.8346616487907337,0.9716222861824296,-0.5082035412923354,4.294611430202572,-0.8871878858787845,1.101225377219289
44.0,57.0,267.4082946777344,-0.9112495043381889,2.17466759762016,-4.995268317509337,-4.807403052025868,-2.885773801776938,1.9136485847256868,-0.6934038429125202,4.113317561585308,-0.9196943604672684,1.1226504527276369
44.0,57.0,255.257080078125,-0.8621671544142577,2.978744743707324,-4.997423709141249,-4.791754655424691,-2.7676580319921387,1.2057767102971635,-0.3551002637646681,4.673696419579672,-1.091887009175326,1.1025592183916435
44.0,57.0,244.1636962890625,-0.7410710073268474,3.136086571585597,-4.9920096579701525,-4.786413570359248,-2.677157384190179,1.397269317733187,-0.6554356296281325,4.424738512441062,-0.9746580421027612,1.0947031313030695
44.0,57.0,249.1312866210937,-0.6474737260224481,2.1819561858827434,-4.926184535603658,-4.970080397092876,-2.844118975950249,1.450445273602564,-0.4427900057252678,4.158130709162794,-1.1467974843254192,1.4264986598486082
44.0,57.0,214.7082672119141,-0.6784455535075224,3.034752438202169,-4.954041758127778,-4.990661638718287,-2.508692045064284,1.0310391454522456,-0.5834744360190562,4.728729626561783,-0.8973937199773339,1.3328713018077636
44.0,57.0,233.1309356689453,-0.4927164708945328,3.192190816757856,-4.998662076062564,-4.993814552479229,-2.414659742198297,1.5786305963215597,-0.3648897278366085,4.416081238045523,-0.8603773123444611,0.9839536507913972
44.0,57.0,232.607177734375,-1.1339118224833715,2.818436759447289,-4.990202212104648,-4.795544288780922,-2.820798172627637,1.504486642439403,-0.6819890228451033,4.82387587205306,-0.9884976722516576,1.3325167846048611
44.0,57.0,221.02279663085932,-0.8653461824451387,2.9368320040875453,-4.972173783726207,-4.4759015413907655,-3.007193630216751,1.2390751391853625,-0.3844779956443345,4.769535785349889,-1.0508974799096862,0.9198807221666598
44.0,57.0,233.5015869140625,-0.8721493296505383,3.6814069276256696,-4.989651788249319,-4.774314640358271,-2.7237603236388104,1.1578404144265484,-0.7953423745030266,4.707741082889779,-0.7733208643598761,1.2287260157494977
44.0,57.0,242.66653442382807,-0.8637195283061345,2.274123432098424,-4.997433616706027,-4.230065878729146,-2.5531926072171363,1.7823868391802726,-0.7130540210016187,4.566803392028122,-1.2342914329312729,1.481497427940301
44.0,57.0,262.42584228515625,-0.6916133431820128,2.8909669206495936,-4.970267166236491,-4.853562095857824,-2.771513684209609,1.198063184463115,-0.3508413040591716,4.317560314170914,-0.948060439780372,0.8696538922210175
44.0,57.0,209.24371337890625,-1.014987516696074,3.6126918497273977,-4.996753480436411,-4.835031960236432,-2.4882007430996267,1.5338809676703136,-0.2752534632577772,4.753422569876861,-0.9334299277450436,0.9929937607141291
44.0,57.0,181.99484252929688,-1.0137951520705872,3.594528360844736,-4.999862932390916,-4.910013756232882,-2.4584382575464145,1.9012360766323964,-0.6311593272106775,4.515619751761907,-0.8043903341452721,1.2721408522237816
44.0,57.0,222.58770751953125,-1.299333763344848,1.972740011047943,-4.994390315684101,-4.9947013476993645,-2.633019336360732,1.3141044554485672,-0.7405279794896833,4.457845694155584,-0.9842650239717408,1.0540958109637666
44.0,57.0,201.3798065185547,-1.0055095668374787,2.2246262790768148,-4.991305777847076,-4.768108542479779,-2.6567451768517323,0.9228479995331016,-0.4268496103251458,4.378792810822569,-0.7729017242200529,1.0164990558947622
44.0,57.0,246.3784637451172,-0.957698226912764,2.079151764277423,-4.999351374724845,-4.858159735400643,-2.3480307194556467,1.0611217172593523,-0.4662903252773276,4.583451173289973,-0.9277266693779058,1.3996624345098496
44.0,57.0,267.6773376464844,-0.5717751895059289,2.850921166027071,-4.982050182376442,-4.999762377809821,-2.7175597204300592,1.6044411889776289,-0.9455393815823818,4.224658301597479,-0.9657073871153924,1.1742250958599598
44.0,57.0,225.23175048828125,-0.7941531171730665,2.864635191414166,-4.99994034417886,-4.926885636773555,-2.4030185229794148,1.2117541745076164,-0.597847283269016,4.58181210328129,-0.8566379491023355,1.1185308322485756
44.0,57.0,198.9119873046875,-1.0421802435070315,2.128715792008615,-4.988063755003588,-4.999153873023098,-2.44920035944388,1.1957055399636165,-0.5481318842807603,4.48174787364421,-0.8843335737351046,1.013949594066177
44.0,57.0,211.71060180664065,-1.187012328248044,2.5948650097581645,-4.983664525957412,-4.754245476273428,-2.608025078488605,1.3738506468502996,-0.4430978205212099,4.654166094482759,-0.7941435609467797,0.897565735286312
44.0,57.0,242.80099487304688,-1.373043056575299,2.2287515649791976,-4.993931031318095,-4.990051430188813,-2.66274344870484,1.7279783251994782,-0.3905758047579457,4.720588217265604,-0.7320558348570092,0.8335412700879008
44.0,57.0,226.4579315185547,-1.1238099233915362,2.963597190886506,-4.994288404964529,-4.941492526331397,-2.2528242838217007,1.4986064868443574,-0.5547318535348484,4.959861529170684,-0.7272983289829851,1.0475119528814891
44.0,57.0,223.39292907714844,-0.8491375926313056,3.3707134469765254,-4.99754094054594,-4.998863966670951,-2.7263492593112564,2.0987703565947253,-0.4795515707654214,4.840290774859545,-1.0490964267994092,0.7897951582139076
44.0,57.0,218.74591064453125,-0.7129533226240383,2.87051685391146,-4.9762198854081205,-4.9998030344633735,-2.375323562062367,1.8526208517477023,-0.416431663868531,4.486666972583029,-0.8497394863556105,0.9361853009836416
44.0,57.0,210.46484375,-1.239411125346226,2.32675419641133,-4.966065932647948,-4.994237329346292,-2.5059246314111485,1.3889028456851875,-0.192873075799218,4.628008589019185,-0.7890440904097664,0.9197293502777812
44.0,58.0,271.1883544921875,-1.293635219356997,3.127081727098556,-4.999612797334838,-4.999495364673902,-2.0504017395118352,1.623734088143597,-0.3237876337082461,4.946720186327086,-0.7273826433736916,0.9038207524344832
44.0,58.0,239.8938446044922,-0.9431619211804314,2.853399315169584,-4.9810219720329245,-4.771948654117747,-2.722833684411807,1.2715717511893052,-0.832900042102759,4.468409748233713,-1.062007371459929,1.204637647262924
44.0,58.0,233.7777709960937,-1.2493709289192538,3.204793565290556,-4.988748750231166,-4.739816752166181,-2.3712501307502523,0.702798753482341,-0.5531649865441342,4.894161496145532,-0.6964756338010449,1.0537290650576825
44.0,58.0,211.84169006347656,-0.9855735677069442,2.897980145279286,-4.941159292455153,-4.904511942675973,-2.300383665986368,1.293909029053224,-0.6851985813914165,4.764012523561625,-0.7339119251184991,1.1438911275085486
44.0,58.0,207.8976287841797,-1.517216432504243,3.0912407473850703,-4.980886697959001,-4.531253189724419,-2.494669503205409,1.7998077751532584,-0.5850604200154139,4.247059583527115,-0.8001359121504166,1.348928165681743
44.0,58.0,186.39013671875,-0.8933745301157057,3.2270062806106967,-4.988084111040156,-4.994506048353975,-2.438116539742513,0.6835348277325011,-0.5435411156976251,4.722832229955463,-0.7728137413694389,1.2760332644300156
44.0,58.0,211.90753173828125,-1.3330043013521382,2.2512068775303824,-4.986465206593446,-4.972443811111972,-2.6506215308808687,1.8142307517343887,-0.5594634233245124,4.242085956424319,-0.773787512332146,1.0753183117997276
44.0,58.0,227.76397705078125,-0.6933601265546816,3.0104596335343867,-4.991406890992739,-4.99658524188581,-2.6299291579083035,1.6808812740860812,-0.4968902763853569,4.656043118667295,-1.0000524135373352,1.026193422698192
44.0,58.0,234.7528686523437,-0.9600530669749094,2.865790148922743,-4.9881382691308325,-4.970193628491963,-2.893641407763659,1.1378019830647244,-0.1929862754739026,4.897372879240448,-0.986924229294594,0.943893369398162
44.0,58.0,194.93191528320312,-0.8733927884611417,3.410388230455194,-4.998939549245285,-4.979628167063888,-2.4091895863674933,1.876654565136998,-0.5447721061545252,4.825658349224307,-0.9131143701396924,1.218957575300852
44.0,58.0,206.23898315429688,-1.0014797592121671,2.7964081473314977,-4.9779420863154735,-4.973649528935376,-2.443368487693659,1.499210095174453,-0.4724547910534564,4.676177038653957,-0.8918379782786809,1.1477547337592666
44.0,58.0,224.1024169921875,-0.9808947290874306,3.1281101318759,-4.997435276122525,-4.9497628054091365,-2.670185350076478,1.2630355626114556,-0.6465587179097181,4.576626379373829,-0.9233662757274166,1.3241169971606483
44.0,58.0,214.14431762695312,-1.453361441957017,2.3562787163949785,-4.999939043473425,-4.511099641742236,-2.479019836182057,1.849932021170973,-0.4811202993344379,4.79520374451868,-0.9307643739194758,0.7275389257635858
44.0,58.0,204.5331573486328,-1.008558343517521,2.1147207974717315,-4.9997329358175575,-4.845330049313946,-2.612668255732097,0.7991613196160561,-0.5365418743896679,4.706440615121597,-0.9850430602957498,1.2476270793116315
44.0,58.0,213.70980834960932,-0.9281384197909786,1.935072118011714,-4.995755064283309,-4.990072263081258,-2.431703661269188,1.5141685348803335,-0.2594802218420211,4.65973501209416,-0.8434426338620398,0.8018218701342441
44.0,58.0,231.640625,-0.9557243277365854,3.550221124250964,-4.998197988133327,-4.826608019224752,-2.265189937789988,1.5911299513083694,-0.3728463526707539,4.740329523350864,-0.7196385447043392,1.4061020913363436
44.0,58.0,235.33367919921875,-0.6825828724794025,2.6313825050994417,-4.980792906842941,-4.884442529543693,-2.7162497621451283,1.5222294895663646,-0.4596228421525259,4.491093596804802,-0.943349579830196,0.9770129557849856
44.0,58.0,260.39532470703125,-0.6520865723401617,2.824046240994469,-4.990247708257335,-4.87030490539884,-2.6691910060949,1.6597977751185713,-0.3045287786786099,4.667035269352876,-0.9656313537572804,1.1562210548619074
44.0,58.0,186.17837524414065,-0.9337434454570452,2.789041337165496,-4.992806217293822,-4.999735517911667,-2.67675377702754,1.3485113309003252,-0.311111836960114,4.705271653315791,-0.7397626523108771,1.0292987562162184
44.0,58.0,228.95770263671875,-1.221965431990072,2.824323368646283,-4.990624099502306,-4.9970679123920085,-2.637669434759048,1.117503410485173,-0.443697683963026,4.786520528227003,-0.9053757949461564,1.171334369014808
44.0,58.0,216.723876953125,-1.4907200521248312,2.801655061708184,-4.981196419909876,-4.953062064517748,-2.455142328378763,1.381521254527616,-0.4591637442194942,4.732705883050931,-0.6486032613355146,0.8982940970175726
44.0,58.0,240.009506225586,-0.7464620815742693,2.385725737677628,-4.986496929749403,-4.991988546954342,-2.613207841238264,1.659268853856286,-0.6880133305414873,4.341830125107114,-0.8911587144771351,1.1477225224591256
44.0,58.0,214.85186767578125,-0.9325723177639292,3.7499022728336255,-4.993259199336372,-4.864905334684058,-2.480649129699474,2.0178512130690995,-0.3518663523862386,4.883974272356443,-0.7444615663604042,0.7394102575529331
44.0,58.0,260.3628845214844,-0.676927398170168,2.2689142773336126,-4.995842128424917,-4.823270707291298,-2.7153436186128626,1.471144336412716,-0.4622096933520305,4.253046099620125,-1.0046105920976591,1.1277047725343845
44.0,58.0,207.8223571777344,-0.8333933576221675,2.629364479430042,-4.900193648062707,-4.834250122686219,-2.48869821384244,0.8511724538471004,-0.293950971749604,4.581107664128215,-0.8323824996614526,0.9532154011879204
44.0,58.0,199.0790405273437,-1.1990139386313063,2.505400691869204,-4.98091147488412,-4.999448541120291,-2.551322677915052,1.2519266198301793,-0.4470700863399779,4.583343363288009,-0.839277273317939,1.050587259754174
44.0,58.0,206.5892944335937,-0.6245908279359291,2.674599677756788,-4.997626021085611,-4.993988101338907,-2.4434067753279995,1.3970746708611026,-0.5817735174465444,4.7372145610471765,-0.9250208931634676,1.1958516865691138
44.0,58.0,218.63821411132807,-0.944580592490234,2.3513754063216936,-4.973716932032217,-4.973126945107746,-2.634632683313426,1.479205110575334,-0.5289874914253554,4.5541659606672535,-0.7671500607334263,0.9020003419395302
44.0,58.0,227.17303466796875,-1.1499727436747675,3.467672317034191,-4.996376383540263,-4.882247718769307,-2.484474963830064,1.5160899347910526,-0.4871394015433692,4.562268287575078,-0.9251788952945406,1.1056575050813056
44.0,58.0,193.7610321044922,-1.163666883441822,2.7315066282195115,-4.976165996078585,-4.987077935110166,-2.5207984113038227,1.420659621407227,-0.5159325830272596,4.83321711575393,-0.9099784620064392,1.1710441482889564
44.0,58.0,251.0214233398437,-1.3872934337241167,2.396160092052603,-4.99448523350078,-4.8637484268054285,-2.395406229783364,2.152185350434353,-0.4053768343419817,4.5928303254897305,-0.8489068046460542,0.7311168602394851
44.0,58.0,220.7376251220703,-1.2665004481118896,1.734197934098387,-4.99995148250022,-4.99374530778005,-2.835410951589346,1.6538469814185222,-0.4741153143475829,4.341047332615084,-0.9232554149821688,1.016162846941442
44.0,58.0,282.10211181640625,-1.8762262766040472,2.290632445847949,-4.883207693528118,-4.779271307887408,-2.718009121995664,1.143477237455213,-0.8217107507701806,4.907288592473435,-0.9398122479288248,1.2140272587975351
44.0,58.0,218.1830596923828,-1.507342726465967,2.791608250087738,-4.899621034067052,-4.798953274153934,-2.350067566378129,1.1080564847854903,-0.6103982639625416,4.814388420771202,-0.7906436518793054,1.3803094758795522
44.0,58.0,216.51486206054688,-1.3207948342440727,2.584215039876481,-4.999976139401166,-4.925232417312063,-2.334702009298668,1.6388992937708613,-0.4563061076897075,4.624993297399039,-0.7730931655762747,1.00527650916003
44.0,58.0,199.3623809814453,-1.184749516361172,1.920154266367556,-4.983734455310973,-4.998012069005644,-2.647183978980639,1.5268534332583965,-0.5023262612896726,4.685402476686974,-0.7563449262563982,0.947695190716468
44.0,58.0,220.91732788085932,-1.1139995602100723,2.6709964211667003,-4.995640741599297,-4.983815877576341,-2.3053734789144835,1.0469780578441288,-0.4599910920395746,4.521466157979919,-0.7142484817429553,1.0603807624051322
44.0,58.0,223.96066284179688,-0.8418968454547837,2.8455308469940217,-4.99042534097549,-4.877513090102672,-2.4155228690740005,1.471552032747656,-0.6137314241872964,4.544817680948444,-0.8499330341955442,1.134521358410355
44.0,58.0,209.05740356445312,-1.2241758106988456,2.7908697887646614,-4.959605520202095,-4.986539289881868,-2.333836457821264,1.1173086283183178,-0.6060105135548435,4.7019667202851405,-0.7450904208352895,0.946314347949862
44.0,58.0,239.90847778320312,-1.3997056245320332,2.3961067859943554,-4.873132746284503,-4.285752028234742,-2.6778945957729574,1.2528160365164078,-0.3465749062810896,4.221570058380777,-0.8668043577067772,1.076002426958671
44.0,58.0,247.33822631835932,-1.2827538140954649,3.273867353238874,-4.999102568018414,-4.28688471864956,-2.768726341295232,1.197468827217417,-0.4422031899731475,4.534046716637519,-0.9975635039016248,1.3574965657776
44.0,58.0,211.8612060546875,-1.1016605285391343,2.3908760060591323,-4.999977453541487,-4.6977960656163935,-2.493228264285916,1.377816753468224,-0.4724401072267863,4.879668703604251,-0.788303265810983,0.8817999775398091
44.0,58.0,214.78143310546875,-0.9357153884716682,3.29587598998798,-4.999817293463028,-4.947507913133443,-2.2957359295643007,1.8130453711212395,-0.5250635374402881,4.7691347661161885,-0.6855133030791176,1.143443042573102
44.0,58.0,210.2812347412109,-1.0779367570775538,1.832141294362064,-4.917121129798563,-4.938609636311842,-2.724162278608896,1.5261938775289057,-0.4602787989251329,4.751354064541575,-0.9500674791821488,0.653674313286726
44.0,58.0,184.66323852539065,-1.0914715171684837,2.5902486773028706,-4.82941137555283,-4.960782811300455,-2.62592537540953,0.7951943731932012,-0.3338319477336862,4.901168531274319,-0.7861538138243169,1.0395224452961491
44.0,58.0,203.9842987060547,-1.0046800067775623,2.9827258684045965,-4.999995567719877,-4.933661312071715,-2.45884623168329,1.400086473551272,-0.6487559916705576,4.782398691655201,-0.8701494984765263,0.9077557706098692
44.0,58.0,208.50547790527344,-1.1294568074241935,2.926143865602116,-4.976183650881455,-4.936213517846148,-2.419638658307753,1.701385947193824,-0.2509051943787099,4.804580772941556,-0.8724992081127985,0.7723928651065384
44.0,58.0,232.5196228027344,-0.893468374397365,2.4649286807548307,-4.998471896414976,-4.577742245183063,-2.66467602596733,1.8926195001492,-0.7553928927606997,4.268888725005306,-0.8856310717615967,0.8069518484576674
44.0,58.0,221.71551513671875,-1.2729560947045595,3.207588719285855,-4.961410560740196,-4.919355078195148,-2.472071803869398,1.8313375802740928,-0.6878041911583921,4.796315074644406,-0.6962850986853661,0.9246839113194252
44.0,58.0,247.4893798828125,-0.8172762198805117,2.675135789665143,-4.999358925968616,-4.471850335442013,-2.3858693865447087,1.033831890076483,-0.7617742311495848,4.5676750736039295,-0.7108807898515934,1.1499692602553555
44.0,59.0,246.5171813964844,-1.1169016407306618,2.368347293560497,-4.9996320748768674,-4.6206010751908,-2.246496142329626,1.0679333356354803,-0.682992152519315,4.851058587448126,-0.8664891075906151,0.9794522970794076
44.0,59.0,212.5292205810547,-0.9366697893222228,2.563416785283006,-4.992288045099779,-4.954935161744588,-2.341934278940561,1.6127232724628602,-0.4683570944960422,4.777664437015174,-0.8700461360892433,1.4300642738920804
44.0,59.0,228.23370361328125,-1.0272191727569877,3.0303810993099205,-4.965926775177865,-4.824625824722402,-2.5527051908032523,1.76583348139384,0.0349652939578408,4.8047641042352165,-0.876522707302481,0.8574796194626613
44.0,59.0,228.2987365722656,-1.2964219409395783,2.8854726052366884,-4.979464523856291,-3.671352763803503,-2.3656393856846067,0.8329731005076901,-0.3899466941229912,4.941328511781602,-0.6688109911354108,0.9801075402405646
44.0,59.0,218.1681365966797,-0.8775182872150866,3.0312412631299583,-4.987002286120396,-4.944005395089862,-2.608859484004819,1.3754593378257454,-0.3184866004829958,4.705913280475276,-0.7970324534168425,0.8707894259439826
44.0,59.0,205.9915771484375,-1.348907945528263,2.8480651838746454,-4.976385073557353,-4.995397909385982,-2.5689258390983194,1.0512814820376732,-0.4049296044773962,4.818984523511764,-0.793285506509541,0.9932565667805492
44.0,59.0,200.3548889160156,-0.8411165029684522,2.643800664556574,-4.999950654565629,-4.940909669750885,-2.4190492974221938,1.2437586812299282,-0.7261157769508539,4.688847079076751,-0.7758594962552072,1.0987745857095703
44.0,59.0,263.62890625,-1.16154095780405,2.318659107213951,-4.998173244273202,-4.811739562255082,-3.043339848603116,1.1082878202962156,-0.6991104705137836,4.685369792621604,-0.950145201176536,1.141595990505477
44.0,59.0,226.26531982421875,-0.6954847896562306,3.1256681339753705,-4.983644310797513,-4.958117522647981,-2.6243500152967707,1.9064415988492505,-0.2207731561673309,4.688106369000042,-0.7648485096383766,0.8774702511429586
44.0,59.0,209.4639892578125,-0.7697991479253758,2.5430264480949862,-4.997887764331192,-4.9377719305128105,-2.859882967721869,1.3296174761572832,-0.5146872655152821,4.750625159642594,-0.97138522910745,1.050293174993124
44.0,59.0,224.37271118164065,-1.2059939577042238,2.59801924982094,-4.959251749077746,-4.573525056003392,-2.1435867659466816,1.3685851991088471,-0.3980804412945726,4.625174758931843,-0.7756606719912646,0.8231432283679396
44.0,59.0,249.33319091796875,-0.99517602398267,3.2797609420496645,-4.991949440049155,-4.8293563202289285,-2.6803656584746567,1.1408934957605048,-0.2476279430690446,4.507173220227683,-0.9261838329158892,1.074790597288504
44.0,59.0,232.14480590820312,-1.0939602033007718,2.3672817785063973,-4.999676789666067,-4.983341770724083,-2.6875125223756253,1.1644125668424978,-0.3351004141585836,4.930745123466739,-0.8529263944675991,1.0511048542586012
44.0,59.0,219.57684326171875,-1.226093333363241,2.012591964861045,-4.985625192670232,-4.212483813851474,-2.725205916976221,1.0074922594155815,-0.6521126436199847,4.281670455075442,-0.8646973482520313,1.296897521529675
44.0,59.0,238.90106201171875,-0.80653311167866,3.021420997074225,-4.961021390367575,-4.376814351681377,-2.265527136535146,2.120299665034448,-0.2923496452311038,4.477737742947117,-0.8187112633186926,1.0175768771159095
44.0,59.0,229.595703125,-1.325963858479402,2.7284286120195684,-4.948369808627239,-4.979430317440736,-2.347930572606514,1.628127142975135,-0.4627837559929562,4.86247194037227,-0.9326254419521424,1.082104905785508
44.0,59.0,196.91192626953125,-1.0610343778004432,1.7707265402749606,-4.988883516344225,-4.862479098375202,-2.5023478106699426,1.3413050328801726,-0.5613548528690506,4.534976532278938,-0.9307776758197708,1.0692201525833926
44.0,59.0,222.99826049804688,-1.363826323830316,2.6527681892512325,-4.999671735290479,-4.575969157747799,-2.6572156499039843,0.8995360695061159,-0.302859179742418,4.702889776146634,-0.8591182072116661,0.9419502873472264
44.0,59.0,219.4487762451172,-1.158794180974355,2.782652300929925,-4.995433609712309,-4.234397251568617,-2.4390945605502585,1.048263456544026,-0.5523970283060926,4.496401295142245,-0.6735383508789425,1.0938389714730912
44.0,59.0,203.12998962402344,-0.6383712912822279,2.601973840904356,-4.8959282662835655,-4.937536983760898,-2.49309371535577,1.4507359834091655,-0.3899539669040166,4.798772143530428,-0.8087474657377127,1.117862819552523
44.0,59.0,221.4503631591797,-1.878708848426616,1.9119264424881008,-4.8387381360314405,-4.8533781680675645,-2.832399513738805,1.1528044262261794,-0.3931916730423292,4.795013945831887,-0.8042457958972378,1.2848838847044597
44.0,59.0,229.5847625732422,-1.1666257420358428,2.8579786004014,-4.950414096203355,-4.935305947945907,-2.65761625387277,1.5638805833425176,-0.4579919918537767,4.490954444615401,-0.8817178826023175,1.1018557902350177
44.0,59.0,222.4959259033203,-0.8846391569592971,2.779827118770564,-4.992057273570995,-4.76562709308948,-2.447068891217827,1.0362498819334265,-0.5060754803913987,4.813748087541329,-0.6591276777927702,1.1015729487766892
44.0,59.0,264.8795166015625,-1.484269517776621,3.1321691268316254,-4.953423269392129,-4.8355508866803705,-2.671947448238515,1.276056054816871,-0.65534227389242,4.91362735845483,-0.949449722824424,1.169930812089798
44.0,59.0,245.720703125,-0.989718416423596,3.463517596858411,-4.8916975754062335,-4.828195381235837,-2.2837686959502177,1.5525105248236573,-0.3201627822186754,4.519989995357243,-0.8762682060106899,1.2459144119770205
44.0,59.0,205.1124420166016,-1.0226434308917955,2.7163674417933272,-4.99996031253295,-4.9999085879451055,-2.512632031605008,1.1762676256265614,-0.2033587957511109,4.800029774293256,-0.9946016139995272,1.13208997243237
44.0,59.0,191.3839874267578,-1.3862273259883129,2.755850564657143,-4.924397491587757,-4.331934108221027,-2.6959001691541187,1.2833836940928176,-0.610038053617564,4.383788794944094,-0.7545621260408781,1.0995164326039033
44.0,59.0,227.6221618652344,-0.5502679764318614,2.727282509497467,-4.989683460590206,-4.999485193499818,-2.7319640377502186,1.3113777700744524,-0.098647310626295,4.554075715217019,-0.697766459735484,1.1809475186089262
44.0,59.0,225.89324951171875,-1.028442495272646,3.021988827334594,-4.998256234624831,-4.252701161849679,-2.7237016189637915,1.250921743905696,-0.4150849291540162,4.163870212548058,-1.097473826137065,1.0777796999236342
44.0,59.0,199.1380920410156,-0.9064341857941464,2.312478967064294,-4.983864259996018,-4.876987166839,-2.5675170854346367,1.4076553529036229,-0.5588814630928551,4.735387814738667,-1.0156353363463393,0.6886080932704477
44.0,59.0,261.9834289550781,-0.6080214104168302,2.944357439960614,-4.999999901799098,-4.7822610907859815,-2.069024021389701,1.5928401332727438,-0.4517058005886358,4.813087626455241,-0.5746201859135427,1.185171844501304
44.0,59.0,231.5011444091797,-0.8541185203596777,2.8247582379764022,-4.988187599734919,-4.8740945673629135,-2.6807205276608146,1.2612897750871903,-0.7231912069992958,4.611833314342315,-0.9580295023527076,1.054981435142941
44.0,59.0,197.2533721923828,-1.056616366613757,2.948647119180711,-4.923743865174455,-4.302229101514573,-2.5662155815102543,1.3670573621876638,-0.7101803166580254,4.823181220047628,-1.0257101746848851,0.961438654308818
44.0,59.0,229.7400054931641,-1.0231439063928986,3.108633288815966,-4.97085378794059,-4.991578011011055,-2.179694929106477,1.4571985684633155,-0.612241131164585,4.821240716304461,-0.6707231645898952,1.1182637971323697
44.0,59.0,236.1975860595703,-1.0899945431162528,2.156635702555485,-4.942567229400903,-4.40469496623256,-2.310222451815384,1.1605299900793042,-0.6568148553356048,4.920958114245394,-0.845310734593796,0.90706527315764
44.0,59.0,204.6827087402344,-0.2943024477311962,2.7943501807838,-4.870775658613423,-4.987764587938219,-2.521706829626163,1.5225802481168422,-0.5601798289933066,4.783671564445415,-1.0501588676192202,1.1356954194774946
44.0,59.0,203.22921752929688,-0.7051937875627097,2.7344797253622204,-4.987512259153693,-4.993156691315997,-2.655640906954498,0.8829731675616967,-0.2128301456108614,4.475538576400943,-0.7306196140737864,1.0793073270911029
44.0,59.0,207.7600555419922,-0.7491265219505276,2.032872494669286,-4.931098930220346,-4.9572979815924345,-2.597011008419845,1.1847947438606612,-0.0802187699898313,4.69289507245669,-0.757070039808891,1.0366258766381398
44.0,59.0,179.0778045654297,-1.0082869560286478,2.8603864700228936,-4.977571758645196,-4.978105680323421,-2.574185313246365,1.4276484163046383,-0.4347624683619475,4.797770712617316,-0.8372071700203119,1.0615808444137
44.0,59.0,256.1719970703125,-1.0840162798264568,2.1742018092913327,-4.99378330918983,-4.8921932282229,-2.8527923729460487,0.927665546405806,-0.3260440245667331,4.57415336064785,-0.9319509233146236,0.7453231981684452
44.0,59.0,239.86148071289065,-1.5484664998551794,2.3463776358180155,-4.997768525209155,-4.934146850897796,-2.3169911352053942,0.719543632596503,-0.4377321154609701,4.694260487117301,-0.5885491420730657,1.00035934457937
44.0,59.0,227.11752319335932,-1.07194857246041,2.992605990440397,-4.9848410965189,-4.844014701543128,-2.3633859297127247,1.531529054750516,-0.5900277450802207,4.772760883060009,-0.9429362206135404,0.9508556994379278
44.0,59.0,205.46701049804688,-1.013161138874688,2.636315855865357,-4.914444620197945,-4.947633790513021,-2.694216630649794,1.2399127068933282,-0.2969231632844096,4.74601051074503,-0.9087882602032966,0.784390562604055
44.0,59.0,200.08924865722656,-1.0540112466675229,2.968949741154084,-4.97837736583004,-4.957750069882981,-2.6272104766081315,1.572317015350574,-0.4667667068408612,4.897297046097179,-0.7953626300558971,1.0522540411196744
44.0,59.0,213.96481323242188,-0.9806837630333548,2.4302059279604133,-4.999894811203543,-4.519282777231069,-2.324515266390448,1.9133703327847549,-0.3820125069911873,4.799238778571255,-0.9016921531169082,0.9966669537475532
44.0,59.0,230.112533569336,-1.0706648797326364,2.406833703624928,-4.996199740198635,-4.923011262181852,-2.708274101686608,1.7279324673351155,-0.4069795780359158,4.6802515812385455,-0.8601893264298512,0.878102302812863
44.0,59.0,201.9190673828125,-1.0223754056349632,2.737108357625896,-4.98429199605638,-4.999492986980583,-2.316584004752648,1.5089865346903242,-0.5115146281386487,4.822160235679476,-0.8778927887656813,1.1051645373516266
44.0,59.0,192.5606384277344,-1.0263979030737174,2.69867828171627,-4.9997632940065495,-4.997728875888438,-2.568963943148371,1.3381096020105048,-0.4844667739491228,4.569984928859403,-0.901656666492757,0.955886483588607
44.0,59.0,231.55625915527344,-1.037736711914134,3.0110667284905706,-4.982262220759511,-4.302405161303926,-2.372454202492304,1.6268058364464446,-0.8241017830233979,4.62873288917333,-0.8195577341597033,1.0766269307741403
44.0,59.0,213.0463104248047,-1.212333270259085,2.1862440261230134,-4.965560963135995,-4.973988585527464,-2.4544652115701298,0.9477043527315844,-0.5014059719334787,4.900070592825905,-0.7552034230272486,1.1517328786995955
44.0,60.0,218.96710205078125,-0.669345358925038,3.2295961391664925,-4.987397845275038,-4.603626078400348,-2.613579690830268,1.41476602099031,-0.6419032350375922,4.798256285104792,-0.8778854627289974,1.040929265881828
44.0,60.0,222.31320190429688,-1.2399555176044497,2.908165709954549,-4.944198370401206,-4.973343153491629,-2.5037490010322747,1.6277432732358532,-0.6154769498502457,4.8948813547582,-0.7072559816832396,1.102541827598036
44.0,60.0,225.178939819336,-0.6007328067854099,2.9174112844587627,-4.997548239377351,-4.972546813267651,-2.568905848544816,1.909854484360856,-0.45024160397785,4.674311448682552,-1.017900017723993,1.1011146860530712
44.0,60.0,242.23057556152344,-1.0543020671078631,2.0436197444876703,-4.989759524729654,-4.713964441571243,-2.349724923754427,1.8054768646117496,-0.4287251737927109,4.88051362792994,-0.9471294907395142,0.91828324906953
44.0,60.0,256.4569702148437,-1.10018369617505,2.4303984890286925,-4.999951449038827,-4.998437961608282,-2.7185003170239104,1.5194724002867552,-0.7541392105123021,4.92949765071849,-0.9280124952954836,0.92528879274699
44.0,60.0,232.08670043945312,-1.1349326766709762,2.306824713469516,-4.948359505985359,-4.926626269665218,-2.4832006225912324,1.076588142890884,-0.5155341584272621,4.615799206661091,-0.9039832399436634,1.4141115767949497
44.0,60.0,188.69268798828125,-1.0247887159356406,2.856282577324314,-4.999516229624719,-4.9503041569472845,-2.413916639529996,1.6866085510137865,-0.4660428608623634,4.785107392375171,-0.8404271603414699,1.2493232282503417
44.0,60.0,258.03546142578125,-0.8555236989355706,2.4465099116996845,-4.954930664402318,-4.795224089212609,-2.286190033682402,1.6958027612029376,-0.778951295683731,4.763373530130332,-0.9135107823113406,0.9212946142849664
44.0,60.0,208.07785034179688,-0.8112011895087656,2.7907465484451563,-4.9940108782822366,-4.976280317534525,-2.5555654975557136,1.4220218086424623,-0.3842387071204793,4.721773543313537,-0.9349744927048916,1.0643367776737058
44.0,60.0,193.73472595214844,-0.9034161667048064,2.8529566002785502,-4.980206414426201,-4.997494900772075,-2.5925547024549505,1.7792741403535937,-0.3522038234820881,4.36921546657028,-0.7874717806978646,1.0853489057724175
44.0,60.0,225.91586303710932,-0.712554618269774,3.5428575758693537,-4.994866365319142,-4.360591262269367,-2.261669448032833,1.664155536896292,-0.4165848922044564,4.877781536244171,-0.7953067487330205,1.1139893776229624
44.0,60.0,234.00067138671875,-1.2358985299000884,2.501629256777868,-4.996727290327432,-4.99621711839577,-2.680666828835556,1.6922157076932471,-0.6886347460559907,4.641466254330236,-1.030681548033919,0.9577117869623786
44.0,60.0,224.30010986328125,-0.7694012275647166,2.837892394369195,-4.952183248977859,-4.906450552774511,-2.8004191760003314,1.1643211072010915,-0.4965763598995556,4.686414304815704,-0.9853708714420542,1.0328186433744913
44.0,60.0,217.37652587890625,-0.8828096372281999,3.1499921930976704,-4.999147885561047,-4.910997174190766,-2.3616650774169923,1.4518019901009316,-0.601775527677594,4.34827441866954,-0.8577084268978732,1.1693226022330618
44.0,60.0,222.27667236328125,-0.8533514939087876,2.4809582435520987,-4.989794661967922,-4.961994787185955,-2.683231152868731,1.4045068310936752,-0.626138417524686,4.730565875504059,-0.9362553904099712,0.8675321190078247
44.0,60.0,186.20632934570312,-1.102569290086227,2.724216506130185,-4.991135295152541,-4.983211610522359,-2.443133064968617,1.1503599524913248,-0.5854264947447261,4.733317092069241,-0.6683420097296588,1.0302779241886515
44.0,60.0,212.9740295410156,-0.8981436088856363,2.788766201165533,-4.997267034770975,-4.9098346249140254,-2.4390546385529226,1.1057297203599834,-0.5992745212918482,4.540168112404695,-0.8175852029213999,0.8054819842275895
44.0,60.0,207.3912811279297,-1.1309085924609268,2.834276810422578,-4.987109756287066,-4.913730869905251,-2.588441022189256,1.6799764318387176,-0.6848839793488395,4.643030945638319,-0.7676029073139565,0.9522055464887114
44.0,60.0,236.6749267578125,-1.0135042910478815,2.306516815648914,-4.960120010332901,-4.868805155717802,-2.310603593797262,1.7648942367833511,-0.342112311050748,4.853021862077164,-0.8393986860184626,0.8827395113697296
44.0,60.0,234.8881225585937,-0.8898471576676075,2.903299128893688,-4.99951715853214,-4.840103501563715,-2.708325375273752,1.6090075382433398,-0.5473058803675332,4.505407995153069,-0.9088932619984416,0.9781162368904468
44.0,60.0,188.90267944335932,-0.8159882101261946,1.9843456656376208,-4.986210408600213,-4.998636322686838,-2.516668554466008,1.2052321077887722,-0.477941962771597,4.388252883058149,-0.8330520592632844,1.0805906060158923
44.0,60.0,220.58364868164065,-0.9350063415934144,2.096687363154489,-4.988830802319344,-4.702019559252652,-2.5528333554217224,1.092466688210477,-0.6204350536547576,4.694339520132125,-0.7134093447430931,1.3158398320132676
44.0,60.0,203.9294586181641,-0.7945433717928738,2.859725629223239,-4.999193465388148,-4.9934193403193525,-2.376903982523304,1.3216353968310788,-0.5568668436084412,4.772002045635341,-0.9210576388711472,1.0974580830152805
44.0,60.0,212.744140625,-0.7827470585520651,3.1008671594670005,-4.99122414642611,-4.998286891001413,-2.550967132955635,1.2464053304626033,-0.5864219508829951,4.836491110779056,-0.8900660677055576,1.2245822713956924
44.0,60.0,214.0447998046875,-0.9002302160093949,2.698579332708552,-4.998242081706034,-4.912894416852463,-2.737817153321053,1.1637679779037455,-0.3642667372691663,4.792564795133604,-0.8721931925297781,1.057165156081659
44.0,60.0,220.48114013671875,-1.3631962151983568,2.4435580615502683,-4.997756436516736,-4.689296644096086,-2.4614424537931616,1.0352610516273462,-0.5213989108333736,4.73821111365544,-0.7594575798654111,1.2659439040881884
44.0,60.0,214.415771484375,-0.807757819366195,2.9831072675755275,-4.989895706216011,-4.989038147196868,-2.613689013978622,1.373496502032757,-0.4590484893093292,4.628964466118568,-0.7995336969723956,1.1550757259385955
44.0,60.0,192.2145233154297,-0.9142168236176048,2.300206477542054,-4.999895395313678,-4.99969145178452,-2.4814749956802604,0.8268595480687368,-0.4995804391314422,4.648663591723913,-0.8560164462848139,1.0437502950566158
44.0,60.0,250.7354736328125,-1.3499772368541914,2.263939304496697,-4.9765271005212295,-4.999978480986744,-2.753252398196742,1.8046656769594345,-0.8292120002128067,4.647462780875644,-1.0366987957515388,0.9815524554321512
44.0,60.0,244.48269653320312,-1.1251219996543087,2.9776367411928906,-4.955074285058485,-4.963619244001198,-2.390044415967283,1.5305751682573288,-0.7243498697193314,4.474348790096844,-0.9212186723333088,0.937576082308377
44.0,60.0,190.66079711914065,-1.2738709786639224,2.6914197903459343,-4.986599834872081,-4.939463177177428,-2.480555131617414,1.2340104426220035,-0.5124248819361288,4.770439209455381,-0.7432837102878702,1.1670658496670594
44.0,60.0,184.85107421875,-0.5896028221854328,2.890590713311166,-4.999239261973763,-4.988502658433895,-2.6410750408164865,1.2854518212595476,-0.5247222787286541,4.397875631199534,-0.8376112678346628,1.3650320013418806
44.0,60.0,191.4901733398437,-1.5858579384758862,2.606997537787393,-4.951150701385109,-4.934085947621869,-2.735070032644859,0.8550403982653787,-0.5477665138097265,4.769104342326276,-0.7841864985446536,1.082065902376681
44.0,60.0,244.813720703125,-0.974075234761334,3.032401906410236,-4.990166101881409,-4.027882690140006,-2.342511442498928,1.471811543489988,-0.4609701874283365,4.926658515129036,-0.6588231461804241,0.6711444321268285
44.0,60.0,216.95993041992188,-0.8581982744320253,2.982479302675075,-4.99792306555363,-4.384854220752335,-2.383145457691782,1.5287084984515502,-0.4633068821421036,4.747326634981725,-0.8875787667347304,0.9583665677454176
44.0,60.0,209.4857177734375,-0.7757692186959151,2.2106411707345552,-4.990985472693615,-4.92944309239567,-2.651478646435537,0.7601533744774933,-0.5975768039975335,4.776172104461731,-0.759079374933096,1.1096553928071264
44.0,60.0,226.40948486328125,-0.9495433577236668,2.75592576319713,-4.998855861236137,-4.718167337646139,-2.690526472719857,1.1799533929494812,-0.3582882291988163,4.748368576633158,-0.7426127276509078,0.9323780901675144
44.0,60.0,225.2848052978516,-0.7375551234822,2.8808277862679423,-4.935388401982073,-4.69914782074911,-2.5207306611928217,1.7080008807226887,-0.7159919306372373,4.85511775250685,-0.8259754961738706,1.0714385864367584
44.0,60.0,189.77490234375,-1.0348789952503767,2.780330471778405,-4.99631915362765,-4.986262727415937,-2.4075039323490106,1.6410240964664986,-0.3855372877415544,4.791635011337842,-0.7637216045769266,0.9980822614311772
44.0,60.0,246.7548828125,-1.0235199398507038,2.3136773653397587,-4.9870583682148615,-4.963524990389868,-2.428007883636525,1.0919188146629892,-0.3948022788967433,4.6269378385275175,-0.6949922666287476,1.1354685704708023
44.0,60.0,202.80862426757807,-0.7732521360199014,1.9984619697463204,-4.976725972681957,-4.893968625781082,-2.513762206604534,1.4163905828711858,-0.5316022669006166,4.561592450169645,-0.7282026682409013,0.9606998348991986
44.0,60.0,191.03195190429688,-1.2420712741246338,2.6784673635257388,-4.999958991556434,-4.9971479854844745,-2.554829683384756,1.524240871685322,-0.5077460407801695,4.766623582181492,-0.758838734586532,1.0930454493261168
44.0,60.0,207.75180053710932,-1.256017220963825,2.658207984714174,-4.997623735035839,-4.977153536148661,-2.7417916470393893,1.2769830314346988,-0.3251739814382546,4.786660469055198,-0.8326472465376433,1.0829801777123036
44.0,60.0,223.50912475585932,-1.0365653144504474,2.3807646240391804,-4.993279676382098,-4.946748166185873,-2.595522666612888,1.4188892963935995,-0.2362785992566332,4.689504780952614,-0.9235646463878142,0.9033705262528358
44.0,60.0,234.8682861328125,-1.0409027326920253,2.0356711144045816,-4.913427625720889,-4.701721461090427,-2.667426572523357,0.988630034620506,-0.3566094022102462,4.883468015337902,-0.8869701915753394,0.6988199610205728
44.0,60.0,260.2890014648437,-1.310603657340503,2.3116592179860422,-4.967873190708188,-4.839193242510792,-2.2999854280664684,1.070340174726832,-0.283208273707503,4.756011042761493,-0.7417220303716254,1.1210538468560838
44.0,60.0,218.1685485839844,-0.8731676680719849,2.902818876517859,-4.988637837098002,-4.9634961418162336,-2.509485338739948,1.7934511597138325,-0.6347337031522695,4.598743962180446,-0.96406152820032,0.9674263225616916
44.0,60.0,204.36911010742188,-0.969614615561614,2.6991522482969863,-4.994225159060933,-4.996607825570536,-2.441568590652756,1.4389817961386555,-0.4701292305095803,4.650759761023322,-1.0052379762088783,1.1175868389817083
44.0,60.0,235.34274291992188,-0.5753338347654706,2.775648481215337,-4.932101829819287,-4.424219071554498,-2.457005741849288,1.7029849683830118,-0.3156656837342186,4.68835308170261,-0.9382835465957352,0.8184368925436125
44.0,60.0,256.7011108398437,-0.821218447096852,3.149685764510899,-4.825686393872772,-4.8554442287794,-2.714330447404095,1.4143120742028137,-0.7394780605515603,4.54987576685382,-1.0764945714788057,1.2124074801390083
44.0,61.0,212.5805053710937,-1.0834126678626932,2.497700365372271,-4.997367610561694,-4.888760801292963,-2.479504159366626,1.6047090252261542,-0.6935114543581564,4.691506154639445,-0.7788347201174384,1.1123179031354873
44.0,61.0,184.73492431640625,-1.0373765371260122,2.7970360465497377,-4.999659170440956,-4.985728769195349,-2.555834858045797,1.252231078215158,-0.4407605391990437,4.603003396952278,-0.7504950223927018,1.0457663910198225
44.0,61.0,190.77633666992188,-0.913701360185958,2.8423144670218283,-4.978273068029498,-4.991688338267034,-2.6320081980806767,1.3583126638128782,-0.3125076511575937,4.804964337102279,-0.853724615110659,1.0591935939815968
44.0,61.0,237.07846069335932,-1.5871970725125144,2.7009150140196327,-4.969139530737201,-4.846390558121955,-2.5825402252674574,1.0231248945969362,-0.3175601689898748,4.777802529808534,-0.6520161229134089,0.9558348208098176
44.0,61.0,223.0263214111328,-1.136003596351843,2.8908172766894538,-4.976983971693887,-4.595849498790161,-2.3620898358108726,1.4937273873699652,-0.4129256237995991,4.865168986831073,-0.8734085772889584,1.066950054451547
44.0,61.0,229.39157104492188,-1.0231191908764687,2.5633908550531324,-4.988576420306267,-4.998755088921181,-2.6710780388880404,1.42044371452676,-0.4216027814563503,4.52832273670753,-0.930806970984202,1.1502537626460176
44.0,61.0,224.51954650878903,-0.7317454329425743,2.443143185939027,-4.995995311719078,-4.862812887076431,-2.6166238856118174,1.8591580321448296,-0.2325529493704845,4.548097640259046,-0.7932923826442293,1.1021234118192291
44.0,61.0,219.743392944336,-0.9256237788735736,2.843004194816212,-4.9966276594092855,-4.98275869303729,-2.279177291563956,1.6838706644550907,-0.4933151785043668,4.284704583828818,-0.87257493268012,1.1221298107953572
44.0,61.0,201.36422729492188,-1.0588930137155508,1.9448981922702293,-4.9997452854282605,-4.838619821989375,-2.364874484679297,1.1534777106124832,-0.5650737656051614,4.738660475048972,-0.7761332228760534,1.113087201503193
44.0,61.0,185.29782104492188,-1.0802918283015996,2.574244889754307,-4.993501437762926,-4.846789366174165,-2.45649017603574,0.9445343018921096,-0.6520654662063974,4.709253790736632,-0.7271727982784446,1.3527009715672778
44.0,61.0,191.30377197265625,-1.2748468508974495,2.6530321787080213,-4.997795730527272,-4.991998866337992,-2.345506228120783,1.3273442369193722,-0.3873765791500805,4.845165052715419,-0.7555285776871044,0.9994250075819816
44.0,61.0,232.854248046875,-1.3223179785728243,2.836385280978595,-4.958488463332723,-4.9457314459645625,-2.583276792539645,1.2548432523457018,-0.3279389556445604,4.560776585321815,-0.7369060097541844,1.1236670030930238
44.0,61.0,232.22769165039065,-1.3825590543300157,2.449742002189879,-4.950587743546025,-4.964428442648793,-2.67036861041887,1.1464283146862169,-0.5010543450864251,4.602218359724223,-0.8219159510483696,0.917615580982404
44.0,61.0,180.84608459472656,-0.9167108385027714,2.4023280635843003,-4.994329746741459,-4.922633561834534,-2.4065481471251853,1.3845280714289832,-0.1444231720245152,4.735101764174814,-0.7909875877173533,0.9514639694102484
44.0,61.0,243.10769653320312,-0.4578024517816361,2.360319077582341,-4.985578917116378,-4.980519504823403,-2.365082168961117,1.0007962145836782,-0.4601253844371831,4.503494004137259,-0.7551110971686752,1.103373769158078
44.0,61.0,207.07882690429688,-0.8568068090359917,2.579726222497431,-4.954800371954651,-4.975331534546069,-2.2290038327340884,1.6419199190340876,-0.4781370305084671,4.401774726829892,-0.6993749701578729,1.2901234937964905
44.0,61.0,176.292724609375,-0.9844953367142965,2.473272602038673,-4.992360474415796,-4.997003112352092,-2.4976899261574657,1.2891100319733333,-0.4073212056727335,4.766267671101049,-0.7907968796664537,0.9664170403058084
44.0,61.0,223.31640625,-0.8832439084710124,3.103062164080484,-4.999495441075911,-4.892895885930293,-2.391678150478464,1.5066403663073231,-0.541782208801024,4.621603614823968,-0.7090831985238477,1.062238418366305
44.0,61.0,200.65988159179688,-1.3034015762012254,2.764018441275621,-4.966393897171056,-4.923412331098284,-2.526531834543913,1.9131243722249585,-0.5667971503033922,4.553391491463355,-0.8816059818524415,0.9915084536946664
44.0,61.0,219.2460327148437,-1.0971411589515934,3.10968779032616,-4.995011112518204,-4.94480154044639,-2.58238780621458,1.473416129621099,-0.4730152016867119,4.510199500046966,-0.7709991909085492,0.9060878631763644
44.0,61.0,211.97189331054688,-0.72922578238067,3.027068090865443,-4.988133412321511,-4.966072336292496,-2.5872480418389388,1.307071007451909,-0.3685383365361598,4.687195323323435,-0.7632898880213137,0.7680400266658811
44.0,61.0,206.37257385253903,-1.0671737674657271,3.214280536923713,-4.9971353870451,-4.988452671444578,-2.379194193600292,1.788026978226541,-0.5333204680654768,4.830419666736141,-0.9039750406679748,1.0907751200303402
44.0,61.0,205.32015991210932,-1.168081618035783,2.77533178383623,-4.990368735203553,-4.951514328591087,-2.3707871564233085,1.6079004671182098,-0.4885212934207263,4.865949378985253,-0.7965685438244572,1.1254848284337795
44.0,61.0,193.1324462890625,-0.9452417665148198,2.59839935906284,-4.999942679908351,-4.993128196537676,-2.6954825667269025,0.8204548586978806,-0.1948794900479367,4.554088432834769,-0.760541011253892,0.9622550215758964
44.0,61.0,233.21762084960932,-1.1828048405387743,2.9855802978339776,-4.989258163021081,-4.999364127790567,-2.2969619825549232,1.4732537975064035,-0.4430126224006834,4.855301192583509,-0.7171248089562825,1.164960873993249
44.0,61.0,195.86582946777344,-1.170651496968112,2.815552012496343,-4.998312071302213,-4.959000295179635,-2.4431766628928524,1.3233555272461537,-0.3904432400891,4.655493563652975,-0.7321507596736438,1.069513021334024
44.0,61.0,261.0580444335937,-0.438571100751326,3.3153847399481844,-4.955969413279391,-4.57104380822754,-2.468728047387887,1.085587444214358,-0.6799463973415314,4.64689520389849,-0.9175308290945984,1.1244819899382064
44.0,61.0,251.77183532714844,-0.8777002299616221,2.383139402200509,-4.999991641100323,-4.680839588731224,-2.6411643269222846,0.9670531413640796,-0.4265532518466468,4.576587346572083,-0.8738987619623622,1.2415534074492864
44.0,61.0,194.40493774414065,-1.1588460648348602,2.860129542449954,-4.960050059493747,-4.9664477684272965,-2.646578958484715,1.313446888191816,-0.2098627675803808,4.787103995160356,-0.7647652215599967,0.8549750615399692
44.0,61.0,226.660400390625,-1.0317693118385811,2.4599568723419942,-4.910668506186807,-4.611987238451509,-2.7447679775832468,1.0147684667666512,-0.765865691456856,4.668175856732848,-0.8279323579578977,1.328561378665464
44.0,61.0,219.62603759765625,-1.189770148634779,3.004334361963789,-4.9999925208774485,-4.999984948111713,-2.4726050934432164,1.5643485822464411,-0.5066055197980335,4.655289074012487,-0.8574092182941397,1.2254325463954157
44.0,61.0,227.2640686035156,-1.1026694100423566,3.0398205222864103,-4.984014275447119,-4.830810449591827,-2.640176072027121,1.7375007382969532,-0.5328380667100348,4.6325368203248765,-0.859005807844488,1.1787558146024608
44.0,61.0,177.55361938476562,-1.091759455737595,2.706603584430712,-4.982066640034416,-4.9754182452284175,-2.48117151869868,1.3755169917077126,-0.3199242955730792,4.678504706912243,-0.7610160534683832,1.0535958113907815
44.0,61.0,213.5946044921875,-1.096758329602972,2.3529483497911805,-4.978537530875197,-4.85304682001056,-2.476309422485232,1.6395048652276998,-0.3754934089465642,4.805060069664588,-0.8329665561993318,1.0527494936263595
44.0,61.0,219.80828857421875,-1.0926869485465531,2.0386870081583925,-4.984535288706376,-4.802369817592719,-2.528314928780748,1.4361877105777507,-0.5620073485271151,4.57440318357277,-0.93458488021325,1.0656855926021978
44.0,61.0,176.80506896972656,-1.2659736266606316,2.760650222132198,-4.993086898204799,-4.92710836426498,-2.586008775486916,1.2551448838415222,-0.6022586583206806,4.85031576393277,-0.8170509105291517,0.9876276194411968
44.0,61.0,218.3514709472656,-0.7729377989627331,3.230631592259829,-4.963190014551215,-4.892166589885012,-2.4969664848404087,1.337251434291674,-0.6339987101699682,4.910100290416317,-0.8540533711329621,1.1618169008615666
44.0,61.0,236.7304077148437,-0.9254915837713638,2.1213179805579294,-4.971344936829468,-4.7677791961468445,-2.5985659349187524,1.5712314867351482,-0.2920467591945543,4.751104774872511,-0.6366937313420298,1.0141748377304085
44.0,61.0,211.54324340820312,-1.4510543267658784,2.8521503348840778,-4.992340360773779,-4.882961797404885,-2.5741263430322623,1.5090328954506464,-0.5418986753672614,4.808428368419259,-0.7977393001576472,1.1726423722517998
44.0,61.0,222.73141479492188,-1.0733371219712202,2.243437246050208,-4.997917671014757,-4.999882879005301,-2.757040465673237,1.1676573546184643,-0.4581745528073808,4.468473299851311,-0.8102192916402648,1.088955703571929
44.0,61.0,211.99887084960932,-1.1529285260762014,2.886686135761135,-4.997360359544055,-4.999989952316014,-2.4151086208310923,1.6158006307684225,-0.5946765906655704,4.704936879109114,-0.7485398772733776,1.1538609610347317
44.0,61.0,245.76922607421875,-1.500290253156849,2.00177684209665,-4.853128635373245,-4.635677586197021,-2.790811885890044,0.98744854874219,-0.608846996768345,4.623224929307197,-0.84032783714009,1.0319001268764278
44.0,61.0,159.03720092773438,-0.9860072746239208,2.843668001736508,-4.992189308381619,-4.995814227039054,-2.404894488464935,1.3408528553180208,-0.5616508589958435,4.816416253294761,-0.7609557030803851,1.012655610617187
44.0,61.0,226.653564453125,-0.8010656708925055,2.847431643501236,-4.95272539897951,-4.960213054104495,-2.349506026990216,1.5660000871055813,-0.5252728047668036,4.565404554894357,-0.816818544505483,1.197825377124797
44.0,61.0,225.0277099609375,-0.6741058455466336,2.5635981972264315,-4.999652285167894,-4.8308877133598775,-2.7475307017530106,0.9725669286884876,-0.5453559445835943,4.660496747919215,-0.8074337073541704,1.12481805942223
44.0,61.0,209.78439331054688,-1.3237139274654726,2.1987862759084305,-4.97365560022005,-4.984625624389478,-2.593546727161496,1.2447763778058984,-0.4544735385273482,4.851732705710246,-0.7949645558998917,1.0928920507774738
44.0,61.0,202.0318298339844,-0.7133662157648404,2.6143657238346,-4.999610682561568,-4.95057359877878,-2.359957347867609,1.433328060174393,-0.441280494395798,4.248205995962325,-0.8578935297144623,1.0256535436929894
44.0,61.0,225.5645751953125,-1.0481339781032672,2.9289340518926057,-4.992327173417744,-4.670204116056642,-2.646085999263632,1.4927178427252583,-0.4876377331536989,4.539082606650309,-0.7394926474789916,1.0689927284781255
44.0,61.0,203.03533935546875,-0.941922847004526,2.0937091240781056,-4.994306809900185,-4.939364107591157,-2.6009964018863423,0.958628284007589,-0.6123676113629282,4.495861142117102,-0.7927993588369002,1.2514970326774524
44.0,61.0,214.11167907714844,-0.9840130811040452,2.84064116560986,-4.981445140720572,-4.90411641202494,-2.670985371261424,1.5943747405540574,-0.3690203576131443,4.646881167895955,-0.8406378705429338,1.028023876689926
44.0,62.0,234.5804748535156,-0.4682670899924606,2.8205048279927887,-4.996371712301312,-4.981475521520729,-2.691345303256956,1.0746229647289551,-0.4427769230467246,4.516286505290427,-0.8696388427136794,0.9976216995357888
44.0,62.0,212.7928466796875,-1.0313001387209637,2.645787020551751,-4.996459068997473,-4.928353042873342,-2.623119080926273,1.0770171230393473,-0.3184877240876247,4.712047017725228,-0.9873412412799736,1.0215150101854844
44.0,62.0,193.2906646728516,-1.169075339551735,2.7115164926650337,-4.987291613196126,-4.980018774368244,-2.5700600728761573,1.478687016443936,-0.3154160075433134,4.647792803661719,-0.7863465343668938,1.0341785852444882
44.0,62.0,241.64862060546875,-0.9830109169477784,3.1698209923069527,-4.9996460816009085,-4.909351267276064,-2.381612602231973,1.2054690689531853,-0.7863500777280361,4.669249882194137,-0.7190791849237677,1.1633462531043106
44.0,62.0,226.44110107421875,-1.3474232718086148,3.237717995910112,-4.992966603508134,-4.995332875537303,-2.2251428617045548,1.3666780116730894,-0.4674202668975251,4.794029902654179,-0.7127806971152895,1.0957922271191318
44.0,62.0,195.1142578125,-1.1764754008913076,2.724790582377932,-4.990647230098523,-4.89122062475139,-2.782091333810889,1.2587916812673523,-0.538919935566037,4.794867285340477,-0.8065893002556717,1.1253483164100864
44.0,62.0,219.12838745117188,-1.0407017923103878,3.0732440849443456,-4.999926060372565,-4.995416076876419,-2.5408251718057344,1.3817097522689616,-0.5827542437367299,4.935697854146044,-0.6907576549528844,1.1580126560241366
44.0,62.0,177.09646606445312,-0.9838246221115076,2.619302584002212,-4.996513075557175,-4.947330497810103,-2.5281227228977534,1.0883788232413618,-0.4759335484059726,4.743685840705833,-0.8241443258773353,1.0425396273746133
44.0,62.0,196.22998046875,-0.9281080801100084,3.1204003289732416,-4.98203808166277,-4.958979265816733,-2.6110658941680343,1.2856293543336983,-0.3471099418736889,4.719603894245722,-0.7839583696769035,1.2950405835461083
44.0,62.0,210.48370361328125,-1.214246556395977,2.6266215017910213,-4.9893399115610135,-4.911414021209275,-2.536538462750456,1.1786929908401973,-0.4387443157304318,4.679147526887004,-0.8616744787844439,1.21029389506133
44.0,62.0,165.54962158203125,-0.9314083897021056,3.353365638330424,-4.98771494511958,-4.968584635199859,-2.505571052662951,1.3960485663234898,-0.5272966126219565,4.685251566743117,-0.7612450306555854,1.0262070434835957
44.0,62.0,221.26177978515625,-1.082939648787419,2.328805263529178,-4.98062281203895,-4.870130577918453,-2.3902491002229933,1.126991173015201,-0.4101755373334246,4.4433919709030985,-0.7684473168202324,1.0985887383898465
44.0,62.0,217.8329620361328,-1.1080695193670484,2.78571128918533,-4.984074819951417,-4.998260582922137,-2.279721299639798,1.5493832852478704,-0.3438287084706353,4.780854581072404,-0.6936352916749868,1.0180069242272634
44.0,62.0,193.6778717041016,-1.2761396532651186,2.8936935803412887,-4.997792053440265,-4.953472336995946,-2.548556941488004,1.3095957894141357,-0.502391079272936,4.707202042062269,-0.8528184228211426,1.2248929099239971
44.0,62.0,207.37142944335932,-0.9730864583158424,3.113396163159752,-4.943238369298556,-4.9999995177166765,-2.6048387343094688,0.8181402666689248,-0.3052973713728848,4.680216206916034,-0.7637182671035614,0.936264701875297
44.0,62.0,221.34085083007807,-1.3171441840805214,2.563487376971157,-4.995838181413159,-4.979690277497588,-2.53970816680002,0.7010192230437582,-0.4190821832897953,4.595682969806559,-0.7050265514080216,0.968181327094488
44.0,62.0,225.4130249023437,-0.8200118842319384,2.530570272144047,-4.98528648162706,-4.99079475741854,-2.436038003963556,0.9927509436968124,-0.4002160094951881,4.36433597298773,-0.6463814428315908,1.1269462378038249
44.0,62.0,236.0439910888672,-0.7751729222163508,2.8759952683818755,-4.99483605386744,-4.878109132511195,-2.444887241017243,1.1841930601625543,-0.380276309782551,4.717075461383029,-0.879333781132817,0.8776302073950504
44.0,62.0,215.46746826171875,-0.649761042415097,2.6764554362718505,-4.988515047884135,-4.964110812327321,-2.4655938619213726,1.1709705924721678,-0.2104254921820834,4.356034918593432,-0.6826500440392937,1.1352560049948115
44.0,62.0,183.75537109375,-1.1016030881590648,2.6665610736103096,-4.970821748618754,-4.9953947123241695,-2.5551124778669445,1.3201049759861585,-0.3893587107383469,4.70329363181791,-0.7924544394726123,1.116795130525011
44.0,62.0,188.9629364013672,-1.0953337072548597,2.6059374584020967,-4.9984056018909095,-4.998865041109064,-2.42695820817747,1.4212260641463894,-0.3565459588651318,4.872576313164389,-0.7178459220026081,1.0459985033988026
44.0,62.0,240.47879028320312,-0.9906015287210028,3.142074421656373,-4.999945266013178,-4.972357048169133,-2.213439760949138,1.088086061031027,-0.5949641455743739,4.829810221503401,-0.6974500585016266,1.126794883467105
44.0,62.0,229.1158142089844,-0.9957208120699894,2.128081812263668,-4.995497495079224,-4.950706899622727,-2.772028690624788,1.2160557221076305,-0.5462873088058364,4.667474847722033,-1.014464989147537,0.9176676236494412
44.0,62.0,212.85269165039065,-0.8517484229410544,2.697202697975856,-4.984384495562939,-4.816182480118841,-2.38041900192258,1.8215040833938887,-0.6145068390205468,4.714219048725784,-0.8937410220161626,1.1895013423044256
44.0,62.0,231.6410217285156,-0.878448430850808,2.1637233140366474,-4.991065059005167,-4.803036934049746,-2.62919551746539,0.6817556997239658,-0.4589655219878521,4.782044479133729,-0.8984776766414075,1.0934135535103815
44.0,62.0,171.82400512695312,-0.9157086568389348,2.5897441406810726,-4.999949661832214,-4.98674097691238,-2.391317193771312,1.2822592258869836,-0.586950776935157,4.756339942011415,-0.7174915422763402,1.2964554296452355
44.0,62.0,222.7143402099609,-1.4282795321450623,1.947951710981184,-4.968777285089872,-4.926348664634721,-2.8008104444872512,1.6137764389046616,-0.4533347901218985,4.855833352778936,-0.8166587828413903,0.9947979544247048
44.0,62.0,199.9560394287109,-0.8653515669360337,3.1102573926563526,-4.981508407819872,-4.99998198672869,-2.4028745962697102,1.3581710019793751,-0.4269320709104027,4.775483989358078,-0.8373623864147737,1.072887051745175
44.0,62.0,198.51974487304688,-1.1124898185722705,2.911902919199692,-4.995934372645934,-4.891273077433434,-2.4582212087339377,1.3959431926591908,-0.4075057070909533,4.727481085660298,-0.7471551296130228,1.1158069921118503
44.0,62.0,224.19564819335932,-0.6568608105694587,2.926267553932292,-4.999956267595192,-4.960266823679252,-2.3946589053139293,0.791859929377388,-0.3111326218828312,4.5694077863522455,-0.8520320227244351,1.015065252195816
44.0,62.0,219.096923828125,-0.9784303544036304,2.3414983952915334,-4.997696689290717,-4.681180583576395,-2.3679775878746447,1.5148027873175751,-0.5535393597378011,4.676597041002385,-0.7935211054722844,1.2573304374120848
44.0,62.0,228.2455444335937,-1.4244771136410468,2.244349182718283,-4.988887107417202,-4.979460327591921,-2.3783785096568706,1.748744730179026,-0.4020126729012592,4.776797654997901,-0.8206705595121573,0.7924391202554961
44.0,62.0,243.43130493164065,-1.1944555297877302,2.500411239813446,-4.997523644706165,-4.926607526375089,-2.413188551960297,1.581275450168934,-0.7365757335762337,4.63751679258683,-0.8675016281804995,1.141666691815347
44.0,62.0,217.62954711914065,-1.1923256909555606,2.3761969461225183,-4.999668933590681,-4.966529888558258,-2.5039969498886068,1.155736510135493,-0.5398104585270147,4.79837627147781,-0.6722619169178703,1.1072176405182947
44.0,62.0,221.410400390625,-1.345689642837077,2.528450594163817,-4.998255073005842,-4.997438810712285,-2.50869741312901,1.05716561727432,-0.5041192925706692,4.869754621143688,-0.6789302551414691,1.2256659833591153
44.0,62.0,229.72976684570312,-1.3798947713731575,2.7365718329368445,-4.95911638189851,-4.932636011471662,-2.6588705177408363,1.595733912338318,-0.4115885823127829,4.84726904697434,-0.8836663477315767,1.085413634398189
44.0,62.0,192.45529174804688,-1.2403788533891662,2.562745068277509,-4.9996546731958444,-4.848788862779833,-2.5643990096891573,1.2804318646614463,-0.5035857564691675,4.640752154525838,-0.8545005524675613,1.0426531861083532
44.0,62.0,194.9110412597656,-0.7788473552907655,2.9548186884407706,-4.978715134178844,-4.90078349977532,-2.5020439544678967,1.6001637702053904,-0.1164546893291103,4.773332584877712,-0.823696713759448,1.0342904318473582
44.0,62.0,196.99757385253903,-1.069020968063242,2.047965906852152,-4.973363794071002,-4.996809346412845,-2.567997326291612,0.9327993621083416,-0.5559692126565121,4.649000968633022,-0.70015483546893,1.0792062602818024
44.0,62.0,213.15884399414065,-0.9439057066406492,2.030792086094295,-4.947547919054244,-4.99658340440149,-2.3670188838164483,0.9894104038840864,-0.3236457957835883,4.683008801239707,-0.734347296277404,0.7360797483122887
44.0,62.0,157.79635620117188,-1.0568368679227111,2.7275074594864623,-4.975297992842357,-4.854677845085349,-2.583606185145288,1.296537208276101,-0.5594389253166803,4.82690648637449,-0.8219970689061444,1.0134499933211405
44.0,62.0,219.5984039306641,-0.814937648075257,3.267166407925009,-4.998638551226887,-4.867408777092704,-2.472416198768908,1.5867481685672775,-0.6287799196182755,4.882269564094827,-0.768166516986982,1.0974037310083409
44.0,62.0,232.0832061767578,-1.1261816103419324,2.278326986574988,-4.943269804098126,-4.898625867629235,-2.387698455030063,1.2992233778811224,-0.4935190388504562,4.57100734665503,-0.901966994604976,0.9003750206847974
44.0,62.0,229.332260131836,-1.3434370333466754,1.6970544849677245,-4.992747815142452,-4.968965827024922,-2.582122801191621,1.5472356870633668,-0.4808521629700522,4.6054260399057405,-0.9310466553476876,0.9753255816670804
44.0,62.0,202.82504272460932,-0.7664704408281313,2.717182808137575,-4.962950905798304,-4.984997612182196,-2.505894735713467,1.149205070399912,-0.3058914384946565,4.443839299533561,-0.7832572319018913,0.9409371966067326
44.0,62.0,222.87261962890625,-1.1656333240525858,2.963774902217838,-4.999326145639707,-4.933707311019838,-2.3851634019855705,1.598312390784839,-0.5072170014124673,4.620275703552212,-0.8313271781052807,1.0888787679980094
44.0,62.0,202.8890991210937,-1.0478929606843574,2.865800774801209,-4.966347255568224,-4.910729941164769,-2.5862323384514747,1.3816420061048094,-0.4193992974339275,4.636176978356993,-0.8835224062257234,1.2432369058775992
44.0,62.0,242.1929626464844,-0.9469480878944134,3.0893911761792943,-4.950443623803067,-4.884123233424235,-2.2097320853989104,1.8041849535175816,-0.2687194263180537,4.661307244688244,-0.7146649182924829,1.1096331543732587
44.0,62.0,222.0335998535156,-0.7407192831975449,2.640447532040695,-4.911190704278935,-4.9118700766730745,-2.390323391680837,1.6728468717812923,-0.4046017403699933,4.454168213680202,-0.8419931996891572,1.1811787194295666
44.0,62.0,199.4958953857422,-0.9563679297623392,2.4344003264273244,-4.974257346252665,-4.99842451563124,-2.578170416989228,1.222876966370576,-0.6058128149875959,4.706873582732317,-0.5791693094973649,1.0636941833384563
44.0,63.0,212.59231567382807,-1.212349020161938,2.5607185304489075,-4.984355250328903,-4.87881967086612,-2.6916099146702868,1.1334093081877494,-0.370682508530292,4.77869563816021,-0.7658276150118963,0.9684201267877636
44.0,63.0,205.70413208007807,-1.207984030090549,2.424968202135398,-4.986857020353947,-4.916876555216778,-2.6875339923970865,1.431511251057616,-0.5053491269718071,4.804590965878914,-0.8280816946995824,1.1384888240816051
44.0,63.0,201.83721923828125,-1.1647820991835145,2.3630510123771584,-4.985907034617282,-4.9938071758410585,-2.456952140558636,1.4092296558724362,-0.4466183683818379,4.624876003071462,-0.7294183354304922,0.9845916813513984
44.0,63.0,209.7098388671875,-0.9461765064670776,2.990662928187372,-4.998128178421264,-4.923940832680149,-2.656376651805617,0.9460120056907906,-0.4244173772531798,4.8320145644110575,-0.8130622566738879,0.9223874653527444
44.0,63.0,215.1407470703125,-1.1324789577987238,2.6516327397334374,-4.986765402388755,-4.899102619361558,-2.604577078441122,1.306365605385346,-0.3457285148588589,4.739536110030819,-0.9167515058844292,0.8745367546385552
44.0,63.0,208.8664703369141,-1.2165138869197878,2.8408090421407683,-4.995839392097318,-4.998854761861985,-2.660222641151736,0.9409554928553724,-0.4132221524126942,4.800789947862905,-0.784180356193799,1.154145696560028
44.0,63.0,196.4735107421875,-0.979075275437162,2.090333876227989,-4.978625274757273,-4.931834733766931,-2.518716966238132,1.3761783417102975,-0.5504945518453557,4.670345620625037,-0.8671737058793472,1.1861019737009562
44.0,63.0,231.83352661132807,-1.0199412724579957,2.269804791893871,-4.994566019071073,-4.998594168488506,-2.596086739887476,1.0726496029908985,-0.4430966341749087,4.603949395108451,-0.8032848180880521,1.1332699418864998
44.0,63.0,214.4057464599609,-0.9544529442967572,2.7124231274283144,-4.999399323880399,-4.921029730883573,-2.659863637090236,1.205957273584236,-0.4700693588918394,4.670583263026856,-0.9640563189401474,0.92676007215025
44.0,63.0,192.86871337890625,-1.094804727426928,2.85301768452131,-4.95563308625478,-4.993975979353612,-2.4405488455850666,1.7182071673599246,-0.3559974481673036,4.859991680412128,-0.8390212154714973,0.9795608569725918
44.0,63.0,224.475830078125,-0.9533666427260732,3.2337708351133454,-4.999041075029023,-4.951041753033533,-2.6621638276867325,1.826240463747261,-0.6847806702787622,4.833612139883295,-0.9376013313624744,1.1066271490620982
44.0,63.0,227.3270874023437,-1.1479062256208443,2.348237404593263,-4.992647757973372,-4.362702059680049,-2.716713059852763,0.534559411614703,-0.6330646390455428,4.83391164295506,-0.7707710124991047,1.1606857812723792
44.0,63.0,195.71144104003903,-0.9927863859039956,2.477307544129376,-4.999897633415457,-4.974261474928349,-2.569648279494756,1.196542637123672,-0.3690062907952818,4.755743231366539,-0.7942724406394595,0.9514374752434582
44.0,63.0,223.5289306640625,-0.8144878979245522,3.0301671341652607,-4.975978694648073,-4.963001957400575,-2.553996617279171,1.3668919722962505,-0.6226389968583366,4.854140659085619,-0.9441250135761798,1.1717217757330456
44.0,63.0,234.97805786132807,-0.7641145619310983,2.664014607925552,-4.885985697826984,-4.9999959610002325,-2.495331859965196,1.6381324371202624,-0.3046547650873723,4.579684458908016,-0.7279589945242506,1.1995432917125592
44.0,63.0,214.2283935546875,-0.863393115820621,2.8771622071927787,-4.988350981046322,-4.951869756726058,-2.74379871228697,1.509947910976094,-0.4535757970329932,4.817569227934518,-0.8743712630197358,1.0620455872322276
44.0,63.0,239.27008056640625,-1.1483190210137255,2.229449826408612,-4.998610202229825,-4.8460572275449065,-2.6859818568195952,0.8423981226124422,-0.5611631210943626,4.923820419230648,-0.9337656194302372,1.1413444758009454
44.0,63.0,235.6650238037109,-0.7097509532423727,3.139041822856729,-4.972028232638583,-4.906010879372807,-2.521493125229201,1.1889212797920763,-0.3839738285801815,4.761400383791042,-0.7328789009784122,1.1573074147384237
44.0,63.0,194.4838409423828,-0.932567010677344,2.716254725256324,-4.994763327062311,-4.998186760893566,-2.5367046920864915,1.3679369232666776,-0.3946317555377368,4.760306643107706,-0.936582865474608,1.248250958059006
44.0,63.0,195.2031707763672,-1.0021791186642193,2.596008035753795,-4.999999907415471,-4.964848779908067,-2.4100905227557607,0.9148672120811066,-0.4506953186524489,4.850140092615972,-0.6566647559514314,0.94186176854617
44.0,63.0,227.02243041992188,-0.948691691873372,3.048332908676697,-4.986341597844175,-4.990841953728631,-2.5192671492338023,1.1366506858664351,-0.3218297666659833,4.894677476407081,-0.8078627935730109,0.9141513875385644
44.0,63.0,243.5053558349609,-1.113133077851283,2.9230610471096945,-4.980467496878893,-4.957891703217846,-2.327673384207513,1.0703800301622373,-0.1658451962102534,4.654153870308729,-0.6192175655333445,0.8740448781836143
44.0,63.0,197.2757873535156,-1.1108559794134578,2.494994624314124,-4.9796609353122285,-4.999998954937422,-2.571271092444353,1.0350198768019734,-0.4670972065250636,4.822430358631873,-0.8041253968777164,0.8170077498487514
44.0,63.0,199.6596069335937,-0.9553729947764432,2.9194044248008053,-4.997551116984619,-4.949141397756317,-2.581104260358713,1.4591277051961482,-0.5043258873949705,4.750500618606978,-0.8595027122502792,0.8647529043494329
44.0,63.0,178.3998260498047,-1.0270706081770604,2.608320567474884,-4.952073857557156,-4.879263203180734,-2.51228177544277,1.3180352282467735,-0.470470426209129,4.778227620353183,-0.8372567879139732,0.8884859876151356
44.0,63.0,235.01901245117188,-1.5717326073382667,2.93898346167178,-4.999930941079755,-4.922418469205877,-2.4814176633193084,1.5165666164710565,-0.5324873279359563,4.543194105624098,-0.7649612423637038,1.1509919805119404
44.0,63.0,192.7611541748047,-1.0581649576502357,2.7986767597535467,-4.9968207061514205,-4.949098000636679,-2.599714736728359,1.2530595222467733,-0.3883411790603785,4.838102184722507,-0.8108652476889047,0.8274215407921428
44.0,63.0,211.51724243164065,-1.0575831027431253,2.520858601623821,-4.994457283822579,-4.999593777510182,-2.7136252303004484,1.507750207098324,-0.3224492463857391,4.704650337718338,-0.7526678454530451,1.0808292617064303
44.0,63.0,226.7206268310547,-1.43568973912432,2.29039412722754,-4.98676064772745,-4.903786735284273,-2.678821302618167,0.8284916500114221,-0.2825345770499057,4.725524999129018,-0.7669810827958532,1.2287261169299866
44.0,63.0,211.4769744873047,-0.768829493959756,2.683359530136614,-4.983962877462942,-4.999991193006989,-2.5323989820089783,1.1038818469575489,-0.4833499640029419,4.680353166271033,-0.6906583249635538,1.09092434886798
44.0,63.0,232.5028076171875,-1.1692404803906085,2.88862215537412,-4.998833003977778,-4.947057749820708,-2.461329608908473,2.113577574010064,-0.6421174824858733,4.771255838029648,-0.935486500331935,1.1384645591824096
44.0,63.0,201.21466064453125,-1.0183487478922115,2.621357500004171,-4.992905438408963,-4.922091415557196,-2.608810122549247,1.194934220514677,-0.5904774204170105,4.62616006575966,-0.728987674336965,1.210334734313574
44.0,63.0,208.6796112060547,-1.2627173084088037,2.57244127021266,-4.991442291029223,-4.962075811966769,-2.34236998638594,1.6251766595933077,-0.5415870009390371,4.885271836383771,-0.8445179503556179,0.9621565609199036
44.0,63.0,208.1288452148437,-1.0741073081192032,3.162857842371442,-4.9827787350914114,-4.999858533930209,-2.792205966115984,1.234907348275235,-0.5393319939495358,4.644778114476983,-0.8383175682392672,1.2808292505092638
44.0,63.0,207.85708618164065,-0.9817001050163804,2.2916918307918213,-4.987042141923362,-4.955173959829358,-2.4031240163761107,1.1531268769692815,-0.4487464260873182,4.827427595089418,-0.7386719296563591,1.0746262668682247
44.0,63.0,204.46588134765625,-1.0004062912778928,2.824584583049681,-4.98923721664497,-4.946222459301622,-2.4331992299475003,1.2504177954919733,-0.6956164895508898,4.848524888927724,-0.6714286146191739,1.2209254214096896
44.0,63.0,203.8374786376953,-1.096722900389655,2.337326845578299,-4.997880864571276,-4.818502076440797,-2.421320084984891,1.4174772330534855,-0.161015502815407,4.670828544192249,-0.7876424262043464,0.9298744871483366
44.0,63.0,193.13772583007807,-0.927921716926746,2.149522445584488,-4.9940741650568805,-4.948796542298745,-2.529993254318346,1.419382882938315,-0.8017125703873784,4.803904629205636,-0.7559043973062636,1.317643736356687
44.0,63.0,230.29122924804688,-1.177435431908984,2.5876488438164644,-4.999262555438559,-4.643893280763152,-2.7448865358483547,0.7504367093167419,-0.5414024068686043,4.666770375072529,-0.6704123374777025,1.1067150189087591
44.0,63.0,217.51287841796875,-1.1088518693332432,2.82411646407147,-4.99833246495497,-4.961875461370541,-2.396771993922495,1.022030210052698,-0.4136913333703038,4.736227312569984,-0.6047642114194165,1.0806779664781363
44.0,63.0,224.11119079589844,-0.7796240644514469,3.0177333264962787,-4.981056513200704,-4.999879615513623,-2.5366099847252173,1.522814294940556,-0.5574312922320024,4.639353298741675,-0.9047740503967344,0.970975317804058
44.0,63.0,215.15652465820312,-1.3108098725790192,3.068644450480699,-4.99515621549388,-4.949923200364568,-2.6032368987546297,1.346339031352013,-0.4676790929339667,4.694968445207305,-0.7522526266676897,1.1920508306886957
44.0,63.0,201.0078887939453,-0.8566004269712204,2.865371325731471,-4.999762046676868,-4.938617543602711,-2.5486281196490257,1.1610145057079997,-0.3969401063182518,4.665921376799085,-0.8087584085626593,1.2998984656430004
44.0,63.0,184.85289001464844,-0.8039848784585342,2.840175675990185,-4.890374117727864,-4.9999908430709255,-2.5094498266284084,1.3812612590663766,-0.3579901814666542,4.718626864003362,-0.7782623835642513,0.7038980422197465
44.0,63.0,236.87158203125,-1.043421639731943,2.187802519378357,-4.986546539565979,-4.974977457306523,-2.439364015652132,0.9975846417348996,-0.3230909299012543,4.589861607454058,-0.849208577308092,0.9260503773141552
44.0,63.0,202.0085601806641,-1.017325884842724,2.847660208378749,-4.999979703676091,-4.983319511890578,-2.741613088159609,1.4544543532650227,-0.4667788509877084,4.729757500624402,-0.7649616257643697,0.8782931735217714
44.0,63.0,230.45767211914065,-1.056765804058721,3.116629656343532,-4.998851819404772,-4.999755315939668,-2.6497667962118583,0.690609223358142,-0.5156520315604372,4.595106360338338,-0.6431628136444312,1.408987282815243
44.0,63.0,226.9585876464844,-1.3153716546121244,2.7293688552716544,-4.99942915219684,-4.973144173062061,-2.3186393858488543,1.238739544094792,-0.2889185954664182,4.9113152026189,-0.6874862208363943,0.9786055627577532
44.0,63.0,238.1958923339844,-1.0377938635899775,3.06787233433721,-4.962649431595152,-4.999242194374376,-2.6759813401237005,1.237657213097716,-0.3537148068804754,4.641551519800492,-0.6975354079367015,0.9132957385926944
44.0,63.0,208.1660614013672,-0.8810800311361842,2.927543229974648,-4.990936310809574,-4.987535397163231,-2.561034352393252,1.877633816595756,-0.5322253888589081,4.714142302081715,-0.9534036616754192,1.1923505678580533
44.0,64.0,211.166259765625,-1.4001410921642683,2.0539188169663074,-4.978697539432612,-4.948931309949392,-2.494637889792817,1.4313527632492526,-0.522960143178115,4.880286309085838,-0.8412363543289505,0.8465631166189009
44.0,64.0,182.17828369140625,-1.0599487611248375,3.229726104403841,-4.970362757295589,-4.9275643273442205,-2.565598156657352,1.389644860830873,-0.3925157863783468,4.8165044288860095,-0.8088252081016591,1.0215667024717057
44.0,64.0,221.0134735107422,-1.176741602736688,2.6774582352612164,-4.999957830221128,-4.373522678405212,-2.599643035476362,1.0377754408740971,-0.3502023285154774,4.754593124849816,-0.6410240617925691,1.0842156069732418
44.0,64.0,214.63058471679688,-1.2479460674264289,2.815601578182301,-4.955072111840068,-4.967329464618096,-2.549970749849756,1.5960707334909774,-0.2289962504050811,4.787807242059671,-0.6717645732822684,0.9712678803756276
44.0,64.0,232.24057006835932,-0.4603229039431413,3.358906864593488,-4.996037571902065,-4.993469606241842,-2.533713592329853,1.2519141820518875,-0.4000820435052707,4.534249878022564,-0.8404326947601559,1.197801173782434
44.0,64.0,196.65777587890625,-1.1270355498213611,2.900831620709006,-4.930967853366258,-4.960556008338596,-2.68758074685107,1.5291505345990064,-0.5875492471148105,4.419907625629255,-0.8897186684096479,1.3129271431974088
44.0,64.0,201.7700958251953,-0.67228449068367,2.8160062260031085,-4.887676163660318,-4.996307802427951,-2.472020287424521,1.3433083258782998,-0.4039597836115618,4.700759390441229,-0.7646384272640567,1.1792444096788115
44.0,64.0,213.97146606445312,-1.3585129773667388,2.832504564008315,-4.998990995027349,-4.911939869058383,-2.554354196471813,0.9914890971642444,-0.3616154386918087,4.742512676250208,-0.774099606152733,0.951686706282154
44.0,64.0,264.80572509765625,-0.6332176292021767,2.9700756194339126,-4.9995211413030445,-4.200071124035609,-2.332988487394477,1.6937937356922248,-0.343518551404026,4.721294871876914,-0.67622362660211,0.859644327491365
44.0,64.0,199.0733795166016,-1.017170489994479,2.016383593649307,-4.938528017040898,-4.949966529359555,-2.519788245915723,1.7443793546013904,-0.6303859858079424,4.730675038564511,-0.8549374432083479,0.852479159528615
44.0,64.0,174.2403106689453,-0.9952920531987726,2.626824826091272,-4.974704765311632,-4.998718904977862,-2.458842181934599,1.0122145895625598,-0.5571370136827323,4.801137995096523,-0.717662988329101,1.035762043560286
44.0,64.0,197.77915954589844,-0.8406653860500093,2.233257259120921,-4.988183528612375,-4.998728439157698,-2.4993558458999776,1.275633322836888,-0.4815710340707149,4.672378717218491,-0.8736990927848893,1.0039183895541337
44.0,64.0,214.5464782714844,-0.8320243911795533,2.4556344069440064,-4.998385607167873,-4.973486285717515,-2.422756016279047,1.164000299852244,-0.5036647347411938,4.4488535173491,-0.7220648296003667,0.856267729720857
44.0,64.0,210.76535034179688,-1.1890807869126148,2.538852451898511,-4.999595483804257,-4.87634212022567,-2.727941812460479,1.0648301757681828,-0.5548704354414653,4.875301456159187,-0.758931686206032,1.0807904156002524
44.0,64.0,185.09039306640625,-1.0837491019529737,2.486580774247676,-4.865406709624035,-4.780399683998287,-2.557407975764731,1.3391210636388535,-0.5098386038624074,4.630340084889472,-0.8356018864582389,1.0303537261340958
44.0,64.0,200.1596221923828,-0.7258733616270945,2.6394447767519145,-4.978416924332177,-4.978660086545477,-2.643213864730628,1.402615265743946,-0.6670120866793301,4.771847997029431,-0.716522360261771,0.9382346358344656
44.0,64.0,191.3292694091797,-0.9061384270889752,2.6717633528249625,-4.994461795433731,-4.982444007241679,-2.3668904584196064,1.42197114290299,-0.489313348150926,4.820310159902615,-0.8406206584124174,0.8791499871642481
44.0,64.0,200.86508178710932,-1.1242126450880576,2.2254965107244846,-4.999985487144127,-4.999981241568134,-2.677694467000592,1.3498266826988603,-0.6446447184829616,4.3825344063777205,-0.9081244724391988,1.3058560164788613
44.0,64.0,219.74508666992188,-0.941864843600225,3.287174947452984,-4.998165099466994,-4.758035582400376,-2.4009678346650447,1.3269408061664691,-0.4151985131672049,4.923979748244939,-0.8598859956509104,0.969029275206772
44.0,64.0,186.0853576660156,-0.9351646274573948,2.6579677920843654,-4.998228729786346,-4.911307704939853,-2.39061499649748,1.1813901093177526,-0.5188081710603001,4.757222749610454,-0.7084005323536955,0.9665940553990424
44.0,64.0,205.82229614257807,-0.9889862822082094,2.119184583465211,-4.997366486167997,-4.991569201380947,-2.641822685663086,1.0487165387355055,-0.4269871598682062,4.753583474019337,-0.7695976274706293,1.0666535167460376
44.0,64.0,212.74951171875,-0.9636222559718286,2.634978603254191,-4.994210086877352,-4.787157641162135,-2.463621234404945,1.4806081560031847,-0.4208929503962819,4.841975921082401,-0.6773555038098671,0.7974731714810614
44.0,64.0,254.5245056152344,-0.8283915993000477,2.549644102954555,-4.999625553513593,-4.972325506837722,-2.543972771057116,1.6594792331475752,-0.8206197026918218,4.51942693239276,-0.9620004472034802,1.2009515916319575
44.0,64.0,216.50881958007807,-1.2504949159677716,2.556589356280508,-4.996173058054045,-4.998756234925254,-2.51617517148202,1.1756388569467946,-0.3149058804825468,4.853068058039408,-0.7404422772406685,0.8140732614286268
44.0,64.0,211.44583129882807,-1.0149730379880797,2.77659788895778,-4.932379832168016,-4.705235327404299,-2.717481949093231,0.7886198347454485,-0.5288832445537652,4.4810521507153975,-0.7453470257861552,1.1250117695289568
44.0,64.0,197.1058654785156,-1.066114385731971,2.450670151751,-4.990754595122333,-4.994291541310243,-2.486250167021789,1.2756047357602718,-0.3497271154412606,4.8310972740394345,-0.7859140062590333,0.908005976188674
44.0,64.0,180.92428588867188,-1.1800085946909893,2.6632748234336976,-4.997489756938356,-4.9797955690404265,-2.550215884267307,0.719240326018566,-0.6543971709653391,4.883004696378782,-0.7604113409711601,0.9956253976192996
44.0,64.0,229.188217163086,-1.0782513183315996,3.0450115555613504,-4.990963686035735,-4.998711240078991,-2.697058509529369,1.2362499901007735,-0.4588073565279877,4.944625917675754,-0.7641211497096325,0.8797077525868371
44.0,64.0,159.9144287109375,-1.082913462122932,2.634070085824261,-4.993567697479861,-4.9778489907694645,-2.4335320359378354,1.4081221660914798,-0.559964884135761,4.779181843023315,-0.7622372881914812,1.063453705451174
44.0,64.0,192.65399169921875,-0.980618319987566,2.0875456686354097,-4.99053311618175,-4.97828803024035,-2.441182899481856,0.9664428419699008,-0.5228501655037459,4.918079951356576,-0.7878246885109164,1.073318853358506
44.0,64.0,191.9633178710937,-1.193162530469745,2.7219367855731065,-4.989897696483093,-4.940205356962145,-2.5412110362832125,1.3180575971582211,-0.4017894853778561,4.921290521930672,-0.7601282439375812,1.0720879316667915
44.0,64.0,219.72384643554688,-0.9026407321573028,2.489404213350096,-4.995250639490582,-4.999629824868495,-2.688507126859292,1.2519225608231732,-0.5698660410233884,4.545963471381388,-0.8577890778800699,0.8853125655856386
44.0,64.0,203.67999267578125,-0.9300103883365765,3.0389043509684512,-4.925628642511932,-4.9826817574849365,-2.4426579067664504,1.7740076236908786,-0.4516277463369818,4.846003011947911,-0.9226824503209476,1.0062988258186554
44.0,64.0,200.6177215576172,-1.1169590367313045,2.221336996505963,-4.931022113847392,-4.828716251875893,-2.5754294065701373,1.1623307200019817,-0.6083226172086134,4.7352601626774025,-0.7493979342144899,1.0317814974173365
44.0,64.0,236.1749267578125,-0.8475561277958663,3.10049180220878,-4.893331320775224,-4.980468877720328,-2.5177484346604686,1.4789941404048363,-0.3192382733085868,4.642803686524871,-0.7489815543866358,0.8731284911474475
44.0,64.0,218.71798706054688,-0.9729961642267426,2.243731033345142,-4.993995763045868,-4.967267124422744,-2.4494297486267183,1.5386261783892738,-0.2812848283295901,4.739765547536456,-0.8091457679073457,1.211801826356699
44.0,64.0,231.60948181152344,-1.1576391267682205,2.346286609108442,-4.987103327520535,-4.972203165031454,-2.7071992060644576,1.611548504197545,-0.6024668295627791,4.874547933296228,-1.0157678608299276,1.0703055253790144
44.0,64.0,194.96609497070312,-0.9822953079087462,2.5524878811837395,-4.999857485683416,-4.536602546793886,-2.4639388255305823,1.0144506766481882,-0.390826794822412,4.767024222503034,-0.794509398209323,0.9654066193039544
44.0,64.0,184.70541381835932,-1.0946646447936907,2.7157322221455704,-4.980414404405236,-4.873949752435508,-2.5544869862734,1.093614958433041,-0.6479505971186086,4.761389358058883,-0.7659055927725786,0.9854325762729969
44.0,64.0,253.1826934814453,-1.1295960275662953,3.0838332027630564,-4.9980113414366905,-4.766771246501116,-2.488261235117468,1.3475700232770311,-0.2657300667253253,4.9580581429816455,-0.8665503144905129,0.5224760049496435
44.0,64.0,206.93698120117188,-1.01250501043258,2.168475209894956,-4.996255865065641,-4.994514232262139,-2.553057239469426,1.2068129665935254,-0.445002740685176,4.756845085926511,-0.7285334214302397,1.1104570708663992
44.0,64.0,194.169677734375,-1.1295920115394864,2.814876988365516,-4.986115347930428,-4.911246166612871,-2.7537782635058865,1.8236134243849564,-0.7103403789265537,4.7998889417745865,-0.8394964121432187,0.9958117697668296
44.0,64.0,221.71609497070312,-0.9708741823426488,2.0679759917716742,-4.975561971006954,-4.922922893794806,-2.5291010707431654,0.9607570015587984,-0.6606285523360622,4.602247990557833,-0.9019442475257228,1.248173366649726
44.0,64.0,192.61041259765625,-0.6929179248403363,3.393376266957386,-4.998337244737303,-4.934754342897725,-2.43233289344541,1.3768207116240276,-0.4974134220284076,4.820430141871482,-0.947767105148298,1.3043701175713167
44.0,64.0,204.8787841796875,-0.9282154851632614,2.6609882464060384,-4.999873046654265,-4.985771123996698,-2.5836343790741787,1.1130259922105914,-0.6137850412985193,4.756456855985306,-0.7147996278031759,1.17489208991333
44.0,64.0,200.4602203369141,-0.790874433992995,2.397774365507958,-4.96213890635618,-4.966755531000852,-2.450825536317155,1.4687434547937157,-0.6635925392561424,4.881685699131783,-0.7879290772328398,1.0555783807342047
44.0,64.0,186.5672607421875,-0.8226326172913634,2.807554644146792,-4.994951017348533,-4.992401001217632,-2.472591845953235,1.6690014223199316,-0.4412246516279303,4.839960745871343,-0.7826393002517023,1.0351357666444283
44.0,64.0,228.6288909912109,-0.9630095987327172,2.4204084110016115,-4.974682726079426,-4.92049469035489,-2.6264426180349085,1.4741207937737046,-0.4069714282522705,4.835568253700977,-0.950846569514808,0.9082550465480912
44.0,64.0,197.32704162597656,-0.8337240058833322,2.8061942998038427,-4.984618065420976,-4.987193947321269,-2.6233445548867715,1.289893806988891,-0.5010388456428245,4.771487776583376,-0.8995657198456151,1.2071785791087288
44.0,64.0,192.39205932617188,-1.0669398461238302,2.36524845427399,-4.9326233192246365,-4.989975481081844,-2.528512816899419,1.384718746728475,-0.7113944503313041,4.854631161997169,-0.7148602688324219,1.0331097802430769
44.0,65.0,228.78286743164065,-1.1423524495277857,2.3923841646816246,-4.955934488055553,-4.944777077130484,-2.3291803500412787,1.310156038749887,-0.3954579971509755,4.89325598339004,-0.6705757716866687,1.0955483237082273
44.0,65.0,264.81036376953125,-0.66811517985336,2.5063993897739003,-4.9539821890873,-4.649262925613519,-2.298123765879475,1.174758711143724,-0.2941277459127285,4.915992522294147,-0.7495256487149247,0.8795797582429143
44.0,65.0,192.1154937744141,-1.0829431102252256,2.61298458119351,-4.998856162665973,-4.976224597117302,-2.612590622136274,0.98529609147855,-0.4559343066452346,4.83855951129623,-0.9165854752866442,1.01171461708193
44.0,65.0,196.82693481445312,-1.119174710426829,2.814123727490588,-4.998734944696437,-4.199150496790111,-2.7124177181007987,0.7456060088147822,-0.5898775340813325,4.655611528745673,-0.866660808974645,1.365592621497612
44.0,65.0,236.6827392578125,-1.0193170423695976,2.969884391235799,-4.919766295932506,-4.791702231316149,-2.515421852389484,1.4346930266200522,-0.3345344221671267,4.677748056254812,-0.6954256760898385,0.8742916563542149
44.0,65.0,225.48611450195312,-0.7374253920246883,2.535212297649788,-4.96214511934858,-4.992394768135136,-2.2588440271341845,1.5682737780230926,-0.4448744979564445,4.891454354346999,-0.8111381583857442,0.9434468378823126
44.0,65.0,190.1744537353516,-1.1350362752533574,2.561406489607828,-4.995052891436838,-4.9740994323782175,-2.655145539840678,1.58754345394979,-0.4868112981796146,4.790561550615152,-0.854791715065482,1.0251459112492256
44.0,65.0,209.9436187744141,-1.2621796442178597,2.27172544384893,-4.998370114087967,-4.8312917950345335,-2.5249709171805934,1.1867200965028155,-0.5742776380327088,4.753909009585003,-0.7258016808786554,0.9936007029353
44.0,65.0,180.3780670166016,-1.2300732526291491,2.484027738106165,-4.999771285899071,-4.993853491594106,-2.6325685554935694,1.2796522056231794,-0.5672382674260703,4.867917427614273,-0.8007381580598718,1.0531826835368063
44.0,65.0,195.9173583984375,-1.171472899680754,2.637485548284859,-4.999973140370676,-4.986408080581879,-2.428719937912829,1.2311047135544513,-0.4333036478813712,4.706534929481007,-0.7829422506281061,0.8907029243299043
44.0,65.0,191.03488159179688,-0.8074022089007489,1.953565528536494,-4.962661132785621,-4.96670441167024,-2.5116539754749483,1.2813355162436189,-0.5892616418824641,4.538097878454055,-0.8490134477018412,1.0047846995759748
44.0,65.0,213.71827697753903,-0.8533686516521151,2.473859668780819,-4.988794114248171,-4.803043356100136,-2.462307696582787,1.140774249324056,-0.3639109183185551,4.745719955958689,-0.7926572908571528,1.06147955343621
44.0,65.0,186.80894470214844,-0.9541889730364436,3.2080106700205366,-4.999262811911625,-4.978823285941007,-2.6569812469640834,1.3477265975903148,-0.5961812372551929,4.645899142890988,-0.8236502282822817,1.3224081448974443
44.0,65.0,197.2789306640625,-0.8121369647950889,2.442083118240639,-4.996979497218145,-4.992951756257536,-2.4665001044676664,1.1200120911881122,-0.6053013253187176,4.809138944719875,-0.7434378181328531,1.0489862756441513
44.0,65.0,195.9493560791016,-1.0984871097962152,2.8880397094126025,-4.903475630288965,-4.804240776388533,-2.531226343513229,1.0584415674742012,-0.5282809842772735,4.718613683866836,-0.7362340189310181,0.6997778176259928
44.0,65.0,178.34393310546875,-0.94739818334266,2.7791960450929265,-4.95244237937083,-4.959684843961329,-2.5208221033137983,1.2896562525934128,-0.6424825730526651,4.753806488841622,-0.7234905038054009,0.9451867859051184
44.0,65.0,209.9974670410156,-0.9974101248172742,2.39410596319266,-4.954690888618944,-4.9967541394411725,-2.2526936003443776,1.4303780949422586,-0.6266971248915132,4.838764197865336,-0.7304688193343161,1.226793870617115
44.0,65.0,206.3533172607422,-0.9342812527105052,2.6871666954729747,-4.989750834294207,-4.997194700291551,-2.6140085092907435,0.8613464068569643,-0.3627246050128407,4.742440025839326,-0.6412446462238517,0.9264404347348218
44.0,65.0,230.90679931640625,-0.8832555605293866,2.9009737108237053,-4.996195018741683,-4.959609516958798,-2.546248411464598,1.72676577650509,-0.732110700154105,4.817125981857634,-0.9560505215207806,1.185283870762662
44.0,65.0,230.8419647216797,-1.199851021523033,2.2638574747077893,-4.993253230910304,-4.9738969920591085,-2.391314489996246,1.1487927374121112,-0.222374909161692,4.931426691502294,-0.7323758359253905,0.7232744153258066
44.0,65.0,221.9752197265625,-0.6048501904085644,2.822989238892351,-4.919887631100295,-4.892418616038164,-2.575215622049834,1.2064551754280242,-0.55642740701626,4.590850792032041,-0.8392547263477459,0.8393058987236124
44.0,65.0,217.7971954345703,-0.90182702455225,2.830933851388381,-4.997692498799798,-4.846530658454352,-2.473784489968292,0.7525996943960997,-0.5294942416042359,4.916449383400014,-0.6635318500579963,0.8568309439699826
44.0,65.0,196.06301879882807,-1.007305186102692,2.747373118912908,-4.971322751425853,-4.900223683690483,-2.4526189453008787,1.671674194533623,-0.7160316380468634,4.854789481706215,-0.8660896012261459,1.044729065706722
44.0,65.0,225.4852600097656,-1.0875219823905438,3.067841522379549,-4.999865674378484,-4.8544191345704215,-2.627440556610215,0.9827612344032302,-0.453061023100151,4.653709777658818,-1.0384813778955315,1.2692870615739815
44.0,65.0,173.23648071289062,-1.051889357803386,2.5822975592547976,-4.954387317806132,-4.931892153286498,-2.524766008543581,1.475771976221946,-0.5134861762132807,4.870353338245161,-0.742021253890699,0.6418213171445917
44.0,65.0,220.5501708984375,-1.208836387507552,2.073594838403148,-4.991872764433814,-4.992594768066573,-2.5250889384385857,1.4762660712010796,-0.4864372555674805,4.563223505834316,-0.7703136747484702,0.8824694318823187
44.0,65.0,239.2533416748047,-1.2872251032777131,2.760949079869349,-4.97393848106693,-4.988793142894493,-2.693197896193208,1.142946914478018,-0.533208328174755,4.614026490107023,-0.9327336415841287,1.194365086836525
44.0,65.0,219.74061584472656,-0.8849035675180748,2.56245265383114,-4.978739955830826,-4.999995187942589,-2.2832392133764268,1.2032082379970266,-0.6839174368299084,4.922510685209469,-0.7146337883939315,1.29790355635779
44.0,65.0,258.05157470703125,-1.2466328477849062,3.0698842809760105,-4.946936494483386,-4.952094983257158,-2.225320740639281,0.91254011482744,-0.5278968802843877,4.990211867190887,-0.6457784642230626,1.1217533977944854
44.0,65.0,214.9130096435547,-1.1004352539264597,3.008200067774368,-4.993346034658606,-4.997466216492038,-2.4352833867095782,1.7598398966658566,-0.4498343249711762,4.653617438375161,-0.8487107314497013,1.1216965750242345
44.0,65.0,225.71615600585932,-0.7284097814161328,2.836028977529276,-4.960861048057874,-4.942664088956139,-2.333475415015977,0.9714001958548106,-0.5851970655264687,4.858467137371914,-0.6696445151471142,1.2028635121561937
44.0,65.0,217.24267578125,-0.915422012979196,2.829124002170861,-4.998224050577564,-4.834055582561385,-2.6866214899323766,1.1319263804364803,-0.3840609996461861,4.766679866600038,-0.8000672517197547,0.937102308052383
44.0,65.0,183.18637084960932,-1.2144942713050173,2.6268102327033924,-4.993953356284245,-4.992342290423664,-2.473616672473029,1.8017828341051203,-0.4795624075266218,4.785829207878656,-0.8265405048625531,1.2126229647960605
44.0,65.0,205.6786346435547,-0.9618539104919588,2.834488107829502,-4.989949279684793,-4.752414141040138,-2.6427345107172497,1.2678458576338336,-0.4733279868382354,4.675183707970149,-0.8706343555183267,1.2500079831756263
44.0,65.0,187.1865997314453,-1.019697158604886,2.8016767963662907,-4.998161837956775,-4.992828720191933,-2.4322835588505507,0.8891461859011951,-0.6657235855019685,4.9149639566192125,-0.7561037816571927,1.0738652504940402
44.0,65.0,188.6651763916016,-1.149426332179631,2.3859407424022017,-4.996491647760792,-4.991132498985614,-2.398075000134245,1.442903931173234,-0.5002996077743607,4.819901471959765,-0.8168596248812756,0.9563437419912172
44.0,65.0,196.70684814453125,-1.1710713120930325,1.7161912784757982,-4.972682074712568,-3.926948506277234,-2.575561494545937,0.9591401347424622,-0.6029800551693825,4.835904857296043,-0.7805062054232446,1.0957517356765347
44.0,65.0,214.74880981445312,-0.8073062855232687,2.8708840323128326,-4.969026173888852,-4.999676702449546,-2.352449121440796,1.4057832351315869,-0.4560157843222061,4.924308505786911,-0.7150182254476762,1.0804864651945485
44.0,65.0,232.32931518554688,-1.2842320423232163,3.139868124411949,-4.970870284139268,-4.991701947500914,-2.532970787028138,1.140066439731731,-0.3787353325250011,4.862171523353705,-0.8271996237982719,1.423492722709934
44.0,65.0,236.42901611328125,-0.961516901825159,2.2950351788833787,-4.999902628858728,-4.576219596797827,-2.670451868706049,1.02707019629241,-0.5619579487367456,4.54861496280688,-0.7910727556145778,1.108801958857434
44.0,65.0,213.7684783935547,-0.8180342043766595,2.660368558425372,-4.952730508308602,-4.945130134585285,-2.500247475547268,1.4341626099761262,-0.7818471537665932,4.823494769554964,-0.921716925963266,1.0960451384392087
44.0,65.0,246.6868438720703,-0.8534880185672167,3.066489346351876,-4.998263651440998,-4.995482066627015,-2.570734533231273,1.1026787797566318,-0.8172009628834953,4.861253716653096,-0.8673864453557476,1.1879528774760129
44.0,65.0,176.60211181640625,-1.059542345666154,2.87415270222591,-4.978024294201641,-4.9811506616820855,-2.333165239197265,1.434821693146433,-0.5653342112401845,4.837578941934472,-0.8218675604315973,0.9955107043263736
44.0,65.0,190.1631317138672,-0.9722287064276348,3.584472983450977,-4.989158454012225,-4.982653011131781,-2.450104930926252,1.442726765348123,-0.6450430030782588,4.843675868798991,-0.8708704178255209,0.9290936191224032
44.0,65.0,189.6053771972656,-1.0714566911902947,2.6655655159200906,-4.996715034596982,-4.991697078050818,-2.4700814108334868,1.0653145821529186,-0.4348329906209258,4.757646201486153,-0.7172434847173434,0.9753116190199008
44.0,65.0,223.476806640625,-0.8914961956275613,2.973818797393185,-4.963854191673246,-4.936163086840859,-2.5370388503598043,0.9793394139076844,-0.4005332064824918,4.639697459950074,-0.7715141767536053,1.124585354852428
44.0,65.0,204.4165954589844,-0.8981372260783065,2.898158523412752,-4.995678000749392,-4.93528673318397,-2.320976087502729,1.4923384366318064,-0.5959636664043391,4.782416891435767,-0.8288344229063185,0.9343765478820832
44.0,65.0,221.92105102539065,-1.0064437139851163,3.094627845157472,-4.99423647482718,-4.9979016008717805,-2.515757020819102,1.0266917787722143,-0.4900533644228719,4.807506346316588,-0.9167564126554656,0.9163990882166216
44.0,65.0,236.8944854736328,-0.9545723556462118,2.227507076540085,-4.99997927060684,-4.851944401481811,-2.418098066443026,0.737134750078436,-0.7558593228818742,4.896273162843883,-0.737775009431699,0.864957309109248
44.0,65.0,197.4667053222656,-1.0167284266728691,1.9574293455670109,-4.926170501530128,-4.884199483105376,-2.5900418007496624,1.2688088453993809,-0.457925636238925,4.653530054671654,-0.8162771529213018,0.8877912329350677
44.0,66.0,206.2386474609375,-1.094861470495906,2.3590739097485844,-4.992193068769439,-4.914707086487654,-2.500238319282203,1.0300985552345967,-0.5808501859930049,4.823220448675311,-0.7416290827056642,0.8152060042633433
44.0,66.0,237.1865997314453,-1.2314318884904885,3.0991426761508976,-4.975027257628376,-4.995192833404556,-2.39783610443158,1.6581701232048136,-0.6474692028749827,4.7640240599277845,-0.886410784270149,0.9204021451718808
44.0,66.0,224.60040283203125,-1.5634895664205215,2.522782355438212,-4.958614281252832,-4.803455911317995,-2.607685238453944,1.095897521025088,-0.6490238888860853,4.863069303253734,-0.7836358036672788,1.0667895960704
44.0,66.0,169.08726501464844,-0.8842731796217134,3.395731380542065,-4.998929542463305,-4.972177203691937,-2.5464625908449805,1.2666185611911285,-0.5240701200401476,4.835541146375709,-0.7572836469579363,0.9724468329931906
44.0,66.0,215.8243408203125,-1.0097158734586775,3.018124486224517,-4.977286914181161,-4.954581367289857,-2.5171313375720383,1.206683945859841,-0.5294806256178823,4.870325707175542,-0.6400770580863346,1.141989172941079
44.0,66.0,208.520263671875,-1.0233286923098897,3.340281842644039,-4.945542695391349,-4.922511654123936,-2.6097888901728123,1.7193589941643133,-0.2477165797090421,4.834472585755583,-0.8556154593848504,0.904185152853616
44.0,66.0,201.0688934326172,-0.999742334922998,2.9599859957578003,-4.983796198609663,-4.982831123675697,-2.5011145329025912,1.6511340888886623,-0.384116234947049,4.749236080149652,-0.8379331844107725,1.0405820291707224
44.0,66.0,185.82215881347656,-0.9531305863998564,2.795823221921312,-4.970309694510319,-4.930268271565254,-2.692942449417316,1.0323575227988888,-0.5199490363983887,4.844784884526609,-0.7986275553431534,0.7564763629085745
44.0,66.0,224.19894409179688,-1.164631399813782,2.708793960399161,-4.896412914411234,-4.995687998040144,-2.4994925753512764,1.168288319456651,-0.6663579335751706,4.944866095234046,-0.7003459930232996,1.1178939548388076
44.0,66.0,231.05172729492188,-1.073348335275246,2.316420071507763,-4.972268230677716,-4.960274523234826,-2.380656226760372,1.2565844798249968,-0.3983122213529917,4.623425305182586,-0.6948941582088821,0.9278517639002796
44.0,66.0,222.34771728515625,-0.7807943208542714,2.9966276306056034,-4.9993718309519375,-4.8632102555814205,-2.4979716060348545,1.493073635542526,-0.4141972597551371,4.895451154969026,-0.7992283000081883,0.7960954146996997
44.0,66.0,179.9910888671875,-1.214817859108552,2.802850133982993,-4.942505414300092,-4.991378070608264,-2.55466576126934,1.8597469965741027,-0.5323623371621782,4.729446389550414,-0.8740980419273452,0.951272488499214
44.0,66.0,183.32818603515625,-1.038751769476383,2.776051309992896,-4.966267310724926,-4.998977753091069,-2.524846238888925,1.010311954072244,-0.5499481248209577,4.877169515215186,-0.7646343219804885,1.101908688804656
44.0,66.0,185.7463836669922,-1.1328679515888584,2.8873182164823863,-4.976369872823379,-4.890276869757143,-2.61621247832688,1.3980097809353094,-0.4281215374074287,4.827632204170065,-0.8292648085953314,0.9697023521209632
44.0,66.0,247.67752075195312,-0.7593446721418831,2.31587852382334,-4.996626644244287,-4.999997570696931,-2.644286546062616,1.0276260461308162,-0.3305039628614583,4.696858422167479,-0.8419259619408024,0.8357602089514025
44.0,66.0,187.38970947265625,-1.1726242208142903,3.052771634676711,-4.996990257153726,-4.998623016056143,-2.4434046743411297,1.4038588078665093,-0.4688207772844945,4.747654577013101,-0.8439924313040841,1.030863284776692
44.0,66.0,244.1870880126953,-1.078842578373881,2.3537196539882697,-4.998412658197555,-4.872269662412021,-2.4263225348016784,1.200944558588782,-0.4164988727733174,4.944997697758062,-0.7005749112258668,0.8340171243365297
44.0,66.0,218.54673767089844,-1.0399842995640132,2.979720537523825,-4.858655224250475,-4.9379578257806855,-2.4997461438009023,1.525960061930224,-0.4220660900691273,4.927848903870146,-0.8194876980910113,0.8022815712374607
44.0,66.0,192.6297607421875,-0.9629969687518134,2.979662471207253,-4.999144556488968,-4.921646096967716,-2.566567436542404,1.3435179503943182,-0.4380473613172642,4.833659112353201,-0.7221166323156458,1.0745456483898137
44.0,66.0,195.62701416015625,-0.9156569989620048,2.8053231314342044,-4.997811214164434,-4.980322204577191,-2.563677262135358,1.2954932912105672,-0.6490786094724355,4.920379728884319,-0.7929845341214294,1.202455659094107
44.0,66.0,206.70394897460932,-1.182580270377704,2.747147557649185,-4.9976849659851394,-4.969166475336746,-2.407388158350184,1.1475329796017195,-0.6423744221798868,4.803840879606472,-0.8273679666470297,0.8524666191340362
44.0,66.0,177.959228515625,-1.1839928779928657,2.757930935967196,-4.883055668364138,-4.923781238197859,-2.4917206841799784,1.3346960474663137,-0.5440612475462538,4.685673546557919,-0.7631507119065519,1.1283620444963225
44.0,66.0,188.76580810546875,-0.9337044794588092,3.157129985672644,-4.990379528716749,-4.998924515110096,-2.4981289750951845,1.6848694376074516,-0.5127172945573797,4.746043915199632,-0.8027664325246961,1.0540785799108523
44.0,66.0,183.82781982421875,-0.8748971287783514,2.6535679364572893,-4.978478325208709,-4.936615600684385,-2.7240359324593726,1.3145115392832452,-0.5591720842171632,4.808295428972523,-0.9156813287245118,1.018470724589883
44.0,66.0,236.09103393554688,-1.009716926646144,2.981083893209048,-4.99685698702924,-4.748379437535604,-2.390773050006849,1.5386279366290996,-0.410657421187607,4.876924820207703,-0.757815546804375,0.9218563590459397
44.0,66.0,204.29640197753903,-0.9558927652836848,2.201270425262728,-4.999972948621607,-4.897974470544984,-2.6204981164313965,1.5071743586133517,-0.4246257297886213,4.398665980690691,-0.7998563134531409,1.0720501028811311
44.0,66.0,196.98452758789065,-1.156435088078859,2.784136203885126,-4.986661231377672,-4.890208077764069,-2.6646800849075296,1.368336652387124,-0.6358407146424474,4.751031305380156,-0.8703154434224194,1.104234645994822
44.0,66.0,185.71490478515625,-1.14635676393624,2.410053421951658,-4.893454236109015,-4.934235957143245,-2.7087072914643024,1.2844957107920276,-0.5244389997466641,4.856936677450868,-0.7909094706806421,0.769551232307979
44.0,66.0,182.19271850585932,-1.012954349889914,3.181385067005209,-4.999564990946895,-4.891042000218893,-2.5060420038520297,1.2830813424154623,-0.5163308980631083,4.834150481979565,-0.7377097178446244,0.9661292799433818
44.0,66.0,221.14308166503903,-1.1430603186446522,2.8782154420306085,-4.999999827300897,-4.999837590310739,-2.5437511101491896,1.621775502396357,-0.4003193866152523,4.84468521558953,-0.943236512935143,0.7391419692377719
44.0,66.0,173.02044677734375,-1.0132870589694494,2.9381494819274545,-4.999647942836824,-4.999931281244308,-2.4304933472688472,1.3628326342490311,-0.6017768132278078,4.802496476628223,-0.78143350077268,1.071015412772674
44.0,66.0,173.54318237304688,-1.1521448081338377,2.7134828764063563,-4.986782234045701,-4.999492846534876,-2.492491504169891,1.283394116628676,-0.5130899374029108,4.827421559329739,-0.7863218952786539,1.1476285787387894
44.0,66.0,187.11553955078125,-1.0687598949160209,2.55525938644407,-4.960816084951623,-4.955125965369316,-2.6257160484405446,1.6110088361005817,-0.5652560080951599,4.841708065439562,-0.850479291830986,0.9691549996758252
44.0,66.0,191.6718139648437,-0.8877651480997653,1.734202503037389,-4.997404426606566,-4.865209523874974,-2.588715647981501,1.281918825629047,-0.3166239463220597,4.756573994256934,-0.8259466465560674,0.9559716965125062
44.0,66.0,206.79071044921875,-1.1043620041179976,2.8534650686275302,-4.996980486095374,-4.9494036790870295,-2.485618729256341,1.0397037081988083,-0.685974393797844,4.704303293859157,-0.7593622273372027,1.0990059462884938
44.0,66.0,186.52867126464844,-0.89362876420756,2.591158651470572,-4.937516280256181,-4.925394160708679,-2.5813614773456988,1.4573539403480409,-0.623486666893232,4.665124213898405,-0.8528199756198998,1.0530706475242528
44.0,66.0,208.29415893554688,-1.0198995688738417,2.6832299798724835,-4.986021628946356,-4.700778263437964,-2.601721007499181,1.432636764739053,-0.6729191330689064,4.874886596413884,-0.8958713783182395,1.0523078594095736
44.0,66.0,180.5296936035156,-0.8052632501344972,2.624119179716052,-4.935691028643584,-4.999763336172389,-2.412616934582403,1.125857812784128,-0.5335002397765365,4.752811328415914,-0.7725389573644108,1.2779233876365037
44.0,66.0,206.1893768310547,-0.7884311363204244,2.484588838196718,-4.990232646041713,-4.999928659286126,-2.574272984458654,0.9698551548920982,-0.568059411428294,4.658062861951377,-0.8042497943530389,1.190469760383559
44.0,66.0,183.7357635498047,-0.9530696353136924,3.243538849824647,-4.992332606257831,-4.54559311478405,-2.4487701212853703,1.307501556879803,-0.4894177050353123,4.843144440222364,-0.7702805675989062,0.9505502616387584
44.0,66.0,195.23681640625,-1.2385409223208472,2.592649529153248,-4.995926120930658,-4.992372776272644,-2.4687046932067744,1.3835102839733775,-0.6706047517559863,4.853229360789241,-0.6370326070240404,0.9980524409130132
44.0,66.0,198.36184692382807,-1.0692709481946538,2.990124791692144,-4.987024945389363,-4.989655713032386,-2.559646708761564,1.4859395857866806,-0.4935705167496831,4.795084721821528,-0.8628728740363325,1.094116234740541
44.0,66.0,230.92401123046875,-0.9937257365728468,2.541627905504616,-4.931878113976488,-4.997651613474301,-2.5555052727479324,1.6531161384459212,-0.3136108412616352,4.87402966410807,-0.9124422650460248,0.5366477970472374
44.0,66.0,216.70616149902344,-0.8218324865503988,2.902306355669885,-4.990641755569904,-4.925948446584168,-2.455948789031766,1.7048932976488498,-0.5973610653279415,4.591491834702712,-0.7904179943895242,0.9010910116623396
44.0,66.0,183.01712036132807,-0.931619098193682,2.550893659511261,-4.999884936717024,-4.920227999590867,-2.6806675666350297,1.2481943821847272,-0.5174131972828029,4.79993697205876,-0.8204241188824648,0.7986185814658047
44.0,66.0,189.06204223632807,-1.0729447565293615,2.482619437436714,-4.999352549478464,-4.628064001585469,-2.520934762804799,1.3701809029249592,-0.5038031827662524,4.831771668680588,-0.8839801898877973,0.973251975325886
44.0,66.0,206.9447631835937,-1.008821393926862,2.87660644736304,-4.9930149344899,-4.952714834686779,-2.610632053318035,1.5446506405715246,-0.6402081851349202,4.692329335919627,-0.8516449164441884,1.2299218686741131
44.0,66.0,218.22613525390625,-0.925772196807527,2.9864115984476305,-4.981471056954602,-4.947796389057509,-2.404369615729477,1.6402405470580224,-0.325802018591701,4.764800717258078,-0.8047268399509031,0.9438823249680874
44.0,66.0,197.33172607421875,-1.1954423839550192,2.698525917224516,-4.983548614267904,-4.998278457188878,-2.393102270693714,1.4693333198839689,-0.4227856202985496,4.810604450535216,-0.7675624797186105,0.8196370492066327
44.0,66.0,276.141845703125,-1.3147280753281638,2.351370476554486,-4.998552447494817,-4.9175340195849495,-2.363516145523976,0.9690089822223245,-0.7259330432244484,4.971898630224334,-0.6888708171727007,0.8500333653880352
44.0,67.0,199.84231567382807,-0.915232084300536,2.8671491637982225,-4.994865427161071,-4.870126417558933,-2.563995566443066,1.1780756744467509,-0.4954165609021039,4.772503318916014,-0.7631562124004585,1.151825201363633
44.0,67.0,171.67691040039062,-0.972832918301478,2.605800477184892,-4.985125133238908,-4.99889248766008,-2.4582373858553286,1.5419316466985853,-0.5551949534269944,4.832195775600011,-0.7661914826722285,0.9796198363801344
44.0,67.0,192.4269256591797,-0.7382286580707156,2.9658197042277106,-4.968280299191088,-4.972490698253051,-2.4594384175792583,1.3202151542155471,-0.5135338460584382,4.769574635166196,-0.7920030570232122,1.1925354548110612
44.0,67.0,213.62530517578125,-1.1160328453446038,2.348270330094309,-4.939759751586417,-4.972226111988965,-2.632532715896387,1.5183316615258065,-0.4437003201655818,4.775760250801561,-0.84319597974548,0.5917096638536012
44.0,67.0,182.9351501464844,-1.08980735181428,2.7634074869647343,-4.99916661239541,-4.916134848142722,-2.679827061110857,1.487736973854684,-0.643054336904255,4.763989551250308,-0.81192529543946,0.9783030260590238
44.0,67.0,227.6114501953125,-0.8652012553555144,2.401474237212941,-4.992412910989818,-4.980941612459053,-2.618915698647603,1.030473459345388,-0.4223577126549429,4.732684358635915,-0.8499307565307443,1.1475630863360209
44.0,67.0,201.15505981445312,-0.9170040948173764,3.082885312561178,-4.974931569591494,-4.986535963269318,-2.634368942609989,1.4982809741132677,-0.5558160249831339,4.6464933342655375,-0.82972287732788,1.035894144074792
44.0,67.0,183.1179656982422,-0.941029633593601,3.083523176900812,-4.955859397550449,-4.998869597596252,-2.512027181684376,1.3505999880446016,-0.4765212933876874,4.8670460535916416,-0.7811052450581144,0.9505123506228088
44.0,67.0,216.43711853027344,-1.2470638848877358,3.121331232208984,-4.998405192899266,-4.975697012482727,-2.528464241044987,1.2099594924494026,-0.4690132459598359,4.873010175466293,-0.7962686959080676,1.1407530074170662
44.0,67.0,180.5609588623047,-0.932806168282628,2.737161394893043,-4.906047353573792,-4.894018568661317,-2.446802362535718,1.093499914955398,-0.5809268002249013,4.84613039775825,-0.8212298533977256,0.9724352756311934
44.0,67.0,207.9327392578125,-1.1480121937757106,3.1572962518962377,-4.991597524451902,-4.904983090658156,-2.345339346597411,1.3706644745619556,-0.5999845109906552,4.707347137322444,-0.8137741804271901,1.1210932176710404
44.0,67.0,196.1251678466797,-1.0648120060058264,3.157542107695704,-4.99682156811467,-4.9935577049660544,-2.585532239527671,1.22167586008832,-0.5529419960250124,4.802359246645098,-0.8187545612822396,1.1158378839921743
44.0,67.0,192.6882781982422,-1.0082286166553884,3.27624632228323,-4.924434652542427,-4.997593627066155,-2.5247917053018822,1.5508302927781976,-0.4733122930976554,4.812690421455283,-0.7915838818808734,1.0936833607139498
44.0,67.0,186.03253173828125,-1.0899071903428883,2.932740318341459,-4.982569850095012,-4.996310390587906,-2.552758424514081,1.8340629224397047,-0.5123153969786545,4.586912844542034,-0.7441758508580012,1.0492003076859415
44.0,67.0,210.7938232421875,-0.810538144825447,2.4549317196462086,-4.988614639424718,-4.956185391579577,-2.4429787787491417,1.0755946397365823,-0.5627032765550242,4.784044621122389,-0.7391456111339902,1.1925300471231797
44.0,67.0,208.4171142578125,-1.1669309033032975,2.517895544992024,-4.999999918452352,-4.88544489884227,-2.582299077959575,1.193233347332753,-0.5838172635596228,4.710084054985309,-0.8637536416330356,1.14767816579225
44.0,67.0,210.70887756347656,-1.0435651597531717,3.196528694221577,-4.987384954584739,-4.957631961455733,-2.507073261261095,1.4950929977118,-0.6515226706618922,4.790671787069073,-0.7287662198859932,1.1255359622708392
44.0,67.0,182.32925415039065,-1.0546072540919798,2.598522222142772,-4.974074581060347,-4.899665068064782,-2.566932502526268,1.4517436796463272,-0.5770117957830978,4.834125601813209,-0.8206806803588718,0.8825100727850721
44.0,67.0,203.9821929931641,-1.137576631507073,3.106057989912916,-4.988093228182647,-4.913862262955969,-2.461608898705406,1.5669462785266737,-0.496758161999419,4.804597589395845,-0.7277532633689576,0.967933967131291
44.0,67.0,207.39944458007807,-0.8995498422859702,2.6816455288063192,-4.965974414204992,-4.94868235275078,-2.562259560447944,1.1254708743087771,-0.3775372208837702,4.8334867876367085,-0.8867308785795602,0.6527965263638773
44.0,67.0,194.47657775878903,-1.01566507438476,3.031298597099246,-4.998117401431506,-4.991244086171019,-2.4818365457868143,1.4641008271295377,-0.5313510568363231,4.898885424979737,-0.7430460192123158,0.9463710459589914
44.0,67.0,207.2666931152344,-1.1794393820324791,2.8156772943060577,-4.9981465816387445,-4.779695049405423,-2.567894853902889,0.9479400877215004,-0.6075855440758566,4.826471575114933,-0.7435880775914336,1.2014587307548297
44.0,67.0,211.37521362304688,-1.0506864550519186,2.2626807990337108,-4.986330064592803,-4.992003019986409,-2.56031011626279,1.0550641790098316,-0.5072827702491987,4.748647899535381,-0.7389338778852652,1.1333594314747444
44.0,67.0,193.95465087890625,-1.2221691068553286,2.5276295123455563,-4.989412635409691,-4.831433238372821,-2.568368617804829,1.261319975230931,-0.5463226399477836,4.771540434570587,-0.7384955265782951,0.9263897840385172
44.0,67.0,198.09487915039065,-1.0054640302962312,3.2550798063465347,-4.99312459308644,-4.962090243334422,-2.6307951713815974,1.174082608852106,-0.4665220655653748,4.894846837917331,-0.7758840922804264,0.7640172069576687
44.0,67.0,191.23223876953125,-1.2377569078128756,2.5392150909462776,-4.965954985673337,-4.978810739955335,-2.5487085691489866,1.2873098704877357,-0.5882232226145145,4.903690690080323,-0.8574379229652322,0.7775410944853505
44.0,67.0,215.2557373046875,-1.170813493008712,2.416128860890127,-4.937827989410075,-4.990423581052376,-2.616064003967337,0.9251982623721772,-0.4223930571976524,4.785316308537276,-0.7070197409428882,0.8339417374723448
44.0,67.0,188.1866455078125,-1.059385391517826,2.7532339259434,-4.945325916760015,-4.993818569296751,-2.719270703568436,1.4961105201189229,-0.5244199102468814,4.735416518947439,-0.7496518002898735,1.103459269755688
44.0,67.0,186.59912109375,-1.1295383703167254,2.571814767993445,-4.987857845025241,-4.995301423825343,-2.489924086974899,0.9972580013803628,-0.5081554690626593,4.781480419212366,-0.8149912692842651,1.1234251789017904
44.0,67.0,226.8432006835937,-1.035486135813784,3.055463987868853,-4.995027060467363,-4.999971462710544,-2.421921936946769,1.592506715417768,-0.441145884243177,4.672018895005111,-0.9063027017436244,1.259637474829641
44.0,67.0,205.5731658935547,-1.097628404663538,3.237488085633016,-4.963238805542628,-4.9985871547336025,-2.6167406870884804,1.356144723941708,-0.3879921133428219,4.877033146295446,-0.7811014157028762,0.9003445786949289
44.0,67.0,196.1658477783203,-0.9935803095880144,2.7049289593263754,-4.960328441354172,-4.992184645041662,-2.654928205153633,1.3240739226648035,-0.7106343875708374,4.819160708420032,-0.8464603636442378,0.8687236292487928
44.0,67.0,173.456298828125,-1.1127173928495149,2.749040230466183,-4.984156630966094,-4.999540892920527,-2.634320266928725,1.232683219381797,-0.5906020637082943,4.879296275920067,-0.8407638799802637,0.9969238494507292
44.0,67.0,193.28829956054688,-1.0486414773280468,3.191238886034564,-4.987956075211556,-4.999316398003155,-2.5473161393655146,0.9641503030592222,-0.4712781257065215,4.888065577611803,-0.7914275893580784,0.958995821029326
44.0,67.0,213.34991455078125,-0.9687584627275108,2.9095778023811656,-4.99466583859307,-4.839626894019807,-2.6703979576413603,1.108961866062346,-0.5476764793019653,4.831541930695314,-0.7707336495957886,0.8732337347206656
44.0,67.0,174.31405639648438,-0.9677359702496132,2.730707254040916,-4.988326354914,-4.998363931514975,-2.5522632604859137,1.2505019788033849,-0.49579102158516,4.723151678021134,-0.8069718087275026,1.1196038037707936
44.0,67.0,170.81578063964844,-1.0653625737385148,2.984721031698953,-4.998901587563123,-4.977419551556551,-2.4353308880226097,1.3682960104330633,-0.4916698364456042,4.84704066181339,-0.7617795837241417,1.026088818223009
44.0,67.0,199.1773223876953,-1.0731177933314284,2.398332876315634,-4.917678744254761,-4.998245774116172,-2.4486446981297094,1.634197971603454,-0.616638173378659,4.797053260747461,-0.883184805153741,0.9951789888818025
44.0,67.0,196.24771118164065,-1.0103820122257985,2.956518894216451,-4.995601377606829,-4.985863706339025,-2.4384239795523346,1.2736296377931389,-0.5692538504155733,4.826069587185307,-0.7190597824165756,0.8662180610714536
44.0,67.0,187.16326904296875,-1.0633890910651989,2.771904854245408,-4.991260743425686,-4.99838476417307,-2.4541156776395123,1.3773501582959158,-0.3876819139069756,4.840008862486064,-0.806185294392229,0.8985141460783108
44.0,67.0,195.81817626953125,-0.890672506063841,2.7252829456991714,-4.926465218831547,-4.86124966622862,-2.45712707861454,1.838088084038846,-0.6688024988355101,4.752660808333205,-0.7239712868840851,1.137515936865917
44.0,67.0,235.43533325195312,-1.117807264602042,2.4989520325640635,-4.986064993714792,-4.682833602892617,-2.637354507670308,1.2614213585100975,-0.4324059034132688,4.605228500996425,-0.8649210117973976,1.1925322735279646
44.0,67.0,198.6064300537109,-0.6697300489502398,2.7570351617043567,-4.970224520570293,-4.8485469778280885,-2.5330073623241,1.007499741295586,-0.5691398015696674,4.81127288432894,-0.6950722733379573,1.013566029610188
44.0,67.0,199.2164306640625,-0.7674546722270934,3.003541410825936,-4.98635577021274,-4.997022489189456,-2.484139614369335,1.293778374930615,-0.5403093439541049,4.674584608659753,-0.780663048824378,1.117949024877971
44.0,67.0,207.64083862304688,-1.165858110020634,3.2781855356714047,-4.995931085977447,-4.999600119476919,-2.6156688643624486,1.3426517879831366,-0.451621105647372,4.90636083685893,-0.8274268183491653,0.8441018603708326
44.0,67.0,229.2080993652344,-1.2751690477556932,2.834187976749904,-4.947623055075843,-4.539972074770538,-2.50658684264871,1.664232254653557,-0.759963267991278,4.774234279462213,-0.877784249608295,1.2235579227400208
44.0,67.0,172.9586639404297,-1.0810897470869794,2.913234238568624,-4.967151773100075,-4.995316033159097,-2.5555213983389864,1.4077436797569245,-0.470222259154454,4.735456073928152,-0.7947126239111455,0.9561152935455572
44.0,67.0,182.73123168945312,-0.9115300799222564,2.675799440240536,-4.957793583117051,-4.9805017755997945,-2.4124355151298893,1.2554218391615324,-0.4964141990050743,4.709977465198442,-0.8556330110684209,1.2145735958226522
44.0,67.0,180.54248046875,-0.9229818210053552,2.811126160238304,-4.961192973254707,-4.988847159670959,-2.821449348201473,1.338811639348422,-0.5723601812219012,4.758145982120009,-0.8515671352665857,1.0291003902933804
44.0,67.0,199.4751892089844,-1.2614251887288717,2.7054172372726404,-4.974016592743651,-4.944244346785445,-2.374835999228403,1.440245583054307,-0.5465294467060815,4.923742445285932,-0.8055669893952304,0.8064477035302424
44.0,68.0,186.8404541015625,-0.9822830352740556,3.0003068193011515,-4.993136704767345,-4.930887046353403,-2.496313462675764,1.3350155680975284,-0.5521951720858631,4.780313810720104,-0.7456984361207644,1.1401086627549617
44.0,68.0,176.16061401367188,-0.8468411680261951,2.9778405121396894,-4.9872693815526175,-4.999658896880201,-2.583424326870301,1.3408503648884942,-0.5731205745456682,4.86697967431067,-0.8023698705898417,1.0069909280902456
44.0,68.0,207.7230682373047,-1.0747630112056985,2.980722486253184,-4.966604133005389,-4.830957381342662,-2.56597299305312,1.2141429138880353,-0.5270719698309909,4.844990296608552,-0.8593375760935125,1.1263224155823064
44.0,68.0,172.9912872314453,-1.0596960415826475,2.879864829537081,-4.951851243006442,-4.999290603322673,-2.4199840475846326,1.3867068529013356,-0.4380753865307953,4.871130122558757,-0.8241090440885248,1.0096366744548826
44.0,68.0,185.77151489257807,-1.0967105394773302,2.7739073336721134,-4.98514928628398,-4.801453168786454,-2.608836464926505,1.3569010610018974,-0.4498279840965713,4.753872005520744,-0.8534790948720907,0.9577959717339466
44.0,68.0,190.24978637695312,-1.0934660567955232,2.570979329041146,-4.9920496893174,-4.968353692159876,-2.550079609973404,1.432381732396478,-0.5441848305407868,4.667538938632752,-0.879196305710563,0.926337408668476
44.0,68.0,190.14463806152344,-1.036102262420946,2.8877739790320343,-4.999479796812048,-4.948674787351315,-2.58219245828673,1.4927753210431671,-0.4778571527844217,4.872146780426258,-0.8849409295957562,1.0037203310170657
44.0,68.0,187.65399169921875,-1.2738681606651885,2.656135239483427,-4.9968116504755775,-4.987688570001234,-2.476968826005664,1.256077182516928,-0.5354022492954691,4.851498926362865,-0.751091336489365,0.8356619698714809
44.0,68.0,201.15237426757807,-0.9490907423593642,3.1079437243764865,-4.970017779528604,-4.95498883748235,-2.5096766855981816,1.5093030537544072,-0.5667149295203533,4.718019664608983,-0.7703464374393381,1.114180236470511
44.0,68.0,209.8534240722656,-0.9759326338358836,2.9751812335875822,-4.999147989711604,-4.994563258569714,-2.4850611487701,1.510371277909193,-0.3947269071566524,4.897195032471148,-0.846766216277592,1.05607251476839
44.0,68.0,185.13023376464844,-0.9779791566630118,2.6699867781870843,-4.936154411555787,-4.856930852815552,-2.529700849820327,1.4431192154196912,-0.4790003821224857,4.816385851183288,-0.8280584005903622,0.8768187801648386
44.0,68.0,197.45669555664065,-1.2212840147711432,2.623737527164412,-4.982451990427237,-4.917177674377483,-2.559386597518123,1.491557738337245,-0.5987349094591803,4.609951875803063,-0.8209749146485459,1.0683074377463662
44.0,68.0,176.35499572753906,-0.9540019248496324,3.3039911463416534,-4.998736352727246,-4.994753729668911,-2.5385097504247245,1.3991998539446708,-0.4648023272047101,4.883952576850545,-0.7900667007814111,1.053404111617633
44.0,68.0,209.92364501953125,-0.891001865973192,3.063358262271713,-4.98741600947232,-4.983324703897958,-2.4798685942095853,1.5663602572872133,-0.5295138488746334,4.878378437552286,-0.8678547550011544,1.0677747785541456
44.0,68.0,183.30523681640625,-0.987144772546542,2.5928079332018754,-4.994251664861063,-4.983069660261412,-2.5901975490113576,1.1841292911618435,-0.5342803510239014,4.825553372726184,-0.8009996990622126,1.1342385144720533
44.0,68.0,179.18917846679688,-0.9643837268121792,2.6955453023332794,-4.999897321836114,-4.960981719974126,-2.521316504398874,1.420530920247942,-0.4161096486225339,4.666044100073162,-0.8063905075250446,0.958490048908831
44.0,68.0,155.17344665527344,-1.127826551007634,2.648299452753826,-4.951101966262564,-4.996452055388726,-2.5870715957326835,1.3456170911223424,-0.6002724578021237,4.828457438527371,-0.7929731968057654,1.0072123595594693
44.0,68.0,182.81021118164065,-1.0352652867929524,2.6045422698134253,-4.977233023731247,-4.972522121909622,-2.631057321410741,1.2676507290636216,-0.531076812433307,4.700133197167803,-0.7325863233547043,1.1435205048704953
44.0,68.0,190.9458465576172,-1.1783150599706027,2.852580700370796,-4.997413948611264,-4.959581280663823,-2.510325690392502,1.4319757488529703,-0.511084456196178,4.88495540315628,-0.8094800500713992,1.1465008366452167
44.0,68.0,189.7168884277344,-1.0926473241975605,3.059948147674321,-4.987311904516986,-4.964641975616025,-2.54149886477018,1.4217490812097342,-0.5151691048495541,4.9013736285253735,-0.7716972248782303,1.07964020085838
44.0,68.0,160.18858337402344,-1.045985739060939,2.5394149058454127,-4.943499764533716,-4.998388454276221,-2.5416668706364085,1.288518580284005,-0.5588494213536137,4.737812441321212,-0.7432582229664915,1.0478274494142674
44.0,68.0,154.31857299804688,-1.1203268432089022,2.7213853496527616,-4.9438066848461,-4.999378799284017,-2.4605745707517417,1.3289716773038975,-0.5677977465458985,4.819615227495692,-0.8096133712485463,1.0546735992548193
44.0,68.0,191.16943359375,-1.056489164948407,3.026960453396475,-4.990848453734938,-4.941918236091419,-2.451226019703157,1.4309627417308155,-0.5834217039412559,4.843050920707821,-0.8047283773215881,0.9177888511723477
44.0,68.0,176.5819854736328,-1.071205602922528,3.004777543477545,-4.998203163739952,-4.958428222482273,-2.4920192829373136,1.2153866003308789,-0.5565468284878907,4.840122833891519,-0.7663932338582224,1.0087259832340258
44.0,68.0,178.81048583984375,-1.0149501692727392,2.6721035687837524,-4.956339311404764,-4.927281385343333,-2.5664440334237426,1.1607751372854702,-0.5771029034460531,4.89120467997863,-0.7815102889085646,0.7829095116664311
44.0,68.0,171.74705505371094,-1.116131052218182,2.835958225023517,-4.9851017047032204,-4.974767374725883,-2.5265745473472183,1.480398787933666,-0.5884052640439776,4.833614713260291,-0.8074608376485894,0.97322502584902
44.0,68.0,190.88710021972656,-0.8681242748603344,2.708195292652502,-4.999851011676547,-4.935506482901922,-2.702109667295998,1.3350188427864706,-0.5014267897591163,4.793198557940377,-0.902983834073826,1.0783750840946578
44.0,68.0,185.87408447265625,-1.0888285764313288,2.7798166875725627,-4.947334946665726,-4.710653617792077,-2.638547608465235,1.4644810105468844,-0.5251465666824693,4.765744002148416,-0.8299467899819533,0.9800366820101304
44.0,68.0,186.93453979492188,-1.0625124549469218,3.0037954287532624,-4.999589398722503,-4.930850661286847,-2.540703321057684,1.3083110707863763,-0.533385413466112,4.877751434037284,-0.7602395944073859,1.1089784897369783
44.0,68.0,199.9344024658203,-1.0575326393927529,2.9512540012607245,-4.991177090379945,-4.925276145678254,-2.532401919509923,1.5357975500890824,-0.5189353452636265,4.762478224525994,-0.8367635722093967,1.1205795354183392
44.0,68.0,189.78765869140625,-0.9714545651330928,2.802419186930458,-4.996307769572772,-4.994532970826171,-2.481733497836281,1.452904300138962,-0.480862493226569,4.883618753351129,-0.8441559696202541,0.9026703746383706
44.0,68.0,184.0626678466797,-1.1113445642914606,2.695468857860506,-4.993107514530144,-4.97611756476834,-2.4911870455344856,1.4342532844332911,-0.624080025044881,4.862986886900156,-0.7530801160012679,1.1310195827562186
44.0,68.0,213.25192260742188,-1.094102854760442,3.094174099959549,-4.997073232257915,-4.914853920215013,-2.558644052662093,1.1964544749133266,-0.6227146529146026,4.87258496326082,-0.822957109903653,1.1791286813624948
44.0,68.0,162.47500610351562,-0.9226655770487842,2.8386329534094124,-4.932990158541352,-4.99929232045878,-2.505962157859281,1.302842570767857,-0.5395780364577609,4.889291905557467,-0.8264791991207252,1.0212301714142944
44.0,68.0,199.33660888671875,-0.9594549865881916,3.2144146539674026,-4.964489179218533,-4.978912946883173,-2.5058711872202304,1.471438113173086,-0.6248996325335696,4.853166189334232,-0.9066219349516144,0.9938948717498172
44.0,68.0,177.66067504882812,-0.992414262192745,2.762897059406905,-4.978399158361342,-4.968854963650537,-2.4574257236029178,1.4093937287750355,-0.4632272329082951,4.777411888713802,-0.762079655724321,0.8960060096941183
44.0,68.0,156.42974853515625,-1.0334489741669062,2.679493012167466,-4.948891421210464,-4.997457784247228,-2.6150207632179194,1.33924704974818,-0.6212491830129494,4.8094767302139125,-0.7982965673993645,1.038035293694647
44.0,68.0,185.493408203125,-1.1251308812375953,2.52006345670289,-4.996517364545569,-4.921371364636387,-2.534037685522219,1.270042478496153,-0.4866228037575766,4.880357800927422,-0.7651400180607792,0.9121090068864968
44.0,68.0,174.89019775390625,-0.9611023686379124,3.242920257837879,-4.993906551955365,-4.991818067406795,-2.480356184040895,1.3240812268827726,-0.5102846011416995,4.811751501098623,-0.7490905629880853,1.25060991287497
44.0,68.0,193.6600952148437,-0.9928317734229672,3.0364327875790416,-4.932542764691298,-4.9960461216567085,-2.5865184820300176,1.4444878459779424,-0.4098027013453968,4.725906030294496,-0.836938624907269,1.042243421160678
44.0,68.0,196.2490997314453,-1.1146993907598857,2.7980732080105124,-4.988801573291608,-4.919542726988775,-2.7114489997489213,1.432649374484555,-0.4077546483557199,4.771265186404083,-0.8646548002705039,0.971533042141436
44.0,68.0,158.2769317626953,-1.000602623528665,2.62252757007219,-4.872564634934791,-4.917135465536044,-2.505301983313683,1.3239198540076371,-0.6320520815653898,4.854406514676395,-0.8021727535014138,1.0371327437834168
44.0,68.0,188.3220977783203,-0.9113047830562468,2.541238467574839,-4.958845750316375,-4.975161816083134,-2.5243254771324013,1.1274863284716572,-0.5352885256665871,4.76159019579624,-0.8397568051188715,1.0917208525743067
44.0,68.0,169.5186004638672,-1.1666849546666276,2.480788268126993,-4.984582281366343,-4.873202303708105,-2.4292821480587063,1.3631980262422203,-0.5488869627582851,4.78773886652662,-0.7640931671406843,0.9842174476023544
44.0,68.0,200.0810546875,-1.0591399519568991,2.9540093570609205,-4.976801163611402,-4.991736238271501,-2.55830356149813,1.0611344859324436,-0.571440036314538,4.886404310004016,-0.8081960383435449,1.094444022569343
44.0,68.0,181.1791534423828,-1.0982912269632914,2.8736971090128893,-4.9814798646888585,-4.967463619297454,-2.5108192715443987,1.1867189607603963,-0.6071295953000124,4.899593442493307,-0.7905009032579757,0.9991520103039342
44.0,68.0,179.30564880371094,-0.9681076742295822,2.817172931987032,-4.978986710512811,-4.997227656752111,-2.605038758009381,1.1327941373773855,-0.5135708889058987,4.813300363407521,-0.7853578684446578,1.068754500595979
44.0,68.0,180.47149658203125,-1.072684788969564,3.013920666525124,-4.987889056944774,-4.989528663634416,-2.5779138018608627,1.310500782462947,-0.4771437647195942,4.840029275929895,-0.8543833619859971,1.038478943273712
44.0,68.0,173.80113220214844,-1.1683833234247691,2.8347347198672264,-4.986384771355447,-4.9150009400987225,-2.521341642777412,1.235898557691586,-0.5998863856117627,4.887204958505414,-0.7899862134855642,1.0135849441990867
44.0,68.0,174.11407470703125,-1.0691570816831355,2.875044145402251,-4.87935378798478,-4.8109376764768434,-2.5541025699862847,1.3850662042561144,-0.5757345891622361,4.865384501517786,-0.8265940188995424,1.0388320231801504
44.0,69.0,186.3889617919922,-1.0858338765409,2.4842886781451163,-4.99995185249668,-4.964698540769291,-2.393157847535196,1.6029959799540905,-0.4814242150953749,4.8479800728407,-0.7918600510846492,1.0318739779722632
44.0,69.0,173.88308715820312,-1.0476726434261343,2.9321045574004145,-4.97935041764896,-4.993354558602089,-2.512459077675904,1.375817416508168,-0.4967801981889694,4.88862395163958,-0.8187120001319137,1.0687502312128716
44.0,69.0,217.2654571533203,-1.1548485130402888,2.6991082937020643,-4.857556451884386,-4.808832576082864,-2.4185911706996386,1.218181910077201,-0.647404396875249,4.872592894955899,-0.7001437745876622,1.1537048196748927
44.0,69.0,210.73057556152344,-0.9396370493834318,3.090717779226365,-4.970833580288348,-4.983087414143597,-2.4477330205876484,1.167591980922838,-0.643609200189756,4.801979124434915,-0.796699586459523,1.1317093727590146
44.0,69.0,175.54168701171875,-0.8075266972515314,2.666634977349852,-4.892569054475255,-4.933974468038445,-2.5018317335758127,1.292004617514781,-0.6619831420154458,4.885002014566714,-0.7615802163927157,1.0314743785673546
44.0,69.0,183.8723297119141,-1.1867478001067653,3.0979666933911307,-4.973449322712058,-4.995957117790961,-2.519793335379539,1.4312287068127896,-0.5039075589290452,4.862140543597768,-0.7937346255638618,0.9888322390223356
44.0,69.0,204.59103393554688,-1.0632363862515763,2.9772903913935664,-4.996607796224393,-4.939686639416938,-2.53442463594688,1.2254431786732942,-0.4532122706250856,4.798406165387432,-0.8563251504557883,1.1878128233313916
44.0,69.0,196.60745239257807,-1.1159542826731994,2.959086995514572,-4.95089869747265,-4.801038399229803,-2.563637513707083,1.1162668246019516,-0.5384183365937689,4.841900434453521,-0.8298935344100435,1.0240749141478016
44.0,69.0,196.68899536132807,-1.126253701298641,2.2701367250873528,-4.993471642812327,-4.999998961903063,-2.5599644925356584,1.25557200367561,-0.5140243715939459,4.709280761366152,-0.8500486835792298,1.0931785826077505
44.0,69.0,172.7903594970703,-0.9947745482709208,2.6394832969323527,-4.855801314454252,-4.931746680160825,-2.4958060649190235,1.2362250523678604,-0.4575134545875876,4.790113971005713,-0.8036430075493097,0.932581386586727
44.0,69.0,187.60191345214844,-1.0739216372721343,2.9248739611972603,-4.93460139525211,-4.998337108224218,-2.362681970184892,1.4401954131871229,-0.4970596783260559,4.782557434929721,-0.7467039596825771,0.9409689711067132
44.0,69.0,231.61053466796875,-0.9762563582904812,3.058608441650316,-4.988837123145218,-4.929769924032912,-2.5956832469247253,1.5763226349662671,-0.4083644689471946,4.791080900670764,-0.9005906571185669,1.09467373405586
44.0,69.0,212.4364471435547,-0.9868808426113124,3.252209375546256,-4.99984268534772,-4.985728770530824,-2.4685022589734134,1.0960573725552,-0.3906758765331686,4.775400733105329,-0.7134775273806468,1.061206454277125
44.0,69.0,171.77224731445312,-1.0976903764829515,2.627600779415383,-4.856605086934113,-4.951129401371129,-2.5881738354142456,1.443119977610552,-0.5473596481944014,4.924829931319453,-0.8182885878335417,1.024373823554595
44.0,69.0,172.3052520751953,-1.0795012463822935,2.4848447019012108,-4.948078724372895,-4.918324926690339,-2.5694347123469106,1.3079499525810503,-0.4880992551995593,4.814198746184493,-0.8508031970217678,1.0659564668038888
44.0,69.0,209.7405242919922,-1.1531651849365914,2.787913818770157,-4.988179737775223,-4.925819242559726,-2.4946032099764617,1.5949203446926283,-0.7026391081138375,4.791891302815083,-0.8401751792699832,1.105697074522352
44.0,69.0,219.31375122070312,-1.163884253776915,2.486402020869063,-4.920552236677335,-4.976854980241632,-2.565263970503569,1.5425118707700616,-0.7379327711527353,4.896988714945005,-0.8131716643282987,1.108508297793957
44.0,69.0,178.50119018554688,-0.9003036028380871,2.825244244077969,-4.9929176595028695,-4.99947359663284,-2.488038497276273,1.472787716850222,-0.5990934044470242,4.792880857140951,-0.8066152205285464,1.0807050163537522
44.0,69.0,198.8568115234375,-1.1468826300378,2.6510247529047684,-4.985676225679788,-4.733033935760668,-2.5714401298522387,1.5243146342742833,-0.5839160137635151,4.728613913141125,-0.7377868436054973,1.057694393034078
44.0,69.0,185.68405151367188,-0.8958592560338463,3.068900831894497,-4.972885684815431,-4.953830921234865,-2.4379990774778766,1.3499726037570738,-0.5135744588219442,4.91157070584342,-0.7834871579735863,1.0489800286458577
44.0,69.0,169.50790405273438,-0.9944181089903488,2.637126674122908,-4.986270723643693,-4.999758662787669,-2.420146219637428,1.3370831075624725,-0.591683570175844,4.917793520788516,-0.7971050827234114,0.9648794207227116
44.0,69.0,191.1137237548828,-1.151958171852327,2.637780840472063,-4.9550531606484745,-4.9899034886785305,-2.64903014787327,1.193301978666769,-0.5913364663746945,4.790282057258443,-0.8114747226035686,1.1875290437752248
44.0,69.0,188.635498046875,-1.106955787650966,2.872211377721808,-4.991704551982343,-4.976665456145706,-2.493990538061227,1.2408053023814514,-0.509999709229124,4.783828099096629,-0.7197027037436934,1.1213261387823614
44.0,69.0,198.224365234375,-1.2136530143583997,3.0424401850543887,-4.976004834254473,-4.907030254357031,-2.380930724896161,1.3516373779653286,-0.5228030129461221,4.875421647140128,-0.7053231923630863,0.9960802843229066
44.0,69.0,183.0503692626953,-0.7686339597959959,3.012784580807552,-4.917800711936837,-4.995997777246551,-2.538185993250473,1.244217987479093,-0.5243937589986603,4.793449241296845,-0.750430054456773,1.0181946160906763
44.0,69.0,160.0947265625,-0.992348224580156,2.643155185219163,-4.9176491225651455,-4.915706872053463,-2.4695356787962703,1.3673411746025828,-0.4993721621477487,4.758327876587526,-0.811368446070265,1.084463170587636
44.0,69.0,168.91998291015625,-1.1573990839013577,2.410880321534899,-4.96905195058452,-4.981554678039768,-2.553838468428156,1.3076786886833496,-0.5239760157464293,4.863942899060424,-0.7759763390315602,1.017956445250995
44.0,69.0,178.4219970703125,-1.1479573914536203,2.391272762462102,-4.983107503261087,-4.99802300907559,-2.6445405905574284,1.2521926091837603,-0.5305366762810468,4.818397865022337,-0.8232919764814852,1.0065583620249905
44.0,69.0,166.41339111328125,-0.9781746032717952,2.711462344131067,-4.673124123412318,-4.977342563987556,-2.619821892760221,1.328294219787698,-0.5751917688965227,4.854503618767684,-0.80786007089492,0.975338458722014
44.0,69.0,186.08078002929688,-0.9474451407727784,2.697112670482888,-4.991437281718314,-4.982639403447473,-2.510931132925897,1.2110177332930654,-0.6605902587362866,4.911707552436248,-0.7876227565349954,1.0637845514799782
44.0,69.0,183.4281463623047,-1.1046570813454446,2.628327005304625,-4.933674416393932,-4.931433287826969,-2.562434784642878,1.2075729609354742,-0.5466740350344139,4.908870826278223,-0.7661522335667108,0.9326839646007246
44.0,69.0,157.3399658203125,-1.0379782537069882,2.818519250917424,-4.97859611107049,-4.967800662353372,-2.543023245275372,1.3292791223162317,-0.5980390769945689,4.828958846269503,-0.7815957229548749,0.978497461020078
44.0,69.0,191.8768310546875,-1.078965732204156,3.064186867045054,-4.968070439226474,-4.877995046788538,-2.540900969644325,1.2025048466666943,-0.5665860322477823,4.832796227986679,-0.7492350527015113,1.0644487063969414
44.0,69.0,197.90138244628903,-1.2527694866504095,2.613688510200784,-4.895343401323781,-4.728666906685985,-2.400159767155884,1.2550868290050934,-0.5503270430673721,4.903512805779096,-0.7442860085622174,0.990400482141041
44.0,69.0,186.7508544921875,-0.8836439033587329,3.2466544299307767,-4.896034373910397,-4.954029935401847,-2.513339881516719,1.4491043197627569,-0.4514339917907968,4.877426766614477,-0.798104449853688,1.04929809786249
44.0,69.0,200.54754638671875,-1.18736570025092,2.2726819061253654,-4.8952291058226685,-4.800385495417967,-2.570068096248349,1.2720550612077457,-0.5512077273688245,4.741249076191753,-0.7375750041329407,1.0685767491576996
44.0,69.0,154.83969116210938,-0.9498365242659804,2.664904294131844,-4.963391929556858,-4.971880890602476,-2.5275993971287773,1.3777794292766572,-0.482516482340948,4.7068148278776185,-0.7858165898445026,1.0317446711385028
44.0,69.0,167.71139526367188,-0.9893252995078816,2.761532186270028,-4.988605407789157,-4.986124185427903,-2.4876366531861787,1.282307520610594,-0.4925137966173931,4.758938747611555,-0.7932286516533011,1.108957778516654
44.0,69.0,181.47108459472656,-1.210984578493219,2.4839388764829904,-4.892532350860524,-4.967520878797815,-2.541736656978508,1.565219146380416,-0.542787038656507,4.825729681183743,-0.7996693453945927,1.0137354736428428
44.0,69.0,175.17626953125,-1.112903328729271,2.66253205646578,-4.96107035161675,-4.983280567535812,-2.539001698595705,1.382483167197483,-0.4672939089509196,4.836990284748618,-0.7876158910203115,0.8912684072268959
44.0,69.0,197.78567504882807,-1.1035957972769856,2.5436639925907407,-4.943438955320879,-4.996743160301207,-2.288321588625613,1.4458787996971525,-0.6252405220847645,4.901790536205773,-0.84756660201014,1.049107176955431
44.0,69.0,169.69009399414062,-1.0378511810089246,2.690002090230948,-4.932029552829352,-4.999072176738438,-2.458308306488725,1.5126571742890524,-0.5558002299206386,4.801562464698559,-0.8094450529185444,0.9503216060241932
44.0,69.0,245.9862060546875,-1.4189511137623088,1.999737025813273,-4.989342671374451,-4.624869877754003,-2.495934934033028,1.1757819977583883,-0.5918796044271515,4.93100439577576,-0.8520583822658905,0.8395156391728147
44.0,69.0,177.30056762695312,-1.1803939131406134,2.7390788220929405,-4.935474856636205,-4.999730180914029,-2.548587547329685,1.3185562452245652,-0.6602304478055778,4.79361740965545,-0.7010002081962217,1.0033507774373651
44.0,69.0,202.80406188964844,-1.0028097951696022,2.4742241778703145,-4.801298948218063,-4.727243983109578,-2.592092730047354,1.3186635718471944,-0.6381372781948649,4.8020213906001725,-0.7859144691014732,0.9051999497523342
44.0,69.0,180.9336395263672,-1.032614714975788,2.841163111523936,-4.851237054932644,-4.994626030038815,-2.516312127921577,1.385918181588326,-0.573937353960102,4.840547467634316,-0.8542228852087828,0.8982125609247804
44.0,69.0,200.2934112548828,-1.0598675194229177,2.1852839706640594,-4.877083809486506,-4.998020593872563,-2.532724250790772,1.562903435901628,-0.5593491083846756,4.788532440369844,-0.799278894856525,0.9097094000812618
44.0,69.0,183.24905395507807,-1.2020881685560898,2.4631498351345336,-4.954338700031393,-4.927670055607454,-2.5913420243209644,1.3337028953082664,-0.6259997577153698,4.819039904687978,-0.843633663605333,0.9695492419413584
44.0,69.0,194.1263427734375,-1.157877788073725,2.938876297896352,-4.984717133694817,-4.9997933838786,-2.6675503268773944,1.7386478898983049,-0.5210014348876673,4.73818215600852,-0.8517892395225015,0.9595606557061434
44.0,69.0,178.61790466308594,-1.064136594293161,2.881686399060146,-4.994672298039523,-4.945973995141983,-2.566950782284663,1.2374414174025228,-0.4550797718180828,4.825263988496717,-0.7603602094241424,0.9636493913723552
44.0,70.0,170.37969970703125,-0.949750031122643,2.7637511839555966,-4.887432840173721,-4.943660816490028,-2.5861074404484343,1.3996433554588537,-0.4880681516992258,4.648408717991133,-0.806712262958583,0.9716150581896256
44.0,70.0,186.261962890625,-1.027486749833504,2.8150982915468727,-4.9939823847969445,-4.986136523592423,-2.678659257923096,1.1604886998057555,-0.4682474453755381,4.841085855429887,-0.8472742585745019,0.98995672721329
44.0,70.0,169.15701293945312,-1.071318232930051,2.775900232674731,-4.940657762002377,-4.988970961426843,-2.5214511429713213,1.199719353860477,-0.4808332256870615,4.810340284263498,-0.8293101750487528,0.9772105002260244
44.0,70.0,179.0402374267578,-0.9805990297204756,2.8451379298883346,-4.928853971257191,-4.998561353596148,-2.555970351627116,1.027604678724372,-0.4783668982449738,4.85389009609186,-0.7807215832676686,1.047378368369264
44.0,70.0,172.25070190429688,-1.1453768735657903,2.6648228008340578,-4.981260053235195,-4.999954042251248,-2.5154160994142343,1.506268430162132,-0.5511431539096643,4.825188816369085,-0.8105609565443466,1.0681153451349576
44.0,70.0,205.23936462402344,-0.9196518247662402,3.2099044420738885,-4.874144661398642,-4.986408913126645,-2.466307423182941,1.2236126700204109,-0.5677613220563282,4.882109582367024,-0.7061781411151689,0.9284281715764422
44.0,70.0,198.93649291992188,-1.096747698055215,2.876702605921441,-4.991619877083378,-4.998276145608347,-2.573498042527807,1.329669025255403,-0.3871746094491506,4.910297101160454,-0.8076745695135328,0.9274094099678942
44.0,70.0,205.8357696533203,-1.1043550670046258,2.7741064012390293,-4.898556216501913,-4.99057370968607,-2.4307333094348014,1.6006841808808243,-0.6236079551862446,4.811579184665186,-0.7173542542395399,1.1651391128065267
44.0,70.0,195.36541748046875,-1.185754894362181,2.47534293051363,-4.951650933312439,-4.908038114880457,-2.487940581258888,1.1412524033066562,-0.5088560708717065,4.848217839423203,-0.806188915000968,0.9279291715780548
44.0,70.0,174.6962890625,-1.0414014245843566,2.4966256303920344,-4.999257350502651,-4.978998488251634,-2.578076780807033,1.397523593953899,-0.5121811664583875,4.861930548676508,-0.8158941978048508,0.9325763533100346
44.0,70.0,170.6510467529297,-1.0147966739367802,2.79562100292308,-4.981176867589419,-4.999511017014244,-2.5911087281199534,1.4559590019759217,-0.4921769139681577,4.7896048372177,-0.775894195238422,1.0802879197492166
44.0,70.0,198.21881103515625,-1.0165219307249096,2.895829073925028,-4.947582983192895,-4.982582903528603,-2.367769474180488,1.5554104006649112,-0.4468415408854671,4.865175645756592,-0.8539998084421523,0.9944189105104372
44.0,70.0,178.35067749023438,-0.9331077020360894,2.792600797734077,-4.908767991413518,-4.971277603198982,-2.4948424657968755,1.3826806847165027,-0.4854883603662854,4.82652193640806,-0.7413615395915079,0.899130183523658
44.0,70.0,155.80697631835938,-1.044581708390418,2.5682998390822096,-4.909265334948792,-4.902014599011007,-2.516832463644374,1.3851437743873252,-0.4934005444131788,4.725695541307808,-0.8173432745482145,1.0245664713240723
44.0,70.0,196.31179809570312,-0.9875086165998336,2.985473597248252,-4.999494937418327,-4.970214011429727,-2.682239137366617,1.3464906362860374,-0.4884256053044478,4.834809613388906,-0.8639590362131075,1.0923701293373798
44.0,70.0,209.077880859375,-1.115806319071373,2.3451363217083143,-4.935931780396358,-4.941748177576819,-2.582746777567261,1.6678930841107231,-0.5455393370751027,4.87830188212623,-0.8241332231490253,0.9011645893284506
44.0,70.0,188.4774932861328,-1.0077627116339771,2.498498609222807,-4.941973793514973,-4.985411612948631,-2.4621755053704426,1.1022618954471044,-0.5293421781371066,4.898454999897467,-0.802909669969913,0.947017526382564
44.0,70.0,194.5738067626953,-1.166990203451789,2.496104831290573,-4.975136416001209,-4.853807836455022,-2.621250516915297,1.2443588228199989,-0.5825499383785093,4.798903654724457,-0.8019820448186374,1.1412098927938343
44.0,70.0,214.76785278320312,-0.8266106504707551,3.0427577073088568,-4.924458542975568,-4.99497516199069,-2.5952413522098903,1.3874165992769871,-0.654139139443882,4.88158060354502,-0.8529441307042891,0.9190191008520144
44.0,70.0,165.7049560546875,-1.1251054593238825,2.6879714059716395,-4.862974760670332,-4.96234011700448,-2.504983964761392,1.3104110702014138,-0.6511379082283675,4.886335245277863,-0.775225680528103,1.036376689939326
44.0,70.0,161.78839111328125,-0.9559308457385304,2.761787803419697,-4.924116470803444,-4.999980647146589,-2.53471417557938,1.408088115817919,-0.5248623637249139,4.848479685767108,-0.7758700443577311,0.9505861084404196
44.0,70.0,187.2584381103516,-1.1619858027327767,2.84501861696341,-4.813778648783815,-4.850458043510832,-2.6174782797919875,1.1492176108325536,-0.5840197856196809,4.765352514598774,-0.7772380277295134,1.0366878289403996
44.0,70.0,194.86083984375,-1.0527167464218463,2.837094687180085,-4.99673332839942,-4.999450418371093,-2.489288026653087,1.4783172310457413,-0.364181585180261,4.893820879793189,-0.8037410925690889,0.9527344663310188
44.0,70.0,182.13845825195312,-1.076100464703606,2.951546127099788,-4.921392369216609,-4.89709933522547,-2.508828072593188,1.3470648606524849,-0.5134671345558095,4.88594562342082,-0.6987798929636737,0.978337434989628
44.0,70.0,191.18130493164065,-0.8953038890871046,2.546229174082157,-4.962583408252893,-4.981008143368332,-2.418322427766335,1.2085518407667497,-0.5242698117090274,4.842395357237434,-0.7525476867709466,1.1366762539106432
44.0,70.0,196.6044006347656,-0.9709934795922016,2.4883716185355045,-4.915295295801944,-4.909191840066151,-2.491420248107902,1.1349923080265292,-0.6144806269710283,4.756245254002714,-0.7446093847550825,1.1109904719685462
44.0,70.0,176.49008178710938,-0.9804466441447772,2.595092331018945,-4.9212924927361,-4.961943662506398,-2.474867548057587,0.9850149912828544,-0.5645885949642597,4.7516598568358575,-0.7672617572071916,1.2169068114683688
44.0,70.0,164.61744689941406,-1.0058355070864753,2.8626174177785355,-4.999218378119826,-4.997848402082814,-2.457410125272936,1.3436345229908078,-0.5006752860188044,4.825653009556662,-0.7573418265125449,1.0621527451860864
44.0,70.0,190.20233154296875,-1.083133352657585,2.693743023967645,-4.963022062311416,-4.997403530985635,-2.340527881688226,1.479434843664614,-0.6210378708697748,4.846834282694978,-0.7495202224501814,1.0932659556455535
44.0,70.0,182.70101928710932,-1.114294550398887,2.555252239325231,-4.92608268433704,-4.9960230831852375,-2.591896434522021,1.489938116359264,-0.590401787774911,4.882656242122778,-0.8693849838763406,1.0049118307867388
44.0,70.0,174.86859130859375,-1.0410712456001576,2.7097407576495485,-4.977450453435749,-4.990947251728746,-2.529793364955999,0.9878284391247228,-0.6316712658749886,4.886089015309286,-0.7769707744305681,0.984830635462412
44.0,70.0,192.51303100585932,-1.007179866363642,2.8077352258103865,-4.9622319312534575,-4.986818232640498,-2.591148108521995,1.5081906017627258,-0.6132761818308508,4.841678638230697,-0.8715244244746883,1.0844629573412874
44.0,70.0,170.18560791015625,-1.021907858608241,2.609633794177469,-4.917633500038022,-4.9206829431187336,-2.598284248114456,1.176521051987553,-0.5772932893567218,4.759377213360423,-0.8307302998740109,1.0445250702174356
44.0,70.0,170.77810668945312,-0.9772401297000216,2.5588242650028725,-4.936301288324156,-4.889856619115945,-2.662297204451713,1.3665915677162364,-0.5203736489541004,4.816170057551648,-0.7571397304225043,1.0767388521186971
44.0,70.0,203.48318481445312,-1.1419487889656126,2.616314833608892,-4.955680394009371,-4.9629147666479385,-2.494242174093961,1.1436916121893628,-0.6309350284789685,4.880193374928309,-0.7302327975619018,1.1527116404596072
44.0,70.0,210.18728637695312,-1.0799086323651226,3.061792371364408,-4.997133826101661,-4.993695071010049,-2.39037010298074,1.2090657489425407,-0.5619030849596403,4.859827446508643,-0.8454414476866781,1.147067488811401
44.0,70.0,187.6899261474609,-1.0825640263568408,2.861067099180977,-4.892154288783522,-4.867614235743191,-2.522826824367826,1.5977154085610756,-0.5261612279117687,4.818296474479372,-0.7721821595148022,0.9490837358521232
44.0,70.0,178.23831176757812,-1.1144046139290813,2.668034012729178,-4.931688791844838,-4.933586367648684,-2.5947609408012493,1.4138039741528363,-0.3708896953209084,4.744480401354355,-0.7552854153552921,0.9727612404240772
44.0,70.0,201.3612060546875,-1.164261513287692,2.8111193128138323,-4.94277637087851,-4.860858818865284,-2.5638600741612185,1.5233309782491231,-0.6232448264124777,4.817984704331938,-0.772781088259956,1.201909599190257
44.0,70.0,193.19674682617188,-1.0041488610777094,2.8150091473830985,-4.970692744200588,-4.966597716169134,-2.51959911246908,1.6555741381083875,-0.5556060360535975,4.558707220470875,-0.8116694222092438,1.2532941699285525
44.0,70.0,197.76492309570312,-1.1033446904152937,2.440578071629683,-4.834632934485493,-4.997933985638194,-2.503625555867335,1.5248639355339684,-0.5572407334828462,4.838962465737021,-0.821324045187958,1.1744990958554542
44.0,70.0,152.82571411132812,-1.0932736471105735,2.6627332638561887,-4.9852832879179285,-4.942804532003389,-2.4764924455620125,1.3970452260054644,-0.5368473076538418,4.752786900848108,-0.8216848367480409,1.0368424468770314
44.0,70.0,199.88748168945312,-0.984443726745087,2.703563413676676,-4.973590257390217,-4.761371500567197,-2.671946057917916,1.2558794298054812,-0.6105144755732903,4.7892079837789705,-0.8377497893543371,0.9074214982159045
44.0,70.0,168.98471069335938,-1.039085275158417,2.7853187442877614,-4.959372109700746,-4.998066461143798,-2.536836692616629,1.3982383430706014,-0.5385756648479587,4.772548467283102,-0.7915152122508307,1.1713351119685065
44.0,70.0,175.33168029785156,-1.0864516876948245,2.858260472859921,-4.961602914393009,-4.999988641421378,-2.4285240098861447,1.6664502851016405,-0.5191870901881677,4.84595545255493,-0.7925429089514333,1.0384319326177325
44.0,70.0,202.56771850585932,-1.1263556059545898,2.1793422515178262,-4.9808475672576575,-4.9919144468955565,-2.353013888065174,1.4614502250439774,-0.5686642612139696,4.855877767186845,-0.7593765278751388,0.93119440431874
44.0,70.0,180.775619506836,-1.0874380745464207,2.6322123864055538,-4.910840296852532,-4.893860163282538,-2.377930627040754,1.2650337786004373,-0.4309126431482042,4.788478100547668,-0.7614402448929445,0.9458093544381888
44.0,70.0,186.09054565429688,-1.034862294384649,2.668286189982199,-4.930934206871463,-4.969679066176871,-2.471385269276667,1.1648130752795014,-0.5530215045657192,4.8879614789648365,-0.7721770226569165,0.8800328603086598
44.0,70.0,199.5794677734375,-1.100404883106541,2.8733659917723315,-4.935560311238108,-4.996380732826051,-2.5779993425356102,1.1162273643298608,-0.6086775994329212,4.803126721406764,-0.8016097923753147,1.1789840992976242
44.0,70.0,165.7156982421875,-1.2082348285720834,2.7126712003721254,-4.962128036020292,-4.99536642468829,-2.4826705020662043,1.279954327030608,-0.5353923143901458,4.865261831573701,-0.7612909234743839,0.969899255625517
44.0,71.0,164.4974365234375,-1.124432226783738,2.5987474276609044,-4.952313497923479,-4.988027715038098,-2.50279241788806,1.43244526917751,-0.5374785530895032,4.813507432335891,-0.7222407868654033,0.9907864690455312
44.0,71.0,180.2777404785156,-1.021684005882864,2.493791284789671,-4.92354429016983,-4.999853545492416,-2.5440660167324616,1.6099718204871083,-0.4988608581695883,4.809432948500458,-0.8333287132333265,1.0461053304299996
44.0,71.0,166.42523193359375,-1.0867864783459744,2.656745164859501,-4.968394274984814,-4.987412221703119,-2.445730607440852,1.4091680368918258,-0.5330788830220667,4.79624407253702,-0.8146906017509057,1.1071218675324888
44.0,71.0,178.68939208984375,-1.0984288805627802,2.659994902627824,-4.973422660577585,-4.903020766398331,-2.558787833949244,1.343935236885132,-0.5494011458669013,4.830758106469927,-0.7277039323741032,0.8673042664254602
44.0,71.0,187.3292236328125,-1.0538944575467606,2.263510516311717,-4.888939484898948,-4.983767567457432,-2.484043944858572,1.0589717431541257,-0.5528654420897805,4.7496872568695085,-0.8060268086295492,0.9872678461940652
44.0,71.0,186.52984619140625,-1.2186748503546752,2.883662247261059,-4.910074747716321,-4.966201073132702,-2.5334654622270376,1.4610579292786072,-0.5530687181792251,4.837608815220634,-0.7973665279332218,1.09927146139957
44.0,71.0,162.933837890625,-1.0194975433012132,2.7798054702195243,-4.970865892489335,-4.977226682476406,-2.5272253137133824,1.3091114480066697,-0.481255349910576,4.754094692643054,-0.7905277332264626,1.0868061615784708
44.0,71.0,189.59458923339844,-1.0462427252149895,2.771627931750869,-4.997289056938676,-4.987018188770278,-2.472054701236457,1.4142463151787794,-0.4420124149849336,4.701197513499476,-0.853360516428987,1.155404770804843
44.0,71.0,177.32205200195312,-1.0873118524158212,2.679224370310401,-4.981198183617956,-4.999963354795552,-2.511086539532588,1.4628999509507343,-0.5596969985233189,4.796621880778236,-0.7146757696333568,1.0948523362033231
44.0,71.0,167.96408081054688,-1.0939436108303715,2.546759877951933,-4.978781964054318,-4.994665658499697,-2.380980008264242,1.345749245507724,-0.5278088789742128,4.8072364677703465,-0.7454843789226082,1.0642612235294324
44.0,71.0,195.22280883789065,-0.9571242093229316,2.624049377110857,-4.946337009535121,-4.998728462032814,-2.442490950343571,1.1440512760745625,-0.4411669209437736,4.699063101144558,-0.7906586936624249,1.131787897913885
44.0,71.0,163.2892303466797,-1.0859408103607455,2.6529022152285933,-4.987668180489421,-4.999467277499733,-2.527930607644163,1.3597084632498868,-0.4633464170621284,4.808638837374529,-0.7783330609280057,0.9469896056941396
44.0,71.0,173.12689208984375,-0.9621057634049102,2.783423948104456,-4.99961674003906,-4.988487478758507,-2.4176117764619374,1.358198042925154,-0.5281740512242417,4.745029029930459,-0.7918507751692001,1.1488868028834611
44.0,71.0,159.1709747314453,-1.0774335494034593,2.589974543006777,-4.975705947223464,-4.998682134429272,-2.411261584803421,1.2945896711604643,-0.580742276877765,4.788796451859845,-0.7603158415792377,0.9813450692801816
44.0,71.0,187.9283905029297,-1.1306702306999616,2.5235527568380025,-4.912054906041732,-4.997509454987368,-2.556978352717534,1.136057483262273,-0.6652058908418876,4.8737967857135445,-0.7794745724303009,1.024664130247675
44.0,71.0,161.54928588867188,-1.069435548087088,2.550600996564905,-4.960714386850528,-4.961817672763554,-2.5560730166329693,1.4403563195419835,-0.5037207258119043,4.766383493568707,-0.8180597663988696,1.0380519693196
44.0,71.0,182.8517608642578,-1.0429904361335134,2.525261760197024,-4.9846205009339535,-4.9935147337227255,-2.5166906563729534,1.586545729571098,-0.4579022486542374,4.762974780659409,-0.8145990519868338,1.0547975507987832
44.0,71.0,171.05931091308594,-1.005745799436884,2.6844779945637844,-4.959116251813109,-4.999064380709468,-2.5131685024770305,1.4190304177504238,-0.5948536863758438,4.799693893005262,-0.8000355342556906,1.1532891286287628
44.0,71.0,166.17295837402344,-1.1063898969768775,2.584461738092417,-4.999990586030946,-4.860513674421239,-2.561908194075502,1.397762756778686,-0.5513821052659988,4.675090065778772,-0.7705129565098865,1.0279142155848977
44.0,71.0,200.9017639160156,-0.9400912211673588,2.761165474234623,-4.861599467437006,-4.99312023459121,-2.444533417732484,1.1755903660292055,-0.6690580803132917,4.882552461556051,-0.7754345367164159,1.1729977956720106
44.0,71.0,176.49325561523438,-1.1441564947231586,2.9259927533017214,-4.912773207769227,-4.949481918418575,-2.49747275927718,1.3612851120148273,-0.5166549540251841,4.896452809269826,-0.8308006183440222,0.9640841918066654
44.0,71.0,184.80490112304688,-1.1776406301668052,2.4961295408012054,-4.965247549334706,-4.974525574307992,-2.4548822526840484,1.4028475873669022,-0.5683244084569079,4.819498193959648,-0.7567812673862138,1.164422025902832
44.0,71.0,166.85171508789062,-1.1115414842627498,2.7171409602405348,-4.980483467015548,-4.9949433819766025,-2.4971929117837046,1.430784767374332,-0.6278921043421395,4.764891157591547,-0.7365861390302193,1.033435486487071
44.0,71.0,188.10134887695312,-1.1594554466929146,2.7438162462690627,-4.938117494755157,-4.99818047805427,-2.5186894668253004,1.3827628865866617,-0.5666421862559048,4.927844123936497,-0.7719025825571775,0.8875766131236489
44.0,71.0,178.94102478027344,-1.0193667539325038,2.9507184565112965,-4.964513970577376,-4.976517590797199,-2.642738754587514,1.390983827594285,-0.4620220666949777,4.8052661991554775,-0.8427491529024671,1.04217328940868
44.0,71.0,184.9615936279297,-1.010048455617408,2.842820678893072,-4.975970532667039,-4.99695126087072,-2.6168216311425176,1.2906409404878687,-0.4858394118130427,4.78843265831013,-0.8479658159572097,1.170886740856348
44.0,71.0,165.96609497070312,-1.0885043002104269,2.8398056518498835,-4.900700755719006,-4.995899187441993,-2.4771895283987218,1.3985237966910704,-0.4698138413288983,4.781327491341887,-0.7519984939664326,0.9676681839945857
44.0,71.0,185.10916137695312,-1.1824005422043051,2.624531457292689,-4.959014302368837,-4.999666950866044,-2.470247796297872,1.3488109254146383,-0.6317625272419356,4.932586347202308,-0.7777518436653548,1.0765260300965975
44.0,71.0,176.33670043945312,-0.9114725077909308,2.815074269350805,-4.936823325673018,-4.995610550448793,-2.5956711408094995,1.179953154709798,-0.4592992848210651,4.80538349486643,-0.8088511215569483,1.0239647506328904
44.0,71.0,177.25698852539062,-1.1426154905382986,2.4349505200290658,-4.877834011154553,-4.939784095901423,-2.48463587784937,1.211197580724393,-0.4753020279611739,4.792261800912813,-0.8126556438685224,1.029447085118691
44.0,71.0,174.15463256835938,-0.8631683288467435,2.789160595439592,-4.868780878588739,-4.924757765097257,-2.617175290653604,1.2437417742757004,-0.4896941262610879,4.850572249823561,-0.7863719797210411,1.0592445660903067
44.0,71.0,175.8004913330078,-1.1435756432374298,2.583751459879525,-4.929815748370787,-4.96396608157534,-2.447203162286302,1.300037604927505,-0.4825228789371971,4.838828728055471,-0.6969570756916754,0.9665333597643846
44.0,71.0,174.01300048828125,-1.156505158759002,2.78017599654066,-4.973231730712758,-4.95929860488865,-2.550468417997441,1.1189959754482448,-0.5145822951466625,4.839003497499515,-0.783359488757621,1.011493841750748
44.0,71.0,194.0287475585937,-1.110817262083121,2.9026131930050134,-4.999435472847924,-4.9379238707972375,-2.4284252304932026,1.423196052154453,-0.4841903775259037,4.835612027536914,-0.7208946409999175,0.9136529853982616
44.0,71.0,169.28363037109375,-1.0707564770395337,2.6312506554747763,-4.980639173158679,-4.99519229981074,-2.585074377625399,1.311570174665734,-0.5755618927891684,4.808645249731891,-0.7443869473591116,1.1025331111354983
44.0,71.0,184.43295288085932,-1.013554976336501,2.7742546850288026,-4.922931396553948,-4.994897563576337,-2.481883185173788,1.4606250452830452,-0.4772175476496159,4.888012886591074,-0.7854562753918914,0.8525488264912093
44.0,71.0,154.6342315673828,-1.0108015549798468,2.7096459445316388,-4.94018354972505,-4.999961940604399,-2.576107276276817,1.417903426701809,-0.508180567435712,4.855761417665107,-0.7759046770347471,0.9931443707488404
44.0,71.0,162.9932861328125,-0.9882813769491534,2.5031315579488,-4.862792615063799,-4.963712894023768,-2.4140047770173663,1.4270664698730204,-0.5371390596604408,4.767738207265525,-0.7859203407473956,1.0457316343632614
44.0,71.0,209.06637573242188,-1.103991680385923,2.959155511061513,-4.942379522649197,-4.979274879259522,-2.512116445448588,1.5412775602693172,-0.450751572340291,4.866649117219698,-0.7813814969355839,0.8477155723950069
44.0,71.0,180.8455810546875,-1.0410469165280842,2.774889772994227,-4.996116506600448,-4.991292553127129,-2.429415634149954,1.2612499688060073,-0.4690523213516933,4.79641370501256,-0.7509886297021477,1.1372580778577823
44.0,71.0,169.09779357910156,-1.1220851060154264,2.8606156874029782,-4.904333641228591,-4.99998991749198,-2.6079987646105884,1.3071806604457905,-0.5918174479269673,4.870510691941487,-0.7997654971243833,0.9753563464965742
44.0,71.0,188.01483154296875,-0.888766439318637,2.902816076037852,-4.9120994382519285,-4.949909544132029,-2.591671536771208,1.3286542054429704,-0.4528058853017533,4.77518210236383,-0.7905503325895822,0.834604047530334
44.0,71.0,176.1642303466797,-1.0647190521386314,2.689752318852813,-4.976979297306486,-4.966558626110618,-2.461165161870069,1.333490420518535,-0.4345359280876524,4.753629388416625,-0.7665281323046846,0.901164807677107
44.0,71.0,190.48757934570312,-0.985248241199641,2.8898694693047755,-4.980437763480404,-4.997161321529355,-2.597110266575988,1.2179709486906187,-0.4819343454512284,4.7890807373191695,-0.8303832658740484,0.9160140852917033
44.0,71.0,158.1592559814453,-0.9870975054345088,2.5849374155269373,-4.892932895431537,-4.996875849905186,-2.5478712948646107,1.4356802812152427,-0.5029662988678227,4.800982607045185,-0.8060939501075071,0.98631426591227
44.0,71.0,186.63409423828125,-1.0776810263261587,2.7397840540135334,-4.975672670461336,-4.995416378519787,-2.519351512415195,1.103964196462872,-0.5107406579275686,4.795752992714471,-0.8137872616708481,1.1384511152247525
44.0,71.0,202.2027587890625,-1.0412991321935854,2.936117590416499,-4.994809463235931,-4.84753268774981,-2.547984667715227,1.005329342336668,-0.4418390047699008,4.825423658129374,-0.7963541602264073,1.0893640037538113
44.0,71.0,190.76773071289065,-1.053136232643963,3.1074113047783687,-4.97374871325897,-4.993278619950667,-2.488532369259817,1.457366283532898,-0.5287473544936923,4.827293074686555,-0.7790565686417219,1.1210230699376709
44.0,71.0,164.52603149414062,-1.0552435619565554,2.722495733754582,-4.97738405828344,-4.984340872933939,-2.5068971228882795,1.3893875810305314,-0.5921432514194507,4.853193104299239,-0.7894121006730002,1.0942460955744178
44.0,71.0,192.2224884033203,-1.1198189742517788,2.8820380928387737,-4.997388038471851,-4.9909533420442935,-2.523420265628858,1.3978178600490798,-0.4804460898056124,4.608037072509127,-0.7868501108415682,1.098734902390075
44.0,72.0,172.20565795898438,-1.06527531496519,2.84777768302876,-4.961556425187879,-4.998660803563145,-2.5108987615543947,1.547482595436911,-0.4924541155595108,4.775295791144314,-0.7804586727705969,0.9982311754549826
44.0,72.0,187.60418701171875,-0.931069521799662,2.9976754110656767,-4.999811615194029,-4.989699747814854,-2.537301382012488,1.3767385360089666,-0.5413685718016712,4.79232386476129,-0.750410664500694,1.1189839410284126
44.0,72.0,170.150390625,-1.0336445356364976,2.628390599760202,-4.942276596955412,-4.955301489353986,-2.532866157752318,1.4560235333152942,-0.4732787473353568,4.82844150085889,-0.789964468937951,0.936053282558369
44.0,72.0,162.78048706054688,-1.1871659213239645,2.5573399829567283,-4.947970328112307,-4.9543229707858245,-2.4783102587217587,1.295419936517038,-0.4741103907114565,4.763706428796359,-0.7960250411451426,1.028852517890123
44.0,72.0,196.5684509277344,-1.160977096851176,2.506453214099576,-4.9820014972420825,-4.999999928883629,-2.370343460696814,1.177361116547928,-0.6402318137395273,4.8287060756185305,-0.7636950389121138,1.0668485884411822
44.0,72.0,171.7587890625,-1.0717143811553602,2.560930389899755,-4.990639250415181,-4.99489233953159,-2.5323227990383126,1.2983280590204247,-0.4731561427978032,4.789800798442865,-0.7852913381673057,1.1096308695492407
44.0,72.0,178.11395263671875,-1.0115839652668974,2.62165632843831,-4.894807118615443,-4.915258173292518,-2.4923855888245985,1.541508570707906,-0.6137583848243242,4.749634408270252,-0.8197251632152884,1.0671151132596464
44.0,72.0,206.7085876464844,-1.1508603798047936,2.569608773546108,-4.999971323528144,-4.999135255139347,-2.6165431205737786,1.6121242365834485,-0.4461348538890526,4.7841564556434495,-0.8366941139948958,0.9182012769734128
44.0,72.0,165.47804260253906,-1.0869957032424704,2.7248365121747744,-4.885313457715816,-4.99839626957798,-2.490267921385463,1.4667436456645664,-0.6085732450591337,4.842853200490714,-0.7781413869986764,1.057306333469894
44.0,72.0,177.6119384765625,-0.91003810095504,2.773771411444841,-4.994905376633419,-4.998778316491047,-2.55198068280829,1.0982496399937212,-0.497898003446612,4.792361001506945,-0.7544911044451954,1.017187703739446
44.0,72.0,194.16629028320312,-1.0072167455181056,2.9668283041645163,-4.942097649644891,-4.998278064171604,-2.514002121636411,1.2659937569427822,-0.6528538749622514,4.822235229672366,-0.8118360867429271,1.158592705854172
44.0,72.0,188.7698516845703,-1.105893644315416,2.3921808309022694,-4.980802326604792,-4.932981510992084,-2.510163082386953,1.2765129372965944,-0.5736487928793981,4.700530904484619,-0.7838554475885031,1.1377048356131567
44.0,72.0,175.52291870117188,-0.9625682241421228,2.872558021976125,-4.961372926901219,-4.994706307343503,-2.6091516963347363,1.3506570284292154,-0.4769625051640229,4.819611235401741,-0.7950742645816984,0.9347911942556476
44.0,72.0,168.42807006835938,-0.9317962937895636,2.657856641881705,-4.904131090992337,-4.964372055363952,-2.491156625527541,1.35168024745634,-0.5624160091306907,4.8380480183618975,-0.8108552095429324,1.13844445751936
44.0,72.0,151.87899780273438,-1.0686490594664684,2.692193068309772,-4.884318858749184,-4.986814529226977,-2.5581033417730232,1.4171288124140684,-0.5624230454755157,4.8098706073206365,-0.7798717704454265,1.036094462369121
44.0,72.0,158.02162170410156,-1.004245061029363,2.677457843504132,-4.912320163055818,-4.982944355355886,-2.6295682072525293,1.2334644457090906,-0.5366684399780217,4.853566357541055,-0.7825263627118604,1.0132011956722264
44.0,72.0,167.36109924316406,-1.0257877804244964,2.6719355097026813,-4.938248492152884,-4.974443278831731,-2.570503063867028,1.4417679327739783,-0.5883421145898691,4.769305471340035,-0.7813357268866188,1.0929542611291998
44.0,72.0,161.4172821044922,-1.0289796887672753,2.4573120834022264,-4.951202363052144,-4.992606682020595,-2.4364843577538253,1.3644772725901797,-0.593367111540843,4.786576138341255,-0.7575552590735093,1.007976888423504
44.0,72.0,158.3482666015625,-1.1740793510361869,2.693749191205665,-4.986231120828438,-4.996052911885636,-2.5213728419132933,1.350538965558349,-0.529696866254624,4.817722102163753,-0.8165650693394211,0.9724278327328104
44.0,72.0,168.56398010253906,-1.171833907440218,2.547947020435464,-4.907465654431033,-4.999998561025021,-2.459105451305697,1.391262348523135,-0.5703829461872871,4.848797181504569,-0.8286149451290319,0.9663525053341236
44.0,72.0,174.47561645507812,-1.173344799571383,2.709956071079401,-4.966502279230626,-4.902756439144041,-2.5315295499404886,1.2462145867137124,-0.5632109240067624,4.814481871185034,-0.8525762298905866,0.9549133847636152
44.0,72.0,158.94033813476562,-1.0843510010907536,2.7362942384734144,-4.983514853566787,-4.999371253296136,-2.6071225086280374,1.34535520750606,-0.6005314358483096,4.801131372187939,-0.743200504349252,1.022741522514961
44.0,72.0,169.77752685546875,-1.006420583319247,2.964653805212465,-4.987258175387785,-4.955808959305351,-2.4774751209700554,1.4332854555595462,-0.512454433284856,4.814524683755932,-0.7645206336996377,1.0302401153159044
44.0,72.0,168.56712341308594,-1.0957015478983676,2.3693202019682698,-4.997849973786384,-4.993975492652277,-2.5891841113321776,1.347648562492946,-0.5349280033571873,4.755588446189417,-0.8005290628973221,0.9903892687936792
44.0,72.0,155.3088836669922,-1.0002551149521817,2.558686577652937,-4.984622266487152,-4.984051332055143,-2.4732502880609752,1.2954732024248123,-0.5484124755365736,4.800888375826121,-0.7943512954378686,0.9744271099206614
44.0,72.0,154.16717529296875,-0.9907653308797384,2.758483498122871,-4.953556238376604,-4.999818753149841,-2.494156810049594,1.277490155672341,-0.5379628784834818,4.849042313579918,-0.748384356366314,1.0030462046941366
44.0,72.0,174.68026733398438,-1.0355534866884546,2.2059345687192664,-4.9117450148666855,-4.955792732552244,-2.433910949222055,1.361137749885125,-0.638837468406277,4.795801063266413,-0.8006463962724597,1.022048482340936
44.0,72.0,173.1826171875,-1.0813848469881986,2.444874515045159,-4.980050595997091,-4.983567676604092,-2.485675857878906,1.3331640184045082,-0.5629848213816615,4.75262554781594,-0.7531717846261996,0.9328683463824028
44.0,72.0,165.11891174316406,-1.0051726823648144,2.6243389432158324,-4.958783946260485,-4.998808778191029,-2.477194327978591,1.432818531619171,-0.5068608225261855,4.848104947329428,-0.7871076635336056,1.0859674494537437
44.0,72.0,168.5805206298828,-1.0557304178833005,2.6201198688687413,-4.974939698683711,-4.993217303836984,-2.531182412466434,1.460873026181858,-0.5671076756551461,4.779001030465267,-0.814399291144495,1.092369875553847
44.0,72.0,190.51138305664065,-1.0673196261889897,2.3853236800164552,-4.953305620148063,-4.912858565473791,-2.5309023524852696,1.597832896441273,-0.6360737872894271,4.768373325597501,-0.7924293649045842,1.0186178513055024
44.0,72.0,158.37054443359375,-1.005846788763984,2.662248724087613,-4.948148863934758,-4.908862320440004,-2.584670044734636,1.439488177579836,-0.5909402800018793,4.754099149954762,-0.8042875803513265,1.0081293585403517
44.0,72.0,160.71041870117188,-1.0239757489290953,2.5500908009133783,-4.969505958421937,-4.910963418992413,-2.4252002930997216,1.4402362567195477,-0.5271595437811545,4.7785675494492885,-0.7947528233399739,0.9956250221160924
44.0,72.0,168.61166381835938,-1.098878068818938,2.7299189207522065,-4.923538430903078,-4.9478789867122925,-2.5823663949192204,1.34145271411386,-0.5568879731568019,4.834064787339024,-0.7396584777147677,0.9285232369327794
44.0,72.0,158.84732055664062,-1.1068711426745494,2.6454178731267763,-4.956361976707127,-4.996246456902939,-2.443101800307117,1.4508723046089689,-0.5129655460568996,4.806638330080821,-0.7569105786060568,1.0271619960564775
44.0,72.0,172.53988647460938,-1.145268100051915,2.684705551004477,-4.958778029326753,-4.988753148914372,-2.5567971800466056,1.2170757205777472,-0.5989607144841278,4.869760294093084,-0.7988404734109302,1.0633248481491997
44.0,72.0,157.4693145751953,-0.927228325422024,2.781850608874289,-4.871544371265456,-4.977936748758065,-2.547303854398552,1.3814083648373572,-0.4985250716087988,4.793242813259933,-0.7721878998983946,1.0462923019569177
44.0,72.0,159.28271484375,-1.006946159596238,2.744134962518052,-4.975657395081307,-4.982537145960324,-2.4676192148424327,1.3437881202163489,-0.4534836717028945,4.814506755233577,-0.7447505692560306,1.038641004856026
44.0,72.0,168.34527587890625,-1.1733562837988805,2.610866101072695,-4.99994525233525,-4.995351479500465,-2.526599868014089,1.2896982736714548,-0.637489496651586,4.868263848732822,-0.8082347693102525,1.0090134325011233
44.0,72.0,165.75430297851562,-1.04759277461853,2.5136068898329373,-4.994167233944893,-4.990464049269458,-2.4955078355575484,1.3678170432087615,-0.5673345790871673,4.697439413242467,-0.7749403186359798,1.075035891345002
44.0,72.0,155.66314697265625,-1.0672429664238123,2.7373937586543544,-4.945588154460226,-4.972204039675914,-2.456216480560957,1.3207685257965505,-0.5185608906961132,4.833989270612205,-0.7803333394797711,1.0726059989400607
44.0,72.0,175.81161499023438,-1.2017808421676652,2.692719840962,-4.969140800728566,-4.997363964003514,-2.5093243466368813,1.4927618530430546,-0.5724369190066616,4.751666585126419,-0.76824085700955,1.0729664935084724
44.0,72.0,164.7733154296875,-1.0886776745300524,2.817896038398203,-4.992266973157872,-4.998714252644268,-2.4738409014421334,1.2268232997532849,-0.5109886056043669,4.85855208402201,-0.7563199927711413,1.0035264699908373
44.0,72.0,180.77859497070312,-1.0717930570247844,2.387211879056194,-4.9849356921523045,-4.989668455801628,-2.4918607787050617,1.3808788807223138,-0.4770785801430852,4.614579022034652,-0.801014428583918,1.022038847377118
44.0,72.0,168.4592742919922,-0.995432236657316,2.6858405142480555,-4.973091769104872,-4.932614894325585,-2.463543499622664,1.4296465658139157,-0.4940969342784953,4.695804969027112,-0.7828557573470505,1.0858250661363025
44.0,72.0,162.0932159423828,-1.0326455603964262,2.8744889549106194,-4.968419941692236,-4.9714616819025625,-2.558177892414917,1.3055240469342628,-0.5891519844358157,4.81648983198156,-0.7844347712798712,1.0514052938399132
44.0,72.0,162.48043823242188,-1.1292846415993338,2.544440652612652,-4.971423823361704,-4.98458951609882,-2.4714662136520977,1.3153171395646144,-0.5418068301802386,4.833571317845845,-0.7681974311443449,1.068157858464577
44.0,72.0,187.6722717285156,-1.1456136307749487,2.6264702562921585,-4.990308324840027,-4.851149772185722,-2.3510417538273094,1.5392401672736558,-0.5546721307566784,4.827690997288466,-0.7984614234400382,1.0440348415730618
44.0,72.0,170.9996795654297,-0.9517899852878662,2.613814328314781,-4.9601027459734,-4.991690194536228,-2.569703585368856,1.4675558563590716,-0.4281341020816018,4.801663552008112,-0.8160792217009698,1.0256148331514092
44.0,72.0,169.07447814941406,-1.0155916550938509,2.6030212424442167,-4.975997281912025,-4.997896671336359,-2.524179633020563,1.3733494793230774,-0.5242352495360638,4.76130775927076,-0.8476906183788069,1.1097546044498117
44.0,73.0,153.0755615234375,-1.1248018314883144,2.6158690791722456,-4.965274071799271,-4.999199296799814,-2.517444903845623,1.3632177792802675,-0.5518298431258515,4.786254571190453,-0.7735457530491434,0.9796463468848068
44.0,73.0,173.17857360839844,-1.0942365765245663,2.5054824761028405,-4.908864420009349,-4.988546916294431,-2.561823537465775,1.4554330799766344,-0.5176516954340551,4.833854077686912,-0.7942494698345284,1.08604281833336
44.0,73.0,202.67111206054688,-1.08051271125809,2.9224081493792564,-4.993616637949717,-4.965333907770711,-2.597264643107008,1.5619820051794644,-0.5091148757824566,4.767953385630371,-0.8341573667239501,1.1605576141323573
44.0,73.0,170.04034423828125,-1.1079812829131992,2.903833356120645,-4.903604307987921,-4.992327591798523,-2.6744822040839344,1.297110744297381,-0.4949630353896523,4.8364456111162255,-0.7607624796576387,1.0201802788828287
44.0,73.0,175.81265258789062,-1.1891076663033933,2.7384481127062283,-4.992771965550633,-4.98577447615413,-2.5094793643134383,1.3216803300604516,-0.5555106864828083,4.89181707517078,-0.7500281027502398,1.0910714857307378
44.0,73.0,166.1139373779297,-1.154228394126224,2.6418483882297616,-4.971892390701269,-4.885348172004881,-2.478017882314851,1.2507774979125044,-0.5199889792917114,4.877454949591796,-0.7811748341957747,1.0506804487548047
44.0,73.0,172.876220703125,-1.0185595280793105,2.704881381506066,-4.959700642698982,-4.967974993119428,-2.360691248937758,1.2412860974061726,-0.4963212528513585,4.811243215622097,-0.810565760982743,1.0850803207062576
44.0,73.0,151.9374237060547,-0.9753132831950636,2.6414046402089584,-4.91718132485738,-4.995884035460829,-2.5304411826954163,1.4247142365950038,-0.5674700843676295,4.78346599273279,-0.7763030146346388,1.004724989403913
44.0,73.0,165.22166442871094,-1.0423593549035708,2.634448146199992,-4.935174363932529,-4.942262756027508,-2.560401912647698,1.3428714351023032,-0.5003476893842365,4.802750163579834,-0.7649922483565366,0.9187968820220602
44.0,73.0,172.261962890625,-1.0569676608908614,2.760372857133259,-4.994277328242279,-4.998585195085396,-2.5781204571442227,1.3842776694165293,-0.5644593021954751,4.776494360338509,-0.818669895448771,1.1755091963183748
44.0,73.0,156.38482666015625,-1.0688462319115084,2.725011533084448,-4.921140571277919,-4.960856764449842,-2.474395871496386,1.3582902330824815,-0.4695512081444626,4.766797960623185,-0.7352664571205549,1.0289993270723148
44.0,73.0,173.26962280273438,-0.9620495633365946,2.909045178052847,-4.94275150663986,-4.979153275001129,-2.587536170782984,1.498239454500494,-0.5487878509293829,4.832481527548374,-0.8075042447299889,1.0333760087161048
44.0,73.0,182.26727294921875,-1.1041856547452331,2.850777312462867,-4.939734871968762,-4.997195030341679,-2.471195799758859,1.3082655401302017,-0.660401829853642,4.8298239501009,-0.7538351447564322,0.9287852869776634
44.0,73.0,163.16293334960938,-1.1291030553539554,2.776481272393325,-4.994182419539656,-4.999627696485972,-2.5574793905912947,1.2898128644324274,-0.5733689936321777,4.861929475109148,-0.8088204731218882,1.0539731026379346
44.0,73.0,151.39356994628906,-1.0500755038845844,2.753035243736268,-4.951187651029036,-4.98578836685455,-2.5772985192338824,1.4082388094913163,-0.5322705888495776,4.797738818675175,-0.8098824957601503,1.00719162244863
44.0,73.0,158.99819946289062,-0.9281469952257576,2.590946643831529,-4.978381682447815,-4.993222334651353,-2.469198478697243,1.3309734434730256,-0.5313660217364671,4.770449126337118,-0.8337567487766782,1.0584676128311106
44.0,73.0,168.7813262939453,-1.0314865761269787,2.662616622095856,-4.864984586078626,-4.999800888123615,-2.521889221626293,1.5438505144753822,-0.5657461611033385,4.877603218388398,-0.7759757951788817,1.0321427550449318
44.0,73.0,149.62937927246094,-1.0102019657055292,2.6390900260466967,-4.918720396976009,-4.996295757809049,-2.456809452115132,1.3480997376092727,-0.5368507607022543,4.857202436170415,-0.7657887391940807,1.0334387634735318
44.0,73.0,162.85354614257812,-0.9470310534037932,2.544216752199679,-4.942307441325331,-4.863531943767279,-2.4798603272571103,1.388704397269941,-0.5267076841775378,4.809125152305255,-0.7656433401508682,1.0514153266139212
44.0,73.0,180.5936584472656,-0.9220106267002331,2.7744884787823825,-4.949524216306448,-4.900683454022065,-2.6073605796123305,1.5277670497287366,-0.5232309844547967,4.826951014379544,-0.8249412262544222,1.056841049854416
44.0,73.0,157.76730346679688,-1.017958907042778,2.67614586776027,-4.91651705716202,-4.989207475035513,-2.495457293127439,1.3186996890364666,-0.6304986473053278,4.753685371298376,-0.7479496866489397,0.9828503974558292
44.0,73.0,149.54278564453125,-1.0349140924868383,2.641351535075488,-4.865926939375243,-4.997332472349267,-2.465648903239728,1.389069230175414,-0.5652211100690039,4.8229017327266615,-0.7727211157268421,1.0014220435876968
44.0,73.0,177.21051025390625,-1.107002422394726,2.5943233742129843,-4.866072522997354,-4.979570178716953,-2.4141379461537453,1.2291338727034535,-0.5069392924777629,4.794824484177077,-0.7014330196420424,0.970794915356441
44.0,73.0,193.33189392089844,-0.9105513425220622,2.8127438392111603,-4.995931408728491,-4.882390753320389,-2.445358054637188,1.3552604415852283,-0.464590502337229,4.769617446811745,-0.7051126344292875,1.1292352654064386
44.0,73.0,159.29873657226562,-1.052610806044021,2.702478690699614,-4.932514429992088,-4.997950830038313,-2.633110289058778,1.2211451985271395,-0.5561670763203956,4.779788651315654,-0.7759167594197223,1.0218411460112486
44.0,73.0,148.90013122558594,-1.050466150973631,2.685710871631695,-4.942670806422078,-4.999807554334448,-2.4611019987838434,1.3747531361872358,-0.5293815292610322,4.865099494332574,-0.791412172404045,1.0274165147846182
44.0,73.0,158.5483856201172,-0.9522418276166204,2.7261982016318065,-4.963796165301606,-4.942314376160028,-2.530326015235789,1.3758661931151073,-0.5489958590492829,4.851558848193385,-0.783392610060897,0.9543303333952284
44.0,73.0,154.7288360595703,-1.12297796047452,2.6877355423028,-4.962376834483501,-4.996806138833803,-2.536591838022893,1.3891817759231593,-0.5227850190831083,4.791831215486843,-0.7415654614963838,1.0071123172021608
44.0,73.0,153.01319885253906,-0.951774277605062,2.563040937215756,-4.898010325194353,-4.987983881021668,-2.5307927895100275,1.3533037961289818,-0.5355951850416316,4.785799840026609,-0.7930191897821324,1.0466671674647312
44.0,73.0,180.28024291992188,-1.1355866851386145,2.611565943295981,-4.97627254223391,-4.998693155294243,-2.489924147781628,1.1621933739729524,-0.5967974616660303,4.841085784432954,-0.7372840469885711,0.9648922499695268
44.0,73.0,163.7584991455078,-1.0261382777616652,2.7066673014835416,-4.995270579309936,-4.997996084208207,-2.542155402545885,1.3214138692444486,-0.4469875279946329,4.723025334427952,-0.73294603217151,0.990422831268564
44.0,73.0,169.97132873535156,-1.0063464380306213,2.552862273343784,-4.964554251504949,-4.9242465373179725,-2.5339957581185817,1.147415510832678,-0.5555959051401329,4.769045625017451,-0.7569518664407573,1.0346887608972306
44.0,73.0,154.53860473632812,-1.0115977018304352,2.5881893459500294,-4.996196677434751,-4.925729877252477,-2.5255678320668213,1.3393236349269522,-0.5172430218904633,4.796985918608764,-0.7510005415795202,0.985425673873042
44.0,73.0,166.41207885742188,-1.0865102460998115,2.70151665577116,-4.910384795218245,-4.969657764041233,-2.5661928283764115,1.4136685117315606,-0.4545553787239385,4.693469527803222,-0.813712724272003,1.0564025638227577
44.0,73.0,157.18650817871094,-0.8911274381615195,2.83629556775606,-4.924130953405715,-4.998145610613054,-2.51019625720374,1.3836254891904032,-0.5411107022947501,4.795953913994151,-0.810738704678525,1.0052742436415398
44.0,73.0,165.18527221679688,-1.1160869026582292,2.674908809189657,-4.984937058966723,-4.997106185466936,-2.54268553262554,1.4375505917288829,-0.4977844004027565,4.766775723605647,-0.8320543677374124,0.9682760049263096
44.0,73.0,165.53480529785156,-1.003018064058558,2.727759776829812,-4.943650707985737,-4.945575790132659,-2.6670560399138243,1.2606484876370772,-0.5662762394162515,4.859801226999775,-0.7373680568284229,0.9966578091135404
44.0,73.0,184.0572204589844,-1.1416214594693477,2.752950355486229,-4.95927275124775,-4.89193848904084,-2.533886234470457,1.1386971165861652,-0.6394723147796224,4.811415919516621,-0.7841353224164207,0.9662853695685056
44.0,73.0,197.461669921875,-1.094699620802535,2.9179403682298943,-4.939752811460276,-4.98183296457829,-2.615114833966907,1.138276569870583,-0.5142335883873548,4.902148530342927,-0.8213423042795114,0.9449914316788934
44.0,73.0,179.56427001953125,-1.053180781953,2.7980977064611743,-4.90161322137106,-4.972638444954785,-2.55715455364738,1.1316783233400516,-0.5189769464999028,4.799436712224942,-0.7125348773948135,0.9763885667717184
44.0,73.0,166.09359741210938,-1.1342031779022004,2.689790121022927,-4.97028818172608,-4.998614224024005,-2.532826530686846,1.384787634118099,-0.529868575068746,4.862141185819649,-0.7359233313437006,1.072396223164679
44.0,73.0,160.92132568359375,-1.0356811781191126,2.796107680020002,-4.927362130594637,-4.949643756948173,-2.6004937317932253,1.4472808965303976,-0.5550207059943277,4.852874169040382,-0.8166773042833437,0.9998412076081084
44.0,73.0,152.4046630859375,-1.0316994793266543,2.583928375567255,-4.925467833848657,-4.9893425775081575,-2.539471797285518,1.3331835927390232,-0.5144733909112258,4.752580756710588,-0.7842409677349895,1.0580050299986477
44.0,73.0,152.070068359375,-0.9674526144256808,2.570077752315969,-4.955791926436383,-4.99988006803093,-2.456581947048969,1.3672636814950927,-0.5055170146301622,4.771081331231457,-0.7837258306218065,0.9991156120444148
44.0,73.0,157.45867919921875,-1.067184398908943,2.5934589505308594,-4.966818487583969,-4.999934556450622,-2.4979825036133594,1.363618530265378,-0.5795607835272945,4.817275007592247,-0.7639620260945525,0.9600082337996714
44.0,73.0,165.68833923339844,-1.0111426555837737,2.866912555295917,-4.975131905617,-4.937734328228453,-2.574331075097887,1.3005464559294202,-0.5455643616891503,4.852629151130067,-0.7479373554540816,1.0526554639207228
44.0,73.0,158.23809814453125,-0.9464937641524171,2.736181094796269,-4.9969120160696345,-4.952173525835689,-2.422071916545589,1.3221881227270558,-0.5131383175729578,4.872147186791839,-0.7794792532323873,0.98755449332958
44.0,73.0,157.0883026123047,-0.9276461259653512,2.5846398872713614,-4.8430885654297215,-4.997703628124929,-2.51056032953412,1.3362028902859198,-0.4670091302633361,4.794847890184965,-0.8108522490721866,1.021323884396291
44.0,73.0,167.21035766601562,-1.0032470034102876,2.512028701735404,-4.905450303684591,-4.9561333300581305,-2.5344839544630307,1.4375942050938555,-0.5932952266465543,4.775983398591162,-0.7439029728376232,1.0458495027510135
44.0,73.0,164.24037170410156,-1.055597269252671,2.611605047347262,-4.947410237348711,-4.999955233284042,-2.486737583860756,1.5277011149006476,-0.5688277646193374,4.77736951310807,-0.7750053958523884,1.0085880749794764
44.0,74.0,171.35714721679688,-0.9943114782611532,2.6930946551834056,-4.965132422158588,-4.899043678552008,-2.357981549642054,1.3308893136156472,-0.5646094553498191,4.852255677305383,-0.6983693989064523,1.0110293717515546
44.0,74.0,156.36306762695312,-0.9694144856943216,2.6903740987318976,-4.978017050618354,-4.981470403804858,-2.480869089977999,1.2398721998024334,-0.5421411906988949,4.859915188621374,-0.7871115480912296,1.0392761349358226
44.0,74.0,156.54925537109375,-1.027238889030393,2.85136802559964,-4.994382402812236,-4.992140153299912,-2.4972935268316307,1.3210828421592646,-0.4776304336256567,4.796269854882175,-0.7850338500638783,1.0173490948250397
44.0,74.0,177.97364807128906,-1.0858425757496797,2.6131941840826585,-4.898584310701597,-4.98710210057066,-2.481134096485083,1.5720196326423954,-0.4516692812492184,4.828585216620365,-0.8399079801440683,1.0176560830243575
44.0,74.0,146.13299560546875,-1.051528963576327,2.696553571648578,-4.983678514856449,-4.994887202026888,-2.516926079623328,1.34840304285866,-0.5340540198512311,4.780626158414448,-0.7827452264806052,0.9999613417370216
44.0,74.0,169.4932403564453,-1.047722756177592,2.5282182218338107,-4.859403743149667,-4.998987766672009,-2.497139951422592,1.48602215837432,-0.5275759025271674,4.791444075537029,-0.7732418756017507,0.9575145883881682
44.0,74.0,159.6295623779297,-0.9326888916164942,2.7006337772511824,-4.962674149587516,-4.98540452335318,-2.4701051982617264,1.3072113700584076,-0.4844484775239941,4.765081305636015,-0.8085490913215025,1.068782712495386
44.0,74.0,169.03175354003906,-1.005308187424515,2.7448726827108327,-4.863949260690272,-4.9979121885994,-2.427324847442323,1.4316783059735183,-0.4389772827773663,4.811165532766943,-0.7486833645997484,1.0430126720647692
44.0,74.0,163.72097778320312,-1.0700052737898609,2.5155743382770765,-4.875350137544105,-4.995201374249812,-2.3784029583704616,1.3954274215818838,-0.4997322946334765,4.825808744956895,-0.7999271006050588,1.0351275082696194
44.0,74.0,165.4332275390625,-1.0554126810987468,2.628885798759228,-4.96818377256719,-4.999428456604385,-2.438010426398712,1.2432091300501271,-0.5477726057191656,4.779004321466786,-0.7169699651226331,0.9765503481024148
44.0,74.0,165.39999389648438,-1.0501993540650938,2.8221026585677578,-4.918833101271377,-4.990066686519607,-2.52034352618347,1.357370266636993,-0.5791382510270973,4.7491079927680495,-0.7401440777581216,1.0826608449250728
44.0,74.0,159.41262817382812,-1.0782845449230267,2.617361618399205,-4.940930956086201,-4.98474095166573,-2.5188124176809974,1.4043146241484503,-0.5483020411267603,4.815738356573316,-0.8120895751527861,1.0795040611961646
44.0,74.0,166.48287963867188,-1.1793771858031556,2.48833594078027,-4.915754416237967,-4.947992235451073,-2.535774728368806,1.327036859949135,-0.5910080277266738,4.851442723149031,-0.7584747806350141,1.0003831111401258
44.0,74.0,162.32821655273438,-1.1541925231596073,2.516782752328387,-4.922208289047184,-4.943548544083527,-2.512525251106897,1.3012164314281345,-0.5994319073269416,4.754207554948739,-0.765137019304472,1.0245351650475252
44.0,74.0,174.20138549804688,-1.041014849158095,2.8162446415949507,-4.985442257863688,-4.974850962814284,-2.4437146338350897,1.4392435791490596,-0.4456607464255846,4.848835513095226,-0.7631985418959362,0.9639538293209232
44.0,74.0,159.521728515625,-1.156103731867529,2.658532357642052,-4.945804885354073,-4.999764558227486,-2.5216787746120937,1.4311080678191883,-0.4932506667122913,4.794349148889545,-0.7858072727959753,0.9891416914232564
44.0,74.0,153.0525665283203,-1.0706392776644558,2.655429985765564,-4.9571526225256015,-4.997818302788668,-2.5512129090736324,1.2524550201830102,-0.5097436556638568,4.802380805044725,-0.7657799488041688,1.0134801291753457
44.0,74.0,148.97665405273438,-1.0315030293879248,2.634033414742728,-4.968012532408769,-4.9872203368976855,-2.4924008244968103,1.377169574069601,-0.4999107042546988,4.76848166391134,-0.8000766104197963,0.9930054399811804
44.0,74.0,151.48614501953125,-1.0705370776107954,2.794511777988781,-4.89668896522185,-4.993604832632422,-2.457256965151421,1.3570070077051437,-0.5417408693837791,4.836336622607785,-0.7779689018744538,1.0404933752017964
44.0,74.0,161.1293487548828,-0.9747337721399632,2.603626931564764,-4.943173288564842,-4.95363832415745,-2.449542271472192,1.3605861200661575,-0.5039331986614135,4.831050508363493,-0.7658685550526787,0.9465151510843874
44.0,74.0,149.09963989257812,-1.0442783674187508,2.7723998968462507,-4.943365606893679,-4.998816333855264,-2.555979391123453,1.3418394201955497,-0.5260630309741865,4.791582270039443,-0.7664762537649263,1.0239935411958347
44.0,74.0,156.737060546875,-0.9801027733876104,2.68733806708738,-4.911846832412391,-4.999999934762776,-2.453949077633246,1.4520174167297304,-0.5625619241456805,4.835842436878467,-0.7915839346214169,1.0433481499344417
44.0,74.0,158.91473388671875,-0.9749009394251836,2.6208876563215835,-4.906985451323065,-4.995209537874452,-2.4754471146996333,1.4329260366773235,-0.5108274338569814,4.7490052339189415,-0.7939795945144743,0.9660071761174196
44.0,74.0,152.44314575195312,-1.0466088019982922,2.6429858222805667,-4.985347968143558,-4.999986082202365,-2.475612253244264,1.41934389424749,-0.5331002922940051,4.732425679000487,-0.7696638217295124,1.032596249823703
44.0,74.0,165.510009765625,-1.042454667217271,2.508179674057722,-4.940305752013436,-4.983179901772096,-2.503067043570119,1.4621392154113613,-0.5827217629909569,4.779752540376558,-0.831541949661565,1.039821822902458
44.0,74.0,159.72943115234375,-1.0068785108496598,2.793321078422072,-4.911205423489226,-4.996359440559162,-2.5051731879233468,1.438845486818091,-0.4983257747407412,4.794235870684144,-0.7702382103712244,0.975493827920852
44.0,74.0,160.31600952148438,-1.1083443033346323,2.840195737421382,-4.961791757335946,-4.992674060831297,-2.599306350105345,1.3176884222376888,-0.5321103823901314,4.765943050318626,-0.769489287683732,1.0524565228193783
44.0,74.0,171.34178161621094,-1.0554012668000985,2.5107751125925803,-4.985982517806729,-4.996436997564536,-2.5356612637833145,1.203051668217178,-0.5974945004445349,4.8480525537644965,-0.7777540502067151,0.9860646466618608
44.0,74.0,166.79200744628906,-1.0076359302691174,2.5010404042121,-4.877996511830631,-4.976317691275868,-2.544869476191,1.3334411663774262,-0.5517178070850015,4.802062180517403,-0.8165171744156687,1.0963450871105422
44.0,74.0,160.25965881347656,-1.0795430683239111,2.693494035523952,-4.934744253213981,-4.902914481470001,-2.422815903601236,1.2658757019698197,-0.5917656792987671,4.862451373981447,-0.7769479501792871,1.0385956020919398
44.0,74.0,164.3106689453125,-0.9346441289830416,2.7101150701646235,-4.963573105610914,-4.988003246830981,-2.5228400034658467,1.3838941265582614,-0.4640386824816698,4.773337970865269,-0.7840029855423172,0.9484686791645416
44.0,74.0,166.98822021484375,-1.0277617756193242,2.530836812532666,-4.965877718154799,-4.999151375043522,-2.4434701676600925,1.370588394277358,-0.4856041484892373,4.801094762282345,-0.7422443979634883,0.9571315803773944
44.0,74.0,182.8510284423828,-0.9989309982848756,2.814651068249562,-4.894347806100943,-4.999252700915817,-2.44120531860462,1.4931044935494384,-0.5254704348703676,4.82617057461143,-0.7449980861273877,0.9167337134070924
44.0,74.0,151.6331787109375,-1.1088860444817064,2.60860053818708,-4.919052982813395,-4.980152368338792,-2.4814012372030776,1.3360368020644229,-0.5482841870251836,4.829198499433423,-0.753486343202078,0.9976453276538316
44.0,74.0,176.80194091796875,-1.0993708747641024,2.76333492204464,-4.908096559732242,-4.987691576022738,-2.581928880333487,1.38040298690054,-0.5992750745786788,4.828044150004606,-0.8309732843988957,1.1435826729532472
44.0,74.0,154.9113311767578,-1.0398132737297665,2.492088575549044,-4.966061565857477,-4.986555764169508,-2.510682186346129,1.3449228853189634,-0.4998396425782001,4.811280202913146,-0.7932900668311316,1.033995737683945
44.0,74.0,160.49623107910156,-1.0289024839450134,2.7098311428691844,-4.946352902933393,-4.992630707254856,-2.532725101137049,1.3304446443896012,-0.5253855487470291,4.824026211553825,-0.7454421506621705,0.940298083219373
44.0,74.0,153.6314697265625,-0.9686154708578458,2.6619783665815344,-4.958671820699543,-4.905935810004346,-2.4430968845240475,1.3121884814434672,-0.5699284832071836,4.851334686149963,-0.7639040176177998,1.0190605084711013
44.0,74.0,168.5834197998047,-1.0680604502337203,2.6384439656119296,-4.940410375426117,-4.999773505198279,-2.605953672207672,1.1907201824765554,-0.5906866393793937,4.870091190517895,-0.8057842169189469,1.0309187825933537
44.0,74.0,166.93563842773438,-1.1251622138097686,2.6907746602944584,-4.876236358554809,-4.6806998472753785,-2.495822860101659,1.366104186811671,-0.5366048574262834,4.829782576882776,-0.7913841218954909,1.0204580034380673
44.0,74.0,156.88243103027344,-1.0839126045620158,2.7827351438877663,-4.942173613949469,-4.999046184071439,-2.4867904172783377,1.4221778918201569,-0.582297625001984,4.803010589046014,-0.754741061095797,1.000860920993598
44.0,74.0,173.138916015625,-1.0350045651087965,2.532000513668484,-4.868979389813168,-4.999108002480774,-2.4770169274866625,1.4446888907733832,-0.4998555568413687,4.837864977146779,-0.7789298632179822,0.9311385802938812
44.0,74.0,162.86697387695312,-1.014796264698444,2.795894803732784,-4.993151178279836,-4.9922853694552565,-2.5762178900669914,1.3587145077803484,-0.4527391569162997,4.753788056940156,-0.7406878675457254,1.01246195177072
44.0,74.0,176.45533752441406,-1.1152228522616563,2.8987232074261424,-4.969421463430369,-4.999944143561717,-2.417327023947497,1.2924560965562968,-0.4430558946152718,4.848832959999047,-0.7899784824746199,1.0575597242402823
44.0,74.0,156.63011169433594,-1.02082822239772,2.5776304091580604,-4.854122512335872,-4.999642841017423,-2.480380373738078,1.3253440980197375,-0.4765136757144939,4.8288381118722,-0.7438565249637303,1.0201592808477926
44.0,74.0,175.2331085205078,-0.8895994199116011,2.556830740615947,-4.889085397838817,-4.9611764850061375,-2.446387453413563,1.4134549097170526,-0.4677125278822878,4.73639674905294,-0.7578900742433374,1.0772731169123322
44.0,74.0,178.20364379882812,-1.1276059914691363,2.469193912070674,-4.8577589320520405,-4.995707850379075,-2.644412652341031,1.4280744938987002,-0.4439630696967525,4.775860719445205,-0.7772625384602581,0.9919620466895118
44.0,74.0,167.83547973632812,-0.9493121532531844,2.78021054211825,-4.910086778005298,-4.994432425309955,-2.529595966985845,1.4632266117508852,-0.4726934272873144,4.847762657994878,-0.8343935084693248,0.9968986652856238
44.0,74.0,163.9441680908203,-0.9864671041909904,2.7246147883961207,-4.948599702346037,-4.992340977523748,-2.385407815559324,1.329176274442875,-0.472965190464107,4.850083709398302,-0.7618774100106798,0.9697450312075704
44.0,74.0,166.16912841796875,-0.982875435509925,2.877106274987959,-4.814798561300233,-4.989118290065369,-2.495191485889692,1.2975935171261046,-0.5674128725179521,4.798406142106108,-0.7224457385645326,1.025204274575832
44.0,75.0,152.21888732910156,-1.0967576934152046,2.707220779669197,-4.963270126061148,-4.995220188883544,-2.498910967264594,1.2664122656650942,-0.529753428566786,4.834270778701221,-0.7813093548580081,0.9918319240086148
44.0,75.0,159.22622680664062,-1.0846036459018698,2.855650928883695,-4.9452835591026245,-4.920602723967613,-2.4700166370817427,1.3658464867760065,-0.537949543710452,4.808776778282956,-0.744713157103198,0.9928686031872668
44.0,75.0,162.09280395507812,-1.1443283880556314,2.64343658800942,-4.981513765574201,-4.903078019513079,-2.5040403222970604,1.2426478951635778,-0.5381799364415842,4.842987249627704,-0.7496826739599722,1.0053736204250718
44.0,75.0,149.617431640625,-0.9819012422966144,2.6756726002790305,-4.814764671384974,-4.977905214480495,-2.566102305657267,1.3203036573464395,-0.5651872431935505,4.792635316903315,-0.7842572368271821,1.022706693266434
44.0,75.0,171.34661865234375,-0.932736081339022,2.868826078305961,-4.923054015923457,-4.996686128223478,-2.4419597889618085,1.4256847937960204,-0.5179866000932805,4.812782317856465,-0.7837326036712247,1.0768923400115904
44.0,75.0,152.71749877929688,-1.1416368255442482,2.63662356277903,-4.984378386994048,-4.946789529637215,-2.501428963556834,1.341598328443033,-0.5191301989315091,4.83281803396209,-0.7967716229487216,0.9938585832604652
44.0,75.0,152.73570251464844,-1.1215136541841648,2.769672529846905,-4.986546171642928,-4.986821109135758,-2.5494657828812386,1.3085557708496696,-0.5159315525309038,4.784516490511994,-0.7983283234364249,1.009380498232875
44.0,75.0,162.00042724609375,-1.030316968558154,2.487189709576441,-4.87276724364174,-4.998261662311951,-2.538916929446004,1.4107737912174765,-0.5972575683220924,4.842237338403304,-0.7625134185674849,1.016959184791009
44.0,75.0,153.26512145996094,-1.064674080774016,2.6227582217136858,-4.962071376455023,-4.995152982442162,-2.508314509983399,1.444474473917044,-0.5332971723999105,4.776122509703086,-0.7738297875167017,1.0043021305638362
44.0,75.0,150.81475830078125,-1.0237659527896144,2.6226500226968668,-4.965284895767131,-4.966913384265769,-2.5530821326337034,1.345162638862412,-0.5456271511767952,4.791209935676504,-0.7715945687880073,0.9757788636486008
44.0,75.0,147.39291381835938,-0.9899423424473524,2.68912078471325,-4.936579002588359,-4.998498176286259,-2.491290612649343,1.2925359725361698,-0.5091273806111873,4.783637960764461,-0.7916016245562352,1.0167618893171602
44.0,75.0,161.28147888183594,-1.1048468656555093,2.670784636328648,-4.96206098964806,-4.990982481919886,-2.556104093638804,1.4351104292186854,-0.5522712717009268,4.771628725324694,-0.7368314180440674,0.9859045450349164
44.0,75.0,155.72393798828125,-1.0458790923127037,2.677143119837808,-4.975386241350607,-4.993774954519946,-2.530470466104399,1.2786275303726755,-0.5616386160455011,4.789817835113157,-0.7664417536737469,1.0644402419650012
44.0,75.0,168.50469970703125,-1.000022742995106,2.559602081888701,-4.931750690084858,-4.984180353074957,-2.439249559972928,1.3604195872773932,-0.6188395175598993,4.849760098945758,-0.7874222806681495,1.08616161230871
44.0,75.0,147.86033630371094,-1.0272283099962023,2.6727375101429907,-4.956399871135704,-4.9967160103538255,-2.5247672943510984,1.298093371246703,-0.5262839402924833,4.788725699948772,-0.7611262789381295,1.0091363701644829
44.0,75.0,155.00845336914062,-1.067578874613289,2.8497543003934824,-4.992715042770488,-4.980551741577358,-2.5529580327404826,1.359239734790476,-0.5378845158715304,4.789767074483986,-0.815861564732006,1.0179194407508323
44.0,75.0,159.57887268066406,-1.1667250018352582,2.7470571499693053,-4.951204166844119,-4.999879407026616,-2.5333576712091075,1.3227226213867844,-0.5648104879763132,4.833398503737836,-0.7359861547939968,1.027511354049258
44.0,75.0,158.47018432617188,-0.9928251750632536,2.7398767598801737,-4.952624008521891,-4.994261906484353,-2.4574990409302155,1.2970551516453537,-0.533240343443393,4.7883791414465975,-0.7828142153778197,1.0847932711211872
44.0,75.0,146.88734436035156,-1.0330925414862255,2.7203404286589734,-4.956763372440406,-4.998412984697414,-2.527858783232189,1.313278452355345,-0.5457279917616962,4.793758161349096,-0.7914661693019678,1.0362175741415838
44.0,75.0,160.17041015625,-1.1687422521658797,2.65746612135887,-4.9963984739112,-4.924037326301353,-2.435807603809385,1.405806904971686,-0.499189794674618,4.802461456868638,-0.7807628587013813,1.0015529778462993
44.0,75.0,154.34979248046875,-1.107325179681284,2.6736086581217497,-4.940453478841169,-4.99467450984594,-2.5336799524455547,1.396048267253577,-0.6054300191605755,4.834022384307108,-0.800955088117334,1.018403704828832
44.0,75.0,165.20010375976562,-1.0973429363665552,2.6905299606853204,-4.9804295254259925,-4.999340008992759,-2.529087788495599,1.4349942038685608,-0.5178818847525104,4.775781948448817,-0.7992060065483111,1.0878784725152677
44.0,75.0,153.68641662597656,-1.0504417316857504,2.690751182181613,-4.978765775743899,-4.975661083400732,-2.494872047483931,1.4257050406003868,-0.5224123756114372,4.779134111020408,-0.7500937831619936,1.030239829588676
44.0,75.0,153.4066162109375,-1.059701111342255,2.6690576105473243,-4.982959992875166,-4.970149840713456,-2.568289180142496,1.2825600822920542,-0.586006505128152,4.826345602269358,-0.7715952135410307,1.022800583433673
44.0,75.0,148.91009521484375,-1.0368460065437262,2.64570749411729,-4.935211521809183,-4.999998483427995,-2.53664146656183,1.3126856378043303,-0.5382200677202222,4.808431412055441,-0.8025700352014455,1.047731672992529
44.0,75.0,154.7501678466797,-1.1613977049105344,2.691810636628268,-4.935726729205351,-4.985457841429663,-2.5144185060952475,1.3568823589436736,-0.4810301349256569,4.729958486470801,-0.7822098239892892,1.0138708320356145
44.0,75.0,159.1212921142578,-1.0909500110557309,2.7932794684088726,-4.887529794613599,-4.999999760528783,-2.5838930429535045,1.4426226447066757,-0.5534591073383321,4.830487935669112,-0.7745235562733317,1.0226787527744596
44.0,75.0,147.8589324951172,-1.0539040327913307,2.712048416921064,-4.900245511378619,-4.997297244139028,-2.473896662796917,1.3679271981360488,-0.5118869252211447,4.786570519458943,-0.7705552680085734,1.0339105901896843
44.0,75.0,156.8509063720703,-1.1149076153943147,2.7133931605209893,-4.958544049956974,-4.994540840407227,-2.487515210086765,1.3343496239129262,-0.5490740582221267,4.8303019975480925,-0.7398307769903258,0.9731998434267116
44.0,75.0,153.052490234375,-1.0354456109524528,2.584428661921492,-4.934699576348275,-4.99248789320203,-2.497307158502529,1.3153515034712964,-0.5285765881389004,4.797776616297419,-0.7478053775489597,0.9795390661445538
44.0,75.0,153.03797912597656,-0.9912610725822386,2.599438580828995,-4.942096872351192,-4.9998008864431,-2.590278894831454,1.3780642161066885,-0.5004242100987195,4.79941609238703,-0.7655432475167947,1.0226490159412809
44.0,75.0,162.8516845703125,-1.1326621301259625,2.654479072868652,-4.958375862209612,-4.986155758555896,-2.567835790627964,1.3582736164499254,-0.5234044645029883,4.805817767968541,-0.7630044216136556,0.9418090479231758
44.0,75.0,151.65101623535156,-1.0764832522828756,2.7405232945946025,-4.872328395930026,-4.97610553114212,-2.515986423426609,1.4037952346204143,-0.5153626560094162,4.78442811880419,-0.7995635725793422,0.9839278224576696
44.0,75.0,154.25042724609375,-1.0364692315921469,2.745856817536235,-4.85773040233592,-4.973203646204498,-2.431234960424874,1.3977509123485143,-0.5239408684241411,4.8005836186965904,-0.7619850152698024,1.0449030362246967
44.0,75.0,154.8917999267578,-0.999313157975978,2.5459443290210846,-4.960599122385509,-4.967327558669201,-2.450228027792053,1.3005106132851516,-0.5040649648354991,4.7468653432608665,-0.7646577878592726,1.0086845575824004
44.0,75.0,150.85186767578125,-1.130086445797367,2.657530894020912,-4.918932515328051,-4.997430088185451,-2.538745795758538,1.3002709974316549,-0.5469742954975203,4.785859163319046,-0.8065877846893086,1.0306533598256893
44.0,75.0,157.28843688964844,-1.058010406595356,2.8701020387965457,-4.927235494800597,-4.99887014305983,-2.5439304640798754,1.3045688382043537,-0.5550553355339352,4.782402636906891,-0.7835403284654525,1.0449701054392424
44.0,75.0,150.5263671875,-1.077604228146397,2.699964926896522,-4.935841313383117,-4.99230633768181,-2.481853093321504,1.3689497211933697,-0.5186754857253186,4.808846443475915,-0.7723757016323525,0.9753715932668924
44.0,75.0,156.00538635253906,-1.124921156962016,2.6211233933322955,-4.970547371131117,-4.905417720047566,-2.4858390963687733,1.3262515260956276,-0.5845733263684147,4.835230486221326,-0.7576454127963519,1.0081065215457148
44.0,75.0,162.43455505371094,-1.107021463347324,2.539878737838528,-4.988728239799403,-4.949034437601965,-2.4495968095678062,1.3534632557672277,-0.5454660690146351,4.744778607178304,-0.7656151445483212,0.9600708702651524
44.0,75.0,159.45196533203125,-0.953305493474696,2.719380242848814,-4.925037476019333,-4.99991591708247,-2.4585991172582777,1.283184413749943,-0.4858075579115652,4.859070146416247,-0.7531655992412496,1.042566619955653
44.0,75.0,164.96798706054688,-1.093407101446516,2.65807003949548,-4.983555863922106,-4.997066106866889,-2.445370065088605,1.4649451738050612,-0.4612756515484486,4.757593238170607,-0.7707883405216993,0.9904030939621328
44.0,75.0,167.74720764160156,-1.0297540300210537,2.445933905541871,-4.959149560640984,-4.999734750925805,-2.4143795492542264,1.465384646155088,-0.5192670158921544,4.757410824431998,-0.7861101883730441,1.0189288090789883
44.0,75.0,157.22471618652344,-1.008140628479798,2.7416988831027407,-4.996344629016536,-4.991789160238234,-2.506417078138812,1.3513689871560004,-0.5051741151676126,4.809815037278588,-0.7651204032636851,0.9559720275350044
44.0,75.0,158.23988342285156,-1.0759604851732556,2.512729123739912,-4.880588195100188,-4.999878930182271,-2.492275584577105,1.3551496234742286,-0.5731760949346754,4.77620058869255,-0.8223072759355308,0.97605443698256
44.0,75.0,168.4477996826172,-1.0809902772882496,2.765554099246597,-4.961905860653774,-4.9985584055236565,-2.4785017103832763,1.4340626628008255,-0.523793850569108,4.807673186850126,-0.792412556308391,1.1046484171294768
44.0,75.0,155.29080200195312,-1.061593462573307,2.674105101376881,-4.987749425380011,-4.99243453184642,-2.6102559305277047,1.310619516020303,-0.5751283137143659,4.74891658818699,-0.8070421427056953,1.047829931403422
44.0,75.0,164.00222778320312,-1.06615126363263,2.64808832125997,-4.98898768992501,-4.981134653224225,-2.506967393821884,1.40973565423376,-0.4688296692701428,4.711612836328785,-0.7763466552353764,0.9576675882706382
44.0,75.0,164.04592895507812,-1.079490217018304,2.507953016632259,-4.896155663045194,-4.985382555840642,-2.485744774590664,1.4403467001773675,-0.5406031975283572,4.773942167182474,-0.7330704011566906,1.022138278848308
44.0,75.0,158.6790313720703,-1.0971937924854442,2.550262894337464,-4.968428990769956,-4.99936640290304,-2.5061703413471146,1.268117771601279,-0.5249081402601066,4.81943206783728,-0.755221208127673,0.9912223460248492
44.0,76.0,157.41087341308594,-1.0358841206573786,2.625937704708887,-4.973891674337395,-4.984218072551026,-2.497046763642344,1.2746381241535412,-0.4970771973590127,4.7982099862959,-0.7359385324639165,1.0385562859982542
44.0,76.0,154.44754028320312,-0.9886921727302216,2.734083586546844,-4.897958810568603,-4.925958925101782,-2.510547380280479,1.4171626825914403,-0.4724365862096853,4.764583941218914,-0.7856768753885603,1.0128159103690937
44.0,76.0,148.29896545410156,-1.0514622638349018,2.649139876904308,-4.9581021327065,-4.999249673040978,-2.535961860192287,1.3594937815738986,-0.567581772975859,4.803995518203948,-0.7879699649652085,1.0393307628338535
44.0,76.0,160.71035766601562,-0.9667517780640118,2.696332669971392,-4.867733178352084,-4.947649032777681,-2.54193955714202,1.4337171875445265,-0.5415778379191929,4.758890172931023,-0.8122272279355709,1.0674070801304136
44.0,76.0,161.40777587890625,-1.0286044891502302,2.570592463253787,-4.898882124419949,-4.871019745924442,-2.589314319140647,1.2686549782893677,-0.4877917558536362,4.784016973189623,-0.8118259565652917,1.0306273448953318
44.0,76.0,154.775390625,-1.020158027184742,2.6777920822338688,-4.912691936095652,-4.987564387943879,-2.509406906611851,1.4655160833872412,-0.5234427994557453,4.795752083613866,-0.7970585103631675,1.0409823731378332
44.0,76.0,179.02793884277344,-1.052499064712065,2.63776254851967,-4.986300632547312,-4.999412764637348,-2.5540830351564354,1.1871703044248294,-0.5331854790407959,4.797474639893164,-0.7597534662027892,1.119460536079055
44.0,76.0,163.71444702148438,-1.080200737691137,2.6576040614513943,-4.983002050974152,-4.997006789432196,-2.4858643445931543,1.2128751146608536,-0.5234351765957888,4.818628707059261,-0.8019531447855508,1.0650154038113335
44.0,76.0,157.66404724121094,-1.0496507049834185,2.871140955486028,-4.96873568787459,-4.999471510495934,-2.536933000125704,1.3879757400682005,-0.5181391577439296,4.75440633906927,-0.8058758291233596,1.0330926689580258
44.0,76.0,149.1158447265625,-1.0631952664603466,2.6112101579124216,-4.959996604492657,-4.9956284089803376,-2.533528461010337,1.3117512472342616,-0.5145202473509816,4.813240909182671,-0.8131714951927131,1.0097454666353247
44.0,76.0,153.44068908691406,-0.96960286825444,2.6255106604324787,-4.948385804584313,-4.998958908907839,-2.56219985246632,1.3460820305421457,-0.5176406496507209,4.76319694165875,-0.8024708590810237,0.9694308938522394
44.0,76.0,157.83273315429688,-1.098912926195826,2.6329590137869383,-4.957299684420535,-4.983563488615407,-2.525699513248116,1.4398915806884824,-0.5056135780836648,4.774051633687989,-0.7564613506419242,1.0331593584408258
44.0,76.0,147.43008422851562,-1.0903522919799054,2.64930709162614,-4.892948219699647,-4.99020609183072,-2.4867413062566106,1.317865817257374,-0.5521684654428096,4.831495154744532,-0.7962431441613198,1.002907103130891
44.0,76.0,148.91360473632812,-1.0056287396749166,2.5968557811827377,-4.979674392238289,-4.997647788672795,-2.488694609213367,1.3303384381532275,-0.5274117002673906,4.781609026774351,-0.7992461821821486,1.0392563964666677
44.0,76.0,148.0137481689453,-1.0064478668460564,2.677699775028376,-4.965805246960073,-4.999905240723606,-2.47241409266634,1.2803722465082954,-0.5296307910594553,4.806645530064127,-0.7856829146802164,1.0130569462282333
44.0,76.0,151.69772338867188,-1.0900893955364674,2.736317243802718,-4.878412667152505,-4.99306457238543,-2.513318854964284,1.2964251984818462,-0.5591930311189452,4.835394241310331,-0.7615973614020453,0.996608295175835
44.0,76.0,159.95428466796875,-1.055459066273023,2.8398694205909685,-4.979794739675017,-4.967314697215939,-2.5493990592307174,1.3555433159455443,-0.4952677293356835,4.849512838676423,-0.8058239404999226,0.9730428584215928
44.0,76.0,157.3146514892578,-0.9405648091659876,2.726818982305172,-4.936497033023203,-4.99226203550543,-2.516083963882677,1.39985783642995,-0.5089795689332544,4.738288828580098,-0.7326631998098412,1.0118012358641169
44.0,76.0,153.03359985351562,-1.0768690641252494,2.745928486330884,-4.942709330315308,-4.993735310515259,-2.517977792768516,1.3962633011531604,-0.555897751736266,4.806940946073816,-0.7632636802734867,1.0486410368011274
44.0,76.0,149.22314453125,-1.007365911955028,2.5803190903837203,-4.961021136853781,-4.999961057604788,-2.529819357262598,1.3693097838930957,-0.533936811242909,4.798012505965431,-0.7673115173850533,1.01438543674183
44.0,76.0,155.47872924804688,-1.0016279687144705,2.601281913805105,-4.929933343872148,-4.953505154674877,-2.50530210526334,1.3218949440718497,-0.4905611806614596,4.781988166754287,-0.7629837728321798,0.966005119500589
44.0,76.0,161.16551208496094,-1.0787159807916034,2.505136990198417,-4.932821091235301,-4.986622670535644,-2.4600307553212137,1.35192141851452,-0.5673030084222885,4.798612716003971,-0.769231745562033,0.9578689381044124
44.0,76.0,147.34825134277344,-1.0521726586773372,2.7300294152718187,-4.9568276278358825,-4.999815329872396,-2.511956672286024,1.302965962555314,-0.5129703289327363,4.7921431956115015,-0.7849410672384174,1.023189311411656
44.0,76.0,152.3483428955078,-1.025581431514368,2.729691951757545,-4.920794356445471,-4.996443060026396,-2.5674614824428272,1.2538650708604298,-0.5276142698307984,4.775476878323724,-0.764313839457941,1.0059095542552925
44.0,76.0,162.45912170410156,-1.1797546218067971,2.7180586759096625,-4.930716773943439,-4.995760569913211,-2.5738976562402707,1.376652682027288,-0.5837889549834365,4.795269295075135,-0.7900285156916338,1.0642204071925851
44.0,76.0,151.72586059570312,-1.0433772134842014,2.662994692783583,-4.937186757604832,-4.999990181669258,-2.644803526748309,1.3183467198055272,-0.5240922058683504,4.817429358239497,-0.8088774446456428,1.0120810676118177
44.0,76.0,161.75807189941406,-1.0975286944691405,2.6539180181773485,-4.925923898164878,-4.997958058437625,-2.487138778763014,1.336566631579986,-0.4607480249697238,4.753305314255492,-0.8310848935685069,0.9611388108628196
44.0,76.0,156.76516723632812,-1.1183238650098493,2.7538170461774403,-4.954875429452364,-4.954807419782613,-2.4595150127487853,1.2922236936400155,-0.5480843990091424,4.824697859277796,-0.740261912176682,1.0303071105166968
44.0,76.0,146.8568115234375,-1.043375960642408,2.734977861966623,-4.959014565341802,-4.999381033261385,-2.5375902011175504,1.3350359543578598,-0.5534979322259392,4.733434100109536,-0.7880154972630526,1.0135060359391377
44.0,76.0,153.87513732910156,-1.0346426810148903,2.7029723769946603,-4.943629112709704,-4.999248977126939,-2.5319943140337884,1.236848066521052,-0.4997520351142901,4.797691919516129,-0.7894753081866117,0.9944662531324236
44.0,76.0,149.1376495361328,-1.0046225575955647,2.694453592755432,-4.979873277685202,-4.994162710240988,-2.507348248025869,1.3234874710608835,-0.5923179911917318,4.818196181898177,-0.7800504493947882,1.0112801691658193
44.0,76.0,149.82571411132812,-1.0365621562908278,2.6300677976665074,-4.896217191502936,-4.999503798910832,-2.447094713682147,1.3376891237564583,-0.5063475478628501,4.8278777029640505,-0.7621094214043023,1.0260937046642562
44.0,76.0,150.4550323486328,-0.9855668188295352,2.646428392250865,-4.955227128382907,-4.998893756716647,-2.550066392856736,1.2710031468617693,-0.5239604213925606,4.776518573352902,-0.7909616074957144,0.9990941202336048
44.0,76.0,157.9605255126953,-0.9859770101956408,2.74341485289047,-4.966581848416549,-4.9998723754095895,-2.492619407828973,1.2688168587440352,-0.4804836512324861,4.823257525064989,-0.7846267092569814,1.0545272146205846
44.0,76.0,158.9841766357422,-1.0242168704661032,2.662435112743591,-4.878022862880927,-4.99966025721339,-2.524854445740029,1.3282230442727192,-0.5723527725663313,4.836918351688054,-0.8084193140768168,1.0883305118974451
44.0,76.0,149.8144073486328,-1.058045440047784,2.741363410818378,-4.972680788521795,-4.9821313298253145,-2.488181991777436,1.297405573008085,-0.5370420774164586,4.814407934341901,-0.7683250453062227,0.9915209364536732
44.0,76.0,156.3468017578125,-0.8927152684358965,2.665325626234344,-4.902886967828671,-4.960366528241372,-2.588014558214001,1.3773977808767928,-0.5686858862798623,4.807361073982076,-0.8052604740523339,1.0394818937055987
44.0,76.0,161.04544067382812,-1.0715173299123597,2.6728863197932835,-4.971374079622951,-4.997818409993102,-2.5447743501189737,1.2968982010774075,-0.5007927836188006,4.697156874782749,-0.7657707355020351,1.0694792751127231
44.0,76.0,147.61477661132812,-1.0397563837785184,2.689691874122701,-4.895565839721445,-4.999821394791244,-2.534979217073104,1.2944222193749635,-0.523453857132937,4.830415879546683,-0.7992617228096712,1.0218131115016096
44.0,76.0,153.27224731445312,-0.9666163315667572,2.7327312096685663,-4.939194107201258,-4.987972724969331,-2.5486247580104684,1.3185323396875512,-0.5826367397181818,4.8023959420207945,-0.8018754944949844,0.9764565753720138
44.0,76.0,160.99240112304688,-1.0510722146441491,2.669371633705709,-4.927991965737139,-4.999725908198117,-2.4724552962045743,1.3376249449497868,-0.510498268057674,4.722096605445383,-0.7925483259816506,1.1023083683551531
44.0,76.0,149.95758056640625,-1.0411317856984583,2.60466362580447,-4.948512721110968,-4.996101147381587,-2.5338962489351657,1.4127464298407784,-0.5374973318736274,4.811532333318345,-0.7911889915828656,1.0019798757150475
44.0,76.0,150.21775817871094,-1.0228067378027426,2.7352525222457764,-4.995747389303729,-4.990000466567799,-2.5566039972049466,1.372218298528959,-0.5119689484853494,4.788444190435966,-0.8073428071420183,1.0009533803522075
44.0,76.0,151.45643615722656,-1.038556830680541,2.7665773197960783,-4.971293816716994,-4.996738351795508,-2.599838028964458,1.3032540299138438,-0.5571161071728437,4.794728456392575,-0.7825560801785336,1.006291192090922
44.0,76.0,149.5664520263672,-1.084602076275647,2.708909032493917,-4.940891199672956,-4.999002783999986,-2.4423878613131835,1.355714803045645,-0.5727235826294566,4.833872535169043,-0.7840858799308288,1.0260109347374735
44.0,76.0,155.0445556640625,-1.0294429315806335,2.560119712827536,-4.929057954598944,-4.991320928173107,-2.570702323146782,1.3111501091165465,-0.5055835418214016,4.8148392607639074,-0.7750919310495394,0.9802285525994616
44.0,76.0,146.03933715820312,-1.0114341516635823,2.646774750403477,-4.946319782585677,-4.991648662497657,-2.499500778789856,1.3447997532221203,-0.5187480772447319,4.771562021389912,-0.7669375906501728,1.012962857619307
44.0,76.0,157.55621337890625,-1.126580810092653,2.741905556381128,-4.964433141253604,-4.999688781267722,-2.496046287765254,1.4357617686422408,-0.545641040409178,4.719959633300615,-0.7741058190497094,1.002978525178828
44.0,76.0,151.00782775878906,-1.068508017173258,2.694286388851045,-4.9370160344455805,-4.999503884688173,-2.540062582382079,1.322216304770115,-0.554399829643609,4.803029302330309,-0.7596212097045445,1.0501699209123083
44.0,76.0,158.30162048339844,-1.066570910573672,2.7731653090048827,-4.927117609371384,-4.932461238770079,-2.5284934185497727,1.3327809252600955,-0.4637776359180821,4.792341868846116,-0.7493250530207778,0.9873209601565716
44.0,77.0,149.2852783203125,-1.0179780061213712,2.732373892887116,-4.954240107570622,-4.982875758241955,-2.540849023402785,1.3254664985223463,-0.5472083394779181,4.737305877669241,-0.8015573221987973,0.9821373730027236
44.0,77.0,150.93716430664062,-1.0704991887414197,2.578686539011871,-4.907857157033968,-4.997677897352996,-2.4585789023370985,1.3213087580147045,-0.5607384548751462,4.781277643665529,-0.7546909370734998,1.0141086543620768
44.0,77.0,148.8721466064453,-1.0113580375830329,2.762488739840487,-4.955010473489001,-4.999974076307288,-2.499232733850349,1.2894710428098204,-0.5175107151959777,4.808000736330971,-0.7792850165078926,1.0163548398874251
44.0,77.0,147.68515014648438,-1.0307769610260855,2.589840185336924,-4.977301447678426,-4.999110453990972,-2.5035303867078578,1.3452218535124194,-0.5154891778989033,4.79066130123517,-0.7899908157150071,1.0228888715053284
44.0,77.0,145.13800048828125,-1.0143514390488164,2.690210263228348,-4.89881367675661,-4.978521400844312,-2.500716441940149,1.3289598868377075,-0.5580068669800786,4.821217746426443,-0.7981068777814322,1.014023018343556
44.0,77.0,149.9479522705078,-1.0741720581796792,2.709157893877085,-4.95031276322838,-4.98609887173984,-2.509545739647145,1.3722700092899327,-0.4929267832208142,4.791622599974447,-0.8164546615039265,0.9994498872246318
44.0,77.0,152.9306182861328,-1.0722908395394826,2.6364009246376865,-4.969228002397872,-4.998303900342642,-2.502862392973645,1.44325602224459,-0.5461060847329566,4.779201899205757,-0.782890387732353,1.0037392151636269
44.0,77.0,148.2393341064453,-0.9950892362463906,2.6354040040353954,-4.971024168432146,-4.9998747592004245,-2.48114606483993,1.355979578151385,-0.5261253242072108,4.804412926429727,-0.8198209632130453,1.00692331362381
44.0,77.0,153.5469970703125,-0.993047812794554,2.658702828918376,-4.957353339024927,-4.986974677387634,-2.5444010943437174,1.2589251190585795,-0.5437047026553552,4.807165043405533,-0.7507742115077072,1.027985232211491
44.0,77.0,146.15591430664062,-1.0584442662379885,2.688488263454964,-4.921405818426417,-4.977796513927237,-2.484639149048868,1.3686532211203168,-0.5251641115162933,4.7655073541376645,-0.8054786010544754,1.0308910107523914
44.0,77.0,149.049560546875,-1.029047946145352,2.767707909403189,-4.965507276666022,-4.996867492434463,-2.550543041572307,1.3668311578496155,-0.5578257444936643,4.770709499648202,-0.7703839550917895,1.010724980304957
44.0,77.0,150.1439666748047,-1.0544701216069536,2.654313623646916,-4.9718641281043245,-4.979231395380629,-2.483330984608367,1.2825261299673674,-0.495898855995649,4.802688647734255,-0.7962513022675557,1.026318306390685
44.0,77.0,147.10708618164062,-0.9972280812150212,2.691889736248319,-4.978854790003262,-4.97146301462739,-2.5575048937590164,1.336084836755898,-0.534340338678958,4.786003743065809,-0.7746404105535643,1.012599041571872
44.0,77.0,148.67185974121094,-1.0617623034498562,2.7181779852936057,-4.975319899478584,-4.993752771120294,-2.5147382420994857,1.3135112154782602,-0.5205929464687937,4.818909989888793,-0.7714117323134504,0.9937768001535838
44.0,77.0,148.5348663330078,-1.0538496965753037,2.672716252104812,-4.971011461881362,-4.984515597186109,-2.512685166946793,1.3726521519545551,-0.5289286867219847,4.772470866673036,-0.7842971171694595,1.0469810584707575
44.0,77.0,146.58676147460938,-1.0083966537259266,2.68027858359027,-4.940308644720579,-4.999134986519834,-2.4621090274238644,1.3076369660443523,-0.5135191932224075,4.768106925944666,-0.792389352186718,1.022885860476138
44.0,77.0,146.61045837402344,-1.0179078409611275,2.647691567877759,-4.894651640977664,-4.998535788243293,-2.521122524450038,1.3809313369920675,-0.5670290864132426,4.780974786708089,-0.7943923315671659,1.0169538443030888
44.0,77.0,147.50372314453125,-1.0183196697888182,2.677044735211335,-4.897715646175439,-4.997550454252605,-2.514721000127856,1.384803829922621,-0.510301502339261,4.795251673653578,-0.8049643998966385,1.000222491457362
44.0,77.0,155.78591918945312,-1.0773955216110136,2.654752178897958,-4.944501351918085,-4.999986895663673,-2.526431363379125,1.259511762228672,-0.5335146253118417,4.78755722020561,-0.7537878824222046,1.0526073177032131
44.0,77.0,154.9312286376953,-1.1592944344421512,2.7953987557508784,-4.970136336121668,-4.995625273479684,-2.5064915276263253,1.32561757223419,-0.5595065822443388,4.810700249160771,-0.7786568042437896,1.0284305421134912
44.0,77.0,150.65963745117188,-1.056420586188084,2.6296634225313973,-4.921114994478735,-4.990887715469556,-2.5275210739443925,1.3104572426867014,-0.5689973063244551,4.84776148171378,-0.8007909127258293,0.9849969969787082
44.0,77.0,153.11569213867188,-1.0665614212250492,2.839818949728299,-4.906459146423667,-4.999999996070719,-2.505432021916381,1.328827072483243,-0.5447415078356057,4.814459487403264,-0.7535736066811385,1.0189026683749924
44.0,77.0,163.0037078857422,-1.0730806610060108,2.7206600224917787,-4.977251007081569,-4.962395911861481,-2.51925444318038,1.414146979903121,-0.5838372648099668,4.81961826504447,-0.7639664490907876,0.9467123689641532
44.0,77.0,161.78970336914062,-1.0354114631491802,2.5567270918527605,-4.9372288037977246,-4.982987890153604,-2.4854316871999864,1.238586730302277,-0.5696706828799876,4.812209597732425,-0.7540097152107981,1.052325584502504
44.0,77.0,150.3289031982422,-1.0185992549526448,2.621999785538474,-4.962740053223742,-4.998466777652148,-2.4617720907443594,1.4164152205312552,-0.5481002054074349,4.8138492839310185,-0.7916935643230669,1.0024405134956949
44.0,77.0,150.269287109375,-1.0301226672703336,2.7123237986451425,-4.974377767222079,-4.9846233395143535,-2.545478971589976,1.2740392186944334,-0.5407326846474882,4.727618807310568,-0.7840192566808755,1.004907683330022
44.0,77.0,146.229736328125,-1.0373764461937056,2.6235808814058013,-4.932554657987586,-4.999928206035313,-2.535529547354542,1.3229835111835255,-0.5530768489063593,4.806394127593604,-0.7960180451949697,1.0084425971671251
44.0,77.0,170.3705596923828,-0.9909005594490248,2.5728271804040066,-4.922007848853661,-4.981037880483924,-2.523935488470464,1.1583581641263416,-0.5194904589436451,4.8066177150624,-0.7761834129801883,1.0672776599782905
44.0,77.0,148.85740661621094,-1.059445689611808,2.6580502551504974,-4.914571450406762,-4.998577595750144,-2.4720474858397394,1.3909295047870067,-0.5430578659381604,4.7818563956835884,-0.756399512642628,1.0214508608558155
44.0,77.0,146.52642822265625,-1.0168400798205206,2.7084125312079816,-4.968421663986835,-4.983729296691938,-2.4595705641627745,1.327277838874168,-0.528437655255857,4.823559415981501,-0.7820665763238983,1.0210793321623657
44.0,77.0,161.96090698242188,-0.985842409824082,2.843512312974859,-4.924425701529185,-4.999960191918922,-2.539409442491896,1.3320363836494489,-0.498272465973911,4.8202208975011285,-0.7552475570107937,1.0646345401464965
44.0,77.0,161.7484893798828,-0.9702766066237708,2.6582279879726265,-4.9171407449894655,-4.9983226422111215,-2.5097195804741643,1.2038905625497778,-0.4895160546348638,4.808359550420477,-0.7723185007438698,0.991996465303532
44.0,77.0,155.99142456054688,-1.0179816737285554,2.779299715049273,-4.9122782807746335,-4.999705251546018,-2.5242822458308254,1.294969511559113,-0.5641563251429051,4.823412026249068,-0.7855021572684286,0.9618904590578694
44.0,77.0,158.1943817138672,-1.0711813312662906,2.606471366319316,-4.934702572713688,-4.999810782464573,-2.462656378471098,1.2248822465036016,-0.5134821226791626,4.8194736428301965,-0.7863478947241953,0.9856652623235408
44.0,77.0,147.10467529296875,-1.0582850257659828,2.6822403574296585,-4.948601752820777,-4.999041641597174,-2.49919297264169,1.323331604442589,-0.5613236469769962,4.78943479011264,-0.7992520394133953,1.0401935191716527
44.0,77.0,149.54832458496094,-1.0606075390778806,2.7337628281766104,-4.934284161978603,-4.999893586143263,-2.521650266207038,1.2900892327192643,-0.5053229681656752,4.817112415703418,-0.7898952011526958,0.9970848683006022
44.0,77.0,151.0693359375,-0.9464427000777969,2.675936400492077,-4.925989676889343,-4.993705760389213,-2.5238382150543845,1.3837545705347774,-0.5278034021282307,4.786986212268028,-0.8047557207684122,1.0459691338734576
44.0,77.0,148.70733642578125,-1.0253991967139036,2.7649584853242137,-4.964121916500404,-4.99573328326899,-2.5610446933888182,1.3485020367143372,-0.5195199132865707,4.792332751234008,-0.7980344011185556,0.998693273620744
44.0,77.0,153.29949951171875,-1.009281539479439,2.728966607969716,-4.955755483642625,-4.991804550162305,-2.5573382420826203,1.3534994420894415,-0.5766349854306121,4.731368438702189,-0.8093975415195862,1.0527074592485477
44.0,77.0,156.77488708496094,-1.0307038280981136,2.554393144351252,-4.947159819832042,-4.999432140916173,-2.528400032608796,1.2625710986080865,-0.5677676317789313,4.789335397153362,-0.7536832179963975,0.9974713139772468
44.0,77.0,149.53089904785156,-1.0615736158732345,2.616170049422381,-4.911405841010151,-4.998688077588689,-2.4517822429653697,1.352025877926434,-0.571392567761305,4.785685727703841,-0.7848771732260023,1.0408648271359937
44.0,77.0,146.96682739257812,-1.04445811913789,2.744278102257047,-4.937939469824624,-4.999997304181402,-2.535908692475989,1.3703905022218787,-0.5493214234699684,4.811994183959783,-0.7942246373306308,1.0242012696939875
44.0,77.0,148.784423828125,-0.9613906822656092,2.6539477096885467,-4.94517060636053,-4.999963437452551,-2.441479113904192,1.3627211881922507,-0.5495729837028938,4.817465368736123,-0.7905262145997165,1.024547714046541
44.0,77.0,147.297607421875,-1.017089541149245,2.754617040884705,-4.964658041607314,-4.993011931820251,-2.5451510665436654,1.338335794020626,-0.5289566918517306,4.787280846219577,-0.7725788844402457,1.0162961614282038
44.0,77.0,150.4967498779297,-1.1047508585712058,2.6254805705071487,-4.902177441743931,-4.997076767599387,-2.4711697963738395,1.3676781116132153,-0.5496576601476297,4.825733251566545,-0.7720908198592262,1.036348403819404
44.0,77.0,154.87057495117188,-0.9991705246805296,2.579972668854163,-4.957655353175359,-4.99374262965457,-2.5143364031408817,1.4148348149023562,-0.5217303440898551,4.784099586861098,-0.7848164344119795,1.053883397996758
44.0,77.0,145.8111572265625,-1.0238596733790666,2.7281820567808257,-4.96229251462837,-4.986233540633498,-2.5087069515588825,1.31834734262085,-0.5225086607758644,4.801518121377267,-0.7957902355341089,1.0174169108017068
44.0,77.0,150.16348266601562,-1.0918877381663696,2.663280083453242,-4.902634258504998,-4.969257273638097,-2.481942220679265,1.2950750509364646,-0.5169919158903271,4.821352743339034,-0.7837423615713792,1.041561529281605
44.0,77.0,146.2143096923828,-1.0149715595176785,2.65715898211875,-4.947220139443738,-4.999385353151505,-2.523508575833721,1.3180655551482516,-0.5731437895715814,4.77159612554329,-0.7911591092813826,1.013877463012923
44.0,77.0,152.40774536132812,-1.0001326721496149,2.719667069894732,-4.955846602344971,-4.991310792823931,-2.486346109329582,1.3864780323451231,-0.51771006015354,4.790500585082551,-0.7841245713115299,1.0607418009175484
44.0,78.0,158.73023986816406,-0.9771644987297003,2.84181892574911,-4.947524421729131,-4.995363490371839,-2.4921542965726533,1.282817658982772,-0.4970129470716378,4.801102967057499,-0.7829035864248475,1.0502934100597914
44.0,78.0,146.35498046875,-1.0030749154035905,2.7318630418491177,-4.897324533922907,-4.997459486103449,-2.525365507382063,1.337617167185087,-0.5391400909710908,4.831492664435009,-0.7841782869757417,1.0060210750790342
44.0,78.0,149.0942840576172,-1.0353893626757094,2.721662314362719,-4.934848613614139,-4.999042026355195,-2.5051426195206057,1.3644165929270846,-0.4784702777026748,4.780606528000288,-0.7787692544020448,1.0048166194724235
44.0,78.0,151.50071716308594,-1.1265166758295688,2.767173140938203,-4.930723689084753,-4.993073936903301,-2.4781054014406583,1.3678131699488896,-0.563560977403295,4.825124537940084,-0.7795022680232622,1.004959896354169
44.0,78.0,146.89247131347656,-1.0480929499449565,2.6510217268952863,-4.947599891603833,-4.941194811791148,-2.486342575743313,1.3836485783441823,-0.5555150242662172,4.751388146268981,-0.8003967952512543,1.0103635467253422
44.0,78.0,152.68312072753906,-1.059787458738675,2.755145928689469,-4.974481649350725,-4.968282812487304,-2.5142546407620063,1.257697045187256,-0.5215888972382565,4.831519206698841,-0.7679615653643728,1.0157552460623478
44.0,78.0,149.5812225341797,-1.0143375424752945,2.7577897183224263,-4.916761597202776,-4.999910715549107,-2.486555987591564,1.3164520213191118,-0.4958062260535456,4.837974181331584,-0.7957766544543832,0.997867513047936
44.0,78.0,147.18006896972656,-0.9897466309836052,2.650763522102748,-4.903255186214541,-4.950384825552005,-2.5530219559762584,1.3440427304224911,-0.5431061543316655,4.772404303339284,-0.786861222449553,0.9938111530439332
44.0,78.0,148.67105102539062,-0.9564367259631172,2.7624553962444844,-4.9004725789999135,-4.9889562916221255,-2.5371583915940006,1.3296317551507375,-0.5404064217494922,4.793104166972697,-0.7982603828689419,1.0269232476363417
44.0,78.0,153.6046142578125,-1.0651769386401408,2.5317942828891304,-4.917565067882052,-4.9981473222278,-2.4859966813401897,1.3984319212757326,-0.5378208740894834,4.758039197564708,-0.8162725966990623,1.0125625294886014
44.0,78.0,150.8095245361328,-1.039180452603511,2.7411445982301608,-4.890183961937905,-4.996965635470164,-2.494394963981648,1.266400215088468,-0.5497021550839243,4.844658278656247,-0.7984425202326477,0.9976933113430012
44.0,78.0,151.11285400390625,-1.0617316766913816,2.6043415027164585,-4.947946132013971,-4.999136618814531,-2.5068569809538346,1.380320214570255,-0.5311803172735754,4.759723016677238,-0.797148719764273,1.0538270451006717
44.0,78.0,144.92532348632812,-1.0442470995694513,2.732400802734941,-4.9255522870880135,-4.997603535094022,-2.502220844696893,1.3304156650726302,-0.5397801610849298,4.794175328023705,-0.7838627392291269,1.0085030247840008
44.0,78.0,147.8992919921875,-1.021138185625476,2.625935731190405,-4.950728919253508,-4.977761335858393,-2.4605713938594995,1.3330714087496762,-0.4940759206986591,4.796298012860177,-0.7932455669710059,1.010929379401886
44.0,78.0,151.76864624023438,-1.0324902255625457,2.7097608114386134,-4.957992171898957,-4.986011147792027,-2.538378329109868,1.368215559149112,-0.590409922646602,4.7541699081367135,-0.7784012852454083,1.0480231117447332
44.0,78.0,150.26141357421875,-1.0698774787474754,2.660318386520353,-4.9421502864562505,-4.991389286437705,-2.5520336669588306,1.2719173819989678,-0.5196465147946299,4.788198124753196,-0.7816197515400507,0.9966249837665576
44.0,78.0,152.76333618164062,-1.031852328477552,2.590929367085052,-4.91772287118568,-4.998254982666426,-2.4402336170900645,1.293722145966241,-0.5419031426148884,4.826604134183453,-0.8226453625384567,0.9936087001680765
44.0,78.0,151.22927856445312,-0.985582947535101,2.70234023342328,-4.928337731230997,-4.997703900913146,-2.554555740947104,1.2832590550373617,-0.5871456842699381,4.751243041072609,-0.7857633284903978,1.0069436452492564
44.0,78.0,158.49330139160156,-1.0219022082140254,2.8790221204649047,-4.974122321145116,-4.999384104731371,-2.533736726347822,1.304025070397259,-0.5315071173162265,4.775811168311417,-0.749583807410616,1.012475797426907
44.0,78.0,152.2386016845703,-1.0316723784720532,2.7195994304500264,-4.919063758321544,-4.999503536074694,-2.5968486185247435,1.3215162904417197,-0.587040167647821,4.818691706226998,-0.7920304853129831,1.0402791229061217
44.0,78.0,150.6182861328125,-0.9573571026833764,2.675469540354081,-4.900093265918667,-4.99578237197055,-2.5125646462122906,1.3280307573588417,-0.542343367570516,4.813600601745117,-0.7978560928078187,0.9732297273567436
44.0,78.0,147.72630310058594,-1.0606502127764377,2.618560030107594,-4.960777228204448,-4.996747163617919,-2.5237425391435044,1.3539387493402533,-0.530097093647437,4.820712967692732,-0.7767419820450296,0.9981571725829212
44.0,78.0,150.8365936279297,-1.046933521926059,2.6725527891511147,-4.97204640244146,-4.959734490088867,-2.5630225209928903,1.3320553819098908,-0.520090811666277,4.758722384783777,-0.7708343968486568,1.050105630204424
44.0,78.0,150.91790771484375,-1.0171213074465602,2.5842184731034905,-4.9538870323047925,-4.996667570075004,-2.502182496178173,1.403823453750479,-0.545894932396255,4.723446279901207,-0.7986956345499721,1.0041026051573343
44.0,78.0,151.49560546875,-1.0436616988496723,2.638943998426269,-4.961610181870932,-4.972438972814524,-2.508092322796762,1.2595858292062552,-0.4954038063495236,4.745356898323006,-0.7893777495787822,1.0091584506905624
44.0,78.0,148.59112548828125,-1.0174127483192064,2.6604723000544475,-4.940138272903461,-4.999994819675332,-2.4749451542338448,1.331370606374063,-0.5593099328284756,4.830163734231121,-0.7978187518866262,0.9806120921820244
44.0,78.0,147.52780151367188,-1.024341275963339,2.716326856021868,-4.945821413595712,-4.994424092273642,-2.473485934481422,1.3297656523200505,-0.55688600077392,4.816092663962365,-0.7884973501189227,1.04246076583234
44.0,78.0,155.9050750732422,-1.0842653670426985,2.530197593037201,-4.888598324440835,-4.981957788203005,-2.41801064960234,1.3163232783336385,-0.5143287893178714,4.821089183493395,-0.7976839108543858,1.0022016814635135
44.0,78.0,149.0523681640625,-0.972620643729826,2.735276005297525,-4.935191290500332,-4.989876211598674,-2.513064986816405,1.2842904479804993,-0.5413650762839968,4.780777840499971,-0.7959255317033165,0.9972512312717984
44.0,78.0,147.89755249023438,-1.0442808600613018,2.7044957150483224,-4.962732327456892,-4.982885732613988,-2.5194386753162217,1.2875940772748509,-0.5416928834301817,4.807771404384209,-0.7975670044431418,0.9965659056403622
44.0,78.0,149.49513244628906,-1.0148984951937767,2.5859931163829657,-4.9678795613901165,-4.999559898903785,-2.539896991313089,1.3288327335607244,-0.5270118133772597,4.776673061559759,-0.7837984070328883,1.0398303969109568
44.0,78.0,148.8460693359375,-1.043646855879781,2.6977810511377696,-4.991733364995417,-4.947281153405022,-2.452895471435788,1.3496140323940056,-0.5291060241806633,4.80939946646502,-0.7609367167344843,1.0135472186826728
44.0,78.0,147.836669921875,-0.9931404183309328,2.704780070203931,-4.956466396841583,-4.999899620586165,-2.4749162011825234,1.348117981727729,-0.4942772388276006,4.810094004747425,-0.797317521317753,1.0180112372661745
44.0,78.0,151.04034423828125,-0.9768454378641414,2.6928836691033284,-4.92035248676733,-4.998767380556162,-2.508531014913711,1.270245439249619,-0.5254457372812773,4.816996169981763,-0.7977960736236405,1.0414421031092411
44.0,78.0,147.48533630371094,-1.0296387349468024,2.706799667861831,-4.9737458271283375,-4.992234411324337,-2.5247934219855184,1.3345296376072149,-0.5478534974732359,4.777809905132868,-0.8154923331349941,0.9938402466075296
44.0,78.0,151.87294006347656,-1.0314159332890034,2.6693639943624348,-4.968633671713693,-4.999983489326805,-2.477787257728876,1.3188182240590385,-0.5035669387040844,4.767940260868501,-0.8128417913964343,1.0563224895622998
44.0,78.0,150.36695861816406,-1.084458908518159,2.6676741346566697,-4.860380204289582,-4.9998740162165705,-2.5455110102877305,1.3420526337245375,-0.5408936500945618,4.806057265444711,-0.8339146461231124,1.0158083326542862
44.0,78.0,145.75714111328125,-0.9933568057670534,2.677875203566077,-4.963225493130219,-4.995663378790275,-2.517352288917308,1.3401759084430998,-0.5285236653147436,4.774684685556002,-0.7737674192767594,1.015485022806308
44.0,78.0,148.26925659179688,-1.0209234104827232,2.731801790314888,-4.983232542711574,-4.999767089397469,-2.486407713984431,1.337839916581819,-0.5303684665743438,4.762720195590905,-0.8090720392183597,0.989285237130204
44.0,78.0,146.46047973632812,-1.073546169780771,2.626194549362601,-4.913767547600052,-4.998968868589548,-2.4844374635048547,1.3567769377591787,-0.5457641989516304,4.800790129140255,-0.803572204006338,1.0229039301099003
44.0,78.0,153.4757537841797,-1.0404401646636745,2.7310806191326984,-4.971546319100735,-4.999217369747297,-2.5198585449988773,1.4356075266584511,-0.5056714539315745,4.776615492444524,-0.795066871520012,1.0258997039274478
44.0,78.0,148.8211212158203,-0.9953428700093808,2.619389884694554,-4.883212502817586,-4.99119831603313,-2.579645971426828,1.3244270328881296,-0.5572561268174647,4.795648237192246,-0.8023410501403241,1.0122596251157523
44.0,78.0,148.43946838378906,-1.028823830457553,2.6149961955310994,-4.903675622362696,-4.99787513558456,-2.493514075784522,1.3765519848461372,-0.5440659490192656,4.796953713707557,-0.7811230936827709,0.9845224205505652
44.0,78.0,150.6527862548828,-1.0085339079756332,2.7201722915839577,-4.929065162750001,-4.997062125963628,-2.5007325363324355,1.3534526339375947,-0.4903733377306594,4.811334725915392,-0.7757732122079659,1.047462882812475
44.0,78.0,153.99110412597656,-1.0551949815434751,2.7726497353945936,-4.920104835323485,-4.969356622223645,-2.535723334193431,1.385836572710356,-0.5560386614994552,4.789575249807628,-0.810838983296339,1.0571015956953111
44.0,78.0,154.97976684570312,-1.0038584838612987,2.5438924543391845,-4.965369315928602,-4.9998555383012935,-2.5059927712794146,1.3094193947207566,-0.5067940389414991,4.781707321830359,-0.7789045203652831,0.9786778645023552
44.0,78.0,153.943603515625,-1.0308712208515964,2.661554620547937,-4.92048994025973,-4.976234980889928,-2.520882941597512,1.466747712703076,-0.5453321930389698,4.74952588079603,-0.8047237598502655,1.0265256960385098
44.0,78.0,155.01791381835938,-1.041467909821722,2.742649869467895,-4.934206011296085,-4.994158879991583,-2.4909216671554746,1.3512075800425825,-0.5430774651009376,4.795057850911002,-0.8077453679886117,1.0798502550119835
44.0,78.0,154.85658264160156,-1.0497403156718783,2.6437617775206714,-4.987606093844656,-4.997152536578557,-2.485572385023131,1.380178109199294,-0.5106383423320295,4.673465455359731,-0.8105554414821032,1.0111821250620974
44.0,78.0,147.99671936035156,-1.0018124890890583,2.7873347839566947,-4.94637328482782,-4.995004970588113,-2.508134392879186,1.357824777747246,-0.5573817491341764,4.810660157706202,-0.7923377711054709,1.0181452571595742
44.0,79.0,148.70529174804688,-1.0758043343318775,2.7428625217137377,-4.962826926983163,-4.980255110219057,-2.532862969707404,1.295347585909898,-0.5438808923918357,4.770760327405938,-0.7851330273854318,1.0292999689010784
44.0,79.0,148.79461669921875,-0.952906718814404,2.6947350443886533,-4.926532485010254,-4.998831568336329,-2.453068283965377,1.3329178239816164,-0.5528311302790652,4.8016196632290615,-0.7710138499271277,0.9987900554206792
44.0,79.0,148.9444580078125,-1.0836622328479657,2.657187040044322,-4.967630690066347,-4.973900436480553,-2.541943403842975,1.347780178233167,-0.5663570285130026,4.80044835972225,-0.7949129043685481,1.0383328914279808
44.0,79.0,150.0433349609375,-1.0479972912879094,2.64682415561638,-4.965336706518809,-4.993479366567032,-2.482395754210771,1.3890428306046507,-0.5234305423257624,4.754749317325169,-0.8240392522264228,0.9975251570955628
44.0,79.0,148.8336639404297,-0.9689825311209574,2.742459478213364,-4.950949197768921,-4.990214283916357,-2.528959207981597,1.294794746421573,-0.5412548271398796,4.809542678817097,-0.7897509162348797,1.022157576999529
44.0,79.0,148.87619018554688,-0.9511488532649972,2.72140284487267,-4.92812869419206,-4.994959053730531,-2.5497570946207224,1.323428907259645,-0.5274952793674634,4.770271262144375,-0.813002425743222,1.0092232028123558
44.0,79.0,148.7225799560547,-1.0235780304092943,2.620978218159096,-4.916933629154912,-4.998909471286916,-2.448371530920869,1.4026767505423834,-0.5391768549842073,4.768015744383179,-0.796869696504082,1.0100404394777502
44.0,79.0,145.47410583496094,-1.043495018334622,2.75001247044007,-4.927759852857049,-4.998752201284144,-2.483842971763063,1.3312539145259166,-0.538665666558126,4.798403167067981,-0.7835334932086129,1.0083133826592414
44.0,79.0,146.64590454101562,-1.0272064976744493,2.6733038460509064,-4.919444095972256,-4.999985126437999,-2.4928834098795964,1.3808874801987017,-0.5466656091143136,4.8324838606749125,-0.7924244852158653,0.9969953135360824
44.0,79.0,147.5789031982422,-1.0050794634182352,2.6522337309243094,-4.952024218496375,-4.97808909907041,-2.51263959815734,1.3818540115329938,-0.5749344104468879,4.762110943136053,-0.7973249762702226,1.0040908808830995
44.0,79.0,149.2010040283203,-1.05377234207312,2.6828099449666096,-4.949453546286397,-4.999988186002403,-2.5353367209704936,1.3181013919940074,-0.5573491673535198,4.804347530782909,-0.7823847015296836,1.0502858237595083
44.0,79.0,145.61802673339844,-1.0300815809026758,2.656463748922782,-4.936805370988105,-4.998497116938653,-2.5382420970725987,1.3581539501895463,-0.5357103678251098,4.781718861495195,-0.7733265527903583,1.0083309945449486
44.0,79.0,147.0342254638672,-1.057212739057905,2.713565743223122,-4.942736971294418,-4.99863641907478,-2.48233630681288,1.3858886062090594,-0.5498163890456542,4.793639873980084,-0.7732394516043497,1.0189064507537795
44.0,79.0,145.1876678466797,-1.0223497935178512,2.71775821601749,-4.935172401192421,-4.999865969252093,-2.531755138329083,1.3428725901854452,-0.5410674407695275,4.790870998472007,-0.8017343894425162,1.021255324149446
44.0,79.0,150.691162109375,-1.045369379806397,2.6007162569129143,-4.920879457777523,-4.999121475510678,-2.5198250847035752,1.3213642119686415,-0.5031495917041342,4.828061095021036,-0.7692323388933078,0.9877682268947964
44.0,79.0,148.22543334960938,-0.9827443165102084,2.7287723360072738,-4.920404468925357,-4.997793543701808,-2.527843351034049,1.3063369028117533,-0.5247380765905687,4.841576497988854,-0.7925534445786049,1.0068957370788532
44.0,79.0,147.01388549804688,-1.0423059268149926,2.739505209957993,-4.968043882381533,-4.998050272478927,-2.532620002501586,1.313774564850184,-0.5174370884111461,4.786693355170069,-0.7834599432473457,1.013602257711261
44.0,79.0,145.59754943847656,-0.9960816036997402,2.66468538020324,-4.961719347315368,-4.991419788950648,-2.4856522233215617,1.3464861047291503,-0.5244324141187509,4.781773642187368,-0.7765418888756468,1.0097270203452888
44.0,79.0,145.71522521972656,-0.9894626012148536,2.726755859812632,-4.906993824093179,-4.983127529155566,-2.5162132278729312,1.3427673037189782,-0.5349374633130077,4.789596760087306,-0.7805527505447714,1.003018144501021
44.0,79.0,152.53857421875,-0.9512855609467028,2.697574974549748,-4.945386872364256,-4.996126226939333,-2.5552605654936564,1.379393637282213,-0.5362408579929667,4.766026865014371,-0.7653815782113105,0.9804203352309946
44.0,79.0,150.64065551757812,-1.0113909933183045,2.695979233753905,-4.982448748977702,-4.996687975546273,-2.563917546803318,1.2770914124914017,-0.5159853593915926,4.775701936868963,-0.8028902546278012,1.0211397388990484
44.0,79.0,147.48643493652344,-0.9967513667974304,2.6638563052651696,-4.961771102091918,-4.934747754805217,-2.514100194261486,1.377541252908924,-0.5322740705511277,4.786092149096508,-0.8004588936816734,1.0322060288216095
44.0,79.0,148.5108642578125,-1.0532768110532755,2.707894323090155,-4.919741796970481,-4.977954453199457,-2.483874894986018,1.3028370556198323,-0.570311034758717,4.801882665855452,-0.8013406181775364,0.9878790003804898
44.0,79.0,150.2869110107422,-1.004711945293444,2.581545229202554,-4.924847013339168,-4.984222421445301,-2.501735195502904,1.35770101888105,-0.5626453358678996,4.790648970731986,-0.7674789915566391,0.9858436902890464
44.0,79.0,147.84426879882812,-0.9958752944948044,2.731241477792471,-4.938409097754521,-4.997967385764072,-2.5179620930894475,1.395407324150229,-0.5430110839395033,4.771068883616035,-0.7884460143135978,1.0003278184169275
44.0,79.0,149.84994506835938,-1.0297944469627152,2.6889808151795034,-4.961794159496932,-4.940718039626726,-2.4328554319022992,1.307348713689235,-0.5337195741903722,4.8100477524610845,-0.7675005910329915,1.0328210565205662
44.0,79.0,151.58468627929688,-1.000728369988109,2.5777588659361115,-4.91216801545489,-4.999941324621229,-2.5118235672961524,1.305298508137431,-0.5315447495487033,4.798082001657267,-0.8009444806928725,0.9773555426026022
44.0,79.0,148.51910400390625,-1.06093328498843,2.626467353272596,-4.931472456499992,-4.990802078697176,-2.442952865401726,1.3542412233517744,-0.5522262807301832,4.810380725114023,-0.8014378639455417,1.0354348320462208
44.0,79.0,150.13314819335938,-0.953926730346212,2.709702818492471,-4.9817218653397415,-4.981127010311234,-2.49929569185213,1.3321937674343314,-0.5665245194792199,4.839616447508142,-0.7932836069505544,0.9956900256551372
44.0,79.0,148.58688354492188,-1.045701158082701,2.7241379087251403,-4.895935594589382,-4.99998563056,-2.5211538318417466,1.3348026602564422,-0.5437614092668497,4.835965137561059,-0.7902400996624657,0.980491090449064
44.0,79.0,152.5986328125,-1.031680496835243,2.8469193932988173,-4.945449261474201,-4.997107238031887,-2.4720745482269897,1.379250846593676,-0.5323461616019731,4.817172077613861,-0.7754204857137417,1.0241612303971737
44.0,79.0,148.8023681640625,-0.9638674334103589,2.726053242594725,-4.970096548457867,-4.993766239597486,-2.5209198993886,1.3169165174139676,-0.5237350706621537,4.771699271188796,-0.7985276845774845,0.993298654334998
44.0,79.0,144.78057861328125,-1.035479226462645,2.679141442149953,-4.944008851929312,-4.999193776654048,-2.5013844169581336,1.3645139549603105,-0.5476636933516232,4.804148175964167,-0.7884706351159849,1.011967796731171
44.0,79.0,146.78204345703125,-1.0070947754347035,2.685199553851815,-4.853837319520917,-4.999982157195963,-2.523819276846626,1.3484672675759608,-0.5686829904903767,4.818562268823685,-0.7861182007611394,1.0137166721015252
44.0,79.0,146.72702026367188,-1.0304914629093245,2.626521721196066,-4.959035252032634,-4.995968459027703,-2.4688273277740307,1.3659718139095016,-0.5209151869589785,4.748847065341783,-0.7932813385214983,1.0105097282065856
44.0,79.0,149.1832275390625,-1.0013378328077858,2.6256645754401777,-4.881341862090258,-4.998684679532071,-2.517659704541157,1.3935663254876474,-0.551971754952632,4.790982234964632,-0.8027240654092216,0.9932067710398008
44.0,79.0,158.38681030273438,-1.061866504565133,2.755986791908934,-4.941342150593016,-4.993605312587453,-2.4744446533682702,1.2384028939165015,-0.574909790203467,4.877439633573335,-0.7718827221853299,1.0039269613490651
44.0,79.0,149.8434295654297,-1.023101935108699,2.799735764548714,-4.928812792740354,-4.999335994636988,-2.529155720002388,1.393562425557624,-0.5283141368330586,4.783054932562219,-0.7853029304544767,1.0028436604299786
44.0,79.0,146.71255493164062,-0.9736729826097577,2.65368424131988,-4.973408843738439,-4.966422553019127,-2.480514900898757,1.3453510388451848,-0.5270834613139552,4.769542368156149,-0.7873987749871478,1.0248177393223052
44.0,79.0,154.27630615234375,-1.1151581728491826,2.6245469277778906,-4.924773699698308,-4.9956457520400095,-2.6110873627197604,1.37274777395434,-0.5586090248754614,4.79904198622317,-0.8073348499407116,0.9931023914053778
44.0,79.0,149.562744140625,-0.9555025798784652,2.726589388888508,-4.910072748097013,-4.999435553830637,-2.500815315708658,1.2967120990544636,-0.5402112079850312,4.753681431900139,-0.7990981221598448,1.0356494026244567
44.0,79.0,146.75650024414062,-0.9950527336958928,2.6807887836559487,-4.97817165690752,-4.9661641716927925,-2.458118808484969,1.3444177680118212,-0.5430919579168334,4.745243686821588,-0.8008601509071891,1.0171089850190065
44.0,79.0,152.30657958984375,-0.9833896910009904,2.7618811121548354,-4.965335509808298,-4.999340841537131,-2.5047196704767987,1.4037255980976235,-0.5054095315055216,4.757240098846989,-0.7876340942659663,1.0378791427997234
44.0,79.0,146.177978515625,-1.0325059031198909,2.6753782529665067,-4.9234055606064,-4.989472122594171,-2.492646954614261,1.3206317195331962,-0.566601564073526,4.819758090634091,-0.8101869342897654,1.015904898283429
44.0,79.0,146.31097412109375,-1.0343447615809662,2.6692937814853845,-4.977381778534066,-4.99757980549801,-2.510770778083604,1.3103176823007343,-0.536955568229029,4.808387135929101,-0.7834756929490378,1.0035910994788129
44.0,79.0,149.2354736328125,-1.051096228206274,2.717564726153844,-4.98043334154956,-4.986150911575761,-2.4667878647136066,1.357364378470292,-0.5179045492916998,4.784700142251847,-0.7652366421516996,0.9896143607132002
44.0,79.0,145.95932006835938,-0.9840471008571264,2.669417939982268,-4.920273515675603,-4.993307533412531,-2.511277194039525,1.3609107913373988,-0.5271925272053393,4.785353478952505,-0.7837137336917053,0.9980867220193465
44.0,79.0,150.98399353027344,-0.9668421050541632,2.6383574170448707,-4.92986743976584,-4.952066880570062,-2.4941059161310704,1.3436896740844355,-0.4768596357552912,4.804313640741626,-0.8077321031638727,1.0208335691951422
44.0,79.0,153.1815185546875,-1.0250646710093605,2.7229800754039264,-4.9058037696079735,-4.987331827304181,-2.551904825802863,1.3504910030153183,-0.5578702589702189,4.856846639940972,-0.7944625219893142,0.9665329205638732
44.0,79.0,147.38385009765625,-1.0452349973434871,2.698052649363479,-4.965310205715378,-4.998645251292943,-2.471159472158599,1.366088218591292,-0.5292624833323512,4.8232059386360575,-0.790587737945379,1.0361039142129016
44.0,80.0,146.514892578125,-1.0271382665750377,2.743826943514396,-4.919535954606433,-4.986968980793085,-2.491763962633207,1.3532782517955877,-0.5721992980035786,4.811081315306256,-0.7978410202983124,1.0090309351304023
44.0,80.0,146.9000244140625,-1.0298974245609909,2.738886924175735,-4.952026094996057,-4.996622230338943,-2.509316166084328,1.3656578606955048,-0.5599262016467836,4.759971341990541,-0.7862865769532332,1.0314993646967974
44.0,80.0,146.94009399414062,-1.0038576041184035,2.6182253300329457,-4.9620717950975815,-4.995255863949534,-2.51586479626678,1.3284308726735627,-0.541302251442418,4.793592764173395,-0.8097925830815731,1.022693696036252
44.0,80.0,146.533935546875,-1.051970464850855,2.639187532594184,-4.906739934762316,-4.997550201771455,-2.470681421097849,1.3696747729644008,-0.5412242338718309,4.817927486903063,-0.7829051187623124,1.0261697397905234
44.0,80.0,147.6196746826172,-1.0446440703905409,2.733867056687096,-4.951744456531919,-4.996708143633703,-2.495326131050133,1.3512829258851946,-0.5395801440276804,4.794780412460851,-0.7797999362493657,1.0443799534341514
44.0,80.0,146.23553466796875,-1.002394514135159,2.6626542279488783,-4.96873613595292,-4.987246534046482,-2.535150649735056,1.347248969873669,-0.5569634946691613,4.766352760532511,-0.8043200555921945,1.015007314714058
44.0,80.0,145.0955810546875,-1.025548288715874,2.658498120873821,-4.923740450394645,-4.99734053768998,-2.5287570172330085,1.3374376661428204,-0.5262791869291314,4.7633311946117445,-0.7986858832452635,1.0250810281897662
44.0,80.0,146.60816955566406,-1.0408710350347188,2.7243081747728564,-4.902308853302291,-4.999358638329383,-2.492118777330316,1.3602132981036077,-0.564078712440069,4.827095937707947,-0.7768919247511361,1.0060155281845322
44.0,80.0,147.40863037109375,-1.0448795499570425,2.660954457028552,-4.946865611482824,-4.994234612311191,-2.4981898694157403,1.3900215664917486,-0.5618036770427519,4.807555833183578,-0.8076160433173065,1.01439340274987
44.0,80.0,148.61488342285156,-1.0076087314479096,2.683536728016734,-4.917710453706702,-4.999999830260282,-2.4981198991877376,1.3993946408260758,-0.5327174345252672,4.758744349129957,-0.7826111918965157,1.0413126224773253
44.0,80.0,146.62130737304688,-1.0086893149703169,2.6161383192763745,-4.953855805431961,-4.984851566079867,-2.5112380917631523,1.3201333115391778,-0.5393448773976441,4.76545116895158,-0.7697949171046838,1.0130925055038151
44.0,80.0,145.7811279296875,-1.054274174283888,2.698538607286972,-4.954747281530892,-4.99784807802379,-2.489635557769049,1.3663315141724457,-0.5328568401711333,4.805060664414903,-0.7856946021437974,1.0004605266640034
44.0,80.0,146.01905822753906,-1.004974645814258,2.6954726581188737,-4.898999776765513,-4.999947765245474,-2.5120755845591063,1.372411691841224,-0.5178072071715043,4.802928046653392,-0.7839817247980863,1.0078341488937648
44.0,80.0,147.14205932617188,-1.0312913619155497,2.717663009802238,-4.986517369199906,-4.967990619969462,-2.4923453280393537,1.355237209032884,-0.5480708815488189,4.772009787754364,-0.7931329308999331,1.0373407177005154
44.0,80.0,146.64158630371094,-1.0090353209069949,2.6798131391108804,-4.965132324921273,-4.977876690732682,-2.5275354653592226,1.3238642865770736,-0.5015653732270984,4.770590026482303,-0.789059496290835,1.012897767220328
44.0,80.0,149.81439208984375,-1.021983195775094,2.6480286394629147,-4.952870953516963,-4.987283938235467,-2.548027331668917,1.2810730906634893,-0.5179560033591688,4.794286047330127,-0.7912522072464991,0.9911250784139378
44.0,80.0,145.52618408203125,-1.045473029050617,2.675271862132938,-4.951433624867609,-4.99999616528585,-2.4993749187744267,1.3402654123985034,-0.5482320742783955,4.794639518349012,-0.7920763368251293,1.0346115845930566
44.0,80.0,147.537353515625,-1.0238965488157843,2.607429390279295,-4.964023027779905,-4.99967979445208,-2.4825113335401605,1.353138689841057,-0.5549498693951369,4.794504345395801,-0.7926967614345646,0.9928756835504516
44.0,80.0,146.8265838623047,-1.038556117110001,2.719306691141793,-4.941080113569012,-4.994993441398102,-2.475752023071527,1.3930063798236283,-0.5267063317543306,4.774581283649219,-0.7954732338981927,1.0219481158873158
44.0,80.0,146.00555419921875,-1.0040509754758649,2.671166222038547,-4.944589568532311,-4.99586611838336,-2.504168901926114,1.3300412601083806,-0.5111077748907906,4.767251964049343,-0.7866038968842659,1.0300518995931522
44.0,80.0,148.66783142089844,-0.9871961994942078,2.7084055674702263,-4.951866657849861,-4.999159425446189,-2.516809807315141,1.2870418182829493,-0.5446592175904765,4.788074011342902,-0.7729425805873706,1.0295318375202234
44.0,80.0,146.29315185546875,-1.026407264035674,2.6586289884755745,-4.962686809201618,-4.999983856996025,-2.506011242302681,1.3512829206659005,-0.5419936346396277,4.79696121341467,-0.8142467835578628,1.001028393244746
44.0,80.0,145.8397674560547,-1.062696199468271,2.695171530280966,-4.964366272767573,-4.987643871936759,-2.4599215049090577,1.3354861926531931,-0.5422354691571805,4.785107627263402,-0.8016234962605466,1.0073384642586962
44.0,80.0,147.7953643798828,-1.0216224169537784,2.666515204867114,-4.977749141696502,-4.994527400498468,-2.529634159854964,1.3497628854715735,-0.4998762920457587,4.772125617787916,-0.7742516639481316,1.004975376391184
44.0,80.0,147.15234375,-1.0132344101476654,2.70448723793502,-4.922800048165422,-4.998663963220711,-2.5131554987243514,1.3715153225377392,-0.5392472487817512,4.787734294378206,-0.7947280225598066,0.9848584088851098
44.0,80.0,145.4579620361328,-1.02720981085004,2.6480313714228103,-4.940731129457366,-4.999268891532601,-2.544185720025488,1.3513792860946428,-0.5257003659357746,4.779124162651266,-0.795676093761764,1.0157977244536456
44.0,80.0,145.36642456054688,-1.033559447565211,2.6748376008471606,-4.90055522532729,-4.995867743354992,-2.4821558419284444,1.3674092846881072,-0.5212536888553645,4.787260607223482,-0.8003021682094626,1.0227856381860514
44.0,80.0,148.39028930664062,-1.0168136696269636,2.5755535381400545,-4.979447373891094,-4.977229746390944,-2.5056015305722044,1.369277533416394,-0.5484755293764101,4.774975632251566,-0.7903447404792434,1.010345473062399
44.0,80.0,145.82205200195312,-1.0348360175096771,2.7106750228331764,-4.921485088060018,-4.989321721938082,-2.506933811907252,1.3318264852979116,-0.5519641909618453,4.805590927999127,-0.778476996503862,0.9939459067484178
44.0,80.0,145.1425323486328,-1.024048126128005,2.6372598812797285,-4.92148385236637,-4.9926981595768565,-2.4948104074139765,1.350745064339507,-0.5361714405341891,4.808647489670884,-0.7865623503827575,1.0258979083992372
44.0,80.0,148.22007751464844,-1.0260420693474797,2.716321683211339,-4.966141217658253,-4.994782158398403,-2.491467772366616,1.308960367631899,-0.5112177728310607,4.7849018976659305,-0.7998092385839213,0.9885113728012094
44.0,80.0,145.6308135986328,-0.9913723289326928,2.667455608778736,-4.954241618403893,-4.99696138970096,-2.521031794870999,1.3425668813025933,-0.5568885966951118,4.77459425635425,-0.7970564663541442,1.020644570746092
44.0,80.0,148.24623107910156,-1.0061296893536498,2.6843754631259333,-4.92277120246654,-4.99078503424439,-2.5556296789033706,1.3170389275573695,-0.5104891605257098,4.786828371002292,-0.7949040081079843,0.9883989119191784
44.0,80.0,145.13485717773438,-1.021878412893292,2.659560399128172,-4.918965776938568,-4.99973938645628,-2.501992424536372,1.357861189393014,-0.5431006449111919,4.808768702643494,-0.7998048676960794,1.0015077290550254
44.0,80.0,145.97503662109375,-0.9831374631571208,2.702307598239297,-4.919889461204995,-4.988859050158958,-2.513313872302261,1.333144201559624,-0.5460427975242972,4.817140405979469,-0.8007617712510413,1.0020071036943232
44.0,80.0,146.03271484375,-1.0170893203153415,2.7089427698731283,-4.898945530908717,-4.999132473986979,-2.525381628361832,1.312357361708676,-0.546742392567003,4.829529167385351,-0.7898872593729758,1.0104494652898677
44.0,80.0,145.14920043945312,-0.9918776872843332,2.6611454430174337,-4.932695762496101,-4.993547776114529,-2.4991068082713683,1.3570136030813087,-0.544219310804194,4.802084720367487,-0.796102919554122,1.007264367182291
44.0,80.0,147.5401153564453,-1.0067984753533752,2.720851625383508,-4.938333309254374,-4.9999874970541365,-2.4909940451634327,1.3551079229245122,-0.5361472774310947,4.807955517393246,-0.7801961585811847,0.98343855379367
44.0,80.0,148.53985595703125,-1.0586361079510942,2.687753377629952,-4.966689335620055,-4.999854537383644,-2.535417101020484,1.282772980381801,-0.5609472106096627,4.799125301796124,-0.7857701288502277,1.01759645613644
44.0,80.0,147.76390075683594,-0.9938053524412852,2.7248719867884645,-4.9084153691147145,-4.999864685773937,-2.495258290392312,1.3045767611025347,-0.525330897926529,4.815648001861188,-0.7707502376128188,1.0009485383253691
44.0,80.0,145.99362182617188,-0.986837996509328,2.627318880301486,-4.9401505518315085,-4.999809638415297,-2.519129159270182,1.3495357775288248,-0.5339185551127095,4.779198000375288,-0.7811187193090694,1.013327080061897
44.0,80.0,144.9313201904297,-1.0108950084363988,2.68357942798427,-4.951259072230199,-4.997938280090634,-2.490989364040239,1.3577842598696508,-0.5475824859543987,4.809492702015657,-0.7873282418298109,1.0159958480891902
44.0,80.0,146.71597290039062,-1.0156292227645998,2.7641638444247443,-4.945643949419286,-4.999795614859488,-2.525282385614505,1.3358644769723318,-0.5280053027696194,4.7989589228490885,-0.7799816008399247,1.0057391558350846
44.0,80.0,145.8484344482422,-1.0500640470018905,2.721740296672474,-4.920256468452562,-4.976506137451218,-2.518359764818227,1.3634587297891372,-0.5451933112639749,4.796196042317002,-0.8114648658327832,1.0097999592857834
44.0,80.0,145.384765625,-1.041340125740173,2.7177172033406416,-4.931093995492493,-4.993444946317804,-2.488504596873523,1.3579852280900866,-0.5335111138226258,4.794750158558035,-0.7924667829103456,1.0316513455694114
44.0,80.0,146.940673828125,-1.000159213652795,2.71704103076661,-4.919383096818151,-4.99104627390371,-2.520189940993997,1.3746750232069491,-0.5142868815122572,4.812129267411676,-0.7874637918171343,1.026101019732658
44.0,80.0,146.47132873535156,-0.997258299177214,2.63462365625144,-4.932270647381166,-4.999175414923352,-2.489850742962944,1.3782740303821337,-0.5268243662572161,4.790116232945852,-0.7786556028180671,1.018788887599429
44.0,80.0,146.53457641601562,-1.061923627754572,2.69119563223739,-4.951138793183032,-4.999509106563042,-2.519723188463367,1.3456054333738168,-0.5298317831031873,4.764625091152762,-0.7937913724533061,0.98865533756591
44.0,80.0,148.22515869140625,-0.9988593834298048,2.6437285602193565,-4.964845980126913,-4.999980078889882,-2.481740026996202,1.348462010914596,-0.5005729347182895,4.789235607894467,-0.7763489578682297,0.9971207272146057
44.0,80.0,146.67510986328125,-1.0496513810343957,2.651148542492421,-4.934310433641115,-4.998074608601059,-2.4721525514098133,1.3902168807905737,-0.5519774834152678,4.777435764915484,-0.7868403948915121,1.0177313726284112
44.0,81.0,150.37200927734375,-1.0391170152255933,2.655085062395787,-4.938191625501947,-4.993318673418729,-2.5144901612366297,1.3133576263055886,-0.5397643784467387,4.825127597597881,-0.7961450994499666,0.9685675564442072
44.0,81.0,147.695068359375,-1.0605675496597051,2.6861923927042,-4.921869598640228,-4.998097520296044,-2.4978088731327985,1.379385711193617,-0.5404265182356802,4.791393556456683,-0.7910617941031113,1.0452900043797886
44.0,81.0,147.90457153320312,-1.0526656835065258,2.604822426968063,-4.947950610571058,-4.995385846735842,-2.510191580930405,1.3056399308953548,-0.5623773702141435,4.7738152299878,-0.794764436490266,1.0291758687678725
44.0,81.0,148.5499725341797,-1.0429136923486664,2.6410042755978367,-4.933249574584938,-4.998113591052812,-2.519364406094407,1.3668204325946665,-0.5626189159382688,4.782729431569736,-0.81928632327236,1.0353573814434158
44.0,81.0,145.7084503173828,-1.000936909168098,2.6760297858174864,-4.93152690375356,-4.99745996550755,-2.5253565140953222,1.3671789756136103,-0.5403990716050977,4.785732033119274,-0.8068182472777998,1.018720369832689
44.0,81.0,145.83531188964844,-1.0228307566431385,2.676278582165768,-4.965459522225432,-4.997921326291009,-2.482387791489637,1.3406210802448326,-0.5686688310102213,4.79721912781088,-0.7976425221472319,1.0187985247098688
44.0,81.0,149.5243682861328,-1.0700928365238749,2.678477931245844,-4.950357391985138,-4.999940944097314,-2.438867513274987,1.3593102256853644,-0.502151379619475,4.768826650010592,-0.7952222375320908,1.0366998270339236
44.0,81.0,146.6679229736328,-1.0473633825574509,2.719375025744556,-4.92893082973161,-4.999795217011002,-2.5273988015039777,1.3750303543497688,-0.5648289329467442,4.797936045739672,-0.8013798329260293,1.00933124814655
44.0,81.0,145.5158233642578,-1.0408180486154306,2.675815166269321,-4.893289004352919,-4.999551672997528,-2.497744980127509,1.3456875278874936,-0.5126896642939851,4.794418862131744,-0.7915163681967261,0.9991485789707086
44.0,81.0,146.67068481445312,-1.0215911894854637,2.651119973329868,-4.9787587553757255,-4.984525379142087,-2.5086252991486084,1.3508657750783009,-0.5229965583503517,4.771919201199722,-0.785319072590517,1.034717807595772
44.0,81.0,148.78903198242188,-1.030039513097834,2.6350680796400923,-4.931807156769076,-4.995379279488976,-2.498628972707407,1.3596460369030456,-0.5634477429973819,4.766451659301405,-0.8018395843003852,1.049251512394581
44.0,81.0,148.08531188964844,-1.0048464430041495,2.7117263636042788,-4.9239504729397705,-4.999027914386809,-2.510254046665658,1.3676411774566857,-0.5858134502441859,4.792338540621087,-0.7973745083733643,1.0290041789121371
44.0,81.0,147.88198852539062,-1.008315413810827,2.670879034389416,-4.93671167714301,-4.999865708506294,-2.520998427520334,1.4128360472188204,-0.5373908898889681,4.784198370396737,-0.80079943129408,1.0117400212231766
44.0,81.0,147.2104034423828,-1.04767745963744,2.658891988926042,-4.889393421803993,-4.998852710659009,-2.506603650665727,1.4054439559203775,-0.5457632785399742,4.768212435041825,-0.7961725696881743,1.0141453514534955
44.0,81.0,147.4513397216797,-1.0483800424666367,2.6116841275853764,-4.92714556226368,-4.994709348732259,-2.548041433865251,1.336234752049707,-0.5729194729447347,4.767718429229117,-0.7942717523969325,1.0152472510106216
44.0,81.0,144.8995819091797,-1.0208885569821993,2.679767648582461,-4.948097327388349,-4.998352705018947,-2.501088855499431,1.3561728196131355,-0.5326645747282797,4.808065401043775,-0.8019668870436272,1.0109140865758803
44.0,81.0,151.7601776123047,-0.9629106719029964,2.6891608195004792,-4.938428746080289,-4.994848024181019,-2.5155542409005687,1.3917832032208717,-0.5441209480816482,4.801603048899896,-0.796793242056788,0.974216356844492
44.0,81.0,146.1798553466797,-1.0208283700295877,2.7015823040721294,-4.945112278011026,-4.999823553243061,-2.486360629779486,1.3480281746531355,-0.5125424287494962,4.776189444139224,-0.7770576098045625,0.9964694407309916
44.0,81.0,146.63429260253906,-1.027292483289945,2.6911521789572017,-4.963687176507855,-4.998557798257654,-2.5256226616634287,1.3608860874234443,-0.5633126077445114,4.780053425860768,-0.8122321676699187,1.0181894844689694
44.0,81.0,145.1763916015625,-1.036710230870849,2.7097854680674924,-4.952711506047781,-4.998014376411265,-2.495563297005712,1.3678270478378387,-0.5339445771626963,4.793189881969774,-0.7866202078186539,1.0075702851477375
44.0,81.0,144.70758056640625,-1.0253971469560308,2.677251996022328,-4.92545003331761,-4.999655986425501,-2.506995343610269,1.3401215292445627,-0.5329864269464242,4.790853454838151,-0.7884238327677053,1.0300227608261388
44.0,81.0,145.81468200683594,-1.0233076299440569,2.6932249462678346,-4.952055608078502,-4.999851242701602,-2.5434815805508992,1.3516889702708053,-0.5602859446984567,4.800264884154412,-0.7951138995064895,1.0106846500520934
44.0,81.0,150.0103759765625,-0.9581268235844682,2.6404255253996487,-4.867119858703714,-4.9996628288471054,-2.4732892755966427,1.3518947853841778,-0.5734830980329946,4.808546464711567,-0.7792609668070947,1.03333205054496
44.0,81.0,146.77365112304688,-1.04371244741366,2.694673534533738,-4.9213012339713895,-4.999719698412932,-2.5004872364540045,1.3065885700918145,-0.5613326390012263,4.837163902987063,-0.7925778690380128,1.0034468403679764
44.0,81.0,148.34423828125,-1.036576852832881,2.710335766440844,-4.915957789987582,-4.998876362435935,-2.507111897521793,1.4197272647715673,-0.5569026434050697,4.782274889936467,-0.7933492783191696,1.0159619965130275
44.0,81.0,146.1957244873047,-1.0332217378239057,2.6874914484535983,-4.952820890437486,-4.995487143625058,-2.5344039850284066,1.3760844299639745,-0.5572668824120841,4.796428103048505,-0.7970587923734476,1.007442587531707
44.0,81.0,145.85064697265625,-0.9978415858042996,2.685638997321633,-4.94870599266915,-4.999305352164458,-2.496469987688057,1.3263154304572078,-0.5436164209697765,4.82095614045617,-0.7966565829096712,1.028055425665169
44.0,81.0,146.49119567871094,-1.030905418596202,2.66791544850036,-4.939300548562079,-4.997628271978109,-2.4666065600903746,1.332766465630569,-0.5445135865903676,4.798787534297812,-0.8029125164660407,1.038321045654614
44.0,81.0,145.63211059570312,-1.0040491804090983,2.6666855987607363,-4.9557015343501805,-4.9978288312622645,-2.5098506958752944,1.3566000949346844,-0.5138239502210133,4.773673390805527,-0.783286246289741,1.0148028418284092
44.0,81.0,144.9961700439453,-1.031557407893657,2.641897970785333,-4.939464020090041,-4.998846186073514,-2.510484020841342,1.362034722869856,-0.5464163602353986,4.794791775244022,-0.787439971054912,1.0166119958536903
44.0,81.0,149.125244140625,-0.9763231133145336,2.580628919083744,-4.929479847068044,-4.996833530557537,-2.4746748584238345,1.3705194421635802,-0.5509603510635035,4.766012118851545,-0.8042009781577377,1.0233971781245668
44.0,81.0,146.48313903808594,-1.0143097073830671,2.647090733702425,-4.928316067583158,-4.997022346553198,-2.489499594098991,1.3293192852222244,-0.5465034933037636,4.815330066560627,-0.7677404247129136,1.0287128637505385
44.0,81.0,145.24490356445312,-1.0280002112834512,2.640670814876243,-4.939894837931758,-4.992416836566954,-2.474750002400291,1.341366494762398,-0.5404012434502139,4.8084307381400215,-0.7947212265700854,1.0247421254700892
44.0,81.0,146.19459533691406,-1.0250483752172714,2.646487620743093,-4.927980335730085,-4.99715667197811,-2.46775269877023,1.38046939682315,-0.5381878501729256,4.795882352238511,-0.7927251842836398,1.026646975446452
44.0,81.0,148.05120849609375,-1.0012668844748007,2.7001462187702607,-4.938685146432838,-4.999022333169658,-2.5396931776588056,1.3520530587408794,-0.5557963541250288,4.813189818135138,-0.7967985336738783,0.98482352224194
44.0,81.0,145.9970703125,-1.0385291311307627,2.639184167974093,-4.975916305105627,-4.999260358302378,-2.4894000115703663,1.3521856526527722,-0.5531514677511016,4.798542390979488,-0.7925247735168037,1.0219304272198482
44.0,81.0,150.1007080078125,-1.039559716861271,2.605777977717441,-4.962710028978203,-4.99941830421532,-2.490904345874701,1.3960758669585864,-0.522059731976249,4.772885600249499,-0.8214111938392321,1.010807532612298
44.0,81.0,145.16519165039062,-1.006518015400117,2.668773312950496,-4.925682352684764,-4.998987839176514,-2.48624131484338,1.3561774790304169,-0.5528337752931076,4.804123457380875,-0.8030063510220273,1.0169155336061504
44.0,81.0,146.35635375976562,-1.005698094510628,2.7019474486325343,-4.914043740650072,-4.998322433688888,-2.51000612802603,1.3185331216965777,-0.5426322293586239,4.815581035531759,-0.8089831007658113,0.9980634584182102
44.0,81.0,146.4167022705078,-1.0602540985116802,2.7317489513064386,-4.94640774908896,-4.994738695761975,-2.4983664074412752,1.3700353098718532,-0.5605838734608213,4.796539006866386,-0.7871070576360282,1.020248965533474
44.0,81.0,145.87606811523438,-1.025967635102563,2.6329688956315698,-4.9328333850337405,-4.998955783950684,-2.4898391114037133,1.3650368529627102,-0.5197119958240606,4.759288493486585,-0.7791991742667399,1.0164708697606637
44.0,81.0,145.84823608398438,-1.008673896405292,2.6666888084740705,-4.92864482142071,-4.999826636724659,-2.530435106333315,1.3518116369430953,-0.5334981368661911,4.772008138716124,-0.7878529466861623,0.993069403742794
44.0,81.0,145.80160522460938,-1.0253741236063934,2.6478729467812983,-4.9382576791536525,-4.999700822009054,-2.479445312985704,1.343882652981483,-0.5299808616865329,4.767978922622984,-0.7886664860750088,0.9921658209733452
44.0,81.0,145.78895568847656,-1.019605180512143,2.681646434017005,-4.914183652767635,-4.999602171937116,-2.502081477315252,1.3687318638496766,-0.5321928506861662,4.798251336997117,-0.8113408691660071,1.004985122110531
44.0,81.0,144.614501953125,-1.035255242279382,2.696766364129078,-4.932902220891251,-4.978478451769051,-2.502855537222912,1.3435654632530634,-0.5188768653606068,4.804967344391125,-0.7870828729083543,1.0084888209074698
44.0,81.0,146.07861328125,-1.0114496774499884,2.6595338734902088,-4.917519261812469,-4.978453095904414,-2.516163923089523,1.3625041354774003,-0.5582811037778912,4.793180888001537,-0.8014105631548638,1.032084674358016
44.0,81.0,146.2880859375,-1.003726560542233,2.6301589744044787,-4.923762361831689,-4.999807237204534,-2.465574522898564,1.320504191132077,-0.5317524771160462,4.808325350696455,-0.7967355067214932,1.00505249168675
44.0,81.0,145.86639404296875,-1.000690797873705,2.6522901156386105,-4.923882226502789,-4.989950542182736,-2.4849789626134946,1.350515052681061,-0.5272672232708198,4.802818699130789,-0.8118736517373861,1.0073807541313808
44.0,81.0,147.01637268066406,-1.056325701892205,2.6309914478656324,-4.943790308111152,-4.996331269273939,-2.511600956047712,1.3575134388672598,-0.5589069868460061,4.83965375037501,-0.7974488609818797,1.0080051460909276
44.0,81.0,145.41831970214844,-1.0398524096606323,2.65867142983727,-4.957480398901857,-4.9986603116621495,-2.481549596705441,1.357619875017929,-0.5353577310660036,4.793574096608371,-0.7925517636894117,1.0288438855177393
44.0,82.0,146.08621215820312,-1.000265416565425,2.7179782073681125,-4.926820918698684,-4.9990552570804425,-2.5251513869086994,1.310825268563126,-0.5463925240086285,4.764022919090175,-0.8017621806148769,1.0062119629286483
44.0,82.0,146.6014862060547,-0.9754994357100076,2.680999790913643,-4.928078779064903,-4.998195605896807,-2.507990145013341,1.3741263203132412,-0.5314268933788524,4.801855191924892,-0.8044326929611252,1.0083201424323098
44.0,82.0,145.69041442871094,-1.0083419116456342,2.638741913299496,-4.893938422867237,-4.998919731831563,-2.505509003806212,1.3690709279276856,-0.5310314633189943,4.78942726814801,-0.7898282442252622,1.021911359518917
44.0,82.0,146.09190368652344,-1.0097190615265292,2.6214919745386105,-4.945319739470039,-4.997441087848609,-2.5230821167767385,1.342943006325327,-0.5284061289874087,4.768381539628541,-0.8014095698906134,1.024106270761484
44.0,82.0,145.73590087890625,-1.019548199348261,2.6997574150229378,-4.95057019000334,-4.999943156895252,-2.478125373238771,1.3338530731308316,-0.5295879030423958,4.781420135625302,-0.779528837452097,0.9949424702574916
44.0,82.0,145.43385314941406,-1.031029592135082,2.656055817371868,-4.922161078773568,-4.997935006055341,-2.4648313959052714,1.3715467405702275,-0.5370139925545274,4.801214644551985,-0.7883068902165054,1.0133520689228457
44.0,82.0,146.0535888671875,-1.0221896961337085,2.646028207351261,-4.910145070565915,-4.999913947033389,-2.506695199711807,1.371112508099019,-0.5263190868910321,4.809299082587778,-0.7811749134286998,1.002056536558877
44.0,82.0,145.67686462402344,-1.027539768325049,2.686252823549494,-4.90755856146161,-4.989081716261093,-2.525298025179316,1.3166938296363506,-0.5280917111849384,4.773656554250401,-0.8005856754098053,1.0318289268558978
44.0,82.0,147.1052703857422,-1.019243091476052,2.700805619432426,-4.92069159059809,-4.997619461736514,-2.546264033199247,1.3203747471987182,-0.5219473657466427,4.779804151757082,-0.8124464350677894,0.9974898856472976
44.0,82.0,146.2735137939453,-1.0500403421325673,2.647182174659344,-4.9511338295999145,-4.991287249870881,-2.4857154193567927,1.3726508927453178,-0.5278687082128819,4.802082081649587,-0.8033879326617939,1.0037563675401842
44.0,82.0,146.22494506835938,-1.0096808208427328,2.649860986453481,-4.945282942375235,-4.999962271474586,-2.490174672187026,1.3040788154818452,-0.5385530530584965,4.803646661565841,-0.7757616466607828,1.0120419927641953
44.0,82.0,145.22561645507812,-1.0373802040172575,2.6511083169396,-4.949300454144617,-4.99509094134952,-2.4733500917393094,1.3616925493330705,-0.5440523806112267,4.796558390575832,-0.7979427863461535,1.0192079894823545
44.0,82.0,146.96456909179688,-1.0581317386370612,2.62179074595302,-4.953666117288259,-4.999758027838187,-2.494708583697098,1.3613894281179384,-0.5175559853511746,4.764646505213435,-0.7916290088057352,0.9978332400181102
44.0,82.0,145.6087646484375,-1.0268576158822469,2.699083261155824,-4.954986691736962,-4.9977951955715945,-2.5518277126312188,1.3424932016574829,-0.547152062686429,4.789531838622443,-0.7967879221575878,1.009210818542451
44.0,82.0,144.37098693847656,-1.0440736852130597,2.6922795161743407,-4.925253529078483,-4.999976736563433,-2.493318904296368,1.3487164755919825,-0.5258694318892765,4.79573482971772,-0.7930701334404446,1.0181346849911312
44.0,82.0,145.44781494140625,-1.0444267359293398,2.6301316810840127,-4.928448835921292,-4.999707420027878,-2.487757001684252,1.339675768292011,-0.5310358623000617,4.7789163189335415,-0.8013469317850541,1.001428917537746
44.0,82.0,145.92965698242188,-1.0355902468096922,2.6968948607637167,-4.929909955725953,-4.999477996228634,-2.4761420161397885,1.3559261892744612,-0.5278833296163263,4.810052408564696,-0.7876218536229516,0.9929949620985932
44.0,82.0,146.0311279296875,-1.0431185817661497,2.690098842940528,-4.938634096506481,-4.992493706322944,-2.508086923210679,1.352903622186559,-0.5224160444622328,4.789589758185212,-0.8053699540442842,1.03499808053955
44.0,82.0,147.1488494873047,-1.0494307100694522,2.607573759812027,-4.949479791670962,-4.997753625021979,-2.497651343843012,1.366390550642139,-0.5300623240143709,4.7746154336871065,-0.8071296063498714,1.0007936835220042
44.0,82.0,145.45196533203125,-1.0248546224085349,2.6975490709946026,-4.929408617031267,-4.980790841042193,-2.5030930032144,1.3015810595178134,-0.5330547336403937,4.79392610410957,-0.7992216446776474,1.021327387764047
44.0,82.0,146.51466369628906,-0.9975705922771656,2.7132431365078693,-4.949345363464287,-4.995355394582277,-2.5195637346913062,1.330885506483134,-0.5450177466502595,4.788489669469666,-0.7834586121561422,0.9913061974167112
44.0,82.0,147.77890014648438,-0.9864664216480818,2.596468510810332,-4.919037159405576,-4.996245712092558,-2.4910823808835483,1.346932122042111,-0.5079049955085848,4.755356875832833,-0.7991542520394894,1.0179581781777929
44.0,82.0,146.09619140625,-0.9975865451630151,2.6853650021152218,-4.966496103803916,-4.997482779018923,-2.476079110385436,1.3466701197412787,-0.5423396978089281,4.8289987924077575,-0.7941608848938815,1.006640603175705
44.0,82.0,145.395751953125,-1.0305652154021807,2.7137780092838764,-4.930328603219356,-4.990388139437439,-2.527351822712172,1.364272378573097,-0.5442419925396251,4.785696782698736,-0.8011666677777995,1.023928440785424
44.0,82.0,146.8175506591797,-1.0418219679906349,2.655845490680459,-4.940707149186309,-4.999753565040233,-2.4937388807694245,1.3793694817799231,-0.5407336123085384,4.83114424973099,-0.7723767156452359,1.0224908764633387
44.0,82.0,146.1306915283203,-1.0172878307556332,2.7408113185478165,-4.906467686335855,-4.993591776121603,-2.526103556164552,1.3375167988507028,-0.5101898512092511,4.794830634860293,-0.788743657507454,1.012210290665532
44.0,82.0,146.55165100097656,-1.032660021687919,2.726930309989611,-4.899369784352402,-4.98904965643623,-2.511112342505042,1.3468650354049752,-0.5707174962209631,4.829247296347731,-0.7991852490031723,1.0118946546735703
44.0,82.0,145.27032470703125,-1.0237177434464515,2.63336001112513,-4.922800782965346,-4.989642345157118,-2.477326528190458,1.3599749568154706,-0.532852260082012,4.804441996941399,-0.7876023174918432,1.02064170362313
44.0,82.0,147.41567993164062,-1.01060989474648,2.711954463326517,-4.9551678582139775,-4.999895527415258,-2.45018606579168,1.3461441222656845,-0.5148626799742928,4.788250162516652,-0.7837932503704979,1.0327169415129402
44.0,82.0,145.65823364257812,-1.0759063272113605,2.6956291506269547,-4.942026834515152,-4.999169887129094,-2.522031560285496,1.3389512383897726,-0.5384092813605896,4.779222634330541,-0.7864476379782097,1.0286485605590894
44.0,82.0,145.2950439453125,-1.0405947248109166,2.670920820853059,-4.940590736384383,-4.979351004140894,-2.490272342258203,1.3545677201129234,-0.5372132841903969,4.827290733338309,-0.7880515060608158,1.0279160485284065
44.0,82.0,144.76576232910156,-1.0198680352461391,2.692352351991952,-4.90535832147218,-4.999218348596894,-2.5107050779973576,1.358845080444253,-0.525762526488923,4.8029915596853225,-0.7838989217551902,1.015237173883312
44.0,82.0,147.88876342773438,-1.0219870677088785,2.679133964032091,-4.945153667390193,-4.999921197592882,-2.4462310744107847,1.3429039927260789,-0.5473451892795564,4.81673355178952,-0.7829673238695243,1.0412138347013498
44.0,82.0,147.14495849609375,-0.9822334592799242,2.623114739065575,-4.902995993653859,-4.987508124574446,-2.503139528776558,1.3586794881211963,-0.5603457034046837,4.799167490714922,-0.8062012944698607,1.007696388084527
44.0,82.0,146.73744201660156,-1.0535230890809428,2.686198721680057,-4.917213468515187,-4.992287786575954,-2.535631880295362,1.354593484016653,-0.5094183664635139,4.76832951594602,-0.7872077236507744,0.99395682138283
44.0,82.0,146.86795043945312,-1.0328485289592173,2.608979242824577,-4.924355937732111,-4.999901515198182,-2.469098056892522,1.3826177055634536,-0.5335302960456616,4.788323707746567,-0.7875149832914534,1.0168147890926962
44.0,82.0,145.2591552734375,-1.0422233858848229,2.6539292092826567,-4.959280630324458,-4.991911583502078,-2.498903813814488,1.3426120954182288,-0.5430213207966448,4.78577026486462,-0.796397546861737,1.0299973842933463
44.0,82.0,145.70635986328125,-1.0046290421227595,2.7438241443223976,-4.9327866439534365,-4.997841238271362,-2.4991319137258112,1.321160948419994,-0.5377025766250156,4.797142482139243,-0.7800251842042911,1.0167446473077515
44.0,82.0,145.31639099121094,-1.0391960836936458,2.70888645494196,-4.957351355690556,-4.998251015741232,-2.521170278749451,1.3560872023785713,-0.5391693723273816,4.808800997746012,-0.7992087415624232,1.016012093026232
44.0,82.0,145.33673095703125,-1.0529377611244095,2.693426200788103,-4.934566930826772,-4.99645724273702,-2.546315574439167,1.3275581440170612,-0.5355138590220019,4.773683120089741,-0.7803919224229414,1.0153529596498592
44.0,82.0,144.88330078125,-1.0395323268222616,2.644068010741907,-4.924974727770646,-4.9998891288253535,-2.482621726559102,1.3598757157294497,-0.5439454939696473,4.795545776105172,-0.7976697482178405,1.0130851151570497
44.0,82.0,145.43792724609375,-1.0243529928917012,2.667368066423644,-4.960036594343254,-4.992584835655632,-2.497803008652828,1.318255921120441,-0.5545768803099529,4.782235273266513,-0.7980162075540074,1.0018034681138124
44.0,82.0,147.46192932128906,-1.056833130290503,2.705920601075004,-4.958855442641672,-4.999859232891653,-2.499946830668029,1.298511377207923,-0.5372682276765675,4.824139925435958,-0.7820233106631695,1.0292909864974735
44.0,82.0,145.9042205810547,-1.0343008533459614,2.676685546733715,-4.917342344493737,-4.9971667957760495,-2.4635348301945186,1.3650849723869278,-0.5475738028270953,4.825796404866695,-0.8022957130068873,1.01636132594302
44.0,82.0,145.397705078125,-1.007433365208561,2.7174154466629306,-4.946380630778449,-4.999886277940931,-2.478934765133969,1.3499529755566062,-0.5317790884566884,4.809087929606719,-0.7993809168568919,1.019560536515984
44.0,82.0,145.5467987060547,-1.0260399156850744,2.703389244495586,-4.923968664648875,-4.999055715756078,-2.520809418224447,1.349917454015567,-0.5523024424741347,4.797440232903643,-0.8080643097851219,1.0256318871350123
44.0,82.0,146.76535034179688,-1.0329346215597075,2.6590171370776963,-4.9081780396665735,-4.99725492296425,-2.4917835249223472,1.3982439595337102,-0.5479022400824825,4.792442317789558,-0.8016961856408535,1.007407991264852
44.0,82.0,146.3712158203125,-1.0416055423112305,2.727147097621746,-4.9347074649934175,-4.998887408891245,-2.5304133539797333,1.347471041340147,-0.5284333725457282,4.796998568133297,-0.7913907496192172,0.9925973067738988
44.0,82.0,145.20570373535156,-1.0016220077019071,2.68813657509488,-4.931805879540021,-4.997900763127468,-2.500738874159508,1.3640963898329916,-0.5201798856887407,4.785604867127795,-0.7978004124767848,1.0110854495627797
44.0,82.0,144.63270568847656,-1.0346162502064682,2.695899885834488,-4.947397369081338,-4.992450021685411,-2.505671731365734,1.3537453359182852,-0.5339975674522881,4.78761497157752,-0.7919800919390942,1.001998787486694
44.0,83.0,145.29803466796875,-1.022914300682074,2.7259006459331747,-4.901804507287333,-4.995091022487457,-2.51373818204731,1.3477192020282924,-0.5242350742091055,4.812157055811248,-0.7838819186882269,1.0097496405260964
44.0,83.0,145.24224853515625,-1.0166673779123592,2.675438374474737,-4.941761723221695,-4.97431258075399,-2.5399522898930376,1.3267582466273522,-0.5215275239638899,4.7909609849018295,-0.7955398626442882,1.016253106016448
44.0,83.0,144.6988525390625,-1.0537155180815736,2.6589106780049683,-4.929394714005318,-4.999372519014995,-2.507700195259248,1.3483612493118162,-0.548953692040075,4.803842772947762,-0.796867389211628,1.0151983476203794
44.0,83.0,144.73367309570312,-1.0164330615339217,2.693023617373015,-4.946886864664296,-4.999976034083105,-2.489831565480572,1.3408922200506268,-0.5271330936346423,4.793410282487416,-0.7870921818672683,1.003832794607228
44.0,83.0,145.10240173339844,-1.0475739524409846,2.679945383859512,-4.917969753045805,-4.997470035220556,-2.5073227135516327,1.3246776664398174,-0.5209868808699616,4.791792121864216,-0.7806881584662149,1.003136537680226
44.0,83.0,145.98948669433594,-1.0021925335097004,2.672549551468345,-4.9329668936461495,-4.996643488377524,-2.537546446996648,1.3277000485411763,-0.5153375394731103,4.766274107782069,-0.7972826403683193,1.0238884118959142
44.0,83.0,145.51571655273438,-1.060121545021505,2.6783377800553207,-4.885129881124176,-4.987603841586005,-2.4976555911869176,1.3602116000164877,-0.5371473037746171,4.819733615425719,-0.7863033384158111,1.0257896956619774
44.0,83.0,145.51649475097656,-1.0352093574209214,2.679312424948604,-4.935275138818126,-4.996907749135332,-2.5022212954311702,1.376489453596454,-0.5367017473353801,4.808522302526727,-0.8035041509756704,1.0073675716375892
44.0,83.0,146.6098175048828,-1.0814437148169431,2.6289065258983344,-4.924982921423283,-4.994936155345614,-2.510670027905125,1.3581719966248151,-0.5461876911480035,4.801506771555296,-0.7860368334101926,1.0005940072034472
44.0,83.0,146.48680114746094,-1.0020249440468905,2.708672422423338,-4.966079609715598,-4.998626225838245,-2.498828232809996,1.3344602487352066,-0.5176856032312251,4.7845901598348455,-0.7906078862722401,0.9949274687187408
44.0,83.0,145.04684448242188,-1.049045762714356,2.6611164239466483,-4.93647650508861,-4.9995060636562245,-2.5007102571336146,1.3726766505188763,-0.5315556806485331,4.773566821950935,-0.7856624367822871,1.013387326352479
44.0,83.0,145.9552001953125,-1.0162882216591744,2.7001022217974064,-4.935506479302809,-4.999946620238816,-2.494595968347062,1.3759413714605548,-0.5246167166640809,4.793915287308565,-0.7856498423399998,0.9984170957110808
44.0,83.0,144.5465087890625,-1.0391583836399656,2.6741267386195933,-4.956416050983741,-4.999992059165402,-2.4998861241692,1.3466159061767993,-0.5287474164368238,4.792158471367747,-0.7901670045564035,1.0090593147123543
44.0,83.0,145.14755249023438,-1.0270049551019786,2.679588143030455,-4.932061363749533,-4.999536581092749,-2.5129277228312583,1.3471713305969724,-0.5223882269333204,4.825035216443233,-0.7828639625735292,1.009620562341805
44.0,83.0,144.7935028076172,-1.0572934015539692,2.6706480283683227,-4.914364873387118,-4.989610041166849,-2.515028036262355,1.366447555345811,-0.5363255762421915,4.779440556161363,-0.7875846659053014,1.0183023202544748
44.0,83.0,145.13003540039062,-1.0179645787237872,2.667100466530884,-4.883040741703987,-4.993835698806218,-2.4878148999219563,1.3632067128285517,-0.5327688347424262,4.79277506465937,-0.8011897888654413,1.0206701664944715
44.0,83.0,145.49099731445312,-1.0086930640066738,2.689984339249335,-4.95817132550953,-4.999072961286982,-2.489970198005013,1.371805143746089,-0.5314379833936513,4.798804884135976,-0.7932108175393306,1.0169501609072364
44.0,83.0,146.59585571289062,-1.0336375458804148,2.70734208511281,-4.941023138788014,-4.993965026773325,-2.5070112468453525,1.3879893492855464,-0.5296184957906478,4.823853176161638,-0.7876517757206054,1.010896199054257
44.0,83.0,145.2312774658203,-1.0576476269254886,2.627831458423904,-4.932830216545025,-4.998456941139779,-2.4904265255337488,1.3480443679511014,-0.5284820894162499,4.788337049062028,-0.7943523548950919,1.0164107970637222
44.0,83.0,145.20362854003906,-1.0656806255260372,2.6555767680092472,-4.931100085911494,-4.9984482055857375,-2.487350394487005,1.355559371817252,-0.5241106953699095,4.784284389034797,-0.8005447938198866,1.0142096645226388
44.0,83.0,144.87913513183594,-1.042881732171404,2.668380334003121,-4.904989550325946,-4.996203769531047,-2.479807473420585,1.3642576379767766,-0.5440898656603634,4.794322582450194,-0.7878201848034481,1.0223575762463444
44.0,83.0,145.7213592529297,-1.0633406992828127,2.685401383590888,-4.955970471166095,-4.999615694250276,-2.476703029656792,1.3416677082937252,-0.5369671323365974,4.800135223820563,-0.7946909839580716,1.030316706213385
44.0,83.0,144.40597534179688,-1.0252405101389257,2.687780725828139,-4.9453392524157085,-4.99989795885838,-2.479147456562848,1.34760443062671,-0.5476042746139065,4.776531424037373,-0.7845606537092031,1.014188293432598
44.0,83.0,145.40478515625,-1.0187955109121645,2.6743377661951664,-4.938105589847723,-4.995493840710298,-2.5137103095506124,1.3646081899439937,-0.5334676034732979,4.792681416205506,-0.7950051662377389,0.997209592628229
44.0,83.0,145.4473876953125,-1.0349546028269097,2.6872988323678326,-4.936030231603588,-4.9956555557197015,-2.468340815090903,1.3629038913083091,-0.5314934522932919,4.823650060166694,-0.7873883070274275,1.00789628410194
44.0,83.0,144.94342041015625,-1.045374095200811,2.6614175641731546,-4.939850287630402,-4.999904914153191,-2.4686148379434774,1.3582782913544564,-0.5394375282291204,4.788598373856557,-0.7979740904061376,1.0106032768665418
44.0,83.0,144.87669372558594,-1.0266071335584122,2.666413747732644,-4.951166839470127,-4.999731251011381,-2.507589780178712,1.3511177048294076,-0.540344332142463,4.806482840818786,-0.7850261026784091,1.004262834845493
44.0,83.0,145.69281005859375,-0.9992553164115856,2.6850892023556883,-4.950279468876936,-4.999823038801743,-2.5002752686949905,1.355758411245784,-0.5122162576651395,4.784384169379148,-0.7836186775982759,1.008058427483057
44.0,83.0,145.51101684570312,-0.9971350402724716,2.657920760661473,-4.9090248137853125,-4.994019163299274,-2.5046116565056105,1.3572651769809578,-0.5354400765080145,4.782713133222163,-0.7755034295212937,1.001916026734678
44.0,83.0,144.87649536132812,-1.0393988598319566,2.694475441869128,-4.922885218961668,-4.999581876558408,-2.5243088167303065,1.354014238831839,-0.537785520121763,4.811627951729445,-0.7958860776446848,1.0067978667327084
44.0,83.0,145.43505859375,-1.0492686543576282,2.6473369769413777,-4.925889789067242,-4.999607041429175,-2.494134050710384,1.3328765729054757,-0.517490012390879,4.797473267922973,-0.7994479909935013,1.023870284405854
44.0,83.0,144.2848663330078,-1.033743588003798,2.691336815964106,-4.938946560441591,-4.989857602422799,-2.4879257020816983,1.343163512994117,-0.5354391367006457,4.807147220740788,-0.7910539444996241,1.019667326335183
44.0,83.0,147.5327606201172,-1.0277003635663662,2.618408332571556,-4.91994596495574,-4.999446191221945,-2.460398673949765,1.3829573158840134,-0.5228254200129667,4.793978645449229,-0.801721956437464,1.0079111253158135
44.0,83.0,144.3824462890625,-1.0511486927520275,2.665972307151544,-4.917364371878282,-4.993601598059132,-2.511751715469777,1.3491949219718418,-0.5295710861808676,4.794674759966481,-0.7902258401742985,1.010794149313159
44.0,83.0,145.6676788330078,-1.0534650295984935,2.673474159976582,-4.955698410839317,-4.99872092271043,-2.493729692580967,1.3542331589578491,-0.5412090635888909,4.828288513941942,-0.7949165061859889,1.0028184483822846
44.0,83.0,146.71934509277344,-1.0627615592774515,2.714162194308129,-4.937994634623686,-4.999812170630963,-2.5001440159706467,1.3840966678621855,-0.5364609027639027,4.81439438040756,-0.7773391196029031,1.0148659521484085
44.0,83.0,144.780029296875,-1.0235127855057495,2.669863187457678,-4.939987817581403,-4.999145042139298,-2.4900545270472034,1.3433287680465984,-0.5255684601917157,4.783386221289932,-0.8017878350047596,1.0239130614451533
44.0,83.0,144.99290466308594,-1.046625639918065,2.673352794810099,-4.921533518723077,-4.991859524814572,-2.495035255604177,1.3599198335445817,-0.548458077750011,4.809830688154793,-0.8003855803404543,1.0238888598241562
44.0,83.0,144.9545440673828,-1.008261198718876,2.704688282763516,-4.918950118897117,-4.990950805328725,-2.491231549520554,1.3585525451717908,-0.5272452364478237,4.807104241621042,-0.7811073751309596,1.0134025083884843
44.0,83.0,144.287353515625,-1.016997696875483,2.6795870684286003,-4.925572503557354,-4.999921992426989,-2.484651320531285,1.34505007166344,-0.5463452735992957,4.793514995990174,-0.7971544505218402,1.0129510097462182
44.0,83.0,144.9420928955078,-1.0113461302394748,2.700162274690308,-4.926903142418541,-4.999533565770386,-2.5245762143980763,1.3448003256462373,-0.535476977655021,4.793977630552046,-0.801258614277895,1.0225532633711794
44.0,83.0,146.3096923828125,-1.0200869711528182,2.7154550930100205,-4.94953889603546,-4.998752501643232,-2.460533577065926,1.3561716481398536,-0.5517510467922904,4.820791645506384,-0.7827884285693818,1.00529605427098
44.0,83.0,144.58242797851562,-1.0183370456932748,2.708281254139905,-4.939190989904957,-4.97400645749659,-2.517041912558479,1.3500747738851544,-0.5350444235817733,4.776313014675232,-0.8014728777541125,1.0174888248598537
44.0,83.0,144.6565399169922,-1.0504002892515665,2.667517044726453,-4.918863571400684,-4.999983953120238,-2.509867771710553,1.33930352657588,-0.5453732987601008,4.801723358036062,-0.7997639022514447,1.0208571356264695
44.0,83.0,145.59873962402344,-1.0234120435782526,2.62533674738987,-4.927901812424623,-4.998481751636839,-2.523492433965397,1.3300652804045656,-0.5419343726793446,4.784382147201891,-0.7878477075090906,1.0007909202334089
44.0,83.0,146.79837036132812,-1.0533430345842136,2.733092147053478,-4.963490266673581,-4.999565523459141,-2.507420424622137,1.3275205763633036,-0.5194728872402452,4.782505524335933,-0.7846060766519898,0.99592222124749
44.0,83.0,145.46176147460938,-1.0026588014893756,2.7299835731323974,-4.919908172643933,-4.998056372503423,-2.50079998314465,1.3530020244292285,-0.551678848242263,4.796176808477119,-0.7907580361852498,1.0236247254430078
44.0,83.0,144.451416015625,-1.0289353823882004,2.701232341204429,-4.937728740365041,-4.99507506042572,-2.500668443850719,1.3622229013245946,-0.5470492080978353,4.783910459711096,-0.7951333830636571,1.0139639823689937
44.0,83.0,146.02696228027344,-1.0057893175139472,2.6971084380473407,-4.917679037788997,-4.999750807132815,-2.48028643743718,1.3413082313098474,-0.507687202024643,4.7878625194456585,-0.775768963319873,1.0061686054558772
44.0,83.0,145.08958435058594,-1.020331572984969,2.668019344641973,-4.948703039662961,-4.992221682161205,-2.50622901325035,1.3508765863877343,-0.5379118517961903,4.795339191508974,-0.8027343998144252,1.0275220856909415
44.0,84.0,144.72434997558594,-1.0606654044621648,2.661764942362743,-4.934782012429016,-4.999283563854261,-2.5036742242671832,1.3486770317988608,-0.5485011123195536,4.789292842454598,-0.787453382315654,1.021264635510435
44.0,84.0,145.71888732910156,-1.070526232520768,2.7021928163788616,-4.943042005926624,-4.990281049870672,-2.4706512644481053,1.3331242980611415,-0.5265310947164057,4.802734234189295,-0.7831370535448432,1.0240085607081575
44.0,84.0,144.74429321289062,-1.0066695086248534,2.692050588678417,-4.926790370047149,-4.990032488788679,-2.489931040158803,1.3543693428336423,-0.5545435591355483,4.8020526796815695,-0.7957606608529737,1.011027686868764
44.0,84.0,145.7034149169922,-1.0359159302138443,2.6791823993367,-4.949831671402086,-4.999969311731527,-2.4792445639707763,1.3685377044650382,-0.5425563142209375,4.792077066047607,-0.7978922301177045,1.0296207194150897
44.0,84.0,145.0066680908203,-1.054558358326,2.660952359544412,-4.953834636789427,-4.99887337473819,-2.49329222349795,1.3303203580930214,-0.5523274735065886,4.766506152536444,-0.7896520901516864,1.0224304498900991
44.0,84.0,145.88656616210938,-1.0364524687369103,2.6455635343954462,-4.963549142367801,-4.999288906479634,-2.455227255312616,1.3480407866338702,-0.5435752011172692,4.789748678048619,-0.7981778828922552,1.0155068276987658
44.0,84.0,146.22760009765625,-1.0319345219200216,2.6582154939724587,-4.923885657224086,-4.999315151644898,-2.479925298947632,1.3765104736928926,-0.5490758943577951,4.803904597017333,-0.7954488544183569,1.0318751725378963
44.0,84.0,144.8665313720703,-1.0137839607024195,2.6952334457246145,-4.933195664916736,-4.9957079313389885,-2.4915493768585484,1.3666173230434897,-0.5444918040233206,4.789676830920039,-0.8007537711962769,1.013681556383098
44.0,84.0,145.21542358398438,-1.0503696853707298,2.699745201136638,-4.929302181322795,-4.998782796421801,-2.521429646286599,1.3395633866156975,-0.5396054489712814,4.804937800760577,-0.787017400988014,0.9982136130722106
44.0,84.0,144.94847106933594,-1.0334323946305828,2.692292926077654,-4.963369331381199,-4.993580787598535,-2.5074030820408546,1.327152091699002,-0.5519682468465517,4.796544789062686,-0.7880926262858887,1.0197703653197765
44.0,84.0,144.42071533203125,-1.0261485103200476,2.702390076484108,-4.934151407055163,-4.98915677883342,-2.482978869509098,1.361581115492868,-0.5314497232476878,4.784408699522308,-0.7901382216473785,1.0111456658758389
44.0,84.0,146.34739685058594,-1.0258655528621436,2.6723020214885205,-4.919736339066356,-4.989258311407566,-2.4628375790688937,1.388046860771146,-0.5334886657977966,4.789818849081648,-0.786584345305231,1.0064407297438134
44.0,84.0,145.82391357421875,-1.0363715552023227,2.690635034142942,-4.888271315081945,-4.995056730554717,-2.509085408447425,1.3345721694130654,-0.5497475029015195,4.801716614987749,-0.7889953841197306,0.990903383718246
44.0,84.0,145.06317138671875,-1.040624782280669,2.660698065402072,-4.92853627008258,-4.990767057675693,-2.476419717986432,1.3649568095079625,-0.5398717053600057,4.809151917521687,-0.7979326744068489,1.0091041372598406
44.0,84.0,144.5703582763672,-1.0331917113986098,2.66269931081026,-4.914221956933524,-4.999757255284851,-2.49392984125745,1.344470596875503,-0.5220791201124806,4.806979582720947,-0.7887913455897433,1.0157017552369032
44.0,84.0,144.9965362548828,-1.0579892569591358,2.6891516543080964,-4.946772745821486,-4.994482076272173,-2.485533083823816,1.3490227510176958,-0.5215698930451733,4.806328504012178,-0.792547317737001,1.0139483781185046
44.0,84.0,144.12338256835938,-1.0302078740394158,2.6849243791329505,-4.93547855429428,-4.993305691862247,-2.4981519257616744,1.3431457115516707,-0.5454997361791829,4.797206480653939,-0.7837783683901449,1.015079896164223
44.0,84.0,144.8623504638672,-1.0646931384070069,2.691080033090886,-4.950910114911397,-4.997064902271225,-2.4959430815153083,1.356445229051909,-0.5346941223017172,4.794898062673706,-0.7902997366028517,1.014625158742505
44.0,84.0,144.6448974609375,-1.0200126199794664,2.68050038925496,-4.918882531978262,-4.9909695265731,-2.5168370669045066,1.3502344832816435,-0.5391738099806807,4.809182519283969,-0.8013660160841631,1.0086229704078082
44.0,84.0,145.53045654296875,-1.026054910346443,2.678324494726697,-4.941781071975516,-4.999944828574115,-2.476446959614913,1.372281394601643,-0.5302466986880052,4.794863360798324,-0.7785032691193345,1.0202225774488252
44.0,84.0,145.0174560546875,-1.0515364491219756,2.647453228531424,-4.9361705750250335,-4.988012722312307,-2.509842361978912,1.319343458754969,-0.5382534554082348,4.803365082941406,-0.7879652490152971,1.0208715769683412
44.0,84.0,145.0499725341797,-1.0206218893507275,2.637459712605321,-4.937061175415253,-4.99977933978127,-2.493591890958728,1.3512742822710315,-0.5427948080604637,4.792505227962039,-0.8013937811895957,1.0200091287841149
44.0,84.0,144.69775390625,-1.0165563936610171,2.6646960953170264,-4.948108377487905,-4.9922775217807045,-2.518429185238267,1.3279934204909054,-0.5364229339728741,4.796673365333165,-0.7916771391652349,1.0203470353161157
44.0,84.0,144.7289276123047,-1.0283875445612152,2.6662821522579536,-4.944009915808474,-4.996665396703364,-2.517559468797527,1.3484192102250887,-0.5369560216368594,4.800208195740591,-0.7878765095156721,1.024528148129212
44.0,84.0,145.59078979492188,-1.0339588044954937,2.6782912475333926,-4.970068088310309,-4.997146643448601,-2.485280137356629,1.350880522348873,-0.5492123109767677,4.787019627960644,-0.8025871178854942,1.0269097345930511
44.0,84.0,145.4366455078125,-1.0279233533650571,2.7127150332268783,-4.912207851115743,-4.999817688238294,-2.485819207913289,1.3734552354199965,-0.530746307509359,4.811302561090916,-0.7929403928243071,1.0122351211928784
44.0,84.0,145.50173950195312,-1.039830522430682,2.6920165365615487,-4.955011815200722,-4.994451092240105,-2.498301476494329,1.3663708844303146,-0.5437933561354882,4.796792678181536,-0.7807268125982185,1.0005862408740374
44.0,84.0,144.29598999023438,-1.0388779711438518,2.677238812490083,-4.942894307566826,-4.999776787061471,-2.4875774359342344,1.334730327017306,-0.5379622149009098,4.794742716829108,-0.7958144691890743,1.009859078199305
44.0,84.0,145.5634765625,-1.027426444020822,2.6828661005629453,-4.9576309687206495,-4.997601820834074,-2.4584317389775268,1.3645109652354712,-0.5369358362503416,4.772159302773147,-0.7949906170397556,1.0198877151317571
44.0,84.0,144.57408142089844,-1.0268613736208811,2.6957671720651613,-4.939145489331113,-4.998772879538155,-2.4942632507956746,1.33948032208429,-0.5253383930790605,4.801363242583204,-0.7970499462100884,1.0077967568051012
44.0,84.0,145.45298767089844,-1.009126467594066,2.692224117287001,-4.934290308873868,-4.996813522540692,-2.4871612345838923,1.3452528773805783,-0.5215699244358616,4.775770493948544,-0.801764352196745,0.997575950368958
44.0,84.0,144.26351928710938,-1.0324949790927018,2.681489661226552,-4.944363835426824,-4.995756856248095,-2.4968332877133887,1.3364183608788158,-0.5488458558462792,4.783941975539275,-0.7963874476243449,1.0193270502295215
44.0,84.0,145.1708984375,-1.0186294730806695,2.6577221619641858,-4.9018578896538205,-4.991026073752126,-2.487817946895407,1.354433662643543,-0.5413127070062576,4.8256213541178425,-0.7988378024266325,1.0203887617582366
44.0,84.0,144.27609252929688,-1.0358005525058434,2.6664697298579663,-4.9210505190515486,-4.996409622125166,-2.474887729813049,1.3353706703024215,-0.5296326725181206,4.778484395309055,-0.7883139817040057,1.0127775330920743
44.0,84.0,145.1652374267578,-1.0472535542766588,2.646139360482304,-4.946079386601857,-4.999076632305996,-2.4771971884289097,1.361349434073671,-0.538815213469606,4.788919576283652,-0.7854905194119111,1.019846311757366
44.0,84.0,144.566650390625,-1.0116419230699454,2.6923181755330337,-4.928915803319936,-4.976929453751898,-2.4693202582191893,1.3337131765624657,-0.5374413285333022,4.800406565491329,-0.796676936338133,1.0138745642351088
44.0,84.0,144.4009246826172,-1.0411635828014747,2.6782431763429537,-4.9438555940643685,-4.999763779663508,-2.496099508673391,1.323212044702924,-0.5467309718383895,4.770553300952839,-0.7940103445500899,1.0127734670774844
44.0,84.0,144.53558349609375,-1.0396027709526323,2.667403810462895,-4.947843131500246,-4.995723330420718,-2.5264019750124325,1.3438432447274913,-0.5374901390964739,4.792030021630842,-0.7920404435630077,1.012036482497899
44.0,84.0,145.668212890625,-1.022192970321934,2.715779554425133,-4.952114515495279,-4.994883616641003,-2.5054227147276857,1.336368000246205,-0.5496581268411482,4.799918592312372,-0.7953861905617954,0.9956000151377982
44.0,84.0,145.3434295654297,-1.0028063629167598,2.71130010523908,-4.945874101317519,-4.999610807580481,-2.523384039096529,1.3371207774367662,-0.5233307078964362,4.777288116707464,-0.799683881925918,1.0110545442879548
44.0,84.0,144.56593322753906,-1.0120032579006328,2.654808738114271,-4.92288015737615,-4.994446193600305,-2.4835794215903,1.3471803734170864,-0.5488636225974721,4.789569907621665,-0.7979875094421711,1.0110990963356468
44.0,84.0,145.92739868164062,-1.0343532437048566,2.655222194275192,-4.942600939703382,-4.999848514849786,-2.4778097174074105,1.3316994397447326,-0.5614786201467261,4.807536904905852,-0.7805442065186554,1.0275755442572816
44.0,84.0,145.05418395996094,-1.0328469095323594,2.6648386772886354,-4.950792833838717,-4.999442790872627,-2.4797420064054982,1.3665376341153888,-0.5365742415854928,4.779632270721434,-0.7953214880782644,1.021073018396763
44.0,84.0,145.71221923828125,-1.0490438953848642,2.734073341390295,-4.936284082325958,-4.996813776117537,-2.5029563353811946,1.3441622543002074,-0.5298270184176772,4.815592634178096,-0.7877620881747376,1.0009240048994776
44.0,84.0,145.2455596923828,-1.0102306667841772,2.64545770391878,-4.927688975440593,-4.997695838529466,-2.47408161444574,1.3568887483596868,-0.5424134437361534,4.79864343067767,-0.7997781445906993,1.009777272259754
44.0,84.0,144.76344299316406,-1.043954669604248,2.634273478862906,-4.912528957846126,-4.999969140668325,-2.5053420878128536,1.3487616085817784,-0.5392278332502425,4.780445531959748,-0.7958157486406163,1.0099710573182057
44.0,84.0,145.73455810546875,-1.0311717347653602,2.6631137450873847,-4.923371674945081,-4.9967681447675,-2.4784178957726795,1.3581855004081025,-0.5379862825535788,4.805702388387802,-0.8046745724929583,0.996475803596141
44.0,84.0,144.16714477539062,-1.0429798542699986,2.673802476216116,-4.93908934630025,-4.997302935952716,-2.4884681333278325,1.3410539613591943,-0.5342293366022774,4.79032341432594,-0.7869584505187497,1.010617205524836
44.0,84.0,144.39614868164062,-1.04936151475788,2.6865103681228923,-4.941017395351428,-4.998862577206548,-2.503351260188716,1.35308478393421,-0.5369659951659465,4.771943273695754,-0.7932469571470255,1.0067075317660548
44.0,84.0,145.0492401123047,-1.0157358265696557,2.667592382227591,-4.954818134915663,-4.988381244875846,-2.511600280523703,1.345392650715883,-0.538326582842112,4.794009318376023,-0.7970839216452754,1.0281815138630677
44.0,85.0,144.37371826171875,-1.0510533441534895,2.679611660414494,-4.937028079354702,-4.974695462283878,-2.5008022245081323,1.3555618017192552,-0.5292723790576588,4.774370993020362,-0.7826229618333453,1.0110892571478924
44.0,85.0,146.5897674560547,-1.0544908047702122,2.673337777399189,-4.93909004009858,-4.999953988574447,-2.4876035219406214,1.3515200108787493,-0.5663941558482559,4.787718774966992,-0.7921069690411224,0.9904852436744384
44.0,85.0,144.6953582763672,-1.0466455336365614,2.683452049094247,-4.952046867512016,-4.97904220093328,-2.5017712164876222,1.3307341326670403,-0.5512298911497471,4.787491471640632,-0.7852795662166558,1.024156347142906
44.0,85.0,145.63388061523438,-1.053113928277977,2.711050320863796,-4.917145039070999,-4.998694756188878,-2.4996412974198146,1.3517161438794574,-0.5501034631146258,4.792049930726858,-0.7776196012727477,0.9970388008627208
44.0,85.0,145.90869140625,-1.0093879852353167,2.710348334799839,-4.949670185720738,-4.994370222664954,-2.4976780784132,1.354331752423759,-0.543537145854442,4.801523678307964,-0.7753666667729462,1.0299665488863248
44.0,85.0,144.16311645507812,-1.0392667254784578,2.677223379893931,-4.9241726936536265,-4.999999436618728,-2.4845313458650664,1.3355901000416497,-0.5424013186246306,4.795423243260384,-0.787052354836641,1.017102742333826
44.0,85.0,144.23765563964844,-1.0297460431906016,2.681063803909064,-4.915351482502639,-4.959669289089892,-2.49366839511144,1.3361042574328454,-0.5453253052405804,4.76892356803546,-0.7893116845415706,1.024900463230482
44.0,85.0,144.85890197753906,-1.02096859040558,2.6753946581138592,-4.901490028543627,-4.999933209538881,-2.5101053930779056,1.3569201767771508,-0.5465085966113934,4.797813262788349,-0.7885411610862736,1.0019027030511074
44.0,85.0,145.91819763183594,-1.037653195063886,2.669314183420731,-4.897830635875147,-4.999909389752001,-2.501825340209706,1.3188155736979992,-0.5663431582411027,4.794491094706032,-0.8059365144228146,1.005962533505822
44.0,85.0,145.12539672851562,-1.0469791017945007,2.670454512908882,-4.910323136264211,-4.997417880738922,-2.497742452977174,1.3773813456690176,-0.5328962106528801,4.7928785382150245,-0.7963135058895254,1.0093639525678595
44.0,85.0,144.75584411621094,-1.0230892572045285,2.6426233827565486,-4.935637511126554,-4.999912971985468,-2.481140941034273,1.3354151507663143,-0.5424884849917984,4.788157307147857,-0.7983400291364324,1.0176292691823194
44.0,85.0,144.32456970214844,-1.0372482179390996,2.680109180400345,-4.932965839757898,-4.995095675958222,-2.484538825147582,1.3426871439600117,-0.54977638030726,4.802716111125765,-0.795397671824932,1.012664104144216
44.0,85.0,145.79856872558594,-1.049382334323223,2.6622258286645124,-4.939195310128854,-4.981531059336785,-2.487141414737863,1.297696338090665,-0.5252187289610131,4.79155712434504,-0.7893491231357981,1.0151467142345971
44.0,85.0,144.5858612060547,-1.0185038874075047,2.6738816828702365,-4.928889380288019,-4.992040869348626,-2.465882169197789,1.347728413629361,-0.5491099273444693,4.770705166569348,-0.7943445030412812,1.0169167763439315
44.0,85.0,145.3172607421875,-1.0106175399326591,2.7333962624754173,-4.9475238826555294,-4.997203310051964,-2.4956507573001208,1.342290211697689,-0.5312397110921809,4.768801306034664,-0.7786979172807582,1.0177427166534685
44.0,85.0,145.99563598632812,-1.0191582782633084,2.72038052579219,-4.903804455407271,-4.997544136320707,-2.4993210154763363,1.308959761653563,-0.5216137335226172,4.810765659407837,-0.7895727363775276,1.023889391888285
44.0,85.0,145.9237823486328,-1.0427244133614009,2.723297357286248,-4.9152196740789496,-4.987639926868023,-2.478547241301918,1.3759560390669536,-0.5463316821010809,4.802007628895131,-0.7912884195140188,1.0011350090166855
44.0,85.0,145.2729034423828,-1.0659852247964348,2.6507779447296187,-4.919848488573333,-4.9977801285443215,-2.5163628666521385,1.3207132806068635,-0.5318931015425452,4.781049494186817,-0.7989148712749481,1.0087878976667053
44.0,85.0,145.3822021484375,-1.036209863565753,2.6868140920365446,-4.926446350441578,-4.9862303491341375,-2.454778773082123,1.341810714755156,-0.5327409103815146,4.798955865921748,-0.782922132019447,1.0269532815628004
44.0,85.0,144.8299102783203,-1.049682492746463,2.6691018473172887,-4.9517114699155895,-4.999762704627482,-2.503033163284369,1.340693999490643,-0.5557159839367003,4.787220157520723,-0.7830877123995847,1.0097912619396334
44.0,85.0,145.33714294433594,-1.006505910056898,2.696057161237361,-4.941577432162863,-4.9992132869097965,-2.498731545191641,1.3374218582298267,-0.5384945674517851,4.746935725012891,-0.8067257733572459,1.006873488490858
44.0,85.0,144.8396759033203,-1.038096963410898,2.6620271345301108,-4.962419100518228,-4.999281086666332,-2.518065464792973,1.3425671504995842,-0.5405650875400934,4.800453676604752,-0.7884139657548843,1.0158995188587383
44.0,85.0,145.1476287841797,-1.0109688304783582,2.7077931310790246,-4.912330853225456,-4.99925056751439,-2.4757169991964134,1.3485329373618071,-0.5372840303656501,4.777385031798945,-0.7931639979483798,1.0294960292778663
44.0,85.0,145.5429229736328,-1.0053596542654608,2.662616518509891,-4.926198522009637,-4.999541829396822,-2.504946359369349,1.3618333635139246,-0.5519140566401219,4.81216383605986,-0.8053545535557278,1.0143240495342134
44.0,85.0,145.66574096679688,-1.0355904874509103,2.6238717138609955,-4.946801961886976,-4.999979985083206,-2.496674280665628,1.344234625075326,-0.5163903610418439,4.793521605682283,-0.7859562282210169,1.014246739609565
44.0,85.0,144.92137145996094,-1.0239957326525233,2.6648558882685025,-4.941983923976312,-4.958768458704099,-2.502597835884892,1.3355492548273895,-0.5572474360938449,4.813487734563882,-0.7970002420200553,1.0122661830021409
44.0,85.0,145.51060485839844,-1.0225288403496524,2.68785023436084,-4.927086756666792,-4.998734996662109,-2.4805133950048703,1.375278226582321,-0.5358908616558553,4.783539049367132,-0.7993210433666285,1.0009300168074962
44.0,85.0,145.57798767089844,-1.0129693377420512,2.641454325372936,-4.945732900269498,-4.997341711979247,-2.470033181641892,1.3414858618465946,-0.5485450448910569,4.754474481901418,-0.7905804517790411,1.003568795780584
44.0,85.0,144.18650817871094,-1.0436339888496065,2.6832705128768843,-4.936163524108022,-4.988953595001836,-2.489114047837805,1.3281666276373114,-0.5438044006016778,4.769112205208971,-0.7971128094264914,1.012234656035906
44.0,85.0,145.42832946777344,-1.052164391059045,2.668957910404627,-4.965856983593485,-4.970067935020113,-2.510746637518156,1.3295050918405984,-0.5365789619503145,4.795912084338424,-0.7884134358245802,1.029014951127416
44.0,85.0,144.4719696044922,-1.0511154422076192,2.694883332435415,-4.927191280750949,-4.998504378063072,-2.492978890069974,1.3303175054399352,-0.5448679622327832,4.797052580323429,-0.798010573669627,1.0091505436895662
44.0,85.0,145.98757934570312,-1.0784874892226215,2.706959779656564,-4.954542859850557,-4.981151103566794,-2.495543943532468,1.3617520136485537,-0.5468772845414769,4.795963001398887,-0.8015217015825495,1.0063087993016593
44.0,85.0,144.60989379882812,-1.0358736376086028,2.671230229393135,-4.949822305785415,-4.996149251230453,-2.5205438393273303,1.3496440061243558,-0.5284482620829571,4.781595647952292,-0.7958223978171528,1.009412762861828
44.0,85.0,145.08485412597656,-1.0563557138470014,2.685668415074809,-4.921709199663327,-4.999633012236621,-2.478421530483443,1.3630434527428328,-0.5377463728597132,4.79606930585102,-0.7834688438189765,1.0047304850714456
44.0,85.0,144.68881225585938,-1.031796682197221,2.7036276806059334,-4.940924305942295,-4.996344638952292,-2.4796251858158462,1.3455502688345362,-0.5269627755079744,4.795991457424446,-0.790500861945068,1.0051721332336818
44.0,85.0,145.0439453125,-1.0042739661906852,2.6508771410929244,-4.937488702770636,-4.997300924257886,-2.4794058940985373,1.3451058219360998,-0.5432158895343262,4.813610528021906,-0.7904968366354908,1.0152211670194171
44.0,85.0,144.68368530273438,-1.0484446990998015,2.659552350052877,-4.912746120576937,-4.997045475560744,-2.491381096421488,1.3326699342932944,-0.5291314727838632,4.803202535013483,-0.7850150125166326,1.0057314393975458
44.0,85.0,144.8805389404297,-1.0188633493155417,2.6575650903099968,-4.92911199396623,-4.996732276896084,-2.5112880116107625,1.3126097353329005,-0.5358300800746809,4.797847136125583,-0.7940391387683388,1.0136175408820425
44.0,85.0,145.40802001953125,-1.0608445020336008,2.6424332011495464,-4.923344271038496,-4.998458745235445,-2.4868695270408003,1.360208642348124,-0.5231325097354169,4.788239342633222,-0.7937302501112518,1.021032821910678
44.0,85.0,144.37786865234375,-1.0143524389841834,2.682519697745472,-4.917245209419709,-4.995674200652662,-2.517963231732903,1.3387489081379351,-0.544992561271064,4.794387661312362,-0.7950686153362883,1.0081179599471994
44.0,85.0,144.95614624023438,-1.0124230014807751,2.710205224361765,-4.955115334360325,-4.984851180491358,-2.480084399019968,1.3483156583357525,-0.5412521602675096,4.802124314691964,-0.7953035490992422,1.01990827316075
44.0,85.0,146.21435546875,-1.004206828203142,2.6581026534660745,-4.889860547870743,-4.986451616261482,-2.506971664546725,1.365982057740494,-0.5347937783637775,4.779615155602286,-0.7853571497195144,1.0356520748384952
44.0,85.0,144.71975708007812,-1.059749892489652,2.6635652380820938,-4.923150384184042,-4.994632848645327,-2.4714746614987204,1.3458167777545054,-0.5324414651278317,4.791701456064549,-0.7872928193984103,1.0177799758908197
44.0,85.0,144.95947265625,-1.0497754966377322,2.643108331007614,-4.940172981725053,-4.997807984845435,-2.479845161511871,1.3507465498587037,-0.5415925537725101,4.80222721761578,-0.7911925297587006,1.009773452171851
44.0,85.0,145.004638671875,-1.024656738199364,2.720860446060174,-4.953351725599555,-4.993107291753216,-2.4914167023906475,1.354047902804048,-0.5519989072227549,4.800411986876389,-0.7876575618847639,1.0109335174788905
44.0,85.0,144.66207885742188,-1.0523094864332183,2.675146991122148,-4.958996016779289,-4.997786133942049,-2.499225259249177,1.3321847064196373,-0.5448649317443968,4.78787526046195,-0.7872501816218316,1.0091134984992465
44.0,85.0,144.95223999023438,-1.022256026526962,2.6902771262538856,-4.924929132567034,-4.998907032459959,-2.4856856581704214,1.3199895121472007,-0.5543408165412593,4.815731725249858,-0.7894229165312208,1.014858400114644
44.0,85.0,146.67507934570312,-1.037061390004716,2.617203907595956,-4.965431361854018,-4.987320556853003,-2.4739671776469487,1.317368665092742,-0.5500434143105295,4.791637220503079,-0.7776971323558275,1.0081219419535437
44.0,85.0,145.39239501953125,-1.042808363739094,2.633515223640299,-4.945729187869788,-4.999710030795348,-2.5126822885486764,1.3501020379628992,-0.5215393674924096,4.781480729502043,-0.7858871666393954,1.0074952726674793
44.0,85.0,144.83160400390625,-1.0254621070030776,2.7142528041063123,-4.941451386395044,-4.996716182215397,-2.4823963157655893,1.317869493523217,-0.548024321286471,4.777564942485522,-0.7877440255821204,1.0108218702240324
44.0,86.0,145.75845336914062,-1.0345299121411689,2.737611502183245,-4.943738545972342,-4.99610890197382,-2.519460303434956,1.32804941893247,-0.5516869534815125,4.779672460215426,-0.7743354248197001,1.0136664795348178
44.0,86.0,145.4087677001953,-1.0243877375206778,2.6779274127522337,-4.955158496935308,-4.99863764473047,-2.512625504699157,1.3576373351934894,-0.5384970656665384,4.803192076930683,-0.7838257185877415,1.0290738841268254
44.0,86.0,144.28045654296875,-1.0519693783272088,2.6798107538313287,-4.929016242303416,-4.987028064948053,-2.4802256194972228,1.3333520484583057,-0.5481438384937265,4.792468013312796,-0.790194566225809,1.013712266596821
44.0,86.0,145.3578338623047,-1.0661288603805374,2.6563203701606195,-4.927126306363556,-4.966224474137535,-2.501467916097892,1.3172311647509174,-0.5395479598500987,4.792118572739707,-0.779162524968597,1.023802917784531
44.0,86.0,145.10025024414062,-1.0345128494878568,2.632802903165256,-4.930360337452228,-4.997274991235237,-2.486003980212093,1.3204392150964352,-0.541715655730096,4.779778155280383,-0.7970750595139737,1.0069750062102711
44.0,86.0,145.46585083007812,-1.062052757377034,2.689248274144409,-4.943079023911046,-4.975978289541864,-2.4899161343684955,1.3075477593814258,-0.5443003290098156,4.797174610520642,-0.7828257519349346,1.0194109082430902
44.0,86.0,145.3731231689453,-1.0637517152834517,2.640870192766521,-4.91315084471605,-4.987590587959421,-2.48495285005216,1.3502472800628524,-0.5296309143292879,4.776152917953471,-0.7803346866435437,1.0242699613823714
44.0,86.0,144.8330078125,-1.046513840648978,2.673215866324141,-4.942611781451489,-4.999291126633207,-2.500873169896609,1.3578291827596427,-0.5451066713771082,4.771867799798546,-0.775366863049193,1.0126913090787717
44.0,86.0,144.63552856445312,-1.0139383720265456,2.663080462269466,-4.916549017891157,-4.998966464000408,-2.4737130984486253,1.3428155076644703,-0.5368403793554783,4.788926005123754,-0.792960610553993,1.0233835893625862
44.0,86.0,144.9984130859375,-1.017982902501704,2.6930074737045,-4.937019958168838,-4.995420080484292,-2.4784290767066004,1.3617874262170604,-0.5257953346129476,4.79673595510284,-0.7870196797331976,1.005275858835847
44.0,86.0,144.75746154785156,-1.0447304370932469,2.6949270450602905,-4.944368497490904,-4.986165939563842,-2.510378373424161,1.3563058554396663,-0.5331748840670425,4.786273129097026,-0.805180505790382,1.0143064966824262
44.0,86.0,144.3218231201172,-1.0410810776565405,2.656939126529224,-4.906320964109345,-4.9907463304148125,-2.5076493018781205,1.3319199878406298,-0.5298189351726332,4.774252571319995,-0.7918340908209078,1.007523291728484
44.0,86.0,145.1853485107422,-1.0354724801189077,2.6665883237163923,-4.9587835524464445,-4.997244768955253,-2.495873300564732,1.3271718084411663,-0.5436598008581637,4.780478484305043,-0.7725368065783362,1.0096253310372276
44.0,86.0,144.3491973876953,-1.0482210006787192,2.669140779879495,-4.93899910059549,-4.994907503983988,-2.5032134479580908,1.344949562102128,-0.537535069416518,4.7989356390406375,-0.7896063898342707,1.0207008412413163
44.0,86.0,144.71055603027344,-1.0410513289735557,2.696472705167472,-4.941279861610697,-4.999383220908139,-2.483925429013483,1.324603655905121,-0.5472580645024507,4.800684069493254,-0.788113482811414,1.0202116444886329
44.0,86.0,144.04151916503906,-1.0333499876431378,2.6864417227527584,-4.93078615490492,-4.98712880145383,-2.5048556824601227,1.3368798672084017,-0.5522129337640234,4.785061374683385,-0.7895346606077611,1.0146383294253898
44.0,86.0,145.69053649902344,-1.059467734218913,2.645281776463877,-4.919978175267143,-4.991285947496492,-2.464832132597796,1.336091961914282,-0.5364938387930192,4.756920856864612,-0.790929855731231,1.0279865483778448
44.0,86.0,146.30255126953125,-1.0123769065348085,2.6673520629677334,-4.915004117815868,-4.993901804246105,-2.4879294738934044,1.3147018491270988,-0.5461389830106622,4.782902195448299,-0.7993871161691048,0.9893664941300004
44.0,86.0,145.71853637695312,-1.0107468179341672,2.698589541999036,-4.915265017488831,-4.996879868618192,-2.5492830062508105,1.3369802431674618,-0.541944799845191,4.810754929695492,-0.8028523111447718,1.014138691296267
44.0,86.0,145.3910675048828,-1.0452997751341626,2.6833997146715847,-4.916371705364495,-4.998257636835982,-2.481998109386016,1.36787207237761,-0.5350551725100727,4.7849058478962565,-0.7867488477049109,0.9973323687908592
44.0,86.0,144.6614532470703,-1.023138281604374,2.6752910691610534,-4.948016943961289,-4.99993662005995,-2.4929072966642094,1.3435735033490186,-0.550028466102841,4.797129134827934,-0.7908178634512213,1.0038125044780886
44.0,86.0,144.79432678222656,-0.9992008162501468,2.687587569490736,-4.907144570758872,-4.988779945225066,-2.476254786611124,1.328303908959212,-0.5393510573744305,4.772811436949894,-0.7890817860761699,1.0234715718950058
44.0,86.0,145.98831176757812,-1.025540728580415,2.693209650898193,-4.94391231025959,-4.991877959931032,-2.5067166629142346,1.3247475549436103,-0.5565433685233554,4.795412810778494,-0.8000422946224521,0.9928053632659796
44.0,86.0,145.00421142578125,-1.0414361904861464,2.645433793360125,-4.950931617124944,-4.95657978914446,-2.5009986796195167,1.3277223345892626,-0.5458332657737808,4.775343584904077,-0.7925358540386069,1.0242288800041948
44.0,86.0,144.51304626464844,-1.0338293356973225,2.655860775338976,-4.92762499099991,-4.999331182463277,-2.511102437143179,1.3508851524308287,-0.5512380566050883,4.799452190665472,-0.7908650001357875,1.0141592839433002
44.0,86.0,146.35739135742188,-1.033148847984409,2.632119359782978,-4.933402820453223,-4.995275148195052,-2.4771169653151497,1.3059029662039716,-0.5512114780159916,4.775369715367203,-0.7774733530515867,1.0060239051826
44.0,86.0,144.974853515625,-1.0482730999071863,2.677168830533839,-4.967846615879617,-4.996271203823627,-2.486182424795303,1.3402614496724663,-0.537720204477834,4.7777645454389965,-0.7792308767409537,1.00944011199336
44.0,86.0,145.106689453125,-1.0237580561797506,2.69805169779524,-4.9413159669336215,-4.988944321907344,-2.482296537396575,1.330773589499362,-0.5450147460502581,4.750846434737889,-0.7741994800900196,1.0202176461891028
44.0,86.0,145.0963134765625,-1.0300012773768956,2.684358700866584,-4.948609942151118,-4.995452541888016,-2.481011068367355,1.34246040113522,-0.5289916043567358,4.790472605940966,-0.7743455612205903,1.0238989182690208
44.0,86.0,144.87823486328125,-1.0239452954399342,2.667114338404062,-4.949519141133826,-4.9900227153094825,-2.521908775753295,1.3244698965311317,-0.55182213119385,4.779894064492943,-0.7833679024110989,1.00953779664383
44.0,86.0,145.31576538085938,-1.00611952410129,2.6453141616196927,-4.918928577398128,-4.971273510519687,-2.467816729590833,1.349717463268445,-0.5204154965625225,4.789641186434894,-0.7899899300419628,1.0099379708741854
44.0,86.0,145.24948120117188,-1.0365287312994165,2.660124221823578,-4.948224017689136,-4.9877251653253225,-2.487881651438584,1.3383454018115817,-0.5188443608021487,4.780489970750896,-0.7738723723297216,1.0071831827976483
44.0,86.0,144.5810089111328,-1.0066187780996536,2.666559747094116,-4.922611084975216,-4.998710704193639,-2.5143894953825603,1.3323401655094171,-0.5284735855240559,4.762566688510912,-0.7944083597933389,1.01228628686893
44.0,86.0,145.32151794433594,-1.0470302842035526,2.657741019995001,-4.956572129394774,-4.999878263678907,-2.472621184566037,1.3534821835435862,-0.5416716296953741,4.794069203013367,-0.7919158699013318,1.0026305576574792
44.0,86.0,144.54188537597656,-1.0425137300260938,2.673539514839299,-4.930626598806195,-4.960856869211495,-2.522053713215909,1.3379236796774965,-0.551016087343549,4.763997840686884,-0.7829576157943414,1.0185499762106325
44.0,86.0,144.92483520507812,-1.023165804583781,2.6711696281059725,-4.940379489691715,-4.999229652942772,-2.5026534698631826,1.3121141340399634,-0.538883961251079,4.7872754980563705,-0.7856300422839695,1.0050331248929067
44.0,86.0,144.42689514160156,-1.0306383126714258,2.697018022632184,-4.920414464609048,-4.996301690121428,-2.4824234757957004,1.3265862540826223,-0.5477197078435481,4.791693287877576,-0.7924771741591226,1.0205836646979076
44.0,86.0,144.71893310546875,-1.044286043149329,2.695755872296864,-4.928069641480687,-4.946146890255977,-2.516183627890296,1.3346596531225323,-0.5455270166395074,4.768099376921452,-0.7913092818025778,1.0029444335738802
44.0,86.0,145.99649047851562,-1.0396721601930414,2.640683467719604,-4.932733885983592,-4.9886819795713695,-2.4992351922946527,1.3471565391349394,-0.5492486699150421,4.806868936070382,-0.7712806500432512,0.9991897031139132
44.0,86.0,146.04368591308594,-1.0354941214112596,2.6401604912129617,-4.960606617080166,-4.984398923925952,-2.4658316314228657,1.336317982833657,-0.5435239493897983,4.798213269982874,-0.781982869201336,1.0284991188591164
44.0,86.0,145.3907470703125,-1.00887994835868,2.6623388538976567,-4.915740157355937,-4.987356195461065,-2.455896584407154,1.3582086252335586,-0.5403096013390556,4.8026783573287535,-0.7920372587139131,1.0083199895601949
44.0,86.0,145.03993225097656,-1.0298903736765483,2.6687929937600208,-4.931179059915202,-4.990469259068762,-2.4954730536789245,1.3170568214247425,-0.5513969166811403,4.780008186483855,-0.7925800972713146,1.0294282618530808
44.0,86.0,144.78750610351562,-1.0501349882183997,2.680933502004951,-4.929839092886211,-4.988108211480156,-2.516929223759377,1.325851003259202,-0.5343633998476403,4.798769017711443,-0.7809670295223095,1.0051490169282171
44.0,86.0,145.24191284179688,-1.0340308041870845,2.70180856490307,-4.938382162324355,-4.976666011810103,-2.4994464958277263,1.3391015935694632,-0.5622951433947732,4.791435410125025,-0.7757244394634482,1.02369175480543
44.0,86.0,144.89576721191406,-1.0269176881881008,2.67604206134449,-4.952849104608072,-4.970038985281882,-2.528823683813423,1.3246326412943654,-0.53876836519823,4.787456140842405,-0.7871288487492851,1.022810015824512
44.0,86.0,145.80313110351562,-1.058693860251145,2.706608499266075,-4.9140874338487945,-4.999848236000993,-2.4720898718275097,1.3597355356162355,-0.531144925500505,4.780063449221132,-0.7710705823243682,1.0071777629200955
44.0,86.0,144.36358642578125,-1.0361588146192044,2.6867463287184794,-4.921106157567908,-4.973893059926541,-2.4779250949058262,1.3171734243912034,-0.5321188359209525,4.775625660087234,-0.793507570372137,1.0124034375512547
44.0,86.0,144.5731201171875,-1.0538051470336098,2.681236777854748,-4.886850244085524,-4.981477127362468,-2.494526114631064,1.3405780149873427,-0.5495793886566469,4.802801841361481,-0.7842941285296403,1.0139045750690665
44.0,86.0,145.9972686767578,-1.0672671280564936,2.6722562463920907,-4.95212746736894,-4.977238859097284,-2.462349965768738,1.331614526526936,-0.5286155469627545,4.769748691713623,-0.7964044496261229,1.0292236216875574
44.0,86.0,145.76268005371094,-1.0113974532407828,2.670682011511759,-4.964852954276611,-4.98920837519843,-2.4874423337580307,1.3134609848366825,-0.5446877482869281,4.78711707743755,-0.7842829173172507,1.0278204201175285
44.0,87.0,144.962158203125,-1.0348397536965424,2.658671840541757,-4.948673855603755,-4.97645538069037,-2.50417277797482,1.3315675779517635,-0.5524078480169061,4.765864800685316,-0.7796319382889658,1.002832102473091
44.0,87.0,144.6923828125,-1.0679708092290463,2.683781341248449,-4.913834225122605,-4.957012548638199,-2.498672595357484,1.32580345056292,-0.543034031042775,4.78601657394827,-0.7950441099250538,1.0099909544769403
44.0,87.0,145.76220703125,-1.07081520445715,2.694431993819045,-4.928128299572594,-4.951746958247832,-2.518925677006445,1.3290502240371946,-0.557395180825857,4.789495767554614,-0.7757924513737526,1.0180055095322729
44.0,87.0,144.72640991210938,-1.0244729260560832,2.67779682986202,-4.907904230469422,-4.998426924138891,-2.4959162755160795,1.343387591297284,-0.5440875191370722,4.787421073794754,-0.7713618117977532,1.010633910302361
44.0,87.0,144.64407348632812,-1.0322869139722308,2.6526869328403766,-4.939674173776285,-4.995449121728242,-2.494985261470756,1.329614256212289,-0.5237690813620324,4.778441810492939,-0.7818197450302682,1.0136817005672487
44.0,87.0,144.73004150390625,-1.0674895624037122,2.6948921528092065,-4.915439626676285,-4.990077375957776,-2.506520640329356,1.331848989240303,-0.5406738442867178,4.772469531861539,-0.7939425601158465,1.0038333786868012
44.0,87.0,144.91021728515625,-1.029541296153237,2.6354904835850546,-4.932359279413326,-4.999929956549512,-2.505717258817981,1.324297600874372,-0.5472006860664376,4.791237781661049,-0.7872087215431822,1.014121270798631
44.0,87.0,144.65122985839844,-1.0449484727965763,2.650374876378489,-4.935583696262583,-4.987394301342199,-2.494696130718468,1.3270585254782947,-0.553591027886239,4.793865107139927,-0.7888186202606464,1.012368749773037
44.0,87.0,147.11155700683594,-1.0631327992519592,2.6547653856781306,-4.912372184817917,-4.939606465950253,-2.5075418964633704,1.2983523562407822,-0.5478586241385228,4.761498112486214,-0.7960501070803412,1.0298055252529403
44.0,87.0,145.24041748046875,-1.0301458176643106,2.715777123561089,-4.960552102466858,-4.979074197525544,-2.491104616616551,1.326714742467808,-0.5606045061639575,4.783500652676855,-0.7943124197859408,1.0116419930502998
44.0,87.0,144.74456787109375,-1.020172114427398,2.6965107686049308,-4.925766140907215,-4.984230065381826,-2.5289888247683607,1.349900397966218,-0.5415853562971193,4.797157584765987,-0.794904734716491,1.024326827353347
44.0,87.0,145.47891235351562,-1.050020765688365,2.650950636110462,-4.930634377756509,-4.99918151687994,-2.477272904104668,1.314401869549008,-0.5394425715667515,4.790019410176692,-0.786897012044367,1.0010367126370534
44.0,87.0,144.90689086914062,-1.0100503343206872,2.6510190945207954,-4.943098243796349,-4.999397507375182,-2.5219704379421537,1.3274820811152654,-0.536657919565986,4.779523750053661,-0.7878507132369368,1.0186955925968617
44.0,87.0,144.65223693847656,-1.0307528819673832,2.6773386444240472,-4.944253271509493,-4.999307203616861,-2.499487673683681,1.334635114096983,-0.5560610388049314,4.786142640599985,-0.7994611082097567,1.0081388792374844
44.0,87.0,146.22091674804688,-1.0136305659157574,2.6908213408612616,-4.883159098347752,-4.999968165792572,-2.496403463250769,1.3723013986825876,-0.5198463364215309,4.797742510360051,-0.7944658623385035,0.9989811987125128
44.0,87.0,144.89923095703125,-1.0181001974059891,2.687496230459524,-4.90781831236077,-4.947089575520781,-2.4990467083057792,1.3431870850287968,-0.5542286081147108,4.773194370404143,-0.8005598401632774,1.0247111464318337
44.0,87.0,144.23167419433594,-1.0277673520822228,2.676679038857773,-4.943972012052972,-4.991069392753887,-2.5131149517242752,1.348498478770833,-0.5484243238647455,4.787961326926538,-0.789288653296861,1.014788067571768
44.0,87.0,146.07513427734375,-1.032705392727629,2.727668685741172,-4.93020026403862,-4.999298027641912,-2.486537761464182,1.3260061579831364,-0.5627095183063773,4.817575649859863,-0.7976604389515751,1.0052983384518193
44.0,87.0,145.46067810058594,-1.0649728506955451,2.680218421152597,-4.934189595407195,-4.999870992860698,-2.480179379444387,1.3121294681992657,-0.5436221402829169,4.78773618723331,-0.7936297921564321,1.003710005905857
44.0,87.0,145.0573272705078,-1.0583123599646989,2.7130399664963694,-4.946586361192244,-4.981040948562459,-2.5217858091647654,1.3337230368336763,-0.526756123567802,4.781374885089361,-0.7854126797703769,1.020207965138881
44.0,87.0,145.05784606933594,-1.015040866343358,2.7106068496851288,-4.914187018947936,-4.989204653292007,-2.4992773306580345,1.32472842926087,-0.5369773152607227,4.7753979292742414,-0.7750896211393172,1.003704433601408
44.0,87.0,144.72915649414062,-1.048181600423352,2.634990584855159,-4.909991866667726,-4.98755235956669,-2.502000974423688,1.338925765245297,-0.5385202641411349,4.781640416111957,-0.7830169438048342,1.008094971494696
44.0,87.0,145.69346618652344,-1.028251074416393,2.7016208251671348,-4.949521701609832,-4.997910687189375,-2.525918239426076,1.30239958283921,-0.5406167557332884,4.7897706209783735,-0.7916433857545107,1.0150368739885405
44.0,87.0,145.8505859375,-1.0355459645498843,2.658492963829268,-4.920432044900623,-4.994584600962639,-2.506257406787182,1.3095533657347076,-0.5243689494922119,4.816613136352604,-0.7841186369658839,1.001944990099811
44.0,87.0,144.4550018310547,-1.0466812376466803,2.675693255494327,-4.92271787409488,-4.976267466429054,-2.495567220228614,1.3268751456586898,-0.5574906627610048,4.776364191879697,-0.7966270388318897,1.0115753126031226
44.0,87.0,144.14093017578125,-1.038120528798021,2.68312532523818,-4.918291878578283,-4.997771713568863,-2.495472950751369,1.3483441977496664,-0.5484559349054621,4.795847880789516,-0.7935023016615697,1.0156729736400276
44.0,87.0,145.30247497558594,-1.0706083999557108,2.663081431224434,-4.921162463778921,-4.950044231258764,-2.497861162098359,1.3314598074564064,-0.544351668695481,4.777236274801561,-0.7854642248747155,0.9999062876724594
44.0,87.0,145.17282104492188,-1.0694154744384703,2.6914667713685887,-4.956936123362406,-4.99957138455921,-2.5078188000144306,1.3553481427175385,-0.5390479431257447,4.7822830690501625,-0.7831280069545539,1.0162563998973484
44.0,87.0,146.06077575683594,-1.0525053547511547,2.681727065494897,-4.903357931854303,-4.99603567287141,-2.490792828393068,1.3396777442218264,-0.5643153919126709,4.803424381531556,-0.7976107753842872,1.0331930332118908
44.0,87.0,144.57643127441406,-1.0159347154008258,2.6733553385957167,-4.907392324844996,-4.979558376818455,-2.4832641076439668,1.3325148990885092,-0.5517825888126673,4.783991925149319,-0.8007245817786117,1.0214624801210146
44.0,87.0,145.5574493408203,-1.0516051028986748,2.680377674917996,-4.92504730578782,-4.9299213322755735,-2.531737751858443,1.3242935645378138,-0.543848593805917,4.7635683037355285,-0.7820911605603795,1.009719733724781
44.0,87.0,145.0714874267578,-1.037878805287141,2.691284181374673,-4.943197471515177,-4.990101512691629,-2.4992602242167727,1.328815491591575,-0.5596913440581357,4.799192969967468,-0.8044034274113692,1.0112194261690952
44.0,87.0,145.10304260253906,-1.039390977695872,2.6567201046058964,-4.944882351520743,-4.942876610183583,-2.4948204749253127,1.3217227349608631,-0.5460021672094575,4.776256459934748,-0.7774686516857781,1.0170601369712884
44.0,87.0,144.981201171875,-1.0323386639167826,2.6695020513755647,-4.951977187245976,-4.999752498339555,-2.484942881204514,1.3139266768019535,-0.5518034649245038,4.781717263232089,-0.78813251273285,1.0154016480910553
44.0,87.0,144.97093200683594,-1.0321714377277402,2.6886078556794137,-4.900679677379823,-4.995712024840267,-2.4941306138570933,1.3244018112469875,-0.5412731751024289,4.812705377828406,-0.7979016308158373,1.0257599699665985
44.0,87.0,144.41429138183594,-1.0460254978308623,2.69968885154403,-4.907036719562012,-4.984095617781884,-2.505964374517714,1.3369666221652483,-0.5458089529571648,4.7870051562268685,-0.7783308236195339,1.0093385697838784
44.0,87.0,144.8072509765625,-1.0378604847098325,2.6460575883104074,-4.948920403252407,-4.980537695531621,-2.5125210496913404,1.3349159292764092,-0.5480210721656267,4.802184954479857,-0.7950436770778788,1.0178557106040484
44.0,87.0,145.69802856445312,-1.0520455317980917,2.674508792462081,-4.931955675389915,-4.996948735461212,-2.526263047222322,1.353006642533269,-0.5625714686473016,4.800627381505729,-0.7974896576781312,1.0252969936126537
44.0,87.0,144.9224090576172,-1.058929891415163,2.672181789832713,-4.9164297879929935,-4.971663673615484,-2.475567865857177,1.3193254919130035,-0.5454621844319938,4.801119601780611,-0.7931849541188098,1.0074843643078228
44.0,87.0,144.85606384277344,-1.013327680689012,2.6848715055210457,-4.917672735469255,-4.957415141725936,-2.506151362460611,1.3187218838562975,-0.5586389385677943,4.772974532782289,-0.795227453626203,1.0097806695565523
44.0,87.0,145.1692352294922,-1.0569430310983847,2.6559288847026785,-4.929053624365127,-4.976413568254523,-2.496825863188721,1.3175992155386185,-0.5386444724695121,4.771440414835185,-0.7847456205500931,1.028669153873409
44.0,87.0,145.4031982421875,-1.046916468295065,2.688241957295788,-4.888441595660325,-4.999413360361055,-2.4936409338918937,1.304281060169366,-0.5414469021155117,4.7960410720716204,-0.7908418572226337,1.0094042663596523
44.0,87.0,144.8196258544922,-1.0190259600066662,2.6370881736042566,-4.916855829149791,-4.976689100275166,-2.515288107800781,1.3588555166058116,-0.5419367381464255,4.784089145104129,-0.7900035537894787,1.0195200865027427
44.0,87.0,145.06698608398438,-1.0539816314908412,2.6572936363395483,-4.914833541827406,-4.970114855694133,-2.470219969066774,1.3433008585725483,-0.5556664198852603,4.809339263421872,-0.7922955267838168,1.013683493588231
44.0,87.0,144.6339569091797,-1.0358084782847523,2.687341558912875,-4.934278996505995,-4.991048413437331,-2.474828211448707,1.317678753222676,-0.5293407780673061,4.767947878780237,-0.7924119710298285,1.0092620845907645
44.0,87.0,145.08670043945312,-1.0391306522248374,2.6492510172307675,-4.928379735533602,-4.992094903607364,-2.506596612349878,1.3172748824534306,-0.536168181147314,4.781597161153234,-0.7847940029703624,1.0003455607853553
44.0,87.0,145.5262451171875,-1.054629918032396,2.6990929804962347,-4.946750927202471,-4.988471175391711,-2.532483189289008,1.3470924700530107,-0.551696111733885,4.772121771678355,-0.7927217660967409,1.028859253267299
44.0,87.0,144.9571533203125,-1.0059908991835995,2.661492412692203,-4.902989576835431,-4.9824736511017536,-2.514638981716109,1.3250002798456588,-0.5412400095656409,4.759646293155912,-0.7839558473269417,1.0039055176304554
44.0,87.0,144.7637481689453,-1.0461148816688142,2.6812431282854785,-4.899644606955467,-4.981912905203209,-2.4843519768107765,1.3099504258320325,-0.5351446534133588,4.779900751086515,-0.7880013579746299,1.0111894972428264
44.0,87.0,145.14886474609375,-1.066107051031071,2.668873219983033,-4.931336740788484,-4.999396532598937,-2.483931627609333,1.3292477121349835,-0.5469404404406468,4.795021276502418,-0.7863586882553664,1.0255467423142548
44.0,88.0,144.52899169921875,-1.0307572606173068,2.657851239891733,-4.944198311178704,-4.99617725166348,-2.498973046643221,1.3502126067585642,-0.5408642302223949,4.801711381906173,-0.7985245300563006,1.0100886819077886
44.0,88.0,144.9856414794922,-1.0176250320224405,2.6632509344824253,-4.930847272231127,-4.986008063551921,-2.4851007189912973,1.3091210284253538,-0.5459446006704463,4.781933986142246,-0.795373273760779,1.0201088816050117
44.0,88.0,144.6641082763672,-1.051745879139057,2.6677253692376635,-4.908614521603647,-4.994229507785307,-2.49412361145043,1.3312801682811823,-0.52990056330803,4.781595687052041,-0.788483149189851,1.026820964533659
44.0,88.0,144.60157775878906,-1.0508952677097607,2.7010444875078186,-4.920667214019237,-4.977110075501221,-2.472249685753916,1.333912767235434,-0.5412526653606999,4.790700193579195,-0.7995093763697882,1.0080430502978608
44.0,88.0,144.43780517578125,-1.027549919147984,2.669709306979824,-4.950672151100519,-4.999078934512024,-2.4968219597838464,1.3509063623014494,-0.5326203818587514,4.798224782050616,-0.7922421539457396,1.0106938423001637
44.0,88.0,144.67237854003906,-1.048454610555268,2.6688867365026034,-4.931879926074177,-4.98983854781642,-2.5215307530795608,1.3361100688891048,-0.5523078084712099,4.782741414608619,-0.8015799626707052,1.0127448419362803
44.0,88.0,144.857666015625,-1.0588509426890362,2.718297912819043,-4.917036481694515,-4.969942754881356,-2.4991615473761635,1.3324445102547875,-0.5566134225432062,4.786951903652074,-0.7858232408372272,1.0173660589586389
44.0,88.0,144.2349090576172,-1.0316322871241774,2.672147795362947,-4.914857265635019,-4.989741798897005,-2.514128654117038,1.335032458649832,-0.5483171819864392,4.775506861492779,-0.7930155757555131,1.022273883465191
44.0,88.0,144.60557556152344,-1.0443272591506243,2.6720995407509616,-4.933106783330577,-4.987962871369741,-2.500076657718465,1.3135794084341563,-0.5466831566711718,4.783964431628661,-0.7876198559145946,1.0197931806493692
44.0,88.0,144.62811279296875,-1.0601935419681348,2.6789552153290224,-4.905210526484468,-4.973957650697989,-2.4853349177121107,1.3545852484228078,-0.5417818678428681,4.79790105945392,-0.7818663604988014,1.0169682975387149
44.0,88.0,145.72515869140625,-1.0044460735056004,2.739421240873412,-4.911651981232993,-4.942094349770713,-2.48268960756036,1.3264740656150886,-0.5490426135045032,4.778897201455628,-0.790492863078117,1.020625301078299
44.0,88.0,145.45758056640625,-1.0271327909484902,2.6808948166119304,-4.9239759563341305,-4.997204725843181,-2.479096015954961,1.3036980530838491,-0.5323508775024388,4.80122387466316,-0.7820685674906285,1.0172587646621771
44.0,88.0,144.2930908203125,-1.0425638583818602,2.66246529903007,-4.927934649184034,-4.99148776682486,-2.4992723934580496,1.3422001766723817,-0.5447426639230919,4.772757911030066,-0.7876477262065995,1.0244478143366376
44.0,88.0,145.0396270751953,-1.06394984166398,2.67432736896784,-4.944494618228579,-4.9901555310685,-2.4932546627669634,1.357632843275912,-0.5559213932289371,4.785656657257388,-0.7838143233029689,1.0165827597120494
44.0,88.0,144.44076538085938,-1.0275143725210565,2.69899006134962,-4.917601559261998,-4.992646248369219,-2.491567556189685,1.3188815843419397,-0.5424835265940375,4.770070405999116,-0.7872368774774223,1.0221748382725773
44.0,88.0,144.40338134765625,-1.0293426601896845,2.69925342643422,-4.914067470853002,-4.95648112659497,-2.527782415395659,1.3367912578192396,-0.5409414062014211,4.779547652955069,-0.7952403572012567,1.010397722050678
44.0,88.0,144.99095153808594,-1.027608555793058,2.651752053363192,-4.916428812562344,-4.999889007092368,-2.502545651797045,1.3386327486720973,-0.5475583709299361,4.796112457535809,-0.7835784021577687,1.0286197182035837
44.0,88.0,145.3126678466797,-1.0523481120093714,2.6648274458981103,-4.904679869930859,-4.989632201921952,-2.48917903952783,1.3488184363882514,-0.5215961011321921,4.756827622834749,-0.7993898967375754,1.027617164704275
44.0,88.0,144.77110290527344,-1.0632541074267454,2.6550498356922523,-4.928510146554125,-4.985966396461371,-2.5139291273016555,1.3302730860557863,-0.5432588413041026,4.7985310420494045,-0.7844339664195257,1.0124719731621346
44.0,88.0,144.19212341308594,-1.0264538341502116,2.668900202873949,-4.924755206821562,-4.993086813576867,-2.4914158791417904,1.3495093797485875,-0.5294847825560067,4.798057350110858,-0.7925733461306104,1.0169710095254434
44.0,88.0,145.1960906982422,-1.0400419938061587,2.67132937934244,-4.938449961108169,-4.994317131943936,-2.510056237546328,1.3766299851384032,-0.5439745936005611,4.803159158942096,-0.7842283073533043,1.0148086662326854
44.0,88.0,144.64169311523438,-1.023066617136172,2.680370108994767,-4.934546868037858,-4.98085518543314,-2.498767848400048,1.3153076008500584,-0.5454899753706215,4.789032663975787,-0.7823539046657544,1.0219123073543095
44.0,88.0,145.02330017089844,-1.058003633776006,2.692450915193069,-4.900170927670416,-4.969726948109599,-2.490535179325525,1.3169935742792551,-0.5520462482769792,4.795994032879317,-0.7878765249019457,1.0221453189866754
44.0,88.0,144.51885986328125,-1.0381819292594878,2.677857204226436,-4.894672218772738,-4.978888439056506,-2.5033910388816585,1.3221435181930783,-0.5532030245412622,4.775707225832095,-0.7986697438133064,1.0133142932623205
44.0,88.0,144.70022583007812,-1.0455037267270617,2.696740233658942,-4.928744838157554,-4.992210747164936,-2.506071449603205,1.345059535185725,-0.5599391315808084,4.798537952908056,-0.7845586247922878,1.016861383584975
44.0,88.0,144.55714416503906,-1.0299538560208732,2.69445397342258,-4.925171150802268,-4.982390761767404,-2.4934851136189025,1.3248731983333828,-0.5608481416709186,4.784877815667857,-0.7878205915218475,1.0121134861159948
44.0,88.0,144.17291259765625,-1.037205997629126,2.6898055098521434,-4.920934877050897,-4.982275495269188,-2.499313657199702,1.3568923560224997,-0.5494051022915771,4.791536551481633,-0.7906914490047408,1.0168010140275268
44.0,88.0,144.4739227294922,-1.003248814182109,2.663725748656404,-4.942267765829399,-4.994576842789165,-2.4931143210619187,1.3495446914327245,-0.5357840421119935,4.788673725885165,-0.793168170122863,1.0125577624575746
44.0,88.0,144.029052734375,-1.0455426356129591,2.669431256600059,-4.92475426269805,-4.9844499794242,-2.4926578167685647,1.3412758840597938,-0.5406938001072419,4.796012362795496,-0.7860188274768714,1.0153613247622388
44.0,88.0,144.58267211914062,-1.0535134693647166,2.670797969358248,-4.928254130905334,-4.975539014837444,-2.507067220747302,1.344143186402417,-0.5391548739419534,4.794633017116377,-0.8059952611043784,1.016026672419902
44.0,88.0,146.0063018798828,-1.0392197430967394,2.6221838829595505,-4.926431919774568,-4.996311827360674,-2.495950573625118,1.3297177849718258,-0.5649847373829999,4.804126863397604,-0.7968312699856073,1.0192694617744724
44.0,88.0,144.1462860107422,-1.0221439871083913,2.673437538101745,-4.920850849494925,-4.992589757527067,-2.513471745973168,1.3497281590283636,-0.5428684791600604,4.770258856748091,-0.7839833274415238,1.0113409894338137
44.0,88.0,144.6148223876953,-1.0352458157686917,2.7157865754254287,-4.942263742230149,-4.965500502604781,-2.509729664344932,1.3481997074590044,-0.5531425502785172,4.784545075485255,-0.7857262900726001,1.0106571109186184
44.0,88.0,144.8241424560547,-1.036304731469555,2.6531132910635407,-4.888667823196697,-4.965954554705429,-2.5299023461491146,1.338305232808202,-0.5401490881692546,4.802192991142736,-0.7923293371410285,1.0145597132602182
44.0,88.0,144.9372100830078,-1.0447320230622474,2.6566239600689547,-4.916827290412873,-4.999525105033901,-2.52340525934895,1.3531174113969104,-0.5392572363562671,4.758073784274078,-0.7924288170075613,1.003241633949811
44.0,88.0,146.10133361816406,-1.0170122707263791,2.6478370409108773,-4.930803411598633,-4.929995937792751,-2.531920172586973,1.3287220773486998,-0.5588340325617649,4.762807781922703,-0.7955743214047963,1.0194943795386902
44.0,88.0,145.24749755859375,-1.0355486470382709,2.674855549254479,-4.918976307586025,-4.982236812734056,-2.4784446256393187,1.3153862723729768,-0.5574686405474774,4.775477436224149,-0.7951817435087811,1.0271826422554031
44.0,88.0,145.12469482421875,-1.03309959304555,2.678115574176867,-4.935433035465287,-4.976812657676823,-2.500169522572863,1.350769088591953,-0.5582275887291077,4.797889914609145,-0.7853193017325681,0.9977957458081494
44.0,88.0,145.67369079589844,-1.044425944763331,2.679045527580925,-4.92305312524459,-4.987995393588732,-2.5049455233552185,1.3295027404615825,-0.5570851773132803,4.803948685477369,-0.791991265745418,0.99271920938493
44.0,88.0,144.20465087890625,-1.0460508356713376,2.6688276090446914,-4.929096354373457,-4.98311002428255,-2.4934391921374326,1.3354807472894104,-0.5350098852530714,4.797769843852503,-0.793269859370108,1.0068123783164626
44.0,88.0,144.38504028320312,-1.0481609379977397,2.6967852333494537,-4.9288496370575485,-4.991547191795256,-2.4925617600234293,1.3416869380368317,-0.5318809356072443,4.795446108092188,-0.794729834188999,1.004922963832585
44.0,88.0,144.92474365234375,-1.0152048769003388,2.6806798867148256,-4.913399479559985,-4.9996944251491,-2.483091891393156,1.312284582885706,-0.5488344835358596,4.771437361505001,-0.7832058965545272,1.0165782569235784
44.0,88.0,144.58624267578125,-1.0364651279860109,2.660415681692461,-4.9414888455136525,-4.96627744794417,-2.480157805997401,1.3234355166751506,-0.5325499001647191,4.775775342303119,-0.7877753474658613,1.005958283585704
44.0,88.0,144.91734313964844,-1.0369906564976876,2.6861042221167466,-4.926182149800984,-4.998248352733948,-2.506520985350498,1.3514379179454492,-0.5424294937315919,4.778982506684928,-0.77924786635164,0.9978868252181295
44.0,88.0,144.9925994873047,-1.028254653597262,2.6587154622894893,-4.918305724817436,-4.9859172601670325,-2.514403865916208,1.347770957467775,-0.5609467047013394,4.787229812358987,-0.7931150852951152,1.0259620662944933
44.0,88.0,144.93113708496094,-1.024011857040985,2.7019624106206592,-4.949043755887382,-4.996122746328601,-2.4853214814660225,1.3281419428341597,-0.5563603858187705,4.7708695320058006,-0.7837132985000403,1.021045956052319
44.0,88.0,144.14308166503906,-1.0301269166016884,2.6549714194641973,-4.920867640713828,-4.9917777639055325,-2.5065766436039323,1.3434279231575044,-0.5425735729905892,4.769863340902871,-0.7850754198717791,1.0105693855457982
44.0,88.0,144.8609619140625,-1.061007417844387,2.670801235790961,-4.94530787604488,-4.960422173360358,-2.511250014124696,1.3376917180532637,-0.557533688081949,4.772090863346772,-0.7938508116328329,1.0146462014046342
44.0,88.0,145.2987060546875,-1.033490571087896,2.635773264039763,-4.951680955889445,-4.998894688526961,-2.480875684876162,1.3462284847929311,-0.5432422333047802,4.798694897566369,-0.778979872432922,1.0152454475196837
44.0,88.0,144.8137664794922,-1.0181184061787567,2.641796426482665,-4.9337823495051385,-4.998989780011314,-2.5203571466806136,1.3440982401952812,-0.5394005981417482,4.779556008395435,-0.7832120782641097,1.0184101221940232
44.0,89.0,144.38323974609375,-1.0123414115735505,2.679785131702415,-4.9285761522773415,-4.991312007092051,-2.4897388168396746,1.3464720746560568,-0.5565733889465587,4.784111880008785,-0.7931213243011372,1.01592064904416
44.0,89.0,144.3843994140625,-1.0388678939120948,2.666673106141798,-4.94221927856773,-4.9992548142659965,-2.517762569681137,1.3424480719750609,-0.5470147938956424,4.786965487599206,-0.794490537572111,1.0131384252747866
44.0,89.0,144.64559936523438,-1.0349270598952849,2.651280756387804,-4.9396458269816,-4.997540192741464,-2.509822582628653,1.3513052285302072,-0.5489217087953513,4.801782136889683,-0.7905849887139382,1.0117379467283012
44.0,89.0,144.15487670898438,-1.0465961949730307,2.6752690954482627,-4.9076082757506665,-4.97590758055705,-2.502825724911625,1.3305449506142644,-0.5515145776691064,4.77485746533552,-0.7869035537616274,1.013263830652682
44.0,89.0,144.68585205078125,-1.027320607689652,2.668459668892547,-4.927355022015452,-4.977412902636839,-2.5085482720008723,1.3586789516424336,-0.5476403106737537,4.783530664315272,-0.7857067766297057,1.027426405700692
44.0,89.0,144.86956787109375,-1.0234351589857544,2.7071909140916244,-4.905518882020479,-4.975045373055734,-2.4965827295771925,1.330026103669911,-0.5585430672337068,4.784800839536613,-0.7906273842755702,1.0257513713247135
44.0,89.0,144.5481414794922,-1.0611666345674098,2.661894005833209,-4.927390557656821,-4.994556703566126,-2.4967309446595163,1.3384093143755909,-0.5490647291843951,4.773210316381292,-0.7865545844017516,1.0206740348915009
44.0,89.0,144.41769409179688,-1.0422801167892175,2.6613634849810266,-4.901385252205732,-4.976794901061831,-2.498940196490638,1.333659767298366,-0.5510300118074563,4.785477601284086,-0.7820165174739788,1.0201432551807563
44.0,89.0,144.31533813476562,-1.0569401821412503,2.685147454079272,-4.90857630401553,-4.972638368902951,-2.505779632786776,1.3426389700279264,-0.5282474382273472,4.785028845137777,-0.7848067144522739,1.00947864435253
44.0,89.0,144.9560089111328,-1.0345258406971167,2.6546108114753224,-4.917624939869882,-4.98819111206222,-2.474490205431676,1.343847805052956,-0.5633892926692665,4.785893285269905,-0.7890759520129116,1.0184127865752757
44.0,89.0,144.55978393554688,-1.0204408781426713,2.674744986288536,-4.923767881026737,-4.9973708535994525,-2.4984446932993896,1.332329079920922,-0.5484642637572765,4.782421688674932,-0.7842936299204606,1.0266329628914868
44.0,89.0,144.6129913330078,-1.0329540220153306,2.7079649015749325,-4.912131867621428,-4.985386856065684,-2.502505933498324,1.343753757982073,-0.5459966736827724,4.786946141579799,-0.7772682560854234,1.0048011402809056
44.0,89.0,144.27259826660156,-1.0204901220272269,2.687646539292535,-4.9331057762300565,-4.996005070532734,-2.495571041629914,1.358831729266912,-0.5433142730493543,4.782464137872108,-0.7960635708630397,1.0173308404815753
44.0,89.0,145.577392578125,-1.0446700032800873,2.706818730416911,-4.948893226036481,-4.99717301708424,-2.4682822059865672,1.3546076965357905,-0.522854876358636,4.806794136709824,-0.7943295725450552,1.0060579396396054
44.0,89.0,144.17437744140625,-1.0315183307077105,2.6849027734930067,-4.909464392112844,-4.998700719588752,-2.492571900590716,1.335740600888874,-0.5399196007876874,4.78574967184889,-0.7806923677897153,1.0098003603233776
44.0,89.0,144.82826232910156,-1.0517265440477075,2.6774544747830697,-4.924456775585592,-4.985652071255697,-2.503684914977831,1.31562428172026,-0.5495850709149401,4.765548287472559,-0.7802630643313249,1.0085744539847488
44.0,89.0,144.35858154296875,-1.0427872140843442,2.6826101042273764,-4.910866560531712,-4.984848752602653,-2.486405929845508,1.3529957973668685,-0.5537381431350807,4.779152576404147,-0.7909206473752439,1.0069098189932868
44.0,89.0,144.07852172851562,-1.0244640980130386,2.7022906393742154,-4.91948742111199,-4.989369390197401,-2.498491404536121,1.3413671950534356,-0.5394936184045154,4.786682296142878,-0.7891513020751102,1.0061160085611949
44.0,89.0,144.33518981933594,-1.0526615507063537,2.661545808573829,-4.906557875452544,-4.984896319221396,-2.4882967086477503,1.3328085345882146,-0.5340682788712368,4.792221215014356,-0.7930307209110055,1.0084074959915892
44.0,89.0,144.66795349121094,-1.0391414534158718,2.6621308007016022,-4.923914198035351,-4.997917409861946,-2.498229175555606,1.3610956236100875,-0.540294978103061,4.784548640512776,-0.7763915746523615,1.0115355357417188
44.0,89.0,144.4736785888672,-1.0238020447896323,2.6514722899797407,-4.931846056433129,-4.97817995790611,-2.5022450903429907,1.3489187664712263,-0.5498467604970267,4.801051488602779,-0.7891296400790297,1.0190825706969877
44.0,89.0,144.17738342285156,-1.011364115957523,2.685970967448945,-4.919403517407128,-4.9663326675443615,-2.500576096803249,1.3416056522231292,-0.5453881237047176,4.791978430492838,-0.7828557137728129,1.0168481347690277
44.0,89.0,144.66090393066406,-1.0334658030607264,2.6804219068790296,-4.93406767380088,-4.980785389922691,-2.470629693390146,1.3383302925237883,-0.5398192904413799,4.76779580317368,-0.7845185241859465,1.0010573602301598
44.0,89.0,144.90927124023438,-1.0184770337560538,2.642021928861981,-4.898132940689578,-4.988654858886557,-2.514064989970925,1.3551340883465717,-0.5363445044297768,4.760296545623636,-0.795926910202688,1.0185684407245643
44.0,89.0,144.82691955566406,-1.0568217493844632,2.6758430925544188,-4.933009524053245,-4.987947246512661,-2.4848111206696344,1.329640083543841,-0.5214580342146728,4.799353361224783,-0.7923545927243474,1.0073570838748047
44.0,89.0,144.3360595703125,-1.035459545312193,2.6713701075664567,-4.883598601382629,-4.978184409014683,-2.504131010323845,1.3278425323788277,-0.5442315335136092,4.795713962854137,-0.789156901943703,1.0130222975867742
44.0,89.0,144.57980346679688,-1.0505164335590482,2.669806910749962,-4.90088980592007,-4.965757347687788,-2.4898866215602213,1.3572110627215146,-0.5466652517027839,4.798249864871346,-0.7919994534731796,1.020294172462885
44.0,89.0,144.73692321777344,-1.0172250890445933,2.664095584319287,-4.922906862831086,-4.994840066380612,-2.488102579364165,1.3500777628036689,-0.5603614494819933,4.773022564811983,-0.7984601176641419,1.0161509780681932
44.0,89.0,144.49217224121094,-1.0283117259240822,2.6804288544224084,-4.947463652321284,-4.994644700775445,-2.5041125607200625,1.347858788704551,-0.5323939828345816,4.790068871320852,-0.7998215067202965,1.0063296955843013
44.0,89.0,144.1640625,-1.017557641925337,2.6909384424882985,-4.913931665102114,-4.982305365354386,-2.489995753681587,1.352619835787924,-0.5307183390752872,4.789938888051417,-0.7909877293963721,1.0191840156482197
44.0,89.0,144.38180541992188,-1.0305182126969687,2.661732574172073,-4.934837022878477,-4.998437347875401,-2.521706820896964,1.336262802740361,-0.5442019155073661,4.793322013135585,-0.7932790279673121,1.0141856060765395
44.0,89.0,144.33526611328125,-1.0295863246834882,2.6637935650974507,-4.924053097730302,-4.981692775267012,-2.5054727305437137,1.3472505607475114,-0.5366942667012733,4.794194236534345,-0.7797312319434262,1.0065605715182588
44.0,89.0,144.816650390625,-1.0566808134832972,2.648240054435332,-4.925540326521575,-4.987848046055721,-2.5133713049514133,1.3418696181834244,-0.5385096460588246,4.768587487170663,-0.8026616523141072,1.0183415177250836
44.0,89.0,144.47552490234375,-1.0302908915573514,2.68881502251614,-4.934850482505181,-4.947444803864494,-2.507099395676172,1.333717856107004,-0.5409865817129358,4.780063977137324,-0.79781164298406,1.023305168281433
44.0,89.0,144.07899475097656,-1.0346464780686788,2.6942868139678104,-4.932746167198308,-4.999793164528289,-2.5065214861066214,1.347472409970587,-0.5367015546938072,4.785663953104738,-0.7916945119236871,1.010296644887131
44.0,89.0,144.4759521484375,-1.0362542158048726,2.6853251089129007,-4.942744051111243,-4.995669961499081,-2.4851864589777666,1.3448581359073994,-0.542808557245098,4.75523144735236,-0.790573689186461,1.0050391486501296
44.0,89.0,144.39027404785156,-1.0369279205466335,2.681852575377011,-4.931949435662536,-4.968682297608949,-2.499498743001964,1.3230840118665563,-0.5396058870152229,4.7817023204502185,-0.7929008551643904,1.0023185031841688
44.0,89.0,144.5269317626953,-1.0194666371243608,2.6642345363613265,-4.897321001607662,-4.972908634166986,-2.513630039060737,1.350726681010297,-0.543445206242172,4.806952948124922,-0.7966717008294175,1.0121400991851628
44.0,89.0,144.28688049316406,-1.0291095085874842,2.681111230742106,-4.952967343284277,-4.984568977091103,-2.497574181862776,1.3335623548643871,-0.5282328853635674,4.790966049519277,-0.7924003174911931,1.0168089183398274
44.0,89.0,144.333251953125,-1.013746802947868,2.685923465496741,-4.922841199642598,-4.993015446684697,-2.5105995228267624,1.3537147562655027,-0.5480028642382928,4.781373945506388,-0.7977631337918831,1.015537630418474
44.0,89.0,145.4062042236328,-1.0101727316998756,2.675013688115616,-4.949866698295969,-4.998536521579798,-2.512856876557131,1.3548945117342883,-0.52775458544036,4.799343942784176,-0.7875616965693446,1.028800747151136
44.0,89.0,143.97296142578125,-1.029717421318432,2.6726538001250697,-4.926736006399441,-4.995598713660429,-2.4870496150411143,1.34335290689111,-0.5420575472621998,4.786155468700706,-0.787303086830061,1.0122596457114523
44.0,89.0,144.334716796875,-1.0322597771000035,2.6776917987517344,-4.930457247486196,-4.968991810255413,-2.4974558820893336,1.3241308873408115,-0.5544314880144725,4.788457743428129,-0.7883937611451923,1.010393044902283
44.0,89.0,143.8686065673828,-1.0426252815964974,2.6762196302700296,-4.927993326467592,-4.978500473085478,-2.499759418908696,1.337107419918345,-0.5426621788797608,4.7844470725289465,-0.7886629592181631,1.016790422481712
44.0,89.0,145.30934143066406,-1.0230764285362404,2.651946889645469,-4.939432921050997,-4.999689719787493,-2.525518448058462,1.366624793839657,-0.5405495085870591,4.784941980275953,-0.8002651116051744,1.011037750320618
44.0,89.0,144.8191375732422,-1.0331605511111053,2.662789362672724,-4.91058074364861,-4.998567469341421,-2.4922948309391506,1.3546386293715118,-0.5206605060642113,4.792235522765374,-0.8017697036460518,1.0147624638375676
44.0,89.0,144.46395874023438,-1.0535802402740209,2.68764450271164,-4.926287749074582,-4.990455294643699,-2.492430940861971,1.347312063441537,-0.5333559582910326,4.800094447222932,-0.7864227391570404,1.004782450987883
44.0,89.0,144.8896942138672,-1.0211564984860506,2.6450600784447698,-4.8847256076143335,-4.99986721476346,-2.5157111079261214,1.3309294016362827,-0.5405540930477839,4.785918491429587,-0.7846771262897843,1.0114773289111678
44.0,89.0,144.28309631347656,-1.054351449153665,2.672564116877351,-4.932219604302406,-4.994769513487583,-2.494896594599436,1.3454033264583298,-0.5505022234292598,4.786106547299523,-0.7897341144096135,1.0119912857299616
44.0,89.0,144.6822967529297,-1.0373238121658228,2.6890513274836287,-4.912289688141764,-4.995430405318553,-2.474952018892567,1.3221395131238234,-0.5527181039344757,4.796267895930621,-0.7887465144908035,1.016457196971256
44.0,90.0,144.2759246826172,-1.02032097422817,2.685227888166253,-4.92285916531307,-4.986449068693367,-2.4819247729627043,1.3546326848867078,-0.5276313814220011,4.784809109098823,-0.7940276396622252,1.010536800617813
44.0,90.0,144.17822265625,-1.0274908704594017,2.7025331990032875,-4.921542665741444,-4.988730465059718,-2.504129483991984,1.3509228679925496,-0.5422611808124413,4.783394043371683,-0.7841578355242662,1.0072509371664626
44.0,90.0,144.148193359375,-1.0152404066080971,2.701599536486645,-4.929808759230459,-4.991552410991508,-2.500388732243432,1.347243975332546,-0.5339483217593148,4.790192790866909,-0.7867590182054833,1.0160691061888594
44.0,90.0,144.10595703125,-1.0379633287731689,2.70147626624072,-4.891865005377244,-4.972853684865619,-2.504088977226316,1.3453167854893469,-0.5435452020863316,4.778976179591254,-0.7876899871843319,1.0113982894284153
44.0,90.0,145.45191955566406,-0.9909793754838744,2.676485469341616,-4.92452335606285,-4.985032188367576,-2.4872735008253115,1.3621666225902107,-0.5553087221910875,4.784792776649491,-0.7850821009440292,1.024896042092548
44.0,90.0,144.26881408691406,-1.0442320504395064,2.694577230007537,-4.929232598577987,-4.993092480185954,-2.497781147630376,1.322121562191894,-0.5432206235602033,4.793750059903182,-0.789247325260841,1.0134489262359123
44.0,90.0,144.30348205566406,-1.0434480921223028,2.6880286445040067,-4.933942306697881,-4.999666456387126,-2.493128252880993,1.3385444435865974,-0.5426369008750456,4.778684974105774,-0.7875882611829015,1.003629335115834
44.0,90.0,144.01260375976562,-1.0356107684967908,2.697253036853816,-4.909530274870522,-4.974880355062509,-2.5130740382595955,1.3499973947753805,-0.5370934349797931,4.784769371458456,-0.792817634415611,1.0145296283172387
44.0,90.0,144.1273956298828,-1.0434151884100524,2.67923561197812,-4.943190036590134,-4.989986613367501,-2.498351802733942,1.3345412320758587,-0.5467910420774889,4.770590830462297,-0.7922244478736946,1.0176480917180246
44.0,90.0,144.49769592285156,-1.0551511861131295,2.663117755581778,-4.911665072384315,-4.970823695175079,-2.4814783304973185,1.341572022501884,-0.5287105757695523,4.7913620158520125,-0.7849844725453057,1.008525373447311
44.0,90.0,144.25563049316406,-1.0368962178132923,2.687687743037012,-4.926453239704412,-4.99370549631016,-2.4872826092451565,1.333866533371583,-0.5448423597282641,4.790865878102954,-0.7955504097633908,1.0052724692351722
44.0,90.0,144.869384765625,-1.0357053199207265,2.669344807834237,-4.928498503636597,-4.989972090262502,-2.4642835710098385,1.335102815642956,-0.5319611069497974,4.795457014890452,-0.7941617916595849,1.0247669230579255
44.0,90.0,144.03753662109375,-1.040046856333019,2.687796321821895,-4.9141722394004015,-4.956915790698932,-2.493318498071204,1.340563536288844,-0.5492276370338534,4.779434054479758,-0.7880328806731987,1.0149477776597475
44.0,90.0,144.2608642578125,-1.0170240417578844,2.681433238383449,-4.90182548558306,-4.99993231543959,-2.4920687112709623,1.344084719051053,-0.5291733261226632,4.777308526907092,-0.7862408342802771,1.009155968473907
44.0,90.0,144.0546417236328,-1.0390177756432486,2.6835529068891155,-4.917219150203788,-4.97966644979669,-2.4791364348657394,1.3307174313894912,-0.5463867322450442,4.782269651838645,-0.7883341791988254,1.0142190352098694
44.0,90.0,144.56207275390625,-1.0210514086036793,2.708702921035659,-4.927962748346035,-4.989917232597485,-2.499889857716103,1.358422820259043,-0.536201993353643,4.789697321140547,-0.7806992956749532,1.008946291607522
44.0,90.0,144.42274475097656,-1.0165802559097092,2.6836992484209343,-4.936840929077059,-4.996576209347476,-2.5121149761858312,1.333295983848438,-0.5492143683787578,4.785277168084468,-0.7886065293808588,1.0061954939578923
44.0,90.0,144.37828063964844,-1.0146307975497215,2.676932081567056,-4.927747666033421,-4.996537523952723,-2.4991394598595136,1.3424206039661444,-0.5440879396209075,4.789334522816285,-0.7853193422065736,1.0243390245666202
44.0,90.0,145.52938842773438,-1.0551968466540518,2.677322651036764,-4.907733955971673,-4.921934167038019,-2.517239171306142,1.3243826645393062,-0.5469776418718428,4.77840584298327,-0.787193875786687,1.0083351467443693
44.0,90.0,144.16607666015625,-1.0239829156669016,2.688967464030503,-4.922071565373559,-4.995054592111669,-2.4976229736095994,1.3535213635281504,-0.5517799863517858,4.779523582526769,-0.7923132120793479,1.013872630656966
44.0,90.0,143.90008544921875,-1.0384630851927863,2.682537521379309,-4.922342732083924,-4.979298133986403,-2.497837030080224,1.3461609536698609,-0.5411027464478533,4.775464105976088,-0.7874492918250207,1.0074876661797516
44.0,90.0,144.1168212890625,-1.0271166381729273,2.676783795908695,-4.934513737441852,-4.999855878037248,-2.494628244705148,1.3523278188238317,-0.5345750877868021,4.789764207126211,-0.7904544900189885,1.0118554562134952
44.0,90.0,144.24578857421875,-1.0307801585636265,2.702278301756465,-4.929684466415148,-4.98655256896429,-2.4925859731081763,1.3427332246651078,-0.5493652790014938,4.784519809318525,-0.7958357931127242,1.021937080264256
44.0,90.0,144.15525817871094,-1.036186671345246,2.6748095096740503,-4.920896806985523,-4.992913705124217,-2.497658721077462,1.332685056579983,-0.5306892582253724,4.787336202256826,-0.7999007003979788,1.011735702832281
44.0,90.0,144.02828979492188,-1.0343447494089482,2.6815768678368883,-4.920078886055925,-4.989935617461225,-2.497153333940914,1.349372692578025,-0.5329130564280486,4.772855076657544,-0.7852104908163264,1.0079269978139136
44.0,90.0,144.08480834960938,-1.0202491232640036,2.6830308213194414,-4.922306217522692,-4.991730027459403,-2.4892494681183623,1.3444665799685502,-0.5448939727563751,4.792946544752478,-0.7839382628012013,1.015503439256821
44.0,90.0,144.2637176513672,-1.0480408044465657,2.681059389029832,-4.924714553909443,-4.998612920869958,-2.4927376627438127,1.3347107736448311,-0.5536555262579315,4.773549699440983,-0.7923058430887675,1.0148784932374522
44.0,90.0,144.53323364257812,-1.0221202898076247,2.697098912413014,-4.932745014595534,-4.997233353665513,-2.515634799060088,1.3256685413342764,-0.5296104093761862,4.784789759025443,-0.7875765688241234,1.007397260814436
44.0,90.0,144.11309814453125,-1.0368922886552774,2.672635789774514,-4.939733058730366,-4.994218373801437,-2.497687013869208,1.3452445073509551,-0.5453561715665369,4.792735617945771,-0.7859222733805655,1.0141458271789636
44.0,90.0,143.9294891357422,-1.0352311244838934,2.673568052671672,-4.900413860718703,-4.983311959096152,-2.502122298733443,1.3371997997255924,-0.5405530297417824,4.777803973486073,-0.786739618205897,1.0171901231792884
44.0,90.0,144.00997924804688,-1.0279335190879637,2.6840775746575964,-4.922418520289224,-4.986245745339355,-2.496185583636725,1.3443595721386714,-0.5293455730104881,4.793656934920566,-0.7885853481396561,1.0093969914363274
44.0,90.0,144.1395263671875,-1.0186307727506845,2.6776120628868,-4.926953567869659,-4.997477132451373,-2.487623050999568,1.3459708216985329,-0.5397729486688565,4.782091985244563,-0.7916590358329252,1.0066606088504804
44.0,90.0,144.0339813232422,-1.0253284078775584,2.678161851786582,-4.944300490990955,-4.983640142792484,-2.5010742410019566,1.3384714849155408,-0.5408819131894589,4.763158733971149,-0.7934588313260846,1.011852474223792
44.0,90.0,144.91448974609375,-1.0258671214188904,2.65367817425208,-4.918567296526147,-4.999213631467506,-2.4884681319703144,1.36302327345234,-0.5356187253586233,4.795873467591683,-0.7885037468603802,1.003432130632678
44.0,90.0,144.18572998046875,-1.0303133769425354,2.6845127363614782,-4.916278956748652,-4.944671618136495,-2.506193346977889,1.3369491388379338,-0.5426682203520263,4.7868612871184695,-0.7949331194744502,1.013693940126835
44.0,90.0,143.9528350830078,-1.0307312973111844,2.692867928372346,-4.904001899865279,-4.975764288788857,-2.499632191568264,1.3387890556104898,-0.547416023417691,4.776683621536211,-0.7920174462694964,1.018019399391302
44.0,90.0,144.06854248046875,-1.0176347939965256,2.6895265190397577,-4.931724306068726,-4.9988124669374585,-2.492274663389031,1.3429931304552074,-0.533689011551636,4.781952693255025,-0.7903095219667966,1.017503934258012
44.0,90.0,144.32034301757812,-1.023504586970918,2.6772110462423138,-4.9344086935313705,-4.996114897072397,-2.4993426663423977,1.3343922180632024,-0.55434457790565,4.779016987871778,-0.7829829014324323,1.0148390580524875
44.0,90.0,144.18861389160156,-1.0046825769700654,2.68523312962238,-4.9195347546224815,-4.990864551615228,-2.485470884436125,1.340677501049977,-0.5361664997724711,4.787235580120779,-0.7913780613001,1.0164257333191262
44.0,90.0,144.06585693359375,-1.031396425139897,2.693575552487241,-4.932219250515956,-4.998690087005794,-2.4947703979320184,1.3369384705051512,-0.5359629031907645,4.790939904483034,-0.7923692516583953,1.0184495956344168
44.0,90.0,144.15774536132812,-1.0379945013042111,2.6927363179683805,-4.922907385925348,-4.985683707197465,-2.4887386382201537,1.3385902584764464,-0.5340082829788875,4.772682113524722,-0.7880290907863055,1.0035836847042932
44.0,90.0,144.3582305908203,-1.0298519128145815,2.7059631415718943,-4.922113711447674,-4.990313365699667,-2.505500598240757,1.3328888001287271,-0.5273068701211878,4.787979154837309,-0.7951594682869167,1.0070250679869035
44.0,90.0,144.62538146972656,-1.0513582365134084,2.7023064637669005,-4.928436340589173,-4.994130002696784,-2.5165132682206712,1.33412913854378,-0.5524747765384985,4.786919596062212,-0.7870036432752645,1.0205565392810776
44.0,90.0,144.5345001220703,-1.050968038982918,2.678295148871202,-4.913579794278087,-4.9755620322712,-2.4841013159861687,1.3265990294329422,-0.5273435135718216,4.7796616894656925,-0.779755255279035,1.0107595797238789
44.0,90.0,144.33856201171875,-1.0340401023939312,2.6663502977029694,-4.930307889007506,-4.9806465554309165,-2.4816795244645973,1.3529897283125043,-0.5360558374272113,4.790285744487999,-0.7796889695303939,1.0133207341068715
44.0,90.0,144.46060180664062,-1.0322511409454465,2.6849812573770464,-4.929677488644895,-4.980929473904419,-2.506780799560095,1.3355015771038614,-0.53733707403146,4.771650330587397,-0.7808504429178464,1.0007269347500172
44.0,90.0,144.1778106689453,-1.0437597140878778,2.690577493682901,-4.916266873797464,-4.985527083852139,-2.487569349210319,1.355812847153615,-0.5314891345122694,4.781372480515886,-0.7864321353735697,1.0105676493618183
44.0,90.0,144.22119140625,-1.0385693711109791,2.6683049705860418,-4.889331504764113,-4.993744056489282,-2.4958097555459995,1.333618483428341,-0.5388252773516298,4.792749601588668,-0.7883752122219905,1.0161331039014874
44.0,90.0,144.31236267089844,-1.0176912620342211,2.699198435123523,-4.924518982119474,-4.987784485066879,-2.4991896686273254,1.3529952423086191,-0.5474579783459435,4.7894680968254,-0.7989401621254046,1.0163838888494876
44.0,90.0,144.41064453125,-1.0311793029252136,2.671947789743432,-4.942362083302331,-4.999965852722712,-2.48847827766988,1.334494373427236,-0.5276608931629667,4.789519621598247,-0.7888862091335298,1.0209879983091374
44.0,91.0,144.24208068847656,-1.0437210904836332,2.6663922042574324,-4.921620136949271,-4.98810202108384,-2.513957992998688,1.3462821021912337,-0.5441504744296957,4.791673214328009,-0.7827703972600091,1.0117685080813077
44.0,91.0,144.47117614746094,-1.0252100734518923,2.694109986174073,-4.909960800774635,-4.994024329737191,-2.4966091725915183,1.3350492328161463,-0.5528314996690931,4.800838669223467,-0.7923295085569491,1.0221182573163414
44.0,91.0,144.66732788085938,-1.0109233975487242,2.658584402220539,-4.900616947814847,-4.99127638178794,-2.500506693876736,1.3512097623752233,-0.5421489392280208,4.77117406004308,-0.7885123913825627,1.0260042514239878
44.0,91.0,144.1177978515625,-1.054341795885252,2.677604728688233,-4.918968569542756,-4.986757478239858,-2.499257354257754,1.348015440372957,-0.537271282938975,4.7808722611045145,-0.7902323767202528,1.0076032071228085
44.0,91.0,144.17236328125,-1.0315959853815355,2.6796125564247184,-4.9189121010869705,-4.9862197640850745,-2.47995616263635,1.34239074304082,-0.5483621125515246,4.800991377646961,-0.7880350936050986,1.0136950986121738
44.0,91.0,144.3082733154297,-1.0181887766225768,2.692854444355751,-4.926050919203068,-4.998724228574088,-2.5103920764027405,1.3580916802208396,-0.5415927282066182,4.786719723705563,-0.7922939897815731,1.0118206228565594
44.0,91.0,144.50091552734375,-1.01896808788495,2.6621767201320807,-4.946826954816229,-4.999910834855357,-2.479781520645337,1.3397525648740434,-0.5438287570681064,4.783902666223266,-0.7957806871447914,1.0177021020574897
44.0,91.0,144.1580047607422,-1.0312624229793914,2.696484418683892,-4.931994818930892,-4.99961193736676,-2.49693224736031,1.348130881799369,-0.5446953393570126,4.7893388720095285,-0.7841698345236656,1.014434673041217
44.0,91.0,143.81358337402344,-1.0400862692107782,2.6836053106605835,-4.91866478377176,-4.97163674264822,-2.492829929984409,1.3348316934233289,-0.5376474948216554,4.772746597906076,-0.7891912703927737,1.0148103352421582
44.0,91.0,144.2176055908203,-1.0455195358249836,2.673039862757763,-4.928670113321919,-4.993341386834932,-2.4940217469454176,1.3404122368778362,-0.5499849173977136,4.778781446387731,-0.7862331933702214,1.007114950712093
44.0,91.0,144.38815307617188,-1.0196970044848723,2.703943046602218,-4.921279176740947,-4.991970497149436,-2.493994001012644,1.3525726811771088,-0.5460601439403927,4.777824523787226,-0.7846586101505286,1.02240024080655
44.0,91.0,143.96450805664062,-1.0266879185023985,2.691632512978847,-4.9301008531577,-4.9840881759729285,-2.5022192552322404,1.3529674246642251,-0.541541605464726,4.771696823255526,-0.7941104758413937,1.015547004855593
44.0,91.0,144.0093994140625,-1.0401464883266778,2.6901124207915874,-4.920287658932018,-4.983259676193946,-2.5080558513614166,1.3378606981959802,-0.5444618969340222,4.786365009625214,-0.7887552911018787,1.007529878201458
44.0,91.0,144.03201293945312,-1.043686136457214,2.68164403042009,-4.91556877803748,-4.972979204216386,-2.515678753636335,1.346006428618443,-0.5380370747144934,4.775371653580045,-0.7839834957975276,1.0134255666561582
44.0,91.0,144.3912811279297,-1.052321394252922,2.6792907101202657,-4.914349373882174,-4.9693016444385725,-2.493191041035937,1.3185783881618836,-0.5384161571273154,4.789575842512926,-0.785570737550902,1.0098751028450978
44.0,91.0,144.1577911376953,-1.0283361800437183,2.6803163146154656,-4.892386961622711,-4.982404809494936,-2.5110160749081274,1.340790334037952,-0.5434124736364367,4.775226754625967,-0.7848283669864164,1.0084872607470097
44.0,91.0,144.42868041992188,-1.0435587400730246,2.671886399186193,-4.941686051873155,-4.999349504504083,-2.4882120368353804,1.3477880223281389,-0.5349979360608543,4.796739144900178,-0.7832698345492064,1.0092891600932423
44.0,91.0,144.0749053955078,-1.0288480455325448,2.6908400053484014,-4.918733913145364,-4.985594682661393,-2.4791983281921244,1.3466645185038582,-0.5343320925876718,4.765407886100652,-0.7875501204972188,1.010470606682908
44.0,91.0,143.9783935546875,-1.015569742449653,2.682303682684923,-4.931171321305181,-4.973228883809631,-2.5055499975916784,1.338590656098205,-0.5386098773106127,4.774819248808775,-0.791101601580813,1.0196266694092628
44.0,91.0,144.10659790039062,-1.0237635960558098,2.6654201957573616,-4.932743162009751,-4.9986926548026895,-2.493705657893486,1.3470378207816562,-0.543448859147869,4.77730709270206,-0.786956278881469,1.0106726686440322
44.0,91.0,144.0490264892578,-1.021336775039012,2.6660183542902507,-4.926068707740193,-4.9976421587811535,-2.4854208435850134,1.338049508290804,-0.5378504529746078,4.773962419758128,-0.7901428744209262,1.0149349813590476
44.0,91.0,143.95660400390625,-1.0445203696071066,2.67746209491846,-4.917379488479053,-4.988765555419169,-2.4993548952453155,1.340851430726051,-0.5450331176963674,4.77059406627221,-0.7852645625849375,1.0131664144964958
44.0,91.0,143.9447021484375,-1.0419301018452325,2.6959794076201584,-4.930060410892901,-4.985768752804493,-2.496879826325235,1.3430674664400923,-0.5378348895202469,4.7847969164403885,-0.7856379262320417,1.011758585986363
44.0,91.0,143.8856658935547,-1.0263768159011044,2.676773067818812,-4.922505397897112,-4.983527965027968,-2.495021085247715,1.3389219039463471,-0.5326967355042092,4.788815563724437,-0.7938025060210823,1.0113445819992035
44.0,91.0,144.19769287109375,-1.0443246564191333,2.6872349129958097,-4.923418774794156,-4.981167527417695,-2.4954298327275906,1.3516501233287403,-0.5464845121809603,4.785801865423295,-0.7810690270535865,1.009570500353437
44.0,91.0,144.164794921875,-1.033066454659222,2.6969849410474502,-4.913244943304002,-4.995233417328184,-2.495481135792004,1.3497844421969374,-0.5452506426828085,4.7918035298307,-0.7971669187746633,1.0114898034693578
44.0,91.0,144.08360290527344,-1.0488552694483078,2.6692567108191056,-4.916683380364051,-4.971140022970082,-2.504225960014613,1.3390114360004848,-0.5464771847311978,4.789332900307635,-0.7950815213711628,1.0121609618471403
44.0,91.0,144.0278778076172,-1.0203930668506365,2.676737085047865,-4.905095676474816,-4.984542232548687,-2.5100758295361034,1.3324905802383291,-0.5345485509248338,4.774132493582759,-0.786267452507385,1.013096885428065
44.0,91.0,143.88844299316406,-1.0341532802172084,2.6907951203221323,-4.922958083342911,-4.970794064194392,-2.487392403015328,1.3374570966047117,-0.5364436475268803,4.778043499141781,-0.7921064793096537,1.0187877286867328
44.0,91.0,144.5245819091797,-1.0278075051263444,2.672413435828501,-4.935276346715731,-4.9963813634445495,-2.5198727337192324,1.3499658248588382,-0.5337433559022653,4.791647234265483,-0.792171564394649,1.023814155356133
44.0,91.0,144.0757598876953,-1.0350468430143396,2.6558377714035686,-4.925434580336551,-4.9894492243563,-2.499908553104984,1.3291051828405838,-0.5424285730522342,4.779297749696562,-0.788630530106988,1.0135666893619053
44.0,91.0,144.124267578125,-1.0364497446187255,2.679430601306728,-4.921742650325357,-4.994373348380624,-2.503982028450601,1.3353530147094927,-0.5478081682205858,4.790913796370086,-0.7826916762400824,1.0140514684733093
44.0,91.0,143.97799682617188,-1.0208714330059805,2.682403071097993,-4.923836542754074,-4.973291161143388,-2.497391097373487,1.3250857966324414,-0.5384155835765823,4.7802082329622895,-0.7916785804124373,1.0146611867823951
44.0,91.0,145.33802795410156,-1.036537954044717,2.6495985850662462,-4.928437848731555,-4.992651224555715,-2.510366702762479,1.358560772646893,-0.5291336356592939,4.785319956632803,-0.7804921597490226,0.9986076075809304
44.0,91.0,143.92123413085938,-1.0372206445521792,2.688746549817294,-4.932011622074314,-4.979173482390739,-2.513168107437993,1.3377528560341458,-0.5433143486954561,4.774163515889754,-0.7914159056199157,1.0149787714369465
44.0,91.0,144.07656860351562,-1.0397230903882877,2.694789481223041,-4.906140055671114,-4.959574412146331,-2.500466657412342,1.3373981874682386,-0.5491019404658282,4.775914274756122,-0.7913636625902507,1.0159208290837
44.0,91.0,144.1470489501953,-1.0428868726624332,2.6756944104602454,-4.892095930304495,-4.967332378570669,-2.4999898038376545,1.3292481616131822,-0.5380030298246901,4.789647292123204,-0.7892799721701067,1.0121866723461084
44.0,91.0,144.29946899414062,-1.0293769196460003,2.700102985616315,-4.922234221384998,-4.978283765042328,-2.501271468906031,1.3433253502539657,-0.5567878941555353,4.76350330504436,-0.7897442382293383,1.0182567462161094
44.0,91.0,144.26223754882812,-1.0377120951633385,2.6903306956379094,-4.917408155098094,-4.971325937525427,-2.515710283550407,1.355127954026246,-0.5447383084485491,4.774337345113151,-0.7887059580045381,1.0215839694937223
44.0,91.0,144.23460388183594,-1.018296256546403,2.667562058113635,-4.928890657159652,-4.993671026068497,-2.495320323444741,1.3454766504318707,-0.5490566195243574,4.781571683055338,-0.7932371344109148,1.0209291480742966
44.0,91.0,144.3495330810547,-1.0414649136737255,2.681125389300913,-4.926831487826603,-4.982280893350431,-2.487007219940724,1.3565676702902412,-0.5339738972617303,4.803208292390321,-0.7938498569316828,1.0085593235152368
44.0,91.0,144.4630584716797,-1.0461662713693882,2.695024843033984,-4.911345888627015,-4.951678424607715,-2.5183873670499484,1.3478916670376586,-0.5508263483501006,4.773133679825953,-0.7918270216023391,1.0121336897533872
44.0,91.0,144.6078338623047,-1.031625549542747,2.676019693021976,-4.93151629220375,-4.974399092598727,-2.495507538538756,1.3421683607921857,-0.5557682461392011,4.786463477436133,-0.8057725445442347,1.0176622491226803
44.0,91.0,144.22097778320312,-1.0456475943291703,2.6975418311331048,-4.939026589273607,-4.9933266887346885,-2.493729311229362,1.3403760661237645,-0.5425849508833478,4.779687030135847,-0.7922042684688444,1.006297474034243
44.0,91.0,144.09356689453125,-1.017621563620028,2.6815983732823305,-4.927375119839877,-4.9803758999729615,-2.507816204098187,1.3368090401536312,-0.5429237723174696,4.76397110501493,-0.7865664646866106,1.0077739484402397
44.0,91.0,144.2659912109375,-1.0213458482480355,2.705617113736074,-4.919564976954307,-4.953547125953564,-2.50057442247632,1.338466599183726,-0.5326521379056643,4.776291093650976,-0.784365440142329,1.00956547951321
44.0,91.0,144.17608642578125,-1.0391947619784792,2.7052584999223903,-4.898075456023208,-4.979615380788245,-2.486222470754246,1.340201973525831,-0.5456715935498018,4.7681033346650885,-0.7922945691139516,1.0161107209578768
44.0,91.0,144.322509765625,-1.030273445847854,2.703783277452266,-4.920496796935689,-4.990550364899482,-2.504653100378645,1.3304127219505617,-0.5506241476066247,4.77927049726414,-0.7869979441308059,1.0215525001107642
44.0,91.0,144.49354553222656,-1.0302532030213984,2.710737943938802,-4.881335156634671,-4.964638985533523,-2.4940505424562653,1.3294326929876208,-0.5386274825793098,4.769643864218027,-0.7931895919310818,1.0174584823464174
44.0,91.0,144.24652099609375,-1.0269127947341778,2.705428704478395,-4.908108055698097,-4.989564295965076,-2.4971204745478337,1.3481039195751734,-0.5444973868633305,4.787343809236091,-0.7989568955092716,1.0104916283995289
44.0,92.0,144.0460205078125,-1.0293090794732218,2.690891252015982,-4.926513819905709,-4.974736244313524,-2.5013716373799904,1.3277307740115196,-0.537849522947961,4.759531102253519,-0.7916862098081232,1.017002138732642
44.0,92.0,143.92538452148438,-1.044839819377129,2.6775260557744565,-4.9097897913829325,-4.972667808521138,-2.491593717240216,1.3417668589421965,-0.5320938232539643,4.772257186661776,-0.7879278106793723,1.0137416830426549
44.0,92.0,143.93356323242188,-1.048147535166411,2.690491577180804,-4.9186709060421725,-4.9869323899878975,-2.4901568024545906,1.3384028199582056,-0.541515293305439,4.772774723421607,-0.790169855010439,1.01539227411899
44.0,92.0,143.9990692138672,-1.0208358825253052,2.6769737997428376,-4.933721513806047,-4.992363328178003,-2.499772623307365,1.3362913331624036,-0.5432621579379235,4.788663530984428,-0.791361090731292,1.0107110769156016
44.0,92.0,144.02757263183594,-1.0308740150373206,2.6821109147566737,-4.893668403974561,-4.974936619692188,-2.49378016695012,1.349124911798376,-0.5321994810183011,4.78413270994829,-0.7888421215627908,1.015891492446686
44.0,92.0,144.14175415039062,-1.0278040329524551,2.6690193542802536,-4.925346892600856,-4.979357173169929,-2.50955231239933,1.351966255485106,-0.5507013526576809,4.779950915046097,-0.7929162871996436,1.0177548350232382
44.0,92.0,143.91232299804688,-1.0359283737207603,2.6711054670815138,-4.911928304625126,-4.97457771462485,-2.506258029998526,1.3423913581048383,-0.540074473219228,4.779140745057951,-0.7963656293812749,1.0108544949075569
44.0,92.0,143.9835205078125,-1.036613700981461,2.688997542249049,-4.919317169936539,-4.968378600551378,-2.492703157345458,1.344024237825586,-0.5350838228400256,4.780202157952168,-0.793828973513814,1.00622927441644
44.0,92.0,143.931640625,-1.02785017814518,2.685465796668219,-4.926899865368003,-4.981326905521914,-2.497834058354419,1.3526113654969727,-0.5439577346659217,4.766002174713591,-0.7915062894652696,1.0141861365902782
44.0,92.0,144.25917053222656,-1.017945062256894,2.705533752551071,-4.912863096918573,-4.997111042231594,-2.490581512554236,1.3455073665289945,-0.5464561919760023,4.789308946346729,-0.7865430989235902,1.0150549869268302
44.0,92.0,143.9080352783203,-1.0420677391392057,2.684583693428041,-4.928307566512253,-4.985436567440216,-2.500530970590695,1.343563708291895,-0.5382494513848908,4.787812649038811,-0.7945305475411422,1.017155354447704
44.0,92.0,144.04766845703125,-1.043575774164161,2.67117470790782,-4.912379656756916,-4.975588967776403,-2.4888186058213986,1.3470817984720878,-0.5330117886892864,4.772085445563482,-0.7921549482503938,1.007686058170786
44.0,92.0,143.95361328125,-1.0408565041713058,2.701091352728506,-4.909924326839796,-4.965082795957592,-2.499639131036537,1.337196281082723,-0.5363647795438347,4.773385575358599,-0.7876331845658395,1.0142348170924276
44.0,92.0,144.02687072753906,-1.03861043739174,2.696454049760643,-4.920028053321872,-4.9735104962138434,-2.495074309720205,1.325817753078847,-0.5437655360562701,4.780734993854608,-0.7930472397299138,1.013995186446138
44.0,92.0,144.29632568359375,-1.0392398200665405,2.7053000737231017,-4.9205561467355245,-4.954407010384593,-2.508256729051704,1.3487918160411034,-0.5409881292689924,4.784052844395472,-0.7882930859678012,1.0206330809668185
44.0,92.0,144.1407470703125,-1.0251019061239357,2.6874087317044504,-4.932319759533074,-4.9704529663587325,-2.505507589922208,1.3262384786550836,-0.5377227883817639,4.792643617545513,-0.7957975844428775,1.0169095719364796
44.0,92.0,144.1400146484375,-1.0335358178330485,2.6785297617584,-4.919668358164787,-4.980891007839334,-2.4891409301682272,1.3204266478721758,-0.5312496621529359,4.786034036630687,-0.7883192332564173,1.0127470780849237
44.0,92.0,144.0309295654297,-1.0252668379851977,2.704982237304442,-4.918667851769505,-4.984889532930232,-2.495521666002986,1.3354839016420763,-0.5393748713773157,4.778325177701634,-0.7977176843955665,1.0141740259152652
44.0,92.0,144.1515655517578,-1.025664205814958,2.6855886920920744,-4.926377353417652,-4.983143205665036,-2.5017797680563287,1.346984446375339,-0.5265806942843563,4.761494530110085,-0.7877691284000541,1.008625336702652
44.0,92.0,144.2449188232422,-1.0459399700500338,2.687845202003637,-4.904698337725376,-4.991223208627801,-2.493970517514738,1.3450024967217915,-0.5502264321602617,4.797847501642824,-0.7940039196627886,1.0134014593738625
44.0,92.0,144.12435913085938,-1.0381838943058757,2.6728699343533293,-4.921199142981421,-4.988902918047118,-2.4934833019449605,1.3401268447579795,-0.528824226270971,4.795493739787474,-0.7858311635958968,1.0091857420240613
44.0,92.0,144.04107666015625,-1.0339581698670215,2.6916003568967097,-4.936679407298796,-4.983610799993256,-2.491105320089882,1.3356375975942552,-0.5355270743983009,4.799913086411708,-0.7881090484023376,1.014550334867872
44.0,92.0,144.15086364746094,-1.0418770306738785,2.656026997594232,-4.915898140918752,-4.994864224536282,-2.4957097170736047,1.3381178629205888,-0.5408187417718233,4.788751575501301,-0.7893268431658287,1.0090795397176322
44.0,92.0,144.36734008789062,-1.0202704769226112,2.6846602882823287,-4.909680459257585,-4.974382888561452,-2.480049457187123,1.3469767698965605,-0.5537972554646009,4.766528926830032,-0.7927739771714943,1.008154767127679
44.0,92.0,144.11985778808594,-1.0487508096713554,2.6680038033870126,-4.905037302101095,-4.983306291152763,-2.497094168718582,1.3360930251559688,-0.5393111441974074,4.775965901528883,-0.7916472638979632,1.0068882679509494
44.0,92.0,143.8199920654297,-1.0309221256777374,2.6769857509973214,-4.919993444774591,-4.971160746478612,-2.5080108681466404,1.3429102330098743,-0.5388909681111631,4.783118597778556,-0.7893581779239156,1.0164476737031434
44.0,92.0,144.20932006835938,-1.0323706044628378,2.686245422477798,-4.918827692480061,-4.981371592261237,-2.519776948258237,1.3325112775573604,-0.535336132095531,4.776879145823326,-0.7908475342937411,1.0049159325403618
44.0,92.0,144.03927612304688,-1.0423595177709672,2.6658362779002243,-4.917721445582468,-4.976643140061265,-2.506095132563889,1.3413111337028596,-0.5495502867677651,4.779329052993951,-0.7942304205342454,1.0126647827768531
44.0,92.0,144.11541748046875,-1.0351662718359762,2.66661423443011,-4.933523881424478,-4.9887129157200505,-2.4915168548912785,1.331106020285545,-0.5429665496996607,4.767222937905601,-0.7853777269552653,1.0181742219709449
44.0,92.0,144.12071228027344,-1.0411632362086332,2.6635586430614246,-4.89964110281477,-4.972043277398143,-2.5057643511819263,1.3327177990042944,-0.5465444348799249,4.782698259702308,-0.791112610472795,1.0165951111599814
44.0,92.0,144.29400634765625,-1.0235371077265358,2.6885092017740364,-4.9186090091213375,-4.948355905400693,-2.499030624975109,1.3371212332374398,-0.541905383739457,4.76093318878285,-0.7899342071112141,1.021483538343718
44.0,92.0,144.19224548339844,-1.0139612544774406,2.678739092772956,-4.899882188650949,-4.958761815743852,-2.492906369416649,1.3387023292022835,-0.531099500279816,4.7655054695351335,-0.7920454252676947,1.01438429100779
44.0,92.0,144.18370056152344,-1.0321973447289876,2.6849453352959376,-4.922210979942831,-4.971418508568558,-2.490462250782568,1.329804250495192,-0.5373568441170873,4.793749498204994,-0.7963109945035649,1.0225326725215815
44.0,92.0,144.07394409179688,-1.0369348179449176,2.706345121674289,-4.906566180115646,-4.969753405320706,-2.4963626750171053,1.3495407308261234,-0.5425460640533171,4.7866026920106055,-0.789338792712277,1.0160754334082114
44.0,92.0,144.30435180664062,-1.033893843923677,2.6814300929939536,-4.939078963711076,-4.982310689536365,-2.508534811670488,1.340073786045059,-0.525513731093378,4.769348975621911,-0.780674733648457,1.0116262786854495
44.0,92.0,143.99423217773438,-1.051566367030854,2.6844812205528443,-4.918825666981514,-4.975948377464421,-2.506893802700316,1.339489395528214,-0.5361827923049765,4.784447450464947,-0.7885229473244078,1.0101248544061292
44.0,92.0,144.2283172607422,-1.030918934386981,2.6774295486179875,-4.916794090511607,-4.985249117032544,-2.491018843450669,1.3382268305001457,-0.5527363841785382,4.775228459923634,-0.7888559535535231,1.023306722525171
44.0,92.0,144.07208251953125,-1.0213971289884842,2.6826776517695468,-4.913019211713864,-4.977951302950216,-2.507584941889906,1.3306393177303295,-0.5420421380783358,4.788245212199449,-0.7892015591856785,1.0210337289397522
44.0,92.0,144.0177764892578,-1.0318245174985012,2.7000030550691543,-4.924297609609802,-4.996645487599472,-2.4945471852013963,1.3491104075249254,-0.533119653775441,4.777493509950901,-0.7906258500810406,1.0153566814688206
44.0,92.0,144.1379852294922,-1.0423949245121205,2.6637653145234284,-4.942237229341398,-4.987497194630418,-2.496021107919597,1.3353032332029704,-0.544801379782057,4.771854949116735,-0.7859414025556326,1.0122668204759178
44.0,92.0,144.29725646972656,-1.0538362173455336,2.668878545224924,-4.941086793773536,-4.976524979228833,-2.512218359081548,1.3483803467115294,-0.5362346606687538,4.786537682106415,-0.7949577317320768,1.0154536088504056
44.0,92.0,144.32150268554688,-1.026746306768405,2.654124867783464,-4.933226177817243,-4.99905056600845,-2.492689326232975,1.3390971111599264,-0.5317940202457923,4.795553050203289,-0.7942994623532149,1.0153263871333031
44.0,92.0,144.0386962890625,-1.031177369483692,2.7015824471264693,-4.921788615668188,-4.966573490983492,-2.493351368354528,1.342512104076972,-0.5290377836255891,4.763631661069418,-0.7898443385485434,1.0134997473651888
44.0,92.0,143.95516967773438,-1.0257120085456155,2.68487712567074,-4.920544318240734,-4.993580981916523,-2.487935617046345,1.337141499360338,-0.5442851475199451,4.779956974263515,-0.7910709327003849,1.009717381669713
44.0,92.0,144.40634155273438,-1.0543939098125126,2.689310752821072,-4.915466713980279,-4.956213070705015,-2.4912260108091693,1.326350535359614,-0.5454034767608054,4.777925233640062,-0.7844175390219483,1.0112462217819118
44.0,92.0,144.06613159179688,-1.046084415768191,2.678492195440527,-4.934411603082343,-4.99559307723558,-2.494872807502504,1.3468520947767617,-0.5436145185161125,4.779456600997845,-0.787169377649998,1.017351814294516
44.0,92.0,144.14718627929688,-1.0455507058801672,2.686698592485639,-4.924510406676639,-4.973094523891104,-2.500628687693472,1.3405799357135295,-0.5554892021202651,4.785267301259697,-0.7911497997637031,1.0142157964654557
44.0,92.0,144.28929138183594,-1.0438269041937749,2.690128602817815,-4.922986373308998,-4.957103535853002,-2.508191325433561,1.32303784105825,-0.5391977222870672,4.780333477571752,-0.7846370888599701,1.0111721948814445
44.0,92.0,144.07138061523438,-1.024132210449789,2.6703969134589114,-4.92128526295511,-4.992835894619506,-2.495376799822086,1.346633484554177,-0.5352983787016434,4.776128684843084,-0.7931345896017037,1.021858545634987
44.0,92.0,144.1914825439453,-1.0122130528501856,2.7001825329798343,-4.935793706613289,-4.988779512592164,-2.504755639653449,1.346613313363899,-0.5374378069775476,4.7738131662055,-0.7898448992497826,1.008320358419999
44.0,93.0,143.99636840820312,-1.0409360045563705,2.6879210977882604,-4.930567238133723,-4.9901182612469945,-2.494069781207338,1.3398230821632664,-0.5478934995891551,4.777202676663295,-0.795787291777625,1.013694381587305
44.0,93.0,144.19049072265625,-1.038475771023999,2.701501454632517,-4.922287248108708,-4.95944594897786,-2.510572059653064,1.339061308563542,-0.5345322132761581,4.779896110102756,-0.797547813002006,1.0191948086239575
44.0,93.0,144.12806701660156,-1.0389127531476534,2.7011673018625784,-4.926130331389998,-4.9939978078685545,-2.4893221312870697,1.340723224711561,-0.5410640306430441,4.773697937157719,-0.7969833968342606,1.0083712067784898
44.0,93.0,144.12562561035156,-1.0408177032841346,2.6898066758473966,-4.904311099830412,-4.972475387950721,-2.505052908024385,1.3525157619411292,-0.5323297001201368,4.771648540355981,-0.7894219454249027,1.007850080255909
44.0,93.0,144.04412841796875,-1.0296805459322131,2.6721126334466963,-4.907213271518548,-4.966590238383237,-2.5039052293367736,1.3538527662372326,-0.5359141375397449,4.773535004735948,-0.7959089096265597,1.0147771586077532
44.0,93.0,143.96568298339844,-1.0325273359498317,2.6828736764871595,-4.930450319368545,-4.968934629517393,-2.4842398988902987,1.3337450154529664,-0.5336910096959988,4.766443775331492,-0.7912961053137844,1.0152040673523075
44.0,93.0,144.07501220703125,-1.049820115492448,2.669996065036039,-4.91397438022418,-4.967802035955251,-2.4937088214511585,1.3448690959011174,-0.5436090314398081,4.762924319575969,-0.7876441837260657,1.0143300016505696
44.0,93.0,144.16781616210938,-1.0451224478960215,2.686223283456478,-4.919844935683704,-4.991981053913179,-2.4899252436014514,1.340847862638218,-0.5312418665152805,4.7840373864003,-0.7890406600372852,1.0053944415608953
44.0,93.0,144.57583618164062,-1.0256625750402093,2.6940759905823963,-4.911085866876383,-4.963319183774553,-2.464266799563278,1.3447986158139995,-0.5324923147643323,4.795034265399515,-0.7884989393886874,1.0101188811489423
44.0,93.0,144.07220458984375,-1.041992689981848,2.707103596346215,-4.920628763281782,-4.977457018201483,-2.489634572924841,1.3364370995333186,-0.5439034806912701,4.784405106841099,-0.7891671738221753,1.0101398339331649
44.0,93.0,144.01559448242188,-1.0389203061892447,2.693580447646018,-4.932705614643819,-4.971283560551876,-2.4975062899312657,1.3377196457462217,-0.5319213960200644,4.784081109624527,-0.7926015368969086,1.007651060174525
44.0,93.0,143.8646240234375,-1.029539646215719,2.67845048320998,-4.927652076525919,-4.989752481581291,-2.4893543735768024,1.33338248612601,-0.5403496814868181,4.780243638735845,-0.7899113775300384,1.0132372639473584
44.0,93.0,144.1033935546875,-1.0403417703040798,2.6898365578218737,-4.912113696106176,-4.960453995566858,-2.5155400956618594,1.3450974101307462,-0.5363730462893868,4.778679601625228,-0.796770699044016,1.0139138319548913
44.0,93.0,143.94203186035156,-1.0347639891899931,2.662647838577908,-4.912827790907048,-4.974581699385007,-2.4874476539918744,1.348336783465399,-0.5366163116138605,4.773410727267185,-0.7892765021332808,1.0139082705214006
44.0,93.0,143.8256378173828,-1.0281275392896565,2.6725504297994185,-4.922858691621855,-4.989977820032094,-2.498706905054425,1.3356346593202026,-0.537526925240118,4.777785694146106,-0.7897364796471305,1.0133324739713867
44.0,93.0,143.9635772705078,-1.030056075558436,2.683762368590185,-4.939257761625903,-4.980062290212813,-2.49778678199806,1.340157949851286,-0.5279301207291258,4.774293294709569,-0.7911636491262488,1.014707901335994
44.0,93.0,144.22227478027344,-1.0481509665947917,2.6846529380377104,-4.919538914163806,-4.988122361138437,-2.499322714870786,1.3562467365393491,-0.5377372827456703,4.79805000701068,-0.7944821323201161,1.0146729401295849
44.0,93.0,143.82899475097656,-1.032471092229752,2.680128438552156,-4.921195357451984,-4.988018413524336,-2.4975393456401864,1.3351858661286131,-0.5378029524733527,4.780895546819663,-0.787256799238115,1.0167420203398656
44.0,93.0,144.1250457763672,-1.0316521571184407,2.6891781269190087,-4.926749728075634,-4.994866463707558,-2.492106077568374,1.351909933599722,-0.547477296837692,4.794051375008888,-0.7936570120921687,1.0142435245063537
44.0,93.0,144.1373748779297,-1.042803616147248,2.691244101884049,-4.911617295009135,-4.984289318570282,-2.4941474422819465,1.327441560309321,-0.5500120249074865,4.7808744705878325,-0.791572275023146,1.0110970006381557
44.0,93.0,144.47589111328125,-1.0397601685047526,2.7065669954226266,-4.916624336842782,-4.947196370686628,-2.505110472290319,1.3280723970470305,-0.5392825706092843,4.776666761615765,-0.7983974482077993,1.0122261069183764
44.0,93.0,143.9381561279297,-1.0404540746480246,2.691891513011152,-4.89852866457841,-4.970862569301015,-2.5027148400513086,1.3414461518265632,-0.5413316055790816,4.782527330821534,-0.7925148631965779,1.0150845266054054
44.0,93.0,144.08567810058594,-1.039048788251808,2.663974595508021,-4.936788808054937,-4.961722694162988,-2.5025427042022934,1.3339477794734016,-0.5372063342769593,4.782704637915359,-0.7955126364755998,1.0159017316887509
44.0,93.0,144.1948699951172,-1.0520039862917,2.671151612693973,-4.925294884658952,-4.990937767736126,-2.500454977449293,1.3313885865367725,-0.5308785768447208,4.7907452799438826,-0.7874784369037444,1.0157267706979365
44.0,93.0,143.89857482910156,-1.0393928573612237,2.6922803192336744,-4.927753925287859,-4.972957976017952,-2.491918973110476,1.348835139002155,-0.5419720243791568,4.777758085984496,-0.7865905065660126,1.0147021145255568
44.0,93.0,144.150634765625,-1.0275649356369216,2.67803060250852,-4.905177434771357,-4.963295562223132,-2.4929755797241624,1.3453490025166197,-0.5271713552471429,4.7695212147384485,-0.7884713049618988,1.0199339902868338
44.0,93.0,143.91912841796875,-1.0313415898207068,2.68866615583872,-4.919162167665822,-4.980702030638122,-2.505520975921496,1.3489019692025526,-0.5410621947005323,4.786045991118154,-0.7930723296187834,1.0092227156738731
44.0,93.0,144.38568115234375,-1.0286076646569842,2.68074644724779,-4.921695746965171,-4.9882006462666615,-2.48461920610662,1.3274067564242644,-0.5383865377967121,4.74874345353056,-0.7882184075421117,1.0183219111476962
44.0,93.0,144.1061248779297,-1.0333398980905215,2.684954801554901,-4.940932313574207,-4.998322536169345,-2.5063728189773187,1.3411193390499871,-0.5429988587013348,4.771669422206463,-0.7925224979133967,1.008964435070502
44.0,93.0,143.99032592773438,-1.0296755304373817,2.699087706148264,-4.925498770477851,-4.963017569495037,-2.494524647647552,1.3400739331962257,-0.5365303145566251,4.782662976851338,-0.791315747274278,1.007798635856906
44.0,93.0,144.04893493652344,-1.037543320638035,2.6890203152851324,-4.931788570330748,-4.95670797202913,-2.503369751895076,1.331742627972301,-0.5435726787999684,4.772838544779622,-0.788467516420825,1.010478746511188
44.0,93.0,143.85707092285156,-1.030883209367821,2.682755691047125,-4.921264517027074,-4.98116696810429,-2.4943976298308668,1.34051803760883,-0.5430117216558283,4.76480337865485,-0.7950195794293826,1.0140509837391658
44.0,93.0,143.95742797851562,-1.0461076028965022,2.6765457235734864,-4.914558286548514,-4.984925596426629,-2.5008173046531,1.3436912611985727,-0.5328701388074286,4.774855503407489,-0.7923373487293679,1.0094764675193
44.0,93.0,144.14073181152344,-1.0402045507447193,2.679024325535445,-4.908290255568237,-4.9806306915157,-2.487121703925207,1.3562115431935364,-0.5338000720722427,4.765304070327908,-0.790502304234499,1.016899113057228
44.0,93.0,144.00277709960938,-1.0366802980129737,2.665211038587911,-4.92395794412108,-4.984341567316549,-2.480059823329232,1.341654002176714,-0.5430736137668717,4.775788666459141,-0.792058229193283,1.01513591153852
44.0,93.0,144.44174194335938,-1.0268718825222178,2.662158818325551,-4.914275491690225,-4.952078215762473,-2.501611837409026,1.3536552249649496,-0.5390816955591085,4.780527179958723,-0.79369098783358,1.0238964099782173
44.0,93.0,144.19088745117188,-1.0577515783583809,2.678890943225705,-4.914576818484139,-4.976811146068479,-2.5011476540827835,1.340271213144263,-0.5279471088229561,4.7691535955934015,-0.7895635717149263,1.0161900925719012
44.0,93.0,144.2792510986328,-1.0401578852686022,2.670571596363186,-4.891618103412554,-4.968295755328005,-2.501820733914601,1.3335321475169328,-0.5395754037967038,4.784063468732082,-0.7804194414124934,1.0171967567324414
44.0,93.0,144.00076293945312,-1.043225840239005,2.677305484734135,-4.921330910027051,-4.975898499732498,-2.508746175971895,1.3284863086198715,-0.5444822380804677,4.772556422348687,-0.7884760989231818,1.013202216327235
44.0,93.0,144.04600524902344,-1.0464796786469877,2.67978736679572,-4.936748601180987,-4.978189814217376,-2.5053451623435543,1.350342008426959,-0.5427865722031386,4.766251733648183,-0.7921314495176119,1.0154963212613293
44.0,93.0,143.90867614746094,-1.0257792174814595,2.6806683777991545,-4.931046614174526,-4.983622931701273,-2.489582934554938,1.3365080876336055,-0.5328877943127406,4.776588887748023,-0.7948956616724008,1.012521781817414
44.0,93.0,144.19166564941406,-1.0428290402453697,2.663592720894311,-4.909050525547237,-4.964533688801621,-2.508407269393596,1.326622885089206,-0.5405023311390389,4.781108576132279,-0.7933740566005518,1.0168388991064434
44.0,93.0,144.17514038085938,-1.0436801310152397,2.679658948494411,-4.913157337641919,-4.951770388376353,-2.4958894740395863,1.337269676349706,-0.5435533931707281,4.793603088070199,-0.7932456885857624,1.0096046572057773
44.0,93.0,143.94033813476562,-1.045035490288384,2.687859983671329,-4.914789147869643,-4.978041992395877,-2.5042051340626044,1.341946391166461,-0.5436435863419211,4.788107583322725,-0.7900580752946222,1.018186963691397
44.0,93.0,144.28897094726562,-1.0555120674706542,2.6876641821972047,-4.915854022682947,-4.988078346150244,-2.50877481866098,1.3466797163604092,-0.5398303459616542,4.759773691296509,-0.7949970001023949,1.0097251880421076
44.0,93.0,143.8056182861328,-1.0366797536954555,2.680425540507776,-4.920949452602289,-4.975931892956675,-2.49175831276666,1.3411959637569426,-0.5383466739554441,4.77163819088717,-0.7928161024402707,1.0106108380839238
44.0,93.0,143.89682006835938,-1.0345833482235909,2.679860746389399,-4.9269033710642525,-4.965692476060082,-2.501882941481222,1.3453876280311403,-0.5436830518373288,4.777691981290152,-0.7950601725324375,1.010687070915064
44.0,93.0,144.1579132080078,-1.029325132008451,2.6818988864666853,-4.920963327220671,-4.987417983801633,-2.498411563037955,1.3505239993294884,-0.5283194510590503,4.799043871410976,-0.7859964516974429,1.0176297649424535
44.0,93.0,144.0878448486328,-1.0406101110716754,2.686742915330392,-4.920131518460186,-4.978197969509112,-2.4901371343593306,1.3309039487440613,-0.5469561278462649,4.764463544586569,-0.784594374409874,1.0105625728868866
44.0,93.0,144.02818298339844,-1.030118720360676,2.695396942718742,-4.929814600857125,-4.997668619284385,-2.490914304966504,1.3363424323327946,-0.5347412482713301,4.784412822211356,-0.7952002454147813,1.0138878364609774
44.0,94.0,143.93869018554688,-1.0352753559027636,2.682135195625312,-4.936147527638632,-4.9804466831235885,-2.484742258189903,1.3368446716812272,-0.5343280704579731,4.777201790201351,-0.7929927080425321,1.0113697985255747
44.0,94.0,143.9330596923828,-1.0354112842401522,2.686386977473835,-4.914676117348046,-4.955301575704229,-2.498201044937636,1.341525172146416,-0.5397732541646949,4.767462760945087,-0.7921114771807689,1.0139892566831217
44.0,94.0,143.93885803222656,-1.033156147252989,2.67669774834291,-4.917580007871394,-4.981333564607825,-2.4820975326594303,1.3330918883449971,-0.5367190962900006,4.78071696800188,-0.7922440980899195,1.0103797270968542
44.0,94.0,143.8936004638672,-1.0414341144885515,2.6866612340416287,-4.911851997158832,-4.977307212595861,-2.493732138903688,1.3428640605571305,-0.5367778041436235,4.782250761659805,-0.791491232822521,1.0083592629542748
44.0,94.0,143.89686584472656,-1.03016027013118,2.678112917595993,-4.921234191883093,-4.985120116794239,-2.4858193440175964,1.33080162433545,-0.5414055918545237,4.771984310093597,-0.7907073011519401,1.0140287334639089
44.0,94.0,143.93051147460938,-1.044624967801437,2.688604379356238,-4.904049613880991,-4.97200214512856,-2.495506446247859,1.3471770040846396,-0.5344320605809436,4.781432909440071,-0.79021482167078,1.0146348278144082
44.0,94.0,143.97967529296875,-1.0312296024820764,2.668579021161248,-4.918842191163849,-4.985214381798845,-2.4982268867359,1.3383944625209043,-0.530511264179995,4.765551656741502,-0.7917889038588761,1.0099183306661672
44.0,94.0,144.2022247314453,-1.0397718451858688,2.6633378147076803,-4.932596295273387,-4.999037791669431,-2.4960386938030736,1.3347669091756922,-0.5490504722503351,4.7749786201617255,-0.7890525898955536,1.0100863523041257
44.0,94.0,143.85482788085938,-1.0332371576440758,2.687498606165785,-4.923508157266614,-4.975223751904692,-2.502414736034451,1.3492337620125614,-0.535833702164954,4.780605110757399,-0.7873819993142668,1.0109950686379063
44.0,94.0,143.9284210205078,-1.0417608980509927,2.6747088654165427,-4.925068381676877,-4.977461501164057,-2.5059671367245366,1.341981377610633,-0.5366329536047285,4.780261996916259,-0.7932637540151015,1.0081230840789903
44.0,94.0,144.18026733398438,-1.030101027436892,2.701922387938314,-4.903326333186011,-4.988551608638783,-2.4924964085991164,1.3561526202559897,-0.5446228956840784,4.781330317442171,-0.7909793897046082,1.0164178349876227
44.0,94.0,144.1659698486328,-1.0311849226833152,2.660329984922013,-4.924589121411615,-4.956978139441629,-2.4853254942292176,1.3317077754978204,-0.5440032291460719,4.768620395129032,-0.7906420063573618,1.0111190472822305
44.0,94.0,143.81732177734375,-1.0303344437461668,2.682097165573029,-4.926365608891062,-4.97559586888011,-2.50001679878402,1.3453895574259107,-0.5355628948014965,4.765974500844024,-0.7905093685612146,1.0128569303442987
44.0,94.0,143.8897247314453,-1.0185656864959205,2.6768763235682265,-4.920330361832161,-4.985060189230453,-2.505806411909185,1.3402329114892169,-0.5374437774977237,4.776707271004698,-0.7931536587894348,1.017034990609348
44.0,94.0,144.11891174316406,-1.0212040208029634,2.6646638671092973,-4.913006725640581,-4.954615189878775,-2.4925043189791314,1.333653222277608,-0.5340552854637535,4.785064586214396,-0.7890716523886603,1.0122414815384957
44.0,94.0,144.21180725097656,-1.030820228896023,2.6912884610903145,-4.924491529343521,-4.993448796955213,-2.486857663346704,1.355813080847808,-0.5308704417733132,4.794070744889755,-0.790352433832143,1.012958828690456
44.0,94.0,144.01626586914062,-1.022737030481279,2.690077743337671,-4.930041190699416,-4.982630441749808,-2.4948453837606896,1.345700083454993,-0.529430453504621,4.778282249783052,-0.7971923667819212,1.0145633466049515
44.0,94.0,143.8212890625,-1.0354674360156046,2.6818141915818714,-4.9269376869553705,-4.972355076075142,-2.5043222073315765,1.342339293899224,-0.5419820088733216,4.777104924916722,-0.7874378036174914,1.0169895120887116
44.0,94.0,144.17918395996094,-1.0412916304478026,2.653909695353251,-4.927797822094168,-4.997275272351116,-2.490967794180208,1.3470678494199726,-0.5400266020974867,4.783852834832405,-0.7894499941137516,1.0163518002925995
44.0,94.0,143.95303344726562,-1.0358432367294703,2.692176050081785,-4.929342001616082,-4.9868330737950775,-2.4982201143379186,1.345672301687106,-0.5451019576031033,4.792167316360938,-0.7905106652950522,1.017007696553225
44.0,94.0,143.84274291992188,-1.029722401891326,2.684399047124834,-4.907907487946039,-4.973295948616589,-2.490965985379038,1.3414472140104703,-0.5369557730706198,4.78649255129184,-0.7872971882490427,1.012822579013256
44.0,94.0,144.288818359375,-1.0409955408962055,2.6887330541596093,-4.9134952841964505,-4.963987175184717,-2.497774872221008,1.350988411944643,-0.5233377787814186,4.774351263838865,-0.7976037857209581,1.0118386644900514
44.0,94.0,144.14418029785156,-1.0128623814115605,2.674362737256235,-4.915497496618717,-4.998449559092275,-2.5010270845961218,1.3305364365532473,-0.5398558201945782,4.786933623673926,-0.7939858052265922,1.0147221939864384
44.0,94.0,143.89378356933594,-1.027431046539261,2.686213408600154,-4.920191223209104,-4.994013915814709,-2.497027530431197,1.3378232797595864,-0.5352063283986777,4.7718719615974,-0.7921616547343611,1.0102858935646122
44.0,94.0,144.0046844482422,-1.0367438063505192,2.683681654385964,-4.912052408958412,-4.9806749504718,-2.5068940343625976,1.3402468986814808,-0.5478244891301189,4.762193442496283,-0.7942411096337176,1.014885826349477
44.0,94.0,144.01480102539062,-1.033422272965657,2.69355552042083,-4.931576467544071,-4.993100255767202,-2.493592630035743,1.341026339725425,-0.5332301615862125,4.792006640198808,-0.7940808521102767,1.0165244344097948
44.0,94.0,143.89093017578125,-1.0312249951718009,2.680650522844413,-4.9198457931042245,-4.985533780734524,-2.51178361501028,1.3351793966266854,-0.5395845787159947,4.778361685582679,-0.7926981951887448,1.0107605573944758
44.0,94.0,143.98931884765625,-1.0396751527096493,2.679081700515992,-4.93207706834818,-4.976143906418584,-2.4985914665834894,1.338753470852419,-0.5392008486380107,4.762364346778165,-0.7964700365861814,1.0101494184005482
44.0,94.0,143.81248474121094,-1.0257276607068475,2.678496901291336,-4.931911358118003,-4.983987691655997,-2.496857538894467,1.33789006432902,-0.542390585319815,4.776597283338424,-0.7903357958238892,1.0134384002839427
44.0,94.0,144.28480529785156,-1.0036104198199025,2.6929829891639123,-4.939887101467327,-4.98782299281962,-2.493025833520151,1.3380993277115074,-0.5404244253955834,4.782702897972989,-0.7917562060174994,1.0091359137072755
44.0,94.0,144.24534606933594,-1.049428465026093,2.6901417005850945,-4.915089671369354,-4.967575165321131,-2.5019425755075164,1.3495199101760482,-0.5297959989614096,4.778954029921371,-0.7983906468736688,1.009107969160489
44.0,94.0,144.18612670898438,-1.0337181878480566,2.698080231661822,-4.9313171930177,-4.95391596470152,-2.5006359588861065,1.33898285949045,-0.5416253209697244,4.758888993381973,-0.7914164436915074,1.010015493928064
44.0,94.0,143.92774963378906,-1.0305263525358432,2.679201708861375,-4.937092011538889,-4.979965516940364,-2.48521997863974,1.3377802564000216,-0.5348375369780776,4.7700566067692645,-0.7905715838197231,1.0120260185875471
44.0,94.0,143.9850311279297,-1.0426010474512075,2.687409485812501,-4.912739280079197,-4.976225771555483,-2.49930477920079,1.3384152413549568,-0.5347902685521335,4.7654029267195455,-0.7961247924417618,1.009671753718119
44.0,94.0,144.0731658935547,-1.0391762099540631,2.664454773983693,-4.916774914780002,-4.969204691455447,-2.4956896603175776,1.3424353005592673,-0.542436790382153,4.776983553562644,-0.7806333679311166,1.0116643308825344
44.0,94.0,143.92230224609375,-1.0288231804523291,2.682729944600987,-4.91745815532698,-4.983543909646951,-2.508852727102026,1.335682177857791,-0.5460527844226739,4.772991729182092,-0.7943993855557867,1.0159896589797848
44.0,94.0,144.0098876953125,-1.0381413882463244,2.663157630114505,-4.917927196818798,-4.984270147072526,-2.501805359300868,1.336983860843306,-0.5421181609455292,4.7871769094946615,-0.7851126148344356,1.0098248832187826
44.0,94.0,144.13772583007812,-1.040303608778622,2.681025217488288,-4.908010013063466,-4.988750333214254,-2.500877227051542,1.3376780643683848,-0.5524280168519198,4.782343924249982,-0.7848826091703618,1.0167104658439277
44.0,94.0,143.9501953125,-1.0280523762519995,2.66752239993221,-4.934631699483122,-4.99439041600334,-2.5012408242650146,1.34017064723706,-0.5373069286841927,4.775400273630115,-0.7894712485743423,1.0157784466174515
44.0,94.0,143.90220642089844,-1.0348654696023862,2.6909496908637163,-4.918234949060248,-4.991121504705952,-2.495791332376646,1.340846665237445,-0.5414425466091561,4.791496579640569,-0.7940355516829269,1.013708891929454
44.0,94.0,144.1671142578125,-1.0440809019769175,2.6967694087882563,-4.916509274777058,-4.992507153740276,-2.4999148690257265,1.345682240212324,-0.5295944381331772,4.786191400818931,-0.7912169900755996,1.007493039969212
44.0,94.0,143.8470001220703,-1.0314699731142714,2.681110723831047,-4.914568134093703,-4.981258882505899,-2.497297586264311,1.3434828342963776,-0.5384373317661053,4.78379274261855,-0.7968106204845311,1.0120301029646868
44.0,94.0,144.01260375976562,-1.0285384662741737,2.6874164102151834,-4.9243028240376665,-4.963895881656611,-2.4904292621200708,1.335247323672137,-0.5430535887555799,4.764492444745493,-0.7961720076606031,1.0106672965829675
44.0,94.0,144.07850646972656,-1.038594706374126,2.6912156045806057,-4.906308171535067,-4.967164881072557,-2.4879938326830127,1.3532932322825868,-0.5449835396053757,4.781293798000657,-0.786375149386286,1.014804824161347
44.0,94.0,143.92742919921875,-1.0349850693970355,2.683420509592972,-4.925718129649064,-4.974723110779773,-2.503581358017266,1.350944266629548,-0.5353692759572244,4.781541361858736,-0.7926186996354714,1.0085223175486435
44.0,94.0,143.9451904296875,-1.045569700527528,2.6871940454268115,-4.936212786881941,-4.978711740161159,-2.5003210575783776,1.349624435914926,-0.5382612651846186,4.780276503908373,-0.7886702873588334,1.0128096528729893
44.0,94.0,143.9403076171875,-1.0454025007081178,2.673360650466198,-4.9254503288989495,-4.977265084072632,-2.488010481748835,1.3387056287927344,-0.5397924395381679,4.764200221323865,-0.7909239483399304,1.0132049555198854
44.0,94.0,143.9415740966797,-1.0396646203649196,2.6797166206135827,-4.935296324540686,-4.967051134468759,-2.501294698115588,1.3307955358112302,-0.5370501089784039,4.76932636155688,-0.7911647591639088,1.013090613119206
44.0,94.0,143.85617065429688,-1.0377855350939873,2.6725044582458333,-4.919971322445365,-4.96739979123189,-2.4968922955625983,1.33627949187008,-0.537826349182513,4.777800766349044,-0.7859312844041924,1.0158407178498372
44.0,94.0,144.04293823242188,-1.021450945252238,2.686745830742491,-4.931683346221405,-4.992598497685604,-2.4921352470216256,1.339380166846789,-0.5410811246098977,4.777137251105966,-0.7988824001377584,1.012075065100828
44.0,95.0,143.97825622558594,-1.0245511861216876,2.6838554454373824,-4.937760000031649,-4.985941693632949,-2.499193889755011,1.335291275886049,-0.5377166192188962,4.793218301396856,-0.7919060256345398,1.0171672087371784
44.0,95.0,143.91258239746094,-1.034943917357655,2.687913071395343,-4.926256831562857,-4.980407134319563,-2.496723531422714,1.337333779570569,-0.5487389326184395,4.779128335876472,-0.7925337434643858,1.010287863972119
44.0,95.0,144.0266571044922,-1.0386608189550095,2.6617849425898754,-4.912198630507076,-4.980320239294024,-2.4930780960150543,1.3415634237657752,-0.5417740767981183,4.779968849037568,-0.791254757401787,1.006636863677092
44.0,95.0,143.878662109375,-1.043067025209306,2.6832190300124106,-4.917221902979138,-4.973830914087374,-2.5023204749077625,1.345024849446311,-0.5413027172514209,4.7772672644191445,-0.786683718954392,1.010194601976977
44.0,95.0,143.83810424804688,-1.0388826488624354,2.67879978866588,-4.912861852812056,-4.976895109255511,-2.491804137990845,1.341622287686171,-0.5364494276558514,4.780208445458724,-0.7855077167250384,1.013137113868848
44.0,95.0,143.86007690429688,-1.0466136738396896,2.683622760691532,-4.922923482598728,-4.979582847846552,-2.504004415351341,1.3422055888781443,-0.5417193342710513,4.779027462791785,-0.7910292150704041,1.016069078416809
44.0,95.0,143.84466552734375,-1.0406548444950388,2.682681505630571,-4.931573902878211,-4.978253316039791,-2.501540286099994,1.3457935888968953,-0.5412080354601194,4.774169803048201,-0.792957144777537,1.0120863891201104
44.0,95.0,143.8922119140625,-1.0412109648936951,2.674260405881707,-4.914469088032667,-4.979051111201075,-2.49279220631721,1.3494904503022918,-0.5419649556946293,4.775252584174528,-0.7868084584110377,1.0134373921185968
44.0,95.0,144.00473022460938,-1.0332297647176385,2.676881976492121,-4.907793348919669,-4.956927486477385,-2.492989822500385,1.3381876849140628,-0.5313688714419023,4.7749014295011865,-0.7937980539086356,1.0122429062274314
44.0,95.0,143.8739013671875,-1.0329137593796922,2.690453577706524,-4.924959441630141,-4.981085295733065,-2.502920590631494,1.3451990152717128,-0.5365910381577965,4.779038473602219,-0.7890569794053262,1.0083370697711018
44.0,95.0,144.0590362548828,-1.014601268048298,2.665213374170998,-4.931985882446307,-4.98509717700709,-2.5001511824355607,1.3449939434216382,-0.5355698932565129,4.776628272780975,-0.7952282475540953,1.0116357410045025
44.0,95.0,144.0252685546875,-1.0434017487804337,2.679824260717183,-4.9290428847294585,-4.9755662223302,-2.4855690702938182,1.3336529955811107,-0.532344290052519,4.780585228261508,-0.7943640713054414,1.0180696517552414
44.0,95.0,143.95555114746094,-1.040149434099777,2.6852599999751137,-4.924368479213792,-4.9809252257482886,-2.488129230678142,1.3474075640305898,-0.538849245724931,4.778921152526896,-0.7928485947148625,1.0075025078506703
44.0,95.0,143.80686950683594,-1.035009978009339,2.689120334051566,-4.925196403339439,-4.978539501869728,-2.494461530790014,1.3379664778114408,-0.5374501238518832,4.781701986767715,-0.7904738137966358,1.009990381520626
44.0,95.0,143.95852661132812,-1.0266920332759557,2.6988785520172502,-4.926385670889919,-4.969416190665057,-2.4940901123919623,1.335892457419047,-0.5382851673283726,4.778194421894435,-0.7930885190400119,1.0196030176441688
44.0,95.0,143.8331756591797,-1.0296635739319653,2.685564009688891,-4.919846564522982,-4.976042520943203,-2.492170171654513,1.340120937496387,-0.5394043556946295,4.770773236798213,-0.7949623025141426,1.010444551613748
44.0,95.0,143.89535522460938,-1.0333425844213702,2.6727996111295145,-4.905137138801481,-4.973652272983653,-2.503161586326053,1.3423453994029408,-0.5425732659904545,4.777064702245145,-0.7945026398892558,1.010800612729814
44.0,95.0,143.91714477539062,-1.029760201264919,2.6753519976619007,-4.916526086018712,-4.965686413489795,-2.5012381339051912,1.3437012079593922,-0.5400451227301639,4.764980217893481,-0.7897975126295318,1.0090544685611018
44.0,95.0,143.86814880371094,-1.032288383680784,2.681355890556364,-4.926767291658586,-4.986298683487232,-2.502153632945649,1.3412261644424197,-0.5408035982097834,4.7879076259747215,-0.786537640396209,1.0105559639708348
44.0,95.0,143.9180145263672,-1.041094637224846,2.680672156578682,-4.924244329458892,-4.976539029269128,-2.4898314873561507,1.3367992031465707,-0.5473164845837042,4.7708752900960345,-0.7931697105756745,1.0149489087950458
44.0,95.0,143.8809051513672,-1.0324171013493384,2.668162833976377,-4.921697234435025,-4.98488740067392,-2.4968589715258616,1.3439608008436412,-0.5314885901132165,4.772094265941702,-0.7892231658976998,1.013827227992154
44.0,95.0,144.01187133789062,-1.0413535370618572,2.679359906939168,-4.921227163778597,-4.96948254966605,-2.4956599394952432,1.3519326296074583,-0.534282247126912,4.766799620348476,-0.786330428543728,1.0100263066571626
44.0,95.0,143.86343383789062,-1.026245207737209,2.6891750745922565,-4.924063653561944,-4.980028565236739,-2.48708573384556,1.3470899427924206,-0.5387334494373777,4.781674011994323,-0.7900906415648254,1.0107689219732592
44.0,95.0,143.8148956298828,-1.0358139170009713,2.6836158171688886,-4.911084429999818,-4.979081322518316,-2.4993762157395985,1.3463780020677918,-0.5399868185511822,4.775025780380304,-0.7873318542099685,1.011612158943736
44.0,95.0,143.87657165527344,-1.029580040394471,2.689038802100388,-4.917618979885683,-4.9662559835058975,-2.498987625647863,1.3364459671963296,-0.5326149710795969,4.779010526425427,-0.7903435745959806,1.0099713543346542
44.0,95.0,143.85223388671875,-1.0369033229049096,2.683201749513863,-4.923100873640661,-4.976610213823685,-2.4972951129320995,1.3487669613804618,-0.5381253102365369,4.773609258256663,-0.7914149035417832,1.018579322390357
44.0,95.0,143.84408569335938,-1.0360652731139597,2.6768510220453434,-4.915958901468882,-4.974691345990231,-2.50709201684712,1.3427555431082228,-0.5347251360190164,4.787421522684896,-0.7896159503216884,1.0126250079598478
44.0,95.0,144.30824279785156,-1.0415688630075488,2.695080829415703,-4.9011382206826015,-4.975549728688999,-2.497399505775823,1.3560492552828842,-0.5385306064392692,4.770741075285525,-0.7903167992488518,1.0049460048704535
44.0,95.0,143.8421173095703,-1.0374899240010138,2.6799309096437423,-4.923989929031005,-4.974440803257758,-2.495153514792323,1.3385249723077417,-0.5360857949325535,4.764731784164196,-0.7936332171168168,1.0145439874466753
44.0,95.0,143.84750366210938,-1.0323785919089516,2.685829152035081,-4.924493848303857,-4.984909864439964,-2.4952147675207703,1.345371737621928,-0.5390214246903682,4.783180755854833,-0.7957215465979539,1.0163613161511886
44.0,95.0,143.84140014648438,-1.034455308258002,2.676022450112597,-4.912994662079205,-4.9792534456268935,-2.50250290960104,1.345507583836726,-0.5423402358840459,4.778408211485614,-0.7867525590535598,1.0110662832325303
44.0,95.0,143.85272216796875,-1.037593242952561,2.6769517563894887,-4.917507946917457,-4.976239398521405,-2.500118257063718,1.3424335192340129,-0.5431561919432308,4.772141576302486,-0.7960641694940183,1.012468473882703
44.0,95.0,143.83279418945312,-1.0306819714629798,2.681408970935486,-4.923639005459421,-4.9855392145766935,-2.4981634379324147,1.3410451689331238,-0.5362176038878026,4.770038379298375,-0.7938306560290345,1.0104541574422177
44.0,95.0,143.97720336914062,-1.0261865756011144,2.6598120733984043,-4.913973196089152,-4.994753380035311,-2.496861011612466,1.3398415503152714,-0.536700986596891,4.7812060003713,-0.7889719902399168,1.0122474705430644
44.0,95.0,143.86932373046875,-1.036192454032716,2.6919326833443966,-4.921375812802293,-4.979264983695212,-2.494027975645625,1.3464963212480183,-0.5418616763562358,4.776904719077185,-0.7896004506165148,1.0086806785344835
44.0,95.0,143.94993591308594,-1.0462634591617357,2.6822776296786666,-4.915908079163177,-4.9859262913198,-2.493026757543397,1.3458748487163843,-0.5316386709976086,4.782085613013239,-0.7924548649050216,1.0119000827949574
44.0,95.0,143.8910369873047,-1.0315737712151387,2.6776650218680453,-4.9126087531751885,-4.9854753121606254,-2.4848917517131914,1.3396976362608122,-0.5355970107046186,4.783711685941123,-0.791900377057968,1.01108649683733
44.0,95.0,144.0047607421875,-1.040560536568203,2.6820873703651333,-4.920982045544588,-4.972702201284987,-2.49438588500192,1.3270679208110394,-0.5440035975836714,4.776911045453545,-0.7902477518899289,1.0188476078988329
44.0,95.0,143.9582061767578,-1.0379666523182385,2.6736321300256147,-4.936810524347571,-4.989388944976481,-2.49693608112809,1.3427907133649797,-0.5387065711410006,4.779791278474011,-0.7918263595444657,1.0085467263252266
44.0,95.0,143.86732482910156,-1.030157459987039,2.683230145365384,-4.904276613186373,-4.981032473336151,-2.497612549241104,1.340900505452315,-0.5395983267576652,4.77111323647142,-0.7951469503824544,1.011593221167674
44.0,95.0,143.8599853515625,-1.0423555593787692,2.674907387384512,-4.925875552009097,-4.967997669085499,-2.498543959284794,1.3435930332816426,-0.5359120957746359,4.77839463451118,-0.7934232574721403,1.0118723272406864
44.0,95.0,143.91763305664062,-1.0447685513666194,2.683649312673988,-4.920134941512911,-4.9676843311514975,-2.4995912187295795,1.3372206013301806,-0.5366209090492831,4.767855738187418,-0.7859331513499317,1.015301670209924
44.0,95.0,143.86172485351562,-1.0308927402903976,2.6790394821895696,-4.925420272622688,-4.983365903552366,-2.506294026249636,1.346362758519505,-0.5373129729237061,4.773482234880369,-0.7944237144488939,1.016998313807682
44.0,95.0,143.88421630859375,-1.042699409310886,2.674757631427851,-4.911490449372432,-4.9679433665612365,-2.49406519599732,1.3355432795494675,-0.5383469059448887,4.775248396061313,-0.7929684470905896,1.011816679385916
44.0,95.0,143.87057495117188,-1.031147286104494,2.679539146053549,-4.918261138013676,-4.975002957354999,-2.5038875326718983,1.330422241775075,-0.5435791105125345,4.785849275747955,-0.7891156783277546,1.01292341182163
44.0,95.0,143.8733367919922,-1.030212507907569,2.6844170997408963,-4.905169484695915,-4.982184127943974,-2.489519666572597,1.3423974896774613,-0.5337588978409595,4.781245938385226,-0.7934261691325775,1.0135873951132697
44.0,95.0,143.8426513671875,-1.027281455974538,2.689444649912589,-4.9226737263202445,-4.982625044737793,-2.491321337756258,1.3419214310024057,-0.5420801899945618,4.7751110908023655,-0.7885152021218778,1.0097931591927631
44.0,95.0,143.90174865722656,-1.03846284467589,2.6758702963409533,-4.913055935426944,-4.97288659913078,-2.5090516838492745,1.3321553437152156,-0.5386198988106807,4.779324695179609,-0.7872496962117816,1.0126410798426555
44.0,95.0,143.92587280273438,-1.0271808426165991,2.6664927689947904,-4.924391165079638,-4.982765120951455,-2.493495597266895,1.3443188429065582,-0.5429163909792454,4.78443002518561,-0.7882976932874781,1.0095822928921896
44.0,95.0,143.87118530273438,-1.0299559898627275,2.680880329076728,-4.9290123735844364,-4.964671822822637,-2.5044394807685624,1.3415396697502562,-0.5326325229994566,4.773707622280586,-0.7884092303604247,1.015086765075791
44.0,96.0,143.8548126220703,-1.0327341483743648,2.6766217005077886,-4.919827219502528,-4.974913599817345,-2.498315070479568,1.3378436278785957,-0.5466697793693989,4.785235324136529,-0.7892846914195157,1.0109887817275816
44.0,96.0,143.9166717529297,-1.0268896952534723,2.6913454966153747,-4.912680757477183,-4.964946595606669,-2.495798270167456,1.3405750810132,-0.5347194498887724,4.782964344777705,-0.7935305538339961,1.0094017546785654
44.0,96.0,143.91717529296875,-1.0427980289397043,2.6874097137306,-4.922477349731661,-4.980837071352397,-2.505419937379944,1.3424009065368958,-0.5350091955421892,4.771726510889746,-0.7959564782217594,1.0116105809948293
44.0,96.0,143.84906005859375,-1.034274516015989,2.669329390507753,-4.920446861230752,-4.986725279733606,-2.491437770610508,1.3433647072122188,-0.5373229586784589,4.778205654459146,-0.7916225455034773,1.0110746032218865
44.0,96.0,143.93629455566406,-1.0265474394108756,2.699645123051009,-4.924958465213937,-4.981877478610666,-2.483964816388321,1.340026538159714,-0.5383316796658812,4.774688986779777,-0.7900809268632161,1.0111699257449036
44.0,96.0,143.92391967773438,-1.0400588041259966,2.6759959804838616,-4.911843146372311,-4.965580802084136,-2.491702609342976,1.351845966030024,-0.5397820341691739,4.778937197594125,-0.7903968507680528,1.0136632731517403
44.0,96.0,143.97601318359375,-1.0223308924944652,2.691997750977711,-4.900319977181969,-4.975657145123619,-2.491040677170579,1.3469874778246833,-0.5387332908904163,4.775615282160615,-0.7932910979284653,1.0102213495410357
44.0,96.0,143.77041625976562,-1.0329294952682,2.683229223721071,-4.924148786608426,-4.978588085666661,-2.493416747202199,1.3371568983370743,-0.5375634653029717,4.778209514983482,-0.7891246927736519,1.0114652300123774
44.0,96.0,143.80897521972656,-1.0281570579139538,2.67428787443618,-4.910567206161684,-4.983010865175596,-2.49995337892869,1.3366722918449492,-0.5368804259935409,4.773606363984641,-0.7916433993277856,1.0145814994366449
44.0,96.0,143.87603759765625,-1.0330754096296562,2.6756630629143965,-4.917543752090527,-4.964798442053415,-2.498638044860672,1.3461901305890382,-0.5340698201410721,4.767406186610096,-0.7918606884963308,1.0125358089986447
44.0,96.0,143.85678100585938,-1.0454542148511026,2.6747005558844155,-4.916571698627033,-4.9794803139323776,-2.4965672181293264,1.3427786212566524,-0.5342560628276818,4.773934047518964,-0.7917948363968534,1.014098932745025
44.0,96.0,143.77188110351562,-1.0346316878063453,2.683972757904459,-4.916219632132026,-4.975258364713614,-2.497825280688495,1.3391099281312415,-0.5386249120006283,4.772145625379782,-0.7876912289673985,1.0121332738258912
44.0,96.0,143.8640899658203,-1.041811314830508,2.688571149917431,-4.933765237442445,-4.97936942423214,-2.50292239685747,1.3457791130000878,-0.5380063056625781,4.7800246937398825,-0.7926158022581822,1.01441107339679
44.0,96.0,143.87203979492188,-1.0388277437300264,2.6838717550465248,-4.92161760543442,-4.976230401279668,-2.494151346551188,1.3475590961663562,-0.5402304868735852,4.775643125219201,-0.7874220086328814,1.0089073452223545
44.0,96.0,143.88893127441406,-1.0203723388075443,2.6812630664630337,-4.923681143980586,-4.984346482329051,-2.507153906453903,1.3380230526535906,-0.5394978750944182,4.766838432049374,-0.7923595636482714,1.0144909319623707
44.0,96.0,143.9055633544922,-1.03850681346242,2.6846864321711106,-4.927772806744042,-4.98776858487651,-2.5049990511261786,1.3506937151390863,-0.5414480022986501,4.781495103076509,-0.787981407803052,1.0132350823418044
44.0,96.0,143.78517150878906,-1.0332269858555132,2.6803161752242914,-4.918863993607607,-4.980675132104351,-2.493113205531918,1.3449928792424686,-0.5391824118396347,4.777039610381538,-0.7895586721444161,1.0106517899727478
44.0,96.0,143.9173126220703,-1.029494636397299,2.6863919856207783,-4.920311499449067,-4.97561484333337,-2.500776256724542,1.3402177273624112,-0.542757101575253,4.7877022646889,-0.796293457614623,1.009044615597766
44.0,96.0,143.9733123779297,-1.0345243502976826,2.676768486723184,-4.914164223852045,-4.9724364700829495,-2.499926838818005,1.3451397090386283,-0.5389780679123,4.761708356440447,-0.7949148853419175,1.0088162801668652
44.0,96.0,143.92303466796875,-1.041767912508874,2.681949442809177,-4.934032503875137,-4.9860618411042825,-2.500020943773003,1.3430287802180594,-0.5408144276921583,4.76440989101776,-0.7904299511686776,1.0120356448291865
44.0,96.0,143.94723510742188,-1.0362849970723604,2.6784511083201377,-4.916135503184573,-4.962444584388623,-2.4983241498457227,1.3527009139944957,-0.5373952087690821,4.769906769509193,-0.7919711719862761,1.0120774878191234
44.0,96.0,144.0745849609375,-1.039891895749974,2.6772943326576337,-4.9139904973814295,-4.976012061410179,-2.478341469132333,1.3363191332101536,-0.5362752788444736,4.77213632320667,-0.7936735984122532,1.0084049642914923
44.0,96.0,143.97610473632812,-1.0519271868473052,2.6693514232673143,-4.918448661150042,-4.969279041766346,-2.497678537310902,1.3415581152237497,-0.541779546010944,4.77307241575368,-0.7892977894723376,1.01490454203892
44.0,96.0,143.82327270507812,-1.0348892855203302,2.6765535735187607,-4.9320345150241724,-4.979103837291109,-2.501093527539269,1.3381959982761096,-0.535643314280402,4.780088252120509,-0.7878289747004708,1.0117042989294056
44.0,96.0,143.99520874023438,-1.0279894596259913,2.6865977685963705,-4.927110033514133,-4.976094816820325,-2.490861521261393,1.3399203756481637,-0.5414997474242957,4.774908193475362,-0.7962010830735942,1.0063421122401266
44.0,96.0,143.9260711669922,-1.0426872463627852,2.688651876167886,-4.934880766396211,-4.980270730071649,-2.495866496050661,1.3498454373225135,-0.5366374241006566,4.77342305536483,-0.7886867408946516,1.011994565834283
44.0,96.0,143.86053466796875,-1.0448141730649487,2.6804447870939203,-4.91651345249397,-4.975270446990416,-2.493080925186233,1.3427816836697994,-0.5373555352047159,4.776454081531734,-0.7950846069945525,1.013020505035774
44.0,96.0,143.8498992919922,-1.0349494456074737,2.6843057784538127,-4.90608583973817,-4.972570383282647,-2.492747218392928,1.3483252085830664,-0.5381394551443943,4.780250431548085,-0.7912572550646724,1.0124438510111051
44.0,96.0,143.8221435546875,-1.0327007360823313,2.6950746554247207,-4.929469939187796,-4.984695737538432,-2.4992118481160635,1.3390403417067915,-0.5373633774786049,4.780302594019428,-0.7892504848567885,1.012755475160276
44.0,96.0,143.98370361328125,-1.0265579198814074,2.683498780428554,-4.922992349192745,-4.98648363438067,-2.490387211645956,1.3419083687557256,-0.5337962444201141,4.786554351727068,-0.784770974187543,1.0085238197001365
44.0,96.0,143.8184814453125,-1.032351375995899,2.684701669385598,-4.92415277072992,-4.985499998190344,-2.5001495889131835,1.3468613364750173,-0.5394370491345803,4.7801567410959365,-0.7923817628268521,1.010560118028124
44.0,96.0,143.95494079589844,-1.0302447030661828,2.6852945267611394,-4.908463546036833,-4.971372686621447,-2.481160785330881,1.3406999024853992,-0.537134920179561,4.766468316594594,-0.7927148085686468,1.013860337706495
44.0,96.0,143.92713928222656,-1.0263355067126652,2.6803541542403364,-4.925012743568036,-4.969417308578433,-2.500424755040401,1.3417871147294838,-0.5384579558994043,4.759869688086869,-0.7923862225159368,1.0103443217697192
44.0,96.0,143.9139862060547,-1.0246679224711737,2.686835446725196,-4.918801422707818,-4.980297445600393,-2.489610446267064,1.3507599844167792,-0.5381592115183755,4.766793026399554,-0.7902485588371739,1.0110526037334058
44.0,96.0,143.7922821044922,-1.0296504809038405,2.6918338194264653,-4.915792999615838,-4.985176042186899,-2.494765737609269,1.3416412460269678,-0.5411456053481807,4.781808244806129,-0.7899826509735561,1.0130147301122197
44.0,96.0,143.78529357910156,-1.0355839783762797,2.682957196307932,-4.925115176237877,-4.972708759664428,-2.494738223850685,1.345330800734498,-0.5367190250029079,4.775262686040792,-0.7888222208774485,1.0117479038375556
44.0,96.0,143.77932739257812,-1.0295578883417535,2.678837313812812,-4.917386011894124,-4.98109321617837,-2.489582052168561,1.3408543908197004,-0.5410093292447353,4.781878845453534,-0.7911552981012573,1.0135579262646388
44.0,96.0,143.87814331054688,-1.0339330475065929,2.672407853131519,-4.924510422464531,-4.973122471617964,-2.5008301275877787,1.3384942255988843,-0.5336612880354608,4.774791686183018,-0.7934431399829531,1.0091257970678391
44.0,96.0,144.00247192382812,-1.0363321460080537,2.660376625520671,-4.924076320195771,-4.9898258629056125,-2.4896691389963777,1.346128757546477,-0.542664921584791,4.774652859523753,-0.7903618165519335,1.010033899918544
44.0,96.0,143.83840942382812,-1.0352160323178468,2.6907506435501087,-4.915391616972698,-4.972623952191908,-2.499738096591526,1.3426935503842348,-0.5377359373558788,4.765390058464401,-0.7888919217120192,1.012018741729844
44.0,96.0,144.00250244140625,-1.0375760544576638,2.688329934127804,-4.923133426590539,-4.989245282918131,-2.489680175144038,1.3513775602469744,-0.5370116041919415,4.77280569525921,-0.7918115022536325,1.008127195072123
44.0,96.0,143.82827758789062,-1.0330855459627224,2.689163652124769,-4.914539400750401,-4.972498668076211,-2.494166878290482,1.3439889072881268,-0.535692696265528,4.782009579170126,-0.7884620983568889,1.010162044648122
44.0,96.0,143.8165740966797,-1.0368028892875496,2.684978407313321,-4.922454444301654,-4.968902240095113,-2.499129306920099,1.336156848237171,-0.5394964902778376,4.781740289778993,-0.7863332510746499,1.013123573934159
44.0,96.0,143.87742614746094,-1.0341364324930735,2.678102859085981,-4.915656378640207,-4.96882024459685,-2.4930340152385124,1.3417687059035472,-0.5336372209198164,4.763201424025294,-0.7901994202947913,1.013647858246669
44.0,96.0,144.15013122558594,-1.0337200832080793,2.6907313674790103,-4.930679591756007,-4.988291518173134,-2.4903504509675223,1.3296142037496894,-0.5398839639599995,4.77428542371108,-0.7953034543932223,1.0056543293890314
44.0,96.0,143.87496948242188,-1.0286917711390997,2.680276297922757,-4.920180275018513,-4.981703793638512,-2.495633552380592,1.3435795057874331,-0.5384542017539111,4.768427295670064,-0.7932327685612739,1.0082629353260328
44.0,96.0,143.84457397460938,-1.034442623294412,2.6784520519707824,-4.906218993272407,-4.976625881073117,-2.497784531167857,1.3466633989221988,-0.5443970157117004,4.776135982765226,-0.7921539585739481,1.0142087565729332
44.0,96.0,143.80836486816406,-1.0364453857337566,2.6830796701788184,-4.909563551284752,-4.977779095303071,-2.4978158658130583,1.3479600905806235,-0.5405439191383907,4.780214733008823,-0.7912055910683691,1.0132549339487245
44.0,96.0,143.80789184570312,-1.0306376803454875,2.680638006800546,-4.917553999166323,-4.968157259364539,-2.494879546520878,1.343898605266837,-0.5367040919633403,4.773953061668669,-0.7880042150641522,1.0109158048112254
44.0,96.0,143.89309692382812,-1.0402003853291475,2.676520100162234,-4.921579688038039,-4.981808182957603,-2.5011685169996536,1.348081644443547,-0.5423497605178307,4.786551981257288,-0.785986174221275,1.0144328154573143
44.0,97.0,143.8680419921875,-1.0309102959308678,2.6878888723969414,-4.912576157872088,-4.983591685448528,-2.5008555478350862,1.3433301928114014,-0.5315404871976623,4.773979514930113,-0.7894267638746717,1.0105320028604536
44.0,97.0,144.1858367919922,-1.029990292425925,2.6818394373952,-4.917757990168727,-4.957897403084628,-2.4894953423228565,1.3396579426076496,-0.5413856108272199,4.77764287023075,-0.783681075346518,1.0048252112919511
44.0,97.0,143.837158203125,-1.026731726956918,2.6739086402402004,-4.920114562618168,-4.985414619325514,-2.4999908607633143,1.346121347948019,-0.5398172092505957,4.776860920887707,-0.7908117393109677,1.009931081508043
44.0,97.0,143.8383331298828,-1.0410171601734146,2.6749424262758845,-4.9258043018906745,-4.979460152611701,-2.50254002871691,1.3454362419359054,-0.5366162246209081,4.773939093943765,-0.7923703237299851,1.0116607616489093
44.0,97.0,143.7926483154297,-1.036991806999012,2.6786180587665243,-4.922042359264281,-4.980389900796956,-2.4923397304919224,1.3405562005928608,-0.5372547770866465,4.776727944661758,-0.7879563100248479,1.0111751686125905
44.0,97.0,143.90089416503906,-1.0388068877015462,2.6776293205509694,-4.9209388654383845,-4.9737629690005605,-2.493929044245508,1.3468775781782156,-0.5417932473137466,4.780020745986693,-0.7915502427358687,1.0077267182719654
44.0,97.0,143.77182006835938,-1.0328634033817838,2.6879525721399444,-4.916844886514774,-4.976346348196696,-2.4916789636006325,1.339131199662015,-0.5407406140047621,4.774402843787236,-0.788520697622122,1.013138025996966
44.0,97.0,143.99951171875,-1.0388076733652225,2.684260217270692,-4.912892900759219,-4.971949075945212,-2.4945158129504814,1.348879313991782,-0.5371298696801317,4.7621818166038405,-0.786054113271538,1.0099173133091046
44.0,97.0,143.88177490234375,-1.034233543271183,2.6857695408531823,-4.915329914007419,-4.9676221376973,-2.487289389323202,1.3436556677358509,-0.5370086369577889,4.781053480435881,-0.7898384093080715,1.009360641477409
44.0,97.0,143.7802734375,-1.0271079368157698,2.68358173551312,-4.924548222084197,-4.98363085268696,-2.4995782660367816,1.3406857625918276,-0.537948884325326,4.782944920374526,-0.7907030346980273,1.0114035646815172
44.0,97.0,143.86618041992188,-1.0417998895844702,2.6899348100155143,-4.915464852898876,-4.9881157316032585,-2.4971442140357243,1.34401920359368,-0.5372247033845827,4.778673110758472,-0.7931373643007191,1.0114607066212074
44.0,97.0,143.8150177001953,-1.0284961367282488,2.677969938489909,-4.919097845033544,-4.982298214228055,-2.4881254662755707,1.3392044043171651,-0.5351637400985751,4.771397026814148,-0.7901996137670375,1.013586536403298
44.0,97.0,143.86599731445312,-1.042341245412603,2.6904834984182706,-4.921468191647891,-4.980815953603175,-2.4931006814533423,1.3439805791898332,-0.5377615814048164,4.772307257353605,-0.7878820449857535,1.0105238070282372
44.0,97.0,143.91375732421875,-1.0219769801253142,2.68066964176737,-4.918915435641226,-4.970988159867444,-2.498000840447542,1.3447216228270538,-0.5387327391183918,4.779131451346062,-0.7856925471522294,1.0084011155784802
44.0,97.0,143.89259338378906,-1.036144601128202,2.6943631560332646,-4.921976471654117,-4.987160900669165,-2.497944375648568,1.3406865050299572,-0.5325923329666651,4.774172218787447,-0.7914959775539296,1.0100614291903174
44.0,97.0,143.8889923095703,-1.0384087507429252,2.6838441280130576,-4.904515805968583,-4.973018694648517,-2.5004178608494194,1.3449614324194092,-0.5354993041451248,4.771831193632236,-0.7867691848871283,1.016114717347838
44.0,97.0,143.7998046875,-1.0305451655675486,2.6736559439047785,-4.91999355371529,-4.985991800603816,-2.4958682834218986,1.3405614372531218,-0.538143974757773,4.783783613636897,-0.7904366609592648,1.011290817733946
44.0,97.0,143.84861755371094,-1.031966512765894,2.6865138116577985,-4.922102470679046,-4.991413008921659,-2.49249173692732,1.3393723833717963,-0.539638573320925,4.778336401450035,-0.7940995444730579,1.0113393917993303
44.0,97.0,143.87611389160156,-1.0417255638321017,2.675593173505809,-4.919639354165706,-4.972594043350317,-2.4906730193008886,1.3380242832522835,-0.5390989794769236,4.773831041065648,-0.7865720535998042,1.0104830700664866
44.0,97.0,143.78126525878906,-1.0330110509039554,2.682999880105382,-4.916611939674302,-4.977048071971094,-2.492179255637568,1.341705574242801,-0.5372159342378744,4.773099271888595,-0.7895936232865761,1.0108349775808971
44.0,97.0,143.84703063964844,-1.0318178127170503,2.685552101566701,-4.903751073879709,-4.972826769542347,-2.4914818577391635,1.3425041433142813,-0.5413678402016071,4.772798210664339,-0.7914880319571775,1.0118500150098215
44.0,97.0,143.83872985839844,-1.0362683018513517,2.686458725124532,-4.911787360157116,-4.979835097541598,-2.5016880595543003,1.34075585648839,-0.5425548012183343,4.77255254095158,-0.7887852261842108,1.0099630794103105
44.0,97.0,143.78941345214844,-1.0330416492706678,2.686132483123477,-4.925917706179089,-4.985434516308171,-2.4921613314491613,1.3421934016672852,-0.5397457709032132,4.778221881603027,-0.7918973724350415,1.0119039640961125
44.0,97.0,143.87318420410156,-1.024757037612924,2.6779485110790766,-4.92465033027449,-4.975637464491094,-2.4891031363366127,1.3442346528637694,-0.5371020363523114,4.767099541150598,-0.7887701343145608,1.0106379461452262
44.0,97.0,143.80307006835938,-1.032141259942697,2.6897423564474447,-4.918270811087905,-4.976209143828415,-2.496624101367476,1.3440920360211308,-0.5320342034105705,4.777474908229056,-0.7908646327665689,1.0145063108099397
44.0,97.0,143.91961669921875,-1.0304264203350135,2.673418954884008,-4.914582715193224,-4.978625789442314,-2.500364876597595,1.3346031136732002,-0.5427891572622832,4.782283224164974,-0.7867857053613783,1.0082667383237816
44.0,97.0,143.79917907714844,-1.032025493343451,2.680289935364674,-4.928766850804237,-4.977619665255247,-2.4982957760854125,1.34049115287805,-0.541337978555104,4.782124585766102,-0.7943165400929004,1.0118151001067668
44.0,97.0,143.83047485351562,-1.0296875670008054,2.6873159682161374,-4.917045445449681,-4.98259440118623,-2.4962906558140485,1.349911824701577,-0.5396614008631637,4.77870389622003,-0.7903489163536097,1.0107448672682606
44.0,97.0,143.80160522460938,-1.0299754392448477,2.6866949199961576,-4.921756541937305,-4.969359612173524,-2.49302844810862,1.3374671345308276,-0.5363731013399686,4.769085451130682,-0.7907491765117411,1.0132985041806206
44.0,97.0,144.03956604003906,-1.0387832461271065,2.686388153710456,-4.895683574679293,-4.976422507023487,-2.491187368029331,1.3485681629535868,-0.5326476837077472,4.777018062630983,-0.7866442356606136,1.0118889126959898
44.0,97.0,143.8416748046875,-1.0286553328436443,2.678943371753948,-4.900606444060633,-4.971771247919353,-2.4975362819819704,1.3415679746426878,-0.5407551853171846,4.781550291578009,-0.7902530829815033,1.0137474200744645
44.0,97.0,143.97164916992188,-1.033811013521265,2.683657411674419,-4.896921079385415,-4.980426256469958,-2.4953430499359075,1.3420390152816086,-0.53418960935171,4.779140936388799,-0.7839677630927229,1.0148381770190982
44.0,97.0,143.89700317382812,-1.040504677326655,2.6750098422058954,-4.920479431747951,-4.971813795917873,-2.492167462312393,1.3355488775850493,-0.5368066904408355,4.770815407655709,-0.7919834520131053,1.0091443469605306
44.0,97.0,143.84690856933594,-1.0302001173603077,2.688764064509364,-4.918045123124434,-4.98380257718904,-2.486993866986525,1.3373373612864805,-0.5352885399595211,4.773305247102575,-0.7887307807581578,1.012147558040823
44.0,97.0,143.90899658203125,-1.0262771125663752,2.688535270564545,-4.912014722352993,-4.98135952152391,-2.4925716719612785,1.338913386854185,-0.5447794010336526,4.777804439865225,-0.7839485272669071,1.0129693533513535
44.0,97.0,143.79058837890625,-1.028380878608805,2.6818259219852205,-4.927395664025322,-4.978998610758319,-2.496173199698449,1.3393605154091484,-0.5417660759602896,4.775291294837189,-0.7883963349239176,1.010851127104301
44.0,97.0,143.81784057617188,-1.0390311866972048,2.679210039046575,-4.928726419239202,-4.975997653085882,-2.490979377492664,1.3356751437992234,-0.5381965721383866,4.77795305990643,-0.7900603716234587,1.011870873258898
44.0,97.0,143.80088806152344,-1.035328271639412,2.68878330883492,-4.921314122932601,-4.9670845599776445,-2.5034233599127216,1.3447260764644735,-0.5390428902827029,4.7743388228130765,-0.7906745682760201,1.0140993142178392
44.0,97.0,143.7864532470703,-1.036505803587099,2.6809605085804025,-4.924684647826722,-4.974480565780415,-2.491951138336184,1.336079224622237,-0.535964665837473,4.778821993832366,-0.7889606385423322,1.0142872806973369
44.0,97.0,143.77725219726562,-1.0291375084356442,2.67439775333279,-4.91916931418431,-4.97758223765608,-2.4953054900023552,1.3351919860613837,-0.5401416107851951,4.774605367826117,-0.7899822838830586,1.0152314075811244
44.0,97.0,143.7897491455078,-1.0323510056977678,2.68096793056206,-4.91912387495929,-4.982458913616788,-2.501143911319844,1.3461370220512814,-0.5347470611427898,4.781794745594311,-0.7902577220838705,1.0124630331073723
44.0,97.0,143.85064697265625,-1.0284313455874363,2.686189677058108,-4.919849210252818,-4.982581942187581,-2.484468377028604,1.3425695964568956,-0.5352910091957384,4.778031813743993,-0.791034352958258,1.0118292490993124
44.0,97.0,143.8838653564453,-1.0401150863076172,2.683680291046384,-4.921674690761464,-4.978124565798143,-2.4985692334881064,1.3470285298201103,-0.541859267938718,4.76273691160419,-0.7896054406349631,1.012270402044388
44.0,97.0,143.7819061279297,-1.0320610229434073,2.675625241913385,-4.916556663472475,-4.974660538867914,-2.498703776962629,1.3447779589962794,-0.5402705252711817,4.780231568230274,-0.7900627882348319,1.0110529528523262
44.0,97.0,143.9025115966797,-1.0377386154524002,2.67712960049219,-4.9356771351227104,-4.968326614759572,-2.498063301245604,1.339639946366474,-0.5351777557517536,4.772498962799823,-0.7884771933410075,1.0100615349328326
44.0,97.0,143.8853302001953,-1.0413791524872336,2.6922453924709133,-4.914048908818104,-4.985320077021705,-2.492836736342314,1.3388143057363493,-0.5360433996561351,4.785186650409381,-0.7919763139823957,1.0110163198022173
44.0,97.0,143.79310607910156,-1.0324867010740837,2.6813316082343217,-4.92497177649431,-4.981213161529516,-2.495016228902774,1.3334432606069877,-0.5393505332182489,4.777190722495529,-0.7929098081826238,1.012471920587874
44.0,97.0,143.84310913085938,-1.0400467264684012,2.692187373379351,-4.921177760375071,-4.981864205315367,-2.5005570042204224,1.3367751095466698,-0.5405475409633489,4.786472925861155,-0.7878294054253425,1.0134045825200086
44.0,97.0,143.82223510742188,-1.0313397239486388,2.6770597735276693,-4.910250480492939,-4.975425028547452,-2.4932269538281733,1.3419217051627328,-0.5386027961708724,4.772684638279573,-0.788701091864028,1.0100954784150673
44.0,97.0,143.81460571289062,-1.031936186463147,2.6922861456171487,-4.921317034452362,-4.976230473609735,-2.49602040403801,1.3492851640190162,-0.5411971020967066,4.77599038037067,-0.7894265533077727,1.0136709008644242
44.0,98.0,143.797607421875,-1.03140484193279,2.67864813334403,-4.915238523510532,-4.981083078978342,-2.501176602672824,1.338582535024269,-0.5414139810824246,4.772518791561208,-0.7943250476186812,1.0148668554387497
44.0,98.0,143.79103088378906,-1.030876755280134,2.679692626412238,-4.926951959063149,-4.97675669203479,-2.4971418858895653,1.3352325491187838,-0.5381761142670571,4.781559256951628,-0.7868648403085174,1.0135141358245745
44.0,98.0,143.81809997558594,-1.024972848550585,2.68113894026256,-4.923178308516894,-4.979544100467519,-2.4982057890297864,1.3422996348651193,-0.5369954633278038,4.7743421213254695,-0.785120287677322,1.012513510048203
44.0,98.0,143.7664031982422,-1.029958413053297,2.68522251119633,-4.920815919146835,-4.986098642004239,-2.49640694830263,1.3437503836362037,-0.5378033387596401,4.776959944662686,-0.7895541480657942,1.0127213059472142
44.0,98.0,143.80702209472656,-1.042454734470708,2.685450695736304,-4.926932661186827,-4.981344776447894,-2.4924955810421574,1.339723198647402,-0.5394496973112428,4.777147575088302,-0.7907625531791389,1.012816372117178
44.0,98.0,143.80027770996094,-1.0300750225719222,2.6808435785991307,-4.926839647104062,-4.9784202461783,-2.4930454762801486,1.332899867794243,-0.5408533581650392,4.775092397426029,-0.7921579023236394,1.0139810795490876
44.0,98.0,143.88235473632812,-1.0294395815952235,2.6660636973744243,-4.920584101536894,-4.975172408420479,-2.4999370860063146,1.346022897279216,-0.5335882328786337,4.785275061736607,-0.7907119158309222,1.016034311665476
44.0,98.0,143.8034210205078,-1.0301874932569364,2.684035170382637,-4.922943282529238,-4.987185564225357,-2.4967837292868533,1.344399718545496,-0.5357755697175124,4.775667647203342,-0.7885807534819191,1.011456851089319
44.0,98.0,143.77374267578125,-1.0339327443235198,2.688353074270664,-4.923840808274301,-4.982172875093619,-2.496721094803151,1.3369571766328416,-0.53758499103599,4.781906085897212,-0.7902750071208677,1.0123209943539848
44.0,98.0,143.7985382080078,-1.0310364138330217,2.681703879132896,-4.92345567645652,-4.981465149575287,-2.4879666333495942,1.3422290595323965,-0.5381616948262167,4.771907240482973,-0.790206055717448,1.0120693599349764
44.0,98.0,143.81564331054688,-1.037525043813717,2.685737698327091,-4.91965448374694,-4.981827945331145,-2.495460217708235,1.3358541988602202,-0.5421057929814541,4.772435352138606,-0.7940236606388478,1.0141289495824832
44.0,98.0,143.8267059326172,-1.0275563301477746,2.6702059717607165,-4.910741161784097,-4.975111473969309,-2.501385918207509,1.3414183357690987,-0.5369959717641812,4.778814722701238,-0.7923057532959463,1.0114956707809792
44.0,98.0,143.8324432373047,-1.0286760611797163,2.675439673653597,-4.915751536892071,-4.980283909956646,-2.4963956198332005,1.3360957426950757,-0.5342131839783679,4.77178582222394,-0.7902941451432053,1.0105870934997672
44.0,98.0,143.7821807861328,-1.026650444116827,2.687352965306528,-4.912395368415104,-4.973850003340507,-2.496195191860014,1.3365742722259206,-0.5377737246074075,4.778404878039158,-0.7920300105485509,1.0135339622659112
44.0,98.0,143.75314331054688,-1.0299213985589626,2.679693662900772,-4.922610232612955,-4.983233307794517,-2.497101566505895,1.34266175686985,-0.5364916426571886,4.777663812318252,-0.7918226734920033,1.0139993864160832
44.0,98.0,143.86520385742188,-1.031110082620331,2.67693185050668,-4.926961963821577,-4.988606862440592,-2.4889768512064183,1.337833850411637,-0.5368367175499369,4.786837147769735,-0.7897704283066513,1.0160162195457678
44.0,98.0,143.81344604492188,-1.0262512737338474,2.6820994134188147,-4.930392730351594,-4.979985697981181,-2.490727660087754,1.3369432053294092,-0.5364568618530399,4.775502621489716,-0.7904285198510461,1.0122263035960692
44.0,98.0,143.85177612304688,-1.0352121530352356,2.6731605104290246,-4.912521074983956,-4.978715025254201,-2.4877715037872883,1.3438538732278102,-0.5389594986557276,4.772789079696068,-0.7940512391803267,1.0130556057426627
44.0,98.0,143.7598876953125,-1.0277501939046123,2.6862408516663283,-4.920398092111432,-4.977572449411087,-2.4941559974871392,1.344097624685916,-0.5374555396101632,4.774160949152414,-0.788958202002398,1.0144016147656316
44.0,98.0,143.806884765625,-1.019882784572224,2.682289094627272,-4.916029617364601,-4.980443930401656,-2.4965686834025966,1.3439589694789786,-0.5364932245046141,4.7801091494558925,-0.7895203321046482,1.0134881774538955
44.0,98.0,143.79364013671875,-1.0262090442234388,2.68170825973579,-4.925528122144671,-4.978456249688974,-2.491934793984699,1.3413940231740469,-0.5336974328787409,4.774744163896582,-0.7897038386256554,1.0133493483234144
44.0,98.0,143.830322265625,-1.028604605245636,2.692751709632472,-4.920743132704245,-4.976180928242319,-2.4981538317216083,1.3441827115169849,-0.5358944866049518,4.773327456333421,-0.7865438048947118,1.0112220432791723
44.0,98.0,143.85707092285156,-1.02808498657852,2.689398012165219,-4.910413193821753,-4.977384839521261,-2.4903867722056505,1.3348034878480934,-0.5333794954492186,4.778780529097844,-0.7897907130332582,1.012548171090616
44.0,98.0,143.7948455810547,-1.0265410122143956,2.680502411350707,-4.925948269963444,-4.982765922061835,-2.496064628246226,1.341979412231316,-0.5355649449269242,4.779999898501135,-0.7876178616627758,1.0121157524044992
44.0,98.0,143.81796264648438,-1.0326737229450051,2.686573416485873,-4.928966943491261,-4.976634197243175,-2.4993631371496767,1.3466402427901478,-0.534762187130525,4.777961906749628,-0.7907559181542663,1.010785178440185
44.0,98.0,143.83389282226562,-1.0304165498614108,2.667563884661881,-4.919400445495686,-4.982850504512308,-2.498827866775184,1.3454981990447,-0.5356520630856494,4.78007522785736,-0.7922707175940626,1.0146631525854453
44.0,98.0,143.7842254638672,-1.03209993987058,2.682170461155163,-4.918300375148504,-4.98094055451867,-2.4977121269690112,1.3338845222266382,-0.5374184374507882,4.7773403187637005,-0.7875680051142044,1.0130982884685018
44.0,98.0,143.80880737304688,-1.0283177406590442,2.6854927328140725,-4.925689340633856,-4.981244875138401,-2.495290126472363,1.3379768103114902,-0.5320654609597586,4.775638698807414,-0.7918032977703175,1.0139801301427864
44.0,98.0,143.784912109375,-1.031346065069092,2.680017310884727,-4.912263257937328,-4.973712975804927,-2.4905850587366896,1.341093184071135,-0.5411161150705688,4.772276606456158,-0.7907278593017626,1.0143735144718944
44.0,98.0,143.8109588623047,-1.0343624887710954,2.6753357193088023,-4.916864761680488,-4.975059705370002,-2.49107119989475,1.337427724918859,-0.5402236043723638,4.777055707475515,-0.7887116306887085,1.0105553358112491
44.0,98.0,143.83438110351562,-1.0291413401969445,2.676546386594026,-4.9288850216266855,-4.980142397969178,-2.489767346220652,1.3365975495752282,-0.5403706189769588,4.774915080780589,-0.7933346300496806,1.0163695821674033
44.0,98.0,143.78997802734375,-1.026992239397246,2.672539886010096,-4.923941176709433,-4.983638489273114,-2.492425737839412,1.3407404341897404,-0.5401375595679649,4.775657805135147,-0.7892999312435549,1.0135742458136576
44.0,98.0,143.8627166748047,-1.0328098692258072,2.682893418856226,-4.911230325454904,-4.980605309696325,-2.487183023526278,1.348966893494488,-0.5367268330490491,4.775320782270384,-0.7899991005644011,1.0150727278545997
44.0,98.0,143.91641235351562,-1.0377535637103468,2.6842254258686165,-4.926074254947773,-4.992741370832626,-2.492724405022362,1.339843766093419,-0.5351691791754849,4.785536891728318,-0.7865577700866657,1.0111918941994444
44.0,98.0,143.8104705810547,-1.0331922177666533,2.6802260920831387,-4.911381377713143,-4.976522348789375,-2.5007175287978582,1.3462529327442685,-0.5374937076299577,4.782415243440712,-0.7915091662440661,1.010735837578669
44.0,98.0,143.804931640625,-1.036965754431889,2.6812384516157195,-4.918971586435196,-4.981859659347001,-2.4888356103860203,1.336657421293472,-0.5379811632402038,4.7761799453783045,-0.7899695129202051,1.0119467415156258
44.0,98.0,143.81814575195312,-1.041124751827275,2.6843499893994096,-4.922898263793425,-4.980225160445944,-2.495974973494341,1.3459900973040826,-0.5394496660015964,4.785673119508335,-0.7890513702871935,1.0123232094736618
44.0,98.0,143.83328247070312,-1.0260336267448484,2.689314413395934,-4.919896375003754,-4.973800292277083,-2.4915840921995063,1.334491421233885,-0.5419023555578875,4.781710460205012,-0.7872834467278489,1.0138569648753206
44.0,98.0,143.8370361328125,-1.031802352501285,2.682018366626762,-4.917010245701817,-4.978904470154715,-2.4930017795223587,1.339129195014622,-0.5388600212439023,4.774883293969962,-0.7968181976529145,1.011699479996091
44.0,98.0,143.8298797607422,-1.0356823998153497,2.6687192564451934,-4.92050742889046,-4.969295189938907,-2.494809912541089,1.3392092541837428,-0.5391810032148294,4.776117926715342,-0.790816814379097,1.0169810530932812
44.0,98.0,143.86782836914062,-1.031609656494882,2.6902277401606867,-4.924809363910174,-4.967026442299379,-2.489834702819148,1.335866830460592,-0.5376917098023384,4.77172392953057,-0.7884114751771616,1.0109994423242572
44.0,98.0,143.83651733398438,-1.0250320634259795,2.674933345251902,-4.928238781900209,-4.984131969953978,-2.5056385729873347,1.3421486189340437,-0.5396379136845377,4.777904140966662,-0.7927741916666422,1.011927387090057
44.0,98.0,143.85855102539062,-1.0350737696211765,2.6819326210959566,-4.923126768869343,-4.985080170201323,-2.500794877409628,1.336107504102218,-0.5346000549930885,4.769497626974991,-0.7938979674685376,1.011210677286809
44.0,98.0,143.8359375,-1.035413685494829,2.676546357528748,-4.924830627277813,-4.9827484305992575,-2.496640763546752,1.3411749101097374,-0.540471558333997,4.77683054371658,-0.7917033135722491,1.0085906389240238
44.0,98.0,143.85877990722656,-1.0381055539280242,2.6833162663901646,-4.913032590434218,-4.964205150951968,-2.495649104928616,1.3383144893623191,-0.5379562585088173,4.768959401724564,-0.7879682907635059,1.0122609941166338
44.0,98.0,143.8701934814453,-1.0244632974639796,2.6777769826970825,-4.911379349105532,-4.974959260354596,-2.495375066190459,1.3402980352358238,-0.5368023152330395,4.771461016473802,-0.7927060821894409,1.0089294115131473
44.0,98.0,143.80258178710938,-1.0333300037962911,2.680590904328575,-4.916683570057301,-4.970932221657907,-2.4933261393834782,1.3374245639262163,-0.5396557578578252,4.770624425901943,-0.7868638435065858,1.013674304155372
44.0,98.0,143.8021697998047,-1.0277355116834652,2.6853771993058206,-4.925960530646289,-4.982045370307429,-2.494002835287332,1.3412762933808595,-0.5436425184607376,4.781353891991895,-0.7929097980196644,1.0125641446360865
44.0,98.0,143.81961059570312,-1.0330686889373997,2.6889783013759105,-4.918878055576679,-4.970251497422026,-2.5016623442328334,1.3430861095271798,-0.5341533329675894,4.772809795158285,-0.7935219287328534,1.0124602903153477
44.0,98.0,143.8216094970703,-1.027503684942929,2.679027050369004,-4.932658166665281,-4.983637353288144,-2.493373283319543,1.3374551225978155,-0.5388175040431697,4.782011321054229,-0.7918524019080531,1.01579955598954
44.0,99.0,143.7845001220703,-1.028926651571764,2.681784176197982,-4.917547058404978,-4.9817723775448775,-2.497331249446193,1.340515812726773,-0.5375644676574858,4.780611328223017,-0.7864676504299766,1.0119328392359384
44.0,99.0,143.7970733642578,-1.027260912059338,2.6816772855191964,-4.927785491689899,-4.987329513075307,-2.498712630509468,1.3380089379630569,-0.5404694850016858,4.778967918729677,-0.7926805694404919,1.014470488745692
44.0,99.0,143.8883056640625,-1.028427866313799,2.687716919469768,-4.911318923980316,-4.983879636207644,-2.4869575645044364,1.333450728702533,-0.5379710745358954,4.769810271853814,-0.7922003948865601,1.0147157166589142
44.0,99.0,143.75416564941406,-1.030492113230812,2.684186444238911,-4.920348529622423,-4.983837754608112,-2.495184561632528,1.3385410958369377,-0.5388141573860743,4.774080367634637,-0.7908291901962023,1.0150284038801534
44.0,99.0,143.78353881835938,-1.0271243317919332,2.684359051140383,-4.924072510982085,-4.983293827564697,-2.499586153216621,1.337366732262378,-0.5357529517795125,4.781239857329096,-0.7924263018591473,1.0143987504238074
44.0,99.0,143.9844970703125,-1.0406912080742483,2.6748316830453955,-4.9124536536603465,-4.96863803428604,-2.4858906690509337,1.33526727245639,-0.5343220135040339,4.776848907914253,-0.7869481959806102,1.0098008996200658
44.0,99.0,143.8101348876953,-1.025228867998624,2.683625209905607,-4.915099774349902,-4.974995370453873,-2.4953772967144072,1.334403343511534,-0.5371062683730488,4.784840422892644,-0.7884792864395935,1.0133941799840418
44.0,99.0,143.7918243408203,-1.0352555342651244,2.674082369993834,-4.926068806006102,-4.981937127464732,-2.4944853086579224,1.3370075225408715,-0.5366350174889103,4.780685084847383,-0.7888591776950094,1.0131811932381076
44.0,99.0,143.90316772460938,-1.0322143812815083,2.682181711386619,-4.9190444124129655,-4.992066310045371,-2.5000556413228603,1.349533270031622,-0.536032973093377,4.780574036624049,-0.7900167153673996,1.0099295029857291
44.0,99.0,143.83604431152344,-1.0273311077325378,2.6891330434669847,-4.92361499958884,-4.984563702623083,-2.4957618523891894,1.34131989268203,-0.5339607093445249,4.7780832557353765,-0.7948127515417411,1.0124125077437194
44.0,99.0,143.7927703857422,-1.0365275231764128,2.6827999054299854,-4.914316539787013,-4.982582111089415,-2.4993591400513617,1.342631012871812,-0.5414893540262273,4.773714666706155,-0.7891749218408268,1.0112757517007909
44.0,99.0,143.76370239257812,-1.0318533490573776,2.676575192591457,-4.918119945414162,-4.98497344285708,-2.4948060519871578,1.3423073155593048,-0.5386332190387915,4.777349974690084,-0.7894022445463165,1.012921943733362
44.0,99.0,143.80271911621094,-1.0335679055194422,2.6746755032416942,-4.919272564791031,-4.9822878492567,-2.494859236622063,1.3440626925046608,-0.5372148125978722,4.778964672492991,-0.7933050683295653,1.0109632213758433
44.0,99.0,143.811279296875,-1.0342006025496122,2.681003170687207,-4.9155229956654125,-4.985323559595413,-2.49253283182418,1.3387536483144116,-0.5376479486707186,4.77617081753106,-0.7948281476462942,1.0148963736907977
44.0,99.0,143.81695556640625,-1.0323322002559427,2.681812247041848,-4.927259980667851,-4.975349570825407,-2.490291236678574,1.3338247893505129,-0.5421202431039296,4.773044671215166,-0.7913623614685159,1.0147422526720016
44.0,99.0,143.7576141357422,-1.03292654824949,2.679559747721302,-4.925332174833934,-4.982299600231306,-2.495866328780265,1.3427991341681809,-0.5401262076465043,4.779255719323452,-0.792110393033,1.012851220360921
44.0,99.0,143.7831268310547,-1.0319986700163497,2.67930410329514,-4.9263187161370965,-4.986783674903111,-2.502536740391638,1.3430910961048967,-0.5399701769005114,4.781005188589077,-0.790264064811824,1.0138218746737255
44.0,99.0,143.8532257080078,-1.0268257793578668,2.684390011697912,-4.925641456600662,-4.977253507572351,-2.496432129493224,1.3352904374225023,-0.5417765718291268,4.775177903000676,-0.7855035675119426,1.0172759044037205
44.0,99.0,143.75978088378906,-1.0367354126527246,2.6838595620592374,-4.920591670016802,-4.97805880598844,-2.4991779480143625,1.3382374715243746,-0.5368775931572696,4.775878718356832,-0.787936867064368,1.0141251986691433
44.0,99.0,143.78768920898438,-1.0345048877612637,2.6810124878173767,-4.918489706272661,-4.969696346845492,-2.494788444810272,1.336615912121644,-0.5418007901796855,4.7773823532036594,-0.7880407402386265,1.012798626664427
44.0,99.0,143.81980895996094,-1.037964426346015,2.681450001647036,-4.923113821861024,-4.976368974100633,-2.492233419608003,1.339074339534834,-0.5357991131966617,4.776148279903525,-0.7861847391482311,1.0116243286608562
44.0,99.0,143.8118896484375,-1.0368530839084,2.689503915676492,-4.920918003630852,-4.982139266430466,-2.499356420259452,1.3462175170634838,-0.5355592002928624,4.779485113067114,-0.7900569750266015,1.0112024367074133
44.0,99.0,143.78504943847656,-1.034906833006119,2.6842102724079906,-4.9157022561905634,-4.978924540942455,-2.4917312596055927,1.33925208287139,-0.5383129706077536,4.782673020017183,-0.787452431880169,1.0127814560532542
44.0,99.0,143.76710510253906,-1.0331655313349453,2.68113526892375,-4.9169639286797615,-4.979186047441569,-2.494237953285128,1.3382663482637405,-0.5420660696370199,4.77379750100762,-0.7918315290730495,1.012428088328818
44.0,99.0,143.7805938720703,-1.036634630550802,2.6832910499863063,-4.916324411107477,-4.97373629190931,-2.493728402285244,1.3370812092676445,-0.5424981832877691,4.780452643606756,-0.7915265581773507,1.01379627367578
44.0,99.0,143.76712036132812,-1.028488917537382,2.6846750597076454,-4.928514597965608,-4.975001709596275,-2.4965477358893,1.33767007553012,-0.5370608666998571,4.779327061150331,-0.7886480641337332,1.013812527003834
44.0,99.0,143.8197479248047,-1.0301063630916891,2.6794918783624606,-4.920324205295079,-4.9748921173811365,-2.4944603538510672,1.345203734389063,-0.536665205561401,4.77418715756248,-0.7871855268691155,1.009991903182308
44.0,99.0,143.7698974609375,-1.031977535317834,2.687129163370772,-4.923556189164078,-4.971243437267475,-2.492374828226043,1.342672041258277,-0.5414915713788009,4.779032712741655,-0.7916072367259099,1.0134239449454068
44.0,99.0,143.82373046875,-1.0237625276827944,2.690442220607215,-4.916105367773951,-4.980530073426886,-2.4948171920887825,1.347381222129879,-0.5404085968399066,4.78014616563472,-0.7883760834650406,1.0139084035693138
44.0,99.0,143.80140686035156,-1.0377943242518457,2.682200503345779,-4.914565459134314,-4.977571405813871,-2.491560649986553,1.3366083925957728,-0.539771310685059,4.770571584700837,-0.7891045939427963,1.0139739359792008
44.0,99.0,143.80418395996094,-1.0308591181337308,2.6747584207721395,-4.923046037248587,-4.985501108826129,-2.4984669718663755,1.3381507451471872,-0.5356082534692463,4.779240167171867,-0.7901431798238079,1.017060829430206
44.0,99.0,143.77633666992188,-1.03257325130218,2.689230536883355,-4.916845823253844,-4.982024578865494,-2.4931705032843823,1.344023149664002,-0.5376383843552714,4.774935396864436,-0.7923834569594259,1.013547333376045
44.0,99.0,143.82647705078125,-1.0323787589658266,2.6737719431676368,-4.90976501827932,-4.977413717272772,-2.4902996240190234,1.3359577512668483,-0.5403768348165308,4.781001860515596,-0.7899094450400206,1.012224693731932
44.0,99.0,143.80560302734375,-1.0318989709807118,2.687067400216727,-4.924309723693611,-4.984126319325995,-2.494337844477525,1.3436310215744376,-0.5345663677058603,4.771927792151949,-0.7879719664701028,1.0131399240533838
44.0,99.0,143.7824249267578,-1.034863750883257,2.676903673566932,-4.91615283332194,-4.978580728362197,-2.4947181661051685,1.3437087985861336,-0.5368238579255733,4.771656294869384,-0.787903419852503,1.0135021162696445
44.0,99.0,143.83682250976562,-1.031182525577714,2.6929511489463387,-4.9258079091996265,-4.985793947404572,-2.49629367609376,1.3432770617606842,-0.5397919237320101,4.769855976247705,-0.7923912590389746,1.0113373374978032
44.0,99.0,143.77529907226562,-1.0347849545956538,2.682969979713528,-4.9189648852812,-4.975441259473849,-2.49396478565307,1.3400208624548655,-0.541684373476242,4.773622089484931,-0.7910807212377176,1.0169308579337502
44.0,99.0,143.8836669921875,-1.0302485644964745,2.680900324109958,-4.914201229182072,-4.960658667884054,-2.4980952033507653,1.3404617041474634,-0.5451627489941213,4.779092698878957,-0.7877528030855858,1.0155373116679742
44.0,99.0,143.85272216796875,-1.0289388866443798,2.684569781085898,-4.916274499370906,-4.985708417064337,-2.5047090356596,1.3331739925746362,-0.5397744471184032,4.780955110801061,-0.7896781547588834,1.0105478885975057
44.0,99.0,143.78541564941406,-1.0292169144250185,2.680444569716648,-4.923300949402361,-4.985510542783633,-2.500441235301947,1.3376264731132146,-0.5353362653705451,4.77562665242505,-0.7924347358585653,1.0141217283535582
44.0,99.0,143.74180603027344,-1.0290635211169112,2.6836081843860686,-4.921561203737872,-4.974546971794285,-2.4935519611183823,1.341068166579208,-0.5386088867287668,4.77869400165733,-0.7902642139359619,1.01285116439486
44.0,99.0,143.77822875976562,-1.0271318995766912,2.6840349391763327,-4.926702877961314,-4.977368439893734,-2.497457648402579,1.3437613247701732,-0.5346729463756503,4.781401996878158,-0.791207514688816,1.0149959560612896
44.0,99.0,143.77969360351562,-1.0290879173108485,2.682313556313681,-4.922941473393577,-4.978495576786006,-2.506266261102566,1.338822427550948,-0.5399293239552279,4.777728298242934,-0.7895938738757513,1.016154035351958
44.0,99.0,143.7954559326172,-1.0249558943030586,2.681443562661676,-4.918633161404536,-4.986526267117181,-2.498788303644957,1.3369554530049257,-0.5391964216703773,4.77726652887551,-0.7927413682602236,1.0130727373171975
44.0,99.0,143.8334197998047,-1.0258713748419217,2.678016999189918,-4.925637330628997,-4.976240679526211,-2.490117677442838,1.3349242282633478,-0.5359266428496534,4.772638475258002,-0.7931736123217226,1.0145847578344966
44.0,99.0,143.80160522460938,-1.0263718700706097,2.6772019799423035,-4.923619071879725,-4.986323840684194,-2.4962172550821258,1.3413302022122997,-0.5363000917114027,4.781632961690805,-0.7933512046530149,1.0134597436420512
44.0,99.0,143.8472900390625,-1.0353693491923943,2.6829169687806846,-4.916584988035474,-4.97430848460929,-2.489831635954291,1.3344908690810016,-0.5376849668169346,4.777665345861696,-0.7858686950360481,1.0162001361833235
44.0,99.0,143.7962646484375,-1.02797534853216,2.6878599185236363,-4.9113730420044535,-4.981223044233605,-2.498380421008096,1.3376977851948313,-0.5402941158203021,4.782469200067354,-0.7893550811560699,1.011785687371697
44.0,99.0,143.80990600585938,-1.0253846712707593,2.679990884991112,-4.9190353238979165,-4.98822232719212,-2.502958233306046,1.3390824346660013,-0.5393126067427794,4.773055250721171,-0.7923905595922944,1.0147027384204446
44.0,99.0,143.75836181640625,-1.0294683876215545,2.676166487351191,-4.921878965940206,-4.978810241424945,-2.4948679595733214,1.3436417474824838,-0.5391495627075411,4.772314501348765,-0.7896377943977395,1.0142267996744518
44.0,100.0,143.7784423828125,-1.0361329699641644,2.6755598668838285,-4.919871541962046,-4.974820312098116,-2.4917664470137293,1.3429020735120778,-0.5388069820556787,4.780004090203928,-0.7879678320284542,1.014023972029956
44.0,100.0,143.7896728515625,-1.0322497254133225,2.6908108509245743,-4.924379356498643,-4.974526820236738,-2.4932091102671574,1.339149983150164,-0.5384640766846918,4.773697248119198,-0.7903368800339923,1.011020925919798
44.0,100.0,143.84629821777344,-1.0339045174542258,2.690573166842584,-4.9169999510627145,-4.975264188115343,-2.4887671877502493,1.3473605950766334,-0.5387554794363849,4.77233491290742,-0.7902340120594813,1.0110843903928988
44.0,100.0,143.81317138671875,-1.0284661873458352,2.674256229394909,-4.919286003471585,-4.976986551290864,-2.489093271386783,1.3410375472219451,-0.5347922038660453,4.771117307816462,-0.789461075424069,1.0142939006396563
44.0,100.0,143.7674560546875,-1.0287500543073986,2.6790695917102125,-4.918848724552906,-4.977356011800732,-2.495194343338456,1.34501367907093,-0.536387361894044,4.774562580631477,-0.7893605050587755,1.0123705228086184
44.0,100.0,143.7957305908203,-1.0322263753523266,2.679046983926919,-4.917396288924116,-4.980020861343236,-2.497093262954553,1.346524555450813,-0.5368851778927226,4.782510228957598,-0.7868914100613518,1.01280444449473
44.0,100.0,143.80935668945312,-1.0240901160349516,2.6772743056432624,-4.919162721561371,-4.98845335576343,-2.4945297825721244,1.3440458403642648,-0.540554245089579,4.779694847303697,-0.7899657921226524,1.0138635052966265
44.0,100.0,143.81153869628906,-1.0384475268925035,2.6814094966174595,-4.924489832525885,-4.976731631283767,-2.491592782833429,1.3371536254139371,-0.5437817630405348,4.777611790579551,-0.7900936264592318,1.0158908295157287
44.0,100.0,143.79103088378906,-1.032846722097971,2.6857426890561324,-4.910287500598131,-4.97137590922436,-2.501026891409893,1.3356660201052906,-0.5404894509673754,4.778751981399424,-0.7905114681727516,1.013933847123548
44.0,100.0,143.798828125,-1.0236786411986951,2.678207234819477,-4.926074295425875,-4.983968430410939,-2.4970548120492624,1.3382230663547556,-0.5361396707258903,4.782220802080497,-0.7908262142857403,1.0131683474560402
44.0,100.0,143.7971954345703,-1.034647816819767,2.6800996288591348,-4.920060805890546,-4.984393052459286,-2.5001092626184644,1.3364586799776292,-0.5413639850276111,4.771117758204394,-0.7922742828307996,1.01543769745029
44.0,100.0,143.81463623046875,-1.0326470199011837,2.6806251063941167,-4.928712429264148,-4.971787987968761,-2.495288937820272,1.333151012901432,-0.5351515679169907,4.779116710513634,-0.7887090605410236,1.0138385517158277
44.0,100.0,143.7723388671875,-1.031528711791867,2.6892653421932886,-4.9206478060724015,-4.972033172489076,-2.5025363150302664,1.3426449510430771,-0.5380800791146925,4.774727296669742,-0.7893457842343512,1.0157715482513971
44.0,100.0,143.7938995361328,-1.028988465653395,2.67915841229484,-4.924714511205093,-4.984920131973929,-2.4978865242679933,1.3353928815669738,-0.536136285559385,4.774078693239057,-0.7902242259792045,1.0156148980591304
44.0,100.0,143.79733276367188,-1.029071216251264,2.6768240130548246,-4.925139027419714,-4.975515382586876,-2.5014342045058107,1.339082292860252,-0.543022805410466,4.779651224848591,-0.7888253012680755,1.0111226459950018
44.0,100.0,143.85121154785156,-1.0375119520913172,2.6759676395635923,-4.914322304889648,-4.971589745847304,-2.486168546937469,1.3432290128239197,-0.5412899465087548,4.7773941826753,-0.7877697401150527,1.0142189034804474
44.0,100.0,143.7884063720703,-1.029555549516605,2.677963418448056,-4.925761446160832,-4.98520559958984,-2.495988026065328,1.3382436220923086,-0.5430428616374714,4.780053359134076,-0.7908088513258145,1.014959106477229
44.0,100.0,143.7671661376953,-1.029279435538066,2.681237670834391,-4.924362871141264,-4.978099404324431,-2.49812807492754,1.3404629963423185,-0.5358073209745413,4.769512063441699,-0.7896965758197769,1.013873928879736
44.0,100.0,143.84066772460938,-1.0297934689185824,2.684852777517932,-4.929283006657048,-4.989050117007061,-2.497383228930859,1.34132350989902,-0.5442004363797261,4.779455084073639,-0.789844558115389,1.0114447297419904
44.0,100.0,143.79400634765625,-1.0365020634850657,2.679039335443953,-4.91699589481839,-4.975942342426085,-2.491376439509574,1.3405887143546105,-0.5391731788375971,4.77072571201597,-0.790178005625001,1.0166296210388213
44.0,100.0,143.78514099121094,-1.0343610097012137,2.68238245646576,-4.91403969522301,-4.975478658291534,-2.4937100716265364,1.3407403723997016,-0.5414008553064065,4.772618506965419,-0.7876075063906471,1.012339153972999
44.0,100.0,143.78811645507812,-1.032210621693496,2.6867642910809337,-4.9197243704263895,-4.975341911796961,-2.4945742103664585,1.335164609255184,-0.5397115476806249,4.768880224577677,-0.7903590740293227,1.0131801085332643
44.0,100.0,143.78321838378906,-1.0317595378623197,2.6778943474721704,-4.924658199128891,-4.97728332863774,-2.4931780342317804,1.3388437034708724,-0.5369928384753617,4.769288288941558,-0.7892314429291938,1.012570710135078
44.0,100.0,143.7677764892578,-1.0298747862706072,2.684903329617054,-4.9211622485841024,-4.971867664719076,-2.4923277859853368,1.341416762267416,-0.5377503835748545,4.777814339429884,-0.7927128355693345,1.0123032045062257
44.0,100.0,143.75791931152344,-1.028447346401424,2.6834523397051493,-4.921640484242342,-4.976985211463188,-2.49613840994604,1.339735145069204,-0.5413414634732678,4.779615459118139,-0.7915238611127275,1.0163991758497612
44.0,100.0,143.79954528808594,-1.0335244482707862,2.6790620079098773,-4.920444792393512,-4.98695963147245,-2.5008304350196258,1.3363245283224368,-0.5364716464709378,4.783348348206456,-0.7891451216850411,1.013208659716815
44.0,100.0,143.74720764160156,-1.0287744861930403,2.6819992439759988,-4.918730528978774,-4.978948082407989,-2.4995154930847456,1.3411794747534411,-0.5410124650435231,4.78221586431509,-0.7901321195604343,1.0149465748534858
44.0,100.0,143.77976989746094,-1.0390063993641894,2.6831401941712087,-4.91579247915945,-4.97600976509555,-2.4959113409104363,1.345100397395825,-0.5382716893557209,4.776726100717127,-0.7927281227189455,1.0133689221949869
44.0,100.0,143.770263671875,-1.030721105721469,2.6714321167275115,-4.921098648478929,-4.9801976135954655,-2.498521749765751,1.3371960516327863,-0.5385239069628556,4.776581691030641,-0.7898188287334289,1.0147789303063544
44.0,100.0,143.77667236328125,-1.0272002322730964,2.683562727789992,-4.930218495269843,-4.978178471209863,-2.4966742122991943,1.3416690644784517,-0.5350028609220701,4.777441807407168,-0.7898982065426692,1.0142858472259615
44.0,100.0,143.7835693359375,-1.0374441651466864,2.6807363053433715,-4.91904966008792,-4.984079279756621,-2.4956272407286635,1.3429308806352456,-0.5359239668464806,4.77749884609692,-0.7877905225859747,1.0136744560763544
44.0,100.0,143.7523651123047,-1.034497580548328,2.6777330729445463,-4.916188550736417,-4.975954703501064,-2.497582250910917,1.340326685107838,-0.5392636240838558,4.776947571511752,-0.7896887792944556,1.011861925267727
44.0,100.0,143.7431640625,-1.0281965343033588,2.681814681024808,-4.9227862137113485,-4.978400052673792,-2.4948700593020057,1.338566287886635,-0.5388787933152415,4.77534586679827,-0.789683328885971,1.0147415934638089
44.0,100.0,143.79745483398438,-1.035031480944947,2.684623267438707,-4.918086002666231,-4.9739299593197694,-2.493135517938461,1.3407664353820614,-0.5441558494671126,4.772979312181633,-0.7894167548712794,1.0118641877858838
44.0,100.0,143.801025390625,-1.035508734324174,2.680883556340508,-4.915967829976001,-4.967836548698855,-2.493782167716512,1.3351206569787335,-0.5411284434550048,4.776026050610621,-0.7896469494145624,1.0148266177140783
44.0,100.0,143.7806396484375,-1.0351791755190796,2.6803824696972187,-4.91783523409599,-4.98149021449128,-2.495072429916859,1.3451639666597748,-0.5407873098761362,4.772544873727677,-0.7910018389581799,1.0160348771017036
44.0,100.0,143.80117797851562,-1.0396186006572434,2.681561831932626,-4.925528477129222,-4.978836219282987,-2.489672487776419,1.3382216645423703,-0.5372492916833504,4.775908643668618,-0.7905838422467477,1.0123745417114396
44.0,100.0,143.81346130371094,-1.028630384335511,2.6838796016603164,-4.92206084124743,-4.978157356349688,-2.488393795749502,1.3432135034485873,-0.5394741321248917,4.77780814374179,-0.7865036304060187,1.0120970482679803
44.0,100.0,143.75538635253906,-1.0294471734558417,2.6819357674360225,-4.920488241906268,-4.977438680405179,-2.4996015740660527,1.338377099837695,-0.5391169117453698,4.777965569376672,-0.7883113295692166,1.0117137291815217
44.0,100.0,143.7896270751953,-1.0312759672218852,2.68189580578147,-4.925974903777664,-4.97380179801102,-2.4998183111239585,1.3373261396565257,-0.5405683697907548,4.775457610989808,-0.78613073169827,1.0134659488475384
44.0,100.0,143.86228942871094,-1.0226351501039388,2.6874977902207,-4.929873137994895,-4.990805555527228,-2.4954034471601783,1.3377810338875538,-0.5387786082423505,4.776969993696472,-0.7920030028584559,1.015654284190271
44.0,100.0,143.75241088867188,-1.035526322329062,2.678921028114938,-4.924795927041162,-4.980548607213021,-2.497337679837488,1.3410523330950683,-0.5367824697689025,4.776389352229343,-0.7907471766449738,1.0152653567965757
44.0,100.0,143.76828002929688,-1.0265409302019712,2.684014797452149,-4.925890341416303,-4.978762970321343,-2.4931971245921214,1.339714819560351,-0.5378896512907367,4.781157500640266,-0.7907181542558455,1.0157947362304025
44.0,100.0,143.77005004882812,-1.0329866291222718,2.6833876825192764,-4.916364784905983,-4.98502310996547,-2.4934295647964664,1.3412438009571463,-0.5375615785941417,4.77691809370139,-0.7906934200022615,1.015977466437091
44.0,100.0,143.80401611328125,-1.024241574553837,2.67607741917146,-4.927415283740523,-4.9807460710753455,-2.4958405043122034,1.3434993191147395,-0.5424922331147695,4.77501301913912,-0.7905837684197587,1.015642255246024
44.0,100.0,143.78146362304688,-1.0324251357679648,2.677035289856474,-4.918324458695118,-4.978626326375146,-2.49318682331458,1.3452513840255271,-0.5361036945007793,4.771141977604998,-0.7903732149377065,1.0145193059332938
44.0,100.0,143.78286743164062,-1.0385316953638024,2.6854166478511647,-4.920109299744126,-4.984344984808275,-2.4982992692805883,1.3417871468113685,-0.5368621188248195,4.77438652065932,-0.789528098027545,1.0120396785893997
44.0,100.0,143.77696228027344,-1.0283252820752375,2.675777378546053,-4.917256711029409,-4.97754286370719,-2.491946039862123,1.3376090037771036,-0.5415334109169194,4.775057534781681,-0.7900417593565594,1.0147019618303084
44.0,100.0,143.7700653076172,-1.0342479691412096,2.681282109876104,-4.927801511825332,-4.976826123163511,-2.497507097380111,1.3419724934344686,-0.5380105626820777,4.772636478307849,-0.7922304622774528,1.0160865825016243
44.0,100.0,143.7764434814453,-1.0371024459453078,2.680216652654397,-4.922893389864801,-4.973389797797133,-2.49007191108512,1.3385703413672545,-0.5393761856265211,4.780058424426372,-0.7914430599497937,1.0142513097412964
44.0,101.0,143.75454711914062,-1.0297057139360613,2.684259295762356,-4.921408829513314,-4.980395804597914,-2.4941803541196927,1.3384130339443248,-0.5372816267870721,4.7752355868849925,-0.7921799567701377,1.012834233790616
44.0,101.0,143.7650604248047,-1.0248473692664837,2.683252288703528,-4.917791254758128,-4.975027118116968,-2.4946407714241383,1.3388501627196492,-0.5394907576283616,4.772721003228396,-0.7915008681235296,1.0139970034534098
44.0,101.0,143.77098083496094,-1.0293723866057285,2.686758685001828,-4.919541151210506,-4.978969148380297,-2.4941581464964973,1.3387751107240318,-0.5396122558079757,4.776698616928467,-0.7938414124210773,1.0153873306523682
44.0,101.0,143.79502868652344,-1.0290367822018125,2.6855698146990514,-4.914848469663176,-4.970673652918245,-2.503921647544698,1.3402664627080014,-0.5395328655315632,4.773694065117144,-0.7884731055209748,1.016266851227023
44.0,101.0,143.7400665283203,-1.0331446906952686,2.679893268096442,-4.916210871360371,-4.977871034955424,-2.50051112794581,1.342137303039317,-0.5396522869554801,4.776680218070403,-0.7913859718549077,1.0140112961866974
44.0,101.0,143.7960205078125,-1.0254443126394723,2.6821140975318283,-4.92088804731416,-4.977249686795713,-2.497329913407411,1.3400516886935607,-0.5366634638516601,4.769326684428691,-0.7898250733458134,1.0169893298393626
44.0,101.0,143.85568237304688,-1.0216598363579044,2.6786016984696914,-4.921913133190403,-4.9841416654359065,-2.489476309844996,1.3343669615668414,-0.5381747766168417,4.7728522282309775,-0.7889257168720567,1.014346538450157
44.0,101.0,143.73617553710938,-1.033247672129312,2.679814996555936,-4.921612923855967,-4.97605826790242,-2.4951993248178432,1.3397430717811574,-0.5398771357379308,4.775661214664224,-0.7907982122477746,1.0131199059654623
44.0,101.0,143.76988220214844,-1.030141804436106,2.6786738513140467,-4.9283404434817,-4.979995409989474,-2.493008225333554,1.344014785835169,-0.5371183585916297,4.777533496799682,-0.7910742695819586,1.0131985765792724
44.0,101.0,143.74627685546875,-1.033749702431333,2.683816046030296,-4.91960352447886,-4.97593564079852,-2.497071762639704,1.343517289483306,-0.5404797066893625,4.777145907611555,-0.7922490058820655,1.012857388113253
44.0,101.0,143.7735137939453,-1.035754209877738,2.68095775351203,-4.919837230797349,-4.978146181376059,-2.498277026511568,1.3469525809193437,-0.5384435733611905,4.780590335990588,-0.7925912487965494,1.012832429574784
44.0,101.0,143.75802612304688,-1.0321397691724217,2.6745463133688707,-4.919514735434855,-4.97818308288705,-2.499058647034169,1.340196144872099,-0.5368671815439559,4.778504454397167,-0.788187235754739,1.0131000220806037
44.0,101.0,143.7706756591797,-1.0284991392735816,2.686651672861913,-4.924636448484403,-4.976902509318488,-2.4976249479687858,1.341389056337233,-0.5336122915330579,4.779087039517801,-0.7907324800416689,1.0136651180979674
44.0,101.0,143.7578887939453,-1.03645701629374,2.6829985943834966,-4.919133464054241,-4.973909034172937,-2.4982205884609336,1.3414524638578469,-0.5393628464452238,4.77675670829826,-0.7874318475928144,1.0133744441206494
44.0,101.0,143.7576904296875,-1.0329788205882489,2.6766276434976213,-4.920786107545967,-4.978941977014068,-2.4953863304949286,1.3422640630427027,-0.5392992989689862,4.77281481261131,-0.7886784683029928,1.0152445484083303
44.0,101.0,143.78189086914062,-1.0315982982784335,2.683525745476532,-4.923204303581265,-4.978771002135732,-2.493024159845245,1.3347364041410614,-0.5383928165948451,4.7796634480560165,-0.7877805576169044,1.0129316798596468
44.0,101.0,143.76144409179688,-1.031179978195211,2.679599159512759,-4.927611126347785,-4.975850085457031,-2.4998756976337466,1.3368265509920283,-0.5386574988202213,4.780139677271464,-0.7890094199188145,1.0144791355677292
44.0,101.0,143.79769897460938,-1.024612608892176,2.677003320364763,-4.921869542403755,-4.983425697377771,-2.492688200998645,1.3406459396871604,-0.5357647084408255,4.773844527784156,-0.7905817751532931,1.0155398872404264
44.0,101.0,143.75241088867188,-1.0295560643870316,2.676988251144431,-4.918872541078249,-4.977589064308956,-2.4962481353849792,1.3386197149759127,-0.5379335144917254,4.77776328592091,-0.7880045677377732,1.0144461482789795
44.0,101.0,143.79541015625,-1.0349370182030355,2.6864747785675034,-4.926794081482877,-4.970189815894208,-2.496778893318829,1.3352050353384506,-0.5370530450435425,4.7818844436966685,-0.7891143652579222,1.0131357804039958
44.0,101.0,143.7639923095703,-1.0316405371558783,2.675067724310741,-4.92350821607197,-4.98036055833742,-2.496949734671704,1.343184210113238,-0.5377187377167703,4.773742728207283,-0.7906411046986932,1.015898708364082
44.0,101.0,143.7652587890625,-1.0347964256257738,2.6891043475081453,-4.917792050401914,-4.9790724067428,-2.4998570612945863,1.3393361206071912,-0.5368610409152463,4.772911413322255,-0.7888906315926238,1.0143810871904924
44.0,101.0,143.75440979003906,-1.031369254280912,2.6769875616354764,-4.921251345686943,-4.979346383417858,-2.496703328612706,1.3365146231699851,-0.5366083640548167,4.7779173036523055,-0.7904255301073295,1.014188031870706
44.0,101.0,143.8209991455078,-1.03234116532877,2.679236151691928,-4.926145670543972,-4.982956240720509,-2.4957118085477124,1.3418470058750698,-0.535822565860272,4.7842972365826135,-0.7898501986316582,1.009742385106133
44.0,101.0,143.7843017578125,-1.0264739786188186,2.678990869288919,-4.920995217023701,-4.972127884320985,-2.4963320970162286,1.3375666209197137,-0.5371260331541077,4.769408626848858,-0.7894453246674544,1.0140369857460314
44.0,101.0,143.76956176757812,-1.0307992937858632,2.6859034623910283,-4.919904124538099,-4.976675580586922,-2.491119557705692,1.3395615268201304,-0.5362137181295159,4.774982500175147,-0.7894465451520718,1.0157333054685216
44.0,101.0,143.74835205078125,-1.0346733361999387,2.685037377060901,-4.919231990700124,-4.975650847075093,-2.495499183520441,1.342280793510037,-0.5364553873798306,4.7752548651781,-0.7889446451576907,1.013862537066669
44.0,101.0,143.76675415039062,-1.028019642058717,2.6853672125821166,-4.923842997109639,-4.979947623114676,-2.4975837585035148,1.341967951301548,-0.5411568949738452,4.776067527450508,-0.7926600866349345,1.0160208613219552
44.0,101.0,143.8003692626953,-1.028171237842593,2.6733020261848903,-4.923730613152114,-4.984068816657633,-2.4965474593732773,1.3451380318218362,-0.5365982444623896,4.778799118577279,-0.7930930551913802,1.0143552529704047
44.0,101.0,143.77935791015625,-1.0263079283584693,2.682595236963003,-4.920581602833451,-4.981812040057497,-2.4967409074133444,1.335504647888075,-0.53545636267605,4.776423110574434,-0.7896039527447005,1.0143672372161283
44.0,101.0,143.79632568359375,-1.0353855204243088,2.6864588763843136,-4.911381043604715,-4.967948977543334,-2.4982775268023234,1.3409891550530428,-0.5353131685116406,4.779759057767443,-0.7906768852921324,1.014152208301189
44.0,101.0,143.76809692382812,-1.0322617838910904,2.680571163098212,-4.925525832058147,-4.968419198761712,-2.4932208177997777,1.338875031168279,-0.5387311694250219,4.77870563425593,-0.7906916100856911,1.0148393241942442
44.0,101.0,143.82986450195312,-1.0245146763629842,2.685606494477378,-4.928679052521944,-4.979990901456676,-2.491844287069057,1.341788416511811,-0.5360282994753724,4.776582952994383,-0.7936902068552243,1.011478495626351
44.0,101.0,143.76412963867188,-1.0308783277749525,2.6779255178646526,-4.917040882762285,-4.979940705585177,-2.49546403563511,1.3366328849212952,-0.5413148308923201,4.773971509413187,-0.7899604289134308,1.0143725549579106
44.0,101.0,143.8021240234375,-1.0256413115791303,2.675978926697625,-4.919678374215674,-4.980443005374163,-2.493833086480135,1.3364019889338907,-0.5377702280253329,4.771041087467063,-0.7881104172927254,1.0143084455712543
44.0,101.0,143.78387451171875,-1.022929710730598,2.6796591953493243,-4.916722184630631,-4.974283245444213,-2.493547169349827,1.3401894192475703,-0.5379889624266685,4.775902377469572,-0.7882769285075808,1.014833709980108
44.0,101.0,143.77345275878906,-1.0276372045108273,2.6812898909664087,-4.918342839254399,-4.97896475075423,-2.4908693132726967,1.3395805233742264,-0.5421159684436274,4.77529379765398,-0.7890604122576477,1.0140092216572754
44.0,101.0,143.79354858398438,-1.0275467296214642,2.6868639267019585,-4.929760731605246,-4.982487188671222,-2.494838463296676,1.3403060071946005,-0.5354842288070669,4.7796721437721,-0.7918790988370565,1.0127544968474202
44.0,101.0,143.7603759765625,-1.0352787823019356,2.6807620895417745,-4.914623572788926,-4.975624987861791,-2.495024155526898,1.3390275223981432,-0.5397954877035707,4.771867933829679,-0.790449884994203,1.0131103613458985
44.0,101.0,143.774658203125,-1.0365822634778308,2.68155660679928,-4.928432033824974,-4.979098794433407,-2.4940761855788427,1.34299037327753,-0.5385577651784619,4.781330187425141,-0.7916382600152971,1.012488812644018
44.0,101.0,143.76895141601562,-1.0289144868099296,2.6789729374753035,-4.9217461242167175,-4.983750863675055,-2.493136489231035,1.341022615973909,-0.5398944604714728,4.784077467534701,-0.7901291540061202,1.0138954533182245
44.0,101.0,143.80409240722656,-1.0356929096576373,2.683373830471049,-4.928344949762071,-4.976884967627574,-2.495130655594928,1.339109866909462,-0.536977113937736,4.772106390626991,-0.793131294419501,1.011030748059893
44.0,101.0,143.77537536621094,-1.0356015511176242,2.6714231147405,-4.916252323827472,-4.976891313686213,-2.501214682158464,1.340966499942691,-0.5369584039516306,4.778324440904815,-0.7913386329783929,1.0139291693332977
44.0,101.0,143.75015258789062,-1.0316412420775132,2.683018244540456,-4.920720851141513,-4.974804024207497,-2.499455639069704,1.345092818160376,-0.5413566858261811,4.777178483305045,-0.7903362846846136,1.0133300059791548
44.0,101.0,143.75233459472656,-1.0258252134441204,2.683200570581973,-4.922174766806222,-4.972632705220295,-2.4952590927906098,1.3399086665003388,-0.5374155697790144,4.7764226131282665,-0.7910109332480113,1.014394740986072
44.0,101.0,143.7904052734375,-1.0290506990087325,2.6853159547760184,-4.920484131306515,-4.979406425658128,-2.4951293520843,1.3401283479320585,-0.5439197723923161,4.77820649830851,-0.7939276275112093,1.014967735590618
44.0,101.0,143.75341796875,-1.030179827017807,2.682979615933528,-4.916391863214077,-4.973069153389071,-2.4961726813485945,1.3436346590295116,-0.5395312189904615,4.774291514179655,-0.7886104092170889,1.014455320347052
44.0,101.0,143.79586791992188,-1.0357054845073934,2.677256234922889,-4.923323606675682,-4.984472297839925,-2.502869044852864,1.3383952842595264,-0.5418196247603007,4.778110951973792,-0.7920635882367382,1.0158183332723727
44.0,101.0,143.8096160888672,-1.0307921446255452,2.679876001133517,-4.930192989600929,-4.981215722889104,-2.498959433273789,1.3446568636619824,-0.5359161470408438,4.7756864933963215,-0.7906614236445684,1.0173622078701283
44.0,101.0,143.78651428222656,-1.0329581486362835,2.6806066185847657,-4.919652682912394,-4.979683428071133,-2.4945415951228744,1.3412183353534068,-0.5385061471059407,4.770577093108033,-0.7867842112069674,1.0158014768255157
44.0,102.0,143.7858123779297,-1.041423372646309,2.68049235232617,-4.915831540579559,-4.972623426357044,-2.4961263426236533,1.3419857037323712,-0.5386071281969107,4.773967921329884,-0.7893408368803296,1.014591208788833
44.0,102.0,143.77149963378906,-1.0270199542965308,2.6750976663602426,-4.92614594783307,-4.9794356458821065,-2.500854937769949,1.3442404082803892,-0.5383565548331317,4.776350790006701,-0.7896883149794851,1.014662067196609
44.0,102.0,143.7672882080078,-1.0341081141635726,2.683279369336677,-4.916744248558111,-4.977044745484346,-2.49986364990515,1.3412726012625678,-0.5437125708931436,4.776038800074879,-0.788791842918231,1.0135034051701322
44.0,102.0,143.77847290039062,-1.030377593511349,2.674531312602573,-4.9236780397673545,-4.981447489380875,-2.5012188707358423,1.3404148998370555,-0.5345929187416374,4.777331926751975,-0.7899011292439679,1.0128028148704136
44.0,102.0,143.7646942138672,-1.0284961922615166,2.6759593356927924,-4.917676692107792,-4.97777241837094,-2.492878120972404,1.339155735915119,-0.5393823769578363,4.772610015018199,-0.7896116111204368,1.0134682182699883
44.0,102.0,143.75599670410156,-1.0340397103119168,2.685653765523888,-4.92283257547299,-4.97817514873443,-2.501433926030068,1.342028175880814,-0.5359910756328343,4.7787457530948245,-0.788759765776744,1.0132636128627863
44.0,102.0,143.79257202148438,-1.0343767632566978,2.6790929949005005,-4.92134193980409,-4.977821782027156,-2.500751060026204,1.3347201929510133,-0.5361862142884446,4.775444745189839,-0.7877283622909612,1.015650683056327
44.0,102.0,143.78945922851562,-1.034608017660653,2.6721694531851456,-4.92167250790591,-4.9739732444855065,-2.491600790674103,1.3375879294800486,-0.5382476856491492,4.774767463104025,-0.7904080582881718,1.0123660872932527
44.0,102.0,143.79586791992188,-1.0351578372715138,2.680858134421346,-4.908164740573988,-4.977835662128198,-2.495763306238418,1.3386852551819768,-0.5378073118390878,4.775370875933588,-0.7880920372033433,1.012034681293975
44.0,102.0,143.76795959472656,-1.035982161761824,2.686448408977503,-4.916344702004502,-4.971470438956291,-2.500546543450608,1.3406457494810642,-0.5382615623444496,4.773188149465023,-0.7909540486078006,1.0125191329040533
44.0,102.0,143.75990295410156,-1.0338661506785058,2.683381881416216,-4.9173889463057385,-4.97686215271531,-2.49296994470876,1.3411461980903496,-0.5399045422584061,4.770492945727332,-0.7910149043254364,1.014091071210843
44.0,102.0,143.751953125,-1.033803837699618,2.6873334555273987,-4.919230254259155,-4.976943432329947,-2.496652744598464,1.344683794311825,-0.538536571779602,4.778241708435184,-0.7888844978208667,1.0134231701341667
44.0,102.0,143.74603271484375,-1.0271226639763027,2.682222856738595,-4.920341907134652,-4.975015833507077,-2.4950840912507632,1.3413299149129865,-0.5384817236911035,4.777641443574488,-0.7918226405253472,1.0152628218453064
44.0,102.0,143.7855987548828,-1.0314422056354893,2.6781665420622733,-4.917148769127178,-4.979785980061026,-2.494044060303389,1.3381901047702751,-0.5393106645606682,4.767991866136782,-0.7886829071334214,1.0142387356313645
44.0,102.0,143.76171875,-1.0351564880954809,2.6874840786193985,-4.923007767604526,-4.978375409010998,-2.5004222667977887,1.3398231164804963,-0.5355189954164832,4.773349435153074,-0.7906986061559511,1.0142109816023668
44.0,102.0,143.7891845703125,-1.032314693388308,2.6731928951401995,-4.927137250867988,-4.984704232919673,-2.496652606403541,1.3386967580374307,-0.5408988891464048,4.77396112768462,-0.790177683837122,1.0151209566048136
44.0,102.0,143.797119140625,-1.025504873608841,2.672548612758316,-4.916410533308406,-4.980652891785118,-2.498044895192597,1.33886676819953,-0.5349636889382285,4.779323868450909,-0.7888040332616386,1.01436693271215
44.0,102.0,143.7488555908203,-1.031781996767,2.684330014007232,-4.9229463657775225,-4.974965472775618,-2.492586845572966,1.3415191065653875,-0.5409869355649235,4.777299513765287,-0.7900148357773862,1.0130007302751407
44.0,102.0,143.74801635742188,-1.0294233280680043,2.6845945277120773,-4.9209383189250255,-4.975309992438155,-2.493565803015608,1.3438470743578046,-0.5383785092180391,4.774037293043852,-0.7903790056450601,1.0138485137862094
44.0,102.0,143.75820922851562,-1.0258619297914358,2.688018689334948,-4.917954246867696,-4.975912337286023,-2.4972713793344896,1.3397638260553677,-0.53822399968886,4.774368424409367,-0.788927165664405,1.0139659110063537
44.0,102.0,143.7555694580078,-1.0245260880939142,2.682312467202631,-4.920471947797755,-4.976135893623937,-2.4973390128445776,1.3423808444659855,-0.5372500420519764,4.775421438560917,-0.7892404038769918,1.0135435004190525
44.0,102.0,143.7432861328125,-1.0343745024180064,2.684071896909347,-4.921196450785475,-4.971724272701917,-2.497712687905063,1.3407548331700443,-0.540852931031611,4.775771294769644,-0.7907477367183002,1.0139424383407132
44.0,102.0,143.74588012695312,-1.0340041186659543,2.687476442890607,-4.922859812863297,-4.977251696186255,-2.496154833335508,1.3412707363019123,-0.5378693585359828,4.777137444778438,-0.7922423813898742,1.0130921477500203
44.0,102.0,143.74395751953125,-1.0361447302342124,2.6826124188001508,-4.921187461976424,-4.974270729432038,-2.5001949487283923,1.342661213538526,-0.537742468029121,4.778269582673364,-0.789733589674448,1.0136097097010452
44.0,102.0,143.75315856933594,-1.03146527647753,2.681614945091649,-4.9186098104987,-4.970910969945082,-2.4935516644054845,1.3386419005143937,-0.5399187854651943,4.774330635448312,-0.7907386189491934,1.0137386719983654
44.0,102.0,143.7604217529297,-1.0351246393584947,2.679562500960822,-4.911739210681801,-4.977528208807815,-2.499599677793004,1.3399849381878752,-0.5383846317631393,4.778987670081975,-0.7910284779087711,1.015506819355699
44.0,102.0,143.76620483398438,-1.026785152031589,2.68701592181476,-4.926288739922434,-4.98272492648529,-2.498107226372213,1.340045240860352,-0.5390657774457539,4.77756286349125,-0.790215476370963,1.015651441343869
44.0,102.0,143.7620849609375,-1.030062567653911,2.6786123649217606,-4.920352382631959,-4.97215791771356,-2.5001144080926387,1.3389879936152385,-0.5378490270899059,4.770751366941443,-0.7895240120518912,1.014346769816289
44.0,102.0,143.76724243164062,-1.035129887938056,2.6781000086591096,-4.927144114507379,-4.981495602304308,-2.496224793057525,1.3421212860887763,-0.5379761438112887,4.773629851308893,-0.7907454596356942,1.015563041256443
44.0,102.0,143.75718688964844,-1.0306592821363951,2.681739524773228,-4.918426784071686,-4.971627878896395,-2.5010978721609103,1.3438706918718673,-0.5389360430795884,4.781194044689702,-0.7891766244660356,1.0150141300357127
44.0,102.0,143.74952697753906,-1.0289264933060327,2.683138602397684,-4.916659381900793,-4.979040157833541,-2.499122274024693,1.3450817090207785,-0.5395603560365858,4.778468192515566,-0.7908201374526831,1.0136381491269262
44.0,102.0,143.7670135498047,-1.033687572246007,2.682446118146765,-4.922695957848041,-4.970328434984447,-2.497860818835527,1.335576099963582,-0.5391860548655991,4.778306791822416,-0.7899448502486992,1.012543882991518
44.0,102.0,143.75450134277344,-1.0296431038654674,2.684296062714618,-4.927571672251888,-4.978787055506627,-2.49496867463439,1.3398316530790542,-0.5394853861538174,4.77889598791789,-0.7887268012548052,1.0130489187183098
44.0,102.0,143.7759552001953,-1.029024222029116,2.676169156100091,-4.924176622312923,-4.979189088594992,-2.49836346241646,1.344709619610681,-0.5357003664367399,4.772227505817746,-0.7907251615126292,1.0138083208720108
44.0,102.0,143.7706298828125,-1.0293599566063167,2.680629317333903,-4.919822642941276,-4.984418601558777,-2.4962558738333094,1.3363369500605335,-0.5396963945434763,4.776586695994498,-0.7884443371032726,1.0132748534579044
44.0,102.0,143.74586486816406,-1.03177952382788,2.680283686347318,-4.917708203405391,-4.9806862886402286,-2.49889283672488,1.3404399124968125,-0.5382621128605791,4.776251620732989,-0.7884026938313662,1.0128305799115491
44.0,102.0,143.74313354492188,-1.0344966849967951,2.680753522302036,-4.923725478392664,-4.978436025641972,-2.492917489844469,1.340459053042781,-0.5392916187415686,4.777758177913249,-0.789910682592863,1.0136834843768057
44.0,102.0,143.76358032226562,-1.0366598838391128,2.682449739041335,-4.923163106431908,-4.9755567382553405,-2.502447361778126,1.343017211716365,-0.5369711902520979,4.775721239612837,-0.7885927408888014,1.0143647002500489
44.0,102.0,143.7855224609375,-1.0387911026520795,2.6810938169681773,-4.9223748721687866,-4.975269276255872,-2.495412477080661,1.337592326986785,-0.5404279358417119,4.77341814551283,-0.7919679625529374,1.0163206483956708
44.0,102.0,143.77012634277344,-1.029542891035662,2.6846915526618425,-4.922054430768774,-4.9792468388306,-2.494434221790044,1.3343725550364116,-0.5396844057163417,4.776161800759024,-0.7895410326807779,1.0128325885955372
44.0,102.0,143.77476501464844,-1.0340948011744375,2.674979098401206,-4.922124963512959,-4.979133184233947,-2.4952367757056377,1.3445705005814332,-0.5364010008313151,4.774972990231955,-0.7890461476088584,1.0124600404891106
44.0,102.0,143.76641845703125,-1.0299768974135288,2.6884170850686964,-4.924013848878172,-4.980402837134366,-2.49429651513788,1.339872275240852,-0.5384770381923971,4.772495659684306,-0.7920883892601331,1.0152677493238107
44.0,102.0,143.7606201171875,-1.0312494235947565,2.684295534656558,-4.921370917763975,-4.981940106297464,-2.500515779392124,1.3396747708052184,-0.5380835061266565,4.77342944978877,-0.7913129416654723,1.011659927591487
44.0,102.0,143.7443084716797,-1.028384667539584,2.681431472273184,-4.921584350548178,-4.976014946587982,-2.4971153674339,1.3388363651894686,-0.5408434162447815,4.776497431953224,-0.7917782547146883,1.012955593617325
44.0,102.0,143.76876831054688,-1.0311182778269434,2.687325592285804,-4.919072168345991,-4.9741628161208,-2.4925533591087308,1.3413810134644957,-0.5380555664958475,4.779291884465351,-0.7910026067429952,1.0167640915307403
44.0,102.0,143.75094604492188,-1.0326571542613827,2.6754852080711755,-4.924412992378633,-4.979926160925434,-2.495871528664705,1.341529152480324,-0.5379554547282321,4.773883814651187,-0.790119805689697,1.014228692890244
44.0,102.0,143.781005859375,-1.0306714992820147,2.6785818339949383,-4.9214453753913805,-4.984316342353482,-2.497498834750868,1.336057811616172,-0.5383398830115027,4.778820930905319,-0.7883310741336604,1.0158724196496127
44.0,102.0,143.7560272216797,-1.028286775950003,2.683741227037456,-4.920540207375673,-4.975256585383325,-2.4961856784182546,1.3369063855194874,-0.5397242451845639,4.780832825652027,-0.7904669900185715,1.0122753037051329
44.0,102.0,143.77120971679688,-1.030491415238577,2.683132009976628,-4.920221026739455,-4.984389117524755,-2.493821340240054,1.3377441789116915,-0.5356915307964618,4.776091080592629,-0.7892339808121678,1.014598670022778
44.0,102.0,143.75003051757812,-1.0325716272481893,2.6858540416608623,-4.919779567151176,-4.979431223824229,-2.496627581211992,1.3415295880670133,-0.5404412924276745,4.782932793439201,-0.788954419712999,1.014773919501765
44.0,103.0,143.7471160888672,-1.0318132064267371,2.6794242064049456,-4.926915460725897,-4.977997148207584,-2.4968661218373542,1.3408553091739472,-0.5362303445517123,4.776656665211764,-0.7897770351328592,1.013733703588513
44.0,103.0,143.76132202148438,-1.0298956493289166,2.683083316969092,-4.918231396483318,-4.9725137286205845,-2.496744905211472,1.3357082989588207,-0.5408585680597646,4.777087403701463,-0.7903793358302584,1.0151315391270588
44.0,103.0,143.76068115234375,-1.0330791275268747,2.6747411049357828,-4.918679554724338,-4.980068134818726,-2.496548526186078,1.345234069130913,-0.538950522675953,4.776516269085056,-0.7910111595175886,1.014849030571666
44.0,103.0,143.7593231201172,-1.0295231396202835,2.680902824436421,-4.921264363993879,-4.973597854163267,-2.492842267809684,1.3373349517494528,-0.5411494324488242,4.775489874624768,-0.7899446243082391,1.0134649896953674
44.0,103.0,143.7529296875,-1.030593540294808,2.685151795410814,-4.9133089835541295,-4.976138933919086,-2.494558446233051,1.338334933402754,-0.540525389722772,4.778665015533122,-0.7903215252656048,1.0135969178952404
44.0,103.0,143.7764434814453,-1.0270712993799016,2.679439375476626,-4.920985450747454,-4.975417206714938,-2.4932171220317545,1.3351306709545463,-0.5369373120035883,4.776864607833334,-0.7895532322858694,1.0150151253143704
44.0,103.0,143.75558471679688,-1.0328343360438603,2.680563024660568,-4.918184129158585,-4.971914929162292,-2.497196609380909,1.3390241359543689,-0.5409480696741031,4.777238597432143,-0.7903488107429917,1.0117968742397316
44.0,103.0,143.78700256347656,-1.031863741111504,2.687112060816899,-4.918487685255542,-4.968647890391958,-2.494873720786272,1.3388742181520916,-0.5378380012926911,4.771334354945608,-0.7881505915070894,1.0129925766114836
44.0,103.0,143.75177001953125,-1.032761271831359,2.6801040348885525,-4.920590253688896,-4.98362313919237,-2.498418755818671,1.338769932636497,-0.5381064129219055,4.775405350817337,-0.7886202622853471,1.0139428085272018
44.0,103.0,143.76893615722656,-1.0350320094075989,2.6883970660170418,-4.92499336693773,-4.972489554427904,-2.496368570804865,1.3402828576221957,-0.5374740332069381,4.772925595772477,-0.7896183403900494,1.012323536795713
44.0,103.0,143.74270629882812,-1.0325471834285491,2.6827043143258464,-4.917626599903596,-4.976334109846738,-2.495506510930356,1.339580890394605,-0.5411507728226193,4.774717269510502,-0.7909765730079608,1.0149184794401904
44.0,103.0,143.75946044921875,-1.03265802845905,2.6752790139749063,-4.919520316853375,-4.98101226624305,-2.498383773802739,1.3432985572235463,-0.5414785237108983,4.776609684703544,-0.7913488179595323,1.0129838141609762
44.0,103.0,143.76968383789062,-1.0271003338283662,2.682588097334432,-4.924377325313991,-4.9687762547517424,-2.4967622681666506,1.3445528397277131,-0.5394434817857281,4.776747029628631,-0.7900705333351397,1.0142496382057242
44.0,103.0,143.7379608154297,-1.030023491657392,2.685467777472362,-4.917264957988681,-4.977399531512968,-2.49875902155776,1.339326498422193,-0.5375518367721996,4.778857512044478,-0.7896660634197179,1.0135231096459112
44.0,103.0,143.76148986816406,-1.0391516966533567,2.681080751865524,-4.919072741044658,-4.974927641262784,-2.4966889608371674,1.3429679697667307,-0.5411982029559006,4.777202616498228,-0.7909190876139967,1.0133906785909144
44.0,103.0,143.7744598388672,-1.0327424972224897,2.6812610329560185,-4.920040426319018,-4.973030495617863,-2.493899420370268,1.340007143954935,-0.5437471373753011,4.774067693840124,-0.7906508225025091,1.0124761334132248
44.0,103.0,143.77706909179688,-1.0361194299122856,2.673936847247972,-4.921681538925462,-4.977073962552457,-2.501737715670412,1.340477978953551,-0.5390708274692706,4.775352743014704,-0.7876626494920611,1.012916000115915
44.0,103.0,143.7403564453125,-1.0345430968888625,2.682452715234815,-4.925203860413781,-4.974670696803952,-2.496141631753637,1.3417684461732406,-0.5390230376686276,4.779878719523914,-0.7911146815351717,1.0135614368185948
44.0,103.0,143.74794006347656,-1.0303210562510188,2.682683345984972,-4.914860218085689,-4.980618931173196,-2.496857330243867,1.3410595065664743,-0.539904272919709,4.776367153471803,-0.7922765972988515,1.014686926382443
44.0,103.0,143.76907348632812,-1.0286367762489437,2.6778203675166896,-4.923469339512288,-4.981763518623981,-2.494816675363817,1.339644436490845,-0.5385465265616274,4.771268852524303,-0.7910459781292847,1.01240392053794
44.0,103.0,143.77584838867188,-1.0302368699153417,2.679640002133583,-4.921704846091052,-4.976647499781541,-2.4935459708224723,1.3368811279858406,-0.5412861497163668,4.7755195910893296,-0.7881099571396746,1.0120809827724262
44.0,103.0,143.73475646972656,-1.0343594250891224,2.683521476869169,-4.920643782318792,-4.978388080278594,-2.494652514177468,1.3407677565575895,-0.5391989268517019,4.777965276739611,-0.7912468800013368,1.0142194328879173
44.0,103.0,143.73960876464844,-1.0328583174401498,2.6798062998044863,-4.920466176271089,-4.979497618528807,-2.494435806905253,1.3392694075767722,-0.5378562145895671,4.779473528959684,-0.7896620295068653,1.014500196780003
44.0,103.0,143.76974487304688,-1.0338735354542736,2.688225318552565,-4.921490050900406,-4.974058950006233,-2.493304160972078,1.341762431384237,-0.5366527793303177,4.773756902787135,-0.7910170535107444,1.0119194834048484
44.0,103.0,143.75222778320312,-1.0322890002766103,2.6872027788232025,-4.923109084801773,-4.977937337850539,-2.4931473339434245,1.3391906360847834,-0.5387372026935013,4.77632354859028,-0.7915471902923237,1.0125658488025122
44.0,103.0,143.7361297607422,-1.0296760370623348,2.681157347123918,-4.919279324684112,-4.974564981465223,-2.497936709958468,1.340199735525629,-0.5406504958553953,4.777435982647972,-0.7898088254129174,1.0148620067619794
44.0,103.0,143.7529296875,-1.0301888739008076,2.6852736746339634,-4.921012460992753,-4.976990322701132,-2.497298539135151,1.3400814483369956,-0.540001917290228,4.776854638111352,-0.789080250795382,1.011307178687222
44.0,103.0,143.7567138671875,-1.033671125936659,2.688430320677221,-4.9238265387541045,-4.971537862762142,-2.496411784376485,1.3424190884126252,-0.540013208915834,4.775942762716976,-0.7907940215901235,1.0127083957593408
44.0,103.0,143.7541046142578,-1.0284863462991507,2.684579020719786,-4.917400500119867,-4.9742168123498285,-2.496081466695004,1.3377897627851365,-0.5378837326399752,4.780781532117199,-0.7898802353923902,1.0124807252123065
44.0,103.0,143.7620391845703,-1.0301482042074337,2.682932748407993,-4.917949578840302,-4.971306502514195,-2.4935744282566263,1.3435069289860149,-0.5366574327996023,4.775276494398838,-0.7914172021592671,1.01294336370397
44.0,103.0,143.7454071044922,-1.0325420186440573,2.6843375939722227,-4.924329849051898,-4.97761181423151,-2.4964595918178745,1.3375892574622137,-0.5406950368211856,4.777424678158013,-0.7906427939939,1.012984510155361
44.0,103.0,143.73760986328125,-1.0334716979905476,2.683453276618499,-4.920722731566603,-4.978934756046995,-2.4975843599175667,1.343396871459074,-0.5380872472851035,4.774908363737593,-0.7908740641105769,1.0146147490766548
44.0,103.0,143.74569702148438,-1.0355775882544105,2.6853199168568365,-4.9206787522018445,-4.976586261916091,-2.496410785060126,1.3401011153977862,-0.5396145605809801,4.775441279577288,-0.7895736327836307,1.0123227474497254
44.0,103.0,143.7442626953125,-1.0290308062390312,2.681495389422333,-4.923875350194388,-4.981868683026773,-2.496786755557572,1.3394456083589823,-0.5382257194694571,4.78100322735828,-0.7904647048344007,1.0135632609758192
44.0,103.0,143.7551727294922,-1.0375677106751289,2.6841884359035992,-4.915487974155559,-4.976159254919063,-2.4982334426109314,1.3391388489193492,-0.5381219146852132,4.776537104809686,-0.7890121961362535,1.013382674282596
44.0,103.0,143.74314880371094,-1.0299445924689894,2.684537034815296,-4.923266448937845,-4.977757893060934,-2.497883791975636,1.3422454027851174,-0.5396922694177464,4.7808146377365,-0.7917633793578212,1.015218120419025
44.0,103.0,143.7613067626953,-1.0352435011086407,2.6800009472046344,-4.920466450687215,-4.977853445114993,-2.4918072728813394,1.34012174256544,-0.5358412495731759,4.7746749701855045,-0.7900306024854391,1.01347781114465
44.0,103.0,143.73301696777344,-1.0310641254670003,2.6859301362691657,-4.921164316172924,-4.975447733749392,-2.496920734697275,1.339827056328021,-0.5383583859641528,4.777322723176736,-0.7895201760775903,1.0142966763546166
44.0,103.0,143.81312561035156,-1.0308579136556024,2.6774622454295605,-4.919067058103482,-4.971966107743941,-2.4999736630060165,1.3360380886588992,-0.5414772498587626,4.770337676688909,-0.7922271627932309,1.0168340911029352
44.0,103.0,143.75552368164062,-1.0294632748653298,2.686867991077241,-4.922083692247186,-4.976199253055035,-2.493208462168868,1.3442946121691204,-0.5370933320786513,4.779010326332214,-0.7908628600822185,1.0134095267366234
44.0,103.0,143.7459716796875,-1.0318770124511327,2.688103892997602,-4.919724780199185,-4.973780616208771,-2.5003023729132448,1.3419377425942205,-0.5386452876432726,4.777046845570425,-0.7892511329542593,1.0148981920173137
44.0,103.0,143.73934936523438,-1.030944792011272,2.679940137786496,-4.922165609692391,-4.974128675697908,-2.494647693217888,1.3391695852107084,-0.5384546002958572,4.778955579217669,-0.7893757112990603,1.0144231045872187
44.0,103.0,143.75836181640625,-1.0354818083345378,2.679291677727172,-4.920154225279479,-4.973179895233263,-2.493510251101801,1.3415657653675117,-0.541628467351039,4.775345599406808,-0.7913908316508849,1.013488297303434
44.0,103.0,143.76834106445312,-1.0361590833099803,2.679905100925738,-4.921803614380993,-4.978206221122743,-2.495143461155143,1.3443928187044474,-0.542115305465737,4.778165788672013,-0.7919495550307554,1.0126654288287549
44.0,103.0,143.74392700195312,-1.0337792402823105,2.680912247696748,-4.918672320065919,-4.977153550139918,-2.4950532548974995,1.3427846608934395,-0.5386554368041452,4.777025575360836,-0.7891383101651019,1.0124845462929564
44.0,103.0,143.76036071777344,-1.0357557867761988,2.679396347712802,-4.921468028748963,-4.974379635841716,-2.495386879868675,1.3405144475237163,-0.5414203202544368,4.777115849975049,-0.7923720366276967,1.012321119407286
44.0,103.0,143.76156616210938,-1.033274146350493,2.687270293839034,-4.921033574730121,-4.970194962292107,-2.49760692800956,1.342164791800121,-0.538330394074702,4.777888672499458,-0.7906952172302404,1.011695241890461
44.0,103.0,143.74066162109375,-1.0332371062068084,2.6836992564127176,-4.9235542420602005,-4.974821713184622,-2.4939792263510308,1.3388216586437176,-0.5396915088782785,4.776458061200065,-0.7908056286720173,1.014019625549328
44.0,103.0,143.74525451660156,-1.030259809628267,2.6847232094320894,-4.921218536944068,-4.972440235192884,-2.497280317699352,1.3428219495502027,-0.5397678574862113,4.777192929011029,-0.7900116455746966,1.0123859891383669
44.0,103.0,143.75389099121094,-1.0334616779617862,2.687163149677491,-4.92387006565062,-4.974208354209104,-2.4937182956355413,1.3378290699516304,-0.5390429578610343,4.775737137154007,-0.7899475579471087,1.0131690657541554
44.0,104.0,143.74549865722656,-1.0302790770744048,2.68453983364048,-4.923112775287323,-4.981677797170319,-2.4955340339674787,1.341343484231876,-0.536947196610055,4.780798537269583,-0.7908531987746867,1.0138360251087155
44.0,104.0,143.7417449951172,-1.0305283386320987,2.682491190866504,-4.923711172523361,-4.979914677809988,-2.495676143396912,1.3428966879574054,-0.5392869943447245,4.779080677038648,-0.7897605309405904,1.015190982814004
44.0,104.0,143.7671661376953,-1.029443546371164,2.6834409384765268,-4.919650207698779,-4.9772848512913255,-2.490066134276579,1.3401287762427847,-0.5382439855633212,4.783274508053127,-0.7904608404704838,1.0129928531964296
44.0,104.0,143.75877380371094,-1.0256422556901477,2.6872488123121148,-4.924687137824503,-4.976898861932781,-2.4979224671228835,1.3404842585564367,-0.538626669272686,4.781107987182834,-0.7905778204171661,1.0152852621102737
44.0,104.0,143.74681091308594,-1.0326958222876534,2.684546220747695,-4.919336332722731,-4.970872569861617,-2.497866043902083,1.3399243445052615,-0.5373529873655798,4.777799314943046,-0.7908033682062126,1.0153464989822556
44.0,104.0,143.73953247070312,-1.0303444726432982,2.681375709023307,-4.9161437544770985,-4.976918476732704,-2.4992948180363426,1.3394826755250993,-0.5377734656598729,4.777283384378903,-0.7897077173505886,1.0151575914808415
44.0,104.0,143.7456512451172,-1.0272092857563084,2.6828171146131687,-4.9204457760034055,-4.98048962283107,-2.4956144071426656,1.3398440618323395,-0.5376803266385757,4.776864248293837,-0.7915150848096904,1.014916562946948
44.0,104.0,143.7550811767578,-1.027932445984452,2.6804009839727074,-4.916596623797848,-4.976730139605328,-2.4964490117727163,1.3438902826717714,-0.5399699790895447,4.778469879753345,-0.788684990948683,1.0126637844498374
44.0,104.0,143.74703979492188,-1.0332727095923395,2.686254427661419,-4.920607855917242,-4.976144272021577,-2.4938911969438498,1.3407382529542042,-0.539310269277598,4.774542439390837,-0.7920369654835175,1.0146651415436372
44.0,104.0,143.74273681640625,-1.0351247739775653,2.680739167986167,-4.923320945789108,-4.977021672301999,-2.4943605598878724,1.3422549315187693,-0.5384598462185615,4.776489222527536,-0.791663580770404,1.013596751046829
44.0,104.0,143.7760467529297,-1.0316807472629046,2.6832807301870574,-4.9221566748736,-4.977827245757019,-2.4927723589001483,1.3368607239767938,-0.5368096176903023,4.773898604138594,-0.7920835144144132,1.011808250836693
44.0,104.0,143.73794555664062,-1.032544446217358,2.679974652616917,-4.918259320854532,-4.9782924077556805,-2.4958697433157697,1.3413971547663994,-0.5372385343257138,4.7765415450738455,-0.7890596870053255,1.0135269658974986
44.0,104.0,143.76051330566406,-1.0259006678164524,2.6857913448439668,-4.9228827284990215,-4.976939964693814,-2.498115392229411,1.3429517666376078,-0.5383628727135701,4.776368418215345,-0.7885431774363534,1.0154465278391012
44.0,104.0,143.75677490234375,-1.033209000642448,2.682545544852524,-4.916020809788843,-4.972556582137891,-2.4943159191622044,1.3375025304252135,-0.5392071021590343,4.773838625739643,-0.7899933758111892,1.0133966307765956
44.0,104.0,143.73690795898438,-1.0295197833981478,2.685512715133651,-4.921119165724736,-4.974638991895516,-2.495601356649501,1.3419706851408255,-0.5381338841887136,4.779961886910479,-0.790687124268171,1.013804508393216
44.0,104.0,143.74514770507812,-1.0329080190459146,2.682842572942122,-4.91929429046226,-4.980472180519367,-2.495221043037228,1.3402377820734728,-0.5400869772403505,4.774172559830923,-0.7913800446081538,1.0126183091509864
44.0,104.0,143.7514190673828,-1.0296457624482231,2.685428973104852,-4.921608627026824,-4.976153570133681,-2.492819820175783,1.340645761419255,-0.5370649658798188,4.778709178882059,-0.7885402972766364,1.0137524323860865
44.0,104.0,143.78073120117188,-1.030310258863835,2.68857026763712,-4.922059129742967,-4.96893764838366,-2.4913721911491047,1.3394875075818282,-0.5393959552168077,4.780525663802434,-0.7913595797162687,1.0131239038041588
44.0,104.0,143.75723266601562,-1.0321472301596328,2.682935175968354,-4.919564876114645,-4.97640092074305,-2.490922331165802,1.340333268527773,-0.5400185103908122,4.774179471877257,-0.7917209890314281,1.0130249410218577
44.0,104.0,143.73770141601562,-1.033774995164734,2.683403414542976,-4.920558170628867,-4.976424942326134,-2.496095381541463,1.3423589306316606,-0.5379931202471644,4.778138497455142,-0.7886419845285673,1.0138062000799604
44.0,104.0,143.73362731933594,-1.0318026936217652,2.6825911098847355,-4.922587617997849,-4.974776102212544,-2.4984019716277044,1.3428849111010752,-0.539089234677963,4.779401102064792,-0.7897243461465946,1.0139987695706578
44.0,104.0,143.74505615234375,-1.0327468605695116,2.687456828169883,-4.920441988827942,-4.979509597335136,-2.49701663646555,1.3425999811426923,-0.5371938147233637,4.781151585722457,-0.7904733847204,1.0132885701622456
44.0,104.0,143.7459716796875,-1.0291553618842313,2.678136579578574,-4.921179370438109,-4.977620653855254,-2.4979897215011624,1.3412342470890426,-0.5379291837812774,4.779967472392256,-0.7890530190715968,1.0124116289059817
44.0,104.0,143.72828674316406,-1.031697692598744,2.683642964842675,-4.922262098660846,-4.978230296879243,-2.497487715090336,1.340496580793376,-0.5386591356142842,4.775923596251147,-0.7907242477362235,1.0140722586837363
44.0,104.0,143.7526092529297,-1.0326337464755002,2.680571618923548,-4.922996575508715,-4.974938485264688,-2.4949578553573346,1.3375316807586195,-0.5406978819676498,4.778460193924758,-0.7908105690128853,1.0157027301431023
44.0,104.0,143.7535858154297,-1.0381803718344544,2.682259026560856,-4.920277816222882,-4.976906141080966,-2.4968611865310937,1.3374594732545813,-0.5387810794254113,4.77708527580973,-0.7900689951871795,1.013101105131767
44.0,104.0,143.76742553710938,-1.0327904275329605,2.687692700244755,-4.921447202422812,-4.972944347777054,-2.496386394664667,1.3393839323819918,-0.5415744112096723,4.7766519031198165,-0.7931247033723059,1.0153191207243326
44.0,104.0,143.7532501220703,-1.0344019903387247,2.685098955367672,-4.919066395891232,-4.978558058557523,-2.493892898671625,1.3434956654261647,-0.5417647442877467,4.776985558345272,-0.7908278855802147,1.0136439708334608
44.0,104.0,143.75143432617188,-1.0325728659958813,2.679016768137437,-4.920002116682275,-4.977987059335645,-2.494897120407652,1.342900872895444,-0.5365578499110502,4.774347511908985,-0.7888084972973504,1.0133817294486658
44.0,104.0,143.74703979492188,-1.0295088295160282,2.682769425567733,-4.918754067894376,-4.97508830994472,-2.494581861353589,1.3400898337836935,-0.5387781597173902,4.7812360943620185,-0.7915117148371742,1.0123515954590516
44.0,104.0,143.75814819335938,-1.031467448354923,2.686220366037208,-4.915974785553222,-4.978259503632189,-2.496963281148481,1.3406031034714143,-0.536922068914091,4.779182346551634,-0.7924510985250759,1.0158809350659546
44.0,104.0,143.75474548339844,-1.0303662359384045,2.679896991515511,-4.919836088116281,-4.970098090057072,-2.4992311099334508,1.3429325028288446,-0.538550967523177,4.774167368478233,-0.7895197521473607,1.0149834212718245
44.0,104.0,143.78042602539062,-1.0346459546965772,2.689707937928717,-4.926314057671794,-4.978079415654266,-2.495240560508821,1.3400449766120168,-0.5403502390175969,4.781238747571642,-0.7877570979933921,1.0151501991479035
44.0,104.0,143.74234008789062,-1.0297622236811623,2.6826651780361903,-4.918660310356307,-4.974584563338989,-2.494701256258178,1.3407562373828883,-0.5378899219500353,4.777794847019912,-0.7889477868733792,1.015149900469252
44.0,104.0,143.76040649414062,-1.0365652018957547,2.6795118060326715,-4.9197359520289226,-4.971042395253453,-2.4975266183199545,1.3378373059764854,-0.5402822511439211,4.776030386094671,-0.7906636289148228,1.0128156116281968
44.0,104.0,143.76708984375,-1.0246676510986457,2.685804539334309,-4.922805680348033,-4.9783338499572745,-2.495925014940513,1.338441075832297,-0.5396325673317346,4.774930932493621,-0.790855932061775,1.0158024215467218
44.0,104.0,143.7495574951172,-1.0334418371850511,2.684811024074958,-4.926384501975765,-4.975342407388856,-2.4981218269037857,1.3404249184991135,-0.5379996302588106,4.781820270013737,-0.7888744118190179,1.013715027187004
44.0,104.0,143.74661254882812,-1.0305343631522526,2.6811729648535234,-4.921289243764605,-4.973755744695626,-2.497397256267816,1.3370770097792564,-0.538715772930658,4.776497565445956,-0.7910048489660699,1.0125427938524556
44.0,104.0,143.74143981933594,-1.029585282127342,2.6839683861773693,-4.924696018848535,-4.98037105261897,-2.497169495142859,1.3415651480037385,-0.5370573815346606,4.778377332504784,-0.7898198027598351,1.0145603147107654
44.0,104.0,143.75775146484375,-1.026457583054384,2.6858438270232243,-4.923280233715254,-4.982163273433877,-2.499212201742347,1.3428562048134465,-0.5380602292513927,4.777914064536057,-0.7914435329136849,1.014721741199854
44.0,104.0,143.74276733398438,-1.0322630435014912,2.6821849710020267,-4.925298173114434,-4.977948342462814,-2.495552945235265,1.3375014639645544,-0.5384560488759966,4.778857098265165,-0.7902642223327385,1.0143674427426834
44.0,104.0,143.73658752441406,-1.0339854047388617,2.685345792097932,-4.917672442300352,-4.975528615863547,-2.499565181714776,1.3408685761206467,-0.538551426759188,4.779303247230294,-0.7898703187241969,1.0134189165833956
44.0,104.0,143.7421417236328,-1.031107037258522,2.686871172137007,-4.918800838799268,-4.977897066827797,-2.4989922957897,1.3436708330902205,-0.5392385202668919,4.776691235744517,-0.7894031592622426,1.013278329630575
44.0,104.0,143.7457275390625,-1.03192886420923,2.6861702569459123,-4.920436463439454,-4.981050358428423,-2.4968357703541804,1.3379832496194624,-0.5368000919956355,4.777841282846438,-0.7909262361988993,1.0142582313489807
44.0,104.0,143.74203491210938,-1.032758196804981,2.6809338020348257,-4.920810483814791,-4.9722366978286505,-2.494096624143603,1.3414155971072468,-0.539902782847463,4.775743856807093,-0.790702358849261,1.013434305026121
44.0,104.0,143.7549285888672,-1.03634678864878,2.683443722495239,-4.919299635244856,-4.975387177644923,-2.499328307678577,1.3393266223167792,-0.536551148662193,4.773423978943752,-0.7892660316585802,1.0132057926024969
44.0,104.0,143.74114990234375,-1.03445687165466,2.683717830214446,-4.920823958947552,-4.975081280243269,-2.498223080868869,1.342686981015964,-0.5392495941954003,4.78073731861595,-0.7904127543886865,1.0126286897782055
44.0,104.0,143.77769470214844,-1.0304289365217825,2.681834497371204,-4.914407026719153,-4.976903716331923,-2.500159624186935,1.3388376860102449,-0.5441973464747498,4.777575302168854,-0.7890456558871284,1.0145833728170617
44.0,104.0,143.74810791015625,-1.0315598169420386,2.6860983553246616,-4.924155057928647,-4.972998383965599,-2.496642570411556,1.3404086026263586,-0.5386625495665296,4.776139473419846,-0.7901862310477084,1.0121039619378305
44.0,104.0,143.73861694335938,-1.0349416581822384,2.6818713545141666,-4.922091671324474,-4.979304354114468,-2.497142068184421,1.3397489933369684,-0.5379315991699141,4.778620545153981,-0.7888985507978177,1.013972486177293
44.0,105.0,143.7503204345703,-1.0330396980623453,2.681843045269403,-4.923667455710777,-4.98138333875858,-2.499912780908193,1.3430514451806088,-0.5366528420206871,4.779142201255819,-0.7892085074305459,1.0145657681351654
44.0,105.0,143.75186157226562,-1.0295874424921143,2.6875196709283697,-4.917427108780289,-4.977168468648652,-2.497362724377698,1.3433644556982005,-0.5363793165916997,4.780398378716761,-0.789560615692932,1.013896727792197
44.0,105.0,143.74620056152344,-1.0317169120425356,2.68836998836234,-4.922849864655518,-4.980874124554965,-2.496557917360396,1.3414342505482804,-0.5392595698883165,4.7761767730053695,-0.7891751298130956,1.0132639613165706
44.0,105.0,143.73934936523438,-1.0311899035345995,2.6861634761289057,-4.920791069649174,-4.97615612512869,-2.5009109312944124,1.3410298171476658,-0.5393736853694726,4.780126791546248,-0.7913201386940223,1.0145267092671766
44.0,105.0,143.7572021484375,-1.032332248909026,2.683177881339928,-4.914290458058565,-4.975071768525544,-2.4985767121334126,1.3419437638061025,-0.5354201837082844,4.779435698087951,-0.7889393147649209,1.014429583104148
44.0,105.0,143.75021362304688,-1.032356147666158,2.6857770569799,-4.92170431405802,-4.97198793513556,-2.493737660759876,1.3431086865966524,-0.5380794161055267,4.777565045761417,-0.7905433283102123,1.0149574613371994
44.0,105.0,143.77041625976562,-1.0304241985406652,2.6838653553892016,-4.923914333023416,-4.97658474206216,-2.4932952170703704,1.3393582456893345,-0.5371359572960834,4.780462892161353,-0.7898758466077256,1.0170299289641669
44.0,105.0,143.744873046875,-1.0342422707751266,2.68465547925942,-4.922327254824084,-4.980961538715475,-2.4965234080036143,1.3392964468425037,-0.5382369341920477,4.775385292262625,-0.7910172972926635,1.0125980691162129
44.0,105.0,143.7469482421875,-1.034311520110439,2.68567794573843,-4.922177697231412,-4.975263068888835,-2.4933408995812862,1.3387758107619965,-0.5398341325412197,4.776953086969478,-0.7914996060595829,1.0141237242208891
44.0,105.0,143.75335693359375,-1.0356383922061396,2.6814575424885287,-4.921609683548788,-4.973580523909417,-2.4954343236391106,1.3446650193612395,-0.5388067628813173,4.778608768939877,-0.78917906232493,1.0144049036161027
44.0,105.0,143.77247619628906,-1.0317324951855773,2.6769146560891066,-4.923920701482651,-4.9758511015865565,-2.492022861543495,1.3434741798775915,-0.5386197063250373,4.776375538968583,-0.7885377278566654,1.0159125292429805
44.0,105.0,143.74542236328125,-1.033004356229161,2.680585396956775,-4.9213942666194415,-4.9714935662284345,-2.4994804602519944,1.3418814456098538,-0.541288838178053,4.776600219664246,-0.7901940858216125,1.0139619617147124
44.0,105.0,143.7379150390625,-1.0325357021220198,2.684050810010996,-4.920575562668888,-4.974285657107002,-2.499235950910736,1.342508847500774,-0.5384496384453739,4.780207782786372,-0.7895686346718778,1.0149054660748489
44.0,105.0,143.76724243164062,-1.0287227974223132,2.6860692995418027,-4.919014206152765,-4.980850194237327,-2.5028312907744628,1.3434988426491683,-0.5383595496322746,4.780910678957612,-0.7886301905899025,1.0148793554310762
44.0,105.0,143.7490997314453,-1.034516987410484,2.67978161146738,-4.920572265583125,-4.979350173058235,-2.495626940577621,1.3370395750674788,-0.5396695663651219,4.776398534049925,-0.7891455576442148,1.0139803020389273
44.0,105.0,143.75453186035156,-1.0358486729196414,2.678559515660835,-4.921873571665349,-4.978010071795252,-2.4965737481137267,1.344845767801008,-0.5388195927952388,4.775005160603195,-0.7894994082379512,1.013770388514227
44.0,105.0,143.75259399414062,-1.0321302283523526,2.682116991037173,-4.924602932226209,-4.974870891334312,-2.494967367154149,1.3456847087405237,-0.5380410794806298,4.779314399997711,-0.7897331905973841,1.0136783955280553
44.0,105.0,143.74569702148438,-1.0290013227559802,2.6849754455957324,-4.926794197078607,-4.974787731610512,-2.4980473637173226,1.340830337959149,-0.5377620693742502,4.780122279440269,-0.7901525277240902,1.0144844600107108
44.0,105.0,143.75991821289062,-1.0303836796747716,2.682906375244772,-4.921496192712302,-4.978021601937356,-2.4908252867513414,1.3381043058349291,-0.5409217478029369,4.775352928119629,-0.7896698122728427,1.0139337955418224
44.0,105.0,143.76063537597656,-1.0247449672233309,2.6804579222701017,-4.922413985414591,-4.973548392597879,-2.49547660088646,1.3429105808700097,-0.5377543461570413,4.775091815641522,-0.7896000395633678,1.013566303086705
44.0,105.0,143.75784301757812,-1.0346157486535683,2.683169028711044,-4.919386125666452,-4.968729952934799,-2.499564009570036,1.3434188235595936,-0.5384058674762651,4.778489805420955,-0.78970428796148,1.0138208145881835
44.0,105.0,143.74453735351562,-1.031147193945643,2.6783230825896984,-4.922019864281849,-4.976940424238878,-2.4974408236812016,1.3398656991700344,-0.536557900501502,4.777042868230691,-0.7890618763164516,1.0151973882501517
44.0,105.0,143.73849487304688,-1.030108846893114,2.6817086730514825,-4.921782284438678,-4.974680445716582,-2.494968761469958,1.3398758108854656,-0.5373942657664488,4.777470223117156,-0.7901432393895327,1.0152052283202249
44.0,105.0,143.73890686035156,-1.034093933880507,2.682071275381728,-4.924913790194855,-4.979293375498619,-2.49603452401651,1.3418465534512567,-0.5383770764826101,4.779437408326325,-0.790704908976279,1.013235009885351
44.0,105.0,143.73277282714844,-1.032384062431844,2.6820739334542685,-4.919846812976254,-4.978664397151185,-2.497606388174677,1.3411342769073862,-0.5380412694405825,4.780685003452295,-0.789363239838071,1.0139481205161935
44.0,105.0,143.748291015625,-1.032196017120579,2.681602899959516,-4.924762700029192,-4.97502590413576,-2.4953155503300546,1.342748418757587,-0.5386604044043359,4.783064669600005,-0.7898953798604111,1.0147193114221498
44.0,105.0,143.73876953125,-1.0329284181312932,2.6795338462286136,-4.923806302322609,-4.978771657415934,-2.4979743265301373,1.3413178968980075,-0.538313135861265,4.78050094629306,-0.7890009326577134,1.0138600978657983
44.0,105.0,143.74661254882812,-1.0336717227274423,2.684415029976723,-4.922782523379302,-4.982266123002402,-2.498349505807764,1.3435939915571096,-0.5391902599186444,4.777302461036735,-0.7896247631773488,1.013141922269595
44.0,105.0,143.7545166015625,-1.031577073830563,2.68070160753566,-4.91792082969194,-4.977452689686882,-2.495201121731169,1.3405170852914692,-0.5363240327807128,4.777645406820639,-0.7875805329198542,1.013462117091751
44.0,105.0,143.74009704589844,-1.0295694905129942,2.68582856897746,-4.923157684432293,-4.980604303439285,-2.4966605324381703,1.3392069043482602,-0.5392773679492668,4.779223329187225,-0.7900742323569245,1.013564077812907
44.0,105.0,143.76564025878906,-1.025410233023019,2.684512093612298,-4.921619500160098,-4.978149831196603,-2.4915500782196127,1.339730701930134,-0.5376589462895343,4.775613365064277,-0.7906698477357059,1.0130290855272692
44.0,105.0,143.73818969726562,-1.033487507788263,2.68284085091426,-4.922379799903087,-4.981114649522494,-2.496664805367168,1.339794538534301,-0.5401115999212696,4.77968507672615,-0.790865757530411,1.013344678756548
44.0,105.0,143.74513244628906,-1.0320065427025016,2.686195874283243,-4.920217805920827,-4.973831191260848,-2.495243418147105,1.3422935992605565,-0.5381148024910569,4.7762989354297805,-0.7898904964703402,1.0155340730770188
44.0,105.0,143.73301696777344,-1.031517879855683,2.679843923356744,-4.9209389633840175,-4.977238645229287,-2.49693316209294,1.3418117393353342,-0.5399263400331069,4.774798508034275,-0.7896723948020679,1.0140727056630947
44.0,105.0,143.73855590820312,-1.0335710104285891,2.683644590210825,-4.919113939506657,-4.973687949845775,-2.497660253380132,1.339159523338589,-0.5388347439058228,4.774895505179286,-0.7904672048857089,1.0129301730048477
44.0,105.0,143.7449188232422,-1.0308935204512637,2.679176968178337,-4.922662306530124,-4.980488328831072,-2.4964968034255848,1.3434973373532122,-0.5377394315858783,4.78070914567876,-0.7900589289833313,1.0131936405672342
44.0,105.0,143.7427520751953,-1.0274706308863817,2.683163585605609,-4.916899811403468,-4.979032690970528,-2.494362275049552,1.3413807983190305,-0.5383192045398868,4.77798841033932,-0.7901360740817651,1.0139365769306927
44.0,105.0,143.77342224121094,-1.035765849775225,2.686159598041704,-4.913022195766104,-4.975830179932317,-2.496289234875932,1.345110649883404,-0.5387843899702149,4.777394894658871,-0.7896874269493885,1.0123258139510425
44.0,105.0,143.7390594482422,-1.0333154708097188,2.684337548149891,-4.922194390601552,-4.971591521852095,-2.4973290293111767,1.3405601078226992,-0.538522715985934,4.777804668808267,-0.7905121303048244,1.0131087290913516
44.0,105.0,143.7432098388672,-1.0333289878480372,2.681989107343604,-4.922534003236742,-4.97145348216415,-2.497010214457726,1.3411176699192122,-0.5370159055801329,4.779315976386805,-0.791328490299839,1.0143036126041558
44.0,105.0,143.75057983398438,-1.032556103203619,2.6791796984685625,-4.919503681096848,-4.971510210412752,-2.498101799429013,1.3412318172639646,-0.5396594143936966,4.781671603743549,-0.7900597801422098,1.0123827995723689
44.0,105.0,143.74322509765625,-1.0331769325829008,2.6857254010918314,-4.918283369583762,-4.972081625985327,-2.495858479016041,1.342189664647635,-0.5386278128625204,4.778185094543993,-0.7896175256852818,1.0146454194371373
44.0,105.0,143.74366760253906,-1.0317672839245469,2.682665725391216,-4.922877937470828,-4.97603599968889,-2.496798405463973,1.338910552260046,-0.5358737707860328,4.777929677906194,-0.7891953884718079,1.0134640251060203
44.0,105.0,143.73513793945312,-1.0306006024799077,2.682428465629129,-4.922725220642617,-4.973745330539636,-2.499563647073077,1.3409931257356469,-0.5389273567044084,4.776876352284495,-0.7905958218546534,1.0128562326868051
44.0,105.0,143.7540283203125,-1.0307827715813445,2.6759223208212246,-4.9218349648803725,-4.982446233573131,-2.5001898488067336,1.3392678140870269,-0.5372109827650497,4.776712034541134,-0.79019977291596,1.0132244083061217
44.0,105.0,143.7452850341797,-1.0342600489906446,2.685183875269185,-4.91930415347238,-4.977466195767417,-2.496008855321211,1.343630124830078,-0.5401571984588918,4.779652331844794,-0.791665992268368,1.0131706921189192
44.0,105.0,143.732666015625,-1.031582589578595,2.682617868403641,-4.921775574392579,-4.978742490371369,-2.4972148815124537,1.3403792470981184,-0.5402044480295576,4.7756479681750825,-0.7902714502949388,1.0149223402491163
44.0,105.0,143.7426300048828,-1.030955705317715,2.679299900873393,-4.921880856850772,-4.974994486517181,-2.495166281985106,1.3410700537305065,-0.5382008821043414,4.775093945226452,-0.7899692363829418,1.0156636726603097
44.0,105.0,143.772216796875,-1.03184923248733,2.689270246598703,-4.923741110398249,-4.96857328124611,-2.499509479074236,1.3426090760705307,-0.5376002250171315,4.780487499309395,-0.7898951479511975,1.014795919208531
44.0,105.0,143.73536682128906,-1.03133819439579,2.68180740799901,-4.919890840373357,-4.975156867149611,-2.497973149122345,1.3420338953497275,-0.5372303722657081,4.778146565546404,-0.7908736600770565,1.0152434869415394
44.0,106.0,143.73963928222656,-1.033877544087987,2.684207826379509,-4.921705718015297,-4.973082096912576,-2.4944876286784234,1.3397658712199156,-0.5386837909598796,4.77605354844092,-0.7909576488068035,1.013868803304784
44.0,106.0,143.7385711669922,-1.0314448998477506,2.678728931877977,-4.922510731255376,-4.98012111228054,-2.498153751593897,1.3398112109672446,-0.5381102901844779,4.775283139901781,-0.7897046028361023,1.0147654110573887
44.0,106.0,143.74130249023438,-1.031391514758953,2.683894342767358,-4.921179726466772,-4.973186473290332,-2.496171779496516,1.3429544243806335,-0.5374010693817111,4.775894921338233,-0.7897168180061769,1.0148498945285125
44.0,106.0,143.731201171875,-1.0314752464770032,2.683384742114102,-4.923493799923943,-4.976780826893328,-2.4976756361473966,1.3420576857323328,-0.5390547150878859,4.77730946372197,-0.7894748812743284,1.0141732378858856
44.0,106.0,143.72914123535156,-1.032445074302419,2.6811904276120577,-4.921314434904703,-4.976078591999248,-2.497134044488287,1.3395923109582295,-0.5398525060378851,4.7773730050840975,-0.7910521245173099,1.0139016677525785
44.0,106.0,143.75473022460938,-1.0328244721279196,2.6845928975124203,-4.924224629377664,-4.975825921043142,-2.50193031573772,1.3400103753127643,-0.5400005387480453,4.781241353468813,-0.7890893566934318,1.015472732470231
44.0,106.0,143.744384765625,-1.0361727098721718,2.68191370866699,-4.923559130613653,-4.978125119373938,-2.5008913387631946,1.3408775471867551,-0.5381954230061625,4.77617306071155,-0.7907150086349564,1.0130081963434314
44.0,106.0,143.73175048828125,-1.0343240051915608,2.6815054699756,-4.921687736740507,-4.975306620171504,-2.4971737823656444,1.3407617747163911,-0.5397752405977467,4.77711258427728,-0.7900924881055458,1.0133575795354215
44.0,106.0,143.76217651367188,-1.0346812125868157,2.678323137367858,-4.9179129064895495,-4.971238318292376,-2.5010216599186768,1.3392961141694073,-0.5393808715902626,4.773001844904215,-0.7896374289420702,1.0147717126563371
44.0,106.0,143.74798583984375,-1.0364050591076603,2.683494897641124,-4.920572204848328,-4.981505002847774,-2.4963473693982148,1.3409030869472325,-0.5399317253427816,4.781168255878459,-0.7911788595673723,1.0139938055579076
44.0,106.0,143.73150634765625,-1.0291727992373234,2.6813779892941048,-4.922754170054412,-4.9768791809749455,-2.4973983359585223,1.339494015958218,-0.5397616207475151,4.778122504100242,-0.7902771370710653,1.0139231619264493
44.0,106.0,143.73849487304688,-1.0326107649236975,2.680982681231585,-4.92034418924532,-4.979883015356858,-2.4946510242713456,1.339455654591867,-0.5391835575339456,4.774087970503185,-0.7908055993594623,1.0140300467925485
44.0,106.0,143.7352294921875,-1.031387564345308,2.680950419061729,-4.918658256824673,-4.974319869051537,-2.4989739280608205,1.3386745726860827,-0.5400051323282877,4.77855497973559,-0.7901002703227142,1.0135012675760438
44.0,106.0,143.7355499267578,-1.0297292122995256,2.682360978658039,-4.921627004069975,-4.975592857753636,-2.4962220690642,1.3400614054000464,-0.5383467433758184,4.778765506743376,-0.7899283464576277,1.0154099941773342
44.0,106.0,143.73973083496094,-1.0298406835340526,2.6828631284012854,-4.920673219721757,-4.97634773249395,-2.502765091708844,1.341994192268884,-0.5389970818259471,4.778069831967143,-0.7907055640723852,1.0142633696137784
44.0,106.0,143.73512268066406,-1.031577152084023,2.683598578516282,-4.925270387002534,-4.977132468920574,-2.4967261170572304,1.339837769628747,-0.5379505994535805,4.776687428933457,-0.7907792540656349,1.014689996029419
44.0,106.0,143.73828125,-1.0304470430611676,2.6841364650975663,-4.923600912954735,-4.978751019062334,-2.495541916076476,1.341141212461121,-0.5380109741154024,4.774518159930983,-0.79127536821942,1.0144635765798655
44.0,106.0,143.7462158203125,-1.0327191963590554,2.6858340185874887,-4.920764784439559,-4.971468938936245,-2.501654935420668,1.340375298342562,-0.5392209271622059,4.778915146229393,-0.7904742456692437,1.0143502631123311
44.0,106.0,143.73475646972656,-1.0327147838182125,2.681144349665825,-4.92147038554536,-4.972096510829805,-2.4988775901491387,1.3406142178304703,-0.5383115536179082,4.7775534198129606,-0.7902222359620588,1.0143505771458097
44.0,106.0,143.7346649169922,-1.0319597803820777,2.685441333832756,-4.923831040132157,-4.9794386246082905,-2.496010301319074,1.3410209623528928,-0.5391929498477976,4.779426263476054,-0.7903699238341879,1.0138963035047164
44.0,106.0,143.73748779296875,-1.0332245218069187,2.677415871842638,-4.920678123294136,-4.9784900384209605,-2.497439760748577,1.3414318065165638,-0.5376868624538176,4.777102813635549,-0.7910620902453207,1.0147914219350689
44.0,106.0,143.7384033203125,-1.0331721169274886,2.683269798657582,-4.917179169245964,-4.976511161428667,-2.498334134760861,1.3412219026100134,-0.5367982302299401,4.777576131586571,-0.7893199835825602,1.0147104148585653
44.0,106.0,143.73202514648438,-1.0305152197272625,2.6787872880114545,-4.921431848802929,-4.9792579644275,-2.496705491956848,1.34036657061446,-0.538283076125472,4.776987103910873,-0.7903567210217428,1.0137514443587057
44.0,106.0,143.73513793945312,-1.030791337024482,2.6852685504920704,-4.917034829790522,-4.977563082749112,-2.498832415053131,1.34181557232516,-0.5384824943643709,4.779116132430518,-0.7908572494011654,1.0132372894640582
44.0,106.0,143.73117065429688,-1.0320425122946109,2.681567864452398,-4.924130644193904,-4.977581963872636,-2.49791054579982,1.3403350634681637,-0.5379763067737482,4.778669659818242,-0.7910851595817912,1.014272488251823
44.0,106.0,143.7532958984375,-1.0342552981760793,2.6797780749387803,-4.923428802313576,-4.9790120030856695,-2.50037399330644,1.341515828239034,-0.5403111628395934,4.77825376697994,-0.7898111493922535,1.0116875742735818
44.0,106.0,143.7373046875,-1.031490602391881,2.680531932452172,-4.920905046892024,-4.973630469141159,-2.499621063550081,1.3400929927078078,-0.5406243093747163,4.778935519037983,-0.7906571341141859,1.014762502270786
44.0,106.0,143.74037170410156,-1.0328463535880776,2.684922751072203,-4.920919426423187,-4.976298210172778,-2.4949781648778364,1.3426005683548397,-0.5364551539239857,4.778404845141008,-0.7904879384772903,1.0143557281228253
44.0,106.0,143.7496337890625,-1.0309424540392826,2.6783565531767906,-4.917614586252623,-4.976361006012519,-2.4989923787027344,1.3369079508590334,-0.5401010555747625,4.779022042026982,-0.7894638685524775,1.0144552522358232
44.0,106.0,143.73919677734375,-1.0334284849098463,2.684647822477439,-4.922846661141676,-4.9799677777685085,-2.500849874734538,1.340195130096106,-0.5376220751248209,4.776842098411184,-0.7900771814255503,1.0135855656478938
44.0,106.0,143.73260498046875,-1.0325426263204314,2.6824317803312336,-4.919606986445831,-4.975654368708797,-2.4960005221887807,1.3420373622287602,-0.5389249218487802,4.776081098642134,-0.7892227845576469,1.0138628117691084
44.0,106.0,143.73776245117188,-1.0303514716978928,2.6813940162770544,-4.921828785631695,-4.979341826369478,-2.497757471193975,1.3400791912752965,-0.5380877566520237,4.781402235286947,-0.7918504973251546,1.0139869424135617
44.0,106.0,143.73873901367188,-1.032129829076803,2.684670899115307,-4.92263496319644,-4.974852986520222,-2.494198997749516,1.3413097746220837,-0.5382380378019445,4.77976852135928,-0.7910983690885409,1.0146620194077949
44.0,106.0,143.73561096191406,-1.0308672741772007,2.6792739580645133,-4.921767582964145,-4.979423124585207,-2.49836301892448,1.341276039040307,-0.5398513128092706,4.780861406585563,-0.7899959847152465,1.014289283633402
44.0,106.0,143.75827026367188,-1.0282874364868857,2.6827319595759835,-4.920181974734092,-4.977158482068891,-2.5010244044683474,1.340390656702862,-0.540074399779904,4.777416610972695,-0.7928630688642704,1.0159332940295984
44.0,106.0,143.7366180419922,-1.0306052202590306,2.685528097160466,-4.917775266145874,-4.973920678787063,-2.4961709652151844,1.3406515069645932,-0.5393660370970572,4.776975087862526,-0.7909527713678468,1.0131716715400074
44.0,106.0,143.7362518310547,-1.032330428340661,2.6852038956418047,-4.9201139220922485,-4.976811752021153,-2.497384988868064,1.3424047228273377,-0.5409821935822157,4.776580247062942,-0.7911991580870223,1.0142735135821166
44.0,106.0,143.7392578125,-1.02928716360013,2.6814161801749306,-4.919285495700957,-4.981179790345009,-2.4953968479834847,1.3398127477250208,-0.537708391897298,4.779526750931503,-0.789987037467835,1.0139833780666354
44.0,106.0,143.7437744140625,-1.0337570586971108,2.681785320330396,-4.921950193114204,-4.976488762481895,-2.4979452318491613,1.3388561458496788,-0.5376578135358345,4.779728738441474,-0.7915278961696499,1.015720300104635
44.0,106.0,143.7342529296875,-1.0298808606306595,2.6808122920497945,-4.922843618658153,-4.977684069643966,-2.499740187741155,1.3417899586392634,-0.5404272644775947,4.778105620610484,-0.7902818667419096,1.0138047156982664
44.0,106.0,143.7325897216797,-1.0310459050625045,2.6826547331713204,-4.924116727978952,-4.975185400751123,-2.496715788737692,1.341420069559862,-0.5394119487110096,4.776784604919811,-0.790284834929734,1.014770299947302
44.0,106.0,143.749267578125,-1.0322978577567552,2.680233042125179,-4.925706452869636,-4.98083284637965,-2.500628274047661,1.3406339015183768,-0.5407307458992063,4.777018698843202,-0.7904726054265163,1.012767774950925
44.0,106.0,143.73455810546875,-1.0286834030208714,2.6822024652439067,-4.924195706658674,-4.976872395483708,-2.4970856440835014,1.341679723103903,-0.5392324977439191,4.779590065457427,-0.7904380306594945,1.0142550413016815
44.0,106.0,143.7457275390625,-1.0301861633157432,2.6806300887068693,-4.921118267972292,-4.977287337696134,-2.4946960746242617,1.3434948389166124,-0.5371452233896301,4.775371081147469,-0.7905060932731693,1.0126338385880809
44.0,106.0,143.73118591308594,-1.0313213604361664,2.6819115503401214,-4.921139502169122,-4.976855984823941,-2.498278182165721,1.3410651334183568,-0.5395687469279986,4.775455056014554,-0.791151014052387,1.0149180284592785
44.0,106.0,143.73486328125,-1.0323200057734023,2.6805786211622893,-4.921941606136543,-4.978000732721489,-2.494125899624524,1.339580987260721,-0.5396334826487417,4.776295565904578,-0.7906448227755378,1.0140815921807746
44.0,106.0,143.7290802001953,-1.0310742358923002,2.6819242518282307,-4.919610233171204,-4.978388824960419,-2.496880553093428,1.3400784240634789,-0.5394133342034291,4.776314299381074,-0.7897214238770358,1.013697846413609
44.0,106.0,143.73399353027344,-1.030795317195872,2.683075706598049,-4.920948622254233,-4.973785990126905,-2.4969429277667645,1.3413633100615927,-0.5387776106557327,4.774761724271226,-0.7902785180229257,1.014807759895473
44.0,106.0,143.7428741455078,-1.0329511535446354,2.6798715564620688,-4.921942294044645,-4.98116134043023,-2.496724919360088,1.343498179355258,-0.5373123993512996,4.775875102061036,-0.7898278817599564,1.0138309968466643
44.0,106.0,143.73306274414062,-1.0317193557069473,2.6807495983230165,-4.922883336629722,-4.976124784153145,-2.495907611667851,1.3413869709253303,-0.5385794869905682,4.774758520721816,-0.7904812480697467,1.0146245041471786
44.0,107.0,143.73739624023438,-1.0325967418050808,2.680840440899328,-4.920305537128589,-4.971886015588113,-2.4980601628020005,1.3421739005098132,-0.5380876587987515,4.777717790680111,-0.7911844433894029,1.0142999639499406
44.0,107.0,143.7320556640625,-1.0332155832859775,2.683839954955963,-4.923030668440411,-4.975402510554664,-2.4980395480011417,1.339902903104349,-0.5388151327842392,4.779579594609553,-0.7897139632591532,1.0140197357563538
44.0,107.0,143.74203491210938,-1.0283655539965926,2.680882673496045,-4.924473637584313,-4.978911536748639,-2.49684323025629,1.3394222126024573,-0.5392564449255381,4.778245495339794,-0.7920380254975043,1.0138968370181214
44.0,107.0,143.7330780029297,-1.0335232776789538,2.685104348526988,-4.923496503816374,-4.976556131105445,-2.4962796045559554,1.340172341815884,-0.5388039974463545,4.77937295205248,-0.7903179582429694,1.013863821536721
44.0,107.0,143.7347412109375,-1.0332659589870503,2.68377477903544,-4.918465029474315,-4.973940423808291,-2.4982721295369235,1.3405902491047783,-0.5391215242698824,4.777505469177164,-0.7890923564642591,1.0141493204056378
44.0,107.0,143.73365783691406,-1.0307805956534946,2.68458857809779,-4.918939440271059,-4.973825890204147,-2.4979558080412656,1.3395991842247792,-0.5386934126409129,4.777141259549151,-0.7896688928438547,1.014459153819648
44.0,107.0,143.72946166992188,-1.030487850946722,2.682650704728248,-4.917419319986276,-4.976668248064235,-2.4977670812140707,1.3417054365329122,-0.5387814857763189,4.778670983381991,-0.7905501907546251,1.0140947885428
44.0,107.0,143.7532196044922,-1.0359865102560395,2.684028196016208,-4.921490230860718,-4.976209418426284,-2.497461256663777,1.3397987898690389,-0.5422960167155342,4.775987811544999,-0.791845344621839,1.014416599972639
44.0,107.0,143.73812866210938,-1.0314577505431988,2.683028745325668,-4.923467954823756,-4.975641447153195,-2.4968456483454333,1.3411752698816048,-0.5397547697647811,4.774711779029623,-0.789784972338178,1.015343951196618
44.0,107.0,143.73236083984375,-1.032390746512153,2.6818275229237942,-4.919881468923448,-4.976238700814472,-2.4945588020280605,1.3413910307361636,-0.5394606858571489,4.777621058610102,-0.7895883949313749,1.0137098013753842
44.0,107.0,143.73623657226562,-1.0305689571089482,2.6808879749427863,-4.922222428291995,-4.978295856769844,-2.498872330959199,1.338980499231054,-0.5383386727401298,4.774090065723916,-0.7911291670608875,1.0141463605686676
44.0,107.0,143.7310333251953,-1.0331167624911428,2.680983960443162,-4.9184483577010045,-4.975613182657702,-2.4975330535263245,1.3399522603063492,-0.5396131095063268,4.776658952068569,-0.7912236585350563,1.014270671592867
44.0,107.0,143.7305908203125,-1.031978341853394,2.683517372217068,-4.922778038679678,-4.97719389313301,-2.4961197055145368,1.3396066327881408,-0.5393975583102861,4.777378542860532,-0.7911977407170507,1.014183095857546
44.0,107.0,143.7332000732422,-1.03075031206729,2.682155066874331,-4.922849041811802,-4.974931165778578,-2.4965667787863453,1.3385226187869526,-0.5387867396055546,4.775972385725657,-0.7902120642164112,1.0137911389105847
44.0,107.0,143.73545837402344,-1.0298409738586196,2.6817643336927954,-4.9234537250324495,-4.975743519943095,-2.4973131663476886,1.3408531424089605,-0.5399056779169307,4.774573890903229,-0.7906403677572973,1.0147615567140136
44.0,107.0,143.73590087890625,-1.0320702623368878,2.681447830347606,-4.926095234670713,-4.979610175771354,-2.498251329432385,1.3409917962489972,-0.5390662777911235,4.778224637066977,-0.7906454578460256,1.0142561284499818
44.0,107.0,143.73643493652344,-1.0296612409191774,2.683957679522972,-4.923615039730197,-4.979416737645616,-2.497887778426835,1.3393051807477525,-0.540389618145074,4.777417273513402,-0.7906982703193455,1.013709317165806
44.0,107.0,143.73431396484375,-1.0336809674131144,2.682503438773056,-4.923522368177385,-4.978678865669004,-2.4968939847166856,1.339647426283661,-0.5401965927850236,4.777847915957537,-0.7897593599596693,1.0136876120445804
44.0,107.0,143.73312377929688,-1.0297654432959185,2.679539957680152,-4.92244342668024,-4.9781232080151385,-2.49885049830418,1.3398702987199993,-0.5395973327956147,4.77916123294478,-0.7899679948437548,1.013640828900621
44.0,107.0,143.73428344726562,-1.0341675618023929,2.6841706737095947,-4.919331836293555,-4.976723083127368,-2.4963315344442427,1.3389611338596747,-0.5383048412515965,4.776597761949699,-0.7897784246326518,1.0137708540279269
44.0,107.0,143.7357940673828,-1.0326259950773231,2.6785904168379258,-4.924515308869416,-4.97864035600213,-2.497499393463284,1.3416894189197004,-0.5391060431883634,4.777135204091856,-0.7902901650791447,1.0145523607585414
44.0,107.0,143.73712158203125,-1.0292405764564911,2.684944015630898,-4.921411973140506,-4.976171128868543,-2.4970757874569904,1.339329530353571,-0.5382787197123111,4.773930040000689,-0.7900828377361755,1.014085857347232
44.0,107.0,143.74024963378906,-1.034455040731153,2.682025007704122,-4.921569684720481,-4.97439453013393,-2.496410567701977,1.3428465556560258,-0.5378800576784837,4.779850867214234,-0.7898077255227793,1.0130763727746397
44.0,107.0,143.7397003173828,-1.0290582988020145,2.6839299605337423,-4.919122928981275,-4.9786915690958455,-2.4984332883931466,1.3416757202913878,-0.5396638146685797,4.774333737913263,-0.791896008394442,1.0141998387990103
44.0,107.0,143.74368286132812,-1.0303448309222918,2.682204939593841,-4.921527633464383,-4.979606081332473,-2.495955517622306,1.3424430938126992,-0.5366614245468746,4.777835252731009,-0.7895962605740028,1.0125165947512027
44.0,107.0,143.73040771484375,-1.0329478763625914,2.68274308281392,-4.923138720952704,-4.975999347675845,-2.4976408189190744,1.3398881781043102,-0.540008057704374,4.777550457671968,-0.7909202604501333,1.013930642277999
44.0,107.0,143.74267578125,-1.0336288099947746,2.685431576426089,-4.922108680482946,-4.975322800867263,-2.49651552778543,1.3402480214369028,-0.5403034338349215,4.773488116920237,-0.7914357882542413,1.0133429492823698
44.0,107.0,143.73416137695312,-1.0310476876578507,2.682893877980442,-4.919845890097962,-4.977009441954638,-2.500200828936267,1.3411228586875126,-0.5383051641574434,4.779024365649393,-0.7895094003784768,1.0129466219522678
44.0,107.0,143.72972106933594,-1.031176527239435,2.682377995592096,-4.921678674147153,-4.9792577215044505,-2.4983589044477004,1.34122716771211,-0.5378204594141849,4.776471300795372,-0.7909567286775845,1.0139514825522724
44.0,107.0,143.73057556152344,-1.0308804531197713,2.681214995907508,-4.921448234116598,-4.978089580929867,-2.495882353913364,1.3406980682422889,-0.537974901034759,4.7782866744836525,-0.7896238482046334,1.0144072065785767
44.0,107.0,143.73252868652344,-1.0313107696118506,2.683245126822583,-4.921165253552617,-4.974976673452816,-2.4975132058505256,1.3418432431645266,-0.5381509920413263,4.7760276432460405,-0.790904956499678,1.0150273038921087
44.0,107.0,143.7322998046875,-1.030029316805071,2.681570607739295,-4.920234497816904,-4.976200483355068,-2.4974202389232603,1.3391896833131618,-0.539802308993309,4.776283003384663,-0.790580691776209,1.0148249298146252
44.0,107.0,143.7343292236328,-1.0294197926949842,2.681633570322952,-4.917901745773025,-4.975341281259092,-2.497941951452801,1.3405012758963686,-0.5388480210342097,4.77655782428711,-0.7891164266449886,1.01361271835329
44.0,107.0,143.73809814453125,-1.0306752458469672,2.6829361301286365,-4.923209239332008,-4.975507019848718,-2.493930480519098,1.3403298374530124,-0.5394274292186596,4.776343741154408,-0.7912897507025356,1.014694802286655
44.0,107.0,143.7303466796875,-1.0330573495256283,2.6812683382694926,-4.919890691427943,-4.978452850410786,-2.498659839364332,1.3413876403430578,-0.5400021900563541,4.778492056129693,-0.790760150689092,1.0134765034064284
44.0,107.0,143.73782348632812,-1.0291863978761402,2.6805146838724605,-4.924191771242493,-4.97644090327772,-2.495844665383198,1.34111995072489,-0.540409933208263,4.777051469070914,-0.7902057473105621,1.0146936647904834
44.0,107.0,143.7332000732422,-1.0321093983223757,2.682357190565262,-4.924071089092059,-4.97894384878478,-2.4963302153128737,1.341593799940524,-0.537715000998932,4.777865320906914,-0.7903126802270712,1.0145756528033072
44.0,107.0,143.729736328125,-1.0308899739450883,2.680994875863312,-4.922382091715329,-4.977118004854053,-2.498043841963855,1.33966625390594,-0.5398955515821227,4.77660415881801,-0.7905535672256443,1.0143845320652742
44.0,107.0,143.73486328125,-1.029582715271275,2.6809987422524344,-4.922158462096394,-4.980183069254766,-2.4963644253196065,1.3400122178564675,-0.5396599263145028,4.777530155212373,-0.7911362023102564,1.0146025169742243
44.0,107.0,143.7383575439453,-1.029838776148137,2.6836968041450824,-4.924237062422035,-4.978736326098368,-2.496441670577932,1.3409773703315544,-0.5387900387885844,4.776861880423517,-0.7890459160832073,1.0130821582085447
44.0,107.0,143.7389373779297,-1.0314164516402975,2.679992034346893,-4.922095281243487,-4.973801797441541,-2.4966198732007934,1.3429272973076367,-0.5397403259276352,4.77654981551621,-0.7910387445377136,1.0150332879843296
44.0,107.0,143.73690795898438,-1.0295111801834516,2.6818874975101368,-4.922732704961498,-4.974416334566229,-2.4994798521104094,1.3400462261857982,-0.5402745635336874,4.776179772358514,-0.7910464348619888,1.0146219972527764
44.0,107.0,143.73951721191406,-1.0291520399691327,2.681789982975152,-4.923814323197996,-4.977892723402235,-2.495785107830373,1.3381777043320362,-0.5400106220619394,4.777720386197577,-0.7903168663063003,1.0146322377106651
44.0,107.0,143.74139404296875,-1.032183585206124,2.6819248760684147,-4.923391191776334,-4.980905112763864,-2.49553221172466,1.3421242496302537,-0.5404835620317812,4.780253504617832,-0.7910952724691391,1.0139026317033686
44.0,107.0,143.73741149902344,-1.0327389619912282,2.6814250137581306,-4.921117245809955,-4.978062868226959,-2.4975681973906863,1.338977234042293,-0.5377687724676203,4.77334999124699,-0.7898705816012015,1.014249730820235
44.0,107.0,143.74232482910156,-1.0276938674628902,2.681831151391492,-4.920460410427058,-4.979341676331,-2.4948794330162336,1.3400497334864951,-0.5406260879493354,4.779594224944978,-0.7904077186418244,1.0135770078725557
44.0,107.0,143.73609924316406,-1.0330275660701451,2.683688599116147,-4.922601768760633,-4.97470951668469,-2.494626254190017,1.3404009360763922,-0.5391191681101475,4.77659596547462,-0.7910838598969079,1.0131891247334082
44.0,107.0,143.74098205566406,-1.0278147708807523,2.679726182161253,-4.920940918505128,-4.978146929991575,-2.496981820891428,1.340241055486587,-0.5387503196629169,4.780514248584597,-0.7902011793064698,1.0152819251303828
44.0,107.0,143.7395782470703,-1.027474099946463,2.680334067709928,-4.924460494164845,-4.976860570042272,-2.497169139178135,1.3394715180078274,-0.5397711481345722,4.77764011248458,-0.7904378947089361,1.0137649902368189
44.0,107.0,143.73045349121094,-1.029680497985754,2.6826735865350333,-4.918771703382995,-4.979051433715194,-2.498407409278692,1.3411583125586777,-0.5387860614198363,4.77717098367663,-0.789764420292336,1.0141272969399884
44.0,108.0,143.73468017578125,-1.031486230649553,2.6843478177926485,-4.92142229182914,-4.979482319507404,-2.498619543616832,1.3398269157730829,-0.5386571787239047,4.779626049805447,-0.789455371776068,1.0131654462773012
44.0,108.0,143.7294921875,-1.0329454061275358,2.6826559497472093,-4.922330851020384,-4.976330544517123,-2.4972001899597074,1.3416625478931063,-0.5394118696190553,4.778222643907187,-0.7902586385836301,1.014720693994219
44.0,108.0,143.73300170898438,-1.0300685150331903,2.6816288784731546,-4.922905463507682,-4.977944580277473,-2.49627869353124,1.3390915064330668,-0.538263929621503,4.778423234624933,-0.7899358406939498,1.0134417514390783
44.0,108.0,143.73184204101562,-1.0314644614234787,2.68247924025843,-4.9221318848473175,-4.979061248105064,-2.4974785968046698,1.340833765222241,-0.5373538449907009,4.777342376743842,-0.7899052999601857,1.013220279527756
44.0,108.0,143.7355194091797,-1.0289182235524903,2.6857941153427545,-4.920559196952163,-4.976965677233911,-2.498122032574636,1.3419521470482625,-0.5377730517414578,4.777537166257652,-0.7909778008059254,1.0133787648111774
44.0,108.0,143.73606872558594,-1.0295602437966869,2.6849212834379674,-4.921515021877385,-4.975926139287609,-2.495683200779732,1.3387969308045715,-0.5383334351907756,4.778230934244888,-0.7900441332614196,1.0146713921277808
44.0,108.0,143.73007202148438,-1.032043123682826,2.6825996725138275,-4.922925796819816,-4.97869542180537,-2.498611809685621,1.340394956290783,-0.5394316696154355,4.7797111917334885,-0.7903511078006114,1.0138360242123348
44.0,108.0,143.732421875,-1.0289922766765125,2.683852641969006,-4.918705063055807,-4.9776775549519865,-2.497668079205901,1.3412262743911283,-0.538229473568884,4.777670881612929,-0.7906959121913442,1.014827037070182
44.0,108.0,143.7354736328125,-1.0300442217899803,2.679453653935262,-4.922415974174388,-4.979264482780417,-2.497406538393533,1.3390078511496508,-0.5386951840619547,4.775306969253725,-0.7909427333040426,1.014013749940449
44.0,108.0,143.73239135742188,-1.0314154717505837,2.681152747569163,-4.91858773501712,-4.976789912743762,-2.4977271137376404,1.340808966650111,-0.5409289598867284,4.776275672241379,-0.7907500005011521,1.0142069536620042
44.0,108.0,143.73318481445312,-1.0316496521830625,2.682686030356746,-4.923696318880999,-4.976413632404305,-2.496561991598372,1.339921168796458,-0.5381413674306543,4.778345289168085,-0.790909911014209,1.0128783108742851
44.0,108.0,143.74118041992188,-1.0324313001539798,2.6847222789194127,-4.923651530264972,-4.976592950286243,-2.499745303565262,1.3386484721930092,-0.5405270104283186,4.779294496904935,-0.7903732800971843,1.0130029575203352
44.0,108.0,143.7279815673828,-1.0312203237562296,2.681700051268764,-4.920152632119627,-4.977556500838945,-2.4978153619783274,1.341370327267093,-0.5385502382152989,4.776964976222347,-0.7908468337855741,1.0147515751460965
44.0,108.0,143.7346649169922,-1.0306022949236446,2.6823432007003056,-4.919167173055538,-4.980918978504758,-2.4997420429172,1.3403804665604238,-0.5389763957731519,4.777877427509448,-0.7908275546568984,1.0147351286005186
44.0,108.0,143.73678588867188,-1.0301190381939298,2.6825942376462555,-4.921110327473888,-4.9774093580977965,-2.4988309500485806,1.340004799457244,-0.5374300494972246,4.7762738276155,-0.790096047114953,1.0155115701982125
44.0,108.0,143.7398681640625,-1.033132303967653,2.6815700315698248,-4.924499283588686,-4.976523951428063,-2.496190665540152,1.3400476741431735,-0.5407579659760176,4.774838202033374,-0.7913002501016049,1.013680796478198
44.0,108.0,143.73367309570312,-1.030548894547282,2.6828331767231504,-4.920527510886672,-4.976562075124834,-2.496876330822748,1.3395972823240054,-0.5386265619240778,4.779619681498138,-0.7910160070887313,1.015275316633427
44.0,108.0,143.73468017578125,-1.0325125938574105,2.680650546354132,-4.923785470524558,-4.9769015275471125,-2.4989990111676743,1.3404022380490428,-0.5405820614151855,4.7781430048165845,-0.791043850254324,1.0134375857022633
44.0,108.0,143.72671508789062,-1.032022787700941,2.681680985470459,-4.922022819271155,-4.976258030953232,-2.4972973440941915,1.340033399047468,-0.5387139213470169,4.778103833327933,-0.7902386809748378,1.014057717093274
44.0,108.0,143.73379516601562,-1.0287622451220968,2.6811607309512286,-4.9208395371644,-4.97807749752773,-2.4976952199682927,1.3426334621669636,-0.539378153772021,4.775563014123302,-0.7903353511479727,1.0141668283202545
44.0,108.0,143.7310028076172,-1.0305275574565833,2.681897144373285,-4.921516247016812,-4.9764352501156415,-2.4988736569570387,1.3403582453357208,-0.5396329211612301,4.775842116799581,-0.7912745527886322,1.0133787926729685
44.0,108.0,143.73239135742188,-1.0310241758530472,2.681724353358989,-4.920074895978958,-4.981207248824459,-2.496423634172305,1.3408258271868645,-0.5382888525104921,4.778151666753495,-0.7906810650788074,1.0135986926984133
44.0,108.0,143.74771118164062,-1.0321312605198925,2.6809426326491472,-4.9158606183848725,-4.976118834223388,-2.494521520159544,1.339292456530318,-0.5394683688601551,4.773663557150908,-0.7906197959139156,1.0126996928424372
44.0,108.0,143.7315216064453,-1.029831022995777,2.683019414232134,-4.922509226147562,-4.975366595560753,-2.497343467432116,1.3397990647494034,-0.5382191321588179,4.775558190817238,-0.7903078401267685,1.0143491402645708
44.0,108.0,143.74298095703125,-1.031150819316041,2.681966312742028,-4.923608186803039,-4.975803835191835,-2.493118432679349,1.338274169012155,-0.5389636494228984,4.777218759463711,-0.7913559727760342,1.014102169930391
44.0,108.0,143.72915649414062,-1.031862124895453,2.6808242221728875,-4.919635626871223,-4.978556999174623,-2.497329247397664,1.3408125925640144,-0.5384848262795128,4.777279221959491,-0.7914551590857632,1.0142198776058198
44.0,108.0,143.7387237548828,-1.033121739411937,2.6804031576679552,-4.924606623628638,-4.979417826824741,-2.497506663718456,1.3402523779397333,-0.538732678277416,4.7761004657214325,-0.7892534828963091,1.0131026689644171
44.0,108.0,143.732177734375,-1.0326172695356877,2.6805189035447343,-4.92142067202929,-4.978763289139647,-2.497043039012585,1.340300225821769,-0.539439192134954,4.779927704562713,-0.7894458342046482,1.0138029683698848
44.0,108.0,143.73019409179688,-1.0309110931583565,2.6818720117231267,-4.921480114578314,-4.976886333018221,-2.497206564313789,1.3417660484422615,-0.538818908441753,4.78075314691565,-0.790794424705032,1.014168262048316
44.0,108.0,143.73410034179688,-1.0319480816779998,2.681424672730836,-4.919846859821909,-4.979639295936507,-2.496106536951668,1.3404507213706642,-0.5375894893518858,4.77801686666602,-0.7892995247679542,1.0145438335996717
44.0,108.0,143.72988891601562,-1.0317377297019674,2.682145144229084,-4.92111576895475,-4.979838485684978,-2.4989463146816653,1.3414447829199814,-0.5391089137064622,4.777761724909395,-0.7911390164073833,1.0138576366595853
44.0,108.0,143.73240661621094,-1.0301722092706718,2.681731525318259,-4.921044370061688,-4.980315995672424,-2.4964583966036544,1.3403267080993366,-0.5397524006286911,4.778041559021675,-0.7910560099679937,1.014342816525902
44.0,108.0,143.73492431640625,-1.0304723137419187,2.680576287660349,-4.916022683383475,-4.978031759430468,-2.497888829288857,1.3408637156541356,-0.5379188602365392,4.77841183293809,-0.7897731937452761,1.0134480226591285
44.0,108.0,143.7377471923828,-1.030627231764366,2.683084060668688,-4.920326932367063,-4.980760361426917,-2.4965642270651904,1.3420604267107592,-0.5400867734880848,4.776835066292456,-0.7894403841505513,1.0148234367056863
44.0,108.0,143.73121643066406,-1.0316696010184594,2.681366677170044,-4.919612744129639,-4.975992983490324,-2.4963345139451576,1.3408459594037527,-0.5396642039952804,4.775248160303642,-0.7906126567872249,1.0147897580300294
44.0,108.0,143.7299346923828,-1.03204662230648,2.679930888926417,-4.919884414383673,-4.976282255382076,-2.496747589346441,1.3404033412275185,-0.5391388164282693,4.775624093285128,-0.7904340771354672,1.0133111232941197
44.0,108.0,143.7304229736328,-1.0325035399003637,2.68338892058792,-4.91979458825199,-4.97885461394645,-2.499219054145013,1.3400707616211482,-0.5393551699378252,4.779023277562683,-0.789862831815217,1.0136837004056272
44.0,108.0,143.73655700683594,-1.0326689753590648,2.6800243946847893,-4.920060502460897,-4.978636388031892,-2.4959951725921443,1.3393374273741705,-0.5387556340426549,4.778230978177032,-0.788780363370666,1.0135987235186334
44.0,108.0,143.7365264892578,-1.0328631379220736,2.6806009937202,-4.92170795810302,-4.977241822486979,-2.4952649583301585,1.3382990739921627,-0.5402605633922155,4.77707585395066,-0.7898525267473158,1.0140394330207192
44.0,108.0,143.73402404785156,-1.0301285068229098,2.684984929598624,-4.922310627511059,-4.9795635359800245,-2.4993848744712137,1.3406398602114535,-0.5391207610288964,4.775538064822673,-0.7906712037156787,1.014185173115003
44.0,108.0,143.7387237548828,-1.0310249626964052,2.6797366737035304,-4.91925365162076,-4.977921285831555,-2.4973970399123124,1.340898588234463,-0.5390100162425586,4.778920265429717,-0.7914311084282888,1.0157835669220674
44.0,108.0,143.73245239257812,-1.032454231075865,2.6829691594554808,-4.921701155726775,-4.978029741794197,-2.4959376419655674,1.3389360315818024,-0.5390211613011688,4.77782414855464,-0.7905118296774809,1.0148915525767706
44.0,108.0,143.73330688476562,-1.0293981756296775,2.682777426898774,-4.920577168558991,-4.978127108125462,-2.496193538136993,1.3399639160614507,-0.5387213298552975,4.776963747473378,-0.7917785813786624,1.0143968286262588
44.0,108.0,143.72804260253906,-1.0309838271554836,2.6812174434174976,-4.9213030482476245,-4.976135552722727,-2.496878516380519,1.3412600714847525,-0.5392665766790641,4.779109863369833,-0.7899154305096481,1.013828875064644
44.0,108.0,143.7327880859375,-1.0312645711649178,2.682510251369216,-4.9208328897365625,-4.978943873094754,-2.496543913599556,1.3389192732213564,-0.5404348077466112,4.77807517981914,-0.79029062883302,1.0142008852558426
44.0,108.0,143.72998046875,-1.0336053412134394,2.681586327980856,-4.922835987902478,-4.975863430262497,-2.496335402906624,1.3401612955735844,-0.5390693881815887,4.777231987403534,-0.790152914672837,1.0137200121669334
44.0,108.0,143.73440551757812,-1.0312867501577745,2.68277361438024,-4.917986941126696,-4.980115584532976,-2.499995616793997,1.340119987493738,-0.5393282013045759,4.777937702128858,-0.7911417641241645,1.0135332668193475
44.0,108.0,143.72898864746094,-1.0305780262434765,2.6840811041207413,-4.923264077790106,-4.976394642411137,-2.4981626673194124,1.341031516664069,-0.5384928555079007,4.777487380998242,-0.7904439653864346,1.0138463834799296
44.0,108.0,143.73468017578125,-1.029930595838051,2.681224060610761,-4.918786262061806,-4.978835400692315,-2.497471966220054,1.3411412024364902,-0.5409662620909064,4.776727028658916,-0.7907288289604075,1.0144262371234012
44.0,108.0,143.7458038330078,-1.032319681382723,2.682840405824757,-4.916869811374558,-4.980648554728212,-2.500495930738317,1.3427866826745325,-0.5402414224868268,4.780290976224563,-0.7899254336079009,1.0146277561518016
44.0,109.0,143.7330780029297,-1.0293209387184792,2.68155218457596,-4.921209814453079,-4.97906173311935,-2.4983757617751667,1.3404546118515048,-0.5383792627566049,4.77451738174077,-0.7905230579638243,1.014220007907399
44.0,109.0,143.73252868652344,-1.0305923963544217,2.6836899434247385,-4.922832837803954,-4.97653740013678,-2.4956183333462336,1.3409333827331889,-0.5382126221150498,4.778519818915411,-0.7899296336427772,1.0147983590120004
44.0,109.0,143.72813415527344,-1.0321373179203426,2.682140676324948,-4.921469401857769,-4.977142811725399,-2.497999249098644,1.3396320671307187,-0.5398104926208092,4.778813866737643,-0.7902966865118621,1.0139595355397315
44.0,109.0,143.73106384277344,-1.0329295656510706,2.6808834510263626,-4.920774638479369,-4.979298357390484,-2.49661347445808,1.3402080912786118,-0.5387676713733676,4.777342338345116,-0.7915489266678213,1.0139713291056784
44.0,109.0,143.73175048828125,-1.0317478788488406,2.682356121273017,-4.919022024841328,-4.9806643363218,-2.496182332255678,1.3415525102400538,-0.5390915809506103,4.777657179211872,-0.7909145649442406,1.0141187438796182
44.0,109.0,143.73263549804688,-1.032077498031691,2.681029275563599,-4.921848830371856,-4.978937391760376,-2.496396104679068,1.341167771162377,-0.5386811188388627,4.779725134296633,-0.7911319159691406,1.0148868077889004
44.0,109.0,143.72772216796875,-1.0320453745613922,2.682947813583968,-4.918417306431884,-4.97766946149029,-2.4976142741128022,1.3397526784628608,-0.5386622442221434,4.777705005940648,-0.7906844357581297,1.0141092151811666
44.0,109.0,143.72886657714844,-1.0306191780202374,2.679976302416539,-4.921505373698852,-4.9773337236266,-2.4973486750793645,1.3410335834370013,-0.5385432750285339,4.779518801521313,-0.7903077511925929,1.0136768800002862
44.0,109.0,143.73013305664062,-1.0319115051071837,2.6829611379264406,-4.924179176957278,-4.977619738676519,-2.4973138810022344,1.3416352135118927,-0.53888845204634,4.777218590567937,-0.7901982834752577,1.0144503974689751
44.0,109.0,143.72821044921875,-1.0329057751016464,2.6831184563460546,-4.921245387790266,-4.976254397046937,-2.497228628967512,1.3410918232542848,-0.5392134377010969,4.778762056738783,-0.7897274884788938,1.0141374308799156
44.0,109.0,143.73098754882812,-1.0292499057224545,2.6818075162293864,-4.920851257559616,-4.978748293882545,-2.49819355278842,1.340531282741254,-0.5391782276605444,4.776996839602576,-0.7896152991454288,1.0135278624509638
44.0,109.0,143.72805786132812,-1.0312682797470982,2.68239693480119,-4.919193346544487,-4.977527390739347,-2.496829979795212,1.3402867849060254,-0.5400236263573266,4.777218725592579,-0.7905153265554867,1.014086480890235
44.0,109.0,143.73280334472656,-1.032822819876296,2.680419408873953,-4.9210693521087,-4.974007781830981,-2.497969527408169,1.3414820091535944,-0.5401563141031858,4.77706328652603,-0.7904865651690685,1.0133696801668703
44.0,109.0,143.73236083984375,-1.0303672358669678,2.6838059971533035,-4.919658804851896,-4.977718801347057,-2.499975066044117,1.3424470953013845,-0.5382514544278951,4.778514159918444,-0.7900580859156925,1.0136598035258215
44.0,109.0,143.73202514648438,-1.033074029688153,2.682564980096899,-4.92278542819297,-4.975063613906071,-2.498166329431972,1.34074375472784,-0.5384295813666649,4.77732765128698,-0.791735859360509,1.014075633096752
44.0,109.0,143.72796630859375,-1.032319896466852,2.68142670674794,-4.921754370136721,-4.978147637801597,-2.496877000589723,1.3415320977167342,-0.539760917079386,4.777571922724274,-0.7904622093071403,1.0140240606647488
44.0,109.0,143.7288818359375,-1.030588883450914,2.6817975294034166,-4.921087069269983,-4.978625276382762,-2.4986575218084983,1.340368443534893,-0.5380013519405749,4.778223144247004,-0.7902316523811823,1.0144423274036116
44.0,109.0,143.73178100585938,-1.031920909411764,2.683287001416393,-4.9188359451788735,-4.976926605340315,-2.4964305706194216,1.3410206231346429,-0.538897126845078,4.774305762507238,-0.7909466459483312,1.0143648405548165
44.0,109.0,143.73211669921875,-1.0306081507931075,2.684758427781934,-4.922034235795216,-4.977520071448786,-2.495032911883337,1.3398645559154456,-0.5382216323860849,4.778105986590774,-0.7903716229878803,1.0140235962539528
44.0,109.0,143.72787475585938,-1.0320409724141348,2.6839519797688904,-4.920427601264863,-4.977910464216269,-2.4962739603263,1.341118587610154,-0.538402145380001,4.777004101377752,-0.7908121396477332,1.0140942617798077
44.0,109.0,143.72865295410156,-1.03288105232697,2.682325256442676,-4.921629749497853,-4.975465502206731,-2.497004990025223,1.3400832581660058,-0.5382565273040729,4.77660882766812,-0.7899075553046808,1.0139409522649334
44.0,109.0,143.7364959716797,-1.0328773814159908,2.683429069764057,-4.923707667115219,-4.977013349184228,-2.4982715444120607,1.3415546411048087,-0.540724345523441,4.77994942049294,-0.7910719565203115,1.013480663309858
44.0,109.0,143.7352752685547,-1.0308455185938723,2.681996607076248,-4.923016181253878,-4.979660611371781,-2.49643549162618,1.3398855135568954,-0.5374324903184045,4.780304616547706,-0.7903280756590823,1.0142836175745114
44.0,109.0,143.7330780029297,-1.0331355971437843,2.681013127832164,-4.922398226619039,-4.9787289041154565,-2.49666263159876,1.3412966116854106,-0.5403104620464863,4.778645234021969,-0.7907312581318973,1.01468454020071
44.0,109.0,143.72698974609375,-1.0325320741949875,2.681498357737624,-4.919128267419998,-4.978261637783827,-2.497966044777939,1.340924213786396,-0.5389254794698575,4.77829853210592,-0.7904999258040499,1.0138438432854056
44.0,109.0,143.7312774658203,-1.030512164900086,2.680654826240618,-4.918100239321074,-4.97571605981882,-2.496261319876582,1.341455402055579,-0.5397769208712404,4.7784693038017085,-0.7900296058976259,1.0139651803266272
44.0,109.0,143.7310028076172,-1.031232048746768,2.6806005376220448,-4.920885209889189,-4.978689079741288,-2.497048616058808,1.3392405605177569,-0.5393470610083302,4.776972083865395,-0.790126944276369,1.013262698970169
44.0,109.0,143.731201171875,-1.0310419304417513,2.681047271763624,-4.923922969605954,-4.978234106316987,-2.4973842186501294,1.3414283322950222,-0.5395037881391573,4.777043387301344,-0.7906802386674752,1.014617353206459
44.0,109.0,143.732666015625,-1.031046277933374,2.681556426601573,-4.92261157975105,-4.977881741304918,-2.4975545970819777,1.3420572663159094,-0.5402180949771473,4.77934001258909,-0.7897311883135618,1.013575930414942
44.0,109.0,143.73089599609375,-1.0330796714993178,2.681523875358142,-4.923017813694723,-4.97577470405404,-2.498165895183865,1.341128486752961,-0.5387621215317946,4.779224509289572,-0.7910022940768417,1.0133261380889236
44.0,109.0,143.73452758789062,-1.031234701043639,2.6834886484410454,-4.922216327178955,-4.9781171205208645,-2.496382865612456,1.340035548388686,-0.5373736148094208,4.779684645268716,-0.7915181255067587,1.0144067895411455
44.0,109.0,143.7327880859375,-1.031638091177455,2.679722199145419,-4.922500113593505,-4.97619491514129,-2.496353817331725,1.3402255662059233,-0.5394518922206695,4.775746915829682,-0.7915480063314844,1.0139775963168045
44.0,109.0,143.73069763183594,-1.031385092693677,2.682407936260346,-4.919288154291311,-4.975422927345155,-2.498063795989281,1.3404612539779244,-0.5387098538047308,4.775050731040354,-0.7908360895382591,1.014723245213812
44.0,109.0,143.72804260253906,-1.032129813934759,2.6827939180605487,-4.9210350592408725,-4.978522055148035,-2.496516090978366,1.3411126882417577,-0.5385930692993597,4.7766022930778185,-0.7904957998739057,1.0145109469216915
44.0,109.0,143.72959899902344,-1.0316417808300966,2.680494461623381,-4.922217120560084,-4.978184641789073,-2.4967861620155603,1.3423940939705543,-0.53921101725836,4.77702702898922,-0.7903625465033564,1.0141256405609331
44.0,109.0,143.7277374267578,-1.0311829709252205,2.682200418841701,-4.9202642637209335,-4.975696941192905,-2.4975689372700858,1.3419406424096394,-0.538159175530355,4.777271240195368,-0.7902511426151984,1.0141796043412254
44.0,109.0,143.7302703857422,-1.0311025802130738,2.680834678782963,-4.923550436728358,-4.976814707410567,-2.496002427400989,1.3411210045094455,-0.5388226436394437,4.777362146547189,-0.7898249104055113,1.0140705307928697
44.0,109.0,143.7291717529297,-1.0321834481137913,2.680389831073599,-4.920172861421226,-4.9784837639219575,-2.4973489432717533,1.339661606137775,-0.5384396197698891,4.778625764464168,-0.7898622006534133,1.0139747583525611
44.0,109.0,143.7395782470703,-1.0310173032619998,2.679828610233592,-4.923971554245863,-4.973440617806349,-2.499154588793313,1.3390339458591418,-0.5380107343218254,4.776242475163917,-0.7912473273382759,1.0141753552368904
44.0,109.0,143.72982788085938,-1.0324788113654648,2.6838541765996453,-4.920104324570456,-4.9754091444306825,-2.497363320325249,1.3418011588920011,-0.5377594128465386,4.776746882746194,-0.7904301393941449,1.014388094031507
44.0,109.0,143.7340087890625,-1.033388850444462,2.680425871051712,-4.924227655300657,-4.974392358404428,-2.496905214609499,1.3411330699686097,-0.5389405681718316,4.778564161897187,-0.7906566678057301,1.014451227049932
44.0,109.0,143.72657775878906,-1.0319151964589257,2.680883654491284,-4.920334475867606,-4.976361643049328,-2.4974777950600617,1.340988927460968,-0.5386123069471669,4.778667628758349,-0.7902602576913287,1.0141863755676592
44.0,109.0,143.7288360595703,-1.029571225592714,2.682133142023845,-4.920039844612829,-4.977880555831498,-2.4972023223118494,1.3410069272885794,-0.538160547280933,4.77805964115263,-0.7899939638588425,1.0143152207456936
44.0,109.0,143.73336791992188,-1.0297996866944388,2.6796586406183653,-4.922588472737708,-4.977658853924165,-2.496985644117115,1.3414851485869337,-0.5398578955016164,4.777907855829419,-0.79038761037088,1.01489044777077
44.0,109.0,143.73513793945312,-1.033781893708372,2.6841023042340018,-4.922529502712185,-4.976520917208782,-2.4958379520473946,1.3426824560369202,-0.538258486522853,4.779694086478799,-0.7902998013678539,1.0139179267103042
44.0,109.0,143.73036193847656,-1.0316862354657208,2.681407172083404,-4.919683876503653,-4.974831086513624,-2.4975022679476275,1.3417115532986816,-0.5374871167483626,4.777114998878391,-0.7899997331697239,1.014205297945887
44.0,109.0,143.7293701171875,-1.0303108134945491,2.681895637056563,-4.920734027895688,-4.977587294531268,-2.4964195939441973,1.339443349298719,-0.538452005202843,4.777096321082249,-0.790405257861515,1.0133831976789809
44.0,109.0,143.73162841796875,-1.0320975996647568,2.68147030315186,-4.922483521394864,-4.9763132194527175,-2.496941160072164,1.3393637365230564,-0.5384583038838624,4.775848056041564,-0.7907812833699426,1.0148203731548635
44.0,109.0,143.7309112548828,-1.031216352439142,2.683587899944282,-4.921995302681992,-4.979568914562335,-2.4968142055076354,1.3401109760251275,-0.5384754092370443,4.778483712242679,-0.7911886296577144,1.0144017697556675
44.0,109.0,143.7322540283203,-1.0330005607736674,2.6809253852270496,-4.922680421022074,-4.976599164899024,-2.494951796979413,1.3403671935669603,-0.5386888955154365,4.7792186671326,-0.7904033705094085,1.0135549538599529
44.0,110.0,143.73118591308594,-1.029457085833223,2.6798654075231347,-4.92121030672725,-4.977504379834452,-2.49766827976322,1.3423049684759745,-0.5383866831525559,4.778701657800877,-0.7901548989792779,1.0140028239643328
44.0,110.0,143.72860717773438,-1.032053375499773,2.6823651717095043,-4.919958677078691,-4.979603813772063,-2.498335649429672,1.341593379294057,-0.5388942284195943,4.776784500227349,-0.7906339973757852,1.0137069053154324
44.0,110.0,143.7339630126953,-1.032997397789833,2.6836486320146333,-4.921375439640572,-4.979730738054054,-2.497269172353498,1.3423143062536544,-0.5388404324254967,4.779303752829119,-0.7914884684367163,1.0143045667891937
44.0,110.0,143.72923278808594,-1.0323655476320726,2.681492208413616,-4.919542297383704,-4.978504998427519,-2.495651325049316,1.339829667683472,-0.5388589080038928,4.777692622564567,-0.7907517641095447,1.014208489011863
44.0,110.0,143.73513793945312,-1.0311584412969972,2.682488979598088,-4.924302455446271,-4.977217454608407,-2.498015769120609,1.339838331721774,-0.5386947025148334,4.780408686044474,-0.7894327637257383,1.0133977266055725
44.0,110.0,143.72879028320312,-1.0329426622511306,2.683218672748501,-4.917814806384857,-4.977928940566757,-2.4977963591957324,1.3410463671880892,-0.5385985619498657,4.777469902481858,-0.7901861419031739,1.0137518953202598
44.0,110.0,143.7297821044922,-1.031187227300773,2.682339458563776,-4.920850146042722,-4.976796899782392,-2.49734748061825,1.3391002452550709,-0.5399301251545001,4.778706615399505,-0.7902105501089798,1.0142823494638975
44.0,110.0,143.73617553710938,-1.0313125669218015,2.6800778296987007,-4.924464702348384,-4.978556934932702,-2.4978369349002376,1.3410015093623509,-0.5394994885780413,4.776364470010954,-0.7905892600839008,1.0152201347745695
44.0,110.0,143.72793579101562,-1.0312539302946613,2.681709437484213,-4.919346095423534,-4.977310588918984,-2.497430370758816,1.341668078401689,-0.5397672832876035,4.7777368211631295,-0.7899150293955932,1.013975318118713
44.0,110.0,143.73057556152344,-1.0309977771791514,2.682585871091913,-4.920605250020147,-4.97874283097132,-2.498458151041869,1.3421271973442792,-0.5388306618425638,4.775785167082892,-0.7911177767899229,1.0143737524035714
44.0,110.0,143.73072814941406,-1.0318953873151484,2.6815552707836163,-4.919921017896611,-4.980064951911223,-2.4980735487751056,1.3422758740371332,-0.5391409912655618,4.778305070386788,-0.7907764305551659,1.0143015680992074
44.0,110.0,143.72926330566406,-1.0324324518645596,2.681866515886795,-4.921324113169973,-4.977686988040635,-2.496736736082093,1.34067618306156,-0.5394798037469233,4.775220315448511,-0.7909513887155564,1.0141980598997584
44.0,110.0,143.73095703125,-1.0306466222657469,2.6823751725053304,-4.918120180313889,-4.978450777453298,-2.497683611938036,1.3410199493828738,-0.538645939890654,4.775824667615682,-0.7895825743406952,1.014371116612339
44.0,110.0,143.7296905517578,-1.03124202368942,2.682624790317508,-4.922419774543628,-4.976330730474587,-2.4982285892609006,1.340102005049971,-0.5376074477489841,4.777996855720884,-0.7898716517681539,1.0135784537419408
44.0,110.0,143.73133850097656,-1.0304787557239168,2.6829624071559746,-4.921777332694349,-4.976400789349629,-2.497938167667186,1.339841962226255,-0.5386014770279912,4.777238101833797,-0.7894577175611142,1.0148822341827914
44.0,110.0,143.7307891845703,-1.0331056702273695,2.679908564050926,-4.9219662696081405,-4.977968070594165,-2.496839729214541,1.3415000972609803,-0.5390142040686294,4.777310692340928,-0.791293887692623,1.0144211935990803
44.0,110.0,143.7276611328125,-1.0319674155754868,2.6827195238308565,-4.920702534971925,-4.976873664470599,-2.4978537302678303,1.34122218952906,-0.5384427096897486,4.775642034835565,-0.7907174945764357,1.013563127083171
44.0,110.0,143.73129272460938,-1.0310350601795322,2.680883051560418,-4.921081708708585,-4.976640721787122,-2.4992422099576874,1.342958905267623,-0.5388716556737947,4.778266558146864,-0.7903383191779962,1.0143638017476473
44.0,110.0,143.73143005371094,-1.034193123501805,2.6829365623021104,-4.918412973090354,-4.979496437655564,-2.497895345396468,1.3404274026377418,-0.5391309046221435,4.777430931631809,-0.7907620499314216,1.0139414568135106
44.0,110.0,143.73094177246094,-1.031136640497671,2.6835904161653934,-4.921215813263751,-4.977414423154877,-2.495459428830518,1.3399706711983228,-0.5383386265994741,4.77981017071065,-0.7908398860223151,1.013750563085955
44.0,110.0,143.73162841796875,-1.033395916201865,2.6817559635801738,-4.918229324312436,-4.9767464976051805,-2.499165025935758,1.340512072206952,-0.5376395066749566,4.77840035911629,-0.7906817915721369,1.0144899427500098
44.0,110.0,143.73101806640625,-1.0308943553783316,2.684848736765595,-4.917639947089858,-4.977769649230454,-2.498036507866092,1.3402935123567117,-0.5380667534136201,4.77759187910822,-0.7902134959384295,1.013611615269225
44.0,110.0,143.73057556152344,-1.0321258264411504,2.681682636186279,-4.921401838571541,-4.979334014260529,-2.496827070087412,1.3397550386084234,-0.5382445226675978,4.779104018202924,-0.7899498046424238,1.0134693508284247
44.0,110.0,143.7323455810547,-1.0318245504046213,2.682458758857408,-4.922204944959439,-4.977338944816029,-2.4984278805738165,1.3380371136531153,-0.53848049904457,4.777052187297901,-0.7904421255254874,1.0144549996255483
44.0,110.0,143.73268127441406,-1.0341680520383671,2.684603212226988,-4.919760354427608,-4.9763665604547445,-2.496885089380055,1.3406510828702265,-0.5386230889286425,4.779808605824048,-0.7896827572713789,1.0138673206104354
44.0,110.0,143.7274627685547,-1.031318424909065,2.682465381052255,-4.920453366085975,-4.976719466000072,-2.4961971688711264,1.3409264250793669,-0.5390182780901291,4.776380019901964,-0.7909244886368558,1.0137332305989937
44.0,110.0,143.73231506347656,-1.0313865900130184,2.682643017280065,-4.920646600419995,-4.97935680558676,-2.4954548323395533,1.340857091128247,-0.5384946633829601,4.776961942700504,-0.7892422424700491,1.0139606523888889
44.0,110.0,143.72962951660156,-1.0328014215728287,2.683854243625849,-4.92059181352277,-4.97799749695677,-2.496983145137244,1.341000936331885,-0.5379397840273556,4.779760739930751,-0.790639263338373,1.0142082944508817
44.0,110.0,143.7316436767578,-1.0327204821143354,2.68397009303653,-4.921218241533338,-4.978115288597317,-2.496810022315276,1.3408115209742268,-0.5373776890602926,4.778333486631697,-0.7895282652687765,1.013787626224146
44.0,110.0,143.73416137695312,-1.0336881226802044,2.6842853257627555,-4.918247427335555,-4.978107828794274,-2.49801521704038,1.340983565378849,-0.5388992244249984,4.779078290564913,-0.7891732421376965,1.0143026317731794
44.0,110.0,143.73023986816406,-1.0326818768447783,2.68367973975327,-4.92008127638203,-4.9783402607422245,-2.4964298824896405,1.3405280943972322,-0.5390152712885952,4.777998991686626,-0.7894747981539689,1.0134558713020123
44.0,110.0,143.7293701171875,-1.0327088945931804,2.682405149769388,-4.920414857860527,-4.978788746825017,-2.4974154186531066,1.3417752242212666,-0.5390825380128828,4.778046573898976,-0.7913682389298611,1.014175514990229
44.0,110.0,143.73074340820312,-1.0321030231179544,2.680848644464985,-4.919993153955346,-4.976563788382721,-2.4972776318486263,1.3403207951048852,-0.53918938163239,4.779106057140137,-0.7890961282867002,1.0139192243252593
44.0,110.0,143.72702026367188,-1.03174943789687,2.681694896336131,-4.92063858697718,-4.975854461392811,-2.4979316644713507,1.3411164767302068,-0.5391017651987777,4.778338204722498,-0.7897890903205012,1.0138514729635777
44.0,110.0,143.7284698486328,-1.0316182822695863,2.6832271089786808,-4.922030591805803,-4.977764287137207,-2.4977158881730013,1.3414827053952472,-0.5394692205367182,4.779417374061666,-0.7901068389685619,1.014070347040029
44.0,110.0,143.7265167236328,-1.0317968790220533,2.68190518259368,-4.920510887868223,-4.977341747039498,-2.498027400485423,1.3416536325743025,-0.5387679323235037,4.778051967662496,-0.7907993012766958,1.013655441869469
44.0,110.0,143.73065185546875,-1.0317623938751694,2.6799658596590747,-4.919611256532623,-4.97551352258515,-2.4965794999476736,1.3391216046975272,-0.5387060520635414,4.778356799791862,-0.7907581785728093,1.0142574682625265
44.0,110.0,143.72747802734375,-1.031917875632085,2.6820945104493754,-4.921656692894656,-4.977790482734278,-2.496608220661389,1.3402479639812084,-0.5384663229397404,4.778410247476133,-0.7898882615969258,1.0140026705434764
44.0,110.0,143.72784423828125,-1.032896059366855,2.68301489408478,-4.920535793134775,-4.9763861945345385,-2.4969674741629726,1.3415637541479608,-0.5384487813742478,4.776956194211621,-0.7909586027666524,1.014286611314862
44.0,110.0,143.7270965576172,-1.0307992941040824,2.682580164923668,-4.920964188929218,-4.977512915180758,-2.498084371476847,1.3401822481695058,-0.5391258261978882,4.7764857794377225,-0.7903009205235403,1.0143790402042754
44.0,110.0,143.732666015625,-1.03132312388488,2.6845345996971384,-4.923367859316898,-4.979116546416999,-2.498233574283069,1.3408058276984312,-0.5386065967066571,4.778326081054571,-0.7896678202912142,1.01335603941168
44.0,110.0,143.7276153564453,-1.032879155597378,2.682349924069002,-4.9198707683559375,-4.976056779539505,-2.497095191532969,1.341036612920493,-0.5388919164411607,4.776926306979583,-0.7899880952260627,1.0144538564629109
44.0,110.0,143.73455810546875,-1.0312019153935157,2.6853329892928626,-4.9215635488792,-4.980485420295139,-2.4959382261544127,1.3418686602270729,-0.5390530713462152,4.777478728761993,-0.7906083213684854,1.0145047007588364
44.0,110.0,143.73277282714844,-1.0323118293729745,2.682029170392952,-4.917319465817672,-4.975747630345826,-2.495790960381252,1.3409432054523718,-0.5382854017971521,4.778818610582906,-0.7895504192212215,1.0136506704353234
44.0,110.0,143.72891235351562,-1.0307661101183996,2.683217433026015,-4.922133378396392,-4.977428701164417,-2.4963354847678847,1.3409983072884053,-0.5382844999537939,4.7777411777269165,-0.7909996689911889,1.014460429283405
44.0,110.0,143.7290802001953,-1.0297510271915629,2.6837547790662075,-4.920760149367749,-4.978358914764123,-2.498397514970441,1.3406226203680642,-0.5384406938382504,4.778851462649183,-0.7904310540682156,1.0142306497974172
44.0,110.0,143.7308349609375,-1.0303688196850485,2.682444653195212,-4.923367205713004,-4.977990696260819,-2.497879863638977,1.339503780041488,-0.5383642317189699,4.776452297974487,-0.7909960353633547,1.0141270598085157
44.0,110.0,143.72886657714844,-1.0319549764163147,2.6817120696625043,-4.922743181879933,-4.977165568763854,-2.4980643354978205,1.3404336527336564,-0.5380196943651043,4.779386983223606,-0.7900778760257801,1.0138689123418736
44.0,110.0,143.73239135742188,-1.031181713631483,2.678500078014918,-4.918864470469999,-4.975274449262464,-2.496776359959254,1.3418987186611735,-0.5388517393963479,4.777165958137234,-0.7906070550510149,1.0138217727367538
44.0,110.0,143.7282257080078,-1.0328592360800837,2.681481627500184,-4.919673554102867,-4.976780943406887,-2.497541341098672,1.3413229116574623,-0.5381730304879051,4.778395822352572,-0.7910197125245064,1.0144018165670108
44.0,111.0,143.728271484375,-1.0319399545659538,2.681322577482065,-4.919328830178043,-4.976366996922634,-2.4978313046316765,1.3412374329926795,-0.5399834398734331,4.7778243279775925,-0.7901275617591592,1.014377071000654
44.0,111.0,143.72732543945312,-1.0308296099146776,2.6839222808693144,-4.921209979157885,-4.977319010572782,-2.4988121769106013,1.340435834989596,-0.5386020338499051,4.777011711784372,-0.7904139129126726,1.013875839484423
44.0,111.0,143.7277374267578,-1.032526064100206,2.684114574614948,-4.920070071872836,-4.97745209533738,-2.4978747654959035,1.3401918676316251,-0.5382364054284103,4.77836891747604,-0.790547040676465,1.0137469899917324
44.0,111.0,143.72714233398438,-1.0317272188887363,2.682446255328948,-4.920529758733821,-4.975957426114695,-2.4967829520773166,1.340217326082608,-0.5391879444425083,4.778553374426455,-0.7905532149270513,1.0144310798503329
44.0,111.0,143.72659301757812,-1.0325967614667126,2.682633123969641,-4.921250964728019,-4.977613838901458,-2.498331433053526,1.3412456847230114,-0.5385320380973502,4.777850801094703,-0.7904208843801701,1.0136938790691872
44.0,111.0,143.73095703125,-1.0313052655105426,2.681931613667285,-4.922375751462789,-4.978346511246994,-2.497319927439202,1.3402862993286968,-0.5394555867515827,4.776707332237839,-0.79142079616748,1.014719595690405
44.0,111.0,143.7281036376953,-1.0313780481289965,2.682130803552443,-4.921358266434631,-4.978950285329415,-2.4985950373656047,1.3405027725577892,-0.5393512569534735,4.777606878762352,-0.790675436029538,1.0144724938614829
44.0,111.0,143.727294921875,-1.0323334269690232,2.681638444646401,-4.92168983038772,-4.976874183010961,-2.498158738319776,1.3405117736076155,-0.5393203819383077,4.777294002980938,-0.7904863369621449,1.0133597004005912
44.0,111.0,143.72659301757812,-1.0320785988499672,2.6834080859559712,-4.9214439183206,-4.976390143324443,-2.4974296278744905,1.3406494517603171,-0.5385485423958816,4.776838604311736,-0.7907170070885003,1.0141207014209543
44.0,111.0,143.7279815673828,-1.0315335540693016,2.681803621630406,-4.920733699096487,-4.97760340589816,-2.4979692807351817,1.341390833131512,-0.5387474254821996,4.778394793584026,-0.7898758277875366,1.0146782993975894
44.0,111.0,143.72776794433594,-1.0319184952713547,2.6814585023794377,-4.92037612390265,-4.976839400752619,-2.4990288191045003,1.3412706120913755,-0.5378522417677782,4.777457711652751,-0.7907508491130786,1.013919835465142
44.0,111.0,143.7273406982422,-1.0307851749736967,2.682003878889679,-4.919970564611579,-4.978243131190703,-2.496960762103146,1.3411199658341353,-0.5396160706994166,4.777729792545369,-0.7904710746121397,1.0142321799691132
44.0,111.0,143.73162841796875,-1.0317325561953197,2.6824943722532737,-4.922640183900838,-4.9798764297993925,-2.496504758099249,1.3415658051357156,-0.5378490861548375,4.777453587239675,-0.7898704329553494,1.0138968837199407
44.0,111.0,143.72872924804688,-1.0309525095601888,2.683450343986525,-4.920359341664099,-4.976080120889412,-2.4987451342167404,1.3420601756895412,-0.5382362172624902,4.777229799788211,-0.7900934207412309,1.0139195336418627
44.0,111.0,143.7288818359375,-1.0308605536340187,2.682426800918964,-4.92249515350647,-4.975011844809072,-2.497762588901931,1.3408972148835885,-0.5379043841387983,4.777962899228839,-0.790243476278162,1.0141890283614234
44.0,111.0,143.73101806640625,-1.0323221015745467,2.6832382212020347,-4.919920948529977,-4.978458297227179,-2.4973713889122067,1.3417833730923148,-0.5372812596985828,4.776115299532153,-0.7901628812904953,1.0139222403104575
44.0,111.0,143.7268829345703,-1.0315215961517858,2.682606470299543,-4.9217138711339805,-4.977076205387122,-2.4980561036472704,1.3402157104910826,-0.5395331526530409,4.777187161254711,-0.7901711495739114,1.0142268697226928
44.0,111.0,143.72760009765625,-1.0316771204169566,2.682741355056182,-4.920880693843266,-4.977937081886057,-2.497932464915839,1.3407982455696246,-0.5386207695501399,4.778892807049637,-0.7897044175962655,1.013705421629016
44.0,111.0,143.7284393310547,-1.032206784594949,2.681067191415502,-4.920958800583062,-4.979050277104952,-2.4979206937675347,1.341239539340191,-0.5378405502513361,4.777222497257078,-0.7903320924572101,1.0140073490717674
44.0,111.0,143.728759765625,-1.0325617116293522,2.6823368945691275,-4.923033579509148,-4.978285747515725,-2.497085334887096,1.3407313845238722,-0.5387882344565318,4.778389702916714,-0.790099220366554,1.0144278031730003
44.0,111.0,143.7290802001953,-1.031770179934799,2.682908841566288,-4.922348063267663,-4.977771880267476,-2.497823252784982,1.341488841709281,-0.5378652129268788,4.778818659748245,-0.7906132019432759,1.014480736649337
44.0,111.0,143.73324584960938,-1.0331064623100232,2.68181833067766,-4.919578155954133,-4.979057531798671,-2.499156013104989,1.3427417876413106,-0.5392159738080382,4.778378382841044,-0.7911410254282583,1.0142999453503556
44.0,111.0,143.7269744873047,-1.033120660407219,2.681919791624459,-4.920950199008243,-4.978155069382706,-2.497827314362538,1.3407558873747156,-0.5392424238203457,4.77714277163323,-0.7905831485519137,1.0138013201149665
44.0,111.0,143.72850036621094,-1.031383386664502,2.682984931871859,-4.919385680282357,-4.976274464337822,-2.4974689884406063,1.3418085062141394,-0.5385585187737449,4.778061738173733,-0.7899614001881252,1.0146092473486146
44.0,111.0,143.72781372070312,-1.0316438271774468,2.683518380655072,-4.92190772728222,-4.9777862053103,-2.4965089794754567,1.340336612153611,-0.538800900873869,4.777417748487661,-0.7908325966700733,1.013595248939554
44.0,111.0,143.72853088378906,-1.0320424940022606,2.6825417958450704,-4.92125520397598,-4.976961305198437,-2.496447055285893,1.3414414863057758,-0.5380506671855967,4.777058039216133,-0.790966652207433,1.0145055883513845
44.0,111.0,143.7274169921875,-1.0316514432345745,2.6806589831182235,-4.92136761223074,-4.975923086940869,-2.497245423586949,1.3410985528826602,-0.5394838544418707,4.777145094374552,-0.790700034071687,1.013731510289353
44.0,111.0,143.7284698486328,-1.032191652033703,2.68363660605877,-4.919850037492078,-4.976284013666278,-2.4967486922261486,1.341124495284464,-0.5401114242594875,4.777787130884057,-0.7904950673292497,1.013948777242225
44.0,111.0,143.72813415527344,-1.0313163214999337,2.681928736406153,-4.91798972957968,-4.978673229839547,-2.497099541513319,1.3410742974819954,-0.5388104225795569,4.777740273076404,-0.7903157091038855,1.014081188935732
44.0,111.0,143.7317657470703,-1.0329553608125623,2.682680910863008,-4.918376282544378,-4.974566529279674,-2.4956648528691003,1.3407013408974322,-0.5390952587882838,4.775926586754043,-0.790449578793174,1.0138197276220051
44.0,111.0,143.7287139892578,-1.0323870127262804,2.6829374777329704,-4.918626816185919,-4.975449779479162,-2.4986163568586184,1.3414360162433887,-0.5382746978910626,4.777501653403705,-0.7907100166355345,1.014255936862155
44.0,111.0,143.72811889648438,-1.0304877138599844,2.6822770112725483,-4.919353978145431,-4.9771614331217,-2.4989304839694726,1.3408379459005442,-0.5394008318918795,4.7773602166897575,-0.7908715731336855,1.0135695594013585
44.0,111.0,143.7275390625,-1.0323547166329767,2.682030723240243,-4.919949779487404,-4.977777420517349,-2.496472466841827,1.3413648720692564,-0.5388660809760237,4.776959351068577,-0.7907254394901901,1.013485286707489
44.0,111.0,143.72760009765625,-1.0311735800144732,2.681962915358281,-4.920480095466667,-4.977976877026774,-2.497902518510725,1.3421608689488913,-0.53911871579386,4.7776565229961285,-0.7903046018031228,1.0136583037896338
44.0,111.0,143.72865295410156,-1.0326617575738006,2.6823815290504447,-4.920339631514492,-4.9780971336163375,-2.498172141768128,1.341190853987322,-0.5387801851336427,4.776734401544626,-0.7910255242841,1.0147132391893603
44.0,111.0,143.727783203125,-1.0324746662077926,2.6841147059399866,-4.920381516950601,-4.975323364242233,-2.4977896821143544,1.340850335420514,-0.53877706898413,4.778427187150188,-0.7902424491849578,1.0137866930428725
44.0,111.0,143.72657775878906,-1.0314283566712028,2.6814543146253857,-4.920009545823523,-4.9760648258249045,-2.4970072754042305,1.341176086282852,-0.5388542272903942,4.778095247325769,-0.7908451010646926,1.013748466909271
44.0,111.0,143.72789001464844,-1.0325666804217648,2.682274548216493,-4.922036790854133,-4.977541637204871,-2.4969735563116595,1.3405511712961091,-0.5381794333763601,4.778010940036102,-0.7907190418377175,1.0144992577009715
44.0,111.0,143.72964477539062,-1.032196185643727,2.6817259039963,-4.920667712879049,-4.978749614264641,-2.498353414544256,1.3418441306708484,-0.5389434439879643,4.775752197081564,-0.790823849966336,1.0144796542786023
44.0,111.0,143.72703552246094,-1.0321627708515069,2.682562741993408,-4.921009286692835,-4.977893401274247,-2.49660495372958,1.3401839836225404,-0.5388037491864797,4.778373943017854,-0.7901889792296499,1.0136574180196156
44.0,111.0,143.72645568847656,-1.031644376116394,2.683789669319941,-4.920510135285586,-4.977845288840114,-2.4973486565624543,1.3403693500035772,-0.5390327586027919,4.777688989943163,-0.7906021365180447,1.0138071727495015
44.0,111.0,143.728271484375,-1.031220349286288,2.6817975724546548,-4.920328133702276,-4.976751150805141,-2.498490197012757,1.341930084712855,-0.5397772664376754,4.7787376688936725,-0.7905308322885309,1.014118568555686
44.0,111.0,143.72879028320312,-1.0307448036143012,2.682580805151701,-4.921230354389028,-4.9788250597627215,-2.4984176612457154,1.3396357341038136,-0.5387078494337754,4.778300301801293,-0.7899592276069738,1.0142238424261043
44.0,111.0,143.72793579101562,-1.031259108752614,2.682962867515738,-4.923011906475899,-4.976719181969833,-2.497541054958155,1.3410150144050172,-0.5391982112862523,4.776254159063264,-0.7902301435463546,1.0139141072880529
44.0,111.0,143.72775268554688,-1.0324851032772573,2.6824799807123467,-4.920434401970153,-4.976376851029262,-2.4974073470832474,1.3419746401193606,-0.5386780799121373,4.778628335713284,-0.7909834517600745,1.013937814592189
44.0,111.0,143.72781372070312,-1.0316889566296683,2.681871291658365,-4.918643420196864,-4.9768095205662775,-2.4967113594327035,1.339805883094015,-0.5385501450394061,4.77747259889591,-0.7899973112839689,1.013930786485238
44.0,111.0,143.72695922851562,-1.0321359049347445,2.683316179660673,-4.921940638482825,-4.978016600228228,-2.497206830179876,1.3406882198485768,-0.5392884559782649,4.777543454192397,-0.7905781617884857,1.0137639913660514
44.0,111.0,143.72821044921875,-1.0325751527442009,2.6827890832070365,-4.9225256793396825,-4.975936086764255,-2.497901756616309,1.3413702265554797,-0.5381585766416368,4.776544147690755,-0.7904532988307036,1.0138508253591425
44.0,111.0,143.72665405273438,-1.0320259286680726,2.6824965380056485,-4.922147026164048,-4.976304873940002,-2.497509097652684,1.3404361402068945,-0.5388880464460932,4.778178276864709,-0.7902814574970192,1.0136522504081835
44.0,111.0,143.7290802001953,-1.0319555043308193,2.684380461446412,-4.923316578034926,-4.976022603062508,-2.4975627837902263,1.3412496958144429,-0.5390810671127158,4.778022430172991,-0.7903032401008749,1.0140418272895513
44.0,112.0,143.72837829589844,-1.0314936106548602,2.6826310113510043,-4.917528174467752,-4.976911623988586,-2.49726173716102,1.3406850222610365,-0.5388213916766755,4.777913980931684,-0.7905371166467097,1.0134927813885923
44.0,112.0,143.7266387939453,-1.0307719956095385,2.681312124069128,-4.921012720031912,-4.9781375040456,-2.497276105212985,1.3411981899965024,-0.5390356564248497,4.778281048313495,-0.7903990742518348,1.0139198118387878
44.0,112.0,143.72720336914062,-1.0323115807458088,2.681653252565032,-4.919359670794698,-4.975748792875437,-2.497136516781828,1.3412463818362852,-0.5392355572499019,4.776803310725819,-0.790489900415345,1.0142548076959663
44.0,112.0,143.72874450683594,-1.0331758342064452,2.681507502162085,-4.921414157989247,-4.977189692855324,-2.4982781284586864,1.3415160744890953,-0.5389791565759072,4.776054632160671,-0.7906562727997022,1.0134484876195682
44.0,112.0,143.7294464111328,-1.0311402282016655,2.684896784247883,-4.919910914515278,-4.977397765757853,-2.4966573569690125,1.339763729182522,-0.5386230958381066,4.777214651805888,-0.7909910749878808,1.0136816677039198
44.0,112.0,143.72958374023438,-1.0323537363549369,2.681878668995118,-4.917689778092053,-4.975946215617559,-2.499222584223589,1.3416961846975193,-0.53872140408272,4.777636590250067,-0.7904660979281424,1.014014853060421
44.0,112.0,143.7303466796875,-1.0312377791912422,2.6838658288155006,-4.920801300149212,-4.978811468128401,-2.49742022018242,1.3404009371859609,-0.5378624953352347,4.77937374282442,-0.7899753747972147,1.013484980827605
44.0,112.0,143.72999572753906,-1.0312278476033847,2.6829050911263312,-4.9220836202103975,-4.978137910451073,-2.496256722922865,1.3406054686670252,-0.5382875682632271,4.775892960128525,-0.7912079975281543,1.014223649925638
44.0,112.0,143.7271270751953,-1.0312853137449367,2.6812520018784483,-4.920732028834797,-4.976755500036078,-2.497205828902413,1.3415463769963445,-0.5389824741179865,4.7781324017734015,-0.7902628624718684,1.014542981730945
44.0,112.0,143.7300567626953,-1.0325035518198915,2.6829230081761484,-4.922843713159003,-4.975973406655121,-2.49851776267616,1.3418154059182985,-0.5380073007159112,4.777875136038961,-0.7904774871091362,1.013427111356093
44.0,112.0,143.72799682617188,-1.0331889968299035,2.682514717365432,-4.920759727687555,-4.977144724907856,-2.4983585524275265,1.340452354650611,-0.5384693117886723,4.779200874361436,-0.7904127729716022,1.0135610132601416
44.0,112.0,143.7265167236328,-1.0307417365941305,2.682794066850197,-4.918925938259489,-4.977014535767183,-2.497445923598318,1.3405745062420795,-0.5390089706653995,4.7776738756102,-0.7905366751149536,1.0139637546805442
44.0,112.0,143.73028564453125,-1.0320276775991737,2.6828224844323803,-4.922856446090188,-4.976119323581675,-2.497405355425193,1.3421155338423754,-0.5390723922024225,4.776655597864982,-0.7912661765577109,1.013674188670639
44.0,112.0,143.72781372070312,-1.0314788807191944,2.6828471284225586,-4.920189105510196,-4.975542878740681,-2.4966013173697337,1.3403838661285814,-0.5391991465990404,4.776032935390756,-0.7905920667679363,1.0137740725397588
44.0,112.0,143.72752380371094,-1.031870829429577,2.6836723899241246,-4.920297895486474,-4.976505650999819,-2.497647103999601,1.3414095682605929,-0.5385809066655733,4.777056029378711,-0.7911217525989915,1.0142586020507522
44.0,112.0,143.7276611328125,-1.0315345840711605,2.682949726739784,-4.918433118839661,-4.97768384667424,-2.497588213774554,1.3407403631670718,-0.5383570418706594,4.776609299067459,-0.790071729913592,1.014012749905909
44.0,112.0,143.72726440429688,-1.0313373494205915,2.6825360558791047,-4.920246578621915,-4.975971604765554,-2.4969455409872765,1.3408693888207068,-0.5391798486777288,4.776612885190287,-0.7903873299921038,1.0134013904826915
44.0,112.0,143.7269287109375,-1.0318320031605777,2.6823243577889286,-4.921227041720782,-4.977324696711616,-2.497795020079452,1.340898500666312,-0.5382510824449129,4.777853278458068,-0.7903262332093783,1.0133521667759195
44.0,112.0,143.72666931152344,-1.0328870304419402,2.68239934509043,-4.920811734763302,-4.977760049225256,-2.497319713112938,1.3404290837909008,-0.539303978352641,4.777648796045328,-0.7902573460686888,1.0137534617850823
44.0,112.0,143.72804260253906,-1.0324395951368706,2.682902360913552,-4.921644871908767,-4.9782432657831945,-2.4966402815355497,1.340003023992443,-0.5391873601463502,4.776753926044023,-0.7908163486561772,1.0142010652895417
44.0,112.0,143.72857666015625,-1.0337107424638603,2.6816105034269526,-4.920153505207748,-4.9765556626912,-2.4974407519133246,1.340689471568699,-0.5395881278270389,4.776902246841853,-0.7908775594974085,1.0136658756926575
44.0,112.0,143.72683715820312,-1.0323269631437304,2.682718554799432,-4.922407268629698,-4.975910222506946,-2.497790144250017,1.3410501679521278,-0.5387198756022595,4.777441565437664,-0.7903563957392103,1.013874105483996
44.0,112.0,143.7278594970703,-1.0318318687119596,2.682887172833227,-4.921800374863296,-4.974786322125303,-2.497208688692172,1.3403348559825634,-0.539024709528344,4.777995154828345,-0.7908492815344301,1.014039867364711
44.0,112.0,143.7263641357422,-1.0315764797525278,2.682353083034819,-4.918994140711966,-4.977091274449328,-2.4978365927419626,1.3401528878780926,-0.5388371297475505,4.7774679097887365,-0.7902069252138517,1.0140496781765158
44.0,112.0,143.73004150390625,-1.0316537736975828,2.6809577561921563,-4.920487066819096,-4.976737742729119,-2.497265326270735,1.3399759552059596,-0.5386784792607466,4.77886989035974,-0.7895285039501747,1.0147479309363971
44.0,112.0,143.72738647460938,-1.0308172192982727,2.683903668266405,-4.922022778547729,-4.97705162175748,-2.497723560715703,1.340741801858317,-0.539327538512425,4.777148008937429,-0.7906247964345949,1.0136986926995035
44.0,112.0,143.72793579101562,-1.032261686322718,2.6818114509485005,-4.920552190304759,-4.97616850464498,-2.4971263154364065,1.341787952342691,-0.5391310749683882,4.779464727563402,-0.7904133709293708,1.0141865586390306
44.0,112.0,143.73036193847656,-1.032676236887288,2.6848605865181394,-4.921481678947862,-4.976475555177581,-2.499441480238056,1.3397020313028971,-0.5391288255371371,4.777761189769063,-0.7908558594003647,1.0140013717017196
44.0,112.0,143.72689819335938,-1.0325573817870746,2.6816497734999114,-4.92119984037778,-4.976863480816544,-2.497676334419224,1.3408328685458368,-0.5379465098528282,4.777967230820458,-0.790687481353701,1.014118954627488
44.0,112.0,143.72872924804688,-1.031952665708133,2.68218964689445,-4.922885357712522,-4.9755945422943135,-2.4972700328798254,1.3414420045817457,-0.5383961184185839,4.776212287170701,-0.7905771553469192,1.0137192442021803
44.0,112.0,143.7301483154297,-1.0313154103888196,2.6811849532793977,-4.923130270181058,-4.97881642455019,-2.496433240117081,1.3398464597882684,-0.5391610746218403,4.778046799966258,-0.7899963947533939,1.0137715575784334
44.0,112.0,143.72598266601562,-1.030994548073055,2.681898366968513,-4.920628475766135,-4.976641411181594,-2.4974358178407003,1.3409811775377405,-0.5388719023998059,4.776907473121916,-0.7905232323723972,1.0142513873554293
44.0,112.0,143.72726440429688,-1.0310027481615922,2.6819642889739868,-4.921787010327536,-4.976830151871534,-2.497099830113391,1.339678081686411,-0.5386568301402939,4.777050873489417,-0.7905892153543146,1.0142790915132291
44.0,112.0,143.73037719726562,-1.0313208330688275,2.6820142423297666,-4.922110325372892,-4.977182493842308,-2.497696583043835,1.341037545898974,-0.5380216507651152,4.780552985130782,-0.7906857816599846,1.01348508323266
44.0,112.0,143.72975158691406,-1.031717356066657,2.6837032360159334,-4.92189069592099,-4.975995751509408,-2.4973116417417507,1.3409243332410377,-0.5394416009243432,4.777662066617562,-0.7915363973477261,1.0135807404718775
44.0,112.0,143.72731018066406,-1.0331604338406797,2.683188706928385,-4.919922229857169,-4.976891630241461,-2.4976993252573063,1.341479940903004,-0.5392529287942072,4.77837117660785,-0.7904362462510148,1.0139676726686702
44.0,112.0,143.72775268554688,-1.0326657467240743,2.68372194086422,-4.919596300639129,-4.977713648162079,-2.4985829029440616,1.340962841618044,-0.5389555369535923,4.776746923811194,-0.7908835460961132,1.0138458756491486
44.0,112.0,143.72865295410156,-1.0319302979600926,2.683391115051293,-4.919031861443395,-4.976879714937442,-2.4977619222606378,1.342501773549765,-0.5389682244202278,4.7776392027043695,-0.7907399714751797,1.0137032609032426
44.0,112.0,143.72695922851562,-1.0330575433847051,2.6817241763848667,-4.920276003308564,-4.977678175366185,-2.4973641664195694,1.341160066311713,-0.5392842008521495,4.776822621387407,-0.7905902064968027,1.0141304891651617
44.0,112.0,143.7267303466797,-1.0329445295883275,2.6827916605352744,-4.92006229075683,-4.976689274988011,-2.498099855768649,1.3407059882052064,-0.5389506001285334,4.7783798395157255,-0.7907283377415606,1.0142121964221251
44.0,112.0,143.73068237304688,-1.0311327579769296,2.6801676080491097,-4.919918639411958,-4.975553618558825,-2.496643082749074,1.342618630934492,-0.5387066116722519,4.777484749630132,-0.7900345212316431,1.014261925446565
44.0,112.0,143.72808837890625,-1.03126477282613,2.6819246201013787,-4.920663871381483,-4.9770257762727095,-2.4990246121155977,1.3415752331391513,-0.5384753682834553,4.777458849562533,-0.790305336395404,1.0132856093172906
44.0,112.0,143.727294921875,-1.031128284470201,2.6832444497822934,-4.921731868876901,-4.976800829455665,-2.497660933264859,1.3416008326114337,-0.5393944945654017,4.777940153190597,-0.7900787944856082,1.013731325699987
44.0,112.0,143.7306365966797,-1.0315954548663342,2.683272235234603,-4.923829227814903,-4.977545759984393,-2.496703023145934,1.3406295567876905,-0.5384778861507851,4.779116375946234,-0.7907238972770889,1.0134202192516186
44.0,112.0,143.73223876953125,-1.0324248038448234,2.6831582272486454,-4.919915338932873,-4.979956200590304,-2.4981375872779776,1.3404915302017066,-0.5403284245272735,4.777182229512377,-0.7907319909064343,1.0133820496209005
44.0,112.0,143.72784423828125,-1.0324515747462917,2.6825543423067453,-4.921860884007168,-4.976077756925226,-2.496349009531673,1.3412411148232568,-0.5395062073504411,4.778358327452709,-0.790405352169766,1.0141587513968844
44.0,112.0,143.7314910888672,-1.0321431300493105,2.681363153087702,-4.923022739475006,-4.9791874655931405,-2.49601481725712,1.3410030044632286,-0.5382958976416958,4.778118775287766,-0.791267992173502,1.0141586673800207
44.0,112.0,143.72767639160156,-1.0307181822905798,2.6834539567065097,-4.9207722324900605,-4.976636003721274,-2.4976927170589103,1.340443835402363,-0.5395977230907967,4.77685441436426,-0.7909971896036776,1.013891413067947
44.0,112.0,143.72764587402344,-1.032151334577836,2.684013786898828,-4.9216902442087545,-4.977918043198639,-2.4966617505245843,1.3406825723121738,-0.5392949225949355,4.777709908593442,-0.7907236646005913,1.014119586795042
44.0,112.0,143.72752380371094,-1.0314600057935337,2.682312037017426,-4.919455042567143,-4.9780728733141,-2.4970357466707203,1.3406337729951474,-0.539701268772534,4.778007032450676,-0.7905478890176623,1.0135601995184451
44.0,113.0,143.72637939453125,-1.0311747273263498,2.683165463676639,-4.9207364946773975,-4.977302966799034,-2.497381728531654,1.3402517748037344,-0.5389457978024748,4.778786612422056,-0.7904280929777672,1.0139292911650166
44.0,113.0,143.7279052734375,-1.0316961110753486,2.682425666143798,-4.918659775332182,-4.976584181713271,-2.4983192181706206,1.3414265467494282,-0.5396558527540218,4.777496490998603,-0.7908706267671963,1.0138430280691448
44.0,113.0,143.72805786132812,-1.0318987432155915,2.6834103180483933,-4.920911863445656,-4.974961584502685,-2.4977808474438614,1.341311441203123,-0.538674576175497,4.776155717243496,-0.7906909566471922,1.0138541556827088
44.0,113.0,143.7263946533203,-1.0326132982492986,2.681225468159326,-4.92066915474596,-4.977276115299752,-2.4968939797520875,1.3405620688215976,-0.5388696817933702,4.777100754817814,-0.790472846409525,1.0141763591280553
44.0,113.0,143.72850036621094,-1.030747665567989,2.6824259983072167,-4.919492579264228,-4.978754812212325,-2.4980747502740464,1.3410559911879183,-0.5397645793265564,4.778223191721709,-0.7906724940565475,1.0136239689809736
44.0,113.0,143.72674560546875,-1.0314602664590682,2.6811249233530523,-4.920793257378378,-4.976201581932688,-2.4987310746799167,1.3407589709058918,-0.5390507753180183,4.777916622738466,-0.7905596738810923,1.0143371690629044
44.0,113.0,143.72738647460938,-1.0314279170496254,2.6831615088723577,-4.921932823279212,-4.9773640045966765,-2.4968092352611904,1.3413657999820463,-0.5382903644616945,4.77758972387975,-0.7903898515652994,1.0143735224976105
44.0,113.0,143.7273406982422,-1.031478067218321,2.6827882365833746,-4.92124922096381,-4.976773708579199,-2.497126908015705,1.3410794723207389,-0.5392416162970264,4.778224614797823,-0.7911972208225784,1.0136604628991854
44.0,113.0,143.728271484375,-1.0323192728274906,2.682305605766269,-4.921846735648254,-4.976881057921705,-2.4960113394594745,1.340611683903738,-0.5383306216617747,4.776189475412689,-0.7901728321851387,1.0141140122161811
44.0,113.0,143.72689819335938,-1.0314986018816883,2.681888853761193,-4.920074961640586,-4.975949378850027,-2.496905722130374,1.339906639804247,-0.5388824261541707,4.777507994987754,-0.7903030841641829,1.013593517983348
44.0,113.0,143.72732543945312,-1.031925623905269,2.6812962371808453,-4.919429312544628,-4.977258155797249,-2.4973298881371435,1.34030675804609,-0.5380202144397401,4.77774843221931,-0.7907729084885133,1.0142947730680678
44.0,113.0,143.7262725830078,-1.0313717133119655,2.68257176293769,-4.919411311544315,-4.977413824108613,-2.497699414264254,1.340758076926151,-0.5387452240986592,4.776800676830916,-0.7901533268497465,1.014135530134055
44.0,113.0,143.7281036376953,-1.0319262803455014,2.6810839507161663,-4.919721693256179,-4.9770961636910815,-2.4981583298714227,1.341728218085728,-0.5387917898578207,4.779442183837421,-0.790015540915256,1.0139838628478903
44.0,113.0,143.72634887695312,-1.032840735743358,2.682027134773416,-4.920707994644217,-4.976609775829772,-2.4974480166728035,1.3408771360257754,-0.5383400486356438,4.7779528820255415,-0.7902592785377482,1.0138751647683175
44.0,113.0,143.726806640625,-1.0314211328133194,2.682557986060829,-4.919620574519907,-4.976982900689426,-2.496937956195215,1.3414458537465466,-0.5387408350984666,4.777530702866477,-0.7909390238827099,1.0142339858402902
44.0,113.0,143.726806640625,-1.0321769553468965,2.68225872762525,-4.919687155695136,-4.976201608540416,-2.4970991089863666,1.3405668055551343,-0.5388220298026836,4.7762481166350845,-0.790203648762037,1.0141640349281538
44.0,113.0,143.72662353515625,-1.0311353021582377,2.682699315510078,-4.919253209078142,-4.977074918219698,-2.497943010058901,1.3407958518672969,-0.5383831566873143,4.778209010050871,-0.7903416016764417,1.0142995472090854
44.0,113.0,143.72752380371094,-1.0304527788882625,2.6822840240462176,-4.921049932587996,-4.978036069088706,-2.498186006473267,1.340713102914334,-0.5395569435217205,4.777768769562572,-0.7908654428342103,1.0137000852054054
44.0,113.0,143.7274169921875,-1.0325667826167368,2.6832175069302187,-4.919023334176118,-4.976201288841574,-2.4976666986225124,1.3411417802547287,-0.5385559487439915,4.7775683579700505,-0.7905692232569201,1.0144198815529677
44.0,113.0,143.7266387939453,-1.0310154978925974,2.682686702601563,-4.92046628375224,-4.976988040191728,-2.4975737543038945,1.3409975189295462,-0.5380476217904748,4.7774444805507095,-0.790434116707651,1.0143405886042256
44.0,113.0,143.72702026367188,-1.0324696535276263,2.6825710708164685,-4.91961852985524,-4.976253362595394,-2.49806160207831,1.3404022835714944,-0.5383694747942833,4.776378516074949,-0.7902552187483769,1.0139516920301492
44.0,113.0,143.72686767578125,-1.03187549752674,2.6824579683499303,-4.9201873426824925,-4.975927178809992,-2.498419807524084,1.3411806036033305,-0.5393310500394319,4.776655619397447,-0.7906486005362536,1.0137293475854126
44.0,113.0,143.72763061523438,-1.0328809136003994,2.6811255603451265,-4.920030437195418,-4.976917618806556,-2.497457948082518,1.3413250145882838,-0.539208448529191,4.776354912981867,-0.7902876551075924,1.0143662597180605
44.0,113.0,143.7270050048828,-1.0314181939143467,2.6821571429401025,-4.920776826987863,-4.976260849292386,-2.49760667351748,1.3411039009153196,-0.5379600066085501,4.776626212465725,-0.7903476451433242,1.0142526405546102
44.0,113.0,143.72572326660156,-1.0316725181977722,2.682171659865469,-4.920446145011312,-4.976298744510382,-2.4979537348617087,1.3408522667925702,-0.5387712194665637,4.7770172838435006,-0.7904309035918464,1.0141737779310187
44.0,113.0,143.72727966308594,-1.0323026526211925,2.6820884936773624,-4.919910017673113,-4.978018251934587,-2.4985420996226426,1.3404976959477484,-0.5396158223758496,4.776778050829538,-0.7902794249446634,1.0139372956305408
44.0,113.0,143.72625732421875,-1.0326457854754612,2.6818637878271625,-4.920536618350263,-4.977832729454366,-2.497848736773725,1.3403945842449927,-0.5388602052725435,4.777707675842191,-0.7902287159379764,1.014164649836636
44.0,113.0,143.7289581298828,-1.031440529749124,2.6835085544933177,-4.919275708199137,-4.979442220079793,-2.497024970052748,1.3409457988159268,-0.5394113355716001,4.776927559692169,-0.790735562252066,1.0141615179853671
44.0,113.0,143.72781372070312,-1.030711986452264,2.680231446301492,-4.920632796059668,-4.977688885354071,-2.496828543912219,1.3407706806297837,-0.5393283162319609,4.7776584019812205,-0.7908812246036891,1.013851662086478
44.0,113.0,143.72926330566406,-1.0305446455397762,2.682425407435112,-4.92170718782588,-4.977379251975747,-2.49788321430128,1.341008858209488,-0.5378950258348878,4.778090929467799,-0.7896677559168106,1.0144899977989343
44.0,113.0,143.72640991210938,-1.0321488098107858,2.682398487682889,-4.92066431703048,-4.977401781705589,-2.497692648112344,1.34104136399971,-0.5388953110877592,4.778656045387839,-0.790975958326575,1.014015819958697
44.0,113.0,143.72622680664062,-1.032030997926427,2.682521024168537,-4.920147245993333,-4.978447407328432,-2.497990543237428,1.340760129217743,-0.5386923380973627,4.777728493813783,-0.7906495223074455,1.0138979398010246
44.0,113.0,143.7261962890625,-1.0311451112333847,2.681929590548253,-4.920060953722439,-4.976617287069787,-2.4973058493238414,1.3410804964225314,-0.5390388321005535,4.777451308028121,-0.790181032836748,1.0143426448678197
44.0,113.0,143.72694396972656,-1.031799652134302,2.681345650289395,-4.919338806719245,-4.977935812151445,-2.4966547594115927,1.3407476796388442,-0.5386623925888809,4.77722212993684,-0.790825209889328,1.0139889740114292
44.0,113.0,143.72804260253906,-1.0301533703549342,2.6807299556970445,-4.920171210838302,-4.975370337815146,-2.497349597737527,1.340720424238688,-0.5391701862806482,4.777816863538927,-0.7906003083169484,1.0137173227967633
44.0,113.0,143.7263641357422,-1.0318691261355442,2.6829265264871163,-4.9221352081506,-4.977592214067449,-2.4979531705124303,1.3406938069324692,-0.5388991239336791,4.77785923928796,-0.7904292356510982,1.0142012041610728
44.0,113.0,143.72718811035156,-1.031719312360619,2.681301071853226,-4.920658112038862,-4.976674270076574,-2.497285612837988,1.339905598327328,-0.5390553669036544,4.776810357468033,-0.791011458786687,1.014259585749727
44.0,113.0,143.7281951904297,-1.0310892740592643,2.6825188009206924,-4.919396871488166,-4.97556529164532,-2.497743338912631,1.3399156505280931,-0.5382918562443564,4.776738563654684,-0.7909954596243987,1.0141722933709474
44.0,113.0,143.7275848388672,-1.03212264743409,2.680709470308175,-4.918971322863425,-4.97719892573784,-2.49764839837156,1.3411083338451526,-0.5392738846101173,4.7788301240151885,-0.7904340763335558,1.01375308852497
44.0,113.0,143.7296142578125,-1.033314006082052,2.682905491393621,-4.91955504556901,-4.97752595850194,-2.497862074884832,1.3399169478834585,-0.5396165089623342,4.7797808800382064,-0.7904471523989605,1.0140040059009428
44.0,113.0,143.72801208496094,-1.030812998860574,2.681521514714608,-4.919329630119789,-4.977555208075661,-2.497016774392286,1.3398543590278162,-0.5387882275935976,4.777340173475402,-0.7902245366712641,1.01456756144459
44.0,113.0,143.72755432128906,-1.031531229715796,2.681082424202576,-4.919997131494052,-4.977788583382398,-2.4978754149865368,1.340702599099921,-0.53897510063151,4.779496383053431,-0.7902769077551328,1.0143457786275745
44.0,113.0,143.728515625,-1.03118272031449,2.681498532430706,-4.9188021601269325,-4.97722235856597,-2.497078536968079,1.3411361318324395,-0.5394795682956222,4.775955681795782,-0.7908427757226741,1.0142871150747863
44.0,113.0,143.7259979248047,-1.032239714270251,2.6818360179038025,-4.92106921995039,-4.977681248332968,-2.4975825811756898,1.3413382894344448,-0.5386514095194803,4.777747786713476,-0.7905059112743587,1.0138273883822944
44.0,113.0,143.72659301757812,-1.031819481757812,2.683320183777738,-4.919620507934362,-4.976773243339407,-2.4974268971701057,1.340838146471441,-0.5388992376913997,4.776778263473148,-0.7903531818620575,1.0143632449370488
44.0,113.0,143.7278289794922,-1.0301984993537614,2.6839628020734594,-4.922223824396303,-4.976646804979299,-2.497638599207722,1.340950304348616,-0.5389913039887002,4.777466550458749,-0.7902583285810021,1.013803789543239
44.0,113.0,143.72740173339844,-1.0310273301926711,2.6810335350203616,-4.919293108243239,-4.976996366780128,-2.498291026812657,1.3411089032784584,-0.5381521879281426,4.77856102290607,-0.7905914157210159,1.0140793187187658
44.0,113.0,143.7266845703125,-1.0321653147837488,2.682670550756373,-4.919975215673594,-4.976836359108972,-2.497401607203353,1.3406435269225616,-0.539182925297931,4.778105919604517,-0.7898214035766369,1.0141754044937512
44.0,113.0,143.7274169921875,-1.032649348402312,2.6816659535919616,-4.92053298324238,-4.978683833419848,-2.4968647158003017,1.3412095781079303,-0.53914245436372,4.777588951778238,-0.7902399991636209,1.014277932680856
44.0,113.0,143.72654724121094,-1.031440826956894,2.683141082016528,-4.919665713092339,-4.9758490361396985,-2.497478040391636,1.3407593580431565,-0.5386380899642242,4.77810173633889,-0.7903226294176822,1.014276169343164
44.0,114.0,143.72633361816406,-1.0318534079151078,2.6820418825525216,-4.919089062782658,-4.977295585412384,-2.497399113937768,1.34089349749037,-0.5389674158477948,4.777538504098036,-0.7907379328564552,1.014260203688134
44.0,114.0,143.72694396972656,-1.032223945191053,2.683299517965531,-4.921767237572084,-4.978183856981297,-2.4979635259742894,1.340248979331495,-0.5386498023802577,4.7778486022877615,-0.7904901371278523,1.013779399500172
44.0,114.0,143.72691345214844,-1.0305484277681316,2.6825196356551846,-4.920106248812228,-4.978090584880383,-2.498088211643191,1.3401065166310078,-0.5386244500572648,4.7773545118744245,-0.790649309258165,1.0141779542737774
44.0,114.0,143.72760009765625,-1.0325870695752877,2.683196005996221,-4.9195174597885725,-4.978590421290423,-2.497543964633626,1.3403065827360925,-0.5392229105832289,4.7767909594652345,-0.7906274544694227,1.0140838665104548
44.0,114.0,143.72677612304688,-1.0322927666400616,2.682637031384443,-4.920844660397273,-4.9774721789779806,-2.4976308992455487,1.3416332131312192,-0.5388579677247964,4.777442511374989,-0.7906695359100571,1.0144657602069218
44.0,114.0,143.72581481933594,-1.0322463212600628,2.6831157190056354,-4.920107809604697,-4.976909647059127,-2.497950120498782,1.3408925642406082,-0.5389113072462433,4.7776301255076135,-0.7905213460317189,1.01383875329417
44.0,114.0,143.72836303710938,-1.0307214552254376,2.6821340886316545,-4.92063609925198,-4.978157476641472,-2.4976059925575225,1.3407504306615268,-0.5381373142176962,4.776861426352355,-0.790345845359079,1.014730832588099
44.0,114.0,143.7257537841797,-1.031932145229593,2.682786955540535,-4.921082734425339,-4.97766830200945,-2.497392942856142,1.3406616617730416,-0.5386261150563669,4.777356808389998,-0.7904653709822398,1.013867788750586
44.0,114.0,143.72686767578125,-1.0315956002281856,2.6805411061675617,-4.9208969008778665,-4.977973656378647,-2.4971491226480627,1.341298075150115,-0.5388680738488887,4.778230388148749,-0.7905443751875749,1.0138900699935718
44.0,114.0,143.72634887695312,-1.0311175261585328,2.6822209037031897,-4.919908892970774,-4.977134563894246,-2.496439486221076,1.3404353651495349,-0.5390478517483146,4.777907727947497,-0.7903995297880906,1.0140068052239348
44.0,114.0,143.7269287109375,-1.0325279917671408,2.6823587568082345,-4.921439492998526,-4.976414051035849,-2.49725629907216,1.3401237591138715,-0.5388613368520865,4.778527207716925,-0.7903548093052528,1.0135748787813093
44.0,114.0,143.72654724121094,-1.0322901311771742,2.681863021797442,-4.920781154850869,-4.976893294695744,-2.4973848508404144,1.3407957782595048,-0.538407775639187,4.77684164617046,-0.7900565644615103,1.0143123175056914
44.0,114.0,143.72662353515625,-1.0311925141268392,2.682340498881864,-4.921219569682492,-4.976160989153577,-2.49761697148061,1.3413661666298875,-0.5385997220884366,4.777285198355891,-0.7902732013902609,1.014415258599871
44.0,114.0,143.72682189941406,-1.0311804923631698,2.682511029678708,-4.921975346949694,-4.9766416362389,-2.497920203777088,1.3405915557726713,-0.5384077673006216,4.777217936027451,-0.7904174750617035,1.01351726461389
44.0,114.0,143.72622680664062,-1.0315168095271354,2.6828104227540948,-4.920938375280074,-4.976693631705141,-2.4977875922929966,1.3403169305247884,-0.538954345934747,4.777941538885356,-0.7904731894951782,1.01443484531711
44.0,114.0,143.7279510498047,-1.0323785736626483,2.683543990683418,-4.919969963362793,-4.977215229468971,-2.499083596348078,1.340308932404234,-0.5381290809932455,4.777921288065988,-0.7907416030289163,1.0139448479937911
44.0,114.0,143.72622680664062,-1.032255230936606,2.6822864374122,-4.919534266520712,-4.9768040517212375,-2.4974283727401287,1.340553846823223,-0.5393601696936514,4.777913758466347,-0.7905269671496669,1.0137652531403427
44.0,114.0,143.72694396972656,-1.0326450250144652,2.6821993725753206,-4.919520450165599,-4.977504713081239,-2.4981561059206308,1.3405790826535495,-0.5380244797284899,4.777582796419097,-0.7904543821542536,1.0139688177918496
44.0,114.0,143.72625732421875,-1.0309900791913051,2.681954447577052,-4.920926312349202,-4.9770546442233,-2.497442737996285,1.3403497549047847,-0.5390815630777563,4.778048906374711,-0.790798019667152,1.0142453202499322
44.0,114.0,143.72605895996094,-1.0319789757084892,2.68212840378898,-4.92121691127887,-4.97698383834376,-2.498361163486188,1.3402789570089624,-0.5386132977690714,4.777216385338521,-0.7903132654134488,1.0141278690447333
44.0,114.0,143.7255859375,-1.0320835238153956,2.682387215323077,-4.920609579486193,-4.9773150492943135,-2.4972474680349768,1.3408912349193534,-0.5389555977507312,4.77768078566932,-0.7906606367265523,1.013937296017101
44.0,114.0,143.72738647460938,-1.0314688430002157,2.682307750053213,-4.919576874945758,-4.977045856965736,-2.4979279985888385,1.340786537929933,-0.5392857535742692,4.777734633100231,-0.7908376713742413,1.0146683434568713
44.0,114.0,143.72802734375,-1.032811789851606,2.680559495041466,-4.920357118426433,-4.977396176184806,-2.497835685386684,1.3404853334253772,-0.5392160390862797,4.776906901088365,-0.790769173930653,1.0145191143194552
44.0,114.0,143.726806640625,-1.0330412405775444,2.682191330110585,-4.920522484424441,-4.977253049161145,-2.497848719530693,1.3412703937633594,-0.5382802480009143,4.778185922937345,-0.7906540368754174,1.01389552114572
44.0,114.0,143.72686767578125,-1.0324874297171274,2.68217160803268,-4.920731578048784,-4.976662768636337,-2.498195002072532,1.3410228374416908,-0.5389139626835941,4.779105989691528,-0.7903547852481339,1.0136119854161896
44.0,114.0,143.7265625,-1.0324533159809317,2.683107672457062,-4.921070948207414,-4.976278826541179,-2.4976748070413564,1.3416270313473913,-0.5388082266850347,4.777104900516857,-0.7904218064486406,1.014137992911607
44.0,114.0,143.7265625,-1.0311552419466006,2.6819275896354524,-4.920651691704568,-4.9756329666369465,-2.4975513919823538,1.341087330111285,-0.5383419324417913,4.7769432202962,-0.7902373900750268,1.0140155796405592
44.0,114.0,143.72787475585938,-1.0322650886672098,2.681736048177809,-4.920516413259267,-4.977546473861204,-2.4980966824057207,1.3422823442916156,-0.5384982999139485,4.776895019649954,-0.790318443229272,1.0142738076624678
44.0,114.0,143.7272186279297,-1.0309111726635851,2.682474166558287,-4.919192459113845,-4.977686194980276,-2.4969632898884866,1.3406617181896996,-0.5394966456148644,4.777180529652229,-0.7902381219161665,1.014251337812616
44.0,114.0,143.72634887695312,-1.0313649485953085,2.682764338877732,-4.92138556631614,-4.977441462328963,-2.496973247537197,1.3399946667204388,-0.5389209963340118,4.77779145705933,-0.7902997512082752,1.014103283054899
44.0,114.0,143.72621154785156,-1.0321169930135854,2.6821389924139103,-4.921689887267861,-4.977282423523882,-2.497358149734055,1.3404072158277949,-0.5387337958349061,4.776896884490704,-0.7907141719067674,1.01390066809501
44.0,114.0,143.72642517089844,-1.03154459264174,2.683105566362832,-4.920476102471737,-4.976814545177581,-2.497137331637802,1.3408888379618986,-0.5395198206966159,4.777421901852144,-0.7907827896763013,1.0138345858219964
44.0,114.0,143.72671508789062,-1.0320689485031704,2.6826577200088444,-4.921820569480608,-4.978381809530083,-2.4973308678780204,1.340649068587565,-0.5385751012432767,4.77765134794036,-0.790144489544427,1.014068305094563
44.0,114.0,143.72671508789062,-1.0319057961284903,2.6840817037389773,-4.919822964879288,-4.976594506898837,-2.4976684059620218,1.3411668622208452,-0.5389649344264136,4.7770890163424085,-0.7902992956820007,1.0140189819594545
44.0,114.0,143.72640991210938,-1.031198439069012,2.6818784086081315,-4.919423279013539,-4.977275475295505,-2.4972847379570817,1.340931017469825,-0.5395164625313136,4.777305733591263,-0.7903852123510502,1.0140098066049212
44.0,114.0,143.72906494140625,-1.0322325056641597,2.681644572258417,-4.920902870657524,-4.975379794082404,-2.498538556968307,1.340731616680367,-0.5388744939811305,4.779500323792584,-0.7897033447143578,1.0142043704672234
44.0,114.0,143.72647094726562,-1.032161161431425,2.681797412283567,-4.919490633929278,-4.976827725510093,-2.497901329341729,1.3411072073744732,-0.5386009353577368,4.777330229461212,-0.7901372540150016,1.0143256734734676
44.0,114.0,143.72674560546875,-1.0314438425833905,2.683151698365619,-4.920471563382443,-4.977425654509103,-2.4975978772557057,1.340725290044028,-0.5389399931653447,4.777439442464255,-0.7906209140239628,1.014606212824953
44.0,114.0,143.7267608642578,-1.0321929472967533,2.682391907189663,-4.921675249665366,-4.976511414522154,-2.498075031204807,1.3410696568133105,-0.5384772619391693,4.777019346652885,-0.7909854946170398,1.0140429977698986
44.0,114.0,143.72677612304688,-1.0314062068705692,2.682870466308205,-4.922335173149418,-4.976494326634452,-2.4976921370781207,1.3402050887375232,-0.5384654061600997,4.777333493340043,-0.7906154750351728,1.0138914737215463
44.0,114.0,143.72686767578125,-1.0315534422383958,2.680386555756088,-4.919983563840447,-4.976699852289586,-2.497280305627751,1.340660327251327,-0.539313185671416,4.778128899185687,-0.7902017254201219,1.0139410048282969
44.0,114.0,143.72654724121094,-1.0313673549734497,2.682279465226033,-4.920408210492549,-4.976951235325614,-2.498271819068126,1.3418920165669146,-0.538754644911366,4.7778650285623225,-0.7904706482947823,1.0140808071823182
44.0,114.0,143.7260284423828,-1.032290023008951,2.6825457425415085,-4.919915117873663,-4.976407251703471,-2.497575425953181,1.34058732602396,-0.5383955645916796,4.7777789552032015,-0.7903907455957739,1.013811754667877
44.0,114.0,143.72596740722656,-1.0311128364997897,2.681838561352791,-4.9210334967579525,-4.976667442556615,-2.497420257707187,1.3407134586767633,-0.5390259691422541,4.776987604362175,-0.7903981085078842,1.014261175956416
44.0,114.0,143.7266387939453,-1.031695590649078,2.6824122906249857,-4.920784119241367,-4.9763356880466425,-2.496680762287503,1.3411113846328373,-0.5392852517951745,4.776633001823319,-0.7907032264761611,1.014094556652786
44.0,114.0,143.7259979248047,-1.0316089028361972,2.6814056647373263,-4.920271223132953,-4.977453314471739,-2.4976147059674187,1.3408047317764984,-0.5391111579798489,4.777299252452474,-0.7903831773314893,1.0143288440162257
44.0,114.0,143.72679138183594,-1.0315939104557654,2.682549789506094,-4.920311392878686,-4.977833680785116,-2.4971544194536883,1.3409700411642458,-0.5389321871525743,4.778837725117507,-0.7906539030574038,1.0144158181991427
44.0,114.0,143.72706604003906,-1.0320849506796668,2.683271517397716,-4.9198119534566365,-4.976528007764286,-2.4985324668439635,1.340224658162268,-0.5384229078042626,4.777657473207702,-0.7905794954187977,1.0143631820690049
44.0,114.0,143.72616577148438,-1.0322784427936038,2.6835517300779257,-4.920199880502619,-4.976748234524382,-2.4973910351426203,1.3405328285565146,-0.538677999430595,4.777846991731636,-0.7903734122943886,1.0138545041064635
44.0,114.0,143.72637939453125,-1.0322163867396372,2.6820154833947623,-4.920460098058529,-4.976665847468526,-2.497639418972075,1.340915443042431,-0.5393179323885944,4.77633936133015,-0.7903579588350897,1.0137989155125655
44.0,115.0,143.7259979248047,-1.0317758123674894,2.683112863919879,-4.919657607588009,-4.976755792311085,-2.4973026077082827,1.3406268529992342,-0.538520655605895,4.777318844080337,-0.7905088086261243,1.014103956728074
44.0,115.0,143.72610473632812,-1.0314604961631164,2.6824235505820955,-4.920079557034746,-4.977911225958257,-2.49729310868865,1.3408277242822333,-0.5387780934406896,4.777857868129514,-0.7900182832732963,1.0139831425719894
44.0,115.0,143.72605895996094,-1.031226228565234,2.681962241305465,-4.920691858634622,-4.977511172130549,-2.497142477144716,1.3402102520365533,-0.5390626630842821,4.778304161709047,-0.7905247793113892,1.0140532142399543
44.0,115.0,143.72630310058594,-1.0315259733406434,2.683337547659301,-4.920135883239043,-4.977009383846617,-2.4972779662424163,1.3401991919230838,-0.538638840431255,4.777097268466187,-0.7906943642567992,1.0140952380225086
44.0,115.0,143.72659301757812,-1.0317547561884792,2.6828772890899346,-4.920866014513347,-4.977501862506747,-2.496926111932076,1.340934955335462,-0.5383503003012677,4.777587296257295,-0.7908459045274645,1.0136715554603857
44.0,115.0,143.72618103027344,-1.0317193547769268,2.6829800511120494,-4.92054456193886,-4.977378038596175,-2.497802601421077,1.339950956850755,-0.5389555165286701,4.777150283028496,-0.7906411115559555,1.01383043907372
44.0,115.0,143.7259979248047,-1.0317319317890687,2.6828917769938423,-4.921289752867323,-4.977297710967794,-2.4974255665823346,1.3403046112433603,-0.5390781358127246,4.777334811667021,-0.7907098718734442,1.0139119343016203
44.0,115.0,143.72686767578125,-1.0316436540281817,2.6826808463643896,-4.919688905195269,-4.977349440585098,-2.4969029874804,1.3411966997682354,-0.5384598306935935,4.778766286133063,-0.7902946504177448,1.0142869760097462
44.0,115.0,143.72621154785156,-1.0316600671461489,2.6833960390414333,-4.9205269276291,-4.977844338549505,-2.4981150972052446,1.3406370186390149,-0.5389486788877793,4.777379705644968,-0.7901812583448464,1.0139346916388083
44.0,115.0,143.72625732421875,-1.0322140930515815,2.682642807396609,-4.92180663347061,-4.977417303793838,-2.497876928815885,1.341182752240985,-0.5386367735362079,4.7771399673511965,-0.7902791319692879,1.0138379555273946
44.0,115.0,143.72677612304688,-1.0311615399163,2.683089645976782,-4.921617216240065,-4.977302872994188,-2.497781337154112,1.3410516775280286,-0.5390119737951835,4.777068705817296,-0.79083140523697,1.0135784654255795
44.0,115.0,143.72593688964844,-1.0310509877534408,2.6822194889174744,-4.921162953210255,-4.977311629452882,-2.49781588101572,1.3411147761401176,-0.5387787291253616,4.778234241323695,-0.7907067866584674,1.014017493017862
44.0,115.0,143.72702026367188,-1.0326225558949198,2.68314623114632,-4.921855907735307,-4.975833603016799,-2.497338973814448,1.3405210857195806,-0.5389318966692604,4.777801667727967,-0.7901088401970711,1.0139361158458833
44.0,115.0,143.72621154785156,-1.032380624938166,2.6827824034173373,-4.920080143178168,-4.976357856303366,-2.4971806242420245,1.3406918801775438,-0.5392477388810146,4.778162487374489,-0.790346667134016,1.013824869447317
44.0,115.0,143.7259979248047,-1.0318063338749033,2.682348182239015,-4.921230801130545,-4.976410863354517,-2.4969781246734284,1.340946625280754,-0.5384430489241261,4.777377512908869,-0.7903146762529492,1.014103144111603
44.0,115.0,143.72616577148438,-1.032113282809327,2.681864829398717,-4.91987710577503,-4.976707063345169,-2.4980800428939363,1.3411779211904964,-0.5389475440173861,4.77770546808452,-0.7906845865111389,1.0143123723063132
44.0,115.0,143.72581481933594,-1.0323932405735228,2.682568083571873,-4.919863745099684,-4.976890556420388,-2.4974800632107463,1.3411138329201684,-0.5388841718597357,4.777379492917973,-0.7905748704627182,1.0139590343326708
44.0,115.0,143.72628784179688,-1.0316192859296276,2.6827851288957287,-4.920540295082113,-4.976594103188635,-2.497163856365022,1.340684936350689,-0.5390541376528644,4.777020319394328,-0.7907772929230159,1.0143511166722838
44.0,115.0,143.725830078125,-1.0319338697062652,2.6827353661851303,-4.921065150305896,-4.977400698642991,-2.4974911216752567,1.3408514653081411,-0.5388122289486086,4.7768611076847645,-0.7902736815088494,1.0141223988467631
44.0,115.0,143.72567749023438,-1.0316188613195698,2.682359883762274,-4.920667195773633,-4.976273092548009,-2.497238120546777,1.340691318011416,-0.5388164874588011,4.778011674337369,-0.7903488633491662,1.0141481626830586
44.0,115.0,143.72669982910156,-1.0325256715904136,2.6823639919612896,-4.920837703677551,-4.977989146779726,-2.497041905331128,1.3402839382977856,-0.5385132517365312,4.778033926843911,-0.790217365601757,1.0137332546590088
44.0,115.0,143.72589111328125,-1.0319856020767304,2.682202780465336,-4.919783939968246,-4.977570660615335,-2.4974328389319007,1.340374655432429,-0.5385527740590046,4.777454709394638,-0.7904438876082143,1.0140779939486126
44.0,115.0,143.72610473632812,-1.0321440356688605,2.6828064220843,-4.9200791500283625,-4.976643595697304,-2.498052579057447,1.3399780662772622,-0.5389067591886887,4.777881157348791,-0.79052680544845,1.0139758996267894
44.0,115.0,143.72613525390625,-1.031120811699469,2.6827025176840893,-4.920273683290047,-4.976412210800563,-2.497195728123499,1.340653928913501,-0.5388318384527357,4.778066498477074,-0.790685451263947,1.014289668744769
44.0,115.0,143.7264404296875,-1.0321335650013563,2.682803110922148,-4.920112666013783,-4.976862910457325,-2.497119634286053,1.340552125342661,-0.5388114438769085,4.776269711847919,-0.7904077897439548,1.014182045055399
44.0,115.0,143.7271270751953,-1.0326476631601622,2.683070953973539,-4.921397861657049,-4.977793881044786,-2.4968374754849747,1.3408000084192366,-0.5391419165174103,4.77646339664016,-0.7905148278948273,1.0138112391923704
44.0,115.0,143.7261962890625,-1.0314060114945989,2.6826580676913565,-4.920499818193301,-4.977591612517445,-2.4974803112384376,1.340395252587836,-0.5390907890849492,4.777899233344618,-0.79024088490078,1.0143570104717234
44.0,115.0,143.7260284423828,-1.0316854252337777,2.682206348760744,-4.921140773902525,-4.977409395724525,-2.4972478976418016,1.3404233185324,-0.5388121572609759,4.778535467392754,-0.7904292799486008,1.0137516840431662
44.0,115.0,143.72605895996094,-1.0312179024281996,2.682593395593944,-4.920391213917579,-4.977315999807864,-2.4974530073021457,1.3407635019611028,-0.5386014365901559,4.77811100784421,-0.7903610694839962,1.0143722883069106
44.0,115.0,143.7262420654297,-1.031526871068023,2.6832562347050946,-4.921177959363633,-4.977520265551057,-2.4971854872429056,1.3412310238521616,-0.5392793384713954,4.777628519870822,-0.7905087309384138,1.0140444120411818
44.0,115.0,143.7263641357422,-1.0320842562420518,2.682917134368622,-4.92132498950162,-4.975793670954311,-2.4972327503988527,1.3405839369990389,-0.5391167558714569,4.7771943455063965,-0.7905704924734449,1.0141216689717183
44.0,115.0,143.72666931152344,-1.0317681436775712,2.683050388974145,-4.920217320197685,-4.976487720538508,-2.496863368137129,1.3408592129996428,-0.5396302272471214,4.7775938633491535,-0.7903543750382607,1.0137532851860804
44.0,115.0,143.72654724121094,-1.032844011006567,2.6818664178023592,-4.9210905816502,-4.976357548015124,-2.497394450390973,1.3407181741183392,-0.5385027909294147,4.777346599280307,-0.790493268385168,1.0143123368060936
44.0,115.0,143.72572326660156,-1.031913088306876,2.683084568898773,-4.920188370748235,-4.977492146995177,-2.497722632699006,1.3409274139916096,-0.5389286452752771,4.777159270471982,-0.7903951392614808,1.0139259566814864
44.0,115.0,143.72593688964844,-1.0316074994633166,2.682933022082929,-4.920307561316959,-4.976962772536031,-2.4978221917889543,1.341507881137077,-0.5387939858568478,4.777329839934966,-0.7904212234682708,1.0140870861293043
44.0,115.0,143.72584533691406,-1.0321224795277932,2.682249969764918,-4.920680574044237,-4.9773570967220575,-2.497540293033825,1.340480699969243,-0.5387262865643017,4.777947192253807,-0.7902381334842703,1.014262693789389
44.0,115.0,143.72659301757812,-1.0331810694050585,2.681781930969482,-4.9206563425421885,-4.977301484789413,-2.4976366397978134,1.3404764130795694,-0.5392307432000267,4.77774477550954,-0.7904049128746617,1.0138255271067989
44.0,115.0,143.72640991210938,-1.0318397179143473,2.6824601337852734,-4.919552070588389,-4.976286752922709,-2.4981543072537384,1.3407039287956852,-0.5383927545712712,4.778002898594012,-0.790104473226438,1.0140938321523425
44.0,115.0,143.72705078125,-1.033175833087887,2.683822093898705,-4.920185914993305,-4.976604569407257,-2.4977048379002733,1.340745330327266,-0.5390735448920125,4.778077582635422,-0.7905851988249566,1.0139149430922831
44.0,115.0,143.72637939453125,-1.0315042207694698,2.682825102089881,-4.92096610539153,-4.977821295218723,-2.4967772353691227,1.3404773410992643,-0.5391135504474782,4.777940215865847,-0.7907737890221469,1.0139549181587355
44.0,115.0,143.72679138183594,-1.030802796736702,2.68133766079016,-4.921121436631924,-4.976038159441757,-2.497515146395916,1.3403607224565253,-0.538269859941364,4.77768973446622,-0.7902457786515722,1.014123225945534
44.0,115.0,143.7259979248047,-1.0324751213663843,2.682471270630428,-4.920133530352471,-4.976293224726314,-2.497615063110181,1.340934681918171,-0.53920159567698,4.777183394984828,-0.7905268712124833,1.0140332976627873
44.0,115.0,143.72659301757812,-1.0321728547034177,2.682294235127829,-4.919820852109499,-4.977342200919828,-2.49724543294306,1.3400408067619152,-0.5394456003541483,4.777938291439678,-0.7907098557367744,1.0139224266956337
44.0,115.0,143.7255859375,-1.0314955237907828,2.6824561756350507,-4.920742268972676,-4.977338743914327,-2.4979087360548524,1.3409721235566767,-0.5387893351772712,4.777355657379424,-0.7906835303696313,1.0138709561000674
44.0,115.0,143.7268829345703,-1.0324666728614469,2.6807545628392093,-4.920548718831348,-4.976987553569369,-2.498657220042136,1.3410413314534768,-0.538876167694502,4.77719912538058,-0.7902124080860675,1.0137948639258356
44.0,115.0,143.72572326660156,-1.0323111308373436,2.6826032971368354,-4.9203666028685165,-4.977158023221211,-2.4977283823500027,1.3405591742637224,-0.539106853297195,4.777956024279481,-0.7905250056040352,1.013853166938329
44.0,115.0,143.72584533691406,-1.0319181135191426,2.682955546183184,-4.920615950261268,-4.977784281648646,-2.4979320694594085,1.34048140899825,-0.5389917076916699,4.7773505201222655,-0.7904053606916257,1.01386402232868
44.0,115.0,143.72695922851562,-1.031794316745506,2.682174989778473,-4.921816616405834,-4.977241904687194,-2.4976512581868144,1.3413463530970926,-0.5394903667669588,4.778312803820965,-0.7904953701556625,1.0135879892743302
44.0,115.0,143.72679138183594,-1.0324205542669445,2.6818282684490224,-4.92046518747364,-4.977677319228122,-2.497960437262169,1.340486563088227,-0.5391549701844456,4.777554339233252,-0.7906247046756372,1.01453005237743
44.0,115.0,143.72686767578125,-1.0324249242647383,2.682391872306572,-4.921745707354919,-4.976646068597319,-2.4968980090544948,1.3400245124917252,-0.538967755313358,4.778068343019749,-0.7905134057494774,1.013668713485015
44.0,116.0,143.72569274902344,-1.0318438129020562,2.6826288583475586,-4.919928422837483,-4.977254063877834,-2.4979395721366093,1.340957701043938,-0.5388776956621886,4.777482942026841,-0.7906977358516869,1.014065832157966
44.0,116.0,143.72555541992188,-1.031815901782866,2.682658039673884,-4.920688193022695,-4.977201653638973,-2.497703681113772,1.3412118338782175,-0.5390019916031346,4.777548381549629,-0.7904416783015726,1.01410890924568
44.0,116.0,143.72634887695312,-1.0326057617769724,2.68110687482067,-4.92019639582813,-4.977180084557287,-2.497200872131542,1.3402585287932904,-0.538930188901209,4.777330461686006,-0.790323626741527,1.013932468903577
44.0,116.0,143.72634887695312,-1.030872930284623,2.682636069234592,-4.921470928536004,-4.977922484396646,-2.4977249068989167,1.3406969400472102,-0.5384635159936071,4.7773217730992,-0.7906354971699701,1.0140380540868783
44.0,116.0,143.72666931152344,-1.032620241681501,2.683310065790088,-4.920901055490075,-4.9776107321540914,-2.4974777804897337,1.3410631275732952,-0.5382114070482551,4.777628021144276,-0.7903887937572334,1.0139034057695169
44.0,116.0,143.7262725830078,-1.0316962841092674,2.6825603041307016,-4.919494207679512,-4.9761863738491545,-2.498168779896566,1.3412660145887043,-0.5390231627267541,4.777275722951904,-0.790527604282186,1.0141685834680931
44.0,116.0,143.7257537841797,-1.0315173476872546,2.682499645628865,-4.920974247810717,-4.976714324301659,-2.497517398138574,1.3407613398884823,-0.5383990263516383,4.777177322043176,-0.7905195304451853,1.0138317298504118
44.0,116.0,143.72589111328125,-1.031025215413658,2.682486136808664,-4.9207123885288695,-4.977238121252083,-2.4971912958701274,1.3404640297968404,-0.5388153437550152,4.777356991376834,-0.7905496575021997,1.0142282004351832
44.0,116.0,143.7261505126953,-1.031547288077972,2.6818802840748663,-4.919853313326258,-4.977134377326898,-2.4969621828155426,1.3412433751207882,-0.5392066282776113,4.776932348784534,-0.7904869557552612,1.013888153555297
44.0,116.0,143.7260284423828,-1.0315187457962276,2.6830203055161945,-4.919954767414061,-4.977228861088239,-2.497904356652965,1.340439486085538,-0.5387646794160155,4.7781728344263765,-0.7902849133199519,1.0142291694437224
44.0,116.0,143.72596740722656,-1.03180887667272,2.6817646774752832,-4.9198428245985575,-4.976772521117111,-2.497445899200556,1.3409658634515953,-0.5387849298792657,4.778026644983221,-0.7907188174701609,1.0142623008756555
44.0,116.0,143.726806640625,-1.0328834600088168,2.682514758072241,-4.920853971868345,-4.977342295709636,-2.4974791737043978,1.3410348028910155,-0.5386289096330978,4.777670917576488,-0.7906047923914938,1.0134564042058472
44.0,116.0,143.72610473632812,-1.0317192478057584,2.682974323882151,-4.91941485315859,-4.976357570630836,-2.497483483741123,1.3408508125569725,-0.5389612599150997,4.776930595035582,-0.7905616099351622,1.0139477284817042
44.0,116.0,143.7256317138672,-1.0314658583090015,2.682779383946322,-4.920581936205303,-4.977381195543977,-2.497151807820539,1.3406874152943793,-0.539048694147497,4.777476125461863,-0.7904216318589556,1.014028209920018
44.0,116.0,143.72625732421875,-1.03208546168581,2.6831633630615634,-4.920121958875933,-4.976726599474215,-2.497187188496637,1.3403903204147136,-0.5389438772481379,4.776612871175814,-0.7903650579013437,1.0139469544791613
44.0,116.0,143.72593688964844,-1.0318134162087316,2.6825310532104,-4.919545569734735,-4.977067262217547,-2.49789858887144,1.341103955750497,-0.5387621322706737,4.7769197085272594,-0.7905936484861371,1.01406345973714
44.0,116.0,143.72579956054688,-1.0312768109111166,2.6820406815934072,-4.9204848540912485,-4.97629351742604,-2.497657545266555,1.3405820490848104,-0.5392351178283983,4.777534617802855,-0.7906563546723175,1.0140101781046749
44.0,116.0,143.72576904296875,-1.031783357989296,2.6826976077775724,-4.919819667620718,-4.977339063641936,-2.4973358111487904,1.3405728400841357,-0.5387199152966895,4.7779177698705855,-0.7904998779081129,1.014156466729882
44.0,116.0,143.72645568847656,-1.0321697039072433,2.6824931708446016,-4.919811732072584,-4.978155078196872,-2.497950871757743,1.341408269831846,-0.5385278562312346,4.777704359182668,-0.7903566962910871,1.0139832433167395
44.0,116.0,143.7263641357422,-1.0317661521322852,2.682547519910373,-4.922099396790698,-4.977232656611021,-2.497053693653805,1.3411969232476304,-0.5388910465602219,4.777650720876265,-0.7907335359914738,1.0138907483971664
44.0,116.0,143.72621154785156,-1.0310859934040897,2.6822349918977206,-4.920452863911515,-4.9781255180386506,-2.497354867502042,1.3408173446152087,-0.5390227817287059,4.777450424516319,-0.7901284021768138,1.0141590353990528
44.0,116.0,143.7262420654297,-1.032240121526076,2.682751458931808,-4.920942681345577,-4.977272127744772,-2.4981617935458256,1.3410117433829436,-0.5386500972619546,4.776955444703155,-0.7908411496012899,1.014121451082243
44.0,116.0,143.7257843017578,-1.0309890794876333,2.6826214098516754,-4.920414752471125,-4.976865500232436,-2.49796321889062,1.3409391925316116,-0.538796574898539,4.777816604147638,-0.7907393007375578,1.0139841304823518
44.0,116.0,143.7265625,-1.0315048600096328,2.681941977545047,-4.921396766984987,-4.977536114467438,-2.49685070005499,1.340353138902964,-0.5387965904550551,4.776383761577769,-0.7903888230836458,1.013881087130061
44.0,116.0,143.72576904296875,-1.0315584093640422,2.683341096206079,-4.920698962384005,-4.97662974328007,-2.497676570251433,1.340685350313949,-0.5387858405948016,4.777606928255723,-0.7902966486787522,1.013968508445604
44.0,116.0,143.72610473632812,-1.0321178177334271,2.6833056823223487,-4.920373341026116,-4.976647160424508,-2.498057097549508,1.341086915700771,-0.538833911871702,4.777394582860332,-0.7902735900531077,1.0141992126738568
44.0,116.0,143.7261962890625,-1.0321189750809556,2.683112430488928,-4.92002129326544,-4.97726873699221,-2.4974594411768414,1.3401461776999604,-0.5389257452616159,4.778211446698544,-0.7906617414640991,1.0138960997737492
44.0,116.0,143.7260284423828,-1.031502663866502,2.6833155446094006,-4.920303094626905,-4.976752125696043,-2.497805441305045,1.3402538954045244,-0.5386916342059731,4.777248394214661,-0.7906060280779919,1.014026896129354
44.0,116.0,143.726318359375,-1.031414239618046,2.683140506436132,-4.920038443626286,-4.977258657029961,-2.497676595467075,1.3408704811785963,-0.5383040423370034,4.778097314493653,-0.7901983043336909,1.0137523715803356
44.0,116.0,143.72572326660156,-1.0317738778939187,2.682550689286764,-4.920869611143801,-4.977732965164599,-2.497463494983595,1.340928158900469,-0.53866369513731,4.77718148226484,-0.7906359182828062,1.0140161088743849
44.0,116.0,143.7256317138672,-1.032025441071082,2.682005100086763,-4.920909281493546,-4.97679710960163,-2.497744754746367,1.3407519834922663,-0.5387553765482389,4.776977070906716,-0.7903273865507412,1.0141261923491616
44.0,116.0,143.7263641357422,-1.0321069012953838,2.683171640998875,-4.920782995321983,-4.978011692785239,-2.497337695837951,1.3405996483242075,-0.5384969726660147,4.778106250074957,-0.7902208690602928,1.014060622511229
44.0,116.0,143.726318359375,-1.03166440713688,2.683134322812009,-4.9199635677332365,-4.97700165416593,-2.497106134407665,1.3402696676811807,-0.5392697185010444,4.777885780970964,-0.7905909761688026,1.014198439963324
44.0,116.0,143.7263641357422,-1.0328354580700203,2.682750206087261,-4.921688478087115,-4.977532167881819,-2.497731815109137,1.3406688032174845,-0.5389176415717234,4.7777951347714005,-0.7903284663191936,1.0139715378371843
44.0,116.0,143.72653198242188,-1.0320245535658996,2.6828168743574885,-4.919660553946846,-4.976526682510722,-2.4978678288091456,1.341284910806067,-0.5388886791152121,4.778909527638838,-0.790420467897194,1.01411291201946
44.0,116.0,143.72592163085938,-1.0318476902862916,2.682906160154123,-4.921415763992592,-4.977171369539093,-2.4977472087764245,1.3403929302403783,-0.5387193700532595,4.778212523559626,-0.7903537472029694,1.0139595215491433
44.0,116.0,143.72618103027344,-1.0322894133507003,2.682873333514672,-4.919466324418029,-4.976963972276791,-2.4974181156984847,1.3409765706285963,-0.5384588318188701,4.777727948623607,-0.790653284822465,1.0140070561221357
44.0,116.0,143.72576904296875,-1.031403102714839,2.682554500760469,-4.920901975691207,-4.977004653123928,-2.4970533392383447,1.341047320619766,-0.5391973893140012,4.777397484285439,-0.790526343297346,1.0138994934602463
44.0,116.0,143.72601318359375,-1.031163456514535,2.682488463129225,-4.91966817482833,-4.9767675226474966,-2.498198477864264,1.340940840402257,-0.5389506409317422,4.777253851716424,-0.7905023568075888,1.0142187306830763
44.0,116.0,143.7257537841797,-1.0321434980518585,2.6824037575327377,-4.920569000321073,-4.97715201039142,-2.498142864897464,1.3405715910498197,-0.5388442482324063,4.777316334927098,-0.7905168452217683,1.013730815985782
44.0,116.0,143.7263946533203,-1.0324365303366827,2.682551567710984,-4.920058312406064,-4.976186013570221,-2.497652347866586,1.3405428549265892,-0.539005402309999,4.777407104764208,-0.7899605475789224,1.0140619586083126
44.0,116.0,143.72645568847656,-1.0326819678744203,2.68222248961858,-4.920508020932463,-4.976481750797011,-2.497122423478872,1.340371665824427,-0.5386991195624082,4.7771503858443545,-0.7901528022527646,1.014215069618336
44.0,116.0,143.7261962890625,-1.0317991382046523,2.6835694220710904,-4.92101172460317,-4.976815432555982,-2.498009145139444,1.341058699191815,-0.5385996449849992,4.7773666789221,-0.7906398405666648,1.0141291920566085
44.0,116.0,143.72573852539062,-1.0313478924217052,2.682874780385726,-4.920744659130799,-4.9771320489076745,-2.497963537207091,1.3406886573259076,-0.5387938723367522,4.777359625680562,-0.7905534019656333,1.0137245655535263
44.0,116.0,143.72561645507812,-1.0320117349397666,2.6829593927521884,-4.92062704803825,-4.977062103794966,-2.4974977023510148,1.3408192998858652,-0.5390848700781188,4.777471141265636,-0.7905941404957249,1.013921675867632
44.0,116.0,143.72584533691406,-1.0320132695925794,2.68328472934951,-4.920536103014293,-4.977285005290441,-2.4973150798367487,1.340960374631699,-0.5388453363688015,4.777299256067867,-0.790395394456973,1.0138360744957875
44.0,116.0,143.7257080078125,-1.031466315713812,2.6821414436979394,-4.92084173187369,-4.976969696582906,-2.497693505004197,1.3411296640005874,-0.5387540163458349,4.777667566866345,-0.790088138099577,1.0139964565089097
44.0,116.0,143.7256622314453,-1.0319505045400676,2.682267468131192,-4.920522083157671,-4.977068372434778,-2.4972775551001885,1.3403679306525795,-0.5388661046960745,4.7781880843130935,-0.7904126723318168,1.0139101788243687
44.0,116.0,143.72584533691406,-1.0320991201094727,2.682782243207246,-4.92053462860448,-4.97782184379119,-2.497852464563069,1.3404321465432003,-0.5388423638051476,4.778008293692915,-0.7904791965709652,1.0139124085169202
44.0,116.0,143.72621154785156,-1.0316088366421807,2.6832393691379384,-4.92006757005041,-4.977345262659278,-2.497782967383593,1.3399885500836008,-0.5390275966613949,4.7777391833442895,-0.790304543518813,1.0140389811028785
44.0,117.0,143.72560119628906,-1.031794934950799,2.682141992016154,-4.920682084005501,-4.977661831275769,-2.497239743307888,1.3407288018961625,-0.5390620363189855,4.77742457067408,-0.7903956868498359,1.014024257561501
44.0,117.0,143.72608947753906,-1.032126340593976,2.682682993339305,-4.920174878272684,-4.9776439190138175,-2.4973164818745746,1.3413233533840874,-0.5384937801957781,4.777734343591719,-0.7905243805570699,1.0137977934246267
44.0,117.0,143.72555541992188,-1.0315710571165138,2.6828610824324866,-4.920414034058191,-4.976630574653177,-2.497272886213018,1.3408418658538137,-0.5388847622576867,4.77744939834666,-0.7905467203388232,1.0140039998283186
44.0,117.0,143.72547912597656,-1.0317462090056655,2.681872917045616,-4.920661812017362,-4.977205983437028,-2.497610476679632,1.3408012411229286,-0.5389339260337431,4.777473167234842,-0.7906014083234849,1.0138112352635984
44.0,117.0,143.72569274902344,-1.0310070260635102,2.682631534491473,-4.920097067534295,-4.97716129279174,-2.497693285436549,1.3408583190791763,-0.5390315317482806,4.77781108856562,-0.790468441630912,1.013859118526037
44.0,117.0,143.72613525390625,-1.0317389311154157,2.6835116854112044,-4.921403327163016,-4.977582460407309,-2.4976154814594658,1.3408481224441555,-0.5389685015723691,4.777243041729037,-0.7904673374484936,1.013932824901948
44.0,117.0,143.72560119628906,-1.0316224631408395,2.681869561653503,-4.921143697334157,-4.9775874188961575,-2.4974073409393176,1.3408510533408222,-0.5389337787886834,4.7779360557193975,-0.7904770295816892,1.0139616288423747
44.0,117.0,143.72589111328125,-1.031216860372724,2.682767948442652,-4.920010603615906,-4.977016294421577,-2.497317760843878,1.340349159696414,-0.5385553220092918,4.777660723126818,-0.7903803370183313,1.013842233194849
44.0,117.0,143.72616577148438,-1.031533020719293,2.6831454449463363,-4.920362481790379,-4.976510041281901,-2.4973187265304326,1.3403375573542533,-0.5385649790776528,4.776913945023189,-0.7906510942185383,1.0139032043348886
44.0,117.0,143.72576904296875,-1.031601315915573,2.6829130338721345,-4.921116704451878,-4.977011212084187,-2.497526074737268,1.3410417387248854,-0.5388026695725454,4.777585265919793,-0.7904426486356755,1.013685938945578
44.0,117.0,143.7257537841797,-1.031323718710312,2.6825479861567416,-4.921466209673816,-4.9769365177249405,-2.4980879440512886,1.3406936450783018,-0.539008353785313,4.77752844319806,-0.7905680017629981,1.0140578413097874
44.0,117.0,143.72604370117188,-1.0315132016369075,2.682814956018448,-4.92060705758725,-4.9775951489822114,-2.497634367771516,1.3414618400970593,-0.5389866888824901,4.777225947989821,-0.7904983495228883,1.0137964571992262
44.0,117.0,143.72628784179688,-1.031742098146971,2.683613013735706,-4.919848439692291,-4.977138794132037,-2.497223043320554,1.3409249466980828,-0.538568568358917,4.777331313564083,-0.7906550703013089,1.0140708967555063
44.0,117.0,143.72593688964844,-1.0311447208768063,2.682715531538894,-4.920294168572423,-4.977328380659797,-2.4970877542704017,1.340493166945052,-0.5390234891792094,4.777416446910271,-0.790661519865627,1.014144830577698
44.0,117.0,143.72555541992188,-1.0313743801810684,2.682865214577525,-4.920387579102803,-4.977099548229414,-2.497580164524572,1.3410241378540313,-0.5389343295670006,4.777435236495444,-0.7905341643892791,1.0140284575691458
44.0,117.0,143.72586059570312,-1.0322132088386935,2.683234681014042,-4.920512831052506,-4.977434585887613,-2.4974798678490484,1.3408773798568427,-0.5388459716386205,4.777519762529764,-0.7905140630314964,1.0138204495617895
44.0,117.0,143.72592163085938,-1.0318895036105942,2.6817708615270366,-4.92102529220569,-4.976785113892843,-2.497715946456517,1.3406944419851508,-0.5393010682355657,4.777648408395605,-0.7901637164593334,1.0138039789319215
44.0,117.0,143.72572326660156,-1.0313300433915271,2.6821563593032867,-4.921029843566191,-4.977226055374997,-2.497946794039808,1.3410807696231526,-0.5384783983417654,4.777805963351021,-0.7905253894150146,1.0140831981352596
44.0,117.0,143.72567749023438,-1.032036385003762,2.682831945056382,-4.920780950046967,-4.977456130936498,-2.497826701351054,1.3408984957055423,-0.5389769582878534,4.777935890440514,-0.7904931799599186,1.013809831643301
44.0,117.0,143.7256317138672,-1.031445300772762,2.682190055522452,-4.920307551677791,-4.976204350262876,-2.497325626016168,1.3407008143313224,-0.5389079513420434,4.777304303228133,-0.7904016320927063,1.0139128588948685
44.0,117.0,143.7257843017578,-1.0318078533541095,2.6827683098085355,-4.919855621113291,-4.976912403693095,-2.497601220684676,1.3406678308030102,-0.5387584918722235,4.777552303180654,-0.7903049816337626,1.014255761722386
44.0,117.0,143.7255401611328,-1.0312770971195806,2.6823373222335443,-4.920701332490545,-4.977229979450331,-2.497721409138342,1.3408989891003165,-0.5388458278131196,4.777383095455335,-0.7906536988920854,1.014103210636316
44.0,117.0,143.72621154785156,-1.0323123836382058,2.682731753603277,-4.9211558259427965,-4.977451438070263,-2.4971942171029204,1.3403897270243783,-0.5388243360991591,4.776856505795418,-0.7906604499576089,1.0141120633159986
44.0,117.0,143.7257080078125,-1.031969511322552,2.6820117012029323,-4.92101710231782,-4.977345379285063,-2.4972876893576084,1.3406248808901395,-0.5388693575483554,4.7781607831772135,-0.7906470402155268,1.0138611529159602
44.0,117.0,143.7254638671875,-1.031753269760726,2.682324183842761,-4.920590703877797,-4.976623037730062,-2.49794150921028,1.3405499697606835,-0.5389294323532106,4.77734831909072,-0.7904447544176305,1.013985625703942
44.0,117.0,143.72557067871094,-1.031664350603018,2.6826032965579616,-4.920555293364614,-4.977224440016212,-2.497409761805389,1.341049144795333,-0.5389728911404763,4.7774618396374695,-0.7906979506475702,1.0139271358709685
44.0,117.0,143.7257080078125,-1.031741998601699,2.6824699024372194,-4.920354355898258,-4.977381888174351,-2.4974790437019125,1.3413516154964782,-0.5390487715453807,4.777539312865788,-0.7905565451883971,1.0140865927552287
44.0,117.0,143.72560119628906,-1.0320497354687743,2.6824214075831616,-4.920747458520336,-4.977092425323205,-2.4977771415105043,1.341007175707313,-0.5390761694791504,4.777099054957814,-0.7904738507368556,1.0140834369933565
44.0,117.0,143.72586059570312,-1.0317651223698592,2.6826769347394555,-4.920429855365862,-4.977335312057775,-2.4978503647782,1.3412525990738624,-0.5385605324791767,4.776952954192881,-0.7905461817210737,1.0140778570952866
44.0,117.0,143.7258758544922,-1.032073551380432,2.682289502975154,-4.921416125373686,-4.977209614022655,-2.4975655757027244,1.3404084497911528,-0.5386707444845804,4.777640182373309,-0.7903938729634898,1.0142353958165966
44.0,117.0,143.72544860839844,-1.031896214485451,2.6824262533289414,-4.920682736803059,-4.977145441837183,-2.4976456899106445,1.3409517167456988,-0.5386534521696928,4.777233447473295,-0.7904578812804735,1.0139459024136528
44.0,117.0,143.7256622314453,-1.0321751602872764,2.682070128902927,-4.92031206687719,-4.976812924793,-2.49755214287474,1.3404188375882278,-0.5387140781734745,4.77722854768607,-0.7903884230528861,1.0138567538389287
44.0,117.0,143.72573852539062,-1.0317772034606565,2.6824720705783456,-4.920277469782037,-4.977176593580814,-2.497781568586887,1.341080897107469,-0.538737683782661,4.778051046244471,-0.7905405153067111,1.0136855574553714
44.0,117.0,143.7255096435547,-1.0319816801242254,2.682149596579918,-4.920291192626282,-4.977213049763575,-2.4973075378937737,1.3408678573604274,-0.5388970827228565,4.777370125492286,-0.7904428777347601,1.0141233453358254
44.0,117.0,143.72557067871094,-1.031839743172276,2.6826717343979976,-4.920327997406759,-4.976946665042721,-2.4980003658041445,1.3407274725101406,-0.5387592624421123,4.777477597400338,-0.7907038457497197,1.0139479985937676
44.0,117.0,143.72544860839844,-1.0318737039763652,2.6824171735312943,-4.920578142797595,-4.977286025252348,-2.49768565311102,1.3406497834191151,-0.5388574785708862,4.777481086877279,-0.7906268709236839,1.0140408460809347
44.0,117.0,143.7253875732422,-1.031389563062323,2.682341519809902,-4.920921626669546,-4.9769614681141245,-2.49748103303946,1.340832888626947,-0.5389178964886803,4.777612490121783,-0.7904893444926522,1.0139163237730455
44.0,117.0,143.72584533691406,-1.032149371433959,2.682653488865009,-4.920788106151576,-4.976955607922594,-2.497858492963144,1.3405572501863166,-0.5391415660507315,4.777430820990734,-0.7905211740304132,1.014275502251197
44.0,117.0,143.72561645507812,-1.0311775576437006,2.6824481372317504,-4.920778429294351,-4.97681967276254,-2.4972546162730938,1.3405950791858707,-0.5389057934459993,4.777322300513912,-0.790460442098281,1.0141076576944652
44.0,117.0,143.72555541992188,-1.0316626739582664,2.68269536612702,-4.920401091690239,-4.9773603291505575,-2.4973321738987027,1.3405071656239145,-0.538953362518293,4.777366201954351,-0.7905025587629986,1.014009467123901
44.0,117.0,143.72596740722656,-1.03220295059113,2.68246868715205,-4.920905302354191,-4.976871915053928,-2.497203359801072,1.3410904288554226,-0.5389117964734433,4.777663094901271,-0.7907840260470511,1.014207714146382
44.0,117.0,143.72592163085938,-1.0315930089464889,2.6831610980357654,-4.921067902669752,-4.976601781504034,-2.498075798296685,1.3410191344851388,-0.5391517557325542,4.77779850855862,-0.7905755330806192,1.0140977902892647
44.0,117.0,143.72601318359375,-1.0319034021442528,2.68285320486779,-4.919869326810773,-4.9773074206562535,-2.4979295458468065,1.3412031295026292,-0.5389133442970442,4.778429125086992,-0.7905539352771225,1.0138837891313273
44.0,117.0,143.72579956054688,-1.0317222321397472,2.6826562972716497,-4.920619990490521,-4.976889686783087,-2.4980072220962146,1.3407782061410405,-0.5387955260309312,4.776564419615024,-0.7905506239824005,1.0139610721429797
44.0,117.0,143.7258758544922,-1.0317814926015112,2.682798803617543,-4.921073688071543,-4.976964721682831,-2.4976353959969373,1.340470623887553,-0.5393368764883721,4.777442886416434,-0.7906072410370077,1.0138756375731797
44.0,117.0,143.72592163085938,-1.0321706385940337,2.683291649794336,-4.920469776082954,-4.977185160665822,-2.497749548200854,1.3411429012168146,-0.5390260623385936,4.777390458465829,-0.790472288577007,1.0140589598156389
44.0,117.0,143.7256622314453,-1.0311704272449598,2.6827539785509966,-4.920556940845593,-4.976940450890156,-2.497822532128391,1.3406559292625548,-0.5390372747988668,4.777114455044519,-0.7905048837968289,1.0139092041993711
44.0,117.0,143.72547912597656,-1.031713954588898,2.682849340428909,-4.920839373403524,-4.977015545523093,-2.497614511043827,1.3406473970060642,-0.5388746925692729,4.777450347301384,-0.7903742744553863,1.0139160831316607
44.0,117.0,143.72642517089844,-1.0307376050903638,2.682568317088708,-4.920410330146951,-4.97682679111399,-2.497630690285847,1.3404845647474597,-0.5389457960059421,4.776793235800493,-0.7907974741197812,1.014228043148008
44.0,117.0,143.72560119628906,-1.0316137464824675,2.682049288220486,-4.9202033801462015,-4.976885895424175,-2.497215682791893,1.340806361082949,-0.5388501028838055,4.778166124047356,-0.7903773813304209,1.0141238480102288
44.0,118.0,143.72561645507812,-1.0317092452424563,2.68262208092014,-4.920759675234409,-4.976869066959013,-2.497721008495728,1.3406843267466255,-0.5390183919307319,4.776853001626634,-0.7903549802651764,1.0139722088503689
44.0,118.0,143.7255859375,-1.0315853273755509,2.6825714336991684,-4.920493727204433,-4.977177587629342,-2.497456601904904,1.3405374655432167,-0.5387172143685239,4.778068265168672,-0.7905011975112384,1.0141586247076004
44.0,118.0,143.72573852539062,-1.0313353968614578,2.682747609687026,-4.9210393019907785,-4.976599505585525,-2.497763023557024,1.341094345211312,-0.5388719922952028,4.777249964305213,-0.7906627966706905,1.0138858064284637
44.0,118.0,143.72537231445312,-1.0317136762976316,2.682213711430561,-4.920518240666401,-4.977277664054045,-2.497680595673433,1.3406892192377988,-0.5389654812771729,4.777480429000459,-0.7905087854949091,1.0140449572273609
44.0,118.0,143.72567749023438,-1.0314193483531091,2.6822992955409646,-4.9215262043894885,-4.976883163031034,-2.49789472661678,1.3409999928087677,-0.5389511321375124,4.77731003740227,-0.7904280471021217,1.0139046906212847
44.0,118.0,143.72557067871094,-1.031495895239312,2.682014242887284,-4.920801121547939,-4.977328840028662,-2.4975601235485567,1.3408631410803364,-0.5387951293039439,4.77706027605109,-0.7906245997370771,1.013901179615725
44.0,118.0,143.7256317138672,-1.0316164474358942,2.682547899588512,-4.91996262527108,-4.97674880374836,-2.497552622741033,1.341143694508439,-0.5389827938791791,4.777336254665569,-0.7904841158257234,1.013859561498352
44.0,118.0,143.7254638671875,-1.031586441061093,2.6826240682145928,-4.9206769111983615,-4.976986724283177,-2.4977611297542883,1.3410030919305689,-0.5390494704833326,4.777363556225197,-0.7904316488758383,1.013887062522131
44.0,118.0,143.72549438476562,-1.032089379355003,2.682248756935828,-4.920931656062002,-4.97698625185867,-2.4974735382665845,1.3404859644502771,-0.5388248909024815,4.7774721411810575,-0.7904419700361345,1.0139046850272004
44.0,118.0,143.7257537841797,-1.0318200300329967,2.681997800286954,-4.921370851188594,-4.977395352838597,-2.4971933933455537,1.3406559533248528,-0.5389930306457753,4.777370283413985,-0.790660136933484,1.013974272037261
44.0,118.0,143.7255401611328,-1.0322331467906287,2.682309013650314,-4.920552066276857,-4.977272646407752,-2.497292562934148,1.3406480583813067,-0.5388993876763415,4.777459492830182,-0.7905187062065897,1.0139710384968232
44.0,118.0,143.7255859375,-1.0312783043043376,2.6816968149894507,-4.920849125255592,-4.976798991679697,-2.497608424079753,1.3406237551788696,-0.5387917330526593,4.777125253500298,-0.790539333744313,1.014054833784738
44.0,118.0,143.72555541992188,-1.0317515465444305,2.681786305481398,-4.921081451920996,-4.977073617799398,-2.4971730967994854,1.3406438358067243,-0.5389514967170941,4.777519021073877,-0.7904645637235124,1.0140074181613867
44.0,118.0,143.7255859375,-1.0317627209774347,2.6830388922009485,-4.920445093786201,-4.976697457278959,-2.497757384610724,1.3405251088341092,-0.5388495863784426,4.777805195016587,-0.7904613574544967,1.0141040501112195
44.0,118.0,143.72572326660156,-1.031687270723796,2.6828143625252263,-4.920295644496901,-4.977381451805986,-2.497532377336919,1.3409660143572886,-0.5391890817769509,4.777187801031262,-0.7905657699058057,1.0139036092961913
44.0,118.0,143.7255096435547,-1.0317846938532838,2.682319771127593,-4.920183798505653,-4.976994024213474,-2.4971424667379045,1.3407198215026508,-0.538770816154484,4.777733057077679,-0.7903180372754957,1.0139173029391646
44.0,118.0,143.7254638671875,-1.0315555076463778,2.6821428357637656,-4.920680552056879,-4.977052667543836,-2.497738511344942,1.340868415936157,-0.5389054406538989,4.777242661169424,-0.7903788741995061,1.0141423371194005
44.0,118.0,143.7259063720703,-1.0323641770663985,2.682690889903454,-4.920173959657041,-4.977296078159668,-2.4974574038045088,1.3404793617016617,-0.539129432562647,4.777419117038068,-0.7902660129187966,1.0138460653257866
44.0,118.0,143.7256622314453,-1.031671313877574,2.6825118347640364,-4.920358140943633,-4.97754907554783,-2.497766992713184,1.340870196380786,-0.5391218318719249,4.7771089170961485,-0.7903434320356224,1.0140582663558595
44.0,118.0,143.72601318359375,-1.0314100069651149,2.681770392933739,-4.920478842960062,-4.9771279532050565,-2.497642260907847,1.3415933755616436,-0.5387087166669504,4.777413766642779,-0.7902485219572277,1.0141435762937876
44.0,118.0,143.72598266601562,-1.0311612839892563,2.681834614249928,-4.920573632643106,-4.976706727120011,-2.4972043741425702,1.340507659697657,-0.5390667267444389,4.777184044678132,-0.7904009285929545,1.014280828846486
44.0,118.0,143.72567749023438,-1.031525264235606,2.6828949685084327,-4.920298776218559,-4.977300505615348,-2.497751539777588,1.3406769883021576,-0.5389189144565121,4.777676435452369,-0.7906868899962465,1.0138319790148165
44.0,118.0,143.72557067871094,-1.031433643202675,2.682920419249556,-4.920343052215134,-4.97726383833625,-2.497632912724791,1.3409434539410885,-0.5387142299363514,4.777632212143178,-0.7904846150575944,1.0140767307059653
44.0,118.0,143.7255401611328,-1.0313879760794236,2.681947508155048,-4.92102544554996,-4.976764453551072,-2.4978467755437874,1.3408702016101692,-0.5387586843693706,4.777541327655889,-0.7903682917415198,1.0141401999563735
44.0,118.0,143.72543334960938,-1.031528397948806,2.6823460078496906,-4.920650920552049,-4.977043733218889,-2.497719728954408,1.3406029919433389,-0.5387886198782574,4.777202909323126,-0.7904504521303037,1.013875120641491
44.0,118.0,143.72572326660156,-1.0315460397410576,2.6821934452710323,-4.920543331354103,-4.9768114797673455,-2.497489281055564,1.340781867642196,-0.5391658274604785,4.777328225530356,-0.7903972143884346,1.0142845365745892
44.0,118.0,143.72552490234375,-1.031700959102253,2.682927203568408,-4.92026470675604,-4.976689023377205,-2.4976933892554083,1.3408155346128083,-0.5389300257768088,4.777767163374719,-0.7905140571741676,1.0139361802963016
44.0,118.0,143.72567749023438,-1.0317788433401316,2.683133705447501,-4.920453736820812,-4.977285348296926,-2.4975113607827533,1.3407221415480866,-0.5387117592142747,4.777424229796228,-0.7905891560739926,1.0138503549981408
44.0,118.0,143.72561645507812,-1.0318889907447746,2.682299726418352,-4.920646713433002,-4.977458034436568,-2.497650251863608,1.3408753010492704,-0.538708404373387,4.777526692033234,-0.7904028848714075,1.0137066444964224
44.0,118.0,143.72576904296875,-1.0312156319171129,2.6826901946353843,-4.920324013353234,-4.976983832338662,-2.497240214252221,1.3404920251221633,-0.5389067302938013,4.777637469409935,-0.7903884096451437,1.0137167888823395
44.0,118.0,143.72572326660156,-1.031838883228859,2.6824872163048816,-4.920358582077918,-4.97643829217206,-2.49753683434522,1.341032619671628,-0.538894204715672,4.777209596520264,-0.790595428927884,1.0142221406806744
44.0,118.0,143.72605895996094,-1.0319141330869153,2.6823507614982267,-4.921905685162105,-4.976305637312217,-2.497491668619713,1.3406782757578952,-0.5388008037886163,4.777011881352234,-0.7905055379709509,1.0139783877059552
44.0,118.0,143.72579956054688,-1.0319382247141258,2.682653792687121,-4.921143916087533,-4.977514333949172,-2.4970129927771314,1.3409750901217965,-0.5389298211921068,4.777321604652755,-0.790349536052176,1.0139578309814556
44.0,118.0,143.72564697265625,-1.031760232034722,2.6820574905398704,-4.920522207421677,-4.977801067393069,-2.4977330935940847,1.340816885393866,-0.5388898755067109,4.777397396001801,-0.7906535781322592,1.0141036592348618
44.0,118.0,143.7257080078125,-1.031982869009143,2.6827539142731647,-4.920630475555316,-4.977250119903741,-2.4969921255560874,1.3409008898082142,-0.5388002453863976,4.777217634403971,-0.7905350655612642,1.0140254517772256
44.0,118.0,143.72561645507812,-1.0316703109631795,2.682547425654203,-4.921281846179849,-4.97696233357,-2.4974915248641945,1.3405793570490987,-0.5389151370694893,4.777396369674429,-0.7906686124849251,1.013974757620547
44.0,118.0,143.72555541992188,-1.03166721096576,2.682869887444109,-4.920572259948406,-4.976890240872353,-2.4975399743725104,1.3408428901263123,-0.5387089080941685,4.777134090085006,-0.7904296335636287,1.0140671585692216
44.0,118.0,143.72564697265625,-1.0320507596561197,2.68214906981952,-4.920756799526375,-4.977513537265844,-2.4980713784981057,1.3407604166178366,-0.5386646521726828,4.777686904883487,-0.7906082944490569,1.014066121774583
44.0,118.0,143.7255401611328,-1.0317514892222386,2.682479681450684,-4.920644392640823,-4.976705141631224,-2.49751320458494,1.3408819927650324,-0.5390852148806333,4.777609665941638,-0.7907019625171321,1.014015669330317
44.0,118.0,143.72567749023438,-1.03211298794734,2.681740644631141,-4.92071014695899,-4.977068616092316,-2.4978201129657185,1.340401741078025,-0.5390832782567765,4.777325333001896,-0.7904050168427776,1.0140102271900489
44.0,118.0,143.72598266601562,-1.031874410837601,2.683002170383092,-4.920899713779773,-4.977776438389268,-2.497683545768736,1.340682134225326,-0.5389234654218145,4.777041501456562,-0.7907112962559646,1.0141175095824655
44.0,118.0,143.7255401611328,-1.0316866961719755,2.6819257820938613,-4.921321862038685,-4.976949782753773,-2.4974697952466944,1.340986759079252,-0.5389865703070598,4.777406332626432,-0.7904049928541497,1.0140047193083932
44.0,118.0,143.72573852539062,-1.0313770799755364,2.6827796397536883,-4.919906105347983,-4.976735384072319,-2.497716337526588,1.341214100284046,-0.5389257163136749,4.777442148614689,-0.7906010467962084,1.013920062180654
44.0,118.0,143.72579956054688,-1.031781291051855,2.681987894989927,-4.920259052070426,-4.976666013001116,-2.497279227673863,1.3407260784546384,-0.5392026038428224,4.777368068214255,-0.7907340990316367,1.0138532341924318
44.0,118.0,143.72543334960938,-1.0315021291040316,2.682498708849195,-4.920611772345751,-4.97736554012851,-2.49763793242046,1.3407356578818668,-0.5390495472141676,4.777502344796867,-0.7904395374197932,1.01391860957028
44.0,118.0,143.72576904296875,-1.0315862749712892,2.682661203451248,-4.920806642188382,-4.976742746598121,-2.49778497243358,1.3409671521930877,-0.5387106624366069,4.776742202806208,-0.7904342492572525,1.013820238708618
44.0,118.0,143.7256622314453,-1.0317344932081802,2.682307277853928,-4.921071222136262,-4.977240624261887,-2.4977409902006102,1.3413774179487603,-0.538850960490878,4.7774886011834745,-0.790505503274149,1.0139171818103376
44.0,118.0,143.72584533691406,-1.0315062717262364,2.681998550916237,-4.921696003659071,-4.977298214176331,-2.497690574646368,1.3407846211463346,-0.5389603740773623,4.777624297058956,-0.7906794527927827,1.0141404720495917
44.0,118.0,143.7256622314453,-1.0314405973803185,2.682142154253059,-4.920715243264534,-4.9778034045358135,-2.497784141205037,1.3405648385441014,-0.5389329451833973,4.777610081557187,-0.7904877493717493,1.0141423086727528
44.0,118.0,143.72573852539062,-1.0315642421805251,2.682726000772373,-4.920827215195351,-4.976804469827373,-2.497695005835248,1.3408213362462096,-0.5385190029921203,4.777307105524651,-0.7907594011996473,1.0138990708011535
44.0,119.0,143.72555541992188,-1.0312902801795163,2.6823575032732885,-4.920474014439389,-4.976804867267221,-2.497499254941775,1.3409932302497642,-0.5386570392347974,4.777219548223757,-0.7903586800790814,1.0140979002042094
44.0,119.0,143.72547912597656,-1.0315012169087765,2.682433829578059,-4.9206338809742425,-4.977346772796274,-2.4977937899330582,1.340626236420846,-0.5391110974904469,4.777613164196886,-0.7905135105888021,1.0139573988983257
44.0,119.0,143.72543334960938,-1.031784276110927,2.682268740635898,-4.920719372683138,-4.977002374438369,-2.497607254989664,1.340861491519184,-0.5385897108611317,4.777381281123693,-0.7905200286746803,1.0140541308801048
44.0,119.0,143.72576904296875,-1.0315778792553505,2.6826105940899483,-4.919671603677168,-4.976854296282571,-2.497163423572275,1.3410935311715244,-0.5388682332483317,4.777503490793773,-0.7904097706548985,1.014096262581523
44.0,119.0,143.72549438476562,-1.0318306595327686,2.681993552969856,-4.921091644637713,-4.977234474544834,-2.497542455723148,1.3408313155202205,-0.5386605132056932,4.777860645405621,-0.790399354414566,1.013896958905903
44.0,119.0,143.72557067871094,-1.0319550992951814,2.682699593182063,-4.920905971441063,-4.977049898709539,-2.4973308717066347,1.3407381232807225,-0.5389959505779398,4.777218403563989,-0.790327721447702,1.0139828008794345
44.0,119.0,143.72567749023438,-1.0313900312161444,2.6826989251453064,-4.92147112431836,-4.977386617585074,-2.4974974086091173,1.3406434121179132,-0.538977602553345,4.777662070874619,-0.7904619988366228,1.0140292427663962
44.0,119.0,143.7256317138672,-1.031182236775563,2.681831939179512,-4.920932307570967,-4.977173170416736,-2.4976628811685786,1.340665625239054,-0.5388180918170482,4.7773755287815245,-0.7902570027579898,1.014103166833352
44.0,119.0,143.72552490234375,-1.0315223096834734,2.682443719778994,-4.920468344591495,-4.977103376002877,-2.497481242025444,1.3403599426148585,-0.5388744100285443,4.777335608625624,-0.7904030074482229,1.0139661473246235
44.0,119.0,143.72552490234375,-1.031672917538228,2.682320460844659,-4.9204249677996605,-4.977626213961416,-2.4978288932539066,1.3407948016653926,-0.5389669106507036,4.777486627040577,-0.7906153993081801,1.013926676903921
44.0,119.0,143.72555541992188,-1.031807914884716,2.6820304921379465,-4.920268876654542,-4.977168836450093,-2.4970959266160406,1.3406661416395682,-0.5389897235003849,4.777573430240437,-0.7903582000071205,1.014055887377021
44.0,119.0,143.7255096435547,-1.0315024413589864,2.682771081183443,-4.921010353096865,-4.976895722343245,-2.497607810361564,1.3409291640498378,-0.5390181983123066,4.777700840952686,-0.7903553375067389,1.0139630391865664
44.0,119.0,143.72584533691406,-1.031587407047192,2.683085395085352,-4.920010542775165,-4.977252012369752,-2.497512929740866,1.3403306403983182,-0.5388889912007642,4.777184026959457,-0.7903653125459451,1.0139825172477446
44.0,119.0,143.7254638671875,-1.0316235163023029,2.6818799459201506,-4.920960196210921,-4.97709402054694,-2.4974199300227484,1.340693600439958,-0.5390384905191459,4.777681604349436,-0.7903695249970184,1.0139791060702796
44.0,119.0,143.72543334960938,-1.0319626763685994,2.682280831531621,-4.920449835487092,-4.977033465639805,-2.4972503560096464,1.3409220058832076,-0.5387814982469585,4.777596707921695,-0.7905536178670145,1.014004465973155
44.0,119.0,143.725341796875,-1.0317406996636262,2.682179423239408,-4.920756635863994,-4.97719196843804,-2.497641929251704,1.3409115028274794,-0.5388105728629142,4.777531762043145,-0.7904139569139419,1.0140173108427597
44.0,119.0,143.72567749023438,-1.031247593294164,2.682750365207568,-4.920319236692605,-4.9772445531325165,-2.4978654905073148,1.3406590658174524,-0.5391948166167335,4.777583827514579,-0.7904421760461942,1.0139005673250336
44.0,119.0,143.72567749023438,-1.0316209098011049,2.6830712655320577,-4.920998095570466,-4.976908873732131,-2.497934934873646,1.340478529913904,-0.5389664024305016,4.777409870843686,-0.7904053618832627,1.0140393848248
44.0,119.0,143.72544860839844,-1.0318043818398204,2.682306260922976,-4.920816625603201,-4.97690410230874,-2.4976922567814834,1.3407193068161805,-0.5388559545959328,4.777114775269549,-0.7903837311615929,1.0140463485129256
44.0,119.0,143.72572326660156,-1.0320733118327283,2.68231836560926,-4.920863170490195,-4.977607152455251,-2.4975973956086923,1.340362973652205,-0.5388601880954171,4.777296801445734,-0.7905964447071758,1.0139437620900171
44.0,119.0,143.725341796875,-1.0318461723419396,2.682178345985994,-4.920673602024853,-4.977020803983376,-2.4974138020144023,1.3407795018416433,-0.5388497825143279,4.777742282340627,-0.7905009440819084,1.013952450030101
44.0,119.0,143.72560119628906,-1.0314549633556016,2.682130575610868,-4.920274463595112,-4.976954605264923,-2.4970744296651066,1.340670492348334,-0.5389195292363382,4.777996021714362,-0.7902837888310836,1.0139792648316543
44.0,119.0,143.72555541992188,-1.0317311920378596,2.682561159853991,-4.920365374613453,-4.9770441881433385,-2.497250677516508,1.3406866609387604,-0.5387791960342128,4.777087232911978,-0.7905671773686462,1.0140111312536657
44.0,119.0,143.7256622314453,-1.0314843951366113,2.682556031855798,-4.920505244111498,-4.976960009387497,-2.4974770018935315,1.3407430703447218,-0.5391727179417121,4.777060368906081,-0.790522453830591,1.0138143145685865
44.0,119.0,143.72579956054688,-1.0315181980646178,2.6825395534935126,-4.920608135333467,-4.977522867948151,-2.497262975877561,1.3411662981826202,-0.5389141400594122,4.777111127471596,-0.7906773640650204,1.013993159413996
44.0,119.0,143.72561645507812,-1.031806654893288,2.681926166545951,-4.920379090811162,-4.977467822314709,-2.497241134168421,1.340664002072952,-0.5388306241069865,4.777384129978406,-0.7902433890251226,1.0140654943614456
44.0,119.0,143.72581481933594,-1.0319207480773436,2.682830316681472,-4.920563809575175,-4.976849307710396,-2.498053078236045,1.3403221412848794,-0.5389137711003187,4.777215917053427,-0.7902760282636088,1.01406334732041
44.0,119.0,143.72543334960938,-1.0317375518648526,2.682357465404732,-4.92026308596108,-4.97712303066143,-2.497690775686058,1.340626046020576,-0.5388680836417459,4.777551109144014,-0.7902959992460641,1.014075351171048
44.0,119.0,143.7254638671875,-1.0315053552523246,2.682484520087412,-4.920794904399024,-4.977052208233766,-2.49730467373306,1.3406002434579856,-0.5390239805813222,4.77774209151224,-0.7904378074923848,1.0139775686058172
44.0,119.0,143.7256317138672,-1.0317637842073195,2.682350587745529,-4.920794012926048,-4.977486686952497,-2.4973207651285287,1.3404147007783624,-0.5388725362810822,4.777169776284573,-0.7904800753947621,1.0139291719504897
44.0,119.0,143.72557067871094,-1.0316424742794577,2.682599616742932,-4.920661580271457,-4.97704430121535,-2.49801783127026,1.3406123776807934,-0.5388071102837131,4.777632934579668,-0.7903746698970409,1.0141947291962916
44.0,119.0,143.72567749023438,-1.031355371495462,2.6818322479715926,-4.920644621409176,-4.976922895400211,-2.4970478744202165,1.3405905943964536,-0.5391120994854308,4.777420627835795,-0.7905095416989925,1.013902114828217
44.0,119.0,143.7253875732422,-1.0315956163481834,2.6823247868486817,-4.920299492115915,-4.977006870177472,-2.4975170598331253,1.3407997825114792,-0.5389760948381959,4.777328917839698,-0.7903930123865734,1.0139870374210729
44.0,119.0,143.7255859375,-1.0319325866350733,2.6823811199236056,-4.920823303047839,-4.977532369320788,-2.4977594508968566,1.3407826273287249,-0.5389150055768379,4.7770230095984125,-0.7905011045995547,1.0139157296429406
44.0,119.0,143.72549438476562,-1.0316467250879515,2.682222730253329,-4.920770640018056,-4.976737133745248,-2.497640016803784,1.3406719881870064,-0.5390267487266795,4.777593108049642,-0.7904864386773438,1.013767814506502
44.0,119.0,143.7255859375,-1.0315871636858986,2.682619769639274,-4.921299045448621,-4.977147762939546,-2.497546043259933,1.3409891291779117,-0.5389057313854542,4.777779651412649,-0.7905756067349508,1.013873992531943
44.0,119.0,143.72543334960938,-1.0316929131912795,2.6822819726827767,-4.92100307148361,-4.977276970593594,-2.4977167072705497,1.340689191179928,-0.5389668023924807,4.777321986948476,-0.7904500457043913,1.0139180449365428
44.0,119.0,143.7253875732422,-1.031784638408391,2.682432219230648,-4.920545960528106,-4.9769155090051935,-2.4977108382834383,1.3410528268016009,-0.5389006081200218,4.777395616979515,-0.7904713503300647,1.0139910646414032
44.0,119.0,143.7254638671875,-1.0315802200607789,2.6821837517476608,-4.920459776822101,-4.976762087431541,-2.497412584422934,1.340548058391153,-0.5390153151690917,4.777463541727505,-0.7903203030036874,1.014045588354926
44.0,119.0,143.72549438476562,-1.0317527941059907,2.6826136462582024,-4.920373262747543,-4.977371892815848,-2.497583681517756,1.3406192521735747,-0.5388695430234467,4.77793718115468,-0.7904508545356386,1.014105681879438
44.0,119.0,143.72549438476562,-1.0318630162740403,2.682256557295992,-4.9204701527382655,-4.977258216057888,-2.4980623579236347,1.3409390824496477,-0.5389599339098075,4.777406976428448,-0.7904939349119324,1.0138808332653202
44.0,119.0,143.72564697265625,-1.031940997915016,2.682698568157967,-4.919675994045635,-4.976809008822884,-2.497725030054821,1.3406877192558442,-0.5389684773254277,4.777613858146172,-0.790391579144849,1.0140533756378458
44.0,119.0,143.7259063720703,-1.031339820572286,2.6820049117501954,-4.919845166244366,-4.976301908958458,-2.4972457849478733,1.3409630012849307,-0.5390169622751984,4.777230289899034,-0.7905987667682597,1.0141341429026165
44.0,119.0,143.7255859375,-1.0313101847139787,2.682157201838669,-4.920447520761081,-4.977411963699808,-2.4977805823688533,1.3410690822682767,-0.5387985852024366,4.777170502011181,-0.7903127112997801,1.0139451668947537
44.0,119.0,143.72549438476562,-1.031814135287545,2.682740914381504,-4.920487568623479,-4.977039669621451,-2.4975568594294644,1.3409057869865029,-0.5386594168457348,4.77765791812956,-0.790286403099488,1.0139643352395575
44.0,119.0,143.72544860839844,-1.031776067345605,2.6820224906647896,-4.92022874580745,-4.977119297946602,-2.497446628890292,1.3405828406947942,-0.5390020507229574,4.777707476048768,-0.790539899651697,1.0140378170937492
44.0,119.0,143.7255096435547,-1.0320527622696063,2.6821201178887986,-4.920580188792135,-4.977083154158244,-2.4977603229419447,1.3404942462633551,-0.5390533479446367,4.777421199787037,-0.790341872568491,1.0139677406233814
44.0,119.0,143.7254638671875,-1.0317306235330426,2.6825245308546384,-4.920512886233646,-4.977385126275952,-2.4974962411648334,1.3410050043884958,-0.5389803642981317,4.77757323788342,-0.7903700843699193,1.014036285851958
44.0,119.0,143.72564697265625,-1.0316024186477728,2.68234365092621,-4.920924766551647,-4.976756578122611,-2.4973254081614056,1.3402046403334724,-0.5388020243837675,4.777673097915844,-0.7905720331968995,1.0139374576085327
44.0,119.0,143.7253875732422,-1.0316819477629533,2.682051173273452,-4.920875477570092,-4.977073194563459,-2.497750854667124,1.340869349093464,-0.5389017474646707,4.777904442147538,-0.7904251406868887,1.0140568128595575
44.0,120.0,143.72547912597656,-1.03190323831164,2.68220210364409,-4.920579678164995,-4.977385117543416,-2.497744136741782,1.3410085423395088,-0.5389839338741425,4.777654216995579,-0.7903735388429043,1.0140829986277176
44.0,120.0,143.72547912597656,-1.0316360653840315,2.68200007593176,-4.920682434883108,-4.977114261821254,-2.497388006556598,1.3406023173517,-0.5388607949940329,4.7780828288627415,-0.7905284545653632,1.0139241911256782
44.0,120.0,143.72549438476562,-1.0319364578425114,2.682527118429533,-4.920746155089748,-4.977433170081826,-2.4979489585768992,1.340718171330031,-0.5389959976305869,4.777587016050976,-0.7904225401866967,1.0139167421776012
44.0,120.0,143.7255401611328,-1.0316804860701656,2.682456892564237,-4.9207957158916775,-4.977163473560885,-2.4977072776651355,1.3408265165806856,-0.5389340046952507,4.77704296316732,-0.7905626601782272,1.013834418473608
44.0,120.0,143.7255096435547,-1.0319029966086504,2.68239680553091,-4.920912556257625,-4.976987763118348,-2.497634765956233,1.3404909255262218,-0.5389614209905211,4.777269684493222,-0.7904105129613184,1.0138370728224526
44.0,120.0,143.72535705566406,-1.031654373661277,2.682272126893684,-4.920686591751653,-4.977004088311393,-2.4976741026998783,1.3407749350596596,-0.538997005865224,4.777613790655778,-0.790442034932715,1.0138701818153404
44.0,120.0,143.72586059570312,-1.0316934642140705,2.6829170531636537,-4.92082025220598,-4.977525463574456,-2.497629636252348,1.3407250160465836,-0.5390543880061198,4.777925103867521,-0.7907002975320845,1.0137601258343034
44.0,120.0,143.72547912597656,-1.0317625870878544,2.6821170078301755,-4.920938222874804,-4.977024403116418,-2.4978745951259524,1.3409330400812234,-0.5388908090994473,4.77781500255279,-0.790251348726879,1.0139579861234882
44.0,120.0,143.72549438476562,-1.0312932831495971,2.6825393618084323,-4.920417650412928,-4.976945528043057,-2.497439577226952,1.3406941129826393,-0.5388727927058321,4.777230309213595,-0.7903472866829269,1.0140261489600286
44.0,120.0,143.72544860839844,-1.0318139977119434,2.68226262966823,-4.920712964888658,-4.977310607382364,-2.497706281863249,1.340810302229154,-0.538781844304216,4.777533183308346,-0.790385297983069,1.0138012256938689
44.0,120.0,143.7255401611328,-1.0319261173427958,2.6826676033534067,-4.920759258427465,-4.976867077063486,-2.497461584185252,1.3406644105526846,-0.5389487092086505,4.777875738717031,-0.7902333916581092,1.0140232382853087
44.0,120.0,143.7254180908203,-1.0316385004397557,2.682662976462032,-4.920545503575351,-4.976715894643457,-2.497462931730704,1.3407096627693005,-0.5387040491586079,4.777480157550256,-0.7904761333183217,1.0139195081646024
44.0,120.0,143.725341796875,-1.0316921857722434,2.682358779218963,-4.920802879733575,-4.977003618276338,-2.497494170434622,1.3407197179985513,-0.5389568650988146,4.777640704876362,-0.7904320191814538,1.0140084268770222
44.0,120.0,143.72544860839844,-1.031708758404645,2.681617407097704,-4.920958937352423,-4.977007086090247,-2.497667832388164,1.3407869990842745,-0.5389151608029668,4.777635117292011,-0.7905114831879239,1.0140573087180558
44.0,120.0,143.72567749023438,-1.0322929236460583,2.6818670091815653,-4.921172621246162,-4.9774932993255865,-2.4976154920059708,1.3409042660153414,-0.5387841881442625,4.777684632781172,-0.7904354795575657,1.0139311868168577
44.0,120.0,143.7255859375,-1.031732340221792,2.682818069449108,-4.920994480849693,-4.977299702183603,-2.497645415769039,1.340706721130962,-0.538799559143782,4.77744531445283,-0.790264613190014,1.0138538082344963
44.0,120.0,143.72547912597656,-1.0315540840968709,2.68221695633088,-4.920907153284021,-4.977113438728244,-2.4972982372880685,1.3404870214478422,-0.5387786169191582,4.777715305793063,-0.7903647956553437,1.0139453780437515
44.0,120.0,143.72543334960938,-1.031646661858991,2.681925515453896,-4.920847035112369,-4.976990241311428,-2.497977125455908,1.3408669178321275,-0.5390151689869969,4.77760746064406,-0.7903873916558428,1.0139100869773507
44.0,120.0,143.7255859375,-1.0315097203161685,2.682241401445093,-4.92054586521594,-4.97688581107704,-2.4974020746876207,1.3411396237914437,-0.5391661495595113,4.7774650815142135,-0.7903492105294125,1.0139875034641976
44.0,120.0,143.72552490234375,-1.031901119774342,2.6821679059831425,-4.920841357497228,-4.976858411719714,-2.4974171814848174,1.3407575981547335,-0.5391715766896201,4.777342246150081,-0.7903562856423285,1.0140119854976213
44.0,120.0,143.72547912597656,-1.0317187668573444,2.6821361446315537,-4.920576323322296,-4.977108093706593,-2.4972486154721665,1.3405856640219795,-0.5386861141147055,4.777518543790379,-0.7903245576991011,1.013992350898418
44.0,120.0,143.7255096435547,-1.0316239249326573,2.682050440937937,-4.92122589649931,-4.977182311343052,-2.497720125375361,1.3409750002650211,-0.5389163381038191,4.777518579993711,-0.7903394332855349,1.0140700478349132
44.0,120.0,143.7253875732422,-1.0316226955348555,2.682388791175833,-4.920671223841851,-4.977150364903636,-2.4976464304874204,1.3409633698585175,-0.5388071261067049,4.777506343326582,-0.7905238592421906,1.013875962033957
44.0,120.0,143.72543334960938,-1.031598200290596,2.6821644670264613,-4.920645727751237,-4.977157542114264,-2.4979041304790965,1.3410174040595653,-0.5389066670779865,4.777783148294516,-0.7905192107010368,1.0138688027137546
44.0,120.0,143.7255401611328,-1.031816808474197,2.682179548704076,-4.920443615521181,-4.977412068087035,-2.4971889616418776,1.340688535842565,-0.5389190132459287,4.777220237147535,-0.7904551028222535,1.013926554508643
44.0,120.0,143.72544860839844,-1.0316503662711112,2.682629736943017,-4.92045936179128,-4.976769905543231,-2.497377749383812,1.340738945390428,-0.538891684988263,4.777228272988905,-0.7904948926547641,1.0139318913880624
44.0,120.0,143.7254638671875,-1.0319260820233307,2.6823546507825355,-4.920238558352448,-4.976890735621551,-2.4977211282470453,1.3409277548412044,-0.5386933378280743,4.77766517043584,-0.7906004859865963,1.014054062716216
44.0,120.0,143.72552490234375,-1.0315487532337526,2.6821962457762982,-4.920906774738445,-4.977285038517132,-2.497928733960281,1.3411618489454007,-0.5389151609794398,4.777771257910024,-0.790439210229458,1.013917209415352
44.0,120.0,143.72543334960938,-1.0314266897045057,2.682182699445935,-4.92033174466293,-4.9768567837398034,-2.4977114231502977,1.3408222134667414,-0.5389730098216541,4.777373744527813,-0.7903459004074973,1.014076228330028
44.0,120.0,143.7254180908203,-1.0317863707351966,2.682386030869228,-4.920850336052336,-4.977170622414806,-2.4973248177226424,1.3408184978138094,-0.5389513271338835,4.777734968019111,-0.7903762130490488,1.0139800166713986
44.0,120.0,143.7255401611328,-1.0315914273561877,2.6826425755662235,-4.920654582456368,-4.977449222044814,-2.497635878815693,1.3409882283037824,-0.5387232497266501,4.777820548187595,-0.7905561539186419,1.013853828478327
44.0,120.0,143.72561645507812,-1.031710643615135,2.6823465847007686,-4.920272280282317,-4.977205547943904,-2.497380653643413,1.340647705614508,-0.5391990461899692,4.777197911144057,-0.7903507490515702,1.0139636174796791
44.0,120.0,143.72543334960938,-1.0318595236867498,2.6820279189520395,-4.920963259677052,-4.9770127924516006,-2.497561662311995,1.3407633819008566,-0.5387470665049987,4.777269151269618,-0.7903552730358676,1.0139475834278988
44.0,120.0,143.72549438476562,-1.031380074335528,2.681617915006389,-4.92048935483005,-4.976922837817652,-2.4977507196068727,1.340665848492745,-0.5390178249997737,4.77758229973003,-0.7905223640649446,1.0140563721702112
44.0,120.0,143.72572326660156,-1.0322697308285689,2.682342214763345,-4.919962112156761,-4.976879058931425,-2.497339206521099,1.3410189358564877,-0.5390378450960753,4.777521804457535,-0.7903009862868879,1.0138980058439184
44.0,120.0,143.72543334960938,-1.0316014018276911,2.682278492193035,-4.92055945005775,-4.977101668640596,-2.4979372076918094,1.341038309708943,-0.5390218926245449,4.777597227457621,-0.7904383420562908,1.0140372809670015
44.0,120.0,143.72549438476562,-1.031910900001523,2.682221285209881,-4.920485810584768,-4.97740006518802,-2.4975568039154874,1.3408551724059183,-0.5388988284338678,4.777063560410973,-0.7904434518454666,1.0139856364898403
44.0,120.0,143.7255859375,-1.0318724378439228,2.6821177179299376,-4.92100608991804,-4.977504237857656,-2.497713687518352,1.3405349628631154,-0.5389631769351695,4.777405258131179,-0.7903317953618849,1.0138723777812366
44.0,120.0,143.7253875732422,-1.0316839818388353,2.6821018968782573,-4.920750686076441,-4.976959948256612,-2.4977181295087085,1.340654874984487,-0.538956573543734,4.777676654000052,-0.790403812602773,1.0138619680437089
44.0,120.0,143.7255859375,-1.031519847202298,2.6827776395620218,-4.920734316497437,-4.977048533648095,-2.4976786567585703,1.3408437487827225,-0.5390997296737066,4.777224470257558,-0.7906280723830781,1.0139390682592089
44.0,120.0,143.7254180908203,-1.031674883535287,2.6824231021947176,-4.920362461756907,-4.977342518916428,-2.497495366619757,1.340849840743667,-0.5387513474310666,4.777698818947791,-0.7903901688278356,1.014035302774725
44.0,120.0,143.72549438476562,-1.031784473218656,2.682199411387081,-4.9205985710923645,-4.976768060286214,-2.497241254909877,1.3407737377214204,-0.5390704080764763,4.777783843213163,-0.7905922811214179,1.014046992464969
44.0,120.0,143.7255401611328,-1.0316688729992385,2.682284090399561,-4.920355509051174,-4.976962010049371,-2.4975057827932705,1.3409224343755604,-0.5389348477764475,4.777112048154731,-0.7906914197522488,1.0139855087915135
44.0,120.0,143.7254180908203,-1.031553088958591,2.6820825998488926,-4.920630325971814,-4.977250670694588,-2.4974241785999283,1.3406201022733155,-0.5388823766551001,4.7774164853186,-0.7905382445152274,1.0140240717556417
44.0,120.0,143.72557067871094,-1.0315763255622712,2.682318119639885,-4.920694380678243,-4.977474924377915,-2.497672800050469,1.3405310162655883,-0.5390695931783167,4.778094024934809,-0.7904952162676748,1.0139203944190882
44.0,120.0,143.72547912597656,-1.0317669632764257,2.6820462635298945,-4.921018910582448,-4.977264200286609,-2.497609906013778,1.3407353351247986,-0.5390916812907962,4.77779235511224,-0.7905254755860218,1.014013032096539
44.0,120.0,143.72543334960938,-1.0318572105353518,2.682161341474493,-4.920243984414091,-4.97726732828172,-2.497481928293061,1.340925221275608,-0.5388816359613067,4.777490070611831,-0.7903884678975635,1.0140365751134226
44.0,120.0,143.72544860839844,-1.0317793561437911,2.6822437521992724,-4.920550109352393,-4.977255194765639,-2.497430401838046,1.3406964172430182,-0.53905095122124,4.777350198415148,-0.7905478304050053,1.0139860769860078
44.0,120.0,143.72544860839844,-1.0315481424420252,2.6821886547453646,-4.9204163028220265,-4.977466201317461,-2.497734444993696,1.340723895100063,-0.5389313475454003,4.777869035556604,-0.790331432709225,1.01391207184498
44.0,120.0,143.7253875732422,-1.0317365312911262,2.682255634618384,-4.9205383673967695,-4.977107174240858,-2.49734453478571,1.340838615129548,-0.538805486070876,4.7777582202472,-0.7904422104296529,1.0138512556235586
44.0,121.0,143.72547912597656,-1.0319992691851572,2.682287318444799,-4.920455112643626,-4.977362145105061,-2.497526738003355,1.3405389925061897,-0.5387691262051018,4.777349705200475,-0.7903938255618437,1.014043227036252
44.0,121.0,143.72552490234375,-1.0313039174801442,2.6825855241743346,-4.920557099374507,-4.976956680384174,-2.4973589271695444,1.3409945329036832,-0.5390100533696005,4.777866405587648,-0.7904121754136284,1.013990997744175
44.0,121.0,143.72555541992188,-1.0319395682138244,2.6818493463550928,-4.920253252443047,-4.976942380534121,-2.497639201107159,1.3408982549246629,-0.5391039953719412,4.778004559494162,-0.7904219073004342,1.013878278445146
44.0,121.0,143.7254638671875,-1.0314602854941235,2.6826036530709683,-4.920459207929993,-4.977294004466811,-2.497513813903889,1.3407775980404182,-0.53882878372574,4.778008300907686,-0.7904167051371775,1.0139162115711722
44.0,121.0,143.72540283203125,-1.0318720199296658,2.682378256639732,-4.920311325859428,-4.9773074316311305,-2.497616331133556,1.3408323891551746,-0.5388452748204688,4.777545636051002,-0.790354020962412,1.0139132738069287
44.0,121.0,143.72549438476562,-1.0315652232359196,2.683025302525004,-4.9205155665993,-4.977056551488817,-2.497479494414639,1.3408362244227856,-0.5387648001108136,4.777726216616856,-0.7904444045864363,1.0140203948087665
44.0,121.0,143.72547912597656,-1.0315572077509811,2.6822769710937857,-4.920789745624998,-4.976849378725669,-2.497814000730708,1.3404512676216829,-0.5388748246778787,4.777265934262164,-0.7904473200200712,1.0139297732069688
44.0,121.0,143.7255096435547,-1.0314928224504731,2.682052853879341,-4.9202113557136125,-4.97712135819363,-2.497426347151116,1.3406757057989331,-0.5390490802292716,4.777532810214822,-0.7902946526660299,1.0140831931759484
44.0,121.0,143.7254638671875,-1.0316751186379671,2.682356004470825,-4.920126670327295,-4.977325093948762,-2.4974076084963475,1.340918860119289,-0.5387934023710113,4.777347667953226,-0.7903981092483363,1.013975597266925
44.0,121.0,143.72543334960938,-1.0318076836278962,2.6819035311885786,-4.92053635001138,-4.977206470139151,-2.497700990655458,1.340925758319579,-0.5389356820023705,4.777558150942939,-0.7905687999341202,1.0138780074752418
44.0,121.0,143.7254638671875,-1.0315951581294058,2.682632399079524,-4.920601876961226,-4.97706029296312,-2.497778947034556,1.340772906974637,-0.5390689370520532,4.777248927468811,-0.7904779584960124,1.0139330553747357
44.0,121.0,143.72543334960938,-1.0317764981156423,2.682332683238773,-4.921219053801148,-4.97699581284926,-2.497611424232278,1.3407381418820457,-0.5389615250313486,4.777689119259778,-0.7903864655066961,1.0139658924499244
44.0,121.0,143.72544860839844,-1.0319482069600938,2.682298957136817,-4.920703058491025,-4.977022858589782,-2.4976360589402886,1.3407378697794314,-0.5390447685969608,4.778010703159183,-0.7904378346008842,1.013919899723442
44.0,121.0,143.7254638671875,-1.0316555080708656,2.6820229821770694,-4.921172708304499,-4.976880223344126,-2.4974430646392443,1.34095473609655,-0.5387225991688265,4.777497652602007,-0.790436034255892,1.0139279228406275
44.0,121.0,143.7253875732422,-1.031415249276017,2.682418521664979,-4.920631540917291,-4.976978154115719,-2.497565400505259,1.3405445367637734,-0.5389647536552928,4.777575689623768,-0.7904500391406257,1.013969687319323
44.0,121.0,143.72564697265625,-1.031110716612499,2.682580100743293,-4.920890266840375,-4.977056746903084,-2.497444413741884,1.340778675274751,-0.5391264454849853,4.777324604410493,-0.7905456542430498,1.013917725663104
44.0,121.0,143.72543334960938,-1.0317211834915536,2.682323334040825,-4.920953330128846,-4.976925785267801,-2.4975472047088587,1.3409035468538333,-0.5388407829908193,4.777473208165233,-0.7902579215828816,1.0139752266098565
44.0,121.0,143.72547912597656,-1.0317417892677687,2.6819719952378467,-4.920778379956625,-4.9767754158679605,-2.497623774373759,1.3409773450311544,-0.5388971838053749,4.777118514520083,-0.7904137120726649,1.0138573335733936
44.0,121.0,143.72543334960938,-1.0316946041136204,2.682338092709732,-4.9207043384538975,-4.977328108976077,-2.497404321774746,1.3408084849436062,-0.5389486801991747,4.777481459522777,-0.7906093197428312,1.013968673636354
44.0,121.0,143.7255859375,-1.0318334281371104,2.6823800290350004,-4.920830035084317,-4.976981200461788,-2.49757306931616,1.3410583812272572,-0.5389013079115852,4.777442415544817,-0.7904331599827445,1.013706676454099
44.0,121.0,143.7254638671875,-1.0317085102781904,2.6821797805005687,-4.920724631308075,-4.977430935660687,-2.4974615914450005,1.3408036363939928,-0.5390482723480776,4.777556617327486,-0.7905912870397431,1.01394812166287
44.0,121.0,143.72544860839844,-1.031622437234775,2.6821883330368523,-4.920132475813301,-4.976864997079924,-2.4978660324729924,1.340740879912862,-0.5387795888476887,4.777654022920569,-0.7902970348567804,1.013942340576163
44.0,121.0,143.72552490234375,-1.031311107939401,2.682227838847034,-4.920755154060604,-4.976931667051336,-2.497385902186786,1.3406505322009412,-0.5389763549651079,4.777858800606339,-0.7902913704246544,1.0140985550720387
44.0,121.0,143.72564697265625,-1.0317868930890937,2.6822923277686144,-4.920565622833095,-4.976244182050945,-2.4976247616560032,1.3408412610669505,-0.5389875450521178,4.777894368382572,-0.7903084689292248,1.0137777879330576
44.0,121.0,143.72543334960938,-1.0319614792548832,2.6820661286669223,-4.9204026786329775,-4.977417434316407,-2.497648014130844,1.340925429146238,-0.5387684539584834,4.777596957576463,-0.7904630081324422,1.0140197939793092
44.0,121.0,143.7254638671875,-1.0318741276966268,2.68214266902008,-4.920611725572256,-4.977310705556954,-2.497264645875268,1.340690013144706,-0.5390069758610654,4.777540492963139,-0.7905099771880719,1.0139786397240034
44.0,121.0,143.72543334960938,-1.0316673578922813,2.682217103411065,-4.920195082092647,-4.977389771282622,-2.497413243890888,1.3406558978517404,-0.5388858539704797,4.777623596413573,-0.7904443017340483,1.0138966314703968
44.0,121.0,143.72543334960938,-1.0317764142859014,2.6822800177843185,-4.920381275506786,-4.977111134622711,-2.4973268311831216,1.340666996264237,-0.5389209247589557,4.777342239237331,-0.790470782603026,1.0138667730621034
44.0,121.0,143.7254180908203,-1.0317060289286322,2.681949186127396,-4.920928545431325,-4.977242210736931,-2.497570139051326,1.3408281064205667,-0.5389106519872442,4.777257277789088,-0.7904205378230023,1.0140155750990587
44.0,121.0,143.7254180908203,-1.0318163349316216,2.682669174843872,-4.920663503482225,-4.976945256383493,-2.497744173224857,1.3407011473691313,-0.5388929694944551,4.777461886471082,-0.7906099990890691,1.0140190639922757
44.0,121.0,143.72561645507812,-1.0319702599321987,2.6825709528363824,-4.920703031914104,-4.977508724371314,-2.497407561994476,1.3405306904658651,-0.5387310794054212,4.77783271995113,-0.7905368657685692,1.0138525570426573
44.0,121.0,143.72547912597656,-1.0314850613547195,2.682021824627201,-4.920652610817121,-4.976791080439777,-2.497505366790032,1.340600843318902,-0.5389171146448835,4.77791302578323,-0.7902675045568479,1.0139608039405434
44.0,121.0,143.7253875732422,-1.0316023179809228,2.6821881134949264,-4.920295775027912,-4.976872461277524,-2.4978039738196007,1.3408473237580392,-0.5389358134842537,4.777309118365318,-0.7904203117278037,1.0139374058752555
44.0,121.0,143.7254638671875,-1.0318122313879914,2.6819762427776137,-4.920404994327485,-4.976939896455347,-2.49734115115632,1.3406563154201845,-0.5387377453525186,4.777428326892315,-0.7905884711060942,1.0140210089902846
44.0,121.0,143.7254638671875,-1.0316530425726942,2.681911478002962,-4.921067341531723,-4.97711938790348,-2.497798939194418,1.3409140560867927,-0.5388147058190098,4.777950978654946,-0.7904334582285628,1.013912747400347
44.0,121.0,143.725341796875,-1.0316039766835303,2.6822957263576086,-4.920508853966776,-4.9769250241410745,-2.4977642853608013,1.3407464109612288,-0.538888386841645,4.777623147113424,-0.7905177439600273,1.0140513415729924
44.0,121.0,143.72537231445312,-1.0314997945503943,2.6826175851024656,-4.920568209575184,-4.976991886091371,-2.497704193852714,1.3406388508795155,-0.5389175325518769,4.777609087796051,-0.7904570389130905,1.013929490671444
44.0,121.0,143.7255096435547,-1.031860033447936,2.6820381802537527,-4.920901836346816,-4.97731609307271,-2.4972081336330416,1.340920401845766,-0.538872055872849,4.777709178146042,-0.7903593600006218,1.0139637476862011
44.0,121.0,143.7255096435547,-1.0316497938297142,2.682027806569072,-4.920877575303014,-4.97680139862955,-2.497689995362313,1.340713518694768,-0.5391671819977457,4.777728086307009,-0.7905422016947119,1.013855391489292
44.0,121.0,143.72543334960938,-1.0314355089546772,2.682072637105196,-4.920493595491114,-4.9773666493158215,-2.4974463780713085,1.3409656772821048,-0.5388195738792039,4.777572459079508,-0.7903766973911743,1.014014805673157
44.0,121.0,143.72544860839844,-1.0315383635699762,2.6820191010149017,-4.920267051808475,-4.976596267682711,-2.4977295619540123,1.34096852486386,-0.5389985688548613,4.777486202187532,-0.7904669118167433,1.0139609408675536
44.0,121.0,143.72544860839844,-1.0317337640222912,2.6826241092918472,-4.920506199209674,-4.977118291667056,-2.497751795969516,1.340817214413291,-0.5390200794018618,4.77722843051653,-0.7904675836786321,1.01389607235948
44.0,121.0,143.72564697265625,-1.0318155473789563,2.682229890779489,-4.921106721474908,-4.977274325485186,-2.49718879333877,1.340746461227516,-0.5391905465076494,4.777561494927056,-0.7905243004798672,1.0139187428047496
44.0,121.0,143.72549438476562,-1.0318109062319651,2.6822627918831863,-4.920821596343921,-4.977039928624766,-2.4976745495470123,1.340725673151491,-0.5390702221210333,4.777503942227227,-0.7905762044763884,1.0138047129884074
44.0,121.0,143.7254638671875,-1.0318005399070316,2.682038134968229,-4.920369977128716,-4.976912677396564,-2.497898278652737,1.3408964251669175,-0.5389292766203768,4.7775422045127165,-0.7904746493323076,1.0141589555602586
44.0,121.0,143.7253875732422,-1.0316822366822436,2.682172066406255,-4.920829859056629,-4.9769281356697785,-2.497381571918014,1.3407067149389178,-0.538801779668824,4.777574222321286,-0.790502524156004,1.0138638701346858
44.0,121.0,143.7254638671875,-1.031715959070283,2.6822154186591662,-4.92069271152461,-4.976883081785397,-2.497828794602206,1.3408945140647113,-0.5386132260157064,4.777699020379462,-0.7902607749754997,1.0139973021360795
44.0,121.0,143.72547912597656,-1.0314989805917492,2.682394962211037,-4.920934232683668,-4.976745205933334,-2.497767999063281,1.340860809108504,-0.5388432231574196,4.777146647229749,-0.7904036394871099,1.0140384093879753
44.0,121.0,143.72547912597656,-1.031697331468501,2.682187817728387,-4.921147715963577,-4.9770805787936405,-2.497757032612977,1.3407326868968052,-0.5388275793256252,4.777732418999019,-0.7903009970149961,1.013841431372616
44.0,121.0,143.7253875732422,-1.0316736790229497,2.6821770244356182,-4.920879039394302,-4.977114866277618,-2.497848594934393,1.340944040024752,-0.5388909448211017,4.777612327209953,-0.7903746710727013,1.0139329054746955
44.0,122.0,143.7255401611328,-1.031431767162915,2.682071062019763,-4.9204760737995885,-4.976902732393485,-2.497726581143977,1.3409525062358574,-0.5390454445556037,4.777288250120588,-0.7904798052012811,1.0137842075677126
44.0,122.0,143.72543334960938,-1.031604853962989,2.6825964517792453,-4.920710090410928,-4.976818039020489,-2.4978351512657584,1.3408007064422156,-0.5389304538670858,4.7771949816505135,-0.7903860704339323,1.014013611912917
44.0,122.0,143.7254180908203,-1.0318781376588122,2.68223120565702,-4.920576491987623,-4.977297856724109,-2.497555330779379,1.3410185501059155,-0.5388199375326428,4.77764832570087,-0.7905031809570122,1.0138894064149824
44.0,122.0,143.72543334960938,-1.0315924202291376,2.682130737120543,-4.920667495110922,-4.976611011718466,-2.49758851769563,1.3407983159870265,-0.5388224450557191,4.777430186879675,-0.7903043066335673,1.01406418029093
44.0,122.0,143.72555541992188,-1.0318326277395764,2.682104175234354,-4.920712318518455,-4.977444240011042,-2.497977746012825,1.3405893348536804,-0.5391040761880834,4.777575045194849,-0.790401735888528,1.0139596289777677
44.0,122.0,143.72552490234375,-1.031771729469611,2.682364034674479,-4.920425634607261,-4.977151148043762,-2.49792254740872,1.341108785723807,-0.5387162184406122,4.777709638906117,-0.790362303505308,1.0140997001151604
44.0,122.0,143.7256622314453,-1.0317079938334035,2.682292816048662,-4.920586814414775,-4.977556697333386,-2.4976490133335245,1.3411318891085608,-0.538774465664388,4.778029505676985,-0.7903364745241586,1.0138062663549672
44.0,122.0,143.72544860839844,-1.0316506372594532,2.6822989609508987,-4.920799329166519,-4.976994185594008,-2.497770457720775,1.3406574246648697,-0.5390517491806124,4.77763691268243,-0.7906273117392413,1.013925108459004
44.0,122.0,143.72547912597656,-1.031532902438487,2.681745731081455,-4.920945564809816,-4.977422017220161,-2.4975709584729726,1.3407855383869816,-0.5388590135454834,4.777509560526937,-0.7904919121353968,1.0139799953373974
44.0,122.0,143.72543334960938,-1.0315160313780538,2.682580808875632,-4.920121411205582,-4.977072470210255,-2.4976519664179246,1.3409189843991465,-0.538834999852595,4.777458087379156,-0.7904964849441711,1.0140241311901832
44.0,122.0,143.72537231445312,-1.0315159657454092,2.6822611069771787,-4.920827986066501,-4.976947533622482,-2.497583005595972,1.3406041463996408,-0.5388490193958839,4.777410770877681,-0.7904314491957258,1.0139960498669076
44.0,122.0,143.72543334960938,-1.0315282905729806,2.682558855341151,-4.920674079019301,-4.977174337703362,-2.497631875109276,1.340799963150121,-0.5389456912259147,4.777616226968213,-0.7903323195826459,1.0138656236437482
44.0,122.0,143.72543334960938,-1.03122033036506,2.682313211041105,-4.920658905904992,-4.976988325119726,-2.497737800452662,1.3406703547329313,-0.5389401883631981,4.777757079339985,-0.7904149156555809,1.0140346465608827
44.0,122.0,143.7254180908203,-1.0314846097811707,2.6821658741700194,-4.920058583988436,-4.976838268312446,-2.497556641878885,1.3407951867423051,-0.5388454450429911,4.7776425588108165,-0.7904814867656746,1.0140451417411755
44.0,122.0,143.72552490234375,-1.0313333342613418,2.6823246510668994,-4.920209898966339,-4.977197875334657,-2.4978926693874626,1.340743900345494,-0.5388941943962235,4.7774977743216684,-0.7906719571024663,1.0139363672212376
44.0,122.0,143.7254180908203,-1.0315536668384957,2.6825094877933564,-4.920808531588951,-4.97716674104348,-2.497508389106182,1.3406367877552725,-0.5389353000846899,4.777420055172733,-0.7904195948214001,1.014001922666143
44.0,122.0,143.7253875732422,-1.0317644253288498,2.682429666900058,-4.9209109924288565,-4.976941728085068,-2.497656927877649,1.34062940648315,-0.5387869299493069,4.777580656042135,-0.7903488426270631,1.013942410940106
44.0,122.0,143.7254180908203,-1.031554991236994,2.6819884299934955,-4.920670618262261,-4.976787427789947,-2.497625102930965,1.341055603240231,-0.5389084189494895,4.777484431994925,-0.790383432338075,1.0140480889545378
44.0,122.0,143.72540283203125,-1.03154016902028,2.682480529429744,-4.920607926571909,-4.977001021347827,-2.49780635752797,1.3406810551458728,-0.5389221491913236,4.777570143963683,-0.7904114855624913,1.0138371263515342
44.0,122.0,143.7254180908203,-1.0315509592928844,2.6822697139637324,-4.920877961141163,-4.977101726195744,-2.4976907778291912,1.340745519860179,-0.5389916025241703,4.777653636356794,-0.7904540706850582,1.0141254934321706
44.0,122.0,143.72535705566406,-1.0314809819377937,2.6824305689025483,-4.920644242337873,-4.976941914173056,-2.497765079104133,1.3407879881160838,-0.5387949130568828,4.777543798628882,-0.7904946631885981,1.0139151378388096
44.0,122.0,143.72549438476562,-1.0314797426035396,2.682359023823877,-4.920985267463569,-4.976861745544997,-2.4976310954462804,1.3404647955976945,-0.539025590080545,4.777588802314526,-0.7905338939910429,1.0139748058751952
44.0,122.0,143.72540283203125,-1.031560577121113,2.6819944019460875,-4.920837324059853,-4.976969347805349,-2.497382408950604,1.3406569940895077,-0.5389263644081268,4.777560175520515,-0.790511228891905,1.0139047726014114
44.0,122.0,143.72540283203125,-1.031579843259563,2.6825176421689623,-4.920303001521385,-4.976821530594839,-2.4977884224108173,1.3408378643746044,-0.5388877395527603,4.777496831378503,-0.7903447021421783,1.0139847622642524
44.0,122.0,143.72543334960938,-1.0315870634379265,2.68221717403422,-4.920371262407875,-4.977153089060625,-2.4977366903277054,1.340789267618745,-0.5388261427269985,4.777257420343911,-0.7903108893948936,1.014052184834803
44.0,122.0,143.72549438476562,-1.0316913787332809,2.682853532966304,-4.920658257019722,-4.976773829164533,-2.4974195677172526,1.3407926478889038,-0.5390001336239134,4.777543804220048,-0.7904498757466154,1.013877660423721
44.0,122.0,143.725341796875,-1.0314126179273764,2.6823207758418466,-4.920578422996936,-4.977154203775509,-2.4976473773326484,1.3408394475432486,-0.5389050859002378,4.77755047416697,-0.790486814361878,1.0139903905526335
44.0,122.0,143.7254638671875,-1.031713689244108,2.6820105874779987,-4.921012206303371,-4.977425104216811,-2.4977157316282605,1.3410015356059972,-0.5388190499252223,4.777547766080275,-0.7904280920266009,1.0139304696324878
44.0,122.0,143.725341796875,-1.031732239770398,2.6824627769762426,-4.92057401834675,-4.977076252151655,-2.497701283152592,1.3408015853865862,-0.5389322615430503,4.777718216395339,-0.7903571654965571,1.0139570382974965
44.0,122.0,143.7254180908203,-1.031362423048165,2.6818265188681254,-4.920398446407126,-4.97689266633766,-2.497815055006862,1.340836371512566,-0.5388763371813905,4.777439324611592,-0.790472235867087,1.0140192927724223
44.0,122.0,143.72537231445312,-1.03178909435678,2.682243215321201,-4.920406047157619,-4.976864488971322,-2.497534614452164,1.340703985532916,-0.5388379970235082,4.777566506484378,-0.7903219280983969,1.0139898478601417
44.0,122.0,143.72543334960938,-1.0317870100290474,2.682459986696529,-4.92041762107453,-4.97689514492244,-2.497618172023369,1.3408123423216702,-0.538744708304332,4.777496708637187,-0.7905359976134614,1.0141421311389545
44.0,122.0,143.72544860839844,-1.0318687393769648,2.682502853403954,-4.92037542075995,-4.9768752884103264,-2.4974920918403765,1.341020268125222,-0.5387004446257748,4.777456747855389,-0.7903258294764814,1.0139816882214632
44.0,122.0,143.72547912597656,-1.031518965845665,2.682754822345194,-4.92008652754939,-4.977039748912625,-2.497848185277717,1.3408311863958424,-0.538816619986604,4.7777327163043175,-0.7905118716208825,1.013943785802013
44.0,122.0,143.72537231445312,-1.0315379119450978,2.681959820147802,-4.920668749868985,-4.976815078979322,-2.49778055753378,1.3408091325847602,-0.5388314568555153,4.777416552292813,-0.7904874126741666,1.0138882680325525
44.0,122.0,143.7254638671875,-1.031878801177,2.682136183573025,-4.9203010248122965,-4.977290997476425,-2.497703424892169,1.3408369987444502,-0.5390584332794282,4.777652701137413,-0.7905988816845646,1.0139485882610808
44.0,122.0,143.7254638671875,-1.0316206741016698,2.6825152715565705,-4.920412698159856,-4.977399922538544,-2.4978075265641584,1.3409774335736877,-0.5387820663422414,4.777512006041063,-0.790480823667485,1.0141060327949756
44.0,122.0,143.72540283203125,-1.0317279024495205,2.6819063082417083,-4.920694401590042,-4.977092693976724,-2.4974792868233147,1.3408079049727295,-0.5386921950147263,4.777430654606375,-0.790374623517839,1.0140541324725838
44.0,122.0,143.72549438476562,-1.0318253592556976,2.682463329842638,-4.920617467062882,-4.976941014301946,-2.497720305832108,1.3409689747377165,-0.5389263168960685,4.777096465945027,-0.7905971483982102,1.013950778346727
44.0,122.0,143.7253875732422,-1.0316435232846244,2.682284314376396,-4.920897886549281,-4.976806047102896,-2.497522204409313,1.3405744624693403,-0.53882568258161,4.77755052375025,-0.7904301847641708,1.0139290706540995
44.0,122.0,143.72544860839844,-1.0314135285708683,2.682484381166637,-4.920486854215986,-4.97661475272264,-2.497650972530652,1.3405915865490936,-0.5389526826930968,4.777385003233384,-0.7904349586857844,1.013929480227841
44.0,122.0,143.7253875732422,-1.0317525313000555,2.6822342038409417,-4.9205045257011815,-4.977061467635635,-2.497773608560987,1.3409826542236978,-0.5389731333401748,4.777467885440261,-0.7903673880380371,1.0139837075850897
44.0,122.0,143.72535705566406,-1.031756157623195,2.682395653026078,-4.920485228031967,-4.9772628584932095,-2.497570718396238,1.3408370393613644,-0.5389817862894528,4.777609640947594,-0.790469978946053,1.0139622734647515
44.0,122.0,143.72549438476562,-1.0314688922800874,2.682292050845664,-4.920037978519708,-4.977284913876403,-2.497892035761692,1.34064443783525,-0.5388962305804581,4.777500821739606,-0.7905347262870972,1.014030691245039
44.0,122.0,143.7254638671875,-1.0314924152381093,2.6824270290264964,-4.920497067840873,-4.97704438891448,-2.49742670731742,1.3408362662752928,-0.5385429554757835,4.777612114666548,-0.790505792775706,1.0140197208867825
44.0,122.0,143.725341796875,-1.031745214987589,2.682044822775974,-4.920290651237902,-4.976920290884581,-2.497558837422132,1.340687484561923,-0.5388245334366424,4.777566338973189,-0.7904975627194739,1.0139640381021078
44.0,122.0,143.7254180908203,-1.0314734896146254,2.682069990289312,-4.92040352155074,-4.977257572010876,-2.4974859920980945,1.3408061623633447,-0.5389625043929867,4.77762069372503,-0.7905094142120426,1.0138561754369595
44.0,122.0,143.72537231445312,-1.0315223062191805,2.6824570627171083,-4.920551316222713,-4.97672204478704,-2.497865377523878,1.3408409803952273,-0.5389490457954622,4.777643642606972,-0.7904771163727382,1.0139273917990668
44.0,122.0,143.72540283203125,-1.0315943793951412,2.682111612421493,-4.920514021137556,-4.977257020769778,-2.4974657085890795,1.3407866794546486,-0.5388048181844409,4.777698860626389,-0.7905883010022627,1.0139325839776712
44.0,122.0,143.7254638671875,-1.031791356678311,2.6820643220310973,-4.920428259096749,-4.976911917264372,-2.4976783062579337,1.3409436070196614,-0.5389751549849251,4.777359574066789,-0.7903880546274609,1.013814237447917
44.0,123.0,143.725341796875,-1.0314846923310743,2.6822972965145304,-4.920705140018365,-4.976865004472391,-2.4976264457520934,1.3407614716233525,-0.538731927381944,4.77762358794091,-0.7905053943280151,1.014007417650661
44.0,123.0,143.72540283203125,-1.0315921388360687,2.682109930224936,-4.920662830200488,-4.976768680873213,-2.497398220588891,1.340797372738284,-0.5387615864527016,4.7773360519814165,-0.7903882945379763,1.014043329183549
44.0,123.0,143.7254180908203,-1.031613156738993,2.6823503299937563,-4.920846807123281,-4.976732314333535,-2.497676940643389,1.3406651068733684,-0.5388246180180385,4.77743027858099,-0.7906201171426179,1.0139298048719103
44.0,123.0,143.72535705566406,-1.031516523539107,2.682449291094516,-4.920388525636369,-4.976820036819009,-2.4977694125866714,1.340768341252044,-0.5388201629511977,4.777708349877516,-0.7904237761423154,1.01393770564715
44.0,123.0,143.72537231445312,-1.031674670262289,2.682543735591388,-4.920527032804287,-4.976980163276753,-2.4974989535169225,1.3406386190658708,-0.5387320883952684,4.777718415158873,-0.7905019849402954,1.013998599507295
44.0,123.0,143.725341796875,-1.0317818017474076,2.682220937595728,-4.920862450283962,-4.976805573665434,-2.497624577602493,1.3407913236698388,-0.5388442011647365,4.777744370169897,-0.790385435279715,1.0139489267663224
44.0,123.0,143.72543334960938,-1.0317533092589453,2.6818689983714794,-4.920440800504654,-4.977341293320316,-2.497373490640163,1.34074456358952,-0.5388002790793225,4.777664555359667,-0.7904994569996964,1.0138995079253732
44.0,123.0,143.72535705566406,-1.0317239711896669,2.682110082068294,-4.920409275195464,-4.976836079776743,-2.4976726316164126,1.340812301928759,-0.5387102030417301,4.777616167988809,-0.7904604232372394,1.0139065601189865
44.0,123.0,143.7253875732422,-1.031640902453722,2.6822669721353174,-4.920596374682338,-4.976849505890319,-2.497792018350558,1.3409004205714368,-0.5389429878323426,4.7776895237274495,-0.7904806788829912,1.0138367492660807
44.0,123.0,143.72532653808594,-1.0315703007202908,2.682280078288586,-4.92065898252618,-4.976911270013717,-2.4977548805924323,1.3407736725685029,-0.5387583183200135,4.777428858112385,-0.7904332238898064,1.0139748419474524
44.0,123.0,143.72547912597656,-1.0314809419196829,2.682215213038696,-4.920383889910229,-4.976809204553804,-2.497656943142863,1.3409867333026382,-0.5389226542726107,4.7778014683702725,-0.7903259362757478,1.0141419941652805
44.0,123.0,143.72543334960938,-1.0313088323479342,2.6824494991508265,-4.920339002270291,-4.976923141786092,-2.497585687655849,1.3406178485786435,-0.5389324290281303,4.777823925967788,-0.790413018095232,1.0139300765541872
44.0,123.0,143.72537231445312,-1.0316812490793588,2.68233150684141,-4.920794169747223,-4.977119014178014,-2.497508322251221,1.3406935005660152,-0.538877652267022,4.777641409246609,-0.790456814613977,1.013857307506855
44.0,123.0,143.7254180908203,-1.0317472007155937,2.682078119708672,-4.920601543046615,-4.977177940212254,-2.4976877360074505,1.3407145108274952,-0.5390923389679205,4.777767656946519,-0.7905433253542142,1.0139358821094344
44.0,123.0,143.7253875732422,-1.0316313146427012,2.681954552865447,-4.920665916510679,-4.977010959864267,-2.4975482522097447,1.3408079145133414,-0.5386986832141405,4.777819145799246,-0.7903858987807677,1.013900077719473
44.0,123.0,143.72537231445312,-1.0315747977390446,2.682399702864351,-4.920500668749451,-4.977014297946687,-2.4976112929803618,1.3407920950897338,-0.5387584263632936,4.777670288540307,-0.7905990885809482,1.0139863082763725
44.0,123.0,143.72540283203125,-1.0316239197210375,2.6822966239267725,-4.920876464860994,-4.97699142056546,-2.497950246963901,1.3409051221586257,-0.5387651854616307,4.77752879419635,-0.7903510036924501,1.0139569276685323
44.0,123.0,143.725341796875,-1.0315742847250051,2.682355677955837,-4.920522590552574,-4.977009643589121,-2.4976399988886007,1.3406309093965805,-0.5389025716791647,4.777639476830437,-0.7904083184566959,1.014027369900024
44.0,123.0,143.72537231445312,-1.0318592499818822,2.6823820498172646,-4.920520414185885,-4.977109562055312,-2.497591020448098,1.3407617448122675,-0.5388729104638177,4.777755464725741,-0.790396464941046,1.0138688235040405
44.0,123.0,143.725341796875,-1.031781095061295,2.682084480122394,-4.920518254306829,-4.977198901537503,-2.497618324333029,1.3408573624692064,-0.5388520770551999,4.7774858439099965,-0.7904581921262119,1.013933114806944
44.0,123.0,143.725341796875,-1.0315091604946804,2.68219047044618,-4.920659031844799,-4.97705927593927,-2.4977046771847715,1.3407543492899237,-0.5387516487931876,4.777697727053472,-0.7903861038885704,1.014040437276437
44.0,123.0,143.72537231445312,-1.031880162677055,2.682405229343246,-4.920938055948112,-4.9771504632284165,-2.4976035905434584,1.340723757169898,-0.5388337345520853,4.7776570929745645,-0.7904853108612695,1.0139716528087428
44.0,123.0,143.72540283203125,-1.0315849178208731,2.6824158280288737,-4.920446240140407,-4.977104157342009,-2.4978119928542206,1.3408306726292842,-0.5387563352113931,4.777462786627185,-0.7905988961575572,1.013903522007018
44.0,123.0,143.72543334960938,-1.0317778592979927,2.682431036474515,-4.920438199814278,-4.976882974669075,-2.4975808725335984,1.3405643865413062,-0.538819706831223,4.777454957294941,-0.7903114975245122,1.0138774761440974
44.0,123.0,143.72537231445312,-1.0315883403327804,2.682369920044655,-4.920408066414773,-4.976996177867818,-2.4976288747502933,1.3408618952198248,-0.5388857284346109,4.7774722075574605,-0.7904766345476499,1.0138473407230997
44.0,123.0,143.72535705566406,-1.0315756484198229,2.682292263734361,-4.920435302661288,-4.977121037647601,-2.4977362759552286,1.340809097467516,-0.5388884767369309,4.777486076989536,-0.7903495419245301,1.0139943820973354
44.0,123.0,143.72543334960938,-1.0315623765416435,2.6825825245120614,-4.920753763865219,-4.977063907603093,-2.4976109047590955,1.3409437912327515,-0.5388004089532741,4.777692843240494,-0.7902896865439111,1.013944674901773
44.0,123.0,143.72543334960938,-1.031650505771338,2.6827731303497018,-4.920201636310735,-4.977091085762754,-2.4975033010147425,1.3407337064552198,-0.5388799555517174,4.77770168987216,-0.7904622169057234,1.0139698803724118
44.0,123.0,143.72537231445312,-1.031719565212689,2.682374394993464,-4.920920855274469,-4.977006165521692,-2.4974688286971536,1.3407560518138304,-0.5388703739526672,4.777657130857032,-0.7904984471885692,1.0139039785789483
44.0,123.0,143.72543334960938,-1.0319599028904485,2.682280835185205,-4.920641837593659,-4.976942051564727,-2.497504285194243,1.3408401427001897,-0.538878391830437,4.777865020231124,-0.7905043656649848,1.013817155364288
44.0,123.0,143.72544860839844,-1.0317061309598206,2.6824538329916088,-4.92046876382659,-4.977566779239754,-2.4977478822209287,1.3408715706344037,-0.5388864262272115,4.777603151526881,-0.790427775124857,1.0140301826967535
44.0,123.0,143.7253875732422,-1.0316266584504472,2.682165961543083,-4.920269377975215,-4.976867441536175,-2.497780377936261,1.3407724950862612,-0.5388092554988164,4.777303060064405,-0.7904699471692203,1.0140433788594445
44.0,123.0,143.7253875732422,-1.0314492841264928,2.6825170432305505,-4.920792232407935,-4.9771668946108845,-2.497565324761861,1.3406970449180386,-0.5389160775307111,4.77753053097681,-0.790439851037827,1.0138964002838922
44.0,123.0,143.72543334960938,-1.0313866346448028,2.682077909399455,-4.920251352611617,-4.976893427225387,-2.4976353812119774,1.3407246728012057,-0.5388669665586914,4.777462440535359,-0.7905891837838386,1.0139017761609956
44.0,123.0,143.72540283203125,-1.0315913737031872,2.6819337690656564,-4.92062813374121,-4.976913192612127,-2.4976808339962715,1.3408578570180696,-0.539015307042713,4.777545720928455,-0.7905920719813677,1.0139920396742186
44.0,123.0,143.725341796875,-1.0317861406973885,2.682079167587185,-4.920343333550153,-4.977003639167309,-2.4975717043026915,1.3406949266232706,-0.538719777387823,4.7776576969086495,-0.7904518264293401,1.013989440292483
44.0,123.0,143.72535705566406,-1.031574537254489,2.6821698776058858,-4.920391382937448,-4.976872305005042,-2.497627799401661,1.3407599591574746,-0.5389756737215947,4.777506155964064,-0.7904470913219637,1.013889826501714
44.0,123.0,143.7254638671875,-1.0315344430570228,2.68258088215068,-4.920641870266388,-4.976918572475454,-2.497360774846749,1.3407879775350668,-0.5388072592971813,4.777556864547677,-0.7905729064926916,1.0138366988551368
44.0,123.0,143.7253875732422,-1.0318352095471646,2.682320530527712,-4.92054540643631,-4.9771905180870935,-2.497472176730011,1.3410447293903776,-0.5389111539408633,4.7776240597556825,-0.7904895650767427,1.0139706349370012
44.0,123.0,143.725341796875,-1.0314736009871983,2.682330266909272,-4.920479675217535,-4.976992466085184,-2.497654670859375,1.340728296418554,-0.5388204355800461,4.777524358064301,-0.790505290503063,1.0139474938630393
44.0,123.0,143.72537231445312,-1.0315656109864235,2.682567600570499,-4.920446487890516,-4.977057552015049,-2.4975487158769294,1.340705615616983,-0.5388339613261728,4.7775088026479136,-0.7905603627975992,1.0139821241113554
44.0,123.0,143.7253875732422,-1.0316813346466462,2.682482545161512,-4.920400376120814,-4.977111358063138,-2.4976168822419966,1.3408721690568122,-0.5390136932403635,4.77750645498076,-0.7905507802345548,1.01396983309043
44.0,123.0,143.7254638671875,-1.031484664991576,2.682302361130615,-4.920985136895142,-4.977116046446501,-2.4979560618658385,1.3406777291233185,-0.5389756638546856,4.777388936725391,-0.7903792722165193,1.0139551532069966
44.0,123.0,143.72540283203125,-1.031684628544312,2.6824984096048468,-4.920669841398776,-4.977004581258826,-2.4977093266942925,1.3406919478330863,-0.5389794589262289,4.777694677708414,-0.7903307086633484,1.0138790644987248
44.0,123.0,143.7254180908203,-1.0316539288580135,2.6826979045682027,-4.920439530702396,-4.976710976158134,-2.497644322813884,1.3407205455944131,-0.5389436495443114,4.77760145482417,-0.790423578493261,1.0139046952759587
44.0,123.0,143.72535705566406,-1.031550592945225,2.68204792778017,-4.920589446536418,-4.976853198936522,-2.497451228557503,1.3407764798803097,-0.5389585143739204,4.777614848997787,-0.790474849107202,1.0139198761526105
44.0,123.0,143.72543334960938,-1.0315431412597291,2.6824301512248923,-4.920740973501373,-4.977027243880232,-2.497811056061612,1.3407470027468902,-0.5391182724634627,4.777576212754873,-0.7903964536653776,1.0139734908104543
44.0,123.0,143.72532653808594,-1.0317198616740615,2.6823436219641827,-4.920474458232649,-4.977053292992958,-2.4975205740331714,1.3406892566822703,-0.5387618706618893,4.7775965955542805,-0.7904214314591487,1.0140074649153972
44.0,123.0,143.72537231445312,-1.031462828095247,2.6822991038140085,-4.92057725397434,-4.976986300828533,-2.4976589346105484,1.3409113344745114,-0.5387844658220144,4.777340739873274,-0.7904033385191775,1.014047496101259
44.0,123.0,143.7255096435547,-1.0318642320861988,2.682195776306205,-4.920095382915641,-4.977219472723927,-2.497227561885592,1.34060432859349,-0.5387363642839293,4.77770978806401,-0.7904705793587317,1.014017469420354
44.0,124.0,143.72537231445312,-1.03156934820489,2.681911410126854,-4.920575316812604,-4.976987108500957,-2.497683598694647,1.3408162092178555,-0.5388013353491248,4.777397960652005,-0.7903949438693925,1.0140747244536508
44.0,124.0,143.7253875732422,-1.0317465637272183,2.682193673488534,-4.920644329176008,-4.9770307379685805,-2.4976654175883315,1.3405971188716492,-0.5390185221466428,4.777715662119821,-0.7905410602438927,1.0139180789636717
44.0,124.0,143.725341796875,-1.031750988280468,2.682149185941281,-4.920476110033564,-4.97685859819871,-2.497641706522719,1.3407131002603387,-0.5388398157571643,4.777390999919348,-0.7904518470290682,1.0139406864456024
44.0,124.0,143.72540283203125,-1.03183193544354,2.682205141736179,-4.920285080555253,-4.977064291958369,-2.4973891211804284,1.3408553114755222,-0.5388564006700065,4.777874388685873,-0.790394478381609,1.0139369484131011
44.0,124.0,143.7254180908203,-1.0314520912611949,2.6822875980790952,-4.920377102007033,-4.977286003718428,-2.4976062676035578,1.3408738347477414,-0.5388030790623164,4.777712106893956,-0.7903679506808023,1.0138957755923723
44.0,124.0,143.72544860839844,-1.0317069026920933,2.682466626218387,-4.920344672018044,-4.976810131999191,-2.497589411884027,1.3408207316698224,-0.5387781318852802,4.777197118725029,-0.7904509677772156,1.0138581598716057
44.0,124.0,143.7253875732422,-1.0316732525782153,2.682101780877552,-4.920238430586211,-4.977059717734759,-2.4975494948410217,1.340677595889148,-0.5388259842677643,4.777282415611378,-0.7904234465284921,1.0139686686510263
44.0,124.0,143.7254180908203,-1.031671382086869,2.681912115320965,-4.920691146797388,-4.977125542914937,-2.497393495792511,1.3408949485089303,-0.5388828378640174,4.777628047950625,-0.790363389388328,1.0140676564920523
44.0,124.0,143.725341796875,-1.031715777428576,2.6823023384120788,-4.920556125950726,-4.977094610204792,-2.497849583080398,1.340797258308669,-0.5388315478000134,4.777448623955054,-0.7904789581079905,1.0139617130157577
44.0,124.0,143.72535705566406,-1.031520162915736,2.6822906865509912,-4.920610114025337,-4.976869470740462,-2.4976718022049367,1.340762886041099,-0.5386620697185984,4.777514009503292,-0.7904067728131521,1.0140238830690107
44.0,124.0,143.725341796875,-1.0316596021846998,2.6823118079787056,-4.920598859738675,-4.976837518315199,-2.4977559552648114,1.3408100757092711,-0.5388256872066552,4.777615658259206,-0.7904935972674245,1.0140410095826482
44.0,124.0,143.7253875732422,-1.0316257096089352,2.6819928139963354,-4.920559737480152,-4.97707390578147,-2.497765775851622,1.3405561405418889,-0.5387272309354572,4.777663881786683,-0.7904969498818213,1.0139819557433103
44.0,124.0,143.7254638671875,-1.0317188688758323,2.682592828998586,-4.920529017379659,-4.977253406259255,-2.4973525745985303,1.3406886242737448,-0.5390117160938468,4.777497292670823,-0.7904659031184256,1.0138825052347586
44.0,124.0,143.725341796875,-1.03170427845882,2.682341748698569,-4.920743461299451,-4.9767541031804905,-2.4976483223095074,1.3408106760099976,-0.5388251056571693,4.777782510672841,-0.7904430718462034,1.0139618741848766
44.0,124.0,143.7253875732422,-1.031664232625778,2.6822405774811955,-4.920683092904129,-4.976837957462564,-2.497253785959809,1.3406925743979965,-0.5388276594420818,4.777816192167389,-0.790451700627413,1.0140035367489233
44.0,124.0,143.72543334960938,-1.0314360536564495,2.682220197765812,-4.920265925554939,-4.977329148700769,-2.497658444916389,1.3406559627026535,-0.5389704390724068,4.777690124640355,-0.7904989896616277,1.0139989462210677
44.0,124.0,143.7254638671875,-1.0315698790872263,2.6822212621941963,-4.9211029794452825,-4.976746986779576,-2.497673389174458,1.340832017356847,-0.5388025638440368,4.777318706062427,-0.7903078237510623,1.0139188464349385
44.0,124.0,143.72535705566406,-1.0318583245380202,2.6819314244075168,-4.920406234788282,-4.977095696984545,-2.497662634832559,1.340743867796629,-0.5387775740933352,4.777428458573244,-0.7904559596474172,1.014008382890193
44.0,124.0,143.72537231445312,-1.0316540238482808,2.682070814295595,-4.920766869655242,-4.977141208082057,-2.4975830299798343,1.3409311749469168,-0.5387531112137509,4.777652075522131,-0.7905041163152502,1.014067815429495
44.0,124.0,143.7253875732422,-1.0315922037791818,2.682089297452107,-4.920283148317633,-4.9767454560727655,-2.497658187539458,1.340715418400463,-0.5388230115975956,4.777681490434109,-0.7903173823545986,1.0139748155179564
44.0,124.0,143.72552490234375,-1.0318532405002614,2.6821207667618365,-4.920726514313983,-4.977312727720229,-2.49721786583946,1.3406418569957808,-0.5387779782922211,4.777191294170928,-0.7904800313480447,1.0140491281324646
44.0,124.0,143.725341796875,-1.031549816337998,2.682088333355214,-4.920696912750117,-4.9768131777330025,-2.4977879819292754,1.3407167376583289,-0.5387823846668454,4.7775609453190615,-0.7904314206281953,1.014024389050972
44.0,124.0,143.7253875732422,-1.031625658476418,2.6820582662408823,-4.920855972508402,-4.976975896958929,-2.497521301507017,1.3407410531463275,-0.5389961445798708,4.777495453742153,-0.790407586444954,1.013900807407779
44.0,124.0,143.72540283203125,-1.0313976174517885,2.682431419635352,-4.920461721805558,-4.9767239627795625,-2.4976821994638696,1.340830766327489,-0.5387752922954618,4.777660481032571,-0.7904205207127042,1.0140750548964643
44.0,124.0,143.72540283203125,-1.031527640787156,2.682396998172597,-4.921010955209747,-4.977163888806259,-2.497556928248972,1.3407105285338394,-0.5388358456019962,4.777611134952712,-0.7903571849827253,1.0139775546429188
44.0,124.0,143.72547912597656,-1.0317430455549177,2.68216738871094,-4.920431258002325,-4.9770338834682,-2.4975361783284904,1.3404504939064663,-0.5390198294278159,4.777726866451836,-0.7904539556241801,1.013836668544096
44.0,124.0,143.7253875732422,-1.0317841480738572,2.6825764054312726,-4.920589010081553,-4.9769379249037975,-2.4976612623255083,1.340753628728275,-0.5387989973352454,4.777442217991126,-0.7904875072332338,1.0140802231537736
44.0,124.0,143.72532653808594,-1.0316365523849536,2.6822505288397656,-4.920499337629716,-4.976978078774293,-2.4976982631644384,1.3406362060311778,-0.5387635091035232,4.777635062637421,-0.7904581773759825,1.013998766999853
44.0,124.0,143.725341796875,-1.0317467986015356,2.682377438347955,-4.920535908878069,-4.977006169571953,-2.4974928906420386,1.340816591323904,-0.538907453605856,4.777411598391042,-0.7905121766367653,1.014001645790672
44.0,124.0,143.725341796875,-1.0316961112313368,2.682516390611866,-4.9205307899598045,-4.976796652926581,-2.497641786024607,1.340770127996958,-0.5388084839169451,4.777711511932036,-0.7904620925152503,1.0139811317919172
44.0,124.0,143.72537231445312,-1.0316035058255757,2.682081778240991,-4.920837386856411,-4.976915589037952,-2.497513867108257,1.340599122544905,-0.5388428129060152,4.777605072116883,-0.7905163152059096,1.0139983583923238
44.0,124.0,143.72535705566406,-1.0316021179108477,2.682553949340127,-4.920559843949768,-4.977234927342296,-2.497581289861958,1.340788003585124,-0.5388518195271104,4.7777825928788165,-0.7904947183290165,1.0139455941568285
44.0,124.0,143.7253875732422,-1.03151784577764,2.6821737032406183,-4.92062686417994,-4.977044940836624,-2.497887358392168,1.3408100147294535,-0.5389117454814727,4.77747960648944,-0.7903350978217123,1.0140234989756367
44.0,124.0,143.72532653808594,-1.031605996637475,2.68214104112508,-4.920465535327288,-4.977064760666305,-2.4975189056121017,1.3406965701446725,-0.5388510796655499,4.777543869678189,-0.7904216233115582,1.0139544022398237
44.0,124.0,143.72544860839844,-1.0315554803578846,2.68270721560397,-4.92057402626873,-4.977432246267643,-2.4976433654376784,1.3407440793293182,-0.5387647487399159,4.777556858083406,-0.7904794826068064,1.0139831160659265
44.0,124.0,143.72543334960938,-1.0319449709786612,2.68196872626665,-4.920411527942837,-4.976932515032751,-2.4975514131965566,1.3408654178377013,-0.5386040384552793,4.777641072822647,-0.7905332235244291,1.0139796341884866
44.0,124.0,143.72537231445312,-1.0316225214685253,2.682326214798297,-4.920580402838218,-4.976966038245782,-2.4977549684177136,1.3405539193179212,-0.5389124321373941,4.777506013271376,-0.7904657405401032,1.0138949518659253
44.0,124.0,143.72540283203125,-1.0315057072586429,2.682350412203932,-4.920776323011443,-4.976898772883319,-2.4975663978522022,1.3407057272153011,-0.5390210202373069,4.777441953316394,-0.7904898305014356,1.014084736330081
44.0,124.0,143.7253875732422,-1.0314958857911027,2.6823255598558013,-4.920511645620153,-4.976938733555487,-2.497770861887324,1.3407481850986578,-0.5388673366423982,4.777458688349187,-0.7902893779089162,1.013940339186183
44.0,124.0,143.7254180908203,-1.0318928052598282,2.68253849243182,-4.9201697522688255,-4.976884963055484,-2.497682168610063,1.3406804035064743,-0.5388029453904686,4.777559770565354,-0.7903825040884911,1.0139204985005843
44.0,124.0,143.725341796875,-1.0317665956461577,2.682399202111464,-4.920651172722889,-4.976809131789107,-2.49757682155102,1.3406432286184249,-0.538837698201232,4.777586945783357,-0.7904225367699214,1.0140111792259692
44.0,124.0,143.72544860839844,-1.0315106837414985,2.682406191572212,-4.920895438454929,-4.977374352836988,-2.4975205208484645,1.3405474280488807,-0.5388659867147734,4.777681778612999,-0.7904987452700389,1.0140027987795346
44.0,124.0,143.7254180908203,-1.031514253749692,2.6825201496435325,-4.920646135389831,-4.9770622737428605,-2.497540837471141,1.3406461007300052,-0.5386957760449622,4.777473055712292,-0.7905211690319076,1.0140476476500808
44.0,124.0,143.7253875732422,-1.0318175208009093,2.6824235762964648,-4.920594037992844,-4.977039251549663,-2.4975714938528744,1.3406914174158615,-0.5387358310232386,4.777918736036138,-0.7903413956503638,1.0139979860365005
44.0,124.0,143.7254180908203,-1.0315007025872762,2.68226780747717,-4.920712395713919,-4.976940105179227,-2.4975231125223547,1.3408033142779665,-0.5388714500309879,4.777379110056538,-0.7905207783578492,1.0138167437352408
44.0,124.0,143.72543334960938,-1.0316981305629938,2.682333694268814,-4.920295129664139,-4.97695203796353,-2.497558497831922,1.3404492540694497,-0.5388253733617869,4.777463113920197,-0.79047251905605,1.0139124803971449
44.0,124.0,143.72537231445312,-1.031619822618553,2.6820895164245577,-4.920627794641936,-4.9768248279225,-2.497892311437226,1.3407524280505747,-0.5387437738243701,4.7775372283567386,-0.7905310215292962,1.013936955559391
44.0,124.0,143.72540283203125,-1.0317571999455817,2.68244919261475,-4.920307718565568,-4.977083414500026,-2.497530507146575,1.3407957226215883,-0.5387804723058807,4.777332374229484,-0.790427118649176,1.0140626456626525
44.0,124.0,143.72532653808594,-1.0317744477723485,2.682266980441007,-4.920648772479099,-4.97688514822283,-2.49757566034664,1.3407716132928655,-0.5387724510017318,4.777500550288465,-0.7904289235260666,1.0140196785659672
44.0,124.0,143.72537231445312,-1.031666371902329,2.682091942075763,-4.920315932978784,-4.976939887462162,-2.4976089054376005,1.3409457829512537,-0.5387642965826513,4.777785955733783,-0.7904732454284424,1.0139204899294167
44.0,125.0,143.72537231445312,-1.0316117998144865,2.6821046556798063,-4.9203716069659,-4.977148054460455,-2.497574014325259,1.3408710313488044,-0.5388787579305676,4.777539493875787,-0.7903897134006472,1.0138852479977611
44.0,125.0,143.72535705566406,-1.031802462276579,2.682251813702008,-4.920618612232967,-4.976823592210657,-2.497650731909122,1.340662129419249,-0.5390046321438122,4.777420649199687,-0.7904372660032335,1.0140136405706413
44.0,125.0,143.72537231445312,-1.031718809654529,2.682453108075035,-4.920431937515257,-4.976798683494121,-2.497605314130032,1.3407299331279088,-0.5387792635091859,4.777460396775501,-0.7904229722743841,1.0140783576941006
44.0,125.0,143.72537231445312,-1.031603811350542,2.682120242786887,-4.920374465319044,-4.976965660714836,-2.497446122040309,1.3405920841043164,-0.538835423214266,4.77751148436354,-0.7904745225520742,1.0139568172947069
44.0,125.0,143.7254180908203,-1.0318718266700824,2.682514899693333,-4.920657856808329,-4.977139728702936,-2.49727890465236,1.34069826932099,-0.5388101001575407,4.77768300575285,-0.7905124974034736,1.0140044564475694
44.0,125.0,143.72540283203125,-1.0314955447229162,2.6821240659600694,-4.920859093564717,-4.976777131530515,-2.497650593956828,1.3408020580170277,-0.5387353094516012,4.77763448570002,-0.7904384892728702,1.0138379235131776
44.0,125.0,143.72540283203125,-1.0317638251653505,2.682170339656899,-4.920811485287812,-4.977036469433699,-2.4976229156941776,1.3408328628798376,-0.5388501739167957,4.777365219973964,-0.7903955116260768,1.0141231321941877
44.0,125.0,143.72532653808594,-1.0317965225740524,2.682042701432005,-4.920431206486536,-4.97702388970263,-2.4976733402028755,1.340764820268758,-0.5388108741939268,4.7775513349569785,-0.7904392999671188,1.013956969163278
44.0,125.0,143.72544860839844,-1.0318531375600797,2.682338792700599,-4.920638311745599,-4.977053535092085,-2.497404266200056,1.3406127833928547,-0.5387260961357319,4.7772417340707545,-0.790555228330458,1.0139897933317412
44.0,125.0,143.725341796875,-1.0316634819744506,2.6822962455672403,-4.920486529770424,-4.976832931464927,-2.497785537418994,1.340695512185773,-0.5388058910671347,4.777665501229681,-0.7905398056223412,1.013973189086225
44.0,125.0,143.72537231445312,-1.0316941145307834,2.682442225746476,-4.920264566497092,-4.976972355406687,-2.497675632278108,1.3406678509179084,-0.5387094837447979,4.777574536056376,-0.7904602665384672,1.0140125420228738
44.0,125.0,143.72540283203125,-1.031649248489379,2.682476766715359,-4.920424834327368,-4.976843886191492,-2.4974103631714217,1.3405823274657909,-0.5388329989215626,4.777456527662796,-0.7904958357091294,1.013939545727995
44.0,125.0,143.72537231445312,-1.0316187655809554,2.6820733694244865,-4.920302924098557,-4.976826211851402,-2.4977309790205524,1.340728666152568,-0.5388564013927954,4.777794373709764,-0.790491212978214,1.0139160046534652
44.0,125.0,143.7253875732422,-1.031765695385109,2.682405107632933,-4.920604970941077,-4.976855672469278,-2.4976117826591486,1.3405093654953468,-0.5389539640998979,4.7774534236034185,-0.7904582737253456,1.0139765975715669
44.0,125.0,143.72549438476562,-1.0317382646994555,2.682201391835296,-4.920765849712539,-4.976868519530578,-2.497724141508901,1.340763732844291,-0.5387103801785607,4.777220319323416,-0.7904866259483798,1.0141710783297233
44.0,125.0,143.7253875732422,-1.0316800151954904,2.682150072064884,-4.920397430744486,-4.976828931579004,-2.497462027732259,1.340694038924224,-0.5386539110209201,4.777797087378188,-0.7904162530220633,1.0140172835595331
44.0,125.0,143.7254638671875,-1.0315985415157791,2.6820238909700027,-4.920423110487798,-4.976571298856942,-2.4977093452022894,1.3405620196453685,-0.5387084915240292,4.777629949270331,-0.7905080675187328,1.0140825580945894
44.0,125.0,143.72535705566406,-1.031621812421697,2.6824137596785764,-4.920734198292412,-4.976874058454759,-2.497848526118288,1.3408218394250078,-0.5388694829711458,4.777640902552779,-0.7903800257838514,1.0140055519736082
44.0,125.0,143.725341796875,-1.0317836515375165,2.6822498749877832,-4.920370689816152,-4.976949547271498,-2.4975038594952155,1.3408106613674675,-0.538780636409923,4.777555504866497,-0.7905187942169043,1.0139546495366334
44.0,125.0,143.7253875732422,-1.0315326057033052,2.682600957360945,-4.920471703791436,-4.976731805428324,-2.4976868133381736,1.340689020108118,-0.538869779280712,4.777598550279151,-0.7905445083960618,1.0140031162560312
44.0,125.0,143.725341796875,-1.031873853941251,2.6823571494446643,-4.920487560750302,-4.97709199025076,-2.4976590871558364,1.3407202839709411,-0.5387774459262715,4.777522757058561,-0.7904583620997432,1.0140015801392384
44.0,125.0,143.7253875732422,-1.031778465551711,2.68211270529524,-4.920782409641061,-4.976732494614858,-2.4978377415075226,1.340686286074204,-0.5388457354103116,4.7773639537949215,-0.7904756777388444,1.014008145566601
44.0,125.0,143.72540283203125,-1.0316776690311222,2.68250514789108,-4.920461088825479,-4.976926226030574,-2.497713610835344,1.340728608951939,-0.5386231111130062,4.777523234147564,-0.7904044390105556,1.0140421700145037
44.0,125.0,143.7253875732422,-1.0317053793167648,2.6823800590949176,-4.920579991918739,-4.976755037232373,-2.4976267045474447,1.3406574042975814,-0.5386610382726875,4.777416627855699,-0.7904899831272267,1.0140315791171854
44.0,125.0,143.72537231445312,-1.031748074300745,2.682169210137753,-4.920795080283083,-4.977043526161964,-2.4977304119766863,1.3405841166680317,-0.5389227117776727,4.777654193572747,-0.7904439214930612,1.013911682502334
44.0,125.0,143.72535705566406,-1.031605195395397,2.6824373480501142,-4.920785602489916,-4.977142556618048,-2.497619299206499,1.340761764533955,-0.53882071001863,4.7777809982441095,-0.790474302576718,1.014006801869984
44.0,125.0,143.72552490234375,-1.031518947685901,2.682303232650868,-4.920486502881743,-4.97663922319187,-2.4981438773095093,1.340997779011568,-0.5386736248992952,4.777560337949323,-0.790495209677081,1.0140353429773017
44.0,125.0,143.72537231445312,-1.0315941118336718,2.682232880489286,-4.920639596737427,-4.977030194550643,-2.4976653306789616,1.3407089227884246,-0.5387670307699866,4.777501886650761,-0.7905474044511562,1.0140944508607577
44.0,125.0,143.72537231445312,-1.031822898614721,2.682207331337848,-4.920476699454725,-4.976991713928493,-2.4975244495285063,1.3406572398569638,-0.5387892021968499,4.777484769891425,-0.7904837183738795,1.0138707106466391
44.0,125.0,143.72537231445312,-1.0315197917481551,2.682406801675896,-4.920621031190624,-4.976894731256092,-2.49782928178919,1.3406728473063731,-0.5387681992574489,4.777598904363243,-0.790531174669308,1.0139385006606938
44.0,125.0,143.72544860839844,-1.031304499826084,2.68207534758083,-4.920508348048693,-4.976856711641858,-2.497777407272234,1.3406067164511848,-0.5389107692901565,4.777309618032966,-0.7904865707485822,1.0140098178260928
44.0,125.0,143.7253875732422,-1.0315833935315033,2.681941833571945,-4.920671511082793,-4.976972410346378,-2.497918413683492,1.3407580582811542,-0.5387927359134981,4.777422243584272,-0.7904372046393142,1.013928865073285
44.0,125.0,143.7255401611328,-1.0313889117787522,2.68200654444712,-4.920180086877456,-4.976748917085038,-2.497666539101913,1.3408155173028415,-0.5385448698663522,4.77739778668489,-0.7904810677707079,1.014033903416549
44.0,125.0,143.72537231445312,-1.0318114495581976,2.682322600428704,-4.920504990343665,-4.97712526174344,-2.497439348475805,1.340724050084373,-0.5388600214199499,4.77771329823338,-0.7903336498513731,1.014027493235604
44.0,125.0,143.72535705566406,-1.0317141266747742,2.6823044435564727,-4.920829363133611,-4.977122746739243,-2.4974959802802053,1.340751352042794,-0.538772460309219,4.777662209635665,-0.7903947982328514,1.0140487972659962
44.0,125.0,143.72544860839844,-1.0319001828365906,2.682191677672092,-4.92048564938245,-4.976911547501048,-2.4972740573009573,1.3407901216425948,-0.538612007437548,4.777729183050967,-0.7904843437653346,1.0139834932300618
44.0,125.0,143.72537231445312,-1.0317353928135091,2.6820960751888245,-4.920468213181493,-4.976926918734832,-2.497597744058141,1.3406404565058017,-0.5387249661350948,4.777311877811956,-0.7904197884732218,1.0139937383437785
44.0,125.0,143.7254180908203,-1.0318432593111906,2.681992305209669,-4.920599670758532,-4.97673962747681,-2.4977608913853007,1.3406695342328725,-0.5387282580877839,4.77728516002624,-0.7904337728513875,1.013985385555066
44.0,125.0,143.725341796875,-1.0318817460114733,2.682190209291929,-4.920617563115045,-4.9767559873989615,-2.497770303533708,1.3408738178641038,-0.5387838900107447,4.777609495209251,-0.7904950229595729,1.0140154545834577
44.0,125.0,143.72532653808594,-1.0317224631057194,2.682170721275793,-4.920597458308218,-4.976917262375038,-2.497730162174483,1.3407645953529368,-0.5389329911453835,4.777638731235436,-0.7904271258360023,1.0140649646257751
44.0,125.0,143.7254180908203,-1.0314288392615727,2.6822369444390395,-4.920408849445771,-4.976666261107272,-2.4977427615441528,1.340643261657222,-0.5388614473498832,4.77759217713794,-0.7904394325543134,1.0140983932896912
44.0,125.0,143.7253875732422,-1.0318204742871084,2.682019745779538,-4.920669904245384,-4.977073007617058,-2.497519694999891,1.340692437201902,-0.5386558144203963,4.777536759584988,-0.7903876183892091,1.013909761614176
44.0,125.0,143.72537231445312,-1.0315794627596766,2.6825295727111094,-4.920632204824135,-4.977057007874593,-2.497614745843124,1.3407594254761095,-0.5389704990496273,4.777470084397661,-0.7905041115998044,1.0139632976498234
44.0,125.0,143.725341796875,-1.0316359239380497,2.682099397244566,-4.92073851390807,-4.976995871607484,-2.497551558275502,1.3406729383505631,-0.5387952042973918,4.777525971469913,-0.7904068047883106,1.0139694870822442
44.0,125.0,143.725341796875,-1.0316413058460054,2.682181199603635,-4.92049014159701,-4.976923289467265,-2.497786289131952,1.340647010937925,-0.5389022913574335,4.7777137657233375,-0.7904687529366301,1.0139839885011082
44.0,125.0,143.72537231445312,-1.0316908161044398,2.6822390944194376,-4.920277176376271,-4.9769173049429565,-2.497852387473668,1.340779775769322,-0.5387763824769181,4.777477988213375,-0.7904700232841648,1.014032793429065
44.0,125.0,143.725341796875,-1.0316100964547288,2.682284878570881,-4.9209086341053805,-4.977024755119495,-2.4975816778204507,1.3407002528973733,-0.5387906650816756,4.777743107382257,-0.7904279477425042,1.013956279565912
44.0,125.0,143.72544860839844,-1.0316879832046206,2.6823108775087503,-4.921129996435112,-4.976812444918703,-2.497421662297921,1.3406776076515623,-0.53888149209609,4.777878595408037,-0.7905084867827323,1.0140188890633477
44.0,125.0,143.72531127929688,-1.031513005870476,2.6822171101860697,-4.920664260531783,-4.976952504618033,-2.4976909137849286,1.3408315331381695,-0.5387692774779982,4.77766049162063,-0.7904540276400267,1.013975994626093
44.0,125.0,143.72537231445312,-1.0315392441001272,2.682076245560806,-4.920647999753399,-4.976801455024153,-2.497698013288867,1.340768612764366,-0.5387945665311129,4.777424300872813,-0.7904409926560527,1.014096847758469
44.0,126.0,143.72537231445312,-1.0314788602403755,2.682218643325715,-4.920580492244469,-4.976833968212959,-2.49751907963414,1.3407649268487507,-0.5388026689473202,4.77785241155207,-0.7905156517919334,1.0140678901244229
44.0,126.0,143.725341796875,-1.0318111782067092,2.682357905556815,-4.920856089268367,-4.976976348809853,-2.4977001342532064,1.3406647423353686,-0.5388477163601912,4.777687406353458,-0.7904818639962237,1.0139315070865873
44.0,126.0,143.72535705566406,-1.031966587741972,2.682267581198082,-4.920663673614664,-4.977064914757168,-2.4977075057658125,1.340862681673439,-0.5388367273562906,4.777697597603211,-0.7904132996206261,1.01401639673918
44.0,126.0,143.7254180908203,-1.031787705374562,2.682297732745492,-4.920482274620377,-4.976739356975525,-2.497772745561613,1.3406384417319783,-0.539014673794199,4.777565369047295,-0.7905206450651567,1.013881625451357
44.0,126.0,143.7253875732422,-1.0318913503399791,2.68218253419234,-4.9207024447577465,-4.976627887543991,-2.4976317931240715,1.3407121469883414,-0.5389602664149002,4.777610409651301,-0.7905043826798561,1.0139587684185205
44.0,126.0,143.72537231445312,-1.0318615841017662,2.6820718087166773,-4.92054466961152,-4.977052372181385,-2.4976931517469163,1.3405476190248446,-0.5388008487472025,4.777484766464594,-0.7904740185516497,1.013947093106041
44.0,126.0,143.72535705566406,-1.0315786317745386,2.682129414383084,-4.920738244225374,-4.976996095240053,-2.497917518362759,1.3407230267663115,-0.538868644514169,4.777664142374041,-0.7904291726617831,1.013992847098124
44.0,126.0,143.72535705566406,-1.0317550452198807,2.6823325797285875,-4.920716764882144,-4.976758168719104,-2.497597117541587,1.340634144552534,-0.5388395448565948,4.777673086873003,-0.7904426581538253,1.0139365809264378
44.0,126.0,143.725341796875,-1.0316172621845483,2.6823326002494605,-4.920663134575106,-4.976849733889388,-2.4976650671055625,1.3408169062832105,-0.5388825493017588,4.7776100592245445,-0.7905361883243147,1.0140450122949076
44.0,126.0,143.72531127929688,-1.031622821155672,2.682155947010182,-4.920589491185041,-4.976931153744042,-2.497652479097816,1.3407909559811326,-0.5387860408504235,4.777577892134689,-0.7905167560566086,1.0139900030309583
44.0,126.0,143.72535705566406,-1.031920096262438,2.682085301508039,-4.920442379992434,-4.9769428644109,-2.497609752991185,1.3406318542872429,-0.5387807446048951,4.777739491345109,-0.7904548650240617,1.013995561387845
44.0,126.0,143.725341796875,-1.0315702011194086,2.682151072366078,-4.920530415374239,-4.97705303746323,-2.4974931034312897,1.340801370315182,-0.5387573216794976,4.777734684485363,-0.7904381559732228,1.0139877600262786
44.0,126.0,143.725341796875,-1.0315223042436634,2.682269548564652,-4.920743648399549,-4.977044966038047,-2.4976507565599486,1.3408828680787537,-0.5389138398098261,4.777631274411501,-0.7905107962648064,1.0140263649724908
44.0,126.0,143.72535705566406,-1.0316792196410915,2.6822511611555697,-4.920829031930306,-4.9770844509561885,-2.4977833943041814,1.3408969155275443,-0.538922474282078,4.777761948847202,-0.7904462467788438,1.014010808484076
44.0,126.0,143.72537231445312,-1.0317293423883125,2.6824125919336907,-4.920399161106508,-4.976893759859384,-2.4978710955925405,1.340737282355775,-0.5387676687836223,4.777519066050232,-0.7904631336481573,1.0139249929111944
44.0,126.0,143.72540283203125,-1.0318456421674649,2.682372305750428,-4.920562712197593,-4.976870701373173,-2.4978373315666698,1.3408884799691396,-0.538985002336152,4.777446168508245,-0.7905011541324551,1.01405271660402
44.0,126.0,143.725341796875,-1.0318115963407553,2.682316646500281,-4.920505400198028,-4.977135095693072,-2.4977110199794565,1.3408319681326972,-0.5388022174039522,4.77778616340678,-0.7904770626863105,1.014027353367557
44.0,126.0,143.72537231445312,-1.0314596068736923,2.6819929295330924,-4.920847788612642,-4.976992135434352,-2.4976573919143146,1.3406515782683055,-0.5387890721469866,4.777685191195747,-0.790408414489546,1.014016742274296
44.0,126.0,143.72535705566406,-1.0318560970171613,2.682186384019466,-4.920609199572408,-4.976858228192798,-2.497616426552083,1.340897359288049,-0.5388126819092856,4.777514070325776,-0.7904705352884882,1.014084191818263
44.0,126.0,143.72537231445312,-1.031854663968805,2.682142923010594,-4.9205788246540925,-4.976965693694725,-2.497714603834011,1.340685838549474,-0.538767578274375,4.77771282906393,-0.790383046779624,1.0140602295158292
44.0,126.0,143.7253875732422,-1.0314882579727875,2.682006133454543,-4.92056952590465,-4.97714616270417,-2.497785274598741,1.3407912168262968,-0.5387738157458806,4.77752898439309,-0.7904034166536658,1.0140685460685877
44.0,126.0,143.725341796875,-1.031683262954954,2.681943501119369,-4.920367604733573,-4.977110267047867,-2.497616053361185,1.340801893943242,-0.5388986637592241,4.7775567778981625,-0.7904561033717954,1.013994040029603
44.0,126.0,143.72535705566406,-1.031628465436656,2.6823311910361163,-4.920627896415967,-4.976832379446292,-2.497881657441494,1.3408059394473693,-0.5389481757040739,4.777494348326592,-0.7904738163385545,1.01399561822745
44.0,126.0,143.72535705566406,-1.0316630958978164,2.682423666260309,-4.920759352269095,-4.977122997041729,-2.4977930551678784,1.340819259782787,-0.5388646256987117,4.777558922200917,-0.7904571414810482,1.0140319254686982
44.0,126.0,143.725341796875,-1.0315909081795749,2.6822243871502,-4.920306705173258,-4.97679712798763,-2.497644810116869,1.3407338691540396,-0.5387582654622181,4.777579002912479,-0.7903984027125786,1.0139591437526176
44.0,126.0,143.72535705566406,-1.0316907711011258,2.682484275020752,-4.920756553172013,-4.976837827028705,-2.497714251933663,1.3406330750950888,-0.5387977720682429,4.777724358143322,-0.7904307777219701,1.013945785276591
44.0,126.0,143.72535705566406,-1.0315060428055285,2.682215419874778,-4.920691154363665,-4.976921208318949,-2.4978656861798925,1.3408267980694362,-0.5388912554010448,4.77751932198356,-0.7904201551437069,1.013955548627532
44.0,126.0,143.72535705566406,-1.0317592507253837,2.682219644534056,-4.920521528613424,-4.976810511197425,-2.497570261669196,1.3406163525365304,-0.5387042119892698,4.777600417170918,-0.7904729595006925,1.01399573091709
44.0,126.0,143.725341796875,-1.031595613251537,2.6823543411282635,-4.920670259168296,-4.97716494556537,-2.4975253906820267,1.3407278245698144,-0.5388316744633839,4.777682802778148,-0.7904020945573258,1.0140272705339557
44.0,126.0,143.725341796875,-1.031567874333763,2.682429882943972,-4.92066379810595,-4.976837788495817,-2.497714043530704,1.3407527543222333,-0.538808180430089,4.77761578507212,-0.7904791043382655,1.0140296400915814
44.0,126.0,143.72535705566406,-1.031486926875807,2.6821080639861963,-4.920602379150012,-4.976973947731284,-2.497532922266545,1.3406856493480248,-0.5387181747402705,4.777563798893231,-0.7904614741745055,1.014000925371361
44.0,126.0,143.72535705566406,-1.031895328250716,2.682446355225978,-4.920484387918584,-4.97689457490987,-2.4978188735651763,1.3407972438351674,-0.538866374063157,4.777662293471598,-0.7904379776185992,1.0140224462466465
44.0,126.0,143.72540283203125,-1.031864290786331,2.682190121524128,-4.920381880652469,-4.976865275280872,-2.497556118632088,1.3405623832649312,-0.5389173930399522,4.777450642865578,-0.7903453045571291,1.0140401920163278
44.0,126.0,143.72535705566406,-1.0315814726847266,2.682363872129737,-4.920764488050374,-4.976829027400002,-2.4977250324199907,1.3407148985783532,-0.5388540757099474,4.777764278220859,-0.7904253091707591,1.0138694875909993
44.0,126.0,143.72532653808594,-1.0316519093453196,2.6822581566788184,-4.920486039998831,-4.976975846588675,-2.497724794446624,1.3406958413280536,-0.5388762445059712,4.777597942096328,-0.7904170789000622,1.014034673991012
44.0,126.0,143.72532653808594,-1.031733581059806,2.682367976177421,-4.92067232594743,-4.976956143559481,-2.4977315731069383,1.3408287987096743,-0.5388793734075223,4.777418763811301,-0.7904118625069465,1.013929747778917
44.0,126.0,143.72540283203125,-1.031623532517853,2.682014920442059,-4.920781138976076,-4.976720631631242,-2.4976197416811856,1.3408811005027124,-0.5388523026668288,4.777608544357349,-0.7903017268913581,1.0140423556302824
44.0,126.0,143.7253875732422,-1.0316686473546617,2.682348368008741,-4.920530113610778,-4.976718497545228,-2.4978083604885697,1.3407021036688382,-0.5387067748441314,4.777722444233955,-0.7905384393647577,1.0139704280652602
44.0,126.0,143.725341796875,-1.0317924275755912,2.6823460488420867,-4.9206651398306605,-4.97707309315411,-2.4975667342125263,1.340744381691927,-0.5387903893876578,4.777754886622258,-0.7904652389828986,1.0140470192760669
44.0,126.0,143.72537231445312,-1.0317217465992092,2.682225125129948,-4.920713939640404,-4.9770223720471805,-2.497559283682149,1.3406196313760654,-0.5388117835717061,4.777463133207107,-0.7903963390513349,1.014046326278467
44.0,126.0,143.725341796875,-1.0317096644308594,2.6822982843259124,-4.92042348116156,-4.976911616812369,-2.497564256823752,1.340697425596849,-0.5388356862965118,4.777472725805399,-0.7903684388477119,1.0139405537903423
44.0,126.0,143.72535705566406,-1.0316737286258042,2.682321344926014,-4.920800488172786,-4.976879156734693,-2.497775011423472,1.3408057752309723,-0.5387183140240559,4.777486047045116,-0.7904623650519991,1.0139512922428429
44.0,126.0,143.72540283203125,-1.0317702496930643,2.6824426967279376,-4.920225965823974,-4.976873437793958,-2.497904678330624,1.340910677927356,-0.538895051404241,4.777429988659282,-0.7904734165426701,1.013995074818542
44.0,126.0,143.72535705566406,-1.031844677996918,2.6821361540348496,-4.920601456987693,-4.9769363856333495,-2.49751111151285,1.3407206823774924,-0.5387022009302411,4.777693928557955,-0.7904702927952192,1.014007556792441
44.0,126.0,143.72532653808594,-1.0316855650448755,2.6822186369552536,-4.920464240525946,-4.976878610217621,-2.497633022050814,1.340831512552385,-0.5387207184896239,4.777703788019403,-0.7904651765987074,1.0140336935909655
44.0,126.0,143.7253875732422,-1.0316035711491378,2.682168110759725,-4.920687493317704,-4.976855776599582,-2.4975794519948886,1.3407441252983343,-0.5387544768432218,4.777640217964761,-0.7903729078725386,1.014118425009034
44.0,126.0,143.72535705566406,-1.0317454095224488,2.6822634514449764,-4.920339132966856,-4.976907016080388,-2.4975929786664723,1.3405458944749231,-0.5388715527358876,4.777569723316475,-0.7904729961562289,1.0140018984309975
44.0,126.0,143.72537231445312,-1.031403359406477,2.682081521179347,-4.920591378445647,-4.976916899476721,-2.4977163487949063,1.34071458857405,-0.538790104435277,4.7773185104472216,-0.7904800032481409,1.0139582502754347
44.0,126.0,143.72537231445312,-1.031831662472345,2.682540839810672,-4.920540027617956,-4.976934744519155,-2.497658565584655,1.3406985222592134,-0.5388187543652148,4.777834750131566,-0.7904135958223995,1.0138899575280549
44.0,126.0,143.7253875732422,-1.0316909973688904,2.682529916024067,-4.920778767772764,-4.97681977197937,-2.4977060262263144,1.3406524308338206,-0.5386866257478351,4.777534460657044,-0.7904663211408289,1.013966088237356
44.0,127.0,143.72537231445312,-1.0318147647326543,2.6820611191952555,-4.920214991801544,-4.976960645913464,-2.497650300774126,1.3408230333584277,-0.538771272457045,4.777689183696632,-0.7903824929921175,1.014044307331079
44.0,127.0,143.725341796875,-1.0319063569291511,2.682175120884188,-4.920493761615912,-4.976879850922038,-2.4977131492242104,1.3406833826440927,-0.5388730078478732,4.77753466794349,-0.7904893002046594,1.013995452430776
44.0,127.0,143.72537231445312,-1.0317218289377212,2.682256454140388,-4.920569616190086,-4.977173541865591,-2.4976202226646875,1.3407885856967514,-0.5387380028823516,4.777806756116204,-0.790530690888275,1.014060753349952
44.0,127.0,143.72532653808594,-1.031675095246925,2.6821198207428,-4.920597874013233,-4.976989432333323,-2.4976460307719943,1.340784217888559,-0.5388593992750144,4.777525210577071,-0.7905660481393095,1.0139776355981889
44.0,127.0,143.72532653808594,-1.0315796037444875,2.6823162154650504,-4.920698213377698,-4.976942628381169,-2.4977161641097383,1.340757506284039,-0.5388341891095285,4.777524297596996,-0.7904285572744847,1.0139340470545877
44.0,127.0,143.72535705566406,-1.0316779810119274,2.682217092261068,-4.920242201502556,-4.976836705554766,-2.49767323629093,1.3408064892361544,-0.5387916591592745,4.777530362264791,-0.7904293959744244,1.0140593705886216
44.0,127.0,143.72535705566406,-1.0316093623141036,2.6825392392762337,-4.920558101552911,-4.976815400603937,-2.4977902136638432,1.3406989177771695,-0.5388364726396322,4.777675085950705,-0.7904469540709691,1.0140085269716064
44.0,127.0,143.725341796875,-1.0317198221138062,2.6823672469803226,-4.920659277715455,-4.976765691970048,-2.497637836573543,1.340694686034012,-0.5387845994227547,4.777577555852211,-0.7904094021725552,1.0140480864571575
44.0,127.0,143.72532653808594,-1.0315681932979466,2.682256062222681,-4.920584152300909,-4.977015249685135,-2.497677185677307,1.3407556722646872,-0.538921999031575,4.777764132680215,-0.7904921295587446,1.0139960420563678
44.0,127.0,143.725341796875,-1.0315771104740643,2.6822283994512555,-4.920687533149903,-4.976913649332179,-2.497592061844517,1.3407047332743431,-0.5386994900172413,4.777685149750216,-0.790461041754221,1.0139369807493903
44.0,127.0,143.72532653808594,-1.0316943507997478,2.6822605188202706,-4.9205052809818906,-4.977057483587481,-2.4976603578100183,1.340827344237999,-0.5388120039095723,4.777493325693193,-0.7904182875855019,1.0139988997432408
44.0,127.0,143.72532653808594,-1.0317339045871314,2.682409139954298,-4.920721745890826,-4.977030012547561,-2.4976453138128862,1.340737058167221,-0.5388506215820605,4.777461598062731,-0.7904750910177665,1.01401208836948
44.0,127.0,143.72537231445312,-1.0316867457557946,2.682217023673388,-4.920384424688359,-4.977006380567438,-2.4976265448915376,1.3407722745556363,-0.5388008614235664,4.777616230619442,-0.790423366808418,1.0141182497468506
44.0,127.0,143.725341796875,-1.031822752372758,2.682325735012382,-4.920826297124191,-4.977008505393546,-2.4976066980839864,1.340781120846284,-0.5387508274778501,4.777603549404745,-0.7904771517586617,1.0139527352576465
44.0,127.0,143.725341796875,-1.0319044330590843,2.6821700734467164,-4.920624717424827,-4.977008066968528,-2.497542171557912,1.3406959849864712,-0.538777253252559,4.777572768294807,-0.7904484027044392,1.0140058357737702
44.0,127.0,143.725341796875,-1.031462213910097,2.682122476390571,-4.920412850244533,-4.976888427143467,-2.497619082050224,1.340783511229998,-0.5387681567016962,4.777662041727629,-0.7904433810423654,1.0140174884290785
44.0,127.0,143.7253875732422,-1.0313496077617792,2.6823656918117065,-4.920627610885083,-4.976987424515045,-2.497688895969468,1.340845131479936,-0.5388463562362587,4.7776197919001095,-0.7903705903534748,1.013984596843985
44.0,127.0,143.725341796875,-1.0316808946474811,2.682333702685323,-4.9203775433585575,-4.976857421383452,-2.497591180066681,1.3408341740196832,-0.5387673896989718,4.777626821367342,-0.7904837773420859,1.014000216662306
44.0,127.0,143.72532653808594,-1.0316763569484335,2.682267024005536,-4.920446400445634,-4.977026240895021,-2.497498249847756,1.3407541727209624,-0.5387621087603005,4.777521791866775,-0.7904561353016586,1.013983546923349
44.0,127.0,143.725341796875,-1.0316915591353828,2.6820816840601305,-4.92043247408207,-4.977075224012724,-2.4976035558427534,1.3407141135234184,-0.5388217497120307,4.777623837779945,-0.7905274307861552,1.0140742548983912
44.0,127.0,143.725341796875,-1.0316825665403335,2.682214756854541,-4.920328683197742,-4.976887973885426,-2.4976922337774927,1.3407946456699138,-0.5387913708888306,4.777450795108658,-0.7904794840263865,1.0139914649253683
44.0,127.0,143.72535705566406,-1.031595117761826,2.68223244972679,-4.920574667835665,-4.976806776613479,-2.497481985705301,1.3406867793258137,-0.5388033345271293,4.777563867695138,-0.7904734466240368,1.0140571134332257
44.0,127.0,143.725341796875,-1.0319111345716236,2.682090959786122,-4.920596554858731,-4.977049605261795,-2.4977128352465887,1.3408699811709155,-0.5387809869885807,4.777518372491368,-0.790425495061081,1.0140323664896602
44.0,127.0,143.72537231445312,-1.031659460597095,2.682250694534813,-4.920700390199178,-4.9768377823320575,-2.497646564720079,1.3407075021251398,-0.5389683773216047,4.777343701958115,-0.7904486025306774,1.014060680001525
44.0,127.0,143.72535705566406,-1.0318305111010484,2.6822448962568624,-4.92042045592737,-4.977059170021241,-2.4976956757508884,1.3408553651906363,-0.5388378282749198,4.77746377553845,-0.7903814184338387,1.014037132662474
44.0,127.0,143.725341796875,-1.0317795272913737,2.6823931290133,-4.920626130340309,-4.976928787694845,-2.497618686736533,1.3406724425406231,-0.5387898599004535,4.77766291398965,-0.7903967510956917,1.0140250786452798
44.0,127.0,143.725341796875,-1.0317775724711715,2.682309990850758,-4.920604062233092,-4.976991903548302,-2.4975968097647376,1.340724270175805,-0.5387842755496521,4.777753850996497,-0.790373974514587,1.0139422643013027
44.0,127.0,143.72532653808594,-1.0316602185667474,2.682273517942294,-4.92065274086248,-4.977036485053183,-2.497784529002238,1.340731553856961,-0.5389167276979823,4.77755571178913,-0.7904118418605055,1.0139207110487405
44.0,127.0,143.725341796875,-1.0318065194870485,2.6824173222896697,-4.920631463300752,-4.976893418239678,-2.4977257530545582,1.3407980447961778,-0.5387559054500821,4.777587901980384,-0.7904767409104387,1.0139824470859438
44.0,127.0,143.72537231445312,-1.0317397345204449,2.682222948502825,-4.9202954195980615,-4.976896770495171,-2.497611287058297,1.3408574056319713,-0.5387276703688499,4.77772699767902,-0.7904825285358701,1.014005665285849
44.0,127.0,143.72537231445312,-1.0314637104698434,2.682131087850884,-4.920333176265423,-4.976969031746895,-2.4978280292679464,1.3408192389587832,-0.5388521154902648,4.777425561787995,-0.7905256862589729,1.013965829961272
44.0,127.0,143.725341796875,-1.0317959249500346,2.682198571979112,-4.920725843972549,-4.977221287069181,-2.497529441805894,1.3408128441378455,-0.5388937448496369,4.777537746367619,-0.7904218641927621,1.013929028679228
44.0,127.0,143.725341796875,-1.0315957339967383,2.682068826522653,-4.920628183556943,-4.976812471854243,-2.497740635135066,1.340743914885799,-0.5388807474338133,4.777608027731651,-0.7905064565141169,1.0140064981012733
44.0,127.0,143.72535705566406,-1.0318731451801155,2.68219758103542,-4.920562498819539,-4.976879177630287,-2.497646188039925,1.3408694360440183,-0.5388034135616611,4.777484101763713,-0.7903422331571903,1.0140152267211286
44.0,127.0,143.725341796875,-1.0316896743672477,2.6823278392172822,-4.9204987559371896,-4.976865838980767,-2.497610600749598,1.3407032806359285,-0.5388021976296686,4.777526096847351,-0.7904275912929437,1.0140620703678185
44.0,127.0,143.725341796875,-1.03155283009136,2.682295904364836,-4.920554187061607,-4.976881187869627,-2.49771682072687,1.3408914112639012,-0.5389007044200342,4.777502739379051,-0.7904813652748075,1.014014852207776
44.0,127.0,143.72535705566406,-1.0316697490441618,2.6822904502122444,-4.920299180556839,-4.9770545255958885,-2.497782621082356,1.3407892560918668,-0.5387719696992157,4.777505965824954,-0.7904637146436073,1.014054198010851
44.0,127.0,143.72532653808594,-1.0315707880731844,2.6823674727915234,-4.920568647074201,-4.976921240593804,-2.497678383043862,1.3407119506832323,-0.5388500315299973,4.777741489844006,-0.7904823186216348,1.0139472290953533
44.0,127.0,143.72531127929688,-1.0315651289923542,2.6822436933979628,-4.920544128679788,-4.976933977643788,-2.4976537780578463,1.340789249998993,-0.538843094872572,4.777660497107043,-0.7904463321483384,1.0140164990792735
44.0,127.0,143.725341796875,-1.0315730664695135,2.6823686556311666,-4.920603263467161,-4.977031580001273,-2.4975706482937383,1.3407004616731155,-0.5388454172694885,4.777756660801042,-0.7904312746099471,1.014037101964429
44.0,127.0,143.72532653808594,-1.0316048791987646,2.68240748077858,-4.920568517784363,-4.977107087931653,-2.497699209762239,1.3407153884490333,-0.5388178099829961,4.777750894051327,-0.7904607262294334,1.0139866636200183
44.0,127.0,143.725341796875,-1.0316518343646406,2.682504316619273,-4.920667893592552,-4.976956990169626,-2.4976774680316622,1.3408992965459916,-0.5389327100620322,4.777644393893823,-0.7904268661202378,1.0139971445535796
44.0,127.0,143.7252960205078,-1.0317698892753158,2.682264475158833,-4.920725407691875,-4.976947467705419,-2.497708273876301,1.340766493944125,-0.5388521260295951,4.777642450333206,-0.7904720180879252,1.0139990924015034
44.0,127.0,143.72532653808594,-1.031659675497325,2.682311644106381,-4.920543580485093,-4.9771251762197855,-2.497534551648864,1.340758563971292,-0.5388139515841885,4.777524800243725,-0.790486456069849,1.014009182000997
44.0,127.0,143.725341796875,-1.0316307168293544,2.682371827975853,-4.920675688703463,-4.977152840200821,-2.4975343961076963,1.3408105695889692,-0.5388232789406002,4.777564092515368,-0.7903939413559442,1.0139312277142256
44.0,127.0,143.725341796875,-1.0316409147525247,2.682265160051095,-4.9205597555912695,-4.976927971922266,-2.49760771204486,1.3407888851730965,-0.5387665087006352,4.777392921041056,-0.7904719161634963,1.013917295844987
44.0,127.0,143.725341796875,-1.031578826668759,2.682209466619529,-4.9207188037289145,-4.976766674877194,-2.4977414684813555,1.340722533922544,-0.5388171296790709,4.777754179748582,-0.7904328173051312,1.0139349777647857
44.0,127.0,143.72531127929688,-1.0316328542222104,2.6821471158671404,-4.920559169838279,-4.976959997713285,-2.497702496608768,1.3408379897942924,-0.5388200815560342,4.777593854640209,-0.7905171319367525,1.0140397294460088
44.0,127.0,143.72535705566406,-1.0317483400396874,2.6821375177871163,-4.920654849490312,-4.976968496576922,-2.4973909015820173,1.3407358222221966,-0.5387413432585975,4.777610179758316,-0.7904755414501103,1.0140111754395722
44.0,127.0,143.72532653808594,-1.0317074745574222,2.682297356999372,-4.920856069101249,-4.97692700082275,-2.4976332901788245,1.340799788795727,-0.5388913554389401,4.777759696275098,-0.7904039605961168,1.0139859419380484
44.0,128.0,143.725341796875,-1.0316672753324072,2.682402844247303,-4.92076103424907,-4.976835067942537,-2.497644745789712,1.3407286457856138,-0.5388341509134928,4.777644143543565,-0.7904387044153571,1.0140404511109722
44.0,128.0,143.725341796875,-1.0316473815505924,2.6823695608992253,-4.920516518646546,-4.976921745021583,-2.4977814390962894,1.3408982786675665,-0.5388992561143322,4.777771363165259,-0.7904739898510567,1.0140170464879557
44.0,128.0,143.72531127929688,-1.03165316513016,2.68223653715003,-4.920538816245665,-4.977025052979156,-2.497577238185606,1.3407400640333016,-0.5387382535554561,4.777572684649735,-0.7904706649870787,1.0140091403132745
44.0,128.0,143.725341796875,-1.0315682511323183,2.682388196536224,-4.920569406050032,-4.977159462546057,-2.497677499573578,1.34081204826062,-0.5389716458587932,4.77760529788403,-0.7904387929119059,1.01399296664757
44.0,128.0,143.725341796875,-1.0317146774305908,2.6822021860683325,-4.920756009287971,-4.977122458389878,-2.4977283907539567,1.340679403316317,-0.538917295341351,4.777629155145169,-0.7905067384653091,1.0140211403564336
44.0,128.0,143.72532653808594,-1.031686795309923,2.682126275073877,-4.920713296493175,-4.976887773863513,-2.497607118379949,1.340728363014856,-0.5388129592000643,4.777472398033483,-0.7904281092853385,1.0139704244901493
44.0,128.0,143.72532653808594,-1.0318575942963353,2.682227441758561,-4.920707714089377,-4.977175103439429,-2.497629816596832,1.3407617128021778,-0.5388547953766505,4.777478231867804,-0.7904676502992132,1.013957988133182
44.0,128.0,143.72531127929688,-1.0316635910677228,2.6822876858965383,-4.920615167569,-4.977040223373969,-2.4975244017486147,1.3407205670697415,-0.538818627475127,4.777595941703886,-0.7904765335726411,1.0140233945667667
44.0,128.0,143.72532653808594,-1.0315919202772257,2.682296910394312,-4.9206807770695145,-4.977040938209641,-2.497671762793953,1.3408304553700487,-0.538817551149747,4.777606882500956,-0.790477159014535,1.0140482568924902
44.0,128.0,143.725341796875,-1.0318370628279414,2.6823860590787767,-4.920472690046281,-4.976953329605984,-2.497604015499697,1.340826529159469,-0.538793340316702,4.777859581986128,-0.7904517907041111,1.0140102049653985
44.0,128.0,143.72531127929688,-1.031803372105129,2.6822394774938205,-4.920543671695278,-4.976947450095279,-2.497661396946636,1.3407162870746578,-0.5388277205669878,4.77758115679238,-0.7905140562117099,1.0139923108966291
44.0,128.0,143.725341796875,-1.0316833334252211,2.682405191104705,-4.920566585007173,-4.977057237818513,-2.4978055483697874,1.340850511059001,-0.5387467831269435,4.777716989765123,-0.7904314892264681,1.0140060398778097
44.0,128.0,143.72535705566406,-1.0317671831002402,2.682433311072168,-4.9208205483671605,-4.97700878035679,-2.497787777180693,1.3406241715412133,-0.5389140430803643,4.77768066080867,-0.7904422718267163,1.013985442081581
44.0,128.0,143.72535705566406,-1.0315887559346977,2.6825328971546414,-4.920587108252418,-4.977085705487251,-2.4975907926561,1.3408098458099271,-0.538721581575051,4.777695629169161,-0.7904952986344593,1.0140070345942096
44.0,128.0,143.72532653808594,-1.031652976321884,2.682186916157232,-4.920555823106577,-4.976934659502529,-2.497769463611309,1.3407691166076514,-0.5388221253511833,4.777591009953277,-0.7905273205964782,1.013970290633564
44.0,128.0,143.72535705566406,-1.031681704287597,2.682303502691747,-4.920916138599297,-4.977063230223942,-2.4975553550709577,1.3406128964492368,-0.5388850061922534,4.777646493455158,-0.7904582195872978,1.0139817010328542
44.0,128.0,143.72532653808594,-1.0316335312446443,2.682390120859988,-4.9206405765180525,-4.976978574203172,-2.497638670041259,1.3408254292127308,-0.5388700239472666,4.777721248099871,-0.7904321200088322,1.0140194495863044
44.0,128.0,143.7252960205078,-1.0317198337360751,2.68227959370556,-4.920602453826453,-4.976859850586202,-2.49762534230178,1.3408087016808468,-0.5388324427823505,4.777574092997785,-0.7904702819601841,1.0139798358984369
44.0,128.0,143.72532653808594,-1.0317138046683496,2.68236089783821,-4.9207446688063845,-4.977060424562944,-2.497633830474399,1.340646165038458,-0.5388013781000565,4.777607544045839,-0.7904268075064005,1.0139575572412571
44.0,128.0,143.72532653808594,-1.0317281007420451,2.6823705043790564,-4.920666128443783,-4.977117527671708,-2.4977433225566865,1.340807451164122,-0.538851654090494,4.777767417723659,-0.7904677771947526,1.0139326292095934
44.0,128.0,143.72531127929688,-1.0317682824228989,2.6822586016177,-4.920590430601228,-4.976918648797179,-2.4976690738261285,1.3407211734835638,-0.5387858778852364,4.777546837555688,-0.7904493817741036,1.0139662573150874
44.0,128.0,143.72535705566406,-1.031419956416222,2.682409269098396,-4.920431059201264,-4.977113823005469,-2.497565313080035,1.340751021326824,-0.5388146848853301,4.777572703541535,-0.790462962605778,1.0140005099533358
44.0,128.0,143.725341796875,-1.031615750455642,2.6823525804516315,-4.920784020649423,-4.976858106975452,-2.497633391965097,1.3407518502207711,-0.538812613261344,4.77761517077359,-0.7904230941340122,1.0140433333900596
44.0,128.0,143.725341796875,-1.031860695561465,2.682211771032641,-4.920599254664547,-4.976812731513834,-2.497653066423636,1.340793877206515,-0.5387239534659747,4.7777686121113465,-0.7904448892355411,1.0140113990533282
44.0,128.0,143.72532653808594,-1.0316450115829734,2.68224152668136,-4.920694171145997,-4.977013551231665,-2.497754366600174,1.3406956865859634,-0.5388738480373938,4.777615736562224,-0.7904602715378344,1.0140403374072011
44.0,128.0,143.72532653808594,-1.0315714837235164,2.6822195227868644,-4.920603336124239,-4.976995965190713,-2.4977389905148524,1.3408389224358332,-0.5388626327731325,4.777642512191738,-0.7903635800567006,1.0140071067687737
44.0,128.0,143.72532653808594,-1.0317250136802252,2.6822111355670666,-4.920629306495685,-4.976957758512363,-2.497685705477896,1.3408401371931822,-0.538747556099425,4.777603150966117,-0.7904242398139498,1.014027279245453
44.0,128.0,143.725341796875,-1.0315784415581577,2.6823090382305823,-4.920641319998636,-4.977134440634928,-2.4976933341638627,1.3407617835680377,-0.5389286062905363,4.777540177562514,-0.7903594742214546,1.0139786515046891
44.0,128.0,143.72532653808594,-1.0316748408597791,2.6821403593529567,-4.920661799298808,-4.977086868523983,-2.4976902140657726,1.340791218291769,-0.5388488906067757,4.777586234915708,-0.7904565940202817,1.013937312168547
44.0,128.0,143.725341796875,-1.0315193440835475,2.682333354056375,-4.920702817506037,-4.977083157576893,-2.4977304286219955,1.34077856486749,-0.5388207153312532,4.777639863012361,-0.7904532659199317,1.0140467440040632
44.0,128.0,143.725341796875,-1.0316438683434948,2.682400558228882,-4.920685557266629,-4.977015107967867,-2.4975492220316013,1.3408599136676784,-0.5389026588827601,4.777685448974211,-0.7904054897319446,1.0139548110908638
44.0,128.0,143.72532653808594,-1.0316136671330507,2.682336872561436,-4.920612101843196,-4.976857168091754,-2.497640976537628,1.3408153486827734,-0.5389055297615828,4.777578372836928,-0.7904491875514346,1.0139396996936556
44.0,128.0,143.72535705566406,-1.0314833268711232,2.682161026436072,-4.920781969903229,-4.9768746479507975,-2.497768823166682,1.3408104270745174,-0.5388154972753529,4.777445447715941,-0.7904875923189971,1.0140117620731708
44.0,128.0,143.725341796875,-1.0317093886212088,2.682427312812941,-4.920638629588085,-4.977145046413792,-2.4974892843035783,1.3408027776188716,-0.5389017039794659,4.777720907068389,-0.7904592557241061,1.013939758249628
44.0,128.0,143.72532653808594,-1.0317024830035204,2.6821738049479213,-4.920736998140061,-4.977049619063658,-2.4976058924493287,1.3406712570393289,-0.538888501509267,4.777804270554322,-0.790490189447631,1.013970875189461
44.0,128.0,143.72531127929688,-1.0316348926028778,2.6822868560585533,-4.920660242887733,-4.977064758060475,-2.497657068408856,1.3407863716046018,-0.5387793644130081,4.777653311967271,-0.7904067107674537,1.0140073866953685
44.0,128.0,143.72532653808594,-1.0317964937979252,2.682328200245414,-4.920748671749679,-4.976994774838436,-2.4975739187558164,1.3407524832162814,-0.538918111781622,4.7777503406298685,-0.7904786505035917,1.0140052860827131
44.0,128.0,143.725341796875,-1.0315754028817592,2.6822134236048134,-4.920731903843436,-4.977134091040841,-2.4975828299595824,1.3408273049333737,-0.5388535706067001,4.777504478763021,-0.7905229877073907,1.013992063248768
44.0,128.0,143.72531127929688,-1.031726281614476,2.682164037012069,-4.920599598359866,-4.976991734883861,-2.497744690953949,1.3407941207890373,-0.5387520474381988,4.777569246950673,-0.7904245406841577,1.0139587670771242
44.0,128.0,143.72531127929688,-1.031659339628674,2.682219286732983,-4.920592040999967,-4.977001399112472,-2.497671393336654,1.3408738409751475,-0.5388595376807102,4.777634963126655,-0.790506417807614,1.01400953329411
44.0,128.0,143.72532653808594,-1.031556959362347,2.682368442129021,-4.920704982403365,-4.976987203903945,-2.4976119784853985,1.340785990589569,-0.5388724971502974,4.777447295904494,-0.7904465410594295,1.0139610133746313
44.0,128.0,143.72532653808594,-1.031682229401833,2.6822392965551263,-4.920555867795287,-4.976912877854748,-2.4976037194565786,1.340616334022493,-0.5388098095339577,4.7776109189801765,-0.7904071562502928,1.0140013195333817
44.0,128.0,143.725341796875,-1.0318563728846324,2.682100920012007,-4.920664207893389,-4.976937364036207,-2.4976537055494408,1.340891106623472,-0.5388336339415805,4.777545757197043,-0.7904435284248645,1.013993790505971
44.0,128.0,143.72531127929688,-1.0316253794859964,2.682126549476404,-4.920696896050447,-4.976986355456602,-2.497780767222722,1.3407067323191135,-0.5388132839467161,4.777675871363087,-0.7904619542653899,1.0139694488722908
44.0,128.0,143.72531127929688,-1.0317026637614104,2.6823568372749227,-4.920534771640161,-4.977082081365211,-2.497627932770849,1.340715191479429,-0.5387916135732453,4.777596758525572,-0.7904663043011766,1.013981624760186
44.0,128.0,143.725341796875,-1.0315845848574372,2.682139457947251,-4.920488585308226,-4.976979092498255,-2.4976915847296266,1.3408970419875486,-0.5388402960807461,4.77756987301164,-0.7904574375286906,1.0140554511019575
44.0,128.0,143.72532653808594,-1.0315184658697767,2.682238296887477,-4.920587327153849,-4.97701542797665,-2.497736540723113,1.3408105163881832,-0.5388441686295895,4.777649632917143,-0.7904809607492362,1.014001019284211
44.0,128.0,143.725341796875,-1.0315455065704833,2.682352735522131,-4.920610314468627,-4.976999162029465,-2.497742361739915,1.340730618087559,-0.5388647089894576,4.777506333008061,-0.7904578950454884,1.0140269181370218
44.0,128.0,143.72532653808594,-1.0317171123343716,2.6823717450818885,-4.920815804810382,-4.977123119450045,-2.497673185657433,1.3407445591152864,-0.5388104102289937,4.777514316237619,-0.7904606086867911,1.0139472429142329
44.0,128.0,143.72532653808594,-1.0318216795983282,2.682479660485674,-4.920718404942765,-4.976997254787793,-2.497612166733944,1.3407872866062291,-0.5388368308386724,4.777673240289825,-0.7904750260623548,1.0140025641328947
44.0,129.0,143.72532653808594,-1.0317618947485925,2.6823803395755563,-4.920587445568295,-4.976811349101904,-2.497675140595031,1.340808620913351,-0.538806706210976,4.777519176027367,-0.7904398681732561,1.014024826143551
44.0,129.0,143.72531127929688,-1.031652530590291,2.6821447300639054,-4.920627239197481,-4.97699522238137,-2.4977251429613325,1.3408022173350105,-0.5388387305488385,4.777546207253078,-0.7905130570518191,1.0139744732542164
44.0,129.0,143.72532653808594,-1.0317326229701358,2.6821187729678364,-4.920458907723724,-4.977009065559551,-2.4975884523789453,1.3407998174732576,-0.5387528254434404,4.777618069868549,-0.7904818707488612,1.013943681821006
44.0,129.0,143.72532653808594,-1.0316805766182089,2.6823078329310457,-4.920663694446317,-4.976867323456369,-2.497665083118564,1.3408846805866297,-0.5388872478086011,4.777599229432024,-0.7904613796321502,1.0139631524321508
44.0,129.0,143.72531127929688,-1.03154834079215,2.682121746713233,-4.920620599776618,-4.9770292414537645,-2.4977037640836808,1.3407876895121351,-0.5388379811756749,4.777718705336167,-0.7904516714819056,1.013981904491561
44.0,129.0,143.72531127929688,-1.0316551442870878,2.6821199671815945,-4.92072840360736,-4.976956005122051,-2.497700494163116,1.3407480397420946,-0.538788321771575,4.777659279737199,-0.7904861977547775,1.013996701436386
44.0,129.0,143.72532653808594,-1.031584740355445,2.6821776385025284,-4.92055099155037,-4.976984655341677,-2.497503822130887,1.340717894532531,-0.5387467275578173,4.777565511556057,-0.7904635119506915,1.0139663273531054
44.0,129.0,143.725341796875,-1.03171805295927,2.682443415810188,-4.920699372226808,-4.976877806713761,-2.49779965186908,1.3407192685418954,-0.5388372015244496,4.777617590588344,-0.7904643395517486,1.0139607954009886
44.0,129.0,143.725341796875,-1.0317488021167218,2.6821287224617816,-4.920585005029009,-4.976863465046214,-2.497623597070922,1.3406292566680893,-0.5388492271957848,4.777613521551817,-0.7905004707973902,1.0140391433904927
44.0,129.0,143.72532653808594,-1.0317327588789853,2.6822912536961896,-4.920776057452716,-4.9770572329765566,-2.4976680450953865,1.340783110432497,-0.5388925336310182,4.777588091026994,-0.7904796228399205,1.0139363458232973
44.0,129.0,143.72532653808594,-1.0315722044215874,2.682268239131913,-4.920575863886258,-4.976863501111035,-2.4977004568834174,1.3407317805675127,-0.5387903800398073,4.777516231878678,-0.7904628841215118,1.0139311099573076
44.0,129.0,143.72532653808594,-1.031688529475168,2.6823530279311223,-4.920721698144462,-4.97709752064372,-2.4976947905942515,1.3408167583046715,-0.5388039919047447,4.777646202404252,-0.7904959977875068,1.0139598697331331
44.0,129.0,143.725341796875,-1.031816806525096,2.682338336367347,-4.92048182295141,-4.9769315070756965,-2.4975912725592098,1.340728514127619,-0.5388016328122109,4.777534926003176,-0.7905004279777019,1.0140404946085892
44.0,129.0,143.72532653808594,-1.031598917058968,2.682352274502681,-4.9207565483352855,-4.977047515245997,-2.4976862375129616,1.340775492276275,-0.5388018262405749,4.777544640587301,-0.7904311327824072,1.0140173413647515
44.0,129.0,143.72531127929688,-1.0317185069998258,2.682271076028691,-4.920561965930974,-4.976951742000625,-2.497635503130154,1.34077898762932,-0.5387857146525121,4.777764690904496,-0.7904350865344014,1.013991992971718
44.0,129.0,143.72532653808594,-1.0317357459033665,2.6823349859721057,-4.920574737678829,-4.976923454175334,-2.49758872199454,1.3407087754572578,-0.5387603911413983,4.777634506973444,-0.790469175991749,1.0139524516987386
44.0,129.0,143.72531127929688,-1.0317226597841755,2.682252474568207,-4.920658437524023,-4.976949459310746,-2.497627323190712,1.3407794312695565,-0.5388472773522812,4.777583220687045,-0.7904291595733977,1.0139635243125111
44.0,129.0,143.72532653808594,-1.0317321586974564,2.6821479097831418,-4.920508190031172,-4.976891765020512,-2.497608930332312,1.3407514857925855,-0.5387385983285631,4.777565173108497,-0.7904655672006706,1.0139869552766188
44.0,129.0,143.725341796875,-1.031704221951926,2.682293954860027,-4.920702355826997,-4.977078951075518,-2.497704751275125,1.3408728022480425,-0.5388657895123874,4.777706778909703,-0.790504708888303,1.014017785275855
44.0,129.0,143.72531127929688,-1.0317025544443892,2.682400985689358,-4.920583294460168,-4.976999745907139,-2.497664154008177,1.3407905071241322,-0.5388173000828864,4.777505132407212,-0.7904249127711118,1.013930020939089
44.0,129.0,143.72531127929688,-1.031667727195912,2.682201731064808,-4.920631221849968,-4.976916957033922,-2.4976779524241124,1.3408341136324786,-0.5388135575653399,4.7775716837193,-0.7903810508857436,1.0139664553322767
44.0,129.0,143.72532653808594,-1.031604936101478,2.682354487196349,-4.920658876366238,-4.9769508982065584,-2.4976772083769108,1.3408027200023778,-0.5388360712256537,4.777721499136428,-0.7904408545489909,1.014042394041831
44.0,129.0,143.72532653808594,-1.0316553291305084,2.6823141596935143,-4.920509198796046,-4.977104851086775,-2.4976856983089304,1.3407813383610048,-0.5387842064756079,4.777687397383945,-0.7904658433006464,1.0139716292867442
44.0,129.0,143.72532653808594,-1.0317660341416297,2.68202916451599,-4.920722115444212,-4.977038918453709,-2.497702606488738,1.3407684270588662,-0.5388104952619033,4.777491586876362,-0.7904804357704363,1.0139793806384976
44.0,129.0,143.72531127929688,-1.0315986769826448,2.6823070140544205,-4.920645774776642,-4.976931701696264,-2.4976256416315827,1.3407673508944375,-0.5388198078659823,4.777489368445412,-0.7904504479157808,1.0139468988088645
44.0,129.0,143.72532653808594,-1.0317454047582109,2.6822680244519983,-4.920555300281491,-4.976990718272625,-2.497681225817759,1.3407440069091434,-0.5387601721220703,4.777557231944563,-0.7904880189540746,1.0139494155985354
44.0,129.0,143.72532653808594,-1.0316999442947643,2.6822395756604056,-4.920509726722239,-4.977032446619733,-2.4976366030618324,1.3408471325088458,-0.5388400057954872,4.77759238743441,-0.7905324702683405,1.013987288824869
44.0,129.0,143.72531127929688,-1.0316408612728556,2.682247080549752,-4.920584259797739,-4.976923792184175,-2.497698601850261,1.3406977545388583,-0.5388873500585571,4.777605739819421,-0.7904668425038031,1.0140343314106728
44.0,129.0,143.72532653808594,-1.0316417519233534,2.682191041142115,-4.920618924679525,-4.9770931012684025,-2.4977121523231247,1.340806026486975,-0.5388230274127235,4.777580311878491,-0.7905557369376579,1.0139926671439952
44.0,129.0,143.72531127929688,-1.0316905611591731,2.682194471690627,-4.9205800853344,-4.976998745203707,-2.497720584765009,1.340736209269238,-0.5388073942867821,4.777732791847775,-0.7905054222657597,1.0139698384492482
44.0,129.0,143.72532653808594,-1.03163927996484,2.682284101467504,-4.920656635356194,-4.976864038999417,-2.49765627531956,1.3407918827012573,-0.538850825595091,4.7774862702664365,-0.7904455435189552,1.0139791007626702
44.0,129.0,143.72532653808594,-1.0316198173757636,2.6821156435351075,-4.920616544806645,-4.977029174217233,-2.497641968158834,1.340755390819984,-0.5388038278005478,4.777568264013519,-0.7904252057675194,1.0139564492979218
44.0,129.0,143.72531127929688,-1.031668341343002,2.682234217140076,-4.920723700438101,-4.977039751285618,-2.497657562472618,1.3408445113442706,-0.5388274093064815,4.77756498619954,-0.7904615323351125,1.0139524512258555
44.0,129.0,143.72532653808594,-1.0317495151206306,2.6820539807473045,-4.920545839153526,-4.977050808911975,-2.497511202588791,1.3407237638015337,-0.5388048876364877,4.777560870083764,-0.7904458322288113,1.013952305651646
44.0,129.0,143.72532653808594,-1.031674089187296,2.682274571778981,-4.920769330314273,-4.977088063569289,-2.4977267456041723,1.3407716718510283,-0.538796345888163,4.777659359650242,-0.7904352995928159,1.0140199003714103
44.0,129.0,143.72532653808594,-1.031629580287614,2.6821682713558808,-4.920661772507972,-4.977162528992784,-2.497673053242701,1.3407270806663334,-0.5387892175303719,4.777664179109834,-0.7904722644958433,1.013913411605544
44.0,129.0,143.72531127929688,-1.0317088663984206,2.6823698720985,-4.920575119273181,-4.977027218326777,-2.4976858962586395,1.3408078890163075,-0.5388331425109891,4.777576974106006,-0.7904484530135143,1.0139657800799204
44.0,129.0,143.72531127929688,-1.0316915283216366,2.68223118633329,-4.9206485469884855,-4.976997294326506,-2.49767251851232,1.34077822947369,-0.5388209021074539,4.777666662150134,-0.7904578455605877,1.0139654603593504
44.0,129.0,143.72532653808594,-1.031634048078625,2.6822492377054763,-4.920684398361399,-4.976911474883931,-2.497702023209831,1.3407667731848267,-0.538773964138743,4.7775991558947055,-0.790405763421143,1.013938678576027
44.0,129.0,143.72531127929688,-1.031666095885659,2.682254933148376,-4.920565608848406,-4.977103836565471,-2.497758339533126,1.3407443418918028,-0.5388342549326266,4.777559856702457,-0.7903980309298984,1.013994126420469
44.0,129.0,143.72532653808594,-1.0317529447926126,2.682175035904716,-4.920570199298619,-4.977152000075358,-2.497650464559043,1.340707955664298,-0.5388303006105719,4.777633448374916,-0.7904283922215072,1.0140105791779686
44.0,129.0,143.72531127929688,-1.0316352740703802,2.682327587975232,-4.920578632892842,-4.977112703249346,-2.4975340511495947,1.3407585587025563,-0.5387995402726675,4.777472642024081,-0.7904911718433185,1.0139802895533503
44.0,129.0,143.72531127929688,-1.031711781217706,2.682251182568573,-4.920531376969123,-4.977047890389293,-2.4976763694409048,1.340718199433894,-0.5387954696640502,4.777459008144552,-0.7904477971921411,1.0139656278961429
44.0,129.0,143.72531127929688,-1.031552199625238,2.68228863801724,-4.920700313129461,-4.977125964697469,-2.4976561613678823,1.3407943494666874,-0.5388296035686659,4.777547008705431,-0.7904240190630158,1.0139548219158314
44.0,129.0,143.72532653808594,-1.0315110195366055,2.6823233883722297,-4.920515546761584,-4.977090370188098,-2.497650389976795,1.3407944481026304,-0.5388774569152517,4.77763644320482,-0.7904357393649306,1.0140230055507402
44.0,129.0,143.72531127929688,-1.031655688282247,2.682347967301128,-4.920633936797112,-4.976991829307509,-2.497671761500333,1.3407199844226456,-0.5388231724746051,4.777563030878202,-0.7904759038349924,1.0139288248012814
44.0,129.0,143.72532653808594,-1.0315674208169892,2.682280769981725,-4.920421667846116,-4.976926145692975,-2.4975951203695863,1.3407444187800337,-0.5388033795606875,4.77771594630317,-0.7904337241796302,1.013987286382342
44.0,129.0,143.72531127929688,-1.031672553806782,2.6821944591903257,-4.920573218222676,-4.976988246935656,-2.4977069586764724,1.340778265513304,-0.538745153591865,4.777618086136041,-0.7905150878969112,1.013950957311546
44.0,129.0,143.72532653808594,-1.031743329578343,2.682241359392368,-4.92066855205199,-4.977003573030165,-2.49760653427206,1.3407953649501223,-0.5388469963160789,4.777365064280858,-0.7904841098674797,1.013949779295208
44.0,129.0,143.725341796875,-1.0317403671214302,2.6824199771293413,-4.92056787935128,-4.977130322877226,-2.497684712389148,1.3406859229580732,-0.5387982462655483,4.777560689468945,-0.7904123352994272,1.0139642437661935
44.0,130.0,143.72532653808594,-1.0316061335462106,2.6823537684759984,-4.920691347977411,-4.977035913982729,-2.4976740653919456,1.3408627497504335,-0.5389206982552182,4.777509334462511,-0.7904585427603905,1.0139626590184587
44.0,130.0,143.72532653808594,-1.0316843977768748,2.682277655101056,-4.920704345309728,-4.9771542449726125,-2.497567090440249,1.340845160038456,-0.5388128360922151,4.777588861890976,-0.790431906537405,1.0139561740561105
44.0,130.0,143.72532653808594,-1.0316120241113902,2.682273790051564,-4.9207324657305165,-4.976876127856482,-2.4977314847642225,1.3408980161641662,-0.5387993948888905,4.77757604826248,-0.790435047570158,1.0139571366565043
44.0,130.0,143.7252960205078,-1.0317458713603047,2.682252008063408,-4.920630729271495,-4.976929658328361,-2.497679796526721,1.3407713834137454,-0.5388267117726722,4.77757457510959,-0.7904590309027899,1.013993164168456
44.0,130.0,143.72532653808594,-1.031724123222653,2.6822164659247303,-4.920616268174454,-4.977076318680966,-2.497774989883283,1.3407547860610798,-0.5388733074802845,4.777696082126662,-0.7904956503700609,1.0139742593187764
44.0,130.0,143.72531127929688,-1.0317665867918069,2.6822342561611325,-4.920579603666124,-4.976930810140851,-2.4976788608849225,1.3407397374139682,-0.5387966889710762,4.7774917254976685,-0.7904662383354708,1.0140093719274557
44.0,130.0,143.72531127929688,-1.0317358258238087,2.6822811824033552,-4.920516402316655,-4.977092993212406,-2.497716272071905,1.3408286448316489,-0.5388052744180314,4.777532902100365,-0.7904334136811588,1.013964968035758
44.0,130.0,143.72532653808594,-1.0316340494454497,2.682244319571602,-4.920624363437374,-4.976867247752079,-2.4977247362507224,1.34071878242227,-0.5388111232955142,4.7776285471786775,-0.7904575729301229,1.013958051841504
44.0,130.0,143.72532653808594,-1.0315920973771964,2.682337710029333,-4.920661457790298,-4.977047815536687,-2.497643665890479,1.3407331851148552,-0.5387766612336247,4.777584547476604,-0.7904192479149028,1.0139583507480818
44.0,130.0,143.725341796875,-1.0315596405972904,2.6823014362536206,-4.920600940813404,-4.976874516375291,-2.4977511229551537,1.3408484198844297,-0.5388577879434644,4.77755910602224,-0.7904368585341075,1.013925572675701
44.0,130.0,143.725341796875,-1.0316432075336008,2.682268391963971,-4.920522119456306,-4.976769384350313,-2.497714526003436,1.340851226154057,-0.5387739730919225,4.777565789258084,-0.7904129553704333,1.0139956429073471
44.0,130.0,143.72532653808594,-1.0316847269563962,2.6823784214696573,-4.920726816253903,-4.977005126104521,-2.497733682553027,1.3408356431866757,-0.5387880009470063,4.77761305968056,-0.7903874191785771,1.0139750598259774
44.0,130.0,143.72531127929688,-1.0317674904048029,2.6822910498317656,-4.9205585644608965,-4.977045129436578,-2.4976969875318806,1.3407452126697228,-0.5388359180287399,4.777651304860333,-0.7904272602585607,1.0139381427174072
44.0,130.0,143.72531127929688,-1.031653321434971,2.6822853250718373,-4.920666299581196,-4.97693665694112,-2.497691133809452,1.3408269341956434,-0.5388387255579383,4.777616673237661,-0.7904367013186926,1.013987048441031
44.0,130.0,143.72531127929688,-1.031652141764103,2.682207069046939,-4.920579265637702,-4.976987368787716,-2.49759623911644,1.340756760506082,-0.5387652806216163,4.777641880003186,-0.7904153775887099,1.013961753440162
44.0,130.0,143.72532653808594,-1.0316792991646224,2.6823717586326428,-4.920724673632752,-4.977013394770039,-2.497789046405265,1.340843031460114,-0.5388727241821485,4.777628274762558,-0.7904721170307276,1.0139623225423664
44.0,130.0,143.72532653808594,-1.0316807438553406,2.682181113801442,-4.920731287139832,-4.977119948633403,-2.4976394224782625,1.340700941571356,-0.5388201599216211,4.777741378071431,-0.7904092708633801,1.0139953783351805
44.0,130.0,143.72532653808594,-1.031606135088084,2.6822589020624177,-4.920528205668751,-4.977121811475713,-2.497618772830596,1.3408103813605798,-0.5388281001738884,4.777615223652049,-0.7904941580772498,1.0139823400949275
44.0,130.0,143.72531127929688,-1.0316452326151215,2.682249317484681,-4.920523182767297,-4.977022820581747,-2.497756965623472,1.340752428510939,-0.5388651855090547,4.777579508176624,-0.7904571287062652,1.0139423890205626
44.0,130.0,143.725341796875,-1.0316196990019098,2.682077432508817,-4.920837566189175,-4.976944367932029,-2.4976836647319347,1.3407845132107123,-0.5387695628359115,4.777653656166857,-0.7904004295542162,1.0140005156575596
44.0,130.0,143.72532653808594,-1.0316106256712845,2.6821389263373927,-4.920782276415358,-4.977019356344353,-2.497748270642532,1.340736945156733,-0.5388548532217676,4.777576051149648,-0.7904868959762803,1.0139360940309796
44.0,130.0,143.72531127929688,-1.0315738276215265,2.6822559822935226,-4.920650260253621,-4.976848107977024,-2.4976635863221155,1.3408038164665117,-0.5388196746399085,4.777604086404402,-0.7904137202461214,1.0139889291928927
44.0,130.0,143.72531127929688,-1.0317331533507117,2.682361105155601,-4.9206563509589065,-4.9769800714811,-2.4977400966736067,1.3407244380951229,-0.5388714586215535,4.7776313951024925,-0.7904928846467509,1.0140093466528626
44.0,130.0,143.72532653808594,-1.0317861093054406,2.682244165938851,-4.9206430832564365,-4.976990000557058,-2.497805348917803,1.3408238049331924,-0.5388203494711394,4.777572387908906,-0.7904758778437557,1.0139933293258805
44.0,130.0,143.725341796875,-1.0316483436168844,2.68220679375559,-4.920713280864142,-4.977039684023193,-2.497701021092012,1.3408892922278444,-0.5389365821089154,4.777514618897291,-0.7905164414907766,1.0139691379953977
44.0,130.0,143.72532653808594,-1.031674911323864,2.6822916275059967,-4.920735970081434,-4.976947359728117,-2.497777435980082,1.3407632536667098,-0.5388620767960939,4.777804844288765,-0.790453048905464,1.0139561924289158
44.0,130.0,143.72532653808594,-1.0316050996115589,2.682336205261003,-4.920614169930336,-4.97695200598128,-2.4977950860765583,1.3408453128279554,-0.5388637644095056,4.77754782141815,-0.790507056888142,1.0139646950283296
44.0,130.0,143.72531127929688,-1.031613374742414,2.682345875358619,-4.920701413402087,-4.97699572528385,-2.497633096684733,1.340809762154792,-0.5388354464604861,4.777574677930724,-0.7904438441207606,1.0139933085506447
44.0,130.0,143.72531127929688,-1.0317397925599971,2.682209876871948,-4.920654676451568,-4.9769204920093575,-2.4975991765947385,1.3407773826022105,-0.5388341309434042,4.7775366075120544,-0.7904638001812279,1.0139885170612528
44.0,130.0,143.72532653808594,-1.031738281173645,2.682316663441826,-4.920652270114396,-4.977036077194324,-2.497681706584664,1.340906161250751,-0.5388513122359768,4.777664555803977,-0.7904537815224462,1.013928767245968
44.0,130.0,143.72531127929688,-1.0316686908333357,2.6821840864761057,-4.9207966564883066,-4.977010961792989,-2.4976525652435644,1.3407868234839446,-0.5387986753377909,4.777640448770631,-0.7904381679009926,1.0139330266701432
44.0,130.0,143.725341796875,-1.0316605286397111,2.68238826509076,-4.920747616491228,-4.977046426638972,-2.4976784190168706,1.340797890871773,-0.538816199063219,4.777485023071858,-0.7904488076368281,1.0139630809895923
44.0,130.0,143.72532653808594,-1.0316575344541343,2.682286049839816,-4.920673138448496,-4.976793601013952,-2.4976940378735533,1.340735226857113,-0.5388399337226328,4.777677972345067,-0.7904348218819903,1.0140096926751223
44.0,130.0,143.72532653808594,-1.031761763379666,2.682118374511809,-4.920615586281302,-4.977045345156958,-2.4976012473710214,1.3407441231925177,-0.5388412175200248,4.777667818531647,-0.790391832154981,1.0139410612717654
44.0,130.0,143.72532653808594,-1.0317411287047085,2.6822672931613534,-4.920576736294813,-4.976999710394853,-2.497562584717256,1.3408635066795993,-0.538755535164908,4.777577951166357,-0.790466504933228,1.014015506208663
44.0,130.0,143.72532653808594,-1.031713477646225,2.682238875969438,-4.920712116263145,-4.976952238501224,-2.497561877360228,1.3408001535295808,-0.5388558082172885,4.777451572060574,-0.7904948572585297,1.0139361232041164
44.0,130.0,143.7252960205078,-1.0317505724942473,2.682269191264549,-4.920611815795841,-4.977004188047852,-2.497587961539604,1.340744302277467,-0.5388609580671133,4.777629426504802,-0.790452073472049,1.01399794867726
44.0,130.0,143.72532653808594,-1.0317043013508576,2.6822465760341627,-4.920581461344589,-4.976862167559416,-2.497654502788158,1.3406845375280063,-0.5387618124088629,4.77755087552436,-0.7904009041826878,1.013948442277627
44.0,130.0,143.72532653808594,-1.0316719559016052,2.6823763039378123,-4.920583720985432,-4.976898721258338,-2.4977596502603534,1.340814888640839,-0.538809530782391,4.777527878468087,-0.7904639711627279,1.0139837084027477
44.0,130.0,143.72531127929688,-1.0317397659010163,2.682265338290498,-4.92073181590357,-4.976943254109338,-2.497751210247458,1.3407662767213226,-0.5388514723123983,4.777627262291604,-0.79045516623205,1.013987064340367
44.0,130.0,143.725341796875,-1.0317418608690634,2.68207103266119,-4.920655230326735,-4.976963833977648,-2.497693776945344,1.3408545021050493,-0.5388694111852645,4.777450981598777,-0.7905197391380714,1.0139549927568936
44.0,130.0,143.72531127929688,-1.031735264243976,2.682180245878836,-4.920565560866304,-4.976913218383006,-2.4977054974068507,1.3407295782504915,-0.5388366674883329,4.777639071202628,-0.7905228256424088,1.0139571043903794
44.0,130.0,143.72532653808594,-1.0316202956543217,2.6822691615553733,-4.920532415855094,-4.976845009574951,-2.497622072623959,1.340702836929636,-0.5388227684163835,4.777484742749111,-0.7904815436331774,1.014014149097349
44.0,130.0,143.72531127929688,-1.0317482122666235,2.682184168274641,-4.920618492895497,-4.976967517421234,-2.497592961023744,1.3407187415498267,-0.5388172148084198,4.777562326361991,-0.7904439995003116,1.0139439893103883
44.0,130.0,143.72532653808594,-1.0318085681565623,2.682227484183615,-4.920707660824681,-4.976895338508793,-2.4976726806238414,1.3407029137629394,-0.5387604342704719,4.777590013329098,-0.7904310691012393,1.0140067249996862
44.0,130.0,143.72532653808594,-1.0316101436717275,2.6823737492290736,-4.92065108775594,-4.976959789717319,-2.497669793561386,1.340824370959642,-0.5388434209118467,4.777674568555982,-0.7904204782585325,1.0140080547545969
44.0,130.0,143.725341796875,-1.0316893668995726,2.6823035465451426,-4.920566027278819,-4.977098808379076,-2.49767830440728,1.3408935246150513,-0.5387993185845419,4.77766771576446,-0.7904916450006851,1.0140131586940644
44.0,130.0,143.72532653808594,-1.0316551059246215,2.682232093480269,-4.920787335744089,-4.97688035104665,-2.497640536244709,1.3408590512812069,-0.5388631340746439,4.777517216787121,-0.7903973606260264,1.0139763516030431
44.0,130.0,143.72531127929688,-1.0316578596460655,2.682240277557071,-4.920623624070557,-4.977019391077187,-2.4976980356310605,1.340730111709445,-0.5388516444804967,4.77762760353437,-0.7903958005220266,1.0140019523812374
44.0,130.0,143.72531127929688,-1.0316530537283382,2.6822706608548854,-4.92057237101132,-4.977103147153218,-2.49765983119421,1.3407276310651826,-0.5388228659287773,4.777620302873103,-0.7904410995395992,1.0139776117346742
44.0,131.0,143.72531127929688,-1.031668074638059,2.682339534191134,-4.92067733731897,-4.976997254713283,-2.49764370139354,1.3408822592373149,-0.5388278641399875,4.777612808507247,-0.7904522334660058,1.0139675475007677
44.0,131.0,143.72531127929688,-1.0316526730711404,2.682187566063172,-4.920637553575694,-4.976825011379014,-2.4976492470981784,1.3407530848675364,-0.5388232496003198,4.777492431524294,-0.7904674579494433,1.0139642504333004
44.0,131.0,143.72532653808594,-1.0317163029833898,2.682239011718414,-4.920514498255927,-4.977090028166376,-2.497740022899092,1.3407990311874949,-0.538807708644109,4.777540156366621,-0.79041091433883,1.0139445626310124
44.0,131.0,143.72531127929688,-1.0316777183069856,2.682211647755292,-4.920637365239511,-4.976983990436628,-2.497654632399699,1.3407593883252789,-0.5388064073648788,4.777567783872479,-0.7904313171387214,1.013970881497949
44.0,131.0,143.72532653808594,-1.0316983833042288,2.682204073823353,-4.920647678725664,-4.976938257942004,-2.497743438231033,1.34069288297243,-0.5387859653545597,4.7775624589592685,-0.7904222562023282,1.0139741548492234
44.0,131.0,143.72531127929688,-1.0317479982835511,2.682199560478484,-4.920671974868964,-4.976970771924029,-2.4977047626508826,1.3406927145237528,-0.5388302299420564,4.777544663966674,-0.790425110610002,1.0139491042896562
44.0,131.0,143.72531127929688,-1.0316268988771815,2.682149608027257,-4.920543084325481,-4.97700094735156,-2.49760340916462,1.3407892916509647,-0.5387881417718177,4.777562927967679,-0.7904843533886359,1.0140006892347415
44.0,131.0,143.72531127929688,-1.031677490511052,2.6822342565757173,-4.920544902346316,-4.9770159943490695,-2.497724162089922,1.3407656935189074,-0.5388672079061223,4.777626363206352,-0.7904014734543798,1.0140080089798928
44.0,131.0,143.72532653808594,-1.0317498605925812,2.6822389768538004,-4.920630683533028,-4.976948508461575,-2.497714387309229,1.3408541450302316,-0.538772793864565,4.777590505305142,-0.7903985642808902,1.0139572994849777
44.0,131.0,143.72531127929688,-1.0316504068017514,2.682273839167353,-4.920531056884202,-4.977071564870599,-2.49775919584612,1.3407657618605278,-0.5388182204934289,4.77750515254583,-0.7904110909681688,1.0139638625712042
44.0,131.0,143.72531127929688,-1.0317107748860876,2.682305263000769,-4.920598052825278,-4.976964094636418,-2.497672248220021,1.3407897267658695,-0.5387931362561771,4.77763650362434,-0.7904024528682667,1.0140205059440373
44.0,131.0,143.72532653808594,-1.031761549022472,2.6823254194847888,-4.920507015989172,-4.977089064818766,-2.497565000632925,1.340771375024099,-0.5388521462017533,4.777542315054932,-0.7904184855215401,1.0139339886963636
44.0,131.0,143.72531127929688,-1.031771353052796,2.682210293848589,-4.920474956097299,-4.976943215642268,-2.497720059413693,1.3407215282459894,-0.5388150586652962,4.777603714789532,-0.7904393168140968,1.013972515578871
44.0,131.0,143.72532653808594,-1.031650360487899,2.6822981475297283,-4.920844586309976,-4.977004276710086,-2.4976527108653013,1.3407488577184008,-0.5388691201811335,4.777597379683444,-0.790473640328134,1.013979261928898
44.0,131.0,143.72531127929688,-1.031680054386173,2.6822594697285504,-4.920692951560167,-4.977036379140629,-2.497633154996151,1.3407857442828668,-0.5388430827489632,4.77754910690518,-0.7904402792019036,1.0139868883595016
44.0,131.0,143.72531127929688,-1.0316918822087624,2.6823391860168533,-4.920661125338358,-4.977001249413366,-2.4976989273118484,1.340785800041021,-0.5388496741873929,4.777655488935032,-0.7904706000678345,1.013994780095851
44.0,131.0,143.72531127929688,-1.0317246106457303,2.682174045487605,-4.920578468048371,-4.976965632200346,-2.497705777180891,1.3407804889635333,-0.5387770178015119,4.777579082148973,-0.7904499543824501,1.0139519777893955
44.0,131.0,143.72532653808594,-1.0316583187602024,2.68221656952468,-4.920651451505659,-4.976989740291991,-2.497660057440363,1.340716583997135,-0.5388565328199775,4.777562053309065,-0.7904874653244596,1.0140154639083212
44.0,131.0,143.72532653808594,-1.0317716884637984,2.6821841953709047,-4.920531458588152,-4.977056701577881,-2.497627454174791,1.340722337267537,-0.5388374650109151,4.777674081715107,-0.7904974584262447,1.013936047764413
44.0,131.0,143.72531127929688,-1.0316351039972584,2.682166204319981,-4.920624529855152,-4.977045059925279,-2.497668065253938,1.3407733516750762,-0.5387645554409781,4.777596523473253,-0.790410904961595,1.0139398483222646
44.0,131.0,143.72532653808594,-1.031649113632183,2.682355386702372,-4.920792124096733,-4.97697837592949,-2.4976543488640246,1.3407155748329282,-0.5388398037610038,4.777568217832076,-0.7904393389912467,1.0139860140089816
44.0,131.0,143.72532653808594,-1.0316163365961015,2.682254598261972,-4.920617354296,-4.976989198081836,-2.497543096710128,1.3407750724331704,-0.5388191689385247,4.777641811148154,-0.7904485159804295,1.0140261644729858
44.0,131.0,143.7252960205078,-1.031690435825502,2.682307442506556,-4.920562987406503,-4.976954498124035,-2.497611981080581,1.3407806369418864,-0.5388742760478751,4.777598323121982,-0.7904594324948775,1.0139910173904827
44.0,131.0,143.72532653808594,-1.0316530121174812,2.682232395279568,-4.920617299862403,-4.977066489558389,-2.4977348040303977,1.3408014878011345,-0.5388201802651249,4.777575422866551,-0.7903813748617505,1.013962067968567
44.0,131.0,143.72531127929688,-1.0317483056511434,2.6822946053658487,-4.920537586425038,-4.976963493099629,-2.497681185461165,1.3407695594964295,-0.5387800231571305,4.777529173825409,-0.7905009310873758,1.0139708224101165
44.0,131.0,143.72531127929688,-1.031665095334123,2.6822644600182475,-4.920758360806116,-4.977030127121805,-2.4976708093770137,1.3407951672340594,-0.5388586631741727,4.777596677023126,-0.7904440454921096,1.0140068374853983
44.0,131.0,143.72532653808594,-1.031737756779986,2.682267565073655,-4.92077704271523,-4.976939635836113,-2.4977004907202653,1.3407679452999195,-0.538792736970505,4.777731698902404,-0.7904461325668803,1.0140249118689404
44.0,131.0,143.72531127929688,-1.0316691687964208,2.682359982183713,-4.920632821328319,-4.976916595808495,-2.4975243587190654,1.3407674096104198,-0.5388180428751248,4.777674571733865,-0.7904643550333947,1.014011482606759
44.0,131.0,143.7252960205078,-1.0317216168381198,2.6822851597170816,-4.920658778248564,-4.9769323744076805,-2.497688588297149,1.3407584834501742,-0.5388056032530883,4.777661406872626,-0.79043827392033,1.0140059364813503
44.0,131.0,143.72532653808594,-1.031709691439603,2.682171410477737,-4.920619741764058,-4.97702609484769,-2.497673538408689,1.3407924002487448,-0.5388977031100319,4.777766970372486,-0.7904784358779606,1.014054001364883
44.0,131.0,143.72532653808594,-1.0317507900350775,2.6823436537408014,-4.920641322234709,-4.976953687347868,-2.4977687909129767,1.340751404000903,-0.5388037911378971,4.777450071832307,-0.7904357876272545,1.01396052379544
44.0,131.0,143.72531127929688,-1.0317396688607057,2.6822333296164818,-4.92062864335426,-4.976921960672339,-2.497629214146169,1.34070484757578,-0.5388596841884921,4.777625576579975,-0.7904383426531236,1.013986228418874
44.0,131.0,143.72531127929688,-1.031609855068456,2.682234666307628,-4.920650386750808,-4.977090330351127,-2.4977208650482288,1.3407443647168416,-0.53883299789348,4.777610583946185,-0.7904817422754231,1.0139744458491364
44.0,131.0,143.72531127929688,-1.0316913573658648,2.6821930734210326,-4.920663071098921,-4.977077980707065,-2.497695378557921,1.3407911555640446,-0.5388588141380808,4.77758753124454,-0.7904119833368508,1.013975132279196
44.0,131.0,143.72532653808594,-1.03179261691049,2.682126941976001,-4.920627511217288,-4.977039257693064,-2.4977008150177,1.3407551760216307,-0.5388406264978238,4.777446372542212,-0.7904853996960117,1.0139929063200102
44.0,131.0,143.72532653808594,-1.0317079021416689,2.6822321128199462,-4.920577558950368,-4.976972747412928,-2.4975979481617783,1.3406867935347222,-0.5388107067499988,4.77766524412637,-0.7903736110812591,1.0139711507086444
44.0,131.0,143.72531127929688,-1.031692283703205,2.6823096408681133,-4.920712509357057,-4.976942152298207,-2.4976131269453328,1.3407480592015677,-0.5388135252884254,4.777564282438213,-0.7904419568886789,1.0139546761389573
44.0,131.0,143.72531127929688,-1.0317212585275053,2.682130464143506,-4.920673151960498,-4.976990076409094,-2.4976812805352884,1.3407020383038717,-0.5387826440481138,4.777626430656868,-0.7904731477365967,1.013998804396793
44.0,131.0,143.72531127929688,-1.0317199274165385,2.682247619342329,-4.92061595603212,-4.976958480956553,-2.4976604196520773,1.3407628987869575,-0.5388749959381389,4.777535386318323,-0.7904603093791964,1.0139586502041371
44.0,131.0,143.72531127929688,-1.0316411866144564,2.682354068514128,-4.9206891488384565,-4.976979075276443,-2.497627967213631,1.3407728627006748,-0.5388609853387489,4.777543868116847,-0.790448724011469,1.014044501230856
44.0,131.0,143.72531127929688,-1.0316654630567164,2.682379993500144,-4.920689996045853,-4.976992624949813,-2.497586231212016,1.3408218001772374,-0.5388297195609173,4.777526919779625,-0.7904072713792383,1.0139992084744325
44.0,131.0,143.72531127929688,-1.031641872288292,2.6822535591098804,-4.920683796233064,-4.977061226761845,-2.49758653037286,1.3407525090979089,-0.5388266949943556,4.7775712207997,-0.790409717972147,1.013947792139863
44.0,131.0,143.72532653808594,-1.0317974644253676,2.682129956104907,-4.920646306667543,-4.9769198537933,-2.4976780689736984,1.3407259470381927,-0.5388444009603521,4.777558898722349,-0.7904175829862066,1.013947646059881
44.0,131.0,143.72532653808594,-1.0317172508375585,2.6822153393665555,-4.9206542939144535,-4.976985988648823,-2.4978157174357856,1.3407098036603389,-0.5389051359432973,4.777588551110817,-0.7904318214087116,1.0139633541075677
44.0,131.0,143.72531127929688,-1.031707683146141,2.6821548401758823,-4.920661500284191,-4.977005400514363,-2.4976487347800136,1.340764720557246,-0.5388548989572914,4.77769803760245,-0.7904351030243078,1.0140269951650618
44.0,131.0,143.72531127929688,-1.0318070014350376,2.682324618594248,-4.9206773321893165,-4.977045608361521,-2.497699233210808,1.3408100282580744,-0.5388854932735025,4.777641264409819,-0.7904606029040435,1.0139585659560275
44.0,131.0,143.72532653808594,-1.031660157486785,2.6821651324197155,-4.92068443827869,-4.976929189523088,-2.497582929044304,1.3407983364417806,-0.538760344296783,4.777458944308394,-0.7904414261538619,1.0139854487968414
44.0,131.0,143.7252960205078,-1.0317063522137335,2.6822388896808054,-4.92057391489688,-4.97699122834092,-2.497725033092149,1.340778665452155,-0.5388439729872632,4.777561470750223,-0.7904485282136147,1.0139688453122029
44.0,131.0,143.7252960205078,-1.0316400291267982,2.682234874773438,-4.920538389620218,-4.976969370364342,-2.4976870699239075,1.3407712174731443,-0.5388448014148874,4.777626679146355,-0.7904453057649103,1.0140062580922402
44.0,131.0,143.725341796875,-1.0316878599021164,2.6823326675423145,-4.9205172758957305,-4.97710441234853,-2.497734962091525,1.3407164173802624,-0.5388592143096567,4.77748679885336,-0.7904081515135921,1.0139720699585926
44.0,132.0,143.72531127929688,-1.0316917857059202,2.682321138810492,-4.9206232563544186,-4.9770720856051645,-2.4975989284783333,1.340792057951986,-0.5388830168837266,4.777571051985907,-0.790409379273731,1.0139685239813616
44.0,132.0,143.72531127929688,-1.031685470943005,2.682329359365027,-4.920693323765594,-4.976986367300004,-2.497688147230061,1.3407945287126246,-0.5388509691735326,4.777524165985984,-0.7904562817990017,1.0139635558857734
44.0,132.0,143.72531127929688,-1.0317012381675736,2.682270741468635,-4.92059746420348,-4.976871773552288,-2.497734731866175,1.340816147073186,-0.5388251049018127,4.777544299279638,-0.7904933707492869,1.0139997366028215
44.0,132.0,143.72531127929688,-1.0317110511532697,2.68227851659697,-4.920730599899722,-4.976970404796265,-2.497670561423168,1.3407855718036918,-0.5387987775041871,4.77759982932006,-0.7904903421361613,1.013999919323311
44.0,132.0,143.7252960205078,-1.031691851706444,2.682307192687679,-4.9206454716003805,-4.97697980302891,-2.497643533523805,1.3407681470296628,-0.5388266455122288,4.777590572531473,-0.7904468872866417,1.0139900599712952
44.0,132.0,143.72531127929688,-1.0316257392682142,2.6822215121106314,-4.920703739690895,-4.977006255626004,-2.4976446691485825,1.3407513279784036,-0.538854962843633,4.777626046432072,-0.7904533472101614,1.0139774121495249
44.0,132.0,143.72532653808594,-1.0317069269698829,2.6823394700532788,-4.920506379671463,-4.976989948747444,-2.497621673184938,1.3406948011516215,-0.5388461405006275,4.777559045976693,-0.7904709906155736,1.0139876247978972
44.0,132.0,143.7252960205078,-1.031692487442308,2.682282306331003,-4.920650202036197,-4.976943683252033,-2.497719809188179,1.340747108293523,-0.5388750602353038,4.777620643804774,-0.7904692049952118,1.013976824159836
44.0,132.0,143.7252960205078,-1.0317025568009894,2.68219419455278,-4.920630117706159,-4.9770515469207135,-2.4976442570111974,1.3407785385797908,-0.5388734636258254,4.777555834672443,-0.7904366852057034,1.0139794157963138
44.0,132.0,143.72531127929688,-1.0316366864145523,2.682317811552789,-4.920491865401006,-4.977014655676251,-2.497673097119072,1.3407758532405063,-0.5388427224132109,4.777557707088494,-0.7904498987321436,1.0139880941201476
44.0,132.0,143.72531127929688,-1.03171244375188,2.682216239665056,-4.9206701142842375,-4.9769534874958286,-2.4976586885227285,1.340757344696316,-0.5388644255084181,4.777654833244846,-0.7904158343068843,1.0140041486927591
44.0,132.0,143.72531127929688,-1.031677358749949,2.6822825127867205,-4.920629808969797,-4.976955402577371,-2.49771794461149,1.3408136702832198,-0.5388548454008868,4.777671137254815,-0.7904208879656558,1.013985785181026
44.0,132.0,143.72531127929688,-1.0317862490397491,2.6822630030608536,-4.9206630192715055,-4.976960630751179,-2.497561978620059,1.3407347894988997,-0.5388406731916735,4.777599349971812,-0.7904638245041928,1.0139705773818672
44.0,132.0,143.72531127929688,-1.0316649381125136,2.6823510848074346,-4.920600092457574,-4.976944434075682,-2.497711165773064,1.3407621979950193,-0.5388793650219226,4.777604337397509,-0.79048158218297,1.014028393508008
44.0,132.0,143.72531127929688,-1.0316615651609955,2.6822363736650425,-4.920613366846788,-4.976969370778255,-2.497663906266125,1.340713672920427,-0.5388220725373003,4.777627172274542,-0.7904557528746308,1.0139988821247323
44.0,132.0,143.7252960205078,-1.0316939071353688,2.682336725878792,-4.920616210654747,-4.976975273099967,-2.4976814545968864,1.340788019186251,-0.5388262496935177,4.777595945617451,-0.790447178559349,1.0139860489209616
44.0,132.0,143.72531127929688,-1.0317028232668417,2.6823531601779527,-4.920690858239024,-4.976974515609996,-2.497581321704791,1.340786039966627,-0.5388515526133206,4.777597771377074,-0.7904389978800435,1.0139827031874225
44.0,132.0,143.72532653808594,-1.0316397656153873,2.6822049539492205,-4.9206341203571045,-4.977072403456859,-2.497737497106589,1.340867930692557,-0.5388428704800354,4.777475172680099,-0.7904609759320911,1.0139587390792562
44.0,132.0,143.72531127929688,-1.031703197462695,2.68218525523955,-4.920568353432393,-4.976875711373084,-2.4977357220662744,1.340750864871863,-0.5387703802335739,4.777637838888433,-0.7904302154822709,1.0139673083862537
44.0,132.0,143.72531127929688,-1.0316141607420004,2.6823243025067107,-4.920551086589191,-4.977002572600733,-2.49763534372216,1.3407355522254685,-0.5388700768083687,4.777637946230628,-0.7904428976102853,1.0139947037887236
44.0,132.0,143.72531127929688,-1.0316453653058693,2.6823205612241283,-4.920602061993635,-4.976980643446477,-2.497662944389448,1.3407414880655963,-0.5388436342465441,4.777590247267877,-0.7904668393921686,1.013949750612304
44.0,132.0,143.72531127929688,-1.0317287927587215,2.6823220757610864,-4.920547934170426,-4.976981269232534,-2.49760800424325,1.340741168625521,-0.5387931926960636,4.777573473431078,-0.7904188567106436,1.0139858713542491
44.0,132.0,143.72531127929688,-1.03178973921072,2.6822483896600176,-4.9207265345272,-4.976892518550023,-2.4976464297971224,1.3407662460722047,-0.5388323842271614,4.777671280802611,-0.7904473651059911,1.014005704246454
44.0,132.0,143.72531127929688,-1.0317119495369158,2.68228368781698,-4.920595457321354,-4.976961186754226,-2.4977312522058392,1.3407492862376529,-0.5388011660250394,4.777650013228206,-0.7904201682187235,1.013980721131884
44.0,132.0,143.72531127929688,-1.031735226230114,2.6823237141508462,-4.920678206033232,-4.976954946324859,-2.4975893663402533,1.3407383570867726,-0.538792833133285,4.777631171107529,-0.7903973493734746,1.0140090794070176
44.0,132.0,143.72531127929688,-1.031661422543959,2.682273898609004,-4.920618970047372,-4.976980357458364,-2.497600714935885,1.3407313399369682,-0.5388217888530589,4.777667013269371,-0.7904460554815538,1.013932754744021
44.0,132.0,143.72531127929688,-1.031694721353667,2.682302791524881,-4.920529978071444,-4.976891784243969,-2.4976589992729226,1.3407859272579437,-0.5388609750896478,4.777623658259479,-0.7904309801729852,1.0140280433144475
44.0,132.0,143.72531127929688,-1.0316411399418364,2.682222218088011,-4.920732656260743,-4.976956842676042,-2.497613742076997,1.340824821781318,-0.5388681811336635,4.777685684918572,-0.7904561032972337,1.0139895675667674
44.0,132.0,143.72531127929688,-1.0316635072288265,2.6823888207767723,-4.920564242785242,-4.976997842342843,-2.497660850566608,1.3407741438981882,-0.5388166146786046,4.777574336791584,-0.790436223120726,1.0140001635088014
44.0,132.0,143.72531127929688,-1.0316289533767171,2.682297019315838,-4.920472621859566,-4.977077689440576,-2.497665076053404,1.3407597866037433,-0.53885070061503,4.7775762795508,-0.7904770607347933,1.0139601474566824
44.0,132.0,143.72532653808594,-1.0317653555062147,2.6823261103862297,-4.920631098523248,-4.977045950558408,-2.497673276102663,1.3408565098006022,-0.5388620316356842,4.777460538013143,-0.7904274277898269,1.0139799934528568
44.0,132.0,143.72531127929688,-1.0316640580055032,2.6823224729472592,-4.92059840081155,-4.976945892531364,-2.497723011287048,1.3407994052996657,-0.5388363829673635,4.777542496438253,-0.790419166079027,1.013957350724251
44.0,132.0,143.72532653808594,-1.031667469997697,2.682319932916241,-4.920674706587757,-4.977016518431886,-2.4976765549861746,1.340837690283906,-0.5389349459906434,4.7775972156317845,-0.790481688900992,1.0139682130498198
44.0,132.0,143.72531127929688,-1.0317059425116843,2.682263077766988,-4.920536061877148,-4.977037858707277,-2.497613624356779,1.3407467922788587,-0.5388791157253525,4.777638154205066,-0.7904064664719552,1.0139973926225752
44.0,132.0,143.72532653808594,-1.0316581519710502,2.682164591551583,-4.920730951276605,-4.976929388640592,-2.4976512821903354,1.340848693353229,-0.5387612428009012,4.777608017748802,-0.7904094957174799,1.014004017549576
44.0,132.0,143.7252960205078,-1.031687633737457,2.682248243691596,-4.920578008296112,-4.976914682216044,-2.497708099664093,1.340828464986961,-0.5388309947879231,4.777560862757648,-0.7904722999683838,1.013985207054314
44.0,132.0,143.72531127929688,-1.0317000134978818,2.6822518297713884,-4.920658906870607,-4.977005532049713,-2.4976662908826306,1.340826621653313,-0.5389031458984856,4.777578219924289,-0.7904205983479828,1.0139978477400202
44.0,132.0,143.72531127929688,-1.0317563828510157,2.6822650099289493,-4.920638836875975,-4.977048448969648,-2.49768325018888,1.3407147328176183,-0.5388352896461113,4.777574452985448,-0.7904377605169621,1.0140094693882045
44.0,132.0,143.72531127929688,-1.0317600141372112,2.68234290289022,-4.920562669119153,-4.977011101258314,-2.497688345057848,1.3407911998879936,-0.5388292013709748,4.777633188412317,-0.7904858558396812,1.0139991439651863
44.0,132.0,143.72531127929688,-1.0317634034248933,2.682244422741878,-4.920654370853641,-4.977038057049558,-2.49767460719407,1.340777528199789,-0.5388420049309319,4.777595998317203,-0.7904407037501624,1.0139422131953406
44.0,132.0,143.72531127929688,-1.0316511482749031,2.6822181781059795,-4.9206373693321455,-4.977035094997736,-2.4975821280554937,1.3407617503844271,-0.5388138669641194,4.777672609375781,-0.7904702971989161,1.0139800953499218
44.0,132.0,143.72531127929688,-1.0316292601433306,2.68227106550221,-4.920600880393176,-4.976919208798408,-2.497703291452039,1.340786113279611,-0.5387914889247085,4.777476301894527,-0.7904029352487294,1.0139761006075003
44.0,132.0,143.7252960205078,-1.03165545009311,2.6822060428600665,-4.920593546762224,-4.977049660469104,-2.497718881809448,1.3407827121839606,-0.5388153923199726,4.7776127486757325,-0.7904447222505127,1.0139872798230858
44.0,132.0,143.72531127929688,-1.0315935953319642,2.682170630027093,-4.920638102378016,-4.976998652560768,-2.497638968875595,1.3407365200938752,-0.5387958913812962,4.777606936296223,-0.7904436641261645,1.0139635408337495
44.0,132.0,143.72532653808594,-1.0316244996319748,2.682342731733094,-4.920638065096936,-4.976906709307111,-2.4975594383975155,1.3407323477082569,-0.5388117430664527,4.7775439620894105,-0.7905052094502087,1.0140006954949303
44.0,132.0,143.7252960205078,-1.031590552156885,2.682300225931902,-4.920528273866774,-4.976982262815178,-2.497625750539956,1.3407785960869756,-0.5388611481962098,4.777557683073647,-0.790436284528254,1.0139790818035197
44.0,132.0,143.72531127929688,-1.0316733180177984,2.682233149609705,-4.920576968167613,-4.976901762418662,-2.497657405808647,1.3407056419741714,-0.5387925530341411,4.7776087144095865,-0.790457416980515,1.0140170078499802
44.0,132.0,143.72531127929688,-1.0317056035919523,2.6822495636563133,-4.9206354405396135,-4.977058706090572,-2.497655838051484,1.3408103796005255,-0.5388729206614578,4.777576883530236,-0.7904313031823023,1.0139977399885574
44.0,132.0,143.72531127929688,-1.031622116616842,2.682291597093621,-4.920719716858945,-4.9770232983788185,-2.4977013463173443,1.3407704543367576,-0.5388349485883666,4.777660626418118,-0.7904488570573553,1.0139810429656029
44.0,132.0,143.72531127929688,-1.0316779738987585,2.682374948955032,-4.92051886766882,-4.976989877957039,-2.497719532346339,1.3408250542804891,-0.538850291764108,4.777639397759408,-0.7904458996042489,1.013997590511253
44.0,133.0,143.72531127929688,-1.0315704768109422,2.682316633515139,-4.92054449441547,-4.977016364899939,-2.4975930840996696,1.340823307012199,-0.5388308226129199,4.777518041485328,-0.7904484963604483,1.0139607996374886
44.0,133.0,143.72531127929688,-1.0316981924722983,2.6822050921699114,-4.920608601196453,-4.976991365510176,-2.4976766976917526,1.3407848847386692,-0.5387958846954817,4.777630742268379,-0.7904704021846589,1.0139979251699671
44.0,133.0,143.72531127929688,-1.0316607863910083,2.682277092105619,-4.920691725430866,-4.976976118527576,-2.4976268317869668,1.3407315456563582,-0.538849604702234,4.7776014008389005,-0.7904591170713031,1.0139585218704212
44.0,133.0,143.72531127929688,-1.0316772557358709,2.682257175666175,-4.920657227184853,-4.976994200112382,-2.49761385979248,1.3408647204639106,-0.5388811377162481,4.777659696560129,-0.790425758230632,1.0139682550393223
44.0,133.0,143.72531127929688,-1.031712734938198,2.682325503775367,-4.920575213674909,-4.976937076294224,-2.497643112984748,1.3407724830292187,-0.5388754196088907,4.777653903472983,-0.7904360855633614,1.01399978175602
44.0,133.0,143.72531127929688,-1.0316516548354349,2.682338838246557,-4.920574411997436,-4.977006354029109,-2.497684081023692,1.3407286294657954,-0.5388734021904824,4.777612078145875,-0.7904505302479725,1.0139935952189223
44.0,133.0,143.7252960205078,-1.031729455464061,2.6823264577473225,-4.920604074066694,-4.97697438551579,-2.4976466313836987,1.3407539712732586,-0.538848769051369,4.777656198198073,-0.7904594100283733,1.013963777624073
44.0,133.0,143.72531127929688,-1.0317107357053428,2.6822318005289816,-4.9205652377555325,-4.977021949525451,-2.4976751534059765,1.3407575703884564,-0.5388391816169769,4.777630331076912,-0.7904082736374809,1.0140141355814158
44.0,133.0,143.72531127929688,-1.031651723773757,2.682267523051652,-4.92061968693978,-4.976965390812458,-2.4977199059586352,1.3408151362821403,-0.5388596626461881,4.777579840244275,-0.7904129571581624,1.0139884979555536
44.0,133.0,143.72531127929688,-1.0317474394333654,2.6823608271318333,-4.920587921549352,-4.977011494101447,-2.497730661152864,1.3407291448630962,-0.5387887213113718,4.77760033064283,-0.7904515809871837,1.0139635532979678
44.0,133.0,143.72531127929688,-1.0317848435734458,2.6822391803091348,-4.920610718795561,-4.977008565926641,-2.497675572134721,1.340804170768659,-0.538813379611188,4.777574211237576,-0.7904566124571453,1.0139838459830255
44.0,133.0,143.72531127929688,-1.0317505876268878,2.682221307079628,-4.920560373816858,-4.976936345082599,-2.4977024843100515,1.340799232469042,-0.5388291036084913,4.777575322117272,-0.7904345504006578,1.0139822834265555
44.0,133.0,143.72531127929688,-1.0316350933946588,2.682229729204757,-4.920668351740106,-4.976982549774354,-2.497679992441895,1.3408095729718186,-0.5388409733030608,4.777595279333957,-0.790452118172805,1.0139932508083414
44.0,133.0,143.72531127929688,-1.0317018473845805,2.6823176246532263,-4.920672795089384,-4.976895452869884,-2.497706433336226,1.340725756725769,-0.5388642061503397,4.77761451350106,-0.7904030214189675,1.0139830730784904
44.0,133.0,143.72531127929688,-1.0317324978772464,2.6822866980227325,-4.920689386210894,-4.977027683968091,-2.497663230294039,1.340738146493095,-0.5388482524732794,4.77764995666158,-0.7904315468354337,1.0139741354570582
44.0,133.0,143.72531127929688,-1.031715512609876,2.682393721631992,-4.92058911964737,-4.976931149087809,-2.497700182155438,1.340802419091344,-0.5388716713825001,4.777559949233707,-0.7904361690135433,1.0140027382237191
44.0,133.0,143.72531127929688,-1.0316328854930925,2.6823327171206746,-4.920620963709134,-4.976994042486929,-2.497616217138144,1.3408078499319052,-0.5388809973145197,4.77761409648455,-0.7904359113213886,1.0139664130237422
44.0,133.0,143.7252960205078,-1.031699641507795,2.682276028314657,-4.920579127714229,-4.977049287202436,-2.4976008189591274,1.340751295381514,-0.5388721531061229,4.77766028557266,-0.7904417457867279,1.01399729268633
44.0,133.0,143.72532653808594,-1.0316179059877744,2.68236195360198,-4.92061636367405,-4.976928707471395,-2.497702230796655,1.3407679567444433,-0.538852587867467,4.777519084556072,-0.7903985065295824,1.0139634489723006
44.0,133.0,143.72531127929688,-1.0316601253728137,2.6823123621053018,-4.920512380668769,-4.976912970895926,-2.4976575100420684,1.3406948159373435,-0.5388182504371697,4.777570375817925,-0.7904380771529471,1.0139917000284395
44.0,133.0,143.72531127929688,-1.0316918040144705,2.682260697355044,-4.920641474176353,-4.976908797474796,-2.4976181921349454,1.3407569806648834,-0.5388816126203331,4.777613961948257,-0.7904404584764855,1.0140110324258975
44.0,133.0,143.72531127929688,-1.0317225386975757,2.682328096652072,-4.920555843603801,-4.977102433766528,-2.497683827579737,1.3407946850628143,-0.5388555191037403,4.777565193587051,-0.790407096980986,1.0139817149693275
44.0,133.0,143.72532653808594,-1.0317350233283684,2.6822217024785724,-4.920503917584278,-4.976965113996849,-2.4976789943577145,1.3407158026513848,-0.5388943462767699,4.777581539785029,-0.7904226978837521,1.0140636963373693
44.0,133.0,143.72531127929688,-1.031710264116322,2.6823392179496626,-4.920602959609008,-4.976961931837822,-2.497627844549416,1.340811923995321,-0.5388481444484103,4.777575754061941,-0.7904185175320801,1.013989784931205
44.0,133.0,143.72531127929688,-1.0316994716023404,2.682323720219787,-4.920546782351448,-4.976974874004698,-2.4976789006562794,1.3407831670811277,-0.5388700219908085,4.777626693278993,-0.7904828666503185,1.0140019776710094
44.0,133.0,143.72531127929688,-1.0316294331342313,2.682325731141617,-4.920599931971672,-4.976994720598794,-2.497563875946628,1.3407681747491047,-0.5388349434805022,4.777715358860636,-0.7904315437442317,1.0139711495672854
44.0,133.0,143.72531127929688,-1.031646365028963,2.6822192502209354,-4.920628533685608,-4.9771047865809,-2.4976283421722485,1.340801589823128,-0.5388671804735434,4.777583838997391,-0.7904005023800629,1.013977693442084
44.0,133.0,143.72531127929688,-1.0317724974229137,2.682300674542417,-4.920537761717536,-4.977022448699569,-2.4976447034768494,1.3407900698105006,-0.5388658147629339,4.777673970461745,-0.7904832876699261,1.014003815500648
44.0,133.0,143.72531127929688,-1.0316658814036497,2.682259550539817,-4.920531806335992,-4.977013853833281,-2.497680077221829,1.3408316743679425,-0.5388870986004637,4.777568474622759,-0.790424698905559,1.0139757155284288
44.0,133.0,143.72531127929688,-1.0316628675262796,2.682252787396089,-4.920622899159207,-4.977120912994002,-2.497598464072222,1.34082654716733,-0.5388549265298481,4.7776351068475,-0.7904740028622692,1.0139691531127326
44.0,133.0,143.72531127929688,-1.0315748801799538,2.682233352724316,-4.920542325782812,-4.976940795795183,-2.4976500899661254,1.340768465328777,-0.5388401201315416,4.777534935198794,-0.7904405320409706,1.0139704738756723
44.0,133.0,143.72531127929688,-1.0316959754294652,2.682399672474217,-4.920649011444564,-4.976956741332956,-2.4976445655083546,1.3408170803441148,-0.5387956167179393,4.77754119153874,-0.7904301446809043,1.0139759279912974
44.0,133.0,143.72531127929688,-1.0316370358684246,2.68230095926429,-4.920664292698418,-4.976952152080727,-2.4976301668216623,1.340803492445053,-0.5388205423051042,4.777634292499212,-0.7904268935995082,1.013987457908156
44.0,133.0,143.72531127929688,-1.0317599984018226,2.682307911469461,-4.920657549145969,-4.9770659482111,-2.497651440897303,1.3407776162370002,-0.5388632954384498,4.777576487410398,-0.7904307474687666,1.014023296799281
44.0,133.0,143.72531127929688,-1.0316816450409574,2.682282387039275,-4.9205345994248,-4.976917291201026,-2.497675645756768,1.3408097096594274,-0.5388529319685231,4.777485602849644,-0.7904096471711322,1.0139948627481743
44.0,133.0,143.72531127929688,-1.0317255747126564,2.682154523790551,-4.9206587438822185,-4.977010251702121,-2.497610877110496,1.3407831681026696,-0.5388099580904395,4.777588168357793,-0.7904506937968883,1.0139818822449742
44.0,133.0,143.72531127929688,-1.031620088299103,2.6823300454226464,-4.920632151135695,-4.976974087066004,-2.49762430334929,1.340802309168323,-0.5388644817082451,4.77759937085472,-0.790462508208857,1.014005561201757
44.0,133.0,143.72531127929688,-1.0316940587753924,2.6822888179618705,-4.920556889187439,-4.976946206533699,-2.497645114088227,1.340748997860456,-0.538857425590419,4.777611582663777,-0.7904259737041128,1.0139938599324392
44.0,133.0,143.72531127929688,-1.0316553858798767,2.6822730382373106,-4.920602646132128,-4.97700820959345,-2.4976658594335484,1.3407419817349373,-0.5387920524369205,4.777599315286981,-0.7904188437005653,1.0139867119882462
44.0,133.0,143.72531127929688,-1.031684196227849,2.682249438681991,-4.920580019704231,-4.976963417362415,-2.4976736648614946,1.3407246477534196,-0.5388397110455898,4.777582917650994,-0.7904473176761142,1.014015264608549
44.0,133.0,143.72532653808594,-1.031638845561858,2.6822154204673154,-4.920561860453203,-4.977133930854994,-2.4976925765517466,1.3407929479531404,-0.5388596086315731,4.777558566959323,-0.7904006066999205,1.0139663055056092
44.0,133.0,143.72531127929688,-1.0317741431428256,2.682255340129096,-4.920614775442405,-4.977025382680465,-2.4977123894230675,1.3407418701504,-0.5388111243284115,4.777559132393737,-0.7904372437722786,1.0139800024311167
44.0,133.0,143.72531127929688,-1.0316064560798872,2.68220933112101,-4.920573597763451,-4.977044145850838,-2.497691652035668,1.3407580249565063,-0.5388508981654008,4.777563776925502,-0.7904742155153945,1.0140207086891095
44.0,133.0,143.72531127929688,-1.0317541213037609,2.6822726725571213,-4.92063276153014,-4.976947660868693,-2.4976752847366246,1.3408135389042064,-0.5388479933181456,4.777525839960052,-0.7904909315122381,1.0140051347831631
44.0,133.0,143.72531127929688,-1.0316839061935985,2.6823121205375813,-4.920593333519047,-4.977038304883774,-2.497679369178824,1.340759285073263,-0.5389028627057968,4.777607306838332,-0.7904402359499683,1.0139543001823943
44.0,133.0,143.72531127929688,-1.0316522224734337,2.682361935655284,-4.920642524602093,-4.976989397348803,-2.497657065194021,1.3408294223715949,-0.5388867343599077,4.7776557587682,-0.7903995259905541,1.013965405846312
44.0,133.0,143.72531127929688,-1.031670560404931,2.682333359751952,-4.920633659242916,-4.977052205785334,-2.497647717841539,1.3407607842318932,-0.53889822142244,4.777574363381369,-0.7904523222638922,1.0139511293563208
44.0,133.0,143.72531127929688,-1.031617198310934,2.6823392905286934,-4.920568948796434,-4.977035650912385,-2.4976850162038,1.340760176209109,-0.538875168520426,4.777683143701907,-0.7904367022045165,1.013964757310628
44.0,133.0,143.72531127929688,-1.0317154034886449,2.682262887247335,-4.920552233117604,-4.976994923733651,-2.4976225121788893,1.3407843781073847,-0.5388399854749872,4.77757080177987,-0.7904267937929665,1.0139955354128425
44.0,133.0,143.72531127929688,-1.031691061236382,2.6823121642300327,-4.920704717413498,-4.976995928732011,-2.497662511803387,1.3407683195055098,-0.5388314569114492,4.7776508421601935,-0.790492330834109,1.013999912853242
44.0,134.0,143.72531127929688,-1.031727814131333,2.6823393017266657,-4.920690337208112,-4.976925992072803,-2.497648590147445,1.3407519986219798,-0.5388222592902858,4.777617066552308,-0.7904743984157756,1.014004865156192
44.0,134.0,143.72531127929688,-1.0317210743233258,2.68229830572794,-4.920562521908518,-4.976996596289267,-2.497599870115994,1.340811056565828,-0.5388701084884584,4.777525708951602,-0.7904650552502037,1.0139830681224715
44.0,134.0,143.72531127929688,-1.0315985560894605,2.6822386309974267,-4.920531456649593,-4.9770616887094805,-2.4977187586708616,1.3407845691049136,-0.5388730111997511,4.777601326048419,-0.7904221419734814,1.0139943497296269
44.0,134.0,143.7252960205078,-1.0317382485288604,2.68228039723701,-4.920520077388201,-4.976979893029536,-2.497677067075703,1.3407790947847422,-0.5388416487499414,4.777603493084785,-0.7904227863360047,1.0139718253503591
44.0,134.0,143.72531127929688,-1.0316489563682605,2.682335638459616,-4.920558221735286,-4.977067645369316,-2.4975261948831133,1.3407884759524205,-0.5388530984396267,4.777601508287006,-0.7904517109963933,1.014016884742146
44.0,134.0,143.72531127929688,-1.03170571095725,2.682350598638317,-4.920587464454844,-4.976897206807455,-2.497699427208993,1.340792244799875,-0.5388711049684289,4.777600049241864,-0.7904415113742269,1.0139808242457988
44.0,134.0,143.72531127929688,-1.0317147209587816,2.6822308310060325,-4.920673316532167,-4.976995492416743,-2.497658244589604,1.3407912563204183,-0.538860679687768,4.777523317532481,-0.7904265855543331,1.0139211419774172
44.0,134.0,143.72532653808594,-1.0315945615354272,2.6822563800817854,-4.9205316043157055,-4.976935455824137,-2.497624312057336,1.3408486399394004,-0.5388532739339098,4.777553963211611,-0.7904118141988281,1.014014967695517
44.0,134.0,143.72531127929688,-1.031598820783605,2.682246799555694,-4.920561425007483,-4.976931530949444,-2.4976660361690195,1.3407841124031226,-0.5387995660815781,4.777661611987384,-0.7904274947914711,1.0139817894028198
44.0,134.0,143.72531127929688,-1.0316539528273134,2.68230906556542,-4.920654328665525,-4.977034024619779,-2.4976616991853766,1.3407982992823273,-0.538806383895527,4.777594548519055,-0.7904526657993491,1.0139786648836049
44.0,134.0,143.72531127929688,-1.0316842360500915,2.6821729280357687,-4.920559917825866,-4.977094318082987,-2.4975409186889164,1.3408066078343106,-0.53880853172992,4.777633075328232,-0.790434143292364,1.0139987271910489
44.0,134.0,143.7252960205078,-1.0317625928980751,2.682282850082176,-4.920564276305729,-4.977004974761357,-2.497635886728286,1.34075984801322,-0.5388697013585029,4.777601817036356,-0.7904390907111356,1.013971167893418
44.0,134.0,143.72531127929688,-1.0316012106408308,2.682305529875584,-4.920511864938774,-4.977009076756646,-2.49764066534101,1.3407788579920696,-0.5388645790640787,4.777588377298027,-0.7904029988959236,1.0139502382662968
44.0,134.0,143.72531127929688,-1.0317222105963753,2.6821987262235423,-4.920520933459394,-4.977038269505305,-2.4976462898945555,1.3408237462633288,-0.5388976243984516,4.777564724528432,-0.7904546483491215,1.0139788525676463
44.0,134.0,143.7252960205078,-1.0316819323421953,2.68232078492745,-4.92064096853958,-4.977051423121934,-2.4976595088795133,1.3407911643295185,-0.5388709846650421,4.777667908809869,-0.7904534020730454,1.013995254028882
44.0,134.0,143.72531127929688,-1.0317119272930824,2.6822132027687555,-4.920552017943308,-4.977018856195143,-2.497672874086126,1.3407025726349977,-0.5388620115282041,4.77765569988869,-0.790453960854288,1.0139955354389576
44.0,134.0,143.7252960205078,-1.0316786765870116,2.682230426750188,-4.92057897928809,-4.977023034763529,-2.4976372950985177,1.340725745787637,-0.5388148722243038,4.77765759855976,-0.7904645882564214,1.0139734972761891
44.0,134.0,143.72531127929688,-1.031682126945563,2.682299918486393,-4.920594513283636,-4.976935254586314,-2.4976640496098765,1.3407845205191826,-0.5388456116076776,4.777682328252356,-0.7904192370688401,1.0140052829118489
44.0,134.0,143.72531127929688,-1.0316954080011929,2.682246135808004,-4.920583264831194,-4.976956831266392,-2.497667722183333,1.3408192663962186,-0.5388886215670761,4.777622598800166,-0.7904435447366804,1.0139892530798358
44.0,134.0,143.72532653808594,-1.0316730724781036,2.6823762393863007,-4.920636696233389,-4.97692936087935,-2.4976054285596665,1.3408132887363011,-0.5388064902517584,4.777541686349785,-0.7903783380319238,1.0139826469515354
44.0,134.0,143.72531127929688,-1.0317292630814934,2.6822472984468035,-4.920563306734263,-4.976986980219436,-2.4975841919927504,1.3407777920120898,-0.5388399630489404,4.777538228864325,-0.7904245222495492,1.0139591763437883
44.0,134.0,143.72531127929688,-1.0316938060187004,2.6822593985789887,-4.920544953140716,-4.97703600440539,-2.49765652167035,1.340766650627799,-0.53888308945427,4.777558786181567,-0.7904505629271954,1.0139713451675831
44.0,134.0,143.7252960205078,-1.03164604011282,2.6822227508839127,-4.920675765128346,-4.9769139481464615,-2.4977235691327966,1.3408138525682889,-0.5388523326053773,4.777649493347273,-0.7904314469512839,1.0139536034374892
44.0,134.0,143.7252960205078,-1.031704108281883,2.682258132335848,-4.920584766196575,-4.977001090418145,-2.497643206408032,1.3408291710137838,-0.5388384727007258,4.7776255417099325,-0.7904520237985384,1.013962020895672
44.0,134.0,143.7252960205078,-1.0316373710128055,2.682276892683344,-4.920587043787796,-4.977023506329627,-2.497643625002475,1.3407980740965897,-0.538827826846906,4.777589616032721,-0.7904367764403455,1.0139858511508102
44.0,134.0,143.72531127929688,-1.0316380104243223,2.682263706846752,-4.920582016891753,-4.9771060581486575,-2.4975946085382423,1.340828410012883,-0.5388697474887625,4.777574157465802,-0.7904491787787569,1.0139976079978554
44.0,134.0,143.72531127929688,-1.031630720833551,2.6822444198628137,-4.920565041293105,-4.976972893660395,-2.497697858025973,1.3407569938523132,-0.538849593433147,4.777510869388305,-0.7904678777184664,1.013976225991148
44.0,134.0,143.72532653808594,-1.0317165752161863,2.6823677216877915,-4.920685706524576,-4.977108978698037,-2.497578450557977,1.3407581895250231,-0.5388386355415911,4.7775773391204215,-0.7904506388813752,1.0139553386834388
44.0,134.0,143.72531127929688,-1.0317128849250596,2.6823351341665767,-4.920617381532605,-4.976993636335532,-2.497644982558373,1.3407633288533685,-0.5388587990301676,4.777666981426799,-0.7904428434033512,1.013999302783355
44.0,134.0,143.72531127929688,-1.0316244378656272,2.682298171305576,-4.920605157312483,-4.977041511070705,-2.4976235362017416,1.340783377051089,-0.5388533132711864,4.777503537554718,-0.7903981139165337,1.0139870685707333
44.0,134.0,143.72531127929688,-1.0316521785627923,2.6823458592430534,-4.920551465473498,-4.976958584566359,-2.4976516881288906,1.3407822505212588,-0.5388302293386662,4.777523144004226,-0.7904575784994767,1.0139836716599673
44.0,134.0,143.72531127929688,-1.0316473528329275,2.682263812647056,-4.920644418066534,-4.977061613643777,-2.4976612432293104,1.3408136312782384,-0.5388524623807349,4.777580251900421,-0.790465605496177,1.0139813011759111
44.0,134.0,143.72531127929688,-1.031654613053644,2.6823372272294925,-4.920551145924037,-4.9769897750129,-2.497623266210556,1.3408030161553768,-0.538835003498539,4.777541289798638,-0.7904742137461662,1.013994409652314
44.0,134.0,143.72531127929688,-1.031728367441953,2.6821975842442614,-4.920617307135656,-4.977023359484886,-2.497665227924397,1.340764309299571,-0.5388923480722525,4.777639739821689,-0.7904592145740983,1.0139931318285766
44.0,134.0,143.72531127929688,-1.0317305618326649,2.682401144071044,-4.920644289793806,-4.976877019730583,-2.4975969651286425,1.340760990087544,-0.5388177028768997,4.777599776040834,-0.7904649268592392,1.0140082663355496
44.0,134.0,143.72531127929688,-1.0316996853793243,2.682381133363569,-4.920675069723081,-4.9769805629532735,-2.4975694826367945,1.3407669827998534,-0.5388494739004699,4.777568850576824,-0.790409614169822,1.013987243380642
44.0,134.0,143.72531127929688,-1.0316170461861485,2.682335604336126,-4.920537125625028,-4.977015344237826,-2.497557902725547,1.3407253583349237,-0.5388590014118932,4.777598330025851,-0.7904291653754418,1.0139713678938858
44.0,134.0,143.72532653808594,-1.0315933887911926,2.6822505083411565,-4.920464896803917,-4.976972590707694,-2.497554719556905,1.340822868920771,-0.5388342772850683,4.777595240257771,-0.7904139639370555,1.0140080985429076
44.0,134.0,143.72531127929688,-1.0317522948464637,2.6823457073582544,-4.9207017128030826,-4.977018483656828,-2.497625945874158,1.3407590805658964,-0.5388340444410993,4.77764940956628,-0.7903972783813966,1.013967857283557
44.0,134.0,143.72531127929688,-1.031659231125028,2.6822402419371274,-4.920596261378727,-4.976997981421272,-2.4976564945451925,1.3407527169694724,-0.5388650015634697,4.777568812484949,-0.7904415205368949,1.01400692396155
44.0,134.0,143.72531127929688,-1.0316644801225996,2.6822651753246083,-4.920666417417915,-4.977020184517895,-2.497656738363044,1.340793785341619,-0.5388812845719295,4.77758668924227,-0.7904168707786061,1.013973824037148
44.0,134.0,143.72531127929688,-1.0316940230559974,2.6823575738180816,-4.920645909703955,-4.976934648484206,-2.497628675894386,1.3407834376762633,-0.538804581470318,4.777641744305765,-0.790459959105065,1.0140016534708067
44.0,134.0,143.72531127929688,-1.031733269622583,2.682254975881058,-4.9206343414608,-4.976943320683049,-2.497660509106407,1.3407737840710272,-0.538836606752704,4.777608285329865,-0.7904483298090863,1.0139680658234749
44.0,134.0,143.72531127929688,-1.031765690153628,2.682224034118869,-4.920624335747295,-4.97693192815764,-2.497611547596468,1.3407872795641715,-0.5388702058283403,4.777657417318586,-0.7904467768233667,1.0140360047210564
44.0,134.0,143.72531127929688,-1.031612029299228,2.682285198056464,-4.920591167545565,-4.9770573635292505,-2.4977165898719544,1.3407624263113602,-0.5388412653672914,4.777628348160205,-0.7904168332627455,1.0139563616866116
44.0,134.0,143.72531127929688,-1.0316746391249958,2.682385247297596,-4.92052752019278,-4.977082981968042,-2.4976157760690265,1.340826035733988,-0.5388605641086928,4.777545064923469,-0.7904491824447151,1.0140030627255578
44.0,134.0,143.72531127929688,-1.031641699381884,2.6822042214044552,-4.920601567988701,-4.977055372244634,-2.49761849089694,1.3407985355295118,-0.5388448384923183,4.777665270107253,-0.7904490413520335,1.0139542810168685
44.0,134.0,143.72531127929688,-1.03167421124702,2.682325268215221,-4.920611048008169,-4.977009372757375,-2.497603522244134,1.3408249069045557,-0.5388381605245289,4.777662518442421,-0.7904782630082776,1.0139934130097892
44.0,134.0,143.7252960205078,-1.0317413848414176,2.682256729044213,-4.920537696467402,-4.976913770589974,-2.49765767309098,1.3407583939522238,-0.5388018185297314,4.777549005745815,-0.7904608238685471,1.013968116774424
44.0,134.0,143.72531127929688,-1.0316941657222722,2.6823593040309905,-4.920571577763512,-4.9769564283881405,-2.497669729524326,1.3407328029909635,-0.5388259909776894,4.777622331409944,-0.7904434135689655,1.01397327179774
44.0,135.0,143.72531127929688,-1.0316811271502049,2.6822470694121847,-4.92071518604749,-4.977006075208517,-2.4976072370472617,1.3408420406981358,-0.5388623455275248,4.777584404935114,-0.7904661381685276,1.014002360438976
44.0,135.0,143.72531127929688,-1.0317446426412054,2.682187319374176,-4.920611209216873,-4.976948668488599,-2.497649883938029,1.3407708094121498,-0.5388708330703151,4.777634734251908,-0.7904539538238877,1.0139937640086742
44.0,135.0,143.7252960205078,-1.0317123823906686,2.6822680397155363,-4.920440831083986,-4.976980876349168,-2.4976052649463614,1.3408000952329404,-0.538840534247389,4.777623635758699,-0.7904468188969247,1.013969257571091
44.0,135.0,143.72531127929688,-1.0316392070878684,2.682250082702029,-4.920577795343466,-4.9769933042027725,-2.4976961902533086,1.3407741705698335,-0.5388170479357557,4.777597215283977,-0.7904389779681233,1.013957347714168
44.0,135.0,143.72531127929688,-1.0316843509150555,2.6823074315799778,-4.920549830328902,-4.977081904024925,-2.4976038483287266,1.3408043438784576,-0.5388522894433656,4.777591666638051,-0.7904450739862181,1.0139575468941056
44.0,135.0,143.72531127929688,-1.031696335043622,2.682349528304763,-4.920641750519737,-4.977030572702884,-2.497637553165122,1.3407897444143757,-0.5388749927219285,4.777639135811464,-0.7904085151625466,1.0139657129799104
44.0,135.0,143.72531127929688,-1.031787788604154,2.6823116420165896,-4.920593848444135,-4.97692672479712,-2.497611130136435,1.3407653569866582,-0.5388777022082278,4.77763262838107,-0.7904476300251382,1.0139719507376483
44.0,135.0,143.7252960205078,-1.031680826632439,2.682242718791387,-4.920618107108111,-4.977009285790629,-2.497651967095508,1.3407946751397004,-0.538824216845172,4.777624141352403,-0.7904608857594013,1.0139525785744352
44.0,135.0,143.72531127929688,-1.0317135559870998,2.6823103556461083,-4.9205805972582,-4.976993788693547,-2.497621288992402,1.3407943799841853,-0.5388543775710444,4.777616984519483,-0.7904409430570745,1.0139795400516451
44.0,135.0,143.72531127929688,-1.0316725679318788,2.6822631941433803,-4.920589413488342,-4.976938501455798,-2.497700772123933,1.3407760406699758,-0.5387905445248844,4.777574593698011,-0.7904297843857648,1.0140116034784876
44.0,135.0,143.7252960205078,-1.0316771462925898,2.682326438497076,-4.920580436544886,-4.977001727042077,-2.497611444373888,1.3408081361228683,-0.5388505900521237,4.7775614866412255,-0.7904118420146125,1.013971771109608
44.0,135.0,143.72531127929688,-1.0317524743221989,2.6822944804963065,-4.920647537844362,-4.977022023691375,-2.497653095518206,1.340796935265991,-0.5388563736106011,4.777638834889519,-0.7904572306746989,1.0139740897082603
44.0,135.0,143.72531127929688,-1.0316584140986556,2.682318891173039,-4.920691248735193,-4.976999923463692,-2.497674421482998,1.3407974227350277,-0.5388358924641974,4.7776317645060455,-0.7904112632371509,1.0139386624475932
44.0,135.0,143.72531127929688,-1.031738158935735,2.682269699639913,-4.920606855384082,-4.977012002736169,-2.497683217590821,1.3407449398618851,-0.5388219424012277,4.777568116887572,-0.7904340312303164,1.0139547967293332
44.0,135.0,143.72531127929688,-1.0316590166208246,2.68235449204694,-4.920625498115697,-4.9769614878731945,-2.4976821020386017,1.3407867921761951,-0.5388880720159452,4.777606227983084,-0.790447065922744,1.0139907675184243
44.0,135.0,143.72531127929688,-1.0317994482343948,2.6822458411273145,-4.920593050235036,-4.977063195175869,-2.4976594328439083,1.3407634124913637,-0.5388512305887394,4.77768243889043,-0.7904321848552884,1.0139984653872558
44.0,135.0,143.7252960205078,-1.0317084529452658,2.682296611858879,-4.920601982204468,-4.976996672160184,-2.497676739045036,1.3408015078063604,-0.5388343950371421,4.777533818296142,-0.7904238516504032,1.0139550980342582
44.0,135.0,143.72531127929688,-1.0317423609279146,2.682217053272812,-4.920568181928805,-4.977012836666646,-2.497694288647165,1.340767327725433,-0.538890968734302,4.777640972422372,-0.790455508554321,1.013972013771319
44.0,135.0,143.72531127929688,-1.0316428277715133,2.6822079555410374,-4.920574882539524,-4.97706284628768,-2.4976409769675407,1.3407990356067376,-0.5388562730762647,4.777601344610087,-0.7904518436132166,1.013953779495857
44.0,135.0,143.72531127929688,-1.0317142703986937,2.6822476860129267,-4.920602978618676,-4.976986653199716,-2.497664717983905,1.340754758476903,-0.5388568405047529,4.7775974546197695,-0.7904576195740818,1.0139833879470963
44.0,135.0,143.72531127929688,-1.0317191367989889,2.6822456363658382,-4.920749336186648,-4.976963328544931,-2.497639518030264,1.340761447684509,-0.5388729452314571,4.777586744704141,-0.7904377715083903,1.013967099527349
44.0,135.0,143.72531127929688,-1.0317128644770723,2.6823968067350634,-4.920566753338511,-4.977049356379007,-2.497686502702196,1.34079701566312,-0.5388655335140946,4.777593020861069,-0.7904296308316274,1.0139830918914967
44.0,135.0,143.72531127929688,-1.031699585426768,2.682344736152864,-4.9206533259491785,-4.976999261073464,-2.497656926402152,1.3408001406346823,-0.5388315835712465,4.777626680711149,-0.7904618498879303,1.013982467568562
44.0,135.0,143.7252960205078,-1.031735968446403,2.682275345190619,-4.920570544135213,-4.976940852768136,-2.4976051335817835,1.3407374789317563,-0.5388195201335924,4.77765221329925,-0.7904631331066403,1.0139853143834363
44.0,135.0,143.72531127929688,-1.031659181963824,2.6822684938028463,-4.920583902569931,-4.976887056846258,-2.497689043070608,1.3407700862245004,-0.5388183125686075,4.777564316554798,-0.7904492901150695,1.013963857528565
44.0,135.0,143.72531127929688,-1.0316795211179723,2.6822822846876697,-4.920636102289218,-4.97695140750977,-2.4976862281680576,1.340785338271191,-0.5388296739513692,4.777630499792316,-0.7904193816633445,1.01395112061597
44.0,135.0,143.7252960205078,-1.031663612278682,2.68224870608499,-4.920662771391881,-4.976998553735613,-2.4976537504022254,1.3407970838641203,-0.5388499899253363,4.7776413186274524,-0.7904391396450396,1.013983287110927
44.0,135.0,143.72531127929688,-1.031793359405202,2.682216813599272,-4.920590446964859,-4.976928562490613,-2.497633039571096,1.3407668318400203,-0.5388213498535848,4.777560010917798,-0.790443174760461,1.0140104072777874
44.0,135.0,143.7252960205078,-1.0316924984395863,2.682172444787935,-4.920596122074839,-4.976948173731585,-2.4976725310199406,1.3407656859070975,-0.5388181881270073,4.777646401052261,-0.7904548250194123,1.013956527085741
44.0,135.0,143.72531127929688,-1.031599570473985,2.682235628792151,-4.920572061419302,-4.97695418476452,-2.497666606150811,1.3407902838015149,-0.5388497717748386,4.777552981548196,-0.7904417661994554,1.0139663588530414
44.0,135.0,143.72531127929688,-1.03169337017816,2.682292589903128,-4.920474161099567,-4.976959368957309,-2.4975914282242777,1.340756229588549,-0.5388335033871456,4.777525223861163,-0.7904216190219051,1.013977023569714
44.0,135.0,143.72531127929688,-1.0316755341875967,2.6823007293544165,-4.9206515431570415,-4.9770537350675,-2.497671582019383,1.340806501092814,-0.5388375428773893,4.777661085304159,-0.7904201201465808,1.0139692657572494
44.0,135.0,143.72531127929688,-1.0316573445801316,2.682335030971968,-4.920569682760947,-4.977006289049609,-2.497639646539584,1.3407833110050351,-0.5388528001444524,4.77763332131066,-0.7904461275144463,1.0139613864308386
44.0,135.0,143.72531127929688,-1.031716072713405,2.6823362635470804,-4.92060316966698,-4.977080398766039,-2.4975920077878144,1.3408158743325114,-0.5388344846796622,4.777607981625863,-0.7904483656325052,1.013996370140676
44.0,135.0,143.72531127929688,-1.0316816436387866,2.6822790802747223,-4.920552132956459,-4.977004919936528,-2.4976781814766387,1.340820903064567,-0.5388915030911798,4.777609536491214,-0.7904601793096466,1.0139679590368988
44.0,135.0,143.72531127929688,-1.031606507031524,2.6823086466542803,-4.920638287744281,-4.976977357492078,-2.497639494391537,1.3407709502341438,-0.5388696441853389,4.777589134638079,-0.7904560134996057,1.0139770271563089
44.0,135.0,143.72531127929688,-1.0316968793482983,2.6822404808163745,-4.920674072830771,-4.976935831933887,-2.497643362197964,1.34081601002618,-0.5388479202871554,4.777614554346679,-0.7904242087192186,1.0139660466533105
44.0,135.0,143.72531127929688,-1.031662307315684,2.6822910998676672,-4.920646471562179,-4.976986025510623,-2.4976665971760355,1.3408142607887168,-0.5388335533053326,4.777574579476195,-0.7904253385010644,1.0139542796262884
44.0,135.0,143.72531127929688,-1.0316565593630127,2.682307881410571,-4.92058181266297,-4.976988980728404,-2.497715425253312,1.3407984675814897,-0.5388448614379229,4.777556143118883,-0.790403604961214,1.0139862864447131
44.0,135.0,143.72531127929688,-1.03176248884342,2.6822695546396584,-4.920576647085703,-4.9769613982202685,-2.4977089878441987,1.3408294760236918,-0.5388088529439061,4.777634133523703,-0.7904308662416692,1.0139750085617596
44.0,135.0,143.72531127929688,-1.031743187864839,2.682260510650919,-4.920535711980425,-4.976955538286283,-2.497671101537506,1.340722408252657,-0.5388379493411932,4.777582463011713,-0.790438033979088,1.0139868628868252
44.0,135.0,143.72531127929688,-1.0317163542307806,2.6822761994687925,-4.920585006763229,-4.977008825374795,-2.4976943037676023,1.3407543379036664,-0.5388927506920203,4.777640424787945,-0.7904597935449349,1.0139846351179678
44.0,135.0,143.72531127929688,-1.0317153439615847,2.682239000140425,-4.920577684757872,-4.977022626989337,-2.49766947904859,1.3408229890808867,-0.5388409245354264,4.777567596214436,-0.790426666718,1.0139762510592645
44.0,135.0,143.72531127929688,-1.031637711211023,2.682297023386246,-4.9206253076590585,-4.976980031750475,-2.497624110709656,1.3407948713825952,-0.5388236113822744,4.777578437862553,-0.7904550912066322,1.013995400868711
44.0,135.0,143.72531127929688,-1.0317145782718145,2.682216368260004,-4.920618913920661,-4.976976701893299,-2.497637468932965,1.340819425688343,-0.538831465657033,4.777525974244298,-0.7904450417430047,1.0139930949251903
44.0,135.0,143.72531127929688,-1.031678027333875,2.682230080002177,-4.92067076202006,-4.97697492869323,-2.497681826991855,1.3407431123277558,-0.53881437944497,4.77767476947103,-0.7904515064103181,1.013967499878737
44.0,135.0,143.72531127929688,-1.0316868725971418,2.682253971652475,-4.920591859090174,-4.97711854247818,-2.4976549716725187,1.3407625358114783,-0.5388289018923844,4.77765209193101,-0.7904465391584381,1.013935424423165
44.0,135.0,143.72531127929688,-1.0316803379021833,2.682406305134606,-4.920499480550004,-4.976902301562634,-2.497601329980913,1.340761448067166,-0.5388376207841787,4.777556763658453,-0.7904449176872896,1.0139737984610306
44.0,135.0,143.72531127929688,-1.031715630043058,2.6823228904830376,-4.920515247794693,-4.977036231117573,-2.4976331424737674,1.3407434139382648,-0.5388498737880356,4.777708876135192,-0.7904506052336595,1.0140081979094484
44.0,135.0,143.72531127929688,-1.0317009752490476,2.6822533488481684,-4.920594810013348,-4.976943568883021,-2.497710432095302,1.3408060696157822,-0.5388401208993567,4.777538484693139,-0.7904776018699256,1.013993085326886
44.0,136.0,143.7252960205078,-1.0316700936716234,2.682272650488154,-4.92062100438525,-4.976971329600909,-2.4976439056928896,1.3408007567804674,-0.5388485074279714,4.777573119923105,-0.7904347780951895,1.013976898391224
44.0,136.0,143.72532653808594,-1.031759752384804,2.6823125685907137,-4.920717584489107,-4.976977783805036,-2.497661163577001,1.3408050934491715,-0.5388841317625257,4.777675130800061,-0.7904129204800885,1.013950917947061
44.0,136.0,143.72531127929688,-1.0316811994851438,2.682297818838322,-4.920572621752496,-4.977000460782056,-2.4976378342644505,1.3407942186577495,-0.5388436756047792,4.777563510918345,-0.7904502553009554,1.0139527711038738
44.0,136.0,143.72532653808594,-1.0317085308444316,2.6822756086716995,-4.920756814653276,-4.977001198843837,-2.497646863436612,1.3407794116980645,-0.5388932628883083,4.77772142659888,-0.7904203327380968,1.0139767775628652
44.0,136.0,143.72531127929688,-1.0316620562853132,2.682203498226084,-4.920666463636986,-4.977027021679347,-2.49757681195536,1.3407750461810588,-0.538866012201419,4.777703526919932,-0.7904352719119121,1.0139849656658528
44.0,136.0,143.7252960205078,-1.0316851996638698,2.6823162068430326,-4.920636629506939,-4.97700848191467,-2.497669135495868,1.340786469925658,-0.5388454615342377,4.777614588066848,-0.7904362529259661,1.013972217853402
44.0,136.0,143.72531127929688,-1.031678868206651,2.682187420645162,-4.920663394621558,-4.976944666829644,-2.4977446673869657,1.3407918286359246,-0.5388495160758193,4.7776006216242735,-0.7904686577502034,1.0139822785995865
44.0,136.0,143.72531127929688,-1.0317281339472744,2.682161021404265,-4.920561258272596,-4.977069100392222,-2.497642723922351,1.3407528599577851,-0.5388359557478362,4.777645740504257,-0.7904224401409206,1.013980819242784
44.0,136.0,143.72531127929688,-1.0316819406682811,2.682316088067513,-4.920629487236265,-4.9769389734535645,-2.49761998092168,1.3408195319117375,-0.5388319699925512,4.777534641908762,-0.790448811288754,1.013980568313027
44.0,136.0,143.7252960205078,-1.0317114437492076,2.6823524239953045,-4.920614246268734,-4.976961195642274,-2.4976202822398874,1.3407789587028436,-0.5388419318371893,4.777597963809736,-0.790434823763273,1.013950673084528
44.0,136.0,143.72531127929688,-1.031712429527926,2.68228585352116,-4.9205161670883335,-4.977063377886086,-2.4975885264684283,1.3407593836549978,-0.5388547376509649,4.777635550485574,-0.7904269521697911,1.0139789832540125
44.0,136.0,143.72531127929688,-1.0316879229170244,2.6822741962039576,-4.920557196391243,-4.977009431612783,-2.4976660226677447,1.340811460685554,-0.5388202588902384,4.777580624315966,-0.7903960257026243,1.0139544422637856
44.0,136.0,143.72531127929688,-1.031702349800792,2.682306103119271,-4.92065811952157,-4.976953168091618,-2.4976186915319945,1.340776481795042,-0.5388666174009415,4.777641022949716,-0.790451798144554,1.0140024709238515
44.0,136.0,143.72531127929688,-1.0316958110583574,2.682260855568992,-4.920608733699946,-4.9769768783396335,-2.497633180027848,1.3407822408206034,-0.5388322602932885,4.777582428741741,-0.7904504499137097,1.0139872319037782
44.0,136.0,143.72531127929688,-1.031770392781204,2.682177357370397,-4.920549184247852,-4.976951647356865,-2.497647356238693,1.3407600754912297,-0.5388411146047005,4.777640103611752,-0.7904333072035747,1.013953749139325
44.0,136.0,143.72531127929688,-1.0316426715913525,2.682246265815607,-4.920519304030202,-4.9769667501870885,-2.4976340550760505,1.3408101823526095,-0.5388505274525359,4.777565004717088,-0.790428464122118,1.0139695024454325
44.0,136.0,143.72531127929688,-1.0316560920774105,2.682214792207967,-4.920620218232569,-4.976949746800615,-2.497627238477984,1.3408142543079702,-0.5388539035802076,4.777593785132947,-0.7904206571984744,1.013945923566899
44.0,136.0,143.72531127929688,-1.031703211360811,2.6822467086736177,-4.920599688850769,-4.9769383723954,-2.4976365416853987,1.3407964479333332,-0.5388209390104439,4.777547213224134,-0.7904323612797244,1.014012236541923
44.0,136.0,143.72531127929688,-1.031646368290406,2.682197922207324,-4.920615265203116,-4.977052033808103,-2.497643539560517,1.3407932517962262,-0.5388282352325984,4.777642818322708,-0.7904427838789667,1.013972176231281
44.0,136.0,143.72531127929688,-1.0316716135538035,2.682195761432168,-4.920536483488771,-4.976879265704045,-2.4976213802354814,1.340782316341827,-0.5388062382575285,4.777510319298719,-0.7904233300447645,1.0139614496037117
44.0,136.0,143.72531127929688,-1.031658727019764,2.6822893059311994,-4.920652059290807,-4.977011652714023,-2.49760129718886,1.3407904325377773,-0.5388279660631721,4.777693484576114,-0.790435811490438,1.0139733418138768
44.0,136.0,143.72531127929688,-1.0317125045977489,2.6822789700164504,-4.920576777257009,-4.977090861802004,-2.49768198595467,1.3408083906018584,-0.5388442377850797,4.777646498293702,-0.7904225863162484,1.013985878799338
44.0,136.0,143.7252960205078,-1.031628217572477,2.68228767638667,-4.920621198822487,-4.976992089676401,-2.497668228627636,1.3407673933145166,-0.5388382352529906,4.777550322298831,-0.7904259107851281,1.0139654352211664
44.0,136.0,143.72532653808594,-1.0318137809644794,2.682297844891872,-4.920615071260959,-4.976978726580483,-2.4976299109409634,1.340804079471023,-0.5388522824982847,4.777643125897409,-0.7904121707284988,1.0139720725008203
44.0,136.0,143.72531127929688,-1.031695358701448,2.6822415741609387,-4.920564225264109,-4.976972342744247,-2.4976962370906426,1.340799800700526,-0.5388384356506659,4.777636488054718,-0.7904389979261399,1.013952637326487
44.0,136.0,143.7252960205078,-1.0316899013607328,2.6822903553379973,-4.920580853067831,-4.977015995125414,-2.497647405658088,1.3408266833774407,-0.5388014531535372,4.7775998334980745,-0.7904417612050016,1.0139780031609025
44.0,136.0,143.72531127929688,-1.0317776937036789,2.682241091651302,-4.920491044262285,-4.977074677361573,-2.497605340689144,1.3407928525048138,-0.538839534585895,4.777594020953199,-0.7904518479642935,1.0139421025156512
44.0,136.0,143.72531127929688,-1.031669634873393,2.6822746979806684,-4.920555837903632,-4.976934598622488,-2.497638882149918,1.34082034429019,-0.5388420133083418,4.777589439626919,-0.7904251798459887,1.0139777120233404
44.0,136.0,143.72531127929688,-1.031653276514235,2.682254665795922,-4.920540287221369,-4.977026364523963,-2.497597550333804,1.3407975867272972,-0.538846351703449,4.777628329263447,-0.7904623875151833,1.013976991511731
44.0,136.0,143.72531127929688,-1.0316496153518355,2.682257447547464,-4.920521128383207,-4.976976991642474,-2.49771203873362,1.3407976746164003,-0.538848765547252,4.777545502657279,-0.7904415189386427,1.0139788559553855
44.0,136.0,143.72531127929688,-1.0316295918566172,2.6823371993515943,-4.920618122395778,-4.977015478954308,-2.497610382269713,1.3407889031802709,-0.5388361587224448,4.777570530669042,-0.7904268445643305,1.013958141661293
44.0,136.0,143.7252960205078,-1.0316834110353046,2.682200270884577,-4.920508014843331,-4.976987861055088,-2.497615268376416,1.340764091200355,-0.5388431887741794,4.777608756042543,-0.7904582275887471,1.0139753210521114
44.0,136.0,143.72531127929688,-1.0316720353102249,2.682218218046557,-4.920590742224467,-4.976970660931033,-2.497654123814697,1.3407691095573888,-0.5388667287553597,4.777507894164399,-0.7904469504070413,1.014010563789702
44.0,136.0,143.72531127929688,-1.0316674965024095,2.6822812527838327,-4.920496351754048,-4.977022986435405,-2.49759024959073,1.34080756291047,-0.5388697270776284,4.777603942040411,-0.7904318568602529,1.013957119130139
44.0,136.0,143.72531127929688,-1.0316276912333566,2.6822372317837706,-4.920645270022872,-4.976977830913918,-2.497704596662902,1.3407823270665062,-0.5388347317078237,4.777602456681805,-0.79042670689571,1.013965135559692
44.0,136.0,143.72531127929688,-1.031755355994069,2.68228608355097,-4.920644005283442,-4.976987134348652,-2.4977003992300983,1.3407847585514876,-0.5388409028453021,4.777543886229731,-0.7904429913990665,1.0139837965828766
44.0,136.0,143.72531127929688,-1.0317043482928732,2.6821996133644905,-4.92056862453008,-4.976895466933792,-2.497644339326956,1.3407369397368054,-0.5388535538898811,4.77762989746507,-0.7904608343282273,1.0140001362906137
44.0,136.0,143.72531127929688,-1.0316671207455377,2.682263587901081,-4.920660258725269,-4.976941354694904,-2.4975952276719804,1.3407911600408813,-0.538842986163961,4.77755430114907,-0.790419095913518,1.013981833645893
44.0,136.0,143.72531127929688,-1.0316806636028786,2.6822972944213035,-4.920532348698717,-4.9770153658790095,-2.497640389427352,1.34076225204476,-0.5388510277326555,4.777581266130744,-0.7904336346010323,1.0139690345188566
44.0,136.0,143.72531127929688,-1.0316385108435973,2.68230806329898,-4.920606713666922,-4.977005385491689,-2.4976378069480583,1.3408003837632787,-0.5388454406180099,4.777698921353673,-0.7904663866211754,1.0139438071994356
44.0,136.0,143.72531127929688,-1.0316603796530712,2.6822808450995232,-4.92063816857458,-4.976948738433723,-2.497647597282203,1.3408004198765564,-0.5388247602880982,4.777585941848395,-0.790458069212824,1.013974199272547
44.0,136.0,143.72531127929688,-1.0316623633992754,2.682283523437734,-4.920676510640967,-4.976942489247841,-2.497595063768338,1.3408246226462168,-0.5388820223132011,4.777619836429871,-0.7904484609766378,1.0139997065555892
44.0,136.0,143.72531127929688,-1.0317408971312858,2.682280061322099,-4.920583929961629,-4.976992667852555,-2.497606752739865,1.340803760765434,-0.5388421501660279,4.777560704730545,-0.7904406439425076,1.013939531366229
44.0,136.0,143.7252960205078,-1.0316560949235454,2.6823093280263244,-4.920566744169263,-4.977002953183019,-2.497590127604592,1.3407574345220077,-0.5388235373890149,4.7775803562217245,-0.7904407638358864,1.0139757368204796
44.0,136.0,143.72531127929688,-1.0317332282968694,2.6823218788080485,-4.920536846945734,-4.977007914369191,-2.4976277175334234,1.3407800425532734,-0.5388395854367625,4.777599438747775,-0.7904345069229866,1.0139625300916144
44.0,136.0,143.72531127929688,-1.03177255439604,2.682257103498962,-4.920497423836881,-4.977037721072046,-2.497716372447288,1.34076933376448,-0.5388482451546572,4.777570013398725,-0.790437831792314,1.0139555213577296
44.0,136.0,143.7252960205078,-1.0316404376054296,2.6822677284424747,-4.920635830016544,-4.976994632313899,-2.4976231441265195,1.3408352050353214,-0.5388609529302517,4.777604245311096,-0.7904626727535984,1.0139665258028776
44.0,136.0,143.72531127929688,-1.0316673603286963,2.6823019737329545,-4.920612984585553,-4.977004090354955,-2.497592548504368,1.3408392303610803,-0.5388087918190898,4.777566069142683,-0.7904761047067179,1.0139618053979156
44.0,136.0,143.72531127929688,-1.0317084630181703,2.682196476790681,-4.920557479525042,-4.97692881341551,-2.497660672496651,1.3408142638512803,-0.5388068783101829,4.77761302844076,-0.7904468745603035,1.0139581308256729
44.0,136.0,143.7252960205078,-1.0317444808012377,2.682260867577212,-4.920566153030422,-4.976986375192095,-2.4976183949875725,1.3408005439873758,-0.5388538698824625,4.777612207213636,-0.7904397615032837,1.013966068420288
44.0,137.0,143.72531127929688,-1.0316575680214783,2.6822971388885506,-4.920612715911818,-4.977010438238337,-2.49763185853858,1.340783036581091,-0.5388375376859713,4.777580360054184,-0.7904361389365411,1.0139664615228572
44.0,137.0,143.7252960205078,-1.0316633806309623,2.6821839679153223,-4.920539683792118,-4.976982003999452,-2.497699133262911,1.3407536045502295,-0.5388214703813352,4.777583639399982,-0.7904500835014838,1.0139874610583377
44.0,137.0,143.72531127929688,-1.0316551429355378,2.682252208718744,-4.920604976423302,-4.976960051878872,-2.4976616211945384,1.340794237416068,-0.5388150192731995,4.777505207850979,-0.7903946416478691,1.0139662551393176
44.0,137.0,143.7252960205078,-1.0316675707267289,2.6822973227368863,-4.920646797713246,-4.976931591373249,-2.497639351120688,1.3407721095963767,-0.5388409418752014,4.77758564557006,-0.7904443667742598,1.0139834008086446
44.0,137.0,143.7252960205078,-1.0316472071614462,2.6822652878326183,-4.920571542772033,-4.976969053554838,-2.497652231314307,1.340824674372283,-0.5388242752230754,4.7775941227357706,-0.7904527857757779,1.0139694907992445
44.0,137.0,143.72531127929688,-1.0316685965799093,2.682246429739344,-4.92051830658076,-4.97693684935324,-2.497608624493701,1.340809555453637,-0.5388529493307512,4.77749166226516,-0.7904439581648699,1.0139365973648182
44.0,137.0,143.72531127929688,-1.0316004484724313,2.682260803457398,-4.92060288910281,-4.977033022823783,-2.497612966611546,1.340802685687481,-0.5388281846686827,4.777525391260548,-0.7904103909816138,1.0139668495270335
44.0,137.0,143.7252960205078,-1.031634714720311,2.682218597598678,-4.920605625408916,-4.9769978414463445,-2.4976632446240306,1.3407671185034031,-0.5388878718975318,4.777577827386256,-0.7904400414398225,1.0139669998057783
44.0,137.0,143.72531127929688,-1.0316180999433795,2.6822766286162816,-4.920586454445027,-4.976959020811616,-2.497621592582852,1.3408035627927664,-0.5388451832116523,4.777559257002261,-0.7904353874397572,1.0139716893074846
44.0,137.0,143.72531127929688,-1.031635246703333,2.682330310804338,-4.920566961933852,-4.977047147061675,-2.497618178315654,1.340804161540616,-0.5388798789358002,4.777567207438134,-0.7904464039279278,1.0139549279628293
44.0,137.0,143.72531127929688,-1.0317307010721195,2.682287317234671,-4.920564144497098,-4.976965346828162,-2.497670929039289,1.340773258815117,-0.5388287962966629,4.7776247877111615,-0.7904591656349877,1.0139572204740848
44.0,137.0,143.7252960205078,-1.0317196564176752,2.6822467148097378,-4.920618467797367,-4.976978926237828,-2.49765801667146,1.3408300938660744,-0.538855813004913,4.777625486563204,-0.7904468610349022,1.01396846897374
44.0,137.0,143.72531127929688,-1.0317037268065017,2.682278870398709,-4.920549905321368,-4.977033821029529,-2.497616854014803,1.340790917772746,-0.5388410989473025,4.7775533195701225,-0.7904554653147011,1.0139665798611477
44.0,137.0,143.72531127929688,-1.0317332749706458,2.682274803630264,-4.920491545881929,-4.977040052811885,-2.497623681906326,1.3407857852006169,-0.5388284599626623,4.777606840214883,-0.790431939581719,1.01397147113523
44.0,137.0,143.72531127929688,-1.0315950829077023,2.6822227390794247,-4.920651117944536,-4.976928766931612,-2.497633817206423,1.3407542186938928,-0.538837571013997,4.777633628725306,-0.7904397267315773,1.0139801246812254
44.0,137.0,143.7252960205078,-1.0316745763772612,2.682247612636596,-4.920642805746398,-4.977026281244215,-2.497713230727579,1.3408061345613032,-0.5388806064316709,4.777633772926354,-0.7904467066497709,1.013971363649869
44.0,137.0,143.72531127929688,-1.0315882573868782,2.6822831323277496,-4.92061900724353,-4.977032802724935,-2.497591735941019,1.3408207051679844,-0.5388535394432283,4.777564974839105,-0.7904615416079768,1.013964977204128
44.0,137.0,143.72531127929688,-1.0316599822531063,2.682286267450705,-4.920619380710949,-4.9770483087156006,-2.497614214193813,1.340818412864934,-0.5388592834818873,4.777584272958256,-0.790444090583712,1.013965390414783
44.0,137.0,143.7252960205078,-1.031642212882403,2.682262177525038,-4.920594578758296,-4.977029013668179,-2.497597371963007,1.34074812742893,-0.5388300846333536,4.7776462695786055,-0.7904145459482494,1.013971264386914
44.0,137.0,143.72531127929688,-1.0316880126598766,2.6822934454572325,-4.920586108976669,-4.977033325000947,-2.497623553564173,1.3408097586401224,-0.5388643006665914,4.777559119266362,-0.7904379245279438,1.0139639661143622
44.0,137.0,143.7252960205078,-1.0316222526755352,2.68224748473905,-4.920572445371913,-4.97700399149176,-2.4976374829633547,1.3407847121345302,-0.538834511787881,4.777530189817178,-0.790413541160274,1.013958067227084
44.0,137.0,143.72531127929688,-1.0316407717701392,2.682276994021594,-4.920566570585039,-4.976908885042966,-2.4976248007696427,1.340757305555293,-0.5388382502951972,4.777558883997726,-0.7904507793438791,1.013962051738437
44.0,137.0,143.72531127929688,-1.0316402727909568,2.682315580841236,-4.920654607858832,-4.977029758234501,-2.497584286475464,1.340806379509777,-0.5387989752996152,4.777567497668745,-0.790448359907689,1.013979576119049
44.0,137.0,143.7252960205078,-1.031709897287139,2.682263840663941,-4.920580009341484,-4.977021470112716,-2.4976260535363592,1.3407622102591183,-0.5388441481617523,4.777606302876265,-0.7904569928956455,1.0139734556544209
44.0,137.0,143.72531127929688,-1.031721694149084,2.682325810904299,-4.92052380450801,-4.976999073193063,-2.497578216063696,1.3407506948157577,-0.5388385103527913,4.777583045987857,-0.7904748053557267,1.0139838735383186
44.0,137.0,143.7252960205078,-1.0317485097401575,2.682352089799989,-4.920580838502054,-4.976986519032884,-2.4976270254298027,1.3407802082181242,-0.5388242563365893,4.777607486353832,-0.7904438277243555,1.0139714421124255
44.0,137.0,143.72531127929688,-1.031713409210821,2.6823486876821807,-4.920530366454854,-4.977034239001581,-2.4976031205577613,1.3407916988021276,-0.5388584298386814,4.77755791832498,-0.790420414451253,1.0139697611446072
44.0,137.0,143.7252960205078,-1.0316951594790575,2.682346329029855,-4.920546897323933,-4.97698476526242,-2.497627962540148,1.3407865930085467,-0.5388491504193551,4.777636918656416,-0.790437446587827,1.0139730640126017
44.0,137.0,143.72531127929688,-1.031676170822751,2.68229919661003,-4.920646662729462,-4.976927453373024,-2.49770162362935,1.3407807547591553,-0.5388300572224489,4.777537179241138,-0.7904514141989596,1.0139631881926228
44.0,137.0,143.72531127929688,-1.031603588333461,2.682303314339606,-4.920577874319569,-4.977005280363476,-2.4976744095366232,1.3407791383917242,-0.5388270306251872,4.777620708711769,-0.7904409810452142,1.013997388561469
44.0,137.0,143.72531127929688,-1.0316409323761762,2.6823215636426143,-4.920575837628834,-4.97693484849551,-2.4976208488267653,1.340794643542984,-0.5388272137187,4.777570206981975,-0.790438403669949,1.0139952952029718
44.0,137.0,143.72531127929688,-1.0316880456463764,2.682298847050423,-4.920567079322971,-4.977095133852535,-2.4976086944007374,1.3407503168409818,-0.5388148789736018,4.777600644902336,-0.7904442904265929,1.0140064496501724
44.0,137.0,143.72531127929688,-1.0316260719941184,2.682290824120461,-4.9206102755742815,-4.976986953828284,-2.497619464100174,1.3408036259282945,-0.5388352768396718,4.777542930657308,-0.7904257831862607,1.013992386749405
44.0,137.0,143.72531127929688,-1.0316491758484077,2.6823086934074523,-4.920676982325794,-4.977004311959289,-2.4976241920505733,1.3407640912580536,-0.5388434846071055,4.777552986596387,-0.7904572530744227,1.0139488755126165
44.0,137.0,143.7252960205078,-1.0316794496821355,2.682260158578144,-4.920519981467834,-4.976993874720473,-2.4976784427131715,1.3407531650323898,-0.5388612299842164,4.777591462521579,-0.790412683141545,1.0139822768401876
44.0,137.0,143.72531127929688,-1.031643771903893,2.682340734122234,-4.920571825123626,-4.976968904668261,-2.4976315655645904,1.3408065597167995,-0.5388653986611978,4.777498685574621,-0.7904121769902854,1.0139601259437994
44.0,137.0,143.7252960205078,-1.0316994770419474,2.682238281587593,-4.920508569425664,-4.976929811387375,-2.497606579004504,1.340820603847109,-0.5388122666425978,4.777624148708826,-0.7904503126687459,1.0139778121007286
44.0,137.0,143.72531127929688,-1.0316598651305124,2.6822796595275538,-4.920508878182715,-4.976920793029959,-2.497643896919432,1.3408072153733084,-0.5388227719084835,4.777663625583926,-0.7904466852749863,1.0139476270577656
44.0,137.0,143.7252960205078,-1.0316743640520776,2.682305374359335,-4.920640373033553,-4.976915149192419,-2.4976702965621227,1.3407944109184964,-0.5388320258138499,4.777618356685734,-0.7904630239260069,1.0139654840705994
44.0,137.0,143.72531127929688,-1.0317444042302784,2.6822269572015003,-4.920608571563148,-4.976955307187627,-2.497613720293888,1.3407689528294977,-0.5388434779007101,4.777616014370322,-0.790470112334539,1.0139653309304697
44.0,137.0,143.7252960205078,-1.0316402793044626,2.6822660034597403,-4.920637050535626,-4.976952815107785,-2.497631241796535,1.340845977332176,-0.5388589563928203,4.777552430013536,-0.790468107794454,1.0139826797728224
44.0,137.0,143.72531127929688,-1.0317152568825887,2.682310305942212,-4.920559180456609,-4.9769076879399,-2.49763279539644,1.3407520263814554,-0.5388093006812253,4.777646855064862,-0.7904729299389812,1.0139597144924908
44.0,137.0,143.72531127929688,-1.0316564050668149,2.682222888339121,-4.920621983874936,-4.976981871072573,-2.4976021087060207,1.3407406144713008,-0.5388495329900138,4.777648595280182,-0.7904582167120431,1.0139556389566975
44.0,137.0,143.72531127929688,-1.031670424762472,2.6822263487141607,-4.920635008745664,-4.976988170989918,-2.497643149764908,1.3407694347951278,-0.5388158025200198,4.777562587509879,-0.790442771122855,1.0139813552783083
44.0,137.0,143.72531127929688,-1.031630419851143,2.6823397179812165,-4.920570781044063,-4.976926264603103,-2.4975630396123605,1.34078828471141,-0.538850435436852,4.777530535042185,-0.7904209253305341,1.013968308207593
44.0,137.0,143.72532653808594,-1.0315930434498934,2.682339922356042,-4.9206855175967465,-4.976926814793313,-2.497625730408309,1.340825915943011,-0.5388637180692912,4.777549975611857,-0.7904278979952553,1.0139463007431893
44.0,137.0,143.72531127929688,-1.0317312580244646,2.682270993131912,-4.920552870140472,-4.9769688439202335,-2.4976467759154724,1.3408069431265677,-0.5388561273275725,4.777564135732565,-0.7904633861354142,1.0139917798446607
44.0,137.0,143.72531127929688,-1.0317234694526354,2.6822649175744733,-4.920574229819767,-4.977013206743292,-2.497597740353394,1.340756997458712,-0.5388647273205809,4.77753466994584,-0.7904406221626772,1.0139687359137817
44.0,137.0,143.72531127929688,-1.031694171336766,2.682296519198246,-4.92064640722908,-4.977043260936877,-2.4976036496446623,1.3408336241312693,-0.5388553141333521,4.777555346296071,-0.7904129225972865,1.0139401566017048
44.0,137.0,143.7252960205078,-1.031694574872998,2.682252435331224,-4.920671616942005,-4.977006702775527,-2.497666994530397,1.3407655723284575,-0.5388157391678252,4.777645521350749,-0.7904566314777206,1.013987555560246
44.0,138.0,143.72531127929688,-1.031637833304595,2.6822126865403213,-4.920568630647119,-4.977009099877525,-2.4976126296354924,1.34077208633387,-0.5388557056251262,4.77755242726643,-0.7904386080721242,1.0139666231164082
44.0,138.0,143.7252960205078,-1.0316835722588724,2.682236651528761,-4.920557725028659,-4.977001168119041,-2.4976421638875794,1.3407703717966033,-0.5388260450051536,4.777594392757386,-0.790447980930514,1.0139644888316566
44.0,138.0,143.72531127929688,-1.031678080464407,2.682321023573796,-4.920638341707154,-4.976983186171072,-2.4976209668569465,1.3407847845015706,-0.5388399609583985,4.777564290332467,-0.7904504329740778,1.013992046513332
44.0,138.0,143.7252960205078,-1.031660201740261,2.6822674243692948,-4.920609958248432,-4.976979360582962,-2.4976490436746515,1.3407775262842572,-0.5388576629237596,4.777610819630052,-0.7904426933177771,1.0139671027807848
44.0,138.0,143.72531127929688,-1.031666696603541,2.6823160035807367,-4.920525015269946,-4.976980763896821,-2.497679516319722,1.3407741312062358,-0.5388322332436086,4.777545392096474,-0.7904277915599218,1.013991351917845
44.0,138.0,143.7252960205078,-1.0316962016382036,2.682302250451043,-4.920615649370983,-4.97698938883952,-2.497624122659319,1.3407752416836356,-0.5388234751711396,4.7775694179905095,-0.7904287308845284,1.0139530479628416
44.0,138.0,143.7252960205078,-1.03169655446297,2.6822302227659094,-4.92058918187476,-4.977036645030857,-2.497657362910682,1.340786175008985,-0.5388432862574781,4.77755580508876,-0.7904163826986652,1.0139641057876752
44.0,138.0,143.72531127929688,-1.0316523766263606,2.682263430005813,-4.920550623675667,-4.977002814840319,-2.497641698137847,1.3407764686815282,-0.5388180434903944,4.777616859904377,-0.790451527917539,1.013977211148898
44.0,138.0,143.7252960205078,-1.0316856043932852,2.682227847634912,-4.920570581834917,-4.977058899904744,-2.4976619626311485,1.3407985055671414,-0.5388538805896737,4.77765526883365,-0.7904424673116823,1.013980131059843
44.0,138.0,143.7252960205078,-1.0317152795472402,2.6822349384888646,-4.9205229931255365,-4.976979911393055,-2.497638482475657,1.3407663892952597,-0.5388232138623392,4.7776205538308965,-0.7904396247473624,1.013966508473195
44.0,138.0,143.7252960205078,-1.0316800012597058,2.6822497967454906,-4.920583156606334,-4.977030630875272,-2.497650197961282,1.3407315712851444,-0.5388035796326438,4.777598776040868,-0.7904203316486926,1.0139666725816552
44.0,138.0,143.72531127929688,-1.0317217517808237,2.682261179371781,-4.920611411879806,-4.9769850549899,-2.497673799652524,1.3407845901436124,-0.5388156283590462,4.777563915164269,-0.7904485499688203,1.0139529561619112
44.0,138.0,143.72531127929688,-1.0317230522817329,2.682262895014361,-4.920600598374478,-4.977014947472231,-2.4976497434158107,1.3407600612151018,-0.5388440006034454,4.777648884524595,-0.7904606198425093,1.0139714134596387
44.0,138.0,143.72531127929688,-1.0316716712399692,2.682241965877319,-4.920606402192114,-4.977014334377234,-2.4976510001938945,1.34079769515687,-0.5388737756825046,4.777621328008628,-0.7904412759775585,1.0139813303807896
44.0,138.0,143.72531127929688,-1.0316778029649505,2.68231332367328,-4.920574551610011,-4.977040835958791,-2.4975837950979285,1.3407674215462857,-0.5388255861524138,4.777616025387154,-0.7904439656813533,1.0139806173403274
44.0,138.0,143.72531127929688,-1.0316796181059056,2.682252433661593,-4.920640367190151,-4.977032207552959,-2.4976578602039106,1.340810258027992,-0.5388475296872173,4.777643137676396,-0.7904591934357672,1.0139855437373155
44.0,138.0,143.72531127929688,-1.0317122897124924,2.682272404261941,-4.920613298214753,-4.977026495840584,-2.497650582209221,1.3408050493419346,-0.5388415361331953,4.777588329655888,-0.790449093468724,1.0139653608942831
44.0,138.0,143.7252960205078,-1.0316739470507708,2.682235215398637,-4.92059767429253,-4.976970697304708,-2.4976897281463866,1.3407907035928233,-0.5388373545509717,4.777577844212349,-0.790435560214374,1.0139755211968655
44.0,138.0,143.72531127929688,-1.0317098735709624,2.682247596407736,-4.920536758373404,-4.976989234600469,-2.497613973516617,1.340781937960899,-0.5388334275108839,4.777568006824303,-0.7904226078833423,1.0139794249966396
44.0,138.0,143.7252960205078,-1.031649308279122,2.682223418861928,-4.920573565827085,-4.976998648927844,-2.497650952495128,1.3407754352330723,-0.5388389275878849,4.777582207049964,-0.7904260028813841,1.0139598143819797
44.0,138.0,143.72531127929688,-1.0316371155137012,2.682225036533871,-4.920594976217601,-4.977009242220244,-2.497615767205768,1.3407777521590027,-0.5388381685388222,4.7775689368156815,-0.7904391563322735,1.0139806279502048
44.0,138.0,143.72531127929688,-1.0317445996481514,2.6822666246657443,-4.920572565050421,-4.977010734606047,-2.497655062532762,1.3407600270701625,-0.5388463818962217,4.777605999657151,-0.7904444432894913,1.0139563591570528
44.0,138.0,143.72531127929688,-1.031723959336679,2.682329806570393,-4.920572599732602,-4.97697744790972,-2.497662396496316,1.34075845994243,-0.5388809092282463,4.777598634395407,-0.7904744633111527,1.013984344598974
44.0,138.0,143.72531127929688,-1.0316874130267588,2.682287975689692,-4.920522028279311,-4.977004478938456,-2.497593069318796,1.340819229053877,-0.5388426766071417,4.777608034623906,-0.7904423687866844,1.013985097106317
44.0,138.0,143.7252960205078,-1.0316442358977755,2.682283669339684,-4.92055970193826,-4.977007429349968,-2.497613217649888,1.34080520218951,-0.5388113944842532,4.7775564913173305,-0.7904472191017833,1.0139936382064372
44.0,138.0,143.72531127929688,-1.031680965273635,2.682334304441647,-4.920594172891058,-4.977055285338309,-2.497636172533575,1.3407665855576667,-0.5388220065086973,4.7776561094398495,-0.7904256704251527,1.0139508397423107
44.0,138.0,143.72531127929688,-1.031653146157784,2.682219551648428,-4.920634593294983,-4.9769794154910505,-2.497651813735144,1.3407762392686182,-0.5388493548823075,4.777612080637573,-0.7904362634594477,1.013970639264442
44.0,138.0,143.7252960205078,-1.0317111510186994,2.6822532162684896,-4.920609269651584,-4.976987765564328,-2.497677433521022,1.3407496469722835,-0.5388357044024925,4.777623524336494,-0.7904492940489902,1.0139764413153305
44.0,138.0,143.7252960205078,-1.031663116350035,2.682249529678926,-4.92058370302252,-4.977059125422287,-2.4976489050289703,1.340778817612037,-0.5388599605507141,4.77761218146374,-0.7904345760068514,1.0139697011176765
44.0,138.0,143.7252960205078,-1.0316971022013837,2.682258743093694,-4.920626910198157,-4.976985071388674,-2.4976714423737185,1.3407644353135648,-0.5388224493382765,4.777645862519869,-0.7904498867682888,1.01399171605523
44.0,138.0,143.72531127929688,-1.0316306730598646,2.682333134111849,-4.920608048284503,-4.9770129660822215,-2.4976562342930224,1.3407805836486375,-0.5388426988125161,4.777614942147018,-0.7904458775666185,1.013948956914609
44.0,138.0,143.7252960205078,-1.0316681142455506,2.682278292421456,-4.920564510040522,-4.977014062429805,-2.4976213153600164,1.340775769650766,-0.5388452012356986,4.777532498273198,-0.7904571391382564,1.0139794284959596
44.0,138.0,143.72531127929688,-1.0316506479114764,2.682347014490966,-4.920555717187597,-4.97699814859404,-2.497618389903935,1.3407614024269732,-0.5388435885341547,4.777580803228824,-0.7904293767652346,1.0139761185161786
44.0,138.0,143.72531127929688,-1.03167865896235,2.682290723856548,-4.92068368238843,-4.976975789934587,-2.497632615387361,1.3407953951478246,-0.5388536711372005,4.7775929984145975,-0.7904444131155772,1.013967797403664
44.0,138.0,143.72531127929688,-1.0317067615860358,2.68227489460524,-4.920657768524047,-4.976979811860987,-2.49768315194433,1.3407977704485514,-0.5388420210662739,4.777608166628145,-0.7904618349022625,1.0139550290936832
44.0,138.0,143.72531127929688,-1.0316611639522266,2.6822817278218576,-4.920564619549657,-4.976969242009545,-2.4976433925399,1.3408038074264903,-0.5388345188222061,4.777600749856582,-0.7904523467858695,1.0139625088297084
44.0,138.0,143.72531127929688,-1.0316548268179375,2.682325102933895,-4.920612160523432,-4.97701032155495,-2.4976222076251697,1.3407878975426346,-0.53882765522446,4.777622328561868,-0.7904154619728061,1.013978486463496
44.0,138.0,143.72531127929688,-1.0317238942931786,2.682269700241116,-4.920604458173685,-4.976953650636435,-2.497666770480363,1.3407957748368018,-0.5388280985979357,4.777587817749824,-0.7904271364162376,1.0139637330803382
44.0,138.0,143.72531127929688,-1.031720013625403,2.682352079104713,-4.920541891525388,-4.976990699508933,-2.4976328261430547,1.340797364144958,-0.5388429502485446,4.777580388746332,-0.7904105330513325,1.0139666975501598
44.0,138.0,143.72531127929688,-1.0315931746646556,2.6822790056076595,-4.9205549975160165,-4.977018101884704,-2.497647164979066,1.3407854096600245,-0.538826229269235,4.777605877620205,-0.7904432426023931,1.0139708840522852
44.0,138.0,143.7252960205078,-1.0316985541595771,2.6822518011006817,-4.920620863073995,-4.976996406755171,-2.4976758373242767,1.3407821445522048,-0.538825910509404,4.777609093707962,-0.7904590201608022,1.0139966129390725
44.0,138.0,143.7252960205078,-1.0317005238357648,2.6822408638137496,-4.920588243251186,-4.977032427894423,-2.497659723847031,1.3407884704180164,-0.5388496054922607,4.777604729779622,-0.7904397930130127,1.0139875796013156
44.0,138.0,143.72531127929688,-1.031627366451195,2.6823084615563744,-4.920587634804774,-4.976998696327203,-2.497641330993426,1.3407095115784848,-0.5388266986417447,4.777594559934835,-0.790439244394677,1.013986603597847
44.0,138.0,143.72531127929688,-1.031683610101661,2.6822408617802287,-4.92056806824368,-4.9770183608855145,-2.497697151395159,1.3407759445811962,-0.53883130548948,4.777612151201179,-0.7904733115358429,1.0139876891104933
44.0,138.0,143.7252960205078,-1.0316175357719723,2.682230117423358,-4.9205501225606,-4.9769704970459685,-2.497658981110068,1.340807898411036,-0.5388385299875544,4.777603931514513,-0.7904489092678242,1.01398122085802
44.0,138.0,143.72531127929688,-1.0317043079996535,2.68229745205823,-4.920639535443126,-4.976969179167116,-2.4976213438402355,1.3407600952683243,-0.5388318071531426,4.777607337076725,-0.7904318333792943,1.0139748527312111
44.0,138.0,143.72531127929688,-1.031685319620696,2.6822286492520044,-4.9206213224206055,-4.977019651979908,-2.497692236582952,1.3407313384287214,-0.5388657746323862,4.777602537889106,-0.7904365975245025,1.013988778080897
44.0,138.0,143.72531127929688,-1.031732452280636,2.6823051784424203,-4.920593739980345,-4.976989673828514,-2.497565484786348,1.3408009510337635,-0.538857328675487,4.777650651766043,-0.7904454404556116,1.0139881016298178
44.0,138.0,143.72531127929688,-1.0316284174376165,2.6822562734701023,-4.92056717241821,-4.976965049636596,-2.497659135443268,1.3407596906961157,-0.5388540411804783,4.777607354369579,-0.7904258998639664,1.0139565733195477
44.0,138.0,143.7252960205078,-1.031673687945668,2.6822917638021906,-4.920532339506769,-4.976972585656086,-2.497628543403116,1.3407402824398795,-0.5388542815595319,4.777574003785757,-0.7904405902145619,1.0139852739584807
44.0,139.0,143.72531127929688,-1.031641409754334,2.682214276600657,-4.920546079912454,-4.97704770093,-2.497666075507744,1.340784460243051,-0.5388374677359051,4.777566588021676,-0.7904484671211618,1.0139551156784874
44.0,139.0,143.72531127929688,-1.0316955122881692,2.6822358412640988,-4.92051988472254,-4.977004429575889,-2.497661248243995,1.3407661484682247,-0.5388267552080652,4.777573846842987,-0.790443083986144,1.014000032364634
44.0,139.0,143.72531127929688,-1.0316691882617253,2.6822697217040297,-4.920546575990961,-4.977047156435187,-2.497706139003101,1.3407726973943117,-0.5388187086608269,4.777598716378398,-0.7904259918969707,1.013991820112281
44.0,139.0,143.7252960205078,-1.0316479000929069,2.6822776697390083,-4.920660518205404,-4.976972066972882,-2.4976268535853263,1.3407627670873632,-0.5388700253085155,4.777655261520449,-0.7904590605648236,1.0139754075265728
44.0,139.0,143.72531127929688,-1.0316649857765303,2.682266270282714,-4.9205491203794764,-4.977062673744332,-2.497652269575184,1.3408011929365982,-0.5388412832359268,4.777607520591941,-0.7904488965787273,1.0139875504768376
44.0,139.0,143.7252960205078,-1.0316661991815694,2.682250052028708,-4.920625831325706,-4.977011499481412,-2.49766694601824,1.3407555980643595,-0.538812390620846,4.777630961441483,-0.79043826393315,1.01399323145377
44.0,139.0,143.7252960205078,-1.031650516828237,2.682199530392225,-4.920579240073769,-4.977026810114733,-2.497657047488401,1.3408022757827256,-0.5388706404732977,4.777578614806323,-0.7904389777004228,1.0139733138327047
44.0,139.0,143.7252960205078,-1.031681470194216,2.682269498964728,-4.9205797820281365,-4.977011862595579,-2.497651423893135,1.3407721022293098,-0.5388591508034724,4.777539603789254,-0.7904498294131219,1.013988879335229
44.0,139.0,143.72531127929688,-1.0316559080095349,2.6822387121780142,-4.920630076985584,-4.976999066639545,-2.4976421063638767,1.3408276807414747,-0.5388191796645883,4.77757735983351,-0.7904480508627891,1.013973670784571
44.0,139.0,143.72531127929688,-1.0317077046783698,2.682309498189344,-4.920472537660267,-4.9770106171444,-2.4976158063915284,1.340792618771277,-0.5388561338762585,4.777651130364035,-0.7904464594917346,1.0139745969515293
44.0,139.0,143.72531127929688,-1.0316874538296457,2.682201876138592,-4.920555328458565,-4.976962185763559,-2.497651077273803,1.3407973325698288,-0.5388326430097168,4.7776271131753365,-0.7904455611256536,1.0140010524446683
44.0,139.0,143.72531127929688,-1.0316505584677724,2.682237026142173,-4.920500560275707,-4.977020777972323,-2.4976250710288928,1.3407900242636035,-0.5388291552788012,4.777584321275958,-0.7904438160597369,1.0139796967480006
44.0,139.0,143.72531127929688,-1.0316366942565085,2.6822255444274523,-4.920581827802128,-4.977065113365518,-2.4976784353937296,1.3407700454898102,-0.5388002774921468,4.777597559316989,-0.7904535415478948,1.013969910531365
44.0,139.0,143.72531127929688,-1.03172018411684,2.6823128460899284,-4.920663842573997,-4.976993745402738,-2.497657068453777,1.340692518204154,-0.5388291289540348,4.777582361916394,-0.7904334717975319,1.013993859516665
44.0,139.0,143.72531127929688,-1.0316903986847747,2.682259059272604,-4.9206056407339895,-4.97692046855531,-2.497639561140401,1.3407739423102374,-0.5388191344686852,4.777528019526471,-0.7904595978776019,1.0139885297155091
44.0,139.0,143.7252960205078,-1.0316936774328989,2.682245718372381,-4.920644547387456,-4.977018754683497,-2.497672614574821,1.340771260831913,-0.5388300655311706,4.777633179345372,-0.7904464911420037,1.0139719043682094
44.0,139.0,143.72531127929688,-1.03165279233909,2.682326435683187,-4.920587101567121,-4.97698564760622,-2.497624033601074,1.340815208394882,-0.5388322764779465,4.777610194075411,-0.7904297792617987,1.013972151388045
44.0,139.0,143.7252960205078,-1.0316756145773942,2.682238636320264,-4.920608496989988,-4.976988534348906,-2.497610561464851,1.3408389526369078,-0.5388626070664468,4.7776063884579365,-0.7904305213852982,1.0139664192947615
44.0,139.0,143.72531127929688,-1.0316729913557756,2.682295668855176,-4.92058521537346,-4.977025722792851,-2.497634778806566,1.3408101709566234,-0.5387999326571267,4.777549592541806,-0.7904454459136447,1.013981771223598
44.0,139.0,143.72531127929688,-1.0317040223432097,2.6822534861595546,-4.920542183859163,-4.976955385131205,-2.497609018286425,1.3407879872380557,-0.5388173317704652,4.777582670291011,-0.7904464811494858,1.0139897693675293
44.0,139.0,143.7252960205078,-1.0316363121789314,2.682294613164675,-4.920567494859901,-4.977004883997548,-2.497638326572637,1.3407572950843356,-0.5388327129084249,4.7775430509103,-0.7904412240501859,1.0139804182863277
44.0,139.0,143.7252960205078,-1.0316530230821752,2.68224804285933,-4.920582196770941,-4.977022116334961,-2.497671714089447,1.340791885650166,-0.5388545732437926,4.777611828363753,-0.7904636559199458,1.0139723925000332
44.0,139.0,143.72531127929688,-1.0317196522824568,2.6823152861129493,-4.9205534347931135,-4.97700531802204,-2.4976991761743585,1.3407881520932303,-0.5388195337852295,4.77758164588392,-0.790436813955945,1.0139665266410702
44.0,139.0,143.7252960205078,-1.0316696737988966,2.6823412794442447,-4.920586582086224,-4.977054568342633,-2.4976390839135565,1.3407972155394887,-0.5388460310929339,4.777620476250185,-0.7904416411079769,1.0139838833726431
44.0,139.0,143.7252960205078,-1.0316582605805151,2.6821735191533547,-4.920606010413055,-4.976983861532516,-2.497688723751572,1.340776645360549,-0.5388231134029198,4.777595846328886,-0.7904533895819386,1.013946698368855
44.0,139.0,143.7252960205078,-1.0316663808673336,2.6822335790167475,-4.920545681449274,-4.9769519914993126,-2.4975960119020986,1.3407874629214946,-0.5388454561288984,4.7776216943359024,-0.7904620966933482,1.0139722405272806
44.0,139.0,143.72531127929688,-1.0316115504183996,2.6822760618201693,-4.920521860881399,-4.977042325133449,-2.497638749214881,1.340776387949071,-0.5388623058280011,4.777552320126507,-0.7904171021384041,1.0139661648467104
44.0,139.0,143.72531127929688,-1.031665102679757,2.682256065385378,-4.9205410253869175,-4.976969154958745,-2.497691332303233,1.3407558307260716,-0.5388436541782635,4.7775718623158046,-0.7904436457973203,1.013983070118556
44.0,139.0,143.72531127929688,-1.0316239723812402,2.6822673651532547,-4.920561129502798,-4.977023106695693,-2.49763055856201,1.3407869345271095,-0.5388229114209553,4.77756024170044,-0.7904380545457368,1.0139762204424576
44.0,139.0,143.72531127929688,-1.031687724551685,2.682202839318416,-4.920555144545678,-4.977019218246442,-2.4977158382861164,1.3407878319007835,-0.5388503249366146,4.777577187812565,-0.790439049387138,1.0139708985721292
44.0,139.0,143.72531127929688,-1.0317285728184578,2.682258347117525,-4.92061611460591,-4.977030583751545,-2.497716213867646,1.34074174180242,-0.5388375543763013,4.777623880143029,-0.7904474546135258,1.0139706183520616
44.0,139.0,143.72531127929688,-1.0316731669356898,2.6822642825757104,-4.920556983013179,-4.976951322669938,-2.497650302833158,1.3407595766573426,-0.5388015098346512,4.777545406337172,-0.7904342837076559,1.013985888240886
44.0,139.0,143.72531127929688,-1.0317104960039307,2.682230221560399,-4.920599469736382,-4.976986388955965,-2.497663002288732,1.34077778779461,-0.5388485032337886,4.77759110333961,-0.7904526717884783,1.013996124560582
44.0,139.0,143.72531127929688,-1.0316671227057015,2.682154947729924,-4.920606535860906,-4.976955151336833,-2.497681179207252,1.340778676219223,-0.538794263005455,4.7776474234928905,-0.7904360768544656,1.0139859320732691
44.0,139.0,143.7252960205078,-1.0316920623814956,2.6822560433506,-4.920585621388755,-4.977002327603135,-2.497679998826284,1.340805391645114,-0.5388618399675931,4.777630845614937,-0.79044263302836,1.0139890800828972
44.0,139.0,143.72531127929688,-1.0315424577924883,2.6822665083542487,-4.920598452532483,-4.976966176429412,-2.4976093615285726,1.3407886927325663,-0.5388284408934965,4.777532938874458,-0.7904444447853507,1.0140062193721144
44.0,139.0,143.72531127929688,-1.0316355888026028,2.6822152164877515,-4.920640821705087,-4.977009163503702,-2.497690365785177,1.3408146730130008,-0.5388249779758123,4.77756828904916,-0.7904605650838423,1.0139848943637064
44.0,139.0,143.72531127929688,-1.0317184840389375,2.682346570898428,-4.92059110988437,-4.976989427404615,-2.497604815321512,1.3408035230200657,-0.5388130906339459,4.777593940786144,-0.7904284629629146,1.013965919972546
44.0,139.0,143.7252960205078,-1.031649587607275,2.682241270019726,-4.920567096832612,-4.977003032633008,-2.4976076078879963,1.3407650782444636,-0.5388237479228186,4.777538658752436,-0.7904342416304182,1.0139858672453892
44.0,139.0,143.7252960205078,-1.031641175583415,2.682232303347009,-4.920614802578682,-4.97701066870603,-2.497590693419057,1.3407732854419336,-0.5388296898391323,4.777574905937614,-0.790419540910408,1.0139813626990062
44.0,139.0,143.72531127929688,-1.031586931741506,2.682199306581971,-4.920623109465292,-4.977046123075742,-2.4976263636718703,1.3407659266826997,-0.5388135082506764,4.777586405901428,-0.7904540509945299,1.0139872800978411
44.0,139.0,143.72531127929688,-1.0316874693710192,2.682304770279198,-4.920554080109038,-4.976947843693322,-2.497660991273971,1.3407594242388674,-0.5388483304468474,4.777530166523814,-0.7904298082724175,1.013944448973514
44.0,139.0,143.7252960205078,-1.0316672634337474,2.6822652984325384,-4.920555599258122,-4.976967296159882,-2.497636045385482,1.3407593666761262,-0.5388273759478306,4.777549433721701,-0.7904149643564873,1.0139715816690664
44.0,139.0,143.72531127929688,-1.03169628232913,2.6823250582290283,-4.920554417892881,-4.97692567987193,-2.497646032945517,1.3407807994303005,-0.5388161000099849,4.7776214400723855,-0.7904318703586082,1.013983522444292
44.0,139.0,143.72531127929688,-1.0316342897022124,2.682230722588613,-4.920582556589123,-4.977047884573704,-2.497668539319839,1.3408040598728874,-0.53883908601013,4.777634111912803,-0.7904371702086985,1.0139879128606992
44.0,139.0,143.7252960205078,-1.0316608284716136,2.682233578589127,-4.92054382886924,-4.977062117961484,-2.497682196515672,1.3408002061891944,-0.5388346711366108,4.777586414382078,-0.7904524851155621,1.0139896540246056
44.0,139.0,143.7252960205078,-1.031713431194668,2.682259256373934,-4.920607634262421,-4.976988247956983,-2.497625999763071,1.3407748194306022,-0.5388085351205749,4.777614844997416,-0.7904524791684633,1.013965978065067
44.0,139.0,143.72531127929688,-1.031712297365721,2.682204807985146,-4.920626041750691,-4.97702319505673,-2.4976345010233265,1.3408100663438685,-0.5388158341899585,4.77761683719778,-0.7904830006078587,1.0139828831266282
44.0,139.0,143.72531127929688,-1.0316623953079709,2.682280398729512,-4.920513159262143,-4.976953851722108,-2.497621772842299,1.340784212828149,-0.5388162710189377,4.777563744616536,-0.790441994017435,1.0139769929643163
44.0,139.0,143.72531127929688,-1.0316015248478565,2.6822619035017867,-4.920536149809282,-4.977010041437453,-2.497613488855292,1.340796397676903,-0.5388697937488676,4.777608138189111,-0.7904232529669626,1.013979809690167
44.0,140.0,143.72531127929688,-1.0316734482206775,2.682241333800084,-4.920541349379989,-4.977007651363604,-2.497665418166988,1.340809731367326,-0.5388321820109345,4.777606433631885,-0.7904416870602633,1.013979204002843
44.0,140.0,143.7252960205078,-1.0316913382359645,2.682277064052987,-4.920537110782983,-4.976960809740888,-2.497628266850752,1.3407851636844643,-0.5388246109514414,4.77756556506931,-0.7904527670243384,1.0139900237523207
44.0,140.0,143.72531127929688,-1.0316459478965978,2.682237304528728,-4.920585214206637,-4.977007338973428,-2.497677451084578,1.3408014429571145,-0.5388317478205185,4.777569482274499,-0.7904385365611919,1.0139815487617945
44.0,140.0,143.7252960205078,-1.0316774008820362,2.6822726132133203,-4.920629753455524,-4.9770057602749285,-2.4976560066601388,1.340787201494635,-0.538828509878643,4.7776209067062965,-0.7904566940574949,1.013977147558193
44.0,140.0,143.72531127929688,-1.0316632343256575,2.682200775951027,-4.920609780237995,-4.97703785646772,-2.497660561778085,1.3407675501284313,-0.538850998653225,4.777600398152831,-0.7904403236090944,1.013962664047754
44.0,140.0,143.72531127929688,-1.0317364668883329,2.6822643380476263,-4.920556535484603,-4.976958831824787,-2.497673151709831,1.3407667144997433,-0.5388122206911046,4.777638589170371,-0.7904384360538828,1.0139954810533949
44.0,140.0,143.72531127929688,-1.0316922466305445,2.682278543566154,-4.920573509374768,-4.976968463109452,-2.49768002390598,1.3407993419209374,-0.5388420600852282,4.77757509145752,-0.7904470446019758,1.0139803543431398
44.0,140.0,143.72531127929688,-1.0316236524510494,2.682273477021795,-4.920604204115028,-4.977039936119622,-2.4976334487055905,1.3407663202111122,-0.538858011598867,4.777564641969308,-0.7904269471661216,1.013986547324742
44.0,140.0,143.72531127929688,-1.0316809107802665,2.682186397625664,-4.920597964769899,-4.9769724219169404,-2.497631220278172,1.3407916861499023,-0.5388676800139383,4.777633556428627,-0.7904568197143647,1.0139540226891564
44.0,140.0,143.7252960205078,-1.031663458489498,2.6822557718722395,-4.92059132262518,-4.977013706994833,-2.4976104635490333,1.3407669179908286,-0.5388404478687381,4.777569084759236,-0.7904661842486584,1.0139600652362404
44.0,140.0,143.72531127929688,-1.0316569137437384,2.682265359207162,-4.92059013739819,-4.977000168171373,-2.497679566074402,1.3408259680845624,-0.5388394643086727,4.77759948590405,-0.79046061025943,1.013983020307499
44.0,140.0,143.7252960205078,-1.031609923807716,2.6822560584507364,-4.920625746449034,-4.976984858803712,-2.497645034127149,1.3407765608291902,-0.5388042683413365,4.777579683745163,-0.7904553530389222,1.013986793054093
44.0,140.0,143.7252960205078,-1.0316532850113602,2.6822428339124738,-4.920573939784206,-4.976968524807712,-2.497671173739933,1.340787526903485,-0.5388681507375148,4.777606372274258,-0.7904639395936268,1.0139977239849003
44.0,140.0,143.7252960205078,-1.031650888370815,2.682228533448741,-4.920574337526995,-4.976969925529054,-2.497644038551812,1.3407906921227806,-0.5388520844961722,4.777583638396852,-0.7904232214584077,1.0140011864828402
44.0,140.0,143.72531127929688,-1.0316841295662522,2.6822694947511403,-4.920615723206261,-4.977001047867004,-2.4976633663115595,1.340811705897048,-0.53884304489939,4.777576869194641,-0.7904559254640517,1.0139829610972129
44.0,140.0,143.72531127929688,-1.0317126099511462,2.6822375552218443,-4.92054309406803,-4.976972707143939,-2.497636695806529,1.340800591878275,-0.5388479088509541,4.777631693949981,-0.7904435159419982,1.0139870909054416
44.0,140.0,143.72531127929688,-1.0317130650154187,2.682294978838016,-4.920602838366783,-4.976972867984315,-2.49766207656561,1.3407914065136968,-0.538820442012029,4.777610004991647,-0.790446755891189,1.013975882362054
44.0,140.0,143.7252960205078,-1.0316829909151477,2.6822538390998565,-4.92063169655018,-4.977004688706757,-2.497647637559929,1.3407730580156274,-0.5388204615310812,4.777611057483174,-0.7904482713038243,1.0139831430340411
44.0,140.0,143.72531127929688,-1.0317031477711822,2.6822298019005064,-4.92057693729279,-4.97701274510651,-2.4976911762919505,1.3407855120524488,-0.5388480819138399,4.777667156058085,-0.7904590080665468,1.0139609597001185
44.0,140.0,143.72531127929688,-1.031668775174345,2.6822208844244564,-4.92065239686506,-4.977022252155881,-2.49762906828396,1.3407835275482345,-0.5388483966100033,4.777573195835435,-0.7904437941370981,1.013984499085545
44.0,140.0,143.7252960205078,-1.0317059180648045,2.682226335606898,-4.920500857594098,-4.97696705300851,-2.497682197750089,1.3407889679963605,-0.5388318020361771,4.777610937764109,-0.7904595619921526,1.0139931699221345
44.0,140.0,143.7252960205078,-1.03169742911069,2.682271839608972,-4.9205225538560615,-4.976947051058914,-2.4976342762655577,1.3407997828815486,-0.5388248506437083,4.777605157426692,-0.7904400262346947,1.013991322382175
44.0,140.0,143.7252960205078,-1.031641948898768,2.6823076310998832,-4.920646072727784,-4.9770586623584245,-2.4976150864932127,1.3407730832052156,-0.5388607146483784,4.777589522995385,-0.7904408295033676,1.0139485400354618
44.0,140.0,143.7252960205078,-1.0316523080834146,2.6821928105150654,-4.920567274877516,-4.9770170417142205,-2.497627422891071,1.3408340961290843,-0.5388400488097789,4.777589172573682,-0.7904583818622433,1.0139547852116362
44.0,140.0,143.72531127929688,-1.0316505743791482,2.682260870281212,-4.920602162230553,-4.977023251571069,-2.49765407553582,1.3408122401709193,-0.5388628147630161,4.777561926402807,-0.7904403505960573,1.0139589496508217
44.0,140.0,143.7252960205078,-1.0316829126429106,2.6822015917320385,-4.920607592459727,-4.976980591043191,-2.497625506857162,1.3407778358090274,-0.5388065454779758,4.777588833053288,-0.7904560387386086,1.0139638891396316
44.0,140.0,143.7252960205078,-1.0316798676797894,2.682272367759976,-4.920627773794217,-4.977024410146452,-2.4976232187638656,1.3407772973484553,-0.5388343217912528,4.777592321541368,-0.7904651691559392,1.013992782794988
44.0,140.0,143.72531127929688,-1.0317033117530672,2.68218071762492,-4.920620154295148,-4.976942832040828,-2.497676455626915,1.3408159845913294,-0.5388877758416433,4.777637702723473,-0.7904283072408846,1.013956508234081
44.0,140.0,143.72531127929688,-1.0316520995858052,2.682219101157268,-4.920550596218454,-4.977045802203926,-2.497681538993545,1.3407930397282255,-0.5388278022279724,4.777633479860658,-0.7904427139113626,1.013986125122436
44.0,140.0,143.72531127929688,-1.031682622497658,2.682300299659928,-4.920624850575135,-4.976988973816425,-2.4976399505554365,1.340751771518871,-0.5388371075295009,4.777606827274408,-0.7904459453249748,1.0139631079947042
44.0,140.0,143.7252960205078,-1.031652586589673,2.6822606896290377,-4.920619491562224,-4.976985387578299,-2.497622172837468,1.3407498203312436,-0.5388366220898799,4.777594504958268,-0.7904605584514428,1.0139816167423357
44.0,140.0,143.72531127929688,-1.0316721085266405,2.682239228909792,-4.920593432536904,-4.9770677644752,-2.497630906565296,1.340787745978912,-0.5388464790289058,4.7776340981810055,-0.7904464463941725,1.013978464389595
44.0,140.0,143.7252960205078,-1.031733908442833,2.6822482972398545,-4.920609461857985,-4.976993903739902,-2.497649474469972,1.3407725425407762,-0.5388104716353492,4.7776122011151205,-0.790461977331498,1.0139811239140704
44.0,140.0,143.72531127929688,-1.0316800125603347,2.682180438465018,-4.9206201189575545,-4.977000801874783,-2.4976381245615284,1.3408071188608712,-0.5388138103582341,4.77758782485331,-0.7904314289145038,1.0139596354175886
44.0,140.0,143.7252960205078,-1.0316260645515296,2.6822328238907325,-4.920559645033238,-4.976963187607279,-2.497619767202735,1.340798282886233,-0.5388205183960837,4.777594503975992,-0.7904620396402331,1.0139624153086029
44.0,140.0,143.72531127929688,-1.031666473248387,2.6822964600788,-4.920577714258048,-4.976994462095122,-2.497680619294332,1.3407846509575378,-0.5388327086543079,4.777538648745079,-0.7904526554296023,1.0139761093412538
44.0,140.0,143.72531127929688,-1.031650258421429,2.6822467845622,-4.920576172901022,-4.976990941670916,-2.4976618646447566,1.340789390821592,-0.5388621245474994,4.777562360424373,-0.7904289657855514,1.0139722600712764
44.0,140.0,143.72531127929688,-1.0316338950500246,2.6821848540592104,-4.920487601275748,-4.977074790475541,-2.4976326956620576,1.3407872787646706,-0.5388522073690369,4.777622228286582,-0.7904599612386107,1.0139831985389955
44.0,140.0,143.7252960205078,-1.0316359324505422,2.6822314789433586,-4.920582918500664,-4.976994941134743,-2.4976371453815824,1.340791907206321,-0.5388439345681757,4.777589206219231,-0.7904776986257627,1.01397621579037
44.0,140.0,143.72531127929688,-1.0316605176144558,2.682249330787605,-4.920575005426478,-4.976931524775984,-2.4976268664976016,1.3407676371798614,-0.5388550303716837,4.777610064676702,-0.7904508407106672,1.013968066467836
44.0,140.0,143.72531127929688,-1.031681855970186,2.682208555362674,-4.920641344365019,-4.977022584288193,-2.4976139812359954,1.340740717793559,-0.5388340812463994,4.777569006562862,-0.790449255780028,1.0139461590428844
44.0,140.0,143.7252960205078,-1.031688856698049,2.6822169256118773,-4.920632032979669,-4.9769657239080844,-2.497618145812311,1.3408121047840211,-0.5387992956438783,4.777613949905508,-0.7904346470730186,1.0139823426364778
44.0,140.0,143.72531127929688,-1.031690410743345,2.68222033634244,-4.920600801807086,-4.977018237238942,-2.49767526666354,1.3407851615581157,-0.5388227276823168,4.777585924860308,-0.790431659648509,1.0139692494027592
44.0,140.0,143.72531127929688,-1.031610036513257,2.6821575416818213,-4.920595948415677,-4.977024351979352,-2.497625630517036,1.3407517090509735,-0.5388267281122472,4.777564069264695,-0.790456579031992,1.013968275345956
44.0,140.0,143.7252960205078,-1.0316817346439198,2.682243729553968,-4.920596245389203,-4.976984236628665,-2.497667033293875,1.3407658933648203,-0.5388178124351759,4.777607755493598,-0.7904437075737984,1.0139962455397171
44.0,140.0,143.7252960205078,-1.0316985096491726,2.682274681589826,-4.920576029097819,-4.976949846033014,-2.4976333116954192,1.3408024338377134,-0.5388333764175188,4.777631328437145,-0.7904619564230293,1.0139875298797367
44.0,140.0,143.72531127929688,-1.0316903742306676,2.682222027369521,-4.920542083763113,-4.9770575037029765,-2.4976734801129026,1.3407575194517305,-0.5388488980607367,4.777524029854657,-0.7904459189573423,1.0139814654845305
44.0,140.0,143.72531127929688,-1.0316278240027843,2.682236038936584,-4.920569945890638,-4.977044757246754,-2.497672014858499,1.3407797583303005,-0.5388493247805206,4.777589805640737,-0.7904391232248464,1.0139680872473082
44.0,140.0,143.7252960205078,-1.0316562380810157,2.68225896702814,-4.920558561408038,-4.977004968818687,-2.49763472958566,1.3408060232008578,-0.538825623880582,4.777590005355384,-0.7904693282609685,1.0139485201597829
44.0,140.0,143.72531127929688,-1.0316945058778355,2.682277453218939,-4.920607589316149,-4.976998259318695,-2.497634744399933,1.3407781363708358,-0.5388342158279658,4.777599477942857,-0.790444937810058,1.01399982095921
44.0,141.0,143.7252960205078,-1.0316648063698937,2.682207413702206,-4.92057558965394,-4.9770129789248605,-2.49766715148413,1.3407314545293527,-0.5388425120156022,4.7775985569412,-0.7904307401979436,1.013973855420069
44.0,141.0,143.7252960205078,-1.031681626905117,2.682191625198741,-4.920576417174003,-4.976990443518808,-2.4976808898015284,1.3407622795617318,-0.5388064515392674,4.777584029452241,-0.7904480782750962,1.0139724071006952
44.0,141.0,143.7252960205078,-1.0316943371983758,2.682270053424488,-4.920485793482973,-4.976981818119101,-2.49763471708552,1.3407667904212994,-0.538850669865413,4.777573288551896,-0.790432648181147,1.0139870886878397
44.0,141.0,143.72531127929688,-1.0316983096611825,2.6822555784696664,-4.920579332566234,-4.976979178506534,-2.4976540342401767,1.3408082604467657,-0.5388263767036419,4.777571319841895,-0.7904759252490701,1.013979966784512
44.0,141.0,143.7252960205078,-1.0316863626999837,2.6821605613481783,-4.9205378071882855,-4.977004279184403,-2.4976887721178653,1.3407879662110955,-0.5388287945667969,4.777623198895052,-0.790451009429737,1.014000015607218
44.0,141.0,143.72531127929688,-1.031627987697275,2.682198344876793,-4.920544962777155,-4.976962286069507,-2.497637173130665,1.3407763458403927,-0.538820573798116,4.7776302329655564,-0.7904769072125895,1.0139864709781143
44.0,141.0,143.72531127929688,-1.031673421320253,2.6822305001590943,-4.920593555646693,-4.977018126160735,-2.4976506523454125,1.3408480288744231,-0.5388187906032327,4.777621267134499,-0.7904788702827075,1.0139669536384366
44.0,141.0,143.72531127929688,-1.031618481724868,2.6822940940724225,-4.92055091209767,-4.976978656818814,-2.497597394980211,1.340775286047366,-0.538829030845525,4.777530467229544,-0.7904304575256447,1.0139870834166755
44.0,141.0,143.7252960205078,-1.031686777168201,2.68222748342785,-4.920558633022514,-4.9770434794597165,-2.4976604354071013,1.340742692861561,-0.5388413783695212,4.777656149897998,-0.7904590997861316,1.013977114832488
44.0,141.0,143.7252960205078,-1.0317087589300482,2.6822351654141947,-4.92056854751911,-4.976977246254194,-2.497616293551672,1.340787248033851,-0.5388343636959956,4.777626407357035,-0.7904497302013,1.013980804209834
44.0,141.0,143.7252960205078,-1.0316789372235349,2.6822815092497843,-4.9205781443757255,-4.976992100449929,-2.497613314585098,1.3407795199450394,-0.5388488469568902,4.77761502320085,-0.7904819531206906,1.0139589830685267
44.0,141.0,143.72531127929688,-1.0316516775851263,2.682174244088221,-4.920625812816431,-4.976998968729185,-2.497666745354152,1.340783008132714,-0.5388361534420412,4.777615894292474,-0.7904677916295197,1.013966190283594
44.0,141.0,143.7252960205078,-1.031677263173666,2.6822104615935096,-4.92055163610827,-4.976946723004383,-2.497626727216008,1.3407860392704398,-0.5388295759033959,4.7775793064400816,-0.7904581481253574,1.013985657698453
44.0,141.0,143.72531127929688,-1.0316968091116383,2.682210257029904,-4.920531151332203,-4.977004527027097,-2.497631708561673,1.3407900496795797,-0.5388300594799098,4.777687159296372,-0.7904889927173713,1.0139721509673176
44.0,141.0,143.72531127929688,-1.0317122738554367,2.68228499679513,-4.9205921963083785,-4.976951775262795,-2.4976557741316845,1.3407917153215845,-0.5387890930699024,4.777593881233944,-0.790477462778294,1.0139786652717089
44.0,141.0,143.7252960205078,-1.0316944110355228,2.682274177167576,-4.920546433091224,-4.9769713149067245,-2.4976321938461328,1.3408139643397066,-0.5388324871954344,4.777621444144966,-0.790444730513256,1.0139808656310665
44.0,141.0,143.72531127929688,-1.0316401835758722,2.682265232622556,-4.920561305071503,-4.977020141016851,-2.497577929883525,1.3408261788463245,-0.5388546139122923,4.7776012726347705,-0.7904363471918927,1.0139589684119803
44.0,141.0,143.72531127929688,-1.0316869951048115,2.682338633069895,-4.920604424086185,-4.97696871042835,-2.497624004145312,1.3408110828803448,-0.5388709938886951,4.777620072851471,-0.7904868416861754,1.0139590332133173
44.0,141.0,143.7252960205078,-1.0316305703368478,2.6822478343283507,-4.920586125052667,-4.976999247201206,-2.49767465294895,1.3407674977311048,-0.5388232730754972,4.777623736495201,-0.7904648807840688,1.0139681400610527
44.0,141.0,143.72531127929688,-1.0317176435985016,2.6821825627857363,-4.920594621743934,-4.977005528209886,-2.4976513682057773,1.3407679249865012,-0.5388384844766492,4.777623134232279,-0.7904577244557691,1.0139792989826848
44.0,141.0,143.72531127929688,-1.0316703945119414,2.682267054804884,-4.920524324704209,-4.977018528933072,-2.4976058033432724,1.340766744058287,-0.5388479807450217,4.777593531465834,-0.7904546394050103,1.0139800294153645
44.0,141.0,143.7252960205078,-1.0316844365637143,2.6821776503547667,-4.920589706988893,-4.976981419430423,-2.4976758290690366,1.3408064807810396,-0.5388084784166427,4.777638729126117,-0.7904681740597983,1.0139882585236144
44.0,141.0,143.7252960205078,-1.031674775570267,2.682299700548412,-4.920568384426169,-4.976958180455884,-2.4975963636289755,1.340823329263051,-0.5388532878614498,4.777615248251649,-0.7904721661901641,1.0139777303102786
44.0,141.0,143.72531127929688,-1.0316291804075584,2.682228918822535,-4.920641391022234,-4.976955872126139,-2.497671113075626,1.340827190635557,-0.5388299922535698,4.777543925271644,-0.7904483451333197,1.013977379506212
44.0,141.0,143.72531127929688,-1.0316628434646589,2.6822584334643897,-4.920556651014789,-4.976994248161918,-2.497609534883061,1.340789632341365,-0.5388081054661278,4.777581950508573,-0.7904542892160906,1.0139763153357375
44.0,141.0,143.7252960205078,-1.0316271064948015,2.6822391056328314,-4.920537880825523,-4.977013460487813,-2.4976351547227726,1.3407785395887073,-0.5388263842533654,4.777611034580566,-0.7904650857820315,1.0139878960371167
44.0,141.0,143.7252960205078,-1.031632615378267,2.6821868822548485,-4.9205585150785085,-4.976929063607146,-2.4976832146203094,1.3408154658197882,-0.5388043360243975,4.777601778948608,-0.790474008911934,1.013973627627017
44.0,141.0,143.72531127929688,-1.031688703360066,2.682290624403896,-4.9205417091115,-4.977013249364795,-2.497590949117625,1.3407828465303826,-0.5388612985866974,4.777656676149395,-0.790461877411909,1.0139654594523666
44.0,141.0,143.72531127929688,-1.0315917252468827,2.682247781878252,-4.920638549167692,-4.977006531942745,-2.4976755774822883,1.34081447266965,-0.5388444840224302,4.77758322978908,-0.7904592697845931,1.0139917440501076
44.0,141.0,143.72531127929688,-1.031643680260408,2.682292617384798,-4.920538131169614,-4.9770089931968124,-2.497658811751857,1.340802096687698,-0.5388040525885804,4.777587731017114,-0.7904365883142725,1.0139610030748658
44.0,141.0,143.7252960205078,-1.031678300508502,2.682292765779722,-4.920566056348012,-4.9769725952568775,-2.4976449402177607,1.3408055017497509,-0.538869622459198,4.777578965790948,-0.7904458680015019,1.013980833142667
44.0,141.0,143.7252960205078,-1.0316792299568278,2.6822564615056983,-4.920626161094426,-4.977015308562312,-2.497619939824949,1.3408001696034466,-0.5388438207541224,4.777577847902441,-0.7904584452252683,1.0139589668784748
44.0,141.0,143.72531127929688,-1.0316965744352058,2.682258645104513,-4.920516647900302,-4.976987676610846,-2.497605940105017,1.340776207959287,-0.5388321607561775,4.777565204911095,-0.7904573710311951,1.0139716762411162
44.0,141.0,143.7252960205078,-1.0316737246919263,2.6822065862611,-4.920606694995934,-4.977046883090289,-2.497644955916373,1.3408296156267916,-0.5388064036385618,4.777578044425233,-0.7904506265354714,1.0139981770092952
44.0,141.0,143.72531127929688,-1.031617185333733,2.682271506307022,-4.920627975964596,-4.976991588288621,-2.4976567474052858,1.3408230515465007,-0.5388651159720661,4.7775572389333085,-0.7904153102498723,1.0139727483256866
44.0,141.0,143.72531127929688,-1.031689505151678,2.6822615505304404,-4.920588327764353,-4.976975571901842,-2.497638383268354,1.3408081960851188,-0.5388047144203654,4.777601413938795,-0.7904712838485946,1.01397758469167
44.0,141.0,143.72531127929688,-1.031669765587257,2.682218151478444,-4.92062299896982,-4.977017017044307,-2.497628075635085,1.340822304047463,-0.5387999241214345,4.777585061203029,-0.7904485804131403,1.013976409710749
44.0,141.0,143.72531127929688,-1.0316907822380927,2.682216460462465,-4.92057478368593,-4.976953718247516,-2.4976754596989954,1.340795020841603,-0.5388704422030859,4.777573514630417,-0.7904355448414613,1.0139845902564373
44.0,141.0,143.72531127929688,-1.0316555279407584,2.682225786610436,-4.920592664921558,-4.976973161595261,-2.497621064138661,1.3408171548230774,-0.5388354716309438,4.77756453895546,-0.7904521378875637,1.013975109327239
44.0,141.0,143.72531127929688,-1.031747747935165,2.682286761092337,-4.9205646728917305,-4.976988397162277,-2.497663473585672,1.3407660419195366,-0.5388054229619161,4.777639246670866,-0.790478236257977,1.013980953110858
44.0,141.0,143.7252960205078,-1.0317072012399209,2.682197654457065,-4.920659404167307,-4.976989116626205,-2.4976526883735293,1.3407966631626778,-0.538831798602402,4.777543139041583,-0.790471683458084,1.0139572309396874
44.0,141.0,143.7252960205078,-1.0316267221661657,2.682198302054829,-4.92058662252931,-4.976934049139218,-2.4976230165660693,1.3407673824919906,-0.5388323027306807,4.77754481245241,-0.7904199457230545,1.0139800946170263
44.0,141.0,143.72531127929688,-1.0316607116834131,2.6822816366635163,-4.920511793141792,-4.976957113884736,-2.497645139230766,1.3408247777624691,-0.5388393802686462,4.777537152198846,-0.790440098155484,1.0139942193705087
44.0,141.0,143.7252960205078,-1.0316495232136798,2.6822426306518903,-4.920589068664397,-4.976967853329563,-2.4976182492650247,1.3408143124486491,-0.538833012507518,4.777650541088836,-0.7904482805721278,1.0139731520619
44.0,141.0,143.72531127929688,-1.0316981633519695,2.682230935441975,-4.920555456619257,-4.976976418123282,-2.497640504514429,1.3407262650565137,-0.5388311146672331,4.777609987951266,-0.79048561125808,1.013996433423614
44.0,141.0,143.72531127929688,-1.0316761761257287,2.682240484631201,-4.920573816609888,-4.976999895833683,-2.497605306083486,1.3407980373577733,-0.538823571971653,4.777572948480827,-0.7905036671494949,1.0139704170470774
44.0,141.0,143.7252960205078,-1.0316590498858846,2.6822268679310515,-4.920622024408389,-4.976984382948166,-2.4976559777408425,1.3407893611713266,-0.5388289190229134,4.777599056140483,-0.7904684454053248,1.0139851208509167
44.0,141.0,143.72531127929688,-1.0317344399626864,2.6822931041168294,-4.920575110768144,-4.976991890644021,-2.497615790975882,1.340807080020646,-0.5388211401216036,4.777535818147102,-0.7904488897662736,1.013997126079362
44.0,141.0,143.72531127929688,-1.0316767025677889,2.682237130107147,-4.920582037714795,-4.976982901302399,-2.497635660897563,1.340769811485513,-0.5388231430532002,4.7776134763816,-0.7904691588009163,1.0139658941065823
44.0,141.0,143.72531127929688,-1.0316196945779548,2.682243966603477,-4.920551809103042,-4.977032671135851,-2.4976633605887018,1.340765508313554,-0.538861522259416,4.777549736923255,-0.7904050110523855,1.0139899404891208
44.0,142.0,143.72531127929688,-1.0316683519990133,2.6822208770351628,-4.920615431111798,-4.976976298156621,-2.497686510481874,1.3407847754329725,-0.5388161916594232,4.77761371231766,-0.7904510508310967,1.0139844865477832
44.0,142.0,143.7252960205078,-1.0316524256524169,2.682202295197712,-4.920579400376476,-4.976980666331892,-2.497668844285712,1.3407875623094192,-0.5388430567279157,4.777624219658803,-0.7904837557384949,1.0139868675866115
44.0,142.0,143.7252960205078,-1.031632189760895,2.6822212192792545,-4.920561680456226,-4.976971718903526,-2.4976691170830474,1.3407813043319097,-0.538833715960843,4.777596666278482,-0.7904710851960015,1.013979772404375
44.0,142.0,143.72531127929688,-1.031658213731216,2.682238158127383,-4.920573204971191,-4.976993581206761,-2.497666947464112,1.3407788822477968,-0.5388477697096414,4.777555674855927,-0.7904552727129257,1.0139806050694649
44.0,142.0,143.72531127929688,-1.0316573272299312,2.6822996169906856,-4.920603349959287,-4.976982828180576,-2.4976082010016047,1.340766767485703,-0.5388199953493009,4.777630528875557,-0.7904575510920333,1.013990581998664
44.0,142.0,143.72531127929688,-1.031628509247068,2.682219029805143,-4.920561610729735,-4.976992799515358,-2.4976356051032447,1.340754441004508,-0.5388225570778218,4.7775936782871735,-0.7904562586485779,1.0139826862120618
44.0,142.0,143.72531127929688,-1.0316274825237262,2.68221812938014,-4.920650228763697,-4.977010518716147,-2.4976582329361907,1.340823826322337,-0.5388437064975795,4.777557311448778,-0.7904340846075284,1.0139481462474729
44.0,142.0,143.7252960205078,-1.031662639468366,2.682265384744824,-4.920629984954865,-4.976960865918652,-2.497676087432299,1.3407881683255385,-0.5388173938346945,4.777606566095292,-0.7904644970666928,1.0139720565978951
44.0,142.0,143.7252960205078,-1.031658593173642,2.6822338706290827,-4.920631407403474,-4.9769995057586485,-2.497705776873049,1.3407374021419862,-0.5388153371084865,4.777622915544622,-0.7904314690691336,1.0139890059416947
44.0,142.0,143.72531127929688,-1.031638994118802,2.6822467124498672,-4.920501653961154,-4.976934334477054,-2.4976531130297994,1.340839937870424,-0.5388119802079139,4.77762667884328,-0.7904755608413323,1.0139945604078058
44.0,142.0,143.72531127929688,-1.031686933506284,2.682190788438376,-4.920513048786224,-4.976943175993342,-2.4976486741077384,1.340817977988209,-0.5388076985767487,4.777629943291638,-0.7904693363462458,1.0139773359108055
44.0,142.0,143.7252960205078,-1.0316622449733388,2.682215118612036,-4.920573302759293,-4.977014712933062,-2.49766359295788,1.340827790356906,-0.5388371412827473,4.777594505523759,-0.7904751643247856,1.0139696564586709
44.0,142.0,143.72531127929688,-1.0316605548357711,2.6822644062142507,-4.9205981181745,-4.976978491210931,-2.497616721038795,1.340800674990625,-0.5388394373177272,4.777567724453164,-0.7904400103602063,1.013986588924741
44.0,142.0,143.72531127929688,-1.0316225644780048,2.6821954023303256,-4.920566035659209,-4.976979989491628,-2.4976761282925706,1.340764406425789,-0.5388596366623002,4.777532680748749,-0.7904324775751492,1.0139809832515914
44.0,142.0,143.72531127929688,-1.0317476935953218,2.6822650917649904,-4.920606673987985,-4.976964934633579,-2.49762841234833,1.340787033821078,-0.5387894039021042,4.777631977417181,-0.7904393435151391,1.0139821582263426
44.0,142.0,143.72531127929688,-1.0316841117504891,2.682176564404956,-4.920613161522315,-4.976964471319272,-2.497650920465025,1.3407835581775576,-0.5388078719536704,4.777599037442528,-0.7904933432521872,1.013997604990057
44.0,142.0,143.7252960205078,-1.0316674321387898,2.682239471603899,-4.920606263621823,-4.977017881914915,-2.497666826443284,1.3407904224158154,-0.5388269214604051,4.777640655264749,-0.7904559700676463,1.013975665920058
44.0,142.0,143.72531127929688,-1.0316600198779389,2.682179791331486,-4.920577520004527,-4.976949949850325,-2.4976565120153182,1.3407608128116657,-0.5388208263093155,4.7776244689411325,-0.7904843807472286,1.013964005272304
44.0,142.0,143.7252960205078,-1.0316989003075363,2.6822275272134624,-4.920599521159733,-4.977013125226385,-2.497653483924294,1.3407538405811792,-0.5388263017390482,4.7775834981669725,-0.7904494756764278,1.0139611886067996
44.0,142.0,143.7252960205078,-1.0316940167373096,2.682195642106864,-4.920618197227231,-4.976988669235718,-2.49770467864628,1.3407706680853906,-0.5388350157452297,4.777631910763532,-0.790469102627255,1.013969481940577
44.0,142.0,143.72531127929688,-1.0316925445191183,2.6822491181789747,-4.920531429810227,-4.977004769009339,-2.497623330841189,1.3407431916176389,-0.5388493734380777,4.777593210141571,-0.7904504570089692,1.0139855761519376
44.0,142.0,143.72531127929688,-1.0316710982320032,2.682193984886786,-4.920517435706304,-4.977047288724589,-2.4976583946252022,1.3407787396068072,-0.5388267369606581,4.777636978426072,-0.790454861025883,1.0140098606999262
44.0,142.0,143.7252960205078,-1.031649356272145,2.682230866395116,-4.920570855962975,-4.9769782030106,-2.497658872961864,1.340816458091636,-0.5388085510474756,4.77755185230901,-0.7904614000401979,1.0139492623065625
44.0,142.0,143.7252960205078,-1.0316783589741307,2.682172349648245,-4.920624218598234,-4.976982171579428,-2.497636521948266,1.340793123570836,-0.5388135071593485,4.777662349664361,-0.7904539951409157,1.0139765523560476
44.0,142.0,143.72531127929688,-1.0316558985626436,2.682192867982057,-4.920598861116505,-4.976988083148767,-2.4976726299233154,1.340820443879192,-0.5388149528744783,4.777598921079774,-0.7904582759275804,1.0139749167175447
44.0,142.0,143.72531127929688,-1.0316731130716716,2.6822141842624427,-4.920488412022247,-4.977000644072886,-2.497693164708222,1.3408158727228878,-0.5388257031692776,4.777593672014636,-0.7904481213649,1.0139848188654614
44.0,142.0,143.7252960205078,-1.0316723667827676,2.682211548051608,-4.9205809294741805,-4.976991535574249,-2.4977015191523684,1.340793306045704,-0.5388602849499522,4.777635243252384,-0.7904524294791768,1.0139808839118771
44.0,142.0,143.72531127929688,-1.031711673544545,2.6822763289439617,-4.920586931130813,-4.976977037089282,-2.4976168000364067,1.3408133136233378,-0.5388636601331998,4.777577271400636,-0.7904598894276518,1.0139971107237835
44.0,142.0,143.7252960205078,-1.0316711649039163,2.682245309415457,-4.920532389635432,-4.976976813319189,-2.497665424687012,1.340795544335725,-0.5388239608937386,4.77756713941057,-0.7904717864953419,1.013981738440374
44.0,142.0,143.7252960205078,-1.0316765244669912,2.6822284956316373,-4.920610659846095,-4.97696426980429,-2.4976350084714727,1.3408058042149404,-0.5388208493225388,4.777623618930539,-0.7904504020026852,1.0139466529760046
44.0,142.0,143.7252960205078,-1.031671605367129,2.6822350907895096,-4.920588969386965,-4.976949054840331,-2.4976903322802144,1.340812671479835,-0.5388345933517522,4.777547227136063,-0.7904559548343411,1.013987857059976
44.0,142.0,143.7252960205078,-1.0316911081533102,2.6822027426856963,-4.920591656112029,-4.976967003153725,-2.497636664892162,1.3408280325640929,-0.5388249886386953,4.7775906744935845,-0.7904413547021534,1.013963376357676
44.0,142.0,143.72531127929688,-1.0316651459238455,2.682163434704848,-4.920569112136538,-4.976999736736196,-2.497667013987249,1.3407609191487264,-0.5388176961096587,4.777611758626241,-0.790485778380571,1.0139837550156452
44.0,142.0,143.72531127929688,-1.0316747922380802,2.68220856674483,-4.920501703259948,-4.976995456338689,-2.4976744352705005,1.3407316287504116,-0.5388190845290977,4.777642300450038,-0.7904278613120974,1.013995889152488
44.0,142.0,143.72531127929688,-1.0316066237545076,2.6822358134279263,-4.920580590954596,-4.977034513768384,-2.497632956238682,1.340790043025704,-0.5388412624955894,4.777566081781,-0.7904467438688236,1.0139977489503966
44.0,142.0,143.7252960205078,-1.03167188159986,2.682215038568425,-4.920574901473695,-4.976921974288569,-2.497646961691018,1.340813626843822,-0.5388304255302048,4.777621523064102,-0.7904436219961264,1.0139749685648445
44.0,142.0,143.7252960205078,-1.0316896607169088,2.682235732522688,-4.920599900519608,-4.9770400595050415,-2.4976185784725136,1.3408136692022667,-0.5388043363866233,4.777565311863052,-0.790441982589777,1.0139695586828212
44.0,142.0,143.7252960205078,-1.0317113571760776,2.682224825504525,-4.920570237967556,-4.977004770409074,-2.497668512080195,1.340802920276527,-0.538822477081843,4.777623598925189,-0.7904614915558108,1.0139648351746526
44.0,142.0,143.72531127929688,-1.0316666805705914,2.6822524545501194,-4.920579120800555,-4.97698951439236,-2.497628600315042,1.3408096289394509,-0.5388332808959726,4.777602742852579,-0.7904893174071894,1.0139751117555136
44.0,142.0,143.7252960205078,-1.0316400783857778,2.682206003283105,-4.920581621736233,-4.977005967652823,-2.4976544102548086,1.340818659088944,-0.5388617696996629,4.777604422119957,-0.790452418365212,1.0139792110569754
44.0,142.0,143.7252960205078,-1.0316423824827323,2.682266155027902,-4.920532038974911,-4.976964700695549,-2.4976035335601123,1.340761393961002,-0.5388287368941782,4.777578977824186,-0.7904503505750586,1.0139923654817355
44.0,142.0,143.7252960205078,-1.0316783883026792,2.6822156536208217,-4.920582380872151,-4.976990358813159,-2.49760689889173,1.340804977327572,-0.5388448575701323,4.777613515929529,-0.7904716060451751,1.0139633005071964
44.0,142.0,143.7252960205078,-1.031667201526104,2.682202595037591,-4.920554718939976,-4.977020862958034,-2.4976601749461924,1.3407831728626445,-0.5388377936825526,4.777614636414858,-0.7904393157270952,1.0139611192795028
44.0,142.0,143.72531127929688,-1.0316832022641238,2.682250584753901,-4.920579443608384,-4.977014042481212,-2.4976176910619188,1.340774544573172,-0.5388350758664382,4.777624465659349,-0.7904613373832072,1.0139580209348793
44.0,142.0,143.7252960205078,-1.031676756320821,2.6822372378020622,-4.9206309686650735,-4.976977723169133,-2.4976316026053853,1.340796255913764,-0.5388187682398033,4.777611206716831,-0.7904701740181777,1.0139717355429063
44.0,142.0,143.72531127929688,-1.031683266122946,2.682253094022037,-4.920592916656326,-4.976989369966517,-2.497689067000392,1.3407652977125668,-0.5388129013756924,4.777538812095965,-0.7904474182450807,1.0139758599089097
44.0,142.0,143.72531127929688,-1.0316952525374117,2.6821545120963872,-4.920586395682795,-4.976991664724041,-2.4976754371863583,1.3407611463958862,-0.5387736016760964,4.777630948614842,-0.7904570868350769,1.013990515224144
44.0,142.0,143.72531127929688,-1.031645547847143,2.6822238607008364,-4.920583428392446,-4.9769383843859885,-2.4975857620814,1.3408041233631105,-0.5388134116478351,4.777604456015807,-0.7904827557588856,1.0140101569241595
44.0,142.0,143.72531127929688,-1.0316948415529756,2.682225588515001,-4.920631862975643,-4.976985288660215,-2.4976906005217177,1.3408168705276235,-0.5388474808181476,4.777622391659971,-0.7904608068162853,1.0139530649938546
44.0,142.0,143.72531127929688,-1.031679566734275,2.682177855272138,-4.920599881991075,-4.976940246249041,-2.4976370674426445,1.3407678460092454,-0.5387957317957177,4.77762943735142,-0.790448675893872,1.0139688204659194
44.0,143.0,143.72531127929688,-1.0316834466626208,2.682210118690193,-4.920601934594775,-4.976950418812804,-2.497672336338317,1.340822658719892,-0.5388578914532722,4.777611939713367,-0.7904493170258977,1.0139590501194196
44.0,143.0,143.7252960205078,-1.0316780863076391,2.6821843398568888,-4.920621706673835,-4.976961252621549,-2.497663946285548,1.3408309981744706,-0.538812558325434,4.777613857554631,-0.7904280364079277,1.0139562353921692
44.0,143.0,143.72531127929688,-1.0316446151068543,2.6821634834873107,-4.920574137318756,-4.976991452555551,-2.4976229899864166,1.3408349815840248,-0.538841172337782,4.7776381802434,-0.7904472501372375,1.0139705567483226
44.0,143.0,143.72531127929688,-1.0317138058576545,2.6822830869196634,-4.920589770786854,-4.977007074881215,-2.497649317459218,1.3407722523014731,-0.5388233037034995,4.777669287723938,-0.7904398193776121,1.01400624867746
44.0,143.0,143.7252960205078,-1.0316847813681145,2.6822551955493044,-4.920619778760334,-4.977008236889813,-2.497635770729916,1.3407821076109752,-0.5388525789528646,4.777601499782163,-0.7904428137128896,1.013974307432396
44.0,143.0,143.72531127929688,-1.0317230427594477,2.682213506638627,-4.9205869535675895,-4.977020064987684,-2.497703445608565,1.3407451259437693,-0.5388010260485991,4.777612333865433,-0.7904433806887328,1.013963735971128
44.0,143.0,143.7252960205078,-1.0316773397889314,2.682251181519354,-4.920586313862844,-4.97699128145899,-2.4976899900328906,1.3408122865546934,-0.5388345891264077,4.777586174411923,-0.790443113224983,1.013962264021668
44.0,143.0,143.72531127929688,-1.0317107000454713,2.682319030100338,-4.920627941538763,-4.976989881754172,-2.497715752314372,1.3407504046373102,-0.5388170032808093,4.777569793886343,-0.7904670931865727,1.0139527108996085
44.0,143.0,143.72531127929688,-1.0316158127910446,2.682162816946181,-4.920572208258476,-4.976934483335342,-2.4977028271004635,1.340799270667599,-0.5388148297782873,4.777579606237048,-0.790466267412965,1.0139412346204182
44.0,143.0,143.72531127929688,-1.0316624794471163,2.682241846689731,-4.920660049833983,-4.976991688150863,-2.497650882786462,1.3407976648741604,-0.5387928635742947,4.777569167349206,-0.7904624195197467,1.0139729668059916
44.0,143.0,143.72531127929688,-1.0317185459658602,2.6821697066539443,-4.920600765774409,-4.9770380744617775,-2.497653156759132,1.3407699211691924,-0.5388334972177136,4.777643217000156,-0.7904389121571151,1.0139754673015275
44.0,143.0,143.72531127929688,-1.0317003613065676,2.682291888076428,-4.920557883884386,-4.976990602022278,-2.4976870277607865,1.340833145690966,-0.5388440088268975,4.777525431867723,-0.7904292695142932,1.01393960821545
44.0,143.0,143.7252960205078,-1.03169834188225,2.68215403423112,-4.920616511776856,-4.976998387710401,-2.497635860129683,1.3408134517651815,-0.5388486710862628,4.777643785328724,-0.7904704533176874,1.0139916743141475
44.0,143.0,143.72531127929688,-1.0316261259716812,2.682271262120397,-4.920604767240311,-4.977001182894702,-2.497582450707288,1.3408038351706475,-0.5388557358397295,4.777581055849938,-0.7904731798446845,1.013974293117915
44.0,143.0,143.7252960205078,-1.031666096224809,2.6822113383589734,-4.92055637036483,-4.976993446668836,-2.497617451377547,1.3407885372191846,-0.538813307925273,4.777517980409547,-0.7904458281302169,1.0139541308095703
44.0,143.0,143.7252960205078,-1.0316472497900475,2.682183216084072,-4.920514225243672,-4.976997995474834,-2.4976661684247543,1.3407440509223845,-0.5388375667523171,4.777602155453826,-0.7904300460117089,1.0139645858752413
44.0,143.0,143.7252960205078,-1.0316826357719648,2.682217377284535,-4.920583979877764,-4.977034944298999,-2.497660178210114,1.3407593943313687,-0.5388420874881792,4.777557783056995,-0.7904354159469049,1.0139973455250129
44.0,143.0,143.7252960205078,-1.0316524762111046,2.682219912428269,-4.920569173880573,-4.97695647954275,-2.4976409440528635,1.340823852851396,-0.5388310108306502,4.777602262824152,-0.7904684967169491,1.0139481748030246
44.0,143.0,143.7252960205078,-1.0316862912194114,2.682235185334058,-4.920576353172176,-4.976965724376859,-2.497644233697653,1.3407806940798928,-0.5388262672226638,4.777614635094297,-0.7904729565892614,1.013979283184252
44.0,143.0,143.72531127929688,-1.0316469602549323,2.682206624145733,-4.920601394143185,-4.976948292756019,-2.4976589486838305,1.3407851330732037,-0.5388240706273866,4.77759082044734,-0.7904400120693174,1.0139438110021803
44.0,143.0,143.72531127929688,-1.0316810336508349,2.6821861388086496,-4.920602926307839,-4.976989190030153,-2.49768751412021,1.340804446448142,-0.5388018655166595,4.7775949739869965,-0.7904557387843889,1.0139450610770495
44.0,143.0,143.7252960205078,-1.0316326026960336,2.682210493361879,-4.920606045815492,-4.977003895595125,-2.497650708643432,1.3407858298746778,-0.5388395778321664,4.777614923977115,-0.7904595608073279,1.013984233977201
44.0,143.0,143.72531127929688,-1.0316620021784502,2.6821623582558978,-4.920587872075407,-4.976982192342988,-2.4976866937861733,1.340835750144251,-0.5388200510627259,4.777591316750055,-0.7904370767564997,1.0139589681828571
44.0,143.0,143.7252960205078,-1.031697614369179,2.6822506945001345,-4.920564025400541,-4.976961516384031,-2.49760394225295,1.3407986597510515,-0.5388384844399337,4.777555045047391,-0.7904204459666868,1.013965861411883
44.0,143.0,143.72531127929688,-1.0316620144744264,2.682245729505933,-4.920621744660549,-4.976939091756581,-2.4976285743598563,1.3408373632283237,-0.5387972746450851,4.777544389851604,-0.7904392531517281,1.0139728319929429
44.0,143.0,143.72531127929688,-1.0316261850354258,2.682186350546376,-4.920501293197361,-4.976921693359528,-2.4977130471609508,1.3408237217423968,-0.53881287031456,4.77758793480489,-0.790458714549148,1.0139614169211173
44.0,143.0,143.72531127929688,-1.0316563897825173,2.682198404828221,-4.92053602657908,-4.976995789401303,-2.497649535425051,1.340771830524301,-0.5388464136317292,4.777631808440768,-0.7904470583557099,1.0139538065954063
44.0,143.0,143.72531127929688,-1.0317247171286614,2.682303146485814,-4.920598253745941,-4.976970654814867,-2.49763966817856,1.3407672688311305,-0.5388534396732227,4.777607164099736,-0.7904260241179557,1.0139665371976054
44.0,143.0,143.7252960205078,-1.0316471206834177,2.6822405389698414,-4.920612782798202,-4.976984446011618,-2.4976510071983333,1.3407844014375616,-0.5388376077698007,4.77759527796761,-0.790451506055529,1.0139828085355616
44.0,143.0,143.7252960205078,-1.0316789953058896,2.6822606738679475,-4.920546235707434,-4.976943468004303,-2.497641782301417,1.3408491283098636,-0.538830569097164,4.77761472668756,-0.7904703451438451,1.013959968114157
44.0,143.0,143.7252960205078,-1.031646885287377,2.6822171590414765,-4.920481344864033,-4.977037969968098,-2.4976655882283816,1.340789404717448,-0.5388324751928986,4.777574533577598,-0.7904419977221764,1.0139683973185312
44.0,143.0,143.72531127929688,-1.0316471381126502,2.6822301414521386,-4.920575638673374,-4.976976087506833,-2.497653472216028,1.3408082222846405,-0.5388512774367493,4.777628556469777,-0.7904499136382643,1.0139553754356465
44.0,143.0,143.7252960205078,-1.0316862851281146,2.6822173036077306,-4.920583862787893,-4.977009377451648,-2.497628029125285,1.340820398391247,-0.5388492510430964,4.777612985494326,-0.790467706456722,1.0139727971375765
44.0,143.0,143.7252960205078,-1.031701864844954,2.682188254402403,-4.920584437894811,-4.976929095427858,-2.4976833216259293,1.3408115763549429,-0.5388194285836514,4.777613172712218,-0.7904741737746059,1.0139783488131604
44.0,143.0,143.72531127929688,-1.031677699334005,2.6822566250023003,-4.920634651483257,-4.977064307536895,-2.497658026563311,1.340758678469955,-0.5388605116197329,4.777645299436843,-0.7904492183505525,1.013979319947122
44.0,143.0,143.72531127929688,-1.031673097815192,2.68214020413991,-4.9206193993052105,-4.976996010769891,-2.497661134074636,1.340808558287156,-0.5388137216282836,4.777603011861981,-0.7904514523112205,1.0139608976169026
44.0,143.0,143.72531127929688,-1.0317199830875734,2.682264483261653,-4.920536323093797,-4.976980889252111,-2.4976351182192613,1.3407895119235294,-0.5388382665494538,4.777635077389162,-0.7904816789779039,1.0140097009111295
44.0,143.0,143.72531127929688,-1.0317025331379934,2.68222307057144,-4.920517778412212,-4.976938096003136,-2.497628543762943,1.3408091604677086,-0.53881692568266,4.77755191746262,-0.7904357217969507,1.013949484011892
44.0,143.0,143.72531127929688,-1.0316858535743203,2.682253179818832,-4.920603869528121,-4.976945968185093,-2.497617784324236,1.3407756963184063,-0.5388281135270754,4.777615219381653,-0.7904358403447844,1.0139679989642856
44.0,143.0,143.7252960205078,-1.031689319736465,2.682263956987086,-4.920620504560841,-4.9769726720786105,-2.4976454573353912,1.3407641134115202,-0.5388613631876558,4.777648061335748,-0.7904587813432,1.013996124576365
44.0,143.0,143.72531127929688,-1.0316731652185722,2.682177872934721,-4.920590965569378,-4.9770569979073125,-2.497716765009958,1.3407794691167565,-0.5388498974573244,4.777586472997118,-0.7904134964507881,1.013947722212558
44.0,143.0,143.72531127929688,-1.031694547404978,2.682222067615786,-4.920579880008164,-4.976980798975824,-2.4976802054260068,1.3408334968767122,-0.5388404136753326,4.777607939368659,-0.7904350961216711,1.0139664944807023
44.0,143.0,143.72531127929688,-1.0316876747101529,2.6822120298065286,-4.9205233620358415,-4.97697572826236,-2.497594337595039,1.3407673580794608,-0.5388501630450069,4.777595034929082,-0.7904394931195071,1.0139638177381798
44.0,143.0,143.72531127929688,-1.031655361270273,2.682163155351869,-4.920524149611622,-4.976995252738712,-2.497656813833939,1.3407967666549698,-0.5388092344326854,4.777581180975346,-0.7904524792039949,1.0139859502637671
44.0,143.0,143.72531127929688,-1.0316664393070236,2.682225552577002,-4.9206349078175045,-4.976979252912653,-2.497701459403445,1.3408445355850294,-0.5388124568166006,4.777594904915404,-0.7904646951250918,1.013946553694681
44.0,143.0,143.72531127929688,-1.0316787964014456,2.6822178978068445,-4.920565683982004,-4.976963249452699,-2.497675601410726,1.340767643596454,-0.5388008423664639,4.7775432083288365,-0.7904341780836512,1.0139670291204546
44.0,143.0,143.7252960205078,-1.0316861037156313,2.682215131201396,-4.920549124286807,-4.9769908151588185,-2.497618119676301,1.340793497547958,-0.5388346587498187,4.777662786352417,-0.7904279205583862,1.0139759543561535
44.0,143.0,143.72531127929688,-1.0316774441342238,2.6821907035756123,-4.920539752586812,-4.976925529505618,-2.497664453775487,1.340796644696491,-0.5388329652790071,4.7775569773190245,-0.7904484885139853,1.0139589214949272
44.0,143.0,143.72531127929688,-1.03167506199045,2.6822875685829235,-4.92057461324929,-4.976944115317895,-2.497612950248388,1.340812619342893,-0.5388582544211493,4.777607365355244,-0.7904277420321062,1.0139554182297132
44.0,143.0,143.7252960205078,-1.0316904631014094,2.6822483640701025,-4.920599908344657,-4.976964291508983,-2.4976034428813736,1.3408235735801917,-0.5388066315136602,4.777571642684164,-0.7904736909253565,1.0140006050301895
44.0,144.0,143.72531127929688,-1.03159402543098,2.682229160590114,-4.920580267797169,-4.97696401576728,-2.497610858279176,1.3408012643590954,-0.5388153873360837,4.777530265990039,-0.7904551210312132,1.0139667932842933
44.0,144.0,143.7252960205078,-1.0316503009629274,2.6822848246368656,-4.920499479446288,-4.976950328686312,-2.4976273766623787,1.3407997792748176,-0.5388326250207864,4.777584919555332,-0.7904623400660924,1.0139606240596368
44.0,144.0,143.72531127929688,-1.0317088466407365,2.682231721543838,-4.920566176975851,-4.976977726764014,-2.497643677540044,1.3408050437933667,-0.5388410478769989,4.777604782469005,-0.7904588074600261,1.01401200787428
44.0,144.0,143.72531127929688,-1.0316586161011876,2.6822195592829097,-4.920515896917692,-4.976955321047894,-2.4975929859501096,1.3408200776544987,-0.5388211055333967,4.777622114782025,-0.7904602184246983,1.013980483402083
44.0,144.0,143.7252960205078,-1.0316448543640715,2.6822547947055133,-4.920539738780746,-4.976958505150043,-2.497629888377184,1.340797254153589,-0.5388771423283201,4.777567957067463,-0.7904385771983415,1.013960643907316
44.0,144.0,143.7252960205078,-1.031698640030994,2.6821688644941446,-4.920554149429028,-4.9770049533262695,-2.497693773799992,1.3407792682580195,-0.5388419750168305,4.77760413545351,-0.7904424828258616,1.0139689134659138
44.0,144.0,143.72531127929688,-1.031673054989814,2.682202006484657,-4.920590977152052,-4.976934268037647,-2.497601070400146,1.3408355852290974,-0.5388251877273902,4.777581500667301,-0.7904514385145145,1.0139575365881912
44.0,144.0,143.7252960205078,-1.0316170561126876,2.682267608906418,-4.920608110088741,-4.976962563330859,-2.49761945519962,1.340800303985806,-0.5388561717112204,4.7775570861323455,-0.7904547433730942,1.0139877172234293
44.0,144.0,143.7252960205078,-1.0316619066556103,2.6822432764362256,-4.920535136356325,-4.976949253564526,-2.497633687111636,1.340797024205452,-0.5388334942584248,4.777567012288406,-0.7904653034774709,1.01400086107512
44.0,144.0,143.7252960205078,-1.0316774899339016,2.682252656985636,-4.920566011566792,-4.976953530460536,-2.497621961806327,1.34076923690278,-0.5388094530815728,4.777603936420494,-0.7904464083319116,1.0139674814524549
44.0,144.0,143.72531127929688,-1.0315900515836107,2.6822770565466314,-4.920539519544495,-4.976941985991851,-2.4976026972801675,1.3408047039235491,-0.5388310404376142,4.777534639726287,-0.7904692797632595,1.0139845348293497
44.0,144.0,143.7252960205078,-1.0316855371412217,2.682207706691094,-4.920574444905348,-4.976975975655003,-2.497600992974321,1.3408295830856218,-0.5388415758656091,4.777642057426156,-0.7904706896127358,1.0139526316557488
44.0,144.0,143.7252960205078,-1.0316634725418288,2.68217835611095,-4.920544427945785,-4.976983610069745,-2.4976204887278386,1.3407862584334502,-0.5388405711707742,4.777588669426663,-0.7904506086132628,1.0139692204494066
44.0,144.0,143.7252960205078,-1.031702566136837,2.6822457752925644,-4.920574229912568,-4.976964745589394,-2.4976508314235124,1.3408169861417685,-0.5388369880168327,4.777588904742951,-0.790451515340143,1.013966706151602
44.0,144.0,143.7252960205078,-1.031668792062186,2.6822411538020674,-4.920581240720028,-4.976993778623133,-2.4976405922364293,1.3407858395019234,-0.5388574992319937,4.777576947106942,-0.7904424442787477,1.0139837396303726
44.0,144.0,143.72531127929688,-1.0316739608161845,2.682204766728481,-4.92056494521461,-4.977000525385823,-2.4976786327479727,1.3408181745084369,-0.538822026797483,4.777610240104721,-0.7904559417864192,1.0139677055637222
44.0,144.0,143.72531127929688,-1.0317043613092514,2.682295575854208,-4.920556441581035,-4.976968042252514,-2.4976088686261715,1.340772188095814,-0.5388339172259373,4.777618108057444,-0.7904560176544493,1.0139824671452065
44.0,144.0,143.72531127929688,-1.0316531234490638,2.682206988086432,-4.920621300045893,-4.976937663834669,-2.497654827580405,1.340771473012695,-0.5388332173102386,4.777530500638154,-0.7904787520632741,1.0139975153728464
44.0,144.0,143.72531127929688,-1.0317280132437427,2.6822062258614965,-4.920658258526893,-4.977051110847185,-2.497625604067661,1.3407462641202086,-0.5388061010464762,4.777632644799098,-0.7904637028245816,1.0139829496964836
44.0,144.0,143.72531127929688,-1.0317005968820143,2.6822561611353244,-4.920603881235873,-4.976974392460185,-2.4976192146009697,1.3407987973729307,-0.5388231374578965,4.777599442934648,-0.7904413426494639,1.0139827906706058
44.0,144.0,143.72531127929688,-1.0316880026156046,2.682196455371804,-4.920595254309264,-4.976948286821685,-2.497601056866287,1.340844716357057,-0.5388186389952203,4.777547244257738,-0.7904780544380303,1.013983185749117
44.0,144.0,143.72531127929688,-1.0316716311924568,2.6822138118155365,-4.920572700916402,-4.976972914061574,-2.49764385980178,1.3407983451890535,-0.5388262182237478,4.777651007526975,-0.7904452989194768,1.0139758754854498
44.0,144.0,143.72531127929688,-1.0316634407218506,2.6822084548729137,-4.920514240875754,-4.976991262520783,-2.497636031944566,1.3407601715395217,-0.5388389455099265,4.777608466608422,-0.7904286338675224,1.013966341535002
44.0,144.0,143.72531127929688,-1.0317125954314816,2.6822500682881625,-4.920641062249259,-4.97696241496762,-2.4976722017687107,1.3407596173874934,-0.5388150131419733,4.777574991361801,-0.7904072494188883,1.0139758942956796
44.0,144.0,143.7252960205078,-1.0316396919926651,2.6822370984305035,-4.920593296927305,-4.977007600183306,-2.4976424901455028,1.3408144832761648,-0.5388360051962859,4.777621514541195,-0.790454096398272,1.0139809386142191
44.0,144.0,143.7252960205078,-1.0316822351370676,2.6823180530338657,-4.920563033590644,-4.977001609570556,-2.497658868553941,1.3408116834055797,-0.5388532485959381,4.777592735577068,-0.7904506289329749,1.014003845449917
44.0,144.0,143.72531127929688,-1.0316794147682755,2.682201543383628,-4.920594213540187,-4.977015057829353,-2.497587565141811,1.340816174619281,-0.5388305642124669,4.7776396957599765,-0.7904591250163406,1.0139675350914708
44.0,144.0,143.72531127929688,-1.0317000200129178,2.6822116109427165,-4.920621362212866,-4.97694699247923,-2.4976174037530816,1.340835204682027,-0.5388093323965197,4.777578344725974,-0.7904312936273792,1.013955265167934
44.0,144.0,143.72531127929688,-1.031645947356488,2.682282674151679,-4.920576288629599,-4.976989991984313,-2.4976416868281834,1.3407831833885266,-0.5388261621787169,4.777619834510821,-0.7904395525280252,1.013980176303834
44.0,144.0,143.72531127929688,-1.0316666587578456,2.682260869032646,-4.920580678834297,-4.976963735830872,-2.497601092399272,1.3408196782215844,-0.5388467279650877,4.777612215944661,-0.7904350964124882,1.0139612088516312
44.0,144.0,143.7252960205078,-1.031630768026007,2.6821780844398626,-4.920536764467675,-4.976923979505796,-2.49762467028194,1.340801085350206,-0.5388440006172086,4.777607612314352,-0.7904713999886299,1.0139942701803806
44.0,144.0,143.72531127929688,-1.0317276106220996,2.6821782800004046,-4.92056245619759,-4.976957066667702,-2.4976051911456243,1.3408576296076706,-0.5388282275305256,4.777608183180206,-0.7904891583342835,1.0139789486768649
44.0,144.0,143.7252960205078,-1.031711244110037,2.6822505246440898,-4.9206217422866345,-4.977014607230366,-2.4976227841792777,1.3408109777746438,-0.5388391456305976,4.77765702747028,-0.7904656281355944,1.0139954203019297
44.0,144.0,143.72531127929688,-1.0316995587622513,2.682245895590901,-4.920537269747944,-4.976945322550518,-2.497642050614984,1.3407836620686115,-0.5388152545178135,4.777621383631766,-0.7904743137624166,1.0139649413567406
44.0,144.0,143.7252960205078,-1.031701663565073,2.682250931865428,-4.920546845554813,-4.976951518245723,-2.49767015100443,1.3407812685668592,-0.5388472297492743,4.777590703640165,-0.7904719136619596,1.0139789882969232
44.0,144.0,143.7252960205078,-1.031720402617494,2.6821794110728163,-4.920571692749082,-4.976970480056231,-2.4976638972135263,1.3407972255228966,-0.5388144191808761,4.777611577030626,-0.7904622695094083,1.0139878699029286
44.0,144.0,143.7252960205078,-1.0317328943095827,2.682222489031948,-4.920604592411509,-4.97700994210352,-2.497637682689972,1.3407985252663988,-0.5388231939740571,4.777610616807209,-0.7904757417691508,1.0139901705079355
44.0,144.0,143.72531127929688,-1.0316718936552718,2.682189212938252,-4.920532946888868,-4.977000353604961,-2.497662708579873,1.3408006339471967,-0.53884985349913,4.7776048509751945,-0.7904821976463241,1.0139602212968215
44.0,144.0,143.7252960205078,-1.031649142520303,2.682239735194345,-4.920646125101655,-4.977002128488214,-2.4976595648836284,1.340785977956621,-0.5388344778019727,4.777642244035473,-0.7904464731435059,1.0139854864250577
44.0,144.0,143.72531127929688,-1.0316545895660036,2.682216145339837,-4.920573645704676,-4.976969643298663,-2.497715815924388,1.3407749633916266,-0.5388110130101449,4.777535887583071,-0.7904807272117766,1.0139870669849893
44.0,144.0,143.72531127929688,-1.0316748955587558,2.682212216103596,-4.920608843697554,-4.976929471530179,-2.4976409187213164,1.340780167149812,-0.5388433761721085,4.777627926752583,-0.7904519218080006,1.0139977515259533
44.0,144.0,143.7252960205078,-1.0316742728411974,2.682220432656284,-4.920606734225256,-4.976967363525201,-2.4976247315021887,1.3408168572968655,-0.5388407779468611,4.77758646724832,-0.7904361001624878,1.0139880324384425
44.0,144.0,143.72531127929688,-1.0316578079278815,2.68226175010361,-4.920628363511458,-4.977017203031233,-2.4976230588690185,1.3407878688917163,-0.5388345463816799,4.777560859027407,-0.790446024987598,1.0139717673626034
44.0,144.0,143.72531127929688,-1.0317111374057195,2.682194696628041,-4.9205579271867474,-4.977038877293798,-2.497634704192132,1.3408495610158502,-0.5388367037672834,4.777559614057386,-0.7904611816793707,1.0139734297631886
44.0,144.0,143.72531127929688,-1.031643860444762,2.6822591115375776,-4.920617392326276,-4.976971952814413,-2.4976325628598985,1.34074248897908,-0.5388156148635321,4.777577245404457,-0.790454242006728,1.0139721041274203
44.0,144.0,143.7252960205078,-1.0316523774221142,2.682201390816089,-4.920530263830353,-4.976932154013891,-2.4976419238466545,1.340784935513745,-0.538805416207718,4.777626199952227,-0.7904533891654157,1.0139929044875018
44.0,144.0,143.72531127929688,-1.0316966299530428,2.682261724245248,-4.920609349092885,-4.976952186058378,-2.4976233091508853,1.340834589777372,-0.5388272180210807,4.777611528921529,-0.790454816844349,1.013943321880758
44.0,144.0,143.7252960205078,-1.0316812539443545,2.682282205074101,-4.9205447488927385,-4.976918080606149,-2.4976005209949843,1.3407791356021068,-0.5388442927211496,4.777580478276796,-0.7904824130633088,1.013966379434864
44.0,144.0,143.72531127929688,-1.0316548735823772,2.6821485380798133,-4.920618053336907,-4.976956875892861,-2.497654580122381,1.3408463042198413,-0.5387978313573694,4.777622217091432,-0.7904672484001658,1.0139889431965434
44.0,144.0,143.72531127929688,-1.0316960958247594,2.68214712511639,-4.920628278375345,-4.977011836415468,-2.497627471451433,1.3407954070288444,-0.5388267767638499,4.777572645250075,-0.7904628422184992,1.0139563826405371
44.0,145.0,143.7252960205078,-1.0316552276157251,2.6822444155403584,-4.920671594292889,-4.9770355769656485,-2.4976832282452803,1.3407808967261836,-0.5388415241273838,4.777664082957987,-0.7904458972068298,1.0139794076256496
44.0,145.0,143.72531127929688,-1.0317041717704152,2.682296956158924,-4.920544383875783,-4.976999795865613,-2.497602735320953,1.3407791674423049,-0.5388375534997811,4.7776006851759245,-0.7904527560887722,1.0139929779211876
44.0,145.0,143.72531127929688,-1.031647130720485,2.682181532458997,-4.920586702389782,-4.976981854816077,-2.4976782790689804,1.3408174509692294,-0.538850495566809,4.777639324988765,-0.7904633033989406,1.0139791332554946
44.0,145.0,143.72531127929688,-1.0317171042233704,2.6822586490350364,-4.920582184707263,-4.976984356726066,-2.4976611585432043,1.3407674594153214,-0.5388209055166104,4.777626196708045,-0.7904673879407467,1.0139909820890942
44.0,145.0,143.72531127929688,-1.0316714868829164,2.682251580562545,-4.920562551398486,-4.976939745542377,-2.497648960699828,1.3408293915099811,-0.5388606924963071,4.777601259481985,-0.7904524992733188,1.0139969662837158
44.0,145.0,143.72531127929688,-1.0316916058305998,2.6822741985035137,-4.92059186798501,-4.97697856061456,-2.497599265710236,1.3408307716560035,-0.538833075726151,4.777622727552075,-0.7904854816367806,1.0139850644601625
44.0,145.0,143.72531127929688,-1.0316737237932303,2.682316049586512,-4.920565244388328,-4.976974965171511,-2.4976615073186674,1.3408011384364045,-0.5388643848329426,4.777606235834996,-0.7904407860612555,1.0139660654327107
44.0,145.0,143.72531127929688,-1.0316608153164737,2.682266540719356,-4.920630587145692,-4.976922304580014,-2.4976157436684483,1.340836196131276,-0.5388218190269463,4.777578317458838,-0.7904574301705907,1.0139702391130427
44.0,145.0,143.72531127929688,-1.0316913670208372,2.682202856431996,-4.920603447284923,-4.977005290965312,-2.497593040387028,1.3408488885733671,-0.538851617921102,4.777610512820061,-0.790452309691621,1.0139659608846523
44.0,145.0,143.72531127929688,-1.031632099156366,2.6822599452316123,-4.920658183291618,-4.977038577631245,-2.497656824355161,1.3408211505582397,-0.5388450067000168,4.777638700982635,-0.7904586394695663,1.0139827054718324
44.0,145.0,143.72531127929688,-1.0316588393221888,2.6822175921203577,-4.92052500821417,-4.97699762863116,-2.4976157576942635,1.3408100397399796,-0.5388269151554761,4.77761165692754,-0.790481346675552,1.0139879902210698
44.0,145.0,143.72531127929688,-1.031652267482607,2.682204524404476,-4.920543214208969,-4.976952635840158,-2.49761770120971,1.3408095983845651,-0.5387882240743007,4.777607244125527,-0.7904656461839812,1.0139865953458704
44.0,145.0,143.72531127929688,-1.031658427936661,2.6821441979327627,-4.920600075912629,-4.976936339512081,-2.497668289313513,1.340792795088528,-0.5388022262060108,4.777613149279086,-0.7904670239712956,1.0139497327140117
44.0,145.0,143.72531127929688,-1.0316951081401693,2.682189729501464,-4.92067021251779,-4.97696587336969,-2.497651485308769,1.3407882587497522,-0.538818912358102,4.777656564768908,-0.7904574752201734,1.0139620040054256
44.0,145.0,143.7252960205078,-1.0316540580709763,2.682207514157441,-4.92058098062545,-4.976999063985192,-2.4976811504010903,1.3407957029401727,-0.53883859907274,4.777631970854642,-0.7904821786990164,1.013986501476972
44.0,145.0,143.7252960205078,-1.0316803230237674,2.6822517250813807,-4.920564097483965,-4.976935649423176,-2.4976596934768884,1.340753949688974,-0.5388343409629197,4.777611914768279,-0.79046086505448,1.0140043649432684
44.0,145.0,143.7252960205078,-1.0316680479832605,2.682281036379134,-4.92056864122564,-4.977040153428077,-2.497646017275863,1.34078500810166,-0.5388556691331123,4.777596252924464,-0.7904507294636218,1.0140038412992745
44.0,145.0,143.72531127929688,-1.031718989813513,2.682233192504457,-4.920551065325632,-4.976972302915351,-2.497672902818824,1.3407992883645967,-0.5388435303126551,4.777588559148665,-0.7904446971485193,1.013983712042398
44.0,145.0,143.72531127929688,-1.0317200710644272,2.682262347901636,-4.9205785099264,-4.976962494433959,-2.497633072752239,1.340793518583193,-0.5388257876788227,4.7775813525242565,-0.7904517258238721,1.0139724179672394
44.0,145.0,143.72531127929688,-1.0316833813739166,2.682265014277877,-4.920566162132943,-4.977062485239914,-2.4976678417866345,1.3407937214560466,-0.5388564223790429,4.777624625562261,-0.7904618982777576,1.013970958222778
44.0,145.0,143.7252960205078,-1.031686940582344,2.6822716045992223,-4.920635562436573,-4.976981251966103,-2.4976203119701017,1.340795229134878,-0.5388509534065102,4.777623382781361,-0.7904388851816391,1.013972671851315
44.0,145.0,143.7252960205078,-1.031677358426573,2.682246292471117,-4.920532868974992,-4.9769836461020045,-2.4976615011852714,1.3407924807904816,-0.5388344067650221,4.777610835157308,-0.7904412372725407,1.0139832868593643
44.0,145.0,143.72531127929688,-1.0316434293290029,2.682211418356612,-4.920583352441989,-4.976957847891671,-2.4976700049889167,1.3407517255937131,-0.5388012631090433,4.77763188292697,-0.7904504423506378,1.0139739168891089
44.0,145.0,143.72531127929688,-1.0317082804360056,2.682300857765119,-4.9205872753241735,-4.976994358056983,-2.49762883796702,1.3408119638511673,-0.5388318899969304,4.777570276458711,-0.7904572940056296,1.0139626632538503
44.0,145.0,143.72531127929688,-1.031660194267721,2.682299697180623,-4.920611107199799,-4.977026919684338,-2.497636014796972,1.3407695775820905,-0.5388498293735253,4.777614183449563,-0.7904386693775809,1.0139820125714571
44.0,145.0,143.72531127929688,-1.031690773462906,2.682282143563804,-4.920570071126992,-4.976995289418392,-2.497604769158208,1.340796350689608,-0.5388342927725223,4.777561514844111,-0.7904696662631752,1.0139744548335248
44.0,145.0,143.7252960205078,-1.03165336203435,2.6822507314198667,-4.920579670089212,-4.976956336170655,-2.497621027329904,1.3408548269873428,-0.5388477917334447,4.7775985403951164,-0.7904846134573482,1.013981915437741
44.0,145.0,143.7252960205078,-1.0316558086902972,2.682266074649576,-4.920547406331955,-4.976950577114367,-2.4976498832582634,1.340755682625926,-0.5388701114091932,4.777647500315476,-0.7904558922131271,1.0139855977445773
44.0,145.0,143.72531127929688,-1.031672017657081,2.6822592844743207,-4.920534554223338,-4.976984861682621,-2.497679755320875,1.3408593864031406,-0.5388588880999041,4.777576370882455,-0.7904316152798492,1.0139793003434985
44.0,145.0,143.7252960205078,-1.0316530759681712,2.6822442080752475,-4.920598868782898,-4.977039582405763,-2.497647663297196,1.3407780107003742,-0.5388457176833423,4.77758995601482,-0.7904480330952808,1.0139888479543355
44.0,145.0,143.72531127929688,-1.0316806451953142,2.682229977657494,-4.9205943088083455,-4.976999319635564,-2.497681074236173,1.3408040556734138,-0.5388525111633369,4.777561534659478,-0.7904257204084653,1.0139626411643468
44.0,145.0,143.72531127929688,-1.0316564740848095,2.682214188916819,-4.920588483184494,-4.977002412264712,-2.4976400237676826,1.3408002432115218,-0.5388355840976065,4.777610119297092,-0.790454099235161,1.0139698533012833
44.0,145.0,143.72531127929688,-1.0316898349505037,2.6822676204804887,-4.920620937985855,-4.977005869780123,-2.497630021548031,1.3408068537979565,-0.5388644783292662,4.777633788199456,-0.7904446229686188,1.013998576264262
44.0,145.0,143.72531127929688,-1.031720225852805,2.682264771333552,-4.920593283555744,-4.976948379847083,-2.497605718626642,1.340813417333364,-0.5388349747326888,4.777628907208268,-0.7904602161327654,1.0139946409429532
44.0,145.0,143.72531127929688,-1.0316493083487606,2.6822707333748133,-4.92057645231816,-4.976934651120118,-2.497627115586252,1.3407582539328669,-0.5388109640230105,4.77760699737685,-0.7904493968357587,1.0139777386148872
44.0,145.0,143.72531127929688,-1.0316908997344862,2.682221429581281,-4.9205869323775415,-4.97692635846025,-2.4976316651665065,1.3407705180451863,-0.5388509166286326,4.777630218025644,-0.79045121045964,1.0139599834847122
44.0,145.0,143.72531127929688,-1.0316687293554851,2.682210547911504,-4.920538908482189,-4.976961715888216,-2.49764330971845,1.3408162493366502,-0.5388564140245737,4.777597357938973,-0.7904672804909225,1.0139745959629574
44.0,145.0,143.72531127929688,-1.031694764424408,2.682202128412597,-4.920553065742488,-4.976963432922616,-2.4976371497405654,1.3408226192892636,-0.538821724559428,4.777620564564465,-0.7904517688713195,1.0139726489608734
44.0,145.0,143.72531127929688,-1.0316797763458192,2.682264136598941,-4.9205883333042,-4.976980777524906,-2.497661814625,1.3407996223482217,-0.5388255426828277,4.77756918111999,-0.7904432107791655,1.013958151875654
44.0,145.0,143.72531127929688,-1.0316531968055649,2.6822300823253418,-4.920515828291732,-4.976902967432846,-2.497621698236328,1.3408092984354605,-0.5388374763973056,4.777608462397833,-0.7904737856437567,1.01398815907433
44.0,145.0,143.72531127929688,-1.0316852796065703,2.6822881546069794,-4.920582737170097,-4.976963558059153,-2.4976375381343567,1.340769305727636,-0.5388590002618452,4.777554905275004,-0.7904393043674443,1.0139921032874015
44.0,145.0,143.72531127929688,-1.0316503966377617,2.682280282743392,-4.92060462131081,-4.976946796388329,-2.497611145620802,1.340799772586446,-0.5388663386566357,4.777591813273361,-0.7904608147734438,1.0139778174809546
44.0,145.0,143.72531127929688,-1.0316661760866297,2.682163276631546,-4.920607348858136,-4.976988981734264,-2.4976380855547333,1.340821839348659,-0.5388189607127174,4.777589314252802,-0.7904809945321221,1.0139719056387664
44.0,145.0,143.7252960205078,-1.0316683298079117,2.682183960956504,-4.920644830506215,-4.976991509007977,-2.4976292934055992,1.3408512954085392,-0.5388490037617757,4.777614949362377,-0.7904657014158545,1.0139857342670675
44.0,145.0,143.72531127929688,-1.0316662943185937,2.682289896410909,-4.9205526119607885,-4.976983309735811,-2.4976338050321045,1.3408095646728615,-0.5388073976476075,4.777602290477045,-0.7904612925276213,1.0139920218846823
44.0,145.0,143.7252960205078,-1.031689756708862,2.682201094696664,-4.920567960885856,-4.976952433570784,-2.49761813908656,1.3408098051647936,-0.5388282152304233,4.777612637284088,-0.7904673988502653,1.0140147018956007
44.0,145.0,143.7252960205078,-1.0316988309957005,2.682275281308426,-4.9205334705484125,-4.976955845835006,-2.497640391789762,1.340789293390773,-0.5388323187163282,4.777618172873639,-0.7904630489596629,1.0139787132345504
44.0,145.0,143.7252960205078,-1.0316844849743865,2.682193418022277,-4.920520206036381,-4.976947884104745,-2.497675110276328,1.3407246616035406,-0.5388431667210503,4.777631837619415,-0.7904512716971954,1.0139962646026
44.0,145.0,143.7252960205078,-1.0317252892521536,2.682240512815018,-4.92058079783676,-4.976961959645373,-2.497641005486217,1.340728392156972,-0.5388571562317965,4.7776425983865884,-0.7904446941295449,1.0139994296742325
44.0,145.0,143.7252960205078,-1.031666780418274,2.6821884944091785,-4.920594374963716,-4.976954848473487,-2.4976390244408604,1.3407944342214346,-0.5388356188064138,4.777593180213028,-0.7904766167753792,1.013991009502898
44.0,146.0,143.72531127929688,-1.0316527495458234,2.682221389400457,-4.920592970924952,-4.976970467812079,-2.497603444001313,1.3408401923075512,-0.5388505617967017,4.777562244698611,-0.7904715547395966,1.0139608955668429
44.0,146.0,143.72531127929688,-1.0316712503822272,2.682231657952352,-4.920567960546577,-4.976980387545504,-2.4976405290191983,1.3407664615055808,-0.5388175586571773,4.777573078732427,-0.7904736778559363,1.0139852782783816
44.0,146.0,143.72531127929688,-1.0316642985538356,2.682292102507949,-4.920562335671532,-4.976961520392558,-2.4976403351467003,1.340788299798847,-0.5388324400941293,4.777624613604116,-0.7904427514616819,1.0139965455292366
44.0,146.0,143.7252960205078,-1.0317429614262803,2.6822135898343,-4.920619885002099,-4.976963369818409,-2.4976341573563388,1.340788003946099,-0.5388367791930637,4.77764229494073,-0.7904558791094614,1.0139900780977325
44.0,146.0,143.7252960205078,-1.0316694454914104,2.6822215027088987,-4.920608885015167,-4.976961629062683,-2.497659644363979,1.3407800537509118,-0.5388301263481363,4.777616954862404,-0.7904490764765644,1.0139648146188094
44.0,146.0,143.72531127929688,-1.031669870764123,2.682199866251281,-4.920539775962115,-4.9770171459731865,-2.4976338653045254,1.340744431826355,-0.5388491509089679,4.777631362269695,-0.7904682182714753,1.0139931356946272
44.0,146.0,143.72531127929688,-1.0316860277416593,2.6822462937061644,-4.920596728468032,-4.976984181264363,-2.49767040873456,1.340791902533044,-0.5388329657672211,4.777631894419056,-0.7904589965506066,1.013995564386434
44.0,146.0,143.7252960205078,-1.0316862422780853,2.682277605593569,-4.920587872109042,-4.976988173023087,-2.4976250717131405,1.3408287285508091,-0.5388247003546471,4.777599769199352,-0.7904683195036251,1.0139861131737398
44.0,146.0,143.72531127929688,-1.0316840209024996,2.6822515853026534,-4.920655040990729,-4.976991954932262,-2.4976205270161334,1.340837604120412,-0.5388142363414801,4.777589700023775,-0.7904731235126565,1.0139731611531282
44.0,146.0,143.72531127929688,-1.0317328229096034,2.682200219969464,-4.920472614885514,-4.976999723057235,-2.497646806742296,1.3407774755031667,-0.5388524253149685,4.777593097954149,-0.7904444468068341,1.0139787832865634
44.0,146.0,143.72531127929688,-1.031669151692454,2.68224147120692,-4.920583536664514,-4.9770308128942204,-2.4976240612877145,1.340776034731026,-0.5388309408600298,4.7775932860910935,-0.7904467398988828,1.0139867525193689
44.0,146.0,143.72531127929688,-1.031717165601958,2.682274416715208,-4.920583035075862,-4.976968323741752,-2.49768438312967,1.3407544973110337,-0.5388212312080256,4.777633745232109,-0.7904657227412653,1.013977676012252
44.0,146.0,143.7252960205078,-1.0316753910533585,2.682215997825134,-4.920609242071704,-4.976971046575829,-2.4976508309087384,1.3407807788650086,-0.5388252856475297,4.77761162917324,-0.7904515317370375,1.0139802727575375
44.0,146.0,143.72531127929688,-1.0316770216591298,2.6821830110981484,-4.920608009767912,-4.976961871002667,-2.497631033596597,1.3407639459474303,-0.5388119991438112,4.777617566077376,-0.79046356616771,1.0139696171949533
44.0,146.0,143.72531127929688,-1.0316666031266497,2.682209083503521,-4.920618028888242,-4.976981222537024,-2.497615839133837,1.340789819587771,-0.5388397717323476,4.7776195178422665,-0.7904654060458425,1.0139861464407964
44.0,146.0,143.7252960205078,-1.0316786743345263,2.682197269447334,-4.920477661471881,-4.976934778943432,-2.497613449712392,1.3408300135739104,-0.5388559873674117,4.777609474150959,-0.7904517675978227,1.0139824050284971
44.0,146.0,143.7252960205078,-1.031703870992324,2.682239504971884,-4.920588224500358,-4.976989267560492,-2.4976526983969496,1.3407868775985603,-0.5388580622224168,4.777629324962522,-0.790454106406199,1.0139888233415224
44.0,146.0,143.7252960205078,-1.0317061072339335,2.682235441611872,-4.920584351081355,-4.97700519736548,-2.497669018334288,1.3407371692130807,-0.5388319470909959,4.777605919609911,-0.7904463342748791,1.0139826149456257
44.0,146.0,143.72531127929688,-1.031703492661758,2.6822850037764248,-4.920559879036338,-4.976970250650773,-2.497629721171465,1.3407522249027295,-0.5388595123953275,4.77761701478194,-0.7904428557355967,1.0140175039513002
44.0,146.0,143.72531127929688,-1.0316759976246592,2.682239143369749,-4.920573221639925,-4.977007314824612,-2.497693223511352,1.3407725437620623,-0.5388650220888298,4.777667529637812,-0.7904515918806032,1.0140105614858437
44.0,146.0,143.72531127929688,-1.031668134744729,2.68225023302863,-4.920581316174544,-4.97698263792881,-2.4976436357799594,1.3408187047056703,-0.5388169578008837,4.777647585661047,-0.7904830462089638,1.0140005395817342
44.0,146.0,143.72531127929688,-1.0316582112407535,2.6822273551058684,-4.9205671098384975,-4.976998270035703,-2.497686982837637,1.3407148880432036,-0.5388486251519362,4.777606838085106,-0.7904114225552998,1.0139903982761762
44.0,146.0,143.72531127929688,-1.0316486936080551,2.682239467817089,-4.920553227915575,-4.976930334756239,-2.4976436366655026,1.34071941945437,-0.5388295463918693,4.777647554527116,-0.7904375822501324,1.0139714655454686
44.0,146.0,143.7252960205078,-1.0316712821471814,2.682200975361436,-4.920615297145118,-4.976954491665363,-2.497682861578596,1.3407868206956604,-0.5388242512592623,4.777634655658993,-0.7904636930319873,1.0139819679550115
44.0,146.0,143.7252960205078,-1.031685094152102,2.682200781775041,-4.920518414022905,-4.976967534756106,-2.497610098122394,1.3407837421873072,-0.5388429277422393,4.777625454441091,-0.7904747706432698,1.013967576980621
44.0,146.0,143.7252960205078,-1.031680799949661,2.682173426375086,-4.920649538099156,-4.976907522787295,-2.4976819798919667,1.3408166927993337,-0.538841565517302,4.777604293519078,-0.7904632476905649,1.0139726953724102
44.0,146.0,143.72531127929688,-1.0316579513170103,2.6822568378257454,-4.920627640893083,-4.97702400791888,-2.497676778930341,1.3407460486002876,-0.538865115683417,4.777658629935438,-0.7904370844352169,1.0139751783726556
44.0,146.0,143.72531127929688,-1.0317158778718878,2.682210329165385,-4.920573209909407,-4.976962260252503,-2.497684872700596,1.3407678072424654,-0.538812549726897,4.777651031120486,-0.7904652972774864,1.013988791986991
44.0,146.0,143.7252960205078,-1.0316881687090396,2.682258451555647,-4.920589010400924,-4.976995646991346,-2.497624534461288,1.340760949670578,-0.538846403173558,4.777616706762913,-0.7904662548179511,1.0139922808414878
44.0,146.0,143.72531127929688,-1.0316595707596976,2.682237277663221,-4.920589889207576,-4.976969819196348,-2.497670780206161,1.340753618055186,-0.5388497760476145,4.777684385606538,-0.7904517202119674,1.0139869970573727
44.0,146.0,143.72531127929688,-1.0316645597369931,2.682233259027429,-4.920593170244171,-4.976958440289545,-2.4977277936206503,1.3407778507305048,-0.538870691659743,4.777578151104692,-0.7904626443171612,1.013975731926983
44.0,146.0,143.72531127929688,-1.03169898728496,2.6821703385602804,-4.920565239457721,-4.976955152679023,-2.497631610480282,1.3408165037552529,-0.538865815722386,4.777568104720425,-0.7904525584092479,1.0139867172191792
44.0,146.0,143.72531127929688,-1.0316782866627214,2.682186864090476,-4.920588883254237,-4.976925473486012,-2.4976694944096645,1.3407710765262078,-0.5388113817314286,4.777647257331278,-0.7904819237411713,1.0139996793934056
44.0,146.0,143.7252960205078,-1.03167353766478,2.682252386535292,-4.920543366407768,-4.976979226971623,-2.4976442496002225,1.340778302195731,-0.5388371492368105,4.777651247923565,-0.7904606104142582,1.013984987994764
44.0,146.0,143.72531127929688,-1.0316680103460645,2.682217792396946,-4.920622115078492,-4.977008128748795,-2.4976631341625826,1.3407806905019513,-0.53883002356645,4.777613901486342,-0.7904513741204937,1.014000892011536
44.0,146.0,143.72531127929688,-1.03164642111276,2.6822086312903304,-4.9205796289666335,-4.976962807666316,-2.4976616778583742,1.3407864000902308,-0.5388653823293748,4.777634207383583,-0.7904745796848953,1.01400529602056
44.0,146.0,143.72531127929688,-1.031701927098387,2.6821894180855352,-4.920637446750488,-4.976973773964256,-2.4976961407238223,1.340727929799305,-0.5388423976432719,4.777685698265016,-0.7904577520843423,1.0139762721675147
44.0,146.0,143.72531127929688,-1.0316637533987485,2.6821930973255794,-4.92061579255038,-4.977024350791339,-2.497677407956969,1.3407363997433157,-0.5388613138786935,4.777650831979386,-0.7904462434208721,1.0140061079486928
44.0,146.0,143.72531127929688,-1.0316514659514129,2.6822272744713267,-4.920510102217525,-4.976951587695106,-2.497594710508036,1.340807226678557,-0.5388256517594678,4.777593165995274,-0.7904400741256019,1.0139864460361083
44.0,146.0,143.7252960205078,-1.0317128495292165,2.6822860431775384,-4.920679046134739,-4.976956724997564,-2.497682612358413,1.340750369092028,-0.5388336203730706,4.777625604766444,-0.7904541976102024,1.0140001967576175
44.0,146.0,143.7252960205078,-1.0317003667614122,2.6822494062712234,-4.920595491639991,-4.97699341346876,-2.497657712240529,1.3408326664776515,-0.5388422505276562,4.777623848878541,-0.7904679974433382,1.013998942678537
44.0,146.0,143.72531127929688,-1.0316724592759514,2.6821775298228605,-4.920652147604963,-4.976995203916506,-2.4976499606062648,1.34075200314075,-0.538841003120444,4.777640138727637,-0.7904461791055946,1.0140080398417153
44.0,146.0,143.72531127929688,-1.0316933823909693,2.682225412587844,-4.920601752064658,-4.976947610875182,-2.4976678762125832,1.3407464326200549,-0.5388724700273855,4.777664544802681,-0.79045853512139,1.0139829645125769
44.0,146.0,143.7252960205078,-1.0316857691106995,2.6822257111069376,-4.920596284946835,-4.976976419040743,-2.4976658191655847,1.3407887263816427,-0.5388239099839467,4.777623506345055,-0.7904693550307238,1.0140036270993438
44.0,146.0,143.7252960205078,-1.031674615184666,2.6821790652685484,-4.920545275888653,-4.977001401187991,-2.4976354410922,1.340819391859296,-0.5388454914001084,4.777590960053944,-0.7904563217047498,1.0139724116809194
44.0,146.0,143.7252960205078,-1.0316774313059272,2.6822351803089983,-4.92063695151069,-4.976936668115618,-2.497648987185341,1.3408181234703855,-0.5388358689000086,4.777595856111061,-0.7904584406120216,1.0139489257803955
44.0,146.0,143.72531127929688,-1.0316936203556484,2.6822500399935256,-4.920613315985754,-4.977022104788472,-2.4976615383712653,1.3407354206085422,-0.5388494157451573,4.7775881098065565,-0.7904393705165322,1.0140001941094292
44.0,146.0,143.72531127929688,-1.031658028671712,2.682279620960278,-4.920604259169046,-4.976985341395256,-2.4975953851966413,1.3407755951945708,-0.5388559420836261,4.777599388700214,-0.7904386880078969,1.0139935489659235
44.0,146.0,143.72531127929688,-1.031595674994887,2.682210436718396,-4.920569855712152,-4.9769798577674775,-2.497647077343388,1.3407640218515375,-0.5388222153592492,4.777608190195938,-0.7904356858697978,1.0139615236153157
44.0,146.0,143.7252960205078,-1.0316633507229596,2.6822511717837783,-4.920567183634617,-4.976959218994069,-2.4976522120243674,1.3408167659123134,-0.5388611661141898,4.7776394886099816,-0.7904458864552293,1.0139935841693246
44.0,147.0,143.7252960205078,-1.0316752878627784,2.6822094787427497,-4.920590786517666,-4.97702706687904,-2.497681936350145,1.3407822675858565,-0.5388293673550679,4.777605910225434,-0.7904500742701188,1.0139940967037786
44.0,147.0,143.72531127929688,-1.031719340628488,2.682238872024402,-4.920585670889323,-4.976938210829994,-2.49764634979661,1.3407826864683852,-0.5388262429515773,4.777671376136008,-0.7904769908517499,1.0140121524608017
44.0,147.0,143.72531127929688,-1.031705274404246,2.6822522223887093,-4.920562537715671,-4.976940927079471,-2.497647155347821,1.3407675540817543,-0.5388459963593242,4.777606215647678,-0.7904460067280938,1.0139925250153734
44.0,147.0,143.72531127929688,-1.0316700035407915,2.682179951351152,-4.920577721323794,-4.9769780844068885,-2.497678339463965,1.3407952622868358,-0.5388542953535644,4.777638487963644,-0.7904670377788232,1.0139910336843163
44.0,147.0,143.7252960205078,-1.031661381205209,2.6822356118460364,-4.92060746633779,-4.976935223124953,-2.497646211503552,1.3407763282081318,-0.5388516735125313,4.777616529510215,-0.7904440473118592,1.0139920710954362
44.0,147.0,143.72531127929688,-1.031714149151321,2.682237214032691,-4.920613213590262,-4.976996888994365,-2.497643696725873,1.3408120719231107,-0.5388090471945208,4.777605031923029,-0.790465823212191,1.0139700871459478
44.0,147.0,143.7252960205078,-1.031678289356981,2.6822014238600325,-4.9205917941728,-4.976976316951275,-2.497612688914874,1.340780283152302,-0.5388296623476032,4.777639245369569,-0.7904701918151922,1.0139803572307766
44.0,147.0,143.7252960205078,-1.0316938648784562,2.6821789125051083,-4.920654124637735,-4.976995063381744,-2.497655417589881,1.3408233222054484,-0.5388338090419618,4.777657142518271,-0.7905038159340423,1.0140223287265284
44.0,147.0,143.7252960205078,-1.03167156994826,2.682211868635309,-4.920606210091528,-4.976953553308357,-2.497643619619746,1.3408061716320905,-0.5388601845128456,4.777630108246436,-0.7904602362998849,1.013984015319238
44.0,147.0,143.7252960205078,-1.0317065374109091,2.6821883291393647,-4.9205499941470165,-4.9769291811020535,-2.497662389566764,1.3407958490130492,-0.5388291962114842,4.777621514518467,-0.7904764886758464,1.0140131337678555
44.0,147.0,143.7252960205078,-1.0316850685144343,2.6822363584639666,-4.920524185631025,-4.9769599448142205,-2.497617536802548,1.340814493358737,-0.5388714990505896,4.7776216465281465,-0.7904516418461531,1.0139688431526208
44.0,147.0,143.7252960205078,-1.0316787494353925,2.6822683912784733,-4.920621308575622,-4.976964039991327,-2.497660317059367,1.3408062569850916,-0.5388038613079562,4.777583957145755,-0.7904722745135615,1.0139877525717589
44.0,147.0,143.72531127929688,-1.031690294102411,2.6822015580538148,-4.920508350996009,-4.976968508649119,-2.4976778487027325,1.3407769083339218,-0.5388367256544786,4.777654571853978,-0.7904602806132157,1.0139880627171056
44.0,147.0,143.7252960205078,-1.0317118511132408,2.682211403691122,-4.920630496245017,-4.9769661149190325,-2.497619283059161,1.3407929416240858,-0.5388212385053048,4.777567473503716,-0.7904708769860616,1.013951869035013
44.0,147.0,143.72531127929688,-1.0316982407680184,2.682222394462573,-4.920702003601204,-4.977003438129239,-2.497661373226579,1.3407842158892065,-0.5388436836356743,4.777615771811579,-0.7904379714300198,1.0139722947022447
44.0,147.0,143.7252960205078,-1.0316833484215926,2.6822223706840607,-4.920628781322511,-4.977028187135458,-2.497685145794643,1.3407767156255537,-0.5388418334535228,4.777659512122664,-0.7904639269870541,1.013972139734153
44.0,147.0,143.72531127929688,-1.0316689142672386,2.682261582574906,-4.920541659122127,-4.9769918097701655,-2.4976454686959744,1.3407635273432756,-0.538848085094016,4.7775984053154215,-0.7904471005920799,1.0139566626239225
44.0,147.0,143.7252960205078,-1.0317128653608258,2.682211198997555,-4.920569714904183,-4.976976211381861,-2.4976444743350914,1.34080873781389,-0.5388333273366523,4.77760703883021,-0.790452882149892,1.0139737508341256
44.0,147.0,143.72531127929688,-1.0317500156975208,2.682179133887725,-4.920586096522566,-4.97696220128817,-2.497638609479422,1.3407931049857602,-0.5388597065320502,4.777642227283543,-0.7904637145260249,1.01399328444682
44.0,147.0,143.72531127929688,-1.0316600648288206,2.6822553973796657,-4.920555031211348,-4.97696194583289,-2.4975926185731048,1.3408116887384125,-0.5388629817121924,4.777595549370696,-0.7904705143543502,1.0139560200526665
44.0,147.0,143.7252960205078,-1.0316556542463902,2.682240201273808,-4.920543060938858,-4.976960385750633,-2.497658324012428,1.340776773486038,-0.538867142018276,4.77763603736306,-0.7904761149488522,1.0139949937421768
44.0,147.0,143.72531127929688,-1.0316525331313713,2.682203092553963,-4.920493098666384,-4.976932911377446,-2.4976530892556363,1.3407906019829072,-0.5388495456206543,4.777591666751551,-0.7904536548425787,1.0139670254738269
44.0,147.0,143.7252960205078,-1.0317217294660417,2.68226171100276,-4.920616000510586,-4.976985498724522,-2.497630292168408,1.3407811590611978,-0.5388445060886147,4.777647761638734,-0.7904549195311636,1.0139885209114832
44.0,147.0,143.72531127929688,-1.031709780069971,2.6822304090475138,-4.920646505451945,-4.976986740198397,-2.4976325029636115,1.340849756672191,-0.5388419914595026,4.777611546683808,-0.7904637778590242,1.0139585603233243
44.0,147.0,143.7252960205078,-1.0316701706494151,2.6822367196878263,-4.920596210227328,-4.976973729052752,-2.497615578658436,1.3408377797621238,-0.5388498908088559,4.777595957853686,-0.790476948756865,1.0139659500913192
44.0,147.0,143.7252960205078,-1.0317094351859413,2.6822010208971943,-4.920559111512745,-4.976983701478071,-2.4976473265008003,1.3408135131760748,-0.5388325721145426,4.77758973259003,-0.790454654633904,1.0139826106386955
44.0,147.0,143.72531127929688,-1.0316926817938947,2.682179725054783,-4.920632625510179,-4.976924004615352,-2.4976438037013047,1.3407830469309363,-0.5388233386251944,4.777661354471579,-0.7904657400614141,1.0139883642246923
44.0,147.0,143.7252960205078,-1.0316646959076614,2.682248361948238,-4.920646960042175,-4.976984961372734,-2.49761421023768,1.340819720073597,-0.5388303587950425,4.777600065764155,-0.7904798560803137,1.013968317546884
44.0,147.0,143.72531127929688,-1.0316991414403986,2.68225772354352,-4.920671892467495,-4.97697883974806,-2.4976941373780988,1.3407682139313346,-0.5388450872595429,4.777668000575812,-0.790454468543003,1.0139775181167368
44.0,147.0,143.7252960205078,-1.0316810947011863,2.682238230376405,-4.920590901697893,-4.976942130020677,-2.497669230278079,1.3407728652169926,-0.5388403808562616,4.77760728660537,-0.790463962189218,1.0139725306695675
44.0,147.0,143.72531127929688,-1.03169968477013,2.682213908618113,-4.920532394221351,-4.976901069070154,-2.497646631499012,1.340786963300113,-0.5388270238954167,4.777586109361106,-0.7904428107665362,1.0139719751770029
44.0,147.0,143.72531127929688,-1.0317101587859905,2.68226036855002,-4.920613210407011,-4.976910074753364,-2.4976419158576126,1.3407895706974935,-0.5388421587138845,4.77761335533522,-0.7904441251704863,1.013953520306691
44.0,147.0,143.7252960205078,-1.0316906078483528,2.682191677641596,-4.920528117034251,-4.976979067161182,-2.4976149193807218,1.3408080688361157,-0.5388507437855896,4.777566156679997,-0.7904656724285894,1.013980798292323
44.0,147.0,143.72531127929688,-1.0317391121022936,2.682237545048344,-4.920569584739766,-4.976966099388691,-2.4976395421770343,1.3407761824363362,-0.538855051665708,4.777638038230457,-0.7904756025869046,1.0139896294682815
44.0,147.0,143.72531127929688,-1.0317035253208964,2.682171910912892,-4.920606053430536,-4.976918531241734,-2.497628301579854,1.340833034602004,-0.538816955166272,4.777605287677185,-0.7904868667798866,1.01398070861773
44.0,147.0,143.72531127929688,-1.0316902643076902,2.682236491204261,-4.920612857676125,-4.976971226579215,-2.4976442607741154,1.3408077750250866,-0.5388574889594491,4.777666916647457,-0.7904910109347103,1.013992361422737
44.0,147.0,143.72531127929688,-1.03168429657573,2.6821642937060464,-4.920521298165212,-4.9769679263786815,-2.4976770504014167,1.3408301962589055,-0.5388456980333647,4.777648214212446,-0.7904828059563966,1.013980418887531
44.0,147.0,143.7252960205078,-1.0316638908540776,2.682214939342142,-4.920592514001458,-4.976983865506093,-2.4976506562203937,1.3408051265613654,-0.5388098275748447,4.777571209691002,-0.790466851213842,1.0139803789839528
44.0,147.0,143.7252960205078,-1.0316838397224537,2.6822686779430747,-4.920632208603887,-4.976979033846461,-2.4976185547710967,1.3408478933396566,-0.5388410687698126,4.7775720739425065,-0.7904573939195636,1.0139911684654963
44.0,147.0,143.7252960205078,-1.03167768572519,2.682219908655936,-4.92058460837139,-4.976953542635141,-2.497657325677352,1.3407950318532418,-0.5388519099233253,4.777638882345354,-0.7904572357872865,1.013984892235963
44.0,147.0,143.72531127929688,-1.0317427388473064,2.6822555233792222,-4.920652531401581,-4.976982197629304,-2.4976987057687428,1.3407592788700864,-0.5388524546150677,4.777644546804451,-0.7904443096299731,1.0139786167311735
44.0,147.0,143.7252960205078,-1.03168139528334,2.6822484731084284,-4.920597311491815,-4.976929217676294,-2.4976720673205106,1.340783133875786,-0.538843149742414,4.777569994101473,-0.7904716320710374,1.0139681702202346
44.0,147.0,143.7252960205078,-1.0316658995329109,2.682218947916718,-4.920588404826891,-4.977018957285668,-2.4976660666865973,1.340804775028487,-0.5388369752284294,4.777673951358722,-0.7904441133626028,1.0139891023243734
44.0,147.0,143.7252960205078,-1.0317160585681058,2.6821958124952348,-4.920564128602536,-4.976968699225859,-2.4976533245736903,1.3407446759398065,-0.5388462584831348,4.777675662619016,-0.7904445440585013,1.013983398885376
44.0,147.0,143.7252960205078,-1.0316792485979898,2.6821412097413724,-4.920592036332423,-4.976945595934715,-2.497699668960467,1.3407453459270444,-0.5388283202579478,4.77764453203463,-0.7904578239713613,1.013977769607255
44.0,147.0,143.72531127929688,-1.0316787839043495,2.682209707392442,-4.920638855112949,-4.977036111566182,-2.4976705293941057,1.3408193760168228,-0.5388319213752144,4.777655108857731,-0.7904669537954359,1.013985642644406
44.0,147.0,143.72531127929688,-1.0316676141747538,2.6822080507936104,-4.920552771340884,-4.976953318910509,-2.4976742646148766,1.3408291793194227,-0.5388384394189325,4.777634310599538,-0.790456609717304,1.0139983783550033
44.0,147.0,143.7252960205078,-1.0317102613023232,2.6821828358232302,-4.920553385871333,-4.97696531302807,-2.497620757180906,1.3407916668102606,-0.538833186523247,4.777565031647489,-0.7904781008951947,1.013951754362826
44.0,147.0,143.72531127929688,-1.0317483383385606,2.6822346700998256,-4.9205692843647855,-4.976953900606051,-2.497640453567856,1.3408118978755337,-0.5388216407939375,4.777587921826342,-0.7904834655102375,1.0139602653155046
44.0,147.0,143.7252960205078,-1.0316562024850984,2.682188493612121,-4.920590020090345,-4.976970471129622,-2.4976702565254536,1.340773428295064,-0.5388389429380336,4.777585774383185,-0.7904452773667696,1.0139480932027602
44.0,148.0,143.7252960205078,-1.031699411473333,2.6822461925569687,-4.920523127720023,-4.976960682387069,-2.4976623148832107,1.3408050770404003,-0.5388593777550152,4.777610144578539,-0.790464752023345,1.0139757436051742
44.0,148.0,143.7252960205078,-1.031664621387574,2.682170646225579,-4.920609430660426,-4.9769482599306,-2.497693413933282,1.3408131886335104,-0.5388344584988678,4.777625919125706,-0.7904616522703583,1.0139816345942236
44.0,148.0,143.7252960205078,-1.0316715443557594,2.682196421037577,-4.920570005468547,-4.976998414516412,-2.49763867279053,1.3407799001462497,-0.5388286433214393,4.777599545573901,-0.7904558043542984,1.013985580689746
44.0,148.0,143.72531127929688,-1.0317006738292047,2.682231157228298,-4.9206187562273325,-4.976956989630231,-2.4976736927976746,1.340796093787873,-0.5388367691472489,4.777628470765777,-0.7904356855528532,1.013982913328373
44.0,148.0,143.72531127929688,-1.031686665187479,2.6822781998104155,-4.920605105420333,-4.977019749944057,-2.4976534515270084,1.3407854303125737,-0.5388555633240522,4.77762540229376,-0.7904648601479867,1.0139832693878992
44.0,148.0,143.72531127929688,-1.0316897115133743,2.682217928975655,-4.920619476408243,-4.976986046425853,-2.4976762386109903,1.3407960065790423,-0.5388542729889778,4.777619138515943,-0.7904498760841436,1.013966367432209
44.0,148.0,143.72531127929688,-1.0316866002741962,2.682177566235624,-4.920567929324257,-4.976973004385393,-2.4976267256795257,1.3408056653320273,-0.5388345372443233,4.777616651286486,-0.7904888986016729,1.0139805150133698
44.0,148.0,143.7252960205078,-1.0316666485237915,2.6822361645850803,-4.920597276994775,-4.976953999646139,-2.4976533149288334,1.3408117636078174,-0.5388578595523441,4.777636339043047,-0.7904733551360996,1.0139833896834718
44.0,148.0,143.7252960205078,-1.0316975354907054,2.682153124416783,-4.920591020742432,-4.976894611751681,-2.497653328414733,1.340771286951404,-0.5388361363100733,4.777659185274553,-0.7904633477096619,1.0139759188607336
44.0,148.0,143.7252960205078,-1.0317037464833212,2.6821668546069644,-4.920641307593933,-4.977015828900606,-2.497684809470188,1.3407954006837317,-0.5388277177236809,4.777609459799933,-0.790444875041608,1.0139853837267774
44.0,148.0,143.72531127929688,-1.0316925005968578,2.682200236648505,-4.920537477120635,-4.976977860097244,-2.497619015897729,1.34082436317052,-0.5388287834516365,4.777590050924214,-0.79046842844431,1.0139518662204692
44.0,148.0,143.72531127929688,-1.031674542388909,2.68218147862033,-4.920552568491028,-4.9769561222957615,-2.497671845780149,1.3407611002464055,-0.5388744083075503,4.7776307399055575,-0.7904576503605485,1.0139899735210829
44.0,148.0,143.72531127929688,-1.031699271447745,2.6821178197482984,-4.920587759920391,-4.976983622861438,-2.497678267533229,1.340769997501785,-0.5388189391230984,4.777637485054461,-0.7904639436273078,1.0139864414391253
44.0,148.0,143.72531127929688,-1.0316907186541062,2.6822145572868896,-4.920551965201336,-4.97690171255402,-2.4976306186343504,1.3408141979571295,-0.5388425454809473,4.7776243625266375,-0.7904653069629521,1.0139765898583422
44.0,148.0,143.72531127929688,-1.0317021249839615,2.6821754820076205,-4.920567942175552,-4.9769401736855015,-2.497661400599809,1.3408353915054372,-0.5388309210294882,4.777559579191648,-0.790479334260553,1.0139682094878602
44.0,148.0,143.7252960205078,-1.0316480943213202,2.68224988118348,-4.920561176636699,-4.97695158419607,-2.4976230842745983,1.340800991604505,-0.538827622989019,4.7776080073392695,-0.7904580807489996,1.0139985247892973
44.0,148.0,143.7252960205078,-1.0316964240629858,2.682167399067213,-4.920587828896831,-4.976903308447088,-2.4976478066648,1.3408117971833668,-0.5388339064028225,4.777609551805391,-0.7904629930844775,1.0139694344411598
44.0,148.0,143.72531127929688,-1.0316447938813198,2.6822233059741327,-4.9205703055776855,-4.977019302879004,-2.497663108148206,1.340743674613294,-0.5388306097850473,4.777606454094554,-0.790453232096298,1.0140065444342383
44.0,148.0,143.7252960205078,-1.031680985379654,2.6821953257796096,-4.920570979797927,-4.976929765980342,-2.4976621987185315,1.3408236955085735,-0.5388348228315945,4.777574120282907,-0.7904778179891645,1.0139937107434092
44.0,148.0,143.72531127929688,-1.0316631177382756,2.6822029409418526,-4.920583012828703,-4.97698620118158,-2.4976647803019087,1.340764051922866,-0.5388241943119967,4.777624808836666,-0.7904627823788006,1.0139687053801083
44.0,148.0,143.72531127929688,-1.0316833966688326,2.682227835841423,-4.920557102558386,-4.976995411211037,-2.4976336445055543,1.340764148428038,-0.5388425121354201,4.777607092383834,-0.790448817542452,1.013989240915932
44.0,148.0,143.72531127929688,-1.0316885383772756,2.682220920237671,-4.920511704011137,-4.976980364804672,-2.497664270512128,1.3408109179207433,-0.5388332899309969,4.777561323730657,-0.7904615624236753,1.01396577539289
44.0,148.0,143.7252960205078,-1.031687621768853,2.682166496711276,-4.920573777544673,-4.976968880345516,-2.497663887237489,1.3407831028746546,-0.5388324969444147,4.77759922279088,-0.7904455454058752,1.013953109767841
44.0,148.0,143.7252960205078,-1.0316587843534517,2.682168305658013,-4.920667330071441,-4.97699651102851,-2.497686640044456,1.3407661637551265,-0.5388303576011744,4.777602733818981,-0.7904431828149621,1.0139743340937477
44.0,148.0,143.7252960205078,-1.0317160522437805,2.6821919171157207,-4.920559794734616,-4.976957602135433,-2.497659071627188,1.3407749050112423,-0.5388374818147685,4.777575492390504,-0.7904649628578566,1.0139843659256211
44.0,148.0,143.7252960205078,-1.031683676354413,2.682181569942075,-4.9205590268950505,-4.976962347855906,-2.497684932896413,1.340744653504787,-0.5388304046384098,4.777597032957552,-0.7904552925792263,1.0139730820226165
44.0,148.0,143.72531127929688,-1.0317101635842525,2.6821953885272283,-4.920581141695576,-4.976955909262898,-2.49769605425884,1.3407435106584078,-0.5388371390961115,4.777638082192192,-0.7904563196363368,1.0139945911146686
44.0,148.0,143.72531127929688,-1.0316738430242784,2.682165795715128,-4.920580769071169,-4.977001241130944,-2.497659715579112,1.3408165461985986,-0.5388430395453092,4.777606497424236,-0.79046201161625,1.013990217741835
44.0,148.0,143.72531127929688,-1.031682427245446,2.68218457437829,-4.920523444268094,-4.9769812321275415,-2.497645683468079,1.340804348742127,-0.5388236011756034,4.777579534095487,-0.7904594720111726,1.013967333748429
44.0,148.0,143.7252960205078,-1.031675042488867,2.68221258411852,-4.92059816831005,-4.977022307241645,-2.4976687510377467,1.340813541993974,-0.5388254135781683,4.777584321591865,-0.790462030972952,1.013966475806443
44.0,148.0,143.7252960205078,-1.0316823870845029,2.6821750190374942,-4.920586569454096,-4.976979220838895,-2.497699583308128,1.340741031644873,-0.5388313311439097,4.777604174340237,-0.7904484386874193,1.0139806705231624
44.0,148.0,143.72531127929688,-1.0316699651032946,2.6822159804973635,-4.92059663368886,-4.977020660601547,-2.497625249750272,1.3408199119598416,-0.5388397082447893,4.77760108519068,-0.7904568241108398,1.0139812480284045
44.0,148.0,143.7252960205078,-1.0316857580837555,2.6822301905608645,-4.9205682093491685,-4.976951551779947,-2.497646586904476,1.3407414213487687,-0.5388373848289065,4.777589198600602,-0.7904588795595453,1.014004917708526
44.0,148.0,143.72531127929688,-1.0317205412444077,2.68213718355256,-4.920551106876845,-4.976969821929447,-2.4976722275638714,1.3408068527385997,-0.5388148738997458,4.77759916816159,-0.7904739887590093,1.0139557380546975
44.0,148.0,143.7252960205078,-1.0317007654685413,2.682209364546013,-4.92059465415999,-4.976951171209427,-2.4976454289511363,1.340754803284038,-0.5388428490473274,4.777581493495857,-0.7904651719275195,1.0139582238416225
44.0,148.0,143.7252960205078,-1.0316924035278312,2.6822046027787803,-4.920552783061418,-4.976941285723315,-2.497677414868104,1.3407871180930595,-0.5388510912627709,4.777624956025424,-0.7904649872816618,1.0139909415618389
44.0,148.0,143.7252960205078,-1.031723417833299,2.682190898063776,-4.920591757162511,-4.976948838604622,-2.497650090180008,1.3407641999146502,-0.5388311524998901,4.777637407190863,-0.7904450653462183,1.0139855729508804
44.0,148.0,143.72531127929688,-1.031705634815652,2.682171986661478,-4.920622836851567,-4.976989421910222,-2.497673381298984,1.340786606317903,-0.5388223057749801,4.777554086289147,-0.7904488268166974,1.0139813929206358
44.0,148.0,143.72531127929688,-1.031692586292249,2.6821743885445386,-4.920565403475385,-4.976974955695004,-2.497634307944442,1.3407678679586734,-0.5388372475788925,4.777609120574944,-0.7904557441277014,1.013994306973533
44.0,148.0,143.72531127929688,-1.03169129825188,2.682185303365864,-4.920603532029289,-4.976999910391764,-2.497653070483634,1.340788008017375,-0.5388328266443665,4.777661317077786,-0.7904510905356759,1.0139886022712403
44.0,148.0,143.72531127929688,-1.0316541328583293,2.682215453540868,-4.920594327547568,-4.976953228852585,-2.497606993984572,1.3408241952361235,-0.5388238768019278,4.777573087047818,-0.790480397144159,1.0139722516218184
44.0,148.0,143.72531127929688,-1.0316453589586612,2.6822234859357064,-4.920572346038211,-4.977020212629205,-2.497627563188591,1.340786204256851,-0.5388428628831541,4.777625959046647,-0.7904424795204417,1.013986636119789
44.0,148.0,143.7252960205078,-1.0317011387524475,2.6822151331451627,-4.920561236344205,-4.976935303943572,-2.497643294721203,1.3407890129389184,-0.5388379535993408,4.777621604741388,-0.7904727456951175,1.0139950466086978
44.0,148.0,143.7252960205078,-1.031719766777793,2.682223698362243,-4.920570270617326,-4.9769713522343695,-2.4976609457430605,1.3407819403375782,-0.5388289018388717,4.777607127351249,-0.7904802568230043,1.0139837959354754
44.0,148.0,143.7252960205078,-1.0317074287090628,2.682123022871849,-4.9205566742528415,-4.976915179700225,-2.497672321543828,1.3407788175401434,-0.5388414214424433,4.777642475521937,-0.790456221148319,1.0139669281306896
44.0,148.0,143.72531127929688,-1.0316931144521062,2.682162396365979,-4.920478077259655,-4.976958337414511,-2.497652511250021,1.3407345818966911,-0.5388304276982039,4.777550179962276,-0.7904841083057352,1.0139904824105583
44.0,148.0,143.7252960205078,-1.0317174244618048,2.682236761108204,-4.920563483666272,-4.9769289216648,-2.497629797859078,1.3408017540002517,-0.538823853089121,4.777588281347248,-0.7904800153279661,1.0139728350610913
44.0,148.0,143.7252960205078,-1.0317231808579637,2.6821671031133096,-4.920609876646039,-4.976986647007281,-2.497637970263231,1.3407646684582328,-0.5388255299358367,4.777651298198814,-0.7904426154388879,1.013984206347132
44.0,148.0,143.7252960205078,-1.0316690650003628,2.682208345878994,-4.9205656393219135,-4.976937841174761,-2.49763141033198,1.3408037504430412,-0.5388203897566903,4.777623832886659,-0.7904827652922588,1.0139845561170675
44.0,148.0,143.72531127929688,-1.0316738881296592,2.682258393586088,-4.920613356136147,-4.977001553432252,-2.4976366393824776,1.3408253507100945,-0.5388552621288305,4.777653033323874,-0.7904729251931855,1.013981983489031
44.0,149.0,143.72531127929688,-1.0316673138949812,2.682202522567655,-4.920617192721509,-4.976950155564373,-2.4976789106304453,1.340788950520265,-0.5388420211397884,4.777630556689315,-0.7904540859073075,1.014011779358488
44.0,149.0,143.72531127929688,-1.0317022930712545,2.682286772978011,-4.92055552887347,-4.976985496430459,-2.497615944083781,1.3408141962431095,-0.538839085828382,4.777605520987828,-0.7904715207987074,1.0140064625487444
44.0,149.0,143.7252960205078,-1.0316883048204115,2.682185318299978,-4.9206119518840525,-4.9769715620017205,-2.497651927340112,1.3407661707648586,-0.5388438187530928,4.777580971146165,-0.7904629747577863,1.0139818002788514
44.0,149.0,143.72531127929688,-1.0316805866188776,2.6822175663597223,-4.920556138360896,-4.976960535214961,-2.49763850561967,1.3407369023940987,-0.5388484377613834,4.777626611175034,-0.7904589170462621,1.013980665659191
44.0,149.0,143.7252960205078,-1.0316964666128752,2.682216164382507,-4.920569245611148,-4.976970793638056,-2.4976867742867075,1.3408020515892396,-0.5388537792886661,4.777610033234328,-0.7904512285931489,1.0139962354741687
44.0,149.0,143.7252960205078,-1.031692389436914,2.6822282855664845,-4.920591836420451,-4.976997809001172,-2.497663113603006,1.3407866998725986,-0.538831737023826,4.777515036888882,-0.7904601810457352,1.013959068265616
44.0,149.0,143.72531127929688,-1.031710292581529,2.68218929279652,-4.920548348122649,-4.97697974657595,-2.497644628608009,1.340801821606617,-0.5388561494332569,4.7776343430975405,-0.790482188281322,1.0139697995916492
44.0,149.0,143.72531127929688,-1.0316956297130386,2.682191682098752,-4.920483811200045,-4.976907841013461,-2.4976375006718525,1.3407574633559696,-0.5388506852695034,4.77759159677521,-0.790452615845358,1.0139634538384747
44.0,149.0,143.72531127929688,-1.0316851571207666,2.6822334660228435,-4.920576607979261,-4.976983681844336,-2.4976500295775814,1.340774059526801,-0.5388382584807445,4.777615239302641,-0.7904485191655573,1.013970707695668
44.0,149.0,143.72531127929688,-1.0316610694120354,2.68216038869432,-4.920567987554008,-4.976926880985618,-2.4977113187878093,1.3407302906152418,-0.5388162191052448,4.77765907722071,-0.7904672084216386,1.0139880321834074
44.0,149.0,143.72531127929688,-1.031656166936778,2.682202451736352,-4.920602299860267,-4.976959751315655,-2.4976503590667405,1.3407987917902764,-0.5388638568489768,4.777609549671096,-0.7904739680613346,1.0140083396002382
44.0,149.0,143.7252960205078,-1.0317165432159028,2.682195901339956,-4.920585461472579,-4.976954912132774,-2.497674525060068,1.34078449388155,-0.5388264724233309,4.777644057819504,-0.7904510177264248,1.0139731282131912
44.0,149.0,143.72531127929688,-1.0316829810279171,2.682168659191838,-4.92059303186776,-4.97693743616625,-2.4976707481242126,1.3407127729473132,-0.5388258148583596,4.777613883390181,-0.7904375198832003,1.013943426566037
44.0,149.0,143.72531127929688,-1.0316739257870062,2.68213253082887,-4.920493531483424,-4.976988942840952,-2.497674955309252,1.3407555120763843,-0.5388556959302493,4.777588515749629,-0.7904603705707753,1.013964899141491
44.0,149.0,143.7252960205078,-1.03164806570266,2.682160473472969,-4.920622318935022,-4.976959787115997,-2.4976784339664486,1.3407643865258576,-0.5388438370179269,4.777599302472247,-0.790472907549165,1.0139718050628774
44.0,149.0,143.7252960205078,-1.0317209592751708,2.6822124229336186,-4.9205801558496765,-4.976961020227632,-2.497623443075077,1.340828949750403,-0.5388527978069622,4.7776162909256925,-0.7904877082994393,1.0139923783746916
44.0,149.0,143.7252960205078,-1.0317111808050885,2.682222175255148,-4.920531099522441,-4.976955418389077,-2.4976555687755777,1.3407332386861164,-0.5388330764881015,4.777604062310589,-0.7904540428883875,1.0139845972425547
44.0,149.0,143.7252960205078,-1.0317063837184983,2.6821772649992166,-4.920567956975207,-4.976928607034229,-2.4976639330218293,1.3407588464902336,-0.538845371755138,4.777644690874784,-0.7904688098406343,1.013958526660657
44.0,149.0,143.7252960205078,-1.0317128607977717,2.682183000601814,-4.920630799395327,-4.977014807821172,-2.4977021058948434,1.3407798267836917,-0.5388185026484527,4.777547687602809,-0.7904532725966744,1.0139836865375085
44.0,149.0,143.7252960205078,-1.0316975700928404,2.682097781217788,-4.920589602658648,-4.976944006660649,-2.497649333722638,1.3407563555150324,-0.5388386145026463,4.777632596672502,-0.790446257170677,1.0139456606670976
44.0,149.0,143.7252960205078,-1.031696363176306,2.682156168754424,-4.920632290425302,-4.976958447034448,-2.497657565353337,1.3407907300370958,-0.5388347858476559,4.777603765375595,-0.7904621446161055,1.0139695072825603
44.0,149.0,143.72531127929688,-1.0316981871026676,2.6822395860239165,-4.920602769689169,-4.976998679044855,-2.497674573472551,1.3407777445800733,-0.5388115791465218,4.777591155341463,-0.790466188321858,1.0139831215740394
44.0,149.0,143.7252960205078,-1.031710135379524,2.682194789585947,-4.92051414349571,-4.9769453029735455,-2.497655840980779,1.3408091672192048,-0.5388269146357203,4.777636597059388,-0.7904656117346063,1.0139962201580597
44.0,149.0,143.7252960205078,-1.0316627406861896,2.682180261358748,-4.920530467327371,-4.9769428191952025,-2.4976734684426507,1.3407542680420894,-0.5388365847213716,4.777556133018504,-0.7904529843286969,1.0139757827631506
44.0,149.0,143.7252960205078,-1.031681918543406,2.682178811474235,-4.920640179207807,-4.976950719412949,-2.49768107769537,1.3407492376962151,-0.5388391703819941,4.777616763661047,-0.7904687364367788,1.013976007033099
44.0,149.0,143.72531127929688,-1.0316598916600368,2.682221910854988,-4.920511359279421,-4.976932608175258,-2.4976630721911675,1.3407943078484932,-0.5388386422187672,4.777589159394873,-0.7904550107275572,1.013964600979298
44.0,149.0,143.7252960205078,-1.031692254993779,2.682196873381761,-4.920569792216016,-4.976984324871818,-2.4976890352743624,1.340772432337479,-0.5388152007863649,4.777605630466329,-0.7904443388559104,1.01396432402432
44.0,149.0,143.72531127929688,-1.031682822613739,2.682270459862224,-4.920538389325648,-4.976950932892959,-2.497662865786729,1.3408120960483654,-0.5388582512780884,4.777582051787165,-0.7904606815729185,1.0139733121105374
44.0,149.0,143.72531127929688,-1.0316962541569534,2.682204715731645,-4.920555792833595,-4.976973109414638,-2.497663493430964,1.3407961152853174,-0.5388201485514621,4.777551208478156,-0.7904816207558971,1.0139790974304803
44.0,149.0,143.72531127929688,-1.031718889309596,2.6821963553170667,-4.920512027797411,-4.976930410524444,-2.4976062002398587,1.340813673448805,-0.5388341345331877,4.777589889203663,-0.7904576169401896,1.013955261239663
44.0,149.0,143.72531127929688,-1.0316926726855478,2.682238335234527,-4.920571561931964,-4.976951814464091,-2.497642806176957,1.340790530073992,-0.5388068650913276,4.77755865627087,-0.7904690626005682,1.013974490945828
44.0,149.0,143.7252960205078,-1.0317147594109106,2.68220125505018,-4.920541428846989,-4.976951912013533,-2.497639985325688,1.340767903783675,-0.5388383869013156,4.777576856951134,-0.7904716383714128,1.013972688122374
44.0,149.0,143.72531127929688,-1.031666631233156,2.682180236806131,-4.920534096920465,-4.976970092005347,-2.497694930686268,1.3407721556908658,-0.5388241961821922,4.777541610162782,-0.7904652696439225,1.013961175948061
44.0,149.0,143.7252960205078,-1.031699464636585,2.682196164526048,-4.920572551364473,-4.976972162493021,-2.4976585523176587,1.3407844176031771,-0.5388386454076146,4.777591358904518,-0.7904712823345221,1.0139690066780114
44.0,149.0,143.7252960205078,-1.0316651763289366,2.682194327163555,-4.920610195026295,-4.976947017761102,-2.497679188521014,1.3407261543920963,-0.5388228776982453,4.777544379736353,-0.7904486381515419,1.0139821894746597
44.0,149.0,143.7252960205078,-1.0316887595561424,2.68220688342028,-4.920579481012241,-4.976961790019036,-2.4976692860332066,1.340833872173186,-0.5388353590486874,4.777573118901296,-0.7904600123107093,1.0139962462301373
44.0,149.0,143.72531127929688,-1.0316798026493172,2.6821784371422144,-4.920604181433446,-4.976994734288478,-2.4976795445923305,1.3407999022367445,-0.5388215960536051,4.777629599699647,-0.7904876726160186,1.0139622266494888
44.0,149.0,143.72531127929688,-1.0317361304472268,2.682236739117813,-4.920528237363329,-4.976959554679741,-2.497618963774342,1.340794847381921,-0.5388295556049281,4.77758431874812,-0.7904659554234819,1.0139829660898236
44.0,149.0,143.7252960205078,-1.0316955968335302,2.6821793976704464,-4.920563160230515,-4.97694160423999,-2.497723614474813,1.3407854329917832,-0.5388265539662731,4.777634965165792,-0.7904822843304267,1.0139795974421286
44.0,149.0,143.7252960205078,-1.0316662560533842,2.6821803335579943,-4.920590863008603,-4.976936701412261,-2.497638250968663,1.3407995444907357,-0.538817896156921,4.7775647933569925,-0.7904684833978193,1.013967533234899
44.0,149.0,143.72531127929688,-1.0317436525376609,2.6822122012147807,-4.92054024966968,-4.976928211010219,-2.497646275890028,1.3408068562814224,-0.5388404718153614,4.777644438469714,-0.7904431357105999,1.0139779311472363
44.0,149.0,143.72531127929688,-1.0317109416203794,2.682171947575504,-4.92059251569758,-4.9769108718003645,-2.49770268526361,1.3407690999170176,-0.5388190647791031,4.777628401068048,-0.790452320381605,1.0139655780283654
44.0,149.0,143.72531127929688,-1.0317039710654967,2.6822287972945604,-4.920533065918312,-4.976964239399144,-2.497659829753263,1.3407809481383168,-0.5388482826070753,4.777584041300871,-0.7904700822126571,1.013969630752678
44.0,149.0,143.72531127929688,-1.0316862850986857,2.6821821656350364,-4.920556844356589,-4.976978756455693,-2.4976136988380384,1.3408170225416711,-0.5388385265650362,4.777579412925768,-0.7904784704481056,1.0139789407686353
44.0,149.0,143.72531127929688,-1.0316984242597966,2.6821727798915624,-4.9205992569800765,-4.976991604473234,-2.497652454240299,1.3407602866707595,-0.5388178882197039,4.7775838386494325,-0.7904575605042483,1.0139678876798106
44.0,149.0,143.72531127929688,-1.0316454096626653,2.6822745379046564,-4.92064371588461,-4.976979619995635,-2.497644991550336,1.3407980053988409,-0.5388422822581038,4.777591308967658,-0.7904606012936917,1.0139731727857946
44.0,149.0,143.7252960205078,-1.0316693279555094,2.68219349895448,-4.920529597319143,-4.976943900998556,-2.4976664518606064,1.340772530193993,-0.5388355597761363,4.777590716209609,-0.7904585854002928,1.013974726835439
44.0,149.0,143.7252960205078,-1.0316810484590273,2.682189419818048,-4.920591713323459,-4.976990449427479,-2.4976877855938664,1.3408121536482345,-0.5388377009109337,4.777636418775494,-0.7904499644309633,1.0139674168642818
44.0,149.0,143.72531127929688,-1.031703166705773,2.682179403534085,-4.920534850093776,-4.977017658711807,-2.497680809283913,1.3407680639504571,-0.5388429735868634,4.777608785112175,-0.7904381333402029,1.0139731418417917
44.0,149.0,143.7252960205078,-1.031686102444385,2.6821687489063706,-4.920598618985546,-4.976939019840064,-2.4976567346936926,1.340752272044078,-0.538820985948286,4.777605817114964,-0.7904558838299645,1.0139842705391624
44.0,150.0,143.7252960205078,-1.0317008748566845,2.6822575575660164,-4.920610939784268,-4.976982742885975,-2.4976554378241778,1.3407984305258704,-0.5388331800331141,4.777589470778494,-0.7904596485782651,1.0140126386033916
44.0,150.0,143.7252960205078,-1.031702426006282,2.6821937872609176,-4.920515001271638,-4.976933174057628,-2.497653036450589,1.3407568321220538,-0.538833497920244,4.777578738798825,-0.7904561217671411,1.0139513117344323
44.0,150.0,143.7252960205078,-1.0316744654888017,2.682206272057729,-4.920585646009719,-4.977021317670258,-2.4976999993933675,1.3407607383046305,-0.5388524837800555,4.777638316230688,-0.7904653463502029,1.014000938790458
44.0,150.0,143.7252960205078,-1.0317189469650925,2.6822265256953584,-4.920596442553517,-4.976935685030627,-2.4976721844389163,1.340797334874054,-0.5388533300399683,4.777653825399462,-0.7904654313405102,1.013978233688646
44.0,150.0,143.72531127929688,-1.0316686603986365,2.6822132715604896,-4.920554843129395,-4.976947486935173,-2.4976317785973983,1.3407933260796805,-0.5388548660659387,4.777571809095106,-0.790450528126609,1.0140037625416325
44.0,150.0,143.7252960205078,-1.0316729233957216,2.6822039829022604,-4.920555509315701,-4.976940799244228,-2.497655715835716,1.340798866769612,-0.5388357046469014,4.777547686009532,-0.790463119075306,1.013970473698614
44.0,150.0,143.72531127929688,-1.0316862147582913,2.6822137156278325,-4.920603411895278,-4.976939423982596,-2.4976878739094213,1.3407598639506215,-0.5388171087970592,4.777594893910205,-0.7904622078913599,1.0139617030040204
44.0,150.0,143.72531127929688,-1.031683802677517,2.682174759065269,-4.9205784099260965,-4.97696526909772,-2.497681560562092,1.340765276067616,-0.53883723160867,4.777593883637,-0.7904466464563811,1.0139888807013795
44.0,150.0,143.7252960205078,-1.031669331807608,2.6822156139004685,-4.920554816947379,-4.976980886922466,-2.4977048703019844,1.3407669756661509,-0.5388349570206703,4.777628033144039,-0.7904536756188012,1.0139867459276264
44.0,150.0,143.72531127929688,-1.0317388235442349,2.682204267256876,-4.920581525614214,-4.976944308072374,-2.4976240915381576,1.3407824976790217,-0.5388388461942082,4.777595436493625,-0.7904616581512842,1.0139779651395973
44.0,150.0,143.72531127929688,-1.0316959603269282,2.6821580390184785,-4.9205257241424345,-4.976979045818201,-2.497702380401935,1.3407820454310402,-0.5388346047942525,4.777571920398732,-0.7904544573837562,1.0139615039530767
44.0,150.0,143.72531127929688,-1.031725316683363,2.682193708537392,-4.920591871950149,-4.976941900917718,-2.497676165888928,1.3407642151234749,-0.5388071148810596,4.77759382775486,-0.7904829661474473,1.0139852901837283
44.0,150.0,143.72531127929688,-1.0316712679095903,2.6821997354771234,-4.920577108267445,-4.976935292151007,-2.497687114073619,1.340767677482071,-0.5388345047588157,4.777569783565221,-0.7904589612148811,1.01398700197472
44.0,150.0,143.7252960205078,-1.0316482474098865,2.682142401092607,-4.920554448544229,-4.9769179772590535,-2.497665378715549,1.3407781571143742,-0.5388118187124409,4.777591185252675,-0.7904496786936264,1.013972747637891
44.0,150.0,143.72531127929688,-1.0317099492597586,2.682144710022224,-4.920593888269264,-4.976951200779626,-2.4977243058880285,1.3407384881803726,-0.5388332943753769,4.777622528062,-0.7904770312940066,1.01395116512073
44.0,150.0,143.7252960205078,-1.0316735359101892,2.682156388262273,-4.92059092273292,-4.977002515929483,-2.497681461960485,1.3407534825475371,-0.5388278619878335,4.777640873084756,-0.790437153225148,1.013958824510767
44.0,150.0,143.72531127929688,-1.031719519232499,2.682260850305939,-4.92055748747667,-4.976938451608728,-2.497641603692104,1.3407387353467657,-0.5388372790681153,4.777575226250283,-0.7904522323331626,1.0139829314160789
44.0,150.0,143.72531127929688,-1.0316986590939377,2.682197647442789,-4.920532467020378,-4.976968936533049,-2.4976854328353086,1.3407898694111111,-0.5388476331790155,4.77759494652218,-0.7904905823455204,1.013980752082185
44.0,150.0,143.7252960205078,-1.0316753045281626,2.682169537024856,-4.920622850832002,-4.976980702100116,-2.497685354547313,1.340755913834741,-0.5388246412777313,4.777565455718815,-0.7904762635826588,1.0139791471585298
44.0,150.0,143.72531127929688,-1.0316690855463873,2.682186050741013,-4.920620996882737,-4.976989183468203,-2.497690393014007,1.3407808601837612,-0.5388366720917803,4.777619973992428,-0.7904720470899926,1.0139835142416018
44.0,150.0,143.7252960205078,-1.031686744890297,2.682205602573137,-4.92054800643132,-4.976958128852319,-2.4976651961902925,1.3407724205419669,-0.5388427851763051,4.777653329888652,-0.7904558382944602,1.0140020682120705
44.0,150.0,143.72531127929688,-1.031682425611674,2.6822218669613065,-4.920611010978217,-4.9769456924294415,-2.4976603135483773,1.3407330470589915,-0.5388529074382111,4.777556687697768,-0.7904697656810509,1.013959905977039
44.0,150.0,143.72531127929688,-1.0317162768487202,2.6821590880030524,-4.920634744570855,-4.976962790797379,-2.4976922719647154,1.3407627729273486,-0.5388241216944154,4.777608741155813,-0.7904751219549535,1.0139881938065365
44.0,150.0,143.7252960205078,-1.0316670944358592,2.6822293285855983,-4.92056865952413,-4.976902028503303,-2.4976728626355884,1.3407364543648503,-0.5388479617682851,4.777539524896415,-0.7904591042563078,1.0139688217351237
44.0,150.0,143.72531127929688,-1.0316998599107157,2.6821237427793765,-4.920549476961868,-4.976970868533435,-2.4976809154025847,1.3407785916950037,-0.5388209696200086,4.777589550383622,-0.7904660585658512,1.0139597851637072
44.0,150.0,143.72531127929688,-1.031683031597404,2.6821953543846675,-4.920556686237584,-4.97696186083233,-2.497627677845327,1.3407872980284754,-0.5388242119317326,4.77758070513776,-0.7904615049089259,1.0139962526104274
44.0,150.0,143.72531127929688,-1.031658216183133,2.682176017341296,-4.920553894080559,-4.976955208318385,-2.4976403395759608,1.340798774957717,-0.538818040924383,4.777544819742188,-0.7904628678351813,1.0139847348269928
44.0,150.0,143.72531127929688,-1.0316527881665047,2.6821933855403977,-4.920582687811446,-4.976945909518756,-2.497684775235024,1.3407949658381575,-0.538820591042219,4.777586188848925,-0.7904560896022952,1.0139754762923348
44.0,150.0,143.72531127929688,-1.0316821300817742,2.682197655840307,-4.920618970356112,-4.976957785056159,-2.497676888248834,1.3407612649470737,-0.5388558574950402,4.777639674672363,-0.7904510983907622,1.0139961053876083
44.0,150.0,143.7252960205078,-1.0317206583249503,2.6822247165661173,-4.920610485623495,-4.97694347656081,-2.4976476097089173,1.3407778518070923,-0.5388385734910557,4.777606119028622,-0.7904710632977041,1.013972113955348
44.0,150.0,143.72531127929688,-1.0316889200326922,2.682123482507825,-4.920625891054351,-4.976979633130672,-2.4977098350878664,1.3407588726084765,-0.5388183766052181,4.7775887433235305,-0.7904636306318631,1.013971076848076
44.0,150.0,143.72531127929688,-1.031650222663422,2.6821461649026457,-4.920666632301241,-4.976984819083833,-2.497705138028258,1.34074938445292,-0.5388581387840343,4.777632000500876,-0.7904176583253939,1.013958902896408
44.0,150.0,143.7252960205078,-1.0316692478672285,2.6822506387969725,-4.920609501424411,-4.97695180834836,-2.4976298297013595,1.3407686557395584,-0.538836074986099,4.777578078177262,-0.7904669466907377,1.0139829264268796
44.0,150.0,143.72531127929688,-1.0316679822609442,2.6821789519318173,-4.920630659408352,-4.976965078986386,-2.497673118239658,1.34078476001572,-0.538836914549373,4.777551356191822,-0.7904521866461724,1.0139576594259347
44.0,150.0,143.72531127929688,-1.0316560581389955,2.6821996574601066,-4.920583341016932,-4.976969031947528,-2.497717718731118,1.3407907121067495,-0.5388259358189105,4.777594128576151,-0.7904648424572027,1.0139744959866963
44.0,150.0,143.7252960205078,-1.031728316851146,2.6822195230626376,-4.92056722362804,-4.976947234311434,-2.497654189030197,1.3407712043908804,-0.5388349334678999,4.777580070103127,-0.7904655853942302,1.0139932476820397
44.0,150.0,143.72531127929688,-1.0316759614648952,2.682199314725412,-4.920540881375183,-4.976947158658744,-2.4977208445733377,1.3407056391000598,-0.5388421731458672,4.777667120309074,-0.7904496020150358,1.0139850933855747
44.0,150.0,143.72531127929688,-1.0316872629896108,2.68215087207913,-4.920612222968876,-4.976970339667266,-2.497701353852217,1.34081433370042,-0.5388259960551505,4.777654558082066,-0.7904745436729312,1.0139927998666378
44.0,150.0,143.72531127929688,-1.0316488412343323,2.682197043626669,-4.920579401879201,-4.97695494688923,-2.4976338132560176,1.3408158510874006,-0.5388351323491003,4.777581647301259,-0.7904856032768768,1.0139768479204196
44.0,150.0,143.72531127929688,-1.0316773920603426,2.682212645321062,-4.920599878794443,-4.976944515905084,-2.497656064034908,1.340761437209479,-0.5388280469244089,4.777605988416658,-0.7904718094874621,1.0139897846916366
44.0,150.0,143.7252960205078,-1.0317127936376118,2.682228357794859,-4.920526485627606,-4.976966819930739,-2.4976803037985884,1.3407596092982723,-0.538855059310376,4.7776351894841,-0.7904499980637079,1.0139704007968149
44.0,150.0,143.72531127929688,-1.0316869598767782,2.682150695335933,-4.920561658879639,-4.976957709395903,-2.497651491381958,1.340812671812131,-0.5388148322483666,4.777575723891502,-0.7904641615827286,1.0139756176221209
44.0,150.0,143.72531127929688,-1.0317040378955076,2.6821380308707123,-4.920571471746747,-4.976945792629334,-2.497681241674228,1.3407816442930551,-0.5388427194049861,4.777600708275351,-0.7904764026572506,1.0139685427531315
44.0,150.0,143.72531127929688,-1.0316834719531958,2.6821465614305904,-4.920583548791272,-4.976923424087936,-2.4976877066900576,1.3407211563699022,-0.5388452416240508,4.777636944427609,-0.7904660376087005,1.0139690592487405
44.0,150.0,143.7252960205078,-1.031697473825301,2.6821621671561235,-4.920545534984328,-4.976916487723591,-2.497666411166482,1.3407810046706947,-0.5388198746524422,4.777611385128095,-0.7904541283075943,1.0139698536989723
44.0,150.0,143.72531127929688,-1.031698812675237,2.682116922865622,-4.920650177329128,-4.976984677318726,-2.497697333823781,1.34075737829371,-0.5388311437528168,4.77756618370721,-0.7904616111202927,1.0139751169212383
44.0,150.0,143.7252960205078,-1.031657456267104,2.6821643827876605,-4.920557788295847,-4.977010359232087,-2.4976414318268185,1.340780784215999,-0.5388388409361973,4.777638864353058,-0.7904553338278362,1.013960831379609
44.0,150.0,143.72531127929688,-1.0316821607490736,2.682180645661117,-4.920596533963517,-4.976964158132397,-2.497672811705553,1.3408302071871168,-0.5388221601453917,4.777562826145553,-0.7904769784626051,1.0139822389058528
44.0,150.0,143.72531127929688,-1.0316685678902875,2.682208749864902,-4.920628819854267,-4.976944499660244,-2.4976842676894973,1.3407998042119074,-0.5388205376607402,4.777613794670335,-0.7904583036856305,1.0139937815403872
44.0,150.0,143.72531127929688,-1.0317063388627417,2.6822290252353795,-4.920629593504361,-4.9769744447376185,-2.4976557490665257,1.3408146480446348,-0.5388197584515684,4.777608360105685,-0.7904549982194693,1.013956675579525
44.0,151.0,143.7252960205078,-1.0316850138446028,2.682189691397441,-4.920549028506997,-4.976947039823432,-2.497656620908879,1.340767917377942,-0.5388421084842232,4.777627525073443,-0.7904711523293306,1.01397978432683
44.0,151.0,143.7252960205078,-1.0316805379373828,2.682247370527993,-4.920583062982658,-4.976945753012463,-2.4976613975691726,1.3407448946697595,-0.5388392239463755,4.777605725372734,-0.7904959480077833,1.0139790433046212
44.0,151.0,143.7252960205078,-1.031702824233152,2.68226406906042,-4.920595675457803,-4.976976480021446,-2.497663396848925,1.340792015563652,-0.5388455353249739,4.777593940913992,-0.7904526610391329,1.0139889942029576
44.0,151.0,143.7252960205078,-1.0316969250178238,2.682259757034279,-4.920544646164271,-4.976950768779382,-2.4976543112792857,1.3407964646972328,-0.5388576674889825,4.777601905554004,-0.790469875973602,1.0139923739347871
44.0,151.0,143.72531127929688,-1.0316995022778253,2.682165327415973,-4.920555693707438,-4.976946797894281,-2.497676311933507,1.3407582902788864,-0.5388259281383059,4.777606079275071,-0.7904671168906132,1.0139663645712125
44.0,151.0,143.72531127929688,-1.0316835932383177,2.682179067466638,-4.9205868055593385,-4.976936233170129,-2.497663168620477,1.3407879800707594,-0.5388301387571488,4.777567227237778,-0.790465790546695,1.013967588676703
44.0,151.0,143.72531127929688,-1.0316670552601597,2.6821183729291427,-4.9205330126402735,-4.97694804898161,-2.497741771976465,1.3407631541572655,-0.5388326111673978,4.7776017069404535,-0.7904460689909225,1.0139669959366486
44.0,151.0,143.72531127929688,-1.0316893226454793,2.6822028992607274,-4.920581363643988,-4.976973361170379,-2.497653134275012,1.340807201461959,-0.5388236795865726,4.77755564887924,-0.7904740007144584,1.013994375508107
44.0,151.0,143.7252960205078,-1.0317066747741022,2.6821880284247666,-4.92059446958482,-4.976949079684877,-2.497649784734133,1.3407615739264689,-0.538851473663783,4.777594936133742,-0.7904651221830994,1.0139747455115868
44.0,151.0,143.72531127929688,-1.031665610653257,2.6822336800898423,-4.92053082837266,-4.976974207768384,-2.497648395116039,1.340789353999119,-0.5388321157166374,4.777617666835253,-0.7904735029899355,1.0139758907768217
44.0,151.0,143.7252960205078,-1.0316637435657974,2.682194334514357,-4.920551524978176,-4.977011868906796,-2.497660959342119,1.3407767068924876,-0.5388225076637472,4.777596853969303,-0.7904709166280206,1.0139822292743386
44.0,151.0,143.7252960205078,-1.0316675047563972,2.6822108383289445,-4.920518403187304,-4.976967550799527,-2.49767301135569,1.3407641302508564,-0.5388425559853793,4.7776169842889065,-0.7904412669182816,1.0139900724128523
44.0,151.0,143.72531127929688,-1.0317034444678983,2.6822031890643387,-4.920529960984077,-4.976930953349029,-2.49761780790128,1.3407470284532783,-0.5388301918280884,4.777533600789788,-0.7904649612541146,1.0139643371779383
44.0,151.0,143.7252960205078,-1.0317122905088456,2.6822492547832333,-4.920604685803522,-4.976994334695278,-2.4976159843338364,1.34077706832874,-0.5388441575973646,4.777623739438523,-0.7904620992870264,1.0139831476562886
44.0,151.0,143.7252960205078,-1.031666226255385,2.6822194576224323,-4.920594051075111,-4.977002646591279,-2.497683580813859,1.3407530377856407,-0.5388455455109575,4.777613257005642,-0.7904507588089382,1.0139846694405277
44.0,151.0,143.72531127929688,-1.0317007345217046,2.682245945598666,-4.920578775740734,-4.976979609463526,-2.497658784767569,1.3407932804180316,-0.5388553216191037,4.777620971639196,-0.7904517745041151,1.0139859085053136
44.0,151.0,143.7252960205078,-1.0317007356139922,2.6822175349479647,-4.920554812123172,-4.976986235762088,-2.4976293123552007,1.3407984271934472,-0.5388286522040087,4.777613694468432,-0.7904592643188311,1.0139804713478835
44.0,151.0,143.7252960205078,-1.0317020693052092,2.682206609244508,-4.920600337365227,-4.976947946321671,-2.497685270361253,1.3407597946283527,-0.5388358308938388,4.7776126320450665,-0.7904724764569586,1.0139948959676248
44.0,151.0,143.72531127929688,-1.0316882529869242,2.6821359398781954,-4.920593750325012,-4.976896600265322,-2.4977010505319592,1.3407665623286853,-0.5388345216007808,4.777597387657183,-0.7904750692921594,1.0139691863981497
44.0,151.0,143.7252960205078,-1.0316676597282777,2.682220244290953,-4.920572735114211,-4.976987384705297,-2.4976625480584715,1.34077086244341,-0.5388297195089482,4.77757804161085,-0.7904590939829852,1.0139781017449252
44.0,151.0,143.72531127929688,-1.031685941277482,2.682210297802502,-4.920609395933907,-4.976950841731253,-2.497637446529506,1.3407121610090336,-0.5388117298160005,4.777533149785143,-0.7904576453379937,1.0139687765931544
44.0,151.0,143.72531127929688,-1.0316636952012883,2.682206564441193,-4.920619260732404,-4.976967941684483,-2.497662049380869,1.3407953561158852,-0.5388212465397659,4.777574270382898,-0.7904591430109216,1.013979551955484
44.0,151.0,143.7252960205078,-1.031648720695304,2.682175524217988,-4.920625307940633,-4.977002064677281,-2.497670516409956,1.340800004182077,-0.5388356243003569,4.77763688368764,-0.7904582885119558,1.0139734120726027
44.0,151.0,143.7252960205078,-1.0316878829798748,2.682193561309544,-4.920568648719084,-4.976964377918819,-2.497639552973001,1.3407948288681002,-0.5388389264622981,4.777616560015689,-0.7904541155548834,1.01399992065918
44.0,151.0,143.72531127929688,-1.0316694045822432,2.682212985470887,-4.920637628999582,-4.976953065970795,-2.497654643683605,1.3407611175093723,-0.5388367957342037,4.777546363562875,-0.7904642344206811,1.01398045321511
44.0,151.0,143.7252960205078,-1.031688524714434,2.6822749224989098,-4.920568101171319,-4.976975802885733,-2.4976312358125363,1.340780250279253,-0.5388382524703879,4.7775759526369,-0.7904537301309773,1.013977160718965
44.0,151.0,143.72531127929688,-1.031671349001944,2.68217769968194,-4.920574179112193,-4.97692040758969,-2.497685040732293,1.34076795710397,-0.5388528132005908,4.777619679792316,-0.7904627200340597,1.0139638126889947
44.0,151.0,143.72531127929688,-1.0316945345306,2.6821652710227726,-4.920513405108214,-4.976934651223074,-2.497661360192151,1.3407767571378573,-0.5388327034711207,4.777573083850147,-0.7904706954945988,1.013988417301805
44.0,151.0,143.72531127929688,-1.0316880673177091,2.6822301883435493,-4.920581976601053,-4.976987612165148,-2.497650458016227,1.3408235934408204,-0.5388361223055718,4.777583637019298,-0.790449067193264,1.013992772379333
44.0,151.0,143.72531127929688,-1.0316682163399755,2.682165600543024,-4.92058925358653,-4.976952751336769,-2.497685632923485,1.3407351918644288,-0.5388277277041409,4.777637997060621,-0.7904490771019566,1.0139809064647558
44.0,151.0,143.7252960205078,-1.031694005165012,2.6822324145479755,-4.920599901806854,-4.976967251064142,-2.497635187954646,1.340758034127508,-0.538849088130223,4.777610206743173,-0.7904597482986269,1.013968037814034
44.0,151.0,143.72531127929688,-1.0317209625502466,2.6822585996549533,-4.9205793346913,-4.976961557442396,-2.497636799351964,1.3408140219601077,-0.538861392175205,4.777613487402839,-0.7904718818040237,1.0140028425153584
44.0,151.0,143.7252960205078,-1.0316834841630804,2.682207881841708,-4.920613223257079,-4.976984169369904,-2.4976708390589004,1.3407894483994651,-0.5388398871680593,4.777546184932159,-0.7904572983607512,1.0139642106851356
44.0,151.0,143.7252960205078,-1.031711195839082,2.682250926718634,-4.920534176207753,-4.977005753057504,-2.497657485839796,1.3407834193139578,-0.5388529170249567,4.777607667293571,-0.7904715339249542,1.0139807351845285
44.0,151.0,143.72531127929688,-1.0317112422393784,2.682245864416404,-4.9206225410482665,-4.976961560192503,-2.497629647222406,1.3407866452150596,-0.5388545070760724,4.777586294768378,-0.790457718312715,1.013980311086538
44.0,151.0,143.72531127929688,-1.031686152141777,2.682186244434553,-4.920615244207094,-4.976910702862312,-2.4976802571879486,1.3407812595475468,-0.5388165849872983,4.777586340299372,-0.7904755988276388,1.0139723745396836
44.0,151.0,143.7252960205078,-1.0316540170352444,2.682151272777756,-4.920631572276073,-4.976924603544407,-2.497648616544283,1.340784255023718,-0.538826759972844,4.777585279218602,-0.7904632779964347,1.013957215670417
44.0,151.0,143.72531127929688,-1.0317037246571583,2.6821160642463457,-4.92051548057991,-4.97697482813715,-2.4976962630292165,1.3407328556477935,-0.5388335165030709,4.777609195146923,-0.7904445111499605,1.013982836763879
44.0,151.0,143.7252960205078,-1.0316791521546542,2.682270635836394,-4.920552484072696,-4.976968018331895,-2.4976521936702127,1.3407836213344062,-0.5388653817004236,4.7776351903964525,-0.7904772289304294,1.0139862964161104
44.0,151.0,143.72531127929688,-1.0316880657170344,2.682244027392092,-4.920546038032251,-4.97691653389811,-2.497661107177588,1.3407578592714806,-0.5388301842775913,4.777577933002451,-0.7904689932740752,1.01397926067456
44.0,151.0,143.72531127929688,-1.0316566554577191,2.682210133043168,-4.920614133557193,-4.976975191045852,-2.4976863519753034,1.340742220134052,-0.5388184168329282,4.777567273421633,-0.7904572428506187,1.013991669791232
44.0,151.0,143.72531127929688,-1.0316809976349184,2.682151552034268,-4.9206134208997145,-4.976960826368752,-2.497673815868832,1.3407278792744703,-0.5388181610753575,4.777552421200447,-0.7904594593116769,1.0139697825650558
44.0,151.0,143.72531127929688,-1.0316806423208371,2.6822131934097984,-4.920547259973713,-4.976919118044321,-2.497647309286844,1.3407705088573951,-0.5388434403698756,4.777648875035489,-0.7904658570754934,1.0139800694149947
44.0,151.0,143.7252960205078,-1.0317206620293469,2.6821697039866645,-4.920565159201778,-4.976907222354254,-2.4976656855594253,1.3407630073071362,-0.538827485524676,4.777587510193046,-0.7904778479579342,1.0139737260447357
44.0,151.0,143.72531127929688,-1.0316717967685118,2.682263955125061,-4.92063716391178,-4.977009397568601,-2.497635974005405,1.340784706207935,-0.538844221141134,4.777637441208309,-0.7904623181206967,1.0139756802681426
44.0,151.0,143.72531127929688,-1.03170349993434,2.6822873670422567,-4.920646770808616,-4.976989793975059,-2.4976436244102658,1.340776119777626,-0.5388649493230115,4.777670247889542,-0.7904753392721053,1.0139889702371363
44.0,151.0,143.7252960205078,-1.0316569271615106,2.682184579603387,-4.920571435167461,-4.976931508917814,-2.497641078563944,1.340772859480582,-0.53884213797211,4.77761308179597,-0.7904625453804659,1.0139883280999251
44.0,151.0,143.7252960205078,-1.0317140356362715,2.6821768266591874,-4.920622996431732,-4.976930763932615,-2.497672243769657,1.340771311745515,-0.5388142845863335,4.777584103898867,-0.7904604005017983,1.0139758556303002
44.0,151.0,143.7252960205078,-1.0317102658942678,2.6821911199125728,-4.920608940951483,-4.976987007758701,-2.497670514200366,1.3407623821691956,-0.5388350535074817,4.777679187392147,-0.7904533937874447,1.013987750098778
44.0,151.0,143.7252960205078,-1.03169116221114,2.682203110698305,-4.920585975957781,-4.976977866552103,-2.497618733698085,1.3407755688773104,-0.5388295988436811,4.777587521394825,-0.7904607430716313,1.013983322815788
44.0,152.0,143.7252960205078,-1.0316675677006328,2.6821641758595307,-4.920555681835476,-4.977005207882846,-2.497627816315142,1.340771161577469,-0.5388441147220471,4.777607499280784,-0.7904758899002671,1.0139782505338788
44.0,152.0,143.7252960205078,-1.0317004391967872,2.682193256496964,-4.920602723423094,-4.976956528196059,-2.497633774712499,1.340774840479444,-0.5388355184645928,4.777617382356299,-0.7904538834643571,1.0139796431737145
44.0,152.0,143.72531127929688,-1.0316879110785957,2.6821972661942786,-4.920589632949244,-4.976946460208385,-2.497664935424113,1.340784338786289,-0.5388358622290124,4.777617156157396,-0.7904752759479097,1.013984390014313
44.0,152.0,143.72531127929688,-1.031693873728595,2.682171321125879,-4.92058040072983,-4.976908172957609,-2.4976959968978285,1.3407692411510252,-0.5388183702162426,4.777608188083422,-0.7904637795094942,1.0139729084566076
44.0,152.0,143.7252960205078,-1.0316658936722622,2.682145723519975,-4.9205555834727415,-4.976916470017995,-2.497640194796172,1.340794044861382,-0.5388219355886914,4.777608996891583,-0.7904575869137007,1.0139596526823098
44.0,152.0,143.72531127929688,-1.0317048087517675,2.6821958394030885,-4.920539948186877,-4.977014900375426,-2.4976256628728444,1.340792289333649,-0.5388374799576567,4.777566542208586,-0.7904634144435638,1.0139650543134078
44.0,152.0,143.72531127929688,-1.0316673509906318,2.6822326442477067,-4.920581105156309,-4.97696797610227,-2.497640124335839,1.3407660862987258,-0.5388459002150778,4.777634002951597,-0.7904712287846625,1.0139890753171033
44.0,152.0,143.72531127929688,-1.0316785870694185,2.682202598607873,-4.920599058854734,-4.976976890300345,-2.4976976886949243,1.3407489066789935,-0.5388430636300958,4.777635168933212,-0.790457879931707,1.0140153514860335
44.0,152.0,143.7252960205078,-1.0316894053704688,2.682232822122917,-4.920557938468989,-4.976956593952792,-2.4976562020348747,1.3408072031641307,-0.5388393134828338,4.777609733299792,-0.7904758374590743,1.013978996032864
44.0,152.0,143.7252960205078,-1.0317015444629645,2.6822021130580147,-4.920581998691236,-4.976962571571404,-2.4976545975210955,1.3407317898200644,-0.5388498003083608,4.777647841163153,-0.7904692695380167,1.0139871490913848
44.0,152.0,143.7252960205078,-1.0316768986502134,2.6821956584638587,-4.920512837336317,-4.976907912371404,-2.49762690526917,1.340778578500121,-0.5388450680852035,4.777588739796059,-0.7904711571529495,1.0139756870648808
44.0,152.0,143.72531127929688,-1.03170392133844,2.682213508875577,-4.920647830702616,-4.976967562906908,-2.4976441620343435,1.3407720666966894,-0.5388128576412976,4.777576824921516,-0.7904507892656083,1.013995093384806
44.0,152.0,143.7252960205078,-1.0316871298788537,2.682190651562376,-4.920566747912149,-4.977007794594254,-2.497612174317261,1.3407846366654743,-0.5388379968555768,4.777638860791884,-0.7904547655774383,1.0139792590202026
44.0,152.0,143.7252960205078,-1.031691616359494,2.682238657701226,-4.920520207138853,-4.976969014276232,-2.497615466972772,1.340821829201496,-0.5388574777940427,4.777596423942041,-0.7904688614127577,1.0139894095373307
44.0,152.0,143.7252960205078,-1.0316893509255287,2.682219731513791,-4.920553785807432,-4.976953258487905,-2.497668899462252,1.3407740392031435,-0.5388372109558333,4.777591161603382,-0.7904488213888641,1.0139847318528812
44.0,152.0,143.7252960205078,-1.0317323977519992,2.682189982634318,-4.92059521963864,-4.976891749753881,-2.4976459340481902,1.3407507114188064,-0.5388123360523984,4.777543661908652,-0.7904469371419447,1.013977834055611
44.0,152.0,143.7252960205078,-1.0316898253915023,2.6822174112948325,-4.920556711286707,-4.976955801891712,-2.4976635072242006,1.3407531688855991,-0.5388494983952006,4.777625958507922,-0.7904690355892239,1.0139915409324782
44.0,152.0,143.72531127929688,-1.03170957893124,2.6821724479426283,-4.920558386564027,-4.976964028745618,-2.497680101312364,1.3407508459048456,-0.538842069959923,4.777624905864322,-0.7904645677614832,1.0139900661461638
44.0,152.0,143.7252960205078,-1.0316997637734664,2.682178861755209,-4.920630347776506,-4.976938837212265,-2.497672967174456,1.3408117069541845,-0.538825390849091,4.777556149031101,-0.7904652861933741,1.0139715126303166
44.0,152.0,143.7252960205078,-1.0316687405968947,2.6822054311154977,-4.920524785842531,-4.976971473569293,-2.4976572303825235,1.3407759951108522,-0.5388497216214283,4.777634890752946,-0.7904746369742197,1.0139809683846766
44.0,152.0,143.72531127929688,-1.0316614695631283,2.6822209502592056,-4.920589141185005,-4.976980063083017,-2.4976236287926303,1.3407865357159547,-0.538819086653306,4.777555439138396,-0.7904863812163185,1.0139666775657936
44.0,152.0,143.72531127929688,-1.0317200008936962,2.6822308162025577,-4.920574205005281,-4.976956952337849,-2.497649996928411,1.3407604512278404,-0.5388371961847715,4.777569639099333,-0.790454417031448,1.013978515017536
44.0,152.0,143.7252960205078,-1.031692241816217,2.6821939321362267,-4.920572186801456,-4.976945724284428,-2.4976526242566326,1.3407773839235295,-0.538846776560332,4.777576314417244,-0.7904573878615215,1.0139751159559776
44.0,152.0,143.7252960205078,-1.0316905984881135,2.6822051691069992,-4.920554429123652,-4.976922163370106,-2.4976778410832394,1.3407303971786575,-0.5388492855987081,4.777592244694262,-0.7904662679477648,1.0139930053148731
44.0,152.0,143.7252960205078,-1.0316982905151415,2.68220734544438,-4.920578969507173,-4.976983941425756,-2.4976706166301863,1.3407885646905218,-0.5388318827233061,4.777613796175462,-0.7904679156741494,1.0139870706867755
44.0,152.0,143.72531127929688,-1.03169587068978,2.6821871392570404,-4.920619507569421,-4.976998777512736,-2.497670177722424,1.3407823732811082,-0.5388275099148725,4.7775774802963245,-0.7904539962152617,1.01397045920689
44.0,152.0,143.7252960205078,-1.0316922818356389,2.6822238911134564,-4.92055356738128,-4.976961337892952,-2.497670956555105,1.340778722510957,-0.5388457556101258,4.777615110757935,-0.7904561137774184,1.013977207367894
44.0,152.0,143.72531127929688,-1.0317105858978008,2.682173491630583,-4.920592939605081,-4.976951081542056,-2.497667776284051,1.3407720955792684,-0.5388487192053368,4.777652701967357,-0.7904491299932745,1.0139797006902809
44.0,152.0,143.72531127929688,-1.0316610938276094,2.682217627733375,-4.920588511839289,-4.977030715456975,-2.497644819278495,1.3407871194004608,-0.5388443994561882,4.777575474656622,-0.7904529371794897,1.0139677881371654
44.0,152.0,143.72531127929688,-1.0317512775742728,2.682199578157288,-4.920549765451587,-4.976989398901756,-2.497666086449704,1.3407646553354855,-0.538851880621988,4.777636178619366,-0.7904623843519225,1.0139854560790642
44.0,152.0,143.72531127929688,-1.0316786850678257,2.6821933814786743,-4.920587265907944,-4.976974867888875,-2.4976792097514395,1.3407856806819494,-0.5388350520359104,4.777648923989426,-0.790452809010965,1.013964002054481
44.0,152.0,143.72531127929688,-1.031667431001921,2.682226673401789,-4.92060297542228,-4.976951731472958,-2.497632041692873,1.3407806195318592,-0.5388362281091172,4.777620811247429,-0.7904669982666457,1.0139891827278946
44.0,152.0,143.72531127929688,-1.0317121715312665,2.6821907893699537,-4.920510967510839,-4.976882104644807,-2.497651978420912,1.3407721067973082,-0.5388236192967844,4.777574883509917,-0.7904737998868026,1.013988483804967
44.0,152.0,143.7252960205078,-1.0316589275064096,2.6821434345535886,-4.920595020363074,-4.976914771633068,-2.4976396925221547,1.3407400856819738,-0.5388403617752076,4.77759768671322,-0.790453303926383,1.0139680954934738
44.0,152.0,143.72531127929688,-1.0316787998599248,2.682229459010646,-4.920605468337117,-4.976986185858957,-2.497629985846159,1.3407523218982629,-0.5388315663386525,4.777607361482591,-0.7904508041674791,1.013973985581921
44.0,152.0,143.7252960205078,-1.0316865286678234,2.682223033226129,-4.92061241091752,-4.9769523356182575,-2.4976572714868523,1.340746967336889,-0.5388257421352414,4.7775728911534685,-0.7904705176239073,1.0139936814704518
44.0,152.0,143.72531127929688,-1.0316868635111538,2.682215590455151,-4.920589759797965,-4.976932243145128,-2.4976416398132297,1.3407464846019383,-0.5388505558126582,4.777616582163628,-0.7904662686550781,1.013984473960562
44.0,152.0,143.72531127929688,-1.0316648569762172,2.682159395834621,-4.920575599979841,-4.976970681412685,-2.4976976071457333,1.3407634735791871,-0.5388309579576847,4.777585768421552,-0.7904698553877552,1.0139933136654502
44.0,152.0,143.7252960205078,-1.0316993322825474,2.682201902365265,-4.920586745305677,-4.976964444695425,-2.4976700269970644,1.3407278181887436,-0.5388310659147582,4.777597810194905,-0.7904715403518097,1.013964324857394
44.0,152.0,143.7252960205078,-1.0316955973333908,2.682235825529463,-4.920574825814536,-4.976990803893012,-2.497605672474386,1.3407713087610107,-0.5388226073989957,4.777597917314735,-0.7904542294292884,1.0139960089489044
44.0,152.0,143.72531127929688,-1.03168346900389,2.6822321871689727,-4.920531897105124,-4.976945312196806,-2.4976478132728417,1.3407985807718106,-0.5388560256413886,4.777603740082327,-0.7904751595107022,1.0139655445101772
44.0,152.0,143.72531127929688,-1.0317045293654683,2.6822025433025,-4.920554046386181,-4.976988866695937,-2.497637550308389,1.3407995244013646,-0.5388292505359971,4.777610399143331,-0.7904553817174538,1.0139714862502365
44.0,152.0,143.7252960205078,-1.031699764853638,2.6822375676653296,-4.920607075522923,-4.976943050830668,-2.4976536932559616,1.3407859301599263,-0.5388303099741609,4.777590020505237,-0.7904518846782338,1.0139779680852108
44.0,152.0,143.72531127929688,-1.031690520101642,2.6821443039156145,-4.920585271471842,-4.976968935029529,-2.4976749051402027,1.340779515548169,-0.5388315261457546,4.777593921984561,-0.7904506915619951,1.0139497032763654
44.0,152.0,143.7252960205078,-1.0316675595155278,2.682180785142476,-4.920584854871449,-4.976980156958824,-2.497677141808628,1.3407584435759006,-0.5388536268198605,4.777648319981431,-0.7904667836476378,1.0139796565110697
44.0,152.0,143.7252960205078,-1.031660972575787,2.682265490810108,-4.920534482115404,-4.97694968605874,-2.497626069473794,1.3408037856043178,-0.5388494824136973,4.777584989400923,-0.7904864905946383,1.0139908629502612
44.0,152.0,143.72531127929688,-1.0316718084953354,2.68221213440727,-4.920525159166687,-4.976943179587398,-2.497629968285813,1.3407980197721283,-0.5388555150299501,4.777599542246962,-0.7904798347269004,1.0139558456164934
44.0,152.0,143.72531127929688,-1.0317059918392584,2.6821892075528666,-4.920592160172375,-4.976938905869514,-2.497634125128258,1.3408002856256482,-0.5388314728970869,4.777607091484475,-0.790465690424683,1.013975595060704
44.0,152.0,143.72531127929688,-1.0317145696605734,2.682216379924119,-4.920570500785806,-4.976964157994629,-2.497661702471972,1.3407686499337546,-0.5388481805901426,4.77763236286332,-0.7904626149441549,1.0139805057774112
44.0,152.0,143.7252960205078,-1.0316954247347487,2.6821614104565743,-4.920575917505755,-4.976917626937735,-2.497640648524289,1.3407925932923304,-0.5388305367962243,4.777588737982153,-0.7904716982895312,1.0139756785944505
44.0,153.0,143.7252960205078,-1.0316955396580123,2.682163512178418,-4.920542204041293,-4.976970899255636,-2.497661074160073,1.3407891560590173,-0.5388469480309297,4.777615180961167,-0.7904718620080855,1.013967637894889
44.0,153.0,143.72531127929688,-1.031667974277402,2.682191517408894,-4.920577139307176,-4.976992885585305,-2.497691673037977,1.3407208723705395,-0.5388369995923892,4.777594140918753,-0.790447875067489,1.013957268785174
44.0,153.0,143.7252960205078,-1.031685742917126,2.682218403613799,-4.920532239289485,-4.976894756886084,-2.497624952246844,1.3407328655727468,-0.53885111471598,4.777566690746106,-0.7904463190839648,1.013983272180825
44.0,153.0,143.7252960205078,-1.0317101797895551,2.6822119994536244,-4.920615965032584,-4.97698255753102,-2.497637458430288,1.340778292865906,-0.538834850434843,4.77759442109371,-0.7904718032509344,1.0139765399942435
44.0,153.0,143.72531127929688,-1.031702419059556,2.6822090904547,-4.920620691096263,-4.976950853931998,-2.497658437354717,1.340808553244929,-0.5388492340194038,4.777622631540249,-0.7904572943774903,1.0139543698713096
44.0,153.0,143.72531127929688,-1.031666583730797,2.682206548817674,-4.92058413554116,-4.976956483141335,-2.497668162846382,1.340788399744368,-0.5388392698069913,4.777571496271037,-0.7904618106254757,1.0139905246127991
44.0,153.0,143.72531127929688,-1.0316961990139628,2.682195371323619,-4.920537602001659,-4.976943541144225,-2.4976397923608635,1.3408030738015615,-0.5388390200623459,4.777600800647592,-0.7904817816968839,1.0140012833251555
44.0,153.0,143.7252960205078,-1.031695541100262,2.6822772414029608,-4.920547876338057,-4.976956456743391,-2.4976551179186486,1.3408035608875215,-0.5388394020853369,4.777565087595292,-0.7904669985878865,1.0139858908419033
44.0,153.0,143.72531127929688,-1.0316536714474371,2.6822168983944987,-4.920567836859432,-4.976967041738448,-2.497656808902512,1.3408123301876094,-0.5388413441126509,4.777615974886762,-0.7904615307485834,1.0139790831218232
44.0,153.0,143.7252960205078,-1.0316665709640542,2.6821582010351825,-4.920589495322358,-4.976969822710848,-2.497717001228898,1.3408068055937958,-0.5388337336320905,4.777558962554199,-0.7904712543229895,1.0139885313824415
44.0,153.0,143.7252960205078,-1.0316728503585493,2.682236681208406,-4.920589292542082,-4.976967762073938,-2.4976458846671026,1.3407849905871103,-0.5388444459737718,4.777574409219078,-0.7904567527118589,1.0139737280243093
44.0,153.0,143.7252960205078,-1.0316729466136492,2.682213924261779,-4.920556745588657,-4.976915936656817,-2.49765074615288,1.340766850652142,-0.5388370019107764,4.777567719320876,-0.7904827390106206,1.0139814561040792
44.0,153.0,143.7252960205078,-1.031657897706288,2.682210170008257,-4.920575545629155,-4.976946274786246,-2.497669546417493,1.340762358315727,-0.5388417634704288,4.777595306071568,-0.790462960085268,1.0139850917732502
44.0,153.0,143.7252960205078,-1.0316824647586973,2.6821888316728177,-4.920589939937891,-4.97697811608075,-2.497691484372384,1.3407577062061566,-0.5388592164203754,4.777615508498904,-0.7904533325948773,1.0139823678217397
44.0,153.0,143.7252960205078,-1.0316988746504885,2.6821643335722705,-4.920587939910613,-4.976946087086765,-2.4976523978079577,1.3407819480863743,-0.5388282511758158,4.7775887765360014,-0.7904736103544803,1.0139868964510237
44.0,153.0,143.72531127929688,-1.031693394635138,2.682190777987387,-4.920546762588805,-4.976964465073483,-2.497668981072742,1.3407387093629044,-0.538840962567666,4.777616792190857,-0.7904741997542386,1.013986258761018
44.0,153.0,143.72531127929688,-1.0316617160358137,2.6821802457257977,-4.9205365604169495,-4.976921619517064,-2.4976725668848103,1.340740412671244,-0.5388594508731561,4.777614194117174,-0.7904788175636099,1.0139962480412397
44.0,153.0,143.7252960205078,-1.031682651538432,2.682211239169563,-4.920624196952386,-4.97695969087291,-2.4976741479698674,1.3407872935252154,-0.5388133459147548,4.777574046806803,-0.7904559383740333,1.013953452707133
44.0,153.0,143.7252960205078,-1.031691306712272,2.6821898785084617,-4.92055722271107,-4.976929268110776,-2.497648655939358,1.3407707007179592,-0.5388488280377928,4.7775948697379,-0.7904609009411763,1.0139723845941369
44.0,153.0,143.7252960205078,-1.0316571190086194,2.6821993383165736,-4.920563494968332,-4.976946966069901,-2.497658356765732,1.3408039966591634,-0.5388396101106085,4.777592578471767,-0.7904546165186357,1.0139731155223313
44.0,153.0,143.7252960205078,-1.0316866382387642,2.682200816944272,-4.920586534020279,-4.976936312826338,-2.497639513568966,1.3407890285025823,-0.5388194793916936,4.777522297077329,-0.7904619668277952,1.0139761432036265
44.0,153.0,143.7252960205078,-1.0316618776328568,2.682203181402657,-4.920567190275182,-4.976949402867035,-2.497620384417102,1.3407714548208194,-0.538849355336982,4.77760149223387,-0.7904849588121117,1.0139704455219976
44.0,153.0,143.7252960205078,-1.031686963872784,2.6822737240619388,-4.920564936198947,-4.976931602406954,-2.4976674349384043,1.34076240148005,-0.5388447415328326,4.777576084377078,-0.7904477169948381,1.0139900083654316
44.0,153.0,143.72531127929688,-1.0316948934859966,2.6821812035731813,-4.920611201422338,-4.976949963058514,-2.4976498008591315,1.3407632395408149,-0.5388313954180575,4.777573446182043,-0.7904764899104526,1.0139844855445936
44.0,153.0,143.7252960205078,-1.031651067974697,2.6822665795570098,-4.92056270688236,-4.976990986208868,-2.4976214750136845,1.3407706187273494,-0.5388553701629917,4.777631104176887,-0.7904545250296957,1.0139887554353733
44.0,153.0,143.7252960205078,-1.0316920424693468,2.682202382556974,-4.9205786604081325,-4.976933040382399,-2.49770063464992,1.3407824970550095,-0.5388174324065433,4.777602355570789,-0.7904714255568885,1.0139810412654775
44.0,153.0,143.72531127929688,-1.031678068022146,2.6822275085868865,-4.920604539139781,-4.976943055863679,-2.497670229620211,1.3407381014588795,-0.5388399044734458,4.777582419027684,-0.7904820610006356,1.0139935473447237
44.0,153.0,143.7252960205078,-1.0316788405425834,2.6821658358440112,-4.920581163773056,-4.976923460706614,-2.497664191812948,1.3407409751129968,-0.538836754367642,4.7776034966823655,-0.790460381460087,1.0139810328892782
44.0,153.0,143.72531127929688,-1.0317138851309688,2.6822008217697686,-4.92055648246046,-4.976949371037403,-2.4976278783075845,1.340808510535859,-0.5388283741192188,4.777632450519061,-0.7904626685854472,1.013970431367576
44.0,153.0,143.72531127929688,-1.0316804146020502,2.682222926110557,-4.920570412239671,-4.976889490435064,-2.4976674360745514,1.3407755702677129,-0.5388264434767525,4.777585361372324,-0.7904796201101814,1.0139689777363694
44.0,153.0,143.7252960205078,-1.0316479447849125,2.682234038856598,-4.920571969568718,-4.976946797390703,-2.497639150514788,1.3407539582454433,-0.5388455940296923,4.777593007482086,-0.7904666282668051,1.0139740450220651
44.0,153.0,143.72531127929688,-1.0316695168271868,2.682191076049043,-4.920530965910047,-4.97697583926909,-2.497641845627415,1.340742113033845,-0.5388486579677396,4.777586641358383,-0.7904704674346545,1.013965625204099
44.0,153.0,143.72531127929688,-1.031683159949926,2.6821980198076574,-4.92054557247516,-4.976965352336524,-2.4976353262729334,1.3407437876171322,-0.538836116985113,4.777607207035356,-0.7904734497031534,1.0139570777958251
44.0,153.0,143.72531127929688,-1.031710501328618,2.6822024025377527,-4.920544517983624,-4.976969305516951,-2.497628562920855,1.34078653226286,-0.5388407834059175,4.777644627688026,-0.7904646071042762,1.013998795144614
44.0,153.0,143.72531127929688,-1.0316904899283443,2.682208870412208,-4.92057411449498,-4.97700986881264,-2.497672208136699,1.3407732335584903,-0.5388482043075529,4.777578454209422,-0.7904730310672639,1.013998610104708
44.0,153.0,143.72531127929688,-1.0317075420179052,2.6822298150004054,-4.920641413368203,-4.9769897416105335,-2.497621448021739,1.3407729237847876,-0.5388352808853494,4.7776466577882974,-0.7904576259618077,1.013987366559257
44.0,153.0,143.7252960205078,-1.0316674706760105,2.682191410992032,-4.920601922892651,-4.9769521247979664,-2.4976553709649982,1.3408029763024594,-0.5388389927943553,4.777595707340003,-0.7904435959243417,1.0139761906904248
44.0,153.0,143.72531127929688,-1.0316911379119418,2.682168838248627,-4.920562804532322,-4.976941068361822,-2.49765233715298,1.3407672181118515,-0.5388433689732022,4.777626999271716,-0.7904567950167136,1.0139950808902576
44.0,153.0,143.7252960205078,-1.0317142132154968,2.6821693991226514,-4.92062231161324,-4.976976164380399,-2.497663135285586,1.3407791968750518,-0.5388262305181515,4.777561012367908,-0.7904782078776282,1.013963134926442
44.0,153.0,143.72531127929688,-1.031686863789223,2.682184247558212,-4.92059265965947,-4.976998794646939,-2.497641259844894,1.3408207404958006,-0.5388260319347316,4.777555140342937,-0.7904476861003591,1.013975210098641
44.0,153.0,143.72531127929688,-1.0316626133299072,2.6821930233165503,-4.9206125322032825,-4.976921965484854,-2.497686763441464,1.340738104177679,-0.5388407128424966,4.777609840799007,-0.7904626675810658,1.013987616179314
44.0,153.0,143.7252960205078,-1.031704347465726,2.6822027255872163,-4.92059744921947,-4.976983282147,-2.49763964805946,1.3407993457150449,-0.5388215944168628,4.777603858382959,-0.7904674818308948,1.013995024205573
44.0,153.0,143.7252960205078,-1.031723325273013,2.682203583953453,-4.920505456496734,-4.976985019666387,-2.497600736590298,1.3407833881568596,-0.5388503839653067,4.777622325278747,-0.7904547000806001,1.0139867312526416
44.0,153.0,143.72531127929688,-1.0316784725230126,2.682169376191629,-4.920579044878651,-4.976948577067765,-2.497647956169595,1.3407950767442047,-0.5388399639160246,4.777578840293456,-0.7904822502924906,1.0139635439756969
44.0,153.0,143.7252960205078,-1.0317220772484346,2.682149672463757,-4.920595494137271,-4.976972035402799,-2.49768234937632,1.3407439409573332,-0.5388260786286914,4.777637532492406,-0.7904710929047374,1.0139708690042228
44.0,153.0,143.72531127929688,-1.0316894656992606,2.6821948989778512,-4.920590984979744,-4.976937934689166,-2.497663246487736,1.340728122769125,-0.538836039187589,4.777634607330224,-0.7904543329574905,1.0139837519929529
44.0,153.0,143.7252960205078,-1.0316605487264408,2.68218616971382,-4.920565713713322,-4.976963418913791,-2.49766261598407,1.3407488074507512,-0.5388307970600099,4.77759396429801,-0.790484431722291,1.013969665889003
44.0,153.0,143.72531127929688,-1.0316748474764117,2.682195604939728,-4.920591507691825,-4.9769590830509145,-2.4976664694673225,1.340719641016905,-0.5388570999373163,4.777574168005256,-0.790460351925713,1.0139772265310922
44.0,153.0,143.7252960205078,-1.0316610015537817,2.6821263869972247,-4.920591151200535,-4.976984092996575,-2.497652823770556,1.3407529448344633,-0.5388227428897086,4.777611666231419,-0.7904737892930482,1.0139730403729903
44.0,153.0,143.72531127929688,-1.031714966874424,2.682184525300153,-4.920589415062192,-4.976980267496966,-2.4976545992647807,1.3407070445337943,-0.5388412099929871,4.777610380457752,-0.7904350074673596,1.0139941381264572
44.0,154.0,143.7252960205078,-1.0316604302685022,2.682195899806606,-4.920596474883731,-4.977021329583797,-2.497638982833939,1.3407773477388574,-0.538848993997334,4.777639509254994,-0.7904699297017412,1.0139904926443544
44.0,154.0,143.7252960205078,-1.0316760587833895,2.682227876994185,-4.920600076392093,-4.976974539686819,-2.4976610813671978,1.3407732116743345,-0.5388389428908233,4.7775730222375135,-0.7904565292850467,1.0139800022624437
44.0,154.0,143.72531127929688,-1.031682992202498,2.682183497481242,-4.9205972803297024,-4.976958719309208,-2.497651522824764,1.3407663685678104,-0.5388309254430057,4.777581117392717,-0.7904636001396534,1.0139594326623964
44.0,154.0,143.72531127929688,-1.0317114372855456,2.682159590955669,-4.920581353459337,-4.976924031196284,-2.4976632068538835,1.3407829719196984,-0.5388338282176441,4.777608557931902,-0.790461637975926,1.013951679830626
44.0,154.0,143.7252960205078,-1.031646996689337,2.6821521514007056,-4.920541215253255,-4.976976347117678,-2.4976806628090884,1.3407644592025552,-0.5388263282939203,4.777577982223972,-0.7904555281806509,1.0139774786425022
44.0,154.0,143.72531127929688,-1.0316793511436335,2.6821667953734485,-4.920590404485977,-4.9769517962540775,-2.4976756835012326,1.3407844519523904,-0.538838176296558,4.777595216391603,-0.7904516408575377,1.0139778393619894
44.0,154.0,143.7252960205078,-1.0316868568726705,2.682171309867142,-4.92059137999727,-4.9769521271865855,-2.497643446772061,1.3408169268496772,-0.5388215486296213,4.777602760783834,-0.7904721847758616,1.013971602801763
44.0,154.0,143.7252960205078,-1.031676388933069,2.682182075068747,-4.920595376619077,-4.976922025374102,-2.49764927227171,1.340789403685532,-0.538834940125879,4.777589227485414,-0.7904606506604441,1.0139805595488935
44.0,154.0,143.72528076171875,-1.0316913528375702,2.682191154332423,-4.920570190984704,-4.976963083530601,-2.497683444485588,1.3407754125768303,-0.5388226166649464,4.777610742130827,-0.7904691260925931,1.0140004653702377
44.0,154.0,143.7252960205078,-1.0316772517733113,2.682213813000584,-4.920602644037589,-4.976989012070058,-2.497641456648388,1.340811493325659,-0.5388468255204248,4.777614867030277,-0.7904705124747791,1.0139775214598012
44.0,154.0,143.7252960205078,-1.0316747325942526,2.682231493074968,-4.920558633981637,-4.976969374997539,-2.497652024601656,1.3407619197763152,-0.5388588265924712,4.777582933339682,-0.7904636716204578,1.0139896348885236
44.0,154.0,143.7252960205078,-1.0316491337067113,2.682168884687288,-4.920514554312063,-4.976964555843978,-2.4976489601400784,1.3408072050793596,-0.5388225827805151,4.777611199965882,-0.7904617486932439,1.0139689078546663
44.0,154.0,143.72531127929688,-1.0317023568167685,2.682196697475332,-4.920589856942152,-4.976955758326742,-2.497667921266613,1.340780955392825,-0.538838187400609,4.777610492760235,-0.7904669639470345,1.013974878389179
44.0,154.0,143.7252960205078,-1.0317022217759142,2.6822062377773594,-4.920589417401899,-4.976965439191175,-2.497659171402364,1.3407736168627995,-0.5388330101334207,4.777565052997934,-0.7904384206882415,1.01398253239807
44.0,154.0,143.7252960205078,-1.0316846407100315,2.68224999365152,-4.920616767476446,-4.976967389450634,-2.4976627881533893,1.3407629068148648,-0.5388415810428331,4.777594752220715,-0.79046195634381,1.013988929766418
44.0,154.0,143.72531127929688,-1.031719928123774,2.682150569268398,-4.920612183876438,-4.976955824377378,-2.4976847638398016,1.3407808253479478,-0.5388021799797365,4.777602111350291,-0.7904808020510359,1.0139841786933932
44.0,154.0,143.7252960205078,-1.0316715657465632,2.682138891204408,-4.920549224681475,-4.976945591329086,-2.497655973913248,1.3408087646102391,-0.5388272823081142,4.777592539571216,-0.790472571486518,1.0139697999010702
44.0,154.0,143.72531127929688,-1.0316967065646594,2.6822146299610115,-4.920534757248941,-4.976980300284276,-2.497616138277462,1.3408124524956486,-0.538831457551824,4.777559013067133,-0.7904663854956775,1.0139918891320612
44.0,154.0,143.7252960205078,-1.0316730540221934,2.6821824217137014,-4.920563947705521,-4.9769525809623065,-2.4976704741327667,1.3407532802070443,-0.5388467038035909,4.77762835942729,-0.7904754646881802,1.0139703081724427
44.0,154.0,143.72531127929688,-1.031628818591292,2.6821535269978645,-4.920565674670797,-4.976989272206446,-2.497667305408435,1.3408002966059218,-0.5388696254404852,4.777595623528608,-0.7904611310081338,1.0139596594476243
44.0,154.0,143.72531127929688,-1.0316854510863909,2.682131439077149,-4.920626161031577,-4.976935249401203,-2.4976415992595764,1.3407799255241892,-0.5388218401834948,4.777602523561038,-0.7904642701006939,1.0139710605086938
44.0,154.0,143.72531127929688,-1.0316708509254822,2.682234469174793,-4.920622008757327,-4.976973062040607,-2.49767464049492,1.340801263934317,-0.5388226455704359,4.777606809166981,-0.7904581914742854,1.0139758176217644
44.0,154.0,143.7252960205078,-1.0316604449036424,2.6821455118526707,-4.920577839483033,-4.976974394436996,-2.4976430743185585,1.340765128756284,-0.5388346800838564,4.77760466558961,-0.790465343127579,1.0139660237257822
44.0,154.0,143.72531127929688,-1.0316731661614835,2.6822182765559086,-4.920528600912371,-4.9769469962696125,-2.497654868855434,1.3407888262900247,-0.5388308627450256,4.777593090920766,-0.7904784905105497,1.0139864500708375
44.0,154.0,143.7252960205078,-1.0316926129491004,2.682194317225576,-4.920587134480941,-4.976920300467979,-2.497674941958064,1.3407767780684123,-0.5388396528517179,4.777588706633388,-0.7904732984604932,1.0139661533089992
44.0,154.0,143.7252960205078,-1.0317038843520925,2.682204521609056,-4.920557122135539,-4.976940791483488,-2.4976318152816104,1.3407685530118574,-0.5388231658708529,4.777605047901002,-0.7904595409249984,1.0139816898128735
44.0,154.0,143.72531127929688,-1.0316821659134154,2.682169003526722,-4.920570153008723,-4.976969928293366,-2.4976666888021914,1.3407770868202098,-0.5388380018774814,4.777620961124217,-0.7904759670313997,1.013969779532772
44.0,154.0,143.7252960205078,-1.031672551197285,2.682178665563689,-4.920600678055114,-4.976959284721068,-2.497676251002287,1.3407740873645837,-0.5388619993421919,4.777595987687279,-0.7904784201498192,1.0139564844650597
44.0,154.0,143.7252960205078,-1.031691142379425,2.682194208012376,-4.920584338970271,-4.9770005404496604,-2.4976786827733264,1.340787217792785,-0.5388302955724154,4.777606340574314,-0.7904446913804799,1.013996794340672
44.0,154.0,143.72531127929688,-1.0316764641117344,2.682223225589598,-4.920560768442496,-4.976927651763489,-2.4976500221702134,1.3407862565272357,-0.5388441942238389,4.777564667840808,-0.790446054279748,1.0139791012456687
44.0,154.0,143.7252960205078,-1.0316733829061349,2.682172516333737,-4.920579961295516,-4.976943701186449,-2.497654226936227,1.340775044939556,-0.5388407601550398,4.777578080236646,-0.7904686047843343,1.0139744789211145
44.0,154.0,143.72531127929688,-1.031660994383345,2.68218301711559,-4.920595245537572,-4.976973016506319,-2.497661346142286,1.3408077274017538,-0.5388499041630865,4.777662566025683,-0.7904650815431111,1.013979912592891
44.0,154.0,143.72531127929688,-1.031688986536942,2.682201481705933,-4.92055794657866,-4.976960491983421,-2.497696250591587,1.3407644564085386,-0.5388437320056063,4.777595416312089,-0.7904523269258199,1.0139807731967905
44.0,154.0,143.7252960205078,-1.0316839446276376,2.682187807297886,-4.920554341790441,-4.976969391455388,-2.497652198896177,1.340765118227953,-0.5388421274859931,4.777613461536998,-0.7904562070144232,1.0139788592868175
44.0,154.0,143.72531127929688,-1.0316678301669049,2.6821900913810897,-4.92059883767817,-4.976931752111986,-2.4976651454806857,1.3407824708102414,-0.5388529193350156,4.777579068158005,-0.7904687413298639,1.013951932469502
44.0,154.0,143.72531127929688,-1.0316716746395715,2.682200782215155,-4.920556729892701,-4.976992168164376,-2.497653238855234,1.3408203569072228,-0.5388174137624011,4.777609618235656,-0.7904707006542635,1.0139797175652498
44.0,154.0,143.72531127929688,-1.0316401491678344,2.6821703270293,-4.920616295264368,-4.976933610711869,-2.4976664266218043,1.340796905450147,-0.5388436754468522,4.777550899306393,-0.7904626254487033,1.0139624841033443
44.0,154.0,143.7252960205078,-1.0316763709961068,2.682199050904845,-4.920544233028218,-4.976954465211058,-2.4976454161067343,1.3407951159739326,-0.5388323981843097,4.777614176796597,-0.7904855140413112,1.013980194361645
44.0,154.0,143.72531127929688,-1.0316435237285089,2.682208564821565,-4.920596917764495,-4.976946731022022,-2.497655557229967,1.34078584211486,-0.5388536724456934,4.7775808541423,-0.7904811181472828,1.013962662474741
44.0,154.0,143.72531127929688,-1.031678822913224,2.6822391361354017,-4.920629586281198,-4.976952827311571,-2.4976751646363367,1.3407777666217182,-0.5388348764509088,4.777572239232285,-0.790450454050676,1.013979553530783
44.0,154.0,143.7252960205078,-1.0316815750908894,2.682228288651189,-4.920537053396221,-4.976971687036742,-2.4976378069173704,1.3407923245372686,-0.5388387778769088,4.777572735797557,-0.7904813234712655,1.013984274896007
44.0,154.0,143.7252960205078,-1.0316883955663227,2.682228930505853,-4.920558355358958,-4.976976928386154,-2.4976288745156032,1.3407845770297475,-0.5388395388916232,4.777590371659873,-0.7904709872853131,1.013986757927877
44.0,154.0,143.72531127929688,-1.0317090401204512,2.6822330671287613,-4.920594020020829,-4.976911994557888,-2.4976348890551003,1.3407934955494882,-0.5388463489592956,4.777600435646702,-0.7904704047609465,1.013986627145168
44.0,154.0,143.7252960205078,-1.0317145656886106,2.6822390456292,-4.920573727247977,-4.976939092211129,-2.4976699185529814,1.3407904682200833,-0.5388426474737127,4.777584770618638,-0.7904565573336377,1.0139824683624423
44.0,154.0,143.7252960205078,-1.0316555088776589,2.682162025197674,-4.920604657882368,-4.976946276712723,-2.4976422453370346,1.340782325703592,-0.5388234889566599,4.777582315868196,-0.7904658466051311,1.0139629383233455
44.0,154.0,143.7252960205078,-1.0316663303979308,2.6822465871607326,-4.920579800258552,-4.97694746990612,-2.497691354933704,1.340768686698814,-0.5388452088540765,4.77757791373463,-0.790450446775635,1.0139791619186962
44.0,154.0,143.72531127929688,-1.0316714848052784,2.682192879220336,-4.920526022099075,-4.97694358638578,-2.497643173207109,1.3408075456253918,-0.5388232301832154,4.77755936239064,-0.7904731779315357,1.0139656592491066
44.0,154.0,143.72531127929688,-1.031675781594803,2.682186880561174,-4.920575264592008,-4.97695994819261,-2.4976749636214617,1.3407442938870142,-0.5388262299548394,4.777608058574579,-0.7904529955573274,1.0139864289735137
44.0,154.0,143.7252960205078,-1.0316655173124074,2.6822194893552167,-4.92060057627593,-4.977008898513045,-2.497650646733718,1.3407750259073303,-0.5388503618799012,4.7775887605887934,-0.790449429208417,1.0139786257982577
44.0,154.0,143.7252960205078,-1.0316668753560805,2.682178315239935,-4.9205737550063215,-4.976938125727902,-2.4976398946571914,1.3407581013348224,-0.5388381066664767,4.777581975438217,-0.7904781633701496,1.0139716700675203
44.0,155.0,143.72531127929688,-1.0316685107798431,2.682205925164284,-4.9205910013346585,-4.9769881953861965,-2.4976605225709263,1.340798017858989,-0.5388333109265373,4.777585481701868,-0.7904540352216909,1.0139695550641683
44.0,155.0,143.72531127929688,-1.031693703105168,2.6821910373543805,-4.9205740677253695,-4.976944019820517,-2.497648691143228,1.3407705472067448,-0.5388471166441642,4.777613872644892,-0.7904574156805442,1.0139642121763934
44.0,155.0,143.7252960205078,-1.0317019751699965,2.6821574215932555,-4.920604331990849,-4.9769545531523605,-2.497683854644092,1.3407745500589758,-0.5388231166053927,4.777604934107163,-0.7904600108755853,1.0139822347312482
44.0,155.0,143.7252960205078,-1.031678529746344,2.6821925074153103,-4.920534871176949,-4.976972077012936,-2.4976753369639573,1.340753611681218,-0.5388345592883867,4.777577592111628,-0.7904632058417658,1.013983073701099
44.0,155.0,143.72531127929688,-1.031685470516011,2.6821875290158896,-4.920594256230726,-4.976935705620244,-2.497695493651025,1.3408005567830603,-0.538825292536151,4.777604277589866,-0.7904475089672829,1.0139694501603405
44.0,155.0,143.7252960205078,-1.0316641226012302,2.682200755800304,-4.920550257935395,-4.97697397560099,-2.497653700130471,1.3407707560967994,-0.5388515577888366,4.777601665614698,-0.7904539867708049,1.0139872578628948
44.0,155.0,143.72531127929688,-1.0316691298044005,2.682241758700772,-4.920573874614065,-4.97699901304375,-2.4976208653396856,1.3407779057354414,-0.5388413165047465,4.777590231470473,-0.7904631458343694,1.0139991988809385
44.0,155.0,143.72531127929688,-1.0316813615092308,2.682241140195776,-4.920551395717974,-4.976950476353564,-2.497647841603912,1.3407768473480193,-0.5388523326268846,4.777597569376008,-0.7904588352586108,1.01397695582828
44.0,155.0,143.7252960205078,-1.0317114612477107,2.682207552365244,-4.920563350949684,-4.976966912200597,-2.4976563328552563,1.340744057221135,-0.5388389939917007,4.777592891530745,-0.7904709414598781,1.0139836090290792
44.0,155.0,143.7252960205078,-1.031650097422184,2.6821585208318304,-4.920602575084705,-4.976991010226721,-2.4976526827775576,1.3407904153188035,-0.5388386915975527,4.777607730715994,-0.7904669855343629,1.0139624484428396
44.0,155.0,143.72531127929688,-1.0316903534074209,2.682188423380598,-4.9205694481867415,-4.976982515721879,-2.497650413783643,1.3407876517405608,-0.5388458622060499,4.777609627851042,-0.7904790093761678,1.0139804614962251
44.0,155.0,143.72531127929688,-1.0316808569352751,2.682178208401077,-4.920614418591176,-4.976979907825773,-2.497694667043614,1.3407631561852371,-0.5388490622988868,4.777612401428064,-0.7904640826332017,1.01396104314333
44.0,155.0,143.72531127929688,-1.031678359271344,2.682177348459441,-4.920602743544742,-4.976970237675468,-2.4976403440667427,1.3407731347728775,-0.5388291122166144,4.777606658009884,-0.790458253611841,1.0139844776255549
44.0,155.0,143.7252960205078,-1.031678484779741,2.682282973426667,-4.920568113771287,-4.97695684987199,-2.497646260513706,1.340798551570261,-0.5388599807803542,4.777593117274495,-0.7904809783405327,1.0139840618689364
44.0,155.0,143.7252960205078,-1.031675340770151,2.682173839145171,-4.920565000947419,-4.976950144728077,-2.497677955518214,1.3407809869539715,-0.538856984039521,4.77761863649042,-0.7904558288739674,1.013972652735328
44.0,155.0,143.72531127929688,-1.0316630273333782,2.6822373546008063,-4.920547507254756,-4.976995538603943,-2.4976372747813484,1.3407902004045529,-0.5388527886664329,4.77758299524073,-0.7904676531733248,1.013987996364241
44.0,155.0,143.72531127929688,-1.03165158320608,2.6821753123549774,-4.92058811692374,-4.97696044621283,-2.497670566381394,1.340790657308326,-0.5388392514091587,4.777606236354488,-0.7904670022811233,1.013974796526381
44.0,155.0,143.72531127929688,-1.031656573498391,2.682213766765185,-4.920550386466355,-4.976951147368033,-2.497638823905277,1.3407781684930908,-0.5388505808376607,4.777570309832278,-0.7904592451427597,1.013989426941845
44.0,155.0,143.7252960205078,-1.0316922488822389,2.6821667819024144,-4.9205692052544,-4.976980150992799,-2.4976467603752512,1.340770047658867,-0.5388352241063465,4.777618297466722,-0.7904646375226907,1.0139834439523625
44.0,155.0,143.7252960205078,-1.0316802308340751,2.6821960575730186,-4.92060745240613,-4.976925364896633,-2.4976753145479966,1.340779296083806,-0.5388255483286173,4.77758740851143,-0.7904535276712901,1.013987540346112
44.0,155.0,143.7252960205078,-1.0316587794949128,2.6821883074885733,-4.920586874410471,-4.977009187027407,-2.4976596577117824,1.3407879567137746,-0.5388459199575211,4.777596472379901,-0.7904655569804309,1.01396398200486
44.0,155.0,143.72531127929688,-1.0316810360800033,2.682200819471752,-4.920571029651084,-4.976987486293194,-2.497643783292021,1.340784781869413,-0.5388478881450851,4.77761611951105,-0.7904784524917101,1.0139926956157217
44.0,155.0,143.72531127929688,-1.031670274272228,2.682145043286458,-4.92061557636199,-4.97698887146328,-2.497687487553184,1.3407558968538351,-0.5388382409590236,4.777591195047128,-0.7904595841160775,1.0139731686927291
44.0,155.0,143.72531127929688,-1.0316751805982285,2.682233318163448,-4.920550783227111,-4.976946160002218,-2.497661474746476,1.3407859526064811,-0.5388401316699181,4.777600282085523,-0.7904736565329298,1.0139840738266406
44.0,155.0,143.72531127929688,-1.0316491482051915,2.6822339845393923,-4.9205731325570925,-4.976990900814342,-2.49765211348177,1.3407611797802508,-0.5388371772724518,4.777587215467646,-0.7904510276407368,1.0139986719027425
44.0,155.0,143.72531127929688,-1.0317016976245823,2.682202463993171,-4.920563689708593,-4.976971188021149,-2.497638639060224,1.340788972703817,-0.5388435545124217,4.777615999956346,-0.7904610396478082,1.0139939891257246
44.0,155.0,143.7252960205078,-1.031718717433923,2.682242196679113,-4.9205589865833055,-4.976917057554752,-2.4976768510601306,1.3407559712946515,-0.5388375540956343,4.777596958725184,-0.7904671022925118,1.0139893226737842
44.0,155.0,143.72531127929688,-1.031697748725724,2.682264945281312,-4.9205865813023895,-4.976962699007972,-2.497680008021033,1.3407619963161634,-0.5388297657790622,4.777562903096859,-0.7904570310117114,1.0139847172873964
44.0,155.0,143.7252960205078,-1.031666788837391,2.6821608934779286,-4.9205514812310005,-4.9769360239209,-2.497651087842253,1.3407970418718005,-0.5388306874214832,4.777602723743375,-0.7904700693315316,1.0139724863488215
44.0,155.0,143.72531127929688,-1.0316860496843838,2.682202833165958,-4.920572144578078,-4.9769273544841015,-2.497632046316667,1.340793699853875,-0.538814964672115,4.777589404433606,-0.7904633658181464,1.0140029510595996
44.0,155.0,143.72531127929688,-1.031685121970915,2.682239066394332,-4.920538946525507,-4.976961086005407,-2.4976562029229683,1.3407773133519418,-0.5388472985385917,4.77756520210737,-0.7904652466453834,1.013986264756972
44.0,155.0,143.7252960205078,-1.031663994606502,2.6821931429992665,-4.920576445613141,-4.976978849518308,-2.497656438580437,1.3407749503258772,-0.5388337038529549,4.777607232845302,-0.7904536421093997,1.0139776627343018
44.0,155.0,143.72531127929688,-1.0316674605146288,2.682183051172963,-4.920591761407723,-4.976988408829133,-2.497662863351931,1.340773937854954,-0.538839109333578,4.77761598546922,-0.7904575122868973,1.013980161078751
44.0,155.0,143.7252960205078,-1.031667136756496,2.6821826886592337,-4.920590650127708,-4.976956234273982,-2.497677511606264,1.340786854633155,-0.5388496664395195,4.777609569720383,-0.7904753927943382,1.0139592803740705
44.0,155.0,143.7252960205078,-1.0316625901233856,2.68221365193384,-4.920548929570783,-4.976952249192584,-2.497674751619565,1.3407804701642947,-0.5388459576611577,4.7775908231156645,-0.7904771600197682,1.013989742336774
44.0,155.0,143.72531127929688,-1.031675837765622,2.6822445500960885,-4.920544731275966,-4.976990279516884,-2.497629960501716,1.3407835649191906,-0.5388523558001364,4.777617286849516,-0.7904773018777895,1.0139929512752026
44.0,155.0,143.72531127929688,-1.0316667196743845,2.6822055041441937,-4.920615738995753,-4.976990703235729,-2.497670889895674,1.3407357367888777,-0.5388432543584054,4.7776233942024895,-0.7904573697169095,1.0139900950927352
44.0,155.0,143.72531127929688,-1.0316657610789282,2.682227709290725,-4.920546003720851,-4.976989969638186,-2.497656867193572,1.3407967033522548,-0.5388479751196389,4.777598709377283,-0.7904651324532912,1.013980441607913
44.0,155.0,143.72531127929688,-1.0316750385062576,2.682203851586072,-4.920596266420802,-4.976966734206051,-2.4976485567219457,1.3407711122917825,-0.5388427786621062,4.777607880315939,-0.7904614868073692,1.0139696986708806
44.0,155.0,143.72531127929688,-1.0316768038209876,2.6821908713470712,-4.920618357629025,-4.976923263550893,-2.4976645660786883,1.3407891484766186,-0.5388369223462863,4.777599528807922,-0.7904543057197131,1.0139660890296192
44.0,155.0,143.7252960205078,-1.0317062115462,2.6821442710333745,-4.920554586348851,-4.976972074580894,-2.4976739799539764,1.3407655705263242,-0.5388323963626904,4.77761497386178,-0.7904686717557912,1.0139772124968438
44.0,155.0,143.7252960205078,-1.0316830570437592,2.6821982266170705,-4.920586860246851,-4.976932650196925,-2.497628582878173,1.3407679789074578,-0.5388316002853308,4.777582944266008,-0.7904754259382543,1.0139802213002973
44.0,155.0,143.72531127929688,-1.0316901995073078,2.6821861338123245,-4.92059367243795,-4.976976230285191,-2.4976618149215577,1.3407818153190796,-0.5388372915971749,4.777610432228633,-0.7904527714054819,1.0139603749973238
44.0,155.0,143.7252960205078,-1.0316555387111557,2.6821611290701224,-4.9205425663136895,-4.976981979121739,-2.497631037703752,1.340781802746262,-0.5388570739162155,4.777628558729427,-0.7904766261510714,1.0139845411479025
44.0,155.0,143.7252960205078,-1.0316833755332877,2.682241394130953,-4.920559799248474,-4.976970964969386,-2.497660330122083,1.340780775964686,-0.5388447256991222,4.777594544989446,-0.790457858899166,1.0139917055182384
44.0,155.0,143.72531127929688,-1.0316898110053718,2.682188090619263,-4.920608938535608,-4.97695154757226,-2.497675696338664,1.3407830121914015,-0.5388305342114821,4.777594113416342,-0.7904621366708167,1.0139545375881545
44.0,155.0,143.7252960205078,-1.0316755455618791,2.6822285282467586,-4.920512378501416,-4.976922856128146,-2.497663229495129,1.3407941339970355,-0.5388287486473375,4.777570046606655,-0.7904537503721052,1.0139850515590147
44.0,155.0,143.7252960205078,-1.0316572229752423,2.6822483192886057,-4.92055464943704,-4.977016670524141,-2.497613872043463,1.340788989169356,-0.5388490706385394,4.777576412224269,-0.7904544237666817,1.0139755801226693
44.0,155.0,143.7252960205078,-1.0316954138677663,2.682193411924492,-4.920589891900042,-4.976948316508275,-2.4976485113660933,1.3407630221695035,-0.538847528122349,4.777574116406543,-0.7904665233437429,1.0139625036527944
44.0,155.0,143.7252960205078,-1.031674737388692,2.6821700753617943,-4.920565322285324,-4.976935667474648,-2.4976725996806017,1.3407799017943614,-0.5388476200881804,4.777611470068926,-0.7904652111331458,1.0139760012220729
44.0,156.0,143.7252960205078,-1.0317113409312832,2.682190565007927,-4.920566847814964,-4.976956338880569,-2.497704116459341,1.3407958821969634,-0.5388332034275969,4.777594010541737,-0.7904658882919202,1.013973647476783
44.0,156.0,143.72531127929688,-1.0316872988272658,2.6821763803805085,-4.920582129424579,-4.976942666302933,-2.4976677555719293,1.3407369514444216,-0.5388221502671193,4.777593241054559,-0.7904738052516187,1.0139748304119631
44.0,156.0,143.72531127929688,-1.031689637604956,2.6822266444943645,-4.920554674587156,-4.976962871471663,-2.4976736767054653,1.340755534287509,-0.5388398073645941,4.7775916070466735,-0.7904606011853712,1.013976163963525
44.0,156.0,143.7252960205078,-1.0316690286833148,2.6821598996483544,-4.920525804425169,-4.976927134334873,-2.4976341285721686,1.3407941637865193,-0.5388458363428219,4.777594518440754,-0.7904712094983841,1.0139640205744271
44.0,156.0,143.72531127929688,-1.0317076404300414,2.68223904450392,-4.920554497472145,-4.976945619546846,-2.4976430694235603,1.3407701031767,-0.538844770281103,4.77759498989273,-0.7904668185690085,1.0139815903204807
44.0,156.0,143.7252960205078,-1.03167981236101,2.682139055486513,-4.920580074084767,-4.976962983646698,-2.497668351140432,1.3407647056810168,-0.538831417039674,4.777619218771413,-0.7904670104991514,1.0139746594404144
44.0,156.0,143.72531127929688,-1.0317025805518791,2.6821694274465138,-4.92057892433303,-4.976915997158016,-2.4976885784590444,1.3407460465003131,-0.538821154699801,4.777610478836957,-0.7904694177942044,1.0139989608040292
44.0,156.0,143.72531127929688,-1.031698153551079,2.682254697467168,-4.920592966046797,-4.976979959094325,-2.497648633395178,1.3408058057271337,-0.5388298900257897,4.777620891657289,-0.7904740958838774,1.0139904033459413
44.0,156.0,143.7252960205078,-1.0316950383782042,2.682195230376731,-4.920589789164755,-4.976959464791372,-2.4976639415058743,1.340774467833839,-0.5388289836431941,4.777628503002534,-0.7904743066706343,1.013997095866559
44.0,156.0,143.72531127929688,-1.0316869477595674,2.68221059349686,-4.920523194456982,-4.976954767683142,-2.4976912424268907,1.3408024682448518,-0.5388252664913669,4.777589585673649,-0.7904782663854162,1.0139820911413686
44.0,156.0,143.7252960205078,-1.031662490230762,2.6822135940325023,-4.920557132678209,-4.9769397112680585,-2.497648197722318,1.3407685229773136,-0.5388403206614809,4.777623499647474,-0.790457790003539,1.0139878668713411
44.0,156.0,143.7252960205078,-1.0316626726633935,2.682199654155044,-4.920580199740137,-4.976961206564351,-2.497670831147944,1.3408079117233465,-0.538831334635562,4.77757601029124,-0.7904668222995426,1.013975118557101
44.0,156.0,143.7252960205078,-1.031688454878006,2.682192360821727,-4.920544299764339,-4.976923897435464,-2.4976776944094867,1.3407991719353234,-0.5388414277121321,4.777588625362322,-0.7904775160719213,1.0139857575879514
44.0,156.0,143.72531127929688,-1.0316814531718004,2.682194705465214,-4.920546208564256,-4.976950663351215,-2.4976606965652106,1.340785966325596,-0.538838170055457,4.77759741989753,-0.7904755215115138,1.0139697924628397
44.0,156.0,143.7252960205078,-1.0316850399100872,2.682208090476321,-4.920572602694462,-4.976937037403959,-2.497668932667044,1.3407820040521026,-0.5388537186706346,4.77762383686877,-0.7904765476246052,1.013994798960324
44.0,156.0,143.7252960205078,-1.0316895176660417,2.682210651478721,-4.920565326280216,-4.977004938434503,-2.497665373174536,1.3407829507611773,-0.538827893647813,4.777579451667206,-0.7904779726146902,1.013989827273198
44.0,156.0,143.72531127929688,-1.0316924173696949,2.682186874242297,-4.920578363484117,-4.976918642315698,-2.497665434843941,1.340785610561558,-0.538838512075416,4.777598385063573,-0.7904663190704069,1.013979229473473
44.0,156.0,143.72531127929688,-1.031709121883226,2.6821535436575434,-4.920593698951573,-4.976937613254068,-2.4976725463980003,1.3407882243930436,-0.538822137550584,4.777553160507374,-0.7904784005814349,1.0139622468480365
44.0,156.0,143.72531127929688,-1.0316826413994271,2.6822113105080767,-4.920544566205315,-4.9769443729586405,-2.497651557341523,1.3407629387479345,-0.5388418227950575,4.777602011748218,-0.7904829637775448,1.0139730630892654
44.0,156.0,143.72531127929688,-1.0316842811123683,2.68222820279677,-4.920582841348176,-4.97700021219362,-2.4976824948626253,1.340733606893215,-0.5388555238074897,4.777628432162636,-0.7904474772209653,1.013985930411618
44.0,156.0,143.72531127929688,-1.0316620711923723,2.682201280631512,-4.92056204018799,-4.9769110717015215,-2.4976357328381127,1.3407540802438265,-0.5388506272334306,4.777603339353281,-0.790467663832545,1.013989322630822
44.0,156.0,143.7252960205078,-1.0316987990843494,2.6821277794777023,-4.920568180478488,-4.97697445970512,-2.4976790968075333,1.3407902270162282,-0.5388273159521084,4.7776424605174,-0.7904709613503167,1.013984227272796
44.0,156.0,143.72531127929688,-1.0316879841220468,2.682188530637805,-4.92060300932817,-4.976932402965142,-2.497671323777151,1.340740087920901,-0.538821273189467,4.7775717467853,-0.7904703624019582,1.0139865757391844
44.0,156.0,143.7252960205078,-1.0316885109234333,2.6822564857870894,-4.92057820903804,-4.976973521607113,-2.4976697759417554,1.3407610022551752,-0.5388430438082539,4.777601732278702,-0.7904636551386819,1.0139929008445927
44.0,156.0,143.7252960205078,-1.031661747655744,2.682158752725482,-4.920583861645151,-4.976934150239635,-2.49765945168904,1.340789107955529,-0.5388356974286044,4.777585525558255,-0.7904658776237374,1.0139702405733866
44.0,156.0,143.7252960205078,-1.031682698943455,2.682210158001733,-4.920573598753284,-4.976990702381742,-2.4976732836927846,1.3407738768828974,-0.538846425752423,4.777626258355321,-0.7904726809254887,1.0139865024391188
44.0,156.0,143.72531127929688,-1.0316599887550342,2.6821814166637843,-4.920550236700823,-4.976919945058437,-2.497650225032789,1.340776063158993,-0.5388497882613077,4.777568211155073,-0.7904827783360142,1.013964514223893
44.0,156.0,143.7252960205078,-1.0316647907134475,2.682209800680945,-4.920593819470197,-4.976972823360987,-2.497640681991448,1.340795686875607,-0.538835249829476,4.777602515954994,-0.7904596652398883,1.0139827746236785
44.0,156.0,143.7252960205078,-1.0316809342737328,2.682200063057678,-4.920560898322512,-4.976943930379344,-2.4976569148261403,1.3407795873075925,-0.5388496570930652,4.777617709414342,-0.7904779011213172,1.0139841575062558
44.0,156.0,143.7252960205078,-1.0316743836322084,2.6822121120203777,-4.920555863274254,-4.97697372244768,-2.4976624997490706,1.340767227670808,-0.5388180474457327,4.777551981896671,-0.7904505130449682,1.0139618294309916
44.0,156.0,143.7252960205078,-1.0316556515366675,2.6821766936300184,-4.920558421059733,-4.976965470572699,-2.497652208944872,1.340776582572781,-0.5388477180051172,4.777624199430525,-0.7904628691625968,1.0139729135897388
44.0,156.0,143.7252960205078,-1.0316716697515664,2.6822474576738298,-4.920538396198023,-4.976936087543852,-2.497636393002306,1.340784317586305,-0.5388363066297464,4.777599846883799,-0.7904647280610622,1.0139994293370425
44.0,156.0,143.72531127929688,-1.031675988522994,2.682241321046516,-4.9205577327021714,-4.976958603965136,-2.4976420458014124,1.3407610474551657,-0.5388485784538233,4.7775969610464735,-0.7904760245271323,1.0139901042746713
44.0,156.0,143.72531127929688,-1.0316823820707373,2.68219290962754,-4.9205617451199455,-4.976989568385903,-2.497653173710388,1.340765624370427,-0.5388434980234669,4.777600949483244,-0.7904662051999773,1.013978738144198
44.0,156.0,143.72531127929688,-1.031679159389113,2.682248687438792,-4.920586749110194,-4.976945312661806,-2.49764030712834,1.3407813925452352,-0.5388531148046196,4.777599323339359,-0.7904634955418253,1.0139916140503633
44.0,156.0,143.7252960205078,-1.0316831187921398,2.682215078754563,-4.920571986872274,-4.976933223606726,-2.497670145209064,1.340780645238345,-0.5388341260600065,4.777589790517233,-0.7904684422156354,1.0139885199648804
44.0,156.0,143.7252960205078,-1.0316801611500734,2.682217169209375,-4.9205497121817325,-4.97696764273692,-2.497650563698688,1.3407924606404371,-0.5388454720152343,4.7776000017001365,-0.7904651745171938,1.0139834810328283
44.0,156.0,143.72531127929688,-1.0316570231960591,2.6821618840699184,-4.920556221228915,-4.976953792309002,-2.497682689050663,1.3407864271371146,-0.5388346884113293,4.777627086491972,-0.7904831396781891,1.013973451513241
44.0,156.0,143.72531127929688,-1.0316641546169447,2.68213716194445,-4.920537973319999,-4.976956309671225,-2.497668057974196,1.340783360112912,-0.5388512130112177,4.7776482884288605,-0.7904773483742407,1.0139717579720635
44.0,156.0,143.72531127929688,-1.031659016983943,2.682183228619817,-4.920543962095636,-4.976961999684068,-2.49766183354424,1.340772629532303,-0.5388381875431101,4.7776021781402775,-0.7904619542040923,1.0139796577749918
44.0,156.0,143.72531127929688,-1.0316604297380128,2.6821787766499607,-4.920588268091592,-4.976969508708089,-2.497669828835372,1.3407361665682185,-0.5388401363842741,4.7775974023288885,-0.790458839515594,1.0139864217206886
44.0,156.0,143.72531127929688,-1.0316785808251805,2.6821747275326446,-4.920566095171115,-4.976980881201923,-2.497635084782921,1.3407915357777649,-0.5388416330866308,4.777579178398522,-0.7904575723178038,1.0139792248524095
44.0,156.0,143.72531127929688,-1.0316997384991309,2.682117124700316,-4.920585362470588,-4.976931341120976,-2.4976943433222214,1.3407400581796267,-0.5388218484292375,4.777628299767734,-0.7904705969596613,1.013979954187044
44.0,156.0,143.72531127929688,-1.031685558964162,2.682198789147371,-4.9205630850548365,-4.976927206417913,-2.4976667662335035,1.3407768738106445,-0.5388422983483965,4.777610775296537,-0.7904706154574725,1.0139837459989265
44.0,156.0,143.7252960205078,-1.0316760773213502,2.6822227094104365,-4.920580898429924,-4.976969853936903,-2.4976472448445564,1.340794253040725,-0.5388352169490656,4.777583042796545,-0.7904616462711536,1.0139845136132983
44.0,156.0,143.7252960205078,-1.031672928290504,2.6821426226954745,-4.920549570670792,-4.976955486077762,-2.497683638241848,1.340751691335127,-0.5388357731406099,4.777616494500586,-0.7904705239971692,1.0139832906597572
44.0,156.0,143.7252960205078,-1.0316659600536342,2.682165931556145,-4.920571431985242,-4.976910745752344,-2.4977001183109664,1.3407702091778653,-0.5388327688366346,4.77760413574098,-0.7904749111490936,1.0139785902698106
44.0,156.0,143.7252960205078,-1.0316981457651018,2.682204443797618,-4.920551227002305,-4.976896684639464,-2.497649573218661,1.3407598669633414,-0.5388284848182314,4.777592919500973,-0.7904825646002074,1.0139928636445834
44.0,156.0,143.72531127929688,-1.0316524976280474,2.682204322636144,-4.920551393805646,-4.976947382697987,-2.497641123406167,1.3407818861681324,-0.5388312113115514,4.777593449780181,-0.7904587747546792,1.0139771663323982
44.0,156.0,143.72531127929688,-1.03166634048904,2.682193317782437,-4.920565572750917,-4.97695147515344,-2.49767621258363,1.3407558615189776,-0.5388405488663617,4.777570499190061,-0.7904604322379694,1.0139888405175004
44.0,157.0,143.72531127929688,-1.03169094645048,2.6821761003714792,-4.920574656240409,-4.9769400447043335,-2.497659191881975,1.3407989595547989,-0.538832760365139,4.777627288714573,-0.7904774432784558,1.0139761344755112
44.0,157.0,143.72531127929688,-1.031697365172252,2.682226862277127,-4.9205861396128245,-4.976946705379409,-2.4976527881040567,1.3407693720374478,-0.5388362639670721,4.777590059363252,-0.7904620738446555,1.013978539396648
44.0,157.0,143.7252960205078,-1.0316836269006573,2.6822969487800403,-4.920588977897112,-4.976976500356374,-2.497647141811737,1.3407643654162973,-0.5388303412635267,4.777586481829633,-0.7904723107876324,1.0140162417608083
44.0,157.0,143.7252960205078,-1.0317093200727747,2.682222670806629,-4.920590682574004,-4.976910083623091,-2.497670286379761,1.340768237402651,-0.5388456757201396,4.777571469199653,-0.7904681967628644,1.0139721851261214
44.0,157.0,143.7252960205078,-1.0317193573438868,2.682199537038774,-4.920566669782213,-4.976982080866495,-2.49768188538396,1.3407728870244426,-0.5388182951011009,4.777594105665667,-0.7904716296522203,1.0140014886081978
44.0,157.0,143.72531127929688,-1.031715817246666,2.6822255529492534,-4.920551942284777,-4.976956730274083,-2.497663608436666,1.34079554784703,-0.5388431071995656,4.777617379725283,-0.7904603202983971,1.013982895243574
44.0,157.0,143.72531127929688,-1.0316607737049437,2.682218277710021,-4.920608430317203,-4.976960676522066,-2.49765840552831,1.340782298658313,-0.5388361509785593,4.777583289283019,-0.7904669615538076,1.0139843567813678
44.0,157.0,143.72531127929688,-1.0316628635541876,2.682198091042225,-4.92055836270774,-4.976937382542548,-2.497643237827111,1.3407836634508028,-0.5388432554571576,4.7775981860059,-0.7904616457714573,1.013971685424636
44.0,157.0,143.7252960205078,-1.031666658536773,2.6821473076037083,-4.9205502532416165,-4.976960675863501,-2.497679449074055,1.3407607911542296,-0.5388213033219413,4.777590797257206,-0.7904612693988105,1.0139864597617718
44.0,157.0,143.72531127929688,-1.031699307899462,2.6821903260382243,-4.920578945175948,-4.976957141641062,-2.497655483713672,1.3407910971958836,-0.5388239734412705,4.777611983012477,-0.7904714067043352,1.0139874456790228
44.0,157.0,143.7252960205078,-1.0317016111223594,2.682195779220451,-4.920571347164173,-4.976954646474258,-2.497649396095816,1.3407740436070874,-0.53883091129872,4.777634425229127,-0.7904728640164,1.014010142871694
44.0,157.0,143.72531127929688,-1.0316616179063107,2.68219360603556,-4.92054804945761,-4.976956682975614,-2.49764497725657,1.3407523060722584,-0.5388318303986805,4.777601440336852,-0.790465472162432,1.0139832328800624
44.0,157.0,143.7252960205078,-1.0316757094110356,2.6822065865395306,-4.920547434331806,-4.977014955090454,-2.497654645984936,1.3407761182881703,-0.5388323302319584,4.777594447541265,-0.790464368891052,1.01397512298104
44.0,157.0,143.7252960205078,-1.0316807063403113,2.682173456853059,-4.920545483317174,-4.976910260310671,-2.4976622910995028,1.340771423065621,-0.5388288949230677,4.77759769112585,-0.7904702583157652,1.013988192713371
44.0,157.0,143.72531127929688,-1.0316783631327118,2.6821777144006065,-4.920522143852161,-4.976962123838611,-2.497655553296866,1.3407746695695462,-0.5388395707975127,4.777617882307686,-0.7904879064209238,1.0139708108834444
44.0,157.0,143.72531127929688,-1.0316829333812771,2.6821679968162258,-4.92058625405358,-4.976929363415983,-2.497694287611237,1.3407603632196814,-0.5388205829896382,4.777596586722627,-0.7904551172536145,1.0139760673386575
44.0,157.0,143.7252960205078,-1.031678297837535,2.6822106350260704,-4.920573451815248,-4.976931301602058,-2.497651429658601,1.3407657736348888,-0.5388446736561212,4.77760445515851,-0.7904752174339702,1.0139934587952446
44.0,157.0,143.7252960205078,-1.0316654526116895,2.6822443326172563,-4.920547626956322,-4.9769756853804825,-2.497645316177074,1.3407792091143875,-0.5388569311053111,4.777599684043464,-0.7904776271344005,1.0139745561580522
44.0,157.0,143.72531127929688,-1.0316935843956414,2.6821572187108096,-4.920552478889536,-4.976943925354599,-2.497701933309341,1.3407822829825546,-0.5388206061026279,4.777599620421054,-0.7904568226665507,1.0139979138521724
44.0,157.0,143.7252960205078,-1.031661421549939,2.6821461114709404,-4.920567427783555,-4.976947347166271,-2.497676573089727,1.3408000971730107,-0.5388217666316919,4.777559536735183,-0.7904691385445437,1.0139699739001389
44.0,157.0,143.7252960205078,-1.0316485705441187,2.6821849681574363,-4.920562116506365,-4.976965385555053,-2.497653839435813,1.3407904292800552,-0.5388551485811011,4.777601990329789,-0.7904627492107945,1.0139642025438054
44.0,157.0,143.72531127929688,-1.031713697556929,2.6821856086903786,-4.920556241717634,-4.976931877111484,-2.4977163834596388,1.3408021141247897,-0.5388290054689646,4.77759111888494,-0.7904619827573143,1.013980316517948
44.0,157.0,143.7252960205078,-1.031689105860428,2.682178809657268,-4.920584898974718,-4.976951505547549,-2.4976688496715904,1.3407560474381466,-0.5388388230636485,4.777570011119392,-0.7904588011725036,1.0139760546896106
44.0,157.0,143.72531127929688,-1.0316676418415471,2.68215190978583,-4.920562329740023,-4.976940353044888,-2.4976758008580613,1.3407924338495023,-0.5388430928026198,4.777617863932978,-0.7904766245752217,1.013973276082245
44.0,157.0,143.72531127929688,-1.03170352077117,2.68216122989104,-4.920524172306333,-4.9769300892497945,-2.497663205963448,1.340762921392919,-0.5388468204130072,4.777590284042979,-0.7904784919389511,1.013972982744198
44.0,157.0,143.72531127929688,-1.0316697947327915,2.682199843721688,-4.920610071316026,-4.977005171183565,-2.497682217037168,1.3407698786664977,-0.5388221959686392,4.777594630887181,-0.7904762167923689,1.0139916296493787
44.0,157.0,143.7252960205078,-1.0316930424371047,2.682202912544424,-4.920593947322472,-4.976975598140317,-2.4976508705119627,1.340783036217,-0.538842046590915,4.777591811146124,-0.7904465580739979,1.0139691804762263
44.0,157.0,143.72531127929688,-1.0316592076671642,2.682240445347799,-4.920587015746357,-4.976923888982698,-2.4976765916419708,1.3407682054392742,-0.5388438831328601,4.777609267152368,-0.7904759146301412,1.013996451538686
44.0,157.0,143.72531127929688,-1.031685209775674,2.6821889974519832,-4.920582033945752,-4.976945820540476,-2.4976881418980823,1.340772035662984,-0.5388035565275819,4.777610022390755,-0.7904735686957141,1.0139965395546415
44.0,157.0,143.72531127929688,-1.031680912132849,2.6822419063521643,-4.920545193279385,-4.976961952196875,-2.4976679876881964,1.3407658088782402,-0.5388507908578859,4.777604201442857,-0.7904644042168227,1.013986444157425
44.0,157.0,143.7252960205078,-1.0316727660932572,2.682179126412163,-4.920559808926131,-4.976900749071136,-2.4976711703727568,1.3407800523845967,-0.5388343399790907,4.777543269888229,-0.790473703177808,1.0139789521209384
44.0,157.0,143.7252960205078,-1.0316902569320223,2.682186695618324,-4.920575415151572,-4.976955483359782,-2.497666127974107,1.340758665345394,-0.538822764500031,4.777599914589036,-0.790472064317707,1.0139859883877014
44.0,157.0,143.72531127929688,-1.031694713251286,2.6822107101285564,-4.92052854277493,-4.976911431141452,-2.4976498730138004,1.3408026476095838,-0.5388410995779767,4.7775823095899455,-0.7904812566997341,1.013979816924774
44.0,157.0,143.72531127929688,-1.0316873103640836,2.6821659777069806,-4.920554744289078,-4.976949739252447,-2.49764875969223,1.3407665670877345,-0.5388299899987246,4.777581467443341,-0.7904783724673301,1.013971176049128
44.0,157.0,143.7252960205078,-1.0317063542962883,2.6822277943456925,-4.920567078217702,-4.976951736390618,-2.4977165282126523,1.3407867219193337,-0.5388370877676216,4.777621749754196,-0.7904590894109722,1.0139989534078655
44.0,157.0,143.72531127929688,-1.0316806139527783,2.6822199232627373,-4.920582948131593,-4.976942863351799,-2.497687695432944,1.3407392651593577,-0.5388393054763156,4.7776101238040525,-0.7904733255898098,1.0139911778544075
44.0,157.0,143.7252960205078,-1.0316847617995322,2.6821736934795,-4.920561356145929,-4.976960473308324,-2.497691147853012,1.340781166025157,-0.5388407789387468,4.777633496526704,-0.7904760394324448,1.0140050115134391
44.0,157.0,143.72531127929688,-1.0316687437169918,2.682193546651649,-4.920598765416902,-4.977004969244878,-2.497663255851063,1.3407778994438315,-0.5388443053437699,4.777636274865003,-0.7904561053063848,1.013997564325032
44.0,157.0,143.72531127929688,-1.0316822319395855,2.6822241829372064,-4.920561440543728,-4.976923669009151,-2.4976465994415347,1.3408199278507116,-0.5388399904150596,4.777604926810962,-0.7904728351945467,1.0139821180283013
44.0,157.0,143.72531127929688,-1.0316820960226891,2.682272230976177,-4.920572376945611,-4.976976773626517,-2.497662059147186,1.3407740712098724,-0.5388600109359558,4.777606491309356,-0.7904652630030586,1.013984351087636
44.0,157.0,143.72531127929688,-1.0316760156612663,2.682213270099804,-4.920569105621757,-4.976980768882978,-2.497679728933308,1.3407730315596744,-0.5388343506775239,4.777611080831921,-0.7904593963141577,1.0139894476468516
44.0,157.0,143.72531127929688,-1.0316799196097168,2.6821695943884603,-4.9206074752161895,-4.976944969037552,-2.497678654294816,1.34079589579928,-0.5388139866839872,4.77758571248571,-0.7904671618547985,1.0139749528579758
44.0,157.0,143.7252960205078,-1.03167028224932,2.6821783264428847,-4.920606340887338,-4.976967297381988,-2.4976769647059105,1.3407902544710844,-0.5388260299000738,4.777590268845449,-0.790473940911026,1.0139735896824655
44.0,157.0,143.7252960205078,-1.0316815357839435,2.682185810370007,-4.920562798123174,-4.97693655236547,-2.497676757116237,1.340772144747632,-0.5388240487838347,4.7776070209782056,-0.790453395841074,1.013994876375735
44.0,157.0,143.72531127929688,-1.0316777048090842,2.682220573288955,-4.92057810885378,-4.976963186057441,-2.497692943687093,1.3407811025228955,-0.5388398346425758,4.777589699496875,-0.7904702042362253,1.0140162693256505
44.0,157.0,143.7252960205078,-1.031664049449926,2.6821238324983767,-4.9205695758838495,-4.976956540114165,-2.497672714095807,1.3407636904109506,-0.538826598456045,4.777608777639697,-0.7904573909935317,1.0139569382557632
44.0,157.0,143.72531127929688,-1.0317206089996471,2.682207968654007,-4.920547717935682,-4.976946149720058,-2.4977041193429983,1.3407668763270406,-0.5388323634337011,4.777625240975368,-0.7904734965176887,1.0140060789875358
44.0,157.0,143.72531127929688,-1.0316711920027637,2.682196426477976,-4.920528256466096,-4.976967900828494,-2.4976981242154164,1.34075065753935,-0.5388238627647475,4.777607887647729,-0.7904687911250123,1.0139921031851893
44.0,157.0,143.7252960205078,-1.031687749844968,2.6822139195046093,-4.920565109654465,-4.976959323127796,-2.4976469045385183,1.3407893907707216,-0.5388084391695322,4.777601642469696,-0.790473996919256,1.0140011180038702
44.0,157.0,143.72531127929688,-1.0316922517699956,2.682237741142205,-4.920541401881454,-4.976940511327165,-2.4976337322408866,1.3407872638695393,-0.5388465574587578,4.777608988504751,-0.7904805947639044,1.0139889426711344
44.0,158.0,143.7252960205078,-1.0316795455894052,2.682227883537319,-4.920572798182514,-4.976978802188291,-2.497648820361306,1.3407825989682554,-0.5388366662256869,4.777601690899612,-0.790458022818008,1.013994470080858
44.0,158.0,143.72531127929688,-1.0316946607794044,2.682201842264888,-4.920547921984762,-4.976926912134424,-2.4976958262104123,1.3407794434065483,-0.5388203684899464,4.777584620369014,-0.7904792503062197,1.0140034688856092
44.0,158.0,143.7252960205078,-1.031669382123984,2.682201429038414,-4.920578588900675,-4.976932264303821,-2.4976598391536315,1.340777989660376,-0.5388334919527606,4.777578051162694,-0.7904760886603022,1.0139970836961243
44.0,158.0,143.72531127929688,-1.0316863375264085,2.682205915175833,-4.920575802110537,-4.976989540570502,-2.4976434291808287,1.3407863527608497,-0.5388247457810227,4.777614470005627,-0.79046086460668,1.0139856537664436
44.0,158.0,143.7252960205078,-1.03172713098182,2.682198849733041,-4.920582743826443,-4.97694470937381,-2.497679374554505,1.340768288228106,-0.5388238680528659,4.777597905693231,-0.7904558590066646,1.013987305676323
44.0,158.0,143.72531127929688,-1.0316789226569263,2.682162221924158,-4.920566945291726,-4.97699326240774,-2.49767253810226,1.340765111381538,-0.5388367373288618,4.777624846898087,-0.790473052098478,1.0139931207935635
44.0,158.0,143.7252960205078,-1.0316940799447676,2.68222135578113,-4.920558756096894,-4.9769404261360615,-2.497645985202465,1.340747069150586,-0.5388465335324124,4.777612710287871,-0.7904720371178966,1.0139942724227833
44.0,158.0,143.72531127929688,-1.0317195867275355,2.682210876344435,-4.920562237546347,-4.976985635734919,-2.497637306392957,1.3407684388347452,-0.5388119143589858,4.777606372969133,-0.7904786774126054,1.0140147512008113
44.0,158.0,143.72531127929688,-1.0316647356949886,2.6821968937022875,-4.920611727562129,-4.977012273341384,-2.4976664034964866,1.3407658657357686,-0.5388384930540742,4.77760081368954,-0.7904582959319404,1.0139832371608462
44.0,158.0,143.72531127929688,-1.0316825053568328,2.682213708063415,-4.9205991315237005,-4.97697571865042,-2.497657215444596,1.3407659003243388,-0.5388405601720594,4.777532931866107,-0.7904673746381654,1.0139699419542847
44.0,158.0,143.7252960205078,-1.0316784680001967,2.6821895292690234,-4.920542515234788,-4.976941403661795,-2.4976442368009506,1.3408050087240977,-0.538831148538681,4.777581498077502,-0.7904618706606641,1.0139784045008486
44.0,158.0,143.7252960205078,-1.0316623187451317,2.6822586915785784,-4.920579492686568,-4.976981153003592,-2.497640517453166,1.340797094785029,-0.5388534790998154,4.777625803545295,-0.790471670898941,1.0139975739954323
44.0,158.0,143.7252960205078,-1.031670856331667,2.6821762846034343,-4.920582403213832,-4.976946901968913,-2.4976818106988645,1.3407651747831606,-0.5388189883381376,4.777623633593604,-0.790471038440427,1.0139908502997557
44.0,158.0,143.7252960205078,-1.0316868139683733,2.6821820041836952,-4.920567216781118,-4.976955381311883,-2.4976612921468773,1.3407626848681131,-0.5388375515598529,4.777588683596996,-0.7904645152832952,1.0139719446620186
44.0,158.0,143.72531127929688,-1.031667692275116,2.6821903987088245,-4.920549160040519,-4.9769614016712085,-2.4976167016748976,1.3407931770973436,-0.5388303858509378,4.777608431958756,-0.7904663493650741,1.0139847634524486
44.0,158.0,143.72531127929688,-1.0316969137506278,2.682204089505303,-4.920534944657327,-4.976924379790674,-2.49767163752972,1.340780296666817,-0.53883659561893,4.777629135211182,-0.7904716753069723,1.014000964731565
44.0,158.0,143.72531127929688,-1.0316828273557106,2.682150501489237,-4.920589745043954,-4.9769635492954505,-2.4976891998531725,1.3407769832747816,-0.5388186036222207,4.777602943285634,-0.7904801937045258,1.013991696188473
44.0,158.0,143.72531127929688,-1.031691395372614,2.682198857670855,-4.920548640976686,-4.976887529614426,-2.497641963463673,1.3407727382541594,-0.5388561277019788,4.777600740848843,-0.7904715752157108,1.0139694922368978
44.0,158.0,143.72531127929688,-1.0316710003108829,2.682225788732749,-4.920592068007324,-4.976974221400029,-2.497646301278883,1.340770280517937,-0.5388398800307979,4.77759412952615,-0.7904783593146272,1.014005545192714
44.0,158.0,143.72531127929688,-1.0316832163742644,2.682215069680513,-4.920559032823872,-4.976994871512344,-2.4976651362175413,1.3407847962591966,-0.5388342591822628,4.777618853113378,-0.790469454444704,1.0140079261681487
44.0,158.0,143.7252960205078,-1.031672157013622,2.6821771106874506,-4.920578426793499,-4.9770017976266,-2.4976669829883424,1.3407752974669664,-0.5388428485223447,4.777612473109798,-0.7904572497699736,1.0139769028700645
44.0,158.0,143.7252960205078,-1.0316681217746555,2.682197736054297,-4.9205667847980825,-4.97695235326181,-2.4976516390274845,1.3407835838727502,-0.5388321289595774,4.777588909201169,-0.7904724778572971,1.0139742389151154
44.0,158.0,143.7252960205078,-1.0316920638766822,2.6822092217207967,-4.920568749203104,-4.976942571015727,-2.497672754065341,1.3407660345685235,-0.5388393704911927,4.777599936556756,-0.7904615951156062,1.013994378058257
44.0,158.0,143.72531127929688,-1.0316887256070473,2.682215377972459,-4.920582653526812,-4.976942075581298,-2.4976874833708336,1.3407902745354328,-0.5388377562144706,4.7776030551770745,-0.7904710660416798,1.0139845757033523
44.0,158.0,143.72531127929688,-1.0317043123778156,2.6822167486604904,-4.920576905743803,-4.97695218556949,-2.4976589350811302,1.3407734978723609,-0.538826625012967,4.77761909474485,-0.7904671427923926,1.0139975223308708
44.0,158.0,143.72531127929688,-1.0316849726232211,2.6821352817618926,-4.920583442562658,-4.9769175222125845,-2.4976890650657046,1.340794124583402,-0.5388071947655284,4.777585852990505,-0.7904677783310374,1.0139745118133012
44.0,158.0,143.72531127929688,-1.031681391590772,2.682170495789223,-4.9205638543533485,-4.976935641952972,-2.497684919299339,1.3407649307477776,-0.5388318817045858,4.777626722556365,-0.7904733621207569,1.013982252762097
44.0,158.0,143.7252960205078,-1.0316627415998665,2.682183693209609,-4.920547436370627,-4.976991111862474,-2.497677119597645,1.3407772714540842,-0.5388194410656428,4.777601944682891,-0.7904826643767668,1.0139972715033032
44.0,158.0,143.7252960205078,-1.0316687299028864,2.682185046809879,-4.920575940821216,-4.976995068119545,-2.49766102474424,1.3407635622467282,-0.5388337607283011,4.777642224245104,-0.7904738409476959,1.013981845451358
44.0,158.0,143.72531127929688,-1.0316803529109464,2.682185717818584,-4.920570482674711,-4.977016445343692,-2.497653727522872,1.3407760570274574,-0.538849037592751,4.777651809636247,-0.7904841720429303,1.013996470747431
44.0,158.0,143.7252960205078,-1.0316836812607175,2.682184097783016,-4.920569544583056,-4.976908749184166,-2.4976651521515043,1.3407750451024238,-0.5388289540086628,4.777585406873344,-0.7904723089940973,1.0139932429022505
44.0,158.0,143.7252960205078,-1.0316993960068634,2.6822686909474136,-4.920554974964276,-4.976963168412067,-2.497683100487926,1.3407724375000392,-0.5388458530299465,4.777626106364913,-0.7904792929036804,1.0140118656860109
44.0,158.0,143.7252960205078,-1.031658406781644,2.682183207761412,-4.920583064782382,-4.976968367228095,-2.497671362403258,1.3408044290496788,-0.5388261789466666,4.777581655191328,-0.790458464293474,1.0139895800347691
44.0,158.0,143.72531127929688,-1.0316703599007422,2.682188149555609,-4.920579704609043,-4.976954520345617,-2.4976762496814664,1.3407568768636065,-0.5388472185085815,4.777643066010093,-0.7904733507137092,1.0139770872706224
44.0,158.0,143.72531127929688,-1.0316710023941122,2.682165182903585,-4.920630877937242,-4.976958567537144,-2.4977005753930848,1.3407583295033056,-0.5388315765023997,4.777596000163872,-0.7904685370069275,1.0139722984452355
44.0,158.0,143.7252960205078,-1.031662425233664,2.682162112697987,-4.920563299301302,-4.9769175405265855,-2.4976486415702,1.3407783244769735,-0.5388444645692587,4.777551906948778,-0.7904593100162955,1.0139508354027456
44.0,158.0,143.72531127929688,-1.0316920751570091,2.6822433752168973,-4.920543187473881,-4.976967864912825,-2.4976651884676744,1.340790700787208,-0.538825503286211,4.777583335207389,-0.790475217160024,1.0140074886751762
44.0,158.0,143.7252960205078,-1.0316742793177536,2.6822128994267462,-4.92055592404714,-4.976941598386762,-2.4976793148911494,1.340779473756376,-0.5388435923502293,4.77761432569711,-0.7904722596114935,1.013998380348684
44.0,158.0,143.7252960205078,-1.0316669072845737,2.6821796496135484,-4.920534914586657,-4.976967731833399,-2.4976901390938555,1.3407680690481394,-0.5388426689703563,4.777608917843111,-0.7904636949710895,1.0139845097149438
44.0,158.0,143.72531127929688,-1.0316697773012833,2.682191046586669,-4.920546067078335,-4.976935647299627,-2.497658886965841,1.3407564228146427,-0.5388367721643608,4.7775866617213705,-0.7904700040657655,1.013975907189412
44.0,158.0,143.7252960205078,-1.0316632840134323,2.682188545050762,-4.920542850884506,-4.976957261559368,-2.4976313401145345,1.3407974490843788,-0.538836900099211,4.777575981664155,-0.7904609622749126,1.0139702056454345
44.0,158.0,143.72531127929688,-1.0317094780047205,2.682185159852226,-4.920561408935466,-4.976927048023448,-2.4976858568627835,1.3407854826434793,-0.5388240235595712,4.7775894556930965,-0.7904746213851777,1.01398408951302
44.0,158.0,143.72531127929688,-1.0316876363104348,2.6821728695005227,-4.920585021715686,-4.976964758016512,-2.497689564209828,1.3407901135586575,-0.5388042357243981,4.777592327089568,-0.7904686032781596,1.013993921402001
44.0,158.0,143.7252960205078,-1.0316856047860885,2.682181599865501,-4.920544385445377,-4.976912859938803,-2.497674508765993,1.3407760403046032,-0.5388349983126144,4.777594587474516,-0.7904725533473407,1.0139723705548302
44.0,158.0,143.72531127929688,-1.0316673272829409,2.6821794271426835,-4.920593997056032,-4.9769582560344485,-2.4976797221307336,1.34077700147066,-0.5388281672336745,4.77759644255957,-0.7904633766918545,1.0139775532438025
44.0,158.0,143.7252960205078,-1.0316774051785589,2.682218949985545,-4.920554562888229,-4.976979788173687,-2.497649969564877,1.3407912793861598,-0.5388419245786267,4.777584864114534,-0.7904751436348034,1.013992158317361
44.0,158.0,143.72531127929688,-1.0316914957724306,2.682177324163069,-4.920565689064083,-4.976925667137008,-2.4976893415863137,1.3407937143227544,-0.5388068061419826,4.777624323349311,-0.7904685934521831,1.0140023903353192
44.0,158.0,143.7252960205078,-1.0316494882698146,2.6821878358941733,-4.920559543088903,-4.97695697254837,-2.4976718962538214,1.3407912356797418,-0.5388599063289421,4.777615186001446,-0.7904722822309402,1.013968299326562
44.0,158.0,143.72531127929688,-1.031671237442109,2.682219398981256,-4.920594344458975,-4.9769757218339645,-2.497673073044315,1.3407744275517297,-0.5388388538744513,4.777594081614684,-0.7904605815654389,1.0139866478130246
44.0,158.0,143.7252960205078,-1.031683962838274,2.6821649178679765,-4.920569812693458,-4.976955346874825,-2.497671666125312,1.3407433867208578,-0.538835488381447,4.7776205409611485,-0.7904783019847859,1.01399087824249
44.0,159.0,143.7252960205078,-1.0316707102747589,2.68220058799726,-4.92053727258659,-4.976958730668123,-2.497644851978301,1.3407679326432822,-0.5388569329238821,4.777626286624496,-0.7904582289230397,1.0139829294478258
44.0,159.0,143.7252960205078,-1.0316898679657749,2.68218862241706,-4.920560147152062,-4.976965452768453,-2.4976436805405715,1.340770057435452,-0.5388266476762187,4.777591252669048,-0.7904716159339236,1.0140019022167888
44.0,159.0,143.7252960205078,-1.0316746346280876,2.68215871321455,-4.920556101411044,-4.976929009316712,-2.4976916233168724,1.3407623767780876,-0.5388406045256078,4.777631406814294,-0.7904744400616543,1.0139946103637243
44.0,159.0,143.72531127929688,-1.0316752543981087,2.682220213859324,-4.92056356670482,-4.976943143206603,-2.497672278246995,1.3407797314482597,-0.5388441388305587,4.777588370238062,-0.7904715937904667,1.013979462875783
44.0,159.0,143.7252960205078,-1.0316768502190925,2.682203710251886,-4.920546635877983,-4.976970534691997,-2.497650721854183,1.3407894570716303,-0.538851924441702,4.777578185680461,-0.7904627880034809,1.0139734508591616
44.0,159.0,143.72531127929688,-1.031704902660953,2.682220778747971,-4.920558537626666,-4.976917716862453,-2.497691731511776,1.3407547716736188,-0.5388289611326913,4.777615517851979,-0.7904752023872295,1.0140077635931402
44.0,159.0,143.7252960205078,-1.0316741849881166,2.6821894601785603,-4.920568548043457,-4.976968200133706,-2.497675572148397,1.3407736697097512,-0.53883882451077,4.777591048172178,-0.7904697214535075,1.013980952439609
44.0,159.0,143.7252960205078,-1.031677963234225,2.68218980554844,-4.920553885671283,-4.976970334156922,-2.497660344877425,1.3407950984764234,-0.5388510358107457,4.777624395302274,-0.7904680131684998,1.013995253205895
44.0,159.0,143.7252960205078,-1.0316780397742118,2.682197541694455,-4.920558304164879,-4.976975536709644,-2.4977028876525447,1.340789658287905,-0.5388212787079363,4.777600602130681,-0.790458173701575,1.0139926355095072
44.0,159.0,143.72531127929688,-1.0316669394827844,2.682191512620536,-4.920535867530849,-4.976981635280281,-2.4976929744123373,1.340767008999774,-0.5388461382411371,4.777606155380806,-0.7904675971323165,1.0139867415658497
44.0,159.0,143.72531127929688,-1.0316800877051917,2.6822206427012096,-4.920550962370445,-4.976977828348432,-2.497651878022829,1.3407849294561842,-0.5388460791683469,4.777590680565806,-0.7904747806766537,1.0139919164652946
44.0,159.0,143.72531127929688,-1.0316718564601572,2.682166720826284,-4.920567748485497,-4.976979859617552,-2.4976608063077563,1.3407958031489144,-0.5388334289766314,4.777603032327061,-0.7904677037640724,1.0139785510295205
44.0,159.0,143.7252960205078,-1.0316807022889476,2.682170249449415,-4.920545519949078,-4.976953282976653,-2.497670455841794,1.3407985529604494,-0.5388274201468608,4.77760389081527,-0.790477302043727,1.0139817268529103
44.0,159.0,143.7252960205078,-1.0316767478644815,2.6821870134781616,-4.920545225721779,-4.976916100271239,-2.497659536769053,1.340761769268024,-0.5388438561016926,4.777600617220694,-0.790468134703139,1.0139767104500566
44.0,159.0,143.7252960205078,-1.031660720324096,2.682218521130605,-4.920569986823987,-4.976956216350194,-2.497651772033472,1.3408016341354587,-0.5388558312965213,4.777595352434288,-0.7904709184832361,1.0139840332659222
44.0,159.0,143.72531127929688,-1.0316675502214112,2.682171332891837,-4.92055556907606,-4.976975907497464,-2.497676398992552,1.340772578408559,-0.5388437176880698,4.777608626193143,-0.7904609291482476,1.0139734643048293
44.0,159.0,143.72531127929688,-1.0316665648467174,2.682164862640525,-4.920553558527935,-4.976940658725408,-2.4976687151669044,1.340780412485736,-0.5388272532494867,4.77758341509081,-0.7904650381193106,1.0139848611121387
44.0,159.0,143.7252960205078,-1.0316681326338744,2.682179795556941,-4.9205546133030165,-4.976966229507337,-2.4976568358210303,1.3407900806675617,-0.5388435331590911,4.777618819472124,-0.790472290787859,1.0139863031828922
44.0,159.0,143.7252960205078,-1.0316811118307596,2.6821857839711685,-4.920557098967299,-4.976962124265097,-2.4976623372934927,1.3407846449414231,-0.5388322527995886,4.7775952820294805,-0.7904593979547085,1.0139872314892455
44.0,159.0,143.72531127929688,-1.031680193315427,2.68213617561776,-4.920619552588769,-4.976976189373615,-2.4976945369328583,1.340765648966956,-0.5388307890177702,4.777618201520745,-0.790461042134539,1.013964985208979
44.0,159.0,143.72531127929688,-1.0316664154576562,2.6821516234355416,-4.920549367147718,-4.9769677394938245,-2.497649031830938,1.3407718855223223,-0.5388185064863027,4.77760427412305,-0.7904798163581237,1.0139926522328828
44.0,159.0,143.7252960205078,-1.031710306113918,2.682164933693985,-4.9205701729385165,-4.976947915864189,-2.4976886763779222,1.340767208419921,-0.5388145176904588,4.777604930645232,-0.7904652357123148,1.013991889273175
44.0,159.0,143.72531127929688,-1.031680939567111,2.68222447846627,-4.92054168462974,-4.976951510750343,-2.49767161731922,1.340783639188424,-0.5388495940374458,4.777604241385184,-0.7904708216623648,1.0139965651187488
44.0,159.0,143.72531127929688,-1.0316940638194634,2.682175604987816,-4.920559168865667,-4.976953123560411,-2.4976832765592603,1.3407664710161162,-0.5388222690335676,4.777607040422858,-0.7904701878857452,1.0139909001701284
44.0,159.0,143.72531127929688,-1.031687441509328,2.682208929212874,-4.920566666979777,-4.976962826473607,-2.497673324071259,1.3407764707123242,-0.538842309420895,4.777607971118204,-0.7904714198358755,1.0139872269352228
44.0,159.0,143.7252960205078,-1.0316725655642118,2.6822188019697,-4.920562915194584,-4.976995821568139,-2.4976617745138103,1.3407837255706054,-0.5388372311316205,4.777590765582552,-0.7904630642053636,1.013983215717527
44.0,159.0,143.72531127929688,-1.031670663263604,2.6821795298744355,-4.92054728193355,-4.976947860694096,-2.4976789311152467,1.3407944979052775,-0.53883851057393,4.777593306656172,-0.7904652852034406,1.0139814339097644
44.0,159.0,143.72531127929688,-1.0316704441616116,2.6822043719620305,-4.92056410266737,-4.976937436785865,-2.497656659796116,1.340796762361668,-0.5388411367557211,4.777573394755846,-0.7904692079021842,1.0139768019657254
44.0,159.0,143.7252960205078,-1.031654700518691,2.6822168179562125,-4.920535508079469,-4.976988162550061,-2.497642120409567,1.340779778774733,-0.5388439842654495,4.777613365950868,-0.7904612717827,1.0139863031268035
44.0,159.0,143.72531127929688,-1.0316503815848743,2.6821897932390435,-4.920559422580769,-4.976937423602829,-2.497677902672027,1.3407889009614848,-0.5388474591164307,4.777584093976371,-0.7904643677935246,1.013985236273439
44.0,159.0,143.7252960205078,-1.031673067698193,2.682190016578504,-4.920587260758468,-4.976966072461091,-2.4976675293002693,1.3407840993194062,-0.5388237169829155,4.77760004223126,-0.7904630709520344,1.0139877398913375
44.0,159.0,143.72531127929688,-1.0316737276076244,2.6821795939361586,-4.920549433349807,-4.976947651860106,-2.4976841574201485,1.340789056119867,-0.5388402998947743,4.77760123937346,-0.7904766723476078,1.0139704365055255
44.0,159.0,143.7252960205078,-1.031665596304701,2.6821487084202307,-4.92059204450269,-4.976968876924477,-2.4976707664887785,1.3408063379409878,-0.5388441882623045,4.7776163588903096,-0.7904665627224814,1.0139691064098555
44.0,159.0,143.72531127929688,-1.0316829829035925,2.682184051298721,-4.9205638143861625,-4.976940518714118,-2.497685368926384,1.340770446303762,-0.538839221531731,4.777599236873053,-0.790464233051928,1.0139807098831106
44.0,159.0,143.7252960205078,-1.0316579566107509,2.682191381217719,-4.920590216736457,-4.97693433699602,-2.49765223525198,1.3407825922199246,-0.5388255114986498,4.777564952952837,-0.7904650436867691,1.0139824969749416
44.0,159.0,143.7252960205078,-1.0316940370553676,2.6822087694355554,-4.92056246680731,-4.976952146179553,-2.4977094266069533,1.340753870204587,-0.5388393672753686,4.777632649719443,-0.7904769225436867,1.0140086228878893
44.0,159.0,143.72531127929688,-1.0316853678138198,2.682206635502167,-4.920586278616354,-4.976948112164985,-2.497682568622461,1.3407624378897165,-0.5388328557429309,4.777621324667162,-0.7904735773689344,1.0139958612203062
44.0,159.0,143.7252960205078,-1.0316803913468946,2.6822572130209483,-4.920567342736147,-4.976969192523666,-2.4976668704885774,1.3407949019059735,-0.5388396129455657,4.777596722064914,-0.7904796274090122,1.0139974808717795
44.0,159.0,143.7252960205078,-1.0316663044251118,2.682193598557636,-4.920585942353639,-4.976971500221251,-2.4976670702286223,1.3408011563705138,-0.538841004086529,4.77761446724336,-0.7904739421982079,1.0139838903235212
44.0,159.0,143.72531127929688,-1.0316700372372822,2.682196535201892,-4.920562764882425,-4.976953532641423,-2.4976696715825493,1.340791341672781,-0.5388230527592643,4.777599847264058,-0.790463981172528,1.0139819323140165
44.0,159.0,143.72531127929688,-1.031673017011023,2.6821411873849508,-4.920535331634127,-4.97693192936214,-2.4976514861399544,1.3407471640927664,-0.5388448390779477,4.777618104216884,-0.7904765602030501,1.0139769733312125
44.0,159.0,143.7252960205078,-1.0316652743107446,2.682188137032792,-4.920565379024021,-4.976968563230499,-2.497674687470429,1.3407820558713863,-0.5388297724798994,4.77758519978647,-0.7904643038907198,1.013988402895154
44.0,159.0,143.72531127929688,-1.0316831202072874,2.6822106093632847,-4.920537665623195,-4.976930262610965,-2.497668115995216,1.3407753077856572,-0.5388325112798684,4.777599204675804,-0.7904653750073267,1.0139887137166743
44.0,159.0,143.7252960205078,-1.0316862420711803,2.682173292945434,-4.9205780204825,-4.976905280292609,-2.4976536670964533,1.340769758584761,-0.5388414269993476,4.777572718143627,-0.7904640318618963,1.0139558070877817
44.0,159.0,143.7252960205078,-1.0316841044028195,2.6822145623567746,-4.920555746301684,-4.976963709558331,-2.497666653208247,1.3407759614636294,-0.5388491949153451,4.777613198718365,-0.7904661809278553,1.01399611755736
44.0,159.0,143.7252960205078,-1.0316739754698745,2.682156543439781,-4.920556079528143,-4.976937657426294,-2.497673955517139,1.3407829652527026,-0.5388287933337867,4.77759692558967,-0.7904831864537298,1.0139715702450245
44.0,159.0,143.72531127929688,-1.0316722288911917,2.6822317432028298,-4.920563210041591,-4.976924905573362,-2.4976304060532484,1.340782959536682,-0.538852406576825,4.77758777512425,-0.7904665576138736,1.0139871766755313
44.0,159.0,143.72531127929688,-1.0316690815460854,2.682187971085152,-4.920598582319811,-4.976964582919679,-2.497656311102676,1.3407852357053756,-0.5388387864551856,4.777591429793361,-0.790464391485318,1.0139911751562636
44.0,159.0,143.7252960205078,-1.0316731671627148,2.682246478787137,-4.920566068416406,-4.976968122102337,-2.497656622907753,1.340782297137055,-0.5388368419737875,4.777586132896404,-0.7904648884694572,1.0139955957488835
44.0,159.0,143.72531127929688,-1.031690935965388,2.682211688191601,-4.92058345299651,-4.976987304199737,-2.497661528691681,1.340790305700437,-0.5388396170571488,4.777597486784613,-0.7904597707390755,1.0139634707270195
44.0,160.0,143.72531127929688,-1.031676838481674,2.6821695111113817,-4.9205316467818445,-4.976932437037041,-2.497664633107611,1.34076321397683,-0.5388367501436564,4.777597354518575,-0.7904750149656188,1.0139693378953032
44.0,160.0,143.72531127929688,-1.0316847334698909,2.682157257349295,-4.920562579555765,-4.976962674364432,-2.497674333505227,1.3407781114025603,-0.5388289604332037,4.777624784892831,-0.7904729433536408,1.0139808300453224
44.0,160.0,143.7252960205078,-1.0316878200540076,2.682175915134472,-4.920586596093758,-4.976984590424004,-2.4976841105843017,1.340785991410904,-0.5388256944820391,4.777606753019764,-0.7904666858403067,1.013979054613542
44.0,160.0,143.7252960205078,-1.0316791128435383,2.68221081171566,-4.920576550191726,-4.97697133826118,-2.497656607562253,1.3407865979335174,-0.538827511833678,4.777602691645619,-0.7904661769033252,1.013997474707688
44.0,160.0,143.7252960205078,-1.031675785083455,2.682204473393101,-4.920551255780264,-4.976970626663422,-2.497666010390948,1.34077402309254,-0.5388313905332431,4.777620043690865,-0.790476155230273,1.0139974344823557
44.0,160.0,143.72531127929688,-1.031674773209411,2.6822151256445803,-4.920554046388505,-4.97695543411206,-2.49768438249333,1.3407900103486758,-0.538833715097029,4.777623191372891,-0.7904662588584426,1.0140079723637276
44.0,160.0,143.72531127929688,-1.0316687343335331,2.682193058476626,-4.920552598454066,-4.976982160054749,-2.497661921885636,1.3407695563397413,-0.5388462478958855,4.777638050006342,-0.7904809144493052,1.0139868933678358
44.0,160.0,143.7252960205078,-1.0316666291472538,2.682209886202819,-4.920591530206317,-4.976967368213136,-2.497669090378562,1.3407768257528438,-0.5388285862361037,4.777576534489223,-0.7904673260438528,1.013994052009739
44.0,160.0,143.7252960205078,-1.031669089987748,2.6821852176093754,-4.920558784184315,-4.976958131380379,-2.497657637957828,1.3408026460498128,-0.538836407287798,4.7775982023726105,-0.7904640765461188,1.0139675360569145
44.0,160.0,143.72531127929688,-1.031676131890888,2.682221462491848,-4.9205528888654255,-4.9769424021499775,-2.497668594948092,1.340786463131879,-0.5388428488957882,4.777598620902166,-0.7904799165077234,1.0139796211522487
44.0,160.0,143.72531127929688,-1.0316528414788402,2.6821971375668605,-4.920566129186862,-4.976948821000021,-2.4976519275571327,1.3407676323470763,-0.5388391713609151,4.777591980507719,-0.7904703452603403,1.013990485268791
44.0,160.0,143.7252960205078,-1.031676867097027,2.68223908296,-4.920550617802762,-4.976970682953584,-2.497658681161933,1.3407673317209508,-0.5388513795995014,4.777619150600907,-0.7904759053589672,1.0139917468139457
44.0,160.0,143.72531127929688,-1.031682700368047,2.682198216410073,-4.920570378131315,-4.976967745519388,-2.4976704866087363,1.340771037669887,-0.5388259240951321,4.777591594525644,-0.7904669195747003,1.0139974321235554
44.0,160.0,143.7252960205078,-1.0316771624869272,2.6821996684705933,-4.920540868950169,-4.976975424908332,-2.4976789682363023,1.3407738617285112,-0.5388399730456737,4.77763152877643,-0.7904734886343032,1.0139892540490951
44.0,160.0,143.7252960205078,-1.031674963992304,2.682175078356,-4.920554312693703,-4.976992010883732,-2.497663027638954,1.340766755524876,-0.5388351229360655,4.777620700455808,-0.7904608350401139,1.013990975959926
44.0,160.0,143.7252960205078,-1.0316940155124097,2.6821934819776985,-4.920559047490969,-4.976959561105262,-2.497641121259306,1.3407669319389717,-0.5388312479633219,4.777585546134892,-0.7904606660455569,1.013984581332842
44.0,160.0,143.72531127929688,-1.0316676546684391,2.6821832083169888,-4.920568680073549,-4.976944690428353,-2.497663131897477,1.340772346636956,-0.5388331954403114,4.777585224647973,-0.7904581701208331,1.0139749065557808
44.0,160.0,143.72531127929688,-1.031671589631201,2.6821864975577867,-4.920564131318433,-4.976923318016737,-2.497676942408339,1.3407749631287924,-0.5388477119205941,4.777598854372998,-0.7904668004402753,1.0139824261415669
44.0,160.0,143.72531127929688,-1.0316636733612137,2.682213918438846,-4.920551946915471,-4.976977236734163,-2.497648650191917,1.340766004567783,-0.5388575571636718,4.777612999136098,-0.7904658767949044,1.013997721773686
44.0,160.0,143.72531127929688,-1.0316662588732337,2.6822265008304225,-4.920569982597016,-4.976974894025148,-2.49767265750462,1.340777317939315,-0.5388475183440242,4.777603070871807,-0.7904622042076301,1.0139945795617962
44.0,160.0,143.7252960205078,-1.0316758022186143,2.6822249272473533,-4.920553667905588,-4.976972010049579,-2.497648986318333,1.3407746989127576,-0.5388374704707442,4.777614860264183,-0.7904693409585448,1.0139866589668962
44.0,160.0,143.7252960205078,-1.031675333087037,2.682220215340151,-4.920570852183809,-4.976985083427564,-2.497661157811612,1.3407916133917457,-0.5388292365811029,4.777609875639344,-0.7904609910495779,1.0139932567289698
44.0,160.0,143.72531127929688,-1.0316476651611843,2.682187747458949,-4.920542574490498,-4.97700946126691,-2.497648129010271,1.340786537668074,-0.5388437258590013,4.777607280943583,-0.7904643204973896,1.013980796293482
44.0,160.0,143.72531127929688,-1.0316667929389367,2.6821822659406003,-4.9205613244318975,-4.976960304965709,-2.4976618149966505,1.3407712508501763,-0.5388303111176009,4.77758668273124,-0.7904607850664211,1.013983352292012
44.0,160.0,143.7252960205078,-1.031673554172193,2.6821766074176345,-4.920563993037942,-4.977010373240717,-2.497652731773104,1.3407719423106048,-0.5388310667074601,4.777613326702454,-0.790468776786712,1.0139898834738146
44.0,160.0,143.72531127929688,-1.0316747656038494,2.6821813283775287,-4.92056558371457,-4.976937200351088,-2.4976800346054446,1.340775271782749,-0.5388303027060122,4.777607828080363,-0.7904739007056891,1.013997656574693
44.0,160.0,143.7252960205078,-1.0316859873046722,2.6821732715315,-4.920566922069813,-4.9769267603905005,-2.497687638259997,1.3407656549160931,-0.5388113712375331,4.777583496519638,-0.7904679719264189,1.0139944038894395
44.0,160.0,143.7252960205078,-1.0316597913311347,2.682215470595807,-4.920551941188556,-4.976956152750301,-2.4976404852321457,1.34077962778081,-0.5388453246490146,4.77759970477069,-0.7904657849464671,1.013981614211339
44.0,160.0,143.7252960205078,-1.031676268431113,2.682201730398944,-4.920558652947569,-4.976988293404448,-2.497668102305029,1.3407807253462425,-0.5388274045377361,4.77761271347349,-0.7904621615360838,1.01399461454844
44.0,160.0,143.72531127929688,-1.031671017157061,2.682208108879247,-4.920537826657866,-4.976954950145901,-2.4976624993963226,1.3407800103250898,-0.5388373277827068,4.777605154844993,-0.7904669247062142,1.0139994409709407
44.0,160.0,143.72531127929688,-1.031674005488763,2.682193323272192,-4.920578182207169,-4.976944192415894,-2.4976806473810336,1.3407754167190102,-0.5388270929543948,4.777605074263901,-0.7904670040916759,1.0139931501118662
44.0,160.0,143.72531127929688,-1.0316646725510932,2.6822170225595805,-4.920546566649104,-4.976993709944246,-2.497665237378105,1.340783281948723,-0.5388424429115188,4.7776097418694725,-0.7904726057056752,1.0139874409139926
44.0,160.0,143.72531127929688,-1.0316871563678558,2.6821944341321355,-4.92058549654246,-4.97696568759558,-2.497685573546196,1.3407745705064211,-0.5388333123648437,4.7776036041420085,-0.7904634528754064,1.0139917478277205
44.0,160.0,143.7252960205078,-1.0316693349580237,2.682214636317541,-4.920586445536952,-4.976946589644511,-2.497646568791396,1.340796176970649,-0.5388317393343192,4.777591245209546,-0.7904647744995437,1.0139894307142008
44.0,160.0,143.7252960205078,-1.0316668480418945,2.682170264991558,-4.920583967572815,-4.976963965970804,-2.4976621226258366,1.340791216776113,-0.5388295752428638,4.777599947096926,-0.7904662957615018,1.0139837614726543
44.0,160.0,143.72531127929688,-1.031672471325988,2.6822048105450182,-4.920566264624713,-4.976958837541555,-2.497660730019464,1.3407698238737007,-0.5388543531098282,4.7776250955945,-0.7904630505311987,1.013976572117068
44.0,160.0,143.72531127929688,-1.0316655867381137,2.682245478073672,-4.920565542868581,-4.976970460565811,-2.497672705222887,1.340785718749923,-0.5388338928473448,4.777587247059559,-0.7904581122638508,1.013998546136441
44.0,160.0,143.7252960205078,-1.0316717961674309,2.6822268334313524,-4.920572875617784,-4.977004287891906,-2.49766298850946,1.3408030875961297,-0.5388407878747801,4.777609400754045,-0.7904709906138434,1.0139946072426973
44.0,160.0,143.72531127929688,-1.0316916496854245,2.6821983308948703,-4.920576753964086,-4.976959160300891,-2.4976930769534818,1.3407746669528515,-0.5388140392012097,4.777601008135235,-0.7904708399579006,1.0139975420348415
44.0,160.0,143.72531127929688,-1.0316836748588711,2.68219220158678,-4.920569489894008,-4.976958896329394,-2.497697563969214,1.3407665541879847,-0.5388337780404848,4.777624863504281,-0.7904663819055546,1.0139906259426947
44.0,160.0,143.7252960205078,-1.0316761092262712,2.6822041409294206,-4.920553483219862,-4.976954649766287,-2.497646045462385,1.340781788295267,-0.5388308527975241,4.777580675597221,-0.7904679971304258,1.0139876390711835
44.0,160.0,143.7252960205078,-1.0316763055142075,2.6821962878774634,-4.920559725980729,-4.976952335061678,-2.4976756441022023,1.340775798210152,-0.5388334159898811,4.777585565965927,-0.7904715786018608,1.0140008545590131
44.0,160.0,143.7252960205078,-1.03166115600719,2.682215297733758,-4.920560472914228,-4.976955171733901,-2.497661305469946,1.3407803710241692,-0.5388286007093317,4.777574767959527,-0.7904624407604102,1.013982384557134
44.0,160.0,143.72531127929688,-1.0316835271547369,2.6822214275626983,-4.920558382518103,-4.976966007523139,-2.497674820796015,1.3407834647061678,-0.5388302123707378,4.777601522924273,-0.7904676630297134,1.0140069764091262
44.0,160.0,143.7252960205078,-1.031656687656147,2.682189931760356,-4.920552476105657,-4.9769845535501664,-2.49765885138137,1.3407908902097274,-0.5388419244720186,4.77759608357726,-0.7904623866966523,1.0139815926824172
44.0,160.0,143.72531127929688,-1.0316821673462666,2.682203541023,-4.920563684516102,-4.976988772537271,-2.497659958787495,1.3407847157825632,-0.5388221412569161,4.777592701142204,-0.7904724061635946,1.013994436468959
44.0,160.0,143.7252960205078,-1.031682598669331,2.68220366482736,-4.9205496901006525,-4.976955511483828,-2.497662161462869,1.3407804391121196,-0.5388403648296327,4.77762283227556,-0.7904662177875705,1.0139950807418696
44.0,160.0,143.72531127929688,-1.0316627434523702,2.6821746959514243,-4.920565781546854,-4.976978255992723,-2.497683178035883,1.340794415282338,-0.5388228541149189,4.777601060977091,-0.7904639913034908,1.0139910433260582
44.0,160.0,143.72531127929688,-1.031690400505796,2.682230627494042,-4.920586641265313,-4.976978393920623,-2.497686522278136,1.3407980439687126,-0.5388310546995392,4.777597742889325,-0.7904595173472835,1.013994280978218
44.0,160.0,143.72531127929688,-1.0316630637460489,2.682221835342795,-4.920575498058898,-4.976991911742406,-2.497679660035017,1.3407798945954357,-0.5388314779549486,4.777619023571333,-0.7904621736466657,1.0139989215475629
44.0,161.0,143.7252960205078,-1.0316576567339646,2.6821822841218115,-4.920567208091513,-4.976977486373938,-2.497653337492432,1.340779940185577,-0.5388315277561304,4.777621052331154,-0.7904714052247739,1.0139957440589162
44.0,161.0,143.72531127929688,-1.0316816308775727,2.6822170072119844,-4.920587023710668,-4.977012436026636,-2.497681220013474,1.340787643841904,-0.5388264705261401,4.777632405947861,-0.790478898867744,1.0140153900498632
44.0,161.0,143.72531127929688,-1.0316627486091994,2.682230381364784,-4.920558279534787,-4.976962987447241,-2.4976604830392035,1.3407967326925618,-0.5388238454925434,4.777588022598945,-0.790468561754242,1.0139924568478893
44.0,161.0,143.7252960205078,-1.031687133959703,2.682238008817292,-4.920562216217217,-4.976987981171546,-2.4976546584798225,1.3407588966046866,-0.5388226284567708,4.777594889046116,-0.7904593591423996,1.0140067882948145
44.0,161.0,143.72531127929688,-1.0316797525236252,2.6821747319250147,-4.920551550501701,-4.976983909377102,-2.4976554341178705,1.3407774131459114,-0.5388281335807479,4.7776063977081495,-0.790461556366572,1.0139913656735209
44.0,161.0,143.7252960205078,-1.0317012765224547,2.682223712071517,-4.9205550629262,-4.976963163653172,-2.4976800459316904,1.3407734267330005,-0.5388247915589197,4.777603599683443,-0.7904711111535789,1.0140024987439853
44.0,161.0,143.7252960205078,-1.0316653478902933,2.682222623377486,-4.920550008970615,-4.976970932509862,-2.497650382084436,1.3407731951598016,-0.5388370658015509,4.77759341724558,-0.7904793146916065,1.0139959644778784
44.0,161.0,143.72531127929688,-1.0317067391762875,2.6821467880719414,-4.92057204801447,-4.976965142810267,-2.49769323828855,1.340779898444354,-0.538812953426687,4.777621268767959,-0.7904721606326861,1.0139966708177353
44.0,161.0,143.7252960205078,-1.031679560613486,2.682218997841269,-4.920571983488519,-4.976974495116651,-2.4976591568420043,1.3407857020424272,-0.5388407269498963,4.777593304370949,-0.7904613177332838,1.0139801922092566
44.0,161.0,143.72531127929688,-1.0316622497584889,2.68218441313816,-4.920552797340802,-4.976977995206567,-2.4976746197141733,1.3407695996047142,-0.5388275461253498,4.777594739793956,-0.7904623178004107,1.013988955831536
44.0,161.0,143.72531127929688,-1.0316739172932188,2.6821810006888844,-4.920572127194459,-4.976974034377035,-2.497669590392825,1.3407885606600995,-0.5388161889241561,4.777564361228116,-0.7904584470508444,1.0139907241550965
44.0,161.0,143.7252960205078,-1.0316683092208327,2.68218483456611,-4.920577443802537,-4.976993824728674,-2.497665066334326,1.3407792994675818,-0.538817096922406,4.777632898608758,-0.7904634217457351,1.0140007427765385
44.0,161.0,143.72531127929688,-1.0316669053110812,2.682207618498228,-4.920537110608724,-4.976982052755898,-2.4976583299693766,1.3407746053388978,-0.5388421402475965,4.777613803330414,-0.7904753093093557,1.0139853329283008
44.0,161.0,143.7252960205078,-1.031654328759768,2.6822203592279505,-4.920578651028927,-4.976995239665714,-2.497639984420429,1.3407960611679162,-0.5388271398127822,4.777607664614479,-0.7904632255091535,1.0139912418751944
44.0,161.0,143.7252960205078,-1.0316592025089588,2.6822107133342543,-4.920556932794129,-4.976980515824009,-2.4976525987727105,1.3407928772920226,-0.538826321513457,4.777581429968842,-0.7904679020954344,1.0139836867547949
44.0,161.0,143.7252960205078,-1.0316879497402502,2.682213781446869,-4.920547649154575,-4.97699884852055,-2.4976381199468145,1.340773105552188,-0.5388289008523071,4.777604683166279,-0.7904664102850063,1.0139971575320654
44.0,161.0,143.7252960205078,-1.0316819138380549,2.682199428806948,-4.920548256499954,-4.9769473795119215,-2.497657422579129,1.3407613426993246,-0.5388422772855268,4.7776037227653845,-0.7904598188476015,1.013978320568346
44.0,161.0,143.72531127929688,-1.031677553109378,2.682188060109664,-4.920552951107341,-4.976976490699414,-2.4976689949125848,1.3407728846270413,-0.5388302474347464,4.777617246643517,-0.790478648892508,1.0140012309495008
44.0,161.0,143.7252960205078,-1.031657612054626,2.682170530895494,-4.920550211511865,-4.976974962464096,-2.497664601439922,1.3407972063497002,-0.538837796047015,4.777597918764229,-0.7904740662741991,1.013991179282736
44.0,161.0,143.7252960205078,-1.0316863833440415,2.6821830799411,-4.920551221821109,-4.976997209048622,-2.497665726656696,1.3407819374630332,-0.5388219577454496,4.777625526392116,-0.7904707641891378,1.0140035869232331
44.0,161.0,143.72531127929688,-1.031676106527038,2.682162395975923,-4.920569769179683,-4.976945874959509,-2.497708110853213,1.3407779138941915,-0.5388228523180771,4.777586631365745,-0.7904807379802072,1.0139926382120326
44.0,161.0,143.7252960205078,-1.0316695410800825,2.6821841449819246,-4.920602595520739,-4.9769870392587405,-2.497657358288308,1.340786576983401,-0.5388300297360455,4.7776132983437005,-0.7904659793254192,1.0139813922533325
44.0,161.0,143.72531127929688,-1.0316934170419527,2.6821712102196704,-4.920563657731633,-4.9769621468591465,-2.4976730813044905,1.3407661765428305,-0.538819049426964,4.777609823382406,-0.7904765829093279,1.0139902867945043
44.0,161.0,143.7252960205078,-1.0316776382713568,2.682152115953931,-4.920568512451644,-4.976948961939135,-2.497662154171673,1.3407666364486026,-0.538832222304988,4.777613407591275,-0.7904678050102447,1.0139813088934115
44.0,161.0,143.7252960205078,-1.0316782115397456,2.6821998301511707,-4.920572927138389,-4.976965135821287,-2.4976580293598145,1.3407757977540893,-0.5388305791643013,4.777575736799335,-0.7904546078221184,1.0139880744495802
44.0,161.0,143.72531127929688,-1.0316864475312704,2.6821821325850976,-4.9205851422548985,-4.976971029554021,-2.4976811759995328,1.3407689327344654,-0.5388256640251887,4.77761600935483,-0.7904577039145684,1.0139981709671622
44.0,161.0,143.72531127929688,-1.0316752724148015,2.6821869859887144,-4.920550168923856,-4.976951862907723,-2.497655891871015,1.3407751830205423,-0.5388252552290416,4.777581229234119,-0.7904701182711289,1.0140001114705122
44.0,161.0,143.7252960205078,-1.0316889094058377,2.6822121211637047,-4.920568714534775,-4.976961042674934,-2.4976646798047524,1.3407825458285512,-0.5388271868998711,4.777587964122919,-0.7904661962626722,1.0139909503562663
44.0,161.0,143.7252960205078,-1.031673323481057,2.682168777572487,-4.920567387485841,-4.976978042023778,-2.4976737326141416,1.3407719814566637,-0.5388241800064453,4.777614463730949,-0.7904650138861795,1.0139928963860363
44.0,161.0,143.72531127929688,-1.0316988077510687,2.682187327352299,-4.920580961765949,-4.976942157154724,-2.497681768672352,1.3407776971183347,-0.5388218282898212,4.777589296890884,-0.7904667541961565,1.013995312373729
44.0,161.0,143.7252960205078,-1.0316611689052015,2.6821840528389407,-4.920555024444739,-4.9769927221164565,-2.497680426248806,1.3407863975748349,-0.5388355840412018,4.777612149447901,-0.790474423651661,1.013994646815222
44.0,161.0,143.72531127929688,-1.0316873064552827,2.682177246579545,-4.9205431842129785,-4.976959900425076,-2.497676997590596,1.3407655263409095,-0.538816642300687,4.777603975831834,-0.7904671324809005,1.0139952008246589
44.0,161.0,143.72531127929688,-1.031680001649618,2.6822268221093406,-4.920555682453943,-4.976976721646619,-2.497674411100853,1.3407888572971327,-0.5388287688448514,4.777619144478791,-0.7904655296191869,1.0140086225275784
44.0,161.0,143.7252960205078,-1.0316543801523426,2.682219199799736,-4.92057085021594,-4.976980926374012,-2.497650240525392,1.3408146448873248,-0.5388421320467511,4.777582969999516,-0.7904584650021143,1.0139784270960197
44.0,161.0,143.72531127929688,-1.0316769814333195,2.682171725931884,-4.920554071143159,-4.976960843497519,-2.4976848339088376,1.3407762983819964,-0.5388248558775341,4.77760431220557,-0.7904751083313695,1.014004907158515
44.0,161.0,143.7252960205078,-1.03165326360604,2.6822056583212275,-4.92057145970033,-4.97699817069235,-2.497636376117584,1.340790614553442,-0.5388364562840184,4.777580734359061,-0.7904632849576441,1.0139779285174093
44.0,161.0,143.7252960205078,-1.0316701602690026,2.6822033198503927,-4.920545234971884,-4.976980420648428,-2.4976649214464794,1.3407852098979287,-0.5388414342484138,4.777630072069519,-0.7904648994358707,1.013995583577023
44.0,161.0,143.72531127929688,-1.03167674222171,2.6822244051757096,-4.920595623801471,-4.976967917124765,-2.4976720753494783,1.3407821255119217,-0.538831162188286,4.777604103938618,-0.7904670498392505,1.0139979815322064
44.0,161.0,143.7252960205078,-1.031658720897469,2.682156844876599,-4.920569835448732,-4.976975835553969,-2.497672121413621,1.3407869496546925,-0.5388366641983371,4.777610838850375,-0.7904687655428928,1.0139826132096417
44.0,161.0,143.7252960205078,-1.0316702899404468,2.6821963995599427,-4.920571536844357,-4.9769523951475785,-2.497668067903743,1.340804749305696,-0.5388274148830963,4.777599882385266,-0.7904647227699426,1.0139837710860489
44.0,161.0,143.7252960205078,-1.031676569731978,2.682203228762578,-4.920564047340597,-4.976962811883513,-2.497676933320795,1.3407832755867195,-0.5388306781415855,4.7775890213140055,-0.7904703002536433,1.0139929285497038
44.0,161.0,143.72531127929688,-1.031677764300889,2.6821853415438284,-4.920598053907603,-4.9769996975669,-2.497700037175409,1.3408001770847182,-0.538830309762691,4.7776241734803175,-0.7904753037539347,1.0139885156361004
44.0,161.0,143.7252960205078,-1.0316884519856866,2.682188548651345,-4.920565838975671,-4.976931575432556,-2.4976599178824195,1.3407648481398295,-0.5388299865027877,4.777583727333735,-0.7904644948350326,1.0139819811663653
44.0,161.0,143.72531127929688,-1.031675760521516,2.682170953097833,-4.920587761273063,-4.976972379344764,-2.4976763731040545,1.3407813814784797,-0.5388202650802825,4.777608584976541,-0.7904652491118309,1.013981287668435
44.0,161.0,143.7252960205078,-1.0316740311952644,2.682166005341216,-4.920569619548181,-4.976965205758713,-2.4976970209363056,1.340782201399394,-0.5388241552134616,4.777624053511392,-0.7904671531834682,1.0140034685552717
44.0,161.0,143.72531127929688,-1.0316727127905074,2.682199144966315,-4.920588225582461,-4.976991722872819,-2.497673533820834,1.3407800784853476,-0.5388257628813884,4.777630532904103,-0.7904802945996723,1.0139971887635657
44.0,161.0,143.7252960205078,-1.0316910726850166,2.6821977186000474,-4.920570198038558,-4.976983274878202,-2.49764971156691,1.34078575245863,-0.5388324302782426,4.777633284695156,-0.7904654149286108,1.014007090097255
44.0,161.0,143.72531127929688,-1.0316824411686634,2.6822026419545795,-4.920576226403546,-4.976969765341107,-2.4976595369111103,1.3407722721665802,-0.5388343251044354,4.777594966474215,-0.7904613598164536,1.0139943013227717
44.0,161.0,143.7252960205078,-1.0316792952739702,2.682201379122884,-4.920549994936906,-4.976953066376405,-2.4976831641077646,1.3407832146853114,-0.5388167029961979,4.777581650262983,-0.7904679145930213,1.0139984386015204
44.0,161.0,143.7252960205078,-1.031696933064712,2.6822024822714985,-4.920567922385772,-4.976959347609385,-2.497658222111212,1.3407622466111793,-0.5388346485701945,4.777607500585983,-0.7904696542007725,1.0139934056783666
44.0,162.0,143.72531127929688,-1.0316584426903668,2.682205695365689,-4.920564820320954,-4.976958647946662,-2.4976554582680093,1.3407758569934822,-0.5388348387257311,4.777598970523982,-0.7904658785325598,1.0139934905736585
44.0,162.0,143.7252960205078,-1.0316493651055605,2.6821826327306724,-4.920575098727184,-4.976998777624315,-2.497652754944675,1.3407901355399554,-0.538842178450424,4.777584124419494,-0.7904725705675384,1.0139783146867032
44.0,162.0,143.72531127929688,-1.0316430786303288,2.682163037270165,-4.920570391393511,-4.97697947241094,-2.4976475548497006,1.3407850896566125,-0.5388305992129672,4.777583079338063,-0.7904641510221655,1.0139789802217614
44.0,162.0,143.72531127929688,-1.03166883221435,2.6822100165251994,-4.920543070869358,-4.976961583008314,-2.497660653249638,1.3407983132458805,-0.5388479133348847,4.7776214651243,-0.7904629237563325,1.0139867072526425
44.0,162.0,143.72531127929688,-1.0316566515228387,2.6821725473060614,-4.920541438406516,-4.976973974310274,-2.4976802264718883,1.3407777885749166,-0.5388309944792624,4.777627989880511,-0.79047634698082,1.0140065453177023
44.0,162.0,143.72531127929688,-1.03168365942703,2.682188950759984,-4.920569088357505,-4.977002798746745,-2.4976955714900444,1.3407699058786378,-0.5388263404318474,4.7776209388877895,-0.7904537044553024,1.0140023153866815
44.0,162.0,143.7252960205078,-1.031675913177223,2.6821612666313364,-4.920586703496963,-4.976967300628494,-2.4976644745663896,1.340782504349507,-0.538832087487016,4.777617118502246,-0.7904711358600398,1.0139814481386562
44.0,162.0,143.7252960205078,-1.0316912862516787,2.6821759956768085,-4.920563343734212,-4.976960433680887,-2.497655697194098,1.3407772336508783,-0.5388228073270094,4.777609000166986,-0.7904697949671311,1.0139851033976104
44.0,162.0,143.7252960205078,-1.0316602078526451,2.682193763176305,-4.9205746495851255,-4.976996870574444,-2.497663270437645,1.3407834336634703,-0.5388415556946011,4.777629478727089,-0.7904628566444076,1.0139871333561912
44.0,162.0,143.7252960205078,-1.0316862624309835,2.682173137594111,-4.920571089257384,-4.9769175533153325,-2.4976678087778152,1.340786443070754,-0.538820009362043,4.77758366449638,-0.7904691261088468,1.0139816635519807
44.0,162.0,143.72531127929688,-1.0316626266231972,2.6821787447793897,-4.920577201657114,-4.976964627237051,-2.497664204113322,1.3407807509201,-0.5388116305019386,4.777601679883009,-0.7904716703851635,1.0140000765562016
44.0,162.0,143.72531127929688,-1.0317003312111557,2.68220250079758,-4.9206056342907765,-4.976969931714916,-2.4976555841889465,1.3407766345548513,-0.5388155923289712,4.777582625039873,-0.7904616719700943,1.0139968887535202
44.0,162.0,143.72531127929688,-1.0316671633585657,2.6822040461901464,-4.920555857373173,-4.976957609934354,-2.4976783910570486,1.34079696446718,-0.5388449019247741,4.777632021273016,-0.7904719416595354,1.0139914775465853
44.0,162.0,143.72531127929688,-1.0316872219783582,2.6821912964097425,-4.920578876196828,-4.976931853034745,-2.4976752189016223,1.3407716236226728,-0.5388340613089779,4.777567187316457,-0.7904722547498935,1.0139795968650622
44.0,162.0,143.7252960205078,-1.0316788129602186,2.6822061179062606,-4.9205297984378245,-4.976965322524176,-2.49766735027443,1.3407817158976083,-0.5388322844459035,4.7776041859137255,-0.7904651953396877,1.0139947696550964
44.0,162.0,143.7252960205078,-1.0316830603754945,2.682197310411881,-4.920566832874152,-4.976998228497478,-2.4976515844883327,1.3407808331695348,-0.5388281733419742,4.777617160500272,-0.7904646166862017,1.0139984572788077
44.0,162.0,143.7252960205078,-1.0316625491620393,2.682218745200063,-4.9205761104807495,-4.976997314512763,-2.497666586008853,1.3407815076328695,-0.5388342155373804,4.777622031043409,-0.7904748763065754,1.0139996904515505
44.0,162.0,143.7252960205078,-1.0316704251009154,2.6821884718393783,-4.920570904633587,-4.976963200598305,-2.4976504406907503,1.3407650809642355,-0.5388290273152254,4.777609918494418,-0.7904602245863295,1.0140038905264728
44.0,162.0,143.7252960205078,-1.0316632306264322,2.682195115538507,-4.920573169509512,-4.976979523430729,-2.497673429003367,1.3407850113554094,-0.5388478799006684,4.777627392092095,-0.7904681522838644,1.0139891571053008
44.0,162.0,143.7252960205078,-1.0316681978799007,2.6822004834949755,-4.920572960008779,-4.976956312888302,-2.497655385874584,1.3407878255870775,-0.5388272512856505,4.777592648430083,-0.79047235783933,1.0139948484106762
44.0,162.0,143.7252960205078,-1.0316578840966732,2.6821912923345748,-4.92055117632401,-4.976980737115553,-2.4976644775071986,1.340785777170459,-0.5388415220467246,4.7776277314614735,-0.7904657112635318,1.013988327039275
44.0,162.0,143.7252960205078,-1.03166078588953,2.682195286183334,-4.920592928096989,-4.976987411682271,-2.49763875999457,1.3407986652064745,-0.5388345967995178,4.7776074579623735,-0.7904609373018303,1.013983415703179
44.0,162.0,143.72531127929688,-1.0316707256389224,2.6822267360950143,-4.92057966425678,-4.9770152430208805,-2.497662800265657,1.3407973415145182,-0.538824657135665,4.777614222992561,-0.790459457028672,1.013995894784184
44.0,162.0,143.7252960205078,-1.0316813282165629,2.6821869514927457,-4.920576946818199,-4.9769483153025735,-2.4976804927788003,1.3407837576620985,-0.5388251862777773,4.777619279412456,-0.79046351858244,1.013986031429824
44.0,162.0,143.72531127929688,-1.0316724247743148,2.682165897033456,-4.920567426273986,-4.976942629620889,-2.497664374913007,1.3407739928207896,-0.5388318001965722,4.777592012237768,-0.7904626145184785,1.0139799279762336
44.0,162.0,143.7252960205078,-1.031675070900012,2.682189515061541,-4.920567339894062,-4.976965398478554,-2.4976690035309543,1.3407855337959609,-0.5388391590809967,4.777606549101627,-0.7904728231390212,1.0139891178811489
44.0,162.0,143.7252960205078,-1.0316708041177716,2.6821786943870904,-4.920547742333368,-4.976941812814781,-2.4976673466415167,1.3407985403916731,-0.5388412132542131,4.77760251317669,-0.7904718927656331,1.013981087447786
44.0,162.0,143.72531127929688,-1.031687227407097,2.682191948397077,-4.920560985209296,-4.976977676844022,-2.497694985841157,1.340772719367144,-0.5388246583246605,4.777623107953842,-0.7904709678883091,1.0140130675820194
44.0,162.0,143.72531127929688,-1.0316771788420347,2.6821681029548365,-4.920554596975963,-4.976978695814601,-2.497649477045853,1.340793221635046,-0.5388321046476054,4.777589865259493,-0.7904651097437139,1.0139776931919495
44.0,162.0,143.7252960205078,-1.0316588345742277,2.6821708868095016,-4.920585525063358,-4.976986349848253,-2.49766087160956,1.3408057633032229,-0.5388396554164512,4.777610897266033,-0.7904648799595568,1.0139745151497728
44.0,162.0,143.7252960205078,-1.0316697321065642,2.68219266092766,-4.920584079684209,-4.976970239680997,-2.497690779469624,1.3407672898994738,-0.5388374639749163,4.777610942026975,-0.7904701067815401,1.0139978768817943
44.0,162.0,143.7252960205078,-1.031676725377217,2.682238394135683,-4.920563418506573,-4.976960999935325,-2.4976600551142427,1.3407979338908476,-0.5388418372563155,4.7776040424300135,-0.7904642919584974,1.0139867794621331
44.0,162.0,143.72531127929688,-1.0316891977220073,2.682180822291622,-4.920547751623908,-4.9770156304331605,-2.49766671049293,1.3407844198012056,-0.5388325822268651,4.777640357805602,-0.7904628775123719,1.013995993881598
44.0,162.0,143.72531127929688,-1.0316577125168895,2.682180454810762,-4.920596909761321,-4.976978843436594,-2.4976792739782816,1.3407891663050684,-0.5388281169303539,4.777600756617401,-0.7904680106188193,1.0139885524438768
44.0,162.0,143.72531127929688,-1.031661922260544,2.682212077801241,-4.920569200076844,-4.977011250734717,-2.4976615844458734,1.3408003262855743,-0.5388342430006956,4.777602712327271,-0.7904670142887564,1.0139927953893757
44.0,162.0,143.7252960205078,-1.0316781665527048,2.682206339126518,-4.920544550740901,-4.97698329195882,-2.497683259840868,1.3407826273149237,-0.538835967831762,4.7776328999519375,-0.7904646598855418,1.0139972546199
44.0,162.0,143.72531127929688,-1.0316754449575258,2.6821667005643217,-4.920596570222072,-4.976954426504406,-2.497671136142736,1.340771985211898,-0.5388066979423254,4.777582865949498,-0.790473383695474,1.0139883509694378
44.0,162.0,143.72531127929688,-1.0316786795384276,2.682211624367251,-4.920585062178069,-4.976962598085913,-2.497664623768681,1.3407864088235986,-0.5388205776561552,4.77758625595378,-0.7904547912698341,1.013993130912608
44.0,162.0,143.7252960205078,-1.0316723024508485,2.68220027268576,-4.920550997372531,-4.976974859182385,-2.497656264613241,1.340781627878017,-0.538834578980115,4.77761004596381,-0.7904732821962792,1.013984863955745
44.0,162.0,143.7252960205078,-1.0316810878590363,2.6822118602192058,-4.920578343742546,-4.976980309225751,-2.497658194069148,1.340777862404618,-0.5388395128487335,4.777620821860577,-0.7904697844962314,1.0139913004959826
44.0,162.0,143.72531127929688,-1.0316623786789614,2.6821763403285583,-4.9205490651141055,-4.976980387048477,-2.4976694437397025,1.3407767630984768,-0.5388446906047939,4.777628279705974,-0.7904595166146571,1.0139930087787707
44.0,162.0,143.72531127929688,-1.0316474337460528,2.682224025539906,-4.920561494139916,-4.976990806362818,-2.4976699339835973,1.3408016193329573,-0.5388338262778163,4.777613457276582,-0.7904651058515624,1.0139989088909689
44.0,162.0,143.72531127929688,-1.031669575838993,2.6822054776264057,-4.920562927032537,-4.977010594306112,-2.497653569186072,1.3407855566776057,-0.5388391084081192,4.777615614362725,-0.7904664814966846,1.013992002615817
44.0,162.0,143.7252960205078,-1.0316554140586436,2.682215923816642,-4.920574993131453,-4.976986462386794,-2.497652629969846,1.3407805185650243,-0.5388334906298997,4.7776019277514,-0.7904658766656576,1.0139951510870358
44.0,162.0,143.72531127929688,-1.03167582569996,2.6822297608700296,-4.920571194685078,-4.977000594370606,-2.497682788955097,1.3407845517263135,-0.5388193662624463,4.777596420737464,-0.7904667507437768,1.0140049566136806
44.0,162.0,143.7252960205078,-1.0316507652246942,2.682202926125276,-4.9205749569140345,-4.977001094980959,-2.4976476860420216,1.3407965649155509,-0.5388408072799429,4.777611354049352,-0.7904592375988964,1.01398923196978
44.0,162.0,143.72531127929688,-1.0316658971136934,2.682140645277931,-4.920560801386023,-4.976962949220045,-2.4976894340289952,1.340775310987702,-0.5388252564590035,4.7776154670207305,-0.790463321766131,1.01399207580085
44.0,162.0,143.72531127929688,-1.0316728085681437,2.682201228137239,-4.920587613479119,-4.977001858690862,-2.4976615266976983,1.3407726781166218,-0.538835353779989,4.777607107903927,-0.7904622701497956,1.0139822737560742
44.0,162.0,143.72531127929688,-1.0316699236389182,2.682174081184092,-4.9205479797259,-4.976965736571103,-2.497652712390029,1.3407718866150642,-0.5388485062833661,4.777621958359465,-0.7904756437199243,1.013977295928786
44.0,162.0,143.7252960205078,-1.031681182059021,2.682193996494177,-4.920555850916636,-4.976954718716462,-2.497652566967348,1.3407754181154994,-0.538829914786386,4.777596524561904,-0.7904667092182125,1.01398850487577
44.0,163.0,143.7252960205078,-1.0316700493780937,2.682198703275974,-4.920555347635008,-4.9769790619562055,-2.497677972729514,1.3407835650541768,-0.5388344971443324,4.777607991467956,-0.7904685087718955,1.0139944428583298
44.0,163.0,143.72531127929688,-1.0316773952011171,2.682201219554331,-4.920582041087527,-4.976956234486878,-2.497676942748639,1.3407987950958589,-0.5388234851388054,4.777588125639641,-0.790465612005967,1.0139862239141406
44.0,163.0,143.7252960205078,-1.0316572243903137,2.6822000459359643,-4.920563067457238,-4.976964885211521,-2.497648666683257,1.3407968852166867,-0.5388505612436401,4.777605976730984,-0.7904688932976196,1.0139821477605535
44.0,163.0,143.7252960205078,-1.0316792569620523,2.682202567469581,-4.9205906415153695,-4.97700645291997,-2.497677387883729,1.3407848074663962,-0.538815072665022,4.777611249180179,-0.7904626839906159,1.0140003660725805
44.0,163.0,143.72531127929688,-1.031679010412367,2.682179100042525,-4.920581833653538,-4.976969683821036,-2.497679220090148,1.340783716564263,-0.5388339971650318,4.777624652060945,-0.790464775155054,1.0139840881062945
44.0,163.0,143.7252960205078,-1.03167844155517,2.682201510209648,-4.920563872467584,-4.9769627004831465,-2.4976800062321014,1.3407908116914309,-0.5388406487663842,4.777616053419591,-0.7904700568994985,1.013983670660581
44.0,163.0,143.72531127929688,-1.0316716976903644,2.6822085894422845,-4.920584003660911,-4.976980949127901,-2.497666420360717,1.3407760595812253,-0.5388389515982892,4.777628143177807,-0.7904638451773591,1.0139916856869942
44.0,163.0,143.7252960205078,-1.0316773823827878,2.6821899843892805,-4.920562051772828,-4.976968243251215,-2.497669396007072,1.34076522015771,-0.5388369196167977,4.777626265352579,-0.7904705122595077,1.0139869403067747
44.0,163.0,143.72531127929688,-1.0316852201546385,2.6821877534676712,-4.920552343969843,-4.976982204287706,-2.497669768622361,1.3407764482850002,-0.538826092675877,4.777609618644439,-0.7904691381269799,1.013995905027432
44.0,163.0,143.72531127929688,-1.0316826661970522,2.682183089230044,-4.920566104186815,-4.976962899651412,-2.497695699353599,1.3407765478288969,-0.5388232094929633,4.777622397403054,-0.7904647907379889,1.0139960266577468
44.0,163.0,143.7252960205078,-1.031673771209713,2.6821941742115314,-4.920561017681171,-4.976939799340945,-2.4976816310539176,1.3408003651135694,-0.5388437488724485,4.777605435094621,-0.7904692036109493,1.01398520121362
44.0,163.0,143.7252960205078,-1.0316778917096552,2.682217899875793,-4.920558423848647,-4.976956921257608,-2.4976683199576555,1.3407847310139989,-0.5388418346567381,4.7775967518764855,-0.7904640982631292,1.013993384400588
44.0,163.0,143.72531127929688,-1.0316654258175428,2.6821896692820744,-4.920580648667355,-4.976981293848016,-2.497655157233727,1.3407779251745522,-0.5388418273102191,4.777605724093538,-0.7904582383685623,1.0139822076415728
44.0,163.0,143.72531127929688,-1.0316594893831912,2.682176313117419,-4.920572848714824,-4.97697727614108,-2.497671369562213,1.3407621180562366,-0.5388427220553096,4.777619261724542,-0.7904667241935881,1.0139827369997692
44.0,163.0,143.72531127929688,-1.0316898296010706,2.6822245973176724,-4.9205669921970925,-4.976941339476367,-2.4976866032207967,1.3407852794470525,-0.5388313826486542,4.777580550301051,-0.7904684233016992,1.013990482799536
44.0,163.0,143.7252960205078,-1.0316980840375938,2.6822338878893204,-4.920543266412789,-4.976959529428694,-2.497671149221836,1.340777395378269,-0.5388385261565185,4.777625567683398,-0.7904741553817454,1.0140059132730703
44.0,163.0,143.72531127929688,-1.0316764448071716,2.682160086080115,-4.920593212558218,-4.976985053441709,-2.497648482923932,1.3407773990149652,-0.5388269956047687,4.777605599179507,-0.7904623833466671,1.0139786930620005
44.0,163.0,143.7252960205078,-1.0316851834299658,2.682185426340185,-4.920539792894362,-4.976934374463792,-2.497669215890006,1.3407685814559862,-0.5388316227229586,4.777595129877943,-0.7904792222331993,1.0139919296564344
44.0,163.0,143.72531127929688,-1.0316837038450508,2.6822156368975527,-4.920572051559737,-4.976967550873423,-2.497669194195937,1.3407884520542632,-0.53883104665407,4.777602453692504,-0.7904681656431602,1.0139980684132857
44.0,163.0,143.7252960205078,-1.031683388633736,2.682193793612276,-4.920549290829618,-4.976952598043036,-2.4976733685612853,1.340779789030914,-0.5388336493214201,4.777606274239194,-0.7904722786157423,1.0139939684025192
44.0,163.0,143.7252960205078,-1.0316623536751273,2.682209436776274,-4.920573428381601,-4.976980903859745,-2.4976788807917143,1.3408006839608868,-0.5388471486638116,4.7776130570637765,-0.7904764985022013,1.0139944270839774
44.0,163.0,143.72531127929688,-1.0316942164428502,2.682179151377518,-4.920562716292883,-4.97693674148467,-2.4976755393882573,1.3407876645160162,-0.5388233125294679,4.777607727284828,-0.7904699592214177,1.0139942308484304
44.0,163.0,143.72531127929688,-1.0316662569232498,2.682179457707642,-4.920592772819594,-4.976973617872348,-2.4976664103267163,1.3407849487555428,-0.5388308114387419,4.777618827973113,-0.790468578082038,1.0140005024259748
44.0,163.0,143.72531127929688,-1.0316716444288638,2.682192485809141,-4.920548982355524,-4.9769650753058015,-2.49768029524184,1.3408017411664457,-0.5388349646504089,4.777607741955659,-0.7904720003446339,1.013995122703088
44.0,163.0,143.72531127929688,-1.0316460985251674,2.682167852557593,-4.920569729415731,-4.976959267552138,-2.4976688772924582,1.3407899623824662,-0.538839298327547,4.777594650424737,-0.7904654914816165,1.0139720243224302
44.0,163.0,143.72531127929688,-1.0316653703369782,2.682162486153476,-4.920596927811867,-4.976964107426925,-2.497680086016602,1.3407905917784628,-0.5388151599681041,4.777585962724412,-0.7904632258246673,1.013986049336756
44.0,163.0,143.7252960205078,-1.031677613135102,2.6822097009261814,-4.920566601335069,-4.9769570928656135,-2.497658262247378,1.3407935589385396,-0.5388211020352776,4.777583827466344,-0.7904636042090676,1.013979453602519
44.0,163.0,143.72531127929688,-1.0316866274265797,2.682192375751389,-4.920558065549208,-4.976943092527662,-2.497677910140319,1.3407940448510578,-0.5388325664337845,4.777617836017177,-0.7904674054563072,1.01398996852412
44.0,163.0,143.72531127929688,-1.031699858820195,2.6821825073069263,-4.920552284946462,-4.9769325239262585,-2.497692320238486,1.3407583116007968,-0.5388248512276403,4.7776160457448,-0.7904753414827344,1.0140178411745264
44.0,163.0,143.7252960205078,-1.0316855598387935,2.6822015619041784,-4.920591712426817,-4.976951301945992,-2.49766595331232,1.3407833515324636,-0.5388390613492948,4.777589524107391,-0.7904739712529167,1.0139837553364377
44.0,163.0,143.7252960205078,-1.0316769895852724,2.682174653169388,-4.920556565333475,-4.9769614324959335,-2.49765670565968,1.3407890007449108,-0.5388344646743057,4.777607177691806,-0.7904701188162813,1.0139824119148084
44.0,163.0,143.7252960205078,-1.0316773248916378,2.6822012253916387,-4.920567582662741,-4.976972496307035,-2.497654970668304,1.3408093943039692,-0.5388191208308637,4.777601660515318,-0.790467998137907,1.0140025067246938
44.0,163.0,143.72531127929688,-1.0316749332092645,2.6821868609366906,-4.920564449366284,-4.97697099651282,-2.4976647962116454,1.3407658055661544,-0.5388282724173674,4.777612237745286,-0.790468713919882,1.013998014236407
44.0,163.0,143.72531127929688,-1.0316681375792651,2.682205183546412,-4.92055924430544,-4.976942639138693,-2.497665855772855,1.340788795798589,-0.5388412697663858,4.777595379617969,-0.7904753489924472,1.0139886362548711
44.0,163.0,143.72531127929688,-1.0316722848723583,2.682205405729185,-4.920577736585733,-4.976970577772479,-2.4976600983945136,1.3407961072164394,-0.5388456633116139,4.777623021900169,-0.7904724485929835,1.0139836183219142
44.0,163.0,143.7252960205078,-1.0316642842817147,2.682205976338608,-4.920565155095571,-4.976962637045065,-2.4976548157705984,1.3407856880319615,-0.5388496757632737,4.777605441215494,-0.790472830253524,1.0139798226321064
44.0,163.0,143.72531127929688,-1.03168918437241,2.682187430360581,-4.920563322173611,-4.976974237395631,-2.497675227600886,1.3407726487759757,-0.5388277737040514,4.777624646541302,-0.7904603189258266,1.01399037917039
44.0,163.0,143.72531127929688,-1.0316701775115442,2.6821717623173047,-4.920557803590865,-4.976971775641094,-2.4976610588856065,1.3407794672958089,-0.5388402143579496,4.777611645940867,-0.7904701973059911,1.0139775835378373
44.0,163.0,143.72531127929688,-1.0316635626079962,2.682198814645337,-4.920566979456684,-4.976995885328368,-2.4976794305074925,1.340786169644785,-0.5388299689762057,4.777615492581676,-0.7904639991455298,1.0139979554138383
44.0,163.0,143.72531127929688,-1.0316615564355305,2.6821731199493817,-4.920575075001806,-4.976969042530859,-2.497673534331801,1.3407809525621524,-0.5388134826033264,4.7776159192686,-0.7904695990809536,1.0140022942191642
44.0,163.0,143.7252960205078,-1.031656215498861,2.6821818128508115,-4.92055241398243,-4.97693718455956,-2.497669328089706,1.3407830202753992,-0.5388401848787066,4.777605000140364,-0.7904740625792268,1.0139827148974143
44.0,163.0,143.72531127929688,-1.0316750831590396,2.682180794076803,-4.920565019643483,-4.976971136697189,-2.497667921805604,1.3407873032824131,-0.5388370118297727,4.777630206220982,-0.7904713631770282,1.0139907725268325
44.0,163.0,143.7252960205078,-1.0316681519562565,2.6821937938090628,-4.920576812726478,-4.976922145460655,-2.4976722133989258,1.3407875776550204,-0.5388412808463396,4.777594426129751,-0.7904800813445485,1.01398537608811
44.0,163.0,143.72531127929688,-1.03165978123354,2.6821924550145324,-4.920566524995563,-4.976964722801446,-2.497651466997464,1.3407800677447712,-0.5388516038057398,4.777646222527299,-0.7904714908596961,1.0139917640781029
44.0,163.0,143.7252960205078,-1.03168421803514,2.682208248295906,-4.920559328477058,-4.97694521876822,-2.497651082957159,1.3407854849536394,-0.5388360728369577,4.777613114756921,-0.7904637172826687,1.0139906733359938
44.0,163.0,143.72531127929688,-1.0316903677884204,2.682243007837472,-4.920528084683109,-4.976947819586972,-2.497673907880275,1.3407680097876025,-0.5388453350420352,4.777626435561428,-0.7904691630775682,1.0140023302327936
44.0,163.0,143.7252960205078,-1.0316643213583596,2.682179621769677,-4.9205685123341,-4.976965796283353,-2.4976627422019875,1.3407932839777947,-0.5388154063425885,4.777577492709657,-0.7904623712137919,1.0139863912574327
44.0,163.0,143.72531127929688,-1.031672581253929,2.6822068809201536,-4.920551162183567,-4.976957538749727,-2.497662723442395,1.3407836738947454,-0.5388301140150098,4.777602532045551,-0.7904762107626153,1.0139846010393496
44.0,163.0,143.7252960205078,-1.031671032241798,2.6821606476963,-4.920576882354542,-4.976967094263217,-2.49768189398546,1.3407687285149352,-0.5388232233418169,4.777620450962269,-0.7904686880346379,1.013991804958864
44.0,163.0,143.72531127929688,-1.0316683705130765,2.6821894113118727,-4.920587379163268,-4.976991735134921,-2.4976410538424365,1.340783514890756,-0.5388359687809121,4.777602896450208,-0.7904645358283977,1.013986224169158
44.0,164.0,143.72531127929688,-1.031674267488112,2.6821880375966067,-4.920576783662801,-4.9769441953538855,-2.4976879679603354,1.340773220002034,-0.5388320227736711,4.777587761744314,-0.7904751060793194,1.0139869484926916
44.0,164.0,143.7252960205078,-1.0316709234490302,2.682197109561346,-4.920575961021936,-4.976964464946822,-2.497668798459896,1.3407851020150965,-0.5388461214364497,4.777624477121513,-0.7904698321788599,1.0139874045697557
44.0,164.0,143.7252960205078,-1.0316636851339007,2.682209611546849,-4.920578654087249,-4.976993891082914,-2.497644359517264,1.3407999502913226,-0.5388419851349067,4.77760081781679,-0.7904625929807709,1.013988477656743
44.0,164.0,143.72531127929688,-1.0316797460842104,2.6822056381002737,-4.920574614037766,-4.976950676470988,-2.497661007378828,1.3407831387840838,-0.5388340096929287,4.777605994825333,-0.7904679873368403,1.0139925475271223
44.0,164.0,143.72531127929688,-1.0316923934912032,2.6821800773260085,-4.920555381811948,-4.97694417160641,-2.4976798238904663,1.3407952797455351,-0.5388314295460681,4.777600241139746,-0.7904724012644362,1.0139953775039725
44.0,164.0,143.72531127929688,-1.03166871259808,2.6822175252151057,-4.920571676249337,-4.976974257468284,-2.497660199019453,1.3407883134087273,-0.5388431716212221,4.777612088693768,-0.7904662865468834,1.0139870008343186
44.0,164.0,143.72531127929688,-1.0316712208362215,2.6822054430490887,-4.920585731239443,-4.9769790078562615,-2.497669375269913,1.3407921589240797,-0.5388382632421598,4.777632151668218,-0.7904640402746281,1.0140014954831154
44.0,164.0,143.7252960205078,-1.0316625730732945,2.6821554550233184,-4.920568737431,-4.976986323496105,-2.497655690637931,1.3407931771297743,-0.5388291078646299,4.777608399382684,-0.7904783099488704,1.0139804869496345
44.0,164.0,143.7252960205078,-1.0316721931503396,2.6822127946741485,-4.920557092935573,-4.976981228175247,-2.497667788582563,1.3407748964671908,-0.5388443645644712,4.777611783360358,-0.790478154307694,1.013992940711307
44.0,164.0,143.72531127929688,-1.0316849266662138,2.6822023396296144,-4.920567341728487,-4.976963564092092,-2.497680193344256,1.3407838216501835,-0.5388277432043909,4.7776030077535765,-0.7904718931366119,1.0139960887278674
44.0,164.0,143.72531127929688,-1.0316864803250425,2.682184348012174,-4.920552145225398,-4.976954401613396,-2.497670208852782,1.3407699510770923,-0.5388351490322023,4.777602974454991,-0.7904712070609463,1.0139894308277109
44.0,164.0,143.72531127929688,-1.031676410018894,2.6822087154136423,-4.920561935679457,-4.976982479654588,-2.497667212242374,1.340773664213656,-0.5388409401835474,4.7776389880354735,-0.7904752035463227,1.0140107621107983
44.0,164.0,143.7252960205078,-1.0316721584353732,2.6822174756163752,-4.920543791507162,-4.976961877544324,-2.497640590452618,1.3407769705914472,-0.5388365380925517,4.777608020793844,-0.790475096061428,1.0140030156124211
44.0,164.0,143.72531127929688,-1.0316794042926969,2.682174073828948,-4.920561209889396,-4.976941908852837,-2.4976818212568426,1.3407853355451094,-0.5388210812058256,4.777586233359338,-0.7904813523323622,1.013998168308805
44.0,164.0,143.72531127929688,-1.031671126795728,2.682220133116341,-4.920541047938019,-4.976977209138028,-2.4976707273156338,1.3408040113206834,-0.5388370190275058,4.777601278014378,-0.7904682112475161,1.013991064643415
44.0,164.0,143.72531127929688,-1.0316654777255714,2.6822080221807045,-4.920570153287813,-4.976964119514922,-2.497678094146808,1.340789389265172,-0.538843371351633,4.777601382994121,-0.7904707252375873,1.0139855598946133
44.0,164.0,143.7252960205078,-1.031681664868958,2.682205053104692,-4.920559872804349,-4.976920781115839,-2.497671214702552,1.3407999092609293,-0.5388398472492772,4.777596152285048,-0.7904670210346723,1.0139798779123457
44.0,164.0,143.7252960205078,-1.0316656066129792,2.6821941543768464,-4.920563660284197,-4.976968322117181,-2.497675990103616,1.340786058524845,-0.5388258006122468,4.777618404595845,-0.7904739730458354,1.0140016671923728
44.0,164.0,143.7252960205078,-1.031671763590248,2.6822112078628946,-4.920570525681125,-4.976991039331989,-2.4976744061963148,1.3407878973464546,-0.5388446182315842,4.777609583581752,-0.7904663253443704,1.0139940841876474
44.0,164.0,143.7252960205078,-1.0316574067012958,2.682176718904109,-4.920556269648061,-4.976926959145985,-2.497669747559596,1.3407911408515227,-0.5388357957998879,4.777600363526632,-0.790472875398808,1.0139790307444745
44.0,164.0,143.72531127929688,-1.0316862993638565,2.682186167023501,-4.920540297514749,-4.976923285063607,-2.497671255814068,1.3407600965228277,-0.538841623346439,4.777607830125078,-0.7904727622788661,1.0139896895403533
44.0,164.0,143.7252960205078,-1.0316820396072952,2.6821936173088323,-4.920578934098924,-4.97697101537452,-2.497678940829433,1.3407822138176222,-0.5388299812269359,4.777614747522179,-0.7904734341982103,1.013989349631288
44.0,164.0,143.7252960205078,-1.03166206601043,2.6821675202637243,-4.920573418059934,-4.9769634885727365,-2.4976679871620213,1.340784258825451,-0.5388284643773744,4.777605397030996,-0.7904664034100426,1.0139806426586233
44.0,164.0,143.7252960205078,-1.0316900752865714,2.682215667485353,-4.9205828878571625,-4.976952769402517,-2.497685618635788,1.3407856549919774,-0.5388298725741425,4.7776042175847575,-0.7904577791045755,1.013997805917879
44.0,164.0,143.72531127929688,-1.031682424372156,2.682195544344093,-4.920584088359237,-4.976947139389882,-2.497683821535359,1.3407808254802989,-0.538834010810179,4.777608183871188,-0.7904703058758518,1.0139902041225843
44.0,164.0,143.7252960205078,-1.0316821240720024,2.682212625506472,-4.920563115937341,-4.976948504184444,-2.497657742447497,1.3407864133217542,-0.5388435634738267,4.777601040877013,-0.7904671395094764,1.0139862844733925
44.0,164.0,143.72531127929688,-1.0316838565905735,2.682202442250686,-4.9205649864943455,-4.976992661559005,-2.4976679499944003,1.3407850680767543,-0.5388211846415416,4.777611861661343,-0.7904593601826022,1.0139964591969317
44.0,164.0,143.7252960205078,-1.031685370895889,2.68219316147483,-4.920572751305121,-4.976965048562593,-2.497665236076043,1.3407888937558896,-0.5388308562993895,4.777601638920849,-0.7904704496661532,1.0139971079158308
44.0,164.0,143.7252960205078,-1.0316751853596138,2.6821962299423783,-4.920565019096482,-4.976984486755572,-2.4976620878596867,1.3407848976003134,-0.5388247722744186,4.777599628849362,-0.7904694632679519,1.0139975736302898
44.0,164.0,143.72531127929688,-1.031659152550838,2.682158214016068,-4.920565969988572,-4.976976845433587,-2.4976724645398085,1.340793493767877,-0.5388481706994677,4.777628652162889,-0.7904729784588067,1.0139843484627136
44.0,164.0,143.7252960205078,-1.0316693481402432,2.6821973594540047,-4.920563073682098,-4.976967253367313,-2.497692134368952,1.3407891301471144,-0.5388425126631811,4.777628449504201,-0.790469049660957,1.0139863225915589
44.0,164.0,143.72531127929688,-1.031676162370165,2.6821733568383213,-4.920562149754654,-4.976943776920563,-2.497672836523228,1.3407876033315365,-0.5388252658083186,4.77760308841544,-0.7904647753373597,1.0139959904929627
44.0,164.0,143.72531127929688,-1.031659134786408,2.68220209883436,-4.9205616709735445,-4.976953935219892,-2.4976768219490086,1.3407942689348502,-0.5388341531293683,4.777596928986922,-0.7904757734479606,1.0139877940354598
44.0,164.0,143.72531127929688,-1.031672117141686,2.682184630607514,-4.920580387824311,-4.976963645035757,-2.49767273385915,1.340787605214909,-0.5388399414959117,4.777610406956327,-0.7904709468477726,1.0139857041227138
44.0,164.0,143.7252960205078,-1.0316574874224085,2.682212141371361,-4.920562478241313,-4.977001261100579,-2.497655608068322,1.3407862517114255,-0.5388364082263042,4.7776167859017455,-0.7904721210238304,1.0140037582476331
44.0,164.0,143.72531127929688,-1.031683320557569,2.682198573760552,-4.920541671721528,-4.9769401259565385,-2.4976793975705363,1.3407734705218015,-0.5388331753132904,4.777596715174338,-0.7904760564998048,1.013989943466191
44.0,164.0,143.7252960205078,-1.0316533272599826,2.6822114790243967,-4.92055153389961,-4.976970661288108,-2.497654877774184,1.3407907551055898,-0.5388363704707144,4.777593597709586,-0.7904666970362833,1.013989464668164
44.0,164.0,143.72531127929688,-1.0316685963338812,2.682179634486684,-4.920574601668768,-4.976952418005043,-2.497671384880087,1.3407811380310442,-0.5388391632489391,4.777606270866334,-0.7904728572332278,1.0139892610961807
44.0,164.0,143.7252960205078,-1.0316917752803605,2.682205071186826,-4.920555520515238,-4.97693213273502,-2.497667157316293,1.3407858359345104,-0.5388302243871692,4.777603489170739,-0.7904704251138046,1.013983572681898
44.0,164.0,143.7252960205078,-1.031686317146936,2.682190345749399,-4.920564695782004,-4.976942740691752,-2.497687161257116,1.340761012698236,-0.5388406997292066,4.7776194718940594,-0.7904667482423919,1.0139893112763918
44.0,164.0,143.72531127929688,-1.0316723997934756,2.6822018423333933,-4.920572182290929,-4.97696604342057,-2.497677873758073,1.3408072126423507,-0.5388321845527635,4.77762345713681,-0.7904758547188537,1.013994693909063
44.0,164.0,143.72531127929688,-1.0316771400474178,2.6822278648402094,-4.920572655463148,-4.976947085860459,-2.4976791091132973,1.3407862193631956,-0.5388339247081593,4.777595562028818,-0.7904740644999482,1.0140026460047338
44.0,164.0,143.72531127929688,-1.0316725736879424,2.682198975391236,-4.9205674814509255,-4.976937555570897,-2.497679977388063,1.3407903331437705,-0.5388238153227212,4.777591860447112,-0.7904709492337068,1.0139801256844558
44.0,164.0,143.7252960205078,-1.031681350096675,2.682188004801789,-4.920570274262933,-4.976968259418658,-2.4976751208604058,1.340770591009509,-0.5388252461552687,4.777615306274223,-0.790471484805991,1.014001308334973
44.0,164.0,143.7252960205078,-1.0316735908008323,2.6822270805185875,-4.92056527788625,-4.976964013773228,-2.4976646388171457,1.340801793753088,-0.5388364480446741,4.777590761107405,-0.7904742192780532,1.0139849464253734
44.0,164.0,143.7252960205078,-1.0316862879081952,2.682194526660964,-4.920553405099775,-4.976967556492927,-2.4976736389872505,1.340782696171079,-0.5388327107625335,4.777595007495973,-0.790466801461216,1.0139820719911876
44.0,164.0,143.72531127929688,-1.031679073838898,2.6821780680532576,-4.920571353668272,-4.976941843296552,-2.497674994661816,1.3407928009191767,-0.5388399011448142,4.777624227797549,-0.7904669255502279,1.0139816427564732
44.0,164.0,143.72531127929688,-1.0316653104317517,2.6821807703488885,-4.9205777320599,-4.976967321274987,-2.4976705957686605,1.3407853819762758,-0.5388291239739136,4.777612115959808,-0.7904685009943719,1.0139800931447018
44.0,164.0,143.72531127929688,-1.03165191074027,2.6821949328512487,-4.9205626466826375,-4.976986297283777,-2.4976435234316776,1.3407961461893445,-0.5388379216028749,4.7776068214746665,-0.7904655242929559,1.0139867248432957
44.0,164.0,143.72531127929688,-1.0316702374122473,2.682180908019639,-4.920552075911418,-4.976973169361741,-2.497672043061057,1.3407871120920625,-0.5388302471501296,4.777612919720614,-0.7904787013351973,1.013997745986719
44.0,165.0,143.72531127929688,-1.0316844477525722,2.6822146236922704,-4.920551092687895,-4.976952199872454,-2.497671461642847,1.340770094059799,-0.5388360776177823,4.777608408295421,-0.7904764091661916,1.0139961900548888
44.0,165.0,143.72531127929688,-1.0316820323701226,2.6821707981971503,-4.92057922345016,-4.976935065377864,-2.497686031073014,1.3407926504479493,-0.5388215610969427,4.77759372554204,-0.7904778160244383,1.0139840516567826
44.0,165.0,143.7252960205078,-1.0316692375142775,2.682161349507613,-4.920557322565911,-4.97695935715964,-2.497672033994072,1.3407902151046516,-0.5388285355165392,4.777593351482945,-0.7904642196859601,1.0139769923990798
44.0,165.0,143.7252960205078,-1.031687508312753,2.682197560241404,-4.920550839517195,-4.976933309308506,-2.4976695515945826,1.3407850292050405,-0.5388298155901552,4.777604132271772,-0.7904706749469828,1.0139921008303163
44.0,165.0,143.72531127929688,-1.031689579186987,2.68220206888614,-4.920566656836719,-4.976978095322882,-2.4976831095376384,1.340780907049833,-0.5388240869537855,4.777611750893433,-0.7904741719621153,1.0140037697725104
44.0,165.0,143.7252960205078,-1.0316715611769185,2.682207595887585,-4.920563430126191,-4.9769403527845935,-2.4976628521533915,1.3407834073987406,-0.5388436565285541,4.7776007091344646,-0.7904695805595754,1.0139856828872107
44.0,165.0,143.7252960205078,-1.0316733232803434,2.682199906838413,-4.920563125659232,-4.976958808529217,-2.4976588908522466,1.340781419887776,-0.5388295101802134,4.7775990398876935,-0.7904753070229447,1.0139956825599716
44.0,165.0,143.72531127929688,-1.0316832626299122,2.682185366048775,-4.920557007672422,-4.97692675251767,-2.4976885647029965,1.3407758029810282,-0.5388250223065576,4.777603034768402,-0.7904771112020361,1.013997303102533
44.0,165.0,143.72531127929688,-1.0316656789498002,2.682201341702841,-4.920569147237874,-4.976968059907869,-2.4976637987295347,1.3407922006268844,-0.538834884978697,4.777614064672207,-0.7904710497447915,1.0139886828205045
44.0,165.0,143.7252960205078,-1.0316498796199074,2.682202077423648,-4.920559724800533,-4.97698140316403,-2.49766495328241,1.340797127313623,-0.5388437485108897,4.777615887418648,-0.7904687389414695,1.013981499849173
44.0,165.0,143.7252960205078,-1.0316801317893345,2.682204074641236,-4.920558346971965,-4.976956133628407,-2.497675557547716,1.3407747693323735,-0.5388314305416921,4.777608636794128,-0.7904686143541833,1.0139959157400744
44.0,165.0,143.7252960205078,-1.031688116802585,2.682222075425967,-4.920563091142983,-4.976972124177789,-2.4976581423072246,1.3407806995862828,-0.5388396616177893,4.7776129901321855,-0.7904652262985472,1.0139921560136242
44.0,165.0,143.7252960205078,-1.0316843800626463,2.6822040835764263,-4.920558370343336,-4.976962873939014,-2.497667158743626,1.3407887216640813,-0.538823341684914,4.777600296324035,-0.7904678033565187,1.0139982319958722
44.0,165.0,143.7252960205078,-1.0316657961376388,2.6821951710125216,-4.920560288587871,-4.976951209356851,-2.4976605933063483,1.3407835233128438,-0.5388356089197259,4.777610876132707,-0.790475807735465,1.0139884158010783
44.0,165.0,143.7252960205078,-1.0316778185245798,2.6822305999798166,-4.92056762256847,-4.976956144645827,-2.497666519497708,1.3408043728573222,-0.5388463321646899,4.777602449022472,-0.7904679535685437,1.0139847326504643
44.0,165.0,143.72531127929688,-1.031677308966363,2.6821924178823195,-4.920555851084169,-4.9769495258902525,-2.497679642452085,1.3407786884784283,-0.5388256647036114,4.777605127656601,-0.790470496011082,1.014001062306634
44.0,165.0,143.72531127929688,-1.0316709695295194,2.682219589793289,-4.920573187262734,-4.976978247921489,-2.497676013123014,1.340786602761943,-0.5388324397092177,4.777622536733784,-0.7904667674535153,1.0140031506427016
44.0,165.0,143.72531127929688,-1.031681464059898,2.682185607928142,-4.920567746913894,-4.976953511099256,-2.497666642237913,1.3407719653742074,-0.5388334169591404,4.777613316151788,-0.7904786692419279,1.0139907678154128
44.0,165.0,143.7252960205078,-1.0316813543321834,2.682200658238769,-4.920561232844781,-4.976957419063768,-2.4976785932444,1.3407778874211882,-0.5388311211850052,4.777596999337257,-0.7904668656577609,1.0139942539837312
44.0,165.0,143.7252960205078,-1.0316721946783307,2.682183345110875,-4.9205624883086125,-4.976965877584902,-2.497650917348999,1.340779228593724,-0.5388344095257871,4.777620488516812,-0.7904725225983542,1.014000917940331
44.0,165.0,143.7252960205078,-1.0316799201624507,2.682204011084722,-4.920559907035119,-4.976949574524719,-2.4976637960567327,1.3408014230733043,-0.538834091394035,4.777593609919084,-0.790465429668509,1.013979309656305
44.0,165.0,143.7252960205078,-1.0316756002825307,2.682221070910841,-4.920560843691199,-4.97694939667223,-2.497681624936189,1.3407688767955683,-0.5388369885151443,4.777611084406519,-0.7904712139180337,1.0139962229727288
44.0,165.0,143.72531127929688,-1.0316835579445138,2.6822035927955303,-4.92056404045391,-4.976966121661354,-2.497680602533929,1.3407880344546,-0.5388302592701493,4.777593710842323,-0.7904656037067923,1.013992193180755
44.0,165.0,143.72531127929688,-1.0316698322210476,2.682216719585692,-4.9205658236260446,-4.976966563036916,-2.4976722464942034,1.3407806038096934,-0.5388372984881942,4.777607997181443,-0.7904750032583774,1.0139936204730358
44.0,165.0,143.72531127929688,-1.0316900590460691,2.682207706817908,-4.920573080577346,-4.976972965515751,-2.4976586152042994,1.340788342010903,-0.5388281273943809,4.7776197499454085,-0.7904692678630791,1.0139987922583584
44.0,165.0,143.72531127929688,-1.0316820810026033,2.6821927757900843,-4.92057526282493,-4.976976784145021,-2.49767889904693,1.340782597861199,-0.5388162004288315,4.777604040554653,-0.7904658517541563,1.0140010894407876
44.0,165.0,143.72531127929688,-1.0316705351717363,2.682191684459923,-4.920559443457363,-4.976965238149109,-2.497663477363428,1.3407824823996304,-0.5388395914833666,4.777592056131297,-0.7904683718204826,1.0139863402993798
44.0,165.0,143.7252960205078,-1.0316822151984018,2.6822301799056785,-4.920566090140954,-4.976960455450086,-2.497662260781612,1.3407912383498708,-0.5388411277831926,4.777603227049552,-0.7904622253626847,1.0139763005207405
44.0,165.0,143.72531127929688,-1.0316807498785483,2.682222635109589,-4.920550771124868,-4.976956784048889,-2.4976571037077977,1.3407873903193763,-0.5388369795324586,4.77761801510068,-0.7904695748083226,1.013994750583679
44.0,165.0,143.72531127929688,-1.0316848366382292,2.6821740323554764,-4.920562798604389,-4.976958363056164,-2.49769405163235,1.3407695297811406,-0.5388291257887232,4.777613590582771,-0.7904770986607659,1.0139896816566365
44.0,165.0,143.7252960205078,-1.0316783262433855,2.682197426233434,-4.920552275724842,-4.976963977684818,-2.4976756077610167,1.3407725528817842,-0.5388280937487275,4.777593301381444,-0.7904609022490536,1.0139985520529038
44.0,165.0,143.7252960205078,-1.031664911396164,2.682219861947462,-4.9205853761253335,-4.976971318649618,-2.497674960500296,1.3407833761766872,-0.5388326997514392,4.777604282751245,-0.790465284324446,1.0139907224337872
44.0,165.0,143.72531127929688,-1.0316736214072826,2.682183201752077,-4.920576522598039,-4.976948875670791,-2.4976681888755103,1.3407826880904905,-0.5388301874197037,4.777606600108893,-0.7904670888677323,1.0139814811805683
44.0,165.0,143.72531127929688,-1.031690542306686,2.682187373651413,-4.920563385425047,-4.976945961868247,-2.497678084157553,1.3407789485759212,-0.5388268334019788,4.777596771853709,-0.790477934141907,1.0139931807767155
44.0,165.0,143.7252960205078,-1.03167457906302,2.6821757115588776,-4.92057928790889,-4.976980843897496,-2.4976929455564667,1.3407857712543327,-0.5388286109049103,4.777625065358764,-0.7904775823674184,1.0139990158324608
44.0,165.0,143.7252960205078,-1.0316875413240374,2.682218236767005,-4.920581405143742,-4.976971037968768,-2.497667326245839,1.3407833364535868,-0.5388356147133413,4.777603509653996,-0.7904605555506787,1.013994439832122
44.0,165.0,143.7252960205078,-1.0316825364225446,2.6821584124113578,-4.920565029318522,-4.97693732289165,-2.497684304156977,1.3407736984597838,-0.5388327473601819,4.777618555432332,-0.7904714164037401,1.013986938001059
44.0,165.0,143.72531127929688,-1.0316812203151446,2.6822215073668154,-4.920577177366547,-4.97699171151698,-2.497666140476003,1.3407745205887247,-0.538831974773684,4.777599462655775,-0.7904697215219771,1.0139966404259413
44.0,165.0,143.72531127929688,-1.0316843035274448,2.6821881779618924,-4.920571261144665,-4.97697062742668,-2.4976777132864063,1.3407663889536572,-0.5388194627581511,4.777625091239253,-0.7904713648852955,1.0140041224831204
44.0,165.0,143.7252960205078,-1.0316628287658074,2.682200815923606,-4.920555640587344,-4.976976258621115,-2.497658810396572,1.3407842430822008,-0.5388364106051613,4.777602019109533,-0.7904750243287575,1.0139853756354755
44.0,165.0,143.7252960205078,-1.0316809169231425,2.682210547523951,-4.920560667655657,-4.97696252216458,-2.497696136124556,1.3407842088320896,-0.5388493008666355,4.777633476849729,-0.7904710865816984,1.0139884012812663
44.0,165.0,143.72531127929688,-1.0316907391825485,2.6822159495891063,-4.920558041353004,-4.9769554439522725,-2.4976689312632527,1.3407762536398646,-0.5388298246318293,4.777618347664026,-0.7904784106764522,1.0140015434894334
44.0,165.0,143.72531127929688,-1.0316851889090255,2.6821878471863423,-4.9205584692169335,-4.976957207305505,-2.4976979331549964,1.340785930535512,-0.538826753756652,4.777615823732512,-0.7904739512460317,1.0139951212370857
44.0,165.0,143.72531127929688,-1.0316802313776856,2.682215690071578,-4.920543901250946,-4.9769402988265,-2.497665037942907,1.3407838229486906,-0.5388362524003742,4.777600268388461,-0.7904723399048912,1.0139865555127656
44.0,165.0,143.72531127929688,-1.0316902463034272,2.682198851739277,-4.92055489721726,-4.976942574497116,-2.497671346304436,1.340790149498849,-0.5388356942784513,4.777590026176723,-0.7904644554967284,1.0139810788922503
44.0,165.0,143.7252960205078,-1.031692538315126,2.6822037665056104,-4.920564766454626,-4.976935726459819,-2.4976654352025847,1.3407851254401617,-0.5388204089461333,4.777583011243877,-0.7904673733126195,1.013990596399152
44.0,165.0,143.7252960205078,-1.0316690814313143,2.682211648848845,-4.920550534848052,-4.97695810375654,-2.4976708365722207,1.3407815783060943,-0.5388420607304045,4.77761229238722,-0.7904754525791198,1.0139908822212975
44.0,165.0,143.72531127929688,-1.0316650752205885,2.6821986216467497,-4.920555845740722,-4.9769655714022445,-2.4976790682969856,1.3407990603210127,-0.5388311101507037,4.7775946737406265,-0.7904725883917614,1.0139866785689922
44.0,165.0,143.72531127929688,-1.0316721512864686,2.6822052103950824,-4.920552519713164,-4.976984487541555,-2.4976681798086324,1.3407873948991504,-0.5388327875636554,4.777606493990348,-0.7904641111132786,1.0139926968355537
44.0,165.0,143.72531127929688,-1.031702181864974,2.682201064366323,-4.920588377059957,-4.976960126110596,-2.497682948812592,1.3407818320508245,-0.5388165895931696,4.77760837246805,-0.7904736772608647,1.0140025696146502
44.0,166.0,143.72531127929688,-1.0316615299179288,2.682207741111976,-4.920557881702405,-4.976951704991598,-2.497666385641187,1.3407800477707,-0.5388455329407851,4.777600089899543,-0.790469187287667,1.013981748961946
44.0,166.0,143.72531127929688,-1.0316783953419737,2.68219589751903,-4.920555728443849,-4.976948545322629,-2.497682423157146,1.340773424441957,-0.5388316046629091,4.777604012971121,-0.7904689794797175,1.0139902446118807
44.0,166.0,143.72531127929688,-1.031679159608982,2.682212310841921,-4.920565891997454,-4.976972052429054,-2.497667197782292,1.3407811179564124,-0.5388351562861864,4.777614802730543,-0.7904703619492874,1.0139972375145625
44.0,166.0,143.72531127929688,-1.031679854038993,2.682188187349324,-4.920563793560025,-4.97694707763452,-2.4976713516909124,1.340790102707583,-0.538838963599404,4.777613030272992,-0.7904696039923653,1.0139851903717467
44.0,166.0,143.7252960205078,-1.031686304671528,2.682191916100168,-4.920566449582866,-4.976963231850156,-2.4976732386206684,1.3407780293404024,-0.5388347300927085,4.777614712828399,-0.7904647109956144,1.0139879737197657
44.0,166.0,143.7252960205078,-1.0316685490729869,2.68219855451071,-4.92057522293397,-4.976982710965158,-2.497681801912996,1.340806215610149,-0.5388348668227021,4.777612255530707,-0.7904658321031519,1.0139883669580063
44.0,166.0,143.7252960205078,-1.0316878304085302,2.682188663013391,-4.920573943316173,-4.97695336985502,-2.4976804693498704,1.3407742817127124,-0.5388224046088563,4.777598530605005,-0.7904649028910669,1.0139908854900046
44.0,166.0,143.7252960205078,-1.0316753458075274,2.6822052852445566,-4.920546037082906,-4.97695480766645,-2.497654203924232,1.340790192381024,-0.5388339283875023,4.777600909406489,-0.7904686920607711,1.0139911780010715
44.0,166.0,143.72531127929688,-1.0316982145674416,2.682229380641199,-4.92054490526278,-4.976951331005303,-2.497674904854807,1.3407780869676191,-0.5388317750350424,4.777604377072649,-0.7904716144697277,1.0140057799363555
44.0,166.0,143.72531127929688,-1.031684577907913,2.682207535128108,-4.920559100840815,-4.9769576849928905,-2.497684297584992,1.340778832127377,-0.5388313034618211,4.777605106581094,-0.7904640112146586,1.0139926009776534
44.0,166.0,143.7252960205078,-1.0316770521926806,2.6821994049650213,-4.920570843763956,-4.97691929135038,-2.4976889074441893,1.3407761988755604,-0.5388429221812965,4.777607539470006,-0.790470664238506,1.0139864595782484
44.0,166.0,143.72531127929688,-1.0316735976410318,2.682204680826583,-4.920538570111651,-4.976934797211892,-2.497668100597283,1.3407986669363634,-0.5388409820892468,4.777609508425631,-0.7904709096897573,1.0139832614976363
44.0,166.0,143.7252960205078,-1.0316734188910477,2.682177569843656,-4.920566786491785,-4.976962486900753,-2.497669564041573,1.3407835023558965,-0.538827709445906,4.777608722799426,-0.7904647421917534,1.013992183051073
44.0,166.0,143.7252960205078,-1.0316790837234384,2.682194933071829,-4.920580997757261,-4.976959776723507,-2.497677109277285,1.3407792387550046,-0.538832871865818,4.777602326610243,-0.7904692834268676,1.013990795933534
44.0,166.0,143.7252960205078,-1.0316780729277508,2.682208169424415,-4.92056866757708,-4.976969454168894,-2.4976863296341523,1.3407802275528784,-0.5388304097648335,4.777608943224296,-0.790469046523258,1.0139974703386745
44.0,166.0,143.72531127929688,-1.0316838444131209,2.682208925877907,-4.920562407302494,-4.976959616889376,-2.497675156387877,1.340776288700967,-0.5388400891882377,4.777618882336409,-0.7904631520463763,1.013988572471006
44.0,166.0,143.72531127929688,-1.0316842327941471,2.682206749889048,-4.920564069496736,-4.976963206554559,-2.497666599429174,1.3407708115898718,-0.5388481681014579,4.777619154643336,-0.7904768303458294,1.013992029836067
44.0,166.0,143.7252960205078,-1.03167382022344,2.682179879995429,-4.920575312031834,-4.976978386444947,-2.497672142225312,1.3407827882309444,-0.538832272891943,4.777606470964777,-0.7904654921518581,1.013987034064444
44.0,166.0,143.72531127929688,-1.0316817331771535,2.6822050454318784,-4.920574974597535,-4.9769631944456085,-2.4976585891476333,1.3407865370600556,-0.5388241713479944,4.777598943206147,-0.7904592659307328,1.0139922793303366
44.0,166.0,143.72531127929688,-1.0316867813891857,2.682202785904688,-4.92056644457684,-4.976964952500813,-2.4976800289166814,1.3407791077424474,-0.5388332032268988,4.7776320999637285,-0.7904705391035325,1.0139987759134828
44.0,166.0,143.72531127929688,-1.0316878736304251,2.682207426999117,-4.920551767584635,-4.976964974751339,-2.49770172935749,1.3407735009992372,-0.5388414274393272,4.77761730623932,-0.790469646416847,1.0139918188805996
44.0,166.0,143.72531127929688,-1.03169982637918,2.6822002600801724,-4.920550786581873,-4.976954721809875,-2.497673692445624,1.3407763016286085,-0.538809995868295,4.777609098866918,-0.7904756134338022,1.0140045087654943
44.0,166.0,143.7252960205078,-1.031680081272662,2.682187264982594,-4.92059265766771,-4.97698285685745,-2.497682186820222,1.3407784275762695,-0.5388314452383645,4.777626518718028,-0.7904695069232908,1.0140014922959342
44.0,166.0,143.7252960205078,-1.0316811192047814,2.6821964119018507,-4.920571506807855,-4.976964774218173,-2.4976747863822126,1.3407774407492,-0.5388276402446612,4.777606026693936,-0.790463039542745,1.0139910752166903
44.0,166.0,143.72531127929688,-1.031668907241749,2.6821874121953133,-4.920566730165916,-4.976951245917328,-2.4976662661382685,1.340780848231624,-0.5388324195005589,4.777609165739586,-0.7904704366899109,1.0139890750893257
44.0,166.0,143.72531127929688,-1.0316699029760628,2.682201469683592,-4.920541905749284,-4.976953796598215,-2.4976758811749016,1.3407717121576006,-0.5388270317150257,4.777607474912909,-0.7904813952380687,1.0140025457626622
44.0,166.0,143.7252960205078,-1.0316760370233666,2.6822080424416628,-4.920550360999322,-4.976957477188579,-2.497655831038938,1.3407919983507064,-0.5388391688434861,4.777591325328087,-0.7904678765951214,1.0139831943752975
44.0,166.0,143.7252960205078,-1.0316880820219296,2.682225695944843,-4.9205637648157445,-4.976970338483387,-2.497676560975192,1.340774415834554,-0.5388266146095493,4.77759959739589,-0.7904682389058078,1.0140073577402653
44.0,166.0,143.7252960205078,-1.031687232977068,2.682191807171952,-4.920575393834085,-4.976949241154823,-2.497679813711762,1.3407785551120366,-0.5388350594778384,4.777612465112028,-0.7904690775258363,1.0139924961632063
44.0,166.0,143.72531127929688,-1.03168051506128,2.6822144509643486,-4.920571079803657,-4.976959309998383,-2.4976591926364926,1.3408039168562116,-0.5388312137006492,4.777585920904375,-0.7904676040615497,1.0139838819028677
44.0,166.0,143.7252960205078,-1.0316846059650835,2.682208992116431,-4.920566817900732,-4.9769376120849005,-2.4976691477203805,1.340784788578473,-0.5388343149766719,4.777594005993244,-0.7904706487194133,1.013987117052972
44.0,166.0,143.7252960205078,-1.0316723304420732,2.682197236426335,-4.920571288430501,-4.976963194365927,-2.497673179713617,1.340793887791449,-0.5388294369623452,4.777601675304856,-0.7904627879123876,1.0139917385769823
44.0,166.0,143.7252960205078,-1.0316979883015271,2.682214843664448,-4.920573941078581,-4.976946798930295,-2.4976828176900834,1.3407929752604852,-0.5388282646138167,4.777603494508067,-0.7904666213553622,1.0139887029303605
44.0,166.0,143.7252960205078,-1.031679751481258,2.6822115612381925,-4.920559689825319,-4.976951391214162,-2.497670403817157,1.340786476325576,-0.5388362374850519,4.777609312543261,-0.7904724885226271,1.0139851176536787
44.0,166.0,143.7252960205078,-1.0316665282137931,2.682203623378665,-4.920545103518607,-4.976932218344899,-2.497677227728859,1.340781487432407,-0.5388384749143382,4.7776017658513386,-0.7904709991771703,1.0139875154168712
44.0,166.0,143.72531127929688,-1.0316844195127124,2.682203095210236,-4.920561580956294,-4.976976938805818,-2.4976862937989512,1.3407916252772043,-0.5388292830599726,4.777618529536115,-0.7904664341618046,1.0139909530250095
44.0,166.0,143.72531127929688,-1.031658102002186,2.6822031568389457,-4.920562291686088,-4.976953210817477,-2.497667928086772,1.3407931995639046,-0.5388350822830921,4.777602933756134,-0.7904704167344674,1.0139892229865597
44.0,166.0,143.7252960205078,-1.0316758687871843,2.6822121118451925,-4.920557357496769,-4.976970294085445,-2.4976789090502622,1.3407804339499672,-0.5388499991354969,4.777632946881028,-0.79046959444086,1.014001727685221
44.0,166.0,143.72531127929688,-1.031673701058721,2.682197576001484,-4.920582666155234,-4.976981375514791,-2.4976889372099893,1.3407845002869294,-0.5388285779745896,4.777617792029215,-0.7904641678362703,1.0139998741750595
44.0,166.0,143.72531127929688,-1.0316688325464831,2.6821948775201,-4.920564606947968,-4.9769852180134695,-2.497664938420407,1.3407968895988631,-0.5388339632654464,4.777614276414028,-0.7904650929816208,1.0139940574747994
44.0,166.0,143.72531127929688,-1.0316866723985774,2.6822090690631875,-4.920555554626088,-4.976969935635004,-2.497682557368716,1.3407957323122035,-0.5388298005462664,4.777595189069746,-0.7904732097162039,1.0139990881006398
44.0,166.0,143.7252960205078,-1.031687991755768,2.682195479385077,-4.920570320181957,-4.97696513169048,-2.4976674246495505,1.3407798141387373,-0.5388276483020116,4.777609144652585,-0.7904708124552435,1.0139930831690585
44.0,166.0,143.7252960205078,-1.0316833576807598,2.682198833558056,-4.920546861180643,-4.976953417415247,-2.497678779661779,1.3407866689732035,-0.5388404565870566,4.777618819388513,-0.7904719219524914,1.0139948895760833
44.0,166.0,143.7252960205078,-1.0316772909052443,2.682224652753288,-4.920553036589245,-4.976963620131509,-2.497674109804242,1.3407932856666935,-0.5388306075695297,4.7776014524713,-0.790468061109328,1.0139964159180117
44.0,166.0,143.7252960205078,-1.0316747834753603,2.682186468009247,-4.920556533575446,-4.97696652267355,-2.4976728776669983,1.3407733199401894,-0.5388336475610087,4.777610945056502,-0.7904654871138188,1.0139975157555092
44.0,166.0,143.72531127929688,-1.0316788237522356,2.682182580603097,-4.920570002429519,-4.976979536065881,-2.497676543626252,1.3407809266859916,-0.538831921207116,4.777622424608797,-0.7904769830653793,1.0139973332792165
44.0,166.0,143.72531127929688,-1.0316762119110368,2.682194693650751,-4.920566966402596,-4.976959590126328,-2.497685001161678,1.3407758787215398,-0.5388373953872332,4.777615119798172,-0.7904686153411546,1.0139899422113343
44.0,166.0,143.72531127929688,-1.0316726478503435,2.682206754451464,-4.9205759080919576,-4.976956988093605,-2.497665649917873,1.3407989189875744,-0.5388423425920923,4.777608294961841,-0.7904691470303309,1.013979228154014
44.0,166.0,143.7252960205078,-1.0316749505674458,2.6822178515399075,-4.920572372688012,-4.976972735761513,-2.4976559149674538,1.3407787093091097,-0.5388245875880173,4.777601557774805,-0.79046384296052,1.013996502660785
44.0,166.0,143.72531127929688,-1.0316937089964506,2.682199975565192,-4.920575038055222,-4.976944185653816,-2.4976986116476145,1.3407602993360932,-0.5388281949433891,4.77761042397297,-0.790473481946365,1.0140026625481011
44.0,167.0,143.72531127929688,-1.0316854694336164,2.682222868688328,-4.920569051541035,-4.97698265793341,-2.4976786084129183,1.3407736516165114,-0.5388380446230041,4.777624581577536,-0.7904744515662063,1.014007954936325
44.0,167.0,143.7252960205078,-1.0316764625542465,2.682208368975473,-4.920571215986407,-4.976958249501956,-2.497692988836065,1.3407797715506966,-0.5388363901465034,4.777618041956535,-0.7904650572812795,1.0139957245350733
44.0,167.0,143.7252960205078,-1.0316821130062823,2.682217682419883,-4.920584417387906,-4.976975211390296,-2.497684266724598,1.3407772247846097,-0.5388315265157964,4.777617630921698,-0.7904722519246423,1.0139987533279171
44.0,167.0,143.7252960205078,-1.0316792379241524,2.682223548946156,-4.920569051783612,-4.976979681273007,-2.4976651830414283,1.3407816270588269,-0.5388334653451912,4.777607374775762,-0.7904674774764704,1.013995259257106
44.0,167.0,143.72531127929688,-1.0316781127877643,2.682196758268466,-4.920572353972704,-4.976966812531112,-2.4976730962114764,1.3407808609781826,-0.5388348757318422,4.777617288282483,-0.7904667276910287,1.0139860015608768
44.0,167.0,143.7252960205078,-1.0316640584484364,2.682187870143537,-4.920568887866283,-4.976972640635473,-2.4976732892709186,1.3407860482475842,-0.5388394691317036,4.777600499141254,-0.790468118783048,1.0139833424582614
44.0,167.0,143.72531127929688,-1.0316974912669403,2.6821877336858337,-4.920573336512894,-4.976965288182412,-2.497694744622331,1.3407714026703914,-0.5388207920383916,4.777603000657457,-0.7904691000805446,1.013998216800882
44.0,167.0,143.7252960205078,-1.0316826268150252,2.682196553063294,-4.920573336852944,-4.976938315729844,-2.497677267405571,1.3407823299995814,-0.538832553176424,4.7776118626428445,-0.7904713429246586,1.0139874604206651
44.0,167.0,143.72531127929688,-1.0316730016432802,2.6821848019853336,-4.920573087103079,-4.976960047977128,-2.4976736000193247,1.340788549563138,-0.5388308310375809,4.777593350140005,-0.7904645572994387,1.0139841419489883
44.0,167.0,143.7252960205078,-1.031673953143167,2.6821793075447307,-4.920571460348499,-4.976972913910212,-2.4976719503738627,1.340781481891936,-0.53884221496702,4.777608142896408,-0.7904728188097279,1.0139869543534843
44.0,167.0,143.7252960205078,-1.0316891569309554,2.682197873355735,-4.920567065047387,-4.97695352702832,-2.497658634024142,1.3407743200805369,-0.5388325897683934,4.777606150540061,-0.7904635743961617,1.0139885203912318
44.0,167.0,143.7252960205078,-1.0316794165916985,2.682196750449462,-4.92057378216949,-4.976970316583819,-2.4976522266766263,1.340790140771313,-0.5388338475243852,4.777604652078743,-0.7904617586723495,1.013990418197764
44.0,167.0,143.7252960205078,-1.031679549847909,2.6821896570923904,-4.920579678445639,-4.976977926846561,-2.4976727263036174,1.3407826125629487,-0.5388222440977399,4.777609507274356,-0.790466502660057,1.0139949271055215
44.0,167.0,143.72531127929688,-1.0316787631797824,2.682200265675503,-4.920570554733811,-4.976938259350508,-2.497671508711892,1.3407914740943871,-0.5388376662241159,4.777604416453418,-0.7904708627572328,1.0139858434284097
44.0,167.0,143.7252960205078,-1.0316804138006046,2.6821984024613856,-4.920572762921547,-4.976946894335081,-2.4976734321216547,1.3407899308849212,-0.5388352232461564,4.777599413246815,-0.7904719294210176,1.0139917550007669
44.0,167.0,143.72531127929688,-1.0316918273170002,2.682184614803738,-4.920577927219256,-4.976960258438321,-2.497704918965203,1.3407678524123543,-0.5388281428603436,4.777642936992564,-0.790463248001557,1.01400016150913
44.0,167.0,143.72531127929688,-1.0316932974574304,2.6822136993844,-4.92056218703442,-4.976967889741451,-2.4976793928377097,1.340773010455699,-0.5388351811633267,4.777617782466626,-0.7904745858178694,1.014002897818349
44.0,167.0,143.72531127929688,-1.0316720499786851,2.682191093236784,-4.920583421363728,-4.976957864760474,-2.4976858139441687,1.3407701760241526,-0.5388200808320924,4.777611718020024,-0.7904692898764933,1.0139967280830078
44.0,167.0,143.7252960205078,-1.0316822268262271,2.68222574216528,-4.920568760919375,-4.976970427507705,-2.4976613291440715,1.3407889300152238,-0.5388420105771878,4.777598370150132,-0.7904678721242933,1.0139878430511722
44.0,167.0,143.7252960205078,-1.0316827033726588,2.682207573782338,-4.920563414230332,-4.976979482963876,-2.49766703946644,1.34078928579053,-0.5388253533434382,4.777603930965974,-0.7904703112577698,1.0140078680685385
44.0,167.0,143.72531127929688,-1.0316872102167398,2.682203635031245,-4.92056831821528,-4.976953394849822,-2.4977004326048857,1.3407761374687457,-0.5388351467596451,4.777607510728018,-0.7904641043780023,1.0139940247873866
44.0,167.0,143.7252960205078,-1.0316935435620902,2.6822032567836738,-4.920576356675955,-4.97695362480937,-2.4976654547846264,1.3407820397393042,-0.5388315825259014,4.777602679472153,-0.7904704798608213,1.0139888337176757
44.0,167.0,143.7252960205078,-1.0316944165274822,2.682202405907079,-4.9205718821331255,-4.97697264190038,-2.4976785085361985,1.340773231426141,-0.5388327025952808,4.77762228533202,-0.790470275795184,1.0139993410518056
44.0,167.0,143.7252960205078,-1.0316666394839151,2.682193141107364,-4.920572363172416,-4.976978383207039,-2.4976811846893265,1.340781546739132,-0.5388395983570611,4.777613480633413,-0.7904649028360637,1.0139898519609716
44.0,167.0,143.72531127929688,-1.031679668622612,2.682192141598742,-4.920564980170767,-4.976955263185095,-2.4976714841629697,1.3407812154906915,-0.5388300924185305,4.777598012253245,-0.7904652649176285,1.013995596125536
44.0,167.0,143.72531127929688,-1.031681587368873,2.6822021551086737,-4.920564647426247,-4.9769685005360165,-2.4976884292252866,1.3407836724702251,-0.5388379144609603,4.777624985181291,-0.790468876843021,1.0140030468948265
44.0,167.0,143.7252960205078,-1.0316727318763248,2.682162053339054,-4.920590154187219,-4.976990060779745,-2.4976725793183374,1.3407708202652362,-0.5388173648861212,4.777608081842912,-0.7904675519334763,1.0139955815127868
44.0,167.0,143.72531127929688,-1.031662849160837,2.682196452296525,-4.920559282215335,-4.97695593616422,-2.4976786930130954,1.3407759296888786,-0.5388365947659146,4.777619654157139,-0.790475403270344,1.01399428362771
44.0,167.0,143.72531127929688,-1.0316732445550998,2.682206430563669,-4.92056553637719,-4.976983442264328,-2.497676558371755,1.3407872297892247,-0.5388427248285961,4.777616128574161,-0.790470366895903,1.0139882061535008
44.0,167.0,143.72531127929688,-1.0316827496800296,2.6821993650564213,-4.920573745205212,-4.976967302057313,-2.4976678565645583,1.3407812211909729,-0.5388312144681766,4.777606392836464,-0.7904620894648726,1.013991392726008
44.0,167.0,143.7252960205078,-1.0316826408885564,2.682180627950044,-4.920566066755828,-4.976960644460293,-2.4976865229900973,1.3407745280510124,-0.5388330122878928,4.777625684069889,-0.7904705542117458,1.013993852240917
44.0,167.0,143.72531127929688,-1.0316706743245962,2.682223214725532,-4.920549200374212,-4.976957330372267,-2.4976692875657225,1.3407692134001348,-0.5388386414865112,4.777605089174758,-0.7904679027336288,1.0139906641575998
44.0,167.0,143.7252960205078,-1.0316921854992138,2.682212122206064,-4.920575789769631,-4.976953798377575,-2.4976751329959885,1.3407806645887534,-0.5388214203803603,4.777596511406825,-0.790465643496784,1.0139989839014767
44.0,167.0,143.7252960205078,-1.0316842180003265,2.682192726461988,-4.920566672827421,-4.976954231845066,-2.497675141774203,1.3407809618266435,-0.5388329020150531,4.777607502437276,-0.7904657320779602,1.013989253169207
44.0,167.0,143.7252960205078,-1.0316785857055426,2.6822006888814016,-4.920550028431413,-4.976963011213758,-2.4976576649394184,1.3407854927434606,-0.5388448329526865,4.777610761060441,-0.7904647209857032,1.013984178801982
44.0,167.0,143.72531127929688,-1.0316738798400666,2.6821923597262565,-4.920567724839695,-4.976971474302044,-2.49766886434248,1.3407806859882196,-0.5388306539125072,4.777612357388833,-0.7904675084018509,1.013997745510614
44.0,167.0,143.7252960205078,-1.031673146452186,2.6821968346706724,-4.920561571289479,-4.976972117156699,-2.49767509321736,1.3407800856678591,-0.5388398762272555,4.777610047024517,-0.7904653883574495,1.0139921573165411
44.0,167.0,143.72531127929688,-1.0316812299016602,2.6822047581715625,-4.920577103171342,-4.9769541408896165,-2.497688326368801,1.3407788142092265,-0.5388341426781,4.777599286145799,-0.7904712287698761,1.0139940900868103
44.0,167.0,143.7252960205078,-1.0316976640382918,2.682195391675537,-4.920587718067232,-4.976984857211731,-2.4977003080086853,1.3407774216480348,-0.538822549760595,4.777627306320861,-0.7904674912619871,1.0140083976924616
44.0,167.0,143.72531127929688,-1.0316738477190643,2.682202225973884,-4.920563140925809,-4.976968461849163,-2.4976548479545544,1.340784351876712,-0.538834252858913,4.777603163209358,-0.790466729714999,1.0139853780659127
44.0,167.0,143.7252960205078,-1.031675594414414,2.682216988726239,-4.920562477586751,-4.976960113903265,-2.49765561480334,1.3407848548172288,-0.538829574042766,4.777604020697076,-0.7904650659913308,1.0139930353260764
44.0,167.0,143.72531127929688,-1.0316781626819165,2.6822180886794307,-4.920563859679108,-4.97697879103441,-2.4976724968905173,1.3407800047853442,-0.5388329409208072,4.7776134835000885,-0.790470754488755,1.013995022244858
44.0,167.0,143.7252960205078,-1.0316778556954542,2.6821776069800576,-4.920551684019574,-4.976946168517649,-2.4976681396518656,1.3407832737093788,-0.5388364638265033,4.777600041945304,-0.790469698384106,1.013986395319522
44.0,167.0,143.7252960205078,-1.031673510163582,2.682206505948078,-4.920567774343349,-4.976969101567231,-2.4976807571196247,1.340777817991512,-0.5388262968821973,4.77760021908488,-0.7904650376007751,1.0139928490115295
44.0,167.0,143.7252960205078,-1.0316739282770082,2.6821886017524807,-4.920563881321686,-4.97695084750974,-2.4976761579594564,1.3407802477301658,-0.5388399508381401,4.777619407398152,-0.7904760955069285,1.0139901037877106
44.0,167.0,143.72531127929688,-1.0316762486083175,2.6822098711686184,-4.920566531818045,-4.976981729428649,-2.497688093798512,1.3407836997619462,-0.5388379577400855,4.777619351824836,-0.7904609358540817,1.014001658996257
44.0,167.0,143.7252960205078,-1.0316883634518974,2.6821873738030613,-4.920582635157163,-4.976954593529417,-2.4976873806038284,1.3407780213713902,-0.5388232397252954,4.77759075891392,-0.7904687138040067,1.013996191149423
44.0,167.0,143.7252960205078,-1.0316833997335428,2.682176669516388,-4.92056545282099,-4.976960030734182,-2.4976835712336865,1.3407793812428397,-0.5388249323275494,4.777607970992492,-0.7904632769996436,1.013991806518856
44.0,167.0,143.7252960205078,-1.0316803563523096,2.6822057089869125,-4.920564829074737,-4.9769497637671565,-2.497674331831002,1.3407726690356805,-0.5388303020838583,4.7776099317839495,-0.7904666376211491,1.013995530997457
44.0,167.0,143.7252960205078,-1.0316725704517853,2.682199323466325,-4.920575655633928,-4.97695293007832,-2.497667390172238,1.3408021390593836,-0.5388363691487204,4.777594544671379,-0.790470063165662,1.0139814579458148
44.0,168.0,143.7252960205078,-1.0316875206026048,2.6821968759821715,-4.920568579359249,-4.976977161398227,-2.497686571732201,1.3407781620131578,-0.5388244314385213,4.777614822632769,-0.7904668443589484,1.013999907401045
44.0,168.0,143.7252960205078,-1.0316893610114413,2.6821899209362075,-4.920578630551333,-4.976968251181089,-2.4976796405638395,1.3407713022541392,-0.5388275061210335,4.777604100112274,-0.7904684722045054,1.0139946937137143
44.0,168.0,143.72531127929688,-1.03169695234506,2.682184613032268,-4.920578038808141,-4.976948933801419,-2.4977044787270613,1.340768482122371,-0.5388297232781012,4.777627206418643,-0.7904696268788216,1.014000634934387
44.0,168.0,143.7252960205078,-1.0316699015603708,2.68219108396842,-4.920563916315145,-4.976970195837678,-2.497671561726038,1.3407819960316294,-0.5388376854905994,4.777619671390523,-0.7904717868444697,1.0139898322547305
44.0,168.0,143.7252960205078,-1.0316823516978977,2.682199127969965,-4.920566714927055,-4.97696751628578,-2.497659842325844,1.3407810476699638,-0.5388335415020222,4.777616271624041,-0.7904668756502655,1.0139915012078389
44.0,168.0,143.72531127929688,-1.0316648819399998,2.6821880523036965,-4.920574738439899,-4.976966753639244,-2.4976724488315263,1.340784649320815,-0.5388434330641765,4.777606292403991,-0.7904719912323923,1.013983507986369
44.0,168.0,143.72531127929688,-1.0316698812301683,2.682209574305075,-4.920566666261223,-4.97696535081129,-2.4976696440902995,1.340789255113001,-0.5388459750674937,4.777617739771728,-0.7904711698815206,1.0139942272912226
44.0,168.0,143.7252960205078,-1.031692700186036,2.682194204643582,-4.920579285850705,-4.976972152936304,-2.4976763240828923,1.3407793192144393,-0.5388260296083498,4.777609023368202,-0.7904705797447695,1.0139966894971888
44.0,168.0,143.7252960205078,-1.0316776384879436,2.6821910088816345,-4.920583687248898,-4.976951182208365,-2.497665946336632,1.3407822487798136,-0.5388323094561445,4.777585667384395,-0.7904690742516456,1.0139882170780048
44.0,168.0,143.72531127929688,-1.0316843282801913,2.682183140172963,-4.920574257515052,-4.976964067001642,-2.497668209850591,1.340786682545127,-0.5388267875254504,4.777602937834821,-0.7904682341130602,1.0139926231428396
44.0,168.0,143.7252960205078,-1.031670764100538,2.682195878655751,-4.920576040591996,-4.976969927795545,-2.497670352107822,1.3407897863875444,-0.5388270548657097,4.777607767729274,-0.7904668959967589,1.013994670960102
44.0,168.0,143.72531127929688,-1.031670339332516,2.6821656847528663,-4.920580176637311,-4.9769741557077145,-2.49767428231021,1.3407803000570446,-0.5388246339496234,4.777605787418105,-0.790473193900664,1.0139942174693068
44.0,168.0,143.72531127929688,-1.0316933386081415,2.682199645166841,-4.92057335895344,-4.976975539007263,-2.4976824653972542,1.3407805752104558,-0.5388221471134873,4.777615004843078,-0.790469496858563,1.01399827201009
44.0,168.0,143.72531127929688,-1.0316681734675974,2.6821728371412155,-4.920564612836399,-4.976974827429272,-2.4976677261540914,1.3407834758339463,-0.5388225693423818,4.777606487861759,-0.7904673433501586,1.0139956956347174
44.0,168.0,143.72531127929688,-1.0316769079336203,2.682190372303088,-4.92057209838451,-4.976964246762878,-2.4976745768546755,1.3407782601518727,-0.5388308865657043,4.777605119465202,-0.7904627121303225,1.0139897421032442
44.0,168.0,143.72531127929688,-1.0316715898956463,2.682198372095236,-4.920584381572535,-4.976979523517175,-2.4976623545603283,1.3407971310005662,-0.5388303180034644,4.777606524816076,-0.7904703060367275,1.013991973857049
44.0,168.0,143.72531127929688,-1.031683604974889,2.682199738388709,-4.920570456418175,-4.976973450344244,-2.497685861937222,1.340775485582821,-0.5388273706690914,4.777621986835454,-0.7904664894614859,1.014002924364238
44.0,168.0,143.72531127929688,-1.0316825017318614,2.6821925577777472,-4.920587765550647,-4.976988984939942,-2.4976888688783143,1.3407785442955529,-0.5388239454113677,4.777605727634741,-0.7904602909915344,1.0139990774051029
44.0,168.0,143.7252960205078,-1.0316763887123752,2.6822069972182385,-4.920567884740896,-4.976972364881889,-2.497667155080836,1.3407868485959185,-0.5388295333952806,4.777617828459061,-0.7904681209224922,1.0139952003435706
44.0,168.0,143.7252960205078,-1.0316889825345092,2.6821950995477994,-4.9205700806255175,-4.976964832049935,-2.4976853804338086,1.3407800530364522,-0.5388222690495503,4.777617102592872,-0.7904667960044884,1.0139910811273012
44.0,168.0,143.72531127929688,-1.0316975088951108,2.6821904058300365,-4.920572623550819,-4.976976288826402,-2.497674270025313,1.3407792329512125,-0.5388169413832822,4.777608768485036,-0.7904669518428422,1.013999530494841
44.0,168.0,143.7252960205078,-1.0316830997795097,2.682209967130341,-4.920577210428406,-4.976961068738835,-2.4976775020980484,1.340787539622191,-0.5388220022011527,4.777597871435487,-0.7904643377780181,1.013995879982211
44.0,168.0,143.72531127929688,-1.0316798159159912,2.682202652533716,-4.920574970837874,-4.976962917104627,-2.4976691381036065,1.34078948165077,-0.5388288381281967,4.777601329333583,-0.7904680097741954,1.01399417121592
44.0,168.0,143.72531127929688,-1.031680678830293,2.682178457620044,-4.920581835108609,-4.976971731493152,-2.497687158530741,1.340771558144521,-0.5388268766220499,4.777617489413478,-0.790470424665461,1.0140027050035147
44.0,168.0,143.72531127929688,-1.0316840732782566,2.6822046050731174,-4.92057676685844,-4.976968484309224,-2.4976843218084954,1.3407859677474772,-0.5388292709679217,4.777617352026679,-0.7904680500482391,1.014002342235198
44.0,168.0,143.72531127929688,-1.031678779465262,2.682188402787596,-4.920559247871792,-4.976961307914983,-2.4976612569227266,1.340774942114197,-0.5388254757372941,4.77761435991593,-0.7904743908760112,1.013996596772965
44.0,168.0,143.72531127929688,-1.03167700887882,2.6822027793032817,-4.920578436072817,-4.976965429078498,-2.497673671719685,1.3407798183639663,-0.5388363737196222,4.777601448352954,-0.7904674416391693,1.0139940329021035
44.0,168.0,143.72531127929688,-1.0316947993197418,2.6821915574012465,-4.920573197600548,-4.976959554777984,-2.49767726912299,1.34078349175475,-0.5388253229251427,4.777604571305002,-0.7904714860689577,1.0139946851040849
44.0,168.0,143.7252960205078,-1.0316797870085388,2.682203902727447,-4.920562896456514,-4.9769633381066445,-2.497676555316389,1.3407772649065697,-0.5388333597792432,4.777608914080084,-0.7904694217440236,1.0139986598348116
44.0,168.0,143.72531127929688,-1.0316756980719792,2.6821894928156853,-4.9205792966999145,-4.976969683839106,-2.4976725226698586,1.340776853833237,-0.5388321546236927,4.777606815544008,-0.7904670026190788,1.0139969852556714
44.0,168.0,143.72531127929688,-1.0316770995261488,2.682189846636268,-4.920569645362798,-4.9769661192678125,-2.497661429047109,1.340791658647663,-0.5388257970284602,4.777601907288883,-0.790468068222788,1.013986244555953
44.0,168.0,143.72531127929688,-1.0316898592628163,2.682194412660058,-4.920585094330412,-4.976963484523512,-2.497690426427825,1.3407855615785778,-0.5388225826042099,4.777599332686032,-0.790466227761577,1.0140000716929247
44.0,168.0,143.7252960205078,-1.0316938811405398,2.682188420899535,-4.920578385749542,-4.976941898481899,-2.497675921430984,1.3407846601066271,-0.5388283583432054,4.777602269960585,-0.7904706632461433,1.013992087255172
44.0,168.0,143.72531127929688,-1.031674152321587,2.682194390764349,-4.920574350372988,-4.976970861258902,-2.497669343963796,1.3407731658768132,-0.5388347491151038,4.777616158323433,-0.7904683701020003,1.0139924597801002
44.0,168.0,143.7252960205078,-1.0316876877455785,2.682197251028872,-4.920571131885331,-4.976971047654588,-2.497680580324684,1.3407821348362925,-0.5388264734263561,4.777608134486318,-0.7904675335516886,1.0139971161379782
44.0,168.0,143.72531127929688,-1.0316874247577617,2.6821939559061905,-4.9205709400706015,-4.976974989192207,-2.49768028944942,1.3407757037415615,-0.5388202962585034,4.777622270058682,-0.790468781055921,1.0140033607193386
44.0,168.0,143.72531127929688,-1.0316926970633895,2.682197243741058,-4.920582236526549,-4.976958769923715,-2.4976848489762498,1.3407739492365032,-0.5388319502586221,4.777612068327109,-0.7904669142934209,1.0139947362292183
44.0,168.0,143.72531127929688,-1.0316735268654091,2.6821941822613846,-4.9205792460014965,-4.976966012586749,-2.497672776361348,1.3407831227458935,-0.538836943691976,4.777626726853878,-0.7904698148923037,1.0139953239238553
44.0,168.0,143.7252960205078,-1.0316875022101923,2.6822035674200686,-4.920569773769112,-4.9769583092444725,-2.4976776272052787,1.340781648944111,-0.5388415548292,4.777605616602612,-0.7904705933206753,1.0139908091653451
44.0,168.0,143.72531127929688,-1.0316839084061238,2.682213178753864,-4.920550710059118,-4.976958539106882,-2.4976783912461107,1.34076943392221,-0.5388418521283747,4.777613695002943,-0.7904687100313721,1.013989889913467
44.0,168.0,143.72531127929688,-1.0316687135788287,2.6821866527738667,-4.920560581270965,-4.976975296029085,-2.4976783211417546,1.340773764983755,-0.5388396274854692,4.77762095940853,-0.7904644192787513,1.0139945542098348
44.0,168.0,143.7252960205078,-1.0316742881872032,2.682203046111379,-4.920575546806036,-4.976956725850901,-2.4976705127916503,1.3407766147589577,-0.5388329573861341,4.77761157561047,-0.7904737546107707,1.0139993206764295
44.0,168.0,143.72531127929688,-1.031665349128243,2.6821685868973733,-4.920573530544383,-4.976973217667148,-2.497670418160564,1.3407759470141114,-0.5388267131950242,4.777602707345945,-0.7904712184383698,1.013988268744944
44.0,168.0,143.72531127929688,-1.0316842967611484,2.6821813780312285,-4.920563890897675,-4.976952077570125,-2.49767660228245,1.3407740577490532,-0.5388297541584661,4.77760687272615,-0.7904715239102389,1.0139900016578771
44.0,168.0,143.7252960205078,-1.031693387288695,2.682177309201153,-4.920571940942678,-4.976953083566325,-2.4976737203478216,1.340765219759506,-0.5388260467363981,4.777611277384304,-0.7904634198353708,1.0139906781087458
44.0,168.0,143.72531127929688,-1.0316820770222086,2.682193619088901,-4.920591302674162,-4.9769663840201925,-2.4976842560483856,1.3407911408446245,-0.5388257547182445,4.777610116445221,-0.7904706831458173,1.0139929456995531
44.0,168.0,143.7252960205078,-1.0316770205186137,2.6821976887269976,-4.920565865073586,-4.97695845492901,-2.497677999847516,1.340780927371842,-0.5388350371976394,4.777601974444234,-0.7904672156124644,1.013987870656984
44.0,168.0,143.72531127929688,-1.0316821302308972,2.6822010106902727,-4.920567173885402,-4.976945567770286,-2.497673320080404,1.34077208087548,-0.5388318023167971,4.777600944624172,-0.7904645773715258,1.0139948168349768
44.0,168.0,143.7252960205078,-1.0316708675616453,2.6821882772209102,-4.920566684438189,-4.976975434984334,-2.4976724646041824,1.340774805696304,-0.5388329241427439,4.777621894914017,-0.790470761465218,1.0140026442649397
44.0,168.0,143.7252960205078,-1.0316905734199064,2.682179816850857,-4.920580476578118,-4.976953545830105,-2.4976853184366976,1.340777255716552,-0.5388278521687475,4.777620578355009,-0.7904705981076852,1.0139975877526064
44.0,169.0,143.7252960205078,-1.0316904715593744,2.682205811921694,-4.920577204173387,-4.976963838783632,-2.4976648925338334,1.340779954738684,-0.5388271278516026,4.777607284032211,-0.7904691747893562,1.0139939375207003
44.0,169.0,143.7252960205078,-1.0316883096524083,2.6821983243103853,-4.92057296494768,-4.97696163308678,-2.497682243593265,1.340770869856792,-0.5388337263474199,4.777612936353107,-0.7904665644011608,1.0139942344074884
44.0,169.0,143.7252960205078,-1.0316792131081782,2.682197410753343,-4.92056550616793,-4.976962301487389,-2.497671763646992,1.3407734788828556,-0.5388380285307388,4.777611303863242,-0.790470448437345,1.0139881932917785
44.0,169.0,143.72531127929688,-1.0316712514840432,2.6822025736781434,-4.920568545428517,-4.97695973180137,-2.4976651061153747,1.3407798458193565,-0.5388304722118225,4.777606269283751,-0.7904692355783247,1.0139942254276422
44.0,169.0,143.7252960205078,-1.031688548473566,2.6822115260131696,-4.92057124511128,-4.976981834721348,-2.497687618806674,1.3407789574008009,-0.5388275387107573,4.777614391414881,-0.7904628711381232,1.0140031242139873
44.0,169.0,143.72531127929688,-1.0316817837505217,2.6821938667966734,-4.920574437773579,-4.976951924284079,-2.4976691389808083,1.3407757262290971,-0.5388285757821452,4.777597657911556,-0.7904698451801275,1.0139921701320669
44.0,169.0,143.7252960205078,-1.0316817519256958,2.6821896720961007,-4.920575143073375,-4.976951424321146,-2.497674971476544,1.3407733633481858,-0.5388309729612697,4.777605506237352,-0.7904667891920276,1.0139984272636573
44.0,169.0,143.7252960205078,-1.031685243096767,2.682205135817558,-4.920560698951501,-4.976957891159283,-2.4976780711904385,1.3407893276709082,-0.5388367347318832,4.777597103875365,-0.7904649711016525,1.0139871330247328
44.0,169.0,143.72531127929688,-1.0316796829934685,2.682180632414349,-4.920577129477331,-4.976980520789762,-2.497673229356017,1.3407833109171658,-0.5388215096049791,4.777610166976666,-0.7904669531500144,1.013998170444875
44.0,169.0,143.7252960205078,-1.0316752319905431,2.682202002774254,-4.920560217187788,-4.976975577703194,-2.4976751808308344,1.3407895598268285,-0.5388308431286326,4.777610944299651,-0.790468260163184,1.013996578711441
44.0,169.0,143.72531127929688,-1.0316870009884234,2.6821840321149857,-4.9205619938010186,-4.976950041753915,-2.497689136532748,1.34078093290462,-0.538829524891935,4.77760948541305,-0.7904714148711403,1.0139945278223
44.0,169.0,143.7252960205078,-1.0316831964827768,2.6821937493155854,-4.920565822786296,-4.976976704068525,-2.4976851920017147,1.3407795018849713,-0.5388296109218027,4.77761458383657,-0.7904675422039595,1.0139966249939452
44.0,169.0,143.7252960205078,-1.0316886846142492,2.6822071061399857,-4.9205603937184,-4.976953373044749,-2.4976712935288115,1.3407716427774157,-0.5388374589978371,4.777620990865696,-0.7904681007202967,1.0139913245378898
44.0,169.0,143.72531127929688,-1.031690809216308,2.682197628209595,-4.920567186800694,-4.97694363769837,-2.497683956008809,1.3407770908169834,-0.5388246850186231,4.777608193737144,-0.7904671621212955,1.0139949966920998
44.0,169.0,143.72531127929688,-1.031678615335255,2.682205783397693,-4.920559089329667,-4.976956708396326,-2.497665415445129,1.3407875148511836,-0.5388391416188618,4.777608264165217,-0.7904659981225084,1.0139882675999117
44.0,169.0,143.72531127929688,-1.0316909710893016,2.682181200677247,-4.920573089122261,-4.976961894286172,-2.4976866108738136,1.340778180336982,-0.5388258697198802,4.777617010306084,-0.7904700488900298,1.014000329937165
44.0,169.0,143.72531127929688,-1.031686565917279,2.682180959075432,-4.92057673067952,-4.976973294706791,-2.4976852935198,1.3407744633817271,-0.538832120306405,4.777621079063536,-0.7904718208081354,1.0140002235434045
44.0,169.0,143.72531127929688,-1.0316865892607456,2.682207864887792,-4.92056921689475,-4.976967871411467,-2.497682664612367,1.3407797487970372,-0.5388280404869636,4.777613278039826,-0.7904689080565515,1.0139968839559526
44.0,169.0,143.72531127929688,-1.0316832843881354,2.6821960315305144,-4.920571713542166,-4.9769602566480415,-2.497678977955701,1.3407698046047942,-0.5388264971455001,4.7776083844384765,-0.7904713697769914,1.0140034946505958
44.0,169.0,143.7252960205078,-1.0316705096998522,2.6822175881003663,-4.920562435992065,-4.976982869280356,-2.497667474416812,1.3407852239182363,-0.5388372444770013,4.777612538801785,-0.7904675290769809,1.0139963245810826
44.0,169.0,143.72531127929688,-1.031693501341036,2.682203282166041,-4.920557838085937,-4.976964757121791,-2.497684318060565,1.340772594695249,-0.5388322116008251,4.777619787174045,-0.7904703974223946,1.0140014622754734
44.0,169.0,143.72531127929688,-1.031680116081624,2.682200006347781,-4.920550824202558,-4.976951276533851,-2.497672715662971,1.3407779317931965,-0.538828984743283,4.777601223062371,-0.7904665035207081,1.0139895850515297
44.0,169.0,143.72531127929688,-1.0316927018458726,2.6821951363024823,-4.9205712316819845,-4.976961733520712,-2.4976819521012503,1.3407731559868914,-0.5388266182885095,4.777614108199209,-0.790465434619807,1.0139987681153473
44.0,169.0,143.7252960205078,-1.0316724220964248,2.6821919174967377,-4.920572186367754,-4.976957384472558,-2.497671915277471,1.340785999165882,-0.5388307078982209,4.777600307164216,-0.7904670758361458,1.0139877638775865
44.0,169.0,143.72531127929688,-1.031690849400432,2.6821831653424617,-4.920576086187193,-4.97698528945767,-2.4977016215082664,1.3407784514726364,-0.5388231568613087,4.777627857953576,-0.7904676174808909,1.0140027352230527
44.0,169.0,143.72531127929688,-1.0316868589059518,2.6821938319492924,-4.920569830536532,-4.9769573953603325,-2.4976668705542853,1.3407794991123625,-0.5388280859557595,4.777604636497312,-0.7904676090589504,1.0139893993173654
44.0,169.0,143.7252960205078,-1.0316873276564764,2.6821877204444817,-4.920559851588052,-4.976964551615136,-2.4976838250656903,1.3407774060168656,-0.5388321831962735,4.777618915496557,-0.7904688340469948,1.013997520693212
44.0,169.0,143.72531127929688,-1.031688783954004,2.682200332116854,-4.920578893391941,-4.976977955381488,-2.497673083777124,1.3407786793903824,-0.5388228915546156,4.7776081415581295,-0.7904684257954768,1.0139970054257708
44.0,169.0,143.72531127929688,-1.0316931651608598,2.682183898188822,-4.920585637204655,-4.976972998822749,-2.4976887604019766,1.3407712545051638,-0.5388291192503933,4.77762279858368,-0.7904681342493101,1.0140009843409388
44.0,169.0,143.72531127929688,-1.0316742687429574,2.682194848274412,-4.920555747207637,-4.976958512174308,-2.4976800230436065,1.3407857548937514,-0.5388379199773876,4.777606161711374,-0.7904720113657895,1.0139924963772176
44.0,169.0,143.7252960205078,-1.0316824946497205,2.682200255578775,-4.920569607371705,-4.976972577927842,-2.497682037796978,1.340775556156454,-0.5388323855076802,4.777610525206379,-0.7904680671471489,1.014000744332587
44.0,169.0,143.72531127929688,-1.0316845047617464,2.682174634732755,-4.920570860619406,-4.976971836037111,-2.497681599396799,1.340766516949384,-0.5388286895655403,4.7776177951128656,-0.7904674946918453,1.0139984575637584
44.0,169.0,143.72531127929688,-1.0316734989702114,2.682187537639765,-4.920571258534872,-4.976958814989367,-2.497664994879546,1.3407872661771467,-0.5388226671259799,4.777598674478622,-0.7904657023982828,1.0139882126194075
44.0,169.0,143.7252960205078,-1.0316853108901198,2.6821879998877023,-4.920567821800158,-4.976961656849479,-2.497688142552354,1.3407807022246845,-0.538829434597135,4.777615001514645,-0.7904701929507114,1.013991529290025
44.0,169.0,143.72531127929688,-1.0316892094441084,2.68219999381334,-4.920578506477568,-4.976962567554294,-2.497678417206673,1.34077282938176,-0.5388366015433768,4.777613499749991,-0.7904684228390231,1.0139946384337772
44.0,169.0,143.72531127929688,-1.0316859544747654,2.6821925297208296,-4.920554989497638,-4.976944200156217,-2.497675717984026,1.34077047389143,-0.5388332589349867,4.777613175260338,-0.7904713957634648,1.013988464975803
44.0,169.0,143.72531127929688,-1.0316774329659166,2.682197421592889,-4.9205686859083,-4.976947708550644,-2.4976610967947,1.3407857689606386,-0.5388333208637031,4.777602403716644,-0.7904711883003639,1.0139848780006044
44.0,169.0,143.7252960205078,-1.0316725402894864,2.6822021447154887,-4.920586580095171,-4.976962285725302,-2.4976657641189752,1.3407799528110251,-0.5388349453254442,4.777607477991388,-0.7904637592180386,1.013986681656144
44.0,169.0,143.7252960205078,-1.0316906255664655,2.6822036635988784,-4.9205669248016655,-4.976975976225206,-2.497678242610432,1.3407672375258164,-0.5388225466601337,4.777613195794878,-0.7904652873666134,1.0140102467443572
44.0,169.0,143.72531127929688,-1.0316878430257113,2.6821904650344024,-4.920557127953621,-4.9769539264323095,-2.4976724446959144,1.3407802972778358,-0.5388304062840774,4.777619288354538,-0.7904691323016309,1.013993438690152
44.0,169.0,143.72531127929688,-1.0316856434485082,2.682193673495932,-4.920573136537114,-4.976968935482385,-2.49768566339756,1.3407733091260514,-0.5388324535915432,4.777611046720994,-0.7904654598725758,1.0139958047741864
44.0,169.0,143.7252960205078,-1.0316907430411,2.682204515856034,-4.920564633618145,-4.976932006001592,-2.4976837183931524,1.3407893869366871,-0.5388220820153355,4.77758498701173,-0.7904717242203327,1.013991197439851
44.0,169.0,143.7252960205078,-1.0316930179379111,2.68220001524207,-4.920566920989565,-4.976955548907027,-2.4976854268275783,1.3407731760093524,-0.5388323375902804,4.777619359767126,-0.7904678255769007,1.0139962931653876
44.0,169.0,143.7252960205078,-1.031681821153704,2.6822014063413766,-4.920570476869133,-4.976970689069828,-2.497674729869792,1.3407832746375838,-0.5388346301350229,4.777611035010542,-0.7904614616608674,1.0139892577768936
44.0,169.0,143.72531127929688,-1.0316861049541668,2.682188864132775,-4.92057619441293,-4.976948359984201,-2.4976810863922614,1.340773511638944,-0.5388331646573539,4.777605167696635,-0.7904669973492116,1.013991727955088
44.0,169.0,143.7252960205078,-1.0316844444153714,2.682198416619776,-4.920551453403751,-4.976957055817181,-2.497671519901469,1.3407800567884696,-0.53884093675493,4.777613089800537,-0.7904711103359414,1.0139877312912429
44.0,169.0,143.72531127929688,-1.0316830765567735,2.682209461002774,-4.920557637838673,-4.976973070374506,-2.497683656273391,1.340782370390949,-0.538824303540359,4.777606706617936,-0.7904683031278408,1.0140019803767766
44.0,169.0,143.72531127929688,-1.031679717284467,2.682194606762732,-4.920561608537933,-4.976976816936876,-2.497667396445163,1.3407764117295269,-0.538829624879936,4.777615528484612,-0.7904630206161389,1.013999229346516
44.0,169.0,143.72531127929688,-1.031684456555459,2.682196642092726,-4.920569677199805,-4.976963677753782,-2.497662694642815,1.3407843829409236,-0.5388239255322169,4.777598718252934,-0.7904676869808602,1.0139970916586405
44.0,169.0,143.72531127929688,-1.0316909710766025,2.682177829632648,-4.920570128811561,-4.976940334437977,-2.4976730850227806,1.340776995001117,-0.5388315526571583,4.777608340339954,-0.7904686973525408,1.013979449140324
44.0,170.0,143.72531127929688,-1.0316807286364442,2.6821855330397284,-4.92057346104745,-4.9769632615809245,-2.4976715783884176,1.3407828590032338,-0.5388311328926667,4.777606822394242,-0.7904694711574027,1.01399357356759
44.0,170.0,143.7252960205078,-1.0316905604596682,2.68219186422142,-4.920565697555255,-4.976961947028231,-2.497677314854533,1.3407766278552398,-0.5388247214560788,4.777616859927363,-0.7904673872019847,1.0139992862161904
44.0,170.0,143.7252960205078,-1.031679512818065,2.682198621280425,-4.920564560969697,-4.976963631737193,-2.4976750976619218,1.3407751958660068,-0.5388302674449719,4.777606326575288,-0.7904693313967144,1.0139885949732674
44.0,170.0,143.7252960205078,-1.031683357612437,2.682200447571508,-4.920559638780448,-4.976951393687255,-2.497663755798832,1.340781822255238,-0.538834885578682,4.777609838448566,-0.7904688499842045,1.013990016852082
44.0,170.0,143.7252960205078,-1.0316798986957036,2.682183021274655,-4.9205666630622025,-4.976967508832971,-2.497676523268046,1.3407759702899078,-0.5388307576840479,4.777616800023765,-0.790463748075795,1.013993637190942
44.0,170.0,143.7252960205078,-1.0316949658206909,2.68220242557368,-4.92056932900078,-4.976954389421015,-2.497685634734588,1.3407756522910743,-0.5388235649983706,4.777600174453029,-0.790466928583534,1.0139955481308585
44.0,170.0,143.7252960205078,-1.0316870038579085,2.682210159889752,-4.9205700678026005,-4.976965483324168,-2.4976772243901744,1.340773358791436,-0.5388280948996504,4.777612684827872,-0.7904631494471754,1.0139940323271803
44.0,170.0,143.7252960205078,-1.03168936534848,2.6821920098713337,-4.920563267459404,-4.976954362474524,-2.4976731066066256,1.34077720395622,-0.5388317801667073,4.777608664404845,-0.7904672488302014,1.0139889901931571
44.0,170.0,143.7252960205078,-1.0316857853882926,2.6822043839495144,-4.9205699012741535,-4.976974588044276,-2.497681331286408,1.340780757476927,-0.5388338756774189,4.777622248856911,-0.7904665345008635,1.0139926489113806
44.0,170.0,143.7252960205078,-1.031684394492646,2.682226502587989,-4.920562756008331,-4.976963422084064,-2.497673608196246,1.340790412904303,-0.5388337996351069,4.777601688809648,-0.7904690461938877,1.0139959509609042
44.0,170.0,143.72531127929688,-1.0316842123100582,2.682206137642832,-4.92057120977393,-4.976964095055784,-2.4976742334708755,1.340774117623292,-0.5388238696717815,4.777600293588213,-0.790470273851974,1.0140006349347486
44.0,170.0,143.7252960205078,-1.0316821959515057,2.682199856283657,-4.920575173254694,-4.976966612390831,-2.4976820360380527,1.3407815477592937,-0.538833724607338,4.777614479699434,-0.7904695016549459,1.0139968746353132
44.0,170.0,143.72531127929688,-1.0316906971378117,2.682178656698216,-4.92057101121988,-4.976978253990264,-2.497679626244343,1.340781789068166,-0.5388234434997266,4.777606379644904,-0.7904667007018205,1.013994130730941
44.0,170.0,143.7252960205078,-1.0316952323481612,2.6821791759968896,-4.920575217874805,-4.976954955999541,-2.4976882370304274,1.3407761019773474,-0.5388270767034733,4.777611762109736,-0.790470326711282,1.013994948398783
44.0,170.0,143.7252960205078,-1.0316864410996471,2.6821853824304736,-4.920566502723188,-4.976958052174243,-2.4976706896728103,1.3407735104495035,-0.5388278283757248,4.777606941866365,-0.7904672518259694,1.013993162473171
44.0,170.0,143.7252960205078,-1.0316979351103783,2.682191245986804,-4.920577944605324,-4.976973188900442,-2.497682473582741,1.3407728694797818,-0.5388194464363529,4.77761074218159,-0.7904686086565214,1.0140006158171282
44.0,170.0,143.72531127929688,-1.0316934577212415,2.682197697080849,-4.92056520227933,-4.976953672793262,-2.497675302980203,1.34077657567384,-0.5388266230326995,4.777604192373742,-0.7904719310705319,1.0139960463926485
44.0,170.0,143.7252960205078,-1.0316773628233862,2.6822070902749227,-4.920562168081494,-4.9769483746483285,-2.4976737090564787,1.340786470823641,-0.5388371632770479,4.777604458990419,-0.7904708996099803,1.0139863765434782
44.0,170.0,143.7252960205078,-1.0316791132847056,2.682202022373861,-4.920577147479059,-4.976979106516295,-2.4976768604644093,1.340789339714168,-0.5388335305717229,4.777609000119055,-0.7904670614838132,1.0139960507129435
44.0,170.0,143.72531127929688,-1.031678779056067,2.682208324542953,-4.920569702506503,-4.976954455441272,-2.49767411799221,1.3407800525941829,-0.5388339390364951,4.77760493766011,-0.7904641601248485,1.0139859631210315
44.0,170.0,143.7252960205078,-1.0316832463835897,2.6821935798593097,-4.920574636053543,-4.976964437906729,-2.4976777326461104,1.340773068011826,-0.5388237948362562,4.77760701596508,-0.7904660980763367,1.0139924213640397
44.0,170.0,143.72531127929688,-1.031683747952595,2.6821986216409552,-4.920562594122386,-4.976955802925542,-2.497676081438529,1.3407860784907353,-0.538829615867396,4.77759865527441,-0.7904670967323559,1.013990216607283
44.0,170.0,143.7252960205078,-1.03169495653204,2.6822061444642697,-4.920567555682686,-4.976956501525934,-2.497671673464388,1.3407801126883188,-0.5388267398967503,4.777599877524349,-0.7904679929158851,1.013996098321325
44.0,170.0,143.7252960205078,-1.031687961033811,2.682198962772912,-4.9205691988686,-4.9769725560800175,-2.4976876199403093,1.3407742604902833,-0.5388321536546306,4.777617183025036,-0.7904649749243378,1.0140001737428437
44.0,170.0,143.72531127929688,-1.0316806861323502,2.68220269612042,-4.920567672845724,-4.976972910139657,-2.4976774631039715,1.340780062525929,-0.5388314637442573,4.777605334094448,-0.7904676746124721,1.0139955728508268
44.0,170.0,143.72531127929688,-1.0316824762372483,2.682187107507488,-4.920569701935158,-4.976949392371664,-2.497678081339629,1.3407832175659458,-0.5388296880911856,4.777599839158977,-0.7904691958824408,1.0139879180407485
44.0,170.0,143.72531127929688,-1.0316662497594202,2.6821968597377355,-4.920568738831675,-4.976982200490107,-2.4976713750260195,1.340780589419697,-0.5388359405137351,4.777614221805624,-0.7904644427749732,1.0139930924903735
44.0,170.0,143.72531127929688,-1.0316832966939722,2.6822038351796085,-4.920568835188903,-4.976967931929862,-2.497677262410388,1.3407791168260177,-0.5388280447732612,4.777608367968524,-0.7904700510185751,1.0139989288499196
44.0,170.0,143.72531127929688,-1.0316807828041852,2.682204332886693,-4.9205646034592245,-4.976971074911704,-2.497672910946001,1.3407752042323562,-0.5388340775185698,4.77761524730859,-0.7904713722433527,1.013999208420751
44.0,170.0,143.72531127929688,-1.031685703640032,2.682213860662501,-4.920564032146836,-4.976962292251253,-2.4976712290098115,1.3407781284491662,-0.5388362430621481,4.777607379369403,-0.7904670190474725,1.0139917114890462
44.0,170.0,143.7252960205078,-1.031688786583207,2.682208600729475,-4.920568102908652,-4.976955403064646,-2.4976719150626403,1.3407766284872815,-0.5388321027233793,4.777613311253452,-0.7904655696559146,1.0139923767877068
44.0,170.0,143.72531127929688,-1.0316886689233602,2.682208255331253,-4.920561998971757,-4.976941921123679,-2.497667357961366,1.340777286230859,-0.538832879539469,4.777597546583516,-0.7904680794766801,1.013988827385667
44.0,170.0,143.7252960205078,-1.03168564804345,2.682209081584361,-4.92055797142065,-4.976957959348924,-2.497675335073533,1.3407771347161468,-0.5388323217801023,4.77761455767874,-0.7904693864153254,1.0139994657053606
44.0,170.0,143.7252960205078,-1.0316878928997282,2.6822214305015777,-4.920555945306079,-4.976951264293694,-2.497673643476363,1.3407757688608406,-0.5388325320795486,4.777599503202058,-0.7904672121494469,1.013995950925323
44.0,170.0,143.7252960205078,-1.031694628017401,2.6821924371180605,-4.9205759142830034,-4.976956897825629,-2.497685060476864,1.3407739304463029,-0.5388258776590851,4.77760146871497,-0.7904678797258562,1.0139936920562098
44.0,170.0,143.7252960205078,-1.0316956628051237,2.682192744872646,-4.920566589079394,-4.976964487325992,-2.497676637551855,1.3407757606250748,-0.5388273148982972,4.777605544498307,-0.7904705376785044,1.013994195019463
44.0,170.0,143.72531127929688,-1.0316892249519052,2.682196864296676,-4.920558390148408,-4.976957052491075,-2.497675553883463,1.340776136784628,-0.5388279947117258,4.777608390652583,-0.7904691930307326,1.0139952942671684
44.0,170.0,143.7252960205078,-1.0316830318520749,2.682204300823205,-4.920576931843835,-4.976969212598893,-2.4976717683247047,1.3407776171625514,-0.5388326448954004,4.77760030071439,-0.7904650639249029,1.013994879940226
44.0,170.0,143.72531127929688,-1.031672784364985,2.682193954472055,-4.92056640754853,-4.976967474047531,-2.4976755078022608,1.3407808055671395,-0.538836664472873,4.777612024042311,-0.7904671207242107,1.013991053930221
44.0,170.0,143.72531127929688,-1.031690734800621,2.682191872759069,-4.920574132757398,-4.9769728037355865,-2.4976871471416,1.3407686709228803,-0.5388288697939245,4.777619697158125,-0.7904680513623781,1.0139984472584391
44.0,170.0,143.7252960205078,-1.0316825305894883,2.682199000610677,-4.92056893786644,-4.976967502926743,-2.497676701171087,1.3407818200000694,-0.5388289521924268,4.777601617911843,-0.7904681612989171,1.0139941284627554
44.0,170.0,143.7252960205078,-1.0316762658596272,2.68220143503759,-4.920557408028696,-4.976972672641233,-2.4976649325124662,1.3407810282341526,-0.5388365960108672,4.777612801425287,-0.7904646887653657,1.0139914568984
44.0,170.0,143.7252960205078,-1.0316847363038968,2.682195801195673,-4.920566163591463,-4.976953257801907,-2.4976671743785976,1.3407798591751643,-0.5388314052117202,4.777610058661164,-0.7904685481239042,1.013991582964576
44.0,170.0,143.72531127929688,-1.0316835496249146,2.6822050058762965,-4.920567491395187,-4.976950525990525,-2.4976710149260213,1.340778975388588,-0.538831974227918,4.7776099136480425,-0.7904708088764529,1.013995535493959
44.0,170.0,143.7252960205078,-1.0316850098560932,2.6821965820117235,-4.92056321390768,-4.976966310727504,-2.4976852902127016,1.340773984930454,-0.5388275149787827,4.777618376015578,-0.7904665233237305,1.0140005302469692
44.0,170.0,143.72531127929688,-1.0316853232735363,2.682198204071776,-4.920568133732674,-4.976960857781659,-2.4976674264924217,1.3407734949683243,-0.5388281887613484,4.777608623132135,-0.7904632329515362,1.0139912553686443
44.0,170.0,143.72531127929688,-1.0316866316521596,2.6821912754489468,-4.920576417042092,-4.976964915646431,-2.4976785434832287,1.340775370282843,-0.5388251108167994,4.777607616061896,-0.7904659069106499,1.0139980468847083
44.0,170.0,143.72531127929688,-1.0316802667053433,2.682193479420464,-4.920566369325456,-4.976960344193662,-2.497671393677299,1.340778189949817,-0.538831293858232,4.777612218961366,-0.7904689436392225,1.0139880612608714
44.0,170.0,143.7252960205078,-1.0316823075174049,2.6822050990545367,-4.920573070926516,-4.976958452766972,-2.4976757045882847,1.3407875312337838,-0.5388288614453405,4.77760478636057,-0.790466832658085,1.0139953933071482
44.0,170.0,143.7252960205078,-1.0316871784313375,2.682191675842036,-4.920566045075629,-4.976956226453903,-2.4976698489796134,1.3407786626401688,-0.5388294076425302,4.777610153470169,-0.7904658371050646,1.0139907918988946
44.0,171.0,143.72531127929688,-1.031686701949762,2.6822031183872044,-4.92056103442119,-4.976956297040786,-2.4976757775747287,1.3407807368372682,-0.5388314828806662,4.777601156211539,-0.7904650678721472,1.0139906428184524
44.0,171.0,143.7252960205078,-1.0316850708514451,2.682196497121753,-4.92056229207236,-4.976968496960337,-2.497677632391096,1.340775239188142,-0.5388246738991942,4.777609159751096,-0.7904646972551035,1.0139991711317196
44.0,171.0,143.72531127929688,-1.031689915050264,2.682203935687583,-4.920578807769344,-4.976966755538031,-2.497680741670976,1.3407784817111867,-0.5388246746213827,4.777602376225936,-0.7904681196855119,1.0139968090351523
44.0,171.0,143.7252960205078,-1.031687417784311,2.682196825655268,-4.920566085164429,-4.97697700478718,-2.497676152977469,1.3407644208263525,-0.538827410928473,4.777618415393922,-0.7904644588418748,1.0140041862584503
44.0,171.0,143.7252960205078,-1.0316724151664245,2.682208562805452,-4.920574798704816,-4.976963540726694,-2.4976664466570013,1.340780557608391,-0.5388339973584735,4.777609413938391,-0.790467531850596,1.0139936888960417
44.0,171.0,143.72531127929688,-1.0316914560732315,2.682206738337066,-4.920561973026983,-4.976950236533401,-2.49767577724507,1.3407742328550585,-0.5388257700171444,4.777597489794122,-0.790466282390784,1.0139921831512924
44.0,171.0,143.7252960205078,-1.031693111563721,2.6822026705890467,-4.92055927276046,-4.976963641077612,-2.497671914218872,1.3407678301297723,-0.5388220442227247,4.777600411846013,-0.7904645083233213,1.014002228836337
44.0,171.0,143.7252960205078,-1.0316925024652828,2.68219668175452,-4.920563736436543,-4.976967463216019,-2.497680973954864,1.3407721396522634,-0.5388236253193135,4.77761521763529,-0.7904664896015854,1.0140016306695436
44.0,171.0,143.72531127929688,-1.03169148977095,2.682203770017475,-4.920571854520843,-4.976954068837131,-2.4976850210767094,1.3407707644937572,-0.5388329001368373,4.777613917582611,-0.7904677338905906,1.0139941047677956
44.0,171.0,143.7252960205078,-1.03167945525123,2.682182951793467,-4.920569480179863,-4.976957135184249,-2.49767927887727,1.340782317601947,-0.5388277114836253,4.777606796583081,-0.7904718535752311,1.013992290273186
44.0,171.0,143.72531127929688,-1.0316891427990709,2.6821931226921976,-4.920573587767605,-4.976967371176903,-2.4976763262575448,1.340782360915151,-0.5388195955311312,4.777604536726075,-0.7904669583900059,1.013997979470858
44.0,171.0,143.72531127929688,-1.031696095699051,2.6822137351820885,-4.920569275620307,-4.976961409920915,-2.4976730504983613,1.3407735705349797,-0.5388299914287922,4.777611335777131,-0.7904676482878861,1.0139983430842676
44.0,171.0,143.72531127929688,-1.0316946230431752,2.682191829723904,-4.920562198264011,-4.976957228842643,-2.4976816912261275,1.340773065637732,-0.5388304885241899,4.777613268978403,-0.7904689407890411,1.013999252374593
44.0,171.0,143.72531127929688,-1.031686273523334,2.6822080672666573,-4.920559304582595,-4.976968498739399,-2.497679848008281,1.3407707380563751,-0.5388380414612923,4.777621484519045,-0.7904655227480992,1.0140000615901048
44.0,171.0,143.7252960205078,-1.0316912521202108,2.6822049288190373,-4.9205603367628665,-4.976958021562847,-2.497687378663209,1.3407683880530197,-0.5388298138706098,4.777607218151827,-0.7904686913832553,1.0139981727789538
44.0,171.0,143.7252960205078,-1.03168118439031,2.6821928280647427,-4.920564555978402,-4.976974134345058,-2.4976761178376465,1.3407804084130692,-0.5388324104246855,4.777615308477262,-0.7904650092951346,1.0139936647029586
44.0,171.0,143.72531127929688,-1.0316765899027285,2.6822109440711586,-4.920566502203742,-4.976955790434019,-2.497660034033842,1.340783903140523,-0.5388343673825782,4.777599352893683,-0.7904661669308908,1.0139919636044326
44.0,171.0,143.7252960205078,-1.0316789639896125,2.6821858974146604,-4.920567129137822,-4.976968850996104,-2.4976806599800536,1.3407708348856362,-0.5388294767673605,4.7776199705704965,-0.7904675663075551,1.0139964095048706
44.0,171.0,143.7252960205078,-1.0316870078210432,2.68221735164626,-4.920568237773802,-4.976954911048771,-2.497667910092657,1.3407776574298076,-0.538831602877563,4.77760257068061,-0.7904660114937894,1.013995526084596
44.0,171.0,143.7252960205078,-1.0316827090297256,2.6822056039164988,-4.920565047168376,-4.976946295871008,-2.4976700012934,1.3407793343068797,-0.5388334984845056,4.777605313015394,-0.7904715326641467,1.0139916154481945
44.0,171.0,143.72531127929688,-1.0316846705164169,2.6821998952842305,-4.920573204293227,-4.976967834374824,-2.4976711553024966,1.3407798676962113,-0.5388272928708462,4.777610120262146,-0.7904659218819141,1.0139921128598424
44.0,171.0,143.7252960205078,-1.0316819776664317,2.6821997334394823,-4.920570551788848,-4.9769537664497365,-2.4976679396650643,1.3407884117689974,-0.5388284783476847,4.77759804359364,-0.7904667787283701,1.013991138541007
44.0,171.0,143.72531127929688,-1.0316977387051152,2.682202120473674,-4.92056730490258,-4.976955393561665,-2.497673074768043,1.340763674152922,-0.5388274215616828,4.777606501424064,-0.790466992173914,1.01399993383719
44.0,171.0,143.7252960205078,-1.031679487530892,2.682202751646331,-4.920568281393355,-4.976972749714159,-2.497678372146406,1.3407717848745158,-0.5388329694466449,4.777621826319358,-0.790468085410275,1.0139996906244375
44.0,171.0,143.7252960205078,-1.0316853496374483,2.682184085304142,-4.920562412685046,-4.976957310150793,-2.497674395494816,1.3407785807206558,-0.5388282832161009,4.777608742478204,-0.7904655217619574,1.0139891947369106
44.0,171.0,143.7252960205078,-1.0316944682356093,2.682217895688124,-4.920571788775225,-4.976954909195797,-2.4976734781527083,1.340776729607609,-0.5388295829598855,4.777596825279186,-0.7904657939267654,1.0139919694259767
44.0,171.0,143.72531127929688,-1.0316905977830526,2.6821905233956365,-4.920565104194647,-4.976957040224296,-2.497677796898305,1.340775170243611,-0.5388278961076152,4.777611606297853,-0.7904673021679995,1.0139965851463095
44.0,171.0,143.72531127929688,-1.0316826855919907,2.682196847734607,-4.9205697232578425,-4.976961340877987,-2.497674929008137,1.3407842190990884,-0.5388329281926154,4.777600525176563,-0.7904654445880581,1.013991246971826
44.0,171.0,143.72531127929688,-1.0316903783860627,2.6822049424345824,-4.920567217616509,-4.976953027268397,-2.4976746331782267,1.3407756021360182,-0.538830130978944,4.777603564777674,-0.7904687058640842,1.0139965363588912
44.0,171.0,143.7252960205078,-1.0316898496687985,2.68219847700038,-4.920566896456971,-4.976970670678263,-2.4976736385376346,1.3407727263208082,-0.5388291640443352,4.777610866370059,-0.7904613626081805,1.01399741170626
44.0,171.0,143.72531127929688,-1.0316844222500587,2.682199651227417,-4.92057917142129,-4.976955039403388,-2.497673631852825,1.3407808349589914,-0.5388303243918706,4.777604358140129,-0.7904650645503475,1.013991188809471
44.0,171.0,143.7252960205078,-1.0316834418813166,2.6822035283107173,-4.920581180948679,-4.97696310660018,-2.497676127599106,1.3407801319046628,-0.5388240172068102,4.77760188237345,-0.790465823607919,1.013993161989509
44.0,171.0,143.72531127929688,-1.0316773446481475,2.682211706132991,-4.92056171072628,-4.9769623840923165,-2.497670996388165,1.3407837560714784,-0.5388357465788616,4.777613415823776,-0.7904685704034389,1.01399741755925
44.0,171.0,143.7252960205078,-1.0316969256227542,2.682210484080045,-4.920563920818282,-4.976959130302773,-2.497678385910775,1.34077811596499,-0.5388243942485325,4.777607162125928,-0.7904632132739584,1.0139994927293117
44.0,171.0,143.72531127929688,-1.0316820311815933,2.682207105299396,-4.920566987339603,-4.976962602096361,-2.497673312794519,1.3407822225393726,-0.5388391680742615,4.7776089941503805,-0.7904673067318067,1.013989118833658
44.0,171.0,143.7252960205078,-1.031677686979875,2.682187976734248,-4.920560581405122,-4.976957620281431,-2.4976808297537243,1.3407731238646186,-0.5388358745864981,4.777614980677107,-0.7904669825118642,1.0139943619176588
44.0,171.0,143.72531127929688,-1.0316925851956025,2.682212476762432,-4.920559327594449,-4.976959569733969,-2.49767603119748,1.340776369036889,-0.5388298167327044,4.777606565334269,-0.7904662369150248,1.0140029485994546
44.0,171.0,143.7252960205078,-1.0316855927228712,2.6821957792286897,-4.920566746248688,-4.97696183558095,-2.497676302134213,1.3407785557147935,-0.5388233731952408,4.777610634663143,-0.7904699571853051,1.0139973212667392
44.0,171.0,143.72531127929688,-1.0316903937894557,2.682182471090994,-4.920575510116513,-4.976966088067688,-2.497669641861587,1.3407719575170765,-0.538826171280304,4.777615853473225,-0.7904662423670592,1.013998324680654
44.0,171.0,143.7252960205078,-1.0316853778687314,2.682190861044377,-4.920559451494957,-4.976955542606389,-2.497672647576912,1.3407758299794388,-0.5388270581417842,4.77760881084561,-0.7904646200774117,1.0139899384202655
44.0,171.0,143.7252960205078,-1.031686990073096,2.6821955464677,-4.920567992918493,-4.97695960909465,-2.497672714666922,1.3407741404774045,-0.5388303805664911,4.777606159090112,-0.7904696839206728,1.0139943528117357
44.0,171.0,143.7252960205078,-1.0316824862023304,2.682217806545353,-4.920560739957439,-4.976963524362735,-2.49767064186741,1.340780515132142,-0.5388361460893334,4.777609098221893,-0.7904644977342521,1.0139926876874554
44.0,171.0,143.7252960205078,-1.031688208960749,2.6822144799910195,-4.920567534701142,-4.976969948261013,-2.4976740208166355,1.3407799757144945,-0.5388308504873525,4.777605969141121,-0.7904673858330824,1.014001619735339
44.0,171.0,143.72531127929688,-1.0316822790635642,2.6821957370367544,-4.920560106728642,-4.976954128382594,-2.4976714721354174,1.340773946294184,-0.538826273088234,4.777606029787149,-0.7904699010454479,1.013997698664788
44.0,171.0,143.72531127929688,-1.0316930715946353,2.682207776938468,-4.920563923612207,-4.976947649995764,-2.497672104130141,1.3407729272347275,-0.5388309926169024,4.777598880185511,-0.790471727129356,1.0139919243473852
44.0,171.0,143.7252960205078,-1.0316808072377808,2.682204837674048,-4.920559361827554,-4.976967810861277,-2.497677143359373,1.3407775962284223,-0.5388373399267135,4.777615050580712,-0.7904673223939653,1.0139951448208562
44.0,171.0,143.72531127929688,-1.0316838724086743,2.682213706958752,-4.920571550680261,-4.97697330028409,-2.497678186433096,1.340780736173663,-0.538833334797455,4.777607292948442,-0.7904640304150252,1.0139967693813752
44.0,171.0,143.7252960205078,-1.0316866443096775,2.6822008673515016,-4.920574379110581,-4.976955472127979,-2.497672897194316,1.3407844864141882,-0.538825530885056,4.7775934284351,-0.7904666416344135,1.013991910708583
44.0,171.0,143.72531127929688,-1.0316898350999004,2.682205796382364,-4.920570259169219,-4.976965657729084,-2.497679028602185,1.340781301739845,-0.5388327943092861,4.777612133284782,-0.7904700780352343,1.0139983925938445
44.0,171.0,143.7252960205078,-1.0316827007830345,2.6821973297514736,-4.920575877864552,-4.976968944520785,-2.4976687481948106,1.3407803641093343,-0.538828247995883,4.777609671299341,-0.7904681617131342,1.0139949005555993
44.0,172.0,143.7252960205078,-1.0316821419108138,2.6821777226180927,-4.920569642986268,-4.976966207349833,-2.4976851096721338,1.3407747346639862,-0.5388243626641369,4.77761830001754,-0.7904717898928855,1.013997051697796
44.0,172.0,143.7252960205078,-1.031690869983175,2.6822101391715467,-4.920567368477555,-4.976963764396823,-2.497675321444184,1.340776957813242,-0.538825062257259,4.777610627153976,-0.7904660493493871,1.0139989574359696
44.0,172.0,143.7252960205078,-1.0316734083613863,2.6822105843420294,-4.920563501316105,-4.976961736572214,-2.497666961030353,1.340784250173642,-0.5388380902139192,4.777605333854378,-0.7904685770795776,1.013989159256523
44.0,172.0,143.7252960205078,-1.0316925080186403,2.6822012969270146,-4.920573406382206,-4.976958044970508,-2.497676716823089,1.3407787772205193,-0.5388265749303409,4.777596288654122,-0.7904677316868147,1.013992661743072
44.0,172.0,143.72531127929688,-1.031681523581085,2.682191282315837,-4.920565993403224,-4.976963485399321,-2.4976734868969626,1.340783820921743,-0.5388341260521106,4.777605668296367,-0.7904659238487985,1.0139878764411954
44.0,172.0,143.7252960205078,-1.0316858386858805,2.6821811353780536,-4.920567963616031,-4.976966285133613,-2.4976773268582155,1.3407738016081518,-0.5388238825718386,4.77761249572203,-0.7904665989413111,1.0139924778608815
44.0,172.0,143.72531127929688,-1.031683853478615,2.68218824949423,-4.920572682995425,-4.976954888192283,-2.497679656077773,1.3407764305662937,-0.5388252124164916,4.777610793432617,-0.7904672292513029,1.0139954614391566
44.0,172.0,143.7252960205078,-1.0316879366316254,2.682207258377681,-4.920571578333956,-4.976962209310888,-2.4976784095677007,1.3407775073552832,-0.5388315099981424,4.777613599674627,-0.7904661369783579,1.0139982170822126
44.0,172.0,143.72531127929688,-1.0316867914472931,2.6822037991226546,-4.920570817875687,-4.976960408005135,-2.497676396842046,1.3407844013007306,-0.5388300625662534,4.777607819286194,-0.7904683160921184,1.013989399028329
44.0,172.0,143.72531127929688,-1.0316949576944308,2.6821991782630983,-4.920573083567972,-4.976955894731464,-2.4976737669824023,1.340782357620368,-0.5388245402739464,4.777600463376091,-0.7904646692879354,1.013992272155981
44.0,172.0,143.7252960205078,-1.0316824238695048,2.682201836773195,-4.920569836024359,-4.976953778272159,-2.4976690537863373,1.3407912894108955,-0.5388297033175347,4.777588968656923,-0.7904660709092406,1.0139891607704836
44.0,172.0,143.7252960205078,-1.0316910097717376,2.68219979924573,-4.920571692383664,-4.976959320447087,-2.4976760544923686,1.3407782268299044,-0.5388319052477364,4.777611496334011,-0.7904637762341284,1.013991938683513
44.0,172.0,143.7252960205078,-1.031690443406302,2.682191431216149,-4.920575341250324,-4.976944839187251,-2.497678883359538,1.3407728675882566,-0.5388270044232932,4.777603440969946,-0.7904696334540882,1.0139887406297756
44.0,172.0,143.72531127929688,-1.0316897068326232,2.6821876649564054,-4.920575385100944,-4.97696835239812,-2.49768608914465,1.3407803170297763,-0.5388239990312984,4.777616395325916,-0.7904714703102496,1.0139974490052754
44.0,172.0,143.72531127929688,-1.031679118213717,2.682194527551129,-4.920557387141268,-4.976965317735555,-2.49767354911714,1.3407766500797722,-0.5388347721102207,4.777612127024925,-0.7904667352172936,1.0139926289570358
44.0,172.0,143.72531127929688,-1.0316886386610928,2.682202515687341,-4.920567798810853,-4.976960415034797,-2.4976723744052007,1.3407777085139116,-0.5388268159607996,4.777603055017819,-0.7904665538572289,1.013995104942918
44.0,172.0,143.7252960205078,-1.0316840615595306,2.6822036292792166,-4.920567094367584,-4.976977569533367,-2.497672484234555,1.3407742336491424,-0.5388330421008956,4.777613152247231,-0.7904615564827431,1.0139965903783734
44.0,172.0,143.72531127929688,-1.0316891158738906,2.682200275591903,-4.920569653251685,-4.97694964433728,-2.4976723092938213,1.340774326529112,-0.5388293474733752,4.777606564018393,-0.7904669324660638,1.013994923268406
44.0,172.0,143.72531127929688,-1.0316915666177673,2.6822030247273343,-4.92056458346097,-4.976959421907144,-2.497677373751352,1.3407749565985867,-0.5388255738640089,4.777603415251209,-0.7904683429067116,1.01399289863806
44.0,172.0,143.7252960205078,-1.0316831675533162,2.682204144939469,-4.920568163441732,-4.97695804129681,-2.49767840647026,1.3407834151719396,-0.5388327821811725,4.7776139063665415,-0.7904706849913783,1.0139929937234848
44.0,172.0,143.7252960205078,-1.0316847449215127,2.682193795322076,-4.920578386787045,-4.976960372665796,-2.497673784835697,1.340778872789378,-0.5388280255411679,4.777603998763375,-0.7904675177534495,1.0139915870860836
44.0,172.0,143.7252960205078,-1.0316762028741118,2.682199746531775,-4.920567251004896,-4.976958357668919,-2.49767088291176,1.3407857708490036,-0.5388379055587951,4.777614499260487,-0.7904677950301426,1.013989211806285
44.0,172.0,143.7252960205078,-1.031691831824742,2.68219129768847,-4.920573826378477,-4.976972469799511,-2.497682976427958,1.340771961706679,-0.5388249900764253,4.777614981194217,-0.7904687011171339,1.013999628652417
44.0,172.0,143.72531127929688,-1.0316765872244056,2.6821959241691387,-4.920554491893268,-4.976959433142822,-2.4976666868796182,1.340781127259261,-0.5388287264570657,4.77761050503997,-0.790467583546147,1.013995404563525
44.0,172.0,143.7252960205078,-1.03168610735614,2.6821938139148616,-4.920571693616451,-4.976963364978224,-2.497684345187923,1.340772564965541,-0.5388316213078657,4.77761820417806,-0.7904675275527016,1.01399618142006
44.0,172.0,143.72531127929688,-1.031687464074433,2.6821990502040016,-4.920563108747049,-4.976962109463756,-2.4976681543193537,1.340776970647232,-0.538831658484952,4.777609593095491,-0.7904659664606788,1.013995456056346
44.0,172.0,143.7252960205078,-1.0316837003511092,2.682208544334147,-4.920584646335234,-4.976959242071444,-2.497671511887302,1.340779334903024,-0.5388326216712382,4.777606252271319,-0.7904673807076703,1.0139920812319207
44.0,172.0,143.72531127929688,-1.0316935226231827,2.6821941980877977,-4.920559012467132,-4.976959432160921,-2.49768171056865,1.3407707810743617,-0.5388270778778566,4.777615518016461,-0.7904690333375788,1.014001298633481
44.0,172.0,143.7252960205078,-1.0316862856872722,2.682192928504379,-4.920575309702562,-4.976966576651239,-2.497682569821338,1.3407796543870951,-0.538832917144326,4.7776174775138,-0.7904696401381699,1.0139921732180053
44.0,172.0,143.7252960205078,-1.031676257606033,2.682211091119008,-4.92055953760255,-4.976956398580609,-2.4976670660918066,1.3407800120813338,-0.5388323702397226,4.77760136988698,-0.7904654965289275,1.0139890915349596
44.0,172.0,143.72531127929688,-1.03169120824038,2.682207732974754,-4.920571212323359,-4.9769601906102645,-2.4976762003193413,1.3407817689432573,-0.5388303973760546,4.77760788778099,-0.7904678556001503,1.0139982576697122
44.0,172.0,143.7252960205078,-1.0316893271351466,2.682203660849626,-4.920577814387992,-4.976958962838584,-2.4976738917442582,1.340783398527952,-0.5388294643840439,4.777606317973177,-0.7904647289948894,1.0139926023240855
44.0,172.0,143.7252960205078,-1.031690745956582,2.6822026517355457,-4.920566464309306,-4.976960247547889,-2.497673447251396,1.340778498625161,-0.5388292710526379,4.777603616538597,-0.7904677740066939,1.0139949332748213
44.0,172.0,143.72531127929688,-1.031688745541997,2.682193941899253,-4.92057525196392,-4.976969759600496,-2.497676684831194,1.3407747403067098,-0.5388273333952309,4.777616102260033,-0.7904643430153362,1.013997249130857
44.0,172.0,143.72531127929688,-1.0316880748261132,2.682185625559934,-4.920574285715412,-4.976960008964258,-2.4976782184748765,1.3407794334777794,-0.5388266950373275,4.777615879242148,-0.7904662268607447,1.013993975360938
44.0,172.0,143.7252960205078,-1.0316805364904114,2.682204784936796,-4.920565783985412,-4.976948525841096,-2.497670842554012,1.3407827583564682,-0.538832281470337,4.777596130557486,-0.7904660633492053,1.0139904773833086
44.0,172.0,143.72531127929688,-1.0316905260803964,2.68219689186522,-4.92056815574103,-4.976967294361565,-2.4976810297991685,1.3407702634947434,-0.5388271425903639,4.777618697075127,-0.7904681118052155,1.0139992335966594
44.0,172.0,143.7252960205078,-1.0316884141357354,2.6822115378066727,-4.92057339846264,-4.976965605331258,-2.4976748971318874,1.3407799572913337,-0.5388236853659931,4.777603391091301,-0.7904675302233857,1.0139997434467931
44.0,172.0,143.7252960205078,-1.0316841293958552,2.682196892352934,-4.920579165342581,-4.976972836105483,-2.497682514588313,1.3407764609580974,-0.5388246048920529,4.77761652145605,-0.790468628492599,1.0140032665390477
44.0,172.0,143.7252960205078,-1.0316871130021137,2.682208112615858,-4.920569662005283,-4.976952824271745,-2.497673577059839,1.3407774071759446,-0.538833169536086,4.777600491780602,-0.7904666720996474,1.0139953592370263
44.0,172.0,143.7252960205078,-1.031690872558929,2.6822021751727263,-4.9205703052320136,-4.976966424463918,-2.497675224149048,1.3407743534284444,-0.5388238333346465,4.777611144721291,-0.7904667088328274,1.014003409595059
44.0,172.0,143.72531127929688,-1.03168706703,2.6821996950425184,-4.920562656457136,-4.976960536832518,-2.497677151610351,1.3407709120139977,-0.5388281696609889,4.777606466649466,-0.7904653088426441,1.0139947156389937
44.0,172.0,143.72531127929688,-1.031692155051234,2.6821974357524265,-4.920565108629059,-4.976963304095465,-2.4976773489524824,1.3407758791344424,-0.5388262539891899,4.777610447301008,-0.7904632330714616,1.013994796369868
44.0,172.0,143.72531127929688,-1.0316859423422784,2.682189607940833,-4.920576609761262,-4.976953397759577,-2.4976729491935385,1.3407825264643485,-0.5388256131466118,4.77760135125887,-0.7904656271782109,1.0139907097210008
44.0,172.0,143.7252960205078,-1.0316797515964504,2.682194640274133,-4.920571915953885,-4.976965870459065,-2.49767187094371,1.3407853355715034,-0.5388314555042237,4.777607361670022,-0.7904685867101424,1.013991086128737
44.0,172.0,143.7252960205078,-1.0316859491149053,2.682192571497507,-4.920560314089464,-4.976966351820838,-2.497668194471423,1.3407725677963462,-0.5388297456377158,4.7776093187071424,-0.7904632916444996,1.013996513552894
44.0,172.0,143.72531127929688,-1.0316890711559816,2.6821915963006298,-4.920570580775883,-4.976958609588954,-2.497682846911517,1.34076940846378,-0.5388236404962825,4.777616764819111,-0.7904676332519678,1.0140001842675854
44.0,172.0,143.7252960205078,-1.0316883192889343,2.6821925452473083,-4.920569279767933,-4.976947598576036,-2.4976807855863346,1.3407769976219075,-0.5388277037647358,4.777610664020486,-0.7904707649928557,1.0139959890724626
44.0,172.0,143.72531127929688,-1.0316944007011406,2.682194224063492,-4.9205632958303465,-4.976952478597165,-2.497679860755213,1.3407696208910993,-0.5388273242184338,4.777609639449466,-0.7904657869709366,1.013994974538707
44.0,172.0,143.72531127929688,-1.0316822713384326,2.682192942101844,-4.920568169356693,-4.976960585835456,-2.497669484214258,1.340781380970073,-0.5388302233732318,4.777604550751214,-0.7904691614583212,1.0139933092720144
44.0,173.0,143.7252960205078,-1.0316820144594208,2.682212843727827,-4.920565755153604,-4.976947428960455,-2.4976703184822755,1.3407824586576398,-0.5388350107802466,4.777605593541649,-0.7904685823997486,1.0139937578953635
44.0,173.0,143.7252960205078,-1.0316763836052627,2.6821930208152,-4.920575321074251,-4.976976365267269,-2.497678456666426,1.340777055356698,-0.5388319730975315,4.77761643780039,-0.7904681126124204,1.0139961738947338
44.0,173.0,143.7252960205078,-1.0316868483216188,2.6822056380402968,-4.920575827126942,-4.97696464215461,-2.497677663352948,1.3407767396471488,-0.5388322404372872,4.7776132504820765,-0.7904661567609814,1.0139970680672068
44.0,173.0,143.72531127929688,-1.0316869783444993,2.682197601192372,-4.920572865332198,-4.976971585497384,-2.497681240108479,1.3407771187752644,-0.5388260749227625,4.777606844477674,-0.7904667999591046,1.014002320983753
44.0,173.0,143.7252960205078,-1.0316876229632408,2.682193931626794,-4.920570268072352,-4.976954071792242,-2.49766694386476,1.3407780237645026,-0.5388275230556872,4.7776094742237,-0.790469458003308,1.0139895894695306
44.0,173.0,143.7252960205078,-1.0316775991330207,2.6822140421685177,-4.920564081473917,-4.976965577020276,-2.4976658198866506,1.340783196500107,-0.5388359311177169,4.777608969625916,-0.7904671587696139,1.013994333565816
44.0,173.0,143.7252960205078,-1.0316719001204455,2.682208036174142,-4.920556568961213,-4.976968686478192,-2.4976685879309564,1.3407898353696357,-0.5388372719065293,4.7776127254435625,-0.7904665849887422,1.013992586314714
44.0,173.0,143.72531127929688,-1.031681411725176,2.6822062282669705,-4.920564187157744,-4.9769585806586205,-2.4976760196546213,1.340786192622966,-0.5388319310501091,4.777601856484079,-0.7904678016797764,1.0139930680028648
44.0,173.0,143.72531127929688,-1.0316880314292352,2.682201377233987,-4.92058324430228,-4.976964508473322,-2.497674210668177,1.340781160673159,-0.5388226672631564,4.7775976066977055,-0.7904660466889188,1.013993958890513
44.0,173.0,143.72531127929688,-1.0316899531086388,2.682183253267201,-4.920574499340683,-4.976971898883322,-2.4976849580581337,1.3407696768000434,-0.5388239711231755,4.77761574015679,-0.7904731307302901,1.0140027643691465
44.0,173.0,143.7252960205078,-1.031679509610219,2.682210747171605,-4.920573505642836,-4.976972058870167,-2.497667693475893,1.340780676603945,-0.5388349571871052,4.777616484457701,-0.7904669354107945,1.013997202324184
44.0,173.0,143.72531127929688,-1.0316820109369829,2.68219590749129,-4.920580820891324,-4.976966107032929,-2.497672533571808,1.3407834513308785,-0.5388292089338522,4.777607535604458,-0.7904693389037583,1.0139888718246368
44.0,173.0,143.7252960205078,-1.0316875097718468,2.682199359759135,-4.920574873872465,-4.976973049619729,-2.4976815737763176,1.3407803794205089,-0.5388288749576544,4.777613340357643,-0.790468894721922,1.0139966741626152
44.0,173.0,143.7252960205078,-1.0316897719515916,2.6821809439767303,-4.920574018626868,-4.976949849777416,-2.497680101504714,1.34077783763174,-0.5388254660047185,4.777601996569594,-0.7904703579785535,1.0139914411738529
44.0,173.0,143.7252960205078,-1.0316815744478487,2.6821848405532576,-4.9205735980546335,-4.976968441557603,-2.4976808064688614,1.340776615621734,-0.5388286086981022,4.777612578364803,-0.7904672894405653,1.0139953205668597
44.0,173.0,143.72531127929688,-1.031684021862703,2.6821843346209127,-4.920583099539597,-4.976954748478222,-2.497685459524358,1.340780502823935,-0.5388280600434667,4.777610429437868,-0.7904662752139888,1.0139945562529835
44.0,173.0,143.7252960205078,-1.031686798010607,2.6822055610191207,-4.920576812351772,-4.976964358332785,-2.4976731391225253,1.3407754453786185,-0.5388283552928126,4.777610815703957,-0.7904668917193121,1.013997577961543
44.0,173.0,143.72531127929688,-1.031687454875513,2.682200479627137,-4.920567385985256,-4.976973781624707,-2.4976793813956784,1.3407811732578183,-0.5388297585934598,4.777610492309593,-0.7904682220809232,1.0140007619904958
44.0,173.0,143.7252960205078,-1.0316832790239672,2.682191578735763,-4.920569294937213,-4.976970211678566,-2.497672803362504,1.3407781116508568,-0.5388312844190999,4.777611867279566,-0.7904669336387506,1.013992243709839
44.0,173.0,143.72531127929688,-1.0316866505558568,2.682182151512073,-4.920574748232924,-4.976964002450971,-2.497675379445422,1.340769629341322,-0.5388261711026701,4.777616051491471,-0.7904654927478072,1.013993850046278
44.0,173.0,143.72531127929688,-1.03167997591979,2.68217748884412,-4.920568972226418,-4.976972044954708,-2.4976852086368053,1.3407724379504309,-0.5388241105364067,4.77762133488206,-0.7904702535818302,1.0140019316722242
44.0,173.0,143.72531127929688,-1.0316938964138025,2.682193338096617,-4.920583160517617,-4.97696028065364,-2.497688779196344,1.3407735457826782,-0.5388228136273545,4.7776135709875,-0.790470189508933,1.0140018660743166
44.0,173.0,143.7252960205078,-1.0316882631488555,2.682194304505395,-4.920560482273328,-4.976956944813009,-2.497674393418193,1.3407806393679875,-0.5388335630123384,4.777615303338415,-0.7904675954906377,1.0139916294681282
44.0,173.0,143.72531127929688,-1.0316802066036916,2.682195077600312,-4.920574781591871,-4.976962560492322,-2.4976763361228653,1.340780988180529,-0.5388295886161991,4.777608440265944,-0.790467170499122,1.0139950924078578
44.0,173.0,143.72531127929688,-1.0316772847388678,2.6821805417955176,-4.920571185356301,-4.976957430604281,-2.4976783377745573,1.3407777975018806,-0.5388271974731129,4.777608565133123,-0.7904717646037351,1.0139938242540332
44.0,173.0,143.72531127929688,-1.031684361684829,2.6821969947727053,-4.920569539732411,-4.976945117270835,-2.4976735926743725,1.3407793559721073,-0.5388332795044191,4.77761550749133,-0.790469644538379,1.0139926706628517
44.0,173.0,143.72531127929688,-1.031685368179799,2.682196323525882,-4.920578073080615,-4.976969784535032,-2.497671173557585,1.3407811882535148,-0.5388260647174956,4.777606812016126,-0.7904690088116393,1.0139969551768182
44.0,173.0,143.7252960205078,-1.0316889220809724,2.682175949190934,-4.920585087746103,-4.976956668152249,-2.497686602710312,1.3407743797799112,-0.5388246595716719,4.7776115115969375,-0.7904723061412211,1.0139936804266272
44.0,173.0,143.7252960205078,-1.0316890115960526,2.6821973532459618,-4.920582310493651,-4.976946391084876,-2.497679913501496,1.3407823345300525,-0.5388291841078763,4.777605152730985,-0.7904672644923085,1.0139897848518906
44.0,173.0,143.72531127929688,-1.0316856004307873,2.682206324954909,-4.9205701954279215,-4.976959726652939,-2.497673867845552,1.340778845985458,-0.5388285423963559,4.777602984880572,-0.7904655632082402,1.013995470212599
44.0,173.0,143.72531127929688,-1.031681097580453,2.6822036525215074,-4.920573251891949,-4.976968015543788,-2.497674823707503,1.340777162892426,-0.5388296918862654,4.77760494685311,-0.7904660983802572,1.0139939593124838
44.0,173.0,143.72531127929688,-1.0316856391453526,2.682187957643074,-4.920574624494886,-4.976970445522457,-2.4976844519180315,1.3407732591800148,-0.5388211884945138,4.777608307031123,-0.7904676825834542,1.0139996185590014
44.0,173.0,143.7252960205078,-1.031692622023432,2.682204337762246,-4.9205663434279465,-4.9769675248605605,-2.497677173231603,1.3407737831189568,-0.538822176150072,4.777604210103863,-0.7904655572401023,1.014001735035304
44.0,173.0,143.72531127929688,-1.0316940528650649,2.682192422976291,-4.920569979342101,-4.976958027667702,-2.4976792073135674,1.3407732829879857,-0.5388262021093784,4.77761725491604,-0.7904702350010897,1.01399678419686
44.0,173.0,143.72531127929688,-1.0316820237584063,2.6822014012628177,-4.920577651583935,-4.976964933372738,-2.497680865538688,1.3407863601341043,-0.5388291415105027,4.777606071987561,-0.7904701111319747,1.0139963877689908
44.0,173.0,143.7252960205078,-1.0316844998349368,2.6821922327681538,-4.920573397207384,-4.976951614321081,-2.497675304960898,1.3407812797231171,-0.5388327711259748,4.7776086447857775,-0.7904661618688928,1.0139910119330384
44.0,173.0,143.72531127929688,-1.031694422629844,2.6822005581069366,-4.92057138326702,-4.976959598415203,-2.4976816499091474,1.3407786046119323,-0.5388251123083352,4.77761332676222,-0.7904691180724202,1.0139959886951777
44.0,173.0,143.7252960205078,-1.031683433317875,2.6822066726255187,-4.920569740918754,-4.976953245862536,-2.49767857751753,1.3407891134108452,-0.5388315545963227,4.777599209087452,-0.790467907384464,1.013991352086875
44.0,173.0,143.72531127929688,-1.0316803779223491,2.6821983726569183,-4.920566406940346,-4.976957446354052,-2.497671721090021,1.3407838467594777,-0.538827962648325,4.777607740690156,-0.7904680680167893,1.0139931287407
44.0,173.0,143.7252960205078,-1.0316796844466,2.6821852067383087,-4.920570967710156,-4.976970510586638,-2.497668996211409,1.340782094746782,-0.5388344447331237,4.777611328651,-0.7904669027504365,1.0139910101481178
44.0,173.0,143.72531127929688,-1.0316924458893966,2.682207006303586,-4.920566313458152,-4.97696796842919,-2.49767930104785,1.3407807864572536,-0.53881997760441,4.777604981829274,-0.7904659430966543,1.014001315985836
44.0,173.0,143.7252960205078,-1.031685739765562,2.6821883324443254,-4.920573357396012,-4.976973466443653,-2.4976834552313525,1.3407753707702694,-0.5388273919662634,4.777613577430312,-0.7904714707815668,1.013998380068866
44.0,173.0,143.72531127929688,-1.0316917472280358,2.682192876412639,-4.920579087765193,-4.976955969571288,-2.4976814977201305,1.3407766856484429,-0.5388279844450015,4.777601190496119,-0.7904659765195481,1.0139906193813475
44.0,173.0,143.7252960205078,-1.0316868945563051,2.682198156190738,-4.920573760034484,-4.976967786183673,-2.497679170046094,1.340779681571492,-0.5388258059831852,4.777608727244164,-0.7904678424451026,1.0139985977214074
44.0,173.0,143.72531127929688,-1.0316936510090926,2.682182227872312,-4.920578401219718,-4.976955886904679,-2.497674013066658,1.340773836533887,-0.5388237009825989,4.777605104056704,-0.7904698642314836,1.013994080965961
44.0,173.0,143.72531127929688,-1.0316876654803862,2.68219650416058,-4.920567760581323,-4.976975200952137,-2.497680576866879,1.3407761657601809,-0.5388286814107088,4.777617874043457,-0.7904694169686852,1.0140026940894575
44.0,173.0,143.7252960205078,-1.0316753403159122,2.682208267517895,-4.920565328465366,-4.976950584653967,-2.497660804230493,1.3407904135755755,-0.5388338326060049,4.7775888523487815,-0.790464540320313,1.0139874041365164
44.0,173.0,143.7252960205078,-1.0316735532928307,2.682194060975601,-4.920561900251143,-4.976961589283105,-2.497669217398145,1.3407829693425215,-0.5388290744072979,4.777602127583855,-0.7904683628695865,1.0139915465220597
44.0,173.0,143.72531127929688,-1.0316848066196824,2.682198190659733,-4.920579262883882,-4.976956737474533,-2.497688391420962,1.3407808291566354,-0.5388272700498673,4.7776065894404045,-0.7904689485375203,1.0139952230236693
44.0,173.0,143.7252960205078,-1.0316818095802,2.68221012681542,-4.920571352364141,-4.976968125944884,-2.497676598908795,1.3407828198232608,-0.5388347134124816,4.77761224558699,-0.7904699872476506,1.0139989277478847
44.0,174.0,143.7252960205078,-1.0316924231473186,2.6821789355582446,-4.9205791320184735,-4.976963204930374,-2.49767450266888,1.3407754545045876,-0.5388204580531619,4.77760370142504,-0.7904692721530111,1.0139934993815487
44.0,174.0,143.7252960205078,-1.0316764324650012,2.68219816337367,-4.920560673665453,-4.976949975742268,-2.497672867933628,1.340788297878226,-0.5388308019549273,4.777602341638817,-0.7904688287499226,1.0139930136835815
44.0,174.0,143.72531127929688,-1.0316904747448643,2.6821960605987307,-4.920577942527435,-4.976964627886822,-2.497677672923806,1.3407735214822143,-0.538830064244137,4.777611686970559,-0.7904677864786622,1.013994837028794
44.0,174.0,143.7252960205078,-1.0316856260776237,2.6821869440276487,-4.920580590392577,-4.97696602341123,-2.497684102167394,1.3407761736994868,-0.5388283368312443,4.777613289624078,-0.7904683227268734,1.0139960115933233
44.0,174.0,143.72531127929688,-1.0316713505138395,2.6822139492637813,-4.920552094780949,-4.976955868059493,-2.4976604994727483,1.340784695367697,-0.5388362348644673,4.777603026601557,-0.7904646066972534,1.0139916680066383
44.0,174.0,143.7252960205078,-1.0316836740928983,2.6822019686474743,-4.920568716650529,-4.976964068758079,-2.497671488442386,1.340778714967069,-0.5388308760294214,4.777611110067433,-0.7904656704265145,1.0139944687035456
44.0,174.0,143.7252960205078,-1.0316916612078808,2.6822099878676777,-4.92057455424222,-4.976954169832808,-2.497680213789129,1.3407784768933428,-0.5388323019475258,4.777606473037219,-0.7904690266560017,1.0139957771443535
44.0,174.0,143.7252960205078,-1.031678711899382,2.68219829754905,-4.920543624421829,-4.97694557778493,-2.497667396695173,1.3407799936072342,-0.5388397703224772,4.777605464367774,-0.790469061477264,1.0139919419009935
44.0,174.0,143.72531127929688,-1.0316832183042903,2.682191246296634,-4.92056726729517,-4.976961079189533,-2.497669615257691,1.3407775369113342,-0.5388269682621596,4.777599303598354,-0.790466168779778,1.0139906975104749
44.0,174.0,143.72531127929688,-1.031683451495748,2.6821904622434447,-4.920568409839917,-4.976970098381729,-2.4976714604709005,1.3407804975389237,-0.5388264070742723,4.777612400042827,-0.7904683450001597,1.0139982504102196
44.0,174.0,143.72531127929688,-1.03168142161072,2.6822113556416145,-4.920579760046592,-4.976963870836731,-2.497677901597684,1.3407812858685872,-0.5388313865007888,4.777609627245484,-0.7904693033197532,1.0139954318117717
44.0,174.0,143.7252960205078,-1.031683135524339,2.682195967380673,-4.92057026359012,-4.976956548951674,-2.497679080946842,1.3407784789397503,-0.538833756720356,4.777611723473719,-0.7904677912396609,1.0139922676278346
44.0,174.0,143.72531127929688,-1.0316767254952055,2.682209195275438,-4.920566324041782,-4.976963996641303,-2.497670557067084,1.3407874949996,-0.538836981447619,4.777603624708014,-0.7904664342076924,1.0139898562215102
44.0,174.0,143.72531127929688,-1.0316894878661649,2.6821821674029884,-4.92057966904428,-4.97695804556063,-2.497679521122867,1.3407794558565334,-0.5388221632455528,4.777612073663327,-0.7904715609234199,1.0139979992702095
44.0,174.0,143.72531127929688,-1.0316839087351246,2.682196905012491,-4.9205733966325775,-4.976961215657985,-2.4976715154051115,1.3407846089674411,-0.5388291905260312,4.777601832471932,-0.7904654795452632,1.0139952773489629
44.0,174.0,143.7252960205078,-1.0316866804505138,2.682203795721981,-4.920569507874087,-4.976954246361063,-2.497674264157958,1.3407802721946265,-0.5388314721059642,4.777606376445254,-0.7904663805145358,1.0139918266796857
44.0,174.0,143.7252960205078,-1.0316886217155057,2.6821857014870787,-4.920585869439129,-4.976959431943834,-2.4976795770962195,1.3407776025165443,-0.5388248109810849,4.777605258620831,-0.7904720708312087,1.013991329227597
44.0,174.0,143.7252960205078,-1.0316793758985887,2.6822018328898,-4.920569011250174,-4.9769598499222845,-2.4976708194224373,1.3407890178915718,-0.5388313526584145,4.777595816257005,-0.7904677137574616,1.0139859933030309
44.0,174.0,143.7252960205078,-1.031682268772335,2.682200763975308,-4.920573655398256,-4.976958693006281,-2.4976898957810723,1.3407733669798505,-0.5388297798990322,4.7776110524315705,-0.7904697098384288,1.0139994495121163
44.0,174.0,143.7252960205078,-1.0316818084232675,2.682188780551087,-4.920573017151969,-4.976956531857542,-2.4976706495829464,1.3407830690559397,-0.5388282809825693,4.777606594136676,-0.7904685851976119,1.0139893894216998
44.0,174.0,143.7252960205078,-1.0316786567480465,2.682183645023647,-4.9205778022918345,-4.976972598155606,-2.497681793573398,1.3407761108914542,-0.5388327461256237,4.777616588752551,-0.7904678014063782,1.0139957423107582
44.0,174.0,143.72531127929688,-1.031682876518328,2.6822009002594163,-4.920561903322737,-4.976950112701265,-2.49767458225044,1.3407834488521084,-0.5388296673000292,4.777598931416598,-0.7904674095780333,1.0139942784035867
44.0,174.0,143.7252960205078,-1.0316902642113217,2.6822003728581647,-4.9205749601554025,-4.976963294218032,-2.49767686644668,1.3407795775291884,-0.5388295252418907,4.777607373262541,-0.7904678343206859,1.0139928213368474
44.0,174.0,143.7252960205078,-1.031677507583964,2.682198357580509,-4.920566801685919,-4.976961076180205,-2.497671012227094,1.3407868820876576,-0.5388353522934004,4.77760800299019,-0.7904681252381804,1.0139873635401369
44.0,174.0,143.72531127929688,-1.0316828942644216,2.6821892707372443,-4.92057406055718,-4.976958829339552,-2.4976689353310624,1.3407838709526532,-0.5388305718442945,4.777606156850863,-0.7904685726032454,1.0139899818552127
44.0,174.0,143.7252960205078,-1.031687316549152,2.682186901826463,-4.920568835156942,-4.976957475686301,-2.4976847906667867,1.3407739774467862,-0.5388289317794479,4.77760681063852,-0.7904703063363145,1.013994420466002
44.0,174.0,143.72531127929688,-1.03168693870604,2.682203463739396,-4.920570222333657,-4.976949461882276,-2.4976749569006977,1.3407786101087638,-0.5388340306401664,4.777607978300729,-0.7904674156152574,1.01399134159779
44.0,174.0,143.72531127929688,-1.0316873641503523,2.682218967419421,-4.92056389045332,-4.976962460987005,-2.4976687236206088,1.340783315381616,-0.5388347097240498,4.777612285575039,-0.7904668386937699,1.0139960563312975
44.0,174.0,143.72531127929688,-1.031675921252036,2.6821830286808988,-4.920573113789665,-4.976960681179058,-2.4976760976127754,1.3407829188669398,-0.5388309406888068,4.777614007792689,-0.7904679549634768,1.0139937345381504
44.0,174.0,143.7252960205078,-1.0316798025426626,2.682195060238712,-4.920566393316626,-4.976953601123337,-2.497681206857986,1.3407894779797225,-0.5388324544594978,4.777610461431832,-0.7904700344739961,1.013988710733785
44.0,174.0,143.7252960205078,-1.0316751241632898,2.6822140598753705,-4.920575841062536,-4.97695260584037,-2.4976747825040704,1.3407826095845712,-0.5388378208042441,4.777604772906091,-0.7904702967963768,1.0139910869240936
44.0,174.0,143.7252960205078,-1.0316816227892431,2.6822075328004367,-4.920566355579447,-4.976954311039246,-2.497671364993012,1.3407853927521876,-0.5388329915070429,4.777605038006932,-0.7904694043787117,1.0139907884055894
44.0,174.0,143.7252960205078,-1.0316758221497846,2.682185673509082,-4.920576194198588,-4.976972832472326,-2.4976793176673246,1.3407785152446845,-0.5388287569518511,4.777612822599309,-0.7904681119703314,1.0139956228600822
44.0,174.0,143.7252960205078,-1.0316749240883438,2.682192021744088,-4.92056452154283,-4.976950866498839,-2.4976724586915915,1.3407794052802515,-0.5388305502857227,4.777597780948531,-0.7904700564085498,1.0139905825351665
44.0,174.0,143.7252960205078,-1.0316795981873916,2.682214132724443,-4.9205656643141165,-4.976942840141462,-2.4976690827199253,1.3407890343210376,-0.5388335388741776,4.777597764250366,-0.7904680234462305,1.0139919745997954
44.0,174.0,143.72531127929688,-1.0316914793680354,2.6822035691179904,-4.920569538897223,-4.976962159657563,-2.4976714833852904,1.340776933904552,-0.5388238726329373,4.777598252059676,-0.7904652015243618,1.0139995982275876
44.0,174.0,143.72531127929688,-1.0316828027604918,2.6822124184442107,-4.920564175720478,-4.9769672454519664,-2.4976745125952835,1.3407827565879424,-0.5388347527521322,4.777609479627092,-0.7904656855473728,1.013996267934302
44.0,174.0,143.7252960205078,-1.0316779709352284,2.682207302645284,-4.92056077807679,-4.9769512030698575,-2.497670147271132,1.3407816966483317,-0.5388335190080085,4.777612038706092,-0.7904684742364898,1.0139938076680552
44.0,174.0,143.7252960205078,-1.03168253058245,2.6822070983912063,-4.920570838388021,-4.976964396074422,-2.497678103663115,1.3407827358062114,-0.5388289231620114,4.7776071809341225,-0.7904701684266353,1.0139979611182977
44.0,174.0,143.72531127929688,-1.031686396624946,2.682187893668927,-4.920570060896052,-4.976968939497959,-2.4976893176055643,1.3407759348476134,-0.5388291188419494,4.7776230057199935,-0.7904720910217824,1.0139993141097294
44.0,174.0,143.72531127929688,-1.0316838941827615,2.6821885067267868,-4.92056951996927,-4.976960188586447,-2.497673283300899,1.3407782990177963,-0.538824966698983,4.77761155695257,-0.7904691364792864,1.0139961667435706
44.0,174.0,143.72531127929688,-1.031687944768655,2.6821899871817534,-4.920574172717967,-4.976952856285775,-2.497680704176451,1.3407794275610296,-0.5388267130410949,4.777610232013348,-0.7904684518305309,1.0139943761004293
44.0,174.0,143.72531127929688,-1.0316727893983284,2.682208633646056,-4.920560831005673,-4.976963623804754,-2.4976666559747915,1.3407850868231632,-0.5388409518695774,4.777612330175108,-0.7904675794976965,1.0139926161099255
44.0,174.0,143.7252960205078,-1.0316879076314422,2.6821970775526243,-4.9205695102132365,-4.976958046782479,-2.497676411588983,1.3407712748949496,-0.5388307360658349,4.777613644506948,-0.7904699750567215,1.013994947103937
44.0,174.0,143.72531127929688,-1.0316826434240562,2.682196387942469,-4.920571042898244,-4.976971176499468,-2.4976728954593934,1.3407880746257217,-0.5388239503293812,4.777601191898711,-0.7904674525273725,1.01399569530627
44.0,174.0,143.7252960205078,-1.0316736689511463,2.682200299651297,-4.920565168395117,-4.976955260504041,-2.497669064924977,1.3407918469897684,-0.5388371379044639,4.777603785119329,-0.7904693693056544,1.013986566288148
44.0,174.0,143.7252960205078,-1.0316792998920072,2.682181418506431,-4.920566871670064,-4.976967091137698,-2.4976807125148985,1.3407821029704383,-0.5388281671245396,4.777610792896281,-0.7904681530725046,1.0139930931695096
44.0,174.0,143.7252960205078,-1.0316880933491124,2.682205764458164,-4.920566004912336,-4.976952265101993,-2.497678073471697,1.3407832081821631,-0.5388267506530919,4.777599902616727,-0.7904696055139526,1.0139924789782286
44.0,174.0,143.7252960205078,-1.031681898626713,2.682191634578878,-4.920581192040089,-4.976970537538652,-2.497674660458325,1.3407792145877862,-0.5388309550503303,4.777617201617064,-0.7904715431875191,1.0139947506630875
44.0,174.0,143.72531127929688,-1.0316856136827326,2.682195457797121,-4.920573064138989,-4.976960119273558,-2.497678560990224,1.340778200058372,-0.5388286551790289,4.777610086015713,-0.7904684740158467,1.01399390897463
44.0,175.0,143.7252960205078,-1.0316798582858595,2.682185757294896,-4.920577699076298,-4.976965111507796,-2.497676657665393,1.3407796497287814,-0.5388271237139621,4.7776097465421845,-0.790472323740131,1.0139932354253205
44.0,175.0,143.72531127929688,-1.0316819114189355,2.6822010201538724,-4.920578221135219,-4.976956728050507,-2.4976680526369504,1.3407861858527197,-0.5388307074814236,4.777597240245859,-0.7904657923200284,1.0139894495472976
44.0,175.0,143.7252960205078,-1.031680063015517,2.6821937627852623,-4.920571541710486,-4.976964282912389,-2.497678873800773,1.340785548407978,-0.538831162611908,4.7776088127115095,-0.7904680204554193,1.013993637747511
44.0,175.0,143.72531127929688,-1.0316751841290452,2.6822084081064688,-4.920565894865935,-4.976960296555919,-2.4976747979840748,1.3407843079758406,-0.5388358313363479,4.777607756322718,-0.7904698304857405,1.0139925100548508
44.0,175.0,143.7252960205078,-1.0316921614092482,2.6821914036472787,-4.92057149188551,-4.976955374369425,-2.497683785337188,1.340767117752641,-0.5388265751392165,4.777612957376178,-0.7904657193782523,1.0139967554991092
44.0,175.0,143.72531127929688,-1.0316843416163164,2.682196648926154,-4.920578742200323,-4.976969922827308,-2.497680090321936,1.3407820386898228,-0.5388268788607045,4.777608678959798,-0.7904677659090549,1.0139989938866742
44.0,175.0,143.72531127929688,-1.0316793752496922,2.682195721035323,-4.920571548562346,-4.97696599869207,-2.49767872241447,1.3407812339098175,-0.5388308762029723,4.777613516746804,-0.7904718131794528,1.0139927739483898
44.0,175.0,143.72531127929688,-1.031684579579415,2.6822009148718635,-4.920562594469283,-4.9769548886735056,-2.4976692686155744,1.3407833533505764,-0.5388293995410356,4.777608149884289,-0.7904690432100239,1.013994973941001
44.0,175.0,143.72531127929688,-1.031684262262874,2.682210102675384,-4.920572661227833,-4.976961725549624,-2.497669498871433,1.3407805277631422,-0.5388357317062891,4.777602574038539,-0.790467869372403,1.013989772300432
44.0,175.0,143.72531127929688,-1.0316830086497806,2.6821797689358213,-4.920579109154671,-4.976968124789405,-2.4976952874822373,1.3407756389041765,-0.5388281071549219,4.777622044858198,-0.7904743718090153,1.0139994923735642
44.0,175.0,143.72531127929688,-1.0316789562686726,2.68219614441215,-4.920560332740683,-4.976968614818154,-2.49768170887038,1.3407851359564482,-0.5388340676826289,4.777612229888076,-0.7904693378708307,1.0139926417931608
44.0,175.0,143.7252960205078,-1.03168323492933,2.6821917361794743,-4.920575424491719,-4.976964636074994,-2.4976796163160064,1.340783976985584,-0.5388252980785682,4.77760227718856,-0.7904701390578746,1.0139944535091336
44.0,175.0,143.72531127929688,-1.031689271174638,2.68219778320009,-4.920567642352664,-4.97695938590197,-2.4976742258939453,1.340778577643345,-0.5388234417577191,4.77760235782489,-0.7904677063210777,1.0139977104230518
44.0,175.0,143.7252960205078,-1.0316790497041497,2.682194732089017,-4.920570637868486,-4.976958498605621,-2.497679881864512,1.3407759076847745,-0.5388292917563859,4.777611936968235,-0.7904685131788316,1.013989932734951
44.0,175.0,143.72531127929688,-1.0316896730015168,2.6821902392881523,-4.920578674797535,-4.976951196162189,-2.497682724168077,1.3407752889005495,-0.5388211511278911,4.777605653738373,-0.7904709708359858,1.0139978604026645
44.0,175.0,143.7252960205078,-1.0316760297648129,2.682175028205158,-4.920571522200824,-4.9769623054729175,-2.497678059062495,1.3407807510685066,-0.5388345281728677,4.777614565970399,-0.7904724248529966,1.0139881139032756
44.0,175.0,143.72531127929688,-1.0316948920177555,2.682197524971767,-4.920567516453133,-4.976959042531247,-2.497681061590323,1.3407816917107231,-0.5388194790831129,4.777595571269281,-0.7904700945235792,1.0140005188686008
44.0,175.0,143.72531127929688,-1.0316920068205175,2.682192850623374,-4.920576508272929,-4.976967058105365,-2.49768804140101,1.3407750742471,-0.5388245457890584,4.777609704764874,-0.7904714346714687,1.0140005467610198
44.0,175.0,143.72531127929688,-1.0316725248087124,2.682191069689077,-4.920569163018493,-4.976957102363664,-2.4976783609747915,1.3407799559118718,-0.5388353387807934,4.777618900755517,-0.7904728274542077,1.0139929069763003
44.0,175.0,143.72531127929688,-1.0316774626560106,2.682199712779477,-4.920565756390315,-4.976963831471289,-2.497670605088307,1.3407814927540969,-0.5388392094891206,4.777612099424575,-0.7904679624770079,1.0139889408574296
44.0,175.0,143.72531127929688,-1.0316853709521223,2.682194816806049,-4.9205713416782,-4.976961214383454,-2.497673014108978,1.340777640833969,-0.5388311115808877,4.777611950220047,-0.7904670524569415,1.0139942589449973
44.0,175.0,143.7252960205078,-1.0316891732152635,2.682198947197556,-4.9205768602296445,-4.976955273366927,-2.497674578989905,1.3407790527325574,-0.5388268176213051,4.777600628197147,-0.7904667949580011,1.013987271058375
44.0,175.0,143.72531127929688,-1.031687063391021,2.682186358218562,-4.920571976903246,-4.976959345900506,-2.497680902973209,1.3407842397929652,-0.5388298939701217,4.77760712946848,-0.7904702579104779,1.013991784044057
44.0,175.0,143.72531127929688,-1.0316845522873042,2.6821912651040947,-4.920573559947677,-4.976975692780578,-2.4976783887984184,1.3407819698263204,-0.5388262471842165,4.7776137989528085,-0.7904697543610517,1.0139958632386472
44.0,175.0,143.7252960205078,-1.0316908215051694,2.682192554796787,-4.920580280997038,-4.976961889835051,-2.497684318047313,1.3407744467935334,-0.5388204154665397,4.777607422559829,-0.7904685182404494,1.0139966701686245
44.0,175.0,143.7252960205078,-1.0316855541196968,2.6822084499052457,-4.92057365627778,-4.976960963681047,-2.497673968038338,1.340781636911629,-0.538831804405353,4.777601944737629,-0.79046787292617,1.0139919531341288
44.0,175.0,143.72531127929688,-1.0316863366922608,2.682194877258185,-4.920581270634286,-4.97696292222968,-2.497689014333426,1.3407796674320416,-0.538824949792474,4.777611694728352,-0.7904724144264517,1.0139979905766765
44.0,175.0,143.72531127929688,-1.0316725147585233,2.682195771859287,-4.920565520991405,-4.976960925450241,-2.4976747000260486,1.3407846614174757,-0.5388383671980135,4.777615351404286,-0.7904716780369734,1.0139882411714538
44.0,175.0,143.7252960205078,-1.0316785213279407,2.682196796410945,-4.920573121764747,-4.976961717989258,-2.497671828299868,1.340780944111966,-0.5388310538044383,4.777607793921542,-0.790470132759741,1.0139936069554416
44.0,175.0,143.7252960205078,-1.0316810279742246,2.682210697150258,-4.920557952436363,-4.976954270563857,-2.497665657905572,1.3407847606305792,-0.5388343941380258,4.777602201210669,-0.7904672307115055,1.0139940030938632
44.0,175.0,143.72531127929688,-1.0316711967143817,2.682210769641623,-4.920563359530347,-4.976959751138309,-2.497671652334632,1.3407848130199174,-0.538841849915503,4.77761597386503,-0.790470447476805,1.013993180969292
44.0,175.0,143.7252960205078,-1.0316820888280622,2.682170604628629,-4.920570231922153,-4.976968912023846,-2.497682102049508,1.340780286576365,-0.5388227192358759,4.777616391696908,-0.7904670643282792,1.013993718416338
44.0,175.0,143.7252960205078,-1.0316914619981694,2.6821970084074813,-4.920571547796772,-4.976967837103201,-2.497680384845426,1.3407797354162945,-0.5388259180598567,4.7776128452044695,-0.7904700693815805,1.013998710942091
44.0,175.0,143.7252960205078,-1.0316844482011174,2.6821986277147865,-4.9205744935073135,-4.976955021526928,-2.4976722180920867,1.340775297952853,-0.5388299323512022,4.7776068765655655,-0.7904681563733726,1.0139930849102416
44.0,175.0,143.72531127929688,-1.0316860099589935,2.682185061659391,-4.920560894550877,-4.976954055404131,-2.49767290609532,1.3407796487156052,-0.5388331244081215,4.777609454306637,-0.7904695230753473,1.0139885622874285
44.0,175.0,143.72531127929688,-1.0316824846601065,2.682204244874163,-4.920566571298543,-4.976955554181936,-2.497681186209376,1.340782600173238,-0.5388335075391506,4.777616215575177,-0.7904713466370259,1.0139944257416866
44.0,175.0,143.7252960205078,-1.0316737793553985,2.682211478804608,-4.920577636528646,-4.976966046813531,-2.497676740121205,1.3407824111771944,-0.5388352618639747,4.777615065335857,-0.790469208259692,1.013994324827948
44.0,175.0,143.72531127929688,-1.0316814076142382,2.682201924618127,-4.92057023788631,-4.976971473810618,-2.4976791210661737,1.340780599175554,-0.538830247187394,4.777603245644157,-0.7904682470147337,1.013997440982667
44.0,175.0,143.7252960205078,-1.0316870697281724,2.68219600190943,-4.920574261067579,-4.9769635598440365,-2.4976863785635848,1.3407737395099917,-0.5388298921732639,4.7776112239162405,-0.7904715133059979,1.0140002519736946
44.0,175.0,143.7252960205078,-1.0316884523208931,2.68218402305675,-4.920566729727705,-4.976968513093387,-2.4976774431585143,1.340773524578057,-0.538820265478261,4.777610939567234,-0.7904671895066793,1.0139991255411491
44.0,175.0,143.7252960205078,-1.031675789767868,2.6821886973690487,-4.920573654984227,-4.976964535756747,-2.497660943404652,1.3407837842390269,-0.5388363309242097,4.777606686337609,-0.7904656450724916,1.0139845072515117
44.0,175.0,143.72531127929688,-1.031678260786066,2.682208489115866,-4.920572814624765,-4.976953793336073,-2.497670227519774,1.340782870233058,-0.5388378407109524,4.7776020839135,-0.7904678638062181,1.013987886641539
44.0,175.0,143.72531127929688,-1.0316794261936924,2.6822129562014663,-4.920564445306095,-4.976959394553315,-2.497668028293019,1.3407828281929612,-0.538832870105721,4.777609621562736,-0.7904681247782035,1.0139944210159977
44.0,175.0,143.72531127929688,-1.0316853856063668,2.682188715686933,-4.920563186129745,-4.976951838908247,-2.497679636292773,1.3407779697309363,-0.5388240353302098,4.7776013276056055,-0.7904699248438316,1.013993989966437
44.0,175.0,143.7252960205078,-1.0316929713663563,2.682185026727395,-4.9205794729345325,-4.976968031514068,-2.4976809312168964,1.3407687736957214,-0.5388180323126086,4.7776089274771465,-0.7904657151378505,1.0139970292055835
44.0,175.0,143.72531127929688,-1.0316831747482085,2.682177248217342,-4.920579473748604,-4.976972612154664,-2.4976777469768416,1.340780098722881,-0.5388219309890516,4.777611872601902,-0.7904689719833735,1.0139986912070924
44.0,175.0,143.7252960205078,-1.0316843431261011,2.6821928855602186,-4.920562330276051,-4.9769524843300745,-2.4976848120037203,1.3407753251104406,-0.5388273281384306,4.777609325228001,-0.7904724807499068,1.013995038075869
44.0,175.0,143.7252960205078,-1.0316724010579916,2.682192804583315,-4.920564283148488,-4.9769691049633895,-2.497671900613468,1.340777818130495,-0.5388362040033625,4.777612529905767,-0.790467172601212,1.0139943918375778
44.0,175.0,143.72531127929688,-1.0316874977480546,2.6821944641656623,-4.920568828122182,-4.976960422937715,-2.497686189320509,1.3407823605133895,-0.5388251422382417,4.77760466039998,-0.7904677397976858,1.0139965851160395
44.0,175.0,143.7252960205078,-1.0316788727696204,2.682196698151184,-4.920574544436649,-4.976956888928693,-2.4976714463212257,1.340789389776881,-0.5388374308680097,4.777608271095019,-0.7904680727610582,1.0139867547865506
44.0,176.0,143.7252960205078,-1.0316714610258848,2.6822033625880604,-4.920565457720382,-4.976955509108246,-2.497661725073681,1.3407826681390986,-0.5388328656803933,4.777603235945856,-0.7904691763610403,1.013988868368334
44.0,176.0,143.72531127929688,-1.0316898459827917,2.682200477276142,-4.920564212652999,-4.9769618461347065,-2.497681722998631,1.3407753049845326,-0.5388297922357763,4.777615181853532,-0.7904702845691602,1.0139996269370035
44.0,176.0,143.7252960205078,-1.0316802445566142,2.682209417586858,-4.920565263274135,-4.9769647134588,-2.497675211856094,1.3407822219573218,-0.5388340697443619,4.777609593845378,-0.7904701548369637,1.0139969452100015
44.0,176.0,143.7252960205078,-1.031680293839885,2.68218917688486,-4.920568966024515,-4.976959521124841,-2.4976700754268184,1.3407807640484997,-0.5388318191730406,4.777607591151096,-0.7904691927789784,1.0139896991524164
44.0,176.0,143.72531127929688,-1.031684743141628,2.6821990349379536,-4.920562947085249,-4.97695835641474,-2.497679389523069,1.3407806781107254,-0.5388309356474155,4.777608311030487,-0.790468499022567,1.013994815362631
44.0,176.0,143.7252960205078,-1.031676286286802,2.682206162738286,-4.920574149378044,-4.976967526949474,-2.497681706898112,1.3407852086397396,-0.5388362917001901,4.777614740362674,-0.7904714820102479,1.013996701489499
44.0,176.0,143.7252960205078,-1.0316868907913983,2.6821876360622205,-4.920566333777577,-4.976961022119757,-2.49767544965981,1.3407748479767676,-0.5388255689226549,4.777604027954917,-0.7904706791641223,1.0139940129006284
44.0,176.0,143.72531127929688,-1.0316806600295978,2.6822023795775447,-4.920569462700118,-4.976967869703597,-2.497680258342169,1.3407774987436785,-0.5388321408937378,4.7776151721088365,-0.7904721076955203,1.0139954573999708
44.0,176.0,143.72531127929688,-1.0316831080499391,2.6821828841748427,-4.920576693237232,-4.97696797923918,-2.4976798757756296,1.3407768463400638,-0.5388262871443947,4.777619563561212,-0.7904698043610399,1.0139978898780413
44.0,176.0,143.7252960205078,-1.031672455331016,2.682193531209233,-4.920563543953462,-4.976955382601088,-2.4976690648752675,1.3407847003732378,-0.5388295964992986,4.777601835998604,-0.7904693793080959,1.0139887459583887
44.0,176.0,143.72531127929688,-1.0316883490217927,2.682197884735869,-4.920579685075002,-4.976952528645877,-2.497677108357804,1.3407746105924652,-0.538823289743231,4.777598231753538,-0.7904695960859938,1.0139952632989582
44.0,176.0,143.7252960205078,-1.031678189802986,2.682181762055912,-4.92057844328887,-4.976974175961394,-2.497677598421564,1.3407744867416893,-0.5388316303376897,4.77762082140044,-0.7904690793397569,1.0139953855244377
44.0,176.0,143.7252960205078,-1.0316886876717897,2.68218755263576,-4.920572325916717,-4.976967512367671,-2.497678848941281,1.340776990259335,-0.5388216766612377,4.777609657942675,-0.7904669919087528,1.0139977956514334
44.0,176.0,143.7252960205078,-1.0316852433595445,2.6821957627382744,-4.920570261420449,-4.976962832887928,-2.497676878688566,1.3407826650461327,-0.5388247220982763,4.777601819223674,-0.7904714062979892,1.0139932061870995
44.0,176.0,143.7252960205078,-1.031688108380568,2.6822041839234645,-4.920574649207712,-4.976970592773183,-2.4976830726941115,1.3407808080634185,-0.5388294017225999,4.777610933226779,-0.7904683088657904,1.013999607120159
44.0,176.0,143.72531127929688,-1.031685342425876,2.682199623021959,-4.920575291023895,-4.976969226995536,-2.497677121227446,1.3407733719933643,-0.5388285535026984,4.77761360623632,-0.7904659831136094,1.0140008744696107
44.0,176.0,143.72531127929688,-1.031685310774539,2.6821840620930253,-4.920571840641668,-4.976974203380571,-2.4976859665382416,1.3407729320415154,-0.5388236356367235,4.777615751320036,-0.7904705432582739,1.014000107706014
44.0,176.0,143.7252960205078,-1.031678942039414,2.682188845433529,-4.920561837580843,-4.976947994597188,-2.4976718626988683,1.340779699368403,-0.5388305671705629,4.777608564482156,-0.7904706887450113,1.013986546883416
44.0,176.0,143.72531127929688,-1.0316824620196736,2.682191831462976,-4.920577218726874,-4.976968763194432,-2.4976797236240973,1.3407732852451018,-0.5388274017146077,4.777617382519061,-0.790466548333792,1.0139952033551474
44.0,176.0,143.7252960205078,-1.031681710214171,2.682192333523318,-4.920564173361328,-4.97696081250303,-2.497674573955375,1.340777082957631,-0.5388289088309843,4.777612606608599,-0.7904676367890753,1.0139937728318855
44.0,176.0,143.7252960205078,-1.0316843928982564,2.682194141999883,-4.920570735051112,-4.976965346863251,-2.4976701245301927,1.3407788908382905,-0.5388274840709943,4.777609798811595,-0.7904660661884853,1.0139959198626327
44.0,176.0,143.72531127929688,-1.031681385374354,2.6821991685607536,-4.920573009861682,-4.976956591596619,-2.497676575009939,1.3407789951519329,-0.5388278792599106,4.777604310821337,-0.7904702699313795,1.013992790033961
44.0,176.0,143.72531127929688,-1.0316781847325922,2.6821855276923623,-4.920573685493587,-4.976964691332655,-2.4976625644045325,1.340783903980002,-0.538830874270352,4.777605141011161,-0.7904667654662667,1.01398655571559
44.0,176.0,143.72531127929688,-1.0316841529081353,2.6821902891136338,-4.920568164711953,-4.976966845271022,-2.4976764238775173,1.3407728502385847,-0.5388269875298048,4.777609187893358,-0.7904706319158015,1.013995230640381
44.0,176.0,143.7252960205078,-1.0316876119933829,2.682180938658236,-4.920569314892469,-4.976957444476203,-2.497677616299645,1.3407761629369492,-0.5388284943073334,4.777605528314822,-0.790465421296453,1.0139941753557071
44.0,176.0,143.72531127929688,-1.0316840653428532,2.6821913634750647,-4.920572277002489,-4.976979279433522,-2.497669900321859,1.3407738935996925,-0.5388283117329706,4.77761320505906,-0.7904663879472613,1.0139959033473778
44.0,176.0,143.7252960205078,-1.0316822144810385,2.682193374770198,-4.920577592895566,-4.976962322297899,-2.4976810875647466,1.3407817841541476,-0.5388272015208786,4.777608860824149,-0.7904719840996473,1.0139950125388475
44.0,176.0,143.7252960205078,-1.0316808897642191,2.6821849191152545,-4.920578314220044,-4.9769691762989074,-2.497676005425279,1.3407781583426832,-0.5388252838934751,4.777616371585271,-0.7904697266692686,1.0139939291132194
44.0,176.0,143.72531127929688,-1.031696319222391,2.682179550514117,-4.920581364930528,-4.976953591692673,-2.4976895636418166,1.3407766164336712,-0.5388225629454269,4.777610255752261,-0.7904671734569426,1.013994254655329
44.0,176.0,143.72531127929688,-1.031676939211585,2.682194989702952,-4.92056335732386,-4.976970724438972,-2.497676852383739,1.3407740083460895,-0.5388339449876529,4.777621735955629,-0.790467994998866,1.0140000396939453
44.0,176.0,143.72531127929688,-1.0316857429945503,2.682188135910363,-4.92057550045163,-4.976966413360889,-2.497679840012492,1.340776257415655,-0.5388204109928294,4.7776137364751925,-0.7904716319123635,1.013999666156665
44.0,176.0,143.72531127929688,-1.0316803185507435,2.682192527485638,-4.920567315165131,-4.976960745797964,-2.497663494207132,1.3407850916659614,-0.5388316989962068,4.777600251934778,-0.7904667227496178,1.0139885706188083
44.0,176.0,143.7252960205078,-1.031686652169785,2.682180857322858,-4.920575590262538,-4.97696502713211,-2.497679357264527,1.3407776479519304,-0.5388235444533276,4.777611291374377,-0.7904691875310563,1.0139947904150235
44.0,176.0,143.7252960205078,-1.0316805573346826,2.682188096925472,-4.92057993229496,-4.976968835801333,-2.497678634204809,1.340780073493283,-0.5388258575310765,4.777604440195782,-0.7904715174428674,1.013995970458911
44.0,176.0,143.7252960205078,-1.03168971871803,2.6821836786711737,-4.920571928837096,-4.976962173119277,-2.497681306989396,1.3407791145348114,-0.5388206459328373,4.777599899342096,-0.790468502792228,1.013993713783627
44.0,176.0,143.7252960205078,-1.0316926307353147,2.6821977276601663,-4.9205756000750185,-4.976952625410538,-2.497676455434264,1.3407725938923765,-0.5388286662887545,4.777609336589512,-0.7904694373892021,1.0139948554741238
44.0,176.0,143.72531127929688,-1.0316984316432616,2.682186713963436,-4.920569987645812,-4.976963940947355,-2.4976842067876004,1.3407737981356205,-0.5388153530515929,4.7776084471537885,-0.7904651893942987,1.0139986202668316
44.0,176.0,143.7252960205078,-1.0316865224767984,2.682209693033939,-4.920573841390437,-4.976956519170011,-2.4976789194458355,1.340781819249881,-0.5388268136491536,4.777605154507269,-0.7904684563047129,1.0139965714591002
44.0,176.0,143.72531127929688,-1.031687295321409,2.682188945824967,-4.920577006611304,-4.976958606839883,-2.4976789634724588,1.34077648719662,-0.5388231945379509,4.777610262393074,-0.7904708070150201,1.0139967383583244
44.0,176.0,143.7252960205078,-1.0316880606113332,2.6822000455810704,-4.920570522823116,-4.976951398715255,-2.4976836516920864,1.3407789371825445,-0.5388299578957243,4.777608032628738,-0.7904726362395902,1.0139918152419156
44.0,176.0,143.72531127929688,-1.0316910143855154,2.6821810249694504,-4.920575670975151,-4.976957574088615,-2.4976863818575423,1.3407736965579256,-0.5388232124906356,4.777611332834093,-0.7904681790050416,1.0139959377438306
44.0,176.0,143.7252960205078,-1.0316834212963926,2.682180064104217,-4.920581586841752,-4.976956281478701,-2.4976715820669493,1.3407791925191983,-0.5388251994140916,4.77760672181592,-0.7904702620646527,1.0139934681977625
44.0,176.0,143.72531127929688,-1.0316795268365366,2.6821882387403484,-4.920574889759498,-4.976975839643962,-2.49767886839828,1.3407772978420065,-0.5388298333124268,4.777615596962626,-0.7904689250237169,1.01399621378195
44.0,176.0,143.72531127929688,-1.0316848899844837,2.6821781182774256,-4.920565384184625,-4.976966125398047,-2.4976864243370347,1.3407702715107668,-0.5388279606020543,4.777618571642275,-0.7904659741595443,1.0139969123356494
44.0,176.0,143.7252960205078,-1.0316814754445054,2.6821986827384423,-4.920564984370682,-4.97696227630858,-2.497667083189155,1.3407791571421148,-0.5388345913565153,4.777604345493455,-0.7904672049100201,1.0139920536414344
44.0,176.0,143.72531127929688,-1.0316792741592558,2.682187811567004,-4.920566289042064,-4.976962989545382,-2.497672955685561,1.3407771409292613,-0.5388364219026318,4.777615650804528,-0.7904693238004086,1.013988276747865
44.0,176.0,143.72531127929688,-1.031687035155595,2.6822040071956623,-4.920562196631732,-4.976960062062621,-2.497672135081983,1.3407742668725922,-0.5388306382422101,4.777610180793291,-0.790466422549418,1.0139978326865773
44.0,176.0,143.72531127929688,-1.0316812725741142,2.682201703879543,-4.920571215919934,-4.976955472776673,-2.497675608236705,1.340780223255539,-0.5388318240773913,4.777606636310503,-0.7904674794060762,1.0139931324097216
44.0,176.0,143.7252960205078,-1.0316950980976691,2.6821922962017783,-4.920565930459291,-4.976967673950757,-2.4976867433595915,1.3407687298734476,-0.5388221021274955,4.777620478620046,-0.7904690198376931,1.014003108020311
44.0,176.0,143.72531127929688,-1.031699255702203,2.682191486063318,-4.920574442017608,-4.976972633460168,-2.497688611947548,1.3407709665979954,-0.5388220044574172,4.777619678547824,-0.7904678216853336,1.014002917211246
44.0,177.0,143.7252960205078,-1.031685715372364,2.6821886133245068,-4.9205667931811625,-4.976958210807408,-2.497678226153369,1.3407754532660825,-0.5388267600048593,4.777609658777816,-0.7904688704834939,1.0139933311022205
44.0,177.0,143.7252960205078,-1.0316784986367191,2.682193223732173,-4.920573263776756,-4.976962703475184,-2.497666929991288,1.3407815520696822,-0.5388288187461967,4.777602690157533,-0.7904675128465835,1.0139898498374356
44.0,177.0,143.72531127929688,-1.0316885586405835,2.682173866473219,-4.920578593971336,-4.976968078936066,-2.4976793615147392,1.3407667185160967,-0.5388219204545939,4.777620279098686,-0.7904729653003963,1.013995387917948
44.0,177.0,143.72531127929688,-1.0316909244516594,2.682215245622966,-4.920574357512721,-4.9769528131576415,-2.497669105641636,1.3407803296591825,-0.5388297914375029,4.777602899511194,-0.7904680211615505,1.0139952091214337
44.0,177.0,143.72531127929688,-1.031696866046588,2.682177073554925,-4.920574315681219,-4.976968883131828,-2.497683380800735,1.3407689844848498,-0.5388160638146546,4.777619505073805,-0.7904677746160127,1.0140017396937075
44.0,177.0,143.72531127929688,-1.0316899165023936,2.682212291715132,-4.920577087126077,-4.976957025958443,-2.49767376832688,1.3407792298749746,-0.5388320669216231,4.777609878344928,-0.7904722195065865,1.01399712685504
44.0,177.0,143.7252960205078,-1.0316810346828849,2.6822044045824924,-4.920567067290121,-4.976952667329562,-2.497675690735016,1.3407839137267077,-0.5388262689836756,4.7776030321700205,-0.7904718147128316,1.013996499431849
44.0,177.0,143.72531127929688,-1.031688292842574,2.682193881974224,-4.920575316020709,-4.9769589801926495,-2.497675611581977,1.3407773455610528,-0.5388235972520086,4.777606334295037,-0.7904687899610296,1.0139961625491702
44.0,177.0,143.72531127929688,-1.0316941749714157,2.682194347446347,-4.920577670365191,-4.976962490346177,-2.497681671381196,1.340776911301634,-0.5388255350205151,4.777612553815356,-0.7904697705023098,1.0139962247027192
44.0,177.0,143.72531127929688,-1.0316812402644175,2.6822011120443223,-4.920562998086875,-4.976953826205063,-2.497669757589557,1.3407824954881162,-0.5388289390127721,4.777603866072189,-0.7904690157130396,1.013993845107314
44.0,177.0,143.7252960205078,-1.0316831370914077,2.682204610274642,-4.920564482575555,-4.9769582344383245,-2.49767042358969,1.340784473263307,-0.5388318487949482,4.777606481154066,-0.7904679360124707,1.013990985194427
44.0,177.0,143.72531127929688,-1.031679870171928,2.682200224636436,-4.9205712692119885,-4.976962264567663,-2.497670600906576,1.3407807252376005,-0.5388279181996039,4.777603726420278,-0.7904680413652887,1.013992145591657
44.0,177.0,143.72531127929688,-1.0316846765725254,2.682194155792029,-4.920568870103914,-4.976955495053309,-2.4976720343682244,1.3407786460253392,-0.5388250463751376,4.77760603263064,-0.7904682108910643,1.013993128743981
44.0,177.0,143.7252960205078,-1.0316829311994369,2.6821970569410016,-4.920571674068313,-4.976961557313209,-2.4976723374232184,1.3407817661356043,-0.5388252723387197,4.777601854366685,-0.7904709823481522,1.0139934907801091
44.0,177.0,143.72531127929688,-1.0316861521998648,2.682190418741476,-4.920575353357494,-4.976952555843654,-2.49767617943804,1.3407765270690488,-0.5388266193454561,4.777598346551656,-0.7904681221969474,1.0139912620008935
44.0,177.0,143.7252960205078,-1.031683207696453,2.682195282651363,-4.920567772415259,-4.97695167053522,-2.497677654385215,1.3407740967381363,-0.5388337019719458,4.777609180919031,-0.7904697576761048,1.013990409987242
44.0,177.0,143.72531127929688,-1.0316835242008482,2.6822022105589323,-4.920567412067928,-4.976964276638028,-2.497664822693032,1.3407780630606148,-0.5388291312569349,4.777606963842564,-0.7904672196404334,1.0139941108629174
44.0,177.0,143.72531127929688,-1.031694517712447,2.682195006712665,-4.92057392430327,-4.97696341844334,-2.497676264566262,1.3407742401904716,-0.5388240129161375,4.777612411703169,-0.7904683201361626,1.013998613751391
44.0,177.0,143.72531127929688,-1.031683940995833,2.682192819913652,-4.920567907224875,-4.976956455566967,-2.4976761313589417,1.340784754500392,-0.5388261396058658,4.77760454895739,-0.7904703904194914,1.013995098888646
44.0,177.0,143.72531127929688,-1.0316888859742592,2.6821922815834647,-4.920571023421983,-4.97696213235762,-2.497674609931721,1.3407803623429215,-0.5388254680827114,4.7776043673991335,-0.7904661811921043,1.0139962215387808
44.0,177.0,143.7252960205078,-1.031676754100603,2.682202763634552,-4.920565263416811,-4.97695463423807,-2.497661592218432,1.340785272990482,-0.5388357661083614,4.777602628115574,-0.7904692468576284,1.0139866918527627
44.0,177.0,143.7252960205078,-1.0316860353747712,2.682183710758153,-4.920567093491134,-4.97695823994856,-2.497673328886922,1.340779075982241,-0.5388238744218974,4.777607658682864,-0.7904649581979921,1.0139939457762637
44.0,177.0,143.72531127929688,-1.0316857571047455,2.682194273520617,-4.920565476558853,-4.976963721979861,-2.4976732938165416,1.340773508391207,-0.5388251383036575,4.777611528483961,-0.7904710974372664,1.014000284083756
44.0,177.0,143.7252960205078,-1.0316884405168727,2.6821947059242666,-4.920575609791767,-4.976965126648685,-2.497686035343374,1.340777273361862,-0.5388244125034074,4.777606134401541,-0.7904709357493402,1.013998382803636
44.0,177.0,143.72531127929688,-1.0316811802545427,2.6821867952725063,-4.920565108374356,-4.976957305239053,-2.4976766974571447,1.3407817555193429,-0.5388269251629518,4.777602907702917,-0.7904712904535636,1.0139914288002796
44.0,177.0,143.72531127929688,-1.0316863323506666,2.6821993552516847,-4.920569455815275,-4.976956333832184,-2.4976725789936043,1.3407786477812582,-0.538826672439285,4.777604363574808,-0.7904708000080722,1.013994545929938
44.0,177.0,143.7252960205078,-1.0316831435875409,2.682194409378297,-4.920571972399818,-4.976954371541436,-2.497673570683736,1.340779874988575,-0.5388289474471151,4.777607352850067,-0.7904694073374721,1.0139960873816385
44.0,177.0,143.72531127929688,-1.031683381267321,2.682196394045788,-4.920577753594383,-4.976963308497584,-2.497674093374996,1.3407821846170993,-0.5388252683262618,4.777607925041805,-0.7904710534066215,1.0139956090724134
44.0,177.0,143.72531127929688,-1.0316847358853989,2.682193020265656,-4.920572023066793,-4.976961775860548,-2.4976810957651323,1.3407783929754231,-0.5388285505057953,4.77761362464533,-0.7904713616351398,1.0139977278587171
44.0,177.0,143.72531127929688,-1.0316877053128422,2.682191321418484,-4.920562584474959,-4.976947276083525,-2.497676235293504,1.3407769875620552,-0.538823546538052,4.777602301753722,-0.790470967194218,1.0139983182273324
44.0,177.0,143.7252960205078,-1.031688048860604,2.6822166609267235,-4.920571389327887,-4.9769530891123335,-2.4976716542778004,1.340780235044483,-0.5388342140080322,4.77760085697849,-0.7904686847844316,1.0139938651529177
44.0,177.0,143.72531127929688,-1.031679424825482,2.6821975895027803,-4.920573272153918,-4.976962982080981,-2.497679094004959,1.3407809618066988,-0.5388333030471726,4.777606628425309,-0.790468757472854,1.0139928558256075
44.0,177.0,143.72531127929688,-1.0316830239111212,2.682183852807136,-4.920576314464314,-4.976962557135104,-2.49767804578866,1.3407766304874065,-0.5388223451324246,4.777606547479513,-0.7904671551314326,1.01399607399654
44.0,177.0,143.7252960205078,-1.0316954672179608,2.682195471295029,-4.920570888974015,-4.976957251250259,-2.497685616238048,1.3407724817401476,-0.5388213210815991,4.777604142418552,-0.7904685164085459,1.0140004614525822
44.0,177.0,143.72531127929688,-1.0316819596215376,2.6821939204883147,-4.92057568067515,-4.976961912913833,-2.4976758579244898,1.340773232750136,-0.5388284965441992,4.777608361320619,-0.7904687780443469,1.0139947308578776
44.0,177.0,143.72531127929688,-1.0316775102589109,2.682180677747548,-4.920580345295429,-4.976963677105152,-2.497681207021727,1.340777463607994,-0.5388307469721196,4.777614159821258,-0.7904715196939112,1.0139931914174696
44.0,177.0,143.7252960205078,-1.0316822998922044,2.682199200508921,-4.920578144763234,-4.976962763704688,-2.4976724491782982,1.3407814386517618,-0.5388308223386247,4.777610166541411,-0.7904681775558835,1.0139930507040449
44.0,177.0,143.7252960205078,-1.031680236509137,2.682184220651237,-4.92057590590036,-4.976962510159024,-2.4976717634962182,1.3407746580798685,-0.538826668043205,4.777605476232299,-0.7904700388474541,1.013992046478954
44.0,177.0,143.72531127929688,-1.0316859820572204,2.6821893776715067,-4.920571380963129,-4.976956071912894,-2.497671544980145,1.3407787209547894,-0.5388277542128996,4.777605660883628,-0.7904718995661373,1.0139939912146891
44.0,177.0,143.72531127929688,-1.0316875353308648,2.6821804340434525,-4.920579630714837,-4.976967527476642,-2.4976833782276264,1.3407731942928365,-0.5388180053058438,4.777604661221686,-0.7904702140746309,1.0139984670994
44.0,177.0,143.72531127929688,-1.0316819864086746,2.6822104704032217,-4.920562201908256,-4.976952567216362,-2.497674534857506,1.3407802760733132,-0.538832953107109,4.777604290062653,-0.7904684044292667,1.0139944035710036
44.0,177.0,143.72531127929688,-1.031685729304745,2.68220169881388,-4.920574085567712,-4.976946812787026,-2.497679150131535,1.3407817821433543,-0.5388325609991682,4.777602650504329,-0.7904720138493859,1.0139900895499157
44.0,177.0,143.72531127929688,-1.0316815397802477,2.682183244088804,-4.920571305990234,-4.97695437856484,-2.49767619083257,1.340779986102172,-0.5388273726421753,4.777611949304147,-0.7904720061190327,1.0139925025668228
44.0,177.0,143.72531127929688,-1.0316909039974202,2.682202322984981,-4.920565151345248,-4.976955157882836,-2.497676287743275,1.34077614288866,-0.5388258612157513,4.77760097307695,-0.7904705726306469,1.0139973878375486
44.0,177.0,143.7252960205078,-1.0316804107799,2.6821945126372864,-4.920573602793927,-4.976955498494601,-2.497671223635144,1.3407787237328268,-0.5388322142795756,4.777607676328147,-0.7904712765815187,1.0139897519486132
44.0,177.0,143.72531127929688,-1.0316834092828953,2.6821958466056364,-4.9205709088424925,-4.976962404980512,-2.4976816309117456,1.3407781357641737,-0.5388271990719238,4.777608561491656,-0.7904701186872041,1.0139964925841891
44.0,177.0,143.72531127929688,-1.0316824572903602,2.6821961790671045,-4.920569875774707,-4.976951827917262,-2.4976750149412235,1.3407765136926049,-0.5388253668852396,4.777607854788656,-0.7904715855021109,1.0139983552262375
44.0,177.0,143.7252960205078,-1.0316888777827478,2.6821933659432524,-4.920576118897396,-4.97696862205394,-2.497679009622896,1.340775840347149,-0.5388191868799979,4.777607395116096,-0.7904676487521076,1.0139985432919367
44.0,177.0,143.7252960205078,-1.031685404553873,2.6821896083853334,-4.920575583930734,-4.97695706032258,-2.4976768499781707,1.3407779991869395,-0.5388258937709036,4.777608880612888,-0.7904723688141226,1.0139935223670695
44.0,177.0,143.7252960205078,-1.0316922879287138,2.6821941834578613,-4.920571551587563,-4.976950656530085,-2.497679151941592,1.3407725844899652,-0.5388242444030507,4.777607942320417,-0.7904692279322472,1.0139950991650126
44.0,178.0,143.7252960205078,-1.0316896485202678,2.6821993239684385,-4.920577430621605,-4.976957630738994,-2.4976750482395795,1.3407772759442702,-0.5388256964676401,4.777603844941368,-0.790468591053517,1.0139962207482238
44.0,178.0,143.7252960205078,-1.031681042944677,2.6821930409622388,-4.920570973248723,-4.976958890345281,-2.497674410596324,1.340779336146979,-0.5388287402674656,4.777606678725446,-0.7904680802057689,1.0139947173368968
44.0,178.0,143.7252960205078,-1.0316800391902028,2.6821930968578034,-4.920569588541313,-4.976961828793454,-2.497676618753599,1.340775299600124,-0.5388317675140817,4.777606853057325,-0.7904688084310516,1.0139951776340954
44.0,178.0,143.7252960205078,-1.031683157587044,2.682203296139855,-4.920572591452392,-4.976959641797037,-2.4976676058887697,1.340781488127904,-0.5388321283615172,4.77760637282352,-0.7904678501908471,1.0139958622697334
44.0,178.0,143.72531127929688,-1.031688161462427,2.682190311450676,-4.920571712176932,-4.976960988735801,-2.497674426704953,1.3407750072324065,-0.5388258481803856,4.777606689815404,-0.7904681696860303,1.013995393344195
44.0,178.0,143.7252960205078,-1.0316842036783669,2.6821949463472983,-4.920566621125447,-4.97695193611947,-2.4976750971608053,1.3407794769939585,-0.5388245395632474,4.777603615869332,-0.7904693490557024,1.0139936416919166
44.0,178.0,143.7252960205078,-1.031686150258451,2.6821944610282467,-4.920573000837689,-4.97696222157821,-2.4976764330513235,1.3407766064283768,-0.538830526402732,4.777611115128197,-0.7904692074415758,1.0139928887849248
44.0,178.0,143.7252960205078,-1.0316789668830015,2.682197832661606,-4.9205728442239725,-4.9769529502017305,-2.497676128814769,1.3407816125316565,-0.5388324420949475,4.777606444013182,-0.7904700959334079,1.0139902483907155
44.0,178.0,143.7252960205078,-1.0316804851233612,2.682201789813882,-4.92056951107322,-4.976957077257296,-2.4976707211067124,1.3407764914624076,-0.5388336333505448,4.777605602450954,-0.7904683878968202,1.0139914012862894
44.0,178.0,143.72531127929688,-1.0316917434338695,2.682188057898701,-4.920566474688166,-4.976966448914167,-2.497679152796088,1.3407662219579342,-0.5388216142868618,4.7776133982688105,-0.7904636437941743,1.013997919034665
44.0,178.0,143.72531127929688,-1.0316883187036003,2.682198881120639,-4.920573061746681,-4.976965406942576,-2.497677974644402,1.3407743069910332,-0.5388257143701107,4.777610745528886,-0.7904687794012659,1.0140003784602722
44.0,178.0,143.72531127929688,-1.031684407529215,2.6821912182856185,-4.920565057002865,-4.976955411062086,-2.497674528589833,1.3407738306015684,-0.5388280722891006,4.777601319768273,-0.7904680538828011,1.0139935905302409
44.0,178.0,143.7252960205078,-1.031681992326491,2.6822029304856807,-4.92056910711489,-4.976961708369882,-2.4976736078185136,1.3407802716284687,-0.5388304339991308,4.777607184175558,-0.7904697863247536,1.0139938019246983
44.0,178.0,143.7252960205078,-1.0316847400327855,2.682194928256979,-4.920569408583182,-4.976959637189111,-2.497671153279964,1.340776952982785,-0.5388298638012881,4.777607594946961,-0.790467454027346,1.0139919120599838
44.0,178.0,143.7252960205078,-1.031675010653415,2.682197077946112,-4.920566628076849,-4.976951899073051,-2.497668899762949,1.340782373871492,-0.5388341195328463,4.777604158457294,-0.7904730469078141,1.0139889135986602
44.0,178.0,143.7252960205078,-1.0316898275718005,2.6821862698771994,-4.920567312084199,-4.976956190496541,-2.4976801588867943,1.3407743773304237,-0.5388256579340824,4.7776058767942935,-0.7904713429553905,1.013996166973417
44.0,178.0,143.72531127929688,-1.031684943378688,2.682184419777812,-4.920576792611571,-4.976966246834872,-2.4976810611462663,1.3407723846776287,-0.5388233776843245,4.777612161366093,-0.7904700138204426,1.0139981656756634
44.0,178.0,143.7252960205078,-1.0316787786198365,2.682186770899761,-4.920577127260494,-4.976969687836539,-2.497669134207601,1.3407799001790828,-0.538825984525543,4.777610557178896,-0.7904683419919305,1.0139937871012714
44.0,178.0,143.7252960205078,-1.0316804004581086,2.682186443490864,-4.920569189596103,-4.97695736593863,-2.497674749660609,1.3407769099155518,-0.5388266900803647,4.777602572790183,-0.7904700626807788,1.013993724270862
44.0,178.0,143.7252960205078,-1.031688182561302,2.682204946762837,-4.920567970713524,-4.976959430784962,-2.497672368548293,1.340777821522364,-0.5388278053169522,4.777606105600306,-0.7904658831975224,1.0139939851310036
44.0,178.0,143.72531127929688,-1.0316870680151051,2.6821884169169907,-4.920574010052149,-4.976961136021095,-2.497677602836629,1.34077693177161,-0.5388255621331526,4.77760947403708,-0.7904662891938292,1.0139950434546998
44.0,178.0,143.72531127929688,-1.031692489147618,2.6821939361884226,-4.92058363377678,-4.976965384057795,-2.497681786435359,1.3407802232792427,-0.5388221154262363,4.777603887637298,-0.790471130338096,1.0139973842733987
44.0,178.0,143.72531127929688,-1.0316874635314437,2.6821865495895896,-4.920571477997533,-4.976961988503184,-2.4976811341795937,1.3407759179465533,-0.5388218887367326,4.777607166721808,-0.7904689091149883,1.0139949924511005
44.0,178.0,143.7252960205078,-1.031690613250384,2.6821910553012662,-4.920572231327943,-4.976956096838368,-2.497680974256076,1.3407796915021564,-0.5388222370034601,4.777604022722745,-0.790469209905293,1.013997939768113
44.0,178.0,143.7252960205078,-1.0316814746345777,2.6821887325854377,-4.920571759646457,-4.97696134202048,-2.497671270246013,1.340779706637118,-0.5388251471790131,4.777605021717294,-0.7904661074271164,1.0139910380388395
44.0,178.0,143.72531127929688,-1.0316773464273488,2.682194490662968,-4.920573912979475,-4.976958188798172,-2.497674023389133,1.3407827807193886,-0.5388323054550872,4.777606692292885,-0.7904687503979888,1.0139897541557108
44.0,178.0,143.7252960205078,-1.031687516255298,2.682191680142239,-4.920573183947687,-4.976964266973429,-2.497683297977524,1.3407725045793972,-0.538828162132992,4.777612720573551,-0.7904706602842229,1.0139986890055592
44.0,178.0,143.7252960205078,-1.0316855813217134,2.682192841048482,-4.920572070189636,-4.976955595743692,-2.497668947535881,1.3407752989743562,-0.5388294686254005,4.777608261049709,-0.7904702917495197,1.0139915459749125
44.0,178.0,143.7252960205078,-1.031684195446354,2.682195402369185,-4.920576893824872,-4.976952374021514,-2.497668415702015,1.340779570823302,-0.538831385193288,4.777602325443565,-0.7904685846293038,1.013988919296799
44.0,178.0,143.7252960205078,-1.0316906522294609,2.6821841796561428,-4.92057166468444,-4.976959261472091,-2.497686632287372,1.3407766170779831,-0.5388229187012747,4.777611431765443,-0.7904693394309712,1.0139957625535665
44.0,178.0,143.72531127929688,-1.03167951477453,2.6821978883889432,-4.920569982287701,-4.976953917457816,-2.497677596540448,1.340783295141975,-0.5388279311338939,4.777608720304778,-0.790471693221698,1.0139958750690798
44.0,178.0,143.72531127929688,-1.0316821723379062,2.682193750959046,-4.920580693890302,-4.976954836828635,-2.4976753092280712,1.340780251677379,-0.5388332170573085,4.7776046024161865,-0.7904677073037583,1.0139882501498976
44.0,178.0,143.7252960205078,-1.0316830912883006,2.682198341024188,-4.920577758820862,-4.976967257275651,-2.4976762118301106,1.3407805544107525,-0.5388249693097356,4.777607099410675,-0.7904708366278212,1.0139942893444704
44.0,178.0,143.72531127929688,-1.031686022488401,2.682189155320001,-4.920579426290036,-4.97696574165437,-2.497677788742141,1.340779691441111,-0.5388279870575063,4.777611883848667,-0.7904687548787601,1.013993448724544
44.0,178.0,143.7252960205078,-1.0316923258876756,2.6822010328473125,-4.920571694764629,-4.976954303768389,-2.4976816737937204,1.3407769698847458,-0.5388244160444886,4.7775996148833855,-0.7904698284537712,1.0139993254615378
44.0,178.0,143.7252960205078,-1.0316869765529455,2.682189178127108,-4.920579457228789,-4.976963314273869,-2.4976805543111844,1.3407801133371997,-0.5388262688848204,4.7776133201741295,-0.7904716690713105,1.0139950147275734
44.0,178.0,143.72531127929688,-1.0316930790036665,2.682187722277386,-4.920571310822399,-4.976958150531578,-2.4976808817594205,1.3407738088722123,-0.538822615643582,4.777609516668072,-0.7904684110411413,1.0139959655595234
44.0,178.0,143.7252960205078,-1.0316889142579804,2.6821885976147826,-4.920582419627038,-4.976958440105062,-2.4976835353962814,1.340777999629731,-0.5388197982892446,4.777609022927869,-0.7904708050984821,1.0139959972190675
44.0,178.0,143.7252960205078,-1.0316811745808945,2.682193547072859,-4.920573634768674,-4.976958240592222,-2.497671154763594,1.3407828220164255,-0.5388266073117656,4.777603488064086,-0.7904681312784776,1.0139910345188134
44.0,178.0,143.7252960205078,-1.031693027675173,2.682191692414456,-4.920570171926577,-4.976966551969668,-2.497686033974474,1.340772237307669,-0.5388204189666368,4.77760940087629,-0.7904687603956759,1.0140008238483649
44.0,178.0,143.72531127929688,-1.0316808325535187,2.682192847085153,-4.920583158802328,-4.97695909617822,-2.4976752709526218,1.3407780886906835,-0.5388289245441413,4.777606897289768,-0.790470169283374,1.0139901956988098
44.0,178.0,143.7252960205078,-1.0316830656968945,2.682193871610408,-4.920574547851476,-4.9769615794185125,-2.497674491941852,1.340781066545241,-0.5388308370687769,4.7776112005554605,-0.790470925076149,1.0139928676250678
44.0,178.0,143.72531127929688,-1.0316880763606129,2.682205574867328,-4.920567688146055,-4.976957637479188,-2.49767467298488,1.340777440934775,-0.53882786379185,4.777601308995889,-0.7904655222994421,1.0139939070365127
44.0,178.0,143.72531127929688,-1.0316791713355231,2.682196984376437,-4.92056400852488,-4.976955859353523,-2.497670029878173,1.3407802847314985,-0.5388320877611266,4.777602751287237,-0.7904688257588033,1.0139907685743168
44.0,178.0,143.7252960205078,-1.0316877132965758,2.6821959097954737,-4.920571348180432,-4.976959733611272,-2.4976718908049307,1.3407719662390054,-0.5388263330742982,4.777607798753776,-0.7904662570606238,1.0139940461626598
44.0,178.0,143.72531127929688,-1.0316862070773936,2.682190402300576,-4.920567702809732,-4.976959020119967,-2.4976771794936656,1.3407780495371426,-0.5388282656542653,4.77760516380722,-0.7904697802873235,1.0139930013063436
44.0,178.0,143.7252960205078,-1.031690995337144,2.6821963261586026,-4.920569247462173,-4.976965669132482,-2.497686454605556,1.3407750215566283,-0.5388224537518402,4.777612921074496,-0.7904706721770545,1.014001544124346
44.0,178.0,143.7252960205078,-1.0316943953432718,2.6821879406824864,-4.920569482641672,-4.976952940133566,-2.4976803600182143,1.3407741317055235,-0.5388215395901312,4.777605900822923,-0.7904714613843975,1.0139993401855305
44.0,178.0,143.72531127929688,-1.0316806368516578,2.682182150849276,-4.920573246915486,-4.97696086950126,-2.497672486659224,1.3407780778787632,-0.5388264247911927,4.777603317963777,-0.7904677516532086,1.0139904091668503
44.0,178.0,143.72531127929688,-1.0316850020209198,2.68219976304856,-4.920569869304956,-4.976959713938376,-2.497675681201914,1.3407754337205748,-0.5388292424775951,4.777606944337327,-0.7904673091711016,1.0139986058806985
44.0,179.0,143.7252960205078,-1.0316854681715677,2.6821930806935192,-4.920578865907635,-4.976960016194676,-2.497673683714458,1.3407780591808365,-0.5388276349694063,4.777607653489591,-0.7904680432004856,1.013993383426932
44.0,179.0,143.7252960205078,-1.0316857191527982,2.6821940748133617,-4.920571185912342,-4.976956584088716,-2.4976710855432547,1.3407788541879464,-0.5388300008536353,4.777603722487026,-0.7904667106126535,1.0139912580717434
44.0,179.0,143.7252960205078,-1.031686211281484,2.6821863394111176,-4.920577055912349,-4.976963491299006,-2.497685296012659,1.3407799018606177,-0.5388257325586467,4.777610594305147,-0.7904711551303185,1.0139942147796177
44.0,179.0,143.7252960205078,-1.031690055045546,2.6821812699477707,-4.920576755141905,-4.976959595063109,-2.4976811907084056,1.3407765758624883,-0.5388220530102616,4.777607479125484,-0.7904676498696155,1.0139952846522169
44.0,179.0,143.72531127929688,-1.0316880015160477,2.6821993126456274,-4.920578255909216,-4.97696103842965,-2.497677238677454,1.3407798495355123,-0.5388281617747186,4.777606458821481,-0.7904688085307807,1.0139929143483153
44.0,179.0,143.72531127929688,-1.0316851033545649,2.68220068129847,-4.920576692891924,-4.976959064925413,-2.4976810626760324,1.3407775352235891,-0.5388248120567649,4.777607401878596,-0.7904695357586613,1.0139978119328337
44.0,179.0,143.72531127929688,-1.031689230255223,2.68219730686834,-4.920581779301319,-4.976963705147691,-2.497681828144624,1.3407768439316108,-0.5388235064116955,4.777609582409189,-0.7904694609674818,1.0139980902695225
44.0,179.0,143.7252960205078,-1.0316892991348974,2.682194142275504,-4.920582115754809,-4.976958464975989,-2.4976814638747955,1.3407748932133057,-0.5388274214304767,4.77760906711106,-0.7904705865802955,1.0139975791708284
44.0,179.0,143.7252960205078,-1.0316808623239808,2.6821887001830733,-4.920570389224397,-4.976958249103424,-2.497674667878473,1.340783011360081,-0.5388265697652344,4.7776075215486,-0.7904683391998226,1.0139928488441168
44.0,179.0,143.7252960205078,-1.0316946497155843,2.68218971327431,-4.9205787468215085,-4.97696256715952,-2.49768016539298,1.3407754544879804,-0.5388238134838232,4.777611451656176,-0.7904677230412043,1.0140004916047314
44.0,179.0,143.72531127929688,-1.031687524182026,2.682189018374441,-4.920576433618198,-4.97696056058386,-2.4976816723280697,1.3407772206610904,-0.5388218605401249,4.7776074071075545,-0.7904719007263195,1.0139987650963729
44.0,179.0,143.7252960205078,-1.0316925728358144,2.682180374222748,-4.920571645406589,-4.976960948399601,-2.497685139641548,1.3407716446880895,-0.5388183974799574,4.777610948860518,-0.7904714119674425,1.0140004514379497
44.0,179.0,143.7252960205078,-1.0316918790165772,2.6821987556385407,-4.920571646565211,-4.976953469849856,-2.497683240136552,1.3407768379852616,-0.5388246159218726,4.77761316499878,-0.7904720848072246,1.013999421394053
44.0,179.0,143.7252960205078,-1.03168952326648,2.6821942533831464,-4.920571857018516,-4.976958585701871,-2.4976776654910853,1.3407786506837418,-0.5388256554372619,4.777604929048779,-0.7904690428145358,1.01399549969236
44.0,179.0,143.7252960205078,-1.031689450722297,2.682192498260659,-4.920570936369273,-4.97695912742013,-2.497676590175519,1.3407746155929248,-0.538822261400469,4.777605414096314,-0.7904671083746093,1.0139955861385754
44.0,179.0,143.72531127929688,-1.0316904153018247,2.6821858709497697,-4.920567023669958,-4.976956403806848,-2.497676285992892,1.340779475955114,-0.5388236707796423,4.777604963158311,-0.7904686503408067,1.0139934844492116
44.0,179.0,143.7252960205078,-1.031686417482799,2.682195587455877,-4.920574395456004,-4.976960277056354,-2.497674806478193,1.3407806947878935,-0.5388290584507018,4.77760689350476,-0.7904710787711817,1.0139943428556144
44.0,179.0,143.72531127929688,-1.0316868724939263,2.6821994588630425,-4.920570723202796,-4.976955354106714,-2.4976741031422174,1.34077893136703,-0.5388259948191898,4.777604080892605,-0.7904675809429964,1.01399403353801
44.0,179.0,143.72531127929688,-1.0316875137841626,2.682190624089083,-4.920574596048627,-4.976961115463651,-2.4976833285456355,1.340780722718053,-0.5388240355430867,4.777611579677382,-0.7904712310175812,1.0139963273334462
44.0,179.0,143.72531127929688,-1.0316910714542251,2.682205772328868,-4.920572245028918,-4.976946451804125,-2.497675611576431,1.340780105342536,-0.5388284790931861,4.777602629560045,-0.790470754431027,1.0139951816239918
44.0,179.0,143.72531127929688,-1.0316875376748715,2.682194092582914,-4.92056982337748,-4.97695785649121,-2.4976813532267435,1.3407748459711737,-0.5388262974487779,4.7776114270406005,-0.7904698769224945,1.013996522037104
44.0,179.0,143.72531127929688,-1.0316893493480457,2.6821942348639807,-4.92057362721033,-4.976954036436864,-2.497671617595288,1.3407778673094262,-0.5388219762440025,4.77759615425572,-0.7904693809525396,1.0139942734407563
44.0,179.0,143.7252960205078,-1.0316946026207834,2.6822055138967844,-4.920569402496428,-4.9769599230236,-2.4976842440282034,1.340772147364376,-0.5388246002564392,4.777610863253104,-0.7904702598666731,1.0140009712134148
44.0,179.0,143.7252960205078,-1.0316878432336525,2.682181351989078,-4.920576621643103,-4.976966361353331,-2.4976772856309024,1.3407767193144906,-0.5388235330192694,4.777613855212595,-0.7904691056718764,1.0139963770897111
44.0,179.0,143.7252960205078,-1.031683633349319,2.682210787758182,-4.920566333237063,-4.976959869191881,-2.497670711894773,1.3407758137567862,-0.538834816791983,4.777604075261356,-0.7904653866260958,1.0139964622277209
44.0,179.0,143.7252960205078,-1.0316856387014015,2.682192135374227,-4.920575487527264,-4.9769652701654525,-2.497677555031882,1.34077956905519,-0.5388265898010038,4.777610060030845,-0.7904691097905339,1.0139957012265386
44.0,179.0,143.7252960205078,-1.0316982982089034,2.682182872949811,-4.920578131368383,-4.976959697573264,-2.497685917769878,1.3407693411429298,-0.5388177719053511,4.777611954865765,-0.7904698875942904,1.0140021295528276
44.0,179.0,143.72531127929688,-1.031684926486744,2.6821961035945456,-4.920569073191802,-4.976964300234734,-2.4976730927595545,1.340780774070537,-0.5388276828180496,4.777610062170732,-0.790467519218371,1.0139945953751237
44.0,179.0,143.7252960205078,-1.0316832207598274,2.6821987900855424,-4.920570057385646,-4.976961378067817,-2.4976691604686723,1.3407788384315689,-0.5388317835783898,4.777607591808593,-0.7904677419016028,1.013993740448209
44.0,179.0,143.7252960205078,-1.03169170070589,2.682192914952182,-4.920575342532384,-4.976971258236611,-2.4976834081533705,1.3407708195949013,-0.5388204426119971,4.77760532805714,-0.7904684205084962,1.014001527620164
44.0,179.0,143.7252960205078,-1.0316815434022055,2.682193230623194,-4.920565966166954,-4.976967112657343,-2.4976787551624624,1.3407791595078375,-0.5388273528276768,4.7776109208431485,-0.7904695447381407,1.0139977123579325
44.0,179.0,143.72531127929688,-1.0316881610823008,2.6821826015097603,-4.920576762891379,-4.976962855478548,-2.497686164352777,1.3407732082900925,-0.5388229159945848,4.777606680872422,-0.7904684416457632,1.013996616544265
44.0,179.0,143.72531127929688,-1.0316854271971856,2.682213630243889,-4.920572694755684,-4.976952529037421,-2.497672568691281,1.3407844980517911,-0.5388313520818269,4.777599230453742,-0.7904671578476288,1.0139935539119858
44.0,179.0,143.72531127929688,-1.0316961943901777,2.6821964623872896,-4.920571618412307,-4.9769513901624665,-2.4976824508882576,1.340776278855933,-0.5388193187502051,4.777597356596933,-0.790467048215648,1.0139952018415048
44.0,179.0,143.7252960205078,-1.0316877535916555,2.68219734417,-4.92056958077181,-4.976958451425277,-2.497678110833521,1.3407763974382023,-0.5388278004026317,4.777609336571466,-0.7904676717508057,1.013994476283825
44.0,179.0,143.72531127929688,-1.0316892931097863,2.6821869233170803,-4.920574410132843,-4.976952456708275,-2.497678935799871,1.3407772483412774,-0.5388240046498165,4.777603165037252,-0.7904693506447016,1.013993976742964
44.0,179.0,143.7252960205078,-1.0316872220920734,2.68218479059409,-4.920577084170799,-4.976960654176339,-2.4976776685539104,1.3407784372948477,-0.5388270261498382,4.777607040317777,-0.7904711979284302,1.0139939024317703
44.0,179.0,143.72531127929688,-1.0316904398162403,2.6821983993936804,-4.920570606861545,-4.9769598605488135,-2.497679456870243,1.3407751858411563,-0.5388248747513646,4.777610090750104,-0.7904712550341166,1.013997641445103
44.0,179.0,143.72531127929688,-1.031685151356406,2.682190927146025,-4.920570574106977,-4.976960520479519,-2.497683932311761,1.340778935045127,-0.5388247823516066,4.77760695732503,-0.7904697954157891,1.0139943226698742
44.0,179.0,143.7252960205078,-1.0316889825871574,2.682198977462916,-4.920568743974287,-4.976956326000596,-2.4976746012698143,1.3407818253959256,-0.5388260808795922,4.777606982817558,-0.7904694295832879,1.013993516301353
44.0,179.0,143.72531127929688,-1.0316886124725464,2.6821945410862007,-4.920576213997388,-4.976962023950309,-2.4976791706674835,1.340773218062484,-0.5388244161976115,4.77760454250844,-0.7904689688165609,1.013996889021799
44.0,179.0,143.72531127929688,-1.03168301666095,2.682199683217025,-4.920582462853191,-4.97696154318337,-2.4976682368735053,1.3407788553531672,-0.5388269275227078,4.777603452491757,-0.790469167926501,1.0139933077804582
44.0,179.0,143.72531127929688,-1.0316866045865505,2.6821953851060165,-4.920580272689568,-4.976961600612383,-2.4976768395093663,1.3407785077540568,-0.5388261255735474,4.777607815691079,-0.7904717077018493,1.0139966675296446
44.0,179.0,143.7252960205078,-1.0316912900598103,2.6821844275746614,-4.920573009871686,-4.976958865303781,-2.4976775406360794,1.3407749678313587,-0.5388230481711966,4.777607282666608,-0.7904683124786844,1.013995665500631
44.0,179.0,143.72531127929688,-1.0316909925768765,2.682194108621151,-4.920566830977871,-4.97697131416566,-2.497683435716562,1.3407764856868107,-0.5388213576114698,4.777617550252593,-0.7904675417330118,1.014003720763097
44.0,179.0,143.72531127929688,-1.0316801421394488,2.6822007922601685,-4.920572074841283,-4.976967160906289,-2.497674590459797,1.3407807657449,-0.5388301756517864,4.777612228393428,-0.7904688039608638,1.0139946502363308
44.0,179.0,143.72531127929688,-1.031685631657843,2.682183668507019,-4.92057094138437,-4.976958644886269,-2.49767326805866,1.3407748085620916,-0.538828844805268,4.777608475084326,-0.7904698170019788,1.0139916094376549
44.0,179.0,143.72531127929688,-1.0316849854756982,2.682188309664145,-4.920572884997752,-4.976959899351637,-2.497676836260245,1.3407778075921015,-0.5388292157866008,4.777613534278487,-0.7904684495111098,1.0139916514598388
44.0,179.0,143.72531127929688,-1.0316882727474268,2.682204394347968,-4.920576793525271,-4.976962445379832,-2.497675268569912,1.3407743725028878,-0.5388263416636168,4.777611665673829,-0.7904697945327008,1.0139961938382758
44.0,179.0,143.7252960205078,-1.03169943438393,2.682186703026054,-4.920580072712176,-4.976966388442967,-2.497687868195415,1.3407749917451444,-0.5388137603307088,4.77760695068411,-0.7904698782760438,1.014003029734928
44.0,180.0,143.7252960205078,-1.0316944080828303,2.6821922128710565,-4.920578157004677,-4.976956797439684,-2.4976816488662927,1.340774294112932,-0.5388214658857082,4.777609390339224,-0.7904687564765771,1.0139996274255196
44.0,180.0,143.7252960205078,-1.0316846594090552,2.68218615923381,-4.920569399057419,-4.976956899057793,-2.4976744420157058,1.3407797616668518,-0.5388262915305564,4.777610828599379,-0.7904691103991643,1.013994438601098
44.0,180.0,143.72531127929688,-1.031691083966511,2.682182409397069,-4.920571553255576,-4.97696369488656,-2.497684826254213,1.3407754718991125,-0.5388206653340113,4.777608618400137,-0.790472069043954,1.0139978041141964
44.0,180.0,143.7252960205078,-1.0316890722383123,2.682193406014603,-4.9205713324169045,-4.976968933100293,-2.4976771081498894,1.3407766163330672,-0.53882473655141,4.777609183564106,-0.7904681547689645,1.0140013775379284
44.0,180.0,143.72531127929688,-1.0316911714476715,2.682194123183121,-4.920574398448548,-4.97695413418822,-2.497677722902852,1.340781246822881,-0.53882316083555,4.777603286277257,-0.7904708624333914,1.0139952932525365
44.0,180.0,143.7252960205078,-1.0316861812646438,2.682181261309,-4.920569204527054,-4.976965246900002,-2.497679938552425,1.340774043174516,-0.5388267986910336,4.7776129382213295,-0.7904684037461829,1.0139952183950696
44.0,180.0,143.72531127929688,-1.0316835111775324,2.6821883566910296,-4.920571066485852,-4.97695741544342,-2.497674909435594,1.3407759418655516,-0.5388287245862502,4.777606616517893,-0.7904698644963029,1.0139947440223065
44.0,180.0,143.72531127929688,-1.031694707222519,2.6821935785192528,-4.920572721109475,-4.976965682927869,-2.4976852749904586,1.3407732102626913,-0.5388210959110236,4.777607804537515,-0.7904681571714178,1.0140015262061564
44.0,180.0,143.7252960205078,-1.031690258166566,2.682182846823582,-4.920576611770578,-4.976966201916247,-2.4976828410920406,1.3407713539810864,-0.5388235816765699,4.777613413351979,-0.7904692273548966,1.0139970525648367
44.0,180.0,143.72531127929688,-1.0316837345289374,2.682190869461313,-4.920574567612027,-4.976964576728504,-2.497674859288,1.3407798156914978,-0.538826205893236,4.777606805727952,-0.7904690133363488,1.0139971036134092
44.0,180.0,143.7252960205078,-1.031689224604519,2.682192263901375,-4.920576432677277,-4.976954325567339,-2.4976752872405026,1.3407760961210275,-0.5388255035902754,4.777607746514242,-0.7904686006015087,1.0139953197925164
44.0,180.0,143.72531127929688,-1.0316941413270126,2.682192507664597,-4.920572716609267,-4.976966641258955,-2.497679119504905,1.340773687071703,-0.5388249239192708,4.777610073414524,-0.7904673294422189,1.0139987299498454
44.0,180.0,143.72531127929688,-1.031684155695063,2.682189446328086,-4.920577278356605,-4.976973082524358,-2.497675374839456,1.3407736441480465,-0.5388308414859555,4.77761348727495,-0.7904699342967696,1.013996852808802
44.0,180.0,143.72531127929688,-1.0316958076089149,2.6821825518985563,-4.920573066747732,-4.976966775181419,-2.4976840875021864,1.34077058863996,-0.538817154936913,4.777610311112021,-0.7904679361082225,1.0139994140150712
44.0,180.0,143.7252960205078,-1.03169565572383,2.682199518880105,-4.920576072512212,-4.976952866691804,-2.4976822417035978,1.340774215396264,-0.5388241926449915,4.777603553016135,-0.7904688153454229,1.0139973966806002
44.0,180.0,143.72531127929688,-1.0316850770482056,2.682181210299838,-4.920578273669356,-4.976971153660401,-2.4976810776582887,1.3407793652342654,-0.5388253137320529,4.7776153147617535,-0.7904713556612313,1.0139968312522498
44.0,180.0,143.72531127929688,-1.0316889637781026,2.682197788317371,-4.920573848042057,-4.976965185701724,-2.497683258769043,1.3407763148354643,-0.5388271129051594,4.77761524048225,-0.7904710926598773,1.013999153030288
44.0,180.0,143.72531127929688,-1.0316874954687885,2.6822049065879137,-4.920568421176332,-4.976951092314642,-2.497675096761283,1.3407818223696584,-0.5388286643805333,4.777604196502635,-0.7904705413322146,1.0139956050077543
44.0,180.0,143.7252960205078,-1.0316893790277843,2.6821785024116167,-4.9205737914128695,-4.976964848097608,-2.4976836354738574,1.3407767989298929,-0.5388213073651258,4.777611104999695,-0.7904709265638967,1.013998382591233
44.0,180.0,143.72531127929688,-1.03168602087581,2.6821977358438627,-4.920569393758161,-4.976957956225422,-2.497680565644425,1.3407768593745946,-0.5388281475081982,4.777610177478859,-0.7904708472305453,1.0139954745831314
44.0,180.0,143.72531127929688,-1.031683103773335,2.682180200041316,-4.920572277445333,-4.976971806839196,-2.497681796103085,1.3407739966270036,-0.5388238667892509,4.777610503600192,-0.7904695259329966,1.013998619598916
44.0,180.0,143.72531127929688,-1.0316904984577917,2.682188424644373,-4.920576046738322,-4.976964821809713,-2.49767742795421,1.3407775737714935,-0.5388226118934618,4.777612204871844,-0.7904683823144403,1.0139958996843763
44.0,180.0,143.7252960205078,-1.031693999512258,2.682197179877188,-4.920566420081711,-4.97696679493687,-2.49768489284421,1.340771852523761,-0.538823721903892,4.7776106038826285,-0.7904685905705291,1.014001921974419
44.0,180.0,143.7252960205078,-1.031690390337559,2.682195885482593,-4.920576278172232,-4.976959638780856,-2.4976804425738246,1.340779461616024,-0.5388243507720141,4.777605746847792,-0.7904675105441852,1.0139990759216673
44.0,180.0,143.72531127929688,-1.0316885263591624,2.682200564244832,-4.920572666086816,-4.97696226244273,-2.4976735103179744,1.3407784211917315,-0.5388255299914881,4.777604478292265,-0.7904696279549865,1.013994565804368
44.0,180.0,143.7252960205078,-1.0316909998859036,2.6822017003967726,-4.920572062453623,-4.976951179554044,-2.497679220129145,1.34078066357724,-0.5388258795007683,4.777603450517127,-0.7904701278024033,1.013997690352512
44.0,180.0,143.7252960205078,-1.0316914471460523,2.6821969443202853,-4.920566061112189,-4.976957317244084,-2.497675807495249,1.3407780733495578,-0.5388257419871945,4.7776060518383545,-0.7904684632003285,1.0139969942807827
44.0,180.0,143.7252960205078,-1.031687189044816,2.682191724890294,-4.920572539616987,-4.976952676418962,-2.4976718731207264,1.3407804253365674,-0.5388310280068955,4.777609306277151,-0.7904716434160148,1.0139898525475104
44.0,180.0,143.72531127929688,-1.0316933217308089,2.6821962584600563,-4.9205708852020535,-4.976958722667084,-2.4976839315076726,1.340773277682655,-0.5388245095501976,4.777608546920348,-0.7904694844106572,1.0140002116606155
44.0,180.0,143.7252960205078,-1.0316883040034308,2.6821984301741475,-4.920576478688912,-4.976966080877012,-2.497680164799698,1.3407767724887805,-0.5388246229674607,4.777607998179125,-0.7904684695683653,1.0140011866003729
44.0,180.0,143.72531127929688,-1.0316833497626252,2.6821887913253217,-4.920573197131405,-4.976968631540305,-2.497680336385549,1.34077963565392,-0.5388308694668371,4.77761574953562,-0.790468387042961,1.0139934709402167
44.0,180.0,143.7252960205078,-1.0316918978316023,2.6821964693425,-4.92056811038518,-4.9769541168279,-2.497684151257602,1.3407740240383292,-0.5388251480868078,4.77760684669914,-0.7904695217567292,1.0139985070617366
44.0,180.0,143.72531127929688,-1.031680121527781,2.6821874887199257,-4.920573841878604,-4.976960218425548,-2.497678397772259,1.3407809704909113,-0.5388307781336739,4.777608400033932,-0.7904703252275844,1.013991292374259
44.0,180.0,143.72531127929688,-1.0316857150757333,2.682202675544831,-4.920569712571243,-4.976959405389594,-2.497671709127027,1.3407797575159923,-0.5388295982441429,4.777604165977387,-0.7904693385400732,1.013993785900312
44.0,180.0,143.7252960205078,-1.0316911270699785,2.6821798113280675,-4.920574439517486,-4.976975501048164,-2.4976895629057774,1.340770899322024,-0.5388168717327568,4.777617180693163,-0.790469590805075,1.014003604962248
44.0,180.0,143.72531127929688,-1.0316857981931822,2.682184940045108,-4.920575534640957,-4.976961613404584,-2.497672242866253,1.3407778378900126,-0.5388274489040707,4.777607098586879,-0.7904671674759474,1.0139949442136516
44.0,180.0,143.72531127929688,-1.031693400417514,2.68218169447779,-4.92057187831116,-4.976957410240222,-2.4976797078353075,1.3407731766730908,-0.5388239340842818,4.777610257314553,-0.7904712737877517,1.0139958828883842
44.0,180.0,143.72531127929688,-1.0316896242213174,2.682191897508356,-4.920575509036084,-4.9769567595495365,-2.497677736762026,1.3407789178414786,-0.5388256642637916,4.777608017118721,-0.7904686140098764,1.0139945739324665
44.0,180.0,143.7252960205078,-1.0316789297892646,2.682192722660256,-4.920573389807645,-4.976959727922689,-2.4976739421225327,1.3407813551528172,-0.5388274007512015,4.777604965407235,-0.7904706552485603,1.0139930709130338
44.0,180.0,143.7252960205078,-1.0316935215698455,2.6821983137685432,-4.920564204760256,-4.976956535315265,-2.497682674326891,1.3407788686776412,-0.5388244166875298,4.777611764330127,-0.7904676932975496,1.013997568402151
44.0,180.0,143.72531127929688,-1.031690292364738,2.682194680235428,-4.920571485162201,-4.976955866844026,-2.4976772078419875,1.3407763199287857,-0.5388240766301386,4.777602529101689,-0.790467266521234,1.013992911524225
44.0,180.0,143.72531127929688,-1.0316860230779357,2.6821988218103314,-4.92057246269748,-4.976957626261432,-2.497678088775632,1.3407784609538966,-0.5388303489087845,4.777611477796649,-0.7904696045237669,1.0139955342266769
44.0,180.0,143.72531127929688,-1.0316906862208115,2.682185051830497,-4.920575075854837,-4.9769707879337295,-2.4976844522438544,1.3407747563146035,-0.538821233252893,4.777611911594228,-0.7904690149858933,1.013999980574157
44.0,180.0,143.72531127929688,-1.0316799242324324,2.682184481119098,-4.920573981886995,-4.976967058720055,-2.497672544823831,1.3407823106674377,-0.5388291864684325,4.777610948071079,-0.7904678042781015,1.0139909330479489
44.0,180.0,143.7252960205078,-1.0316886772160505,2.682194193597514,-4.920569526866638,-4.976963507164464,-2.497678627913315,1.3407764413021273,-0.5388240630790708,4.777610427029268,-0.7904678065212138,1.0139989347855796
44.0,180.0,143.7252960205078,-1.0316926337050036,2.682188693327708,-4.920576192345197,-4.976967214849354,-2.4976791247166967,1.3407711863925584,-0.5388206042149113,4.777610140927674,-0.7904690017736362,1.0139989089014092
44.0,180.0,143.72531127929688,-1.0316844333317237,2.682196373253766,-4.920575629910966,-4.97696130636706,-2.4976753852606515,1.3407819267441887,-0.5388296715842298,4.777608378554422,-0.7904702410611621,1.0139926517649744
44.0,180.0,143.7252960205078,-1.0316897337676885,2.682195684393127,-4.920571696304912,-4.97695917798183,-2.497680668248747,1.340779601787542,-0.5388249725288965,4.777608890741513,-0.7904699130228323,1.013998344723977
44.0,180.0,143.72531127929688,-1.0316867907833442,2.682185440951616,-4.920570060913094,-4.976960145658191,-2.4976769610779503,1.3407786956490677,-0.5388241685203106,4.777607716291978,-0.7904703267909516,1.0139944292317065
44.0,180.0,143.7252960205078,-1.031687103048445,2.682192866154552,-4.920574973157467,-4.976964610175719,-2.497672926102549,1.3407771090995793,-0.5388267950801904,4.777606784632688,-0.7904678571695092,1.0139955128533795
44.0,181.0,143.7252960205078,-1.031692056628957,2.682203320623482,-4.920565634394203,-4.976950483031489,-2.497678009127184,1.3407808621411164,-0.5388273965927404,4.777605237467466,-0.7904696225154328,1.0139961015216894
44.0,181.0,143.72531127929688,-1.0316905670576082,2.682190031716657,-4.920566690957848,-4.976957307646537,-2.497678899881974,1.3407776193342835,-0.5388201043576846,4.777604531865324,-0.790466379582436,1.013999642045836
44.0,181.0,143.72531127929688,-1.0316899839815892,2.6821963905480217,-4.920569854709927,-4.976961163967317,-2.4976792213986547,1.3407764704166834,-0.5388251380936318,4.777607799507134,-0.7904683138303046,1.0139982026454062
44.0,181.0,143.7252960205078,-1.0316912725395315,2.682191962998078,-4.920573753308769,-4.97695957341963,-2.497683270816279,1.3407723397804974,-0.5388182359752589,4.777609483842241,-0.7904687591661173,1.014001382552122
44.0,181.0,143.7252960205078,-1.0316931181002484,2.6821863977821847,-4.92057562910894,-4.976957267537067,-2.4976809919015097,1.340775973740552,-0.5388223383149446,4.777609338732345,-0.7904706464964155,1.013998732251162
44.0,181.0,143.72531127929688,-1.031690588443226,2.6821949188033534,-4.920569040129863,-4.976959501098649,-2.4976801272628304,1.3407788833442291,-0.5388242834220645,4.777606516072368,-0.790468655233302,1.0139981498123207
44.0,181.0,143.7252960205078,-1.0316937143962903,2.682195928865685,-4.920573194308941,-4.976961597302616,-2.4976808989674613,1.3407730683998658,-0.5388209740138876,4.777606073065874,-0.7904673081446347,1.01400023355903
44.0,181.0,143.7252960205078,-1.031693848312718,2.682198442764702,-4.920569043839698,-4.976958412129016,-2.4976791071395272,1.3407751759619622,-0.5388264461777776,4.777607815904037,-0.7904680547173584,1.013998507657513
44.0,181.0,143.7252960205078,-1.0316928845917088,2.682200541759931,-4.920573012590125,-4.97695694425157,-2.497683379877265,1.3407766908136107,-0.5388260804538909,4.777608785744125,-0.7904704153983548,1.013998264542474
44.0,181.0,143.7252960205078,-1.031693226326198,2.682187227404701,-4.920566636257914,-4.976963580118752,-2.497683355981122,1.3407707569787322,-0.5388234887639056,4.777613033695827,-0.7904687659382574,1.0139992129757722
44.0,181.0,143.72531127929688,-1.031686803209085,2.682193547867443,-4.920567461550285,-4.976970065160684,-2.4976842561533177,1.340782549950065,-0.5388250227614835,4.777614451477074,-0.790469111730399,1.013999772362899
44.0,181.0,143.72531127929688,-1.0316887703807949,2.682197445711707,-4.920571304281284,-4.976961378182581,-2.497674688268821,1.3407794836636473,-0.5388236585449633,4.777608012278696,-0.7904676666158919,1.0139977241599354
44.0,181.0,143.7252960205078,-1.031688887525359,2.682192790739699,-4.920569689371265,-4.976959274629544,-2.49767976363932,1.340779917407005,-0.5388259535235544,4.777609584368506,-0.7904693803078464,1.0139951004070955
44.0,181.0,143.7252960205078,-1.0316913933274492,2.682184180541684,-4.920573245813663,-4.976972146398013,-2.497688642911282,1.3407764125432218,-0.5388204541268262,4.777614939797552,-0.7904694525933476,1.0140035995083228
44.0,181.0,143.7252960205078,-1.0316891215509787,2.6821984248307453,-4.920572925886636,-4.976954289367997,-2.497680303202407,1.3407813860666558,-0.5388247184990078,4.777607032459045,-0.7904689076850859,1.013994739918055
44.0,181.0,143.72531127929688,-1.0316944134176302,2.682187651126391,-4.920567301783395,-4.976958524969601,-2.4976860821814144,1.3407728090498985,-0.5388227167357629,4.777609783781978,-0.7904681660709514,1.013999270279288
44.0,181.0,143.72531127929688,-1.0316931397605735,2.6821820559907508,-4.92057985843075,-4.976957981291852,-2.4976822986424816,1.3407752975743428,-0.5388183117132073,4.777607884426997,-0.7904705209868208,1.0139984037630692
44.0,181.0,143.7252960205078,-1.0316866296037075,2.68218671689053,-4.920573383859408,-4.976968184719549,-2.497679424990296,1.3407763395521377,-0.5388231052914163,4.77761054527198,-0.7904696228376347,1.0139995795992576
44.0,181.0,143.7252960205078,-1.0316892014351673,2.682187049128569,-4.9205737565622165,-4.976961942366083,-2.49768263724096,1.340776328484326,-0.5388215393651796,4.777612705528146,-0.7904691332648106,1.013996929549391
44.0,181.0,143.72531127929688,-1.0316832731009038,2.682201665656283,-4.920563893641021,-4.976959549916036,-2.4976779650840646,1.340775870030784,-0.5388288063992475,4.777608155622184,-0.7904700079957703,1.0139964730231217
44.0,181.0,143.72531127929688,-1.0316916856560958,2.6821970915367954,-4.920574831200139,-4.976959178172827,-2.4976810380570007,1.3407788172439092,-0.5388255943039724,4.7776095452536165,-0.7904700511743004,1.013997820348454
44.0,181.0,143.72531127929688,-1.0316879153106728,2.6821895447977333,-4.920565402289967,-4.976956589826304,-2.4976811257785,1.3407774185573895,-0.5388256315222346,4.777609620912717,-0.7904704252736403,1.0139935590284042
44.0,181.0,143.7252960205078,-1.0316940258622207,2.6821941708127106,-4.920571235137274,-4.9769583783210045,-2.497687957355136,1.3407741916180305,-0.5388205726381816,4.777607716695503,-0.7904721560156833,1.0139999826442336
44.0,181.0,143.7252960205078,-1.0316891756777444,2.6821821732721585,-4.920579602104074,-4.976968907587882,-2.4976797367258285,1.3407759430241208,-0.5388187459073102,4.777607715089832,-0.790470172081486,1.0139991424039554
44.0,181.0,143.72531127929688,-1.0316854987654454,2.682202811702207,-4.920569892500064,-4.976960132681968,-2.497673147346065,1.3407781145276845,-0.538827335650522,4.777608493854341,-0.7904685175277715,1.0139955871199875
44.0,181.0,143.72531127929688,-1.0316951474547391,2.6821980612037697,-4.920573313555486,-4.976956559233988,-2.497680726979685,1.3407783222235938,-0.5388217569126823,4.777603349755916,-0.7904676275025224,1.0140003740459171
44.0,181.0,143.7252960205078,-1.0316947124553355,2.6821853903676187,-4.920574652716504,-4.97696720170809,-2.497680034539588,1.3407730099400386,-0.5388191975686052,4.77761106363249,-0.7904685697439273,1.014000792094528
44.0,181.0,143.7252960205078,-1.031687465756942,2.6821906307200507,-4.920565122319768,-4.976958098805163,-2.4976824932122983,1.340776802594199,-0.5388245786306207,4.777611029171977,-0.7904719958504165,1.0139976901506973
44.0,181.0,143.7252960205078,-1.03168860084278,2.6821856828889903,-4.920573578717172,-4.976958394821406,-2.4976792770380865,1.3407723003911969,-0.538826507823198,4.7776113998182215,-0.7904683729863304,1.0139938431643891
44.0,181.0,143.72531127929688,-1.031688681590028,2.682190647886083,-4.920570486589133,-4.976955547112685,-2.4976782194698206,1.3407784929388855,-0.5388243178906214,4.777606554251921,-0.7904710912781123,1.0139964461572522
44.0,181.0,143.7252960205078,-1.031687727095302,2.6821920671778345,-4.92058076977963,-4.9769682692762025,-2.497679089448195,1.3407726689637656,-0.5388248063252608,4.777612517590232,-0.7904684377886015,1.0139985788662518
44.0,181.0,143.72531127929688,-1.0316924484840029,2.6821978932825017,-4.9205735734198095,-4.976961616984522,-2.4976777373039525,1.3407754939896268,-0.5388224781073969,4.7776079406866,-0.7904682504991491,1.0140018380554423
44.0,181.0,143.72531127929688,-1.0316895527698229,2.6821909800887456,-4.920570749284488,-4.976965998612401,-2.4976825137460685,1.3407768563071445,-0.5388222345355631,4.777614062480879,-0.7904697001878231,1.0140045766111792
44.0,181.0,143.7252960205078,-1.0316889097626554,2.682179742946293,-4.920572214395122,-4.976960978986723,-2.4976765886806374,1.3407732421040794,-0.5388232448546413,4.777612610340652,-0.7904690060993653,1.0139967725408925
44.0,181.0,143.7252960205078,-1.0316920596118644,2.682193562360106,-4.920568764700176,-4.976958378236832,-2.49768583896103,1.3407742905386826,-0.5388211616397562,4.777612610860784,-0.7904707836444391,1.0140023322218197
44.0,181.0,143.72531127929688,-1.0316852013599047,2.6822000195718303,-4.920570391023735,-4.976962178882831,-2.4976781074680527,1.3407835352989252,-0.538826964998476,4.777607444594155,-0.7904672572692286,1.013999749705345
44.0,181.0,143.72531127929688,-1.0316978627318751,2.6821950538230155,-4.920572614532045,-4.976961324150121,-2.4976843467738523,1.3407722060551863,-0.5388211164683989,4.777610195804712,-0.7904687557633254,1.014000755849512
44.0,181.0,143.72531127929688,-1.0316974935905252,2.682190726480893,-4.920576922598729,-4.976952985051599,-2.497680277786216,1.3407696605956918,-0.5388199066176282,4.777608199862666,-0.7904689221603753,1.0139987104362351
44.0,181.0,143.7252960205078,-1.0316952063386644,2.6821860988528794,-4.9205788101059325,-4.976962390483065,-2.497682100967178,1.3407687386225238,-0.5388213929266303,4.777610025581048,-0.7904679963350976,1.0139993956200497
44.0,181.0,143.72531127929688,-1.0316966904408038,2.682194919181291,-4.9205763069917765,-4.976958793480899,-2.497682299046601,1.340775289535551,-0.5388204634429279,4.7776101048512345,-0.7904676503665229,1.0140016768018896
44.0,181.0,143.7252960205078,-1.031690244942645,2.6821955564399067,-4.92057558409866,-4.976968166283847,-2.4976865731876523,1.3407736086272948,-0.5388229764618622,4.777615716692637,-0.7904704878203495,1.0140016485692582
44.0,181.0,143.7252960205078,-1.0316892959561477,2.6821928887210884,-4.920569304004495,-4.976954456151824,-2.4976819957557272,1.340776736835144,-0.5388282609286623,4.777611107681556,-0.790470510391394,1.0139959661706186
44.0,181.0,143.7252960205078,-1.031688023525033,2.682181976123513,-4.920577732126465,-4.976961051661231,-2.497679734853236,1.3407754221298385,-0.5388236396925841,4.777609315267101,-0.7904702881076426,1.0139950141606633
44.0,181.0,143.7252960205078,-1.031693032970717,2.6821838624703034,-4.920578531090085,-4.976962808074161,-2.49767724573526,1.340776525147998,-0.538818054208976,4.777607564892598,-0.7904702866207227,1.0139975616432508
44.0,181.0,143.72531127929688,-1.0316790656865695,2.682196041932849,-4.92057246392252,-4.976960498723804,-2.497669376840244,1.3407828361242533,-0.5388276201515465,4.777602918359744,-0.7904691224380178,1.0139928284272344
44.0,181.0,143.7252960205078,-1.0316955972395476,2.682198144143469,-4.920576271327676,-4.976958500158136,-2.497689029399922,1.3407776546533734,-0.5388224708945275,4.777609473030321,-0.7904705784385335,1.0140004587531737
44.0,181.0,143.7252960205078,-1.0316866509385014,2.6821993671372537,-4.920574054656488,-4.976955712014684,-2.4976741938868963,1.340781894346864,-0.5388260717038564,4.777605737112507,-0.7904688237849635,1.0139941275549944
44.0,181.0,143.7252960205078,-1.031686982280296,2.6821983651928623,-4.9205738502408725,-4.976949498486131,-2.497673645613652,1.3407804350683783,-0.5388287212640286,4.7776048545495975,-0.790470141362948,1.0139898584962967
44.0,181.0,143.72531127929688,-1.0316885526775597,2.6821890635757573,-4.920569738147883,-4.9769654391262526,-2.4976821602969874,1.3407753653850651,-0.5388245033956016,4.77761155684418,-0.7904710378550996,1.0139990286424707
44.0,181.0,143.7252960205078,-1.031690287968412,2.682191197321754,-4.920567542969752,-4.976960352851898,-2.49767950613177,1.3407764087479226,-0.5388210115394765,4.777607269786127,-0.7904687216421316,1.0140005659957545
44.0,182.0,143.7252960205078,-1.0316858905545718,2.6821883527114,-4.920575506928445,-4.976953899007146,-2.497676058321572,1.340781206061802,-0.5388249960572447,4.777605135514239,-0.7904702051430137,1.0139916915372569
44.0,182.0,143.7252960205078,-1.0316891693666532,2.682190045453546,-4.920570260587816,-4.976963165091771,-2.4976824293157223,1.3407727560520009,-0.5388241235461706,4.777612665503796,-0.7904703659667103,1.0139988180588162
44.0,182.0,143.72531127929688,-1.0316938211251792,2.6821944296278524,-4.920574382529286,-4.976963552783157,-2.497682935583321,1.3407756041406629,-0.5388241223327119,4.777611571279198,-0.7904666142697172,1.0140002299232762
44.0,182.0,143.7252960205078,-1.0316920262095923,2.6821924850122123,-4.920569773905434,-4.976962339599665,-2.497684265540761,1.3407740345085646,-0.5388224545267315,4.777611459680843,-0.7904691063318268,1.0140013736056588
44.0,182.0,143.72531127929688,-1.0316874397815248,2.6821832769893774,-4.9205715552469895,-4.976965135200504,-2.497682492841479,1.3407768466894705,-0.5388228924798693,4.777614837360776,-0.7904684098913561,1.0139978878341154
44.0,182.0,143.72531127929688,-1.0316893566646588,2.682196182850701,-4.920568938422443,-4.976960241794431,-2.497681529746598,1.340777633764425,-0.5388254504684076,4.777610693171061,-0.790468262550502,1.0139962801186853
44.0,182.0,143.72531127929688,-1.0316913286004104,2.6821904007779214,-4.920569748638621,-4.976966191068018,-2.4976886165089294,1.3407793051192796,-0.5388211208510487,4.77761154586292,-0.7904716172294437,1.014001558534784
44.0,182.0,143.72531127929688,-1.0316885542495506,2.682192892461104,-4.920575990380665,-4.976965839517254,-2.49768026833073,1.3407776804274318,-0.5388237133089513,4.7776105250948735,-0.79046853640682,1.0139962904110007
44.0,182.0,143.7252960205078,-1.0316901086165182,2.6821908954137665,-4.920568698385071,-4.976961357166696,-2.49768392730509,1.3407705200947824,-0.5388235226638338,4.777610736539055,-0.7904692399863666,1.01399983655382
44.0,182.0,143.7252960205078,-1.031685399995225,2.682190917280475,-4.920575938866111,-4.976955564134678,-2.497675248065648,1.3407775213675075,-0.5388236899528831,4.777604455495656,-0.7904701137619483,1.01399357676799
44.0,182.0,143.7252960205078,-1.031701632773732,2.6821901855778894,-4.920571656357145,-4.976961115710837,-2.4976871343618523,1.340771466026645,-0.5388172264221449,4.777612492797177,-0.79046778422261,1.0140044317264074
44.0,182.0,143.7252960205078,-1.0316943107164245,2.682185389444438,-4.920569760656351,-4.976962498450773,-2.4976836211952658,1.3407724011111275,-0.5388208747954657,4.777612406737179,-0.7904677276814827,1.01399905857002
44.0,182.0,143.72531127929688,-1.0316885432193414,2.682196620723821,-4.920566983809877,-4.976961041327254,-2.4976832310300474,1.340775351116661,-0.5388277383076732,4.77761019105829,-0.7904702687430332,1.0139989046066686
44.0,182.0,143.7252960205078,-1.0316820570339231,2.6821886279521614,-4.920573745516654,-4.976961858263251,-2.4976765224583635,1.3407767262879124,-0.5388276965056749,4.777610561043208,-0.7904697418911475,1.0139954340193589
44.0,182.0,143.72531127929688,-1.031692375599103,2.6821839171993904,-4.920576645956984,-4.976963801156469,-2.4976795444818203,1.3407736437888564,-0.5388204107985999,4.777607589632106,-0.7904700318685274,1.0139974937744594
44.0,182.0,143.72531127929688,-1.0316907386607128,2.68219151677048,-4.920574375713354,-4.9769693399629205,-2.49768556746899,1.3407730172988677,-0.5388242353936832,4.777609939582503,-0.790470088763521,1.0140014550576826
44.0,182.0,143.72531127929688,-1.031691162301466,2.6821907923755086,-4.920575920505852,-4.976961285269645,-2.497684021706006,1.340777168882168,-0.5388221304450438,4.777607481595096,-0.7904689826018156,1.013998514519196
44.0,182.0,143.7252960205078,-1.0316825938741083,2.6821938020977463,-4.920567493676369,-4.976959452105998,-2.497672824399324,1.3407805446977257,-0.5388285931208845,4.777605671683045,-0.7904691822608854,1.0139928484670406
44.0,182.0,143.7252960205078,-1.0316901049181308,2.682186832925484,-4.920572351536717,-4.976959333099808,-2.4976756003510365,1.3407730730790863,-0.5388236749744504,4.777610293696711,-0.7904693688961508,1.0139977005191492
44.0,182.0,143.72531127929688,-1.0316846373205424,2.682193027149796,-4.9205758764027605,-4.976958677580467,-2.4976798015685,1.3407758015099294,-0.5388250507448111,4.77760642088683,-0.7904688999967497,1.0139948147700784
44.0,182.0,143.72531127929688,-1.0316900885156564,2.6821840858428985,-4.920578788206711,-4.976959528563848,-2.497677425585553,1.3407754584042673,-0.5388220563628394,4.777610586464917,-0.7904708705289831,1.0139952923307547
44.0,182.0,143.7252960205078,-1.0316925892043054,2.6821879830639297,-4.920576384668052,-4.976960178177364,-2.497678454737227,1.3407721457102522,-0.538820044273999,4.777607298503167,-0.7904703165920948,1.0139983200033234
44.0,182.0,143.72531127929688,-1.0316904906233262,2.6821854063235806,-4.920574178294779,-4.976957493998774,-2.497678946687809,1.340772871505072,-0.5388231027829802,4.777609916451191,-0.7904685328050496,1.013995603612324
44.0,182.0,143.7252960205078,-1.031689568781763,2.682187496204058,-4.920570305462858,-4.976967899049346,-2.497683599155654,1.340772256067816,-0.5388215963818439,4.777613384069387,-0.7904672119048053,1.014000727701121
44.0,182.0,143.72531127929688,-1.0316917045209806,2.682197073236554,-4.920569931402955,-4.976954060145725,-2.497677439162496,1.3407765165644587,-0.5388253500283628,4.777608734858884,-0.7904688876959787,1.0139952820177944
44.0,182.0,143.72531127929688,-1.0316828696560782,2.682190852857458,-4.920569683298749,-4.9769693005552815,-2.497678280238655,1.3407774936917205,-0.5388261513104755,4.777609801418945,-0.7904699144574137,1.0139973603072647
44.0,182.0,143.7252960205078,-1.0316962830575689,2.68219447258754,-4.920573856912477,-4.976960842655352,-2.497681250791954,1.3407750917728496,-0.5388194322070197,4.777606690526987,-0.790467429826978,1.0140003806065074
44.0,182.0,143.7252960205078,-1.0316849053191222,2.682202068043816,-4.920572344155775,-4.976959187569773,-2.4976769319755734,1.3407771682172474,-0.5388289995626483,4.777609225481537,-0.7904705376504291,1.0139978546543018
44.0,182.0,143.7252960205078,-1.031688622620885,2.68218909537894,-4.920579837958092,-4.976962040499179,-2.497673994578358,1.3407758789101578,-0.5388229161889004,4.777606311989915,-0.7904696059115048,1.0139975312443452
44.0,182.0,143.7252960205078,-1.031694826220622,2.682188968545928,-4.92057332385278,-4.976966558718157,-2.497685830646008,1.340773535160201,-0.5388176038054784,4.777611407235989,-0.7904705819741791,1.014002346931326
44.0,182.0,143.72531127929688,-1.0316928976116015,2.68219419243848,-4.920572711864426,-4.97696528121984,-2.497685393846427,1.3407715367754989,-0.5388203032336047,4.777611251869299,-0.7904689972825683,1.0140042451370483
44.0,182.0,143.72531127929688,-1.031692986625771,2.6821912098358496,-4.920571176142574,-4.976966495007491,-2.4976847304394845,1.34077646381502,-0.5388229243424556,4.777612458321762,-0.7904698919018731,1.0140013768635248
44.0,182.0,143.7252960205078,-1.0316906859142994,2.682183638468026,-4.920578834146747,-4.976963802031444,-2.4976787803485587,1.3407777812397157,-0.5388229063765042,4.7776108336951175,-0.7904706821516676,1.0139972787086462
44.0,182.0,143.7252960205078,-1.031691738357953,2.682194279120199,-4.920567927920204,-4.976962343339418,-2.4976802252198333,1.3407754928939228,-0.5388215545573107,4.777609236092781,-0.7904683946631108,1.0139989108490468
44.0,182.0,143.72531127929688,-1.0316942417150683,2.6822039351684968,-4.920575216404378,-4.976966803374392,-2.4976844058628043,1.340775985445852,-0.5388246685414666,4.777607688115641,-0.7904688218765079,1.014001059519302
44.0,182.0,143.7252960205078,-1.0316852326912884,2.6822017459141634,-4.920570951051029,-4.9769631513996,-2.4976776090672064,1.340779734697696,-0.5388273772338392,4.777607669408928,-0.7904682852523717,1.0139965525265602
44.0,182.0,143.72531127929688,-1.0316975137471536,2.682186706597084,-4.92057218155481,-4.976956285626887,-2.4976864589054766,1.3407748022142003,-0.5388189173660143,4.777610030533317,-0.7904698778282775,1.0139990554792693
44.0,182.0,143.72531127929688,-1.0316864745792549,2.682185730783768,-4.920574087412464,-4.97696025194848,-2.4976763752247866,1.3407737894435918,-0.5388235244560029,4.777609178065465,-0.7904693808496006,1.0139952662523646
44.0,182.0,143.7252960205078,-1.0316959328194035,2.6821860059285143,-4.920573094032896,-4.976960320835349,-2.49768446096052,1.340771801586648,-0.538821240749634,4.77761475215887,-0.7904706073622441,1.0139988999014644
44.0,182.0,143.7252960205078,-1.0316870271484433,2.682188709974848,-4.920572902016386,-4.976957131717115,-2.4976785631155023,1.3407744900648255,-0.5388250551345806,4.7776092294259325,-0.7904700763940227,1.01399568234598
44.0,182.0,143.72531127929688,-1.0316974746088854,2.68219185842388,-4.9205708169143305,-4.976960479174563,-2.4976853662915994,1.3407754759165016,-0.5388180003166632,4.77761188788865,-0.7904692203850479,1.014001880961577
44.0,182.0,143.72531127929688,-1.0316947969536674,2.682195260346384,-4.920575818266343,-4.976963333406848,-2.497684691381055,1.3407717442061315,-0.5388228390946121,4.777612249047191,-0.7904687522671319,1.0140027940405822
44.0,182.0,143.7252960205078,-1.0316838899003495,2.682183780874512,-4.920573327602191,-4.976969358958013,-2.497677914666004,1.3407787394075097,-0.5388214942473866,4.777611307297248,-0.7904691200087628,1.0139981810802725
44.0,182.0,143.72531127929688,-1.031690199760686,2.6821882461005,-4.920577582990294,-4.976961295036605,-2.4976782048430324,1.340778972625241,-0.5388217464952874,4.777608065063255,-0.7904714401820279,1.0139959617480283
44.0,182.0,143.7252960205078,-1.031691185732348,2.6821858410489865,-4.920575726332807,-4.976966586586417,-2.497677319200977,1.3407749839436107,-0.5388240740113979,4.777611533261817,-0.790469283857397,1.013997738774978
44.0,182.0,143.7252960205078,-1.031688846897678,2.682197412467877,-4.92057129252294,-4.976960043293204,-2.4976764508971456,1.3407750232642304,-0.538826828882943,4.777611001983233,-0.790468415292251,1.0139982046629692
44.0,182.0,143.7252960205078,-1.031691296927182,2.68219307542285,-4.920577518580755,-4.97696253011945,-2.497684150698899,1.3407789170190734,-0.5388206603436432,4.777608800756644,-0.790470617679488,1.0139983867753246
44.0,182.0,143.7252960205078,-1.0316815064874172,2.6821868920497085,-4.920565739122312,-4.976959341812312,-2.497670685492749,1.3407791207721278,-0.5388286045073531,4.7776053338573,-0.7904694474294223,1.0139908940973594
44.0,182.0,143.72531127929688,-1.0316970769661244,2.6821828681313287,-4.920572690962859,-4.976958343795159,-2.497687588589157,1.3407717012550986,-0.53881813575512,4.777613560279459,-0.7904688497539007,1.0140007613751356
44.0,182.0,143.7252960205078,-1.0316914451260877,2.6821977991141672,-4.920574980146635,-4.97695619130207,-2.497676706082621,1.3407806092912828,-0.5388256478416622,4.777607454204521,-0.7904692498426114,1.013994414858499
44.0,183.0,143.7252960205078,-1.0316941701273534,2.682191707371037,-4.920575050244928,-4.976959305450334,-2.4976875396588243,1.3407760507808186,-0.5388211677443264,4.777609108405239,-0.7904720479988274,1.014000603911426
44.0,183.0,143.7252960205078,-1.0316886196062454,2.682189336856505,-4.920573096789131,-4.976968462394191,-2.497679754328938,1.3407758724963257,-0.538822266582307,4.777608793044028,-0.7904687944052649,1.0140001234390086
44.0,183.0,143.72531127929688,-1.0316887241653627,2.6821856508043744,-4.92057848800907,-4.97695960778148,-2.497679708533431,1.3407836412500431,-0.5388221609766388,4.777609414240043,-0.7904709681617659,1.0139945365297551
44.0,183.0,143.7252960205078,-1.0316940676902209,2.6821933411069665,-4.920572664666018,-4.976963950862496,-2.4976834448391343,1.3407743524701037,-0.5388205001978763,4.777611326957301,-0.7904682176584785,1.014001161756683
44.0,183.0,143.72531127929688,-1.03169039572568,2.6821954215092685,-4.920573886942592,-4.976958884760451,-2.4976782708901526,1.3407754321206315,-0.5388238750405616,4.777608374713351,-0.7904691774591912,1.0139991942607516
44.0,183.0,143.72531127929688,-1.0316935167941832,2.682194580496136,-4.920564471577004,-4.976960857903229,-2.497678884228866,1.340774475881707,-0.53882263106774,4.77760986411649,-0.7904683606513148,1.0139991386634826
44.0,183.0,143.7252960205078,-1.031682790539807,2.682189648578495,-4.920572089550626,-4.976961306395678,-2.497676228381023,1.3407792443674005,-0.5388264661501143,4.777609554315253,-0.790468720810237,1.01399429298821
44.0,183.0,143.72531127929688,-1.031690028701286,2.6821863039215588,-4.920571138229795,-4.976961863875964,-2.497683165343691,1.3407715534102935,-0.5388218027886014,4.777614216221876,-0.7904706051984576,1.0140009467503202
44.0,183.0,143.72531127929688,-1.0316898250448363,2.6821993689794086,-4.92056661440336,-4.976957579056029,-2.4976758726933195,1.3407777585141425,-0.5388244729684812,4.777608248082947,-0.7904691645474706,1.0139966968867986
44.0,183.0,143.7252960205078,-1.0316882511347316,2.6821878687448306,-4.920575389975636,-4.976964959580683,-2.4976803347916645,1.3407754836042818,-0.5388224084392403,4.777612849184557,-0.7904705282436302,1.013997958439128
44.0,183.0,143.72531127929688,-1.0316939623397965,2.6821957978303,-4.920578367736067,-4.976961548781871,-2.4976792605248748,1.3407780722856515,-0.5388223537424333,4.77760672640721,-0.7904683437960571,1.013996712909334
44.0,183.0,143.7252960205078,-1.0316877960587774,2.68219078113506,-4.920573311720477,-4.976960686922027,-2.4976720398628736,1.340780410952526,-0.5388250568169619,4.77760474676213,-0.7904691890735016,1.0139927590864106
44.0,183.0,143.72531127929688,-1.031690902427119,2.682183937329375,-4.920577315854146,-4.976962121898345,-2.497680978332757,1.3407734391903547,-0.5388213832897577,4.777610196627439,-0.7904703400748003,1.0139982798182017
44.0,183.0,143.7252960205078,-1.0316905513266827,2.6821902589896194,-4.920575634228793,-4.97696128115049,-2.497677035929076,1.3407782216181916,-0.5388229261412416,4.777608569427315,-0.7904686088482089,1.013996089529174
44.0,183.0,143.72531127929688,-1.031686286179156,2.6822003946836457,-4.920568810392028,-4.9769547709622834,-2.497675770158663,1.3407774184777228,-0.5388283151463718,4.777610230378466,-0.7904695731976901,1.0139971757014887
44.0,183.0,143.72531127929688,-1.03168792076276,2.6821928908652684,-4.920573258862465,-4.976967295659511,-2.497678751067627,1.3407757024182765,-0.5388253721731271,4.7776138154299765,-0.7904697780877346,1.013998036736225
44.0,183.0,143.7252960205078,-1.031689608781583,2.682196708991837,-4.920570714763933,-4.976957539892253,-2.497679494681213,1.3407806375010054,-0.5388258900795595,4.777611452025784,-0.7904698226241686,1.0139977082478078
44.0,183.0,143.72531127929688,-1.0316862630678472,2.682193598461752,-4.920579018945578,-4.976963409426065,-2.4976782808087656,1.3407764212369493,-0.53882601344284,4.777608361027344,-0.790470328595851,1.0139956865292454
44.0,183.0,143.7252960205078,-1.0316923453303644,2.682189579492386,-4.9205718414870105,-4.976963503541398,-2.497680793308608,1.3407766061896895,-0.5388222689854807,4.777611229564338,-0.790469547238013,1.0140005804797383
44.0,183.0,143.7252960205078,-1.0316915336920367,2.682191278775256,-4.920573056366311,-4.976967430824772,-2.4976803087490014,1.3407723782699152,-0.5388206375525257,4.777609884823651,-0.7904698377454382,1.0140013979749891
44.0,183.0,143.72531127929688,-1.0316904673882066,2.682189678955603,-4.920576856064615,-4.97696397683552,-2.497680619845757,1.3407755768415814,-0.5388229587018039,4.777609014640671,-0.7904697819368538,1.013997451779593
44.0,183.0,143.7252960205078,-1.0316885588958935,2.682187123325771,-4.920577187426843,-4.976957092584619,-2.497680012112118,1.3407795915411889,-0.5388250884156056,4.777608821151734,-0.790470442146403,1.0139925189339731
44.0,183.0,143.72531127929688,-1.0316930141418377,2.682190100476588,-4.9205734375130605,-4.976968632019439,-2.4976864668199434,1.340774072343578,-0.5388196554801752,4.777611561158468,-0.7904695165449098,1.01400112620163
44.0,183.0,143.7252960205078,-1.0316919862146232,2.682194130010693,-4.9205682814369895,-4.976962639124019,-2.4976779613599853,1.34077421309361,-0.5388217975594323,4.7776097501080415,-0.7904672761001885,1.0140008732817023
44.0,183.0,143.72531127929688,-1.0316895291829369,2.682195651300564,-4.920573839614767,-4.976958334799116,-2.4976742488620896,1.3407812796870004,-0.5388228954509513,4.777604112137851,-0.7904680117927079,1.013994079536956
44.0,183.0,143.72531127929688,-1.0316827854670514,2.68218770487357,-4.920574275890624,-4.976963680273799,-2.497673511825389,1.340780078087506,-0.5388247492774676,4.777608200261964,-0.7904683919433868,1.013993831201513
44.0,183.0,143.7252960205078,-1.0316902605104683,2.6821855935724512,-4.9205762206083445,-4.9769624181883065,-2.4976805780183486,1.3407737744975643,-0.5388219813084962,4.777608501164517,-0.790469609351172,1.0139981696817877
44.0,183.0,143.7252960205078,-1.0316923426145204,2.6821855878100607,-4.920570608092405,-4.976959301596745,-2.4976834844696514,1.3407771312287728,-0.5388208436920809,4.77761042297322,-0.7904705146879207,1.013998932663311
44.0,183.0,143.7252960205078,-1.0316981251533686,2.6821821066347704,-4.920575720178221,-4.976971187292993,-2.4976887261516656,1.340767994637945,-0.5388157329131307,4.777612744679766,-0.7904689234655811,1.0140049422152364
44.0,183.0,143.7252960205078,-1.0316892207917916,2.682187016042028,-4.920574733589768,-4.976965742985564,-2.497681993489807,1.3407720154769622,-0.5388220903995213,4.777613099764677,-0.7904704468612689,1.01399799580925
44.0,183.0,143.7252960205078,-1.0316865455420785,2.682194477845984,-4.920576696287168,-4.9769642726337615,-2.4976757663878484,1.3407762407265764,-0.5388257946923947,4.77760901955261,-0.7904687877742855,1.0139970197939077
44.0,183.0,143.7252960205078,-1.0316902895307662,2.682191940063462,-4.920572662009893,-4.976961752496856,-2.4976823825851504,1.34077356001527,-0.5388215707240835,4.777609659682295,-0.7904703108483444,1.013999880833108
44.0,183.0,143.72531127929688,-1.0316868892624158,2.682189612710985,-4.920569994985093,-4.976961857313805,-2.497676973281512,1.3407784444024191,-0.5388238189561729,4.777610041043415,-0.7904687288285377,1.0139962097122162
44.0,183.0,143.7252960205078,-1.0316885319581703,2.682191344040082,-4.92056622349844,-4.976963782503222,-2.4976787558906093,1.3407711942814151,-0.5388251717810011,4.777610669524002,-0.7904682552874434,1.013997714172362
44.0,183.0,143.7252960205078,-1.0316941610485664,2.6821923919229604,-4.920568166654922,-4.976965844932314,-2.497681403824916,1.3407768972451874,-0.53882320114643,4.777610656563089,-0.790469584149279,1.014000036897463
44.0,183.0,143.72531127929688,-1.0316868417927203,2.6821894643495963,-4.920574953563764,-4.9769628124581295,-2.497675700389525,1.340779374880828,-0.5388240918790785,4.777608010347661,-0.790468439952063,1.013994479441136
44.0,183.0,143.7252960205078,-1.031692914908584,2.682188277766862,-4.92057845089166,-4.976963122687408,-2.497684157638029,1.3407744999390978,-0.5388185961621179,4.777607024638078,-0.7904697651063053,1.0139996463695289
44.0,183.0,143.72531127929688,-1.0316866851567297,2.682193790470244,-4.9205689331380364,-4.976955669708565,-2.497676996585996,1.3407812351271575,-0.5388250785385722,4.777606150649621,-0.7904703114240306,1.0139965364523815
44.0,183.0,143.72531127929688,-1.0316897733361952,2.6821851657117035,-4.920574367210633,-4.976959205599321,-2.497677727460732,1.3407774140292794,-0.5388209212528654,4.777609142241618,-0.7904692513774645,1.01399596045297
44.0,183.0,143.72531127929688,-1.0316934487028575,2.682193387177315,-4.920572475378475,-4.976960845084484,-2.497686761198364,1.34077626108302,-0.5388189994693962,4.777608284570743,-0.7904705916240342,1.014001475619529
44.0,183.0,143.72531127929688,-1.0316923244379197,2.682182048522103,-4.92056701323219,-4.976963061453953,-2.497684517734018,1.3407716636730278,-0.5388195757864356,4.777614053037976,-0.7904684673040503,1.0139998753457
44.0,183.0,143.72531127929688,-1.0316885896000052,2.6821932523646828,-4.920570876624528,-4.976962619447242,-2.497677628767445,1.3407779185501916,-0.5388246038127491,4.777607946114104,-0.7904695619672353,1.013998260307449
44.0,183.0,143.72531127929688,-1.0316921009926054,2.682188253028067,-4.920575069510034,-4.976961512398298,-2.497681389488906,1.3407734115915917,-0.5388200225845177,4.777609027834732,-0.7904698204218468,1.013999596461307
44.0,183.0,143.72531127929688,-1.0316904255760306,2.6821951450934147,-4.920573364067336,-4.976961458488951,-2.497677304552516,1.340774524202053,-0.5388264400139384,4.77760830093499,-0.7904698571139344,1.0139976632249414
44.0,183.0,143.7252960205078,-1.031693975652563,2.6821980497989486,-4.920572359939236,-4.976964140939822,-2.4976807853894165,1.3407777966070222,-0.5388244276857019,4.777609010320628,-0.7904688639722233,1.014000576209524
44.0,183.0,143.72531127929688,-1.0316921309748812,2.6821892081851715,-4.920574286189941,-4.97696509499445,-2.497679490477416,1.3407773497291329,-0.538821429575651,4.777609345114547,-0.7904696060091609,1.013998211247929
44.0,183.0,143.72531127929688,-1.031690354278008,2.682187792709908,-4.920579664451037,-4.976957618592218,-2.4976792069329115,1.3407762912071632,-0.5388223188674433,4.77760623722129,-0.7904704392220587,1.013997060723283
44.0,183.0,143.72531127929688,-1.031687505664403,2.682194455574355,-4.920567369903282,-4.976957487899108,-2.4976790362412284,1.340780186273686,-0.538828033764843,4.777607636950551,-0.7904683324063724,1.0139958312094706
44.0,183.0,143.72531127929688,-1.0316919725654672,2.6821946554565947,-4.920573904792817,-4.976962604620628,-2.497680746241262,1.3407735493414863,-0.5388227256797196,4.777608198328023,-0.7904686102081344,1.013999768646734
44.0,183.0,143.72531127929688,-1.0316869796057588,2.6821804806195466,-4.920573066484344,-4.976961626775322,-2.4976811799597587,1.3407767115812668,-0.538820902286,4.777608604495288,-0.7904702745255507,1.0139950918867724
44.0,184.0,143.7252960205078,-1.0316961124767206,2.682190177562492,-4.920573330649707,-4.9769589232947125,-2.4976833789873325,1.3407781684024744,-0.5388206274232417,4.777609085542999,-0.7904713593534112,1.013997896879232
44.0,184.0,143.72531127929688,-1.0316917521198072,2.6821924816034723,-4.920573494007195,-4.976959196184808,-2.497677920281685,1.3407750662838396,-0.538823606553053,4.777608330897344,-0.7904698327604027,1.0139978819246265
44.0,184.0,143.7252960205078,-1.0316906727638298,2.682193171704216,-4.920570841689877,-4.976959169958491,-2.4976773144141573,1.3407765857284115,-0.5388244409758816,4.777609082911333,-0.7904683847852398,1.0139974417791944
44.0,184.0,143.72531127929688,-1.0316884173350207,2.682190335707729,-4.92057579656201,-4.976965916055063,-2.49767753268158,1.340776360060537,-0.538823849071008,4.7776093904761865,-0.7904695567093949,1.0139986724612946
44.0,184.0,143.7252960205078,-1.0316912214702647,2.682184695859809,-4.92057349726766,-4.976957589999379,-2.4976808401367308,1.3407738713875297,-0.5388248239318214,4.777610782810731,-0.7904708713424906,1.0139950780177038
44.0,184.0,143.72531127929688,-1.0316951007221702,2.682183888743469,-4.920571837175926,-4.9769690677699066,-2.4976857236813164,1.3407732361829172,-0.5388180374523133,4.777612436059709,-0.790469939652116,1.0140034842022665
44.0,184.0,143.72531127929688,-1.0316893163075234,2.6821904293345806,-4.920574306483844,-4.976960691882052,-2.4976785082056674,1.3407799553713904,-0.5388237504631039,4.777607296597051,-0.7904710115510349,1.0139963690645732
44.0,184.0,143.7252960205078,-1.031696282705589,2.682188927838391,-4.920569901825237,-4.976959526373353,-2.497681282503714,1.340773098790952,-0.5388193576380038,4.777610580508524,-0.7904700106711591,1.014000015239084
44.0,184.0,143.7252960205078,-1.0316912897577355,2.6821877489107413,-4.920576940917982,-4.976968396848045,-2.497683335721482,1.3407712912265517,-0.5388196549014781,4.777611447748825,-0.7904703774083739,1.014000957201052
44.0,184.0,143.7252960205078,-1.031695604247953,2.682183489043549,-4.920576663659939,-4.976966745172018,-2.4976886358216794,1.3407694130759582,-0.5388167071294987,4.777611163404229,-0.790471159585576,1.0140036095469735
44.0,184.0,143.72531127929688,-1.0316884217860416,2.6821935260617984,-4.920572137904596,-4.9769594218533015,-2.4976810572726507,1.340776222294239,-0.5388253605477811,4.777608517366508,-0.7904701730840262,1.0139965248410174
44.0,184.0,143.72531127929688,-1.0316872131405033,2.6821901773910417,-4.920574242006861,-4.976960888616257,-2.497678437920335,1.3407735195497974,-0.538824767243236,4.77760961727504,-0.790470772704019,1.013997675604994
44.0,184.0,143.72531127929688,-1.0316939181463909,2.682196336291341,-4.920572038758693,-4.976962539315825,-2.497682856604566,1.3407758111508548,-0.5388211454681793,4.777607762175435,-0.790469872237046,1.0140012569106371
44.0,184.0,143.72531127929688,-1.0316926463025715,2.6821914907575097,-4.920576550593297,-4.976964147274888,-2.4976875538740857,1.3407760156004036,-0.5388192712198805,4.777612465222678,-0.7904718353266391,1.014001084050049
44.0,184.0,143.7252960205078,-1.031693633181225,2.682184106185645,-4.920574357990197,-4.976963815805732,-2.4976850196729163,1.3407724733469726,-0.538820532660262,4.7776114992578655,-0.7904706965997299,1.0140014934711097
44.0,184.0,143.7252960205078,-1.0316977437937207,2.68219163650196,-4.920572590603412,-4.976960675937816,-2.4976852441641006,1.3407736615463417,-0.5388188062153079,4.777606233478318,-0.7904691276612494,1.0140016671858385
44.0,184.0,143.72531127929688,-1.0316925100839964,2.682188055007079,-4.920575856196221,-4.976957703729244,-2.497684036219105,1.340777198983596,-0.5388220247077395,4.77760935447869,-0.7904695286856969,1.0139980844214946
44.0,184.0,143.72531127929688,-1.03169034374667,2.682192249960885,-4.920572442361983,-4.976961437560252,-2.4976816943402387,1.340775419186527,-0.5388240522429797,4.777611826125806,-0.7904709859000372,1.0139998721880217
44.0,184.0,143.7252960205078,-1.0316898914837558,2.682184603704276,-4.920576011261139,-4.976969976955383,-2.497683145797618,1.340772468199126,-0.538821759049454,4.777612956784164,-0.7904703459088394,1.0140015776496183
44.0,184.0,143.72531127929688,-1.0316953389501875,2.6821917298984808,-4.9205697961284365,-4.976964877227344,-2.497684277361941,1.3407766159756385,-0.5388199004404282,4.7776103110971455,-0.7904674441698827,1.0140014450027373
44.0,184.0,143.72531127929688,-1.0316959664914318,2.6821879518688423,-4.920576094289411,-4.976966858646692,-2.497691834370853,1.3407710555556245,-0.5388168320906805,4.777612554148748,-0.7904710220600775,1.014004332971103
44.0,184.0,143.72531127929688,-1.0316874321211422,2.6821907945525574,-4.920576418849292,-4.976957316715052,-2.497678217380504,1.3407782584230592,-0.5388233051617055,4.777606130522106,-0.7904708354581027,1.0139944943596548
44.0,184.0,143.7252960205078,-1.0316983670887838,2.6821888866661645,-4.920576511904824,-4.976961974090937,-2.497691537241608,1.340775808489307,-0.5388182716764609,4.777609783992617,-0.7904719425441566,1.0140023625524952
44.0,184.0,143.7252960205078,-1.0316901163163972,2.682191645108131,-4.920573357519313,-4.976959497916264,-2.4976785292200283,1.3407781383548834,-0.5388258742321721,4.777609409666468,-0.7904703512267766,1.0139981334368393
44.0,184.0,143.72531127929688,-1.0316948175872396,2.682190418896424,-4.920571915504993,-4.976958571891135,-2.497682468130856,1.3407746899990691,-0.5388220115734352,4.777608250562167,-0.790470899056456,1.014000639428119
44.0,184.0,143.7252960205078,-1.0316930680947891,2.6821894435456093,-4.920573613115637,-4.976963816080485,-2.4976875440459207,1.3407758514224657,-0.5388174614668237,4.777610837733059,-0.7904704426673987,1.0140029990672828
44.0,184.0,143.72531127929688,-1.0316914157692203,2.682194915762677,-4.920566597613608,-4.976963111387532,-2.4976860513347536,1.340775936592839,-0.5388228588701338,4.777613133975091,-0.7904699166929561,1.0140008379973526
44.0,184.0,143.72531127929688,-1.031688375420095,2.682189002190114,-4.920569175201912,-4.976959917665101,-2.497679864339326,1.3407775325734006,-0.5388253417087903,4.777610035605761,-0.7904704823517985,1.0139946506045936
44.0,184.0,143.7252960205078,-1.031695440345083,2.6821951612412605,-4.920572928791949,-4.976959355843316,-2.497682379521033,1.3407732595745454,-0.5388219443346296,4.777608675177168,-0.7904695231142371,1.0140006413362226
44.0,184.0,143.72531127929688,-1.0316869956775705,2.682192456531852,-4.920570877705594,-4.976957000700938,-2.497679787047393,1.3407775035080904,-0.5388246390622973,4.777609309243777,-0.7904712331270938,1.0139956642876866
44.0,184.0,143.72531127929688,-1.031695574140166,2.682185737815943,-4.920576119215692,-4.976964420839074,-2.497684334196696,1.3407730784865972,-0.5388194849028691,4.777607902970551,-0.7904704874060737,1.0139999016923893
44.0,184.0,143.72531127929688,-1.031685616254856,2.6821948545012733,-4.920572446526141,-4.976966245607018,-2.4976790414245698,1.3407787224004402,-0.5388251993188202,4.777609717777331,-0.790469254272316,1.013998733262369
44.0,184.0,143.7252960205078,-1.031683802538072,2.6821933243317044,-4.920572109656018,-4.976960750668455,-2.4976761731365538,1.3407778511718682,-0.5388263706754124,4.777607598603559,-0.7904684072541563,1.0139950605641364
44.0,184.0,143.72531127929688,-1.0316947662833642,2.6821884840180523,-4.920573513680944,-4.976964920165596,-2.497683471673058,1.3407715654671757,-0.5388216636595207,4.777614131338115,-0.7904688547215644,1.01400157806368
44.0,184.0,143.72531127929688,-1.0316918078491852,2.682191655153513,-4.920573441780427,-4.976959541933796,-2.4976847365422854,1.340774982814006,-0.5388228583362933,4.777611282142338,-0.7904713249741118,1.0139990878266207
44.0,184.0,143.72531127929688,-1.0316901628541555,2.682185747587773,-4.920570775192179,-4.976960296247916,-2.497684114763806,1.3407771188595774,-0.5388251733518814,4.777612699209861,-0.7904707185650732,1.013999201902558
44.0,184.0,143.7252960205078,-1.0316917330803577,2.6821919950381714,-4.920570232120395,-4.976967923628047,-2.4976818749929834,1.3407701214072718,-0.5388223410722812,4.777611579783091,-0.7904685814691135,1.0140027724472829
44.0,184.0,143.7252960205078,-1.031697543305082,2.682184526918088,-4.9205755383505965,-4.976969025463696,-2.497683269127044,1.3407722719569044,-0.5388197169681188,4.777612517160282,-0.7904691197750218,1.0140013495461018
44.0,184.0,143.72531127929688,-1.0316923921670265,2.6821894267063486,-4.920574021268802,-4.976964223493932,-2.497686669710475,1.340775710541707,-0.538820174857638,4.777611736630712,-0.7904710432960123,1.0140018422861372
44.0,184.0,143.7252960205078,-1.031693052230736,2.682188037049402,-4.9205770638421695,-4.976966456493434,-2.497686269741981,1.3407720039797546,-0.5388195398314108,4.777609001357611,-0.79047018786952,1.014002573176719
44.0,184.0,143.7252960205078,-1.0316936888920236,2.682191032593243,-4.920571287335394,-4.976964384900231,-2.4976871510686003,1.340774281174432,-0.538820778263613,4.777613064187328,-0.7904699512471245,1.0140020972876318
44.0,184.0,143.7252960205078,-1.03168939080986,2.6821958348970334,-4.92057359649526,-4.976961450040712,-2.4976775502923387,1.3407736738389726,-0.5388245069695987,4.777609118120845,-0.7904690478693626,1.0140000815817771
44.0,184.0,143.72531127929688,-1.0316951887781425,2.682185052453356,-4.920575971494394,-4.97697075303354,-2.497683610033657,1.3407716273539938,-0.5388161500950961,4.777610089316099,-0.7904708873401347,1.0140045524318977
44.0,184.0,143.7252960205078,-1.031692190307354,2.682192454074304,-4.92057658038591,-4.976960117946589,-2.497686528440365,1.3407764876240789,-0.5388221688440975,4.777608856805475,-0.7904715083271965,1.0139994530849314
44.0,184.0,143.72531127929688,-1.0316901691627622,2.6821919070503144,-4.920572906170498,-4.976966947218558,-2.497680157529146,1.340776603092232,-0.5388210111950409,4.7776094291170885,-0.7904695501461783,1.0140004849028204
44.0,184.0,143.72531127929688,-1.0316901546413964,2.6821852868004044,-4.920571956384144,-4.9769699443617,-2.4976835384390093,1.3407743270545396,-0.5388221981526407,4.777615704640802,-0.7904685082529408,1.0140013467684748
44.0,184.0,143.72531127929688,-1.0316959191386217,2.682189753944522,-4.920571759621932,-4.9769661403131416,-2.497686106155958,1.340771266516292,-0.5388197418870799,4.777612366518046,-0.7904689439599046,1.0140032945226007
44.0,184.0,143.72531127929688,-1.0316938265205238,2.682180924939993,-4.920574422045179,-4.976964678419539,-2.4976816424369326,1.3407756351982858,-0.5388161798522244,4.777610515273494,-0.7904698919761639,1.0140003089156044
44.0,184.0,143.72531127929688,-1.0316956519004936,2.682185928484233,-4.920571114486473,-4.976963091392745,-2.4976850449060217,1.3407729310030847,-0.5388210408200731,4.777615801393903,-0.7904712859801979,1.0140020263978764
44.0,184.0,143.72531127929688,-1.031696059911193,2.6821869198491104,-4.920573131146908,-4.976969320526153,-2.497689435919672,1.3407715002447134,-0.5388183347517552,4.777614145409524,-0.7904701222400572,1.014003501653287
44.0,185.0,143.7252960205078,-1.0316909059258506,2.6821902505777464,-4.920576776340439,-4.976961647272141,-2.4976819868568763,1.3407790648985172,-0.5388219570078032,4.777607372652641,-0.790469898812467,1.0139993783924073
44.0,185.0,143.72531127929688,-1.0316903149004195,2.682192086161588,-4.9205688128226885,-4.976965186124869,-2.497677248410703,1.3407737436880938,-0.5388241972678829,4.777610992239206,-0.7904680563722932,1.0139972712037435
44.0,185.0,143.7252960205078,-1.0316880923789506,2.682191244207612,-4.920575655405861,-4.9769623889704055,-2.497680191940008,1.3407782538238404,-0.5388252045186137,4.777605432357229,-0.790470291665553,1.013996791724214
44.0,185.0,143.7252960205078,-1.0317007937503542,2.6821919126737725,-4.920570405189188,-4.976961728461447,-2.4976946937203026,1.340771330059532,-0.5388150477409015,4.777612856961637,-0.7904711929361516,1.0140086980173626
44.0,185.0,143.7252960205078,-1.0316908044817397,2.6821850898392974,-4.920576557613851,-4.976966588789937,-2.4976820258156125,1.3407717007562354,-0.5388199617518739,4.77761251341984,-0.7904694985047964,1.014001498737393
44.0,185.0,143.72531127929688,-1.03169322333819,2.68219310440534,-4.920573109622772,-4.976964015278012,-2.497680974690711,1.340773465170657,-0.5388226278272494,4.777606495795615,-0.7904674822315805,1.0140005020549667
44.0,185.0,143.7252960205078,-1.0316916318431255,2.682190303749649,-4.92057437808384,-4.976959884822385,-2.4976856080938075,1.340777006556734,-0.538820438093178,4.777610978437533,-0.7904713926862552,1.014001281060227
44.0,185.0,143.7252960205078,-1.0316873123240375,2.682191983738794,-4.920573944839223,-4.976965696706265,-2.497680566567208,1.3407762491931852,-0.5388247742021504,4.777612207764694,-0.7904697171064106,1.0139990070507103
44.0,185.0,143.72531127929688,-1.0317009991833357,2.682183859290884,-4.920572354408992,-4.976967992565495,-2.497690358259633,1.3407743142329362,-0.5388168269376319,4.77761021338956,-0.7904707871751722,1.0140041547343035
44.0,185.0,143.7252960205078,-1.031692296119485,2.682194237039674,-4.920572215165756,-4.976960595164481,-2.497680626408629,1.3407761605945645,-0.5388236376398501,4.777608183669404,-0.7904692866413106,1.013999700976166
44.0,185.0,143.72531127929688,-1.031689116681132,2.6821954524946943,-4.920573124465853,-4.976961580133771,-2.497679795590202,1.3407774863904374,-0.5388251461026616,4.777607481157233,-0.7904697016452031,1.013997870599857
44.0,185.0,143.72531127929688,-1.0316864287780696,2.6821909371930985,-4.920570035479594,-4.976960703274163,-2.49767604275121,1.34077601514889,-0.5388240076271522,4.777608716834433,-0.7904698008897704,1.0139970871265849
44.0,185.0,143.7252960205078,-1.031694460976076,2.682183500509014,-4.920574321411269,-4.976964378580226,-2.497685442559015,1.3407716676746355,-0.5388219702568531,4.777613190665267,-0.7904704413633459,1.014000391626202
44.0,185.0,143.7252960205078,-1.0316903714374843,2.6821843908763494,-4.920570772447016,-4.9769673152764895,-2.497681097498243,1.3407756580635022,-0.5388225824171435,4.777612659024134,-0.7904705221148074,1.013999313189248
44.0,185.0,143.72531127929688,-1.031690870505788,2.6821930309203976,-4.920573791504458,-4.976967277934844,-2.497685471831496,1.3407727500183313,-0.5388208682330218,4.777608302738956,-0.7904693836499037,1.0140035965214569
44.0,185.0,143.7252960205078,-1.031698559814905,2.682190719138254,-4.920572394085883,-4.976957897698205,-2.497686499847525,1.3407771484913598,-0.5388197501224887,4.7776110054436245,-0.7904715159499522,1.0140027381161794
44.0,185.0,143.7252960205078,-1.031688485413483,2.682190149599826,-4.920576245611496,-4.976957148409195,-2.497681852292142,1.3407803941452654,-0.5388253540694059,4.777609616886572,-0.7904709081759149,1.0139949286936814
44.0,185.0,143.7252960205078,-1.0316903707518272,2.682188881555879,-4.9205717926793415,-4.976964371292445,-2.4976825941563114,1.340774572353668,-0.5388220545876186,4.777611223760466,-0.7904699249431344,1.014000324345079
44.0,185.0,143.72531127929688,-1.0316894563824826,2.6821915624658565,-4.920568120768142,-4.97695910877232,-2.4976816892225138,1.3407791056201122,-0.5388240547739587,4.777609180179402,-0.7904697742668771,1.0139987463234863
44.0,185.0,143.72531127929688,-1.031694630590953,2.6821975141428123,-4.920567364902501,-4.976958432548665,-2.4976858270885667,1.3407752342787962,-0.5388240649209024,4.777610335512827,-0.7904690912686076,1.0139985113528909
44.0,185.0,143.72531127929688,-1.0317004138641377,2.682183687751774,-4.920575565185636,-4.976968741121176,-2.497690807048704,1.340770310778046,-0.5388134507454012,4.777612033887863,-0.7904699966920834,1.0140066272518036
44.0,185.0,143.7252960205078,-1.0316916676361747,2.6821872104209623,-4.920574904230483,-4.976955644879198,-2.4976831571850178,1.3407777782132149,-0.5388237122744632,4.777607204327754,-0.7904727826269147,1.0139967757065582
44.0,185.0,143.72531127929688,-1.0316898216204555,2.6821908214865484,-4.920578343088036,-4.976963584083215,-2.497682048727458,1.3407784214105591,-0.5388231390282519,4.777608109485566,-0.7904709007078576,1.0139983163183297
44.0,185.0,143.72531127929688,-1.0316937991313728,2.682191243189052,-4.9205746711706775,-4.976969672589764,-2.497685650401851,1.3407738005863106,-0.5388199298747143,4.777611789185771,-0.7904703002796758,1.0140040495748046
44.0,185.0,143.7252960205078,-1.0316913015322378,2.6821823425629807,-4.920575164381728,-4.976957447409216,-2.4976832427982405,1.340776237692979,-0.5388197551710947,4.777607424766337,-0.7904705821582239,1.0139975729007975
44.0,185.0,143.7252960205078,-1.0316932667752092,2.6821818519298564,-4.920574677996931,-4.976963259784547,-2.497686771268833,1.340773129050044,-0.5388195721431099,4.777610543077556,-0.7904714482580841,1.0140005985558496
44.0,185.0,143.7252960205078,-1.0316954164991516,2.682192064951786,-4.9205741456608525,-4.9769556205615215,-2.497683442554837,1.3407776597500076,-0.5388230333237747,4.777608751801974,-0.7904703234842003,1.013997943476305
44.0,185.0,143.7252960205078,-1.0316947730179344,2.682192359802279,-4.9205735808651365,-4.976961905480454,-2.497682126390876,1.34077726579073,-0.5388206146042096,4.7776071448859785,-0.7904697641324461,1.014000190656307
44.0,185.0,143.72531127929688,-1.0316950041024913,2.6821858782957184,-4.92057821477278,-4.976962818669412,-2.497690292902303,1.3407734812928718,-0.5388179430991249,4.777611970446767,-0.7904719392515895,1.0140009840494857
44.0,185.0,143.72531127929688,-1.0316867410260615,2.682197651826397,-4.920575010337632,-4.976971048402534,-2.4976798888510747,1.3407763072552423,-0.538823160474764,4.777610402042187,-0.7904669675263403,1.0140000859469662
44.0,185.0,143.72531127929688,-1.0316929574873916,2.6821974945960045,-4.920572349187855,-4.97696046634251,-2.497679770047227,1.3407740393646943,-0.5388236062161482,4.777609541383395,-0.7904681329048007,1.0139989990334382
44.0,185.0,143.7252960205078,-1.0316913190618706,2.682185437450242,-4.9205761233333645,-4.976969277007392,-2.4976838443958425,1.3407719113767458,-0.5388207021967535,4.77761285161305,-0.7904687827457799,1.0140007688675947
44.0,185.0,143.7252960205078,-1.03169249584586,2.682185999207297,-4.920572504509611,-4.976969065739978,-2.497687161823132,1.340772696821376,-0.5388189260409124,4.777613230079693,-0.7904699181677879,1.0140015213634328
44.0,185.0,143.72531127929688,-1.0316935947287265,2.68219366407984,-4.92057271679634,-4.976954715058217,-2.497679661571458,1.3407791486924037,-0.5388220061276128,4.777606982076177,-0.7904709164820449,1.0139961996141675
44.0,185.0,143.72531127929688,-1.0317043958763712,2.6821851767908456,-4.92057136320634,-4.976962958208225,-2.497693291120286,1.3407735652661614,-0.5388153391531647,4.777612007605264,-0.7904700632585069,1.0140056227384653
44.0,185.0,143.72531127929688,-1.031689738304502,2.682186231708215,-4.92057822873358,-4.976963968411647,-2.4976833081361898,1.340777673342842,-0.5388204781620365,4.777608154790334,-0.7904700316644355,1.0139980352324338
44.0,185.0,143.72531127929688,-1.031698672121922,2.6821921515924485,-4.920573188854023,-4.976963362335448,-2.4976838068515472,1.340774050504681,-0.5388192067624828,4.77760876160249,-0.7904686742764229,1.0140024945456911
44.0,185.0,143.72531127929688,-1.031693199982056,2.682188698530981,-4.920570951034506,-4.976961475531279,-2.497686477950793,1.3407751730126003,-0.5388222915667917,4.7776098109149,-0.7904717089613182,1.0140006183235108
44.0,185.0,143.7252960205078,-1.0316867374149297,2.682185311046588,-4.920579569595871,-4.976959946546223,-2.497674485486974,1.340777324285333,-0.5388246258617908,4.777607844447864,-0.7904694502090583,1.0139941386007454
44.0,185.0,143.72531127929688,-1.031697509044733,2.682185459802957,-4.920573392332557,-4.976963641788747,-2.497687303475049,1.3407712781578611,-0.5388187283936325,4.77761435017608,-0.7904714949900296,1.0140024526582785
44.0,185.0,143.72531127929688,-1.0316881881634608,2.6821885851662506,-4.920574055918602,-4.976961789200764,-2.497678078813367,1.3407735121780204,-0.5388227517029511,4.777610522417101,-0.7904683965723489,1.0139978501004263
44.0,185.0,143.7252960205078,-1.0316999844458945,2.682193653635231,-4.920574056958154,-4.976955764156165,-2.4976897921825736,1.3407754074915648,-0.5388169927977842,4.777606026161239,-0.7904712563537322,1.0140020904127267
44.0,185.0,143.7252960205078,-1.031694768427711,2.6821913701092885,-4.920575948851682,-4.976958918986753,-2.4976874936849343,1.3407772766028965,-0.5388208004440287,4.777609090345333,-0.7904723516156542,1.0140001691590106
44.0,185.0,143.72531127929688,-1.0316919637800703,2.682188318147311,-4.92057627650383,-4.976968572831154,-2.497682291782969,1.3407719028864094,-0.5388178408109665,4.777610526465537,-0.7904689398028157,1.0140020764587456
44.0,185.0,143.7252960205078,-1.0316941711655965,2.6821952696154323,-4.920569635712484,-4.976958661312617,-2.497682002099744,1.3407740824476155,-0.5388227306630267,4.77760822629136,-0.790468768609351,1.0140007348433355
44.0,185.0,143.72531127929688,-1.0316942857052966,2.6821930664396287,-4.920577733635086,-4.976965832259511,-2.4976791486904752,1.3407773415918225,-0.5388211623928107,4.777608062350096,-0.7904693069795812,1.0140002225083986
44.0,185.0,143.72531127929688,-1.0316912743067737,2.6821927672592043,-4.920573188474537,-4.976963027160572,-2.4976830571664363,1.340774551236028,-0.5388212862702755,4.77760815165669,-0.7904699725298281,1.0140008710179238
44.0,185.0,143.72531127929688,-1.0316961312817896,2.6821805111389,-4.920577425548393,-4.976967014265044,-2.4976854247988505,1.3407742489533885,-0.538816888181822,4.77761028632883,-0.7904708154122924,1.014002097117224
44.0,185.0,143.72531127929688,-1.0316922781325877,2.682187187255174,-4.920578172887099,-4.976963240495587,-2.4976815576146034,1.3407751772686716,-0.5388213407527527,4.777609565345852,-0.7904688599375262,1.0139977185222202
44.0,185.0,143.72531127929688,-1.031693311389927,2.682190295055872,-4.920573261414979,-4.97695815095577,-2.497686000523317,1.3407774193918236,-0.5388227049696583,4.777610258995535,-0.7904704958564732,1.013999994243453
44.0,186.0,143.72531127929688,-1.0316844657132207,2.68218849876202,-4.920576448848417,-4.976957937177495,-2.49767415442072,1.3407783525069092,-0.5388263013615227,4.77760820502686,-0.7904700002466551,1.013994088721862
44.0,186.0,143.72531127929688,-1.0316938289827775,2.6821950983029232,-4.920571481633964,-4.976961428043546,-2.497682093047999,1.3407766557333822,-0.5388200600825659,4.777606311390571,-0.7904688981478261,1.014000751673386
44.0,186.0,143.7252960205078,-1.031693888032725,2.682195654891045,-4.920572225951844,-4.976958982260769,-2.497683329194156,1.3407765390875168,-0.5388204688483702,4.777605027829718,-0.7904699237804209,1.0140020439894144
44.0,186.0,143.7252960205078,-1.0316902320550927,2.68219005445821,-4.920574492193087,-4.976971125085456,-2.49768788771921,1.3407732273291335,-0.5388205655299068,4.777614382157234,-0.7904684187300006,1.0140011993807647
44.0,186.0,143.72531127929688,-1.0316944348296682,2.6821900431133328,-4.92057444553975,-4.976963574461276,-2.497682700546844,1.340773633019814,-0.5388187217265452,4.777606303056963,-0.7904687807428088,1.0140015514258724
44.0,186.0,143.72531127929688,-1.0316918992580026,2.682193516859296,-4.920571796244475,-4.976960515307633,-2.497683893270218,1.34077569817965,-0.5388231601989837,4.777609195272705,-0.7904694434869892,1.0139999469388812
44.0,186.0,143.72531127929688,-1.0316959255109155,2.682190057234344,-4.920573809368356,-4.976962621791338,-2.497682051360921,1.340774725835062,-0.5388199976908847,4.777609255086968,-0.7904700231413768,1.0140019430833211
44.0,186.0,143.7252960205078,-1.031692612978452,2.6821967523598307,-4.920571178795496,-4.9769526453590816,-2.497684054501744,1.3407786999462354,-0.5388258674641193,4.777609136484374,-0.7904707689884161,1.013996780005872
44.0,186.0,143.72531127929688,-1.0316937787499365,2.6821934499532007,-4.920572709937625,-4.976960783415428,-2.4976838842624294,1.3407742889375962,-0.5388216235392171,4.777609966152896,-0.7904701498446123,1.0140005666866925
44.0,186.0,143.7252960205078,-1.031690818138582,2.6821898899499583,-4.920573903618879,-4.976960113611216,-2.49768245685394,1.3407763160756625,-0.5388222003485419,4.777609734825496,-0.7904701264888958,1.0139982926648496
44.0,186.0,143.72531127929688,-1.031693419166153,2.682191279990945,-4.920574869743535,-4.976964543274115,-2.4976837486603425,1.3407753807215457,-0.5388191758454708,4.77760933271453,-0.7904696913116851,1.0140013519504318
44.0,186.0,143.72531127929688,-1.031696926037883,2.682192775360796,-4.920575984846142,-4.976961007426924,-2.497686890016825,1.3407769830944432,-0.5388217895737126,4.777612052619736,-0.7904709372926435,1.0139996693740765
44.0,186.0,143.72531127929688,-1.0316938623763754,2.682186640375525,-4.9205769526095775,-4.976960772470014,-2.4976808243083704,1.340775558919609,-0.5388211013894253,4.777608244498193,-0.7904687312510461,1.013997606614935
44.0,186.0,143.7252960205078,-1.0316945167380895,2.682188783094164,-4.920571339237941,-4.97696165132557,-2.497684619931279,1.3407742598334282,-0.5388202190402271,4.777610915223923,-0.790469989592947,1.0140026862312492
44.0,186.0,143.72531127929688,-1.0316929251538962,2.6821864830651254,-4.920578523788607,-4.976959983522402,-2.497682148281415,1.340776877120776,-0.5388219785375288,4.777607250484735,-0.7904713206646994,1.013996691332708
44.0,186.0,143.72531127929688,-1.0316952401251367,2.6821845632772643,-4.920575627419989,-4.976956963864008,-2.4976843088484064,1.3407747392391345,-0.5388217216362321,4.777609652306488,-0.7904696235043946,1.0139976042239782
44.0,186.0,143.7252960205078,-1.031693355166554,2.6821819544363006,-4.920575276118402,-4.976961934837118,-2.497687708179956,1.3407749710464063,-0.5388196551580249,4.777608933656143,-0.7904706931727095,1.014000131948933
44.0,186.0,143.72531127929688,-1.0316959134373866,2.682189908861991,-4.920571050286634,-4.9769587457353,-2.4976845507762886,1.34077650779318,-0.5388227330521023,4.777610596840495,-0.7904700991368081,1.013999860299613
44.0,186.0,143.7252960205078,-1.0316989484570378,2.682186162811906,-4.920569117135253,-4.976960570246944,-2.4976911893338825,1.3407732390435605,-0.5388170641350811,4.77761075322106,-0.7904692513331515,1.0140032795909173
44.0,186.0,143.7252960205078,-1.0316898269821857,2.6821887499106465,-4.920571937159954,-4.976957864820192,-2.4976838835320123,1.3407783894587595,-0.538823789986143,4.777605372216554,-0.7904717360341351,1.0139973827008024
44.0,186.0,143.72531127929688,-1.0316951163966022,2.6821927505993948,-4.920573029876471,-4.9769637830559965,-2.4976862137408924,1.3407758148285955,-0.5388228894376894,4.777611627664863,-0.7904709358355104,1.014000980742411
44.0,186.0,143.72531127929688,-1.0316925767939655,2.6821822388392373,-4.920577321598568,-4.976965500182096,-2.4976884671870447,1.340772519643223,-0.5388188414162309,4.777609748006702,-0.7904709650649941,1.0140015895872605
44.0,186.0,143.7252960205078,-1.0316945067834684,2.682195129283606,-4.920574581301811,-4.976963621512189,-2.497682342956296,1.340776275214691,-0.5388204690792104,4.77760805584993,-0.7904689937375711,1.014001793805881
44.0,186.0,143.7252960205078,-1.0317015870743511,2.682197929738172,-4.920573385198078,-4.976958042708535,-2.4976917679873214,1.340779159292426,-0.5388188829527509,4.777606639652079,-0.790470882579065,1.0140022742138337
44.0,186.0,143.72531127929688,-1.0316955773891818,2.682186263597881,-4.920573554606975,-4.976964604260231,-2.497685627393913,1.3407724512513477,-0.5388205841752702,4.777611129619302,-0.7904703615510291,1.014000159582614
44.0,186.0,143.72531127929688,-1.031694708034534,2.682187774647025,-4.920573567255761,-4.976966412174993,-2.497683120772405,1.3407725616278263,-0.5388201128347037,4.777611784141843,-0.7904693501737299,1.0140010886746884
44.0,186.0,143.72531127929688,-1.031693078622948,2.682188503892484,-4.920574029635446,-4.976955060323618,-2.497680852905063,1.3407775152894563,-0.5388242256422,4.777608521130322,-0.7904709671132757,1.0139965887484168
44.0,186.0,143.7252960205078,-1.0316940800301917,2.6821838211581017,-4.920579819141803,-4.976965068523914,-2.497687031168109,1.340776602530214,-0.538818502128807,4.777611195793035,-0.7904701774999721,1.0140000989757425
44.0,186.0,143.72531127929688,-1.0316944601316944,2.6821876507689444,-4.920575672781737,-4.9769642116096495,-2.4976849012433746,1.340774758366054,-0.5388217108363405,4.77760963729634,-0.7904701604475441,1.0140019887044227
44.0,186.0,143.72531127929688,-1.0316931905905613,2.682190627331077,-4.920573539036518,-4.976962146477704,-2.4976847076990305,1.3407762206654097,-0.538821212395268,4.777610876094862,-0.7904711653160081,1.0140017998756354
44.0,186.0,143.72531127929688,-1.0316905199720754,2.6821767600305115,-4.920577426891045,-4.9769690333127,-2.497679443836716,1.3407738555051676,-0.5388210653700778,4.77761385005998,-0.7904689004139147,1.013997742603876
44.0,186.0,143.7252960205078,-1.0316860528277254,2.682190477144001,-4.920576204371766,-4.976967036207596,-2.497678130458917,1.3407779534639197,-0.5388254988558314,4.777611057390965,-0.7904682720164766,1.0139966268981515
44.0,186.0,143.72531127929688,-1.0316961603362684,2.682192114684719,-4.920574689278206,-4.976961531582347,-2.4976898863579104,1.3407747429683727,-0.5388198928106025,4.777612091829459,-0.7904702825384211,1.0140024033678134
44.0,186.0,143.72531127929688,-1.0316978233654035,2.68219230927979,-4.92057387831108,-4.9769651356931535,-2.497691618159976,1.340773157768533,-0.5388194360544158,4.777610574488456,-0.7904697130697418,1.0140046480401068
44.0,186.0,143.7252960205078,-1.031692904683612,2.682198915139219,-4.920567386829704,-4.9769573638526925,-2.4976804846224527,1.3407758899758218,-0.5388243774126167,4.77760880164676,-0.7904694824791578,1.0140010373917852
44.0,186.0,143.7252960205078,-1.0316901966243126,2.6821866402069494,-4.92057559709229,-4.976963759912648,-2.4976853621317647,1.340772272402452,-0.5388205641750821,4.777610911922865,-0.7904703501340551,1.0140007679082972
44.0,186.0,143.72531127929688,-1.0316945829074204,2.68218986110302,-4.920573403130138,-4.976957094798454,-2.4976828646237936,1.340774863242319,-0.538822279189648,4.777608611210212,-0.7904702234252268,1.0139982246945234
44.0,186.0,143.72531127929688,-1.0316911301483571,2.682189251669824,-4.920575124784876,-4.976961973187638,-2.4976830621395365,1.3407750897152146,-0.5388231455004622,4.777611481116068,-0.7904697607392288,1.0139979346109742
44.0,186.0,143.72531127929688,-1.0316976476408637,2.6821862858530467,-4.920583031818391,-4.976962886777497,-2.4976892152356505,1.3407747406394843,-0.538818371245517,4.777608110789229,-0.7904715667550413,1.0140025915675643
44.0,186.0,143.72531127929688,-1.0316960027358792,2.682187236213664,-4.920575069341782,-4.976961150401476,-2.497687172211968,1.3407761715309876,-0.5388193619880344,4.77760789050793,-0.7904717011287152,1.0140007370767536
44.0,186.0,143.72531127929688,-1.0316961545006675,2.682187600495221,-4.92057426534234,-4.976960139374184,-2.4976825245117293,1.340775063325767,-0.5388211728861076,4.777609558758652,-0.7904687826382295,1.0139988097768455
44.0,186.0,143.72531127929688,-1.0316909097075082,2.682186431892619,-4.920575494726019,-4.976967561316182,-2.4976817863380365,1.3407739051179224,-0.538821342774308,4.7776128504039015,-0.7904701350509491,1.014000680695334
44.0,186.0,143.72531127929688,-1.031698167031005,2.6821898949808247,-4.920573708508275,-4.976964518035694,-2.497693010319571,1.3407719958749589,-0.5388166269434658,4.777610816945108,-0.7904718175334144,1.014006744248812
44.0,186.0,143.72531127929688,-1.0316934968724705,2.682188703120202,-4.920576678038201,-4.976963740253066,-2.4976830908592214,1.340775193467188,-0.5388194388730074,4.77761004020865,-0.7904693819197046,1.0139997388207247
44.0,186.0,143.72531127929688,-1.0316919977852068,2.682186560012985,-4.92057469242794,-4.976965127869086,-2.497683365870492,1.3407741708277865,-0.538820292193547,4.777610597741013,-0.7904690706747273,1.0140009412803597
44.0,186.0,143.7252960205078,-1.0316943432064605,2.6821875744120494,-4.920570427311732,-4.976958286083658,-2.497687736307181,1.3407769201323507,-0.5388193172199616,4.777610653601888,-0.7904697377512537,1.0140021997954962
44.0,186.0,143.72531127929688,-1.031692899191739,2.6821848909503494,-4.920575371232167,-4.976962908150422,-2.49768696316182,1.3407749589170257,-0.5388193878540584,4.777614164566538,-0.7904717374825614,1.0140001417599145
44.0,186.0,143.7252960205078,-1.0316931739719442,2.682192775831796,-4.920570790661479,-4.976959858566358,-2.497686957896446,1.3407744747349106,-0.5388207619923593,4.777609497116945,-0.7904710300284226,1.0140011171987116
44.0,186.0,143.72531127929688,-1.031695053036901,2.682186136747103,-4.920577207098516,-4.976965533797439,-2.4976831298928786,1.340771059032365,-0.5388190871936906,4.77761202428619,-0.7904704546620858,1.0140031095611244
44.0,186.0,143.72531127929688,-1.031689619147775,2.6821930380623265,-4.920571488469629,-4.976956657577988,-2.4976827509015087,1.3407755654843942,-0.5388242760437159,4.777607746153091,-0.7904693957210691,1.013996419772453
44.0,187.0,143.72531127929688,-1.031693766340596,2.6821884061032844,-4.920568421643426,-4.976959111293892,-2.497690156898733,1.3407747169476885,-0.5388201788773959,4.777611454501308,-0.7904713948174571,1.014002836598373
44.0,187.0,143.72531127929688,-1.0316941260119843,2.6821891032741743,-4.920572821396866,-4.976961801446437,-2.497686381138994,1.3407764992611335,-0.5388201234213321,4.777609266785674,-0.7904698026588459,1.0140007731892675
44.0,187.0,143.72531127929688,-1.0316930323410034,2.682195084186328,-4.920573467073451,-4.976961677339515,-2.497684490096151,1.3407758231215725,-0.5388219275960227,4.777607871152133,-0.7904692127680883,1.014001561846582
44.0,187.0,143.72531127929688,-1.0316946850811122,2.682189593497543,-4.920574477548765,-4.976961901816436,-2.4976863086924537,1.3407730645814286,-0.5388210891067367,4.777611483647727,-0.7904691319661019,1.0140007615774742
44.0,187.0,143.7252960205078,-1.031688992254871,2.6821872030229734,-4.920570007475033,-4.9769645967956775,-2.4976859128201205,1.3407749212666396,-0.5388234991020493,4.777612996566921,-0.7904710447019863,1.0140008882401457
44.0,187.0,143.7252960205078,-1.0316921344208878,2.6821912936927417,-4.920571860000161,-4.976958208101584,-2.4976848934824853,1.340777615167605,-0.5388226387470327,4.777606003147612,-0.7904693410350134,1.013997370504983
44.0,187.0,143.72531127929688,-1.0316855289447968,2.682191301407576,-4.920573822532977,-4.976959776679085,-2.4976826692916685,1.3407783081675788,-0.5388252544637817,4.777609777048111,-0.7904693792319097,1.013996893760277
44.0,187.0,143.72531127929688,-1.0316941192342697,2.682184106641764,-4.9205782430920655,-4.976965584973317,-2.497686222529061,1.3407754536644614,-0.5388191895727692,4.777611118288288,-0.7904708901060511,1.0140014345955295
44.0,187.0,143.7252960205078,-1.0316871692434262,2.6821908705744573,-4.920575955050123,-4.976965972217555,-2.4976797040706247,1.340777603079932,-0.5388247333886431,4.7776109902981965,-0.7904699274473561,1.0139976447718535
44.0,187.0,143.72531127929688,-1.0316951000111612,2.682193947276131,-4.9205688215011625,-4.976961553287043,-2.497688291080145,1.3407748566979176,-0.5388207583437152,4.777608057803255,-0.7904702917723219,1.0140020965892758
44.0,187.0,143.72531127929688,-1.0316868437788544,2.68218946693639,-4.920576329284467,-4.976959725636705,-2.497681845832833,1.3407793363339309,-0.5388236949651706,4.7776082502667485,-0.7904706203824112,1.0139984764188252
44.0,187.0,143.7252960205078,-1.031691114986094,2.682187472670061,-4.920576053893527,-4.976960259590491,-2.4976832318871294,1.3407762126817735,-0.5388204214128534,4.777608258713995,-0.7904694901007163,1.0139983955093594
44.0,187.0,143.72531127929688,-1.0316902133061348,2.682188643488796,-4.920576457652984,-4.976959919839998,-2.497678000539068,1.340778163008851,-0.5388225823118749,4.7776081790858935,-0.7904695064349561,1.0139970411584818
44.0,187.0,143.7252960205078,-1.0316830045435523,2.6821939666077546,-4.920569262629274,-4.976957411916274,-2.4976721704142046,1.3407815817158912,-0.538829265520314,4.777605435611456,-0.7904682238538427,1.0139932894277326
44.0,187.0,143.72531127929688,-1.0316924130778773,2.682190619073265,-4.920571153037203,-4.976962821198698,-2.4976822365467166,1.3407756500000243,-0.5388229526304382,4.7776096648274535,-0.7904691471977401,1.0139994775144745
44.0,187.0,143.72531127929688,-1.0316927881515374,2.682188904015409,-4.920575962819553,-4.97695754656898,-2.4976842981499288,1.3407769381507553,-0.5388215517814476,4.7776082937983055,-0.7904702255937739,1.013998711984306
44.0,187.0,143.7252960205078,-1.0316929750253974,2.682192222250171,-4.920573457804779,-4.97695787999616,-2.497681672689059,1.3407778598024258,-0.5388232020585395,4.777607786439214,-0.7904690252858533,1.0139993504283105
44.0,187.0,143.7252960205078,-1.031697044719872,2.682189194106943,-4.920573615099356,-4.976961261146285,-2.497682428387365,1.340775165621119,-0.5388180081455909,4.777606516116874,-0.7904690202313454,1.014000551623666
44.0,187.0,143.7252960205078,-1.0316954544412935,2.682185919226608,-4.920577161788439,-4.976966273796835,-2.497687284974842,1.340774647640096,-0.5388181755033905,4.777611221352814,-0.7904691318998127,1.0140021772453736
44.0,187.0,143.72531127929688,-1.0316918357490097,2.6821937650586456,-4.920573487978668,-4.976961014974506,-2.497683566015028,1.340777744202617,-0.5388200732211157,4.777606818678107,-0.7904678513901437,1.0139989456976846
44.0,187.0,143.72531127929688,-1.0316987674053375,2.68218721402539,-4.920568533304547,-4.976961290659355,-2.4976935050833027,1.340769254974509,-0.5388170654575939,4.777612127500685,-0.7904705222284463,1.0140047152697935
44.0,187.0,143.72531127929688,-1.0316918911085593,2.682190560753974,-4.920573761069236,-4.976960953287325,-2.497683775851775,1.3407784248461416,-0.5388223547958235,4.777611013959231,-0.7904697924069541,1.0140000660488582
44.0,187.0,143.72531127929688,-1.0316902999702582,2.6821909899911507,-4.920574280139796,-4.976960250307643,-2.4976820644036635,1.3407790817694396,-0.5388250446012073,4.777608451196318,-0.7904708965191647,1.0139970873978532
44.0,187.0,143.7252960205078,-1.03168986597034,2.682189345294458,-4.920569715902353,-4.976962823037983,-2.4976824665635085,1.3407733940745237,-0.5388243001642898,4.777612695284999,-0.7904684776089708,1.0139987482947053
44.0,187.0,143.72531127929688,-1.031690698640213,2.682192290183192,-4.920570862617622,-4.97695445604912,-2.497685599493804,1.3407809551121304,-0.5388218931835098,4.777607444464291,-0.7904716246983643,1.0139989797977016
44.0,187.0,143.7252960205078,-1.0316888112145577,2.682192125443726,-4.920577105104353,-4.976960020405724,-2.4976819740112,1.3407781134568744,-0.5388233143344454,4.777608929175512,-0.7904702540011126,1.0139981530835538
44.0,187.0,143.7252960205078,-1.0316933727773003,2.6821953601690165,-4.920564492681566,-4.976962161134853,-2.4976836289534567,1.3407771057919948,-0.538822715876643,4.777606926590877,-0.790469949361599,1.0140023597328405
44.0,187.0,143.7252960205078,-1.0316913144579098,2.68218816959151,-4.920572238074169,-4.976959409189111,-2.497681739707349,1.3407781577734426,-0.5388213354643803,4.777607914945,-0.7904700826982438,1.0139980864205853
44.0,187.0,143.7252960205078,-1.031694699659786,2.6821865575809545,-4.920575413305256,-4.976960922541588,-2.497687603673005,1.340774589734275,-0.538821827062983,4.777612982420422,-0.7904711779538536,1.0139981362138064
44.0,187.0,143.7252960205078,-1.0316851612106386,2.6821931097892886,-4.92057418668572,-4.976956715547128,-2.497676436375716,1.3407794081404385,-0.5388284208715195,4.777605672540531,-0.7904699680841407,1.0139938197333844
44.0,187.0,143.72531127929688,-1.0317007775156553,2.682189908749232,-4.920575159691825,-4.976960457679632,-2.497692170531143,1.340773826591784,-0.5388163341426253,4.777611624501736,-0.7904704336824278,1.01400610215293
44.0,187.0,143.72531127929688,-1.0316943231252926,2.682190191745857,-4.920570774440461,-4.97696070134094,-2.497683404426954,1.340771939933969,-0.5388211926639039,4.7776083775115055,-0.7904690773844392,1.0140013082352652
44.0,187.0,143.7252960205078,-1.0316896740439914,2.6821872241670057,-4.920576177938724,-4.976964688073052,-2.497684294203844,1.3407740525951928,-0.538819444931292,4.777609257721107,-0.7904704136460685,1.0139998172700624
44.0,187.0,143.7252960205078,-1.0316957416080488,2.6821931055148056,-4.920569109247777,-4.976960153290229,-2.49769058444059,1.340772931547325,-0.5388203946513279,4.777611139824289,-0.7904697388566193,1.014001287001081
44.0,187.0,143.72531127929688,-1.0316960584246413,2.6821898879977466,-4.920573104824076,-4.976957402768484,-2.497686353627002,1.340776135078312,-0.5388216469170342,4.777607940890698,-0.7904708742176405,1.0140009457642227
44.0,187.0,143.7252960205078,-1.031697767835527,2.682188728796003,-4.920572021650831,-4.976966411109915,-2.497693028968582,1.3407722300107665,-0.5388142566741738,4.777611105113058,-0.7904696893866046,1.0140077498144766
44.0,187.0,143.7252960205078,-1.0316965651706376,2.682188307967726,-4.9205693100749786,-4.976963381664236,-2.4976868276148343,1.3407766192841883,-0.5388199328936025,4.777610581411903,-0.7904689146370751,1.014001520595099
44.0,187.0,143.7252960205078,-1.0316978796976768,2.682193221053569,-4.920566252410128,-4.976960013060043,-2.497690060438475,1.3407775206813852,-0.5388198277226532,4.777611169455831,-0.7904697817322006,1.0140037987209656
44.0,187.0,143.72531127929688,-1.0316866687294244,2.68218827381106,-4.920577124801043,-4.976960288390792,-2.4976777841842384,1.3407768198953829,-0.5388250641992638,4.777608286440117,-0.7904701666779133,1.0139956917281108
44.0,187.0,143.7252960205078,-1.0316949142296568,2.682190016085592,-4.920575706619749,-4.976963339614722,-2.497685810671996,1.340774346888045,-0.5388201586200818,4.7776112686427545,-0.7904703901869246,1.0140012293704643
44.0,187.0,143.72531127929688,-1.0316920058869257,2.682190355152006,-4.920569251096024,-4.976958587278377,-2.497686196548965,1.3407773123566304,-0.5388207907949738,4.777608061092426,-0.7904689581916795,1.0139996425316875
44.0,187.0,143.7252960205078,-1.0316900480631812,2.682185580528971,-4.920572390154774,-4.976961406482405,-2.4976885102463604,1.3407789657111628,-0.5388216649355124,4.777610771200925,-0.790470539090256,1.0139989458282557
44.0,187.0,143.7252960205078,-1.03169517583141,2.682188137297404,-4.920568307871707,-4.976955698329881,-2.4976831626654903,1.340775212824851,-0.5388224410745792,4.777608225590651,-0.7904706801438692,1.0139965438667875
44.0,187.0,143.72531127929688,-1.0316931752424496,2.68218701871949,-4.920573816100783,-4.976963340502683,-2.4976867231193345,1.340774134603878,-0.5388211606327236,4.777610298175993,-0.7904699158086714,1.0140007004050844
44.0,187.0,143.72531127929688,-1.0316893628871329,2.6821921076429067,-4.920574518080392,-4.976962526128996,-2.497682528352825,1.340775791986748,-0.5388231591892101,4.77761027709184,-0.790470365529587,1.013998384674628
44.0,187.0,143.7252960205078,-1.0316934985494552,2.6821880663320457,-4.920572768001043,-4.97696130597865,-2.497688914826624,1.3407762560119405,-0.5388210149902921,4.77761279173613,-0.7904700207709308,1.0140010522398333
44.0,187.0,143.7252960205078,-1.0317003299081935,2.68218333200299,-4.920574926430933,-4.976963818244842,-2.4976906424428686,1.340773177374449,-0.5388156825133583,4.777612550793442,-0.7904704829891873,1.0140036141858104
44.0,187.0,143.72531127929688,-1.03168733664471,2.682189918897368,-4.920572871709664,-4.976961900166131,-2.497680210294053,1.3407775024688533,-0.5388224345853558,4.777608215561827,-0.7904701923743822,1.0139984543545577
44.0,187.0,143.7252960205078,-1.031691993853419,2.682190957873924,-4.920575824236596,-4.976956360864733,-2.497686818899681,1.340776601703916,-0.5388242838255453,4.777609138050909,-0.7904725162082302,1.0139983683673854
44.0,187.0,143.7252960205078,-1.031691700112968,2.68218834751519,-4.920573036549367,-4.976966567526121,-2.4976840699012417,1.340774800892425,-0.5388219898344797,4.777609874487174,-0.7904693626380945,1.0139999554927055
44.0,188.0,143.7252960205078,-1.031690825773715,2.682191664564572,-4.920575101797634,-4.976963165250394,-2.497680650964316,1.340776556086757,-0.5388223741103513,4.777607673840754,-0.790469807219961,1.0139978974580242
44.0,188.0,143.7252960205078,-1.031687595543148,2.682193314912644,-4.92057236073896,-4.976958194300366,-2.497678545796356,1.3407772208688753,-0.5388256970391723,4.777606209903759,-0.7904695143667331,1.0139956704166495
44.0,188.0,143.72531127929688,-1.031688178002942,2.682184651485146,-4.920572024593627,-4.976965537954682,-2.497681012782522,1.3407742803883638,-0.5388237673398919,4.777613341147024,-0.7904686244339363,1.013998742820604
44.0,188.0,143.72531127929688,-1.0316927526244326,2.6821928823352383,-4.920572643567609,-4.976961259798358,-2.4976842986800967,1.340775329182958,-0.5388217605360559,4.7776073933386325,-0.7904693969371861,1.0140009919148438
44.0,188.0,143.7252960205078,-1.0316899072797825,2.6821883170930514,-4.920575822095856,-4.976965659754043,-2.497680292818023,1.3407767177401064,-0.5388217956346599,4.777607656268225,-0.7904695646497846,1.0139985976246626
44.0,188.0,143.72531127929688,-1.0316883469033722,2.682194931538225,-4.920573225610643,-4.976958865636346,-2.497679166439051,1.3407788467901265,-0.5388244922078975,4.777607485624369,-0.7904690091221962,1.01399599619688
44.0,188.0,143.7252960205078,-1.0316937393806724,2.6821939055485,-4.920567977917624,-4.976970096672851,-2.497685977821049,1.340774178332639,-0.5388208853170315,4.7776105901298855,-0.7904665569228513,1.014004155888828
44.0,188.0,143.72531127929688,-1.0316875742941152,2.682191135370444,-4.920573465741115,-4.976955759665876,-2.4976763401117634,1.3407819413978528,-0.538825227679359,4.777604086646173,-0.790470914182154,1.0139935640099509
44.0,188.0,143.72531127929688,-1.0316917153916263,2.6821817476769727,-4.920572881716028,-4.976971397004509,-2.497684984436756,1.340774323918371,-0.5388200651693555,4.777613045567096,-0.7904692881048536,1.0140018372021364
44.0,188.0,143.72531127929688,-1.0316934146732262,2.6821933356108927,-4.920573532810659,-4.976959895880313,-2.497683598398038,1.3407764846336594,-0.538821361026379,4.777609747436287,-0.7904702050231069,1.013999381853815
44.0,188.0,143.72531127929688,-1.0316909188434398,2.682190131560514,-4.920567845066107,-4.976965627343069,-2.4976823817978007,1.3407774994680215,-0.5388236085992908,4.77761017454128,-0.7904685800914484,1.0140005901609372
44.0,188.0,143.7252960205078,-1.0316861356399645,2.682192735472676,-4.920571457983075,-4.976958614181368,-2.49767547890722,1.3407789722749357,-0.5388268338517399,4.77760745699123,-0.7904690558114105,1.0139966347088514
44.0,188.0,143.72531127929688,-1.031692867055796,2.682193740382384,-4.920567082460925,-4.976963077598716,-2.497687276182907,1.3407763132544763,-0.5388231877431524,4.777611542645344,-0.7904701329736694,1.0139988506561064
44.0,188.0,143.72531127929688,-1.0316987078429438,2.6821940652458345,-4.920568013844961,-4.976956011808532,-2.497689350139705,1.3407763445332508,-0.5388213148297734,4.777610679963969,-0.7904713021965035,1.014002282092462
44.0,188.0,143.7252960205078,-1.0316906585743355,2.6821855159527264,-4.920571236187523,-4.976961343133706,-2.497687970099432,1.3407774804714538,-0.5388229637424118,4.777610674054241,-0.7904710245440496,1.013998909005128
44.0,188.0,143.7252960205078,-1.031689166490655,2.682196482678761,-4.920573440375047,-4.976956310219537,-2.497683282423822,1.3407792118656578,-0.5388247124041969,4.777606241261717,-0.7904705484590515,1.0139977672778864
44.0,188.0,143.7252960205078,-1.0316893607847932,2.6821894384702745,-4.920571420589822,-4.976962450061138,-2.4976800835742403,1.340777299034408,-0.5388242967314891,4.777610799022934,-0.7904686003276833,1.0139969300092435
44.0,188.0,143.7252960205078,-1.031692481959225,2.6821886890195232,-4.920574779305906,-4.976964313981178,-2.497686556091037,1.340775016171461,-0.5388212881387666,4.777609579221073,-0.7904700952793968,1.0140003146028391
44.0,188.0,143.7252960205078,-1.0316932986895786,2.6821883635400976,-4.920574140364846,-4.9769596252801485,-2.4976856545959074,1.3407765496841435,-0.5388214257293011,4.777610785260487,-0.7904712301086985,1.0140011302188556
44.0,188.0,143.72531127929688,-1.0316893017777504,2.682191476738909,-4.920570820533886,-4.976960016315818,-2.497683653239249,1.3407767812078977,-0.5388254912107993,4.777611981250686,-0.7904697243148959,1.0139984681312448
44.0,188.0,143.7252960205078,-1.0316866300022367,2.682189627688848,-4.920577170861316,-4.976961601723119,-2.4976822132547616,1.3407776747610836,-0.5388216528133736,4.777605886792175,-0.7904693756943306,1.0139977466964725
44.0,188.0,143.72531127929688,-1.0317009274858102,2.682187419022584,-4.920578217342597,-4.976961686703708,-2.497692149149154,1.3407748273273672,-0.538816920319503,4.777610517176429,-0.7904706940930337,1.0140025697549646
44.0,188.0,143.7252960205078,-1.0316916056063636,2.682193831425536,-4.920572101832629,-4.97696083598728,-2.4976819941346227,1.3407765132861904,-0.5388230562527117,4.777607764530456,-0.7904690823121605,1.0140006906246066
44.0,188.0,143.7252960205078,-1.031687670407587,2.6821866159713315,-4.920573307731769,-4.976969319235691,-2.497680210865782,1.3407762770139575,-0.5388214846444583,4.777610123973647,-0.7904688683596293,1.0139998516649351
44.0,188.0,143.72531127929688,-1.031691740767112,2.682190385215626,-4.920575319575328,-4.976959660644476,-2.49768446642408,1.3407785618293735,-0.5388211234697824,4.777604332562879,-0.790470273174261,1.0139989755607175
44.0,188.0,143.72531127929688,-1.0316935073772866,2.682187469142648,-4.920571894945168,-4.976958534465397,-2.4976839880030948,1.3407760177646546,-0.5388219642576084,4.7776073625875455,-0.7904704504679074,1.0139964188037125
44.0,188.0,143.72531127929688,-1.0316917536252117,2.682187584206538,-4.920576596213594,-4.976963211527277,-2.4976861334704337,1.3407733399078996,-0.5388211860224823,4.777610429451185,-0.7904702237179784,1.0140004140434744
44.0,188.0,143.72531127929688,-1.0316884780229767,2.682191834891703,-4.920574146654193,-4.976955877210215,-2.497677631752999,1.340778748785528,-0.5388250641683987,4.777605756436126,-0.7904691585784853,1.0139954319506526
44.0,188.0,143.72531127929688,-1.031692375307323,2.6821898598191884,-4.920573343629242,-4.976959751746099,-2.4976843623661504,1.340775253383713,-0.5388234409571737,4.777608564452709,-0.7904704401388027,1.0139987328438114
44.0,188.0,143.72531127929688,-1.0316917280514435,2.682193246957568,-4.920574486693922,-4.976959316721704,-2.497681957267901,1.340777649859156,-0.5388220511104524,4.77760460096219,-0.7904694403408028,1.0139985728129035
44.0,188.0,143.7252960205078,-1.031694888048731,2.6821911238613225,-4.920573376333965,-4.97696165603403,-2.4976889566336875,1.3407741177648005,-0.5388216842681706,4.777611310666819,-0.7904698455156156,1.0140026971099587
44.0,188.0,143.7252960205078,-1.0316882992139995,2.682194660528512,-4.920567613084611,-4.976960949067796,-2.497679942169761,1.3407767417040128,-0.5388253834557144,4.777609685490134,-0.7904674385417234,1.0139975388929106
44.0,188.0,143.72531127929688,-1.0316934325934397,2.6821888374173453,-4.920574418559501,-4.976957896976161,-2.497682576769802,1.3407774112848596,-0.5388228399980521,4.777608421127779,-0.7904691394411758,1.0139979345867527
44.0,188.0,143.72531127929688,-1.0316909901418874,2.682190127674488,-4.920577670413193,-4.97696407820997,-2.497684502143572,1.3407753782898926,-0.5388223088570143,4.777607842641215,-0.7904703215433004,1.0140001348709662
44.0,188.0,143.72531127929688,-1.0316914786929292,2.682201803064964,-4.920567055488358,-4.976956843875618,-2.4976785344229184,1.340779612741681,-0.5388277658921359,4.777607102595178,-0.7904680865888141,1.0139972754492996
44.0,188.0,143.7252960205078,-1.031692502716275,2.6821893860724604,-4.920574040605081,-4.976960991172818,-2.497682840391591,1.3407757765822037,-0.5388218288763946,4.777608800504815,-0.790469698731191,1.0139981716939852
44.0,188.0,143.72531127929688,-1.0316924490124355,2.682189666591686,-4.920573838375134,-4.976961263288973,-2.4976866454044915,1.340777209853789,-0.538824056253258,4.777609773114936,-0.7904705464883026,1.0139972432910405
44.0,188.0,143.7252960205078,-1.0316928251689943,2.682191464586189,-4.920571940578284,-4.976956601081599,-2.4976812158923294,1.3407775194116134,-0.5388235919569082,4.777607327778965,-0.7904700935985591,1.0139976695487594
44.0,188.0,143.72531127929688,-1.0316878508578582,2.682195416451558,-4.920570210405575,-4.976956811602021,-2.497674578978636,1.3407777727516388,-0.5388291543681891,4.777606400029166,-0.7904699452556487,1.0139948889966242
44.0,188.0,143.7252960205078,-1.0316877472811052,2.682186094179997,-4.920575522609376,-4.976961342979681,-2.497682707690816,1.3407790113899851,-0.5388241989235052,4.777610165785383,-0.7904704599520027,1.0139952009387745
44.0,188.0,143.72531127929688,-1.0316989834034187,2.682186656633858,-4.920573200565501,-4.976959397664325,-2.497691255024425,1.34077592143219,-0.5388162499513784,4.777608881708719,-0.7904706242394068,1.0140012503028686
44.0,188.0,143.7252960205078,-1.0316910816896412,2.682185997411654,-4.920571914691164,-4.97696044002135,-2.497682087109795,1.3407746052148417,-0.5388218633527568,4.777609048400333,-0.7904703348886315,1.0139982850442977
44.0,188.0,143.7252960205078,-1.03169315829498,2.6821949560158096,-4.920572603505768,-4.976959660771337,-2.497683355930734,1.3407775146792709,-0.538822867205182,4.777607182115181,-0.7904691931296268,1.0139995954838206
44.0,188.0,143.7252960205078,-1.031693139271244,2.682191669743452,-4.920573382604573,-4.9769666662578,-2.4976849465489472,1.3407729311804495,-0.5388225045246662,4.777614615343095,-0.7904696624925487,1.014002574329588
44.0,188.0,143.72531127929688,-1.0316929078324293,2.6821935558756884,-4.920571529318414,-4.976960724804739,-2.497682473869486,1.3407774707273044,-0.5388238537862398,4.777606716943222,-0.7904692884315363,1.0139999698291025
44.0,188.0,143.72531127929688,-1.0316899582307606,2.6821943199292644,-4.920565863905368,-4.976966070781978,-2.497680969221258,1.3407750558234133,-0.538824078326364,4.777611494337124,-0.7904673435086069,1.0139998975494784
44.0,188.0,143.72531127929688,-1.0316905161713,2.682183411082111,-4.920573799416811,-4.976963832454932,-2.497678099802674,1.3407766088411872,-0.5388231581325487,4.777609935564227,-0.7904698950426559,1.0139962613472484
44.0,188.0,143.72531127929688,-1.031689820613551,2.6821934935118943,-4.920568770677374,-4.976960903686669,-2.4976813801020814,1.3407773337470967,-0.5388254654524438,4.777609597243046,-0.7904694769452973,1.0139988997689109
44.0,188.0,143.7252960205078,-1.031689410066425,2.682192789404864,-4.920574018482602,-4.976958133803703,-2.4976784836345463,1.340777961577123,-0.5388260638291467,4.777607008062173,-0.7904698819511431,1.0139964738983274
44.0,188.0,143.7252960205078,-1.0316884639414383,2.682189643051613,-4.920571699276423,-4.976954310745327,-2.4976796545711224,1.340780201243362,-0.5388251225424181,4.777605895341022,-0.7904707416766641,1.01399438941659
44.0,189.0,143.72531127929688,-1.0316929583168857,2.68218544701414,-4.920575670335987,-4.976961796777478,-2.49768476897324,1.340774256115111,-0.5388210664444255,4.777610476227986,-0.7904702866769755,1.013998464183409
44.0,189.0,143.72531127929688,-1.0316902260331289,2.682188258399026,-4.920578866869609,-4.976964510783221,-2.4976821681128363,1.340776484671803,-0.5388221259005874,4.777609750001954,-0.7904698501968177,1.0139984500627977
44.0,189.0,143.72531127929688,-1.0316892800270598,2.6821878209423744,-4.920572132346879,-4.976966556910703,-2.4976824685882164,1.34077584526739,-0.5388230335650874,4.777612221154163,-0.7904689872137753,1.0139997338632325
44.0,189.0,143.7252960205078,-1.0316901419805815,2.682191874486538,-4.9205708265604,-4.976958820097112,-2.4976807881081053,1.3407791112342782,-0.538823841225339,4.777605165728687,-0.7904693308433961,1.0139959888267374
44.0,189.0,143.72531127929688,-1.0316895875143532,2.6821888479352127,-4.9205721466586585,-4.976960670202472,-2.497683825202503,1.3407774509170611,-0.5388226164308199,4.777609906646415,-0.7904695841099638,1.013998792774327
44.0,189.0,143.72531127929688,-1.0316937812905929,2.682192323551746,-4.920573767858095,-4.976966889400512,-2.497684966732997,1.3407751263185386,-0.5388210169502692,4.777612346306965,-0.7904687668176749,1.0140025277527425
44.0,189.0,143.7252960205078,-1.0316976786202914,2.682186880527542,-4.920574594104802,-4.976957311590603,-2.497688770802976,1.340773907057696,-0.5388176908447821,4.777608769432538,-0.7904717257701774,1.014001164412388
44.0,189.0,143.72531127929688,-1.0316927841195618,2.6821921592930087,-4.920569451921987,-4.976959719754366,-2.49768391379293,1.3407750659938171,-0.5388222375680378,4.777610185820906,-0.7904694253431988,1.014000143421839
44.0,189.0,143.72531127929688,-1.0316963464183182,2.6821929157829496,-4.920572344490873,-4.976963760765995,-2.497689588265326,1.3407735598164772,-0.5388197098727145,4.77761019976173,-0.7904693031901573,1.0140037802762532
44.0,189.0,143.7252960205078,-1.031692771050592,2.6821901952365232,-4.92057338614097,-4.976962727099398,-2.497684016384349,1.3407766628398117,-0.5388224485828355,4.777608644113734,-0.7904707393346513,1.013999320692892
44.0,189.0,143.72531127929688,-1.0316927995588103,2.682188719137369,-4.920570096254765,-4.9769588322068,-2.497685950308109,1.3407753963788505,-0.5388236086747975,4.777611743621604,-0.7904709387373652,1.0139993640928608
44.0,189.0,143.72531127929688,-1.031695028089501,2.682195648054689,-4.920573088636034,-4.9769589706114745,-2.4976875805972347,1.3407758739230422,-0.5388217455757545,4.777607964644272,-0.7904705516534198,1.014000976618668
44.0,189.0,143.7252960205078,-1.0316914708830414,2.6821863580345093,-4.920576658321587,-4.976962899796493,-2.497683258980043,1.3407735319094582,-0.5388206488259986,4.7776098029174,-0.7904686548498274,1.0139984720663635
44.0,189.0,143.7252960205078,-1.0316899702955378,2.682189467833606,-4.92057182027088,-4.976959916872519,-2.49768472103548,1.34077606398324,-0.5388247137062567,4.7776110174758415,-0.7904694797712297,1.0139986382634874
44.0,189.0,143.7252960205078,-1.0316887549605838,2.682187943258196,-4.920571701158006,-4.97696159941886,-2.497683270989131,1.3407740461525632,-0.5388225211857387,4.777611323550273,-0.7904699619421773,1.0139983172722236
44.0,189.0,143.7252960205078,-1.0316901896870911,2.682193313792504,-4.920573588227893,-4.976957956610304,-2.4976796675873523,1.3407758069277111,-0.5388255990625535,4.777606557587918,-0.7904702985528917,1.013996808015624
44.0,189.0,143.7252960205078,-1.0316944052750547,2.68219356811054,-4.920568475770367,-4.976962160907472,-2.4976817804406712,1.3407742844850832,-0.5388220522728631,4.777609901363782,-0.7904684707027716,1.0140000780268208
44.0,189.0,143.7252960205078,-1.0316893953206274,2.682191453967895,-4.920575037169669,-4.976955440573547,-2.4976821759252,1.3407799955346542,-0.5388251078625208,4.777607158232659,-0.7904719123245361,1.01399709036796
44.0,189.0,143.72531127929688,-1.0316916685195483,2.682190681913452,-4.920571428700293,-4.976957220577933,-2.497680948565113,1.340778520588774,-0.5388241194764518,4.777608324602909,-0.7904699643589339,1.0139975885622707
44.0,189.0,143.72531127929688,-1.031691622195638,2.682187716811482,-4.920576105934093,-4.976961460732317,-2.497683429091736,1.3407768479591304,-0.5388222241201852,4.777609582837176,-0.790470976537117,1.0139969448000574
44.0,189.0,143.72531127929688,-1.0316897206074414,2.682191534262285,-4.920572394156081,-4.976963312568439,-2.497680411999995,1.340775456747641,-0.5388252047530964,4.777610899441376,-0.790467937944566,1.013997995651696
44.0,189.0,143.72531127929688,-1.0316916426227656,2.682197289229596,-4.920572170632588,-4.976962775728094,-2.497681439419363,1.3407766209058505,-0.538823891431651,4.777609697544907,-0.7904687018445573,1.013999981832722
44.0,189.0,143.72531127929688,-1.0316880482440445,2.682186981552819,-4.92057384698395,-4.976964184938616,-2.49768207103118,1.3407762473954428,-0.538822723601875,4.777610195449508,-0.7904694032812687,1.013998400308747
44.0,189.0,143.72531127929688,-1.031690650531757,2.682189709109082,-4.920573086823556,-4.9769633442230985,-2.4976818230325315,1.3407748272960651,-0.5388230826970419,4.77760964026346,-0.7904695475570636,1.0139979297125548
44.0,189.0,143.72531127929688,-1.031698928303944,2.6821989577145846,-4.920571467702495,-4.976956151843786,-2.4976899360995435,1.3407771741449226,-0.5388205430997584,4.777607190920287,-0.7904704294598917,1.0140032683953295
44.0,189.0,143.7252960205078,-1.0316982968937816,2.682189602021986,-4.920572642341185,-4.976961546040871,-2.497687083492091,1.3407732677336446,-0.5388188637129065,4.777608569088409,-0.7904692738125938,1.0140023929287478
44.0,189.0,143.7252960205078,-1.0316902977368287,2.682193611698924,-4.920573999015744,-4.976958754777059,-2.4976773222460484,1.3407805727812248,-0.538823856370195,4.777605361822875,-0.790469633074447,1.0139960088743545
44.0,189.0,143.72531127929688,-1.031690971865307,2.6821943055772266,-4.92057097144428,-4.9769595569261575,-2.49767682163516,1.3407779810009002,-0.5388249193112662,4.777606680637756,-0.7904687599989515,1.0139962627073569
44.0,189.0,143.7252960205078,-1.031692942649141,2.682194821806597,-4.920570647916981,-4.9769622812182455,-2.4976820854858954,1.3407753743398363,-0.5388224048991219,4.777607504132561,-0.7904689895915364,1.014000821290728
44.0,189.0,143.72531127929688,-1.0316913508089218,2.682189705733572,-4.9205750661244165,-4.976962071754219,-2.4976833590583984,1.3407747639454008,-0.5388216584097485,4.77760968983484,-0.7904701865272825,1.0139995755242284
44.0,189.0,143.7252960205078,-1.0316928343608156,2.6821950704453883,-4.920571324533523,-4.976958538380587,-2.497680289934341,1.340778839833126,-0.538822643128114,4.777608757681636,-0.7904682844003474,1.0139986831467755
44.0,189.0,143.7252960205078,-1.0316869900155723,2.6821881751883705,-4.920575565161881,-4.97696271046456,-2.4976782378842803,1.3407762855782988,-0.5388242834533337,4.777608696846993,-0.7904698050840526,1.0139963918773152
44.0,189.0,143.72531127929688,-1.0316903387440055,2.682186348987975,-4.920575803694869,-4.976959702984986,-2.497680596504724,1.3407766773631042,-0.538823044061636,4.777610437737904,-0.7904700584490252,1.013996247734684
44.0,189.0,143.72531127929688,-1.0316942826367188,2.6821916662304908,-4.920572401703459,-4.976960616170761,-2.4976868447233618,1.3407765093725112,-0.5388219927172049,4.777609887735679,-0.7904701538326666,1.014000664689073
44.0,189.0,143.72531127929688,-1.031689490670416,2.6821930962710514,-4.920574370258068,-4.976956017214372,-2.497679993948545,1.34077715855023,-0.5388254764006639,4.777608271223766,-0.7904702796845129,1.0139966276268906
44.0,189.0,143.72531127929688,-1.0316919324731797,2.682191114314138,-4.920569038626723,-4.97695788766173,-2.49768355363516,1.3407773793992872,-0.5388236025361772,4.777607621698879,-0.7904700528144053,1.0139975294404362
44.0,189.0,143.7252960205078,-1.0316845568567148,2.6821907096167603,-4.92057418037316,-4.976964874108052,-2.497676767579696,1.3407775929008183,-0.538827578725213,4.777609269931858,-0.7904689094602304,1.0139953020720158
44.0,189.0,143.72531127929688,-1.0316885657117885,2.6821874071492005,-4.920573560051786,-4.976961543837293,-2.497679699367378,1.340776318711714,-0.5388242497900162,4.777610008255792,-0.7904697033990375,1.0139965497441192
44.0,189.0,143.7252960205078,-1.031690342561399,2.682195748875281,-4.920571305899366,-4.976961743468171,-2.4976788484028267,1.3407776735939851,-0.5388247630071517,4.777607233597514,-0.7904686648438668,1.0139982888598666
44.0,189.0,143.7252960205078,-1.0316880626779952,2.6821913666402626,-4.920571217994773,-4.976962274016129,-2.4976777475981256,1.3407779694306203,-0.5388236565732152,4.777606974317571,-0.7904674074821862,1.0139977746446718
44.0,189.0,143.7252960205078,-1.031691168984914,2.6821941015784674,-4.920571798802286,-4.976962847289905,-2.49767911566141,1.340775917894157,-0.5388233413967445,4.777608132507679,-0.7904691563081219,1.0139979786913544
44.0,189.0,143.72531127929688,-1.0316886479592062,2.6821936734701355,-4.920572186586405,-4.976964354436056,-2.4976792329919792,1.340775878156503,-0.5388255617435096,4.777609515155355,-0.7904689108797953,1.0139977022905151
44.0,189.0,143.7252960205078,-1.031688767432959,2.682193646540173,-4.92057441071925,-4.976956516143347,-2.497683252950024,1.3407784676099377,-0.5388247758473206,4.777607328396089,-0.7904715481946081,1.0139963513947403
44.0,189.0,143.72531127929688,-1.0316944732818685,2.682190233461448,-4.920572770659152,-4.976963233818084,-2.497688480925808,1.340774559963105,-0.5388201795892265,4.77761174533404,-0.7904702808681465,1.0140024398279053
44.0,189.0,143.72531127929688,-1.0316922645896185,2.682189758149887,-4.920573674133376,-4.97696072218046,-2.4976839429401743,1.3407760157596087,-0.5388220965814181,4.777607741613256,-0.7904693645524681,1.0139989532693878
44.0,189.0,143.7252960205078,-1.0316915459292535,2.682191042894792,-4.920574920425551,-4.976958006453017,-2.497680882522575,1.3407787909510418,-0.5388234923926696,4.777607369652676,-0.7904715365537509,1.0139979210565997
44.0,189.0,143.7252960205078,-1.031686625520499,2.682194214414242,-4.920575627519712,-4.976962334801811,-2.497677358533796,1.3407804187308772,-0.5388259941593576,4.777607771368697,-0.7904688109173632,1.013995743716027
44.0,189.0,143.72531127929688,-1.0316954110722487,2.682187263514278,-4.920571511697245,-4.976964999517442,-2.497688419835261,1.3407738355815102,-0.5388181776308079,4.77761060253351,-0.7904706429782289,1.014003085169298
44.0,189.0,143.7252960205078,-1.0316858462447942,2.6821880811674,-4.920576227448651,-4.976967700741745,-2.497678385553131,1.3407751019165255,-0.5388249671890888,4.777610913610836,-0.7904695783042968,1.0139972832077246
44.0,189.0,143.7252960205078,-1.031691556123631,2.6821928729990194,-4.920572797457619,-4.976958682087461,-2.4976852800819644,1.340778190140468,-0.5388240141854697,4.777609033614855,-0.7904701283800479,1.0139980239139597
44.0,190.0,143.72531127929688,-1.0316915495590795,2.682193334838062,-4.920571718649076,-4.976961845281277,-2.497681381404586,1.3407757470010973,-0.5388217071487924,4.777607585612595,-0.7904690702453205,1.0139992342472404
44.0,190.0,143.72531127929688,-1.031688599574498,2.6821926420627022,-4.920571216095733,-4.976964600525099,-2.497682279560272,1.340776538973082,-0.5388242223270501,4.777609287050575,-0.7904689364848725,1.013999013606285
44.0,190.0,143.7252960205078,-1.03169251360372,2.682191544316586,-4.920571679437781,-4.976961690326093,-2.497681314351447,1.34077510040132,-0.5388237211221423,4.777610541448736,-0.7904690647291401,1.0139987986070498
44.0,190.0,143.7252960205078,-1.0316889574526562,2.6821887547458543,-4.920577764124409,-4.976961776992017,-2.4976836051687434,1.340778389875048,-0.5388243972235998,4.777611237368793,-0.7904701515678889,1.0139968342142571
44.0,190.0,143.72531127929688,-1.0316901288404234,2.6821914195945427,-4.920573095698196,-4.976963712131766,-2.497682051711238,1.340774016416581,-0.5388251211182107,4.777613353213429,-0.7904693924959636,1.013999599521064
44.0,190.0,143.7252960205078,-1.0316887031177209,2.6821927987245875,-4.920572611373357,-4.97696521594663,-2.4976784318031218,1.3407770598960995,-0.5388249630213684,4.777610493248512,-0.7904686622102304,1.0139975700906927
44.0,190.0,143.72531127929688,-1.0316882059917698,2.6821887700371576,-4.920572327902419,-4.976968636511674,-2.4976813527576125,1.340773506756479,-0.5388232971548446,4.777612697786909,-0.790469292051017,1.0140009711427105
44.0,190.0,143.7252960205078,-1.0316908186052594,2.682192663492291,-4.9205734840404975,-4.976958704302153,-2.497679224309153,1.3407789736802729,-0.5388231548335378,4.777604995338821,-0.7904693905796298,1.013998125440125
44.0,190.0,143.72531127929688,-1.031693804601236,2.6821879525268955,-4.9205674609847785,-4.976964560967516,-2.4976830063455924,1.3407733230846262,-0.538819907070879,4.777610158751951,-0.7904676224216525,1.0140019570852878
44.0,190.0,143.7252960205078,-1.0316962433804266,2.6821889099685823,-4.920574061649009,-4.9769673041371805,-2.4976868028355064,1.3407713623647126,-0.53881774007945,4.777610635586827,-0.7904692309338497,1.0140048394377157
44.0,190.0,143.72531127929688,-1.0316916463029706,2.682193141384761,-4.920575540769727,-4.97696109075708,-2.497682391232709,1.3407770058765864,-0.5388230930049058,4.777608014276364,-0.7904704969778882,1.0140001184634917
44.0,190.0,143.7252960205078,-1.0316879914760433,2.682192282722209,-4.920569669626518,-4.976967326050593,-2.497680112110543,1.3407745195729168,-0.538824573025293,4.7776108227214245,-0.7904681921443668,1.0139990874980924
44.0,190.0,143.7252960205078,-1.0316938561427849,2.682189588790496,-4.9205719911348496,-4.976960701048991,-2.497684980288456,1.340775692984253,-0.5388210528398591,4.77760776373327,-0.7904697064292892,1.013999282158209
44.0,190.0,143.7252960205078,-1.0316871699849397,2.6821928724292032,-4.920573614115467,-4.97695446872761,-2.497675410434162,1.340779678273309,-0.5388264220926695,4.777604764386238,-0.7904692214565809,1.0139931572503604
44.0,190.0,143.72531127929688,-1.0316918246853328,2.6821907749205733,-4.920574824587171,-4.976956667658834,-2.4976806830524434,1.340778574441284,-0.5388219920939941,4.777606378603334,-0.7904711930554855,1.013997781195001
44.0,190.0,143.7252960205078,-1.0316916463059798,2.682190735499921,-4.920573818534844,-4.976959590690779,-2.4976832600386194,1.3407762757672828,-0.5388234146214854,4.777608192585079,-0.7904697290229423,1.0139983236837231
44.0,190.0,143.72531127929688,-1.0316897266891716,2.682192254801969,-4.920575811123155,-4.9769613317922685,-2.497680620566835,1.3407761768456092,-0.5388239966622601,4.777606369109078,-0.79046908706691,1.0139969552104038
44.0,190.0,143.72531127929688,-1.031694365336675,2.6821952002925595,-4.920568258635257,-4.976959468265864,-2.4976801946444227,1.3407773296724068,-0.5388219929556834,4.77760547526022,-0.7904685768172905,1.0139998775902803
44.0,190.0,143.72531127929688,-1.0316882955077498,2.682192262913613,-4.92057310322082,-4.976966583396608,-2.497679731117989,1.3407764244124536,-0.5388257187924967,4.777610250366822,-0.7904693112921031,1.013998394413013
44.0,190.0,143.72531127929688,-1.0316902515963575,2.6821917341276427,-4.920573676164443,-4.976959498735547,-2.497678115032118,1.3407775166173987,-0.5388246664047847,4.7776047581875645,-0.7904690318671923,1.0139961474821924
44.0,190.0,143.7252960205078,-1.0316932255844191,2.682187746419453,-4.920574726613326,-4.976961733198469,-2.4976853944764947,1.3407758045622256,-0.5388216571649522,4.77761040062712,-0.7904701386977298,1.013997965183874
44.0,190.0,143.72531127929688,-1.031690366077211,2.6821888685625286,-4.920576565701832,-4.976963527270092,-2.497682984010825,1.340775932900037,-0.5388210367829966,4.777611323384118,-0.790470401069097,1.0140001885392795
44.0,190.0,143.72531127929688,-1.0316906317324597,2.682191759453185,-4.920571211354598,-4.976961631798943,-2.497682368878368,1.3407787254827728,-0.5388249782363355,4.777608913755637,-0.7904695540443711,1.0139973521546182
44.0,190.0,143.72531127929688,-1.031694301579961,2.682187744906837,-4.920573025837245,-4.976965537057743,-2.497685171296112,1.3407738103853024,-0.5388177909517422,4.77760850857252,-0.7904683219815816,1.014001692925718
44.0,190.0,143.7252960205078,-1.0316893099159543,2.6821929945229783,-4.920573060345676,-4.9769620676935,-2.4976784912372847,1.340778713457599,-0.5388242673225445,4.777607280496655,-0.7904690907485605,1.0139964012148788
44.0,190.0,143.72531127929688,-1.031689481250292,2.6821972632084465,-4.92056861379243,-4.976955856645274,-2.49767502697666,1.3407817017763737,-0.5388261597218333,4.777605043411761,-0.7904686706459074,1.0139947226525496
44.0,190.0,143.7252960205078,-1.0316940674356774,2.682188287056998,-4.920574481256516,-4.976963799510829,-2.497688558423893,1.3407737604878642,-0.5388216045610781,4.777611437074496,-0.7904696600660719,1.0140011268302205
44.0,190.0,143.7252960205078,-1.0316879761904971,2.682187091725627,-4.920570892712124,-4.976962302459621,-2.4976798697847338,1.340776469584524,-0.5388225621094094,4.777605883671141,-0.7904691087452544,1.0139985999309928
44.0,190.0,143.7252960205078,-1.0316950916092842,2.682193197869057,-4.920573241266978,-4.97695830460372,-2.4976842982654524,1.340776614890336,-0.5388212751279173,4.777607610423141,-0.7904703010852829,1.0140001591262058
44.0,190.0,143.7252960205078,-1.0316886953556663,2.682195749815209,-4.920573521858374,-4.976961236645112,-2.497677806971378,1.340778083168174,-0.5388249862052295,4.777607011889518,-0.7904686815406361,1.0139961024012312
44.0,190.0,143.72531127929688,-1.0316884339882169,2.682191438902194,-4.920574415456566,-4.976963964783195,-2.497681178632485,1.340778508630435,-0.5388241729593721,4.777609187769446,-0.7904696852372126,1.0139980676870517
44.0,190.0,143.7252960205078,-1.031689888670253,2.6821924881558745,-4.92057214105069,-4.976960642202735,-2.4976823103967103,1.3407783835411742,-0.5388247352854982,4.777608750635736,-0.7904691878084051,1.0139979552142364
44.0,190.0,143.7252960205078,-1.031690292339147,2.682193903671416,-4.920575593483366,-4.976957771032233,-2.497680443978262,1.3407797963509402,-0.5388245923431692,4.777606371114421,-0.7904703504485528,1.013996091698866
44.0,190.0,143.72531127929688,-1.0316931359043786,2.6821931902608256,-4.920575473386074,-4.976961052044437,-2.497684477788825,1.3407775577325234,-0.5388221509338065,4.7776075251743215,-0.7904702176493084,1.0139998315149423
44.0,190.0,143.72531127929688,-1.0316876468319336,2.6821996387080125,-4.920570086609473,-4.976961139529383,-2.497678299568076,1.340778796087224,-0.5388270205259591,4.777606555609866,-0.7904682081509726,1.0139967631974791
44.0,190.0,143.72531127929688,-1.031690776971577,2.6821942261435305,-4.920571353911575,-4.976960820874799,-2.4976789096528536,1.3407749390543984,-0.5388242942772976,4.777608436632699,-0.7904692179435973,1.013996987910037
44.0,190.0,143.72531127929688,-1.0316917829987915,2.6821878385694813,-4.9205740327430005,-4.97696422797039,-2.497683094549372,1.340775890670428,-0.538821807317138,4.777607302111642,-0.7904693642790592,1.014000707592812
44.0,190.0,143.7252960205078,-1.0316893741937747,2.6821918985578552,-4.9205715186224666,-4.97695939925697,-2.497679407733987,1.340776905850788,-0.5388253647359376,4.777608597815528,-0.7904686977990218,1.0139964715255605
44.0,190.0,143.72531127929688,-1.0316896629636272,2.682190694846424,-4.920572799819617,-4.976959360486486,-2.49767888376018,1.340779787709467,-0.5388245561450571,4.777607086994637,-0.7904700723146405,1.0139947326021552
44.0,190.0,143.72531127929688,-1.031689048818084,2.682188813080256,-4.920574411626051,-4.976966792069036,-2.497680985017861,1.3407748630738665,-0.5388236136214282,4.77761180781949,-0.7904686341850677,1.0139994588345704
44.0,190.0,143.7252960205078,-1.0316907300056792,2.6821923676067296,-4.920574519810932,-4.976957735950806,-2.497678115934428,1.340778527949963,-0.5388246234577201,4.777607534080628,-0.7904690540452597,1.0139960461154471
44.0,190.0,143.7252960205078,-1.0316861901341925,2.682193877126668,-4.920576020212195,-4.976955632358011,-2.497679005225097,1.3407789352318993,-0.5388270825204264,4.777607212640389,-0.7904709252361517,1.0139945396970376
44.0,190.0,143.7252960205078,-1.031690728094417,2.682189636991847,-4.920576052568709,-4.97696075421564,-2.4976822061240367,1.3407766875487273,-0.538823362198162,4.777610781939272,-0.7904705745714136,1.013997728944326
44.0,190.0,143.72531127929688,-1.0316914033207647,2.682194596322345,-4.920569757278439,-4.976962114584293,-2.497681466328779,1.3407782687240068,-0.5388242090956563,4.77760939555156,-0.7904689193571723,1.013999142168708
44.0,190.0,143.7252960205078,-1.031690737742379,2.682193303997673,-4.920566547290835,-4.9769601739318885,-2.497683715052124,1.3407742891581664,-0.5388248670315896,4.777610060667811,-0.790468779276635,1.0139997263782972
44.0,190.0,143.7252960205078,-1.031693452484317,2.682195991587556,-4.920571122541387,-4.976958265410315,-2.4976804041777227,1.3407753637192243,-0.5388235679449878,4.777605727831567,-0.7904686558182954,1.0139991131022743
44.0,190.0,143.72531127929688,-1.0316887970797357,2.682194586084253,-4.9205739109134505,-4.976964940006047,-2.4976802453989952,1.340777603873553,-0.538825176137391,4.777609317056816,-0.7904696113657845,1.0139986195900716
44.0,190.0,143.72531127929688,-1.0316921271547712,2.6821948175317925,-4.920571960218307,-4.976964168789112,-2.497681654160301,1.3407769899640147,-0.538823716526462,4.7776110787444335,-0.7904691078746033,1.0139993945955066
44.0,190.0,143.7252960205078,-1.0316889352729612,2.682191596013368,-4.920572057412067,-4.976960662381514,-2.497680524876904,1.340776385518189,-0.538823524259552,4.777607250157754,-0.7904695002095306,1.013998034192392
44.0,190.0,143.7252960205078,-1.031694621642968,2.6821940793367123,-4.920570151835971,-4.976958235133859,-2.497682310372096,1.340776723734452,-0.5388214872142827,4.777607423344715,-0.7904685106923459,1.013998903260676
44.0,191.0,143.72531127929688,-1.0316921059215112,2.682191710915407,-4.920573014796343,-4.97695968109552,-2.4976834283575204,1.34077838343112,-0.5388227134059189,4.777608033316115,-0.7904701129944058,1.0139983907004249
44.0,191.0,143.7252960205078,-1.0316908579236743,2.6821934920235027,-4.920572478458818,-4.976957021765362,-2.497680287188828,1.3407779186157276,-0.5388252824014774,4.777608670344463,-0.7904696666449675,1.0139959164319483
44.0,191.0,143.7252960205078,-1.0316918526601433,2.6821915771791094,-4.920572375383129,-4.976960933802464,-2.497683284550177,1.340776221566613,-0.5388231405280717,4.777609515225262,-0.7904697843592396,1.0139982422847584
44.0,191.0,143.7252960205078,-1.0316913819753255,2.682193044573209,-4.920572996393593,-4.976958306731109,-2.4976799443390387,1.3407767228510543,-0.5388252154436604,4.777608104401024,-0.7904696767053023,1.013996427143777
44.0,191.0,143.72531127929688,-1.0316939319008571,2.682188762540161,-4.920573478828457,-4.97696152012238,-2.497684646219195,1.3407736682938527,-0.5388209481608381,4.777610361516919,-0.7904694591604784,1.0140004572798649
44.0,191.0,143.72531127929688,-1.0316889539772172,2.682193167774262,-4.9205716163779485,-4.976959801452357,-2.497679952083986,1.3407784051292673,-0.5388249013339594,4.777606979340373,-0.7904693572665886,1.0139971721285237
44.0,191.0,143.72531127929688,-1.0316856089662156,2.682192807543084,-4.9205730609504,-4.976962890397931,-2.4976766009632625,1.340775014204719,-0.5388257208960656,4.777608946945017,-0.7904689076116238,1.013996132523733
44.0,191.0,143.72531127929688,-1.0316934338773225,2.682189647883199,-4.920572879991861,-4.976960217742743,-2.497685956677713,1.3407766962435428,-0.5388208444442437,4.777609295038687,-0.7904698553165312,1.0140001428204215
44.0,191.0,143.72531127929688,-1.0316914634751797,2.682196080170021,-4.920570227079562,-4.976953404629089,-2.49768094638982,1.3407789578639084,-0.5388244986685828,4.777606343178794,-0.7904699751922148,1.0139963762105983
44.0,191.0,143.7252960205078,-1.031687952617525,2.6821947312727525,-4.920570108212075,-4.97695815872302,-2.4976815631959863,1.3407793131415833,-0.5388249904567477,4.7776080289748535,-0.7904697246646544,1.013996511094306
44.0,191.0,143.7252960205078,-1.0316890495765207,2.6821953846564286,-4.920572570982403,-4.976957368853566,-2.497680730340016,1.3407782366285117,-0.538825560100971,4.777606924044523,-0.7904704389010808,1.0139978094521158
44.0,191.0,143.7252960205078,-1.0316930254200525,2.6821943914184585,-4.920572549978909,-4.976959841456283,-2.4976805377838667,1.3407790145372624,-0.538823014912067,4.777607306732708,-0.7904693992257918,1.013999005344707
44.0,191.0,143.72531127929688,-1.0316892128808737,2.68218983354875,-4.920573076321116,-4.9769621188529465,-2.497681120577227,1.3407773061444497,-0.5388234229715847,4.77760913543713,-0.7904699181732999,1.0139977138403458
44.0,191.0,143.7252960205078,-1.0316923142316758,2.6821937908310183,-4.9205739732763965,-4.976960965839642,-2.497682254706305,1.340777284679655,-0.5388235692300807,4.777607784910453,-0.7904692657465509,1.013998457343015
44.0,191.0,143.7252960205078,-1.0316870450146969,2.68219457194537,-4.920572643379514,-4.976957315682254,-2.4976759938381408,1.3407775142658798,-0.5388275472858783,4.777607169478113,-0.7904688593146174,1.0139938802493864
44.0,191.0,143.72531127929688,-1.0316931064991692,2.6821935582072163,-4.920571334503247,-4.97695964046815,-2.4976828928731045,1.3407788763755493,-0.5388218591932281,4.777607590654942,-0.7904693193028773,1.013998978574591
44.0,191.0,143.72531127929688,-1.0316904071112938,2.682193018957914,-4.92057606003323,-4.976954862451316,-2.497679478670874,1.3407778696038664,-0.5388237493500352,4.77760653515449,-0.7904702145692104,1.0139957485435869
44.0,191.0,143.72531127929688,-1.0316945192951097,2.6821934963630625,-4.920572053903108,-4.976957889432963,-2.49768654137416,1.340775175278278,-0.5388221003510338,4.777608559001706,-0.7904694822325871,1.0140005631846811
44.0,191.0,143.7252960205078,-1.031691704167057,2.682193218757549,-4.920571443975094,-4.976957953852098,-2.4976838771592105,1.3407770048110574,-0.538823777804164,4.777608874048088,-0.7904704249760766,1.0139980499770165
44.0,191.0,143.72531127929688,-1.031691061417729,2.682192697632618,-4.920571501018107,-4.976959519016965,-2.497681845372448,1.3407779632289705,-0.5388228590372526,4.7776075948521015,-0.7904696475075328,1.013998729617935
44.0,191.0,143.72531127929688,-1.0316935041494242,2.682197848325992,-4.920568853958233,-4.976961729170887,-2.497682500783902,1.3407734983509032,-0.5388236463974856,4.777608448429714,-0.7904680300253144,1.0140013390171374
44.0,191.0,143.7252960205078,-1.0316906433152306,2.682187933581689,-4.920572769349162,-4.976962455764923,-2.497684778426252,1.3407763598197011,-0.5388227022284333,4.7776115439174,-0.7904710549216167,1.0139990098544596
44.0,191.0,143.72531127929688,-1.0316864044052876,2.6821926931542928,-4.9205746880834615,-4.976964652027921,-2.497678636932492,1.3407771731530698,-0.5388255560342738,4.77761023271562,-0.7904696485213201,1.0139966636663855
44.0,191.0,143.7252960205078,-1.0316901306684794,2.682193546942921,-4.920571727493604,-4.976959942695572,-2.4976798447245727,1.3407763273837636,-0.5388242958142575,4.777609398386698,-0.79046862848503,1.01399782494199
44.0,191.0,143.7252960205078,-1.0316929568788775,2.682190126433217,-4.92057314389053,-4.976960724791048,-2.497684578411942,1.3407746775315612,-0.5388222307841906,4.777609849863563,-0.7904705880886702,1.0139993482318976
44.0,191.0,143.7252960205078,-1.0316886695576732,2.682194570215178,-4.920572905052337,-4.97696093087364,-2.4976787002587715,1.340779100591995,-0.5388245275434524,4.7776060347323615,-0.7904689462638572,1.0139969865562837
44.0,191.0,143.72531127929688,-1.0316899835491615,2.682194637621837,-4.920569825778609,-4.976959464258692,-2.497682392710793,1.3407746134866985,-0.5388250105851107,4.777608940437981,-0.7904691966077229,1.013999545354145
44.0,191.0,143.72531127929688,-1.0316932866052042,2.6821880308342223,-4.920575911051097,-4.976962754806534,-2.497682364682849,1.3407747629704438,-0.5388204593240342,4.777608289409303,-0.7904696635154567,1.0139984098857768
44.0,191.0,143.72531127929688,-1.0316931052382563,2.682189719485123,-4.920572351166514,-4.976962404384965,-2.4976838112182103,1.3407754470462594,-0.5388201617269628,4.777608043594352,-0.7904700092580637,1.014000110639552
44.0,191.0,143.72531127929688,-1.0316906755146182,2.6821928207338974,-4.920572582208531,-4.976961355247523,-2.49768165027096,1.3407769349588916,-0.5388230459342065,4.777608591291312,-0.7904693423197502,1.013998759454533
44.0,191.0,143.72531127929688,-1.0316899917653153,2.682198301130492,-4.9205694150600925,-4.976957405980395,-2.497681163450057,1.3407773030522518,-0.5388277147112221,4.777608513163894,-0.7904683540986905,1.013997193085702
44.0,191.0,143.7252960205078,-1.031691166891748,2.6821916637164955,-4.920573772769131,-4.976960602039349,-2.497683819088774,1.34077794457638,-0.5388230172271644,4.777609398899411,-0.7904699797045094,1.0139981807961052
44.0,191.0,143.72531127929688,-1.031684487703556,2.6821945462743244,-4.920573435376031,-4.976963567998049,-2.497675286691357,1.340776033259333,-0.5388255612563917,4.777607926950511,-0.7904675355998734,1.013996066332682
44.0,191.0,143.72531127929688,-1.0316956920281362,2.682192269271323,-4.9205708032143365,-4.976963137670612,-2.4976846985565992,1.3407756269609008,-0.5388210690015205,4.777609433997615,-0.7904685193300072,1.0140010472673635
44.0,191.0,143.72531127929688,-1.0316882374153682,2.682195254020799,-4.920572951379005,-4.976958472500913,-2.497676628843644,1.340778367752561,-0.5388265596793387,4.7776065121748506,-0.7904682839353336,1.0139946885873643
44.0,191.0,143.7252960205078,-1.0316952728376023,2.682192887565699,-4.920571310396254,-4.976956393236861,-2.49768420798138,1.3407769603954112,-0.5388234004728076,4.777609217021373,-0.7904698715031193,1.0139987841838929
44.0,191.0,143.72528076171875,-1.03168756934297,2.682192733072542,-4.92057176658189,-4.976961040721391,-2.49767677769683,1.3407767107683457,-0.5388262779994548,4.777606945072728,-0.7904686944018149,1.01399615572695
44.0,191.0,143.7252960205078,-1.0316913781478942,2.6821898594020226,-4.920575857245916,-4.976959704720457,-2.4976826943703023,1.340780069181573,-0.5388223319411729,4.777607027848038,-0.7904701530139304,1.0139972890957738
44.0,191.0,143.72531127929688,-1.0316867711035638,2.6821895547713224,-4.920571589123702,-4.976963717091586,-2.497678897014265,1.340777861344482,-0.5388242534467089,4.777608212774101,-0.7904682770343472,1.0139968912960429
44.0,191.0,143.7252960205078,-1.0316933580698473,2.68219045808441,-4.920572624758468,-4.976964045486273,-2.497683662362939,1.3407758840373694,-0.5388202960043378,4.777608673633823,-0.790469171487425,1.0140007162480655
44.0,191.0,143.7252960205078,-1.031689302989574,2.68219199312173,-4.9205740270657845,-4.976958916340258,-2.497680702327316,1.3407767230486565,-0.5388254001167727,4.777608248877705,-0.7904692681787413,1.013996587196722
44.0,191.0,143.7252960205078,-1.0316938706462055,2.682193814715802,-4.920569842491552,-4.976957423687208,-2.4976825608004125,1.3407759146322735,-0.5388228297640065,4.777608880159516,-0.7904698016626028,1.013998911517934
44.0,191.0,143.7252960205078,-1.0316917006366744,2.682193616513288,-4.920570746157941,-4.976959940098143,-2.4976801012132626,1.340775156538446,-0.5388249870335757,4.777609003031587,-0.790469766586984,1.013998012206275
44.0,191.0,143.72531127929688,-1.031691358334423,2.6821932037845126,-4.920572304153479,-4.976958759706236,-2.4976826143912145,1.3407785413541458,-0.5388232467006517,4.777607598032263,-0.79047011634486,1.013998306728462
44.0,191.0,143.72531127929688,-1.031690846467181,2.6821946355380284,-4.920571884644539,-4.976956400007063,-2.4976806413835844,1.3407792483576566,-0.5388235420018264,4.777604188762776,-0.790469577484588,1.013996981638705
44.0,191.0,143.72531127929688,-1.0316930056729277,2.682193907410099,-4.920569694055217,-4.976958074116219,-2.497682913062324,1.3407761618289626,-0.5388228562652264,4.77760845399729,-0.7904689018671522,1.0139988750888709
44.0,191.0,143.72531127929688,-1.0316948793602116,2.682192925708936,-4.920570738209337,-4.976959657845607,-2.49768740671717,1.3407759090997835,-0.5388219785020247,4.777609876454063,-0.7904697222999015,1.014000430381488
44.0,191.0,143.72531127929688,-1.031691678052672,2.682193410046131,-4.920571791412617,-4.97695914296972,-2.497683595193072,1.3407767992959787,-0.5388220400011132,4.77760608314467,-0.7904696716029411,1.0139995379069502
44.0,191.0,143.72531127929688,-1.0316896037011345,2.6821934029628096,-4.920573471863567,-4.976958567830449,-2.49768072089994,1.3407767908154185,-0.5388260185393214,4.777609048267964,-0.7904700669269271,1.0139962939338971
44.0,191.0,143.7252960205078,-1.0316899052473856,2.68219525782912,-4.920571682671289,-4.976957087402164,-2.49767910694795,1.340779690066305,-0.5388239050414709,4.777605118719436,-0.7904691671985251,1.0139971748024532
44.0,192.0,143.7252960205078,-1.0316942679691317,2.6821921142460434,-4.920571986643745,-4.976962198597115,-2.4976822385031068,1.3407745899583503,-0.5388214158208555,4.777608702944898,-0.7904688331824161,1.014000437110731
44.0,192.0,143.72531127929688,-1.0316916558176763,2.682196287455474,-4.920571277283745,-4.976958489662025,-2.497682889406608,1.3407770870443343,-0.5388241936184501,4.777607799776137,-0.7904699699559705,1.0139980479934554
44.0,192.0,143.72531127929688,-1.0316916137888548,2.6821940943480014,-4.9205726057535335,-4.976958855212257,-2.497682739858868,1.3407791476211344,-0.5388238109053036,4.7776086779884,-0.7904707981421923,1.0139983025699315
44.0,192.0,143.72531127929688,-1.0316927713156825,2.6821959726496933,-4.9205683289510205,-4.9769597542806,-2.497683952898125,1.3407753242197673,-0.5388238045263858,4.777609257836232,-0.7904691006331621,1.0139999674440814
44.0,192.0,143.7252960205078,-1.0316905141028585,2.682194205042715,-4.920569304207457,-4.976963021222344,-2.497679323797405,1.3407761249490333,-0.5388229496315855,4.7776081517093125,-0.790468574538278,1.0139992682848344
44.0,192.0,143.7252960205078,-1.0316899491293323,2.682190051794884,-4.9205737485218055,-4.9769646433898975,-2.497683760998861,1.34077686281646,-0.5388224267199568,4.777609373545216,-0.7904693908235139,1.0139998073110892
44.0,192.0,143.72531127929688,-1.0316964657707466,2.682192184366931,-4.920571718217579,-4.976957477542692,-2.4976837646295103,1.3407762757550143,-0.5388210776351912,4.777607831264936,-0.7904696298114251,1.0139998534275456
44.0,192.0,143.72531127929688,-1.031690240826486,2.6821922368207467,-4.920574186392909,-4.976957864104196,-2.4976803244043744,1.340778334678971,-0.5388251868785678,4.77760770052625,-0.7904703323000275,1.0139961275407403
44.0,192.0,143.72531127929688,-1.0316891186192882,2.6821939327403523,-4.920573916710799,-4.976953301174788,-2.4976764628872896,1.3407797058104478,-0.538827652277666,4.777604672112259,-0.7904699970732958,1.013992307364128
44.0,192.0,143.72531127929688,-1.0316872170021445,2.6821931798872134,-4.920570420326277,-4.976957309603406,-2.497680556550033,1.3407779567420652,-0.538825519855858,4.777608231322914,-0.7904698062639852,1.0139955917642016
44.0,192.0,143.7252960205078,-1.031692218835479,2.682194820877488,-4.920574058982665,-4.976958902159154,-2.497681340388956,1.340778934663863,-0.5388234892049812,4.777607959763603,-0.7904707731622072,1.0139977961652544
44.0,192.0,143.7252960205078,-1.0316920100020717,2.682194888943677,-4.92057012644472,-4.976963611441996,-2.4976807707970607,1.3407748102291528,-0.5388233517759824,4.7776085084250415,-0.7904679829216397,1.0139999378330078
44.0,192.0,143.7252960205078,-1.0316880774606907,2.6821961832575187,-4.920574761602937,-4.976953393863066,-2.497676191622528,1.3407826930711142,-0.5388266559277319,4.777603878699972,-0.790469965002953,1.0139935521675074
44.0,192.0,143.72531127929688,-1.0316888592878373,2.682192941201116,-4.920573116208795,-4.976958981933489,-2.4976776333528834,1.3407774458395814,-0.5388255643959319,4.777606258646335,-0.7904693407147763,1.0139956569340145
44.0,192.0,143.72531127929688,-1.0316916480288478,2.6821934586246137,-4.920573060193948,-4.97695921718329,-2.497681559244114,1.340776580645735,-0.5388238920200417,4.777607932039308,-0.7904704284565298,1.013996979709458
44.0,192.0,143.7252960205078,-1.0316904092805643,2.682190773929581,-4.920571857044099,-4.976963576729635,-2.4976819546311297,1.3407739175040805,-0.5388235574059008,4.777609212283551,-0.7904691048730079,1.014000016228902
44.0,192.0,143.7252960205078,-1.0316887684503318,2.682191946900822,-4.920575545573635,-4.9769563765769504,-2.4976781795523264,1.3407811151269282,-0.5388257420671838,4.77760387064852,-0.7904698779299721,1.0139938814921434
44.0,192.0,143.7252960205078,-1.0316848717366534,2.682195288665401,-4.920571646444594,-4.976959780316741,-2.497678479522893,1.340779134293534,-0.5388285537126869,4.777608072201984,-0.7904691493483167,1.013995441105596
44.0,192.0,143.7252960205078,-1.0316892619158278,2.682190289152616,-4.92057383785364,-4.976963060131681,-2.4976799986763822,1.3407778092861822,-0.5388232825892301,4.777607936456448,-0.7904682320367389,1.0139969076236284
44.0,192.0,143.72531127929688,-1.0316930540829825,2.682192564254411,-4.920572103549727,-4.976954659321541,-2.4976829281782265,1.3407772460360192,-0.5388237584747273,4.777607550339379,-0.7904714068328271,1.013996519857323
44.0,192.0,143.72531127929688,-1.031692963080598,2.682193184897166,-4.920572111446068,-4.9769575206359,-2.4976830702860853,1.3407769678030812,-0.5388236585285,4.777607969342245,-0.7904699894752651,1.0139974246743677
44.0,192.0,143.72531127929688,-1.031687436859051,2.682191101078887,-4.920572902499483,-4.97695915595847,-2.497678073967036,1.340778043096888,-0.5388254450858208,4.7776080105097805,-0.7904696764342658,1.013995471943657
44.0,192.0,143.7252960205078,-1.0316909110037606,2.6821936611927963,-4.92057227300413,-4.976959338633795,-2.497682547876115,1.340777040541913,-0.538823568204764,4.777607381561946,-0.7904693774925775,1.0139984860152662
44.0,192.0,143.72531127929688,-1.0316919493015106,2.682192741461483,-4.92057530589447,-4.976958557483428,-2.4976801857207183,1.3407790955464352,-0.5388243327873612,4.777606435067925,-0.7904699822281085,1.0139968244431676
44.0,192.0,143.7252960205078,-1.031693533716597,2.6821944170579046,-4.920570504679921,-4.976961289419286,-2.4976827990573995,1.34077533814696,-0.5388215984951277,4.777608988704566,-0.7904693051896192,1.0140008876807016
44.0,192.0,143.7252960205078,-1.0316878577421735,2.6821944084083515,-4.920571136792951,-4.97695981502013,-2.4976756287560704,1.34077855128898,-0.5388257442510156,4.777606768709076,-0.7904684424514272,1.0139951499709952
44.0,192.0,143.72531127929688,-1.0316902842264295,2.682192740629107,-4.920572847368597,-4.9769592266236735,-2.497680736225325,1.3407771471008498,-0.5388237986305473,4.777607092440391,-0.7904692957988155,1.01399682022537
44.0,192.0,143.7252960205078,-1.0316942044890172,2.68219386914776,-4.92057353983582,-4.976955411620722,-2.497683496083006,1.340777407041437,-0.5388233772538253,4.777607364443096,-0.7904709592446597,1.013997981043408
44.0,192.0,143.72531127929688,-1.0316895545286329,2.6821936467830474,-4.920573517385532,-4.976959320702473,-2.4976773296486936,1.3407772244838077,-0.5388255845413763,4.777606811909475,-0.7904684594451474,1.0139957753522015
44.0,192.0,143.72531127929688,-1.0316873256487993,2.682191614182302,-4.920574068881462,-4.976963445307521,-2.497676572486927,1.3407762857574106,-0.5388240773445494,4.777607734888584,-0.7904686852780793,1.0139972329441065
44.0,192.0,143.7252960205078,-1.0316898226652,2.6821921664676607,-4.920569457567398,-4.976958335063323,-2.497681787355984,1.3407772158898863,-0.5388247508177919,4.777609410904281,-0.7904697720774312,1.0139969499276411
44.0,192.0,143.7252960205078,-1.0316914304267049,2.682191796482039,-4.920572516284214,-4.976960030402072,-2.497681484793612,1.3407776268598717,-0.538823718689299,4.777608749478899,-0.7904700044567008,1.0139980807167248
44.0,192.0,143.7252960205078,-1.031689170555239,2.6821942123282945,-4.92056895684075,-4.9769571439414255,-2.4976778118530407,1.340777293924961,-0.5388269768314666,4.777606876172751,-0.7904689075915812,1.0139950585415844
44.0,192.0,143.72531127929688,-1.031690051803959,2.6821931727579083,-4.920574203744295,-4.976959421366657,-2.49768127120018,1.3407772512801834,-0.5388233033054304,4.777606735549229,-0.7904707641116682,1.013997923806329
44.0,192.0,143.72531127929688,-1.0316920737969122,2.682195338821291,-4.920568127157435,-4.976957360784112,-2.4976806879708784,1.3407770029980135,-0.5388240765767618,4.777606189784367,-0.7904686109824546,1.0139979825733365
44.0,192.0,143.72531127929688,-1.0316926663004922,2.682196481875664,-4.920570090337959,-4.97696249782145,-2.4976798317997733,1.3407758023712102,-0.5388234107266774,4.777609476587784,-0.7904686694791421,1.0139998685846976
44.0,192.0,143.72531127929688,-1.0316902165453463,2.682196142335002,-4.920572188577911,-4.976960776058693,-2.497680789040319,1.3407760178709047,-0.5388254735157254,4.777607978567213,-0.7904697560323353,1.0139988408958347
44.0,192.0,143.72531127929688,-1.031690523316593,2.68219063177782,-4.920576304151036,-4.9769603790695225,-2.4976796021643204,1.340777880268316,-0.5388239070266962,4.777606604136315,-0.790469844857081,1.01399727532086
44.0,192.0,143.72531127929688,-1.031689748448263,2.682191192012644,-4.920571869162068,-4.976958641102091,-2.497681962872656,1.3407763218311215,-0.5388242243653272,4.777608541540522,-0.7904702766385787,1.0139980668668072
44.0,192.0,143.72531127929688,-1.031692846688506,2.682195071807824,-4.920574289116716,-4.976955795755034,-2.497679871813816,1.340776522935828,-0.5388255723864832,4.7776079364267545,-0.7904693594453276,1.0139971295678745
44.0,192.0,143.72531127929688,-1.0316880589363029,2.682190027224193,-4.920577122284358,-4.976958945575517,-2.4976795186255525,1.3407776264922937,-0.5388260610219655,4.777607270879447,-0.7904702701676305,1.0139950960749458
44.0,192.0,143.72531127929688,-1.031696514370099,2.6821916577201046,-4.920570521333131,-4.976960834459793,-2.4976854119701257,1.3407726698795432,-0.5388210914860201,4.777611600591772,-0.7904700630421502,1.014002009243394
44.0,192.0,143.72531127929688,-1.0316936693223475,2.6821892801801352,-4.920572306808391,-4.976957038824432,-2.4976831684145258,1.3407757145911168,-0.5388219157757801,4.777608260816169,-0.7904702878492449,1.0139981116944057
44.0,192.0,143.72531127929688,-1.0316911399542763,2.682193874880574,-4.920568758633683,-4.976962048999233,-2.4976813181404407,1.3407764749807305,-0.5388239416550693,4.777609358116807,-0.7904691193995044,1.0139990951761575
44.0,192.0,143.7252960205078,-1.0316905223203,2.682192302477543,-4.920571539061819,-4.976960916716107,-2.4976788867228814,1.3407757318033555,-0.538824653754225,4.777608199310189,-0.7904692044068495,1.013997943105034
44.0,192.0,143.72531127929688,-1.03169258594142,2.682191209708491,-4.920570133168715,-4.976957457874948,-2.497683288535706,1.3407761210556457,-0.5388232756166769,4.777608491189678,-0.790469882905735,1.0139980529597192
44.0,192.0,143.72531127929688,-1.03169239594259,2.682191650218208,-4.920573613230824,-4.976957848019957,-2.4976832310028847,1.3407785786628337,-0.5388230790651622,4.777609618458271,-0.7904708291857636,1.0139985358332524
44.0,192.0,143.72531127929688,-1.0316933601569502,2.682190696925984,-4.920570840174839,-4.976961270089168,-2.4976822069436926,1.3407751744602605,-0.5388228258135461,4.777608371411796,-0.7904689143354569,1.0139990263369771
44.0,192.0,143.7252960205078,-1.0316862782958056,2.6821907666703027,-4.920571771180624,-4.976960730461298,-2.49768018271138,1.3407779858733395,-0.5388252724006728,4.77760856721974,-0.7904700891080365,1.0139967199951323
44.0,192.0,143.72531127929688,-1.031694311279145,2.682190069919815,-4.920572214494632,-4.976962809927173,-2.497684259345612,1.340773669525471,-0.5388211979929922,4.777609721340648,-0.7904695349271336,1.0140011296051208
44.0,193.0,143.72531127929688,-1.0316896297547844,2.6821930452785274,-4.920573017185348,-4.97695685331644,-2.49767917931086,1.3407781139735064,-0.5388250498740987,4.777607080288743,-0.7904700227074848,1.013996018559972
44.0,193.0,143.7252960205078,-1.03168754788015,2.682191757601383,-4.920573305955286,-4.976961060693922,-2.4976773165906607,1.3407781183625804,-0.5388259435265894,4.7776072144520985,-0.790469191410148,1.0139955778899612
44.0,193.0,143.72531127929688,-1.031692733500209,2.682190186410807,-4.9205749826674285,-4.976959071186947,-2.497682563410014,1.3407758050606695,-0.5388229020093771,4.777608630677728,-0.7904704391547535,1.013997842170923
44.0,193.0,143.72531127929688,-1.0316939353812424,2.682189475310638,-4.920573071862443,-4.976962727032136,-2.4976853528690413,1.3407754583578164,-0.5388204867957658,4.777609778563479,-0.7904689443043598,1.014001150323223
44.0,193.0,143.72531127929688,-1.0316895415799636,2.682193331781459,-4.920570811448012,-4.976959856867511,-2.497679397747263,1.3407769015959143,-0.5388249504394178,4.7776081817656255,-0.7904695904176053,1.0139978630517144
44.0,193.0,143.7252960205078,-1.0316903869321776,2.6821924229358025,-4.9205719600189,-4.976963626995052,-2.4976816644264472,1.3407768988324449,-0.5388233006627621,4.777609042786464,-0.7904693600574539,1.013999161573457
44.0,193.0,143.7252960205078,-1.0316942191327,2.6821904097884914,-4.920572697344563,-4.976960467080192,-2.497685248353361,1.3407761940686296,-0.5388209554689869,4.7776093609393495,-0.7904695542763358,1.0139992607278945
44.0,193.0,143.72531127929688,-1.0316916273417776,2.682193752926879,-4.920569994643397,-4.976961464921399,-2.49768237040388,1.3407759189549031,-0.5388227535874304,4.777608628987496,-0.7904682418217694,1.01399979299776
44.0,193.0,143.72531127929688,-1.031690610130008,2.6821897542096504,-4.9205729229613215,-4.976961875018235,-2.4976812999714832,1.3407745813988434,-0.538824058670782,4.777609715506392,-0.7904698029725958,1.0139984411706535
44.0,193.0,143.72531127929688,-1.0316891492924745,2.682191513045523,-4.920571668840487,-4.97696150517542,-2.497680206617911,1.3407753296458829,-0.538824880272796,4.777609653852954,-0.7904697153086948,1.0139977673023903
44.0,193.0,143.7252960205078,-1.0316915123249992,2.6821908896024924,-4.920570324783954,-4.97696282287787,-2.497685796555219,1.340774794864962,-0.5388221598278262,4.777611414249755,-0.7904701865070987,1.014000762339874
44.0,193.0,143.72531127929688,-1.0316912938725964,2.682189846215466,-4.920570972371344,-4.9769602409339,-2.497684596085368,1.3407751258787792,-0.5388236813403875,4.777609977035974,-0.7904701539303991,1.0139995658937115
44.0,193.0,143.72531127929688,-1.0316929729669666,2.682195741359205,-4.920571660713188,-4.976955687674558,-2.4976807082161057,1.3407768177343824,-0.538823923682342,4.777606311538387,-0.7904701050785734,1.0139980569442957
44.0,193.0,143.7252960205078,-1.0316907223874998,2.682194569706989,-4.9205704758352615,-4.976959370302805,-2.497681284258635,1.3407772615313354,-0.5388246433706536,4.777608028544222,-0.7904692191268028,1.0139975293729575
44.0,193.0,143.7252960205078,-1.031689065566057,2.682191060633393,-4.920574234048899,-4.97696258252276,-2.4976809713857056,1.3407772539620764,-0.5388234350101682,4.77760894916775,-0.7904693246018821,1.0139977238693731
44.0,193.0,143.7252960205078,-1.031689965654723,2.6821962328723705,-4.920568186831577,-4.976957529142389,-2.497677665770895,1.3407766066035602,-0.538826453319543,4.777606553309727,-0.7904687278966973,1.0139969966292108
44.0,193.0,143.7252960205078,-1.0316919741497688,2.6821915279769453,-4.920573889332324,-4.976963980143225,-2.4976833666087783,1.340775546200781,-0.5388228321433992,4.777611031965222,-0.7904697825510754,1.0140007397986857
44.0,193.0,143.7252960205078,-1.031691884847579,2.682192915759014,-4.920570871855863,-4.976958833829024,-2.497679791995956,1.3407779429539737,-0.5388228449559609,4.777606943596117,-0.7904689744478661,1.0139985374257865
44.0,193.0,143.7252960205078,-1.0316898993880377,2.6821946689378056,-4.920570571109854,-4.976955706832388,-2.4976805550742225,1.3407780584119315,-0.5388263440548595,4.777608970730945,-0.790469591920874,1.0139966243318197
44.0,193.0,143.7252960205078,-1.0316931209581104,2.682192953809704,-4.920572361036951,-4.976961021996473,-2.497684189391052,1.3407762489294726,-0.5388232667741333,4.7776098669179685,-0.7904700372321241,1.0139994675350543
44.0,193.0,143.7252960205078,-1.031694665510833,2.682190371474179,-4.920570510828705,-4.976963962701172,-2.497685628646196,1.3407745262258652,-0.5388205562514736,4.777611014089722,-0.7904692801749338,1.0140018274048792
44.0,193.0,143.7252960205078,-1.0316875549589315,2.6821955536675626,-4.92057143843129,-4.976959666546783,-2.4976790791800223,1.3407799573985502,-0.5388264887991294,4.777606736310576,-0.7904693571225145,1.0139956063606608
44.0,193.0,143.72531127929688,-1.0316892351428095,2.6821920374830093,-4.920572655315619,-4.976960843627912,-2.4976805027193643,1.340777420961789,-0.5388246570971589,4.777609597092786,-0.7904697604833295,1.01399665084156
44.0,193.0,143.72531127929688,-1.0316903455345423,2.6821938408830457,-4.920571533149672,-4.976958354824767,-2.497679187082804,1.3407787515951028,-0.5388253538794361,4.777605608862128,-0.7904699394028274,1.013996205720277
44.0,193.0,143.72531127929688,-1.0316937890780649,2.682192058039192,-4.920571342724394,-4.976958545788071,-2.497682897184524,1.3407759416678535,-0.538822337852622,4.777607992630141,-0.7904693570439383,1.0139993755341958
44.0,193.0,143.72531127929688,-1.0316893694160276,2.68219380241833,-4.920571760999302,-4.976959810455527,-2.497679478722543,1.3407785949234974,-0.53882471433523,4.777607300657692,-0.7904693387721826,1.0139970897378294
44.0,193.0,143.7252960205078,-1.0316900803290725,2.682192707497768,-4.920569687590372,-4.976961667937365,-2.497681004078432,1.340774787976856,-0.5388245131387572,4.777609074514725,-0.7904689056256515,1.0139988799066888
44.0,193.0,143.72531127929688,-1.031692719900743,2.6821915087243795,-4.920571067925645,-4.976963028035774,-2.497684203109241,1.3407764097258743,-0.5388222702279819,4.7776091656025095,-0.7904692747154822,1.0140001053274013
44.0,193.0,143.72531127929688,-1.0316882738182764,2.6821915797549254,-4.92057217935298,-4.976960813419548,-2.497677581874333,1.3407783671550575,-0.5388259080138127,4.7776077566429045,-0.7904688566673954,1.0139958323975635
44.0,193.0,143.72531127929688,-1.0316906976727278,2.682194832623223,-4.920570262941094,-4.976955954712531,-2.4976795215015164,1.340777289976578,-0.5388254581961434,4.7776071576388,-0.7904691184859232,1.0139972246037257
44.0,193.0,143.72531127929688,-1.0316851614994142,2.682192176002517,-4.920572664606329,-4.976958874813526,-2.4976784298856862,1.3407782454660395,-0.5388265179189471,4.777608093072301,-0.7904692966807056,1.0139949531747696
44.0,193.0,143.72531127929688,-1.0316940514316482,2.682190854898973,-4.920571556012698,-4.97696065146539,-2.4976844011720214,1.340775721080134,-0.5388220295117936,4.777610145505358,-0.790469811879051,1.014000294071577
44.0,193.0,143.72531127929688,-1.0316883875076654,2.682193901037412,-4.920570659443181,-4.976961769909112,-2.4976772815877784,1.340775594493497,-0.5388261246966106,4.777608285226279,-0.7904685445110342,1.013997220642505
44.0,193.0,143.7252960205078,-1.0316915342266242,2.6821901199007003,-4.920571619168766,-4.97696342590919,-2.497682152153175,1.3407739388505906,-0.5388229183221611,4.777608819823403,-0.7904686079590615,1.013999264400061
44.0,193.0,143.72531127929688,-1.0316919875685953,2.682191749882032,-4.92057121523021,-4.976960362232239,-2.4976814493399213,1.3407776587366609,-0.5388238680248092,4.777608395954086,-0.7904697228799007,1.013997631249259
44.0,193.0,143.72531127929688,-1.0316913104292411,2.682195088294397,-4.920570543074607,-4.976959673342652,-2.4976830304092945,1.3407756638209314,-0.5388252990658318,4.777610678642191,-0.7904690753473265,1.013998852694094
44.0,193.0,143.7252960205078,-1.031689720966002,2.682192701904313,-4.920572027960006,-4.976959831427998,-2.4976801871160204,1.3407775965376434,-0.5388237927781647,4.777608074054834,-0.7904690265031462,1.013997477632298
44.0,193.0,143.72531127929688,-1.03169234236919,2.682188329201071,-4.920571562548545,-4.976964464642509,-2.497682405198833,1.3407739296845025,-0.53882112626248,4.777609658649869,-0.7904691296710196,1.014000503940622
44.0,193.0,143.7252960205078,-1.0316896314690776,2.682190167622628,-4.920572728084972,-4.976961524571869,-2.497679433265328,1.3407757418900443,-0.5388246782037287,4.777610221775134,-0.7904694456058889,1.0139959673792598
44.0,193.0,143.7252960205078,-1.0316901256157314,2.682192122117165,-4.920571426922606,-4.976961110491631,-2.497679971792281,1.3407757577757895,-0.5388247382104003,4.777608622264166,-0.7904682032368129,1.0139975182764491
44.0,193.0,143.72531127929688,-1.031689792909301,2.6821943220143964,-4.920571577122226,-4.976958279346693,-2.497679532364565,1.340776757398495,-0.5388258145948672,4.77760815707321,-0.7904689831509764,1.0139961968432951
44.0,193.0,143.7252960205078,-1.031692858476141,2.68218960465175,-4.920573887489099,-4.97695996028548,-2.497684214235443,1.3407770458727946,-0.5388224895933504,4.777608869091592,-0.7904704031967098,1.0139987743247847
44.0,193.0,143.72531127929688,-1.0316900326684664,2.682192264812791,-4.9205738487082975,-4.976957826845127,-2.4976805422583936,1.3407771116282516,-0.538825558327992,4.777607750157658,-0.7904709615073351,1.0139967098577536
44.0,193.0,143.72531127929688,-1.0316905766022018,2.6821932203775933,-4.920572292617671,-4.976960511800557,-2.497679447864924,1.340776723184578,-0.5388240954158405,4.777607454297112,-0.7904689765985626,1.0139976788013936
44.0,193.0,143.7252960205078,-1.031688708796199,2.6821924378690785,-4.920571553966868,-4.976962363223298,-2.497679125978212,1.3407786251784852,-0.5388247378895796,4.777609325716165,-0.7904684689446952,1.0139972036179454
44.0,193.0,143.7252960205078,-1.031690427197263,2.6821930004431804,-4.920570891954976,-4.976957730634848,-2.4976800929894405,1.3407748674787276,-0.5388260610829834,4.777609505562721,-0.7904693467592852,1.013996511367246
44.0,193.0,143.7252960205078,-1.0316903115182017,2.682191964525712,-4.920571911588495,-4.976959555300078,-2.497681580103022,1.3407779884808368,-0.5388247132281894,4.777608776716374,-0.79047013917,1.0139976971462057
44.0,193.0,143.72531127929688,-1.0316905891884467,2.682190640297579,-4.92057117289303,-4.97696532927968,-2.4976808155549235,1.3407769246199317,-0.5388234771610447,4.777608433412286,-0.7904683278260034,1.013998806809239
44.0,193.0,143.7252960205078,-1.0316890749361771,2.6821944096900365,-4.920573275670723,-4.976961697851626,-2.497680209690527,1.3407766729114936,-0.5388251516046889,4.7776092570945785,-0.7904689016110726,1.0139981792122574
44.0,193.0,143.7252960205078,-1.031689313081416,2.68219452693144,-4.920567278424794,-4.976958067093993,-2.4976793262187407,1.340777390603721,-0.538824954906266,4.777607329790566,-0.790468543727342,1.0139971945099733
44.0,194.0,143.72531127929688,-1.0316902705618065,2.6821913613126283,-4.920571573176854,-4.97696157557472,-2.4976813756769984,1.340776339952768,-0.5388231000123049,4.7776082088467895,-0.7904688368001969,1.0139989072147504
44.0,194.0,143.7252960205078,-1.031689175135293,2.68219258919423,-4.920573748044589,-4.976961994596623,-2.4976767816528884,1.3407782841843172,-0.5388247612890051,4.777605699066218,-0.7904682228959992,1.0139957492796414
44.0,194.0,143.72531127929688,-1.0316896055064229,2.6821932453831465,-4.920570952965104,-4.976961442141544,-2.497681511296188,1.3407775296211837,-0.5388241512453344,4.777609087734453,-0.7904688346141793,1.0139977634985584
44.0,194.0,143.72531127929688,-1.0316929071791248,2.682188986471327,-4.920572008969028,-4.976964033007881,-2.4976825222042858,1.3407731568314123,-0.5388218346526212,4.777612102178786,-0.7904689433340417,1.0140004914839276
44.0,194.0,143.7252960205078,-1.031689141072058,2.6821933434931635,-4.920570442076741,-4.976960435226001,-2.497679197887324,1.3407761246822822,-0.5388250633955849,4.777608965421656,-0.790468843108223,1.0139978208467078
44.0,194.0,143.7252960205078,-1.0316890825191702,2.6821907253003907,-4.9205714439827615,-4.976959731481522,-2.497681886477905,1.3407766117524336,-0.5388254546872275,4.777610370539303,-0.7904700565578864,1.013996504465954
44.0,194.0,143.7252960205078,-1.031689452397642,2.682192261255504,-4.920573046104432,-4.976961052767589,-2.497681606605716,1.3407790807934266,-0.5388241138777596,4.777608889570509,-0.7904691089305178,1.013997575625055
44.0,194.0,143.72531127929688,-1.031689788819437,2.6821953317707496,-4.92057098882202,-4.976957785804238,-2.4976806596589274,1.3407765522618176,-0.5388250216351249,4.777607659543371,-0.7904701742736595,1.0139982350964862
44.0,194.0,143.7252960205078,-1.0316908005881409,2.68219270657646,-4.920571784536796,-4.976962360585257,-2.497683277658836,1.3407780506882725,-0.5388229438092296,4.777608902224873,-0.7904684242854572,1.0139989762748105
44.0,194.0,143.72531127929688,-1.031691260332181,2.682194078256676,-4.920570175983436,-4.976959152855745,-2.497680788955488,1.3407765635209703,-0.5388240057605014,4.7776079725078535,-0.790469052048647,1.0139987828342178
44.0,194.0,143.7252960205078,-1.0316911088434604,2.6821945606456685,-4.920569916661865,-4.976956568527943,-2.497681897508113,1.3407789854411254,-0.5388243030382123,4.777607050232845,-0.7904693823079363,1.01399703648989
44.0,194.0,143.72531127929688,-1.031689127736204,2.682192682280867,-4.920568693904517,-4.976961730872558,-2.497682112173189,1.3407777788976416,-0.5388243713079515,4.777608513873174,-0.7904695967537805,1.0139989140294574
44.0,194.0,143.72531127929688,-1.0316897278848165,2.682195788509194,-4.920570875618734,-4.9769579265258495,-2.4976792629432736,1.3407786529704548,-0.5388260414842332,4.777607214854525,-0.7904687197004341,1.0139961557326256
44.0,194.0,143.72531127929688,-1.0316912734548105,2.682192914734629,-4.920572491127703,-4.976959584267536,-2.497683308022763,1.3407774880894587,-0.5388240901514845,4.777608366992556,-0.7904696534756308,1.0139986119974154
44.0,194.0,143.7252960205078,-1.031687655278526,2.682193582836528,-4.920569456633375,-4.976961465231647,-2.4976798630263373,1.3407772418424049,-0.5388246175770579,4.777608058852664,-0.790468788952646,1.0139977398299704
44.0,194.0,143.7252960205078,-1.0316891815506244,2.6821947331514995,-4.920570675880544,-4.9769588976554,-2.4976810449238096,1.3407778848475012,-0.5388255496923158,4.777607421347021,-0.7904688058283353,1.013996593289603
44.0,194.0,143.72531127929688,-1.0316887192980948,2.682194596176465,-4.920569648396771,-4.976956553670065,-2.497680310612325,1.3407793103896406,-0.5388258878768806,4.777608035756582,-0.7904693265000207,1.013995530333002
44.0,194.0,143.72531127929688,-1.0316898031037929,2.6821957673177828,-4.920573302277173,-4.976961274086391,-2.4976798642921345,1.3407779493068528,-0.5388238658126951,4.777607643093623,-0.7904686957839342,1.0139973904259438
44.0,194.0,143.72531127929688,-1.0316895028920925,2.6821931167023454,-4.920572016348418,-4.976957872256161,-2.4976812466419114,1.3407772894711183,-0.5388247891547868,4.777608540125984,-0.7904694751103776,1.0139972642735078
44.0,194.0,143.7252960205078,-1.0316901931015283,2.6821934593816907,-4.920570245393146,-4.976959488199138,-2.497678050291286,1.340775928462442,-0.5388254824136007,4.777609179395197,-0.7904686810993597,1.0139970368444997
44.0,194.0,143.72531127929688,-1.0316925907357213,2.68219349262689,-4.920568354186192,-4.976962596889701,-2.4976834446822345,1.340775130789834,-0.5388227824521694,4.777610464114163,-0.7904686896140687,1.0140006025287498
44.0,194.0,143.7252960205078,-1.0316879869200903,2.682192543277427,-4.9205704566257005,-4.976960182207098,-2.4976758997558783,1.3407775051074475,-0.5388256113931718,4.777606709981328,-0.7904678249408477,1.0139956550982454
44.0,194.0,143.7252960205078,-1.0316900609922728,2.682192008492573,-4.920568162942819,-4.976961915769148,-2.497680945805593,1.3407754604232478,-0.5388234619308649,4.777609109465862,-0.7904683596345397,1.0139985193470622
44.0,194.0,143.7252960205078,-1.0316888318044537,2.682193917837175,-4.920571120998257,-4.976961150598994,-2.497678618496625,1.3407769324196115,-0.5388250069149425,4.777607645221476,-0.7904685979561812,1.013997683286992
44.0,194.0,143.7252960205078,-1.0316932908627634,2.682194241153089,-4.920569523041571,-4.976965414180047,-2.497683979905869,1.340773593943991,-0.5388210750387303,4.777610574856155,-0.7904681855411528,1.0140025958078454
44.0,194.0,143.7252960205078,-1.031690579503647,2.6821912765124702,-4.920568361806563,-4.976963290435926,-2.4976817976525623,1.3407750732223,-0.5388245754931145,4.777609780262635,-0.7904685805524201,1.013999352379546
44.0,194.0,143.72531127929688,-1.0316905998460113,2.6821895890444205,-4.920569740521641,-4.976962499222412,-2.497684572698607,1.3407753121218686,-0.5388229788541787,4.777611586483051,-0.7904694157878973,1.0139994649274566
44.0,194.0,143.7252960205078,-1.0316899458324578,2.682196822962867,-4.920568395860968,-4.976959900723046,-2.497678453238044,1.340776628549147,-0.5388257450783556,4.777607546240603,-0.7904675487181203,1.0139977227492016
44.0,194.0,143.72531127929688,-1.031690935242418,2.6821913999460376,-4.9205714908671565,-4.976961711107168,-2.4976818486780723,1.3407752823626335,-0.5388236525647772,4.777610267557106,-0.790468943347336,1.0139991973728542
44.0,194.0,143.7252960205078,-1.0316911169148382,2.6821925338460426,-4.920574562971331,-4.9769636846523975,-2.497679305868315,1.3407763541944506,-0.5388238165706234,4.777609282769681,-0.7904690413729156,1.0139984594388896
44.0,194.0,143.72531127929688,-1.031687267736992,2.682194544958527,-4.92057176937516,-4.976959849605444,-2.4976788890854564,1.340777207294705,-0.5388260156683664,4.777608165740517,-0.7904689555845286,1.013996635968848
44.0,194.0,143.7252960205078,-1.0316881217133695,2.682194639420937,-4.920571893417106,-4.976961610091856,-2.497676432866018,1.3407772732899108,-0.5388250537442723,4.777606261354196,-0.7904682626792159,1.013996880044842
44.0,194.0,143.72531127929688,-1.0316910744814178,2.682193149092745,-4.920570202596749,-4.976959698952223,-2.497681087475883,1.340776480562944,-0.5388231612582652,4.777607642205036,-0.7904686253219415,1.013998816784146
44.0,194.0,143.72531127929688,-1.031691219449443,2.6821920699780666,-4.920571437782414,-4.976964144098743,-2.497682893046369,1.340776892656338,-0.5388221393655277,4.777609977933588,-0.7904687197133571,1.013999709969525
44.0,194.0,143.72531127929688,-1.031688024786726,2.682192666084382,-4.920571638637477,-4.97696037280273,-2.497680531903164,1.3407768305109888,-0.5388258533968049,4.777610030603146,-0.7904697619853156,1.0139973227561132
44.0,194.0,143.72531127929688,-1.0316890620985846,2.6821921608163226,-4.920569650730453,-4.976961220927198,-2.4976814849336697,1.3407759538875288,-0.5388248017927886,4.777610457432445,-0.7904692124626855,1.0139983292133623
44.0,194.0,143.7252960205078,-1.0316897698535277,2.6821909223349385,-4.920569987226055,-4.976963381476998,-2.4976808537142503,1.340775218764973,-0.5388240777581608,4.777610648367885,-0.7904686513214196,1.0139988125311126
44.0,194.0,143.72531127929688,-1.0316880294168596,2.6821926660614137,-4.920571250953354,-4.976962782191077,-2.4976784081491727,1.340777268687818,-0.538825260607398,4.777607089012022,-0.7904686965618009,1.0139971905693574
44.0,194.0,143.72531127929688,-1.0316910361070613,2.6821897262961016,-4.920570010121113,-4.97696252306406,-2.4976818343002045,1.3407743068830251,-0.5388225437550567,4.777608605433162,-0.7904685752664165,1.0139999320715385
44.0,194.0,143.72531127929688,-1.0316882845687427,2.682195857557149,-4.920571181730655,-4.976960589843206,-2.497678390892138,1.340777558450692,-0.5388262300956264,4.777608333150472,-0.7904689288885169,1.013997184681207
44.0,194.0,143.72531127929688,-1.0316922852990371,2.68219237823745,-4.920572730606346,-4.976961767518203,-2.4976813483836766,1.3407760088374756,-0.5388232371744808,4.777609479178761,-0.7904689897681498,1.013999634961395
44.0,194.0,143.72531127929688,-1.0316915517578424,2.682190259769163,-4.920574232694101,-4.976963148674942,-2.497683155225213,1.3407750309664692,-0.5388220155738912,4.777610069638007,-0.7904697172907884,1.013999631846934
44.0,194.0,143.72531127929688,-1.0316911930622648,2.682195381208184,-4.920569437468847,-4.976957343926071,-2.497678241086505,1.3407759002682529,-0.5388250512201012,4.777605919226266,-0.7904681919083458,1.0139972824064838
44.0,194.0,143.72531127929688,-1.03169278789699,2.682191147855292,-4.920572134619888,-4.976959751931458,-2.4976827271198787,1.3407749043073591,-0.5388223593394104,4.777609718082864,-0.7904695949115297,1.0139985176921007
44.0,194.0,143.72531127929688,-1.031693038753799,2.682191541869411,-4.920569732261086,-4.976963986322546,-2.4976825604133195,1.340774243835865,-0.5388212858771793,4.777609964501272,-0.790468434757706,1.0140010091826257
44.0,194.0,143.72531127929688,-1.0316903957220696,2.682191556600361,-4.920571098062045,-4.976962212664764,-2.497681656410562,1.3407765902287885,-0.538823789207096,4.7776090057482445,-0.7904688544657628,1.0139989386996096
44.0,194.0,143.7252960205078,-1.0316932160937258,2.6821912671905785,-4.920570192842885,-4.976961196112297,-2.4976844768339337,1.340775065371015,-0.5388211353941461,4.777609071458373,-0.7904686311866262,1.0140008346286449
44.0,194.0,143.7252960205078,-1.0316878775124607,2.682197179667849,-4.920569031594235,-4.976956140405669,-2.497677129908586,1.3407800018594056,-0.5388276140426971,4.777606951032748,-0.7904693685260265,1.0139946864135556
44.0,194.0,143.7252960205078,-1.0316926185942594,2.6821957017827,-4.920569203646664,-4.976958240436494,-2.49768152653546,1.3407767637873462,-0.5388246570806636,4.777608471255565,-0.7904693510728302,1.013998676073041
44.0,194.0,143.7252960205078,-1.0316891430087898,2.68219093559021,-4.920569870615725,-4.976962142234122,-2.4976801491221368,1.3407762348812096,-0.5388236827093573,4.777609137026492,-0.7904687274772213,1.0139979787281392
44.0,195.0,143.72531127929688,-1.0316915337356782,2.6821950577864904,-4.920566427168582,-4.976961032438364,-2.497682914881948,1.3407760485031348,-0.5388239176930574,4.777611586499079,-0.790468665096494,1.0140001043706368
44.0,195.0,143.72531127929688,-1.0316894287847194,2.68219507401541,-4.920565921366416,-4.976963551805724,-2.497679388531423,1.3407749969030247,-0.5388245537506897,4.777609880822508,-0.7904675214144214,1.0139994823804326
44.0,195.0,143.7252960205078,-1.031692256262005,2.6821900757502384,-4.920569478965777,-4.9769653270431,-2.497684495753897,1.3407742646605223,-0.5388223155878693,4.777610787021063,-0.7904681889399443,1.014000979700293
44.0,195.0,143.72531127929688,-1.0316899182075314,2.6821929006040355,-4.920571442913558,-4.9769621217994935,-2.4976811199038504,1.3407759584281465,-0.5388238162210266,4.777608197872414,-0.7904684902102357,1.0139982458498542
44.0,195.0,143.7252960205078,-1.0316908056651468,2.682197418762752,-4.920568057133981,-4.97696031770881,-2.4976812332544096,1.340777823954853,-0.5388246957709439,4.7776069724203225,-0.7904679348969701,1.0139989442702015
44.0,195.0,143.72531127929688,-1.0316905634603897,2.682196787421244,-4.920568993236283,-4.976961037314565,-2.497681741478601,1.3407767674467186,-0.5388247145993272,4.777609447762991,-0.7904685578814714,1.0139996774260265
44.0,195.0,143.7252960205078,-1.0316924887168004,2.6821929697396287,-4.920568842700097,-4.976960705578623,-2.4976835879484574,1.3407753216436469,-0.5388227030479253,4.777608634348965,-0.7904688677528391,1.0140001054649774
44.0,195.0,143.72531127929688,-1.0316881230820032,2.682192923463635,-4.920569130839888,-4.976963685763299,-2.4976779633861868,1.3407756402311255,-0.5388258343390877,4.777608445188019,-0.7904675123002018,1.0139978005523966
44.0,195.0,143.72531127929688,-1.031689737570733,2.6821969037606834,-4.920571556988603,-4.976957137690446,-2.4976774060278,1.3407778572194529,-0.5388261994365546,4.777607004807635,-0.7904688951529018,1.0139961553606636
44.0,195.0,143.72531127929688,-1.0316943176387334,2.682191296355728,-4.920569633744488,-4.976962003776363,-2.497687679396116,1.3407746184283482,-0.5388206841108065,4.777612081889005,-0.7904696695245628,1.0140027120441193
44.0,195.0,143.72531127929688,-1.031693669079381,2.6821965366249136,-4.920570401973299,-4.976961520059508,-2.497682483438149,1.340777945693571,-0.5388227951945481,4.777608485802203,-0.7904682312516478,1.0139998572119922
44.0,195.0,143.7252960205078,-1.0316904482116822,2.682196443848272,-4.920570527799579,-4.976958772009767,-2.4976785018989323,1.3407789674904356,-0.5388256152452193,4.777608039938997,-0.7904682687096205,1.013996882519291
44.0,195.0,143.7252960205078,-1.0316895975657303,2.6821967000130016,-4.920568428069954,-4.976959114623998,-2.497679507241241,1.3407771614405828,-0.5388256865772023,4.777608732328325,-0.7904683446719414,1.0139969463209848
44.0,195.0,143.72531127929688,-1.031688514980508,2.682193217478339,-4.920569674911232,-4.976962459489116,-2.4976772325641186,1.3407767265587056,-0.5388250455381014,4.777606662448235,-0.7904680369817516,1.0139964479600652
44.0,195.0,143.72531127929688,-1.031690579819125,2.682196358082198,-4.920568856036044,-4.976960741909345,-2.4976784063750213,1.340775861805284,-0.5388251493306786,4.777607070727557,-0.7904680719385233,1.0139983865714814
44.0,195.0,143.7252960205078,-1.0316935014072164,2.6821908269939154,-4.920569894945281,-4.976963062110089,-2.4976807718041965,1.3407742972655736,-0.5388224996599984,4.777610291383862,-0.7904687020312569,1.0140003543545326
44.0,195.0,143.72531127929688,-1.0316905631730269,2.6821949102051583,-4.920566712439346,-4.976964135749171,-2.497681206084121,1.3407740736073572,-0.5388230129592095,4.777609463484641,-0.7904679097264369,1.014001077012311
44.0,195.0,143.72531127929688,-1.0316895858016966,2.682193698691143,-4.92057096799593,-4.976962934781693,-2.49767949378237,1.340776488964992,-0.5388248265301883,4.777609287041013,-0.7904685666110742,1.013997594096577
44.0,195.0,143.72531127929688,-1.0316899944350344,2.6821983225720745,-4.920568445809564,-4.9769582761792535,-2.4976781208093595,1.340776510189471,-0.5388261349294439,4.777606357882284,-0.7904684814804446,1.0139974598664256
44.0,195.0,143.72531127929688,-1.0316884751036843,2.682194428192473,-4.9205687783040855,-4.976962342987956,-2.497677101596836,1.340776085173676,-0.5388256217407141,4.777608445348944,-0.7904677576956836,1.013997604390755
44.0,195.0,143.72531127929688,-1.0316881082904,2.6821955436920657,-4.920569384603896,-4.976958601190446,-2.4976767202956296,1.3407784368873354,-0.5388266260826065,4.777606877594266,-0.7904679292646124,1.0139963060688515
44.0,195.0,143.72531127929688,-1.0316921461892687,2.682193757803491,-4.920567689669551,-4.97696325037344,-2.4976823295120694,1.3407731908889753,-0.538823080719725,4.777611725242668,-0.7904676482023305,1.0140013382565929
44.0,195.0,143.7252960205078,-1.0316888608281207,2.68219136257218,-4.920570595501768,-4.976962621282494,-2.497679404516951,1.3407756830013795,-0.5388244658647698,4.777609432349985,-0.7904689872952879,1.013997562380185
44.0,195.0,143.72531127929688,-1.0316898486346906,2.6821934188917336,-4.920573844545235,-4.976961560530649,-2.497679643177616,1.3407775338685362,-0.5388229500765886,4.777606521633182,-0.790469466793307,1.0139986202798834
44.0,195.0,143.72531127929688,-1.0316916464358448,2.682192689732701,-4.920569174685619,-4.976963289587556,-2.4976798211674205,1.3407750754445322,-0.5388242833122403,4.777609516699265,-0.79046765604655,1.013998462049594
44.0,195.0,143.7252960205078,-1.031694613915514,2.682193660805967,-4.920569093448831,-4.976960414529163,-2.497685351493515,1.3407755374372812,-0.5388222407934542,4.777609530290235,-0.7904697460189141,1.0140008746342977
44.0,195.0,143.72531127929688,-1.0316906950324674,2.682195485270088,-4.920568857105104,-4.976958926314948,-2.4976793896235576,1.3407764807891134,-0.5388253105291838,4.777607931034307,-0.7904685358057577,1.0139981646030811
44.0,195.0,143.72531127929688,-1.0316900528593869,2.682191576542447,-4.920572860004992,-4.976962351135578,-2.4976807354946144,1.3407770403894794,-0.538824119184965,4.777609635387339,-0.7904693831932521,1.0139982876489508
44.0,195.0,143.72531127929688,-1.0316876655804008,2.6821925797670527,-4.920572858990972,-4.976960395980791,-2.497679989065225,1.3407778466185487,-0.5388251879105335,4.777608049955212,-0.79046936719398,1.013996732878808
44.0,195.0,143.72531127929688,-1.0316922377649873,2.682189881612537,-4.920570826140905,-4.976962122141304,-2.4976813343826305,1.340774755764608,-0.5388215689779416,4.777609113923127,-0.790468375502626,1.0139995901279208
44.0,195.0,143.72531127929688,-1.031689434759786,2.6821951945310305,-4.920569568677769,-4.976961032090519,-2.497677976499081,1.3407769500720743,-0.5388251298052911,4.777608631516504,-0.7904681923756947,1.0139976622151874
44.0,195.0,143.7252960205078,-1.0316899968065312,2.6821902224094787,-4.9205680847324365,-4.976966490056196,-2.497681022775449,1.3407726910752826,-0.5388233643270262,4.777613411504751,-0.7904682516035386,1.0140005199876096
44.0,195.0,143.72531127929688,-1.0316914616141482,2.6821953604624564,-4.920570561787557,-4.976958147945306,-2.497680871471996,1.340778076839574,-0.5388235736953151,4.777606891994674,-0.7904693724364895,1.0139985745607092
44.0,195.0,143.7252960205078,-1.0316873323403404,2.682194254496525,-4.920570731822114,-4.976957355400876,-2.497678903570544,1.340779350841248,-0.5388265327410959,4.777607289500359,-0.7904688614533271,1.013995722495312
44.0,195.0,143.7252960205078,-1.0316912593834582,2.6821926296574548,-4.920569428800745,-4.976961568672967,-2.497681982173017,1.3407759079344732,-0.5388232080845832,4.777608830678084,-0.7904692296634366,1.01399896307883
44.0,195.0,143.7252960205078,-1.0316909508705194,2.6821901304965747,-4.920572663705987,-4.976965450369414,-2.497681213192481,1.340774175014224,-0.5388240472008636,4.777611033929626,-0.7904690541200239,1.0139983975096225
44.0,195.0,143.72531127929688,-1.0316896423774358,2.682194653188235,-4.920571002808369,-4.976962904814666,-2.4976794574444297,1.3407759135728874,-0.5388241506587566,4.777608783215221,-0.7904681941150349,1.0139991205131516
44.0,195.0,143.72531127929688,-1.0316925910231365,2.682190955783861,-4.920572645762396,-4.976963244305545,-2.497682163562452,1.3407761756293557,-0.5388230980352935,4.777609888744083,-0.790468580914907,1.013999373581294
44.0,195.0,143.72531127929688,-1.0316902393934957,2.6821901256529967,-4.92057163435921,-4.976963342325505,-2.4976840270039795,1.3407755098975365,-0.5388229895729495,4.777611129340562,-0.790469340165906,1.0139994524228255
44.0,195.0,143.72531127929688,-1.0316889381374117,2.6821899356319623,-4.920568691757411,-4.976962902384332,-2.497678007799494,1.3407744307022045,-0.5388261154439835,4.777609870983868,-0.7904677689366171,1.013996387453374
44.0,195.0,143.72531127929688,-1.0316891415012508,2.6821926350651912,-4.920568723896247,-4.976964210638755,-2.497680766937704,1.340775455586531,-0.5388242534964363,4.77760920653877,-0.7904690228896554,1.0139986847793772
44.0,195.0,143.72531127929688,-1.031691206966492,2.6821962884408457,-4.92056893101868,-4.9769613703978495,-2.497679512711352,1.340775034219729,-0.5388246205712228,4.777606822152468,-0.790468460777987,1.013999054476268
44.0,195.0,143.7252960205078,-1.0316914950366085,2.6821928288271213,-4.920568113004749,-4.97696066072584,-2.497681887759168,1.340775503619466,-0.5388230728282632,4.7776082453187065,-0.7904690139417934,1.0139993102930245
44.0,195.0,143.7252960205078,-1.0316909972952617,2.682190922479811,-4.920571001036851,-4.97696265133085,-2.497682166008436,1.3407766589918548,-0.5388225759855478,4.777609322422931,-0.7904692298478286,1.013999617701046
44.0,195.0,143.7252960205078,-1.0316893145025174,2.682193563622312,-4.920569678898646,-4.976961413543913,-2.497679170682126,1.340775913771898,-0.5388248179150565,4.777607639107311,-0.7904685633985729,1.0139987630215952
44.0,195.0,143.7252960205078,-1.0316890726489962,2.682193126328976,-4.920569107625627,-4.976963343956113,-2.497681451158153,1.3407753964989428,-0.5388245612249243,4.777609093306703,-0.7904679527371279,1.0139989100705105
44.0,195.0,143.7252960205078,-1.0316922521296137,2.6821920672705364,-4.920568137041565,-4.976961035526424,-2.497683598883895,1.3407753521028294,-0.5388231874283118,4.777609196332142,-0.7904677301404579,1.0139995916114506
44.0,195.0,143.72531127929688,-1.03169100232047,2.6821906741096697,-4.920571410472862,-4.9769614161282565,-2.497681779800624,1.3407754561990028,-0.5388241173913677,4.777610249815966,-0.7904691203118563,1.0139984083685816
44.0,195.0,143.7252960205078,-1.0316928491208517,2.6821935442165943,-4.920571436960451,-4.976959653595729,-2.497684332564132,1.340775817968245,-0.5388225041248571,4.777607883409846,-0.7904692645174904,1.0139999769467227
44.0,195.0,143.7252960205078,-1.031689664196365,2.6821932444679284,-4.920571027693972,-4.976960747941106,-2.4976804775394856,1.3407763469082123,-0.5388245203631348,4.777607893824948,-0.7904687039788385,1.0139973107706357
44.0,196.0,143.7252960205078,-1.031690906294905,2.682191405119239,-4.92057213913444,-4.9769586304571005,-2.4976809051730604,1.3407754168554715,-0.5388260063355172,4.777609210710528,-0.7904692496992203,1.0139963930509976
44.0,196.0,143.72531127929688,-1.0316929944578508,2.682190494296143,-4.920569169163835,-4.9769619871358985,-2.497684185174407,1.340774918266133,-0.5388211597635735,4.7776087605444175,-0.7904684686559964,1.0140006626577094
44.0,196.0,143.7252960205078,-1.0316900250990644,2.682190367431275,-4.920571671483184,-4.976962323115674,-2.497681920150658,1.340775457177985,-0.538823030395128,4.777609863282807,-0.7904692463593683,1.0139993665345912
44.0,196.0,143.72531127929688,-1.0316923294922995,2.682190661088775,-4.920571376220516,-4.976962197853863,-2.4976847456600733,1.340775869542794,-0.5388229120665367,4.777611182791105,-0.7904694146095164,1.013999590888757
44.0,196.0,143.72531127929688,-1.0316918387166345,2.682191841783093,-4.920571534155603,-4.976963467637567,-2.4976829443122184,1.340775944682152,-0.5388225352751439,4.777610045627624,-0.7904696011074801,1.014000372526359
44.0,196.0,143.72531127929688,-1.0316899060489786,2.6821923004622192,-4.920570896011582,-4.976958965817993,-2.4976798759820285,1.340777347513411,-0.5388239700425821,4.777608403027212,-0.7904686616318859,1.013997400098484
44.0,196.0,143.7252960205078,-1.0316909189921448,2.6821936537820514,-4.920570658962454,-4.976962469999752,-2.497678714321153,1.3407760603101506,-0.5388241527312863,4.7776090490000485,-0.790468461696709,1.013998228279772
44.0,196.0,143.72531127929688,-1.031689803757022,2.682194993848733,-4.920568000063404,-4.976959949086008,-2.4976802641399702,1.3407770736660858,-0.538825667788716,4.777608514198008,-0.790467830558538,1.013997915729064
44.0,196.0,143.72531127929688,-1.0316905149390094,2.6821964356517807,-4.920566650982683,-4.976958628095063,-2.4976808285673195,1.340776794932531,-0.5388259988456987,4.777610191261511,-0.7904686703506982,1.0139983283176202
44.0,196.0,143.72531127929688,-1.0316922130122743,2.6821908512673858,-4.920568388508699,-4.976961065224492,-2.497684382574505,1.3407748040163128,-0.538822151911428,4.777610297095409,-0.7904688480694952,1.0140001695417968
44.0,196.0,143.72531127929688,-1.0316880610482153,2.682191450156237,-4.920570125471601,-4.976961897453228,-2.49768052412448,1.3407761664247095,-0.5388253622804262,4.7776103809828445,-0.7904688987802171,1.0139986282687303
44.0,196.0,143.7252960205078,-1.031688207758554,2.682196121317649,-4.920569352346176,-4.976960044747776,-2.4976788518703046,1.3407777847391251,-0.5388259111838103,4.777607297022691,-0.7904676145521456,1.013996919353758
44.0,196.0,143.7252960205078,-1.0316898288032634,2.682191304854986,-4.920571417831187,-4.976964445601702,-2.497680873395139,1.3407749256501995,-0.5388235137208417,4.777609488733148,-0.7904685665276387,1.0139990416359286
44.0,196.0,143.72531127929688,-1.0316889815283918,2.682196275628491,-4.920571990404784,-4.976960133643792,-2.497679348552867,1.340777918128719,-0.5388259108454116,4.777606861698617,-0.7904688801555375,1.0139966995855616
44.0,196.0,143.72531127929688,-1.0316894836440356,2.682191644078632,-4.9205717238139455,-4.976960103682201,-2.4976816618580884,1.3407785617634884,-0.5388243307300726,4.777608121565207,-0.7904694275188238,1.0139975224340994
44.0,196.0,143.72531127929688,-1.031690899942684,2.68219188559206,-4.92057092274657,-4.976962903059512,-2.497681985285138,1.3407754699257275,-0.5388233732570988,4.777610090011452,-0.7904690605788218,1.0139988372482955
44.0,196.0,143.72531127929688,-1.0316917712280675,2.682189525701,-4.920569231624475,-4.976965025696144,-2.497683286115695,1.34077364379558,-0.5388219411181989,4.777610523506263,-0.7904686565637018,1.0140011119396144
44.0,196.0,143.7252960205078,-1.031693304663381,2.682193985138557,-4.920569863405458,-4.976958450200456,-2.4976837930685485,1.340777193816476,-0.5388232851500208,4.777607896137999,-0.7904693734618791,1.0139992602538497
44.0,196.0,143.72531127929688,-1.03168921533352,2.6821945349061824,-4.920568915131195,-4.976961612555027,-2.497679881939128,1.3407755796983185,-0.5388251751970907,4.777608359243439,-0.790467911238494,1.013998775167658
44.0,196.0,143.72531127929688,-1.0316908810174126,2.682195013831519,-4.920569342054669,-4.976959256595366,-2.497680601485775,1.3407781268807248,-0.538824200510116,4.777607970303087,-0.7904684622652693,1.013998594888661
44.0,196.0,143.72531127929688,-1.0316895431974853,2.6821942726015315,-4.920572594958536,-4.976962543867289,-2.4976786809707283,1.3407775214448687,-0.5388243425871728,4.777608147959814,-0.7904685893310042,1.0139980061939091
44.0,196.0,143.7252960205078,-1.0316914701934077,2.6821920071621443,-4.920567649229013,-4.976960629795679,-2.497679837652713,1.3407746008108117,-0.5388237416123154,4.777608840170032,-0.790468310781745,1.0139985282934934
44.0,196.0,143.7252960205078,-1.031689840179077,2.6821930842358386,-4.920569093022852,-4.976961228910659,-2.497681921690151,1.34077665304771,-0.5388235330934457,4.777609385982608,-0.7904687376996291,1.013998590474387
44.0,196.0,143.7252960205078,-1.0316912491111951,2.6821923165761987,-4.920570200431596,-4.976962961443914,-2.4976843168607115,1.340775578163914,-0.5388232107019615,4.777609228545806,-0.7904697311687778,1.0140004152911786
44.0,196.0,143.72531127929688,-1.0316887369106045,2.6821932705130465,-4.920571783877546,-4.976956969397147,-2.4976772746546034,1.3407772982758424,-0.5388268921471253,4.777607559527198,-0.7904686932840166,1.0139950275760323
44.0,196.0,143.72531127929688,-1.031689866084205,2.6821927645125143,-4.920570380364332,-4.97695670471092,-2.4976789799170045,1.3407779319863078,-0.5388252180356501,4.777608484227413,-0.7904693436315666,1.0139966350921803
44.0,196.0,143.72531127929688,-1.03168953487058,2.682191103723758,-4.920569777601052,-4.9769645408506245,-2.497683342331648,1.3407764761740897,-0.5388234894451074,4.777610237707874,-0.7904687337993241,1.0139994160450367
44.0,196.0,143.7252960205078,-1.031689741855658,2.682192663950307,-4.920572461055362,-4.976957829199417,-2.497679066357491,1.340778426238785,-0.5388252456192788,4.777607227922527,-0.7904697038356945,1.013995410276114
44.0,196.0,143.72531127929688,-1.0316915171969376,2.682194581676179,-4.920568489521682,-4.976961619503383,-2.497683092886518,1.3407764055381683,-0.5388238620039241,4.7776102486557335,-0.7904693507782161,1.0139994631811984
44.0,196.0,143.7252960205078,-1.031690737608267,2.6821921882548105,-4.92056936532002,-4.976961166197551,-2.497684189871765,1.340775117220714,-0.5388240575905909,4.777611000844592,-0.7904687971645172,1.0139990238282357
44.0,196.0,143.72531127929688,-1.0316936691738694,2.6821937393253563,-4.920567557736439,-4.9769618835143605,-2.497684949608359,1.3407739669319962,-0.538822390021565,4.777610295458612,-0.7904687892100339,1.0140010752240372
44.0,196.0,143.72531127929688,-1.0316923210767897,2.682189598319128,-4.92057034064788,-4.976961753592588,-2.4976849180213496,1.340774810900566,-0.5388222288154099,4.777610408447826,-0.7904696786821832,1.0139994317099763
44.0,196.0,143.7252960205078,-1.0316893767419808,2.6821931117269324,-4.920570278441464,-4.976958750308804,-2.4976771854542217,1.3407762705045458,-0.5388253324983241,4.777607732924519,-0.7904691531721095,1.0139968426453274
44.0,196.0,143.7252960205078,-1.0316922649462197,2.68219277817106,-4.920569384192583,-4.976960335907617,-2.4976828139357528,1.340775633882668,-0.5388234611299794,4.777609306849271,-0.7904691318827952,1.013999360925201
44.0,196.0,143.7252960205078,-1.0316888325579483,2.6821953571503343,-4.920570986622458,-4.9769595159919655,-2.4976788725950225,1.3407781279580924,-0.5388256287184472,4.777607876792736,-0.7904692210227102,1.0139974991760914
44.0,196.0,143.7252960205078,-1.031690541761379,2.6821911211971186,-4.920571113028705,-4.976962875964857,-2.4976806831012826,1.3407753242883294,-0.5388234674874672,4.777608883153171,-0.7904678045341242,1.0139988528256811
44.0,196.0,143.72531127929688,-1.031690497797087,2.682193015214283,-4.920572480834483,-4.976961180497102,-2.4976807376168693,1.340776219252275,-0.5388241232100448,4.777608793762617,-0.7904689934584699,1.0139981116015768
44.0,196.0,143.72531127929688,-1.0316901236736258,2.682192998392156,-4.920569143410242,-4.976962509406072,-2.4976814855785783,1.3407759217968778,-0.5388247438575222,4.777610277176695,-0.7904685455275837,1.0139978393889768
44.0,196.0,143.72531127929688,-1.0316905827085976,2.6821924410358635,-4.920571771114032,-4.976961889379946,-2.4976814019124705,1.3407774007812758,-0.5388238873498832,4.777608439399131,-0.7904690207897884,1.0139980296232851
44.0,196.0,143.72531127929688,-1.0316915053369469,2.682194368319905,-4.920570087397929,-4.976962907296439,-2.497682553298798,1.3407759260140055,-0.5388233814238887,4.777608600962836,-0.7904689524356074,1.0140005072583902
44.0,196.0,143.7252960205078,-1.0316890307422808,2.6821940385185785,-4.920570192964956,-4.976961885219842,-2.497680798373216,1.3407771961370454,-0.5388249469612756,4.777609517244599,-0.7904689733360506,1.0139979793255105
44.0,196.0,143.7252960205078,-1.031691670956854,2.682195386416031,-4.92056993288922,-4.976958849379298,-2.497680412047431,1.3407775878613712,-0.5388243705426152,4.777607543770122,-0.7904684015284342,1.0139969463437328
44.0,196.0,143.7252960205078,-1.0316936251280264,2.682191927875968,-4.920571630125519,-4.9769627863800165,-2.4976832184858515,1.3407753337739825,-0.5388211969415639,4.777609310025317,-0.790468911057653,1.0140007998570342
44.0,196.0,143.72531127929688,-1.031690199052627,2.6821928666835664,-4.9205718422162885,-4.97696329645015,-2.4976808961256465,1.3407766722424244,-0.5388234956744302,4.777608600619223,-0.7904689177335777,1.0139990373407013
44.0,196.0,143.7252960205078,-1.0316921486094763,2.682189919937517,-4.920572176351835,-4.976963772260523,-2.497682913273519,1.3407748376822584,-0.5388224530692112,4.777610634072939,-0.7904685831944764,1.0139992316822433
44.0,196.0,143.7252960205078,-1.0316887833847137,2.682194023784593,-4.920569063648223,-4.976960158472101,-2.4976811470913924,1.34077757991665,-0.5388259825787243,4.777608880175597,-0.7904685403595089,1.01399742417244
44.0,196.0,143.72531127929688,-1.0316967789967446,2.682193359835764,-4.920568638388537,-4.9769604882648055,-2.497687142518474,1.340774783927322,-0.5388204792836779,4.77761043346163,-0.7904695628328975,1.0140021250533913
44.0,196.0,143.7252960205078,-1.0316930330462704,2.6821935607600302,-4.920571319603557,-4.976960380163251,-2.497683278963666,1.3407766239201715,-0.5388229373190923,4.777607342994385,-0.790468739054246,1.0139996338784265
44.0,196.0,143.7252960205078,-1.0316931044172248,2.682191584834646,-4.920570109621425,-4.976963492005275,-2.4976836020545825,1.3407746390816282,-0.5388213392021264,4.777609705975159,-0.7904683686513243,1.0140006541139366
44.0,196.0,143.72531127929688,-1.0316885252269126,2.6821921991129827,-4.920569766795952,-4.976956940773843,-2.497680458068677,1.3407779463648026,-0.5388264546494916,4.777610175214802,-0.7904699424415726,1.0139956670793815
44.0,197.0,143.7252960205078,-1.0316897598068795,2.682191462654898,-4.920570886196017,-4.976961394400028,-2.4976783504804585,1.340776107790286,-0.5388249107212868,4.777607417533631,-0.7904682818242357,1.0139968687327636
44.0,197.0,143.72531127929688,-1.0316899862055662,2.682193389648173,-4.92056989110831,-4.976960804182772,-2.4976814531352547,1.3407774242962305,-0.5388243738657064,4.777608742871497,-0.7904683939658534,1.0139982795129845
44.0,197.0,143.7252960205078,-1.0316903929842018,2.682194577532612,-4.920571922692263,-4.976957707702942,-2.4976812766798844,1.3407770071303782,-0.5388244386786525,4.7776068965993055,-0.7904696504379336,1.0139979920215154
44.0,197.0,143.7252960205078,-1.0316902145736635,2.68219347117042,-4.920570154276215,-4.976961333519463,-2.4976793902286043,1.340775385979203,-0.5388252575268915,4.777609406407553,-0.790468804277916,1.013998257281754
44.0,197.0,143.72531127929688,-1.0316903871462553,2.6821919257511944,-4.920571587842824,-4.976960655079835,-2.497680563094713,1.3407761459923453,-0.5388241686853155,4.777608566073546,-0.7904692083891076,1.0139980815728524
44.0,197.0,143.7252960205078,-1.0316884711706225,2.682193604196094,-4.920570392080585,-4.976959508677597,-2.497678658364145,1.3407769109255918,-0.5388255931423744,4.777607997386959,-0.7904683586704877,1.0139966869409562
44.0,197.0,143.72531127929688,-1.0316918078961512,2.682192447693136,-4.920572154508835,-4.976957396770012,-2.4976835120128387,1.3407770281097608,-0.538823534864008,4.777608616950909,-0.7904697109806627,1.013997650156285
44.0,197.0,143.7252960205078,-1.0316911363409926,2.6821933879832427,-4.9205703480110055,-4.976961916133978,-2.497682423919329,1.3407766524143314,-0.5388232687195318,4.77760979661381,-0.7904690854277794,1.0139998474494971
44.0,197.0,143.7252960205078,-1.0316911800816388,2.68219144940182,-4.920571674581877,-4.976962126641282,-2.4976826820039912,1.3407765773771114,-0.5388229607351045,4.777608706889001,-0.790469299876289,1.0139994501676686
44.0,197.0,143.72531127929688,-1.0316919328727954,2.6821914625001924,-4.920571583170374,-4.976959870309225,-2.497680066841048,1.3407747277314837,-0.5388237033298804,4.777608260117322,-0.7904688074253556,1.0139980484394029
44.0,197.0,143.72531127929688,-1.0316921450691403,2.6821902773048283,-4.920571852868666,-4.97696170442658,-2.49768178445555,1.3407747661519576,-0.5388231021986112,4.777610070350796,-0.7904690947088415,1.013998494709644
44.0,197.0,143.7252960205078,-1.0316922019378283,2.6821925913678504,-4.920572232555327,-4.976963182013846,-2.497684612918709,1.3407752506419204,-0.5388226545110157,4.777611263294496,-0.7904693988518128,1.0140005871255695
44.0,197.0,143.7252960205078,-1.031687923327799,2.682193791341831,-4.920569097047601,-4.97695923511627,-2.4976777720172594,1.3407767709788487,-0.53882663471658,4.77760825056852,-0.7904691662917553,1.0139967876573277
44.0,197.0,143.72531127929688,-1.0316884150161156,2.6821911462614416,-4.920568569315958,-4.97696308715717,-2.4976800143614075,1.3407761609198,-0.538824787843641,4.777610326409382,-0.7904681583638595,1.0139980575473695
44.0,197.0,143.72531127929688,-1.031689433773748,2.682193097904909,-4.920571021901212,-4.9769604614666845,-2.4976797157771906,1.340776745202394,-0.5388248831058391,4.777608581819097,-0.7904688205641914,1.0139978421003368
44.0,197.0,143.72531127929688,-1.0316926816391248,2.682192157362618,-4.920573539303745,-4.9769608973406285,-2.497683297911215,1.3407772224015009,-0.538822296223838,4.777608175667005,-0.7904700088570218,1.0139990365329918
44.0,197.0,143.7252960205078,-1.0316898273135422,2.682192326565392,-4.920570441125503,-4.9769610781081495,-2.497680569378265,1.3407765109268324,-0.5388252718814979,4.777608780182925,-0.7904690718855285,1.0139973627634404
44.0,197.0,143.72531127929688,-1.0316907880042487,2.682191568333919,-4.920568959851992,-4.976962006890597,-2.497680443873919,1.3407742367849842,-0.5388245243644487,4.777609990336599,-0.790468404200162,1.013998238654752
44.0,197.0,143.72531127929688,-1.0316882441552706,2.682192873839427,-4.920570637073876,-4.9769605394391,-2.49767827234366,1.3407762054659598,-0.5388259141124525,4.777608649324526,-0.7904688154108772,1.0139963451689216
44.0,197.0,143.72531127929688,-1.0316918413384144,2.6821939846068323,-4.920568760352849,-4.97695714720833,-2.497683780699425,1.3407781437168866,-0.5388246420766949,4.777608158190773,-0.7904694136659991,1.013998012758604
44.0,197.0,143.72531127929688,-1.031693611868319,2.682188531624168,-4.920571334527183,-4.976960632681954,-2.497683173569013,1.3407736394802765,-0.5388229190256757,4.777609872600332,-0.7904697472092055,1.013999193034966
44.0,197.0,143.72531127929688,-1.03169184328836,2.6821904136159223,-4.920570580418047,-4.9769634323723375,-2.497683054599158,1.3407752277636096,-0.538822111572256,4.777609371823901,-0.7904686130496028,1.014000012913164
44.0,197.0,143.7252960205078,-1.0316907163275086,2.682193476435522,-4.9205725257222825,-4.976956589934259,-2.4976810335027446,1.3407789403459072,-0.5388244181851007,4.777606980770639,-0.7904701218055088,1.013996868112761
44.0,197.0,143.7252960205078,-1.0316899489649805,2.682190391064037,-4.920573214705444,-4.976959023518591,-2.497681025005001,1.3407764419217898,-0.5388252071832174,4.77760874061369,-0.7904705150432818,1.0139964055894808
44.0,197.0,143.7252960205078,-1.0316898732319435,2.682193728695564,-4.920570465843502,-4.976959652518298,-2.497678739701992,1.3407769767024806,-0.5388258351049551,4.777607607212017,-0.7904687873058327,1.0139967313702165
44.0,197.0,143.7252960205078,-1.0316930749388311,2.6821908981484377,-4.920570409938161,-4.97695948325062,-2.497683704336729,1.3407752963201496,-0.5388223699193295,4.7776084238218495,-0.7904692994794358,1.0139993348698866
44.0,197.0,143.7252960205078,-1.031692693684199,2.6821905482665533,-4.920571917550369,-4.976962913653196,-2.497684158609634,1.3407739929721831,-0.5388226126357862,4.777611023590417,-0.7904689737678812,1.014000031064871
44.0,197.0,143.7252960205078,-1.0316914462433546,2.6821938754488164,-4.920570429964355,-4.976961896057926,-2.4976822135057564,1.340775498574576,-0.5388239123884864,4.777608991122188,-0.7904690034120172,1.0139995599952147
44.0,197.0,143.72531127929688,-1.031690922029176,2.682194029531816,-4.920569068833865,-4.9769618342049045,-2.497681792883152,1.3407756086296023,-0.538823322647537,4.777609591445874,-0.7904687100342125,1.013999895577257
44.0,197.0,143.72531127929688,-1.0316903720299735,2.6821898969586213,-4.920571884426559,-4.976963594833866,-2.497682637825732,1.340774678958029,-0.5388228654162699,4.777610367179127,-0.7904691107336408,1.0140000260988833
44.0,197.0,143.7252960205078,-1.0316898059319255,2.6821943452748904,-4.920568316438923,-4.976959712252081,-2.497681210757388,1.3407775447993515,-0.5388256940390521,4.777609326862088,-0.7904687319839052,1.0139976325824414
44.0,197.0,143.72531127929688,-1.0316945302273024,2.6821903312731576,-4.920570780457427,-4.9769615762392565,-2.4976851651219927,1.3407728859446797,-0.5388223345119361,4.777611388117661,-0.7904696102254745,1.014000787834796
44.0,197.0,143.72531127929688,-1.0316915648032947,2.6821924831966912,-4.920572116134545,-4.9769632964790045,-2.497683171749967,1.3407753763059969,-0.5388226973489338,4.777609858270486,-0.7904689301560648,1.013999526543402
44.0,197.0,143.7252960205078,-1.0316912640798264,2.682193636691021,-4.9205708968716815,-4.976958000188663,-2.497681583917686,1.3407768718789264,-0.5388250504597973,4.777607443490046,-0.7904698626854767,1.013997456088342
44.0,197.0,143.72531127929688,-1.031691619253929,2.682191662089009,-4.9205716821384105,-4.976959072704638,-2.4976809427503674,1.3407760329116405,-0.5388241746567903,4.777608941221974,-0.7904701233515796,1.013997918816174
44.0,197.0,143.7252960205078,-1.0316909930422176,2.6821930340510827,-4.920570200209589,-4.976959579403362,-2.497681786634032,1.3407764445421737,-0.5388243650291216,4.777609296232308,-0.7904698421136418,1.0139984146422183
44.0,197.0,143.72531127929688,-1.0316904950470829,2.682191855407368,-4.920570130485438,-4.976961214037636,-2.4976804028617536,1.3407758899985778,-0.5388235744802365,4.777608217673789,-0.7904688008302347,1.0139987037669984
44.0,197.0,143.72531127929688,-1.0316892768503614,2.682194652293576,-4.9205686337816585,-4.976960638918108,-2.4976780610855425,1.340776121164767,-0.5388253461691903,4.7776087253797,-0.7904686199013238,1.0139983765921663
44.0,197.0,143.72531127929688,-1.0316890044316205,2.6821953081888434,-4.920567270907785,-4.976960361455192,-2.497679779433727,1.340776426592546,-0.5388254748822607,4.777609636186529,-0.7904682648964281,1.013998200925745
44.0,197.0,143.7252960205078,-1.0316927432600247,2.682192936861858,-4.920569613060479,-4.976960490315877,-2.497683273986598,1.3407749730515492,-0.5388237166937548,4.777609877023927,-0.7904694148123674,1.0139994308018752
44.0,197.0,143.7252960205078,-1.0316902188928334,2.682193919163419,-4.920568912156143,-4.976960687327772,-2.49768164644182,1.3407756551328376,-0.5388253677898955,4.777608972609448,-0.7904690807656252,1.013998366817452
44.0,197.0,143.72531127929688,-1.031688004553835,2.682193507658792,-4.920569979689512,-4.976963961295653,-2.4976796007886533,1.3407769331069446,-0.538825203649437,4.777610161388187,-0.7904678665775826,1.0139984351169673
44.0,197.0,143.72531127929688,-1.0316887225763771,2.6821924770290826,-4.920571655495876,-4.976960731752782,-2.4976801892538374,1.3407768397457538,-0.5388252374480604,4.77760960697905,-0.790469461276043,1.0139971943012336
44.0,197.0,143.7252960205078,-1.031688726603428,2.6821895916572656,-4.92057149916804,-4.976964863341209,-2.4976805859561084,1.3407737471989956,-0.5388242293206851,4.777610021985305,-0.7904680434799616,1.0139985788234505
44.0,197.0,143.7252960205078,-1.0316903869927518,2.6821911578752715,-4.920567628966183,-4.976965158435974,-2.4976821775156504,1.3407739320309435,-0.5388229163070886,4.777610863855315,-0.7904685041209305,1.014000241390331
44.0,197.0,143.7252960205078,-1.0316917672827803,2.6821904437946644,-4.920571985772673,-4.976963654551347,-2.4976810425506644,1.340775271334735,-0.5388227513075163,4.777609574770157,-0.7904687813937814,1.013998926217775
44.0,197.0,143.72531127929688,-1.0316948798546983,2.682191873594255,-4.920569564450371,-4.9769624177919765,-2.4976847057071696,1.3407731907717435,-0.5388212545873703,4.777610622402847,-0.7904689571105052,1.0140018894176084
44.0,197.0,143.72531127929688,-1.031691778539269,2.682193866557654,-4.920572085415833,-4.976958474667267,-2.497680426508691,1.340778116829067,-0.5388238884073191,4.777605940848128,-0.7904695446166654,1.013997301958649
44.0,197.0,143.72531127929688,-1.0316905545299715,2.682193939941632,-4.920571062776284,-4.976961358005062,-2.4976810821880147,1.3407767328797702,-0.538824008401841,4.777608862535464,-0.7904687828346031,1.0139986288296008
44.0,197.0,143.72531127929688,-1.0316927372301077,2.682192729031032,-4.920568579171904,-4.976963902254842,-2.497685137453296,1.3407751383216162,-0.5388219621009158,4.777611033560879,-0.7904684050030344,1.0140023591156622
44.0,198.0,143.7252960205078,-1.0316938441504937,2.6821923051706804,-4.920570076174053,-4.976960449765225,-2.4976823134817443,1.3407737608526826,-0.5388226693769855,4.777609105055262,-0.7904688087550271,1.0140000330842334
44.0,198.0,143.7252960205078,-1.0316890077492853,2.6821921854557704,-4.920569384249703,-4.97696096889395,-2.4976805534212536,1.3407771810959837,-0.538824631818148,4.777608980273971,-0.7904687988485541,1.0139980981594334
44.0,198.0,143.7252960205078,-1.0316920625167758,2.682193133473188,-4.92056955255516,-4.976960476624408,-2.497680341290141,1.3407757003618217,-0.5388234523151416,4.777608131356551,-0.7904690289635932,1.0139993518777324
44.0,198.0,143.7252960205078,-1.031691940966871,2.6821899594591265,-4.9205699789525,-4.976964914493128,-2.497682718856816,1.3407732607970058,-0.538822203958917,4.777611156704838,-0.7904686873886968,1.0140008036002932
44.0,198.0,143.7252960205078,-1.031689383265923,2.6821934511337737,-4.92057392828133,-4.976956354098063,-2.497677292708243,1.3407798989534303,-0.5388267708541488,4.777605958463086,-0.7904698771188494,1.0139942801849555
44.0,198.0,143.7252960205078,-1.0316900335015222,2.682190788694154,-4.920570300279655,-4.976962524041926,-2.497679752792682,1.3407756897731329,-0.5388245458575236,4.777609899261117,-0.7904692984638979,1.0139983691249146
44.0,198.0,143.72531127929688,-1.031688120145407,2.682196943133058,-4.920568708737876,-4.976956719200796,-2.4976762379318203,1.3407782639913792,-0.5388276628200037,4.777606995560744,-0.790468525869727,1.0139953638393386
44.0,198.0,143.7252960205078,-1.0316912304137786,2.68219009809557,-4.920571382683954,-4.9769608846499125,-2.4976817680238046,1.3407764429100988,-0.5388234346080853,4.777608860186637,-0.790469725831306,1.013998346392107
44.0,198.0,143.7252960205078,-1.0316894115408894,2.682193379912813,-4.920571329042539,-4.976962362323702,-2.4976815528780443,1.3407764221546934,-0.5388253027417944,4.777608682959656,-0.7904688664764672,1.0139977911253588
44.0,198.0,143.72531127929688,-1.0316906391510292,2.682191909437164,-4.92057014022392,-4.976958737876129,-2.4976776765795083,1.3407763780462103,-0.5388246437034798,4.7776068353735255,-0.7904692813972707,1.0139967968612122
44.0,198.0,143.72531127929688,-1.0316884144868397,2.682192370110039,-4.92056957140411,-4.976962118786115,-2.497680442099947,1.340776911003175,-0.5388256936667988,4.77760957334162,-0.790468495673748,1.0139976043902488
44.0,198.0,143.7252960205078,-1.0316896197861911,2.682193415086922,-4.920569972844168,-4.976960654881323,-2.497678586442327,1.3407762327162225,-0.5388257881686966,4.777607774930491,-0.79046879211604,1.0139970085899197
44.0,198.0,143.72531127929688,-1.0316915457238256,2.6821902866709024,-4.920571265868597,-4.976962955559529,-2.4976820504764734,1.3407752600834026,-0.5388229909258193,4.777609203097173,-0.7904692993074587,1.0139996744481472
44.0,198.0,143.72531127929688,-1.0316910627139042,2.6821902766764705,-4.920569212831301,-4.9769625897834375,-2.497682091608262,1.3407752893937532,-0.5388235289253194,4.777609741492823,-0.79046843364572,1.013998522263159
44.0,198.0,143.7252960205078,-1.031689752250895,2.682190837979822,-4.920569837322727,-4.976961310602555,-2.4976812304673093,1.3407756783515854,-0.5388242886812256,4.777609212029262,-0.7904688836960796,1.0139982355775032
44.0,198.0,143.7252960205078,-1.031689641210373,2.6821916543462727,-4.920571736486069,-4.976960360777668,-2.4976794839800114,1.340776754406959,-0.5388249908057663,4.777608654050736,-0.7904699532797039,1.013997394516256
44.0,198.0,143.72531127929688,-1.0316890817652085,2.682191811489133,-4.920571513262825,-4.976960107362242,-2.497679233118544,1.3407756946999465,-0.5388254717255778,4.777608581985524,-0.790469153971987,1.0139965926975787
44.0,198.0,143.72531127929688,-1.0316925627466569,2.6821914099481967,-4.920572921482839,-4.976960423405783,-2.497682910123691,1.3407755192298143,-0.5388225548883323,4.77760817388614,-0.790469452456505,1.0139993560497782
44.0,198.0,143.72531127929688,-1.031690380235787,2.682193264031428,-4.920569398544098,-4.976963338383762,-2.4976825240945044,1.3407756993787352,-0.5388239190263642,4.777610327804041,-0.7904685361483459,1.013999607114756
44.0,198.0,143.7252960205078,-1.031692156788523,2.682190708796737,-4.9205705711229655,-4.976962865531329,-2.4976845601128024,1.3407738134949927,-0.5388224375601771,4.777610719523389,-0.7904691109494628,1.014000300947732
44.0,198.0,143.72531127929688,-1.0316881161793034,2.682192603930005,-4.920570949338395,-4.976963199367515,-2.4976800037270874,1.3407767253670055,-0.5388259644988249,4.777609288711238,-0.790468926190246,1.013996962477509
44.0,198.0,143.72531127929688,-1.0316920551204474,2.6821931911400343,-4.920569600751604,-4.976960551546603,-2.4976818939537653,1.340775604895715,-0.5388231036255045,4.7776082441043215,-0.7904689339443225,1.0139994019366585
44.0,198.0,143.72531127929688,-1.0316917648159878,2.6821915576899977,-4.920569482509102,-4.976960754021667,-2.497679917895028,1.3407769414474942,-0.5388233841017245,4.777608101828751,-0.79046874263845,1.0139981662729225
44.0,198.0,143.7252960205078,-1.0316905441870676,2.6821913387592904,-4.920567702426672,-4.97696028347799,-2.49768315953144,1.3407757355162246,-0.5388238040898541,4.777608743816966,-0.7904686656283548,1.0139984662402268
44.0,198.0,143.7252960205078,-1.0316927991225118,2.6821914528639947,-4.9205698933095166,-4.976961053677524,-2.497683321159365,1.340775309633477,-0.538823033144209,4.777609851418854,-0.7904694050116081,1.013999068788749
44.0,198.0,143.72531127929688,-1.0316893264999347,2.682191656193443,-4.920572203783306,-4.976960904714542,-2.497680716484284,1.3407756917770133,-0.5388247741612417,4.777609666187244,-0.7904693988030367,1.0139979735954403
44.0,198.0,143.72531127929688,-1.0316914134773207,2.682190710292712,-4.920570445566281,-4.976963613118852,-2.497680872623817,1.3407746581084623,-0.5388230157715661,4.777610224969134,-0.7904685288952127,1.0139991794903835
44.0,198.0,143.7252960205078,-1.031691504568859,2.682192259083184,-4.920569209615237,-4.976963670647078,-2.4976813225040977,1.3407748321101067,-0.538822516267853,4.7776087290711065,-0.7904686294028664,1.0139999531491837
44.0,198.0,143.7252960205078,-1.031689190898844,2.6821964343201934,-4.92056960903327,-4.9769583219054425,-2.497678301900544,1.340778494384871,-0.5388263652276981,4.777607707387956,-0.7904688957760779,1.0139970052747351
44.0,198.0,143.72531127929688,-1.0316919508025575,2.682186418845763,-4.92057343716669,-4.976966743783721,-2.497686228016058,1.340773481001288,-0.538821680814106,4.777612140807108,-0.7904696478202071,1.014001243628913
44.0,198.0,143.72531127929688,-1.0316908651780583,2.682191686021965,-4.920571061368009,-4.976960933321935,-2.497681733463662,1.3407761418525317,-0.5388238148335027,4.777608395682359,-0.7904694937103516,1.0139984184614017
44.0,198.0,143.72531127929688,-1.0316939175155997,2.6821912019303094,-4.92057280598425,-4.976961637418105,-2.497681608407616,1.340775062428181,-0.5388231021908494,4.777608363242392,-0.7904688937665494,1.0139989427008036
44.0,198.0,143.72531127929688,-1.0316922742096135,2.682193259615641,-4.920569082209069,-4.976959870057081,-2.4976819544871134,1.3407761652227943,-0.5388236323022255,4.7776093036984655,-0.7904692694939301,1.0139989568338237
44.0,198.0,143.7252960205078,-1.0316911861238247,2.682190742412879,-4.920571597883476,-4.9769617255532514,-2.4976819651384647,1.340774972519105,-0.5388243328728848,4.777610465295282,-0.7904690591510795,1.0139982465046398
44.0,198.0,143.7252960205078,-1.0316907222413567,2.682189767330008,-4.920572365677678,-4.976963615899709,-2.497682043859869,1.3407757233414568,-0.5388227079455881,4.777610686890155,-0.7904689722599292,1.013998936907278
44.0,198.0,143.72531127929688,-1.0316890526237876,2.682193203807558,-4.92056968512862,-4.976959306607731,-2.4976800616607293,1.340777333670924,-0.5388262675990685,4.777608744759345,-0.790469435017247,1.013997095110471
44.0,198.0,143.72531127929688,-1.0316888442374612,2.682190578418469,-4.92057072451853,-4.976962239889594,-2.4976808354848807,1.3407764675776075,-0.5388232371394075,4.777608324074192,-0.7904685777106915,1.013997724548867
44.0,198.0,143.72531127929688,-1.0316916767639903,2.6821908963570333,-4.920571922025647,-4.976963695572959,-2.497682755979901,1.3407734978269552,-0.5388230889643513,4.777610637205237,-0.7904690017222924,1.0140003283381045
44.0,198.0,143.72531127929688,-1.0316934614453293,2.6821902879917108,-4.92057233016727,-4.976959336350283,-2.497681834738968,1.340775592818923,-0.5388226521621107,4.77760826716286,-0.7904694464382285,1.0139978950117703
44.0,198.0,143.72531127929688,-1.0316884725169757,2.6821916993969186,-4.920571446202889,-4.976960877396862,-2.497679490390123,1.3407761319331613,-0.5388256983105872,4.7776085828071455,-0.7904694776636116,1.0139962003542458
44.0,198.0,143.72531127929688,-1.0316904226490675,2.6821892944553403,-4.920569832624502,-4.9769635938524575,-2.49768527098949,1.3407733417581025,-0.5388224764550493,4.777611716673695,-0.7904692689979411,1.014000607370348
44.0,198.0,143.7252960205078,-1.03169268597846,2.6821930165104533,-4.920570449811353,-4.976961881753933,-2.4976827423034136,1.3407765881519884,-0.5388219793575626,4.777609384387478,-0.7904688725826112,1.0140005291928578
44.0,198.0,143.72531127929688,-1.0316913834158363,2.6821940379343374,-4.920571088911794,-4.976961382299713,-2.497679007406476,1.340776513649331,-0.5388239578641656,4.777607764029304,-0.7904687925419864,1.0139985520693076
44.0,198.0,143.7252960205078,-1.0316903373125488,2.6821910588015623,-4.920570849505845,-4.9769615590511,-2.4976805890888247,1.340777096851287,-0.5388241249048962,4.777609096722507,-0.790469408435202,1.0139981531532405
44.0,198.0,143.72531127929688,-1.0316909129025968,2.6821972437244703,-4.920569522398453,-4.976956765785633,-2.4976793478853554,1.340777115882096,-0.538826926038837,4.77760727931671,-0.7904687239041328,1.0139957279884904
44.0,198.0,143.72531127929688,-1.0316908294907186,2.6821931728033723,-4.9205718509495,-4.976959025253349,-2.497681157839101,1.3407766742675389,-0.5388252099515078,4.777607474814955,-0.7904692849207464,1.013996813663712
44.0,198.0,143.7252960205078,-1.0316914264914705,2.682191950271271,-4.920572597579333,-4.976959486137292,-2.4976819211627803,1.3407771141383318,-0.5388244284897592,4.777608825893267,-0.790470122097874,1.0139977597161351
44.0,198.0,143.72531127929688,-1.0316921663465912,2.682192362738367,-4.920571771191328,-4.976961823582547,-2.497683243895864,1.3407758134484782,-0.538823849325766,4.777610450460481,-0.7904692088829215,1.0139991802680235
44.0,198.0,143.72531127929688,-1.0316908254260255,2.68219074350443,-4.920569582282984,-4.976963674508223,-2.4976824455798456,1.3407749345094198,-0.5388227855783612,4.777610532194919,-0.7904692023828579,1.0139997813411714
44.0,198.0,143.72531127929688,-1.0316933614564603,2.6821909542524107,-4.920573842248575,-4.976959995365832,-2.4976830167092343,1.340776049415683,-0.5388218438457599,4.77760884054052,-0.790469708187227,1.01399908599753
44.0,199.0,143.72531127929688,-1.0316923049443512,2.682191871430045,-4.920568068558511,-4.976962955567728,-2.497683015905843,1.3407742015288404,-0.5388225215116771,4.777610208806937,-0.7904688757264395,1.014000985190247
44.0,199.0,143.72531127929688,-1.0316897616690477,2.682191084319088,-4.920569733163461,-4.976961427868686,-2.4976804146360148,1.3407774687606588,-0.5388235216051722,4.777608589637129,-0.7904687852345678,1.0139978698179952
44.0,199.0,143.7252960205078,-1.031693793174275,2.6821926272830554,-4.920569244008992,-4.976960905094559,-2.4976833782753087,1.3407752121201302,-0.5388220409686326,4.777608943490822,-0.7904689394556446,1.014000186762515
44.0,199.0,143.7252960205078,-1.0316924836150942,2.6821916504657217,-4.920572986565918,-4.976961333684399,-2.4976841533077803,1.3407751946230828,-0.5388226371643698,4.777610265827089,-0.7904695191424231,1.0140002304879587
44.0,199.0,143.7252960205078,-1.031692566007461,2.682189423113412,-4.920573195893971,-4.97695808152305,-2.497681870379313,1.340776069399274,-0.5388241171634327,4.7776096221621565,-0.790470131875531,1.0139975041882128
44.0,199.0,143.72531127929688,-1.0316934342391733,2.682192571432921,-4.920570594015793,-4.976959636541312,-2.497682434441021,1.3407765062457342,-0.5388225888911009,4.777608216504882,-0.7904690184771663,1.0139988204347876
44.0,199.0,143.72531127929688,-1.0316896589428777,2.6821943363603262,-4.920569823343858,-4.976961153672852,-2.497679444422128,1.3407761555887143,-0.5388249716305102,4.777609002504532,-0.7904685384666896,1.0139980029300446
44.0,199.0,143.7252960205078,-1.0316916596596857,2.682191516060745,-4.92056991827547,-4.9769616529322365,-2.4976822884069074,1.3407747848190184,-0.5388235987736323,4.7776095080357255,-0.7904691502914769,1.0140000159643012
44.0,199.0,143.72531127929688,-1.0316887889858628,2.6821917610576147,-4.920570686469887,-4.9769637826232,-2.497680940751335,1.3407760877639596,-0.5388253797556466,4.777610108915072,-0.7904685765455914,1.0139980944938118
44.0,199.0,143.7252960205078,-1.0316913542483386,2.682190824759197,-4.920570590711653,-4.976960207934471,-2.497682967863471,1.3407763879676473,-0.5388238734996955,4.777609383847187,-0.7904694106083667,1.0139981613229665
44.0,199.0,143.72531127929688,-1.0316902341216505,2.682191594485806,-4.920572060708455,-4.976963369575897,-2.497681068520503,1.3407760163891522,-0.5388241926293027,4.777609491592097,-0.7904692185757991,1.0139991561798445
44.0,199.0,143.7252960205078,-1.0316889821147708,2.682192349547224,-4.920569352002514,-4.976960951596004,-2.4976789301699123,1.3407765551645152,-0.5388255275101379,4.777609020153346,-0.790468803288185,1.013997240267129
44.0,199.0,143.7252960205078,-1.031692465039758,2.6821912766120546,-4.920572162894263,-4.976959450477002,-2.497683635206553,1.3407755687920178,-0.5388231927781622,4.7776086662957,-0.7904699258656773,1.0139995040667067
44.0,199.0,143.72531127929688,-1.0316908975669872,2.682192602663341,-4.920569736510868,-4.976963313491272,-2.497682787328949,1.340775968548133,-0.5388233231649195,4.777609537369136,-0.7904690356370505,1.0140001807129335
44.0,199.0,143.72531127929688,-1.0316908452557207,2.682193599802708,-4.920570025986872,-4.976958859411757,-2.497681176177005,1.340777012017452,-0.538824283380742,4.777607780865086,-0.7904689010043011,1.0139983658266152
44.0,199.0,143.7252960205078,-1.0316908140776313,2.6821913146700203,-4.920572205722321,-4.976963070409536,-2.497679937026521,1.3407766241267405,-0.5388233043265833,4.777608669261154,-0.7904693328701775,1.013998831148376
44.0,199.0,143.72531127929688,-1.0316908089151102,2.6821901049993144,-4.920569878542345,-4.976964810149379,-2.497681177066984,1.340775779759512,-0.5388232008074025,4.77761161959827,-0.7904686824783393,1.013999386809493
44.0,199.0,143.7252960205078,-1.0316917015462073,2.6821914052097853,-4.920570446167695,-4.9769604496206,-2.4976820214568645,1.340775332834804,-0.5388238641330458,4.777609383889512,-0.7904699043203198,1.0139984208786537
44.0,199.0,143.72531127929688,-1.031689441283155,2.682194159988417,-4.920567252226667,-4.976964183135832,-2.497680338827708,1.340775266627796,-0.5388239075938976,4.7776097663727874,-0.7904680241610738,1.014000094451184
44.0,199.0,143.72531127929688,-1.0316913078718652,2.682191263219167,-4.920570657000852,-4.976962979237108,-2.497681699291079,1.3407752056554232,-0.5388237904413531,4.777610591564654,-0.7904688318914124,1.0139989176859174
44.0,199.0,143.72531127929688,-1.0316912247331795,2.6821924330337668,-4.920568509851185,-4.976958708156863,-2.4976809695181053,1.3407763293597323,-0.5388240874727597,4.777608920731073,-0.790469047231948,1.0139983654090994
44.0,199.0,143.7252960205078,-1.0316930929155084,2.6821912156669727,-4.920572486688681,-4.976963583553173,-2.4976833356457777,1.3407750861595709,-0.5388217604564813,4.77760914649444,-0.7904692361029344,1.0140005897848123
44.0,199.0,143.72531127929688,-1.0316927862778091,2.682190840098756,-4.920569752833506,-4.976964201932527,-2.497684380879275,1.340773227320211,-0.5388212498285929,4.777610481278519,-0.7904691762737297,1.014000980644334
44.0,199.0,143.7252960205078,-1.0316942622706369,2.6821916282518625,-4.920569840849021,-4.9769629417817445,-2.497686990570485,1.3407745679053429,-0.5388216693261256,4.77761160032658,-0.7904699720248214,1.014001884393949
44.0,199.0,143.7252960205078,-1.0316938728599148,2.68219199201022,-4.920571865142378,-4.976963716135536,-2.49768353335806,1.340775077533339,-0.5388218785925929,4.777610159814646,-0.7904689219720424,1.0140006489502982
44.0,199.0,143.72531127929688,-1.0316914331401872,2.6821917573508287,-4.920569235633294,-4.976961318724556,-2.4976838888385187,1.3407762296297632,-0.538823364368942,4.777608359677432,-0.7904696026261648,1.014000103268807
44.0,199.0,143.72531127929688,-1.0316883992494774,2.6821940819555987,-4.920572224890275,-4.976958908091314,-2.497676131652317,1.3407785856689811,-0.5388272647585275,4.777606094736726,-0.7904692939588447,1.013995225888622
44.0,199.0,143.72531127929688,-1.0316898593422383,2.6821920007734468,-4.920572279272462,-4.976960426367417,-2.4976815495132687,1.3407766511951893,-0.5388249918290828,4.77760944982828,-0.79046937378551,1.0139978288781393
44.0,199.0,143.72531127929688,-1.031694163672439,2.6821914753774747,-4.920568305293853,-4.976960418987916,-2.497686292429964,1.3407737140766116,-0.538823043223772,4.777611860117895,-0.7904689771016029,1.0140007686312655
44.0,199.0,143.72531127929688,-1.0316904091272816,2.682188987264328,-4.920571110951455,-4.976964737276585,-2.497683138637897,1.3407745355657976,-0.5388229369577813,4.777612100099741,-0.7904692839361438,1.0139997634354314
44.0,199.0,143.72531127929688,-1.0316906948314903,2.682193132616004,-4.920571816404153,-4.976961532401584,-2.4976805916985385,1.3407757056842362,-0.5388240572091032,4.777608251012023,-0.7904693398540417,1.0139984615428617
44.0,199.0,143.7252960205078,-1.0316915187907565,2.682192979427636,-4.9205709938315065,-4.97696172076044,-2.497682175440569,1.3407754525880249,-0.5388235970241242,4.777609564128825,-0.7904691749116157,1.0139995164799125
44.0,199.0,143.7252960205078,-1.0316889575747812,2.6821935930430065,-4.920570261373012,-4.9769634632751325,-2.4976785539289943,1.340776481307188,-0.5388243242607089,4.777609458271925,-0.7904682821773665,1.0139980400716713
44.0,199.0,143.7252960205078,-1.031688215274972,2.682194973323501,-4.920570018998791,-4.9769590828305095,-2.4976782329566487,1.3407777579577704,-0.5388258598047155,4.7776075626914185,-0.7904688384471683,1.0139970606384052
44.0,199.0,143.72531127929688,-1.0316919142464682,2.6821918447114026,-4.92056962863334,-4.976962909129601,-2.497682899339222,1.3407762032047357,-0.5388223424104686,4.7776101917161125,-0.7904692608967574,1.0140009175163511
44.0,199.0,143.72531127929688,-1.0316943411120816,2.682189651390744,-4.920570459122755,-4.97696414289041,-2.497687255815588,1.340774867176313,-0.5388194977462906,4.777612140388289,-0.7904694831243386,1.0140028092440652
44.0,199.0,143.7252960205078,-1.031693306918267,2.6821900336623834,-4.920571101298784,-4.976961203107407,-2.4976849953443776,1.3407740526091878,-0.5388218853372493,4.777610860891116,-0.7904694985700687,1.014001444927879
44.0,199.0,143.7252960205078,-1.0316885254112869,2.6821921610658954,-4.920570474237946,-4.97696084762533,-2.497678769884394,1.3407772400833728,-0.5388245976738251,4.7776093746675965,-0.7904688345503494,1.0139971498732594
44.0,199.0,143.72531127929688,-1.0316912134579108,2.682192289976186,-4.920570168624164,-4.976962290345161,-2.497681701954928,1.3407758422083136,-0.5388241398757163,4.777610660163044,-0.7904691733815348,1.0139994432032218
44.0,199.0,143.72531127929688,-1.0316918611857775,2.682187714730996,-4.920573461426094,-4.976963332366212,-2.4976806516903145,1.340775100861614,-0.5388227509501364,4.777609617674251,-0.790468992253559,1.0139984937356008
44.0,199.0,143.7252960205078,-1.031690873804259,2.6821915704081416,-4.920571006912662,-4.976959764922988,-2.497680974991301,1.340776696585371,-0.5388244870194105,4.777607737623516,-0.7904694699892403,1.013997667726522
44.0,199.0,143.72531127929688,-1.0316896676689282,2.682190091243873,-4.920572097266893,-4.976962266869398,-2.497681205141766,1.340775700862964,-0.5388241493047419,4.7776091828782725,-0.7904696335467927,1.0139980703516018
44.0,199.0,143.72531127929688,-1.0316903170215896,2.682193384264869,-4.920568722711603,-4.976962591033455,-2.4976825021384568,1.3407757419206543,-0.5388237419831565,4.777609674233496,-0.790468894215091,1.0139998666762748
44.0,199.0,143.7252960205078,-1.0316896878298645,2.682191692593517,-4.920571340090321,-4.976962193003317,-2.4976809831161555,1.3407751489713409,-0.5388246068366467,4.777609084559172,-0.7904685621292789,1.0139985186892098
44.0,199.0,143.72531127929688,-1.031691802550117,2.682192952169289,-4.920569417766424,-4.976961222705608,-2.4976813499898824,1.340774343030172,-0.5388229096518931,4.777608520548561,-0.7904682523550859,1.0139994132910646
44.0,199.0,143.7252960205078,-1.0316933239025317,2.68219148010256,-4.920572950660038,-4.97696142782341,-2.4976849175523035,1.3407762711575613,-0.5388234549930289,4.777610370479223,-0.7904701907623837,1.0139997338579647
44.0,199.0,143.72531127929688,-1.0316908568342948,2.6821928271427105,-4.920571635075242,-4.976962585811521,-2.497681510432894,1.3407748633544516,-0.5388242380984742,4.777609096228204,-0.7904685682103816,1.0139988646124944
44.0,199.0,143.7252960205078,-1.0316923725969076,2.6821932976898646,-4.920568759330568,-4.976965081095492,-2.497682600025524,1.3407722328536795,-0.5388230130392593,4.7776105572158105,-0.7904684255743106,1.014001808911793
44.0,199.0,143.7252960205078,-1.0316898753224142,2.6821929203836445,-4.920569612644608,-4.9769597645759305,-2.4976809364639188,1.3407754065400423,-0.5388255923171403,4.77760903970696,-0.7904692168299361,1.0139979798858887
44.0,199.0,143.72531127929688,-1.031694384083384,2.6821900843470896,-4.9205718544626205,-4.976962087069291,-2.497683186435606,1.3407742379506358,-0.5388216434160684,4.777609735191362,-0.790469268310404,1.0140004765818853
44.0,200.0,143.7252960205078,-1.031688454831468,2.6821908952552302,-4.92056952366344,-4.976961284988594,-2.4976801438969662,1.34077687846818,-0.5388250977532936,4.777609103565702,-0.7904693854054914,1.013997479521029
44.0,200.0,143.72531127929688,-1.0316884958573906,2.682192846970058,-4.920569557933083,-4.976960990003157,-2.497680800574384,1.3407766106160306,-0.5388256327873346,4.777609383451717,-0.7904685079008935,1.013997657019969
44.0,200.0,143.7252960205078,-1.0316893784816332,2.682192031557019,-4.920568686740722,-4.976964007478602,-2.497683910920121,1.3407758542122492,-0.5388231473663216,4.777611003797748,-0.7904690916379646,1.0140001099036242
44.0,200.0,143.72531127929688,-1.031691066746054,2.6821908515264923,-4.920572926100822,-4.976960413313122,-2.4976805320679074,1.3407775162770434,-0.5388233292144964,4.777608263655122,-0.7904700062206267,1.0139977887377274
44.0,200.0,143.72531127929688,-1.0316912829645437,2.6821912445085445,-4.920572412992826,-4.976961159720904,-2.497683026452005,1.3407766508768058,-0.5388228494964125,4.777609321924997,-0.7904693805709124,1.0139989693987967
44.0,200.0,143.72531127929688,-1.031692502853753,2.682194298068799,-4.9205722248642365,-4.9769604567799215,-2.497682192073936,1.3407762590995995,-0.5388237095671178,4.777608587085847,-0.7904693908123557,1.0139990052937409
44.0,200.0,143.72531127929688,-1.031692713344908,2.6821898626736127,-4.920571569570609,-4.976962574635062,-2.497683606993842,1.3407749841239849,-0.538821792200399,4.777610075359707,-0.7904699158589406,1.014000036482786
44.0,200.0,143.7252960205078,-1.031691884386841,2.6821931177756744,-4.920569697839521,-4.976962536979122,-2.4976828761088705,1.340774826567004,-0.5388235984234635,4.777610550527736,-0.7904691832583479,1.0140006158846742
44.0,200.0,143.72531127929688,-1.03169068512666,2.6821941164355607,-4.92057173309549,-4.97695951972989,-2.49768094889367,1.3407777760559911,-0.5388241136463954,4.777607956498276,-0.7904695816683107,1.0139985516395935
44.0,200.0,143.72531127929688,-1.0316919406470912,2.682192707638162,-4.920569747165543,-4.976959591692359,-2.497682392361768,1.3407765562791072,-0.5388239794021832,4.777609175318933,-0.7904694788792934,1.013998596006771
44.0,200.0,143.72531127929688,-1.0316969958359818,2.6821895036475683,-4.92057086253697,-4.976962232383875,-2.497687290985114,1.3407741101619397,-0.5388192004703116,4.777610019054279,-0.7904692942762566,1.014002044395827
44.0,200.0,143.7252960205078,-1.031689068600532,2.682194092168901,-4.920571510839215,-4.976959244596354,-2.497680679166506,1.3407787401340174,-0.5388242564827461,4.777607945598509,-0.7904690462337314,1.0139979332327345
44.0,200.0,143.72531127929688,-1.0316929304761913,2.682187114946512,-4.920572026631469,-4.976963589885196,-2.4976849471219658,1.3407744671076651,-0.538821162509584,4.777611580662256,-0.7904700059086425,1.014000423494541
44.0,200.0,143.7252960205078,-1.0316908909854383,2.682189487180384,-4.9205711526910765,-4.976962893998791,-2.4976826298995016,1.3407745329715892,-0.5388228223292,4.777610888819515,-0.79046912651458,1.013999718533154
44.0,200.0,143.72531127929688,-1.031691841976321,2.6821926814485533,-4.920570820279356,-4.976961410305256,-2.4976844687608724,1.340775960510472,-0.5388229984977837,4.7776103182184855,-0.7904696408539262,1.0140002098769854
44.0,200.0,143.72531127929688,-1.0316912939277345,2.682192497006493,-4.920571873540616,-4.9769640618863695,-2.4976804341143795,1.34077555404029,-0.5388233403822866,4.77761010253924,-0.7904688132563393,1.0139995632420016
44.0,200.0,143.7252960205078,-1.0316916749810123,2.682193954136551,-4.920569990472409,-4.976960531137381,-2.497681984220577,1.340776762880508,-0.5388237215135669,4.777609626130985,-0.7904693625744263,1.013999701427439
44.0,200.0,143.7252960205078,-1.0316890143663429,2.6821927184118444,-4.920569354700538,-4.97696304286006,-2.49767979665514,1.3407761387164117,-0.5388243855906074,4.777609799637814,-0.7904681796231579,1.013998344460881
44.0,200.0,143.72531127929688,-1.0316927195787868,2.682191413535304,-4.920571522351567,-4.976962066250847,-2.497684785611758,1.3407746783741157,-0.5388222150845916,4.777610421941176,-0.7904693781561631,1.014000573937829
44.0,200.0,143.7252960205078,-1.0316922211961983,2.682192582574258,-4.920569047693812,-4.9769598611971,-2.497682305385052,1.340775754110699,-0.5388236173299159,4.777609689447044,-0.7904692747958455,1.0139988012621366
44.0,200.0,143.7252960205078,-1.0316886325193209,2.6821924791222527,-4.920571531275924,-4.976962276408974,-2.497678711446483,1.3407771146559009,-0.5388246384471618,4.777608764928413,-0.7904684172696754,1.013997516525183
44.0,200.0,143.7252960205078,-1.0316898602072726,2.682190531837505,-4.920570105481995,-4.976963518952612,-2.497681582888167,1.3407755094630902,-0.538822735515188,4.7776103146993485,-0.7904687783608617,1.0139996939380955
44.0,200.0,143.72531127929688,-1.031691831019919,2.6821927232929887,-4.920572986003568,-4.976960605747297,-2.4976829983062485,1.3407771435990483,-0.5388229904320054,4.7776095345933935,-0.790469879393652,1.0139993121077175
44.0,200.0,143.7252960205078,-1.0316922853189183,2.682189237331968,-4.920571483820598,-4.976962964415571,-2.497682177487727,1.3407744631326637,-0.5388224794569254,4.77761014809408,-0.7904693022984093,1.0139997174030275
44.0,200.0,143.7252960205078,-1.0316922171250045,2.682189457598927,-4.920570682620148,-4.976965962176965,-2.497682242926593,1.3407732044788023,-0.5388216607807159,4.777610770562983,-0.7904689184252796,1.0140014241191206
44.0,200.0,143.7252960205078,-1.031692827459933,2.682190306155264,-4.920570328121195,-4.976962848877589,-2.497684353527205,1.340774017636468,-0.5388225386908392,4.777610846927098,-0.7904697343889513,1.0140003106693642
44.0,200.0,143.72531127929688,-1.0316926048901802,2.68219085001938,-4.920568892664958,-4.976964970963409,-2.4976842135753574,1.3407735032908512,-0.538822086474906,4.777611174804349,-0.7904687998362272,1.014001530283065
44.0,200.0,143.72531127929688,-1.0316887451609924,2.682192812391936,-4.920570334638278,-4.976961720490831,-2.497678099308944,1.340776107180619,-0.5388241220364094,4.777608381959228,-0.7904688421847927,1.0139978073580895
44.0,200.0,143.72531127929688,-1.0316939632469384,2.682191739180107,-4.92057130122312,-4.976962086431549,-2.497683784285796,1.3407754467764468,-0.5388220050809256,4.777609977110677,-0.7904696557979776,1.014000692754907
44.0,200.0,143.72531127929688,-1.0316918888727726,2.682193277209008,-4.920569969020092,-4.976962177839305,-2.497681626416269,1.3407757373382545,-0.5388230576331852,4.777609673593709,-0.7904686416139937,1.014000191713568
44.0,200.0,143.72531127929688,-1.031692343281656,2.6821920215785724,-4.9205722185763285,-4.976961118870526,-2.497680482507312,1.3407767505639487,-0.5388231291232586,4.777608497896509,-0.790469203808537,1.0139982883942888
44.0,200.0,143.72531127929688,-1.0316916345188747,2.6821945237108027,-4.92056910019141,-4.976960429132396,-2.497682782685438,1.3407770449731151,-0.5388237222362982,4.777608151198439,-0.7904691913325932,1.0139993362542432
44.0,200.0,143.72531127929688,-1.031689596841674,2.682189105573629,-4.920573286117358,-4.976962898391887,-2.4976813541401013,1.340775807713638,-0.5388235683161611,4.777610147147231,-0.790469361410115,1.013998384811825
44.0,200.0,143.72531127929688,-1.0316894961944745,2.682191966033592,-4.920570553651565,-4.976965097732399,-2.4976811303646644,1.340774779408748,-0.538823384826518,4.777609938989185,-0.7904681268851403,1.013999440137047
44.0,200.0,143.7252960205078,-1.0316907723987343,2.6821919117868465,-4.920571669427512,-4.976962390357903,-2.4976818052877987,1.3407762623333923,-0.5388236148524115,4.777609787962,-0.7904692144258814,1.01399938570332
44.0,200.0,143.7252960205078,-1.0316924144865487,2.6821915362706426,-4.920570837171468,-4.976964617387247,-2.4976830978562066,1.3407748390235517,-0.5388216184844197,4.777610651132477,-0.790468548410308,1.0140005122352536
44.0,200.0,143.72531127929688,-1.0316905947956818,2.6821907829749776,-4.920572676809933,-4.976962545061856,-2.49768249902448,1.3407757200620596,-0.5388240955514174,4.777610243912974,-0.7904698302747812,1.0139986696095304
44.0,200.0,143.7252960205078,-1.0316888754271305,2.682191866540771,-4.920570476012422,-4.976961116157853,-2.4976800108458,1.3407765663892697,-0.5388242976774515,4.777608241557617,-0.7904685573220274,1.0139978757217811
44.0,200.0,143.7252960205078,-1.0316895092790197,2.682192610778217,-4.920571661534979,-4.976962739023099,-2.497680102058938,1.3407755164132782,-0.5388243823920789,4.777609039405956,-0.7904685370971558,1.013998331024851
44.0,200.0,143.72531127929688,-1.0316924208433824,2.682192308746611,-4.9205705631926335,-4.976962105357034,-2.4976826274119297,1.340775362098304,-0.5388231522764126,4.7776100032393405,-0.7904695112896327,1.0140001159642669
44.0,200.0,143.72528076171875,-1.0316927027456826,2.6821916794339966,-4.920571385575074,-4.976963026710388,-2.4976836060688026,1.340774836763778,-0.538822659585251,4.777610551545049,-0.7904695784109634,1.0140002577597969
44.0,200.0,143.7252960205078,-1.0316915369472346,2.6821934865595454,-4.920572338168441,-4.976959913997633,-2.497679012074812,1.3407764214197018,-0.5388244225338141,4.777607685023758,-0.7904688965311433,1.0139972699038875
44.0,200.0,143.7252960205078,-1.031691778165898,2.6821903928490185,-4.920572184464997,-4.976962507561387,-2.497682454735741,1.340774509960438,-0.5388225972309701,4.7776090238066296,-0.7904694897348756,1.013999445213693
44.0,200.0,143.72531127929688,-1.0316897590593443,2.682191372779579,-4.9205702699321305,-4.976962275186868,-2.497680408312615,1.3407752537805848,-0.5388241856778562,4.777609029534618,-0.7904688798917974,1.0139992722083289
44.0,200.0,143.72531127929688,-1.0316915731562242,2.68219323623894,-4.920570625053816,-4.976961866769013,-2.497681563773696,1.3407753013714752,-0.5388237523578043,4.777609261926655,-0.7904689360335917,1.0139997614558416
44.0,200.0,143.72531127929688,-1.031689922072908,2.682192079289427,-4.9205702317589335,-4.976957176939105,-2.497681644845588,1.3407759513202056,-0.5388252505533746,4.777608212837595,-0.790469309379219,1.0139966617185614
44.0,200.0,143.7252960205078,-1.0316915106529083,2.682188921519105,-4.920569571387063,-4.976964529480633,-2.4976845370685448,1.3407738348102356,-0.5388215504462313,4.777612637576148,-0.7904687035802915,1.014001581219432
44.0,200.0,143.7252960205078,-1.0316889213927234,2.682191601396533,-4.920569575098703,-4.976963746271297,-2.4976806690326603,1.340775173884957,-0.5388244510506643,4.7776090576462025,-0.7904682656782027,1.0139987499448813
44.0,200.0,143.72531127929688,-1.0316906165789037,2.682193288215524,-4.920570428412226,-4.976959553636659,-2.49768121107183,1.3407766567399335,-0.5388251216067523,4.777608404450849,-0.79046956314758,1.0139982322708525
44.0,200.0,143.72531127929688,-1.0316895607028882,2.6821929389445662,-4.920570605570259,-4.976959317815564,-2.49767911752386,1.3407772306191656,-0.5388252859061362,4.777607330749792,-0.7904691162883042,1.013996764302134
44.0,201.0,143.72531127929688,-1.0316928212951142,2.6821911575100588,-4.920569191691557,-4.976961836154206,-2.4976844958092306,1.340774578096351,-0.5388224653575957,4.777609995208342,-0.7904692692372706,1.0140009979924771
44.0,201.0,143.7252960205078,-1.0316894388254076,2.682193316148353,-4.920570141670472,-4.9769625149390935,-2.497677862373737,1.3407756258217027,-0.5388246981024007,4.777609013918644,-0.7904679250674675,1.013997877977184
44.0,201.0,143.72531127929688,-1.0316901537027858,2.6821924807963224,-4.92057063239812,-4.976961482389874,-2.4976812177072247,1.340776185029151,-0.5388243763777645,4.777608573867273,-0.790469215444193,1.0139988294071758
44.0,201.0,143.72531127929688,-1.0316899425164028,2.6821927736244096,-4.920572308969564,-4.976962139798625,-2.4976794857996465,1.340776658040415,-0.5388244565228542,4.777608186633332,-0.7904689885523322,1.013997362920362
44.0,201.0,143.7252960205078,-1.031691983548781,2.682190992107456,-4.920570668562137,-4.976964261207033,-2.497684572641912,1.340773475456697,-0.5388227920694231,4.777611103092479,-0.7904696473642989,1.014001213389479
44.0,201.0,143.72531127929688,-1.0316879516632378,2.6821892158855896,-4.920571125633024,-4.976963903850634,-2.497680585434892,1.3407755981832548,-0.5388242140064134,4.777610429680189,-0.7904692779596383,1.0139980249764493
44.0,201.0,143.72531127929688,-1.031689479655109,2.682189803520229,-4.920570188680526,-4.976962016960197,-2.497682202220399,1.3407745033146137,-0.5388244485050189,4.777611645976133,-0.7904691711027159,1.0139984044191532
44.0,201.0,143.72531127929688,-1.0316905075364229,2.6821922273155083,-4.92057098006161,-4.976961468740919,-2.497681490874609,1.340776384384954,-0.5388237265217812,4.777608698405842,-0.7904693245914238,1.0139984506456765
44.0,201.0,143.72531127929688,-1.031691124635964,2.682193680567061,-4.920568527818002,-4.976962024188679,-2.497681949771178,1.3407755402358053,-0.5388233173698289,4.777609241448875,-0.7904683791909441,1.0140000556957007
44.0,201.0,143.72531127929688,-1.0316879698859411,2.682193414221409,-4.920570521875883,-4.976960839000493,-2.4976794507090334,1.3407773825214244,-0.5388248758529679,4.777607653949097,-0.7904689161174447,1.0139979160993864
44.0,201.0,143.7252960205078,-1.0316884207060135,2.6821925614084474,-4.920569813959231,-4.976961695099102,-2.497680617643443,1.3407766682051043,-0.5388243641599546,4.77760905793054,-0.7904687147819365,1.013998116728512
44.0,201.0,143.72531127929688,-1.0316895001677793,2.6821912367216285,-4.920569405040022,-4.976964605385461,-2.4976820624453344,1.3407737554530872,-0.5388240071382455,4.777610216762172,-0.7904678917889854,1.0139995055752031
44.0,201.0,143.72531127929688,-1.0316923465922407,2.682188679624674,-4.920570675425705,-4.976965317692729,-2.497684522853973,1.3407730605329524,-0.5388220335848377,4.777611805647178,-0.7904699949030727,1.0140013553616782
44.0,201.0,143.7252960205078,-1.03169170729835,2.682190562027139,-4.920569548146062,-4.976961138722499,-2.497683526342368,1.3407745828033235,-0.5388237032571173,4.777610729257892,-0.7904695227405689,1.013999474300861
44.0,201.0,143.72531127929688,-1.0316903973977891,2.682188992324689,-4.92057189150519,-4.976963426439225,-2.497682299272034,1.3407756659797334,-0.5388227793477096,4.777609769193967,-0.7904693604018878,1.0139987141191744
44.0,201.0,143.72531127929688,-1.0316906786739772,2.6821914302398087,-4.920571103372884,-4.976962709093396,-2.49768365371735,1.340775559843097,-0.538823483392247,4.777610187965289,-0.790469421631637,1.0140000370768574
44.0,201.0,143.72531127929688,-1.0316908515865708,2.682191757781424,-4.9205723939356645,-4.976961039578379,-2.49768155988606,1.3407775152646604,-0.5388233394663109,4.777608351676474,-0.7904691528809762,1.0139989760123864
44.0,201.0,143.7252960205078,-1.0316900724490656,2.682190881954986,-4.920570395938757,-4.976962493449418,-2.497682023152987,1.3407763049580854,-0.5388231310582281,4.777609191593408,-0.7904693621164425,1.0139988050950768
44.0,201.0,143.72531127929688,-1.031689149084816,2.682193093111728,-4.920570693966306,-4.976964263952802,-2.497681355988292,1.3407751657897125,-0.5388241370298967,4.777609636646037,-0.7904683166956623,1.0139999711501009
44.0,201.0,143.72531127929688,-1.031689775862643,2.682191317248688,-4.920569695580925,-4.976962386607163,-2.4976817203652595,1.3407759333679137,-0.538823520587588,4.777609598466315,-0.7904685271893763,1.0139990297965449
44.0,201.0,143.7252960205078,-1.0316881770414326,2.68219185130504,-4.920569854474689,-4.9769608277057245,-2.497677964653968,1.340777348318959,-0.5388252497488333,4.777608152572796,-0.790468571004288,1.013997054456734
44.0,201.0,143.72531127929688,-1.0316922599542884,2.682193730894843,-4.920572230677373,-4.976959394025267,-2.497680941506764,1.3407767732573337,-0.5388239171031071,4.777607260773092,-0.7904693373673517,1.0139978599277422
44.0,201.0,143.72531127929688,-1.031693070825146,2.682192119739942,-4.920570446702412,-4.976961756168878,-2.497682752646494,1.3407744779135458,-0.538822163550817,4.777609028892254,-0.7904690197675848,1.0140000610766815
44.0,201.0,143.7252960205078,-1.0316908209756348,2.6821943857338946,-4.920571627697523,-4.976959344015792,-2.4976808454446657,1.3407771943257814,-0.5388248541689658,4.777608007313486,-0.7904692624188421,1.0139979278492586
44.0,201.0,143.7252960205078,-1.0316888245451894,2.6821919015634244,-4.920571816418649,-4.976960111048771,-2.497679774188017,1.34077651627965,-0.5388253793076299,4.777608857995331,-0.7904693044418902,1.0139969696021165
44.0,201.0,143.72531127929688,-1.03169273970998,2.6821937811143224,-4.920568918543384,-4.976963172440972,-2.497684468406776,1.340774800051534,-0.5388223763681008,4.777610859841943,-0.7904688000069351,1.0140017973625612
44.0,201.0,143.7252960205078,-1.0316916489098404,2.682193075894416,-4.920573673720609,-4.976959885638791,-2.4976803767126405,1.3407764027671254,-0.5388242711563009,4.77760900877697,-0.7904693089350632,1.01399789914863
44.0,201.0,143.7252960205078,-1.0316899480788289,2.6821929094723327,-4.920569146509554,-4.976961275861547,-2.497680433019978,1.3407747475713103,-0.5388243888966251,4.77760855479004,-0.7904689535799143,1.0139988476612585
44.0,201.0,143.72531127929688,-1.0316889599146268,2.682190687430176,-4.920571299629045,-4.976959726289578,-2.4976795396801337,1.340776690903911,-0.5388251196008671,4.777607664434557,-0.7904696232456985,1.0139966852494258
44.0,201.0,143.72531127929688,-1.0316892803692586,2.682190118431218,-4.920569581874982,-4.976965205902082,-2.497680447063516,1.3407738260115902,-0.5388240217088702,4.777610487826928,-0.7904681041156554,1.013999779017107
44.0,201.0,143.7252960205078,-1.0316900628626953,2.6821948017580555,-4.9205711309932205,-4.976960190424017,-2.49768072460244,1.3407765911906466,-0.5388252331572083,4.777609238694641,-0.7904686049038547,1.0139982169609496
44.0,201.0,143.72531127929688,-1.0316915264323678,2.682191934309901,-4.920570704038552,-4.976963724144295,-2.4976823628740643,1.3407742576056665,-0.5388238192661712,4.777611200849472,-0.7904690059370081,1.0139994423386725
44.0,201.0,143.72531127929688,-1.0316900928355863,2.6821920530745755,-4.920568782995352,-4.97695993390603,-2.497678623770192,1.340775502948075,-0.5388247017067602,4.77760841961339,-0.7904692981729609,1.0139975325849973
44.0,201.0,143.72531127929688,-1.0316915107364566,2.682191532521255,-4.920570357224168,-4.976961924904417,-2.497684255287096,1.3407758949172948,-0.5388229435798095,4.777610049119449,-0.7904693842929964,1.0140000182887243
44.0,201.0,143.72531127929688,-1.0316918988843096,2.68219206521231,-4.920569040342679,-4.976962673002876,-2.497682643897014,1.3407747397568004,-0.5388227644960653,4.777610092193797,-0.7904691655225218,1.0140002027733868
44.0,201.0,143.7252960205078,-1.0316898681442743,2.682190233732417,-4.920569997869257,-4.976963410872939,-2.497683496303797,1.3407748224257974,-0.538823634551731,4.777611168486768,-0.7904691585255694,1.0139999270379487
44.0,201.0,143.72531127929688,-1.031689452414727,2.682191590988799,-4.920571469752188,-4.976960272340805,-2.4976815337266705,1.340776695069394,-0.5388249666643228,4.777609198897826,-0.7904700392623125,1.013997110951581
44.0,201.0,143.72531127929688,-1.0316917678556914,2.682190855591413,-4.920572006766742,-4.976962309605859,-2.497681004682138,1.3407752023334796,-0.5388231091953877,4.777608204528889,-0.7904687395802767,1.0139988059904343
44.0,201.0,143.7252960205078,-1.0316926913571018,2.682188888275295,-4.920573161112874,-4.976964280661245,-2.497684527873909,1.3407740934461216,-0.5388217066364751,4.777611370987836,-0.7904698215456012,1.0140007527390562
44.0,201.0,143.7252960205078,-1.031691209488081,2.68219234442509,-4.920571527310829,-4.976960735355048,-2.4976813987800464,1.3407769879699174,-0.5388232609668382,4.777609729235115,-0.7904689378898242,1.0139987451857806
44.0,201.0,143.7252960205078,-1.031691016650853,2.6821887349560214,-4.920569848784571,-4.976965041420142,-2.497684189419825,1.340773928152136,-0.5388218151357744,4.777611346573073,-0.7904688185257731,1.0140010511098885
44.0,201.0,143.72531127929688,-1.0316910965045127,2.68219113955422,-4.920569731288695,-4.976959217427958,-2.49768297116994,1.340775663948241,-0.5388242827059653,4.777609207833358,-0.7904697714158742,1.01399830844559
44.0,201.0,143.72531127929688,-1.0316898802329897,2.682195809408409,-4.920569156563692,-4.976959441134053,-2.497677621606478,1.3407769032605277,-0.5388256789170365,4.777606752182617,-0.7904681947861221,1.013996998349464
44.0,201.0,143.72531127929688,-1.0316938892926246,2.6821924750510604,-4.9205702710931245,-4.976962268958401,-2.4976826001998536,1.3407736360712423,-0.5388222265006224,4.777610061148801,-0.7904682115250452,1.014000416437649
44.0,201.0,143.72531127929688,-1.0316923277621646,2.68218961188243,-4.920572657380723,-4.976962624726728,-2.497682760692413,1.340774380695291,-0.5388229494941719,4.777610275501781,-0.7904694966703039,1.0139991233599304
44.0,201.0,143.7252960205078,-1.0316913588912353,2.682193235010645,-4.9205711284557,-4.976961929066886,-2.4976802763973733,1.3407764383552587,-0.5388231611161114,4.777608956195538,-0.7904688165367677,1.0139990637021112
44.0,201.0,143.7252960205078,-1.0316897045142466,2.6821916443158047,-4.92056972239315,-4.976963408976399,-2.4976819187042776,1.340775168406303,-0.5388235930284537,4.7776106124894895,-0.7904689065949606,1.0139992026805134
44.0,201.0,143.72531127929688,-1.0316921487623838,2.68219308320528,-4.920570232392394,-4.976962150375613,-2.4976822893243185,1.340775711167451,-0.5388228679715379,4.77761036469396,-0.7904688447085624,1.013999853645017
44.0,201.0,143.7252960205078,-1.0316893630216253,2.6821909908552346,-4.920568805062787,-4.9769623986791816,-2.4976810727552605,1.3407751792413318,-0.5388243566022624,4.777609510102192,-0.7904696903729143,1.0139986575620243
44.0,201.0,143.72531127929688,-1.031690350133474,2.6821920518815867,-4.920570765744277,-4.976964086018639,-2.497681373490978,1.3407755763835514,-0.5388225641084698,4.77760939400066,-0.7904682423586831,1.0139999434797249
44.0,202.0,143.72531127929688,-1.0316908691087736,2.6821923133689163,-4.9205706923023484,-4.976961774577832,-2.497682830043129,1.3407759157297825,-0.5388239667395833,4.777609869252409,-0.7904689202457229,1.0139989873970308
44.0,202.0,143.72531127929688,-1.0316881717047193,2.682191986619708,-4.920570989357339,-4.976962765626512,-2.4976792955396943,1.3407771099747654,-0.5388246950742746,4.77760937679327,-0.7904688890799125,1.013997877181945
44.0,202.0,143.72531127929688,-1.031689653571788,2.682190335626248,-4.920568243414543,-4.976962358114027,-2.4976834871855704,1.340774589187129,-0.5388228127128301,4.777610170549169,-0.7904689376330962,1.0140002345741594
44.0,202.0,143.72531127929688,-1.031691927888494,2.682191730343412,-4.920570000671815,-4.976964747530431,-2.49768279002131,1.34077547137486,-0.5388212780923141,4.777609982327041,-0.790468593382446,1.014001207831062
44.0,202.0,143.7252960205078,-1.0316891343506684,2.6821903049981453,-4.920570438195713,-4.976961025165203,-2.49768220698382,1.3407763514984294,-0.5388241255773369,4.777609825343372,-0.7904693723304215,1.0139984106954092
44.0,202.0,143.72531127929688,-1.0316926532694422,2.682191542441754,-4.920568948487077,-4.976963614547323,-2.4976845885151016,1.3407745914847515,-0.5388218704747114,4.777612262120773,-0.7904693251102852,1.0140020061216166
44.0,202.0,143.72531127929688,-1.0316926741877115,2.682193008495389,-4.920571840713767,-4.97696143326618,-2.497681828281588,1.3407754821856823,-0.5388230434661612,4.77760956245157,-0.7904693824694551,1.01399969698479
44.0,202.0,143.72531127929688,-1.0316904115031016,2.682193063022509,-4.920568627705778,-4.976960759369274,-2.497681159772631,1.3407761528799709,-0.5388240873676349,4.777609578004125,-0.7904690183062364,1.0139987402197566
44.0,202.0,143.7252960205078,-1.0316896114087468,2.682193179466984,-4.920571212323406,-4.976960943772444,-2.497680741125745,1.3407762734913795,-0.5388241998922503,4.77760891933327,-0.7904689925430874,1.0139981567084888
44.0,202.0,143.7252960205078,-1.0316902755663455,2.682192014135372,-4.9205716880756105,-4.976960608489545,-2.4976803311459745,1.3407760518062863,-0.5388246929561848,4.777609068821029,-0.7904692308933576,1.0139980541440057
44.0,202.0,143.7252960205078,-1.0316922053079214,2.6821936937472906,-4.920570135922261,-4.976960479916685,-2.4976825311537123,1.340775938611305,-0.538823225059426,4.777609932699283,-0.790469653290649,1.01400006634357
44.0,202.0,143.72531127929688,-1.031691118603283,2.682190425193535,-4.920571376299398,-4.976963895231311,-2.4976817018227453,1.340775049158232,-0.5388226959562727,4.777610448623722,-0.7904688836197211,1.013999574888813
44.0,202.0,143.72531127929688,-1.0316894045899625,2.682192215744016,-4.92057201856147,-4.97696207428743,-2.4976804923859537,1.3407755404113324,-0.5388241160032372,4.777609400795287,-0.7904691997383813,1.013999006039997
44.0,202.0,143.7252960205078,-1.0316905018454352,2.68218964372147,-4.920571611484045,-4.976963303421752,-2.497682983573063,1.3407755888788744,-0.5388226943674148,4.777610000256916,-0.7904693929078839,1.0139998580418776
44.0,202.0,143.72531127929688,-1.0316930755593088,2.6821928569788858,-4.920570706591228,-4.976962067220402,-2.4976852460908705,1.3407755539967514,-0.5388223151076037,4.777610262096108,-0.7904696704059582,1.0140010011228364
44.0,202.0,143.72531127929688,-1.0316903895576268,2.682193176048864,-4.920570288960211,-4.976961302681027,-2.4976820642751902,1.3407757838785237,-0.5388243349947253,4.77760973557233,-0.7904694190579971,1.0139989233041726
44.0,202.0,143.7252960205078,-1.0316907680725635,2.68219176736695,-4.920572874441206,-4.976961027123088,-2.497680652323661,1.340776703228297,-0.5388241878808824,4.777609335944218,-0.7904696775509672,1.0139984558639483
44.0,202.0,143.7252960205078,-1.0316915079584872,2.682190879062871,-4.9205694831448055,-4.976966574956613,-2.497683792982637,1.3407736545412776,-0.5388218072542541,4.777612139866157,-0.7904685150485804,1.0140020959294107
44.0,202.0,143.72531127929688,-1.031690194152572,2.6821927678421886,-4.920569504070638,-4.976961351076227,-2.497681380444252,1.3407758594670405,-0.5388243328851461,4.777608602291878,-0.7904693724813514,1.0139986655293898
44.0,202.0,143.72531127929688,-1.0316889112367829,2.682193408428524,-4.920570379372467,-4.97696063507449,-2.497680138184111,1.340776565027035,-0.5388253678790136,4.7776086050040405,-0.7904694733370636,1.01399753981325
44.0,202.0,143.72531127929688,-1.03168879285235,2.6821907202029607,-4.920570442004315,-4.976962727104914,-2.497681234376582,1.3407751267656725,-0.5388245119734734,4.777609354796576,-0.7904690096913205,1.0139988364656594
44.0,202.0,143.72531127929688,-1.0316897025325875,2.6821914411144308,-4.92056828919053,-4.976963780502511,-2.497680986665729,1.3407748729324878,-0.5388233708237289,4.77760993581806,-0.7904681888343825,1.01399933813438
44.0,202.0,143.72531127929688,-1.0316911918021172,2.6821917634315726,-4.920570377077635,-4.976961920355572,-2.497682178672324,1.3407756243551052,-0.5388227775449215,4.777610679767086,-0.790468956193835,1.0139995541836804
44.0,202.0,143.7252960205078,-1.031689574050843,2.682190481759868,-4.920571401198478,-4.97696064558834,-2.497681584045981,1.3407766406778183,-0.5388248328166121,4.777609696698983,-0.7904695042719059,1.0139975060699813
44.0,202.0,143.72531127929688,-1.0316907230862498,2.682193482873629,-4.920572202192308,-4.976958967168429,-2.4976796657836937,1.340776781796028,-0.5388253987299274,4.777607768741985,-0.7904699263781145,1.0139968579301808
44.0,202.0,143.72531127929688,-1.031691608697301,2.6821904307696585,-4.920570179452863,-4.9769634936214135,-2.497683879552649,1.3407741969430749,-0.5388219515292016,4.777610009836515,-0.790468935327377,1.0140009686239466
44.0,202.0,143.72531127929688,-1.031691456546567,2.6821919016166484,-4.920572366780533,-4.976961399481546,-2.497682870203205,1.3407756026914512,-0.5388233147017836,4.777609247036949,-0.7904696045603616,1.0139990217953925
44.0,202.0,143.72531127929688,-1.031690570461557,2.682190703323366,-4.92057200188605,-4.976962694533396,-2.497680580106329,1.3407762299066557,-0.538823267156201,4.777609849839283,-0.7904692282608705,1.0139987039033755
44.0,202.0,143.7252960205078,-1.0316913903115088,2.6821938760297,-4.920570278395273,-4.976960155978385,-2.497682030685448,1.3407760439087069,-0.5388240668985542,4.777609817678501,-0.7904691297855422,1.0139992466151648
44.0,202.0,143.72531127929688,-1.03168986210727,2.68218917232379,-4.92057152981931,-4.976962009946293,-2.497682981108041,1.3407749479638431,-0.5388232650912563,4.777609939533239,-0.790470044110049,1.0139994572865074
44.0,202.0,143.7252960205078,-1.0316895069610132,2.682191973712608,-4.920570799536785,-4.976959420318867,-2.497680309557357,1.3407772348777964,-0.5388249644476142,4.777608796580324,-0.7904691770061252,1.013997497887697
44.0,202.0,143.72531127929688,-1.0316894674082435,2.6821925098480204,-4.920571068139266,-4.976964223704753,-2.497681739708313,1.3407761550586814,-0.5388233345457731,4.77761054022525,-0.7904684952902494,1.0139995006871845
44.0,202.0,143.72531127929688,-1.0316899901656331,2.6821917060104994,-4.920568664491891,-4.97696102529666,-2.497682154424366,1.34077524667926,-0.5388244765787409,4.777610285580625,-0.7904689040180326,1.013998448549266
44.0,202.0,143.7252960205078,-1.0316911229931196,2.6821919197919266,-4.920571658255686,-4.976961356664459,-2.497683397740038,1.3407770684078208,-0.5388225949552226,4.777610727883301,-0.7904701105385898,1.0139997402478826
44.0,202.0,143.72531127929688,-1.0316901603331456,2.682191955969091,-4.92057012508137,-4.976961913537755,-2.49768045753826,1.3407762769421598,-0.538823993272227,4.777609580582125,-0.790468811785165,1.0139981395436817
44.0,202.0,143.7252960205078,-1.0316901702852397,2.682191064468319,-4.920570219563958,-4.976962987711776,-2.497682827297774,1.340775755547579,-0.538823853129804,4.7776107122297855,-0.7904693333924833,1.0139994043469862
44.0,202.0,143.7252960205078,-1.0316902118642868,2.6821911629495654,-4.920569705189164,-4.976963893677435,-2.4976802946810683,1.34077442875257,-0.5388234808413106,4.777610016409266,-0.7904683011287794,1.0139991404851898
44.0,202.0,143.7252960205078,-1.031691129807145,2.6821927207541485,-4.920570625415686,-4.976964248180702,-2.497681137045398,1.3407744055125894,-0.5388224236064172,4.777609267309494,-0.7904681090802566,1.0140008844235755
44.0,202.0,143.72531127929688,-1.0316912531449156,2.6821906641234143,-4.920570730404531,-4.976963089541463,-2.497682702080434,1.3407742326391423,-0.5388231970300659,4.777609833095424,-0.7904692754437406,1.0139993388516777
44.0,202.0,143.72531127929688,-1.031691588854999,2.682190872468593,-4.920570745140124,-4.976961343825519,-2.497683447282858,1.3407757244707224,-0.5388238220538621,4.777609495838627,-0.7904696586008777,1.0139989587100224
44.0,202.0,143.7252960205078,-1.0316904578049657,2.6821900577130737,-4.920569538853269,-4.976964367402547,-2.497682532825003,1.3407737836108424,-0.5388234231639029,4.777610985047838,-0.7904685920702565,1.0140000175136883
44.0,202.0,143.7252960205078,-1.0316894162417962,2.6821925032367533,-4.920571879123128,-4.976960881356887,-2.4976800175429053,1.340776754362051,-0.5388249315274498,4.777609283077473,-0.7904692602310499,1.0139979535241617
44.0,202.0,143.72531127929688,-1.0316906241519934,2.682192149873406,-4.920571166006619,-4.976963084983154,-2.497681292418408,1.3407756182994195,-0.5388230711857434,4.777609641171489,-0.7904688664010511,1.0139994621250317
44.0,202.0,143.72531127929688,-1.031689026993151,2.682193000542608,-4.920571022322391,-4.976961135534746,-2.49767908913835,1.3407759666868868,-0.5388246601439519,4.777608152450378,-0.7904686617756713,1.0139979747437788
44.0,202.0,143.72531127929688,-1.0316880713297758,2.682192678195406,-4.920571187315117,-4.976959053690504,-2.497678101168044,1.340777781637455,-0.5388261016979161,4.777607969235016,-0.7904689244773175,1.0139959030259913
44.0,202.0,143.72531127929688,-1.031691149955244,2.682192308383776,-4.920569789718409,-4.976961490304884,-2.497681289118718,1.34077512682145,-0.5388241197673462,4.7776101817963,-0.790468799964704,1.0139994761305011
44.0,202.0,143.72531127929688,-1.0316900111211904,2.682191207235835,-4.920572423490719,-4.976960687856618,-2.4976806031710903,1.3407763882559909,-0.5388243296217823,4.777609308975146,-0.7904693178208886,1.0139982049065912
44.0,202.0,143.72531127929688,-1.0316900554260515,2.682192362109607,-4.92057025111102,-4.976962209869986,-2.4976811701571213,1.3407756085086806,-0.5388241310414852,4.777609776667672,-0.7904691392783132,1.0139992431972988
44.0,202.0,143.7252960205078,-1.0316893704666534,2.682193331885366,-4.920571890803354,-4.976962244560539,-2.497679467731193,1.3407764735095915,-0.5388247844555396,4.777608668980832,-0.7904682197176696,1.013998270437507
44.0,202.0,143.7252960205078,-1.0316935671078498,2.6821944684622565,-4.920572011670306,-4.976958424080826,-2.497682556505562,1.340775745942536,-0.5388230207133589,4.777608289773301,-0.790469394010497,1.0139992181186823
44.0,203.0,143.72531127929688,-1.0316901599232795,2.6821925607415125,-4.920571507176304,-4.976961487577196,-2.497681556391742,1.3407760381877667,-0.538824203812811,4.777609995522216,-0.7904687796415981,1.0139991992677375
44.0,203.0,143.7252960205078,-1.031690031400983,2.682192384540464,-4.920570862980127,-4.976964055687379,-2.4976801495507472,1.3407752928449472,-0.5388233071198814,4.777609540102347,-0.7904687659584635,1.0139994709858635
44.0,203.0,143.7252960205078,-1.0316905391767262,2.682194045632129,-4.920571023790384,-4.976957291339016,-2.4976807019441125,1.3407774448053802,-0.5388251187128414,4.77760788719427,-0.7904695923921761,1.0139974357848525
44.0,203.0,143.72531127929688,-1.0316906670156674,2.682191008480502,-4.920571741480383,-4.976959683330212,-2.497682373865147,1.3407761395951177,-0.5388240344950068,4.777609568400663,-0.7904699636775074,1.0139986251198083
44.0,203.0,143.72531127929688,-1.031686744681111,2.6821912790916222,-4.920571647383992,-4.976963038129851,-2.497679312249088,1.340775453312137,-0.5388255863702751,4.777610261292754,-0.7904685617079164,1.01399746453491
44.0,203.0,143.72531127929688,-1.0316934055132254,2.6821931321485923,-4.920571657077555,-4.976958560517019,-2.49768466963408,1.3407761110848702,-0.5388226938135379,4.777608201518209,-0.7904699485534223,1.0139999110447038
44.0,203.0,143.72531127929688,-1.031691706717318,2.682192010993713,-4.920570315486636,-4.976961773439831,-2.4976835699623234,1.3407756370690225,-0.538822932214142,4.777610164191309,-0.7904692605220429,1.01399999357226
44.0,203.0,143.7252960205078,-1.0316886255765074,2.682191485036655,-4.920571669911904,-4.976957627331073,-2.4976793159462822,1.3407788619397305,-0.538825410148446,4.777607712531328,-0.7904695955825112,1.0139957676834532
44.0,203.0,143.7252960205078,-1.0316918767289298,2.6821923963144414,-4.9205684002442505,-4.97696414477002,-2.4976822488260506,1.3407736466491065,-0.5388230253508031,4.777610566201691,-0.7904686064740414,1.014000687685841
44.0,203.0,143.72531127929688,-1.031691029630473,2.682191211985001,-4.920570026831592,-4.976960672566305,-2.4976827811804254,1.3407754783824677,-0.538823348732973,4.777609620769876,-0.7904694474506035,1.013998961805136
44.0,203.0,143.7252960205078,-1.0316913651125064,2.682191938626339,-4.920571302642148,-4.976961641197264,-2.4976812848124093,1.3407757833526013,-0.5388239229916811,4.777609384560829,-0.7904693835111365,1.0139986605709037
44.0,203.0,143.72531127929688,-1.0316904724958604,2.682190788776292,-4.920571722195164,-4.976962216861061,-2.4976812682936123,1.3407746129953395,-0.5388233950796186,4.77761033056618,-0.7904687338432668,1.0139990104480043
44.0,203.0,143.72531127929688,-1.031691309296571,2.6821924781809026,-4.920571531629848,-4.976957143005953,-2.497681981211639,1.3407772848257604,-0.5388244935868851,4.777608345801722,-0.7904700747467537,1.0139982002134271
44.0,203.0,143.72531127929688,-1.0316904595960033,2.682191793007105,-4.9205708956375975,-4.9769608495084485,-2.497681269291991,1.3407759409173794,-0.5388242693374758,4.777609808918671,-0.7904698712745057,1.013998949937978
44.0,203.0,143.72531127929688,-1.0316899000826147,2.6821921220933564,-4.92057311889685,-4.976960444309842,-2.497678850576383,1.3407763668260504,-0.538824941731809,4.777608419745215,-0.7904690262478811,1.0139970084894596
44.0,203.0,143.72531127929688,-1.0316911024783066,2.682191295519564,-4.920571293589326,-4.976961905156244,-2.497682942439857,1.3407756939307642,-0.5388235406827748,4.777610807442857,-0.7904690166810555,1.0139994421015557
44.0,203.0,143.72531127929688,-1.031690908280043,2.6821933892428778,-4.92057045927921,-4.9769600451950815,-2.4976810589138303,1.3407759585870591,-0.538823696107328,4.777609278369123,-0.7904688448402215,1.0139993755525447
44.0,203.0,143.7252960205078,-1.031689820033325,2.682190228575169,-4.920570062399646,-4.976964669809907,-2.4976822654709068,1.3407756556215444,-0.5388224712530034,4.7776108167178695,-0.7904682377119423,1.0139998165637722
44.0,203.0,143.7252960205078,-1.031690073157692,2.682191948462504,-4.920570032078548,-4.976961252715572,-2.4976830543620965,1.3407769292804383,-0.5388236861618454,4.777609453166344,-0.790469349549979,1.013999324842466
44.0,203.0,143.72531127929688,-1.031690449655266,2.68218956240697,-4.92057192586118,-4.97696196615749,-2.4976817443113,1.340776546626243,-0.5388231965143531,4.777609611368526,-0.7904699729626756,1.0139985675186676
44.0,203.0,143.72531127929688,-1.0316895924119218,2.682193801762227,-4.920570315625671,-4.976961848734194,-2.497679858313162,1.3407761004338798,-0.5388240215218421,4.777608175369345,-0.7904680077487054,1.013998549690644
44.0,203.0,143.7252960205078,-1.0316896356632226,2.682194454289576,-4.920570762426228,-4.976961754944223,-2.497679067110113,1.3407771000911142,-0.5388245297338852,4.777608961657672,-0.7904685851300988,1.0139985571712558
44.0,203.0,143.72531127929688,-1.031692507528501,2.6821918831969267,-4.920570557013312,-4.976964119499095,-2.4976828151954185,1.3407740995467137,-0.5388218914058225,4.777610571023459,-0.7904692171413501,1.0140011583601902
44.0,203.0,143.72531127929688,-1.0316904430059015,2.682191894139531,-4.920569905924901,-4.976962845286073,-2.497680589232675,1.3407746484963656,-0.5388231481081078,4.777609882470781,-0.7904683802595516,1.013999647178819
44.0,203.0,143.7252960205078,-1.031691871418115,2.6821907110565064,-4.920570734595449,-4.976962286023699,-2.4976835149795984,1.340774613286574,-0.5388226094987356,4.77761029259463,-0.7904697068654487,1.0140001495345183
44.0,203.0,143.72531127929688,-1.0316917794724052,2.682192420411723,-4.920570294711301,-4.976961766665352,-2.497685445319762,1.340776399620463,-0.5388225407935874,4.777610537896228,-0.7904698965144394,1.0140012136075267
44.0,203.0,143.72531127929688,-1.0316936022829817,2.682194632711486,-4.920569810447973,-4.9769626889960445,-2.497683056715987,1.3407747531324077,-0.5388227121835785,4.777610456516509,-0.7904688163712397,1.0140010205979155
44.0,203.0,143.7252960205078,-1.0316891912252917,2.6821934036920414,-4.920570790065619,-4.976960092319222,-2.497678448037022,1.340776306529178,-0.5388259271144547,4.7776084346460745,-0.7904686776280094,1.0139969673517415
44.0,203.0,143.72531127929688,-1.0316906431998465,2.6821906576169985,-4.920572386154457,-4.976963866782765,-2.4976812451070787,1.3407748975719294,-0.5388228309192744,4.777609363561082,-0.7904686173426603,1.0139997953782007
44.0,203.0,143.72531127929688,-1.0316930474817214,2.682193551414864,-4.920570761447308,-4.976960557251689,-2.497682936745276,1.3407753564010507,-0.538823735536857,4.777610135715275,-0.7904695951068126,1.013999701140173
44.0,203.0,143.7252960205078,-1.0316908445123074,2.6821916398618697,-4.920570429352962,-4.976961221047793,-2.4976825006682297,1.34077549364057,-0.538824222815184,4.777609653713146,-0.7904692778367606,1.0139985469177653
44.0,203.0,143.7252960205078,-1.031689165958389,2.682191766654965,-4.920571541361756,-4.9769616259699605,-2.4976809612732294,1.3407764430031175,-0.5388244651015031,4.777610298863396,-0.790469049483411,1.013998123918526
44.0,203.0,143.72531127929688,-1.0316917654929858,2.682189666499479,-4.920570315587997,-4.976965621785899,-2.497682879055361,1.3407736718366454,-0.5388214736727992,4.777611150491573,-0.7904687207701286,1.014001359265766
44.0,203.0,143.72531127929688,-1.0316921995442256,2.6821899513732355,-4.920571890884866,-4.9769639864740185,-2.4976828389140886,1.3407742346801923,-0.5388222245184506,4.777609796745788,-0.7904688328291067,1.0140001387084396
44.0,203.0,143.7252960205078,-1.0316891957680498,2.682192363628161,-4.920572420900036,-4.976961496568473,-2.4976791046871334,1.3407763602852487,-0.5388249089347585,4.777608745751991,-0.7904690800280472,1.0139973297150302
44.0,203.0,143.7252960205078,-1.0316899275637086,2.682192925762804,-4.920570440327846,-4.976961397949844,-2.497680251223429,1.3407757091233474,-0.5388247886536535,4.777608796867956,-0.7904681248638603,1.0139978976434048
44.0,203.0,143.7252960205078,-1.0316905788112036,2.6821904836527697,-4.920571072356952,-4.976961364621076,-2.4976818936533025,1.3407756049578785,-0.5388232817173577,4.777609395928751,-0.7904694649684325,1.0139991393131194
44.0,203.0,143.72531127929688,-1.031689982728432,2.6821935480466763,-4.920570199473481,-4.976959575906494,-2.4976808401263395,1.3407771547156733,-0.5388248116036776,4.777608444584159,-0.790468929269962,1.0139975686873726
44.0,203.0,143.7252960205078,-1.0316944041111178,2.6821914621981104,-4.920571996754984,-4.976962614701363,-2.4976849629263294,1.3407744711110494,-0.5388211973273407,4.777611155087902,-0.7904696603271697,1.0140016311509834
44.0,203.0,143.7252960205078,-1.0316901295595238,2.6821921221007097,-4.920570944561824,-4.976960632397941,-2.4976810202727777,1.340777041363561,-0.5388246427341903,4.777609370588428,-0.7904695618890392,1.013997993776858
44.0,203.0,143.7252960205078,-1.0316896508874531,2.6821927383234287,-4.920570475057039,-4.97695947475766,-2.497678553942451,1.34077629215954,-0.5388249388258064,4.777608151689407,-0.7904689134311607,1.0139972316709631
44.0,203.0,143.7252960205078,-1.0316896733906988,2.682192610793286,-4.920570073781942,-4.976962001042668,-2.497680140195979,1.3407756173297205,-0.5388247358032325,4.777609257174154,-0.7904688990969646,1.0139987450895118
44.0,203.0,143.72531127929688,-1.031691851629351,2.682192048553568,-4.920571064443724,-4.976963368836397,-2.497681913335814,1.340775179172771,-0.5388232061864251,4.777610147097322,-0.7904686992108338,1.0139997832447092
44.0,203.0,143.72531127929688,-1.0316891847805063,2.68219097149194,-4.920570556164059,-4.976963725010949,-2.4976831070869894,1.340774837927511,-0.5388240038853551,4.777611276964462,-0.7904689933315474,1.0139999620242754
44.0,203.0,143.7252960205078,-1.0316896824740611,2.6821916143550304,-4.920571965932931,-4.976961950705412,-2.497680175295214,1.3407768187732287,-0.5388236042402088,4.777608781819769,-0.7904690985630216,1.0139980952007246
44.0,203.0,143.72531127929688,-1.0316900913874876,2.6821929197562087,-4.9205692834369215,-4.976962093945483,-2.4976791842321773,1.340775577271839,-0.5388247251328249,4.777609098514544,-0.790468540323447,1.013998622559856
44.0,203.0,143.7252960205078,-1.0316902126294494,2.6821906147900823,-4.920571532083383,-4.976962555479164,-2.497682450270277,1.3407762835024215,-0.5388235982419429,4.7776105242898765,-0.7904685798382456,1.013998756797795
44.0,203.0,143.7252960205078,-1.031690977176722,2.682191512985179,-4.920572168672707,-4.9769616341702605,-2.4976814406847447,1.3407753374455469,-0.538823323572954,4.777608861066522,-0.7904688537874796,1.0139994330906816
44.0,203.0,143.7252960205078,-1.0316905611103095,2.6821921505827024,-4.920570676856723,-4.976961404132956,-2.497681853418168,1.34077591702055,-0.5388239474871446,4.777609947206639,-0.7904693514899828,1.013998788482957
44.0,203.0,143.72531127929688,-1.0316893718133668,2.682192108197099,-4.92057132856834,-4.976962352632636,-2.4976808517027305,1.3407753093805974,-0.5388247591230177,4.777609475179515,-0.7904694965634569,1.013998460297313
44.0,204.0,143.72531127929688,-1.0316915705417729,2.682192643837704,-4.920572147637262,-4.976962867383431,-2.497681387726176,1.3407761932550883,-0.5388235474543261,4.777609688856044,-0.7904689378288836,1.0139994577455278
44.0,204.0,143.7252960205078,-1.0316913333721782,2.6821906306344108,-4.920569964123307,-4.976963087794239,-2.4976837915285706,1.3407750244473435,-0.5388228138579159,4.777611217832067,-0.7904692348296338,1.01400036342665
44.0,204.0,143.7252960205078,-1.0316895746824488,2.6821924223136326,-4.920571536773247,-4.9769613188656585,-2.497680107777219,1.340776914406434,-0.538824785797761,4.777608497344199,-0.7904688465774532,1.0139979973808364
44.0,204.0,143.72531127929688,-1.0316910600992024,2.682192254222322,-4.920570203439261,-4.976960938137679,-2.497681539738239,1.34077654695285,-0.5388238667272196,4.777609341051655,-0.7904695884874977,1.0139986922495492
44.0,204.0,143.7252960205078,-1.0316920649412822,2.682193297110828,-4.920570947513688,-4.9769606696913415,-2.497682252804559,1.340775711120247,-0.5388234250938142,4.777609672607566,-0.7904693925700705,1.0139994432439128
44.0,204.0,143.7252960205078,-1.0316913140051829,2.6821921415004883,-4.920570198937163,-4.976960611626934,-2.4976832716858546,1.3407760701960996,-0.5388233670549347,4.777609209646313,-0.7904692033427505,1.013999134774214
44.0,204.0,143.72531127929688,-1.0316907496119665,2.6821902752239613,-4.920569782471674,-4.976963320214493,-2.497683046370844,1.3407747726095265,-0.5388229785291463,4.77761122091921,-0.7904692037407406,1.0139998839463065
44.0,204.0,143.7252960205078,-1.0316902710001048,2.68219303893768,-4.9205712670932495,-4.9769603554271376,-2.497680714206325,1.3407767696700272,-0.5388244915985538,4.7776090775639055,-0.7904693232556923,1.0139977741614148
44.0,204.0,143.72531127929688,-1.0316920452227047,2.6821930528731333,-4.920570847069235,-4.976962383716971,-2.4976814496217936,1.3407753003731742,-0.5388231713735712,4.777610114753804,-0.7904688913912326,1.0140002628847835
44.0,204.0,143.72531127929688,-1.031690137485009,2.682192526787958,-4.920570431202997,-4.9769608399172,-2.497679471495902,1.340775777107698,-0.5388241238925149,4.777607829571531,-0.7904684748717212,1.013998030033216
44.0,204.0,143.72531127929688,-1.0316890085711077,2.6821922222549173,-4.920569712252015,-4.976962580144698,-2.497681308102955,1.340776405427154,-0.5388243358187506,4.777610060209248,-0.7904691976855958,1.0139989348487308
44.0,204.0,143.7252960205078,-1.031690501788228,2.682192708796932,-4.92057056057273,-4.976962359524833,-2.4976796497946463,1.340775886611075,-0.5388238703324255,4.777609637140545,-0.7904686817916371,1.0139986982744498
44.0,204.0,143.7252960205078,-1.0316904471273358,2.6821903829351124,-4.920571099507865,-4.976964616825676,-2.497681251436205,1.3407750900330075,-0.5388224776737784,4.777611121857358,-0.7904685578660535,1.0140000245731962
44.0,204.0,143.72531127929688,-1.0316880984382508,2.68219340651327,-4.9205706580435296,-4.97695988789548,-2.497679100331043,1.3407779847607992,-0.5388251049526342,4.777608477089848,-0.7904692936009479,1.0139974521147828
44.0,204.0,143.72531127929688,-1.0316924156621212,2.6821907072936355,-4.9205704535773656,-4.976963960891642,-2.4976846189025848,1.3407743534866148,-0.5388216749272834,4.777610730500948,-0.7904691716322434,1.0140016039143689
44.0,204.0,143.72531127929688,-1.0316897711390929,2.682191647932271,-4.920570176837514,-4.976962770683844,-2.4976806706050976,1.3407756285430992,-0.5388242715418006,4.777609735376462,-0.7904688935786943,1.0139983132894343
44.0,204.0,143.7252960205078,-1.031689529897963,2.682192290384985,-4.920571873508892,-4.976960003124657,-2.497680618442732,1.3407765782727097,-0.5388254567202679,4.777609254503412,-0.7904698664866334,1.0139971866083233
44.0,204.0,143.72531127929688,-1.0316881167748737,2.6821925140623524,-4.920571443554539,-4.97696089902283,-2.497677603110384,1.3407761078635518,-0.538825769567727,4.777608059575753,-0.7904685067840784,1.013996878238764
44.0,204.0,143.7252960205078,-1.0316881124627382,2.682193080486492,-4.920569518974158,-4.976962389218992,-2.4976796094697944,1.3407764363659922,-0.5388248182859909,4.777609418466932,-0.7904686680372359,1.0139982406753534
44.0,204.0,143.72531127929688,-1.0316915579373118,2.6821919327460986,-4.920572404402757,-4.976961722974049,-2.497682743724848,1.340776591695497,-0.5388228146950258,4.777609519850167,-0.7904695923376073,1.0139995398292667
44.0,204.0,143.72531127929688,-1.031691552157214,2.6821921240673223,-4.920571986051765,-4.976961912818994,-2.497683142467544,1.3407761327889434,-0.538822733916966,4.777610372576746,-0.7904694467521107,1.01399955470331
44.0,204.0,143.72531127929688,-1.031691049750151,2.6821924139052644,-4.92057023538363,-4.976962621163041,-2.497681844630549,1.3407752565079534,-0.538823365481945,4.777609907616609,-0.7904689088065142,1.0139995966704944
44.0,204.0,143.72531127929688,-1.031689828323878,2.682192543812092,-4.920570887363194,-4.976962305727038,-2.497680581819929,1.340776212338188,-0.5388237915741083,4.777609751263679,-0.7904686118324413,1.0139989008811892
44.0,204.0,143.7252960205078,-1.0316888522226657,2.6821933548994226,-4.920571066158107,-4.976962048150824,-2.49767987293109,1.3407765404551668,-0.5388247461836144,4.777609162950128,-0.7904692073299575,1.0139981856116345
44.0,204.0,143.72531127929688,-1.0316909334587616,2.682190170931088,-4.920569549544006,-4.976964431530308,-2.49768347223314,1.340774067630309,-0.5388227556129843,4.777611720247764,-0.7904688776405742,1.0140006468916285
44.0,204.0,143.7252960205078,-1.031691442575196,2.68219177486352,-4.920570510105868,-4.976960848007767,-2.4976832344830937,1.3407753731745542,-0.5388228009441187,4.777609692978276,-0.7904695225945106,1.0139996729385654
44.0,204.0,143.7252960205078,-1.0316910733039424,2.682192790804515,-4.92057021368406,-4.976962575419496,-2.497681051254194,1.3407758333015067,-0.5388232605115073,4.777609669739446,-0.790468799687714,1.013999761838792
44.0,204.0,143.7252960205078,-1.0316900415730967,2.682192847949084,-4.920571347824437,-4.976960753692306,-2.497679524325525,1.3407770283805878,-0.5388242331337842,4.77760895861787,-0.7904686159146568,1.013998233237901
44.0,204.0,143.7252960205078,-1.031689415755157,2.682192362820568,-4.920570088689972,-4.9769624337523535,-2.497680446547124,1.3407757670144127,-0.5388242319808514,4.777609392313808,-0.7904689706240351,1.0139987006658782
44.0,204.0,143.72531127929688,-1.0316902276761368,2.68219128356364,-4.92057054517548,-4.976963575603556,-2.497680697284943,1.340774593330158,-0.5388237363206114,4.777610176591621,-0.7904684320172688,1.0139989831441465
44.0,204.0,143.72531127929688,-1.031689323335851,2.68219190531184,-4.920570862020794,-4.976961403582434,-2.4976810564961034,1.3407766689716514,-0.5388242970132779,4.777609516007267,-0.7904692190366998,1.0139983643171817
44.0,204.0,143.72531127929688,-1.0316913386033797,2.682192024308846,-4.920571443050046,-4.976962361031728,-2.497682440258244,1.3407758907187155,-0.5388228259192998,4.777610278515724,-0.7904695055203872,1.013999411101504
44.0,204.0,143.72531127929688,-1.0316893907597595,2.682192286807199,-4.920571207002339,-4.976960031838454,-2.497681491907743,1.3407765693451426,-0.5388253451046179,4.777610086221133,-0.7904700410983665,1.013997511793705
44.0,204.0,143.72531127929688,-1.0316907031100992,2.6821933955425887,-4.920569875014293,-4.976961826773603,-2.49768122884909,1.340776114728488,-0.5388236647625355,4.77760918560584,-0.7904690636699421,1.01399928619883
44.0,204.0,143.7252960205078,-1.0316912341424795,2.6821908803180268,-4.920570710121748,-4.976962843826185,-2.4976841259057543,1.3407761171678647,-0.538822694234784,4.777610734518905,-0.790469745841027,1.0140005529751883
44.0,204.0,143.7252960205078,-1.0316913244988155,2.6821927117736983,-4.9205713457997735,-4.97696006303518,-2.4976812454066657,1.3407760279209937,-0.5388243831188007,4.777609362233179,-0.7904690379647548,1.013998378057968
44.0,204.0,143.7252960205078,-1.0316901814153634,2.6821926249201464,-4.920571072497711,-4.976961076341473,-2.497681079303071,1.3407760108219904,-0.5388244514591811,4.777609308144227,-0.790469506021239,1.0139982685058442
44.0,204.0,143.7252960205078,-1.031689846171711,2.682191464249061,-4.920571184416722,-4.976961216351386,-2.4976805184214603,1.3407757267297755,-0.5388248714604451,4.777609444162582,-0.790469104592086,1.0139976933329464
44.0,204.0,143.72531127929688,-1.0316891445692549,2.6821905475886885,-4.92056995803972,-4.976963037389597,-2.497680861710606,1.3407760048284274,-0.5388243125807222,4.777610320499944,-0.7904688600174623,1.0139985835820884
44.0,204.0,143.7252960205078,-1.031688945287636,2.682191993672878,-4.920570976086906,-4.97696151783054,-2.497680015230781,1.3407761614101794,-0.5388252572423973,4.777608736564638,-0.7904691581420948,1.013997347449722
44.0,204.0,143.72531127929688,-1.0316901453698213,2.682192810088738,-4.920571308164322,-4.976962576746349,-2.497681146676338,1.340776691664156,-0.538823521082672,4.7776105366426656,-0.7904688066098453,1.013999439862764
44.0,204.0,143.7252960205078,-1.0316909825898637,2.6821920517821223,-4.9205708907119305,-4.976962944402316,-2.497680345000601,1.340775516513938,-0.5388233416247878,4.777609853051782,-0.7904688862746552,1.0139994208172831
44.0,204.0,143.7252960205078,-1.0316895782220366,2.682192392576966,-4.920570728997419,-4.9769610943326805,-2.4976806718767035,1.340775945673891,-0.5388247186861594,4.777609041359858,-0.7904691054053936,1.0139979625417137
44.0,204.0,143.7252960205078,-1.0316916120435278,2.682192573321319,-4.920570009673662,-4.976963103546744,-2.49768328846095,1.340775825242701,-0.5388227394082445,4.777610762021769,-0.7904690653959099,1.0140006030264228
44.0,204.0,143.72531127929688,-1.0316892216677127,2.682192006192997,-4.9205711769821,-4.976961396168881,-2.497681066243332,1.3407775453043964,-0.5388238862375978,4.777609431469921,-0.7904689930700712,1.0139983947702769
44.0,204.0,143.7252960205078,-1.031690181403519,2.6821920443336467,-4.920570197369298,-4.976961196523324,-2.497681748136627,1.3407752728844482,-0.5388238556978173,4.77760994509482,-0.7904694378444823,1.0139992915434697
44.0,204.0,143.72531127929688,-1.0316893258238218,2.682190406096792,-4.920571816417127,-4.976962812200779,-2.4976805806684506,1.3407761195446444,-0.5388235526734437,4.777608564312899,-0.7904690095892919,1.0139983914216169
44.0,204.0,143.7252960205078,-1.031689455018734,2.682192284676007,-4.920570705486483,-4.9769629632301084,-2.4976788934233984,1.3407759577258505,-0.5388239012262765,4.777608488779324,-0.7904679782381239,1.0139982977631448
44.0,204.0,143.72531127929688,-1.031690112819021,2.6821924069266343,-4.920569768540632,-4.976964153546119,-2.497680622757871,1.3407750696692975,-0.5388234782666315,4.77760989471011,-0.7904680752458777,1.013999627745906
44.0,204.0,143.72531127929688,-1.031692167421005,2.6821904070310723,-4.920572233010458,-4.976962584896266,-2.497684366822486,1.3407751921149718,-0.5388221797430592,4.777611703461558,-0.7904690769100773,1.0140002930148224
44.0,205.0,143.7252960205078,-1.0316900556506976,2.6821920116839424,-4.92057050729025,-4.976962346308143,-2.4976806939614,1.3407753687558808,-0.5388241970215901,4.777609646435352,-0.7904686129088061,1.0139991358186693
44.0,205.0,143.72531127929688,-1.0316909299532973,2.6821921277299907,-4.920570705217104,-4.976962419870409,-2.497681398575005,1.3407754072334654,-0.5388232400788118,4.777609879582702,-0.790469155115761,1.013999429213806
44.0,205.0,143.7252960205078,-1.0316911556716164,2.6821925654537573,-4.92057053386859,-4.9769613565074735,-2.4976820319557684,1.3407762927203768,-0.5388236957672499,4.777609667937517,-0.7904689375093099,1.0139992935523925
44.0,205.0,143.7252960205078,-1.0316923946379974,2.682190771346185,-4.920570939103543,-4.9769617594930695,-2.49768376865779,1.3407755765731864,-0.5388226037291162,4.777610670531441,-0.7904696381968694,1.0140001579749605
44.0,205.0,143.7252960205078,-1.0316905868151762,2.6821932301613858,-4.920570408346851,-4.976959171887259,-2.497681958783521,1.340776954663948,-0.5388247563446704,4.777608881189021,-0.7904696622296328,1.0139982251719912
44.0,205.0,143.7252960205078,-1.0316905305009358,2.6821919706411563,-4.920570348017384,-4.976960716137132,-2.497683230983561,1.340775539751232,-0.5388239107469399,4.777609811899579,-0.7904694985454244,1.0139988634355994
44.0,205.0,143.7252960205078,-1.0316896790093997,2.682191413804733,-4.920571762926326,-4.9769607737494495,-2.4976809898212244,1.340776912139435,-0.5388242097513007,4.777609565746902,-0.7904695525890908,1.0139977894409853
44.0,205.0,143.72531127929688,-1.031690068492809,2.6821924419116803,-4.920571597277812,-4.976961092401188,-2.4976811463046995,1.3407765515698298,-0.5388241981970072,4.777608947118457,-0.790469341561951,1.0139983502948615
44.0,205.0,143.7252960205078,-1.0316900980343622,2.682191129973269,-4.920571048021412,-4.976961949757679,-2.49768050656174,1.3407758166882378,-0.5388232890662401,4.777609217486461,-0.7904690697634367,1.0139987124443506
44.0,205.0,143.7252960205078,-1.0316908263036375,2.68219170863277,-4.920570211312179,-4.976963068476224,-2.4976821351743785,1.340775091835532,-0.5388234319454357,4.7776107621279085,-0.7904689485298277,1.0139999699931366
44.0,205.0,143.72531127929688,-1.0316909320287375,2.68219083804072,-4.920571572680102,-4.976962136534164,-2.497682102646327,1.340775624488698,-0.5388230495013921,4.777610155362336,-0.7904691567870001,1.0139994048021137
44.0,205.0,143.72531127929688,-1.0316917834000696,2.682189565651485,-4.920571642117775,-4.976962908684047,-2.497683633227151,1.340774709874121,-0.5388223035242499,4.777610814951704,-0.7904694617236991,1.0140003966031903
44.0,205.0,143.7252960205078,-1.0316904244060594,2.682191750772024,-4.920570012159546,-4.9769638068578415,-2.49768220554198,1.3407744574713778,-0.5388232735505625,4.777610720221206,-0.7904689097725814,1.0140000600206491
44.0,205.0,143.72531127929688,-1.0316899050315484,2.682193198720995,-4.920571025052015,-4.976961568562985,-2.497678744841197,1.3407766951434086,-0.5388241983703166,4.777608868840343,-0.7904687577949652,1.013998402193078
44.0,205.0,143.72531127929688,-1.0316898894041129,2.6821920587526265,-4.920570672757148,-4.976963590043405,-2.4976804855808603,1.3407755279059057,-0.5388237084893879,4.777610141285571,-0.7904688343473056,1.0139993503312272
44.0,205.0,143.72531127929688,-1.0316902573373414,2.682192797669204,-4.920571170121105,-4.9769612871879545,-2.497680552907771,1.3407768639603272,-0.5388242299688777,4.777609597806968,-0.7904693454041558,1.013998103684905
44.0,205.0,143.7252960205078,-1.0316891765749865,2.682191833551605,-4.920569688173011,-4.976961358613095,-2.497680649637374,1.3407765401671012,-0.5388244276403285,4.777609473800467,-0.7904692424465845,1.0139984801373734
44.0,205.0,143.7252960205078,-1.0316896293410736,2.682192353996216,-4.920571505631007,-4.97696211063615,-2.4976802995976444,1.340776302318324,-0.5388245646230985,4.7776089420026455,-0.7904689903346327,1.013998159146551
44.0,205.0,143.72531127929688,-1.0316901505449865,2.682192259965845,-4.920569913957273,-4.976961902526049,-2.4976813638256283,1.3407755954380738,-0.5388241132640044,4.777609888062564,-0.7904689292070524,1.0139986869862474
44.0,205.0,143.72531127929688,-1.031689693788138,2.682191267316237,-4.920569748942526,-4.976964314143827,-2.497681869710905,1.3407756125614831,-0.5388232540666893,4.7776102970309005,-0.790468615045933,1.013999991870545
44.0,205.0,143.7252960205078,-1.0316911424677635,2.682191431563412,-4.920571188364994,-4.976961416875938,-2.497681963531217,1.340776000075774,-0.5388234797096079,4.777609904766255,-0.7904694940025871,1.0139989686808946
44.0,205.0,143.72531127929688,-1.0316909019280374,2.682193680654759,-4.920571109138597,-4.97695991869305,-2.49768057518569,1.340776854805109,-0.5388243206681906,4.777608611129312,-0.7904690094807822,1.0139982111562782
44.0,205.0,143.72531127929688,-1.0316895494533669,2.6821919557408567,-4.920570625200962,-4.976961152826061,-2.497681336836337,1.3407767904188406,-0.5388241461366219,4.777609953949888,-0.7904695056690727,1.0139985352780307
44.0,205.0,143.7252960205078,-1.0316900536784557,2.682192536738132,-4.9205712543453695,-4.976959238247939,-2.497680571355761,1.3407765142432773,-0.5388254243615167,4.777608667868357,-0.7904693905710527,1.013996926608792
44.0,205.0,143.7252960205078,-1.0316901988407046,2.6821923181103013,-4.920571579474172,-4.976960726081794,-2.4976803925979056,1.3407759618235362,-0.538824680131885,4.777609176108484,-0.7904690006470014,1.0139979936893484
44.0,205.0,143.7252960205078,-1.031689592705423,2.68219298594507,-4.920570292911643,-4.976961421497903,-2.497679018702792,1.3407758812039088,-0.5388244977218557,4.777608634432891,-0.7904686919628512,1.0139981484489011
44.0,205.0,143.7252960205078,-1.0316911227577243,2.682191451161195,-4.920571176401473,-4.976962884613189,-2.4976817945768164,1.3407749598069474,-0.5388231078446326,4.77761062890252,-0.7904692401552991,1.0140001302760746
44.0,205.0,143.72531127929688,-1.031690695702414,2.682191876344521,-4.920571004631512,-4.976962889666432,-2.497681872963823,1.3407755746618486,-0.5388233140764633,4.7776099456666135,-0.790469376640476,1.0139996539131175
44.0,205.0,143.7252960205078,-1.0316902944314634,2.682192605898937,-4.920570974468832,-4.976960932943879,-2.49768074507307,1.3407762087121906,-0.5388241286341158,4.77760880129906,-0.7904690653799555,1.0139984069041823
44.0,205.0,143.7252960205078,-1.0316920347774996,2.6821903361423383,-4.92057015547886,-4.976964396052392,-2.497684147620538,1.3407737520042229,-0.5388221729290796,4.777610778048773,-0.7904690735160376,1.014001201928565
44.0,205.0,143.7252960205078,-1.0316878530460531,2.6821925281427053,-4.92057002796813,-4.976961769773476,-2.4976779363198736,1.3407764387100665,-0.5388256131864466,4.777609003083146,-0.790468570589538,1.0139971854115206
44.0,205.0,143.72531127929688,-1.0316911980564196,2.68219173676728,-4.920571448924826,-4.976962242562027,-2.497682128677601,1.3407752575296217,-0.5388232203345709,4.777609557659744,-0.7904689085832404,1.013999475940266
44.0,205.0,143.72531127929688,-1.0316895225129712,2.6821915034357566,-4.920570922685528,-4.976963164836068,-2.497681160274963,1.3407757671461995,-0.5388234811732664,4.777610350687908,-0.7904688040800227,1.0139991627303244
44.0,205.0,143.7252960205078,-1.0316904180449669,2.6821916853058125,-4.920570020865856,-4.976962386445874,-2.4976824875229644,1.3407758960018068,-0.5388233501386397,4.777610168294013,-0.7904688253163581,1.013999855311857
44.0,205.0,143.7252960205078,-1.031691963116876,2.682192223904276,-4.920571019397873,-4.976961970303757,-2.497682759751497,1.340775118298552,-0.5388231045077854,4.777610590988831,-0.7904695221312448,1.0139999356413725
44.0,205.0,143.72531127929688,-1.0316898255865437,2.682193214302787,-4.920570853386768,-4.976962170143528,-2.497680440780873,1.3407761036073147,-0.5388239342722088,4.777609358595873,-0.7904688988644875,1.013999012889987
44.0,205.0,143.7252960205078,-1.031689606988019,2.682192638874373,-4.920572590378734,-4.9769592639471645,-2.497678548064748,1.3407770049183076,-0.5388254108966724,4.777607868681328,-0.7904695286024861,1.013996507086178
44.0,205.0,143.7252960205078,-1.0316897599653094,2.6821934108998144,-4.920570004728405,-4.976961948774569,-2.4976799796004645,1.340776951585938,-0.5388244146848784,4.777608877831264,-0.7904687245475124,1.0139985878844424
44.0,205.0,143.72531127929688,-1.031690187528398,2.68219172548826,-4.920571105744969,-4.976961085325988,-2.4976814807078123,1.3407750629662116,-0.5388245573789572,4.777609671310625,-0.7904693941054202,1.01399819928511
44.0,205.0,143.72531127929688,-1.0316906695676376,2.682192725080715,-4.920570241583596,-4.976962131195607,-2.4976813305377905,1.3407754763572797,-0.5388241086234782,4.777609946410937,-0.7904689750335168,1.0139988517162477
44.0,205.0,143.7252960205078,-1.0316900202456285,2.682192387205937,-4.920571524490602,-4.976961128148299,-2.4976817848281856,1.340776438522501,-0.5388239288645336,4.777609400806565,-0.7904695028466167,1.01399869463682
44.0,205.0,143.72531127929688,-1.031691346270473,2.682191569429029,-4.9205703200797775,-4.976962114601969,-2.4976823457076063,1.3407752471396384,-0.5388231701292074,4.777609860882633,-0.7904688609927728,1.013999464344617
44.0,205.0,143.7252960205078,-1.0316893499431332,2.6821918306319823,-4.920571255028037,-4.976962097405693,-2.4976811275203348,1.340776431429607,-0.5388244689664399,4.777609891058031,-0.7904692804918003,1.0139986273467727
44.0,205.0,143.7252960205078,-1.031688953679657,2.68219210490876,-4.920571150528066,-4.976961345126311,-2.497679930602734,1.3407764347014322,-0.5388250541319195,4.777609667518277,-0.790469155623061,1.0139976605680427
44.0,205.0,143.72531127929688,-1.0316907853937465,2.6821911798763445,-4.920570219458273,-4.976962602019598,-2.4976827913500808,1.3407755828964154,-0.5388234452964298,4.777610303079907,-0.790469447764198,1.0139995676214033
44.0,205.0,143.72531127929688,-1.031690462598828,2.6821929408982825,-4.920570019719944,-4.976961342974588,-2.497681943216718,1.3407760958596129,-0.5388243155732129,4.777609795069399,-0.7904693111142196,1.0139990324150316
44.0,205.0,143.7252960205078,-1.0316893182577005,2.6821912129224126,-4.920570134612757,-4.97696110128989,-2.4976806111655443,1.3407759616590953,-0.5388243658415526,4.777609451648605,-0.7904690709894204,1.013997850865004
44.0,205.0,143.7252960205078,-1.031691821146112,2.682192177302353,-4.920570361478187,-4.976962567460788,-2.4976829633527924,1.3407748672422173,-0.5388228616028368,4.77761085319713,-0.7904692284257404,1.0140005277139927
44.0,205.0,143.72531127929688,-1.0316914282525185,2.682192101656403,-4.9205723814732805,-4.976960192835793,-2.497681354210856,1.3407761479673344,-0.5388239922018956,4.777608965954666,-0.7904693515002563,1.0139983379529145
44.0,205.0,143.72531127929688,-1.0316907806269366,2.6821925577615886,-4.92057066857258,-4.976962515279386,-2.4976820015398093,1.3407749707643806,-0.5388237917370962,4.777610116822501,-0.7904688299412479,1.0139992009023029
44.0,206.0,143.72531127929688,-1.031691142271037,2.682191727399545,-4.920570821400003,-4.976962176710441,-2.4976817051586058,1.340775916668406,-0.5388233505285545,4.777609794948175,-0.7904691403814939,1.0139994634339002
44.0,206.0,143.72531127929688,-1.0316910582724272,2.682191910916897,-4.920568859434426,-4.976963595355356,-2.497682102271307,1.3407748514121698,-0.5388230298418311,4.777610340666392,-0.7904687024929462,1.0140002830051964
44.0,206.0,143.72531127929688,-1.0316901327011054,2.682191688901911,-4.920570424302208,-4.976963058705765,-2.497681730277144,1.340775576624038,-0.5388235270810675,4.7776097174202405,-0.7904686437278041,1.0139996180507147
44.0,206.0,143.72531127929688,-1.0316895553629206,2.682192766713424,-4.920569660141361,-4.976963086374913,-2.4976807195507145,1.3407757831915257,-0.5388240234187194,4.777609754772611,-0.7904683251839586,1.013999128970413
44.0,206.0,143.7252960205078,-1.031689937259736,2.6821920731605005,-4.920569686155061,-4.976960607128518,-2.4976810269300618,1.3407752576352507,-0.5388248821432873,4.777609095137297,-0.7904693198886807,1.0139981758789238
44.0,206.0,143.72531127929688,-1.031688252686105,2.682191753953205,-4.920569753059024,-4.976961968970089,-2.497679704830941,1.3407756830808495,-0.5388253024661545,4.7776094993531455,-0.7904688264927024,1.0139979361601767
44.0,206.0,143.72531127929688,-1.031690861532626,2.6821922027606764,-4.920571204657739,-4.976960541774904,-2.497681207826689,1.3407756436804794,-0.5388243259046863,4.777608808158721,-0.7904691919644504,1.0139983735974305
44.0,206.0,143.7252960205078,-1.0316900252465149,2.682193617203412,-4.920571174437308,-4.97696063781541,-2.497680256334154,1.340776254996162,-0.5388246148032314,4.777608688171171,-0.7904689020533793,1.0139983042664171
44.0,206.0,143.72531127929688,-1.0316917173741835,2.6821924048004284,-4.920569646765267,-4.976961169392663,-2.497683049066332,1.3407755866462967,-0.5388231552939775,4.77761002179829,-0.7904691590050108,1.014000172814418
44.0,206.0,143.72531127929688,-1.0316915601631207,2.6821898868492555,-4.920571009166715,-4.976963834048436,-2.497682450078288,1.3407749422432331,-0.5388223298664352,4.777610429778685,-0.7904689144551131,1.014000095859803
44.0,206.0,143.7252960205078,-1.03168950544889,2.6821926547258865,-4.920570417697229,-4.976962504586096,-2.497680087774376,1.340776325877762,-0.5388241082369944,4.777608965401978,-0.790468672189566,1.0139987834240465
44.0,206.0,143.7252960205078,-1.0316898898869886,2.6821924103555954,-4.920570461674725,-4.97696048259724,-2.497680437173242,1.340775963522991,-0.5388245248364756,4.777609330866214,-0.7904689733820351,1.01399862135772
44.0,206.0,143.72531127929688,-1.0316900058293603,2.68219184219575,-4.920571627305301,-4.976961686692804,-2.497680251954664,1.3407762931547715,-0.5388238076152705,4.777609669004212,-0.7904692106874904,1.013998722160644
44.0,206.0,143.7252960205078,-1.0316894086954358,2.6821921977512364,-4.920570219404168,-4.976961658062685,-2.4976817785655503,1.3407763161566022,-0.5388245527950444,4.777610002151675,-0.7904693164640673,1.013998777314562
44.0,206.0,143.7252960205078,-1.031691359607882,2.6821929859203166,-4.920570945547481,-4.976961781556676,-2.497681378355505,1.3407757848729949,-0.5388233174005688,4.777610034500411,-0.7904690801193279,1.0139996557659003
44.0,206.0,143.72531127929688,-1.0316886980138849,2.682191639267306,-4.920571164285036,-4.976962968987552,-2.497680211620516,1.3407761506266862,-0.5388241971973393,4.777609868429973,-0.7904689208038747,1.0139986503544254
44.0,206.0,143.7252960205078,-1.0316893655555963,2.6821921630844443,-4.92056946975261,-4.976961919139262,-2.4976808001922075,1.3407755074748016,-0.5388243160852539,4.777609907229451,-0.7904688528991235,1.0139988185313618
44.0,206.0,143.7252960205078,-1.0316908526810225,2.6821918252375907,-4.920569959551092,-4.976963272239839,-2.497682520391273,1.340774636535988,-0.5388233363062325,4.777610561678364,-0.7904689984950677,1.0140002347352048
44.0,206.0,143.72531127929688,-1.03169029846983,2.6821893502957384,-4.9205709914635065,-4.976964309786626,-2.497682911410615,1.3407744807979285,-0.53882299713006,4.777610893929589,-0.7904687783224089,1.0139998641142176
44.0,206.0,143.7252960205078,-1.0316893353469632,2.682193984511507,-4.920571124032566,-4.976961081878485,-2.4976794205118047,1.3407765257798552,-0.5388254961259333,4.777609530580333,-0.7904688174970085,1.0139980226604557
44.0,206.0,143.72531127929688,-1.0316911373654731,2.682192394144021,-4.920569181127281,-4.976962375566137,-2.4976828186455124,1.3407743881569545,-0.5388231379514483,4.777610451904108,-0.7904692613179094,1.0140003742495978
44.0,206.0,143.72531127929688,-1.0316894772469274,2.682192873726718,-4.920570759213643,-4.976961638261021,-2.4976797944813263,1.3407760143464342,-0.5388246974926227,4.777608613035726,-0.7904686674758423,1.0139981803934912
44.0,206.0,143.72531127929688,-1.0316906072495176,2.6821918989397497,-4.920569886999943,-4.976962846326988,-2.497682433902398,1.3407755372424257,-0.5388233675740262,4.777610302498124,-0.7904690753954497,1.013999839732823
44.0,206.0,143.72531127929688,-1.0316896718050632,2.682191853493677,-4.920570915449988,-4.976962922079898,-2.497680681188922,1.340775586531891,-0.5388242103226428,4.777609697315127,-0.7904685925511394,1.0139988406961216
44.0,206.0,143.7252960205078,-1.0316906747336692,2.6821917263268844,-4.920571324318114,-4.976962613704266,-2.497680935825655,1.340775930613864,-0.5388234739954045,4.777608816253919,-0.7904689323861831,1.013999269598278
44.0,206.0,143.7252960205078,-1.0316896320848827,2.682192060943204,-4.920569718911729,-4.976962571836725,-2.497680586665068,1.3407753920599532,-0.5388243283328755,4.777608905708666,-0.7904685599466141,1.0139989402226837
44.0,206.0,143.7252960205078,-1.0316894935661836,2.6821910428025486,-4.920569595063256,-4.976962103435056,-2.497680906178374,1.3407751478481291,-0.5388242478115144,4.777609854159607,-0.7904688087067964,1.013998579228912
44.0,206.0,143.7252960205078,-1.031692322640417,2.682191188833652,-4.920569763841922,-4.976962312369362,-2.497684375509914,1.3407745149624564,-0.5388223026386783,4.777610625004817,-0.7904695647009712,1.0140010182743318
44.0,206.0,143.7252960205078,-1.0316905893853456,2.6821929038010497,-4.920570507471825,-4.9769608955998645,-2.497681600191342,1.3407760273429383,-0.53882463554128,4.777609331044481,-0.7904692888516287,1.013998721245839
44.0,206.0,143.72531127929688,-1.0316903476490675,2.682192214817908,-4.9205698437136585,-4.976961048896545,-2.497681559095588,1.340775737984857,-0.5388242831913725,4.7776095870873565,-0.7904690850081231,1.0139986858564551
44.0,206.0,143.72531127929688,-1.0316899180304344,2.682192008466441,-4.920569660376097,-4.9769618184361,-2.4976813311738155,1.3407756637328152,-0.5388242298547468,4.777610173393933,-0.7904687313982475,1.01399910348041
44.0,206.0,143.7252960205078,-1.031689344965689,2.682191024623341,-4.920571016153216,-4.976961092545356,-2.497679808962156,1.34077637824727,-0.5388244468556493,4.777609212260826,-0.790469092480798,1.013998006238439
44.0,206.0,143.7252960205078,-1.0316897350024905,2.682190499947468,-4.920569194640401,-4.976963216096323,-2.4976819277568536,1.3407749471385646,-0.5388237823940383,4.777610667633919,-0.7904691626112195,1.013999689538128
44.0,206.0,143.72531127929688,-1.0316896644957794,2.6821908214671977,-4.920570487359997,-4.976961747350175,-2.497680857234173,1.3407757445067734,-0.5388242649966397,4.7776098917560965,-0.7904691398948902,1.0139985751659033
44.0,206.0,143.7252960205078,-1.0316903242764068,2.682190993436718,-4.920570043827504,-4.976964528173723,-2.4976818162816867,1.3407755820870235,-0.5388226959829225,4.777610044532901,-0.790468715289407,1.0139999816224758
44.0,206.0,143.72531127929688,-1.0316911888244684,2.6821930556013083,-4.920571695308516,-4.976960653245767,-2.497681247219595,1.340775837380833,-0.5388238755949164,4.777608588167702,-0.7904690884389041,1.0139988907164472
44.0,206.0,143.7252960205078,-1.031689552050751,2.682191473445764,-4.92057076886054,-4.9769622596311445,-2.4976802608915265,1.3407749340178308,-0.5388244750104976,4.777609631671018,-0.7904687047816346,1.0139982687268514
44.0,206.0,143.72531127929688,-1.031691465176134,2.682192448382307,-4.920570927456292,-4.976960126275532,-2.497682298957205,1.3407762120827211,-0.5388233479073277,4.777610172582019,-0.7904698312278233,1.0139991814562288
44.0,206.0,143.72531127929688,-1.0316889732136003,2.682191418684116,-4.920569962157039,-4.976962065869895,-2.4976809431544607,1.3407758266808214,-0.538824417417568,4.777609705704496,-0.7904690197875146,1.013998502243583
44.0,206.0,143.7252960205078,-1.0316907447872592,2.6821932768168093,-4.920570525107463,-4.976961872692871,-2.497681075780356,1.3407760467776697,-0.5388237623320329,4.77760898049157,-0.7904689789127417,1.0139990347337422
44.0,206.0,143.7252960205078,-1.0316898317345888,2.682193195430896,-4.92057089049151,-4.976959996805521,-2.4976801049512005,1.3407761361272748,-0.5388255677886242,4.777608638609644,-0.7904692134837124,1.0139974270364815
44.0,206.0,143.72531127929688,-1.0316916259347213,2.6821913015148704,-4.920570240021779,-4.976963440894249,-2.497683384421613,1.340775236565884,-0.5388220435181248,4.777611149751262,-0.7904689898452295,1.01400116745772
44.0,206.0,143.72531127929688,-1.0316929557817178,2.682191806866456,-4.920569720289854,-4.976962708489841,-2.4976829543934587,1.3407746546720114,-0.5388222481080573,4.777610464798768,-0.7904691130554582,1.0140010043817878
44.0,206.0,143.72531127929688,-1.0316895570457922,2.682192645261092,-4.920569393054373,-4.976961629319174,-2.497679620992725,1.3407760951450314,-0.5388246538248236,4.777608499795843,-0.7904688072205941,1.013998148344438
44.0,206.0,143.7252960205078,-1.031690926405517,2.682190452114983,-4.920571231349422,-4.976962890502909,-2.497681469625139,1.340775356850619,-0.5388233620067453,4.777609719742365,-0.7904692854207971,1.0139991612762014
44.0,206.0,143.7252960205078,-1.0316894555173564,2.6821920953123124,-4.920570021154849,-4.97696196055053,-2.497681675240178,1.3407760363983856,-0.5388243720470616,4.777609509038348,-0.7904688339598778,1.0139984478600006
44.0,206.0,143.72531127929688,-1.031689178404902,2.6821941684808817,-4.920570289527419,-4.976958716145482,-2.497680273292335,1.340778398299869,-0.5388251009720912,4.777608315399458,-0.7904692959266342,1.013997285936549
44.0,206.0,143.72531127929688,-1.031688554493266,2.682193011597147,-4.920569671518299,-4.976963583615581,-2.4976806663660875,1.340776737446408,-0.538824023453027,4.777610093997794,-0.7904684188947728,1.013999374232089
44.0,206.0,143.72531127929688,-1.0316899260365735,2.682191379594588,-4.920570392730044,-4.976961618078657,-2.4976807947751074,1.3407757547878203,-0.5388243460591529,4.777609910412949,-0.7904687955858032,1.0139984666713966
44.0,206.0,143.7252960205078,-1.0316897137781305,2.682192883945894,-4.920570224322746,-4.976960717052502,-2.497679803391084,1.3407762155796157,-0.538825031474186,4.777608844159198,-0.7904686757295716,1.013997618572528
44.0,207.0,143.7252960205078,-1.0316907770225137,2.682191948325869,-4.920569945784812,-4.9769621816571386,-2.4976834265940298,1.34077544468696,-0.5388233174823558,4.777610734758738,-0.7904693083868581,1.014000150312702
44.0,207.0,143.7252960205078,-1.0316920237695233,2.6821906639485773,-4.920570375111952,-4.976964046543542,-2.497683781965115,1.3407748080040545,-0.5388218326454508,4.777610615848944,-0.7904692777683877,1.0140011281180523
44.0,207.0,143.72531127929688,-1.0316902142701112,2.6821907402757983,-4.920569860951237,-4.976962297571621,-2.497682598905961,1.3407760494198406,-0.5388233768562483,4.777610358320265,-0.7904688626499947,1.013999227712934
44.0,207.0,143.7252960205078,-1.031690816699783,2.682190527884182,-4.920569753864904,-4.97696349729295,-2.497682698541002,1.3407749338188075,-0.5388227450868213,4.77761138843041,-0.7904689091286548,1.0140002038532394
44.0,207.0,143.72531127929688,-1.0316895865581426,2.682191729311856,-4.920570408232639,-4.9769632812687234,-2.497681496028356,1.3407751584170915,-0.5388242598031292,4.777610053819116,-0.7904691196259002,1.0139991929815046
44.0,207.0,143.72531127929688,-1.0316908150910682,2.68219143542308,-4.920569842570602,-4.976961406227969,-2.497682422988301,1.3407752103504675,-0.5388238855624508,4.777610180999435,-0.7904697737004867,1.0139990518046105
44.0,207.0,143.7252960205078,-1.031690422842828,2.682191069304346,-4.920570559589421,-4.976962836349659,-2.497681828414453,1.3407756467712408,-0.5388234121955087,4.777609311148334,-0.7904690947191639,1.0139992616116444
44.0,207.0,143.72531127929688,-1.031690995471049,2.682191275437006,-4.92057168210609,-4.976961903966059,-2.4976809298384044,1.3407752601084555,-0.5388237772611149,4.777609092592513,-0.7904690366709719,1.0139987929051495
44.0,207.0,143.72531127929688,-1.031689554381936,2.682192342146001,-4.92056933933448,-4.9769619754778285,-2.4976811898316886,1.3407759118860332,-0.5388241332679993,4.777609393056277,-0.7904688653701353,1.013999117334171
44.0,207.0,143.72531127929688,-1.0316907125445072,2.68219151663689,-4.920570995260431,-4.976962590861271,-2.4976822456029018,1.3407758659887523,-0.538823474333312,4.777610538099324,-0.7904689925127917,1.0139994650122794
44.0,207.0,143.7252960205078,-1.0316900119769596,2.6821917394355985,-4.920569963525345,-4.9769625852318375,-2.497680980036868,1.340776189767828,-0.5388236349366569,4.7776096216223305,-0.7904689951067079,1.0139991939442003
44.0,207.0,143.72531127929688,-1.0316886615165717,2.682192350529067,-4.920569840484217,-4.976961730301716,-2.497680053781872,1.3407758732278712,-0.5388255221544211,4.777609546900735,-0.7904685870088777,1.013997598342037
44.0,207.0,143.72531127929688,-1.0316910336542362,2.682191797806276,-4.920570364429889,-4.976962089527361,-2.497682275271756,1.3407758208867913,-0.5388231637116938,4.777609827258317,-0.7904691355911968,1.013999637571846
44.0,207.0,143.7252960205078,-1.0316920010895378,2.6821927366424125,-4.920571210131023,-4.976961227937818,-2.497681535301775,1.3407758030472294,-0.5388233751754079,4.777609002392204,-0.7904692964260152,1.013999116018507
44.0,207.0,143.72531127929688,-1.031689270139852,2.6821918794618167,-4.920570713574671,-4.976961690257943,-2.497680813889517,1.3407758221731747,-0.5388249202443216,4.777610127444328,-0.7904693008122701,1.013998118035591
44.0,207.0,143.72531127929688,-1.0316887843008329,2.6821924279048224,-4.9205699432316505,-4.9769609271542405,-2.497679293373244,1.3407772150093464,-0.5388248493038814,4.777608576568555,-0.7904686107813133,1.0139974153875722
44.0,207.0,143.7252960205078,-1.031690779277756,2.682192008739692,-4.920571854246861,-4.976961927580344,-2.4976822522791284,1.3407764721024682,-0.538823646030818,4.777609012377068,-0.7904692233846298,1.0139990614002494
44.0,207.0,143.72531127929688,-1.0316895260046293,2.682191992349523,-4.920569611444249,-4.976961429753127,-2.4976816763386704,1.340776137711166,-0.5388241076568256,4.777609438445943,-0.7904690741339842,1.0139986448191252
44.0,207.0,143.72531127929688,-1.031690894961064,2.6821920860807484,-4.920571317833251,-4.976962462177357,-2.497681422202808,1.3407755398369527,-0.5388234562889282,4.777609367808843,-0.7904686001238206,1.0139989416269204
44.0,207.0,143.72531127929688,-1.031690359404887,2.682192347151667,-4.9205706211915325,-4.976961996395221,-2.497680664919665,1.3407755791666611,-0.5388240934766833,4.777609559762057,-0.7904687994393003,1.0139989300373031
44.0,207.0,143.7252960205078,-1.0316919007426484,2.682192841830955,-4.920570317332849,-4.976962193984978,-2.4976833710797903,1.3407746756751182,-0.5388229395317374,4.777610220319271,-0.7904691522085541,1.0140006479920105
44.0,207.0,143.7252960205078,-1.0316905523993751,2.682193586290966,-4.920570806593569,-4.976959827008584,-2.4976805858239444,1.3407762803172352,-0.5388244595878344,4.777608991930364,-0.7904691630626912,1.0139982890383514
44.0,207.0,143.72531127929688,-1.0316916692239886,2.682191100958309,-4.920571651273118,-4.976962525425875,-2.497683070717005,1.3407757082186418,-0.5388228182909396,4.777610227602692,-0.7904694089965227,1.013999765167637
44.0,207.0,143.7252960205078,-1.031689467873992,2.682193125521953,-4.920571065140493,-4.97696096963221,-2.4976803973571315,1.3407768899185086,-0.5388247929641174,4.777608754559955,-0.7904691234234198,1.0139980999479352
44.0,207.0,143.72531127929688,-1.0316896184050073,2.682193131359352,-4.920571516950357,-4.976961554071426,-2.4976807328824,1.3407764639247102,-0.5388250795608771,4.777609598838044,-0.7904690076045391,1.0139980772135813
44.0,207.0,143.7252960205078,-1.031691077059869,2.682191812278805,-4.920570163426767,-4.976963265006055,-2.497682581081168,1.340774643814039,-0.5388227298844157,4.777610654702498,-0.7904687414290636,1.01400080685446
44.0,207.0,143.72531127929688,-1.0316910443784924,2.682192317342383,-4.920570328461982,-4.976962703121396,-2.497681242478096,1.34077578190837,-0.5388234589463048,4.777609708766216,-0.790468662218065,1.013999882456817
44.0,207.0,143.72531127929688,-1.0316906430632289,2.682190434228123,-4.920570104352514,-4.976962376026117,-2.497682794151203,1.3407753983491784,-0.5388232511600544,4.777609872265359,-0.7904688328970408,1.0139991500564491
44.0,207.0,143.7252960205078,-1.0316915116643015,2.6821921466766687,-4.920571938406423,-4.97696163502971,-2.497681673431151,1.340775887770965,-0.5388231961408447,4.777608953309205,-0.7904693252453363,1.0139993568998973
44.0,207.0,143.72531127929688,-1.03169103657696,2.682191433613835,-4.920570882756634,-4.976963008612908,-2.4976828785351177,1.340775154309311,-0.5388230238971055,4.77761021231826,-0.7904689299937102,1.0140000342425228
44.0,207.0,143.72531127929688,-1.0316899114172022,2.682192593538594,-4.92057024006015,-4.976962848001852,-2.497680330017556,1.3407759130827257,-0.5388238471960971,4.7776091703247054,-0.790468469338304,1.013999169760167
44.0,207.0,143.7252960205078,-1.0316894133063577,2.6821922395004023,-4.92057097059863,-4.976960899934968,-2.497681409469947,1.340776073094169,-0.5388251476056034,4.777609506974924,-0.7904694317494245,1.0139981358879204
44.0,207.0,143.72531127929688,-1.0316885900276844,2.6821910541119127,-4.9205706910476525,-4.976962829238151,-2.497680901986756,1.340775613334615,-0.5388248472629984,4.777610256119937,-0.7904690266378003,1.0139983047599408
44.0,207.0,143.7252960205078,-1.0316882519419617,2.682192024853335,-4.920570298623739,-4.976961439782456,-2.497679001927548,1.34077639949456,-0.5388258426581585,4.777608855663903,-0.7904689781355714,1.0139971708809874
44.0,207.0,143.7252960205078,-1.0316909793612634,2.682191255920504,-4.920569912757558,-4.97696297003574,-2.4976823831059165,1.3407751474345986,-0.538823397921325,4.777611010004778,-0.7904691226744074,1.0139998720352352
44.0,207.0,143.7252960205078,-1.0316903389372682,2.682190647756702,-4.920571321029635,-4.976963119870907,-2.497682511016766,1.340776162108023,-0.5388235444988387,4.777610135858845,-0.7904692229516543,1.0139990759774875
44.0,207.0,143.72531127929688,-1.0316901960625224,2.6821900104316665,-4.920569313993903,-4.976964065801416,-2.4976821750505085,1.340774322907362,-0.5388234732132346,4.777610451399871,-0.7904685962864386,1.013999586876472
44.0,207.0,143.72531127929688,-1.0316906031836657,2.6821919798835827,-4.920568943510838,-4.976962515896374,-2.497681600541907,1.3407751827900969,-0.5388232967142672,4.777609648891911,-0.7904691182664543,1.0139998693487264
44.0,207.0,143.72531127929688,-1.031689762513496,2.682191944306261,-4.920571456325338,-4.976961582800056,-2.497680715882469,1.3407759366137064,-0.5388243299207485,4.777609533688413,-0.7904690394419314,1.0139981676976664
44.0,207.0,143.7252960205078,-1.03169007055432,2.6821914698613467,-4.920571665410735,-4.976963184086612,-2.497680351277496,1.340775836314868,-0.5388237925982287,4.777608912569887,-0.7904683436162738,1.01399878907222
44.0,207.0,143.7252960205078,-1.0316921601247224,2.6821923571426,-4.920569980812104,-4.976960834122911,-2.4976834949401434,1.3407760374133693,-0.5388229427116542,4.777609589123523,-0.7904695421473287,1.013999876309439
44.0,207.0,143.72531127929688,-1.0316901341164475,2.6821935359986977,-4.920571272776988,-4.976960595590001,-2.497680295173054,1.340776188158877,-0.5388244163512512,4.777608293748438,-0.7904690500461813,1.0139983490680269
44.0,207.0,143.7252960205078,-1.0316913021236005,2.6821910211411213,-4.920570703418334,-4.976962634649311,-2.4976837843204125,1.3407756312502137,-0.5388224313381995,4.777610604971326,-0.7904695110958864,1.0140001929625733
44.0,207.0,143.7252960205078,-1.0316921801394088,2.6821904818913644,-4.920570451079819,-4.976963877939551,-2.497684348555516,1.3407750663566809,-0.5388212958158061,4.777610607143281,-0.7904691983601593,1.014001491487142
44.0,207.0,143.7252960205078,-1.0316922129840878,2.682191337214994,-4.920569716244135,-4.9769626792717006,-2.497683343850428,1.3407747207965848,-0.5388224069832717,4.777609899535943,-0.7904691215069422,1.0140007980453376
44.0,207.0,143.7252960205078,-1.031689736592715,2.682192570407037,-4.920570815502324,-4.9769613256414855,-2.4976809374182296,1.340776244365931,-0.5388248431311204,4.777609381878769,-0.790469624427562,1.0139986103508978
44.0,207.0,143.72531127929688,-1.0316898125793772,2.682192704236349,-4.920569952696185,-4.976962600309675,-2.4976804456644617,1.3407756243573363,-0.5388241185922213,4.777609568486957,-0.7904688448239163,1.0139996101980877
44.0,207.0,143.7252960205078,-1.031690298411748,2.682191292725141,-4.920570177621625,-4.976963294007643,-2.497681188732812,1.3407752974119846,-0.5388235318001788,4.777610777157069,-0.7904689975063697,1.0140000415603885
44.0,207.0,143.72531127929688,-1.0316911221980467,2.68219181912649,-4.920570376829257,-4.976963864750397,-2.497681779917262,1.340774892219044,-0.5388231124628149,4.777610273518286,-0.7904687237541932,1.0140002185586685
44.0,207.0,143.72531127929688,-1.0316909420895377,2.6821915041713096,-4.920569743566322,-4.976961793464287,-2.4976815378940804,1.3407748107257609,-0.5388240160300661,4.777609908028133,-0.7904690749613046,1.0139992101772286
44.0,208.0,143.7252960205078,-1.031688972891974,2.682191171482538,-4.920570917416399,-4.976961934285133,-2.4976808514512694,1.3407761141693273,-0.5388247486354478,4.777609808784868,-0.7904690749241388,1.0139979750441253
44.0,208.0,143.7252960205078,-1.0316897595631611,2.682193231573221,-4.9205713967410745,-4.97696086012208,-2.4976819395448366,1.340776261360265,-0.5388248395338282,4.777609661591635,-0.7904691709218383,1.0139981700005285
44.0,208.0,143.7252960205078,-1.0316891572066726,2.682191823924631,-4.920570855789832,-4.97696252375676,-2.497680663980483,1.3407761981973572,-0.5388240343200543,4.77760931582446,-0.7904688135988218,1.0139984791357597
44.0,208.0,143.72531127929688,-1.0316928654876594,2.6821906943124008,-4.9205702865455,-4.976963223029006,-2.497684266082236,1.3407745416387795,-0.5388219286669118,4.777610883068565,-0.7904691417050902,1.0140010169758042
44.0,208.0,143.7252960205078,-1.0316907457497306,2.682191824734552,-4.920570543850984,-4.976960476315012,-2.4976826060862782,1.3407757882593678,-0.5388243538120321,4.77761038669793,-0.7904694937909094,1.0139990187966
44.0,208.0,143.72531127929688,-1.031690840302228,2.682191681428746,-4.920571463963265,-4.976960423900612,-2.4976812277834943,1.3407758783260917,-0.5388241246035808,4.777608647937473,-0.7904695379158531,1.013998234134938
44.0,208.0,143.7252960205078,-1.03169163185798,2.682192802409872,-4.920571504213907,-4.976961966233508,-2.497681859591548,1.3407757174917183,-0.5388234456805305,4.777609672159903,-0.790469137424032,1.0139994924097468
44.0,208.0,143.72531127929688,-1.031689904675526,2.682191249509441,-4.920570289026266,-4.976961565274342,-2.497681184011373,1.3407761793346538,-0.5388241116337404,4.777608804631406,-0.7904689725863818,1.013998198218836
44.0,208.0,143.7252960205078,-1.0316889792525394,2.682192799626451,-4.920571143077487,-4.976961317819047,-2.4976798794954407,1.3407774523943914,-0.5388247743779351,4.777608453451785,-0.7904690965054044,1.013997806872064
44.0,208.0,143.7252960205078,-1.031691028129234,2.6821918299033296,-4.9205698921310805,-4.976963200463964,-2.4976825997874954,1.3407750167971475,-0.5388228644958009,4.777610812744085,-0.7904688240080846,1.014000800570697
44.0,208.0,143.72531127929688,-1.0316889950861254,2.6821922394638564,-4.9205695341411975,-4.976962948337197,-2.497681031455216,1.3407763129884618,-0.5388242810431585,4.777609637838232,-0.7904687133007258,1.0139990036243578
44.0,208.0,143.72531127929688,-1.0316909811255264,2.682192950368496,-4.920570882377632,-4.976961859362612,-2.497681061911804,1.3407755550003388,-0.5388241497846522,4.7776096375096895,-0.7904690201462632,1.0139990211665584
44.0,208.0,143.7252960205078,-1.0316889378879672,2.68219295814472,-4.920571029616612,-4.976959573082142,-2.497680178244405,1.3407769480046596,-0.5388258108868174,4.777608924734661,-0.7904693300138819,1.0139969662661308
44.0,208.0,143.72531127929688,-1.031691545594851,2.682192898317978,-4.92056987806014,-4.976961864680269,-2.497682944964116,1.340775284042751,-0.5388231554706078,4.777610093989704,-0.7904689931445654,1.014000346779892
44.0,208.0,143.7252960205078,-1.0316895583561951,2.6821931767915643,-4.920571396941813,-4.97695980540436,-2.4976800343053385,1.340777173636985,-0.5388252569347856,4.777608513571449,-0.7904690625524724,1.0139970940341136
44.0,208.0,143.72531127929688,-1.0316904911397238,2.682192234538256,-4.920571230028872,-4.976960615227423,-2.497682230873559,1.3407759013127674,-0.5388245546375545,4.777609964639801,-0.7904697689370295,1.0139987646913884
44.0,208.0,143.7252960205078,-1.0316908486739824,2.6821921530920765,-4.920570266891072,-4.976961621862853,-2.49768349527923,1.3407753613464823,-0.5388238070370246,4.777610797094511,-0.790469454431471,1.013999831066677
44.0,208.0,143.72531127929688,-1.031690738839269,2.682190220069635,-4.920570249573752,-4.976964026533285,-2.497683142407363,1.340775046723353,-0.5388223347283159,4.777611202335704,-0.7904688663684034,1.0140005784516486
44.0,208.0,143.72531127929688,-1.0316908940899283,2.682190011679795,-4.920570279153203,-4.9769632972566695,-2.497682936175847,1.3407747004399893,-0.5388228208675274,4.7776104373985735,-0.7904692333649566,1.01400006732828
44.0,208.0,143.7252960205078,-1.0316897655799977,2.682190562536392,-4.920571056326288,-4.9769637597180765,-2.497681999183605,1.3407759841610556,-0.5388233968158032,4.777609753719199,-0.7904691909172632,1.0139993933120444
44.0,208.0,143.7252960205078,-1.0316909782984456,2.682193288358836,-4.920571688605611,-4.976961192275074,-2.497682027880169,1.3407767215994155,-0.5388233410161902,4.777609322163075,-0.7904690733727273,1.0139994214749155
44.0,208.0,143.72531127929688,-1.0316887434436903,2.682190797503888,-4.92057046162686,-4.976962872027477,-2.497680901323304,1.3407762277521096,-0.5388241405393828,4.777609937115782,-0.7904687857118935,1.013998539283638
44.0,208.0,143.72531127929688,-1.0316903881924562,2.6821931998119943,-4.920570181728508,-4.976961363601333,-2.497681532212732,1.3407759472942269,-0.5388240795448516,4.777608871392655,-0.7904692912394022,1.013998855844723
44.0,208.0,143.7252960205078,-1.031691959352866,2.682191871037145,-4.920570841942057,-4.976961371392844,-2.497683367333265,1.3407755052857675,-0.5388227350585311,4.777609834492012,-0.7904694936591756,1.0140000958812632
44.0,208.0,143.7252960205078,-1.0316906706022602,2.6821928626264944,-4.920570295533876,-4.976961293250154,-2.4976828024458624,1.340776170085185,-0.5388234971189654,4.777610410505215,-0.7904693604321587,1.0140001373248817
44.0,208.0,143.7252960205078,-1.0316894514013293,2.682192484853684,-4.920570223162692,-4.976960977228081,-2.497680135301004,1.340776421521019,-0.5388249004782653,4.777608476444696,-0.7904690818780731,1.0139979540469586
44.0,208.0,143.7252960205078,-1.0316915324234106,2.6821920205064416,-4.920571098372308,-4.976964543102813,-2.497682497063095,1.340775041811484,-0.5388224822761298,4.777610705294332,-0.7904690507279968,1.0140008616694338
44.0,208.0,143.72531127929688,-1.0316900578739965,2.682192352677676,-4.920569240597267,-4.976962210540616,-2.497682157764471,1.3407755139988191,-0.5388239944706434,4.7776099805425964,-0.7904690847718197,1.0139998972349664
44.0,208.0,143.72531127929688,-1.0316914772130392,2.682191711580783,-4.920569482931446,-4.976962538426931,-2.4976828031786624,1.3407751395359917,-0.5388235389093765,4.777610243019204,-0.7904692611301236,1.013999769419815
44.0,208.0,143.72531127929688,-1.031691313051757,2.6821919784355472,-4.920571102460997,-4.976962826264568,-2.497682202641313,1.340775495887386,-0.5388227823995422,4.777609785857621,-0.7904689663337514,1.0140000550768864
44.0,208.0,143.7252960205078,-1.0316896612402542,2.682192161303556,-4.9205705030976645,-4.976961022565416,-2.497679979735778,1.340776159144058,-0.5388243605141598,4.777608850829681,-0.7904690302218649,1.013998087045067
44.0,208.0,143.72531127929688,-1.0316913746580574,2.68219226600746,-4.920570811621446,-4.976960847771333,-2.497682320978105,1.340775923787902,-0.538823721347196,4.777609314969276,-0.7904694857499157,1.013999154728297
44.0,208.0,143.72531127929688,-1.0316904179601043,2.6821910776630435,-4.920570222267608,-4.9769617888843785,-2.4976824533038955,1.3407749931253026,-0.5388236790705827,4.77761011112694,-0.7904694520074438,1.013999411729685
44.0,208.0,143.72531127929688,-1.0316908355107457,2.682193070686296,-4.920570987168725,-4.976961066813499,-2.4976816076782886,1.3407764910828988,-0.5388240060707687,4.77760937639461,-0.790469082140282,1.0139987414244338
44.0,208.0,143.7252960205078,-1.03169050489824,2.6821923394870284,-4.920569843325585,-4.976960830864531,-2.4976818880685494,1.340776040155781,-0.538823912246075,4.777609355876088,-0.7904693929986486,1.0139988547541705
44.0,208.0,143.72531127929688,-1.031690964485442,2.682191355190752,-4.920570861459647,-4.976962565380815,-2.497682454587009,1.3407758659348057,-0.5388228761973739,4.777609765514226,-0.7904693408264833,1.0139998839530442
44.0,208.0,143.72531127929688,-1.031692967228817,2.6821913190306166,-4.920570446935966,-4.976963396632224,-2.497684906070938,1.3407750078552478,-0.5388214430087963,4.777610357626916,-0.7904691422235208,1.0140014885554427
44.0,208.0,143.7252960205078,-1.0316911981025312,2.682191673541805,-4.920571167305787,-4.976963109734671,-2.49768272209544,1.3407757709727337,-0.5388235665704819,4.777610593621352,-0.7904689698373906,1.0139997371769969
44.0,208.0,143.7252960205078,-1.0316898977954256,2.6821917053413245,-4.920571118866637,-4.9769609825883006,-2.497681955603894,1.3407758515983357,-0.5388244404644258,4.777609819859581,-0.790469182443224,1.013998589883057
44.0,208.0,143.72531127929688,-1.0316920470368478,2.6821920930236454,-4.9205708895430185,-4.976962945937713,-2.4976842136066373,1.3407749921912036,-0.5388227432691632,4.77761097088537,-0.7904693345454747,1.0140007994620823
44.0,208.0,143.7252960205078,-1.0316895694682455,2.682193230694276,-4.920570827414955,-4.97696202905975,-2.497679945454872,1.3407762040255546,-0.5388243658622214,4.777609280962235,-0.7904683940159627,1.0139985539647869
44.0,208.0,143.7252960205078,-1.0316887619371706,2.682191775560092,-4.920571574545193,-4.976962179144071,-2.4976794491363337,1.3407758366589846,-0.538825289828571,4.777609337502438,-0.7904690843293363,1.0139976162227269
44.0,208.0,143.7252960205078,-1.0316895893740066,2.682192297276373,-4.920571689488927,-4.976961025483353,-2.4976808616016526,1.3407767616675734,-0.5388248700565299,4.7776094471876185,-0.7904690846291587,1.0139980403558295
44.0,208.0,143.7252960205078,-1.0316905690006395,2.682193382291543,-4.920570943668437,-4.976960181986272,-2.497681159313177,1.3407762519635744,-0.53882442517404,4.777609040228024,-0.7904694696231465,1.0139986570694637
44.0,208.0,143.7252960205078,-1.0316893812402088,2.6821918163821303,-4.920570348777498,-4.976962264427678,-2.4976801784415343,1.3407752839584646,-0.5388248903041077,4.777609708190333,-0.7904689599256383,1.0139982187145948
44.0,208.0,143.72531127929688,-1.031690078162013,2.6821919553500626,-4.920570740446669,-4.976961962058534,-2.497682082042438,1.3407760770120882,-0.5388238016129785,4.77761004138052,-0.7904690525568538,1.0139994598047188
44.0,208.0,143.72531127929688,-1.0316904618300486,2.6821917017175902,-4.9205698185057525,-4.976962656432594,-2.497682593925008,1.3407765166958263,-0.5388231922932416,4.777609795321782,-0.7904691717948111,1.0139999808736242
44.0,208.0,143.7252960205078,-1.031690054869931,2.682191304064511,-4.920570525696011,-4.976963136656369,-2.4976820126805444,1.3407756050939064,-0.5388240745515072,4.77761000813056,-0.7904689460388656,1.0139993342042706
44.0,208.0,143.72531127929688,-1.0316904020106756,2.682192834793823,-4.920571533037038,-4.976960129436,-2.497679601043403,1.3407763912987,-0.538824172753765,4.777608552992909,-0.7904690552461799,1.0139976221351237
44.0,208.0,143.72531127929688,-1.0316905346284249,2.6821924491548854,-4.920570594614433,-4.9769618789400125,-2.497681303141884,1.3407757172405343,-0.5388239868493532,4.777609686427173,-0.7904692198035033,1.013998992449868
44.0,209.0,143.72531127929688,-1.0316902983659617,2.6821914763575947,-4.920571222011917,-4.976963467921764,-2.4976822105709613,1.340775386434606,-0.5388238642823575,4.777609993860141,-0.7904689909766525,1.0139993176093576
44.0,209.0,143.7252960205078,-1.031689797433275,2.6821912830997725,-4.920571265748283,-4.976961663320259,-2.4976814163950527,1.34077637071562,-0.5388243856409334,4.777609700266877,-0.7904693641834379,1.0139983741947771
44.0,209.0,143.72531127929688,-1.031692127060781,2.682191800794405,-4.9205701816086505,-4.976962439391467,-2.4976829366462088,1.340774888523292,-0.5388224957879579,4.77761026946799,-0.7904688965423894,1.0140005131844534
44.0,209.0,143.7252960205078,-1.0316913375326826,2.6821916093391582,-4.9205712856058375,-4.976962908063496,-2.497684347055375,1.3407753342608144,-0.5388226485390888,4.777610217868313,-0.7904693222840287,1.0140005712816746
44.0,209.0,143.72531127929688,-1.031690167438148,2.682192488142708,-4.920570360730824,-4.976962056694061,-2.4976821318339137,1.3407760680105438,-0.5388237360466972,4.777610448733826,-0.7904694106114079,1.0139997007266244
44.0,209.0,143.7252960205078,-1.031690707105264,2.6821925740848984,-4.920571912963304,-4.976959769953874,-2.497680940675399,1.340775939634331,-0.5388247783118905,4.777609655759152,-0.7904697214604841,1.0139980450998802
44.0,209.0,143.72531127929688,-1.0316902301485649,2.6821921439658336,-4.920570610486136,-4.976961151620643,-2.4976820688491874,1.3407762009202893,-0.5388240907395225,4.777610287240574,-0.7904694484752604,1.013999119184195
44.0,209.0,143.7252960205078,-1.0316898016564444,2.682191685837882,-4.9205704678093785,-4.9769617681992,-2.4976803141064368,1.3407768033263494,-0.5388244597412593,4.777608954152315,-0.7904689365315924,1.013997935425568
44.0,209.0,143.72531127929688,-1.0316901929045097,2.6821921492079914,-4.920570440349519,-4.976962864677424,-2.4976810243110217,1.340775574749018,-0.5388240496275456,4.777609648597851,-0.790468992150478,1.013999442535562
44.0,209.0,143.7252960205078,-1.0316898067126905,2.682192046233954,-4.920569814350952,-4.976962790160926,-2.4976802779635747,1.3407762169386297,-0.5388243488619526,4.777609549989332,-0.7904683716627412,1.0139988913161844
44.0,209.0,143.72531127929688,-1.0316912537619984,2.6821913727094584,-4.920570448004532,-4.976962243927216,-2.497683659721334,1.3407755590182404,-0.5388229470491162,4.777610380063017,-0.7904695793200238,1.014000280572489
44.0,209.0,143.7252960205078,-1.0316898253277769,2.682191912672262,-4.920571190302032,-4.976961391311165,-2.497681100911628,1.3407758754455763,-0.5388245949112358,4.777609732704224,-0.7904691538154154,1.013998220299051
44.0,209.0,143.72531127929688,-1.031691768375869,2.6821931179865777,-4.920570748330659,-4.976960697139666,-2.497681610165712,1.3407757401811595,-0.5388237953004431,4.7776094359438055,-0.7904690406212431,1.013999192473599
44.0,209.0,143.72531127929688,-1.031689306206038,2.682192810051802,-4.920570603831854,-4.976961394632693,-2.4976801053936133,1.3407762509722412,-0.5388246251674147,4.777609114549522,-0.790468933833651,1.013998156746406
44.0,209.0,143.7252960205078,-1.031690387264509,2.6821917556331893,-4.920571404132598,-4.976961500019359,-2.497681891398407,1.340775982363656,-0.5388240326930696,4.777609822884486,-0.7904693641991392,1.0139990239778962
44.0,209.0,143.72531127929688,-1.0316907710075025,2.682192082267065,-4.920570675542681,-4.976962076740447,-2.497682683355398,1.3407755743333087,-0.5388232687628003,4.777610124689236,-0.7904692532900812,1.0139999093750056
44.0,209.0,143.7252960205078,-1.031689821270633,2.68219265106959,-4.9205705527589885,-4.976962104222846,-2.497681537887157,1.3407757259006514,-0.5388242681127142,4.777609491911864,-0.7904690294262728,1.0139991953885064
44.0,209.0,143.72531127929688,-1.0316909177425853,2.682190826977683,-4.920571255837474,-4.9769631887001085,-2.4976813488735554,1.34077523025457,-0.5388233214677545,4.777609883206543,-0.7904690924042637,1.0139995627187297
44.0,209.0,143.72531127929688,-1.0316905516293584,2.682191368471867,-4.920569931921226,-4.976961437383637,-2.497682716193617,1.3407747281703326,-0.5388242191776698,4.7776101176620696,-0.7904692562020568,1.0139991031865438
44.0,209.0,143.72531127929688,-1.0316896140740497,2.6821933291892464,-4.920570890870037,-4.9769606477969175,-2.497679240784918,1.3407768214353195,-0.5388249693009666,4.777608486736813,-0.7904688865091343,1.0139977700244396
44.0,209.0,143.7252960205078,-1.0316893750827747,2.682192170870323,-4.920571476881784,-4.976961282001337,-2.497679680890111,1.340776500178224,-0.5388246866130784,4.777608932886853,-0.7904689097087854,1.0139978272676515
44.0,209.0,143.72531127929688,-1.031689425914661,2.6821916671247115,-4.920569825145539,-4.976963086618097,-2.497681267097581,1.340775177937657,-0.5388239392970036,4.777610229731279,-0.7904691413584661,1.0139993359935957
44.0,209.0,143.72531127929688,-1.031687769623113,2.6821925107765967,-4.920570510605945,-4.976961725989063,-2.497677734216228,1.34077648789342,-0.5388259167912457,4.777608511496542,-0.7904684368899986,1.0139967774130625
44.0,209.0,143.7252960205078,-1.0316907184643047,2.682190241168932,-4.920570372368714,-4.976963337334118,-2.497683295787751,1.340775355913946,-0.5388230229731157,4.777610710035718,-0.7904693928945434,1.014000283321483
44.0,209.0,143.72531127929688,-1.0316895755338358,2.6821930440999324,-4.920570980976723,-4.976959919997712,-2.497680881580428,1.3407770395957268,-0.538825455259202,4.777608427539347,-0.7904693409183761,1.013997530883067
44.0,209.0,143.7252960205078,-1.031688915481297,2.6821921432653806,-4.92057020081963,-4.9769609426953085,-2.497679692553468,1.3407758831042695,-0.5388254536832573,4.777608709139233,-0.7904688359109189,1.0139974036016195
44.0,209.0,143.72531127929688,-1.0316911279979886,2.6821925691710486,-4.920569791141276,-4.976962671254567,-2.4976820454110578,1.3407753210550064,-0.5388230215360137,4.777609707143814,-0.7904688648724427,1.0139999992638629
44.0,209.0,143.72531127929688,-1.0316914841682334,2.6821909748513573,-4.920570945565048,-4.976963130929929,-2.4976828563267457,1.340775216517036,-0.5388226343469054,4.777610070378371,-0.7904692530752548,1.014000058127806
44.0,209.0,143.7252960205078,-1.031690870484876,2.6821913569315816,-4.920570997349942,-4.976962324406689,-2.497683596887157,1.3407764394102897,-0.5388231748191057,4.777610278975409,-0.7904695534822901,1.0139998700171642
44.0,209.0,143.7252960205078,-1.031690855607121,2.682192670680119,-4.920570004627828,-4.976960937285324,-2.49768177201776,1.340775623945425,-0.5388239727089248,4.77761000765388,-0.7904692260325055,1.013999126841879
44.0,209.0,143.7252960205078,-1.031689215738707,2.682191215654832,-4.920571067425671,-4.976960471460794,-2.497680904625442,1.340776216897062,-0.5388248547415788,4.777609174435007,-0.7904692729344882,1.013997533363109
44.0,209.0,143.72531127929688,-1.0316885877297728,2.6821915279843243,-4.9205708928344505,-4.976961659630511,-2.497680336040537,1.3407761392163555,-0.5388253328082673,4.777609588388517,-0.7904689121369124,1.0139978169936068
44.0,209.0,143.72531127929688,-1.031689361615837,2.682192555318588,-4.920570228299853,-4.976960552504229,-2.497680438250014,1.3407759979131608,-0.5388251274649916,4.7776089820975525,-0.7904691550450762,1.0139977659062822
44.0,209.0,143.72531127929688,-1.0316901944954848,2.6821927332614344,-4.920571518101442,-4.976961734543655,-2.4976810763479844,1.3407769746881657,-0.5388238436589301,4.777609633368311,-0.7904691196125588,1.0139987055620612
44.0,209.0,143.72531127929688,-1.0316910508430932,2.6821908445934897,-4.92057134584781,-4.976963153018912,-2.497682443458583,1.3407757595074363,-0.5388230568514345,4.777610011481585,-0.7904692518251641,1.0139996134462166
44.0,209.0,143.72531127929688,-1.031689755924016,2.6821915594987704,-4.920571351445229,-4.976961610260818,-2.497681302138685,1.340775924474034,-0.5388243612896071,4.777609590685707,-0.7904695636430468,1.013998353542929
44.0,209.0,143.72531127929688,-1.0316888290704047,2.6821930542160723,-4.92057071756851,-4.976960313364041,-2.497679423195855,1.3407767769547885,-0.5388255843054122,4.77760798131702,-0.7904688358304117,1.0139971403587031
44.0,209.0,143.7252960205078,-1.0316890950281017,2.682190883861116,-4.920570559421785,-4.976963141164457,-2.4976828442837498,1.3407762405372683,-0.5388240968735953,4.777611003656531,-0.790469304620375,1.0139993011416584
44.0,209.0,143.72531127929688,-1.0316895872140734,2.6821907155856914,-4.9205700110305,-4.976962790776413,-2.497682425602169,1.3407760758483285,-0.5388245547261095,4.777610025845835,-0.7904692894853103,1.0139986846364195
44.0,209.0,143.72531127929688,-1.0316901207271445,2.682192285637681,-4.92056996803859,-4.976962203080206,-2.497682288313277,1.3407753775033502,-0.5388235272088,4.777610058152975,-0.7904689178031141,1.0140000612979252
44.0,209.0,143.72531127929688,-1.0316894977999658,2.6821916930481136,-4.920570448353852,-4.976961415110552,-2.4976808404423254,1.3407759043772003,-0.5388250047016898,4.777610094340128,-0.790469357726745,1.0139983967703694
44.0,209.0,143.7252960205078,-1.0316907602329262,2.682191370271698,-4.920569900263459,-4.976964444730683,-2.4976826232337626,1.340775275770011,-0.5388226142045536,4.777611057774019,-0.7904685769920654,1.0140006651373596
44.0,209.0,143.7252960205078,-1.0316900480112312,2.6821920852486025,-4.9205703044053015,-4.976962228236496,-2.4976799608626683,1.3407755351776949,-0.5388244154613533,4.777609404078774,-0.7904686923282593,1.0139985936458098
44.0,209.0,143.72531127929688,-1.0316900827826436,2.682190825333831,-4.920570619313193,-4.976963887428875,-2.49768206188105,1.3407750040545956,-0.5388236136801696,4.777610778788743,-0.7904690052461181,1.013999789340808
44.0,209.0,143.72531127929688,-1.031689195127412,2.682191546704418,-4.920569952723936,-4.976961690495832,-2.497681373056154,1.3407758591843342,-0.5388247896958518,4.777609772360577,-0.790469048660853,1.013998444482425
44.0,209.0,143.7252960205078,-1.0316901236720533,2.682190776942095,-4.920570684706052,-4.976962321339253,-2.4976828369085284,1.3407759855713277,-0.5388236039656737,4.777610384320024,-0.7904695014740657,1.0139992899627748
44.0,209.0,143.72531127929688,-1.0316890740174327,2.682191346907591,-4.920571602319517,-4.976963004319178,-2.4976811930320824,1.340775933556725,-0.5388243327290514,4.777610649473804,-0.7904690440287805,1.0139985208502322
44.0,209.0,143.72531127929688,-1.0316883566002866,2.682191092345578,-4.920571120616519,-4.976962491154365,-2.497679495961083,1.340776351409371,-0.5388253145143738,4.77760884044525,-0.790468936695568,1.0139972124355312
44.0,209.0,143.72531127929688,-1.0316917079124623,2.682191450920594,-4.9205705642507365,-4.976962647431776,-2.4976834685066884,1.340775354750817,-0.5388230403661982,4.777610425473007,-0.7904695229383343,1.014000610974202
44.0,209.0,143.72531127929688,-1.031689854564542,2.682192004722075,-4.92057111553957,-4.976961989778623,-2.4976823499089544,1.3407767797159575,-0.5388238756135335,4.777610440168964,-0.7904689601460877,1.0139994165841817
44.0,210.0,143.7252960205078,-1.031689804550071,2.682192080650921,-4.920570904339472,-4.976960491577806,-2.497682067194495,1.3407765073458409,-0.5388246630182527,4.777609846453956,-0.7904696836738836,1.0139985606715909
44.0,210.0,143.72531127929688,-1.0316902599923736,2.682192503686746,-4.920570151649932,-4.976961432376623,-2.4976823259856946,1.3407756795787318,-0.5388240934191044,4.777609830490865,-0.7904692285439143,1.0139991772108807
44.0,210.0,143.7252960205078,-1.0316894374501095,2.6821916843869467,-4.9205705129217865,-4.976961920381505,-2.497680809689995,1.340775972169653,-0.5388249274415315,4.777609723997884,-0.7904691509868602,1.0139982642260694
44.0,210.0,143.72531127929688,-1.0316887300015498,2.682192188964178,-4.920569453959491,-4.976962042409075,-2.497680540722512,1.34077618940902,-0.5388250009204922,4.777609833161703,-0.7904688519204264,1.013998140945228
44.0,210.0,143.72531127929688,-1.031688806649261,2.682190288137037,-4.920570391496399,-4.976963543969439,-2.497681425826208,1.3407757295496312,-0.5388240704345746,4.777610265960096,-0.7904689728695677,1.013998823070848
44.0,210.0,143.72531127929688,-1.03169056836387,2.682190752798869,-4.920570992557856,-4.976962550977185,-2.497682378026532,1.3407761865330905,-0.5388235537647752,4.777610394324768,-0.7904694446791556,1.013998869029658
44.0,210.0,143.7252960205078,-1.0316888461277922,2.6821913080054047,-4.9205708532817685,-4.9769611595036025,-2.497680279659257,1.340776317466589,-0.5388251059697016,4.777608940504575,-0.7904692215739715,1.0139978168272386
44.0,210.0,143.72531127929688,-1.031691318247729,2.6821916235631926,-4.920570754741235,-4.976962646983502,-2.497682420531866,1.340776123607288,-0.5388229481463949,4.777610163356671,-0.7904689319488885,1.0139998213305912
44.0,210.0,143.72531127929688,-1.0316891341010104,2.6821909078918456,-4.9205703076296965,-4.976962407349749,-2.4976823863453945,1.340776197362037,-0.5388237342093429,4.777610223311424,-0.7904691919739717,1.0139990712699625
44.0,210.0,143.72531127929688,-1.0316904595051146,2.682191120936465,-4.920570889758932,-4.976961753258855,-2.4976817751727887,1.3407758600745652,-0.5388239415497562,4.777609876200202,-0.7904690791503057,1.0139990630395683
44.0,210.0,143.72531127929688,-1.031689793612745,2.6821912433293207,-4.92057062039834,-4.976962509085631,-2.4976830707554267,1.3407760870615686,-0.5388239771625711,4.777610306261389,-0.7904692157355537,1.0139991762797689
44.0,210.0,143.7252960205078,-1.031689324101488,2.6821918998995304,-4.92056921207233,-4.976962723949416,-2.4976806719569367,1.3407755102773322,-0.5388245274310801,4.777609796681295,-0.7904688911977411,1.0139992629873262
44.0,210.0,143.7252960205078,-1.0316912607120092,2.682190043924341,-4.920569643030539,-4.976964574122997,-2.497683930207322,1.34077512611589,-0.53882197647056,4.777610870962869,-0.7904689029578265,1.0140010870510885
44.0,210.0,143.72531127929688,-1.0316902509462884,2.682192003304035,-4.920570232655867,-4.97696117590021,-2.497682421965161,1.3407758055219414,-0.5388241296081286,4.777610088035235,-0.7904694078784411,1.013998975847782
44.0,210.0,143.7252960205078,-1.031691255312338,2.682192428317051,-4.920571546673563,-4.976961552485255,-2.497682670310285,1.340775747598764,-0.5388236684056498,4.777609844926449,-0.7904693448599724,1.0139993167558234
44.0,210.0,143.7252960205078,-1.031688681033217,2.682191038626593,-4.920570286073042,-4.976963256138904,-2.497681910984704,1.3407762548932567,-0.5388244500263584,4.777610202448557,-0.7904689824854785,1.0139988343159685
44.0,210.0,143.7252960205078,-1.031689862364959,2.682192380324389,-4.920570965632997,-4.9769613363409055,-2.497680926591241,1.340776190962366,-0.5388243180408061,4.777609348465752,-0.7904690988295782,1.0139986642597805
44.0,210.0,143.72531127929688,-1.0316906673129091,2.68219032369797,-4.92057064336963,-4.976963559256704,-2.497682111598292,1.3407753265201017,-0.5388229576606509,4.777610176432656,-0.7904691353504125,1.0139997891639003
44.0,210.0,143.7252960205078,-1.031689540468836,2.6821923772032594,-4.920571811191007,-4.976959883399922,-2.4976808380810382,1.3407762491294148,-0.5388252166407188,4.777609210647514,-0.7904693989731619,1.0139975158765244
44.0,210.0,143.7252960205078,-1.031690032615089,2.682192634949613,-4.920570455207033,-4.976960704002054,-2.497680798465036,1.3407758449173643,-0.5388243380829589,4.777608954683888,-0.7904690446385105,1.0139982950377204
44.0,210.0,143.72531127929688,-1.0316907477917925,2.6821902474782675,-4.920570479994969,-4.976964197381085,-2.497682860157086,1.3407755507870087,-0.5388223817942706,4.777610741899231,-0.7904690431053805,1.0140004906312905
44.0,210.0,143.72531127929688,-1.031689665679937,2.6821919116305084,-4.920570540871246,-4.976960832959679,-2.4976812709237666,1.3407761672253642,-0.5388246626491524,4.77760947415457,-0.7904692975978023,1.0139981476962203
44.0,210.0,143.72531127929688,-1.0316913588554728,2.6821914785509096,-4.9205701537626165,-4.976963642731626,-2.497682713083691,1.3407749223908771,-0.5388225697064053,4.777610205152511,-0.7904686936933549,1.0140004353762233
44.0,210.0,143.7252960205078,-1.0316897912751593,2.682190767401772,-4.920570458771645,-4.9769618660813695,-2.497682714495265,1.340776152751645,-0.538823764010151,4.7776105982647294,-0.7904693238804086,1.0139989966349718
44.0,210.0,143.7252960205078,-1.031688501240779,2.6821915441277566,-4.920570303346872,-4.976961893052398,-2.497679570814666,1.3407758108307002,-0.5388250227446267,4.777609256892818,-0.7904687681500997,1.0139981544994816
44.0,210.0,143.72531127929688,-1.0316916566089471,2.682189478996219,-4.920570406184498,-4.9769642273341885,-2.497684759751814,1.340774585018746,-0.5388218164755818,4.777611811665652,-0.7904695106526596,1.0140013645554378
44.0,210.0,143.7252960205078,-1.0316883544808697,2.682190270926271,-4.920570177923284,-4.976963741244342,-2.497680831313992,1.3407754044213762,-0.5388245982881168,4.777609981450473,-0.7904686091474895,1.0139983935558077
44.0,210.0,143.72531127929688,-1.0316898062164404,2.682193398534701,-4.92057056795666,-4.976961012020395,-2.4976814405956183,1.34077681104666,-0.5388246518505149,4.777609408700961,-0.7904690847751619,1.013998610765336
44.0,210.0,143.72531127929688,-1.0316885375958416,2.6821906861446987,-4.920571617736437,-4.976961757961342,-2.4976795574056663,1.340776587977154,-0.5388252806706255,4.777609137487515,-0.7904690154368534,1.0139970478481786
44.0,210.0,143.72531127929688,-1.0316912424883329,2.682190336985438,-4.920570489405719,-4.976963003030416,-2.497683106722616,1.340775225084232,-0.538822772670942,4.777610167290103,-0.7904690937903025,1.0140000240040328
44.0,210.0,143.72531127929688,-1.0316912403366638,2.6821913019582064,-4.9205705979212,-4.976961730316726,-2.497683255353436,1.340775132298038,-0.5388233649352889,4.777609997105445,-0.7904691908997021,1.0139997333100528
44.0,210.0,143.72531127929688,-1.0316916213661376,2.6821914618205795,-4.920570111715593,-4.976962209428415,-2.497682622904618,1.3407748886486734,-0.5388229273214629,4.777610263989425,-0.7904689305685508,1.014000348320189
44.0,210.0,143.7252960205078,-1.031691132685082,2.6821913202920333,-4.920571226370438,-4.976962531946739,-2.497682072235168,1.3407756358335856,-0.538822973576675,4.77760936956669,-0.7904692228469319,1.01399967639329
44.0,210.0,143.7252960205078,-1.0316896357728718,2.682190639850578,-4.920570789252322,-4.97696303386407,-2.497681520272008,1.3407751526998668,-0.5388237866243042,4.777610654022897,-0.7904688257003247,1.0139992685917305
44.0,210.0,143.72531127929688,-1.0316896923956405,2.682191376467084,-4.920570720230273,-4.976963137180052,-2.497681186798471,1.340776168773309,-0.5388238829355014,4.777610145985324,-0.7904688862221771,1.013998998548599
44.0,210.0,143.72531127929688,-1.0316898288538083,2.682190792940048,-4.920570417421627,-4.976962793515464,-2.4976818576690785,1.3407761392254427,-0.5388234661508591,4.777610208251044,-0.7904690731821544,1.0139994633443212
44.0,210.0,143.7252960205078,-1.0316905923249395,2.6821914340411848,-4.920570176165474,-4.976963474011916,-2.4976826767784788,1.3407749045126858,-0.5388230881741416,4.777610038693606,-0.790469211506764,1.0140004959372586
44.0,210.0,143.7252960205078,-1.0316916450741176,2.6821915499860927,-4.9205704323480335,-4.97696303791522,-2.497683441548537,1.3407747143833575,-0.5388228205478747,4.777610907593184,-0.7904689260157278,1.014000354879566
44.0,210.0,143.7252960205078,-1.0316915576936485,2.682192475538775,-4.920570340350827,-4.976961598561662,-2.4976832016235715,1.340775841726602,-0.5388230926489541,4.777609943271063,-0.7904692477434665,1.0139999407995548
44.0,210.0,143.7252960205078,-1.0316908160858014,2.682191915097029,-4.9205702667346936,-4.976962124819969,-2.497682426694648,1.3407753553811368,-0.538823488679192,4.777610548855211,-0.7904691144736145,1.0139997806139434
44.0,210.0,143.7252960205078,-1.0316882030296797,2.6821918878221584,-4.920570157012634,-4.976961569042068,-2.4976787903391653,1.3407759128557926,-0.5388256895063606,4.777608703737171,-0.7904685554020556,1.0139970110148324
44.0,210.0,143.7252960205078,-1.031689286731022,2.682191172579528,-4.920571212637765,-4.9769614279359,-2.4976801126511776,1.340775525096266,-0.5388247423092576,4.777609282381853,-0.7904691844723866,1.0139978631150246
44.0,210.0,143.7252960205078,-1.031689549591846,2.6821925076328945,-4.920569977595789,-4.976961680364417,-2.4976802267862026,1.3407756667519957,-0.5388244463385359,4.777608907172532,-0.7904687068033409,1.013998568556573
44.0,210.0,143.72531127929688,-1.0316908888516347,2.682190918800319,-4.920570637932486,-4.976963478898361,-2.497682938816261,1.340775550556469,-0.5388229085590481,4.777610501173154,-0.7904694101765646,1.0140003885940043
44.0,210.0,143.72531127929688,-1.0316901382502146,2.682191259485876,-4.9205701745900186,-4.976962292861667,-2.497682621426525,1.3407761426195774,-0.5388238140376505,4.777610361038345,-0.7904691714723935,1.0139993052503886
44.0,210.0,143.72531127929688,-1.0316888893013236,2.6821921217549125,-4.920570746113692,-4.976961208863452,-2.497680991609599,1.340776406335892,-0.5388254839506379,4.777609262619771,-0.7904693326917815,1.0139977755285026
44.0,210.0,143.7252960205078,-1.0316888698998516,2.68219197998382,-4.920571202062063,-4.976961299842584,-2.497680021684584,1.340776644927617,-0.5388251394845369,4.777609424462085,-0.7904689903287414,1.0139976064652618
44.0,210.0,143.72531127929688,-1.0316899764471903,2.6821927646810275,-4.920570219302889,-4.9769613059511935,-2.497681380120633,1.340775600507892,-0.5388244588754096,4.77760973074432,-0.7904689861035692,1.013998629896161
44.0,210.0,143.72531127929688,-1.031689974694376,2.682192610717376,-4.9205709606105685,-4.976959576069431,-2.497680393438138,1.3407768471512638,-0.5388249277440247,4.777608289511804,-0.7904693728691417,1.013997638555363
44.0,210.0,143.72531127929688,-1.0316897659409263,2.6821916130735524,-4.920570580520436,-4.976960825281416,-2.497681760280458,1.3407761094353925,-0.5388242978616189,4.777609585654332,-0.7904695285245324,1.0139983936138428
44.0,211.0,143.72531127929688,-1.0316903986883013,2.682190825395022,-4.920570677717833,-4.976962589365956,-2.497681741432007,1.3407755866820643,-0.5388237204652722,4.777610236796971,-0.79046900379908,1.0139991224125335
44.0,211.0,143.72531127929688,-1.0316902770743734,2.6821907509704213,-4.920571329694093,-4.976962275645562,-2.4976823962758687,1.340775904293352,-0.5388236834829039,4.777610207939912,-0.7904694683068128,1.0139990837701651
44.0,211.0,143.72531127929688,-1.0316910218644717,2.682190649778057,-4.920570734983644,-4.976963822145328,-2.4976825865607744,1.3407745702165563,-0.5388224384057327,4.777610404445349,-0.7904688641713671,1.0140003940951932
44.0,211.0,143.72531127929688,-1.0316903054475763,2.682192540120382,-4.9205709398890685,-4.976961749247352,-2.497681381933327,1.3407755443890732,-0.5388238104005794,4.777609630284328,-0.7904688955487469,1.0139994320170933
44.0,211.0,143.72531127929688,-1.0316899182966086,2.682191455528285,-4.920570689983,-4.976961841841225,-2.4976819167165965,1.340775938641646,-0.5388241971664618,4.777609910617226,-0.7904691414946976,1.0139989060352574
44.0,211.0,143.7252960205078,-1.031689380687629,2.6821909653321683,-4.920571506097994,-4.9769627581165,-2.497680918797331,1.340775906049033,-0.5388240142808707,4.777609956342738,-0.790469090134545,1.0139986402973724
44.0,211.0,143.7252960205078,-1.0316885398841098,2.682192613389791,-4.920570603411972,-4.976961319145103,-2.497680076602106,1.3407763482746835,-0.5388253392154407,4.777608935854333,-0.790469055519031,1.0139978055192411
44.0,211.0,143.72531127929688,-1.031689384041912,2.682191557293039,-4.92057015705872,-4.976963051654118,-2.497681036935073,1.3407752346298991,-0.538824579008641,4.777610153160488,-0.7904691811094882,1.0139989234184332
44.0,211.0,143.72531127929688,-1.0316902205114231,2.682192800824942,-4.920572216664901,-4.976961529357509,-2.497680907067965,1.3407762967798798,-0.5388241766162292,4.777609555479454,-0.7904689874669018,1.0139986648142765
44.0,211.0,143.72531127929688,-1.031690289764886,2.6821911313009377,-4.920570619953447,-4.97696301823426,-2.497681885992053,1.340775327030677,-0.5388234240441427,4.7776101527101815,-0.7904686643046643,1.0139996602592678
44.0,211.0,143.72531127929688,-1.031689564352956,2.6821919927932925,-4.92057039693855,-4.9769630738166,-2.4976811189491728,1.3407754071383673,-0.5388242698631647,4.777609946392122,-0.7904688277338492,1.0139991639362638
44.0,211.0,143.7252960205078,-1.0316879320863754,2.682192111354792,-4.920570066054152,-4.976961113622765,-2.497680166684224,1.3407768141509706,-0.5388254640615244,4.777609286585465,-0.7904689735138906,1.0139973159626765
44.0,211.0,143.7252960205078,-1.0316894488966848,2.6821916416205385,-4.920570103491496,-4.976961362104952,-2.4976809108182256,1.3407756928763597,-0.53882447888033,4.777609783303268,-0.7904689849243747,1.013998488188042
44.0,211.0,143.72531127929688,-1.0316903727439892,2.6821905367318264,-4.920570353471692,-4.976963259232054,-2.4976828683271,1.3407753282865276,-0.5388231556646712,4.777610518998477,-0.790469135335071,1.0139999893901646
44.0,211.0,143.72531127929688,-1.0316901655579391,2.6821909673343782,-4.920569903728112,-4.976962563394078,-2.497682529819882,1.34077520086184,-0.538823616962695,4.777610250080485,-0.7904691623907256,1.013999658215221
44.0,211.0,143.72531127929688,-1.0316913143861886,2.6821916846675204,-4.920570433457283,-4.976962631638811,-2.497682735976018,1.3407750599432102,-0.5388230283602962,4.777610451663762,-0.7904691891990998,1.014000138909486
44.0,211.0,143.7252960205078,-1.0316890629857989,2.6821925411791074,-4.920570851755249,-4.976960950397959,-2.497680127680339,1.3407766888792183,-0.5388246235558602,4.777609026815492,-0.7904690482052104,1.0139980592474591
44.0,211.0,143.72531127929688,-1.0316898605060971,2.6821917232728616,-4.920570669534014,-4.976961317084796,-2.4976806995763723,1.3407756085711986,-0.5388243156610306,4.777609841030808,-0.790468865445237,1.0139983656501128
44.0,211.0,143.72531127929688,-1.0316910730187177,2.682191247295618,-4.920571205462414,-4.976962365013638,-2.49768289869925,1.3407751044095484,-0.5388229557822086,4.777610303918088,-0.790469420453908,1.0140000092394963
44.0,211.0,143.7252960205078,-1.0316883496238851,2.6821925758979672,-4.920570616052584,-4.976960661931181,-2.4976804109352084,1.340776205334972,-0.5388252146986163,4.777609017079197,-0.7904690542035198,1.0139977787123478
44.0,211.0,143.72531127929688,-1.031689944244576,2.68219165793103,-4.920570708859512,-4.976962053697951,-2.497680955177557,1.3407755137515096,-0.5388240697857789,4.777609624470996,-0.790469101861996,1.0139990145391744
44.0,211.0,143.72531127929688,-1.0316904416827355,2.6821926272054943,-4.920570565433486,-4.976961456092909,-2.497682626754544,1.340775943053952,-0.5388240941271718,4.777610336362109,-0.7904690669259091,1.013999426610753
44.0,211.0,143.7252960205078,-1.031690536065755,2.682191952216876,-4.9205705660475925,-4.976961677477573,-2.4976820574481167,1.3407760640075512,-0.5388236049913271,4.777609877587207,-0.7904692948903351,1.0139994269773247
44.0,211.0,143.7252960205078,-1.0316894709877071,2.6821916100595065,-4.920570461794976,-4.976961678638276,-2.497681328338726,1.3407762041656612,-0.5388244448387569,4.777609933023767,-0.7904690804490446,1.0139984116340086
44.0,211.0,143.72531127929688,-1.031690328775951,2.682191110465623,-4.920570186071156,-4.976961578527792,-2.497681808414031,1.340775242272433,-0.5388240378970286,4.777610084642381,-0.7904692140897227,1.0139990257461786
44.0,211.0,143.7252960205078,-1.031688538463082,2.682192750256944,-4.920571217826662,-4.976960193654158,-2.4976789425476538,1.3407768890172465,-0.538825646599685,4.777608792899903,-0.7904689668650287,1.0139969914231417
44.0,211.0,143.7252960205078,-1.031689694723292,2.6821923114975155,-4.920569876302537,-4.976961847640623,-2.497680089979561,1.3407753008703691,-0.5388248772094606,4.777609568415004,-0.7904688094014585,1.0139983342141825
44.0,211.0,143.7252960205078,-1.0316907027886426,2.682191772743529,-4.920570894083644,-4.9769629728803695,-2.4976835719499,1.340775777028977,-0.5388231592481709,4.7776107850063685,-0.7904693779817205,1.014000247023903
44.0,211.0,143.72531127929688,-1.0316897748770608,2.682191859989743,-4.920570157170246,-4.976961895055468,-2.497681314269692,1.3407759608152243,-0.5388241599545704,4.777609771528585,-0.790469070649797,1.0139988595505036
44.0,211.0,143.72531127929688,-1.0316892239429922,2.682191238564547,-4.920570446838705,-4.976962070442744,-2.4976812697529667,1.340775430664519,-0.5388245702301431,4.777610032244548,-0.7904689880637301,1.013998760292834
44.0,211.0,143.7252960205078,-1.0316891119203064,2.6821915791583937,-4.920570881613208,-4.976963102903447,-2.497680792763173,1.3407757665039792,-0.5388243912728496,4.777609722092143,-0.7904688854619852,1.013998785172089
44.0,211.0,143.7252960205078,-1.0316892355418017,2.6821914986687307,-4.920570199344242,-4.976961426785838,-2.4976799891324752,1.3407758140353776,-0.5388245713707409,4.777608914205061,-0.790468905332701,1.0139981143744716
44.0,211.0,143.7252960205078,-1.0316902282489098,2.682190642568957,-4.920569822762975,-4.9769634165296806,-2.497683307379254,1.3407749563846485,-0.5388234439241621,4.777611289838548,-0.790469290347394,1.0140002960216776
44.0,211.0,143.72531127929688,-1.0316891352953523,2.6821913098064,-4.92057043015214,-4.976962924964974,-2.497680475393913,1.3407756680185852,-0.5388245058385808,4.777610264172626,-0.7904691075197796,1.0139985021191142
44.0,211.0,143.72531127929688,-1.0316881645045002,2.6821930604527635,-4.92057119040137,-4.976960400629306,-2.497678076217826,1.3407758815030189,-0.5388261130116332,4.777608286357477,-0.7904687149516567,1.0139969413711016
44.0,211.0,143.72531127929688,-1.0316889266380862,2.682192970289079,-4.9205710723680935,-4.976960571358143,-2.497679447462934,1.3407763514635738,-0.5388253623340127,4.777608465357094,-0.7904689490299486,1.0139973944852052
44.0,211.0,143.72531127929688,-1.0316887818701326,2.6821917742918675,-4.920570526071683,-4.976961708809592,-2.4976808049688493,1.3407762593899362,-0.5388245069070043,4.777609118677455,-0.790468938480501,1.0139982286829363
44.0,211.0,143.72531127929688,-1.0316906356984648,2.6821911423681444,-4.920571231176789,-4.976962258955136,-2.497683186211785,1.3407758273436112,-0.5388234297525498,4.777610476720637,-0.7904694270716002,1.013999875429637
44.0,211.0,143.7252960205078,-1.031691151756938,2.6821907220919066,-4.920570558424885,-4.976962890767105,-2.4976840827810705,1.3407751813250988,-0.5388229065915615,4.777611259299528,-0.7904694795613212,1.0140003529399475
44.0,211.0,143.72531127929688,-1.0316909558270142,2.682191218468581,-4.920569899307012,-4.976962411951522,-2.497682779691051,1.340775249428373,-0.5388231849742482,4.777609827490096,-0.79046922329404,1.0139998974412867
44.0,211.0,143.7252960205078,-1.031689590949835,2.6821916595975708,-4.920571273482863,-4.9769616509074455,-2.497681001084387,1.3407756661111812,-0.538824682911847,4.777609091550463,-0.7904691829657402,1.013998178264722
44.0,211.0,143.72531127929688,-1.0316905685355628,2.6821905052793102,-4.920570060161306,-4.9769630536538285,-2.497682500180907,1.3407752916084368,-0.5388231676083013,4.777610534298949,-0.7904690187811259,1.013999765903706
44.0,211.0,143.7252960205078,-1.0316899465852551,2.682191670189104,-4.9205701517843865,-4.976961368010596,-2.497681255464439,1.3407753917755283,-0.5388245373519496,4.7776094722953975,-0.7904691888343711,1.0139989503926392
44.0,211.0,143.72531127929688,-1.031690298558778,2.682191814514149,-4.92057043890022,-4.976962340368781,-2.497682000083485,1.3407756881482058,-0.5388237389354744,4.777610343888586,-0.7904690869162181,1.0139995037916556
44.0,211.0,143.72531127929688,-1.0316901219855987,2.682192153631812,-4.920570575025435,-4.976962224325631,-2.497681073216865,1.3407750909404808,-0.5388241131295688,4.777609337472491,-0.7904688235158783,1.0139987887943551
44.0,211.0,143.72531127929688,-1.0316909970143695,2.682192173900245,-4.920569522860547,-4.976962555563644,-2.4976826937482506,1.3407752792384695,-0.5388231652327988,4.777610307558998,-0.7904688625511884,1.0140001752093184
44.0,211.0,143.7252960205078,-1.0316889250923031,2.6821912434451747,-4.920570712883134,-4.976962233237259,-2.497680495372665,1.340775976753684,-0.5388247875139722,4.777609831918973,-0.7904690779922223,1.0139982018412397
44.0,211.0,143.72531127929688,-1.0316899508280208,2.682192060059575,-4.920571493192684,-4.97696086368382,-2.497682021820858,1.3407763901961856,-0.5388243328215205,4.777610137939348,-0.7904692009258127,1.0139985535369895
44.0,211.0,143.72531127929688,-1.0316897947685084,2.6821918194109085,-4.920569999105342,-4.97696191349002,-2.497681860947811,1.340775726931569,-0.5388239896587779,4.7776101704993685,-0.7904689478129958,1.0139992021790691
44.0,211.0,143.7252960205078,-1.0316893049375189,2.6821912806510486,-4.920569787819281,-4.976962526500959,-2.497681135173156,1.3407760274114544,-0.5388238094581812,4.777610029793731,-0.7904687678094566,1.0139989060225316
44.0,212.0,143.72531127929688,-1.0316898557834795,2.6821914209892403,-4.920570723922383,-4.9769623567300325,-2.4976814059788794,1.3407759639700991,-0.538823793293921,4.777610107738839,-0.7904689699087726,1.0139988678239265
44.0,212.0,143.7252960205078,-1.0316907786819949,2.682192917302552,-4.9205705739294,-4.976960168655151,-2.4976826159455583,1.340776422520812,-0.5388241492877963,4.777609336523003,-0.7904694734251851,1.0139990464017965
44.0,212.0,143.7252960205078,-1.0316907425511563,2.6821915112881527,-4.9205707360070745,-4.976963311956131,-2.497683142369935,1.3407754226720296,-0.5388229923739161,4.777611118977921,-0.7904692162143165,1.0140004877446571
44.0,212.0,143.72531127929688,-1.031688589820198,2.6821910968172915,-4.920570269745053,-4.976961434268974,-2.497680762762851,1.3407762428932992,-0.5388246398164274,4.777609573448515,-0.7904689891697982,1.0139978477505558
44.0,212.0,143.7252960205078,-1.0316899619733595,2.682192458121233,-4.920571768937936,-4.976960866961752,-2.4976810884276635,1.3407761132162648,-0.5388246214095123,4.777609449612548,-0.7904694547275515,1.0139982166965176
44.0,212.0,143.72531127929688,-1.0316899192552844,2.682191681205656,-4.920570422516585,-4.976962867293423,-2.497681620928076,1.340775110587754,-0.5388238327181041,4.777610265572802,-0.7904691086374394,1.0139997548948614
44.0,212.0,143.72531127929688,-1.0316904883756033,2.682193396810304,-4.920569954414312,-4.976961533828432,-2.49768140795772,1.3407761304532793,-0.5388239942193565,4.777609318710388,-0.7904689632628408,1.0139991808034594
44.0,212.0,143.7252960205078,-1.03168976030166,2.6821918121739614,-4.920570794571042,-4.976961132879031,-2.4976813079503914,1.340776330602286,-0.53882463243486,4.777609900818447,-0.7904694262027672,1.0139983101579366
44.0,212.0,143.7252960205078,-1.0316896238496032,2.682191973840796,-4.920569609705354,-4.976962284654314,-2.4976806900129334,1.3407749955473491,-0.5388242854029182,4.777610259482923,-0.7904685904558715,1.0139990072652862
44.0,212.0,143.72531127929688,-1.03168967210362,2.682190979643297,-4.920569918168804,-4.976961619630761,-2.4976824942255185,1.3407754743946976,-0.5388244446289185,4.777610517569004,-0.7904693288916018,1.0139990941914938
44.0,212.0,143.72531127929688,-1.0316901931309852,2.6821913145053324,-4.920570156089847,-4.976964013722912,-2.497682694968354,1.3407753059855718,-0.5388229216588876,4.77761067683625,-0.7904688544935174,1.0140005940630905
44.0,212.0,143.72531127929688,-1.0316892475596569,2.6821910564292217,-4.92056989288994,-4.976962720032318,-2.497681202657901,1.3407757559540725,-0.5388238836851738,4.7776103882907694,-0.7904688012909169,1.0139988555969577
44.0,212.0,143.72531127929688,-1.031690139294132,2.682192114647571,-4.920570288826499,-4.9769625609553465,-2.4976818808492185,1.3407759799056729,-0.5388238255458635,4.777609873872047,-0.7904689583239923,1.0139992264400188
44.0,212.0,143.7252960205078,-1.0316877588354871,2.682191989363901,-4.920570941974781,-4.976960900516098,-2.497678952002373,1.3407771313145966,-0.5388254792635196,4.777609070290795,-0.7904688791683059,1.0139969963339448
44.0,212.0,143.7252960205078,-1.0316905241239476,2.6821905515088487,-4.920569954892612,-4.976963617773967,-2.497682858722997,1.3407754696419405,-0.5388230510339378,4.777611140430913,-0.790469018689314,1.0139999599120433
44.0,212.0,143.7252960205078,-1.0316895949974385,2.6821917548173024,-4.920570522230908,-4.976961819602435,-2.4976809406300755,1.3407758297010748,-0.5388244519902834,4.777610022827556,-0.7904689426645186,1.0139983130944783
44.0,212.0,143.72531127929688,-1.0316895291521129,2.6821909794186896,-4.920570523653284,-4.976963639225245,-2.497680578251056,1.340775559239379,-0.5388239044327765,4.777609837065684,-0.7904688147284125,1.013998788743356
44.0,212.0,143.7252960205078,-1.0316902732474809,2.682191681165759,-4.920571121732506,-4.976961583694139,-2.49768233585268,1.3407758455977152,-0.5388238497811839,4.777610008446258,-0.7904696309897856,1.0139990892323087
44.0,212.0,143.7252960205078,-1.0316911817546843,2.6821917522406373,-4.920569564766913,-4.976963445239213,-2.497683426551072,1.340774889472252,-0.5388227819555569,4.777611138419079,-0.790469029887495,1.0140009357694435
44.0,212.0,143.7252960205078,-1.0316907815281344,2.682190035075553,-4.920570746316217,-4.976963616560782,-2.4976834981352454,1.340775506663512,-0.5388226825438966,4.777611536602262,-0.7904694057614776,1.0140002656769962
44.0,212.0,143.7252960205078,-1.0316908002862912,2.6821925324726745,-4.92057113530949,-4.976961189921063,-2.497681262392939,1.3407760267891513,-0.5388237723801215,4.7776092061217295,-0.7904692977695174,1.0139990870248123
44.0,212.0,143.7252960205078,-1.0316896908067963,2.682193210623357,-4.920570216013372,-4.97696113101772,-2.4976804302763016,1.3407761144618968,-0.538824511561133,4.777608846964869,-0.7904688236196158,1.0139985174187132
44.0,212.0,143.72531127929688,-1.0316895335252556,2.682190862503501,-4.920569383203066,-4.976963233011601,-2.4976806659617026,1.3407752252910363,-0.5388236009897476,4.777609738206227,-0.7904685137575598,1.0139990319366188
44.0,212.0,143.7252960205078,-1.0316888121324874,2.682191802610986,-4.920571963449361,-4.9769612282865365,-2.4976805820975256,1.3407767826053103,-0.5388250759605313,4.7776089993245225,-0.7904693433407566,1.013997647650326
44.0,212.0,143.72531127929688,-1.0316911744016035,2.6821917608049723,-4.920569291622345,-4.976963030293532,-2.497682502357646,1.3407754482586354,-0.5388227486527501,4.777610109539406,-0.7904688276029805,1.0140003701920648
44.0,212.0,143.72531127929688,-1.0316890012690556,2.6821922144839005,-4.920570372847938,-4.976961517328993,-2.497681011594712,1.3407759175586236,-0.538824959466436,4.777609679485591,-0.7904690949599829,1.0139982922763942
44.0,212.0,143.72531127929688,-1.0316889585670417,2.6821919762080544,-4.92057090302779,-4.976961668872428,-2.49767971272846,1.3407758346716836,-0.5388251099533381,4.777609457428962,-0.7904689950634474,1.0139977927068795
44.0,212.0,143.7252960205078,-1.0316913074121747,2.682191992928637,-4.920569790605119,-4.9769624321290005,-2.4976828541402263,1.3407749275906502,-0.5388227308371585,4.77761054731188,-0.7904689627059378,1.0140006031225068
44.0,212.0,143.72531127929688,-1.0316895583444818,2.682191669762505,-4.920570441830469,-4.976961692724237,-2.4976814867193085,1.3407764941622524,-0.5388238708828306,4.777609904325965,-0.7904691451045114,1.013998845115914
44.0,212.0,143.7252960205078,-1.031690321015466,2.682191486362294,-4.9205698382927325,-4.976962561051102,-2.4976824719757,1.340775857851428,-0.5388234185122132,4.777610915729602,-0.7904692513819809,1.0139998484180293
44.0,212.0,143.7252960205078,-1.0316891928436838,2.6821912361905467,-4.920570629416296,-4.976962095293187,-2.4976807401527146,1.340776143717659,-0.5388245784262056,4.777609632124069,-0.790468920444809,1.0139981899273105
44.0,212.0,143.7252960205078,-1.031689425695439,2.682191360651661,-4.920569784110927,-4.976962405414271,-2.4976807479655285,1.3407755110155497,-0.5388243546793259,4.777609800267374,-0.7904691071879313,1.013998701300947
44.0,212.0,143.7252960205078,-1.0316896643715112,2.6821913402353283,-4.920570429782015,-4.976961645360124,-2.4976817987470463,1.3407759304129936,-0.5388242759287287,4.777609850825396,-0.7904692810662386,1.0139985300106176
44.0,212.0,143.7252960205078,-1.0316914630106346,2.682191907881948,-4.920570668574243,-4.976961562256548,-2.4976831534348456,1.3407756575772645,-0.5388232877148216,4.777610665763378,-0.7904693712811621,1.0139997296339578
44.0,212.0,143.72531127929688,-1.031689369175981,2.6821919166173034,-4.920570466360953,-4.97696136489223,-2.497681034935826,1.3407759577255636,-0.5388245389091342,4.7776098653871895,-0.7904691868031275,1.0139984735714016
44.0,212.0,143.72531127929688,-1.0316892905337527,2.6821919434748285,-4.920570290874648,-4.9769615598461465,-2.49768047964419,1.3407757598078156,-0.5388245421417039,4.777609729724654,-0.7904689062376349,1.0139984525292531
44.0,212.0,143.7252960205078,-1.0316898803215384,2.6821914915805305,-4.920569635461324,-4.976962406456845,-2.4976822087790347,1.340775779654285,-0.5388236781287521,4.777610409377985,-0.7904688853620421,1.013999488853477
44.0,212.0,143.7252960205078,-1.0316904828481936,2.6821913351814164,-4.920570186833617,-4.976962715082624,-2.497682358882682,1.340775644862159,-0.5388232518755913,4.777610367985105,-0.7904690060213433,1.0139999321624271
44.0,212.0,143.72531127929688,-1.031690229106503,2.6821919374685166,-4.920570305192952,-4.976961873906281,-2.497682025045775,1.3407756753333544,-0.5388238250806676,4.777609590004037,-0.7904693067857664,1.013999278982758
44.0,212.0,143.72531127929688,-1.0316893764266704,2.682191686226388,-4.92057030272702,-4.976961613860999,-2.4976800448285097,1.3407756781899405,-0.5388249476188154,4.7776095324832255,-0.7904688197245671,1.013997982014576
44.0,212.0,143.72531127929688,-1.031689803850763,2.6821913793605434,-4.920571481529731,-4.976961788907816,-2.497681330122294,1.3407763466983784,-0.5388243999507054,4.777610263550962,-0.7904693005380325,1.0139984780113125
44.0,212.0,143.72531127929688,-1.0316895754172983,2.6821919517159856,-4.920570046288547,-4.976962582465523,-2.4976807531756147,1.340775895027008,-0.5388237900734758,4.777609720574599,-0.7904686986187484,1.0139991365654133
44.0,212.0,143.72531127929688,-1.031688826460844,2.682192558864304,-4.920569911558318,-4.97696131093349,-2.49768084916742,1.3407762984306515,-0.5388251182798012,4.777609566452679,-0.790469088056617,1.013998284607399
44.0,212.0,143.72531127929688,-1.0316894864577204,2.6821919472152222,-4.920570044347639,-4.976962527534204,-2.497680820264782,1.3407759983776255,-0.5388242136391073,4.777610206367637,-0.790468784153731,1.013998894206808
44.0,212.0,143.72531127929688,-1.0316900218838363,2.682194102958098,-4.920570730683934,-4.976959670274415,-2.497679318608739,1.3407764694092004,-0.538825267953392,4.777608439667187,-0.7904689876523161,1.013997873377063
44.0,212.0,143.7252960205078,-1.031689436915725,2.682191924823506,-4.92057090959857,-4.976961553937494,-2.4976803486374526,1.3407763430006012,-0.5388247256509278,4.777609584138677,-0.7904692105287143,1.0139982190015475
44.0,212.0,143.7252960205078,-1.0316894979129616,2.682191377880078,-4.92057075093593,-4.976961274479037,-2.497681381104572,1.3407763086520983,-0.5388247275443394,4.777609948613952,-0.7904692561288318,1.0139981783539076
44.0,212.0,143.72531127929688,-1.0316887833396953,2.682190262239051,-4.920570330411043,-4.976962437482329,-2.49768221112415,1.3407762052449348,-0.5388241722744844,4.777610462187138,-0.7904691347901887,1.0139986306248652
44.0,212.0,143.7252960205078,-1.0316886904267806,2.6821923625983546,-4.920570850946229,-4.976961390280648,-2.4976792113053747,1.3407764709787973,-0.5388253702197847,4.777609422009101,-0.7904688467057905,1.0139975438669389
44.0,212.0,143.72531127929688,-1.0316891785139988,2.6821911762865502,-4.920570995076327,-4.976962889315352,-2.497681330919359,1.3407761864498955,-0.538824837175329,4.777610474846901,-0.7904692201360355,1.013998430068737
44.0,213.0,143.72531127929688,-1.031691393505294,2.682191517139053,-4.92057131830564,-4.976961773730214,-2.497682694142147,1.3407759326673263,-0.5388229940882763,4.777610205534215,-0.7904694133680126,1.0139996393499304
44.0,213.0,143.7252960205078,-1.031689898740349,2.6821912839988595,-4.920570295624585,-4.976962917164284,-2.4976827441426512,1.3407757815211907,-0.5388237479450897,4.7776107903547445,-0.7904691866293971,1.0139995697386448
44.0,213.0,143.7252960205078,-1.031690520535494,2.682191962019421,-4.920571172640761,-4.976961752120509,-2.4976803331982325,1.3407758106161871,-0.5388237259886841,4.777609205375143,-0.7904689163712932,1.013998810759384
44.0,213.0,143.7252960205078,-1.031690574577622,2.6821910314913486,-4.920570829684611,-4.976963045997871,-2.4976833621797594,1.3407755890303523,-0.5388232044760946,4.777610985756436,-0.7904693541521226,1.0140000105851597
44.0,213.0,143.7252960205078,-1.031689254264843,2.68219111529835,-4.920570044879997,-4.976962467189285,-2.4976818900433617,1.340775732007511,-0.538824164309549,4.777610704412664,-0.7904690247306423,1.0139992534264817
44.0,213.0,143.72531127929688,-1.0316893623532168,2.6821919486402823,-4.920570673037336,-4.976961490929856,-2.497680391621182,1.3407763154136108,-0.5388246143557698,4.77760952669661,-0.7904691012381928,1.0139982625055763
44.0,213.0,143.72531127929688,-1.0316897288526263,2.6821925522273773,-4.920570349202947,-4.976960480601808,-2.4976803145780946,1.3407763033262512,-0.5388250789784408,4.777609448793696,-0.7904691192048361,1.0139979456154622
44.0,213.0,143.72531127929688,-1.0316909895203308,2.682190345161464,-4.920570083079853,-4.976963538138323,-2.4976836584246165,1.3407751861504078,-0.5388231994079726,4.777611508993896,-0.790469296577494,1.0140000019536943
44.0,213.0,143.7252960205078,-1.031690658685533,2.6821928732467173,-4.920570859619963,-4.976960677577138,-2.497681487310799,1.3407763676628388,-0.5388239474226166,4.777609627665093,-0.7904692258646522,1.0139988496686616
44.0,213.0,143.72531127929688,-1.0316905629750428,2.682190963945235,-4.920570697336577,-4.976962719795383,-2.497682195857531,1.3407754558142413,-0.5388234016602134,4.777610476739829,-0.7904690978082236,1.0139996117296306
44.0,213.0,143.72531127929688,-1.031691303959812,2.6821900745606424,-4.920570143652624,-4.976964727268597,-2.4976843082215803,1.3407748262681969,-0.538821941419199,4.77761190279595,-0.7904691613874428,1.014001386830592
44.0,213.0,143.7252960205078,-1.0316908981723163,2.682191303226997,-4.920571318428261,-4.976962181421338,-2.497682910453134,1.340775736092939,-0.5388234424396785,4.7776103739208935,-0.790469562371432,1.013999740937674
44.0,213.0,143.7252960205078,-1.031690950852405,2.682191286531652,-4.92057062575161,-4.976962549820435,-2.4976826598478343,1.3407753502883155,-0.5388229073293189,4.777610596779008,-0.7904692895906891,1.0139999811070233
44.0,213.0,143.7252960205078,-1.0316898053515584,2.682192413198316,-4.9205705164233375,-4.976961221430974,-2.497681780411667,1.340776283274847,-0.5388243116773666,4.777609337034772,-0.7904689496498758,1.013998768925518
44.0,213.0,143.72531127929688,-1.0316894955547005,2.682191434568651,-4.920570242137595,-4.976963245432344,-2.497681025554847,1.340775106390418,-0.5388241570542647,4.777610079995618,-0.790468788650565,1.0139992237824125
44.0,213.0,143.7252960205078,-1.031689839779891,2.68219099783188,-4.920571520478419,-4.976962155231983,-2.4976822466878383,1.340776303519191,-0.5388235829635191,4.777609823797151,-0.7904693517408496,1.013998975212309
44.0,213.0,143.72531127929688,-1.0316895860469053,2.682191334328391,-4.920570319748613,-4.9769616262282135,-2.497681063032284,1.3407757522142658,-0.5388239955923071,4.777609831921897,-0.790469180123317,1.0139987687455134
44.0,213.0,143.72531127929688,-1.031689839404439,2.682191347838753,-4.920570792092356,-4.976962259299008,-2.497681033820008,1.3407754440430857,-0.5388241929554907,4.777609908664823,-0.7904689658237469,1.013998795894557
44.0,213.0,143.7252960205078,-1.0316907166575602,2.682191376921113,-4.9205706228808825,-4.976961904467198,-2.4976825029782828,1.340776000897879,-0.5388235163699395,4.777610406208517,-0.7904692169992957,1.013999307003651
44.0,213.0,143.72531127929688,-1.0316920143255222,2.682191529689626,-4.920569972171423,-4.976963344635432,-2.497683997660511,1.3407752383386278,-0.5388220638419883,4.777611505213251,-0.7904691963773791,1.0140012735020631
44.0,213.0,143.72531127929688,-1.0316895839962892,2.6821921033481653,-4.920570417983473,-4.976961699421505,-2.4976815254058247,1.3407764180557074,-0.5388240633720374,4.777609782550142,-0.790469406690689,1.013998977661804
44.0,213.0,143.7252960205078,-1.0316898596440245,2.6821918767507054,-4.92057031206244,-4.97696276285869,-2.497681347339364,1.3407757222344818,-0.5388239052817951,4.777609845930195,-0.7904688663820663,1.0139993667667726
44.0,213.0,143.72531127929688,-1.0316895156120025,2.682191089159881,-4.920570667183936,-4.976962961278663,-2.4976808764640324,1.3407753657533164,-0.5388240054070632,4.77761026054514,-0.7904690202342923,1.0139987210012356
44.0,213.0,143.7252960205078,-1.0316911629752736,2.6821924721277144,-4.920569567914509,-4.976961534651347,-2.497681790628944,1.3407751726235526,-0.5388234705467889,4.777610137767388,-0.7904689310420379,1.0139996459972274
44.0,213.0,143.7252960205078,-1.0316902153476888,2.6821910530604764,-4.920570348112571,-4.976962981367361,-2.497682707194798,1.3407756067917411,-0.5388234567866901,4.77761109372104,-0.7904693643106517,1.013999978751742
44.0,213.0,143.7252960205078,-1.031690398072333,2.6821917938391184,-4.92056978526317,-4.976961527921519,-2.497682604991476,1.340776276284689,-0.5388232364692405,4.77761055448344,-0.7904690688361073,1.0139998686578755
44.0,213.0,143.72531127929688,-1.031690172426778,2.6821911989213163,-4.920570409980821,-4.976962699794686,-2.497681389088096,1.3407749863153633,-0.5388237049554601,4.777610224779371,-0.7904689290763676,1.0139993528114557
44.0,213.0,143.7252960205078,-1.0316913818981526,2.6821914873455093,-4.9205713931168,-4.976962416707426,-2.4976832578478074,1.3407753527349344,-0.5388232164537543,4.777610929703835,-0.790469663266439,1.0140001432728631
44.0,213.0,143.7252960205078,-1.0316900128555258,2.682191962285162,-4.920569825220961,-4.976961811130747,-2.497681860718424,1.3407759470010427,-0.5388240024165629,4.777610363096649,-0.7904691406153805,1.013999442936008
44.0,213.0,143.72531127929688,-1.0316916657422226,2.682192330738056,-4.92057107800084,-4.976961454253956,-2.497682523134612,1.3407755647236996,-0.5388232358406997,4.777609859916922,-0.7904693157309781,1.013999864383404
44.0,213.0,143.72531127929688,-1.031689306845533,2.682192547802301,-4.920571058588641,-4.976960776999247,-2.497680439073053,1.340776830393203,-0.5388248019480084,4.777609240595135,-0.7904691307127392,1.013997830547659
44.0,213.0,143.72531127929688,-1.0316886836733512,2.6821918137225564,-4.9205707742340845,-4.976961270881561,-2.4976797776487087,1.340776655110095,-0.5388251898755723,4.777609607747626,-0.7904691349672142,1.0139977306643413
44.0,213.0,143.72531127929688,-1.0316911417438468,2.682192103887308,-4.920570955879913,-4.976962252556578,-2.4976830523910305,1.3407759601978606,-0.5388230763385629,4.777610330178534,-0.7904692317188484,1.0139999409926368
44.0,213.0,143.72531127929688,-1.0316900867347245,2.6821917266915083,-4.92056981888247,-4.976962906191938,-2.4976825557870432,1.340775913156608,-0.5388233526624688,4.777610447639463,-0.7904689372224647,1.0139999578581875
44.0,213.0,143.72531127929688,-1.031689906693678,2.682191435627324,-4.920569736732808,-4.97696255862169,-2.4976817223787258,1.3407756645801951,-0.5388236973427274,4.777610369828484,-0.7904689732301362,1.0139994937850585
44.0,213.0,143.7252960205078,-1.0316902180251208,2.68219160941232,-4.920569922643,-4.976963284681338,-2.497681793551628,1.340775334100489,-0.5388235297310908,4.777610653964537,-0.7904689200388217,1.0139998495405251
44.0,213.0,143.7252960205078,-1.0316914590201334,2.682190981421273,-4.920570590575297,-4.976963509977919,-2.4976831023967283,1.3407746396402151,-0.5388228323644721,4.77761100014544,-0.790469227305973,1.0140003435869902
44.0,213.0,143.7252960205078,-1.0316899664641,2.682191215751719,-4.920569322671973,-4.976963154475849,-2.4976825853070537,1.3407756774486763,-0.538823313031517,4.777610675197938,-0.7904690444137126,1.0139999017413368
44.0,213.0,143.7252960205078,-1.0316884419526202,2.6821934882258702,-4.920571213735798,-4.976959692826494,-2.497678646460141,1.3407770163943988,-0.53882616398944,4.777608087602312,-0.7904691365241492,1.0139965284208738
44.0,213.0,143.72531127929688,-1.0316911011168814,2.682192455865483,-4.920570068648312,-4.976962033269545,-2.4976827047705514,1.3407755419028682,-0.5388233431049887,4.777610299888993,-0.7904691642009753,1.0139999511947444
44.0,213.0,143.7252960205078,-1.0316898625973274,2.6821925473430097,-4.920570946510489,-4.976960012864501,-2.497681553753137,1.3407765771497262,-0.5388250250248694,4.777609306323619,-0.7904695696774118,1.0139980178057968
44.0,213.0,143.72531127929688,-1.0316889472868778,2.6821920582011973,-4.920570835665701,-4.976961636458762,-2.4976808121590635,1.3407762100017724,-0.5388248053360307,4.7776097450920645,-0.7904692591442268,1.0139982394765878
44.0,213.0,143.72531127929688,-1.0316916280062278,2.682192962640713,-4.920570977177272,-4.976962272967597,-2.4976831436948634,1.3407760637138368,-0.5388227984270655,4.77760976131982,-0.7904693294805547,1.014000293078804
44.0,213.0,143.72531127929688,-1.0316909506844176,2.682192375865567,-4.920570632742928,-4.976962062758636,-2.4976824522198022,1.34077605747554,-0.538822907247198,4.77761026726432,-0.7904692648485838,1.0140000120589343
44.0,213.0,143.72531127929688,-1.0316906784586457,2.6821914327989527,-4.920570947513507,-4.976962911755916,-2.497682100979533,1.3407757800934252,-0.538823351539973,4.777610090043298,-0.7904691429812836,1.013999552277726
44.0,213.0,143.7252960205078,-1.0316910825632086,2.682190747209078,-4.920570081494457,-4.976962396291291,-2.497683454166562,1.340775441295099,-0.5388231208565415,4.77761108650898,-0.7904694517787023,1.0140000213212286
44.0,213.0,143.7252960205078,-1.031688208766448,2.682191190767541,-4.920570065754433,-4.97696250061251,-2.4976800080491923,1.3407756778455004,-0.5388249917642494,4.777609489619303,-0.7904687241922037,1.0139978935701333
44.0,213.0,143.72531127929688,-1.031690279679049,2.682192446431654,-4.920570976496745,-4.976960817147463,-2.4976815907784995,1.3407761455095182,-0.5388238576823223,4.777609729796144,-0.7904694101745999,1.013998918439607
44.0,213.0,143.72531127929688,-1.0316920952781057,2.6821922569308887,-4.920570810477588,-4.976962830705413,-2.4976829170184125,1.3407752356394838,-0.5388223856184737,4.7776101241852285,-0.790469199911418,1.0140007295455176
44.0,213.0,143.72531127929688,-1.031689642586597,2.6821912842649587,-4.920570948076644,-4.976962059649732,-2.497681232048077,1.3407755083569306,-0.5388242310913078,4.777609641096968,-0.790468987326582,1.0139985775238571
44.0,214.0,143.72531127929688,-1.0316897769713609,2.6821922764567505,-4.920569819229153,-4.976962124450172,-2.497681264868403,1.3407763598595317,-0.538824166952975,4.777609958632954,-0.7904689486745404,1.0139990641664811
44.0,214.0,143.72531127929688,-1.0316905205325129,2.682191331505722,-4.920570818182754,-4.976961415438561,-2.4976821933995383,1.3407756647741298,-0.5388234741337072,4.777609845485943,-0.7904692662980084,1.0139991500334702
44.0,214.0,143.72531127929688,-1.0316924844245383,2.682190631892979,-4.920569779897271,-4.976963938833749,-2.497686044858029,1.3407746666291214,-0.5388214955405166,4.777612385533589,-0.7904695743455736,1.0140023408050087
44.0,214.0,143.7252960205078,-1.0316900280166013,2.6821918026308538,-4.920570748650499,-4.976962019302765,-2.4976823761654448,1.3407759411146971,-0.5388238613753558,4.777610216698967,-0.7904693552028634,1.0139993837634966
44.0,214.0,143.7252960205078,-1.0316907271770104,2.682191938618409,-4.920570126587608,-4.976961762079181,-2.4976819643794164,1.3407753641879152,-0.5388240338455201,4.777609958935042,-0.7904692453609607,1.0139994904178646
44.0,214.0,143.72531127929688,-1.031689407572252,2.68219121384222,-4.920569962585796,-4.976961922494649,-2.49768157931542,1.3407761224749564,-0.5388239393049945,4.7776095530493485,-0.790469111273671,1.0139991207169867
44.0,214.0,143.7252960205078,-1.0316906247394542,2.682191569679741,-4.920571610097042,-4.9769614750367,-2.497681526030938,1.3407759335151868,-0.5388239381497106,4.777609487140971,-0.7904694034284185,1.0139986316326055
44.0,214.0,143.72531127929688,-1.0316893283507094,2.6821923587714105,-4.920571390295683,-4.976960601160703,-2.4976807276698203,1.3407766286579117,-0.5388249415887252,4.77760962406504,-0.7904696068214285,1.0139981700892005
44.0,214.0,143.72531127929688,-1.0316919517115588,2.6821906881472284,-4.9205693197246685,-4.976963591731251,-2.4976848284612925,1.3407744902824934,-0.5388218774859688,4.77761193790549,-0.7904692488028218,1.0140016134717484
44.0,214.0,143.7252960205078,-1.0316914730167983,2.682190677676436,-4.920571012321464,-4.976961846269176,-2.4976830833536106,1.340775633994551,-0.5388229028060509,4.777610872816146,-0.790469608115485,1.014000010800463
44.0,214.0,143.7252960205078,-1.031691521199107,2.6821909587426687,-4.920569922086321,-4.976963680021039,-2.497683752721871,1.340774921924579,-0.5388221309587333,4.777610797917076,-0.7904689133595975,1.0140011913014408
44.0,214.0,143.72531127929688,-1.0316898903578675,2.682191030324148,-4.920569519243921,-4.976962499583896,-2.4976822721200795,1.340775822194483,-0.5388235978810094,4.777610140568607,-0.7904689956035629,1.0139993065778974
44.0,214.0,143.72531127929688,-1.031691050978038,2.6821901113908453,-4.920569739134576,-4.976963841007737,-2.4976836954991697,1.340774450897638,-0.538822857998511,4.777611534508729,-0.7904692771807982,1.0140006320197124
44.0,214.0,143.72531127929688,-1.031690507455037,2.6821920889671365,-4.920569925899701,-4.976961360300704,-2.49768168886805,1.340775410167744,-0.5388236644239388,4.777609880711966,-0.7904688174264409,1.013999335792933
44.0,214.0,143.7252960205078,-1.0316905611924665,2.682191258581925,-4.920570127971361,-4.976962482399095,-2.4976827467562366,1.340775825380062,-0.5388233346230464,4.777611038273886,-0.7904694112126887,1.0140001094015352
44.0,214.0,143.72531127929688,-1.031690964903416,2.682191236033309,-4.920569991519855,-4.976962118362945,-2.497683314336543,1.340775784722723,-0.5388230928520503,4.777610079088055,-0.7904695114201763,1.0140001192614347
44.0,214.0,143.72531127929688,-1.0316922262569266,2.6821906443425103,-4.920570084499692,-4.976962635818823,-2.49768534773102,1.3407749354333376,-0.5388221808713975,4.7776120408296645,-0.7904698873407705,1.014001253508935
44.0,214.0,143.72531127929688,-1.0316899527861114,2.68219132705579,-4.92057045601209,-4.976962398806134,-2.4976817377945686,1.3407753859334175,-0.5388240030683615,4.777610093165649,-0.7904691459730451,1.0139993238459946
44.0,214.0,143.72531127929688,-1.0316907639878208,2.682191517035281,-4.920569576851909,-4.976962163323104,-2.4976829120397683,1.340775720203751,-0.5388231314848921,4.777611325509509,-0.790469242006627,1.0140004392518032
44.0,214.0,143.7252960205078,-1.0316908231796922,2.6821920814226647,-4.920571121502416,-4.976960898370477,-2.497683042807923,1.3407759121101297,-0.5388238136577739,4.777609961166169,-0.7904696956832398,1.0139993422197249
44.0,214.0,143.72531127929688,-1.0316893633344808,2.6821917282194008,-4.92057085881956,-4.976961403480705,-2.497680453246352,1.340776149143572,-0.5388246319699386,4.777609825034544,-0.7904691597011633,1.0139983496813043
44.0,214.0,143.7252960205078,-1.0316910003948685,2.6821906332589656,-4.920569502155444,-4.976963562240918,-2.4976836786024226,1.340775347954743,-0.5388227350885728,4.777611440836287,-0.7904691586272437,1.0140007340664114
44.0,214.0,143.7252960205078,-1.0316918023156068,2.6821911884302523,-4.920569841196851,-4.976963145919097,-2.49768447553985,1.340775093950846,-0.53882239539913,4.777611403656506,-0.7904693645256984,1.014001205321348
44.0,214.0,143.72531127929688,-1.0316908639377012,2.6821919622157537,-4.92057009404318,-4.9769628384420574,-2.4976829582946287,1.3407754211765202,-0.5388229865216507,4.777610657980368,-0.7904690459485417,1.0140004059987984
44.0,214.0,143.7252960205078,-1.031690651212596,2.682191942902021,-4.920570808793042,-4.9769620312181,-2.497682879225501,1.3407759180438816,-0.5388235492518572,4.777611008416635,-0.7904695239999704,1.0139997769960143
44.0,214.0,143.7252960205078,-1.0316899168380926,2.68219162899146,-4.920570564910328,-4.976961927762383,-2.497681683928022,1.3407758705101225,-0.5388244295403641,4.777610404872252,-0.7904691698126154,1.01399875940123
44.0,214.0,143.7252960205078,-1.0316901918262729,2.682190856746889,-4.920569897590895,-4.976964358854249,-2.4976830731113946,1.3407754281326696,-0.5388229260620081,4.7776112969657785,-0.7904691740336593,1.014000763277762
44.0,214.0,143.7252960205078,-1.0316919113610052,2.682191822279547,-4.92057013551764,-4.976962085099673,-2.497683510152516,1.3407752051860458,-0.5388225715253281,4.777610976507404,-0.7904691517888409,1.0140006411545492
44.0,214.0,143.72531127929688,-1.031690500957347,2.6821913347157604,-4.920570137041295,-4.976962775952072,-2.497681848968837,1.3407753101530364,-0.5388236321742577,4.777610530326871,-0.7904689910551603,1.0139997707740358
44.0,214.0,143.7252960205078,-1.0316911406997131,2.6821916058815765,-4.920570546904103,-4.976962390717214,-2.497683319220108,1.3407757385011347,-0.5388229967097686,4.777610785343722,-0.7904694129448604,1.014000230989538
44.0,214.0,143.72531127929688,-1.0316919497659924,2.6821914868049035,-4.920569167225956,-4.97696393621852,-2.497683639526663,1.3407748060181517,-0.5388223073911345,4.777611546126778,-0.7904690148935813,1.0140013398312018
44.0,214.0,143.72531127929688,-1.0316889376969884,2.6821917664089243,-4.92057079666094,-4.97696149562279,-2.4976813807823484,1.340776300125909,-0.5388250877413459,4.777609995435716,-0.7904692043813109,1.0139982945215733
44.0,214.0,143.7252960205078,-1.0316894270036585,2.682192905565083,-4.920570531661364,-4.976960135307409,-2.4976807734778244,1.3407763963643389,-0.5388249924220503,4.777609029303221,-0.790469298244151,1.0139980546575256
44.0,214.0,143.7252960205078,-1.0316903235202275,2.682190886304934,-4.92057048932911,-4.9769633265391455,-2.4976824278251235,1.3407758810336643,-0.538823159498337,4.777610642452103,-0.7904692125256902,1.013999882542028
44.0,214.0,143.7252960205078,-1.0316902143778686,2.682191879801837,-4.920570108443223,-4.976961842748232,-2.49768196854275,1.3407757574652877,-0.5388240839198213,4.777610582392079,-0.7904692214590412,1.0139991644238773
44.0,214.0,143.72531127929688,-1.031691929061202,2.682190670087934,-4.920570544114838,-4.976963550744497,-2.4976846862165902,1.3407748457160782,-0.5388223587935679,4.77761142894008,-0.7904695795978149,1.0140011712756625
44.0,214.0,143.7252960205078,-1.0316909600236817,2.682191637044995,-4.920570355666379,-4.976962287153257,-2.497683677459717,1.3407755668906507,-0.5388232319207029,4.777610621758688,-0.7904694500751841,1.0140002054835229
44.0,214.0,143.72531127929688,-1.0316895823409395,2.682192802270997,-4.9205710367005215,-4.976960513374705,-2.497681297188692,1.3407768355342888,-0.5388243891393714,4.777609774325528,-0.790469515641151,1.0139986822896976
44.0,214.0,143.7252960205078,-1.031689564994816,2.682192752610634,-4.920570061000863,-4.976960909834925,-2.497680231888362,1.3407759394214729,-0.5388245507908263,4.777608795475727,-0.7904686906976863,1.0139982938471253
44.0,214.0,143.72531127929688,-1.031690152776858,2.6821918559130165,-4.920570217799728,-4.976961710979994,-2.4976818683395625,1.3407759572842783,-0.538824103412681,4.777609939763106,-0.7904692659421535,1.0139990947398498
44.0,214.0,143.72531127929688,-1.0316903939813082,2.68219014138758,-4.920570284887567,-4.976963419372107,-2.49768324954001,1.340775570597021,-0.5388228467219944,4.777611410323425,-0.7904692818741417,1.0140002182930177
44.0,214.0,143.7252960205078,-1.0316918488415916,2.68219253584601,-4.9205705362832735,-4.976962553895554,-2.497682956527205,1.3407758050109957,-0.5388223925379343,4.777610722993419,-0.7904690706956679,1.0140008965144007
44.0,214.0,143.72531127929688,-1.031690374703632,2.6821922529047013,-4.920571553748993,-4.976961323996932,-2.497681296326268,1.3407764409934666,-0.5388240394739983,4.777609379792043,-0.7904693601637245,1.0139986118708535
44.0,214.0,143.72531127929688,-1.0316906121262504,2.682191085486906,-4.92056932483506,-4.976963167521282,-2.4976828567478515,1.340775620295631,-0.5388228884927235,4.777611058428613,-0.7904688079782529,1.0140002493270304
44.0,214.0,143.7252960205078,-1.0316906966923844,2.682191941057008,-4.920569817075646,-4.976961710366688,-2.497681796018816,1.340775447258519,-0.5388234722768797,4.777610675091262,-0.7904691307256657,1.013999879867371
44.0,214.0,143.7252960205078,-1.0316913633188602,2.6821917928171857,-4.920569752536964,-4.97696312273246,-2.49768278126364,1.3407754264449316,-0.5388226342803488,4.777610823512127,-0.7904690499094666,1.0140005324218446
44.0,214.0,143.7252960205078,-1.0316915881236066,2.682190052988603,-4.920570831206512,-4.976963263823204,-2.497684140895375,1.340775006269192,-0.5388224629549399,4.777611230782723,-0.790469555462276,1.014000670125073
44.0,214.0,143.7252960205078,-1.0316916224511696,2.682191955541783,-4.92056989217966,-4.976962749799841,-2.497683292628099,1.340775560822185,-0.5388224909816177,4.777610265571305,-0.7904691091694449,1.01400072853499
44.0,214.0,143.72531127929688,-1.031689871787577,2.6821924568743736,-4.92056931954631,-4.976962431087146,-2.497681951652416,1.3407758670141057,-0.5388238416421043,4.777610386959378,-0.79046878124299,1.013999707404376
44.0,214.0,143.7252960205078,-1.0316916292312683,2.6821910629145496,-4.920569886315774,-4.976963034259528,-2.497683556919389,1.3407747840361663,-0.5388226151888267,4.7776110141528,-0.7904693136328982,1.0140006437295117
44.0,215.0,143.72531127929688,-1.0316920052598149,2.68219115991902,-4.920569795556477,-4.976963072669144,-2.4976842989933927,1.340775490938232,-0.5388221764628405,4.777611334298831,-0.7904693670590133,1.0140011555263015
44.0,215.0,143.7252960205078,-1.031690622197023,2.682191395748176,-4.920570022979979,-4.976962739585464,-2.4976832583651976,1.3407757700316305,-0.5388232314433843,4.777611328808026,-0.790469153792742,1.0139999457159892
44.0,215.0,143.7252960205078,-1.0316908457958158,2.682191529681143,-4.920569703351211,-4.976962818271185,-2.497683737826326,1.3407752549835896,-0.5388229485563345,4.777611424531372,-0.7904692829412436,1.0140006725122497
44.0,215.0,143.72531127929688,-1.0316919189364508,2.682190826061888,-4.920569723415664,-4.976963528417734,-2.4976846260359293,1.3407752569977918,-0.5388218169022796,4.777611995908217,-0.7904692632759467,1.014001722947258
44.0,215.0,143.7252960205078,-1.0316906665365335,2.682191558925479,-4.920570525866248,-4.976962943743797,-2.4976830210371377,1.3407757857966534,-0.5388232887227176,4.777610574911815,-0.7904693013224886,1.0140001043460618
44.0,215.0,143.7252960205078,-1.0316905438338395,2.682191365490917,-4.920569978226524,-4.976962960809479,-2.497683264634942,1.3407753545253822,-0.538823515496734,4.777611236255016,-0.7904690887282193,1.0140001879606508
44.0,215.0,143.7252960205078,-1.0316895337163683,2.682191348932008,-4.920570564655393,-4.976962285010754,-2.497681613571072,1.3407753699395863,-0.5388245163817462,4.777610113565316,-0.7904690981367004,1.0139986410081248
44.0,215.0,143.72531127929688,-1.031691321506858,2.682192383979088,-4.920570489104411,-4.976961386675431,-2.4976831385580835,1.340775671532569,-0.5388231526993383,4.777610435973175,-0.7904694335269493,1.014000013784334
44.0,215.0,143.72531127929688,-1.0316893928457285,2.6821921391041634,-4.920570665878898,-4.976961642552458,-2.4976807017779863,1.3407761120624349,-0.5388245362041992,4.777609687846299,-0.7904689965987659,1.013998523890324
44.0,215.0,143.7252960205078,-1.0316889456417928,2.6821919627329827,-4.920570142043069,-4.976962266973057,-2.497680721545735,1.3407760840346905,-0.5388246005884003,4.77760986432062,-0.7904687933126819,1.0139986965034309
44.0,215.0,143.72531127929688,-1.031689835314764,2.682191534834981,-4.920570239913425,-4.976962228780765,-2.497682079596401,1.3407755746301415,-0.5388243043062992,4.777610714578378,-0.7904692159731761,1.0139990873477045
44.0,215.0,143.7252960205078,-1.031690926071498,2.6821912082201207,-4.920570104364307,-4.976962872399145,-2.4976832083927314,1.340775721558006,-0.53882291549494,4.777611105890394,-0.7904693238461515,1.0140002625968814
44.0,215.0,143.72531127929688,-1.0316909099937934,2.6821909147711214,-4.920570167113879,-4.976963572372496,-2.497683777903721,1.340775501438661,-0.5388227863854675,4.777611313976975,-0.7904692973248109,1.0140003700738769
44.0,215.0,143.72531127929688,-1.0316909700602004,2.6821922578001933,-4.920570220457532,-4.97696092911844,-2.4976830660653104,1.3407766272630308,-0.538823083842928,4.777610153531418,-0.7904691924146441,1.013999829441489
44.0,215.0,143.72531127929688,-1.0316902348525794,2.6821921718994988,-4.920570999629249,-4.976961083967919,-2.497681317766193,1.3407766350275905,-0.5388240477753694,4.777609621896714,-0.7904693208800104,1.0139985334553554
44.0,215.0,143.72531127929688,-1.0316918375708766,2.6821897849042635,-4.920569380457044,-4.976964900482568,-2.497684093608641,1.3407744853363734,-0.5388219578299047,4.777611817672598,-0.7904690165181254,1.01400136484534
44.0,215.0,143.72531127929688,-1.031691366830345,2.68219035161898,-4.920570415409881,-4.976963287745014,-2.497684828164761,1.340775826910507,-0.5388223164322623,4.777612059673482,-0.7904698798797751,1.0140010193330529
44.0,215.0,143.72531127929688,-1.0316919562434612,2.682191771138678,-4.920570795097452,-4.976962754112939,-2.497682995539161,1.3407757200188009,-0.5388225197564624,4.777610430016084,-0.7904690764730624,1.0140003249342475
44.0,215.0,143.72531127929688,-1.0316906981611385,2.6821924164995616,-4.9205707849668165,-4.976961550605824,-2.4976819055435326,1.3407756964609965,-0.5388237113949135,4.7776099104990095,-0.7904692154588338,1.0139992504536046
44.0,215.0,143.7252960205078,-1.0316903979368206,2.6821921310629504,-4.920571302667548,-4.976960946667156,-2.497682459359263,1.3407759709505118,-0.5388243743972607,4.777610619898299,-0.7904695013009198,1.0139989024780824
44.0,215.0,143.72531127929688,-1.0316886812503494,2.68219245124369,-4.920569829375499,-4.976960862072427,-2.497680242035748,1.3407763227652758,-0.5388253213156444,4.777610135970422,-0.7904690888368098,1.0139981226357575
44.0,215.0,143.7252960205078,-1.031690655022464,2.682191568853977,-4.920569998107651,-4.976961912631473,-2.4976828351341034,1.34077590068207,-0.5388234593620798,4.777611027894743,-0.7904693897624862,1.013999886196637
44.0,215.0,143.72531127929688,-1.031689485956635,2.682192113805729,-4.92057100907378,-4.976961324687728,-2.497681326282886,1.340776492918593,-0.5388242593749046,4.777609918561662,-0.7904692992418072,1.01399863321417
44.0,215.0,143.7252960205078,-1.0316912756778205,2.6821913920063745,-4.920570235011031,-4.976962352683129,-2.4976838769711267,1.340775399500278,-0.5388230719295164,4.777611341850351,-0.7904693118278656,1.0140002124015286
44.0,215.0,143.7252960205078,-1.0316903677482614,2.682191895919685,-4.920569578275988,-4.9769628788890286,-2.497682569938669,1.3407757976860868,-0.538823249617602,4.777610563455886,-0.7904689926235084,1.01400020277711
44.0,215.0,143.72531127929688,-1.0316911855529305,2.6821916387092646,-4.920570940211166,-4.976962590490331,-2.4976824738880063,1.3407759327449051,-0.53882318784418,4.777610357429907,-0.7904692375336602,1.0139997406972467
44.0,215.0,143.72531127929688,-1.0316900980910693,2.6821918549479165,-4.920570273253123,-4.976961737820828,-2.4976815056937256,1.3407756855780375,-0.5388242075048968,4.77761024321188,-0.7904691397456194,1.013998950256059
44.0,215.0,143.72531127929688,-1.0316904718731932,2.682190829255421,-4.920570602165754,-4.976963430340232,-2.4976828765987964,1.3407756001842337,-0.5388233147156827,4.777611070735556,-0.7904695232214198,1.0140002421426448
44.0,215.0,143.7252960205078,-1.0316909107173688,2.682191869941392,-4.920570933685137,-4.976962184503503,-2.4976821393026736,1.3407755136893176,-0.5388235140949407,4.777610154819032,-0.7904693187631979,1.013999521851746
44.0,215.0,143.7252960205078,-1.0316901886731458,2.682191225301872,-4.920570158995604,-4.976962339036511,-2.4976833402679293,1.3407756270706663,-0.5388234409639878,4.777611117887192,-0.7904693225676933,1.0139999722868716
44.0,215.0,143.7252960205078,-1.0316883490534714,2.682192142729905,-4.920570050218218,-4.976961152372569,-2.497679328670723,1.3407760941181666,-0.5388254560986976,4.777609115130165,-0.7904688105975879,1.0139975810489528
44.0,215.0,143.72531127929688,-1.0316908513680838,2.6821919098938167,-4.920570603606004,-4.976960785830628,-2.497682310512497,1.340776271158747,-0.5388235809136237,4.777610527388204,-0.7904693774352118,1.0139993533604663
44.0,215.0,143.7252960205078,-1.0316921734810984,2.6821920039584874,-4.920569599028932,-4.9769625108286,-2.4976836210274462,1.3407750448407765,-0.538822468917938,4.777611030817887,-0.790469102124832,1.0140009362867015
44.0,215.0,143.7252960205078,-1.0316912610326483,2.6821911027089795,-4.920570592499795,-4.97696323331618,-2.497683197172282,1.3407750366466369,-0.5388230152955886,4.777611180140537,-0.7904692906821156,1.014000308271279
44.0,215.0,143.72531127929688,-1.0316901990998677,2.682191423151803,-4.920569300989043,-4.976962565113384,-2.497682667339931,1.3407760750773263,-0.5388231824652303,4.777611021850081,-0.7904691139008833,1.0140001068760789
44.0,215.0,143.72531127929688,-1.0316908643590077,2.6821912092904245,-4.920571026996252,-4.976963210064398,-2.4976830125946767,1.3407755700116637,-0.5388232031228508,4.777611058446077,-0.7904693022580149,1.0140001219464772
44.0,215.0,143.7252960205078,-1.0316917301972368,2.682191545877536,-4.920570665939237,-4.976961863791424,-2.497683581675847,1.3407755190372086,-0.5388228698846387,4.777610819752997,-0.7904693790006281,1.0140002123989786
44.0,215.0,143.72531127929688,-1.031691142570334,2.682192346655105,-4.920570920376025,-4.976962807335294,-2.4976819008616085,1.3407754825203675,-0.5388232477575166,4.777609983471152,-0.7904689477780416,1.013999735663896
44.0,215.0,143.7252960205078,-1.0316910431144382,2.6821916126563528,-4.920570286779835,-4.976962760906231,-2.497684152929749,1.34077559488735,-0.5388228770535761,4.777611436725275,-0.790469418523486,1.014000772369159
44.0,215.0,143.72531127929688,-1.0316913707344888,2.6821921588443933,-4.920570833423146,-4.976961987566395,-2.4976826835082826,1.340775974183459,-0.5388230313804652,4.777610205395014,-0.7904692530706594,1.0140001732829915
44.0,215.0,143.72531127929688,-1.031691652680486,2.6821905465366216,-4.920570660825975,-4.976963977869368,-2.497684724386632,1.340775103381228,-0.5388220386814799,4.777611480592569,-0.7904692796987369,1.0140013817925109
44.0,215.0,143.72531127929688,-1.03168892047968,2.6821912289359844,-4.920569822783544,-4.976962640894903,-2.497680920314096,1.3407760543297274,-0.538824392081457,4.777609847911137,-0.7904689008257533,1.0139985801370734
44.0,215.0,143.72531127929688,-1.031691029027395,2.682190766659051,-4.920569562752171,-4.97696361014216,-2.497683017187585,1.340775012920111,-0.5388226913132534,4.77761148595005,-0.7904689494276145,1.0140005294144323
44.0,215.0,143.7252960205078,-1.031690271438428,2.682191706687429,-4.920570616214504,-4.976962936936872,-2.497682463819848,1.3407758385216582,-0.5388233836256715,4.77761064316668,-0.79046911959363,1.0139999240651898
44.0,215.0,143.7252960205078,-1.031690654298894,2.6821909234780623,-4.920569696858646,-4.976963332315168,-2.497683425905893,1.3407754064253927,-0.5388227859997787,4.777611229873369,-0.7904692048945963,1.0140006191311413
44.0,215.0,143.72531127929688,-1.031690863680713,2.6821927462472885,-4.920571507806802,-4.976960969955188,-2.497681595359273,1.340775956163986,-0.5388241552297144,4.777609398816137,-0.7904693395002473,1.013998726178298
44.0,215.0,143.72531127929688,-1.031690638989646,2.6821915533788623,-4.920570064269943,-4.976961613096113,-2.497683182744632,1.340775663923286,-0.5388234608283504,4.7776101495765495,-0.7904694241002002,1.0139996119519037
44.0,215.0,143.7252960205078,-1.031690875694431,2.6821920963776567,-4.920570572131851,-4.97696292065986,-2.497683611956581,1.340775385539473,-0.5388230962465421,4.777610948888002,-0.7904692668359079,1.0140006657173375
44.0,215.0,143.7252960205078,-1.0316900302947212,2.682190962344821,-4.920569376964072,-4.976962922578828,-2.497682630137751,1.3407751851665497,-0.5388235259980023,4.777610975146825,-0.7904691395873185,1.0139999120557075
44.0,215.0,143.72531127929688,-1.0316922765056118,2.682191267038617,-4.920570292495386,-4.97696325098211,-2.4976840039100305,1.34077520906769,-0.5388221083346467,4.77761136482872,-0.7904694855396173,1.0140012576772968
44.0,216.0,143.7252960205078,-1.0316904511479112,2.6821916898519,-4.920569436588826,-4.976963071614724,-2.497681946989647,1.3407748292654684,-0.5388234245699213,4.77761019914491,-0.7904686737410342,1.0139998582891572
44.0,216.0,143.7252960205078,-1.031691495138085,2.682191434344156,-4.920569591873305,-4.976962921375855,-2.497684221818376,1.3407751859897488,-0.5388225677046146,4.777611632348043,-0.7904693568114656,1.0140011185128674
44.0,216.0,143.72531127929688,-1.031690456348799,2.68219150018881,-4.920570356600335,-4.976962287102847,-2.497682504750035,1.3407760152548054,-0.5388235802430721,4.777610380859009,-0.7904691806446342,1.0139994388711493
44.0,216.0,143.72531127929688,-1.031691155005146,2.682191249921364,-4.920569507262247,-4.976962665976406,-2.4976830098123064,1.3407751582842875,-0.5388230625374879,4.77761086929223,-0.7904689458177794,1.0140001340231937
44.0,216.0,143.7252960205078,-1.0316917093008775,2.682191367242224,-4.920569840547612,-4.976962488699717,-2.497684519947188,1.3407753721154163,-0.5388226981273503,4.777611389587699,-0.790469546615137,1.0140008086337495
44.0,216.0,143.7252960205078,-1.0316900767801984,2.6821920862143376,-4.920569796319931,-4.976962047853142,-2.497681798213629,1.3407757793918753,-0.5388235675315514,4.7776101642942645,-0.7904688133512732,1.013999641084534
44.0,216.0,143.7252960205078,-1.031690910846513,2.6821913289153905,-4.920569399541451,-4.976963040759875,-2.4976835242854816,1.3407748745281527,-0.5388229972919003,4.777611490385167,-0.7904692449595343,1.0140007759493397
44.0,216.0,143.7252960205078,-1.0316914390471874,2.6821914893378143,-4.920570331267981,-4.9769636200511655,-2.4976836360753687,1.3407749977881034,-0.5388225056300691,4.777611060816863,-0.7904692068535448,1.0140009860910073
44.0,216.0,143.7252960205078,-1.031691201972631,2.6821909182605967,-4.920570560429221,-4.97696363874019,-2.4976833684341626,1.3407752193729738,-0.5388225673755551,4.777611316335626,-0.7904691196043547,1.0140006261425345
44.0,216.0,143.72531127929688,-1.0316912300202443,2.68219203987535,-4.920569789517218,-4.976962144033376,-2.497682854001525,1.3407753944045684,-0.538823124144252,4.77761030916264,-0.7904690567446533,1.014000238038277
44.0,216.0,143.7252960205078,-1.0316902937973689,2.682192421235597,-4.9205703719261535,-4.976961349793836,-2.4976827491111693,1.3407760375565614,-0.5388240901974051,4.777611193664972,-0.7904692896912389,1.013999472428547
44.0,216.0,143.72531127929688,-1.0316911964521007,2.682192147231932,-4.92057080649124,-4.976961728282818,-2.4976825153835818,1.3407759645851345,-0.5388234431533965,4.777609982922472,-0.7904692100843391,1.013999659681378
44.0,216.0,143.7252960205078,-1.03169115169207,2.682191739521488,-4.920569931529237,-4.976962354938313,-2.497683361264398,1.340775086185598,-0.5388232170918483,4.777610844797016,-0.7904691840801892,1.014000291724316
44.0,216.0,143.7252960205078,-1.0316902185661911,2.6821916459500272,-4.920569687319245,-4.976961938205276,-2.4976824280184777,1.340775829097386,-0.5388237546725385,4.777610889873067,-0.7904691801923605,1.0139995741295422
44.0,216.0,143.72531127929688,-1.0316908946555254,2.68219117013342,-4.920570646136928,-4.976962049825114,-2.497683839352817,1.3407753249261702,-0.538823296205301,4.777611071271892,-0.790469469774802,1.014000142218629
44.0,216.0,143.7252960205078,-1.0316906528247882,2.6821914814546783,-4.9205704569762325,-4.976962599639889,-2.4976827030091195,1.3407755567886444,-0.5388233393874176,4.777610806111188,-0.7904691949976277,1.0139998685354552
44.0,216.0,143.72531127929688,-1.0316907548350196,2.682191311106755,-4.920570281022731,-4.97696311829141,-2.4976834923616624,1.340775772285162,-0.5388228865719764,4.777611613109063,-0.790469378981129,1.0140004607203954
44.0,216.0,143.7252960205078,-1.0316912948720698,2.682191587372584,-4.920569184504834,-4.976962321983937,-2.4976838139564927,1.340775336489937,-0.5388227773229461,4.777611082182693,-0.7904690316172642,1.0140006199919809
44.0,216.0,143.7252960205078,-1.031689657017286,2.6821917358504503,-4.920570395336274,-4.976962123743052,-2.4976820003942555,1.3407758070163878,-0.538824258636529,4.777610723848873,-0.7904691162692368,1.0139990778639794
44.0,216.0,143.7252960205078,-1.0316897697592189,2.6821911268155763,-4.920569948890266,-4.976963549849717,-2.4976827815456017,1.3407759886189865,-0.5388233324458156,4.777610886692758,-0.7904689483665548,1.0140000349127298
44.0,216.0,143.72531127929688,-1.03169212443993,2.682191264891985,-4.920569682039299,-4.976963507239873,-2.4976849515134685,1.3407747356822428,-0.5388221824361583,4.777612023067174,-0.790469341939974,1.0140016603128643
44.0,216.0,143.72531127929688,-1.0316899361239673,2.6821920359470672,-4.920570524319842,-4.976961688575209,-2.49768106683476,1.3407759455960768,-0.5388242827492729,4.77760973753152,-0.7904690633659257,1.0139988923920882
44.0,216.0,143.7252960205078,-1.03169115401485,2.68219063958132,-4.920569889613567,-4.976962958417859,-2.4976841490211843,1.3407755992563288,-0.5388227364899052,4.777611456963214,-0.7904693890253256,1.0140005743066682
44.0,216.0,143.7252960205078,-1.031690071458376,2.682192172052159,-4.920570554781204,-4.976960731208069,-2.4976818459493684,1.3407762559198213,-0.5388243721140773,4.777609705715481,-0.7904692249461966,1.013998620117719
44.0,216.0,143.7252960205078,-1.0316915596745075,2.6821914612351714,-4.92057071785881,-4.976962300124335,-2.497683721992896,1.3407758922797637,-0.5388227735812574,4.777610673029532,-0.7904694449255949,1.0140003826148778
44.0,216.0,143.7252960205078,-1.0316922794699406,2.682191181585276,-4.920570305455829,-4.97696312897355,-2.497684892050861,1.3407751240214374,-0.5388219615064136,4.777611419728402,-0.7904693300521428,1.0140012922470056
44.0,216.0,143.7252960205078,-1.0316908459733902,2.682192213052751,-4.92057071697665,-4.976962643115912,-2.497682944056515,1.3407754328306387,-0.5388234229563746,4.77761074870606,-0.7904692952563668,1.014000217108162
44.0,216.0,143.72531127929688,-1.0316907058900775,2.682191206725728,-4.920570053440368,-4.976962812526104,-2.497682706377547,1.340775508167792,-0.5388229212219278,4.777610483923521,-0.7904688299235465,1.013999985695909
44.0,216.0,143.72531127929688,-1.0316907078169368,2.682192846412187,-4.920570571360719,-4.976961044786088,-2.497682193506096,1.3407762924977409,-0.538824024515721,4.777610330194571,-0.7904691597971452,1.013999216293822
44.0,216.0,143.72531127929688,-1.031690408477857,2.6821921797081973,-4.9205706778035845,-4.976961593343882,-2.49768149062652,1.340775835652139,-0.5388240829618844,4.777610005373921,-0.7904692801874145,1.0139991174831176
44.0,216.0,143.72531127929688,-1.0316906667349035,2.682191236498496,-4.920569898788787,-4.976963004701832,-2.4976830417260403,1.340775458779197,-0.5388230403734848,4.77761114541574,-0.7904690680398367,1.014000283756619
44.0,216.0,143.7252960205078,-1.0316907704941238,2.6821906646410696,-4.920569926070111,-4.976963208682458,-2.4976832703562706,1.3407753063516823,-0.5388227868693516,4.7776110001536285,-0.7904691473414278,1.0140003586360873
44.0,216.0,143.7252960205078,-1.0316918245639388,2.682191414036696,-4.920570153972212,-4.976963244398613,-2.497684184150076,1.3407752000388484,-0.5388222063622106,4.7776111913643735,-0.7904693523169817,1.0140011216483629
44.0,216.0,143.7252960205078,-1.0316904491583183,2.682192016933344,-4.920569994071704,-4.976962191731521,-2.497682721023684,1.340775581545107,-0.5388236856443029,4.777610655812687,-0.7904691971146551,1.0139996677533656
44.0,216.0,143.7252960205078,-1.0316905544719317,2.6821914974072154,-4.920570656448928,-4.976962114440795,-2.497681923174755,1.3407756389260683,-0.5388237657852422,4.777609967800272,-0.7904691817894154,1.0139991719761454
44.0,216.0,143.72531127929688,-1.0316901744552749,2.682192590556209,-4.920570828393727,-4.976961393865721,-2.4976815289838834,1.3407759834690127,-0.5388241835447127,4.777609778343491,-0.7904691823111882,1.013999102252912
44.0,216.0,143.7252960205078,-1.0316915664147863,2.682191881834406,-4.920570263440617,-4.97696198507442,-2.4976839975481164,1.3407758580205966,-0.5388226891967687,4.777611003082276,-0.7904694224186537,1.0140004568641556
44.0,216.0,143.7252960205078,-1.0316907533976831,2.682191435187118,-4.920568625363432,-4.976962995057548,-2.4976833832251675,1.340775083319917,-0.5388229028107183,4.777611136131611,-0.7904688974135574,1.0140005214610586
44.0,216.0,143.72531127929688,-1.0316917880761791,2.6821919007476858,-4.920570222395669,-4.976961824508731,-2.4976829107175536,1.3407749120961885,-0.5388229624623975,4.777610500063787,-0.7904692743597161,1.014000153240496
44.0,216.0,143.7252960205078,-1.0316910014963154,2.682191173111488,-4.920570091487655,-4.976962308601786,-2.4976838816044635,1.340775295227914,-0.5388232757984905,4.777610667584229,-0.7904693354275789,1.0140002485962674
44.0,216.0,143.72531127929688,-1.0316910591560535,2.6821915199099378,-4.920571502260013,-4.976962499890708,-2.497682693954661,1.3407756294061768,-0.5388231487232513,4.777611068469163,-0.7904693690329774,1.0139999960968715
44.0,216.0,143.7252960205078,-1.031691977055006,2.6821911571999726,-4.920570782931527,-4.976963007715435,-2.4976840016379414,1.3407750343201723,-0.5388225588640037,4.777611260814718,-0.7904694099839045,1.0140007104824802
44.0,216.0,143.7252960205078,-1.0316914712029446,2.6821921061668093,-4.920571828488164,-4.976961379592091,-2.49768348411008,1.3407758480237213,-0.5388236689527321,4.777610776895166,-0.7904698347551093,1.0139997503162623
44.0,216.0,143.72531127929688,-1.031691198544813,2.682191632426428,-4.920569859153814,-4.976963240809481,-2.497682531221988,1.340775019130164,-0.5388229161046878,4.777610589998542,-0.7904688463135763,1.014000380349399
44.0,216.0,143.7252960205078,-1.0316908270151577,2.682190323073793,-4.920569687272784,-4.976963760032173,-2.497683818407124,1.3407751050877632,-0.5388224391362719,4.777611073189229,-0.7904691596518267,1.014000746353898
44.0,216.0,143.7252960205078,-1.0316908650938927,2.682192006030294,-4.9205699308099184,-4.976961907106607,-2.497682446204157,1.3407757567328282,-0.5388235926587948,4.777610627683217,-0.7904690645256425,1.0139997292929213
44.0,216.0,143.72531127929688,-1.0316897058092174,2.682191923072555,-4.920570309721356,-4.976962533081917,-2.4976815098683143,1.3407760130161428,-0.5388242076495633,4.7776104512168445,-0.7904690635693559,1.0139991013596896
44.0,216.0,143.72531127929688,-1.0316925833059625,2.6821909384045792,-4.920570168960894,-4.976963224873879,-2.4976854520176737,1.340775274326223,-0.5388217681595711,4.777611627111384,-0.7904696017426796,1.0140016510247296
44.0,216.0,143.7252960205078,-1.0316904656027663,2.682191150418204,-4.920570100548335,-4.976963091401696,-2.497682585032002,1.340775868596494,-0.538822804836137,4.777610885016873,-0.7904688839001874,1.0140002120450875
44.0,216.0,143.7252960205078,-1.0316911538451157,2.682191450785096,-4.920570082501691,-4.976962662168606,-2.497683450013177,1.340775475652432,-0.5388227973446682,4.777610686378502,-0.790469259380087,1.0140003819819343
44.0,217.0,143.7252960205078,-1.0316913835329329,2.6821909028089674,-4.920570377816643,-4.976963751962662,-2.4976846239892385,1.340775201380637,-0.5388224284182535,4.777611397410768,-0.7904692501175496,1.014001190446054
44.0,217.0,143.7252960205078,-1.031691022656096,2.682191143867545,-4.9205697075380295,-4.976963214888186,-2.497683263033137,1.3407754867527109,-0.5388224605590217,4.777610756559865,-0.7904689779020737,1.0140004372457314
44.0,217.0,143.72531127929688,-1.0316921698889008,2.68219089091793,-4.9205693029228925,-4.976964284536633,-2.4976851489786727,1.340774692911694,-0.5388216560384453,4.777612059458882,-0.7904691421491457,1.0140021211333297
44.0,217.0,143.7252960205078,-1.0316914482013346,2.6821912719724184,-4.920569749873236,-4.9769629896670144,-2.4976840443047266,1.3407753446096056,-0.5388224916154183,4.777611416497784,-0.7904690898551276,1.0140009403426742
44.0,217.0,143.7252960205078,-1.031691140003563,2.682191881977253,-4.920569632360355,-4.976963446879448,-2.4976833813887893,1.3407753211398852,-0.5388226866026056,4.777611463248432,-0.7904690161493768,1.0140010286504344
44.0,217.0,143.7252960205078,-1.0316919199109078,2.6821916304474165,-4.920570509565117,-4.9769622870860175,-2.4976845195594475,1.3407755415130618,-0.5388223382015092,4.777610876731869,-0.7904694758367237,1.0140009220217694
44.0,217.0,143.72531127929688,-1.031690843620671,2.682191408919282,-4.9205703396597125,-4.976963580604112,-2.4976830695261656,1.3407750268795144,-0.5388230519583646,4.777610985856214,-0.7904690843351609,1.0140005118920783
44.0,217.0,143.7252960205078,-1.0316903815139082,2.6821918407913072,-4.920570113626143,-4.976961838742018,-2.497681812452853,1.3407757276391683,-0.538823872328102,4.7776099807784185,-0.7904689911091012,1.013999195013926
44.0,217.0,143.72531127929688,-1.031691277095795,2.6821916715132854,-4.92057026160956,-4.9769623129816685,-2.4976827200769467,1.3407759386736426,-0.53882281462921,4.777610176036118,-0.7904690823265712,1.013999995158371
44.0,217.0,143.72531127929688,-1.0316911136845706,2.682191101386672,-4.920569407491513,-4.97696226141518,-2.4976828768431347,1.3407752724816504,-0.5388226280431239,4.77761038884805,-0.79046905723997,1.0140001134732826
44.0,217.0,143.72531127929688,-1.031690047738211,2.682192052640003,-4.920570918510486,-4.976961350224436,-2.497682196531985,1.3407763373411266,-0.5388239774126191,4.777609949850557,-0.7904690877562022,1.0139989896249944
44.0,217.0,143.7252960205078,-1.0316914388267566,2.682191555088872,-4.9205703681056985,-4.976962342892796,-2.4976833041848607,1.3407750681383268,-0.538823194300722,4.777610567483704,-0.7904692164970699,1.014000168541198
44.0,217.0,143.7252960205078,-1.0316918180787962,2.682191858362466,-4.920570192100117,-4.976962749114478,-2.4976839783749387,1.340775470245133,-0.5388223185030236,4.777610699529372,-0.7904691145345346,1.014000940475074
44.0,217.0,143.7252960205078,-1.0316908717049065,2.68219168237843,-4.920570150707656,-4.976961505651105,-2.4976826264966165,1.3407757656036097,-0.5388234018239482,4.777609984930425,-0.7904691226496228,1.013999503330739
44.0,217.0,143.7252960205078,-1.031691344607399,2.6821914264832287,-4.920570167412537,-4.976962644586107,-2.497683241637112,1.3407753340090132,-0.5388229785243981,4.777610838226595,-0.7904692299464946,1.0140002275061557
44.0,217.0,143.7252960205078,-1.0316909719113507,2.682191852896504,-4.9205704119908384,-4.976962627704862,-2.4976829188663614,1.3407750654191144,-0.5388234416232134,4.777610887223975,-0.7904692194834109,1.0140001109996586
44.0,217.0,143.72531127929688,-1.0316909039190216,2.682190488407022,-4.920568756474374,-4.976964304678279,-2.4976834902860645,1.3407747493673998,-0.5388221721921322,4.777611180148446,-0.7904689332264567,1.0140011750331004
44.0,217.0,143.72531127929688,-1.0316901593619936,2.682192782434033,-4.920570346252445,-4.976960970977019,-2.497682224698824,1.3407760833720843,-0.5388242434953883,4.777610122291936,-0.7904691570728852,1.0139992362418688
44.0,217.0,143.72531127929688,-1.0316910975983609,2.6821915608438296,-4.920569909237526,-4.976963574192986,-2.4976828663172195,1.3407750173637003,-0.5388227543779998,4.7776107843489495,-0.790468842841431,1.0140007126500876
44.0,217.0,143.7252960205078,-1.0316908953364785,2.6821911819557043,-4.92056955921066,-4.976963114778498,-2.4976830328049786,1.340775575528789,-0.5388227606947886,4.777610775204074,-0.7904690108712238,1.0140004506491778
44.0,217.0,143.72531127929688,-1.0316900033675944,2.682191431176717,-4.920569650820785,-4.976963159763335,-2.497681736457751,1.3407749738860986,-0.5388237755845902,4.777610571213417,-0.790468854844244,1.0139998313516934
44.0,217.0,143.7252960205078,-1.0316911705253975,2.682191284359238,-4.920570426524415,-4.976963144625617,-2.49768374349068,1.3407751612361976,-0.5388228882948987,4.777611399997818,-0.7904691450167842,1.0140005680074315
44.0,217.0,143.7252960205078,-1.0316912890504053,2.682190814344903,-4.92057047979258,-4.976963243413554,-2.4976843951393413,1.340775504231103,-0.5388228402876791,4.777611648608943,-0.7904694045624252,1.014000646369345
44.0,217.0,143.72531127929688,-1.031691564080094,2.682190869881987,-4.920570639147216,-4.976963448156838,-2.497684369392004,1.3407750795675,-0.5388225340727342,4.777611427875852,-0.7904695180024586,1.014000937606645
44.0,217.0,143.7252960205078,-1.0316894938623538,2.6821914239280265,-4.920569678452996,-4.976961890300191,-2.497680535952358,1.3407755800229912,-0.5388242474879155,4.777609703698346,-0.7904687991957315,1.0139985976817236
44.0,217.0,143.72531127929688,-1.0316908373835925,2.6821910163497584,-4.920569911465493,-4.9769628940809385,-2.49768315899877,1.340775624721556,-0.5388229643074567,4.777610589071216,-0.7904691269217059,1.014000156095315
44.0,217.0,143.72531127929688,-1.031691069298998,2.682190815812227,-4.920570136880164,-4.976962010421841,-2.497683432885583,1.340775268397925,-0.5388232531941064,4.777611084085429,-0.7904694192840092,1.013999783995308
44.0,217.0,143.7252960205078,-1.031691115492202,2.6821922695376337,-4.920570258211748,-4.9769617403792665,-2.49768215557124,1.3407756575815064,-0.5388235877055214,4.7776100013940255,-0.7904690252392568,1.0139996459717793
44.0,217.0,143.7252960205078,-1.0316910137352386,2.682191762634877,-4.920569935511753,-4.976962739265075,-2.4976841081950374,1.3407755315582506,-0.5388230034860655,4.77761130531238,-0.7904694114968036,1.0140007513934377
44.0,217.0,143.7252960205078,-1.0316902557413714,2.682191479867817,-4.920570142086499,-4.976962439596889,-2.4976826234710185,1.34077573171772,-0.5388235071877521,4.77761054363296,-0.790469072788988,1.0139997698046832
44.0,217.0,143.72531127929688,-1.0316928096268736,2.682191079540561,-4.920570343938225,-4.976963954920151,-2.497685573463401,1.3407748593671789,-0.5388215261418727,4.777612386498859,-0.7904692938418858,1.014002096612753
44.0,217.0,143.7252960205078,-1.031691105517139,2.6821912035506497,-4.920570290503257,-4.97696302721513,-2.49768320516105,1.3407748337217391,-0.5388229748651385,4.777610658543894,-0.7904689990794314,1.0140002586678405
44.0,217.0,143.72531127929688,-1.0316910609036567,2.682191068209137,-4.920571103374553,-4.976962994272702,-2.4976830058594346,1.3407752238263404,-0.538822960769969,4.7776105165435965,-0.7904693450654214,1.0140000842241124
44.0,217.0,143.7252960205078,-1.031691577006106,2.6821909227322616,-4.920570440398982,-4.976963180516267,-2.497683765836403,1.3407753697155638,-0.538822639161288,4.777610934547997,-0.7904692792188932,1.0140005958866425
44.0,217.0,143.7252960205078,-1.0316918270020454,2.6821919542776467,-4.920569943719552,-4.976962574599206,-2.4976836941023843,1.3407752056711697,-0.5388226020849372,4.777610947281506,-0.790469075855766,1.0140007852372808
44.0,217.0,143.7252960205078,-1.0316914231755598,2.682191492450663,-4.920570411863025,-4.976962967085663,-2.4976833619416454,1.34077532657673,-0.5388229584453716,4.777610855813375,-0.790469104482515,1.014000333332694
44.0,217.0,143.7252960205078,-1.0316908725994525,2.6821921148367327,-4.920570340914021,-4.976961451835118,-2.497681607074522,1.3407756094523815,-0.5388237006049295,4.777609390591767,-0.7904690967041788,1.013999138758809
44.0,217.0,143.72531127929688,-1.0316897648183216,2.682192123890649,-4.920570081765475,-4.976961926523138,-2.4976815553535814,1.3407759253434195,-0.5388243160139297,4.777609242820372,-0.79046892092836,1.0139987159308983
44.0,217.0,143.72531127929688,-1.0316921948746134,2.682190666674468,-4.92057019046061,-4.976963921463285,-2.4976850368601413,1.340774770941083,-0.5388217293033328,4.777611718450958,-0.7904693845831474,1.014001689511738
44.0,217.0,143.72531127929688,-1.0316909371375391,2.682192885224185,-4.920569645397489,-4.97696171265545,-2.497681736262108,1.3407758000568393,-0.5388234123612978,4.777609468018154,-0.7904688510124824,1.0139995715893138
44.0,217.0,143.72531127929688,-1.0316906652938649,2.682191223156826,-4.920570256810925,-4.976963002525303,-2.497682500287804,1.3407754424454188,-0.5388228328010927,4.777610693533511,-0.7904687903223326,1.0140000381650918
44.0,217.0,143.7252960205078,-1.031690460473826,2.6821908337311413,-4.920570214380087,-4.976963675960424,-2.4976830901414164,1.340775316592289,-0.5388230907604026,4.777611110905561,-0.7904690795880782,1.0140002388592697
44.0,217.0,143.7252960205078,-1.0316915470325725,2.68219151231495,-4.920570073936799,-4.9769631148033096,-2.497683937036715,1.3407751745737286,-0.5388227358629312,4.777611508933992,-0.7904691829681898,1.0140009052004846
44.0,217.0,143.72531127929688,-1.0316897030108851,2.682192136323682,-4.920570773546357,-4.9769621608824455,-2.497681798006396,1.3407759274756268,-0.5388242143660857,4.777610368295855,-0.7904692702005462,1.013999165359354
44.0,217.0,143.7252960205078,-1.0316911008249965,2.6821914557024424,-4.920569262569258,-4.976962927724244,-2.4976833761855035,1.3407749602116503,-0.5388228561613762,4.777610870114989,-0.7904689118716659,1.014000615029187
44.0,217.0,143.7252960205078,-1.0316897453143352,2.6821927557272325,-4.920570423478418,-4.97696099536111,-2.4976804277937514,1.340776273557001,-0.5388245414834749,4.77760913646928,-0.7904688609056647,1.0139983152487817
44.0,217.0,143.7252960205078,-1.031690532462676,2.682191918769626,-4.920569689180104,-4.976962510827061,-2.4976828538710496,1.3407753111447986,-0.5388236207464256,4.7776100421524585,-0.7904689723914418,1.013999777870236
44.0,217.0,143.72531127929688,-1.031691503438048,2.68219064764308,-4.920570381968782,-4.976963742096675,-2.4976842303885123,1.340775416278715,-0.5388223008234005,4.777611894025478,-0.7904693459651257,1.014000965293068
44.0,217.0,143.72531127929688,-1.0316904627943124,2.682191582295116,-4.920569955482354,-4.976961464665251,-2.497682582327922,1.340775690035965,-0.5388237658190249,4.777610061717484,-0.790469287070013,1.0139993587455107
44.0,217.0,143.7252960205078,-1.0316907633438737,2.682191855648359,-4.920570134051606,-4.976962684180558,-2.497683506265402,1.3407755142864817,-0.5388231962357892,4.777610855953213,-0.7904690700528683,1.0140003269870643
44.0,218.0,143.7252960205078,-1.0316906972618938,2.68219152659964,-4.920569845275993,-4.976963399386164,-2.4976833344956955,1.3407750709087027,-0.5388232548356857,4.777611059054895,-0.7904689490730528,1.0140005183915557
44.0,218.0,143.7252960205078,-1.0316913613140226,2.682191320815946,-4.920569832856423,-4.976964331514079,-2.497684023866711,1.340774859958981,-0.5388224769024426,4.7776111440823446,-0.7904689399399158,1.0140013165283444
44.0,218.0,143.72531127929688,-1.0316910932963967,2.682191048008744,-4.920570167704363,-4.9769636258379295,-2.4976839023267545,1.340775119960683,-0.5388227721107501,4.777611640971479,-0.7904689976418648,1.0140007764804355
44.0,218.0,143.7252960205078,-1.0316907099906985,2.6821914943308194,-4.920570273626075,-4.976962591487143,-2.497683050380901,1.3407754989810077,-0.5388235442028737,4.777610844966807,-0.7904691328742413,1.013999974039934
44.0,218.0,143.72531127929688,-1.0316909256423683,2.682191111363272,-4.920570073911237,-4.9769632284810985,-2.497682991831481,1.3407753892819922,-0.5388228193970592,4.777610324874754,-0.7904688852521558,1.0140002039094833
44.0,218.0,143.72531127929688,-1.0316905747533696,2.682191930282277,-4.920569944321049,-4.976962789626085,-2.4976821365345225,1.340775202655574,-0.5388235785611091,4.777610134118774,-0.7904689354714023,1.0139998284512783
44.0,218.0,143.7252960205078,-1.0316917538771064,2.682191401734244,-4.920570876978563,-4.97696258744119,-2.497684147890774,1.3407754974137722,-0.5388226876018791,4.777611076900898,-0.7904693000405869,1.0140006625687503
44.0,218.0,143.7252960205078,-1.0316909678775388,2.682191559488455,-4.920570331319632,-4.976962368829636,-2.497683533615467,1.3407755225857878,-0.5388231952892486,4.777611005112817,-0.7904693832023684,1.0140001406567194
44.0,218.0,143.7252960205078,-1.031691280749221,2.682191348284566,-4.9205697649372055,-4.976963514890837,-2.497684153537968,1.3407752004992366,-0.5388225558458313,4.777611390506056,-0.7904692791138661,1.0140011726383378
44.0,218.0,143.7252960205078,-1.0316913734988438,2.682191505931538,-4.920570373739948,-4.976963084102945,-2.4976832928263355,1.3407747991880967,-0.5388232354576097,4.777611223022589,-0.7904690981692069,1.0140003693897013
44.0,218.0,143.7252960205078,-1.031693026665577,2.6821912076746903,-4.920570607957938,-4.9769636860437085,-2.49768512767168,1.3407744735767455,-0.5388215714521349,4.777611195750762,-0.7904692017503567,1.014001809506608
44.0,218.0,143.7252960205078,-1.0316917505510663,2.682191165112897,-4.920570103881417,-4.976962803538579,-2.4976846465313773,1.3407752674390805,-0.5388225258974586,4.777611775992533,-0.7904692304157397,1.0140009500358982
44.0,218.0,143.7252960205078,-1.0316915021499105,2.6821920359107665,-4.920569353516065,-4.976963028655689,-2.497683145379472,1.340775353095106,-0.5388225975827297,4.777610961020594,-0.7904688990542326,1.0140010169861746
44.0,218.0,143.7252960205078,-1.031691318869199,2.6821917563770503,-4.920570818860675,-4.976962937563993,-2.497684033356688,1.340775450788378,-0.5388226752626224,4.777610860564497,-0.7904694390874285,1.0140007866411462
44.0,218.0,143.7252960205078,-1.0316918607280536,2.6821911796822064,-4.920570078581938,-4.9769633156723225,-2.497684278923332,1.340775400926237,-0.5388223415977933,4.77761125204394,-0.7904692410438443,1.0140011453949418
44.0,218.0,143.7252960205078,-1.0316910756689972,2.6821917335362304,-4.920570165825963,-4.976963203095379,-2.497683289599252,1.3407750388959787,-0.5388231081232453,4.7776110158188985,-0.7904691142567071,1.0140005522430986
44.0,218.0,143.7252960205078,-1.0316914716738763,2.6821913037134752,-4.920570053843001,-4.976962639553451,-2.497683944773532,1.3407752730994007,-0.5388225424493953,4.777611152379189,-0.7904691489590014,1.0140007410330425
44.0,218.0,143.7252960205078,-1.0316902329847075,2.682190743209696,-4.920570014550769,-4.976963765992242,-2.497682155415036,1.3407750252243833,-0.538823055073367,4.777610607749548,-0.7904687681898617,1.0139999687050691
44.0,218.0,143.7252960205078,-1.0316921399142127,2.6821920480341603,-4.92057024168724,-4.976962426613858,-2.497683695119574,1.340774920992497,-0.5388229175712231,4.777610955551779,-0.7904691162603896,1.0140006423209655
44.0,218.0,143.7252960205078,-1.0316913346705157,2.6821917244012656,-4.920569965193482,-4.976962876489497,-2.4976835562292727,1.3407752863019864,-0.5388230068129403,4.777610788681367,-0.7904690015332374,1.0140004138607663
44.0,218.0,143.72531127929688,-1.0316914449588763,2.6821920588843104,-4.920570580464277,-4.976962100786203,-2.4976833433727625,1.34077554484824,-0.53882336519181,4.777610417259776,-0.7904691655822909,1.013999893617087
44.0,218.0,143.72531127929688,-1.0316905825489586,2.6821912370402154,-4.92057020372694,-4.976962063494879,-2.4976831026483186,1.3407756532042514,-0.538823396051261,4.777610402736482,-0.790469186651416,1.01399968657185
44.0,218.0,143.7252960205078,-1.0316917503694052,2.6821914656991384,-4.920570220587055,-4.976961737297812,-2.497683669225919,1.340775369125076,-0.5388230168660622,4.777611055549373,-0.7904693462401537,1.0140003039763377
44.0,218.0,143.7252960205078,-1.0316912118803407,2.682192115034555,-4.920570163138724,-4.976961468082711,-2.4976840240777487,1.3407759114275493,-0.5388233770423865,4.777611104594522,-0.7904695598076792,1.0140002452382602
44.0,218.0,143.72531127929688,-1.031691096932572,2.68219100828337,-4.920569175951575,-4.976963870783004,-2.497683993259423,1.340775071029077,-0.5388225162412361,4.777611398429491,-0.790469043099316,1.0140010866305484
44.0,218.0,143.72531127929688,-1.031690981570753,2.6821910085124223,-4.920570377902155,-4.976962751437503,-2.4976829187338385,1.340775692302392,-0.5388228438053115,4.777610386136788,-0.7904692110539457,1.0140000970931735
44.0,218.0,143.7252960205078,-1.031690254203995,2.682191729029574,-4.9205699780766805,-4.976962778209915,-2.497682641519843,1.340775554107026,-0.5388237814302546,4.777610573911449,-0.7904691716493586,1.0139998002713373
44.0,218.0,143.7252960205078,-1.0316897978623567,2.682191069680183,-4.92056962558152,-4.97696314923116,-2.497682317894336,1.3407759447699066,-0.5388234736095185,4.777609914265097,-0.7904688350964699,1.0139996660745263
44.0,218.0,143.7252960205078,-1.0316908476034534,2.682191479952384,-4.92056968362715,-4.976963084674218,-2.4976828860325244,1.3407752379111637,-0.5388232300893838,4.777610777935308,-0.7904688937476232,1.0140002534095185
44.0,218.0,143.7252960205078,-1.0316896941966696,2.6821919311213858,-4.920569653544936,-4.976962377045842,-2.4976809815609355,1.3407756651728695,-0.5388240472247654,4.777609853981826,-0.7904686763361157,1.0139989276726131
44.0,218.0,143.72531127929688,-1.0316920224716597,2.682191076027729,-4.920569607498086,-4.976964306460675,-2.4976852370415847,1.3407746914938548,-0.5388217375018503,4.777611904043583,-0.7904691139595528,1.014002113577409
44.0,218.0,143.7252960205078,-1.0316905474195268,2.6821913431150266,-4.920570491472533,-4.976962663633883,-2.4976832632849995,1.34077595196345,-0.5388234340427891,4.777610756676895,-0.7904692350050162,1.0139998665511127
44.0,218.0,143.72531127929688,-1.0316912154843658,2.682191205235336,-4.920570572435904,-4.9769623410588775,-2.49768369346082,1.3407756989988604,-0.5388231112838868,4.777610938741312,-0.7904693638246041,1.0139999834510247
44.0,218.0,143.72531127929688,-1.031692031097324,2.682191775462756,-4.920569109013162,-4.976962774529557,-2.497684607788162,1.340774942941315,-0.5388223419490004,4.777611385527866,-0.790469190106232,1.0140013181421006
44.0,218.0,143.7252960205078,-1.0316896513869485,2.682191354090825,-4.92056963472784,-4.976962844809422,-2.4976828061254137,1.3407758177390434,-0.5388237038059067,4.7776106230634365,-0.7904690300453909,1.0139997177677698
44.0,218.0,143.72531127929688,-1.0316906895599902,2.682191561691509,-4.920570023847079,-4.976962334655202,-2.497682474777141,1.3407755407644792,-0.5388236061667939,4.777610346600064,-0.7904690719940923,1.0139995886573807
44.0,218.0,143.7252960205078,-1.0316916426779073,2.6821913173526903,-4.920570152468044,-4.976962896173663,-2.497684537279179,1.3407754503830749,-0.5388226493716388,4.7776114513270524,-0.7904691828550314,1.0140008866453778
44.0,218.0,143.7252960205078,-1.031691766459104,2.6821913935531345,-4.920570632287454,-4.976963086778393,-2.4976834799552465,1.3407751717701029,-0.5388227108909316,4.777610989781616,-0.790469225975448,1.0140005792123077
44.0,218.0,143.7252960205078,-1.0316920041951103,2.682191044996049,-4.92057010920005,-4.976964078151275,-2.497683669823948,1.3407745489218588,-0.5388223101130194,4.77761086783865,-0.7904689863989969,1.0140010535245505
44.0,218.0,143.7252960205078,-1.0316913144452688,2.6821914501160578,-4.920570014679498,-4.976963584476023,-2.497683537370808,1.3407751918921962,-0.5388225065755847,4.777610686453564,-0.7904689862773449,1.0140010277283622
44.0,218.0,143.7252960205078,-1.0316908458793712,2.68219156505208,-4.920569743788041,-4.976963342188672,-2.497682383821456,1.3407750854486844,-0.5388233002753555,4.777611278539522,-0.7904689044366249,1.0140000636082291
44.0,218.0,143.72531127929688,-1.0316915442354089,2.682190631994353,-4.920570343825739,-4.976963930579134,-2.497684105639501,1.340775468658883,-0.5388220014485601,4.777610998713151,-0.7904691030678475,1.0140010098511798
44.0,218.0,143.72531127929688,-1.031691833398365,2.6821909816142178,-4.92056981267653,-4.97696419904364,-2.4976844961784934,1.340775199033832,-0.5388216768221223,4.777611693247261,-0.7904689885283203,1.0140016443588564
44.0,218.0,143.7252960205078,-1.0316915361249608,2.682191430053983,-4.920569594866424,-4.976963201902665,-2.497684380267758,1.3407750238122764,-0.5388225398199236,4.777611869044549,-0.7904690634260616,1.01400125474618
44.0,218.0,143.7252960205078,-1.0316910077296244,2.6821911761663566,-4.920570911945223,-4.97696313677899,-2.497683304141596,1.3407757855163185,-0.5388228803924422,4.777609819038736,-0.7904692907100781,1.013999975710874
44.0,218.0,143.7252960205078,-1.0316899936666517,2.682190961650363,-4.920570317900962,-4.976963015007247,-2.4976818437540254,1.340775603470714,-0.5388235842626692,4.777610452928387,-0.7904689604613244,1.0139993304220027
44.0,218.0,143.72531127929688,-1.0316909528466525,2.682190845154614,-4.920570179967351,-4.976963148938991,-2.497684131823767,1.3407752478208137,-0.5388228229346517,4.777611725047654,-0.7904692627144874,1.014000639022492
44.0,218.0,143.7252960205078,-1.0316907052455653,2.68219203950842,-4.920570315904313,-4.976962174355804,-2.4976826273801604,1.340775373961467,-0.5388237515696579,4.777610794857683,-0.7904689992427691,1.0139997261883291
44.0,218.0,143.7252960205078,-1.0316913538918857,2.6821913871591523,-4.920569636811992,-4.976962435611982,-2.497684144293531,1.340775427961578,-0.5388228363671548,4.777610951018538,-0.790469300016416,1.014000449662344
44.0,218.0,143.7252960205078,-1.0316916565977223,2.6821921341294086,-4.920570128775756,-4.9769629330534935,-2.497683711945981,1.340775461928784,-0.5388224303651077,4.777610734721849,-0.7904689334833561,1.014000944259802
44.0,219.0,143.7252960205078,-1.0316909005197283,2.682191289114197,-4.920570237814974,-4.976963318497841,-2.497684086548662,1.3407757586723443,-0.5388227580759155,4.777611295070397,-0.7904693049357192,1.014000748036188
44.0,219.0,143.72531127929688,-1.0316926417867114,2.682190262752965,-4.920569915244917,-4.976964845358079,-2.4976862036522367,1.3407747448595977,-0.5388212890337121,4.777612344992937,-0.7904692596069687,1.0140024974089463
44.0,219.0,143.7252960205078,-1.0316890152611498,2.682191143379681,-4.920570102361304,-4.976962805904156,-2.4976814683446893,1.3407757935003488,-0.5388244464206977,4.777610220344791,-0.7904690608603095,1.0139987585207146
44.0,219.0,143.7252960205078,-1.0316896534595754,2.682190093669224,-4.920570144354795,-4.976963735488556,-2.4976841638187244,1.3407756336722212,-0.5388234424937588,4.777611394116597,-0.7904693072824038,1.0140000095756658
44.0,219.0,143.72531127929688,-1.0316899884637445,2.682192533654796,-4.920569932057076,-4.9769622854881055,-2.4976814179422586,1.340775600872889,-0.5388239294786867,4.777609252651494,-0.7904688117282266,1.0139992623425744
44.0,219.0,143.7252960205078,-1.0316902313846072,2.6821919626102773,-4.920569100006785,-4.97696321355623,-2.4976821398936795,1.3407754645891783,-0.5388237271905814,4.777610034997798,-0.7904687732294793,1.0139996483428495
44.0,219.0,143.72531127929688,-1.031691749954518,2.682190372043117,-4.920569704453151,-4.976964031784698,-2.497684492808138,1.3407751560058978,-0.5388217615691566,4.777611833462272,-0.7904690293553038,1.0140015494125478
44.0,219.0,143.7252960205078,-1.0316909999595811,2.682191455030976,-4.920570178996085,-4.976963267482192,-2.497683453861064,1.3407748648737403,-0.5388229400321878,4.777610812940424,-0.7904691268899668,1.0140006132523771
44.0,219.0,143.72531127929688,-1.0316918113586082,2.682191390562939,-4.920570162818519,-4.976963320460507,-2.497683928861692,1.3407750395481957,-0.5388223104147025,4.777610469502218,-0.7904690828968066,1.014000979078629
44.0,219.0,143.72531127929688,-1.0316922844974412,2.6821910360719894,-4.920570055763421,-4.976963341326845,-2.497686141315146,1.3407754171601214,-0.5388218824893398,4.777612004388969,-0.790469498993323,1.0140018827625772
44.0,219.0,143.72531127929688,-1.0316917507316998,2.682191893370316,-4.920570514721821,-4.976962960031304,-2.4976847400301554,1.3407752452627744,-0.5388228115641001,4.777611580186422,-0.7904694814502262,1.014001069912026
44.0,219.0,143.7252960205078,-1.0316913204712392,2.6821921432731264,-4.920570039243038,-4.976961940875047,-2.497683105756954,1.3407751676195048,-0.5388235811044941,4.777610852704434,-0.7904690897837163,1.0139998204543836
44.0,219.0,143.7252960205078,-1.0316905856057086,2.68219111407337,-4.920569689834199,-4.976963920531507,-2.4976835058828275,1.340775173799492,-0.5388231196059596,4.777611247028577,-0.7904689943001584,1.0140004929593802
44.0,219.0,143.7252960205078,-1.0316908808579712,2.682191208888163,-4.920569037036395,-4.976964096729943,-2.497683214384354,1.3407747588842076,-0.5388226467589288,4.77761134267276,-0.7904686685284759,1.01400085026384
44.0,219.0,143.72531127929688,-1.03169075636599,2.6821922362241635,-4.920569058104703,-4.976962721793354,-2.497682582117447,1.3407754404813064,-0.53882352518968,4.777611034611448,-0.7904689247967447,1.0140002068888432
44.0,219.0,143.7252960205078,-1.0316890255257865,2.682192355324301,-4.920569742539981,-4.976961928160458,-2.4976810550439605,1.3407758514646897,-0.5388244702823899,4.777609493358659,-0.7904687217491357,1.013998717574526
44.0,219.0,143.7252960205078,-1.0316910371145331,2.682191500112384,-4.920571013565431,-4.976962150721863,-2.49768310065194,1.3407758408890178,-0.5388234535534577,4.777610084563662,-0.7904694443433176,1.013999622583559
44.0,219.0,143.72531127929688,-1.0316909678087418,2.682190420375937,-4.92056933234562,-4.976965319696318,-2.497683754468562,1.3407746101188645,-0.5388221176215744,4.777611701666958,-0.7904687155881556,1.01400133946965
44.0,219.0,143.7252960205078,-1.0316909473972515,2.6821922188694423,-4.920570310553528,-4.976961717810979,-2.497682944139984,1.3407757208693782,-0.5388236435237372,4.777610683873551,-0.7904692066285692,1.0139998044278613
44.0,219.0,143.72531127929688,-1.0316923057074896,2.6821909785843365,-4.920568994401283,-4.976964079356441,-2.4976857765743627,1.3407749080344296,-0.5388215298356558,4.777612158867544,-0.7904688918492262,1.0140021305314706
44.0,219.0,143.72531127929688,-1.031691728847722,2.6821920844391105,-4.920570705470233,-4.976962234933095,-2.4976823528633263,1.340775488465943,-0.5388230093385662,4.777609714623605,-0.7904690722650409,1.013999821977544
44.0,219.0,143.72531127929688,-1.031690017702544,2.682191175466734,-4.920569630467828,-4.9769638747021245,-2.497682784936387,1.3407757354445555,-0.5388231800870349,4.777610649725826,-0.7904689132132381,1.0140002594303112
44.0,219.0,143.72531127929688,-1.031689930699021,2.6821915458009835,-4.920569660440627,-4.976962615018581,-2.497682166428295,1.3407756928485313,-0.5388239944699524,4.777610511968407,-0.7904689099254849,1.0139994063645776
44.0,219.0,143.7252960205078,-1.0316910039180245,2.6821919091023174,-4.920571098486234,-4.9769612887803,-2.497682289609447,1.3407760180966664,-0.5388236850303665,4.777610118610115,-0.7904694297961177,1.0139991607596404
44.0,219.0,143.7252960205078,-1.03169144473368,2.682191544681169,-4.920570091457636,-4.9769638634536655,-2.497684341177382,1.340775403190932,-0.5388223666351895,4.777610848230106,-0.7904689964983715,1.0140011756256193
44.0,219.0,143.72531127929688,-1.0316901424361484,2.6821911780701404,-4.920570444213916,-4.976962525457557,-2.497681808819709,1.340775618982332,-0.5388238961068401,4.7776100449384735,-0.7904688701425906,1.013999045190407
44.0,219.0,143.7252960205078,-1.0316918495344185,2.682192320119489,-4.920569826484994,-4.976963522041296,-2.4976836434416727,1.3407746441446005,-0.5388226312537423,4.777610973875605,-0.7904688163067402,1.0140010586606882
44.0,219.0,143.72531127929688,-1.031691264101609,2.68219231119995,-4.920569483167084,-4.976963517626666,-2.497682803088576,1.3407750226044772,-0.5388228376299518,4.777610113203057,-0.7904686403919339,1.0140005609341165
44.0,219.0,143.7252960205078,-1.0316909282008444,2.6821915357218256,-4.9205694403586095,-4.976962961233879,-2.4976838454318404,1.34077547887901,-0.5388228933891428,4.777611860318183,-0.7904693012639799,1.0140009594789443
44.0,219.0,143.7252960205078,-1.0316916418284787,2.68219148087711,-4.9205704825609855,-4.976962153518042,-2.497684801175974,1.340775556704604,-0.5388227246547386,4.777611076734882,-0.79046958611048,1.0140005843870457
44.0,219.0,143.72531127929688,-1.031691582634692,2.682191427439145,-4.920570701283936,-4.976962342494621,-2.497684686246755,1.3407756529006214,-0.5388230995959127,4.777611284830732,-0.7904695970219562,1.0140004999903276
44.0,219.0,143.72531127929688,-1.0316915135955176,2.6821926719184326,-4.920569960701183,-4.97696184302747,-2.49768369262346,1.340775629299911,-0.5388232780808133,4.777610530629975,-0.7904693459966197,1.0140003999206897
44.0,219.0,143.72531127929688,-1.0316908366313724,2.682192262098554,-4.920569350185115,-4.976962352725291,-2.4976822761705937,1.3407753707675676,-0.5388233169270995,4.7776104503870975,-0.7904687851255909,1.0140002873762055
44.0,219.0,143.72531127929688,-1.0316906408872089,2.6821910211667053,-4.920569845968932,-4.976963117143362,-2.497683118637956,1.3407753392187065,-0.5388231561379664,4.777610249089184,-0.790468945762103,1.013999902143274
44.0,219.0,143.72531127929688,-1.0316924853809597,2.682191298727023,-4.920569964194827,-4.976963932275672,-2.497686055450532,1.340774761056367,-0.5388216817546727,4.777611944654863,-0.7904694121894957,1.0140022081423634
44.0,219.0,143.72531127929688,-1.0316902752856705,2.68219229361729,-4.92057003597954,-4.976962244057837,-2.497682087685012,1.3407761778404197,-0.5388236836601692,4.777610344167083,-0.7904691329676439,1.013999574440291
44.0,219.0,143.72531127929688,-1.0316914409775393,2.682191093552899,-4.920568607467561,-4.976964390114649,-2.497684149509955,1.340774426448613,-0.5388222004063579,4.777611618378932,-0.790468673080392,1.014001489370746
44.0,219.0,143.72531127929688,-1.0316907173056622,2.682191365187946,-4.920569995137996,-4.976962623281617,-2.497682397144353,1.3407750886922043,-0.5388235449122565,4.777610025515212,-0.7904689961815787,1.0139996523123864
44.0,219.0,143.72531127929688,-1.0316905692477398,2.6821909945460582,-4.920570528708368,-4.976962473190124,-2.4976843090142875,1.3407759072987917,-0.5388233302485235,4.777611051427911,-0.7904695777619644,1.0140002308294438
44.0,219.0,143.72531127929688,-1.031690647288234,2.6821905418831378,-4.920569240018911,-4.976964749077341,-2.497684347834565,1.3407747708164646,-0.5388227999508626,4.777611685501682,-0.7904689319351359,1.0140011231274642
44.0,219.0,143.7252960205078,-1.0316908202327468,2.6821908414506543,-4.920569852499297,-4.976963857631823,-2.4976834243442045,1.340775447323984,-0.5388226206105902,4.777611091185477,-0.790468859542278,1.014000554951771
44.0,219.0,143.7252960205078,-1.0316908398593028,2.6821909298054214,-4.920569449675142,-4.976964246296502,-2.4976831207869434,1.340774743795019,-0.5388226018855349,4.777610651393605,-0.7904686521446784,1.0140006540590203
44.0,219.0,143.72531127929688,-1.0316912757777654,2.6821913012652,-4.920569088033296,-4.976963214010247,-2.4976845692762764,1.3407753414147088,-0.5388228344344173,4.777611589056356,-0.7904691834473292,1.0140011225632437
44.0,219.0,143.72531127929688,-1.0316910903585723,2.6821911690680924,-4.920570556437512,-4.976962861176884,-2.4976831020568806,1.3407753913414862,-0.5388231916976913,4.777610415271255,-0.7904690781930652,1.0140001260843858
44.0,219.0,143.72531127929688,-1.0316908154710482,2.682191929971922,-4.9205701175487,-4.976962265042971,-2.4976822932243152,1.3407759436173814,-0.5388232141024254,4.777610002109968,-0.7904689835869831,1.013999714430013
44.0,219.0,143.7252960205078,-1.03169146721029,2.682191453075924,-4.920570705844632,-4.976961837921658,-2.4976841670615872,1.340776127920666,-0.5388227597938675,4.777610683922541,-0.7904694358470818,1.01400018457546
44.0,219.0,143.72531127929688,-1.0316898643611734,2.682191512127593,-4.920570133015067,-4.976962151534129,-2.4976824751696376,1.3407760718549309,-0.5388241633419311,4.777610048779193,-0.7904692197646108,1.013999155787748
44.0,219.0,143.72531127929688,-1.0316905701852042,2.682192198192711,-4.920570090957711,-4.976961737839615,-2.497682394639748,1.3407756873792955,-0.5388240837752454,4.7776102705361865,-0.7904690608173217,1.0139992179873083
44.0,219.0,143.72531127929688,-1.0316909100199938,2.6821915172609314,-4.920568742138302,-4.976963110528992,-2.497682883803514,1.3407751706726607,-0.5388226569321279,4.7776106133505625,-0.7904686233706517,1.014000547448008
44.0,219.0,143.72531127929688,-1.0316914338453254,2.68219122046143,-4.920569626112043,-4.976963201346763,-2.497683004873929,1.3407752312716177,-0.5388225286939461,4.777610461922983,-0.7904687364382159,1.014000511106076
44.0,220.0,143.72531127929688,-1.0316902002331978,2.682192272236196,-4.9205705975929295,-4.976961918808263,-2.497681535384669,1.3407756020641577,-0.5388241198774963,4.77760974089329,-0.790468986104985,1.013998960684482
44.0,220.0,143.7252960205078,-1.0316905128558629,2.6821913671481576,-4.920569524230908,-4.97696287313788,-2.497683426004057,1.3407759252714877,-0.5388231256371672,4.777611060773344,-0.79046911316156,1.0140003062714875
44.0,220.0,143.7252960205078,-1.031691606378046,2.682190977874681,-4.920570395933275,-4.976962094000684,-2.497683876914257,1.3407753882256648,-0.5388229031570289,4.777610556904243,-0.7904694386113915,1.0140000675607883
44.0,220.0,143.72531127929688,-1.0316905366590818,2.6821910600556222,-4.920570370801537,-4.976963412094614,-2.49768273475784,1.3407755191621344,-0.5388230461149055,4.777610445633536,-0.7904687991253132,1.0140000584143003
44.0,220.0,143.72531127929688,-1.0316919667180136,2.6821909096937,-4.920570568548398,-4.976963576089108,-2.4976853548523743,1.340775320884637,-0.5388222300642473,4.777611655709379,-0.7904693855326164,1.014001186266496
44.0,220.0,143.7252960205078,-1.0316911799556507,2.682191420069961,-4.9205705928455865,-4.976962598406817,-2.497683489705386,1.3407755590341246,-0.5388227784958888,4.777610943766957,-0.7904693023608624,1.0140001932148437
44.0,220.0,143.7252960205078,-1.0316906591290982,2.682191625843622,-4.920571089600847,-4.97696158050602,-2.4976831612825947,1.3407763388676166,-0.5388234028342529,4.777610733948245,-0.7904696093436892,1.013999497088072
44.0,220.0,143.7252960205078,-1.0316910491553903,2.682191336743948,-4.920569800955335,-4.976963831361887,-2.497683375007022,1.3407749004165916,-0.538822734607816,4.7776107108553685,-0.7904688270913365,1.0140007610192248
44.0,220.0,143.72531127929688,-1.031690526317932,2.682190840002113,-4.920570324598855,-4.976964343939189,-2.4976834242522763,1.340775164291518,-0.5388227498497571,4.777611310376766,-0.790469110740192,1.0140006291845165
44.0,220.0,143.72531127929688,-1.0316920772702345,2.6821919367720533,-4.92057090132002,-4.976961186420883,-2.4976848570677523,1.3407757397084357,-0.5388228256650729,4.777611018279909,-0.7904698251349718,1.0140005030009958
44.0,220.0,143.72531127929688,-1.031690031714212,2.6821910828688296,-4.920570499079328,-4.976962798558659,-2.497683025960676,1.3407756939250888,-0.5388236994796403,4.777610456843565,-0.7904692303377585,1.0139996896981014
44.0,220.0,143.72531127929688,-1.0316898174633835,2.68219081381314,-4.920570557369469,-4.976962635512514,-2.497682411650721,1.3407759889094804,-0.5388237757302861,4.777610156769917,-0.7904691250374967,1.0139989853235232
44.0,220.0,143.7252960205078,-1.0316899285167611,2.682191768911128,-4.920569481486008,-4.976963075827112,-2.49768195659506,1.3407756604492826,-0.5388236073974939,4.777609929100514,-0.7904686232141609,1.013999398389288
44.0,220.0,143.72531127929688,-1.0316912525921107,2.6821911734941946,-4.920570008087067,-4.976962800417901,-2.497684662474075,1.3407759730382036,-0.5388223871111695,4.777611557913271,-0.7904693759360439,1.014001077367456
44.0,220.0,143.72531127929688,-1.0316918677554043,2.6821909771464547,-4.920571354863112,-4.976962446375377,-2.497685110212432,1.3407761477559834,-0.5388223373912373,4.777610552748358,-0.7904695645519206,1.01400049618407
44.0,220.0,143.72531127929688,-1.031692082962838,2.682190733888614,-4.92056994062209,-4.9769643339491765,-2.497685927316906,1.340774984768398,-0.5388214662873922,4.777611881238864,-0.7904692280342438,1.0140019300693357
44.0,220.0,143.7252960205078,-1.031690689801663,2.68219114912432,-4.920569211601861,-4.976963639787895,-2.497683342801505,1.3407753056495275,-0.5388229004440079,4.777610651744103,-0.7904685774778937,1.014000358277659
44.0,220.0,143.72531127929688,-1.0316903902216907,2.6821914019606474,-4.920570977892542,-4.976962535602386,-2.497682408793496,1.34077608794568,-0.538823707296463,4.7776107605524345,-0.7904692844117678,1.013999408136014
44.0,220.0,143.72531127929688,-1.031690825981027,2.682190562212745,-4.920570093900421,-4.976963478937275,-2.497684466045831,1.3407755118145843,-0.5388228499633296,4.777610963841042,-0.7904692587561808,1.0140003340096442
44.0,220.0,143.72531127929688,-1.0316916621850565,2.682190817844643,-4.920569612540421,-4.976963887761104,-2.497684413517937,1.3407751181718215,-0.5388219495324424,4.777611135358663,-0.7904689298634828,1.0140012527809823
44.0,220.0,143.7252960205078,-1.0316903802267774,2.682191462164919,-4.920570316169466,-4.976962907368374,-2.497682498662166,1.3407752197056428,-0.5388236841544884,4.777610040777777,-0.79046905869847,1.0139994572452258
44.0,220.0,143.72531127929688,-1.03168974688139,2.682190910256434,-4.920569613783737,-4.976962990591183,-2.497682006578993,1.3407756190071822,-0.5388239558716705,4.77761053628838,-0.7904688971955451,1.0139993861586465
44.0,220.0,143.72531127929688,-1.0316904424690128,2.6821913669512227,-4.920569534735429,-4.976963381379475,-2.4976814415452893,1.3407749303650365,-0.5388233126842579,4.777609955487483,-0.7904684942827984,1.013999735941583
44.0,220.0,143.7252960205078,-1.0316901668579543,2.682191860738344,-4.920570185230678,-4.976963283928879,-2.4976825899754336,1.3407758182651346,-0.5388234068543749,4.777611139135274,-0.7904689961201363,1.014000225112336
44.0,220.0,143.7252960205078,-1.0316912324470855,2.6821917271600864,-4.920569782161761,-4.976962505001295,-2.4976834898452176,1.3407753998585423,-0.5388229016872366,4.777611175239448,-0.7904690827279195,1.0140003671641988
44.0,220.0,143.7252960205078,-1.0316918991195752,2.682190901837372,-4.920570052732836,-4.976963619161597,-2.4976840916440897,1.3407749137874534,-0.5388222297606546,4.777611186190249,-0.7904690707559405,1.014001035230086
44.0,220.0,143.7252960205078,-1.0316916850249314,2.6821914320752533,-4.920570372350426,-4.976962405313772,-2.497683540062753,1.3407753929808308,-0.538822830788046,4.777611159134063,-0.7904692530109791,1.0140004787241192
44.0,220.0,143.7252960205078,-1.0316925054244406,2.6821909759177416,-4.920570189299823,-4.976964456806736,-2.497684946294723,1.340775332780736,-0.5388213221701355,4.777611507675621,-0.7904690523525435,1.0140018222897798
44.0,220.0,143.7252960205078,-1.0316914191676745,2.682190962607472,-4.920569776793446,-4.9769634557656826,-2.497683812092424,1.3407746896564054,-0.538822606594918,4.777611059156216,-0.7904688222132314,1.0140005567429533
44.0,220.0,143.72531127929688,-1.031691392489413,2.682190598631765,-4.9205699356556325,-4.976963998173472,-2.4976850417151084,1.3407751288229868,-0.5388223447081479,4.777611606513208,-0.7904692579876844,1.0140013425865284
44.0,220.0,143.7252960205078,-1.03169153950728,2.682191659007433,-4.920569907693323,-4.976962446697744,-2.49768411311932,1.3407753526801578,-0.5388225025171494,4.777611118068574,-0.790469210915381,1.0140008671566385
44.0,220.0,143.72531127929688,-1.0316898196253588,2.68219155233112,-4.920570978380675,-4.976961669821896,-2.497681361806938,1.340776031504889,-0.5388241453786122,4.777609444009482,-0.7904691844751257,1.0139985100597393
44.0,220.0,143.72531127929688,-1.0316896546067205,2.682191283281873,-4.920570118182292,-4.976961972917131,-2.497682516793024,1.340776133248058,-0.538824193051374,4.777609901062188,-0.7904691730103606,1.0139988405068614
44.0,220.0,143.7252960205078,-1.0316916433938743,2.6821917157885053,-4.920570407791557,-4.976962754574721,-2.4976829853339044,1.3407755252077074,-0.5388229060805347,4.777610573072913,-0.7904692023160749,1.0140003895145109
44.0,220.0,143.72531127929688,-1.031690645711814,2.6821920566855093,-4.920570335797597,-4.976961435211332,-2.497683169031851,1.3407759948163802,-0.5388234911204446,4.777610023385536,-0.790469247785949,1.0139994345795342
44.0,220.0,143.72531127929688,-1.0316909765737678,2.682191870790476,-4.920571061571133,-4.976962187438037,-2.497683237735673,1.3407758758889612,-0.5388232057130384,4.777610384298333,-0.7904692655690395,1.01400002137754
44.0,220.0,143.7252960205078,-1.0316920046462656,2.6821906062638954,-4.920569463920368,-4.976964174686846,-2.497684064437882,1.340774554795149,-0.5388219442468394,4.777610822652143,-0.7904687168196487,1.0140011780204023
44.0,220.0,143.7252960205078,-1.0316916541071808,2.6821918376839022,-4.920570309307199,-4.976963121154922,-2.497683312666724,1.3407751098748228,-0.5388227999359891,4.777611059890944,-0.7904690807653916,1.014000674793376
44.0,220.0,143.72531127929688,-1.031690670802734,2.682191610007467,-4.920570533621126,-4.976963026079383,-2.497682383410126,1.3407757527042534,-0.5388231449325476,4.777610160822508,-0.7904688527135946,1.0139999458683446
44.0,220.0,143.72531127929688,-1.0316897084543135,2.6821918070440898,-4.920570378043954,-4.97696188778197,-2.497681012377055,1.340776190423977,-0.5388240302052818,4.777609298930777,-0.7904687828722992,1.0139986642894971
44.0,220.0,143.72531127929688,-1.0316920534243137,2.6821912043067684,-4.920570507960865,-4.976963099471704,-2.497684614727943,1.3407756782889058,-0.5388221842892555,4.777611159099061,-0.7904694792298264,1.014001069128371
44.0,220.0,143.72531127929688,-1.031691378111792,2.6821906706649257,-4.92057104407976,-4.976963452742164,-2.497684565863528,1.3407754223935957,-0.5388229225214065,4.777611792233095,-0.7904697350464689,1.0140005535059196
44.0,220.0,143.7252960205078,-1.031691188909308,2.6821909174771275,-4.920570730611868,-4.976962862166477,-2.497683489111872,1.340775832160455,-0.538822740558099,4.777610653358757,-0.790469410041192,1.014000028107349
44.0,220.0,143.72531127929688,-1.03169064655841,2.6821905687238896,-4.920570087428096,-4.976963350555567,-2.497684556538676,1.3407756764606713,-0.5388231704090165,4.777611557222292,-0.7904695140934157,1.0140004599170158
44.0,220.0,143.7252960205078,-1.0316909458993786,2.6821908744191427,-4.920570534560371,-4.97696289716575,-2.497683538143034,1.3407757783898742,-0.5388228307402398,4.77761082312027,-0.7904693023772458,1.0140000536792302
44.0,220.0,143.72531127929688,-1.0316910056108206,2.6821917377464874,-4.92057002196141,-4.976962710478229,-2.497682893033229,1.34077556564095,-0.5388230352975452,4.777610847873689,-0.7904690872313802,1.0140001286711549
44.0,220.0,143.72531127929688,-1.0316921635250846,2.6821912442036044,-4.920570397638629,-4.976962833968288,-2.4976855219478256,1.3407747310018756,-0.5388224011621876,4.777611378029476,-0.7904694932202583,1.0140012468833906
44.0,220.0,143.7252960205078,-1.0316903868766851,2.682191888392259,-4.920569621916187,-4.976962816385371,-2.4976835686767136,1.340775250592399,-0.5388233725351448,4.777611153845532,-0.7904690091439743,1.0140004716133897
44.0,220.0,143.7252960205078,-1.0316898091377311,2.6821913647214526,-4.920569660662191,-4.976962816230865,-2.4976822379233776,1.3407758043797182,-0.5388237770611459,4.777610446546172,-0.7904690440470441,1.013999353547863
44.0,220.0,143.7252960205078,-1.03169091624303,2.682191476150056,-4.92056989673038,-4.97696258129976,-2.497683424782366,1.340775610322,-0.5388230977423216,4.777610743276741,-0.7904692869230878,1.0140002643294643
44.0,221.0,143.72531127929688,-1.0316928034203672,2.682191303946987,-4.920570272037228,-4.976963251697548,-2.49768505518785,1.3407750834224297,-0.5388219325780792,4.777611602427015,-0.7904695175106466,1.0140016051465572
44.0,221.0,143.7252960205078,-1.0316912551493205,2.682191786437089,-4.92057020729659,-4.976962775611201,-2.497682905925106,1.3407753650948662,-0.5388229699879767,4.77761080016562,-0.7904692694764677,1.0140002807963446
44.0,221.0,143.72531127929688,-1.0316914252168252,2.6821916860593022,-4.920570105156103,-4.976962371741891,-2.497683413050875,1.3407756574997167,-0.5388227796674618,4.777610349167759,-0.7904691408796429,1.0140002348838282
44.0,221.0,143.7252960205078,-1.0316907543336755,2.682191294678086,-4.920569604806079,-4.97696191604326,-2.497682831979497,1.3407756989138928,-0.5388231819908622,4.777610559218477,-0.7904690313460518,1.0139998991098509
44.0,221.0,143.7252960205078,-1.031690887523462,2.682191715192163,-4.920569325854306,-4.976963029651685,-2.4976834274201103,1.3407753698809746,-0.538822751633651,4.7776110277087405,-0.7904688280048573,1.0140006388961167
44.0,221.0,143.72531127929688,-1.031691001488583,2.682191127946,-4.920569783167387,-4.976963866592826,-2.4976829317899902,1.3407747873601226,-0.5388227347732633,4.777610874266919,-0.7904687921532956,1.0140003860923406
44.0,221.0,143.7252960205078,-1.0316926046644823,2.6821914998109584,-4.920569429911497,-4.976963818289942,-2.497684562048565,1.3407747287093184,-0.5388216522498563,4.777611266309323,-0.7904689842249599,1.0140018485531428
44.0,221.0,143.72531127929688,-1.0316900743891373,2.682190873386132,-4.920569548269344,-4.976963583392117,-2.4976817931218447,1.3407756172807144,-0.5388233049024578,4.777610258182275,-0.7904686455804484,1.0139994688959213
44.0,221.0,143.7252960205078,-1.031691379576725,2.682191295380373,-4.920570228288817,-4.976963000011753,-2.4976837024296423,1.34077574299884,-0.5388225377924405,4.777611072592698,-0.7904691424342589,1.0140006206252885
44.0,221.0,143.7252960205078,-1.0316914529455627,2.6821919725101893,-4.920570419841108,-4.976962374417526,-2.4976840784132377,1.3407756754921918,-0.5388229539001363,4.777611109233247,-0.7904692102659965,1.014000470863242
44.0,221.0,143.7252960205078,-1.0316911947290008,2.682190915766167,-4.920569857406521,-4.976963722121584,-2.4976835267907176,1.3407750052131773,-0.5388226136543119,4.777610738911717,-0.7904688890837779,1.0140005534071603
44.0,221.0,143.7252960205078,-1.0316924317056886,2.682190943411912,-4.920570354475903,-4.976963159957344,-2.497683921548122,1.340774889427001,-0.5388220428349202,4.77761076090113,-0.7904691315242438,1.0140007430793307
44.0,221.0,143.7252960205078,-1.0316909940618897,2.6821909387243057,-4.92056979482264,-4.976962998313518,-2.497683580887282,1.340775494937442,-0.5388227055160861,4.7776108692949535,-0.7904690030094494,1.0140003297423048
44.0,221.0,143.7252960205078,-1.0316912349049143,2.682190895196768,-4.920569595895784,-4.976964150257105,-2.4976838809222306,1.340774990431111,-0.5388221654078231,4.777611330382353,-0.7904688635544064,1.014001283326504
44.0,221.0,143.72531127929688,-1.0316900074069002,2.682190974902356,-4.920570478817487,-4.976962733784074,-2.497682731470501,1.340776018285185,-0.5388234686681308,4.777610299317466,-0.7904692644574558,1.0139995869829734
44.0,221.0,143.72531127929688,-1.031690728063143,2.6821915085248804,-4.920570495644593,-4.976962606507923,-2.497682108424306,1.3407756725587632,-0.5388233706592116,4.777610297590103,-0.7904690046861038,1.0139995030648938
44.0,221.0,143.72531127929688,-1.0316917091339932,2.682191219240834,-4.920569405308884,-4.976963911525938,-2.497684397871312,1.3407747459220962,-0.5388222502756594,4.777611628660646,-0.7904691135174815,1.014001617446466
44.0,221.0,143.72531127929688,-1.0316912907996167,2.6821913689641663,-4.9205701456782425,-4.976962983509703,-2.4976823207514824,1.3407750747184757,-0.538823023092899,4.777610143740002,-0.7904687798115981,1.0139996607884827
44.0,221.0,143.72531127929688,-1.0316897353644845,2.682191211988937,-4.920569364079027,-4.976962866754397,-2.497682111128165,1.340775971101773,-0.5388235368212424,4.777610318588863,-0.7904689019138509,1.0139995230497076
44.0,221.0,143.7252960205078,-1.031691369495583,2.682190608353485,-4.920570745713003,-4.976963535850839,-2.497683557089676,1.3407750739254842,-0.5388225467034404,4.777610778462465,-0.790469250439445,1.0140003551142307
44.0,221.0,143.7252960205078,-1.031691082957952,2.682191481360769,-4.920570081814151,-4.976962859427757,-2.497683980517035,1.3407752458332132,-0.5388230065814188,4.777611180507284,-0.7904693012711608,1.0140005845960207
44.0,221.0,143.7252960205078,-1.0316926883441837,2.682190790244583,-4.920570058783133,-4.976963944452005,-2.4976851070187847,1.3407746956871804,-0.5388213850942041,4.777611603391669,-0.7904692443646955,1.014001855268324
44.0,221.0,143.7252960205078,-1.031691856051267,2.682191524550971,-4.920570097090725,-4.976962660818727,-2.497684557959452,1.340775281562422,-0.5388225879496114,4.777611254692193,-0.7904693542695753,1.0140009882240817
44.0,221.0,143.7252960205078,-1.0316904831497369,2.682191176666686,-4.920570254785774,-4.976963305802208,-2.4976828093929178,1.3407757151743604,-0.5388229828051694,4.777610828981082,-0.790468963661624,1.0139999810334732
44.0,221.0,143.7252960205078,-1.0316903823354395,2.682191760367066,-4.920568517186353,-4.976963508572433,-2.497683291022849,1.340774886404816,-0.5388235268561523,4.777611121264798,-0.7904687141118485,1.0140004635677524
44.0,221.0,143.72531127929688,-1.0316908048054456,2.682191514334149,-4.920569851235042,-4.976962493154925,-2.497682985553078,1.3407753386721533,-0.5388232024815656,4.777610644912317,-0.7904690190629768,1.0139999641645678
44.0,221.0,143.7252960205078,-1.0316928900680449,2.6821912678318416,-4.92056994428946,-4.9769634741418285,-2.497685185317652,1.3407750557479703,-0.5388215901232627,4.777611919573248,-0.7904692458004323,1.014001654577914
44.0,221.0,143.72531127929688,-1.0316908274157155,2.682191621181154,-4.920570159973003,-4.976962179006192,-2.497682350285289,1.3407758259537417,-0.5388231521596412,4.777609965101977,-0.7904690714691585,1.0139996159872269
44.0,221.0,143.7252960205078,-1.0316908287829367,2.682190882892152,-4.920570031810756,-4.9769634649489145,-2.49768344187847,1.3407755905632204,-0.5388227702477524,4.777611183377921,-0.7904690966972625,1.0140003511672049
44.0,221.0,143.7252960205078,-1.0316913440331992,2.682191705522822,-4.920569600158164,-4.976963170841714,-2.497683069365057,1.3407751564360275,-0.5388226413884372,4.777611108102091,-0.7904688439638248,1.0140007099214945
44.0,221.0,143.7252960205078,-1.0316916902399265,2.6821913970541624,-4.920569869182013,-4.976963286012237,-2.497684392277333,1.3407748864636098,-0.5388224427439479,4.777611109749284,-0.7904690429329726,1.014001011413744
44.0,221.0,143.7252960205078,-1.0316910434364872,2.6821913565146582,-4.920569748174259,-4.976963506563233,-2.49768382975525,1.3407755513251232,-0.5388226101819722,4.77761112320694,-0.7904690799278367,1.0140007214326916
44.0,221.0,143.7252960205078,-1.0316909519227253,2.682191923101418,-4.92056942915578,-4.976963223696404,-2.4976825950062977,1.340775615458524,-0.5388227630301952,4.777610630382927,-0.7904687936122272,1.0140005293183227
44.0,221.0,143.72531127929688,-1.0316922495714116,2.6821913229420584,-4.920570538780239,-4.976963602528964,-2.4976848670032643,1.3407749977786363,-0.5388220065759741,4.777611628433082,-0.7904693158713147,1.0140014819146843
44.0,221.0,143.72531127929688,-1.03169166099238,2.6821919825212595,-4.920570282106622,-4.976962005016013,-2.4976829501887527,1.3407752318449306,-0.5388230077313407,4.777610314691817,-0.7904690610897323,1.0139998180153276
44.0,221.0,143.7252960205078,-1.031691146901796,2.682191498919304,-4.920569948692834,-4.976962706425851,-2.497683846293788,1.340775538903879,-0.5388228150550471,4.777610635772431,-0.7904692581689989,1.014000381862502
44.0,221.0,143.7252960205078,-1.031691654875313,2.682190910883277,-4.920570138592028,-4.976962794147969,-2.497684114045737,1.3407759003350783,-0.5388222414186261,4.777610969656864,-0.7904692791253733,1.0140004711256232
44.0,221.0,143.7252960205078,-1.0316914314188388,2.682191116357818,-4.920570409350199,-4.976962729542321,-2.497683265242011,1.3407755139602484,-0.5388227716277889,4.777610775161371,-0.7904693828230593,1.0140002616421937
44.0,221.0,143.72531127929688,-1.031690292123827,2.6821913107041464,-4.920570101778664,-4.976962943215991,-2.497682129480603,1.3407754501736395,-0.5388234732570405,4.777610487403312,-0.7904689724568055,1.0139996427956497
44.0,221.0,143.72531127929688,-1.0316904993507996,2.682191162886916,-4.92056963239122,-4.9769634323634735,-2.497682834224324,1.3407757988700446,-0.5388230060231116,4.777610896507616,-0.7904690375631578,1.0140003553110883
44.0,221.0,143.72531127929688,-1.0316920857208838,2.682191336170936,-4.920568527556953,-4.976964175463936,-2.497684180634396,1.3407744291510673,-0.5388217240434106,4.777611870751453,-0.7904686639426526,1.0140018546380638
44.0,221.0,143.7252960205078,-1.0316905681291342,2.6821918169293646,-4.920569591148333,-4.976961864439304,-2.497682331752382,1.3407757707290404,-0.5388233714423807,4.77761058748156,-0.7904690474064306,1.0139996885920697
44.0,221.0,143.7252960205078,-1.0316917522468256,2.6821913239508968,-4.920570152962237,-4.976963475072604,-2.497684429534975,1.340775085014454,-0.5388224393983156,4.7776111064800695,-0.7904692324429536,1.0140009677412367
44.0,221.0,143.72531127929688,-1.0316912612701286,2.682191395102775,-4.920569443126461,-4.976963829488525,-2.497684701168887,1.3407755590049684,-0.5388222447208566,4.777611585650396,-0.7904689278378747,1.0140013404696244
44.0,221.0,143.7252960205078,-1.031691560790866,2.682190993375146,-4.92057035770749,-4.9769632461652975,-2.4976840727087826,1.3407750346400684,-0.5388226754768288,4.777611057046702,-0.7904691453069885,1.014000577373837
44.0,221.0,143.7252960205078,-1.031691940332533,2.682191463153876,-4.920570682602795,-4.97696309307559,-2.497683948822345,1.340775229868262,-0.5388225444831916,4.777611144968088,-0.7904691183977466,1.0140008707424064
44.0,221.0,143.7252960205078,-1.0316915595292366,2.682191487764745,-4.920570169024348,-4.976962843924252,-2.4976838671462698,1.3407755045345802,-0.5388225930384056,4.777611161200179,-0.7904691757333353,1.014000664461422
44.0,221.0,143.72531127929688,-1.0316901537168317,2.6821917977651264,-4.920570938451316,-4.97696160901257,-2.4976816375367417,1.340775862346984,-0.538824084499371,4.777609980986261,-0.7904692778254354,1.0139989179727156
44.0,221.0,143.7252960205078,-1.0316913931033185,2.682191749984581,-4.920570593223011,-4.976962074555519,-2.497683448740258,1.3407754894564503,-0.538823083545509,4.777610823058984,-0.7904692194553196,1.0140000550087187
44.0,221.0,143.7252960205078,-1.0316914157476726,2.68219104158523,-4.9205703105425815,-4.976962542864623,-2.4976839024383404,1.3407754535815783,-0.5388225800144388,4.777611156433144,-0.7904693295253891,1.0140004249918375
44.0,222.0,143.72531127929688,-1.031690245314873,2.682190979325068,-4.920569739936977,-4.976963091972569,-2.497682898893314,1.340775881577966,-0.538823204457433,4.777610938390412,-0.7904692186195925,1.0139999166321898
44.0,222.0,143.72531127929688,-1.031691383670621,2.6821921950171497,-4.920569929421895,-4.97696194446275,-2.4976828961677304,1.3407755528256242,-0.5388231820107485,4.777610304367098,-0.7904690889133388,1.0139998147798188
44.0,222.0,143.7252960205078,-1.0316906908270775,2.682191780853717,-4.920569130302206,-4.976963379554449,-2.4976832205426303,1.340774997013182,-0.5388233376703289,4.777611215990879,-0.7904689752489027,1.0140003846799095
44.0,222.0,143.72531127929688,-1.0316920671340268,2.682190937399966,-4.920569978556751,-4.976963210482497,-2.497684457162636,1.3407751801252736,-0.5388220536651813,4.777611236009882,-0.7904691599262463,1.0140010348204322
44.0,222.0,143.7252960205078,-1.0316909471287137,2.6821909674949005,-4.920570013714502,-4.976963017724608,-2.4976833680203647,1.3407755860722688,-0.5388227617249433,4.777610545559915,-0.7904692353690059,1.014000073452063
44.0,222.0,143.7252960205078,-1.0316914389009986,2.682191451482088,-4.920570437995179,-4.97696225082896,-2.49768326799159,1.3407756194823257,-0.5388230102726546,4.777610625182437,-0.7904692191352094,1.0140000836214131
44.0,222.0,143.7252960205078,-1.031691966616663,2.68219110435249,-4.920570659890855,-4.976962801190816,-2.497684019016379,1.3407752926188046,-0.5388223799424452,4.777611225950466,-0.790469332421047,1.0140005982725846
44.0,222.0,143.7252960205078,-1.0316912262821445,2.6821918075379223,-4.920569402505903,-4.976962836743122,-2.4976834494037474,1.3407753204342443,-0.5388229366913624,4.777610587378886,-0.7904689217038605,1.014000464937724
44.0,222.0,143.7252960205078,-1.0316912486609926,2.682191067694672,-4.9205698705542495,-4.976963472733946,-2.4976841540157624,1.3407755110634962,-0.5388224225916352,4.777611110208952,-0.7904691948408784,1.014000865004303
44.0,222.0,143.72531127929688,-1.031691526011604,2.6821915721365155,-4.920570708585667,-4.976961840032801,-2.4976829146427275,1.3407755609456338,-0.5388229713406689,4.777610138138488,-0.79046930902049,1.013999856612653
44.0,222.0,143.72531127929688,-1.031690971485398,2.682191863360212,-4.92057041922003,-4.976961602988456,-2.497682955006031,1.3407761299763727,-0.5388231148201106,4.777610405832771,-0.7904693272988688,1.013999814572948
44.0,222.0,143.7252960205078,-1.0316914083864923,2.68219177117512,-4.920569786257888,-4.976963012577182,-2.4976832439286847,1.340774822093854,-0.5388229866871548,4.777610927594363,-0.7904689578751327,1.0140004607790898
44.0,222.0,143.7252960205078,-1.031690958729563,2.682191250717916,-4.920569874092232,-4.976964079429006,-2.49768350829664,1.3407752334796577,-0.5388226699651453,4.777611130991412,-0.7904689051775655,1.014000599327277
44.0,222.0,143.72531127929688,-1.0316918925320735,2.6821912240187125,-4.920570161649063,-4.976964064065288,-2.497684423678437,1.3407749979302883,-0.5388220888187973,4.777611805530601,-0.7904690942182535,1.014001372912789
44.0,222.0,143.72531127929688,-1.0316926060097726,2.682190670078536,-4.920569928487689,-4.976964268470033,-2.4976853217002795,1.3407747122524292,-0.538821594573653,4.777612031222317,-0.7904693165301531,1.0140018611800254
44.0,222.0,143.7252960205078,-1.0316913845187874,2.682192087313052,-4.920570267721844,-4.976961723182836,-2.4976839137384306,1.3407759679752465,-0.5388230060432173,4.777610721523972,-0.7904695369128474,1.0140002160577597
44.0,222.0,143.72531127929688,-1.0316912344574765,2.682191842996162,-4.920570109904389,-4.976962501821973,-2.49768288104341,1.340775549474155,-0.5388231084734034,4.777610506307424,-0.7904690630959061,1.014000058152142
44.0,222.0,143.7252960205078,-1.0316905373218006,2.682191358567742,-4.920570193241764,-4.976962505978415,-2.497682881698666,1.340775731923637,-0.538823302549341,4.777610819253981,-0.7904692602579537,1.0139998860701604
44.0,222.0,143.7252960205078,-1.0316913856101402,2.6821910650123773,-4.920570547147495,-4.976963506904686,-2.497683294034175,1.3407752957683885,-0.5388225893950995,4.777610939619949,-0.7904691361178164,1.0140005140292103
44.0,222.0,143.7252960205078,-1.031691021223338,2.682191128718088,-4.920569598326134,-4.976963248036786,-2.497683623727553,1.3407753685180968,-0.5388230026926797,4.7776108731576485,-0.7904689974065189,1.0140003817754415
44.0,222.0,143.72531127929688,-1.0316912266836882,2.6821910014548767,-4.920570639111406,-4.976963069024382,-2.49768307175008,1.3407759826183714,-0.5388226153370281,4.777610489177516,-0.7904691952480309,1.014000074464004
44.0,222.0,143.7252960205078,-1.0316906432618027,2.68219080558615,-4.920569922658271,-4.976963554570067,-2.497684240149316,1.3407755662172738,-0.5388227145563826,4.7776113301904015,-0.7904691554181165,1.0140005048795828
44.0,222.0,143.7252960205078,-1.031692226012089,2.6821912761620714,-4.92056925339127,-4.976963644997334,-2.497684944529937,1.3407748042488858,-0.5388219041801054,4.77761143120668,-0.7904689484549863,1.0140018150054786
44.0,222.0,143.7252960205078,-1.0316904700770415,2.6821918063950907,-4.920569933158858,-4.976962573585958,-2.497682671937958,1.3407755054473895,-0.5388233862411553,4.777610568542313,-0.7904690533503995,1.0139999061477625
44.0,222.0,143.72531127929688,-1.031690713415962,2.68219174633772,-4.920569875358403,-4.976962755632342,-2.4976829696778347,1.3407755246394668,-0.5388232000401336,4.777610897487289,-0.7904689783839132,1.014000182611296
44.0,222.0,143.7252960205078,-1.0316914115584632,2.68219141790883,-4.920569440445818,-4.9769631644297485,-2.4976847535930338,1.3407755273937951,-0.5388226121097333,4.777611845903,-0.7904692604728467,1.0140010721361217
44.0,222.0,143.7252960205078,-1.0316918524653973,2.68219175613244,-4.920569584231893,-4.976963253817671,-2.4976839352480145,1.3407751260313103,-0.5388225151164683,4.777611236760578,-0.7904689045147517,1.0140009881416496
44.0,222.0,143.7252960205078,-1.0316912611952729,2.6821924745004333,-4.920569577651174,-4.976962102987242,-2.497682614958131,1.3407753799067637,-0.5388234102104352,4.777610694209667,-0.7904689793683959,1.0140000411729098
44.0,222.0,143.7252960205078,-1.0316912233046658,2.682190966213084,-4.920570560636018,-4.976963045624939,-2.497683467778604,1.3407754382274568,-0.5388226481826912,4.777610871593206,-0.7904692671521021,1.0140003514176374
44.0,222.0,143.7252960205078,-1.0316918812801452,2.6821915300449914,-4.920570093191272,-4.976963054244346,-2.497684088826393,1.340775331098344,-0.5388218852095106,4.777611368274883,-0.7904691508558273,1.0140012693091354
44.0,222.0,143.7252960205078,-1.031691733769922,2.682191467474377,-4.9205700219467134,-4.976962880123035,-2.4976837877025866,1.3407750511837833,-0.5388227635937559,4.7776109394815,-0.7904691229836045,1.0140005765882243
44.0,222.0,143.72531127929688,-1.0316922440570373,2.682190439308229,-4.920569530890968,-4.976964695384729,-2.4976847231530903,1.3407746141935908,-0.5388215240289167,4.777611801570222,-0.7904688705771887,1.0140018534922142
44.0,222.0,143.7252960205078,-1.031690812280833,2.6821913465958183,-4.9205706154876765,-4.976963198682993,-2.497683170905687,1.3407757747241718,-0.538822863683059,4.777610588132678,-0.7904692098733355,1.0140000756925494
44.0,222.0,143.7252960205078,-1.0316920494898083,2.6821912384837105,-4.920568881324352,-4.976964245572731,-2.497684599404618,1.3407744412943678,-0.5388223402602872,4.7776113731911405,-0.7904689171049686,1.0140014544953635
44.0,222.0,143.72531127929688,-1.0316923730629144,2.682191191286868,-4.920569700947336,-4.97696388039289,-2.497685490376094,1.3407746466209236,-0.5388219551912794,4.777612017852244,-0.7904691643308652,1.0140018509787303
44.0,222.0,143.7252960205078,-1.0316911122858494,2.682191501698896,-4.920569770725913,-4.976963256250021,-2.4976832877854105,1.340775441134011,-0.5388226555307076,4.777610925607567,-0.790469008517821,1.0140006489734326
44.0,222.0,143.72531127929688,-1.0316927601251011,2.6821906773749955,-4.920569611280188,-4.976963845751537,-2.4976847878280743,1.3407749181351267,-0.5388213650588733,4.777611576700888,-0.7904691238121551,1.0140017361410845
44.0,222.0,143.72531127929688,-1.0316920739956408,2.682191875897985,-4.920569452630193,-4.976962884104929,-2.4976846125756182,1.3407753999806855,-0.5388221145975844,4.777611641907239,-0.7904690741732585,1.014001311160011
44.0,222.0,143.72531127929688,-1.0316910557650427,2.6821913026826376,-4.920569370304496,-4.97696310194332,-2.497683085900419,1.3407753515650631,-0.5388226924668507,4.777610429172079,-0.790468875514831,1.014000272195129
44.0,222.0,143.7252960205078,-1.0316909588621836,2.6821919040783104,-4.920569167641901,-4.9769636150608125,-2.49768271120396,1.3407747324225578,-0.53882295071391,4.777610542804492,-0.7904685605056914,1.0140005770693978
44.0,222.0,143.7252960205078,-1.031691325771957,2.682191433818754,-4.920569953749268,-4.976963617319253,-2.497683555384706,1.3407754388208568,-0.5388224856596215,4.7776109962732285,-0.7904689992981169,1.014000937457462
44.0,222.0,143.7252960205078,-1.0316908373699718,2.682191337052676,-4.92056936548712,-4.976963136808993,-2.4976838981051404,1.3407755572796258,-0.5388229688467643,4.777611063076261,-0.7904691352742912,1.014000580249891
44.0,222.0,143.7252960205078,-1.0316923603235333,2.682191538443374,-4.920569680582064,-4.9769630411618095,-2.497684209135038,1.3407751683766191,-0.5388220127162766,4.77761095577454,-0.7904689456005833,1.0140011812528416
44.0,222.0,143.7252960205078,-1.031691191466388,2.6821913249580103,-4.9205695444759225,-4.976963744521331,-2.4976835700050186,1.3407750348448737,-0.5388228015408378,4.777611227698932,-0.7904688821266213,1.014000547162759
44.0,222.0,143.72531127929688,-1.0316908721427422,2.682191793564412,-4.920569745836724,-4.976962474621454,-2.497682911726772,1.3407752843511176,-0.5388234532544214,4.777610225356247,-0.7904689808484786,1.0139999408993736
44.0,222.0,143.72531127929688,-1.0316912658486117,2.682190364214815,-4.92056956684841,-4.9769644241905295,-2.4976846003332547,1.3407749151280877,-0.5388222028233622,4.777611769565443,-0.7904690080207191,1.0140012406671757
44.0,222.0,143.7252960205078,-1.031691407640913,2.6821911167104906,-4.920570134957964,-4.976963901764375,-2.497683837678229,1.3407752223539529,-0.5388225073598996,4.777611340394019,-0.7904690397596195,1.0140008969571817
44.0,222.0,143.72531127929688,-1.0316911328776874,2.682190788139147,-4.920569901273204,-4.976963525199858,-2.4976828287314303,1.3407750791849962,-0.5388227436889084,4.777610453253224,-0.7904689264686944,1.0140001302546908
44.0,222.0,143.7252960205078,-1.0316903334478082,2.682190580310567,-4.920569771848153,-4.976963986795528,-2.497683570045414,1.340775410464433,-0.5388227325369552,4.777611144837238,-0.790468984357994,1.0140005663860183
44.0,222.0,143.7252960205078,-1.0316919003072682,2.6821917505737733,-4.920569891852131,-4.976962913903298,-2.497683891363596,1.3407752383947455,-0.5388222523929773,4.777610829365257,-0.7904688700452276,1.0140009253819071
44.0,223.0,143.7252960205078,-1.0316915581058872,2.682191310048214,-4.920569679973737,-4.97696338281405,-2.49768331975541,1.3407751359327378,-0.538822584072224,4.777610730629911,-0.7904688308339889,1.0140004810628174
44.0,223.0,143.7252960205078,-1.031691721463197,2.682191437170572,-4.920570011778048,-4.976963156393067,-2.497683343769534,1.340775014534806,-0.5388225313821016,4.7776110743005,-0.7904689713813129,1.014000816755671
44.0,223.0,143.7252960205078,-1.031690776138233,2.6821918202515977,-4.920569395264607,-4.976963536941976,-2.4976834129533816,1.3407752677035134,-0.5388227207760119,4.777610898487477,-0.7904687162867328,1.014000783447269
44.0,223.0,143.72531127929688,-1.0316907531630275,2.6821906379692626,-4.92057017199527,-4.976964066366921,-2.497684234438286,1.340775455829096,-0.5388224313010728,4.777611628285472,-0.7904691141186495,1.0140008760246566
44.0,223.0,143.72531127929688,-1.0316914317122947,2.682191267793952,-4.920570156330055,-4.976963095921437,-2.4976829030681875,1.3407752552181007,-0.5388225201043984,4.77761047115991,-0.7904688981721071,1.014000309350557
44.0,223.0,143.7252960205078,-1.0316911395643702,2.682191115667097,-4.92057026868958,-4.976963152520972,-2.497683882225099,1.3407754827462115,-0.5388228285737071,4.777610903277392,-0.790469131429334,1.0140005008552846
44.0,223.0,143.7252960205078,-1.031691994110913,2.6821915772908653,-4.920569723401608,-4.976963438469138,-2.4976844079448512,1.340774873259189,-0.5388223105859646,4.777611296440515,-0.7904691342371866,1.0140012990947644
44.0,223.0,143.7252960205078,-1.031692124713326,2.682191599889393,-4.920570528923419,-4.976962755263735,-2.4976839689449086,1.3407756174999417,-0.5388222602473913,4.777611008475063,-0.7904692387723431,1.0140008405856644
44.0,223.0,143.72531127929688,-1.0316904458428628,2.682191190041343,-4.920569696141796,-4.976963406686447,-2.497683080183905,1.3407753964476097,-0.5388231066738003,4.777610879185309,-0.7904689592645742,1.0140002816806328
44.0,223.0,143.72531127929688,-1.0316915042499848,2.682191173616644,-4.920570515216316,-4.97696251815488,-2.497683461081684,1.3407756394309187,-0.5388225481681763,4.777610480778808,-0.7904691070009537,1.0140002349582635
44.0,223.0,143.72531127929688,-1.031692292774541,2.682191083578739,-4.92056920480557,-4.976964094759111,-2.497684648639,1.3407744843258935,-0.5388217306791123,4.777611551393905,-0.7904688649504861,1.0140017743947327
44.0,223.0,143.7252960205078,-1.0316911839713856,2.6821911889746683,-4.920570225952565,-4.976963332066362,-2.497683528941359,1.3407752809351017,-0.538822520708294,4.777610690530379,-0.7904690547272812,1.0140005231008429
44.0,223.0,143.7252960205078,-1.0316912380132526,2.682191037196972,-4.920569875148672,-4.976962876614276,-2.4976844489980508,1.3407757499091677,-0.5388226055662768,4.777611082110028,-0.7904691874953285,1.0140005842051032
44.0,223.0,143.7252960205078,-1.0316911442850882,2.682191345692905,-4.9205699251651,-4.976963023347349,-2.4976833967223726,1.3407755140988549,-0.5388226769362925,4.777610767370357,-0.7904691077419166,1.0140005218228731
44.0,223.0,143.72531127929688,-1.0316911547901526,2.682191574913398,-4.9205699162555625,-4.976963281186051,-2.497682945586932,1.3407754259989613,-0.5388229104448055,4.777610808993565,-0.7904690491519766,1.0140004100358837
44.0,223.0,143.7252960205078,-1.0316919031281802,2.682191739208676,-4.920569906260958,-4.976962602394248,-2.49768444576169,1.3407755095555762,-0.5388223691515224,4.777611206032562,-0.7904691297182724,1.014000931785909
44.0,223.0,143.7252960205078,-1.0316908606737507,2.682191298195644,-4.920570655058201,-4.976962763226601,-2.49768347610552,1.3407756947569265,-0.5388229865832557,4.777610568517112,-0.7904693029769927,1.01400010685966
44.0,223.0,143.72531127929688,-1.0316908703462817,2.682191696755924,-4.920570145585174,-4.976962369916792,-2.4976828983887382,1.3407757370746012,-0.538823199274713,4.7776104493073,-0.7904690467844713,1.0139998051858203
44.0,223.0,143.7252960205078,-1.0316907975092766,2.682191214939502,-4.920569707264206,-4.976963893905421,-2.4976835206940344,1.3407753807727465,-0.5388226503466598,4.777610991436944,-0.7904687954722665,1.0140006529306316
44.0,223.0,143.72531127929688,-1.0316917814352653,2.6821906619453646,-4.9205692805093335,-4.976963980543826,-2.497685014637467,1.340774927825482,-0.5388221796365498,4.777611961177245,-0.7904689864205725,1.0140014568374935
44.0,223.0,143.72531127929688,-1.0316916329884052,2.6821905683585667,-4.920569531442164,-4.9769643121883975,-2.4976846414383624,1.340774877982474,-0.53882196218344,4.777611530804826,-0.7904689039740367,1.0140014107333863
44.0,223.0,143.7252960205078,-1.031691675380884,2.682191238150668,-4.920569635930143,-4.976963669759289,-2.497683943609767,1.3407748329102596,-0.5388224100910151,4.777611181525014,-0.7904689897413402,1.0140010213813655
44.0,223.0,143.7252960205078,-1.0316909788504676,2.6821910954727866,-4.920569887915834,-4.97696349134559,-2.4976832606786736,1.3407753018548965,-0.5388226779550429,4.777610629060629,-0.790468830947419,1.0140004759938526
44.0,223.0,143.7252960205078,-1.0316911434060234,2.682191723180826,-4.920569472128651,-4.97696295484252,-2.4976831482401893,1.3407752383927392,-0.5388227834493549,4.777610664270073,-0.7904688746391937,1.0140004221150969
44.0,223.0,143.72531127929688,-1.0316913550899254,2.6821907448659683,-4.920569469864225,-4.976964338391765,-2.49768441092335,1.3407751129273553,-0.538822128806224,4.777611583799278,-0.7904689638449902,1.0140014290275676
44.0,223.0,143.7252960205078,-1.0316904987406703,2.6821910647169256,-4.920570028198928,-4.976963120724058,-2.497683614815996,1.340775509744092,-0.5388230736909154,4.777611357920531,-0.7904693262630929,1.0140004528505546
44.0,223.0,143.7252960205078,-1.0316924251617356,2.6821910680915115,-4.920570539132435,-4.976963162124836,-2.497684915185938,1.340775376409332,-0.5388218576710404,4.777611403199467,-0.7904693697104896,1.0140012848312558
44.0,223.0,143.7252960205078,-1.0316912275225714,2.6821915813269195,-4.920569160097895,-4.97696293301931,-2.49768317664788,1.3407750090521509,-0.5388227392346234,4.777611000298537,-0.7904688576607759,1.0140006438277096
44.0,223.0,143.72531127929688,-1.031691488596553,2.682192063645453,-4.9205694610869966,-4.976962927909724,-2.4976829572729224,1.340775082337526,-0.5388228267937913,4.77761037189207,-0.7904687576343585,1.0140005640969916
44.0,223.0,143.7252960205078,-1.03169139340884,2.682192081382735,-4.920569854320421,-4.976962973944934,-2.4976837451501104,1.340775494467584,-0.5388228325323148,4.777610909239904,-0.7904691124859413,1.014000847200637
44.0,223.0,143.7252960205078,-1.0316914731891318,2.682191432397252,-4.920569650372519,-4.976963660237459,-2.4976836231385087,1.3407751187220818,-0.5388224501229253,4.777610818324584,-0.7904689101977,1.0140008947581869
44.0,223.0,143.7252960205078,-1.0316914722774024,2.682191741512637,-4.920569336163934,-4.976963094053981,-2.497683121301288,1.340775286200869,-0.5388225413043131,4.777610803359208,-0.7904688532430431,1.0140006154869674
44.0,223.0,143.72531127929688,-1.0316907828468196,2.6821915247859005,-4.920570376404301,-4.976962880387219,-2.4976821534279425,1.340775392174014,-0.5388231957265823,4.7776101754808575,-0.7904688675340186,1.0139997953180613
44.0,223.0,143.7252960205078,-1.0316916669286078,2.682191820509839,-4.920570522919985,-4.976962430649022,-2.497683594209932,1.3407755184005312,-0.5388228767752654,4.777610895058791,-0.7904692646018283,1.0140002991489885
44.0,223.0,143.7252960205078,-1.0316914817306977,2.6821911869193915,-4.920569420489721,-4.976963575701834,-2.4976841285389098,1.3407749525998724,-0.53882224741794,4.777611478370723,-0.7904689641069851,1.014001257580377
44.0,223.0,143.7252960205078,-1.0316918120913208,2.682191635350942,-4.920569957982863,-4.97696292526801,-2.497683707447984,1.3407750366393003,-0.5388224838741964,4.777611067193494,-0.7904690598666138,1.0140007556418065
44.0,223.0,143.72531127929688,-1.0316905404011507,2.682191274408458,-4.92056978430049,-4.976962558626511,-2.497682654999196,1.340775545225501,-0.5388230718617679,4.777610511325159,-0.7904689663917335,1.013999871895975
44.0,223.0,143.7252960205078,-1.0316922288177357,2.682191345444952,-4.920570273090382,-4.976963250212615,-2.497684581300122,1.3407751532264731,-0.5388216308984877,4.777611135301619,-0.7904691500401704,1.014001358522191
44.0,223.0,143.7252960205078,-1.0316904358140455,2.6821909935354293,-4.920569429687954,-4.976963831224314,-2.4976836161931577,1.3407752569651823,-0.538822963394681,4.777611056733687,-0.7904687979829639,1.0140004336652169
44.0,223.0,143.7252960205078,-1.0316915655182064,2.682191607244383,-4.920569483895696,-4.976963026469892,-2.497683729181583,1.3407754146782267,-0.5388227366427554,4.777610998444931,-0.7904690269991548,1.014000651654678
44.0,223.0,143.7252960205078,-1.0316919050395006,2.682191366629329,-4.92057006126199,-4.976962737494573,-2.497684185164062,1.3407753666718063,-0.5388223047644107,4.777611261786477,-0.7904692136289269,1.0140008774716405
44.0,223.0,143.7252960205078,-1.0316914064262113,2.682191216038136,-4.92056985852096,-4.976963779152414,-2.497683784786562,1.3407752581084145,-0.5388223865276842,4.77761130249538,-0.7904690942508168,1.0140010214518114
44.0,223.0,143.7252960205078,-1.031691321597386,2.6821913069757706,-4.920570299830866,-4.976962774694112,-2.4976834303984923,1.3407753561359046,-0.5388227695198387,4.777610769049229,-0.7904690751498009,1.0140002706443552
44.0,223.0,143.72531127929688,-1.0316908035530887,2.6821912308245555,-4.92056989743881,-4.97696294958672,-2.497682802193155,1.3407755360786302,-0.5388229869369514,4.777610859172206,-0.7904688666264059,1.0140000355264451
44.0,223.0,143.72531127929688,-1.0316921312420346,2.6821907350816563,-4.920570005044286,-4.976963596405195,-2.497684433857214,1.3407750003943306,-0.5388219413596396,4.77761118885989,-0.7904691880945833,1.0140012227154225
44.0,223.0,143.7252960205078,-1.0316911788097525,2.682190947202142,-4.92056983389872,-4.976963895104778,-2.4976835901277927,1.3407750391331108,-0.5388225049141395,4.777611198600097,-0.7904689684577519,1.0140008117692734
44.0,223.0,143.7252960205078,-1.0316914884388204,2.6821914708181342,-4.920569746657993,-4.976963096643998,-2.497683666498691,1.3407753686213315,-0.5388224434457349,4.777611116468854,-0.7904691602488478,1.0140007325287943
44.0,223.0,143.72531127929688,-1.0316920649344046,2.6821913587525152,-4.9205702240999125,-4.976963258276806,-2.4976842195643423,1.3407751765405154,-0.5388219934649428,4.777611071130243,-0.7904691407732258,1.014001349835901
44.0,223.0,143.72531127929688,-1.0316911988641628,2.682191954253597,-4.920569616812919,-4.976962212015186,-2.4976832022203723,1.3407754252572968,-0.5388231349706771,4.777610505895163,-0.7904689751606213,1.0140001139337669
44.0,223.0,143.72531127929688,-1.0316906697738082,2.682191313518757,-4.920570163191502,-4.976963289547165,-2.497682859251105,1.3407757606457356,-0.5388229146311421,4.777610478305288,-0.790468881094192,1.0140002496565028
44.0,224.0,143.7252960205078,-1.03169116105561,2.682191303829727,-4.920569751308578,-4.976962884664212,-2.49768355192335,1.3407752685340268,-0.538822772094476,4.777610842048253,-0.7904691326821558,1.0140004575656576
44.0,224.0,143.72531127929688,-1.031691872899712,2.6821909013564955,-4.920570014667875,-4.9769639244722645,-2.49768453666603,1.3407747523542763,-0.5388218947117931,4.777611326514005,-0.7904691605256442,1.0140014544081346
44.0,224.0,143.7252960205078,-1.0316902683274485,2.682191727854973,-4.920569357015184,-4.976962960016695,-2.4976819668280754,1.3407756145988392,-0.5388232496797851,4.777610289883016,-0.7904686260958762,1.0139998207251375
44.0,224.0,143.7252960205078,-1.0316912464711332,2.6821914137117133,-4.920569549982348,-4.976962942596197,-2.4976835982445533,1.3407751527125358,-0.5388228555509524,4.777611027407648,-0.7904690352358932,1.0140005168771822
44.0,224.0,143.7252960205078,-1.0316912470282342,2.682191156120889,-4.920569449692758,-4.976963729679806,-2.4976840052617897,1.3407751377023134,-0.5388222404777796,4.777611449332431,-0.7904689201159494,1.014001162372872
44.0,224.0,143.7252960205078,-1.0316916440445811,2.682191534508503,-4.920569705662118,-4.976963328599517,-2.497683801347911,1.3407751596788389,-0.5388222870953916,4.777610980720271,-0.7904688057984206,1.014000922972702
44.0,224.0,143.72531127929688,-1.0316917952261866,2.6821910391035875,-4.920569401139821,-4.976963819284114,-2.49768462830434,1.3407753497887764,-0.5388220425019474,4.777611552809521,-0.7904689754540257,1.0140013106101051
44.0,224.0,143.7252960205078,-1.0316913219322812,2.6821909757709994,-4.920569416086244,-4.9769638182091205,-2.4976848529003948,1.3407751775246606,-0.5388222161736609,4.777611425795074,-0.7904690121028297,1.0140012503220088
44.0,224.0,143.72531127929688,-1.0316909832038124,2.6821913018846057,-4.920569901972725,-4.9769632801944175,-2.4976828153342785,1.340775289425645,-0.538822878799806,4.77761039855203,-0.7904689201064166,1.0140001590253205
44.0,224.0,143.7252960205078,-1.031691513895658,2.6821909967897817,-4.9205696386699485,-4.9769638501446,-2.497683770524188,1.3407750685822537,-0.5388224471706131,4.777611077708908,-0.7904689093858082,1.0140009062902458
44.0,224.0,143.7252960205078,-1.0316908840973866,2.6821918150164645,-4.920569693852033,-4.976962742414278,-2.497682772027076,1.3407753833621463,-0.5388232838598395,4.777610653380979,-0.7904689161190985,1.0140000624627028
44.0,224.0,143.72531127929688,-1.031691303106661,2.682191436045196,-4.920569590333004,-4.976963296910934,-2.4976830782361024,1.3407753246416672,-0.5388225748258062,4.777610982854219,-0.7904688715880077,1.014000417877848
44.0,224.0,143.7252960205078,-1.0316919796840305,2.682191395702505,-4.92056998029482,-4.976963432348413,-2.4976838490834825,1.3407748734441185,-0.5388222562421943,4.77761097914386,-0.7904689394044953,1.0140009461035104
44.0,224.0,143.7252960205078,-1.0316915773186226,2.682191300025578,-4.920569275659489,-4.976963309156764,-2.497684192717136,1.34077528099062,-0.5388224570083011,4.7776113117623,-0.7904691184485229,1.0140010278411251
44.0,224.0,143.7252960205078,-1.031691583917409,2.682192177573506,-4.920569478303625,-4.976962697370384,-2.497683462407814,1.3407752706246443,-0.5388228215839588,4.777610696535444,-0.7904689322286309,1.0140005734742283
44.0,224.0,143.72531127929688,-1.0316920030109622,2.682191127187295,-4.920569416160526,-4.976964248616217,-2.4976842193973043,1.3407750421596791,-0.5388216376893196,4.777611386813202,-0.7904687443424692,1.014001598190247
44.0,224.0,143.72531127929688,-1.0316919676524536,2.6821918379305307,-4.920570134425231,-4.976962515495056,-2.497683286465622,1.3407753383208014,-0.5388227376474033,4.777610452027147,-0.7904690072818967,1.0140004267727534
44.0,224.0,143.7252960205078,-1.0316913051493777,2.6821914783747856,-4.920570019101006,-4.976963019062983,-2.4976832790377888,1.3407757389807902,-0.5388224097183816,4.777610394853401,-0.7904689745496238,1.0140004741680304
44.0,224.0,143.72531127929688,-1.031690867498301,2.6821916784947017,-4.920570278590376,-4.9769628429129495,-2.497682657788931,1.3407757423474722,-0.5388230282467097,4.7776105717686495,-0.7904690003947463,1.0140001118977686
44.0,224.0,143.7252960205078,-1.0316915073371025,2.6821913478866497,-4.920569661262314,-4.976963705489134,-2.4976836590566025,1.3407749062689345,-0.5388225114993608,4.777611102966203,-0.7904689782531156,1.0140009333234632
44.0,224.0,143.7252960205078,-1.0316910781907045,2.682191219523048,-4.920569847726877,-4.976963309332123,-2.4976840921298624,1.3407755659330878,-0.5388226370043823,4.777611030259827,-0.7904691099153229,1.0140004909507985
44.0,224.0,143.7252960205078,-1.0316916172452757,2.6821907663505886,-4.9205699512989565,-4.976963301256455,-2.497684712851163,1.3407752453654576,-0.5388222910574392,4.777611192206287,-0.7904691698751058,1.0140007812088625
44.0,224.0,143.7252960205078,-1.0316919022782578,2.6821915079540464,-4.920569361504328,-4.976964017365445,-2.497683683119384,1.3407748178845136,-0.5388222858475515,4.777611447463739,-0.790468664360314,1.0140010786931093
44.0,224.0,143.7252960205078,-1.031690698302997,2.6821912814619058,-4.92056991187555,-4.976963334131705,-2.49768327924996,1.340775493335121,-0.538823058567206,4.777610628879852,-0.790469067679263,1.0140001211985563
44.0,224.0,143.7252960205078,-1.0316915405840317,2.68219193856223,-4.920569805591794,-4.976963079857081,-2.4976837278438224,1.340775432303202,-0.5388226000461813,4.777611096550135,-0.7904689724384335,1.014000948319584
44.0,224.0,143.72531127929688,-1.0316917912100003,2.682190950445813,-4.92056965284793,-4.9769637757314085,-2.497684277798592,1.3407749539780165,-0.5388221580597232,4.777610991398969,-0.7904689135190255,1.0140011521301524
44.0,224.0,143.7252960205078,-1.0316910246552662,2.6821912626206803,-4.920569596656955,-4.976962935952966,-2.497683561810354,1.3407753353254268,-0.5388228287053831,4.777610980817922,-0.7904691441770533,1.0140003993562487
44.0,224.0,143.72531127929688,-1.03169134078279,2.6821917387179184,-4.920569957612384,-4.976962461960383,-2.4976828202249624,1.3407754818948874,-0.5388230506131091,4.777610877264722,-0.7904690900138007,1.0140002054781745
44.0,224.0,143.72531127929688,-1.0316909192881174,2.682191618596644,-4.920569923973897,-4.97696283818998,-2.4976829548385187,1.3407755263571843,-0.5388228934784518,4.777610665652938,-0.7904689177591546,1.014000206116446
44.0,224.0,143.7252960205078,-1.031691524104001,2.6821911336929336,-4.920570300235593,-4.97696304324459,-2.4976833004637684,1.340775565975429,-0.538822539721914,4.777610604858971,-0.7904691197315756,1.0140003410141905
44.0,224.0,143.72531127929688,-1.0316909732822317,2.682191772159407,-4.920569948902684,-4.97696295483493,-2.497682500390495,1.3407754699427157,-0.5388228137709516,4.777610293490641,-0.7904688330294922,1.0140002691366607
44.0,224.0,143.7252960205078,-1.0316912678013974,2.6821914960600166,-4.920569753039964,-4.976963216271312,-2.4976837441324093,1.3407754333310509,-0.5388226926265496,4.777611083829402,-0.7904690737541369,1.01400061990622
44.0,224.0,143.7252960205078,-1.0316914296757096,2.6821911019924416,-4.920569566121513,-4.976963383795617,-2.497683793389215,1.340775218901653,-0.5388224362200873,4.777610825229397,-0.7904689935139695,1.0140008607950524
44.0,224.0,143.72531127929688,-1.0316914886532036,2.6821909612736228,-4.920569690749437,-4.976963413677085,-2.497684456468745,1.3407755441429725,-0.5388221153122199,4.777611253743414,-0.7904690995279733,1.0140009862487656
44.0,224.0,143.7252960205078,-1.0316902760954183,2.68219192995518,-4.9205700833862505,-4.976962500956821,-2.4976825930798032,1.340775889208205,-0.5388235563922708,4.777610543029429,-0.7904690497937477,1.0139998138570243
44.0,224.0,143.7252960205078,-1.0316908478694464,2.682191083098868,-4.920569261788984,-4.976963465546851,-2.4976837299054946,1.340775271189797,-0.5388227032674635,4.777611209589168,-0.7904689985191782,1.0140006539455948
44.0,224.0,143.7252960205078,-1.0316910806017805,2.6821906634426984,-4.920569368972428,-4.976964571421549,-2.497683964436308,1.3407749086616612,-0.5388223111476664,4.777611305607753,-0.7904687550606715,1.014001047749968
44.0,224.0,143.7252960205078,-1.0316910624864208,2.6821913822059305,-4.920569574539415,-4.976963374193146,-2.497683123273458,1.3407751773054164,-0.5388224802304737,4.7776107837312605,-0.7904686514001034,1.0140006207398289
44.0,224.0,143.72531127929688,-1.0316920987884015,2.682191008411676,-4.9205702253356485,-4.976963888656828,-2.497684324714642,1.3407748413813485,-0.5388219006775596,4.777611091960294,-0.790469015941837,1.0140013662299276
44.0,224.0,143.7252960205078,-1.0316913005743291,2.68219097956798,-4.920570325768333,-4.976962880818304,-2.4976839756481755,1.3407753606025707,-0.538822809208539,4.777611131159734,-0.7904693294951457,1.0140003196809877
44.0,224.0,143.7252960205078,-1.031691184800072,2.682191584792034,-4.920569872201012,-4.976963012265477,-2.4976833181116547,1.3407754152642193,-0.5388226646254477,4.777610383791144,-0.7904689527172639,1.0140004675374046
44.0,224.0,143.72531127929688,-1.0316911655951126,2.682191590093903,-4.9205700323721935,-4.976962960911284,-2.4976830754870023,1.3407752159240092,-0.5388228589270003,4.7776107229264735,-0.7904689296856615,1.0140003083505311
44.0,224.0,143.7252960205078,-1.0316918718971104,2.682191214209663,-4.920570064575526,-4.9769634593392,-2.4976840074774427,1.340775203502357,-0.5388224013452252,4.777611194008497,-0.7904691139129261,1.0140008305223436
44.0,224.0,143.7252960205078,-1.0316914305766134,2.682191090325857,-4.920569642114012,-4.976963342733297,-2.497683955617041,1.3407752095399346,-0.5388225479184978,4.777611210562439,-0.7904691144580323,1.0140006007544065
44.0,224.0,143.7252960205078,-1.0316920522005022,2.6821914803246525,-4.920569688694469,-4.976963114762588,-2.497683844226056,1.3407750608823532,-0.5388222620512986,4.777611381764199,-0.7904689336030142,1.0140009747445529
44.0,224.0,143.72531127929688,-1.031691106043826,2.6821918742981694,-4.920569966319972,-4.976962792539002,-2.497682959247074,1.3407753861225258,-0.5388230168171813,4.777610596437292,-0.7904689105194107,1.014000352083868
44.0,224.0,143.7252960205078,-1.031691457963395,2.68219047599636,-4.920570571099448,-4.976963369599167,-2.497683711093541,1.3407754809767276,-0.5388223206704845,4.777610990736799,-0.7904692554868857,1.0140004530392774
44.0,224.0,143.7252960205078,-1.0316906295885229,2.682191723682012,-4.920569773682487,-4.9769625275505085,-2.4976826626207496,1.3407755375989634,-0.538823436700385,4.77761070920471,-0.7904689856698939,1.0139998880245793
44.0,224.0,143.7252960205078,-1.031691524210518,2.682191617285584,-4.920570168432255,-4.97696269240649,-2.497683848101208,1.340775441877904,-0.5388228865834686,4.777611103796998,-0.7904693400089569,1.0140004523912165
44.0,224.0,143.72531127929688,-1.0316926188836637,2.6821917274571785,-4.920569761684888,-4.97696250870568,-2.4976848651207706,1.3407752651177898,-0.5388219994207422,4.777611216830872,-0.7904692542934519,1.0140013181709584
44.0,225.0,143.7252960205078,-1.0316918090539682,2.6821914815386494,-4.9205705090448,-4.976962509205115,-2.497683790784471,1.3407756352993152,-0.5388225120524259,4.777610682436267,-0.7904694080418464,1.014000466299409
44.0,225.0,143.7252960205078,-1.0316911816315928,2.682191404397142,-4.920570535207701,-4.976962232063634,-2.4976837105080394,1.3407758299195036,-0.5388229462586791,4.777610913717062,-0.7904695594838476,1.014000067359876
44.0,225.0,143.7252960205078,-1.031691589310712,2.682191006059858,-4.920570563884254,-4.976963120567333,-2.4976839976648386,1.3407752498662209,-0.538822438229225,4.777611087380457,-0.7904692872412404,1.0140006173100948
44.0,225.0,143.7252960205078,-1.0316910273098472,2.682191315846972,-4.920570258832953,-4.976963048971231,-2.497683308116905,1.340775494695868,-0.5388228991519064,4.777610571442629,-0.7904691611097983,1.0140001812874209
44.0,225.0,143.7252960205078,-1.0316907937775293,2.6821910352958422,-4.920569667629749,-4.97696276399591,-2.497683331028912,1.340775541000447,-0.5388228618183541,4.777610826322846,-0.7904691062308391,1.0140001636132905
44.0,225.0,143.72531127929688,-1.031690876640571,2.6821914250772263,-4.920570363131797,-4.976962549534892,-2.497682472861371,1.3407757324626903,-0.5388232167309344,4.777610474459863,-0.790469077674973,1.0139996766624568
44.0,225.0,143.7252960205078,-1.0316910185761174,2.68219145306555,-4.9205693962074735,-4.976963030191468,-2.4976836650636387,1.34077543807913,-0.5388228455741242,4.777610723959043,-0.7904690200694056,1.014000478552698
44.0,225.0,143.7252960205078,-1.0316913199496716,2.682191074095289,-4.920569651073673,-4.976963461728665,-2.497684150044396,1.3407753298365677,-0.5388223647352444,4.777611147302528,-0.7904689793288693,1.0140007931280737
44.0,225.0,143.7252960205078,-1.0316912214315122,2.6821916667429164,-4.920570253911556,-4.976962616647692,-2.497683330141118,1.340775293081416,-0.5388229558420115,4.777610591916183,-0.7904691107102533,1.0140003019094497
44.0,225.0,143.7252960205078,-1.0316911299462097,2.682191911492681,-4.920570302987579,-4.976962504857432,-2.4976828871756345,1.3407758175458024,-0.5388229877046395,4.777610572047209,-0.7904691344252486,1.014000048020539
44.0,225.0,143.72531127929688,-1.031690893069995,2.6821916333968074,-4.920569987847747,-4.976962202895207,-2.497682924725132,1.3407756812575178,-0.5388231966066002,4.77761045841687,-0.7904691850227499,1.0139997835329462
44.0,225.0,143.7252960205078,-1.0316909600946618,2.6821911745055607,-4.92057007161271,-4.976963390741074,-2.497683848780707,1.340775495184353,-0.5388228358208487,4.777610977158654,-0.7904691141104534,1.0140004907674882
44.0,225.0,143.7252960205078,-1.0316913568368808,2.682191058468886,-4.920569843116541,-4.976963301634426,-2.497683452542958,1.3407749057407037,-0.5388225174687564,4.777610906563602,-0.7904690850623517,1.0140006567438684
44.0,225.0,143.7252960205078,-1.0316910835839672,2.6821909679482028,-4.920570245644662,-4.976963122569736,-2.497683615151608,1.3407754467525548,-0.5388227615898753,4.777611174815871,-0.7904693235018039,1.014000261381403
44.0,225.0,143.7252960205078,-1.0316915660569723,2.682191045510532,-4.920569528481698,-4.976963660172476,-2.497684375368128,1.3407750971729318,-0.5388224317126342,4.777611131784262,-0.7904690069881042,1.0140008647517629
44.0,225.0,143.7252960205078,-1.0316911678293472,2.6821914534058813,-4.920570337357752,-4.976962425881206,-2.4976833107086254,1.3407757154680846,-0.53882289734966,4.777610628042865,-0.7904692758562435,1.0140000990068732
44.0,225.0,143.7252960205078,-1.031691227298504,2.6821920089536624,-4.9205703318186655,-4.976961818510871,-2.497683543251028,1.3407756197008585,-0.5388233926674424,4.777610721466489,-0.7904694235952467,1.014000042669288
44.0,225.0,143.7252960205078,-1.0316912220927543,2.6821914896662005,-4.920569976759285,-4.976962606485906,-2.497683985913448,1.3407754240837022,-0.5388228822651282,4.777611357721073,-0.7904693693155203,1.0140005658113491
44.0,225.0,143.72531127929688,-1.0316904975923222,2.6821910866831464,-4.920569599812396,-4.976963292795928,-2.4976830133718444,1.3407752714882912,-0.5388231372983521,4.777610816681618,-0.7904690032055655,1.0140000571835328
44.0,225.0,143.7252960205078,-1.0316904898698391,2.6821906606098374,-4.920569178361495,-4.976964245093932,-2.497683519548102,1.340775095655462,-0.5388226481076881,4.77761099131723,-0.790468829445417,1.014000492534162
44.0,225.0,143.7252960205078,-1.031690834108272,2.6821910396301663,-4.920570172065436,-4.976963250512115,-2.4976831171178526,1.3407754632296616,-0.5388229307167283,4.777610573381949,-0.7904690873099547,1.0140000958482809
44.0,225.0,143.7252960205078,-1.031691381384621,2.6821913393464385,-4.920569381408203,-4.976963270381432,-2.497683924294289,1.3407751802109082,-0.5388226210274478,4.777611215712534,-0.7904690158949546,1.0140008118083053
44.0,225.0,143.72531127929688,-1.0316907089286218,2.682191910545134,-4.920570163677582,-4.976962444794597,-2.497682739746727,1.340775764634312,-0.538823438075994,4.777610409643369,-0.7904691678640798,1.0139998394568517
44.0,225.0,143.7252960205078,-1.031691373056121,2.6821907311542725,-4.920570390446678,-4.9769633434599205,-2.4976838607679666,1.340775530691225,-0.5388225303703713,4.777610908075538,-0.7904692795272501,1.0140004068489166
44.0,225.0,143.7252960205078,-1.0316915089210754,2.682191585554184,-4.920569474937659,-4.976963446339423,-2.497683570522576,1.3407750233679758,-0.5388225928905932,4.7776110115991415,-0.7904688949066454,1.0140007648980711
44.0,225.0,143.72531127929688,-1.0316913525438007,2.6821915765204825,-4.920569776408965,-4.9769629778186815,-2.4976832502871185,1.340775483196558,-0.5388227467587869,4.777610486398082,-0.7904689534097766,1.0140004124691728
44.0,225.0,143.7252960205078,-1.031690381292642,2.682191519048299,-4.920570179411394,-4.976962916240299,-2.497682543610684,1.340775564556366,-0.5388234728270209,4.777610480240645,-0.790469046606729,1.0139997308290614
44.0,225.0,143.7252960205078,-1.0316915450335058,2.68219165162183,-4.92057050343503,-4.9769631710495625,-2.497683200381251,1.3407753971381542,-0.5388225139912608,4.777610599850714,-0.7904688853519124,1.0140006401332062
44.0,225.0,143.72531127929688,-1.0316905887804857,2.6821914262373925,-4.920569686811891,-4.976963407648607,-2.4976829246545416,1.3407754089863202,-0.5388230780582548,4.77761082317477,-0.7904688766671972,1.0140002431266542
44.0,225.0,143.7252960205078,-1.0316915670577105,2.682191183664216,-4.920569513796538,-4.976963304815523,-2.49768418038914,1.340775170119862,-0.5388224625018463,4.777611088865669,-0.7904689872679853,1.0140009140485056
44.0,225.0,143.7252960205078,-1.0316916335445607,2.6821914147274404,-4.9205697089886105,-4.976963286888132,-2.4976840947398324,1.340775355428292,-0.5388224433754214,4.7776112974715375,-0.7904690410379906,1.0140008669222231
44.0,225.0,143.72531127929688,-1.031691950696862,2.6821911665685327,-4.920570092539818,-4.976963279070834,-2.4976844886323315,1.340775351022902,-0.5388220576035341,4.777611345702846,-0.7904692782309173,1.0140012921094197
44.0,225.0,143.7252960205078,-1.031691533256533,2.6821915735977653,-4.920570194634275,-4.976962585769958,-2.497683898647214,1.3407755204178071,-0.5388225938882325,4.77761095494902,-0.7904692729939997,1.014000701464454
44.0,225.0,143.7252960205078,-1.0316914519372968,2.6821907593958363,-4.920570545394368,-4.976962851994406,-2.497683681874434,1.3407755958861864,-0.5388223647925274,4.7776107771207865,-0.7904692787546663,1.014000228416661
44.0,225.0,143.7252960205078,-1.0316912208771694,2.6821912725243653,-4.920569472298422,-4.976963116375362,-2.497683939674017,1.3407752768208496,-0.5388224426567074,4.777610756873939,-0.7904691557594061,1.01400084423957
44.0,225.0,143.72531127929688,-1.031690955515019,2.682191785535494,-4.920569830817617,-4.976963331651461,-2.497682655041912,1.3407752636030352,-0.538822922313348,4.777610541251162,-0.790468667136536,1.014000370879085
44.0,225.0,143.7252960205078,-1.031691226010336,2.6821915553158355,-4.920570030402106,-4.976962576804143,-2.4976826745853846,1.3407756512649938,-0.5388231360084248,4.777610600817429,-0.7904690671590417,1.013999847458508
44.0,225.0,143.72531127929688,-1.0316902433023434,2.682191666928798,-4.9205702201043255,-4.976962475888958,-2.49768217537404,1.3407757495611872,-0.538823706034198,4.7776101791529975,-0.79046896868992,1.0139992486796157
44.0,225.0,143.7252960205078,-1.0316906891958766,2.68219147469002,-4.920570117085319,-4.976962594967271,-2.4976829383841235,1.340775735259184,-0.5388233299191727,4.777610579470785,-0.7904691717593266,1.0139997333792303
44.0,225.0,143.7252960205078,-1.0316914821699452,2.6821912431408803,-4.920570336214334,-4.976962590050475,-2.497683568565169,1.3407756904572068,-0.5388227312083282,4.777611181905092,-0.7904694162573502,1.014000221533986
44.0,225.0,143.7252960205078,-1.0316909584643517,2.6821906627834045,-4.920569915711287,-4.976963512247674,-2.4976841394379807,1.3407751984005092,-0.5388227733465811,4.77761142874577,-0.7904692141989509,1.0140006545193128
44.0,225.0,143.7252960205078,-1.03169142958301,2.682191004271796,-4.9205693052219885,-4.97696367669675,-2.497683712144597,1.340775090535276,-0.538822364046859,4.777611133035688,-0.7904689702999548,1.0140008077320155
44.0,225.0,143.7252960205078,-1.031691640254004,2.682191926704678,-4.920569683853785,-4.976962554918854,-2.497683529435672,1.340775107031,-0.5388228103490285,4.7776111078985615,-0.79046908821865,1.0140006886128443
44.0,225.0,143.7252960205078,-1.0316914609897063,2.6821914412357337,-4.920570058932393,-4.976963040886922,-2.497684185494716,1.340775437172125,-0.5388225216045992,4.777611499101802,-0.7904692325574896,1.0140009469377702
44.0,225.0,143.7252960205078,-1.0316904702153646,2.6821914287294204,-4.920570201980144,-4.976962380626331,-2.497682708512403,1.3407757321403038,-0.5388234579011186,4.777610642297649,-0.7904692141708578,1.0139996952466293
44.0,225.0,143.7252960205078,-1.031690719090927,2.682191742245691,-4.920569878556556,-4.976962308201744,-2.497683085736269,1.3407755705211528,-0.5388233714040851,4.777610722883187,-0.790469167138018,1.0139999617801996
44.0,225.0,143.7252960205078,-1.031690814863095,2.6821908114683595,-4.920570346464027,-4.976963163620345,-2.4976835807269246,1.3407754209787033,-0.5388228462737388,4.777610686929606,-0.7904691790137637,1.0140001421211575
44.0,225.0,143.7252960205078,-1.0316914259846852,2.6821912852086207,-4.920570054996845,-4.976963457633112,-2.4976832608686217,1.3407754557399247,-0.5388225472923303,4.777610896462958,-0.7904690113327248,1.0140005069763325
44.0,225.0,143.7252960205078,-1.0316921648133115,2.6821918506268725,-4.920570108292457,-4.976962170891197,-2.4976842568485584,1.3407754078724654,-0.5388223777468681,4.777611180369714,-0.7904694682703086,1.014000922589422
44.0,225.0,143.7252960205078,-1.0316909269313372,2.682190705518658,-4.920569934073503,-4.976963070824039,-2.49768331415816,1.340775375522389,-0.5388230232604005,4.777610697293802,-0.7904691076651469,1.0139999664020136
44.0,226.0,143.7252960205078,-1.0316918090539682,2.6821914815386494,-4.9205705090448,-4.976962509205115,-2.497683790784471,1.3407756352993152,-0.5388225120524259,4.777610682436267,-0.7904694080418464,1.014000466299409
44.0,226.0,143.7252960205078,-1.0316911816315928,2.682191404397142,-4.920570535207701,-4.976962232063634,-2.4976837105080394,1.3407758299195036,-0.5388229462586791,4.777610913717062,-0.7904695594838476,1.014000067359876
44.0,226.0,143.7252960205078,-1.031691589310712,2.682191006059858,-4.920570563884254,-4.976963120567333,-2.4976839976648386,1.3407752498662209,-0.538822438229225,4.777611087380457,-0.7904692872412404,1.0140006173100948
44.0,226.0,143.7252960205078,-1.0316910273098472,2.682191315846972,-4.920570258832953,-4.976963048971231,-2.497683308116905,1.340775494695868,-0.5388228991519064,4.777610571442629,-0.7904691611097983,1.0140001812874209
44.0,226.0,143.7252960205078,-1.0316907937775293,2.6821910352958422,-4.920569667629749,-4.97696276399591,-2.497683331028912,1.340775541000447,-0.5388228618183541,4.777610826322846,-0.7904691062308391,1.0140001636132905
44.0,226.0,143.72531127929688,-1.031690876640571,2.6821914250772263,-4.920570363131797,-4.976962549534892,-2.497682472861371,1.3407757324626903,-0.5388232167309344,4.777610474459863,-0.790469077674973,1.0139996766624568
44.0,226.0,143.7252960205078,-1.0316910185761174,2.68219145306555,-4.9205693962074735,-4.976963030191468,-2.4976836650636387,1.34077543807913,-0.5388228455741242,4.777610723959043,-0.7904690200694056,1.014000478552698
44.0,226.0,143.7252960205078,-1.0316913199496716,2.682191074095289,-4.920569651073673,-4.976963461728665,-2.497684150044396,1.3407753298365677,-0.5388223647352444,4.777611147302528,-0.7904689793288693,1.0140007931280737
44.0,226.0,143.7252960205078,-1.0316912214315122,2.6821916667429164,-4.920570253911556,-4.976962616647692,-2.497683330141118,1.340775293081416,-0.5388229558420115,4.777610591916183,-0.7904691107102533,1.0140003019094497
44.0,226.0,143.7252960205078,-1.0316911299462097,2.682191911492681,-4.920570302987579,-4.976962504857432,-2.4976828871756345,1.3407758175458024,-0.5388229877046395,4.777610572047209,-0.7904691344252486,1.014000048020539
44.0,226.0,143.72531127929688,-1.031690893069995,2.6821916333968074,-4.920569987847747,-4.976962202895207,-2.497682924725132,1.3407756812575178,-0.5388231966066002,4.77761045841687,-0.7904691850227499,1.0139997835329462
44.0,226.0,143.7252960205078,-1.0316909600946618,2.6821911745055607,-4.92057007161271,-4.976963390741074,-2.497683848780707,1.340775495184353,-0.5388228358208487,4.777610977158654,-0.7904691141104534,1.0140004907674882
44.0,226.0,143.7252960205078,-1.0316913568368808,2.682191058468886,-4.920569843116541,-4.976963301634426,-2.497683452542958,1.3407749057407037,-0.5388225174687564,4.777610906563602,-0.7904690850623517,1.0140006567438684
44.0,226.0,143.7252960205078,-1.0316910835839672,2.6821909679482028,-4.920570245644662,-4.976963122569736,-2.497683615151608,1.3407754467525548,-0.5388227615898753,4.777611174815871,-0.7904693235018039,1.014000261381403
44.0,226.0,143.7252960205078,-1.0316915660569723,2.682191045510532,-4.920569528481698,-4.976963660172476,-2.497684375368128,1.3407750971729318,-0.5388224317126342,4.777611131784262,-0.7904690069881042,1.0140008647517629
44.0,226.0,143.7252960205078,-1.0316911678293472,2.6821914534058813,-4.920570337357752,-4.976962425881206,-2.4976833107086254,1.3407757154680846,-0.53882289734966,4.777610628042865,-0.7904692758562435,1.0140000990068732
44.0,226.0,143.7252960205078,-1.031691227298504,2.6821920089536624,-4.9205703318186655,-4.976961818510871,-2.497683543251028,1.3407756197008585,-0.5388233926674424,4.777610721466489,-0.7904694235952467,1.014000042669288
44.0,226.0,143.7252960205078,-1.0316912220927543,2.6821914896662005,-4.920569976759285,-4.976962606485906,-2.497683985913448,1.3407754240837022,-0.5388228822651282,4.777611357721073,-0.7904693693155203,1.0140005658113491
44.0,226.0,143.72531127929688,-1.0316904975923222,2.6821910866831464,-4.920569599812396,-4.976963292795928,-2.4976830133718444,1.3407752714882912,-0.5388231372983521,4.777610816681618,-0.7904690032055655,1.0140000571835328
44.0,226.0,143.7252960205078,-1.0316904898698391,2.6821906606098374,-4.920569178361495,-4.976964245093932,-2.497683519548102,1.340775095655462,-0.5388226481076881,4.77761099131723,-0.790468829445417,1.014000492534162
44.0,226.0,143.7252960205078,-1.031690834108272,2.6821910396301663,-4.920570172065436,-4.976963250512115,-2.4976831171178526,1.3407754632296616,-0.5388229307167283,4.777610573381949,-0.7904690873099547,1.0140000958482809
44.0,226.0,143.7252960205078,-1.031691381384621,2.6821913393464385,-4.920569381408203,-4.976963270381432,-2.497683924294289,1.3407751802109082,-0.5388226210274478,4.777611215712534,-0.7904690158949546,1.0140008118083053
44.0,226.0,143.72531127929688,-1.0316907089286218,2.682191910545134,-4.920570163677582,-4.976962444794597,-2.497682739746727,1.340775764634312,-0.538823438075994,4.777610409643369,-0.7904691678640798,1.0139998394568517
44.0,226.0,143.7252960205078,-1.031691373056121,2.6821907311542725,-4.920570390446678,-4.9769633434599205,-2.4976838607679666,1.340775530691225,-0.5388225303703713,4.777610908075538,-0.7904692795272501,1.0140004068489166
44.0,226.0,143.7252960205078,-1.0316915089210754,2.682191585554184,-4.920569474937659,-4.976963446339423,-2.497683570522576,1.3407750233679758,-0.5388225928905932,4.7776110115991415,-0.7904688949066454,1.0140007648980711
44.0,226.0,143.72531127929688,-1.0316913525438007,2.6821915765204825,-4.920569776408965,-4.9769629778186815,-2.4976832502871185,1.340775483196558,-0.5388227467587869,4.777610486398082,-0.7904689534097766,1.0140004124691728
44.0,226.0,143.7252960205078,-1.031690381292642,2.682191519048299,-4.920570179411394,-4.976962916240299,-2.497682543610684,1.340775564556366,-0.5388234728270209,4.777610480240645,-0.790469046606729,1.0139997308290614
44.0,226.0,143.7252960205078,-1.0316915450335058,2.68219165162183,-4.92057050343503,-4.9769631710495625,-2.497683200381251,1.3407753971381542,-0.5388225139912608,4.777610599850714,-0.7904688853519124,1.0140006401332062
44.0,226.0,143.72531127929688,-1.0316905887804857,2.6821914262373925,-4.920569686811891,-4.976963407648607,-2.4976829246545416,1.3407754089863202,-0.5388230780582548,4.77761082317477,-0.7904688766671972,1.0140002431266542
44.0,226.0,143.7252960205078,-1.0316915670577105,2.682191183664216,-4.920569513796538,-4.976963304815523,-2.49768418038914,1.340775170119862,-0.5388224625018463,4.777611088865669,-0.7904689872679853,1.0140009140485056
44.0,226.0,143.7252960205078,-1.0316916335445607,2.6821914147274404,-4.9205697089886105,-4.976963286888132,-2.4976840947398324,1.340775355428292,-0.5388224433754214,4.7776112974715375,-0.7904690410379906,1.0140008669222231
44.0,226.0,143.72531127929688,-1.031691950696862,2.6821911665685327,-4.920570092539818,-4.976963279070834,-2.4976844886323315,1.340775351022902,-0.5388220576035341,4.777611345702846,-0.7904692782309173,1.0140012921094197
44.0,226.0,143.7252960205078,-1.031691533256533,2.6821915735977653,-4.920570194634275,-4.976962585769958,-2.497683898647214,1.3407755204178071,-0.5388225938882325,4.77761095494902,-0.7904692729939997,1.014000701464454
44.0,226.0,143.7252960205078,-1.0316914519372968,2.6821907593958363,-4.920570545394368,-4.976962851994406,-2.497683681874434,1.3407755958861864,-0.5388223647925274,4.7776107771207865,-0.7904692787546663,1.014000228416661
44.0,226.0,143.7252960205078,-1.0316912208771694,2.6821912725243653,-4.920569472298422,-4.976963116375362,-2.497683939674017,1.3407752768208496,-0.5388224426567074,4.777610756873939,-0.7904691557594061,1.01400084423957
44.0,226.0,143.72531127929688,-1.031690955515019,2.682191785535494,-4.920569830817617,-4.976963331651461,-2.497682655041912,1.3407752636030352,-0.538822922313348,4.777610541251162,-0.790468667136536,1.014000370879085
44.0,226.0,143.7252960205078,-1.031691226010336,2.6821915553158355,-4.920570030402106,-4.976962576804143,-2.4976826745853846,1.3407756512649938,-0.5388231360084248,4.777610600817429,-0.7904690671590417,1.013999847458508
44.0,226.0,143.72531127929688,-1.0316902433023434,2.682191666928798,-4.9205702201043255,-4.976962475888958,-2.49768217537404,1.3407757495611872,-0.538823706034198,4.7776101791529975,-0.79046896868992,1.0139992486796157
44.0,226.0,143.7252960205078,-1.0316906891958766,2.68219147469002,-4.920570117085319,-4.976962594967271,-2.4976829383841235,1.340775735259184,-0.5388233299191727,4.777610579470785,-0.7904691717593266,1.0139997333792303
44.0,226.0,143.7252960205078,-1.0316914821699452,2.6821912431408803,-4.920570336214334,-4.976962590050475,-2.497683568565169,1.3407756904572068,-0.5388227312083282,4.777611181905092,-0.7904694162573502,1.014000221533986
44.0,226.0,143.7252960205078,-1.0316909584643517,2.6821906627834045,-4.920569915711287,-4.976963512247674,-2.4976841394379807,1.3407751984005092,-0.5388227733465811,4.77761142874577,-0.7904692141989509,1.0140006545193128
44.0,226.0,143.7252960205078,-1.03169142958301,2.682191004271796,-4.9205693052219885,-4.97696367669675,-2.497683712144597,1.340775090535276,-0.538822364046859,4.777611133035688,-0.7904689702999548,1.0140008077320155
44.0,226.0,143.7252960205078,-1.031691640254004,2.682191926704678,-4.920569683853785,-4.976962554918854,-2.497683529435672,1.340775107031,-0.5388228103490285,4.7776111078985615,-0.79046908821865,1.0140006886128443
44.0,226.0,143.7252960205078,-1.0316914609897063,2.6821914412357337,-4.920570058932393,-4.976963040886922,-2.497684185494716,1.340775437172125,-0.5388225216045992,4.777611499101802,-0.7904692325574896,1.0140009469377702
44.0,226.0,143.7252960205078,-1.0316904702153646,2.6821914287294204,-4.920570201980144,-4.976962380626331,-2.497682708512403,1.3407757321403038,-0.5388234579011186,4.777610642297649,-0.7904692141708578,1.0139996952466293
44.0,226.0,143.7252960205078,-1.031690719090927,2.682191742245691,-4.920569878556556,-4.976962308201744,-2.497683085736269,1.3407755705211528,-0.5388233714040851,4.777610722883187,-0.790469167138018,1.0139999617801996
44.0,226.0,143.7252960205078,-1.031690814863095,2.6821908114683595,-4.920570346464027,-4.976963163620345,-2.4976835807269246,1.3407754209787033,-0.5388228462737388,4.777610686929606,-0.7904691790137637,1.0140001421211575
44.0,226.0,143.7252960205078,-1.0316914259846852,2.6821912852086207,-4.920570054996845,-4.976963457633112,-2.4976832608686217,1.3407754557399247,-0.5388225472923303,4.777610896462958,-0.7904690113327248,1.0140005069763325
44.0,226.0,143.7252960205078,-1.0316921648133115,2.6821918506268725,-4.920570108292457,-4.976962170891197,-2.4976842568485584,1.3407754078724654,-0.5388223777468681,4.777611180369714,-0.7904694682703086,1.014000922589422
44.0,226.0,143.7252960205078,-1.0316909269313372,2.682190705518658,-4.920569934073503,-4.976963070824039,-2.49768331415816,1.340775375522389,-0.5388230232604005,4.777610697293802,-0.7904691076651469,1.0139999664020136
44.0,227.0,143.7252960205078,-1.0316918090539682,2.6821914815386494,-4.9205705090448,-4.976962509205115,-2.497683790784471,1.3407756352993152,-0.5388225120524259,4.777610682436267,-0.7904694080418464,1.014000466299409
44.0,227.0,143.7252960205078,-1.0316911816315928,2.682191404397142,-4.920570535207701,-4.976962232063634,-2.4976837105080394,1.3407758299195036,-0.5388229462586791,4.777610913717062,-0.7904695594838476,1.014000067359876
44.0,227.0,143.7252960205078,-1.031691589310712,2.682191006059858,-4.920570563884254,-4.976963120567333,-2.4976839976648386,1.3407752498662209,-0.538822438229225,4.777611087380457,-0.7904692872412404,1.0140006173100948
44.0,227.0,143.7252960205078,-1.0316910273098472,2.682191315846972,-4.920570258832953,-4.976963048971231,-2.497683308116905,1.340775494695868,-0.5388228991519064,4.777610571442629,-0.7904691611097983,1.0140001812874209
44.0,227.0,143.7252960205078,-1.0316907937775293,2.6821910352958422,-4.920569667629749,-4.97696276399591,-2.497683331028912,1.340775541000447,-0.5388228618183541,4.777610826322846,-0.7904691062308391,1.0140001636132905
44.0,227.0,143.72531127929688,-1.031690876640571,2.6821914250772263,-4.920570363131797,-4.976962549534892,-2.497682472861371,1.3407757324626903,-0.5388232167309344,4.777610474459863,-0.790469077674973,1.0139996766624568
44.0,227.0,143.7252960205078,-1.0316910185761174,2.68219145306555,-4.9205693962074735,-4.976963030191468,-2.4976836650636387,1.34077543807913,-0.5388228455741242,4.777610723959043,-0.7904690200694056,1.014000478552698
44.0,227.0,143.7252960205078,-1.0316913199496716,2.682191074095289,-4.920569651073673,-4.976963461728665,-2.497684150044396,1.3407753298365677,-0.5388223647352444,4.777611147302528,-0.7904689793288693,1.0140007931280737
44.0,227.0,143.7252960205078,-1.0316912214315122,2.6821916667429164,-4.920570253911556,-4.976962616647692,-2.497683330141118,1.340775293081416,-0.5388229558420115,4.777610591916183,-0.7904691107102533,1.0140003019094497
44.0,227.0,143.7252960205078,-1.0316911299462097,2.682191911492681,-4.920570302987579,-4.976962504857432,-2.4976828871756345,1.3407758175458024,-0.5388229877046395,4.777610572047209,-0.7904691344252486,1.014000048020539
44.0,227.0,143.72531127929688,-1.031690893069995,2.6821916333968074,-4.920569987847747,-4.976962202895207,-2.497682924725132,1.3407756812575178,-0.5388231966066002,4.77761045841687,-0.7904691850227499,1.0139997835329462
44.0,227.0,143.7252960205078,-1.0316909600946618,2.6821911745055607,-4.92057007161271,-4.976963390741074,-2.497683848780707,1.340775495184353,-0.5388228358208487,4.777610977158654,-0.7904691141104534,1.0140004907674882
44.0,227.0,143.7252960205078,-1.0316913568368808,2.682191058468886,-4.920569843116541,-4.976963301634426,-2.497683452542958,1.3407749057407037,-0.5388225174687564,4.777610906563602,-0.7904690850623517,1.0140006567438684
44.0,227.0,143.7252960205078,-1.0316910835839672,2.6821909679482028,-4.920570245644662,-4.976963122569736,-2.497683615151608,1.3407754467525548,-0.5388227615898753,4.777611174815871,-0.7904693235018039,1.014000261381403
44.0,227.0,143.7252960205078,-1.0316915660569723,2.682191045510532,-4.920569528481698,-4.976963660172476,-2.497684375368128,1.3407750971729318,-0.5388224317126342,4.777611131784262,-0.7904690069881042,1.0140008647517629
44.0,227.0,143.7252960205078,-1.0316911678293472,2.6821914534058813,-4.920570337357752,-4.976962425881206,-2.4976833107086254,1.3407757154680846,-0.53882289734966,4.777610628042865,-0.7904692758562435,1.0140000990068732
44.0,227.0,143.7252960205078,-1.031691227298504,2.6821920089536624,-4.9205703318186655,-4.976961818510871,-2.497683543251028,1.3407756197008585,-0.5388233926674424,4.777610721466489,-0.7904694235952467,1.014000042669288
44.0,227.0,143.7252960205078,-1.0316912220927543,2.6821914896662005,-4.920569976759285,-4.976962606485906,-2.497683985913448,1.3407754240837022,-0.5388228822651282,4.777611357721073,-0.7904693693155203,1.0140005658113491
44.0,227.0,143.72531127929688,-1.0316904975923222,2.6821910866831464,-4.920569599812396,-4.976963292795928,-2.4976830133718444,1.3407752714882912,-0.5388231372983521,4.777610816681618,-0.7904690032055655,1.0140000571835328
44.0,227.0,143.7252960205078,-1.0316904898698391,2.6821906606098374,-4.920569178361495,-4.976964245093932,-2.497683519548102,1.340775095655462,-0.5388226481076881,4.77761099131723,-0.790468829445417,1.014000492534162
44.0,227.0,143.7252960205078,-1.031690834108272,2.6821910396301663,-4.920570172065436,-4.976963250512115,-2.4976831171178526,1.3407754632296616,-0.5388229307167283,4.777610573381949,-0.7904690873099547,1.0140000958482809
44.0,227.0,143.7252960205078,-1.031691381384621,2.6821913393464385,-4.920569381408203,-4.976963270381432,-2.497683924294289,1.3407751802109082,-0.5388226210274478,4.777611215712534,-0.7904690158949546,1.0140008118083053
44.0,227.0,143.72531127929688,-1.0316907089286218,2.682191910545134,-4.920570163677582,-4.976962444794597,-2.497682739746727,1.340775764634312,-0.538823438075994,4.777610409643369,-0.7904691678640798,1.0139998394568517
44.0,227.0,143.7252960205078,-1.031691373056121,2.6821907311542725,-4.920570390446678,-4.9769633434599205,-2.4976838607679666,1.340775530691225,-0.5388225303703713,4.777610908075538,-0.7904692795272501,1.0140004068489166
44.0,227.0,143.7252960205078,-1.0316915089210754,2.682191585554184,-4.920569474937659,-4.976963446339423,-2.497683570522576,1.3407750233679758,-0.5388225928905932,4.7776110115991415,-0.7904688949066454,1.0140007648980711
44.0,227.0,143.72531127929688,-1.0316913525438007,2.6821915765204825,-4.920569776408965,-4.9769629778186815,-2.4976832502871185,1.340775483196558,-0.5388227467587869,4.777610486398082,-0.7904689534097766,1.0140004124691728
44.0,227.0,143.7252960205078,-1.031690381292642,2.682191519048299,-4.920570179411394,-4.976962916240299,-2.497682543610684,1.340775564556366,-0.5388234728270209,4.777610480240645,-0.790469046606729,1.0139997308290614
44.0,227.0,143.7252960205078,-1.0316915450335058,2.68219165162183,-4.92057050343503,-4.9769631710495625,-2.497683200381251,1.3407753971381542,-0.5388225139912608,4.777610599850714,-0.7904688853519124,1.0140006401332062
44.0,227.0,143.72531127929688,-1.0316905887804857,2.6821914262373925,-4.920569686811891,-4.976963407648607,-2.4976829246545416,1.3407754089863202,-0.5388230780582548,4.77761082317477,-0.7904688766671972,1.0140002431266542
44.0,227.0,143.7252960205078,-1.0316915670577105,2.682191183664216,-4.920569513796538,-4.976963304815523,-2.49768418038914,1.340775170119862,-0.5388224625018463,4.777611088865669,-0.7904689872679853,1.0140009140485056
44.0,227.0,143.7252960205078,-1.0316916335445607,2.6821914147274404,-4.9205697089886105,-4.976963286888132,-2.4976840947398324,1.340775355428292,-0.5388224433754214,4.7776112974715375,-0.7904690410379906,1.0140008669222231
44.0,227.0,143.72531127929688,-1.031691950696862,2.6821911665685327,-4.920570092539818,-4.976963279070834,-2.4976844886323315,1.340775351022902,-0.5388220576035341,4.777611345702846,-0.7904692782309173,1.0140012921094197
44.0,227.0,143.7252960205078,-1.031691533256533,2.6821915735977653,-4.920570194634275,-4.976962585769958,-2.497683898647214,1.3407755204178071,-0.5388225938882325,4.77761095494902,-0.7904692729939997,1.014000701464454
44.0,227.0,143.7252960205078,-1.0316914519372968,2.6821907593958363,-4.920570545394368,-4.976962851994406,-2.497683681874434,1.3407755958861864,-0.5388223647925274,4.7776107771207865,-0.7904692787546663,1.014000228416661
44.0,227.0,143.7252960205078,-1.0316912208771694,2.6821912725243653,-4.920569472298422,-4.976963116375362,-2.497683939674017,1.3407752768208496,-0.5388224426567074,4.777610756873939,-0.7904691557594061,1.01400084423957
44.0,227.0,143.72531127929688,-1.031690955515019,2.682191785535494,-4.920569830817617,-4.976963331651461,-2.497682655041912,1.3407752636030352,-0.538822922313348,4.777610541251162,-0.790468667136536,1.014000370879085
44.0,227.0,143.7252960205078,-1.031691226010336,2.6821915553158355,-4.920570030402106,-4.976962576804143,-2.4976826745853846,1.3407756512649938,-0.5388231360084248,4.777610600817429,-0.7904690671590417,1.013999847458508
44.0,227.0,143.72531127929688,-1.0316902433023434,2.682191666928798,-4.9205702201043255,-4.976962475888958,-2.49768217537404,1.3407757495611872,-0.538823706034198,4.7776101791529975,-0.79046896868992,1.0139992486796157
44.0,227.0,143.7252960205078,-1.0316906891958766,2.68219147469002,-4.920570117085319,-4.976962594967271,-2.4976829383841235,1.340775735259184,-0.5388233299191727,4.777610579470785,-0.7904691717593266,1.0139997333792303
44.0,227.0,143.7252960205078,-1.0316914821699452,2.6821912431408803,-4.920570336214334,-4.976962590050475,-2.497683568565169,1.3407756904572068,-0.5388227312083282,4.777611181905092,-0.7904694162573502,1.014000221533986
44.0,227.0,143.7252960205078,-1.0316909584643517,2.6821906627834045,-4.920569915711287,-4.976963512247674,-2.4976841394379807,1.3407751984005092,-0.5388227733465811,4.77761142874577,-0.7904692141989509,1.0140006545193128
44.0,227.0,143.7252960205078,-1.03169142958301,2.682191004271796,-4.9205693052219885,-4.97696367669675,-2.497683712144597,1.340775090535276,-0.538822364046859,4.777611133035688,-0.7904689702999548,1.0140008077320155
44.0,227.0,143.7252960205078,-1.031691640254004,2.682191926704678,-4.920569683853785,-4.976962554918854,-2.497683529435672,1.340775107031,-0.5388228103490285,4.7776111078985615,-0.79046908821865,1.0140006886128443
44.0,227.0,143.7252960205078,-1.0316914609897063,2.6821914412357337,-4.920570058932393,-4.976963040886922,-2.497684185494716,1.340775437172125,-0.5388225216045992,4.777611499101802,-0.7904692325574896,1.0140009469377702
44.0,227.0,143.7252960205078,-1.0316904702153646,2.6821914287294204,-4.920570201980144,-4.976962380626331,-2.497682708512403,1.3407757321403038,-0.5388234579011186,4.777610642297649,-0.7904692141708578,1.0139996952466293
44.0,227.0,143.7252960205078,-1.031690719090927,2.682191742245691,-4.920569878556556,-4.976962308201744,-2.497683085736269,1.3407755705211528,-0.5388233714040851,4.777610722883187,-0.790469167138018,1.0139999617801996
44.0,227.0,143.7252960205078,-1.031690814863095,2.6821908114683595,-4.920570346464027,-4.976963163620345,-2.4976835807269246,1.3407754209787033,-0.5388228462737388,4.777610686929606,-0.7904691790137637,1.0140001421211575
44.0,227.0,143.7252960205078,-1.0316914259846852,2.6821912852086207,-4.920570054996845,-4.976963457633112,-2.4976832608686217,1.3407754557399247,-0.5388225472923303,4.777610896462958,-0.7904690113327248,1.0140005069763325
44.0,227.0,143.7252960205078,-1.0316921648133115,2.6821918506268725,-4.920570108292457,-4.976962170891197,-2.4976842568485584,1.3407754078724654,-0.5388223777468681,4.777611180369714,-0.7904694682703086,1.014000922589422
44.0,227.0,143.7252960205078,-1.0316909269313372,2.682190705518658,-4.920569934073503,-4.976963070824039,-2.49768331415816,1.340775375522389,-0.5388230232604005,4.777610697293802,-0.7904691076651469,1.0139999664020136
44.0,228.0,143.7252960205078,-1.0316918090539682,2.6821914815386494,-4.9205705090448,-4.976962509205115,-2.497683790784471,1.3407756352993152,-0.5388225120524259,4.777610682436267,-0.7904694080418464,1.014000466299409
44.0,228.0,143.7252960205078,-1.0316911816315928,2.682191404397142,-4.920570535207701,-4.976962232063634,-2.4976837105080394,1.3407758299195036,-0.5388229462586791,4.777610913717062,-0.7904695594838476,1.014000067359876
44.0,228.0,143.7252960205078,-1.031691589310712,2.682191006059858,-4.920570563884254,-4.976963120567333,-2.4976839976648386,1.3407752498662209,-0.538822438229225,4.777611087380457,-0.7904692872412404,1.0140006173100948
44.0,228.0,143.7252960205078,-1.0316910273098472,2.682191315846972,-4.920570258832953,-4.976963048971231,-2.497683308116905,1.340775494695868,-0.5388228991519064,4.777610571442629,-0.7904691611097983,1.0140001812874209
44.0,228.0,143.7252960205078,-1.0316907937775293,2.6821910352958422,-4.920569667629749,-4.97696276399591,-2.497683331028912,1.340775541000447,-0.5388228618183541,4.777610826322846,-0.7904691062308391,1.0140001636132905
44.0,228.0,143.72531127929688,-1.031690876640571,2.6821914250772263,-4.920570363131797,-4.976962549534892,-2.497682472861371,1.3407757324626903,-0.5388232167309344,4.777610474459863,-0.790469077674973,1.0139996766624568
44.0,228.0,143.7252960205078,-1.0316910185761174,2.68219145306555,-4.9205693962074735,-4.976963030191468,-2.4976836650636387,1.34077543807913,-0.5388228455741242,4.777610723959043,-0.7904690200694056,1.014000478552698
44.0,228.0,143.7252960205078,-1.0316913199496716,2.682191074095289,-4.920569651073673,-4.976963461728665,-2.497684150044396,1.3407753298365677,-0.5388223647352444,4.777611147302528,-0.7904689793288693,1.0140007931280737
44.0,228.0,143.7252960205078,-1.0316912214315122,2.6821916667429164,-4.920570253911556,-4.976962616647692,-2.497683330141118,1.340775293081416,-0.5388229558420115,4.777610591916183,-0.7904691107102533,1.0140003019094497
44.0,228.0,143.7252960205078,-1.0316911299462097,2.682191911492681,-4.920570302987579,-4.976962504857432,-2.4976828871756345,1.3407758175458024,-0.5388229877046395,4.777610572047209,-0.7904691344252486,1.014000048020539
44.0,228.0,143.72531127929688,-1.031690893069995,2.6821916333968074,-4.920569987847747,-4.976962202895207,-2.497682924725132,1.3407756812575178,-0.5388231966066002,4.77761045841687,-0.7904691850227499,1.0139997835329462
44.0,228.0,143.7252960205078,-1.0316909600946618,2.6821911745055607,-4.92057007161271,-4.976963390741074,-2.497683848780707,1.340775495184353,-0.5388228358208487,4.777610977158654,-0.7904691141104534,1.0140004907674882
44.0,228.0,143.7252960205078,-1.0316913568368808,2.682191058468886,-4.920569843116541,-4.976963301634426,-2.497683452542958,1.3407749057407037,-0.5388225174687564,4.777610906563602,-0.7904690850623517,1.0140006567438684
44.0,228.0,143.7252960205078,-1.0316910835839672,2.6821909679482028,-4.920570245644662,-4.976963122569736,-2.497683615151608,1.3407754467525548,-0.5388227615898753,4.777611174815871,-0.7904693235018039,1.014000261381403
44.0,228.0,143.7252960205078,-1.0316915660569723,2.682191045510532,-4.920569528481698,-4.976963660172476,-2.497684375368128,1.3407750971729318,-0.5388224317126342,4.777611131784262,-0.7904690069881042,1.0140008647517629
44.0,228.0,143.7252960205078,-1.0316911678293472,2.6821914534058813,-4.920570337357752,-4.976962425881206,-2.4976833107086254,1.3407757154680846,-0.53882289734966,4.777610628042865,-0.7904692758562435,1.0140000990068732
44.0,228.0,143.7252960205078,-1.031691227298504,2.6821920089536624,-4.9205703318186655,-4.976961818510871,-2.497683543251028,1.3407756197008585,-0.5388233926674424,4.777610721466489,-0.7904694235952467,1.014000042669288
44.0,228.0,143.7252960205078,-1.0316912220927543,2.6821914896662005,-4.920569976759285,-4.976962606485906,-2.497683985913448,1.3407754240837022,-0.5388228822651282,4.777611357721073,-0.7904693693155203,1.0140005658113491
44.0,228.0,143.72531127929688,-1.0316904975923222,2.6821910866831464,-4.920569599812396,-4.976963292795928,-2.4976830133718444,1.3407752714882912,-0.5388231372983521,4.777610816681618,-0.7904690032055655,1.0140000571835328
44.0,228.0,143.7252960205078,-1.0316904898698391,2.6821906606098374,-4.920569178361495,-4.976964245093932,-2.497683519548102,1.340775095655462,-0.5388226481076881,4.77761099131723,-0.790468829445417,1.014000492534162
44.0,228.0,143.7252960205078,-1.031690834108272,2.6821910396301663,-4.920570172065436,-4.976963250512115,-2.4976831171178526,1.3407754632296616,-0.5388229307167283,4.777610573381949,-0.7904690873099547,1.0140000958482809
44.0,228.0,143.7252960205078,-1.031691381384621,2.6821913393464385,-4.920569381408203,-4.976963270381432,-2.497683924294289,1.3407751802109082,-0.5388226210274478,4.777611215712534,-0.7904690158949546,1.0140008118083053
44.0,228.0,143.72531127929688,-1.0316907089286218,2.682191910545134,-4.920570163677582,-4.976962444794597,-2.497682739746727,1.340775764634312,-0.538823438075994,4.777610409643369,-0.7904691678640798,1.0139998394568517
44.0,228.0,143.7252960205078,-1.031691373056121,2.6821907311542725,-4.920570390446678,-4.9769633434599205,-2.4976838607679666,1.340775530691225,-0.5388225303703713,4.777610908075538,-0.7904692795272501,1.0140004068489166
44.0,228.0,143.7252960205078,-1.0316915089210754,2.682191585554184,-4.920569474937659,-4.976963446339423,-2.497683570522576,1.3407750233679758,-0.5388225928905932,4.7776110115991415,-0.7904688949066454,1.0140007648980711
44.0,228.0,143.72531127929688,-1.0316913525438007,2.6821915765204825,-4.920569776408965,-4.9769629778186815,-2.4976832502871185,1.340775483196558,-0.5388227467587869,4.777610486398082,-0.7904689534097766,1.0140004124691728
44.0,228.0,143.7252960205078,-1.031690381292642,2.682191519048299,-4.920570179411394,-4.976962916240299,-2.497682543610684,1.340775564556366,-0.5388234728270209,4.777610480240645,-0.790469046606729,1.0139997308290614
44.0,228.0,143.7252960205078,-1.0316915450335058,2.68219165162183,-4.92057050343503,-4.9769631710495625,-2.497683200381251,1.3407753971381542,-0.5388225139912608,4.777610599850714,-0.7904688853519124,1.0140006401332062
44.0,228.0,143.72531127929688,-1.0316905887804857,2.6821914262373925,-4.920569686811891,-4.976963407648607,-2.4976829246545416,1.3407754089863202,-0.5388230780582548,4.77761082317477,-0.7904688766671972,1.0140002431266542
44.0,228.0,143.7252960205078,-1.0316915670577105,2.682191183664216,-4.920569513796538,-4.976963304815523,-2.49768418038914,1.340775170119862,-0.5388224625018463,4.777611088865669,-0.7904689872679853,1.0140009140485056
44.0,228.0,143.7252960205078,-1.0316916335445607,2.6821914147274404,-4.9205697089886105,-4.976963286888132,-2.4976840947398324,1.340775355428292,-0.5388224433754214,4.7776112974715375,-0.7904690410379906,1.0140008669222231
44.0,228.0,143.72531127929688,-1.031691950696862,2.6821911665685327,-4.920570092539818,-4.976963279070834,-2.4976844886323315,1.340775351022902,-0.5388220576035341,4.777611345702846,-0.7904692782309173,1.0140012921094197
44.0,228.0,143.7252960205078,-1.031691533256533,2.6821915735977653,-4.920570194634275,-4.976962585769958,-2.497683898647214,1.3407755204178071,-0.5388225938882325,4.77761095494902,-0.7904692729939997,1.014000701464454
44.0,228.0,143.7252960205078,-1.0316914519372968,2.6821907593958363,-4.920570545394368,-4.976962851994406,-2.497683681874434,1.3407755958861864,-0.5388223647925274,4.7776107771207865,-0.7904692787546663,1.014000228416661
44.0,228.0,143.7252960205078,-1.0316912208771694,2.6821912725243653,-4.920569472298422,-4.976963116375362,-2.497683939674017,1.3407752768208496,-0.5388224426567074,4.777610756873939,-0.7904691557594061,1.01400084423957
44.0,228.0,143.72531127929688,-1.031690955515019,2.682191785535494,-4.920569830817617,-4.976963331651461,-2.497682655041912,1.3407752636030352,-0.538822922313348,4.777610541251162,-0.790468667136536,1.014000370879085
44.0,228.0,143.7252960205078,-1.031691226010336,2.6821915553158355,-4.920570030402106,-4.976962576804143,-2.4976826745853846,1.3407756512649938,-0.5388231360084248,4.777610600817429,-0.7904690671590417,1.013999847458508
44.0,228.0,143.72531127929688,-1.0316902433023434,2.682191666928798,-4.9205702201043255,-4.976962475888958,-2.49768217537404,1.3407757495611872,-0.538823706034198,4.7776101791529975,-0.79046896868992,1.0139992486796157
44.0,228.0,143.7252960205078,-1.0316906891958766,2.68219147469002,-4.920570117085319,-4.976962594967271,-2.4976829383841235,1.340775735259184,-0.5388233299191727,4.777610579470785,-0.7904691717593266,1.0139997333792303
44.0,228.0,143.7252960205078,-1.0316914821699452,2.6821912431408803,-4.920570336214334,-4.976962590050475,-2.497683568565169,1.3407756904572068,-0.5388227312083282,4.777611181905092,-0.7904694162573502,1.014000221533986
44.0,228.0,143.7252960205078,-1.0316909584643517,2.6821906627834045,-4.920569915711287,-4.976963512247674,-2.4976841394379807,1.3407751984005092,-0.5388227733465811,4.77761142874577,-0.7904692141989509,1.0140006545193128
44.0,228.0,143.7252960205078,-1.03169142958301,2.682191004271796,-4.9205693052219885,-4.97696367669675,-2.497683712144597,1.340775090535276,-0.538822364046859,4.777611133035688,-0.7904689702999548,1.0140008077320155
44.0,228.0,143.7252960205078,-1.031691640254004,2.682191926704678,-4.920569683853785,-4.976962554918854,-2.497683529435672,1.340775107031,-0.5388228103490285,4.7776111078985615,-0.79046908821865,1.0140006886128443
44.0,228.0,143.7252960205078,-1.0316914609897063,2.6821914412357337,-4.920570058932393,-4.976963040886922,-2.497684185494716,1.340775437172125,-0.5388225216045992,4.777611499101802,-0.7904692325574896,1.0140009469377702
44.0,228.0,143.7252960205078,-1.0316904702153646,2.6821914287294204,-4.920570201980144,-4.976962380626331,-2.497682708512403,1.3407757321403038,-0.5388234579011186,4.777610642297649,-0.7904692141708578,1.0139996952466293
44.0,228.0,143.7252960205078,-1.031690719090927,2.682191742245691,-4.920569878556556,-4.976962308201744,-2.497683085736269,1.3407755705211528,-0.5388233714040851,4.777610722883187,-0.790469167138018,1.0139999617801996
44.0,228.0,143.7252960205078,-1.031690814863095,2.6821908114683595,-4.920570346464027,-4.976963163620345,-2.4976835807269246,1.3407754209787033,-0.5388228462737388,4.777610686929606,-0.7904691790137637,1.0140001421211575
44.0,228.0,143.7252960205078,-1.0316914259846852,2.6821912852086207,-4.920570054996845,-4.976963457633112,-2.4976832608686217,1.3407754557399247,-0.5388225472923303,4.777610896462958,-0.7904690113327248,1.0140005069763325
44.0,228.0,143.7252960205078,-1.0316921648133115,2.6821918506268725,-4.920570108292457,-4.976962170891197,-2.4976842568485584,1.3407754078724654,-0.5388223777468681,4.777611180369714,-0.7904694682703086,1.014000922589422
44.0,228.0,143.7252960205078,-1.0316909269313372,2.682190705518658,-4.920569934073503,-4.976963070824039,-2.49768331415816,1.340775375522389,-0.5388230232604005,4.777610697293802,-0.7904691076651469,1.0139999664020136
44.0,229.0,143.7252960205078,-1.0316918090539682,2.6821914815386494,-4.9205705090448,-4.976962509205115,-2.497683790784471,1.3407756352993152,-0.5388225120524259,4.777610682436267,-0.7904694080418464,1.014000466299409
44.0,229.0,143.7252960205078,-1.0316911816315928,2.682191404397142,-4.920570535207701,-4.976962232063634,-2.4976837105080394,1.3407758299195036,-0.5388229462586791,4.777610913717062,-0.7904695594838476,1.014000067359876
44.0,229.0,143.7252960205078,-1.031691589310712,2.682191006059858,-4.920570563884254,-4.976963120567333,-2.4976839976648386,1.3407752498662209,-0.538822438229225,4.777611087380457,-0.7904692872412404,1.0140006173100948
44.0,229.0,143.7252960205078,-1.0316910273098472,2.682191315846972,-4.920570258832953,-4.976963048971231,-2.497683308116905,1.340775494695868,-0.5388228991519064,4.777610571442629,-0.7904691611097983,1.0140001812874209
44.0,229.0,143.7252960205078,-1.0316907937775293,2.6821910352958422,-4.920569667629749,-4.97696276399591,-2.497683331028912,1.340775541000447,-0.5388228618183541,4.777610826322846,-0.7904691062308391,1.0140001636132905
44.0,229.0,143.72531127929688,-1.031690876640571,2.6821914250772263,-4.920570363131797,-4.976962549534892,-2.497682472861371,1.3407757324626903,-0.5388232167309344,4.777610474459863,-0.790469077674973,1.0139996766624568
44.0,229.0,143.7252960205078,-1.0316910185761174,2.68219145306555,-4.9205693962074735,-4.976963030191468,-2.4976836650636387,1.34077543807913,-0.5388228455741242,4.777610723959043,-0.7904690200694056,1.014000478552698
44.0,229.0,143.7252960205078,-1.0316913199496716,2.682191074095289,-4.920569651073673,-4.976963461728665,-2.497684150044396,1.3407753298365677,-0.5388223647352444,4.777611147302528,-0.7904689793288693,1.0140007931280737
44.0,229.0,143.7252960205078,-1.0316912214315122,2.6821916667429164,-4.920570253911556,-4.976962616647692,-2.497683330141118,1.340775293081416,-0.5388229558420115,4.777610591916183,-0.7904691107102533,1.0140003019094497
44.0,229.0,143.7252960205078,-1.0316911299462097,2.682191911492681,-4.920570302987579,-4.976962504857432,-2.4976828871756345,1.3407758175458024,-0.5388229877046395,4.777610572047209,-0.7904691344252486,1.014000048020539
44.0,229.0,143.72531127929688,-1.031690893069995,2.6821916333968074,-4.920569987847747,-4.976962202895207,-2.497682924725132,1.3407756812575178,-0.5388231966066002,4.77761045841687,-0.7904691850227499,1.0139997835329462
44.0,229.0,143.7252960205078,-1.0316909600946618,2.6821911745055607,-4.92057007161271,-4.976963390741074,-2.497683848780707,1.340775495184353,-0.5388228358208487,4.777610977158654,-0.7904691141104534,1.0140004907674882
44.0,229.0,143.7252960205078,-1.0316913568368808,2.682191058468886,-4.920569843116541,-4.976963301634426,-2.497683452542958,1.3407749057407037,-0.5388225174687564,4.777610906563602,-0.7904690850623517,1.0140006567438684
44.0,229.0,143.7252960205078,-1.0316910835839672,2.6821909679482028,-4.920570245644662,-4.976963122569736,-2.497683615151608,1.3407754467525548,-0.5388227615898753,4.777611174815871,-0.7904693235018039,1.014000261381403
44.0,229.0,143.7252960205078,-1.0316915660569723,2.682191045510532,-4.920569528481698,-4.976963660172476,-2.497684375368128,1.3407750971729318,-0.5388224317126342,4.777611131784262,-0.7904690069881042,1.0140008647517629
44.0,229.0,143.7252960205078,-1.0316911678293472,2.6821914534058813,-4.920570337357752,-4.976962425881206,-2.4976833107086254,1.3407757154680846,-0.53882289734966,4.777610628042865,-0.7904692758562435,1.0140000990068732
44.0,229.0,143.7252960205078,-1.031691227298504,2.6821920089536624,-4.9205703318186655,-4.976961818510871,-2.497683543251028,1.3407756197008585,-0.5388233926674424,4.777610721466489,-0.7904694235952467,1.014000042669288
44.0,229.0,143.7252960205078,-1.0316912220927543,2.6821914896662005,-4.920569976759285,-4.976962606485906,-2.497683985913448,1.3407754240837022,-0.5388228822651282,4.777611357721073,-0.7904693693155203,1.0140005658113491
44.0,229.0,143.72531127929688,-1.0316904975923222,2.6821910866831464,-4.920569599812396,-4.976963292795928,-2.4976830133718444,1.3407752714882912,-0.5388231372983521,4.777610816681618,-0.7904690032055655,1.0140000571835328
44.0,229.0,143.7252960205078,-1.0316904898698391,2.6821906606098374,-4.920569178361495,-4.976964245093932,-2.497683519548102,1.340775095655462,-0.5388226481076881,4.77761099131723,-0.790468829445417,1.014000492534162
44.0,229.0,143.7252960205078,-1.031690834108272,2.6821910396301663,-4.920570172065436,-4.976963250512115,-2.4976831171178526,1.3407754632296616,-0.5388229307167283,4.777610573381949,-0.7904690873099547,1.0140000958482809
44.0,229.0,143.7252960205078,-1.031691381384621,2.6821913393464385,-4.920569381408203,-4.976963270381432,-2.497683924294289,1.3407751802109082,-0.5388226210274478,4.777611215712534,-0.7904690158949546,1.0140008118083053
44.0,229.0,143.72531127929688,-1.0316907089286218,2.682191910545134,-4.920570163677582,-4.976962444794597,-2.497682739746727,1.340775764634312,-0.538823438075994,4.777610409643369,-0.7904691678640798,1.0139998394568517
44.0,229.0,143.7252960205078,-1.031691373056121,2.6821907311542725,-4.920570390446678,-4.9769633434599205,-2.4976838607679666,1.340775530691225,-0.5388225303703713,4.777610908075538,-0.7904692795272501,1.0140004068489166
44.0,229.0,143.7252960205078,-1.0316915089210754,2.682191585554184,-4.920569474937659,-4.976963446339423,-2.497683570522576,1.3407750233679758,-0.5388225928905932,4.7776110115991415,-0.7904688949066454,1.0140007648980711
44.0,229.0,143.72531127929688,-1.0316913525438007,2.6821915765204825,-4.920569776408965,-4.9769629778186815,-2.4976832502871185,1.340775483196558,-0.5388227467587869,4.777610486398082,-0.7904689534097766,1.0140004124691728
44.0,229.0,143.7252960205078,-1.031690381292642,2.682191519048299,-4.920570179411394,-4.976962916240299,-2.497682543610684,1.340775564556366,-0.5388234728270209,4.777610480240645,-0.790469046606729,1.0139997308290614
44.0,229.0,143.7252960205078,-1.0316915450335058,2.68219165162183,-4.92057050343503,-4.9769631710495625,-2.497683200381251,1.3407753971381542,-0.5388225139912608,4.777610599850714,-0.7904688853519124,1.0140006401332062
44.0,229.0,143.72531127929688,-1.0316905887804857,2.6821914262373925,-4.920569686811891,-4.976963407648607,-2.4976829246545416,1.3407754089863202,-0.5388230780582548,4.77761082317477,-0.7904688766671972,1.0140002431266542
44.0,229.0,143.7252960205078,-1.0316915670577105,2.682191183664216,-4.920569513796538,-4.976963304815523,-2.49768418038914,1.340775170119862,-0.5388224625018463,4.777611088865669,-0.7904689872679853,1.0140009140485056
44.0,229.0,143.7252960205078,-1.0316916335445607,2.6821914147274404,-4.9205697089886105,-4.976963286888132,-2.4976840947398324,1.340775355428292,-0.5388224433754214,4.7776112974715375,-0.7904690410379906,1.0140008669222231
44.0,229.0,143.72531127929688,-1.031691950696862,2.6821911665685327,-4.920570092539818,-4.976963279070834,-2.4976844886323315,1.340775351022902,-0.5388220576035341,4.777611345702846,-0.7904692782309173,1.0140012921094197
44.0,229.0,143.7252960205078,-1.031691533256533,2.6821915735977653,-4.920570194634275,-4.976962585769958,-2.497683898647214,1.3407755204178071,-0.5388225938882325,4.77761095494902,-0.7904692729939997,1.014000701464454
44.0,229.0,143.7252960205078,-1.0316914519372968,2.6821907593958363,-4.920570545394368,-4.976962851994406,-2.497683681874434,1.3407755958861864,-0.5388223647925274,4.7776107771207865,-0.7904692787546663,1.014000228416661
44.0,229.0,143.7252960205078,-1.0316912208771694,2.6821912725243653,-4.920569472298422,-4.976963116375362,-2.497683939674017,1.3407752768208496,-0.5388224426567074,4.777610756873939,-0.7904691557594061,1.01400084423957
44.0,229.0,143.72531127929688,-1.031690955515019,2.682191785535494,-4.920569830817617,-4.976963331651461,-2.497682655041912,1.3407752636030352,-0.538822922313348,4.777610541251162,-0.790468667136536,1.014000370879085
44.0,229.0,143.7252960205078,-1.031691226010336,2.6821915553158355,-4.920570030402106,-4.976962576804143,-2.4976826745853846,1.3407756512649938,-0.5388231360084248,4.777610600817429,-0.7904690671590417,1.013999847458508
44.0,229.0,143.72531127929688,-1.0316902433023434,2.682191666928798,-4.9205702201043255,-4.976962475888958,-2.49768217537404,1.3407757495611872,-0.538823706034198,4.7776101791529975,-0.79046896868992,1.0139992486796157
44.0,229.0,143.7252960205078,-1.0316906891958766,2.68219147469002,-4.920570117085319,-4.976962594967271,-2.4976829383841235,1.340775735259184,-0.5388233299191727,4.777610579470785,-0.7904691717593266,1.0139997333792303
44.0,229.0,143.7252960205078,-1.0316914821699452,2.6821912431408803,-4.920570336214334,-4.976962590050475,-2.497683568565169,1.3407756904572068,-0.5388227312083282,4.777611181905092,-0.7904694162573502,1.014000221533986
44.0,229.0,143.7252960205078,-1.0316909584643517,2.6821906627834045,-4.920569915711287,-4.976963512247674,-2.4976841394379807,1.3407751984005092,-0.5388227733465811,4.77761142874577,-0.7904692141989509,1.0140006545193128
44.0,229.0,143.7252960205078,-1.03169142958301,2.682191004271796,-4.9205693052219885,-4.97696367669675,-2.497683712144597,1.340775090535276,-0.538822364046859,4.777611133035688,-0.7904689702999548,1.0140008077320155
44.0,229.0,143.7252960205078,-1.031691640254004,2.682191926704678,-4.920569683853785,-4.976962554918854,-2.497683529435672,1.340775107031,-0.5388228103490285,4.7776111078985615,-0.79046908821865,1.0140006886128443
44.0,229.0,143.7252960205078,-1.0316914609897063,2.6821914412357337,-4.920570058932393,-4.976963040886922,-2.497684185494716,1.340775437172125,-0.5388225216045992,4.777611499101802,-0.7904692325574896,1.0140009469377702
44.0,229.0,143.7252960205078,-1.0316904702153646,2.6821914287294204,-4.920570201980144,-4.976962380626331,-2.497682708512403,1.3407757321403038,-0.5388234579011186,4.777610642297649,-0.7904692141708578,1.0139996952466293
44.0,229.0,143.7252960205078,-1.031690719090927,2.682191742245691,-4.920569878556556,-4.976962308201744,-2.497683085736269,1.3407755705211528,-0.5388233714040851,4.777610722883187,-0.790469167138018,1.0139999617801996
44.0,229.0,143.7252960205078,-1.031690814863095,2.6821908114683595,-4.920570346464027,-4.976963163620345,-2.4976835807269246,1.3407754209787033,-0.5388228462737388,4.777610686929606,-0.7904691790137637,1.0140001421211575
44.0,229.0,143.7252960205078,-1.0316914259846852,2.6821912852086207,-4.920570054996845,-4.976963457633112,-2.4976832608686217,1.3407754557399247,-0.5388225472923303,4.777610896462958,-0.7904690113327248,1.0140005069763325
44.0,229.0,143.7252960205078,-1.0316921648133115,2.6821918506268725,-4.920570108292457,-4.976962170891197,-2.4976842568485584,1.3407754078724654,-0.5388223777468681,4.777611180369714,-0.7904694682703086,1.014000922589422
44.0,229.0,143.7252960205078,-1.0316909269313372,2.682190705518658,-4.920569934073503,-4.976963070824039,-2.49768331415816,1.340775375522389,-0.5388230232604005,4.777610697293802,-0.7904691076651469,1.0139999664020136
44.0,230.0,143.7252960205078,-1.0316918090539682,2.6821914815386494,-4.9205705090448,-4.976962509205115,-2.497683790784471,1.3407756352993152,-0.5388225120524259,4.777610682436267,-0.7904694080418464,1.014000466299409
44.0,230.0,143.7252960205078,-1.0316911816315928,2.682191404397142,-4.920570535207701,-4.976962232063634,-2.4976837105080394,1.3407758299195036,-0.5388229462586791,4.777610913717062,-0.7904695594838476,1.014000067359876
44.0,230.0,143.7252960205078,-1.031691589310712,2.682191006059858,-4.920570563884254,-4.976963120567333,-2.4976839976648386,1.3407752498662209,-0.538822438229225,4.777611087380457,-0.7904692872412404,1.0140006173100948
44.0,230.0,143.7252960205078,-1.0316910273098472,2.682191315846972,-4.920570258832953,-4.976963048971231,-2.497683308116905,1.340775494695868,-0.5388228991519064,4.777610571442629,-0.7904691611097983,1.0140001812874209
44.0,230.0,143.7252960205078,-1.0316907937775293,2.6821910352958422,-4.920569667629749,-4.97696276399591,-2.497683331028912,1.340775541000447,-0.5388228618183541,4.777610826322846,-0.7904691062308391,1.0140001636132905
44.0,230.0,143.72531127929688,-1.031690876640571,2.6821914250772263,-4.920570363131797,-4.976962549534892,-2.497682472861371,1.3407757324626903,-0.5388232167309344,4.777610474459863,-0.790469077674973,1.0139996766624568
44.0,230.0,143.7252960205078,-1.0316910185761174,2.68219145306555,-4.9205693962074735,-4.976963030191468,-2.4976836650636387,1.34077543807913,-0.5388228455741242,4.777610723959043,-0.7904690200694056,1.014000478552698
44.0,230.0,143.7252960205078,-1.0316913199496716,2.682191074095289,-4.920569651073673,-4.976963461728665,-2.497684150044396,1.3407753298365677,-0.5388223647352444,4.777611147302528,-0.7904689793288693,1.0140007931280737
44.0,230.0,143.7252960205078,-1.0316912214315122,2.6821916667429164,-4.920570253911556,-4.976962616647692,-2.497683330141118,1.340775293081416,-0.5388229558420115,4.777610591916183,-0.7904691107102533,1.0140003019094497
44.0,230.0,143.7252960205078,-1.0316911299462097,2.682191911492681,-4.920570302987579,-4.976962504857432,-2.4976828871756345,1.3407758175458024,-0.5388229877046395,4.777610572047209,-0.7904691344252486,1.014000048020539
44.0,230.0,143.72531127929688,-1.031690893069995,2.6821916333968074,-4.920569987847747,-4.976962202895207,-2.497682924725132,1.3407756812575178,-0.5388231966066002,4.77761045841687,-0.7904691850227499,1.0139997835329462
44.0,230.0,143.7252960205078,-1.0316909600946618,2.6821911745055607,-4.92057007161271,-4.976963390741074,-2.497683848780707,1.340775495184353,-0.5388228358208487,4.777610977158654,-0.7904691141104534,1.0140004907674882
44.0,230.0,143.7252960205078,-1.0316913568368808,2.682191058468886,-4.920569843116541,-4.976963301634426,-2.497683452542958,1.3407749057407037,-0.5388225174687564,4.777610906563602,-0.7904690850623517,1.0140006567438684
44.0,230.0,143.7252960205078,-1.0316910835839672,2.6821909679482028,-4.920570245644662,-4.976963122569736,-2.497683615151608,1.3407754467525548,-0.5388227615898753,4.777611174815871,-0.7904693235018039,1.014000261381403
44.0,230.0,143.7252960205078,-1.0316915660569723,2.682191045510532,-4.920569528481698,-4.976963660172476,-2.497684375368128,1.3407750971729318,-0.5388224317126342,4.777611131784262,-0.7904690069881042,1.0140008647517629
44.0,230.0,143.7252960205078,-1.0316911678293472,2.6821914534058813,-4.920570337357752,-4.976962425881206,-2.4976833107086254,1.3407757154680846,-0.53882289734966,4.777610628042865,-0.7904692758562435,1.0140000990068732
44.0,230.0,143.7252960205078,-1.031691227298504,2.6821920089536624,-4.9205703318186655,-4.976961818510871,-2.497683543251028,1.3407756197008585,-0.5388233926674424,4.777610721466489,-0.7904694235952467,1.014000042669288
44.0,230.0,143.7252960205078,-1.0316912220927543,2.6821914896662005,-4.920569976759285,-4.976962606485906,-2.497683985913448,1.3407754240837022,-0.5388228822651282,4.777611357721073,-0.7904693693155203,1.0140005658113491
44.0,230.0,143.72531127929688,-1.0316904975923222,2.6821910866831464,-4.920569599812396,-4.976963292795928,-2.4976830133718444,1.3407752714882912,-0.5388231372983521,4.777610816681618,-0.7904690032055655,1.0140000571835328
44.0,230.0,143.7252960205078,-1.0316904898698391,2.6821906606098374,-4.920569178361495,-4.976964245093932,-2.497683519548102,1.340775095655462,-0.5388226481076881,4.77761099131723,-0.790468829445417,1.014000492534162
44.0,230.0,143.7252960205078,-1.031690834108272,2.6821910396301663,-4.920570172065436,-4.976963250512115,-2.4976831171178526,1.3407754632296616,-0.5388229307167283,4.777610573381949,-0.7904690873099547,1.0140000958482809
44.0,230.0,143.7252960205078,-1.031691381384621,2.6821913393464385,-4.920569381408203,-4.976963270381432,-2.497683924294289,1.3407751802109082,-0.5388226210274478,4.777611215712534,-0.7904690158949546,1.0140008118083053
44.0,230.0,143.72531127929688,-1.0316907089286218,2.682191910545134,-4.920570163677582,-4.976962444794597,-2.497682739746727,1.340775764634312,-0.538823438075994,4.777610409643369,-0.7904691678640798,1.0139998394568517
44.0,230.0,143.7252960205078,-1.031691373056121,2.6821907311542725,-4.920570390446678,-4.9769633434599205,-2.4976838607679666,1.340775530691225,-0.5388225303703713,4.777610908075538,-0.7904692795272501,1.0140004068489166
44.0,230.0,143.7252960205078,-1.0316915089210754,2.682191585554184,-4.920569474937659,-4.976963446339423,-2.497683570522576,1.3407750233679758,-0.5388225928905932,4.7776110115991415,-0.7904688949066454,1.0140007648980711
44.0,230.0,143.72531127929688,-1.0316913525438007,2.6821915765204825,-4.920569776408965,-4.9769629778186815,-2.4976832502871185,1.340775483196558,-0.5388227467587869,4.777610486398082,-0.7904689534097766,1.0140004124691728
44.0,230.0,143.7252960205078,-1.031690381292642,2.682191519048299,-4.920570179411394,-4.976962916240299,-2.497682543610684,1.340775564556366,-0.5388234728270209,4.777610480240645,-0.790469046606729,1.0139997308290614
44.0,230.0,143.7252960205078,-1.0316915450335058,2.68219165162183,-4.92057050343503,-4.9769631710495625,-2.497683200381251,1.3407753971381542,-0.5388225139912608,4.777610599850714,-0.7904688853519124,1.0140006401332062
44.0,230.0,143.72531127929688,-1.0316905887804857,2.6821914262373925,-4.920569686811891,-4.976963407648607,-2.4976829246545416,1.3407754089863202,-0.5388230780582548,4.77761082317477,-0.7904688766671972,1.0140002431266542
44.0,230.0,143.7252960205078,-1.0316915670577105,2.682191183664216,-4.920569513796538,-4.976963304815523,-2.49768418038914,1.340775170119862,-0.5388224625018463,4.777611088865669,-0.7904689872679853,1.0140009140485056
44.0,230.0,143.7252960205078,-1.0316916335445607,2.6821914147274404,-4.9205697089886105,-4.976963286888132,-2.4976840947398324,1.340775355428292,-0.5388224433754214,4.7776112974715375,-0.7904690410379906,1.0140008669222231
44.0,230.0,143.72531127929688,-1.031691950696862,2.6821911665685327,-4.920570092539818,-4.976963279070834,-2.4976844886323315,1.340775351022902,-0.5388220576035341,4.777611345702846,-0.7904692782309173,1.0140012921094197
44.0,230.0,143.7252960205078,-1.031691533256533,2.6821915735977653,-4.920570194634275,-4.976962585769958,-2.497683898647214,1.3407755204178071,-0.5388225938882325,4.77761095494902,-0.7904692729939997,1.014000701464454
44.0,230.0,143.7252960205078,-1.0316914519372968,2.6821907593958363,-4.920570545394368,-4.976962851994406,-2.497683681874434,1.3407755958861864,-0.5388223647925274,4.7776107771207865,-0.7904692787546663,1.014000228416661
44.0,230.0,143.7252960205078,-1.0316912208771694,2.6821912725243653,-4.920569472298422,-4.976963116375362,-2.497683939674017,1.3407752768208496,-0.5388224426567074,4.777610756873939,-0.7904691557594061,1.01400084423957
44.0,230.0,143.72531127929688,-1.031690955515019,2.682191785535494,-4.920569830817617,-4.976963331651461,-2.497682655041912,1.3407752636030352,-0.538822922313348,4.777610541251162,-0.790468667136536,1.014000370879085
44.0,230.0,143.7252960205078,-1.031691226010336,2.6821915553158355,-4.920570030402106,-4.976962576804143,-2.4976826745853846,1.3407756512649938,-0.5388231360084248,4.777610600817429,-0.7904690671590417,1.013999847458508
44.0,230.0,143.72531127929688,-1.0316902433023434,2.682191666928798,-4.9205702201043255,-4.976962475888958,-2.49768217537404,1.3407757495611872,-0.538823706034198,4.7776101791529975,-0.79046896868992,1.0139992486796157
44.0,230.0,143.7252960205078,-1.0316906891958766,2.68219147469002,-4.920570117085319,-4.976962594967271,-2.4976829383841235,1.340775735259184,-0.5388233299191727,4.777610579470785,-0.7904691717593266,1.0139997333792303
44.0,230.0,143.7252960205078,-1.0316914821699452,2.6821912431408803,-4.920570336214334,-4.976962590050475,-2.497683568565169,1.3407756904572068,-0.5388227312083282,4.777611181905092,-0.7904694162573502,1.014000221533986
44.0,230.0,143.7252960205078,-1.0316909584643517,2.6821906627834045,-4.920569915711287,-4.976963512247674,-2.4976841394379807,1.3407751984005092,-0.5388227733465811,4.77761142874577,-0.7904692141989509,1.0140006545193128
44.0,230.0,143.7252960205078,-1.03169142958301,2.682191004271796,-4.9205693052219885,-4.97696367669675,-2.497683712144597,1.340775090535276,-0.538822364046859,4.777611133035688,-0.7904689702999548,1.0140008077320155
44.0,230.0,143.7252960205078,-1.031691640254004,2.682191926704678,-4.920569683853785,-4.976962554918854,-2.497683529435672,1.340775107031,-0.5388228103490285,4.7776111078985615,-0.79046908821865,1.0140006886128443
44.0,230.0,143.7252960205078,-1.0316914609897063,2.6821914412357337,-4.920570058932393,-4.976963040886922,-2.497684185494716,1.340775437172125,-0.5388225216045992,4.777611499101802,-0.7904692325574896,1.0140009469377702
44.0,230.0,143.7252960205078,-1.0316904702153646,2.6821914287294204,-4.920570201980144,-4.976962380626331,-2.497682708512403,1.3407757321403038,-0.5388234579011186,4.777610642297649,-0.7904692141708578,1.0139996952466293
44.0,230.0,143.7252960205078,-1.031690719090927,2.682191742245691,-4.920569878556556,-4.976962308201744,-2.497683085736269,1.3407755705211528,-0.5388233714040851,4.777610722883187,-0.790469167138018,1.0139999617801996
44.0,230.0,143.7252960205078,-1.031690814863095,2.6821908114683595,-4.920570346464027,-4.976963163620345,-2.4976835807269246,1.3407754209787033,-0.5388228462737388,4.777610686929606,-0.7904691790137637,1.0140001421211575
44.0,230.0,143.7252960205078,-1.0316914259846852,2.6821912852086207,-4.920570054996845,-4.976963457633112,-2.4976832608686217,1.3407754557399247,-0.5388225472923303,4.777610896462958,-0.7904690113327248,1.0140005069763325
44.0,230.0,143.7252960205078,-1.0316921648133115,2.6821918506268725,-4.920570108292457,-4.976962170891197,-2.4976842568485584,1.3407754078724654,-0.5388223777468681,4.777611180369714,-0.7904694682703086,1.014000922589422
44.0,230.0,143.7252960205078,-1.0316909269313372,2.682190705518658,-4.920569934073503,-4.976963070824039,-2.49768331415816,1.340775375522389,-0.5388230232604005,4.777610697293802,-0.7904691076651469,1.0139999664020136
44.0,231.0,143.7252960205078,-1.0316918090539682,2.6821914815386494,-4.9205705090448,-4.976962509205115,-2.497683790784471,1.3407756352993152,-0.5388225120524259,4.777610682436267,-0.7904694080418464,1.014000466299409
44.0,231.0,143.7252960205078,-1.0316911816315928,2.682191404397142,-4.920570535207701,-4.976962232063634,-2.4976837105080394,1.3407758299195036,-0.5388229462586791,4.777610913717062,-0.7904695594838476,1.014000067359876
44.0,231.0,143.7252960205078,-1.031691589310712,2.682191006059858,-4.920570563884254,-4.976963120567333,-2.4976839976648386,1.3407752498662209,-0.538822438229225,4.777611087380457,-0.7904692872412404,1.0140006173100948
44.0,231.0,143.7252960205078,-1.0316910273098472,2.682191315846972,-4.920570258832953,-4.976963048971231,-2.497683308116905,1.340775494695868,-0.5388228991519064,4.777610571442629,-0.7904691611097983,1.0140001812874209
44.0,231.0,143.7252960205078,-1.0316907937775293,2.6821910352958422,-4.920569667629749,-4.97696276399591,-2.497683331028912,1.340775541000447,-0.5388228618183541,4.777610826322846,-0.7904691062308391,1.0140001636132905
44.0,231.0,143.72531127929688,-1.031690876640571,2.6821914250772263,-4.920570363131797,-4.976962549534892,-2.497682472861371,1.3407757324626903,-0.5388232167309344,4.777610474459863,-0.790469077674973,1.0139996766624568
44.0,231.0,143.7252960205078,-1.0316910185761174,2.68219145306555,-4.9205693962074735,-4.976963030191468,-2.4976836650636387,1.34077543807913,-0.5388228455741242,4.777610723959043,-0.7904690200694056,1.014000478552698
44.0,231.0,143.7252960205078,-1.0316913199496716,2.682191074095289,-4.920569651073673,-4.976963461728665,-2.497684150044396,1.3407753298365677,-0.5388223647352444,4.777611147302528,-0.7904689793288693,1.0140007931280737
44.0,231.0,143.7252960205078,-1.0316912214315122,2.6821916667429164,-4.920570253911556,-4.976962616647692,-2.497683330141118,1.340775293081416,-0.5388229558420115,4.777610591916183,-0.7904691107102533,1.0140003019094497
44.0,231.0,143.7252960205078,-1.0316911299462097,2.682191911492681,-4.920570302987579,-4.976962504857432,-2.4976828871756345,1.3407758175458024,-0.5388229877046395,4.777610572047209,-0.7904691344252486,1.014000048020539
44.0,231.0,143.72531127929688,-1.031690893069995,2.6821916333968074,-4.920569987847747,-4.976962202895207,-2.497682924725132,1.3407756812575178,-0.5388231966066002,4.77761045841687,-0.7904691850227499,1.0139997835329462
44.0,231.0,143.7252960205078,-1.0316909600946618,2.6821911745055607,-4.92057007161271,-4.976963390741074,-2.497683848780707,1.340775495184353,-0.5388228358208487,4.777610977158654,-0.7904691141104534,1.0140004907674882
44.0,231.0,143.7252960205078,-1.0316913568368808,2.682191058468886,-4.920569843116541,-4.976963301634426,-2.497683452542958,1.3407749057407037,-0.5388225174687564,4.777610906563602,-0.7904690850623517,1.0140006567438684
44.0,231.0,143.7252960205078,-1.0316910835839672,2.6821909679482028,-4.920570245644662,-4.976963122569736,-2.497683615151608,1.3407754467525548,-0.5388227615898753,4.777611174815871,-0.7904693235018039,1.014000261381403
44.0,231.0,143.7252960205078,-1.0316915660569723,2.682191045510532,-4.920569528481698,-4.976963660172476,-2.497684375368128,1.3407750971729318,-0.5388224317126342,4.777611131784262,-0.7904690069881042,1.0140008647517629
44.0,231.0,143.7252960205078,-1.0316911678293472,2.6821914534058813,-4.920570337357752,-4.976962425881206,-2.4976833107086254,1.3407757154680846,-0.53882289734966,4.777610628042865,-0.7904692758562435,1.0140000990068732
44.0,231.0,143.7252960205078,-1.031691227298504,2.6821920089536624,-4.9205703318186655,-4.976961818510871,-2.497683543251028,1.3407756197008585,-0.5388233926674424,4.777610721466489,-0.7904694235952467,1.014000042669288
44.0,231.0,143.7252960205078,-1.0316912220927543,2.6821914896662005,-4.920569976759285,-4.976962606485906,-2.497683985913448,1.3407754240837022,-0.5388228822651282,4.777611357721073,-0.7904693693155203,1.0140005658113491
44.0,231.0,143.72531127929688,-1.0316904975923222,2.6821910866831464,-4.920569599812396,-4.976963292795928,-2.4976830133718444,1.3407752714882912,-0.5388231372983521,4.777610816681618,-0.7904690032055655,1.0140000571835328
44.0,231.0,143.7252960205078,-1.0316904898698391,2.6821906606098374,-4.920569178361495,-4.976964245093932,-2.497683519548102,1.340775095655462,-0.5388226481076881,4.77761099131723,-0.790468829445417,1.014000492534162
44.0,231.0,143.7252960205078,-1.031690834108272,2.6821910396301663,-4.920570172065436,-4.976963250512115,-2.4976831171178526,1.3407754632296616,-0.5388229307167283,4.777610573381949,-0.7904690873099547,1.0140000958482809
44.0,231.0,143.7252960205078,-1.031691381384621,2.6821913393464385,-4.920569381408203,-4.976963270381432,-2.497683924294289,1.3407751802109082,-0.5388226210274478,4.777611215712534,-0.7904690158949546,1.0140008118083053
44.0,231.0,143.72531127929688,-1.0316907089286218,2.682191910545134,-4.920570163677582,-4.976962444794597,-2.497682739746727,1.340775764634312,-0.538823438075994,4.777610409643369,-0.7904691678640798,1.0139998394568517
44.0,231.0,143.7252960205078,-1.031691373056121,2.6821907311542725,-4.920570390446678,-4.9769633434599205,-2.4976838607679666,1.340775530691225,-0.5388225303703713,4.777610908075538,-0.7904692795272501,1.0140004068489166
44.0,231.0,143.7252960205078,-1.0316915089210754,2.682191585554184,-4.920569474937659,-4.976963446339423,-2.497683570522576,1.3407750233679758,-0.5388225928905932,4.7776110115991415,-0.7904688949066454,1.0140007648980711
44.0,231.0,143.72531127929688,-1.0316913525438007,2.6821915765204825,-4.920569776408965,-4.9769629778186815,-2.4976832502871185,1.340775483196558,-0.5388227467587869,4.777610486398082,-0.7904689534097766,1.0140004124691728
44.0,231.0,143.7252960205078,-1.031690381292642,2.682191519048299,-4.920570179411394,-4.976962916240299,-2.497682543610684,1.340775564556366,-0.5388234728270209,4.777610480240645,-0.790469046606729,1.0139997308290614
44.0,231.0,143.7252960205078,-1.0316915450335058,2.68219165162183,-4.92057050343503,-4.9769631710495625,-2.497683200381251,1.3407753971381542,-0.5388225139912608,4.777610599850714,-0.7904688853519124,1.0140006401332062
44.0,231.0,143.72531127929688,-1.0316905887804857,2.6821914262373925,-4.920569686811891,-4.976963407648607,-2.4976829246545416,1.3407754089863202,-0.5388230780582548,4.77761082317477,-0.7904688766671972,1.0140002431266542
44.0,231.0,143.7252960205078,-1.0316915670577105,2.682191183664216,-4.920569513796538,-4.976963304815523,-2.49768418038914,1.340775170119862,-0.5388224625018463,4.777611088865669,-0.7904689872679853,1.0140009140485056
44.0,231.0,143.7252960205078,-1.0316916335445607,2.6821914147274404,-4.9205697089886105,-4.976963286888132,-2.4976840947398324,1.340775355428292,-0.5388224433754214,4.7776112974715375,-0.7904690410379906,1.0140008669222231
44.0,231.0,143.72531127929688,-1.031691950696862,2.6821911665685327,-4.920570092539818,-4.976963279070834,-2.4976844886323315,1.340775351022902,-0.5388220576035341,4.777611345702846,-0.7904692782309173,1.0140012921094197
44.0,231.0,143.7252960205078,-1.031691533256533,2.6821915735977653,-4.920570194634275,-4.976962585769958,-2.497683898647214,1.3407755204178071,-0.5388225938882325,4.77761095494902,-0.7904692729939997,1.014000701464454
44.0,231.0,143.7252960205078,-1.0316914519372968,2.6821907593958363,-4.920570545394368,-4.976962851994406,-2.497683681874434,1.3407755958861864,-0.5388223647925274,4.7776107771207865,-0.7904692787546663,1.014000228416661
44.0,231.0,143.7252960205078,-1.0316912208771694,2.6821912725243653,-4.920569472298422,-4.976963116375362,-2.497683939674017,1.3407752768208496,-0.5388224426567074,4.777610756873939,-0.7904691557594061,1.01400084423957
44.0,231.0,143.72531127929688,-1.031690955515019,2.682191785535494,-4.920569830817617,-4.976963331651461,-2.497682655041912,1.3407752636030352,-0.538822922313348,4.777610541251162,-0.790468667136536,1.014000370879085
44.0,231.0,143.7252960205078,-1.031691226010336,2.6821915553158355,-4.920570030402106,-4.976962576804143,-2.4976826745853846,1.3407756512649938,-0.5388231360084248,4.777610600817429,-0.7904690671590417,1.013999847458508
44.0,231.0,143.72531127929688,-1.0316902433023434,2.682191666928798,-4.9205702201043255,-4.976962475888958,-2.49768217537404,1.3407757495611872,-0.538823706034198,4.7776101791529975,-0.79046896868992,1.0139992486796157
44.0,231.0,143.7252960205078,-1.0316906891958766,2.68219147469002,-4.920570117085319,-4.976962594967271,-2.4976829383841235,1.340775735259184,-0.5388233299191727,4.777610579470785,-0.7904691717593266,1.0139997333792303
44.0,231.0,143.7252960205078,-1.0316914821699452,2.6821912431408803,-4.920570336214334,-4.976962590050475,-2.497683568565169,1.3407756904572068,-0.5388227312083282,4.777611181905092,-0.7904694162573502,1.014000221533986
44.0,231.0,143.7252960205078,-1.0316909584643517,2.6821906627834045,-4.920569915711287,-4.976963512247674,-2.4976841394379807,1.3407751984005092,-0.5388227733465811,4.77761142874577,-0.7904692141989509,1.0140006545193128
44.0,231.0,143.7252960205078,-1.03169142958301,2.682191004271796,-4.9205693052219885,-4.97696367669675,-2.497683712144597,1.340775090535276,-0.538822364046859,4.777611133035688,-0.7904689702999548,1.0140008077320155
44.0,231.0,143.7252960205078,-1.031691640254004,2.682191926704678,-4.920569683853785,-4.976962554918854,-2.497683529435672,1.340775107031,-0.5388228103490285,4.7776111078985615,-0.79046908821865,1.0140006886128443
44.0,231.0,143.7252960205078,-1.0316914609897063,2.6821914412357337,-4.920570058932393,-4.976963040886922,-2.497684185494716,1.340775437172125,-0.5388225216045992,4.777611499101802,-0.7904692325574896,1.0140009469377702
44.0,231.0,143.7252960205078,-1.0316904702153646,2.6821914287294204,-4.920570201980144,-4.976962380626331,-2.497682708512403,1.3407757321403038,-0.5388234579011186,4.777610642297649,-0.7904692141708578,1.0139996952466293
44.0,231.0,143.7252960205078,-1.031690719090927,2.682191742245691,-4.920569878556556,-4.976962308201744,-2.497683085736269,1.3407755705211528,-0.5388233714040851,4.777610722883187,-0.790469167138018,1.0139999617801996
44.0,231.0,143.7252960205078,-1.031690814863095,2.6821908114683595,-4.920570346464027,-4.976963163620345,-2.4976835807269246,1.3407754209787033,-0.5388228462737388,4.777610686929606,-0.7904691790137637,1.0140001421211575
44.0,231.0,143.7252960205078,-1.0316914259846852,2.6821912852086207,-4.920570054996845,-4.976963457633112,-2.4976832608686217,1.3407754557399247,-0.5388225472923303,4.777610896462958,-0.7904690113327248,1.0140005069763325
44.0,231.0,143.7252960205078,-1.0316921648133115,2.6821918506268725,-4.920570108292457,-4.976962170891197,-2.4976842568485584,1.3407754078724654,-0.5388223777468681,4.777611180369714,-0.7904694682703086,1.014000922589422
44.0,231.0,143.7252960205078,-1.0316909269313372,2.682190705518658,-4.920569934073503,-4.976963070824039,-2.49768331415816,1.340775375522389,-0.5388230232604005,4.777610697293802,-0.7904691076651469,1.0139999664020136
44.0,232.0,143.7252960205078,-1.0316918090539682,2.6821914815386494,-4.9205705090448,-4.976962509205115,-2.497683790784471,1.3407756352993152,-0.5388225120524259,4.777610682436267,-0.7904694080418464,1.014000466299409
44.0,232.0,143.7252960205078,-1.0316911816315928,2.682191404397142,-4.920570535207701,-4.976962232063634,-2.4976837105080394,1.3407758299195036,-0.5388229462586791,4.777610913717062,-0.7904695594838476,1.014000067359876
44.0,232.0,143.7252960205078,-1.031691589310712,2.682191006059858,-4.920570563884254,-4.976963120567333,-2.4976839976648386,1.3407752498662209,-0.538822438229225,4.777611087380457,-0.7904692872412404,1.0140006173100948
44.0,232.0,143.7252960205078,-1.0316910273098472,2.682191315846972,-4.920570258832953,-4.976963048971231,-2.497683308116905,1.340775494695868,-0.5388228991519064,4.777610571442629,-0.7904691611097983,1.0140001812874209
44.0,232.0,143.7252960205078,-1.0316907937775293,2.6821910352958422,-4.920569667629749,-4.97696276399591,-2.497683331028912,1.340775541000447,-0.5388228618183541,4.777610826322846,-0.7904691062308391,1.0140001636132905
44.0,232.0,143.72531127929688,-1.031690876640571,2.6821914250772263,-4.920570363131797,-4.976962549534892,-2.497682472861371,1.3407757324626903,-0.5388232167309344,4.777610474459863,-0.790469077674973,1.0139996766624568
44.0,232.0,143.7252960205078,-1.0316910185761174,2.68219145306555,-4.9205693962074735,-4.976963030191468,-2.4976836650636387,1.34077543807913,-0.5388228455741242,4.777610723959043,-0.7904690200694056,1.014000478552698
44.0,232.0,143.7252960205078,-1.0316913199496716,2.682191074095289,-4.920569651073673,-4.976963461728665,-2.497684150044396,1.3407753298365677,-0.5388223647352444,4.777611147302528,-0.7904689793288693,1.0140007931280737
44.0,232.0,143.7252960205078,-1.0316912214315122,2.6821916667429164,-4.920570253911556,-4.976962616647692,-2.497683330141118,1.340775293081416,-0.5388229558420115,4.777610591916183,-0.7904691107102533,1.0140003019094497
44.0,232.0,143.7252960205078,-1.0316911299462097,2.682191911492681,-4.920570302987579,-4.976962504857432,-2.4976828871756345,1.3407758175458024,-0.5388229877046395,4.777610572047209,-0.7904691344252486,1.014000048020539
44.0,232.0,143.72531127929688,-1.031690893069995,2.6821916333968074,-4.920569987847747,-4.976962202895207,-2.497682924725132,1.3407756812575178,-0.5388231966066002,4.77761045841687,-0.7904691850227499,1.0139997835329462
44.0,232.0,143.7252960205078,-1.0316909600946618,2.6821911745055607,-4.92057007161271,-4.976963390741074,-2.497683848780707,1.340775495184353,-0.5388228358208487,4.777610977158654,-0.7904691141104534,1.0140004907674882
44.0,232.0,143.7252960205078,-1.0316913568368808,2.682191058468886,-4.920569843116541,-4.976963301634426,-2.497683452542958,1.3407749057407037,-0.5388225174687564,4.777610906563602,-0.7904690850623517,1.0140006567438684
44.0,232.0,143.7252960205078,-1.0316910835839672,2.6821909679482028,-4.920570245644662,-4.976963122569736,-2.497683615151608,1.3407754467525548,-0.5388227615898753,4.777611174815871,-0.7904693235018039,1.014000261381403
44.0,232.0,143.7252960205078,-1.0316915660569723,2.682191045510532,-4.920569528481698,-4.976963660172476,-2.497684375368128,1.3407750971729318,-0.5388224317126342,4.777611131784262,-0.7904690069881042,1.0140008647517629
44.0,232.0,143.7252960205078,-1.0316911678293472,2.6821914534058813,-4.920570337357752,-4.976962425881206,-2.4976833107086254,1.3407757154680846,-0.53882289734966,4.777610628042865,-0.7904692758562435,1.0140000990068732
44.0,232.0,143.7252960205078,-1.031691227298504,2.6821920089536624,-4.9205703318186655,-4.976961818510871,-2.497683543251028,1.3407756197008585,-0.5388233926674424,4.777610721466489,-0.7904694235952467,1.014000042669288
44.0,232.0,143.7252960205078,-1.0316912220927543,2.6821914896662005,-4.920569976759285,-4.976962606485906,-2.497683985913448,1.3407754240837022,-0.5388228822651282,4.777611357721073,-0.7904693693155203,1.0140005658113491
44.0,232.0,143.72531127929688,-1.0316904975923222,2.6821910866831464,-4.920569599812396,-4.976963292795928,-2.4976830133718444,1.3407752714882912,-0.5388231372983521,4.777610816681618,-0.7904690032055655,1.0140000571835328
44.0,232.0,143.7252960205078,-1.0316904898698391,2.6821906606098374,-4.920569178361495,-4.976964245093932,-2.497683519548102,1.340775095655462,-0.5388226481076881,4.77761099131723,-0.790468829445417,1.014000492534162
44.0,232.0,143.7252960205078,-1.031690834108272,2.6821910396301663,-4.920570172065436,-4.976963250512115,-2.4976831171178526,1.3407754632296616,-0.5388229307167283,4.777610573381949,-0.7904690873099547,1.0140000958482809
44.0,232.0,143.7252960205078,-1.031691381384621,2.6821913393464385,-4.920569381408203,-4.976963270381432,-2.497683924294289,1.3407751802109082,-0.5388226210274478,4.777611215712534,-0.7904690158949546,1.0140008118083053
44.0,232.0,143.72531127929688,-1.0316907089286218,2.682191910545134,-4.920570163677582,-4.976962444794597,-2.497682739746727,1.340775764634312,-0.538823438075994,4.777610409643369,-0.7904691678640798,1.0139998394568517
44.0,232.0,143.7252960205078,-1.031691373056121,2.6821907311542725,-4.920570390446678,-4.9769633434599205,-2.4976838607679666,1.340775530691225,-0.5388225303703713,4.777610908075538,-0.7904692795272501,1.0140004068489166
44.0,232.0,143.7252960205078,-1.0316915089210754,2.682191585554184,-4.920569474937659,-4.976963446339423,-2.497683570522576,1.3407750233679758,-0.5388225928905932,4.7776110115991415,-0.7904688949066454,1.0140007648980711
44.0,232.0,143.72531127929688,-1.0316913525438007,2.6821915765204825,-4.920569776408965,-4.9769629778186815,-2.4976832502871185,1.340775483196558,-0.5388227467587869,4.777610486398082,-0.7904689534097766,1.0140004124691728
44.0,232.0,143.7252960205078,-1.031690381292642,2.682191519048299,-4.920570179411394,-4.976962916240299,-2.497682543610684,1.340775564556366,-0.5388234728270209,4.777610480240645,-0.790469046606729,1.0139997308290614
44.0,232.0,143.7252960205078,-1.0316915450335058,2.68219165162183,-4.92057050343503,-4.9769631710495625,-2.497683200381251,1.3407753971381542,-0.5388225139912608,4.777610599850714,-0.7904688853519124,1.0140006401332062
44.0,232.0,143.72531127929688,-1.0316905887804857,2.6821914262373925,-4.920569686811891,-4.976963407648607,-2.4976829246545416,1.3407754089863202,-0.5388230780582548,4.77761082317477,-0.7904688766671972,1.0140002431266542
44.0,232.0,143.7252960205078,-1.0316915670577105,2.682191183664216,-4.920569513796538,-4.976963304815523,-2.49768418038914,1.340775170119862,-0.5388224625018463,4.777611088865669,-0.7904689872679853,1.0140009140485056
44.0,232.0,143.7252960205078,-1.0316916335445607,2.6821914147274404,-4.9205697089886105,-4.976963286888132,-2.4976840947398324,1.340775355428292,-0.5388224433754214,4.7776112974715375,-0.7904690410379906,1.0140008669222231
44.0,232.0,143.72531127929688,-1.031691950696862,2.6821911665685327,-4.920570092539818,-4.976963279070834,-2.4976844886323315,1.340775351022902,-0.5388220576035341,4.777611345702846,-0.7904692782309173,1.0140012921094197
44.0,232.0,143.7252960205078,-1.031691533256533,2.6821915735977653,-4.920570194634275,-4.976962585769958,-2.497683898647214,1.3407755204178071,-0.5388225938882325,4.77761095494902,-0.7904692729939997,1.014000701464454
44.0,232.0,143.7252960205078,-1.0316914519372968,2.6821907593958363,-4.920570545394368,-4.976962851994406,-2.497683681874434,1.3407755958861864,-0.5388223647925274,4.7776107771207865,-0.7904692787546663,1.014000228416661
44.0,232.0,143.7252960205078,-1.0316912208771694,2.6821912725243653,-4.920569472298422,-4.976963116375362,-2.497683939674017,1.3407752768208496,-0.5388224426567074,4.777610756873939,-0.7904691557594061,1.01400084423957
44.0,232.0,143.72531127929688,-1.031690955515019,2.682191785535494,-4.920569830817617,-4.976963331651461,-2.497682655041912,1.3407752636030352,-0.538822922313348,4.777610541251162,-0.790468667136536,1.014000370879085
44.0,232.0,143.7252960205078,-1.031691226010336,2.6821915553158355,-4.920570030402106,-4.976962576804143,-2.4976826745853846,1.3407756512649938,-0.5388231360084248,4.777610600817429,-0.7904690671590417,1.013999847458508
44.0,232.0,143.72531127929688,-1.0316902433023434,2.682191666928798,-4.9205702201043255,-4.976962475888958,-2.49768217537404,1.3407757495611872,-0.538823706034198,4.7776101791529975,-0.79046896868992,1.0139992486796157
44.0,232.0,143.7252960205078,-1.0316906891958766,2.68219147469002,-4.920570117085319,-4.976962594967271,-2.4976829383841235,1.340775735259184,-0.5388233299191727,4.777610579470785,-0.7904691717593266,1.0139997333792303
44.0,232.0,143.7252960205078,-1.0316914821699452,2.6821912431408803,-4.920570336214334,-4.976962590050475,-2.497683568565169,1.3407756904572068,-0.5388227312083282,4.777611181905092,-0.7904694162573502,1.014000221533986
44.0,232.0,143.7252960205078,-1.0316909584643517,2.6821906627834045,-4.920569915711287,-4.976963512247674,-2.4976841394379807,1.3407751984005092,-0.5388227733465811,4.77761142874577,-0.7904692141989509,1.0140006545193128
44.0,232.0,143.7252960205078,-1.03169142958301,2.682191004271796,-4.9205693052219885,-4.97696367669675,-2.497683712144597,1.340775090535276,-0.538822364046859,4.777611133035688,-0.7904689702999548,1.0140008077320155
44.0,232.0,143.7252960205078,-1.031691640254004,2.682191926704678,-4.920569683853785,-4.976962554918854,-2.497683529435672,1.340775107031,-0.5388228103490285,4.7776111078985615,-0.79046908821865,1.0140006886128443
44.0,232.0,143.7252960205078,-1.0316914609897063,2.6821914412357337,-4.920570058932393,-4.976963040886922,-2.497684185494716,1.340775437172125,-0.5388225216045992,4.777611499101802,-0.7904692325574896,1.0140009469377702
44.0,232.0,143.7252960205078,-1.0316904702153646,2.6821914287294204,-4.920570201980144,-4.976962380626331,-2.497682708512403,1.3407757321403038,-0.5388234579011186,4.777610642297649,-0.7904692141708578,1.0139996952466293
44.0,232.0,143.7252960205078,-1.031690719090927,2.682191742245691,-4.920569878556556,-4.976962308201744,-2.497683085736269,1.3407755705211528,-0.5388233714040851,4.777610722883187,-0.790469167138018,1.0139999617801996
44.0,232.0,143.7252960205078,-1.031690814863095,2.6821908114683595,-4.920570346464027,-4.976963163620345,-2.4976835807269246,1.3407754209787033,-0.5388228462737388,4.777610686929606,-0.7904691790137637,1.0140001421211575
44.0,232.0,143.7252960205078,-1.0316914259846852,2.6821912852086207,-4.920570054996845,-4.976963457633112,-2.4976832608686217,1.3407754557399247,-0.5388225472923303,4.777610896462958,-0.7904690113327248,1.0140005069763325
44.0,232.0,143.7252960205078,-1.0316921648133115,2.6821918506268725,-4.920570108292457,-4.976962170891197,-2.4976842568485584,1.3407754078724654,-0.5388223777468681,4.777611180369714,-0.7904694682703086,1.014000922589422
44.0,232.0,143.7252960205078,-1.0316909269313372,2.682190705518658,-4.920569934073503,-4.976963070824039,-2.49768331415816,1.340775375522389,-0.5388230232604005,4.777610697293802,-0.7904691076651469,1.0139999664020136
44.0,233.0,143.7252960205078,-1.0316918090539682,2.6821914815386494,-4.9205705090448,-4.976962509205115,-2.497683790784471,1.3407756352993152,-0.5388225120524259,4.777610682436267,-0.7904694080418464,1.014000466299409
44.0,233.0,143.7252960205078,-1.0316911816315928,2.682191404397142,-4.920570535207701,-4.976962232063634,-2.4976837105080394,1.3407758299195036,-0.5388229462586791,4.777610913717062,-0.7904695594838476,1.014000067359876
44.0,233.0,143.7252960205078,-1.031691589310712,2.682191006059858,-4.920570563884254,-4.976963120567333,-2.4976839976648386,1.3407752498662209,-0.538822438229225,4.777611087380457,-0.7904692872412404,1.0140006173100948
44.0,233.0,143.7252960205078,-1.0316910273098472,2.682191315846972,-4.920570258832953,-4.976963048971231,-2.497683308116905,1.340775494695868,-0.5388228991519064,4.777610571442629,-0.7904691611097983,1.0140001812874209
44.0,233.0,143.7252960205078,-1.0316907937775293,2.6821910352958422,-4.920569667629749,-4.97696276399591,-2.497683331028912,1.340775541000447,-0.5388228618183541,4.777610826322846,-0.7904691062308391,1.0140001636132905
44.0,233.0,143.72531127929688,-1.031690876640571,2.6821914250772263,-4.920570363131797,-4.976962549534892,-2.497682472861371,1.3407757324626903,-0.5388232167309344,4.777610474459863,-0.790469077674973,1.0139996766624568
44.0,233.0,143.7252960205078,-1.0316910185761174,2.68219145306555,-4.9205693962074735,-4.976963030191468,-2.4976836650636387,1.34077543807913,-0.5388228455741242,4.777610723959043,-0.7904690200694056,1.014000478552698
44.0,233.0,143.7252960205078,-1.0316913199496716,2.682191074095289,-4.920569651073673,-4.976963461728665,-2.497684150044396,1.3407753298365677,-0.5388223647352444,4.777611147302528,-0.7904689793288693,1.0140007931280737
44.0,233.0,143.7252960205078,-1.0316912214315122,2.6821916667429164,-4.920570253911556,-4.976962616647692,-2.497683330141118,1.340775293081416,-0.5388229558420115,4.777610591916183,-0.7904691107102533,1.0140003019094497
44.0,233.0,143.7252960205078,-1.0316911299462097,2.682191911492681,-4.920570302987579,-4.976962504857432,-2.4976828871756345,1.3407758175458024,-0.5388229877046395,4.777610572047209,-0.7904691344252486,1.014000048020539
44.0,233.0,143.72531127929688,-1.031690893069995,2.6821916333968074,-4.920569987847747,-4.976962202895207,-2.497682924725132,1.3407756812575178,-0.5388231966066002,4.77761045841687,-0.7904691850227499,1.0139997835329462
44.0,233.0,143.7252960205078,-1.0316909600946618,2.6821911745055607,-4.92057007161271,-4.976963390741074,-2.497683848780707,1.340775495184353,-0.5388228358208487,4.777610977158654,-0.7904691141104534,1.0140004907674882
44.0,233.0,143.7252960205078,-1.0316913568368808,2.682191058468886,-4.920569843116541,-4.976963301634426,-2.497683452542958,1.3407749057407037,-0.5388225174687564,4.777610906563602,-0.7904690850623517,1.0140006567438684
44.0,233.0,143.7252960205078,-1.0316910835839672,2.6821909679482028,-4.920570245644662,-4.976963122569736,-2.497683615151608,1.3407754467525548,-0.5388227615898753,4.777611174815871,-0.7904693235018039,1.014000261381403
44.0,233.0,143.7252960205078,-1.0316915660569723,2.682191045510532,-4.920569528481698,-4.976963660172476,-2.497684375368128,1.3407750971729318,-0.5388224317126342,4.777611131784262,-0.7904690069881042,1.0140008647517629
44.0,233.0,143.7252960205078,-1.0316911678293472,2.6821914534058813,-4.920570337357752,-4.976962425881206,-2.4976833107086254,1.3407757154680846,-0.53882289734966,4.777610628042865,-0.7904692758562435,1.0140000990068732
44.0,233.0,143.7252960205078,-1.031691227298504,2.6821920089536624,-4.9205703318186655,-4.976961818510871,-2.497683543251028,1.3407756197008585,-0.5388233926674424,4.777610721466489,-0.7904694235952467,1.014000042669288
44.0,233.0,143.7252960205078,-1.0316912220927543,2.6821914896662005,-4.920569976759285,-4.976962606485906,-2.497683985913448,1.3407754240837022,-0.5388228822651282,4.777611357721073,-0.7904693693155203,1.0140005658113491
44.0,233.0,143.72531127929688,-1.0316904975923222,2.6821910866831464,-4.920569599812396,-4.976963292795928,-2.4976830133718444,1.3407752714882912,-0.5388231372983521,4.777610816681618,-0.7904690032055655,1.0140000571835328
44.0,233.0,143.7252960205078,-1.0316904898698391,2.6821906606098374,-4.920569178361495,-4.976964245093932,-2.497683519548102,1.340775095655462,-0.5388226481076881,4.77761099131723,-0.790468829445417,1.014000492534162
44.0,233.0,143.7252960205078,-1.031690834108272,2.6821910396301663,-4.920570172065436,-4.976963250512115,-2.4976831171178526,1.3407754632296616,-0.5388229307167283,4.777610573381949,-0.7904690873099547,1.0140000958482809
44.0,233.0,143.7252960205078,-1.031691381384621,2.6821913393464385,-4.920569381408203,-4.976963270381432,-2.497683924294289,1.3407751802109082,-0.5388226210274478,4.777611215712534,-0.7904690158949546,1.0140008118083053
44.0,233.0,143.72531127929688,-1.0316907089286218,2.682191910545134,-4.920570163677582,-4.976962444794597,-2.497682739746727,1.340775764634312,-0.538823438075994,4.777610409643369,-0.7904691678640798,1.0139998394568517
44.0,233.0,143.7252960205078,-1.031691373056121,2.6821907311542725,-4.920570390446678,-4.9769633434599205,-2.4976838607679666,1.340775530691225,-0.5388225303703713,4.777610908075538,-0.7904692795272501,1.0140004068489166
44.0,233.0,143.7252960205078,-1.0316915089210754,2.682191585554184,-4.920569474937659,-4.976963446339423,-2.497683570522576,1.3407750233679758,-0.5388225928905932,4.7776110115991415,-0.7904688949066454,1.0140007648980711
44.0,233.0,143.72531127929688,-1.0316913525438007,2.6821915765204825,-4.920569776408965,-4.9769629778186815,-2.4976832502871185,1.340775483196558,-0.5388227467587869,4.777610486398082,-0.7904689534097766,1.0140004124691728
44.0,233.0,143.7252960205078,-1.031690381292642,2.682191519048299,-4.920570179411394,-4.976962916240299,-2.497682543610684,1.340775564556366,-0.5388234728270209,4.777610480240645,-0.790469046606729,1.0139997308290614
44.0,233.0,143.7252960205078,-1.0316915450335058,2.68219165162183,-4.92057050343503,-4.9769631710495625,-2.497683200381251,1.3407753971381542,-0.5388225139912608,4.777610599850714,-0.7904688853519124,1.0140006401332062
44.0,233.0,143.72531127929688,-1.0316905887804857,2.6821914262373925,-4.920569686811891,-4.976963407648607,-2.4976829246545416,1.3407754089863202,-0.5388230780582548,4.77761082317477,-0.7904688766671972,1.0140002431266542
44.0,233.0,143.7252960205078,-1.0316915670577105,2.682191183664216,-4.920569513796538,-4.976963304815523,-2.49768418038914,1.340775170119862,-0.5388224625018463,4.777611088865669,-0.7904689872679853,1.0140009140485056
44.0,233.0,143.7252960205078,-1.0316916335445607,2.6821914147274404,-4.9205697089886105,-4.976963286888132,-2.4976840947398324,1.340775355428292,-0.5388224433754214,4.7776112974715375,-0.7904690410379906,1.0140008669222231
44.0,233.0,143.72531127929688,-1.031691950696862,2.6821911665685327,-4.920570092539818,-4.976963279070834,-2.4976844886323315,1.340775351022902,-0.5388220576035341,4.777611345702846,-0.7904692782309173,1.0140012921094197
44.0,233.0,143.7252960205078,-1.031691533256533,2.6821915735977653,-4.920570194634275,-4.976962585769958,-2.497683898647214,1.3407755204178071,-0.5388225938882325,4.77761095494902,-0.7904692729939997,1.014000701464454
44.0,233.0,143.7252960205078,-1.0316914519372968,2.6821907593958363,-4.920570545394368,-4.976962851994406,-2.497683681874434,1.3407755958861864,-0.5388223647925274,4.7776107771207865,-0.7904692787546663,1.014000228416661
44.0,233.0,143.7252960205078,-1.0316912208771694,2.6821912725243653,-4.920569472298422,-4.976963116375362,-2.497683939674017,1.3407752768208496,-0.5388224426567074,4.777610756873939,-0.7904691557594061,1.01400084423957
44.0,233.0,143.72531127929688,-1.031690955515019,2.682191785535494,-4.920569830817617,-4.976963331651461,-2.497682655041912,1.3407752636030352,-0.538822922313348,4.777610541251162,-0.790468667136536,1.014000370879085
44.0,233.0,143.7252960205078,-1.031691226010336,2.6821915553158355,-4.920570030402106,-4.976962576804143,-2.4976826745853846,1.3407756512649938,-0.5388231360084248,4.777610600817429,-0.7904690671590417,1.013999847458508
44.0,233.0,143.72531127929688,-1.0316902433023434,2.682191666928798,-4.9205702201043255,-4.976962475888958,-2.49768217537404,1.3407757495611872,-0.538823706034198,4.7776101791529975,-0.79046896868992,1.0139992486796157
44.0,233.0,143.7252960205078,-1.0316906891958766,2.68219147469002,-4.920570117085319,-4.976962594967271,-2.4976829383841235,1.340775735259184,-0.5388233299191727,4.777610579470785,-0.7904691717593266,1.0139997333792303
44.0,233.0,143.7252960205078,-1.0316914821699452,2.6821912431408803,-4.920570336214334,-4.976962590050475,-2.497683568565169,1.3407756904572068,-0.5388227312083282,4.777611181905092,-0.7904694162573502,1.014000221533986
44.0,233.0,143.7252960205078,-1.0316909584643517,2.6821906627834045,-4.920569915711287,-4.976963512247674,-2.4976841394379807,1.3407751984005092,-0.5388227733465811,4.77761142874577,-0.7904692141989509,1.0140006545193128
44.0,233.0,143.7252960205078,-1.03169142958301,2.682191004271796,-4.9205693052219885,-4.97696367669675,-2.497683712144597,1.340775090535276,-0.538822364046859,4.777611133035688,-0.7904689702999548,1.0140008077320155
44.0,233.0,143.7252960205078,-1.031691640254004,2.682191926704678,-4.920569683853785,-4.976962554918854,-2.497683529435672,1.340775107031,-0.5388228103490285,4.7776111078985615,-0.79046908821865,1.0140006886128443
44.0,233.0,143.7252960205078,-1.0316914609897063,2.6821914412357337,-4.920570058932393,-4.976963040886922,-2.497684185494716,1.340775437172125,-0.5388225216045992,4.777611499101802,-0.7904692325574896,1.0140009469377702
44.0,233.0,143.7252960205078,-1.0316904702153646,2.6821914287294204,-4.920570201980144,-4.976962380626331,-2.497682708512403,1.3407757321403038,-0.5388234579011186,4.777610642297649,-0.7904692141708578,1.0139996952466293
44.0,233.0,143.7252960205078,-1.031690719090927,2.682191742245691,-4.920569878556556,-4.976962308201744,-2.497683085736269,1.3407755705211528,-0.5388233714040851,4.777610722883187,-0.790469167138018,1.0139999617801996
44.0,233.0,143.7252960205078,-1.031690814863095,2.6821908114683595,-4.920570346464027,-4.976963163620345,-2.4976835807269246,1.3407754209787033,-0.5388228462737388,4.777610686929606,-0.7904691790137637,1.0140001421211575
44.0,233.0,143.7252960205078,-1.0316914259846852,2.6821912852086207,-4.920570054996845,-4.976963457633112,-2.4976832608686217,1.3407754557399247,-0.5388225472923303,4.777610896462958,-0.7904690113327248,1.0140005069763325
44.0,233.0,143.7252960205078,-1.0316921648133115,2.6821918506268725,-4.920570108292457,-4.976962170891197,-2.4976842568485584,1.3407754078724654,-0.5388223777468681,4.777611180369714,-0.7904694682703086,1.014000922589422
44.0,233.0,143.7252960205078,-1.0316909269313372,2.682190705518658,-4.920569934073503,-4.976963070824039,-2.49768331415816,1.340775375522389,-0.5388230232604005,4.777610697293802,-0.7904691076651469,1.0139999664020136
44.0,234.0,143.7252960205078,-1.0316918090539682,2.6821914815386494,-4.9205705090448,-4.976962509205115,-2.497683790784471,1.3407756352993152,-0.5388225120524259,4.777610682436267,-0.7904694080418464,1.014000466299409
44.0,234.0,143.7252960205078,-1.0316911816315928,2.682191404397142,-4.920570535207701,-4.976962232063634,-2.4976837105080394,1.3407758299195036,-0.5388229462586791,4.777610913717062,-0.7904695594838476,1.014000067359876
44.0,234.0,143.7252960205078,-1.031691589310712,2.682191006059858,-4.920570563884254,-4.976963120567333,-2.4976839976648386,1.3407752498662209,-0.538822438229225,4.777611087380457,-0.7904692872412404,1.0140006173100948
44.0,234.0,143.7252960205078,-1.0316910273098472,2.682191315846972,-4.920570258832953,-4.976963048971231,-2.497683308116905,1.340775494695868,-0.5388228991519064,4.777610571442629,-0.7904691611097983,1.0140001812874209
44.0,234.0,143.7252960205078,-1.0316907937775293,2.6821910352958422,-4.920569667629749,-4.97696276399591,-2.497683331028912,1.340775541000447,-0.5388228618183541,4.777610826322846,-0.7904691062308391,1.0140001636132905
44.0,234.0,143.72531127929688,-1.031690876640571,2.6821914250772263,-4.920570363131797,-4.976962549534892,-2.497682472861371,1.3407757324626903,-0.5388232167309344,4.777610474459863,-0.790469077674973,1.0139996766624568
44.0,234.0,143.7252960205078,-1.0316910185761174,2.68219145306555,-4.9205693962074735,-4.976963030191468,-2.4976836650636387,1.34077543807913,-0.5388228455741242,4.777610723959043,-0.7904690200694056,1.014000478552698
44.0,234.0,143.7252960205078,-1.0316913199496716,2.682191074095289,-4.920569651073673,-4.976963461728665,-2.497684150044396,1.3407753298365677,-0.5388223647352444,4.777611147302528,-0.7904689793288693,1.0140007931280737
44.0,234.0,143.7252960205078,-1.0316912214315122,2.6821916667429164,-4.920570253911556,-4.976962616647692,-2.497683330141118,1.340775293081416,-0.5388229558420115,4.777610591916183,-0.7904691107102533,1.0140003019094497
44.0,234.0,143.7252960205078,-1.0316911299462097,2.682191911492681,-4.920570302987579,-4.976962504857432,-2.4976828871756345,1.3407758175458024,-0.5388229877046395,4.777610572047209,-0.7904691344252486,1.014000048020539
44.0,234.0,143.72531127929688,-1.031690893069995,2.6821916333968074,-4.920569987847747,-4.976962202895207,-2.497682924725132,1.3407756812575178,-0.5388231966066002,4.77761045841687,-0.7904691850227499,1.0139997835329462
44.0,234.0,143.7252960205078,-1.0316909600946618,2.6821911745055607,-4.92057007161271,-4.976963390741074,-2.497683848780707,1.340775495184353,-0.5388228358208487,4.777610977158654,-0.7904691141104534,1.0140004907674882
44.0,234.0,143.7252960205078,-1.0316913568368808,2.682191058468886,-4.920569843116541,-4.976963301634426,-2.497683452542958,1.3407749057407037,-0.5388225174687564,4.777610906563602,-0.7904690850623517,1.0140006567438684
44.0,234.0,143.7252960205078,-1.0316910835839672,2.6821909679482028,-4.920570245644662,-4.976963122569736,-2.497683615151608,1.3407754467525548,-0.5388227615898753,4.777611174815871,-0.7904693235018039,1.014000261381403
44.0,234.0,143.7252960205078,-1.0316915660569723,2.682191045510532,-4.920569528481698,-4.976963660172476,-2.497684375368128,1.3407750971729318,-0.5388224317126342,4.777611131784262,-0.7904690069881042,1.0140008647517629
44.0,234.0,143.7252960205078,-1.0316911678293472,2.6821914534058813,-4.920570337357752,-4.976962425881206,-2.4976833107086254,1.3407757154680846,-0.53882289734966,4.777610628042865,-0.7904692758562435,1.0140000990068732
44.0,234.0,143.7252960205078,-1.031691227298504,2.6821920089536624,-4.9205703318186655,-4.976961818510871,-2.497683543251028,1.3407756197008585,-0.5388233926674424,4.777610721466489,-0.7904694235952467,1.014000042669288
44.0,234.0,143.7252960205078,-1.0316912220927543,2.6821914896662005,-4.920569976759285,-4.976962606485906,-2.497683985913448,1.3407754240837022,-0.5388228822651282,4.777611357721073,-0.7904693693155203,1.0140005658113491
44.0,234.0,143.72531127929688,-1.0316904975923222,2.6821910866831464,-4.920569599812396,-4.976963292795928,-2.4976830133718444,1.3407752714882912,-0.5388231372983521,4.777610816681618,-0.7904690032055655,1.0140000571835328
44.0,234.0,143.7252960205078,-1.0316904898698391,2.6821906606098374,-4.920569178361495,-4.976964245093932,-2.497683519548102,1.340775095655462,-0.5388226481076881,4.77761099131723,-0.790468829445417,1.014000492534162
44.0,234.0,143.7252960205078,-1.031690834108272,2.6821910396301663,-4.920570172065436,-4.976963250512115,-2.4976831171178526,1.3407754632296616,-0.5388229307167283,4.777610573381949,-0.7904690873099547,1.0140000958482809
44.0,234.0,143.7252960205078,-1.031691381384621,2.6821913393464385,-4.920569381408203,-4.976963270381432,-2.497683924294289,1.3407751802109082,-0.5388226210274478,4.777611215712534,-0.7904690158949546,1.0140008118083053
44.0,234.0,143.72531127929688,-1.0316907089286218,2.682191910545134,-4.920570163677582,-4.976962444794597,-2.497682739746727,1.340775764634312,-0.538823438075994,4.777610409643369,-0.7904691678640798,1.0139998394568517
44.0,234.0,143.7252960205078,-1.031691373056121,2.6821907311542725,-4.920570390446678,-4.9769633434599205,-2.4976838607679666,1.340775530691225,-0.5388225303703713,4.777610908075538,-0.7904692795272501,1.0140004068489166
44.0,234.0,143.7252960205078,-1.0316915089210754,2.682191585554184,-4.920569474937659,-4.976963446339423,-2.497683570522576,1.3407750233679758,-0.5388225928905932,4.7776110115991415,-0.7904688949066454,1.0140007648980711
44.0,234.0,143.72531127929688,-1.0316913525438007,2.6821915765204825,-4.920569776408965,-4.9769629778186815,-2.4976832502871185,1.340775483196558,-0.5388227467587869,4.777610486398082,-0.7904689534097766,1.0140004124691728
44.0,234.0,143.7252960205078,-1.031690381292642,2.682191519048299,-4.920570179411394,-4.976962916240299,-2.497682543610684,1.340775564556366,-0.5388234728270209,4.777610480240645,-0.790469046606729,1.0139997308290614
44.0,234.0,143.7252960205078,-1.0316915450335058,2.68219165162183,-4.92057050343503,-4.9769631710495625,-2.497683200381251,1.3407753971381542,-0.5388225139912608,4.777610599850714,-0.7904688853519124,1.0140006401332062
44.0,234.0,143.72531127929688,-1.0316905887804857,2.6821914262373925,-4.920569686811891,-4.976963407648607,-2.4976829246545416,1.3407754089863202,-0.5388230780582548,4.77761082317477,-0.7904688766671972,1.0140002431266542
44.0,234.0,143.7252960205078,-1.0316915670577105,2.682191183664216,-4.920569513796538,-4.976963304815523,-2.49768418038914,1.340775170119862,-0.5388224625018463,4.777611088865669,-0.7904689872679853,1.0140009140485056
44.0,234.0,143.7252960205078,-1.0316916335445607,2.6821914147274404,-4.9205697089886105,-4.976963286888132,-2.4976840947398324,1.340775355428292,-0.5388224433754214,4.7776112974715375,-0.7904690410379906,1.0140008669222231
44.0,234.0,143.72531127929688,-1.031691950696862,2.6821911665685327,-4.920570092539818,-4.976963279070834,-2.4976844886323315,1.340775351022902,-0.5388220576035341,4.777611345702846,-0.7904692782309173,1.0140012921094197
44.0,234.0,143.7252960205078,-1.031691533256533,2.6821915735977653,-4.920570194634275,-4.976962585769958,-2.497683898647214,1.3407755204178071,-0.5388225938882325,4.77761095494902,-0.7904692729939997,1.014000701464454
44.0,234.0,143.7252960205078,-1.0316914519372968,2.6821907593958363,-4.920570545394368,-4.976962851994406,-2.497683681874434,1.3407755958861864,-0.5388223647925274,4.7776107771207865,-0.7904692787546663,1.014000228416661
44.0,234.0,143.7252960205078,-1.0316912208771694,2.6821912725243653,-4.920569472298422,-4.976963116375362,-2.497683939674017,1.3407752768208496,-0.5388224426567074,4.777610756873939,-0.7904691557594061,1.01400084423957
44.0,234.0,143.72531127929688,-1.031690955515019,2.682191785535494,-4.920569830817617,-4.976963331651461,-2.497682655041912,1.3407752636030352,-0.538822922313348,4.777610541251162,-0.790468667136536,1.014000370879085
44.0,234.0,143.7252960205078,-1.031691226010336,2.6821915553158355,-4.920570030402106,-4.976962576804143,-2.4976826745853846,1.3407756512649938,-0.5388231360084248,4.777610600817429,-0.7904690671590417,1.013999847458508
44.0,234.0,143.72531127929688,-1.0316902433023434,2.682191666928798,-4.9205702201043255,-4.976962475888958,-2.49768217537404,1.3407757495611872,-0.538823706034198,4.7776101791529975,-0.79046896868992,1.0139992486796157
44.0,234.0,143.7252960205078,-1.0316906891958766,2.68219147469002,-4.920570117085319,-4.976962594967271,-2.4976829383841235,1.340775735259184,-0.5388233299191727,4.777610579470785,-0.7904691717593266,1.0139997333792303
44.0,234.0,143.7252960205078,-1.0316914821699452,2.6821912431408803,-4.920570336214334,-4.976962590050475,-2.497683568565169,1.3407756904572068,-0.5388227312083282,4.777611181905092,-0.7904694162573502,1.014000221533986
44.0,234.0,143.7252960205078,-1.0316909584643517,2.6821906627834045,-4.920569915711287,-4.976963512247674,-2.4976841394379807,1.3407751984005092,-0.5388227733465811,4.77761142874577,-0.7904692141989509,1.0140006545193128
44.0,234.0,143.7252960205078,-1.03169142958301,2.682191004271796,-4.9205693052219885,-4.97696367669675,-2.497683712144597,1.340775090535276,-0.538822364046859,4.777611133035688,-0.7904689702999548,1.0140008077320155
44.0,234.0,143.7252960205078,-1.031691640254004,2.682191926704678,-4.920569683853785,-4.976962554918854,-2.497683529435672,1.340775107031,-0.5388228103490285,4.7776111078985615,-0.79046908821865,1.0140006886128443
44.0,234.0,143.7252960205078,-1.0316914609897063,2.6821914412357337,-4.920570058932393,-4.976963040886922,-2.497684185494716,1.340775437172125,-0.5388225216045992,4.777611499101802,-0.7904692325574896,1.0140009469377702
44.0,234.0,143.7252960205078,-1.0316904702153646,2.6821914287294204,-4.920570201980144,-4.976962380626331,-2.497682708512403,1.3407757321403038,-0.5388234579011186,4.777610642297649,-0.7904692141708578,1.0139996952466293
44.0,234.0,143.7252960205078,-1.031690719090927,2.682191742245691,-4.920569878556556,-4.976962308201744,-2.497683085736269,1.3407755705211528,-0.5388233714040851,4.777610722883187,-0.790469167138018,1.0139999617801996
44.0,234.0,143.7252960205078,-1.031690814863095,2.6821908114683595,-4.920570346464027,-4.976963163620345,-2.4976835807269246,1.3407754209787033,-0.5388228462737388,4.777610686929606,-0.7904691790137637,1.0140001421211575
44.0,234.0,143.7252960205078,-1.0316914259846852,2.6821912852086207,-4.920570054996845,-4.976963457633112,-2.4976832608686217,1.3407754557399247,-0.5388225472923303,4.777610896462958,-0.7904690113327248,1.0140005069763325
44.0,234.0,143.7252960205078,-1.0316921648133115,2.6821918506268725,-4.920570108292457,-4.976962170891197,-2.4976842568485584,1.3407754078724654,-0.5388223777468681,4.777611180369714,-0.7904694682703086,1.014000922589422
44.0,234.0,143.7252960205078,-1.0316909269313372,2.682190705518658,-4.920569934073503,-4.976963070824039,-2.49768331415816,1.340775375522389,-0.5388230232604005,4.777610697293802,-0.7904691076651469,1.0139999664020136
44.0,235.0,143.7252960205078,-1.0316918090539682,2.6821914815386494,-4.9205705090448,-4.976962509205115,-2.497683790784471,1.3407756352993152,-0.5388225120524259,4.777610682436267,-0.7904694080418464,1.014000466299409
44.0,235.0,143.7252960205078,-1.0316911816315928,2.682191404397142,-4.920570535207701,-4.976962232063634,-2.4976837105080394,1.3407758299195036,-0.5388229462586791,4.777610913717062,-0.7904695594838476,1.014000067359876
44.0,235.0,143.7252960205078,-1.031691589310712,2.682191006059858,-4.920570563884254,-4.976963120567333,-2.4976839976648386,1.3407752498662209,-0.538822438229225,4.777611087380457,-0.7904692872412404,1.0140006173100948
44.0,235.0,143.7252960205078,-1.0316910273098472,2.682191315846972,-4.920570258832953,-4.976963048971231,-2.497683308116905,1.340775494695868,-0.5388228991519064,4.777610571442629,-0.7904691611097983,1.0140001812874209
44.0,235.0,143.7252960205078,-1.0316907937775293,2.6821910352958422,-4.920569667629749,-4.97696276399591,-2.497683331028912,1.340775541000447,-0.5388228618183541,4.777610826322846,-0.7904691062308391,1.0140001636132905
44.0,235.0,143.72531127929688,-1.031690876640571,2.6821914250772263,-4.920570363131797,-4.976962549534892,-2.497682472861371,1.3407757324626903,-0.5388232167309344,4.777610474459863,-0.790469077674973,1.0139996766624568
44.0,235.0,143.7252960205078,-1.0316910185761174,2.68219145306555,-4.9205693962074735,-4.976963030191468,-2.4976836650636387,1.34077543807913,-0.5388228455741242,4.777610723959043,-0.7904690200694056,1.014000478552698
44.0,235.0,143.7252960205078,-1.0316913199496716,2.682191074095289,-4.920569651073673,-4.976963461728665,-2.497684150044396,1.3407753298365677,-0.5388223647352444,4.777611147302528,-0.7904689793288693,1.0140007931280737
44.0,235.0,143.7252960205078,-1.0316912214315122,2.6821916667429164,-4.920570253911556,-4.976962616647692,-2.497683330141118,1.340775293081416,-0.5388229558420115,4.777610591916183,-0.7904691107102533,1.0140003019094497
44.0,235.0,143.7252960205078,-1.0316911299462097,2.682191911492681,-4.920570302987579,-4.976962504857432,-2.4976828871756345,1.3407758175458024,-0.5388229877046395,4.777610572047209,-0.7904691344252486,1.014000048020539
44.0,235.0,143.72531127929688,-1.031690893069995,2.6821916333968074,-4.920569987847747,-4.976962202895207,-2.497682924725132,1.3407756812575178,-0.5388231966066002,4.77761045841687,-0.7904691850227499,1.0139997835329462
44.0,235.0,143.7252960205078,-1.0316909600946618,2.6821911745055607,-4.92057007161271,-4.976963390741074,-2.497683848780707,1.340775495184353,-0.5388228358208487,4.777610977158654,-0.7904691141104534,1.0140004907674882
44.0,235.0,143.7252960205078,-1.0316913568368808,2.682191058468886,-4.920569843116541,-4.976963301634426,-2.497683452542958,1.3407749057407037,-0.5388225174687564,4.777610906563602,-0.7904690850623517,1.0140006567438684
44.0,235.0,143.7252960205078,-1.0316910835839672,2.6821909679482028,-4.920570245644662,-4.976963122569736,-2.497683615151608,1.3407754467525548,-0.5388227615898753,4.777611174815871,-0.7904693235018039,1.014000261381403
44.0,235.0,143.7252960205078,-1.0316915660569723,2.682191045510532,-4.920569528481698,-4.976963660172476,-2.497684375368128,1.3407750971729318,-0.5388224317126342,4.777611131784262,-0.7904690069881042,1.0140008647517629
44.0,235.0,143.7252960205078,-1.0316911678293472,2.6821914534058813,-4.920570337357752,-4.976962425881206,-2.4976833107086254,1.3407757154680846,-0.53882289734966,4.777610628042865,-0.7904692758562435,1.0140000990068732
44.0,235.0,143.7252960205078,-1.031691227298504,2.6821920089536624,-4.9205703318186655,-4.976961818510871,-2.497683543251028,1.3407756197008585,-0.5388233926674424,4.777610721466489,-0.7904694235952467,1.014000042669288
44.0,235.0,143.7252960205078,-1.0316912220927543,2.6821914896662005,-4.920569976759285,-4.976962606485906,-2.497683985913448,1.3407754240837022,-0.5388228822651282,4.777611357721073,-0.7904693693155203,1.0140005658113491
44.0,235.0,143.72531127929688,-1.0316904975923222,2.6821910866831464,-4.920569599812396,-4.976963292795928,-2.4976830133718444,1.3407752714882912,-0.5388231372983521,4.777610816681618,-0.7904690032055655,1.0140000571835328
44.0,235.0,143.7252960205078,-1.0316904898698391,2.6821906606098374,-4.920569178361495,-4.976964245093932,-2.497683519548102,1.340775095655462,-0.5388226481076881,4.77761099131723,-0.790468829445417,1.014000492534162
44.0,235.0,143.7252960205078,-1.031690834108272,2.6821910396301663,-4.920570172065436,-4.976963250512115,-2.4976831171178526,1.3407754632296616,-0.5388229307167283,4.777610573381949,-0.7904690873099547,1.0140000958482809
44.0,235.0,143.7252960205078,-1.031691381384621,2.6821913393464385,-4.920569381408203,-4.976963270381432,-2.497683924294289,1.3407751802109082,-0.5388226210274478,4.777611215712534,-0.7904690158949546,1.0140008118083053
44.0,235.0,143.72531127929688,-1.0316907089286218,2.682191910545134,-4.920570163677582,-4.976962444794597,-2.497682739746727,1.340775764634312,-0.538823438075994,4.777610409643369,-0.7904691678640798,1.0139998394568517
44.0,235.0,143.7252960205078,-1.031691373056121,2.6821907311542725,-4.920570390446678,-4.9769633434599205,-2.4976838607679666,1.340775530691225,-0.5388225303703713,4.777610908075538,-0.7904692795272501,1.0140004068489166
44.0,235.0,143.7252960205078,-1.0316915089210754,2.682191585554184,-4.920569474937659,-4.976963446339423,-2.497683570522576,1.3407750233679758,-0.5388225928905932,4.7776110115991415,-0.7904688949066454,1.0140007648980711
44.0,235.0,143.72531127929688,-1.0316913525438007,2.6821915765204825,-4.920569776408965,-4.9769629778186815,-2.4976832502871185,1.340775483196558,-0.5388227467587869,4.777610486398082,-0.7904689534097766,1.0140004124691728
44.0,235.0,143.7252960205078,-1.031690381292642,2.682191519048299,-4.920570179411394,-4.976962916240299,-2.497682543610684,1.340775564556366,-0.5388234728270209,4.777610480240645,-0.790469046606729,1.0139997308290614
44.0,235.0,143.7252960205078,-1.0316915450335058,2.68219165162183,-4.92057050343503,-4.9769631710495625,-2.497683200381251,1.3407753971381542,-0.5388225139912608,4.777610599850714,-0.7904688853519124,1.0140006401332062
44.0,235.0,143.72531127929688,-1.0316905887804857,2.6821914262373925,-4.920569686811891,-4.976963407648607,-2.4976829246545416,1.3407754089863202,-0.5388230780582548,4.77761082317477,-0.7904688766671972,1.0140002431266542
44.0,235.0,143.7252960205078,-1.0316915670577105,2.682191183664216,-4.920569513796538,-4.976963304815523,-2.49768418038914,1.340775170119862,-0.5388224625018463,4.777611088865669,-0.7904689872679853,1.0140009140485056
44.0,235.0,143.7252960205078,-1.0316916335445607,2.6821914147274404,-4.9205697089886105,-4.976963286888132,-2.4976840947398324,1.340775355428292,-0.5388224433754214,4.7776112974715375,-0.7904690410379906,1.0140008669222231
44.0,235.0,143.72531127929688,-1.031691950696862,2.6821911665685327,-4.920570092539818,-4.976963279070834,-2.4976844886323315,1.340775351022902,-0.5388220576035341,4.777611345702846,-0.7904692782309173,1.0140012921094197
44.0,235.0,143.7252960205078,-1.031691533256533,2.6821915735977653,-4.920570194634275,-4.976962585769958,-2.497683898647214,1.3407755204178071,-0.5388225938882325,4.77761095494902,-0.7904692729939997,1.014000701464454
44.0,235.0,143.7252960205078,-1.0316914519372968,2.6821907593958363,-4.920570545394368,-4.976962851994406,-2.497683681874434,1.3407755958861864,-0.5388223647925274,4.7776107771207865,-0.7904692787546663,1.014000228416661
44.0,235.0,143.7252960205078,-1.0316912208771694,2.6821912725243653,-4.920569472298422,-4.976963116375362,-2.497683939674017,1.3407752768208496,-0.5388224426567074,4.777610756873939,-0.7904691557594061,1.01400084423957
44.0,235.0,143.72531127929688,-1.031690955515019,2.682191785535494,-4.920569830817617,-4.976963331651461,-2.497682655041912,1.3407752636030352,-0.538822922313348,4.777610541251162,-0.790468667136536,1.014000370879085
44.0,235.0,143.7252960205078,-1.031691226010336,2.6821915553158355,-4.920570030402106,-4.976962576804143,-2.4976826745853846,1.3407756512649938,-0.5388231360084248,4.777610600817429,-0.7904690671590417,1.013999847458508
44.0,235.0,143.72531127929688,-1.0316902433023434,2.682191666928798,-4.9205702201043255,-4.976962475888958,-2.49768217537404,1.3407757495611872,-0.538823706034198,4.7776101791529975,-0.79046896868992,1.0139992486796157
44.0,235.0,143.7252960205078,-1.0316906891958766,2.68219147469002,-4.920570117085319,-4.976962594967271,-2.4976829383841235,1.340775735259184,-0.5388233299191727,4.777610579470785,-0.7904691717593266,1.0139997333792303
44.0,235.0,143.7252960205078,-1.0316914821699452,2.6821912431408803,-4.920570336214334,-4.976962590050475,-2.497683568565169,1.3407756904572068,-0.5388227312083282,4.777611181905092,-0.7904694162573502,1.014000221533986
44.0,235.0,143.7252960205078,-1.0316909584643517,2.6821906627834045,-4.920569915711287,-4.976963512247674,-2.4976841394379807,1.3407751984005092,-0.5388227733465811,4.77761142874577,-0.7904692141989509,1.0140006545193128
44.0,235.0,143.7252960205078,-1.03169142958301,2.682191004271796,-4.9205693052219885,-4.97696367669675,-2.497683712144597,1.340775090535276,-0.538822364046859,4.777611133035688,-0.7904689702999548,1.0140008077320155
44.0,235.0,143.7252960205078,-1.031691640254004,2.682191926704678,-4.920569683853785,-4.976962554918854,-2.497683529435672,1.340775107031,-0.5388228103490285,4.7776111078985615,-0.79046908821865,1.0140006886128443
44.0,235.0,143.7252960205078,-1.0316914609897063,2.6821914412357337,-4.920570058932393,-4.976963040886922,-2.497684185494716,1.340775437172125,-0.5388225216045992,4.777611499101802,-0.7904692325574896,1.0140009469377702
44.0,235.0,143.7252960205078,-1.0316904702153646,2.6821914287294204,-4.920570201980144,-4.976962380626331,-2.497682708512403,1.3407757321403038,-0.5388234579011186,4.777610642297649,-0.7904692141708578,1.0139996952466293
44.0,235.0,143.7252960205078,-1.031690719090927,2.682191742245691,-4.920569878556556,-4.976962308201744,-2.497683085736269,1.3407755705211528,-0.5388233714040851,4.777610722883187,-0.790469167138018,1.0139999617801996
44.0,235.0,143.7252960205078,-1.031690814863095,2.6821908114683595,-4.920570346464027,-4.976963163620345,-2.4976835807269246,1.3407754209787033,-0.5388228462737388,4.777610686929606,-0.7904691790137637,1.0140001421211575
44.0,235.0,143.7252960205078,-1.0316914259846852,2.6821912852086207,-4.920570054996845,-4.976963457633112,-2.4976832608686217,1.3407754557399247,-0.5388225472923303,4.777610896462958,-0.7904690113327248,1.0140005069763325
44.0,235.0,143.7252960205078,-1.0316921648133115,2.6821918506268725,-4.920570108292457,-4.976962170891197,-2.4976842568485584,1.3407754078724654,-0.5388223777468681,4.777611180369714,-0.7904694682703086,1.014000922589422
44.0,235.0,143.7252960205078,-1.0316909269313372,2.682190705518658,-4.920569934073503,-4.976963070824039,-2.49768331415816,1.340775375522389,-0.5388230232604005,4.777610697293802,-0.7904691076651469,1.0139999664020136
44.0,236.0,143.7252960205078,-1.0316918090539682,2.6821914815386494,-4.9205705090448,-4.976962509205115,-2.497683790784471,1.3407756352993152,-0.5388225120524259,4.777610682436267,-0.7904694080418464,1.014000466299409
44.0,236.0,143.7252960205078,-1.0316911816315928,2.682191404397142,-4.920570535207701,-4.976962232063634,-2.4976837105080394,1.3407758299195036,-0.5388229462586791,4.777610913717062,-0.7904695594838476,1.014000067359876
44.0,236.0,143.7252960205078,-1.031691589310712,2.682191006059858,-4.920570563884254,-4.976963120567333,-2.4976839976648386,1.3407752498662209,-0.538822438229225,4.777611087380457,-0.7904692872412404,1.0140006173100948
44.0,236.0,143.7252960205078,-1.0316910273098472,2.682191315846972,-4.920570258832953,-4.976963048971231,-2.497683308116905,1.340775494695868,-0.5388228991519064,4.777610571442629,-0.7904691611097983,1.0140001812874209
44.0,236.0,143.7252960205078,-1.0316907937775293,2.6821910352958422,-4.920569667629749,-4.97696276399591,-2.497683331028912,1.340775541000447,-0.5388228618183541,4.777610826322846,-0.7904691062308391,1.0140001636132905
44.0,236.0,143.72531127929688,-1.031690876640571,2.6821914250772263,-4.920570363131797,-4.976962549534892,-2.497682472861371,1.3407757324626903,-0.5388232167309344,4.777610474459863,-0.790469077674973,1.0139996766624568
44.0,236.0,143.7252960205078,-1.0316910185761174,2.68219145306555,-4.9205693962074735,-4.976963030191468,-2.4976836650636387,1.34077543807913,-0.5388228455741242,4.777610723959043,-0.7904690200694056,1.014000478552698
44.0,236.0,143.7252960205078,-1.0316913199496716,2.682191074095289,-4.920569651073673,-4.976963461728665,-2.497684150044396,1.3407753298365677,-0.5388223647352444,4.777611147302528,-0.7904689793288693,1.0140007931280737
44.0,236.0,143.7252960205078,-1.0316912214315122,2.6821916667429164,-4.920570253911556,-4.976962616647692,-2.497683330141118,1.340775293081416,-0.5388229558420115,4.777610591916183,-0.7904691107102533,1.0140003019094497
44.0,236.0,143.7252960205078,-1.0316911299462097,2.682191911492681,-4.920570302987579,-4.976962504857432,-2.4976828871756345,1.3407758175458024,-0.5388229877046395,4.777610572047209,-0.7904691344252486,1.014000048020539
44.0,236.0,143.72531127929688,-1.031690893069995,2.6821916333968074,-4.920569987847747,-4.976962202895207,-2.497682924725132,1.3407756812575178,-0.5388231966066002,4.77761045841687,-0.7904691850227499,1.0139997835329462
44.0,236.0,143.7252960205078,-1.0316909600946618,2.6821911745055607,-4.92057007161271,-4.976963390741074,-2.497683848780707,1.340775495184353,-0.5388228358208487,4.777610977158654,-0.7904691141104534,1.0140004907674882
44.0,236.0,143.7252960205078,-1.0316913568368808,2.682191058468886,-4.920569843116541,-4.976963301634426,-2.497683452542958,1.3407749057407037,-0.5388225174687564,4.777610906563602,-0.7904690850623517,1.0140006567438684
44.0,236.0,143.7252960205078,-1.0316910835839672,2.6821909679482028,-4.920570245644662,-4.976963122569736,-2.497683615151608,1.3407754467525548,-0.5388227615898753,4.777611174815871,-0.7904693235018039,1.014000261381403
44.0,236.0,143.7252960205078,-1.0316915660569723,2.682191045510532,-4.920569528481698,-4.976963660172476,-2.497684375368128,1.3407750971729318,-0.5388224317126342,4.777611131784262,-0.7904690069881042,1.0140008647517629
44.0,236.0,143.7252960205078,-1.0316911678293472,2.6821914534058813,-4.920570337357752,-4.976962425881206,-2.4976833107086254,1.3407757154680846,-0.53882289734966,4.777610628042865,-0.7904692758562435,1.0140000990068732
44.0,236.0,143.7252960205078,-1.031691227298504,2.6821920089536624,-4.9205703318186655,-4.976961818510871,-2.497683543251028,1.3407756197008585,-0.5388233926674424,4.777610721466489,-0.7904694235952467,1.014000042669288
44.0,236.0,143.7252960205078,-1.0316912220927543,2.6821914896662005,-4.920569976759285,-4.976962606485906,-2.497683985913448,1.3407754240837022,-0.5388228822651282,4.777611357721073,-0.7904693693155203,1.0140005658113491
44.0,236.0,143.72531127929688,-1.0316904975923222,2.6821910866831464,-4.920569599812396,-4.976963292795928,-2.4976830133718444,1.3407752714882912,-0.5388231372983521,4.777610816681618,-0.7904690032055655,1.0140000571835328
44.0,236.0,143.7252960205078,-1.0316904898698391,2.6821906606098374,-4.920569178361495,-4.976964245093932,-2.497683519548102,1.340775095655462,-0.5388226481076881,4.77761099131723,-0.790468829445417,1.014000492534162
44.0,236.0,143.7252960205078,-1.031690834108272,2.6821910396301663,-4.920570172065436,-4.976963250512115,-2.4976831171178526,1.3407754632296616,-0.5388229307167283,4.777610573381949,-0.7904690873099547,1.0140000958482809
44.0,236.0,143.7252960205078,-1.031691381384621,2.6821913393464385,-4.920569381408203,-4.976963270381432,-2.497683924294289,1.3407751802109082,-0.5388226210274478,4.777611215712534,-0.7904690158949546,1.0140008118083053
44.0,236.0,143.72531127929688,-1.0316907089286218,2.682191910545134,-4.920570163677582,-4.976962444794597,-2.497682739746727,1.340775764634312,-0.538823438075994,4.777610409643369,-0.7904691678640798,1.0139998394568517
44.0,236.0,143.7252960205078,-1.031691373056121,2.6821907311542725,-4.920570390446678,-4.9769633434599205,-2.4976838607679666,1.340775530691225,-0.5388225303703713,4.777610908075538,-0.7904692795272501,1.0140004068489166
44.0,236.0,143.7252960205078,-1.0316915089210754,2.682191585554184,-4.920569474937659,-4.976963446339423,-2.497683570522576,1.3407750233679758,-0.5388225928905932,4.7776110115991415,-0.7904688949066454,1.0140007648980711
44.0,236.0,143.72531127929688,-1.0316913525438007,2.6821915765204825,-4.920569776408965,-4.9769629778186815,-2.4976832502871185,1.340775483196558,-0.5388227467587869,4.777610486398082,-0.7904689534097766,1.0140004124691728
44.0,236.0,143.7252960205078,-1.031690381292642,2.682191519048299,-4.920570179411394,-4.976962916240299,-2.497682543610684,1.340775564556366,-0.5388234728270209,4.777610480240645,-0.790469046606729,1.0139997308290614
44.0,236.0,143.7252960205078,-1.0316915450335058,2.68219165162183,-4.92057050343503,-4.9769631710495625,-2.497683200381251,1.3407753971381542,-0.5388225139912608,4.777610599850714,-0.7904688853519124,1.0140006401332062
44.0,236.0,143.72531127929688,-1.0316905887804857,2.6821914262373925,-4.920569686811891,-4.976963407648607,-2.4976829246545416,1.3407754089863202,-0.5388230780582548,4.77761082317477,-0.7904688766671972,1.0140002431266542
44.0,236.0,143.7252960205078,-1.0316915670577105,2.682191183664216,-4.920569513796538,-4.976963304815523,-2.49768418038914,1.340775170119862,-0.5388224625018463,4.777611088865669,-0.7904689872679853,1.0140009140485056
44.0,236.0,143.7252960205078,-1.0316916335445607,2.6821914147274404,-4.9205697089886105,-4.976963286888132,-2.4976840947398324,1.340775355428292,-0.5388224433754214,4.7776112974715375,-0.7904690410379906,1.0140008669222231
44.0,236.0,143.72531127929688,-1.031691950696862,2.6821911665685327,-4.920570092539818,-4.976963279070834,-2.4976844886323315,1.340775351022902,-0.5388220576035341,4.777611345702846,-0.7904692782309173,1.0140012921094197
44.0,236.0,143.7252960205078,-1.031691533256533,2.6821915735977653,-4.920570194634275,-4.976962585769958,-2.497683898647214,1.3407755204178071,-0.5388225938882325,4.77761095494902,-0.7904692729939997,1.014000701464454
44.0,236.0,143.7252960205078,-1.0316914519372968,2.6821907593958363,-4.920570545394368,-4.976962851994406,-2.497683681874434,1.3407755958861864,-0.5388223647925274,4.7776107771207865,-0.7904692787546663,1.014000228416661
44.0,236.0,143.7252960205078,-1.0316912208771694,2.6821912725243653,-4.920569472298422,-4.976963116375362,-2.497683939674017,1.3407752768208496,-0.5388224426567074,4.777610756873939,-0.7904691557594061,1.01400084423957
44.0,236.0,143.72531127929688,-1.031690955515019,2.682191785535494,-4.920569830817617,-4.976963331651461,-2.497682655041912,1.3407752636030352,-0.538822922313348,4.777610541251162,-0.790468667136536,1.014000370879085
44.0,236.0,143.7252960205078,-1.031691226010336,2.6821915553158355,-4.920570030402106,-4.976962576804143,-2.4976826745853846,1.3407756512649938,-0.5388231360084248,4.777610600817429,-0.7904690671590417,1.013999847458508
44.0,236.0,143.72531127929688,-1.0316902433023434,2.682191666928798,-4.9205702201043255,-4.976962475888958,-2.49768217537404,1.3407757495611872,-0.538823706034198,4.7776101791529975,-0.79046896868992,1.0139992486796157
44.0,236.0,143.7252960205078,-1.0316906891958766,2.68219147469002,-4.920570117085319,-4.976962594967271,-2.4976829383841235,1.340775735259184,-0.5388233299191727,4.777610579470785,-0.7904691717593266,1.0139997333792303
44.0,236.0,143.7252960205078,-1.0316914821699452,2.6821912431408803,-4.920570336214334,-4.976962590050475,-2.497683568565169,1.3407756904572068,-0.5388227312083282,4.777611181905092,-0.7904694162573502,1.014000221533986
44.0,236.0,143.7252960205078,-1.0316909584643517,2.6821906627834045,-4.920569915711287,-4.976963512247674,-2.4976841394379807,1.3407751984005092,-0.5388227733465811,4.77761142874577,-0.7904692141989509,1.0140006545193128
44.0,236.0,143.7252960205078,-1.03169142958301,2.682191004271796,-4.9205693052219885,-4.97696367669675,-2.497683712144597,1.340775090535276,-0.538822364046859,4.777611133035688,-0.7904689702999548,1.0140008077320155
44.0,236.0,143.7252960205078,-1.031691640254004,2.682191926704678,-4.920569683853785,-4.976962554918854,-2.497683529435672,1.340775107031,-0.5388228103490285,4.7776111078985615,-0.79046908821865,1.0140006886128443
44.0,236.0,143.7252960205078,-1.0316914609897063,2.6821914412357337,-4.920570058932393,-4.976963040886922,-2.497684185494716,1.340775437172125,-0.5388225216045992,4.777611499101802,-0.7904692325574896,1.0140009469377702
44.0,236.0,143.7252960205078,-1.0316904702153646,2.6821914287294204,-4.920570201980144,-4.976962380626331,-2.497682708512403,1.3407757321403038,-0.5388234579011186,4.777610642297649,-0.7904692141708578,1.0139996952466293
44.0,236.0,143.7252960205078,-1.031690719090927,2.682191742245691,-4.920569878556556,-4.976962308201744,-2.497683085736269,1.3407755705211528,-0.5388233714040851,4.777610722883187,-0.790469167138018,1.0139999617801996
44.0,236.0,143.7252960205078,-1.031690814863095,2.6821908114683595,-4.920570346464027,-4.976963163620345,-2.4976835807269246,1.3407754209787033,-0.5388228462737388,4.777610686929606,-0.7904691790137637,1.0140001421211575
44.0,236.0,143.7252960205078,-1.0316914259846852,2.6821912852086207,-4.920570054996845,-4.976963457633112,-2.4976832608686217,1.3407754557399247,-0.5388225472923303,4.777610896462958,-0.7904690113327248,1.0140005069763325
44.0,236.0,143.7252960205078,-1.0316921648133115,2.6821918506268725,-4.920570108292457,-4.976962170891197,-2.4976842568485584,1.3407754078724654,-0.5388223777468681,4.777611180369714,-0.7904694682703086,1.014000922589422
44.0,236.0,143.7252960205078,-1.0316909269313372,2.682190705518658,-4.920569934073503,-4.976963070824039,-2.49768331415816,1.340775375522389,-0.5388230232604005,4.777610697293802,-0.7904691076651469,1.0139999664020136
44.0,237.0,143.7252960205078,-1.0316918090539682,2.6821914815386494,-4.9205705090448,-4.976962509205115,-2.497683790784471,1.3407756352993152,-0.5388225120524259,4.777610682436267,-0.7904694080418464,1.014000466299409
44.0,237.0,143.7252960205078,-1.0316911816315928,2.682191404397142,-4.920570535207701,-4.976962232063634,-2.4976837105080394,1.3407758299195036,-0.5388229462586791,4.777610913717062,-0.7904695594838476,1.014000067359876
44.0,237.0,143.7252960205078,-1.031691589310712,2.682191006059858,-4.920570563884254,-4.976963120567333,-2.4976839976648386,1.3407752498662209,-0.538822438229225,4.777611087380457,-0.7904692872412404,1.0140006173100948
44.0,237.0,143.7252960205078,-1.0316910273098472,2.682191315846972,-4.920570258832953,-4.976963048971231,-2.497683308116905,1.340775494695868,-0.5388228991519064,4.777610571442629,-0.7904691611097983,1.0140001812874209
44.0,237.0,143.7252960205078,-1.0316907937775293,2.6821910352958422,-4.920569667629749,-4.97696276399591,-2.497683331028912,1.340775541000447,-0.5388228618183541,4.777610826322846,-0.7904691062308391,1.0140001636132905
44.0,237.0,143.72531127929688,-1.031690876640571,2.6821914250772263,-4.920570363131797,-4.976962549534892,-2.497682472861371,1.3407757324626903,-0.5388232167309344,4.777610474459863,-0.790469077674973,1.0139996766624568
44.0,237.0,143.7252960205078,-1.0316910185761174,2.68219145306555,-4.9205693962074735,-4.976963030191468,-2.4976836650636387,1.34077543807913,-0.5388228455741242,4.777610723959043,-0.7904690200694056,1.014000478552698
44.0,237.0,143.7252960205078,-1.0316913199496716,2.682191074095289,-4.920569651073673,-4.976963461728665,-2.497684150044396,1.3407753298365677,-0.5388223647352444,4.777611147302528,-0.7904689793288693,1.0140007931280737
44.0,237.0,143.7252960205078,-1.0316912214315122,2.6821916667429164,-4.920570253911556,-4.976962616647692,-2.497683330141118,1.340775293081416,-0.5388229558420115,4.777610591916183,-0.7904691107102533,1.0140003019094497
44.0,237.0,143.7252960205078,-1.0316911299462097,2.682191911492681,-4.920570302987579,-4.976962504857432,-2.4976828871756345,1.3407758175458024,-0.5388229877046395,4.777610572047209,-0.7904691344252486,1.014000048020539
44.0,237.0,143.72531127929688,-1.031690893069995,2.6821916333968074,-4.920569987847747,-4.976962202895207,-2.497682924725132,1.3407756812575178,-0.5388231966066002,4.77761045841687,-0.7904691850227499,1.0139997835329462
44.0,237.0,143.7252960205078,-1.0316909600946618,2.6821911745055607,-4.92057007161271,-4.976963390741074,-2.497683848780707,1.340775495184353,-0.5388228358208487,4.777610977158654,-0.7904691141104534,1.0140004907674882
44.0,237.0,143.7252960205078,-1.0316913568368808,2.682191058468886,-4.920569843116541,-4.976963301634426,-2.497683452542958,1.3407749057407037,-0.5388225174687564,4.777610906563602,-0.7904690850623517,1.0140006567438684
44.0,237.0,143.7252960205078,-1.0316910835839672,2.6821909679482028,-4.920570245644662,-4.976963122569736,-2.497683615151608,1.3407754467525548,-0.5388227615898753,4.777611174815871,-0.7904693235018039,1.014000261381403
44.0,237.0,143.7252960205078,-1.0316915660569723,2.682191045510532,-4.920569528481698,-4.976963660172476,-2.497684375368128,1.3407750971729318,-0.5388224317126342,4.777611131784262,-0.7904690069881042,1.0140008647517629
44.0,237.0,143.7252960205078,-1.0316911678293472,2.6821914534058813,-4.920570337357752,-4.976962425881206,-2.4976833107086254,1.3407757154680846,-0.53882289734966,4.777610628042865,-0.7904692758562435,1.0140000990068732
44.0,237.0,143.7252960205078,-1.031691227298504,2.6821920089536624,-4.9205703318186655,-4.976961818510871,-2.497683543251028,1.3407756197008585,-0.5388233926674424,4.777610721466489,-0.7904694235952467,1.014000042669288
44.0,237.0,143.7252960205078,-1.0316912220927543,2.6821914896662005,-4.920569976759285,-4.976962606485906,-2.497683985913448,1.3407754240837022,-0.5388228822651282,4.777611357721073,-0.7904693693155203,1.0140005658113491
44.0,237.0,143.72531127929688,-1.0316904975923222,2.6821910866831464,-4.920569599812396,-4.976963292795928,-2.4976830133718444,1.3407752714882912,-0.5388231372983521,4.777610816681618,-0.7904690032055655,1.0140000571835328
44.0,237.0,143.7252960205078,-1.0316904898698391,2.6821906606098374,-4.920569178361495,-4.976964245093932,-2.497683519548102,1.340775095655462,-0.5388226481076881,4.77761099131723,-0.790468829445417,1.014000492534162
44.0,237.0,143.7252960205078,-1.031690834108272,2.6821910396301663,-4.920570172065436,-4.976963250512115,-2.4976831171178526,1.3407754632296616,-0.5388229307167283,4.777610573381949,-0.7904690873099547,1.0140000958482809
44.0,237.0,143.7252960205078,-1.031691381384621,2.6821913393464385,-4.920569381408203,-4.976963270381432,-2.497683924294289,1.3407751802109082,-0.5388226210274478,4.777611215712534,-0.7904690158949546,1.0140008118083053
44.0,237.0,143.72531127929688,-1.0316907089286218,2.682191910545134,-4.920570163677582,-4.976962444794597,-2.497682739746727,1.340775764634312,-0.538823438075994,4.777610409643369,-0.7904691678640798,1.0139998394568517
44.0,237.0,143.7252960205078,-1.031691373056121,2.6821907311542725,-4.920570390446678,-4.9769633434599205,-2.4976838607679666,1.340775530691225,-0.5388225303703713,4.777610908075538,-0.7904692795272501,1.0140004068489166
44.0,237.0,143.7252960205078,-1.0316915089210754,2.682191585554184,-4.920569474937659,-4.976963446339423,-2.497683570522576,1.3407750233679758,-0.5388225928905932,4.7776110115991415,-0.7904688949066454,1.0140007648980711
44.0,237.0,143.72531127929688,-1.0316913525438007,2.6821915765204825,-4.920569776408965,-4.9769629778186815,-2.4976832502871185,1.340775483196558,-0.5388227467587869,4.777610486398082,-0.7904689534097766,1.0140004124691728
44.0,237.0,143.7252960205078,-1.031690381292642,2.682191519048299,-4.920570179411394,-4.976962916240299,-2.497682543610684,1.340775564556366,-0.5388234728270209,4.777610480240645,-0.790469046606729,1.0139997308290614
44.0,237.0,143.7252960205078,-1.0316915450335058,2.68219165162183,-4.92057050343503,-4.9769631710495625,-2.497683200381251,1.3407753971381542,-0.5388225139912608,4.777610599850714,-0.7904688853519124,1.0140006401332062
44.0,237.0,143.72531127929688,-1.0316905887804857,2.6821914262373925,-4.920569686811891,-4.976963407648607,-2.4976829246545416,1.3407754089863202,-0.5388230780582548,4.77761082317477,-0.7904688766671972,1.0140002431266542
44.0,237.0,143.7252960205078,-1.0316915670577105,2.682191183664216,-4.920569513796538,-4.976963304815523,-2.49768418038914,1.340775170119862,-0.5388224625018463,4.777611088865669,-0.7904689872679853,1.0140009140485056
44.0,237.0,143.7252960205078,-1.0316916335445607,2.6821914147274404,-4.9205697089886105,-4.976963286888132,-2.4976840947398324,1.340775355428292,-0.5388224433754214,4.7776112974715375,-0.7904690410379906,1.0140008669222231
44.0,237.0,143.72531127929688,-1.031691950696862,2.6821911665685327,-4.920570092539818,-4.976963279070834,-2.4976844886323315,1.340775351022902,-0.5388220576035341,4.777611345702846,-0.7904692782309173,1.0140012921094197
44.0,237.0,143.7252960205078,-1.031691533256533,2.6821915735977653,-4.920570194634275,-4.976962585769958,-2.497683898647214,1.3407755204178071,-0.5388225938882325,4.77761095494902,-0.7904692729939997,1.014000701464454
44.0,237.0,143.7252960205078,-1.0316914519372968,2.6821907593958363,-4.920570545394368,-4.976962851994406,-2.497683681874434,1.3407755958861864,-0.5388223647925274,4.7776107771207865,-0.7904692787546663,1.014000228416661
44.0,237.0,143.7252960205078,-1.0316912208771694,2.6821912725243653,-4.920569472298422,-4.976963116375362,-2.497683939674017,1.3407752768208496,-0.5388224426567074,4.777610756873939,-0.7904691557594061,1.01400084423957
44.0,237.0,143.72531127929688,-1.031690955515019,2.682191785535494,-4.920569830817617,-4.976963331651461,-2.497682655041912,1.3407752636030352,-0.538822922313348,4.777610541251162,-0.790468667136536,1.014000370879085
44.0,237.0,143.7252960205078,-1.031691226010336,2.6821915553158355,-4.920570030402106,-4.976962576804143,-2.4976826745853846,1.3407756512649938,-0.5388231360084248,4.777610600817429,-0.7904690671590417,1.013999847458508
44.0,237.0,143.72531127929688,-1.0316902433023434,2.682191666928798,-4.9205702201043255,-4.976962475888958,-2.49768217537404,1.3407757495611872,-0.538823706034198,4.7776101791529975,-0.79046896868992,1.0139992486796157
44.0,237.0,143.7252960205078,-1.0316906891958766,2.68219147469002,-4.920570117085319,-4.976962594967271,-2.4976829383841235,1.340775735259184,-0.5388233299191727,4.777610579470785,-0.7904691717593266,1.0139997333792303
44.0,237.0,143.7252960205078,-1.0316914821699452,2.6821912431408803,-4.920570336214334,-4.976962590050475,-2.497683568565169,1.3407756904572068,-0.5388227312083282,4.777611181905092,-0.7904694162573502,1.014000221533986
44.0,237.0,143.7252960205078,-1.0316909584643517,2.6821906627834045,-4.920569915711287,-4.976963512247674,-2.4976841394379807,1.3407751984005092,-0.5388227733465811,4.77761142874577,-0.7904692141989509,1.0140006545193128
44.0,237.0,143.7252960205078,-1.03169142958301,2.682191004271796,-4.9205693052219885,-4.97696367669675,-2.497683712144597,1.340775090535276,-0.538822364046859,4.777611133035688,-0.7904689702999548,1.0140008077320155
44.0,237.0,143.7252960205078,-1.031691640254004,2.682191926704678,-4.920569683853785,-4.976962554918854,-2.497683529435672,1.340775107031,-0.5388228103490285,4.7776111078985615,-0.79046908821865,1.0140006886128443
44.0,237.0,143.7252960205078,-1.0316914609897063,2.6821914412357337,-4.920570058932393,-4.976963040886922,-2.497684185494716,1.340775437172125,-0.5388225216045992,4.777611499101802,-0.7904692325574896,1.0140009469377702
44.0,237.0,143.7252960205078,-1.0316904702153646,2.6821914287294204,-4.920570201980144,-4.976962380626331,-2.497682708512403,1.3407757321403038,-0.5388234579011186,4.777610642297649,-0.7904692141708578,1.0139996952466293
44.0,237.0,143.7252960205078,-1.031690719090927,2.682191742245691,-4.920569878556556,-4.976962308201744,-2.497683085736269,1.3407755705211528,-0.5388233714040851,4.777610722883187,-0.790469167138018,1.0139999617801996
44.0,237.0,143.7252960205078,-1.031690814863095,2.6821908114683595,-4.920570346464027,-4.976963163620345,-2.4976835807269246,1.3407754209787033,-0.5388228462737388,4.777610686929606,-0.7904691790137637,1.0140001421211575
44.0,237.0,143.7252960205078,-1.0316914259846852,2.6821912852086207,-4.920570054996845,-4.976963457633112,-2.4976832608686217,1.3407754557399247,-0.5388225472923303,4.777610896462958,-0.7904690113327248,1.0140005069763325
44.0,237.0,143.7252960205078,-1.0316921648133115,2.6821918506268725,-4.920570108292457,-4.976962170891197,-2.4976842568485584,1.3407754078724654,-0.5388223777468681,4.777611180369714,-0.7904694682703086,1.014000922589422
44.0,237.0,143.7252960205078,-1.0316909269313372,2.682190705518658,-4.920569934073503,-4.976963070824039,-2.49768331415816,1.340775375522389,-0.5388230232604005,4.777610697293802,-0.7904691076651469,1.0139999664020136
44.0,238.0,143.7252960205078,-1.0316918090539682,2.6821914815386494,-4.9205705090448,-4.976962509205115,-2.497683790784471,1.3407756352993152,-0.5388225120524259,4.777610682436267,-0.7904694080418464,1.014000466299409
44.0,238.0,143.7252960205078,-1.0316911816315928,2.682191404397142,-4.920570535207701,-4.976962232063634,-2.4976837105080394,1.3407758299195036,-0.5388229462586791,4.777610913717062,-0.7904695594838476,1.014000067359876
44.0,238.0,143.7252960205078,-1.031691589310712,2.682191006059858,-4.920570563884254,-4.976963120567333,-2.4976839976648386,1.3407752498662209,-0.538822438229225,4.777611087380457,-0.7904692872412404,1.0140006173100948
44.0,238.0,143.7252960205078,-1.0316910273098472,2.682191315846972,-4.920570258832953,-4.976963048971231,-2.497683308116905,1.340775494695868,-0.5388228991519064,4.777610571442629,-0.7904691611097983,1.0140001812874209
44.0,238.0,143.7252960205078,-1.0316907937775293,2.6821910352958422,-4.920569667629749,-4.97696276399591,-2.497683331028912,1.340775541000447,-0.5388228618183541,4.777610826322846,-0.7904691062308391,1.0140001636132905
44.0,238.0,143.72531127929688,-1.031690876640571,2.6821914250772263,-4.920570363131797,-4.976962549534892,-2.497682472861371,1.3407757324626903,-0.5388232167309344,4.777610474459863,-0.790469077674973,1.0139996766624568
44.0,238.0,143.7252960205078,-1.0316910185761174,2.68219145306555,-4.9205693962074735,-4.976963030191468,-2.4976836650636387,1.34077543807913,-0.5388228455741242,4.777610723959043,-0.7904690200694056,1.014000478552698
44.0,238.0,143.7252960205078,-1.0316913199496716,2.682191074095289,-4.920569651073673,-4.976963461728665,-2.497684150044396,1.3407753298365677,-0.5388223647352444,4.777611147302528,-0.7904689793288693,1.0140007931280737
44.0,238.0,143.7252960205078,-1.0316912214315122,2.6821916667429164,-4.920570253911556,-4.976962616647692,-2.497683330141118,1.340775293081416,-0.5388229558420115,4.777610591916183,-0.7904691107102533,1.0140003019094497
44.0,238.0,143.7252960205078,-1.0316911299462097,2.682191911492681,-4.920570302987579,-4.976962504857432,-2.4976828871756345,1.3407758175458024,-0.5388229877046395,4.777610572047209,-0.7904691344252486,1.014000048020539
44.0,238.0,143.72531127929688,-1.031690893069995,2.6821916333968074,-4.920569987847747,-4.976962202895207,-2.497682924725132,1.3407756812575178,-0.5388231966066002,4.77761045841687,-0.7904691850227499,1.0139997835329462
44.0,238.0,143.7252960205078,-1.0316909600946618,2.6821911745055607,-4.92057007161271,-4.976963390741074,-2.497683848780707,1.340775495184353,-0.5388228358208487,4.777610977158654,-0.7904691141104534,1.0140004907674882
44.0,238.0,143.7252960205078,-1.0316913568368808,2.682191058468886,-4.920569843116541,-4.976963301634426,-2.497683452542958,1.3407749057407037,-0.5388225174687564,4.777610906563602,-0.7904690850623517,1.0140006567438684
44.0,238.0,143.7252960205078,-1.0316910835839672,2.6821909679482028,-4.920570245644662,-4.976963122569736,-2.497683615151608,1.3407754467525548,-0.5388227615898753,4.777611174815871,-0.7904693235018039,1.014000261381403
44.0,238.0,143.7252960205078,-1.0316915660569723,2.682191045510532,-4.920569528481698,-4.976963660172476,-2.497684375368128,1.3407750971729318,-0.5388224317126342,4.777611131784262,-0.7904690069881042,1.0140008647517629
44.0,238.0,143.7252960205078,-1.0316911678293472,2.6821914534058813,-4.920570337357752,-4.976962425881206,-2.4976833107086254,1.3407757154680846,-0.53882289734966,4.777610628042865,-0.7904692758562435,1.0140000990068732
44.0,238.0,143.7252960205078,-1.031691227298504,2.6821920089536624,-4.9205703318186655,-4.976961818510871,-2.497683543251028,1.3407756197008585,-0.5388233926674424,4.777610721466489,-0.7904694235952467,1.014000042669288
44.0,238.0,143.7252960205078,-1.0316912220927543,2.6821914896662005,-4.920569976759285,-4.976962606485906,-2.497683985913448,1.3407754240837022,-0.5388228822651282,4.777611357721073,-0.7904693693155203,1.0140005658113491
44.0,238.0,143.72531127929688,-1.0316904975923222,2.6821910866831464,-4.920569599812396,-4.976963292795928,-2.4976830133718444,1.3407752714882912,-0.5388231372983521,4.777610816681618,-0.7904690032055655,1.0140000571835328
44.0,238.0,143.7252960205078,-1.0316904898698391,2.6821906606098374,-4.920569178361495,-4.976964245093932,-2.497683519548102,1.340775095655462,-0.5388226481076881,4.77761099131723,-0.790468829445417,1.014000492534162
44.0,238.0,143.7252960205078,-1.031690834108272,2.6821910396301663,-4.920570172065436,-4.976963250512115,-2.4976831171178526,1.3407754632296616,-0.5388229307167283,4.777610573381949,-0.7904690873099547,1.0140000958482809
44.0,238.0,143.7252960205078,-1.031691381384621,2.6821913393464385,-4.920569381408203,-4.976963270381432,-2.497683924294289,1.3407751802109082,-0.5388226210274478,4.777611215712534,-0.7904690158949546,1.0140008118083053
44.0,238.0,143.72531127929688,-1.0316907089286218,2.682191910545134,-4.920570163677582,-4.976962444794597,-2.497682739746727,1.340775764634312,-0.538823438075994,4.777610409643369,-0.7904691678640798,1.0139998394568517
44.0,238.0,143.7252960205078,-1.031691373056121,2.6821907311542725,-4.920570390446678,-4.9769633434599205,-2.4976838607679666,1.340775530691225,-0.5388225303703713,4.777610908075538,-0.7904692795272501,1.0140004068489166
44.0,238.0,143.7252960205078,-1.0316915089210754,2.682191585554184,-4.920569474937659,-4.976963446339423,-2.497683570522576,1.3407750233679758,-0.5388225928905932,4.7776110115991415,-0.7904688949066454,1.0140007648980711
44.0,238.0,143.72531127929688,-1.0316913525438007,2.6821915765204825,-4.920569776408965,-4.9769629778186815,-2.4976832502871185,1.340775483196558,-0.5388227467587869,4.777610486398082,-0.7904689534097766,1.0140004124691728
44.0,238.0,143.7252960205078,-1.031690381292642,2.682191519048299,-4.920570179411394,-4.976962916240299,-2.497682543610684,1.340775564556366,-0.5388234728270209,4.777610480240645,-0.790469046606729,1.0139997308290614
44.0,238.0,143.7252960205078,-1.0316915450335058,2.68219165162183,-4.92057050343503,-4.9769631710495625,-2.497683200381251,1.3407753971381542,-0.5388225139912608,4.777610599850714,-0.7904688853519124,1.0140006401332062
44.0,238.0,143.72531127929688,-1.0316905887804857,2.6821914262373925,-4.920569686811891,-4.976963407648607,-2.4976829246545416,1.3407754089863202,-0.5388230780582548,4.77761082317477,-0.7904688766671972,1.0140002431266542
44.0,238.0,143.7252960205078,-1.0316915670577105,2.682191183664216,-4.920569513796538,-4.976963304815523,-2.49768418038914,1.340775170119862,-0.5388224625018463,4.777611088865669,-0.7904689872679853,1.0140009140485056
44.0,238.0,143.7252960205078,-1.0316916335445607,2.6821914147274404,-4.9205697089886105,-4.976963286888132,-2.4976840947398324,1.340775355428292,-0.5388224433754214,4.7776112974715375,-0.7904690410379906,1.0140008669222231
44.0,238.0,143.72531127929688,-1.031691950696862,2.6821911665685327,-4.920570092539818,-4.976963279070834,-2.4976844886323315,1.340775351022902,-0.5388220576035341,4.777611345702846,-0.7904692782309173,1.0140012921094197
44.0,238.0,143.7252960205078,-1.031691533256533,2.6821915735977653,-4.920570194634275,-4.976962585769958,-2.497683898647214,1.3407755204178071,-0.5388225938882325,4.77761095494902,-0.7904692729939997,1.014000701464454
44.0,238.0,143.7252960205078,-1.0316914519372968,2.6821907593958363,-4.920570545394368,-4.976962851994406,-2.497683681874434,1.3407755958861864,-0.5388223647925274,4.7776107771207865,-0.7904692787546663,1.014000228416661
44.0,238.0,143.7252960205078,-1.0316912208771694,2.6821912725243653,-4.920569472298422,-4.976963116375362,-2.497683939674017,1.3407752768208496,-0.5388224426567074,4.777610756873939,-0.7904691557594061,1.01400084423957
44.0,238.0,143.72531127929688,-1.031690955515019,2.682191785535494,-4.920569830817617,-4.976963331651461,-2.497682655041912,1.3407752636030352,-0.538822922313348,4.777610541251162,-0.790468667136536,1.014000370879085
44.0,238.0,143.7252960205078,-1.031691226010336,2.6821915553158355,-4.920570030402106,-4.976962576804143,-2.4976826745853846,1.3407756512649938,-0.5388231360084248,4.777610600817429,-0.7904690671590417,1.013999847458508
44.0,238.0,143.72531127929688,-1.0316902433023434,2.682191666928798,-4.9205702201043255,-4.976962475888958,-2.49768217537404,1.3407757495611872,-0.538823706034198,4.7776101791529975,-0.79046896868992,1.0139992486796157
44.0,238.0,143.7252960205078,-1.0316906891958766,2.68219147469002,-4.920570117085319,-4.976962594967271,-2.4976829383841235,1.340775735259184,-0.5388233299191727,4.777610579470785,-0.7904691717593266,1.0139997333792303
44.0,238.0,143.7252960205078,-1.0316914821699452,2.6821912431408803,-4.920570336214334,-4.976962590050475,-2.497683568565169,1.3407756904572068,-0.5388227312083282,4.777611181905092,-0.7904694162573502,1.014000221533986
44.0,238.0,143.7252960205078,-1.0316909584643517,2.6821906627834045,-4.920569915711287,-4.976963512247674,-2.4976841394379807,1.3407751984005092,-0.5388227733465811,4.77761142874577,-0.7904692141989509,1.0140006545193128
44.0,238.0,143.7252960205078,-1.03169142958301,2.682191004271796,-4.9205693052219885,-4.97696367669675,-2.497683712144597,1.340775090535276,-0.538822364046859,4.777611133035688,-0.7904689702999548,1.0140008077320155
44.0,238.0,143.7252960205078,-1.031691640254004,2.682191926704678,-4.920569683853785,-4.976962554918854,-2.497683529435672,1.340775107031,-0.5388228103490285,4.7776111078985615,-0.79046908821865,1.0140006886128443
44.0,238.0,143.7252960205078,-1.0316914609897063,2.6821914412357337,-4.920570058932393,-4.976963040886922,-2.497684185494716,1.340775437172125,-0.5388225216045992,4.777611499101802,-0.7904692325574896,1.0140009469377702
44.0,238.0,143.7252960205078,-1.0316904702153646,2.6821914287294204,-4.920570201980144,-4.976962380626331,-2.497682708512403,1.3407757321403038,-0.5388234579011186,4.777610642297649,-0.7904692141708578,1.0139996952466293
44.0,238.0,143.7252960205078,-1.031690719090927,2.682191742245691,-4.920569878556556,-4.976962308201744,-2.497683085736269,1.3407755705211528,-0.5388233714040851,4.777610722883187,-0.790469167138018,1.0139999617801996
44.0,238.0,143.7252960205078,-1.031690814863095,2.6821908114683595,-4.920570346464027,-4.976963163620345,-2.4976835807269246,1.3407754209787033,-0.5388228462737388,4.777610686929606,-0.7904691790137637,1.0140001421211575
44.0,238.0,143.7252960205078,-1.0316914259846852,2.6821912852086207,-4.920570054996845,-4.976963457633112,-2.4976832608686217,1.3407754557399247,-0.5388225472923303,4.777610896462958,-0.7904690113327248,1.0140005069763325
44.0,238.0,143.7252960205078,-1.0316921648133115,2.6821918506268725,-4.920570108292457,-4.976962170891197,-2.4976842568485584,1.3407754078724654,-0.5388223777468681,4.777611180369714,-0.7904694682703086,1.014000922589422
44.0,238.0,143.7252960205078,-1.0316909269313372,2.682190705518658,-4.920569934073503,-4.976963070824039,-2.49768331415816,1.340775375522389,-0.5388230232604005,4.777610697293802,-0.7904691076651469,1.0139999664020136
44.0,239.0,143.7252960205078,-1.0316918090539682,2.6821914815386494,-4.9205705090448,-4.976962509205115,-2.497683790784471,1.3407756352993152,-0.5388225120524259,4.777610682436267,-0.7904694080418464,1.014000466299409
44.0,239.0,143.7252960205078,-1.0316911816315928,2.682191404397142,-4.920570535207701,-4.976962232063634,-2.4976837105080394,1.3407758299195036,-0.5388229462586791,4.777610913717062,-0.7904695594838476,1.014000067359876
44.0,239.0,143.7252960205078,-1.031691589310712,2.682191006059858,-4.920570563884254,-4.976963120567333,-2.4976839976648386,1.3407752498662209,-0.538822438229225,4.777611087380457,-0.7904692872412404,1.0140006173100948
44.0,239.0,143.7252960205078,-1.0316910273098472,2.682191315846972,-4.920570258832953,-4.976963048971231,-2.497683308116905,1.340775494695868,-0.5388228991519064,4.777610571442629,-0.7904691611097983,1.0140001812874209
44.0,239.0,143.7252960205078,-1.0316907937775293,2.6821910352958422,-4.920569667629749,-4.97696276399591,-2.497683331028912,1.340775541000447,-0.5388228618183541,4.777610826322846,-0.7904691062308391,1.0140001636132905
44.0,239.0,143.72531127929688,-1.031690876640571,2.6821914250772263,-4.920570363131797,-4.976962549534892,-2.497682472861371,1.3407757324626903,-0.5388232167309344,4.777610474459863,-0.790469077674973,1.0139996766624568
44.0,239.0,143.7252960205078,-1.0316910185761174,2.68219145306555,-4.9205693962074735,-4.976963030191468,-2.4976836650636387,1.34077543807913,-0.5388228455741242,4.777610723959043,-0.7904690200694056,1.014000478552698
44.0,239.0,143.7252960205078,-1.0316913199496716,2.682191074095289,-4.920569651073673,-4.976963461728665,-2.497684150044396,1.3407753298365677,-0.5388223647352444,4.777611147302528,-0.7904689793288693,1.0140007931280737
44.0,239.0,143.7252960205078,-1.0316912214315122,2.6821916667429164,-4.920570253911556,-4.976962616647692,-2.497683330141118,1.340775293081416,-0.5388229558420115,4.777610591916183,-0.7904691107102533,1.0140003019094497
44.0,239.0,143.7252960205078,-1.0316911299462097,2.682191911492681,-4.920570302987579,-4.976962504857432,-2.4976828871756345,1.3407758175458024,-0.5388229877046395,4.777610572047209,-0.7904691344252486,1.014000048020539
44.0,239.0,143.72531127929688,-1.031690893069995,2.6821916333968074,-4.920569987847747,-4.976962202895207,-2.497682924725132,1.3407756812575178,-0.5388231966066002,4.77761045841687,-0.7904691850227499,1.0139997835329462
44.0,239.0,143.7252960205078,-1.0316909600946618,2.6821911745055607,-4.92057007161271,-4.976963390741074,-2.497683848780707,1.340775495184353,-0.5388228358208487,4.777610977158654,-0.7904691141104534,1.0140004907674882
44.0,239.0,143.7252960205078,-1.0316913568368808,2.682191058468886,-4.920569843116541,-4.976963301634426,-2.497683452542958,1.3407749057407037,-0.5388225174687564,4.777610906563602,-0.7904690850623517,1.0140006567438684
44.0,239.0,143.7252960205078,-1.0316910835839672,2.6821909679482028,-4.920570245644662,-4.976963122569736,-2.497683615151608,1.3407754467525548,-0.5388227615898753,4.777611174815871,-0.7904693235018039,1.014000261381403
44.0,239.0,143.7252960205078,-1.0316915660569723,2.682191045510532,-4.920569528481698,-4.976963660172476,-2.497684375368128,1.3407750971729318,-0.5388224317126342,4.777611131784262,-0.7904690069881042,1.0140008647517629
44.0,239.0,143.7252960205078,-1.0316911678293472,2.6821914534058813,-4.920570337357752,-4.976962425881206,-2.4976833107086254,1.3407757154680846,-0.53882289734966,4.777610628042865,-0.7904692758562435,1.0140000990068732
44.0,239.0,143.7252960205078,-1.031691227298504,2.6821920089536624,-4.9205703318186655,-4.976961818510871,-2.497683543251028,1.3407756197008585,-0.5388233926674424,4.777610721466489,-0.7904694235952467,1.014000042669288
44.0,239.0,143.7252960205078,-1.0316912220927543,2.6821914896662005,-4.920569976759285,-4.976962606485906,-2.497683985913448,1.3407754240837022,-0.5388228822651282,4.777611357721073,-0.7904693693155203,1.0140005658113491
44.0,239.0,143.72531127929688,-1.0316904975923222,2.6821910866831464,-4.920569599812396,-4.976963292795928,-2.4976830133718444,1.3407752714882912,-0.5388231372983521,4.777610816681618,-0.7904690032055655,1.0140000571835328
44.0,239.0,143.7252960205078,-1.0316904898698391,2.6821906606098374,-4.920569178361495,-4.976964245093932,-2.497683519548102,1.340775095655462,-0.5388226481076881,4.77761099131723,-0.790468829445417,1.014000492534162
44.0,239.0,143.7252960205078,-1.031690834108272,2.6821910396301663,-4.920570172065436,-4.976963250512115,-2.4976831171178526,1.3407754632296616,-0.5388229307167283,4.777610573381949,-0.7904690873099547,1.0140000958482809
44.0,239.0,143.7252960205078,-1.031691381384621,2.6821913393464385,-4.920569381408203,-4.976963270381432,-2.497683924294289,1.3407751802109082,-0.5388226210274478,4.777611215712534,-0.7904690158949546,1.0140008118083053
44.0,239.0,143.72531127929688,-1.0316907089286218,2.682191910545134,-4.920570163677582,-4.976962444794597,-2.497682739746727,1.340775764634312,-0.538823438075994,4.777610409643369,-0.7904691678640798,1.0139998394568517
44.0,239.0,143.7252960205078,-1.031691373056121,2.6821907311542725,-4.920570390446678,-4.9769633434599205,-2.4976838607679666,1.340775530691225,-0.5388225303703713,4.777610908075538,-0.7904692795272501,1.0140004068489166
44.0,239.0,143.7252960205078,-1.0316915089210754,2.682191585554184,-4.920569474937659,-4.976963446339423,-2.497683570522576,1.3407750233679758,-0.5388225928905932,4.7776110115991415,-0.7904688949066454,1.0140007648980711
44.0,239.0,143.72531127929688,-1.0316913525438007,2.6821915765204825,-4.920569776408965,-4.9769629778186815,-2.4976832502871185,1.340775483196558,-0.5388227467587869,4.777610486398082,-0.7904689534097766,1.0140004124691728
44.0,239.0,143.7252960205078,-1.031690381292642,2.682191519048299,-4.920570179411394,-4.976962916240299,-2.497682543610684,1.340775564556366,-0.5388234728270209,4.777610480240645,-0.790469046606729,1.0139997308290614
44.0,239.0,143.7252960205078,-1.0316915450335058,2.68219165162183,-4.92057050343503,-4.9769631710495625,-2.497683200381251,1.3407753971381542,-0.5388225139912608,4.777610599850714,-0.7904688853519124,1.0140006401332062
44.0,239.0,143.72531127929688,-1.0316905887804857,2.6821914262373925,-4.920569686811891,-4.976963407648607,-2.4976829246545416,1.3407754089863202,-0.5388230780582548,4.77761082317477,-0.7904688766671972,1.0140002431266542
44.0,239.0,143.7252960205078,-1.0316915670577105,2.682191183664216,-4.920569513796538,-4.976963304815523,-2.49768418038914,1.340775170119862,-0.5388224625018463,4.777611088865669,-0.7904689872679853,1.0140009140485056
44.0,239.0,143.7252960205078,-1.0316916335445607,2.6821914147274404,-4.9205697089886105,-4.976963286888132,-2.4976840947398324,1.340775355428292,-0.5388224433754214,4.7776112974715375,-0.7904690410379906,1.0140008669222231
44.0,239.0,143.72531127929688,-1.031691950696862,2.6821911665685327,-4.920570092539818,-4.976963279070834,-2.4976844886323315,1.340775351022902,-0.5388220576035341,4.777611345702846,-0.7904692782309173,1.0140012921094197
44.0,239.0,143.7252960205078,-1.031691533256533,2.6821915735977653,-4.920570194634275,-4.976962585769958,-2.497683898647214,1.3407755204178071,-0.5388225938882325,4.77761095494902,-0.7904692729939997,1.014000701464454
44.0,239.0,143.7252960205078,-1.0316914519372968,2.6821907593958363,-4.920570545394368,-4.976962851994406,-2.497683681874434,1.3407755958861864,-0.5388223647925274,4.7776107771207865,-0.7904692787546663,1.014000228416661
44.0,239.0,143.7252960205078,-1.0316912208771694,2.6821912725243653,-4.920569472298422,-4.976963116375362,-2.497683939674017,1.3407752768208496,-0.5388224426567074,4.777610756873939,-0.7904691557594061,1.01400084423957
44.0,239.0,143.72531127929688,-1.031690955515019,2.682191785535494,-4.920569830817617,-4.976963331651461,-2.497682655041912,1.3407752636030352,-0.538822922313348,4.777610541251162,-0.790468667136536,1.014000370879085
44.0,239.0,143.7252960205078,-1.031691226010336,2.6821915553158355,-4.920570030402106,-4.976962576804143,-2.4976826745853846,1.3407756512649938,-0.5388231360084248,4.777610600817429,-0.7904690671590417,1.013999847458508
44.0,239.0,143.72531127929688,-1.0316902433023434,2.682191666928798,-4.9205702201043255,-4.976962475888958,-2.49768217537404,1.3407757495611872,-0.538823706034198,4.7776101791529975,-0.79046896868992,1.0139992486796157
44.0,239.0,143.7252960205078,-1.0316906891958766,2.68219147469002,-4.920570117085319,-4.976962594967271,-2.4976829383841235,1.340775735259184,-0.5388233299191727,4.777610579470785,-0.7904691717593266,1.0139997333792303
44.0,239.0,143.7252960205078,-1.0316914821699452,2.6821912431408803,-4.920570336214334,-4.976962590050475,-2.497683568565169,1.3407756904572068,-0.5388227312083282,4.777611181905092,-0.7904694162573502,1.014000221533986
44.0,239.0,143.7252960205078,-1.0316909584643517,2.6821906627834045,-4.920569915711287,-4.976963512247674,-2.4976841394379807,1.3407751984005092,-0.5388227733465811,4.77761142874577,-0.7904692141989509,1.0140006545193128
44.0,239.0,143.7252960205078,-1.03169142958301,2.682191004271796,-4.9205693052219885,-4.97696367669675,-2.497683712144597,1.340775090535276,-0.538822364046859,4.777611133035688,-0.7904689702999548,1.0140008077320155
44.0,239.0,143.7252960205078,-1.031691640254004,2.682191926704678,-4.920569683853785,-4.976962554918854,-2.497683529435672,1.340775107031,-0.5388228103490285,4.7776111078985615,-0.79046908821865,1.0140006886128443
44.0,239.0,143.7252960205078,-1.0316914609897063,2.6821914412357337,-4.920570058932393,-4.976963040886922,-2.497684185494716,1.340775437172125,-0.5388225216045992,4.777611499101802,-0.7904692325574896,1.0140009469377702
44.0,239.0,143.7252960205078,-1.0316904702153646,2.6821914287294204,-4.920570201980144,-4.976962380626331,-2.497682708512403,1.3407757321403038,-0.5388234579011186,4.777610642297649,-0.7904692141708578,1.0139996952466293
44.0,239.0,143.7252960205078,-1.031690719090927,2.682191742245691,-4.920569878556556,-4.976962308201744,-2.497683085736269,1.3407755705211528,-0.5388233714040851,4.777610722883187,-0.790469167138018,1.0139999617801996
44.0,239.0,143.7252960205078,-1.031690814863095,2.6821908114683595,-4.920570346464027,-4.976963163620345,-2.4976835807269246,1.3407754209787033,-0.5388228462737388,4.777610686929606,-0.7904691790137637,1.0140001421211575
44.0,239.0,143.7252960205078,-1.0316914259846852,2.6821912852086207,-4.920570054996845,-4.976963457633112,-2.4976832608686217,1.3407754557399247,-0.5388225472923303,4.777610896462958,-0.7904690113327248,1.0140005069763325
44.0,239.0,143.7252960205078,-1.0316921648133115,2.6821918506268725,-4.920570108292457,-4.976962170891197,-2.4976842568485584,1.3407754078724654,-0.5388223777468681,4.777611180369714,-0.7904694682703086,1.014000922589422
44.0,239.0,143.7252960205078,-1.0316909269313372,2.682190705518658,-4.920569934073503,-4.976963070824039,-2.49768331415816,1.340775375522389,-0.5388230232604005,4.777610697293802,-0.7904691076651469,1.0139999664020136
44.0,240.0,143.7252960205078,-1.0316918090539682,2.6821914815386494,-4.9205705090448,-4.976962509205115,-2.497683790784471,1.3407756352993152,-0.5388225120524259,4.777610682436267,-0.7904694080418464,1.014000466299409
44.0,240.0,143.7252960205078,-1.0316911816315928,2.682191404397142,-4.920570535207701,-4.976962232063634,-2.4976837105080394,1.3407758299195036,-0.5388229462586791,4.777610913717062,-0.7904695594838476,1.014000067359876
44.0,240.0,143.7252960205078,-1.031691589310712,2.682191006059858,-4.920570563884254,-4.976963120567333,-2.4976839976648386,1.3407752498662209,-0.538822438229225,4.777611087380457,-0.7904692872412404,1.0140006173100948
44.0,240.0,143.7252960205078,-1.0316910273098472,2.682191315846972,-4.920570258832953,-4.976963048971231,-2.497683308116905,1.340775494695868,-0.5388228991519064,4.777610571442629,-0.7904691611097983,1.0140001812874209
44.0,240.0,143.7252960205078,-1.0316907937775293,2.6821910352958422,-4.920569667629749,-4.97696276399591,-2.497683331028912,1.340775541000447,-0.5388228618183541,4.777610826322846,-0.7904691062308391,1.0140001636132905
44.0,240.0,143.72531127929688,-1.031690876640571,2.6821914250772263,-4.920570363131797,-4.976962549534892,-2.497682472861371,1.3407757324626903,-0.5388232167309344,4.777610474459863,-0.790469077674973,1.0139996766624568
44.0,240.0,143.7252960205078,-1.0316910185761174,2.68219145306555,-4.9205693962074735,-4.976963030191468,-2.4976836650636387,1.34077543807913,-0.5388228455741242,4.777610723959043,-0.7904690200694056,1.014000478552698
44.0,240.0,143.7252960205078,-1.0316913199496716,2.682191074095289,-4.920569651073673,-4.976963461728665,-2.497684150044396,1.3407753298365677,-0.5388223647352444,4.777611147302528,-0.7904689793288693,1.0140007931280737
44.0,240.0,143.7252960205078,-1.0316912214315122,2.6821916667429164,-4.920570253911556,-4.976962616647692,-2.497683330141118,1.340775293081416,-0.5388229558420115,4.777610591916183,-0.7904691107102533,1.0140003019094497
44.0,240.0,143.7252960205078,-1.0316911299462097,2.682191911492681,-4.920570302987579,-4.976962504857432,-2.4976828871756345,1.3407758175458024,-0.5388229877046395,4.777610572047209,-0.7904691344252486,1.014000048020539
44.0,240.0,143.72531127929688,-1.031690893069995,2.6821916333968074,-4.920569987847747,-4.976962202895207,-2.497682924725132,1.3407756812575178,-0.5388231966066002,4.77761045841687,-0.7904691850227499,1.0139997835329462
44.0,240.0,143.7252960205078,-1.0316909600946618,2.6821911745055607,-4.92057007161271,-4.976963390741074,-2.497683848780707,1.340775495184353,-0.5388228358208487,4.777610977158654,-0.7904691141104534,1.0140004907674882
44.0,240.0,143.7252960205078,-1.0316913568368808,2.682191058468886,-4.920569843116541,-4.976963301634426,-2.497683452542958,1.3407749057407037,-0.5388225174687564,4.777610906563602,-0.7904690850623517,1.0140006567438684
44.0,240.0,143.7252960205078,-1.0316910835839672,2.6821909679482028,-4.920570245644662,-4.976963122569736,-2.497683615151608,1.3407754467525548,-0.5388227615898753,4.777611174815871,-0.7904693235018039,1.014000261381403
44.0,240.0,143.7252960205078,-1.0316915660569723,2.682191045510532,-4.920569528481698,-4.976963660172476,-2.497684375368128,1.3407750971729318,-0.5388224317126342,4.777611131784262,-0.7904690069881042,1.0140008647517629
44.0,240.0,143.7252960205078,-1.0316911678293472,2.6821914534058813,-4.920570337357752,-4.976962425881206,-2.4976833107086254,1.3407757154680846,-0.53882289734966,4.777610628042865,-0.7904692758562435,1.0140000990068732
44.0,240.0,143.7252960205078,-1.031691227298504,2.6821920089536624,-4.9205703318186655,-4.976961818510871,-2.497683543251028,1.3407756197008585,-0.5388233926674424,4.777610721466489,-0.7904694235952467,1.014000042669288
44.0,240.0,143.7252960205078,-1.0316912220927543,2.6821914896662005,-4.920569976759285,-4.976962606485906,-2.497683985913448,1.3407754240837022,-0.5388228822651282,4.777611357721073,-0.7904693693155203,1.0140005658113491
44.0,240.0,143.72531127929688,-1.0316904975923222,2.6821910866831464,-4.920569599812396,-4.976963292795928,-2.4976830133718444,1.3407752714882912,-0.5388231372983521,4.777610816681618,-0.7904690032055655,1.0140000571835328
44.0,240.0,143.7252960205078,-1.0316904898698391,2.6821906606098374,-4.920569178361495,-4.976964245093932,-2.497683519548102,1.340775095655462,-0.5388226481076881,4.77761099131723,-0.790468829445417,1.014000492534162
44.0,240.0,143.7252960205078,-1.031690834108272,2.6821910396301663,-4.920570172065436,-4.976963250512115,-2.4976831171178526,1.3407754632296616,-0.5388229307167283,4.777610573381949,-0.7904690873099547,1.0140000958482809
44.0,240.0,143.7252960205078,-1.031691381384621,2.6821913393464385,-4.920569381408203,-4.976963270381432,-2.497683924294289,1.3407751802109082,-0.5388226210274478,4.777611215712534,-0.7904690158949546,1.0140008118083053
44.0,240.0,143.72531127929688,-1.0316907089286218,2.682191910545134,-4.920570163677582,-4.976962444794597,-2.497682739746727,1.340775764634312,-0.538823438075994,4.777610409643369,-0.7904691678640798,1.0139998394568517
44.0,240.0,143.7252960205078,-1.031691373056121,2.6821907311542725,-4.920570390446678,-4.9769633434599205,-2.4976838607679666,1.340775530691225,-0.5388225303703713,4.777610908075538,-0.7904692795272501,1.0140004068489166
44.0,240.0,143.7252960205078,-1.0316915089210754,2.682191585554184,-4.920569474937659,-4.976963446339423,-2.497683570522576,1.3407750233679758,-0.5388225928905932,4.7776110115991415,-0.7904688949066454,1.0140007648980711
44.0,240.0,143.72531127929688,-1.0316913525438007,2.6821915765204825,-4.920569776408965,-4.9769629778186815,-2.4976832502871185,1.340775483196558,-0.5388227467587869,4.777610486398082,-0.7904689534097766,1.0140004124691728
44.0,240.0,143.7252960205078,-1.031690381292642,2.682191519048299,-4.920570179411394,-4.976962916240299,-2.497682543610684,1.340775564556366,-0.5388234728270209,4.777610480240645,-0.790469046606729,1.0139997308290614
44.0,240.0,143.7252960205078,-1.0316915450335058,2.68219165162183,-4.92057050343503,-4.9769631710495625,-2.497683200381251,1.3407753971381542,-0.5388225139912608,4.777610599850714,-0.7904688853519124,1.0140006401332062
44.0,240.0,143.72531127929688,-1.0316905887804857,2.6821914262373925,-4.920569686811891,-4.976963407648607,-2.4976829246545416,1.3407754089863202,-0.5388230780582548,4.77761082317477,-0.7904688766671972,1.0140002431266542
44.0,240.0,143.7252960205078,-1.0316915670577105,2.682191183664216,-4.920569513796538,-4.976963304815523,-2.49768418038914,1.340775170119862,-0.5388224625018463,4.777611088865669,-0.7904689872679853,1.0140009140485056
44.0,240.0,143.7252960205078,-1.0316916335445607,2.6821914147274404,-4.9205697089886105,-4.976963286888132,-2.4976840947398324,1.340775355428292,-0.5388224433754214,4.7776112974715375,-0.7904690410379906,1.0140008669222231
44.0,240.0,143.72531127929688,-1.031691950696862,2.6821911665685327,-4.920570092539818,-4.976963279070834,-2.4976844886323315,1.340775351022902,-0.5388220576035341,4.777611345702846,-0.7904692782309173,1.0140012921094197
44.0,240.0,143.7252960205078,-1.031691533256533,2.6821915735977653,-4.920570194634275,-4.976962585769958,-2.497683898647214,1.3407755204178071,-0.5388225938882325,4.77761095494902,-0.7904692729939997,1.014000701464454
44.0,240.0,143.7252960205078,-1.0316914519372968,2.6821907593958363,-4.920570545394368,-4.976962851994406,-2.497683681874434,1.3407755958861864,-0.5388223647925274,4.7776107771207865,-0.7904692787546663,1.014000228416661
44.0,240.0,143.7252960205078,-1.0316912208771694,2.6821912725243653,-4.920569472298422,-4.976963116375362,-2.497683939674017,1.3407752768208496,-0.5388224426567074,4.777610756873939,-0.7904691557594061,1.01400084423957
44.0,240.0,143.72531127929688,-1.031690955515019,2.682191785535494,-4.920569830817617,-4.976963331651461,-2.497682655041912,1.3407752636030352,-0.538822922313348,4.777610541251162,-0.790468667136536,1.014000370879085
44.0,240.0,143.7252960205078,-1.031691226010336,2.6821915553158355,-4.920570030402106,-4.976962576804143,-2.4976826745853846,1.3407756512649938,-0.5388231360084248,4.777610600817429,-0.7904690671590417,1.013999847458508
44.0,240.0,143.72531127929688,-1.0316902433023434,2.682191666928798,-4.9205702201043255,-4.976962475888958,-2.49768217537404,1.3407757495611872,-0.538823706034198,4.7776101791529975,-0.79046896868992,1.0139992486796157
44.0,240.0,143.7252960205078,-1.0316906891958766,2.68219147469002,-4.920570117085319,-4.976962594967271,-2.4976829383841235,1.340775735259184,-0.5388233299191727,4.777610579470785,-0.7904691717593266,1.0139997333792303
44.0,240.0,143.7252960205078,-1.0316914821699452,2.6821912431408803,-4.920570336214334,-4.976962590050475,-2.497683568565169,1.3407756904572068,-0.5388227312083282,4.777611181905092,-0.7904694162573502,1.014000221533986
44.0,240.0,143.7252960205078,-1.0316909584643517,2.6821906627834045,-4.920569915711287,-4.976963512247674,-2.4976841394379807,1.3407751984005092,-0.5388227733465811,4.77761142874577,-0.7904692141989509,1.0140006545193128
44.0,240.0,143.7252960205078,-1.03169142958301,2.682191004271796,-4.9205693052219885,-4.97696367669675,-2.497683712144597,1.340775090535276,-0.538822364046859,4.777611133035688,-0.7904689702999548,1.0140008077320155
44.0,240.0,143.7252960205078,-1.031691640254004,2.682191926704678,-4.920569683853785,-4.976962554918854,-2.497683529435672,1.340775107031,-0.5388228103490285,4.7776111078985615,-0.79046908821865,1.0140006886128443
44.0,240.0,143.7252960205078,-1.0316914609897063,2.6821914412357337,-4.920570058932393,-4.976963040886922,-2.497684185494716,1.340775437172125,-0.5388225216045992,4.777611499101802,-0.7904692325574896,1.0140009469377702
44.0,240.0,143.7252960205078,-1.0316904702153646,2.6821914287294204,-4.920570201980144,-4.976962380626331,-2.497682708512403,1.3407757321403038,-0.5388234579011186,4.777610642297649,-0.7904692141708578,1.0139996952466293
44.0,240.0,143.7252960205078,-1.031690719090927,2.682191742245691,-4.920569878556556,-4.976962308201744,-2.497683085736269,1.3407755705211528,-0.5388233714040851,4.777610722883187,-0.790469167138018,1.0139999617801996
44.0,240.0,143.7252960205078,-1.031690814863095,2.6821908114683595,-4.920570346464027,-4.976963163620345,-2.4976835807269246,1.3407754209787033,-0.5388228462737388,4.777610686929606,-0.7904691790137637,1.0140001421211575
44.0,240.0,143.7252960205078,-1.0316914259846852,2.6821912852086207,-4.920570054996845,-4.976963457633112,-2.4976832608686217,1.3407754557399247,-0.5388225472923303,4.777610896462958,-0.7904690113327248,1.0140005069763325
44.0,240.0,143.7252960205078,-1.0316921648133115,2.6821918506268725,-4.920570108292457,-4.976962170891197,-2.4976842568485584,1.3407754078724654,-0.5388223777468681,4.777611180369714,-0.7904694682703086,1.014000922589422
44.0,240.0,143.7252960205078,-1.0316909269313372,2.682190705518658,-4.920569934073503,-4.976963070824039,-2.49768331415816,1.340775375522389,-0.5388230232604005,4.777610697293802,-0.7904691076651469,1.0139999664020136
44.0,241.0,143.7252960205078,-1.0316918090539682,2.6821914815386494,-4.9205705090448,-4.976962509205115,-2.497683790784471,1.3407756352993152,-0.5388225120524259,4.777610682436267,-0.7904694080418464,1.014000466299409
44.0,241.0,143.7252960205078,-1.0316911816315928,2.682191404397142,-4.920570535207701,-4.976962232063634,-2.4976837105080394,1.3407758299195036,-0.5388229462586791,4.777610913717062,-0.7904695594838476,1.014000067359876
44.0,241.0,143.7252960205078,-1.031691589310712,2.682191006059858,-4.920570563884254,-4.976963120567333,-2.4976839976648386,1.3407752498662209,-0.538822438229225,4.777611087380457,-0.7904692872412404,1.0140006173100948
44.0,241.0,143.7252960205078,-1.0316910273098472,2.682191315846972,-4.920570258832953,-4.976963048971231,-2.497683308116905,1.340775494695868,-0.5388228991519064,4.777610571442629,-0.7904691611097983,1.0140001812874209
44.0,241.0,143.7252960205078,-1.0316907937775293,2.6821910352958422,-4.920569667629749,-4.97696276399591,-2.497683331028912,1.340775541000447,-0.5388228618183541,4.777610826322846,-0.7904691062308391,1.0140001636132905
44.0,241.0,143.72531127929688,-1.031690876640571,2.6821914250772263,-4.920570363131797,-4.976962549534892,-2.497682472861371,1.3407757324626903,-0.5388232167309344,4.777610474459863,-0.790469077674973,1.0139996766624568
44.0,241.0,143.7252960205078,-1.0316910185761174,2.68219145306555,-4.9205693962074735,-4.976963030191468,-2.4976836650636387,1.34077543807913,-0.5388228455741242,4.777610723959043,-0.7904690200694056,1.014000478552698
44.0,241.0,143.7252960205078,-1.0316913199496716,2.682191074095289,-4.920569651073673,-4.976963461728665,-2.497684150044396,1.3407753298365677,-0.5388223647352444,4.777611147302528,-0.7904689793288693,1.0140007931280737
44.0,241.0,143.7252960205078,-1.0316912214315122,2.6821916667429164,-4.920570253911556,-4.976962616647692,-2.497683330141118,1.340775293081416,-0.5388229558420115,4.777610591916183,-0.7904691107102533,1.0140003019094497
44.0,241.0,143.7252960205078,-1.0316911299462097,2.682191911492681,-4.920570302987579,-4.976962504857432,-2.4976828871756345,1.3407758175458024,-0.5388229877046395,4.777610572047209,-0.7904691344252486,1.014000048020539
44.0,241.0,143.72531127929688,-1.031690893069995,2.6821916333968074,-4.920569987847747,-4.976962202895207,-2.497682924725132,1.3407756812575178,-0.5388231966066002,4.77761045841687,-0.7904691850227499,1.0139997835329462
44.0,241.0,143.7252960205078,-1.0316909600946618,2.6821911745055607,-4.92057007161271,-4.976963390741074,-2.497683848780707,1.340775495184353,-0.5388228358208487,4.777610977158654,-0.7904691141104534,1.0140004907674882
44.0,241.0,143.7252960205078,-1.0316913568368808,2.682191058468886,-4.920569843116541,-4.976963301634426,-2.497683452542958,1.3407749057407037,-0.5388225174687564,4.777610906563602,-0.7904690850623517,1.0140006567438684
44.0,241.0,143.7252960205078,-1.0316910835839672,2.6821909679482028,-4.920570245644662,-4.976963122569736,-2.497683615151608,1.3407754467525548,-0.5388227615898753,4.777611174815871,-0.7904693235018039,1.014000261381403
44.0,241.0,143.7252960205078,-1.0316915660569723,2.682191045510532,-4.920569528481698,-4.976963660172476,-2.497684375368128,1.3407750971729318,-0.5388224317126342,4.777611131784262,-0.7904690069881042,1.0140008647517629
44.0,241.0,143.7252960205078,-1.0316911678293472,2.6821914534058813,-4.920570337357752,-4.976962425881206,-2.4976833107086254,1.3407757154680846,-0.53882289734966,4.777610628042865,-0.7904692758562435,1.0140000990068732
44.0,241.0,143.7252960205078,-1.031691227298504,2.6821920089536624,-4.9205703318186655,-4.976961818510871,-2.497683543251028,1.3407756197008585,-0.5388233926674424,4.777610721466489,-0.7904694235952467,1.014000042669288
44.0,241.0,143.7252960205078,-1.0316912220927543,2.6821914896662005,-4.920569976759285,-4.976962606485906,-2.497683985913448,1.3407754240837022,-0.5388228822651282,4.777611357721073,-0.7904693693155203,1.0140005658113491
44.0,241.0,143.72531127929688,-1.0316904975923222,2.6821910866831464,-4.920569599812396,-4.976963292795928,-2.4976830133718444,1.3407752714882912,-0.5388231372983521,4.777610816681618,-0.7904690032055655,1.0140000571835328
44.0,241.0,143.7252960205078,-1.0316904898698391,2.6821906606098374,-4.920569178361495,-4.976964245093932,-2.497683519548102,1.340775095655462,-0.5388226481076881,4.77761099131723,-0.790468829445417,1.014000492534162
44.0,241.0,143.7252960205078,-1.031690834108272,2.6821910396301663,-4.920570172065436,-4.976963250512115,-2.4976831171178526,1.3407754632296616,-0.5388229307167283,4.777610573381949,-0.7904690873099547,1.0140000958482809
44.0,241.0,143.7252960205078,-1.031691381384621,2.6821913393464385,-4.920569381408203,-4.976963270381432,-2.497683924294289,1.3407751802109082,-0.5388226210274478,4.777611215712534,-0.7904690158949546,1.0140008118083053
44.0,241.0,143.72531127929688,-1.0316907089286218,2.682191910545134,-4.920570163677582,-4.976962444794597,-2.497682739746727,1.340775764634312,-0.538823438075994,4.777610409643369,-0.7904691678640798,1.0139998394568517
44.0,241.0,143.7252960205078,-1.031691373056121,2.6821907311542725,-4.920570390446678,-4.9769633434599205,-2.4976838607679666,1.340775530691225,-0.5388225303703713,4.777610908075538,-0.7904692795272501,1.0140004068489166
44.0,241.0,143.7252960205078,-1.0316915089210754,2.682191585554184,-4.920569474937659,-4.976963446339423,-2.497683570522576,1.3407750233679758,-0.5388225928905932,4.7776110115991415,-0.7904688949066454,1.0140007648980711
44.0,241.0,143.72531127929688,-1.0316913525438007,2.6821915765204825,-4.920569776408965,-4.9769629778186815,-2.4976832502871185,1.340775483196558,-0.5388227467587869,4.777610486398082,-0.7904689534097766,1.0140004124691728
44.0,241.0,143.7252960205078,-1.031690381292642,2.682191519048299,-4.920570179411394,-4.976962916240299,-2.497682543610684,1.340775564556366,-0.5388234728270209,4.777610480240645,-0.790469046606729,1.0139997308290614
44.0,241.0,143.7252960205078,-1.0316915450335058,2.68219165162183,-4.92057050343503,-4.9769631710495625,-2.497683200381251,1.3407753971381542,-0.5388225139912608,4.777610599850714,-0.7904688853519124,1.0140006401332062
44.0,241.0,143.72531127929688,-1.0316905887804857,2.6821914262373925,-4.920569686811891,-4.976963407648607,-2.4976829246545416,1.3407754089863202,-0.5388230780582548,4.77761082317477,-0.7904688766671972,1.0140002431266542
44.0,241.0,143.7252960205078,-1.0316915670577105,2.682191183664216,-4.920569513796538,-4.976963304815523,-2.49768418038914,1.340775170119862,-0.5388224625018463,4.777611088865669,-0.7904689872679853,1.0140009140485056
44.0,241.0,143.7252960205078,-1.0316916335445607,2.6821914147274404,-4.9205697089886105,-4.976963286888132,-2.4976840947398324,1.340775355428292,-0.5388224433754214,4.7776112974715375,-0.7904690410379906,1.0140008669222231
44.0,241.0,143.72531127929688,-1.031691950696862,2.6821911665685327,-4.920570092539818,-4.976963279070834,-2.4976844886323315,1.340775351022902,-0.5388220576035341,4.777611345702846,-0.7904692782309173,1.0140012921094197
44.0,241.0,143.7252960205078,-1.031691533256533,2.6821915735977653,-4.920570194634275,-4.976962585769958,-2.497683898647214,1.3407755204178071,-0.5388225938882325,4.77761095494902,-0.7904692729939997,1.014000701464454
44.0,241.0,143.7252960205078,-1.0316914519372968,2.6821907593958363,-4.920570545394368,-4.976962851994406,-2.497683681874434,1.3407755958861864,-0.5388223647925274,4.7776107771207865,-0.7904692787546663,1.014000228416661
44.0,241.0,143.7252960205078,-1.0316912208771694,2.6821912725243653,-4.920569472298422,-4.976963116375362,-2.497683939674017,1.3407752768208496,-0.5388224426567074,4.777610756873939,-0.7904691557594061,1.01400084423957
44.0,241.0,143.72531127929688,-1.031690955515019,2.682191785535494,-4.920569830817617,-4.976963331651461,-2.497682655041912,1.3407752636030352,-0.538822922313348,4.777610541251162,-0.790468667136536,1.014000370879085
44.0,241.0,143.7252960205078,-1.031691226010336,2.6821915553158355,-4.920570030402106,-4.976962576804143,-2.4976826745853846,1.3407756512649938,-0.5388231360084248,4.777610600817429,-0.7904690671590417,1.013999847458508
44.0,241.0,143.72531127929688,-1.0316902433023434,2.682191666928798,-4.9205702201043255,-4.976962475888958,-2.49768217537404,1.3407757495611872,-0.538823706034198,4.7776101791529975,-0.79046896868992,1.0139992486796157
44.0,241.0,143.7252960205078,-1.0316906891958766,2.68219147469002,-4.920570117085319,-4.976962594967271,-2.4976829383841235,1.340775735259184,-0.5388233299191727,4.777610579470785,-0.7904691717593266,1.0139997333792303
44.0,241.0,143.7252960205078,-1.0316914821699452,2.6821912431408803,-4.920570336214334,-4.976962590050475,-2.497683568565169,1.3407756904572068,-0.5388227312083282,4.777611181905092,-0.7904694162573502,1.014000221533986
44.0,241.0,143.7252960205078,-1.0316909584643517,2.6821906627834045,-4.920569915711287,-4.976963512247674,-2.4976841394379807,1.3407751984005092,-0.5388227733465811,4.77761142874577,-0.7904692141989509,1.0140006545193128
44.0,241.0,143.7252960205078,-1.03169142958301,2.682191004271796,-4.9205693052219885,-4.97696367669675,-2.497683712144597,1.340775090535276,-0.538822364046859,4.777611133035688,-0.7904689702999548,1.0140008077320155
44.0,241.0,143.7252960205078,-1.031691640254004,2.682191926704678,-4.920569683853785,-4.976962554918854,-2.497683529435672,1.340775107031,-0.5388228103490285,4.7776111078985615,-0.79046908821865,1.0140006886128443
44.0,241.0,143.7252960205078,-1.0316914609897063,2.6821914412357337,-4.920570058932393,-4.976963040886922,-2.497684185494716,1.340775437172125,-0.5388225216045992,4.777611499101802,-0.7904692325574896,1.0140009469377702
44.0,241.0,143.7252960205078,-1.0316904702153646,2.6821914287294204,-4.920570201980144,-4.976962380626331,-2.497682708512403,1.3407757321403038,-0.5388234579011186,4.777610642297649,-0.7904692141708578,1.0139996952466293
44.0,241.0,143.7252960205078,-1.031690719090927,2.682191742245691,-4.920569878556556,-4.976962308201744,-2.497683085736269,1.3407755705211528,-0.5388233714040851,4.777610722883187,-0.790469167138018,1.0139999617801996
44.0,241.0,143.7252960205078,-1.031690814863095,2.6821908114683595,-4.920570346464027,-4.976963163620345,-2.4976835807269246,1.3407754209787033,-0.5388228462737388,4.777610686929606,-0.7904691790137637,1.0140001421211575
44.0,241.0,143.7252960205078,-1.0316914259846852,2.6821912852086207,-4.920570054996845,-4.976963457633112,-2.4976832608686217,1.3407754557399247,-0.5388225472923303,4.777610896462958,-0.7904690113327248,1.0140005069763325
44.0,241.0,143.7252960205078,-1.0316921648133115,2.6821918506268725,-4.920570108292457,-4.976962170891197,-2.4976842568485584,1.3407754078724654,-0.5388223777468681,4.777611180369714,-0.7904694682703086,1.014000922589422
44.0,241.0,143.7252960205078,-1.0316909269313372,2.682190705518658,-4.920569934073503,-4.976963070824039,-2.49768331415816,1.340775375522389,-0.5388230232604005,4.777610697293802,-0.7904691076651469,1.0139999664020136
44.0,242.0,143.7252960205078,-1.0316918090539682,2.6821914815386494,-4.9205705090448,-4.976962509205115,-2.497683790784471,1.3407756352993152,-0.5388225120524259,4.777610682436267,-0.7904694080418464,1.014000466299409
44.0,242.0,143.7252960205078,-1.0316911816315928,2.682191404397142,-4.920570535207701,-4.976962232063634,-2.4976837105080394,1.3407758299195036,-0.5388229462586791,4.777610913717062,-0.7904695594838476,1.014000067359876
44.0,242.0,143.7252960205078,-1.031691589310712,2.682191006059858,-4.920570563884254,-4.976963120567333,-2.4976839976648386,1.3407752498662209,-0.538822438229225,4.777611087380457,-0.7904692872412404,1.0140006173100948
44.0,242.0,143.7252960205078,-1.0316910273098472,2.682191315846972,-4.920570258832953,-4.976963048971231,-2.497683308116905,1.340775494695868,-0.5388228991519064,4.777610571442629,-0.7904691611097983,1.0140001812874209
44.0,242.0,143.7252960205078,-1.0316907937775293,2.6821910352958422,-4.920569667629749,-4.97696276399591,-2.497683331028912,1.340775541000447,-0.5388228618183541,4.777610826322846,-0.7904691062308391,1.0140001636132905
44.0,242.0,143.72531127929688,-1.031690876640571,2.6821914250772263,-4.920570363131797,-4.976962549534892,-2.497682472861371,1.3407757324626903,-0.5388232167309344,4.777610474459863,-0.790469077674973,1.0139996766624568
44.0,242.0,143.7252960205078,-1.0316910185761174,2.68219145306555,-4.9205693962074735,-4.976963030191468,-2.4976836650636387,1.34077543807913,-0.5388228455741242,4.777610723959043,-0.7904690200694056,1.014000478552698
44.0,242.0,143.7252960205078,-1.0316913199496716,2.682191074095289,-4.920569651073673,-4.976963461728665,-2.497684150044396,1.3407753298365677,-0.5388223647352444,4.777611147302528,-0.7904689793288693,1.0140007931280737
44.0,242.0,143.7252960205078,-1.0316912214315122,2.6821916667429164,-4.920570253911556,-4.976962616647692,-2.497683330141118,1.340775293081416,-0.5388229558420115,4.777610591916183,-0.7904691107102533,1.0140003019094497
44.0,242.0,143.7252960205078,-1.0316911299462097,2.682191911492681,-4.920570302987579,-4.976962504857432,-2.4976828871756345,1.3407758175458024,-0.5388229877046395,4.777610572047209,-0.7904691344252486,1.014000048020539
44.0,242.0,143.72531127929688,-1.031690893069995,2.6821916333968074,-4.920569987847747,-4.976962202895207,-2.497682924725132,1.3407756812575178,-0.5388231966066002,4.77761045841687,-0.7904691850227499,1.0139997835329462
44.0,242.0,143.7252960205078,-1.0316909600946618,2.6821911745055607,-4.92057007161271,-4.976963390741074,-2.497683848780707,1.340775495184353,-0.5388228358208487,4.777610977158654,-0.7904691141104534,1.0140004907674882
44.0,242.0,143.7252960205078,-1.0316913568368808,2.682191058468886,-4.920569843116541,-4.976963301634426,-2.497683452542958,1.3407749057407037,-0.5388225174687564,4.777610906563602,-0.7904690850623517,1.0140006567438684
44.0,242.0,143.7252960205078,-1.0316910835839672,2.6821909679482028,-4.920570245644662,-4.976963122569736,-2.497683615151608,1.3407754467525548,-0.5388227615898753,4.777611174815871,-0.7904693235018039,1.014000261381403
44.0,242.0,143.7252960205078,-1.0316915660569723,2.682191045510532,-4.920569528481698,-4.976963660172476,-2.497684375368128,1.3407750971729318,-0.5388224317126342,4.777611131784262,-0.7904690069881042,1.0140008647517629
44.0,242.0,143.7252960205078,-1.0316911678293472,2.6821914534058813,-4.920570337357752,-4.976962425881206,-2.4976833107086254,1.3407757154680846,-0.53882289734966,4.777610628042865,-0.7904692758562435,1.0140000990068732
44.0,242.0,143.7252960205078,-1.031691227298504,2.6821920089536624,-4.9205703318186655,-4.976961818510871,-2.497683543251028,1.3407756197008585,-0.5388233926674424,4.777610721466489,-0.7904694235952467,1.014000042669288
44.0,242.0,143.7252960205078,-1.0316912220927543,2.6821914896662005,-4.920569976759285,-4.976962606485906,-2.497683985913448,1.3407754240837022,-0.5388228822651282,4.777611357721073,-0.7904693693155203,1.0140005658113491
44.0,242.0,143.72531127929688,-1.0316904975923222,2.6821910866831464,-4.920569599812396,-4.976963292795928,-2.4976830133718444,1.3407752714882912,-0.5388231372983521,4.777610816681618,-0.7904690032055655,1.0140000571835328
44.0,242.0,143.7252960205078,-1.0316904898698391,2.6821906606098374,-4.920569178361495,-4.976964245093932,-2.497683519548102,1.340775095655462,-0.5388226481076881,4.77761099131723,-0.790468829445417,1.014000492534162
44.0,242.0,143.7252960205078,-1.031690834108272,2.6821910396301663,-4.920570172065436,-4.976963250512115,-2.4976831171178526,1.3407754632296616,-0.5388229307167283,4.777610573381949,-0.7904690873099547,1.0140000958482809
44.0,242.0,143.7252960205078,-1.031691381384621,2.6821913393464385,-4.920569381408203,-4.976963270381432,-2.497683924294289,1.3407751802109082,-0.5388226210274478,4.777611215712534,-0.7904690158949546,1.0140008118083053
44.0,242.0,143.72531127929688,-1.0316907089286218,2.682191910545134,-4.920570163677582,-4.976962444794597,-2.497682739746727,1.340775764634312,-0.538823438075994,4.777610409643369,-0.7904691678640798,1.0139998394568517
44.0,242.0,143.7252960205078,-1.031691373056121,2.6821907311542725,-4.920570390446678,-4.9769633434599205,-2.4976838607679666,1.340775530691225,-0.5388225303703713,4.777610908075538,-0.7904692795272501,1.0140004068489166
44.0,242.0,143.7252960205078,-1.0316915089210754,2.682191585554184,-4.920569474937659,-4.976963446339423,-2.497683570522576,1.3407750233679758,-0.5388225928905932,4.7776110115991415,-0.7904688949066454,1.0140007648980711
44.0,242.0,143.72531127929688,-1.0316913525438007,2.6821915765204825,-4.920569776408965,-4.9769629778186815,-2.4976832502871185,1.340775483196558,-0.5388227467587869,4.777610486398082,-0.7904689534097766,1.0140004124691728
44.0,242.0,143.7252960205078,-1.031690381292642,2.682191519048299,-4.920570179411394,-4.976962916240299,-2.497682543610684,1.340775564556366,-0.5388234728270209,4.777610480240645,-0.790469046606729,1.0139997308290614
44.0,242.0,143.7252960205078,-1.0316915450335058,2.68219165162183,-4.92057050343503,-4.9769631710495625,-2.497683200381251,1.3407753971381542,-0.5388225139912608,4.777610599850714,-0.7904688853519124,1.0140006401332062
44.0,242.0,143.72531127929688,-1.0316905887804857,2.6821914262373925,-4.920569686811891,-4.976963407648607,-2.4976829246545416,1.3407754089863202,-0.5388230780582548,4.77761082317477,-0.7904688766671972,1.0140002431266542
44.0,242.0,143.7252960205078,-1.0316915670577105,2.682191183664216,-4.920569513796538,-4.976963304815523,-2.49768418038914,1.340775170119862,-0.5388224625018463,4.777611088865669,-0.7904689872679853,1.0140009140485056
44.0,242.0,143.7252960205078,-1.0316916335445607,2.6821914147274404,-4.9205697089886105,-4.976963286888132,-2.4976840947398324,1.340775355428292,-0.5388224433754214,4.7776112974715375,-0.7904690410379906,1.0140008669222231
44.0,242.0,143.72531127929688,-1.031691950696862,2.6821911665685327,-4.920570092539818,-4.976963279070834,-2.4976844886323315,1.340775351022902,-0.5388220576035341,4.777611345702846,-0.7904692782309173,1.0140012921094197
44.0,242.0,143.7252960205078,-1.031691533256533,2.6821915735977653,-4.920570194634275,-4.976962585769958,-2.497683898647214,1.3407755204178071,-0.5388225938882325,4.77761095494902,-0.7904692729939997,1.014000701464454
44.0,242.0,143.7252960205078,-1.0316914519372968,2.6821907593958363,-4.920570545394368,-4.976962851994406,-2.497683681874434,1.3407755958861864,-0.5388223647925274,4.7776107771207865,-0.7904692787546663,1.014000228416661
44.0,242.0,143.7252960205078,-1.0316912208771694,2.6821912725243653,-4.920569472298422,-4.976963116375362,-2.497683939674017,1.3407752768208496,-0.5388224426567074,4.777610756873939,-0.7904691557594061,1.01400084423957
44.0,242.0,143.72531127929688,-1.031690955515019,2.682191785535494,-4.920569830817617,-4.976963331651461,-2.497682655041912,1.3407752636030352,-0.538822922313348,4.777610541251162,-0.790468667136536,1.014000370879085
44.0,242.0,143.7252960205078,-1.031691226010336,2.6821915553158355,-4.920570030402106,-4.976962576804143,-2.4976826745853846,1.3407756512649938,-0.5388231360084248,4.777610600817429,-0.7904690671590417,1.013999847458508
44.0,242.0,143.72531127929688,-1.0316902433023434,2.682191666928798,-4.9205702201043255,-4.976962475888958,-2.49768217537404,1.3407757495611872,-0.538823706034198,4.7776101791529975,-0.79046896868992,1.0139992486796157
44.0,242.0,143.7252960205078,-1.0316906891958766,2.68219147469002,-4.920570117085319,-4.976962594967271,-2.4976829383841235,1.340775735259184,-0.5388233299191727,4.777610579470785,-0.7904691717593266,1.0139997333792303
44.0,242.0,143.7252960205078,-1.0316914821699452,2.6821912431408803,-4.920570336214334,-4.976962590050475,-2.497683568565169,1.3407756904572068,-0.5388227312083282,4.777611181905092,-0.7904694162573502,1.014000221533986
44.0,242.0,143.7252960205078,-1.0316909584643517,2.6821906627834045,-4.920569915711287,-4.976963512247674,-2.4976841394379807,1.3407751984005092,-0.5388227733465811,4.77761142874577,-0.7904692141989509,1.0140006545193128
44.0,242.0,143.7252960205078,-1.03169142958301,2.682191004271796,-4.9205693052219885,-4.97696367669675,-2.497683712144597,1.340775090535276,-0.538822364046859,4.777611133035688,-0.7904689702999548,1.0140008077320155
44.0,242.0,143.7252960205078,-1.031691640254004,2.682191926704678,-4.920569683853785,-4.976962554918854,-2.497683529435672,1.340775107031,-0.5388228103490285,4.7776111078985615,-0.79046908821865,1.0140006886128443
44.0,242.0,143.7252960205078,-1.0316914609897063,2.6821914412357337,-4.920570058932393,-4.976963040886922,-2.497684185494716,1.340775437172125,-0.5388225216045992,4.777611499101802,-0.7904692325574896,1.0140009469377702
44.0,242.0,143.7252960205078,-1.0316904702153646,2.6821914287294204,-4.920570201980144,-4.976962380626331,-2.497682708512403,1.3407757321403038,-0.5388234579011186,4.777610642297649,-0.7904692141708578,1.0139996952466293
44.0,242.0,143.7252960205078,-1.031690719090927,2.682191742245691,-4.920569878556556,-4.976962308201744,-2.497683085736269,1.3407755705211528,-0.5388233714040851,4.777610722883187,-0.790469167138018,1.0139999617801996
44.0,242.0,143.7252960205078,-1.031690814863095,2.6821908114683595,-4.920570346464027,-4.976963163620345,-2.4976835807269246,1.3407754209787033,-0.5388228462737388,4.777610686929606,-0.7904691790137637,1.0140001421211575
44.0,242.0,143.7252960205078,-1.0316914259846852,2.6821912852086207,-4.920570054996845,-4.976963457633112,-2.4976832608686217,1.3407754557399247,-0.5388225472923303,4.777610896462958,-0.7904690113327248,1.0140005069763325
44.0,242.0,143.7252960205078,-1.0316921648133115,2.6821918506268725,-4.920570108292457,-4.976962170891197,-2.4976842568485584,1.3407754078724654,-0.5388223777468681,4.777611180369714,-0.7904694682703086,1.014000922589422
44.0,242.0,143.7252960205078,-1.0316909269313372,2.682190705518658,-4.920569934073503,-4.976963070824039,-2.49768331415816,1.340775375522389,-0.5388230232604005,4.777610697293802,-0.7904691076651469,1.0139999664020136
44.0,243.0,143.7252960205078,-1.0316918090539682,2.6821914815386494,-4.9205705090448,-4.976962509205115,-2.497683790784471,1.3407756352993152,-0.5388225120524259,4.777610682436267,-0.7904694080418464,1.014000466299409
44.0,243.0,143.7252960205078,-1.0316911816315928,2.682191404397142,-4.920570535207701,-4.976962232063634,-2.4976837105080394,1.3407758299195036,-0.5388229462586791,4.777610913717062,-0.7904695594838476,1.014000067359876
44.0,243.0,143.7252960205078,-1.031691589310712,2.682191006059858,-4.920570563884254,-4.976963120567333,-2.4976839976648386,1.3407752498662209,-0.538822438229225,4.777611087380457,-0.7904692872412404,1.0140006173100948
44.0,243.0,143.7252960205078,-1.0316910273098472,2.682191315846972,-4.920570258832953,-4.976963048971231,-2.497683308116905,1.340775494695868,-0.5388228991519064,4.777610571442629,-0.7904691611097983,1.0140001812874209
44.0,243.0,143.7252960205078,-1.0316907937775293,2.6821910352958422,-4.920569667629749,-4.97696276399591,-2.497683331028912,1.340775541000447,-0.5388228618183541,4.777610826322846,-0.7904691062308391,1.0140001636132905
44.0,243.0,143.72531127929688,-1.031690876640571,2.6821914250772263,-4.920570363131797,-4.976962549534892,-2.497682472861371,1.3407757324626903,-0.5388232167309344,4.777610474459863,-0.790469077674973,1.0139996766624568
44.0,243.0,143.7252960205078,-1.0316910185761174,2.68219145306555,-4.9205693962074735,-4.976963030191468,-2.4976836650636387,1.34077543807913,-0.5388228455741242,4.777610723959043,-0.7904690200694056,1.014000478552698
44.0,243.0,143.7252960205078,-1.0316913199496716,2.682191074095289,-4.920569651073673,-4.976963461728665,-2.497684150044396,1.3407753298365677,-0.5388223647352444,4.777611147302528,-0.7904689793288693,1.0140007931280737
44.0,243.0,143.7252960205078,-1.0316912214315122,2.6821916667429164,-4.920570253911556,-4.976962616647692,-2.497683330141118,1.340775293081416,-0.5388229558420115,4.777610591916183,-0.7904691107102533,1.0140003019094497
44.0,243.0,143.7252960205078,-1.0316911299462097,2.682191911492681,-4.920570302987579,-4.976962504857432,-2.4976828871756345,1.3407758175458024,-0.5388229877046395,4.777610572047209,-0.7904691344252486,1.014000048020539
44.0,243.0,143.72531127929688,-1.031690893069995,2.6821916333968074,-4.920569987847747,-4.976962202895207,-2.497682924725132,1.3407756812575178,-0.5388231966066002,4.77761045841687,-0.7904691850227499,1.0139997835329462
44.0,243.0,143.7252960205078,-1.0316909600946618,2.6821911745055607,-4.92057007161271,-4.976963390741074,-2.497683848780707,1.340775495184353,-0.5388228358208487,4.777610977158654,-0.7904691141104534,1.0140004907674882
44.0,243.0,143.7252960205078,-1.0316913568368808,2.682191058468886,-4.920569843116541,-4.976963301634426,-2.497683452542958,1.3407749057407037,-0.5388225174687564,4.777610906563602,-0.7904690850623517,1.0140006567438684
44.0,243.0,143.7252960205078,-1.0316910835839672,2.6821909679482028,-4.920570245644662,-4.976963122569736,-2.497683615151608,1.3407754467525548,-0.5388227615898753,4.777611174815871,-0.7904693235018039,1.014000261381403
44.0,243.0,143.7252960205078,-1.0316915660569723,2.682191045510532,-4.920569528481698,-4.976963660172476,-2.497684375368128,1.3407750971729318,-0.5388224317126342,4.777611131784262,-0.7904690069881042,1.0140008647517629
44.0,243.0,143.7252960205078,-1.0316911678293472,2.6821914534058813,-4.920570337357752,-4.976962425881206,-2.4976833107086254,1.3407757154680846,-0.53882289734966,4.777610628042865,-0.7904692758562435,1.0140000990068732
44.0,243.0,143.7252960205078,-1.031691227298504,2.6821920089536624,-4.9205703318186655,-4.976961818510871,-2.497683543251028,1.3407756197008585,-0.5388233926674424,4.777610721466489,-0.7904694235952467,1.014000042669288
44.0,243.0,143.7252960205078,-1.0316912220927543,2.6821914896662005,-4.920569976759285,-4.976962606485906,-2.497683985913448,1.3407754240837022,-0.5388228822651282,4.777611357721073,-0.7904693693155203,1.0140005658113491
44.0,243.0,143.72531127929688,-1.0316904975923222,2.6821910866831464,-4.920569599812396,-4.976963292795928,-2.4976830133718444,1.3407752714882912,-0.5388231372983521,4.777610816681618,-0.7904690032055655,1.0140000571835328
44.0,243.0,143.7252960205078,-1.0316904898698391,2.6821906606098374,-4.920569178361495,-4.976964245093932,-2.497683519548102,1.340775095655462,-0.5388226481076881,4.77761099131723,-0.790468829445417,1.014000492534162
44.0,243.0,143.7252960205078,-1.031690834108272,2.6821910396301663,-4.920570172065436,-4.976963250512115,-2.4976831171178526,1.3407754632296616,-0.5388229307167283,4.777610573381949,-0.7904690873099547,1.0140000958482809
44.0,243.0,143.7252960205078,-1.031691381384621,2.6821913393464385,-4.920569381408203,-4.976963270381432,-2.497683924294289,1.3407751802109082,-0.5388226210274478,4.777611215712534,-0.7904690158949546,1.0140008118083053
44.0,243.0,143.72531127929688,-1.0316907089286218,2.682191910545134,-4.920570163677582,-4.976962444794597,-2.497682739746727,1.340775764634312,-0.538823438075994,4.777610409643369,-0.7904691678640798,1.0139998394568517
44.0,243.0,143.7252960205078,-1.031691373056121,2.6821907311542725,-4.920570390446678,-4.9769633434599205,-2.4976838607679666,1.340775530691225,-0.5388225303703713,4.777610908075538,-0.7904692795272501,1.0140004068489166
44.0,243.0,143.7252960205078,-1.0316915089210754,2.682191585554184,-4.920569474937659,-4.976963446339423,-2.497683570522576,1.3407750233679758,-0.5388225928905932,4.7776110115991415,-0.7904688949066454,1.0140007648980711
44.0,243.0,143.72531127929688,-1.0316913525438007,2.6821915765204825,-4.920569776408965,-4.9769629778186815,-2.4976832502871185,1.340775483196558,-0.5388227467587869,4.777610486398082,-0.7904689534097766,1.0140004124691728
44.0,243.0,143.7252960205078,-1.031690381292642,2.682191519048299,-4.920570179411394,-4.976962916240299,-2.497682543610684,1.340775564556366,-0.5388234728270209,4.777610480240645,-0.790469046606729,1.0139997308290614
44.0,243.0,143.7252960205078,-1.0316915450335058,2.68219165162183,-4.92057050343503,-4.9769631710495625,-2.497683200381251,1.3407753971381542,-0.5388225139912608,4.777610599850714,-0.7904688853519124,1.0140006401332062
44.0,243.0,143.72531127929688,-1.0316905887804857,2.6821914262373925,-4.920569686811891,-4.976963407648607,-2.4976829246545416,1.3407754089863202,-0.5388230780582548,4.77761082317477,-0.7904688766671972,1.0140002431266542
44.0,243.0,143.7252960205078,-1.0316915670577105,2.682191183664216,-4.920569513796538,-4.976963304815523,-2.49768418038914,1.340775170119862,-0.5388224625018463,4.777611088865669,-0.7904689872679853,1.0140009140485056
44.0,243.0,143.7252960205078,-1.0316916335445607,2.6821914147274404,-4.9205697089886105,-4.976963286888132,-2.4976840947398324,1.340775355428292,-0.5388224433754214,4.7776112974715375,-0.7904690410379906,1.0140008669222231
44.0,243.0,143.72531127929688,-1.031691950696862,2.6821911665685327,-4.920570092539818,-4.976963279070834,-2.4976844886323315,1.340775351022902,-0.5388220576035341,4.777611345702846,-0.7904692782309173,1.0140012921094197
44.0,243.0,143.7252960205078,-1.031691533256533,2.6821915735977653,-4.920570194634275,-4.976962585769958,-2.497683898647214,1.3407755204178071,-0.5388225938882325,4.77761095494902,-0.7904692729939997,1.014000701464454
44.0,243.0,143.7252960205078,-1.0316914519372968,2.6821907593958363,-4.920570545394368,-4.976962851994406,-2.497683681874434,1.3407755958861864,-0.5388223647925274,4.7776107771207865,-0.7904692787546663,1.014000228416661
44.0,243.0,143.7252960205078,-1.0316912208771694,2.6821912725243653,-4.920569472298422,-4.976963116375362,-2.497683939674017,1.3407752768208496,-0.5388224426567074,4.777610756873939,-0.7904691557594061,1.01400084423957
44.0,243.0,143.72531127929688,-1.031690955515019,2.682191785535494,-4.920569830817617,-4.976963331651461,-2.497682655041912,1.3407752636030352,-0.538822922313348,4.777610541251162,-0.790468667136536,1.014000370879085
44.0,243.0,143.7252960205078,-1.031691226010336,2.6821915553158355,-4.920570030402106,-4.976962576804143,-2.4976826745853846,1.3407756512649938,-0.5388231360084248,4.777610600817429,-0.7904690671590417,1.013999847458508
44.0,243.0,143.72531127929688,-1.0316902433023434,2.682191666928798,-4.9205702201043255,-4.976962475888958,-2.49768217537404,1.3407757495611872,-0.538823706034198,4.7776101791529975,-0.79046896868992,1.0139992486796157
44.0,243.0,143.7252960205078,-1.0316906891958766,2.68219147469002,-4.920570117085319,-4.976962594967271,-2.4976829383841235,1.340775735259184,-0.5388233299191727,4.777610579470785,-0.7904691717593266,1.0139997333792303
44.0,243.0,143.7252960205078,-1.0316914821699452,2.6821912431408803,-4.920570336214334,-4.976962590050475,-2.497683568565169,1.3407756904572068,-0.5388227312083282,4.777611181905092,-0.7904694162573502,1.014000221533986
44.0,243.0,143.7252960205078,-1.0316909584643517,2.6821906627834045,-4.920569915711287,-4.976963512247674,-2.4976841394379807,1.3407751984005092,-0.5388227733465811,4.77761142874577,-0.7904692141989509,1.0140006545193128
44.0,243.0,143.7252960205078,-1.03169142958301,2.682191004271796,-4.9205693052219885,-4.97696367669675,-2.497683712144597,1.340775090535276,-0.538822364046859,4.777611133035688,-0.7904689702999548,1.0140008077320155
44.0,243.0,143.7252960205078,-1.031691640254004,2.682191926704678,-4.920569683853785,-4.976962554918854,-2.497683529435672,1.340775107031,-0.5388228103490285,4.7776111078985615,-0.79046908821865,1.0140006886128443
44.0,243.0,143.7252960205078,-1.0316914609897063,2.6821914412357337,-4.920570058932393,-4.976963040886922,-2.497684185494716,1.340775437172125,-0.5388225216045992,4.777611499101802,-0.7904692325574896,1.0140009469377702
44.0,243.0,143.7252960205078,-1.0316904702153646,2.6821914287294204,-4.920570201980144,-4.976962380626331,-2.497682708512403,1.3407757321403038,-0.5388234579011186,4.777610642297649,-0.7904692141708578,1.0139996952466293
44.0,243.0,143.7252960205078,-1.031690719090927,2.682191742245691,-4.920569878556556,-4.976962308201744,-2.497683085736269,1.3407755705211528,-0.5388233714040851,4.777610722883187,-0.790469167138018,1.0139999617801996
44.0,243.0,143.7252960205078,-1.031690814863095,2.6821908114683595,-4.920570346464027,-4.976963163620345,-2.4976835807269246,1.3407754209787033,-0.5388228462737388,4.777610686929606,-0.7904691790137637,1.0140001421211575
44.0,243.0,143.7252960205078,-1.0316914259846852,2.6821912852086207,-4.920570054996845,-4.976963457633112,-2.4976832608686217,1.3407754557399247,-0.5388225472923303,4.777610896462958,-0.7904690113327248,1.0140005069763325
44.0,243.0,143.7252960205078,-1.0316921648133115,2.6821918506268725,-4.920570108292457,-4.976962170891197,-2.4976842568485584,1.3407754078724654,-0.5388223777468681,4.777611180369714,-0.7904694682703086,1.014000922589422
44.0,243.0,143.7252960205078,-1.0316909269313372,2.682190705518658,-4.920569934073503,-4.976963070824039,-2.49768331415816,1.340775375522389,-0.5388230232604005,4.777610697293802,-0.7904691076651469,1.0139999664020136
44.0,244.0,143.7252960205078,-1.0316918090539682,2.6821914815386494,-4.9205705090448,-4.976962509205115,-2.497683790784471,1.3407756352993152,-0.5388225120524259,4.777610682436267,-0.7904694080418464,1.014000466299409
44.0,244.0,143.7252960205078,-1.0316911816315928,2.682191404397142,-4.920570535207701,-4.976962232063634,-2.4976837105080394,1.3407758299195036,-0.5388229462586791,4.777610913717062,-0.7904695594838476,1.014000067359876
44.0,244.0,143.7252960205078,-1.031691589310712,2.682191006059858,-4.920570563884254,-4.976963120567333,-2.4976839976648386,1.3407752498662209,-0.538822438229225,4.777611087380457,-0.7904692872412404,1.0140006173100948
44.0,244.0,143.7252960205078,-1.0316910273098472,2.682191315846972,-4.920570258832953,-4.976963048971231,-2.497683308116905,1.340775494695868,-0.5388228991519064,4.777610571442629,-0.7904691611097983,1.0140001812874209
44.0,244.0,143.7252960205078,-1.0316907937775293,2.6821910352958422,-4.920569667629749,-4.97696276399591,-2.497683331028912,1.340775541000447,-0.5388228618183541,4.777610826322846,-0.7904691062308391,1.0140001636132905
44.0,244.0,143.72531127929688,-1.031690876640571,2.6821914250772263,-4.920570363131797,-4.976962549534892,-2.497682472861371,1.3407757324626903,-0.5388232167309344,4.777610474459863,-0.790469077674973,1.0139996766624568
44.0,244.0,143.7252960205078,-1.0316910185761174,2.68219145306555,-4.9205693962074735,-4.976963030191468,-2.4976836650636387,1.34077543807913,-0.5388228455741242,4.777610723959043,-0.7904690200694056,1.014000478552698
44.0,244.0,143.7252960205078,-1.0316913199496716,2.682191074095289,-4.920569651073673,-4.976963461728665,-2.497684150044396,1.3407753298365677,-0.5388223647352444,4.777611147302528,-0.7904689793288693,1.0140007931280737
44.0,244.0,143.7252960205078,-1.0316912214315122,2.6821916667429164,-4.920570253911556,-4.976962616647692,-2.497683330141118,1.340775293081416,-0.5388229558420115,4.777610591916183,-0.7904691107102533,1.0140003019094497
44.0,244.0,143.7252960205078,-1.0316911299462097,2.682191911492681,-4.920570302987579,-4.976962504857432,-2.4976828871756345,1.3407758175458024,-0.5388229877046395,4.777610572047209,-0.7904691344252486,1.014000048020539
44.0,244.0,143.72531127929688,-1.031690893069995,2.6821916333968074,-4.920569987847747,-4.976962202895207,-2.497682924725132,1.3407756812575178,-0.5388231966066002,4.77761045841687,-0.7904691850227499,1.0139997835329462
44.0,244.0,143.7252960205078,-1.0316909600946618,2.6821911745055607,-4.92057007161271,-4.976963390741074,-2.497683848780707,1.340775495184353,-0.5388228358208487,4.777610977158654,-0.7904691141104534,1.0140004907674882
44.0,244.0,143.7252960205078,-1.0316913568368808,2.682191058468886,-4.920569843116541,-4.976963301634426,-2.497683452542958,1.3407749057407037,-0.5388225174687564,4.777610906563602,-0.7904690850623517,1.0140006567438684
44.0,244.0,143.7252960205078,-1.0316910835839672,2.6821909679482028,-4.920570245644662,-4.976963122569736,-2.497683615151608,1.3407754467525548,-0.5388227615898753,4.777611174815871,-0.7904693235018039,1.014000261381403
44.0,244.0,143.7252960205078,-1.0316915660569723,2.682191045510532,-4.920569528481698,-4.976963660172476,-2.497684375368128,1.3407750971729318,-0.5388224317126342,4.777611131784262,-0.7904690069881042,1.0140008647517629
44.0,244.0,143.7252960205078,-1.0316911678293472,2.6821914534058813,-4.920570337357752,-4.976962425881206,-2.4976833107086254,1.3407757154680846,-0.53882289734966,4.777610628042865,-0.7904692758562435,1.0140000990068732
44.0,244.0,143.7252960205078,-1.031691227298504,2.6821920089536624,-4.9205703318186655,-4.976961818510871,-2.497683543251028,1.3407756197008585,-0.5388233926674424,4.777610721466489,-0.7904694235952467,1.014000042669288
44.0,244.0,143.7252960205078,-1.0316912220927543,2.6821914896662005,-4.920569976759285,-4.976962606485906,-2.497683985913448,1.3407754240837022,-0.5388228822651282,4.777611357721073,-0.7904693693155203,1.0140005658113491
44.0,244.0,143.72531127929688,-1.0316904975923222,2.6821910866831464,-4.920569599812396,-4.976963292795928,-2.4976830133718444,1.3407752714882912,-0.5388231372983521,4.777610816681618,-0.7904690032055655,1.0140000571835328
44.0,244.0,143.7252960205078,-1.0316904898698391,2.6821906606098374,-4.920569178361495,-4.976964245093932,-2.497683519548102,1.340775095655462,-0.5388226481076881,4.77761099131723,-0.790468829445417,1.014000492534162
44.0,244.0,143.7252960205078,-1.031690834108272,2.6821910396301663,-4.920570172065436,-4.976963250512115,-2.4976831171178526,1.3407754632296616,-0.5388229307167283,4.777610573381949,-0.7904690873099547,1.0140000958482809
44.0,244.0,143.7252960205078,-1.031691381384621,2.6821913393464385,-4.920569381408203,-4.976963270381432,-2.497683924294289,1.3407751802109082,-0.5388226210274478,4.777611215712534,-0.7904690158949546,1.0140008118083053
44.0,244.0,143.72531127929688,-1.0316907089286218,2.682191910545134,-4.920570163677582,-4.976962444794597,-2.497682739746727,1.340775764634312,-0.538823438075994,4.777610409643369,-0.7904691678640798,1.0139998394568517
44.0,244.0,143.7252960205078,-1.031691373056121,2.6821907311542725,-4.920570390446678,-4.9769633434599205,-2.4976838607679666,1.340775530691225,-0.5388225303703713,4.777610908075538,-0.7904692795272501,1.0140004068489166
44.0,244.0,143.7252960205078,-1.0316915089210754,2.682191585554184,-4.920569474937659,-4.976963446339423,-2.497683570522576,1.3407750233679758,-0.5388225928905932,4.7776110115991415,-0.7904688949066454,1.0140007648980711
44.0,244.0,143.72531127929688,-1.0316913525438007,2.6821915765204825,-4.920569776408965,-4.9769629778186815,-2.4976832502871185,1.340775483196558,-0.5388227467587869,4.777610486398082,-0.7904689534097766,1.0140004124691728
44.0,244.0,143.7252960205078,-1.031690381292642,2.682191519048299,-4.920570179411394,-4.976962916240299,-2.497682543610684,1.340775564556366,-0.5388234728270209,4.777610480240645,-0.790469046606729,1.0139997308290614
44.0,244.0,143.7252960205078,-1.0316915450335058,2.68219165162183,-4.92057050343503,-4.9769631710495625,-2.497683200381251,1.3407753971381542,-0.5388225139912608,4.777610599850714,-0.7904688853519124,1.0140006401332062
44.0,244.0,143.72531127929688,-1.0316905887804857,2.6821914262373925,-4.920569686811891,-4.976963407648607,-2.4976829246545416,1.3407754089863202,-0.5388230780582548,4.77761082317477,-0.7904688766671972,1.0140002431266542
44.0,244.0,143.7252960205078,-1.0316915670577105,2.682191183664216,-4.920569513796538,-4.976963304815523,-2.49768418038914,1.340775170119862,-0.5388224625018463,4.777611088865669,-0.7904689872679853,1.0140009140485056
44.0,244.0,143.7252960205078,-1.0316916335445607,2.6821914147274404,-4.9205697089886105,-4.976963286888132,-2.4976840947398324,1.340775355428292,-0.5388224433754214,4.7776112974715375,-0.7904690410379906,1.0140008669222231
44.0,244.0,143.72531127929688,-1.031691950696862,2.6821911665685327,-4.920570092539818,-4.976963279070834,-2.4976844886323315,1.340775351022902,-0.5388220576035341,4.777611345702846,-0.7904692782309173,1.0140012921094197
44.0,244.0,143.7252960205078,-1.031691533256533,2.6821915735977653,-4.920570194634275,-4.976962585769958,-2.497683898647214,1.3407755204178071,-0.5388225938882325,4.77761095494902,-0.7904692729939997,1.014000701464454
44.0,244.0,143.7252960205078,-1.0316914519372968,2.6821907593958363,-4.920570545394368,-4.976962851994406,-2.497683681874434,1.3407755958861864,-0.5388223647925274,4.7776107771207865,-0.7904692787546663,1.014000228416661
44.0,244.0,143.7252960205078,-1.0316912208771694,2.6821912725243653,-4.920569472298422,-4.976963116375362,-2.497683939674017,1.3407752768208496,-0.5388224426567074,4.777610756873939,-0.7904691557594061,1.01400084423957
44.0,244.0,143.72531127929688,-1.031690955515019,2.682191785535494,-4.920569830817617,-4.976963331651461,-2.497682655041912,1.3407752636030352,-0.538822922313348,4.777610541251162,-0.790468667136536,1.014000370879085
44.0,244.0,143.7252960205078,-1.031691226010336,2.6821915553158355,-4.920570030402106,-4.976962576804143,-2.4976826745853846,1.3407756512649938,-0.5388231360084248,4.777610600817429,-0.7904690671590417,1.013999847458508
44.0,244.0,143.72531127929688,-1.0316902433023434,2.682191666928798,-4.9205702201043255,-4.976962475888958,-2.49768217537404,1.3407757495611872,-0.538823706034198,4.7776101791529975,-0.79046896868992,1.0139992486796157
44.0,244.0,143.7252960205078,-1.0316906891958766,2.68219147469002,-4.920570117085319,-4.976962594967271,-2.4976829383841235,1.340775735259184,-0.5388233299191727,4.777610579470785,-0.7904691717593266,1.0139997333792303
44.0,244.0,143.7252960205078,-1.0316914821699452,2.6821912431408803,-4.920570336214334,-4.976962590050475,-2.497683568565169,1.3407756904572068,-0.5388227312083282,4.777611181905092,-0.7904694162573502,1.014000221533986
44.0,244.0,143.7252960205078,-1.0316909584643517,2.6821906627834045,-4.920569915711287,-4.976963512247674,-2.4976841394379807,1.3407751984005092,-0.5388227733465811,4.77761142874577,-0.7904692141989509,1.0140006545193128
44.0,244.0,143.7252960205078,-1.03169142958301,2.682191004271796,-4.9205693052219885,-4.97696367669675,-2.497683712144597,1.340775090535276,-0.538822364046859,4.777611133035688,-0.7904689702999548,1.0140008077320155
44.0,244.0,143.7252960205078,-1.031691640254004,2.682191926704678,-4.920569683853785,-4.976962554918854,-2.497683529435672,1.340775107031,-0.5388228103490285,4.7776111078985615,-0.79046908821865,1.0140006886128443
44.0,244.0,143.7252960205078,-1.0316914609897063,2.6821914412357337,-4.920570058932393,-4.976963040886922,-2.497684185494716,1.340775437172125,-0.5388225216045992,4.777611499101802,-0.7904692325574896,1.0140009469377702
44.0,244.0,143.7252960205078,-1.0316904702153646,2.6821914287294204,-4.920570201980144,-4.976962380626331,-2.497682708512403,1.3407757321403038,-0.5388234579011186,4.777610642297649,-0.7904692141708578,1.0139996952466293
44.0,244.0,143.7252960205078,-1.031690719090927,2.682191742245691,-4.920569878556556,-4.976962308201744,-2.497683085736269,1.3407755705211528,-0.5388233714040851,4.777610722883187,-0.790469167138018,1.0139999617801996
44.0,244.0,143.7252960205078,-1.031690814863095,2.6821908114683595,-4.920570346464027,-4.976963163620345,-2.4976835807269246,1.3407754209787033,-0.5388228462737388,4.777610686929606,-0.7904691790137637,1.0140001421211575
44.0,244.0,143.7252960205078,-1.0316914259846852,2.6821912852086207,-4.920570054996845,-4.976963457633112,-2.4976832608686217,1.3407754557399247,-0.5388225472923303,4.777610896462958,-0.7904690113327248,1.0140005069763325
44.0,244.0,143.7252960205078,-1.0316921648133115,2.6821918506268725,-4.920570108292457,-4.976962170891197,-2.4976842568485584,1.3407754078724654,-0.5388223777468681,4.777611180369714,-0.7904694682703086,1.014000922589422
44.0,244.0,143.7252960205078,-1.0316909269313372,2.682190705518658,-4.920569934073503,-4.976963070824039,-2.49768331415816,1.340775375522389,-0.5388230232604005,4.777610697293802,-0.7904691076651469,1.0139999664020136
44.0,245.0,143.7252960205078,-1.0316918090539682,2.6821914815386494,-4.9205705090448,-4.976962509205115,-2.497683790784471,1.3407756352993152,-0.5388225120524259,4.777610682436267,-0.7904694080418464,1.014000466299409
44.0,245.0,143.7252960205078,-1.0316911816315928,2.682191404397142,-4.920570535207701,-4.976962232063634,-2.4976837105080394,1.3407758299195036,-0.5388229462586791,4.777610913717062,-0.7904695594838476,1.014000067359876
44.0,245.0,143.7252960205078,-1.031691589310712,2.682191006059858,-4.920570563884254,-4.976963120567333,-2.4976839976648386,1.3407752498662209,-0.538822438229225,4.777611087380457,-0.7904692872412404,1.0140006173100948
44.0,245.0,143.7252960205078,-1.0316910273098472,2.682191315846972,-4.920570258832953,-4.976963048971231,-2.497683308116905,1.340775494695868,-0.5388228991519064,4.777610571442629,-0.7904691611097983,1.0140001812874209
44.0,245.0,143.7252960205078,-1.0316907937775293,2.6821910352958422,-4.920569667629749,-4.97696276399591,-2.497683331028912,1.340775541000447,-0.5388228618183541,4.777610826322846,-0.7904691062308391,1.0140001636132905
44.0,245.0,143.72531127929688,-1.031690876640571,2.6821914250772263,-4.920570363131797,-4.976962549534892,-2.497682472861371,1.3407757324626903,-0.5388232167309344,4.777610474459863,-0.790469077674973,1.0139996766624568
44.0,245.0,143.7252960205078,-1.0316910185761174,2.68219145306555,-4.9205693962074735,-4.976963030191468,-2.4976836650636387,1.34077543807913,-0.5388228455741242,4.777610723959043,-0.7904690200694056,1.014000478552698
44.0,245.0,143.7252960205078,-1.0316913199496716,2.682191074095289,-4.920569651073673,-4.976963461728665,-2.497684150044396,1.3407753298365677,-0.5388223647352444,4.777611147302528,-0.7904689793288693,1.0140007931280737
44.0,245.0,143.7252960205078,-1.0316912214315122,2.6821916667429164,-4.920570253911556,-4.976962616647692,-2.497683330141118,1.340775293081416,-0.5388229558420115,4.777610591916183,-0.7904691107102533,1.0140003019094497
44.0,245.0,143.7252960205078,-1.0316911299462097,2.682191911492681,-4.920570302987579,-4.976962504857432,-2.4976828871756345,1.3407758175458024,-0.5388229877046395,4.777610572047209,-0.7904691344252486,1.014000048020539
44.0,245.0,143.72531127929688,-1.031690893069995,2.6821916333968074,-4.920569987847747,-4.976962202895207,-2.497682924725132,1.3407756812575178,-0.5388231966066002,4.77761045841687,-0.7904691850227499,1.0139997835329462
44.0,245.0,143.7252960205078,-1.0316909600946618,2.6821911745055607,-4.92057007161271,-4.976963390741074,-2.497683848780707,1.340775495184353,-0.5388228358208487,4.777610977158654,-0.7904691141104534,1.0140004907674882
44.0,245.0,143.7252960205078,-1.0316913568368808,2.682191058468886,-4.920569843116541,-4.976963301634426,-2.497683452542958,1.3407749057407037,-0.5388225174687564,4.777610906563602,-0.7904690850623517,1.0140006567438684
44.0,245.0,143.7252960205078,-1.0316910835839672,2.6821909679482028,-4.920570245644662,-4.976963122569736,-2.497683615151608,1.3407754467525548,-0.5388227615898753,4.777611174815871,-0.7904693235018039,1.014000261381403
44.0,245.0,143.7252960205078,-1.0316915660569723,2.682191045510532,-4.920569528481698,-4.976963660172476,-2.497684375368128,1.3407750971729318,-0.5388224317126342,4.777611131784262,-0.7904690069881042,1.0140008647517629
44.0,245.0,143.7252960205078,-1.0316911678293472,2.6821914534058813,-4.920570337357752,-4.976962425881206,-2.4976833107086254,1.3407757154680846,-0.53882289734966,4.777610628042865,-0.7904692758562435,1.0140000990068732
44.0,245.0,143.7252960205078,-1.031691227298504,2.6821920089536624,-4.9205703318186655,-4.976961818510871,-2.497683543251028,1.3407756197008585,-0.5388233926674424,4.777610721466489,-0.7904694235952467,1.014000042669288
44.0,245.0,143.7252960205078,-1.0316912220927543,2.6821914896662005,-4.920569976759285,-4.976962606485906,-2.497683985913448,1.3407754240837022,-0.5388228822651282,4.777611357721073,-0.7904693693155203,1.0140005658113491
44.0,245.0,143.72531127929688,-1.0316904975923222,2.6821910866831464,-4.920569599812396,-4.976963292795928,-2.4976830133718444,1.3407752714882912,-0.5388231372983521,4.777610816681618,-0.7904690032055655,1.0140000571835328
44.0,245.0,143.7252960205078,-1.0316904898698391,2.6821906606098374,-4.920569178361495,-4.976964245093932,-2.497683519548102,1.340775095655462,-0.5388226481076881,4.77761099131723,-0.790468829445417,1.014000492534162
44.0,245.0,143.7252960205078,-1.031690834108272,2.6821910396301663,-4.920570172065436,-4.976963250512115,-2.4976831171178526,1.3407754632296616,-0.5388229307167283,4.777610573381949,-0.7904690873099547,1.0140000958482809
44.0,245.0,143.7252960205078,-1.031691381384621,2.6821913393464385,-4.920569381408203,-4.976963270381432,-2.497683924294289,1.3407751802109082,-0.5388226210274478,4.777611215712534,-0.7904690158949546,1.0140008118083053
44.0,245.0,143.72531127929688,-1.0316907089286218,2.682191910545134,-4.920570163677582,-4.976962444794597,-2.497682739746727,1.340775764634312,-0.538823438075994,4.777610409643369,-0.7904691678640798,1.0139998394568517
44.0,245.0,143.7252960205078,-1.031691373056121,2.6821907311542725,-4.920570390446678,-4.9769633434599205,-2.4976838607679666,1.340775530691225,-0.5388225303703713,4.777610908075538,-0.7904692795272501,1.0140004068489166
44.0,245.0,143.7252960205078,-1.0316915089210754,2.682191585554184,-4.920569474937659,-4.976963446339423,-2.497683570522576,1.3407750233679758,-0.5388225928905932,4.7776110115991415,-0.7904688949066454,1.0140007648980711
44.0,245.0,143.72531127929688,-1.0316913525438007,2.6821915765204825,-4.920569776408965,-4.9769629778186815,-2.4976832502871185,1.340775483196558,-0.5388227467587869,4.777610486398082,-0.7904689534097766,1.0140004124691728
44.0,245.0,143.7252960205078,-1.031690381292642,2.682191519048299,-4.920570179411394,-4.976962916240299,-2.497682543610684,1.340775564556366,-0.5388234728270209,4.777610480240645,-0.790469046606729,1.0139997308290614
44.0,245.0,143.7252960205078,-1.0316915450335058,2.68219165162183,-4.92057050343503,-4.9769631710495625,-2.497683200381251,1.3407753971381542,-0.5388225139912608,4.777610599850714,-0.7904688853519124,1.0140006401332062
44.0,245.0,143.72531127929688,-1.0316905887804857,2.6821914262373925,-4.920569686811891,-4.976963407648607,-2.4976829246545416,1.3407754089863202,-0.5388230780582548,4.77761082317477,-0.7904688766671972,1.0140002431266542
44.0,245.0,143.7252960205078,-1.0316915670577105,2.682191183664216,-4.920569513796538,-4.976963304815523,-2.49768418038914,1.340775170119862,-0.5388224625018463,4.777611088865669,-0.7904689872679853,1.0140009140485056
44.0,245.0,143.7252960205078,-1.0316916335445607,2.6821914147274404,-4.9205697089886105,-4.976963286888132,-2.4976840947398324,1.340775355428292,-0.5388224433754214,4.7776112974715375,-0.7904690410379906,1.0140008669222231
44.0,245.0,143.72531127929688,-1.031691950696862,2.6821911665685327,-4.920570092539818,-4.976963279070834,-2.4976844886323315,1.340775351022902,-0.5388220576035341,4.777611345702846,-0.7904692782309173,1.0140012921094197
44.0,245.0,143.7252960205078,-1.031691533256533,2.6821915735977653,-4.920570194634275,-4.976962585769958,-2.497683898647214,1.3407755204178071,-0.5388225938882325,4.77761095494902,-0.7904692729939997,1.014000701464454
44.0,245.0,143.7252960205078,-1.0316914519372968,2.6821907593958363,-4.920570545394368,-4.976962851994406,-2.497683681874434,1.3407755958861864,-0.5388223647925274,4.7776107771207865,-0.7904692787546663,1.014000228416661
44.0,245.0,143.7252960205078,-1.0316912208771694,2.6821912725243653,-4.920569472298422,-4.976963116375362,-2.497683939674017,1.3407752768208496,-0.5388224426567074,4.777610756873939,-0.7904691557594061,1.01400084423957
44.0,245.0,143.72531127929688,-1.031690955515019,2.682191785535494,-4.920569830817617,-4.976963331651461,-2.497682655041912,1.3407752636030352,-0.538822922313348,4.777610541251162,-0.790468667136536,1.014000370879085
44.0,245.0,143.7252960205078,-1.031691226010336,2.6821915553158355,-4.920570030402106,-4.976962576804143,-2.4976826745853846,1.3407756512649938,-0.5388231360084248,4.777610600817429,-0.7904690671590417,1.013999847458508
44.0,245.0,143.72531127929688,-1.0316902433023434,2.682191666928798,-4.9205702201043255,-4.976962475888958,-2.49768217537404,1.3407757495611872,-0.538823706034198,4.7776101791529975,-0.79046896868992,1.0139992486796157
44.0,245.0,143.7252960205078,-1.0316906891958766,2.68219147469002,-4.920570117085319,-4.976962594967271,-2.4976829383841235,1.340775735259184,-0.5388233299191727,4.777610579470785,-0.7904691717593266,1.0139997333792303
44.0,245.0,143.7252960205078,-1.0316914821699452,2.6821912431408803,-4.920570336214334,-4.976962590050475,-2.497683568565169,1.3407756904572068,-0.5388227312083282,4.777611181905092,-0.7904694162573502,1.014000221533986
44.0,245.0,143.7252960205078,-1.0316909584643517,2.6821906627834045,-4.920569915711287,-4.976963512247674,-2.4976841394379807,1.3407751984005092,-0.5388227733465811,4.77761142874577,-0.7904692141989509,1.0140006545193128
44.0,245.0,143.7252960205078,-1.03169142958301,2.682191004271796,-4.9205693052219885,-4.97696367669675,-2.497683712144597,1.340775090535276,-0.538822364046859,4.777611133035688,-0.7904689702999548,1.0140008077320155
44.0,245.0,143.7252960205078,-1.031691640254004,2.682191926704678,-4.920569683853785,-4.976962554918854,-2.497683529435672,1.340775107031,-0.5388228103490285,4.7776111078985615,-0.79046908821865,1.0140006886128443
44.0,245.0,143.7252960205078,-1.0316914609897063,2.6821914412357337,-4.920570058932393,-4.976963040886922,-2.497684185494716,1.340775437172125,-0.5388225216045992,4.777611499101802,-0.7904692325574896,1.0140009469377702
44.0,245.0,143.7252960205078,-1.0316904702153646,2.6821914287294204,-4.920570201980144,-4.976962380626331,-2.497682708512403,1.3407757321403038,-0.5388234579011186,4.777610642297649,-0.7904692141708578,1.0139996952466293
44.0,245.0,143.7252960205078,-1.031690719090927,2.682191742245691,-4.920569878556556,-4.976962308201744,-2.497683085736269,1.3407755705211528,-0.5388233714040851,4.777610722883187,-0.790469167138018,1.0139999617801996
44.0,245.0,143.7252960205078,-1.031690814863095,2.6821908114683595,-4.920570346464027,-4.976963163620345,-2.4976835807269246,1.3407754209787033,-0.5388228462737388,4.777610686929606,-0.7904691790137637,1.0140001421211575
44.0,245.0,143.7252960205078,-1.0316914259846852,2.6821912852086207,-4.920570054996845,-4.976963457633112,-2.4976832608686217,1.3407754557399247,-0.5388225472923303,4.777610896462958,-0.7904690113327248,1.0140005069763325
44.0,245.0,143.7252960205078,-1.0316921648133115,2.6821918506268725,-4.920570108292457,-4.976962170891197,-2.4976842568485584,1.3407754078724654,-0.5388223777468681,4.777611180369714,-0.7904694682703086,1.014000922589422
44.0,245.0,143.7252960205078,-1.0316909269313372,2.682190705518658,-4.920569934073503,-4.976963070824039,-2.49768331415816,1.340775375522389,-0.5388230232604005,4.777610697293802,-0.7904691076651469,1.0139999664020136
44.0,246.0,143.7252960205078,-1.0316918090539682,2.6821914815386494,-4.9205705090448,-4.976962509205115,-2.497683790784471,1.3407756352993152,-0.5388225120524259,4.777610682436267,-0.7904694080418464,1.014000466299409
44.0,246.0,143.7252960205078,-1.0316911816315928,2.682191404397142,-4.920570535207701,-4.976962232063634,-2.4976837105080394,1.3407758299195036,-0.5388229462586791,4.777610913717062,-0.7904695594838476,1.014000067359876
44.0,246.0,143.7252960205078,-1.031691589310712,2.682191006059858,-4.920570563884254,-4.976963120567333,-2.4976839976648386,1.3407752498662209,-0.538822438229225,4.777611087380457,-0.7904692872412404,1.0140006173100948
44.0,246.0,143.7252960205078,-1.0316910273098472,2.682191315846972,-4.920570258832953,-4.976963048971231,-2.497683308116905,1.340775494695868,-0.5388228991519064,4.777610571442629,-0.7904691611097983,1.0140001812874209
44.0,246.0,143.7252960205078,-1.0316907937775293,2.6821910352958422,-4.920569667629749,-4.97696276399591,-2.497683331028912,1.340775541000447,-0.5388228618183541,4.777610826322846,-0.7904691062308391,1.0140001636132905
44.0,246.0,143.72531127929688,-1.031690876640571,2.6821914250772263,-4.920570363131797,-4.976962549534892,-2.497682472861371,1.3407757324626903,-0.5388232167309344,4.777610474459863,-0.790469077674973,1.0139996766624568
44.0,246.0,143.7252960205078,-1.0316910185761174,2.68219145306555,-4.9205693962074735,-4.976963030191468,-2.4976836650636387,1.34077543807913,-0.5388228455741242,4.777610723959043,-0.7904690200694056,1.014000478552698
44.0,246.0,143.7252960205078,-1.0316913199496716,2.682191074095289,-4.920569651073673,-4.976963461728665,-2.497684150044396,1.3407753298365677,-0.5388223647352444,4.777611147302528,-0.7904689793288693,1.0140007931280737
44.0,246.0,143.7252960205078,-1.0316912214315122,2.6821916667429164,-4.920570253911556,-4.976962616647692,-2.497683330141118,1.340775293081416,-0.5388229558420115,4.777610591916183,-0.7904691107102533,1.0140003019094497
44.0,246.0,143.7252960205078,-1.0316911299462097,2.682191911492681,-4.920570302987579,-4.976962504857432,-2.4976828871756345,1.3407758175458024,-0.5388229877046395,4.777610572047209,-0.7904691344252486,1.014000048020539
44.0,246.0,143.72531127929688,-1.031690893069995,2.6821916333968074,-4.920569987847747,-4.976962202895207,-2.497682924725132,1.3407756812575178,-0.5388231966066002,4.77761045841687,-0.7904691850227499,1.0139997835329462
44.0,246.0,143.7252960205078,-1.0316909600946618,2.6821911745055607,-4.92057007161271,-4.976963390741074,-2.497683848780707,1.340775495184353,-0.5388228358208487,4.777610977158654,-0.7904691141104534,1.0140004907674882
44.0,246.0,143.7252960205078,-1.0316913568368808,2.682191058468886,-4.920569843116541,-4.976963301634426,-2.497683452542958,1.3407749057407037,-0.5388225174687564,4.777610906563602,-0.7904690850623517,1.0140006567438684
44.0,246.0,143.7252960205078,-1.0316910835839672,2.6821909679482028,-4.920570245644662,-4.976963122569736,-2.497683615151608,1.3407754467525548,-0.5388227615898753,4.777611174815871,-0.7904693235018039,1.014000261381403
44.0,246.0,143.7252960205078,-1.0316915660569723,2.682191045510532,-4.920569528481698,-4.976963660172476,-2.497684375368128,1.3407750971729318,-0.5388224317126342,4.777611131784262,-0.7904690069881042,1.0140008647517629
44.0,246.0,143.7252960205078,-1.0316911678293472,2.6821914534058813,-4.920570337357752,-4.976962425881206,-2.4976833107086254,1.3407757154680846,-0.53882289734966,4.777610628042865,-0.7904692758562435,1.0140000990068732
44.0,246.0,143.7252960205078,-1.031691227298504,2.6821920089536624,-4.9205703318186655,-4.976961818510871,-2.497683543251028,1.3407756197008585,-0.5388233926674424,4.777610721466489,-0.7904694235952467,1.014000042669288
44.0,246.0,143.7252960205078,-1.0316912220927543,2.6821914896662005,-4.920569976759285,-4.976962606485906,-2.497683985913448,1.3407754240837022,-0.5388228822651282,4.777611357721073,-0.7904693693155203,1.0140005658113491
44.0,246.0,143.72531127929688,-1.0316904975923222,2.6821910866831464,-4.920569599812396,-4.976963292795928,-2.4976830133718444,1.3407752714882912,-0.5388231372983521,4.777610816681618,-0.7904690032055655,1.0140000571835328
44.0,246.0,143.7252960205078,-1.0316904898698391,2.6821906606098374,-4.920569178361495,-4.976964245093932,-2.497683519548102,1.340775095655462,-0.5388226481076881,4.77761099131723,-0.790468829445417,1.014000492534162
44.0,246.0,143.7252960205078,-1.031690834108272,2.6821910396301663,-4.920570172065436,-4.976963250512115,-2.4976831171178526,1.3407754632296616,-0.5388229307167283,4.777610573381949,-0.7904690873099547,1.0140000958482809
44.0,246.0,143.7252960205078,-1.031691381384621,2.6821913393464385,-4.920569381408203,-4.976963270381432,-2.497683924294289,1.3407751802109082,-0.5388226210274478,4.777611215712534,-0.7904690158949546,1.0140008118083053
44.0,246.0,143.72531127929688,-1.0316907089286218,2.682191910545134,-4.920570163677582,-4.976962444794597,-2.497682739746727,1.340775764634312,-0.538823438075994,4.777610409643369,-0.7904691678640798,1.0139998394568517
44.0,246.0,143.7252960205078,-1.031691373056121,2.6821907311542725,-4.920570390446678,-4.9769633434599205,-2.4976838607679666,1.340775530691225,-0.5388225303703713,4.777610908075538,-0.7904692795272501,1.0140004068489166
44.0,246.0,143.7252960205078,-1.0316915089210754,2.682191585554184,-4.920569474937659,-4.976963446339423,-2.497683570522576,1.3407750233679758,-0.5388225928905932,4.7776110115991415,-0.7904688949066454,1.0140007648980711
44.0,246.0,143.72531127929688,-1.0316913525438007,2.6821915765204825,-4.920569776408965,-4.9769629778186815,-2.4976832502871185,1.340775483196558,-0.5388227467587869,4.777610486398082,-0.7904689534097766,1.0140004124691728
44.0,246.0,143.7252960205078,-1.031690381292642,2.682191519048299,-4.920570179411394,-4.976962916240299,-2.497682543610684,1.340775564556366,-0.5388234728270209,4.777610480240645,-0.790469046606729,1.0139997308290614
44.0,246.0,143.7252960205078,-1.0316915450335058,2.68219165162183,-4.92057050343503,-4.9769631710495625,-2.497683200381251,1.3407753971381542,-0.5388225139912608,4.777610599850714,-0.7904688853519124,1.0140006401332062
44.0,246.0,143.72531127929688,-1.0316905887804857,2.6821914262373925,-4.920569686811891,-4.976963407648607,-2.4976829246545416,1.3407754089863202,-0.5388230780582548,4.77761082317477,-0.7904688766671972,1.0140002431266542
44.0,246.0,143.7252960205078,-1.0316915670577105,2.682191183664216,-4.920569513796538,-4.976963304815523,-2.49768418038914,1.340775170119862,-0.5388224625018463,4.777611088865669,-0.7904689872679853,1.0140009140485056
44.0,246.0,143.7252960205078,-1.0316916335445607,2.6821914147274404,-4.9205697089886105,-4.976963286888132,-2.4976840947398324,1.340775355428292,-0.5388224433754214,4.7776112974715375,-0.7904690410379906,1.0140008669222231
44.0,246.0,143.72531127929688,-1.031691950696862,2.6821911665685327,-4.920570092539818,-4.976963279070834,-2.4976844886323315,1.340775351022902,-0.5388220576035341,4.777611345702846,-0.7904692782309173,1.0140012921094197
44.0,246.0,143.7252960205078,-1.031691533256533,2.6821915735977653,-4.920570194634275,-4.976962585769958,-2.497683898647214,1.3407755204178071,-0.5388225938882325,4.77761095494902,-0.7904692729939997,1.014000701464454
44.0,246.0,143.7252960205078,-1.0316914519372968,2.6821907593958363,-4.920570545394368,-4.976962851994406,-2.497683681874434,1.3407755958861864,-0.5388223647925274,4.7776107771207865,-0.7904692787546663,1.014000228416661
44.0,246.0,143.7252960205078,-1.0316912208771694,2.6821912725243653,-4.920569472298422,-4.976963116375362,-2.497683939674017,1.3407752768208496,-0.5388224426567074,4.777610756873939,-0.7904691557594061,1.01400084423957
44.0,246.0,143.72531127929688,-1.031690955515019,2.682191785535494,-4.920569830817617,-4.976963331651461,-2.497682655041912,1.3407752636030352,-0.538822922313348,4.777610541251162,-0.790468667136536,1.014000370879085
44.0,246.0,143.7252960205078,-1.031691226010336,2.6821915553158355,-4.920570030402106,-4.976962576804143,-2.4976826745853846,1.3407756512649938,-0.5388231360084248,4.777610600817429,-0.7904690671590417,1.013999847458508
44.0,246.0,143.72531127929688,-1.0316902433023434,2.682191666928798,-4.9205702201043255,-4.976962475888958,-2.49768217537404,1.3407757495611872,-0.538823706034198,4.7776101791529975,-0.79046896868992,1.0139992486796157
44.0,246.0,143.7252960205078,-1.0316906891958766,2.68219147469002,-4.920570117085319,-4.976962594967271,-2.4976829383841235,1.340775735259184,-0.5388233299191727,4.777610579470785,-0.7904691717593266,1.0139997333792303
44.0,246.0,143.7252960205078,-1.0316914821699452,2.6821912431408803,-4.920570336214334,-4.976962590050475,-2.497683568565169,1.3407756904572068,-0.5388227312083282,4.777611181905092,-0.7904694162573502,1.014000221533986
44.0,246.0,143.7252960205078,-1.0316909584643517,2.6821906627834045,-4.920569915711287,-4.976963512247674,-2.4976841394379807,1.3407751984005092,-0.5388227733465811,4.77761142874577,-0.7904692141989509,1.0140006545193128
44.0,246.0,143.7252960205078,-1.03169142958301,2.682191004271796,-4.9205693052219885,-4.97696367669675,-2.497683712144597,1.340775090535276,-0.538822364046859,4.777611133035688,-0.7904689702999548,1.0140008077320155
44.0,246.0,143.7252960205078,-1.031691640254004,2.682191926704678,-4.920569683853785,-4.976962554918854,-2.497683529435672,1.340775107031,-0.5388228103490285,4.7776111078985615,-0.79046908821865,1.0140006886128443
44.0,246.0,143.7252960205078,-1.0316914609897063,2.6821914412357337,-4.920570058932393,-4.976963040886922,-2.497684185494716,1.340775437172125,-0.5388225216045992,4.777611499101802,-0.7904692325574896,1.0140009469377702
44.0,246.0,143.7252960205078,-1.0316904702153646,2.6821914287294204,-4.920570201980144,-4.976962380626331,-2.497682708512403,1.3407757321403038,-0.5388234579011186,4.777610642297649,-0.7904692141708578,1.0139996952466293
44.0,246.0,143.7252960205078,-1.031690719090927,2.682191742245691,-4.920569878556556,-4.976962308201744,-2.497683085736269,1.3407755705211528,-0.5388233714040851,4.777610722883187,-0.790469167138018,1.0139999617801996
44.0,246.0,143.7252960205078,-1.031690814863095,2.6821908114683595,-4.920570346464027,-4.976963163620345,-2.4976835807269246,1.3407754209787033,-0.5388228462737388,4.777610686929606,-0.7904691790137637,1.0140001421211575
44.0,246.0,143.7252960205078,-1.0316914259846852,2.6821912852086207,-4.920570054996845,-4.976963457633112,-2.4976832608686217,1.3407754557399247,-0.5388225472923303,4.777610896462958,-0.7904690113327248,1.0140005069763325
44.0,246.0,143.7252960205078,-1.0316921648133115,2.6821918506268725,-4.920570108292457,-4.976962170891197,-2.4976842568485584,1.3407754078724654,-0.5388223777468681,4.777611180369714,-0.7904694682703086,1.014000922589422
44.0,246.0,143.7252960205078,-1.0316909269313372,2.682190705518658,-4.920569934073503,-4.976963070824039,-2.49768331415816,1.340775375522389,-0.5388230232604005,4.777610697293802,-0.7904691076651469,1.0139999664020136
44.0,247.0,143.7252960205078,-1.0316918090539682,2.6821914815386494,-4.9205705090448,-4.976962509205115,-2.497683790784471,1.3407756352993152,-0.5388225120524259,4.777610682436267,-0.7904694080418464,1.014000466299409
44.0,247.0,143.7252960205078,-1.0316911816315928,2.682191404397142,-4.920570535207701,-4.976962232063634,-2.4976837105080394,1.3407758299195036,-0.5388229462586791,4.777610913717062,-0.7904695594838476,1.014000067359876
44.0,247.0,143.7252960205078,-1.031691589310712,2.682191006059858,-4.920570563884254,-4.976963120567333,-2.4976839976648386,1.3407752498662209,-0.538822438229225,4.777611087380457,-0.7904692872412404,1.0140006173100948
44.0,247.0,143.7252960205078,-1.0316910273098472,2.682191315846972,-4.920570258832953,-4.976963048971231,-2.497683308116905,1.340775494695868,-0.5388228991519064,4.777610571442629,-0.7904691611097983,1.0140001812874209
44.0,247.0,143.7252960205078,-1.0316907937775293,2.6821910352958422,-4.920569667629749,-4.97696276399591,-2.497683331028912,1.340775541000447,-0.5388228618183541,4.777610826322846,-0.7904691062308391,1.0140001636132905
44.0,247.0,143.72531127929688,-1.031690876640571,2.6821914250772263,-4.920570363131797,-4.976962549534892,-2.497682472861371,1.3407757324626903,-0.5388232167309344,4.777610474459863,-0.790469077674973,1.0139996766624568
44.0,247.0,143.7252960205078,-1.0316910185761174,2.68219145306555,-4.9205693962074735,-4.976963030191468,-2.4976836650636387,1.34077543807913,-0.5388228455741242,4.777610723959043,-0.7904690200694056,1.014000478552698
44.0,247.0,143.7252960205078,-1.0316913199496716,2.682191074095289,-4.920569651073673,-4.976963461728665,-2.497684150044396,1.3407753298365677,-0.5388223647352444,4.777611147302528,-0.7904689793288693,1.0140007931280737
44.0,247.0,143.7252960205078,-1.0316912214315122,2.6821916667429164,-4.920570253911556,-4.976962616647692,-2.497683330141118,1.340775293081416,-0.5388229558420115,4.777610591916183,-0.7904691107102533,1.0140003019094497
44.0,247.0,143.7252960205078,-1.0316911299462097,2.682191911492681,-4.920570302987579,-4.976962504857432,-2.4976828871756345,1.3407758175458024,-0.5388229877046395,4.777610572047209,-0.7904691344252486,1.014000048020539
44.0,247.0,143.72531127929688,-1.031690893069995,2.6821916333968074,-4.920569987847747,-4.976962202895207,-2.497682924725132,1.3407756812575178,-0.5388231966066002,4.77761045841687,-0.7904691850227499,1.0139997835329462
44.0,247.0,143.7252960205078,-1.0316909600946618,2.6821911745055607,-4.92057007161271,-4.976963390741074,-2.497683848780707,1.340775495184353,-0.5388228358208487,4.777610977158654,-0.7904691141104534,1.0140004907674882
44.0,247.0,143.7252960205078,-1.0316913568368808,2.682191058468886,-4.920569843116541,-4.976963301634426,-2.497683452542958,1.3407749057407037,-0.5388225174687564,4.777610906563602,-0.7904690850623517,1.0140006567438684
44.0,247.0,143.7252960205078,-1.0316910835839672,2.6821909679482028,-4.920570245644662,-4.976963122569736,-2.497683615151608,1.3407754467525548,-0.5388227615898753,4.777611174815871,-0.7904693235018039,1.014000261381403
44.0,247.0,143.7252960205078,-1.0316915660569723,2.682191045510532,-4.920569528481698,-4.976963660172476,-2.497684375368128,1.3407750971729318,-0.5388224317126342,4.777611131784262,-0.7904690069881042,1.0140008647517629
44.0,247.0,143.7252960205078,-1.0316911678293472,2.6821914534058813,-4.920570337357752,-4.976962425881206,-2.4976833107086254,1.3407757154680846,-0.53882289734966,4.777610628042865,-0.7904692758562435,1.0140000990068732
44.0,247.0,143.7252960205078,-1.031691227298504,2.6821920089536624,-4.9205703318186655,-4.976961818510871,-2.497683543251028,1.3407756197008585,-0.5388233926674424,4.777610721466489,-0.7904694235952467,1.014000042669288
44.0,247.0,143.7252960205078,-1.0316912220927543,2.6821914896662005,-4.920569976759285,-4.976962606485906,-2.497683985913448,1.3407754240837022,-0.5388228822651282,4.777611357721073,-0.7904693693155203,1.0140005658113491
44.0,247.0,143.72531127929688,-1.0316904975923222,2.6821910866831464,-4.920569599812396,-4.976963292795928,-2.4976830133718444,1.3407752714882912,-0.5388231372983521,4.777610816681618,-0.7904690032055655,1.0140000571835328
44.0,247.0,143.7252960205078,-1.0316904898698391,2.6821906606098374,-4.920569178361495,-4.976964245093932,-2.497683519548102,1.340775095655462,-0.5388226481076881,4.77761099131723,-0.790468829445417,1.014000492534162
44.0,247.0,143.7252960205078,-1.031690834108272,2.6821910396301663,-4.920570172065436,-4.976963250512115,-2.4976831171178526,1.3407754632296616,-0.5388229307167283,4.777610573381949,-0.7904690873099547,1.0140000958482809
44.0,247.0,143.7252960205078,-1.031691381384621,2.6821913393464385,-4.920569381408203,-4.976963270381432,-2.497683924294289,1.3407751802109082,-0.5388226210274478,4.777611215712534,-0.7904690158949546,1.0140008118083053
44.0,247.0,143.72531127929688,-1.0316907089286218,2.682191910545134,-4.920570163677582,-4.976962444794597,-2.497682739746727,1.340775764634312,-0.538823438075994,4.777610409643369,-0.7904691678640798,1.0139998394568517
44.0,247.0,143.7252960205078,-1.031691373056121,2.6821907311542725,-4.920570390446678,-4.9769633434599205,-2.4976838607679666,1.340775530691225,-0.5388225303703713,4.777610908075538,-0.7904692795272501,1.0140004068489166
44.0,247.0,143.7252960205078,-1.0316915089210754,2.682191585554184,-4.920569474937659,-4.976963446339423,-2.497683570522576,1.3407750233679758,-0.5388225928905932,4.7776110115991415,-0.7904688949066454,1.0140007648980711
44.0,247.0,143.72531127929688,-1.0316913525438007,2.6821915765204825,-4.920569776408965,-4.9769629778186815,-2.4976832502871185,1.340775483196558,-0.5388227467587869,4.777610486398082,-0.7904689534097766,1.0140004124691728
44.0,247.0,143.7252960205078,-1.031690381292642,2.682191519048299,-4.920570179411394,-4.976962916240299,-2.497682543610684,1.340775564556366,-0.5388234728270209,4.777610480240645,-0.790469046606729,1.0139997308290614
44.0,247.0,143.7252960205078,-1.0316915450335058,2.68219165162183,-4.92057050343503,-4.9769631710495625,-2.497683200381251,1.3407753971381542,-0.5388225139912608,4.777610599850714,-0.7904688853519124,1.0140006401332062
44.0,247.0,143.72531127929688,-1.0316905887804857,2.6821914262373925,-4.920569686811891,-4.976963407648607,-2.4976829246545416,1.3407754089863202,-0.5388230780582548,4.77761082317477,-0.7904688766671972,1.0140002431266542
44.0,247.0,143.7252960205078,-1.0316915670577105,2.682191183664216,-4.920569513796538,-4.976963304815523,-2.49768418038914,1.340775170119862,-0.5388224625018463,4.777611088865669,-0.7904689872679853,1.0140009140485056
44.0,247.0,143.7252960205078,-1.0316916335445607,2.6821914147274404,-4.9205697089886105,-4.976963286888132,-2.4976840947398324,1.340775355428292,-0.5388224433754214,4.7776112974715375,-0.7904690410379906,1.0140008669222231
44.0,247.0,143.72531127929688,-1.031691950696862,2.6821911665685327,-4.920570092539818,-4.976963279070834,-2.4976844886323315,1.340775351022902,-0.5388220576035341,4.777611345702846,-0.7904692782309173,1.0140012921094197
44.0,247.0,143.7252960205078,-1.031691533256533,2.6821915735977653,-4.920570194634275,-4.976962585769958,-2.497683898647214,1.3407755204178071,-0.5388225938882325,4.77761095494902,-0.7904692729939997,1.014000701464454
44.0,247.0,143.7252960205078,-1.0316914519372968,2.6821907593958363,-4.920570545394368,-4.976962851994406,-2.497683681874434,1.3407755958861864,-0.5388223647925274,4.7776107771207865,-0.7904692787546663,1.014000228416661
44.0,247.0,143.7252960205078,-1.0316912208771694,2.6821912725243653,-4.920569472298422,-4.976963116375362,-2.497683939674017,1.3407752768208496,-0.5388224426567074,4.777610756873939,-0.7904691557594061,1.01400084423957
44.0,247.0,143.72531127929688,-1.031690955515019,2.682191785535494,-4.920569830817617,-4.976963331651461,-2.497682655041912,1.3407752636030352,-0.538822922313348,4.777610541251162,-0.790468667136536,1.014000370879085
44.0,247.0,143.7252960205078,-1.031691226010336,2.6821915553158355,-4.920570030402106,-4.976962576804143,-2.4976826745853846,1.3407756512649938,-0.5388231360084248,4.777610600817429,-0.7904690671590417,1.013999847458508
44.0,247.0,143.72531127929688,-1.0316902433023434,2.682191666928798,-4.9205702201043255,-4.976962475888958,-2.49768217537404,1.3407757495611872,-0.538823706034198,4.7776101791529975,-0.79046896868992,1.0139992486796157
44.0,247.0,143.7252960205078,-1.0316906891958766,2.68219147469002,-4.920570117085319,-4.976962594967271,-2.4976829383841235,1.340775735259184,-0.5388233299191727,4.777610579470785,-0.7904691717593266,1.0139997333792303
44.0,247.0,143.7252960205078,-1.0316914821699452,2.6821912431408803,-4.920570336214334,-4.976962590050475,-2.497683568565169,1.3407756904572068,-0.5388227312083282,4.777611181905092,-0.7904694162573502,1.014000221533986
44.0,247.0,143.7252960205078,-1.0316909584643517,2.6821906627834045,-4.920569915711287,-4.976963512247674,-2.4976841394379807,1.3407751984005092,-0.5388227733465811,4.77761142874577,-0.7904692141989509,1.0140006545193128
44.0,247.0,143.7252960205078,-1.03169142958301,2.682191004271796,-4.9205693052219885,-4.97696367669675,-2.497683712144597,1.340775090535276,-0.538822364046859,4.777611133035688,-0.7904689702999548,1.0140008077320155
44.0,247.0,143.7252960205078,-1.031691640254004,2.682191926704678,-4.920569683853785,-4.976962554918854,-2.497683529435672,1.340775107031,-0.5388228103490285,4.7776111078985615,-0.79046908821865,1.0140006886128443
44.0,247.0,143.7252960205078,-1.0316914609897063,2.6821914412357337,-4.920570058932393,-4.976963040886922,-2.497684185494716,1.340775437172125,-0.5388225216045992,4.777611499101802,-0.7904692325574896,1.0140009469377702
44.0,247.0,143.7252960205078,-1.0316904702153646,2.6821914287294204,-4.920570201980144,-4.976962380626331,-2.497682708512403,1.3407757321403038,-0.5388234579011186,4.777610642297649,-0.7904692141708578,1.0139996952466293
44.0,247.0,143.7252960205078,-1.031690719090927,2.682191742245691,-4.920569878556556,-4.976962308201744,-2.497683085736269,1.3407755705211528,-0.5388233714040851,4.777610722883187,-0.790469167138018,1.0139999617801996
44.0,247.0,143.7252960205078,-1.031690814863095,2.6821908114683595,-4.920570346464027,-4.976963163620345,-2.4976835807269246,1.3407754209787033,-0.5388228462737388,4.777610686929606,-0.7904691790137637,1.0140001421211575
44.0,247.0,143.7252960205078,-1.0316914259846852,2.6821912852086207,-4.920570054996845,-4.976963457633112,-2.4976832608686217,1.3407754557399247,-0.5388225472923303,4.777610896462958,-0.7904690113327248,1.0140005069763325
44.0,247.0,143.7252960205078,-1.0316921648133115,2.6821918506268725,-4.920570108292457,-4.976962170891197,-2.4976842568485584,1.3407754078724654,-0.5388223777468681,4.777611180369714,-0.7904694682703086,1.014000922589422
44.0,247.0,143.7252960205078,-1.0316909269313372,2.682190705518658,-4.920569934073503,-4.976963070824039,-2.49768331415816,1.340775375522389,-0.5388230232604005,4.777610697293802,-0.7904691076651469,1.0139999664020136
44.0,248.0,143.7252960205078,-1.0316918090539682,2.6821914815386494,-4.9205705090448,-4.976962509205115,-2.497683790784471,1.3407756352993152,-0.5388225120524259,4.777610682436267,-0.7904694080418464,1.014000466299409
44.0,248.0,143.7252960205078,-1.0316911816315928,2.682191404397142,-4.920570535207701,-4.976962232063634,-2.4976837105080394,1.3407758299195036,-0.5388229462586791,4.777610913717062,-0.7904695594838476,1.014000067359876
44.0,248.0,143.7252960205078,-1.031691589310712,2.682191006059858,-4.920570563884254,-4.976963120567333,-2.4976839976648386,1.3407752498662209,-0.538822438229225,4.777611087380457,-0.7904692872412404,1.0140006173100948
44.0,248.0,143.7252960205078,-1.0316910273098472,2.682191315846972,-4.920570258832953,-4.976963048971231,-2.497683308116905,1.340775494695868,-0.5388228991519064,4.777610571442629,-0.7904691611097983,1.0140001812874209
44.0,248.0,143.7252960205078,-1.0316907937775293,2.6821910352958422,-4.920569667629749,-4.97696276399591,-2.497683331028912,1.340775541000447,-0.5388228618183541,4.777610826322846,-0.7904691062308391,1.0140001636132905
44.0,248.0,143.72531127929688,-1.031690876640571,2.6821914250772263,-4.920570363131797,-4.976962549534892,-2.497682472861371,1.3407757324626903,-0.5388232167309344,4.777610474459863,-0.790469077674973,1.0139996766624568
44.0,248.0,143.7252960205078,-1.0316910185761174,2.68219145306555,-4.9205693962074735,-4.976963030191468,-2.4976836650636387,1.34077543807913,-0.5388228455741242,4.777610723959043,-0.7904690200694056,1.014000478552698
44.0,248.0,143.7252960205078,-1.0316913199496716,2.682191074095289,-4.920569651073673,-4.976963461728665,-2.497684150044396,1.3407753298365677,-0.5388223647352444,4.777611147302528,-0.7904689793288693,1.0140007931280737
44.0,248.0,143.7252960205078,-1.0316912214315122,2.6821916667429164,-4.920570253911556,-4.976962616647692,-2.497683330141118,1.340775293081416,-0.5388229558420115,4.777610591916183,-0.7904691107102533,1.0140003019094497
44.0,248.0,143.7252960205078,-1.0316911299462097,2.682191911492681,-4.920570302987579,-4.976962504857432,-2.4976828871756345,1.3407758175458024,-0.5388229877046395,4.777610572047209,-0.7904691344252486,1.014000048020539
44.0,248.0,143.72531127929688,-1.031690893069995,2.6821916333968074,-4.920569987847747,-4.976962202895207,-2.497682924725132,1.3407756812575178,-0.5388231966066002,4.77761045841687,-0.7904691850227499,1.0139997835329462
44.0,248.0,143.7252960205078,-1.0316909600946618,2.6821911745055607,-4.92057007161271,-4.976963390741074,-2.497683848780707,1.340775495184353,-0.5388228358208487,4.777610977158654,-0.7904691141104534,1.0140004907674882
44.0,248.0,143.7252960205078,-1.0316913568368808,2.682191058468886,-4.920569843116541,-4.976963301634426,-2.497683452542958,1.3407749057407037,-0.5388225174687564,4.777610906563602,-0.7904690850623517,1.0140006567438684
44.0,248.0,143.7252960205078,-1.0316910835839672,2.6821909679482028,-4.920570245644662,-4.976963122569736,-2.497683615151608,1.3407754467525548,-0.5388227615898753,4.777611174815871,-0.7904693235018039,1.014000261381403
44.0,248.0,143.7252960205078,-1.0316915660569723,2.682191045510532,-4.920569528481698,-4.976963660172476,-2.497684375368128,1.3407750971729318,-0.5388224317126342,4.777611131784262,-0.7904690069881042,1.0140008647517629
44.0,248.0,143.7252960205078,-1.0316911678293472,2.6821914534058813,-4.920570337357752,-4.976962425881206,-2.4976833107086254,1.3407757154680846,-0.53882289734966,4.777610628042865,-0.7904692758562435,1.0140000990068732
44.0,248.0,143.7252960205078,-1.031691227298504,2.6821920089536624,-4.9205703318186655,-4.976961818510871,-2.497683543251028,1.3407756197008585,-0.5388233926674424,4.777610721466489,-0.7904694235952467,1.014000042669288
44.0,248.0,143.7252960205078,-1.0316912220927543,2.6821914896662005,-4.920569976759285,-4.976962606485906,-2.497683985913448,1.3407754240837022,-0.5388228822651282,4.777611357721073,-0.7904693693155203,1.0140005658113491
44.0,248.0,143.72531127929688,-1.0316904975923222,2.6821910866831464,-4.920569599812396,-4.976963292795928,-2.4976830133718444,1.3407752714882912,-0.5388231372983521,4.777610816681618,-0.7904690032055655,1.0140000571835328
44.0,248.0,143.7252960205078,-1.0316904898698391,2.6821906606098374,-4.920569178361495,-4.976964245093932,-2.497683519548102,1.340775095655462,-0.5388226481076881,4.77761099131723,-0.790468829445417,1.014000492534162
44.0,248.0,143.7252960205078,-1.031690834108272,2.6821910396301663,-4.920570172065436,-4.976963250512115,-2.4976831171178526,1.3407754632296616,-0.5388229307167283,4.777610573381949,-0.7904690873099547,1.0140000958482809
44.0,248.0,143.7252960205078,-1.031691381384621,2.6821913393464385,-4.920569381408203,-4.976963270381432,-2.497683924294289,1.3407751802109082,-0.5388226210274478,4.777611215712534,-0.7904690158949546,1.0140008118083053
44.0,248.0,143.72531127929688,-1.0316907089286218,2.682191910545134,-4.920570163677582,-4.976962444794597,-2.497682739746727,1.340775764634312,-0.538823438075994,4.777610409643369,-0.7904691678640798,1.0139998394568517
44.0,248.0,143.7252960205078,-1.031691373056121,2.6821907311542725,-4.920570390446678,-4.9769633434599205,-2.4976838607679666,1.340775530691225,-0.5388225303703713,4.777610908075538,-0.7904692795272501,1.0140004068489166
44.0,248.0,143.7252960205078,-1.0316915089210754,2.682191585554184,-4.920569474937659,-4.976963446339423,-2.497683570522576,1.3407750233679758,-0.5388225928905932,4.7776110115991415,-0.7904688949066454,1.0140007648980711
44.0,248.0,143.72531127929688,-1.0316913525438007,2.6821915765204825,-4.920569776408965,-4.9769629778186815,-2.4976832502871185,1.340775483196558,-0.5388227467587869,4.777610486398082,-0.7904689534097766,1.0140004124691728
44.0,248.0,143.7252960205078,-1.031690381292642,2.682191519048299,-4.920570179411394,-4.976962916240299,-2.497682543610684,1.340775564556366,-0.5388234728270209,4.777610480240645,-0.790469046606729,1.0139997308290614
44.0,248.0,143.7252960205078,-1.0316915450335058,2.68219165162183,-4.92057050343503,-4.9769631710495625,-2.497683200381251,1.3407753971381542,-0.5388225139912608,4.777610599850714,-0.7904688853519124,1.0140006401332062
44.0,248.0,143.72531127929688,-1.0316905887804857,2.6821914262373925,-4.920569686811891,-4.976963407648607,-2.4976829246545416,1.3407754089863202,-0.5388230780582548,4.77761082317477,-0.7904688766671972,1.0140002431266542
44.0,248.0,143.7252960205078,-1.0316915670577105,2.682191183664216,-4.920569513796538,-4.976963304815523,-2.49768418038914,1.340775170119862,-0.5388224625018463,4.777611088865669,-0.7904689872679853,1.0140009140485056
44.0,248.0,143.7252960205078,-1.0316916335445607,2.6821914147274404,-4.9205697089886105,-4.976963286888132,-2.4976840947398324,1.340775355428292,-0.5388224433754214,4.7776112974715375,-0.7904690410379906,1.0140008669222231
44.0,248.0,143.72531127929688,-1.031691950696862,2.6821911665685327,-4.920570092539818,-4.976963279070834,-2.4976844886323315,1.340775351022902,-0.5388220576035341,4.777611345702846,-0.7904692782309173,1.0140012921094197
44.0,248.0,143.7252960205078,-1.031691533256533,2.6821915735977653,-4.920570194634275,-4.976962585769958,-2.497683898647214,1.3407755204178071,-0.5388225938882325,4.77761095494902,-0.7904692729939997,1.014000701464454
44.0,248.0,143.7252960205078,-1.0316914519372968,2.6821907593958363,-4.920570545394368,-4.976962851994406,-2.497683681874434,1.3407755958861864,-0.5388223647925274,4.7776107771207865,-0.7904692787546663,1.014000228416661
44.0,248.0,143.7252960205078,-1.0316912208771694,2.6821912725243653,-4.920569472298422,-4.976963116375362,-2.497683939674017,1.3407752768208496,-0.5388224426567074,4.777610756873939,-0.7904691557594061,1.01400084423957
44.0,248.0,143.72531127929688,-1.031690955515019,2.682191785535494,-4.920569830817617,-4.976963331651461,-2.497682655041912,1.3407752636030352,-0.538822922313348,4.777610541251162,-0.790468667136536,1.014000370879085
44.0,248.0,143.7252960205078,-1.031691226010336,2.6821915553158355,-4.920570030402106,-4.976962576804143,-2.4976826745853846,1.3407756512649938,-0.5388231360084248,4.777610600817429,-0.7904690671590417,1.013999847458508
44.0,248.0,143.72531127929688,-1.0316902433023434,2.682191666928798,-4.9205702201043255,-4.976962475888958,-2.49768217537404,1.3407757495611872,-0.538823706034198,4.7776101791529975,-0.79046896868992,1.0139992486796157
44.0,248.0,143.7252960205078,-1.0316906891958766,2.68219147469002,-4.920570117085319,-4.976962594967271,-2.4976829383841235,1.340775735259184,-0.5388233299191727,4.777610579470785,-0.7904691717593266,1.0139997333792303
44.0,248.0,143.7252960205078,-1.0316914821699452,2.6821912431408803,-4.920570336214334,-4.976962590050475,-2.497683568565169,1.3407756904572068,-0.5388227312083282,4.777611181905092,-0.7904694162573502,1.014000221533986
44.0,248.0,143.7252960205078,-1.0316909584643517,2.6821906627834045,-4.920569915711287,-4.976963512247674,-2.4976841394379807,1.3407751984005092,-0.5388227733465811,4.77761142874577,-0.7904692141989509,1.0140006545193128
44.0,248.0,143.7252960205078,-1.03169142958301,2.682191004271796,-4.9205693052219885,-4.97696367669675,-2.497683712144597,1.340775090535276,-0.538822364046859,4.777611133035688,-0.7904689702999548,1.0140008077320155
44.0,248.0,143.7252960205078,-1.031691640254004,2.682191926704678,-4.920569683853785,-4.976962554918854,-2.497683529435672,1.340775107031,-0.5388228103490285,4.7776111078985615,-0.79046908821865,1.0140006886128443
44.0,248.0,143.7252960205078,-1.0316914609897063,2.6821914412357337,-4.920570058932393,-4.976963040886922,-2.497684185494716,1.340775437172125,-0.5388225216045992,4.777611499101802,-0.7904692325574896,1.0140009469377702
44.0,248.0,143.7252960205078,-1.0316904702153646,2.6821914287294204,-4.920570201980144,-4.976962380626331,-2.497682708512403,1.3407757321403038,-0.5388234579011186,4.777610642297649,-0.7904692141708578,1.0139996952466293
44.0,248.0,143.7252960205078,-1.031690719090927,2.682191742245691,-4.920569878556556,-4.976962308201744,-2.497683085736269,1.3407755705211528,-0.5388233714040851,4.777610722883187,-0.790469167138018,1.0139999617801996
44.0,248.0,143.7252960205078,-1.031690814863095,2.6821908114683595,-4.920570346464027,-4.976963163620345,-2.4976835807269246,1.3407754209787033,-0.5388228462737388,4.777610686929606,-0.7904691790137637,1.0140001421211575
44.0,248.0,143.7252960205078,-1.0316914259846852,2.6821912852086207,-4.920570054996845,-4.976963457633112,-2.4976832608686217,1.3407754557399247,-0.5388225472923303,4.777610896462958,-0.7904690113327248,1.0140005069763325
44.0,248.0,143.7252960205078,-1.0316921648133115,2.6821918506268725,-4.920570108292457,-4.976962170891197,-2.4976842568485584,1.3407754078724654,-0.5388223777468681,4.777611180369714,-0.7904694682703086,1.014000922589422
44.0,248.0,143.7252960205078,-1.0316909269313372,2.682190705518658,-4.920569934073503,-4.976963070824039,-2.49768331415816,1.340775375522389,-0.5388230232604005,4.777610697293802,-0.7904691076651469,1.0139999664020136
44.0,249.0,143.7252960205078,-1.0316918090539682,2.6821914815386494,-4.9205705090448,-4.976962509205115,-2.497683790784471,1.3407756352993152,-0.5388225120524259,4.777610682436267,-0.7904694080418464,1.014000466299409
44.0,249.0,143.7252960205078,-1.0316911816315928,2.682191404397142,-4.920570535207701,-4.976962232063634,-2.4976837105080394,1.3407758299195036,-0.5388229462586791,4.777610913717062,-0.7904695594838476,1.014000067359876
44.0,249.0,143.7252960205078,-1.031691589310712,2.682191006059858,-4.920570563884254,-4.976963120567333,-2.4976839976648386,1.3407752498662209,-0.538822438229225,4.777611087380457,-0.7904692872412404,1.0140006173100948
44.0,249.0,143.7252960205078,-1.0316910273098472,2.682191315846972,-4.920570258832953,-4.976963048971231,-2.497683308116905,1.340775494695868,-0.5388228991519064,4.777610571442629,-0.7904691611097983,1.0140001812874209
44.0,249.0,143.7252960205078,-1.0316907937775293,2.6821910352958422,-4.920569667629749,-4.97696276399591,-2.497683331028912,1.340775541000447,-0.5388228618183541,4.777610826322846,-0.7904691062308391,1.0140001636132905
44.0,249.0,143.72531127929688,-1.031690876640571,2.6821914250772263,-4.920570363131797,-4.976962549534892,-2.497682472861371,1.3407757324626903,-0.5388232167309344,4.777610474459863,-0.790469077674973,1.0139996766624568
44.0,249.0,143.7252960205078,-1.0316910185761174,2.68219145306555,-4.9205693962074735,-4.976963030191468,-2.4976836650636387,1.34077543807913,-0.5388228455741242,4.777610723959043,-0.7904690200694056,1.014000478552698
44.0,249.0,143.7252960205078,-1.0316913199496716,2.682191074095289,-4.920569651073673,-4.976963461728665,-2.497684150044396,1.3407753298365677,-0.5388223647352444,4.777611147302528,-0.7904689793288693,1.0140007931280737
44.0,249.0,143.7252960205078,-1.0316912214315122,2.6821916667429164,-4.920570253911556,-4.976962616647692,-2.497683330141118,1.340775293081416,-0.5388229558420115,4.777610591916183,-0.7904691107102533,1.0140003019094497
44.0,249.0,143.7252960205078,-1.0316911299462097,2.682191911492681,-4.920570302987579,-4.976962504857432,-2.4976828871756345,1.3407758175458024,-0.5388229877046395,4.777610572047209,-0.7904691344252486,1.014000048020539
44.0,249.0,143.72531127929688,-1.031690893069995,2.6821916333968074,-4.920569987847747,-4.976962202895207,-2.497682924725132,1.3407756812575178,-0.5388231966066002,4.77761045841687,-0.7904691850227499,1.0139997835329462
44.0,249.0,143.7252960205078,-1.0316909600946618,2.6821911745055607,-4.92057007161271,-4.976963390741074,-2.497683848780707,1.340775495184353,-0.5388228358208487,4.777610977158654,-0.7904691141104534,1.0140004907674882
44.0,249.0,143.7252960205078,-1.0316913568368808,2.682191058468886,-4.920569843116541,-4.976963301634426,-2.497683452542958,1.3407749057407037,-0.5388225174687564,4.777610906563602,-0.7904690850623517,1.0140006567438684
44.0,249.0,143.7252960205078,-1.0316910835839672,2.6821909679482028,-4.920570245644662,-4.976963122569736,-2.497683615151608,1.3407754467525548,-0.5388227615898753,4.777611174815871,-0.7904693235018039,1.014000261381403
44.0,249.0,143.7252960205078,-1.0316915660569723,2.682191045510532,-4.920569528481698,-4.976963660172476,-2.497684375368128,1.3407750971729318,-0.5388224317126342,4.777611131784262,-0.7904690069881042,1.0140008647517629
44.0,249.0,143.7252960205078,-1.0316911678293472,2.6821914534058813,-4.920570337357752,-4.976962425881206,-2.4976833107086254,1.3407757154680846,-0.53882289734966,4.777610628042865,-0.7904692758562435,1.0140000990068732
44.0,249.0,143.7252960205078,-1.031691227298504,2.6821920089536624,-4.9205703318186655,-4.976961818510871,-2.497683543251028,1.3407756197008585,-0.5388233926674424,4.777610721466489,-0.7904694235952467,1.014000042669288
44.0,249.0,143.7252960205078,-1.0316912220927543,2.6821914896662005,-4.920569976759285,-4.976962606485906,-2.497683985913448,1.3407754240837022,-0.5388228822651282,4.777611357721073,-0.7904693693155203,1.0140005658113491
44.0,249.0,143.72531127929688,-1.0316904975923222,2.6821910866831464,-4.920569599812396,-4.976963292795928,-2.4976830133718444,1.3407752714882912,-0.5388231372983521,4.777610816681618,-0.7904690032055655,1.0140000571835328
44.0,249.0,143.7252960205078,-1.0316904898698391,2.6821906606098374,-4.920569178361495,-4.976964245093932,-2.497683519548102,1.340775095655462,-0.5388226481076881,4.77761099131723,-0.790468829445417,1.014000492534162
44.0,249.0,143.7252960205078,-1.031690834108272,2.6821910396301663,-4.920570172065436,-4.976963250512115,-2.4976831171178526,1.3407754632296616,-0.5388229307167283,4.777610573381949,-0.7904690873099547,1.0140000958482809
44.0,249.0,143.7252960205078,-1.031691381384621,2.6821913393464385,-4.920569381408203,-4.976963270381432,-2.497683924294289,1.3407751802109082,-0.5388226210274478,4.777611215712534,-0.7904690158949546,1.0140008118083053
44.0,249.0,143.72531127929688,-1.0316907089286218,2.682191910545134,-4.920570163677582,-4.976962444794597,-2.497682739746727,1.340775764634312,-0.538823438075994,4.777610409643369,-0.7904691678640798,1.0139998394568517
44.0,249.0,143.7252960205078,-1.031691373056121,2.6821907311542725,-4.920570390446678,-4.9769633434599205,-2.4976838607679666,1.340775530691225,-0.5388225303703713,4.777610908075538,-0.7904692795272501,1.0140004068489166
44.0,249.0,143.7252960205078,-1.0316915089210754,2.682191585554184,-4.920569474937659,-4.976963446339423,-2.497683570522576,1.3407750233679758,-0.5388225928905932,4.7776110115991415,-0.7904688949066454,1.0140007648980711
44.0,249.0,143.72531127929688,-1.0316913525438007,2.6821915765204825,-4.920569776408965,-4.9769629778186815,-2.4976832502871185,1.340775483196558,-0.5388227467587869,4.777610486398082,-0.7904689534097766,1.0140004124691728
44.0,249.0,143.7252960205078,-1.031690381292642,2.682191519048299,-4.920570179411394,-4.976962916240299,-2.497682543610684,1.340775564556366,-0.5388234728270209,4.777610480240645,-0.790469046606729,1.0139997308290614
44.0,249.0,143.7252960205078,-1.0316915450335058,2.68219165162183,-4.92057050343503,-4.9769631710495625,-2.497683200381251,1.3407753971381542,-0.5388225139912608,4.777610599850714,-0.7904688853519124,1.0140006401332062
44.0,249.0,143.72531127929688,-1.0316905887804857,2.6821914262373925,-4.920569686811891,-4.976963407648607,-2.4976829246545416,1.3407754089863202,-0.5388230780582548,4.77761082317477,-0.7904688766671972,1.0140002431266542
44.0,249.0,143.7252960205078,-1.0316915670577105,2.682191183664216,-4.920569513796538,-4.976963304815523,-2.49768418038914,1.340775170119862,-0.5388224625018463,4.777611088865669,-0.7904689872679853,1.0140009140485056
44.0,249.0,143.7252960205078,-1.0316916335445607,2.6821914147274404,-4.9205697089886105,-4.976963286888132,-2.4976840947398324,1.340775355428292,-0.5388224433754214,4.7776112974715375,-0.7904690410379906,1.0140008669222231
44.0,249.0,143.72531127929688,-1.031691950696862,2.6821911665685327,-4.920570092539818,-4.976963279070834,-2.4976844886323315,1.340775351022902,-0.5388220576035341,4.777611345702846,-0.7904692782309173,1.0140012921094197
44.0,249.0,143.7252960205078,-1.031691533256533,2.6821915735977653,-4.920570194634275,-4.976962585769958,-2.497683898647214,1.3407755204178071,-0.5388225938882325,4.77761095494902,-0.7904692729939997,1.014000701464454
44.0,249.0,143.7252960205078,-1.0316914519372968,2.6821907593958363,-4.920570545394368,-4.976962851994406,-2.497683681874434,1.3407755958861864,-0.5388223647925274,4.7776107771207865,-0.7904692787546663,1.014000228416661
44.0,249.0,143.7252960205078,-1.0316912208771694,2.6821912725243653,-4.920569472298422,-4.976963116375362,-2.497683939674017,1.3407752768208496,-0.5388224426567074,4.777610756873939,-0.7904691557594061,1.01400084423957
44.0,249.0,143.72531127929688,-1.031690955515019,2.682191785535494,-4.920569830817617,-4.976963331651461,-2.497682655041912,1.3407752636030352,-0.538822922313348,4.777610541251162,-0.790468667136536,1.014000370879085
44.0,249.0,143.7252960205078,-1.031691226010336,2.6821915553158355,-4.920570030402106,-4.976962576804143,-2.4976826745853846,1.3407756512649938,-0.5388231360084248,4.777610600817429,-0.7904690671590417,1.013999847458508
44.0,249.0,143.72531127929688,-1.0316902433023434,2.682191666928798,-4.9205702201043255,-4.976962475888958,-2.49768217537404,1.3407757495611872,-0.538823706034198,4.7776101791529975,-0.79046896868992,1.0139992486796157
44.0,249.0,143.7252960205078,-1.0316906891958766,2.68219147469002,-4.920570117085319,-4.976962594967271,-2.4976829383841235,1.340775735259184,-0.5388233299191727,4.777610579470785,-0.7904691717593266,1.0139997333792303
44.0,249.0,143.7252960205078,-1.0316914821699452,2.6821912431408803,-4.920570336214334,-4.976962590050475,-2.497683568565169,1.3407756904572068,-0.5388227312083282,4.777611181905092,-0.7904694162573502,1.014000221533986
44.0,249.0,143.7252960205078,-1.0316909584643517,2.6821906627834045,-4.920569915711287,-4.976963512247674,-2.4976841394379807,1.3407751984005092,-0.5388227733465811,4.77761142874577,-0.7904692141989509,1.0140006545193128
44.0,249.0,143.7252960205078,-1.03169142958301,2.682191004271796,-4.9205693052219885,-4.97696367669675,-2.497683712144597,1.340775090535276,-0.538822364046859,4.777611133035688,-0.7904689702999548,1.0140008077320155
44.0,249.0,143.7252960205078,-1.031691640254004,2.682191926704678,-4.920569683853785,-4.976962554918854,-2.497683529435672,1.340775107031,-0.5388228103490285,4.7776111078985615,-0.79046908821865,1.0140006886128443
44.0,249.0,143.7252960205078,-1.0316914609897063,2.6821914412357337,-4.920570058932393,-4.976963040886922,-2.497684185494716,1.340775437172125,-0.5388225216045992,4.777611499101802,-0.7904692325574896,1.0140009469377702
44.0,249.0,143.7252960205078,-1.0316904702153646,2.6821914287294204,-4.920570201980144,-4.976962380626331,-2.497682708512403,1.3407757321403038,-0.5388234579011186,4.777610642297649,-0.7904692141708578,1.0139996952466293
44.0,249.0,143.7252960205078,-1.031690719090927,2.682191742245691,-4.920569878556556,-4.976962308201744,-2.497683085736269,1.3407755705211528,-0.5388233714040851,4.777610722883187,-0.790469167138018,1.0139999617801996
44.0,249.0,143.7252960205078,-1.031690814863095,2.6821908114683595,-4.920570346464027,-4.976963163620345,-2.4976835807269246,1.3407754209787033,-0.5388228462737388,4.777610686929606,-0.7904691790137637,1.0140001421211575
44.0,249.0,143.7252960205078,-1.0316914259846852,2.6821912852086207,-4.920570054996845,-4.976963457633112,-2.4976832608686217,1.3407754557399247,-0.5388225472923303,4.777610896462958,-0.7904690113327248,1.0140005069763325
44.0,249.0,143.7252960205078,-1.0316921648133115,2.6821918506268725,-4.920570108292457,-4.976962170891197,-2.4976842568485584,1.3407754078724654,-0.5388223777468681,4.777611180369714,-0.7904694682703086,1.014000922589422
44.0,249.0,143.7252960205078,-1.0316909269313372,2.682190705518658,-4.920569934073503,-4.976963070824039,-2.49768331415816,1.340775375522389,-0.5388230232604005,4.777610697293802,-0.7904691076651469,1.0139999664020136
44.0,250.0,143.7252960205078,-1.0316918090539682,2.6821914815386494,-4.9205705090448,-4.976962509205115,-2.497683790784471,1.3407756352993152,-0.5388225120524259,4.777610682436267,-0.7904694080418464,1.014000466299409
44.0,250.0,143.7252960205078,-1.0316911816315928,2.682191404397142,-4.920570535207701,-4.976962232063634,-2.4976837105080394,1.3407758299195036,-0.5388229462586791,4.777610913717062,-0.7904695594838476,1.014000067359876
44.0,250.0,143.7252960205078,-1.031691589310712,2.682191006059858,-4.920570563884254,-4.976963120567333,-2.4976839976648386,1.3407752498662209,-0.538822438229225,4.777611087380457,-0.7904692872412404,1.0140006173100948
44.0,250.0,143.7252960205078,-1.0316910273098472,2.682191315846972,-4.920570258832953,-4.976963048971231,-2.497683308116905,1.340775494695868,-0.5388228991519064,4.777610571442629,-0.7904691611097983,1.0140001812874209
44.0,250.0,143.7252960205078,-1.0316907937775293,2.6821910352958422,-4.920569667629749,-4.97696276399591,-2.497683331028912,1.340775541000447,-0.5388228618183541,4.777610826322846,-0.7904691062308391,1.0140001636132905
44.0,250.0,143.72531127929688,-1.031690876640571,2.6821914250772263,-4.920570363131797,-4.976962549534892,-2.497682472861371,1.3407757324626903,-0.5388232167309344,4.777610474459863,-0.790469077674973,1.0139996766624568
44.0,250.0,143.7252960205078,-1.0316910185761174,2.68219145306555,-4.9205693962074735,-4.976963030191468,-2.4976836650636387,1.34077543807913,-0.5388228455741242,4.777610723959043,-0.7904690200694056,1.014000478552698
44.0,250.0,143.7252960205078,-1.0316913199496716,2.682191074095289,-4.920569651073673,-4.976963461728665,-2.497684150044396,1.3407753298365677,-0.5388223647352444,4.777611147302528,-0.7904689793288693,1.0140007931280737
44.0,250.0,143.7252960205078,-1.0316912214315122,2.6821916667429164,-4.920570253911556,-4.976962616647692,-2.497683330141118,1.340775293081416,-0.5388229558420115,4.777610591916183,-0.7904691107102533,1.0140003019094497
44.0,250.0,143.7252960205078,-1.0316911299462097,2.682191911492681,-4.920570302987579,-4.976962504857432,-2.4976828871756345,1.3407758175458024,-0.5388229877046395,4.777610572047209,-0.7904691344252486,1.014000048020539
44.0,250.0,143.72531127929688,-1.031690893069995,2.6821916333968074,-4.920569987847747,-4.976962202895207,-2.497682924725132,1.3407756812575178,-0.5388231966066002,4.77761045841687,-0.7904691850227499,1.0139997835329462
44.0,250.0,143.7252960205078,-1.0316909600946618,2.6821911745055607,-4.92057007161271,-4.976963390741074,-2.497683848780707,1.340775495184353,-0.5388228358208487,4.777610977158654,-0.7904691141104534,1.0140004907674882
44.0,250.0,143.7252960205078,-1.0316913568368808,2.682191058468886,-4.920569843116541,-4.976963301634426,-2.497683452542958,1.3407749057407037,-0.5388225174687564,4.777610906563602,-0.7904690850623517,1.0140006567438684
44.0,250.0,143.7252960205078,-1.0316910835839672,2.6821909679482028,-4.920570245644662,-4.976963122569736,-2.497683615151608,1.3407754467525548,-0.5388227615898753,4.777611174815871,-0.7904693235018039,1.014000261381403
44.0,250.0,143.7252960205078,-1.0316915660569723,2.682191045510532,-4.920569528481698,-4.976963660172476,-2.497684375368128,1.3407750971729318,-0.5388224317126342,4.777611131784262,-0.7904690069881042,1.0140008647517629
44.0,250.0,143.7252960205078,-1.0316911678293472,2.6821914534058813,-4.920570337357752,-4.976962425881206,-2.4976833107086254,1.3407757154680846,-0.53882289734966,4.777610628042865,-0.7904692758562435,1.0140000990068732
44.0,250.0,143.7252960205078,-1.031691227298504,2.6821920089536624,-4.9205703318186655,-4.976961818510871,-2.497683543251028,1.3407756197008585,-0.5388233926674424,4.777610721466489,-0.7904694235952467,1.014000042669288
44.0,250.0,143.7252960205078,-1.0316912220927543,2.6821914896662005,-4.920569976759285,-4.976962606485906,-2.497683985913448,1.3407754240837022,-0.5388228822651282,4.777611357721073,-0.7904693693155203,1.0140005658113491
44.0,250.0,143.72531127929688,-1.0316904975923222,2.6821910866831464,-4.920569599812396,-4.976963292795928,-2.4976830133718444,1.3407752714882912,-0.5388231372983521,4.777610816681618,-0.7904690032055655,1.0140000571835328
44.0,250.0,143.7252960205078,-1.0316904898698391,2.6821906606098374,-4.920569178361495,-4.976964245093932,-2.497683519548102,1.340775095655462,-0.5388226481076881,4.77761099131723,-0.790468829445417,1.014000492534162
44.0,250.0,143.7252960205078,-1.031690834108272,2.6821910396301663,-4.920570172065436,-4.976963250512115,-2.4976831171178526,1.3407754632296616,-0.5388229307167283,4.777610573381949,-0.7904690873099547,1.0140000958482809
44.0,250.0,143.7252960205078,-1.031691381384621,2.6821913393464385,-4.920569381408203,-4.976963270381432,-2.497683924294289,1.3407751802109082,-0.5388226210274478,4.777611215712534,-0.7904690158949546,1.0140008118083053
44.0,250.0,143.72531127929688,-1.0316907089286218,2.682191910545134,-4.920570163677582,-4.976962444794597,-2.497682739746727,1.340775764634312,-0.538823438075994,4.777610409643369,-0.7904691678640798,1.0139998394568517
44.0,250.0,143.7252960205078,-1.031691373056121,2.6821907311542725,-4.920570390446678,-4.9769633434599205,-2.4976838607679666,1.340775530691225,-0.5388225303703713,4.777610908075538,-0.7904692795272501,1.0140004068489166
44.0,250.0,143.7252960205078,-1.0316915089210754,2.682191585554184,-4.920569474937659,-4.976963446339423,-2.497683570522576,1.3407750233679758,-0.5388225928905932,4.7776110115991415,-0.7904688949066454,1.0140007648980711
44.0,250.0,143.72531127929688,-1.0316913525438007,2.6821915765204825,-4.920569776408965,-4.9769629778186815,-2.4976832502871185,1.340775483196558,-0.5388227467587869,4.777610486398082,-0.7904689534097766,1.0140004124691728
44.0,250.0,143.7252960205078,-1.031690381292642,2.682191519048299,-4.920570179411394,-4.976962916240299,-2.497682543610684,1.340775564556366,-0.5388234728270209,4.777610480240645,-0.790469046606729,1.0139997308290614
44.0,250.0,143.7252960205078,-1.0316915450335058,2.68219165162183,-4.92057050343503,-4.9769631710495625,-2.497683200381251,1.3407753971381542,-0.5388225139912608,4.777610599850714,-0.7904688853519124,1.0140006401332062
44.0,250.0,143.72531127929688,-1.0316905887804857,2.6821914262373925,-4.920569686811891,-4.976963407648607,-2.4976829246545416,1.3407754089863202,-0.5388230780582548,4.77761082317477,-0.7904688766671972,1.0140002431266542
44.0,250.0,143.7252960205078,-1.0316915670577105,2.682191183664216,-4.920569513796538,-4.976963304815523,-2.49768418038914,1.340775170119862,-0.5388224625018463,4.777611088865669,-0.7904689872679853,1.0140009140485056
44.0,250.0,143.7252960205078,-1.0316916335445607,2.6821914147274404,-4.9205697089886105,-4.976963286888132,-2.4976840947398324,1.340775355428292,-0.5388224433754214,4.7776112974715375,-0.7904690410379906,1.0140008669222231
44.0,250.0,143.72531127929688,-1.031691950696862,2.6821911665685327,-4.920570092539818,-4.976963279070834,-2.4976844886323315,1.340775351022902,-0.5388220576035341,4.777611345702846,-0.7904692782309173,1.0140012921094197
44.0,250.0,143.7252960205078,-1.031691533256533,2.6821915735977653,-4.920570194634275,-4.976962585769958,-2.497683898647214,1.3407755204178071,-0.5388225938882325,4.77761095494902,-0.7904692729939997,1.014000701464454
44.0,250.0,143.7252960205078,-1.0316914519372968,2.6821907593958363,-4.920570545394368,-4.976962851994406,-2.497683681874434,1.3407755958861864,-0.5388223647925274,4.7776107771207865,-0.7904692787546663,1.014000228416661
44.0,250.0,143.7252960205078,-1.0316912208771694,2.6821912725243653,-4.920569472298422,-4.976963116375362,-2.497683939674017,1.3407752768208496,-0.5388224426567074,4.777610756873939,-0.7904691557594061,1.01400084423957
44.0,250.0,143.72531127929688,-1.031690955515019,2.682191785535494,-4.920569830817617,-4.976963331651461,-2.497682655041912,1.3407752636030352,-0.538822922313348,4.777610541251162,-0.790468667136536,1.014000370879085
44.0,250.0,143.7252960205078,-1.031691226010336,2.6821915553158355,-4.920570030402106,-4.976962576804143,-2.4976826745853846,1.3407756512649938,-0.5388231360084248,4.777610600817429,-0.7904690671590417,1.013999847458508
44.0,250.0,143.72531127929688,-1.0316902433023434,2.682191666928798,-4.9205702201043255,-4.976962475888958,-2.49768217537404,1.3407757495611872,-0.538823706034198,4.7776101791529975,-0.79046896868992,1.0139992486796157
44.0,250.0,143.7252960205078,-1.0316906891958766,2.68219147469002,-4.920570117085319,-4.976962594967271,-2.4976829383841235,1.340775735259184,-0.5388233299191727,4.777610579470785,-0.7904691717593266,1.0139997333792303
44.0,250.0,143.7252960205078,-1.0316914821699452,2.6821912431408803,-4.920570336214334,-4.976962590050475,-2.497683568565169,1.3407756904572068,-0.5388227312083282,4.777611181905092,-0.7904694162573502,1.014000221533986
44.0,250.0,143.7252960205078,-1.0316909584643517,2.6821906627834045,-4.920569915711287,-4.976963512247674,-2.4976841394379807,1.3407751984005092,-0.5388227733465811,4.77761142874577,-0.7904692141989509,1.0140006545193128
44.0,250.0,143.7252960205078,-1.03169142958301,2.682191004271796,-4.9205693052219885,-4.97696367669675,-2.497683712144597,1.340775090535276,-0.538822364046859,4.777611133035688,-0.7904689702999548,1.0140008077320155
44.0,250.0,143.7252960205078,-1.031691640254004,2.682191926704678,-4.920569683853785,-4.976962554918854,-2.497683529435672,1.340775107031,-0.5388228103490285,4.7776111078985615,-0.79046908821865,1.0140006886128443
44.0,250.0,143.7252960205078,-1.0316914609897063,2.6821914412357337,-4.920570058932393,-4.976963040886922,-2.497684185494716,1.340775437172125,-0.5388225216045992,4.777611499101802,-0.7904692325574896,1.0140009469377702
44.0,250.0,143.7252960205078,-1.0316904702153646,2.6821914287294204,-4.920570201980144,-4.976962380626331,-2.497682708512403,1.3407757321403038,-0.5388234579011186,4.777610642297649,-0.7904692141708578,1.0139996952466293
44.0,250.0,143.7252960205078,-1.031690719090927,2.682191742245691,-4.920569878556556,-4.976962308201744,-2.497683085736269,1.3407755705211528,-0.5388233714040851,4.777610722883187,-0.790469167138018,1.0139999617801996
44.0,250.0,143.7252960205078,-1.031690814863095,2.6821908114683595,-4.920570346464027,-4.976963163620345,-2.4976835807269246,1.3407754209787033,-0.5388228462737388,4.777610686929606,-0.7904691790137637,1.0140001421211575
44.0,250.0,143.7252960205078,-1.0316914259846852,2.6821912852086207,-4.920570054996845,-4.976963457633112,-2.4976832608686217,1.3407754557399247,-0.5388225472923303,4.777610896462958,-0.7904690113327248,1.0140005069763325
44.0,250.0,143.7252960205078,-1.0316921648133115,2.6821918506268725,-4.920570108292457,-4.976962170891197,-2.4976842568485584,1.3407754078724654,-0.5388223777468681,4.777611180369714,-0.7904694682703086,1.014000922589422
44.0,250.0,143.7252960205078,-1.0316909269313372,2.682190705518658,-4.920569934073503,-4.976963070824039,-2.49768331415816,1.340775375522389,-0.5388230232604005,4.777610697293802,-0.7904691076651469,1.0139999664020136
44.0,251.0,143.7252960205078,-1.0316918090539682,2.6821914815386494,-4.9205705090448,-4.976962509205115,-2.497683790784471,1.3407756352993152,-0.5388225120524259,4.777610682436267,-0.7904694080418464,1.014000466299409
44.0,251.0,143.7252960205078,-1.0316911816315928,2.682191404397142,-4.920570535207701,-4.976962232063634,-2.4976837105080394,1.3407758299195036,-0.5388229462586791,4.777610913717062,-0.7904695594838476,1.014000067359876
44.0,251.0,143.7252960205078,-1.031691589310712,2.682191006059858,-4.920570563884254,-4.976963120567333,-2.4976839976648386,1.3407752498662209,-0.538822438229225,4.777611087380457,-0.7904692872412404,1.0140006173100948
44.0,251.0,143.7252960205078,-1.0316910273098472,2.682191315846972,-4.920570258832953,-4.976963048971231,-2.497683308116905,1.340775494695868,-0.5388228991519064,4.777610571442629,-0.7904691611097983,1.0140001812874209
44.0,251.0,143.7252960205078,-1.0316907937775293,2.6821910352958422,-4.920569667629749,-4.97696276399591,-2.497683331028912,1.340775541000447,-0.5388228618183541,4.777610826322846,-0.7904691062308391,1.0140001636132905
44.0,251.0,143.72531127929688,-1.031690876640571,2.6821914250772263,-4.920570363131797,-4.976962549534892,-2.497682472861371,1.3407757324626903,-0.5388232167309344,4.777610474459863,-0.790469077674973,1.0139996766624568
44.0,251.0,143.7252960205078,-1.0316910185761174,2.68219145306555,-4.9205693962074735,-4.976963030191468,-2.4976836650636387,1.34077543807913,-0.5388228455741242,4.777610723959043,-0.7904690200694056,1.014000478552698
44.0,251.0,143.7252960205078,-1.0316913199496716,2.682191074095289,-4.920569651073673,-4.976963461728665,-2.497684150044396,1.3407753298365677,-0.5388223647352444,4.777611147302528,-0.7904689793288693,1.0140007931280737
44.0,251.0,143.7252960205078,-1.0316912214315122,2.6821916667429164,-4.920570253911556,-4.976962616647692,-2.497683330141118,1.340775293081416,-0.5388229558420115,4.777610591916183,-0.7904691107102533,1.0140003019094497
44.0,251.0,143.7252960205078,-1.0316911299462097,2.682191911492681,-4.920570302987579,-4.976962504857432,-2.4976828871756345,1.3407758175458024,-0.5388229877046395,4.777610572047209,-0.7904691344252486,1.014000048020539
44.0,251.0,143.72531127929688,-1.031690893069995,2.6821916333968074,-4.920569987847747,-4.976962202895207,-2.497682924725132,1.3407756812575178,-0.5388231966066002,4.77761045841687,-0.7904691850227499,1.0139997835329462
44.0,251.0,143.7252960205078,-1.0316909600946618,2.6821911745055607,-4.92057007161271,-4.976963390741074,-2.497683848780707,1.340775495184353,-0.5388228358208487,4.777610977158654,-0.7904691141104534,1.0140004907674882
44.0,251.0,143.7252960205078,-1.0316913568368808,2.682191058468886,-4.920569843116541,-4.976963301634426,-2.497683452542958,1.3407749057407037,-0.5388225174687564,4.777610906563602,-0.7904690850623517,1.0140006567438684
44.0,251.0,143.7252960205078,-1.0316910835839672,2.6821909679482028,-4.920570245644662,-4.976963122569736,-2.497683615151608,1.3407754467525548,-0.5388227615898753,4.777611174815871,-0.7904693235018039,1.014000261381403
44.0,251.0,143.7252960205078,-1.0316915660569723,2.682191045510532,-4.920569528481698,-4.976963660172476,-2.497684375368128,1.3407750971729318,-0.5388224317126342,4.777611131784262,-0.7904690069881042,1.0140008647517629
44.0,251.0,143.7252960205078,-1.0316911678293472,2.6821914534058813,-4.920570337357752,-4.976962425881206,-2.4976833107086254,1.3407757154680846,-0.53882289734966,4.777610628042865,-0.7904692758562435,1.0140000990068732
44.0,251.0,143.7252960205078,-1.031691227298504,2.6821920089536624,-4.9205703318186655,-4.976961818510871,-2.497683543251028,1.3407756197008585,-0.5388233926674424,4.777610721466489,-0.7904694235952467,1.014000042669288
44.0,251.0,143.7252960205078,-1.0316912220927543,2.6821914896662005,-4.920569976759285,-4.976962606485906,-2.497683985913448,1.3407754240837022,-0.5388228822651282,4.777611357721073,-0.7904693693155203,1.0140005658113491
44.0,251.0,143.72531127929688,-1.0316904975923222,2.6821910866831464,-4.920569599812396,-4.976963292795928,-2.4976830133718444,1.3407752714882912,-0.5388231372983521,4.777610816681618,-0.7904690032055655,1.0140000571835328
44.0,251.0,143.7252960205078,-1.0316904898698391,2.6821906606098374,-4.920569178361495,-4.976964245093932,-2.497683519548102,1.340775095655462,-0.5388226481076881,4.77761099131723,-0.790468829445417,1.014000492534162
44.0,251.0,143.7252960205078,-1.031690834108272,2.6821910396301663,-4.920570172065436,-4.976963250512115,-2.4976831171178526,1.3407754632296616,-0.5388229307167283,4.777610573381949,-0.7904690873099547,1.0140000958482809
44.0,251.0,143.7252960205078,-1.031691381384621,2.6821913393464385,-4.920569381408203,-4.976963270381432,-2.497683924294289,1.3407751802109082,-0.5388226210274478,4.777611215712534,-0.7904690158949546,1.0140008118083053
44.0,251.0,143.72531127929688,-1.0316907089286218,2.682191910545134,-4.920570163677582,-4.976962444794597,-2.497682739746727,1.340775764634312,-0.538823438075994,4.777610409643369,-0.7904691678640798,1.0139998394568517
44.0,251.0,143.7252960205078,-1.031691373056121,2.6821907311542725,-4.920570390446678,-4.9769633434599205,-2.4976838607679666,1.340775530691225,-0.5388225303703713,4.777610908075538,-0.7904692795272501,1.0140004068489166
44.0,251.0,143.7252960205078,-1.0316915089210754,2.682191585554184,-4.920569474937659,-4.976963446339423,-2.497683570522576,1.3407750233679758,-0.5388225928905932,4.7776110115991415,-0.7904688949066454,1.0140007648980711
44.0,251.0,143.72531127929688,-1.0316913525438007,2.6821915765204825,-4.920569776408965,-4.9769629778186815,-2.4976832502871185,1.340775483196558,-0.5388227467587869,4.777610486398082,-0.7904689534097766,1.0140004124691728
44.0,251.0,143.7252960205078,-1.031690381292642,2.682191519048299,-4.920570179411394,-4.976962916240299,-2.497682543610684,1.340775564556366,-0.5388234728270209,4.777610480240645,-0.790469046606729,1.0139997308290614
44.0,251.0,143.7252960205078,-1.0316915450335058,2.68219165162183,-4.92057050343503,-4.9769631710495625,-2.497683200381251,1.3407753971381542,-0.5388225139912608,4.777610599850714,-0.7904688853519124,1.0140006401332062
44.0,251.0,143.72531127929688,-1.0316905887804857,2.6821914262373925,-4.920569686811891,-4.976963407648607,-2.4976829246545416,1.3407754089863202,-0.5388230780582548,4.77761082317477,-0.7904688766671972,1.0140002431266542
44.0,251.0,143.7252960205078,-1.0316915670577105,2.682191183664216,-4.920569513796538,-4.976963304815523,-2.49768418038914,1.340775170119862,-0.5388224625018463,4.777611088865669,-0.7904689872679853,1.0140009140485056
44.0,251.0,143.7252960205078,-1.0316916335445607,2.6821914147274404,-4.9205697089886105,-4.976963286888132,-2.4976840947398324,1.340775355428292,-0.5388224433754214,4.7776112974715375,-0.7904690410379906,1.0140008669222231
44.0,251.0,143.72531127929688,-1.031691950696862,2.6821911665685327,-4.920570092539818,-4.976963279070834,-2.4976844886323315,1.340775351022902,-0.5388220576035341,4.777611345702846,-0.7904692782309173,1.0140012921094197
44.0,251.0,143.7252960205078,-1.031691533256533,2.6821915735977653,-4.920570194634275,-4.976962585769958,-2.497683898647214,1.3407755204178071,-0.5388225938882325,4.77761095494902,-0.7904692729939997,1.014000701464454
44.0,251.0,143.7252960205078,-1.0316914519372968,2.6821907593958363,-4.920570545394368,-4.976962851994406,-2.497683681874434,1.3407755958861864,-0.5388223647925274,4.7776107771207865,-0.7904692787546663,1.014000228416661
44.0,251.0,143.7252960205078,-1.0316912208771694,2.6821912725243653,-4.920569472298422,-4.976963116375362,-2.497683939674017,1.3407752768208496,-0.5388224426567074,4.777610756873939,-0.7904691557594061,1.01400084423957
44.0,251.0,143.72531127929688,-1.031690955515019,2.682191785535494,-4.920569830817617,-4.976963331651461,-2.497682655041912,1.3407752636030352,-0.538822922313348,4.777610541251162,-0.790468667136536,1.014000370879085
44.0,251.0,143.7252960205078,-1.031691226010336,2.6821915553158355,-4.920570030402106,-4.976962576804143,-2.4976826745853846,1.3407756512649938,-0.5388231360084248,4.777610600817429,-0.7904690671590417,1.013999847458508
44.0,251.0,143.72531127929688,-1.0316902433023434,2.682191666928798,-4.9205702201043255,-4.976962475888958,-2.49768217537404,1.3407757495611872,-0.538823706034198,4.7776101791529975,-0.79046896868992,1.0139992486796157
44.0,251.0,143.7252960205078,-1.0316906891958766,2.68219147469002,-4.920570117085319,-4.976962594967271,-2.4976829383841235,1.340775735259184,-0.5388233299191727,4.777610579470785,-0.7904691717593266,1.0139997333792303
44.0,251.0,143.7252960205078,-1.0316914821699452,2.6821912431408803,-4.920570336214334,-4.976962590050475,-2.497683568565169,1.3407756904572068,-0.5388227312083282,4.777611181905092,-0.7904694162573502,1.014000221533986
44.0,251.0,143.7252960205078,-1.0316909584643517,2.6821906627834045,-4.920569915711287,-4.976963512247674,-2.4976841394379807,1.3407751984005092,-0.5388227733465811,4.77761142874577,-0.7904692141989509,1.0140006545193128
44.0,251.0,143.7252960205078,-1.03169142958301,2.682191004271796,-4.9205693052219885,-4.97696367669675,-2.497683712144597,1.340775090535276,-0.538822364046859,4.777611133035688,-0.7904689702999548,1.0140008077320155
44.0,251.0,143.7252960205078,-1.031691640254004,2.682191926704678,-4.920569683853785,-4.976962554918854,-2.497683529435672,1.340775107031,-0.5388228103490285,4.7776111078985615,-0.79046908821865,1.0140006886128443
44.0,251.0,143.7252960205078,-1.0316914609897063,2.6821914412357337,-4.920570058932393,-4.976963040886922,-2.497684185494716,1.340775437172125,-0.5388225216045992,4.777611499101802,-0.7904692325574896,1.0140009469377702
44.0,251.0,143.7252960205078,-1.0316904702153646,2.6821914287294204,-4.920570201980144,-4.976962380626331,-2.497682708512403,1.3407757321403038,-0.5388234579011186,4.777610642297649,-0.7904692141708578,1.0139996952466293
44.0,251.0,143.7252960205078,-1.031690719090927,2.682191742245691,-4.920569878556556,-4.976962308201744,-2.497683085736269,1.3407755705211528,-0.5388233714040851,4.777610722883187,-0.790469167138018,1.0139999617801996
44.0,251.0,143.7252960205078,-1.031690814863095,2.6821908114683595,-4.920570346464027,-4.976963163620345,-2.4976835807269246,1.3407754209787033,-0.5388228462737388,4.777610686929606,-0.7904691790137637,1.0140001421211575
44.0,251.0,143.7252960205078,-1.0316914259846852,2.6821912852086207,-4.920570054996845,-4.976963457633112,-2.4976832608686217,1.3407754557399247,-0.5388225472923303,4.777610896462958,-0.7904690113327248,1.0140005069763325
44.0,251.0,143.7252960205078,-1.0316921648133115,2.6821918506268725,-4.920570108292457,-4.976962170891197,-2.4976842568485584,1.3407754078724654,-0.5388223777468681,4.777611180369714,-0.7904694682703086,1.014000922589422
44.0,251.0,143.7252960205078,-1.0316909269313372,2.682190705518658,-4.920569934073503,-4.976963070824039,-2.49768331415816,1.340775375522389,-0.5388230232604005,4.777610697293802,-0.7904691076651469,1.0139999664020136
44.0,252.0,143.7252960205078,-1.0316918090539682,2.6821914815386494,-4.9205705090448,-4.976962509205115,-2.497683790784471,1.3407756352993152,-0.5388225120524259,4.777610682436267,-0.7904694080418464,1.014000466299409
44.0,252.0,143.7252960205078,-1.0316911816315928,2.682191404397142,-4.920570535207701,-4.976962232063634,-2.4976837105080394,1.3407758299195036,-0.5388229462586791,4.777610913717062,-0.7904695594838476,1.014000067359876
44.0,252.0,143.7252960205078,-1.031691589310712,2.682191006059858,-4.920570563884254,-4.976963120567333,-2.4976839976648386,1.3407752498662209,-0.538822438229225,4.777611087380457,-0.7904692872412404,1.0140006173100948
44.0,252.0,143.7252960205078,-1.0316910273098472,2.682191315846972,-4.920570258832953,-4.976963048971231,-2.497683308116905,1.340775494695868,-0.5388228991519064,4.777610571442629,-0.7904691611097983,1.0140001812874209
44.0,252.0,143.7252960205078,-1.0316907937775293,2.6821910352958422,-4.920569667629749,-4.97696276399591,-2.497683331028912,1.340775541000447,-0.5388228618183541,4.777610826322846,-0.7904691062308391,1.0140001636132905
44.0,252.0,143.72531127929688,-1.031690876640571,2.6821914250772263,-4.920570363131797,-4.976962549534892,-2.497682472861371,1.3407757324626903,-0.5388232167309344,4.777610474459863,-0.790469077674973,1.0139996766624568
44.0,252.0,143.7252960205078,-1.0316910185761174,2.68219145306555,-4.9205693962074735,-4.976963030191468,-2.4976836650636387,1.34077543807913,-0.5388228455741242,4.777610723959043,-0.7904690200694056,1.014000478552698
44.0,252.0,143.7252960205078,-1.0316913199496716,2.682191074095289,-4.920569651073673,-4.976963461728665,-2.497684150044396,1.3407753298365677,-0.5388223647352444,4.777611147302528,-0.7904689793288693,1.0140007931280737
44.0,252.0,143.7252960205078,-1.0316912214315122,2.6821916667429164,-4.920570253911556,-4.976962616647692,-2.497683330141118,1.340775293081416,-0.5388229558420115,4.777610591916183,-0.7904691107102533,1.0140003019094497
44.0,252.0,143.7252960205078,-1.0316911299462097,2.682191911492681,-4.920570302987579,-4.976962504857432,-2.4976828871756345,1.3407758175458024,-0.5388229877046395,4.777610572047209,-0.7904691344252486,1.014000048020539
44.0,252.0,143.72531127929688,-1.031690893069995,2.6821916333968074,-4.920569987847747,-4.976962202895207,-2.497682924725132,1.3407756812575178,-0.5388231966066002,4.77761045841687,-0.7904691850227499,1.0139997835329462
44.0,252.0,143.7252960205078,-1.0316909600946618,2.6821911745055607,-4.92057007161271,-4.976963390741074,-2.497683848780707,1.340775495184353,-0.5388228358208487,4.777610977158654,-0.7904691141104534,1.0140004907674882
44.0,252.0,143.7252960205078,-1.0316913568368808,2.682191058468886,-4.920569843116541,-4.976963301634426,-2.497683452542958,1.3407749057407037,-0.5388225174687564,4.777610906563602,-0.7904690850623517,1.0140006567438684
44.0,252.0,143.7252960205078,-1.0316910835839672,2.6821909679482028,-4.920570245644662,-4.976963122569736,-2.497683615151608,1.3407754467525548,-0.5388227615898753,4.777611174815871,-0.7904693235018039,1.014000261381403
44.0,252.0,143.7252960205078,-1.0316915660569723,2.682191045510532,-4.920569528481698,-4.976963660172476,-2.497684375368128,1.3407750971729318,-0.5388224317126342,4.777611131784262,-0.7904690069881042,1.0140008647517629
44.0,252.0,143.7252960205078,-1.0316911678293472,2.6821914534058813,-4.920570337357752,-4.976962425881206,-2.4976833107086254,1.3407757154680846,-0.53882289734966,4.777610628042865,-0.7904692758562435,1.0140000990068732
44.0,252.0,143.7252960205078,-1.031691227298504,2.6821920089536624,-4.9205703318186655,-4.976961818510871,-2.497683543251028,1.3407756197008585,-0.5388233926674424,4.777610721466489,-0.7904694235952467,1.014000042669288
44.0,252.0,143.7252960205078,-1.0316912220927543,2.6821914896662005,-4.920569976759285,-4.976962606485906,-2.497683985913448,1.3407754240837022,-0.5388228822651282,4.777611357721073,-0.7904693693155203,1.0140005658113491
44.0,252.0,143.72531127929688,-1.0316904975923222,2.6821910866831464,-4.920569599812396,-4.976963292795928,-2.4976830133718444,1.3407752714882912,-0.5388231372983521,4.777610816681618,-0.7904690032055655,1.0140000571835328
44.0,252.0,143.7252960205078,-1.0316904898698391,2.6821906606098374,-4.920569178361495,-4.976964245093932,-2.497683519548102,1.340775095655462,-0.5388226481076881,4.77761099131723,-0.790468829445417,1.014000492534162
44.0,252.0,143.7252960205078,-1.031690834108272,2.6821910396301663,-4.920570172065436,-4.976963250512115,-2.4976831171178526,1.3407754632296616,-0.5388229307167283,4.777610573381949,-0.7904690873099547,1.0140000958482809
44.0,252.0,143.7252960205078,-1.031691381384621,2.6821913393464385,-4.920569381408203,-4.976963270381432,-2.497683924294289,1.3407751802109082,-0.5388226210274478,4.777611215712534,-0.7904690158949546,1.0140008118083053
44.0,252.0,143.72531127929688,-1.0316907089286218,2.682191910545134,-4.920570163677582,-4.976962444794597,-2.497682739746727,1.340775764634312,-0.538823438075994,4.777610409643369,-0.7904691678640798,1.0139998394568517
44.0,252.0,143.7252960205078,-1.031691373056121,2.6821907311542725,-4.920570390446678,-4.9769633434599205,-2.4976838607679666,1.340775530691225,-0.5388225303703713,4.777610908075538,-0.7904692795272501,1.0140004068489166
44.0,252.0,143.7252960205078,-1.0316915089210754,2.682191585554184,-4.920569474937659,-4.976963446339423,-2.497683570522576,1.3407750233679758,-0.5388225928905932,4.7776110115991415,-0.7904688949066454,1.0140007648980711
44.0,252.0,143.72531127929688,-1.0316913525438007,2.6821915765204825,-4.920569776408965,-4.9769629778186815,-2.4976832502871185,1.340775483196558,-0.5388227467587869,4.777610486398082,-0.7904689534097766,1.0140004124691728
44.0,252.0,143.7252960205078,-1.031690381292642,2.682191519048299,-4.920570179411394,-4.976962916240299,-2.497682543610684,1.340775564556366,-0.5388234728270209,4.777610480240645,-0.790469046606729,1.0139997308290614
44.0,252.0,143.7252960205078,-1.0316915450335058,2.68219165162183,-4.92057050343503,-4.9769631710495625,-2.497683200381251,1.3407753971381542,-0.5388225139912608,4.777610599850714,-0.7904688853519124,1.0140006401332062
44.0,252.0,143.72531127929688,-1.0316905887804857,2.6821914262373925,-4.920569686811891,-4.976963407648607,-2.4976829246545416,1.3407754089863202,-0.5388230780582548,4.77761082317477,-0.7904688766671972,1.0140002431266542
44.0,252.0,143.7252960205078,-1.0316915670577105,2.682191183664216,-4.920569513796538,-4.976963304815523,-2.49768418038914,1.340775170119862,-0.5388224625018463,4.777611088865669,-0.7904689872679853,1.0140009140485056
44.0,252.0,143.7252960205078,-1.0316916335445607,2.6821914147274404,-4.9205697089886105,-4.976963286888132,-2.4976840947398324,1.340775355428292,-0.5388224433754214,4.7776112974715375,-0.7904690410379906,1.0140008669222231
44.0,252.0,143.72531127929688,-1.031691950696862,2.6821911665685327,-4.920570092539818,-4.976963279070834,-2.4976844886323315,1.340775351022902,-0.5388220576035341,4.777611345702846,-0.7904692782309173,1.0140012921094197
44.0,252.0,143.7252960205078,-1.031691533256533,2.6821915735977653,-4.920570194634275,-4.976962585769958,-2.497683898647214,1.3407755204178071,-0.5388225938882325,4.77761095494902,-0.7904692729939997,1.014000701464454
44.0,252.0,143.7252960205078,-1.0316914519372968,2.6821907593958363,-4.920570545394368,-4.976962851994406,-2.497683681874434,1.3407755958861864,-0.5388223647925274,4.7776107771207865,-0.7904692787546663,1.014000228416661
44.0,252.0,143.7252960205078,-1.0316912208771694,2.6821912725243653,-4.920569472298422,-4.976963116375362,-2.497683939674017,1.3407752768208496,-0.5388224426567074,4.777610756873939,-0.7904691557594061,1.01400084423957
44.0,252.0,143.72531127929688,-1.031690955515019,2.682191785535494,-4.920569830817617,-4.976963331651461,-2.497682655041912,1.3407752636030352,-0.538822922313348,4.777610541251162,-0.790468667136536,1.014000370879085
44.0,252.0,143.7252960205078,-1.031691226010336,2.6821915553158355,-4.920570030402106,-4.976962576804143,-2.4976826745853846,1.3407756512649938,-0.5388231360084248,4.777610600817429,-0.7904690671590417,1.013999847458508
44.0,252.0,143.72531127929688,-1.0316902433023434,2.682191666928798,-4.9205702201043255,-4.976962475888958,-2.49768217537404,1.3407757495611872,-0.538823706034198,4.7776101791529975,-0.79046896868992,1.0139992486796157
44.0,252.0,143.7252960205078,-1.0316906891958766,2.68219147469002,-4.920570117085319,-4.976962594967271,-2.4976829383841235,1.340775735259184,-0.5388233299191727,4.777610579470785,-0.7904691717593266,1.0139997333792303
44.0,252.0,143.7252960205078,-1.0316914821699452,2.6821912431408803,-4.920570336214334,-4.976962590050475,-2.497683568565169,1.3407756904572068,-0.5388227312083282,4.777611181905092,-0.7904694162573502,1.014000221533986
44.0,252.0,143.7252960205078,-1.0316909584643517,2.6821906627834045,-4.920569915711287,-4.976963512247674,-2.4976841394379807,1.3407751984005092,-0.5388227733465811,4.77761142874577,-0.7904692141989509,1.0140006545193128
44.0,252.0,143.7252960205078,-1.03169142958301,2.682191004271796,-4.9205693052219885,-4.97696367669675,-2.497683712144597,1.340775090535276,-0.538822364046859,4.777611133035688,-0.7904689702999548,1.0140008077320155
44.0,252.0,143.7252960205078,-1.031691640254004,2.682191926704678,-4.920569683853785,-4.976962554918854,-2.497683529435672,1.340775107031,-0.5388228103490285,4.7776111078985615,-0.79046908821865,1.0140006886128443
44.0,252.0,143.7252960205078,-1.0316914609897063,2.6821914412357337,-4.920570058932393,-4.976963040886922,-2.497684185494716,1.340775437172125,-0.5388225216045992,4.777611499101802,-0.7904692325574896,1.0140009469377702
44.0,252.0,143.7252960205078,-1.0316904702153646,2.6821914287294204,-4.920570201980144,-4.976962380626331,-2.497682708512403,1.3407757321403038,-0.5388234579011186,4.777610642297649,-0.7904692141708578,1.0139996952466293
44.0,252.0,143.7252960205078,-1.031690719090927,2.682191742245691,-4.920569878556556,-4.976962308201744,-2.497683085736269,1.3407755705211528,-0.5388233714040851,4.777610722883187,-0.790469167138018,1.0139999617801996
44.0,252.0,143.7252960205078,-1.031690814863095,2.6821908114683595,-4.920570346464027,-4.976963163620345,-2.4976835807269246,1.3407754209787033,-0.5388228462737388,4.777610686929606,-0.7904691790137637,1.0140001421211575
44.0,252.0,143.7252960205078,-1.0316914259846852,2.6821912852086207,-4.920570054996845,-4.976963457633112,-2.4976832608686217,1.3407754557399247,-0.5388225472923303,4.777610896462958,-0.7904690113327248,1.0140005069763325
44.0,252.0,143.7252960205078,-1.0316921648133115,2.6821918506268725,-4.920570108292457,-4.976962170891197,-2.4976842568485584,1.3407754078724654,-0.5388223777468681,4.777611180369714,-0.7904694682703086,1.014000922589422
44.0,252.0,143.7252960205078,-1.0316909269313372,2.682190705518658,-4.920569934073503,-4.976963070824039,-2.49768331415816,1.340775375522389,-0.5388230232604005,4.777610697293802,-0.7904691076651469,1.0139999664020136
44.0,253.0,143.7252960205078,-1.0316918090539682,2.6821914815386494,-4.9205705090448,-4.976962509205115,-2.497683790784471,1.3407756352993152,-0.5388225120524259,4.777610682436267,-0.7904694080418464,1.014000466299409
44.0,253.0,143.7252960205078,-1.0316911816315928,2.682191404397142,-4.920570535207701,-4.976962232063634,-2.4976837105080394,1.3407758299195036,-0.5388229462586791,4.777610913717062,-0.7904695594838476,1.014000067359876
44.0,253.0,143.7252960205078,-1.031691589310712,2.682191006059858,-4.920570563884254,-4.976963120567333,-2.4976839976648386,1.3407752498662209,-0.538822438229225,4.777611087380457,-0.7904692872412404,1.0140006173100948
44.0,253.0,143.7252960205078,-1.0316910273098472,2.682191315846972,-4.920570258832953,-4.976963048971231,-2.497683308116905,1.340775494695868,-0.5388228991519064,4.777610571442629,-0.7904691611097983,1.0140001812874209
44.0,253.0,143.7252960205078,-1.0316907937775293,2.6821910352958422,-4.920569667629749,-4.97696276399591,-2.497683331028912,1.340775541000447,-0.5388228618183541,4.777610826322846,-0.7904691062308391,1.0140001636132905
44.0,253.0,143.72531127929688,-1.031690876640571,2.6821914250772263,-4.920570363131797,-4.976962549534892,-2.497682472861371,1.3407757324626903,-0.5388232167309344,4.777610474459863,-0.790469077674973,1.0139996766624568
44.0,253.0,143.7252960205078,-1.0316910185761174,2.68219145306555,-4.9205693962074735,-4.976963030191468,-2.4976836650636387,1.34077543807913,-0.5388228455741242,4.777610723959043,-0.7904690200694056,1.014000478552698
44.0,253.0,143.7252960205078,-1.0316913199496716,2.682191074095289,-4.920569651073673,-4.976963461728665,-2.497684150044396,1.3407753298365677,-0.5388223647352444,4.777611147302528,-0.7904689793288693,1.0140007931280737
44.0,253.0,143.7252960205078,-1.0316912214315122,2.6821916667429164,-4.920570253911556,-4.976962616647692,-2.497683330141118,1.340775293081416,-0.5388229558420115,4.777610591916183,-0.7904691107102533,1.0140003019094497
44.0,253.0,143.7252960205078,-1.0316911299462097,2.682191911492681,-4.920570302987579,-4.976962504857432,-2.4976828871756345,1.3407758175458024,-0.5388229877046395,4.777610572047209,-0.7904691344252486,1.014000048020539
44.0,253.0,143.72531127929688,-1.031690893069995,2.6821916333968074,-4.920569987847747,-4.976962202895207,-2.497682924725132,1.3407756812575178,-0.5388231966066002,4.77761045841687,-0.7904691850227499,1.0139997835329462
44.0,253.0,143.7252960205078,-1.0316909600946618,2.6821911745055607,-4.92057007161271,-4.976963390741074,-2.497683848780707,1.340775495184353,-0.5388228358208487,4.777610977158654,-0.7904691141104534,1.0140004907674882
44.0,253.0,143.7252960205078,-1.0316913568368808,2.682191058468886,-4.920569843116541,-4.976963301634426,-2.497683452542958,1.3407749057407037,-0.5388225174687564,4.777610906563602,-0.7904690850623517,1.0140006567438684
44.0,253.0,143.7252960205078,-1.0316910835839672,2.6821909679482028,-4.920570245644662,-4.976963122569736,-2.497683615151608,1.3407754467525548,-0.5388227615898753,4.777611174815871,-0.7904693235018039,1.014000261381403
44.0,253.0,143.7252960205078,-1.0316915660569723,2.682191045510532,-4.920569528481698,-4.976963660172476,-2.497684375368128,1.3407750971729318,-0.5388224317126342,4.777611131784262,-0.7904690069881042,1.0140008647517629
44.0,253.0,143.7252960205078,-1.0316911678293472,2.6821914534058813,-4.920570337357752,-4.976962425881206,-2.4976833107086254,1.3407757154680846,-0.53882289734966,4.777610628042865,-0.7904692758562435,1.0140000990068732
44.0,253.0,143.7252960205078,-1.031691227298504,2.6821920089536624,-4.9205703318186655,-4.976961818510871,-2.497683543251028,1.3407756197008585,-0.5388233926674424,4.777610721466489,-0.7904694235952467,1.014000042669288
44.0,253.0,143.7252960205078,-1.0316912220927543,2.6821914896662005,-4.920569976759285,-4.976962606485906,-2.497683985913448,1.3407754240837022,-0.5388228822651282,4.777611357721073,-0.7904693693155203,1.0140005658113491
44.0,253.0,143.72531127929688,-1.0316904975923222,2.6821910866831464,-4.920569599812396,-4.976963292795928,-2.4976830133718444,1.3407752714882912,-0.5388231372983521,4.777610816681618,-0.7904690032055655,1.0140000571835328
44.0,253.0,143.7252960205078,-1.0316904898698391,2.6821906606098374,-4.920569178361495,-4.976964245093932,-2.497683519548102,1.340775095655462,-0.5388226481076881,4.77761099131723,-0.790468829445417,1.014000492534162
44.0,253.0,143.7252960205078,-1.031690834108272,2.6821910396301663,-4.920570172065436,-4.976963250512115,-2.4976831171178526,1.3407754632296616,-0.5388229307167283,4.777610573381949,-0.7904690873099547,1.0140000958482809
44.0,253.0,143.7252960205078,-1.031691381384621,2.6821913393464385,-4.920569381408203,-4.976963270381432,-2.497683924294289,1.3407751802109082,-0.5388226210274478,4.777611215712534,-0.7904690158949546,1.0140008118083053
44.0,253.0,143.72531127929688,-1.0316907089286218,2.682191910545134,-4.920570163677582,-4.976962444794597,-2.497682739746727,1.340775764634312,-0.538823438075994,4.777610409643369,-0.7904691678640798,1.0139998394568517
44.0,253.0,143.7252960205078,-1.031691373056121,2.6821907311542725,-4.920570390446678,-4.9769633434599205,-2.4976838607679666,1.340775530691225,-0.5388225303703713,4.777610908075538,-0.7904692795272501,1.0140004068489166
44.0,253.0,143.7252960205078,-1.0316915089210754,2.682191585554184,-4.920569474937659,-4.976963446339423,-2.497683570522576,1.3407750233679758,-0.5388225928905932,4.7776110115991415,-0.7904688949066454,1.0140007648980711
44.0,253.0,143.72531127929688,-1.0316913525438007,2.6821915765204825,-4.920569776408965,-4.9769629778186815,-2.4976832502871185,1.340775483196558,-0.5388227467587869,4.777610486398082,-0.7904689534097766,1.0140004124691728
44.0,253.0,143.7252960205078,-1.031690381292642,2.682191519048299,-4.920570179411394,-4.976962916240299,-2.497682543610684,1.340775564556366,-0.5388234728270209,4.777610480240645,-0.790469046606729,1.0139997308290614
44.0,253.0,143.7252960205078,-1.0316915450335058,2.68219165162183,-4.92057050343503,-4.9769631710495625,-2.497683200381251,1.3407753971381542,-0.5388225139912608,4.777610599850714,-0.7904688853519124,1.0140006401332062
44.0,253.0,143.72531127929688,-1.0316905887804857,2.6821914262373925,-4.920569686811891,-4.976963407648607,-2.4976829246545416,1.3407754089863202,-0.5388230780582548,4.77761082317477,-0.7904688766671972,1.0140002431266542
44.0,253.0,143.7252960205078,-1.0316915670577105,2.682191183664216,-4.920569513796538,-4.976963304815523,-2.49768418038914,1.340775170119862,-0.5388224625018463,4.777611088865669,-0.7904689872679853,1.0140009140485056
44.0,253.0,143.7252960205078,-1.0316916335445607,2.6821914147274404,-4.9205697089886105,-4.976963286888132,-2.4976840947398324,1.340775355428292,-0.5388224433754214,4.7776112974715375,-0.7904690410379906,1.0140008669222231
44.0,253.0,143.72531127929688,-1.031691950696862,2.6821911665685327,-4.920570092539818,-4.976963279070834,-2.4976844886323315,1.340775351022902,-0.5388220576035341,4.777611345702846,-0.7904692782309173,1.0140012921094197
44.0,253.0,143.7252960205078,-1.031691533256533,2.6821915735977653,-4.920570194634275,-4.976962585769958,-2.497683898647214,1.3407755204178071,-0.5388225938882325,4.77761095494902,-0.7904692729939997,1.014000701464454
44.0,253.0,143.7252960205078,-1.0316914519372968,2.6821907593958363,-4.920570545394368,-4.976962851994406,-2.497683681874434,1.3407755958861864,-0.5388223647925274,4.7776107771207865,-0.7904692787546663,1.014000228416661
44.0,253.0,143.7252960205078,-1.0316912208771694,2.6821912725243653,-4.920569472298422,-4.976963116375362,-2.497683939674017,1.3407752768208496,-0.5388224426567074,4.777610756873939,-0.7904691557594061,1.01400084423957
44.0,253.0,143.72531127929688,-1.031690955515019,2.682191785535494,-4.920569830817617,-4.976963331651461,-2.497682655041912,1.3407752636030352,-0.538822922313348,4.777610541251162,-0.790468667136536,1.014000370879085
44.0,253.0,143.7252960205078,-1.031691226010336,2.6821915553158355,-4.920570030402106,-4.976962576804143,-2.4976826745853846,1.3407756512649938,-0.5388231360084248,4.777610600817429,-0.7904690671590417,1.013999847458508
44.0,253.0,143.72531127929688,-1.0316902433023434,2.682191666928798,-4.9205702201043255,-4.976962475888958,-2.49768217537404,1.3407757495611872,-0.538823706034198,4.7776101791529975,-0.79046896868992,1.0139992486796157
44.0,253.0,143.7252960205078,-1.0316906891958766,2.68219147469002,-4.920570117085319,-4.976962594967271,-2.4976829383841235,1.340775735259184,-0.5388233299191727,4.777610579470785,-0.7904691717593266,1.0139997333792303
44.0,253.0,143.7252960205078,-1.0316914821699452,2.6821912431408803,-4.920570336214334,-4.976962590050475,-2.497683568565169,1.3407756904572068,-0.5388227312083282,4.777611181905092,-0.7904694162573502,1.014000221533986
44.0,253.0,143.7252960205078,-1.0316909584643517,2.6821906627834045,-4.920569915711287,-4.976963512247674,-2.4976841394379807,1.3407751984005092,-0.5388227733465811,4.77761142874577,-0.7904692141989509,1.0140006545193128
44.0,253.0,143.7252960205078,-1.03169142958301,2.682191004271796,-4.9205693052219885,-4.97696367669675,-2.497683712144597,1.340775090535276,-0.538822364046859,4.777611133035688,-0.7904689702999548,1.0140008077320155
44.0,253.0,143.7252960205078,-1.031691640254004,2.682191926704678,-4.920569683853785,-4.976962554918854,-2.497683529435672,1.340775107031,-0.5388228103490285,4.7776111078985615,-0.79046908821865,1.0140006886128443
44.0,253.0,143.7252960205078,-1.0316914609897063,2.6821914412357337,-4.920570058932393,-4.976963040886922,-2.497684185494716,1.340775437172125,-0.5388225216045992,4.777611499101802,-0.7904692325574896,1.0140009469377702
44.0,253.0,143.7252960205078,-1.0316904702153646,2.6821914287294204,-4.920570201980144,-4.976962380626331,-2.497682708512403,1.3407757321403038,-0.5388234579011186,4.777610642297649,-0.7904692141708578,1.0139996952466293
44.0,253.0,143.7252960205078,-1.031690719090927,2.682191742245691,-4.920569878556556,-4.976962308201744,-2.497683085736269,1.3407755705211528,-0.5388233714040851,4.777610722883187,-0.790469167138018,1.0139999617801996
44.0,253.0,143.7252960205078,-1.031690814863095,2.6821908114683595,-4.920570346464027,-4.976963163620345,-2.4976835807269246,1.3407754209787033,-0.5388228462737388,4.777610686929606,-0.7904691790137637,1.0140001421211575
44.0,253.0,143.7252960205078,-1.0316914259846852,2.6821912852086207,-4.920570054996845,-4.976963457633112,-2.4976832608686217,1.3407754557399247,-0.5388225472923303,4.777610896462958,-0.7904690113327248,1.0140005069763325
44.0,253.0,143.7252960205078,-1.0316921648133115,2.6821918506268725,-4.920570108292457,-4.976962170891197,-2.4976842568485584,1.3407754078724654,-0.5388223777468681,4.777611180369714,-0.7904694682703086,1.014000922589422
44.0,253.0,143.7252960205078,-1.0316909269313372,2.682190705518658,-4.920569934073503,-4.976963070824039,-2.49768331415816,1.340775375522389,-0.5388230232604005,4.777610697293802,-0.7904691076651469,1.0139999664020136
44.0,254.0,143.7252960205078,-1.0316918090539682,2.6821914815386494,-4.9205705090448,-4.976962509205115,-2.497683790784471,1.3407756352993152,-0.5388225120524259,4.777610682436267,-0.7904694080418464,1.014000466299409
44.0,254.0,143.7252960205078,-1.0316911816315928,2.682191404397142,-4.920570535207701,-4.976962232063634,-2.4976837105080394,1.3407758299195036,-0.5388229462586791,4.777610913717062,-0.7904695594838476,1.014000067359876
44.0,254.0,143.7252960205078,-1.031691589310712,2.682191006059858,-4.920570563884254,-4.976963120567333,-2.4976839976648386,1.3407752498662209,-0.538822438229225,4.777611087380457,-0.7904692872412404,1.0140006173100948
44.0,254.0,143.7252960205078,-1.0316910273098472,2.682191315846972,-4.920570258832953,-4.976963048971231,-2.497683308116905,1.340775494695868,-0.5388228991519064,4.777610571442629,-0.7904691611097983,1.0140001812874209
44.0,254.0,143.7252960205078,-1.0316907937775293,2.6821910352958422,-4.920569667629749,-4.97696276399591,-2.497683331028912,1.340775541000447,-0.5388228618183541,4.777610826322846,-0.7904691062308391,1.0140001636132905
44.0,254.0,143.72531127929688,-1.031690876640571,2.6821914250772263,-4.920570363131797,-4.976962549534892,-2.497682472861371,1.3407757324626903,-0.5388232167309344,4.777610474459863,-0.790469077674973,1.0139996766624568
44.0,254.0,143.7252960205078,-1.0316910185761174,2.68219145306555,-4.9205693962074735,-4.976963030191468,-2.4976836650636387,1.34077543807913,-0.5388228455741242,4.777610723959043,-0.7904690200694056,1.014000478552698
44.0,254.0,143.7252960205078,-1.0316913199496716,2.682191074095289,-4.920569651073673,-4.976963461728665,-2.497684150044396,1.3407753298365677,-0.5388223647352444,4.777611147302528,-0.7904689793288693,1.0140007931280737
44.0,254.0,143.7252960205078,-1.0316912214315122,2.6821916667429164,-4.920570253911556,-4.976962616647692,-2.497683330141118,1.340775293081416,-0.5388229558420115,4.777610591916183,-0.7904691107102533,1.0140003019094497
44.0,254.0,143.7252960205078,-1.0316911299462097,2.682191911492681,-4.920570302987579,-4.976962504857432,-2.4976828871756345,1.3407758175458024,-0.5388229877046395,4.777610572047209,-0.7904691344252486,1.014000048020539
44.0,254.0,143.72531127929688,-1.031690893069995,2.6821916333968074,-4.920569987847747,-4.976962202895207,-2.497682924725132,1.3407756812575178,-0.5388231966066002,4.77761045841687,-0.7904691850227499,1.0139997835329462
44.0,254.0,143.7252960205078,-1.0316909600946618,2.6821911745055607,-4.92057007161271,-4.976963390741074,-2.497683848780707,1.340775495184353,-0.5388228358208487,4.777610977158654,-0.7904691141104534,1.0140004907674882
44.0,254.0,143.7252960205078,-1.0316913568368808,2.682191058468886,-4.920569843116541,-4.976963301634426,-2.497683452542958,1.3407749057407037,-0.5388225174687564,4.777610906563602,-0.7904690850623517,1.0140006567438684
44.0,254.0,143.7252960205078,-1.0316910835839672,2.6821909679482028,-4.920570245644662,-4.976963122569736,-2.497683615151608,1.3407754467525548,-0.5388227615898753,4.777611174815871,-0.7904693235018039,1.014000261381403
44.0,254.0,143.7252960205078,-1.0316915660569723,2.682191045510532,-4.920569528481698,-4.976963660172476,-2.497684375368128,1.3407750971729318,-0.5388224317126342,4.777611131784262,-0.7904690069881042,1.0140008647517629
44.0,254.0,143.7252960205078,-1.0316911678293472,2.6821914534058813,-4.920570337357752,-4.976962425881206,-2.4976833107086254,1.3407757154680846,-0.53882289734966,4.777610628042865,-0.7904692758562435,1.0140000990068732
44.0,254.0,143.7252960205078,-1.031691227298504,2.6821920089536624,-4.9205703318186655,-4.976961818510871,-2.497683543251028,1.3407756197008585,-0.5388233926674424,4.777610721466489,-0.7904694235952467,1.014000042669288
44.0,254.0,143.7252960205078,-1.0316912220927543,2.6821914896662005,-4.920569976759285,-4.976962606485906,-2.497683985913448,1.3407754240837022,-0.5388228822651282,4.777611357721073,-0.7904693693155203,1.0140005658113491
44.0,254.0,143.72531127929688,-1.0316904975923222,2.6821910866831464,-4.920569599812396,-4.976963292795928,-2.4976830133718444,1.3407752714882912,-0.5388231372983521,4.777610816681618,-0.7904690032055655,1.0140000571835328
44.0,254.0,143.7252960205078,-1.0316904898698391,2.6821906606098374,-4.920569178361495,-4.976964245093932,-2.497683519548102,1.340775095655462,-0.5388226481076881,4.77761099131723,-0.790468829445417,1.014000492534162
44.0,254.0,143.7252960205078,-1.031690834108272,2.6821910396301663,-4.920570172065436,-4.976963250512115,-2.4976831171178526,1.3407754632296616,-0.5388229307167283,4.777610573381949,-0.7904690873099547,1.0140000958482809
44.0,254.0,143.7252960205078,-1.031691381384621,2.6821913393464385,-4.920569381408203,-4.976963270381432,-2.497683924294289,1.3407751802109082,-0.5388226210274478,4.777611215712534,-0.7904690158949546,1.0140008118083053
44.0,254.0,143.72531127929688,-1.0316907089286218,2.682191910545134,-4.920570163677582,-4.976962444794597,-2.497682739746727,1.340775764634312,-0.538823438075994,4.777610409643369,-0.7904691678640798,1.0139998394568517
44.0,254.0,143.7252960205078,-1.031691373056121,2.6821907311542725,-4.920570390446678,-4.9769633434599205,-2.4976838607679666,1.340775530691225,-0.5388225303703713,4.777610908075538,-0.7904692795272501,1.0140004068489166
44.0,254.0,143.7252960205078,-1.0316915089210754,2.682191585554184,-4.920569474937659,-4.976963446339423,-2.497683570522576,1.3407750233679758,-0.5388225928905932,4.7776110115991415,-0.7904688949066454,1.0140007648980711
44.0,254.0,143.72531127929688,-1.0316913525438007,2.6821915765204825,-4.920569776408965,-4.9769629778186815,-2.4976832502871185,1.340775483196558,-0.5388227467587869,4.777610486398082,-0.7904689534097766,1.0140004124691728
44.0,254.0,143.7252960205078,-1.031690381292642,2.682191519048299,-4.920570179411394,-4.976962916240299,-2.497682543610684,1.340775564556366,-0.5388234728270209,4.777610480240645,-0.790469046606729,1.0139997308290614
44.0,254.0,143.7252960205078,-1.0316915450335058,2.68219165162183,-4.92057050343503,-4.9769631710495625,-2.497683200381251,1.3407753971381542,-0.5388225139912608,4.777610599850714,-0.7904688853519124,1.0140006401332062
44.0,254.0,143.72531127929688,-1.0316905887804857,2.6821914262373925,-4.920569686811891,-4.976963407648607,-2.4976829246545416,1.3407754089863202,-0.5388230780582548,4.77761082317477,-0.7904688766671972,1.0140002431266542
44.0,254.0,143.7252960205078,-1.0316915670577105,2.682191183664216,-4.920569513796538,-4.976963304815523,-2.49768418038914,1.340775170119862,-0.5388224625018463,4.777611088865669,-0.7904689872679853,1.0140009140485056
44.0,254.0,143.7252960205078,-1.0316916335445607,2.6821914147274404,-4.9205697089886105,-4.976963286888132,-2.4976840947398324,1.340775355428292,-0.5388224433754214,4.7776112974715375,-0.7904690410379906,1.0140008669222231
44.0,254.0,143.72531127929688,-1.031691950696862,2.6821911665685327,-4.920570092539818,-4.976963279070834,-2.4976844886323315,1.340775351022902,-0.5388220576035341,4.777611345702846,-0.7904692782309173,1.0140012921094197
44.0,254.0,143.7252960205078,-1.031691533256533,2.6821915735977653,-4.920570194634275,-4.976962585769958,-2.497683898647214,1.3407755204178071,-0.5388225938882325,4.77761095494902,-0.7904692729939997,1.014000701464454
44.0,254.0,143.7252960205078,-1.0316914519372968,2.6821907593958363,-4.920570545394368,-4.976962851994406,-2.497683681874434,1.3407755958861864,-0.5388223647925274,4.7776107771207865,-0.7904692787546663,1.014000228416661
44.0,254.0,143.7252960205078,-1.0316912208771694,2.6821912725243653,-4.920569472298422,-4.976963116375362,-2.497683939674017,1.3407752768208496,-0.5388224426567074,4.777610756873939,-0.7904691557594061,1.01400084423957
44.0,254.0,143.72531127929688,-1.031690955515019,2.682191785535494,-4.920569830817617,-4.976963331651461,-2.497682655041912,1.3407752636030352,-0.538822922313348,4.777610541251162,-0.790468667136536,1.014000370879085
44.0,254.0,143.7252960205078,-1.031691226010336,2.6821915553158355,-4.920570030402106,-4.976962576804143,-2.4976826745853846,1.3407756512649938,-0.5388231360084248,4.777610600817429,-0.7904690671590417,1.013999847458508
44.0,254.0,143.72531127929688,-1.0316902433023434,2.682191666928798,-4.9205702201043255,-4.976962475888958,-2.49768217537404,1.3407757495611872,-0.538823706034198,4.7776101791529975,-0.79046896868992,1.0139992486796157
44.0,254.0,143.7252960205078,-1.0316906891958766,2.68219147469002,-4.920570117085319,-4.976962594967271,-2.4976829383841235,1.340775735259184,-0.5388233299191727,4.777610579470785,-0.7904691717593266,1.0139997333792303
44.0,254.0,143.7252960205078,-1.0316914821699452,2.6821912431408803,-4.920570336214334,-4.976962590050475,-2.497683568565169,1.3407756904572068,-0.5388227312083282,4.777611181905092,-0.7904694162573502,1.014000221533986
44.0,254.0,143.7252960205078,-1.0316909584643517,2.6821906627834045,-4.920569915711287,-4.976963512247674,-2.4976841394379807,1.3407751984005092,-0.5388227733465811,4.77761142874577,-0.7904692141989509,1.0140006545193128
44.0,254.0,143.7252960205078,-1.03169142958301,2.682191004271796,-4.9205693052219885,-4.97696367669675,-2.497683712144597,1.340775090535276,-0.538822364046859,4.777611133035688,-0.7904689702999548,1.0140008077320155
44.0,254.0,143.7252960205078,-1.031691640254004,2.682191926704678,-4.920569683853785,-4.976962554918854,-2.497683529435672,1.340775107031,-0.5388228103490285,4.7776111078985615,-0.79046908821865,1.0140006886128443
44.0,254.0,143.7252960205078,-1.0316914609897063,2.6821914412357337,-4.920570058932393,-4.976963040886922,-2.497684185494716,1.340775437172125,-0.5388225216045992,4.777611499101802,-0.7904692325574896,1.0140009469377702
44.0,254.0,143.7252960205078,-1.0316904702153646,2.6821914287294204,-4.920570201980144,-4.976962380626331,-2.497682708512403,1.3407757321403038,-0.5388234579011186,4.777610642297649,-0.7904692141708578,1.0139996952466293
44.0,254.0,143.7252960205078,-1.031690719090927,2.682191742245691,-4.920569878556556,-4.976962308201744,-2.497683085736269,1.3407755705211528,-0.5388233714040851,4.777610722883187,-0.790469167138018,1.0139999617801996
44.0,254.0,143.7252960205078,-1.031690814863095,2.6821908114683595,-4.920570346464027,-4.976963163620345,-2.4976835807269246,1.3407754209787033,-0.5388228462737388,4.777610686929606,-0.7904691790137637,1.0140001421211575
44.0,254.0,143.7252960205078,-1.0316914259846852,2.6821912852086207,-4.920570054996845,-4.976963457633112,-2.4976832608686217,1.3407754557399247,-0.5388225472923303,4.777610896462958,-0.7904690113327248,1.0140005069763325
44.0,254.0,143.7252960205078,-1.0316921648133115,2.6821918506268725,-4.920570108292457,-4.976962170891197,-2.4976842568485584,1.3407754078724654,-0.5388223777468681,4.777611180369714,-0.7904694682703086,1.014000922589422
44.0,254.0,143.7252960205078,-1.0316909269313372,2.682190705518658,-4.920569934073503,-4.976963070824039,-2.49768331415816,1.340775375522389,-0.5388230232604005,4.777610697293802,-0.7904691076651469,1.0139999664020136
44.0,255.0,143.7252960205078,-1.0316918090539682,2.6821914815386494,-4.9205705090448,-4.976962509205115,-2.497683790784471,1.3407756352993152,-0.5388225120524259,4.777610682436267,-0.7904694080418464,1.014000466299409
44.0,255.0,143.7252960205078,-1.0316911816315928,2.682191404397142,-4.920570535207701,-4.976962232063634,-2.4976837105080394,1.3407758299195036,-0.5388229462586791,4.777610913717062,-0.7904695594838476,1.014000067359876
44.0,255.0,143.7252960205078,-1.031691589310712,2.682191006059858,-4.920570563884254,-4.976963120567333,-2.4976839976648386,1.3407752498662209,-0.538822438229225,4.777611087380457,-0.7904692872412404,1.0140006173100948
44.0,255.0,143.7252960205078,-1.0316910273098472,2.682191315846972,-4.920570258832953,-4.976963048971231,-2.497683308116905,1.340775494695868,-0.5388228991519064,4.777610571442629,-0.7904691611097983,1.0140001812874209
44.0,255.0,143.7252960205078,-1.0316907937775293,2.6821910352958422,-4.920569667629749,-4.97696276399591,-2.497683331028912,1.340775541000447,-0.5388228618183541,4.777610826322846,-0.7904691062308391,1.0140001636132905
44.0,255.0,143.72531127929688,-1.031690876640571,2.6821914250772263,-4.920570363131797,-4.976962549534892,-2.497682472861371,1.3407757324626903,-0.5388232167309344,4.777610474459863,-0.790469077674973,1.0139996766624568
44.0,255.0,143.7252960205078,-1.0316910185761174,2.68219145306555,-4.9205693962074735,-4.976963030191468,-2.4976836650636387,1.34077543807913,-0.5388228455741242,4.777610723959043,-0.7904690200694056,1.014000478552698
44.0,255.0,143.7252960205078,-1.0316913199496716,2.682191074095289,-4.920569651073673,-4.976963461728665,-2.497684150044396,1.3407753298365677,-0.5388223647352444,4.777611147302528,-0.7904689793288693,1.0140007931280737
44.0,255.0,143.7252960205078,-1.0316912214315122,2.6821916667429164,-4.920570253911556,-4.976962616647692,-2.497683330141118,1.340775293081416,-0.5388229558420115,4.777610591916183,-0.7904691107102533,1.0140003019094497
44.0,255.0,143.7252960205078,-1.0316911299462097,2.682191911492681,-4.920570302987579,-4.976962504857432,-2.4976828871756345,1.3407758175458024,-0.5388229877046395,4.777610572047209,-0.7904691344252486,1.014000048020539
44.0,255.0,143.72531127929688,-1.031690893069995,2.6821916333968074,-4.920569987847747,-4.976962202895207,-2.497682924725132,1.3407756812575178,-0.5388231966066002,4.77761045841687,-0.7904691850227499,1.0139997835329462
44.0,255.0,143.7252960205078,-1.0316909600946618,2.6821911745055607,-4.92057007161271,-4.976963390741074,-2.497683848780707,1.340775495184353,-0.5388228358208487,4.777610977158654,-0.7904691141104534,1.0140004907674882
44.0,255.0,143.7252960205078,-1.0316913568368808,2.682191058468886,-4.920569843116541,-4.976963301634426,-2.497683452542958,1.3407749057407037,-0.5388225174687564,4.777610906563602,-0.7904690850623517,1.0140006567438684
44.0,255.0,143.7252960205078,-1.0316910835839672,2.6821909679482028,-4.920570245644662,-4.976963122569736,-2.497683615151608,1.3407754467525548,-0.5388227615898753,4.777611174815871,-0.7904693235018039,1.014000261381403
44.0,255.0,143.7252960205078,-1.0316915660569723,2.682191045510532,-4.920569528481698,-4.976963660172476,-2.497684375368128,1.3407750971729318,-0.5388224317126342,4.777611131784262,-0.7904690069881042,1.0140008647517629
44.0,255.0,143.7252960205078,-1.0316911678293472,2.6821914534058813,-4.920570337357752,-4.976962425881206,-2.4976833107086254,1.3407757154680846,-0.53882289734966,4.777610628042865,-0.7904692758562435,1.0140000990068732
44.0,255.0,143.7252960205078,-1.031691227298504,2.6821920089536624,-4.9205703318186655,-4.976961818510871,-2.497683543251028,1.3407756197008585,-0.5388233926674424,4.777610721466489,-0.7904694235952467,1.014000042669288
44.0,255.0,143.7252960205078,-1.0316912220927543,2.6821914896662005,-4.920569976759285,-4.976962606485906,-2.497683985913448,1.3407754240837022,-0.5388228822651282,4.777611357721073,-0.7904693693155203,1.0140005658113491
44.0,255.0,143.72531127929688,-1.0316904975923222,2.6821910866831464,-4.920569599812396,-4.976963292795928,-2.4976830133718444,1.3407752714882912,-0.5388231372983521,4.777610816681618,-0.7904690032055655,1.0140000571835328
44.0,255.0,143.7252960205078,-1.0316904898698391,2.6821906606098374,-4.920569178361495,-4.976964245093932,-2.497683519548102,1.340775095655462,-0.5388226481076881,4.77761099131723,-0.790468829445417,1.014000492534162
44.0,255.0,143.7252960205078,-1.031690834108272,2.6821910396301663,-4.920570172065436,-4.976963250512115,-2.4976831171178526,1.3407754632296616,-0.5388229307167283,4.777610573381949,-0.7904690873099547,1.0140000958482809
44.0,255.0,143.7252960205078,-1.031691381384621,2.6821913393464385,-4.920569381408203,-4.976963270381432,-2.497683924294289,1.3407751802109082,-0.5388226210274478,4.777611215712534,-0.7904690158949546,1.0140008118083053
44.0,255.0,143.72531127929688,-1.0316907089286218,2.682191910545134,-4.920570163677582,-4.976962444794597,-2.497682739746727,1.340775764634312,-0.538823438075994,4.777610409643369,-0.7904691678640798,1.0139998394568517
44.0,255.0,143.7252960205078,-1.031691373056121,2.6821907311542725,-4.920570390446678,-4.9769633434599205,-2.4976838607679666,1.340775530691225,-0.5388225303703713,4.777610908075538,-0.7904692795272501,1.0140004068489166
44.0,255.0,143.7252960205078,-1.0316915089210754,2.682191585554184,-4.920569474937659,-4.976963446339423,-2.497683570522576,1.3407750233679758,-0.5388225928905932,4.7776110115991415,-0.7904688949066454,1.0140007648980711
44.0,255.0,143.72531127929688,-1.0316913525438007,2.6821915765204825,-4.920569776408965,-4.9769629778186815,-2.4976832502871185,1.340775483196558,-0.5388227467587869,4.777610486398082,-0.7904689534097766,1.0140004124691728
44.0,255.0,143.7252960205078,-1.031690381292642,2.682191519048299,-4.920570179411394,-4.976962916240299,-2.497682543610684,1.340775564556366,-0.5388234728270209,4.777610480240645,-0.790469046606729,1.0139997308290614
44.0,255.0,143.7252960205078,-1.0316915450335058,2.68219165162183,-4.92057050343503,-4.9769631710495625,-2.497683200381251,1.3407753971381542,-0.5388225139912608,4.777610599850714,-0.7904688853519124,1.0140006401332062
44.0,255.0,143.72531127929688,-1.0316905887804857,2.6821914262373925,-4.920569686811891,-4.976963407648607,-2.4976829246545416,1.3407754089863202,-0.5388230780582548,4.77761082317477,-0.7904688766671972,1.0140002431266542
44.0,255.0,143.7252960205078,-1.0316915670577105,2.682191183664216,-4.920569513796538,-4.976963304815523,-2.49768418038914,1.340775170119862,-0.5388224625018463,4.777611088865669,-0.7904689872679853,1.0140009140485056
44.0,255.0,143.7252960205078,-1.0316916335445607,2.6821914147274404,-4.9205697089886105,-4.976963286888132,-2.4976840947398324,1.340775355428292,-0.5388224433754214,4.7776112974715375,-0.7904690410379906,1.0140008669222231
44.0,255.0,143.72531127929688,-1.031691950696862,2.6821911665685327,-4.920570092539818,-4.976963279070834,-2.4976844886323315,1.340775351022902,-0.5388220576035341,4.777611345702846,-0.7904692782309173,1.0140012921094197
44.0,255.0,143.7252960205078,-1.031691533256533,2.6821915735977653,-4.920570194634275,-4.976962585769958,-2.497683898647214,1.3407755204178071,-0.5388225938882325,4.77761095494902,-0.7904692729939997,1.014000701464454
44.0,255.0,143.7252960205078,-1.0316914519372968,2.6821907593958363,-4.920570545394368,-4.976962851994406,-2.497683681874434,1.3407755958861864,-0.5388223647925274,4.7776107771207865,-0.7904692787546663,1.014000228416661
44.0,255.0,143.7252960205078,-1.0316912208771694,2.6821912725243653,-4.920569472298422,-4.976963116375362,-2.497683939674017,1.3407752768208496,-0.5388224426567074,4.777610756873939,-0.7904691557594061,1.01400084423957
44.0,255.0,143.72531127929688,-1.031690955515019,2.682191785535494,-4.920569830817617,-4.976963331651461,-2.497682655041912,1.3407752636030352,-0.538822922313348,4.777610541251162,-0.790468667136536,1.014000370879085
44.0,255.0,143.7252960205078,-1.031691226010336,2.6821915553158355,-4.920570030402106,-4.976962576804143,-2.4976826745853846,1.3407756512649938,-0.5388231360084248,4.777610600817429,-0.7904690671590417,1.013999847458508
44.0,255.0,143.72531127929688,-1.0316902433023434,2.682191666928798,-4.9205702201043255,-4.976962475888958,-2.49768217537404,1.3407757495611872,-0.538823706034198,4.7776101791529975,-0.79046896868992,1.0139992486796157
44.0,255.0,143.7252960205078,-1.0316906891958766,2.68219147469002,-4.920570117085319,-4.976962594967271,-2.4976829383841235,1.340775735259184,-0.5388233299191727,4.777610579470785,-0.7904691717593266,1.0139997333792303
44.0,255.0,143.7252960205078,-1.0316914821699452,2.6821912431408803,-4.920570336214334,-4.976962590050475,-2.497683568565169,1.3407756904572068,-0.5388227312083282,4.777611181905092,-0.7904694162573502,1.014000221533986
44.0,255.0,143.7252960205078,-1.0316909584643517,2.6821906627834045,-4.920569915711287,-4.976963512247674,-2.4976841394379807,1.3407751984005092,-0.5388227733465811,4.77761142874577,-0.7904692141989509,1.0140006545193128
44.0,255.0,143.7252960205078,-1.03169142958301,2.682191004271796,-4.9205693052219885,-4.97696367669675,-2.497683712144597,1.340775090535276,-0.538822364046859,4.777611133035688,-0.7904689702999548,1.0140008077320155
44.0,255.0,143.7252960205078,-1.031691640254004,2.682191926704678,-4.920569683853785,-4.976962554918854,-2.497683529435672,1.340775107031,-0.5388228103490285,4.7776111078985615,-0.79046908821865,1.0140006886128443
44.0,255.0,143.7252960205078,-1.0316914609897063,2.6821914412357337,-4.920570058932393,-4.976963040886922,-2.497684185494716,1.340775437172125,-0.5388225216045992,4.777611499101802,-0.7904692325574896,1.0140009469377702
44.0,255.0,143.7252960205078,-1.0316904702153646,2.6821914287294204,-4.920570201980144,-4.976962380626331,-2.497682708512403,1.3407757321403038,-0.5388234579011186,4.777610642297649,-0.7904692141708578,1.0139996952466293
44.0,255.0,143.7252960205078,-1.031690719090927,2.682191742245691,-4.920569878556556,-4.976962308201744,-2.497683085736269,1.3407755705211528,-0.5388233714040851,4.777610722883187,-0.790469167138018,1.0139999617801996
44.0,255.0,143.7252960205078,-1.031690814863095,2.6821908114683595,-4.920570346464027,-4.976963163620345,-2.4976835807269246,1.3407754209787033,-0.5388228462737388,4.777610686929606,-0.7904691790137637,1.0140001421211575
44.0,255.0,143.7252960205078,-1.0316914259846852,2.6821912852086207,-4.920570054996845,-4.976963457633112,-2.4976832608686217,1.3407754557399247,-0.5388225472923303,4.777610896462958,-0.7904690113327248,1.0140005069763325
44.0,255.0,143.7252960205078,-1.0316921648133115,2.6821918506268725,-4.920570108292457,-4.976962170891197,-2.4976842568485584,1.3407754078724654,-0.5388223777468681,4.777611180369714,-0.7904694682703086,1.014000922589422
44.0,255.0,143.7252960205078,-1.0316909269313372,2.682190705518658,-4.920569934073503,-4.976963070824039,-2.49768331415816,1.340775375522389,-0.5388230232604005,4.777610697293802,-0.7904691076651469,1.0139999664020136
44.0,256.0,143.7252960205078,-1.0316918090539682,2.6821914815386494,-4.9205705090448,-4.976962509205115,-2.497683790784471,1.3407756352993152,-0.5388225120524259,4.777610682436267,-0.7904694080418464,1.014000466299409
44.0,256.0,143.7252960205078,-1.0316911816315928,2.682191404397142,-4.920570535207701,-4.976962232063634,-2.4976837105080394,1.3407758299195036,-0.5388229462586791,4.777610913717062,-0.7904695594838476,1.014000067359876
44.0,256.0,143.7252960205078,-1.031691589310712,2.682191006059858,-4.920570563884254,-4.976963120567333,-2.4976839976648386,1.3407752498662209,-0.538822438229225,4.777611087380457,-0.7904692872412404,1.0140006173100948
44.0,256.0,143.7252960205078,-1.0316910273098472,2.682191315846972,-4.920570258832953,-4.976963048971231,-2.497683308116905,1.340775494695868,-0.5388228991519064,4.777610571442629,-0.7904691611097983,1.0140001812874209
44.0,256.0,143.7252960205078,-1.0316907937775293,2.6821910352958422,-4.920569667629749,-4.97696276399591,-2.497683331028912,1.340775541000447,-0.5388228618183541,4.777610826322846,-0.7904691062308391,1.0140001636132905
44.0,256.0,143.72531127929688,-1.031690876640571,2.6821914250772263,-4.920570363131797,-4.976962549534892,-2.497682472861371,1.3407757324626903,-0.5388232167309344,4.777610474459863,-0.790469077674973,1.0139996766624568
44.0,256.0,143.7252960205078,-1.0316910185761174,2.68219145306555,-4.9205693962074735,-4.976963030191468,-2.4976836650636387,1.34077543807913,-0.5388228455741242,4.777610723959043,-0.7904690200694056,1.014000478552698
44.0,256.0,143.7252960205078,-1.0316913199496716,2.682191074095289,-4.920569651073673,-4.976963461728665,-2.497684150044396,1.3407753298365677,-0.5388223647352444,4.777611147302528,-0.7904689793288693,1.0140007931280737
44.0,256.0,143.7252960205078,-1.0316912214315122,2.6821916667429164,-4.920570253911556,-4.976962616647692,-2.497683330141118,1.340775293081416,-0.5388229558420115,4.777610591916183,-0.7904691107102533,1.0140003019094497
44.0,256.0,143.7252960205078,-1.0316911299462097,2.682191911492681,-4.920570302987579,-4.976962504857432,-2.4976828871756345,1.3407758175458024,-0.5388229877046395,4.777610572047209,-0.7904691344252486,1.014000048020539
44.0,256.0,143.72531127929688,-1.031690893069995,2.6821916333968074,-4.920569987847747,-4.976962202895207,-2.497682924725132,1.3407756812575178,-0.5388231966066002,4.77761045841687,-0.7904691850227499,1.0139997835329462
44.0,256.0,143.7252960205078,-1.0316909600946618,2.6821911745055607,-4.92057007161271,-4.976963390741074,-2.497683848780707,1.340775495184353,-0.5388228358208487,4.777610977158654,-0.7904691141104534,1.0140004907674882
44.0,256.0,143.7252960205078,-1.0316913568368808,2.682191058468886,-4.920569843116541,-4.976963301634426,-2.497683452542958,1.3407749057407037,-0.5388225174687564,4.777610906563602,-0.7904690850623517,1.0140006567438684
44.0,256.0,143.7252960205078,-1.0316910835839672,2.6821909679482028,-4.920570245644662,-4.976963122569736,-2.497683615151608,1.3407754467525548,-0.5388227615898753,4.777611174815871,-0.7904693235018039,1.014000261381403
44.0,256.0,143.7252960205078,-1.0316915660569723,2.682191045510532,-4.920569528481698,-4.976963660172476,-2.497684375368128,1.3407750971729318,-0.5388224317126342,4.777611131784262,-0.7904690069881042,1.0140008647517629
44.0,256.0,143.7252960205078,-1.0316911678293472,2.6821914534058813,-4.920570337357752,-4.976962425881206,-2.4976833107086254,1.3407757154680846,-0.53882289734966,4.777610628042865,-0.7904692758562435,1.0140000990068732
44.0,256.0,143.7252960205078,-1.031691227298504,2.6821920089536624,-4.9205703318186655,-4.976961818510871,-2.497683543251028,1.3407756197008585,-0.5388233926674424,4.777610721466489,-0.7904694235952467,1.014000042669288
44.0,256.0,143.7252960205078,-1.0316912220927543,2.6821914896662005,-4.920569976759285,-4.976962606485906,-2.497683985913448,1.3407754240837022,-0.5388228822651282,4.777611357721073,-0.7904693693155203,1.0140005658113491
44.0,256.0,143.72531127929688,-1.0316904975923222,2.6821910866831464,-4.920569599812396,-4.976963292795928,-2.4976830133718444,1.3407752714882912,-0.5388231372983521,4.777610816681618,-0.7904690032055655,1.0140000571835328
44.0,256.0,143.7252960205078,-1.0316904898698391,2.6821906606098374,-4.920569178361495,-4.976964245093932,-2.497683519548102,1.340775095655462,-0.5388226481076881,4.77761099131723,-0.790468829445417,1.014000492534162
44.0,256.0,143.7252960205078,-1.031690834108272,2.6821910396301663,-4.920570172065436,-4.976963250512115,-2.4976831171178526,1.3407754632296616,-0.5388229307167283,4.777610573381949,-0.7904690873099547,1.0140000958482809
44.0,256.0,143.7252960205078,-1.031691381384621,2.6821913393464385,-4.920569381408203,-4.976963270381432,-2.497683924294289,1.3407751802109082,-0.5388226210274478,4.777611215712534,-0.7904690158949546,1.0140008118083053
44.0,256.0,143.72531127929688,-1.0316907089286218,2.682191910545134,-4.920570163677582,-4.976962444794597,-2.497682739746727,1.340775764634312,-0.538823438075994,4.777610409643369,-0.7904691678640798,1.0139998394568517
44.0,256.0,143.7252960205078,-1.031691373056121,2.6821907311542725,-4.920570390446678,-4.9769633434599205,-2.4976838607679666,1.340775530691225,-0.5388225303703713,4.777610908075538,-0.7904692795272501,1.0140004068489166
44.0,256.0,143.7252960205078,-1.0316915089210754,2.682191585554184,-4.920569474937659,-4.976963446339423,-2.497683570522576,1.3407750233679758,-0.5388225928905932,4.7776110115991415,-0.7904688949066454,1.0140007648980711
44.0,256.0,143.72531127929688,-1.0316913525438007,2.6821915765204825,-4.920569776408965,-4.9769629778186815,-2.4976832502871185,1.340775483196558,-0.5388227467587869,4.777610486398082,-0.7904689534097766,1.0140004124691728
44.0,256.0,143.7252960205078,-1.031690381292642,2.682191519048299,-4.920570179411394,-4.976962916240299,-2.497682543610684,1.340775564556366,-0.5388234728270209,4.777610480240645,-0.790469046606729,1.0139997308290614
44.0,256.0,143.7252960205078,-1.0316915450335058,2.68219165162183,-4.92057050343503,-4.9769631710495625,-2.497683200381251,1.3407753971381542,-0.5388225139912608,4.777610599850714,-0.7904688853519124,1.0140006401332062
44.0,256.0,143.72531127929688,-1.0316905887804857,2.6821914262373925,-4.920569686811891,-4.976963407648607,-2.4976829246545416,1.3407754089863202,-0.5388230780582548,4.77761082317477,-0.7904688766671972,1.0140002431266542
44.0,256.0,143.7252960205078,-1.0316915670577105,2.682191183664216,-4.920569513796538,-4.976963304815523,-2.49768418038914,1.340775170119862,-0.5388224625018463,4.777611088865669,-0.7904689872679853,1.0140009140485056
44.0,256.0,143.7252960205078,-1.0316916335445607,2.6821914147274404,-4.9205697089886105,-4.976963286888132,-2.4976840947398324,1.340775355428292,-0.5388224433754214,4.7776112974715375,-0.7904690410379906,1.0140008669222231
44.0,256.0,143.72531127929688,-1.031691950696862,2.6821911665685327,-4.920570092539818,-4.976963279070834,-2.4976844886323315,1.340775351022902,-0.5388220576035341,4.777611345702846,-0.7904692782309173,1.0140012921094197
44.0,256.0,143.7252960205078,-1.031691533256533,2.6821915735977653,-4.920570194634275,-4.976962585769958,-2.497683898647214,1.3407755204178071,-0.5388225938882325,4.77761095494902,-0.7904692729939997,1.014000701464454
44.0,256.0,143.7252960205078,-1.0316914519372968,2.6821907593958363,-4.920570545394368,-4.976962851994406,-2.497683681874434,1.3407755958861864,-0.5388223647925274,4.7776107771207865,-0.7904692787546663,1.014000228416661
44.0,256.0,143.7252960205078,-1.0316912208771694,2.6821912725243653,-4.920569472298422,-4.976963116375362,-2.497683939674017,1.3407752768208496,-0.5388224426567074,4.777610756873939,-0.7904691557594061,1.01400084423957
44.0,256.0,143.72531127929688,-1.031690955515019,2.682191785535494,-4.920569830817617,-4.976963331651461,-2.497682655041912,1.3407752636030352,-0.538822922313348,4.777610541251162,-0.790468667136536,1.014000370879085
44.0,256.0,143.7252960205078,-1.031691226010336,2.6821915553158355,-4.920570030402106,-4.976962576804143,-2.4976826745853846,1.3407756512649938,-0.5388231360084248,4.777610600817429,-0.7904690671590417,1.013999847458508
44.0,256.0,143.72531127929688,-1.0316902433023434,2.682191666928798,-4.9205702201043255,-4.976962475888958,-2.49768217537404,1.3407757495611872,-0.538823706034198,4.7776101791529975,-0.79046896868992,1.0139992486796157
44.0,256.0,143.7252960205078,-1.0316906891958766,2.68219147469002,-4.920570117085319,-4.976962594967271,-2.4976829383841235,1.340775735259184,-0.5388233299191727,4.777610579470785,-0.7904691717593266,1.0139997333792303
44.0,256.0,143.7252960205078,-1.0316914821699452,2.6821912431408803,-4.920570336214334,-4.976962590050475,-2.497683568565169,1.3407756904572068,-0.5388227312083282,4.777611181905092,-0.7904694162573502,1.014000221533986
44.0,256.0,143.7252960205078,-1.0316909584643517,2.6821906627834045,-4.920569915711287,-4.976963512247674,-2.4976841394379807,1.3407751984005092,-0.5388227733465811,4.77761142874577,-0.7904692141989509,1.0140006545193128
44.0,256.0,143.7252960205078,-1.03169142958301,2.682191004271796,-4.9205693052219885,-4.97696367669675,-2.497683712144597,1.340775090535276,-0.538822364046859,4.777611133035688,-0.7904689702999548,1.0140008077320155
44.0,256.0,143.7252960205078,-1.031691640254004,2.682191926704678,-4.920569683853785,-4.976962554918854,-2.497683529435672,1.340775107031,-0.5388228103490285,4.7776111078985615,-0.79046908821865,1.0140006886128443
44.0,256.0,143.7252960205078,-1.0316914609897063,2.6821914412357337,-4.920570058932393,-4.976963040886922,-2.497684185494716,1.340775437172125,-0.5388225216045992,4.777611499101802,-0.7904692325574896,1.0140009469377702
44.0,256.0,143.7252960205078,-1.0316904702153646,2.6821914287294204,-4.920570201980144,-4.976962380626331,-2.497682708512403,1.3407757321403038,-0.5388234579011186,4.777610642297649,-0.7904692141708578,1.0139996952466293
44.0,256.0,143.7252960205078,-1.031690719090927,2.682191742245691,-4.920569878556556,-4.976962308201744,-2.497683085736269,1.3407755705211528,-0.5388233714040851,4.777610722883187,-0.790469167138018,1.0139999617801996
44.0,256.0,143.7252960205078,-1.031690814863095,2.6821908114683595,-4.920570346464027,-4.976963163620345,-2.4976835807269246,1.3407754209787033,-0.5388228462737388,4.777610686929606,-0.7904691790137637,1.0140001421211575
44.0,256.0,143.7252960205078,-1.0316914259846852,2.6821912852086207,-4.920570054996845,-4.976963457633112,-2.4976832608686217,1.3407754557399247,-0.5388225472923303,4.777610896462958,-0.7904690113327248,1.0140005069763325
44.0,256.0,143.7252960205078,-1.0316921648133115,2.6821918506268725,-4.920570108292457,-4.976962170891197,-2.4976842568485584,1.3407754078724654,-0.5388223777468681,4.777611180369714,-0.7904694682703086,1.014000922589422
44.0,256.0,143.7252960205078,-1.0316909269313372,2.682190705518658,-4.920569934073503,-4.976963070824039,-2.49768331415816,1.340775375522389,-0.5388230232604005,4.777610697293802,-0.7904691076651469,1.0139999664020136
44.0,257.0,143.7252960205078,-1.0316918090539682,2.6821914815386494,-4.9205705090448,-4.976962509205115,-2.497683790784471,1.3407756352993152,-0.5388225120524259,4.777610682436267,-0.7904694080418464,1.014000466299409
44.0,257.0,143.7252960205078,-1.0316911816315928,2.682191404397142,-4.920570535207701,-4.976962232063634,-2.4976837105080394,1.3407758299195036,-0.5388229462586791,4.777610913717062,-0.7904695594838476,1.014000067359876
44.0,257.0,143.7252960205078,-1.031691589310712,2.682191006059858,-4.920570563884254,-4.976963120567333,-2.4976839976648386,1.3407752498662209,-0.538822438229225,4.777611087380457,-0.7904692872412404,1.0140006173100948
44.0,257.0,143.7252960205078,-1.0316910273098472,2.682191315846972,-4.920570258832953,-4.976963048971231,-2.497683308116905,1.340775494695868,-0.5388228991519064,4.777610571442629,-0.7904691611097983,1.0140001812874209
44.0,257.0,143.7252960205078,-1.0316907937775293,2.6821910352958422,-4.920569667629749,-4.97696276399591,-2.497683331028912,1.340775541000447,-0.5388228618183541,4.777610826322846,-0.7904691062308391,1.0140001636132905
44.0,257.0,143.72531127929688,-1.031690876640571,2.6821914250772263,-4.920570363131797,-4.976962549534892,-2.497682472861371,1.3407757324626903,-0.5388232167309344,4.777610474459863,-0.790469077674973,1.0139996766624568
44.0,257.0,143.7252960205078,-1.0316910185761174,2.68219145306555,-4.9205693962074735,-4.976963030191468,-2.4976836650636387,1.34077543807913,-0.5388228455741242,4.777610723959043,-0.7904690200694056,1.014000478552698
44.0,257.0,143.7252960205078,-1.0316913199496716,2.682191074095289,-4.920569651073673,-4.976963461728665,-2.497684150044396,1.3407753298365677,-0.5388223647352444,4.777611147302528,-0.7904689793288693,1.0140007931280737
44.0,257.0,143.7252960205078,-1.0316912214315122,2.6821916667429164,-4.920570253911556,-4.976962616647692,-2.497683330141118,1.340775293081416,-0.5388229558420115,4.777610591916183,-0.7904691107102533,1.0140003019094497
44.0,257.0,143.7252960205078,-1.0316911299462097,2.682191911492681,-4.920570302987579,-4.976962504857432,-2.4976828871756345,1.3407758175458024,-0.5388229877046395,4.777610572047209,-0.7904691344252486,1.014000048020539
44.0,257.0,143.72531127929688,-1.031690893069995,2.6821916333968074,-4.920569987847747,-4.976962202895207,-2.497682924725132,1.3407756812575178,-0.5388231966066002,4.77761045841687,-0.7904691850227499,1.0139997835329462
44.0,257.0,143.7252960205078,-1.0316909600946618,2.6821911745055607,-4.92057007161271,-4.976963390741074,-2.497683848780707,1.340775495184353,-0.5388228358208487,4.777610977158654,-0.7904691141104534,1.0140004907674882
44.0,257.0,143.7252960205078,-1.0316913568368808,2.682191058468886,-4.920569843116541,-4.976963301634426,-2.497683452542958,1.3407749057407037,-0.5388225174687564,4.777610906563602,-0.7904690850623517,1.0140006567438684
44.0,257.0,143.7252960205078,-1.0316910835839672,2.6821909679482028,-4.920570245644662,-4.976963122569736,-2.497683615151608,1.3407754467525548,-0.5388227615898753,4.777611174815871,-0.7904693235018039,1.014000261381403
44.0,257.0,143.7252960205078,-1.0316915660569723,2.682191045510532,-4.920569528481698,-4.976963660172476,-2.497684375368128,1.3407750971729318,-0.5388224317126342,4.777611131784262,-0.7904690069881042,1.0140008647517629
44.0,257.0,143.7252960205078,-1.0316911678293472,2.6821914534058813,-4.920570337357752,-4.976962425881206,-2.4976833107086254,1.3407757154680846,-0.53882289734966,4.777610628042865,-0.7904692758562435,1.0140000990068732
44.0,257.0,143.7252960205078,-1.031691227298504,2.6821920089536624,-4.9205703318186655,-4.976961818510871,-2.497683543251028,1.3407756197008585,-0.5388233926674424,4.777610721466489,-0.7904694235952467,1.014000042669288
44.0,257.0,143.7252960205078,-1.0316912220927543,2.6821914896662005,-4.920569976759285,-4.976962606485906,-2.497683985913448,1.3407754240837022,-0.5388228822651282,4.777611357721073,-0.7904693693155203,1.0140005658113491
44.0,257.0,143.72531127929688,-1.0316904975923222,2.6821910866831464,-4.920569599812396,-4.976963292795928,-2.4976830133718444,1.3407752714882912,-0.5388231372983521,4.777610816681618,-0.7904690032055655,1.0140000571835328
44.0,257.0,143.7252960205078,-1.0316904898698391,2.6821906606098374,-4.920569178361495,-4.976964245093932,-2.497683519548102,1.340775095655462,-0.5388226481076881,4.77761099131723,-0.790468829445417,1.014000492534162
44.0,257.0,143.7252960205078,-1.031690834108272,2.6821910396301663,-4.920570172065436,-4.976963250512115,-2.4976831171178526,1.3407754632296616,-0.5388229307167283,4.777610573381949,-0.7904690873099547,1.0140000958482809
44.0,257.0,143.7252960205078,-1.031691381384621,2.6821913393464385,-4.920569381408203,-4.976963270381432,-2.497683924294289,1.3407751802109082,-0.5388226210274478,4.777611215712534,-0.7904690158949546,1.0140008118083053
44.0,257.0,143.72531127929688,-1.0316907089286218,2.682191910545134,-4.920570163677582,-4.976962444794597,-2.497682739746727,1.340775764634312,-0.538823438075994,4.777610409643369,-0.7904691678640798,1.0139998394568517
44.0,257.0,143.7252960205078,-1.031691373056121,2.6821907311542725,-4.920570390446678,-4.9769633434599205,-2.4976838607679666,1.340775530691225,-0.5388225303703713,4.777610908075538,-0.7904692795272501,1.0140004068489166
44.0,257.0,143.7252960205078,-1.0316915089210754,2.682191585554184,-4.920569474937659,-4.976963446339423,-2.497683570522576,1.3407750233679758,-0.5388225928905932,4.7776110115991415,-0.7904688949066454,1.0140007648980711
44.0,257.0,143.72531127929688,-1.0316913525438007,2.6821915765204825,-4.920569776408965,-4.9769629778186815,-2.4976832502871185,1.340775483196558,-0.5388227467587869,4.777610486398082,-0.7904689534097766,1.0140004124691728
44.0,257.0,143.7252960205078,-1.031690381292642,2.682191519048299,-4.920570179411394,-4.976962916240299,-2.497682543610684,1.340775564556366,-0.5388234728270209,4.777610480240645,-0.790469046606729,1.0139997308290614
44.0,257.0,143.7252960205078,-1.0316915450335058,2.68219165162183,-4.92057050343503,-4.9769631710495625,-2.497683200381251,1.3407753971381542,-0.5388225139912608,4.777610599850714,-0.7904688853519124,1.0140006401332062
44.0,257.0,143.72531127929688,-1.0316905887804857,2.6821914262373925,-4.920569686811891,-4.976963407648607,-2.4976829246545416,1.3407754089863202,-0.5388230780582548,4.77761082317477,-0.7904688766671972,1.0140002431266542
44.0,257.0,143.7252960205078,-1.0316915670577105,2.682191183664216,-4.920569513796538,-4.976963304815523,-2.49768418038914,1.340775170119862,-0.5388224625018463,4.777611088865669,-0.7904689872679853,1.0140009140485056
44.0,257.0,143.7252960205078,-1.0316916335445607,2.6821914147274404,-4.9205697089886105,-4.976963286888132,-2.4976840947398324,1.340775355428292,-0.5388224433754214,4.7776112974715375,-0.7904690410379906,1.0140008669222231
44.0,257.0,143.72531127929688,-1.031691950696862,2.6821911665685327,-4.920570092539818,-4.976963279070834,-2.4976844886323315,1.340775351022902,-0.5388220576035341,4.777611345702846,-0.7904692782309173,1.0140012921094197
44.0,257.0,143.7252960205078,-1.031691533256533,2.6821915735977653,-4.920570194634275,-4.976962585769958,-2.497683898647214,1.3407755204178071,-0.5388225938882325,4.77761095494902,-0.7904692729939997,1.014000701464454
44.0,257.0,143.7252960205078,-1.0316914519372968,2.6821907593958363,-4.920570545394368,-4.976962851994406,-2.497683681874434,1.3407755958861864,-0.5388223647925274,4.7776107771207865,-0.7904692787546663,1.014000228416661
44.0,257.0,143.7252960205078,-1.0316912208771694,2.6821912725243653,-4.920569472298422,-4.976963116375362,-2.497683939674017,1.3407752768208496,-0.5388224426567074,4.777610756873939,-0.7904691557594061,1.01400084423957
44.0,257.0,143.72531127929688,-1.031690955515019,2.682191785535494,-4.920569830817617,-4.976963331651461,-2.497682655041912,1.3407752636030352,-0.538822922313348,4.777610541251162,-0.790468667136536,1.014000370879085
44.0,257.0,143.7252960205078,-1.031691226010336,2.6821915553158355,-4.920570030402106,-4.976962576804143,-2.4976826745853846,1.3407756512649938,-0.5388231360084248,4.777610600817429,-0.7904690671590417,1.013999847458508
44.0,257.0,143.72531127929688,-1.0316902433023434,2.682191666928798,-4.9205702201043255,-4.976962475888958,-2.49768217537404,1.3407757495611872,-0.538823706034198,4.7776101791529975,-0.79046896868992,1.0139992486796157
44.0,257.0,143.7252960205078,-1.0316906891958766,2.68219147469002,-4.920570117085319,-4.976962594967271,-2.4976829383841235,1.340775735259184,-0.5388233299191727,4.777610579470785,-0.7904691717593266,1.0139997333792303
44.0,257.0,143.7252960205078,-1.0316914821699452,2.6821912431408803,-4.920570336214334,-4.976962590050475,-2.497683568565169,1.3407756904572068,-0.5388227312083282,4.777611181905092,-0.7904694162573502,1.014000221533986
44.0,257.0,143.7252960205078,-1.0316909584643517,2.6821906627834045,-4.920569915711287,-4.976963512247674,-2.4976841394379807,1.3407751984005092,-0.5388227733465811,4.77761142874577,-0.7904692141989509,1.0140006545193128
44.0,257.0,143.7252960205078,-1.03169142958301,2.682191004271796,-4.9205693052219885,-4.97696367669675,-2.497683712144597,1.340775090535276,-0.538822364046859,4.777611133035688,-0.7904689702999548,1.0140008077320155
44.0,257.0,143.7252960205078,-1.031691640254004,2.682191926704678,-4.920569683853785,-4.976962554918854,-2.497683529435672,1.340775107031,-0.5388228103490285,4.7776111078985615,-0.79046908821865,1.0140006886128443
44.0,257.0,143.7252960205078,-1.0316914609897063,2.6821914412357337,-4.920570058932393,-4.976963040886922,-2.497684185494716,1.340775437172125,-0.5388225216045992,4.777611499101802,-0.7904692325574896,1.0140009469377702
44.0,257.0,143.7252960205078,-1.0316904702153646,2.6821914287294204,-4.920570201980144,-4.976962380626331,-2.497682708512403,1.3407757321403038,-0.5388234579011186,4.777610642297649,-0.7904692141708578,1.0139996952466293
44.0,257.0,143.7252960205078,-1.031690719090927,2.682191742245691,-4.920569878556556,-4.976962308201744,-2.497683085736269,1.3407755705211528,-0.5388233714040851,4.777610722883187,-0.790469167138018,1.0139999617801996
44.0,257.0,143.7252960205078,-1.031690814863095,2.6821908114683595,-4.920570346464027,-4.976963163620345,-2.4976835807269246,1.3407754209787033,-0.5388228462737388,4.777610686929606,-0.7904691790137637,1.0140001421211575
44.0,257.0,143.7252960205078,-1.0316914259846852,2.6821912852086207,-4.920570054996845,-4.976963457633112,-2.4976832608686217,1.3407754557399247,-0.5388225472923303,4.777610896462958,-0.7904690113327248,1.0140005069763325
44.0,257.0,143.7252960205078,-1.0316921648133115,2.6821918506268725,-4.920570108292457,-4.976962170891197,-2.4976842568485584,1.3407754078724654,-0.5388223777468681,4.777611180369714,-0.7904694682703086,1.014000922589422
44.0,257.0,143.7252960205078,-1.0316909269313372,2.682190705518658,-4.920569934073503,-4.976963070824039,-2.49768331415816,1.340775375522389,-0.5388230232604005,4.777610697293802,-0.7904691076651469,1.0139999664020136
44.0,258.0,143.7252960205078,-1.0316918090539682,2.6821914815386494,-4.9205705090448,-4.976962509205115,-2.497683790784471,1.3407756352993152,-0.5388225120524259,4.777610682436267,-0.7904694080418464,1.014000466299409
44.0,258.0,143.7252960205078,-1.0316911816315928,2.682191404397142,-4.920570535207701,-4.976962232063634,-2.4976837105080394,1.3407758299195036,-0.5388229462586791,4.777610913717062,-0.7904695594838476,1.014000067359876
44.0,258.0,143.7252960205078,-1.031691589310712,2.682191006059858,-4.920570563884254,-4.976963120567333,-2.4976839976648386,1.3407752498662209,-0.538822438229225,4.777611087380457,-0.7904692872412404,1.0140006173100948
44.0,258.0,143.7252960205078,-1.0316910273098472,2.682191315846972,-4.920570258832953,-4.976963048971231,-2.497683308116905,1.340775494695868,-0.5388228991519064,4.777610571442629,-0.7904691611097983,1.0140001812874209
44.0,258.0,143.7252960205078,-1.0316907937775293,2.6821910352958422,-4.920569667629749,-4.97696276399591,-2.497683331028912,1.340775541000447,-0.5388228618183541,4.777610826322846,-0.7904691062308391,1.0140001636132905
44.0,258.0,143.72531127929688,-1.031690876640571,2.6821914250772263,-4.920570363131797,-4.976962549534892,-2.497682472861371,1.3407757324626903,-0.5388232167309344,4.777610474459863,-0.790469077674973,1.0139996766624568
44.0,258.0,143.7252960205078,-1.0316910185761174,2.68219145306555,-4.9205693962074735,-4.976963030191468,-2.4976836650636387,1.34077543807913,-0.5388228455741242,4.777610723959043,-0.7904690200694056,1.014000478552698
44.0,258.0,143.7252960205078,-1.0316913199496716,2.682191074095289,-4.920569651073673,-4.976963461728665,-2.497684150044396,1.3407753298365677,-0.5388223647352444,4.777611147302528,-0.7904689793288693,1.0140007931280737
44.0,258.0,143.7252960205078,-1.0316912214315122,2.6821916667429164,-4.920570253911556,-4.976962616647692,-2.497683330141118,1.340775293081416,-0.5388229558420115,4.777610591916183,-0.7904691107102533,1.0140003019094497
44.0,258.0,143.7252960205078,-1.0316911299462097,2.682191911492681,-4.920570302987579,-4.976962504857432,-2.4976828871756345,1.3407758175458024,-0.5388229877046395,4.777610572047209,-0.7904691344252486,1.014000048020539
44.0,258.0,143.72531127929688,-1.031690893069995,2.6821916333968074,-4.920569987847747,-4.976962202895207,-2.497682924725132,1.3407756812575178,-0.5388231966066002,4.77761045841687,-0.7904691850227499,1.0139997835329462
44.0,258.0,143.7252960205078,-1.0316909600946618,2.6821911745055607,-4.92057007161271,-4.976963390741074,-2.497683848780707,1.340775495184353,-0.5388228358208487,4.777610977158654,-0.7904691141104534,1.0140004907674882
44.0,258.0,143.7252960205078,-1.0316913568368808,2.682191058468886,-4.920569843116541,-4.976963301634426,-2.497683452542958,1.3407749057407037,-0.5388225174687564,4.777610906563602,-0.7904690850623517,1.0140006567438684
44.0,258.0,143.7252960205078,-1.0316910835839672,2.6821909679482028,-4.920570245644662,-4.976963122569736,-2.497683615151608,1.3407754467525548,-0.5388227615898753,4.777611174815871,-0.7904693235018039,1.014000261381403
44.0,258.0,143.7252960205078,-1.0316915660569723,2.682191045510532,-4.920569528481698,-4.976963660172476,-2.497684375368128,1.3407750971729318,-0.5388224317126342,4.777611131784262,-0.7904690069881042,1.0140008647517629
44.0,258.0,143.7252960205078,-1.0316911678293472,2.6821914534058813,-4.920570337357752,-4.976962425881206,-2.4976833107086254,1.3407757154680846,-0.53882289734966,4.777610628042865,-0.7904692758562435,1.0140000990068732
44.0,258.0,143.7252960205078,-1.031691227298504,2.6821920089536624,-4.9205703318186655,-4.976961818510871,-2.497683543251028,1.3407756197008585,-0.5388233926674424,4.777610721466489,-0.7904694235952467,1.014000042669288
44.0,258.0,143.7252960205078,-1.0316912220927543,2.6821914896662005,-4.920569976759285,-4.976962606485906,-2.497683985913448,1.3407754240837022,-0.5388228822651282,4.777611357721073,-0.7904693693155203,1.0140005658113491
44.0,258.0,143.72531127929688,-1.0316904975923222,2.6821910866831464,-4.920569599812396,-4.976963292795928,-2.4976830133718444,1.3407752714882912,-0.5388231372983521,4.777610816681618,-0.7904690032055655,1.0140000571835328
44.0,258.0,143.7252960205078,-1.0316904898698391,2.6821906606098374,-4.920569178361495,-4.976964245093932,-2.497683519548102,1.340775095655462,-0.5388226481076881,4.77761099131723,-0.790468829445417,1.014000492534162
44.0,258.0,143.7252960205078,-1.031690834108272,2.6821910396301663,-4.920570172065436,-4.976963250512115,-2.4976831171178526,1.3407754632296616,-0.5388229307167283,4.777610573381949,-0.7904690873099547,1.0140000958482809
44.0,258.0,143.7252960205078,-1.031691381384621,2.6821913393464385,-4.920569381408203,-4.976963270381432,-2.497683924294289,1.3407751802109082,-0.5388226210274478,4.777611215712534,-0.7904690158949546,1.0140008118083053
44.0,258.0,143.72531127929688,-1.0316907089286218,2.682191910545134,-4.920570163677582,-4.976962444794597,-2.497682739746727,1.340775764634312,-0.538823438075994,4.777610409643369,-0.7904691678640798,1.0139998394568517
44.0,258.0,143.7252960205078,-1.031691373056121,2.6821907311542725,-4.920570390446678,-4.9769633434599205,-2.4976838607679666,1.340775530691225,-0.5388225303703713,4.777610908075538,-0.7904692795272501,1.0140004068489166
44.0,258.0,143.7252960205078,-1.0316915089210754,2.682191585554184,-4.920569474937659,-4.976963446339423,-2.497683570522576,1.3407750233679758,-0.5388225928905932,4.7776110115991415,-0.7904688949066454,1.0140007648980711
44.0,258.0,143.72531127929688,-1.0316913525438007,2.6821915765204825,-4.920569776408965,-4.9769629778186815,-2.4976832502871185,1.340775483196558,-0.5388227467587869,4.777610486398082,-0.7904689534097766,1.0140004124691728
44.0,258.0,143.7252960205078,-1.031690381292642,2.682191519048299,-4.920570179411394,-4.976962916240299,-2.497682543610684,1.340775564556366,-0.5388234728270209,4.777610480240645,-0.790469046606729,1.0139997308290614
44.0,258.0,143.7252960205078,-1.0316915450335058,2.68219165162183,-4.92057050343503,-4.9769631710495625,-2.497683200381251,1.3407753971381542,-0.5388225139912608,4.777610599850714,-0.7904688853519124,1.0140006401332062
44.0,258.0,143.72531127929688,-1.0316905887804857,2.6821914262373925,-4.920569686811891,-4.976963407648607,-2.4976829246545416,1.3407754089863202,-0.5388230780582548,4.77761082317477,-0.7904688766671972,1.0140002431266542
44.0,258.0,143.7252960205078,-1.0316915670577105,2.682191183664216,-4.920569513796538,-4.976963304815523,-2.49768418038914,1.340775170119862,-0.5388224625018463,4.777611088865669,-0.7904689872679853,1.0140009140485056
44.0,258.0,143.7252960205078,-1.0316916335445607,2.6821914147274404,-4.9205697089886105,-4.976963286888132,-2.4976840947398324,1.340775355428292,-0.5388224433754214,4.7776112974715375,-0.7904690410379906,1.0140008669222231
44.0,258.0,143.72531127929688,-1.031691950696862,2.6821911665685327,-4.920570092539818,-4.976963279070834,-2.4976844886323315,1.340775351022902,-0.5388220576035341,4.777611345702846,-0.7904692782309173,1.0140012921094197
44.0,258.0,143.7252960205078,-1.031691533256533,2.6821915735977653,-4.920570194634275,-4.976962585769958,-2.497683898647214,1.3407755204178071,-0.5388225938882325,4.77761095494902,-0.7904692729939997,1.014000701464454
44.0,258.0,143.7252960205078,-1.0316914519372968,2.6821907593958363,-4.920570545394368,-4.976962851994406,-2.497683681874434,1.3407755958861864,-0.5388223647925274,4.7776107771207865,-0.7904692787546663,1.014000228416661
44.0,258.0,143.7252960205078,-1.0316912208771694,2.6821912725243653,-4.920569472298422,-4.976963116375362,-2.497683939674017,1.3407752768208496,-0.5388224426567074,4.777610756873939,-0.7904691557594061,1.01400084423957
44.0,258.0,143.72531127929688,-1.031690955515019,2.682191785535494,-4.920569830817617,-4.976963331651461,-2.497682655041912,1.3407752636030352,-0.538822922313348,4.777610541251162,-0.790468667136536,1.014000370879085
44.0,258.0,143.7252960205078,-1.031691226010336,2.6821915553158355,-4.920570030402106,-4.976962576804143,-2.4976826745853846,1.3407756512649938,-0.5388231360084248,4.777610600817429,-0.7904690671590417,1.013999847458508
44.0,258.0,143.72531127929688,-1.0316902433023434,2.682191666928798,-4.9205702201043255,-4.976962475888958,-2.49768217537404,1.3407757495611872,-0.538823706034198,4.7776101791529975,-0.79046896868992,1.0139992486796157
44.0,258.0,143.7252960205078,-1.0316906891958766,2.68219147469002,-4.920570117085319,-4.976962594967271,-2.4976829383841235,1.340775735259184,-0.5388233299191727,4.777610579470785,-0.7904691717593266,1.0139997333792303
44.0,258.0,143.7252960205078,-1.0316914821699452,2.6821912431408803,-4.920570336214334,-4.976962590050475,-2.497683568565169,1.3407756904572068,-0.5388227312083282,4.777611181905092,-0.7904694162573502,1.014000221533986
44.0,258.0,143.7252960205078,-1.0316909584643517,2.6821906627834045,-4.920569915711287,-4.976963512247674,-2.4976841394379807,1.3407751984005092,-0.5388227733465811,4.77761142874577,-0.7904692141989509,1.0140006545193128
44.0,258.0,143.7252960205078,-1.03169142958301,2.682191004271796,-4.9205693052219885,-4.97696367669675,-2.497683712144597,1.340775090535276,-0.538822364046859,4.777611133035688,-0.7904689702999548,1.0140008077320155
44.0,258.0,143.7252960205078,-1.031691640254004,2.682191926704678,-4.920569683853785,-4.976962554918854,-2.497683529435672,1.340775107031,-0.5388228103490285,4.7776111078985615,-0.79046908821865,1.0140006886128443
44.0,258.0,143.7252960205078,-1.0316914609897063,2.6821914412357337,-4.920570058932393,-4.976963040886922,-2.497684185494716,1.340775437172125,-0.5388225216045992,4.777611499101802,-0.7904692325574896,1.0140009469377702
44.0,258.0,143.7252960205078,-1.0316904702153646,2.6821914287294204,-4.920570201980144,-4.976962380626331,-2.497682708512403,1.3407757321403038,-0.5388234579011186,4.777610642297649,-0.7904692141708578,1.0139996952466293
44.0,258.0,143.7252960205078,-1.031690719090927,2.682191742245691,-4.920569878556556,-4.976962308201744,-2.497683085736269,1.3407755705211528,-0.5388233714040851,4.777610722883187,-0.790469167138018,1.0139999617801996
44.0,258.0,143.7252960205078,-1.031690814863095,2.6821908114683595,-4.920570346464027,-4.976963163620345,-2.4976835807269246,1.3407754209787033,-0.5388228462737388,4.777610686929606,-0.7904691790137637,1.0140001421211575
44.0,258.0,143.7252960205078,-1.0316914259846852,2.6821912852086207,-4.920570054996845,-4.976963457633112,-2.4976832608686217,1.3407754557399247,-0.5388225472923303,4.777610896462958,-0.7904690113327248,1.0140005069763325
44.0,258.0,143.7252960205078,-1.0316921648133115,2.6821918506268725,-4.920570108292457,-4.976962170891197,-2.4976842568485584,1.3407754078724654,-0.5388223777468681,4.777611180369714,-0.7904694682703086,1.014000922589422
44.0,258.0,143.7252960205078,-1.0316909269313372,2.682190705518658,-4.920569934073503,-4.976963070824039,-2.49768331415816,1.340775375522389,-0.5388230232604005,4.777610697293802,-0.7904691076651469,1.0139999664020136
44.0,259.0,143.7252960205078,-1.0316918090539682,2.6821914815386494,-4.9205705090448,-4.976962509205115,-2.497683790784471,1.3407756352993152,-0.5388225120524259,4.777610682436267,-0.7904694080418464,1.014000466299409
44.0,259.0,143.7252960205078,-1.0316911816315928,2.682191404397142,-4.920570535207701,-4.976962232063634,-2.4976837105080394,1.3407758299195036,-0.5388229462586791,4.777610913717062,-0.7904695594838476,1.014000067359876
44.0,259.0,143.7252960205078,-1.031691589310712,2.682191006059858,-4.920570563884254,-4.976963120567333,-2.4976839976648386,1.3407752498662209,-0.538822438229225,4.777611087380457,-0.7904692872412404,1.0140006173100948
44.0,259.0,143.7252960205078,-1.0316910273098472,2.682191315846972,-4.920570258832953,-4.976963048971231,-2.497683308116905,1.340775494695868,-0.5388228991519064,4.777610571442629,-0.7904691611097983,1.0140001812874209
44.0,259.0,143.7252960205078,-1.0316907937775293,2.6821910352958422,-4.920569667629749,-4.97696276399591,-2.497683331028912,1.340775541000447,-0.5388228618183541,4.777610826322846,-0.7904691062308391,1.0140001636132905
44.0,259.0,143.72531127929688,-1.031690876640571,2.6821914250772263,-4.920570363131797,-4.976962549534892,-2.497682472861371,1.3407757324626903,-0.5388232167309344,4.777610474459863,-0.790469077674973,1.0139996766624568
44.0,259.0,143.7252960205078,-1.0316910185761174,2.68219145306555,-4.9205693962074735,-4.976963030191468,-2.4976836650636387,1.34077543807913,-0.5388228455741242,4.777610723959043,-0.7904690200694056,1.014000478552698
44.0,259.0,143.7252960205078,-1.0316913199496716,2.682191074095289,-4.920569651073673,-4.976963461728665,-2.497684150044396,1.3407753298365677,-0.5388223647352444,4.777611147302528,-0.7904689793288693,1.0140007931280737
44.0,259.0,143.7252960205078,-1.0316912214315122,2.6821916667429164,-4.920570253911556,-4.976962616647692,-2.497683330141118,1.340775293081416,-0.5388229558420115,4.777610591916183,-0.7904691107102533,1.0140003019094497
44.0,259.0,143.7252960205078,-1.0316911299462097,2.682191911492681,-4.920570302987579,-4.976962504857432,-2.4976828871756345,1.3407758175458024,-0.5388229877046395,4.777610572047209,-0.7904691344252486,1.014000048020539
44.0,259.0,143.72531127929688,-1.031690893069995,2.6821916333968074,-4.920569987847747,-4.976962202895207,-2.497682924725132,1.3407756812575178,-0.5388231966066002,4.77761045841687,-0.7904691850227499,1.0139997835329462
44.0,259.0,143.7252960205078,-1.0316909600946618,2.6821911745055607,-4.92057007161271,-4.976963390741074,-2.497683848780707,1.340775495184353,-0.5388228358208487,4.777610977158654,-0.7904691141104534,1.0140004907674882
44.0,259.0,143.7252960205078,-1.0316913568368808,2.682191058468886,-4.920569843116541,-4.976963301634426,-2.497683452542958,1.3407749057407037,-0.5388225174687564,4.777610906563602,-0.7904690850623517,1.0140006567438684
44.0,259.0,143.7252960205078,-1.0316910835839672,2.6821909679482028,-4.920570245644662,-4.976963122569736,-2.497683615151608,1.3407754467525548,-0.5388227615898753,4.777611174815871,-0.7904693235018039,1.014000261381403
44.0,259.0,143.7252960205078,-1.0316915660569723,2.682191045510532,-4.920569528481698,-4.976963660172476,-2.497684375368128,1.3407750971729318,-0.5388224317126342,4.777611131784262,-0.7904690069881042,1.0140008647517629
44.0,259.0,143.7252960205078,-1.0316911678293472,2.6821914534058813,-4.920570337357752,-4.976962425881206,-2.4976833107086254,1.3407757154680846,-0.53882289734966,4.777610628042865,-0.7904692758562435,1.0140000990068732
44.0,259.0,143.7252960205078,-1.031691227298504,2.6821920089536624,-4.9205703318186655,-4.976961818510871,-2.497683543251028,1.3407756197008585,-0.5388233926674424,4.777610721466489,-0.7904694235952467,1.014000042669288
44.0,259.0,143.7252960205078,-1.0316912220927543,2.6821914896662005,-4.920569976759285,-4.976962606485906,-2.497683985913448,1.3407754240837022,-0.5388228822651282,4.777611357721073,-0.7904693693155203,1.0140005658113491
44.0,259.0,143.72531127929688,-1.0316904975923222,2.6821910866831464,-4.920569599812396,-4.976963292795928,-2.4976830133718444,1.3407752714882912,-0.5388231372983521,4.777610816681618,-0.7904690032055655,1.0140000571835328
44.0,259.0,143.7252960205078,-1.0316904898698391,2.6821906606098374,-4.920569178361495,-4.976964245093932,-2.497683519548102,1.340775095655462,-0.5388226481076881,4.77761099131723,-0.790468829445417,1.014000492534162
44.0,259.0,143.7252960205078,-1.031690834108272,2.6821910396301663,-4.920570172065436,-4.976963250512115,-2.4976831171178526,1.3407754632296616,-0.5388229307167283,4.777610573381949,-0.7904690873099547,1.0140000958482809
44.0,259.0,143.7252960205078,-1.031691381384621,2.6821913393464385,-4.920569381408203,-4.976963270381432,-2.497683924294289,1.3407751802109082,-0.5388226210274478,4.777611215712534,-0.7904690158949546,1.0140008118083053
44.0,259.0,143.72531127929688,-1.0316907089286218,2.682191910545134,-4.920570163677582,-4.976962444794597,-2.497682739746727,1.340775764634312,-0.538823438075994,4.777610409643369,-0.7904691678640798,1.0139998394568517
44.0,259.0,143.7252960205078,-1.031691373056121,2.6821907311542725,-4.920570390446678,-4.9769633434599205,-2.4976838607679666,1.340775530691225,-0.5388225303703713,4.777610908075538,-0.7904692795272501,1.0140004068489166
44.0,259.0,143.7252960205078,-1.0316915089210754,2.682191585554184,-4.920569474937659,-4.976963446339423,-2.497683570522576,1.3407750233679758,-0.5388225928905932,4.7776110115991415,-0.7904688949066454,1.0140007648980711
44.0,259.0,143.72531127929688,-1.0316913525438007,2.6821915765204825,-4.920569776408965,-4.9769629778186815,-2.4976832502871185,1.340775483196558,-0.5388227467587869,4.777610486398082,-0.7904689534097766,1.0140004124691728
44.0,259.0,143.7252960205078,-1.031690381292642,2.682191519048299,-4.920570179411394,-4.976962916240299,-2.497682543610684,1.340775564556366,-0.5388234728270209,4.777610480240645,-0.790469046606729,1.0139997308290614
44.0,259.0,143.7252960205078,-1.0316915450335058,2.68219165162183,-4.92057050343503,-4.9769631710495625,-2.497683200381251,1.3407753971381542,-0.5388225139912608,4.777610599850714,-0.7904688853519124,1.0140006401332062
44.0,259.0,143.72531127929688,-1.0316905887804857,2.6821914262373925,-4.920569686811891,-4.976963407648607,-2.4976829246545416,1.3407754089863202,-0.5388230780582548,4.77761082317477,-0.7904688766671972,1.0140002431266542
44.0,259.0,143.7252960205078,-1.0316915670577105,2.682191183664216,-4.920569513796538,-4.976963304815523,-2.49768418038914,1.340775170119862,-0.5388224625018463,4.777611088865669,-0.7904689872679853,1.0140009140485056
44.0,259.0,143.7252960205078,-1.0316916335445607,2.6821914147274404,-4.9205697089886105,-4.976963286888132,-2.4976840947398324,1.340775355428292,-0.5388224433754214,4.7776112974715375,-0.7904690410379906,1.0140008669222231
44.0,259.0,143.72531127929688,-1.031691950696862,2.6821911665685327,-4.920570092539818,-4.976963279070834,-2.4976844886323315,1.340775351022902,-0.5388220576035341,4.777611345702846,-0.7904692782309173,1.0140012921094197
44.0,259.0,143.7252960205078,-1.031691533256533,2.6821915735977653,-4.920570194634275,-4.976962585769958,-2.497683898647214,1.3407755204178071,-0.5388225938882325,4.77761095494902,-0.7904692729939997,1.014000701464454
44.0,259.0,143.7252960205078,-1.0316914519372968,2.6821907593958363,-4.920570545394368,-4.976962851994406,-2.497683681874434,1.3407755958861864,-0.5388223647925274,4.7776107771207865,-0.7904692787546663,1.014000228416661
44.0,259.0,143.7252960205078,-1.0316912208771694,2.6821912725243653,-4.920569472298422,-4.976963116375362,-2.497683939674017,1.3407752768208496,-0.5388224426567074,4.777610756873939,-0.7904691557594061,1.01400084423957
44.0,259.0,143.72531127929688,-1.031690955515019,2.682191785535494,-4.920569830817617,-4.976963331651461,-2.497682655041912,1.3407752636030352,-0.538822922313348,4.777610541251162,-0.790468667136536,1.014000370879085
44.0,259.0,143.7252960205078,-1.031691226010336,2.6821915553158355,-4.920570030402106,-4.976962576804143,-2.4976826745853846,1.3407756512649938,-0.5388231360084248,4.777610600817429,-0.7904690671590417,1.013999847458508
44.0,259.0,143.72531127929688,-1.0316902433023434,2.682191666928798,-4.9205702201043255,-4.976962475888958,-2.49768217537404,1.3407757495611872,-0.538823706034198,4.7776101791529975,-0.79046896868992,1.0139992486796157
44.0,259.0,143.7252960205078,-1.0316906891958766,2.68219147469002,-4.920570117085319,-4.976962594967271,-2.4976829383841235,1.340775735259184,-0.5388233299191727,4.777610579470785,-0.7904691717593266,1.0139997333792303
44.0,259.0,143.7252960205078,-1.0316914821699452,2.6821912431408803,-4.920570336214334,-4.976962590050475,-2.497683568565169,1.3407756904572068,-0.5388227312083282,4.777611181905092,-0.7904694162573502,1.014000221533986
44.0,259.0,143.7252960205078,-1.0316909584643517,2.6821906627834045,-4.920569915711287,-4.976963512247674,-2.4976841394379807,1.3407751984005092,-0.5388227733465811,4.77761142874577,-0.7904692141989509,1.0140006545193128
44.0,259.0,143.7252960205078,-1.03169142958301,2.682191004271796,-4.9205693052219885,-4.97696367669675,-2.497683712144597,1.340775090535276,-0.538822364046859,4.777611133035688,-0.7904689702999548,1.0140008077320155
44.0,259.0,143.7252960205078,-1.031691640254004,2.682191926704678,-4.920569683853785,-4.976962554918854,-2.497683529435672,1.340775107031,-0.5388228103490285,4.7776111078985615,-0.79046908821865,1.0140006886128443
44.0,259.0,143.7252960205078,-1.0316914609897063,2.6821914412357337,-4.920570058932393,-4.976963040886922,-2.497684185494716,1.340775437172125,-0.5388225216045992,4.777611499101802,-0.7904692325574896,1.0140009469377702
44.0,259.0,143.7252960205078,-1.0316904702153646,2.6821914287294204,-4.920570201980144,-4.976962380626331,-2.497682708512403,1.3407757321403038,-0.5388234579011186,4.777610642297649,-0.7904692141708578,1.0139996952466293
44.0,259.0,143.7252960205078,-1.031690719090927,2.682191742245691,-4.920569878556556,-4.976962308201744,-2.497683085736269,1.3407755705211528,-0.5388233714040851,4.777610722883187,-0.790469167138018,1.0139999617801996
44.0,259.0,143.7252960205078,-1.031690814863095,2.6821908114683595,-4.920570346464027,-4.976963163620345,-2.4976835807269246,1.3407754209787033,-0.5388228462737388,4.777610686929606,-0.7904691790137637,1.0140001421211575
44.0,259.0,143.7252960205078,-1.0316914259846852,2.6821912852086207,-4.920570054996845,-4.976963457633112,-2.4976832608686217,1.3407754557399247,-0.5388225472923303,4.777610896462958,-0.7904690113327248,1.0140005069763325
44.0,259.0,143.7252960205078,-1.0316921648133115,2.6821918506268725,-4.920570108292457,-4.976962170891197,-2.4976842568485584,1.3407754078724654,-0.5388223777468681,4.777611180369714,-0.7904694682703086,1.014000922589422
44.0,259.0,143.7252960205078,-1.0316909269313372,2.682190705518658,-4.920569934073503,-4.976963070824039,-2.49768331415816,1.340775375522389,-0.5388230232604005,4.777610697293802,-0.7904691076651469,1.0139999664020136
44.0,260.0,143.7252960205078,-1.0316918090539682,2.6821914815386494,-4.9205705090448,-4.976962509205115,-2.497683790784471,1.3407756352993152,-0.5388225120524259,4.777610682436267,-0.7904694080418464,1.014000466299409
44.0,260.0,143.7252960205078,-1.0316911816315928,2.682191404397142,-4.920570535207701,-4.976962232063634,-2.4976837105080394,1.3407758299195036,-0.5388229462586791,4.777610913717062,-0.7904695594838476,1.014000067359876
44.0,260.0,143.7252960205078,-1.031691589310712,2.682191006059858,-4.920570563884254,-4.976963120567333,-2.4976839976648386,1.3407752498662209,-0.538822438229225,4.777611087380457,-0.7904692872412404,1.0140006173100948
44.0,260.0,143.7252960205078,-1.0316910273098472,2.682191315846972,-4.920570258832953,-4.976963048971231,-2.497683308116905,1.340775494695868,-0.5388228991519064,4.777610571442629,-0.7904691611097983,1.0140001812874209
44.0,260.0,143.7252960205078,-1.0316907937775293,2.6821910352958422,-4.920569667629749,-4.97696276399591,-2.497683331028912,1.340775541000447,-0.5388228618183541,4.777610826322846,-0.7904691062308391,1.0140001636132905
44.0,260.0,143.72531127929688,-1.031690876640571,2.6821914250772263,-4.920570363131797,-4.976962549534892,-2.497682472861371,1.3407757324626903,-0.5388232167309344,4.777610474459863,-0.790469077674973,1.0139996766624568
44.0,260.0,143.7252960205078,-1.0316910185761174,2.68219145306555,-4.9205693962074735,-4.976963030191468,-2.4976836650636387,1.34077543807913,-0.5388228455741242,4.777610723959043,-0.7904690200694056,1.014000478552698
44.0,260.0,143.7252960205078,-1.0316913199496716,2.682191074095289,-4.920569651073673,-4.976963461728665,-2.497684150044396,1.3407753298365677,-0.5388223647352444,4.777611147302528,-0.7904689793288693,1.0140007931280737
44.0,260.0,143.7252960205078,-1.0316912214315122,2.6821916667429164,-4.920570253911556,-4.976962616647692,-2.497683330141118,1.340775293081416,-0.5388229558420115,4.777610591916183,-0.7904691107102533,1.0140003019094497
44.0,260.0,143.7252960205078,-1.0316911299462097,2.682191911492681,-4.920570302987579,-4.976962504857432,-2.4976828871756345,1.3407758175458024,-0.5388229877046395,4.777610572047209,-0.7904691344252486,1.014000048020539
44.0,260.0,143.72531127929688,-1.031690893069995,2.6821916333968074,-4.920569987847747,-4.976962202895207,-2.497682924725132,1.3407756812575178,-0.5388231966066002,4.77761045841687,-0.7904691850227499,1.0139997835329462
44.0,260.0,143.7252960205078,-1.0316909600946618,2.6821911745055607,-4.92057007161271,-4.976963390741074,-2.497683848780707,1.340775495184353,-0.5388228358208487,4.777610977158654,-0.7904691141104534,1.0140004907674882
44.0,260.0,143.7252960205078,-1.0316913568368808,2.682191058468886,-4.920569843116541,-4.976963301634426,-2.497683452542958,1.3407749057407037,-0.5388225174687564,4.777610906563602,-0.7904690850623517,1.0140006567438684
44.0,260.0,143.7252960205078,-1.0316910835839672,2.6821909679482028,-4.920570245644662,-4.976963122569736,-2.497683615151608,1.3407754467525548,-0.5388227615898753,4.777611174815871,-0.7904693235018039,1.014000261381403
44.0,260.0,143.7252960205078,-1.0316915660569723,2.682191045510532,-4.920569528481698,-4.976963660172476,-2.497684375368128,1.3407750971729318,-0.5388224317126342,4.777611131784262,-0.7904690069881042,1.0140008647517629
44.0,260.0,143.7252960205078,-1.0316911678293472,2.6821914534058813,-4.920570337357752,-4.976962425881206,-2.4976833107086254,1.3407757154680846,-0.53882289734966,4.777610628042865,-0.7904692758562435,1.0140000990068732
44.0,260.0,143.7252960205078,-1.031691227298504,2.6821920089536624,-4.9205703318186655,-4.976961818510871,-2.497683543251028,1.3407756197008585,-0.5388233926674424,4.777610721466489,-0.7904694235952467,1.014000042669288
44.0,260.0,143.7252960205078,-1.0316912220927543,2.6821914896662005,-4.920569976759285,-4.976962606485906,-2.497683985913448,1.3407754240837022,-0.5388228822651282,4.777611357721073,-0.7904693693155203,1.0140005658113491
44.0,260.0,143.72531127929688,-1.0316904975923222,2.6821910866831464,-4.920569599812396,-4.976963292795928,-2.4976830133718444,1.3407752714882912,-0.5388231372983521,4.777610816681618,-0.7904690032055655,1.0140000571835328
44.0,260.0,143.7252960205078,-1.0316904898698391,2.6821906606098374,-4.920569178361495,-4.976964245093932,-2.497683519548102,1.340775095655462,-0.5388226481076881,4.77761099131723,-0.790468829445417,1.014000492534162
44.0,260.0,143.7252960205078,-1.031690834108272,2.6821910396301663,-4.920570172065436,-4.976963250512115,-2.4976831171178526,1.3407754632296616,-0.5388229307167283,4.777610573381949,-0.7904690873099547,1.0140000958482809
44.0,260.0,143.7252960205078,-1.031691381384621,2.6821913393464385,-4.920569381408203,-4.976963270381432,-2.497683924294289,1.3407751802109082,-0.5388226210274478,4.777611215712534,-0.7904690158949546,1.0140008118083053
44.0,260.0,143.72531127929688,-1.0316907089286218,2.682191910545134,-4.920570163677582,-4.976962444794597,-2.497682739746727,1.340775764634312,-0.538823438075994,4.777610409643369,-0.7904691678640798,1.0139998394568517
44.0,260.0,143.7252960205078,-1.031691373056121,2.6821907311542725,-4.920570390446678,-4.9769633434599205,-2.4976838607679666,1.340775530691225,-0.5388225303703713,4.777610908075538,-0.7904692795272501,1.0140004068489166
44.0,260.0,143.7252960205078,-1.0316915089210754,2.682191585554184,-4.920569474937659,-4.976963446339423,-2.497683570522576,1.3407750233679758,-0.5388225928905932,4.7776110115991415,-0.7904688949066454,1.0140007648980711
44.0,260.0,143.72531127929688,-1.0316913525438007,2.6821915765204825,-4.920569776408965,-4.9769629778186815,-2.4976832502871185,1.340775483196558,-0.5388227467587869,4.777610486398082,-0.7904689534097766,1.0140004124691728
44.0,260.0,143.7252960205078,-1.031690381292642,2.682191519048299,-4.920570179411394,-4.976962916240299,-2.497682543610684,1.340775564556366,-0.5388234728270209,4.777610480240645,-0.790469046606729,1.0139997308290614
44.0,260.0,143.7252960205078,-1.0316915450335058,2.68219165162183,-4.92057050343503,-4.9769631710495625,-2.497683200381251,1.3407753971381542,-0.5388225139912608,4.777610599850714,-0.7904688853519124,1.0140006401332062
44.0,260.0,143.72531127929688,-1.0316905887804857,2.6821914262373925,-4.920569686811891,-4.976963407648607,-2.4976829246545416,1.3407754089863202,-0.5388230780582548,4.77761082317477,-0.7904688766671972,1.0140002431266542
44.0,260.0,143.7252960205078,-1.0316915670577105,2.682191183664216,-4.920569513796538,-4.976963304815523,-2.49768418038914,1.340775170119862,-0.5388224625018463,4.777611088865669,-0.7904689872679853,1.0140009140485056
44.0,260.0,143.7252960205078,-1.0316916335445607,2.6821914147274404,-4.9205697089886105,-4.976963286888132,-2.4976840947398324,1.340775355428292,-0.5388224433754214,4.7776112974715375,-0.7904690410379906,1.0140008669222231
44.0,260.0,143.72531127929688,-1.031691950696862,2.6821911665685327,-4.920570092539818,-4.976963279070834,-2.4976844886323315,1.340775351022902,-0.5388220576035341,4.777611345702846,-0.7904692782309173,1.0140012921094197
44.0,260.0,143.7252960205078,-1.031691533256533,2.6821915735977653,-4.920570194634275,-4.976962585769958,-2.497683898647214,1.3407755204178071,-0.5388225938882325,4.77761095494902,-0.7904692729939997,1.014000701464454
44.0,260.0,143.7252960205078,-1.0316914519372968,2.6821907593958363,-4.920570545394368,-4.976962851994406,-2.497683681874434,1.3407755958861864,-0.5388223647925274,4.7776107771207865,-0.7904692787546663,1.014000228416661
44.0,260.0,143.7252960205078,-1.0316912208771694,2.6821912725243653,-4.920569472298422,-4.976963116375362,-2.497683939674017,1.3407752768208496,-0.5388224426567074,4.777610756873939,-0.7904691557594061,1.01400084423957
44.0,260.0,143.72531127929688,-1.031690955515019,2.682191785535494,-4.920569830817617,-4.976963331651461,-2.497682655041912,1.3407752636030352,-0.538822922313348,4.777610541251162,-0.790468667136536,1.014000370879085
44.0,260.0,143.7252960205078,-1.031691226010336,2.6821915553158355,-4.920570030402106,-4.976962576804143,-2.4976826745853846,1.3407756512649938,-0.5388231360084248,4.777610600817429,-0.7904690671590417,1.013999847458508
44.0,260.0,143.72531127929688,-1.0316902433023434,2.682191666928798,-4.9205702201043255,-4.976962475888958,-2.49768217537404,1.3407757495611872,-0.538823706034198,4.7776101791529975,-0.79046896868992,1.0139992486796157
44.0,260.0,143.7252960205078,-1.0316906891958766,2.68219147469002,-4.920570117085319,-4.976962594967271,-2.4976829383841235,1.340775735259184,-0.5388233299191727,4.777610579470785,-0.7904691717593266,1.0139997333792303
44.0,260.0,143.7252960205078,-1.0316914821699452,2.6821912431408803,-4.920570336214334,-4.976962590050475,-2.497683568565169,1.3407756904572068,-0.5388227312083282,4.777611181905092,-0.7904694162573502,1.014000221533986
44.0,260.0,143.7252960205078,-1.0316909584643517,2.6821906627834045,-4.920569915711287,-4.976963512247674,-2.4976841394379807,1.3407751984005092,-0.5388227733465811,4.77761142874577,-0.7904692141989509,1.0140006545193128
44.0,260.0,143.7252960205078,-1.03169142958301,2.682191004271796,-4.9205693052219885,-4.97696367669675,-2.497683712144597,1.340775090535276,-0.538822364046859,4.777611133035688,-0.7904689702999548,1.0140008077320155
44.0,260.0,143.7252960205078,-1.031691640254004,2.682191926704678,-4.920569683853785,-4.976962554918854,-2.497683529435672,1.340775107031,-0.5388228103490285,4.7776111078985615,-0.79046908821865,1.0140006886128443
44.0,260.0,143.7252960205078,-1.0316914609897063,2.6821914412357337,-4.920570058932393,-4.976963040886922,-2.497684185494716,1.340775437172125,-0.5388225216045992,4.777611499101802,-0.7904692325574896,1.0140009469377702
44.0,260.0,143.7252960205078,-1.0316904702153646,2.6821914287294204,-4.920570201980144,-4.976962380626331,-2.497682708512403,1.3407757321403038,-0.5388234579011186,4.777610642297649,-0.7904692141708578,1.0139996952466293
44.0,260.0,143.7252960205078,-1.031690719090927,2.682191742245691,-4.920569878556556,-4.976962308201744,-2.497683085736269,1.3407755705211528,-0.5388233714040851,4.777610722883187,-0.790469167138018,1.0139999617801996
44.0,260.0,143.7252960205078,-1.031690814863095,2.6821908114683595,-4.920570346464027,-4.976963163620345,-2.4976835807269246,1.3407754209787033,-0.5388228462737388,4.777610686929606,-0.7904691790137637,1.0140001421211575
44.0,260.0,143.7252960205078,-1.0316914259846852,2.6821912852086207,-4.920570054996845,-4.976963457633112,-2.4976832608686217,1.3407754557399247,-0.5388225472923303,4.777610896462958,-0.7904690113327248,1.0140005069763325
44.0,260.0,143.7252960205078,-1.0316921648133115,2.6821918506268725,-4.920570108292457,-4.976962170891197,-2.4976842568485584,1.3407754078724654,-0.5388223777468681,4.777611180369714,-0.7904694682703086,1.014000922589422
44.0,260.0,143.7252960205078,-1.0316909269313372,2.682190705518658,-4.920569934073503,-4.976963070824039,-2.49768331415816,1.340775375522389,-0.5388230232604005,4.777610697293802,-0.7904691076651469,1.0139999664020136
44.0,261.0,143.7252960205078,-1.0316918090539682,2.6821914815386494,-4.9205705090448,-4.976962509205115,-2.497683790784471,1.3407756352993152,-0.5388225120524259,4.777610682436267,-0.7904694080418464,1.014000466299409
44.0,261.0,143.7252960205078,-1.0316911816315928,2.682191404397142,-4.920570535207701,-4.976962232063634,-2.4976837105080394,1.3407758299195036,-0.5388229462586791,4.777610913717062,-0.7904695594838476,1.014000067359876
44.0,261.0,143.7252960205078,-1.031691589310712,2.682191006059858,-4.920570563884254,-4.976963120567333,-2.4976839976648386,1.3407752498662209,-0.538822438229225,4.777611087380457,-0.7904692872412404,1.0140006173100948
44.0,261.0,143.7252960205078,-1.0316910273098472,2.682191315846972,-4.920570258832953,-4.976963048971231,-2.497683308116905,1.340775494695868,-0.5388228991519064,4.777610571442629,-0.7904691611097983,1.0140001812874209
44.0,261.0,143.7252960205078,-1.0316907937775293,2.6821910352958422,-4.920569667629749,-4.97696276399591,-2.497683331028912,1.340775541000447,-0.5388228618183541,4.777610826322846,-0.7904691062308391,1.0140001636132905
44.0,261.0,143.72531127929688,-1.031690876640571,2.6821914250772263,-4.920570363131797,-4.976962549534892,-2.497682472861371,1.3407757324626903,-0.5388232167309344,4.777610474459863,-0.790469077674973,1.0139996766624568
44.0,261.0,143.7252960205078,-1.0316910185761174,2.68219145306555,-4.9205693962074735,-4.976963030191468,-2.4976836650636387,1.34077543807913,-0.5388228455741242,4.777610723959043,-0.7904690200694056,1.014000478552698
44.0,261.0,143.7252960205078,-1.0316913199496716,2.682191074095289,-4.920569651073673,-4.976963461728665,-2.497684150044396,1.3407753298365677,-0.5388223647352444,4.777611147302528,-0.7904689793288693,1.0140007931280737
44.0,261.0,143.7252960205078,-1.0316912214315122,2.6821916667429164,-4.920570253911556,-4.976962616647692,-2.497683330141118,1.340775293081416,-0.5388229558420115,4.777610591916183,-0.7904691107102533,1.0140003019094497
44.0,261.0,143.7252960205078,-1.0316911299462097,2.682191911492681,-4.920570302987579,-4.976962504857432,-2.4976828871756345,1.3407758175458024,-0.5388229877046395,4.777610572047209,-0.7904691344252486,1.014000048020539
44.0,261.0,143.72531127929688,-1.031690893069995,2.6821916333968074,-4.920569987847747,-4.976962202895207,-2.497682924725132,1.3407756812575178,-0.5388231966066002,4.77761045841687,-0.7904691850227499,1.0139997835329462
44.0,261.0,143.7252960205078,-1.0316909600946618,2.6821911745055607,-4.92057007161271,-4.976963390741074,-2.497683848780707,1.340775495184353,-0.5388228358208487,4.777610977158654,-0.7904691141104534,1.0140004907674882
44.0,261.0,143.7252960205078,-1.0316913568368808,2.682191058468886,-4.920569843116541,-4.976963301634426,-2.497683452542958,1.3407749057407037,-0.5388225174687564,4.777610906563602,-0.7904690850623517,1.0140006567438684
44.0,261.0,143.7252960205078,-1.0316910835839672,2.6821909679482028,-4.920570245644662,-4.976963122569736,-2.497683615151608,1.3407754467525548,-0.5388227615898753,4.777611174815871,-0.7904693235018039,1.014000261381403
44.0,261.0,143.7252960205078,-1.0316915660569723,2.682191045510532,-4.920569528481698,-4.976963660172476,-2.497684375368128,1.3407750971729318,-0.5388224317126342,4.777611131784262,-0.7904690069881042,1.0140008647517629
44.0,261.0,143.7252960205078,-1.0316911678293472,2.6821914534058813,-4.920570337357752,-4.976962425881206,-2.4976833107086254,1.3407757154680846,-0.53882289734966,4.777610628042865,-0.7904692758562435,1.0140000990068732
44.0,261.0,143.7252960205078,-1.031691227298504,2.6821920089536624,-4.9205703318186655,-4.976961818510871,-2.497683543251028,1.3407756197008585,-0.5388233926674424,4.777610721466489,-0.7904694235952467,1.014000042669288
44.0,261.0,143.7252960205078,-1.0316912220927543,2.6821914896662005,-4.920569976759285,-4.976962606485906,-2.497683985913448,1.3407754240837022,-0.5388228822651282,4.777611357721073,-0.7904693693155203,1.0140005658113491
44.0,261.0,143.72531127929688,-1.0316904975923222,2.6821910866831464,-4.920569599812396,-4.976963292795928,-2.4976830133718444,1.3407752714882912,-0.5388231372983521,4.777610816681618,-0.7904690032055655,1.0140000571835328
44.0,261.0,143.7252960205078,-1.0316904898698391,2.6821906606098374,-4.920569178361495,-4.976964245093932,-2.497683519548102,1.340775095655462,-0.5388226481076881,4.77761099131723,-0.790468829445417,1.014000492534162
44.0,261.0,143.7252960205078,-1.031690834108272,2.6821910396301663,-4.920570172065436,-4.976963250512115,-2.4976831171178526,1.3407754632296616,-0.5388229307167283,4.777610573381949,-0.7904690873099547,1.0140000958482809
44.0,261.0,143.7252960205078,-1.031691381384621,2.6821913393464385,-4.920569381408203,-4.976963270381432,-2.497683924294289,1.3407751802109082,-0.5388226210274478,4.777611215712534,-0.7904690158949546,1.0140008118083053
44.0,261.0,143.72531127929688,-1.0316907089286218,2.682191910545134,-4.920570163677582,-4.976962444794597,-2.497682739746727,1.340775764634312,-0.538823438075994,4.777610409643369,-0.7904691678640798,1.0139998394568517
44.0,261.0,143.7252960205078,-1.031691373056121,2.6821907311542725,-4.920570390446678,-4.9769633434599205,-2.4976838607679666,1.340775530691225,-0.5388225303703713,4.777610908075538,-0.7904692795272501,1.0140004068489166
44.0,261.0,143.7252960205078,-1.0316915089210754,2.682191585554184,-4.920569474937659,-4.976963446339423,-2.497683570522576,1.3407750233679758,-0.5388225928905932,4.7776110115991415,-0.7904688949066454,1.0140007648980711
44.0,261.0,143.72531127929688,-1.0316913525438007,2.6821915765204825,-4.920569776408965,-4.9769629778186815,-2.4976832502871185,1.340775483196558,-0.5388227467587869,4.777610486398082,-0.7904689534097766,1.0140004124691728
44.0,261.0,143.7252960205078,-1.031690381292642,2.682191519048299,-4.920570179411394,-4.976962916240299,-2.497682543610684,1.340775564556366,-0.5388234728270209,4.777610480240645,-0.790469046606729,1.0139997308290614
44.0,261.0,143.7252960205078,-1.0316915450335058,2.68219165162183,-4.92057050343503,-4.9769631710495625,-2.497683200381251,1.3407753971381542,-0.5388225139912608,4.777610599850714,-0.7904688853519124,1.0140006401332062
44.0,261.0,143.72531127929688,-1.0316905887804857,2.6821914262373925,-4.920569686811891,-4.976963407648607,-2.4976829246545416,1.3407754089863202,-0.5388230780582548,4.77761082317477,-0.7904688766671972,1.0140002431266542
44.0,261.0,143.7252960205078,-1.0316915670577105,2.682191183664216,-4.920569513796538,-4.976963304815523,-2.49768418038914,1.340775170119862,-0.5388224625018463,4.777611088865669,-0.7904689872679853,1.0140009140485056
44.0,261.0,143.7252960205078,-1.0316916335445607,2.6821914147274404,-4.9205697089886105,-4.976963286888132,-2.4976840947398324,1.340775355428292,-0.5388224433754214,4.7776112974715375,-0.7904690410379906,1.0140008669222231
44.0,261.0,143.72531127929688,-1.031691950696862,2.6821911665685327,-4.920570092539818,-4.976963279070834,-2.4976844886323315,1.340775351022902,-0.5388220576035341,4.777611345702846,-0.7904692782309173,1.0140012921094197
44.0,261.0,143.7252960205078,-1.031691533256533,2.6821915735977653,-4.920570194634275,-4.976962585769958,-2.497683898647214,1.3407755204178071,-0.5388225938882325,4.77761095494902,-0.7904692729939997,1.014000701464454
44.0,261.0,143.7252960205078,-1.0316914519372968,2.6821907593958363,-4.920570545394368,-4.976962851994406,-2.497683681874434,1.3407755958861864,-0.5388223647925274,4.7776107771207865,-0.7904692787546663,1.014000228416661
44.0,261.0,143.7252960205078,-1.0316912208771694,2.6821912725243653,-4.920569472298422,-4.976963116375362,-2.497683939674017,1.3407752768208496,-0.5388224426567074,4.777610756873939,-0.7904691557594061,1.01400084423957
44.0,261.0,143.72531127929688,-1.031690955515019,2.682191785535494,-4.920569830817617,-4.976963331651461,-2.497682655041912,1.3407752636030352,-0.538822922313348,4.777610541251162,-0.790468667136536,1.014000370879085
44.0,261.0,143.7252960205078,-1.031691226010336,2.6821915553158355,-4.920570030402106,-4.976962576804143,-2.4976826745853846,1.3407756512649938,-0.5388231360084248,4.777610600817429,-0.7904690671590417,1.013999847458508
44.0,261.0,143.72531127929688,-1.0316902433023434,2.682191666928798,-4.9205702201043255,-4.976962475888958,-2.49768217537404,1.3407757495611872,-0.538823706034198,4.7776101791529975,-0.79046896868992,1.0139992486796157
44.0,261.0,143.7252960205078,-1.0316906891958766,2.68219147469002,-4.920570117085319,-4.976962594967271,-2.4976829383841235,1.340775735259184,-0.5388233299191727,4.777610579470785,-0.7904691717593266,1.0139997333792303
44.0,261.0,143.7252960205078,-1.0316914821699452,2.6821912431408803,-4.920570336214334,-4.976962590050475,-2.497683568565169,1.3407756904572068,-0.5388227312083282,4.777611181905092,-0.7904694162573502,1.014000221533986
44.0,261.0,143.7252960205078,-1.0316909584643517,2.6821906627834045,-4.920569915711287,-4.976963512247674,-2.4976841394379807,1.3407751984005092,-0.5388227733465811,4.77761142874577,-0.7904692141989509,1.0140006545193128
44.0,261.0,143.7252960205078,-1.03169142958301,2.682191004271796,-4.9205693052219885,-4.97696367669675,-2.497683712144597,1.340775090535276,-0.538822364046859,4.777611133035688,-0.7904689702999548,1.0140008077320155
44.0,261.0,143.7252960205078,-1.031691640254004,2.682191926704678,-4.920569683853785,-4.976962554918854,-2.497683529435672,1.340775107031,-0.5388228103490285,4.7776111078985615,-0.79046908821865,1.0140006886128443
44.0,261.0,143.7252960205078,-1.0316914609897063,2.6821914412357337,-4.920570058932393,-4.976963040886922,-2.497684185494716,1.340775437172125,-0.5388225216045992,4.777611499101802,-0.7904692325574896,1.0140009469377702
44.0,261.0,143.7252960205078,-1.0316904702153646,2.6821914287294204,-4.920570201980144,-4.976962380626331,-2.497682708512403,1.3407757321403038,-0.5388234579011186,4.777610642297649,-0.7904692141708578,1.0139996952466293
44.0,261.0,143.7252960205078,-1.031690719090927,2.682191742245691,-4.920569878556556,-4.976962308201744,-2.497683085736269,1.3407755705211528,-0.5388233714040851,4.777610722883187,-0.790469167138018,1.0139999617801996
44.0,261.0,143.7252960205078,-1.031690814863095,2.6821908114683595,-4.920570346464027,-4.976963163620345,-2.4976835807269246,1.3407754209787033,-0.5388228462737388,4.777610686929606,-0.7904691790137637,1.0140001421211575
44.0,261.0,143.7252960205078,-1.0316914259846852,2.6821912852086207,-4.920570054996845,-4.976963457633112,-2.4976832608686217,1.3407754557399247,-0.5388225472923303,4.777610896462958,-0.7904690113327248,1.0140005069763325
44.0,261.0,143.7252960205078,-1.0316921648133115,2.6821918506268725,-4.920570108292457,-4.976962170891197,-2.4976842568485584,1.3407754078724654,-0.5388223777468681,4.777611180369714,-0.7904694682703086,1.014000922589422
44.0,261.0,143.7252960205078,-1.0316909269313372,2.682190705518658,-4.920569934073503,-4.976963070824039,-2.49768331415816,1.340775375522389,-0.5388230232604005,4.777610697293802,-0.7904691076651469,1.0139999664020136
44.0,262.0,143.7252960205078,-1.0316918090539682,2.6821914815386494,-4.9205705090448,-4.976962509205115,-2.497683790784471,1.3407756352993152,-0.5388225120524259,4.777610682436267,-0.7904694080418464,1.014000466299409
44.0,262.0,143.7252960205078,-1.0316911816315928,2.682191404397142,-4.920570535207701,-4.976962232063634,-2.4976837105080394,1.3407758299195036,-0.5388229462586791,4.777610913717062,-0.7904695594838476,1.014000067359876
44.0,262.0,143.7252960205078,-1.031691589310712,2.682191006059858,-4.920570563884254,-4.976963120567333,-2.4976839976648386,1.3407752498662209,-0.538822438229225,4.777611087380457,-0.7904692872412404,1.0140006173100948
44.0,262.0,143.7252960205078,-1.0316910273098472,2.682191315846972,-4.920570258832953,-4.976963048971231,-2.497683308116905,1.340775494695868,-0.5388228991519064,4.777610571442629,-0.7904691611097983,1.0140001812874209
44.0,262.0,143.7252960205078,-1.0316907937775293,2.6821910352958422,-4.920569667629749,-4.97696276399591,-2.497683331028912,1.340775541000447,-0.5388228618183541,4.777610826322846,-0.7904691062308391,1.0140001636132905
44.0,262.0,143.72531127929688,-1.031690876640571,2.6821914250772263,-4.920570363131797,-4.976962549534892,-2.497682472861371,1.3407757324626903,-0.5388232167309344,4.777610474459863,-0.790469077674973,1.0139996766624568
44.0,262.0,143.7252960205078,-1.0316910185761174,2.68219145306555,-4.9205693962074735,-4.976963030191468,-2.4976836650636387,1.34077543807913,-0.5388228455741242,4.777610723959043,-0.7904690200694056,1.014000478552698
44.0,262.0,143.7252960205078,-1.0316913199496716,2.682191074095289,-4.920569651073673,-4.976963461728665,-2.497684150044396,1.3407753298365677,-0.5388223647352444,4.777611147302528,-0.7904689793288693,1.0140007931280737
44.0,262.0,143.7252960205078,-1.0316912214315122,2.6821916667429164,-4.920570253911556,-4.976962616647692,-2.497683330141118,1.340775293081416,-0.5388229558420115,4.777610591916183,-0.7904691107102533,1.0140003019094497
44.0,262.0,143.7252960205078,-1.0316911299462097,2.682191911492681,-4.920570302987579,-4.976962504857432,-2.4976828871756345,1.3407758175458024,-0.5388229877046395,4.777610572047209,-0.7904691344252486,1.014000048020539
44.0,262.0,143.72531127929688,-1.031690893069995,2.6821916333968074,-4.920569987847747,-4.976962202895207,-2.497682924725132,1.3407756812575178,-0.5388231966066002,4.77761045841687,-0.7904691850227499,1.0139997835329462
44.0,262.0,143.7252960205078,-1.0316909600946618,2.6821911745055607,-4.92057007161271,-4.976963390741074,-2.497683848780707,1.340775495184353,-0.5388228358208487,4.777610977158654,-0.7904691141104534,1.0140004907674882
44.0,262.0,143.7252960205078,-1.0316913568368808,2.682191058468886,-4.920569843116541,-4.976963301634426,-2.497683452542958,1.3407749057407037,-0.5388225174687564,4.777610906563602,-0.7904690850623517,1.0140006567438684
44.0,262.0,143.7252960205078,-1.0316910835839672,2.6821909679482028,-4.920570245644662,-4.976963122569736,-2.497683615151608,1.3407754467525548,-0.5388227615898753,4.777611174815871,-0.7904693235018039,1.014000261381403
44.0,262.0,143.7252960205078,-1.0316915660569723,2.682191045510532,-4.920569528481698,-4.976963660172476,-2.497684375368128,1.3407750971729318,-0.5388224317126342,4.777611131784262,-0.7904690069881042,1.0140008647517629
44.0,262.0,143.7252960205078,-1.0316911678293472,2.6821914534058813,-4.920570337357752,-4.976962425881206,-2.4976833107086254,1.3407757154680846,-0.53882289734966,4.777610628042865,-0.7904692758562435,1.0140000990068732
44.0,262.0,143.7252960205078,-1.031691227298504,2.6821920089536624,-4.9205703318186655,-4.976961818510871,-2.497683543251028,1.3407756197008585,-0.5388233926674424,4.777610721466489,-0.7904694235952467,1.014000042669288
44.0,262.0,143.7252960205078,-1.0316912220927543,2.6821914896662005,-4.920569976759285,-4.976962606485906,-2.497683985913448,1.3407754240837022,-0.5388228822651282,4.777611357721073,-0.7904693693155203,1.0140005658113491
44.0,262.0,143.72531127929688,-1.0316904975923222,2.6821910866831464,-4.920569599812396,-4.976963292795928,-2.4976830133718444,1.3407752714882912,-0.5388231372983521,4.777610816681618,-0.7904690032055655,1.0140000571835328
44.0,262.0,143.7252960205078,-1.0316904898698391,2.6821906606098374,-4.920569178361495,-4.976964245093932,-2.497683519548102,1.340775095655462,-0.5388226481076881,4.77761099131723,-0.790468829445417,1.014000492534162
44.0,262.0,143.7252960205078,-1.031690834108272,2.6821910396301663,-4.920570172065436,-4.976963250512115,-2.4976831171178526,1.3407754632296616,-0.5388229307167283,4.777610573381949,-0.7904690873099547,1.0140000958482809
44.0,262.0,143.7252960205078,-1.031691381384621,2.6821913393464385,-4.920569381408203,-4.976963270381432,-2.497683924294289,1.3407751802109082,-0.5388226210274478,4.777611215712534,-0.7904690158949546,1.0140008118083053
44.0,262.0,143.72531127929688,-1.0316907089286218,2.682191910545134,-4.920570163677582,-4.976962444794597,-2.497682739746727,1.340775764634312,-0.538823438075994,4.777610409643369,-0.7904691678640798,1.0139998394568517
44.0,262.0,143.7252960205078,-1.031691373056121,2.6821907311542725,-4.920570390446678,-4.9769633434599205,-2.4976838607679666,1.340775530691225,-0.5388225303703713,4.777610908075538,-0.7904692795272501,1.0140004068489166
44.0,262.0,143.7252960205078,-1.0316915089210754,2.682191585554184,-4.920569474937659,-4.976963446339423,-2.497683570522576,1.3407750233679758,-0.5388225928905932,4.7776110115991415,-0.7904688949066454,1.0140007648980711
44.0,262.0,143.72531127929688,-1.0316913525438007,2.6821915765204825,-4.920569776408965,-4.9769629778186815,-2.4976832502871185,1.340775483196558,-0.5388227467587869,4.777610486398082,-0.7904689534097766,1.0140004124691728
44.0,262.0,143.7252960205078,-1.031690381292642,2.682191519048299,-4.920570179411394,-4.976962916240299,-2.497682543610684,1.340775564556366,-0.5388234728270209,4.777610480240645,-0.790469046606729,1.0139997308290614
44.0,262.0,143.7252960205078,-1.0316915450335058,2.68219165162183,-4.92057050343503,-4.9769631710495625,-2.497683200381251,1.3407753971381542,-0.5388225139912608,4.777610599850714,-0.7904688853519124,1.0140006401332062
44.0,262.0,143.72531127929688,-1.0316905887804857,2.6821914262373925,-4.920569686811891,-4.976963407648607,-2.4976829246545416,1.3407754089863202,-0.5388230780582548,4.77761082317477,-0.7904688766671972,1.0140002431266542
44.0,262.0,143.7252960205078,-1.0316915670577105,2.682191183664216,-4.920569513796538,-4.976963304815523,-2.49768418038914,1.340775170119862,-0.5388224625018463,4.777611088865669,-0.7904689872679853,1.0140009140485056
44.0,262.0,143.7252960205078,-1.0316916335445607,2.6821914147274404,-4.9205697089886105,-4.976963286888132,-2.4976840947398324,1.340775355428292,-0.5388224433754214,4.7776112974715375,-0.7904690410379906,1.0140008669222231
44.0,262.0,143.72531127929688,-1.031691950696862,2.6821911665685327,-4.920570092539818,-4.976963279070834,-2.4976844886323315,1.340775351022902,-0.5388220576035341,4.777611345702846,-0.7904692782309173,1.0140012921094197
44.0,262.0,143.7252960205078,-1.031691533256533,2.6821915735977653,-4.920570194634275,-4.976962585769958,-2.497683898647214,1.3407755204178071,-0.5388225938882325,4.77761095494902,-0.7904692729939997,1.014000701464454
44.0,262.0,143.7252960205078,-1.0316914519372968,2.6821907593958363,-4.920570545394368,-4.976962851994406,-2.497683681874434,1.3407755958861864,-0.5388223647925274,4.7776107771207865,-0.7904692787546663,1.014000228416661
44.0,262.0,143.7252960205078,-1.0316912208771694,2.6821912725243653,-4.920569472298422,-4.976963116375362,-2.497683939674017,1.3407752768208496,-0.5388224426567074,4.777610756873939,-0.7904691557594061,1.01400084423957
44.0,262.0,143.72531127929688,-1.031690955515019,2.682191785535494,-4.920569830817617,-4.976963331651461,-2.497682655041912,1.3407752636030352,-0.538822922313348,4.777610541251162,-0.790468667136536,1.014000370879085
44.0,262.0,143.7252960205078,-1.031691226010336,2.6821915553158355,-4.920570030402106,-4.976962576804143,-2.4976826745853846,1.3407756512649938,-0.5388231360084248,4.777610600817429,-0.7904690671590417,1.013999847458508
44.0,262.0,143.72531127929688,-1.0316902433023434,2.682191666928798,-4.9205702201043255,-4.976962475888958,-2.49768217537404,1.3407757495611872,-0.538823706034198,4.7776101791529975,-0.79046896868992,1.0139992486796157
44.0,262.0,143.7252960205078,-1.0316906891958766,2.68219147469002,-4.920570117085319,-4.976962594967271,-2.4976829383841235,1.340775735259184,-0.5388233299191727,4.777610579470785,-0.7904691717593266,1.0139997333792303
44.0,262.0,143.7252960205078,-1.0316914821699452,2.6821912431408803,-4.920570336214334,-4.976962590050475,-2.497683568565169,1.3407756904572068,-0.5388227312083282,4.777611181905092,-0.7904694162573502,1.014000221533986
44.0,262.0,143.7252960205078,-1.0316909584643517,2.6821906627834045,-4.920569915711287,-4.976963512247674,-2.4976841394379807,1.3407751984005092,-0.5388227733465811,4.77761142874577,-0.7904692141989509,1.0140006545193128
44.0,262.0,143.7252960205078,-1.03169142958301,2.682191004271796,-4.9205693052219885,-4.97696367669675,-2.497683712144597,1.340775090535276,-0.538822364046859,4.777611133035688,-0.7904689702999548,1.0140008077320155
44.0,262.0,143.7252960205078,-1.031691640254004,2.682191926704678,-4.920569683853785,-4.976962554918854,-2.497683529435672,1.340775107031,-0.5388228103490285,4.7776111078985615,-0.79046908821865,1.0140006886128443
44.0,262.0,143.7252960205078,-1.0316914609897063,2.6821914412357337,-4.920570058932393,-4.976963040886922,-2.497684185494716,1.340775437172125,-0.5388225216045992,4.777611499101802,-0.7904692325574896,1.0140009469377702
44.0,262.0,143.7252960205078,-1.0316904702153646,2.6821914287294204,-4.920570201980144,-4.976962380626331,-2.497682708512403,1.3407757321403038,-0.5388234579011186,4.777610642297649,-0.7904692141708578,1.0139996952466293
44.0,262.0,143.7252960205078,-1.031690719090927,2.682191742245691,-4.920569878556556,-4.976962308201744,-2.497683085736269,1.3407755705211528,-0.5388233714040851,4.777610722883187,-0.790469167138018,1.0139999617801996
44.0,262.0,143.7252960205078,-1.031690814863095,2.6821908114683595,-4.920570346464027,-4.976963163620345,-2.4976835807269246,1.3407754209787033,-0.5388228462737388,4.777610686929606,-0.7904691790137637,1.0140001421211575
44.0,262.0,143.7252960205078,-1.0316914259846852,2.6821912852086207,-4.920570054996845,-4.976963457633112,-2.4976832608686217,1.3407754557399247,-0.5388225472923303,4.777610896462958,-0.7904690113327248,1.0140005069763325
44.0,262.0,143.7252960205078,-1.0316921648133115,2.6821918506268725,-4.920570108292457,-4.976962170891197,-2.4976842568485584,1.3407754078724654,-0.5388223777468681,4.777611180369714,-0.7904694682703086,1.014000922589422
44.0,262.0,143.7252960205078,-1.0316909269313372,2.682190705518658,-4.920569934073503,-4.976963070824039,-2.49768331415816,1.340775375522389,-0.5388230232604005,4.777610697293802,-0.7904691076651469,1.0139999664020136
44.0,263.0,143.7252960205078,-1.0316918090539682,2.6821914815386494,-4.9205705090448,-4.976962509205115,-2.497683790784471,1.3407756352993152,-0.5388225120524259,4.777610682436267,-0.7904694080418464,1.014000466299409
44.0,263.0,143.7252960205078,-1.0316911816315928,2.682191404397142,-4.920570535207701,-4.976962232063634,-2.4976837105080394,1.3407758299195036,-0.5388229462586791,4.777610913717062,-0.7904695594838476,1.014000067359876
44.0,263.0,143.7252960205078,-1.031691589310712,2.682191006059858,-4.920570563884254,-4.976963120567333,-2.4976839976648386,1.3407752498662209,-0.538822438229225,4.777611087380457,-0.7904692872412404,1.0140006173100948
44.0,263.0,143.7252960205078,-1.0316910273098472,2.682191315846972,-4.920570258832953,-4.976963048971231,-2.497683308116905,1.340775494695868,-0.5388228991519064,4.777610571442629,-0.7904691611097983,1.0140001812874209
44.0,263.0,143.7252960205078,-1.0316907937775293,2.6821910352958422,-4.920569667629749,-4.97696276399591,-2.497683331028912,1.340775541000447,-0.5388228618183541,4.777610826322846,-0.7904691062308391,1.0140001636132905
44.0,263.0,143.72531127929688,-1.031690876640571,2.6821914250772263,-4.920570363131797,-4.976962549534892,-2.497682472861371,1.3407757324626903,-0.5388232167309344,4.777610474459863,-0.790469077674973,1.0139996766624568
44.0,263.0,143.7252960205078,-1.0316910185761174,2.68219145306555,-4.9205693962074735,-4.976963030191468,-2.4976836650636387,1.34077543807913,-0.5388228455741242,4.777610723959043,-0.7904690200694056,1.014000478552698
44.0,263.0,143.7252960205078,-1.0316913199496716,2.682191074095289,-4.920569651073673,-4.976963461728665,-2.497684150044396,1.3407753298365677,-0.5388223647352444,4.777611147302528,-0.7904689793288693,1.0140007931280737
44.0,263.0,143.7252960205078,-1.0316912214315122,2.6821916667429164,-4.920570253911556,-4.976962616647692,-2.497683330141118,1.340775293081416,-0.5388229558420115,4.777610591916183,-0.7904691107102533,1.0140003019094497
44.0,263.0,143.7252960205078,-1.0316911299462097,2.682191911492681,-4.920570302987579,-4.976962504857432,-2.4976828871756345,1.3407758175458024,-0.5388229877046395,4.777610572047209,-0.7904691344252486,1.014000048020539
44.0,263.0,143.72531127929688,-1.031690893069995,2.6821916333968074,-4.920569987847747,-4.976962202895207,-2.497682924725132,1.3407756812575178,-0.5388231966066002,4.77761045841687,-0.7904691850227499,1.0139997835329462
44.0,263.0,143.7252960205078,-1.0316909600946618,2.6821911745055607,-4.92057007161271,-4.976963390741074,-2.497683848780707,1.340775495184353,-0.5388228358208487,4.777610977158654,-0.7904691141104534,1.0140004907674882
44.0,263.0,143.7252960205078,-1.0316913568368808,2.682191058468886,-4.920569843116541,-4.976963301634426,-2.497683452542958,1.3407749057407037,-0.5388225174687564,4.777610906563602,-0.7904690850623517,1.0140006567438684
44.0,263.0,143.7252960205078,-1.0316910835839672,2.6821909679482028,-4.920570245644662,-4.976963122569736,-2.497683615151608,1.3407754467525548,-0.5388227615898753,4.777611174815871,-0.7904693235018039,1.014000261381403
44.0,263.0,143.7252960205078,-1.0316915660569723,2.682191045510532,-4.920569528481698,-4.976963660172476,-2.497684375368128,1.3407750971729318,-0.5388224317126342,4.777611131784262,-0.7904690069881042,1.0140008647517629
44.0,263.0,143.7252960205078,-1.0316911678293472,2.6821914534058813,-4.920570337357752,-4.976962425881206,-2.4976833107086254,1.3407757154680846,-0.53882289734966,4.777610628042865,-0.7904692758562435,1.0140000990068732
44.0,263.0,143.7252960205078,-1.031691227298504,2.6821920089536624,-4.9205703318186655,-4.976961818510871,-2.497683543251028,1.3407756197008585,-0.5388233926674424,4.777610721466489,-0.7904694235952467,1.014000042669288
44.0,263.0,143.7252960205078,-1.0316912220927543,2.6821914896662005,-4.920569976759285,-4.976962606485906,-2.497683985913448,1.3407754240837022,-0.5388228822651282,4.777611357721073,-0.7904693693155203,1.0140005658113491
44.0,263.0,143.72531127929688,-1.0316904975923222,2.6821910866831464,-4.920569599812396,-4.976963292795928,-2.4976830133718444,1.3407752714882912,-0.5388231372983521,4.777610816681618,-0.7904690032055655,1.0140000571835328
44.0,263.0,143.7252960205078,-1.0316904898698391,2.6821906606098374,-4.920569178361495,-4.976964245093932,-2.497683519548102,1.340775095655462,-0.5388226481076881,4.77761099131723,-0.790468829445417,1.014000492534162
44.0,263.0,143.7252960205078,-1.031690834108272,2.6821910396301663,-4.920570172065436,-4.976963250512115,-2.4976831171178526,1.3407754632296616,-0.5388229307167283,4.777610573381949,-0.7904690873099547,1.0140000958482809
44.0,263.0,143.7252960205078,-1.031691381384621,2.6821913393464385,-4.920569381408203,-4.976963270381432,-2.497683924294289,1.3407751802109082,-0.5388226210274478,4.777611215712534,-0.7904690158949546,1.0140008118083053
44.0,263.0,143.72531127929688,-1.0316907089286218,2.682191910545134,-4.920570163677582,-4.976962444794597,-2.497682739746727,1.340775764634312,-0.538823438075994,4.777610409643369,-0.7904691678640798,1.0139998394568517
44.0,263.0,143.7252960205078,-1.031691373056121,2.6821907311542725,-4.920570390446678,-4.9769633434599205,-2.4976838607679666,1.340775530691225,-0.5388225303703713,4.777610908075538,-0.7904692795272501,1.0140004068489166
44.0,263.0,143.7252960205078,-1.0316915089210754,2.682191585554184,-4.920569474937659,-4.976963446339423,-2.497683570522576,1.3407750233679758,-0.5388225928905932,4.7776110115991415,-0.7904688949066454,1.0140007648980711
44.0,263.0,143.72531127929688,-1.0316913525438007,2.6821915765204825,-4.920569776408965,-4.9769629778186815,-2.4976832502871185,1.340775483196558,-0.5388227467587869,4.777610486398082,-0.7904689534097766,1.0140004124691728
44.0,263.0,143.7252960205078,-1.031690381292642,2.682191519048299,-4.920570179411394,-4.976962916240299,-2.497682543610684,1.340775564556366,-0.5388234728270209,4.777610480240645,-0.790469046606729,1.0139997308290614
44.0,263.0,143.7252960205078,-1.0316915450335058,2.68219165162183,-4.92057050343503,-4.9769631710495625,-2.497683200381251,1.3407753971381542,-0.5388225139912608,4.777610599850714,-0.7904688853519124,1.0140006401332062
44.0,263.0,143.72531127929688,-1.0316905887804857,2.6821914262373925,-4.920569686811891,-4.976963407648607,-2.4976829246545416,1.3407754089863202,-0.5388230780582548,4.77761082317477,-0.7904688766671972,1.0140002431266542
44.0,263.0,143.7252960205078,-1.0316915670577105,2.682191183664216,-4.920569513796538,-4.976963304815523,-2.49768418038914,1.340775170119862,-0.5388224625018463,4.777611088865669,-0.7904689872679853,1.0140009140485056
44.0,263.0,143.7252960205078,-1.0316916335445607,2.6821914147274404,-4.9205697089886105,-4.976963286888132,-2.4976840947398324,1.340775355428292,-0.5388224433754214,4.7776112974715375,-0.7904690410379906,1.0140008669222231
44.0,263.0,143.72531127929688,-1.031691950696862,2.6821911665685327,-4.920570092539818,-4.976963279070834,-2.4976844886323315,1.340775351022902,-0.5388220576035341,4.777611345702846,-0.7904692782309173,1.0140012921094197
44.0,263.0,143.7252960205078,-1.031691533256533,2.6821915735977653,-4.920570194634275,-4.976962585769958,-2.497683898647214,1.3407755204178071,-0.5388225938882325,4.77761095494902,-0.7904692729939997,1.014000701464454
44.0,263.0,143.7252960205078,-1.0316914519372968,2.6821907593958363,-4.920570545394368,-4.976962851994406,-2.497683681874434,1.3407755958861864,-0.5388223647925274,4.7776107771207865,-0.7904692787546663,1.014000228416661
44.0,263.0,143.7252960205078,-1.0316912208771694,2.6821912725243653,-4.920569472298422,-4.976963116375362,-2.497683939674017,1.3407752768208496,-0.5388224426567074,4.777610756873939,-0.7904691557594061,1.01400084423957
44.0,263.0,143.72531127929688,-1.031690955515019,2.682191785535494,-4.920569830817617,-4.976963331651461,-2.497682655041912,1.3407752636030352,-0.538822922313348,4.777610541251162,-0.790468667136536,1.014000370879085
44.0,263.0,143.7252960205078,-1.031691226010336,2.6821915553158355,-4.920570030402106,-4.976962576804143,-2.4976826745853846,1.3407756512649938,-0.5388231360084248,4.777610600817429,-0.7904690671590417,1.013999847458508
44.0,263.0,143.72531127929688,-1.0316902433023434,2.682191666928798,-4.9205702201043255,-4.976962475888958,-2.49768217537404,1.3407757495611872,-0.538823706034198,4.7776101791529975,-0.79046896868992,1.0139992486796157
44.0,263.0,143.7252960205078,-1.0316906891958766,2.68219147469002,-4.920570117085319,-4.976962594967271,-2.4976829383841235,1.340775735259184,-0.5388233299191727,4.777610579470785,-0.7904691717593266,1.0139997333792303
44.0,263.0,143.7252960205078,-1.0316914821699452,2.6821912431408803,-4.920570336214334,-4.976962590050475,-2.497683568565169,1.3407756904572068,-0.5388227312083282,4.777611181905092,-0.7904694162573502,1.014000221533986
44.0,263.0,143.7252960205078,-1.0316909584643517,2.6821906627834045,-4.920569915711287,-4.976963512247674,-2.4976841394379807,1.3407751984005092,-0.5388227733465811,4.77761142874577,-0.7904692141989509,1.0140006545193128
44.0,263.0,143.7252960205078,-1.03169142958301,2.682191004271796,-4.9205693052219885,-4.97696367669675,-2.497683712144597,1.340775090535276,-0.538822364046859,4.777611133035688,-0.7904689702999548,1.0140008077320155
44.0,263.0,143.7252960205078,-1.031691640254004,2.682191926704678,-4.920569683853785,-4.976962554918854,-2.497683529435672,1.340775107031,-0.5388228103490285,4.7776111078985615,-0.79046908821865,1.0140006886128443
44.0,263.0,143.7252960205078,-1.0316914609897063,2.6821914412357337,-4.920570058932393,-4.976963040886922,-2.497684185494716,1.340775437172125,-0.5388225216045992,4.777611499101802,-0.7904692325574896,1.0140009469377702
44.0,263.0,143.7252960205078,-1.0316904702153646,2.6821914287294204,-4.920570201980144,-4.976962380626331,-2.497682708512403,1.3407757321403038,-0.5388234579011186,4.777610642297649,-0.7904692141708578,1.0139996952466293
44.0,263.0,143.7252960205078,-1.031690719090927,2.682191742245691,-4.920569878556556,-4.976962308201744,-2.497683085736269,1.3407755705211528,-0.5388233714040851,4.777610722883187,-0.790469167138018,1.0139999617801996
44.0,263.0,143.7252960205078,-1.031690814863095,2.6821908114683595,-4.920570346464027,-4.976963163620345,-2.4976835807269246,1.3407754209787033,-0.5388228462737388,4.777610686929606,-0.7904691790137637,1.0140001421211575
44.0,263.0,143.7252960205078,-1.0316914259846852,2.6821912852086207,-4.920570054996845,-4.976963457633112,-2.4976832608686217,1.3407754557399247,-0.5388225472923303,4.777610896462958,-0.7904690113327248,1.0140005069763325
44.0,263.0,143.7252960205078,-1.0316921648133115,2.6821918506268725,-4.920570108292457,-4.976962170891197,-2.4976842568485584,1.3407754078724654,-0.5388223777468681,4.777611180369714,-0.7904694682703086,1.014000922589422
44.0,263.0,143.7252960205078,-1.0316909269313372,2.682190705518658,-4.920569934073503,-4.976963070824039,-2.49768331415816,1.340775375522389,-0.5388230232604005,4.777610697293802,-0.7904691076651469,1.0139999664020136
44.0,264.0,143.7252960205078,-1.0316918090539682,2.6821914815386494,-4.9205705090448,-4.976962509205115,-2.497683790784471,1.3407756352993152,-0.5388225120524259,4.777610682436267,-0.7904694080418464,1.014000466299409
44.0,264.0,143.7252960205078,-1.0316911816315928,2.682191404397142,-4.920570535207701,-4.976962232063634,-2.4976837105080394,1.3407758299195036,-0.5388229462586791,4.777610913717062,-0.7904695594838476,1.014000067359876
44.0,264.0,143.7252960205078,-1.031691589310712,2.682191006059858,-4.920570563884254,-4.976963120567333,-2.4976839976648386,1.3407752498662209,-0.538822438229225,4.777611087380457,-0.7904692872412404,1.0140006173100948
44.0,264.0,143.7252960205078,-1.0316910273098472,2.682191315846972,-4.920570258832953,-4.976963048971231,-2.497683308116905,1.340775494695868,-0.5388228991519064,4.777610571442629,-0.7904691611097983,1.0140001812874209
44.0,264.0,143.7252960205078,-1.0316907937775293,2.6821910352958422,-4.920569667629749,-4.97696276399591,-2.497683331028912,1.340775541000447,-0.5388228618183541,4.777610826322846,-0.7904691062308391,1.0140001636132905
44.0,264.0,143.72531127929688,-1.031690876640571,2.6821914250772263,-4.920570363131797,-4.976962549534892,-2.497682472861371,1.3407757324626903,-0.5388232167309344,4.777610474459863,-0.790469077674973,1.0139996766624568
44.0,264.0,143.7252960205078,-1.0316910185761174,2.68219145306555,-4.9205693962074735,-4.976963030191468,-2.4976836650636387,1.34077543807913,-0.5388228455741242,4.777610723959043,-0.7904690200694056,1.014000478552698
44.0,264.0,143.7252960205078,-1.0316913199496716,2.682191074095289,-4.920569651073673,-4.976963461728665,-2.497684150044396,1.3407753298365677,-0.5388223647352444,4.777611147302528,-0.7904689793288693,1.0140007931280737
44.0,264.0,143.7252960205078,-1.0316912214315122,2.6821916667429164,-4.920570253911556,-4.976962616647692,-2.497683330141118,1.340775293081416,-0.5388229558420115,4.777610591916183,-0.7904691107102533,1.0140003019094497
44.0,264.0,143.7252960205078,-1.0316911299462097,2.682191911492681,-4.920570302987579,-4.976962504857432,-2.4976828871756345,1.3407758175458024,-0.5388229877046395,4.777610572047209,-0.7904691344252486,1.014000048020539
44.0,264.0,143.72531127929688,-1.031690893069995,2.6821916333968074,-4.920569987847747,-4.976962202895207,-2.497682924725132,1.3407756812575178,-0.5388231966066002,4.77761045841687,-0.7904691850227499,1.0139997835329462
44.0,264.0,143.7252960205078,-1.0316909600946618,2.6821911745055607,-4.92057007161271,-4.976963390741074,-2.497683848780707,1.340775495184353,-0.5388228358208487,4.777610977158654,-0.7904691141104534,1.0140004907674882
44.0,264.0,143.7252960205078,-1.0316913568368808,2.682191058468886,-4.920569843116541,-4.976963301634426,-2.497683452542958,1.3407749057407037,-0.5388225174687564,4.777610906563602,-0.7904690850623517,1.0140006567438684
44.0,264.0,143.7252960205078,-1.0316910835839672,2.6821909679482028,-4.920570245644662,-4.976963122569736,-2.497683615151608,1.3407754467525548,-0.5388227615898753,4.777611174815871,-0.7904693235018039,1.014000261381403
44.0,264.0,143.7252960205078,-1.0316915660569723,2.682191045510532,-4.920569528481698,-4.976963660172476,-2.497684375368128,1.3407750971729318,-0.5388224317126342,4.777611131784262,-0.7904690069881042,1.0140008647517629
44.0,264.0,143.7252960205078,-1.0316911678293472,2.6821914534058813,-4.920570337357752,-4.976962425881206,-2.4976833107086254,1.3407757154680846,-0.53882289734966,4.777610628042865,-0.7904692758562435,1.0140000990068732
44.0,264.0,143.7252960205078,-1.031691227298504,2.6821920089536624,-4.9205703318186655,-4.976961818510871,-2.497683543251028,1.3407756197008585,-0.5388233926674424,4.777610721466489,-0.7904694235952467,1.014000042669288
44.0,264.0,143.7252960205078,-1.0316912220927543,2.6821914896662005,-4.920569976759285,-4.976962606485906,-2.497683985913448,1.3407754240837022,-0.5388228822651282,4.777611357721073,-0.7904693693155203,1.0140005658113491
44.0,264.0,143.72531127929688,-1.0316904975923222,2.6821910866831464,-4.920569599812396,-4.976963292795928,-2.4976830133718444,1.3407752714882912,-0.5388231372983521,4.777610816681618,-0.7904690032055655,1.0140000571835328
44.0,264.0,143.7252960205078,-1.0316904898698391,2.6821906606098374,-4.920569178361495,-4.976964245093932,-2.497683519548102,1.340775095655462,-0.5388226481076881,4.77761099131723,-0.790468829445417,1.014000492534162
44.0,264.0,143.7252960205078,-1.031690834108272,2.6821910396301663,-4.920570172065436,-4.976963250512115,-2.4976831171178526,1.3407754632296616,-0.5388229307167283,4.777610573381949,-0.7904690873099547,1.0140000958482809
44.0,264.0,143.7252960205078,-1.031691381384621,2.6821913393464385,-4.920569381408203,-4.976963270381432,-2.497683924294289,1.3407751802109082,-0.5388226210274478,4.777611215712534,-0.7904690158949546,1.0140008118083053
44.0,264.0,143.72531127929688,-1.0316907089286218,2.682191910545134,-4.920570163677582,-4.976962444794597,-2.497682739746727,1.340775764634312,-0.538823438075994,4.777610409643369,-0.7904691678640798,1.0139998394568517
44.0,264.0,143.7252960205078,-1.031691373056121,2.6821907311542725,-4.920570390446678,-4.9769633434599205,-2.4976838607679666,1.340775530691225,-0.5388225303703713,4.777610908075538,-0.7904692795272501,1.0140004068489166
44.0,264.0,143.7252960205078,-1.0316915089210754,2.682191585554184,-4.920569474937659,-4.976963446339423,-2.497683570522576,1.3407750233679758,-0.5388225928905932,4.7776110115991415,-0.7904688949066454,1.0140007648980711
44.0,264.0,143.72531127929688,-1.0316913525438007,2.6821915765204825,-4.920569776408965,-4.9769629778186815,-2.4976832502871185,1.340775483196558,-0.5388227467587869,4.777610486398082,-0.7904689534097766,1.0140004124691728
44.0,264.0,143.7252960205078,-1.031690381292642,2.682191519048299,-4.920570179411394,-4.976962916240299,-2.497682543610684,1.340775564556366,-0.5388234728270209,4.777610480240645,-0.790469046606729,1.0139997308290614
44.0,264.0,143.7252960205078,-1.0316915450335058,2.68219165162183,-4.92057050343503,-4.9769631710495625,-2.497683200381251,1.3407753971381542,-0.5388225139912608,4.777610599850714,-0.7904688853519124,1.0140006401332062
44.0,264.0,143.72531127929688,-1.0316905887804857,2.6821914262373925,-4.920569686811891,-4.976963407648607,-2.4976829246545416,1.3407754089863202,-0.5388230780582548,4.77761082317477,-0.7904688766671972,1.0140002431266542
44.0,264.0,143.7252960205078,-1.0316915670577105,2.682191183664216,-4.920569513796538,-4.976963304815523,-2.49768418038914,1.340775170119862,-0.5388224625018463,4.777611088865669,-0.7904689872679853,1.0140009140485056
44.0,264.0,143.7252960205078,-1.0316916335445607,2.6821914147274404,-4.9205697089886105,-4.976963286888132,-2.4976840947398324,1.340775355428292,-0.5388224433754214,4.7776112974715375,-0.7904690410379906,1.0140008669222231
44.0,264.0,143.72531127929688,-1.031691950696862,2.6821911665685327,-4.920570092539818,-4.976963279070834,-2.4976844886323315,1.340775351022902,-0.5388220576035341,4.777611345702846,-0.7904692782309173,1.0140012921094197
44.0,264.0,143.7252960205078,-1.031691533256533,2.6821915735977653,-4.920570194634275,-4.976962585769958,-2.497683898647214,1.3407755204178071,-0.5388225938882325,4.77761095494902,-0.7904692729939997,1.014000701464454
44.0,264.0,143.7252960205078,-1.0316914519372968,2.6821907593958363,-4.920570545394368,-4.976962851994406,-2.497683681874434,1.3407755958861864,-0.5388223647925274,4.7776107771207865,-0.7904692787546663,1.014000228416661
44.0,264.0,143.7252960205078,-1.0316912208771694,2.6821912725243653,-4.920569472298422,-4.976963116375362,-2.497683939674017,1.3407752768208496,-0.5388224426567074,4.777610756873939,-0.7904691557594061,1.01400084423957
44.0,264.0,143.72531127929688,-1.031690955515019,2.682191785535494,-4.920569830817617,-4.976963331651461,-2.497682655041912,1.3407752636030352,-0.538822922313348,4.777610541251162,-0.790468667136536,1.014000370879085
44.0,264.0,143.7252960205078,-1.031691226010336,2.6821915553158355,-4.920570030402106,-4.976962576804143,-2.4976826745853846,1.3407756512649938,-0.5388231360084248,4.777610600817429,-0.7904690671590417,1.013999847458508
44.0,264.0,143.72531127929688,-1.0316902433023434,2.682191666928798,-4.9205702201043255,-4.976962475888958,-2.49768217537404,1.3407757495611872,-0.538823706034198,4.7776101791529975,-0.79046896868992,1.0139992486796157
44.0,264.0,143.7252960205078,-1.0316906891958766,2.68219147469002,-4.920570117085319,-4.976962594967271,-2.4976829383841235,1.340775735259184,-0.5388233299191727,4.777610579470785,-0.7904691717593266,1.0139997333792303
44.0,264.0,143.7252960205078,-1.0316914821699452,2.6821912431408803,-4.920570336214334,-4.976962590050475,-2.497683568565169,1.3407756904572068,-0.5388227312083282,4.777611181905092,-0.7904694162573502,1.014000221533986
44.0,264.0,143.7252960205078,-1.0316909584643517,2.6821906627834045,-4.920569915711287,-4.976963512247674,-2.4976841394379807,1.3407751984005092,-0.5388227733465811,4.77761142874577,-0.7904692141989509,1.0140006545193128
44.0,264.0,143.7252960205078,-1.03169142958301,2.682191004271796,-4.9205693052219885,-4.97696367669675,-2.497683712144597,1.340775090535276,-0.538822364046859,4.777611133035688,-0.7904689702999548,1.0140008077320155
44.0,264.0,143.7252960205078,-1.031691640254004,2.682191926704678,-4.920569683853785,-4.976962554918854,-2.497683529435672,1.340775107031,-0.5388228103490285,4.7776111078985615,-0.79046908821865,1.0140006886128443
44.0,264.0,143.7252960205078,-1.0316914609897063,2.6821914412357337,-4.920570058932393,-4.976963040886922,-2.497684185494716,1.340775437172125,-0.5388225216045992,4.777611499101802,-0.7904692325574896,1.0140009469377702
44.0,264.0,143.7252960205078,-1.0316904702153646,2.6821914287294204,-4.920570201980144,-4.976962380626331,-2.497682708512403,1.3407757321403038,-0.5388234579011186,4.777610642297649,-0.7904692141708578,1.0139996952466293
44.0,264.0,143.7252960205078,-1.031690719090927,2.682191742245691,-4.920569878556556,-4.976962308201744,-2.497683085736269,1.3407755705211528,-0.5388233714040851,4.777610722883187,-0.790469167138018,1.0139999617801996
44.0,264.0,143.7252960205078,-1.031690814863095,2.6821908114683595,-4.920570346464027,-4.976963163620345,-2.4976835807269246,1.3407754209787033,-0.5388228462737388,4.777610686929606,-0.7904691790137637,1.0140001421211575
44.0,264.0,143.7252960205078,-1.0316914259846852,2.6821912852086207,-4.920570054996845,-4.976963457633112,-2.4976832608686217,1.3407754557399247,-0.5388225472923303,4.777610896462958,-0.7904690113327248,1.0140005069763325
44.0,264.0,143.7252960205078,-1.0316921648133115,2.6821918506268725,-4.920570108292457,-4.976962170891197,-2.4976842568485584,1.3407754078724654,-0.5388223777468681,4.777611180369714,-0.7904694682703086,1.014000922589422
44.0,264.0,143.7252960205078,-1.0316909269313372,2.682190705518658,-4.920569934073503,-4.976963070824039,-2.49768331415816,1.340775375522389,-0.5388230232604005,4.777610697293802,-0.7904691076651469,1.0139999664020136
44.0,265.0,143.7252960205078,-1.0316918090539682,2.6821914815386494,-4.9205705090448,-4.976962509205115,-2.497683790784471,1.3407756352993152,-0.5388225120524259,4.777610682436267,-0.7904694080418464,1.014000466299409
44.0,265.0,143.7252960205078,-1.0316911816315928,2.682191404397142,-4.920570535207701,-4.976962232063634,-2.4976837105080394,1.3407758299195036,-0.5388229462586791,4.777610913717062,-0.7904695594838476,1.014000067359876
44.0,265.0,143.7252960205078,-1.031691589310712,2.682191006059858,-4.920570563884254,-4.976963120567333,-2.4976839976648386,1.3407752498662209,-0.538822438229225,4.777611087380457,-0.7904692872412404,1.0140006173100948
44.0,265.0,143.7252960205078,-1.0316910273098472,2.682191315846972,-4.920570258832953,-4.976963048971231,-2.497683308116905,1.340775494695868,-0.5388228991519064,4.777610571442629,-0.7904691611097983,1.0140001812874209
44.0,265.0,143.7252960205078,-1.0316907937775293,2.6821910352958422,-4.920569667629749,-4.97696276399591,-2.497683331028912,1.340775541000447,-0.5388228618183541,4.777610826322846,-0.7904691062308391,1.0140001636132905
44.0,265.0,143.72531127929688,-1.031690876640571,2.6821914250772263,-4.920570363131797,-4.976962549534892,-2.497682472861371,1.3407757324626903,-0.5388232167309344,4.777610474459863,-0.790469077674973,1.0139996766624568
44.0,265.0,143.7252960205078,-1.0316910185761174,2.68219145306555,-4.9205693962074735,-4.976963030191468,-2.4976836650636387,1.34077543807913,-0.5388228455741242,4.777610723959043,-0.7904690200694056,1.014000478552698
44.0,265.0,143.7252960205078,-1.0316913199496716,2.682191074095289,-4.920569651073673,-4.976963461728665,-2.497684150044396,1.3407753298365677,-0.5388223647352444,4.777611147302528,-0.7904689793288693,1.0140007931280737
44.0,265.0,143.7252960205078,-1.0316912214315122,2.6821916667429164,-4.920570253911556,-4.976962616647692,-2.497683330141118,1.340775293081416,-0.5388229558420115,4.777610591916183,-0.7904691107102533,1.0140003019094497
44.0,265.0,143.7252960205078,-1.0316911299462097,2.682191911492681,-4.920570302987579,-4.976962504857432,-2.4976828871756345,1.3407758175458024,-0.5388229877046395,4.777610572047209,-0.7904691344252486,1.014000048020539
44.0,265.0,143.72531127929688,-1.031690893069995,2.6821916333968074,-4.920569987847747,-4.976962202895207,-2.497682924725132,1.3407756812575178,-0.5388231966066002,4.77761045841687,-0.7904691850227499,1.0139997835329462
44.0,265.0,143.7252960205078,-1.0316909600946618,2.6821911745055607,-4.92057007161271,-4.976963390741074,-2.497683848780707,1.340775495184353,-0.5388228358208487,4.777610977158654,-0.7904691141104534,1.0140004907674882
44.0,265.0,143.7252960205078,-1.0316913568368808,2.682191058468886,-4.920569843116541,-4.976963301634426,-2.497683452542958,1.3407749057407037,-0.5388225174687564,4.777610906563602,-0.7904690850623517,1.0140006567438684
44.0,265.0,143.7252960205078,-1.0316910835839672,2.6821909679482028,-4.920570245644662,-4.976963122569736,-2.497683615151608,1.3407754467525548,-0.5388227615898753,4.777611174815871,-0.7904693235018039,1.014000261381403
44.0,265.0,143.7252960205078,-1.0316915660569723,2.682191045510532,-4.920569528481698,-4.976963660172476,-2.497684375368128,1.3407750971729318,-0.5388224317126342,4.777611131784262,-0.7904690069881042,1.0140008647517629
44.0,265.0,143.7252960205078,-1.0316911678293472,2.6821914534058813,-4.920570337357752,-4.976962425881206,-2.4976833107086254,1.3407757154680846,-0.53882289734966,4.777610628042865,-0.7904692758562435,1.0140000990068732
44.0,265.0,143.7252960205078,-1.031691227298504,2.6821920089536624,-4.9205703318186655,-4.976961818510871,-2.497683543251028,1.3407756197008585,-0.5388233926674424,4.777610721466489,-0.7904694235952467,1.014000042669288
44.0,265.0,143.7252960205078,-1.0316912220927543,2.6821914896662005,-4.920569976759285,-4.976962606485906,-2.497683985913448,1.3407754240837022,-0.5388228822651282,4.777611357721073,-0.7904693693155203,1.0140005658113491
44.0,265.0,143.72531127929688,-1.0316904975923222,2.6821910866831464,-4.920569599812396,-4.976963292795928,-2.4976830133718444,1.3407752714882912,-0.5388231372983521,4.777610816681618,-0.7904690032055655,1.0140000571835328
44.0,265.0,143.7252960205078,-1.0316904898698391,2.6821906606098374,-4.920569178361495,-4.976964245093932,-2.497683519548102,1.340775095655462,-0.5388226481076881,4.77761099131723,-0.790468829445417,1.014000492534162
44.0,265.0,143.7252960205078,-1.031690834108272,2.6821910396301663,-4.920570172065436,-4.976963250512115,-2.4976831171178526,1.3407754632296616,-0.5388229307167283,4.777610573381949,-0.7904690873099547,1.0140000958482809
44.0,265.0,143.7252960205078,-1.031691381384621,2.6821913393464385,-4.920569381408203,-4.976963270381432,-2.497683924294289,1.3407751802109082,-0.5388226210274478,4.777611215712534,-0.7904690158949546,1.0140008118083053
44.0,265.0,143.72531127929688,-1.0316907089286218,2.682191910545134,-4.920570163677582,-4.976962444794597,-2.497682739746727,1.340775764634312,-0.538823438075994,4.777610409643369,-0.7904691678640798,1.0139998394568517
44.0,265.0,143.7252960205078,-1.031691373056121,2.6821907311542725,-4.920570390446678,-4.9769633434599205,-2.4976838607679666,1.340775530691225,-0.5388225303703713,4.777610908075538,-0.7904692795272501,1.0140004068489166
44.0,265.0,143.7252960205078,-1.0316915089210754,2.682191585554184,-4.920569474937659,-4.976963446339423,-2.497683570522576,1.3407750233679758,-0.5388225928905932,4.7776110115991415,-0.7904688949066454,1.0140007648980711
44.0,265.0,143.72531127929688,-1.0316913525438007,2.6821915765204825,-4.920569776408965,-4.9769629778186815,-2.4976832502871185,1.340775483196558,-0.5388227467587869,4.777610486398082,-0.7904689534097766,1.0140004124691728
44.0,265.0,143.7252960205078,-1.031690381292642,2.682191519048299,-4.920570179411394,-4.976962916240299,-2.497682543610684,1.340775564556366,-0.5388234728270209,4.777610480240645,-0.790469046606729,1.0139997308290614
44.0,265.0,143.7252960205078,-1.0316915450335058,2.68219165162183,-4.92057050343503,-4.9769631710495625,-2.497683200381251,1.3407753971381542,-0.5388225139912608,4.777610599850714,-0.7904688853519124,1.0140006401332062
44.0,265.0,143.72531127929688,-1.0316905887804857,2.6821914262373925,-4.920569686811891,-4.976963407648607,-2.4976829246545416,1.3407754089863202,-0.5388230780582548,4.77761082317477,-0.7904688766671972,1.0140002431266542
44.0,265.0,143.7252960205078,-1.0316915670577105,2.682191183664216,-4.920569513796538,-4.976963304815523,-2.49768418038914,1.340775170119862,-0.5388224625018463,4.777611088865669,-0.7904689872679853,1.0140009140485056
44.0,265.0,143.7252960205078,-1.0316916335445607,2.6821914147274404,-4.9205697089886105,-4.976963286888132,-2.4976840947398324,1.340775355428292,-0.5388224433754214,4.7776112974715375,-0.7904690410379906,1.0140008669222231
44.0,265.0,143.72531127929688,-1.031691950696862,2.6821911665685327,-4.920570092539818,-4.976963279070834,-2.4976844886323315,1.340775351022902,-0.5388220576035341,4.777611345702846,-0.7904692782309173,1.0140012921094197
44.0,265.0,143.7252960205078,-1.031691533256533,2.6821915735977653,-4.920570194634275,-4.976962585769958,-2.497683898647214,1.3407755204178071,-0.5388225938882325,4.77761095494902,-0.7904692729939997,1.014000701464454
44.0,265.0,143.7252960205078,-1.0316914519372968,2.6821907593958363,-4.920570545394368,-4.976962851994406,-2.497683681874434,1.3407755958861864,-0.5388223647925274,4.7776107771207865,-0.7904692787546663,1.014000228416661
44.0,265.0,143.7252960205078,-1.0316912208771694,2.6821912725243653,-4.920569472298422,-4.976963116375362,-2.497683939674017,1.3407752768208496,-0.5388224426567074,4.777610756873939,-0.7904691557594061,1.01400084423957
44.0,265.0,143.72531127929688,-1.031690955515019,2.682191785535494,-4.920569830817617,-4.976963331651461,-2.497682655041912,1.3407752636030352,-0.538822922313348,4.777610541251162,-0.790468667136536,1.014000370879085
44.0,265.0,143.7252960205078,-1.031691226010336,2.6821915553158355,-4.920570030402106,-4.976962576804143,-2.4976826745853846,1.3407756512649938,-0.5388231360084248,4.777610600817429,-0.7904690671590417,1.013999847458508
44.0,265.0,143.72531127929688,-1.0316902433023434,2.682191666928798,-4.9205702201043255,-4.976962475888958,-2.49768217537404,1.3407757495611872,-0.538823706034198,4.7776101791529975,-0.79046896868992,1.0139992486796157
44.0,265.0,143.7252960205078,-1.0316906891958766,2.68219147469002,-4.920570117085319,-4.976962594967271,-2.4976829383841235,1.340775735259184,-0.5388233299191727,4.777610579470785,-0.7904691717593266,1.0139997333792303
44.0,265.0,143.7252960205078,-1.0316914821699452,2.6821912431408803,-4.920570336214334,-4.976962590050475,-2.497683568565169,1.3407756904572068,-0.5388227312083282,4.777611181905092,-0.7904694162573502,1.014000221533986
44.0,265.0,143.7252960205078,-1.0316909584643517,2.6821906627834045,-4.920569915711287,-4.976963512247674,-2.4976841394379807,1.3407751984005092,-0.5388227733465811,4.77761142874577,-0.7904692141989509,1.0140006545193128
44.0,265.0,143.7252960205078,-1.03169142958301,2.682191004271796,-4.9205693052219885,-4.97696367669675,-2.497683712144597,1.340775090535276,-0.538822364046859,4.777611133035688,-0.7904689702999548,1.0140008077320155
44.0,265.0,143.7252960205078,-1.031691640254004,2.682191926704678,-4.920569683853785,-4.976962554918854,-2.497683529435672,1.340775107031,-0.5388228103490285,4.7776111078985615,-0.79046908821865,1.0140006886128443
44.0,265.0,143.7252960205078,-1.0316914609897063,2.6821914412357337,-4.920570058932393,-4.976963040886922,-2.497684185494716,1.340775437172125,-0.5388225216045992,4.777611499101802,-0.7904692325574896,1.0140009469377702
44.0,265.0,143.7252960205078,-1.0316904702153646,2.6821914287294204,-4.920570201980144,-4.976962380626331,-2.497682708512403,1.3407757321403038,-0.5388234579011186,4.777610642297649,-0.7904692141708578,1.0139996952466293
44.0,265.0,143.7252960205078,-1.031690719090927,2.682191742245691,-4.920569878556556,-4.976962308201744,-2.497683085736269,1.3407755705211528,-0.5388233714040851,4.777610722883187,-0.790469167138018,1.0139999617801996
44.0,265.0,143.7252960205078,-1.031690814863095,2.6821908114683595,-4.920570346464027,-4.976963163620345,-2.4976835807269246,1.3407754209787033,-0.5388228462737388,4.777610686929606,-0.7904691790137637,1.0140001421211575
44.0,265.0,143.7252960205078,-1.0316914259846852,2.6821912852086207,-4.920570054996845,-4.976963457633112,-2.4976832608686217,1.3407754557399247,-0.5388225472923303,4.777610896462958,-0.7904690113327248,1.0140005069763325
44.0,265.0,143.7252960205078,-1.0316921648133115,2.6821918506268725,-4.920570108292457,-4.976962170891197,-2.4976842568485584,1.3407754078724654,-0.5388223777468681,4.777611180369714,-0.7904694682703086,1.014000922589422
44.0,265.0,143.7252960205078,-1.0316909269313372,2.682190705518658,-4.920569934073503,-4.976963070824039,-2.49768331415816,1.340775375522389,-0.5388230232604005,4.777610697293802,-0.7904691076651469,1.0139999664020136
44.0,266.0,143.7252960205078,-1.0316918090539682,2.6821914815386494,-4.9205705090448,-4.976962509205115,-2.497683790784471,1.3407756352993152,-0.5388225120524259,4.777610682436267,-0.7904694080418464,1.014000466299409
44.0,266.0,143.7252960205078,-1.0316911816315928,2.682191404397142,-4.920570535207701,-4.976962232063634,-2.4976837105080394,1.3407758299195036,-0.5388229462586791,4.777610913717062,-0.7904695594838476,1.014000067359876
44.0,266.0,143.7252960205078,-1.031691589310712,2.682191006059858,-4.920570563884254,-4.976963120567333,-2.4976839976648386,1.3407752498662209,-0.538822438229225,4.777611087380457,-0.7904692872412404,1.0140006173100948
44.0,266.0,143.7252960205078,-1.0316910273098472,2.682191315846972,-4.920570258832953,-4.976963048971231,-2.497683308116905,1.340775494695868,-0.5388228991519064,4.777610571442629,-0.7904691611097983,1.0140001812874209
44.0,266.0,143.7252960205078,-1.0316907937775293,2.6821910352958422,-4.920569667629749,-4.97696276399591,-2.497683331028912,1.340775541000447,-0.5388228618183541,4.777610826322846,-0.7904691062308391,1.0140001636132905
44.0,266.0,143.72531127929688,-1.031690876640571,2.6821914250772263,-4.920570363131797,-4.976962549534892,-2.497682472861371,1.3407757324626903,-0.5388232167309344,4.777610474459863,-0.790469077674973,1.0139996766624568
44.0,266.0,143.7252960205078,-1.0316910185761174,2.68219145306555,-4.9205693962074735,-4.976963030191468,-2.4976836650636387,1.34077543807913,-0.5388228455741242,4.777610723959043,-0.7904690200694056,1.014000478552698
44.0,266.0,143.7252960205078,-1.0316913199496716,2.682191074095289,-4.920569651073673,-4.976963461728665,-2.497684150044396,1.3407753298365677,-0.5388223647352444,4.777611147302528,-0.7904689793288693,1.0140007931280737
44.0,266.0,143.7252960205078,-1.0316912214315122,2.6821916667429164,-4.920570253911556,-4.976962616647692,-2.497683330141118,1.340775293081416,-0.5388229558420115,4.777610591916183,-0.7904691107102533,1.0140003019094497
44.0,266.0,143.7252960205078,-1.0316911299462097,2.682191911492681,-4.920570302987579,-4.976962504857432,-2.4976828871756345,1.3407758175458024,-0.5388229877046395,4.777610572047209,-0.7904691344252486,1.014000048020539
44.0,266.0,143.72531127929688,-1.031690893069995,2.6821916333968074,-4.920569987847747,-4.976962202895207,-2.497682924725132,1.3407756812575178,-0.5388231966066002,4.77761045841687,-0.7904691850227499,1.0139997835329462
44.0,266.0,143.7252960205078,-1.0316909600946618,2.6821911745055607,-4.92057007161271,-4.976963390741074,-2.497683848780707,1.340775495184353,-0.5388228358208487,4.777610977158654,-0.7904691141104534,1.0140004907674882
44.0,266.0,143.7252960205078,-1.0316913568368808,2.682191058468886,-4.920569843116541,-4.976963301634426,-2.497683452542958,1.3407749057407037,-0.5388225174687564,4.777610906563602,-0.7904690850623517,1.0140006567438684
44.0,266.0,143.7252960205078,-1.0316910835839672,2.6821909679482028,-4.920570245644662,-4.976963122569736,-2.497683615151608,1.3407754467525548,-0.5388227615898753,4.777611174815871,-0.7904693235018039,1.014000261381403
44.0,266.0,143.7252960205078,-1.0316915660569723,2.682191045510532,-4.920569528481698,-4.976963660172476,-2.497684375368128,1.3407750971729318,-0.5388224317126342,4.777611131784262,-0.7904690069881042,1.0140008647517629
44.0,266.0,143.7252960205078,-1.0316911678293472,2.6821914534058813,-4.920570337357752,-4.976962425881206,-2.4976833107086254,1.3407757154680846,-0.53882289734966,4.777610628042865,-0.7904692758562435,1.0140000990068732
44.0,266.0,143.7252960205078,-1.031691227298504,2.6821920089536624,-4.9205703318186655,-4.976961818510871,-2.497683543251028,1.3407756197008585,-0.5388233926674424,4.777610721466489,-0.7904694235952467,1.014000042669288
44.0,266.0,143.7252960205078,-1.0316912220927543,2.6821914896662005,-4.920569976759285,-4.976962606485906,-2.497683985913448,1.3407754240837022,-0.5388228822651282,4.777611357721073,-0.7904693693155203,1.0140005658113491
44.0,266.0,143.72531127929688,-1.0316904975923222,2.6821910866831464,-4.920569599812396,-4.976963292795928,-2.4976830133718444,1.3407752714882912,-0.5388231372983521,4.777610816681618,-0.7904690032055655,1.0140000571835328
44.0,266.0,143.7252960205078,-1.0316904898698391,2.6821906606098374,-4.920569178361495,-4.976964245093932,-2.497683519548102,1.340775095655462,-0.5388226481076881,4.77761099131723,-0.790468829445417,1.014000492534162
44.0,266.0,143.7252960205078,-1.031690834108272,2.6821910396301663,-4.920570172065436,-4.976963250512115,-2.4976831171178526,1.3407754632296616,-0.5388229307167283,4.777610573381949,-0.7904690873099547,1.0140000958482809
44.0,266.0,143.7252960205078,-1.031691381384621,2.6821913393464385,-4.920569381408203,-4.976963270381432,-2.497683924294289,1.3407751802109082,-0.5388226210274478,4.777611215712534,-0.7904690158949546,1.0140008118083053
44.0,266.0,143.72531127929688,-1.0316907089286218,2.682191910545134,-4.920570163677582,-4.976962444794597,-2.497682739746727,1.340775764634312,-0.538823438075994,4.777610409643369,-0.7904691678640798,1.0139998394568517
44.0,266.0,143.7252960205078,-1.031691373056121,2.6821907311542725,-4.920570390446678,-4.9769633434599205,-2.4976838607679666,1.340775530691225,-0.5388225303703713,4.777610908075538,-0.7904692795272501,1.0140004068489166
44.0,266.0,143.7252960205078,-1.0316915089210754,2.682191585554184,-4.920569474937659,-4.976963446339423,-2.497683570522576,1.3407750233679758,-0.5388225928905932,4.7776110115991415,-0.7904688949066454,1.0140007648980711
44.0,266.0,143.72531127929688,-1.0316913525438007,2.6821915765204825,-4.920569776408965,-4.9769629778186815,-2.4976832502871185,1.340775483196558,-0.5388227467587869,4.777610486398082,-0.7904689534097766,1.0140004124691728
44.0,266.0,143.7252960205078,-1.031690381292642,2.682191519048299,-4.920570179411394,-4.976962916240299,-2.497682543610684,1.340775564556366,-0.5388234728270209,4.777610480240645,-0.790469046606729,1.0139997308290614
44.0,266.0,143.7252960205078,-1.0316915450335058,2.68219165162183,-4.92057050343503,-4.9769631710495625,-2.497683200381251,1.3407753971381542,-0.5388225139912608,4.777610599850714,-0.7904688853519124,1.0140006401332062
44.0,266.0,143.72531127929688,-1.0316905887804857,2.6821914262373925,-4.920569686811891,-4.976963407648607,-2.4976829246545416,1.3407754089863202,-0.5388230780582548,4.77761082317477,-0.7904688766671972,1.0140002431266542
44.0,266.0,143.7252960205078,-1.0316915670577105,2.682191183664216,-4.920569513796538,-4.976963304815523,-2.49768418038914,1.340775170119862,-0.5388224625018463,4.777611088865669,-0.7904689872679853,1.0140009140485056
44.0,266.0,143.7252960205078,-1.0316916335445607,2.6821914147274404,-4.9205697089886105,-4.976963286888132,-2.4976840947398324,1.340775355428292,-0.5388224433754214,4.7776112974715375,-0.7904690410379906,1.0140008669222231
44.0,266.0,143.72531127929688,-1.031691950696862,2.6821911665685327,-4.920570092539818,-4.976963279070834,-2.4976844886323315,1.340775351022902,-0.5388220576035341,4.777611345702846,-0.7904692782309173,1.0140012921094197
44.0,266.0,143.7252960205078,-1.031691533256533,2.6821915735977653,-4.920570194634275,-4.976962585769958,-2.497683898647214,1.3407755204178071,-0.5388225938882325,4.77761095494902,-0.7904692729939997,1.014000701464454
44.0,266.0,143.7252960205078,-1.0316914519372968,2.6821907593958363,-4.920570545394368,-4.976962851994406,-2.497683681874434,1.3407755958861864,-0.5388223647925274,4.7776107771207865,-0.7904692787546663,1.014000228416661
44.0,266.0,143.7252960205078,-1.0316912208771694,2.6821912725243653,-4.920569472298422,-4.976963116375362,-2.497683939674017,1.3407752768208496,-0.5388224426567074,4.777610756873939,-0.7904691557594061,1.01400084423957
44.0,266.0,143.72531127929688,-1.031690955515019,2.682191785535494,-4.920569830817617,-4.976963331651461,-2.497682655041912,1.3407752636030352,-0.538822922313348,4.777610541251162,-0.790468667136536,1.014000370879085
44.0,266.0,143.7252960205078,-1.031691226010336,2.6821915553158355,-4.920570030402106,-4.976962576804143,-2.4976826745853846,1.3407756512649938,-0.5388231360084248,4.777610600817429,-0.7904690671590417,1.013999847458508
44.0,266.0,143.72531127929688,-1.0316902433023434,2.682191666928798,-4.9205702201043255,-4.976962475888958,-2.49768217537404,1.3407757495611872,-0.538823706034198,4.7776101791529975,-0.79046896868992,1.0139992486796157
44.0,266.0,143.7252960205078,-1.0316906891958766,2.68219147469002,-4.920570117085319,-4.976962594967271,-2.4976829383841235,1.340775735259184,-0.5388233299191727,4.777610579470785,-0.7904691717593266,1.0139997333792303
44.0,266.0,143.7252960205078,-1.0316914821699452,2.6821912431408803,-4.920570336214334,-4.976962590050475,-2.497683568565169,1.3407756904572068,-0.5388227312083282,4.777611181905092,-0.7904694162573502,1.014000221533986
44.0,266.0,143.7252960205078,-1.0316909584643517,2.6821906627834045,-4.920569915711287,-4.976963512247674,-2.4976841394379807,1.3407751984005092,-0.5388227733465811,4.77761142874577,-0.7904692141989509,1.0140006545193128
44.0,266.0,143.7252960205078,-1.03169142958301,2.682191004271796,-4.9205693052219885,-4.97696367669675,-2.497683712144597,1.340775090535276,-0.538822364046859,4.777611133035688,-0.7904689702999548,1.0140008077320155
44.0,266.0,143.7252960205078,-1.031691640254004,2.682191926704678,-4.920569683853785,-4.976962554918854,-2.497683529435672,1.340775107031,-0.5388228103490285,4.7776111078985615,-0.79046908821865,1.0140006886128443
44.0,266.0,143.7252960205078,-1.0316914609897063,2.6821914412357337,-4.920570058932393,-4.976963040886922,-2.497684185494716,1.340775437172125,-0.5388225216045992,4.777611499101802,-0.7904692325574896,1.0140009469377702
44.0,266.0,143.7252960205078,-1.0316904702153646,2.6821914287294204,-4.920570201980144,-4.976962380626331,-2.497682708512403,1.3407757321403038,-0.5388234579011186,4.777610642297649,-0.7904692141708578,1.0139996952466293
44.0,266.0,143.7252960205078,-1.031690719090927,2.682191742245691,-4.920569878556556,-4.976962308201744,-2.497683085736269,1.3407755705211528,-0.5388233714040851,4.777610722883187,-0.790469167138018,1.0139999617801996
44.0,266.0,143.7252960205078,-1.031690814863095,2.6821908114683595,-4.920570346464027,-4.976963163620345,-2.4976835807269246,1.3407754209787033,-0.5388228462737388,4.777610686929606,-0.7904691790137637,1.0140001421211575
44.0,266.0,143.7252960205078,-1.0316914259846852,2.6821912852086207,-4.920570054996845,-4.976963457633112,-2.4976832608686217,1.3407754557399247,-0.5388225472923303,4.777610896462958,-0.7904690113327248,1.0140005069763325
44.0,266.0,143.7252960205078,-1.0316921648133115,2.6821918506268725,-4.920570108292457,-4.976962170891197,-2.4976842568485584,1.3407754078724654,-0.5388223777468681,4.777611180369714,-0.7904694682703086,1.014000922589422
44.0,266.0,143.7252960205078,-1.0316909269313372,2.682190705518658,-4.920569934073503,-4.976963070824039,-2.49768331415816,1.340775375522389,-0.5388230232604005,4.777610697293802,-0.7904691076651469,1.0139999664020136
44.0,267.0,143.7252960205078,-1.0316918090539682,2.6821914815386494,-4.9205705090448,-4.976962509205115,-2.497683790784471,1.3407756352993152,-0.5388225120524259,4.777610682436267,-0.7904694080418464,1.014000466299409
44.0,267.0,143.7252960205078,-1.0316911816315928,2.682191404397142,-4.920570535207701,-4.976962232063634,-2.4976837105080394,1.3407758299195036,-0.5388229462586791,4.777610913717062,-0.7904695594838476,1.014000067359876
44.0,267.0,143.7252960205078,-1.031691589310712,2.682191006059858,-4.920570563884254,-4.976963120567333,-2.4976839976648386,1.3407752498662209,-0.538822438229225,4.777611087380457,-0.7904692872412404,1.0140006173100948
44.0,267.0,143.7252960205078,-1.0316910273098472,2.682191315846972,-4.920570258832953,-4.976963048971231,-2.497683308116905,1.340775494695868,-0.5388228991519064,4.777610571442629,-0.7904691611097983,1.0140001812874209
44.0,267.0,143.7252960205078,-1.0316907937775293,2.6821910352958422,-4.920569667629749,-4.97696276399591,-2.497683331028912,1.340775541000447,-0.5388228618183541,4.777610826322846,-0.7904691062308391,1.0140001636132905
44.0,267.0,143.72531127929688,-1.031690876640571,2.6821914250772263,-4.920570363131797,-4.976962549534892,-2.497682472861371,1.3407757324626903,-0.5388232167309344,4.777610474459863,-0.790469077674973,1.0139996766624568
44.0,267.0,143.7252960205078,-1.0316910185761174,2.68219145306555,-4.9205693962074735,-4.976963030191468,-2.4976836650636387,1.34077543807913,-0.5388228455741242,4.777610723959043,-0.7904690200694056,1.014000478552698
44.0,267.0,143.7252960205078,-1.0316913199496716,2.682191074095289,-4.920569651073673,-4.976963461728665,-2.497684150044396,1.3407753298365677,-0.5388223647352444,4.777611147302528,-0.7904689793288693,1.0140007931280737
44.0,267.0,143.7252960205078,-1.0316912214315122,2.6821916667429164,-4.920570253911556,-4.976962616647692,-2.497683330141118,1.340775293081416,-0.5388229558420115,4.777610591916183,-0.7904691107102533,1.0140003019094497
44.0,267.0,143.7252960205078,-1.0316911299462097,2.682191911492681,-4.920570302987579,-4.976962504857432,-2.4976828871756345,1.3407758175458024,-0.5388229877046395,4.777610572047209,-0.7904691344252486,1.014000048020539
44.0,267.0,143.72531127929688,-1.031690893069995,2.6821916333968074,-4.920569987847747,-4.976962202895207,-2.497682924725132,1.3407756812575178,-0.5388231966066002,4.77761045841687,-0.7904691850227499,1.0139997835329462
44.0,267.0,143.7252960205078,-1.0316909600946618,2.6821911745055607,-4.92057007161271,-4.976963390741074,-2.497683848780707,1.340775495184353,-0.5388228358208487,4.777610977158654,-0.7904691141104534,1.0140004907674882
44.0,267.0,143.7252960205078,-1.0316913568368808,2.682191058468886,-4.920569843116541,-4.976963301634426,-2.497683452542958,1.3407749057407037,-0.5388225174687564,4.777610906563602,-0.7904690850623517,1.0140006567438684
44.0,267.0,143.7252960205078,-1.0316910835839672,2.6821909679482028,-4.920570245644662,-4.976963122569736,-2.497683615151608,1.3407754467525548,-0.5388227615898753,4.777611174815871,-0.7904693235018039,1.014000261381403
44.0,267.0,143.7252960205078,-1.0316915660569723,2.682191045510532,-4.920569528481698,-4.976963660172476,-2.497684375368128,1.3407750971729318,-0.5388224317126342,4.777611131784262,-0.7904690069881042,1.0140008647517629
44.0,267.0,143.7252960205078,-1.0316911678293472,2.6821914534058813,-4.920570337357752,-4.976962425881206,-2.4976833107086254,1.3407757154680846,-0.53882289734966,4.777610628042865,-0.7904692758562435,1.0140000990068732
44.0,267.0,143.7252960205078,-1.031691227298504,2.6821920089536624,-4.9205703318186655,-4.976961818510871,-2.497683543251028,1.3407756197008585,-0.5388233926674424,4.777610721466489,-0.7904694235952467,1.014000042669288
44.0,267.0,143.7252960205078,-1.0316912220927543,2.6821914896662005,-4.920569976759285,-4.976962606485906,-2.497683985913448,1.3407754240837022,-0.5388228822651282,4.777611357721073,-0.7904693693155203,1.0140005658113491
44.0,267.0,143.72531127929688,-1.0316904975923222,2.6821910866831464,-4.920569599812396,-4.976963292795928,-2.4976830133718444,1.3407752714882912,-0.5388231372983521,4.777610816681618,-0.7904690032055655,1.0140000571835328
44.0,267.0,143.7252960205078,-1.0316904898698391,2.6821906606098374,-4.920569178361495,-4.976964245093932,-2.497683519548102,1.340775095655462,-0.5388226481076881,4.77761099131723,-0.790468829445417,1.014000492534162
44.0,267.0,143.7252960205078,-1.031690834108272,2.6821910396301663,-4.920570172065436,-4.976963250512115,-2.4976831171178526,1.3407754632296616,-0.5388229307167283,4.777610573381949,-0.7904690873099547,1.0140000958482809
44.0,267.0,143.7252960205078,-1.031691381384621,2.6821913393464385,-4.920569381408203,-4.976963270381432,-2.497683924294289,1.3407751802109082,-0.5388226210274478,4.777611215712534,-0.7904690158949546,1.0140008118083053
44.0,267.0,143.72531127929688,-1.0316907089286218,2.682191910545134,-4.920570163677582,-4.976962444794597,-2.497682739746727,1.340775764634312,-0.538823438075994,4.777610409643369,-0.7904691678640798,1.0139998394568517
44.0,267.0,143.7252960205078,-1.031691373056121,2.6821907311542725,-4.920570390446678,-4.9769633434599205,-2.4976838607679666,1.340775530691225,-0.5388225303703713,4.777610908075538,-0.7904692795272501,1.0140004068489166
44.0,267.0,143.7252960205078,-1.0316915089210754,2.682191585554184,-4.920569474937659,-4.976963446339423,-2.497683570522576,1.3407750233679758,-0.5388225928905932,4.7776110115991415,-0.7904688949066454,1.0140007648980711
44.0,267.0,143.72531127929688,-1.0316913525438007,2.6821915765204825,-4.920569776408965,-4.9769629778186815,-2.4976832502871185,1.340775483196558,-0.5388227467587869,4.777610486398082,-0.7904689534097766,1.0140004124691728
44.0,267.0,143.7252960205078,-1.031690381292642,2.682191519048299,-4.920570179411394,-4.976962916240299,-2.497682543610684,1.340775564556366,-0.5388234728270209,4.777610480240645,-0.790469046606729,1.0139997308290614
44.0,267.0,143.7252960205078,-1.0316915450335058,2.68219165162183,-4.92057050343503,-4.9769631710495625,-2.497683200381251,1.3407753971381542,-0.5388225139912608,4.777610599850714,-0.7904688853519124,1.0140006401332062
44.0,267.0,143.72531127929688,-1.0316905887804857,2.6821914262373925,-4.920569686811891,-4.976963407648607,-2.4976829246545416,1.3407754089863202,-0.5388230780582548,4.77761082317477,-0.7904688766671972,1.0140002431266542
44.0,267.0,143.7252960205078,-1.0316915670577105,2.682191183664216,-4.920569513796538,-4.976963304815523,-2.49768418038914,1.340775170119862,-0.5388224625018463,4.777611088865669,-0.7904689872679853,1.0140009140485056
44.0,267.0,143.7252960205078,-1.0316916335445607,2.6821914147274404,-4.9205697089886105,-4.976963286888132,-2.4976840947398324,1.340775355428292,-0.5388224433754214,4.7776112974715375,-0.7904690410379906,1.0140008669222231
44.0,267.0,143.72531127929688,-1.031691950696862,2.6821911665685327,-4.920570092539818,-4.976963279070834,-2.4976844886323315,1.340775351022902,-0.5388220576035341,4.777611345702846,-0.7904692782309173,1.0140012921094197
44.0,267.0,143.7252960205078,-1.031691533256533,2.6821915735977653,-4.920570194634275,-4.976962585769958,-2.497683898647214,1.3407755204178071,-0.5388225938882325,4.77761095494902,-0.7904692729939997,1.014000701464454
44.0,267.0,143.7252960205078,-1.0316914519372968,2.6821907593958363,-4.920570545394368,-4.976962851994406,-2.497683681874434,1.3407755958861864,-0.5388223647925274,4.7776107771207865,-0.7904692787546663,1.014000228416661
44.0,267.0,143.7252960205078,-1.0316912208771694,2.6821912725243653,-4.920569472298422,-4.976963116375362,-2.497683939674017,1.3407752768208496,-0.5388224426567074,4.777610756873939,-0.7904691557594061,1.01400084423957
44.0,267.0,143.72531127929688,-1.031690955515019,2.682191785535494,-4.920569830817617,-4.976963331651461,-2.497682655041912,1.3407752636030352,-0.538822922313348,4.777610541251162,-0.790468667136536,1.014000370879085
44.0,267.0,143.7252960205078,-1.031691226010336,2.6821915553158355,-4.920570030402106,-4.976962576804143,-2.4976826745853846,1.3407756512649938,-0.5388231360084248,4.777610600817429,-0.7904690671590417,1.013999847458508
44.0,267.0,143.72531127929688,-1.0316902433023434,2.682191666928798,-4.9205702201043255,-4.976962475888958,-2.49768217537404,1.3407757495611872,-0.538823706034198,4.7776101791529975,-0.79046896868992,1.0139992486796157
44.0,267.0,143.7252960205078,-1.0316906891958766,2.68219147469002,-4.920570117085319,-4.976962594967271,-2.4976829383841235,1.340775735259184,-0.5388233299191727,4.777610579470785,-0.7904691717593266,1.0139997333792303
44.0,267.0,143.7252960205078,-1.0316914821699452,2.6821912431408803,-4.920570336214334,-4.976962590050475,-2.497683568565169,1.3407756904572068,-0.5388227312083282,4.777611181905092,-0.7904694162573502,1.014000221533986
44.0,267.0,143.7252960205078,-1.0316909584643517,2.6821906627834045,-4.920569915711287,-4.976963512247674,-2.4976841394379807,1.3407751984005092,-0.5388227733465811,4.77761142874577,-0.7904692141989509,1.0140006545193128
44.0,267.0,143.7252960205078,-1.03169142958301,2.682191004271796,-4.9205693052219885,-4.97696367669675,-2.497683712144597,1.340775090535276,-0.538822364046859,4.777611133035688,-0.7904689702999548,1.0140008077320155
44.0,267.0,143.7252960205078,-1.031691640254004,2.682191926704678,-4.920569683853785,-4.976962554918854,-2.497683529435672,1.340775107031,-0.5388228103490285,4.7776111078985615,-0.79046908821865,1.0140006886128443
44.0,267.0,143.7252960205078,-1.0316914609897063,2.6821914412357337,-4.920570058932393,-4.976963040886922,-2.497684185494716,1.340775437172125,-0.5388225216045992,4.777611499101802,-0.7904692325574896,1.0140009469377702
44.0,267.0,143.7252960205078,-1.0316904702153646,2.6821914287294204,-4.920570201980144,-4.976962380626331,-2.497682708512403,1.3407757321403038,-0.5388234579011186,4.777610642297649,-0.7904692141708578,1.0139996952466293
44.0,267.0,143.7252960205078,-1.031690719090927,2.682191742245691,-4.920569878556556,-4.976962308201744,-2.497683085736269,1.3407755705211528,-0.5388233714040851,4.777610722883187,-0.790469167138018,1.0139999617801996
44.0,267.0,143.7252960205078,-1.031690814863095,2.6821908114683595,-4.920570346464027,-4.976963163620345,-2.4976835807269246,1.3407754209787033,-0.5388228462737388,4.777610686929606,-0.7904691790137637,1.0140001421211575
44.0,267.0,143.7252960205078,-1.0316914259846852,2.6821912852086207,-4.920570054996845,-4.976963457633112,-2.4976832608686217,1.3407754557399247,-0.5388225472923303,4.777610896462958,-0.7904690113327248,1.0140005069763325
44.0,267.0,143.7252960205078,-1.0316921648133115,2.6821918506268725,-4.920570108292457,-4.976962170891197,-2.4976842568485584,1.3407754078724654,-0.5388223777468681,4.777611180369714,-0.7904694682703086,1.014000922589422
44.0,267.0,143.7252960205078,-1.0316909269313372,2.682190705518658,-4.920569934073503,-4.976963070824039,-2.49768331415816,1.340775375522389,-0.5388230232604005,4.777610697293802,-0.7904691076651469,1.0139999664020136
44.0,268.0,143.7252960205078,-1.0316918090539682,2.6821914815386494,-4.9205705090448,-4.976962509205115,-2.497683790784471,1.3407756352993152,-0.5388225120524259,4.777610682436267,-0.7904694080418464,1.014000466299409
44.0,268.0,143.7252960205078,-1.0316911816315928,2.682191404397142,-4.920570535207701,-4.976962232063634,-2.4976837105080394,1.3407758299195036,-0.5388229462586791,4.777610913717062,-0.7904695594838476,1.014000067359876
44.0,268.0,143.7252960205078,-1.031691589310712,2.682191006059858,-4.920570563884254,-4.976963120567333,-2.4976839976648386,1.3407752498662209,-0.538822438229225,4.777611087380457,-0.7904692872412404,1.0140006173100948
44.0,268.0,143.7252960205078,-1.0316910273098472,2.682191315846972,-4.920570258832953,-4.976963048971231,-2.497683308116905,1.340775494695868,-0.5388228991519064,4.777610571442629,-0.7904691611097983,1.0140001812874209
44.0,268.0,143.7252960205078,-1.0316907937775293,2.6821910352958422,-4.920569667629749,-4.97696276399591,-2.497683331028912,1.340775541000447,-0.5388228618183541,4.777610826322846,-0.7904691062308391,1.0140001636132905
44.0,268.0,143.72531127929688,-1.031690876640571,2.6821914250772263,-4.920570363131797,-4.976962549534892,-2.497682472861371,1.3407757324626903,-0.5388232167309344,4.777610474459863,-0.790469077674973,1.0139996766624568
44.0,268.0,143.7252960205078,-1.0316910185761174,2.68219145306555,-4.9205693962074735,-4.976963030191468,-2.4976836650636387,1.34077543807913,-0.5388228455741242,4.777610723959043,-0.7904690200694056,1.014000478552698
44.0,268.0,143.7252960205078,-1.0316913199496716,2.682191074095289,-4.920569651073673,-4.976963461728665,-2.497684150044396,1.3407753298365677,-0.5388223647352444,4.777611147302528,-0.7904689793288693,1.0140007931280737
44.0,268.0,143.7252960205078,-1.0316912214315122,2.6821916667429164,-4.920570253911556,-4.976962616647692,-2.497683330141118,1.340775293081416,-0.5388229558420115,4.777610591916183,-0.7904691107102533,1.0140003019094497
44.0,268.0,143.7252960205078,-1.0316911299462097,2.682191911492681,-4.920570302987579,-4.976962504857432,-2.4976828871756345,1.3407758175458024,-0.5388229877046395,4.777610572047209,-0.7904691344252486,1.014000048020539
44.0,268.0,143.72531127929688,-1.031690893069995,2.6821916333968074,-4.920569987847747,-4.976962202895207,-2.497682924725132,1.3407756812575178,-0.5388231966066002,4.77761045841687,-0.7904691850227499,1.0139997835329462
44.0,268.0,143.7252960205078,-1.0316909600946618,2.6821911745055607,-4.92057007161271,-4.976963390741074,-2.497683848780707,1.340775495184353,-0.5388228358208487,4.777610977158654,-0.7904691141104534,1.0140004907674882
44.0,268.0,143.7252960205078,-1.0316913568368808,2.682191058468886,-4.920569843116541,-4.976963301634426,-2.497683452542958,1.3407749057407037,-0.5388225174687564,4.777610906563602,-0.7904690850623517,1.0140006567438684
44.0,268.0,143.7252960205078,-1.0316910835839672,2.6821909679482028,-4.920570245644662,-4.976963122569736,-2.497683615151608,1.3407754467525548,-0.5388227615898753,4.777611174815871,-0.7904693235018039,1.014000261381403
44.0,268.0,143.7252960205078,-1.0316915660569723,2.682191045510532,-4.920569528481698,-4.976963660172476,-2.497684375368128,1.3407750971729318,-0.5388224317126342,4.777611131784262,-0.7904690069881042,1.0140008647517629
44.0,268.0,143.7252960205078,-1.0316911678293472,2.6821914534058813,-4.920570337357752,-4.976962425881206,-2.4976833107086254,1.3407757154680846,-0.53882289734966,4.777610628042865,-0.7904692758562435,1.0140000990068732
44.0,268.0,143.7252960205078,-1.031691227298504,2.6821920089536624,-4.9205703318186655,-4.976961818510871,-2.497683543251028,1.3407756197008585,-0.5388233926674424,4.777610721466489,-0.7904694235952467,1.014000042669288
44.0,268.0,143.7252960205078,-1.0316912220927543,2.6821914896662005,-4.920569976759285,-4.976962606485906,-2.497683985913448,1.3407754240837022,-0.5388228822651282,4.777611357721073,-0.7904693693155203,1.0140005658113491
44.0,268.0,143.72531127929688,-1.0316904975923222,2.6821910866831464,-4.920569599812396,-4.976963292795928,-2.4976830133718444,1.3407752714882912,-0.5388231372983521,4.777610816681618,-0.7904690032055655,1.0140000571835328
44.0,268.0,143.7252960205078,-1.0316904898698391,2.6821906606098374,-4.920569178361495,-4.976964245093932,-2.497683519548102,1.340775095655462,-0.5388226481076881,4.77761099131723,-0.790468829445417,1.014000492534162
44.0,268.0,143.7252960205078,-1.031690834108272,2.6821910396301663,-4.920570172065436,-4.976963250512115,-2.4976831171178526,1.3407754632296616,-0.5388229307167283,4.777610573381949,-0.7904690873099547,1.0140000958482809
44.0,268.0,143.7252960205078,-1.031691381384621,2.6821913393464385,-4.920569381408203,-4.976963270381432,-2.497683924294289,1.3407751802109082,-0.5388226210274478,4.777611215712534,-0.7904690158949546,1.0140008118083053
44.0,268.0,143.72531127929688,-1.0316907089286218,2.682191910545134,-4.920570163677582,-4.976962444794597,-2.497682739746727,1.340775764634312,-0.538823438075994,4.777610409643369,-0.7904691678640798,1.0139998394568517
44.0,268.0,143.7252960205078,-1.031691373056121,2.6821907311542725,-4.920570390446678,-4.9769633434599205,-2.4976838607679666,1.340775530691225,-0.5388225303703713,4.777610908075538,-0.7904692795272501,1.0140004068489166
44.0,268.0,143.7252960205078,-1.0316915089210754,2.682191585554184,-4.920569474937659,-4.976963446339423,-2.497683570522576,1.3407750233679758,-0.5388225928905932,4.7776110115991415,-0.7904688949066454,1.0140007648980711
44.0,268.0,143.72531127929688,-1.0316913525438007,2.6821915765204825,-4.920569776408965,-4.9769629778186815,-2.4976832502871185,1.340775483196558,-0.5388227467587869,4.777610486398082,-0.7904689534097766,1.0140004124691728
44.0,268.0,143.7252960205078,-1.031690381292642,2.682191519048299,-4.920570179411394,-4.976962916240299,-2.497682543610684,1.340775564556366,-0.5388234728270209,4.777610480240645,-0.790469046606729,1.0139997308290614
44.0,268.0,143.7252960205078,-1.0316915450335058,2.68219165162183,-4.92057050343503,-4.9769631710495625,-2.497683200381251,1.3407753971381542,-0.5388225139912608,4.777610599850714,-0.7904688853519124,1.0140006401332062
44.0,268.0,143.72531127929688,-1.0316905887804857,2.6821914262373925,-4.920569686811891,-4.976963407648607,-2.4976829246545416,1.3407754089863202,-0.5388230780582548,4.77761082317477,-0.7904688766671972,1.0140002431266542
44.0,268.0,143.7252960205078,-1.0316915670577105,2.682191183664216,-4.920569513796538,-4.976963304815523,-2.49768418038914,1.340775170119862,-0.5388224625018463,4.777611088865669,-0.7904689872679853,1.0140009140485056
44.0,268.0,143.7252960205078,-1.0316916335445607,2.6821914147274404,-4.9205697089886105,-4.976963286888132,-2.4976840947398324,1.340775355428292,-0.5388224433754214,4.7776112974715375,-0.7904690410379906,1.0140008669222231
44.0,268.0,143.72531127929688,-1.031691950696862,2.6821911665685327,-4.920570092539818,-4.976963279070834,-2.4976844886323315,1.340775351022902,-0.5388220576035341,4.777611345702846,-0.7904692782309173,1.0140012921094197
44.0,268.0,143.7252960205078,-1.031691533256533,2.6821915735977653,-4.920570194634275,-4.976962585769958,-2.497683898647214,1.3407755204178071,-0.5388225938882325,4.77761095494902,-0.7904692729939997,1.014000701464454
44.0,268.0,143.7252960205078,-1.0316914519372968,2.6821907593958363,-4.920570545394368,-4.976962851994406,-2.497683681874434,1.3407755958861864,-0.5388223647925274,4.7776107771207865,-0.7904692787546663,1.014000228416661
44.0,268.0,143.7252960205078,-1.0316912208771694,2.6821912725243653,-4.920569472298422,-4.976963116375362,-2.497683939674017,1.3407752768208496,-0.5388224426567074,4.777610756873939,-0.7904691557594061,1.01400084423957
44.0,268.0,143.72531127929688,-1.031690955515019,2.682191785535494,-4.920569830817617,-4.976963331651461,-2.497682655041912,1.3407752636030352,-0.538822922313348,4.777610541251162,-0.790468667136536,1.014000370879085
44.0,268.0,143.7252960205078,-1.031691226010336,2.6821915553158355,-4.920570030402106,-4.976962576804143,-2.4976826745853846,1.3407756512649938,-0.5388231360084248,4.777610600817429,-0.7904690671590417,1.013999847458508
44.0,268.0,143.72531127929688,-1.0316902433023434,2.682191666928798,-4.9205702201043255,-4.976962475888958,-2.49768217537404,1.3407757495611872,-0.538823706034198,4.7776101791529975,-0.79046896868992,1.0139992486796157
44.0,268.0,143.7252960205078,-1.0316906891958766,2.68219147469002,-4.920570117085319,-4.976962594967271,-2.4976829383841235,1.340775735259184,-0.5388233299191727,4.777610579470785,-0.7904691717593266,1.0139997333792303
44.0,268.0,143.7252960205078,-1.0316914821699452,2.6821912431408803,-4.920570336214334,-4.976962590050475,-2.497683568565169,1.3407756904572068,-0.5388227312083282,4.777611181905092,-0.7904694162573502,1.014000221533986
44.0,268.0,143.7252960205078,-1.0316909584643517,2.6821906627834045,-4.920569915711287,-4.976963512247674,-2.4976841394379807,1.3407751984005092,-0.5388227733465811,4.77761142874577,-0.7904692141989509,1.0140006545193128
44.0,268.0,143.7252960205078,-1.03169142958301,2.682191004271796,-4.9205693052219885,-4.97696367669675,-2.497683712144597,1.340775090535276,-0.538822364046859,4.777611133035688,-0.7904689702999548,1.0140008077320155
44.0,268.0,143.7252960205078,-1.031691640254004,2.682191926704678,-4.920569683853785,-4.976962554918854,-2.497683529435672,1.340775107031,-0.5388228103490285,4.7776111078985615,-0.79046908821865,1.0140006886128443
44.0,268.0,143.7252960205078,-1.0316914609897063,2.6821914412357337,-4.920570058932393,-4.976963040886922,-2.497684185494716,1.340775437172125,-0.5388225216045992,4.777611499101802,-0.7904692325574896,1.0140009469377702
44.0,268.0,143.7252960205078,-1.0316904702153646,2.6821914287294204,-4.920570201980144,-4.976962380626331,-2.497682708512403,1.3407757321403038,-0.5388234579011186,4.777610642297649,-0.7904692141708578,1.0139996952466293
44.0,268.0,143.7252960205078,-1.031690719090927,2.682191742245691,-4.920569878556556,-4.976962308201744,-2.497683085736269,1.3407755705211528,-0.5388233714040851,4.777610722883187,-0.790469167138018,1.0139999617801996
44.0,268.0,143.7252960205078,-1.031690814863095,2.6821908114683595,-4.920570346464027,-4.976963163620345,-2.4976835807269246,1.3407754209787033,-0.5388228462737388,4.777610686929606,-0.7904691790137637,1.0140001421211575
44.0,268.0,143.7252960205078,-1.0316914259846852,2.6821912852086207,-4.920570054996845,-4.976963457633112,-2.4976832608686217,1.3407754557399247,-0.5388225472923303,4.777610896462958,-0.7904690113327248,1.0140005069763325
44.0,268.0,143.7252960205078,-1.0316921648133115,2.6821918506268725,-4.920570108292457,-4.976962170891197,-2.4976842568485584,1.3407754078724654,-0.5388223777468681,4.777611180369714,-0.7904694682703086,1.014000922589422
44.0,268.0,143.7252960205078,-1.0316909269313372,2.682190705518658,-4.920569934073503,-4.976963070824039,-2.49768331415816,1.340775375522389,-0.5388230232604005,4.777610697293802,-0.7904691076651469,1.0139999664020136
44.0,269.0,143.7252960205078,-1.0316918090539682,2.6821914815386494,-4.9205705090448,-4.976962509205115,-2.497683790784471,1.3407756352993152,-0.5388225120524259,4.777610682436267,-0.7904694080418464,1.014000466299409
44.0,269.0,143.7252960205078,-1.0316911816315928,2.682191404397142,-4.920570535207701,-4.976962232063634,-2.4976837105080394,1.3407758299195036,-0.5388229462586791,4.777610913717062,-0.7904695594838476,1.014000067359876
44.0,269.0,143.7252960205078,-1.031691589310712,2.682191006059858,-4.920570563884254,-4.976963120567333,-2.4976839976648386,1.3407752498662209,-0.538822438229225,4.777611087380457,-0.7904692872412404,1.0140006173100948
44.0,269.0,143.7252960205078,-1.0316910273098472,2.682191315846972,-4.920570258832953,-4.976963048971231,-2.497683308116905,1.340775494695868,-0.5388228991519064,4.777610571442629,-0.7904691611097983,1.0140001812874209
44.0,269.0,143.7252960205078,-1.0316907937775293,2.6821910352958422,-4.920569667629749,-4.97696276399591,-2.497683331028912,1.340775541000447,-0.5388228618183541,4.777610826322846,-0.7904691062308391,1.0140001636132905
44.0,269.0,143.72531127929688,-1.031690876640571,2.6821914250772263,-4.920570363131797,-4.976962549534892,-2.497682472861371,1.3407757324626903,-0.5388232167309344,4.777610474459863,-0.790469077674973,1.0139996766624568
44.0,269.0,143.7252960205078,-1.0316910185761174,2.68219145306555,-4.9205693962074735,-4.976963030191468,-2.4976836650636387,1.34077543807913,-0.5388228455741242,4.777610723959043,-0.7904690200694056,1.014000478552698
44.0,269.0,143.7252960205078,-1.0316913199496716,2.682191074095289,-4.920569651073673,-4.976963461728665,-2.497684150044396,1.3407753298365677,-0.5388223647352444,4.777611147302528,-0.7904689793288693,1.0140007931280737
44.0,269.0,143.7252960205078,-1.0316912214315122,2.6821916667429164,-4.920570253911556,-4.976962616647692,-2.497683330141118,1.340775293081416,-0.5388229558420115,4.777610591916183,-0.7904691107102533,1.0140003019094497
44.0,269.0,143.7252960205078,-1.0316911299462097,2.682191911492681,-4.920570302987579,-4.976962504857432,-2.4976828871756345,1.3407758175458024,-0.5388229877046395,4.777610572047209,-0.7904691344252486,1.014000048020539
44.0,269.0,143.72531127929688,-1.031690893069995,2.6821916333968074,-4.920569987847747,-4.976962202895207,-2.497682924725132,1.3407756812575178,-0.5388231966066002,4.77761045841687,-0.7904691850227499,1.0139997835329462
44.0,269.0,143.7252960205078,-1.0316909600946618,2.6821911745055607,-4.92057007161271,-4.976963390741074,-2.497683848780707,1.340775495184353,-0.5388228358208487,4.777610977158654,-0.7904691141104534,1.0140004907674882
44.0,269.0,143.7252960205078,-1.0316913568368808,2.682191058468886,-4.920569843116541,-4.976963301634426,-2.497683452542958,1.3407749057407037,-0.5388225174687564,4.777610906563602,-0.7904690850623517,1.0140006567438684
44.0,269.0,143.7252960205078,-1.0316910835839672,2.6821909679482028,-4.920570245644662,-4.976963122569736,-2.497683615151608,1.3407754467525548,-0.5388227615898753,4.777611174815871,-0.7904693235018039,1.014000261381403
44.0,269.0,143.7252960205078,-1.0316915660569723,2.682191045510532,-4.920569528481698,-4.976963660172476,-2.497684375368128,1.3407750971729318,-0.5388224317126342,4.777611131784262,-0.7904690069881042,1.0140008647517629
44.0,269.0,143.7252960205078,-1.0316911678293472,2.6821914534058813,-4.920570337357752,-4.976962425881206,-2.4976833107086254,1.3407757154680846,-0.53882289734966,4.777610628042865,-0.7904692758562435,1.0140000990068732
44.0,269.0,143.7252960205078,-1.031691227298504,2.6821920089536624,-4.9205703318186655,-4.976961818510871,-2.497683543251028,1.3407756197008585,-0.5388233926674424,4.777610721466489,-0.7904694235952467,1.014000042669288
44.0,269.0,143.7252960205078,-1.0316912220927543,2.6821914896662005,-4.920569976759285,-4.976962606485906,-2.497683985913448,1.3407754240837022,-0.5388228822651282,4.777611357721073,-0.7904693693155203,1.0140005658113491
44.0,269.0,143.72531127929688,-1.0316904975923222,2.6821910866831464,-4.920569599812396,-4.976963292795928,-2.4976830133718444,1.3407752714882912,-0.5388231372983521,4.777610816681618,-0.7904690032055655,1.0140000571835328
44.0,269.0,143.7252960205078,-1.0316904898698391,2.6821906606098374,-4.920569178361495,-4.976964245093932,-2.497683519548102,1.340775095655462,-0.5388226481076881,4.77761099131723,-0.790468829445417,1.014000492534162
44.0,269.0,143.7252960205078,-1.031690834108272,2.6821910396301663,-4.920570172065436,-4.976963250512115,-2.4976831171178526,1.3407754632296616,-0.5388229307167283,4.777610573381949,-0.7904690873099547,1.0140000958482809
44.0,269.0,143.7252960205078,-1.031691381384621,2.6821913393464385,-4.920569381408203,-4.976963270381432,-2.497683924294289,1.3407751802109082,-0.5388226210274478,4.777611215712534,-0.7904690158949546,1.0140008118083053
44.0,269.0,143.72531127929688,-1.0316907089286218,2.682191910545134,-4.920570163677582,-4.976962444794597,-2.497682739746727,1.340775764634312,-0.538823438075994,4.777610409643369,-0.7904691678640798,1.0139998394568517
44.0,269.0,143.7252960205078,-1.031691373056121,2.6821907311542725,-4.920570390446678,-4.9769633434599205,-2.4976838607679666,1.340775530691225,-0.5388225303703713,4.777610908075538,-0.7904692795272501,1.0140004068489166
44.0,269.0,143.7252960205078,-1.0316915089210754,2.682191585554184,-4.920569474937659,-4.976963446339423,-2.497683570522576,1.3407750233679758,-0.5388225928905932,4.7776110115991415,-0.7904688949066454,1.0140007648980711
44.0,269.0,143.72531127929688,-1.0316913525438007,2.6821915765204825,-4.920569776408965,-4.9769629778186815,-2.4976832502871185,1.340775483196558,-0.5388227467587869,4.777610486398082,-0.7904689534097766,1.0140004124691728
44.0,269.0,143.7252960205078,-1.031690381292642,2.682191519048299,-4.920570179411394,-4.976962916240299,-2.497682543610684,1.340775564556366,-0.5388234728270209,4.777610480240645,-0.790469046606729,1.0139997308290614
44.0,269.0,143.7252960205078,-1.0316915450335058,2.68219165162183,-4.92057050343503,-4.9769631710495625,-2.497683200381251,1.3407753971381542,-0.5388225139912608,4.777610599850714,-0.7904688853519124,1.0140006401332062
44.0,269.0,143.72531127929688,-1.0316905887804857,2.6821914262373925,-4.920569686811891,-4.976963407648607,-2.4976829246545416,1.3407754089863202,-0.5388230780582548,4.77761082317477,-0.7904688766671972,1.0140002431266542
44.0,269.0,143.7252960205078,-1.0316915670577105,2.682191183664216,-4.920569513796538,-4.976963304815523,-2.49768418038914,1.340775170119862,-0.5388224625018463,4.777611088865669,-0.7904689872679853,1.0140009140485056
44.0,269.0,143.7252960205078,-1.0316916335445607,2.6821914147274404,-4.9205697089886105,-4.976963286888132,-2.4976840947398324,1.340775355428292,-0.5388224433754214,4.7776112974715375,-0.7904690410379906,1.0140008669222231
44.0,269.0,143.72531127929688,-1.031691950696862,2.6821911665685327,-4.920570092539818,-4.976963279070834,-2.4976844886323315,1.340775351022902,-0.5388220576035341,4.777611345702846,-0.7904692782309173,1.0140012921094197
44.0,269.0,143.7252960205078,-1.031691533256533,2.6821915735977653,-4.920570194634275,-4.976962585769958,-2.497683898647214,1.3407755204178071,-0.5388225938882325,4.77761095494902,-0.7904692729939997,1.014000701464454
44.0,269.0,143.7252960205078,-1.0316914519372968,2.6821907593958363,-4.920570545394368,-4.976962851994406,-2.497683681874434,1.3407755958861864,-0.5388223647925274,4.7776107771207865,-0.7904692787546663,1.014000228416661
44.0,269.0,143.7252960205078,-1.0316912208771694,2.6821912725243653,-4.920569472298422,-4.976963116375362,-2.497683939674017,1.3407752768208496,-0.5388224426567074,4.777610756873939,-0.7904691557594061,1.01400084423957
44.0,269.0,143.72531127929688,-1.031690955515019,2.682191785535494,-4.920569830817617,-4.976963331651461,-2.497682655041912,1.3407752636030352,-0.538822922313348,4.777610541251162,-0.790468667136536,1.014000370879085
44.0,269.0,143.7252960205078,-1.031691226010336,2.6821915553158355,-4.920570030402106,-4.976962576804143,-2.4976826745853846,1.3407756512649938,-0.5388231360084248,4.777610600817429,-0.7904690671590417,1.013999847458508
44.0,269.0,143.72531127929688,-1.0316902433023434,2.682191666928798,-4.9205702201043255,-4.976962475888958,-2.49768217537404,1.3407757495611872,-0.538823706034198,4.7776101791529975,-0.79046896868992,1.0139992486796157
44.0,269.0,143.7252960205078,-1.0316906891958766,2.68219147469002,-4.920570117085319,-4.976962594967271,-2.4976829383841235,1.340775735259184,-0.5388233299191727,4.777610579470785,-0.7904691717593266,1.0139997333792303
44.0,269.0,143.7252960205078,-1.0316914821699452,2.6821912431408803,-4.920570336214334,-4.976962590050475,-2.497683568565169,1.3407756904572068,-0.5388227312083282,4.777611181905092,-0.7904694162573502,1.014000221533986
44.0,269.0,143.7252960205078,-1.0316909584643517,2.6821906627834045,-4.920569915711287,-4.976963512247674,-2.4976841394379807,1.3407751984005092,-0.5388227733465811,4.77761142874577,-0.7904692141989509,1.0140006545193128
44.0,269.0,143.7252960205078,-1.03169142958301,2.682191004271796,-4.9205693052219885,-4.97696367669675,-2.497683712144597,1.340775090535276,-0.538822364046859,4.777611133035688,-0.7904689702999548,1.0140008077320155
44.0,269.0,143.7252960205078,-1.031691640254004,2.682191926704678,-4.920569683853785,-4.976962554918854,-2.497683529435672,1.340775107031,-0.5388228103490285,4.7776111078985615,-0.79046908821865,1.0140006886128443
44.0,269.0,143.7252960205078,-1.0316914609897063,2.6821914412357337,-4.920570058932393,-4.976963040886922,-2.497684185494716,1.340775437172125,-0.5388225216045992,4.777611499101802,-0.7904692325574896,1.0140009469377702
44.0,269.0,143.7252960205078,-1.0316904702153646,2.6821914287294204,-4.920570201980144,-4.976962380626331,-2.497682708512403,1.3407757321403038,-0.5388234579011186,4.777610642297649,-0.7904692141708578,1.0139996952466293
44.0,269.0,143.7252960205078,-1.031690719090927,2.682191742245691,-4.920569878556556,-4.976962308201744,-2.497683085736269,1.3407755705211528,-0.5388233714040851,4.777610722883187,-0.790469167138018,1.0139999617801996
44.0,269.0,143.7252960205078,-1.031690814863095,2.6821908114683595,-4.920570346464027,-4.976963163620345,-2.4976835807269246,1.3407754209787033,-0.5388228462737388,4.777610686929606,-0.7904691790137637,1.0140001421211575
44.0,269.0,143.7252960205078,-1.0316914259846852,2.6821912852086207,-4.920570054996845,-4.976963457633112,-2.4976832608686217,1.3407754557399247,-0.5388225472923303,4.777610896462958,-0.7904690113327248,1.0140005069763325
44.0,269.0,143.7252960205078,-1.0316921648133115,2.6821918506268725,-4.920570108292457,-4.976962170891197,-2.4976842568485584,1.3407754078724654,-0.5388223777468681,4.777611180369714,-0.7904694682703086,1.014000922589422
44.0,269.0,143.7252960205078,-1.0316909269313372,2.682190705518658,-4.920569934073503,-4.976963070824039,-2.49768331415816,1.340775375522389,-0.5388230232604005,4.777610697293802,-0.7904691076651469,1.0139999664020136
44.0,270.0,143.7252960205078,-1.0316918090539682,2.6821914815386494,-4.9205705090448,-4.976962509205115,-2.497683790784471,1.3407756352993152,-0.5388225120524259,4.777610682436267,-0.7904694080418464,1.014000466299409
44.0,270.0,143.7252960205078,-1.0316911816315928,2.682191404397142,-4.920570535207701,-4.976962232063634,-2.4976837105080394,1.3407758299195036,-0.5388229462586791,4.777610913717062,-0.7904695594838476,1.014000067359876
44.0,270.0,143.7252960205078,-1.031691589310712,2.682191006059858,-4.920570563884254,-4.976963120567333,-2.4976839976648386,1.3407752498662209,-0.538822438229225,4.777611087380457,-0.7904692872412404,1.0140006173100948
44.0,270.0,143.7252960205078,-1.0316910273098472,2.682191315846972,-4.920570258832953,-4.976963048971231,-2.497683308116905,1.340775494695868,-0.5388228991519064,4.777610571442629,-0.7904691611097983,1.0140001812874209
44.0,270.0,143.7252960205078,-1.0316907937775293,2.6821910352958422,-4.920569667629749,-4.97696276399591,-2.497683331028912,1.340775541000447,-0.5388228618183541,4.777610826322846,-0.7904691062308391,1.0140001636132905
44.0,270.0,143.72531127929688,-1.031690876640571,2.6821914250772263,-4.920570363131797,-4.976962549534892,-2.497682472861371,1.3407757324626903,-0.5388232167309344,4.777610474459863,-0.790469077674973,1.0139996766624568
44.0,270.0,143.7252960205078,-1.0316910185761174,2.68219145306555,-4.9205693962074735,-4.976963030191468,-2.4976836650636387,1.34077543807913,-0.5388228455741242,4.777610723959043,-0.7904690200694056,1.014000478552698
44.0,270.0,143.7252960205078,-1.0316913199496716,2.682191074095289,-4.920569651073673,-4.976963461728665,-2.497684150044396,1.3407753298365677,-0.5388223647352444,4.777611147302528,-0.7904689793288693,1.0140007931280737
44.0,270.0,143.7252960205078,-1.0316912214315122,2.6821916667429164,-4.920570253911556,-4.976962616647692,-2.497683330141118,1.340775293081416,-0.5388229558420115,4.777610591916183,-0.7904691107102533,1.0140003019094497
44.0,270.0,143.7252960205078,-1.0316911299462097,2.682191911492681,-4.920570302987579,-4.976962504857432,-2.4976828871756345,1.3407758175458024,-0.5388229877046395,4.777610572047209,-0.7904691344252486,1.014000048020539
44.0,270.0,143.72531127929688,-1.031690893069995,2.6821916333968074,-4.920569987847747,-4.976962202895207,-2.497682924725132,1.3407756812575178,-0.5388231966066002,4.77761045841687,-0.7904691850227499,1.0139997835329462
44.0,270.0,143.7252960205078,-1.0316909600946618,2.6821911745055607,-4.92057007161271,-4.976963390741074,-2.497683848780707,1.340775495184353,-0.5388228358208487,4.777610977158654,-0.7904691141104534,1.0140004907674882
44.0,270.0,143.7252960205078,-1.0316913568368808,2.682191058468886,-4.920569843116541,-4.976963301634426,-2.497683452542958,1.3407749057407037,-0.5388225174687564,4.777610906563602,-0.7904690850623517,1.0140006567438684
44.0,270.0,143.7252960205078,-1.0316910835839672,2.6821909679482028,-4.920570245644662,-4.976963122569736,-2.497683615151608,1.3407754467525548,-0.5388227615898753,4.777611174815871,-0.7904693235018039,1.014000261381403
44.0,270.0,143.7252960205078,-1.0316915660569723,2.682191045510532,-4.920569528481698,-4.976963660172476,-2.497684375368128,1.3407750971729318,-0.5388224317126342,4.777611131784262,-0.7904690069881042,1.0140008647517629
44.0,270.0,143.7252960205078,-1.0316911678293472,2.6821914534058813,-4.920570337357752,-4.976962425881206,-2.4976833107086254,1.3407757154680846,-0.53882289734966,4.777610628042865,-0.7904692758562435,1.0140000990068732
44.0,270.0,143.7252960205078,-1.031691227298504,2.6821920089536624,-4.9205703318186655,-4.976961818510871,-2.497683543251028,1.3407756197008585,-0.5388233926674424,4.777610721466489,-0.7904694235952467,1.014000042669288
44.0,270.0,143.7252960205078,-1.0316912220927543,2.6821914896662005,-4.920569976759285,-4.976962606485906,-2.497683985913448,1.3407754240837022,-0.5388228822651282,4.777611357721073,-0.7904693693155203,1.0140005658113491
44.0,270.0,143.72531127929688,-1.0316904975923222,2.6821910866831464,-4.920569599812396,-4.976963292795928,-2.4976830133718444,1.3407752714882912,-0.5388231372983521,4.777610816681618,-0.7904690032055655,1.0140000571835328
44.0,270.0,143.7252960205078,-1.0316904898698391,2.6821906606098374,-4.920569178361495,-4.976964245093932,-2.497683519548102,1.340775095655462,-0.5388226481076881,4.77761099131723,-0.790468829445417,1.014000492534162
44.0,270.0,143.7252960205078,-1.031690834108272,2.6821910396301663,-4.920570172065436,-4.976963250512115,-2.4976831171178526,1.3407754632296616,-0.5388229307167283,4.777610573381949,-0.7904690873099547,1.0140000958482809
44.0,270.0,143.7252960205078,-1.031691381384621,2.6821913393464385,-4.920569381408203,-4.976963270381432,-2.497683924294289,1.3407751802109082,-0.5388226210274478,4.777611215712534,-0.7904690158949546,1.0140008118083053
44.0,270.0,143.72531127929688,-1.0316907089286218,2.682191910545134,-4.920570163677582,-4.976962444794597,-2.497682739746727,1.340775764634312,-0.538823438075994,4.777610409643369,-0.7904691678640798,1.0139998394568517
44.0,270.0,143.7252960205078,-1.031691373056121,2.6821907311542725,-4.920570390446678,-4.9769633434599205,-2.4976838607679666,1.340775530691225,-0.5388225303703713,4.777610908075538,-0.7904692795272501,1.0140004068489166
44.0,270.0,143.7252960205078,-1.0316915089210754,2.682191585554184,-4.920569474937659,-4.976963446339423,-2.497683570522576,1.3407750233679758,-0.5388225928905932,4.7776110115991415,-0.7904688949066454,1.0140007648980711
44.0,270.0,143.72531127929688,-1.0316913525438007,2.6821915765204825,-4.920569776408965,-4.9769629778186815,-2.4976832502871185,1.340775483196558,-0.5388227467587869,4.777610486398082,-0.7904689534097766,1.0140004124691728
44.0,270.0,143.7252960205078,-1.031690381292642,2.682191519048299,-4.920570179411394,-4.976962916240299,-2.497682543610684,1.340775564556366,-0.5388234728270209,4.777610480240645,-0.790469046606729,1.0139997308290614
44.0,270.0,143.7252960205078,-1.0316915450335058,2.68219165162183,-4.92057050343503,-4.9769631710495625,-2.497683200381251,1.3407753971381542,-0.5388225139912608,4.777610599850714,-0.7904688853519124,1.0140006401332062
44.0,270.0,143.72531127929688,-1.0316905887804857,2.6821914262373925,-4.920569686811891,-4.976963407648607,-2.4976829246545416,1.3407754089863202,-0.5388230780582548,4.77761082317477,-0.7904688766671972,1.0140002431266542
44.0,270.0,143.7252960205078,-1.0316915670577105,2.682191183664216,-4.920569513796538,-4.976963304815523,-2.49768418038914,1.340775170119862,-0.5388224625018463,4.777611088865669,-0.7904689872679853,1.0140009140485056
44.0,270.0,143.7252960205078,-1.0316916335445607,2.6821914147274404,-4.9205697089886105,-4.976963286888132,-2.4976840947398324,1.340775355428292,-0.5388224433754214,4.7776112974715375,-0.7904690410379906,1.0140008669222231
44.0,270.0,143.72531127929688,-1.031691950696862,2.6821911665685327,-4.920570092539818,-4.976963279070834,-2.4976844886323315,1.340775351022902,-0.5388220576035341,4.777611345702846,-0.7904692782309173,1.0140012921094197
44.0,270.0,143.7252960205078,-1.031691533256533,2.6821915735977653,-4.920570194634275,-4.976962585769958,-2.497683898647214,1.3407755204178071,-0.5388225938882325,4.77761095494902,-0.7904692729939997,1.014000701464454
44.0,270.0,143.7252960205078,-1.0316914519372968,2.6821907593958363,-4.920570545394368,-4.976962851994406,-2.497683681874434,1.3407755958861864,-0.5388223647925274,4.7776107771207865,-0.7904692787546663,1.014000228416661
44.0,270.0,143.7252960205078,-1.0316912208771694,2.6821912725243653,-4.920569472298422,-4.976963116375362,-2.497683939674017,1.3407752768208496,-0.5388224426567074,4.777610756873939,-0.7904691557594061,1.01400084423957
44.0,270.0,143.72531127929688,-1.031690955515019,2.682191785535494,-4.920569830817617,-4.976963331651461,-2.497682655041912,1.3407752636030352,-0.538822922313348,4.777610541251162,-0.790468667136536,1.014000370879085
44.0,270.0,143.7252960205078,-1.031691226010336,2.6821915553158355,-4.920570030402106,-4.976962576804143,-2.4976826745853846,1.3407756512649938,-0.5388231360084248,4.777610600817429,-0.7904690671590417,1.013999847458508
44.0,270.0,143.72531127929688,-1.0316902433023434,2.682191666928798,-4.9205702201043255,-4.976962475888958,-2.49768217537404,1.3407757495611872,-0.538823706034198,4.7776101791529975,-0.79046896868992,1.0139992486796157
44.0,270.0,143.7252960205078,-1.0316906891958766,2.68219147469002,-4.920570117085319,-4.976962594967271,-2.4976829383841235,1.340775735259184,-0.5388233299191727,4.777610579470785,-0.7904691717593266,1.0139997333792303
44.0,270.0,143.7252960205078,-1.0316914821699452,2.6821912431408803,-4.920570336214334,-4.976962590050475,-2.497683568565169,1.3407756904572068,-0.5388227312083282,4.777611181905092,-0.7904694162573502,1.014000221533986
44.0,270.0,143.7252960205078,-1.0316909584643517,2.6821906627834045,-4.920569915711287,-4.976963512247674,-2.4976841394379807,1.3407751984005092,-0.5388227733465811,4.77761142874577,-0.7904692141989509,1.0140006545193128
44.0,270.0,143.7252960205078,-1.03169142958301,2.682191004271796,-4.9205693052219885,-4.97696367669675,-2.497683712144597,1.340775090535276,-0.538822364046859,4.777611133035688,-0.7904689702999548,1.0140008077320155
44.0,270.0,143.7252960205078,-1.031691640254004,2.682191926704678,-4.920569683853785,-4.976962554918854,-2.497683529435672,1.340775107031,-0.5388228103490285,4.7776111078985615,-0.79046908821865,1.0140006886128443
44.0,270.0,143.7252960205078,-1.0316914609897063,2.6821914412357337,-4.920570058932393,-4.976963040886922,-2.497684185494716,1.340775437172125,-0.5388225216045992,4.777611499101802,-0.7904692325574896,1.0140009469377702
44.0,270.0,143.7252960205078,-1.0316904702153646,2.6821914287294204,-4.920570201980144,-4.976962380626331,-2.497682708512403,1.3407757321403038,-0.5388234579011186,4.777610642297649,-0.7904692141708578,1.0139996952466293
44.0,270.0,143.7252960205078,-1.031690719090927,2.682191742245691,-4.920569878556556,-4.976962308201744,-2.497683085736269,1.3407755705211528,-0.5388233714040851,4.777610722883187,-0.790469167138018,1.0139999617801996
44.0,270.0,143.7252960205078,-1.031690814863095,2.6821908114683595,-4.920570346464027,-4.976963163620345,-2.4976835807269246,1.3407754209787033,-0.5388228462737388,4.777610686929606,-0.7904691790137637,1.0140001421211575
44.0,270.0,143.7252960205078,-1.0316914259846852,2.6821912852086207,-4.920570054996845,-4.976963457633112,-2.4976832608686217,1.3407754557399247,-0.5388225472923303,4.777610896462958,-0.7904690113327248,1.0140005069763325
44.0,270.0,143.7252960205078,-1.0316921648133115,2.6821918506268725,-4.920570108292457,-4.976962170891197,-2.4976842568485584,1.3407754078724654,-0.5388223777468681,4.777611180369714,-0.7904694682703086,1.014000922589422
44.0,270.0,143.7252960205078,-1.0316909269313372,2.682190705518658,-4.920569934073503,-4.976963070824039,-2.49768331415816,1.340775375522389,-0.5388230232604005,4.777610697293802,-0.7904691076651469,1.0139999664020136
44.0,271.0,143.7252960205078,-1.0316918090539682,2.6821914815386494,-4.9205705090448,-4.976962509205115,-2.497683790784471,1.3407756352993152,-0.5388225120524259,4.777610682436267,-0.7904694080418464,1.014000466299409
44.0,271.0,143.7252960205078,-1.0316911816315928,2.682191404397142,-4.920570535207701,-4.976962232063634,-2.4976837105080394,1.3407758299195036,-0.5388229462586791,4.777610913717062,-0.7904695594838476,1.014000067359876
44.0,271.0,143.7252960205078,-1.031691589310712,2.682191006059858,-4.920570563884254,-4.976963120567333,-2.4976839976648386,1.3407752498662209,-0.538822438229225,4.777611087380457,-0.7904692872412404,1.0140006173100948
44.0,271.0,143.7252960205078,-1.0316910273098472,2.682191315846972,-4.920570258832953,-4.976963048971231,-2.497683308116905,1.340775494695868,-0.5388228991519064,4.777610571442629,-0.7904691611097983,1.0140001812874209
44.0,271.0,143.7252960205078,-1.0316907937775293,2.6821910352958422,-4.920569667629749,-4.97696276399591,-2.497683331028912,1.340775541000447,-0.5388228618183541,4.777610826322846,-0.7904691062308391,1.0140001636132905
44.0,271.0,143.72531127929688,-1.031690876640571,2.6821914250772263,-4.920570363131797,-4.976962549534892,-2.497682472861371,1.3407757324626903,-0.5388232167309344,4.777610474459863,-0.790469077674973,1.0139996766624568
44.0,271.0,143.7252960205078,-1.0316910185761174,2.68219145306555,-4.9205693962074735,-4.976963030191468,-2.4976836650636387,1.34077543807913,-0.5388228455741242,4.777610723959043,-0.7904690200694056,1.014000478552698
44.0,271.0,143.7252960205078,-1.0316913199496716,2.682191074095289,-4.920569651073673,-4.976963461728665,-2.497684150044396,1.3407753298365677,-0.5388223647352444,4.777611147302528,-0.7904689793288693,1.0140007931280737
44.0,271.0,143.7252960205078,-1.0316912214315122,2.6821916667429164,-4.920570253911556,-4.976962616647692,-2.497683330141118,1.340775293081416,-0.5388229558420115,4.777610591916183,-0.7904691107102533,1.0140003019094497
44.0,271.0,143.7252960205078,-1.0316911299462097,2.682191911492681,-4.920570302987579,-4.976962504857432,-2.4976828871756345,1.3407758175458024,-0.5388229877046395,4.777610572047209,-0.7904691344252486,1.014000048020539
44.0,271.0,143.72531127929688,-1.031690893069995,2.6821916333968074,-4.920569987847747,-4.976962202895207,-2.497682924725132,1.3407756812575178,-0.5388231966066002,4.77761045841687,-0.7904691850227499,1.0139997835329462
44.0,271.0,143.7252960205078,-1.0316909600946618,2.6821911745055607,-4.92057007161271,-4.976963390741074,-2.497683848780707,1.340775495184353,-0.5388228358208487,4.777610977158654,-0.7904691141104534,1.0140004907674882
44.0,271.0,143.7252960205078,-1.0316913568368808,2.682191058468886,-4.920569843116541,-4.976963301634426,-2.497683452542958,1.3407749057407037,-0.5388225174687564,4.777610906563602,-0.7904690850623517,1.0140006567438684
44.0,271.0,143.7252960205078,-1.0316910835839672,2.6821909679482028,-4.920570245644662,-4.976963122569736,-2.497683615151608,1.3407754467525548,-0.5388227615898753,4.777611174815871,-0.7904693235018039,1.014000261381403
44.0,271.0,143.7252960205078,-1.0316915660569723,2.682191045510532,-4.920569528481698,-4.976963660172476,-2.497684375368128,1.3407750971729318,-0.5388224317126342,4.777611131784262,-0.7904690069881042,1.0140008647517629
44.0,271.0,143.7252960205078,-1.0316911678293472,2.6821914534058813,-4.920570337357752,-4.976962425881206,-2.4976833107086254,1.3407757154680846,-0.53882289734966,4.777610628042865,-0.7904692758562435,1.0140000990068732
44.0,271.0,143.7252960205078,-1.031691227298504,2.6821920089536624,-4.9205703318186655,-4.976961818510871,-2.497683543251028,1.3407756197008585,-0.5388233926674424,4.777610721466489,-0.7904694235952467,1.014000042669288
44.0,271.0,143.7252960205078,-1.0316912220927543,2.6821914896662005,-4.920569976759285,-4.976962606485906,-2.497683985913448,1.3407754240837022,-0.5388228822651282,4.777611357721073,-0.7904693693155203,1.0140005658113491
44.0,271.0,143.72531127929688,-1.0316904975923222,2.6821910866831464,-4.920569599812396,-4.976963292795928,-2.4976830133718444,1.3407752714882912,-0.5388231372983521,4.777610816681618,-0.7904690032055655,1.0140000571835328
44.0,271.0,143.7252960205078,-1.0316904898698391,2.6821906606098374,-4.920569178361495,-4.976964245093932,-2.497683519548102,1.340775095655462,-0.5388226481076881,4.77761099131723,-0.790468829445417,1.014000492534162
44.0,271.0,143.7252960205078,-1.031690834108272,2.6821910396301663,-4.920570172065436,-4.976963250512115,-2.4976831171178526,1.3407754632296616,-0.5388229307167283,4.777610573381949,-0.7904690873099547,1.0140000958482809
44.0,271.0,143.7252960205078,-1.031691381384621,2.6821913393464385,-4.920569381408203,-4.976963270381432,-2.497683924294289,1.3407751802109082,-0.5388226210274478,4.777611215712534,-0.7904690158949546,1.0140008118083053
44.0,271.0,143.72531127929688,-1.0316907089286218,2.682191910545134,-4.920570163677582,-4.976962444794597,-2.497682739746727,1.340775764634312,-0.538823438075994,4.777610409643369,-0.7904691678640798,1.0139998394568517
44.0,271.0,143.7252960205078,-1.031691373056121,2.6821907311542725,-4.920570390446678,-4.9769633434599205,-2.4976838607679666,1.340775530691225,-0.5388225303703713,4.777610908075538,-0.7904692795272501,1.0140004068489166
44.0,271.0,143.7252960205078,-1.0316915089210754,2.682191585554184,-4.920569474937659,-4.976963446339423,-2.497683570522576,1.3407750233679758,-0.5388225928905932,4.7776110115991415,-0.7904688949066454,1.0140007648980711
44.0,271.0,143.72531127929688,-1.0316913525438007,2.6821915765204825,-4.920569776408965,-4.9769629778186815,-2.4976832502871185,1.340775483196558,-0.5388227467587869,4.777610486398082,-0.7904689534097766,1.0140004124691728
44.0,271.0,143.7252960205078,-1.031690381292642,2.682191519048299,-4.920570179411394,-4.976962916240299,-2.497682543610684,1.340775564556366,-0.5388234728270209,4.777610480240645,-0.790469046606729,1.0139997308290614
44.0,271.0,143.7252960205078,-1.0316915450335058,2.68219165162183,-4.92057050343503,-4.9769631710495625,-2.497683200381251,1.3407753971381542,-0.5388225139912608,4.777610599850714,-0.7904688853519124,1.0140006401332062
44.0,271.0,143.72531127929688,-1.0316905887804857,2.6821914262373925,-4.920569686811891,-4.976963407648607,-2.4976829246545416,1.3407754089863202,-0.5388230780582548,4.77761082317477,-0.7904688766671972,1.0140002431266542
44.0,271.0,143.7252960205078,-1.0316915670577105,2.682191183664216,-4.920569513796538,-4.976963304815523,-2.49768418038914,1.340775170119862,-0.5388224625018463,4.777611088865669,-0.7904689872679853,1.0140009140485056
44.0,271.0,143.7252960205078,-1.0316916335445607,2.6821914147274404,-4.9205697089886105,-4.976963286888132,-2.4976840947398324,1.340775355428292,-0.5388224433754214,4.7776112974715375,-0.7904690410379906,1.0140008669222231
44.0,271.0,143.72531127929688,-1.031691950696862,2.6821911665685327,-4.920570092539818,-4.976963279070834,-2.4976844886323315,1.340775351022902,-0.5388220576035341,4.777611345702846,-0.7904692782309173,1.0140012921094197
44.0,271.0,143.7252960205078,-1.031691533256533,2.6821915735977653,-4.920570194634275,-4.976962585769958,-2.497683898647214,1.3407755204178071,-0.5388225938882325,4.77761095494902,-0.7904692729939997,1.014000701464454
44.0,271.0,143.7252960205078,-1.0316914519372968,2.6821907593958363,-4.920570545394368,-4.976962851994406,-2.497683681874434,1.3407755958861864,-0.5388223647925274,4.7776107771207865,-0.7904692787546663,1.014000228416661
44.0,271.0,143.7252960205078,-1.0316912208771694,2.6821912725243653,-4.920569472298422,-4.976963116375362,-2.497683939674017,1.3407752768208496,-0.5388224426567074,4.777610756873939,-0.7904691557594061,1.01400084423957
44.0,271.0,143.72531127929688,-1.031690955515019,2.682191785535494,-4.920569830817617,-4.976963331651461,-2.497682655041912,1.3407752636030352,-0.538822922313348,4.777610541251162,-0.790468667136536,1.014000370879085
44.0,271.0,143.7252960205078,-1.031691226010336,2.6821915553158355,-4.920570030402106,-4.976962576804143,-2.4976826745853846,1.3407756512649938,-0.5388231360084248,4.777610600817429,-0.7904690671590417,1.013999847458508
44.0,271.0,143.72531127929688,-1.0316902433023434,2.682191666928798,-4.9205702201043255,-4.976962475888958,-2.49768217537404,1.3407757495611872,-0.538823706034198,4.7776101791529975,-0.79046896868992,1.0139992486796157
44.0,271.0,143.7252960205078,-1.0316906891958766,2.68219147469002,-4.920570117085319,-4.976962594967271,-2.4976829383841235,1.340775735259184,-0.5388233299191727,4.777610579470785,-0.7904691717593266,1.0139997333792303
44.0,271.0,143.7252960205078,-1.0316914821699452,2.6821912431408803,-4.920570336214334,-4.976962590050475,-2.497683568565169,1.3407756904572068,-0.5388227312083282,4.777611181905092,-0.7904694162573502,1.014000221533986
44.0,271.0,143.7252960205078,-1.0316909584643517,2.6821906627834045,-4.920569915711287,-4.976963512247674,-2.4976841394379807,1.3407751984005092,-0.5388227733465811,4.77761142874577,-0.7904692141989509,1.0140006545193128
44.0,271.0,143.7252960205078,-1.03169142958301,2.682191004271796,-4.9205693052219885,-4.97696367669675,-2.497683712144597,1.340775090535276,-0.538822364046859,4.777611133035688,-0.7904689702999548,1.0140008077320155
44.0,271.0,143.7252960205078,-1.031691640254004,2.682191926704678,-4.920569683853785,-4.976962554918854,-2.497683529435672,1.340775107031,-0.5388228103490285,4.7776111078985615,-0.79046908821865,1.0140006886128443
44.0,271.0,143.7252960205078,-1.0316914609897063,2.6821914412357337,-4.920570058932393,-4.976963040886922,-2.497684185494716,1.340775437172125,-0.5388225216045992,4.777611499101802,-0.7904692325574896,1.0140009469377702
44.0,271.0,143.7252960205078,-1.0316904702153646,2.6821914287294204,-4.920570201980144,-4.976962380626331,-2.497682708512403,1.3407757321403038,-0.5388234579011186,4.777610642297649,-0.7904692141708578,1.0139996952466293
44.0,271.0,143.7252960205078,-1.031690719090927,2.682191742245691,-4.920569878556556,-4.976962308201744,-2.497683085736269,1.3407755705211528,-0.5388233714040851,4.777610722883187,-0.790469167138018,1.0139999617801996
44.0,271.0,143.7252960205078,-1.031690814863095,2.6821908114683595,-4.920570346464027,-4.976963163620345,-2.4976835807269246,1.3407754209787033,-0.5388228462737388,4.777610686929606,-0.7904691790137637,1.0140001421211575
44.0,271.0,143.7252960205078,-1.0316914259846852,2.6821912852086207,-4.920570054996845,-4.976963457633112,-2.4976832608686217,1.3407754557399247,-0.5388225472923303,4.777610896462958,-0.7904690113327248,1.0140005069763325
44.0,271.0,143.7252960205078,-1.0316921648133115,2.6821918506268725,-4.920570108292457,-4.976962170891197,-2.4976842568485584,1.3407754078724654,-0.5388223777468681,4.777611180369714,-0.7904694682703086,1.014000922589422
44.0,271.0,143.7252960205078,-1.0316909269313372,2.682190705518658,-4.920569934073503,-4.976963070824039,-2.49768331415816,1.340775375522389,-0.5388230232604005,4.777610697293802,-0.7904691076651469,1.0139999664020136
44.0,272.0,143.7252960205078,-1.0316918090539682,2.6821914815386494,-4.9205705090448,-4.976962509205115,-2.497683790784471,1.3407756352993152,-0.5388225120524259,4.777610682436267,-0.7904694080418464,1.014000466299409
44.0,272.0,143.7252960205078,-1.0316911816315928,2.682191404397142,-4.920570535207701,-4.976962232063634,-2.4976837105080394,1.3407758299195036,-0.5388229462586791,4.777610913717062,-0.7904695594838476,1.014000067359876
44.0,272.0,143.7252960205078,-1.031691589310712,2.682191006059858,-4.920570563884254,-4.976963120567333,-2.4976839976648386,1.3407752498662209,-0.538822438229225,4.777611087380457,-0.7904692872412404,1.0140006173100948
44.0,272.0,143.7252960205078,-1.0316910273098472,2.682191315846972,-4.920570258832953,-4.976963048971231,-2.497683308116905,1.340775494695868,-0.5388228991519064,4.777610571442629,-0.7904691611097983,1.0140001812874209
44.0,272.0,143.7252960205078,-1.0316907937775293,2.6821910352958422,-4.920569667629749,-4.97696276399591,-2.497683331028912,1.340775541000447,-0.5388228618183541,4.777610826322846,-0.7904691062308391,1.0140001636132905
44.0,272.0,143.72531127929688,-1.031690876640571,2.6821914250772263,-4.920570363131797,-4.976962549534892,-2.497682472861371,1.3407757324626903,-0.5388232167309344,4.777610474459863,-0.790469077674973,1.0139996766624568
44.0,272.0,143.7252960205078,-1.0316910185761174,2.68219145306555,-4.9205693962074735,-4.976963030191468,-2.4976836650636387,1.34077543807913,-0.5388228455741242,4.777610723959043,-0.7904690200694056,1.014000478552698
44.0,272.0,143.7252960205078,-1.0316913199496716,2.682191074095289,-4.920569651073673,-4.976963461728665,-2.497684150044396,1.3407753298365677,-0.5388223647352444,4.777611147302528,-0.7904689793288693,1.0140007931280737
44.0,272.0,143.7252960205078,-1.0316912214315122,2.6821916667429164,-4.920570253911556,-4.976962616647692,-2.497683330141118,1.340775293081416,-0.5388229558420115,4.777610591916183,-0.7904691107102533,1.0140003019094497
44.0,272.0,143.7252960205078,-1.0316911299462097,2.682191911492681,-4.920570302987579,-4.976962504857432,-2.4976828871756345,1.3407758175458024,-0.5388229877046395,4.777610572047209,-0.7904691344252486,1.014000048020539
44.0,272.0,143.72531127929688,-1.031690893069995,2.6821916333968074,-4.920569987847747,-4.976962202895207,-2.497682924725132,1.3407756812575178,-0.5388231966066002,4.77761045841687,-0.7904691850227499,1.0139997835329462
44.0,272.0,143.7252960205078,-1.0316909600946618,2.6821911745055607,-4.92057007161271,-4.976963390741074,-2.497683848780707,1.340775495184353,-0.5388228358208487,4.777610977158654,-0.7904691141104534,1.0140004907674882
44.0,272.0,143.7252960205078,-1.0316913568368808,2.682191058468886,-4.920569843116541,-4.976963301634426,-2.497683452542958,1.3407749057407037,-0.5388225174687564,4.777610906563602,-0.7904690850623517,1.0140006567438684
44.0,272.0,143.7252960205078,-1.0316910835839672,2.6821909679482028,-4.920570245644662,-4.976963122569736,-2.497683615151608,1.3407754467525548,-0.5388227615898753,4.777611174815871,-0.7904693235018039,1.014000261381403
44.0,272.0,143.7252960205078,-1.0316915660569723,2.682191045510532,-4.920569528481698,-4.976963660172476,-2.497684375368128,1.3407750971729318,-0.5388224317126342,4.777611131784262,-0.7904690069881042,1.0140008647517629
44.0,272.0,143.7252960205078,-1.0316911678293472,2.6821914534058813,-4.920570337357752,-4.976962425881206,-2.4976833107086254,1.3407757154680846,-0.53882289734966,4.777610628042865,-0.7904692758562435,1.0140000990068732
44.0,272.0,143.7252960205078,-1.031691227298504,2.6821920089536624,-4.9205703318186655,-4.976961818510871,-2.497683543251028,1.3407756197008585,-0.5388233926674424,4.777610721466489,-0.7904694235952467,1.014000042669288
44.0,272.0,143.7252960205078,-1.0316912220927543,2.6821914896662005,-4.920569976759285,-4.976962606485906,-2.497683985913448,1.3407754240837022,-0.5388228822651282,4.777611357721073,-0.7904693693155203,1.0140005658113491
44.0,272.0,143.72531127929688,-1.0316904975923222,2.6821910866831464,-4.920569599812396,-4.976963292795928,-2.4976830133718444,1.3407752714882912,-0.5388231372983521,4.777610816681618,-0.7904690032055655,1.0140000571835328
44.0,272.0,143.7252960205078,-1.0316904898698391,2.6821906606098374,-4.920569178361495,-4.976964245093932,-2.497683519548102,1.340775095655462,-0.5388226481076881,4.77761099131723,-0.790468829445417,1.014000492534162
44.0,272.0,143.7252960205078,-1.031690834108272,2.6821910396301663,-4.920570172065436,-4.976963250512115,-2.4976831171178526,1.3407754632296616,-0.5388229307167283,4.777610573381949,-0.7904690873099547,1.0140000958482809
44.0,272.0,143.7252960205078,-1.031691381384621,2.6821913393464385,-4.920569381408203,-4.976963270381432,-2.497683924294289,1.3407751802109082,-0.5388226210274478,4.777611215712534,-0.7904690158949546,1.0140008118083053
44.0,272.0,143.72531127929688,-1.0316907089286218,2.682191910545134,-4.920570163677582,-4.976962444794597,-2.497682739746727,1.340775764634312,-0.538823438075994,4.777610409643369,-0.7904691678640798,1.0139998394568517
44.0,272.0,143.7252960205078,-1.031691373056121,2.6821907311542725,-4.920570390446678,-4.9769633434599205,-2.4976838607679666,1.340775530691225,-0.5388225303703713,4.777610908075538,-0.7904692795272501,1.0140004068489166
44.0,272.0,143.7252960205078,-1.0316915089210754,2.682191585554184,-4.920569474937659,-4.976963446339423,-2.497683570522576,1.3407750233679758,-0.5388225928905932,4.7776110115991415,-0.7904688949066454,1.0140007648980711
44.0,272.0,143.72531127929688,-1.0316913525438007,2.6821915765204825,-4.920569776408965,-4.9769629778186815,-2.4976832502871185,1.340775483196558,-0.5388227467587869,4.777610486398082,-0.7904689534097766,1.0140004124691728
44.0,272.0,143.7252960205078,-1.031690381292642,2.682191519048299,-4.920570179411394,-4.976962916240299,-2.497682543610684,1.340775564556366,-0.5388234728270209,4.777610480240645,-0.790469046606729,1.0139997308290614
44.0,272.0,143.7252960205078,-1.0316915450335058,2.68219165162183,-4.92057050343503,-4.9769631710495625,-2.497683200381251,1.3407753971381542,-0.5388225139912608,4.777610599850714,-0.7904688853519124,1.0140006401332062
44.0,272.0,143.72531127929688,-1.0316905887804857,2.6821914262373925,-4.920569686811891,-4.976963407648607,-2.4976829246545416,1.3407754089863202,-0.5388230780582548,4.77761082317477,-0.7904688766671972,1.0140002431266542
44.0,272.0,143.7252960205078,-1.0316915670577105,2.682191183664216,-4.920569513796538,-4.976963304815523,-2.49768418038914,1.340775170119862,-0.5388224625018463,4.777611088865669,-0.7904689872679853,1.0140009140485056
44.0,272.0,143.7252960205078,-1.0316916335445607,2.6821914147274404,-4.9205697089886105,-4.976963286888132,-2.4976840947398324,1.340775355428292,-0.5388224433754214,4.7776112974715375,-0.7904690410379906,1.0140008669222231
44.0,272.0,143.72531127929688,-1.031691950696862,2.6821911665685327,-4.920570092539818,-4.976963279070834,-2.4976844886323315,1.340775351022902,-0.5388220576035341,4.777611345702846,-0.7904692782309173,1.0140012921094197
44.0,272.0,143.7252960205078,-1.031691533256533,2.6821915735977653,-4.920570194634275,-4.976962585769958,-2.497683898647214,1.3407755204178071,-0.5388225938882325,4.77761095494902,-0.7904692729939997,1.014000701464454
44.0,272.0,143.7252960205078,-1.0316914519372968,2.6821907593958363,-4.920570545394368,-4.976962851994406,-2.497683681874434,1.3407755958861864,-0.5388223647925274,4.7776107771207865,-0.7904692787546663,1.014000228416661
44.0,272.0,143.7252960205078,-1.0316912208771694,2.6821912725243653,-4.920569472298422,-4.976963116375362,-2.497683939674017,1.3407752768208496,-0.5388224426567074,4.777610756873939,-0.7904691557594061,1.01400084423957
44.0,272.0,143.72531127929688,-1.031690955515019,2.682191785535494,-4.920569830817617,-4.976963331651461,-2.497682655041912,1.3407752636030352,-0.538822922313348,4.777610541251162,-0.790468667136536,1.014000370879085
44.0,272.0,143.7252960205078,-1.031691226010336,2.6821915553158355,-4.920570030402106,-4.976962576804143,-2.4976826745853846,1.3407756512649938,-0.5388231360084248,4.777610600817429,-0.7904690671590417,1.013999847458508
44.0,272.0,143.72531127929688,-1.0316902433023434,2.682191666928798,-4.9205702201043255,-4.976962475888958,-2.49768217537404,1.3407757495611872,-0.538823706034198,4.7776101791529975,-0.79046896868992,1.0139992486796157
44.0,272.0,143.7252960205078,-1.0316906891958766,2.68219147469002,-4.920570117085319,-4.976962594967271,-2.4976829383841235,1.340775735259184,-0.5388233299191727,4.777610579470785,-0.7904691717593266,1.0139997333792303
44.0,272.0,143.7252960205078,-1.0316914821699452,2.6821912431408803,-4.920570336214334,-4.976962590050475,-2.497683568565169,1.3407756904572068,-0.5388227312083282,4.777611181905092,-0.7904694162573502,1.014000221533986
44.0,272.0,143.7252960205078,-1.0316909584643517,2.6821906627834045,-4.920569915711287,-4.976963512247674,-2.4976841394379807,1.3407751984005092,-0.5388227733465811,4.77761142874577,-0.7904692141989509,1.0140006545193128
44.0,272.0,143.7252960205078,-1.03169142958301,2.682191004271796,-4.9205693052219885,-4.97696367669675,-2.497683712144597,1.340775090535276,-0.538822364046859,4.777611133035688,-0.7904689702999548,1.0140008077320155
44.0,272.0,143.7252960205078,-1.031691640254004,2.682191926704678,-4.920569683853785,-4.976962554918854,-2.497683529435672,1.340775107031,-0.5388228103490285,4.7776111078985615,-0.79046908821865,1.0140006886128443
44.0,272.0,143.7252960205078,-1.0316914609897063,2.6821914412357337,-4.920570058932393,-4.976963040886922,-2.497684185494716,1.340775437172125,-0.5388225216045992,4.777611499101802,-0.7904692325574896,1.0140009469377702
44.0,272.0,143.7252960205078,-1.0316904702153646,2.6821914287294204,-4.920570201980144,-4.976962380626331,-2.497682708512403,1.3407757321403038,-0.5388234579011186,4.777610642297649,-0.7904692141708578,1.0139996952466293
44.0,272.0,143.7252960205078,-1.031690719090927,2.682191742245691,-4.920569878556556,-4.976962308201744,-2.497683085736269,1.3407755705211528,-0.5388233714040851,4.777610722883187,-0.790469167138018,1.0139999617801996
44.0,272.0,143.7252960205078,-1.031690814863095,2.6821908114683595,-4.920570346464027,-4.976963163620345,-2.4976835807269246,1.3407754209787033,-0.5388228462737388,4.777610686929606,-0.7904691790137637,1.0140001421211575
44.0,272.0,143.7252960205078,-1.0316914259846852,2.6821912852086207,-4.920570054996845,-4.976963457633112,-2.4976832608686217,1.3407754557399247,-0.5388225472923303,4.777610896462958,-0.7904690113327248,1.0140005069763325
44.0,272.0,143.7252960205078,-1.0316921648133115,2.6821918506268725,-4.920570108292457,-4.976962170891197,-2.4976842568485584,1.3407754078724654,-0.5388223777468681,4.777611180369714,-0.7904694682703086,1.014000922589422
44.0,272.0,143.7252960205078,-1.0316909269313372,2.682190705518658,-4.920569934073503,-4.976963070824039,-2.49768331415816,1.340775375522389,-0.5388230232604005,4.777610697293802,-0.7904691076651469,1.0139999664020136
44.0,273.0,143.7252960205078,-1.0316918090539682,2.6821914815386494,-4.9205705090448,-4.976962509205115,-2.497683790784471,1.3407756352993152,-0.5388225120524259,4.777610682436267,-0.7904694080418464,1.014000466299409
44.0,273.0,143.7252960205078,-1.0316911816315928,2.682191404397142,-4.920570535207701,-4.976962232063634,-2.4976837105080394,1.3407758299195036,-0.5388229462586791,4.777610913717062,-0.7904695594838476,1.014000067359876
44.0,273.0,143.7252960205078,-1.031691589310712,2.682191006059858,-4.920570563884254,-4.976963120567333,-2.4976839976648386,1.3407752498662209,-0.538822438229225,4.777611087380457,-0.7904692872412404,1.0140006173100948
44.0,273.0,143.7252960205078,-1.0316910273098472,2.682191315846972,-4.920570258832953,-4.976963048971231,-2.497683308116905,1.340775494695868,-0.5388228991519064,4.777610571442629,-0.7904691611097983,1.0140001812874209
44.0,273.0,143.7252960205078,-1.0316907937775293,2.6821910352958422,-4.920569667629749,-4.97696276399591,-2.497683331028912,1.340775541000447,-0.5388228618183541,4.777610826322846,-0.7904691062308391,1.0140001636132905
44.0,273.0,143.72531127929688,-1.031690876640571,2.6821914250772263,-4.920570363131797,-4.976962549534892,-2.497682472861371,1.3407757324626903,-0.5388232167309344,4.777610474459863,-0.790469077674973,1.0139996766624568
44.0,273.0,143.7252960205078,-1.0316910185761174,2.68219145306555,-4.9205693962074735,-4.976963030191468,-2.4976836650636387,1.34077543807913,-0.5388228455741242,4.777610723959043,-0.7904690200694056,1.014000478552698
44.0,273.0,143.7252960205078,-1.0316913199496716,2.682191074095289,-4.920569651073673,-4.976963461728665,-2.497684150044396,1.3407753298365677,-0.5388223647352444,4.777611147302528,-0.7904689793288693,1.0140007931280737
44.0,273.0,143.7252960205078,-1.0316912214315122,2.6821916667429164,-4.920570253911556,-4.976962616647692,-2.497683330141118,1.340775293081416,-0.5388229558420115,4.777610591916183,-0.7904691107102533,1.0140003019094497
44.0,273.0,143.7252960205078,-1.0316911299462097,2.682191911492681,-4.920570302987579,-4.976962504857432,-2.4976828871756345,1.3407758175458024,-0.5388229877046395,4.777610572047209,-0.7904691344252486,1.014000048020539
44.0,273.0,143.72531127929688,-1.031690893069995,2.6821916333968074,-4.920569987847747,-4.976962202895207,-2.497682924725132,1.3407756812575178,-0.5388231966066002,4.77761045841687,-0.7904691850227499,1.0139997835329462
44.0,273.0,143.7252960205078,-1.0316909600946618,2.6821911745055607,-4.92057007161271,-4.976963390741074,-2.497683848780707,1.340775495184353,-0.5388228358208487,4.777610977158654,-0.7904691141104534,1.0140004907674882
44.0,273.0,143.7252960205078,-1.0316913568368808,2.682191058468886,-4.920569843116541,-4.976963301634426,-2.497683452542958,1.3407749057407037,-0.5388225174687564,4.777610906563602,-0.7904690850623517,1.0140006567438684
44.0,273.0,143.7252960205078,-1.0316910835839672,2.6821909679482028,-4.920570245644662,-4.976963122569736,-2.497683615151608,1.3407754467525548,-0.5388227615898753,4.777611174815871,-0.7904693235018039,1.014000261381403
44.0,273.0,143.7252960205078,-1.0316915660569723,2.682191045510532,-4.920569528481698,-4.976963660172476,-2.497684375368128,1.3407750971729318,-0.5388224317126342,4.777611131784262,-0.7904690069881042,1.0140008647517629
44.0,273.0,143.7252960205078,-1.0316911678293472,2.6821914534058813,-4.920570337357752,-4.976962425881206,-2.4976833107086254,1.3407757154680846,-0.53882289734966,4.777610628042865,-0.7904692758562435,1.0140000990068732
44.0,273.0,143.7252960205078,-1.031691227298504,2.6821920089536624,-4.9205703318186655,-4.976961818510871,-2.497683543251028,1.3407756197008585,-0.5388233926674424,4.777610721466489,-0.7904694235952467,1.014000042669288
44.0,273.0,143.7252960205078,-1.0316912220927543,2.6821914896662005,-4.920569976759285,-4.976962606485906,-2.497683985913448,1.3407754240837022,-0.5388228822651282,4.777611357721073,-0.7904693693155203,1.0140005658113491
44.0,273.0,143.72531127929688,-1.0316904975923222,2.6821910866831464,-4.920569599812396,-4.976963292795928,-2.4976830133718444,1.3407752714882912,-0.5388231372983521,4.777610816681618,-0.7904690032055655,1.0140000571835328
44.0,273.0,143.7252960205078,-1.0316904898698391,2.6821906606098374,-4.920569178361495,-4.976964245093932,-2.497683519548102,1.340775095655462,-0.5388226481076881,4.77761099131723,-0.790468829445417,1.014000492534162
44.0,273.0,143.7252960205078,-1.031690834108272,2.6821910396301663,-4.920570172065436,-4.976963250512115,-2.4976831171178526,1.3407754632296616,-0.5388229307167283,4.777610573381949,-0.7904690873099547,1.0140000958482809
44.0,273.0,143.7252960205078,-1.031691381384621,2.6821913393464385,-4.920569381408203,-4.976963270381432,-2.497683924294289,1.3407751802109082,-0.5388226210274478,4.777611215712534,-0.7904690158949546,1.0140008118083053
44.0,273.0,143.72531127929688,-1.0316907089286218,2.682191910545134,-4.920570163677582,-4.976962444794597,-2.497682739746727,1.340775764634312,-0.538823438075994,4.777610409643369,-0.7904691678640798,1.0139998394568517
44.0,273.0,143.7252960205078,-1.031691373056121,2.6821907311542725,-4.920570390446678,-4.9769633434599205,-2.4976838607679666,1.340775530691225,-0.5388225303703713,4.777610908075538,-0.7904692795272501,1.0140004068489166
44.0,273.0,143.7252960205078,-1.0316915089210754,2.682191585554184,-4.920569474937659,-4.976963446339423,-2.497683570522576,1.3407750233679758,-0.5388225928905932,4.7776110115991415,-0.7904688949066454,1.0140007648980711
44.0,273.0,143.72531127929688,-1.0316913525438007,2.6821915765204825,-4.920569776408965,-4.9769629778186815,-2.4976832502871185,1.340775483196558,-0.5388227467587869,4.777610486398082,-0.7904689534097766,1.0140004124691728
44.0,273.0,143.7252960205078,-1.031690381292642,2.682191519048299,-4.920570179411394,-4.976962916240299,-2.497682543610684,1.340775564556366,-0.5388234728270209,4.777610480240645,-0.790469046606729,1.0139997308290614
44.0,273.0,143.7252960205078,-1.0316915450335058,2.68219165162183,-4.92057050343503,-4.9769631710495625,-2.497683200381251,1.3407753971381542,-0.5388225139912608,4.777610599850714,-0.7904688853519124,1.0140006401332062
44.0,273.0,143.72531127929688,-1.0316905887804857,2.6821914262373925,-4.920569686811891,-4.976963407648607,-2.4976829246545416,1.3407754089863202,-0.5388230780582548,4.77761082317477,-0.7904688766671972,1.0140002431266542
44.0,273.0,143.7252960205078,-1.0316915670577105,2.682191183664216,-4.920569513796538,-4.976963304815523,-2.49768418038914,1.340775170119862,-0.5388224625018463,4.777611088865669,-0.7904689872679853,1.0140009140485056
44.0,273.0,143.7252960205078,-1.0316916335445607,2.6821914147274404,-4.9205697089886105,-4.976963286888132,-2.4976840947398324,1.340775355428292,-0.5388224433754214,4.7776112974715375,-0.7904690410379906,1.0140008669222231
44.0,273.0,143.72531127929688,-1.031691950696862,2.6821911665685327,-4.920570092539818,-4.976963279070834,-2.4976844886323315,1.340775351022902,-0.5388220576035341,4.777611345702846,-0.7904692782309173,1.0140012921094197
44.0,273.0,143.7252960205078,-1.031691533256533,2.6821915735977653,-4.920570194634275,-4.976962585769958,-2.497683898647214,1.3407755204178071,-0.5388225938882325,4.77761095494902,-0.7904692729939997,1.014000701464454
44.0,273.0,143.7252960205078,-1.0316914519372968,2.6821907593958363,-4.920570545394368,-4.976962851994406,-2.497683681874434,1.3407755958861864,-0.5388223647925274,4.7776107771207865,-0.7904692787546663,1.014000228416661
44.0,273.0,143.7252960205078,-1.0316912208771694,2.6821912725243653,-4.920569472298422,-4.976963116375362,-2.497683939674017,1.3407752768208496,-0.5388224426567074,4.777610756873939,-0.7904691557594061,1.01400084423957
44.0,273.0,143.72531127929688,-1.031690955515019,2.682191785535494,-4.920569830817617,-4.976963331651461,-2.497682655041912,1.3407752636030352,-0.538822922313348,4.777610541251162,-0.790468667136536,1.014000370879085
44.0,273.0,143.7252960205078,-1.031691226010336,2.6821915553158355,-4.920570030402106,-4.976962576804143,-2.4976826745853846,1.3407756512649938,-0.5388231360084248,4.777610600817429,-0.7904690671590417,1.013999847458508
44.0,273.0,143.72531127929688,-1.0316902433023434,2.682191666928798,-4.9205702201043255,-4.976962475888958,-2.49768217537404,1.3407757495611872,-0.538823706034198,4.7776101791529975,-0.79046896868992,1.0139992486796157
44.0,273.0,143.7252960205078,-1.0316906891958766,2.68219147469002,-4.920570117085319,-4.976962594967271,-2.4976829383841235,1.340775735259184,-0.5388233299191727,4.777610579470785,-0.7904691717593266,1.0139997333792303
44.0,273.0,143.7252960205078,-1.0316914821699452,2.6821912431408803,-4.920570336214334,-4.976962590050475,-2.497683568565169,1.3407756904572068,-0.5388227312083282,4.777611181905092,-0.7904694162573502,1.014000221533986
44.0,273.0,143.7252960205078,-1.0316909584643517,2.6821906627834045,-4.920569915711287,-4.976963512247674,-2.4976841394379807,1.3407751984005092,-0.5388227733465811,4.77761142874577,-0.7904692141989509,1.0140006545193128
44.0,273.0,143.7252960205078,-1.03169142958301,2.682191004271796,-4.9205693052219885,-4.97696367669675,-2.497683712144597,1.340775090535276,-0.538822364046859,4.777611133035688,-0.7904689702999548,1.0140008077320155
44.0,273.0,143.7252960205078,-1.031691640254004,2.682191926704678,-4.920569683853785,-4.976962554918854,-2.497683529435672,1.340775107031,-0.5388228103490285,4.7776111078985615,-0.79046908821865,1.0140006886128443
44.0,273.0,143.7252960205078,-1.0316914609897063,2.6821914412357337,-4.920570058932393,-4.976963040886922,-2.497684185494716,1.340775437172125,-0.5388225216045992,4.777611499101802,-0.7904692325574896,1.0140009469377702
44.0,273.0,143.7252960205078,-1.0316904702153646,2.6821914287294204,-4.920570201980144,-4.976962380626331,-2.497682708512403,1.3407757321403038,-0.5388234579011186,4.777610642297649,-0.7904692141708578,1.0139996952466293
44.0,273.0,143.7252960205078,-1.031690719090927,2.682191742245691,-4.920569878556556,-4.976962308201744,-2.497683085736269,1.3407755705211528,-0.5388233714040851,4.777610722883187,-0.790469167138018,1.0139999617801996
44.0,273.0,143.7252960205078,-1.031690814863095,2.6821908114683595,-4.920570346464027,-4.976963163620345,-2.4976835807269246,1.3407754209787033,-0.5388228462737388,4.777610686929606,-0.7904691790137637,1.0140001421211575
44.0,273.0,143.7252960205078,-1.0316914259846852,2.6821912852086207,-4.920570054996845,-4.976963457633112,-2.4976832608686217,1.3407754557399247,-0.5388225472923303,4.777610896462958,-0.7904690113327248,1.0140005069763325
44.0,273.0,143.7252960205078,-1.0316921648133115,2.6821918506268725,-4.920570108292457,-4.976962170891197,-2.4976842568485584,1.3407754078724654,-0.5388223777468681,4.777611180369714,-0.7904694682703086,1.014000922589422
44.0,273.0,143.7252960205078,-1.0316909269313372,2.682190705518658,-4.920569934073503,-4.976963070824039,-2.49768331415816,1.340775375522389,-0.5388230232604005,4.777610697293802,-0.7904691076651469,1.0139999664020136
44.0,274.0,143.7252960205078,-1.0316918090539682,2.6821914815386494,-4.9205705090448,-4.976962509205115,-2.497683790784471,1.3407756352993152,-0.5388225120524259,4.777610682436267,-0.7904694080418464,1.014000466299409
44.0,274.0,143.7252960205078,-1.0316911816315928,2.682191404397142,-4.920570535207701,-4.976962232063634,-2.4976837105080394,1.3407758299195036,-0.5388229462586791,4.777610913717062,-0.7904695594838476,1.014000067359876
44.0,274.0,143.7252960205078,-1.031691589310712,2.682191006059858,-4.920570563884254,-4.976963120567333,-2.4976839976648386,1.3407752498662209,-0.538822438229225,4.777611087380457,-0.7904692872412404,1.0140006173100948
44.0,274.0,143.7252960205078,-1.0316910273098472,2.682191315846972,-4.920570258832953,-4.976963048971231,-2.497683308116905,1.340775494695868,-0.5388228991519064,4.777610571442629,-0.7904691611097983,1.0140001812874209
44.0,274.0,143.7252960205078,-1.0316907937775293,2.6821910352958422,-4.920569667629749,-4.97696276399591,-2.497683331028912,1.340775541000447,-0.5388228618183541,4.777610826322846,-0.7904691062308391,1.0140001636132905
44.0,274.0,143.72531127929688,-1.031690876640571,2.6821914250772263,-4.920570363131797,-4.976962549534892,-2.497682472861371,1.3407757324626903,-0.5388232167309344,4.777610474459863,-0.790469077674973,1.0139996766624568
44.0,274.0,143.7252960205078,-1.0316910185761174,2.68219145306555,-4.9205693962074735,-4.976963030191468,-2.4976836650636387,1.34077543807913,-0.5388228455741242,4.777610723959043,-0.7904690200694056,1.014000478552698
44.0,274.0,143.7252960205078,-1.0316913199496716,2.682191074095289,-4.920569651073673,-4.976963461728665,-2.497684150044396,1.3407753298365677,-0.5388223647352444,4.777611147302528,-0.7904689793288693,1.0140007931280737
44.0,274.0,143.7252960205078,-1.0316912214315122,2.6821916667429164,-4.920570253911556,-4.976962616647692,-2.497683330141118,1.340775293081416,-0.5388229558420115,4.777610591916183,-0.7904691107102533,1.0140003019094497
44.0,274.0,143.7252960205078,-1.0316911299462097,2.682191911492681,-4.920570302987579,-4.976962504857432,-2.4976828871756345,1.3407758175458024,-0.5388229877046395,4.777610572047209,-0.7904691344252486,1.014000048020539
44.0,274.0,143.72531127929688,-1.031690893069995,2.6821916333968074,-4.920569987847747,-4.976962202895207,-2.497682924725132,1.3407756812575178,-0.5388231966066002,4.77761045841687,-0.7904691850227499,1.0139997835329462
44.0,274.0,143.7252960205078,-1.0316909600946618,2.6821911745055607,-4.92057007161271,-4.976963390741074,-2.497683848780707,1.340775495184353,-0.5388228358208487,4.777610977158654,-0.7904691141104534,1.0140004907674882
44.0,274.0,143.7252960205078,-1.0316913568368808,2.682191058468886,-4.920569843116541,-4.976963301634426,-2.497683452542958,1.3407749057407037,-0.5388225174687564,4.777610906563602,-0.7904690850623517,1.0140006567438684
44.0,274.0,143.7252960205078,-1.0316910835839672,2.6821909679482028,-4.920570245644662,-4.976963122569736,-2.497683615151608,1.3407754467525548,-0.5388227615898753,4.777611174815871,-0.7904693235018039,1.014000261381403
44.0,274.0,143.7252960205078,-1.0316915660569723,2.682191045510532,-4.920569528481698,-4.976963660172476,-2.497684375368128,1.3407750971729318,-0.5388224317126342,4.777611131784262,-0.7904690069881042,1.0140008647517629
44.0,274.0,143.7252960205078,-1.0316911678293472,2.6821914534058813,-4.920570337357752,-4.976962425881206,-2.4976833107086254,1.3407757154680846,-0.53882289734966,4.777610628042865,-0.7904692758562435,1.0140000990068732
44.0,274.0,143.7252960205078,-1.031691227298504,2.6821920089536624,-4.9205703318186655,-4.976961818510871,-2.497683543251028,1.3407756197008585,-0.5388233926674424,4.777610721466489,-0.7904694235952467,1.014000042669288
44.0,274.0,143.7252960205078,-1.0316912220927543,2.6821914896662005,-4.920569976759285,-4.976962606485906,-2.497683985913448,1.3407754240837022,-0.5388228822651282,4.777611357721073,-0.7904693693155203,1.0140005658113491
44.0,274.0,143.72531127929688,-1.0316904975923222,2.6821910866831464,-4.920569599812396,-4.976963292795928,-2.4976830133718444,1.3407752714882912,-0.5388231372983521,4.777610816681618,-0.7904690032055655,1.0140000571835328
44.0,274.0,143.7252960205078,-1.0316904898698391,2.6821906606098374,-4.920569178361495,-4.976964245093932,-2.497683519548102,1.340775095655462,-0.5388226481076881,4.77761099131723,-0.790468829445417,1.014000492534162
44.0,274.0,143.7252960205078,-1.031690834108272,2.6821910396301663,-4.920570172065436,-4.976963250512115,-2.4976831171178526,1.3407754632296616,-0.5388229307167283,4.777610573381949,-0.7904690873099547,1.0140000958482809
44.0,274.0,143.7252960205078,-1.031691381384621,2.6821913393464385,-4.920569381408203,-4.976963270381432,-2.497683924294289,1.3407751802109082,-0.5388226210274478,4.777611215712534,-0.7904690158949546,1.0140008118083053
44.0,274.0,143.72531127929688,-1.0316907089286218,2.682191910545134,-4.920570163677582,-4.976962444794597,-2.497682739746727,1.340775764634312,-0.538823438075994,4.777610409643369,-0.7904691678640798,1.0139998394568517
44.0,274.0,143.7252960205078,-1.031691373056121,2.6821907311542725,-4.920570390446678,-4.9769633434599205,-2.4976838607679666,1.340775530691225,-0.5388225303703713,4.777610908075538,-0.7904692795272501,1.0140004068489166
44.0,274.0,143.7252960205078,-1.0316915089210754,2.682191585554184,-4.920569474937659,-4.976963446339423,-2.497683570522576,1.3407750233679758,-0.5388225928905932,4.7776110115991415,-0.7904688949066454,1.0140007648980711
44.0,274.0,143.72531127929688,-1.0316913525438007,2.6821915765204825,-4.920569776408965,-4.9769629778186815,-2.4976832502871185,1.340775483196558,-0.5388227467587869,4.777610486398082,-0.7904689534097766,1.0140004124691728
44.0,274.0,143.7252960205078,-1.031690381292642,2.682191519048299,-4.920570179411394,-4.976962916240299,-2.497682543610684,1.340775564556366,-0.5388234728270209,4.777610480240645,-0.790469046606729,1.0139997308290614
44.0,274.0,143.7252960205078,-1.0316915450335058,2.68219165162183,-4.92057050343503,-4.9769631710495625,-2.497683200381251,1.3407753971381542,-0.5388225139912608,4.777610599850714,-0.7904688853519124,1.0140006401332062
44.0,274.0,143.72531127929688,-1.0316905887804857,2.6821914262373925,-4.920569686811891,-4.976963407648607,-2.4976829246545416,1.3407754089863202,-0.5388230780582548,4.77761082317477,-0.7904688766671972,1.0140002431266542
44.0,274.0,143.7252960205078,-1.0316915670577105,2.682191183664216,-4.920569513796538,-4.976963304815523,-2.49768418038914,1.340775170119862,-0.5388224625018463,4.777611088865669,-0.7904689872679853,1.0140009140485056
44.0,274.0,143.7252960205078,-1.0316916335445607,2.6821914147274404,-4.9205697089886105,-4.976963286888132,-2.4976840947398324,1.340775355428292,-0.5388224433754214,4.7776112974715375,-0.7904690410379906,1.0140008669222231
44.0,274.0,143.72531127929688,-1.031691950696862,2.6821911665685327,-4.920570092539818,-4.976963279070834,-2.4976844886323315,1.340775351022902,-0.5388220576035341,4.777611345702846,-0.7904692782309173,1.0140012921094197
44.0,274.0,143.7252960205078,-1.031691533256533,2.6821915735977653,-4.920570194634275,-4.976962585769958,-2.497683898647214,1.3407755204178071,-0.5388225938882325,4.77761095494902,-0.7904692729939997,1.014000701464454
44.0,274.0,143.7252960205078,-1.0316914519372968,2.6821907593958363,-4.920570545394368,-4.976962851994406,-2.497683681874434,1.3407755958861864,-0.5388223647925274,4.7776107771207865,-0.7904692787546663,1.014000228416661
44.0,274.0,143.7252960205078,-1.0316912208771694,2.6821912725243653,-4.920569472298422,-4.976963116375362,-2.497683939674017,1.3407752768208496,-0.5388224426567074,4.777610756873939,-0.7904691557594061,1.01400084423957
44.0,274.0,143.72531127929688,-1.031690955515019,2.682191785535494,-4.920569830817617,-4.976963331651461,-2.497682655041912,1.3407752636030352,-0.538822922313348,4.777610541251162,-0.790468667136536,1.014000370879085
44.0,274.0,143.7252960205078,-1.031691226010336,2.6821915553158355,-4.920570030402106,-4.976962576804143,-2.4976826745853846,1.3407756512649938,-0.5388231360084248,4.777610600817429,-0.7904690671590417,1.013999847458508
44.0,274.0,143.72531127929688,-1.0316902433023434,2.682191666928798,-4.9205702201043255,-4.976962475888958,-2.49768217537404,1.3407757495611872,-0.538823706034198,4.7776101791529975,-0.79046896868992,1.0139992486796157
44.0,274.0,143.7252960205078,-1.0316906891958766,2.68219147469002,-4.920570117085319,-4.976962594967271,-2.4976829383841235,1.340775735259184,-0.5388233299191727,4.777610579470785,-0.7904691717593266,1.0139997333792303
44.0,274.0,143.7252960205078,-1.0316914821699452,2.6821912431408803,-4.920570336214334,-4.976962590050475,-2.497683568565169,1.3407756904572068,-0.5388227312083282,4.777611181905092,-0.7904694162573502,1.014000221533986
44.0,274.0,143.7252960205078,-1.0316909584643517,2.6821906627834045,-4.920569915711287,-4.976963512247674,-2.4976841394379807,1.3407751984005092,-0.5388227733465811,4.77761142874577,-0.7904692141989509,1.0140006545193128
44.0,274.0,143.7252960205078,-1.03169142958301,2.682191004271796,-4.9205693052219885,-4.97696367669675,-2.497683712144597,1.340775090535276,-0.538822364046859,4.777611133035688,-0.7904689702999548,1.0140008077320155
44.0,274.0,143.7252960205078,-1.031691640254004,2.682191926704678,-4.920569683853785,-4.976962554918854,-2.497683529435672,1.340775107031,-0.5388228103490285,4.7776111078985615,-0.79046908821865,1.0140006886128443
44.0,274.0,143.7252960205078,-1.0316914609897063,2.6821914412357337,-4.920570058932393,-4.976963040886922,-2.497684185494716,1.340775437172125,-0.5388225216045992,4.777611499101802,-0.7904692325574896,1.0140009469377702
44.0,274.0,143.7252960205078,-1.0316904702153646,2.6821914287294204,-4.920570201980144,-4.976962380626331,-2.497682708512403,1.3407757321403038,-0.5388234579011186,4.777610642297649,-0.7904692141708578,1.0139996952466293
44.0,274.0,143.7252960205078,-1.031690719090927,2.682191742245691,-4.920569878556556,-4.976962308201744,-2.497683085736269,1.3407755705211528,-0.5388233714040851,4.777610722883187,-0.790469167138018,1.0139999617801996
44.0,274.0,143.7252960205078,-1.031690814863095,2.6821908114683595,-4.920570346464027,-4.976963163620345,-2.4976835807269246,1.3407754209787033,-0.5388228462737388,4.777610686929606,-0.7904691790137637,1.0140001421211575
44.0,274.0,143.7252960205078,-1.0316914259846852,2.6821912852086207,-4.920570054996845,-4.976963457633112,-2.4976832608686217,1.3407754557399247,-0.5388225472923303,4.777610896462958,-0.7904690113327248,1.0140005069763325
44.0,274.0,143.7252960205078,-1.0316921648133115,2.6821918506268725,-4.920570108292457,-4.976962170891197,-2.4976842568485584,1.3407754078724654,-0.5388223777468681,4.777611180369714,-0.7904694682703086,1.014000922589422
44.0,274.0,143.7252960205078,-1.0316909269313372,2.682190705518658,-4.920569934073503,-4.976963070824039,-2.49768331415816,1.340775375522389,-0.5388230232604005,4.777610697293802,-0.7904691076651469,1.0139999664020136
44.0,275.0,143.7252960205078,-1.0316918090539682,2.6821914815386494,-4.9205705090448,-4.976962509205115,-2.497683790784471,1.3407756352993152,-0.5388225120524259,4.777610682436267,-0.7904694080418464,1.014000466299409
44.0,275.0,143.7252960205078,-1.0316911816315928,2.682191404397142,-4.920570535207701,-4.976962232063634,-2.4976837105080394,1.3407758299195036,-0.5388229462586791,4.777610913717062,-0.7904695594838476,1.014000067359876
44.0,275.0,143.7252960205078,-1.031691589310712,2.682191006059858,-4.920570563884254,-4.976963120567333,-2.4976839976648386,1.3407752498662209,-0.538822438229225,4.777611087380457,-0.7904692872412404,1.0140006173100948
44.0,275.0,143.7252960205078,-1.0316910273098472,2.682191315846972,-4.920570258832953,-4.976963048971231,-2.497683308116905,1.340775494695868,-0.5388228991519064,4.777610571442629,-0.7904691611097983,1.0140001812874209
44.0,275.0,143.7252960205078,-1.0316907937775293,2.6821910352958422,-4.920569667629749,-4.97696276399591,-2.497683331028912,1.340775541000447,-0.5388228618183541,4.777610826322846,-0.7904691062308391,1.0140001636132905
44.0,275.0,143.72531127929688,-1.031690876640571,2.6821914250772263,-4.920570363131797,-4.976962549534892,-2.497682472861371,1.3407757324626903,-0.5388232167309344,4.777610474459863,-0.790469077674973,1.0139996766624568
44.0,275.0,143.7252960205078,-1.0316910185761174,2.68219145306555,-4.9205693962074735,-4.976963030191468,-2.4976836650636387,1.34077543807913,-0.5388228455741242,4.777610723959043,-0.7904690200694056,1.014000478552698
44.0,275.0,143.7252960205078,-1.0316913199496716,2.682191074095289,-4.920569651073673,-4.976963461728665,-2.497684150044396,1.3407753298365677,-0.5388223647352444,4.777611147302528,-0.7904689793288693,1.0140007931280737
44.0,275.0,143.7252960205078,-1.0316912214315122,2.6821916667429164,-4.920570253911556,-4.976962616647692,-2.497683330141118,1.340775293081416,-0.5388229558420115,4.777610591916183,-0.7904691107102533,1.0140003019094497
44.0,275.0,143.7252960205078,-1.0316911299462097,2.682191911492681,-4.920570302987579,-4.976962504857432,-2.4976828871756345,1.3407758175458024,-0.5388229877046395,4.777610572047209,-0.7904691344252486,1.014000048020539
44.0,275.0,143.72531127929688,-1.031690893069995,2.6821916333968074,-4.920569987847747,-4.976962202895207,-2.497682924725132,1.3407756812575178,-0.5388231966066002,4.77761045841687,-0.7904691850227499,1.0139997835329462
44.0,275.0,143.7252960205078,-1.0316909600946618,2.6821911745055607,-4.92057007161271,-4.976963390741074,-2.497683848780707,1.340775495184353,-0.5388228358208487,4.777610977158654,-0.7904691141104534,1.0140004907674882
44.0,275.0,143.7252960205078,-1.0316913568368808,2.682191058468886,-4.920569843116541,-4.976963301634426,-2.497683452542958,1.3407749057407037,-0.5388225174687564,4.777610906563602,-0.7904690850623517,1.0140006567438684
44.0,275.0,143.7252960205078,-1.0316910835839672,2.6821909679482028,-4.920570245644662,-4.976963122569736,-2.497683615151608,1.3407754467525548,-0.5388227615898753,4.777611174815871,-0.7904693235018039,1.014000261381403
44.0,275.0,143.7252960205078,-1.0316915660569723,2.682191045510532,-4.920569528481698,-4.976963660172476,-2.497684375368128,1.3407750971729318,-0.5388224317126342,4.777611131784262,-0.7904690069881042,1.0140008647517629
44.0,275.0,143.7252960205078,-1.0316911678293472,2.6821914534058813,-4.920570337357752,-4.976962425881206,-2.4976833107086254,1.3407757154680846,-0.53882289734966,4.777610628042865,-0.7904692758562435,1.0140000990068732
44.0,275.0,143.7252960205078,-1.031691227298504,2.6821920089536624,-4.9205703318186655,-4.976961818510871,-2.497683543251028,1.3407756197008585,-0.5388233926674424,4.777610721466489,-0.7904694235952467,1.014000042669288
44.0,275.0,143.7252960205078,-1.0316912220927543,2.6821914896662005,-4.920569976759285,-4.976962606485906,-2.497683985913448,1.3407754240837022,-0.5388228822651282,4.777611357721073,-0.7904693693155203,1.0140005658113491
44.0,275.0,143.72531127929688,-1.0316904975923222,2.6821910866831464,-4.920569599812396,-4.976963292795928,-2.4976830133718444,1.3407752714882912,-0.5388231372983521,4.777610816681618,-0.7904690032055655,1.0140000571835328
44.0,275.0,143.7252960205078,-1.0316904898698391,2.6821906606098374,-4.920569178361495,-4.976964245093932,-2.497683519548102,1.340775095655462,-0.5388226481076881,4.77761099131723,-0.790468829445417,1.014000492534162
44.0,275.0,143.7252960205078,-1.031690834108272,2.6821910396301663,-4.920570172065436,-4.976963250512115,-2.4976831171178526,1.3407754632296616,-0.5388229307167283,4.777610573381949,-0.7904690873099547,1.0140000958482809
44.0,275.0,143.7252960205078,-1.031691381384621,2.6821913393464385,-4.920569381408203,-4.976963270381432,-2.497683924294289,1.3407751802109082,-0.5388226210274478,4.777611215712534,-0.7904690158949546,1.0140008118083053
44.0,275.0,143.72531127929688,-1.0316907089286218,2.682191910545134,-4.920570163677582,-4.976962444794597,-2.497682739746727,1.340775764634312,-0.538823438075994,4.777610409643369,-0.7904691678640798,1.0139998394568517
44.0,275.0,143.7252960205078,-1.031691373056121,2.6821907311542725,-4.920570390446678,-4.9769633434599205,-2.4976838607679666,1.340775530691225,-0.5388225303703713,4.777610908075538,-0.7904692795272501,1.0140004068489166
44.0,275.0,143.7252960205078,-1.0316915089210754,2.682191585554184,-4.920569474937659,-4.976963446339423,-2.497683570522576,1.3407750233679758,-0.5388225928905932,4.7776110115991415,-0.7904688949066454,1.0140007648980711
44.0,275.0,143.72531127929688,-1.0316913525438007,2.6821915765204825,-4.920569776408965,-4.9769629778186815,-2.4976832502871185,1.340775483196558,-0.5388227467587869,4.777610486398082,-0.7904689534097766,1.0140004124691728
44.0,275.0,143.7252960205078,-1.031690381292642,2.682191519048299,-4.920570179411394,-4.976962916240299,-2.497682543610684,1.340775564556366,-0.5388234728270209,4.777610480240645,-0.790469046606729,1.0139997308290614
44.0,275.0,143.7252960205078,-1.0316915450335058,2.68219165162183,-4.92057050343503,-4.9769631710495625,-2.497683200381251,1.3407753971381542,-0.5388225139912608,4.777610599850714,-0.7904688853519124,1.0140006401332062
44.0,275.0,143.72531127929688,-1.0316905887804857,2.6821914262373925,-4.920569686811891,-4.976963407648607,-2.4976829246545416,1.3407754089863202,-0.5388230780582548,4.77761082317477,-0.7904688766671972,1.0140002431266542
44.0,275.0,143.7252960205078,-1.0316915670577105,2.682191183664216,-4.920569513796538,-4.976963304815523,-2.49768418038914,1.340775170119862,-0.5388224625018463,4.777611088865669,-0.7904689872679853,1.0140009140485056
44.0,275.0,143.7252960205078,-1.0316916335445607,2.6821914147274404,-4.9205697089886105,-4.976963286888132,-2.4976840947398324,1.340775355428292,-0.5388224433754214,4.7776112974715375,-0.7904690410379906,1.0140008669222231
44.0,275.0,143.72531127929688,-1.031691950696862,2.6821911665685327,-4.920570092539818,-4.976963279070834,-2.4976844886323315,1.340775351022902,-0.5388220576035341,4.777611345702846,-0.7904692782309173,1.0140012921094197
44.0,275.0,143.7252960205078,-1.031691533256533,2.6821915735977653,-4.920570194634275,-4.976962585769958,-2.497683898647214,1.3407755204178071,-0.5388225938882325,4.77761095494902,-0.7904692729939997,1.014000701464454
44.0,275.0,143.7252960205078,-1.0316914519372968,2.6821907593958363,-4.920570545394368,-4.976962851994406,-2.497683681874434,1.3407755958861864,-0.5388223647925274,4.7776107771207865,-0.7904692787546663,1.014000228416661
44.0,275.0,143.7252960205078,-1.0316912208771694,2.6821912725243653,-4.920569472298422,-4.976963116375362,-2.497683939674017,1.3407752768208496,-0.5388224426567074,4.777610756873939,-0.7904691557594061,1.01400084423957
44.0,275.0,143.72531127929688,-1.031690955515019,2.682191785535494,-4.920569830817617,-4.976963331651461,-2.497682655041912,1.3407752636030352,-0.538822922313348,4.777610541251162,-0.790468667136536,1.014000370879085
44.0,275.0,143.7252960205078,-1.031691226010336,2.6821915553158355,-4.920570030402106,-4.976962576804143,-2.4976826745853846,1.3407756512649938,-0.5388231360084248,4.777610600817429,-0.7904690671590417,1.013999847458508
44.0,275.0,143.72531127929688,-1.0316902433023434,2.682191666928798,-4.9205702201043255,-4.976962475888958,-2.49768217537404,1.3407757495611872,-0.538823706034198,4.7776101791529975,-0.79046896868992,1.0139992486796157
44.0,275.0,143.7252960205078,-1.0316906891958766,2.68219147469002,-4.920570117085319,-4.976962594967271,-2.4976829383841235,1.340775735259184,-0.5388233299191727,4.777610579470785,-0.7904691717593266,1.0139997333792303
44.0,275.0,143.7252960205078,-1.0316914821699452,2.6821912431408803,-4.920570336214334,-4.976962590050475,-2.497683568565169,1.3407756904572068,-0.5388227312083282,4.777611181905092,-0.7904694162573502,1.014000221533986
44.0,275.0,143.7252960205078,-1.0316909584643517,2.6821906627834045,-4.920569915711287,-4.976963512247674,-2.4976841394379807,1.3407751984005092,-0.5388227733465811,4.77761142874577,-0.7904692141989509,1.0140006545193128
44.0,275.0,143.7252960205078,-1.03169142958301,2.682191004271796,-4.9205693052219885,-4.97696367669675,-2.497683712144597,1.340775090535276,-0.538822364046859,4.777611133035688,-0.7904689702999548,1.0140008077320155
44.0,275.0,143.7252960205078,-1.031691640254004,2.682191926704678,-4.920569683853785,-4.976962554918854,-2.497683529435672,1.340775107031,-0.5388228103490285,4.7776111078985615,-0.79046908821865,1.0140006886128443
44.0,275.0,143.7252960205078,-1.0316914609897063,2.6821914412357337,-4.920570058932393,-4.976963040886922,-2.497684185494716,1.340775437172125,-0.5388225216045992,4.777611499101802,-0.7904692325574896,1.0140009469377702
44.0,275.0,143.7252960205078,-1.0316904702153646,2.6821914287294204,-4.920570201980144,-4.976962380626331,-2.497682708512403,1.3407757321403038,-0.5388234579011186,4.777610642297649,-0.7904692141708578,1.0139996952466293
44.0,275.0,143.7252960205078,-1.031690719090927,2.682191742245691,-4.920569878556556,-4.976962308201744,-2.497683085736269,1.3407755705211528,-0.5388233714040851,4.777610722883187,-0.790469167138018,1.0139999617801996
44.0,275.0,143.7252960205078,-1.031690814863095,2.6821908114683595,-4.920570346464027,-4.976963163620345,-2.4976835807269246,1.3407754209787033,-0.5388228462737388,4.777610686929606,-0.7904691790137637,1.0140001421211575
44.0,275.0,143.7252960205078,-1.0316914259846852,2.6821912852086207,-4.920570054996845,-4.976963457633112,-2.4976832608686217,1.3407754557399247,-0.5388225472923303,4.777610896462958,-0.7904690113327248,1.0140005069763325
44.0,275.0,143.7252960205078,-1.0316921648133115,2.6821918506268725,-4.920570108292457,-4.976962170891197,-2.4976842568485584,1.3407754078724654,-0.5388223777468681,4.777611180369714,-0.7904694682703086,1.014000922589422
44.0,275.0,143.7252960205078,-1.0316909269313372,2.682190705518658,-4.920569934073503,-4.976963070824039,-2.49768331415816,1.340775375522389,-0.5388230232604005,4.777610697293802,-0.7904691076651469,1.0139999664020136
44.0,276.0,143.7252960205078,-1.0316918090539682,2.6821914815386494,-4.9205705090448,-4.976962509205115,-2.497683790784471,1.3407756352993152,-0.5388225120524259,4.777610682436267,-0.7904694080418464,1.014000466299409
44.0,276.0,143.7252960205078,-1.0316911816315928,2.682191404397142,-4.920570535207701,-4.976962232063634,-2.4976837105080394,1.3407758299195036,-0.5388229462586791,4.777610913717062,-0.7904695594838476,1.014000067359876
44.0,276.0,143.7252960205078,-1.031691589310712,2.682191006059858,-4.920570563884254,-4.976963120567333,-2.4976839976648386,1.3407752498662209,-0.538822438229225,4.777611087380457,-0.7904692872412404,1.0140006173100948
44.0,276.0,143.7252960205078,-1.0316910273098472,2.682191315846972,-4.920570258832953,-4.976963048971231,-2.497683308116905,1.340775494695868,-0.5388228991519064,4.777610571442629,-0.7904691611097983,1.0140001812874209
44.0,276.0,143.7252960205078,-1.0316907937775293,2.6821910352958422,-4.920569667629749,-4.97696276399591,-2.497683331028912,1.340775541000447,-0.5388228618183541,4.777610826322846,-0.7904691062308391,1.0140001636132905
44.0,276.0,143.72531127929688,-1.031690876640571,2.6821914250772263,-4.920570363131797,-4.976962549534892,-2.497682472861371,1.3407757324626903,-0.5388232167309344,4.777610474459863,-0.790469077674973,1.0139996766624568
44.0,276.0,143.7252960205078,-1.0316910185761174,2.68219145306555,-4.9205693962074735,-4.976963030191468,-2.4976836650636387,1.34077543807913,-0.5388228455741242,4.777610723959043,-0.7904690200694056,1.014000478552698
44.0,276.0,143.7252960205078,-1.0316913199496716,2.682191074095289,-4.920569651073673,-4.976963461728665,-2.497684150044396,1.3407753298365677,-0.5388223647352444,4.777611147302528,-0.7904689793288693,1.0140007931280737
44.0,276.0,143.7252960205078,-1.0316912214315122,2.6821916667429164,-4.920570253911556,-4.976962616647692,-2.497683330141118,1.340775293081416,-0.5388229558420115,4.777610591916183,-0.7904691107102533,1.0140003019094497
44.0,276.0,143.7252960205078,-1.0316911299462097,2.682191911492681,-4.920570302987579,-4.976962504857432,-2.4976828871756345,1.3407758175458024,-0.5388229877046395,4.777610572047209,-0.7904691344252486,1.014000048020539
44.0,276.0,143.72531127929688,-1.031690893069995,2.6821916333968074,-4.920569987847747,-4.976962202895207,-2.497682924725132,1.3407756812575178,-0.5388231966066002,4.77761045841687,-0.7904691850227499,1.0139997835329462
44.0,276.0,143.7252960205078,-1.0316909600946618,2.6821911745055607,-4.92057007161271,-4.976963390741074,-2.497683848780707,1.340775495184353,-0.5388228358208487,4.777610977158654,-0.7904691141104534,1.0140004907674882
44.0,276.0,143.7252960205078,-1.0316913568368808,2.682191058468886,-4.920569843116541,-4.976963301634426,-2.497683452542958,1.3407749057407037,-0.5388225174687564,4.777610906563602,-0.7904690850623517,1.0140006567438684
44.0,276.0,143.7252960205078,-1.0316910835839672,2.6821909679482028,-4.920570245644662,-4.976963122569736,-2.497683615151608,1.3407754467525548,-0.5388227615898753,4.777611174815871,-0.7904693235018039,1.014000261381403
44.0,276.0,143.7252960205078,-1.0316915660569723,2.682191045510532,-4.920569528481698,-4.976963660172476,-2.497684375368128,1.3407750971729318,-0.5388224317126342,4.777611131784262,-0.7904690069881042,1.0140008647517629
44.0,276.0,143.7252960205078,-1.0316911678293472,2.6821914534058813,-4.920570337357752,-4.976962425881206,-2.4976833107086254,1.3407757154680846,-0.53882289734966,4.777610628042865,-0.7904692758562435,1.0140000990068732
44.0,276.0,143.7252960205078,-1.031691227298504,2.6821920089536624,-4.9205703318186655,-4.976961818510871,-2.497683543251028,1.3407756197008585,-0.5388233926674424,4.777610721466489,-0.7904694235952467,1.014000042669288
44.0,276.0,143.7252960205078,-1.0316912220927543,2.6821914896662005,-4.920569976759285,-4.976962606485906,-2.497683985913448,1.3407754240837022,-0.5388228822651282,4.777611357721073,-0.7904693693155203,1.0140005658113491
44.0,276.0,143.72531127929688,-1.0316904975923222,2.6821910866831464,-4.920569599812396,-4.976963292795928,-2.4976830133718444,1.3407752714882912,-0.5388231372983521,4.777610816681618,-0.7904690032055655,1.0140000571835328
44.0,276.0,143.7252960205078,-1.0316904898698391,2.6821906606098374,-4.920569178361495,-4.976964245093932,-2.497683519548102,1.340775095655462,-0.5388226481076881,4.77761099131723,-0.790468829445417,1.014000492534162
44.0,276.0,143.7252960205078,-1.031690834108272,2.6821910396301663,-4.920570172065436,-4.976963250512115,-2.4976831171178526,1.3407754632296616,-0.5388229307167283,4.777610573381949,-0.7904690873099547,1.0140000958482809
44.0,276.0,143.7252960205078,-1.031691381384621,2.6821913393464385,-4.920569381408203,-4.976963270381432,-2.497683924294289,1.3407751802109082,-0.5388226210274478,4.777611215712534,-0.7904690158949546,1.0140008118083053
44.0,276.0,143.72531127929688,-1.0316907089286218,2.682191910545134,-4.920570163677582,-4.976962444794597,-2.497682739746727,1.340775764634312,-0.538823438075994,4.777610409643369,-0.7904691678640798,1.0139998394568517
44.0,276.0,143.7252960205078,-1.031691373056121,2.6821907311542725,-4.920570390446678,-4.9769633434599205,-2.4976838607679666,1.340775530691225,-0.5388225303703713,4.777610908075538,-0.7904692795272501,1.0140004068489166
44.0,276.0,143.7252960205078,-1.0316915089210754,2.682191585554184,-4.920569474937659,-4.976963446339423,-2.497683570522576,1.3407750233679758,-0.5388225928905932,4.7776110115991415,-0.7904688949066454,1.0140007648980711
44.0,276.0,143.72531127929688,-1.0316913525438007,2.6821915765204825,-4.920569776408965,-4.9769629778186815,-2.4976832502871185,1.340775483196558,-0.5388227467587869,4.777610486398082,-0.7904689534097766,1.0140004124691728
44.0,276.0,143.7252960205078,-1.031690381292642,2.682191519048299,-4.920570179411394,-4.976962916240299,-2.497682543610684,1.340775564556366,-0.5388234728270209,4.777610480240645,-0.790469046606729,1.0139997308290614
44.0,276.0,143.7252960205078,-1.0316915450335058,2.68219165162183,-4.92057050343503,-4.9769631710495625,-2.497683200381251,1.3407753971381542,-0.5388225139912608,4.777610599850714,-0.7904688853519124,1.0140006401332062
44.0,276.0,143.72531127929688,-1.0316905887804857,2.6821914262373925,-4.920569686811891,-4.976963407648607,-2.4976829246545416,1.3407754089863202,-0.5388230780582548,4.77761082317477,-0.7904688766671972,1.0140002431266542
44.0,276.0,143.7252960205078,-1.0316915670577105,2.682191183664216,-4.920569513796538,-4.976963304815523,-2.49768418038914,1.340775170119862,-0.5388224625018463,4.777611088865669,-0.7904689872679853,1.0140009140485056
44.0,276.0,143.7252960205078,-1.0316916335445607,2.6821914147274404,-4.9205697089886105,-4.976963286888132,-2.4976840947398324,1.340775355428292,-0.5388224433754214,4.7776112974715375,-0.7904690410379906,1.0140008669222231
44.0,276.0,143.72531127929688,-1.031691950696862,2.6821911665685327,-4.920570092539818,-4.976963279070834,-2.4976844886323315,1.340775351022902,-0.5388220576035341,4.777611345702846,-0.7904692782309173,1.0140012921094197
44.0,276.0,143.7252960205078,-1.031691533256533,2.6821915735977653,-4.920570194634275,-4.976962585769958,-2.497683898647214,1.3407755204178071,-0.5388225938882325,4.77761095494902,-0.7904692729939997,1.014000701464454
44.0,276.0,143.7252960205078,-1.0316914519372968,2.6821907593958363,-4.920570545394368,-4.976962851994406,-2.497683681874434,1.3407755958861864,-0.5388223647925274,4.7776107771207865,-0.7904692787546663,1.014000228416661
44.0,276.0,143.7252960205078,-1.0316912208771694,2.6821912725243653,-4.920569472298422,-4.976963116375362,-2.497683939674017,1.3407752768208496,-0.5388224426567074,4.777610756873939,-0.7904691557594061,1.01400084423957
44.0,276.0,143.72531127929688,-1.031690955515019,2.682191785535494,-4.920569830817617,-4.976963331651461,-2.497682655041912,1.3407752636030352,-0.538822922313348,4.777610541251162,-0.790468667136536,1.014000370879085
44.0,276.0,143.7252960205078,-1.031691226010336,2.6821915553158355,-4.920570030402106,-4.976962576804143,-2.4976826745853846,1.3407756512649938,-0.5388231360084248,4.777610600817429,-0.7904690671590417,1.013999847458508
44.0,276.0,143.72531127929688,-1.0316902433023434,2.682191666928798,-4.9205702201043255,-4.976962475888958,-2.49768217537404,1.3407757495611872,-0.538823706034198,4.7776101791529975,-0.79046896868992,1.0139992486796157
44.0,276.0,143.7252960205078,-1.0316906891958766,2.68219147469002,-4.920570117085319,-4.976962594967271,-2.4976829383841235,1.340775735259184,-0.5388233299191727,4.777610579470785,-0.7904691717593266,1.0139997333792303
44.0,276.0,143.7252960205078,-1.0316914821699452,2.6821912431408803,-4.920570336214334,-4.976962590050475,-2.497683568565169,1.3407756904572068,-0.5388227312083282,4.777611181905092,-0.7904694162573502,1.014000221533986
44.0,276.0,143.7252960205078,-1.0316909584643517,2.6821906627834045,-4.920569915711287,-4.976963512247674,-2.4976841394379807,1.3407751984005092,-0.5388227733465811,4.77761142874577,-0.7904692141989509,1.0140006545193128
44.0,276.0,143.7252960205078,-1.03169142958301,2.682191004271796,-4.9205693052219885,-4.97696367669675,-2.497683712144597,1.340775090535276,-0.538822364046859,4.777611133035688,-0.7904689702999548,1.0140008077320155
44.0,276.0,143.7252960205078,-1.031691640254004,2.682191926704678,-4.920569683853785,-4.976962554918854,-2.497683529435672,1.340775107031,-0.5388228103490285,4.7776111078985615,-0.79046908821865,1.0140006886128443
44.0,276.0,143.7252960205078,-1.0316914609897063,2.6821914412357337,-4.920570058932393,-4.976963040886922,-2.497684185494716,1.340775437172125,-0.5388225216045992,4.777611499101802,-0.7904692325574896,1.0140009469377702
44.0,276.0,143.7252960205078,-1.0316904702153646,2.6821914287294204,-4.920570201980144,-4.976962380626331,-2.497682708512403,1.3407757321403038,-0.5388234579011186,4.777610642297649,-0.7904692141708578,1.0139996952466293
44.0,276.0,143.7252960205078,-1.031690719090927,2.682191742245691,-4.920569878556556,-4.976962308201744,-2.497683085736269,1.3407755705211528,-0.5388233714040851,4.777610722883187,-0.790469167138018,1.0139999617801996
44.0,276.0,143.7252960205078,-1.031690814863095,2.6821908114683595,-4.920570346464027,-4.976963163620345,-2.4976835807269246,1.3407754209787033,-0.5388228462737388,4.777610686929606,-0.7904691790137637,1.0140001421211575
44.0,276.0,143.7252960205078,-1.0316914259846852,2.6821912852086207,-4.920570054996845,-4.976963457633112,-2.4976832608686217,1.3407754557399247,-0.5388225472923303,4.777610896462958,-0.7904690113327248,1.0140005069763325
44.0,276.0,143.7252960205078,-1.0316921648133115,2.6821918506268725,-4.920570108292457,-4.976962170891197,-2.4976842568485584,1.3407754078724654,-0.5388223777468681,4.777611180369714,-0.7904694682703086,1.014000922589422
44.0,276.0,143.7252960205078,-1.0316909269313372,2.682190705518658,-4.920569934073503,-4.976963070824039,-2.49768331415816,1.340775375522389,-0.5388230232604005,4.777610697293802,-0.7904691076651469,1.0139999664020136
44.0,277.0,143.7252960205078,-1.0316918090539682,2.6821914815386494,-4.9205705090448,-4.976962509205115,-2.497683790784471,1.3407756352993152,-0.5388225120524259,4.777610682436267,-0.7904694080418464,1.014000466299409
44.0,277.0,143.7252960205078,-1.0316911816315928,2.682191404397142,-4.920570535207701,-4.976962232063634,-2.4976837105080394,1.3407758299195036,-0.5388229462586791,4.777610913717062,-0.7904695594838476,1.014000067359876
44.0,277.0,143.7252960205078,-1.031691589310712,2.682191006059858,-4.920570563884254,-4.976963120567333,-2.4976839976648386,1.3407752498662209,-0.538822438229225,4.777611087380457,-0.7904692872412404,1.0140006173100948
44.0,277.0,143.7252960205078,-1.0316910273098472,2.682191315846972,-4.920570258832953,-4.976963048971231,-2.497683308116905,1.340775494695868,-0.5388228991519064,4.777610571442629,-0.7904691611097983,1.0140001812874209
44.0,277.0,143.7252960205078,-1.0316907937775293,2.6821910352958422,-4.920569667629749,-4.97696276399591,-2.497683331028912,1.340775541000447,-0.5388228618183541,4.777610826322846,-0.7904691062308391,1.0140001636132905
44.0,277.0,143.72531127929688,-1.031690876640571,2.6821914250772263,-4.920570363131797,-4.976962549534892,-2.497682472861371,1.3407757324626903,-0.5388232167309344,4.777610474459863,-0.790469077674973,1.0139996766624568
44.0,277.0,143.7252960205078,-1.0316910185761174,2.68219145306555,-4.9205693962074735,-4.976963030191468,-2.4976836650636387,1.34077543807913,-0.5388228455741242,4.777610723959043,-0.7904690200694056,1.014000478552698
44.0,277.0,143.7252960205078,-1.0316913199496716,2.682191074095289,-4.920569651073673,-4.976963461728665,-2.497684150044396,1.3407753298365677,-0.5388223647352444,4.777611147302528,-0.7904689793288693,1.0140007931280737
44.0,277.0,143.7252960205078,-1.0316912214315122,2.6821916667429164,-4.920570253911556,-4.976962616647692,-2.497683330141118,1.340775293081416,-0.5388229558420115,4.777610591916183,-0.7904691107102533,1.0140003019094497
44.0,277.0,143.7252960205078,-1.0316911299462097,2.682191911492681,-4.920570302987579,-4.976962504857432,-2.4976828871756345,1.3407758175458024,-0.5388229877046395,4.777610572047209,-0.7904691344252486,1.014000048020539
44.0,277.0,143.72531127929688,-1.031690893069995,2.6821916333968074,-4.920569987847747,-4.976962202895207,-2.497682924725132,1.3407756812575178,-0.5388231966066002,4.77761045841687,-0.7904691850227499,1.0139997835329462
44.0,277.0,143.7252960205078,-1.0316909600946618,2.6821911745055607,-4.92057007161271,-4.976963390741074,-2.497683848780707,1.340775495184353,-0.5388228358208487,4.777610977158654,-0.7904691141104534,1.0140004907674882
44.0,277.0,143.7252960205078,-1.0316913568368808,2.682191058468886,-4.920569843116541,-4.976963301634426,-2.497683452542958,1.3407749057407037,-0.5388225174687564,4.777610906563602,-0.7904690850623517,1.0140006567438684
44.0,277.0,143.7252960205078,-1.0316910835839672,2.6821909679482028,-4.920570245644662,-4.976963122569736,-2.497683615151608,1.3407754467525548,-0.5388227615898753,4.777611174815871,-0.7904693235018039,1.014000261381403
44.0,277.0,143.7252960205078,-1.0316915660569723,2.682191045510532,-4.920569528481698,-4.976963660172476,-2.497684375368128,1.3407750971729318,-0.5388224317126342,4.777611131784262,-0.7904690069881042,1.0140008647517629
44.0,277.0,143.7252960205078,-1.0316911678293472,2.6821914534058813,-4.920570337357752,-4.976962425881206,-2.4976833107086254,1.3407757154680846,-0.53882289734966,4.777610628042865,-0.7904692758562435,1.0140000990068732
44.0,277.0,143.7252960205078,-1.031691227298504,2.6821920089536624,-4.9205703318186655,-4.976961818510871,-2.497683543251028,1.3407756197008585,-0.5388233926674424,4.777610721466489,-0.7904694235952467,1.014000042669288
44.0,277.0,143.7252960205078,-1.0316912220927543,2.6821914896662005,-4.920569976759285,-4.976962606485906,-2.497683985913448,1.3407754240837022,-0.5388228822651282,4.777611357721073,-0.7904693693155203,1.0140005658113491
44.0,277.0,143.72531127929688,-1.0316904975923222,2.6821910866831464,-4.920569599812396,-4.976963292795928,-2.4976830133718444,1.3407752714882912,-0.5388231372983521,4.777610816681618,-0.7904690032055655,1.0140000571835328
44.0,277.0,143.7252960205078,-1.0316904898698391,2.6821906606098374,-4.920569178361495,-4.976964245093932,-2.497683519548102,1.340775095655462,-0.5388226481076881,4.77761099131723,-0.790468829445417,1.014000492534162
44.0,277.0,143.7252960205078,-1.031690834108272,2.6821910396301663,-4.920570172065436,-4.976963250512115,-2.4976831171178526,1.3407754632296616,-0.5388229307167283,4.777610573381949,-0.7904690873099547,1.0140000958482809
44.0,277.0,143.7252960205078,-1.031691381384621,2.6821913393464385,-4.920569381408203,-4.976963270381432,-2.497683924294289,1.3407751802109082,-0.5388226210274478,4.777611215712534,-0.7904690158949546,1.0140008118083053
44.0,277.0,143.72531127929688,-1.0316907089286218,2.682191910545134,-4.920570163677582,-4.976962444794597,-2.497682739746727,1.340775764634312,-0.538823438075994,4.777610409643369,-0.7904691678640798,1.0139998394568517
44.0,277.0,143.7252960205078,-1.031691373056121,2.6821907311542725,-4.920570390446678,-4.9769633434599205,-2.4976838607679666,1.340775530691225,-0.5388225303703713,4.777610908075538,-0.7904692795272501,1.0140004068489166
44.0,277.0,143.7252960205078,-1.0316915089210754,2.682191585554184,-4.920569474937659,-4.976963446339423,-2.497683570522576,1.3407750233679758,-0.5388225928905932,4.7776110115991415,-0.7904688949066454,1.0140007648980711
44.0,277.0,143.72531127929688,-1.0316913525438007,2.6821915765204825,-4.920569776408965,-4.9769629778186815,-2.4976832502871185,1.340775483196558,-0.5388227467587869,4.777610486398082,-0.7904689534097766,1.0140004124691728
44.0,277.0,143.7252960205078,-1.031690381292642,2.682191519048299,-4.920570179411394,-4.976962916240299,-2.497682543610684,1.340775564556366,-0.5388234728270209,4.777610480240645,-0.790469046606729,1.0139997308290614
44.0,277.0,143.7252960205078,-1.0316915450335058,2.68219165162183,-4.92057050343503,-4.9769631710495625,-2.497683200381251,1.3407753971381542,-0.5388225139912608,4.777610599850714,-0.7904688853519124,1.0140006401332062
44.0,277.0,143.72531127929688,-1.0316905887804857,2.6821914262373925,-4.920569686811891,-4.976963407648607,-2.4976829246545416,1.3407754089863202,-0.5388230780582548,4.77761082317477,-0.7904688766671972,1.0140002431266542
44.0,277.0,143.7252960205078,-1.0316915670577105,2.682191183664216,-4.920569513796538,-4.976963304815523,-2.49768418038914,1.340775170119862,-0.5388224625018463,4.777611088865669,-0.7904689872679853,1.0140009140485056
44.0,277.0,143.7252960205078,-1.0316916335445607,2.6821914147274404,-4.9205697089886105,-4.976963286888132,-2.4976840947398324,1.340775355428292,-0.5388224433754214,4.7776112974715375,-0.7904690410379906,1.0140008669222231
44.0,277.0,143.72531127929688,-1.031691950696862,2.6821911665685327,-4.920570092539818,-4.976963279070834,-2.4976844886323315,1.340775351022902,-0.5388220576035341,4.777611345702846,-0.7904692782309173,1.0140012921094197
44.0,277.0,143.7252960205078,-1.031691533256533,2.6821915735977653,-4.920570194634275,-4.976962585769958,-2.497683898647214,1.3407755204178071,-0.5388225938882325,4.77761095494902,-0.7904692729939997,1.014000701464454
44.0,277.0,143.7252960205078,-1.0316914519372968,2.6821907593958363,-4.920570545394368,-4.976962851994406,-2.497683681874434,1.3407755958861864,-0.5388223647925274,4.7776107771207865,-0.7904692787546663,1.014000228416661
44.0,277.0,143.7252960205078,-1.0316912208771694,2.6821912725243653,-4.920569472298422,-4.976963116375362,-2.497683939674017,1.3407752768208496,-0.5388224426567074,4.777610756873939,-0.7904691557594061,1.01400084423957
44.0,277.0,143.72531127929688,-1.031690955515019,2.682191785535494,-4.920569830817617,-4.976963331651461,-2.497682655041912,1.3407752636030352,-0.538822922313348,4.777610541251162,-0.790468667136536,1.014000370879085
44.0,277.0,143.7252960205078,-1.031691226010336,2.6821915553158355,-4.920570030402106,-4.976962576804143,-2.4976826745853846,1.3407756512649938,-0.5388231360084248,4.777610600817429,-0.7904690671590417,1.013999847458508
44.0,277.0,143.72531127929688,-1.0316902433023434,2.682191666928798,-4.9205702201043255,-4.976962475888958,-2.49768217537404,1.3407757495611872,-0.538823706034198,4.7776101791529975,-0.79046896868992,1.0139992486796157
44.0,277.0,143.7252960205078,-1.0316906891958766,2.68219147469002,-4.920570117085319,-4.976962594967271,-2.4976829383841235,1.340775735259184,-0.5388233299191727,4.777610579470785,-0.7904691717593266,1.0139997333792303
44.0,277.0,143.7252960205078,-1.0316914821699452,2.6821912431408803,-4.920570336214334,-4.976962590050475,-2.497683568565169,1.3407756904572068,-0.5388227312083282,4.777611181905092,-0.7904694162573502,1.014000221533986
44.0,277.0,143.7252960205078,-1.0316909584643517,2.6821906627834045,-4.920569915711287,-4.976963512247674,-2.4976841394379807,1.3407751984005092,-0.5388227733465811,4.77761142874577,-0.7904692141989509,1.0140006545193128
44.0,277.0,143.7252960205078,-1.03169142958301,2.682191004271796,-4.9205693052219885,-4.97696367669675,-2.497683712144597,1.340775090535276,-0.538822364046859,4.777611133035688,-0.7904689702999548,1.0140008077320155
44.0,277.0,143.7252960205078,-1.031691640254004,2.682191926704678,-4.920569683853785,-4.976962554918854,-2.497683529435672,1.340775107031,-0.5388228103490285,4.7776111078985615,-0.79046908821865,1.0140006886128443
44.0,277.0,143.7252960205078,-1.0316914609897063,2.6821914412357337,-4.920570058932393,-4.976963040886922,-2.497684185494716,1.340775437172125,-0.5388225216045992,4.777611499101802,-0.7904692325574896,1.0140009469377702
44.0,277.0,143.7252960205078,-1.0316904702153646,2.6821914287294204,-4.920570201980144,-4.976962380626331,-2.497682708512403,1.3407757321403038,-0.5388234579011186,4.777610642297649,-0.7904692141708578,1.0139996952466293
44.0,277.0,143.7252960205078,-1.031690719090927,2.682191742245691,-4.920569878556556,-4.976962308201744,-2.497683085736269,1.3407755705211528,-0.5388233714040851,4.777610722883187,-0.790469167138018,1.0139999617801996
44.0,277.0,143.7252960205078,-1.031690814863095,2.6821908114683595,-4.920570346464027,-4.976963163620345,-2.4976835807269246,1.3407754209787033,-0.5388228462737388,4.777610686929606,-0.7904691790137637,1.0140001421211575
44.0,277.0,143.7252960205078,-1.0316914259846852,2.6821912852086207,-4.920570054996845,-4.976963457633112,-2.4976832608686217,1.3407754557399247,-0.5388225472923303,4.777610896462958,-0.7904690113327248,1.0140005069763325
44.0,277.0,143.7252960205078,-1.0316921648133115,2.6821918506268725,-4.920570108292457,-4.976962170891197,-2.4976842568485584,1.3407754078724654,-0.5388223777468681,4.777611180369714,-0.7904694682703086,1.014000922589422
44.0,277.0,143.7252960205078,-1.0316909269313372,2.682190705518658,-4.920569934073503,-4.976963070824039,-2.49768331415816,1.340775375522389,-0.5388230232604005,4.777610697293802,-0.7904691076651469,1.0139999664020136
44.0,278.0,143.7252960205078,-1.0316918090539682,2.6821914815386494,-4.9205705090448,-4.976962509205115,-2.497683790784471,1.3407756352993152,-0.5388225120524259,4.777610682436267,-0.7904694080418464,1.014000466299409
44.0,278.0,143.7252960205078,-1.0316911816315928,2.682191404397142,-4.920570535207701,-4.976962232063634,-2.4976837105080394,1.3407758299195036,-0.5388229462586791,4.777610913717062,-0.7904695594838476,1.014000067359876
44.0,278.0,143.7252960205078,-1.031691589310712,2.682191006059858,-4.920570563884254,-4.976963120567333,-2.4976839976648386,1.3407752498662209,-0.538822438229225,4.777611087380457,-0.7904692872412404,1.0140006173100948
44.0,278.0,143.7252960205078,-1.0316910273098472,2.682191315846972,-4.920570258832953,-4.976963048971231,-2.497683308116905,1.340775494695868,-0.5388228991519064,4.777610571442629,-0.7904691611097983,1.0140001812874209
44.0,278.0,143.7252960205078,-1.0316907937775293,2.6821910352958422,-4.920569667629749,-4.97696276399591,-2.497683331028912,1.340775541000447,-0.5388228618183541,4.777610826322846,-0.7904691062308391,1.0140001636132905
44.0,278.0,143.72531127929688,-1.031690876640571,2.6821914250772263,-4.920570363131797,-4.976962549534892,-2.497682472861371,1.3407757324626903,-0.5388232167309344,4.777610474459863,-0.790469077674973,1.0139996766624568
44.0,278.0,143.7252960205078,-1.0316910185761174,2.68219145306555,-4.9205693962074735,-4.976963030191468,-2.4976836650636387,1.34077543807913,-0.5388228455741242,4.777610723959043,-0.7904690200694056,1.014000478552698
44.0,278.0,143.7252960205078,-1.0316913199496716,2.682191074095289,-4.920569651073673,-4.976963461728665,-2.497684150044396,1.3407753298365677,-0.5388223647352444,4.777611147302528,-0.7904689793288693,1.0140007931280737
44.0,278.0,143.7252960205078,-1.0316912214315122,2.6821916667429164,-4.920570253911556,-4.976962616647692,-2.497683330141118,1.340775293081416,-0.5388229558420115,4.777610591916183,-0.7904691107102533,1.0140003019094497
44.0,278.0,143.7252960205078,-1.0316911299462097,2.682191911492681,-4.920570302987579,-4.976962504857432,-2.4976828871756345,1.3407758175458024,-0.5388229877046395,4.777610572047209,-0.7904691344252486,1.014000048020539
44.0,278.0,143.72531127929688,-1.031690893069995,2.6821916333968074,-4.920569987847747,-4.976962202895207,-2.497682924725132,1.3407756812575178,-0.5388231966066002,4.77761045841687,-0.7904691850227499,1.0139997835329462
44.0,278.0,143.7252960205078,-1.0316909600946618,2.6821911745055607,-4.92057007161271,-4.976963390741074,-2.497683848780707,1.340775495184353,-0.5388228358208487,4.777610977158654,-0.7904691141104534,1.0140004907674882
44.0,278.0,143.7252960205078,-1.0316913568368808,2.682191058468886,-4.920569843116541,-4.976963301634426,-2.497683452542958,1.3407749057407037,-0.5388225174687564,4.777610906563602,-0.7904690850623517,1.0140006567438684
44.0,278.0,143.7252960205078,-1.0316910835839672,2.6821909679482028,-4.920570245644662,-4.976963122569736,-2.497683615151608,1.3407754467525548,-0.5388227615898753,4.777611174815871,-0.7904693235018039,1.014000261381403
44.0,278.0,143.7252960205078,-1.0316915660569723,2.682191045510532,-4.920569528481698,-4.976963660172476,-2.497684375368128,1.3407750971729318,-0.5388224317126342,4.777611131784262,-0.7904690069881042,1.0140008647517629
44.0,278.0,143.7252960205078,-1.0316911678293472,2.6821914534058813,-4.920570337357752,-4.976962425881206,-2.4976833107086254,1.3407757154680846,-0.53882289734966,4.777610628042865,-0.7904692758562435,1.0140000990068732
44.0,278.0,143.7252960205078,-1.031691227298504,2.6821920089536624,-4.9205703318186655,-4.976961818510871,-2.497683543251028,1.3407756197008585,-0.5388233926674424,4.777610721466489,-0.7904694235952467,1.014000042669288
44.0,278.0,143.7252960205078,-1.0316912220927543,2.6821914896662005,-4.920569976759285,-4.976962606485906,-2.497683985913448,1.3407754240837022,-0.5388228822651282,4.777611357721073,-0.7904693693155203,1.0140005658113491
44.0,278.0,143.72531127929688,-1.0316904975923222,2.6821910866831464,-4.920569599812396,-4.976963292795928,-2.4976830133718444,1.3407752714882912,-0.5388231372983521,4.777610816681618,-0.7904690032055655,1.0140000571835328
44.0,278.0,143.7252960205078,-1.0316904898698391,2.6821906606098374,-4.920569178361495,-4.976964245093932,-2.497683519548102,1.340775095655462,-0.5388226481076881,4.77761099131723,-0.790468829445417,1.014000492534162
44.0,278.0,143.7252960205078,-1.031690834108272,2.6821910396301663,-4.920570172065436,-4.976963250512115,-2.4976831171178526,1.3407754632296616,-0.5388229307167283,4.777610573381949,-0.7904690873099547,1.0140000958482809
44.0,278.0,143.7252960205078,-1.031691381384621,2.6821913393464385,-4.920569381408203,-4.976963270381432,-2.497683924294289,1.3407751802109082,-0.5388226210274478,4.777611215712534,-0.7904690158949546,1.0140008118083053
44.0,278.0,143.72531127929688,-1.0316907089286218,2.682191910545134,-4.920570163677582,-4.976962444794597,-2.497682739746727,1.340775764634312,-0.538823438075994,4.777610409643369,-0.7904691678640798,1.0139998394568517
44.0,278.0,143.7252960205078,-1.031691373056121,2.6821907311542725,-4.920570390446678,-4.9769633434599205,-2.4976838607679666,1.340775530691225,-0.5388225303703713,4.777610908075538,-0.7904692795272501,1.0140004068489166
44.0,278.0,143.7252960205078,-1.0316915089210754,2.682191585554184,-4.920569474937659,-4.976963446339423,-2.497683570522576,1.3407750233679758,-0.5388225928905932,4.7776110115991415,-0.7904688949066454,1.0140007648980711
44.0,278.0,143.72531127929688,-1.0316913525438007,2.6821915765204825,-4.920569776408965,-4.9769629778186815,-2.4976832502871185,1.340775483196558,-0.5388227467587869,4.777610486398082,-0.7904689534097766,1.0140004124691728
44.0,278.0,143.7252960205078,-1.031690381292642,2.682191519048299,-4.920570179411394,-4.976962916240299,-2.497682543610684,1.340775564556366,-0.5388234728270209,4.777610480240645,-0.790469046606729,1.0139997308290614
44.0,278.0,143.7252960205078,-1.0316915450335058,2.68219165162183,-4.92057050343503,-4.9769631710495625,-2.497683200381251,1.3407753971381542,-0.5388225139912608,4.777610599850714,-0.7904688853519124,1.0140006401332062
44.0,278.0,143.72531127929688,-1.0316905887804857,2.6821914262373925,-4.920569686811891,-4.976963407648607,-2.4976829246545416,1.3407754089863202,-0.5388230780582548,4.77761082317477,-0.7904688766671972,1.0140002431266542
44.0,278.0,143.7252960205078,-1.0316915670577105,2.682191183664216,-4.920569513796538,-4.976963304815523,-2.49768418038914,1.340775170119862,-0.5388224625018463,4.777611088865669,-0.7904689872679853,1.0140009140485056
44.0,278.0,143.7252960205078,-1.0316916335445607,2.6821914147274404,-4.9205697089886105,-4.976963286888132,-2.4976840947398324,1.340775355428292,-0.5388224433754214,4.7776112974715375,-0.7904690410379906,1.0140008669222231
44.0,278.0,143.72531127929688,-1.031691950696862,2.6821911665685327,-4.920570092539818,-4.976963279070834,-2.4976844886323315,1.340775351022902,-0.5388220576035341,4.777611345702846,-0.7904692782309173,1.0140012921094197
44.0,278.0,143.7252960205078,-1.031691533256533,2.6821915735977653,-4.920570194634275,-4.976962585769958,-2.497683898647214,1.3407755204178071,-0.5388225938882325,4.77761095494902,-0.7904692729939997,1.014000701464454
44.0,278.0,143.7252960205078,-1.0316914519372968,2.6821907593958363,-4.920570545394368,-4.976962851994406,-2.497683681874434,1.3407755958861864,-0.5388223647925274,4.7776107771207865,-0.7904692787546663,1.014000228416661
44.0,278.0,143.7252960205078,-1.0316912208771694,2.6821912725243653,-4.920569472298422,-4.976963116375362,-2.497683939674017,1.3407752768208496,-0.5388224426567074,4.777610756873939,-0.7904691557594061,1.01400084423957
44.0,278.0,143.72531127929688,-1.031690955515019,2.682191785535494,-4.920569830817617,-4.976963331651461,-2.497682655041912,1.3407752636030352,-0.538822922313348,4.777610541251162,-0.790468667136536,1.014000370879085
44.0,278.0,143.7252960205078,-1.031691226010336,2.6821915553158355,-4.920570030402106,-4.976962576804143,-2.4976826745853846,1.3407756512649938,-0.5388231360084248,4.777610600817429,-0.7904690671590417,1.013999847458508
44.0,278.0,143.72531127929688,-1.0316902433023434,2.682191666928798,-4.9205702201043255,-4.976962475888958,-2.49768217537404,1.3407757495611872,-0.538823706034198,4.7776101791529975,-0.79046896868992,1.0139992486796157
44.0,278.0,143.7252960205078,-1.0316906891958766,2.68219147469002,-4.920570117085319,-4.976962594967271,-2.4976829383841235,1.340775735259184,-0.5388233299191727,4.777610579470785,-0.7904691717593266,1.0139997333792303
44.0,278.0,143.7252960205078,-1.0316914821699452,2.6821912431408803,-4.920570336214334,-4.976962590050475,-2.497683568565169,1.3407756904572068,-0.5388227312083282,4.777611181905092,-0.7904694162573502,1.014000221533986
44.0,278.0,143.7252960205078,-1.0316909584643517,2.6821906627834045,-4.920569915711287,-4.976963512247674,-2.4976841394379807,1.3407751984005092,-0.5388227733465811,4.77761142874577,-0.7904692141989509,1.0140006545193128
44.0,278.0,143.7252960205078,-1.03169142958301,2.682191004271796,-4.9205693052219885,-4.97696367669675,-2.497683712144597,1.340775090535276,-0.538822364046859,4.777611133035688,-0.7904689702999548,1.0140008077320155
44.0,278.0,143.7252960205078,-1.031691640254004,2.682191926704678,-4.920569683853785,-4.976962554918854,-2.497683529435672,1.340775107031,-0.5388228103490285,4.7776111078985615,-0.79046908821865,1.0140006886128443
44.0,278.0,143.7252960205078,-1.0316914609897063,2.6821914412357337,-4.920570058932393,-4.976963040886922,-2.497684185494716,1.340775437172125,-0.5388225216045992,4.777611499101802,-0.7904692325574896,1.0140009469377702
44.0,278.0,143.7252960205078,-1.0316904702153646,2.6821914287294204,-4.920570201980144,-4.976962380626331,-2.497682708512403,1.3407757321403038,-0.5388234579011186,4.777610642297649,-0.7904692141708578,1.0139996952466293
44.0,278.0,143.7252960205078,-1.031690719090927,2.682191742245691,-4.920569878556556,-4.976962308201744,-2.497683085736269,1.3407755705211528,-0.5388233714040851,4.777610722883187,-0.790469167138018,1.0139999617801996
44.0,278.0,143.7252960205078,-1.031690814863095,2.6821908114683595,-4.920570346464027,-4.976963163620345,-2.4976835807269246,1.3407754209787033,-0.5388228462737388,4.777610686929606,-0.7904691790137637,1.0140001421211575
44.0,278.0,143.7252960205078,-1.0316914259846852,2.6821912852086207,-4.920570054996845,-4.976963457633112,-2.4976832608686217,1.3407754557399247,-0.5388225472923303,4.777610896462958,-0.7904690113327248,1.0140005069763325
44.0,278.0,143.7252960205078,-1.0316921648133115,2.6821918506268725,-4.920570108292457,-4.976962170891197,-2.4976842568485584,1.3407754078724654,-0.5388223777468681,4.777611180369714,-0.7904694682703086,1.014000922589422
44.0,278.0,143.7252960205078,-1.0316909269313372,2.682190705518658,-4.920569934073503,-4.976963070824039,-2.49768331415816,1.340775375522389,-0.5388230232604005,4.777610697293802,-0.7904691076651469,1.0139999664020136
44.0,279.0,143.7252960205078,-1.0316918090539682,2.6821914815386494,-4.9205705090448,-4.976962509205115,-2.497683790784471,1.3407756352993152,-0.5388225120524259,4.777610682436267,-0.7904694080418464,1.014000466299409
44.0,279.0,143.7252960205078,-1.0316911816315928,2.682191404397142,-4.920570535207701,-4.976962232063634,-2.4976837105080394,1.3407758299195036,-0.5388229462586791,4.777610913717062,-0.7904695594838476,1.014000067359876
44.0,279.0,143.7252960205078,-1.031691589310712,2.682191006059858,-4.920570563884254,-4.976963120567333,-2.4976839976648386,1.3407752498662209,-0.538822438229225,4.777611087380457,-0.7904692872412404,1.0140006173100948
44.0,279.0,143.7252960205078,-1.0316910273098472,2.682191315846972,-4.920570258832953,-4.976963048971231,-2.497683308116905,1.340775494695868,-0.5388228991519064,4.777610571442629,-0.7904691611097983,1.0140001812874209
44.0,279.0,143.7252960205078,-1.0316907937775293,2.6821910352958422,-4.920569667629749,-4.97696276399591,-2.497683331028912,1.340775541000447,-0.5388228618183541,4.777610826322846,-0.7904691062308391,1.0140001636132905
44.0,279.0,143.72531127929688,-1.031690876640571,2.6821914250772263,-4.920570363131797,-4.976962549534892,-2.497682472861371,1.3407757324626903,-0.5388232167309344,4.777610474459863,-0.790469077674973,1.0139996766624568
44.0,279.0,143.7252960205078,-1.0316910185761174,2.68219145306555,-4.9205693962074735,-4.976963030191468,-2.4976836650636387,1.34077543807913,-0.5388228455741242,4.777610723959043,-0.7904690200694056,1.014000478552698
44.0,279.0,143.7252960205078,-1.0316913199496716,2.682191074095289,-4.920569651073673,-4.976963461728665,-2.497684150044396,1.3407753298365677,-0.5388223647352444,4.777611147302528,-0.7904689793288693,1.0140007931280737
44.0,279.0,143.7252960205078,-1.0316912214315122,2.6821916667429164,-4.920570253911556,-4.976962616647692,-2.497683330141118,1.340775293081416,-0.5388229558420115,4.777610591916183,-0.7904691107102533,1.0140003019094497
44.0,279.0,143.7252960205078,-1.0316911299462097,2.682191911492681,-4.920570302987579,-4.976962504857432,-2.4976828871756345,1.3407758175458024,-0.5388229877046395,4.777610572047209,-0.7904691344252486,1.014000048020539
44.0,279.0,143.72531127929688,-1.031690893069995,2.6821916333968074,-4.920569987847747,-4.976962202895207,-2.497682924725132,1.3407756812575178,-0.5388231966066002,4.77761045841687,-0.7904691850227499,1.0139997835329462
44.0,279.0,143.7252960205078,-1.0316909600946618,2.6821911745055607,-4.92057007161271,-4.976963390741074,-2.497683848780707,1.340775495184353,-0.5388228358208487,4.777610977158654,-0.7904691141104534,1.0140004907674882
44.0,279.0,143.7252960205078,-1.0316913568368808,2.682191058468886,-4.920569843116541,-4.976963301634426,-2.497683452542958,1.3407749057407037,-0.5388225174687564,4.777610906563602,-0.7904690850623517,1.0140006567438684
44.0,279.0,143.7252960205078,-1.0316910835839672,2.6821909679482028,-4.920570245644662,-4.976963122569736,-2.497683615151608,1.3407754467525548,-0.5388227615898753,4.777611174815871,-0.7904693235018039,1.014000261381403
44.0,279.0,143.7252960205078,-1.0316915660569723,2.682191045510532,-4.920569528481698,-4.976963660172476,-2.497684375368128,1.3407750971729318,-0.5388224317126342,4.777611131784262,-0.7904690069881042,1.0140008647517629
44.0,279.0,143.7252960205078,-1.0316911678293472,2.6821914534058813,-4.920570337357752,-4.976962425881206,-2.4976833107086254,1.3407757154680846,-0.53882289734966,4.777610628042865,-0.7904692758562435,1.0140000990068732
44.0,279.0,143.7252960205078,-1.031691227298504,2.6821920089536624,-4.9205703318186655,-4.976961818510871,-2.497683543251028,1.3407756197008585,-0.5388233926674424,4.777610721466489,-0.7904694235952467,1.014000042669288
44.0,279.0,143.7252960205078,-1.0316912220927543,2.6821914896662005,-4.920569976759285,-4.976962606485906,-2.497683985913448,1.3407754240837022,-0.5388228822651282,4.777611357721073,-0.7904693693155203,1.0140005658113491
44.0,279.0,143.72531127929688,-1.0316904975923222,2.6821910866831464,-4.920569599812396,-4.976963292795928,-2.4976830133718444,1.3407752714882912,-0.5388231372983521,4.777610816681618,-0.7904690032055655,1.0140000571835328
44.0,279.0,143.7252960205078,-1.0316904898698391,2.6821906606098374,-4.920569178361495,-4.976964245093932,-2.497683519548102,1.340775095655462,-0.5388226481076881,4.77761099131723,-0.790468829445417,1.014000492534162
44.0,279.0,143.7252960205078,-1.031690834108272,2.6821910396301663,-4.920570172065436,-4.976963250512115,-2.4976831171178526,1.3407754632296616,-0.5388229307167283,4.777610573381949,-0.7904690873099547,1.0140000958482809
44.0,279.0,143.7252960205078,-1.031691381384621,2.6821913393464385,-4.920569381408203,-4.976963270381432,-2.497683924294289,1.3407751802109082,-0.5388226210274478,4.777611215712534,-0.7904690158949546,1.0140008118083053
44.0,279.0,143.72531127929688,-1.0316907089286218,2.682191910545134,-4.920570163677582,-4.976962444794597,-2.497682739746727,1.340775764634312,-0.538823438075994,4.777610409643369,-0.7904691678640798,1.0139998394568517
44.0,279.0,143.7252960205078,-1.031691373056121,2.6821907311542725,-4.920570390446678,-4.9769633434599205,-2.4976838607679666,1.340775530691225,-0.5388225303703713,4.777610908075538,-0.7904692795272501,1.0140004068489166
44.0,279.0,143.7252960205078,-1.0316915089210754,2.682191585554184,-4.920569474937659,-4.976963446339423,-2.497683570522576,1.3407750233679758,-0.5388225928905932,4.7776110115991415,-0.7904688949066454,1.0140007648980711
44.0,279.0,143.72531127929688,-1.0316913525438007,2.6821915765204825,-4.920569776408965,-4.9769629778186815,-2.4976832502871185,1.340775483196558,-0.5388227467587869,4.777610486398082,-0.7904689534097766,1.0140004124691728
44.0,279.0,143.7252960205078,-1.031690381292642,2.682191519048299,-4.920570179411394,-4.976962916240299,-2.497682543610684,1.340775564556366,-0.5388234728270209,4.777610480240645,-0.790469046606729,1.0139997308290614
44.0,279.0,143.7252960205078,-1.0316915450335058,2.68219165162183,-4.92057050343503,-4.9769631710495625,-2.497683200381251,1.3407753971381542,-0.5388225139912608,4.777610599850714,-0.7904688853519124,1.0140006401332062
44.0,279.0,143.72531127929688,-1.0316905887804857,2.6821914262373925,-4.920569686811891,-4.976963407648607,-2.4976829246545416,1.3407754089863202,-0.5388230780582548,4.77761082317477,-0.7904688766671972,1.0140002431266542
44.0,279.0,143.7252960205078,-1.0316915670577105,2.682191183664216,-4.920569513796538,-4.976963304815523,-2.49768418038914,1.340775170119862,-0.5388224625018463,4.777611088865669,-0.7904689872679853,1.0140009140485056
44.0,279.0,143.7252960205078,-1.0316916335445607,2.6821914147274404,-4.9205697089886105,-4.976963286888132,-2.4976840947398324,1.340775355428292,-0.5388224433754214,4.7776112974715375,-0.7904690410379906,1.0140008669222231
44.0,279.0,143.72531127929688,-1.031691950696862,2.6821911665685327,-4.920570092539818,-4.976963279070834,-2.4976844886323315,1.340775351022902,-0.5388220576035341,4.777611345702846,-0.7904692782309173,1.0140012921094197
44.0,279.0,143.7252960205078,-1.031691533256533,2.6821915735977653,-4.920570194634275,-4.976962585769958,-2.497683898647214,1.3407755204178071,-0.5388225938882325,4.77761095494902,-0.7904692729939997,1.014000701464454
44.0,279.0,143.7252960205078,-1.0316914519372968,2.6821907593958363,-4.920570545394368,-4.976962851994406,-2.497683681874434,1.3407755958861864,-0.5388223647925274,4.7776107771207865,-0.7904692787546663,1.014000228416661
44.0,279.0,143.7252960205078,-1.0316912208771694,2.6821912725243653,-4.920569472298422,-4.976963116375362,-2.497683939674017,1.3407752768208496,-0.5388224426567074,4.777610756873939,-0.7904691557594061,1.01400084423957
44.0,279.0,143.72531127929688,-1.031690955515019,2.682191785535494,-4.920569830817617,-4.976963331651461,-2.497682655041912,1.3407752636030352,-0.538822922313348,4.777610541251162,-0.790468667136536,1.014000370879085
44.0,279.0,143.7252960205078,-1.031691226010336,2.6821915553158355,-4.920570030402106,-4.976962576804143,-2.4976826745853846,1.3407756512649938,-0.5388231360084248,4.777610600817429,-0.7904690671590417,1.013999847458508
44.0,279.0,143.72531127929688,-1.0316902433023434,2.682191666928798,-4.9205702201043255,-4.976962475888958,-2.49768217537404,1.3407757495611872,-0.538823706034198,4.7776101791529975,-0.79046896868992,1.0139992486796157
44.0,279.0,143.7252960205078,-1.0316906891958766,2.68219147469002,-4.920570117085319,-4.976962594967271,-2.4976829383841235,1.340775735259184,-0.5388233299191727,4.777610579470785,-0.7904691717593266,1.0139997333792303
44.0,279.0,143.7252960205078,-1.0316914821699452,2.6821912431408803,-4.920570336214334,-4.976962590050475,-2.497683568565169,1.3407756904572068,-0.5388227312083282,4.777611181905092,-0.7904694162573502,1.014000221533986
44.0,279.0,143.7252960205078,-1.0316909584643517,2.6821906627834045,-4.920569915711287,-4.976963512247674,-2.4976841394379807,1.3407751984005092,-0.5388227733465811,4.77761142874577,-0.7904692141989509,1.0140006545193128
44.0,279.0,143.7252960205078,-1.03169142958301,2.682191004271796,-4.9205693052219885,-4.97696367669675,-2.497683712144597,1.340775090535276,-0.538822364046859,4.777611133035688,-0.7904689702999548,1.0140008077320155
44.0,279.0,143.7252960205078,-1.031691640254004,2.682191926704678,-4.920569683853785,-4.976962554918854,-2.497683529435672,1.340775107031,-0.5388228103490285,4.7776111078985615,-0.79046908821865,1.0140006886128443
44.0,279.0,143.7252960205078,-1.0316914609897063,2.6821914412357337,-4.920570058932393,-4.976963040886922,-2.497684185494716,1.340775437172125,-0.5388225216045992,4.777611499101802,-0.7904692325574896,1.0140009469377702
44.0,279.0,143.7252960205078,-1.0316904702153646,2.6821914287294204,-4.920570201980144,-4.976962380626331,-2.497682708512403,1.3407757321403038,-0.5388234579011186,4.777610642297649,-0.7904692141708578,1.0139996952466293
44.0,279.0,143.7252960205078,-1.031690719090927,2.682191742245691,-4.920569878556556,-4.976962308201744,-2.497683085736269,1.3407755705211528,-0.5388233714040851,4.777610722883187,-0.790469167138018,1.0139999617801996
44.0,279.0,143.7252960205078,-1.031690814863095,2.6821908114683595,-4.920570346464027,-4.976963163620345,-2.4976835807269246,1.3407754209787033,-0.5388228462737388,4.777610686929606,-0.7904691790137637,1.0140001421211575
44.0,279.0,143.7252960205078,-1.0316914259846852,2.6821912852086207,-4.920570054996845,-4.976963457633112,-2.4976832608686217,1.3407754557399247,-0.5388225472923303,4.777610896462958,-0.7904690113327248,1.0140005069763325
44.0,279.0,143.7252960205078,-1.0316921648133115,2.6821918506268725,-4.920570108292457,-4.976962170891197,-2.4976842568485584,1.3407754078724654,-0.5388223777468681,4.777611180369714,-0.7904694682703086,1.014000922589422
44.0,279.0,143.7252960205078,-1.0316909269313372,2.682190705518658,-4.920569934073503,-4.976963070824039,-2.49768331415816,1.340775375522389,-0.5388230232604005,4.777610697293802,-0.7904691076651469,1.0139999664020136
44.0,280.0,143.7252960205078,-1.0316918090539682,2.6821914815386494,-4.9205705090448,-4.976962509205115,-2.497683790784471,1.3407756352993152,-0.5388225120524259,4.777610682436267,-0.7904694080418464,1.014000466299409
44.0,280.0,143.7252960205078,-1.0316911816315928,2.682191404397142,-4.920570535207701,-4.976962232063634,-2.4976837105080394,1.3407758299195036,-0.5388229462586791,4.777610913717062,-0.7904695594838476,1.014000067359876
44.0,280.0,143.7252960205078,-1.031691589310712,2.682191006059858,-4.920570563884254,-4.976963120567333,-2.4976839976648386,1.3407752498662209,-0.538822438229225,4.777611087380457,-0.7904692872412404,1.0140006173100948
44.0,280.0,143.7252960205078,-1.0316910273098472,2.682191315846972,-4.920570258832953,-4.976963048971231,-2.497683308116905,1.340775494695868,-0.5388228991519064,4.777610571442629,-0.7904691611097983,1.0140001812874209
44.0,280.0,143.7252960205078,-1.0316907937775293,2.6821910352958422,-4.920569667629749,-4.97696276399591,-2.497683331028912,1.340775541000447,-0.5388228618183541,4.777610826322846,-0.7904691062308391,1.0140001636132905
44.0,280.0,143.72531127929688,-1.031690876640571,2.6821914250772263,-4.920570363131797,-4.976962549534892,-2.497682472861371,1.3407757324626903,-0.5388232167309344,4.777610474459863,-0.790469077674973,1.0139996766624568
44.0,280.0,143.7252960205078,-1.0316910185761174,2.68219145306555,-4.9205693962074735,-4.976963030191468,-2.4976836650636387,1.34077543807913,-0.5388228455741242,4.777610723959043,-0.7904690200694056,1.014000478552698
44.0,280.0,143.7252960205078,-1.0316913199496716,2.682191074095289,-4.920569651073673,-4.976963461728665,-2.497684150044396,1.3407753298365677,-0.5388223647352444,4.777611147302528,-0.7904689793288693,1.0140007931280737
44.0,280.0,143.7252960205078,-1.0316912214315122,2.6821916667429164,-4.920570253911556,-4.976962616647692,-2.497683330141118,1.340775293081416,-0.5388229558420115,4.777610591916183,-0.7904691107102533,1.0140003019094497
44.0,280.0,143.7252960205078,-1.0316911299462097,2.682191911492681,-4.920570302987579,-4.976962504857432,-2.4976828871756345,1.3407758175458024,-0.5388229877046395,4.777610572047209,-0.7904691344252486,1.014000048020539
44.0,280.0,143.72531127929688,-1.031690893069995,2.6821916333968074,-4.920569987847747,-4.976962202895207,-2.497682924725132,1.3407756812575178,-0.5388231966066002,4.77761045841687,-0.7904691850227499,1.0139997835329462
44.0,280.0,143.7252960205078,-1.0316909600946618,2.6821911745055607,-4.92057007161271,-4.976963390741074,-2.497683848780707,1.340775495184353,-0.5388228358208487,4.777610977158654,-0.7904691141104534,1.0140004907674882
44.0,280.0,143.7252960205078,-1.0316913568368808,2.682191058468886,-4.920569843116541,-4.976963301634426,-2.497683452542958,1.3407749057407037,-0.5388225174687564,4.777610906563602,-0.7904690850623517,1.0140006567438684
44.0,280.0,143.7252960205078,-1.0316910835839672,2.6821909679482028,-4.920570245644662,-4.976963122569736,-2.497683615151608,1.3407754467525548,-0.5388227615898753,4.777611174815871,-0.7904693235018039,1.014000261381403
44.0,280.0,143.7252960205078,-1.0316915660569723,2.682191045510532,-4.920569528481698,-4.976963660172476,-2.497684375368128,1.3407750971729318,-0.5388224317126342,4.777611131784262,-0.7904690069881042,1.0140008647517629
44.0,280.0,143.7252960205078,-1.0316911678293472,2.6821914534058813,-4.920570337357752,-4.976962425881206,-2.4976833107086254,1.3407757154680846,-0.53882289734966,4.777610628042865,-0.7904692758562435,1.0140000990068732
44.0,280.0,143.7252960205078,-1.031691227298504,2.6821920089536624,-4.9205703318186655,-4.976961818510871,-2.497683543251028,1.3407756197008585,-0.5388233926674424,4.777610721466489,-0.7904694235952467,1.014000042669288
44.0,280.0,143.7252960205078,-1.0316912220927543,2.6821914896662005,-4.920569976759285,-4.976962606485906,-2.497683985913448,1.3407754240837022,-0.5388228822651282,4.777611357721073,-0.7904693693155203,1.0140005658113491
44.0,280.0,143.72531127929688,-1.0316904975923222,2.6821910866831464,-4.920569599812396,-4.976963292795928,-2.4976830133718444,1.3407752714882912,-0.5388231372983521,4.777610816681618,-0.7904690032055655,1.0140000571835328
44.0,280.0,143.7252960205078,-1.0316904898698391,2.6821906606098374,-4.920569178361495,-4.976964245093932,-2.497683519548102,1.340775095655462,-0.5388226481076881,4.77761099131723,-0.790468829445417,1.014000492534162
44.0,280.0,143.7252960205078,-1.031690834108272,2.6821910396301663,-4.920570172065436,-4.976963250512115,-2.4976831171178526,1.3407754632296616,-0.5388229307167283,4.777610573381949,-0.7904690873099547,1.0140000958482809
44.0,280.0,143.7252960205078,-1.031691381384621,2.6821913393464385,-4.920569381408203,-4.976963270381432,-2.497683924294289,1.3407751802109082,-0.5388226210274478,4.777611215712534,-0.7904690158949546,1.0140008118083053
44.0,280.0,143.72531127929688,-1.0316907089286218,2.682191910545134,-4.920570163677582,-4.976962444794597,-2.497682739746727,1.340775764634312,-0.538823438075994,4.777610409643369,-0.7904691678640798,1.0139998394568517
44.0,280.0,143.7252960205078,-1.031691373056121,2.6821907311542725,-4.920570390446678,-4.9769633434599205,-2.4976838607679666,1.340775530691225,-0.5388225303703713,4.777610908075538,-0.7904692795272501,1.0140004068489166
44.0,280.0,143.7252960205078,-1.0316915089210754,2.682191585554184,-4.920569474937659,-4.976963446339423,-2.497683570522576,1.3407750233679758,-0.5388225928905932,4.7776110115991415,-0.7904688949066454,1.0140007648980711
44.0,280.0,143.72531127929688,-1.0316913525438007,2.6821915765204825,-4.920569776408965,-4.9769629778186815,-2.4976832502871185,1.340775483196558,-0.5388227467587869,4.777610486398082,-0.7904689534097766,1.0140004124691728
44.0,280.0,143.7252960205078,-1.031690381292642,2.682191519048299,-4.920570179411394,-4.976962916240299,-2.497682543610684,1.340775564556366,-0.5388234728270209,4.777610480240645,-0.790469046606729,1.0139997308290614
44.0,280.0,143.7252960205078,-1.0316915450335058,2.68219165162183,-4.92057050343503,-4.9769631710495625,-2.497683200381251,1.3407753971381542,-0.5388225139912608,4.777610599850714,-0.7904688853519124,1.0140006401332062
44.0,280.0,143.72531127929688,-1.0316905887804857,2.6821914262373925,-4.920569686811891,-4.976963407648607,-2.4976829246545416,1.3407754089863202,-0.5388230780582548,4.77761082317477,-0.7904688766671972,1.0140002431266542
44.0,280.0,143.7252960205078,-1.0316915670577105,2.682191183664216,-4.920569513796538,-4.976963304815523,-2.49768418038914,1.340775170119862,-0.5388224625018463,4.777611088865669,-0.7904689872679853,1.0140009140485056
44.0,280.0,143.7252960205078,-1.0316916335445607,2.6821914147274404,-4.9205697089886105,-4.976963286888132,-2.4976840947398324,1.340775355428292,-0.5388224433754214,4.7776112974715375,-0.7904690410379906,1.0140008669222231
44.0,280.0,143.72531127929688,-1.031691950696862,2.6821911665685327,-4.920570092539818,-4.976963279070834,-2.4976844886323315,1.340775351022902,-0.5388220576035341,4.777611345702846,-0.7904692782309173,1.0140012921094197
44.0,280.0,143.7252960205078,-1.031691533256533,2.6821915735977653,-4.920570194634275,-4.976962585769958,-2.497683898647214,1.3407755204178071,-0.5388225938882325,4.77761095494902,-0.7904692729939997,1.014000701464454
44.0,280.0,143.7252960205078,-1.0316914519372968,2.6821907593958363,-4.920570545394368,-4.976962851994406,-2.497683681874434,1.3407755958861864,-0.5388223647925274,4.7776107771207865,-0.7904692787546663,1.014000228416661
44.0,280.0,143.7252960205078,-1.0316912208771694,2.6821912725243653,-4.920569472298422,-4.976963116375362,-2.497683939674017,1.3407752768208496,-0.5388224426567074,4.777610756873939,-0.7904691557594061,1.01400084423957
44.0,280.0,143.72531127929688,-1.031690955515019,2.682191785535494,-4.920569830817617,-4.976963331651461,-2.497682655041912,1.3407752636030352,-0.538822922313348,4.777610541251162,-0.790468667136536,1.014000370879085
44.0,280.0,143.7252960205078,-1.031691226010336,2.6821915553158355,-4.920570030402106,-4.976962576804143,-2.4976826745853846,1.3407756512649938,-0.5388231360084248,4.777610600817429,-0.7904690671590417,1.013999847458508
44.0,280.0,143.72531127929688,-1.0316902433023434,2.682191666928798,-4.9205702201043255,-4.976962475888958,-2.49768217537404,1.3407757495611872,-0.538823706034198,4.7776101791529975,-0.79046896868992,1.0139992486796157
44.0,280.0,143.7252960205078,-1.0316906891958766,2.68219147469002,-4.920570117085319,-4.976962594967271,-2.4976829383841235,1.340775735259184,-0.5388233299191727,4.777610579470785,-0.7904691717593266,1.0139997333792303
44.0,280.0,143.7252960205078,-1.0316914821699452,2.6821912431408803,-4.920570336214334,-4.976962590050475,-2.497683568565169,1.3407756904572068,-0.5388227312083282,4.777611181905092,-0.7904694162573502,1.014000221533986
44.0,280.0,143.7252960205078,-1.0316909584643517,2.6821906627834045,-4.920569915711287,-4.976963512247674,-2.4976841394379807,1.3407751984005092,-0.5388227733465811,4.77761142874577,-0.7904692141989509,1.0140006545193128
44.0,280.0,143.7252960205078,-1.03169142958301,2.682191004271796,-4.9205693052219885,-4.97696367669675,-2.497683712144597,1.340775090535276,-0.538822364046859,4.777611133035688,-0.7904689702999548,1.0140008077320155
44.0,280.0,143.7252960205078,-1.031691640254004,2.682191926704678,-4.920569683853785,-4.976962554918854,-2.497683529435672,1.340775107031,-0.5388228103490285,4.7776111078985615,-0.79046908821865,1.0140006886128443
44.0,280.0,143.7252960205078,-1.0316914609897063,2.6821914412357337,-4.920570058932393,-4.976963040886922,-2.497684185494716,1.340775437172125,-0.5388225216045992,4.777611499101802,-0.7904692325574896,1.0140009469377702
44.0,280.0,143.7252960205078,-1.0316904702153646,2.6821914287294204,-4.920570201980144,-4.976962380626331,-2.497682708512403,1.3407757321403038,-0.5388234579011186,4.777610642297649,-0.7904692141708578,1.0139996952466293
44.0,280.0,143.7252960205078,-1.031690719090927,2.682191742245691,-4.920569878556556,-4.976962308201744,-2.497683085736269,1.3407755705211528,-0.5388233714040851,4.777610722883187,-0.790469167138018,1.0139999617801996
44.0,280.0,143.7252960205078,-1.031690814863095,2.6821908114683595,-4.920570346464027,-4.976963163620345,-2.4976835807269246,1.3407754209787033,-0.5388228462737388,4.777610686929606,-0.7904691790137637,1.0140001421211575
44.0,280.0,143.7252960205078,-1.0316914259846852,2.6821912852086207,-4.920570054996845,-4.976963457633112,-2.4976832608686217,1.3407754557399247,-0.5388225472923303,4.777610896462958,-0.7904690113327248,1.0140005069763325
44.0,280.0,143.7252960205078,-1.0316921648133115,2.6821918506268725,-4.920570108292457,-4.976962170891197,-2.4976842568485584,1.3407754078724654,-0.5388223777468681,4.777611180369714,-0.7904694682703086,1.014000922589422
44.0,280.0,143.7252960205078,-1.0316909269313372,2.682190705518658,-4.920569934073503,-4.976963070824039,-2.49768331415816,1.340775375522389,-0.5388230232604005,4.777610697293802,-0.7904691076651469,1.0139999664020136
44.0,281.0,143.7252960205078,-1.0316918090539682,2.6821914815386494,-4.9205705090448,-4.976962509205115,-2.497683790784471,1.3407756352993152,-0.5388225120524259,4.777610682436267,-0.7904694080418464,1.014000466299409
44.0,281.0,143.7252960205078,-1.0316911816315928,2.682191404397142,-4.920570535207701,-4.976962232063634,-2.4976837105080394,1.3407758299195036,-0.5388229462586791,4.777610913717062,-0.7904695594838476,1.014000067359876
44.0,281.0,143.7252960205078,-1.031691589310712,2.682191006059858,-4.920570563884254,-4.976963120567333,-2.4976839976648386,1.3407752498662209,-0.538822438229225,4.777611087380457,-0.7904692872412404,1.0140006173100948
44.0,281.0,143.7252960205078,-1.0316910273098472,2.682191315846972,-4.920570258832953,-4.976963048971231,-2.497683308116905,1.340775494695868,-0.5388228991519064,4.777610571442629,-0.7904691611097983,1.0140001812874209
44.0,281.0,143.7252960205078,-1.0316907937775293,2.6821910352958422,-4.920569667629749,-4.97696276399591,-2.497683331028912,1.340775541000447,-0.5388228618183541,4.777610826322846,-0.7904691062308391,1.0140001636132905
44.0,281.0,143.72531127929688,-1.031690876640571,2.6821914250772263,-4.920570363131797,-4.976962549534892,-2.497682472861371,1.3407757324626903,-0.5388232167309344,4.777610474459863,-0.790469077674973,1.0139996766624568
44.0,281.0,143.7252960205078,-1.0316910185761174,2.68219145306555,-4.9205693962074735,-4.976963030191468,-2.4976836650636387,1.34077543807913,-0.5388228455741242,4.777610723959043,-0.7904690200694056,1.014000478552698
44.0,281.0,143.7252960205078,-1.0316913199496716,2.682191074095289,-4.920569651073673,-4.976963461728665,-2.497684150044396,1.3407753298365677,-0.5388223647352444,4.777611147302528,-0.7904689793288693,1.0140007931280737
44.0,281.0,143.7252960205078,-1.0316912214315122,2.6821916667429164,-4.920570253911556,-4.976962616647692,-2.497683330141118,1.340775293081416,-0.5388229558420115,4.777610591916183,-0.7904691107102533,1.0140003019094497
44.0,281.0,143.7252960205078,-1.0316911299462097,2.682191911492681,-4.920570302987579,-4.976962504857432,-2.4976828871756345,1.3407758175458024,-0.5388229877046395,4.777610572047209,-0.7904691344252486,1.014000048020539
44.0,281.0,143.72531127929688,-1.031690893069995,2.6821916333968074,-4.920569987847747,-4.976962202895207,-2.497682924725132,1.3407756812575178,-0.5388231966066002,4.77761045841687,-0.7904691850227499,1.0139997835329462
44.0,281.0,143.7252960205078,-1.0316909600946618,2.6821911745055607,-4.92057007161271,-4.976963390741074,-2.497683848780707,1.340775495184353,-0.5388228358208487,4.777610977158654,-0.7904691141104534,1.0140004907674882
44.0,281.0,143.7252960205078,-1.0316913568368808,2.682191058468886,-4.920569843116541,-4.976963301634426,-2.497683452542958,1.3407749057407037,-0.5388225174687564,4.777610906563602,-0.7904690850623517,1.0140006567438684
44.0,281.0,143.7252960205078,-1.0316910835839672,2.6821909679482028,-4.920570245644662,-4.976963122569736,-2.497683615151608,1.3407754467525548,-0.5388227615898753,4.777611174815871,-0.7904693235018039,1.014000261381403
44.0,281.0,143.7252960205078,-1.0316915660569723,2.682191045510532,-4.920569528481698,-4.976963660172476,-2.497684375368128,1.3407750971729318,-0.5388224317126342,4.777611131784262,-0.7904690069881042,1.0140008647517629
44.0,281.0,143.7252960205078,-1.0316911678293472,2.6821914534058813,-4.920570337357752,-4.976962425881206,-2.4976833107086254,1.3407757154680846,-0.53882289734966,4.777610628042865,-0.7904692758562435,1.0140000990068732
44.0,281.0,143.7252960205078,-1.031691227298504,2.6821920089536624,-4.9205703318186655,-4.976961818510871,-2.497683543251028,1.3407756197008585,-0.5388233926674424,4.777610721466489,-0.7904694235952467,1.014000042669288
44.0,281.0,143.7252960205078,-1.0316912220927543,2.6821914896662005,-4.920569976759285,-4.976962606485906,-2.497683985913448,1.3407754240837022,-0.5388228822651282,4.777611357721073,-0.7904693693155203,1.0140005658113491
44.0,281.0,143.72531127929688,-1.0316904975923222,2.6821910866831464,-4.920569599812396,-4.976963292795928,-2.4976830133718444,1.3407752714882912,-0.5388231372983521,4.777610816681618,-0.7904690032055655,1.0140000571835328
44.0,281.0,143.7252960205078,-1.0316904898698391,2.6821906606098374,-4.920569178361495,-4.976964245093932,-2.497683519548102,1.340775095655462,-0.5388226481076881,4.77761099131723,-0.790468829445417,1.014000492534162
44.0,281.0,143.7252960205078,-1.031690834108272,2.6821910396301663,-4.920570172065436,-4.976963250512115,-2.4976831171178526,1.3407754632296616,-0.5388229307167283,4.777610573381949,-0.7904690873099547,1.0140000958482809
44.0,281.0,143.7252960205078,-1.031691381384621,2.6821913393464385,-4.920569381408203,-4.976963270381432,-2.497683924294289,1.3407751802109082,-0.5388226210274478,4.777611215712534,-0.7904690158949546,1.0140008118083053
44.0,281.0,143.72531127929688,-1.0316907089286218,2.682191910545134,-4.920570163677582,-4.976962444794597,-2.497682739746727,1.340775764634312,-0.538823438075994,4.777610409643369,-0.7904691678640798,1.0139998394568517
44.0,281.0,143.7252960205078,-1.031691373056121,2.6821907311542725,-4.920570390446678,-4.9769633434599205,-2.4976838607679666,1.340775530691225,-0.5388225303703713,4.777610908075538,-0.7904692795272501,1.0140004068489166
44.0,281.0,143.7252960205078,-1.0316915089210754,2.682191585554184,-4.920569474937659,-4.976963446339423,-2.497683570522576,1.3407750233679758,-0.5388225928905932,4.7776110115991415,-0.7904688949066454,1.0140007648980711
44.0,281.0,143.72531127929688,-1.0316913525438007,2.6821915765204825,-4.920569776408965,-4.9769629778186815,-2.4976832502871185,1.340775483196558,-0.5388227467587869,4.777610486398082,-0.7904689534097766,1.0140004124691728
44.0,281.0,143.7252960205078,-1.031690381292642,2.682191519048299,-4.920570179411394,-4.976962916240299,-2.497682543610684,1.340775564556366,-0.5388234728270209,4.777610480240645,-0.790469046606729,1.0139997308290614
44.0,281.0,143.7252960205078,-1.0316915450335058,2.68219165162183,-4.92057050343503,-4.9769631710495625,-2.497683200381251,1.3407753971381542,-0.5388225139912608,4.777610599850714,-0.7904688853519124,1.0140006401332062
44.0,281.0,143.72531127929688,-1.0316905887804857,2.6821914262373925,-4.920569686811891,-4.976963407648607,-2.4976829246545416,1.3407754089863202,-0.5388230780582548,4.77761082317477,-0.7904688766671972,1.0140002431266542
44.0,281.0,143.7252960205078,-1.0316915670577105,2.682191183664216,-4.920569513796538,-4.976963304815523,-2.49768418038914,1.340775170119862,-0.5388224625018463,4.777611088865669,-0.7904689872679853,1.0140009140485056
44.0,281.0,143.7252960205078,-1.0316916335445607,2.6821914147274404,-4.9205697089886105,-4.976963286888132,-2.4976840947398324,1.340775355428292,-0.5388224433754214,4.7776112974715375,-0.7904690410379906,1.0140008669222231
44.0,281.0,143.72531127929688,-1.031691950696862,2.6821911665685327,-4.920570092539818,-4.976963279070834,-2.4976844886323315,1.340775351022902,-0.5388220576035341,4.777611345702846,-0.7904692782309173,1.0140012921094197
44.0,281.0,143.7252960205078,-1.031691533256533,2.6821915735977653,-4.920570194634275,-4.976962585769958,-2.497683898647214,1.3407755204178071,-0.5388225938882325,4.77761095494902,-0.7904692729939997,1.014000701464454
44.0,281.0,143.7252960205078,-1.0316914519372968,2.6821907593958363,-4.920570545394368,-4.976962851994406,-2.497683681874434,1.3407755958861864,-0.5388223647925274,4.7776107771207865,-0.7904692787546663,1.014000228416661
44.0,281.0,143.7252960205078,-1.0316912208771694,2.6821912725243653,-4.920569472298422,-4.976963116375362,-2.497683939674017,1.3407752768208496,-0.5388224426567074,4.777610756873939,-0.7904691557594061,1.01400084423957
44.0,281.0,143.72531127929688,-1.031690955515019,2.682191785535494,-4.920569830817617,-4.976963331651461,-2.497682655041912,1.3407752636030352,-0.538822922313348,4.777610541251162,-0.790468667136536,1.014000370879085
44.0,281.0,143.7252960205078,-1.031691226010336,2.6821915553158355,-4.920570030402106,-4.976962576804143,-2.4976826745853846,1.3407756512649938,-0.5388231360084248,4.777610600817429,-0.7904690671590417,1.013999847458508
44.0,281.0,143.72531127929688,-1.0316902433023434,2.682191666928798,-4.9205702201043255,-4.976962475888958,-2.49768217537404,1.3407757495611872,-0.538823706034198,4.7776101791529975,-0.79046896868992,1.0139992486796157
44.0,281.0,143.7252960205078,-1.0316906891958766,2.68219147469002,-4.920570117085319,-4.976962594967271,-2.4976829383841235,1.340775735259184,-0.5388233299191727,4.777610579470785,-0.7904691717593266,1.0139997333792303
44.0,281.0,143.7252960205078,-1.0316914821699452,2.6821912431408803,-4.920570336214334,-4.976962590050475,-2.497683568565169,1.3407756904572068,-0.5388227312083282,4.777611181905092,-0.7904694162573502,1.014000221533986
44.0,281.0,143.7252960205078,-1.0316909584643517,2.6821906627834045,-4.920569915711287,-4.976963512247674,-2.4976841394379807,1.3407751984005092,-0.5388227733465811,4.77761142874577,-0.7904692141989509,1.0140006545193128
44.0,281.0,143.7252960205078,-1.03169142958301,2.682191004271796,-4.9205693052219885,-4.97696367669675,-2.497683712144597,1.340775090535276,-0.538822364046859,4.777611133035688,-0.7904689702999548,1.0140008077320155
44.0,281.0,143.7252960205078,-1.031691640254004,2.682191926704678,-4.920569683853785,-4.976962554918854,-2.497683529435672,1.340775107031,-0.5388228103490285,4.7776111078985615,-0.79046908821865,1.0140006886128443
44.0,281.0,143.7252960205078,-1.0316914609897063,2.6821914412357337,-4.920570058932393,-4.976963040886922,-2.497684185494716,1.340775437172125,-0.5388225216045992,4.777611499101802,-0.7904692325574896,1.0140009469377702
44.0,281.0,143.7252960205078,-1.0316904702153646,2.6821914287294204,-4.920570201980144,-4.976962380626331,-2.497682708512403,1.3407757321403038,-0.5388234579011186,4.777610642297649,-0.7904692141708578,1.0139996952466293
44.0,281.0,143.7252960205078,-1.031690719090927,2.682191742245691,-4.920569878556556,-4.976962308201744,-2.497683085736269,1.3407755705211528,-0.5388233714040851,4.777610722883187,-0.790469167138018,1.0139999617801996
44.0,281.0,143.7252960205078,-1.031690814863095,2.6821908114683595,-4.920570346464027,-4.976963163620345,-2.4976835807269246,1.3407754209787033,-0.5388228462737388,4.777610686929606,-0.7904691790137637,1.0140001421211575
44.0,281.0,143.7252960205078,-1.0316914259846852,2.6821912852086207,-4.920570054996845,-4.976963457633112,-2.4976832608686217,1.3407754557399247,-0.5388225472923303,4.777610896462958,-0.7904690113327248,1.0140005069763325
44.0,281.0,143.7252960205078,-1.0316921648133115,2.6821918506268725,-4.920570108292457,-4.976962170891197,-2.4976842568485584,1.3407754078724654,-0.5388223777468681,4.777611180369714,-0.7904694682703086,1.014000922589422
44.0,281.0,143.7252960205078,-1.0316909269313372,2.682190705518658,-4.920569934073503,-4.976963070824039,-2.49768331415816,1.340775375522389,-0.5388230232604005,4.777610697293802,-0.7904691076651469,1.0139999664020136
44.0,282.0,143.7252960205078,-1.0316918090539682,2.6821914815386494,-4.9205705090448,-4.976962509205115,-2.497683790784471,1.3407756352993152,-0.5388225120524259,4.777610682436267,-0.7904694080418464,1.014000466299409
44.0,282.0,143.7252960205078,-1.0316911816315928,2.682191404397142,-4.920570535207701,-4.976962232063634,-2.4976837105080394,1.3407758299195036,-0.5388229462586791,4.777610913717062,-0.7904695594838476,1.014000067359876
44.0,282.0,143.7252960205078,-1.031691589310712,2.682191006059858,-4.920570563884254,-4.976963120567333,-2.4976839976648386,1.3407752498662209,-0.538822438229225,4.777611087380457,-0.7904692872412404,1.0140006173100948
44.0,282.0,143.7252960205078,-1.0316910273098472,2.682191315846972,-4.920570258832953,-4.976963048971231,-2.497683308116905,1.340775494695868,-0.5388228991519064,4.777610571442629,-0.7904691611097983,1.0140001812874209
44.0,282.0,143.7252960205078,-1.0316907937775293,2.6821910352958422,-4.920569667629749,-4.97696276399591,-2.497683331028912,1.340775541000447,-0.5388228618183541,4.777610826322846,-0.7904691062308391,1.0140001636132905
44.0,282.0,143.72531127929688,-1.031690876640571,2.6821914250772263,-4.920570363131797,-4.976962549534892,-2.497682472861371,1.3407757324626903,-0.5388232167309344,4.777610474459863,-0.790469077674973,1.0139996766624568
44.0,282.0,143.7252960205078,-1.0316910185761174,2.68219145306555,-4.9205693962074735,-4.976963030191468,-2.4976836650636387,1.34077543807913,-0.5388228455741242,4.777610723959043,-0.7904690200694056,1.014000478552698
44.0,282.0,143.7252960205078,-1.0316913199496716,2.682191074095289,-4.920569651073673,-4.976963461728665,-2.497684150044396,1.3407753298365677,-0.5388223647352444,4.777611147302528,-0.7904689793288693,1.0140007931280737
44.0,282.0,143.7252960205078,-1.0316912214315122,2.6821916667429164,-4.920570253911556,-4.976962616647692,-2.497683330141118,1.340775293081416,-0.5388229558420115,4.777610591916183,-0.7904691107102533,1.0140003019094497
44.0,282.0,143.7252960205078,-1.0316911299462097,2.682191911492681,-4.920570302987579,-4.976962504857432,-2.4976828871756345,1.3407758175458024,-0.5388229877046395,4.777610572047209,-0.7904691344252486,1.014000048020539
44.0,282.0,143.72531127929688,-1.031690893069995,2.6821916333968074,-4.920569987847747,-4.976962202895207,-2.497682924725132,1.3407756812575178,-0.5388231966066002,4.77761045841687,-0.7904691850227499,1.0139997835329462
44.0,282.0,143.7252960205078,-1.0316909600946618,2.6821911745055607,-4.92057007161271,-4.976963390741074,-2.497683848780707,1.340775495184353,-0.5388228358208487,4.777610977158654,-0.7904691141104534,1.0140004907674882
44.0,282.0,143.7252960205078,-1.0316913568368808,2.682191058468886,-4.920569843116541,-4.976963301634426,-2.497683452542958,1.3407749057407037,-0.5388225174687564,4.777610906563602,-0.7904690850623517,1.0140006567438684
44.0,282.0,143.7252960205078,-1.0316910835839672,2.6821909679482028,-4.920570245644662,-4.976963122569736,-2.497683615151608,1.3407754467525548,-0.5388227615898753,4.777611174815871,-0.7904693235018039,1.014000261381403
44.0,282.0,143.7252960205078,-1.0316915660569723,2.682191045510532,-4.920569528481698,-4.976963660172476,-2.497684375368128,1.3407750971729318,-0.5388224317126342,4.777611131784262,-0.7904690069881042,1.0140008647517629
44.0,282.0,143.7252960205078,-1.0316911678293472,2.6821914534058813,-4.920570337357752,-4.976962425881206,-2.4976833107086254,1.3407757154680846,-0.53882289734966,4.777610628042865,-0.7904692758562435,1.0140000990068732
44.0,282.0,143.7252960205078,-1.031691227298504,2.6821920089536624,-4.9205703318186655,-4.976961818510871,-2.497683543251028,1.3407756197008585,-0.5388233926674424,4.777610721466489,-0.7904694235952467,1.014000042669288
44.0,282.0,143.7252960205078,-1.0316912220927543,2.6821914896662005,-4.920569976759285,-4.976962606485906,-2.497683985913448,1.3407754240837022,-0.5388228822651282,4.777611357721073,-0.7904693693155203,1.0140005658113491
44.0,282.0,143.72531127929688,-1.0316904975923222,2.6821910866831464,-4.920569599812396,-4.976963292795928,-2.4976830133718444,1.3407752714882912,-0.5388231372983521,4.777610816681618,-0.7904690032055655,1.0140000571835328
44.0,282.0,143.7252960205078,-1.0316904898698391,2.6821906606098374,-4.920569178361495,-4.976964245093932,-2.497683519548102,1.340775095655462,-0.5388226481076881,4.77761099131723,-0.790468829445417,1.014000492534162
44.0,282.0,143.7252960205078,-1.031690834108272,2.6821910396301663,-4.920570172065436,-4.976963250512115,-2.4976831171178526,1.3407754632296616,-0.5388229307167283,4.777610573381949,-0.7904690873099547,1.0140000958482809
44.0,282.0,143.7252960205078,-1.031691381384621,2.6821913393464385,-4.920569381408203,-4.976963270381432,-2.497683924294289,1.3407751802109082,-0.5388226210274478,4.777611215712534,-0.7904690158949546,1.0140008118083053
44.0,282.0,143.72531127929688,-1.0316907089286218,2.682191910545134,-4.920570163677582,-4.976962444794597,-2.497682739746727,1.340775764634312,-0.538823438075994,4.777610409643369,-0.7904691678640798,1.0139998394568517
44.0,282.0,143.7252960205078,-1.031691373056121,2.6821907311542725,-4.920570390446678,-4.9769633434599205,-2.4976838607679666,1.340775530691225,-0.5388225303703713,4.777610908075538,-0.7904692795272501,1.0140004068489166
44.0,282.0,143.7252960205078,-1.0316915089210754,2.682191585554184,-4.920569474937659,-4.976963446339423,-2.497683570522576,1.3407750233679758,-0.5388225928905932,4.7776110115991415,-0.7904688949066454,1.0140007648980711
44.0,282.0,143.72531127929688,-1.0316913525438007,2.6821915765204825,-4.920569776408965,-4.9769629778186815,-2.4976832502871185,1.340775483196558,-0.5388227467587869,4.777610486398082,-0.7904689534097766,1.0140004124691728
44.0,282.0,143.7252960205078,-1.031690381292642,2.682191519048299,-4.920570179411394,-4.976962916240299,-2.497682543610684,1.340775564556366,-0.5388234728270209,4.777610480240645,-0.790469046606729,1.0139997308290614
44.0,282.0,143.7252960205078,-1.0316915450335058,2.68219165162183,-4.92057050343503,-4.9769631710495625,-2.497683200381251,1.3407753971381542,-0.5388225139912608,4.777610599850714,-0.7904688853519124,1.0140006401332062
44.0,282.0,143.72531127929688,-1.0316905887804857,2.6821914262373925,-4.920569686811891,-4.976963407648607,-2.4976829246545416,1.3407754089863202,-0.5388230780582548,4.77761082317477,-0.7904688766671972,1.0140002431266542
44.0,282.0,143.7252960205078,-1.0316915670577105,2.682191183664216,-4.920569513796538,-4.976963304815523,-2.49768418038914,1.340775170119862,-0.5388224625018463,4.777611088865669,-0.7904689872679853,1.0140009140485056
44.0,282.0,143.7252960205078,-1.0316916335445607,2.6821914147274404,-4.9205697089886105,-4.976963286888132,-2.4976840947398324,1.340775355428292,-0.5388224433754214,4.7776112974715375,-0.7904690410379906,1.0140008669222231
44.0,282.0,143.72531127929688,-1.031691950696862,2.6821911665685327,-4.920570092539818,-4.976963279070834,-2.4976844886323315,1.340775351022902,-0.5388220576035341,4.777611345702846,-0.7904692782309173,1.0140012921094197
44.0,282.0,143.7252960205078,-1.031691533256533,2.6821915735977653,-4.920570194634275,-4.976962585769958,-2.497683898647214,1.3407755204178071,-0.5388225938882325,4.77761095494902,-0.7904692729939997,1.014000701464454
44.0,282.0,143.7252960205078,-1.0316914519372968,2.6821907593958363,-4.920570545394368,-4.976962851994406,-2.497683681874434,1.3407755958861864,-0.5388223647925274,4.7776107771207865,-0.7904692787546663,1.014000228416661
44.0,282.0,143.7252960205078,-1.0316912208771694,2.6821912725243653,-4.920569472298422,-4.976963116375362,-2.497683939674017,1.3407752768208496,-0.5388224426567074,4.777610756873939,-0.7904691557594061,1.01400084423957
44.0,282.0,143.72531127929688,-1.031690955515019,2.682191785535494,-4.920569830817617,-4.976963331651461,-2.497682655041912,1.3407752636030352,-0.538822922313348,4.777610541251162,-0.790468667136536,1.014000370879085
44.0,282.0,143.7252960205078,-1.031691226010336,2.6821915553158355,-4.920570030402106,-4.976962576804143,-2.4976826745853846,1.3407756512649938,-0.5388231360084248,4.777610600817429,-0.7904690671590417,1.013999847458508
44.0,282.0,143.72531127929688,-1.0316902433023434,2.682191666928798,-4.9205702201043255,-4.976962475888958,-2.49768217537404,1.3407757495611872,-0.538823706034198,4.7776101791529975,-0.79046896868992,1.0139992486796157
44.0,282.0,143.7252960205078,-1.0316906891958766,2.68219147469002,-4.920570117085319,-4.976962594967271,-2.4976829383841235,1.340775735259184,-0.5388233299191727,4.777610579470785,-0.7904691717593266,1.0139997333792303
44.0,282.0,143.7252960205078,-1.0316914821699452,2.6821912431408803,-4.920570336214334,-4.976962590050475,-2.497683568565169,1.3407756904572068,-0.5388227312083282,4.777611181905092,-0.7904694162573502,1.014000221533986
44.0,282.0,143.7252960205078,-1.0316909584643517,2.6821906627834045,-4.920569915711287,-4.976963512247674,-2.4976841394379807,1.3407751984005092,-0.5388227733465811,4.77761142874577,-0.7904692141989509,1.0140006545193128
44.0,282.0,143.7252960205078,-1.03169142958301,2.682191004271796,-4.9205693052219885,-4.97696367669675,-2.497683712144597,1.340775090535276,-0.538822364046859,4.777611133035688,-0.7904689702999548,1.0140008077320155
44.0,282.0,143.7252960205078,-1.031691640254004,2.682191926704678,-4.920569683853785,-4.976962554918854,-2.497683529435672,1.340775107031,-0.5388228103490285,4.7776111078985615,-0.79046908821865,1.0140006886128443
44.0,282.0,143.7252960205078,-1.0316914609897063,2.6821914412357337,-4.920570058932393,-4.976963040886922,-2.497684185494716,1.340775437172125,-0.5388225216045992,4.777611499101802,-0.7904692325574896,1.0140009469377702
44.0,282.0,143.7252960205078,-1.0316904702153646,2.6821914287294204,-4.920570201980144,-4.976962380626331,-2.497682708512403,1.3407757321403038,-0.5388234579011186,4.777610642297649,-0.7904692141708578,1.0139996952466293
44.0,282.0,143.7252960205078,-1.031690719090927,2.682191742245691,-4.920569878556556,-4.976962308201744,-2.497683085736269,1.3407755705211528,-0.5388233714040851,4.777610722883187,-0.790469167138018,1.0139999617801996
44.0,282.0,143.7252960205078,-1.031690814863095,2.6821908114683595,-4.920570346464027,-4.976963163620345,-2.4976835807269246,1.3407754209787033,-0.5388228462737388,4.777610686929606,-0.7904691790137637,1.0140001421211575
44.0,282.0,143.7252960205078,-1.0316914259846852,2.6821912852086207,-4.920570054996845,-4.976963457633112,-2.4976832608686217,1.3407754557399247,-0.5388225472923303,4.777610896462958,-0.7904690113327248,1.0140005069763325
44.0,282.0,143.7252960205078,-1.0316921648133115,2.6821918506268725,-4.920570108292457,-4.976962170891197,-2.4976842568485584,1.3407754078724654,-0.5388223777468681,4.777611180369714,-0.7904694682703086,1.014000922589422
44.0,282.0,143.7252960205078,-1.0316909269313372,2.682190705518658,-4.920569934073503,-4.976963070824039,-2.49768331415816,1.340775375522389,-0.5388230232604005,4.777610697293802,-0.7904691076651469,1.0139999664020136
44.0,283.0,143.7252960205078,-1.0316918090539682,2.6821914815386494,-4.9205705090448,-4.976962509205115,-2.497683790784471,1.3407756352993152,-0.5388225120524259,4.777610682436267,-0.7904694080418464,1.014000466299409
44.0,283.0,143.7252960205078,-1.0316911816315928,2.682191404397142,-4.920570535207701,-4.976962232063634,-2.4976837105080394,1.3407758299195036,-0.5388229462586791,4.777610913717062,-0.7904695594838476,1.014000067359876
44.0,283.0,143.7252960205078,-1.031691589310712,2.682191006059858,-4.920570563884254,-4.976963120567333,-2.4976839976648386,1.3407752498662209,-0.538822438229225,4.777611087380457,-0.7904692872412404,1.0140006173100948
44.0,283.0,143.7252960205078,-1.0316910273098472,2.682191315846972,-4.920570258832953,-4.976963048971231,-2.497683308116905,1.340775494695868,-0.5388228991519064,4.777610571442629,-0.7904691611097983,1.0140001812874209
44.0,283.0,143.7252960205078,-1.0316907937775293,2.6821910352958422,-4.920569667629749,-4.97696276399591,-2.497683331028912,1.340775541000447,-0.5388228618183541,4.777610826322846,-0.7904691062308391,1.0140001636132905
44.0,283.0,143.72531127929688,-1.031690876640571,2.6821914250772263,-4.920570363131797,-4.976962549534892,-2.497682472861371,1.3407757324626903,-0.5388232167309344,4.777610474459863,-0.790469077674973,1.0139996766624568
44.0,283.0,143.7252960205078,-1.0316910185761174,2.68219145306555,-4.9205693962074735,-4.976963030191468,-2.4976836650636387,1.34077543807913,-0.5388228455741242,4.777610723959043,-0.7904690200694056,1.014000478552698
44.0,283.0,143.7252960205078,-1.0316913199496716,2.682191074095289,-4.920569651073673,-4.976963461728665,-2.497684150044396,1.3407753298365677,-0.5388223647352444,4.777611147302528,-0.7904689793288693,1.0140007931280737
44.0,283.0,143.7252960205078,-1.0316912214315122,2.6821916667429164,-4.920570253911556,-4.976962616647692,-2.497683330141118,1.340775293081416,-0.5388229558420115,4.777610591916183,-0.7904691107102533,1.0140003019094497
44.0,283.0,143.7252960205078,-1.0316911299462097,2.682191911492681,-4.920570302987579,-4.976962504857432,-2.4976828871756345,1.3407758175458024,-0.5388229877046395,4.777610572047209,-0.7904691344252486,1.014000048020539
44.0,283.0,143.72531127929688,-1.031690893069995,2.6821916333968074,-4.920569987847747,-4.976962202895207,-2.497682924725132,1.3407756812575178,-0.5388231966066002,4.77761045841687,-0.7904691850227499,1.0139997835329462
44.0,283.0,143.7252960205078,-1.0316909600946618,2.6821911745055607,-4.92057007161271,-4.976963390741074,-2.497683848780707,1.340775495184353,-0.5388228358208487,4.777610977158654,-0.7904691141104534,1.0140004907674882
44.0,283.0,143.7252960205078,-1.0316913568368808,2.682191058468886,-4.920569843116541,-4.976963301634426,-2.497683452542958,1.3407749057407037,-0.5388225174687564,4.777610906563602,-0.7904690850623517,1.0140006567438684
44.0,283.0,143.7252960205078,-1.0316910835839672,2.6821909679482028,-4.920570245644662,-4.976963122569736,-2.497683615151608,1.3407754467525548,-0.5388227615898753,4.777611174815871,-0.7904693235018039,1.014000261381403
44.0,283.0,143.7252960205078,-1.0316915660569723,2.682191045510532,-4.920569528481698,-4.976963660172476,-2.497684375368128,1.3407750971729318,-0.5388224317126342,4.777611131784262,-0.7904690069881042,1.0140008647517629
44.0,283.0,143.7252960205078,-1.0316911678293472,2.6821914534058813,-4.920570337357752,-4.976962425881206,-2.4976833107086254,1.3407757154680846,-0.53882289734966,4.777610628042865,-0.7904692758562435,1.0140000990068732
44.0,283.0,143.7252960205078,-1.031691227298504,2.6821920089536624,-4.9205703318186655,-4.976961818510871,-2.497683543251028,1.3407756197008585,-0.5388233926674424,4.777610721466489,-0.7904694235952467,1.014000042669288
44.0,283.0,143.7252960205078,-1.0316912220927543,2.6821914896662005,-4.920569976759285,-4.976962606485906,-2.497683985913448,1.3407754240837022,-0.5388228822651282,4.777611357721073,-0.7904693693155203,1.0140005658113491
44.0,283.0,143.72531127929688,-1.0316904975923222,2.6821910866831464,-4.920569599812396,-4.976963292795928,-2.4976830133718444,1.3407752714882912,-0.5388231372983521,4.777610816681618,-0.7904690032055655,1.0140000571835328
44.0,283.0,143.7252960205078,-1.0316904898698391,2.6821906606098374,-4.920569178361495,-4.976964245093932,-2.497683519548102,1.340775095655462,-0.5388226481076881,4.77761099131723,-0.790468829445417,1.014000492534162
44.0,283.0,143.7252960205078,-1.031690834108272,2.6821910396301663,-4.920570172065436,-4.976963250512115,-2.4976831171178526,1.3407754632296616,-0.5388229307167283,4.777610573381949,-0.7904690873099547,1.0140000958482809
44.0,283.0,143.7252960205078,-1.031691381384621,2.6821913393464385,-4.920569381408203,-4.976963270381432,-2.497683924294289,1.3407751802109082,-0.5388226210274478,4.777611215712534,-0.7904690158949546,1.0140008118083053
44.0,283.0,143.72531127929688,-1.0316907089286218,2.682191910545134,-4.920570163677582,-4.976962444794597,-2.497682739746727,1.340775764634312,-0.538823438075994,4.777610409643369,-0.7904691678640798,1.0139998394568517
44.0,283.0,143.7252960205078,-1.031691373056121,2.6821907311542725,-4.920570390446678,-4.9769633434599205,-2.4976838607679666,1.340775530691225,-0.5388225303703713,4.777610908075538,-0.7904692795272501,1.0140004068489166
44.0,283.0,143.7252960205078,-1.0316915089210754,2.682191585554184,-4.920569474937659,-4.976963446339423,-2.497683570522576,1.3407750233679758,-0.5388225928905932,4.7776110115991415,-0.7904688949066454,1.0140007648980711
44.0,283.0,143.72531127929688,-1.0316913525438007,2.6821915765204825,-4.920569776408965,-4.9769629778186815,-2.4976832502871185,1.340775483196558,-0.5388227467587869,4.777610486398082,-0.7904689534097766,1.0140004124691728
44.0,283.0,143.7252960205078,-1.031690381292642,2.682191519048299,-4.920570179411394,-4.976962916240299,-2.497682543610684,1.340775564556366,-0.5388234728270209,4.777610480240645,-0.790469046606729,1.0139997308290614
44.0,283.0,143.7252960205078,-1.0316915450335058,2.68219165162183,-4.92057050343503,-4.9769631710495625,-2.497683200381251,1.3407753971381542,-0.5388225139912608,4.777610599850714,-0.7904688853519124,1.0140006401332062
44.0,283.0,143.72531127929688,-1.0316905887804857,2.6821914262373925,-4.920569686811891,-4.976963407648607,-2.4976829246545416,1.3407754089863202,-0.5388230780582548,4.77761082317477,-0.7904688766671972,1.0140002431266542
44.0,283.0,143.7252960205078,-1.0316915670577105,2.682191183664216,-4.920569513796538,-4.976963304815523,-2.49768418038914,1.340775170119862,-0.5388224625018463,4.777611088865669,-0.7904689872679853,1.0140009140485056
44.0,283.0,143.7252960205078,-1.0316916335445607,2.6821914147274404,-4.9205697089886105,-4.976963286888132,-2.4976840947398324,1.340775355428292,-0.5388224433754214,4.7776112974715375,-0.7904690410379906,1.0140008669222231
44.0,283.0,143.72531127929688,-1.031691950696862,2.6821911665685327,-4.920570092539818,-4.976963279070834,-2.4976844886323315,1.340775351022902,-0.5388220576035341,4.777611345702846,-0.7904692782309173,1.0140012921094197
44.0,283.0,143.7252960205078,-1.031691533256533,2.6821915735977653,-4.920570194634275,-4.976962585769958,-2.497683898647214,1.3407755204178071,-0.5388225938882325,4.77761095494902,-0.7904692729939997,1.014000701464454
44.0,283.0,143.7252960205078,-1.0316914519372968,2.6821907593958363,-4.920570545394368,-4.976962851994406,-2.497683681874434,1.3407755958861864,-0.5388223647925274,4.7776107771207865,-0.7904692787546663,1.014000228416661
44.0,283.0,143.7252960205078,-1.0316912208771694,2.6821912725243653,-4.920569472298422,-4.976963116375362,-2.497683939674017,1.3407752768208496,-0.5388224426567074,4.777610756873939,-0.7904691557594061,1.01400084423957
44.0,283.0,143.72531127929688,-1.031690955515019,2.682191785535494,-4.920569830817617,-4.976963331651461,-2.497682655041912,1.3407752636030352,-0.538822922313348,4.777610541251162,-0.790468667136536,1.014000370879085
44.0,283.0,143.7252960205078,-1.031691226010336,2.6821915553158355,-4.920570030402106,-4.976962576804143,-2.4976826745853846,1.3407756512649938,-0.5388231360084248,4.777610600817429,-0.7904690671590417,1.013999847458508
44.0,283.0,143.72531127929688,-1.0316902433023434,2.682191666928798,-4.9205702201043255,-4.976962475888958,-2.49768217537404,1.3407757495611872,-0.538823706034198,4.7776101791529975,-0.79046896868992,1.0139992486796157
44.0,283.0,143.7252960205078,-1.0316906891958766,2.68219147469002,-4.920570117085319,-4.976962594967271,-2.4976829383841235,1.340775735259184,-0.5388233299191727,4.777610579470785,-0.7904691717593266,1.0139997333792303
44.0,283.0,143.7252960205078,-1.0316914821699452,2.6821912431408803,-4.920570336214334,-4.976962590050475,-2.497683568565169,1.3407756904572068,-0.5388227312083282,4.777611181905092,-0.7904694162573502,1.014000221533986
44.0,283.0,143.7252960205078,-1.0316909584643517,2.6821906627834045,-4.920569915711287,-4.976963512247674,-2.4976841394379807,1.3407751984005092,-0.5388227733465811,4.77761142874577,-0.7904692141989509,1.0140006545193128
44.0,283.0,143.7252960205078,-1.03169142958301,2.682191004271796,-4.9205693052219885,-4.97696367669675,-2.497683712144597,1.340775090535276,-0.538822364046859,4.777611133035688,-0.7904689702999548,1.0140008077320155
44.0,283.0,143.7252960205078,-1.031691640254004,2.682191926704678,-4.920569683853785,-4.976962554918854,-2.497683529435672,1.340775107031,-0.5388228103490285,4.7776111078985615,-0.79046908821865,1.0140006886128443
44.0,283.0,143.7252960205078,-1.0316914609897063,2.6821914412357337,-4.920570058932393,-4.976963040886922,-2.497684185494716,1.340775437172125,-0.5388225216045992,4.777611499101802,-0.7904692325574896,1.0140009469377702
44.0,283.0,143.7252960205078,-1.0316904702153646,2.6821914287294204,-4.920570201980144,-4.976962380626331,-2.497682708512403,1.3407757321403038,-0.5388234579011186,4.777610642297649,-0.7904692141708578,1.0139996952466293
44.0,283.0,143.7252960205078,-1.031690719090927,2.682191742245691,-4.920569878556556,-4.976962308201744,-2.497683085736269,1.3407755705211528,-0.5388233714040851,4.777610722883187,-0.790469167138018,1.0139999617801996
44.0,283.0,143.7252960205078,-1.031690814863095,2.6821908114683595,-4.920570346464027,-4.976963163620345,-2.4976835807269246,1.3407754209787033,-0.5388228462737388,4.777610686929606,-0.7904691790137637,1.0140001421211575
44.0,283.0,143.7252960205078,-1.0316914259846852,2.6821912852086207,-4.920570054996845,-4.976963457633112,-2.4976832608686217,1.3407754557399247,-0.5388225472923303,4.777610896462958,-0.7904690113327248,1.0140005069763325
44.0,283.0,143.7252960205078,-1.0316921648133115,2.6821918506268725,-4.920570108292457,-4.976962170891197,-2.4976842568485584,1.3407754078724654,-0.5388223777468681,4.777611180369714,-0.7904694682703086,1.014000922589422
44.0,283.0,143.7252960205078,-1.0316909269313372,2.682190705518658,-4.920569934073503,-4.976963070824039,-2.49768331415816,1.340775375522389,-0.5388230232604005,4.777610697293802,-0.7904691076651469,1.0139999664020136
44.0,284.0,143.7252960205078,-1.0316918090539682,2.6821914815386494,-4.9205705090448,-4.976962509205115,-2.497683790784471,1.3407756352993152,-0.5388225120524259,4.777610682436267,-0.7904694080418464,1.014000466299409
44.0,284.0,143.7252960205078,-1.0316911816315928,2.682191404397142,-4.920570535207701,-4.976962232063634,-2.4976837105080394,1.3407758299195036,-0.5388229462586791,4.777610913717062,-0.7904695594838476,1.014000067359876
44.0,284.0,143.7252960205078,-1.031691589310712,2.682191006059858,-4.920570563884254,-4.976963120567333,-2.4976839976648386,1.3407752498662209,-0.538822438229225,4.777611087380457,-0.7904692872412404,1.0140006173100948
44.0,284.0,143.7252960205078,-1.0316910273098472,2.682191315846972,-4.920570258832953,-4.976963048971231,-2.497683308116905,1.340775494695868,-0.5388228991519064,4.777610571442629,-0.7904691611097983,1.0140001812874209
44.0,284.0,143.7252960205078,-1.0316907937775293,2.6821910352958422,-4.920569667629749,-4.97696276399591,-2.497683331028912,1.340775541000447,-0.5388228618183541,4.777610826322846,-0.7904691062308391,1.0140001636132905
44.0,284.0,143.72531127929688,-1.031690876640571,2.6821914250772263,-4.920570363131797,-4.976962549534892,-2.497682472861371,1.3407757324626903,-0.5388232167309344,4.777610474459863,-0.790469077674973,1.0139996766624568
44.0,284.0,143.7252960205078,-1.0316910185761174,2.68219145306555,-4.9205693962074735,-4.976963030191468,-2.4976836650636387,1.34077543807913,-0.5388228455741242,4.777610723959043,-0.7904690200694056,1.014000478552698
44.0,284.0,143.7252960205078,-1.0316913199496716,2.682191074095289,-4.920569651073673,-4.976963461728665,-2.497684150044396,1.3407753298365677,-0.5388223647352444,4.777611147302528,-0.7904689793288693,1.0140007931280737
44.0,284.0,143.7252960205078,-1.0316912214315122,2.6821916667429164,-4.920570253911556,-4.976962616647692,-2.497683330141118,1.340775293081416,-0.5388229558420115,4.777610591916183,-0.7904691107102533,1.0140003019094497
44.0,284.0,143.7252960205078,-1.0316911299462097,2.682191911492681,-4.920570302987579,-4.976962504857432,-2.4976828871756345,1.3407758175458024,-0.5388229877046395,4.777610572047209,-0.7904691344252486,1.014000048020539
44.0,284.0,143.72531127929688,-1.031690893069995,2.6821916333968074,-4.920569987847747,-4.976962202895207,-2.497682924725132,1.3407756812575178,-0.5388231966066002,4.77761045841687,-0.7904691850227499,1.0139997835329462
44.0,284.0,143.7252960205078,-1.0316909600946618,2.6821911745055607,-4.92057007161271,-4.976963390741074,-2.497683848780707,1.340775495184353,-0.5388228358208487,4.777610977158654,-0.7904691141104534,1.0140004907674882
44.0,284.0,143.7252960205078,-1.0316913568368808,2.682191058468886,-4.920569843116541,-4.976963301634426,-2.497683452542958,1.3407749057407037,-0.5388225174687564,4.777610906563602,-0.7904690850623517,1.0140006567438684
44.0,284.0,143.7252960205078,-1.0316910835839672,2.6821909679482028,-4.920570245644662,-4.976963122569736,-2.497683615151608,1.3407754467525548,-0.5388227615898753,4.777611174815871,-0.7904693235018039,1.014000261381403
44.0,284.0,143.7252960205078,-1.0316915660569723,2.682191045510532,-4.920569528481698,-4.976963660172476,-2.497684375368128,1.3407750971729318,-0.5388224317126342,4.777611131784262,-0.7904690069881042,1.0140008647517629
44.0,284.0,143.7252960205078,-1.0316911678293472,2.6821914534058813,-4.920570337357752,-4.976962425881206,-2.4976833107086254,1.3407757154680846,-0.53882289734966,4.777610628042865,-0.7904692758562435,1.0140000990068732
44.0,284.0,143.7252960205078,-1.031691227298504,2.6821920089536624,-4.9205703318186655,-4.976961818510871,-2.497683543251028,1.3407756197008585,-0.5388233926674424,4.777610721466489,-0.7904694235952467,1.014000042669288
44.0,284.0,143.7252960205078,-1.0316912220927543,2.6821914896662005,-4.920569976759285,-4.976962606485906,-2.497683985913448,1.3407754240837022,-0.5388228822651282,4.777611357721073,-0.7904693693155203,1.0140005658113491
44.0,284.0,143.72531127929688,-1.0316904975923222,2.6821910866831464,-4.920569599812396,-4.976963292795928,-2.4976830133718444,1.3407752714882912,-0.5388231372983521,4.777610816681618,-0.7904690032055655,1.0140000571835328
44.0,284.0,143.7252960205078,-1.0316904898698391,2.6821906606098374,-4.920569178361495,-4.976964245093932,-2.497683519548102,1.340775095655462,-0.5388226481076881,4.77761099131723,-0.790468829445417,1.014000492534162
44.0,284.0,143.7252960205078,-1.031690834108272,2.6821910396301663,-4.920570172065436,-4.976963250512115,-2.4976831171178526,1.3407754632296616,-0.5388229307167283,4.777610573381949,-0.7904690873099547,1.0140000958482809
44.0,284.0,143.7252960205078,-1.031691381384621,2.6821913393464385,-4.920569381408203,-4.976963270381432,-2.497683924294289,1.3407751802109082,-0.5388226210274478,4.777611215712534,-0.7904690158949546,1.0140008118083053
44.0,284.0,143.72531127929688,-1.0316907089286218,2.682191910545134,-4.920570163677582,-4.976962444794597,-2.497682739746727,1.340775764634312,-0.538823438075994,4.777610409643369,-0.7904691678640798,1.0139998394568517
44.0,284.0,143.7252960205078,-1.031691373056121,2.6821907311542725,-4.920570390446678,-4.9769633434599205,-2.4976838607679666,1.340775530691225,-0.5388225303703713,4.777610908075538,-0.7904692795272501,1.0140004068489166
44.0,284.0,143.7252960205078,-1.0316915089210754,2.682191585554184,-4.920569474937659,-4.976963446339423,-2.497683570522576,1.3407750233679758,-0.5388225928905932,4.7776110115991415,-0.7904688949066454,1.0140007648980711
44.0,284.0,143.72531127929688,-1.0316913525438007,2.6821915765204825,-4.920569776408965,-4.9769629778186815,-2.4976832502871185,1.340775483196558,-0.5388227467587869,4.777610486398082,-0.7904689534097766,1.0140004124691728
44.0,284.0,143.7252960205078,-1.031690381292642,2.682191519048299,-4.920570179411394,-4.976962916240299,-2.497682543610684,1.340775564556366,-0.5388234728270209,4.777610480240645,-0.790469046606729,1.0139997308290614
44.0,284.0,143.7252960205078,-1.0316915450335058,2.68219165162183,-4.92057050343503,-4.9769631710495625,-2.497683200381251,1.3407753971381542,-0.5388225139912608,4.777610599850714,-0.7904688853519124,1.0140006401332062
44.0,284.0,143.72531127929688,-1.0316905887804857,2.6821914262373925,-4.920569686811891,-4.976963407648607,-2.4976829246545416,1.3407754089863202,-0.5388230780582548,4.77761082317477,-0.7904688766671972,1.0140002431266542
44.0,284.0,143.7252960205078,-1.0316915670577105,2.682191183664216,-4.920569513796538,-4.976963304815523,-2.49768418038914,1.340775170119862,-0.5388224625018463,4.777611088865669,-0.7904689872679853,1.0140009140485056
44.0,284.0,143.7252960205078,-1.0316916335445607,2.6821914147274404,-4.9205697089886105,-4.976963286888132,-2.4976840947398324,1.340775355428292,-0.5388224433754214,4.7776112974715375,-0.7904690410379906,1.0140008669222231
44.0,284.0,143.72531127929688,-1.031691950696862,2.6821911665685327,-4.920570092539818,-4.976963279070834,-2.4976844886323315,1.340775351022902,-0.5388220576035341,4.777611345702846,-0.7904692782309173,1.0140012921094197
44.0,284.0,143.7252960205078,-1.031691533256533,2.6821915735977653,-4.920570194634275,-4.976962585769958,-2.497683898647214,1.3407755204178071,-0.5388225938882325,4.77761095494902,-0.7904692729939997,1.014000701464454
44.0,284.0,143.7252960205078,-1.0316914519372968,2.6821907593958363,-4.920570545394368,-4.976962851994406,-2.497683681874434,1.3407755958861864,-0.5388223647925274,4.7776107771207865,-0.7904692787546663,1.014000228416661
44.0,284.0,143.7252960205078,-1.0316912208771694,2.6821912725243653,-4.920569472298422,-4.976963116375362,-2.497683939674017,1.3407752768208496,-0.5388224426567074,4.777610756873939,-0.7904691557594061,1.01400084423957
44.0,284.0,143.72531127929688,-1.031690955515019,2.682191785535494,-4.920569830817617,-4.976963331651461,-2.497682655041912,1.3407752636030352,-0.538822922313348,4.777610541251162,-0.790468667136536,1.014000370879085
44.0,284.0,143.7252960205078,-1.031691226010336,2.6821915553158355,-4.920570030402106,-4.976962576804143,-2.4976826745853846,1.3407756512649938,-0.5388231360084248,4.777610600817429,-0.7904690671590417,1.013999847458508
44.0,284.0,143.72531127929688,-1.0316902433023434,2.682191666928798,-4.9205702201043255,-4.976962475888958,-2.49768217537404,1.3407757495611872,-0.538823706034198,4.7776101791529975,-0.79046896868992,1.0139992486796157
44.0,284.0,143.7252960205078,-1.0316906891958766,2.68219147469002,-4.920570117085319,-4.976962594967271,-2.4976829383841235,1.340775735259184,-0.5388233299191727,4.777610579470785,-0.7904691717593266,1.0139997333792303
44.0,284.0,143.7252960205078,-1.0316914821699452,2.6821912431408803,-4.920570336214334,-4.976962590050475,-2.497683568565169,1.3407756904572068,-0.5388227312083282,4.777611181905092,-0.7904694162573502,1.014000221533986
44.0,284.0,143.7252960205078,-1.0316909584643517,2.6821906627834045,-4.920569915711287,-4.976963512247674,-2.4976841394379807,1.3407751984005092,-0.5388227733465811,4.77761142874577,-0.7904692141989509,1.0140006545193128
44.0,284.0,143.7252960205078,-1.03169142958301,2.682191004271796,-4.9205693052219885,-4.97696367669675,-2.497683712144597,1.340775090535276,-0.538822364046859,4.777611133035688,-0.7904689702999548,1.0140008077320155
44.0,284.0,143.7252960205078,-1.031691640254004,2.682191926704678,-4.920569683853785,-4.976962554918854,-2.497683529435672,1.340775107031,-0.5388228103490285,4.7776111078985615,-0.79046908821865,1.0140006886128443
44.0,284.0,143.7252960205078,-1.0316914609897063,2.6821914412357337,-4.920570058932393,-4.976963040886922,-2.497684185494716,1.340775437172125,-0.5388225216045992,4.777611499101802,-0.7904692325574896,1.0140009469377702
44.0,284.0,143.7252960205078,-1.0316904702153646,2.6821914287294204,-4.920570201980144,-4.976962380626331,-2.497682708512403,1.3407757321403038,-0.5388234579011186,4.777610642297649,-0.7904692141708578,1.0139996952466293
44.0,284.0,143.7252960205078,-1.031690719090927,2.682191742245691,-4.920569878556556,-4.976962308201744,-2.497683085736269,1.3407755705211528,-0.5388233714040851,4.777610722883187,-0.790469167138018,1.0139999617801996
44.0,284.0,143.7252960205078,-1.031690814863095,2.6821908114683595,-4.920570346464027,-4.976963163620345,-2.4976835807269246,1.3407754209787033,-0.5388228462737388,4.777610686929606,-0.7904691790137637,1.0140001421211575
44.0,284.0,143.7252960205078,-1.0316914259846852,2.6821912852086207,-4.920570054996845,-4.976963457633112,-2.4976832608686217,1.3407754557399247,-0.5388225472923303,4.777610896462958,-0.7904690113327248,1.0140005069763325
44.0,284.0,143.7252960205078,-1.0316921648133115,2.6821918506268725,-4.920570108292457,-4.976962170891197,-2.4976842568485584,1.3407754078724654,-0.5388223777468681,4.777611180369714,-0.7904694682703086,1.014000922589422
44.0,284.0,143.7252960205078,-1.0316909269313372,2.682190705518658,-4.920569934073503,-4.976963070824039,-2.49768331415816,1.340775375522389,-0.5388230232604005,4.777610697293802,-0.7904691076651469,1.0139999664020136
44.0,285.0,143.7252960205078,-1.0316918090539682,2.6821914815386494,-4.9205705090448,-4.976962509205115,-2.497683790784471,1.3407756352993152,-0.5388225120524259,4.777610682436267,-0.7904694080418464,1.014000466299409
44.0,285.0,143.7252960205078,-1.0316911816315928,2.682191404397142,-4.920570535207701,-4.976962232063634,-2.4976837105080394,1.3407758299195036,-0.5388229462586791,4.777610913717062,-0.7904695594838476,1.014000067359876
44.0,285.0,143.7252960205078,-1.031691589310712,2.682191006059858,-4.920570563884254,-4.976963120567333,-2.4976839976648386,1.3407752498662209,-0.538822438229225,4.777611087380457,-0.7904692872412404,1.0140006173100948
44.0,285.0,143.7252960205078,-1.0316910273098472,2.682191315846972,-4.920570258832953,-4.976963048971231,-2.497683308116905,1.340775494695868,-0.5388228991519064,4.777610571442629,-0.7904691611097983,1.0140001812874209
44.0,285.0,143.7252960205078,-1.0316907937775293,2.6821910352958422,-4.920569667629749,-4.97696276399591,-2.497683331028912,1.340775541000447,-0.5388228618183541,4.777610826322846,-0.7904691062308391,1.0140001636132905
44.0,285.0,143.72531127929688,-1.031690876640571,2.6821914250772263,-4.920570363131797,-4.976962549534892,-2.497682472861371,1.3407757324626903,-0.5388232167309344,4.777610474459863,-0.790469077674973,1.0139996766624568
44.0,285.0,143.7252960205078,-1.0316910185761174,2.68219145306555,-4.9205693962074735,-4.976963030191468,-2.4976836650636387,1.34077543807913,-0.5388228455741242,4.777610723959043,-0.7904690200694056,1.014000478552698
44.0,285.0,143.7252960205078,-1.0316913199496716,2.682191074095289,-4.920569651073673,-4.976963461728665,-2.497684150044396,1.3407753298365677,-0.5388223647352444,4.777611147302528,-0.7904689793288693,1.0140007931280737
44.0,285.0,143.7252960205078,-1.0316912214315122,2.6821916667429164,-4.920570253911556,-4.976962616647692,-2.497683330141118,1.340775293081416,-0.5388229558420115,4.777610591916183,-0.7904691107102533,1.0140003019094497
44.0,285.0,143.7252960205078,-1.0316911299462097,2.682191911492681,-4.920570302987579,-4.976962504857432,-2.4976828871756345,1.3407758175458024,-0.5388229877046395,4.777610572047209,-0.7904691344252486,1.014000048020539
44.0,285.0,143.72531127929688,-1.031690893069995,2.6821916333968074,-4.920569987847747,-4.976962202895207,-2.497682924725132,1.3407756812575178,-0.5388231966066002,4.77761045841687,-0.7904691850227499,1.0139997835329462
44.0,285.0,143.7252960205078,-1.0316909600946618,2.6821911745055607,-4.92057007161271,-4.976963390741074,-2.497683848780707,1.340775495184353,-0.5388228358208487,4.777610977158654,-0.7904691141104534,1.0140004907674882
44.0,285.0,143.7252960205078,-1.0316913568368808,2.682191058468886,-4.920569843116541,-4.976963301634426,-2.497683452542958,1.3407749057407037,-0.5388225174687564,4.777610906563602,-0.7904690850623517,1.0140006567438684
44.0,285.0,143.7252960205078,-1.0316910835839672,2.6821909679482028,-4.920570245644662,-4.976963122569736,-2.497683615151608,1.3407754467525548,-0.5388227615898753,4.777611174815871,-0.7904693235018039,1.014000261381403
44.0,285.0,143.7252960205078,-1.0316915660569723,2.682191045510532,-4.920569528481698,-4.976963660172476,-2.497684375368128,1.3407750971729318,-0.5388224317126342,4.777611131784262,-0.7904690069881042,1.0140008647517629
44.0,285.0,143.7252960205078,-1.0316911678293472,2.6821914534058813,-4.920570337357752,-4.976962425881206,-2.4976833107086254,1.3407757154680846,-0.53882289734966,4.777610628042865,-0.7904692758562435,1.0140000990068732
44.0,285.0,143.7252960205078,-1.031691227298504,2.6821920089536624,-4.9205703318186655,-4.976961818510871,-2.497683543251028,1.3407756197008585,-0.5388233926674424,4.777610721466489,-0.7904694235952467,1.014000042669288
44.0,285.0,143.7252960205078,-1.0316912220927543,2.6821914896662005,-4.920569976759285,-4.976962606485906,-2.497683985913448,1.3407754240837022,-0.5388228822651282,4.777611357721073,-0.7904693693155203,1.0140005658113491
44.0,285.0,143.72531127929688,-1.0316904975923222,2.6821910866831464,-4.920569599812396,-4.976963292795928,-2.4976830133718444,1.3407752714882912,-0.5388231372983521,4.777610816681618,-0.7904690032055655,1.0140000571835328
44.0,285.0,143.7252960205078,-1.0316904898698391,2.6821906606098374,-4.920569178361495,-4.976964245093932,-2.497683519548102,1.340775095655462,-0.5388226481076881,4.77761099131723,-0.790468829445417,1.014000492534162
44.0,285.0,143.7252960205078,-1.031690834108272,2.6821910396301663,-4.920570172065436,-4.976963250512115,-2.4976831171178526,1.3407754632296616,-0.5388229307167283,4.777610573381949,-0.7904690873099547,1.0140000958482809
44.0,285.0,143.7252960205078,-1.031691381384621,2.6821913393464385,-4.920569381408203,-4.976963270381432,-2.497683924294289,1.3407751802109082,-0.5388226210274478,4.777611215712534,-0.7904690158949546,1.0140008118083053
44.0,285.0,143.72531127929688,-1.0316907089286218,2.682191910545134,-4.920570163677582,-4.976962444794597,-2.497682739746727,1.340775764634312,-0.538823438075994,4.777610409643369,-0.7904691678640798,1.0139998394568517
44.0,285.0,143.7252960205078,-1.031691373056121,2.6821907311542725,-4.920570390446678,-4.9769633434599205,-2.4976838607679666,1.340775530691225,-0.5388225303703713,4.777610908075538,-0.7904692795272501,1.0140004068489166
44.0,285.0,143.7252960205078,-1.0316915089210754,2.682191585554184,-4.920569474937659,-4.976963446339423,-2.497683570522576,1.3407750233679758,-0.5388225928905932,4.7776110115991415,-0.7904688949066454,1.0140007648980711
44.0,285.0,143.72531127929688,-1.0316913525438007,2.6821915765204825,-4.920569776408965,-4.9769629778186815,-2.4976832502871185,1.340775483196558,-0.5388227467587869,4.777610486398082,-0.7904689534097766,1.0140004124691728
44.0,285.0,143.7252960205078,-1.031690381292642,2.682191519048299,-4.920570179411394,-4.976962916240299,-2.497682543610684,1.340775564556366,-0.5388234728270209,4.777610480240645,-0.790469046606729,1.0139997308290614
44.0,285.0,143.7252960205078,-1.0316915450335058,2.68219165162183,-4.92057050343503,-4.9769631710495625,-2.497683200381251,1.3407753971381542,-0.5388225139912608,4.777610599850714,-0.7904688853519124,1.0140006401332062
44.0,285.0,143.72531127929688,-1.0316905887804857,2.6821914262373925,-4.920569686811891,-4.976963407648607,-2.4976829246545416,1.3407754089863202,-0.5388230780582548,4.77761082317477,-0.7904688766671972,1.0140002431266542
44.0,285.0,143.7252960205078,-1.0316915670577105,2.682191183664216,-4.920569513796538,-4.976963304815523,-2.49768418038914,1.340775170119862,-0.5388224625018463,4.777611088865669,-0.7904689872679853,1.0140009140485056
44.0,285.0,143.7252960205078,-1.0316916335445607,2.6821914147274404,-4.9205697089886105,-4.976963286888132,-2.4976840947398324,1.340775355428292,-0.5388224433754214,4.7776112974715375,-0.7904690410379906,1.0140008669222231
44.0,285.0,143.72531127929688,-1.031691950696862,2.6821911665685327,-4.920570092539818,-4.976963279070834,-2.4976844886323315,1.340775351022902,-0.5388220576035341,4.777611345702846,-0.7904692782309173,1.0140012921094197
44.0,285.0,143.7252960205078,-1.031691533256533,2.6821915735977653,-4.920570194634275,-4.976962585769958,-2.497683898647214,1.3407755204178071,-0.5388225938882325,4.77761095494902,-0.7904692729939997,1.014000701464454
44.0,285.0,143.7252960205078,-1.0316914519372968,2.6821907593958363,-4.920570545394368,-4.976962851994406,-2.497683681874434,1.3407755958861864,-0.5388223647925274,4.7776107771207865,-0.7904692787546663,1.014000228416661
44.0,285.0,143.7252960205078,-1.0316912208771694,2.6821912725243653,-4.920569472298422,-4.976963116375362,-2.497683939674017,1.3407752768208496,-0.5388224426567074,4.777610756873939,-0.7904691557594061,1.01400084423957
44.0,285.0,143.72531127929688,-1.031690955515019,2.682191785535494,-4.920569830817617,-4.976963331651461,-2.497682655041912,1.3407752636030352,-0.538822922313348,4.777610541251162,-0.790468667136536,1.014000370879085
44.0,285.0,143.7252960205078,-1.031691226010336,2.6821915553158355,-4.920570030402106,-4.976962576804143,-2.4976826745853846,1.3407756512649938,-0.5388231360084248,4.777610600817429,-0.7904690671590417,1.013999847458508
44.0,285.0,143.72531127929688,-1.0316902433023434,2.682191666928798,-4.9205702201043255,-4.976962475888958,-2.49768217537404,1.3407757495611872,-0.538823706034198,4.7776101791529975,-0.79046896868992,1.0139992486796157
44.0,285.0,143.7252960205078,-1.0316906891958766,2.68219147469002,-4.920570117085319,-4.976962594967271,-2.4976829383841235,1.340775735259184,-0.5388233299191727,4.777610579470785,-0.7904691717593266,1.0139997333792303
44.0,285.0,143.7252960205078,-1.0316914821699452,2.6821912431408803,-4.920570336214334,-4.976962590050475,-2.497683568565169,1.3407756904572068,-0.5388227312083282,4.777611181905092,-0.7904694162573502,1.014000221533986
44.0,285.0,143.7252960205078,-1.0316909584643517,2.6821906627834045,-4.920569915711287,-4.976963512247674,-2.4976841394379807,1.3407751984005092,-0.5388227733465811,4.77761142874577,-0.7904692141989509,1.0140006545193128
44.0,285.0,143.7252960205078,-1.03169142958301,2.682191004271796,-4.9205693052219885,-4.97696367669675,-2.497683712144597,1.340775090535276,-0.538822364046859,4.777611133035688,-0.7904689702999548,1.0140008077320155
44.0,285.0,143.7252960205078,-1.031691640254004,2.682191926704678,-4.920569683853785,-4.976962554918854,-2.497683529435672,1.340775107031,-0.5388228103490285,4.7776111078985615,-0.79046908821865,1.0140006886128443
44.0,285.0,143.7252960205078,-1.0316914609897063,2.6821914412357337,-4.920570058932393,-4.976963040886922,-2.497684185494716,1.340775437172125,-0.5388225216045992,4.777611499101802,-0.7904692325574896,1.0140009469377702
44.0,285.0,143.7252960205078,-1.0316904702153646,2.6821914287294204,-4.920570201980144,-4.976962380626331,-2.497682708512403,1.3407757321403038,-0.5388234579011186,4.777610642297649,-0.7904692141708578,1.0139996952466293
44.0,285.0,143.7252960205078,-1.031690719090927,2.682191742245691,-4.920569878556556,-4.976962308201744,-2.497683085736269,1.3407755705211528,-0.5388233714040851,4.777610722883187,-0.790469167138018,1.0139999617801996
44.0,285.0,143.7252960205078,-1.031690814863095,2.6821908114683595,-4.920570346464027,-4.976963163620345,-2.4976835807269246,1.3407754209787033,-0.5388228462737388,4.777610686929606,-0.7904691790137637,1.0140001421211575
44.0,285.0,143.7252960205078,-1.0316914259846852,2.6821912852086207,-4.920570054996845,-4.976963457633112,-2.4976832608686217,1.3407754557399247,-0.5388225472923303,4.777610896462958,-0.7904690113327248,1.0140005069763325
44.0,285.0,143.7252960205078,-1.0316921648133115,2.6821918506268725,-4.920570108292457,-4.976962170891197,-2.4976842568485584,1.3407754078724654,-0.5388223777468681,4.777611180369714,-0.7904694682703086,1.014000922589422
44.0,285.0,143.7252960205078,-1.0316909269313372,2.682190705518658,-4.920569934073503,-4.976963070824039,-2.49768331415816,1.340775375522389,-0.5388230232604005,4.777610697293802,-0.7904691076651469,1.0139999664020136
44.0,286.0,143.7252960205078,-1.0316918090539682,2.6821914815386494,-4.9205705090448,-4.976962509205115,-2.497683790784471,1.3407756352993152,-0.5388225120524259,4.777610682436267,-0.7904694080418464,1.014000466299409
44.0,286.0,143.7252960205078,-1.0316911816315928,2.682191404397142,-4.920570535207701,-4.976962232063634,-2.4976837105080394,1.3407758299195036,-0.5388229462586791,4.777610913717062,-0.7904695594838476,1.014000067359876
44.0,286.0,143.7252960205078,-1.031691589310712,2.682191006059858,-4.920570563884254,-4.976963120567333,-2.4976839976648386,1.3407752498662209,-0.538822438229225,4.777611087380457,-0.7904692872412404,1.0140006173100948
44.0,286.0,143.7252960205078,-1.0316910273098472,2.682191315846972,-4.920570258832953,-4.976963048971231,-2.497683308116905,1.340775494695868,-0.5388228991519064,4.777610571442629,-0.7904691611097983,1.0140001812874209
44.0,286.0,143.7252960205078,-1.0316907937775293,2.6821910352958422,-4.920569667629749,-4.97696276399591,-2.497683331028912,1.340775541000447,-0.5388228618183541,4.777610826322846,-0.7904691062308391,1.0140001636132905
44.0,286.0,143.72531127929688,-1.031690876640571,2.6821914250772263,-4.920570363131797,-4.976962549534892,-2.497682472861371,1.3407757324626903,-0.5388232167309344,4.777610474459863,-0.790469077674973,1.0139996766624568
44.0,286.0,143.7252960205078,-1.0316910185761174,2.68219145306555,-4.9205693962074735,-4.976963030191468,-2.4976836650636387,1.34077543807913,-0.5388228455741242,4.777610723959043,-0.7904690200694056,1.014000478552698
44.0,286.0,143.7252960205078,-1.0316913199496716,2.682191074095289,-4.920569651073673,-4.976963461728665,-2.497684150044396,1.3407753298365677,-0.5388223647352444,4.777611147302528,-0.7904689793288693,1.0140007931280737
44.0,286.0,143.7252960205078,-1.0316912214315122,2.6821916667429164,-4.920570253911556,-4.976962616647692,-2.497683330141118,1.340775293081416,-0.5388229558420115,4.777610591916183,-0.7904691107102533,1.0140003019094497
44.0,286.0,143.7252960205078,-1.0316911299462097,2.682191911492681,-4.920570302987579,-4.976962504857432,-2.4976828871756345,1.3407758175458024,-0.5388229877046395,4.777610572047209,-0.7904691344252486,1.014000048020539
44.0,286.0,143.72531127929688,-1.031690893069995,2.6821916333968074,-4.920569987847747,-4.976962202895207,-2.497682924725132,1.3407756812575178,-0.5388231966066002,4.77761045841687,-0.7904691850227499,1.0139997835329462
44.0,286.0,143.7252960205078,-1.0316909600946618,2.6821911745055607,-4.92057007161271,-4.976963390741074,-2.497683848780707,1.340775495184353,-0.5388228358208487,4.777610977158654,-0.7904691141104534,1.0140004907674882
44.0,286.0,143.7252960205078,-1.0316913568368808,2.682191058468886,-4.920569843116541,-4.976963301634426,-2.497683452542958,1.3407749057407037,-0.5388225174687564,4.777610906563602,-0.7904690850623517,1.0140006567438684
44.0,286.0,143.7252960205078,-1.0316910835839672,2.6821909679482028,-4.920570245644662,-4.976963122569736,-2.497683615151608,1.3407754467525548,-0.5388227615898753,4.777611174815871,-0.7904693235018039,1.014000261381403
44.0,286.0,143.7252960205078,-1.0316915660569723,2.682191045510532,-4.920569528481698,-4.976963660172476,-2.497684375368128,1.3407750971729318,-0.5388224317126342,4.777611131784262,-0.7904690069881042,1.0140008647517629
44.0,286.0,143.7252960205078,-1.0316911678293472,2.6821914534058813,-4.920570337357752,-4.976962425881206,-2.4976833107086254,1.3407757154680846,-0.53882289734966,4.777610628042865,-0.7904692758562435,1.0140000990068732
44.0,286.0,143.7252960205078,-1.031691227298504,2.6821920089536624,-4.9205703318186655,-4.976961818510871,-2.497683543251028,1.3407756197008585,-0.5388233926674424,4.777610721466489,-0.7904694235952467,1.014000042669288
44.0,286.0,143.7252960205078,-1.0316912220927543,2.6821914896662005,-4.920569976759285,-4.976962606485906,-2.497683985913448,1.3407754240837022,-0.5388228822651282,4.777611357721073,-0.7904693693155203,1.0140005658113491
44.0,286.0,143.72531127929688,-1.0316904975923222,2.6821910866831464,-4.920569599812396,-4.976963292795928,-2.4976830133718444,1.3407752714882912,-0.5388231372983521,4.777610816681618,-0.7904690032055655,1.0140000571835328
44.0,286.0,143.7252960205078,-1.0316904898698391,2.6821906606098374,-4.920569178361495,-4.976964245093932,-2.497683519548102,1.340775095655462,-0.5388226481076881,4.77761099131723,-0.790468829445417,1.014000492534162
44.0,286.0,143.7252960205078,-1.031690834108272,2.6821910396301663,-4.920570172065436,-4.976963250512115,-2.4976831171178526,1.3407754632296616,-0.5388229307167283,4.777610573381949,-0.7904690873099547,1.0140000958482809
44.0,286.0,143.7252960205078,-1.031691381384621,2.6821913393464385,-4.920569381408203,-4.976963270381432,-2.497683924294289,1.3407751802109082,-0.5388226210274478,4.777611215712534,-0.7904690158949546,1.0140008118083053
44.0,286.0,143.72531127929688,-1.0316907089286218,2.682191910545134,-4.920570163677582,-4.976962444794597,-2.497682739746727,1.340775764634312,-0.538823438075994,4.777610409643369,-0.7904691678640798,1.0139998394568517
44.0,286.0,143.7252960205078,-1.031691373056121,2.6821907311542725,-4.920570390446678,-4.9769633434599205,-2.4976838607679666,1.340775530691225,-0.5388225303703713,4.777610908075538,-0.7904692795272501,1.0140004068489166
44.0,286.0,143.7252960205078,-1.0316915089210754,2.682191585554184,-4.920569474937659,-4.976963446339423,-2.497683570522576,1.3407750233679758,-0.5388225928905932,4.7776110115991415,-0.7904688949066454,1.0140007648980711
44.0,286.0,143.72531127929688,-1.0316913525438007,2.6821915765204825,-4.920569776408965,-4.9769629778186815,-2.4976832502871185,1.340775483196558,-0.5388227467587869,4.777610486398082,-0.7904689534097766,1.0140004124691728
44.0,286.0,143.7252960205078,-1.031690381292642,2.682191519048299,-4.920570179411394,-4.976962916240299,-2.497682543610684,1.340775564556366,-0.5388234728270209,4.777610480240645,-0.790469046606729,1.0139997308290614
44.0,286.0,143.7252960205078,-1.0316915450335058,2.68219165162183,-4.92057050343503,-4.9769631710495625,-2.497683200381251,1.3407753971381542,-0.5388225139912608,4.777610599850714,-0.7904688853519124,1.0140006401332062
44.0,286.0,143.72531127929688,-1.0316905887804857,2.6821914262373925,-4.920569686811891,-4.976963407648607,-2.4976829246545416,1.3407754089863202,-0.5388230780582548,4.77761082317477,-0.7904688766671972,1.0140002431266542
44.0,286.0,143.7252960205078,-1.0316915670577105,2.682191183664216,-4.920569513796538,-4.976963304815523,-2.49768418038914,1.340775170119862,-0.5388224625018463,4.777611088865669,-0.7904689872679853,1.0140009140485056
44.0,286.0,143.7252960205078,-1.0316916335445607,2.6821914147274404,-4.9205697089886105,-4.976963286888132,-2.4976840947398324,1.340775355428292,-0.5388224433754214,4.7776112974715375,-0.7904690410379906,1.0140008669222231
44.0,286.0,143.72531127929688,-1.031691950696862,2.6821911665685327,-4.920570092539818,-4.976963279070834,-2.4976844886323315,1.340775351022902,-0.5388220576035341,4.777611345702846,-0.7904692782309173,1.0140012921094197
44.0,286.0,143.7252960205078,-1.031691533256533,2.6821915735977653,-4.920570194634275,-4.976962585769958,-2.497683898647214,1.3407755204178071,-0.5388225938882325,4.77761095494902,-0.7904692729939997,1.014000701464454
44.0,286.0,143.7252960205078,-1.0316914519372968,2.6821907593958363,-4.920570545394368,-4.976962851994406,-2.497683681874434,1.3407755958861864,-0.5388223647925274,4.7776107771207865,-0.7904692787546663,1.014000228416661
44.0,286.0,143.7252960205078,-1.0316912208771694,2.6821912725243653,-4.920569472298422,-4.976963116375362,-2.497683939674017,1.3407752768208496,-0.5388224426567074,4.777610756873939,-0.7904691557594061,1.01400084423957
44.0,286.0,143.72531127929688,-1.031690955515019,2.682191785535494,-4.920569830817617,-4.976963331651461,-2.497682655041912,1.3407752636030352,-0.538822922313348,4.777610541251162,-0.790468667136536,1.014000370879085
44.0,286.0,143.7252960205078,-1.031691226010336,2.6821915553158355,-4.920570030402106,-4.976962576804143,-2.4976826745853846,1.3407756512649938,-0.5388231360084248,4.777610600817429,-0.7904690671590417,1.013999847458508
44.0,286.0,143.72531127929688,-1.0316902433023434,2.682191666928798,-4.9205702201043255,-4.976962475888958,-2.49768217537404,1.3407757495611872,-0.538823706034198,4.7776101791529975,-0.79046896868992,1.0139992486796157
44.0,286.0,143.7252960205078,-1.0316906891958766,2.68219147469002,-4.920570117085319,-4.976962594967271,-2.4976829383841235,1.340775735259184,-0.5388233299191727,4.777610579470785,-0.7904691717593266,1.0139997333792303
44.0,286.0,143.7252960205078,-1.0316914821699452,2.6821912431408803,-4.920570336214334,-4.976962590050475,-2.497683568565169,1.3407756904572068,-0.5388227312083282,4.777611181905092,-0.7904694162573502,1.014000221533986
44.0,286.0,143.7252960205078,-1.0316909584643517,2.6821906627834045,-4.920569915711287,-4.976963512247674,-2.4976841394379807,1.3407751984005092,-0.5388227733465811,4.77761142874577,-0.7904692141989509,1.0140006545193128
44.0,286.0,143.7252960205078,-1.03169142958301,2.682191004271796,-4.9205693052219885,-4.97696367669675,-2.497683712144597,1.340775090535276,-0.538822364046859,4.777611133035688,-0.7904689702999548,1.0140008077320155
44.0,286.0,143.7252960205078,-1.031691640254004,2.682191926704678,-4.920569683853785,-4.976962554918854,-2.497683529435672,1.340775107031,-0.5388228103490285,4.7776111078985615,-0.79046908821865,1.0140006886128443
44.0,286.0,143.7252960205078,-1.0316914609897063,2.6821914412357337,-4.920570058932393,-4.976963040886922,-2.497684185494716,1.340775437172125,-0.5388225216045992,4.777611499101802,-0.7904692325574896,1.0140009469377702
44.0,286.0,143.7252960205078,-1.0316904702153646,2.6821914287294204,-4.920570201980144,-4.976962380626331,-2.497682708512403,1.3407757321403038,-0.5388234579011186,4.777610642297649,-0.7904692141708578,1.0139996952466293
44.0,286.0,143.7252960205078,-1.031690719090927,2.682191742245691,-4.920569878556556,-4.976962308201744,-2.497683085736269,1.3407755705211528,-0.5388233714040851,4.777610722883187,-0.790469167138018,1.0139999617801996
44.0,286.0,143.7252960205078,-1.031690814863095,2.6821908114683595,-4.920570346464027,-4.976963163620345,-2.4976835807269246,1.3407754209787033,-0.5388228462737388,4.777610686929606,-0.7904691790137637,1.0140001421211575
44.0,286.0,143.7252960205078,-1.0316914259846852,2.6821912852086207,-4.920570054996845,-4.976963457633112,-2.4976832608686217,1.3407754557399247,-0.5388225472923303,4.777610896462958,-0.7904690113327248,1.0140005069763325
44.0,286.0,143.7252960205078,-1.0316921648133115,2.6821918506268725,-4.920570108292457,-4.976962170891197,-2.4976842568485584,1.3407754078724654,-0.5388223777468681,4.777611180369714,-0.7904694682703086,1.014000922589422
44.0,286.0,143.7252960205078,-1.0316909269313372,2.682190705518658,-4.920569934073503,-4.976963070824039,-2.49768331415816,1.340775375522389,-0.5388230232604005,4.777610697293802,-0.7904691076651469,1.0139999664020136
44.0,287.0,143.7252960205078,-1.0316918090539682,2.6821914815386494,-4.9205705090448,-4.976962509205115,-2.497683790784471,1.3407756352993152,-0.5388225120524259,4.777610682436267,-0.7904694080418464,1.014000466299409
44.0,287.0,143.7252960205078,-1.0316911816315928,2.682191404397142,-4.920570535207701,-4.976962232063634,-2.4976837105080394,1.3407758299195036,-0.5388229462586791,4.777610913717062,-0.7904695594838476,1.014000067359876
44.0,287.0,143.7252960205078,-1.031691589310712,2.682191006059858,-4.920570563884254,-4.976963120567333,-2.4976839976648386,1.3407752498662209,-0.538822438229225,4.777611087380457,-0.7904692872412404,1.0140006173100948
44.0,287.0,143.7252960205078,-1.0316910273098472,2.682191315846972,-4.920570258832953,-4.976963048971231,-2.497683308116905,1.340775494695868,-0.5388228991519064,4.777610571442629,-0.7904691611097983,1.0140001812874209
44.0,287.0,143.7252960205078,-1.0316907937775293,2.6821910352958422,-4.920569667629749,-4.97696276399591,-2.497683331028912,1.340775541000447,-0.5388228618183541,4.777610826322846,-0.7904691062308391,1.0140001636132905
44.0,287.0,143.72531127929688,-1.031690876640571,2.6821914250772263,-4.920570363131797,-4.976962549534892,-2.497682472861371,1.3407757324626903,-0.5388232167309344,4.777610474459863,-0.790469077674973,1.0139996766624568
44.0,287.0,143.7252960205078,-1.0316910185761174,2.68219145306555,-4.9205693962074735,-4.976963030191468,-2.4976836650636387,1.34077543807913,-0.5388228455741242,4.777610723959043,-0.7904690200694056,1.014000478552698
44.0,287.0,143.7252960205078,-1.0316913199496716,2.682191074095289,-4.920569651073673,-4.976963461728665,-2.497684150044396,1.3407753298365677,-0.5388223647352444,4.777611147302528,-0.7904689793288693,1.0140007931280737
44.0,287.0,143.7252960205078,-1.0316912214315122,2.6821916667429164,-4.920570253911556,-4.976962616647692,-2.497683330141118,1.340775293081416,-0.5388229558420115,4.777610591916183,-0.7904691107102533,1.0140003019094497
44.0,287.0,143.7252960205078,-1.0316911299462097,2.682191911492681,-4.920570302987579,-4.976962504857432,-2.4976828871756345,1.3407758175458024,-0.5388229877046395,4.777610572047209,-0.7904691344252486,1.014000048020539
44.0,287.0,143.72531127929688,-1.031690893069995,2.6821916333968074,-4.920569987847747,-4.976962202895207,-2.497682924725132,1.3407756812575178,-0.5388231966066002,4.77761045841687,-0.7904691850227499,1.0139997835329462
44.0,287.0,143.7252960205078,-1.0316909600946618,2.6821911745055607,-4.92057007161271,-4.976963390741074,-2.497683848780707,1.340775495184353,-0.5388228358208487,4.777610977158654,-0.7904691141104534,1.0140004907674882
44.0,287.0,143.7252960205078,-1.0316913568368808,2.682191058468886,-4.920569843116541,-4.976963301634426,-2.497683452542958,1.3407749057407037,-0.5388225174687564,4.777610906563602,-0.7904690850623517,1.0140006567438684
44.0,287.0,143.7252960205078,-1.0316910835839672,2.6821909679482028,-4.920570245644662,-4.976963122569736,-2.497683615151608,1.3407754467525548,-0.5388227615898753,4.777611174815871,-0.7904693235018039,1.014000261381403
44.0,287.0,143.7252960205078,-1.0316915660569723,2.682191045510532,-4.920569528481698,-4.976963660172476,-2.497684375368128,1.3407750971729318,-0.5388224317126342,4.777611131784262,-0.7904690069881042,1.0140008647517629
44.0,287.0,143.7252960205078,-1.0316911678293472,2.6821914534058813,-4.920570337357752,-4.976962425881206,-2.4976833107086254,1.3407757154680846,-0.53882289734966,4.777610628042865,-0.7904692758562435,1.0140000990068732
44.0,287.0,143.7252960205078,-1.031691227298504,2.6821920089536624,-4.9205703318186655,-4.976961818510871,-2.497683543251028,1.3407756197008585,-0.5388233926674424,4.777610721466489,-0.7904694235952467,1.014000042669288
44.0,287.0,143.7252960205078,-1.0316912220927543,2.6821914896662005,-4.920569976759285,-4.976962606485906,-2.497683985913448,1.3407754240837022,-0.5388228822651282,4.777611357721073,-0.7904693693155203,1.0140005658113491
44.0,287.0,143.72531127929688,-1.0316904975923222,2.6821910866831464,-4.920569599812396,-4.976963292795928,-2.4976830133718444,1.3407752714882912,-0.5388231372983521,4.777610816681618,-0.7904690032055655,1.0140000571835328
44.0,287.0,143.7252960205078,-1.0316904898698391,2.6821906606098374,-4.920569178361495,-4.976964245093932,-2.497683519548102,1.340775095655462,-0.5388226481076881,4.77761099131723,-0.790468829445417,1.014000492534162
44.0,287.0,143.7252960205078,-1.031690834108272,2.6821910396301663,-4.920570172065436,-4.976963250512115,-2.4976831171178526,1.3407754632296616,-0.5388229307167283,4.777610573381949,-0.7904690873099547,1.0140000958482809
44.0,287.0,143.7252960205078,-1.031691381384621,2.6821913393464385,-4.920569381408203,-4.976963270381432,-2.497683924294289,1.3407751802109082,-0.5388226210274478,4.777611215712534,-0.7904690158949546,1.0140008118083053
44.0,287.0,143.72531127929688,-1.0316907089286218,2.682191910545134,-4.920570163677582,-4.976962444794597,-2.497682739746727,1.340775764634312,-0.538823438075994,4.777610409643369,-0.7904691678640798,1.0139998394568517
44.0,287.0,143.7252960205078,-1.031691373056121,2.6821907311542725,-4.920570390446678,-4.9769633434599205,-2.4976838607679666,1.340775530691225,-0.5388225303703713,4.777610908075538,-0.7904692795272501,1.0140004068489166
44.0,287.0,143.7252960205078,-1.0316915089210754,2.682191585554184,-4.920569474937659,-4.976963446339423,-2.497683570522576,1.3407750233679758,-0.5388225928905932,4.7776110115991415,-0.7904688949066454,1.0140007648980711
44.0,287.0,143.72531127929688,-1.0316913525438007,2.6821915765204825,-4.920569776408965,-4.9769629778186815,-2.4976832502871185,1.340775483196558,-0.5388227467587869,4.777610486398082,-0.7904689534097766,1.0140004124691728
44.0,287.0,143.7252960205078,-1.031690381292642,2.682191519048299,-4.920570179411394,-4.976962916240299,-2.497682543610684,1.340775564556366,-0.5388234728270209,4.777610480240645,-0.790469046606729,1.0139997308290614
44.0,287.0,143.7252960205078,-1.0316915450335058,2.68219165162183,-4.92057050343503,-4.9769631710495625,-2.497683200381251,1.3407753971381542,-0.5388225139912608,4.777610599850714,-0.7904688853519124,1.0140006401332062
44.0,287.0,143.72531127929688,-1.0316905887804857,2.6821914262373925,-4.920569686811891,-4.976963407648607,-2.4976829246545416,1.3407754089863202,-0.5388230780582548,4.77761082317477,-0.7904688766671972,1.0140002431266542
44.0,287.0,143.7252960205078,-1.0316915670577105,2.682191183664216,-4.920569513796538,-4.976963304815523,-2.49768418038914,1.340775170119862,-0.5388224625018463,4.777611088865669,-0.7904689872679853,1.0140009140485056
44.0,287.0,143.7252960205078,-1.0316916335445607,2.6821914147274404,-4.9205697089886105,-4.976963286888132,-2.4976840947398324,1.340775355428292,-0.5388224433754214,4.7776112974715375,-0.7904690410379906,1.0140008669222231
44.0,287.0,143.72531127929688,-1.031691950696862,2.6821911665685327,-4.920570092539818,-4.976963279070834,-2.4976844886323315,1.340775351022902,-0.5388220576035341,4.777611345702846,-0.7904692782309173,1.0140012921094197
44.0,287.0,143.7252960205078,-1.031691533256533,2.6821915735977653,-4.920570194634275,-4.976962585769958,-2.497683898647214,1.3407755204178071,-0.5388225938882325,4.77761095494902,-0.7904692729939997,1.014000701464454
44.0,287.0,143.7252960205078,-1.0316914519372968,2.6821907593958363,-4.920570545394368,-4.976962851994406,-2.497683681874434,1.3407755958861864,-0.5388223647925274,4.7776107771207865,-0.7904692787546663,1.014000228416661
44.0,287.0,143.7252960205078,-1.0316912208771694,2.6821912725243653,-4.920569472298422,-4.976963116375362,-2.497683939674017,1.3407752768208496,-0.5388224426567074,4.777610756873939,-0.7904691557594061,1.01400084423957
44.0,287.0,143.72531127929688,-1.031690955515019,2.682191785535494,-4.920569830817617,-4.976963331651461,-2.497682655041912,1.3407752636030352,-0.538822922313348,4.777610541251162,-0.790468667136536,1.014000370879085
44.0,287.0,143.7252960205078,-1.031691226010336,2.6821915553158355,-4.920570030402106,-4.976962576804143,-2.4976826745853846,1.3407756512649938,-0.5388231360084248,4.777610600817429,-0.7904690671590417,1.013999847458508
44.0,287.0,143.72531127929688,-1.0316902433023434,2.682191666928798,-4.9205702201043255,-4.976962475888958,-2.49768217537404,1.3407757495611872,-0.538823706034198,4.7776101791529975,-0.79046896868992,1.0139992486796157
44.0,287.0,143.7252960205078,-1.0316906891958766,2.68219147469002,-4.920570117085319,-4.976962594967271,-2.4976829383841235,1.340775735259184,-0.5388233299191727,4.777610579470785,-0.7904691717593266,1.0139997333792303
44.0,287.0,143.7252960205078,-1.0316914821699452,2.6821912431408803,-4.920570336214334,-4.976962590050475,-2.497683568565169,1.3407756904572068,-0.5388227312083282,4.777611181905092,-0.7904694162573502,1.014000221533986
44.0,287.0,143.7252960205078,-1.0316909584643517,2.6821906627834045,-4.920569915711287,-4.976963512247674,-2.4976841394379807,1.3407751984005092,-0.5388227733465811,4.77761142874577,-0.7904692141989509,1.0140006545193128
44.0,287.0,143.7252960205078,-1.03169142958301,2.682191004271796,-4.9205693052219885,-4.97696367669675,-2.497683712144597,1.340775090535276,-0.538822364046859,4.777611133035688,-0.7904689702999548,1.0140008077320155
44.0,287.0,143.7252960205078,-1.031691640254004,2.682191926704678,-4.920569683853785,-4.976962554918854,-2.497683529435672,1.340775107031,-0.5388228103490285,4.7776111078985615,-0.79046908821865,1.0140006886128443
44.0,287.0,143.7252960205078,-1.0316914609897063,2.6821914412357337,-4.920570058932393,-4.976963040886922,-2.497684185494716,1.340775437172125,-0.5388225216045992,4.777611499101802,-0.7904692325574896,1.0140009469377702
44.0,287.0,143.7252960205078,-1.0316904702153646,2.6821914287294204,-4.920570201980144,-4.976962380626331,-2.497682708512403,1.3407757321403038,-0.5388234579011186,4.777610642297649,-0.7904692141708578,1.0139996952466293
44.0,287.0,143.7252960205078,-1.031690719090927,2.682191742245691,-4.920569878556556,-4.976962308201744,-2.497683085736269,1.3407755705211528,-0.5388233714040851,4.777610722883187,-0.790469167138018,1.0139999617801996
44.0,287.0,143.7252960205078,-1.031690814863095,2.6821908114683595,-4.920570346464027,-4.976963163620345,-2.4976835807269246,1.3407754209787033,-0.5388228462737388,4.777610686929606,-0.7904691790137637,1.0140001421211575
44.0,287.0,143.7252960205078,-1.0316914259846852,2.6821912852086207,-4.920570054996845,-4.976963457633112,-2.4976832608686217,1.3407754557399247,-0.5388225472923303,4.777610896462958,-0.7904690113327248,1.0140005069763325
44.0,287.0,143.7252960205078,-1.0316921648133115,2.6821918506268725,-4.920570108292457,-4.976962170891197,-2.4976842568485584,1.3407754078724654,-0.5388223777468681,4.777611180369714,-0.7904694682703086,1.014000922589422
44.0,287.0,143.7252960205078,-1.0316909269313372,2.682190705518658,-4.920569934073503,-4.976963070824039,-2.49768331415816,1.340775375522389,-0.5388230232604005,4.777610697293802,-0.7904691076651469,1.0139999664020136
44.0,288.0,143.7252960205078,-1.0316918090539682,2.6821914815386494,-4.9205705090448,-4.976962509205115,-2.497683790784471,1.3407756352993152,-0.5388225120524259,4.777610682436267,-0.7904694080418464,1.014000466299409
44.0,288.0,143.7252960205078,-1.0316911816315928,2.682191404397142,-4.920570535207701,-4.976962232063634,-2.4976837105080394,1.3407758299195036,-0.5388229462586791,4.777610913717062,-0.7904695594838476,1.014000067359876
44.0,288.0,143.7252960205078,-1.031691589310712,2.682191006059858,-4.920570563884254,-4.976963120567333,-2.4976839976648386,1.3407752498662209,-0.538822438229225,4.777611087380457,-0.7904692872412404,1.0140006173100948
44.0,288.0,143.7252960205078,-1.0316910273098472,2.682191315846972,-4.920570258832953,-4.976963048971231,-2.497683308116905,1.340775494695868,-0.5388228991519064,4.777610571442629,-0.7904691611097983,1.0140001812874209
44.0,288.0,143.7252960205078,-1.0316907937775293,2.6821910352958422,-4.920569667629749,-4.97696276399591,-2.497683331028912,1.340775541000447,-0.5388228618183541,4.777610826322846,-0.7904691062308391,1.0140001636132905
44.0,288.0,143.72531127929688,-1.031690876640571,2.6821914250772263,-4.920570363131797,-4.976962549534892,-2.497682472861371,1.3407757324626903,-0.5388232167309344,4.777610474459863,-0.790469077674973,1.0139996766624568
44.0,288.0,143.7252960205078,-1.0316910185761174,2.68219145306555,-4.9205693962074735,-4.976963030191468,-2.4976836650636387,1.34077543807913,-0.5388228455741242,4.777610723959043,-0.7904690200694056,1.014000478552698
44.0,288.0,143.7252960205078,-1.0316913199496716,2.682191074095289,-4.920569651073673,-4.976963461728665,-2.497684150044396,1.3407753298365677,-0.5388223647352444,4.777611147302528,-0.7904689793288693,1.0140007931280737
44.0,288.0,143.7252960205078,-1.0316912214315122,2.6821916667429164,-4.920570253911556,-4.976962616647692,-2.497683330141118,1.340775293081416,-0.5388229558420115,4.777610591916183,-0.7904691107102533,1.0140003019094497
44.0,288.0,143.7252960205078,-1.0316911299462097,2.682191911492681,-4.920570302987579,-4.976962504857432,-2.4976828871756345,1.3407758175458024,-0.5388229877046395,4.777610572047209,-0.7904691344252486,1.014000048020539
44.0,288.0,143.72531127929688,-1.031690893069995,2.6821916333968074,-4.920569987847747,-4.976962202895207,-2.497682924725132,1.3407756812575178,-0.5388231966066002,4.77761045841687,-0.7904691850227499,1.0139997835329462
44.0,288.0,143.7252960205078,-1.0316909600946618,2.6821911745055607,-4.92057007161271,-4.976963390741074,-2.497683848780707,1.340775495184353,-0.5388228358208487,4.777610977158654,-0.7904691141104534,1.0140004907674882
44.0,288.0,143.7252960205078,-1.0316913568368808,2.682191058468886,-4.920569843116541,-4.976963301634426,-2.497683452542958,1.3407749057407037,-0.5388225174687564,4.777610906563602,-0.7904690850623517,1.0140006567438684
44.0,288.0,143.7252960205078,-1.0316910835839672,2.6821909679482028,-4.920570245644662,-4.976963122569736,-2.497683615151608,1.3407754467525548,-0.5388227615898753,4.777611174815871,-0.7904693235018039,1.014000261381403
44.0,288.0,143.7252960205078,-1.0316915660569723,2.682191045510532,-4.920569528481698,-4.976963660172476,-2.497684375368128,1.3407750971729318,-0.5388224317126342,4.777611131784262,-0.7904690069881042,1.0140008647517629
44.0,288.0,143.7252960205078,-1.0316911678293472,2.6821914534058813,-4.920570337357752,-4.976962425881206,-2.4976833107086254,1.3407757154680846,-0.53882289734966,4.777610628042865,-0.7904692758562435,1.0140000990068732
44.0,288.0,143.7252960205078,-1.031691227298504,2.6821920089536624,-4.9205703318186655,-4.976961818510871,-2.497683543251028,1.3407756197008585,-0.5388233926674424,4.777610721466489,-0.7904694235952467,1.014000042669288
44.0,288.0,143.7252960205078,-1.0316912220927543,2.6821914896662005,-4.920569976759285,-4.976962606485906,-2.497683985913448,1.3407754240837022,-0.5388228822651282,4.777611357721073,-0.7904693693155203,1.0140005658113491
44.0,288.0,143.72531127929688,-1.0316904975923222,2.6821910866831464,-4.920569599812396,-4.976963292795928,-2.4976830133718444,1.3407752714882912,-0.5388231372983521,4.777610816681618,-0.7904690032055655,1.0140000571835328
44.0,288.0,143.7252960205078,-1.0316904898698391,2.6821906606098374,-4.920569178361495,-4.976964245093932,-2.497683519548102,1.340775095655462,-0.5388226481076881,4.77761099131723,-0.790468829445417,1.014000492534162
44.0,288.0,143.7252960205078,-1.031690834108272,2.6821910396301663,-4.920570172065436,-4.976963250512115,-2.4976831171178526,1.3407754632296616,-0.5388229307167283,4.777610573381949,-0.7904690873099547,1.0140000958482809
44.0,288.0,143.7252960205078,-1.031691381384621,2.6821913393464385,-4.920569381408203,-4.976963270381432,-2.497683924294289,1.3407751802109082,-0.5388226210274478,4.777611215712534,-0.7904690158949546,1.0140008118083053
44.0,288.0,143.72531127929688,-1.0316907089286218,2.682191910545134,-4.920570163677582,-4.976962444794597,-2.497682739746727,1.340775764634312,-0.538823438075994,4.777610409643369,-0.7904691678640798,1.0139998394568517
44.0,288.0,143.7252960205078,-1.031691373056121,2.6821907311542725,-4.920570390446678,-4.9769633434599205,-2.4976838607679666,1.340775530691225,-0.5388225303703713,4.777610908075538,-0.7904692795272501,1.0140004068489166
44.0,288.0,143.7252960205078,-1.0316915089210754,2.682191585554184,-4.920569474937659,-4.976963446339423,-2.497683570522576,1.3407750233679758,-0.5388225928905932,4.7776110115991415,-0.7904688949066454,1.0140007648980711
44.0,288.0,143.72531127929688,-1.0316913525438007,2.6821915765204825,-4.920569776408965,-4.9769629778186815,-2.4976832502871185,1.340775483196558,-0.5388227467587869,4.777610486398082,-0.7904689534097766,1.0140004124691728
44.0,288.0,143.7252960205078,-1.031690381292642,2.682191519048299,-4.920570179411394,-4.976962916240299,-2.497682543610684,1.340775564556366,-0.5388234728270209,4.777610480240645,-0.790469046606729,1.0139997308290614
44.0,288.0,143.7252960205078,-1.0316915450335058,2.68219165162183,-4.92057050343503,-4.9769631710495625,-2.497683200381251,1.3407753971381542,-0.5388225139912608,4.777610599850714,-0.7904688853519124,1.0140006401332062
44.0,288.0,143.72531127929688,-1.0316905887804857,2.6821914262373925,-4.920569686811891,-4.976963407648607,-2.4976829246545416,1.3407754089863202,-0.5388230780582548,4.77761082317477,-0.7904688766671972,1.0140002431266542
44.0,288.0,143.7252960205078,-1.0316915670577105,2.682191183664216,-4.920569513796538,-4.976963304815523,-2.49768418038914,1.340775170119862,-0.5388224625018463,4.777611088865669,-0.7904689872679853,1.0140009140485056
44.0,288.0,143.7252960205078,-1.0316916335445607,2.6821914147274404,-4.9205697089886105,-4.976963286888132,-2.4976840947398324,1.340775355428292,-0.5388224433754214,4.7776112974715375,-0.7904690410379906,1.0140008669222231
44.0,288.0,143.72531127929688,-1.031691950696862,2.6821911665685327,-4.920570092539818,-4.976963279070834,-2.4976844886323315,1.340775351022902,-0.5388220576035341,4.777611345702846,-0.7904692782309173,1.0140012921094197
44.0,288.0,143.7252960205078,-1.031691533256533,2.6821915735977653,-4.920570194634275,-4.976962585769958,-2.497683898647214,1.3407755204178071,-0.5388225938882325,4.77761095494902,-0.7904692729939997,1.014000701464454
44.0,288.0,143.7252960205078,-1.0316914519372968,2.6821907593958363,-4.920570545394368,-4.976962851994406,-2.497683681874434,1.3407755958861864,-0.5388223647925274,4.7776107771207865,-0.7904692787546663,1.014000228416661
44.0,288.0,143.7252960205078,-1.0316912208771694,2.6821912725243653,-4.920569472298422,-4.976963116375362,-2.497683939674017,1.3407752768208496,-0.5388224426567074,4.777610756873939,-0.7904691557594061,1.01400084423957
44.0,288.0,143.72531127929688,-1.031690955515019,2.682191785535494,-4.920569830817617,-4.976963331651461,-2.497682655041912,1.3407752636030352,-0.538822922313348,4.777610541251162,-0.790468667136536,1.014000370879085
44.0,288.0,143.7252960205078,-1.031691226010336,2.6821915553158355,-4.920570030402106,-4.976962576804143,-2.4976826745853846,1.3407756512649938,-0.5388231360084248,4.777610600817429,-0.7904690671590417,1.013999847458508
44.0,288.0,143.72531127929688,-1.0316902433023434,2.682191666928798,-4.9205702201043255,-4.976962475888958,-2.49768217537404,1.3407757495611872,-0.538823706034198,4.7776101791529975,-0.79046896868992,1.0139992486796157
44.0,288.0,143.7252960205078,-1.0316906891958766,2.68219147469002,-4.920570117085319,-4.976962594967271,-2.4976829383841235,1.340775735259184,-0.5388233299191727,4.777610579470785,-0.7904691717593266,1.0139997333792303
44.0,288.0,143.7252960205078,-1.0316914821699452,2.6821912431408803,-4.920570336214334,-4.976962590050475,-2.497683568565169,1.3407756904572068,-0.5388227312083282,4.777611181905092,-0.7904694162573502,1.014000221533986
44.0,288.0,143.7252960205078,-1.0316909584643517,2.6821906627834045,-4.920569915711287,-4.976963512247674,-2.4976841394379807,1.3407751984005092,-0.5388227733465811,4.77761142874577,-0.7904692141989509,1.0140006545193128
44.0,288.0,143.7252960205078,-1.03169142958301,2.682191004271796,-4.9205693052219885,-4.97696367669675,-2.497683712144597,1.340775090535276,-0.538822364046859,4.777611133035688,-0.7904689702999548,1.0140008077320155
44.0,288.0,143.7252960205078,-1.031691640254004,2.682191926704678,-4.920569683853785,-4.976962554918854,-2.497683529435672,1.340775107031,-0.5388228103490285,4.7776111078985615,-0.79046908821865,1.0140006886128443
44.0,288.0,143.7252960205078,-1.0316914609897063,2.6821914412357337,-4.920570058932393,-4.976963040886922,-2.497684185494716,1.340775437172125,-0.5388225216045992,4.777611499101802,-0.7904692325574896,1.0140009469377702
44.0,288.0,143.7252960205078,-1.0316904702153646,2.6821914287294204,-4.920570201980144,-4.976962380626331,-2.497682708512403,1.3407757321403038,-0.5388234579011186,4.777610642297649,-0.7904692141708578,1.0139996952466293
44.0,288.0,143.7252960205078,-1.031690719090927,2.682191742245691,-4.920569878556556,-4.976962308201744,-2.497683085736269,1.3407755705211528,-0.5388233714040851,4.777610722883187,-0.790469167138018,1.0139999617801996
44.0,288.0,143.7252960205078,-1.031690814863095,2.6821908114683595,-4.920570346464027,-4.976963163620345,-2.4976835807269246,1.3407754209787033,-0.5388228462737388,4.777610686929606,-0.7904691790137637,1.0140001421211575
44.0,288.0,143.7252960205078,-1.0316914259846852,2.6821912852086207,-4.920570054996845,-4.976963457633112,-2.4976832608686217,1.3407754557399247,-0.5388225472923303,4.777610896462958,-0.7904690113327248,1.0140005069763325
44.0,288.0,143.7252960205078,-1.0316921648133115,2.6821918506268725,-4.920570108292457,-4.976962170891197,-2.4976842568485584,1.3407754078724654,-0.5388223777468681,4.777611180369714,-0.7904694682703086,1.014000922589422
44.0,288.0,143.7252960205078,-1.0316909269313372,2.682190705518658,-4.920569934073503,-4.976963070824039,-2.49768331415816,1.340775375522389,-0.5388230232604005,4.777610697293802,-0.7904691076651469,1.0139999664020136
44.0,289.0,143.7252960205078,-1.0316918090539682,2.6821914815386494,-4.9205705090448,-4.976962509205115,-2.497683790784471,1.3407756352993152,-0.5388225120524259,4.777610682436267,-0.7904694080418464,1.014000466299409
44.0,289.0,143.7252960205078,-1.0316911816315928,2.682191404397142,-4.920570535207701,-4.976962232063634,-2.4976837105080394,1.3407758299195036,-0.5388229462586791,4.777610913717062,-0.7904695594838476,1.014000067359876
44.0,289.0,143.7252960205078,-1.031691589310712,2.682191006059858,-4.920570563884254,-4.976963120567333,-2.4976839976648386,1.3407752498662209,-0.538822438229225,4.777611087380457,-0.7904692872412404,1.0140006173100948
44.0,289.0,143.7252960205078,-1.0316910273098472,2.682191315846972,-4.920570258832953,-4.976963048971231,-2.497683308116905,1.340775494695868,-0.5388228991519064,4.777610571442629,-0.7904691611097983,1.0140001812874209
44.0,289.0,143.7252960205078,-1.0316907937775293,2.6821910352958422,-4.920569667629749,-4.97696276399591,-2.497683331028912,1.340775541000447,-0.5388228618183541,4.777610826322846,-0.7904691062308391,1.0140001636132905
44.0,289.0,143.72531127929688,-1.031690876640571,2.6821914250772263,-4.920570363131797,-4.976962549534892,-2.497682472861371,1.3407757324626903,-0.5388232167309344,4.777610474459863,-0.790469077674973,1.0139996766624568
44.0,289.0,143.7252960205078,-1.0316910185761174,2.68219145306555,-4.9205693962074735,-4.976963030191468,-2.4976836650636387,1.34077543807913,-0.5388228455741242,4.777610723959043,-0.7904690200694056,1.014000478552698
44.0,289.0,143.7252960205078,-1.0316913199496716,2.682191074095289,-4.920569651073673,-4.976963461728665,-2.497684150044396,1.3407753298365677,-0.5388223647352444,4.777611147302528,-0.7904689793288693,1.0140007931280737
44.0,289.0,143.7252960205078,-1.0316912214315122,2.6821916667429164,-4.920570253911556,-4.976962616647692,-2.497683330141118,1.340775293081416,-0.5388229558420115,4.777610591916183,-0.7904691107102533,1.0140003019094497
44.0,289.0,143.7252960205078,-1.0316911299462097,2.682191911492681,-4.920570302987579,-4.976962504857432,-2.4976828871756345,1.3407758175458024,-0.5388229877046395,4.777610572047209,-0.7904691344252486,1.014000048020539
44.0,289.0,143.72531127929688,-1.031690893069995,2.6821916333968074,-4.920569987847747,-4.976962202895207,-2.497682924725132,1.3407756812575178,-0.5388231966066002,4.77761045841687,-0.7904691850227499,1.0139997835329462
44.0,289.0,143.7252960205078,-1.0316909600946618,2.6821911745055607,-4.92057007161271,-4.976963390741074,-2.497683848780707,1.340775495184353,-0.5388228358208487,4.777610977158654,-0.7904691141104534,1.0140004907674882
44.0,289.0,143.7252960205078,-1.0316913568368808,2.682191058468886,-4.920569843116541,-4.976963301634426,-2.497683452542958,1.3407749057407037,-0.5388225174687564,4.777610906563602,-0.7904690850623517,1.0140006567438684
44.0,289.0,143.7252960205078,-1.0316910835839672,2.6821909679482028,-4.920570245644662,-4.976963122569736,-2.497683615151608,1.3407754467525548,-0.5388227615898753,4.777611174815871,-0.7904693235018039,1.014000261381403
44.0,289.0,143.7252960205078,-1.0316915660569723,2.682191045510532,-4.920569528481698,-4.976963660172476,-2.497684375368128,1.3407750971729318,-0.5388224317126342,4.777611131784262,-0.7904690069881042,1.0140008647517629
44.0,289.0,143.7252960205078,-1.0316911678293472,2.6821914534058813,-4.920570337357752,-4.976962425881206,-2.4976833107086254,1.3407757154680846,-0.53882289734966,4.777610628042865,-0.7904692758562435,1.0140000990068732
44.0,289.0,143.7252960205078,-1.031691227298504,2.6821920089536624,-4.9205703318186655,-4.976961818510871,-2.497683543251028,1.3407756197008585,-0.5388233926674424,4.777610721466489,-0.7904694235952467,1.014000042669288
44.0,289.0,143.7252960205078,-1.0316912220927543,2.6821914896662005,-4.920569976759285,-4.976962606485906,-2.497683985913448,1.3407754240837022,-0.5388228822651282,4.777611357721073,-0.7904693693155203,1.0140005658113491
44.0,289.0,143.72531127929688,-1.0316904975923222,2.6821910866831464,-4.920569599812396,-4.976963292795928,-2.4976830133718444,1.3407752714882912,-0.5388231372983521,4.777610816681618,-0.7904690032055655,1.0140000571835328
44.0,289.0,143.7252960205078,-1.0316904898698391,2.6821906606098374,-4.920569178361495,-4.976964245093932,-2.497683519548102,1.340775095655462,-0.5388226481076881,4.77761099131723,-0.790468829445417,1.014000492534162
44.0,289.0,143.7252960205078,-1.031690834108272,2.6821910396301663,-4.920570172065436,-4.976963250512115,-2.4976831171178526,1.3407754632296616,-0.5388229307167283,4.777610573381949,-0.7904690873099547,1.0140000958482809
44.0,289.0,143.7252960205078,-1.031691381384621,2.6821913393464385,-4.920569381408203,-4.976963270381432,-2.497683924294289,1.3407751802109082,-0.5388226210274478,4.777611215712534,-0.7904690158949546,1.0140008118083053
44.0,289.0,143.72531127929688,-1.0316907089286218,2.682191910545134,-4.920570163677582,-4.976962444794597,-2.497682739746727,1.340775764634312,-0.538823438075994,4.777610409643369,-0.7904691678640798,1.0139998394568517
44.0,289.0,143.7252960205078,-1.031691373056121,2.6821907311542725,-4.920570390446678,-4.9769633434599205,-2.4976838607679666,1.340775530691225,-0.5388225303703713,4.777610908075538,-0.7904692795272501,1.0140004068489166
44.0,289.0,143.7252960205078,-1.0316915089210754,2.682191585554184,-4.920569474937659,-4.976963446339423,-2.497683570522576,1.3407750233679758,-0.5388225928905932,4.7776110115991415,-0.7904688949066454,1.0140007648980711
44.0,289.0,143.72531127929688,-1.0316913525438007,2.6821915765204825,-4.920569776408965,-4.9769629778186815,-2.4976832502871185,1.340775483196558,-0.5388227467587869,4.777610486398082,-0.7904689534097766,1.0140004124691728
44.0,289.0,143.7252960205078,-1.031690381292642,2.682191519048299,-4.920570179411394,-4.976962916240299,-2.497682543610684,1.340775564556366,-0.5388234728270209,4.777610480240645,-0.790469046606729,1.0139997308290614
44.0,289.0,143.7252960205078,-1.0316915450335058,2.68219165162183,-4.92057050343503,-4.9769631710495625,-2.497683200381251,1.3407753971381542,-0.5388225139912608,4.777610599850714,-0.7904688853519124,1.0140006401332062
44.0,289.0,143.72531127929688,-1.0316905887804857,2.6821914262373925,-4.920569686811891,-4.976963407648607,-2.4976829246545416,1.3407754089863202,-0.5388230780582548,4.77761082317477,-0.7904688766671972,1.0140002431266542
44.0,289.0,143.7252960205078,-1.0316915670577105,2.682191183664216,-4.920569513796538,-4.976963304815523,-2.49768418038914,1.340775170119862,-0.5388224625018463,4.777611088865669,-0.7904689872679853,1.0140009140485056
44.0,289.0,143.7252960205078,-1.0316916335445607,2.6821914147274404,-4.9205697089886105,-4.976963286888132,-2.4976840947398324,1.340775355428292,-0.5388224433754214,4.7776112974715375,-0.7904690410379906,1.0140008669222231
44.0,289.0,143.72531127929688,-1.031691950696862,2.6821911665685327,-4.920570092539818,-4.976963279070834,-2.4976844886323315,1.340775351022902,-0.5388220576035341,4.777611345702846,-0.7904692782309173,1.0140012921094197
44.0,289.0,143.7252960205078,-1.031691533256533,2.6821915735977653,-4.920570194634275,-4.976962585769958,-2.497683898647214,1.3407755204178071,-0.5388225938882325,4.77761095494902,-0.7904692729939997,1.014000701464454
44.0,289.0,143.7252960205078,-1.0316914519372968,2.6821907593958363,-4.920570545394368,-4.976962851994406,-2.497683681874434,1.3407755958861864,-0.5388223647925274,4.7776107771207865,-0.7904692787546663,1.014000228416661
44.0,289.0,143.7252960205078,-1.0316912208771694,2.6821912725243653,-4.920569472298422,-4.976963116375362,-2.497683939674017,1.3407752768208496,-0.5388224426567074,4.777610756873939,-0.7904691557594061,1.01400084423957
44.0,289.0,143.72531127929688,-1.031690955515019,2.682191785535494,-4.920569830817617,-4.976963331651461,-2.497682655041912,1.3407752636030352,-0.538822922313348,4.777610541251162,-0.790468667136536,1.014000370879085
44.0,289.0,143.7252960205078,-1.031691226010336,2.6821915553158355,-4.920570030402106,-4.976962576804143,-2.4976826745853846,1.3407756512649938,-0.5388231360084248,4.777610600817429,-0.7904690671590417,1.013999847458508
44.0,289.0,143.72531127929688,-1.0316902433023434,2.682191666928798,-4.9205702201043255,-4.976962475888958,-2.49768217537404,1.3407757495611872,-0.538823706034198,4.7776101791529975,-0.79046896868992,1.0139992486796157
44.0,289.0,143.7252960205078,-1.0316906891958766,2.68219147469002,-4.920570117085319,-4.976962594967271,-2.4976829383841235,1.340775735259184,-0.5388233299191727,4.777610579470785,-0.7904691717593266,1.0139997333792303
44.0,289.0,143.7252960205078,-1.0316914821699452,2.6821912431408803,-4.920570336214334,-4.976962590050475,-2.497683568565169,1.3407756904572068,-0.5388227312083282,4.777611181905092,-0.7904694162573502,1.014000221533986
44.0,289.0,143.7252960205078,-1.0316909584643517,2.6821906627834045,-4.920569915711287,-4.976963512247674,-2.4976841394379807,1.3407751984005092,-0.5388227733465811,4.77761142874577,-0.7904692141989509,1.0140006545193128
44.0,289.0,143.7252960205078,-1.03169142958301,2.682191004271796,-4.9205693052219885,-4.97696367669675,-2.497683712144597,1.340775090535276,-0.538822364046859,4.777611133035688,-0.7904689702999548,1.0140008077320155
44.0,289.0,143.7252960205078,-1.031691640254004,2.682191926704678,-4.920569683853785,-4.976962554918854,-2.497683529435672,1.340775107031,-0.5388228103490285,4.7776111078985615,-0.79046908821865,1.0140006886128443
44.0,289.0,143.7252960205078,-1.0316914609897063,2.6821914412357337,-4.920570058932393,-4.976963040886922,-2.497684185494716,1.340775437172125,-0.5388225216045992,4.777611499101802,-0.7904692325574896,1.0140009469377702
44.0,289.0,143.7252960205078,-1.0316904702153646,2.6821914287294204,-4.920570201980144,-4.976962380626331,-2.497682708512403,1.3407757321403038,-0.5388234579011186,4.777610642297649,-0.7904692141708578,1.0139996952466293
44.0,289.0,143.7252960205078,-1.031690719090927,2.682191742245691,-4.920569878556556,-4.976962308201744,-2.497683085736269,1.3407755705211528,-0.5388233714040851,4.777610722883187,-0.790469167138018,1.0139999617801996
44.0,289.0,143.7252960205078,-1.031690814863095,2.6821908114683595,-4.920570346464027,-4.976963163620345,-2.4976835807269246,1.3407754209787033,-0.5388228462737388,4.777610686929606,-0.7904691790137637,1.0140001421211575
44.0,289.0,143.7252960205078,-1.0316914259846852,2.6821912852086207,-4.920570054996845,-4.976963457633112,-2.4976832608686217,1.3407754557399247,-0.5388225472923303,4.777610896462958,-0.7904690113327248,1.0140005069763325
44.0,289.0,143.7252960205078,-1.0316921648133115,2.6821918506268725,-4.920570108292457,-4.976962170891197,-2.4976842568485584,1.3407754078724654,-0.5388223777468681,4.777611180369714,-0.7904694682703086,1.014000922589422
44.0,289.0,143.7252960205078,-1.0316909269313372,2.682190705518658,-4.920569934073503,-4.976963070824039,-2.49768331415816,1.340775375522389,-0.5388230232604005,4.777610697293802,-0.7904691076651469,1.0139999664020136
44.0,290.0,143.7252960205078,-1.0316918090539682,2.6821914815386494,-4.9205705090448,-4.976962509205115,-2.497683790784471,1.3407756352993152,-0.5388225120524259,4.777610682436267,-0.7904694080418464,1.014000466299409
44.0,290.0,143.7252960205078,-1.0316911816315928,2.682191404397142,-4.920570535207701,-4.976962232063634,-2.4976837105080394,1.3407758299195036,-0.5388229462586791,4.777610913717062,-0.7904695594838476,1.014000067359876
44.0,290.0,143.7252960205078,-1.031691589310712,2.682191006059858,-4.920570563884254,-4.976963120567333,-2.4976839976648386,1.3407752498662209,-0.538822438229225,4.777611087380457,-0.7904692872412404,1.0140006173100948
44.0,290.0,143.7252960205078,-1.0316910273098472,2.682191315846972,-4.920570258832953,-4.976963048971231,-2.497683308116905,1.340775494695868,-0.5388228991519064,4.777610571442629,-0.7904691611097983,1.0140001812874209
44.0,290.0,143.7252960205078,-1.0316907937775293,2.6821910352958422,-4.920569667629749,-4.97696276399591,-2.497683331028912,1.340775541000447,-0.5388228618183541,4.777610826322846,-0.7904691062308391,1.0140001636132905
44.0,290.0,143.72531127929688,-1.031690876640571,2.6821914250772263,-4.920570363131797,-4.976962549534892,-2.497682472861371,1.3407757324626903,-0.5388232167309344,4.777610474459863,-0.790469077674973,1.0139996766624568
44.0,290.0,143.7252960205078,-1.0316910185761174,2.68219145306555,-4.9205693962074735,-4.976963030191468,-2.4976836650636387,1.34077543807913,-0.5388228455741242,4.777610723959043,-0.7904690200694056,1.014000478552698
44.0,290.0,143.7252960205078,-1.0316913199496716,2.682191074095289,-4.920569651073673,-4.976963461728665,-2.497684150044396,1.3407753298365677,-0.5388223647352444,4.777611147302528,-0.7904689793288693,1.0140007931280737
44.0,290.0,143.7252960205078,-1.0316912214315122,2.6821916667429164,-4.920570253911556,-4.976962616647692,-2.497683330141118,1.340775293081416,-0.5388229558420115,4.777610591916183,-0.7904691107102533,1.0140003019094497
44.0,290.0,143.7252960205078,-1.0316911299462097,2.682191911492681,-4.920570302987579,-4.976962504857432,-2.4976828871756345,1.3407758175458024,-0.5388229877046395,4.777610572047209,-0.7904691344252486,1.014000048020539
44.0,290.0,143.72531127929688,-1.031690893069995,2.6821916333968074,-4.920569987847747,-4.976962202895207,-2.497682924725132,1.3407756812575178,-0.5388231966066002,4.77761045841687,-0.7904691850227499,1.0139997835329462
44.0,290.0,143.7252960205078,-1.0316909600946618,2.6821911745055607,-4.92057007161271,-4.976963390741074,-2.497683848780707,1.340775495184353,-0.5388228358208487,4.777610977158654,-0.7904691141104534,1.0140004907674882
44.0,290.0,143.7252960205078,-1.0316913568368808,2.682191058468886,-4.920569843116541,-4.976963301634426,-2.497683452542958,1.3407749057407037,-0.5388225174687564,4.777610906563602,-0.7904690850623517,1.0140006567438684
44.0,290.0,143.7252960205078,-1.0316910835839672,2.6821909679482028,-4.920570245644662,-4.976963122569736,-2.497683615151608,1.3407754467525548,-0.5388227615898753,4.777611174815871,-0.7904693235018039,1.014000261381403
44.0,290.0,143.7252960205078,-1.0316915660569723,2.682191045510532,-4.920569528481698,-4.976963660172476,-2.497684375368128,1.3407750971729318,-0.5388224317126342,4.777611131784262,-0.7904690069881042,1.0140008647517629
44.0,290.0,143.7252960205078,-1.0316911678293472,2.6821914534058813,-4.920570337357752,-4.976962425881206,-2.4976833107086254,1.3407757154680846,-0.53882289734966,4.777610628042865,-0.7904692758562435,1.0140000990068732
44.0,290.0,143.7252960205078,-1.031691227298504,2.6821920089536624,-4.9205703318186655,-4.976961818510871,-2.497683543251028,1.3407756197008585,-0.5388233926674424,4.777610721466489,-0.7904694235952467,1.014000042669288
44.0,290.0,143.7252960205078,-1.0316912220927543,2.6821914896662005,-4.920569976759285,-4.976962606485906,-2.497683985913448,1.3407754240837022,-0.5388228822651282,4.777611357721073,-0.7904693693155203,1.0140005658113491
44.0,290.0,143.72531127929688,-1.0316904975923222,2.6821910866831464,-4.920569599812396,-4.976963292795928,-2.4976830133718444,1.3407752714882912,-0.5388231372983521,4.777610816681618,-0.7904690032055655,1.0140000571835328
44.0,290.0,143.7252960205078,-1.0316904898698391,2.6821906606098374,-4.920569178361495,-4.976964245093932,-2.497683519548102,1.340775095655462,-0.5388226481076881,4.77761099131723,-0.790468829445417,1.014000492534162
44.0,290.0,143.7252960205078,-1.031690834108272,2.6821910396301663,-4.920570172065436,-4.976963250512115,-2.4976831171178526,1.3407754632296616,-0.5388229307167283,4.777610573381949,-0.7904690873099547,1.0140000958482809
44.0,290.0,143.7252960205078,-1.031691381384621,2.6821913393464385,-4.920569381408203,-4.976963270381432,-2.497683924294289,1.3407751802109082,-0.5388226210274478,4.777611215712534,-0.7904690158949546,1.0140008118083053
44.0,290.0,143.72531127929688,-1.0316907089286218,2.682191910545134,-4.920570163677582,-4.976962444794597,-2.497682739746727,1.340775764634312,-0.538823438075994,4.777610409643369,-0.7904691678640798,1.0139998394568517
44.0,290.0,143.7252960205078,-1.031691373056121,2.6821907311542725,-4.920570390446678,-4.9769633434599205,-2.4976838607679666,1.340775530691225,-0.5388225303703713,4.777610908075538,-0.7904692795272501,1.0140004068489166
44.0,290.0,143.7252960205078,-1.0316915089210754,2.682191585554184,-4.920569474937659,-4.976963446339423,-2.497683570522576,1.3407750233679758,-0.5388225928905932,4.7776110115991415,-0.7904688949066454,1.0140007648980711
44.0,290.0,143.72531127929688,-1.0316913525438007,2.6821915765204825,-4.920569776408965,-4.9769629778186815,-2.4976832502871185,1.340775483196558,-0.5388227467587869,4.777610486398082,-0.7904689534097766,1.0140004124691728
44.0,290.0,143.7252960205078,-1.031690381292642,2.682191519048299,-4.920570179411394,-4.976962916240299,-2.497682543610684,1.340775564556366,-0.5388234728270209,4.777610480240645,-0.790469046606729,1.0139997308290614
44.0,290.0,143.7252960205078,-1.0316915450335058,2.68219165162183,-4.92057050343503,-4.9769631710495625,-2.497683200381251,1.3407753971381542,-0.5388225139912608,4.777610599850714,-0.7904688853519124,1.0140006401332062
44.0,290.0,143.72531127929688,-1.0316905887804857,2.6821914262373925,-4.920569686811891,-4.976963407648607,-2.4976829246545416,1.3407754089863202,-0.5388230780582548,4.77761082317477,-0.7904688766671972,1.0140002431266542
44.0,290.0,143.7252960205078,-1.0316915670577105,2.682191183664216,-4.920569513796538,-4.976963304815523,-2.49768418038914,1.340775170119862,-0.5388224625018463,4.777611088865669,-0.7904689872679853,1.0140009140485056
44.0,290.0,143.7252960205078,-1.0316916335445607,2.6821914147274404,-4.9205697089886105,-4.976963286888132,-2.4976840947398324,1.340775355428292,-0.5388224433754214,4.7776112974715375,-0.7904690410379906,1.0140008669222231
44.0,290.0,143.72531127929688,-1.031691950696862,2.6821911665685327,-4.920570092539818,-4.976963279070834,-2.4976844886323315,1.340775351022902,-0.5388220576035341,4.777611345702846,-0.7904692782309173,1.0140012921094197
44.0,290.0,143.7252960205078,-1.031691533256533,2.6821915735977653,-4.920570194634275,-4.976962585769958,-2.497683898647214,1.3407755204178071,-0.5388225938882325,4.77761095494902,-0.7904692729939997,1.014000701464454
44.0,290.0,143.7252960205078,-1.0316914519372968,2.6821907593958363,-4.920570545394368,-4.976962851994406,-2.497683681874434,1.3407755958861864,-0.5388223647925274,4.7776107771207865,-0.7904692787546663,1.014000228416661
44.0,290.0,143.7252960205078,-1.0316912208771694,2.6821912725243653,-4.920569472298422,-4.976963116375362,-2.497683939674017,1.3407752768208496,-0.5388224426567074,4.777610756873939,-0.7904691557594061,1.01400084423957
44.0,290.0,143.72531127929688,-1.031690955515019,2.682191785535494,-4.920569830817617,-4.976963331651461,-2.497682655041912,1.3407752636030352,-0.538822922313348,4.777610541251162,-0.790468667136536,1.014000370879085
44.0,290.0,143.7252960205078,-1.031691226010336,2.6821915553158355,-4.920570030402106,-4.976962576804143,-2.4976826745853846,1.3407756512649938,-0.5388231360084248,4.777610600817429,-0.7904690671590417,1.013999847458508
44.0,290.0,143.72531127929688,-1.0316902433023434,2.682191666928798,-4.9205702201043255,-4.976962475888958,-2.49768217537404,1.3407757495611872,-0.538823706034198,4.7776101791529975,-0.79046896868992,1.0139992486796157
44.0,290.0,143.7252960205078,-1.0316906891958766,2.68219147469002,-4.920570117085319,-4.976962594967271,-2.4976829383841235,1.340775735259184,-0.5388233299191727,4.777610579470785,-0.7904691717593266,1.0139997333792303
44.0,290.0,143.7252960205078,-1.0316914821699452,2.6821912431408803,-4.920570336214334,-4.976962590050475,-2.497683568565169,1.3407756904572068,-0.5388227312083282,4.777611181905092,-0.7904694162573502,1.014000221533986
44.0,290.0,143.7252960205078,-1.0316909584643517,2.6821906627834045,-4.920569915711287,-4.976963512247674,-2.4976841394379807,1.3407751984005092,-0.5388227733465811,4.77761142874577,-0.7904692141989509,1.0140006545193128
44.0,290.0,143.7252960205078,-1.03169142958301,2.682191004271796,-4.9205693052219885,-4.97696367669675,-2.497683712144597,1.340775090535276,-0.538822364046859,4.777611133035688,-0.7904689702999548,1.0140008077320155
44.0,290.0,143.7252960205078,-1.031691640254004,2.682191926704678,-4.920569683853785,-4.976962554918854,-2.497683529435672,1.340775107031,-0.5388228103490285,4.7776111078985615,-0.79046908821865,1.0140006886128443
44.0,290.0,143.7252960205078,-1.0316914609897063,2.6821914412357337,-4.920570058932393,-4.976963040886922,-2.497684185494716,1.340775437172125,-0.5388225216045992,4.777611499101802,-0.7904692325574896,1.0140009469377702
44.0,290.0,143.7252960205078,-1.0316904702153646,2.6821914287294204,-4.920570201980144,-4.976962380626331,-2.497682708512403,1.3407757321403038,-0.5388234579011186,4.777610642297649,-0.7904692141708578,1.0139996952466293
44.0,290.0,143.7252960205078,-1.031690719090927,2.682191742245691,-4.920569878556556,-4.976962308201744,-2.497683085736269,1.3407755705211528,-0.5388233714040851,4.777610722883187,-0.790469167138018,1.0139999617801996
44.0,290.0,143.7252960205078,-1.031690814863095,2.6821908114683595,-4.920570346464027,-4.976963163620345,-2.4976835807269246,1.3407754209787033,-0.5388228462737388,4.777610686929606,-0.7904691790137637,1.0140001421211575
44.0,290.0,143.7252960205078,-1.0316914259846852,2.6821912852086207,-4.920570054996845,-4.976963457633112,-2.4976832608686217,1.3407754557399247,-0.5388225472923303,4.777610896462958,-0.7904690113327248,1.0140005069763325
44.0,290.0,143.7252960205078,-1.0316921648133115,2.6821918506268725,-4.920570108292457,-4.976962170891197,-2.4976842568485584,1.3407754078724654,-0.5388223777468681,4.777611180369714,-0.7904694682703086,1.014000922589422
44.0,290.0,143.7252960205078,-1.0316909269313372,2.682190705518658,-4.920569934073503,-4.976963070824039,-2.49768331415816,1.340775375522389,-0.5388230232604005,4.777610697293802,-0.7904691076651469,1.0139999664020136
44.0,291.0,143.7252960205078,-1.0316918090539682,2.6821914815386494,-4.9205705090448,-4.976962509205115,-2.497683790784471,1.3407756352993152,-0.5388225120524259,4.777610682436267,-0.7904694080418464,1.014000466299409
44.0,291.0,143.7252960205078,-1.0316911816315928,2.682191404397142,-4.920570535207701,-4.976962232063634,-2.4976837105080394,1.3407758299195036,-0.5388229462586791,4.777610913717062,-0.7904695594838476,1.014000067359876
44.0,291.0,143.7252960205078,-1.031691589310712,2.682191006059858,-4.920570563884254,-4.976963120567333,-2.4976839976648386,1.3407752498662209,-0.538822438229225,4.777611087380457,-0.7904692872412404,1.0140006173100948
44.0,291.0,143.7252960205078,-1.0316910273098472,2.682191315846972,-4.920570258832953,-4.976963048971231,-2.497683308116905,1.340775494695868,-0.5388228991519064,4.777610571442629,-0.7904691611097983,1.0140001812874209
44.0,291.0,143.7252960205078,-1.0316907937775293,2.6821910352958422,-4.920569667629749,-4.97696276399591,-2.497683331028912,1.340775541000447,-0.5388228618183541,4.777610826322846,-0.7904691062308391,1.0140001636132905
44.0,291.0,143.72531127929688,-1.031690876640571,2.6821914250772263,-4.920570363131797,-4.976962549534892,-2.497682472861371,1.3407757324626903,-0.5388232167309344,4.777610474459863,-0.790469077674973,1.0139996766624568
44.0,291.0,143.7252960205078,-1.0316910185761174,2.68219145306555,-4.9205693962074735,-4.976963030191468,-2.4976836650636387,1.34077543807913,-0.5388228455741242,4.777610723959043,-0.7904690200694056,1.014000478552698
44.0,291.0,143.7252960205078,-1.0316913199496716,2.682191074095289,-4.920569651073673,-4.976963461728665,-2.497684150044396,1.3407753298365677,-0.5388223647352444,4.777611147302528,-0.7904689793288693,1.0140007931280737
44.0,291.0,143.7252960205078,-1.0316912214315122,2.6821916667429164,-4.920570253911556,-4.976962616647692,-2.497683330141118,1.340775293081416,-0.5388229558420115,4.777610591916183,-0.7904691107102533,1.0140003019094497
44.0,291.0,143.7252960205078,-1.0316911299462097,2.682191911492681,-4.920570302987579,-4.976962504857432,-2.4976828871756345,1.3407758175458024,-0.5388229877046395,4.777610572047209,-0.7904691344252486,1.014000048020539
44.0,291.0,143.72531127929688,-1.031690893069995,2.6821916333968074,-4.920569987847747,-4.976962202895207,-2.497682924725132,1.3407756812575178,-0.5388231966066002,4.77761045841687,-0.7904691850227499,1.0139997835329462
44.0,291.0,143.7252960205078,-1.0316909600946618,2.6821911745055607,-4.92057007161271,-4.976963390741074,-2.497683848780707,1.340775495184353,-0.5388228358208487,4.777610977158654,-0.7904691141104534,1.0140004907674882
44.0,291.0,143.7252960205078,-1.0316913568368808,2.682191058468886,-4.920569843116541,-4.976963301634426,-2.497683452542958,1.3407749057407037,-0.5388225174687564,4.777610906563602,-0.7904690850623517,1.0140006567438684
44.0,291.0,143.7252960205078,-1.0316910835839672,2.6821909679482028,-4.920570245644662,-4.976963122569736,-2.497683615151608,1.3407754467525548,-0.5388227615898753,4.777611174815871,-0.7904693235018039,1.014000261381403
44.0,291.0,143.7252960205078,-1.0316915660569723,2.682191045510532,-4.920569528481698,-4.976963660172476,-2.497684375368128,1.3407750971729318,-0.5388224317126342,4.777611131784262,-0.7904690069881042,1.0140008647517629
44.0,291.0,143.7252960205078,-1.0316911678293472,2.6821914534058813,-4.920570337357752,-4.976962425881206,-2.4976833107086254,1.3407757154680846,-0.53882289734966,4.777610628042865,-0.7904692758562435,1.0140000990068732
44.0,291.0,143.7252960205078,-1.031691227298504,2.6821920089536624,-4.9205703318186655,-4.976961818510871,-2.497683543251028,1.3407756197008585,-0.5388233926674424,4.777610721466489,-0.7904694235952467,1.014000042669288
44.0,291.0,143.7252960205078,-1.0316912220927543,2.6821914896662005,-4.920569976759285,-4.976962606485906,-2.497683985913448,1.3407754240837022,-0.5388228822651282,4.777611357721073,-0.7904693693155203,1.0140005658113491
44.0,291.0,143.72531127929688,-1.0316904975923222,2.6821910866831464,-4.920569599812396,-4.976963292795928,-2.4976830133718444,1.3407752714882912,-0.5388231372983521,4.777610816681618,-0.7904690032055655,1.0140000571835328
44.0,291.0,143.7252960205078,-1.0316904898698391,2.6821906606098374,-4.920569178361495,-4.976964245093932,-2.497683519548102,1.340775095655462,-0.5388226481076881,4.77761099131723,-0.790468829445417,1.014000492534162
44.0,291.0,143.7252960205078,-1.031690834108272,2.6821910396301663,-4.920570172065436,-4.976963250512115,-2.4976831171178526,1.3407754632296616,-0.5388229307167283,4.777610573381949,-0.7904690873099547,1.0140000958482809
44.0,291.0,143.7252960205078,-1.031691381384621,2.6821913393464385,-4.920569381408203,-4.976963270381432,-2.497683924294289,1.3407751802109082,-0.5388226210274478,4.777611215712534,-0.7904690158949546,1.0140008118083053
44.0,291.0,143.72531127929688,-1.0316907089286218,2.682191910545134,-4.920570163677582,-4.976962444794597,-2.497682739746727,1.340775764634312,-0.538823438075994,4.777610409643369,-0.7904691678640798,1.0139998394568517
44.0,291.0,143.7252960205078,-1.031691373056121,2.6821907311542725,-4.920570390446678,-4.9769633434599205,-2.4976838607679666,1.340775530691225,-0.5388225303703713,4.777610908075538,-0.7904692795272501,1.0140004068489166
44.0,291.0,143.7252960205078,-1.0316915089210754,2.682191585554184,-4.920569474937659,-4.976963446339423,-2.497683570522576,1.3407750233679758,-0.5388225928905932,4.7776110115991415,-0.7904688949066454,1.0140007648980711
44.0,291.0,143.72531127929688,-1.0316913525438007,2.6821915765204825,-4.920569776408965,-4.9769629778186815,-2.4976832502871185,1.340775483196558,-0.5388227467587869,4.777610486398082,-0.7904689534097766,1.0140004124691728
44.0,291.0,143.7252960205078,-1.031690381292642,2.682191519048299,-4.920570179411394,-4.976962916240299,-2.497682543610684,1.340775564556366,-0.5388234728270209,4.777610480240645,-0.790469046606729,1.0139997308290614
44.0,291.0,143.7252960205078,-1.0316915450335058,2.68219165162183,-4.92057050343503,-4.9769631710495625,-2.497683200381251,1.3407753971381542,-0.5388225139912608,4.777610599850714,-0.7904688853519124,1.0140006401332062
44.0,291.0,143.72531127929688,-1.0316905887804857,2.6821914262373925,-4.920569686811891,-4.976963407648607,-2.4976829246545416,1.3407754089863202,-0.5388230780582548,4.77761082317477,-0.7904688766671972,1.0140002431266542
44.0,291.0,143.7252960205078,-1.0316915670577105,2.682191183664216,-4.920569513796538,-4.976963304815523,-2.49768418038914,1.340775170119862,-0.5388224625018463,4.777611088865669,-0.7904689872679853,1.0140009140485056
44.0,291.0,143.7252960205078,-1.0316916335445607,2.6821914147274404,-4.9205697089886105,-4.976963286888132,-2.4976840947398324,1.340775355428292,-0.5388224433754214,4.7776112974715375,-0.7904690410379906,1.0140008669222231
44.0,291.0,143.72531127929688,-1.031691950696862,2.6821911665685327,-4.920570092539818,-4.976963279070834,-2.4976844886323315,1.340775351022902,-0.5388220576035341,4.777611345702846,-0.7904692782309173,1.0140012921094197
44.0,291.0,143.7252960205078,-1.031691533256533,2.6821915735977653,-4.920570194634275,-4.976962585769958,-2.497683898647214,1.3407755204178071,-0.5388225938882325,4.77761095494902,-0.7904692729939997,1.014000701464454
44.0,291.0,143.7252960205078,-1.0316914519372968,2.6821907593958363,-4.920570545394368,-4.976962851994406,-2.497683681874434,1.3407755958861864,-0.5388223647925274,4.7776107771207865,-0.7904692787546663,1.014000228416661
44.0,291.0,143.7252960205078,-1.0316912208771694,2.6821912725243653,-4.920569472298422,-4.976963116375362,-2.497683939674017,1.3407752768208496,-0.5388224426567074,4.777610756873939,-0.7904691557594061,1.01400084423957
44.0,291.0,143.72531127929688,-1.031690955515019,2.682191785535494,-4.920569830817617,-4.976963331651461,-2.497682655041912,1.3407752636030352,-0.538822922313348,4.777610541251162,-0.790468667136536,1.014000370879085
44.0,291.0,143.7252960205078,-1.031691226010336,2.6821915553158355,-4.920570030402106,-4.976962576804143,-2.4976826745853846,1.3407756512649938,-0.5388231360084248,4.777610600817429,-0.7904690671590417,1.013999847458508
44.0,291.0,143.72531127929688,-1.0316902433023434,2.682191666928798,-4.9205702201043255,-4.976962475888958,-2.49768217537404,1.3407757495611872,-0.538823706034198,4.7776101791529975,-0.79046896868992,1.0139992486796157
44.0,291.0,143.7252960205078,-1.0316906891958766,2.68219147469002,-4.920570117085319,-4.976962594967271,-2.4976829383841235,1.340775735259184,-0.5388233299191727,4.777610579470785,-0.7904691717593266,1.0139997333792303
44.0,291.0,143.7252960205078,-1.0316914821699452,2.6821912431408803,-4.920570336214334,-4.976962590050475,-2.497683568565169,1.3407756904572068,-0.5388227312083282,4.777611181905092,-0.7904694162573502,1.014000221533986
44.0,291.0,143.7252960205078,-1.0316909584643517,2.6821906627834045,-4.920569915711287,-4.976963512247674,-2.4976841394379807,1.3407751984005092,-0.5388227733465811,4.77761142874577,-0.7904692141989509,1.0140006545193128
44.0,291.0,143.7252960205078,-1.03169142958301,2.682191004271796,-4.9205693052219885,-4.97696367669675,-2.497683712144597,1.340775090535276,-0.538822364046859,4.777611133035688,-0.7904689702999548,1.0140008077320155
44.0,291.0,143.7252960205078,-1.031691640254004,2.682191926704678,-4.920569683853785,-4.976962554918854,-2.497683529435672,1.340775107031,-0.5388228103490285,4.7776111078985615,-0.79046908821865,1.0140006886128443
44.0,291.0,143.7252960205078,-1.0316914609897063,2.6821914412357337,-4.920570058932393,-4.976963040886922,-2.497684185494716,1.340775437172125,-0.5388225216045992,4.777611499101802,-0.7904692325574896,1.0140009469377702
44.0,291.0,143.7252960205078,-1.0316904702153646,2.6821914287294204,-4.920570201980144,-4.976962380626331,-2.497682708512403,1.3407757321403038,-0.5388234579011186,4.777610642297649,-0.7904692141708578,1.0139996952466293
44.0,291.0,143.7252960205078,-1.031690719090927,2.682191742245691,-4.920569878556556,-4.976962308201744,-2.497683085736269,1.3407755705211528,-0.5388233714040851,4.777610722883187,-0.790469167138018,1.0139999617801996
44.0,291.0,143.7252960205078,-1.031690814863095,2.6821908114683595,-4.920570346464027,-4.976963163620345,-2.4976835807269246,1.3407754209787033,-0.5388228462737388,4.777610686929606,-0.7904691790137637,1.0140001421211575
44.0,291.0,143.7252960205078,-1.0316914259846852,2.6821912852086207,-4.920570054996845,-4.976963457633112,-2.4976832608686217,1.3407754557399247,-0.5388225472923303,4.777610896462958,-0.7904690113327248,1.0140005069763325
44.0,291.0,143.7252960205078,-1.0316921648133115,2.6821918506268725,-4.920570108292457,-4.976962170891197,-2.4976842568485584,1.3407754078724654,-0.5388223777468681,4.777611180369714,-0.7904694682703086,1.014000922589422
44.0,291.0,143.7252960205078,-1.0316909269313372,2.682190705518658,-4.920569934073503,-4.976963070824039,-2.49768331415816,1.340775375522389,-0.5388230232604005,4.777610697293802,-0.7904691076651469,1.0139999664020136
44.0,292.0,143.7252960205078,-1.0316918090539682,2.6821914815386494,-4.9205705090448,-4.976962509205115,-2.497683790784471,1.3407756352993152,-0.5388225120524259,4.777610682436267,-0.7904694080418464,1.014000466299409
44.0,292.0,143.7252960205078,-1.0316911816315928,2.682191404397142,-4.920570535207701,-4.976962232063634,-2.4976837105080394,1.3407758299195036,-0.5388229462586791,4.777610913717062,-0.7904695594838476,1.014000067359876
44.0,292.0,143.7252960205078,-1.031691589310712,2.682191006059858,-4.920570563884254,-4.976963120567333,-2.4976839976648386,1.3407752498662209,-0.538822438229225,4.777611087380457,-0.7904692872412404,1.0140006173100948
44.0,292.0,143.7252960205078,-1.0316910273098472,2.682191315846972,-4.920570258832953,-4.976963048971231,-2.497683308116905,1.340775494695868,-0.5388228991519064,4.777610571442629,-0.7904691611097983,1.0140001812874209
44.0,292.0,143.7252960205078,-1.0316907937775293,2.6821910352958422,-4.920569667629749,-4.97696276399591,-2.497683331028912,1.340775541000447,-0.5388228618183541,4.777610826322846,-0.7904691062308391,1.0140001636132905
44.0,292.0,143.72531127929688,-1.031690876640571,2.6821914250772263,-4.920570363131797,-4.976962549534892,-2.497682472861371,1.3407757324626903,-0.5388232167309344,4.777610474459863,-0.790469077674973,1.0139996766624568
44.0,292.0,143.7252960205078,-1.0316910185761174,2.68219145306555,-4.9205693962074735,-4.976963030191468,-2.4976836650636387,1.34077543807913,-0.5388228455741242,4.777610723959043,-0.7904690200694056,1.014000478552698
44.0,292.0,143.7252960205078,-1.0316913199496716,2.682191074095289,-4.920569651073673,-4.976963461728665,-2.497684150044396,1.3407753298365677,-0.5388223647352444,4.777611147302528,-0.7904689793288693,1.0140007931280737
44.0,292.0,143.7252960205078,-1.0316912214315122,2.6821916667429164,-4.920570253911556,-4.976962616647692,-2.497683330141118,1.340775293081416,-0.5388229558420115,4.777610591916183,-0.7904691107102533,1.0140003019094497
44.0,292.0,143.7252960205078,-1.0316911299462097,2.682191911492681,-4.920570302987579,-4.976962504857432,-2.4976828871756345,1.3407758175458024,-0.5388229877046395,4.777610572047209,-0.7904691344252486,1.014000048020539
44.0,292.0,143.72531127929688,-1.031690893069995,2.6821916333968074,-4.920569987847747,-4.976962202895207,-2.497682924725132,1.3407756812575178,-0.5388231966066002,4.77761045841687,-0.7904691850227499,1.0139997835329462
44.0,292.0,143.7252960205078,-1.0316909600946618,2.6821911745055607,-4.92057007161271,-4.976963390741074,-2.497683848780707,1.340775495184353,-0.5388228358208487,4.777610977158654,-0.7904691141104534,1.0140004907674882
44.0,292.0,143.7252960205078,-1.0316913568368808,2.682191058468886,-4.920569843116541,-4.976963301634426,-2.497683452542958,1.3407749057407037,-0.5388225174687564,4.777610906563602,-0.7904690850623517,1.0140006567438684
44.0,292.0,143.7252960205078,-1.0316910835839672,2.6821909679482028,-4.920570245644662,-4.976963122569736,-2.497683615151608,1.3407754467525548,-0.5388227615898753,4.777611174815871,-0.7904693235018039,1.014000261381403
44.0,292.0,143.7252960205078,-1.0316915660569723,2.682191045510532,-4.920569528481698,-4.976963660172476,-2.497684375368128,1.3407750971729318,-0.5388224317126342,4.777611131784262,-0.7904690069881042,1.0140008647517629
44.0,292.0,143.7252960205078,-1.0316911678293472,2.6821914534058813,-4.920570337357752,-4.976962425881206,-2.4976833107086254,1.3407757154680846,-0.53882289734966,4.777610628042865,-0.7904692758562435,1.0140000990068732
44.0,292.0,143.7252960205078,-1.031691227298504,2.6821920089536624,-4.9205703318186655,-4.976961818510871,-2.497683543251028,1.3407756197008585,-0.5388233926674424,4.777610721466489,-0.7904694235952467,1.014000042669288
44.0,292.0,143.7252960205078,-1.0316912220927543,2.6821914896662005,-4.920569976759285,-4.976962606485906,-2.497683985913448,1.3407754240837022,-0.5388228822651282,4.777611357721073,-0.7904693693155203,1.0140005658113491
44.0,292.0,143.72531127929688,-1.0316904975923222,2.6821910866831464,-4.920569599812396,-4.976963292795928,-2.4976830133718444,1.3407752714882912,-0.5388231372983521,4.777610816681618,-0.7904690032055655,1.0140000571835328
44.0,292.0,143.7252960205078,-1.0316904898698391,2.6821906606098374,-4.920569178361495,-4.976964245093932,-2.497683519548102,1.340775095655462,-0.5388226481076881,4.77761099131723,-0.790468829445417,1.014000492534162
44.0,292.0,143.7252960205078,-1.031690834108272,2.6821910396301663,-4.920570172065436,-4.976963250512115,-2.4976831171178526,1.3407754632296616,-0.5388229307167283,4.777610573381949,-0.7904690873099547,1.0140000958482809
44.0,292.0,143.7252960205078,-1.031691381384621,2.6821913393464385,-4.920569381408203,-4.976963270381432,-2.497683924294289,1.3407751802109082,-0.5388226210274478,4.777611215712534,-0.7904690158949546,1.0140008118083053
44.0,292.0,143.72531127929688,-1.0316907089286218,2.682191910545134,-4.920570163677582,-4.976962444794597,-2.497682739746727,1.340775764634312,-0.538823438075994,4.777610409643369,-0.7904691678640798,1.0139998394568517
44.0,292.0,143.7252960205078,-1.031691373056121,2.6821907311542725,-4.920570390446678,-4.9769633434599205,-2.4976838607679666,1.340775530691225,-0.5388225303703713,4.777610908075538,-0.7904692795272501,1.0140004068489166
44.0,292.0,143.7252960205078,-1.0316915089210754,2.682191585554184,-4.920569474937659,-4.976963446339423,-2.497683570522576,1.3407750233679758,-0.5388225928905932,4.7776110115991415,-0.7904688949066454,1.0140007648980711
44.0,292.0,143.72531127929688,-1.0316913525438007,2.6821915765204825,-4.920569776408965,-4.9769629778186815,-2.4976832502871185,1.340775483196558,-0.5388227467587869,4.777610486398082,-0.7904689534097766,1.0140004124691728
44.0,292.0,143.7252960205078,-1.031690381292642,2.682191519048299,-4.920570179411394,-4.976962916240299,-2.497682543610684,1.340775564556366,-0.5388234728270209,4.777610480240645,-0.790469046606729,1.0139997308290614
44.0,292.0,143.7252960205078,-1.0316915450335058,2.68219165162183,-4.92057050343503,-4.9769631710495625,-2.497683200381251,1.3407753971381542,-0.5388225139912608,4.777610599850714,-0.7904688853519124,1.0140006401332062
44.0,292.0,143.72531127929688,-1.0316905887804857,2.6821914262373925,-4.920569686811891,-4.976963407648607,-2.4976829246545416,1.3407754089863202,-0.5388230780582548,4.77761082317477,-0.7904688766671972,1.0140002431266542
44.0,292.0,143.7252960205078,-1.0316915670577105,2.682191183664216,-4.920569513796538,-4.976963304815523,-2.49768418038914,1.340775170119862,-0.5388224625018463,4.777611088865669,-0.7904689872679853,1.0140009140485056
44.0,292.0,143.7252960205078,-1.0316916335445607,2.6821914147274404,-4.9205697089886105,-4.976963286888132,-2.4976840947398324,1.340775355428292,-0.5388224433754214,4.7776112974715375,-0.7904690410379906,1.0140008669222231
44.0,292.0,143.72531127929688,-1.031691950696862,2.6821911665685327,-4.920570092539818,-4.976963279070834,-2.4976844886323315,1.340775351022902,-0.5388220576035341,4.777611345702846,-0.7904692782309173,1.0140012921094197
44.0,292.0,143.7252960205078,-1.031691533256533,2.6821915735977653,-4.920570194634275,-4.976962585769958,-2.497683898647214,1.3407755204178071,-0.5388225938882325,4.77761095494902,-0.7904692729939997,1.014000701464454
44.0,292.0,143.7252960205078,-1.0316914519372968,2.6821907593958363,-4.920570545394368,-4.976962851994406,-2.497683681874434,1.3407755958861864,-0.5388223647925274,4.7776107771207865,-0.7904692787546663,1.014000228416661
44.0,292.0,143.7252960205078,-1.0316912208771694,2.6821912725243653,-4.920569472298422,-4.976963116375362,-2.497683939674017,1.3407752768208496,-0.5388224426567074,4.777610756873939,-0.7904691557594061,1.01400084423957
44.0,292.0,143.72531127929688,-1.031690955515019,2.682191785535494,-4.920569830817617,-4.976963331651461,-2.497682655041912,1.3407752636030352,-0.538822922313348,4.777610541251162,-0.790468667136536,1.014000370879085
44.0,292.0,143.7252960205078,-1.031691226010336,2.6821915553158355,-4.920570030402106,-4.976962576804143,-2.4976826745853846,1.3407756512649938,-0.5388231360084248,4.777610600817429,-0.7904690671590417,1.013999847458508
44.0,292.0,143.72531127929688,-1.0316902433023434,2.682191666928798,-4.9205702201043255,-4.976962475888958,-2.49768217537404,1.3407757495611872,-0.538823706034198,4.7776101791529975,-0.79046896868992,1.0139992486796157
44.0,292.0,143.7252960205078,-1.0316906891958766,2.68219147469002,-4.920570117085319,-4.976962594967271,-2.4976829383841235,1.340775735259184,-0.5388233299191727,4.777610579470785,-0.7904691717593266,1.0139997333792303
44.0,292.0,143.7252960205078,-1.0316914821699452,2.6821912431408803,-4.920570336214334,-4.976962590050475,-2.497683568565169,1.3407756904572068,-0.5388227312083282,4.777611181905092,-0.7904694162573502,1.014000221533986
44.0,292.0,143.7252960205078,-1.0316909584643517,2.6821906627834045,-4.920569915711287,-4.976963512247674,-2.4976841394379807,1.3407751984005092,-0.5388227733465811,4.77761142874577,-0.7904692141989509,1.0140006545193128
44.0,292.0,143.7252960205078,-1.03169142958301,2.682191004271796,-4.9205693052219885,-4.97696367669675,-2.497683712144597,1.340775090535276,-0.538822364046859,4.777611133035688,-0.7904689702999548,1.0140008077320155
44.0,292.0,143.7252960205078,-1.031691640254004,2.682191926704678,-4.920569683853785,-4.976962554918854,-2.497683529435672,1.340775107031,-0.5388228103490285,4.7776111078985615,-0.79046908821865,1.0140006886128443
44.0,292.0,143.7252960205078,-1.0316914609897063,2.6821914412357337,-4.920570058932393,-4.976963040886922,-2.497684185494716,1.340775437172125,-0.5388225216045992,4.777611499101802,-0.7904692325574896,1.0140009469377702
44.0,292.0,143.7252960205078,-1.0316904702153646,2.6821914287294204,-4.920570201980144,-4.976962380626331,-2.497682708512403,1.3407757321403038,-0.5388234579011186,4.777610642297649,-0.7904692141708578,1.0139996952466293
44.0,292.0,143.7252960205078,-1.031690719090927,2.682191742245691,-4.920569878556556,-4.976962308201744,-2.497683085736269,1.3407755705211528,-0.5388233714040851,4.777610722883187,-0.790469167138018,1.0139999617801996
44.0,292.0,143.7252960205078,-1.031690814863095,2.6821908114683595,-4.920570346464027,-4.976963163620345,-2.4976835807269246,1.3407754209787033,-0.5388228462737388,4.777610686929606,-0.7904691790137637,1.0140001421211575
44.0,292.0,143.7252960205078,-1.0316914259846852,2.6821912852086207,-4.920570054996845,-4.976963457633112,-2.4976832608686217,1.3407754557399247,-0.5388225472923303,4.777610896462958,-0.7904690113327248,1.0140005069763325
44.0,292.0,143.7252960205078,-1.0316921648133115,2.6821918506268725,-4.920570108292457,-4.976962170891197,-2.4976842568485584,1.3407754078724654,-0.5388223777468681,4.777611180369714,-0.7904694682703086,1.014000922589422
44.0,292.0,143.7252960205078,-1.0316909269313372,2.682190705518658,-4.920569934073503,-4.976963070824039,-2.49768331415816,1.340775375522389,-0.5388230232604005,4.777610697293802,-0.7904691076651469,1.0139999664020136
44.0,293.0,143.7252960205078,-1.0316918090539682,2.6821914815386494,-4.9205705090448,-4.976962509205115,-2.497683790784471,1.3407756352993152,-0.5388225120524259,4.777610682436267,-0.7904694080418464,1.014000466299409
44.0,293.0,143.7252960205078,-1.0316911816315928,2.682191404397142,-4.920570535207701,-4.976962232063634,-2.4976837105080394,1.3407758299195036,-0.5388229462586791,4.777610913717062,-0.7904695594838476,1.014000067359876
44.0,293.0,143.7252960205078,-1.031691589310712,2.682191006059858,-4.920570563884254,-4.976963120567333,-2.4976839976648386,1.3407752498662209,-0.538822438229225,4.777611087380457,-0.7904692872412404,1.0140006173100948
44.0,293.0,143.7252960205078,-1.0316910273098472,2.682191315846972,-4.920570258832953,-4.976963048971231,-2.497683308116905,1.340775494695868,-0.5388228991519064,4.777610571442629,-0.7904691611097983,1.0140001812874209
44.0,293.0,143.7252960205078,-1.0316907937775293,2.6821910352958422,-4.920569667629749,-4.97696276399591,-2.497683331028912,1.340775541000447,-0.5388228618183541,4.777610826322846,-0.7904691062308391,1.0140001636132905
44.0,293.0,143.72531127929688,-1.031690876640571,2.6821914250772263,-4.920570363131797,-4.976962549534892,-2.497682472861371,1.3407757324626903,-0.5388232167309344,4.777610474459863,-0.790469077674973,1.0139996766624568
44.0,293.0,143.7252960205078,-1.0316910185761174,2.68219145306555,-4.9205693962074735,-4.976963030191468,-2.4976836650636387,1.34077543807913,-0.5388228455741242,4.777610723959043,-0.7904690200694056,1.014000478552698
44.0,293.0,143.7252960205078,-1.0316913199496716,2.682191074095289,-4.920569651073673,-4.976963461728665,-2.497684150044396,1.3407753298365677,-0.5388223647352444,4.777611147302528,-0.7904689793288693,1.0140007931280737
44.0,293.0,143.7252960205078,-1.0316912214315122,2.6821916667429164,-4.920570253911556,-4.976962616647692,-2.497683330141118,1.340775293081416,-0.5388229558420115,4.777610591916183,-0.7904691107102533,1.0140003019094497
44.0,293.0,143.7252960205078,-1.0316911299462097,2.682191911492681,-4.920570302987579,-4.976962504857432,-2.4976828871756345,1.3407758175458024,-0.5388229877046395,4.777610572047209,-0.7904691344252486,1.014000048020539
44.0,293.0,143.72531127929688,-1.031690893069995,2.6821916333968074,-4.920569987847747,-4.976962202895207,-2.497682924725132,1.3407756812575178,-0.5388231966066002,4.77761045841687,-0.7904691850227499,1.0139997835329462
44.0,293.0,143.7252960205078,-1.0316909600946618,2.6821911745055607,-4.92057007161271,-4.976963390741074,-2.497683848780707,1.340775495184353,-0.5388228358208487,4.777610977158654,-0.7904691141104534,1.0140004907674882
44.0,293.0,143.7252960205078,-1.0316913568368808,2.682191058468886,-4.920569843116541,-4.976963301634426,-2.497683452542958,1.3407749057407037,-0.5388225174687564,4.777610906563602,-0.7904690850623517,1.0140006567438684
44.0,293.0,143.7252960205078,-1.0316910835839672,2.6821909679482028,-4.920570245644662,-4.976963122569736,-2.497683615151608,1.3407754467525548,-0.5388227615898753,4.777611174815871,-0.7904693235018039,1.014000261381403
44.0,293.0,143.7252960205078,-1.0316915660569723,2.682191045510532,-4.920569528481698,-4.976963660172476,-2.497684375368128,1.3407750971729318,-0.5388224317126342,4.777611131784262,-0.7904690069881042,1.0140008647517629
44.0,293.0,143.7252960205078,-1.0316911678293472,2.6821914534058813,-4.920570337357752,-4.976962425881206,-2.4976833107086254,1.3407757154680846,-0.53882289734966,4.777610628042865,-0.7904692758562435,1.0140000990068732
44.0,293.0,143.7252960205078,-1.031691227298504,2.6821920089536624,-4.9205703318186655,-4.976961818510871,-2.497683543251028,1.3407756197008585,-0.5388233926674424,4.777610721466489,-0.7904694235952467,1.014000042669288
44.0,293.0,143.7252960205078,-1.0316912220927543,2.6821914896662005,-4.920569976759285,-4.976962606485906,-2.497683985913448,1.3407754240837022,-0.5388228822651282,4.777611357721073,-0.7904693693155203,1.0140005658113491
44.0,293.0,143.72531127929688,-1.0316904975923222,2.6821910866831464,-4.920569599812396,-4.976963292795928,-2.4976830133718444,1.3407752714882912,-0.5388231372983521,4.777610816681618,-0.7904690032055655,1.0140000571835328
44.0,293.0,143.7252960205078,-1.0316904898698391,2.6821906606098374,-4.920569178361495,-4.976964245093932,-2.497683519548102,1.340775095655462,-0.5388226481076881,4.77761099131723,-0.790468829445417,1.014000492534162
44.0,293.0,143.7252960205078,-1.031690834108272,2.6821910396301663,-4.920570172065436,-4.976963250512115,-2.4976831171178526,1.3407754632296616,-0.5388229307167283,4.777610573381949,-0.7904690873099547,1.0140000958482809
44.0,293.0,143.7252960205078,-1.031691381384621,2.6821913393464385,-4.920569381408203,-4.976963270381432,-2.497683924294289,1.3407751802109082,-0.5388226210274478,4.777611215712534,-0.7904690158949546,1.0140008118083053
44.0,293.0,143.72531127929688,-1.0316907089286218,2.682191910545134,-4.920570163677582,-4.976962444794597,-2.497682739746727,1.340775764634312,-0.538823438075994,4.777610409643369,-0.7904691678640798,1.0139998394568517
44.0,293.0,143.7252960205078,-1.031691373056121,2.6821907311542725,-4.920570390446678,-4.9769633434599205,-2.4976838607679666,1.340775530691225,-0.5388225303703713,4.777610908075538,-0.7904692795272501,1.0140004068489166
44.0,293.0,143.7252960205078,-1.0316915089210754,2.682191585554184,-4.920569474937659,-4.976963446339423,-2.497683570522576,1.3407750233679758,-0.5388225928905932,4.7776110115991415,-0.7904688949066454,1.0140007648980711
44.0,293.0,143.72531127929688,-1.0316913525438007,2.6821915765204825,-4.920569776408965,-4.9769629778186815,-2.4976832502871185,1.340775483196558,-0.5388227467587869,4.777610486398082,-0.7904689534097766,1.0140004124691728
44.0,293.0,143.7252960205078,-1.031690381292642,2.682191519048299,-4.920570179411394,-4.976962916240299,-2.497682543610684,1.340775564556366,-0.5388234728270209,4.777610480240645,-0.790469046606729,1.0139997308290614
44.0,293.0,143.7252960205078,-1.0316915450335058,2.68219165162183,-4.92057050343503,-4.9769631710495625,-2.497683200381251,1.3407753971381542,-0.5388225139912608,4.777610599850714,-0.7904688853519124,1.0140006401332062
44.0,293.0,143.72531127929688,-1.0316905887804857,2.6821914262373925,-4.920569686811891,-4.976963407648607,-2.4976829246545416,1.3407754089863202,-0.5388230780582548,4.77761082317477,-0.7904688766671972,1.0140002431266542
44.0,293.0,143.7252960205078,-1.0316915670577105,2.682191183664216,-4.920569513796538,-4.976963304815523,-2.49768418038914,1.340775170119862,-0.5388224625018463,4.777611088865669,-0.7904689872679853,1.0140009140485056
44.0,293.0,143.7252960205078,-1.0316916335445607,2.6821914147274404,-4.9205697089886105,-4.976963286888132,-2.4976840947398324,1.340775355428292,-0.5388224433754214,4.7776112974715375,-0.7904690410379906,1.0140008669222231
44.0,293.0,143.72531127929688,-1.031691950696862,2.6821911665685327,-4.920570092539818,-4.976963279070834,-2.4976844886323315,1.340775351022902,-0.5388220576035341,4.777611345702846,-0.7904692782309173,1.0140012921094197
44.0,293.0,143.7252960205078,-1.031691533256533,2.6821915735977653,-4.920570194634275,-4.976962585769958,-2.497683898647214,1.3407755204178071,-0.5388225938882325,4.77761095494902,-0.7904692729939997,1.014000701464454
44.0,293.0,143.7252960205078,-1.0316914519372968,2.6821907593958363,-4.920570545394368,-4.976962851994406,-2.497683681874434,1.3407755958861864,-0.5388223647925274,4.7776107771207865,-0.7904692787546663,1.014000228416661
44.0,293.0,143.7252960205078,-1.0316912208771694,2.6821912725243653,-4.920569472298422,-4.976963116375362,-2.497683939674017,1.3407752768208496,-0.5388224426567074,4.777610756873939,-0.7904691557594061,1.01400084423957
44.0,293.0,143.72531127929688,-1.031690955515019,2.682191785535494,-4.920569830817617,-4.976963331651461,-2.497682655041912,1.3407752636030352,-0.538822922313348,4.777610541251162,-0.790468667136536,1.014000370879085
44.0,293.0,143.7252960205078,-1.031691226010336,2.6821915553158355,-4.920570030402106,-4.976962576804143,-2.4976826745853846,1.3407756512649938,-0.5388231360084248,4.777610600817429,-0.7904690671590417,1.013999847458508
44.0,293.0,143.72531127929688,-1.0316902433023434,2.682191666928798,-4.9205702201043255,-4.976962475888958,-2.49768217537404,1.3407757495611872,-0.538823706034198,4.7776101791529975,-0.79046896868992,1.0139992486796157
44.0,293.0,143.7252960205078,-1.0316906891958766,2.68219147469002,-4.920570117085319,-4.976962594967271,-2.4976829383841235,1.340775735259184,-0.5388233299191727,4.777610579470785,-0.7904691717593266,1.0139997333792303
44.0,293.0,143.7252960205078,-1.0316914821699452,2.6821912431408803,-4.920570336214334,-4.976962590050475,-2.497683568565169,1.3407756904572068,-0.5388227312083282,4.777611181905092,-0.7904694162573502,1.014000221533986
44.0,293.0,143.7252960205078,-1.0316909584643517,2.6821906627834045,-4.920569915711287,-4.976963512247674,-2.4976841394379807,1.3407751984005092,-0.5388227733465811,4.77761142874577,-0.7904692141989509,1.0140006545193128
44.0,293.0,143.7252960205078,-1.03169142958301,2.682191004271796,-4.9205693052219885,-4.97696367669675,-2.497683712144597,1.340775090535276,-0.538822364046859,4.777611133035688,-0.7904689702999548,1.0140008077320155
44.0,293.0,143.7252960205078,-1.031691640254004,2.682191926704678,-4.920569683853785,-4.976962554918854,-2.497683529435672,1.340775107031,-0.5388228103490285,4.7776111078985615,-0.79046908821865,1.0140006886128443
44.0,293.0,143.7252960205078,-1.0316914609897063,2.6821914412357337,-4.920570058932393,-4.976963040886922,-2.497684185494716,1.340775437172125,-0.5388225216045992,4.777611499101802,-0.7904692325574896,1.0140009469377702
44.0,293.0,143.7252960205078,-1.0316904702153646,2.6821914287294204,-4.920570201980144,-4.976962380626331,-2.497682708512403,1.3407757321403038,-0.5388234579011186,4.777610642297649,-0.7904692141708578,1.0139996952466293
44.0,293.0,143.7252960205078,-1.031690719090927,2.682191742245691,-4.920569878556556,-4.976962308201744,-2.497683085736269,1.3407755705211528,-0.5388233714040851,4.777610722883187,-0.790469167138018,1.0139999617801996
44.0,293.0,143.7252960205078,-1.031690814863095,2.6821908114683595,-4.920570346464027,-4.976963163620345,-2.4976835807269246,1.3407754209787033,-0.5388228462737388,4.777610686929606,-0.7904691790137637,1.0140001421211575
44.0,293.0,143.7252960205078,-1.0316914259846852,2.6821912852086207,-4.920570054996845,-4.976963457633112,-2.4976832608686217,1.3407754557399247,-0.5388225472923303,4.777610896462958,-0.7904690113327248,1.0140005069763325
44.0,293.0,143.7252960205078,-1.0316921648133115,2.6821918506268725,-4.920570108292457,-4.976962170891197,-2.4976842568485584,1.3407754078724654,-0.5388223777468681,4.777611180369714,-0.7904694682703086,1.014000922589422
44.0,293.0,143.7252960205078,-1.0316909269313372,2.682190705518658,-4.920569934073503,-4.976963070824039,-2.49768331415816,1.340775375522389,-0.5388230232604005,4.777610697293802,-0.7904691076651469,1.0139999664020136
44.0,294.0,143.7252960205078,-1.0316918090539682,2.6821914815386494,-4.9205705090448,-4.976962509205115,-2.497683790784471,1.3407756352993152,-0.5388225120524259,4.777610682436267,-0.7904694080418464,1.014000466299409
44.0,294.0,143.7252960205078,-1.0316911816315928,2.682191404397142,-4.920570535207701,-4.976962232063634,-2.4976837105080394,1.3407758299195036,-0.5388229462586791,4.777610913717062,-0.7904695594838476,1.014000067359876
44.0,294.0,143.7252960205078,-1.031691589310712,2.682191006059858,-4.920570563884254,-4.976963120567333,-2.4976839976648386,1.3407752498662209,-0.538822438229225,4.777611087380457,-0.7904692872412404,1.0140006173100948
44.0,294.0,143.7252960205078,-1.0316910273098472,2.682191315846972,-4.920570258832953,-4.976963048971231,-2.497683308116905,1.340775494695868,-0.5388228991519064,4.777610571442629,-0.7904691611097983,1.0140001812874209
44.0,294.0,143.7252960205078,-1.0316907937775293,2.6821910352958422,-4.920569667629749,-4.97696276399591,-2.497683331028912,1.340775541000447,-0.5388228618183541,4.777610826322846,-0.7904691062308391,1.0140001636132905
44.0,294.0,143.72531127929688,-1.031690876640571,2.6821914250772263,-4.920570363131797,-4.976962549534892,-2.497682472861371,1.3407757324626903,-0.5388232167309344,4.777610474459863,-0.790469077674973,1.0139996766624568
44.0,294.0,143.7252960205078,-1.0316910185761174,2.68219145306555,-4.9205693962074735,-4.976963030191468,-2.4976836650636387,1.34077543807913,-0.5388228455741242,4.777610723959043,-0.7904690200694056,1.014000478552698
44.0,294.0,143.7252960205078,-1.0316913199496716,2.682191074095289,-4.920569651073673,-4.976963461728665,-2.497684150044396,1.3407753298365677,-0.5388223647352444,4.777611147302528,-0.7904689793288693,1.0140007931280737
44.0,294.0,143.7252960205078,-1.0316912214315122,2.6821916667429164,-4.920570253911556,-4.976962616647692,-2.497683330141118,1.340775293081416,-0.5388229558420115,4.777610591916183,-0.7904691107102533,1.0140003019094497
44.0,294.0,143.7252960205078,-1.0316911299462097,2.682191911492681,-4.920570302987579,-4.976962504857432,-2.4976828871756345,1.3407758175458024,-0.5388229877046395,4.777610572047209,-0.7904691344252486,1.014000048020539
44.0,294.0,143.72531127929688,-1.031690893069995,2.6821916333968074,-4.920569987847747,-4.976962202895207,-2.497682924725132,1.3407756812575178,-0.5388231966066002,4.77761045841687,-0.7904691850227499,1.0139997835329462
44.0,294.0,143.7252960205078,-1.0316909600946618,2.6821911745055607,-4.92057007161271,-4.976963390741074,-2.497683848780707,1.340775495184353,-0.5388228358208487,4.777610977158654,-0.7904691141104534,1.0140004907674882
44.0,294.0,143.7252960205078,-1.0316913568368808,2.682191058468886,-4.920569843116541,-4.976963301634426,-2.497683452542958,1.3407749057407037,-0.5388225174687564,4.777610906563602,-0.7904690850623517,1.0140006567438684
44.0,294.0,143.7252960205078,-1.0316910835839672,2.6821909679482028,-4.920570245644662,-4.976963122569736,-2.497683615151608,1.3407754467525548,-0.5388227615898753,4.777611174815871,-0.7904693235018039,1.014000261381403
44.0,294.0,143.7252960205078,-1.0316915660569723,2.682191045510532,-4.920569528481698,-4.976963660172476,-2.497684375368128,1.3407750971729318,-0.5388224317126342,4.777611131784262,-0.7904690069881042,1.0140008647517629
44.0,294.0,143.7252960205078,-1.0316911678293472,2.6821914534058813,-4.920570337357752,-4.976962425881206,-2.4976833107086254,1.3407757154680846,-0.53882289734966,4.777610628042865,-0.7904692758562435,1.0140000990068732
44.0,294.0,143.7252960205078,-1.031691227298504,2.6821920089536624,-4.9205703318186655,-4.976961818510871,-2.497683543251028,1.3407756197008585,-0.5388233926674424,4.777610721466489,-0.7904694235952467,1.014000042669288
44.0,294.0,143.7252960205078,-1.0316912220927543,2.6821914896662005,-4.920569976759285,-4.976962606485906,-2.497683985913448,1.3407754240837022,-0.5388228822651282,4.777611357721073,-0.7904693693155203,1.0140005658113491
44.0,294.0,143.72531127929688,-1.0316904975923222,2.6821910866831464,-4.920569599812396,-4.976963292795928,-2.4976830133718444,1.3407752714882912,-0.5388231372983521,4.777610816681618,-0.7904690032055655,1.0140000571835328
44.0,294.0,143.7252960205078,-1.0316904898698391,2.6821906606098374,-4.920569178361495,-4.976964245093932,-2.497683519548102,1.340775095655462,-0.5388226481076881,4.77761099131723,-0.790468829445417,1.014000492534162
44.0,294.0,143.7252960205078,-1.031690834108272,2.6821910396301663,-4.920570172065436,-4.976963250512115,-2.4976831171178526,1.3407754632296616,-0.5388229307167283,4.777610573381949,-0.7904690873099547,1.0140000958482809
44.0,294.0,143.7252960205078,-1.031691381384621,2.6821913393464385,-4.920569381408203,-4.976963270381432,-2.497683924294289,1.3407751802109082,-0.5388226210274478,4.777611215712534,-0.7904690158949546,1.0140008118083053
44.0,294.0,143.72531127929688,-1.0316907089286218,2.682191910545134,-4.920570163677582,-4.976962444794597,-2.497682739746727,1.340775764634312,-0.538823438075994,4.777610409643369,-0.7904691678640798,1.0139998394568517
44.0,294.0,143.7252960205078,-1.031691373056121,2.6821907311542725,-4.920570390446678,-4.9769633434599205,-2.4976838607679666,1.340775530691225,-0.5388225303703713,4.777610908075538,-0.7904692795272501,1.0140004068489166
44.0,294.0,143.7252960205078,-1.0316915089210754,2.682191585554184,-4.920569474937659,-4.976963446339423,-2.497683570522576,1.3407750233679758,-0.5388225928905932,4.7776110115991415,-0.7904688949066454,1.0140007648980711
44.0,294.0,143.72531127929688,-1.0316913525438007,2.6821915765204825,-4.920569776408965,-4.9769629778186815,-2.4976832502871185,1.340775483196558,-0.5388227467587869,4.777610486398082,-0.7904689534097766,1.0140004124691728
44.0,294.0,143.7252960205078,-1.031690381292642,2.682191519048299,-4.920570179411394,-4.976962916240299,-2.497682543610684,1.340775564556366,-0.5388234728270209,4.777610480240645,-0.790469046606729,1.0139997308290614
44.0,294.0,143.7252960205078,-1.0316915450335058,2.68219165162183,-4.92057050343503,-4.9769631710495625,-2.497683200381251,1.3407753971381542,-0.5388225139912608,4.777610599850714,-0.7904688853519124,1.0140006401332062
44.0,294.0,143.72531127929688,-1.0316905887804857,2.6821914262373925,-4.920569686811891,-4.976963407648607,-2.4976829246545416,1.3407754089863202,-0.5388230780582548,4.77761082317477,-0.7904688766671972,1.0140002431266542
44.0,294.0,143.7252960205078,-1.0316915670577105,2.682191183664216,-4.920569513796538,-4.976963304815523,-2.49768418038914,1.340775170119862,-0.5388224625018463,4.777611088865669,-0.7904689872679853,1.0140009140485056
44.0,294.0,143.7252960205078,-1.0316916335445607,2.6821914147274404,-4.9205697089886105,-4.976963286888132,-2.4976840947398324,1.340775355428292,-0.5388224433754214,4.7776112974715375,-0.7904690410379906,1.0140008669222231
44.0,294.0,143.72531127929688,-1.031691950696862,2.6821911665685327,-4.920570092539818,-4.976963279070834,-2.4976844886323315,1.340775351022902,-0.5388220576035341,4.777611345702846,-0.7904692782309173,1.0140012921094197
44.0,294.0,143.7252960205078,-1.031691533256533,2.6821915735977653,-4.920570194634275,-4.976962585769958,-2.497683898647214,1.3407755204178071,-0.5388225938882325,4.77761095494902,-0.7904692729939997,1.014000701464454
44.0,294.0,143.7252960205078,-1.0316914519372968,2.6821907593958363,-4.920570545394368,-4.976962851994406,-2.497683681874434,1.3407755958861864,-0.5388223647925274,4.7776107771207865,-0.7904692787546663,1.014000228416661
44.0,294.0,143.7252960205078,-1.0316912208771694,2.6821912725243653,-4.920569472298422,-4.976963116375362,-2.497683939674017,1.3407752768208496,-0.5388224426567074,4.777610756873939,-0.7904691557594061,1.01400084423957
44.0,294.0,143.72531127929688,-1.031690955515019,2.682191785535494,-4.920569830817617,-4.976963331651461,-2.497682655041912,1.3407752636030352,-0.538822922313348,4.777610541251162,-0.790468667136536,1.014000370879085
44.0,294.0,143.7252960205078,-1.031691226010336,2.6821915553158355,-4.920570030402106,-4.976962576804143,-2.4976826745853846,1.3407756512649938,-0.5388231360084248,4.777610600817429,-0.7904690671590417,1.013999847458508
44.0,294.0,143.72531127929688,-1.0316902433023434,2.682191666928798,-4.9205702201043255,-4.976962475888958,-2.49768217537404,1.3407757495611872,-0.538823706034198,4.7776101791529975,-0.79046896868992,1.0139992486796157
44.0,294.0,143.7252960205078,-1.0316906891958766,2.68219147469002,-4.920570117085319,-4.976962594967271,-2.4976829383841235,1.340775735259184,-0.5388233299191727,4.777610579470785,-0.7904691717593266,1.0139997333792303
44.0,294.0,143.7252960205078,-1.0316914821699452,2.6821912431408803,-4.920570336214334,-4.976962590050475,-2.497683568565169,1.3407756904572068,-0.5388227312083282,4.777611181905092,-0.7904694162573502,1.014000221533986
44.0,294.0,143.7252960205078,-1.0316909584643517,2.6821906627834045,-4.920569915711287,-4.976963512247674,-2.4976841394379807,1.3407751984005092,-0.5388227733465811,4.77761142874577,-0.7904692141989509,1.0140006545193128
44.0,294.0,143.7252960205078,-1.03169142958301,2.682191004271796,-4.9205693052219885,-4.97696367669675,-2.497683712144597,1.340775090535276,-0.538822364046859,4.777611133035688,-0.7904689702999548,1.0140008077320155
44.0,294.0,143.7252960205078,-1.031691640254004,2.682191926704678,-4.920569683853785,-4.976962554918854,-2.497683529435672,1.340775107031,-0.5388228103490285,4.7776111078985615,-0.79046908821865,1.0140006886128443
44.0,294.0,143.7252960205078,-1.0316914609897063,2.6821914412357337,-4.920570058932393,-4.976963040886922,-2.497684185494716,1.340775437172125,-0.5388225216045992,4.777611499101802,-0.7904692325574896,1.0140009469377702
44.0,294.0,143.7252960205078,-1.0316904702153646,2.6821914287294204,-4.920570201980144,-4.976962380626331,-2.497682708512403,1.3407757321403038,-0.5388234579011186,4.777610642297649,-0.7904692141708578,1.0139996952466293
44.0,294.0,143.7252960205078,-1.031690719090927,2.682191742245691,-4.920569878556556,-4.976962308201744,-2.497683085736269,1.3407755705211528,-0.5388233714040851,4.777610722883187,-0.790469167138018,1.0139999617801996
44.0,294.0,143.7252960205078,-1.031690814863095,2.6821908114683595,-4.920570346464027,-4.976963163620345,-2.4976835807269246,1.3407754209787033,-0.5388228462737388,4.777610686929606,-0.7904691790137637,1.0140001421211575
44.0,294.0,143.7252960205078,-1.0316914259846852,2.6821912852086207,-4.920570054996845,-4.976963457633112,-2.4976832608686217,1.3407754557399247,-0.5388225472923303,4.777610896462958,-0.7904690113327248,1.0140005069763325
44.0,294.0,143.7252960205078,-1.0316921648133115,2.6821918506268725,-4.920570108292457,-4.976962170891197,-2.4976842568485584,1.3407754078724654,-0.5388223777468681,4.777611180369714,-0.7904694682703086,1.014000922589422
44.0,294.0,143.7252960205078,-1.0316909269313372,2.682190705518658,-4.920569934073503,-4.976963070824039,-2.49768331415816,1.340775375522389,-0.5388230232604005,4.777610697293802,-0.7904691076651469,1.0139999664020136
44.0,295.0,143.7252960205078,-1.0316918090539682,2.6821914815386494,-4.9205705090448,-4.976962509205115,-2.497683790784471,1.3407756352993152,-0.5388225120524259,4.777610682436267,-0.7904694080418464,1.014000466299409
44.0,295.0,143.7252960205078,-1.0316911816315928,2.682191404397142,-4.920570535207701,-4.976962232063634,-2.4976837105080394,1.3407758299195036,-0.5388229462586791,4.777610913717062,-0.7904695594838476,1.014000067359876
44.0,295.0,143.7252960205078,-1.031691589310712,2.682191006059858,-4.920570563884254,-4.976963120567333,-2.4976839976648386,1.3407752498662209,-0.538822438229225,4.777611087380457,-0.7904692872412404,1.0140006173100948
44.0,295.0,143.7252960205078,-1.0316910273098472,2.682191315846972,-4.920570258832953,-4.976963048971231,-2.497683308116905,1.340775494695868,-0.5388228991519064,4.777610571442629,-0.7904691611097983,1.0140001812874209
44.0,295.0,143.7252960205078,-1.0316907937775293,2.6821910352958422,-4.920569667629749,-4.97696276399591,-2.497683331028912,1.340775541000447,-0.5388228618183541,4.777610826322846,-0.7904691062308391,1.0140001636132905
44.0,295.0,143.72531127929688,-1.031690876640571,2.6821914250772263,-4.920570363131797,-4.976962549534892,-2.497682472861371,1.3407757324626903,-0.5388232167309344,4.777610474459863,-0.790469077674973,1.0139996766624568
44.0,295.0,143.7252960205078,-1.0316910185761174,2.68219145306555,-4.9205693962074735,-4.976963030191468,-2.4976836650636387,1.34077543807913,-0.5388228455741242,4.777610723959043,-0.7904690200694056,1.014000478552698
44.0,295.0,143.7252960205078,-1.0316913199496716,2.682191074095289,-4.920569651073673,-4.976963461728665,-2.497684150044396,1.3407753298365677,-0.5388223647352444,4.777611147302528,-0.7904689793288693,1.0140007931280737
44.0,295.0,143.7252960205078,-1.0316912214315122,2.6821916667429164,-4.920570253911556,-4.976962616647692,-2.497683330141118,1.340775293081416,-0.5388229558420115,4.777610591916183,-0.7904691107102533,1.0140003019094497
44.0,295.0,143.7252960205078,-1.0316911299462097,2.682191911492681,-4.920570302987579,-4.976962504857432,-2.4976828871756345,1.3407758175458024,-0.5388229877046395,4.777610572047209,-0.7904691344252486,1.014000048020539
44.0,295.0,143.72531127929688,-1.031690893069995,2.6821916333968074,-4.920569987847747,-4.976962202895207,-2.497682924725132,1.3407756812575178,-0.5388231966066002,4.77761045841687,-0.7904691850227499,1.0139997835329462
44.0,295.0,143.7252960205078,-1.0316909600946618,2.6821911745055607,-4.92057007161271,-4.976963390741074,-2.497683848780707,1.340775495184353,-0.5388228358208487,4.777610977158654,-0.7904691141104534,1.0140004907674882
44.0,295.0,143.7252960205078,-1.0316913568368808,2.682191058468886,-4.920569843116541,-4.976963301634426,-2.497683452542958,1.3407749057407037,-0.5388225174687564,4.777610906563602,-0.7904690850623517,1.0140006567438684
44.0,295.0,143.7252960205078,-1.0316910835839672,2.6821909679482028,-4.920570245644662,-4.976963122569736,-2.497683615151608,1.3407754467525548,-0.5388227615898753,4.777611174815871,-0.7904693235018039,1.014000261381403
44.0,295.0,143.7252960205078,-1.0316915660569723,2.682191045510532,-4.920569528481698,-4.976963660172476,-2.497684375368128,1.3407750971729318,-0.5388224317126342,4.777611131784262,-0.7904690069881042,1.0140008647517629
44.0,295.0,143.7252960205078,-1.0316911678293472,2.6821914534058813,-4.920570337357752,-4.976962425881206,-2.4976833107086254,1.3407757154680846,-0.53882289734966,4.777610628042865,-0.7904692758562435,1.0140000990068732
44.0,295.0,143.7252960205078,-1.031691227298504,2.6821920089536624,-4.9205703318186655,-4.976961818510871,-2.497683543251028,1.3407756197008585,-0.5388233926674424,4.777610721466489,-0.7904694235952467,1.014000042669288
44.0,295.0,143.7252960205078,-1.0316912220927543,2.6821914896662005,-4.920569976759285,-4.976962606485906,-2.497683985913448,1.3407754240837022,-0.5388228822651282,4.777611357721073,-0.7904693693155203,1.0140005658113491
44.0,295.0,143.72531127929688,-1.0316904975923222,2.6821910866831464,-4.920569599812396,-4.976963292795928,-2.4976830133718444,1.3407752714882912,-0.5388231372983521,4.777610816681618,-0.7904690032055655,1.0140000571835328
44.0,295.0,143.7252960205078,-1.0316904898698391,2.6821906606098374,-4.920569178361495,-4.976964245093932,-2.497683519548102,1.340775095655462,-0.5388226481076881,4.77761099131723,-0.790468829445417,1.014000492534162
44.0,295.0,143.7252960205078,-1.031690834108272,2.6821910396301663,-4.920570172065436,-4.976963250512115,-2.4976831171178526,1.3407754632296616,-0.5388229307167283,4.777610573381949,-0.7904690873099547,1.0140000958482809
44.0,295.0,143.7252960205078,-1.031691381384621,2.6821913393464385,-4.920569381408203,-4.976963270381432,-2.497683924294289,1.3407751802109082,-0.5388226210274478,4.777611215712534,-0.7904690158949546,1.0140008118083053
44.0,295.0,143.72531127929688,-1.0316907089286218,2.682191910545134,-4.920570163677582,-4.976962444794597,-2.497682739746727,1.340775764634312,-0.538823438075994,4.777610409643369,-0.7904691678640798,1.0139998394568517
44.0,295.0,143.7252960205078,-1.031691373056121,2.6821907311542725,-4.920570390446678,-4.9769633434599205,-2.4976838607679666,1.340775530691225,-0.5388225303703713,4.777610908075538,-0.7904692795272501,1.0140004068489166
44.0,295.0,143.7252960205078,-1.0316915089210754,2.682191585554184,-4.920569474937659,-4.976963446339423,-2.497683570522576,1.3407750233679758,-0.5388225928905932,4.7776110115991415,-0.7904688949066454,1.0140007648980711
44.0,295.0,143.72531127929688,-1.0316913525438007,2.6821915765204825,-4.920569776408965,-4.9769629778186815,-2.4976832502871185,1.340775483196558,-0.5388227467587869,4.777610486398082,-0.7904689534097766,1.0140004124691728
44.0,295.0,143.7252960205078,-1.031690381292642,2.682191519048299,-4.920570179411394,-4.976962916240299,-2.497682543610684,1.340775564556366,-0.5388234728270209,4.777610480240645,-0.790469046606729,1.0139997308290614
44.0,295.0,143.7252960205078,-1.0316915450335058,2.68219165162183,-4.92057050343503,-4.9769631710495625,-2.497683200381251,1.3407753971381542,-0.5388225139912608,4.777610599850714,-0.7904688853519124,1.0140006401332062
44.0,295.0,143.72531127929688,-1.0316905887804857,2.6821914262373925,-4.920569686811891,-4.976963407648607,-2.4976829246545416,1.3407754089863202,-0.5388230780582548,4.77761082317477,-0.7904688766671972,1.0140002431266542
44.0,295.0,143.7252960205078,-1.0316915670577105,2.682191183664216,-4.920569513796538,-4.976963304815523,-2.49768418038914,1.340775170119862,-0.5388224625018463,4.777611088865669,-0.7904689872679853,1.0140009140485056
44.0,295.0,143.7252960205078,-1.0316916335445607,2.6821914147274404,-4.9205697089886105,-4.976963286888132,-2.4976840947398324,1.340775355428292,-0.5388224433754214,4.7776112974715375,-0.7904690410379906,1.0140008669222231
44.0,295.0,143.72531127929688,-1.031691950696862,2.6821911665685327,-4.920570092539818,-4.976963279070834,-2.4976844886323315,1.340775351022902,-0.5388220576035341,4.777611345702846,-0.7904692782309173,1.0140012921094197
44.0,295.0,143.7252960205078,-1.031691533256533,2.6821915735977653,-4.920570194634275,-4.976962585769958,-2.497683898647214,1.3407755204178071,-0.5388225938882325,4.77761095494902,-0.7904692729939997,1.014000701464454
44.0,295.0,143.7252960205078,-1.0316914519372968,2.6821907593958363,-4.920570545394368,-4.976962851994406,-2.497683681874434,1.3407755958861864,-0.5388223647925274,4.7776107771207865,-0.7904692787546663,1.014000228416661
44.0,295.0,143.7252960205078,-1.0316912208771694,2.6821912725243653,-4.920569472298422,-4.976963116375362,-2.497683939674017,1.3407752768208496,-0.5388224426567074,4.777610756873939,-0.7904691557594061,1.01400084423957
44.0,295.0,143.72531127929688,-1.031690955515019,2.682191785535494,-4.920569830817617,-4.976963331651461,-2.497682655041912,1.3407752636030352,-0.538822922313348,4.777610541251162,-0.790468667136536,1.014000370879085
44.0,295.0,143.7252960205078,-1.031691226010336,2.6821915553158355,-4.920570030402106,-4.976962576804143,-2.4976826745853846,1.3407756512649938,-0.5388231360084248,4.777610600817429,-0.7904690671590417,1.013999847458508
44.0,295.0,143.72531127929688,-1.0316902433023434,2.682191666928798,-4.9205702201043255,-4.976962475888958,-2.49768217537404,1.3407757495611872,-0.538823706034198,4.7776101791529975,-0.79046896868992,1.0139992486796157
44.0,295.0,143.7252960205078,-1.0316906891958766,2.68219147469002,-4.920570117085319,-4.976962594967271,-2.4976829383841235,1.340775735259184,-0.5388233299191727,4.777610579470785,-0.7904691717593266,1.0139997333792303
44.0,295.0,143.7252960205078,-1.0316914821699452,2.6821912431408803,-4.920570336214334,-4.976962590050475,-2.497683568565169,1.3407756904572068,-0.5388227312083282,4.777611181905092,-0.7904694162573502,1.014000221533986
44.0,295.0,143.7252960205078,-1.0316909584643517,2.6821906627834045,-4.920569915711287,-4.976963512247674,-2.4976841394379807,1.3407751984005092,-0.5388227733465811,4.77761142874577,-0.7904692141989509,1.0140006545193128
44.0,295.0,143.7252960205078,-1.03169142958301,2.682191004271796,-4.9205693052219885,-4.97696367669675,-2.497683712144597,1.340775090535276,-0.538822364046859,4.777611133035688,-0.7904689702999548,1.0140008077320155
44.0,295.0,143.7252960205078,-1.031691640254004,2.682191926704678,-4.920569683853785,-4.976962554918854,-2.497683529435672,1.340775107031,-0.5388228103490285,4.7776111078985615,-0.79046908821865,1.0140006886128443
44.0,295.0,143.7252960205078,-1.0316914609897063,2.6821914412357337,-4.920570058932393,-4.976963040886922,-2.497684185494716,1.340775437172125,-0.5388225216045992,4.777611499101802,-0.7904692325574896,1.0140009469377702
44.0,295.0,143.7252960205078,-1.0316904702153646,2.6821914287294204,-4.920570201980144,-4.976962380626331,-2.497682708512403,1.3407757321403038,-0.5388234579011186,4.777610642297649,-0.7904692141708578,1.0139996952466293
44.0,295.0,143.7252960205078,-1.031690719090927,2.682191742245691,-4.920569878556556,-4.976962308201744,-2.497683085736269,1.3407755705211528,-0.5388233714040851,4.777610722883187,-0.790469167138018,1.0139999617801996
44.0,295.0,143.7252960205078,-1.031690814863095,2.6821908114683595,-4.920570346464027,-4.976963163620345,-2.4976835807269246,1.3407754209787033,-0.5388228462737388,4.777610686929606,-0.7904691790137637,1.0140001421211575
44.0,295.0,143.7252960205078,-1.0316914259846852,2.6821912852086207,-4.920570054996845,-4.976963457633112,-2.4976832608686217,1.3407754557399247,-0.5388225472923303,4.777610896462958,-0.7904690113327248,1.0140005069763325
44.0,295.0,143.7252960205078,-1.0316921648133115,2.6821918506268725,-4.920570108292457,-4.976962170891197,-2.4976842568485584,1.3407754078724654,-0.5388223777468681,4.777611180369714,-0.7904694682703086,1.014000922589422
44.0,295.0,143.7252960205078,-1.0316909269313372,2.682190705518658,-4.920569934073503,-4.976963070824039,-2.49768331415816,1.340775375522389,-0.5388230232604005,4.777610697293802,-0.7904691076651469,1.0139999664020136
44.0,296.0,143.7252960205078,-1.0316918090539682,2.6821914815386494,-4.9205705090448,-4.976962509205115,-2.497683790784471,1.3407756352993152,-0.5388225120524259,4.777610682436267,-0.7904694080418464,1.014000466299409
44.0,296.0,143.7252960205078,-1.0316911816315928,2.682191404397142,-4.920570535207701,-4.976962232063634,-2.4976837105080394,1.3407758299195036,-0.5388229462586791,4.777610913717062,-0.7904695594838476,1.014000067359876
44.0,296.0,143.7252960205078,-1.031691589310712,2.682191006059858,-4.920570563884254,-4.976963120567333,-2.4976839976648386,1.3407752498662209,-0.538822438229225,4.777611087380457,-0.7904692872412404,1.0140006173100948
44.0,296.0,143.7252960205078,-1.0316910273098472,2.682191315846972,-4.920570258832953,-4.976963048971231,-2.497683308116905,1.340775494695868,-0.5388228991519064,4.777610571442629,-0.7904691611097983,1.0140001812874209
44.0,296.0,143.7252960205078,-1.0316907937775293,2.6821910352958422,-4.920569667629749,-4.97696276399591,-2.497683331028912,1.340775541000447,-0.5388228618183541,4.777610826322846,-0.7904691062308391,1.0140001636132905
44.0,296.0,143.72531127929688,-1.031690876640571,2.6821914250772263,-4.920570363131797,-4.976962549534892,-2.497682472861371,1.3407757324626903,-0.5388232167309344,4.777610474459863,-0.790469077674973,1.0139996766624568
44.0,296.0,143.7252960205078,-1.0316910185761174,2.68219145306555,-4.9205693962074735,-4.976963030191468,-2.4976836650636387,1.34077543807913,-0.5388228455741242,4.777610723959043,-0.7904690200694056,1.014000478552698
44.0,296.0,143.7252960205078,-1.0316913199496716,2.682191074095289,-4.920569651073673,-4.976963461728665,-2.497684150044396,1.3407753298365677,-0.5388223647352444,4.777611147302528,-0.7904689793288693,1.0140007931280737
44.0,296.0,143.7252960205078,-1.0316912214315122,2.6821916667429164,-4.920570253911556,-4.976962616647692,-2.497683330141118,1.340775293081416,-0.5388229558420115,4.777610591916183,-0.7904691107102533,1.0140003019094497
44.0,296.0,143.7252960205078,-1.0316911299462097,2.682191911492681,-4.920570302987579,-4.976962504857432,-2.4976828871756345,1.3407758175458024,-0.5388229877046395,4.777610572047209,-0.7904691344252486,1.014000048020539
44.0,296.0,143.72531127929688,-1.031690893069995,2.6821916333968074,-4.920569987847747,-4.976962202895207,-2.497682924725132,1.3407756812575178,-0.5388231966066002,4.77761045841687,-0.7904691850227499,1.0139997835329462
44.0,296.0,143.7252960205078,-1.0316909600946618,2.6821911745055607,-4.92057007161271,-4.976963390741074,-2.497683848780707,1.340775495184353,-0.5388228358208487,4.777610977158654,-0.7904691141104534,1.0140004907674882
44.0,296.0,143.7252960205078,-1.0316913568368808,2.682191058468886,-4.920569843116541,-4.976963301634426,-2.497683452542958,1.3407749057407037,-0.5388225174687564,4.777610906563602,-0.7904690850623517,1.0140006567438684
44.0,296.0,143.7252960205078,-1.0316910835839672,2.6821909679482028,-4.920570245644662,-4.976963122569736,-2.497683615151608,1.3407754467525548,-0.5388227615898753,4.777611174815871,-0.7904693235018039,1.014000261381403
44.0,296.0,143.7252960205078,-1.0316915660569723,2.682191045510532,-4.920569528481698,-4.976963660172476,-2.497684375368128,1.3407750971729318,-0.5388224317126342,4.777611131784262,-0.7904690069881042,1.0140008647517629
44.0,296.0,143.7252960205078,-1.0316911678293472,2.6821914534058813,-4.920570337357752,-4.976962425881206,-2.4976833107086254,1.3407757154680846,-0.53882289734966,4.777610628042865,-0.7904692758562435,1.0140000990068732
44.0,296.0,143.7252960205078,-1.031691227298504,2.6821920089536624,-4.9205703318186655,-4.976961818510871,-2.497683543251028,1.3407756197008585,-0.5388233926674424,4.777610721466489,-0.7904694235952467,1.014000042669288
44.0,296.0,143.7252960205078,-1.0316912220927543,2.6821914896662005,-4.920569976759285,-4.976962606485906,-2.497683985913448,1.3407754240837022,-0.5388228822651282,4.777611357721073,-0.7904693693155203,1.0140005658113491
44.0,296.0,143.72531127929688,-1.0316904975923222,2.6821910866831464,-4.920569599812396,-4.976963292795928,-2.4976830133718444,1.3407752714882912,-0.5388231372983521,4.777610816681618,-0.7904690032055655,1.0140000571835328
44.0,296.0,143.7252960205078,-1.0316904898698391,2.6821906606098374,-4.920569178361495,-4.976964245093932,-2.497683519548102,1.340775095655462,-0.5388226481076881,4.77761099131723,-0.790468829445417,1.014000492534162
44.0,296.0,143.7252960205078,-1.031690834108272,2.6821910396301663,-4.920570172065436,-4.976963250512115,-2.4976831171178526,1.3407754632296616,-0.5388229307167283,4.777610573381949,-0.7904690873099547,1.0140000958482809
44.0,296.0,143.7252960205078,-1.031691381384621,2.6821913393464385,-4.920569381408203,-4.976963270381432,-2.497683924294289,1.3407751802109082,-0.5388226210274478,4.777611215712534,-0.7904690158949546,1.0140008118083053
44.0,296.0,143.72531127929688,-1.0316907089286218,2.682191910545134,-4.920570163677582,-4.976962444794597,-2.497682739746727,1.340775764634312,-0.538823438075994,4.777610409643369,-0.7904691678640798,1.0139998394568517
44.0,296.0,143.7252960205078,-1.031691373056121,2.6821907311542725,-4.920570390446678,-4.9769633434599205,-2.4976838607679666,1.340775530691225,-0.5388225303703713,4.777610908075538,-0.7904692795272501,1.0140004068489166
44.0,296.0,143.7252960205078,-1.0316915089210754,2.682191585554184,-4.920569474937659,-4.976963446339423,-2.497683570522576,1.3407750233679758,-0.5388225928905932,4.7776110115991415,-0.7904688949066454,1.0140007648980711
44.0,296.0,143.72531127929688,-1.0316913525438007,2.6821915765204825,-4.920569776408965,-4.9769629778186815,-2.4976832502871185,1.340775483196558,-0.5388227467587869,4.777610486398082,-0.7904689534097766,1.0140004124691728
44.0,296.0,143.7252960205078,-1.031690381292642,2.682191519048299,-4.920570179411394,-4.976962916240299,-2.497682543610684,1.340775564556366,-0.5388234728270209,4.777610480240645,-0.790469046606729,1.0139997308290614
44.0,296.0,143.7252960205078,-1.0316915450335058,2.68219165162183,-4.92057050343503,-4.9769631710495625,-2.497683200381251,1.3407753971381542,-0.5388225139912608,4.777610599850714,-0.7904688853519124,1.0140006401332062
44.0,296.0,143.72531127929688,-1.0316905887804857,2.6821914262373925,-4.920569686811891,-4.976963407648607,-2.4976829246545416,1.3407754089863202,-0.5388230780582548,4.77761082317477,-0.7904688766671972,1.0140002431266542
44.0,296.0,143.7252960205078,-1.0316915670577105,2.682191183664216,-4.920569513796538,-4.976963304815523,-2.49768418038914,1.340775170119862,-0.5388224625018463,4.777611088865669,-0.7904689872679853,1.0140009140485056
44.0,296.0,143.7252960205078,-1.0316916335445607,2.6821914147274404,-4.9205697089886105,-4.976963286888132,-2.4976840947398324,1.340775355428292,-0.5388224433754214,4.7776112974715375,-0.7904690410379906,1.0140008669222231
44.0,296.0,143.72531127929688,-1.031691950696862,2.6821911665685327,-4.920570092539818,-4.976963279070834,-2.4976844886323315,1.340775351022902,-0.5388220576035341,4.777611345702846,-0.7904692782309173,1.0140012921094197
44.0,296.0,143.7252960205078,-1.031691533256533,2.6821915735977653,-4.920570194634275,-4.976962585769958,-2.497683898647214,1.3407755204178071,-0.5388225938882325,4.77761095494902,-0.7904692729939997,1.014000701464454
44.0,296.0,143.7252960205078,-1.0316914519372968,2.6821907593958363,-4.920570545394368,-4.976962851994406,-2.497683681874434,1.3407755958861864,-0.5388223647925274,4.7776107771207865,-0.7904692787546663,1.014000228416661
44.0,296.0,143.7252960205078,-1.0316912208771694,2.6821912725243653,-4.920569472298422,-4.976963116375362,-2.497683939674017,1.3407752768208496,-0.5388224426567074,4.777610756873939,-0.7904691557594061,1.01400084423957
44.0,296.0,143.72531127929688,-1.031690955515019,2.682191785535494,-4.920569830817617,-4.976963331651461,-2.497682655041912,1.3407752636030352,-0.538822922313348,4.777610541251162,-0.790468667136536,1.014000370879085
44.0,296.0,143.7252960205078,-1.031691226010336,2.6821915553158355,-4.920570030402106,-4.976962576804143,-2.4976826745853846,1.3407756512649938,-0.5388231360084248,4.777610600817429,-0.7904690671590417,1.013999847458508
44.0,296.0,143.72531127929688,-1.0316902433023434,2.682191666928798,-4.9205702201043255,-4.976962475888958,-2.49768217537404,1.3407757495611872,-0.538823706034198,4.7776101791529975,-0.79046896868992,1.0139992486796157
44.0,296.0,143.7252960205078,-1.0316906891958766,2.68219147469002,-4.920570117085319,-4.976962594967271,-2.4976829383841235,1.340775735259184,-0.5388233299191727,4.777610579470785,-0.7904691717593266,1.0139997333792303
44.0,296.0,143.7252960205078,-1.0316914821699452,2.6821912431408803,-4.920570336214334,-4.976962590050475,-2.497683568565169,1.3407756904572068,-0.5388227312083282,4.777611181905092,-0.7904694162573502,1.014000221533986
44.0,296.0,143.7252960205078,-1.0316909584643517,2.6821906627834045,-4.920569915711287,-4.976963512247674,-2.4976841394379807,1.3407751984005092,-0.5388227733465811,4.77761142874577,-0.7904692141989509,1.0140006545193128
44.0,296.0,143.7252960205078,-1.03169142958301,2.682191004271796,-4.9205693052219885,-4.97696367669675,-2.497683712144597,1.340775090535276,-0.538822364046859,4.777611133035688,-0.7904689702999548,1.0140008077320155
44.0,296.0,143.7252960205078,-1.031691640254004,2.682191926704678,-4.920569683853785,-4.976962554918854,-2.497683529435672,1.340775107031,-0.5388228103490285,4.7776111078985615,-0.79046908821865,1.0140006886128443
44.0,296.0,143.7252960205078,-1.0316914609897063,2.6821914412357337,-4.920570058932393,-4.976963040886922,-2.497684185494716,1.340775437172125,-0.5388225216045992,4.777611499101802,-0.7904692325574896,1.0140009469377702
44.0,296.0,143.7252960205078,-1.0316904702153646,2.6821914287294204,-4.920570201980144,-4.976962380626331,-2.497682708512403,1.3407757321403038,-0.5388234579011186,4.777610642297649,-0.7904692141708578,1.0139996952466293
44.0,296.0,143.7252960205078,-1.031690719090927,2.682191742245691,-4.920569878556556,-4.976962308201744,-2.497683085736269,1.3407755705211528,-0.5388233714040851,4.777610722883187,-0.790469167138018,1.0139999617801996
44.0,296.0,143.7252960205078,-1.031690814863095,2.6821908114683595,-4.920570346464027,-4.976963163620345,-2.4976835807269246,1.3407754209787033,-0.5388228462737388,4.777610686929606,-0.7904691790137637,1.0140001421211575
44.0,296.0,143.7252960205078,-1.0316914259846852,2.6821912852086207,-4.920570054996845,-4.976963457633112,-2.4976832608686217,1.3407754557399247,-0.5388225472923303,4.777610896462958,-0.7904690113327248,1.0140005069763325
44.0,296.0,143.7252960205078,-1.0316921648133115,2.6821918506268725,-4.920570108292457,-4.976962170891197,-2.4976842568485584,1.3407754078724654,-0.5388223777468681,4.777611180369714,-0.7904694682703086,1.014000922589422
44.0,296.0,143.7252960205078,-1.0316909269313372,2.682190705518658,-4.920569934073503,-4.976963070824039,-2.49768331415816,1.340775375522389,-0.5388230232604005,4.777610697293802,-0.7904691076651469,1.0139999664020136
44.0,297.0,143.7252960205078,-1.0316918090539682,2.6821914815386494,-4.9205705090448,-4.976962509205115,-2.497683790784471,1.3407756352993152,-0.5388225120524259,4.777610682436267,-0.7904694080418464,1.014000466299409
44.0,297.0,143.7252960205078,-1.0316911816315928,2.682191404397142,-4.920570535207701,-4.976962232063634,-2.4976837105080394,1.3407758299195036,-0.5388229462586791,4.777610913717062,-0.7904695594838476,1.014000067359876
44.0,297.0,143.7252960205078,-1.031691589310712,2.682191006059858,-4.920570563884254,-4.976963120567333,-2.4976839976648386,1.3407752498662209,-0.538822438229225,4.777611087380457,-0.7904692872412404,1.0140006173100948
44.0,297.0,143.7252960205078,-1.0316910273098472,2.682191315846972,-4.920570258832953,-4.976963048971231,-2.497683308116905,1.340775494695868,-0.5388228991519064,4.777610571442629,-0.7904691611097983,1.0140001812874209
44.0,297.0,143.7252960205078,-1.0316907937775293,2.6821910352958422,-4.920569667629749,-4.97696276399591,-2.497683331028912,1.340775541000447,-0.5388228618183541,4.777610826322846,-0.7904691062308391,1.0140001636132905
44.0,297.0,143.72531127929688,-1.031690876640571,2.6821914250772263,-4.920570363131797,-4.976962549534892,-2.497682472861371,1.3407757324626903,-0.5388232167309344,4.777610474459863,-0.790469077674973,1.0139996766624568
44.0,297.0,143.7252960205078,-1.0316910185761174,2.68219145306555,-4.9205693962074735,-4.976963030191468,-2.4976836650636387,1.34077543807913,-0.5388228455741242,4.777610723959043,-0.7904690200694056,1.014000478552698
44.0,297.0,143.7252960205078,-1.0316913199496716,2.682191074095289,-4.920569651073673,-4.976963461728665,-2.497684150044396,1.3407753298365677,-0.5388223647352444,4.777611147302528,-0.7904689793288693,1.0140007931280737
44.0,297.0,143.7252960205078,-1.0316912214315122,2.6821916667429164,-4.920570253911556,-4.976962616647692,-2.497683330141118,1.340775293081416,-0.5388229558420115,4.777610591916183,-0.7904691107102533,1.0140003019094497
44.0,297.0,143.7252960205078,-1.0316911299462097,2.682191911492681,-4.920570302987579,-4.976962504857432,-2.4976828871756345,1.3407758175458024,-0.5388229877046395,4.777610572047209,-0.7904691344252486,1.014000048020539
44.0,297.0,143.72531127929688,-1.031690893069995,2.6821916333968074,-4.920569987847747,-4.976962202895207,-2.497682924725132,1.3407756812575178,-0.5388231966066002,4.77761045841687,-0.7904691850227499,1.0139997835329462
44.0,297.0,143.7252960205078,-1.0316909600946618,2.6821911745055607,-4.92057007161271,-4.976963390741074,-2.497683848780707,1.340775495184353,-0.5388228358208487,4.777610977158654,-0.7904691141104534,1.0140004907674882
44.0,297.0,143.7252960205078,-1.0316913568368808,2.682191058468886,-4.920569843116541,-4.976963301634426,-2.497683452542958,1.3407749057407037,-0.5388225174687564,4.777610906563602,-0.7904690850623517,1.0140006567438684
44.0,297.0,143.7252960205078,-1.0316910835839672,2.6821909679482028,-4.920570245644662,-4.976963122569736,-2.497683615151608,1.3407754467525548,-0.5388227615898753,4.777611174815871,-0.7904693235018039,1.014000261381403
44.0,297.0,143.7252960205078,-1.0316915660569723,2.682191045510532,-4.920569528481698,-4.976963660172476,-2.497684375368128,1.3407750971729318,-0.5388224317126342,4.777611131784262,-0.7904690069881042,1.0140008647517629
44.0,297.0,143.7252960205078,-1.0316911678293472,2.6821914534058813,-4.920570337357752,-4.976962425881206,-2.4976833107086254,1.3407757154680846,-0.53882289734966,4.777610628042865,-0.7904692758562435,1.0140000990068732
44.0,297.0,143.7252960205078,-1.031691227298504,2.6821920089536624,-4.9205703318186655,-4.976961818510871,-2.497683543251028,1.3407756197008585,-0.5388233926674424,4.777610721466489,-0.7904694235952467,1.014000042669288
44.0,297.0,143.7252960205078,-1.0316912220927543,2.6821914896662005,-4.920569976759285,-4.976962606485906,-2.497683985913448,1.3407754240837022,-0.5388228822651282,4.777611357721073,-0.7904693693155203,1.0140005658113491
44.0,297.0,143.72531127929688,-1.0316904975923222,2.6821910866831464,-4.920569599812396,-4.976963292795928,-2.4976830133718444,1.3407752714882912,-0.5388231372983521,4.777610816681618,-0.7904690032055655,1.0140000571835328
44.0,297.0,143.7252960205078,-1.0316904898698391,2.6821906606098374,-4.920569178361495,-4.976964245093932,-2.497683519548102,1.340775095655462,-0.5388226481076881,4.77761099131723,-0.790468829445417,1.014000492534162
44.0,297.0,143.7252960205078,-1.031690834108272,2.6821910396301663,-4.920570172065436,-4.976963250512115,-2.4976831171178526,1.3407754632296616,-0.5388229307167283,4.777610573381949,-0.7904690873099547,1.0140000958482809
44.0,297.0,143.7252960205078,-1.031691381384621,2.6821913393464385,-4.920569381408203,-4.976963270381432,-2.497683924294289,1.3407751802109082,-0.5388226210274478,4.777611215712534,-0.7904690158949546,1.0140008118083053
44.0,297.0,143.72531127929688,-1.0316907089286218,2.682191910545134,-4.920570163677582,-4.976962444794597,-2.497682739746727,1.340775764634312,-0.538823438075994,4.777610409643369,-0.7904691678640798,1.0139998394568517
44.0,297.0,143.7252960205078,-1.031691373056121,2.6821907311542725,-4.920570390446678,-4.9769633434599205,-2.4976838607679666,1.340775530691225,-0.5388225303703713,4.777610908075538,-0.7904692795272501,1.0140004068489166
44.0,297.0,143.7252960205078,-1.0316915089210754,2.682191585554184,-4.920569474937659,-4.976963446339423,-2.497683570522576,1.3407750233679758,-0.5388225928905932,4.7776110115991415,-0.7904688949066454,1.0140007648980711
44.0,297.0,143.72531127929688,-1.0316913525438007,2.6821915765204825,-4.920569776408965,-4.9769629778186815,-2.4976832502871185,1.340775483196558,-0.5388227467587869,4.777610486398082,-0.7904689534097766,1.0140004124691728
44.0,297.0,143.7252960205078,-1.031690381292642,2.682191519048299,-4.920570179411394,-4.976962916240299,-2.497682543610684,1.340775564556366,-0.5388234728270209,4.777610480240645,-0.790469046606729,1.0139997308290614
44.0,297.0,143.7252960205078,-1.0316915450335058,2.68219165162183,-4.92057050343503,-4.9769631710495625,-2.497683200381251,1.3407753971381542,-0.5388225139912608,4.777610599850714,-0.7904688853519124,1.0140006401332062
44.0,297.0,143.72531127929688,-1.0316905887804857,2.6821914262373925,-4.920569686811891,-4.976963407648607,-2.4976829246545416,1.3407754089863202,-0.5388230780582548,4.77761082317477,-0.7904688766671972,1.0140002431266542
44.0,297.0,143.7252960205078,-1.0316915670577105,2.682191183664216,-4.920569513796538,-4.976963304815523,-2.49768418038914,1.340775170119862,-0.5388224625018463,4.777611088865669,-0.7904689872679853,1.0140009140485056
44.0,297.0,143.7252960205078,-1.0316916335445607,2.6821914147274404,-4.9205697089886105,-4.976963286888132,-2.4976840947398324,1.340775355428292,-0.5388224433754214,4.7776112974715375,-0.7904690410379906,1.0140008669222231
44.0,297.0,143.72531127929688,-1.031691950696862,2.6821911665685327,-4.920570092539818,-4.976963279070834,-2.4976844886323315,1.340775351022902,-0.5388220576035341,4.777611345702846,-0.7904692782309173,1.0140012921094197
44.0,297.0,143.7252960205078,-1.031691533256533,2.6821915735977653,-4.920570194634275,-4.976962585769958,-2.497683898647214,1.3407755204178071,-0.5388225938882325,4.77761095494902,-0.7904692729939997,1.014000701464454
44.0,297.0,143.7252960205078,-1.0316914519372968,2.6821907593958363,-4.920570545394368,-4.976962851994406,-2.497683681874434,1.3407755958861864,-0.5388223647925274,4.7776107771207865,-0.7904692787546663,1.014000228416661
44.0,297.0,143.7252960205078,-1.0316912208771694,2.6821912725243653,-4.920569472298422,-4.976963116375362,-2.497683939674017,1.3407752768208496,-0.5388224426567074,4.777610756873939,-0.7904691557594061,1.01400084423957
44.0,297.0,143.72531127929688,-1.031690955515019,2.682191785535494,-4.920569830817617,-4.976963331651461,-2.497682655041912,1.3407752636030352,-0.538822922313348,4.777610541251162,-0.790468667136536,1.014000370879085
44.0,297.0,143.7252960205078,-1.031691226010336,2.6821915553158355,-4.920570030402106,-4.976962576804143,-2.4976826745853846,1.3407756512649938,-0.5388231360084248,4.777610600817429,-0.7904690671590417,1.013999847458508
44.0,297.0,143.72531127929688,-1.0316902433023434,2.682191666928798,-4.9205702201043255,-4.976962475888958,-2.49768217537404,1.3407757495611872,-0.538823706034198,4.7776101791529975,-0.79046896868992,1.0139992486796157
44.0,297.0,143.7252960205078,-1.0316906891958766,2.68219147469002,-4.920570117085319,-4.976962594967271,-2.4976829383841235,1.340775735259184,-0.5388233299191727,4.777610579470785,-0.7904691717593266,1.0139997333792303
44.0,297.0,143.7252960205078,-1.0316914821699452,2.6821912431408803,-4.920570336214334,-4.976962590050475,-2.497683568565169,1.3407756904572068,-0.5388227312083282,4.777611181905092,-0.7904694162573502,1.014000221533986
44.0,297.0,143.7252960205078,-1.0316909584643517,2.6821906627834045,-4.920569915711287,-4.976963512247674,-2.4976841394379807,1.3407751984005092,-0.5388227733465811,4.77761142874577,-0.7904692141989509,1.0140006545193128
44.0,297.0,143.7252960205078,-1.03169142958301,2.682191004271796,-4.9205693052219885,-4.97696367669675,-2.497683712144597,1.340775090535276,-0.538822364046859,4.777611133035688,-0.7904689702999548,1.0140008077320155
44.0,297.0,143.7252960205078,-1.031691640254004,2.682191926704678,-4.920569683853785,-4.976962554918854,-2.497683529435672,1.340775107031,-0.5388228103490285,4.7776111078985615,-0.79046908821865,1.0140006886128443
44.0,297.0,143.7252960205078,-1.0316914609897063,2.6821914412357337,-4.920570058932393,-4.976963040886922,-2.497684185494716,1.340775437172125,-0.5388225216045992,4.777611499101802,-0.7904692325574896,1.0140009469377702
44.0,297.0,143.7252960205078,-1.0316904702153646,2.6821914287294204,-4.920570201980144,-4.976962380626331,-2.497682708512403,1.3407757321403038,-0.5388234579011186,4.777610642297649,-0.7904692141708578,1.0139996952466293
44.0,297.0,143.7252960205078,-1.031690719090927,2.682191742245691,-4.920569878556556,-4.976962308201744,-2.497683085736269,1.3407755705211528,-0.5388233714040851,4.777610722883187,-0.790469167138018,1.0139999617801996
44.0,297.0,143.7252960205078,-1.031690814863095,2.6821908114683595,-4.920570346464027,-4.976963163620345,-2.4976835807269246,1.3407754209787033,-0.5388228462737388,4.777610686929606,-0.7904691790137637,1.0140001421211575
44.0,297.0,143.7252960205078,-1.0316914259846852,2.6821912852086207,-4.920570054996845,-4.976963457633112,-2.4976832608686217,1.3407754557399247,-0.5388225472923303,4.777610896462958,-0.7904690113327248,1.0140005069763325
44.0,297.0,143.7252960205078,-1.0316921648133115,2.6821918506268725,-4.920570108292457,-4.976962170891197,-2.4976842568485584,1.3407754078724654,-0.5388223777468681,4.777611180369714,-0.7904694682703086,1.014000922589422
44.0,297.0,143.7252960205078,-1.0316909269313372,2.682190705518658,-4.920569934073503,-4.976963070824039,-2.49768331415816,1.340775375522389,-0.5388230232604005,4.777610697293802,-0.7904691076651469,1.0139999664020136
44.0,298.0,143.7252960205078,-1.0316918090539682,2.6821914815386494,-4.9205705090448,-4.976962509205115,-2.497683790784471,1.3407756352993152,-0.5388225120524259,4.777610682436267,-0.7904694080418464,1.014000466299409
44.0,298.0,143.7252960205078,-1.0316911816315928,2.682191404397142,-4.920570535207701,-4.976962232063634,-2.4976837105080394,1.3407758299195036,-0.5388229462586791,4.777610913717062,-0.7904695594838476,1.014000067359876
44.0,298.0,143.7252960205078,-1.031691589310712,2.682191006059858,-4.920570563884254,-4.976963120567333,-2.4976839976648386,1.3407752498662209,-0.538822438229225,4.777611087380457,-0.7904692872412404,1.0140006173100948
44.0,298.0,143.7252960205078,-1.0316910273098472,2.682191315846972,-4.920570258832953,-4.976963048971231,-2.497683308116905,1.340775494695868,-0.5388228991519064,4.777610571442629,-0.7904691611097983,1.0140001812874209
44.0,298.0,143.7252960205078,-1.0316907937775293,2.6821910352958422,-4.920569667629749,-4.97696276399591,-2.497683331028912,1.340775541000447,-0.5388228618183541,4.777610826322846,-0.7904691062308391,1.0140001636132905
44.0,298.0,143.72531127929688,-1.031690876640571,2.6821914250772263,-4.920570363131797,-4.976962549534892,-2.497682472861371,1.3407757324626903,-0.5388232167309344,4.777610474459863,-0.790469077674973,1.0139996766624568
44.0,298.0,143.7252960205078,-1.0316910185761174,2.68219145306555,-4.9205693962074735,-4.976963030191468,-2.4976836650636387,1.34077543807913,-0.5388228455741242,4.777610723959043,-0.7904690200694056,1.014000478552698
44.0,298.0,143.7252960205078,-1.0316913199496716,2.682191074095289,-4.920569651073673,-4.976963461728665,-2.497684150044396,1.3407753298365677,-0.5388223647352444,4.777611147302528,-0.7904689793288693,1.0140007931280737
44.0,298.0,143.7252960205078,-1.0316912214315122,2.6821916667429164,-4.920570253911556,-4.976962616647692,-2.497683330141118,1.340775293081416,-0.5388229558420115,4.777610591916183,-0.7904691107102533,1.0140003019094497
44.0,298.0,143.7252960205078,-1.0316911299462097,2.682191911492681,-4.920570302987579,-4.976962504857432,-2.4976828871756345,1.3407758175458024,-0.5388229877046395,4.777610572047209,-0.7904691344252486,1.014000048020539
44.0,298.0,143.72531127929688,-1.031690893069995,2.6821916333968074,-4.920569987847747,-4.976962202895207,-2.497682924725132,1.3407756812575178,-0.5388231966066002,4.77761045841687,-0.7904691850227499,1.0139997835329462
44.0,298.0,143.7252960205078,-1.0316909600946618,2.6821911745055607,-4.92057007161271,-4.976963390741074,-2.497683848780707,1.340775495184353,-0.5388228358208487,4.777610977158654,-0.7904691141104534,1.0140004907674882
44.0,298.0,143.7252960205078,-1.0316913568368808,2.682191058468886,-4.920569843116541,-4.976963301634426,-2.497683452542958,1.3407749057407037,-0.5388225174687564,4.777610906563602,-0.7904690850623517,1.0140006567438684
44.0,298.0,143.7252960205078,-1.0316910835839672,2.6821909679482028,-4.920570245644662,-4.976963122569736,-2.497683615151608,1.3407754467525548,-0.5388227615898753,4.777611174815871,-0.7904693235018039,1.014000261381403
44.0,298.0,143.7252960205078,-1.0316915660569723,2.682191045510532,-4.920569528481698,-4.976963660172476,-2.497684375368128,1.3407750971729318,-0.5388224317126342,4.777611131784262,-0.7904690069881042,1.0140008647517629
44.0,298.0,143.7252960205078,-1.0316911678293472,2.6821914534058813,-4.920570337357752,-4.976962425881206,-2.4976833107086254,1.3407757154680846,-0.53882289734966,4.777610628042865,-0.7904692758562435,1.0140000990068732
44.0,298.0,143.7252960205078,-1.031691227298504,2.6821920089536624,-4.9205703318186655,-4.976961818510871,-2.497683543251028,1.3407756197008585,-0.5388233926674424,4.777610721466489,-0.7904694235952467,1.014000042669288
44.0,298.0,143.7252960205078,-1.0316912220927543,2.6821914896662005,-4.920569976759285,-4.976962606485906,-2.497683985913448,1.3407754240837022,-0.5388228822651282,4.777611357721073,-0.7904693693155203,1.0140005658113491
44.0,298.0,143.72531127929688,-1.0316904975923222,2.6821910866831464,-4.920569599812396,-4.976963292795928,-2.4976830133718444,1.3407752714882912,-0.5388231372983521,4.777610816681618,-0.7904690032055655,1.0140000571835328
44.0,298.0,143.7252960205078,-1.0316904898698391,2.6821906606098374,-4.920569178361495,-4.976964245093932,-2.497683519548102,1.340775095655462,-0.5388226481076881,4.77761099131723,-0.790468829445417,1.014000492534162
44.0,298.0,143.7252960205078,-1.031690834108272,2.6821910396301663,-4.920570172065436,-4.976963250512115,-2.4976831171178526,1.3407754632296616,-0.5388229307167283,4.777610573381949,-0.7904690873099547,1.0140000958482809
44.0,298.0,143.7252960205078,-1.031691381384621,2.6821913393464385,-4.920569381408203,-4.976963270381432,-2.497683924294289,1.3407751802109082,-0.5388226210274478,4.777611215712534,-0.7904690158949546,1.0140008118083053
44.0,298.0,143.72531127929688,-1.0316907089286218,2.682191910545134,-4.920570163677582,-4.976962444794597,-2.497682739746727,1.340775764634312,-0.538823438075994,4.777610409643369,-0.7904691678640798,1.0139998394568517
44.0,298.0,143.7252960205078,-1.031691373056121,2.6821907311542725,-4.920570390446678,-4.9769633434599205,-2.4976838607679666,1.340775530691225,-0.5388225303703713,4.777610908075538,-0.7904692795272501,1.0140004068489166
44.0,298.0,143.7252960205078,-1.0316915089210754,2.682191585554184,-4.920569474937659,-4.976963446339423,-2.497683570522576,1.3407750233679758,-0.5388225928905932,4.7776110115991415,-0.7904688949066454,1.0140007648980711
44.0,298.0,143.72531127929688,-1.0316913525438007,2.6821915765204825,-4.920569776408965,-4.9769629778186815,-2.4976832502871185,1.340775483196558,-0.5388227467587869,4.777610486398082,-0.7904689534097766,1.0140004124691728
44.0,298.0,143.7252960205078,-1.031690381292642,2.682191519048299,-4.920570179411394,-4.976962916240299,-2.497682543610684,1.340775564556366,-0.5388234728270209,4.777610480240645,-0.790469046606729,1.0139997308290614
44.0,298.0,143.7252960205078,-1.0316915450335058,2.68219165162183,-4.92057050343503,-4.9769631710495625,-2.497683200381251,1.3407753971381542,-0.5388225139912608,4.777610599850714,-0.7904688853519124,1.0140006401332062
44.0,298.0,143.72531127929688,-1.0316905887804857,2.6821914262373925,-4.920569686811891,-4.976963407648607,-2.4976829246545416,1.3407754089863202,-0.5388230780582548,4.77761082317477,-0.7904688766671972,1.0140002431266542
44.0,298.0,143.7252960205078,-1.0316915670577105,2.682191183664216,-4.920569513796538,-4.976963304815523,-2.49768418038914,1.340775170119862,-0.5388224625018463,4.777611088865669,-0.7904689872679853,1.0140009140485056
44.0,298.0,143.7252960205078,-1.0316916335445607,2.6821914147274404,-4.9205697089886105,-4.976963286888132,-2.4976840947398324,1.340775355428292,-0.5388224433754214,4.7776112974715375,-0.7904690410379906,1.0140008669222231
44.0,298.0,143.72531127929688,-1.031691950696862,2.6821911665685327,-4.920570092539818,-4.976963279070834,-2.4976844886323315,1.340775351022902,-0.5388220576035341,4.777611345702846,-0.7904692782309173,1.0140012921094197
44.0,298.0,143.7252960205078,-1.031691533256533,2.6821915735977653,-4.920570194634275,-4.976962585769958,-2.497683898647214,1.3407755204178071,-0.5388225938882325,4.77761095494902,-0.7904692729939997,1.014000701464454
44.0,298.0,143.7252960205078,-1.0316914519372968,2.6821907593958363,-4.920570545394368,-4.976962851994406,-2.497683681874434,1.3407755958861864,-0.5388223647925274,4.7776107771207865,-0.7904692787546663,1.014000228416661
44.0,298.0,143.7252960205078,-1.0316912208771694,2.6821912725243653,-4.920569472298422,-4.976963116375362,-2.497683939674017,1.3407752768208496,-0.5388224426567074,4.777610756873939,-0.7904691557594061,1.01400084423957
44.0,298.0,143.72531127929688,-1.031690955515019,2.682191785535494,-4.920569830817617,-4.976963331651461,-2.497682655041912,1.3407752636030352,-0.538822922313348,4.777610541251162,-0.790468667136536,1.014000370879085
44.0,298.0,143.7252960205078,-1.031691226010336,2.6821915553158355,-4.920570030402106,-4.976962576804143,-2.4976826745853846,1.3407756512649938,-0.5388231360084248,4.777610600817429,-0.7904690671590417,1.013999847458508
44.0,298.0,143.72531127929688,-1.0316902433023434,2.682191666928798,-4.9205702201043255,-4.976962475888958,-2.49768217537404,1.3407757495611872,-0.538823706034198,4.7776101791529975,-0.79046896868992,1.0139992486796157
44.0,298.0,143.7252960205078,-1.0316906891958766,2.68219147469002,-4.920570117085319,-4.976962594967271,-2.4976829383841235,1.340775735259184,-0.5388233299191727,4.777610579470785,-0.7904691717593266,1.0139997333792303
44.0,298.0,143.7252960205078,-1.0316914821699452,2.6821912431408803,-4.920570336214334,-4.976962590050475,-2.497683568565169,1.3407756904572068,-0.5388227312083282,4.777611181905092,-0.7904694162573502,1.014000221533986
44.0,298.0,143.7252960205078,-1.0316909584643517,2.6821906627834045,-4.920569915711287,-4.976963512247674,-2.4976841394379807,1.3407751984005092,-0.5388227733465811,4.77761142874577,-0.7904692141989509,1.0140006545193128
44.0,298.0,143.7252960205078,-1.03169142958301,2.682191004271796,-4.9205693052219885,-4.97696367669675,-2.497683712144597,1.340775090535276,-0.538822364046859,4.777611133035688,-0.7904689702999548,1.0140008077320155
44.0,298.0,143.7252960205078,-1.031691640254004,2.682191926704678,-4.920569683853785,-4.976962554918854,-2.497683529435672,1.340775107031,-0.5388228103490285,4.7776111078985615,-0.79046908821865,1.0140006886128443
44.0,298.0,143.7252960205078,-1.0316914609897063,2.6821914412357337,-4.920570058932393,-4.976963040886922,-2.497684185494716,1.340775437172125,-0.5388225216045992,4.777611499101802,-0.7904692325574896,1.0140009469377702
44.0,298.0,143.7252960205078,-1.0316904702153646,2.6821914287294204,-4.920570201980144,-4.976962380626331,-2.497682708512403,1.3407757321403038,-0.5388234579011186,4.777610642297649,-0.7904692141708578,1.0139996952466293
44.0,298.0,143.7252960205078,-1.031690719090927,2.682191742245691,-4.920569878556556,-4.976962308201744,-2.497683085736269,1.3407755705211528,-0.5388233714040851,4.777610722883187,-0.790469167138018,1.0139999617801996
44.0,298.0,143.7252960205078,-1.031690814863095,2.6821908114683595,-4.920570346464027,-4.976963163620345,-2.4976835807269246,1.3407754209787033,-0.5388228462737388,4.777610686929606,-0.7904691790137637,1.0140001421211575
44.0,298.0,143.7252960205078,-1.0316914259846852,2.6821912852086207,-4.920570054996845,-4.976963457633112,-2.4976832608686217,1.3407754557399247,-0.5388225472923303,4.777610896462958,-0.7904690113327248,1.0140005069763325
44.0,298.0,143.7252960205078,-1.0316921648133115,2.6821918506268725,-4.920570108292457,-4.976962170891197,-2.4976842568485584,1.3407754078724654,-0.5388223777468681,4.777611180369714,-0.7904694682703086,1.014000922589422
44.0,298.0,143.7252960205078,-1.0316909269313372,2.682190705518658,-4.920569934073503,-4.976963070824039,-2.49768331415816,1.340775375522389,-0.5388230232604005,4.777610697293802,-0.7904691076651469,1.0139999664020136
44.0,299.0,143.7252960205078,-1.0316918090539682,2.6821914815386494,-4.9205705090448,-4.976962509205115,-2.497683790784471,1.3407756352993152,-0.5388225120524259,4.777610682436267,-0.7904694080418464,1.014000466299409
44.0,299.0,143.7252960205078,-1.0316911816315928,2.682191404397142,-4.920570535207701,-4.976962232063634,-2.4976837105080394,1.3407758299195036,-0.5388229462586791,4.777610913717062,-0.7904695594838476,1.014000067359876
44.0,299.0,143.7252960205078,-1.031691589310712,2.682191006059858,-4.920570563884254,-4.976963120567333,-2.4976839976648386,1.3407752498662209,-0.538822438229225,4.777611087380457,-0.7904692872412404,1.0140006173100948
44.0,299.0,143.7252960205078,-1.0316910273098472,2.682191315846972,-4.920570258832953,-4.976963048971231,-2.497683308116905,1.340775494695868,-0.5388228991519064,4.777610571442629,-0.7904691611097983,1.0140001812874209
44.0,299.0,143.7252960205078,-1.0316907937775293,2.6821910352958422,-4.920569667629749,-4.97696276399591,-2.497683331028912,1.340775541000447,-0.5388228618183541,4.777610826322846,-0.7904691062308391,1.0140001636132905
44.0,299.0,143.72531127929688,-1.031690876640571,2.6821914250772263,-4.920570363131797,-4.976962549534892,-2.497682472861371,1.3407757324626903,-0.5388232167309344,4.777610474459863,-0.790469077674973,1.0139996766624568
44.0,299.0,143.7252960205078,-1.0316910185761174,2.68219145306555,-4.9205693962074735,-4.976963030191468,-2.4976836650636387,1.34077543807913,-0.5388228455741242,4.777610723959043,-0.7904690200694056,1.014000478552698
44.0,299.0,143.7252960205078,-1.0316913199496716,2.682191074095289,-4.920569651073673,-4.976963461728665,-2.497684150044396,1.3407753298365677,-0.5388223647352444,4.777611147302528,-0.7904689793288693,1.0140007931280737
44.0,299.0,143.7252960205078,-1.0316912214315122,2.6821916667429164,-4.920570253911556,-4.976962616647692,-2.497683330141118,1.340775293081416,-0.5388229558420115,4.777610591916183,-0.7904691107102533,1.0140003019094497
44.0,299.0,143.7252960205078,-1.0316911299462097,2.682191911492681,-4.920570302987579,-4.976962504857432,-2.4976828871756345,1.3407758175458024,-0.5388229877046395,4.777610572047209,-0.7904691344252486,1.014000048020539
44.0,299.0,143.72531127929688,-1.031690893069995,2.6821916333968074,-4.920569987847747,-4.976962202895207,-2.497682924725132,1.3407756812575178,-0.5388231966066002,4.77761045841687,-0.7904691850227499,1.0139997835329462
44.0,299.0,143.7252960205078,-1.0316909600946618,2.6821911745055607,-4.92057007161271,-4.976963390741074,-2.497683848780707,1.340775495184353,-0.5388228358208487,4.777610977158654,-0.7904691141104534,1.0140004907674882
44.0,299.0,143.7252960205078,-1.0316913568368808,2.682191058468886,-4.920569843116541,-4.976963301634426,-2.497683452542958,1.3407749057407037,-0.5388225174687564,4.777610906563602,-0.7904690850623517,1.0140006567438684
44.0,299.0,143.7252960205078,-1.0316910835839672,2.6821909679482028,-4.920570245644662,-4.976963122569736,-2.497683615151608,1.3407754467525548,-0.5388227615898753,4.777611174815871,-0.7904693235018039,1.014000261381403
44.0,299.0,143.7252960205078,-1.0316915660569723,2.682191045510532,-4.920569528481698,-4.976963660172476,-2.497684375368128,1.3407750971729318,-0.5388224317126342,4.777611131784262,-0.7904690069881042,1.0140008647517629
44.0,299.0,143.7252960205078,-1.0316911678293472,2.6821914534058813,-4.920570337357752,-4.976962425881206,-2.4976833107086254,1.3407757154680846,-0.53882289734966,4.777610628042865,-0.7904692758562435,1.0140000990068732
44.0,299.0,143.7252960205078,-1.031691227298504,2.6821920089536624,-4.9205703318186655,-4.976961818510871,-2.497683543251028,1.3407756197008585,-0.5388233926674424,4.777610721466489,-0.7904694235952467,1.014000042669288
44.0,299.0,143.7252960205078,-1.0316912220927543,2.6821914896662005,-4.920569976759285,-4.976962606485906,-2.497683985913448,1.3407754240837022,-0.5388228822651282,4.777611357721073,-0.7904693693155203,1.0140005658113491
44.0,299.0,143.72531127929688,-1.0316904975923222,2.6821910866831464,-4.920569599812396,-4.976963292795928,-2.4976830133718444,1.3407752714882912,-0.5388231372983521,4.777610816681618,-0.7904690032055655,1.0140000571835328
44.0,299.0,143.7252960205078,-1.0316904898698391,2.6821906606098374,-4.920569178361495,-4.976964245093932,-2.497683519548102,1.340775095655462,-0.5388226481076881,4.77761099131723,-0.790468829445417,1.014000492534162
44.0,299.0,143.7252960205078,-1.031690834108272,2.6821910396301663,-4.920570172065436,-4.976963250512115,-2.4976831171178526,1.3407754632296616,-0.5388229307167283,4.777610573381949,-0.7904690873099547,1.0140000958482809
44.0,299.0,143.7252960205078,-1.031691381384621,2.6821913393464385,-4.920569381408203,-4.976963270381432,-2.497683924294289,1.3407751802109082,-0.5388226210274478,4.777611215712534,-0.7904690158949546,1.0140008118083053
44.0,299.0,143.72531127929688,-1.0316907089286218,2.682191910545134,-4.920570163677582,-4.976962444794597,-2.497682739746727,1.340775764634312,-0.538823438075994,4.777610409643369,-0.7904691678640798,1.0139998394568517
44.0,299.0,143.7252960205078,-1.031691373056121,2.6821907311542725,-4.920570390446678,-4.9769633434599205,-2.4976838607679666,1.340775530691225,-0.5388225303703713,4.777610908075538,-0.7904692795272501,1.0140004068489166
44.0,299.0,143.7252960205078,-1.0316915089210754,2.682191585554184,-4.920569474937659,-4.976963446339423,-2.497683570522576,1.3407750233679758,-0.5388225928905932,4.7776110115991415,-0.7904688949066454,1.0140007648980711
44.0,299.0,143.72531127929688,-1.0316913525438007,2.6821915765204825,-4.920569776408965,-4.9769629778186815,-2.4976832502871185,1.340775483196558,-0.5388227467587869,4.777610486398082,-0.7904689534097766,1.0140004124691728
44.0,299.0,143.7252960205078,-1.031690381292642,2.682191519048299,-4.920570179411394,-4.976962916240299,-2.497682543610684,1.340775564556366,-0.5388234728270209,4.777610480240645,-0.790469046606729,1.0139997308290614
44.0,299.0,143.7252960205078,-1.0316915450335058,2.68219165162183,-4.92057050343503,-4.9769631710495625,-2.497683200381251,1.3407753971381542,-0.5388225139912608,4.777610599850714,-0.7904688853519124,1.0140006401332062
44.0,299.0,143.72531127929688,-1.0316905887804857,2.6821914262373925,-4.920569686811891,-4.976963407648607,-2.4976829246545416,1.3407754089863202,-0.5388230780582548,4.77761082317477,-0.7904688766671972,1.0140002431266542
44.0,299.0,143.7252960205078,-1.0316915670577105,2.682191183664216,-4.920569513796538,-4.976963304815523,-2.49768418038914,1.340775170119862,-0.5388224625018463,4.777611088865669,-0.7904689872679853,1.0140009140485056
44.0,299.0,143.7252960205078,-1.0316916335445607,2.6821914147274404,-4.9205697089886105,-4.976963286888132,-2.4976840947398324,1.340775355428292,-0.5388224433754214,4.7776112974715375,-0.7904690410379906,1.0140008669222231
44.0,299.0,143.72531127929688,-1.031691950696862,2.6821911665685327,-4.920570092539818,-4.976963279070834,-2.4976844886323315,1.340775351022902,-0.5388220576035341,4.777611345702846,-0.7904692782309173,1.0140012921094197
44.0,299.0,143.7252960205078,-1.031691533256533,2.6821915735977653,-4.920570194634275,-4.976962585769958,-2.497683898647214,1.3407755204178071,-0.5388225938882325,4.77761095494902,-0.7904692729939997,1.014000701464454
44.0,299.0,143.7252960205078,-1.0316914519372968,2.6821907593958363,-4.920570545394368,-4.976962851994406,-2.497683681874434,1.3407755958861864,-0.5388223647925274,4.7776107771207865,-0.7904692787546663,1.014000228416661
44.0,299.0,143.7252960205078,-1.0316912208771694,2.6821912725243653,-4.920569472298422,-4.976963116375362,-2.497683939674017,1.3407752768208496,-0.5388224426567074,4.777610756873939,-0.7904691557594061,1.01400084423957
44.0,299.0,143.72531127929688,-1.031690955515019,2.682191785535494,-4.920569830817617,-4.976963331651461,-2.497682655041912,1.3407752636030352,-0.538822922313348,4.777610541251162,-0.790468667136536,1.014000370879085
44.0,299.0,143.7252960205078,-1.031691226010336,2.6821915553158355,-4.920570030402106,-4.976962576804143,-2.4976826745853846,1.3407756512649938,-0.5388231360084248,4.777610600817429,-0.7904690671590417,1.013999847458508
44.0,299.0,143.72531127929688,-1.0316902433023434,2.682191666928798,-4.9205702201043255,-4.976962475888958,-2.49768217537404,1.3407757495611872,-0.538823706034198,4.7776101791529975,-0.79046896868992,1.0139992486796157
44.0,299.0,143.7252960205078,-1.0316906891958766,2.68219147469002,-4.920570117085319,-4.976962594967271,-2.4976829383841235,1.340775735259184,-0.5388233299191727,4.777610579470785,-0.7904691717593266,1.0139997333792303
44.0,299.0,143.7252960205078,-1.0316914821699452,2.6821912431408803,-4.920570336214334,-4.976962590050475,-2.497683568565169,1.3407756904572068,-0.5388227312083282,4.777611181905092,-0.7904694162573502,1.014000221533986
44.0,299.0,143.7252960205078,-1.0316909584643517,2.6821906627834045,-4.920569915711287,-4.976963512247674,-2.4976841394379807,1.3407751984005092,-0.5388227733465811,4.77761142874577,-0.7904692141989509,1.0140006545193128
44.0,299.0,143.7252960205078,-1.03169142958301,2.682191004271796,-4.9205693052219885,-4.97696367669675,-2.497683712144597,1.340775090535276,-0.538822364046859,4.777611133035688,-0.7904689702999548,1.0140008077320155
44.0,299.0,143.7252960205078,-1.031691640254004,2.682191926704678,-4.920569683853785,-4.976962554918854,-2.497683529435672,1.340775107031,-0.5388228103490285,4.7776111078985615,-0.79046908821865,1.0140006886128443
44.0,299.0,143.7252960205078,-1.0316914609897063,2.6821914412357337,-4.920570058932393,-4.976963040886922,-2.497684185494716,1.340775437172125,-0.5388225216045992,4.777611499101802,-0.7904692325574896,1.0140009469377702
44.0,299.0,143.7252960205078,-1.0316904702153646,2.6821914287294204,-4.920570201980144,-4.976962380626331,-2.497682708512403,1.3407757321403038,-0.5388234579011186,4.777610642297649,-0.7904692141708578,1.0139996952466293
44.0,299.0,143.7252960205078,-1.031690719090927,2.682191742245691,-4.920569878556556,-4.976962308201744,-2.497683085736269,1.3407755705211528,-0.5388233714040851,4.777610722883187,-0.790469167138018,1.0139999617801996
44.0,299.0,143.7252960205078,-1.031690814863095,2.6821908114683595,-4.920570346464027,-4.976963163620345,-2.4976835807269246,1.3407754209787033,-0.5388228462737388,4.777610686929606,-0.7904691790137637,1.0140001421211575
44.0,299.0,143.7252960205078,-1.0316914259846852,2.6821912852086207,-4.920570054996845,-4.976963457633112,-2.4976832608686217,1.3407754557399247,-0.5388225472923303,4.777610896462958,-0.7904690113327248,1.0140005069763325
44.0,299.0,143.7252960205078,-1.0316921648133115,2.6821918506268725,-4.920570108292457,-4.976962170891197,-2.4976842568485584,1.3407754078724654,-0.5388223777468681,4.777611180369714,-0.7904694682703086,1.014000922589422
44.0,299.0,143.7252960205078,-1.0316909269313372,2.682190705518658,-4.920569934073503,-4.976963070824039,-2.49768331415816,1.340775375522389,-0.5388230232604005,4.777610697293802,-0.7904691076651469,1.0139999664020136
